# fitpack15: fit parameters                                                                         
# CJ15 AV18 final data choices                                                                      
# Created on 02/07/2020 at 15:29:56                                                                 

 # QCD setup
  INS                           0
  NVL                          11
  IORD                          1
  Q02                   1.6899999999999999     
  IPARAMC                       7
  FLAVOR                4.0000000000000000     
  xmc                   1.3000000000000000     
  xmb                   4.5000000000000000     
  ncb                          12
  ihq                           1
  ias                           0

 # Theory corrections
  inuke                     10114
  itmc                          1
  iht                           2

 # fit parameters
 LAMBDA       0.22680        0.0000    
 a0uv          1.6561        0.0000    
 a1uv         0.53712       0.38424E-01
 a2uv          3.6105       0.15158E-01
 a3uv          0.0000        0.0000    
 a4uv          5.9044        1.2921    
 a5uv          0.0000        0.0000    
 a0dv          23.450        0.0000    
 a1dv          1.1502       0.44617E-01
 a2dv          6.7311       0.27570    
 a3dv         -3.4416       0.13943    
 a4dv          4.7296       0.22614    
 a5dv          0.0000        0.0000    
 a0ud         0.13835       0.55148E-02
 a1ud        -0.21346       0.42291E-02
 a2ud          8.9602       0.22660    
 a3ud          0.0000        0.0000    
 a4ud          18.072        1.8276    
 a5ud          0.0000        0.0000    
 a0du          35712.        0.0000    
 a1du          4.2088       0.13643    
 a2du          20.967        1.3202    
 a3du          17.000        0.0000    
 a4du          67.952        20.160    
 a0g           46.885        0.0000    
 a1g          0.60461       0.28840E-01
 a2g           5.6717       0.69868    
 a3g          -3.4408       0.11504    
 a4g           3.2844       0.24506    
 a5g           0.0000        0.0000    
 kappa        0.40000        0.0000    
 a6dv         0.27928E-02   0.23256E-02
 a7dv          2.0000        0.0000    
 off1        -0.22872       0.13653    
 off2          3.5448        1.6447    
 off3         -20.468        6.3253    
 off4          25.290        6.6921    
 ht1          -3.8346        1.0834    
 ht2           2.2252       0.22154    
 ht3          -2.1245       0.32141E-01
 ht4           2.6254       0.16941    
 dummy42       0.0000        0.0000    
 dummy43       0.0000        0.0000    
 dummy44       0.0000        0.0000    
 dummy45       0.0000        0.0000    
 dummy46       0.0000        0.0000    
 dummy47       0.0000        0.0000    
 dummy48       0.0000        0.0000    
 dummy49       0.0000        0.0000    
 bcdmsh2      0.97201       0.49533E-02
 bcdmsd2      0.99509       0.59385E-02
 ccfr          1.0000        0.0000    
 nutev         1.0000        0.0000    
 zeus         0.97998        0.0000    
 h1            1.0162        0.0000    
 e605          1.0319        0.0000    
 NmcH2         1.0091       0.72409E-02
 ntv_nu        1.0000        0.0000    
 ntv_nuba      1.0000        0.0000    
 cdf_jet      0.98910        0.0000    
 d0_jet       0.83504        0.0000    
 slac_p        1.0023       0.49939E-02
 slac_d        1.0036       0.54242E-02
 e866pp       0.99894       0.24767E-01
 e866pd       0.96078       0.20225E-01
 d0_gamje      1.0399       0.16646E-01
 h1b          0.97608        0.0000    
 jlab_p       0.98493       0.59083E-02
 jlab_d       0.97889       0.61200E-02
 blank         1.0000        0.0000    
 d0run2       0.95154       0.15446E-01
 cdfrun2      0.93632       0.17807E-01
 HERA_el       1.0000        0.0000    
 HERA_ps       1.0000        0.0000    
 CDF_Z        0.95641       0.69003E-02
 NmcRat        1.0000        0.0000    
 BNS_F2nd     0.94273       0.88099E-02
 HERMES_F     0.99572       0.57078E-02
 HERMES_F     0.97946       0.59212E-02
 END 0. 0.

 # Hessian matrix (Bevington alpha)
   0.48734736453079E+07 -0.11875229375304E+07  0.14433782305486E+06  0.53835998221998E+06 -0.13006261648535E+06  0.11845936068476E+05  0.70300589481495E+05  0.10228740155204E+07 -0.17845462704174E+06 -0.48290779000051E+05  0.66955299502878E+04  0.11226509601382E+05  0.12067197272130E+04 -0.61731792735843E+02  0.18390538539084E+05 -0.40385006917139E+04  0.23922941703438E+05  0.16350538298382E+05  0.69109834241539E+07 -0.64212226424736E+05 -0.27171400955022E+05 -0.12681424166540E+05 -0.63503999794859E+04 -0.20717505585366E+05 -0.11303022750667E+05 -0.26064514219718E+06 -0.10580599634474E+06 -0.13475421324837E+06 -0.57337937392288E+05 -0.57328257332567E+04 -0.86549654683995E+06 -0.11210836064462E+07 -0.21262754082908E+05 -0.48941769835010E+05 -0.32866223675157E+04 -0.19319017817767E+06 -0.21255176464635E+06 -0.89793518208613E+04 -0.31966900778679E+04 -0.20382320225390E+05  0.18493155542847E+05 -0.76972912957410E+05 -0.60774008505559E+05
  -0.11875229375304E+07  0.35442063515930E+06 -0.35548318643139E+05 -0.12187838365397E+06  0.31638426146263E+05  0.33308658831686E+04 -0.12731664593386E+05 -0.11768779436332E+06  0.23989996275567E+05  0.63665612780962E+04 -0.72412911578418E+03 -0.85523257109590E+03 -0.92052685171944E+02  0.79051144986129E+01 -0.28569634679996E+02  0.98473199229969E+02 -0.32662111303611E+03 -0.26728296756982E+03 -0.21588953624314E+07  0.15400730210866E+05  0.74231599380875E+04  0.38037132591805E+04  0.20482368713060E+04  0.92625788166992E+04  0.11611513065984E+05  0.75269288820399E+05  0.42217240760134E+05  0.16880579164658E+05  0.83978922959697E+04 -0.15779992334435E+03  0.20107812990999E+06  0.25271152080181E+06  0.57154178988357E+04  0.13361548740427E+05  0.42427442587920E+03  0.59076285945143E+05  0.64315289515839E+05  0.23326429969382E+04  0.74511642344464E+03 -0.20708862252183E+04 -0.23750210881638E+04  0.86817291198399E+04  0.73320382019447E+04
   0.14433782305486E+06 -0.35548318643139E+05  0.42977910812795E+04  0.15387112168622E+05 -0.38451651607319E+04  0.11589397138295E+03  0.19885034928963E+04  0.23356874215392E+05 -0.38802883270669E+04 -0.12833517201817E+04  0.15601536653428E+03  0.25863739617054E+03  0.30993169166042E+02 -0.19741708159469E+01  0.16628223168570E+02 -0.58670537522080E+02  0.13504179629385E+03  0.17534506161815E+03  0.20617319103980E+06 -0.18832025195478E+04 -0.80393560163841E+03 -0.37672342139908E+03 -0.18892849242933E+03 -0.63513988621812E+03 -0.44201621962926E+03 -0.77553657172249E+04 -0.31652653387721E+04 -0.38601929738854E+04 -0.16392529639393E+04 -0.23984615132931E+01 -0.25085322997934E+05 -0.32676387329237E+05 -0.63492632852571E+03 -0.14657310328851E+04 -0.84616901972120E+02 -0.57859155853387E+04 -0.63648198170270E+04 -0.26561405641346E+03 -0.94187432895673E+02 -0.13955855203601E+03  0.53725139108307E+03 -0.18980578000536E+04 -0.15295002162743E+04
   0.53835998221998E+06 -0.12187838365397E+06  0.15387112168622E+05  0.27806794552586E+06 -0.43128774347231E+05  0.50355317080799E+05  0.43129377751866E+05  0.33108696601827E+06 -0.31631660508620E+05 -0.15081408609555E+05  0.24672104869157E+04 -0.65233164791299E+03 -0.57969372579565E+02  0.24446638276526E+02  0.28727973362675E+05 -0.36628689011310E+04  0.30455678886997E+05  0.16972114986716E+05  0.13919159223653E+07 -0.17346782455989E+05 -0.67244725037876E+04 -0.27981620668727E+04 -0.12681438874549E+04 -0.11512472759350E+04  0.37098850259145E+04 -0.43368794043474E+05 -0.96666527708993E+04 -0.12387663669280E+05 -0.20622381179009E+05 -0.61638344175448E+02 -0.61871855096169E+05 -0.32261839033772E+06 -0.11232973111944E+04 -0.22559088622150E+04 -0.67757015838560E+02 -0.96947815844326E+04 -0.42827553062326E+05 -0.22008930643320E+04 -0.87368598444861E+03 -0.10081104625920E+05 -0.17938568990975E+05 -0.71511503765279E+04 -0.21285705852311E+05
  -0.13006261648535E+06  0.31638426146263E+05 -0.38451651607319E+04 -0.43128774347231E+05  0.81253458961482E+04 -0.52165278781197E+04 -0.63197633600802E+04 -0.28405557450243E+05  0.92613421265502E+03  0.18653365422247E+04 -0.23005369628882E+03 -0.31641166477923E+02 -0.35609609943638E+00 -0.18333349414173E+01 -0.23177647842388E+04  0.29877181705069E+03 -0.23266504432269E+04 -0.13046853644152E+04 -0.31688239863223E+06  0.32063628357498E+04  0.13926589681996E+04  0.62344052543139E+03  0.29560230280911E+03  0.56613804754293E+03  0.32858004853768E+03  0.96470401356070E+04  0.28141197271938E+04  0.19421043113226E+04  0.32983063625840E+04 -0.57127894794504E+02  0.11140039799987E+05  0.59548248294411E+05  0.28073089193227E+03  0.54147636655609E+03  0.87277162200474E+01  0.25214019165923E+04  0.10995994448382E+05  0.43024530705975E+03  0.16137941236376E+03  0.39646172233247E+03  0.28497603510507E+04  0.79569634874716E+03  0.24801777675622E+04
   0.11845936068476E+05  0.33308658831686E+04  0.11589397138295E+03  0.50355317080799E+05 -0.52165278781197E+04  0.14260739723097E+05  0.88308274182716E+04  0.94148673048552E+05 -0.10195838602225E+05 -0.36389181425369E+04  0.69167399372963E+03 -0.30129931548596E+03 -0.24763457227903E+02  0.76876347650543E+01  0.80854510341280E+04 -0.10602998534791E+04  0.87478441410476E+04  0.49660309996107E+04  0.48315712223063E+05 -0.20597182643446E+04 -0.51524869720713E+03 -0.11425091117022E+03 -0.18472926277709E+02  0.64550389665566E+03  0.26445619455268E+04 -0.20093979916775E+04  0.12103131843786E+04 -0.24544320073724E+04 -0.38104928510982E+04  0.12864684882472E+03 -0.83580540640819E+04 -0.40947527208531E+05  0.14238392379511E+01 -0.31976097423855E+02 -0.16447715227841E+02  0.18151168748505E+03  0.58225277542332E+03 -0.22796408684466E+03 -0.11506615046909E+03 -0.28746333404831E+04 -0.34835234322646E+04 -0.17195137293750E+04 -0.49622154034078E+04
   0.70300589481495E+05 -0.12731664593386E+05  0.19885034928963E+04  0.43129377751866E+05 -0.63197633600802E+04  0.88308274182716E+04  0.71678244567176E+04  0.50542195485459E+05 -0.36017404738367E+04 -0.25296170541119E+04  0.39024263637253E+03 -0.82405963395388E+02 -0.82648893623964E+01  0.37659903004302E+01  0.41202757025025E+04 -0.54920442117603E+03  0.42406887739207E+04  0.24383208706565E+04  0.16023098066269E+06 -0.24242143317081E+04 -0.87337271530910E+03 -0.32659368827906E+03 -0.13278573042077E+03  0.13957471950857E+03  0.12661163436664E+04 -0.52635684742666E+04 -0.37752441315787E+03 -0.22219831087256E+04 -0.35277612367743E+04  0.12286530997926E+03 -0.91759476517503E+04 -0.48051305578845E+05 -0.13188974626019E+03 -0.25979791929493E+03 -0.11693660981742E+02 -0.89819209134633E+03 -0.40951134029396E+04 -0.31485092958163E+03 -0.13346471643956E+03 -0.12332270961340E+04 -0.33140205944313E+04 -0.10612073064602E+04 -0.31841370717810E+04
   0.10228740155204E+07 -0.11768779436332E+06  0.23356874215392E+05  0.33108696601827E+06 -0.28405557450243E+05  0.94148673048552E+05  0.50542195485459E+05  0.57620543858589E+07 -0.25144318885061E+07 -0.89521486785486E+05  0.24658457795582E+05  0.22084972661479E+05  0.14645778627385E+04  0.56991709484352E+02  0.96235720721825E+05 -0.12789326891427E+05  0.12154964344977E+06  0.65149869127402E+05  0.43001233606129E+06 -0.37516702097099E+05 -0.71223348861672E+04 -0.18305530289956E+04 -0.59253125785835E+03  0.79954543298673E+04  0.47834372103315E+05 -0.31393498607121E+05  0.60844423544991E+04 -0.61043247736300E+05 -0.48448007507330E+05 -0.74492084454205E+05 -0.29820648155817E+06 -0.57238829774516E+06 -0.75033215452277E+05 -0.17176272704174E+06 -0.15145887621775E+04 -0.44932457933310E+04 -0.89630651978048E+04  0.10507631670859E+04  0.56307770585278E+03 -0.28402471444431E+06 -0.95047570788374E+04 -0.15245968159723E+06 -0.18382587405834E+06
  -0.17845462704174E+06  0.23989996275567E+05 -0.38802883270669E+04 -0.31631660508620E+05  0.92613421265502E+03 -0.10195838602225E+05 -0.36017404738367E+04 -0.25144318885061E+07  0.19404383286757E+07  0.19628481474734E+05 -0.61047794203698E+04 -0.45794780121990E+04 -0.24582224498025E+03 -0.85178272356559E+01  0.47351193826005E+05 -0.23252687167654E+04  0.17950327071428E+05  0.91211021757458E+04  0.92611670353117E+04  0.92147556420880E+04  0.14096681315315E+04  0.31358076078327E+03  0.94541475789401E+02 -0.18590597168568E+04 -0.11663156787214E+05  0.51053945922452E+04 -0.13777706325950E+04  0.10923319751238E+05  0.10260970263691E+05  0.25713181767267E+05  0.67347538606170E+05  0.12493931064122E+06  0.22884652267709E+05  0.52424260329164E+05  0.21839915219712E+03  0.56163160695214E+03  0.11206082732157E+04 -0.14676395168501E+04 -0.77366268711593E+03  0.11435919297805E+06  0.16744149481925E+04  0.46770114225315E+05  0.55896287452169E+05
  -0.48290779000051E+05  0.63665612780962E+04 -0.12833517201817E+04 -0.15081408609555E+05  0.18653365422247E+04 -0.36389181425369E+04 -0.25296170541119E+04 -0.89521486785486E+05  0.19628481474734E+05  0.24539804278575E+04 -0.53586807740110E+03 -0.52487659339618E+03 -0.45411670124791E+02 -0.73565072346513E+00 -0.40891586354795E+04  0.53963346761392E+03 -0.45718990342216E+04 -0.25908347471365E+04 -0.38804295932638E+05  0.11936813110952E+04  0.31088993652735E+03  0.97326194012996E+02  0.35201977606300E+02 -0.22633213282341E+03 -0.13173905493877E+04  0.17698791087093E+04 -0.12817146272918E+03  0.25492527911501E+04  0.17394755051465E+04  0.74687501267649E+03  0.10351813031223E+05  0.21133008086593E+05  0.14135526756233E+04  0.32005154526446E+04  0.43634371906049E+02  0.39443936594149E+03  0.76164713546430E+03  0.10182172728371E+03  0.47165078730954E+02  0.31099261038080E+04  0.45509774250464E+03  0.28467134858619E+04  0.35196022503655E+04
   0.66955299502878E+04 -0.72412911578418E+03  0.15601536653428E+03  0.24672104869157E+04 -0.23005369628882E+03  0.69167399372963E+03  0.39024263637253E+03  0.24658457795582E+05 -0.61047794203698E+04 -0.53586807740110E+03  0.13791455354068E+03  0.13649183960071E+03  0.97359550764677E+01  0.31126843113263E+00  0.11499173245504E+04 -0.13490617892524E+03  0.12310224902485E+04  0.66763625794141E+03  0.37507511123851E+04 -0.21190271930295E+03 -0.43607440871797E+02 -0.11626538739275E+02 -0.38099913156104E+01  0.46900765161556E+02  0.27407020164857E+03 -0.20170096206163E+03  0.36581399882144E+02 -0.38999222135477E+03 -0.29186267426880E+03 -0.32002044522900E+03 -0.17521746085064E+04 -0.34025903686299E+04 -0.37447224565457E+03 -0.85751166132575E+03 -0.10065404283042E+02 -0.29577867216566E+02 -0.59187939113305E+02 -0.70772727663542E+01 -0.36927011007500E+01 -0.10532833235127E+04 -0.60302756685306E+02 -0.76079656155500E+03 -0.92281676550571E+03
   0.11226509601382E+05 -0.85523257109590E+03  0.25863739617054E+03 -0.65233164791299E+03 -0.31641166477923E+02 -0.30129931548596E+03 -0.82405963395388E+02  0.22084972661479E+05 -0.45794780121990E+04 -0.52487659339618E+03  0.13649183960071E+03  0.91142429203984E+03  0.60792386417040E+02 -0.85028694180146E+00  0.11000614811245E+04 -0.16670382278319E+03  0.15722237513538E+04  0.89738567049256E+03  0.39765905380292E+04  0.19846263826510E+03  0.19467445093932E+02  0.14592198726517E+00 -0.63988176146323E+00  0.39950453015580E+02  0.25859196041741E+03 -0.47373750699223E+02  0.27272377934985E+02 -0.82199349823370E+03  0.17866054632624E-11 -0.50032843826450E+03 -0.38034579280652E+04 -0.34023402924985E-09 -0.16545642517273E+04 -0.44500568018849E+02 -0.58273030613127E+02 -0.84088246471862E-01 -0.67162980440364E-10 -0.12985245576424E+01 -0.56159638562027E+00  0.20371381779284E+03  0.23665846098648E+03 -0.20494108649967E+04  0.74625534613760E-10
   0.12067197272130E+04 -0.92052685171944E+02  0.30993169166042E+02 -0.57969372579565E+02 -0.35609609943638E+00 -0.24763457227903E+02 -0.82648893623964E+01  0.14645778627385E+04 -0.24582224498025E+03 -0.45411670124791E+02  0.97359550764677E+01  0.60792386417040E+02  0.53891632377072E+01 -0.82163299396905E-01  0.65503039536333E+02 -0.11736930097566E+02  0.10052880235242E+03  0.61577688626682E+02  0.23518732541273E+03  0.10464796676905E+02  0.13800895044794E+01  0.13916773938209E-01 -0.64186504887461E-01  0.45046974745830E+01  0.26070665538528E+02 -0.78615808760947E+01  0.37619711611995E+01 -0.11617325101868E+03 -0.38725449402477E-11 -0.19788536330665E+02 -0.43194960737581E+03  0.53668675117395E-10 -0.10307889667358E+03 -0.11257611606884E+02 -0.46615140187294E+01 -0.60050828052898E-01 -0.54792013225721E-11 -0.13281609754124E+00 -0.52414072066581E-01  0.20110165948166E+02  0.51560523108382E+02 -0.14771047876772E+03  0.16804963514447E-11
  -0.61731792735843E+02  0.79051144986129E+01 -0.19741708159469E+01  0.24446638276526E+02 -0.18333349414173E+01  0.76876347650543E+01  0.37659903004302E+01  0.56991709484352E+02 -0.85178272356559E+01 -0.73565072346513E+00  0.31126843113263E+00 -0.85028694180146E+00 -0.82163299396905E-01  0.19736926090575E-01  0.86069918462762E+01 -0.58571995244102E+00  0.56892594486208E+01  0.25529204076285E+01  0.19960138721950E+02  0.87600524201972E+00 -0.34491796378782E-01 -0.13738530817476E-01 -0.45895195167376E-02 -0.49035169650127E-02  0.46442223262638E-02 -0.71433774780850E-03 -0.12686114125508E-01  0.36852093586931E-01 -0.34654703435356E-12 -0.33226029478662E+01 -0.19830268377439E+00  0.14021751920303E-11 -0.12283146928780E+01 -0.40944583212823E-06 -0.70491800982785E-01  0.00000000000000E+00 -0.30259951384762E-13 -0.85553718911804E-03 -0.47641138047495E-03 -0.14472972013483E+01  0.43569251859499E-06 -0.12332888174217E+01 -0.27022369518885E-13
   0.18390538539084E+05 -0.28569634679996E+02  0.16628223168570E+02  0.28727973362675E+05 -0.23177647842388E+04  0.80854510341280E+04  0.41202757025025E+04  0.96235720721825E+05  0.47351193826005E+05 -0.40891586354795E+04  0.11499173245504E+04  0.11000614811245E+04  0.65503039536333E+02  0.86069918462762E+01  0.52796106429355E+05 -0.53034502467986E+04  0.48129117209484E+05  0.25407677310893E+05  0.45062604648270E+05  0.33632109699172E+02  0.60121036889713E+02  0.29496509779789E+02  0.13572114690541E+02 -0.57967221805594E+00 -0.83348602751850E+02  0.93744669144363E+03  0.10495156887936E+03 -0.31871840513638E+04 -0.20639032300060E+04 -0.25092007957326E+04  0.17910631580934E+04  0.41961441320525E+04 -0.14861466088636E+04 -0.30945857613131E+04 -0.75452803528865E+03  0.41707994886965E+03  0.70897168907408E+03 -0.32582201435299E+04 -0.16748941982959E+04 -0.20601429193807E+04  0.24077380228556E+03 -0.10335976037845E+04 -0.11691220053400E+04
  -0.40385006917139E+04  0.98473199229969E+02 -0.58670537522080E+02 -0.36628689011310E+04  0.29877181705069E+03 -0.10602998534791E+04 -0.54920442117603E+03 -0.12789326891427E+05 -0.23252687167654E+04  0.53963346761392E+03 -0.13490617892524E+03 -0.16670382278319E+03 -0.11736930097566E+02 -0.58571995244102E+00 -0.53034502467986E+04  0.62545764907364E+03 -0.55602566956097E+04 -0.30487987048333E+04 -0.52583755798205E+04  0.11559308871187E+02 -0.84540762301378E+01 -0.56027238614036E+01 -0.29362350305534E+01 -0.13493735487589E+02 -0.44116407555686E+02 -0.19968371065554E+03 -0.44615490081799E+02  0.63335205290643E+03  0.39607512232816E+03  0.30331223108175E+03 -0.93470189704938E+02 -0.41581060824366E+03  0.16898673321327E+03  0.34850151586700E+03  0.90017075319103E+02 -0.11347707223053E+03 -0.18987118186003E+03  0.55052975627512E+03  0.26149973411896E+03 -0.42958498697148E+03 -0.42350264240492E+02  0.30044189976229E+03  0.33859405398941E+03
   0.23922941703438E+05 -0.32662111303611E+03  0.13504179629385E+03  0.30455678886997E+05 -0.23266504432269E+04  0.87478441410476E+04  0.42406887739207E+04  0.12154964344977E+06  0.17950327071428E+05 -0.45718990342216E+04  0.12310224902485E+04  0.15722237513538E+04  0.10052880235242E+03  0.56892594486208E+01  0.48129117209484E+05 -0.55602566956097E+04  0.50865960520722E+05  0.27555342222103E+05  0.49535162132432E+05  0.18554330035881E+02  0.79829723473874E+02  0.33777859414432E+02  0.12684916153849E+02 -0.98376995345662E+02 -0.32562554106352E+03  0.98812478796451E+03 -0.13602964210643E+03 -0.39538750769248E+04 -0.24964999662692E+04 -0.32012163136208E+04  0.28965499537151E+04  0.66695550005971E+04 -0.15396122132397E+04 -0.32242060619544E+04 -0.81724668181739E+03  0.13562228285497E+03  0.26565573933414E+03 -0.37046868977766E+04 -0.19658812022619E+04  0.23929040938090E+04  0.43579641298458E+03 -0.24740424444688E+04 -0.27469671550335E+04
   0.16350538298382E+05 -0.26728296756982E+03  0.17534506161815E+03  0.16972114986716E+05 -0.13046853644152E+04  0.49660309996107E+04  0.24383208706565E+04  0.65149869127402E+05  0.91211021757458E+04 -0.25908347471365E+04  0.66763625794141E+03  0.89738567049256E+03  0.61577688626682E+02  0.25529204076285E+01  0.25407677310893E+05 -0.30487987048333E+04  0.27555342222103E+05  0.15115034797188E+05  0.26424004012633E+05 -0.19737676802992E+02  0.47580213682066E+02  0.23665533275786E+02  0.10068210843133E+02 -0.23746049723717E+02 -0.46101114153773E+02  0.75493846424354E+03 -0.13926569253010E+02 -0.27436417358367E+04 -0.16993438283621E+04 -0.15981876554764E+04  0.12694119992725E+04  0.35048534747232E+04 -0.78892496810750E+03 -0.16486728065911E+04 -0.45195721926242E+03  0.19663234153509E+03  0.35380610937473E+03 -0.24153257436633E+04 -0.12245773719100E+04  0.22693931539644E+04  0.28612090408786E+03 -0.16531992839172E+04 -0.18398760262227E+04
   0.69109834241539E+07 -0.21588953624314E+07  0.20617319103980E+06  0.13919159223653E+07 -0.31688239863223E+06  0.48315712223063E+05  0.16023098066269E+06  0.43001233606129E+06  0.92611670353117E+04 -0.38804295932638E+05  0.37507511123851E+04  0.39765905380292E+04  0.23518732541273E+03  0.19960138721950E+02  0.45062604648270E+05 -0.52583755798205E+04  0.49535162132432E+05  0.26424004012633E+05  0.20119472710240E+08 -0.15209873481260E+06 -0.77453756919002E+05 -0.40414856861807E+05 -0.21955855279086E+05 -0.70344167011057E+05 -0.93935959742532E+05 -0.55471712329628E+06 -0.31411593004664E+06 -0.32521927271209E+05 -0.73532064159814E+05  0.10498864531477E+04 -0.51105752104241E+06 -0.25032069814366E+07 -0.15141519909868E+05 -0.30323412654225E+05 -0.20119268960585E+03 -0.16209071346143E+06 -0.69162121556710E+06 -0.22323252331844E+05 -0.70821349166974E+04  0.17558361347982E+05 -0.48008885909188E+05 -0.19175268355373E+05 -0.60242107651926E+05
  -0.64212226424736E+05  0.15400730210866E+05 -0.18832025195478E+04 -0.17346782455989E+05  0.32063628357498E+04 -0.20597182643446E+04 -0.24242143317081E+04 -0.37516702097099E+05  0.92147556420880E+04  0.11936813110952E+04 -0.21190271930295E+03  0.19846263826510E+03  0.10464796676905E+02  0.87600524201972E+00  0.33632109699172E+02  0.11559308871187E+02  0.18554330035881E+02 -0.19737676802992E+02 -0.15209873481260E+06  0.29322324130329E+04  0.95993971069546E+03  0.40811172716241E+03  0.19699922832974E+03  0.26278886834643E+03 -0.28430333650840E+03  0.46775328459725E+04  0.17302782052276E+04  0.00000000000000E+00  0.25788992961775E+04  0.00000000000000E+00  0.00000000000000E+00  0.40612281823668E+05  0.00000000000000E+00  0.00000000000000E+00  0.00000000000000E+00  0.00000000000000E+00  0.56785469272771E+04  0.00000000000000E+00  0.00000000000000E+00  0.00000000000000E+00 -0.18544810082249E+04  0.00000000000000E+00  0.42326198062487E+04
  -0.27171400955022E+05  0.74231599380875E+04 -0.80393560163841E+03 -0.67244725037876E+04  0.13926589681996E+04 -0.51524869720713E+03 -0.87337271530910E+03 -0.71223348861672E+04  0.14096681315315E+04  0.31088993652735E+03 -0.43607440871797E+02  0.19467445093932E+02  0.13800895044794E+01 -0.34491796378782E-01  0.60121036889713E+02 -0.84540762301378E+01  0.79829723473874E+02  0.47580213682066E+02 -0.77453756919002E+05  0.95993971069546E+03  0.40507802274031E+03  0.19190464863823E+03  0.98697910593191E+02  0.20061754114917E+03  0.13463555982230E+03  0.21764843765841E+04  0.10248112900349E+04  0.00000000000000E+00  0.66773995587455E+03  0.00000000000000E+00  0.00000000000000E+00  0.15024654141298E+05  0.00000000000000E+00  0.00000000000000E+00  0.00000000000000E+00  0.00000000000000E+00  0.28454373921242E+04  0.00000000000000E+00  0.00000000000000E+00  0.00000000000000E+00 -0.52944322664710E+03  0.00000000000000E+00  0.87462285167212E+03
  -0.12681424166540E+05  0.38037132591805E+04 -0.37672342139908E+03 -0.27981620668727E+04  0.62344052543139E+03 -0.11425091117022E+03 -0.32659368827906E+03 -0.18305530289956E+04  0.31358076078327E+03  0.97326194012996E+02 -0.11626538739275E+02  0.14592198726517E+00  0.13916773938209E-01 -0.13738530817476E-01  0.29496509779789E+02 -0.56027238614036E+01  0.33777859414432E+02  0.23665533275786E+02 -0.40414856861807E+05  0.40811172716241E+03  0.19190464863823E+03  0.97231994381553E+02  0.52355926270850E+02  0.12590039926214E+03  0.13501607072058E+03  0.10803716758121E+04  0.60194784576422E+03  0.00000000000000E+00  0.19452630709866E+03  0.00000000000000E+00  0.00000000000000E+00  0.64332343050421E+04  0.00000000000000E+00  0.00000000000000E+00  0.00000000000000E+00  0.00000000000000E+00  0.14627095314074E+04  0.00000000000000E+00  0.00000000000000E+00  0.00000000000000E+00 -0.17016894071004E+03  0.00000000000000E+00  0.25717217284537E+03
  -0.63503999794859E+04  0.20482368713060E+04 -0.18892849242933E+03 -0.12681438874549E+04  0.29560230280911E+03 -0.18472926277709E+02 -0.13278573042077E+03 -0.59253125785835E+03  0.94541475789401E+02  0.35201977606300E+02 -0.38099913156104E+01 -0.63988176146323E+00 -0.64186504887461E-01 -0.45895195167376E-02  0.13572114690541E+02 -0.29362350305534E+01  0.12684916153849E+02  0.10068210843133E+02 -0.21955855279086E+05  0.19699922832974E+03  0.98697910593191E+02  0.52355926270850E+02  0.29170937832521E+02  0.76006552051834E+02  0.90672365962917E+02  0.56612258634328E+03  0.35788997347672E+03  0.00000000000000E+00  0.59351346210648E+02  0.00000000000000E+00  0.00000000000000E+00  0.30564991931945E+04  0.00000000000000E+00  0.00000000000000E+00  0.00000000000000E+00  0.00000000000000E+00  0.76985838438026E+03  0.00000000000000E+00  0.00000000000000E+00  0.00000000000000E+00 -0.57578251226066E+02  0.00000000000000E+00  0.94761536675225E+02
  -0.20717505585366E+05  0.92625788166992E+04 -0.63513988621812E+03 -0.11512472759350E+04  0.56613804754293E+03  0.64550389665566E+03  0.13957471950857E+03  0.79954543298673E+04 -0.18590597168568E+04 -0.22633213282341E+03  0.46900765161556E+02  0.39950453015580E+02  0.45046974745830E+01 -0.49035169650127E-02 -0.57967221805594E+00 -0.13493735487589E+02 -0.98376995345662E+02 -0.23746049723717E+02 -0.70344167011057E+05  0.26278886834643E+03  0.20061754114917E+03  0.12590039926214E+03  0.76006552051834E+02  0.48959062789810E+03  0.92967204493358E+03  0.22643464107319E+04  0.19337597810408E+04 -0.76566489973094E+02 -0.46627291244663E+02  0.25401976439301E+00  0.12499411442248E+04  0.20326734129068E+04  0.00000000000000E+00  0.00000000000000E+00  0.00000000000000E+00  0.20775323225256E+04  0.33263327042603E+04  0.00000000000000E+00  0.00000000000000E+00  0.00000000000000E+00 -0.18242731360247E+03 -0.37716624520202E+03 -0.41391010690759E+03
  -0.11303022750667E+05  0.11611513065984E+05 -0.44201621962926E+03  0.37098850259145E+04  0.32858004853768E+03  0.26445619455268E+04  0.12661163436664E+04  0.47834372103315E+05 -0.11663156787214E+05 -0.13173905493877E+04  0.27407020164857E+03  0.25859196041741E+03  0.26070665538528E+02  0.46442223262638E-02 -0.83348602751850E+02 -0.44116407555686E+02 -0.32562554106352E+03 -0.46101114153773E+02 -0.93935959742532E+05 -0.28430333650840E+03  0.13463555982230E+03  0.13501607072058E+03  0.90672365962917E+02  0.92967204493358E+03  0.26454495839012E+04  0.25749154351521E+04  0.28089008815010E+04 -0.23035439984583E+03 -0.16685316631650E+03 -0.75257637582992E+02 -0.60243340900269E+04 -0.10342122084015E+05  0.00000000000000E+00  0.00000000000000E+00  0.00000000000000E+00  0.33864307124110E+04  0.53170035189818E+04  0.00000000000000E+00  0.00000000000000E+00  0.00000000000000E+00 -0.73451696981543E+03 -0.25420756161007E+04 -0.27909210195775E+04
  -0.26064514219718E+06  0.75269288820399E+05 -0.77553657172249E+04 -0.43368794043474E+05  0.96470401356070E+04 -0.20093979916775E+04 -0.52635684742666E+04 -0.31393498607121E+05  0.51053945922452E+04  0.17698791087093E+04 -0.20170096206163E+03 -0.47373750699223E+02 -0.78615808760947E+01 -0.71433774780850E-03  0.93744669144363E+03 -0.19968371065554E+03  0.98812478796451E+03  0.75493846424354E+03 -0.55471712329628E+06  0.46775328459725E+04  0.21764843765841E+04  0.10803716758121E+04  0.56612258634328E+03  0.22643464107319E+04  0.25749154351521E+04  0.22022047297851E+05  0.10382527182966E+05  0.24899334351166E+03  0.18677179734791E+03 -0.62967358920270E+00  0.39972884517668E+05  0.79160370904327E+05  0.00000000000000E+00  0.00000000000000E+00  0.00000000000000E+00  0.15229769458461E+05  0.24493062912209E+05  0.00000000000000E+00  0.00000000000000E+00  0.00000000000000E+00  0.17239673696968E+04  0.17490718869465E+04  0.21291812493079E+04
  -0.10580599634474E+06  0.42217240760134E+05 -0.31652653387721E+04 -0.96666527708993E+04  0.28141197271938E+04  0.12103131843786E+04 -0.37752441315787E+03  0.60844423544991E+04 -0.13777706325950E+04 -0.12817146272918E+03  0.36581399882144E+02  0.27272377934985E+02  0.37619711611995E+01 -0.12686114125508E-01  0.10495156887936E+03 -0.44615490081799E+02 -0.13602964210643E+03 -0.13926569253010E+02 -0.31411593004664E+06  0.17302782052276E+04  0.10248112900349E+04  0.60194784576422E+03  0.35788997347672E+03  0.19337597810408E+04  0.28089008815010E+04  0.10382527182966E+05  0.86167051211333E+04 -0.22418846500924E+03 -0.12070448723136E+03  0.12462018849716E+02  0.12638275822118E+05  0.21157450465024E+05  0.00000000000000E+00  0.00000000000000E+00  0.00000000000000E+00  0.80106574399066E+04  0.13090916262548E+05  0.00000000000000E+00  0.00000000000000E+00  0.00000000000000E+00 -0.27647000162910E+03 -0.16262713574187E+03 -0.16409834887783E+03
  -0.13475421324837E+06  0.16880579164658E+05 -0.38601929738854E+04 -0.12387663669280E+05  0.19421043113226E+04 -0.24544320073724E+04 -0.22219831087256E+04 -0.61043247736300E+05  0.10923319751238E+05  0.25492527911501E+04 -0.38999222135477E+03 -0.82199349823370E+03 -0.11617325101868E+03  0.36852093586931E-01 -0.31871840513638E+04  0.63335205290643E+03 -0.39538750769248E+04 -0.27436417358367E+04 -0.32521927271209E+05  0.00000000000000E+00  0.00000000000000E+00  0.00000000000000E+00  0.00000000000000E+00 -0.76566489973094E+02 -0.23035439984583E+03  0.24899334351166E+03 -0.22418846500924E+03  0.11647933396271E+06  0.00000000000000E+00  0.00000000000000E+00  0.00000000000000E+00  0.00000000000000E+00  0.00000000000000E+00  0.00000000000000E+00  0.00000000000000E+00  0.00000000000000E+00  0.00000000000000E+00  0.00000000000000E+00  0.00000000000000E+00  0.00000000000000E+00  0.00000000000000E+00  0.00000000000000E+00  0.00000000000000E+00
  -0.57337937392288E+05  0.83978922959697E+04 -0.16392529639393E+04 -0.20622381179009E+05  0.32983063625840E+04 -0.38104928510982E+04 -0.35277612367743E+04 -0.48448007507330E+05  0.10260970263691E+05  0.17394755051465E+04 -0.29186267426880E+03  0.17866054632624E-11 -0.38725449402477E-11 -0.34654703435356E-12 -0.20639032300060E+04  0.39607512232816E+03 -0.24964999662692E+04 -0.16993438283621E+04 -0.73532064159814E+05  0.25788992961775E+04  0.66773995587455E+03  0.19452630709866E+03  0.59351346210648E+02 -0.46627291244663E+02 -0.16685316631650E+03  0.18677179734791E+03 -0.12070448723136E+03  0.00000000000000E+00  0.64358564463804E+05  0.00000000000000E+00  0.00000000000000E+00  0.00000000000000E+00  0.00000000000000E+00  0.00000000000000E+00  0.00000000000000E+00  0.00000000000000E+00  0.00000000000000E+00  0.00000000000000E+00  0.00000000000000E+00  0.00000000000000E+00  0.00000000000000E+00  0.00000000000000E+00  0.00000000000000E+00
  -0.57328257332567E+04 -0.15779992334435E+03 -0.23984615132931E+01 -0.61638344175448E+02 -0.57127894794504E+02  0.12864684882472E+03  0.12286530997926E+03 -0.74492084454205E+05  0.25713181767267E+05  0.74687501267649E+03 -0.32002044522900E+03 -0.50032843826450E+03 -0.19788536330665E+02 -0.33226029478662E+01 -0.25092007957326E+04  0.30331223108175E+03 -0.32012163136208E+04 -0.15981876554764E+04  0.10498864531477E+04  0.00000000000000E+00  0.00000000000000E+00  0.00000000000000E+00  0.00000000000000E+00  0.25401976439301E+00 -0.75257637582992E+02 -0.62967358920270E+00  0.12462018849716E+02  0.00000000000000E+00  0.00000000000000E+00  0.30661501818903E+05  0.00000000000000E+00  0.00000000000000E+00  0.00000000000000E+00  0.00000000000000E+00  0.00000000000000E+00  0.00000000000000E+00  0.00000000000000E+00  0.00000000000000E+00  0.00000000000000E+00  0.00000000000000E+00  0.00000000000000E+00  0.00000000000000E+00  0.00000000000000E+00
  -0.86549654683995E+06  0.20107812990999E+06 -0.25085322997934E+05 -0.61871855096169E+05  0.11140039799987E+05 -0.83580540640819E+04 -0.91759476517503E+04 -0.29820648155817E+06  0.67347538606170E+05  0.10351813031223E+05 -0.17521746085064E+04 -0.38034579280652E+04 -0.43194960737581E+03 -0.19830268377439E+00  0.17910631580934E+04 -0.93470189704938E+02  0.28965499537151E+04  0.12694119992725E+04 -0.51105752104241E+06  0.00000000000000E+00  0.00000000000000E+00  0.00000000000000E+00  0.00000000000000E+00  0.12499411442248E+04 -0.60243340900269E+04  0.39972884517668E+05  0.12638275822118E+05  0.00000000000000E+00  0.00000000000000E+00  0.00000000000000E+00  0.58030936855640E+06  0.00000000000000E+00  0.00000000000000E+00  0.00000000000000E+00  0.00000000000000E+00  0.00000000000000E+00  0.00000000000000E+00  0.00000000000000E+00  0.00000000000000E+00  0.00000000000000E+00  0.00000000000000E+00  0.00000000000000E+00  0.00000000000000E+00
  -0.11210836064462E+07  0.25271152080181E+06 -0.32676387329237E+05 -0.32261839033772E+06  0.59548248294411E+05 -0.40947527208531E+05 -0.48051305578845E+05 -0.57238829774516E+06  0.12493931064122E+06  0.21133008086593E+05 -0.34025903686299E+04 -0.34023402924985E-09  0.53668675117395E-10  0.14021751920303E-11  0.41961441320525E+04 -0.41581060824366E+03  0.66695550005971E+04  0.35048534747232E+04 -0.25032069814366E+07  0.40612281823668E+05  0.15024654141298E+05  0.64332343050421E+04  0.30564991931945E+04  0.20326734129068E+04 -0.10342122084015E+05  0.79160370904327E+05  0.21157450465024E+05  0.00000000000000E+00  0.00000000000000E+00  0.00000000000000E+00  0.00000000000000E+00  0.91922104743333E+06  0.00000000000000E+00  0.00000000000000E+00  0.00000000000000E+00  0.00000000000000E+00  0.00000000000000E+00  0.00000000000000E+00  0.00000000000000E+00  0.00000000000000E+00  0.00000000000000E+00  0.00000000000000E+00  0.00000000000000E+00
  -0.21262754082908E+05  0.57154178988357E+04 -0.63492632852571E+03 -0.11232973111944E+04  0.28073089193227E+03  0.14238392379511E+01 -0.13188974626019E+03 -0.75033215452277E+05  0.22884652267709E+05  0.14135526756233E+04 -0.37447224565457E+03 -0.16545642517273E+04 -0.10307889667358E+03 -0.12283146928780E+01 -0.14861466088636E+04  0.16898673321327E+03 -0.15396122132397E+04 -0.78892496810750E+03 -0.15141519909868E+05  0.00000000000000E+00  0.00000000000000E+00  0.00000000000000E+00  0.00000000000000E+00  0.00000000000000E+00  0.00000000000000E+00  0.00000000000000E+00  0.00000000000000E+00  0.00000000000000E+00  0.00000000000000E+00  0.00000000000000E+00  0.00000000000000E+00  0.00000000000000E+00  0.13823556263671E+05  0.00000000000000E+00  0.00000000000000E+00  0.00000000000000E+00  0.00000000000000E+00  0.00000000000000E+00  0.00000000000000E+00  0.00000000000000E+00  0.00000000000000E+00  0.00000000000000E+00  0.00000000000000E+00
  -0.48941769835010E+05  0.13361548740427E+05 -0.14657310328851E+04 -0.22559088622150E+04  0.54147636655609E+03 -0.31976097423855E+02 -0.25979791929493E+03 -0.17176272704174E+06  0.52424260329164E+05  0.32005154526446E+04 -0.85751166132575E+03 -0.44500568018849E+02 -0.11257611606884E+02 -0.40944583212823E-06 -0.30945857613131E+04  0.34850151586700E+03 -0.32242060619544E+04 -0.16486728065911E+04 -0.30323412654225E+05  0.00000000000000E+00  0.00000000000000E+00  0.00000000000000E+00  0.00000000000000E+00  0.00000000000000E+00  0.00000000000000E+00  0.00000000000000E+00  0.00000000000000E+00  0.00000000000000E+00  0.00000000000000E+00  0.00000000000000E+00  0.00000000000000E+00  0.00000000000000E+00  0.00000000000000E+00  0.31982209238309E+05  0.00000000000000E+00  0.00000000000000E+00  0.00000000000000E+00  0.00000000000000E+00  0.00000000000000E+00  0.00000000000000E+00  0.00000000000000E+00  0.00000000000000E+00  0.00000000000000E+00
  -0.32866223675157E+04  0.42427442587920E+03 -0.84616901972120E+02 -0.67757015838560E+02  0.87277162200474E+01 -0.16447715227841E+02 -0.11693660981742E+02 -0.15145887621775E+04  0.21839915219712E+03  0.43634371906049E+02 -0.10065404283042E+02 -0.58273030613127E+02 -0.46615140187294E+01 -0.70491800982785E-01 -0.75452803528865E+03  0.90017075319103E+02 -0.81724668181739E+03 -0.45195721926242E+03 -0.20119268960585E+03  0.00000000000000E+00  0.00000000000000E+00  0.00000000000000E+00  0.00000000000000E+00  0.00000000000000E+00  0.00000000000000E+00  0.00000000000000E+00  0.00000000000000E+00  0.00000000000000E+00  0.00000000000000E+00  0.00000000000000E+00  0.00000000000000E+00  0.00000000000000E+00  0.00000000000000E+00  0.00000000000000E+00  0.37799404601419E+04  0.00000000000000E+00  0.00000000000000E+00  0.00000000000000E+00  0.00000000000000E+00  0.00000000000000E+00  0.00000000000000E+00  0.00000000000000E+00  0.00000000000000E+00
  -0.19319017817767E+06  0.59076285945143E+05 -0.57859155853387E+04 -0.96947815844326E+04  0.25214019165923E+04  0.18151168748505E+03 -0.89819209134633E+03 -0.44932457933310E+04  0.56163160695214E+03  0.39443936594149E+03 -0.29577867216566E+02 -0.84088246471862E-01 -0.60050828052898E-01  0.00000000000000E+00  0.41707994886965E+03 -0.11347707223053E+03  0.13562228285497E+03  0.19663234153509E+03 -0.16209071346143E+06  0.00000000000000E+00  0.00000000000000E+00  0.00000000000000E+00  0.00000000000000E+00  0.20775323225256E+04  0.33864307124110E+04  0.15229769458461E+05  0.80106574399066E+04  0.00000000000000E+00  0.00000000000000E+00  0.00000000000000E+00  0.00000000000000E+00  0.00000000000000E+00  0.00000000000000E+00  0.00000000000000E+00  0.00000000000000E+00  0.10744693544785E+06  0.00000000000000E+00  0.00000000000000E+00  0.00000000000000E+00  0.00000000000000E+00  0.00000000000000E+00  0.00000000000000E+00  0.00000000000000E+00
  -0.21255176464635E+06  0.64315289515839E+05 -0.63648198170270E+04 -0.42827553062326E+05  0.10995994448382E+05  0.58225277542332E+03 -0.40951134029396E+04 -0.89630651978048E+04  0.11206082732157E+04  0.76164713546430E+03 -0.59187939113305E+02 -0.67162980440364E-10 -0.54792013225721E-11 -0.30259951384762E-13  0.70897168907408E+03 -0.18987118186003E+03  0.26565573933414E+03  0.35380610937473E+03 -0.69162121556710E+06  0.56785469272771E+04  0.28454373921242E+04  0.14627095314074E+04  0.76985838438026E+03  0.33263327042603E+04  0.53170035189818E+04  0.24493062912209E+05  0.13090916262548E+05  0.00000000000000E+00  0.00000000000000E+00  0.00000000000000E+00  0.00000000000000E+00  0.00000000000000E+00  0.00000000000000E+00  0.00000000000000E+00  0.00000000000000E+00  0.00000000000000E+00  0.13792668610167E+06  0.00000000000000E+00  0.00000000000000E+00  0.00000000000000E+00  0.00000000000000E+00  0.00000000000000E+00  0.00000000000000E+00
