# fitpack15: fit parameters                                                                         
# CJ15 AV18 final data choices                                                                      
# Created on 05/24/2020 at 16:10:01                                                                 

 # QCD setup
  INS                           0
  NVL                          11
  IORD                          1
  Q02                   1.6899999999999999     
  IPARAMC                       7
  FLAVOR                4.0000000000000000     
  xmc                   1.3000000000000000     
  xmb                   4.5000000000000000     
  ncb                          12
  ihq                           1
  ias                           0

 # Theory corrections
  inuke                     10114
  itmc                          1
  iht                           2

 # fit parameters
 LAMBDA       0.22680        0.0000    
 a0uv          1.8085        0.0000    
 a1uv         0.55376       0.25491E-01
 a2uv          3.6036       0.12127E-01
 a3uv          0.0000        0.0000    
 a4uv          5.2333       0.75761    
 a5uv          0.0000        0.0000    
 a0dv          25.030        0.0000    
 a1dv          1.1640       0.34467E-01
 a2dv          6.5564       0.18073    
 a3dv         -3.4795       0.98477E-01
 a4dv          4.6170       0.15099    
 a5dv          0.0000        0.0000    
 a0ud         0.14158       0.49860E-02
 a1ud        -0.21112       0.38217E-02
 a2ud          8.7099       0.19792    
 a3ud          0.0000        0.0000    
 a4ud          16.432        1.3744    
 a5ud          0.0000        0.0000    
 a0du          35712.        0.0000    
 a1du          4.2254       0.12568    
 a2du          20.945        1.2670    
 a3du          17.000        0.0000    
 a4du          60.030        14.916    
 a0g           45.059        0.0000    
 a1g          0.60063       0.28233E-01
 a2g           5.6828       0.75551    
 a3g          -3.3726       0.11579    
 a4g           3.1722       0.24140    
 a5g           0.0000        0.0000    
 kappa        0.40000        0.0000    
 a6dv        -0.32914E-02   0.72714E-03
 a7dv          2.0000        0.0000    
 off1        -0.39583E-01   0.12053    
 off2         -1.5794       0.75652    
 off3          3.2707        1.0858    
 ht1          -4.4205        1.2125    
 ht2           2.3311       0.22006    
 ht3          -2.1240       0.31677E-01
 ht4           2.7218       0.16349    
 dummy41       0.0000        0.0000    
 dummy42       0.0000        0.0000    
 dummy43       0.0000        0.0000    
 dummy44       0.0000        0.0000    
 dummy45       0.0000        0.0000    
 dummy46       0.0000        0.0000    
 dummy47       0.0000        0.0000    
 dummy48       0.0000        0.0000    
 dummy49       0.0000        0.0000    
 bcdmsh2      0.97057       0.49115E-02
 bcdmsd2      0.99385       0.59128E-02
 ccfr          1.0000        0.0000    
 nutev         1.0000        0.0000    
 zeus         0.97998        0.0000    
 h1            1.0162        0.0000    
 e605          1.0319        0.0000    
 NmcH2         1.0073       0.71634E-02
 ntv_nu        1.0000        0.0000    
 ntv_nuba      1.0000        0.0000    
 cdf_jet      0.98910        0.0000    
 d0_jet       0.83504        0.0000    
 slac_p        1.0019       0.49608E-02
 slac_d        1.0019       0.53805E-02
 e866pp       0.99353       0.19999E-01
 e866pd       0.95353       0.17357E-01
 d0_gamje      1.0388       0.16513E-01
 h1b          0.97608        0.0000    
 jlab_p       0.98513       0.58412E-02
 jlab_d       0.97639       0.60456E-02
 blank         1.0000        0.0000    
 d0run2       0.95347       0.15380E-01
 cdfrun2      0.93727       0.17804E-01
 HERA_el       1.0000        0.0000    
 HERA_ps       1.0000        0.0000    
 CDF_Z        0.95563       0.67282E-02
 NmcRat        1.0000        0.0000    
 BNS_F2nd     0.95619       0.73773E-02
 HERMES_F     0.99495       0.56727E-02
 HERMES_F     0.97831       0.58883E-02
 END 0. 0.

 # Hessian matrix (Bevington alpha)
   0.48751307574548E+07 -0.11829746512661E+07  0.16173308656264E+06  0.45507962549372E+06 -0.12022111220956E+06 -0.12554149976577E+05  0.59338662184749E+05  0.98418905797512E+06 -0.18583057893647E+06 -0.47662172226848E+05  0.69971130759573E+04  0.11555581151457E+05  0.12630551234399E+04 -0.96406314256881E+02  0.12021752335492E+05 -0.29186738145820E+04  0.16776350673351E+05  0.11920881200800E+05 -0.66267795503936E+07 -0.63662015035642E+05 -0.26991274609414E+05 -0.12626736329340E+05 -0.17565266420624E+05 -0.11440213993484E+05 -0.25466047951049E+06 -0.10299688075842E+06 -0.13348282708383E+06 -0.56448871541540E+05 -0.54536568999100E+04 -0.85599663369165E+06 -0.11021057752588E+07 -0.21037268133250E+05 -0.48609583719491E+05 -0.32350073583368E+04 -0.19086802926037E+06 -0.20832960232059E+06 -0.89384383882496E+04 -0.31846268327987E+04 -0.19527140420898E+05  0.18189820878706E+05 -0.76024096562388E+05 -0.59788643693084E+05
  -0.11829746512661E+07  0.35425100038439E+06 -0.39916359787130E+05 -0.11718343052372E+06  0.31327726642862E+05  0.64349972071604E+04 -0.12080735443322E+05 -0.11695756850469E+06  0.25511297144685E+05  0.65119323183003E+04 -0.78193020947971E+03 -0.86550435043603E+03 -0.97313709246621E+02  0.11572357823784E+02  0.57129650178188E+03 -0.10039261902861E+02  0.33227811578361E+03  0.15183313598314E+03  0.21371015690696E+07  0.15465912769109E+05  0.74733258110684E+04  0.38390358425495E+04  0.78806975238722E+04  0.11395282954426E+05  0.74087268812299E+05  0.41357930101108E+05  0.16893911868162E+05  0.83064692469465E+04 -0.18156785221145E+03  0.20046869314264E+06  0.25110635221020E+06  0.56864246757763E+04  0.13365982217632E+05  0.42125207909606E+03  0.58756516748373E+05  0.63698680359545E+05  0.23411587465162E+04  0.74859982353425E+03 -0.20904136208465E+04 -0.24061998496648E+04  0.86636712902718E+04  0.72395074999017E+04
   0.16173308656264E+06 -0.39916359787130E+05  0.53999343862095E+04  0.14753594693219E+05 -0.40198773258637E+04 -0.64927225933883E+03  0.18900129127389E+04  0.24829902949592E+05 -0.45571260252305E+04 -0.14048140831941E+04  0.17963302106896E+03  0.29082789054199E+03  0.35462466918951E+02 -0.32988315895801E+01 -0.17886406300695E+03 -0.29302829176791E+02 -0.65518316415314E+02  0.56233192823069E+02 -0.22376425138508E+06 -0.20940896754161E+04 -0.89911829728079E+03 -0.42327075258301E+03 -0.61507242354700E+03 -0.52569905179511E+03 -0.85474598529037E+04 -0.35022947263016E+04 -0.42396530301878E+04 -0.17922849701544E+04  0.87063782520008E+01 -0.27789519337469E+05 -0.35973531911883E+05 -0.70705498397435E+03 -0.16397256008745E+04 -0.91817495096560E+02 -0.64661364780049E+04 -0.70546929978515E+04 -0.29702877000105E+03 -0.10510669359726E+03 -0.11522536169872E+03  0.58585016487439E+03 -0.20577904694354E+04 -0.16524480028864E+04
   0.45507962549372E+06 -0.11718343052372E+06  0.14753594693219E+05  0.38876074987392E+06 -0.60768596614795E+05  0.79666653016401E+05  0.66301349004738E+05  0.34896297545093E+06 -0.26716286407097E+05 -0.17220498261794E+05  0.29627824648621E+04 -0.11372740540243E+04 -0.11655115148920E+03  0.48615052473214E+02  0.31998113462849E+05 -0.42101487056598E+04  0.34470836758684E+05  0.19560545939605E+05 -0.20610716952077E+07 -0.18332651604295E+05 -0.72337747107699E+04 -0.30613550765308E+04 -0.13737076924328E+04  0.28417778904824E+04 -0.46393011028369E+05 -0.11275140607417E+05 -0.12672358751272E+05 -0.21070946397719E+05 -0.46911167078601E+02 -0.65206929472174E+05 -0.33673513742697E+06 -0.12314682614246E+04 -0.24884782753237E+04 -0.68425359224894E+02 -0.10928478673379E+05 -0.47334147001407E+05 -0.23589844947174E+04 -0.92568285158688E+03 -0.97751795745113E+04 -0.17595261311772E+05 -0.72672979581701E+04 -0.21558051050303E+05
  -0.12022111220956E+06  0.31327726642862E+05 -0.40198773258637E+04 -0.60768596614795E+05  0.11356531122249E+05 -0.85238082405326E+04 -0.96794981081427E+04 -0.31016482036199E+05  0.21939609447211E+03  0.21783556253490E+04 -0.28863327528845E+03 -0.54608912537456E+01  0.42820946031845E+01 -0.43165225027277E+01 -0.27669496984550E+04  0.37940388912997E+03 -0.28486417156033E+04 -0.16538418738117E+04  0.45827664189994E+06  0.34188286941919E+04  0.15029037645442E+04  0.68125116813748E+03  0.57220859682413E+03  0.49075411376790E+03  0.10305255463977E+05  0.31796221470506E+04  0.19888283270696E+04  0.33738499444705E+04 -0.58898853296543E+02  0.11846657004018E+05  0.62385243880379E+05  0.30324418641092E+03  0.58959700406424E+03  0.88040949722069E+01  0.28083234068386E+04  0.12034056176260E+05  0.46195576609368E+03  0.17170464602526E+03  0.36576853840745E+03  0.27836199616837E+04  0.82332559932170E+03  0.25362923624661E+04
  -0.12554149976577E+05  0.64349972071604E+04 -0.64927225933883E+03  0.79666653016401E+05 -0.85238082405326E+04  0.25507898733092E+05  0.15687099912370E+05  0.11043429473678E+06 -0.10189340509187E+05 -0.46352220339472E+04  0.92091492567737E+03 -0.54520373990824E+03 -0.50388823157173E+02  0.16584704110240E+02  0.98137002009748E+04 -0.13125591458441E+04  0.10863093389427E+05  0.62313038485746E+04 -0.94023181636380E+05 -0.23639362486903E+04 -0.59592973838594E+03 -0.13043423962232E+03  0.64239138011143E+03  0.29529650825981E+04 -0.23281181222838E+04  0.14524954232823E+04 -0.28844248617811E+04 -0.44543597490728E+04  0.16427982267942E+03 -0.96670318258427E+04 -0.47623902341136E+05 -0.45292294788184E+01 -0.46886819117524E+02 -0.18752450693369E+02  0.21829638273534E+03  0.72400903411221E+03 -0.26980959150125E+03 -0.13546240803895E+03 -0.31124247684423E+04 -0.39807932582981E+04 -0.19176898777744E+04 -0.55596755247525E+04
   0.59338662184749E+05 -0.12080735443322E+05  0.18900129127389E+04  0.66301349004738E+05 -0.96794981081427E+04  0.15687099912370E+05  0.12213849061782E+05  0.59695823501461E+05 -0.31650868353931E+04 -0.32020447184614E+04  0.52496971240395E+03 -0.18407442089357E+03 -0.20704881909398E+02  0.86754405245515E+01  0.51162937312730E+04 -0.70406109923618E+03  0.54451119974060E+04  0.31814623563552E+04 -0.25441387647499E+06 -0.27691680367971E+04 -0.10061344306549E+04 -0.37885022438067E+03  0.11796276969877E+03  0.13454099695026E+04 -0.60224099450762E+04 -0.46822405551583E+03 -0.25320385126917E+04 -0.40020145741930E+04  0.14228792257867E+03 -0.10493892586740E+05 -0.54629164703874E+05 -0.15536573529830E+03 -0.30695041430530E+03 -0.13046232025865E+02 -0.10744975965808E+04 -0.47806799974692E+04 -0.36438518367903E+03 -0.15371377614030E+03 -0.13245998788489E+04 -0.36387587064848E+04 -0.11825934586224E+04 -0.35413901623272E+04
   0.98418905797512E+06 -0.11695756850469E+06  0.24829902949592E+05  0.34896297545093E+06 -0.31016482036199E+05  0.11043429473678E+06  0.59695823501461E+05  0.54516846857032E+07 -0.24339363549415E+07 -0.88406622449392E+05  0.25471393144450E+05  0.20198825150067E+05  0.13637060803963E+04  0.79267656124267E+02  0.90122429857751E+05 -0.12052332937651E+05  0.11298142023797E+06  0.61003610445918E+05 -0.49331972660430E+06 -0.37003887009849E+05 -0.71315511260233E+04 -0.18583427494345E+04  0.64413682734876E+04  0.44070256186173E+05 -0.31405497467978E+05  0.56369674388545E+04 -0.61313336789717E+05 -0.48184022059214E+05 -0.71593388303749E+05 -0.29574426673781E+06 -0.56877285164812E+06 -0.73643221365022E+05 -0.16890356657082E+06 -0.14722056334998E+04 -0.48573185769739E+04 -0.93404766943241E+04  0.79495139724105E+03  0.46293264420394E+03 -0.27462781498022E+06 -0.91995151084602E+04 -0.14812320058908E+06 -0.17914491006466E+06
  -0.18583057893647E+06  0.25511297144685E+05 -0.45571260252305E+04 -0.26716286407097E+05  0.21939609447211E+03 -0.10189340509187E+05 -0.31650868353931E+04 -0.24339363549415E+07  0.19352094590489E+07  0.19465254058419E+05 -0.63384169344812E+04 -0.42987120397412E+04 -0.23836684666668E+03 -0.10768350565975E+02  0.48852319162344E+05 -0.24204563048616E+04  0.19119837008756E+05  0.96737705035979E+04 -0.36687262010797E+05  0.92231733728039E+04  0.14270179008888E+04  0.32074668550266E+03 -0.15210819680816E+04 -0.10858035034655E+05  0.51136234298860E+04 -0.13268989375463E+04  0.11242192148875E+05  0.10393748143962E+05  0.25173589511849E+05  0.67805394684026E+05  0.12612261575327E+06  0.22852581060330E+05  0.52514729713080E+05  0.21170165037104E+03  0.58607751638772E+03  0.11354477845180E+04 -0.13954052750906E+04 -0.74725933471544E+03  0.11326006804163E+06  0.16547863967103E+04  0.46355038099453E+05  0.55567190411495E+05
  -0.47662172226848E+05  0.65119323183003E+04 -0.14048140831941E+04 -0.17220498261794E+05  0.21783556253490E+04 -0.46352220339472E+04 -0.32020447184614E+04 -0.88406622449392E+05  0.19465254058419E+05  0.25485630454422E+04 -0.58473233628106E+03 -0.49507018761821E+03 -0.43405470226254E+02 -0.13699686513494E+01 -0.40816252552326E+04  0.53441831110062E+03 -0.45299786640328E+04 -0.25767338412550E+04  0.48289653506476E+05  0.12283833402035E+04  0.32520269794794E+03  0.10328281731720E+03 -0.18646703626123E+03 -0.12641049951068E+04  0.18573332364007E+04 -0.10554160696949E+03  0.26331209653208E+04  0.17882042595349E+04  0.74101733783311E+03  0.10688174043408E+05  0.21794213916342E+05  0.14488717394163E+04  0.32760915171108E+04  0.44088497684360E+02  0.44776133828837E+03  0.83495855164440E+03  0.10949230923183E+03  0.50123879342203E+02  0.30886315655443E+04  0.45107033120270E+03  0.28624799006130E+04  0.35469144052507E+04
   0.69971130759573E+04 -0.78193020947971E+03  0.17963302106896E+03  0.29627824648621E+04 -0.28863327528845E+03  0.92091492567737E+03  0.52496971240395E+03  0.25471393144450E+05 -0.63384169344812E+04 -0.58473233628106E+03  0.15709613682732E+03  0.13639189558100E+03  0.99149702993159E+01  0.50797934069042E+00  0.12073763692708E+04 -0.14129905355690E+03  0.12777171673209E+04  0.69706829870195E+03 -0.50790999028722E+04 -0.23051919893881E+03 -0.48397235037856E+02 -0.13118417814061E+02  0.41739492636058E+02  0.27919715018330E+03 -0.22472788056852E+03  0.37194907949028E+02 -0.43273315194739E+03 -0.32041518533265E+03 -0.33149068156587E+03 -0.19191963601234E+04 -0.37361407361014E+04 -0.40184048569893E+03 -0.92115097715783E+03 -0.10776670116470E+02 -0.35938685966760E+02 -0.69209265939604E+02 -0.92669913880909E+01 -0.46469826527333E+01 -0.10974933354239E+04 -0.64648199670184E+02 -0.80724861580043E+03 -0.98262670374879E+03
   0.11555581151457E+05 -0.86550435043603E+03  0.29082789054199E+03 -0.11372740540243E+04 -0.54608912537456E+01 -0.54520373990824E+03 -0.18407442089357E+03  0.20198825150067E+05 -0.42987120397412E+04 -0.49507018761821E+03  0.13639189558100E+03  0.85792478865738E+03  0.58288313571447E+02 -0.10746475832833E+01  0.99254412730872E+03 -0.14961294222107E+03  0.14006754387016E+04  0.80404898014340E+03 -0.41766340967694E+04  0.18819186265817E+03  0.18667560896441E+02  0.12592371103722E+00  0.31616304162963E+02  0.23425202427903E+03 -0.44912122011875E+02  0.25246132393488E+02 -0.81472197372207E+03  0.79791075073280E-11 -0.47466907551673E+03 -0.37212077803728E+04  0.34524114556450E-10 -0.15877016258918E+04 -0.45847263096030E+02 -0.56315698522595E+02 -0.93364565384748E-01 -0.91416046766462E-11 -0.12256856652246E+01 -0.53262344008372E+00  0.19529007117638E+03  0.22846464157104E+03 -0.19752617464599E+04  0.13945873265553E-09
   0.12630551234399E+04 -0.97313709246621E+02  0.35462466918951E+02 -0.11655115148920E+03  0.42820946031845E+01 -0.50388823157173E+02 -0.20704881909398E+02  0.13637060803963E+04 -0.23836684666668E+03 -0.43405470226254E+02  0.99149702993159E+01  0.58288313571447E+02  0.52479989362823E+01 -0.11692903234463E+00  0.57984841763323E+02 -0.10414852417051E+02  0.89429881809255E+02  0.55138265753902E+02 -0.20095916138570E+03  0.10035673566612E+02  0.13380140751794E+01  0.12606479329521E-01  0.36703375296600E+01  0.24322469101289E+02 -0.76509482414915E+01  0.35787447311935E+01 -0.11573067188340E+03  0.69328335652845E-11 -0.19047803965652E+02 -0.42707824971765E+03  0.99473692852729E-11 -0.10032487350900E+03 -0.11660255272546E+02 -0.45604852498769E+01 -0.66759116275339E-01 -0.25651499931832E-11 -0.12706162529230E+00 -0.50392618968551E-01  0.19640821110468E+02  0.50008805515394E+02 -0.14397939445647E+03  0.76441826425562E-11
  -0.96406314256881E+02  0.11572357823784E+02 -0.32988315895801E+01  0.48615052473214E+02 -0.43165225027277E+01  0.16584704110240E+02  0.86754405245515E+01  0.79267656124267E+02 -0.10768350565975E+02 -0.13699686513494E+01  0.50797934069042E+00 -0.10746475832833E+01 -0.11692903234463E+00  0.35874390983502E-01  0.11859621846052E+02 -0.92689398134689E+00  0.87044441747941E+01  0.41412843289309E+01 -0.68259358966465E+02  0.11572184559781E+01 -0.34355645043299E-01 -0.16499025088085E-01 -0.39899502438114E-02  0.15976570719358E-01 -0.25518497479665E-02 -0.15024903579349E-01  0.55390986460257E-01  0.26158621318198E-12 -0.46061715103297E+01 -0.43332330326188E+00  0.68961250236719E-12 -0.20432582072428E+01 -0.31891486151742E-05 -0.10172065524557E+00  0.63345462948780E-13 -0.93525502248799E-14 -0.11965853629083E-02 -0.66729461493285E-03 -0.16657460792495E+01  0.64557173801771E-05 -0.20840308635128E+01  0.60694983535597E-12
   0.12021752335492E+05  0.57129650178188E+03 -0.17886406300695E+03  0.31998113462849E+05 -0.27669496984550E+04  0.98137002009748E+04  0.51162937312730E+04  0.90122429857751E+05  0.48852319162344E+05 -0.40816252552326E+04  0.12073763692708E+04  0.99254412730872E+03  0.57984841763323E+02  0.11859621846052E+02  0.51424467130623E+05 -0.50847613537336E+04  0.45894651624867E+05  0.24257985326665E+05 -0.58321266208009E+05  0.38099635781018E+02  0.58534967225310E+02  0.28093199477996E+02 -0.74502518503665E+01 -0.11736988956441E+03  0.87204213913115E+03  0.85699477590501E+02 -0.30570468962262E+04 -0.19825950025939E+04 -0.25023767207818E+04  0.18389201313557E+04  0.41569002317561E+04 -0.14848516187964E+04 -0.31039915686169E+04 -0.74331921851311E+03  0.38052595689690E+03  0.63808381174103E+03 -0.31322144156355E+04 -0.16233463881088E+04 -0.20565890398198E+04  0.22541783842691E+03 -0.99330585812749E+03 -0.11189931241066E+04
  -0.29186738145820E+04 -0.10039261902861E+02 -0.29302829176791E+02 -0.42101487056598E+04  0.37940388912997E+03 -0.13125591458441E+04 -0.70406109923618E+03 -0.12052332937651E+05 -0.24204563048616E+04  0.53441831110062E+03 -0.14129905355690E+03 -0.14961294222107E+03 -0.10414852417051E+02 -0.92689398134689E+00 -0.50847613537336E+04  0.59026858480010E+03 -0.52453168531628E+04 -0.28788991511905E+04  0.77690119539387E+04  0.10278724564070E+02 -0.81670364336691E+01 -0.53032114652472E+01 -0.95284369546706E+01 -0.33620756419587E+02 -0.18510570157338E+03 -0.38911277667330E+02  0.60129871372752E+03  0.37587784406129E+03  0.29796836561015E+03 -0.10554055150211E+03 -0.41104211046919E+03  0.16592591131271E+03  0.34330796540031E+03  0.87160968313723E+02 -0.10347465646880E+03 -0.17138943262405E+03  0.52111815060940E+03  0.24940083810426E+03 -0.40923072090116E+03 -0.39566611345769E+02  0.28868150588595E+03  0.32525672786980E+03
   0.16776350673351E+05  0.33227811578361E+03 -0.65518316415314E+02  0.34470836758684E+05 -0.28486417156033E+04  0.10863093389427E+05  0.54451119974060E+04  0.11298142023797E+06  0.19119837008756E+05 -0.45299786640328E+04  0.12777171673209E+04  0.14006754387016E+04  0.89429881809255E+02  0.87044441747941E+01  0.45894651624867E+05 -0.52453168531628E+04  0.47703184057506E+05  0.25920810284493E+05 -0.61351036327706E+05  0.11099278201941E+02  0.76777917745783E+02  0.33168862650923E+02 -0.78354888228430E+02 -0.31102420962553E+03  0.97516605823663E+03 -0.11776828327579E+03 -0.39318435751856E+04 -0.24767982666017E+04 -0.30692869055789E+04  0.27338249594106E+04  0.63194928562727E+04 -0.14963492387432E+04 -0.31416991669370E+04 -0.79060914814687E+03  0.15583168294312E+03  0.28759381224610E+03 -0.36274751906326E+04 -0.19184398347752E+04  0.25227332690365E+04  0.41553813889885E+03 -0.24385245499291E+04 -0.27098224933338E+04
   0.11920881200800E+05  0.15183313598314E+03  0.56233192823069E+02  0.19560545939605E+05 -0.16538418738117E+04  0.62313038485746E+04  0.31814623563552E+04  0.61003610445918E+05  0.96737705035979E+04 -0.25767338412550E+04  0.69706829870195E+03  0.80404898014340E+03  0.55138265753902E+02  0.41412843289309E+01  0.24257985326665E+05 -0.28788991511905E+04  0.25920810284493E+05  0.14258162251794E+05 -0.34991569151002E+05 -0.22497783788505E+02  0.45681153865041E+02  0.23068863091097E+02 -0.19289088720348E+02 -0.52033071078986E+02  0.73567768845202E+03 -0.87670607015101E+01 -0.27068101774889E+04 -0.16743780505185E+04 -0.15357504756540E+04  0.11998985751257E+04  0.33078645162053E+04 -0.76867552560770E+03 -0.16096883068669E+04 -0.43747058349522E+03  0.20096765062176E+03  0.35134907854338E+03 -0.23548315673715E+04 -0.11923263801590E+04  0.22957917780470E+04  0.27088053612657E+03 -0.16226371861065E+04 -0.18084372185559E+04
  -0.66267795503936E+07  0.21371015690696E+07 -0.22376425138508E+06 -0.20610716952077E+07  0.45827664189994E+06 -0.94023181636380E+05 -0.25441387647499E+06 -0.49331972660430E+06 -0.36687262010797E+05  0.48289653506476E+05 -0.50790999028722E+04 -0.41766340967694E+04 -0.20095916138570E+03 -0.68259358966465E+02 -0.58321266208009E+05  0.77690119539387E+04 -0.61351036327706E+05 -0.34991569151002E+05  0.29168909598550E+08  0.16134608274091E+06  0.82314342368105E+05  0.43047986686723E+05  0.63200539291288E+05  0.97093635295338E+05  0.57545805088457E+06  0.32534352749763E+06  0.34486368974591E+05  0.76690108503097E+05 -0.12053025107326E+04  0.54004623328707E+06  0.26250604106064E+07  0.15900950055836E+05  0.32029056784775E+05  0.20632759540306E+03  0.17070901796441E+06  0.72296051641696E+06  0.23660201558261E+05  0.75145399301943E+04 -0.17969058512146E+05  0.49280779942907E+05  0.20393084544518E+05  0.62892527507421E+05
  -0.63662015035642E+05  0.15465912769109E+05 -0.20940896754161E+04 -0.18332651604295E+05  0.34188286941919E+04 -0.23639362486903E+04 -0.27691680367971E+04 -0.37003887009849E+05  0.92231733728039E+04  0.12283833402035E+04 -0.23051919893881E+03  0.18819186265817E+03  0.10035673566612E+02  0.11572184559781E+01  0.38099635781018E+02  0.10278724564070E+02  0.11099278201941E+02 -0.22497783788505E+02  0.16134608274091E+06  0.29635793920021E+04  0.97816507388125E+03  0.41786985115581E+03  0.23349417691732E+03 -0.24448969104823E+03  0.46969157305542E+04  0.17303390231250E+04  0.00000000000000E+00  0.25893459209141E+04  0.00000000000000E+00  0.00000000000000E+00  0.40954919756559E+05  0.00000000000000E+00  0.00000000000000E+00  0.00000000000000E+00  0.00000000000000E+00  0.57738301245968E+04  0.00000000000000E+00  0.00000000000000E+00  0.00000000000000E+00 -0.18337828801557E+04  0.00000000000000E+00  0.42352468474617E+04
  -0.26991274609414E+05  0.74733258110684E+04 -0.89911829728079E+03 -0.72337747107699E+04  0.15029037645442E+04 -0.59592973838594E+03 -0.10061344306549E+04 -0.71315511260233E+04  0.14270179008888E+04  0.32520269794794E+03 -0.48397235037856E+02  0.18667560896441E+02  0.13380140751794E+01 -0.34355645043299E-01  0.58534967225310E+02 -0.81670364336691E+01  0.76777917745783E+02  0.45681153865041E+02  0.82314342368105E+05  0.97816507388125E+03  0.41469831164061E+03  0.19704217972295E+03  0.17490221250509E+03  0.14208372281523E+03  0.21866781964503E+04  0.10219044543485E+04  0.00000000000000E+00  0.67229748333765E+03  0.00000000000000E+00  0.00000000000000E+00  0.15204227786298E+05  0.00000000000000E+00  0.00000000000000E+00  0.00000000000000E+00  0.00000000000000E+00  0.28970002862271E+04  0.00000000000000E+00  0.00000000000000E+00  0.00000000000000E+00 -0.52770454102540E+03  0.00000000000000E+00  0.87904582146953E+03
  -0.12626736329340E+05  0.38390358425495E+04 -0.42327075258301E+03 -0.30613550765308E+04  0.68125116813748E+03 -0.13043423962232E+03 -0.37885022438067E+03 -0.18583427494345E+04  0.32074668550266E+03  0.10328281731720E+03 -0.13118417814061E+02  0.12592371103722E+00  0.12606479329521E-01 -0.16499025088085E-01  0.28093199477996E+02 -0.53032114652472E+01  0.33168862650923E+02  0.23068863091097E+02  0.43047986686723E+05  0.41786985115581E+03  0.19704217972295E+03  0.10002046471262E+03  0.10924937075973E+03  0.13681199207344E+03  0.10850190002000E+04  0.59922875520787E+03  0.00000000000000E+00  0.19637518643835E+03  0.00000000000000E+00  0.00000000000000E+00  0.65277289614426E+04  0.00000000000000E+00  0.00000000000000E+00  0.00000000000000E+00  0.00000000000000E+00  0.14910797709241E+04  0.00000000000000E+00  0.00000000000000E+00  0.00000000000000E+00 -0.17097754534024E+03  0.00000000000000E+00  0.25955056942174E+03
  -0.17565266420624E+05  0.78806975238722E+04 -0.61507242354700E+03 -0.13737076924328E+04  0.57220859682413E+03  0.64239138011143E+03  0.11796276969877E+03  0.64413682734876E+04 -0.15210819680816E+04 -0.18646703626123E+03  0.41739492636058E+02  0.31616304162963E+02  0.36703375296600E+01 -0.39899502438114E-02 -0.74502518503665E+01 -0.95284369546706E+01 -0.78354888228430E+02 -0.19289088720348E+02  0.63200539291288E+05  0.23349417691732E+03  0.17490221250509E+03  0.10924937075973E+03  0.35542826900187E+03  0.77397852915193E+03  0.19181879826955E+04  0.16153825960957E+04 -0.65094083201397E+02 -0.39059804007391E+02  0.20250897179116E+01  0.10964420689228E+04  0.18017746568397E+04  0.00000000000000E+00  0.00000000000000E+00  0.00000000000000E+00  0.17881724697496E+04  0.28782023778195E+04  0.00000000000000E+00  0.00000000000000E+00  0.00000000000000E+00 -0.15127952205231E+03 -0.30502591652007E+03 -0.33537319345005E+03
  -0.11440213993484E+05  0.11395282954426E+05 -0.52569905179511E+03  0.28417778904824E+04  0.49075411376790E+03  0.29529650825981E+04  0.13454099695026E+04  0.44070256186173E+05 -0.10858035034655E+05 -0.12641049951068E+04  0.27919715018330E+03  0.23425202427903E+03  0.24322469101289E+02  0.15976570719358E-01 -0.11736988956441E+03 -0.33620756419587E+02 -0.31102420962553E+03 -0.52033071078986E+02  0.97093635295338E+05 -0.24448969104823E+03  0.14208372281523E+03  0.13681199207344E+03  0.77397852915193E+03  0.24932800450842E+04  0.25506362106839E+04  0.27192226675636E+04 -0.22601049216170E+03 -0.16071345856155E+03 -0.50991611699110E+02 -0.56829054250943E+04 -0.97979006229669E+04  0.00000000000000E+00  0.00000000000000E+00  0.00000000000000E+00  0.33640079307232E+04  0.53030331348454E+04  0.00000000000000E+00  0.00000000000000E+00  0.00000000000000E+00 -0.69937521164852E+03 -0.23610290533736E+04 -0.25988399510821E+04
  -0.25466047951049E+06  0.74087268812299E+05 -0.85474598529037E+04 -0.46393011028369E+05  0.10305255463977E+05 -0.23281181222838E+04 -0.60224099450762E+04 -0.31405497467978E+05  0.51136234298860E+04  0.18573332364007E+04 -0.22472788056852E+03 -0.44912122011875E+02 -0.76509482414915E+01 -0.25518497479665E-02  0.87204213913115E+03 -0.18510570157338E+03  0.97516605823663E+03  0.73567768845202E+03  0.57545805088457E+06  0.46969157305542E+04  0.21866781964503E+04  0.10850190002000E+04  0.19181879826955E+04  0.25506362106839E+04  0.21695058252968E+05  0.10074928725562E+05  0.25145676361263E+03  0.18821274188585E+03 -0.72504219964628E-01  0.39642102243145E+05  0.78747951800955E+05  0.00000000000000E+00  0.00000000000000E+00  0.00000000000000E+00  0.15153588983490E+05  0.24439342720353E+05  0.00000000000000E+00  0.00000000000000E+00  0.00000000000000E+00  0.15931073334177E+04  0.17273054987467E+04  0.21061506531812E+04
  -0.10299688075842E+06  0.41357930101108E+05 -0.35022947263016E+04 -0.11275140607417E+05  0.31796221470506E+04  0.14524954232823E+04 -0.46822405551583E+03  0.56369674388545E+04 -0.13268989375463E+04 -0.10554160696949E+03  0.37194907949028E+02  0.25246132393488E+02  0.35787447311935E+01 -0.15024903579349E-01  0.85699477590501E+02 -0.38911277667330E+02 -0.11776828327579E+03 -0.87670607015101E+01  0.32534352749763E+06  0.17303390231250E+04  0.10219044543485E+04  0.59922875520787E+03  0.16153825960957E+04  0.27192226675636E+04  0.10074928725562E+05  0.82521663954023E+04 -0.21992550535707E+03 -0.11665737080103E+03  0.12372874695374E+02  0.12401318043151E+05  0.20914530846491E+05  0.00000000000000E+00  0.00000000000000E+00  0.00000000000000E+00  0.79415793886725E+04  0.13058049929325E+05  0.00000000000000E+00  0.00000000000000E+00  0.00000000000000E+00 -0.26724635959321E+03 -0.14796252588396E+03 -0.14759958712358E+03
  -0.13348282708383E+06  0.16893911868162E+05 -0.42396530301878E+04 -0.12672358751272E+05  0.19888283270696E+04 -0.28844248617811E+04 -0.25320385126917E+04 -0.61313336789717E+05  0.11242192148875E+05  0.26331209653208E+04 -0.43273315194739E+03 -0.81472197372207E+03 -0.11573067188340E+03  0.55390986460257E-01 -0.30570468962262E+04  0.60129871372752E+03 -0.39318435751856E+04 -0.27068101774889E+04  0.34486368974591E+05  0.00000000000000E+00  0.00000000000000E+00  0.00000000000000E+00 -0.65094083201397E+02 -0.22601049216170E+03  0.25145676361263E+03 -0.21992550535707E+03  0.11683243071749E+06  0.00000000000000E+00  0.00000000000000E+00  0.00000000000000E+00  0.00000000000000E+00  0.00000000000000E+00  0.00000000000000E+00  0.00000000000000E+00  0.00000000000000E+00  0.00000000000000E+00  0.00000000000000E+00  0.00000000000000E+00  0.00000000000000E+00  0.00000000000000E+00  0.00000000000000E+00  0.00000000000000E+00
  -0.56448871541540E+05  0.83064692469465E+04 -0.17922849701544E+04 -0.21070946397719E+05  0.33738499444705E+04 -0.44543597490728E+04 -0.40020145741930E+04 -0.48184022059214E+05  0.10393748143962E+05  0.17882042595349E+04 -0.32041518533265E+03  0.79791075073280E-11  0.69328335652845E-11  0.26158621318198E-12 -0.19825950025939E+04  0.37587784406129E+03 -0.24767982666017E+04 -0.16743780505185E+04  0.76690108503097E+05  0.25893459209141E+04  0.67229748333765E+03  0.19637518643835E+03 -0.39059804007391E+02 -0.16071345856155E+03  0.18821274188585E+03 -0.11665737080103E+03  0.00000000000000E+00  0.64523302132930E+05  0.00000000000000E+00  0.00000000000000E+00  0.00000000000000E+00  0.00000000000000E+00  0.00000000000000E+00  0.00000000000000E+00  0.00000000000000E+00  0.00000000000000E+00  0.00000000000000E+00  0.00000000000000E+00  0.00000000000000E+00  0.00000000000000E+00  0.00000000000000E+00  0.00000000000000E+00
  -0.54536568999100E+04 -0.18156785221145E+03  0.87063782520008E+01 -0.46911167078601E+02 -0.58898853296543E+02  0.16427982267942E+03  0.14228792257867E+03 -0.71593388303749E+05  0.25173589511849E+05  0.74101733783311E+03 -0.33149068156587E+03 -0.47466907551673E+03 -0.19047803965652E+02 -0.46061715103297E+01 -0.25023767207818E+04  0.29796836561015E+03 -0.30692869055789E+04 -0.15357504756540E+04 -0.12053025107326E+04  0.00000000000000E+00  0.00000000000000E+00  0.00000000000000E+00  0.20250897179116E+01 -0.50991611699110E+02 -0.72504219964628E-01  0.12372874695374E+02  0.00000000000000E+00  0.00000000000000E+00  0.30762395996375E+05  0.00000000000000E+00  0.00000000000000E+00  0.00000000000000E+00  0.00000000000000E+00  0.00000000000000E+00  0.00000000000000E+00  0.00000000000000E+00  0.00000000000000E+00  0.00000000000000E+00  0.00000000000000E+00  0.00000000000000E+00  0.00000000000000E+00  0.00000000000000E+00
  -0.85599663369165E+06  0.20046869314264E+06 -0.27789519337469E+05 -0.65206929472174E+05  0.11846657004018E+05 -0.96670318258427E+04 -0.10493892586740E+05 -0.29574426673781E+06  0.67805394684026E+05  0.10688174043408E+05 -0.19191963601234E+04 -0.37212077803728E+04 -0.42707824971765E+03 -0.43332330326188E+00  0.18389201313557E+04 -0.10554055150211E+03  0.27338249594106E+04  0.11998985751257E+04  0.54004623328707E+06  0.00000000000000E+00  0.00000000000000E+00  0.00000000000000E+00  0.10964420689228E+04 -0.56829054250943E+04  0.39642102243145E+05  0.12401318043151E+05  0.00000000000000E+00  0.00000000000000E+00  0.00000000000000E+00  0.58079725982476E+06  0.00000000000000E+00  0.00000000000000E+00  0.00000000000000E+00  0.00000000000000E+00  0.00000000000000E+00  0.00000000000000E+00  0.00000000000000E+00  0.00000000000000E+00  0.00000000000000E+00  0.00000000000000E+00  0.00000000000000E+00  0.00000000000000E+00
  -0.11021057752588E+07  0.25110635221020E+06 -0.35973531911883E+05 -0.33673513742697E+06  0.62385243880379E+05 -0.47623902341136E+05 -0.54629164703874E+05 -0.56877285164812E+06  0.12612261575327E+06  0.21794213916342E+05 -0.37361407361014E+04  0.34524114556450E-10  0.99473692852729E-11  0.68961250236719E-12  0.41569002317561E+04 -0.41104211046919E+03  0.63194928562727E+04  0.33078645162053E+04  0.26250604106064E+07  0.40954919756559E+05  0.15204227786298E+05  0.65277289614426E+04  0.18017746568397E+04 -0.97979006229669E+04  0.78747951800955E+05  0.20914530846491E+05  0.00000000000000E+00  0.00000000000000E+00  0.00000000000000E+00  0.00000000000000E+00  0.92231818694328E+06  0.00000000000000E+00  0.00000000000000E+00  0.00000000000000E+00  0.00000000000000E+00  0.00000000000000E+00  0.00000000000000E+00  0.00000000000000E+00  0.00000000000000E+00  0.00000000000000E+00  0.00000000000000E+00  0.00000000000000E+00
  -0.21037268133250E+05  0.56864246757763E+04 -0.70705498397435E+03 -0.12314682614246E+04  0.30324418641092E+03 -0.45292294788184E+01 -0.15536573529830E+03 -0.73643221365022E+05  0.22852581060330E+05  0.14488717394163E+04 -0.40184048569893E+03 -0.15877016258918E+04 -0.10032487350900E+03 -0.20432582072428E+01 -0.14848516187964E+04  0.16592591131271E+03 -0.14963492387432E+04 -0.76867552560770E+03  0.15900950055836E+05  0.00000000000000E+00  0.00000000000000E+00  0.00000000000000E+00  0.00000000000000E+00  0.00000000000000E+00  0.00000000000000E+00  0.00000000000000E+00  0.00000000000000E+00  0.00000000000000E+00  0.00000000000000E+00  0.00000000000000E+00  0.00000000000000E+00  0.13971372631042E+05  0.00000000000000E+00  0.00000000000000E+00  0.00000000000000E+00  0.00000000000000E+00  0.00000000000000E+00  0.00000000000000E+00  0.00000000000000E+00  0.00000000000000E+00  0.00000000000000E+00  0.00000000000000E+00
  -0.48609583719491E+05  0.13365982217632E+05 -0.16397256008745E+04 -0.24884782753237E+04  0.58959700406424E+03 -0.46886819117524E+02 -0.30695041430530E+03 -0.16890356657082E+06  0.52514729713080E+05  0.32760915171108E+04 -0.92115097715783E+03 -0.45847263096030E+02 -0.11660255272546E+02 -0.31891486151742E-05 -0.31039915686169E+04  0.34330796540031E+03 -0.31416991669370E+04 -0.16096883068669E+04  0.32029056784775E+05  0.00000000000000E+00  0.00000000000000E+00  0.00000000000000E+00  0.00000000000000E+00  0.00000000000000E+00  0.00000000000000E+00  0.00000000000000E+00  0.00000000000000E+00  0.00000000000000E+00  0.00000000000000E+00  0.00000000000000E+00  0.00000000000000E+00  0.00000000000000E+00  0.32476511669796E+05  0.00000000000000E+00  0.00000000000000E+00  0.00000000000000E+00  0.00000000000000E+00  0.00000000000000E+00  0.00000000000000E+00  0.00000000000000E+00  0.00000000000000E+00  0.00000000000000E+00
  -0.32350073583368E+04  0.42125207909606E+03 -0.91817495096560E+02 -0.68425359224894E+02  0.88040949722069E+01 -0.18752450693369E+02 -0.13046232025865E+02 -0.14722056334998E+04  0.21170165037104E+03  0.44088497684360E+02 -0.10776670116470E+02 -0.56315698522595E+02 -0.45604852498769E+01 -0.10172065524557E+00 -0.74331921851311E+03  0.87160968313723E+02 -0.79060914814687E+03 -0.43747058349522E+03  0.20632759540306E+03  0.00000000000000E+00  0.00000000000000E+00  0.00000000000000E+00  0.00000000000000E+00  0.00000000000000E+00  0.00000000000000E+00  0.00000000000000E+00  0.00000000000000E+00  0.00000000000000E+00  0.00000000000000E+00  0.00000000000000E+00  0.00000000000000E+00  0.00000000000000E+00  0.00000000000000E+00  0.37864452980392E+04  0.00000000000000E+00  0.00000000000000E+00  0.00000000000000E+00  0.00000000000000E+00  0.00000000000000E+00  0.00000000000000E+00  0.00000000000000E+00  0.00000000000000E+00
  -0.19086802926037E+06  0.58756516748373E+05 -0.64661364780049E+04 -0.10928478673379E+05  0.28083234068386E+04  0.21829638273534E+03 -0.10744975965808E+04 -0.48573185769739E+04  0.58607751638772E+03  0.44776133828837E+03 -0.35938685966760E+02 -0.93364565384748E-01 -0.66759116275339E-01  0.63345462948780E-13  0.38052595689690E+03 -0.10347465646880E+03  0.15583168294312E+03  0.20096765062176E+03  0.17070901796441E+06  0.00000000000000E+00  0.00000000000000E+00  0.00000000000000E+00  0.17881724697496E+04  0.33640079307232E+04  0.15153588983490E+05  0.79415793886725E+04  0.00000000000000E+00  0.00000000000000E+00  0.00000000000000E+00  0.00000000000000E+00  0.00000000000000E+00  0.00000000000000E+00  0.00000000000000E+00  0.00000000000000E+00  0.10739006740313E+06  0.00000000000000E+00  0.00000000000000E+00  0.00000000000000E+00  0.00000000000000E+00  0.00000000000000E+00  0.00000000000000E+00  0.00000000000000E+00
  -0.20832960232059E+06  0.63698680359545E+05 -0.70546929978515E+04 -0.47334147001407E+05  0.12034056176260E+05  0.72400903411221E+03 -0.47806799974692E+04 -0.93404766943241E+04  0.11354477845180E+04  0.83495855164440E+03 -0.69209265939604E+02 -0.91416046766462E-11 -0.25651499931832E-11 -0.93525502248799E-14  0.63808381174103E+03 -0.17138943262405E+03  0.28759381224610E+03  0.35134907854338E+03  0.72296051641696E+06  0.57738301245968E+04  0.28970002862271E+04  0.14910797709241E+04  0.28782023778195E+04  0.53030331348454E+04  0.24439342720353E+05  0.13058049929325E+05  0.00000000000000E+00  0.00000000000000E+00  0.00000000000000E+00  0.00000000000000E+00  0.00000000000000E+00  0.00000000000000E+00  0.00000000000000E+00  0.00000000000000E+00  0.00000000000000E+00  0.13857559979488E+06  0.00000000000000E+00  0.00000000000000E+00  0.00000000000000E+00  0.00000000000000E+00  0.00000000000000E+00  0.00000000000000E+00
  -0.89384383882496E+04  0.23411587465162E+04 -0.29702877000105E+03 -0.23589844947174E+04  0.46195576609368E+03 -0.26980959150125E+03 -0.36438518367903E+03  0.79495139724105E+03 -0.13954052750906E+04  0.10949230923183E+03 -0.92669913880909E+01 -0.12256856652246E+01 -0.12706162529230E+00 -0.11965853629083E-02 -0.31322144156355E+04  0.52111815060940E+03 -0.36274751906326E+04 -0.23548315673715E+04  0.23660201558261E+05  0.00000000000000E+00  0.00000000000000E+00  0.00000000000000E+00  0.00000000000000E+00  0.00000000000000E+00  0.00000000000000E+00  0.00000000000000E+00  0.00000000000000E+00  0.00000000000000E+00  0.00000000000000E+00  0.00000000000000E+00  0.00000000000000E+00  0.00000000000000E+00  0.00000000000000E+00  0.00000000000000E+00  0.00000000000000E+00  0.00000000000000E+00  0.81031846825039E+04  0.00000000000000E+00  0.00000000000000E+00  0.00000000000000E+00  0.00000000000000E+00  0.00000000000000E+00
  -0.31846268327987E+04  0.74859982353425E+03 -0.10510669359726E+03 -0.92568285158688E+03  0.17170464602526E+03 -0.13546240803895E+03 -0.15371377614030E+03  0.46293264420394E+03 -0.74725933471544E+03  0.50123879342203E+02 -0.46469826527333E+01 -0.53262344008372E+00 -0.50392618968551E-01 -0.66729461493285E-03 -0.16233463881088E+04  0.24940083810426E+03 -0.19184398347752E+04 -0.11923263801590E+04  0.75145399301943E+04  0.00000000000000E+00  0.00000000000000E+00  0.00000000000000E+00  0.00000000000000E+00  0.00000000000000E+00  0.00000000000000E+00  0.00000000000000E+00  0.00000000000000E+00  0.00000000000000E+00  0.00000000000000E+00  0.00000000000000E+00  0.00000000000000E+00  0.00000000000000E+00  0.00000000000000E+00  0.00000000000000E+00  0.00000000000000E+00  0.00000000000000E+00  0.00000000000000E+00  0.41767184734818E+04  0.00000000000000E+00  0.00000000000000E+00  0.00000000000000E+00  0.00000000000000E+00
