 Correlated errors added in quadrature with statistical errors
 jl00106F2p           DIS data with   1.69< Q2 < 0.500D+03 and 0.000 < xB < 1.000 and   3.00< W2 < 0.100D+04 and 0.000 < y < 1.000
   GP TMC applied
   HT corrections, multiplicative C=C(xB)
 Correlated errors added in quadrature with statistical errors
 jl00106F2d           DIS data with   1.69< Q2 < 0.500D+03 and 0.000 < xB < 1.000 and   3.00< W2 < 0.100D+04 and 0.000 < y < 1.000
   WBArel smearing  (AV18) - freepar off-shell nuke corrections
   GP TMC applied
   HT corrections, multiplicative C=C(xB)
 Correlated errors added in quadrature with statistical errors
 HerF2pCut            DIS data with   1.69< Q2 < 0.500D+03 and 0.000 < xB < 1.000 and   3.00< W2 < 0.100D+04 and 0.000 < y < 1.000
   GP TMC applied
   HT corrections, multiplicative C=C(xB)
 Correlated errors added in quadrature with statistical errors
 HerF2dCut            DIS data with   1.69< Q2 < 0.500D+03 and 0.000 < xB < 1.000 and   3.00< W2 < 0.100D+04 and 0.000 < y < 1.000
   WBArel smearing  (AV18) - freepar off-shell nuke corrections
   GP TMC applied
   HT corrections, multiplicative C=C(xB)
 Correlated errors added in quadrature with statistical errors
 slac_p               DIS data with   1.69< Q2 < 0.500D+03 and 0.000 < xB < 1.000 and   3.00< W2 < 0.100D+04 and 0.000 < y < 1.000
   GP TMC applied
   HT corrections, multiplicative C=C(xB)
 Correlated errors added in quadrature with statistical errors
 slac_d               DIS data with   1.69< Q2 < 0.500D+03 and 0.000 < xB < 1.000 and   3.00< W2 < 0.100D+04 and 0.000 < y < 1.000
   WBArel smearing  (AV18) - freepar off-shell nuke corrections
   GP TMC applied
   HT corrections, multiplicative C=C(xB)
 Correlated errors treated separately from statistical errors
 BcdF2pCor            DIS data with   1.69< Q2 < 0.500D+03 and 0.000 < xB < 1.000 and   3.00< W2 < 0.100D+04 and 0.000 < y < 1.000
   GP TMC applied
   HT corrections, multiplicative C=C(xB)
 Correlated errors treated separately from statistical errors
 BcdF2dCor            DIS data with   1.69< Q2 < 0.500D+03 and 0.000 < xB < 1.000 and   3.00< W2 < 0.100D+04 and 0.000 < y < 1.000
   WBArel smearing  (AV18) - freepar off-shell nuke corrections
   GP TMC applied
   HT corrections, multiplicative C=C(xB)
 Correlated errors treated separately from statistical errors
 NmcF2pCor            DIS data with   1.69< Q2 < 0.500D+03 and 0.000 < xB < 1.000 and   3.00< W2 < 0.100D+04 and 0.000 < y < 1.000
   GP TMC applied
   HT corrections, multiplicative C=C(xB)
 Correlated errors treated separately from statistical errors
 NmcRatCor            DIS data with   1.69< Q2 < 0.500D+03 and 0.000 < xB < 1.000 and   3.00< W2 < 0.100D+04 and 0.000 < y < 1.000
   WBArel smearing  (AV18) - freepar off-shell nuke corrections
   GP TMC applied
   HT corrections, multiplicative C=C(xB)
 Correlated errors treated separately from statistical errors
 H2_NC_em             DIS data with   1.69< Q2 < 0.100D+06 and 0.000 < xB < 1.000 and   3.00< W2 < 0.100D+08 and 0.000 < y < 1.000
   GP TMC applied
   HT corrections, multiplicative C=C(xB)
 Correlated errors treated separately from statistical errors
 H2_NC_ep_1           DIS data with   1.69< Q2 < 0.100D+06 and 0.000 < xB < 1.000 and   3.00< W2 < 0.100D+08 and 0.000 < y < 1.000
   GP TMC applied
   HT corrections, multiplicative C=C(xB)
 Correlated errors treated separately from statistical errors
 H2_NC_ep_2           DIS data with   1.69< Q2 < 0.100D+06 and 0.000 < xB < 1.000 and   3.00< W2 < 0.100D+08 and 0.000 < y < 1.000
   GP TMC applied
   HT corrections, multiplicative C=C(xB)
 Correlated errors treated separately from statistical errors
 H2_NC_ep_3           DIS data with   1.69< Q2 < 0.100D+06 and 0.000 < xB < 1.000 and   3.00< W2 < 0.100D+08 and 0.000 < y < 1.000
   GP TMC applied
   HT corrections, multiplicative C=C(xB)
 Correlated errors treated separately from statistical errors
 H2_NC_ep_4           DIS data with   1.69< Q2 < 0.100D+06 and 0.000 < xB < 1.000 and   3.00< W2 < 0.100D+08 and 0.000 < y < 1.000
   GP TMC applied
   HT corrections, multiplicative C=C(xB)
 Correlated errors treated separately from statistical errors
 H2_CC_em             DIS data with   1.69< Q2 < 0.100D+06 and 0.000 < xB < 1.000 and   3.00< W2 < 0.100D+08 and 0.000 < y < 1.000
   GP TMC applied
   HT corrections, multiplicative C=C(xB)
 Correlated errors treated separately from statistical errors
 H2_CC_ep             DIS data with   1.69< Q2 < 0.100D+06 and 0.000 < xB < 1.000 and   3.00< W2 < 0.100D+08 and 0.000 < y < 1.000
   GP TMC applied
   HT corrections, multiplicative C=C(xB)
 Correlated errors added in quadrature with statistical errors
 BNS_F2nd             DIS data with   1.69< Q2 < 0.100D+06 and 0.000 < xB < 1.000 and   3.00< W2 < 0.100D+08 and 0.000 < y < 1.000
   WBArel smearing  (AV18) - freepar off-shell nuke corrections
   GP TMC applied
   HT corrections, multiplicative C=C(xB)
 Correlated errors added in quadrature with statistical errors
 e866pp06xf           vector boson data with Q2 >=  36.00
 Correlated errors added in quadrature with statistical errors
 e866pd06xf           vector boson data with Q2 >=  36.00
 Correlated errors added in quadrature with statistical errors
 cdfLasy05            vector boson data with Q2 >=   0.00
 Correlated errors added in quadrature with statistical errors
 d0Lasy_e15           vector boson data with Q2 >=   0.00
 Correlated errors added in quadrature with statistical errors
 d0Lasy13             vector boson data with Q2 >=   0.00
 Correlated errors added in quadrature with statistical errors
 CDF_Wasy             vector boson data with Q2 >=   0.00
 Correlated errors added in quadrature with statistical errors
 D0_Wasy              vector boson data with Q2 >=   0.00
 Correlated errors added in quadrature with statistical errors
 CDF_Z                vector boson data with Q2 >=   0.00
 Correlated errors added in quadrature with statistical errors
 D0_Z                 vector boson data with Q2 >=   0.00
 Correlated errors added in quadrature with statistical errors
 d0run2cone          Jet data - errors added in quadrature
 Correlated errors added in quadrature with statistical errors
 CDFrun2jet          Jet data - errors added in quadrature
 Correlated errors added in quadrature with statistical errors
 d0_gamjet1           Photon data -- cuts to be written yet ...
 Correlated errors added in quadrature with statistical errors
 d0_gamjet2           Photon data -- cuts to be written yet ...
 Correlated errors added in quadrature with statistical errors
 d0_gamjet3           Photon data -- cuts to be written yet ...
 Correlated errors added in quadrature with statistical errors
 d0_gamjet4           Photon data -- cuts to be written yet ...

# fitpack15: fit output
# CJ15 AV18 final data choices                                                 

Parametrization   7 used here

 S-ACOT scheme used  for NC DIS

 charm mass =     1.30 GeV     bottom mass =     4.50 GeV



 THIS IS A NEXT TO LEADING ORDER FIT

 Q02=    1.69
         1  LAMBDA      VALUE=   0.22680      WEIGHT=    0.0000    
         2  a0uv        VALUE=    2.0003      WEIGHT=    0.0000    
         3  a1uv        VALUE=   0.57314      WEIGHT=   0.22878E-01
         4  a2uv        VALUE=    3.5565      WEIGHT=   0.11790E-01
         5  a3uv        VALUE=    0.0000      WEIGHT=    0.0000    
         6  a4uv        VALUE=    4.4208      WEIGHT=   0.59726    
         7  a5uv        VALUE=    0.0000      WEIGHT=    0.0000    
         8  a0dv        VALUE=    23.911      WEIGHT=    0.0000    
         9  a1dv        VALUE=    1.1467      WEIGHT=   0.33057E-01
        10  a2dv        VALUE=    6.6269      WEIGHT=   0.16308    
        11  a3dv        VALUE=   -3.5338      WEIGHT=   0.88872E-01
        12  a4dv        VALUE=    4.7856      WEIGHT=   0.14371    
        13  a5dv        VALUE=    0.0000      WEIGHT=    0.0000    
        14  a0ud        VALUE=   0.14168      WEIGHT=   0.49853E-02
        15  a1ud        VALUE=  -0.21097      WEIGHT=   0.38243E-02
        16  a2ud        VALUE=    8.4663      WEIGHT=   0.18613    
        17  a3ud        VALUE=    0.0000      WEIGHT=    0.0000    
        18  a4ud        VALUE=    15.939      WEIGHT=    1.2745    
        19  a5ud        VALUE=    0.0000      WEIGHT=    0.0000    
        20  a0du        VALUE=    35712.      WEIGHT=    0.0000    
        21  a1du        VALUE=    4.0846      WEIGHT=   0.82567E-01
        22  a2du        VALUE=    20.253      WEIGHT=   0.96894    
        23  a3du        VALUE=    17.000      WEIGHT=    0.0000    
        24  a4du        VALUE=    53.564      WEIGHT=    10.319    
        25  a0g         VALUE=    45.875      WEIGHT=    0.0000    
        26  a1g         VALUE=   0.60306      WEIGHT=   0.29489E-01
        27  a2g         VALUE=    6.0131      WEIGHT=   0.80189    
        28  a3g         VALUE=   -3.3947      WEIGHT=   0.11977    
        29  a4g         VALUE=    3.2663      WEIGHT=   0.27356    
        30  a5g         VALUE=    0.0000      WEIGHT=    0.0000    
        31  kappa       VALUE=   0.40000      WEIGHT=    0.0000    
        32  a6dv        VALUE=  -0.44506E-02  WEIGHT=   0.72739E-03
        33  a7dv        VALUE=    2.0000      WEIGHT=    0.0000    
        34  off1        VALUE=   -1.6473      WEIGHT=    1.0860    
        35  off2        VALUE=   0.33167      WEIGHT=   0.15679    
        36  off3        VALUE=   0.41990E-01  WEIGHT=   0.10000    
        37  ht1         VALUE=   -3.3587      WEIGHT=   0.32004    
        38  ht2         VALUE=    1.9476      WEIGHT=   0.12038    
        39  ht3         VALUE=   -2.0616      WEIGHT=   0.35408E-01
        40  ht4         VALUE=    0.0000      WEIGHT=    0.0000    
        41  ht1n        VALUE=   -3.0362      WEIGHT=   0.71973    
        42  ht2n        VALUE=    1.8020      WEIGHT=   0.25367    
        43  ht3n        VALUE=   -2.3272      WEIGHT=   0.80050E-01
        44  ht4n        VALUE=    0.0000      WEIGHT=    0.0000    
        45  dummy45     VALUE=    0.0000      WEIGHT=    0.0000    
        46  dummy46     VALUE=    0.0000      WEIGHT=    0.0000    
        47  dummy47     VALUE=    0.0000      WEIGHT=    0.0000    
        48  dummy48     VALUE=    0.0000      WEIGHT=    0.0000    
        49  dummy49     VALUE=    0.0000      WEIGHT=    0.0000    
        50  bcdmsh2     VALUE=   0.96933      WEIGHT=   0.48728E-02
        51  bcdmsd2     VALUE=   0.98934      WEIGHT=   0.56947E-02
        52  ccfr        VALUE=    1.0000      WEIGHT=    0.0000    
        53  nutev       VALUE=    1.0000      WEIGHT=    0.0000    
        54  zeus        VALUE=   0.97998      WEIGHT=    0.0000    
        55  h1          VALUE=    1.0162      WEIGHT=    0.0000    
        56  e605        VALUE=    1.0319      WEIGHT=    0.0000    
        57  NmcH2       VALUE=    1.0065      WEIGHT=   0.71361E-02
        58  ntv_nu      VALUE=    1.0000      WEIGHT=    0.0000    
        59  ntv_nubar   VALUE=    1.0000      WEIGHT=    0.0000    
        60  cdf_jet     VALUE=   0.98910      WEIGHT=    0.0000    
        61  d0_jet      VALUE=   0.83504      WEIGHT=    0.0000    
        62  slac_p      VALUE=   0.99899      WEIGHT=   0.51264E-02
        63  slac_d      VALUE=    1.0017      WEIGHT=   0.53339E-02
        64  e866pp      VALUE=   0.97968      WEIGHT=   0.19802E-01
        65  e866pd      VALUE=   0.96769      WEIGHT=   0.16357E-01
        66  d0_gamjet   VALUE=    1.0364      WEIGHT=   0.16441E-01
        67  h1b         VALUE=   0.97608      WEIGHT=    0.0000    
        68  jlab_p      VALUE=   0.98877      WEIGHT=   0.63013E-02
        69  jlab_d      VALUE=   0.97661      WEIGHT=   0.61188E-02
        70  blank       VALUE=    1.0000      WEIGHT=    0.0000    
        71  d0run2      VALUE=   0.95396      WEIGHT=   0.15045E-01
        72  cdfrun2     VALUE=   0.93735      WEIGHT=   0.17686E-01
        73  HERA_el     VALUE=    1.0000      WEIGHT=    0.0000    
        74  HERA_ps     VALUE=    1.0000      WEIGHT=    0.0000    
        75  CDF_Z       VALUE=   0.95830      WEIGHT=   0.66302E-02
        76  NmcRat      VALUE=    1.0000      WEIGHT=    0.0000    
        77  BNS_F2nd    VALUE=   0.99412      WEIGHT=   0.97726E-02
        78  HERMES_F2p  VALUE=   0.99374      WEIGHT=   0.57273E-02
        79  HERMES_F2d  VALUE=   0.97683      WEIGHT=   0.58069E-02
0THE TOLERANCE IS    0.1000
 THE MAXIMUM NUMBER OF STEPS IS 100
0THE INITIAL CHI SQUARED IS  1.13496E+04
0  STEP  CHI SQUARED    PARAMETER      VALUE         ERROR
 ------------------------------------------------------------
     1    4.69650E+03
                       1  LAMBDA     2.2680E-01       FIX 
                       2  a0uv       1.9992E+00       FIX 
                       3  a1uv       5.7309E-01           
                       4  a2uv       3.5573E+00           
                       5  a3uv       0.0000E+00       FIX 
                       6  a4uv       4.4290E+00           
                       7  a5uv       0.0000E+00       FIX 
                       8  a0dv       2.4715E+01       FIX 
                       9  a1dv       1.1543E+00           
                      10  a2dv       6.6356E+00           
                      11  a3dv      -3.5353E+00           
                      12  a4dv       4.7484E+00           
                      13  a5dv       0.0000E+00       FIX 
                      14  a0ud       1.4158E-01           
                      15  a1ud      -2.1104E-01           
                      16  a2ud       8.4501E+00           
                      17  a3ud       0.0000E+00       FIX 
                      18  a4ud       1.5448E+01           
                      19  a5ud       0.0000E+00       FIX 
                      20  a0du       3.5712E+04       FIX 
                      21  a1du       4.1437E+00           
                      22  a2du       2.0577E+01           
                      23  a3du       1.7000E+01       FIX 
                      24  a4du       6.4867E+01           
                      25  a0g        4.5513E+01       FIX 
                      26  a1g        6.0218E-01           
                      27  a2g        6.1500E+00           
                      28  a3g       -3.3833E+00           
                      29  a4g        3.2866E+00           
                      30  a5g        0.0000E+00       FIX 
                      31  kappa      4.0000E-01       FIX 
                      32  a6dv      -4.2817E-03           
                      33  a7dv       2.0000E+00       FIX 
                      34  off1      -1.8833E-01           
                      35  off2       5.5734E-01           
                      36  off3      -8.6286E-01           
                      37  ht1       -3.3436E+00           
                      38  ht2        1.9649E+00           
                      39  ht3       -2.0681E+00           
                      40  ht4        0.0000E+00       FIX 
                      41  ht1n      -3.4442E+00           
                      42  ht2n       1.9579E+00           
                      43  ht3n      -2.2474E+00           
                      44  ht4n       0.0000E+00       FIX 
                      45  dummy45    0.0000E+00       FIX 
                      46  dummy46    0.0000E+00       FIX 
                      47  dummy47    0.0000E+00       FIX 
                      48  dummy48    0.0000E+00       FIX 
                      49  dummy49    0.0000E+00       FIX 
                      50  bcdmsh2    9.6889E-01           
                      51  bcdmsd2    9.9122E-01           
                      52  ccfr       1.0000E+00       FIX 
                      53  nutev      1.0000E+00       FIX 
                      54  zeus       9.7998E-01       FIX 
                      55  h1         1.0162E+00       FIX 
                      56  e605       1.0319E+00       FIX 
                      57  NmcH2      1.0060E+00           
                      58  ntv_nu     1.0000E+00       FIX 
                      59  ntv_nuba   1.0000E+00       FIX 
                      60  cdf_jet    9.8910E-01       FIX 
                      61  d0_jet     8.3504E-01       FIX 
                      62  slac_p     9.9902E-01           
                      63  slac_d     1.0023E+00           
                      64  e866pp     9.8233E-01           
                      65  e866pd     9.5479E-01           
                      66  d0_gamje   1.0386E+00           
                      67  h1b        9.7608E-01       FIX 
                      68  jlab_p     9.8903E-01           
                      69  jlab_d     9.7676E-01           
                      70  blank      1.0000E+00       FIX 
                      71  d0run2     9.5488E-01           
                      72  cdfrun2    9.3881E-01           
                      73  HERA_el    1.0000E+00       FIX 
                      74  HERA_ps    1.0000E+00       FIX 
                      75  CDF_Z      9.5411E-01           
                      76  NmcRat     1.0000E+00       FIX 
                      77  BNS_F2nd   9.8123E-01           
                      78  HERMES_F   9.9340E-01           
                      79  HERMES_F   9.7769E-01           
 ------------------------------------------------------------
     2    4.69646E+03
                       1  LAMBDA     2.2680E-01    0.0000E+00
                       2  a0uv       1.9979E+00    0.0000E+00
                       3  a1uv       5.7295E-01    2.3448E-02
                       4  a2uv       3.5570E+00    1.1870E-02
                       5  a3uv       0.0000E+00    0.0000E+00
                       6  a4uv       4.4315E+00    6.1863E-01
                       7  a5uv       0.0000E+00    0.0000E+00
                       8  a0dv       2.4662E+01    0.0000E+00
                       9  a1dv       1.1548E+00    3.4031E-02
                      10  a2dv       6.6344E+00    1.6636E-01
                      11  a3dv      -3.5314E+00    8.9260E-02
                      12  a4dv       4.7502E+00    1.4374E-01
                      13  a5dv       0.0000E+00    0.0000E+00
                      14  a0ud       1.4230E-01    4.9913E-03
                      15  a1ud      -2.1056E-01    3.8122E-03
                      16  a2ud       8.4602E+00    1.8756E-01
                      17  a3ud       0.0000E+00    0.0000E+00
                      18  a4ud       1.5554E+01    1.3200E+00
                      19  a5ud       0.0000E+00    0.0000E+00
                      20  a0du       3.5712E+04    0.0000E+00
                      21  a1du       4.1065E+00    9.7401E-02
                      22  a2du       2.0579E+01    1.0447E+00
                      23  a3du       1.7000E+01    0.0000E+00
                      24  a4du       5.4158E+01    1.2876E+01
                      25  a0g        4.6257E+01    0.0000E+00
                      26  a1g        6.0482E-01    2.9859E-02
                      27  a2g        6.1490E+00    8.3608E-01
                      28  a3g       -3.3874E+00    1.2344E-01
                      29  a4g        3.2785E+00    2.8998E-01
                      30  a5g        0.0000E+00    0.0000E+00
                      31  kappa      4.0000E-01    0.0000E+00
                      32  a6dv      -4.2862E-03    7.4601E-04
                      33  a7dv       2.0000E+00    0.0000E+00
                      34  off1      -1.0749E-01    1.2114E-01
                      35  off2       3.4020E-01    7.6238E-01
                      36  off3      -7.3432E-01    1.1409E+00
                      37  ht1       -3.3664E+00    3.2637E-01
                      38  ht2        1.9717E+00    1.2598E-01
                      39  ht3       -2.0676E+00    3.6021E-02
                      40  ht4        0.0000E+00    0.0000E+00
                      41  ht1n      -3.2992E+00    8.9361E-01
                      42  ht2n       1.8353E+00    3.1125E-01
                      43  ht3n      -2.2413E+00    9.0591E-02
                      44  ht4n       0.0000E+00    0.0000E+00
                      45  dummy45    0.0000E+00    0.0000E+00
                      46  dummy46    0.0000E+00    0.0000E+00
                      47  dummy47    0.0000E+00    0.0000E+00
                      48  dummy48    0.0000E+00    0.0000E+00
                      49  dummy49    0.0000E+00    0.0000E+00
                      50  bcdmsh2    9.6909E-01    4.8724E-03
                      51  bcdmsd2    9.9118E-01    5.8896E-03
                      52  ccfr       1.0000E+00    0.0000E+00
                      53  nutev      1.0000E+00    0.0000E+00
                      54  zeus       9.7998E-01    0.0000E+00
                      55  h1         1.0162E+00    0.0000E+00
                      56  e605       1.0319E+00    0.0000E+00
                      57  NmcH2      1.0060E+00    7.1318E-03
                      58  ntv_nu     1.0000E+00    0.0000E+00
                      59  ntv_nuba   1.0000E+00    0.0000E+00
                      60  cdf_jet    9.8910E-01    0.0000E+00
                      61  d0_jet     8.3504E-01    0.0000E+00
                      62  slac_p     9.9946E-01    5.1566E-03
                      63  slac_d     1.0022E+00    5.3734E-03
                      64  e866pp     9.8103E-01    1.9867E-02
                      65  e866pd     9.5976E-01    1.7993E-02
                      66  d0_gamje   1.0376E+00    1.6517E-02
                      67  h1b        9.7608E-01    0.0000E+00
                      68  jlab_p     9.8942E-01    6.3294E-03
                      69  jlab_d     9.7663E-01    6.1335E-03
                      70  blank      1.0000E+00    0.0000E+00
                      71  d0run2     9.5294E-01    1.5011E-02
                      72  cdfrun2    9.3710E-01    1.7671E-02
                      73  HERA_el    1.0000E+00    0.0000E+00
                      74  HERA_ps    1.0000E+00    0.0000E+00
                      75  CDF_Z      9.5635E-01    6.7566E-03
                      76  NmcRat     1.0000E+00    0.0000E+00
                      77  BNS_F2nd   9.8332E-01    1.1791E-02
                      78  HERMES_F   9.9384E-01    5.7357E-03
                      79  HERMES_F   9.7772E-01    5.8827E-03
0 MINIMIZATION TERMINATED WITH STEP  2
  TOLERANCE CRITERION      SATISFIED
0 CHI SQUARED PER DEGREE OF FREEDOM IS  1.044E+00
   1.000 -0.273 -0.984  0.232 -0.024  0.137 -0.316  0.464  0.403 -0.326 -0.551 -0.194 -0.132  0.004  0.170  0.120  0.000  0.012  0.257 -0.186  0.168 -0.120  0.150 -0.247  0.017 -0.067  0.051  0.072  0.300  0.245  0.156  0.279  0.282 -0.438 -0.283  0.103  0.189  0.229 -0.126 -0.107  0.370  0.031  0.243  0.244
  -0.273  1.000  0.410  0.205  0.242 -0.096  0.055 -0.101 -0.097  0.335  0.212  0.186 -0.065  0.134  0.022  0.076  0.018  0.026 -0.154 -0.068  0.109 -0.168 -0.616  0.370  0.251  0.190 -0.127 -0.061  0.152  0.062  0.048  0.019  0.062  0.110 -0.002  0.012  0.158  0.083 -0.074 -0.040 -0.005  0.057  0.074  0.063
  -0.984  0.410  1.000 -0.163  0.080 -0.160  0.319 -0.447 -0.393  0.374  0.575  0.215  0.123  0.021 -0.142 -0.077  0.013 -0.008 -0.256  0.169 -0.140  0.091 -0.229  0.290  0.044  0.080 -0.062 -0.065 -0.198 -0.175 -0.101 -0.184 -0.193  0.486  0.323 -0.091 -0.101 -0.153  0.081  0.072 -0.297 -0.017 -0.153 -0.163
   0.232  0.205 -0.163  1.000  0.825 -0.671  0.061  0.138  0.091 -0.128 -0.228  0.344 -0.168  0.259  0.341  0.289 -0.222  0.264  0.370 -0.185  0.060  0.037 -0.124  0.069  0.151 -0.292  0.286  0.175  0.281  0.221  0.124  0.271  0.245  0.069 -0.145  0.065  0.199  0.185 -0.078 -0.063  0.142 -0.062  0.254  0.242
  -0.024  0.242  0.080  0.825  1.000 -0.883  0.558 -0.082 -0.096  0.153  0.090  0.199  0.003  0.227  0.207  0.176 -0.220  0.225 -0.046 -0.060 -0.077  0.174  0.003 -0.052  0.052 -0.268  0.168  0.142  0.158  0.131  0.114  0.126  0.074  0.139 -0.028  0.027  0.085  0.025 -0.015 -0.021  0.057 -0.102  0.136  0.109
   0.137 -0.096 -0.160 -0.671 -0.883  1.000 -0.734  0.237  0.233 -0.137 -0.223 -0.095 -0.019 -0.282 -0.167 -0.231  0.214 -0.267 -0.090  0.069 -0.019 -0.055  0.012 -0.013 -0.043  0.312 -0.234 -0.188 -0.079 -0.077 -0.127 -0.079 -0.033 -0.185 -0.086  0.002 -0.037  0.006  0.021  0.014 -0.012  0.046 -0.097 -0.086
  -0.316  0.055  0.319  0.061  0.558 -0.734  1.000 -0.376 -0.339  0.459  0.551 -0.244  0.250  0.028 -0.071  0.035 -0.050  0.068 -0.340  0.154 -0.100  0.108  0.117 -0.114 -0.050 -0.149  0.004  0.096 -0.033 -0.012  0.107 -0.037 -0.093  0.186  0.278 -0.049 -0.048 -0.111 -0.009 -0.008  0.021 -0.005 -0.009 -0.030
   0.464 -0.101 -0.447  0.138 -0.082  0.237 -0.376  1.000  0.968 -0.420 -0.782  0.034 -0.113 -0.108 -0.065 -0.009  0.178 -0.124  0.147 -0.025  0.009  0.007 -0.004 -0.037  0.052 -0.071  0.083  0.047  0.234  0.190  0.157  0.217  0.223 -0.111 -0.088  0.091  0.151  0.195  0.001  0.003  0.310  0.011  0.202  0.196
   0.403 -0.097 -0.393  0.091 -0.096  0.233 -0.339  0.968  1.000 -0.372 -0.732  0.022 -0.093 -0.103 -0.172 -0.077  0.217 -0.174  0.117 -0.020  0.002  0.011  0.000 -0.035  0.035 -0.061  0.072  0.034  0.182  0.147  0.133  0.160  0.168 -0.117 -0.096  0.079  0.109  0.150  0.023  0.017  0.246  0.007  0.150  0.147
  -0.326  0.335  0.374 -0.128  0.153 -0.137  0.459 -0.420 -0.372  1.000  0.755 -0.318  0.403 -0.198 -0.080 -0.176 -0.186  0.049 -0.314  0.304 -0.291  0.210  0.040  0.015 -0.145  0.142 -0.164 -0.081 -0.082 -0.051  0.019 -0.055 -0.059  0.012  0.109 -0.036  0.001 -0.059  0.135  0.075 -0.050 -0.069 -0.017 -0.015
  -0.551  0.212  0.575 -0.228  0.090 -0.223  0.551 -0.782 -0.732  0.755  1.000 -0.287  0.271 -0.197 -0.063 -0.122 -0.087 -0.026 -0.293  0.361 -0.203  0.097  0.035 -0.023 -0.078  0.190 -0.264 -0.067 -0.033 -0.026  0.055  0.019 -0.014  0.310  0.482 -0.106  0.045 -0.030 -0.033 -0.053  0.045  0.036  0.041  0.026
  -0.194  0.186  0.215  0.344  0.199 -0.095 -0.244  0.034  0.022 -0.318 -0.287  1.000 -0.555  0.453  0.115  0.058 -0.116  0.119  0.173 -0.491  0.231 -0.098 -0.114  0.152  0.057 -0.188  0.246  0.024 -0.021  0.025 -0.026 -0.022  0.020  0.295 -0.243  0.045 -0.011  0.039  0.083  0.068 -0.297 -0.098  0.010 -0.004
  -0.132 -0.065  0.123 -0.168  0.003 -0.019  0.250 -0.113 -0.093  0.403  0.271 -0.555  1.000  0.024 -0.200 -0.150  0.141 -0.165 -0.196  0.106 -0.260  0.261  0.232 -0.250 -0.146 -0.065  0.078  0.063  0.012  0.018  0.028 -0.006  0.007  0.110  0.057  0.003  0.007  0.003 -0.012 -0.017 -0.038 -0.152 -0.030  0.011
   0.004  0.134  0.021  0.259  0.227 -0.282  0.028 -0.108 -0.103 -0.198 -0.197  0.453  0.024  1.000  0.054  0.179 -0.163  0.243  0.145 -0.772  0.413 -0.224 -0.067  0.097  0.007 -0.170  0.255  0.067  0.059  0.073  0.112  0.039  0.054  0.178 -0.322  0.086  0.045  0.043  0.073  0.071 -0.346 -0.190  0.047  0.058
   0.170  0.022 -0.142  0.341  0.207 -0.167 -0.071 -0.065 -0.172 -0.080 -0.063  0.115 -0.200  0.054  1.000  0.707 -0.715  0.798  0.184 -0.047  0.056 -0.040 -0.057  0.120  0.065 -0.021  0.065  0.042  0.125  0.099 -0.037  0.170  0.158 -0.074 -0.076  0.037  0.120  0.112 -0.044 -0.007  0.101  0.011  0.154  0.147
   0.120  0.076 -0.077  0.289  0.176 -0.231  0.035 -0.009 -0.077 -0.176 -0.122  0.058 -0.150  0.179  0.707  1.000 -0.315  0.733  0.190 -0.113  0.138 -0.098 -0.255  0.350  0.270 -0.144  0.222  0.172  0.147  0.108  0.033  0.237  0.217 -0.022 -0.020  0.042  0.154  0.159 -0.289 -0.133  0.098  0.035  0.204  0.204
   0.000  0.018  0.013 -0.222 -0.220  0.214 -0.050  0.178  0.217 -0.186 -0.087 -0.116  0.141 -0.163 -0.715 -0.315  1.000 -0.858 -0.069  0.068  0.016 -0.027 -0.118 -0.027  0.232 -0.101  0.054  0.107  0.115  0.063  0.128  0.105  0.098  0.183  0.242 -0.023  0.073  0.107 -0.364 -0.263  0.229  0.094  0.059  0.053
   0.012  0.026 -0.008  0.264  0.225 -0.267  0.068 -0.124 -0.174  0.049 -0.026  0.119 -0.165  0.243  0.798  0.733 -0.858  1.000  0.128 -0.127  0.054 -0.021 -0.065  0.247 -0.039 -0.013  0.104  0.007 -0.085 -0.050 -0.114 -0.034 -0.033 -0.185 -0.248  0.040 -0.037 -0.054  0.157  0.163 -0.213 -0.069 -0.010  0.000
   0.257 -0.154 -0.256  0.370 -0.046 -0.090 -0.340  0.147  0.117 -0.314 -0.293  0.173 -0.196  0.145  0.184  0.190 -0.069  0.128  1.000 -0.210  0.290 -0.337 -0.193  0.194  0.140 -0.224  0.317  0.154  0.137  0.105  0.044  0.162  0.195 -0.042 -0.111  0.038  0.119  0.191 -0.083 -0.048  0.078  0.046  0.145  0.171
  -0.186 -0.068  0.169 -0.185 -0.060  0.069  0.154 -0.025 -0.020  0.304  0.361 -0.491  0.106 -0.772 -0.047 -0.113  0.068 -0.127 -0.210  1.000 -0.687  0.484  0.054 -0.036 -0.038  0.076 -0.172  0.020 -0.054 -0.073 -0.038 -0.008 -0.059 -0.033  0.417 -0.091 -0.024 -0.040 -0.045 -0.047  0.296  0.080 -0.004 -0.060
   0.168  0.109 -0.140  0.060 -0.077 -0.019 -0.100  0.009  0.002 -0.291 -0.203  0.231 -0.260  0.413  0.056  0.138  0.016  0.054  0.290 -0.687  1.000 -0.937 -0.177  0.077  0.183  0.165 -0.035 -0.188  0.139 -0.117  0.067  0.072 -0.072  0.011 -0.108  0.038  0.075 -0.090 -0.069 -0.040 -0.026  0.360  0.064 -0.044
  -0.120 -0.168  0.091  0.037  0.174 -0.055  0.108  0.007  0.011  0.210  0.097 -0.098  0.261 -0.224 -0.040 -0.098 -0.027 -0.021 -0.337  0.484 -0.937  1.000  0.237 -0.102 -0.189 -0.325  0.162  0.234 -0.131  0.124 -0.064 -0.050  0.039  0.011 -0.003 -0.012 -0.071  0.078  0.087  0.055 -0.059 -0.429 -0.062  0.033
   0.150 -0.616 -0.229 -0.124  0.003  0.012  0.117 -0.004  0.000  0.040  0.035 -0.114  0.232 -0.067 -0.057 -0.255 -0.118 -0.065 -0.193  0.054 -0.177  0.237  1.000 -0.809 -0.485 -0.215  0.110  0.070 -0.054  0.001  0.025 -0.025 -0.044  0.040  0.028  0.001 -0.156 -0.068  0.149  0.066  0.015 -0.169 -0.054 -0.028
  -0.247  0.370  0.290  0.069 -0.052 -0.013 -0.114 -0.037 -0.035  0.015 -0.023  0.152 -0.250  0.097  0.120  0.350 -0.027  0.247  0.194 -0.036  0.077 -0.102 -0.809  1.000  0.192  0.085 -0.006  0.075 -0.085 -0.079 -0.099  0.098  0.011 -0.081 -0.097 -0.000  0.119  0.022 -0.031  0.033 -0.182 -0.086  0.066 -0.010
   0.017  0.251  0.044  0.151  0.052 -0.043 -0.050  0.052  0.035 -0.145 -0.078  0.057 -0.146  0.007  0.065  0.270  0.232 -0.039  0.140 -0.038  0.183 -0.189 -0.485  0.192  1.000 -0.018  0.097 -0.296  0.179  0.082  0.043 -0.120  0.101  0.064  0.098  0.009 -0.222  0.074 -0.253 -0.159  0.154  0.514  0.008  0.088
  -0.067  0.190  0.080 -0.292 -0.268  0.312 -0.149 -0.071 -0.061  0.142  0.190 -0.188 -0.065 -0.170 -0.021 -0.144 -0.101 -0.013 -0.224  0.076  0.165 -0.325 -0.215  0.085 -0.018  1.000 -0.876 -0.435 -0.017 -0.068  0.002 -0.040 -0.054 -0.056  0.146 -0.035  0.083 -0.218  0.069  0.033  0.080  0.226 -0.010 -0.075
   0.051 -0.127 -0.062  0.286  0.168 -0.234  0.004  0.083  0.072 -0.164 -0.264  0.246  0.078  0.255  0.065  0.222  0.054  0.104  0.317 -0.172 -0.035  0.162  0.110 -0.006  0.097 -0.876  1.000  0.212 -0.041 -0.000 -0.057 -0.053  0.102  0.000 -0.274  0.050 -0.126  0.211 -0.036  0.006 -0.197 -0.008 -0.067  0.085
   0.072 -0.061 -0.065  0.175  0.142 -0.188  0.096  0.047  0.034 -0.081 -0.067  0.024  0.063  0.067  0.042  0.172  0.107  0.007  0.154  0.020 -0.188  0.234  0.070  0.075 -0.296 -0.435  0.212  1.000  0.099  0.165  0.072  0.297 -0.019  0.077  0.025  0.015  0.267 -0.032 -0.144 -0.092  0.084 -0.677  0.183  0.072
   0.300  0.152 -0.198  0.281  0.158 -0.079 -0.033  0.234  0.182 -0.082 -0.033 -0.021  0.012  0.059  0.125  0.147  0.115 -0.085  0.137 -0.054  0.139 -0.131 -0.054 -0.085  0.179 -0.017 -0.041  0.099  1.000  0.485  0.391  0.666  0.604  0.361  0.406  0.059  0.522  0.492 -0.259 -0.223  0.584  0.075  0.598  0.550
   0.245  0.062 -0.175  0.221  0.131 -0.077 -0.012  0.190  0.147 -0.051 -0.026  0.025  0.018  0.073  0.099  0.108  0.063 -0.050  0.105 -0.073 -0.117  0.124  0.001 -0.079  0.082 -0.068 -0.000  0.165  0.485  1.000  0.329  0.531  0.656  0.308  0.306  0.051  0.411  0.537 -0.186 -0.164  0.447 -0.121  0.489  0.580
   0.156  0.048 -0.101  0.124  0.114 -0.127  0.107  0.157  0.133  0.019  0.055 -0.026  0.028  0.112 -0.037  0.033  0.128 -0.114  0.044 -0.038  0.067 -0.064  0.025 -0.099  0.043  0.002 -0.057  0.072  0.391  0.329  1.000  0.432  0.404  0.320  0.349  0.034  0.339  0.323 -0.164 -0.145  0.414  0.017  0.423  0.397
   0.279  0.019 -0.184  0.271  0.126 -0.079 -0.037  0.217  0.160 -0.055  0.019 -0.022 -0.006  0.039  0.170  0.237  0.105 -0.034  0.162 -0.008  0.072 -0.050 -0.025  0.098 -0.120 -0.040 -0.053  0.297  0.666  0.531  0.432  1.000  0.720  0.425  0.493  0.054  0.765  0.584 -0.295 -0.248  0.632 -0.139  0.764  0.647
   0.282  0.062 -0.193  0.245  0.074 -0.033 -0.093  0.223  0.168 -0.059 -0.014  0.020  0.007  0.054  0.158  0.217  0.098 -0.033  0.195 -0.059 -0.072  0.039 -0.044  0.011  0.101 -0.054  0.102 -0.019  0.604  0.656  0.404  0.720  1.000  0.392  0.413  0.057  0.550  0.816 -0.278 -0.231  0.573  0.043  0.649  0.796
  -0.438  0.110  0.486  0.069  0.139 -0.185  0.186 -0.111 -0.117  0.012  0.310  0.295  0.110  0.178 -0.074 -0.022  0.183 -0.185 -0.042 -0.033  0.011  0.011  0.040 -0.081  0.064 -0.056  0.000  0.077  0.361  0.308  0.320  0.425  0.392  1.000  0.615 -0.018  0.330  0.319 -0.178 -0.160  0.268 -0.009  0.406  0.372
  -0.283 -0.002  0.323 -0.145 -0.028 -0.086  0.278 -0.088 -0.096  0.109  0.482 -0.243  0.057 -0.322 -0.076 -0.020  0.242 -0.248 -0.111  0.417 -0.108 -0.003  0.028 -0.097  0.098  0.146 -0.274  0.025  0.406  0.306  0.349  0.493  0.413  0.615  1.000 -0.071  0.371  0.320 -0.269 -0.235  0.604  0.170  0.458  0.408
   0.103  0.012 -0.091  0.065  0.027  0.002 -0.049  0.091  0.079 -0.036 -0.106  0.045  0.003  0.086  0.037  0.042 -0.023  0.040  0.038 -0.091  0.038 -0.012  0.001 -0.000  0.009 -0.035  0.050  0.015  0.059  0.051  0.034  0.054  0.057 -0.018 -0.071  1.000  0.041  0.048  0.015  0.013  0.007 -0.026  0.049  0.050
   0.189  0.158 -0.101  0.199  0.085 -0.037 -0.048  0.151  0.109  0.001  0.045 -0.011  0.007  0.045  0.120  0.154  0.073 -0.037  0.119 -0.024  0.075 -0.071 -0.156  0.119 -0.222  0.083 -0.126  0.267  0.522  0.411  0.339  0.765  0.550  0.330  0.371  0.041  1.000  0.467 -0.224 -0.190  0.483 -0.143  0.594  0.494
   0.229  0.083 -0.153  0.185  0.025  0.006 -0.111  0.195  0.150 -0.059 -0.030  0.039  0.003  0.043  0.112  0.159  0.107 -0.054  0.191 -0.040 -0.090  0.078 -0.068  0.022  0.074 -0.218  0.211 -0.032  0.492  0.537  0.323  0.584  0.816  0.319  0.320  0.048  0.467  1.000 -0.232 -0.191  0.458  0.031  0.523  0.655
  -0.126 -0.074  0.081 -0.078 -0.015  0.021 -0.009  0.001  0.023  0.135 -0.033  0.083 -0.012  0.073 -0.044 -0.289 -0.364  0.157 -0.083 -0.045 -0.069  0.087  0.149 -0.031 -0.253  0.069 -0.036 -0.144 -0.259 -0.186 -0.164 -0.295 -0.278 -0.178 -0.269  0.015 -0.224 -0.232  1.000  0.315 -0.364 -0.099 -0.255 -0.242
  -0.107 -0.040  0.072 -0.063 -0.021  0.014 -0.008  0.003  0.017  0.075 -0.053  0.068 -0.017  0.071 -0.007 -0.133 -0.263  0.163 -0.048 -0.047 -0.040  0.055  0.066  0.033 -0.159  0.033  0.006 -0.092 -0.223 -0.164 -0.145 -0.248 -0.231 -0.160 -0.235  0.013 -0.190 -0.191  0.315  1.000 -0.305 -0.074 -0.217 -0.203
   0.370 -0.005 -0.297  0.142  0.057 -0.012  0.021  0.310  0.246 -0.050  0.045 -0.297 -0.038 -0.346  0.101  0.098  0.229 -0.213  0.078  0.296 -0.026 -0.059  0.015 -0.182  0.154  0.080 -0.197  0.084  0.584  0.447  0.414  0.632  0.573  0.268  0.604  0.007  0.483  0.458 -0.364 -0.305  1.000  0.175  0.586  0.541
   0.031  0.057 -0.017 -0.062 -0.102  0.046 -0.005  0.011  0.007 -0.069  0.036 -0.098 -0.152 -0.190  0.011  0.035  0.094 -0.069  0.046  0.080  0.360 -0.429 -0.169 -0.086  0.514  0.226 -0.008 -0.677  0.075 -0.121  0.017 -0.139  0.043 -0.009  0.170 -0.026 -0.143  0.031 -0.099 -0.074  0.175  1.000 -0.056  0.000
   0.243  0.074 -0.153  0.254  0.136 -0.097 -0.009  0.202  0.150 -0.017  0.041  0.010 -0.030  0.047  0.154  0.204  0.059 -0.010  0.145 -0.004  0.064 -0.062 -0.054  0.066  0.008 -0.010 -0.067  0.183  0.598  0.489  0.423  0.764  0.649  0.406  0.458  0.049  0.594  0.523 -0.255 -0.217  0.586 -0.056  1.000  0.600
   0.244  0.063 -0.163  0.242  0.109 -0.086 -0.030  0.196  0.147 -0.015  0.026 -0.004  0.011  0.058  0.147  0.204  0.053  0.000  0.171 -0.060 -0.044  0.033 -0.028 -0.010  0.088 -0.075  0.085  0.072  0.550  0.580  0.397  0.647  0.796  0.372  0.408  0.050  0.494  0.655 -0.242 -0.203  0.541  0.000  0.600  1.000

0                ***   ***   ***  ***   ***   ***



     X        Q2         W2       THEORY        error         DATA           ERROR        chi^2     _w    ITYPE
.4831E+00     3.585  0.472E+01   0.17921E+00   0.71891E-03   0.18590E+00    0.56080E-02   -1.42         jl00106F2p          
.4904E+00     3.624  0.465E+01   0.17431E+00   0.69018E-03   0.18170E+00    0.55227E-02   -1.79         jl00106F2p          
.4978E+00     3.663  0.458E+01   0.16939E+00   0.66155E-03   0.17590E+00    0.53000E-02   -1.51         jl00106F2p          
.5052E+00     3.702  0.451E+01   0.16452E+00   0.63343E-03   0.16780E+00    0.50774E-02   -0.42         jl00106F2p          
.5127E+00     3.740  0.444E+01   0.15963E+00   0.60550E-03   0.16030E+00    0.48549E-02   -0.02         jl00106F2p          
.5202E+00     3.779  0.437E+01   0.15480E+00   0.57818E-03   0.15490E+00    0.47707E-02   -0.00         jl00106F2p          
.5278E+00     3.818  0.430E+01   0.14996E+00   0.55117E-03   0.15390E+00    0.46872E-02   -0.70         jl00106F2p          
.5355E+00     3.857  0.423E+01   0.14513E+00   0.52458E-03   0.14960E+00    0.45486E-02   -0.96         jl00106F2p          
.5433E+00     3.895  0.416E+01   0.14031E+00   0.49852E-03   0.13750E+00    0.42438E-02    0.44         jl00106F2p          
.5511E+00     3.934  0.409E+01   0.13556E+00   0.47338E-03   0.13020E+00    0.40224E-02    1.77         jl00106F2p          
.5590E+00     3.973  0.402E+01   0.13082E+00   0.44898E-03   0.12690E+00    0.40224E-02    0.95         jl00106F2p          
.5669E+00     4.012  0.395E+01   0.12615E+00   0.42574E-03   0.12380E+00    0.39408E-02    0.36         jl00106F2p          
.5749E+00     4.051  0.388E+01   0.12152E+00   0.40350E-03   0.12040E+00    0.38013E-02    0.09         jl00106F2p          
.5830E+00     4.089  0.381E+01   0.11692E+00   0.38247E-03   0.11930E+00    0.38013E-02   -0.39         jl00106F2p          
.5912E+00     4.128  0.374E+01   0.11236E+00   0.36280E-03   0.11430E+00    0.35805E-02   -0.29         jl00106F2p          
.5995E+00     4.167  0.367E+01   0.10784E+00   0.34469E-03   0.10560E+00    0.33601E-02    0.44         jl00106F2p          
.6000E+00     4.169  0.366E+01   0.10757E+00   0.34366E-03   0.10820E+00    0.31765E-02   -0.04         jl00106F2p          
.6097E+00     4.214  0.358E+01   0.10241E+00   0.32504E-03   0.10210E+00    0.30017E-02    0.01         jl00106F2p          
.6195E+00     4.259  0.350E+01   0.97342E-01   0.30904E-03   0.97600E-01    0.28653E-02   -0.01         jl00106F2p          
.6293E+00     4.304  0.342E+01   0.92406E-01   0.29593E-03   0.89300E-01    0.26420E-02    1.38         jl00106F2p          
.6393E+00     4.349  0.334E+01   0.87518E-01   0.28553E-03   0.86400E-01    0.25554E-02    0.19         jl00106F2p          
.6494E+00     4.395  0.325E+01   0.82729E-01   0.27794E-03   0.79900E-01    0.24187E-02    1.37         jl00106F2p          
.6597E+00     4.440  0.317E+01   0.78010E-01   0.27300E-03   0.76600E-01    0.23324E-02    0.37         jl00106F2p          
.6700E+00     4.485  0.309E+01   0.73442E-01   0.27039E-03   0.76100E-01    0.23324E-02   -1.30         jl00106F2p          
.6804E+00     4.530  0.301E+01   0.68991E-01   0.26970E-03   0.73900E-01    0.22472E-02   -4.77         jl00106F2p          
.5300E+00     3.995  0.442E+01   0.14697E+00   0.53797E-03   0.15580E+00    0.52498E-02   -2.83         jl00106F2p          
.5379E+00     4.039  0.435E+01   0.14199E+00   0.51106E-03   0.14340E+00    0.48918E-02   -0.08         jl00106F2p          
.5458E+00     4.082  0.428E+01   0.13709E+00   0.48503E-03   0.13850E+00    0.47508E-02   -0.09         jl00106F2p          
.5538E+00     4.125  0.421E+01   0.13222E+00   0.45963E-03   0.13450E+00    0.46755E-02   -0.24         jl00106F2p          
