# fitpack15: fit parameters                                                                         
# CJ15 AV18 final data choices                                                                      
# Created on 12/09/2019 at 17:12:49                                                                 

 # QCD setup
  INS                           0
  NVL                          11
  IORD                          1
  Q02                   1.6899999999999999     
  IPARAMC                       7
  FLAVOR                4.0000000000000000     
  xmc                   1.3000000000000000     
  xmb                   4.5000000000000000     
  ncb                          12
  ihq                           1
  ias                           0

 # Theory corrections
  inuke                     10814
  itmc                          1
  iht                           1

 # fit parameters
 LAMBDA       0.22680        0.0000    
 a0uv          2.4057        0.0000    
 a1uv         0.61527       0.19854E-01
 a2uv          3.5433       0.12409E-01
 a3uv          0.0000        0.0000    
 a4uv          3.4627       0.42879    
 a5uv          0.0000        0.0000    
 a0dv          24.697        0.0000    
 a1dv          1.1596       0.33520E-01
 a2dv          6.5512       0.15896    
 a3dv         -3.5032       0.86016E-01
 a4dv          4.6782       0.14268    
 a5dv          0.0000        0.0000    
 a0ud         0.14659       0.50361E-02
 a1ud        -0.20775       0.37553E-02
 a2ud          8.3267       0.19161    
 a3ud          0.0000        0.0000    
 a4ud          14.601        1.2247    
 a5ud          0.0000        0.0000    
 a0du          35712.        0.0000    
 a1du          4.0252       0.75473E-01
 a2du          20.144       0.87860    
 a3du          17.000        0.0000    
 a4du          51.091        10.584    
 a0g           45.567        0.0000    
 a1g          0.60322       0.31070E-01
 a2g           6.4873       0.95511    
 a3g          -3.3066       0.13332    
 a4g           3.1735       0.31786    
 a5g           0.0000        0.0000    
 kappa        0.40000        0.0000    
 a6dv        -0.35943E-02   0.66793E-03
 a7dv          2.0000        0.0000    
 off1         -3.6902        1.5189    
 off2         0.57084E-01   0.58158E-01
 ht1          -3.2893       0.25773    
 ht2           1.9288       0.10502    
 ht3          -2.0694       0.18364E-01
 ht4           0.0000        0.0000    
 dummy40       0.0000        0.0000    
 dummy41       0.0000        0.0000    
 dummy42       0.0000        0.0000    
 dummy43       0.0000        0.0000    
 dummy44       0.0000        0.0000    
 dummy45       0.0000        0.0000    
 dummy46       0.0000        0.0000    
 dummy47       0.0000        0.0000    
 dummy48       0.0000        0.0000    
 dummy49       0.0000        0.0000    
 bcdmsh2      0.97307       0.48213E-02
 bcdmsd2      0.99317       0.58316E-02
 ccfr          1.0000        0.0000    
 nutev         1.0000        0.0000    
 zeus         0.97998        0.0000    
 h1            1.0162        0.0000    
 e605          1.0319        0.0000    
 NmcH2         1.0095       0.71229E-02
 ntv_nu        1.0000        0.0000    
 ntv_nubar     1.0000        0.0000    
 cdf_jet      0.98910        0.0000    
 d0_jet       0.83504        0.0000    
 slac_p        1.0049       0.48130E-02
 slac_d        1.0042       0.52770E-02
 e866pp       0.96583       0.19253E-01
 e866pd       0.96377       0.15819E-01
 d0_gamjet     1.0389       0.16480E-01
 h1b          0.97608        0.0000    
 jlab_p       0.99439       0.57921E-02
 jlab_d       0.97552       0.59078E-02
 blank         1.0000        0.0000    
 d0run2       0.94082       0.14133E-01
 cdfrun2      0.92646       0.17222E-01
 HERA_el       1.0000        0.0000    
 HERA_ps       1.0000        0.0000    
 CDF_Z        0.96583       0.65170E-02
 NmcRat        1.0000        0.0000    
 BNS_F2nd     0.98318       0.69178E-02
 HERMES_F2p   0.99832       0.55662E-02
 HERMES_F2d   0.98040       0.58223E-02
 END 0. 0.

 # Hessian matrix (Bevington alpha)
   0.48818520063791E+07 -0.12866009792109E+07  0.23419465605726E+06  0.47927930034392E+06 -0.12606896820691E+06 -0.22722478788660E+05  0.55186557319651E+05  0.89985799331441E+06 -0.17315262491625E+06 -0.48196919543953E+05  0.73332686055264E+04  0.15520836493580E+05  0.17539906226794E+04 -0.11132098099687E+03  0.74945161359197E+04 -0.19182889369758E+04  0.10872997573664E+05  0.77754664764178E+04 -0.74192322609943E+07 -0.14165362059972E+04 -0.20566091146159E+06  0.55701113639968E+05  0.17576879310863E+06  0.73207159551180E+06 -0.12682492266924E+06 -0.53796231390890E+05 -0.43634184341941E+04 -0.83700943268716E+06 -0.10834345202399E+07 -0.20557978857321E+05 -0.46324760157258E+05 -0.30764553731548E+04 -0.19825188187750E+06 -0.22374073735385E+06 -0.90932005965542E+04 -0.32234177198425E+04 -0.14887558409702E+05  0.16566263804216E+05 -0.70476021129086E+05 -0.55626346134590E+05
  -0.12866009792109E+07  0.41302931312207E+06 -0.63831252935732E+05 -0.13501618556502E+06  0.35217505752606E+05  0.86650608212367E+04 -0.12295624594147E+05 -0.12116160691374E+06  0.26403042852588E+05  0.74581613212210E+04 -0.93251269608167E+03 -0.12541785889616E+04 -0.14639690981512E+03  0.13424444403530E+02  0.66663828414885E+03 -0.52930441106618E+02  0.17727868874091E+03  0.10006176002667E+03  0.25470749563184E+07  0.57039403630171E+03  0.58768057027689E+05 -0.12220398031893E+05 -0.42199917633096E+05 -0.20200757609272E+06  0.16565889702035E+05  0.81918896776187E+04 -0.24074519839797E+03  0.20914958853705E+06  0.26324763138764E+06  0.58036522779793E+04  0.13225431554644E+05  0.42100728256652E+03  0.63434715519098E+05  0.71014308249981E+05  0.24660178552925E+04  0.78382693375842E+03 -0.23702992410973E+04 -0.22372910022462E+04  0.85336707314564E+04  0.71604117099222E+04
   0.23419465605726E+06 -0.63831252935732E+05  0.11361056161402E+05  0.23252152905371E+05 -0.62076599750252E+04 -0.13273127950576E+04  0.25939063908865E+04  0.31590122909538E+05 -0.59278347181451E+04 -0.19981700993297E+04  0.26139158860778E+03  0.48584022851291E+03  0.63712530536926E+02 -0.50483801608680E+01 -0.39315695585086E+03 -0.21441756631321E+00 -0.18340983292936E+03 -0.24001208562269E+02 -0.37203820558823E+06 -0.73106486874471E+02 -0.10028979543123E+05  0.25966190911683E+04  0.82145310123515E+04  0.35311769011280E+05 -0.55607511121801E+04 -0.23735350024278E+04  0.51753358363130E+02 -0.39148080993212E+05 -0.50850598335084E+05 -0.10082177730620E+04 -0.22819376663528E+04 -0.11916269507437E+03 -0.99607669345427E+04 -0.11208265951884E+05 -0.43715996671574E+03 -0.15230014828402E+03  0.56024605145580E+02  0.72757373441595E+03 -0.25697832494254E+04 -0.20848411188784E+04
   0.47927930034392E+06 -0.13501618556502E+06  0.23252152905371E+05  0.39502203899605E+06 -0.62423530412401E+05  0.75674671678962E+05  0.64723428602797E+05  0.34508817815883E+06 -0.25239869449619E+05 -0.18273859308356E+05  0.33542264864296E+04 -0.13644201115891E+04 -0.15620881257491E+03  0.58302169212453E+02  0.30594106242130E+05 -0.37076858229115E+04  0.27676393918752E+05  0.15480385779265E+05 -0.22106627266896E+07 -0.21591482545360E+03 -0.60205340310817E+05  0.20037003142940E+05  0.55648438003408E+05  0.23674018570593E+06 -0.12769445651122E+05 -0.21138767042528E+05 -0.67274283109484E+02 -0.65673173392937E+05 -0.34047432896261E+06 -0.14143590867833E+04 -0.24887693969169E+04 -0.74008957242541E+02 -0.11728172777215E+05 -0.52594673177850E+05 -0.25098232009183E+04 -0.98038918393247E+03 -0.94791305889169E+04 -0.15681742780117E+05 -0.71867863525938E+04 -0.21271329898554E+05
  -0.12606896820691E+06  0.35217505752606E+05 -0.62076599750252E+04 -0.62423530412401E+05  0.11728740977399E+05 -0.78828275180342E+04 -0.94494678611242E+04 -0.32247896650328E+05  0.33580364134616E+03  0.23923921601183E+04 -0.34108453258416E+03 -0.42251735721140E+02  0.45526579753949E+01 -0.52251762704506E+01 -0.26066870770798E+04  0.32136721168466E+03 -0.23026180163534E+04 -0.13059323943615E+04  0.48859224729762E+06  0.68554818197686E+02  0.12546643010395E+05 -0.37617373943606E+04 -0.10437627023979E+05 -0.47360904824594E+05  0.19988158088815E+04  0.33687732650044E+04 -0.56107246243756E+02  0.11961118106352E+05  0.63092731537119E+05  0.33983302316488E+03  0.57846185620339E+03  0.95700732742453E+01  0.29817077592844E+04  0.13160753597823E+05  0.48280210551625E+03  0.17918016805396E+03  0.33312994498259E+03  0.24952092832757E+04  0.81896930976731E+03  0.25160141049112E+04
  -0.22722478788660E+05  0.86650608212367E+04 -0.13273127950576E+04  0.75674671678962E+05 -0.78828275180342E+04  0.24316355693334E+05  0.14775299794736E+05  0.10476225270431E+06 -0.93098235265986E+04 -0.46062432765270E+04  0.10006232203798E+04 -0.70699810156030E+03 -0.69360670126091E+02  0.19747310029898E+02  0.93071853925647E+04 -0.11573530515013E+04  0.85703493569918E+04  0.48589752279020E+04 -0.67438971172416E+05  0.52491113858189E+02 -0.44770133279907E+04  0.24993628585985E+04  0.68546389864150E+04  0.21444612841681E+05 -0.28155090614285E+04 -0.43193489281535E+04  0.15323611291869E+03 -0.88517014964068E+04 -0.43801745733398E+05 -0.29950609878148E+01 -0.34733329560856E+02 -0.19575812317423E+02  0.33795585741636E+03  0.11470326789311E+04 -0.27310656529020E+03 -0.13770695953615E+03 -0.30336081663549E+04 -0.33719214750978E+04 -0.18487132786442E+04 -0.53300304777876E+04
   0.55186557319651E+05 -0.12295624594147E+05  0.25939063908865E+04  0.64723428602797E+05 -0.94494678611242E+04  0.14775299794736E+05  0.11594995190412E+05  0.58120383849634E+05 -0.29445638236842E+04 -0.32874478633665E+04  0.58538548569480E+03 -0.21398092909230E+03 -0.27389734875517E+02  0.10379526770103E+02  0.48109871937623E+04 -0.60718380984084E+03  0.43180592263534E+04  0.24798868466101E+04 -0.25046147614692E+06 -0.22092510379421E+01 -0.82674495990158E+04  0.31050737780765E+04  0.84571373395748E+04  0.33170373828975E+05 -0.24974991554877E+04 -0.39161700820038E+04  0.13590268557301E+03 -0.10088138126150E+05 -0.52661467203636E+05 -0.17167401948844E+03 -0.29244720464287E+03 -0.13772540924594E+02 -0.10743775357418E+04 -0.49768898120401E+04 -0.37483794245217E+03 -0.15797635711625E+03 -0.12741247581513E+04 -0.31600032813318E+04 -0.11481151932442E+04 -0.34207127612980E+04
   0.89985799331441E+06 -0.12116160691374E+06  0.31590122909538E+05  0.34508817815883E+06 -0.32247896650328E+05  0.10476225270431E+06  0.58120383849634E+05  0.49647694572781E+07 -0.23097291810496E+07 -0.85095342784459E+05  0.25835875678942E+05  0.27271596819303E+05  0.18158033313795E+04  0.10326421085396E+03  0.82376616091235E+05 -0.10464044068084E+05  0.85563646771188E+05  0.46108644531196E+05 -0.56874077987980E+06  0.37085950515562E+03 -0.27163526974812E+05  0.28199628650798E+05  0.88456607490660E+05  0.24226292389574E+06 -0.60433205990957E+05 -0.48601639522834E+05 -0.66773868675239E+05 -0.28052790200140E+06 -0.55670658688712E+06 -0.72558411109269E+05 -0.16223763854169E+06 -0.13294795440369E+04 -0.56935022774570E+04 -0.11177873542273E+05  0.79006153905961E+02  0.17030923455094E+03 -0.26184121659462E+06 -0.85705704774448E+04 -0.13671432917908E+06 -0.17006292791230E+06
  -0.17315262491625E+06  0.26403042852588E+05 -0.59278347181451E+04 -0.25239869449619E+05  0.33580364134616E+03 -0.93098235265986E+04 -0.29445638236842E+04 -0.23097291810496E+07  0.19284108622470E+07  0.18961527368230E+05 -0.65101328322190E+04 -0.58733526479013E+04 -0.32118403724857E+03 -0.14204115143805E+02  0.49968119727739E+05 -0.23562459355432E+04  0.17244053473332E+05  0.83876600442035E+04 -0.26963816662590E+05 -0.91680692259117E+02  0.64389430343543E+03 -0.57191683885717E+04 -0.19049982314623E+05 -0.46533691557064E+05  0.11431314403588E+05  0.10828564011486E+05  0.24101719960327E+05  0.65449980187759E+05  0.12574284067378E+06  0.23162329705263E+05  0.51902660193089E+05  0.17950815594852E+03  0.61807927435853E+03  0.12476960192863E+04 -0.12014649332904E+04 -0.67154559336214E+03  0.11158059730887E+06  0.15767742281665E+04  0.44174297445591E+05  0.54410320433129E+05
  -0.48196919543953E+05  0.74581613212210E+04 -0.19981700993297E+04 -0.18273859308356E+05  0.23923921601183E+04 -0.46062432765270E+04 -0.32874478633665E+04 -0.85095342784459E+05  0.18961527368230E+05  0.26387734230127E+04 -0.63934017664935E+03 -0.70105449796265E+03 -0.61330054926809E+02 -0.19618881095943E+01 -0.39784197416823E+04  0.48241743346628E+03 -0.36357911083200E+04 -0.20464004439426E+04  0.56773123485622E+05 -0.86584525230615E+01  0.24162589555769E+04 -0.12878585872508E+04 -0.37563384765281E+04 -0.11987400969293E+05  0.27326009565861E+04  0.18926580402254E+04  0.72734980985736E+03  0.10922870257763E+05  0.22850537203617E+05  0.15286754447222E+04  0.33461733492697E+04  0.43100949889116E+02  0.57514637233054E+03  0.10911790789606E+04  0.13470855493439E+03  0.60220942683098E+02  0.30841385090844E+04  0.43925662719482E+03  0.27823518413801E+04  0.35452933106470E+04
   0.73332686055264E+04 -0.93251269608167E+03  0.26139158860778E+03  0.33542264864296E+04 -0.34108453258416E+03  0.10006232203798E+04  0.58538548569480E+03  0.25835875678942E+05 -0.65101328322190E+04 -0.63934017664935E+03  0.18055154795145E+03  0.20778684763844E+03  0.15000288818740E+02  0.75372041349533E+00  0.12633126927791E+04 -0.13923258653342E+03  0.11036866987521E+04  0.59869300024388E+03 -0.64518053656218E+04  0.27283187258662E+01 -0.27816911805726E+03  0.22016033270105E+03  0.67584552618502E+03  0.19221184978769E+04 -0.48535213077233E+03 -0.36641575396622E+03 -0.34114266995209E+03 -0.20743090363104E+04 -0.41687650112198E+04 -0.44357644589834E+03 -0.99186891576476E+03 -0.11155508441858E+02 -0.49465627291124E+02 -0.96931230208879E+02 -0.15267570180466E+02 -0.72187086303483E+01 -0.11577561433743E+04 -0.68865395656962E+02 -0.83360902252090E+03 -0.10451013750557E+04
   0.15520836493580E+05 -0.12541785889616E+04  0.48584022851291E+03 -0.13644201115891E+04 -0.42251735721140E+02 -0.70699810156030E+03 -0.21398092909230E+03  0.27271596819303E+05 -0.58733526479013E+04 -0.70105449796265E+03  0.20778684763844E+03  0.18298150639866E+04  0.11879457964806E+03 -0.98051291116182E+00  0.14970803781571E+04 -0.20576011941949E+03  0.16647353642543E+04  0.94854314079154E+03 -0.68234470546129E+04 -0.51087246523755E+01 -0.12018923364505E+03 -0.70777481012737E+01  0.14939442215535E+03 -0.90165813864077E+03 -0.11691177599149E+04  0.16094588940613E-10 -0.77225479631270E+03 -0.52141548682089E+04  0.63669323114986E-09 -0.25289361760547E+04 -0.74257684561992E+02 -0.83247253834414E+02 -0.21767319076005E+00 -0.80642277709808E-10 -0.18380375008220E+01 -0.79215150822792E+00  0.29920022668105E+03  0.32049577115143E+03 -0.28671484813884E+04  0.13003925429122E-09
   0.17539906226794E+04 -0.14639690981512E+03  0.63712530536926E+02 -0.15620881257491E+03  0.45526579753949E+01 -0.69360670126091E+02 -0.27389734875517E+02  0.18158033313795E+04 -0.32118403724857E+03 -0.61330054926809E+02  0.15000288818740E+02  0.11879457964806E+03  0.10602761382084E+02 -0.18258306179847E+00  0.80777138217064E+02 -0.13455311768719E+02  0.99127551493001E+02  0.61203824966183E+02 -0.32212068177121E+03 -0.43359592407830E+00  0.62343458972987E+01  0.11773115751452E+01  0.19282479098167E+02 -0.91994527438666E+02 -0.17253443857111E+03  0.75760038591010E-11 -0.29665540141413E+02 -0.61196893412764E+03  0.10765081959633E-09 -0.15680884712124E+03 -0.19579060557637E+02 -0.66625053186511E+01 -0.15683736935056E+00 -0.81730272626205E-11 -0.19287620787034E+00 -0.75170998301340E-01  0.29793528687878E+02  0.71876537892769E+02 -0.20461280936257E+03 -0.21699887837603E-11
  -0.11132098099687E+03  0.13424444403530E+02 -0.50483801608680E+01  0.58302169212453E+02 -0.52251762704506E+01  0.19747310029898E+02  0.10379526770103E+02  0.10326421085396E+03 -0.14204115143805E+02 -0.19618881095943E+01  0.75372041349533E+00 -0.98051291116182E+00 -0.18258306179847E+00  0.56468162774840E-01  0.15331167073734E+02 -0.11872041035289E+01  0.99690370162121E+01  0.47243014760147E+01 -0.84109704841335E+02  0.26236788359201E-01 -0.45463007711678E+01  0.56188276511810E+00  0.14315799003861E+01  0.74340803634447E+01  0.72335074633608E-01  0.47619273391009E-12 -0.65211989745407E+01 -0.91833451031812E+00  0.79042490224214E-11 -0.37611163401781E+01 -0.25386096265826E-04 -0.15231636808920E+00 -0.10792783131979E-12  0.75854538532065E-13 -0.18632933672940E-02 -0.10243199254554E-02 -0.16445697588161E+01  0.78907353785625E-04 -0.35301961763065E+01  0.26253970970499E-12
   0.74945161359197E+04  0.66663828414885E+03 -0.39315695585086E+03  0.30594106242130E+05 -0.26066870770798E+04  0.93071853925647E+04  0.48109871937623E+04  0.82376616091235E+05  0.49968119727739E+05 -0.39784197416823E+04  0.12633126927791E+04  0.14970803781571E+04  0.80777138217064E+02  0.15331167073734E+02  0.48756013076619E+05 -0.44795514124178E+04  0.35841911205541E+05  0.18654056231733E+05 -0.54724155386687E+05  0.23134137063528E+01  0.73934966765655E+03 -0.20119258847518E+03 -0.58380872978336E+03 -0.13953740093122E+04 -0.26072809182421E+04 -0.17140603633997E+04 -0.24508256859122E+04  0.19581633264550E+04  0.41815336934520E+04 -0.15237790717773E+04 -0.29623014025640E+04 -0.71503249661686E+03  0.24421479023189E+03  0.43598106481088E+03 -0.28252476086027E+04 -0.15041106563085E+04 -0.24601706727413E+04  0.17995574455608E+03 -0.83498912945025E+03 -0.94101037295978E+03
  -0.19182889369758E+04 -0.52930441106618E+02 -0.21441756631321E+00 -0.37076858229115E+04  0.32136721168466E+03 -0.11573530515013E+04 -0.60718380984084E+03 -0.10464044068084E+05 -0.23562459355432E+04  0.48241743346628E+03 -0.13923258653342E+03 -0.20576011941949E+03 -0.13455311768719E+02 -0.11872041035289E+01 -0.44795514124178E+04  0.48036431446853E+03 -0.37851412127540E+04 -0.20475771032503E+04  0.64143292540667E+04 -0.89392238274817E+00 -0.10870882747719E+03  0.19869447491267E+02  0.49553528863530E+02  0.14444393115144E+03  0.48185740631752E+03  0.30227215830747E+03  0.28124130155181E+03 -0.15697472784485E+03 -0.46878857077967E+03  0.15718548839656E+03  0.30454980823692E+03  0.78479736367619E+02 -0.65529168272283E+02 -0.11546048780537E+03  0.42997716614592E+03  0.21269097147442E+03 -0.29016637250188E+03 -0.32265528096529E+02  0.24024133463582E+03  0.26926312637084E+03
   0.10872997573664E+05  0.17727868874091E+03 -0.18340983292936E+03  0.27676393918752E+05 -0.23026180163534E+04  0.85703493569918E+04  0.43180592263534E+04  0.85563646771188E+05  0.17244053473332E+05 -0.36357911083200E+04  0.11036866987521E+04  0.16647353642543E+04  0.99127551493001E+02  0.99690370162121E+01  0.35841911205541E+05 -0.37851412127540E+04  0.30281379283832E+05  0.16235857816975E+05 -0.49640294316754E+05  0.13055427960383E+01  0.81589521126604E+03 -0.25120400534584E+03 -0.67936035336695E+03 -0.15824856684391E+04 -0.27624506167602E+04 -0.17741817907624E+04 -0.25098222514463E+04  0.21141886754225E+04  0.45751448601940E+04 -0.13009217047503E+04 -0.25401698161441E+04 -0.62277725695804E+03  0.91323217839823E+02  0.17697873245210E+03 -0.27318945973528E+04 -0.14651164196317E+04  0.14246821983775E+04  0.23393967373894E+03 -0.17158215383480E+04 -0.19062577709116E+04
   0.77754664764178E+04  0.10006176002667E+03 -0.24001208562269E+02  0.15480385779265E+05 -0.13059323943615E+04  0.48589752279020E+04  0.24798868466101E+04  0.46108644531196E+05  0.83876600442035E+04 -0.20464004439426E+04  0.59869300024388E+03  0.94854314079154E+03  0.61203824966183E+02  0.47243014760147E+01  0.18654056231733E+05 -0.20475771032503E+04  0.16235857816975E+05  0.88172527524331E+04 -0.27571442765099E+05  0.21223987686234E+01  0.49156215821406E+03 -0.13126995600425E+03 -0.33152327729604E+03 -0.82506743825359E+03 -0.19126339322329E+04 -0.11969318068704E+04 -0.12596179772320E+04  0.97995948011667E+03  0.24846335348312E+04 -0.65893923623561E+03 -0.12876081340528E+04 -0.34197696741569E+03  0.11766708459550E+03  0.21737601285704E+03 -0.17473294490100E+04 -0.90069560598964E+03  0.14887122998333E+04  0.16106078437782E+03 -0.11728190834174E+04 -0.13039634799000E+04
  -0.74192322609943E+07  0.25470749563184E+07 -0.37203820558823E+06 -0.22106627266896E+07  0.48859224729762E+06 -0.67438971172416E+05 -0.25046147614692E+06 -0.56874077987980E+06 -0.26963816662590E+05  0.56773123485622E+05 -0.64518053656218E+04 -0.68234470546129E+04 -0.32212068177121E+03 -0.84109704841335E+02 -0.54724155386687E+05  0.64143292540667E+04 -0.49640294316754E+05 -0.27571442765099E+05  0.32544352444921E+08  0.65390700359842E+04  0.65294615489366E+06 -0.16131115014086E+06 -0.48335666607596E+06 -0.24404626900320E+07  0.33679938956950E+05  0.74881336372781E+05 -0.11599191565764E+04  0.56031263438955E+06  0.27324070403027E+07  0.17581849781488E+05  0.31286735872762E+05  0.22919766474657E+03  0.18213851395770E+06  0.79536261751983E+06  0.24559376823953E+05  0.77584149361320E+04 -0.18627140643660E+05  0.43874659329270E+05  0.20424176485880E+05  0.62862801470390E+05
  -0.14165362059972E+04  0.57039403630171E+03 -0.73106486874471E+02 -0.21591482545360E+03  0.68554818197686E+02  0.52491113858189E+02 -0.22092510379421E+01  0.37085950515562E+03 -0.91680692259117E+02 -0.86584525230615E+01  0.27283187258662E+01 -0.51087246523755E+01 -0.43359592407830E+00  0.26236788359201E-01  0.23134137063528E+01 -0.89392238274817E+00  0.13055427960383E+01  0.21223987686234E+01  0.65390700359842E+04  0.24061852568198E+01  0.13962736633594E+03 -0.27734543866470E+02 -0.84735248490817E+02 -0.50699009238616E+03  0.00000000000000E+00 -0.25315430061431E+02  0.00000000000000E+00  0.00000000000000E+00  0.42405750300711E+03  0.00000000000000E+00 -0.73279784136401E+01  0.00000000000000E+00  0.00000000000000E+00  0.21987941082604E+03  0.00000000000000E+00  0.00000000000000E+00  0.00000000000000E+00  0.11434584162815E+02  0.00000000000000E+00 -0.26627742736259E+02
  -0.20566091146159E+06  0.58768057027689E+05 -0.10028979543123E+05 -0.60205340310817E+05  0.12546643010395E+05 -0.44770133279907E+04 -0.82674495990158E+04 -0.27163526974812E+05  0.64389430343543E+03  0.24162589555769E+04 -0.27816911805726E+03 -0.12018923364505E+03  0.62343458972987E+01 -0.45463007711678E+01  0.73934966765655E+03 -0.10870882747719E+03  0.81589521126604E+03  0.49156215821406E+03  0.65294615489366E+06  0.13962736633594E+03  0.25024466927926E+05 -0.74268777078107E+04 -0.20399596419389E+05 -0.96330448285622E+05  0.00000000000000E+00  0.49363057347604E+04  0.00000000000000E+00  0.00000000000000E+00  0.11255780496502E+06  0.00000000000000E+00 -0.11253546833503E+04  0.00000000000000E+00  0.00000000000000E+00  0.22427203799582E+05  0.00000000000000E+00  0.00000000000000E+00  0.00000000000000E+00 -0.41122403762144E+04  0.00000000000000E+00  0.40546864473589E+04
   0.55701113639968E+05 -0.12220398031893E+05  0.25966190911683E+04  0.20037003142940E+05 -0.37617373943606E+04  0.24993628585985E+04  0.31050737780765E+04  0.28199628650798E+05 -0.57191683885717E+04 -0.12878585872508E+04  0.22016033270105E+03 -0.70777481012737E+01  0.11773115751452E+01  0.56188276511810E+00 -0.20119258847518E+03  0.19869447491267E+02 -0.25120400534584E+03 -0.13126995600425E+03 -0.16131115014086E+06 -0.27734543866470E+02 -0.74268777078107E+04  0.27475418660754E+04  0.73112358283594E+04  0.31649904812927E+05 -0.52362374012549E+02 -0.20809867586971E+04  0.22181932131892E+01  0.49413290873504E+03 -0.41424957900307E+05  0.00000000000000E+00 -0.16012823745350E+03  0.00000000000000E+00  0.22895184538229E+04 -0.47526193243590E+04  0.00000000000000E+00  0.00000000000000E+00  0.00000000000000E+00  0.14865579006380E+04 -0.39763589942494E+03 -0.27821065866905E+04
   0.17576879310863E+06 -0.42199917633096E+05  0.82145310123515E+04  0.55648438003408E+05 -0.10437627023979E+05  0.68546389864150E+04  0.84571373395748E+04  0.88456607490660E+05 -0.19049982314623E+05 -0.37563384765281E+04  0.67584552618502E+03  0.14939442215535E+03  0.19282479098167E+02  0.14315799003861E+01 -0.58380872978336E+03  0.49553528863530E+02 -0.67936035336695E+03 -0.33152327729604E+03 -0.48335666607596E+06 -0.84735248490817E+02 -0.20399596419389E+05  0.73112358283594E+04  0.20103363680012E+05  0.85826897607509E+05 -0.16337097510248E+03 -0.51894555267632E+04 -0.50569214033590E+02 -0.67682683064779E+04 -0.11411056920323E+06  0.00000000000000E+00 -0.39653192667006E+03  0.00000000000000E+00  0.31698270052358E+04 -0.15012391135917E+05  0.00000000000000E+00  0.00000000000000E+00  0.00000000000000E+00  0.37074960327387E+04 -0.21702702582714E+04 -0.81160176460098E+04
   0.73207159551180E+06 -0.20200757609272E+06  0.35311769011280E+05  0.23674018570593E+06 -0.47360904824594E+05  0.21444612841681E+05  0.33170373828975E+05  0.24226292389574E+06 -0.46533691557064E+05 -0.11987400969293E+05  0.19221184978769E+04 -0.90165813864077E+03 -0.91994527438666E+02  0.74340803634447E+01 -0.13953740093122E+04  0.14444393115144E+03 -0.15824856684391E+04 -0.82506743825359E+03 -0.24404626900320E+07 -0.50699009238616E+03 -0.96330448285622E+05  0.31649904812927E+05  0.85826897607509E+05  0.40184501591698E+06  0.25407262603870E+03 -0.26736117891211E+05 -0.66241936989041E+01  0.37921980676054E+05 -0.47837971415397E+06  0.00000000000000E+00 -0.20983014864621E+04  0.00000000000000E+00  0.16064875425827E+05 -0.79329149277197E+05  0.00000000000000E+00  0.00000000000000E+00  0.00000000000000E+00  0.19752671590012E+05  0.15730857244378E+04 -0.29379730508524E+05
  -0.12682492266924E+06  0.16565889702035E+05 -0.55607511121801E+04 -0.12769445651122E+05  0.19988158088815E+04 -0.28155090614285E+04 -0.24974991554877E+04 -0.60433205990957E+05  0.11431314403588E+05  0.27326009565861E+04 -0.48535213077233E+03 -0.11691177599149E+04 -0.17253443857111E+03  0.72335074633608E-01 -0.26072809182421E+04  0.48185740631752E+03 -0.27624506167602E+04 -0.19126339322329E+04  0.33679938956950E+05  0.00000000000000E+00  0.00000000000000E+00 -0.52362374012549E+02 -0.16337097510248E+03  0.25407262603870E+03  0.11624962039218E+06  0.00000000000000E+00  0.00000000000000E+00  0.00000000000000E+00  0.00000000000000E+00  0.00000000000000E+00  0.00000000000000E+00  0.00000000000000E+00  0.00000000000000E+00  0.00000000000000E+00  0.00000000000000E+00  0.00000000000000E+00  0.00000000000000E+00  0.00000000000000E+00  0.00000000000000E+00  0.00000000000000E+00
  -0.53796231390890E+05  0.81918896776187E+04 -0.23735350024278E+04 -0.21138767042528E+05  0.33687732650044E+04 -0.43193489281535E+04 -0.39161700820038E+04 -0.48601639522834E+05  0.10828564011486E+05  0.18926580402254E+04 -0.36641575396622E+03  0.16094588940613E-10  0.75760038591010E-11  0.47619273391009E-12 -0.17140603633997E+04  0.30227215830747E+03 -0.17741817907624E+04 -0.11969318068704E+04  0.74881336372781E+05 -0.25315430061431E+02  0.49363057347604E+04 -0.20809867586971E+04 -0.51894555267632E+04 -0.26736117891211E+05  0.00000000000000E+00  0.64555883923929E+05  0.00000000000000E+00  0.00000000000000E+00  0.00000000000000E+00  0.00000000000000E+00  0.00000000000000E+00  0.00000000000000E+00  0.00000000000000E+00  0.00000000000000E+00  0.00000000000000E+00  0.00000000000000E+00  0.00000000000000E+00  0.00000000000000E+00  0.00000000000000E+00  0.00000000000000E+00
  -0.43634184341941E+04 -0.24074519839797E+03  0.51753358363130E+02 -0.67274283109484E+02 -0.56107246243756E+02  0.15323611291869E+03  0.13590268557301E+03 -0.66773868675239E+05  0.24101719960327E+05  0.72734980985736E+03 -0.34114266995209E+03 -0.77225479631270E+03 -0.29665540141413E+02 -0.65211989745407E+01 -0.24508256859122E+04  0.28124130155181E+03 -0.25098222514463E+04 -0.12596179772320E+04 -0.11599191565764E+04  0.00000000000000E+00  0.00000000000000E+00  0.22181932131892E+01 -0.50569214033590E+02 -0.66241936989041E+01  0.00000000000000E+00  0.00000000000000E+00  0.30652672178664E+05  0.00000000000000E+00  0.00000000000000E+00  0.00000000000000E+00  0.00000000000000E+00  0.00000000000000E+00  0.00000000000000E+00  0.00000000000000E+00  0.00000000000000E+00  0.00000000000000E+00  0.00000000000000E+00  0.00000000000000E+00  0.00000000000000E+00  0.00000000000000E+00
  -0.83700943268716E+06  0.20914958853705E+06 -0.39148080993212E+05 -0.65673173392937E+05  0.11961118106352E+05 -0.88517014964068E+04 -0.10088138126150E+05 -0.28052790200140E+06  0.65449980187759E+05  0.10922870257763E+05 -0.20743090363104E+04 -0.52141548682089E+04 -0.61196893412764E+03 -0.91833451031812E+00  0.19581633264550E+04 -0.15697472784485E+03  0.21141886754225E+04  0.97995948011667E+03  0.56031263438955E+06  0.00000000000000E+00  0.00000000000000E+00  0.49413290873504E+03 -0.67682683064779E+04  0.37921980676054E+05  0.00000000000000E+00  0.00000000000000E+00  0.00000000000000E+00  0.57739036185143E+06  0.00000000000000E+00  0.00000000000000E+00  0.00000000000000E+00  0.00000000000000E+00  0.00000000000000E+00  0.00000000000000E+00  0.00000000000000E+00  0.00000000000000E+00  0.00000000000000E+00  0.00000000000000E+00  0.00000000000000E+00  0.00000000000000E+00
  -0.10834345202399E+07  0.26324763138764E+06 -0.50850598335084E+05 -0.34047432896261E+06  0.63092731537119E+05 -0.43801745733398E+05 -0.52661467203636E+05 -0.55670658688712E+06  0.12574284067378E+06  0.22850537203617E+05 -0.41687650112198E+04  0.63669323114986E-09  0.10765081959633E-09  0.79042490224214E-11  0.41815336934520E+04 -0.46878857077967E+03  0.45751448601940E+04  0.24846335348312E+04  0.27324070403027E+07  0.42405750300711E+03  0.11255780496502E+06 -0.41424957900307E+05 -0.11411056920323E+06 -0.47837971415397E+06  0.00000000000000E+00  0.00000000000000E+00  0.00000000000000E+00  0.00000000000000E+00  0.91732664250224E+06  0.00000000000000E+00  0.00000000000000E+00  0.00000000000000E+00  0.00000000000000E+00  0.00000000000000E+00  0.00000000000000E+00  0.00000000000000E+00  0.00000000000000E+00  0.00000000000000E+00  0.00000000000000E+00  0.00000000000000E+00
  -0.20557978857321E+05  0.58036522779793E+04 -0.10082177730620E+04 -0.14143590867833E+04  0.33983302316488E+03 -0.29950609878148E+01 -0.17167401948844E+03 -0.72558411109269E+05  0.23162329705263E+05  0.15286754447222E+04 -0.44357644589834E+03 -0.25289361760547E+04 -0.15680884712124E+03 -0.37611163401781E+01 -0.15237790717773E+04  0.15718548839656E+03 -0.13009217047503E+04 -0.65893923623561E+03  0.17581849781488E+05  0.00000000000000E+00  0.00000000000000E+00  0.00000000000000E+00  0.00000000000000E+00  0.00000000000000E+00  0.00000000000000E+00  0.00000000000000E+00  0.00000000000000E+00  0.00000000000000E+00  0.00000000000000E+00  0.14762846594086E+05  0.00000000000000E+00  0.00000000000000E+00  0.00000000000000E+00  0.00000000000000E+00  0.00000000000000E+00  0.00000000000000E+00  0.00000000000000E+00  0.00000000000000E+00  0.00000000000000E+00  0.00000000000000E+00
  -0.46324760157258E+05  0.13225431554644E+05 -0.22819376663528E+04 -0.24887693969169E+04  0.57846185620339E+03 -0.34733329560856E+02 -0.29244720464287E+03 -0.16223763854169E+06  0.51902660193089E+05  0.33461733492697E+04 -0.99186891576476E+03 -0.74257684561992E+02 -0.19579060557637E+02 -0.25386096265826E-04 -0.29623014025640E+04  0.30454980823692E+03 -0.25401698161441E+04 -0.12876081340528E+04  0.31286735872762E+05 -0.73279784136401E+01 -0.11253546833503E+04 -0.16012823745350E+03 -0.39653192667006E+03 -0.20983014864621E+04  0.00000000000000E+00  0.00000000000000E+00  0.00000000000000E+00  0.00000000000000E+00  0.00000000000000E+00  0.00000000000000E+00  0.31784873199361E+05  0.00000000000000E+00  0.00000000000000E+00  0.00000000000000E+00  0.00000000000000E+00  0.00000000000000E+00  0.00000000000000E+00  0.00000000000000E+00  0.00000000000000E+00  0.00000000000000E+00
  -0.30764553731548E+04  0.42100728256652E+03 -0.11916269507437E+03 -0.74008957242541E+02  0.95700732742453E+01 -0.19575812317423E+02 -0.13772540924594E+02 -0.13294795440369E+04  0.17950815594852E+03  0.43100949889116E+02 -0.11155508441858E+02 -0.83247253834414E+02 -0.66625053186511E+01 -0.15231636808920E+00 -0.71503249661686E+03  0.78479736367619E+02 -0.62277725695804E+03 -0.34197696741569E+03  0.22919766474657E+03  0.00000000000000E+00  0.00000000000000E+00  0.00000000000000E+00  0.00000000000000E+00  0.00000000000000E+00  0.00000000000000E+00  0.00000000000000E+00  0.00000000000000E+00  0.00000000000000E+00  0.00000000000000E+00  0.00000000000000E+00  0.00000000000000E+00  0.37862288362912E+04  0.00000000000000E+00  0.00000000000000E+00  0.00000000000000E+00  0.00000000000000E+00  0.00000000000000E+00  0.00000000000000E+00  0.00000000000000E+00  0.00000000000000E+00
  -0.19825188187750E+06  0.63434715519098E+05 -0.99607669345427E+04 -0.11728172777215E+05  0.29817077592844E+04  0.33795585741636E+03 -0.10743775357418E+04 -0.56935022774570E+04  0.61807927435853E+03  0.57514637233054E+03 -0.49465627291124E+02 -0.21767319076005E+00 -0.15683736935056E+00 -0.10792783131979E-12  0.24421479023189E+03 -0.65529168272283E+02  0.91323217839823E+02  0.11766708459550E+03  0.18213851395770E+06  0.00000000000000E+00  0.00000000000000E+00  0.22895184538229E+04  0.31698270052358E+04  0.16064875425827E+05  0.00000000000000E+00  0.00000000000000E+00  0.00000000000000E+00  0.00000000000000E+00  0.00000000000000E+00  0.00000000000000E+00  0.00000000000000E+00  0.00000000000000E+00  0.10551670987151E+06  0.00000000000000E+00  0.00000000000000E+00  0.00000000000000E+00  0.00000000000000E+00  0.00000000000000E+00  0.00000000000000E+00  0.00000000000000E+00
  -0.22374073735385E+06  0.71014308249981E+05 -0.11208265951884E+05 -0.52594673177850E+05  0.13160753597823E+05  0.11470326789311E+04 -0.49768898120401E+04 -0.11177873542273E+05  0.12476960192863E+04  0.10911790789606E+04 -0.96931230208879E+02 -0.80642277709808E-10 -0.81730272626205E-11  0.75854538532065E-13  0.43598106481088E+03 -0.11546048780537E+03  0.17697873245210E+03  0.21737601285704E+03  0.79536261751983E+06  0.21987941082604E+03  0.22427203799582E+05 -0.47526193243590E+04 -0.15012391135917E+05 -0.79329149277197E+05  0.00000000000000E+00  0.00000000000000E+00  0.00000000000000E+00  0.00000000000000E+00  0.00000000000000E+00  0.00000000000000E+00  0.00000000000000E+00  0.00000000000000E+00  0.00000000000000E+00  0.13863432716299E+06  0.00000000000000E+00  0.00000000000000E+00  0.00000000000000E+00  0.00000000000000E+00  0.00000000000000E+00  0.00000000000000E+00
  -0.90932005965542E+04  0.24660178552925E+04 -0.43715996671574E+03 -0.25098232009183E+04  0.48280210551625E+03 -0.27310656529020E+03 -0.37483794245217E+03  0.79006153905961E+02 -0.12014649332904E+04  0.13470855493439E+03 -0.15267570180466E+02 -0.18380375008220E+01 -0.19287620787034E+00 -0.18632933672940E-02 -0.28252476086027E+04  0.42997716614592E+03 -0.27318945973528E+04 -0.17473294490100E+04  0.24559376823953E+05  0.00000000000000E+00  0.00000000000000E+00  0.00000000000000E+00  0.00000000000000E+00  0.00000000000000E+00  0.00000000000000E+00  0.00000000000000E+00  0.00000000000000E+00  0.00000000000000E+00  0.00000000000000E+00  0.00000000000000E+00  0.00000000000000E+00  0.00000000000000E+00  0.00000000000000E+00  0.00000000000000E+00  0.83090280021704E+04  0.00000000000000E+00  0.00000000000000E+00  0.00000000000000E+00  0.00000000000000E+00  0.00000000000000E+00
  -0.32234177198425E+04  0.78382693375842E+03 -0.15230014828402E+03 -0.98038918393247E+03  0.17918016805396E+03 -0.13770695953615E+03 -0.15797635711625E+03  0.17030923455094E+03 -0.67154559336214E+03  0.60220942683098E+02 -0.72187086303483E+01 -0.79215150822792E+00 -0.75170998301340E-01 -0.10243199254554E-02 -0.15041106563085E+04  0.21269097147442E+03 -0.14651164196317E+04 -0.90069560598964E+03  0.77584149361320E+04  0.00000000000000E+00  0.00000000000000E+00  0.00000000000000E+00  0.00000000000000E+00  0.00000000000000E+00  0.00000000000000E+00  0.00000000000000E+00  0.00000000000000E+00  0.00000000000000E+00  0.00000000000000E+00  0.00000000000000E+00  0.00000000000000E+00  0.00000000000000E+00  0.00000000000000E+00  0.00000000000000E+00  0.00000000000000E+00  0.42628220435528E+04  0.00000000000000E+00  0.00000000000000E+00  0.00000000000000E+00  0.00000000000000E+00
  -0.14887558409702E+05 -0.23702992410973E+04  0.56024605145580E+02 -0.94791305889169E+04  0.33312994498259E+03 -0.30336081663549E+04 -0.12741247581513E+04 -0.26184121659462E+06  0.11158059730887E+06  0.30841385090844E+04 -0.11577561433743E+04  0.29920022668105E+03  0.29793528687878E+02 -0.16445697588161E+01 -0.24601706727413E+04 -0.29016637250188E+03  0.14246821983775E+04  0.14887122998333E+04 -0.18627140643660E+05  0.00000000000000E+00  0.00000000000000E+00  0.00000000000000E+00  0.00000000000000E+00  0.00000000000000E+00  0.00000000000000E+00  0.00000000000000E+00  0.00000000000000E+00  0.00000000000000E+00  0.00000000000000E+00  0.00000000000000E+00  0.00000000000000E+00  0.00000000000000E+00  0.00000000000000E+00  0.00000000000000E+00  0.00000000000000E+00  0.00000000000000E+00  0.12382619986508E+06  0.00000000000000E+00  0.00000000000000E+00  0.00000000000000E+00
   0.16566263804216E+05 -0.22372910022462E+04  0.72757373441595E+03 -0.15681742780117E+05  0.24952092832757E+04 -0.33719214750978E+04 -0.31600032813318E+04 -0.85705704774448E+04  0.15767742281665E+04  0.43925662719482E+03 -0.68865395656962E+02  0.32049577115143E+03  0.71876537892769E+02  0.78907353785625E-04  0.17995574455608E+03 -0.32265528096529E+02  0.23393967373894E+03  0.16106078437782E+03  0.43874659329270E+05  0.11434584162815E+02 -0.41122403762144E+04  0.14865579006380E+04  0.37074960327387E+04  0.19752671590012E+05  0.00000000000000E+00  0.00000000000000E+00  0.00000000000000E+00  0.00000000000000E+00  0.00000000000000E+00  0.00000000000000E+00  0.00000000000000E+00  0.00000000000000E+00  0.00000000000000E+00  0.00000000000000E+00  0.00000000000000E+00  0.00000000000000E+00  0.00000000000000E+00  0.39269966447036E+05  0.00000000000000E+00  0.00000000000000E+00
  -0.70476021129086E+05  0.85336707314564E+04 -0.25697832494254E+04 -0.71867863525938E+04  0.81896930976731E+03 -0.18487132786442E+04 -0.11481151932442E+04 -0.13671432917908E+06  0.44174297445591E+05  0.27823518413801E+04 -0.83360902252090E+03 -0.28671484813884E+04 -0.20461280936257E+03 -0.35301961763065E+01 -0.83498912945025E+03  0.24024133463582E+03 -0.17158215383480E+04 -0.11728190834174E+04  0.20424176485880E+05  0.00000000000000E+00  0.00000000000000E+00 -0.39763589942494E+03 -0.21702702582714E+04  0.15730857244378E+04  0.00000000000000E+00  0.00000000000000E+00  0.00000000000000E+00  0.00000000000000E+00  0.00000000000000E+00  0.00000000000000E+00  0.00000000000000E+00  0.00000000000000E+00  0.00000000000000E+00  0.00000000000000E+00  0.00000000000000E+00  0.00000000000000E+00  0.00000000000000E+00  0.00000000000000E+00  0.94906841311592E+05  0.00000000000000E+00
  -0.55626346134590E+05  0.71604117099222E+04 -0.20848411188784E+04 -0.21271329898554E+05  0.25160141049112E+04 -0.53300304777876E+04 -0.34207127612980E+04 -0.17006292791230E+06  0.54410320433129E+05  0.35452933106470E+04 -0.10451013750557E+04  0.13003925429122E-09 -0.21699887837603E-11  0.26253970970499E-12 -0.94101037295978E+03  0.26926312637084E+03 -0.19062577709116E+04 -0.13039634799000E+04  0.62862801470390E+05 -0.26627742736259E+02  0.40546864473589E+04 -0.27821065866905E+04 -0.81160176460098E+04 -0.29379730508524E+05  0.00000000000000E+00  0.00000000000000E+00  0.00000000000000E+00  0.00000000000000E+00  0.00000000000000E+00  0.00000000000000E+00  0.00000000000000E+00  0.00000000000000E+00  0.00000000000000E+00  0.00000000000000E+00  0.00000000000000E+00  0.00000000000000E+00  0.00000000000000E+00  0.00000000000000E+00  0.00000000000000E+00  0.99566052015258E+05

 # Covariance matrix (Bevington epsilon)
