# fitpack15: fit parameters                                                                         
# CJ15 AV18 final data choices                                                                      
# Created on 02/10/2020 at 04:51:48                                                                 

 # QCD setup
  INS                           0
  NVL                          11
  IORD                          1
  Q02                   1.6899999999999999     
  IPARAMC                      -7
  FLAVOR                4.0000000000000000     
  xmc                   1.3000000000000000     
  xmb                   4.5000000000000000     
  ncb                          12
  ihq                           1
  ias                           0

 # Theory corrections
  inuke                     10114
  itmc                          1
  iht                           2

 # fit parameters
 LAMBDA       0.22680        0.0000    
 a0uv          1.6561        0.0000    
 a1uv         0.53712       0.38426E-01
 a2uv          3.6105       0.15159E-01
 a3uv          0.0000        0.0000    
 a4uv          5.9043        1.2922    
 a5uv          0.0000        0.0000    
 a0dv          23.449        0.0000    
 a1dv          1.1502       0.44618E-01
 a2dv          6.7310       0.27571    
 a3dv         -3.4416       0.13943    
 a4dv          4.7296       0.22614    
 a5dv          0.0000        0.0000    
 a0ud         0.13835       0.55148E-02
 a1ud        -0.21346       0.42291E-02
 a2ud          8.9602       0.22660    
 a3ud          0.0000        0.0000    
 a4ud          18.072        1.8276    
 a5ud          0.0000        0.0000    
 a0du          35712.        0.0000    
 a1du          4.2088       0.13642    
 a2du          20.967        1.3201    
 a3du          17.000        0.0000    
 a4du          67.933        20.151    
 a0g           46.886        0.0000    
 a1g          0.60461       0.28838E-01
 a2g           5.6714       0.69859    
 a3g          -3.4408       0.11503    
 a4g           3.2844       0.24502    
 a5g           0.0000        0.0000    
 kappa        0.40000        0.0000    
 a6dv         0.27927E-02   0.23257E-02
 a7dv          2.0000        0.0000    
 off1        -0.22864       0.13653    
 off2          3.5442        1.6446    
 off3         -20.467        6.3252    
 off4          25.289        6.6921    
 ht1          -3.8344        1.0833    
 ht2           2.2252       0.22154    
 ht3          -2.1245       0.32141E-01
 ht4           2.6253       0.16940    
 dummy42       0.0000        0.0000    
 dummy43       0.0000        0.0000    
 dummy44       0.0000        0.0000    
 dummy45       0.0000        0.0000    
 dummy46       0.0000        0.0000    
 dummy47       0.0000        0.0000    
 dummy48       0.0000        0.0000    
 dummy49       0.0000        0.0000    
 bcdmsh2      0.97201       0.49533E-02
 bcdmsd2      0.99509       0.59385E-02
 ccfr          1.0000        0.0000    
 nutev         1.0000        0.0000    
 zeus         0.97998        0.0000    
 h1            1.0162        0.0000    
 e605          1.0319        0.0000    
 NmcH2         1.0091       0.72409E-02
 ntv_nu        1.0000        0.0000    
 ntv_nuba      1.0000        0.0000    
 cdf_jet      0.98910        0.0000    
 d0_jet       0.83504        0.0000    
 slac_p        1.0023       0.49939E-02
 slac_d        1.0036       0.54242E-02
 e866pp       0.99894       0.24769E-01
 e866pd       0.96078       0.20225E-01
 d0_gamje      1.0399       0.16646E-01
 h1b          0.97608        0.0000    
 jlab_p       0.98493       0.59083E-02
 jlab_d       0.97889       0.61200E-02
 blank         1.0000        0.0000    
 d0run2       0.95154       0.15446E-01
 cdfrun2      0.93632       0.17807E-01
 HERA_el       1.0000        0.0000    
 HERA_ps       1.0000        0.0000    
 CDF_Z        0.95641       0.69007E-02
 NmcRat        1.0000        0.0000    
 BNS_F2nd     0.94273       0.88102E-02
 HERMES_F     0.99572       0.57078E-02
 HERMES_F     0.97946       0.59212E-02
 END 0. 0.

 # Hessian matrix (Bevington alpha)
   0.48734759735039E+07 -0.11875231462654E+07  0.14433869140412E+06  0.53836132861054E+06 -0.13006402587438E+06  0.11847630126684E+05  0.70301416668104E+05  0.10228752179686E+07 -0.17845693592438E+06 -0.48290817017538E+05  0.66955183232812E+04  0.11227030673889E+05  0.12067420388764E+04 -0.61753471172331E+02  0.18392623053899E+05 -0.40389322604071E+04  0.23928764504801E+05  0.16354124833965E+05  0.69108490545073E+07 -0.64212255821062E+05 -0.27171406320863E+05 -0.12681426157854E+05 -0.63504007724054E+04 -0.20718599238456E+05 -0.11302752512984E+05 -0.26064542261761E+06 -0.10580644785641E+06 -0.13475451104973E+06 -0.57338041722351E+05 -0.57330325802028E+04 -0.86549798606375E+06 -0.11210841312699E+07 -0.21262597341661E+05 -0.48941475533443E+05 -0.32866275034822E+04 -0.19319053635248E+06 -0.21255195034004E+06 -0.89794417750278E+04 -0.31967239296326E+04 -0.20382463293329E+05  0.18493122033420E+05 -0.76973091201027E+05 -0.60774090652452E+05
  -0.11875231462654E+07  0.35442063256221E+06 -0.35548533563295E+05 -0.12187854666690E+06  0.31638835963476E+05  0.33303870026164E+04 -0.12731923925189E+05 -0.11768767121397E+06  0.23990188752485E+05  0.63665475770112E+04 -0.72412661353769E+03 -0.85527571234887E+03 -0.92053766331591E+02  0.79078725805734E+01 -0.28838491709857E+02  0.98522046577466E+02 -0.32689842701314E+03 -0.26745396557040E+03 -0.21588535435641E+07  0.15400734170817E+05  0.74231599873283E+04  0.38037131698019E+04  0.20482367978036E+04  0.92630887239806E+04  0.11611575129727E+05  0.75269253461580E+05  0.42217420232320E+05  0.16880625455564E+05  0.83979120947524E+04 -0.15776841219635E+03  0.20107848174867E+06  0.25271167262937E+06  0.57153698028825E+04  0.13361460672265E+05  0.42427723248445E+03  0.59076374508197E+05  0.64315321970616E+05  0.23326668131687E+04  0.74512386737201E+03 -0.20708083287172E+04 -0.23750170527872E+04  0.86817579079673E+04  0.73320577268735E+04
   0.14433869140412E+06 -0.35548533563295E+05  0.42978410601615E+04  0.15387234503740E+05 -0.38452287245836E+04  0.11594609004225E+03  0.19885394364189E+04  0.23356995901915E+05 -0.38803635132156E+04 -0.12833575183587E+04  0.15601556302123E+03  0.25864711111308E+03  0.30993643133473E+02 -0.19749475777760E+01  0.16679981657317E+02 -0.58682120609579E+02  0.13512055765902E+03  0.17540312784305E+03  0.20617040199591E+06 -0.18832141773616E+04 -0.80394044581885E+03 -0.37672571929880E+03 -0.18892965586865E+03 -0.63517829060879E+03 -0.44201670789881E+03 -0.77554192109619E+04 -0.31652993702540E+04 -0.38602216804279E+04 -0.16392647824435E+04 -0.24048958767848E+01 -0.25085504448443E+05 -0.32676585203882E+05 -0.63492515896540E+03 -0.14657304484852E+04 -0.84617494134210E+02 -0.57859614966773E+04 -0.63648639051430E+04 -0.26561816965192E+03 -0.94188889631286E+02 -0.13956587983288E+03  0.53725302461745E+03 -0.18980714608370E+04 -0.15295100383093E+04
   0.53836132861054E+06 -0.12187854666690E+06  0.15387234503740E+05  0.27806782949618E+06 -0.43129046754973E+05  0.50354996405703E+05  0.43129229596473E+05  0.33108690687896E+06 -0.31631319175062E+05 -0.15081489820395E+05  0.24672149534182E+04 -0.65231482351104E+03 -0.57970761156450E+02  0.24456492849640E+02  0.28728816910483E+05 -0.36630246032174E+04  0.30460706915552E+05  0.16974848854002E+05  0.13918883290297E+07 -0.17346810727911E+05 -0.67244827472931E+04 -0.27981655679740E+04 -0.12681449340765E+04 -0.11512994748577E+04  0.37099829516679E+04 -0.43368948671109E+05 -0.96666886433342E+04 -0.12387713199346E+05 -0.20622441895362E+05 -0.61683648565231E+02 -0.61871928609883E+05 -0.32261881367379E+06 -0.11233302772281E+04 -0.22559230985308E+04 -0.67764197345032E+02 -0.96948240664021E+04 -0.42827692836930E+05 -0.22009146731719E+04 -0.87369546158649E+03 -0.10081268949732E+05 -0.17938443598205E+05 -0.71511722340322E+04 -0.21285723473694E+05
  -0.13006402587438E+06  0.31638835963476E+05 -0.38452287245836E+04 -0.43129046754973E+05  0.81254689366025E+04 -0.52165492295117E+04 -0.63197990419592E+04 -0.28405556322255E+05  0.92607180849076E+03  0.18653474543512E+04 -0.23005424003636E+03 -0.31652727486825E+02 -0.35641633286179E+00 -0.18341616222542E+01 -0.23178840082898E+04  0.29879323137288E+03 -0.23270650239569E+04 -0.13049155832985E+04 -0.31687984027559E+06  0.32063944020441E+04  0.13926746797515E+04  0.62344848946897E+03  0.29560648937943E+03  0.56618334693338E+03  0.32860193782115E+03  0.96471612976204E+04  0.28141912945780E+04  0.19421181508470E+04  0.32983309385910E+04 -0.57121145638577E+02  0.11140143961850E+05  0.59548772925721E+05  0.28073973831067E+03  0.54148201805187E+03  0.87288514483993E+01  0.25214418431535E+04  0.10996156909253E+05  0.43025337054003E+03  0.16138222364237E+03  0.39648819100918E+03  0.28497469996868E+04  0.79570319963640E+03  0.24801936813023E+04
   0.11847630126684E+05  0.33303870026164E+04  0.11594609004225E+03  0.50354996405703E+05 -0.52165492295117E+04  0.14260411630376E+05  0.88306839886322E+04  0.94147618788718E+05 -0.10195605948488E+05 -0.36389143920461E+04  0.69166804289010E+03 -0.30129993801301E+03 -0.24764037629035E+02  0.76906502181659E+01  0.80855457427614E+04 -0.10603225422352E+04  0.87491849071294E+04  0.49667632467820E+04  0.48317721359157E+05 -0.20597325877840E+04 -0.51525996856294E+03 -0.11425749483382E+03 -0.18476536768549E+02  0.64553059291235E+03  0.26445757850075E+04 -0.20095233922839E+04  0.12102700045077E+04 -0.24544267991099E+04 -0.38104834710101E+04  0.12863341393636E+03 -0.83580798839747E+04 -0.40947705592614E+05  0.14165936059050E+01 -0.31988222679134E+02 -0.16448819442451E+02  0.18147915152599E+03  0.58211872510311E+03 -0.22796809656926E+03 -0.11506772592105E+03 -0.28746299095163E+04 -0.34834876185908E+04 -0.17195026027538E+04 -0.49621739964141E+04
   0.70301416668104E+05 -0.12731923925189E+05  0.19885394364189E+04  0.43129229596473E+05 -0.63197990419592E+04  0.88306839886322E+04  0.71677555769069E+04  0.50541649289214E+05 -0.36016028597451E+04 -0.25296131616409E+04  0.39023951409994E+03 -0.82398802039907E+02 -0.82649147832445E+01  0.37675459328970E+01  0.41203823509977E+04 -0.54922616652102E+03  0.42413717095103E+04  0.24387028461011E+04  0.16022948922397E+06 -0.24242234345460E+04 -0.87337948944711E+03 -0.32659770426302E+03 -0.13278797210611E+03  0.13957439375224E+03  0.12661127999393E+04 -0.52636461880079E+04 -0.37756079871659E+03 -0.22219814256447E+04 -0.35277585638189E+04  0.12285507206775E+03 -0.91759643629608E+04 -0.48051403450131E+05 -0.13189606264016E+03 -0.25980386420180E+03 -0.11694678210738E+02 -0.89821544340954E+03 -0.40952066229143E+04 -0.31485464879564E+03 -0.13346606715222E+03 -0.12332428226294E+04 -0.33139832608164E+04 -0.10612045270533E+04 -0.31841226583548E+04
   0.10228752179686E+07 -0.11768767121397E+06  0.23356995901915E+05  0.33108690687896E+06 -0.28405556322255E+05  0.94147618788718E+05  0.50541649289214E+05  0.57620259533931E+07 -0.25144248988494E+07 -0.89521844233436E+05  0.24658426515424E+05  0.22086784047581E+05  0.14646567905721E+04  0.57029044591664E+02  0.96238753410275E+05 -0.12789856132351E+05  0.12157123246683E+06  0.65161046039316E+05  0.43000444185376E+06 -0.37516790255852E+05 -0.71223161328821E+04 -0.18305448173688E+04 -0.59252865890453E+03  0.79961080090148E+04  0.47836143649782E+05 -0.31393773929238E+05  0.60845650873068E+04 -0.61042950983548E+05 -0.48447741153346E+05 -0.74491179196343E+05 -0.29820508647343E+06 -0.57238597968814E+06 -0.75032583191126E+05 -0.17176139303386E+06 -0.15145996055836E+04 -0.44932879688311E+04 -0.89631115030869E+04  0.10506815907400E+04  0.56299774060852E+03 -0.28402354279935E+06 -0.95045332377749E+04 -0.15245878852699E+06 -0.18382550215461E+06
  -0.17845693592438E+06  0.23990188752485E+05 -0.38803635132156E+04 -0.31631319175062E+05  0.92607180849076E+03 -0.10195605948488E+05 -0.36016028597451E+04 -0.25144248988494E+07  0.19404395203644E+07  0.19628643644817E+05 -0.61047982785019E+04 -0.45799584433298E+04 -0.24584424245278E+03 -0.85247731811781E+01  0.47352200812548E+05 -0.23252482381683E+04  0.17951892156073E+05  0.91219439361561E+04  0.92615091164712E+04  0.92148553028297E+04  0.14096725527179E+04  0.31358115382793E+03  0.94541808450768E+02 -0.18592278361513E+04 -0.11663715412068E+05  0.51054984808112E+04 -0.13777974160767E+04  0.10923312012851E+05  0.10260961445073E+05  0.25712978092388E+05  0.67347519838071E+05  0.12493945158471E+06  0.22884578475650E+05  0.52424197763412E+05  0.21840833509880E+03  0.56166401400083E+03  0.11206585670133E+04 -0.14676120235236E+04 -0.77363203284269E+03  0.11435929182042E+06  0.16743786059039E+04  0.46770078507916E+05  0.55896484930217E+05
  -0.48290817017538E+05  0.63665475770112E+04 -0.12833575183587E+04 -0.15081489820395E+05  0.18653474543512E+04 -0.36389143920461E+04 -0.25296131616409E+04 -0.89521844233436E+05  0.19628643644817E+05  0.24540019110596E+04 -0.53587058006246E+03 -0.52491126117218E+03 -0.45413286725505E+02 -0.73617492448023E+00 -0.40892915355349E+04  0.53965605982891E+03 -0.45727120012581E+04 -0.25912765304345E+04 -0.38803482037045E+05  0.11936859456394E+04  0.31089030013575E+03  0.97326130731063E+02  0.35201912459066E+02 -0.22635090180913E+03 -0.13174348769098E+04  0.17698920360624E+04 -0.12817728103385E+03  0.25492599672470E+04  0.17394785413885E+04  0.74687658932271E+03  0.10351830831398E+05  0.21133031172277E+05  0.14135507540747E+04  0.32005018457868E+04  0.43634775213797E+02  0.39443819071115E+03  0.76164444951256E+03  0.10182322901959E+03  0.47166248129493E+02  0.31099412556639E+04  0.45509053826413E+03  0.28467174634585E+04  0.35196152453747E+04
   0.66955183232812E+04 -0.72412661353769E+03  0.15601556302123E+03  0.24672149534182E+04 -0.23005424003636E+03  0.69166804289010E+03  0.39023951409994E+03  0.24658426515424E+05 -0.61047982785019E+04 -0.53587058006246E+03  0.13791454427409E+03  0.13650205610230E+03  0.97363941023998E+01  0.31148227125408E+00  0.11499432930571E+04 -0.13491014794878E+03  0.12312254326251E+04  0.66774249715883E+03  0.37506824608801E+04 -0.21190291195515E+03 -0.43607307919601E+02 -0.11626479822112E+02 -0.38099700820667E+01  0.46904526099135E+02  0.27407964218016E+03 -0.20170233305915E+03  0.36582211745296E+02 -0.38999023685152E+03 -0.29186107559774E+03 -0.32001768035886E+03 -0.17521668659033E+04 -0.34025762221654E+04 -0.37446943897799E+03 -0.85750498450195E+03 -0.10065413658031E+02 -0.29577891339977E+02 -0.59187825246624E+02 -0.70775338885111E+01 -0.36929720941992E+01 -0.10532814181443E+04 -0.60301358554193E+02 -0.76079283200495E+03 -0.92281545804838E+03
   0.11227030673889E+05 -0.85527571234887E+03  0.25864711111308E+03 -0.65231482351104E+03 -0.31652727486825E+02 -0.30129993801301E+03 -0.82398802039907E+02  0.22086784047581E+05 -0.45799584433298E+04 -0.52491126117218E+03  0.13650205610230E+03  0.91156867990961E+03  0.60799647881552E+02 -0.85030691063955E+00  0.11001701385348E+04 -0.16672027461537E+03  0.15726282591551E+04  0.89760140070827E+03  0.39770222473933E+04  0.19848417611860E+03  0.19469056212679E+02  0.14593317840226E+00 -0.63991133935414E+00  0.39955923923974E+02  0.25861720587842E+03 -0.47375693221397E+02  0.27274114288597E+02 -0.82200149535671E+03  0.31082790381039E-10 -0.50039043370844E+03 -0.38036076073585E+04 -0.61728649503048E-09 -0.16547098517214E+04 -0.44497951967240E+02 -0.58276537022983E+02 -0.84068395368397E-01 -0.14185322128270E-10 -0.12985899697802E+01 -0.56162633262812E+00  0.20374252351274E+03  0.23665013738712E+03 -0.20495696121348E+04  0.17893210616596E-10
   0.12067420388764E+04 -0.92053766331591E+02  0.30993643133473E+02 -0.57970761156450E+02 -0.35641633286179E+00 -0.24764037629035E+02 -0.82649147832445E+01  0.14646567905721E+04 -0.24584424245278E+03 -0.45413286725505E+02  0.97363941023998E+01  0.60799647881552E+02  0.53896072868714E+01 -0.82195218129775E-01  0.65506815742154E+02 -0.11737695867240E+02  0.10055267772110E+03  0.61591038086154E+02  0.23520373809055E+03  0.10465715165988E+02  0.13801882268746E+01  0.13922060204380E-01 -0.64187213361927E-01  0.45051715666595E+01  0.26072360938371E+02 -0.78616705714177E+01  0.37621056645660E+01 -0.11617294012709E+03  0.10139280405178E-11 -0.19790438430785E+02 -0.43195600394938E+03 -0.15364782018360E-10 -0.10308512938188E+03 -0.11256794814377E+02 -0.46616476776178E+01 -0.60036513540161E-01 -0.47732209073337E-11 -0.13281876154811E+00 -0.52415237983891E-01  0.20112122835375E+02  0.51558346964557E+02 -0.14771791282284E+03  0.48583631947324E-11
  -0.61753471172331E+02  0.79078725805734E+01 -0.19749475777760E+01  0.24456492849640E+02 -0.18341616222542E+01  0.76906502181659E+01  0.37675459328970E+01  0.57029044591664E+02 -0.85247731811781E+01 -0.73617492448023E+00  0.31148227125408E+00 -0.85030691063955E+00 -0.82195218129775E-01  0.19755497780299E-01  0.86122837600229E+01 -0.58614422569406E+00  0.56939881695161E+01  0.25551298667196E+01  0.19971652789846E+02  0.87659929177691E+00 -0.34495979598818E-01 -0.13744868100465E-01 -0.45916852140768E-02 -0.49021192647938E-02  0.46915392358979E-02 -0.71677800910589E-03 -0.12692588764100E-01  0.36892735806829E-01  0.14166295233279E-12 -0.33252631282324E+01 -0.19867671475562E+00 -0.21958757396702E-11 -0.12298592847028E+01 -0.41151588769220E-06 -0.70553454091854E-01  0.00000000000000E+00  0.23932502243637E-13 -0.85629217574634E-03 -0.47682832330340E-03 -0.14476973480377E+01  0.43898220156621E-06 -0.12348581326084E+01 -0.54253102470607E-12
   0.18392623053899E+05 -0.28838491709857E+02  0.16679981657317E+02  0.28728816910483E+05 -0.23178840082898E+04  0.80855457427614E+04  0.41203823509977E+04  0.96238753410275E+05  0.47352200812548E+05 -0.40892915355349E+04  0.11499432930571E+04  0.11001701385348E+04  0.65506815742154E+02  0.86122837600229E+01  0.52798077400092E+05 -0.53036511170555E+04  0.48137025009867E+05  0.25411771046794E+05  0.45064166475632E+05  0.33627419963205E+02  0.60120027429675E+02  0.29497164471898E+02  0.13572875628223E+02 -0.56384853998597E+00 -0.83302647187055E+02  0.93748988748006E+03  0.10499552098282E+03 -0.31872629673915E+04 -0.20639563106849E+04 -0.25091844909603E+04  0.17909439622134E+04  0.41959044498831E+04 -0.14861787456881E+04 -0.30946174877634E+04 -0.75453133825577E+03  0.41714907054939E+03  0.70908139090864E+03 -0.32583209921402E+04 -0.16749208436512E+04 -0.20602146689796E+04  0.24075716389005E+03 -0.10335645202668E+04 -0.11690881368567E+04
  -0.40389322604071E+04  0.98522046577466E+02 -0.58682120609579E+02 -0.36630246032174E+04  0.29879323137288E+03 -0.10603225422352E+04 -0.54922616652102E+03 -0.12789856132351E+05 -0.23252482381683E+04  0.53965605982891E+03 -0.13491014794878E+03 -0.16672027461537E+03 -0.11737695867240E+02 -0.58614422569406E+00 -0.53036511170555E+04  0.62548614808468E+03 -0.55612382859461E+04 -0.30493230022354E+04 -0.52586596248239E+04  0.11561732250034E+02 -0.84537020787388E+01 -0.56028498972342E+01 -0.29364092592104E+01 -0.13498619324378E+02 -0.44129404253409E+02 -0.19969324032994E+03 -0.44626965415759E+02  0.63337731688559E+03  0.39609200645113E+03  0.30331359622720E+03 -0.93437744335522E+02 -0.41574443817276E+03  0.16899353974104E+03  0.34851109211280E+03  0.90018144580318E+02 -0.11349492309273E+03 -0.18989916969626E+03  0.55055842302046E+03  0.26150859288856E+03 -0.42960309142716E+03 -0.42346580231513E+02  0.30044557673917E+03  0.33859860873471E+03
   0.23928764504801E+05 -0.32689842701314E+03  0.13512055765902E+03  0.30460706915552E+05 -0.23270650239569E+04  0.87491849071294E+04  0.42413717095103E+04  0.12157123246683E+06  0.17951892156073E+05 -0.45727120012581E+04  0.12312254326251E+04  0.15726282591551E+04  0.10055267772110E+03  0.56939881695161E+01  0.48137025009867E+05 -0.55612382859461E+04  0.50881740748382E+05  0.27563800311804E+05  0.49543383999977E+05  0.18553436439072E+02  0.79844151063672E+02  0.33784579211673E+02  0.12687610572127E+02 -0.98393281057069E+02 -0.32564006898599E+03  0.98833983347321E+03 -0.13604893476568E+03 -0.39546331323200E+04 -0.24969655268830E+04 -0.32016470091205E+04  0.28969710439629E+04  0.66706676454977E+04 -0.15398358959200E+04 -0.32246397006543E+04 -0.81736919243418E+03  0.13565719672389E+03  0.26572328854169E+03 -0.37053497531512E+04 -0.19662136710548E+04  0.23935325716985E+04  0.43587931022574E+03 -0.24745142120529E+04 -0.27474877112387E+04
   0.16354124833965E+05 -0.26745396557040E+03  0.17540312784305E+03  0.16974848854002E+05 -0.13049155832985E+04  0.49667632467820E+04  0.24387028461011E+04  0.65161046039316E+05  0.91219439361561E+04 -0.25912765304345E+04  0.66774249715883E+03  0.89760140070827E+03  0.61591038086154E+02  0.25551298667196E+01  0.25411771046794E+05 -0.30493230022354E+04  0.27563800311804E+05  0.15119607690011E+05  0.26428309833085E+05 -0.19743231384809E+02  0.47587916941321E+02  0.23669753657244E+02  0.10070127648967E+02 -0.23745437161749E+02 -0.46078681901447E+02  0.75508276956695E+03 -0.13919781538038E+02 -0.27441193447060E+04 -0.16996356637171E+04 -0.15983951654483E+04  0.12695665887791E+04  0.35053628297051E+04 -0.78903916519115E+03 -0.16488926010900E+04 -0.45202237389500E+03  0.19667866972601E+03  0.35388764152665E+03 -0.24157399365451E+04 -0.12247748852073E+04  0.22698296335894E+04  0.28616612805924E+03 -0.16534737647288E+04 -0.18401797921722E+04
   0.69108490545073E+07 -0.21588535435641E+07  0.20617040199591E+06  0.13918883290297E+07 -0.31687984027559E+06  0.48317721359157E+05  0.16022948922397E+06  0.43000444185376E+06  0.92615091164712E+04 -0.38803482037045E+05  0.37506824608801E+04  0.39770222473933E+04  0.23520373809055E+03  0.19971652789846E+02  0.45064166475632E+05 -0.52586596248239E+04  0.49543383999977E+05  0.26428309833085E+05  0.20118696940869E+08 -0.15209580751462E+06 -0.77452284243244E+05 -0.40414096441218E+05 -0.21955445353037E+05 -0.70346746479979E+05 -0.93934848696590E+05 -0.55470593245713E+06 -0.31411138713151E+06 -0.32521332806829E+05 -0.73530680327266E+05  0.10496762245964E+04 -0.51104789728968E+06 -0.25031597793107E+07 -0.15141478635615E+05 -0.30322717535568E+05 -0.20122752985819E+03 -0.16208777771759E+06 -0.69160843937136E+06 -0.22323051734384E+05 -0.70820674220441E+04  0.17557121948800E+05 -0.48007439681214E+05 -0.19174965620359E+05 -0.60241010251318E+05
  -0.64212255821062E+05  0.15400734170817E+05 -0.18832141773616E+04 -0.17346810727911E+05  0.32063944020441E+04 -0.20597325877840E+04 -0.24242234345460E+04 -0.37516790255852E+05  0.92148553028297E+04  0.11936859456394E+04 -0.21190291195515E+03  0.19848417611860E+03  0.10465715165988E+02  0.87659929177691E+00  0.33627419963205E+02  0.11561732250034E+02  0.18553436439072E+02 -0.19743231384809E+02 -0.15209580751462E+06  0.29322420037919E+04  0.95994170392724E+03  0.40811235105677E+03  0.19699946862200E+03  0.26279980387511E+03 -0.28432724621042E+03  0.46775469532390E+04  0.17302837544554E+04  0.00000000000000E+00  0.25789031318009E+04  0.00000000000000E+00  0.00000000000000E+00  0.40612386214085E+05  0.00000000000000E+00  0.00000000000000E+00  0.00000000000000E+00  0.00000000000000E+00  0.56785558720706E+04  0.00000000000000E+00  0.00000000000000E+00  0.00000000000000E+00 -0.18544768176652E+04  0.00000000000000E+00  0.42326267910134E+04
  -0.27171406320863E+05  0.74231599873283E+04 -0.80394044581885E+03 -0.67244827472931E+04  0.13926746797515E+04 -0.51525996856294E+03 -0.87337948944711E+03 -0.71223161328821E+04  0.14096725527179E+04  0.31089030013575E+03 -0.43607307919601E+02  0.19469056212679E+02  0.13801882268746E+01 -0.34495979598818E-01  0.60120027429675E+02 -0.84537020787388E+01  0.79844151063672E+02  0.47587916941321E+02 -0.77452284243244E+05  0.95994170392724E+03  0.40507865035784E+03  0.19190487892640E+03  0.98698006275448E+02  0.20062801929559E+03  0.13463255345641E+03  0.21764876239205E+04  0.10248155442942E+04  0.00000000000000E+00  0.66774195386193E+03  0.00000000000000E+00  0.00000000000000E+00  0.15024689551683E+05  0.00000000000000E+00  0.00000000000000E+00  0.00000000000000E+00  0.00000000000000E+00  0.28454415174377E+04  0.00000000000000E+00  0.00000000000000E+00  0.00000000000000E+00 -0.52944196593081E+03  0.00000000000000E+00  0.87462469406829E+03
  -0.12681426157854E+05  0.38037131698019E+04 -0.37672571929880E+03 -0.27981655679740E+04  0.62344848946897E+03 -0.11425749483382E+03 -0.32659770426302E+03 -0.18305448173688E+04  0.31358115382793E+03  0.97326130731063E+02 -0.11626479822112E+02  0.14593317840226E+00  0.13922060204380E-01 -0.13744868100465E-01  0.29497164471898E+02 -0.56028498972342E+01  0.33784579211673E+02  0.23669753657244E+02 -0.40414096441218E+05  0.40811235105677E+03  0.19190487892640E+03  0.97232088247904E+02  0.52355968259378E+02  0.12590721865940E+03  0.13501599777661E+03  0.10803722448448E+04  0.60195044644524E+03  0.00000000000000E+00  0.19452701262280E+03  0.00000000000000E+00  0.00000000000000E+00  0.64332483031057E+04  0.00000000000000E+00  0.00000000000000E+00  0.00000000000000E+00  0.00000000000000E+00  0.14627114482870E+04  0.00000000000000E+00  0.00000000000000E+00  0.00000000000000E+00 -0.17016853627941E+03  0.00000000000000E+00  0.25717275129978E+03
  -0.63504007724054E+04  0.20482367978036E+04 -0.18892965586865E+03 -0.12681449340765E+04  0.29560648937943E+03 -0.18476536768549E+02 -0.13278797210611E+03 -0.59252865890453E+03  0.94541808450768E+02  0.35201912459066E+02 -0.38099700820667E+01 -0.63991133935414E+00 -0.64187213361927E-01 -0.45916852140768E-02  0.13572875628223E+02 -0.29364092592104E+01  0.12687610572127E+02  0.10070127648967E+02 -0.21955445353037E+05  0.19699946862200E+03  0.98698006275448E+02  0.52355968259378E+02  0.29170957781917E+02  0.76010698239579E+02  0.90672598423075E+02  0.56612252850652E+03  0.35789150758457E+03  0.00000000000000E+00  0.59351574409431E+02  0.00000000000000E+00  0.00000000000000E+00  0.30565054533270E+04  0.00000000000000E+00  0.00000000000000E+00  0.00000000000000E+00  0.00000000000000E+00  0.76985927462802E+03  0.00000000000000E+00  0.00000000000000E+00  0.00000000000000E+00 -0.57578120389648E+02  0.00000000000000E+00  0.94761756520365E+02
  -0.20718599238456E+05  0.92630887239806E+04 -0.63517829060879E+03 -0.11512994748577E+04  0.56618334693338E+03  0.64553059291235E+03  0.13957439375224E+03  0.79961080090148E+04 -0.18592278361513E+04 -0.22635090180913E+03  0.46904526099135E+02  0.39955923923974E+02  0.45051715666595E+01 -0.49021192647938E-02 -0.56384853998597E+00 -0.13498619324378E+02 -0.98393281057069E+02 -0.23745437161749E+02 -0.70346746479979E+05  0.26279980387511E+03  0.20062801929559E+03  0.12590721865940E+03  0.76010698239579E+02  0.48964637824914E+03  0.92974120178211E+03  0.22644612286090E+04  0.19338737462793E+04 -0.76571264873800E+02 -0.46630497465462E+02  0.25253319060491E+00  0.12499756938432E+04  0.20327374106898E+04  0.00000000000000E+00  0.00000000000000E+00  0.00000000000000E+00  0.20776475747156E+04  0.33265174869155E+04  0.00000000000000E+00  0.00000000000000E+00  0.00000000000000E+00 -0.18243586392507E+03 -0.37720264110368E+03 -0.41394973426149E+03
  -0.11302752512984E+05  0.11611575129727E+05 -0.44201670789881E+03  0.37099829516679E+04  0.32860193782115E+03  0.26445757850075E+04  0.12661127999393E+04  0.47836143649782E+05 -0.11663715412068E+05 -0.13174348769098E+04  0.27407964218016E+03  0.25861720587842E+03  0.26072360938371E+02  0.46915392358979E-02 -0.83302647187055E+02 -0.44129404253409E+02 -0.32564006898599E+03 -0.46078681901447E+02 -0.93934848696590E+05 -0.28432724621042E+03  0.13463255345641E+03  0.13501599777661E+03  0.90672598423075E+02  0.92974120178211E+03  0.26455586592186E+04  0.25748941629242E+04  0.28089338393469E+04 -0.23035792840114E+03 -0.16685748871109E+03 -0.75273240849273E+02 -0.60245928745110E+04 -0.10342511021203E+05  0.00000000000000E+00  0.00000000000000E+00  0.00000000000000E+00  0.33864487699123E+04  0.53170326266209E+04  0.00000000000000E+00  0.00000000000000E+00  0.00000000000000E+00 -0.73451520497745E+03 -0.25421976498734E+04 -0.27910527757430E+04
  -0.26064542261761E+06  0.75269253461580E+05 -0.77554192109619E+04 -0.43368948671109E+05  0.96471612976204E+04 -0.20095233922839E+04 -0.52636461880079E+04 -0.31393773929238E+05  0.51054984808112E+04  0.17698920360624E+04 -0.20170233305915E+03 -0.47375693221397E+02 -0.78616705714177E+01 -0.71677800910589E-03  0.93748988748006E+03 -0.19969324032994E+03  0.98833983347321E+03  0.75508276956695E+03 -0.55470593245713E+06  0.46775469532390E+04  0.21764876239205E+04  0.10803722448448E+04  0.56612252850652E+03  0.22644612286090E+04  0.25748941629242E+04  0.22022051771290E+05  0.10382547310889E+05  0.24899783481850E+03  0.18677476671161E+03 -0.62939625463616E+00  0.39973071331610E+05  0.79160729394000E+05  0.00000000000000E+00  0.00000000000000E+00  0.00000000000000E+00  0.15229757860634E+05  0.24493046652778E+05  0.00000000000000E+00  0.00000000000000E+00  0.00000000000000E+00  0.17239633688357E+04  0.17490952521091E+04  0.21292077136390E+04
  -0.10580644785641E+06  0.42217420232320E+05 -0.31652993702540E+04 -0.96666886433342E+04  0.28141912945780E+04  0.12102700045077E+04 -0.37756079871659E+03  0.60845650873068E+04 -0.13777974160767E+04 -0.12817728103385E+03  0.36582211745296E+02  0.27274114288597E+02  0.37621056645660E+01 -0.12692588764100E-01  0.10499552098282E+03 -0.44626965415759E+02 -0.13604893476568E+03 -0.13919781538038E+02 -0.31411138713151E+06  0.17302837544554E+04  0.10248155442942E+04  0.60195044644524E+03  0.35789150758457E+03  0.19338737462793E+04  0.28089338393469E+04  0.10382547310889E+05  0.86167698936118E+04 -0.22418984784013E+03 -0.12070554449060E+03  0.12461800750661E+02  0.12638325918901E+05  0.21157547001974E+05  0.00000000000000E+00  0.00000000000000E+00  0.00000000000000E+00  0.80106937339474E+04  0.13090976381950E+05  0.00000000000000E+00  0.00000000000000E+00  0.00000000000000E+00 -0.27646838374486E+03 -0.16263656475662E+03 -0.16410837498378E+03
  -0.13475451104973E+06  0.16880625455564E+05 -0.38602216804279E+04 -0.12387713199346E+05  0.19421181508470E+04 -0.24544267991099E+04 -0.22219814256447E+04 -0.61042950983548E+05  0.10923312012851E+05  0.25492599672470E+04 -0.38999023685152E+03 -0.82200149535671E+03 -0.11617294012709E+03  0.36892735806829E-01 -0.31872629673915E+04  0.63337731688559E+03 -0.39546331323200E+04 -0.27441193447060E+04 -0.32521332806829E+05  0.00000000000000E+00  0.00000000000000E+00  0.00000000000000E+00  0.00000000000000E+00 -0.76571264873800E+02 -0.23035792840114E+03  0.24899783481850E+03 -0.22418984784013E+03  0.11647944784044E+06  0.00000000000000E+00  0.00000000000000E+00  0.00000000000000E+00  0.00000000000000E+00  0.00000000000000E+00  0.00000000000000E+00  0.00000000000000E+00  0.00000000000000E+00  0.00000000000000E+00  0.00000000000000E+00  0.00000000000000E+00  0.00000000000000E+00  0.00000000000000E+00  0.00000000000000E+00  0.00000000000000E+00
  -0.57338041722351E+05  0.83979120947524E+04 -0.16392647824435E+04 -0.20622441895362E+05  0.32983309385910E+04 -0.38104834710101E+04 -0.35277585638189E+04 -0.48447741153346E+05  0.10260961445073E+05  0.17394785413885E+04 -0.29186107559774E+03  0.31082790381039E-10  0.10139280405178E-11  0.14166295233279E-12 -0.20639563106849E+04  0.39609200645113E+03 -0.24969655268830E+04 -0.16996356637171E+04 -0.73530680327266E+05  0.25789031318009E+04  0.66774195386193E+03  0.19452701262280E+03  0.59351574409431E+02 -0.46630497465462E+02 -0.16685748871109E+03  0.18677476671161E+03 -0.12070554449060E+03  0.00000000000000E+00  0.64358611850465E+05  0.00000000000000E+00  0.00000000000000E+00  0.00000000000000E+00  0.00000000000000E+00  0.00000000000000E+00  0.00000000000000E+00  0.00000000000000E+00  0.00000000000000E+00  0.00000000000000E+00  0.00000000000000E+00  0.00000000000000E+00  0.00000000000000E+00  0.00000000000000E+00  0.00000000000000E+00
  -0.57330325802028E+04 -0.15776841219635E+03 -0.24048958767848E+01 -0.61683648565231E+02 -0.57121145638577E+02  0.12863341393636E+03  0.12285507206775E+03 -0.74491179196343E+05  0.25712978092388E+05  0.74687658932271E+03 -0.32001768035886E+03 -0.50039043370844E+03 -0.19790438430785E+02 -0.33252631282324E+01 -0.25091844909603E+04  0.30331359622720E+03 -0.32016470091205E+04 -0.15983951654483E+04  0.10496762245964E+04  0.00000000000000E+00  0.00000000000000E+00  0.00000000000000E+00  0.00000000000000E+00  0.25253319060491E+00 -0.75273240849273E+02 -0.62939625463616E+00  0.12461800750661E+02  0.00000000000000E+00  0.00000000000000E+00  0.30661302840101E+05  0.00000000000000E+00  0.00000000000000E+00  0.00000000000000E+00  0.00000000000000E+00  0.00000000000000E+00  0.00000000000000E+00  0.00000000000000E+00  0.00000000000000E+00  0.00000000000000E+00  0.00000000000000E+00  0.00000000000000E+00  0.00000000000000E+00  0.00000000000000E+00
  -0.86549798606375E+06  0.20107848174867E+06 -0.25085504448443E+05 -0.61871928609883E+05  0.11140143961850E+05 -0.83580798839747E+04 -0.91759643629608E+04 -0.29820508647343E+06  0.67347519838071E+05  0.10351830831398E+05 -0.17521668659033E+04 -0.38036076073585E+04 -0.43195600394938E+03 -0.19867671475562E+00  0.17909439622134E+04 -0.93437744335522E+02  0.28969710439629E+04  0.12695665887791E+04 -0.51104789728968E+06  0.00000000000000E+00  0.00000000000000E+00  0.00000000000000E+00  0.00000000000000E+00  0.12499756938432E+04 -0.60245928745110E+04  0.39973071331610E+05  0.12638325918901E+05  0.00000000000000E+00  0.00000000000000E+00  0.00000000000000E+00  0.58031070035080E+06  0.00000000000000E+00  0.00000000000000E+00  0.00000000000000E+00  0.00000000000000E+00  0.00000000000000E+00  0.00000000000000E+00  0.00000000000000E+00  0.00000000000000E+00  0.00000000000000E+00  0.00000000000000E+00  0.00000000000000E+00  0.00000000000000E+00
  -0.11210841312699E+07  0.25271167262937E+06 -0.32676585203882E+05 -0.32261881367379E+06  0.59548772925721E+05 -0.40947705592614E+05 -0.48051403450131E+05 -0.57238597968814E+06  0.12493945158471E+06  0.21133031172277E+05 -0.34025762221654E+04 -0.61728649503048E-09 -0.15364782018360E-10 -0.21958757396702E-11  0.41959044498831E+04 -0.41574443817276E+03  0.66706676454977E+04  0.35053628297051E+04 -0.25031597793107E+07  0.40612386214085E+05  0.15024689551683E+05  0.64332483031057E+04  0.30565054533270E+04  0.20327374106898E+04 -0.10342511021203E+05  0.79160729394000E+05  0.21157547001974E+05  0.00000000000000E+00  0.00000000000000E+00  0.00000000000000E+00  0.00000000000000E+00  0.91922309559811E+06  0.00000000000000E+00  0.00000000000000E+00  0.00000000000000E+00  0.00000000000000E+00  0.00000000000000E+00  0.00000000000000E+00  0.00000000000000E+00  0.00000000000000E+00  0.00000000000000E+00  0.00000000000000E+00  0.00000000000000E+00
  -0.21262597341661E+05  0.57153698028825E+04 -0.63492515896540E+03 -0.11233302772281E+04  0.28073973831067E+03  0.14165936059050E+01 -0.13189606264016E+03 -0.75032583191126E+05  0.22884578475650E+05  0.14135507540747E+04 -0.37446943897799E+03 -0.16547098517214E+04 -0.10308512938188E+03 -0.12298592847028E+01 -0.14861787456881E+04  0.16899353974104E+03 -0.15398358959200E+04 -0.78903916519115E+03 -0.15141478635615E+05  0.00000000000000E+00  0.00000000000000E+00  0.00000000000000E+00  0.00000000000000E+00  0.00000000000000E+00  0.00000000000000E+00  0.00000000000000E+00  0.00000000000000E+00  0.00000000000000E+00  0.00000000000000E+00  0.00000000000000E+00  0.00000000000000E+00  0.00000000000000E+00  0.13823508924330E+05  0.00000000000000E+00  0.00000000000000E+00  0.00000000000000E+00  0.00000000000000E+00  0.00000000000000E+00  0.00000000000000E+00  0.00000000000000E+00  0.00000000000000E+00  0.00000000000000E+00  0.00000000000000E+00
  -0.48941475533443E+05  0.13361460672265E+05 -0.14657304484852E+04 -0.22559230985308E+04  0.54148201805187E+03 -0.31988222679134E+02 -0.25980386420180E+03 -0.17176139303386E+06  0.52424197763412E+05  0.32005018457868E+04 -0.85750498450195E+03 -0.44497951967240E+02 -0.11256794814377E+02 -0.41151588769220E-06 -0.30946174877634E+04  0.34851109211280E+03 -0.32246397006543E+04 -0.16488926010900E+04 -0.30322717535568E+05  0.00000000000000E+00  0.00000000000000E+00  0.00000000000000E+00  0.00000000000000E+00  0.00000000000000E+00  0.00000000000000E+00  0.00000000000000E+00  0.00000000000000E+00  0.00000000000000E+00  0.00000000000000E+00  0.00000000000000E+00  0.00000000000000E+00  0.00000000000000E+00  0.00000000000000E+00  0.31981850934334E+05  0.00000000000000E+00  0.00000000000000E+00  0.00000000000000E+00  0.00000000000000E+00  0.00000000000000E+00  0.00000000000000E+00  0.00000000000000E+00  0.00000000000000E+00  0.00000000000000E+00
  -0.32866275034822E+04  0.42427723248445E+03 -0.84617494134210E+02 -0.67764197345032E+02  0.87288514483993E+01 -0.16448819442451E+02 -0.11694678210738E+02 -0.15145996055836E+04  0.21840833509880E+03  0.43634775213797E+02 -0.10065413658031E+02 -0.58276537022983E+02 -0.46616476776178E+01 -0.70553454091854E-01 -0.75453133825577E+03  0.90018144580318E+02 -0.81736919243418E+03 -0.45202237389500E+03 -0.20122752985819E+03  0.00000000000000E+00  0.00000000000000E+00  0.00000000000000E+00  0.00000000000000E+00  0.00000000000000E+00  0.00000000000000E+00  0.00000000000000E+00  0.00000000000000E+00  0.00000000000000E+00  0.00000000000000E+00  0.00000000000000E+00  0.00000000000000E+00  0.00000000000000E+00  0.00000000000000E+00  0.00000000000000E+00  0.37799090732462E+04  0.00000000000000E+00  0.00000000000000E+00  0.00000000000000E+00  0.00000000000000E+00  0.00000000000000E+00  0.00000000000000E+00  0.00000000000000E+00  0.00000000000000E+00
  -0.19319053635248E+06  0.59076374508197E+05 -0.57859614966773E+04 -0.96948240664021E+04  0.25214418431535E+04  0.18147915152599E+03 -0.89821544340954E+03 -0.44932879688311E+04  0.56166401400083E+03  0.39443819071115E+03 -0.29577891339977E+02 -0.84068395368397E-01 -0.60036513540161E-01  0.00000000000000E+00  0.41714907054939E+03 -0.11349492309273E+03  0.13565719672389E+03  0.19667866972601E+03 -0.16208777771759E+06  0.00000000000000E+00  0.00000000000000E+00  0.00000000000000E+00  0.00000000000000E+00  0.20776475747156E+04  0.33864487699123E+04  0.15229757860634E+05  0.80106937339474E+04  0.00000000000000E+00  0.00000000000000E+00  0.00000000000000E+00  0.00000000000000E+00  0.00000000000000E+00  0.00000000000000E+00  0.00000000000000E+00  0.00000000000000E+00  0.10744716174525E+06  0.00000000000000E+00  0.00000000000000E+00  0.00000000000000E+00  0.00000000000000E+00  0.00000000000000E+00  0.00000000000000E+00  0.00000000000000E+00
  -0.21255195034004E+06  0.64315321970616E+05 -0.63648639051430E+04 -0.42827692836930E+05  0.10996156909253E+05  0.58211872510311E+03 -0.40952066229143E+04 -0.89631115030869E+04  0.11206585670133E+04  0.76164444951256E+03 -0.59187825246624E+02 -0.14185322128270E-10 -0.47732209073337E-11  0.23932502243637E-13  0.70908139090864E+03 -0.18989916969626E+03  0.26572328854169E+03  0.35388764152665E+03 -0.69160843937136E+06  0.56785558720706E+04  0.28454415174377E+04  0.14627114482870E+04  0.76985927462802E+03  0.33265174869155E+04  0.53170326266209E+04  0.24493046652778E+05  0.13090976381950E+05  0.00000000000000E+00  0.00000000000000E+00  0.00000000000000E+00  0.00000000000000E+00  0.00000000000000E+00  0.00000000000000E+00  0.00000000000000E+00  0.00000000000000E+00  0.00000000000000E+00  0.13792699391900E+06  0.00000000000000E+00  0.00000000000000E+00  0.00000000000000E+00  0.00000000000000E+00  0.00000000000000E+00  0.00000000000000E+00
