
       y = 1.0124 + 0.055708 * x + 0.022158 * x**2 + 0.002009 * x**3

       y = 0.9883 + 0.055708 * x + 0.060812 * x**2 + 0.002009 * x**3 
      #- 0.0072279 * x**4
