# fitpack15: fit parameters                                                                         
# CJ15 AV18 final data choices                                                                      
# Created on 06/14/2019 at 00:08:51                                                                 

 # QCD setup
  INS                           0
  NVL                          11
  IORD                          1
  Q02                   1.6899999999999999     
  IPARAMC                       7
  FLAVOR                4.0000000000000000     
  xmc                   1.3000000000000000     
  xmb                   4.5000000000000000     
  ncb                          12
  ihq                           1
  ias                           0

 # Theory corrections
  inuke                     10914
  itmc                          1
  iht                           1

 # fit parameters
 LAMBDA       0.22680        0.0000    
 a0uv          2.1845        0.0000    
 a1uv         0.59103       0.20719E-01
 a2uv          3.5351       0.11089E-01
 a3uv          0.0000        0.0000    
 a4uv          3.8419       0.48312    
 a5uv          0.0000        0.0000    
 a0dv          16.924        0.0000    
 a1dv          1.0741       0.29622E-01
 a2dv          6.0395       0.98505E-01
 a3dv         -3.3012       0.84612E-01
 a4dv          4.4705       0.13741    
 a5dv          0.0000        0.0000    
 a0ud         0.14451       0.49609E-02
 a1ud        -0.20893       0.37478E-02
 a2ud          8.2748       0.17644    
 a3ud          0.0000        0.0000    
 a4ud          14.879        1.1497    
 a5ud          0.0000        0.0000    
 a0du          35712.        0.0000    
 a1du          4.0207       0.66734E-01
 a2du          20.220       0.86310    
 a3du          17.000        0.0000    
 a4du          47.035        6.0711    
 a0g           43.138        0.0000    
 a1g          0.59364       0.30616E-01
 a2g           6.1556       0.95369    
 a3g          -3.3096       0.13024    
 a4g           3.1620       0.29697    
 a5g           0.0000        0.0000    
 kappa        0.40000        0.0000    
 a6dv          0.0000        0.0000    
 a7dv          0.0000        0.0000    
 off1         -3.2787       0.79280    
 off2         0.30449       0.89102E-01
 off3         0.50000E-01    0.0000    
 ht1          -3.3864       0.29245    
 ht2           2.0294       0.12079    
 ht3          -2.0986       0.30480E-01
 ht4           0.0000        0.0000    
 dummy41       0.0000        0.0000    
 dummy42       0.0000        0.0000    
 dummy43       0.0000        0.0000    
 dummy44       0.0000        0.0000    
 dummy45       0.0000        0.0000    
 dummy46       0.0000        0.0000    
 dummy47       0.0000        0.0000    
 dummy48       0.0000        0.0000    
 dummy49       0.0000        0.0000    
 bcdmsh2      0.96782       0.48466E-02
 bcdmsd2      0.98979       0.57853E-02
 ccfr          1.0000        0.0000    
 nutev         1.0000        0.0000    
 zeus         0.97998        0.0000    
 h1            1.0162        0.0000    
 e605          1.0319        0.0000    
 NmcH2         1.0048       0.70906E-02
 ntv_nu        1.0000        0.0000    
 ntv_nubar     1.0000        0.0000    
 cdf_jet      0.98910        0.0000    
 d0_jet       0.83504        0.0000    
 slac_p        1.0012       0.48812E-02
 slac_d        1.0027       0.53134E-02
 e866pp       0.96599       0.19356E-01
 e866pd       0.96530       0.15667E-01
 d0_gamjet     1.0359       0.16402E-01
 h1b          0.97608        0.0000    
 jlab_p       0.99241       0.58291E-02
 jlab_d       0.97803       0.59609E-02
 blank         1.0000        0.0000    
 d0run2       0.94822       0.14788E-01
 cdfrun2      0.93433       0.17542E-01
 HERA_el       1.0000        0.0000    
 HERA_ps       1.0000        0.0000    
 CDF_Z        0.95884       0.63204E-02
 NmcRat        1.0000        0.0000    
 BNS_F2nd     0.98144       0.69854E-02
 HERMES_F2p   0.99419       0.56197E-02
 HERMES_F2d   0.97784       0.58390E-02
 END 0. 0.

 # Hessian matrix (Bevington alpha)
   0.49600434890327E+07 -0.12792315239246E+07  0.21664600038999E+06  0.46137424452025E+06 -0.14620952264147E+06  0.83360757784636E+04  0.70348041236110E+05  0.96774967681527E+06 -0.18472348660780E+06 -0.50679737613734E+05  0.76179464322647E+04  0.16133537171492E+05  0.18171956307591E+04 -0.12060834717245E+03  0.85843922039347E+04 -0.21408450114547E+04  0.11834192341519E+05  0.86106263356990E+04 -0.33701027002814E+04 -0.57824822726739E+05 -0.18887467154029E+05 -0.10218953201977E+05 -0.21939726303971E+06 -0.13007288109059E+06 -0.54534600666980E+05 -0.48627175652036E+04 -0.85507257873826E+06 -0.10891176708819E+07 -0.20766588028678E+05 -0.46829816663007E+05 -0.31404749500570E+04 -0.20106652185297E+06 -0.22113297762484E+06 -0.87946963812254E+04 -0.31144709486345E+04 -0.17147075133807E+05  0.17097087650902E+05 -0.73017653014424E+05 -0.57071398365699E+05
  -0.12792315239246E+07  0.40283778951513E+06 -0.57554473984663E+05 -0.12580259434214E+06  0.41646394749726E+05 -0.86077917845255E+03 -0.17177198811234E+05 -0.12713868888943E+06  0.27257579085136E+05  0.77326731213393E+04 -0.94859550988848E+03 -0.12656135555127E+04 -0.14852732698201E+03  0.14511791513027E+02  0.88944840111364E+03 -0.85441339344560E+02  0.38429038998991E+03  0.23116619479343E+03  0.12007408063834E+04  0.15098466573559E+05  0.83908944429559E+04  0.93162314515176E+04  0.64373326934609E+05  0.16713012078530E+05  0.82060619325325E+04 -0.22395361747003E+03  0.20951508506289E+06  0.25966766268272E+06  0.57410925758827E+04  0.13118656655369E+05  0.41961801378639E+03  0.63290738613026E+05  0.69203602241172E+05  0.23362800777374E+04  0.74232362864075E+03 -0.21796572047934E+04 -0.22944772702839E+04  0.86381467895359E+04  0.72125720739700E+04
   0.21664600038999E+06 -0.57554473984663E+05  0.95558537367344E+04  0.20172108977300E+05 -0.65484928206940E+04  0.18772676043582E+03  0.30498842630688E+04  0.31455638846335E+05 -0.58594571467836E+04 -0.19356920692405E+04  0.25141579346363E+03  0.47616221753763E+03  0.61902262909141E+02 -0.52060577079272E+01 -0.35926953042801E+03 -0.42055453883944E+01 -0.17074241850307E+03 -0.15391522340192E+02 -0.15390874767825E+03 -0.25337757623829E+04 -0.90793495867317E+03 -0.67528682948838E+03 -0.98111129780569E+04 -0.52502177423218E+04 -0.22135141784573E+04  0.37376053515355E+02 -0.36428693192704E+05 -0.46637614736119E+05 -0.92416470550704E+03 -0.20940141404254E+04 -0.11206052515968E+03 -0.91384847864970E+04 -0.10039384285719E+05 -0.38487668245964E+03 -0.13433092812225E+03 -0.21689976355332E+02  0.69624043580672E+03 -0.24619988668151E+04 -0.19772262759625E+04
   0.46137424452025E+06 -0.12580259434214E+06  0.20172108977300E+05  0.39948142499898E+06 -0.68073117223714E+05  0.78349903321182E+05  0.65453912226630E+05  0.36912974335465E+06 -0.28892824813128E+05 -0.19029920959983E+05  0.34509881288244E+04 -0.14874203114339E+04 -0.16536386324846E+03  0.64765869491979E+02  0.31929795640061E+05 -0.39773918605862E+04  0.29258118437574E+05  0.16735117488842E+05 -0.65615373573673E+03 -0.17441805283604E+05 -0.13900395029989E+04  0.21314086788357E+04 -0.38172963954335E+05 -0.13007011724528E+05 -0.21437999338344E+05 -0.14932419103997E+03 -0.65807175308922E+05 -0.34013314752393E+06 -0.13954683689299E+04 -0.24460476108195E+04 -0.69217546489917E+02 -0.11658622039683E+05 -0.51787642870805E+05 -0.23926526242176E+04 -0.93868506491704E+03 -0.10766073416183E+05 -0.15949511179240E+05 -0.74512882836019E+04 -0.21965835806748E+05
  -0.14620952264147E+06  0.41646394749726E+05 -0.65484928206940E+04 -0.68073117223714E+05  0.14735431848675E+05 -0.95165245633019E+04 -0.10800070242918E+05 -0.35481163801789E+05  0.55217007589651E+03  0.26112502400200E+04 -0.36105460537108E+03 -0.54101085408599E+02  0.41307907456629E+01 -0.60063084736264E+01 -0.27939555621637E+04  0.35438721832521E+03 -0.25021323550378E+04 -0.14505625906596E+04  0.21746282794004E+03  0.39387685169315E+04  0.79480924514895E+03  0.64221855472041E+03  0.99061200732985E+04  0.20652875034526E+04  0.35483417717063E+04 -0.55117461355350E+02  0.13546211630959E+05  0.70798754718765E+05  0.38957418415574E+03  0.66469519558956E+03  0.91715655264780E+01  0.35686730100422E+04  0.15644013033548E+05  0.53105304466787E+03  0.19260043075939E+03  0.34431220715358E+03  0.25660264743423E+04  0.87971693743260E+03  0.27114331243738E+04
   0.83360757784636E+04 -0.86077917845255E+03  0.18772676043582E+03  0.78349903321182E+05 -0.95165245633019E+04  0.20537811927364E+05  0.13490961681584E+05  0.99351674172766E+05 -0.85814814846454E+04 -0.44801018094587E+04  0.92266784973580E+03 -0.61270716717598E+03 -0.60965313208332E+02  0.19430142772097E+02  0.86960437462844E+04 -0.11091174168256E+04  0.80979917317906E+04  0.46913724705640E+04 -0.36701909012683E+01 -0.22309838970351E+04  0.38091544958004E+03  0.17078996316569E+04 -0.32117032178265E+04 -0.27758202030964E+04 -0.43142643600133E+04  0.11427916129314E+03 -0.10263739805390E+05 -0.50734734005089E+05 -0.79807170266590E+02 -0.16246389641683E+03 -0.17396821241608E+02 -0.37064635009346E+03 -0.18320765603636E+04 -0.32827098849133E+03 -0.14946421610368E+03 -0.28477285115949E+04 -0.34053801977112E+04 -0.17706871286765E+04 -0.51008483628557E+04
   0.70348041236110E+05 -0.17177198811234E+05  0.30498842630688E+04  0.65453912226630E+05 -0.10800070242918E+05  0.13490961681584E+05  0.11103478820073E+05  0.56183756784673E+05 -0.28320266288113E+04 -0.32235992162903E+04  0.54830312528397E+03 -0.17913748581887E+03 -0.24082312555154E+02  0.10435686914592E+02  0.45645554897582E+04 -0.59211521011304E+03  0.41416679075676E+04  0.24317939945602E+04 -0.82394153608500E+02 -0.27686076974319E+04 -0.52923399535861E+02  0.69685406849012E+03 -0.56394326916551E+04 -0.24078396801348E+04 -0.38236259564175E+04  0.11361245484046E+03 -0.10731556976147E+05 -0.55692495018143E+05 -0.20982756961059E+03 -0.35698623083448E+03 -0.12165500585513E+02 -0.14970313870546E+04 -0.67358318945619E+04 -0.39185767142664E+03 -0.15879779266628E+03 -0.11976207463484E+04 -0.30581398381416E+04 -0.11119515858251E+04 -0.33172621846487E+04
   0.96774967681527E+06 -0.12713868888943E+06  0.31455638846335E+05  0.36912974335465E+06 -0.35481163801789E+05  0.99351674172766E+05  0.56183756784673E+05  0.51628663677192E+07 -0.23510808901765E+07 -0.88403680610962E+05  0.26323995828592E+05  0.27996692148236E+05  0.18781706075076E+04  0.12508644091325E+03  0.84631864010257E+05 -0.11046125293363E+05  0.89495457344460E+05  0.49268574840958E+05  0.19642612970799E+03 -0.20847740892861E+05  0.62424881548531E+04  0.32233168186399E+05 -0.28492974298147E+05 -0.62926306288985E+05 -0.50303242706118E+05 -0.68303274173484E+05 -0.29250970028722E+06 -0.57891803892144E+06 -0.73491336818734E+05 -0.16421292537973E+06 -0.13387823038381E+04 -0.61373698249205E+04 -0.12003433022151E+05  0.31323149418844E+03  0.27673839290747E+03 -0.26933261436932E+06 -0.89610781559596E+04 -0.14087534823829E+06 -0.17492429985339E+06
  -0.18472348660780E+06  0.27257579085136E+05 -0.58594571467836E+04 -0.28892824813128E+05  0.55217007589651E+03 -0.85814814846454E+04 -0.28320266288113E+04 -0.23510808901765E+07  0.19236635073459E+07  0.19391366574022E+05 -0.65398687407754E+04 -0.59587092753257E+04 -0.32927276065485E+03 -0.18074016061376E+02  0.50429218339175E+05 -0.24696847484418E+04  0.17841541711659E+05  0.89318986031685E+04 -0.72981971238757E+02  0.40493181046319E+04 -0.14938975724160E+04 -0.79550279050016E+04  0.45078859591561E+04  0.11681043191409E+05  0.10997646636385E+05  0.24376141340399E+05  0.67075423760613E+05  0.12848278415096E+06  0.23042213769909E+05  0.51651316402568E+05  0.17230561337601E+03  0.67328587858965E+03  0.13500269400028E+04 -0.12877310093747E+04 -0.70781423404438E+03  0.11288090425125E+06  0.16265487454614E+04  0.44773955906571E+05  0.55048675178103E+05
  -0.50679737613734E+05  0.77326731213393E+04 -0.19356920692405E+04 -0.19029920959983E+05  0.26112502400200E+04 -0.44801018094587E+04 -0.32235992162903E+04 -0.88403680610962E+05  0.19391366574022E+05  0.27295420898258E+04 -0.64661706170560E+03 -0.71085426352626E+03 -0.62614016595583E+02 -0.23362574716828E+01 -0.40713374782322E+04  0.50940939301056E+03 -0.37809475970984E+04 -0.21796424635137E+04  0.60646927091862E+01  0.99784025730670E+03 -0.18004734267048E+03 -0.96990277611737E+03  0.18311515017472E+04  0.28181631572011E+04  0.19434506049892E+04  0.73199736859936E+03  0.11300282792064E+05  0.23590536250996E+05  0.15440546653877E+04  0.33692886331906E+04  0.43323256992751E+02  0.60804633038568E+03  0.11496684179669E+04  0.13117374292439E+03  0.58385915753703E+02  0.31546764958598E+04  0.45349364747814E+03  0.28443682046089E+04  0.36182987359221E+04
   0.76179464322647E+04 -0.94859550988848E+03  0.25141579346363E+03  0.34509881288244E+04 -0.36105460537108E+03  0.92266784973580E+03  0.54830312528397E+03  0.26323995828592E+05 -0.65398687407754E+04 -0.64661706170560E+03  0.17916979843673E+03  0.20748144813178E+03  0.15061189229097E+02  0.89019618004084E+00  0.12665481732818E+04 -0.14358186798410E+03  0.11267099547422E+04  0.62483412991301E+03  0.11321874648860E+01 -0.15923333966239E+03  0.44684707891454E+02  0.22628485130976E+03 -0.22829725323895E+03 -0.49152184646193E+03 -0.36925640532719E+03 -0.34005607606809E+03 -0.21047233214903E+04 -0.42178314359735E+04 -0.43893247800688E+03 -0.98006063902327E+03 -0.11009353570589E+02 -0.51505299184678E+02 -0.10058446295855E+03 -0.13732125469109E+02 -0.64964387529806E+01 -0.11662737606272E+04 -0.69895702635458E+02 -0.83821116247976E+03 -0.10488611693205E+04
   0.16133537171492E+05 -0.12656135555127E+04  0.47616221753763E+03 -0.14874203114339E+04 -0.54101085408599E+02 -0.61270716717598E+03 -0.17913748581887E+03  0.27996692148236E+05 -0.59587092753257E+04 -0.71085426352626E+03  0.20748144813178E+03  0.18623502576476E+04  0.12107576825178E+03 -0.53157218668776E+00  0.15374193584472E+04 -0.21670612007703E+03  0.17415122390348E+04  0.10124124519508E+04 -0.61213216268495E+01  0.77790136970045E+02  0.47674285142002E+02  0.26377941983395E+03 -0.55121926792298E+02 -0.11953251019353E+04 -0.10991942767117E-10 -0.77913480427135E+03 -0.53159745655610E+04 -0.42309255440184E-09 -0.25303955446984E+04 -0.74439134244757E+02 -0.84217150907014E+02 -0.21695520173736E+00 -0.70275329026341E-10 -0.18157834626755E+01 -0.77933278542386E+00  0.31337536308704E+03  0.32626761706852E+03 -0.29162937328207E+04  0.98145184064462E-10
   0.18171956307591E+04 -0.14852732698201E+03  0.61902262909141E+02 -0.16536386324846E+03  0.41307907456629E+01 -0.60965313208332E+02 -0.24082312555154E+02  0.18781706075076E+04 -0.32927276065485E+03 -0.62614016595583E+02  0.15061189229097E+02  0.12107576825178E+03  0.10829823071862E+02 -0.18790174786315E+00  0.84482911648885E+02 -0.14389822231264E+02  0.10509532954791E+03  0.66221588726248E+02 -0.49238101569991E+00  0.68148866206947E+01  0.61809372449377E+01  0.30012946015276E+02 -0.11223880886041E+02 -0.17594025576670E+03 -0.93722051819927E-12 -0.29892278893423E+02 -0.62382635874799E+03 -0.12515491408140E-09 -0.15724030554935E+03 -0.19614490272624E+02 -0.67420355082955E+01 -0.15698847609056E+00 -0.13842557745652E-10 -0.19052995731722E+00 -0.73976413892820E-01  0.30937502624832E+02  0.73153447706999E+02 -0.20827580258631E+03 -0.40937628890740E-11
  -0.12060834717245E+03  0.14511791513027E+02 -0.52060577079272E+01  0.64765869491979E+02 -0.60063084736264E+01  0.19430142772097E+02  0.10435686914592E+02  0.12508644091325E+03 -0.18074016061376E+02 -0.23362574716828E+01  0.89019618004084E+00 -0.53157218668776E+00 -0.18790174786315E+00  0.73111829331832E-01  0.17792260728753E+02 -0.14357810619314E+01  0.12016984845373E+02  0.58347471289419E+01  0.20617945505555E-01 -0.52383224923394E+00 -0.25712752151736E-02  0.40534414934012E-01  0.14632291293485E-01  0.72981379320844E-01 -0.35538941105128E-12 -0.80643200391992E+01 -0.14969785623679E+01 -0.18789964902444E-11 -0.51336435731475E+01 -0.79070598680947E-04 -0.19634091634458E+00 -0.18740142097945E-12  0.76860187992831E-13 -0.23710731952425E-02 -0.12918135255914E-02 -0.16862921128325E+01  0.29352649272460E-03 -0.49455501214539E+01 -0.25626861519825E-12
   0.85843922039347E+04  0.88944840111364E+03 -0.35926953042801E+03  0.31929795640061E+05 -0.27939555621637E+04  0.86960437462844E+04  0.45645554897582E+04  0.84631864010257E+05  0.50429218339175E+05 -0.40713374782322E+04  0.12665481732818E+04  0.15374193584472E+04  0.84482911648885E+02  0.17792260728753E+02  0.49891142119837E+05 -0.47383166244513E+04  0.37526145726075E+05  0.20007216640516E+05  0.74082397834267E+01  0.12610818991105E+03 -0.23874507447559E+02 -0.14300277512792E+03  0.69538028677253E+03 -0.28354562059035E+04 -0.18461802329746E+04 -0.24904462356712E+04  0.19346526383112E+04  0.42445862272019E+04 -0.15366704775544E+04 -0.29757697858583E+04 -0.73173100070333E+03  0.30051440978927E+03  0.53354594856536E+03 -0.29532862824716E+04 -0.15529171071802E+04 -0.22711085939412E+04  0.19008964024756E+03 -0.93615192671337E+03 -0.10506318322875E+04
  -0.21408450114547E+04 -0.85441339344560E+02 -0.42055453883944E+01 -0.39773918605862E+04  0.35438721832521E+03 -0.11091174168256E+04 -0.59211521011304E+03 -0.11046125293363E+05 -0.24696847484418E+04  0.50940939301056E+03 -0.14358186798410E+03 -0.21670612007703E+03 -0.14389822231264E+02 -0.14357810619314E+01 -0.47383166244513E+04  0.52521210736995E+03 -0.40890940610229E+04 -0.22663698785831E+04 -0.19609832121216E+01 -0.15201966398477E+02 -0.50311557295151E+01 -0.10326159393391E+02 -0.14718127150463E+03  0.53428004275819E+03  0.33321828537153E+03  0.28984758236471E+03 -0.14579111239866E+03 -0.47327790981792E+03  0.16343487053075E+03  0.31510697283858E+03  0.82515517139213E+02 -0.80730828705457E+02 -0.14161235775215E+03  0.46340374756334E+03  0.22616648013812E+03 -0.33767570317370E+03 -0.34063667093675E+02  0.26270096456112E+03  0.29360642155353E+03
   0.11834192341519E+05  0.38429038998991E+03 -0.17074241850307E+03  0.29258118437574E+05 -0.25021323550378E+04  0.80979917317906E+04  0.41416679075676E+04  0.89495457344460E+05  0.17841541711659E+05 -0.37809475970984E+04  0.11267099547422E+04  0.17415122390348E+04  0.10509532954791E+03  0.12016984845373E+02  0.37526145726075E+05 -0.40890940610229E+04  0.32403094699138E+05  0.17782457530092E+05  0.56638542307371E+01  0.14305200499852E+03 -0.71876246669714E+02 -0.24020488546443E+03  0.61582007899911E+03 -0.30244382549667E+04 -0.19239001297890E+04 -0.25820854630112E+04  0.21817127294117E+04  0.48351084953763E+04 -0.13275265066941E+04 -0.25830997993442E+04 -0.64971681577453E+03  0.11095696972994E+03  0.21384402922523E+03 -0.28792544090742E+04 -0.15320188848754E+04  0.16762822869749E+04  0.25710212752823E+03 -0.18640408123141E+04 -0.20618914831060E+04
   0.86106263356990E+04  0.23116619479343E+03 -0.15391522340192E+02  0.16735117488842E+05 -0.14505625906596E+04  0.46913724705640E+04  0.24317939945602E+04  0.49268574840958E+05  0.89318986031685E+04 -0.21796424635137E+04  0.62483412991301E+03  0.10124124519508E+04  0.66221588726248E+02  0.58347471289419E+01  0.20007216640516E+05 -0.22663698785831E+04  0.17782457530092E+05  0.98871397413070E+04  0.56099108146452E+01  0.80904449466653E+02 -0.23986247345414E+02 -0.72081846113552E+02  0.49274614918864E+03 -0.21375226263900E+04 -0.13275144491397E+04 -0.13169555314292E+04  0.10080149810669E+04  0.26572098960495E+04 -0.68804869874068E+03 -0.13390056267281E+04 -0.36440353211384E+03  0.14679544253109E+03  0.26961469288315E+03 -0.18892454757147E+04 -0.96432302590387E+03  0.17054155691667E+04  0.17811668408993E+03 -0.12900173825589E+04 -0.14289778706712E+04
  -0.33701027002814E+04  0.12007408063834E+04 -0.15390874767825E+03 -0.65615373573673E+03  0.21746282794004E+03 -0.36701909012683E+01 -0.82394153608500E+02  0.19642612970799E+03 -0.72981971238757E+02  0.60646927091862E+01  0.11321874648860E+01 -0.61213216268495E+01 -0.49238101569991E+00  0.20617945505555E-01  0.74082397834267E+01 -0.19609832121216E+01  0.56638542307371E+01  0.56099108146452E+01  0.90228741668606E+01  0.85783731733725E+02  0.33163416059380E+02  0.44463082236925E+02  0.21645797365699E+03  0.00000000000000E+00 -0.34101143078719E+01  0.00000000000000E+00  0.00000000000000E+00  0.13619432638301E+04  0.00000000000000E+00 -0.95815432727974E+01  0.00000000000000E+00  0.00000000000000E+00  0.45886732844734E+03  0.00000000000000E+00  0.00000000000000E+00  0.00000000000000E+00 -0.86328841844393E+01  0.00000000000000E+00  0.63067279826138E+00
  -0.57824822726739E+05  0.15098466573559E+05 -0.25337757623829E+04 -0.17441805283604E+05  0.39387685169315E+04 -0.22309838970351E+04 -0.27686076974319E+04 -0.20847740892861E+05  0.40493181046319E+04  0.99784025730670E+03 -0.15923333966239E+03  0.77790136970045E+02  0.68148866206947E+01 -0.52383224923394E+00  0.12610818991105E+03 -0.15201966398477E+02  0.14305200499852E+03  0.80904449466653E+02  0.85783731733725E+02  0.19298361060985E+04  0.20011302984310E+03 -0.55258765417301E+02  0.33923763091552E+04  0.00000000000000E+00  0.19186484778642E+04  0.00000000000000E+00  0.00000000000000E+00  0.34328612371028E+05  0.00000000000000E+00  0.20287862765944E+03  0.00000000000000E+00  0.00000000000000E+00  0.57269426846268E+04  0.00000000000000E+00  0.00000000000000E+00  0.00000000000000E+00 -0.13943626172350E+04  0.00000000000000E+00  0.22213707651136E+04
  -0.18887467154029E+05  0.83908944429559E+04 -0.90793495867317E+03 -0.13900395029989E+04  0.79480924514895E+03  0.38091544958004E+03 -0.52923399535861E+02  0.62424881548531E+04 -0.14938975724160E+04 -0.18004734267048E+03  0.44684707891454E+02  0.47674285142002E+02  0.61809372449377E+01 -0.25712752151736E-02 -0.23874507447559E+02 -0.50311557295151E+01 -0.71876246669714E+02 -0.23986247345414E+02  0.33163416059380E+02  0.20011302984310E+03  0.36481080503511E+03  0.63507234037333E+03  0.15641949370327E+04 -0.45277194331569E+02 -0.25553873250088E+02  0.37719005520128E+01  0.10241966297783E+04  0.72841400391426E+03  0.00000000000000E+00  0.00000000000000E+00  0.00000000000000E+00  0.23263341810531E+04  0.28754936584787E+04  0.00000000000000E+00  0.00000000000000E+00  0.00000000000000E+00 -0.25847796477718E+02 -0.31845016927083E+03 -0.33114210273723E+03
  -0.10218953201977E+05  0.93162314515176E+04 -0.67528682948838E+03  0.21314086788357E+04  0.64221855472041E+03  0.17078996316569E+04  0.69685406849012E+03  0.32233168186399E+05 -0.79550279050016E+04 -0.96990277611737E+03  0.22628485130976E+03  0.26377941983395E+03  0.30012946015276E+02  0.40534414934012E-01 -0.14300277512792E+03 -0.10326159393391E+02 -0.24020488546443E+03 -0.72081846113552E+02  0.44463082236925E+02 -0.55258765417301E+02  0.63507234037333E+03  0.15736533585208E+04  0.15914926527811E+04 -0.14307194624368E+03 -0.95144749930845E+02 -0.28268810420996E+02 -0.50343859530959E+04 -0.89617138794466E+04  0.00000000000000E+00  0.00000000000000E+00  0.00000000000000E+00  0.33241385255597E+04  0.40024887941588E+04  0.00000000000000E+00  0.00000000000000E+00  0.00000000000000E+00 -0.39920780140618E+02 -0.18172404930466E+04 -0.18769965506187E+04
  -0.21939726303971E+06  0.64373326934609E+05 -0.98111129780569E+04 -0.38172963954335E+05  0.99061200732985E+04 -0.32117032178265E+04 -0.56394326916551E+04 -0.28492974298147E+05  0.45078859591561E+04  0.18311515017472E+04 -0.22829725323895E+03 -0.55121926792298E+02 -0.11223880886041E+02  0.14632291293485E-01  0.69538028677253E+03 -0.14718127150463E+03  0.61582007899911E+03  0.49274614918864E+03  0.21645797365699E+03  0.33923763091552E+04  0.15641949370327E+04  0.15914926527811E+04  0.15630986043637E+05  0.23765043686062E+03  0.12448734555367E+03 -0.52536195653451E+01  0.36605838462050E+05  0.59341936984114E+05  0.00000000000000E+00  0.00000000000000E+00  0.00000000000000E+00  0.15760545450962E+05  0.19788293988026E+05  0.00000000000000E+00  0.00000000000000E+00  0.00000000000000E+00 -0.81393857524030E+02  0.14752163181460E+04  0.15087568835756E+04
  -0.13007288109059E+06  0.16713012078530E+05 -0.52502177423218E+04 -0.13007011724528E+05  0.20652875034526E+04 -0.27758202030964E+04 -0.24078396801348E+04 -0.62926306288985E+05  0.11681043191409E+05  0.28181631572011E+04 -0.49152184646193E+03 -0.11953251019353E+04 -0.17594025576670E+03  0.72981379320844E-01 -0.28354562059035E+04  0.53428004275819E+03 -0.30244382549667E+04 -0.21375226263900E+04  0.00000000000000E+00  0.00000000000000E+00 -0.45277194331569E+02 -0.14307194624368E+03  0.23765043686062E+03  0.11749608153962E+06  0.00000000000000E+00  0.00000000000000E+00  0.00000000000000E+00  0.00000000000000E+00  0.00000000000000E+00  0.00000000000000E+00  0.00000000000000E+00  0.00000000000000E+00  0.00000000000000E+00  0.00000000000000E+00  0.00000000000000E+00  0.00000000000000E+00  0.00000000000000E+00  0.00000000000000E+00  0.00000000000000E+00
  -0.54534600666980E+05  0.82060619325325E+04 -0.22135141784573E+04 -0.21437999338344E+05  0.35483417717063E+04 -0.43142643600133E+04 -0.38236259564175E+04 -0.50303242706118E+05  0.10997646636385E+05  0.19434506049892E+04 -0.36925640532719E+03 -0.10991942767117E-10 -0.93722051819927E-12 -0.35538941105128E-12 -0.18461802329746E+04  0.33321828537153E+03 -0.19239001297890E+04 -0.13275144491397E+04 -0.34101143078719E+01  0.19186484778642E+04 -0.25553873250088E+02 -0.95144749930845E+02  0.12448734555367E+03  0.00000000000000E+00  0.65025220256568E+05  0.00000000000000E+00  0.00000000000000E+00  0.00000000000000E+00  0.00000000000000E+00  0.00000000000000E+00  0.00000000000000E+00  0.00000000000000E+00  0.00000000000000E+00  0.00000000000000E+00  0.00000000000000E+00  0.00000000000000E+00  0.00000000000000E+00  0.00000000000000E+00  0.00000000000000E+00
  -0.48627175652036E+04 -0.22395361747003E+03  0.37376053515355E+02 -0.14932419103997E+03 -0.55117461355350E+02  0.11427916129314E+03  0.11361245484046E+03 -0.68303274173484E+05  0.24376141340399E+05  0.73199736859936E+03 -0.34005607606809E+03 -0.77913480427135E+03 -0.29892278893423E+02 -0.80643200391992E+01 -0.24904462356712E+04  0.28984758236471E+03 -0.25820854630112E+04 -0.13169555314292E+04  0.00000000000000E+00  0.00000000000000E+00  0.37719005520128E+01 -0.28268810420996E+02 -0.52536195653451E+01  0.00000000000000E+00  0.00000000000000E+00  0.30886585809249E+05  0.00000000000000E+00  0.00000000000000E+00  0.00000000000000E+00  0.00000000000000E+00  0.00000000000000E+00  0.00000000000000E+00  0.00000000000000E+00  0.00000000000000E+00  0.00000000000000E+00  0.00000000000000E+00  0.00000000000000E+00  0.00000000000000E+00  0.00000000000000E+00
  -0.85507257873826E+06  0.20951508506289E+06 -0.36428693192704E+05 -0.65807175308922E+05  0.13546211630959E+05 -0.10263739805390E+05 -0.10731556976147E+05 -0.29250970028722E+06  0.67075423760613E+05  0.11300282792064E+05 -0.21047233214903E+04 -0.53159745655610E+04 -0.62382635874799E+03 -0.14969785623679E+01  0.19346526383112E+04 -0.14579111239866E+03  0.21817127294117E+04  0.10080149810669E+04  0.00000000000000E+00  0.00000000000000E+00  0.10241966297783E+04 -0.50343859530959E+04  0.36605838462050E+05  0.00000000000000E+00  0.00000000000000E+00  0.00000000000000E+00  0.58167646430421E+06  0.00000000000000E+00  0.00000000000000E+00  0.00000000000000E+00  0.00000000000000E+00  0.00000000000000E+00  0.00000000000000E+00  0.00000000000000E+00  0.00000000000000E+00  0.00000000000000E+00  0.00000000000000E+00  0.00000000000000E+00  0.00000000000000E+00
  -0.10891176708819E+07  0.25966766268272E+06 -0.46637614736119E+05 -0.34013314752393E+06  0.70798754718765E+05 -0.50734734005089E+05 -0.55692495018143E+05 -0.57891803892144E+06  0.12848278415096E+06  0.23590536250996E+05 -0.42178314359735E+04 -0.42309255440184E-09 -0.12515491408140E-09 -0.18789964902444E-11  0.42445862272019E+04 -0.47327790981792E+03  0.48351084953763E+04  0.26572098960495E+04  0.13619432638301E+04  0.34328612371028E+05  0.72841400391426E+03 -0.89617138794466E+04  0.59341936984114E+05  0.00000000000000E+00  0.00000000000000E+00  0.00000000000000E+00  0.00000000000000E+00  0.92101498464611E+06  0.00000000000000E+00  0.00000000000000E+00  0.00000000000000E+00  0.00000000000000E+00  0.00000000000000E+00  0.00000000000000E+00  0.00000000000000E+00  0.00000000000000E+00  0.00000000000000E+00  0.00000000000000E+00  0.00000000000000E+00
  -0.20766588028678E+05  0.57410925758827E+04 -0.92416470550704E+03 -0.13954683689299E+04  0.38957418415574E+03 -0.79807170266590E+02 -0.20982756961059E+03 -0.73491336818734E+05  0.23042213769909E+05  0.15440546653877E+04 -0.43893247800688E+03 -0.25303955446984E+04 -0.15724030554935E+03 -0.51336435731475E+01 -0.15366704775544E+04  0.16343487053075E+03 -0.13275265066941E+04 -0.68804869874068E+03  0.00000000000000E+00  0.00000000000000E+00  0.00000000000000E+00  0.00000000000000E+00  0.00000000000000E+00  0.00000000000000E+00  0.00000000000000E+00  0.00000000000000E+00  0.00000000000000E+00  0.00000000000000E+00  0.14759734192385E+05  0.00000000000000E+00  0.00000000000000E+00  0.00000000000000E+00  0.00000000000000E+00  0.00000000000000E+00  0.00000000000000E+00  0.00000000000000E+00  0.00000000000000E+00  0.00000000000000E+00  0.00000000000000E+00
  -0.46829816663007E+05  0.13118656655369E+05 -0.20940141404254E+04 -0.24460476108195E+04  0.66469519558956E+03 -0.16246389641683E+03 -0.35698623083448E+03 -0.16421292537973E+06  0.51651316402568E+05  0.33692886331906E+04 -0.98006063902327E+03 -0.74439134244757E+02 -0.19614490272624E+02 -0.79070598680947E-04 -0.29757697858583E+04  0.31510697283858E+03 -0.25830997993442E+04 -0.13390056267281E+04 -0.95815432727974E+01  0.20287862765944E+03  0.00000000000000E+00  0.00000000000000E+00  0.00000000000000E+00  0.00000000000000E+00  0.00000000000000E+00  0.00000000000000E+00  0.00000000000000E+00  0.00000000000000E+00  0.00000000000000E+00  0.31687572490079E+05  0.00000000000000E+00  0.00000000000000E+00  0.00000000000000E+00  0.00000000000000E+00  0.00000000000000E+00  0.00000000000000E+00  0.00000000000000E+00  0.00000000000000E+00  0.00000000000000E+00
  -0.31404749500570E+04  0.41961801378639E+03 -0.11206052515968E+03 -0.69217546489917E+02  0.91715655264780E+01 -0.17396821241608E+02 -0.12165500585513E+02 -0.13387823038381E+04  0.17230561337601E+03  0.43323256992751E+02 -0.11009353570589E+02 -0.84217150907014E+02 -0.67420355082955E+01 -0.19634091634458E+00 -0.73173100070333E+03  0.82515517139213E+02 -0.64971681577453E+03 -0.36440353211384E+03  0.00000000000000E+00  0.00000000000000E+00  0.00000000000000E+00  0.00000000000000E+00  0.00000000000000E+00  0.00000000000000E+00  0.00000000000000E+00  0.00000000000000E+00  0.00000000000000E+00  0.00000000000000E+00  0.00000000000000E+00  0.00000000000000E+00  0.38008333220347E+04  0.00000000000000E+00  0.00000000000000E+00  0.00000000000000E+00  0.00000000000000E+00  0.00000000000000E+00  0.00000000000000E+00  0.00000000000000E+00  0.00000000000000E+00
  -0.20106652185297E+06  0.63290738613026E+05 -0.91384847864970E+04 -0.11658622039683E+05  0.35686730100422E+04 -0.37064635009346E+03 -0.14970313870546E+04 -0.61373698249205E+04  0.67328587858965E+03  0.60804633038568E+03 -0.51505299184678E+02 -0.21695520173736E+00 -0.15698847609056E+00 -0.18740142097945E-12  0.30051440978927E+03 -0.80730828705457E+02  0.11095696972994E+03  0.14679544253109E+03  0.00000000000000E+00  0.00000000000000E+00  0.23263341810531E+04  0.33241385255597E+04  0.15760545450962E+05  0.00000000000000E+00  0.00000000000000E+00  0.00000000000000E+00  0.00000000000000E+00  0.00000000000000E+00  0.00000000000000E+00  0.00000000000000E+00  0.00000000000000E+00  0.10592639762722E+06  0.00000000000000E+00  0.00000000000000E+00  0.00000000000000E+00  0.00000000000000E+00  0.00000000000000E+00  0.00000000000000E+00  0.00000000000000E+00
  -0.22113297762484E+06  0.69203602241172E+05 -0.10039384285719E+05 -0.51787642870805E+05  0.15644013033548E+05 -0.18320765603636E+04 -0.67358318945619E+04 -0.12003433022151E+05  0.13500269400028E+04  0.11496684179669E+04 -0.10058446295855E+03 -0.70275329026341E-10 -0.13842557745652E-10  0.76860187992831E-13  0.53354594856536E+03 -0.14161235775215E+03  0.21384402922523E+03  0.26961469288315E+03  0.45886732844734E+03  0.57269426846268E+04  0.28754936584787E+04  0.40024887941588E+04  0.19788293988026E+05  0.00000000000000E+00  0.00000000000000E+00  0.00000000000000E+00  0.00000000000000E+00  0.00000000000000E+00  0.00000000000000E+00  0.00000000000000E+00  0.00000000000000E+00  0.00000000000000E+00  0.13815057041655E+06  0.00000000000000E+00  0.00000000000000E+00  0.00000000000000E+00  0.00000000000000E+00  0.00000000000000E+00  0.00000000000000E+00
  -0.87946963812254E+04  0.23362800777374E+04 -0.38487668245964E+03 -0.23926526242176E+04  0.53105304466787E+03 -0.32827098849133E+03 -0.39185767142664E+03  0.31323149418844E+03 -0.12877310093747E+04  0.13117374292439E+03 -0.13732125469109E+02 -0.18157834626755E+01 -0.19052995731722E+00 -0.23710731952425E-02 -0.29532862824716E+04  0.46340374756334E+03 -0.28792544090742E+04 -0.18892454757147E+04  0.00000000000000E+00  0.00000000000000E+00  0.00000000000000E+00  0.00000000000000E+00  0.00000000000000E+00  0.00000000000000E+00  0.00000000000000E+00  0.00000000000000E+00  0.00000000000000E+00  0.00000000000000E+00  0.00000000000000E+00  0.00000000000000E+00  0.00000000000000E+00  0.00000000000000E+00  0.00000000000000E+00  0.81899734063019E+04  0.00000000000000E+00  0.00000000000000E+00  0.00000000000000E+00  0.00000000000000E+00  0.00000000000000E+00
  -0.31144709486345E+04  0.74232362864075E+03 -0.13433092812225E+03 -0.93868506491704E+03  0.19260043075939E+03 -0.14946421610368E+03 -0.15879779266628E+03  0.27673839290747E+03 -0.70781423404438E+03  0.58385915753703E+02 -0.64964387529806E+01 -0.77933278542386E+00 -0.73976413892820E-01 -0.12918135255914E-02 -0.15529171071802E+04  0.22616648013812E+03 -0.15320188848754E+04 -0.96432302590387E+03  0.00000000000000E+00  0.00000000000000E+00  0.00000000000000E+00  0.00000000000000E+00  0.00000000000000E+00  0.00000000000000E+00  0.00000000000000E+00  0.00000000000000E+00  0.00000000000000E+00  0.00000000000000E+00  0.00000000000000E+00  0.00000000000000E+00  0.00000000000000E+00  0.00000000000000E+00  0.00000000000000E+00  0.00000000000000E+00  0.42003795930195E+04  0.00000000000000E+00  0.00000000000000E+00  0.00000000000000E+00  0.00000000000000E+00
  -0.17147075133807E+05 -0.21796572047934E+04 -0.21689976355332E+02 -0.10766073416183E+05  0.34431220715358E+03 -0.28477285115949E+04 -0.11976207463484E+04 -0.26933261436932E+06  0.11288090425125E+06  0.31546764958598E+04 -0.11662737606272E+04  0.31337536308704E+03  0.30937502624832E+02 -0.16862921128325E+01 -0.22711085939412E+04 -0.33767570317370E+03  0.16762822869749E+04  0.17054155691667E+04  0.00000000000000E+00  0.00000000000000E+00  0.00000000000000E+00  0.00000000000000E+00  0.00000000000000E+00  0.00000000000000E+00  0.00000000000000E+00  0.00000000000000E+00  0.00000000000000E+00  0.00000000000000E+00  0.00000000000000E+00  0.00000000000000E+00  0.00000000000000E+00  0.00000000000000E+00  0.00000000000000E+00  0.00000000000000E+00  0.00000000000000E+00  0.12562380072197E+06  0.00000000000000E+00  0.00000000000000E+00  0.00000000000000E+00
   0.17097087650902E+05 -0.22944772702839E+04  0.69624043580672E+03 -0.15949511179240E+05  0.25660264743423E+04 -0.34053801977112E+04 -0.30581398381416E+04 -0.89610781559596E+04  0.16265487454614E+04  0.45349364747814E+03 -0.69895702635458E+02  0.32626761706852E+03  0.73153447706999E+02  0.29352649272460E-03  0.19008964024756E+03 -0.34063667093675E+02  0.25710212752823E+03  0.17811668408993E+03 -0.86328841844393E+01 -0.13943626172350E+04 -0.25847796477718E+02 -0.39920780140618E+02 -0.81393857524030E+02  0.00000000000000E+00  0.00000000000000E+00  0.00000000000000E+00  0.00000000000000E+00  0.00000000000000E+00  0.00000000000000E+00  0.00000000000000E+00  0.00000000000000E+00  0.00000000000000E+00  0.00000000000000E+00  0.00000000000000E+00  0.00000000000000E+00  0.00000000000000E+00  0.39368496129868E+05  0.00000000000000E+00  0.00000000000000E+00
  -0.73017653014424E+05  0.86381467895359E+04 -0.24619988668151E+04 -0.74512882836019E+04  0.87971693743260E+03 -0.17706871286765E+04 -0.11119515858251E+04 -0.14087534823829E+06  0.44773955906571E+05  0.28443682046089E+04 -0.83821116247976E+03 -0.29162937328207E+04 -0.20827580258631E+03 -0.49455501214539E+01 -0.93615192671337E+03  0.26270096456112E+03 -0.18640408123141E+04 -0.12900173825589E+04  0.00000000000000E+00  0.00000000000000E+00 -0.31845016927083E+03 -0.18172404930466E+04  0.14752163181460E+04  0.00000000000000E+00  0.00000000000000E+00  0.00000000000000E+00  0.00000000000000E+00  0.00000000000000E+00  0.00000000000000E+00  0.00000000000000E+00  0.00000000000000E+00  0.00000000000000E+00  0.00000000000000E+00  0.00000000000000E+00  0.00000000000000E+00  0.00000000000000E+00  0.00000000000000E+00  0.95698208638157E+05  0.00000000000000E+00
  -0.57071398365699E+05  0.72125720739700E+04 -0.19772262759625E+04 -0.21965835806748E+05  0.27114331243738E+04 -0.51008483628557E+04 -0.33172621846487E+04 -0.17492429985339E+06  0.55048675178103E+05  0.36182987359221E+04 -0.10488611693205E+04  0.98145184064462E-10 -0.40937628890740E-11 -0.25626861519825E-12 -0.10506318322875E+04  0.29360642155353E+03 -0.20618914831060E+04 -0.14289778706712E+04  0.63067279826138E+00  0.22213707651136E+04 -0.33114210273723E+03 -0.18769965506187E+04  0.15087568835756E+04  0.00000000000000E+00  0.00000000000000E+00  0.00000000000000E+00  0.00000000000000E+00  0.00000000000000E+00  0.00000000000000E+00  0.00000000000000E+00  0.00000000000000E+00  0.00000000000000E+00  0.00000000000000E+00  0.00000000000000E+00  0.00000000000000E+00  0.00000000000000E+00  0.00000000000000E+00  0.00000000000000E+00  0.10014298485964E+06

 # Covariance matrix (Bevington epsilon)
   0.42928172296038E-03 -0.88410364043490E-04 -0.98286077630335E-02  0.19106856172105E-03  0.15875873332276E-03  0.18685200548393E-03 -0.86196387953083E-03  0.46796192628791E-04  0.30609116725308E-04 -0.10004951819756E-02 -0.12151921164984E-01 -0.38063337525924E-03 -0.38045335636539E-02 -0.17190564724281E-01  0.10309516918653E-03  0.17357505389106E-02  0.75152131042476E-04 -0.18834120001596E-03 -0.41831641803420E-03  0.23187261007115E-03  0.91215834696827E-03 -0.71910458452308E-03  0.28959955926408E-04  0.31878588084369E-04  0.29367670272014E-04  0.23513093876021E-04  0.31021928722522E-04  0.29473946833809E-04 -0.16816588116642E-03 -0.66938152648245E-04  0.28057817838041E-04  0.25677171751864E-04  0.25633246280404E-04 -0.43477769749532E-04 -0.45047722726760E-04  0.62193958372667E-04  0.17481463236309E-04  0.30724462018275E-04  0.28137423946000E-04
  -0.88410364043490E-04  0.12296928385478E-03  0.27902274523600E-02  0.18138187577680E-04  0.89711413988680E-04  0.50432981755845E-05  0.24844016832875E-04 -0.68773510408477E-05 -0.47371374613643E-05  0.66262136429648E-03  0.32679354151789E-02  0.15898126036576E-03 -0.68872763560003E-04  0.82281634174093E-02 -0.10363935801621E-04  0.76597983971689E-03  0.14526890862627E-03 -0.56778484054440E-04 -0.15169204545520E-02 -0.57017307773284E-04 -0.19737334857494E-02  0.58955795819051E-03  0.10145405942481E-03  0.51728472723444E-05  0.28454791139088E-05  0.11287827685792E-05  0.41001415432988E-06  0.29583912640222E-05  0.33470785236430E-04  0.64327225410280E-05  0.15021070867830E-06  0.64766839142318E-05  0.11465947442680E-04 -0.12704977340604E-04 -0.65907535380875E-05 -0.41466363533971E-05 -0.71262038116934E-05  0.32610745171584E-05  0.34507270884137E-05
