# fitpack15: fit parameters                                                                         
# CJ15 AV18 final data choices                                                                      
# Created on 06/15/2019 at 18:24:01                                                                 

 # QCD setup
  INS                           0
  NVL                          11
  IORD                          1
  Q02                   1.6899999999999999     
  IPARAMC                       7
  FLAVOR                4.0000000000000000     
  xmc                   1.3000000000000000     
  xmb                   4.5000000000000000     
  ncb                          12
  ihq                           1
  ias                           0

 # Theory corrections
  inuke                     10914
  itmc                          1
  iht                           1

 # fit parameters
 LAMBDA       0.22680        0.0000    
 a0uv          2.3142        0.0000    
 a1uv         0.60545       0.26282E-01
 a2uv          3.5356       0.13401E-01
 a3uv          0.0000        0.0000    
 a4uv          3.6007       0.60626    
 a5uv          0.0000        0.0000    
 a0dv          23.000        0.0000    
 a1dv          1.1408       0.33564E-01
 a2dv          6.4281       0.13687    
 a3dv         -3.4654       0.89619E-01
 a4dv          4.6237       0.16751    
 a5dv          0.0000        0.0000    
 a0ud         0.14503       0.53674E-02
 a1ud        -0.20877       0.39859E-02
 a2ud          8.3972       0.21457    
 a3ud          0.0000        0.0000    
 a4ud          14.824        1.4048    
 a5ud          0.0000        0.0000    
 a0du          35712.        0.0000    
 a1du          4.0282       0.70765E-01
 a2du          20.364       0.99891    
 a3du          17.000        0.0000    
 a4du          49.575        6.9497    
 a0g           46.598        0.0000    
 a1g          0.60767       0.30360E-01
 a2g           6.1021       0.84966    
 a3g          -3.3881       0.12290    
 a4g           3.2695       0.27864    
 a5g           0.0000        0.0000    
 kappa        0.40000        0.0000    
 a6dv          0.0000        0.0000    
 a7dv          0.0000        0.0000    
 off1         -4.7467       0.82028    
 off2         0.21282       0.87803E-01
 off3         0.50000E-01    0.0000    
 ht1          -3.3786       0.28262    
 ht2           1.9668       0.11593    
 ht3          -2.0992       0.29279E-01
 ht4           0.0000        0.0000    
 dummy41       0.0000        0.0000    
 dummy42       0.0000        0.0000    
 dummy43       0.0000        0.0000    
 dummy44       0.0000        0.0000    
 dummy45       0.0000        0.0000    
 dummy46       0.0000        0.0000    
 dummy47       0.0000        0.0000    
 dummy48       0.0000        0.0000    
 dummy49       0.0000        0.0000    
 bcdmsh2      0.96963       0.48780E-02
 bcdmsd2      0.99110       0.57971E-02
 ccfr          1.0000        0.0000    
 nutev         1.0000        0.0000    
 zeus         0.97998        0.0000    
 h1            1.0162        0.0000    
 e605          1.0319        0.0000    
 NmcH2         1.0062       0.71356E-02
 ntv_nu        1.0000        0.0000    
 ntv_nubar     1.0000        0.0000    
 cdf_jet      0.98910        0.0000    
 d0_jet       0.83504        0.0000    
 slac_p        1.0015       0.49023E-02
 slac_d        1.0027       0.53208E-02
 e866pp       0.95805       0.22144E-01
 e866pd       0.95431       0.17069E-01
 d0_gamjet     1.0394       0.16487E-01
 h1b          0.97608        0.0000    
 jlab_p       0.99349       0.58890E-02
 jlab_d       0.97614       0.59785E-02
 blank         1.0000        0.0000    
 d0run2       0.94842       0.14871E-01
 cdfrun2      0.93463       0.17573E-01
 HERA_el       1.0000        0.0000    
 HERA_ps       1.0000        0.0000    
 CDF_Z        0.96021       0.64024E-02
 NmcRat        1.0000        0.0000    
 BNS_F2nd     0.97262       0.81905E-02
 HERMES_F2p   0.99491       0.56338E-02
 HERMES_F2d   0.97840       0.58488E-02
 END 0. 0.

 # Hessian matrix (Bevington alpha)
   0.47864398416884E+07 -0.12674520875472E+07  0.22239364683390E+06  0.53645414287380E+06 -0.15303051281585E+06  0.26868519460184E+05  0.86639564025904E+05  0.93808946579752E+06 -0.17060905818185E+06 -0.49670841733787E+05  0.75825788813407E+04  0.14320152512289E+05  0.15796871571826E+04 -0.83727011139897E+02  0.12634601317747E+05 -0.29218570418849E+04  0.16973895594624E+05  0.11963738277042E+05 -0.46152345523243E+04 -0.61229980516273E+05 -0.19111370963644E+05 -0.95277941893152E+04 -0.22613202793937E+06 -0.12814810839662E+06 -0.54040057789624E+05 -0.45702800393108E+04 -0.84738701383497E+06 -0.10877122699527E+07 -0.20850432628079E+05 -0.47065890632022E+05 -0.30933317937707E+04 -0.19982816122188E+06 -0.22305297967279E+06 -0.86798886858831E+04 -0.30737949561390E+04 -0.16065646306500E+05  0.16978610776942E+05 -0.71605115799443E+05 -0.56284999954491E+05
  -0.12674520875472E+07  0.40625400618941E+06 -0.60700926783879E+05 -0.13190793402997E+06  0.41575422699837E+05 -0.13558310928440E+04 -0.18624476752525E+05 -0.12409324434603E+06  0.25855018040165E+05  0.75410523639792E+04 -0.94571747669441E+03 -0.11775811285769E+04 -0.13118059208939E+03  0.10817110244025E+02  0.46031043776976E+03 -0.88225494627634E+01 -0.85838529522039E+02 -0.75810230160577E+02  0.15258728624446E+04  0.15379984337190E+05  0.86454200885363E+04  0.95598633162004E+04  0.66694106424167E+05  0.16610985437437E+05  0.82100494085664E+04 -0.23542772836021E+03  0.21015863971440E+06  0.26262549074278E+06  0.58366327045522E+04  0.13345521155260E+05  0.41920382478551E+03  0.63517759730083E+05  0.70451891724224E+05  0.23316524406977E+04  0.74085425084380E+03 -0.22582586430116E+04 -0.22915042583411E+04  0.85849492121018E+04  0.72273762365916E+04
   0.22239364683390E+06 -0.60700926783879E+05  0.10439312263618E+05  0.24375701681453E+05 -0.72034425303239E+04  0.84861543192949E+03  0.38707060087313E+04  0.31996807628833E+05 -0.56306165201357E+04 -0.19918867179206E+04  0.26299394988054E+03  0.43443699824346E+03  0.55679721311999E+02 -0.39344246377154E+01 -0.21306409866583E+03 -0.33718921565198E+02 -0.21081708762249E+02  0.91385450066331E+02 -0.22147456746752E+03 -0.28303537053836E+04 -0.98603818782958E+03 -0.72052610944211E+03 -0.10736910895337E+05 -0.54442732172298E+04 -0.23128293586575E+04  0.46336787328775E+02 -0.38251815346304E+05 -0.49355179482532E+05 -0.98564940004879E+03 -0.22353977728850E+04 -0.11613644201295E+03 -0.96637792943115E+04 -0.10772862914989E+05 -0.40302329411277E+03 -0.14043050645827E+03  0.16492682641131E+02  0.72630335236828E+03 -0.25334940435209E+04 -0.20507067064465E+04
   0.53645414287380E+06 -0.13190793402997E+06  0.24375701681453E+05  0.28407545351882E+06 -0.48659775384450E+05  0.58967533482625E+05  0.49892619218947E+05  0.32088044064995E+06 -0.29202283913349E+05 -0.16129949784502E+05  0.29636545056721E+04 -0.81342915634659E+03 -0.75234245733331E+02  0.35854115788906E+02  0.28116720264973E+05 -0.34125830193497E+04  0.26521243682027E+05  0.14900190760538E+05 -0.96166465510197E+03 -0.18451411568778E+05 -0.10260147946393E+04  0.28867118216538E+04 -0.37155886975417E+05 -0.12661181124184E+05 -0.20902329551259E+05 -0.94027798342486E+02 -0.62418575713633E+05 -0.32581517957215E+06 -0.12907846620661E+04 -0.22829269581911E+04 -0.67488690041317E+02 -0.10528024505350E+05 -0.47646832323950E+05 -0.22482193921121E+04 -0.89101411851861E+03 -0.10204891922922E+05 -0.15990406503573E+05 -0.71672361755172E+04 -0.21241153675906E+05
  -0.15303051281585E+06  0.41575422699837E+05 -0.72034425303239E+04 -0.48659775384450E+05  0.10609271201087E+05 -0.68070855436253E+04 -0.81701353335596E+04 -0.30618848926801E+05  0.10872348914876E+04  0.22073594198000E+04 -0.30586994592727E+03 -0.74085624321013E+02 -0.22941987595175E+01 -0.29288841619092E+01 -0.23279621773582E+04  0.27798800017488E+03 -0.21439408612010E+04 -0.11994460936110E+04  0.27686799693865E+03  0.40082271988538E+04  0.69418425833989E+03  0.47981415610544E+03  0.95623102905369E+04  0.20413324980050E+04  0.34952941675767E+04 -0.57642870491363E+02  0.12746235398041E+05  0.67554427695393E+05  0.36292248488354E+03  0.62394669698332E+03  0.90326700277254E+01  0.32422748359427E+04  0.14457252861033E+05  0.49534242121334E+03  0.18184752617611E+03  0.34448130935116E+03  0.26124151541437E+04  0.84905050570731E+03  0.26393274114758E+04
   0.26868519460184E+05 -0.13558310928440E+04  0.84861543192949E+03  0.58967533482625E+05 -0.68070855436253E+04  0.17598151584671E+05  0.11201543228574E+05  0.96969368907856E+05 -0.94709125665642E+04 -0.42121024428457E+04  0.89069816225495E+03 -0.39999536550133E+03 -0.34278482191133E+02  0.12272360676063E+02  0.86845315238421E+04 -0.10930895930224E+04  0.82609418250742E+04  0.47446333885138E+04 -0.43474809463898E+02 -0.26554590282888E+04  0.51093289171638E+03  0.21324445575344E+04 -0.30632023722267E+04 -0.29388652768388E+04 -0.45667722135372E+04  0.15150606455200E+03 -0.10537540229194E+05 -0.51786860391145E+05 -0.54346830490451E+02 -0.12447600234994E+03 -0.18891896140629E+02 -0.18168941754473E+03 -0.10325292111901E+04 -0.32729312639997E+03 -0.15285055072466E+03 -0.30725587488297E+04 -0.36666637699578E+04 -0.19113289717504E+04 -0.55089352219431E+04
   0.86639564025904E+05 -0.18624476752525E+05  0.38707060087313E+04  0.49892619218947E+05 -0.81701353335596E+04  0.11201543228574E+05  0.92123311218975E+04  0.53643016745178E+05 -0.34384809330494E+04 -0.29902835634313E+04  0.51703235026633E+03 -0.88053949774944E+02 -0.10169021348157E+02  0.61288230284294E+01  0.43795388734400E+04 -0.55394285698588E+03  0.40279340308978E+04  0.23307432148695E+04 -0.13641549659976E+03 -0.31638580490193E+04  0.39081345791524E+02  0.97134453406562E+03 -0.57168886533238E+04 -0.25518998956995E+04 -0.40492057817827E+04  0.13547178687365E+03 -0.10937320559317E+05 -0.57037413436641E+05 -0.19757903153526E+03 -0.33994600808822E+03 -0.13077283000025E+02 -0.13462277799863E+04 -0.61972685901832E+04 -0.39313481470789E+03 -0.16204169838371E+03 -0.12958368013087E+04 -0.33266041067039E+04 -0.11786545201762E+04 -0.35276575026443E+04
   0.93808946579752E+06 -0.12409324434603E+06  0.31996807628833E+05  0.32088044064995E+06 -0.30618848926801E+05  0.96969368907856E+05  0.53643016745178E+05  0.50119085965511E+07 -0.23231455847081E+07 -0.83907416376331E+05  0.25389820128397E+05  0.27205104641128E+05  0.18056214983095E+04  0.10186098072920E+03  0.82116497027198E+05 -0.10799603269051E+05  0.92063543239827E+05  0.50333177520276E+05 -0.28193246491498E+03 -0.23999306622108E+05  0.67352610089821E+04  0.34809708445255E+05 -0.28685506834026E+05 -0.60160881679889E+05 -0.48294556346249E+05 -0.67533118436799E+05 -0.28199285697768E+06 -0.55768382378747E+06 -0.73571657587372E+05 -0.16482563112989E+06 -0.13045564137547E+04 -0.56407398239970E+04 -0.11288058730730E+05  0.54186720005230E+03  0.36834172420888E+03 -0.26557900564984E+06 -0.87074321614709E+04 -0.13812496248955E+06 -0.17109652605480E+06
  -0.17060905818185E+06  0.25855018040165E+05 -0.56306165201357E+04 -0.29202283913349E+05  0.10872348914876E+04 -0.94709125665642E+04 -0.34384809330494E+04 -0.23231455847081E+07  0.19234235220986E+07  0.18735541358290E+05 -0.63899609705353E+04 -0.57662276824451E+04 -0.31067121135888E+03 -0.16151871026355E+02  0.50585590017167E+05 -0.25744572540657E+04  0.19163084667793E+05  0.96875885113609E+04  0.23457596998323E+02  0.47600760373704E+04 -0.16215068831520E+04 -0.86950866852027E+04  0.46412571104703E+04  0.11181198989799E+05  0.10603047239251E+05  0.24137534135002E+05  0.65284218033871E+05  0.12489674132019E+06  0.23248396465109E+05  0.52222301186890E+05  0.16642466967649E+03  0.64593484844947E+03  0.13217063599005E+04 -0.13484168324643E+04 -0.73150788353614E+03  0.11189878213947E+06  0.15911057336338E+04  0.44181449640784E+05  0.54189458328220E+05
  -0.49670841733787E+05  0.75410523639792E+04 -0.19918867179206E+04 -0.16129949784502E+05  0.22073594198000E+04 -0.42121024428457E+04 -0.29902835634313E+04 -0.83907416376331E+05  0.18735541358290E+05  0.25430102272390E+04 -0.61361640280718E+03 -0.69123886282920E+03 -0.60368269101426E+02 -0.15606420180951E+01 -0.39925715158881E+04  0.50501189500512E+03 -0.38958371968283E+04 -0.22368572214146E+04  0.27496415105671E+02  0.11165631259978E+04 -0.19756436694231E+03 -0.10408289579770E+04  0.18133140832876E+04  0.26965760258188E+04  0.18649524881609E+04  0.72539013477665E+03  0.10805219867564E+05  0.22587648560954E+05  0.15276383727926E+04  0.33492569586920E+04  0.42156997540210E+02  0.55286212447254E+03  0.10682977842230E+04  0.12157572248801E+03  0.54522561037963E+02  0.30949931952406E+04  0.44117623870501E+03  0.27727542938702E+04  0.35212942348396E+04
   0.75825788813407E+04 -0.94571747669441E+03  0.26299394988054E+03  0.29636545056721E+04 -0.30586994592727E+03  0.89069816225495E+03  0.51703235026633E+03  0.25389820128397E+05 -0.63899609705353E+04 -0.61361640280718E+03  0.17285478308034E+03  0.20365615256797E+03  0.14687070114667E+02  0.68437300045956E+00  0.12544882093474E+04 -0.14361475888600E+03  0.11779080804269E+04  0.65043937655910E+03 -0.25031182192546E+01 -0.18362962834608E+03  0.48420830056210E+02  0.24480131453147E+03 -0.23045969215529E+03 -0.47347358115799E+03 -0.35671325982967E+03 -0.33861622492010E+03 -0.20373665978667E+04 -0.40810203210432E+04 -0.44064939871780E+03 -0.98681952074947E+03 -0.10813106452302E+02 -0.47369070148058E+02 -0.94690689014604E+02 -0.12233460589929E+02 -0.58843185680548E+01 -0.11533842496328E+04 -0.68304575205704E+02 -0.82495914123262E+03 -0.10298269641754E+04
   0.14320152512289E+05 -0.11775811285769E+04  0.43443699824346E+03 -0.81342915634659E+03 -0.74085624321013E+02 -0.39999536550133E+03 -0.88053949774944E+02  0.27205104641128E+05 -0.57662276824451E+04 -0.69123886282920E+03  0.20365615256797E+03  0.17182813150995E+04  0.11024795775454E+03 -0.28138204748688E+00  0.15600957291598E+04 -0.22221142141341E+03  0.18764648565491E+04  0.10837701228464E+04 -0.39448655585487E+01  0.97057313808383E+02  0.50694176797989E+02  0.28190620621349E+03 -0.56411170489456E+02 -0.11252366934050E+04  0.98179751297990E-11 -0.75667727283758E+03 -0.50489234463963E+04  0.19083689219506E-09 -0.25011187917338E+04 -0.69480946838157E+02 -0.80698766828583E+02 -0.18060048409449E+00 -0.19003967448753E-10 -0.17762023783751E+01 -0.76303569240217E+00  0.29469006611377E+03  0.30720957602441E+03 -0.28019360055626E+04  0.11972943126124E-10
   0.15796871571826E+04 -0.13118059208939E+03  0.55679721311999E+02 -0.75234245733331E+02 -0.22941987595175E+01 -0.34278482191133E+02 -0.10169021348157E+02  0.18056214983095E+04 -0.31067121135888E+03 -0.60368269101426E+02  0.14687070114667E+02  0.11024795775454E+03  0.97074924994108E+01 -0.13185440302587E+00  0.88399059960408E+02 -0.15097434495128E+02  0.11525386366321E+03  0.71968891021240E+02 -0.30261472709559E+00  0.84482147636684E+01  0.64044393755239E+01  0.31258169252437E+02 -0.11200968982663E+02 -0.16425910466719E+03 -0.16902354570713E-11 -0.28829041956433E+02 -0.58551503217813E+03  0.65836755268748E-10 -0.15385667748498E+03 -0.18168368813319E+02 -0.63992955103699E+01 -0.13050600301873E+00  0.81364499913175E-11 -0.18406386448625E+00 -0.71585719328692E-01  0.29025091416195E+02  0.68529988029618E+02 -0.19842516775787E+03  0.23264644380395E-11
  -0.83727011139897E+02  0.10817110244025E+02 -0.39344246377154E+01  0.35854115788906E+02 -0.29288841619092E+01  0.12272360676063E+02  0.61288230284294E+01  0.10186098072920E+03 -0.16151871026355E+02 -0.15606420180951E+01  0.68437300045956E+00 -0.28138204748688E+00 -0.13185440302587E+00  0.51832574849590E-01  0.15144060310137E+02 -0.11255111237345E+01  0.10038560009038E+02  0.46857141216530E+01  0.78609840387435E-02 -0.62302682285356E+00 -0.33887806172833E-02  0.36249643612760E-01  0.15378219257852E-01  0.74370627733485E-01  0.14693918238022E-12 -0.71606517146260E+01 -0.11428776029518E+01  0.51133104651754E-11 -0.44076069097955E+01 -0.41892350228367E-04 -0.16977177018715E+00  0.36038880244944E-12  0.99488511164126E-13 -0.20925133752294E-02 -0.11426663706540E-02 -0.17322233411369E+01  0.14050105856757E-03 -0.41029288523996E+01  0.77798543576653E-12
   0.12634601317747E+05  0.46031043776976E+03 -0.21306409866583E+03  0.28116720264973E+05 -0.23279621773582E+04  0.86845315238421E+04  0.43795388734400E+04  0.82116497027198E+05  0.50585590017167E+05 -0.39925715158881E+04  0.12544882093474E+04  0.15600957291598E+04  0.88399059960408E+02  0.15144060310137E+02  0.50546478625855E+05 -0.48976808173153E+04  0.40416452556968E+05  0.21547573378186E+05  0.11073374515779E+02  0.13651934993930E+03 -0.18845516723150E+02 -0.12882644259639E+03  0.78269382719177E+03 -0.29515882638420E+04 -0.19176263182148E+04 -0.25015074314456E+04  0.18785886413265E+04  0.42648382501535E+04 -0.15765880273186E+04 -0.30715091996177E+04 -0.73666255142470E+03  0.33918401819835E+03  0.61333570711214E+03 -0.30528302411525E+04 -0.15934860016237E+04 -0.21766013176442E+04  0.20008533580764E+03 -0.97582767157860E+03 -0.10979007932212E+04
  -0.29218570418849E+04 -0.88225494627634E+01 -0.33718921565198E+02 -0.34125830193497E+04  0.27798800017488E+03 -0.10930895930224E+04 -0.55394285698588E+03 -0.10799603269051E+05 -0.25744572540657E+04  0.50501189500512E+03 -0.14361475888600E+03 -0.22221142141341E+03 -0.15097434495128E+02 -0.11255111237345E+01 -0.48976808173153E+04  0.55340019478206E+03 -0.44779084171142E+04 -0.24806860513920E+04 -0.24814697516476E+01 -0.14420320928527E+02 -0.73370087990625E+01 -0.17803695659831E+02 -0.16667801032792E+03  0.56421691466325E+03  0.35219522678605E+03  0.29502199575051E+03 -0.13434198833026E+03 -0.47687251046306E+03  0.17086569342138E+03  0.33109636938202E+03  0.84661385163160E+02 -0.91343516415277E+02 -0.16317137281971E+03  0.48907580482789E+03  0.23684087188276E+03 -0.36158041085107E+03 -0.35833381587767E+02  0.27395400296469E+03  0.30692584029961E+03
   0.16973895594624E+05 -0.85838529522039E+02 -0.21081708762249E+02  0.26521243682027E+05 -0.21439408612010E+04  0.82609418250742E+04  0.40279340308978E+04  0.92063543239827E+05  0.19163084667793E+05 -0.38958371968283E+04  0.11779080804269E+04  0.18764648565491E+04  0.11525386366321E+03  0.10038560009038E+02  0.40416452556968E+05 -0.44779084171142E+04  0.37040077922852E+05  0.20290555166287E+05  0.94245419272200E+01  0.17498795825942E+03 -0.85130421450061E+02 -0.27517553928453E+03  0.68740482945219E+03 -0.32059712191948E+04 -0.20402790866319E+04 -0.27819755451379E+04  0.23551347661105E+04  0.52470627705252E+04 -0.14487166975952E+04 -0.28378332581591E+04 -0.69369210317892E+03  0.10555511644709E+03  0.21162047675861E+03 -0.30713468491690E+04 -0.16379008788299E+04  0.17638205041574E+04  0.28305726296825E+03 -0.20027685854493E+04 -0.22174515078408E+04
   0.11963738277042E+05 -0.75810230160577E+02  0.91385450066331E+02  0.14900190760538E+05 -0.11994460936110E+04  0.47446333885138E+04  0.23307432148695E+04  0.50333177520276E+05  0.96875885113609E+04 -0.22368572214146E+04  0.65043937655910E+03  0.10837701228464E+04  0.71968891021240E+02  0.46857141216530E+01  0.21547573378186E+05 -0.24806860513920E+04  0.20290555166287E+05  0.11260482305070E+05  0.79177005396751E+01  0.94004649696051E+02 -0.27595426261313E+02 -0.76676923512121E+02  0.55406363908800E+03 -0.22744395141615E+04 -0.14136951106777E+04 -0.14146234746383E+04  0.10797136415062E+04  0.28795410699522E+04 -0.74920904005062E+03 -0.14673950763161E+04 -0.38878930486851E+03  0.15407256657668E+03  0.28993438245356E+03 -0.20210722419595E+04 -0.10321652519264E+04  0.18070812208465E+04  0.19572244572879E+03 -0.13815269936809E+04 -0.15320732680459E+04
  -0.46152345523243E+04  0.15258728624446E+04 -0.22147456746752E+03 -0.96166465510197E+03  0.27686799693865E+03 -0.43474809463898E+02 -0.13641549659976E+03 -0.28193246491498E+03  0.23457596998323E+02  0.27496415105671E+02 -0.25031182192546E+01 -0.39448655585487E+01 -0.30261472709559E+00  0.78609840387435E-02  0.11073374515779E+02 -0.24814697516476E+01  0.94245419272200E+01  0.79177005396751E+01  0.13171699920151E+02  0.12750343107339E+03  0.36969675331563E+02  0.41618036791343E+02  0.29495302829605E+03  0.00000000000000E+00  0.42248227494502E+02  0.00000000000000E+00  0.00000000000000E+00  0.21160143616660E+04  0.00000000000000E+00 -0.45329803580843E+01  0.00000000000000E+00  0.00000000000000E+00  0.57638671167631E+03  0.00000000000000E+00  0.00000000000000E+00  0.00000000000000E+00 -0.41638126199415E+02  0.00000000000000E+00  0.52959700142397E+02
  -0.61229980516273E+05  0.15379984337190E+05 -0.28303537053836E+04 -0.18451411568778E+05  0.40082271988538E+04 -0.26554590282888E+04 -0.31638580490193E+04 -0.23999306622108E+05  0.47600760373704E+04  0.11165631259978E+04 -0.18362962834608E+03  0.97057313808383E+02  0.84482147636684E+01 -0.62302682285356E+00  0.13651934993930E+03 -0.14420320928527E+02  0.17498795825942E+03  0.94004649696051E+02  0.12750343107339E+03  0.23192363281874E+04  0.15625843032026E+03 -0.20413795594354E+03  0.36840479046981E+04  0.00000000000000E+00  0.22897130384282E+04  0.00000000000000E+00  0.00000000000000E+00  0.37755884755406E+05  0.00000000000000E+00  0.25661843113094E+03  0.00000000000000E+00  0.00000000000000E+00  0.58220274049736E+04  0.00000000000000E+00  0.00000000000000E+00  0.00000000000000E+00 -0.16561733493930E+04  0.00000000000000E+00  0.26224248119147E+04
  -0.19111370963644E+05  0.86454200885363E+04 -0.98603818782958E+03 -0.10260147946393E+04  0.69418425833989E+03  0.51093289171638E+03  0.39081345791524E+02  0.67352610089821E+04 -0.16215068831520E+04 -0.19756436694231E+03  0.48420830056210E+02  0.50694176797989E+02  0.64044393755239E+01 -0.33887806172833E-02 -0.18845516723150E+02 -0.73370087990625E+01 -0.85130421450061E+02 -0.27595426261313E+02  0.36969675331563E+02  0.15625843032026E+03  0.38904405379782E+03  0.69856659862364E+03  0.16104113271205E+04 -0.48119577380045E+02 -0.27648177441629E+02  0.29008361249473E+01  0.91558660553069E+03  0.50740830712148E+03  0.00000000000000E+00  0.00000000000000E+00  0.00000000000000E+00  0.23855514606503E+04  0.29451582437253E+04  0.00000000000000E+00  0.00000000000000E+00  0.00000000000000E+00 -0.27897420332019E+02 -0.35811750703712E+03 -0.37244539102599E+03
  -0.95277941893152E+04  0.95598633162004E+04 -0.72052610944211E+03  0.28867118216538E+04  0.47981415610544E+03  0.21324445575344E+04  0.97134453406562E+03  0.34809708445255E+05 -0.86950866852027E+04 -0.10408289579770E+04  0.24480131453147E+03  0.28190620621349E+03  0.31258169252437E+02  0.36249643612760E-01 -0.12882644259639E+03 -0.17803695659831E+02 -0.27517553928453E+03 -0.76676923512121E+02  0.41618036791343E+02 -0.20413795594354E+03  0.69856659862364E+03  0.18003624523403E+04  0.15764336130159E+04 -0.15328162936825E+03 -0.10396117284493E+03 -0.42096613993589E+02 -0.57444667364295E+04 -0.10142406450877E+05  0.00000000000000E+00  0.00000000000000E+00  0.00000000000000E+00  0.34045798277906E+04  0.40947283868263E+04  0.00000000000000E+00  0.00000000000000E+00  0.00000000000000E+00 -0.42858855449762E+02 -0.20391775804031E+04 -0.21064667584870E+04
  -0.22613202793937E+06  0.66694106424167E+05 -0.10736910895337E+05 -0.37155886975417E+05  0.95623102905369E+04 -0.30632023722267E+04 -0.57168886533238E+04 -0.28685506834026E+05  0.46412571104703E+04  0.18133140832876E+04 -0.23045969215529E+03 -0.56411170489456E+02 -0.11200968982663E+02  0.15378219257852E-01  0.78269382719177E+03 -0.16667801032792E+03  0.68740482945219E+03  0.55406363908800E+03  0.29495302829605E+03  0.36840479046981E+04  0.16104113271205E+04  0.15764336130159E+04  0.16600377773216E+05  0.25154483547414E+03  0.13176815028821E+03 -0.63492245392808E+01  0.38026148211084E+05  0.61719078430175E+05  0.00000000000000E+00  0.00000000000000E+00  0.00000000000000E+00  0.16139636072544E+05  0.20295228732209E+05  0.00000000000000E+00  0.00000000000000E+00  0.00000000000000E+00 -0.85578643511111E+02  0.15592183150989E+04  0.15950474912300E+04
  -0.12814810839662E+06  0.16610985437437E+05 -0.54442732172298E+04 -0.12661181124184E+05  0.20413324980050E+04 -0.29388652768388E+04 -0.25518998956995E+04 -0.60160881679889E+05  0.11181198989799E+05  0.26965760258188E+04 -0.47347358115799E+03 -0.11252366934050E+04 -0.16425910466719E+03  0.74370627733485E-01 -0.29515882638420E+04  0.56421691466325E+03 -0.32059712191948E+04 -0.22744395141615E+04  0.00000000000000E+00  0.00000000000000E+00 -0.48119577380045E+02 -0.15328162936825E+03  0.25154483547414E+03  0.11706887419534E+06  0.00000000000000E+00  0.00000000000000E+00  0.00000000000000E+00  0.00000000000000E+00  0.00000000000000E+00  0.00000000000000E+00  0.00000000000000E+00  0.00000000000000E+00  0.00000000000000E+00  0.00000000000000E+00  0.00000000000000E+00  0.00000000000000E+00  0.00000000000000E+00  0.00000000000000E+00  0.00000000000000E+00
  -0.54040057789624E+05  0.82100494085664E+04 -0.23128293586575E+04 -0.20902329551259E+05  0.34952941675767E+04 -0.45667722135372E+04 -0.40492057817827E+04 -0.48294556346249E+05  0.10603047239251E+05  0.18649524881609E+04 -0.35671325982967E+03  0.98179751297990E-11 -0.16902354570713E-11  0.14693918238022E-12 -0.19176263182148E+04  0.35219522678605E+03 -0.20402790866319E+04 -0.14136951106777E+04  0.42248227494502E+02  0.22897130384282E+04 -0.27648177441629E+02 -0.10396117284493E+03  0.13176815028821E+03  0.00000000000000E+00  0.64869134572708E+05  0.00000000000000E+00  0.00000000000000E+00  0.00000000000000E+00  0.00000000000000E+00  0.00000000000000E+00  0.00000000000000E+00  0.00000000000000E+00  0.00000000000000E+00  0.00000000000000E+00  0.00000000000000E+00  0.00000000000000E+00  0.00000000000000E+00  0.00000000000000E+00  0.00000000000000E+00
  -0.45702800393108E+04 -0.23542772836021E+03  0.46336787328775E+02 -0.94027798342486E+02 -0.57642870491363E+02  0.15150606455200E+03  0.13547178687365E+03 -0.67533118436799E+05  0.24137534135002E+05  0.72539013477665E+03 -0.33861622492010E+03 -0.75667727283758E+03 -0.28829041956433E+02 -0.71606517146260E+01 -0.25015074314456E+04  0.29502199575051E+03 -0.27819755451379E+04 -0.14146234746383E+04  0.00000000000000E+00  0.00000000000000E+00  0.29008361249473E+01 -0.42096613993589E+02 -0.63492245392808E+01  0.00000000000000E+00  0.00000000000000E+00  0.30822364610262E+05  0.00000000000000E+00  0.00000000000000E+00  0.00000000000000E+00  0.00000000000000E+00  0.00000000000000E+00  0.00000000000000E+00  0.00000000000000E+00  0.00000000000000E+00  0.00000000000000E+00  0.00000000000000E+00  0.00000000000000E+00  0.00000000000000E+00  0.00000000000000E+00
  -0.84738701383497E+06  0.21015863971440E+06 -0.38251815346304E+05 -0.62418575713633E+05  0.12746235398041E+05 -0.10537540229194E+05 -0.10937320559317E+05 -0.28199285697768E+06  0.65284218033871E+05  0.10805219867564E+05 -0.20373665978667E+04 -0.50489234463963E+04 -0.58551503217813E+03 -0.11428776029518E+01  0.18785886413265E+04 -0.13434198833026E+03  0.23551347661105E+04  0.10797136415062E+04  0.00000000000000E+00  0.00000000000000E+00  0.91558660553069E+03 -0.57444667364295E+04  0.38026148211084E+05  0.00000000000000E+00  0.00000000000000E+00  0.00000000000000E+00  0.58134802067374E+06  0.00000000000000E+00  0.00000000000000E+00  0.00000000000000E+00  0.00000000000000E+00  0.00000000000000E+00  0.00000000000000E+00  0.00000000000000E+00  0.00000000000000E+00  0.00000000000000E+00  0.00000000000000E+00  0.00000000000000E+00  0.00000000000000E+00
  -0.10877122699527E+07  0.26262549074278E+06 -0.49355179482532E+05 -0.32581517957215E+06  0.67554427695393E+05 -0.51786860391145E+05 -0.57037413436641E+05 -0.55768382378747E+06  0.12489674132019E+06  0.22587648560954E+05 -0.40810203210432E+04  0.19083689219506E-09  0.65836755268748E-10  0.51133104651754E-11  0.42648382501535E+04 -0.47687251046306E+03  0.52470627705252E+04  0.28795410699522E+04  0.21160143616660E+04  0.37755884755406E+05  0.50740830712148E+03 -0.10142406450877E+05  0.61719078430175E+05  0.00000000000000E+00  0.00000000000000E+00  0.00000000000000E+00  0.00000000000000E+00  0.92099956316314E+06  0.00000000000000E+00  0.00000000000000E+00  0.00000000000000E+00  0.00000000000000E+00  0.00000000000000E+00  0.00000000000000E+00  0.00000000000000E+00  0.00000000000000E+00  0.00000000000000E+00  0.00000000000000E+00  0.00000000000000E+00
  -0.20850432628079E+05  0.58366327045522E+04 -0.98564940004879E+03 -0.12907846620661E+04  0.36292248488354E+03 -0.54346830490451E+02 -0.19757903153526E+03 -0.73571657587372E+05  0.23248396465109E+05  0.15276383727926E+04 -0.44064939871780E+03 -0.25011187917338E+04 -0.15385667748498E+03 -0.44076069097955E+01 -0.15765880273186E+04  0.17086569342138E+03 -0.14487166975952E+04 -0.74920904005062E+03  0.00000000000000E+00  0.00000000000000E+00  0.00000000000000E+00  0.00000000000000E+00  0.00000000000000E+00  0.00000000000000E+00  0.00000000000000E+00  0.00000000000000E+00  0.00000000000000E+00  0.00000000000000E+00  0.15001530709263E+05  0.00000000000000E+00  0.00000000000000E+00  0.00000000000000E+00  0.00000000000000E+00  0.00000000000000E+00  0.00000000000000E+00  0.00000000000000E+00  0.00000000000000E+00  0.00000000000000E+00  0.00000000000000E+00
  -0.47065890632022E+05  0.13345521155260E+05 -0.22353977728850E+04 -0.22829269581911E+04  0.62394669698332E+03 -0.12447600234994E+03 -0.33994600808822E+03 -0.16482563112989E+06  0.52222301186890E+05  0.33492569586920E+04 -0.98681952074947E+03 -0.69480946838157E+02 -0.18168368813319E+02 -0.41892350228367E-04 -0.30715091996177E+04  0.33109636938202E+03 -0.28378332581591E+04 -0.14673950763161E+04 -0.45329803580843E+01  0.25661843113094E+03  0.00000000000000E+00  0.00000000000000E+00  0.00000000000000E+00  0.00000000000000E+00  0.00000000000000E+00  0.00000000000000E+00  0.00000000000000E+00  0.00000000000000E+00  0.00000000000000E+00  0.32419612659426E+05  0.00000000000000E+00  0.00000000000000E+00  0.00000000000000E+00  0.00000000000000E+00  0.00000000000000E+00  0.00000000000000E+00  0.00000000000000E+00  0.00000000000000E+00  0.00000000000000E+00
  -0.30933317937707E+04  0.41920382478551E+03 -0.11613644201295E+03 -0.67488690041317E+02  0.90326700277254E+01 -0.18891896140629E+02 -0.13077283000025E+02 -0.13045564137547E+04  0.16642466967649E+03  0.42156997540210E+02 -0.10813106452302E+02 -0.80698766828583E+02 -0.63992955103699E+01 -0.16977177018715E+00 -0.73666255142470E+03  0.84661385163160E+02 -0.69369210317892E+03 -0.38878930486851E+03  0.00000000000000E+00  0.00000000000000E+00  0.00000000000000E+00  0.00000000000000E+00  0.00000000000000E+00  0.00000000000000E+00  0.00000000000000E+00  0.00000000000000E+00  0.00000000000000E+00  0.00000000000000E+00  0.00000000000000E+00  0.00000000000000E+00  0.37845882628996E+04  0.00000000000000E+00  0.00000000000000E+00  0.00000000000000E+00  0.00000000000000E+00  0.00000000000000E+00  0.00000000000000E+00  0.00000000000000E+00  0.00000000000000E+00
  -0.19982816122188E+06  0.63517759730083E+05 -0.96637792943115E+04 -0.10528024505350E+05  0.32422748359427E+04 -0.18168941754473E+03 -0.13462277799863E+04 -0.56407398239970E+04  0.64593484844947E+03  0.55286212447254E+03 -0.47369070148058E+02 -0.18060048409449E+00 -0.13050600301873E+00  0.36038880244944E-12  0.33918401819835E+03 -0.91343516415277E+02  0.10555511644709E+03  0.15407256657668E+03  0.00000000000000E+00  0.00000000000000E+00  0.23855514606503E+04  0.34045798277906E+04  0.16139636072544E+05  0.00000000000000E+00  0.00000000000000E+00  0.00000000000000E+00  0.00000000000000E+00  0.00000000000000E+00  0.00000000000000E+00  0.00000000000000E+00  0.00000000000000E+00  0.10571337150680E+06  0.00000000000000E+00  0.00000000000000E+00  0.00000000000000E+00  0.00000000000000E+00  0.00000000000000E+00  0.00000000000000E+00  0.00000000000000E+00
  -0.22305297967279E+06  0.70451891724224E+05 -0.10772862914989E+05 -0.47646832323950E+05  0.14457252861033E+05 -0.10325292111901E+04 -0.61972685901832E+04 -0.11288058730730E+05  0.13217063599005E+04  0.10682977842230E+04 -0.94690689014604E+02 -0.19003967448753E-10  0.81364499913175E-11  0.99488511164126E-13  0.61333570711214E+03 -0.16317137281971E+03  0.21162047675861E+03  0.28993438245356E+03  0.57638671167631E+03  0.58220274049736E+04  0.29451582437253E+04  0.40947283868263E+04  0.20295228732209E+05  0.00000000000000E+00  0.00000000000000E+00  0.00000000000000E+00  0.00000000000000E+00  0.00000000000000E+00  0.00000000000000E+00  0.00000000000000E+00  0.00000000000000E+00  0.00000000000000E+00  0.13867645382934E+06  0.00000000000000E+00  0.00000000000000E+00  0.00000000000000E+00  0.00000000000000E+00  0.00000000000000E+00  0.00000000000000E+00
  -0.86798886858831E+04  0.23316524406977E+04 -0.40302329411277E+03 -0.22482193921121E+04  0.49534242121334E+03 -0.32729312639997E+03 -0.39313481470789E+03  0.54186720005230E+03 -0.13484168324643E+04  0.12157572248801E+03 -0.12233460589929E+02 -0.17762023783751E+01 -0.18406386448625E+00 -0.20925133752294E-02 -0.30528302411525E+04  0.48907580482789E+03 -0.30713468491690E+04 -0.20210722419595E+04  0.00000000000000E+00  0.00000000000000E+00  0.00000000000000E+00  0.00000000000000E+00  0.00000000000000E+00  0.00000000000000E+00  0.00000000000000E+00  0.00000000000000E+00  0.00000000000000E+00  0.00000000000000E+00  0.00000000000000E+00  0.00000000000000E+00  0.00000000000000E+00  0.00000000000000E+00  0.00000000000000E+00  0.81869580425990E+04  0.00000000000000E+00  0.00000000000000E+00  0.00000000000000E+00  0.00000000000000E+00  0.00000000000000E+00
  -0.30737949561390E+04  0.74085425084380E+03 -0.14043050645827E+03 -0.89101411851861E+03  0.18184752617611E+03 -0.15285055072466E+03 -0.16204169838371E+03  0.36834172420888E+03 -0.73150788353614E+03  0.54522561037963E+02 -0.58843185680548E+01 -0.76303569240217E+00 -0.71585719328692E-01 -0.11426663706540E-02 -0.15934860016237E+04  0.23684087188276E+03 -0.16379008788299E+04 -0.10321652519264E+04  0.00000000000000E+00  0.00000000000000E+00  0.00000000000000E+00  0.00000000000000E+00  0.00000000000000E+00  0.00000000000000E+00  0.00000000000000E+00  0.00000000000000E+00  0.00000000000000E+00  0.00000000000000E+00  0.00000000000000E+00  0.00000000000000E+00  0.00000000000000E+00  0.00000000000000E+00  0.00000000000000E+00  0.00000000000000E+00  0.41987325826670E+04  0.00000000000000E+00  0.00000000000000E+00  0.00000000000000E+00  0.00000000000000E+00
  -0.16065646306500E+05 -0.22582586430116E+04  0.16492682641131E+02 -0.10204891922922E+05  0.34448130935116E+03 -0.30725587488297E+04 -0.12958368013087E+04 -0.26557900564984E+06  0.11189878213947E+06  0.30949931952406E+04 -0.11533842496328E+04  0.29469006611377E+03  0.29025091416195E+02 -0.17322233411369E+01 -0.21766013176442E+04 -0.36158041085107E+03  0.17638205041574E+04  0.18070812208465E+04  0.00000000000000E+00  0.00000000000000E+00  0.00000000000000E+00  0.00000000000000E+00  0.00000000000000E+00  0.00000000000000E+00  0.00000000000000E+00  0.00000000000000E+00  0.00000000000000E+00  0.00000000000000E+00  0.00000000000000E+00  0.00000000000000E+00  0.00000000000000E+00  0.00000000000000E+00  0.00000000000000E+00  0.00000000000000E+00  0.00000000000000E+00  0.12527383767134E+06  0.00000000000000E+00  0.00000000000000E+00  0.00000000000000E+00
   0.16978610776942E+05 -0.22915042583411E+04  0.72630335236828E+03 -0.15990406503573E+05  0.26124151541437E+04 -0.36666637699578E+04 -0.33266041067039E+04 -0.87074321614709E+04  0.15911057336338E+04  0.44117623870501E+03 -0.68304575205704E+02  0.30720957602441E+03  0.68529988029618E+02  0.14050105856757E-03  0.20008533580764E+03 -0.35833381587767E+02  0.28305726296825E+03  0.19572244572879E+03 -0.41638126199415E+02 -0.16561733493930E+04 -0.27897420332019E+02 -0.42858855449762E+02 -0.85578643511111E+02  0.00000000000000E+00  0.00000000000000E+00  0.00000000000000E+00  0.00000000000000E+00  0.00000000000000E+00  0.00000000000000E+00  0.00000000000000E+00  0.00000000000000E+00  0.00000000000000E+00  0.00000000000000E+00  0.00000000000000E+00  0.00000000000000E+00  0.00000000000000E+00  0.40062589471025E+05  0.00000000000000E+00  0.00000000000000E+00
  -0.71605115799443E+05  0.85849492121018E+04 -0.25334940435209E+04 -0.71672361755172E+04  0.84905050570731E+03 -0.19113289717504E+04 -0.11786545201762E+04 -0.13812496248955E+06  0.44181449640784E+05  0.27727542938702E+04 -0.82495914123262E+03 -0.28019360055626E+04 -0.19842516775787E+03 -0.41029288523996E+01 -0.97582767157860E+03  0.27395400296469E+03 -0.20027685854493E+04 -0.13815269936809E+04  0.00000000000000E+00  0.00000000000000E+00 -0.35811750703712E+03 -0.20391775804031E+04  0.15592183150989E+04  0.00000000000000E+00  0.00000000000000E+00  0.00000000000000E+00  0.00000000000000E+00  0.00000000000000E+00  0.00000000000000E+00  0.00000000000000E+00  0.00000000000000E+00  0.00000000000000E+00  0.00000000000000E+00  0.00000000000000E+00  0.00000000000000E+00  0.00000000000000E+00  0.00000000000000E+00  0.95558579786312E+05  0.00000000000000E+00
  -0.56284999954491E+05  0.72273762365916E+04 -0.20507067064465E+04 -0.21241153675906E+05  0.26393274114758E+04 -0.55089352219431E+04 -0.35276575026443E+04 -0.17109652605480E+06  0.54189458328220E+05  0.35212942348396E+04 -0.10298269641754E+04  0.11972943126124E-10  0.23264644380395E-11  0.77798543576653E-12 -0.10979007932212E+04  0.30692584029961E+03 -0.22174515078408E+04 -0.15320732680459E+04  0.52959700142397E+02  0.26224248119147E+04 -0.37244539102599E+03 -0.21064667584870E+04  0.15950474912300E+04  0.00000000000000E+00  0.00000000000000E+00  0.00000000000000E+00  0.00000000000000E+00  0.00000000000000E+00  0.00000000000000E+00  0.00000000000000E+00  0.00000000000000E+00  0.00000000000000E+00  0.00000000000000E+00  0.00000000000000E+00  0.00000000000000E+00  0.00000000000000E+00  0.00000000000000E+00  0.00000000000000E+00  0.10002987835149E+06

 # Covariance matrix (Bevington epsilon)
   0.69075376974570E-03 -0.19891398554471E-03 -0.15711111352831E-01  0.38603327019936E-03  0.11346357893519E-03  0.75744006953010E-04 -0.18410566530279E-02  0.75896637940203E-04  0.50415742255300E-04 -0.26748123734681E-02 -0.24036220691910E-01 -0.49093946114343E-03 -0.10768699867615E-01 -0.40427545577487E-01  0.16151166186795E-03  0.43928691421629E-03 -0.58539652651791E-04 -0.31938963991922E-03  0.36044105170066E-02  0.13486063260029E-03  0.88299915059953E-03 -0.78579396095653E-03  0.51174703987029E-05  0.27502165571946E-04  0.27718232021259E-04  0.15620449266433E-04  0.23059363411010E-04  0.24788813651919E-04 -0.34168250967985E-03 -0.15968896731307E-03  0.37772867777929E-04  0.12588388872733E-04  0.24201320880896E-04 -0.30757173556101E-04 -0.37922586429341E-04  0.74263831786552E-04  0.17271086959837E-04  0.24700088128104E-04  0.23836522589811E-04
  -0.19891398554471E-03  0.17959685831046E-03  0.54587673585317E-02 -0.23438930110037E-04  0.26161252992355E-03  0.83643850931091E-04  0.26665258321880E-03 -0.16840651077168E-04 -0.11604682726529E-04  0.13836706586102E-02  0.74533358289446E-02  0.26937759624886E-03  0.28887508493570E-02  0.22870303683720E-01 -0.28156898468709E-04  0.10861890166454E-02  0.16164195402660E-03  0.22707361934944E-04 -0.32804982005229E-02 -0.12435290419932E-03 -0.19876169605619E-02  0.63549230849184E-03  0.10708015154843E-03  0.75154436874411E-05  0.29657562739416E-05  0.26685618054033E-05  0.34743632335957E-05  0.38531326332819E-05  0.10387856347304E-03  0.31252556499396E-04 -0.24350294339168E-06  0.12432293808274E-04  0.10996651249398E-04 -0.18653561963859E-04 -0.89845505386308E-05 -0.12652835152493E-04 -0.22910862391132E-04  0.51949748080320E-05  0.42055985914584E-05
