# fitpack15: fit parameters                                                                         
# CJ15 AV18 final data choices                                                                      
# Created on 06/15/2019 at 19:43:28                                                                 

 # QCD setup
  INS                           0
  NVL                          11
  IORD                          1
  Q02                   1.6899999999999999     
  IPARAMC                       7
  FLAVOR                4.0000000000000000     
  xmc                   1.3000000000000000     
  xmb                   4.5000000000000000     
  ncb                          12
  ihq                           1
  ias                           0

 # Theory corrections
  inuke                     10914
  itmc                          1
  iht                           1

 # fit parameters
 LAMBDA       0.22680        0.0000    
 a0uv          2.4447        0.0000    
 a1uv         0.61837       0.24773E-01
 a2uv          3.5536       0.15620E-01
 a3uv          0.0000        0.0000    
 a4uv          3.3920       0.54395    
 a5uv          0.0000        0.0000    
 a0dv          30.447        0.0000    
 a1dv          1.2035       0.37133E-01
 a2dv          6.7789       0.19563    
 a3dv         -3.5718       0.84727E-01
 a4dv          4.6329       0.15585    
 a5dv          0.0000        0.0000    
 a0ud         0.14739       0.53647E-02
 a1ud        -0.20727       0.39274E-02
 a2ud          8.1729       0.22416    
 a3ud          0.0000        0.0000    
 a4ud          13.316        1.4132    
 a5ud          0.0000        0.0000    
 a0du          35712.        0.0000    
 a1du          4.1206       0.10097    
 a2du          19.799        1.0213    
 a3du          17.000        0.0000    
 a4du          60.967        16.421    
 a0g           48.846        0.0000    
 a1g          0.61739       0.31094E-01
 a2g           6.3448       0.88781    
 a3g          -3.4011       0.12698    
 a4g           3.3200       0.29413    
 a5g           0.0000        0.0000    
 kappa        0.40000        0.0000    
 a6dv        -0.50705E-02   0.11355E-02
 a7dv          2.0000        0.0000    
 off1        -0.10637        1.4951    
 off2         0.44800        0.0000    
 off3          2.1290        29.256    
 ht1          -3.2509       0.27492    
 ht2           1.9056       0.11573    
 ht3          -2.1107       0.29748E-01
 ht4           0.0000        0.0000    
 dummy41       0.0000        0.0000    
 dummy42       0.0000        0.0000    
 dummy43       0.0000        0.0000    
 dummy44       0.0000        0.0000    
 dummy45       0.0000        0.0000    
 dummy46       0.0000        0.0000    
 dummy47       0.0000        0.0000    
 dummy48       0.0000        0.0000    
 dummy49       0.0000        0.0000    
 bcdmsh2      0.97027       0.48707E-02
 bcdmsd2      0.99009       0.57443E-02
 ccfr          1.0000        0.0000    
 nutev         1.0000        0.0000    
 zeus         0.97998        0.0000    
 h1            1.0162        0.0000    
 e605          1.0319        0.0000    
 NmcH2         1.0063       0.71351E-02
 ntv_nu        1.0000        0.0000    
 ntv_nubar     1.0000        0.0000    
 cdf_jet      0.98910        0.0000    
 d0_jet       0.83504        0.0000    
 slac_p        1.0021       0.48616E-02
 slac_d       0.99944       0.51531E-02
 e866pp       0.95734       0.21528E-01
 e866pd       0.94438       0.17634E-01
 d0_gamjet     1.0410       0.16574E-01
 h1b          0.97608        0.0000    
 jlab_p       0.99431       0.58642E-02
 jlab_d       0.97202       0.58304E-02
 blank         1.0000        0.0000    
 d0run2       0.95196       0.14908E-01
 cdfrun2      0.93578       0.17581E-01
 HERA_el       1.0000        0.0000    
 HERA_ps       1.0000        0.0000    
 CDF_Z        0.95869       0.66904E-02
 NmcRat        1.0000        0.0000    
 BNS_F2nd     0.97543       0.74208E-02
 HERMES_F2p   0.99482       0.56100E-02
 HERMES_F2d   0.97634       0.57721E-02
 END 0. 0.

 # Hessian matrix (Bevington alpha)
   0.48074459287451E+07 -0.12891512695756E+07  0.23548295809039E+06  0.61496113217711E+06 -0.13015507285587E+06 -0.10320941935255E+05  0.71473196161375E+05  0.92266830592041E+06 -0.16713766346439E+06 -0.50871359227052E+05  0.83164995090826E+04  0.13462867496249E+05  0.15424175304684E+04 -0.68908968448104E+02  0.11950526279762E+05 -0.27823409547363E+04  0.15501493975327E+05  0.11021457830552E+05 -0.97599614437153E+07 -0.62581449088362E+04  0.28914388702946E+03 -0.20348879052773E+05 -0.10053524407133E+05 -0.22644862657486E+06 -0.12712727739510E+06 -0.54155782907033E+05 -0.43200027541617E+04 -0.84231978753161E+06 -0.10996049678639E+07 -0.20810944506085E+05 -0.47134212253921E+05 -0.30497549605659E+04 -0.19899954919799E+06 -0.22758541469382E+06 -0.89002989176962E+04 -0.31504552897361E+04 -0.15235073994049E+05  0.16397413104812E+05 -0.70817340324670E+05 -0.56045378148390E+05
  -0.12891512695756E+07  0.41780980131957E+06 -0.65223410331313E+05 -0.16196681483812E+06  0.34360520896460E+05  0.11883515120057E+05 -0.12858182058360E+05 -0.12530506862405E+06  0.25734931608346E+05  0.79730652393294E+04 -0.10708226159857E+04 -0.11219734341503E+04 -0.13172483424058E+03  0.89544897070781E+01  0.34520876042478E+03  0.92545775232802E+01 -0.17908782159233E+03 -0.14010045556947E+03  0.32973637639469E+07 -0.11085235052902E+03  0.30571345335510E+02  0.92526409139063E+04  0.99434497521016E+04  0.67174508418860E+05  0.16619805187839E+05  0.82865621032144E+04 -0.25057667263372E+03  0.21075564517085E+06  0.26891105152388E+06  0.58745275582880E+04  0.13475634430411E+05  0.41651522157171E+03  0.63728453339605E+05  0.72602475985945E+05  0.24359813318661E+04  0.77329756901921E+03 -0.23780038772641E+04 -0.22657428728645E+04  0.85980056943647E+04  0.72627602919829E+04
   0.23548295809039E+06 -0.65223410331313E+05  0.11661570420401E+05  0.29776181657559E+05 -0.64386421157911E+04 -0.10577570577198E+04  0.32700040767258E+04  0.33237482057884E+05 -0.58058803278145E+04 -0.21524252136945E+04  0.30584343981691E+03  0.43229262828648E+03  0.57193946077925E+02 -0.32407924556559E+01 -0.23625634241716E+03 -0.30904241810801E+02 -0.46835741791556E+02  0.75617075754089E+02 -0.49643197206616E+06 -0.23395473631398E+03  0.10030864043760E+02 -0.11159442127315E+04 -0.81700842240591E+03 -0.11345198517022E+05 -0.56519106053109E+04 -0.24284066522470E+04  0.55627615882526E+02 -0.40036969277075E+05 -0.52551970992446E+05 -0.10374160945208E+04 -0.23612251916544E+04 -0.11965321243618E+03 -0.10173026679242E+05 -0.11622044618999E+05 -0.43587300717828E+03 -0.15159708236615E+03  0.53940321820525E+02  0.73383358041763E+03 -0.26168169843524E+04 -0.21322052141117E+04
   0.61496113217711E+06 -0.16196681483812E+06  0.29776181657559E+05  0.30580518889471E+06 -0.46259298805884E+05  0.56682896080661E+05  0.50727706802957E+05  0.31359364468783E+06 -0.28006641708641E+05 -0.16486984130122E+05  0.32091820346766E+04 -0.76983039173539E+03 -0.66845404206500E+02  0.28001689975366E+02  0.27920337272090E+05 -0.33457688233357E+04  0.25483953481923E+05  0.14258246037630E+05 -0.22309823168010E+07 -0.20914451759066E+04  0.11391610365784E+03 -0.18386868069993E+04  0.19993617512961E+04 -0.41394007029634E+05 -0.12627159523957E+05 -0.21057558603842E+05 -0.28843581325938E+02 -0.67378353352349E+05 -0.34781690883760E+06 -0.13992062379387E+04 -0.26032844953888E+04 -0.68619442460449E+02 -0.12321460789698E+05 -0.54946435272265E+05 -0.24873896762298E+04 -0.96306677278858E+03 -0.92743758482317E+04 -0.16020771703906E+05 -0.71755300553154E+04 -0.21273427247135E+05
  -0.13015507285587E+06  0.34360520896460E+05 -0.64386421157911E+04 -0.46259298805884E+05  0.81139212136861E+04 -0.54359798587655E+04 -0.70624810040386E+04 -0.29081139777387E+05  0.11462353976350E+04  0.21085416358373E+04 -0.32100883468165E+03 -0.39311301906368E+02 -0.10222995372456E+01 -0.21120315906709E+01 -0.21880543841891E+04  0.26052735767552E+03 -0.19372770896677E+04 -0.10852381160006E+04  0.43176268734424E+06  0.10335582822994E+03 -0.53697514614329E+01  0.53258084831243E+03  0.26360723858713E+03  0.80561506297622E+04  0.19296535917719E+04  0.32400186850726E+04 -0.58802149935452E+02  0.11154798536296E+05  0.59159454253476E+05  0.29910117003979E+03  0.53383659909756E+03  0.84655625818094E+01  0.26828939186227E+04  0.11869167741977E+05  0.43154809449252E+03  0.16185470119575E+03  0.37101178658635E+03  0.24841324290332E+04  0.78638575946569E+03  0.24200181087778E+04
  -0.10320941935255E+05  0.11883515120057E+05 -0.10577570577198E+04  0.56682896080661E+05 -0.54359798587655E+04  0.21928147910212E+05  0.12776237691383E+05  0.10371929142454E+06 -0.10379791989281E+05 -0.44699245176894E+04  0.10477320351248E+04 -0.46565387619236E+03 -0.37808488661472E+02  0.10756368024102E+02  0.94581867323203E+04 -0.11826788261053E+04  0.86524570692049E+04  0.49686409730279E+04  0.81158689125271E+04 -0.10800167500293E+04  0.63314901387192E+02  0.94616754625796E+03  0.28819862959768E+04 -0.10367474274707E+04 -0.31206782180556E+04 -0.47363743085323E+04  0.19794293347370E+03 -0.89853090090633E+04 -0.44201639699003E+05  0.34763385988229E+02  0.26163398827627E+02 -0.20470048605544E+02  0.72079281088147E+03  0.29312243898858E+04 -0.24955590158925E+03 -0.13499478016148E+03 -0.33860399949747E+04 -0.38469578505968E+04 -0.20245785126376E+04 -0.58387381543866E+04
   0.71473196161375E+05 -0.12858182058360E+05  0.32700040767258E+04  0.50727706802957E+05 -0.70624810040386E+04  0.12776237691383E+05  0.99236959817278E+04  0.57315443417238E+05 -0.38606715315214E+04 -0.31912861438831E+04  0.60913038797471E+03 -0.12574494217809E+03 -0.11707365558480E+02  0.51968471502149E+01  0.47002305303596E+04 -0.59036743719831E+03  0.41558649168134E+04  0.24048300526077E+04 -0.21834634468719E+06 -0.52899810210179E+03  0.31370260366423E+02  0.24693695531830E+03  0.13506164366008E+04 -0.48193953414319E+04 -0.27058932167318E+04 -0.42204970369848E+04  0.16144305051754E+03 -0.10425693831010E+05 -0.54513249724203E+05 -0.15317871622950E+03 -0.27534890985303E+03 -0.13996378378745E+02 -0.91592928612220E+03 -0.42563651242718E+04 -0.36603364244532E+03 -0.15785400644391E+03 -0.14364836751615E+04 -0.35263643391168E+04 -0.12365403338985E+04 -0.36861203158280E+04
   0.92266830592041E+06 -0.12530506862405E+06  0.33237482057884E+05  0.31359364468783E+06 -0.29081139777387E+05  0.10371929142454E+06  0.57315443417238E+05  0.47687687904218E+07 -0.22606242113136E+07 -0.81678559627482E+05  0.26141188398525E+05  0.23690645235780E+05  0.16507905476027E+04  0.63371704989825E+02  0.78207366308145E+05 -0.10243290068132E+05  0.85026461410305E+05  0.46431633956975E+05 -0.68807196591628E+06 -0.29441448734801E+05  0.15635063397476E+04  0.71746976021411E+04  0.36018904681234E+05 -0.29482148510878E+05 -0.59305857875095E+05 -0.47701277220587E+05 -0.65656057171855E+05 -0.27686810898995E+06 -0.55184864523310E+06 -0.72555288403885E+05 -0.16331249772540E+06 -0.12940729702844E+04 -0.60061694386463E+04 -0.11734972408136E+05  0.36292022663394E+03  0.29813194605265E+03 -0.25680924100316E+06 -0.87541099316535E+04 -0.13440444990382E+06 -0.16653336044579E+06
  -0.16713766346439E+06  0.25734931608346E+05 -0.58058803278145E+04 -0.28006641708641E+05  0.11462353976350E+04 -0.10379791989281E+05 -0.38606715315214E+04 -0.22606242113136E+07  0.19191490131262E+07  0.18400212919993E+05 -0.66142345931083E+04 -0.50044918595744E+04 -0.27968357256856E+03 -0.87546313486646E+01  0.50996778689115E+05 -0.26016165660961E+04  0.19143545496132E+05  0.95818788275305E+04  0.62939957504879E+04  0.92000718496829E+04 -0.48372752961632E+03 -0.17775733876208E+04 -0.92325526046389E+04  0.48101938821846E+04  0.11189222895343E+05  0.10613901056954E+05  0.23758746397226E+05  0.64735312296730E+05  0.12481237657036E+06  0.23258928078022E+05  0.52399120165862E+05  0.17142241719833E+03  0.66992183091085E+03  0.13397163471261E+04 -0.12829069888676E+04 -0.70731565275592E+03  0.11022851460190E+06  0.16220023315399E+04  0.43638151924844E+05  0.53522516005195E+05
  -0.50871359227052E+05  0.79730652393294E+04 -0.21524252136945E+04 -0.16486984130122E+05  0.21085416358373E+04 -0.44699245176894E+04 -0.31912861438831E+04 -0.81678559627482E+05  0.18400212919993E+05  0.25534370969790E+04 -0.65562782973535E+03 -0.63225819994857E+03 -0.57949377562903E+02 -0.96692537210367E+00 -0.39474292289188E+04  0.49284506827511E+03 -0.37051709421501E+04 -0.21198064943816E+04  0.65655831558420E+05  0.66465864468044E+03 -0.36050610165797E+02 -0.20680257480225E+03 -0.10735086828552E+04  0.19092088100360E+04  0.27156177711166E+04  0.18842258638210E+04  0.72150507911777E+03  0.10938984935284E+05  0.23000311316408E+05  0.15460124588734E+04  0.34203063445820E+04  0.42350448425783E+02  0.60839610102052E+03  0.11507508701203E+04  0.12650946160567E+03  0.56441630963236E+02  0.30391722288573E+04  0.45192570332109E+03  0.27589233274197E+04  0.35068531967516E+04
   0.83164995090826E+04 -0.10708226159857E+04  0.30584343981691E+03  0.32091820346766E+04 -0.32100883468165E+03  0.10477320351248E+04  0.60913038797471E+03  0.26141188398525E+05 -0.66142345931083E+04 -0.65562782973535E+03  0.19506686112805E+03  0.19549322846042E+03  0.14901818303644E+02  0.45074012576758E+00  0.13207906375764E+04 -0.15038521935902E+03  0.11994273682865E+04  0.66154320731241E+03 -0.79323738513168E+04 -0.19777545566514E+03  0.10583125526024E+02  0.56360884198403E+02  0.27657459679082E+03 -0.26338634011439E+03 -0.51594568806898E+03 -0.38839814748359E+03 -0.35261373774373E+03 -0.22071149435577E+04 -0.44600584926574E+04 -0.47249618190839E+03 -0.10645461329822E+04 -0.11664518245809E+02 -0.56657409028812E+02 -0.11052711170802E+03 -0.14703588917367E+02 -0.69778721308831E+01 -0.11945574639789E+04 -0.76064885973108E+02 -0.87291572013529E+03 -0.10908290483116E+04
   0.13462867496249E+05 -0.11219734341503E+04  0.43229262828648E+03 -0.76983039173539E+03 -0.39311301906368E+02 -0.46565387619236E+03 -0.12574494217809E+03  0.23690645235780E+05 -0.50044918595744E+04 -0.63225819994857E+03  0.19549322846042E+03  0.13815550771395E+04  0.93784607966747E+02 -0.98607492744545E+00  0.13446644993122E+04 -0.19349988389371E+03  0.15703025103774E+04  0.91419524514916E+03 -0.63910314390222E+04  0.22386069939441E+03 -0.11898383645237E+02  0.54087897668515E+02  0.28583550026889E+03 -0.60917286576931E+02 -0.11015106431883E+04  0.42597832292565E-10 -0.63719140492056E+03 -0.47834685377096E+04 -0.18748884853994E-09 -0.22088097273362E+04 -0.76745615224467E+02 -0.73157740832219E+02 -0.26406025102520E+00 -0.36168314219140E-10 -0.16154083728670E+01 -0.69801309179929E+00  0.24629228055592E+03  0.31676769711881E+03 -0.25159906979538E+04  0.89008719358549E-10
   0.15424175304684E+04 -0.13172483424058E+03  0.57193946077925E+02 -0.66845404206500E+02 -0.10222995372456E+01 -0.37808488661472E+02 -0.11707365558480E+02  0.16507905476027E+04 -0.27968357256856E+03 -0.57949377562903E+02  0.14901818303644E+02  0.93784607966747E+02  0.87197273582035E+01 -0.11510938741562E+00  0.80466410704537E+02 -0.13779626441594E+02  0.99980163669745E+02  0.62984286932246E+02 -0.39139882401253E+03  0.92808058364711E+01 -0.51304868704314E+00  0.69395605380009E+01  0.32199298611023E+02 -0.12330341105980E+02 -0.16498303200536E+03 -0.11561407938725E-11 -0.25629385218032E+02 -0.57667407289390E+03 -0.76936368834749E-11 -0.14189878110706E+03 -0.20535677086891E+02 -0.60762997013775E+01 -0.19176755279088E+00  0.57856837486731E-11 -0.17574529745048E+00 -0.68763610342915E-01  0.25990626123610E+02  0.71643870046403E+02 -0.18554491918144E+03  0.21981336334705E-11
  -0.68908968448104E+02  0.89544897070781E+01 -0.32407924556559E+01  0.28001689975366E+02 -0.21120315906709E+01  0.10756368024102E+02  0.51968471502149E+01  0.63371704989825E+02 -0.87546313486646E+01 -0.96692537210367E+00  0.45074012576758E+00 -0.98607492744545E+00 -0.11510938741562E+00  0.27210568869107E-01  0.10377733881586E+02 -0.71881133100458E+00  0.62947203893763E+01  0.28715352400433E+01 -0.32756590788341E+02  0.16244621172775E+01 -0.81299065253176E-01 -0.65935282210986E-02 -0.37341847451464E-02  0.13127689022896E-01  0.51412207503966E-01 -0.74081150617110E-13 -0.43277529295237E+01 -0.36217589306261E+00 -0.53121082835137E-12 -0.20069577092860E+01 -0.24310590178159E-05 -0.94344576889766E-01  0.55446555306274E-13 -0.12478217274118E-12 -0.11086365476702E-02 -0.61903746209304E-03 -0.16092061076689E+01  0.44258310692430E-05 -0.18613250525211E+01  0.54937190167461E-12
   0.11950526279762E+05  0.34520876042478E+03 -0.23625634241716E+03  0.27920337272090E+05 -0.21880543841891E+04  0.94581867323203E+04  0.47002305303596E+04  0.78207366308145E+05  0.50996778689115E+05 -0.39474292289188E+04  0.13207906375764E+04  0.13446644993122E+04  0.80466410704537E+02  0.10377733881586E+02  0.50061242599697E+05 -0.47980316313824E+04  0.38737463013706E+05  0.20551338159832E+05 -0.56246180865205E+05 -0.24311451487734E+03  0.12507915836054E+02 -0.26992729887803E+02 -0.14333258541316E+03  0.74651741392898E+03 -0.28707092003946E+04 -0.18799805527760E+04 -0.25036215713782E+04  0.19233880799126E+04  0.42729225039446E+04 -0.15693951749518E+04 -0.31346285453390E+04 -0.73031321280148E+03  0.30393012782978E+03  0.53672391642957E+03 -0.29629838074691E+04 -0.15627260969336E+04 -0.21680310574039E+04  0.20295276475342E+03 -0.94922835279502E+03 -0.10751253297595E+04
  -0.27823409547363E+04  0.92545775232802E+01 -0.30904241810801E+02 -0.33457688233357E+04  0.26052735767552E+03 -0.11826788261053E+04 -0.59036743719831E+03 -0.10243290068132E+05 -0.26016165660961E+04  0.49284506827511E+03 -0.15038521935902E+03 -0.19349988389371E+03 -0.13779626441594E+02 -0.71881133100458E+00 -0.47980316313824E+04  0.53485019632194E+03 -0.42287548696373E+04 -0.23315142646998E+04  0.60301680478294E+04  0.43108956472450E+02 -0.22677664492151E+01 -0.60979296503017E+01 -0.16011604662000E+02 -0.15616242140926E+03  0.54190761906695E+03  0.34011624921537E+03  0.29329187720089E+03 -0.14753430411189E+03 -0.47755864219673E+03  0.16770333184634E+03  0.33337802671269E+03  0.82964264108001E+02 -0.81503627926960E+02 -0.14216402254060E+03  0.46688787745679E+03  0.22875817352301E+03 -0.34682741454881E+03 -0.36360394376077E+02  0.26565909117441E+03  0.29988980993407E+03
   0.15501493975327E+05 -0.17908782159233E+03 -0.46835741791556E+02  0.25483953481923E+05 -0.19372770896677E+04  0.86524570692049E+04  0.41558649168134E+04  0.85026461410305E+05  0.19143545496132E+05 -0.37051709421501E+04  0.11994273682865E+04  0.15703025103774E+04  0.99980163669745E+02  0.62947203893763E+01  0.38737463013706E+05 -0.42287548696373E+04  0.34169503460975E+05  0.18622065659161E+05 -0.54064016743497E+05 -0.27788218586603E+03  0.14111484294433E+02 -0.88266293956441E+02 -0.27119852388125E+03  0.62544058181772E+03 -0.29509072340702E+04 -0.19024213102518E+04 -0.27035129235712E+04  0.22965374148824E+04  0.49852556660641E+04 -0.14062138334737E+04 -0.28239500214183E+04 -0.66187007764633E+03  0.85740945522750E+02  0.16803772697261E+03 -0.28502433876260E+04 -0.15363056838532E+04  0.15782822018324E+04  0.26364256392529E+03 -0.18546484104762E+04 -0.20730009993765E+04
   0.11021457830552E+05 -0.14010045556947E+03  0.75617075754089E+02  0.14258246037630E+05 -0.10852381160006E+04  0.49686409730279E+04  0.24048300526077E+04  0.46431633956975E+05  0.95818788275305E+04 -0.21198064943816E+04  0.66154320731241E+03  0.91419524514916E+03  0.62984286932246E+02  0.28715352400433E+01  0.20551338159832E+05 -0.23315142646998E+04  0.18622065659161E+05  0.10283726270378E+05 -0.29015158512810E+05 -0.18123123004740E+03  0.93335926319237E+01 -0.30197116362059E+02 -0.76177430944493E+02  0.50301011755794E+03 -0.21002457667140E+04 -0.13183847450662E+04 -0.13732560016222E+04  0.10700587232036E+04  0.27311027521610E+04 -0.72362071683952E+03 -0.14537150421857E+04 -0.36975689338876E+03  0.13041286891174E+03  0.23938770633533E+03 -0.18697722531552E+04 -0.96544812340710E+03  0.16645048507836E+04  0.18467927064910E+03 -0.12900123664098E+04 -0.14435061259663E+04
  -0.97599614437153E+07  0.32973637639469E+07 -0.49643197206616E+06 -0.22309823168010E+07  0.43176268734424E+06  0.81158689125271E+04 -0.21834634468719E+06 -0.68807196591628E+06  0.62939957504879E+04  0.65655831558420E+05 -0.79323738513168E+04 -0.63910314390222E+04 -0.39139882401253E+03 -0.32756590788341E+02 -0.56246180865205E+05  0.60301680478294E+04 -0.54064016743497E+05 -0.29015158512810E+05  0.38464493595394E+08 -0.18240030120053E+05  0.12911522679885E+04  0.82166727864824E+05  0.93251442803622E+05  0.58133543141982E+06  0.41904283026116E+05  0.93514282013016E+05 -0.15709291196903E+04  0.69208406773480E+06  0.33786902725100E+07  0.20850175439812E+05  0.38897945713901E+05  0.25172810597375E+03  0.22392285422859E+06  0.98011691742155E+06  0.29296475294202E+05  0.92714954701752E+04 -0.22183097206477E+05  0.56190520001522E+05  0.25258093337008E+05  0.78095529282174E+05
  -0.62581449088362E+04 -0.11085235052902E+03 -0.23395473631398E+03 -0.20914451759066E+04  0.10335582822994E+03 -0.10800167500293E+04 -0.52899810210179E+03 -0.29441448734801E+05  0.92000718496829E+04  0.66465864468044E+03 -0.19777545566514E+03  0.22386069939441E+03  0.92808058364711E+01  0.16244621172775E+01 -0.24311451487734E+03  0.43108956472450E+02 -0.27788218586603E+03 -0.18123123004740E+03 -0.18240030120053E+05  0.95995409463709E+03 -0.50549449447809E+02 -0.13737545835706E+03 -0.46506209471921E+03  0.81755215271031E+02  0.00000000000000E+00  0.11669149965628E+04  0.00000000000000E+00  0.00000000000000E+00  0.81189448133038E+04  0.00000000000000E+00  0.13638395955431E+04  0.00000000000000E+00  0.00000000000000E+00 -0.46007751347300E+03  0.00000000000000E+00  0.00000000000000E+00  0.00000000000000E+00 -0.50552965874620E+03  0.00000000000000E+00  0.26428827000923E+04
   0.28914388702946E+03  0.30571345335510E+02  0.10030864043760E+02  0.11391610365784E+03 -0.53697514614329E+01  0.63314901387192E+02  0.31370260366423E+02  0.15635063397476E+04 -0.48372752961632E+03 -0.36050610165797E+02  0.10583125526024E+02 -0.11898383645237E+02 -0.51304868704314E+00 -0.81299065253176E-01  0.12507915836054E+02 -0.22677664492151E+01  0.14111484294433E+02  0.93335926319237E+01  0.12911522679885E+04 -0.50549449447809E+02  0.26727270515468E+01  0.83173796296977E+01  0.26354603538460E+02 -0.16895649902781E+01  0.00000000000000E+00 -0.64526671780494E+02  0.00000000000000E+00  0.00000000000000E+00 -0.43042569301693E+03  0.00000000000000E+00 -0.70761384649951E+02  0.00000000000000E+00  0.00000000000000E+00  0.32645885031073E+02  0.00000000000000E+00  0.00000000000000E+00  0.00000000000000E+00  0.28191835150427E+02  0.00000000000000E+00 -0.14056156561786E+03
  -0.20348879052773E+05  0.92526409139063E+04 -0.11159442127315E+04 -0.18386868069993E+04  0.53258084831243E+03  0.94616754625796E+03  0.24693695531830E+03  0.71746976021411E+04 -0.17775733876208E+04 -0.20680257480225E+03  0.56360884198403E+02  0.54087897668515E+02  0.69395605380009E+01 -0.65935282210986E-02 -0.26992729887803E+02 -0.60979296503017E+01 -0.88266293956441E+02 -0.30197116362059E+02  0.82166727864824E+05 -0.13737545835706E+03  0.83173796296977E+01  0.43159498875031E+03  0.75875423853332E+03  0.16714113211885E+04 -0.50309238061281E+02 -0.29452153239562E+02  0.16486079964917E+01  0.92309976321565E+03  0.51887760276304E+03  0.00000000000000E+00  0.00000000000000E+00  0.00000000000000E+00  0.25005531860851E+04  0.31202962605895E+04  0.00000000000000E+00  0.00000000000000E+00  0.00000000000000E+00 -0.25884456721242E+02 -0.39614166315736E+03 -0.41348564127119E+03
  -0.10053524407133E+05  0.99434497521016E+04 -0.81700842240591E+03  0.19993617512961E+04  0.26360723858713E+03  0.28819862959768E+04  0.13506164366008E+04  0.36018904681234E+05 -0.92325526046389E+04 -0.10735086828552E+04  0.27657459679082E+03  0.28583550026889E+03  0.32199298611023E+02 -0.37341847451464E-02 -0.14333258541316E+03 -0.16011604662000E+02 -0.27119852388125E+03 -0.76177430944493E+02  0.93251442803622E+05 -0.46506209471921E+03  0.26354603538460E+02  0.75875423853332E+03  0.19244825807453E+04  0.15647504315283E+04 -0.15545289913373E+03 -0.10795635759496E+03 -0.57355096543549E+02 -0.59988933734680E+04 -0.10540329232328E+05  0.00000000000000E+00  0.00000000000000E+00  0.00000000000000E+00  0.34432192025028E+04  0.41901264808285E+04  0.00000000000000E+00  0.00000000000000E+00  0.00000000000000E+00 -0.37213243052336E+02 -0.21856072479467E+04 -0.22650214760967E+04
  -0.22644862657486E+06  0.67174508418860E+05 -0.11345198517022E+05 -0.41394007029634E+05  0.80561506297622E+04 -0.10367474274707E+04 -0.48193953414319E+04 -0.29482148510878E+05  0.48101938821846E+04  0.19092088100360E+04 -0.26338634011439E+03 -0.60917286576931E+02 -0.12330341105980E+02  0.13127689022896E-01  0.74651741392898E+03 -0.15616242140926E+03  0.62544058181772E+03  0.50301011755794E+03  0.58133543141982E+06  0.81755215271031E+02 -0.16895649902781E+01  0.16714113211885E+04  0.15647504315283E+04  0.16445148717046E+05  0.25730487321740E+03  0.13351650347631E+03 -0.71101178822051E+01  0.38078230958708E+05  0.62091394839555E+05  0.00000000000000E+00  0.00000000000000E+00  0.00000000000000E+00  0.15948043520465E+05  0.20211980896177E+05  0.00000000000000E+00  0.00000000000000E+00  0.00000000000000E+00 -0.71923438524627E+02  0.15925237701319E+04  0.16235823103119E+04
  -0.12712727739510E+06  0.16619805187839E+05 -0.56519106053109E+04 -0.12627159523957E+05  0.19296535917719E+04 -0.31206782180556E+04 -0.27058932167318E+04 -0.59305857875095E+05  0.11189222895343E+05  0.27156177711166E+04 -0.51594568806898E+03 -0.11015106431883E+04 -0.16498303200536E+03  0.51412207503966E-01 -0.28707092003946E+04  0.54190761906695E+03 -0.29509072340702E+04 -0.21002457667140E+04  0.41904283026116E+05  0.00000000000000E+00  0.00000000000000E+00 -0.50309238061281E+02 -0.15545289913373E+03  0.25730487321740E+03  0.11690966842009E+06  0.00000000000000E+00  0.00000000000000E+00  0.00000000000000E+00  0.00000000000000E+00  0.00000000000000E+00  0.00000000000000E+00  0.00000000000000E+00  0.00000000000000E+00  0.00000000000000E+00  0.00000000000000E+00  0.00000000000000E+00  0.00000000000000E+00  0.00000000000000E+00  0.00000000000000E+00  0.00000000000000E+00
  -0.54155782907033E+05  0.82865621032144E+04 -0.24284066522470E+04 -0.21057558603842E+05  0.32400186850726E+04 -0.47363743085323E+04 -0.42204970369848E+04 -0.47701277220587E+05  0.10613901056954E+05  0.18842258638210E+04 -0.38839814748359E+03  0.42597832292565E-10 -0.11561407938725E-11 -0.74081150617110E-13 -0.18799805527760E+04  0.34011624921537E+03 -0.19024213102518E+04 -0.13183847450662E+04  0.93514282013016E+05  0.11669149965628E+04 -0.64526671780494E+02 -0.29452153239562E+02 -0.10795635759496E+03  0.13351650347631E+03  0.00000000000000E+00  0.64992383192536E+05  0.00000000000000E+00  0.00000000000000E+00  0.00000000000000E+00  0.00000000000000E+00  0.00000000000000E+00  0.00000000000000E+00  0.00000000000000E+00  0.00000000000000E+00  0.00000000000000E+00  0.00000000000000E+00  0.00000000000000E+00  0.00000000000000E+00  0.00000000000000E+00  0.00000000000000E+00
  -0.43200027541617E+04 -0.25057667263372E+03  0.55627615882526E+02 -0.28843581325938E+02 -0.58802149935452E+02  0.19794293347370E+03  0.16144305051754E+03 -0.65656057171855E+05  0.23758746397226E+05  0.72150507911777E+03 -0.35261373774373E+03 -0.63719140492056E+03 -0.25629385218032E+02 -0.43277529295237E+01 -0.25036215713782E+04  0.29329187720089E+03 -0.27035129235712E+04 -0.13732560016222E+04 -0.15709291196903E+04  0.00000000000000E+00  0.00000000000000E+00  0.16486079964917E+01 -0.57355096543549E+02 -0.71101178822051E+01  0.00000000000000E+00  0.00000000000000E+00  0.30817991128479E+05  0.00000000000000E+00  0.00000000000000E+00  0.00000000000000E+00  0.00000000000000E+00  0.00000000000000E+00  0.00000000000000E+00  0.00000000000000E+00  0.00000000000000E+00  0.00000000000000E+00  0.00000000000000E+00  0.00000000000000E+00  0.00000000000000E+00  0.00000000000000E+00
  -0.84231978753161E+06  0.21075564517085E+06 -0.40036969277075E+05 -0.67378353352349E+05  0.11154798536296E+05 -0.89853090090633E+04 -0.10425693831010E+05 -0.27686810898995E+06  0.64735312296730E+05  0.10938984935284E+05 -0.22071149435577E+04 -0.47834685377096E+04 -0.57667407289390E+03 -0.36217589306261E+00  0.19233880799126E+04 -0.14753430411189E+03  0.22965374148824E+04  0.10700587232036E+04  0.69208406773480E+06  0.00000000000000E+00  0.00000000000000E+00  0.92309976321565E+03 -0.59988933734680E+04  0.38078230958708E+05  0.00000000000000E+00  0.00000000000000E+00  0.00000000000000E+00  0.58064499288661E+06  0.00000000000000E+00  0.00000000000000E+00  0.00000000000000E+00  0.00000000000000E+00  0.00000000000000E+00  0.00000000000000E+00  0.00000000000000E+00  0.00000000000000E+00  0.00000000000000E+00  0.00000000000000E+00  0.00000000000000E+00  0.00000000000000E+00
  -0.10996049678639E+07  0.26891105152388E+06 -0.52551970992446E+05 -0.34781690883760E+06  0.59159454253476E+05 -0.44201639699003E+05 -0.54513249724203E+05 -0.55184864523310E+06  0.12481237657036E+06  0.23000311316408E+05 -0.44600584926574E+04 -0.18748884853994E-09 -0.76936368834749E-11 -0.53121082835137E-12  0.42729225039446E+04 -0.47755864219673E+03  0.49852556660641E+04  0.27311027521610E+04  0.33786902725100E+07  0.81189448133038E+04 -0.43042569301693E+03  0.51887760276304E+03 -0.10540329232328E+05  0.62091394839555E+05  0.00000000000000E+00  0.00000000000000E+00  0.00000000000000E+00  0.00000000000000E+00  0.92688411220458E+06  0.00000000000000E+00  0.00000000000000E+00  0.00000000000000E+00  0.00000000000000E+00  0.00000000000000E+00  0.00000000000000E+00  0.00000000000000E+00  0.00000000000000E+00  0.00000000000000E+00  0.00000000000000E+00  0.00000000000000E+00
  -0.20810944506085E+05  0.58745275582880E+04 -0.10374160945208E+04 -0.13992062379387E+04  0.29910117003979E+03  0.34763385988229E+02 -0.15317871622950E+03 -0.72555288403885E+05  0.23258928078022E+05  0.15460124588734E+04 -0.47249618190839E+03 -0.22088097273362E+04 -0.14189878110706E+03 -0.20069577092860E+01 -0.15693951749518E+04  0.16770333184634E+03 -0.14062138334737E+04 -0.72362071683952E+03  0.20850175439812E+05  0.00000000000000E+00  0.00000000000000E+00  0.00000000000000E+00  0.00000000000000E+00  0.00000000000000E+00  0.00000000000000E+00  0.00000000000000E+00  0.00000000000000E+00  0.00000000000000E+00  0.00000000000000E+00  0.15019472693201E+05  0.00000000000000E+00  0.00000000000000E+00  0.00000000000000E+00  0.00000000000000E+00  0.00000000000000E+00  0.00000000000000E+00  0.00000000000000E+00  0.00000000000000E+00  0.00000000000000E+00  0.00000000000000E+00
  -0.47134212253921E+05  0.13475634430411E+05 -0.23612251916544E+04 -0.26032844953888E+04  0.53383659909756E+03  0.26163398827627E+02 -0.27534890985303E+03 -0.16331249772540E+06  0.52399120165862E+05  0.34203063445820E+04 -0.10645461329822E+04 -0.76745615224467E+02 -0.20535677086891E+02 -0.24310590178159E-05 -0.31346285453390E+04  0.33337802671269E+03 -0.28239500214183E+04 -0.14537150421857E+04  0.38897945713901E+05  0.13638395955431E+04 -0.70761384649951E+02  0.00000000000000E+00  0.00000000000000E+00  0.00000000000000E+00  0.00000000000000E+00  0.00000000000000E+00  0.00000000000000E+00  0.00000000000000E+00  0.00000000000000E+00  0.00000000000000E+00  0.33082819974580E+05  0.00000000000000E+00  0.00000000000000E+00  0.00000000000000E+00  0.00000000000000E+00  0.00000000000000E+00  0.00000000000000E+00  0.00000000000000E+00  0.00000000000000E+00  0.00000000000000E+00
  -0.30497549605659E+04  0.41651522157171E+03 -0.11965321243618E+03 -0.68619442460449E+02  0.84655625818094E+01 -0.20470048605544E+02 -0.13996378378745E+02 -0.12940729702844E+04  0.17142241719833E+03  0.42350448425783E+02 -0.11664518245809E+02 -0.73157740832219E+02 -0.60762997013775E+01 -0.94344576889766E-01 -0.73031321280148E+03  0.82964264108001E+02 -0.66187007764633E+03 -0.36975689338876E+03  0.25172810597375E+03  0.00000000000000E+00  0.00000000000000E+00  0.00000000000000E+00  0.00000000000000E+00  0.00000000000000E+00  0.00000000000000E+00  0.00000000000000E+00  0.00000000000000E+00  0.00000000000000E+00  0.00000000000000E+00  0.00000000000000E+00  0.00000000000000E+00  0.37762229234821E+04  0.00000000000000E+00  0.00000000000000E+00  0.00000000000000E+00  0.00000000000000E+00  0.00000000000000E+00  0.00000000000000E+00  0.00000000000000E+00  0.00000000000000E+00
  -0.19899954919799E+06  0.63728453339605E+05 -0.10173026679242E+05 -0.12321460789698E+05  0.26828939186227E+04  0.72079281088147E+03 -0.91592928612220E+03 -0.60061694386463E+04  0.66992183091085E+03  0.60839610102052E+03 -0.56657409028812E+02 -0.26406025102520E+00 -0.19176755279088E+00  0.55446555306274E-13  0.30393012782978E+03 -0.81503627926960E+02  0.85740945522750E+02  0.13041286891174E+03  0.22392285422859E+06  0.00000000000000E+00  0.00000000000000E+00  0.25005531860851E+04  0.34432192025028E+04  0.15948043520465E+05  0.00000000000000E+00  0.00000000000000E+00  0.00000000000000E+00  0.00000000000000E+00  0.00000000000000E+00  0.00000000000000E+00  0.00000000000000E+00  0.00000000000000E+00  0.10553203791629E+06  0.00000000000000E+00  0.00000000000000E+00  0.00000000000000E+00  0.00000000000000E+00  0.00000000000000E+00  0.00000000000000E+00  0.00000000000000E+00
  -0.22758541469382E+06  0.72602475985945E+05 -0.11622044618999E+05 -0.54946435272265E+05  0.11869167741977E+05  0.29312243898858E+04 -0.42563651242718E+04 -0.11734972408136E+05  0.13397163471261E+04  0.11507508701203E+04 -0.11052711170802E+03 -0.36168314219140E-10  0.57856837486731E-11 -0.12478217274118E-12  0.53672391642957E+03 -0.14216402254060E+03  0.16803772697261E+03  0.23938770633533E+03  0.98011691742155E+06 -0.46007751347300E+03  0.32645885031073E+02  0.31202962605895E+04  0.41901264808285E+04  0.20211980896177E+05  0.00000000000000E+00  0.00000000000000E+00  0.00000000000000E+00  0.00000000000000E+00  0.00000000000000E+00  0.00000000000000E+00  0.00000000000000E+00  0.00000000000000E+00  0.00000000000000E+00  0.13977382320526E+06  0.00000000000000E+00  0.00000000000000E+00  0.00000000000000E+00  0.00000000000000E+00  0.00000000000000E+00  0.00000000000000E+00
  -0.89002989176962E+04  0.24359813318661E+04 -0.43587300717828E+03 -0.24873896762298E+04  0.43154809449252E+03 -0.24955590158925E+03 -0.36603364244532E+03  0.36292022663394E+03 -0.12829069888676E+04  0.12650946160567E+03 -0.14703588917367E+02 -0.16154083728670E+01 -0.17574529745048E+00 -0.11086365476702E-02 -0.29629838074691E+04  0.46688787745679E+03 -0.28502433876260E+04 -0.18697722531552E+04  0.29296475294202E+05  0.00000000000000E+00  0.00000000000000E+00  0.00000000000000E+00  0.00000000000000E+00  0.00000000000000E+00  0.00000000000000E+00  0.00000000000000E+00  0.00000000000000E+00  0.00000000000000E+00  0.00000000000000E+00  0.00000000000000E+00  0.00000000000000E+00  0.00000000000000E+00  0.00000000000000E+00  0.00000000000000E+00  0.81283984684918E+04  0.00000000000000E+00  0.00000000000000E+00  0.00000000000000E+00  0.00000000000000E+00  0.00000000000000E+00
  -0.31504552897361E+04  0.77329756901921E+03 -0.15159708236615E+03 -0.96306677278858E+03  0.16185470119575E+03 -0.13499478016148E+03 -0.15785400644391E+03  0.29813194605265E+03 -0.70731565275592E+03  0.56441630963236E+02 -0.69778721308831E+01 -0.69801309179929E+00 -0.68763610342915E-01 -0.61903746209304E-03 -0.15627260969336E+04  0.22875817352301E+03 -0.15363056838532E+04 -0.96544812340710E+03  0.92714954701752E+04  0.00000000000000E+00  0.00000000000000E+00  0.00000000000000E+00  0.00000000000000E+00  0.00000000000000E+00  0.00000000000000E+00  0.00000000000000E+00  0.00000000000000E+00  0.00000000000000E+00  0.00000000000000E+00  0.00000000000000E+00  0.00000000000000E+00  0.00000000000000E+00  0.00000000000000E+00  0.00000000000000E+00  0.00000000000000E+00  0.41893038872967E+04  0.00000000000000E+00  0.00000000000000E+00  0.00000000000000E+00  0.00000000000000E+00
  -0.15235073994049E+05 -0.23780038772641E+04  0.53940321820525E+02 -0.92743758482317E+04  0.37101178658635E+03 -0.33860399949747E+04 -0.14364836751615E+04 -0.25680924100316E+06  0.11022851460190E+06  0.30391722288573E+04 -0.11945574639789E+04  0.24629228055592E+03  0.25990626123610E+02 -0.16092061076689E+01 -0.21680310574039E+04 -0.34682741454881E+03  0.15782822018324E+04  0.16645048507836E+04 -0.22183097206477E+05  0.00000000000000E+00  0.00000000000000E+00  0.00000000000000E+00  0.00000000000000E+00  0.00000000000000E+00  0.00000000000000E+00  0.00000000000000E+00  0.00000000000000E+00  0.00000000000000E+00  0.00000000000000E+00  0.00000000000000E+00  0.00000000000000E+00  0.00000000000000E+00  0.00000000000000E+00  0.00000000000000E+00  0.00000000000000E+00  0.00000000000000E+00  0.12566753017789E+06  0.00000000000000E+00  0.00000000000000E+00  0.00000000000000E+00
   0.16397413104812E+05 -0.22657428728645E+04  0.73383358041763E+03 -0.16020771703906E+05  0.24841324290332E+04 -0.38469578505968E+04 -0.35263643391168E+04 -0.87541099316535E+04  0.16220023315399E+04  0.45192570332109E+03 -0.76064885973108E+02  0.31676769711881E+03  0.71643870046403E+02  0.44258310692430E-05  0.20295276475342E+03 -0.36360394376077E+02  0.26364256392529E+03  0.18467927064910E+03  0.56190520001522E+05 -0.50552965874620E+03  0.28191835150427E+02 -0.25884456721242E+02 -0.37213243052336E+02 -0.71923438524627E+02  0.00000000000000E+00  0.00000000000000E+00  0.00000000000000E+00  0.00000000000000E+00  0.00000000000000E+00  0.00000000000000E+00  0.00000000000000E+00  0.00000000000000E+00  0.00000000000000E+00  0.00000000000000E+00  0.00000000000000E+00  0.00000000000000E+00  0.00000000000000E+00  0.39848559993689E+05  0.00000000000000E+00  0.00000000000000E+00
  -0.70817340324670E+05  0.85980056943647E+04 -0.26168169843524E+04 -0.71755300553154E+04  0.78638575946569E+03 -0.20245785126376E+04 -0.12365403338985E+04 -0.13440444990382E+06  0.43638151924844E+05  0.27589233274197E+04 -0.87291572013529E+03 -0.25159906979538E+04 -0.18554491918144E+03 -0.18613250525211E+01 -0.94922835279502E+03  0.26565909117441E+03 -0.18546484104762E+04 -0.12900123664098E+04  0.25258093337008E+05  0.00000000000000E+00  0.00000000000000E+00 -0.39614166315736E+03 -0.21856072479467E+04  0.15925237701319E+04  0.00000000000000E+00  0.00000000000000E+00  0.00000000000000E+00  0.00000000000000E+00  0.00000000000000E+00  0.00000000000000E+00  0.00000000000000E+00  0.00000000000000E+00  0.00000000000000E+00  0.00000000000000E+00  0.00000000000000E+00  0.00000000000000E+00  0.00000000000000E+00  0.00000000000000E+00  0.95573162939243E+05  0.00000000000000E+00
  -0.56045378148390E+05  0.72627602919829E+04 -0.21322052141117E+04 -0.21273427247135E+05  0.24200181087778E+04 -0.58387381543866E+04 -0.36861203158280E+04 -0.16653336044579E+06  0.53522516005195E+05  0.35068531967516E+04 -0.10908290483116E+04  0.89008719358549E-10  0.21981336334705E-11  0.54937190167461E-12 -0.10751253297595E+04  0.29988980993407E+03 -0.20730009993765E+04 -0.14435061259663E+04  0.78095529282174E+05  0.26428827000923E+04 -0.14056156561786E+03 -0.41348564127119E+03 -0.22650214760967E+04  0.16235823103119E+04  0.00000000000000E+00  0.00000000000000E+00  0.00000000000000E+00  0.00000000000000E+00  0.00000000000000E+00  0.00000000000000E+00  0.00000000000000E+00  0.00000000000000E+00  0.00000000000000E+00  0.00000000000000E+00  0.00000000000000E+00  0.00000000000000E+00  0.00000000000000E+00  0.00000000000000E+00  0.00000000000000E+00  0.10043835585428E+06

 # Covariance matrix (Bevington epsilon)
