# fitpack15: fit parameters                                                                         
# CJ15 AV18 final data choices                                                                      
# Created on 06/14/2019 at 00:08:24                                                                 

 # QCD setup
  INS                           0
  NVL                          11
  IORD                          1
  Q02                   1.6899999999999999     
  IPARAMC                       7
  FLAVOR                4.0000000000000000     
  xmc                   1.3000000000000000     
  xmb                   4.5000000000000000     
  ncb                          12
  ihq                           1
  ias                           0

 # Theory corrections
  inuke                     10914
  itmc                          1
  iht                           1

 # fit parameters
 LAMBDA       0.22680        0.0000    
 a0uv          2.2744        0.0000    
 a1uv         0.60026       0.20249E-01
 a2uv          3.5305       0.11304E-01
 a3uv          0.0000        0.0000    
 a4uv          3.6337       0.45283    
 a5uv          0.0000        0.0000    
 a0dv          17.734        0.0000    
 a1dv          1.0844       0.29163E-01
 a2dv          6.0413       0.97150E-01
 a3dv         -3.3171       0.80926E-01
 a4dv          4.4375       0.13553    
 a5dv          0.0000        0.0000    
 a0ud         0.14526       0.49493E-02
 a1ud        -0.20848       0.37255E-02
 a2ud          8.1047       0.18445    
 a3ud          0.0000        0.0000    
 a4ud          14.032        1.1942    
 a5ud          0.0000        0.0000    
 a0du          35712.        0.0000    
 a1du          4.0518       0.79126E-01
 a2du          19.863       0.84423    
 a3du          17.000        0.0000    
 a4du          55.737        12.915    
 a0g           44.254        0.0000    
 a1g          0.59825       0.31616E-01
 a2g           6.4643        1.0210    
 a3g          -3.3096       0.13858    
 a4g           3.2129       0.33308    
 a5g           0.0000        0.0000    
 kappa        0.40000        0.0000    
 a6dv          0.0000        0.0000    
 a7dv          0.0000        0.0000    
 off1         -3.5941       0.85384    
 off2         0.44800        0.0000    
 off3         0.96777E-01   0.46164E-01
 ht1          -3.4339       0.29751    
 ht2           2.0451       0.12094    
 ht3          -2.0940       0.30160E-01
 ht4           0.0000        0.0000    
 dummy41       0.0000        0.0000    
 dummy42       0.0000        0.0000    
 dummy43       0.0000        0.0000    
 dummy44       0.0000        0.0000    
 dummy45       0.0000        0.0000    
 dummy46       0.0000        0.0000    
 dummy47       0.0000        0.0000    
 dummy48       0.0000        0.0000    
 dummy49       0.0000        0.0000    
 bcdmsh2      0.96914       0.48130E-02
 bcdmsd2      0.98762       0.56301E-02
 ccfr          1.0000        0.0000    
 nutev         1.0000        0.0000    
 zeus         0.97998        0.0000    
 h1            1.0162        0.0000    
 e605          1.0319        0.0000    
 NmcH2         1.0056       0.70885E-02
 ntv_nu        1.0000        0.0000    
 ntv_nubar     1.0000        0.0000    
 cdf_jet      0.98910        0.0000    
 d0_jet       0.83504        0.0000    
 slac_p        1.0032       0.47765E-02
 slac_d       0.99985       0.50581E-02
 e866pp       0.96733       0.19226E-01
 e866pd       0.96351       0.16018E-01
 d0_gamjet     1.0372       0.16472E-01
 h1b          0.97608        0.0000    
 jlab_p       0.99478       0.57254E-02
 jlab_d       0.97499       0.57096E-02
 blank         1.0000        0.0000    
 d0run2       0.94567       0.14550E-01
 cdfrun2      0.93240       0.17440E-01
 HERA_el       1.0000        0.0000    
 HERA_ps       1.0000        0.0000    
 CDF_Z        0.95846       0.65665E-02
 NmcRat        1.0000        0.0000    
 BNS_F2nd     0.98683       0.62919E-02
 HERMES_F2p   0.99525       0.55851E-02
 HERMES_F2d   0.97605       0.57267E-02
 END 0. 0.

 # Hessian matrix (Bevington alpha)
   0.48877816798544E+07 -0.12682422609601E+07  0.22396095800827E+06  0.45653968207520E+06 -0.14545070728801E+06  0.93037185831555E+04  0.72175940567387E+05  0.96456417895503E+06 -0.18179546507695E+06 -0.51798099475904E+05  0.80480973398894E+04  0.16115903862788E+05  0.18543940783569E+04 -0.10339742445086E+03  0.76858273266674E+04 -0.19597933967676E+04  0.99919225020220E+04  0.74084176267460E+04 -0.66929170126739E+03  0.10421227239881E+05 -0.18466903980839E+05 -0.10058396003157E+05 -0.21899051114805E+06 -0.12893514536242E+06 -0.54098059930124E+05 -0.46872418949521E+04 -0.84711631648430E+06 -0.10823905480491E+07 -0.20592636982934E+05 -0.46496564691094E+05 -0.31113539858841E+04 -0.19915725654895E+06 -0.21997412558746E+06 -0.88276592901384E+04 -0.31229437322085E+04 -0.16618143657352E+05  0.16877920416898E+05 -0.72215823040544E+05 -0.56479280273462E+05
  -0.12682422609601E+07  0.40187933530155E+06 -0.60014247708049E+05 -0.12571408567897E+06  0.41755123136716E+05 -0.10683161401098E+04 -0.17734228601259E+05 -0.12941059416825E+06  0.27189894888652E+05  0.81016468820763E+04 -0.10271958991541E+04 -0.12748483297717E+04 -0.15415160278135E+03  0.12511287995244E+02  0.88109415007275E+03 -0.81085701463731E+02  0.35912796196716E+03  0.20592623673702E+03  0.44140746088370E+03  0.80378742481131E+03  0.82672555260965E+04  0.92745580971598E+04  0.64726740505619E+05  0.16667946469656E+05  0.81762110864984E+04 -0.23161240242729E+03  0.20895118882477E+06  0.25958568866284E+06  0.57278394874470E+04  0.13101810280882E+05  0.41878268947506E+03  0.63027171218692E+05  0.69258087610154E+05  0.23547234307426E+04  0.74744462673761E+03 -0.22090348868935E+04 -0.22810213472375E+04  0.86090095227573E+04  0.71620031627280E+04
   0.22396095800827E+06 -0.60014247708049E+05  0.10372387453242E+05  0.21048796942066E+05 -0.68564675354722E+04  0.25157136192728E+03  0.32939757087482E+04  0.32885454837161E+05 -0.60187898572755E+04 -0.20763820665499E+04  0.27936615439018E+03  0.49489841692064E+03  0.65751318163482E+02 -0.45081970067957E+01 -0.40132374575456E+03  0.16574342652936E+01 -0.20116385515484E+03 -0.36949557757920E+02 -0.36132373177698E+02  0.35862178830127E+03 -0.93887085760438E+03 -0.71388041099737E+03 -0.10299357587951E+05 -0.54273578728896E+04 -0.22910020547336E+04  0.43897709991723E+02 -0.37847668646877E+05 -0.48590712886256E+05 -0.96257787598706E+03 -0.21843679136561E+04 -0.11562550602044E+03 -0.95307537162765E+04 -0.10514907569198E+05 -0.40525515310018E+03 -0.14109740192407E+03  0.74409143806520E+00  0.71614537880173E+03 -0.25317985439246E+04 -0.20325845422883E+04
   0.45653968207520E+06 -0.12571408567897E+06  0.21048796942066E+05  0.39883744873238E+06 -0.68195379119209E+05  0.81686732930948E+05  0.67710073821153E+05  0.37323663675177E+06 -0.30607199954498E+05 -0.19405544547082E+05  0.36493287282092E+04 -0.15405619113026E+04 -0.16652266663377E+03  0.53660947467028E+02  0.31690931603658E+05 -0.38740784816701E+04  0.27066318821665E+05  0.15417205966611E+05  0.12823151656680E+03  0.44511909123981E+04 -0.13746780647112E+04  0.21150137500807E+04 -0.38367421956526E+05 -0.12973173408115E+05 -0.21388427597207E+05 -0.14201908564309E+03 -0.65631868120308E+05 -0.34043639724937E+06 -0.13734806302859E+04 -0.24499234614983E+04 -0.69419179755008E+02 -0.11683427852587E+05 -0.52085176004027E+05 -0.24223451149435E+04 -0.94835258107379E+03 -0.10567731887890E+05 -0.15772627835704E+05 -0.74210530722244E+04 -0.21887846321501E+05
  -0.14545070728801E+06  0.41755123136716E+05 -0.68564675354722E+04 -0.68195379119209E+05  0.14820242387796E+05 -0.99830154899564E+04 -0.11205348234999E+05 -0.36674323088806E+05  0.82781405420453E+03  0.27075135196049E+04 -0.38981845978585E+03 -0.44847064657925E+02  0.43355774939886E+01 -0.48907837014056E+01 -0.27757863516383E+04  0.34396275143221E+03 -0.23216466660870E+04 -0.13386124864803E+04  0.25818460359932E+02 -0.20529989224715E+02  0.78768645914923E+03  0.64349435349916E+03  0.10001620194638E+05  0.20664231008153E+04  0.35473943944634E+04 -0.55438728714202E+02  0.13570124329691E+05  0.71089690582102E+05  0.38437918256307E+03  0.66637623740316E+03  0.92334647478835E+01  0.35839393813470E+04  0.15777615477575E+05  0.53841614876269E+03  0.19494240226338E+03  0.33358492848011E+03  0.25436463470801E+04  0.88098331398058E+03  0.27051678932732E+04
   0.93037185831555E+04 -0.10683161401098E+04  0.25157136192728E+03  0.81686732930948E+05 -0.99830154899564E+04  0.22300046766969E+05  0.14601089513703E+05  0.10381009860140E+06 -0.92953583932787E+04 -0.47234569648760E+04  0.10085683374260E+04 -0.64336702343982E+03 -0.63266494130040E+02  0.16683156974311E+02  0.89373124630032E+04 -0.11207918556415E+04  0.77286540411911E+04  0.44644582821175E+04  0.85340777791029E+02  0.16573478536237E+04  0.39261402582261E+03  0.17795148868465E+04 -0.33848297373364E+04 -0.29081488245958E+04 -0.45234438313670E+04  0.12548683460609E+03 -0.10720438768304E+05 -0.53337053376206E+05 -0.83759117331974E+02 -0.17295081221130E+03 -0.18209815822538E+02 -0.39501549061271E+03 -0.19495754523219E+04 -0.35046028632545E+03 -0.15889337843782E+03 -0.28943900439673E+04 -0.35462583845764E+04 -0.18310930988421E+04 -0.52893147134211E+04
   0.72175940567387E+05 -0.17734228601259E+05  0.32939757087482E+04  0.67710073821153E+05 -0.11205348234999E+05  0.14601089513703E+05  0.11921642086341E+05  0.59089783339349E+05 -0.32652000462627E+04 -0.34099391985625E+04  0.60309547392893E+03 -0.19400899847116E+03 -0.24990295833395E+02  0.88517070483916E+01  0.46672686071318E+04 -0.59317965985362E+03  0.39383006103799E+04  0.23021941809807E+04  0.42787975370577E+02  0.79454640477875E+03 -0.50037665471944E+02  0.72910675521434E+03 -0.58604791664148E+04 -0.24986279046246E+04 -0.39651045725299E+04  0.11937985919147E+03 -0.11099249870475E+05 -0.57829270916470E+05 -0.21366209207101E+03 -0.36921968471354E+03 -0.12658753316621E+02 -0.15473834584974E+04 -0.69857063832074E+04 -0.41144744431411E+03 -0.16646517918693E+03 -0.12149028743272E+04 -0.31492572117923E+04 -0.11470730792113E+04 -0.34197608907592E+04
   0.96456417895503E+06 -0.12941059416825E+06  0.32885454837161E+05  0.37323663675177E+06 -0.36674323088806E+05  0.10381009860140E+06  0.59089783339349E+05  0.50815298614192E+07 -0.23276525820037E+07 -0.88355767867266E+05  0.27033140284197E+05  0.27111031953043E+05  0.18619227190655E+04  0.88405713365529E+02  0.83511864122635E+05 -0.10773879521514E+05  0.82323094984944E+05  0.45303250370247E+05  0.45993547313088E+03  0.55522088217407E+05  0.60704961213483E+04  0.31756005649023E+05 -0.29186676516254E+05 -0.63064325437693E+05 -0.50757991380997E+05 -0.67513039560647E+05 -0.29185022233333E+06 -0.58409011639738E+06 -0.73109841727881E+05 -0.16354264251145E+06 -0.13406938898909E+04 -0.65208677929912E+04 -0.12696771367080E+05  0.11316373238242E+03  0.19753099100567E+03 -0.26548743802749E+06 -0.91346649563469E+04 -0.13928247557690E+06 -0.17378967921402E+06
  -0.18179546507695E+06  0.27189894888652E+05 -0.60187898572755E+04 -0.30607199954498E+05  0.82781405420453E+03 -0.92953583932787E+04 -0.32652000462627E+04 -0.23276525820037E+07  0.19207185680572E+07  0.19381344837324E+05 -0.67047923415354E+04 -0.57393552972564E+04 -0.32183078907525E+03 -0.11554332918368E+02  0.50290584192026E+05 -0.24144187934562E+04  0.16788629411244E+05  0.82628213729880E+04 -0.45033600274416E+02 -0.16898678401671E+05 -0.14616957175957E+04 -0.78542078953583E+04  0.45707209785712E+04  0.11751303409051E+05  0.11142539614684E+05  0.24172091533926E+05  0.66873953726662E+05  0.12955026577103E+06  0.23000858587259E+05  0.51560838701401E+05  0.17644218267441E+03  0.69030846513919E+03  0.13823005686884E+04 -0.12306524741784E+04 -0.68494180029603E+03  0.11190642233123E+06  0.16641109956165E+04  0.44433606699138E+05  0.54890467719655E+05
  -0.51798099475904E+05  0.81016468820763E+04 -0.20763820665499E+04 -0.19405544547082E+05  0.27075135196049E+04 -0.47234569648760E+04 -0.34099391985625E+04 -0.88355767867266E+05  0.19381344837324E+05  0.27790981797539E+04 -0.67816063038800E+03 -0.70429229878939E+03 -0.63687621371312E+02 -0.16796418367948E+01 -0.40492716501498E+04  0.49753322387816E+03 -0.34885843277536E+04 -0.20048256629988E+04 -0.25193537062621E+02 -0.12689388675520E+04 -0.17353370761179E+03 -0.96312935216654E+03  0.19169169226352E+04  0.28548172133822E+04  0.19803125749661E+04  0.73057370793804E+03  0.11480523841924E+05  0.24197709486230E+05  0.15592390122213E+04  0.34122648860265E+04  0.43583730480530E+02  0.65921767255521E+03  0.12424411791757E+04  0.13878650981216E+03  0.61244027334174E+02  0.31343416398891E+04  0.46519135375415E+03  0.28449589275610E+04  0.36363826475924E+04
   0.80480973398894E+04 -0.10271958991541E+04  0.27936615439018E+03  0.36493287282092E+04 -0.38981845978585E+03  0.10085683374260E+04  0.60309547392893E+03  0.27033140284197E+05 -0.67047923415354E+04 -0.67816063038800E+03  0.19293966347279E+03  0.21105266832434E+03  0.15760710178113E+02  0.65121808399257E+00  0.13047134636214E+04 -0.14614034214571E+03  0.10822291119714E+04  0.59922659759288E+03  0.44428306230711E+01  0.35860274621259E+03  0.45605401542587E+02  0.23419302410279E+03 -0.24756006129249E+03 -0.51861873738707E+03 -0.39154132170805E+03 -0.34775286052145E+03 -0.22106035063587E+04 -0.44814169790419E+04 -0.45580777377019E+03 -0.10197606014214E+04 -0.11491166341142E+02 -0.58258525017864E+02 -0.11319840160293E+03 -0.15936165670568E+02 -0.74258945035857E+01 -0.11909036403259E+04 -0.75094491529375E+02 -0.86519225658093E+03 -0.10883121939591E+04
   0.16115903862788E+05 -0.12748483297717E+04  0.49489841692064E+03 -0.15405619113026E+04 -0.44847064657925E+02 -0.64336702343982E+03 -0.19400899847116E+03  0.27111031953043E+05 -0.57393552972564E+04 -0.70429229878939E+03  0.21105266832434E+03  0.17874314111379E+04  0.11895797269496E+03 -0.12916508231553E+01  0.14769793162308E+04 -0.20659640651879E+03  0.15492065336642E+04  0.90478652082650E+03 -0.34331989050678E+01 -0.46951938785726E+03  0.46991890253074E+02  0.26114346836865E+03 -0.57438897545568E+02 -0.12172463930355E+04 -0.43089418914483E-10 -0.74666751500626E+03 -0.53317596156106E+04 -0.28556803011738E-09 -0.24687984536054E+04 -0.81465181624503E+02 -0.83021170814403E+02 -0.28612857479845E+00 -0.10492111222660E-09 -0.18293207466496E+01 -0.78077376351320E+00  0.28854788491051E+03  0.34428800447218E+03 -0.28578974948793E+04 -0.43989462978535E-10
   0.18543940783569E+04 -0.15415160278135E+03  0.65751318163482E+02 -0.16652266663377E+03  0.43355774939886E+01 -0.63266494130040E+02 -0.24990295833395E+02  0.18619227190655E+04 -0.32183078907525E+03 -0.63687621371312E+02  0.15760710178113E+02  0.11895797269496E+03  0.10930966449151E+02 -0.17737574803011E+00  0.82517084437554E+02 -0.13923079338761E+02  0.93738797861260E+02  0.59527956256105E+02 -0.53538358020983E+00 -0.20006537080908E+02  0.62420979738451E+01  0.30420558466074E+02 -0.11996778555166E+02 -0.18255004381259E+03 -0.31267164232252E-12 -0.29269915278645E+02 -0.64033788249581E+03 -0.66189678408516E-11 -0.15641576393608E+03 -0.21813474260138E+02 -0.67969926463356E+01 -0.20771887504690E+00  0.12536614472047E-11 -0.19704659504479E+00 -0.76019647274163E-01  0.29790988887572E+02  0.77930877639144E+02 -0.20797201897815E+03  0.62489991333805E-11
  -0.10339742445086E+03  0.12511287995244E+02 -0.45081970067957E+01  0.53660947467028E+02 -0.48907837014056E+01  0.16683156974311E+02  0.88517070483916E+01  0.88405713365529E+02 -0.11554332918368E+02 -0.16796418367948E+01  0.65121808399257E+00 -0.12916508231553E+01 -0.17737574803011E+00  0.44360887733347E-01  0.13302347927815E+02 -0.10247794695382E+01  0.81798063610616E+01  0.39193587824033E+01  0.81987221093419E-01 -0.32870971860312E+01 -0.61067230296261E-02 -0.47160932592797E-02  0.12438011037132E-01  0.64782662205891E-01 -0.35300963905095E-13 -0.54629024565886E+01 -0.60324679042860E+00  0.36632278968740E-11 -0.27930401014583E+01 -0.87239082300193E-05 -0.12275395679632E+00 -0.54438626597668E-13  0.20076163553414E-12 -0.14655270170313E-02 -0.80467650585356E-03 -0.15911495024123E+01  0.22272398449397E-04 -0.26542193637783E+01  0.15154421462326E-12
   0.76858273266674E+04  0.88109415007275E+03 -0.40132374575456E+03  0.31690931603658E+05 -0.27757863516383E+04  0.89373124630032E+04  0.46672686071318E+04  0.83511864122635E+05  0.50290584192026E+05 -0.40492716501498E+04  0.13047134636214E+04  0.14769793162308E+04  0.82517084437554E+02  0.13302347927815E+02  0.49530548011290E+05 -0.46279577724992E+04  0.34837829993904E+05  0.18468980773977E+05 -0.47457459681720E+01  0.40051241925833E+03 -0.32080003100271E+02 -0.16592539735605E+03  0.65383981045078E+03 -0.27289730859160E+04 -0.17978449581710E+04 -0.24874215454448E+04  0.19874697766363E+04  0.42998656398042E+04 -0.15252293958592E+04 -0.29819485990089E+04 -0.72599401497221E+03  0.25618374773364E+03  0.45816820192824E+03 -0.28837268148971E+04 -0.15267548603726E+04 -0.23362358181961E+04  0.18891808488586E+03 -0.90143777717007E+03 -0.10195799724985E+04
  -0.19597933967676E+04 -0.81085701463731E+02  0.16574342652936E+01 -0.38740784816701E+04  0.34396275143221E+03 -0.11207918556415E+04 -0.59317965985362E+03 -0.10773879521514E+05 -0.24144187934562E+04  0.49753322387816E+03 -0.14614034214571E+03 -0.20659640651879E+03 -0.13923079338761E+02 -0.10247794695382E+01 -0.46279577724992E+04  0.50344525220830E+03 -0.37155433926574E+04 -0.20491311555317E+04 -0.61953499027872E-01 -0.71602747546931E+02 -0.26731400063494E+01 -0.43258962240199E+01 -0.13654296545998E+03  0.50550218021675E+03  0.31780266141116E+03  0.28711257750724E+03 -0.16036983565644E+03 -0.48666284802971E+03  0.15914124829105E+03  0.30992345405107E+03  0.80585835238552E+02 -0.68450416040824E+02 -0.12092459063787E+03  0.44176861545282E+03  0.21758850039750E+03 -0.31375559886088E+03 -0.33871502930468E+02  0.25205480050178E+03  0.28374184252826E+03
   0.99919225020220E+04  0.35912796196716E+03 -0.20116385515484E+03  0.27066318821665E+05 -0.23216466660870E+04  0.77286540411911E+04  0.39383006103799E+04  0.82323094984944E+05  0.16788629411244E+05 -0.34885843277536E+04  0.10822291119714E+04  0.15492065336642E+04  0.93738797861260E+02  0.81798063610616E+01  0.34837829993904E+05 -0.37155433926574E+04  0.27904238211180E+05  0.15225431872488E+05 -0.72460106912916E+01  0.42169543993879E+03 -0.69125781235347E+02 -0.23966909635049E+03  0.52310402695197E+03 -0.26439339612318E+04 -0.17115733004885E+04 -0.24272205649423E+04  0.20624172162218E+04  0.44352603724536E+04 -0.12447888383835E+04 -0.24434201251214E+04 -0.59867235298897E+03  0.84243974221721E+02  0.16342368852928E+03 -0.25885329040828E+04 -0.13868876147106E+04  0.13488931783288E+04  0.22300206617074E+03 -0.16350627768184E+04 -0.18257062730093E+04
   0.74084176267460E+04  0.20592623673702E+03 -0.36949557757920E+02  0.15417205966611E+05 -0.13386124864803E+04  0.44644582821175E+04  0.23021941809807E+04  0.45303250370247E+05  0.82628213729880E+04 -0.20048256629988E+04  0.59922659759288E+03  0.90478652082650E+03  0.59527956256105E+02  0.39193587824033E+01  0.18468980773977E+05 -0.20491311555317E+04  0.15225431872488E+05  0.84209348241888E+04 -0.26097712031840E+01  0.28051040066428E+03 -0.26127805835182E+02 -0.82255418858048E+02  0.42315761208171E+03 -0.18807708790904E+04 -0.11835811320612E+04 -0.12382087934023E+04  0.97203576762628E+03  0.24526457627847E+04 -0.64191366003222E+03 -0.12606828962812E+04 -0.33480731947483E+03  0.11558864544940E+03  0.21346002489086E+03 -0.16937010916531E+04 -0.87094771426679E+03  0.14688178758992E+04  0.15750789960431E+03 -0.11491403733189E+04 -0.12838518426669E+04
  -0.66929170126739E+03  0.44140746088370E+03 -0.36132373177698E+02  0.12823151656680E+03  0.25818460359932E+02  0.85340777791029E+02  0.42787975370577E+02  0.45993547313088E+03 -0.45033600274416E+02 -0.25193537062621E+02  0.44428306230711E+01 -0.34331989050678E+01 -0.53538358020983E+00  0.81987221093419E-01 -0.47457459681720E+01 -0.61953499027872E-01 -0.72460106912916E+01 -0.26097712031840E+01  0.39819061368322E+01  0.17655650271375E+02  0.19402435966834E+02  0.35836332970701E+02  0.50873524126714E+02  0.00000000000000E+00 -0.65968297966336E+02  0.00000000000000E+00  0.00000000000000E+00 -0.11471856771643E+03  0.00000000000000E+00  0.11553962070429E+02  0.00000000000000E+00  0.00000000000000E+00  0.16180684707059E+03  0.00000000000000E+00  0.00000000000000E+00  0.00000000000000E+00  0.44851627285451E+02  0.00000000000000E+00 -0.43003359243514E+02
   0.10421227239881E+05  0.80378742481131E+03  0.35862178830127E+03  0.44511909123981E+04 -0.20529989224715E+02  0.16573478536237E+04  0.79454640477875E+03  0.55522088217407E+05 -0.16898678401671E+05 -0.12689388675520E+04  0.35860274621259E+03 -0.46951938785726E+03 -0.20006537080908E+02 -0.32870971860312E+01  0.40051241925833E+03 -0.71602747546931E+02  0.42169543993879E+03  0.28051040066428E+03  0.17655650271375E+02  0.30685521742293E+04  0.24237149321892E+03  0.77978572654974E+03 -0.12503204563300E+02  0.00000000000000E+00 -0.21976915062594E+04  0.00000000000000E+00  0.00000000000000E+00 -0.14689505918287E+05  0.00000000000000E+00 -0.23489210380715E+04  0.00000000000000E+00  0.00000000000000E+00  0.10905013936131E+04  0.00000000000000E+00  0.00000000000000E+00  0.00000000000000E+00  0.94888377880179E+03  0.00000000000000E+00 -0.47715551343677E+04
  -0.18466903980839E+05  0.82672555260965E+04 -0.93887085760438E+03 -0.13746780647112E+04  0.78768645914923E+03  0.39261402582261E+03 -0.50037665471944E+02  0.60704961213483E+04 -0.14616957175957E+04 -0.17353370761179E+03  0.45605401542587E+02  0.46991890253074E+02  0.62420979738451E+01 -0.61067230296261E-02 -0.32080003100271E+02 -0.26731400063494E+01 -0.69125781235347E+02 -0.26127805835182E+02  0.19402435966834E+02  0.24237149321892E+03  0.35567191843815E+03  0.62552838536932E+03  0.15543004919437E+04 -0.44954614896805E+02 -0.25243637643905E+02  0.39026555360287E+01  0.10063641143373E+04  0.69787034515444E+03  0.00000000000000E+00  0.00000000000000E+00  0.00000000000000E+00  0.22846716680717E+04  0.28464295801252E+04  0.00000000000000E+00  0.00000000000000E+00  0.00000000000000E+00 -0.24836250668981E+02 -0.31076805330607E+03 -0.32433057076784E+03
  -0.10058396003157E+05  0.92745580971598E+04 -0.71388041099737E+03  0.21150137500807E+04  0.64349435349916E+03  0.17795148868465E+04  0.72910675521434E+03  0.31756005649023E+05 -0.78542078953583E+04 -0.96312935216654E+03  0.23419302410279E+03  0.26114346836865E+03  0.30420558466074E+02 -0.47160932592797E-02 -0.16592539735605E+03 -0.43258962240199E+01 -0.23966909635049E+03 -0.82255418858048E+02  0.35836332970701E+02  0.77978572654974E+03  0.62552838536932E+03  0.15645328605739E+04  0.16009117529579E+04 -0.14354987590425E+03 -0.94980270199860E+02 -0.25730194877631E+02 -0.50094250640826E+04 -0.90234419382357E+04  0.00000000000000E+00  0.00000000000000E+00  0.00000000000000E+00  0.33072514479391E+04  0.40129749009392E+04  0.00000000000000E+00  0.00000000000000E+00  0.00000000000000E+00 -0.39132823946789E+02 -0.17930726275959E+04 -0.18588876081264E+04
  -0.21899051114805E+06  0.64726740505619E+05 -0.10299357587951E+05 -0.38367421956526E+05  0.10001620194638E+05 -0.33848297373364E+04 -0.58604791664148E+04 -0.29186676516254E+05  0.45707209785712E+04  0.19169169226352E+04 -0.24756006129249E+03 -0.57438897545568E+02 -0.11996778555166E+02  0.12438011037132E-01  0.65383981045078E+03 -0.13654296545998E+03  0.52310402695197E+03  0.42315761208171E+03  0.50873524126714E+02 -0.12503204563300E+02  0.15543004919437E+04  0.16009117529579E+04  0.15831776411597E+05  0.23732395626882E+03  0.12415287930000E+03 -0.49125389982525E+01  0.36714736537042E+05  0.59736520531853E+05  0.00000000000000E+00  0.00000000000000E+00  0.00000000000000E+00  0.15833621322147E+05  0.20011976733733E+05  0.00000000000000E+00  0.00000000000000E+00  0.00000000000000E+00 -0.80355536922538E+02  0.14757543769095E+04  0.15075086996991E+04
  -0.12893514536242E+06  0.16667946469656E+05 -0.54273578728896E+04 -0.12973173408115E+05  0.20664231008153E+04 -0.29081488245958E+04 -0.24986279046246E+04 -0.63064325437693E+05  0.11751303409051E+05  0.28548172133822E+04 -0.51861873738707E+03 -0.12172463930355E+04 -0.18255004381259E+03  0.64782662205891E-01 -0.27289730859160E+04  0.50550218021675E+03 -0.26439339612318E+04 -0.18807708790904E+04  0.00000000000000E+00  0.00000000000000E+00 -0.44954614896805E+02 -0.14354987590425E+03  0.23732395626882E+03  0.11717815885424E+06  0.00000000000000E+00  0.00000000000000E+00  0.00000000000000E+00  0.00000000000000E+00  0.00000000000000E+00  0.00000000000000E+00  0.00000000000000E+00  0.00000000000000E+00  0.00000000000000E+00  0.00000000000000E+00  0.00000000000000E+00  0.00000000000000E+00  0.00000000000000E+00  0.00000000000000E+00  0.00000000000000E+00
  -0.54098059930124E+05  0.81762110864984E+04 -0.22910020547336E+04 -0.21388427597207E+05  0.35473943944634E+04 -0.45234438313670E+04 -0.39651045725299E+04 -0.50757991380997E+05  0.11142539614684E+05  0.19803125749661E+04 -0.39154132170805E+03 -0.43089418914483E-10 -0.31267164232252E-12 -0.35300963905095E-13 -0.17978449581710E+04  0.31780266141116E+03 -0.17115733004885E+04 -0.11835811320612E+04 -0.65968297966336E+02 -0.21976915062594E+04 -0.25243637643905E+02 -0.94980270199860E+02  0.12415287930000E+03  0.00000000000000E+00  0.65299906084224E+05  0.00000000000000E+00  0.00000000000000E+00  0.00000000000000E+00  0.00000000000000E+00  0.00000000000000E+00  0.00000000000000E+00  0.00000000000000E+00  0.00000000000000E+00  0.00000000000000E+00  0.00000000000000E+00  0.00000000000000E+00  0.00000000000000E+00  0.00000000000000E+00  0.00000000000000E+00
  -0.46872418949521E+04 -0.23161240242729E+03  0.43897709991723E+02 -0.14201908564309E+03 -0.55438728714202E+02  0.12548683460609E+03  0.11937985919147E+03 -0.67513039560647E+05  0.24172091533926E+05  0.73057370793804E+03 -0.34775286052145E+03 -0.74666751500626E+03 -0.29269915278645E+02 -0.54629024565886E+01 -0.24874215454448E+04  0.28711257750724E+03 -0.24272205649423E+04 -0.12382087934023E+04  0.00000000000000E+00  0.00000000000000E+00  0.39026555360287E+01 -0.25730194877631E+02 -0.49125389982525E+01  0.00000000000000E+00  0.00000000000000E+00  0.30848165605838E+05  0.00000000000000E+00  0.00000000000000E+00  0.00000000000000E+00  0.00000000000000E+00  0.00000000000000E+00  0.00000000000000E+00  0.00000000000000E+00  0.00000000000000E+00  0.00000000000000E+00  0.00000000000000E+00  0.00000000000000E+00  0.00000000000000E+00  0.00000000000000E+00
  -0.84711631648430E+06  0.20895118882477E+06 -0.37847668646877E+05 -0.65631868120308E+05  0.13570124329691E+05 -0.10720438768304E+05 -0.11099249870475E+05 -0.29185022233333E+06  0.66873953726662E+05  0.11480523841924E+05 -0.22106035063587E+04 -0.53317596156106E+04 -0.64033788249581E+03 -0.60324679042860E+00  0.19874697766363E+04 -0.16036983565644E+03  0.20624172162218E+04  0.97203576762628E+03  0.00000000000000E+00  0.00000000000000E+00  0.10063641143373E+04 -0.50094250640826E+04  0.36714736537042E+05  0.00000000000000E+00  0.00000000000000E+00  0.00000000000000E+00  0.57935962769208E+06  0.00000000000000E+00  0.00000000000000E+00  0.00000000000000E+00  0.00000000000000E+00  0.00000000000000E+00  0.00000000000000E+00  0.00000000000000E+00  0.00000000000000E+00  0.00000000000000E+00  0.00000000000000E+00  0.00000000000000E+00  0.00000000000000E+00
  -0.10823905480491E+07  0.25958568866284E+06 -0.48590712886256E+05 -0.34043639724937E+06  0.71089690582102E+05 -0.53337053376206E+05 -0.57829270916470E+05 -0.58409011639738E+06  0.12955026577103E+06  0.24197709486230E+05 -0.44814169790419E+04 -0.28556803011738E-09 -0.66189678408516E-11  0.36632278968740E-11  0.42998656398042E+04 -0.48666284802971E+03  0.44352603724536E+04  0.24526457627847E+04 -0.11471856771643E+03 -0.14689505918287E+05  0.69787034515444E+03 -0.90234419382357E+04  0.59736520531853E+05  0.00000000000000E+00  0.00000000000000E+00  0.00000000000000E+00  0.00000000000000E+00  0.92621002390164E+06  0.00000000000000E+00  0.00000000000000E+00  0.00000000000000E+00  0.00000000000000E+00  0.00000000000000E+00  0.00000000000000E+00  0.00000000000000E+00  0.00000000000000E+00  0.00000000000000E+00  0.00000000000000E+00  0.00000000000000E+00
  -0.20592636982934E+05  0.57278394874470E+04 -0.96257787598706E+03 -0.13734806302859E+04  0.38437918256307E+03 -0.83759117331974E+02 -0.21366209207101E+03 -0.73109841727881E+05  0.23000858587259E+05  0.15592390122213E+04 -0.45580777377019E+03 -0.24687984536054E+04 -0.15641576393608E+03 -0.27930401014583E+01 -0.15252293958592E+04  0.15914124829105E+03 -0.12447888383835E+04 -0.64191366003222E+03  0.00000000000000E+00  0.00000000000000E+00  0.00000000000000E+00  0.00000000000000E+00  0.00000000000000E+00  0.00000000000000E+00  0.00000000000000E+00  0.00000000000000E+00  0.00000000000000E+00  0.00000000000000E+00  0.14718938661821E+05  0.00000000000000E+00  0.00000000000000E+00  0.00000000000000E+00  0.00000000000000E+00  0.00000000000000E+00  0.00000000000000E+00  0.00000000000000E+00  0.00000000000000E+00  0.00000000000000E+00  0.00000000000000E+00
  -0.46496564691094E+05  0.13101810280882E+05 -0.21843679136561E+04 -0.24499234614983E+04  0.66637623740316E+03 -0.17295081221130E+03 -0.36921968471354E+03 -0.16354264251145E+06  0.51560838701401E+05  0.34122648860265E+04 -0.10197606014214E+04 -0.81465181624503E+02 -0.21813474260138E+02 -0.87239082300193E-05 -0.29819485990089E+04  0.30992345405107E+03 -0.24434201251214E+04 -0.12606828962812E+04  0.11553962070429E+02 -0.23489210380715E+04  0.00000000000000E+00  0.00000000000000E+00  0.00000000000000E+00  0.00000000000000E+00  0.00000000000000E+00  0.00000000000000E+00  0.00000000000000E+00  0.00000000000000E+00  0.00000000000000E+00  0.31799196851213E+05  0.00000000000000E+00  0.00000000000000E+00  0.00000000000000E+00  0.00000000000000E+00  0.00000000000000E+00  0.00000000000000E+00  0.00000000000000E+00  0.00000000000000E+00  0.00000000000000E+00
  -0.31113539858841E+04  0.41878268947506E+03 -0.11562550602044E+03 -0.69419179755008E+02  0.92334647478835E+01 -0.18209815822538E+02 -0.12658753316621E+02 -0.13406938898909E+04  0.17644218267441E+03  0.43583730480530E+02 -0.11491166341142E+02 -0.83021170814403E+02 -0.67969926463356E+01 -0.12275395679632E+00 -0.72599401497221E+03  0.80585835238552E+02 -0.59867235298897E+03 -0.33480731947483E+03  0.00000000000000E+00  0.00000000000000E+00  0.00000000000000E+00  0.00000000000000E+00  0.00000000000000E+00  0.00000000000000E+00  0.00000000000000E+00  0.00000000000000E+00  0.00000000000000E+00  0.00000000000000E+00  0.00000000000000E+00  0.00000000000000E+00  0.37945696672584E+04  0.00000000000000E+00  0.00000000000000E+00  0.00000000000000E+00  0.00000000000000E+00  0.00000000000000E+00  0.00000000000000E+00  0.00000000000000E+00  0.00000000000000E+00
  -0.19915725654895E+06  0.63027171218692E+05 -0.95307537162765E+04 -0.11683427852587E+05  0.35839393813470E+04 -0.39501549061271E+03 -0.15473834584974E+04 -0.65208677929912E+04  0.69030846513919E+03  0.65921767255521E+03 -0.58258525017864E+02 -0.28612857479845E+00 -0.20771887504690E+00 -0.54438626597668E-13  0.25618374773364E+03 -0.68450416040824E+02  0.84243974221721E+02  0.11558864544940E+03  0.00000000000000E+00  0.00000000000000E+00  0.22846716680717E+04  0.33072514479391E+04  0.15833621322147E+05  0.00000000000000E+00  0.00000000000000E+00  0.00000000000000E+00  0.00000000000000E+00  0.00000000000000E+00  0.00000000000000E+00  0.00000000000000E+00  0.00000000000000E+00  0.10544718995778E+06  0.00000000000000E+00  0.00000000000000E+00  0.00000000000000E+00  0.00000000000000E+00  0.00000000000000E+00  0.00000000000000E+00  0.00000000000000E+00
  -0.21997412558746E+06  0.69258087610154E+05 -0.10514907569198E+05 -0.52085176004027E+05  0.15777615477575E+05 -0.19495754523219E+04 -0.69857063832074E+04 -0.12696771367080E+05  0.13823005686884E+04  0.12424411791757E+04 -0.11319840160293E+03 -0.10492111222660E-09  0.12536614472047E-11  0.20076163553414E-12  0.45816820192824E+03 -0.12092459063787E+03  0.16342368852928E+03  0.21346002489086E+03  0.16180684707059E+03  0.10905013936131E+04  0.28464295801252E+04  0.40129749009392E+04  0.20011976733733E+05  0.00000000000000E+00  0.00000000000000E+00  0.00000000000000E+00  0.00000000000000E+00  0.00000000000000E+00  0.00000000000000E+00  0.00000000000000E+00  0.00000000000000E+00  0.00000000000000E+00  0.13896992890291E+06  0.00000000000000E+00  0.00000000000000E+00  0.00000000000000E+00  0.00000000000000E+00  0.00000000000000E+00  0.00000000000000E+00
  -0.88276592901384E+04  0.23547234307426E+04 -0.40525515310018E+03 -0.24223451149435E+04  0.53841614876269E+03 -0.35046028632545E+03 -0.41144744431411E+03  0.11316373238242E+03 -0.12306524741784E+04  0.13878650981216E+03 -0.15936165670568E+02 -0.18293207466496E+01 -0.19704659504479E+00 -0.14655270170313E-02 -0.28837268148971E+04  0.44176861545282E+03 -0.25885329040828E+04 -0.16937010916531E+04  0.00000000000000E+00  0.00000000000000E+00  0.00000000000000E+00  0.00000000000000E+00  0.00000000000000E+00  0.00000000000000E+00  0.00000000000000E+00  0.00000000000000E+00  0.00000000000000E+00  0.00000000000000E+00  0.00000000000000E+00  0.00000000000000E+00  0.00000000000000E+00  0.00000000000000E+00  0.00000000000000E+00  0.82314348754905E+04  0.00000000000000E+00  0.00000000000000E+00  0.00000000000000E+00  0.00000000000000E+00  0.00000000000000E+00
  -0.31229437322085E+04  0.74744462673761E+03 -0.14109740192407E+03 -0.94835258107379E+03  0.19494240226338E+03 -0.15889337843782E+03 -0.16646517918693E+03  0.19753099100567E+03 -0.68494180029603E+03  0.61244027334174E+02 -0.74258945035857E+01 -0.78077376351320E+00 -0.76019647274163E-01 -0.80467650585356E-03 -0.15267548603726E+04  0.21758850039750E+03 -0.13868876147106E+04 -0.87094771426679E+03  0.00000000000000E+00  0.00000000000000E+00  0.00000000000000E+00  0.00000000000000E+00  0.00000000000000E+00  0.00000000000000E+00  0.00000000000000E+00  0.00000000000000E+00  0.00000000000000E+00  0.00000000000000E+00  0.00000000000000E+00  0.00000000000000E+00  0.00000000000000E+00  0.00000000000000E+00  0.00000000000000E+00  0.00000000000000E+00  0.42154567830947E+04  0.00000000000000E+00  0.00000000000000E+00  0.00000000000000E+00  0.00000000000000E+00
  -0.16618143657352E+05 -0.22090348868935E+04  0.74409143806520E+00 -0.10567731887890E+05  0.33358492848011E+03 -0.28943900439673E+04 -0.12149028743272E+04 -0.26548743802749E+06  0.11190642233123E+06  0.31343416398891E+04 -0.11909036403259E+04  0.28854788491051E+03  0.29790988887572E+02 -0.15911495024123E+01 -0.23362358181961E+04 -0.31375559886088E+03  0.13488931783288E+04  0.14688178758992E+04  0.00000000000000E+00  0.00000000000000E+00  0.00000000000000E+00  0.00000000000000E+00  0.00000000000000E+00  0.00000000000000E+00  0.00000000000000E+00  0.00000000000000E+00  0.00000000000000E+00  0.00000000000000E+00  0.00000000000000E+00  0.00000000000000E+00  0.00000000000000E+00  0.00000000000000E+00  0.00000000000000E+00  0.00000000000000E+00  0.00000000000000E+00  0.12572297688155E+06  0.00000000000000E+00  0.00000000000000E+00  0.00000000000000E+00
   0.16877920416898E+05 -0.22810213472375E+04  0.71614537880173E+03 -0.15772627835704E+05  0.25436463470801E+04 -0.35462583845764E+04 -0.31492572117923E+04 -0.91346649563469E+04  0.16641109956165E+04  0.46519135375415E+03 -0.75094491529375E+02  0.34428800447218E+03  0.77930877639144E+02  0.22272398449397E-04  0.18891808488586E+03 -0.33871502930468E+02  0.22300206617074E+03  0.15750789960431E+03  0.44851627285451E+02  0.94888377880179E+03 -0.24836250668981E+02 -0.39132823946789E+02 -0.80355536922538E+02  0.00000000000000E+00  0.00000000000000E+00  0.00000000000000E+00  0.00000000000000E+00  0.00000000000000E+00  0.00000000000000E+00  0.00000000000000E+00  0.00000000000000E+00  0.00000000000000E+00  0.00000000000000E+00  0.00000000000000E+00  0.00000000000000E+00  0.00000000000000E+00  0.38951632042117E+05  0.00000000000000E+00  0.00000000000000E+00
  -0.72215823040544E+05  0.86090095227573E+04 -0.25317985439246E+04 -0.74210530722244E+04  0.88098331398058E+03 -0.18310930988421E+04 -0.11470730792113E+04 -0.13928247557690E+06  0.44433606699138E+05  0.28449589275610E+04 -0.86519225658093E+03 -0.28578974948793E+04 -0.20797201897815E+03 -0.26542193637783E+01 -0.90143777717007E+03  0.25205480050178E+03 -0.16350627768184E+04 -0.11491403733189E+04  0.00000000000000E+00  0.00000000000000E+00 -0.31076805330607E+03 -0.17930726275959E+04  0.14757543769095E+04  0.00000000000000E+00  0.00000000000000E+00  0.00000000000000E+00  0.00000000000000E+00  0.00000000000000E+00  0.00000000000000E+00  0.00000000000000E+00  0.00000000000000E+00  0.00000000000000E+00  0.00000000000000E+00  0.00000000000000E+00  0.00000000000000E+00  0.00000000000000E+00  0.00000000000000E+00  0.95494141265252E+05  0.00000000000000E+00
  -0.56479280273462E+05  0.71620031627280E+04 -0.20325845422883E+04 -0.21887846321501E+05  0.27051678932732E+04 -0.52893147134211E+04 -0.34197608907592E+04 -0.17378967921402E+06  0.54890467719655E+05  0.36363826475924E+04 -0.10883121939591E+04 -0.43989462978535E-10  0.62489991333805E-11  0.15154421462326E-12 -0.10195799724985E+04  0.28374184252826E+03 -0.18257062730093E+04 -0.12838518426669E+04 -0.43003359243514E+02 -0.47715551343677E+04 -0.32433057076784E+03 -0.18588876081264E+04  0.15075086996991E+04  0.00000000000000E+00  0.00000000000000E+00  0.00000000000000E+00  0.00000000000000E+00  0.00000000000000E+00  0.00000000000000E+00  0.00000000000000E+00  0.00000000000000E+00  0.00000000000000E+00  0.00000000000000E+00  0.00000000000000E+00  0.00000000000000E+00  0.00000000000000E+00  0.00000000000000E+00  0.00000000000000E+00  0.10050922775593E+06

 # Covariance matrix (Bevington epsilon)
   0.41000547949888E-03 -0.91476338595244E-04 -0.89919844085805E-02  0.21445188373731E-03  0.22356888974236E-03  0.14990773015483E-03 -0.91515207711051E-03  0.45053838170160E-04  0.29309688981619E-04 -0.11673343200732E-02 -0.12713107985929E-01 -0.23297888027125E-03 -0.36318594085893E-02  0.20665769631905E-01  0.10824564910010E-03  0.20564128306411E-02  0.11180609284198E-04  0.12534408266111E-04 -0.13436911727073E-02  0.14660403104195E-03  0.77038547971703E-03 -0.64857404679222E-03  0.28341280863983E-04  0.30616685901891E-04  0.34120486485385E-04  0.23607265993473E-04  0.28561729506135E-04  0.33422018434822E-04 -0.15241455040619E-03 -0.77009199217923E-04  0.31764676953965E-04  0.22916732535586E-04  0.29901601856150E-04 -0.35354653496836E-04 -0.37153820654837E-04  0.50944085899716E-04  0.12968924428741E-05  0.29579236658104E-04  0.31083251099994E-04
  -0.91476338595242E-04  0.12777978566400E-03  0.27663466281084E-02  0.12789985043036E-04  0.81984512931411E-04 -0.16096859735583E-04  0.75701281242597E-04 -0.80340924819034E-05 -0.55523866378574E-05  0.64856393817459E-03  0.34104131690395E-02  0.17118532359014E-03 -0.36672080265181E-03  0.10264878260282E-01 -0.77226351452677E-05  0.11990146300767E-02  0.16431326556518E-03  0.16281944389328E-04 -0.15695676018223E-02 -0.29249388722773E-04 -0.20627754143121E-02  0.61915258942220E-03  0.10518335497313E-03  0.55816167940959E-05 -0.14101452927030E-06  0.11630373820666E-05  0.15120066701656E-05 -0.13086719799632E-06  0.36548470737961E-04  0.10596656891344E-04 -0.46628832172834E-06  0.80656413895555E-05  0.83307093503521E-05 -0.14015412037030E-04 -0.75397050028805E-05 -0.38119693355960E-05 -0.74041983316345E-06  0.35953128123796E-05  0.12322379599400E-05
