# fitpack15: fit parameters                                                                         
# CJ15 AV18 final data choices                                                                      
# Created on 06/15/2019 at 17:35:12                                                                 

 # QCD setup
  INS                           0
  NVL                          11
  IORD                          1
  Q02                   1.6899999999999999     
  IPARAMC                       7
  FLAVOR                4.0000000000000000     
  xmc                   1.3000000000000000     
  xmb                   4.5000000000000000     
  ncb                          12
  ihq                           1
  ias                           0

 # Theory corrections
  inuke                     10914
  itmc                          1
  iht                           1

 # fit parameters
 LAMBDA       0.22680        0.0000    
 a0uv          2.5243        0.0000    
 a1uv         0.62440       0.23813E-01
 a2uv          3.5198       0.14034E-01
 a3uv          0.0000        0.0000    
 a4uv          3.1263       0.49782    
 a5uv          0.0000        0.0000    
 a0dv          22.749        0.0000    
 a1dv          1.1370       0.32764E-01
 a2dv          6.2970       0.12669    
 a3dv         -3.4703       0.86015E-01
 a4dv          4.5690       0.16880    
 a5dv          0.0000        0.0000    
 a0ud         0.14643       0.53380E-02
 a1ud        -0.20781       0.39390E-02
 a2ud          8.0625       0.21675    
 a3ud          0.0000        0.0000    
 a4ud          13.640        1.4120    
 a5ud          0.0000        0.0000    
 a0du          35712.        0.0000    
 a1du          4.0279       0.76894E-01
 a2du          19.448       0.85192    
 a3du          17.000        0.0000    
 a4du          54.385        13.260    
 a0g           47.105        0.0000    
 a1g          0.60983       0.31293E-01
 a2g           6.4254       0.96642    
 a3g          -3.3580       0.13179    
 a4g           3.2584       0.30768    
 a5g           0.0000        0.0000    
 kappa        0.40000        0.0000    
 a6dv          0.0000        0.0000    
 a7dv          0.0000        0.0000    
 off1         -4.4223       0.93269    
 off2         0.44800        0.0000    
 off3         0.74195E-01   0.39453E-01
 ht1          -3.4431       0.29224    
 ht2           1.9966       0.11814    
 ht3          -2.0915       0.29123E-01
 ht4           0.0000        0.0000    
 dummy41       0.0000        0.0000    
 dummy42       0.0000        0.0000    
 dummy43       0.0000        0.0000    
 dummy44       0.0000        0.0000    
 dummy45       0.0000        0.0000    
 dummy46       0.0000        0.0000    
 dummy47       0.0000        0.0000    
 dummy48       0.0000        0.0000    
 dummy49       0.0000        0.0000    
 bcdmsh2      0.97073       0.48729E-02
 bcdmsd2      0.98742       0.56670E-02
 ccfr          1.0000        0.0000    
 nutev         1.0000        0.0000    
 zeus         0.97998        0.0000    
 h1            1.0162        0.0000    
 e605          1.0319        0.0000    
 NmcH2         1.0070       0.71320E-02
 ntv_nu        1.0000        0.0000    
 ntv_nubar     1.0000        0.0000    
 cdf_jet      0.98910        0.0000    
 d0_jet       0.83504        0.0000    
 slac_p        1.0041       0.48449E-02
 slac_d       0.99879       0.51397E-02
 e866pp       0.95465       0.21642E-01
 e866pd       0.95805       0.17247E-01
 d0_gamjet     1.0385       0.16535E-01
 h1b          0.97608        0.0000    
 jlab_p       0.99585       0.58637E-02
 jlab_d       0.97268       0.58436E-02
 blank         1.0000        0.0000    
 d0run2       0.94456       0.14646E-01
 cdfrun2      0.93094       0.17462E-01
 HERA_el       1.0000        0.0000    
 HERA_ps       1.0000        0.0000    
 CDF_Z        0.96253       0.66896E-02
 NmcRat        1.0000        0.0000    
 BNS_F2nd     0.98948       0.68706E-02
 HERMES_F2p   0.99633       0.56097E-02
 HERMES_F2d   0.97582       0.57640E-02
 END 0. 0.

 # Hessian matrix (Bevington alpha)
   0.46262308728384E+07 -0.12365906383204E+07  0.24104693721137E+06  0.54491832956633E+06 -0.15638547658489E+06  0.30287328488947E+05  0.91192420153094E+05  0.95442859335730E+06 -0.17129694659433E+06 -0.52777164170643E+05  0.83773165963192E+04  0.15941412635553E+05  0.18577208047612E+04 -0.77150426610541E+02  0.11130727231030E+05 -0.25992140169882E+04  0.14708878991032E+05  0.10438172850728E+05 -0.60535578844017E+03  0.12536524600898E+05 -0.18285724091445E+05 -0.91943371686075E+04 -0.22261218269103E+06 -0.12618427816842E+06 -0.53045204151186E+05 -0.42510929665443E+04 -0.83226548355826E+06 -0.10674180680477E+07 -0.20468906998325E+05 -0.46035129602866E+05 -0.30469738884267E+04 -0.19626718704872E+06 -0.21854700283731E+06 -0.87260405994206E+04 -0.30928192660119E+04 -0.14925529137115E+05  0.16524049830651E+05 -0.70189806924569E+05 -0.55005205203280E+05
  -0.12365906383204E+07  0.40044562085379E+06 -0.66842404796609E+05 -0.13727273536141E+06  0.43426525481414E+05 -0.20370856813326E+04 -0.20055784706719E+05 -0.13090117010238E+06  0.26278490199386E+05  0.84083200030367E+04 -0.10932250890396E+04 -0.13268291405132E+04 -0.16022358388159E+03  0.99901808331116E+01  0.41893433760270E+03  0.23440078363017E+00 -0.98296643642232E+02 -0.97511604544632E+02  0.44867855873487E+03  0.10098878480410E+04  0.83767516866057E+04  0.93781699047706E+04  0.66502039997664E+05  0.16532311827337E+05  0.81279996538669E+04 -0.25232280114654E+03  0.20864461990430E+06  0.26027060039888E+06  0.57859049327108E+04  0.13158081691292E+05  0.41819017899991E+03  0.62942858684805E+05  0.69739427653863E+05  0.23608170153915E+04  0.75066873767116E+03 -0.23023366109779E+04 -0.22650367427371E+04  0.85144047287900E+04  0.71047414345852E+04
   0.24104693721137E+06 -0.66842404796609E+05  0.12720410327390E+05  0.27926527987753E+05 -0.83001527967054E+04  0.11094876921832E+04  0.45757602819495E+04  0.36410428726120E+05 -0.62847185383571E+04 -0.23680593766976E+04  0.32565439922079E+03  0.52723079035029E+03  0.71954278129186E+02 -0.38550796827681E+01 -0.28052223344054E+03 -0.25103956095601E+02 -0.64057616324357E+02  0.63455370232277E+02 -0.39978008679420E+02  0.45630289967122E+03 -0.10800900531843E+04 -0.82792804766730E+03 -0.11920387829486E+05 -0.59125455387574E+04 -0.25092859599230E+04  0.62261549617898E+02 -0.42058484658307E+05 -0.54189233115026E+05 -0.10876667748568E+04 -0.24587288520172E+04 -0.12579308199325E+03 -0.10738089543600E+05 -0.11940018870503E+05 -0.45421363723398E+03 -0.15780717363027E+03  0.76173829621153E+02  0.77819664903016E+03 -0.27185458575618E+04 -0.21928041060037E+04
   0.54491832956633E+06 -0.13727273536141E+06  0.27926527987753E+05  0.29225233852612E+06 -0.50968693159991E+05  0.62406221003641E+05  0.52981034343821E+05  0.33670207573114E+06 -0.32220487067079E+05 -0.17357872963992E+05  0.33235648178008E+04 -0.87443181641203E+03 -0.76363660392455E+02  0.32185782477072E+02  0.27897950927447E+05 -0.32803020340296E+04  0.24819415499051E+05  0.13850198168058E+05  0.16806412768206E+03  0.54417643378600E+04 -0.11624365853281E+04  0.26251910084961E+04 -0.38513431517354E+05 -0.12814028789498E+05 -0.21108876305021E+05 -0.11120712695711E+03 -0.63894496105118E+05 -0.33335891270580E+06 -0.13860925900258E+04 -0.23922436303240E+04 -0.70852237620788E+02 -0.11161644193876E+05 -0.50227624125662E+05 -0.23703988880714E+04 -0.93414764118785E+03 -0.10040906643973E+05 -0.15549487820027E+05 -0.72480360737824E+04 -0.21399007501446E+05
  -0.15638547658489E+06  0.43426525481414E+05 -0.83001527967054E+04 -0.50968693159991E+05  0.11309481780828E+05 -0.73167680295455E+04 -0.88126736908976E+04 -0.33562837777420E+05  0.15127567468928E+04  0.24558218004622E+04 -0.35731837140983E+03 -0.86279649494506E+02 -0.37341052536707E+01 -0.25713985213197E+01 -0.23440480732408E+04  0.27040730652709E+03 -0.20472818543229E+04 -0.11373133178112E+04  0.20154091213886E+02 -0.66386841432930E+02  0.73569520831208E+03  0.55243132076365E+03  0.10008793592129E+05  0.20662985609490E+04  0.35353121668666E+04 -0.56093217362804E+02  0.13204836856890E+05  0.69715070299903E+05  0.38667213622383E+03  0.64998488759099E+03  0.95674053594696E+01  0.34406814034792E+04  0.15282811802255E+05  0.52554426709367E+03  0.19185054422875E+03  0.31805432932361E+03  0.25350642047131E+04  0.86847801459305E+03  0.26712829612317E+04
   0.30287328488947E+05 -0.20370856813326E+04  0.11094876921832E+04  0.62406221003641E+05 -0.73167680295455E+04  0.19267055915602E+05  0.12299115327298E+05  0.10390530768246E+06 -0.10546073839858E+05 -0.46190788669957E+04  0.10208181818696E+04 -0.44627430005426E+03 -0.37145543186347E+02  0.11390208187326E+02  0.88348433549463E+04 -0.10781088072183E+04  0.79015572824830E+04  0.45090650784232E+04  0.10861771350562E+03  0.22767558292829E+04  0.51825528650394E+03  0.22009159890964E+04 -0.33273262098305E+04 -0.31387886224320E+04 -0.48608659509755E+04  0.16009442327603E+03 -0.11221566263292E+05 -0.55526601753099E+05 -0.72272657020770E+02 -0.15121227570896E+03 -0.20573324605739E+02 -0.23052708789366E+03 -0.12461909655617E+04 -0.36347898046584E+03 -0.16832479450723E+03 -0.31268600919145E+04 -0.37924320732069E+04 -0.19951573397261E+04 -0.57502182262795E+04
   0.91192420153094E+05 -0.20055784706719E+05  0.45757602819495E+04  0.52981034343821E+05 -0.88126736908976E+04  0.12299115327298E+05  0.10125616890039E+05  0.58606319413111E+05 -0.41281186312341E+04 -0.33299803743637E+04  0.60359381844562E+03 -0.94404955969109E+02 -0.99321320826642E+01  0.56166259220172E+01  0.44552619698791E+04 -0.54404241488578E+03  0.38703777358946E+04  0.22206588492786E+04  0.56696491377434E+02  0.11089123802701E+04  0.23613819591339E+02  0.97732576008012E+03 -0.61187516262057E+04 -0.26902840458557E+04 -0.42515522374313E+04  0.13921778484307E+03 -0.11584052507249E+05 -0.60473279601109E+05 -0.22089483177094E+03 -0.36934419001417E+03 -0.14194755742368E+02 -0.14791118150733E+04 -0.67591950807122E+04 -0.42897134709797E+03 -0.17592687768046E+03 -0.13092094337119E+04 -0.33781518309136E+04 -0.12328125700786E+04 -0.36700946072116E+04
   0.95442859335730E+06 -0.13090117010238E+06  0.36410428726120E+05  0.33670207573114E+06 -0.33562837777420E+05  0.10390530768246E+06  0.58606319413111E+05  0.49404502984583E+07 -0.22979994073252E+07 -0.86069828882201E+05  0.26803803385193E+05  0.28710726445778E+05  0.19987743017328E+04  0.81954828442632E+02  0.80906865139128E+05 -0.10429349922034E+05  0.84994460183781E+05  0.46464644397585E+05  0.80084549596970E+03  0.67709340035208E+05  0.64684924464482E+04  0.33998467404234E+05 -0.30470617550616E+05 -0.61411737980294E+05 -0.50116073082778E+05 -0.66192796674079E+05 -0.28479515292847E+06 -0.57751891798713E+06 -0.73190957616416E+05 -0.16311935213021E+06 -0.12926208149988E+04 -0.65736025377033E+04 -0.12880042107409E+05  0.91171005584471E+02  0.17807175587408E+03 -0.26124407943308E+06 -0.92913811559962E+04 -0.13599517100238E+06 -0.17130503521294E+06
  -0.17129694659433E+06  0.26278490199386E+05 -0.62847185383571E+04 -0.32220487067079E+05  0.15127567468928E+04 -0.10546073839858E+05 -0.41281186312341E+04 -0.22979994073252E+07  0.19213292344572E+07  0.19169373239979E+05 -0.67196303291846E+04 -0.60142937478364E+04 -0.33626007270953E+03 -0.12126101714734E+02  0.50225849852634E+05 -0.24370377202833E+04  0.17817940642352E+05  0.88063514596466E+04 -0.15080241087199E+03 -0.20783043218468E+05 -0.15734603023204E+04 -0.85165827852334E+04  0.48249445616532E+04  0.11489425841613E+05  0.11077945957393E+05  0.23805848198504E+05  0.65652620476955E+05  0.12889971202657E+06  0.23216320582977E+05  0.51827027270985E+05  0.16658041314046E+03  0.70540635768260E+03  0.14198850683055E+04 -0.12250139528108E+04 -0.67943389513926E+03  0.11099892764802E+06  0.17076721492365E+04  0.43764167386575E+05  0.54548930974997E+05
  -0.52777164170643E+05  0.84083200030367E+04 -0.23680593766976E+04 -0.17357872963992E+05  0.24558218004622E+04 -0.46190788669957E+04 -0.33299803743637E+04 -0.86069828882201E+05  0.19169373239979E+05  0.27185804958669E+04 -0.67686454078390E+03 -0.76253736591581E+03 -0.70268242594011E+02 -0.12834736229654E+01 -0.39864260558475E+04  0.48855030156473E+03 -0.36454044825071E+04 -0.20813576693043E+04 -0.33085221948873E+02 -0.15591977925828E+04 -0.18675202312778E+03 -0.10334156256328E+04  0.20118448154471E+04  0.28153195192182E+04  0.19758667536289E+04  0.72526330743053E+03  0.11349067006970E+05  0.24204298762621E+05  0.15774905556296E+04  0.34375490694983E+04  0.42683851955362E+02  0.66914769753998E+03  0.12698592377142E+04  0.13972984912580E+03  0.61827390553588E+02  0.31093901376276E+04  0.47567259876249E+03  0.28001063566599E+04  0.36157772000839E+04
   0.83773165963192E+04 -0.10932250890396E+04  0.32565439922079E+03  0.33235648178008E+04 -0.35731837140983E+03  0.10208181818696E+04  0.60359381844562E+03  0.26803803385193E+05 -0.67196303291846E+04 -0.67686454078390E+03  0.19608923779121E+03  0.23139195619090E+03  0.17602869238053E+02  0.57940187453315E+00  0.13096352783832E+04 -0.14660778204659E+03  0.11547227364748E+04  0.63615201244312E+03  0.68345369312197E+01  0.44886844050848E+03  0.49937759864295E+02  0.25726896442989E+03 -0.26652110132820E+03 -0.52113350927939E+03 -0.39819755838152E+03 -0.34926986595080E+03 -0.22225633060270E+04 -0.45661075372356E+04 -0.46794716450303E+03 -0.10436641859843E+04 -0.11440731882493E+02 -0.60633533607173E+02 -0.11855941934630E+03 -0.16552114312167E+02 -0.77618255805818E+01 -0.11989323039121E+04 -0.78745106254565E+02 -0.86619369572095E+03 -0.11006471481832E+04
   0.15941412635553E+05 -0.13268291405132E+04  0.52723079035029E+03 -0.87443181641203E+03 -0.86279649494506E+02 -0.44627430005426E+03 -0.94404955969109E+02  0.28710726445778E+05 -0.60142937478364E+04 -0.76253736591581E+03  0.23139195619090E+03  0.19956024231094E+04  0.13253639895873E+03 -0.83077456076821E+00  0.16381453877871E+04 -0.22946379581055E+03  0.18440562982089E+04  0.10683383247333E+04 -0.66949175533005E+01 -0.61634614457466E+03  0.55094468348998E+02  0.30633349587412E+03 -0.68605152766307E+02 -0.13078856579352E+04  0.10580113984132E-09 -0.80253135232788E+03 -0.56979337288232E+04  0.44043446212698E-09 -0.27049220131553E+04 -0.94198616847382E+02 -0.88355830973533E+02 -0.38673595487023E+00 -0.18508640854065E-10 -0.19769509251597E+01 -0.84109334564616E+00  0.31420177010698E+03  0.38267655480525E+03 -0.30367336354384E+04 -0.15036006671060E-09
   0.18577208047612E+04 -0.16022358388159E+03  0.71954278129186E+02 -0.76363660392455E+02 -0.37341052536707E+01 -0.37145543186347E+02 -0.99321320826642E+01  0.19987743017328E+04 -0.33626007270953E+03 -0.70268242594011E+02  0.17602869238053E+02  0.13253639895873E+03  0.12305162734639E+02 -0.14595292572342E+00  0.94911423088106E+02 -0.15958650342613E+02  0.11526752157306E+03  0.72370671844059E+02 -0.69780346947062E+00 -0.25818990843900E+02  0.73485004500298E+01  0.35710894128754E+02 -0.14516772939714E+02 -0.19981012100532E+03  0.26034022923624E-11 -0.31462860698139E+02 -0.69621862081185E+03 -0.17578254580565E-10 -0.17224783834907E+03 -0.25669104224218E+02 -0.72965142362551E+01 -0.28158064930424E+00  0.47965776361943E-11 -0.21652866861628E+00 -0.83042769648286E-01  0.32522290184275E+02  0.87593250665746E+02 -0.22200549035077E+03  0.11484746248033E-11
  -0.77150426610541E+02  0.99901808331116E+01 -0.38550796827681E+01  0.32185782477072E+02 -0.25713985213197E+01  0.11390208187326E+02  0.56166259220172E+01  0.81954828442632E+02 -0.12126101714734E+02 -0.12834736229654E+01  0.57940187453315E+00 -0.83077456076821E+00 -0.14595292572342E+00  0.38526743701139E-01  0.12711680655422E+02 -0.89973505242275E+00  0.77258424008781E+01  0.35544069046055E+01  0.63314813308525E-01 -0.42190157712816E+01 -0.59225578868314E-02  0.35306469006993E-02  0.13782296591840E-01  0.67330378521786E-01 -0.27836221914457E-12 -0.57181171147481E+01 -0.66585115262319E+00 -0.15792590596834E-11 -0.31027627820103E+01 -0.11520619518978E-04 -0.12952736047954E+00  0.32667313649740E-13 -0.41909896358923E-13 -0.15650684103334E-02 -0.85853907958534E-03 -0.15835175469841E+01  0.31195020288217E-04 -0.28512730274212E+01  0.12258551500455E-11
   0.11130727231030E+05  0.41893433760270E+03 -0.28052223344054E+03  0.27897950927447E+05 -0.23440480732408E+04  0.88348433549463E+04  0.44552619698791E+04  0.80906865139128E+05  0.50225849852634E+05 -0.39864260558475E+04  0.13096352783832E+04  0.16381453877871E+04  0.94911423088106E+02  0.12711680655422E+02  0.49353512825023E+05 -0.46267604821016E+04  0.36914458470022E+05  0.19522952322780E+05 -0.18798612167034E+01  0.49755214306187E+03 -0.31134670347514E+02 -0.16441113689173E+03  0.69668632031956E+03 -0.27442914740796E+04 -0.18121412757807E+04 -0.24817054303379E+04  0.19462155119065E+04  0.42514178410131E+04 -0.15664552471138E+04 -0.30138718026685E+04 -0.72404356666197E+03  0.27203020090307E+03  0.49031351607020E+03 -0.29064059751613E+04 -0.15351423249048E+04 -0.22958204301786E+04  0.18569889497106E+03 -0.89552281310543E+03 -0.10172240858480E+04
  -0.25992140169882E+04  0.23440078363017E+00 -0.25103956095601E+02 -0.32803020340296E+04  0.27040730652709E+03 -0.10781088072183E+04 -0.54404241488578E+03 -0.10429349922034E+05 -0.24370377202833E+04  0.48855030156473E+03 -0.14660778204659E+03 -0.22946379581055E+03 -0.15958650342613E+02 -0.89973505242275E+00 -0.46267604821016E+04  0.50492153348734E+03 -0.39557972546259E+04 -0.21742574868670E+04 -0.58421378273240E+00 -0.89557824907814E+02 -0.35542495388071E+01 -0.76221266134737E+01 -0.14551723478075E+03  0.51128836024459E+03  0.32230049707311E+03  0.28772837028060E+03 -0.15364670115030E+03 -0.47875309331517E+03  0.16438155622535E+03  0.31530696481188E+03  0.80772305469067E+02 -0.72566141486467E+02 -0.12926140573062E+03  0.44876982403863E+03  0.22035292377020E+03 -0.31884443431152E+03 -0.33218378243325E+02  0.25284877992296E+03  0.28543295920288E+03
   0.14708878991032E+05 -0.98296643642232E+02 -0.64057616324357E+02  0.24819415499051E+05 -0.20472818543229E+04  0.79015572824830E+04  0.38703777358946E+04  0.84994460183781E+05  0.17817940642352E+05 -0.36454044825071E+04  0.11547227364748E+04  0.18440562982089E+04  0.11526752157306E+03  0.77258424008781E+01  0.36914458470022E+05 -0.39557972546259E+04  0.31562860822991E+05  0.17170527577134E+05 -0.49061332665594E+01  0.55892669140589E+03 -0.78732907878367E+02 -0.26709241849164E+03  0.58551931587834E+03 -0.28223605701151E+04 -0.18308337281831E+04 -0.25913096059291E+04  0.21940124359034E+04  0.47344487239968E+04 -0.13607164724956E+04 -0.26321364258632E+04 -0.63757305000321E+03  0.86637338945316E+02  0.17050203751884E+03 -0.27724345744716E+04 -0.14864869293786E+04  0.14878787649550E+04  0.23716489143156E+03 -0.17642262643563E+04 -0.19748485610893E+04
   0.10438172850728E+05 -0.97511604544632E+02  0.63455370232277E+02  0.13850198168058E+05 -0.11373133178112E+04  0.45090650784232E+04  0.22206588492786E+04  0.46464644397585E+05  0.88063514596466E+04 -0.20813576693043E+04  0.63615201244312E+03  0.10683383247333E+04  0.72370671844059E+02  0.35544069046055E+01  0.19522952322780E+05 -0.21742574868670E+04  0.17170527577134E+05  0.94636874068135E+04 -0.87483965031655E+00  0.36960324952606E+03 -0.29330212304046E+02 -0.87965922945366E+02  0.47067115244349E+03 -0.19983245601683E+04 -0.12603449830859E+04 -0.13172558839929E+04  0.10274753766131E+04  0.26048058873916E+04 -0.69943845904621E+03 -0.13543905413766E+04 -0.35548827804182E+03  0.12257319761195E+03  0.22865985040679E+03 -0.18079887424982E+04 -0.93011559683216E+03  0.15731239456243E+04  0.16610212168325E+03 -0.12273685063778E+04 -0.13743061945250E+04
  -0.60535578844017E+03  0.44867855873487E+03 -0.39978008679420E+02  0.16806412768206E+03  0.20154091213886E+02  0.10861771350562E+03  0.56696491377434E+02  0.80084549596970E+03 -0.15080241087199E+03 -0.33085221948873E+02  0.68345369312197E+01 -0.66949175533005E+01 -0.69780346947062E+00  0.63314813308525E-01 -0.18798612167034E+01 -0.58421378273240E+00 -0.49061332665594E+01 -0.87483965031655E+00  0.43110399757625E+01  0.45379162684868E+02  0.21430084259523E+02  0.42672631137522E+02  0.50232254693055E+02  0.00000000000000E+00 -0.80031235889482E+02  0.00000000000000E+00  0.00000000000000E+00 -0.21172185067339E+03  0.00000000000000E+00 -0.32164732797762E+01  0.00000000000000E+00  0.00000000000000E+00  0.16832456948493E+03  0.00000000000000E+00  0.00000000000000E+00  0.00000000000000E+00  0.50812492786248E+02  0.00000000000000E+00 -0.73122461283239E+02
   0.12536524600898E+05  0.10098878480410E+04  0.45630289967122E+03  0.54417643378600E+04 -0.66386841432930E+02  0.22767558292829E+04  0.11089123802701E+04  0.67709340035208E+05 -0.20783043218468E+05 -0.15591977925828E+04  0.44886844050848E+03 -0.61634614457466E+03 -0.25818990843900E+02 -0.42190157712816E+01  0.49755214306187E+03 -0.89557824907814E+02  0.55892669140589E+03  0.36960324952606E+03  0.45379162684868E+02  0.46607619629259E+04  0.31322303678187E+03  0.10325558713615E+04 -0.45592767020039E+02  0.00000000000000E+00 -0.27108158567594E+04  0.00000000000000E+00  0.00000000000000E+00 -0.18169087479699E+05  0.00000000000000E+00 -0.29093976963409E+04  0.00000000000000E+00  0.00000000000000E+00  0.13383333966967E+04  0.00000000000000E+00  0.00000000000000E+00  0.00000000000000E+00  0.11667634018941E+04  0.00000000000000E+00 -0.58902899062188E+04
  -0.18285724091445E+05  0.83767516866057E+04 -0.10800900531843E+04 -0.11624365853281E+04  0.73569520831208E+03  0.51825528650394E+03  0.23613819591339E+02  0.64684924464482E+04 -0.15734603023204E+04 -0.18675202312778E+03  0.49937759864295E+02  0.55094468348998E+02  0.73485004500298E+01 -0.59225578868314E-02 -0.31134670347514E+02 -0.35542495388071E+01 -0.78732907878367E+02 -0.29330212304046E+02  0.21430084259523E+02  0.31322303678187E+03  0.37149845331226E+03  0.67372822064882E+03  0.15845325207771E+04 -0.47419877457653E+02 -0.26929096930319E+02  0.33057661469450E+01  0.89028083500041E+03  0.48257307117774E+03  0.00000000000000E+00  0.00000000000000E+00  0.00000000000000E+00  0.23126043975271E+04  0.28877286856119E+04  0.00000000000000E+00  0.00000000000000E+00  0.00000000000000E+00 -0.25572708287075E+02 -0.34134615706911E+03 -0.35648749271120E+03
  -0.91943371686075E+04  0.93781699047706E+04 -0.82792804766730E+03  0.26251910084961E+04  0.55243132076365E+03  0.22009159890964E+04  0.97732576008012E+03  0.33998467404234E+05 -0.85165827852334E+04 -0.10334156256328E+04  0.25726896442989E+03  0.30633349587412E+03  0.35710894128754E+02  0.35306469006993E-02 -0.16441113689173E+03 -0.76221266134737E+01 -0.26709241849164E+03 -0.87965922945366E+02  0.42672631137522E+02  0.10325558713615E+04  0.67372822064882E+03  0.17502513745964E+04  0.15823089650066E+04 -0.15301889628279E+03 -0.10248497189530E+03 -0.35813139088448E+02 -0.56411577706529E+04 -0.10087368550297E+05  0.00000000000000E+00  0.00000000000000E+00  0.00000000000000E+00  0.33578000039629E+04  0.40841144698559E+04  0.00000000000000E+00  0.00000000000000E+00  0.00000000000000E+00 -0.40518802286573E+02 -0.19710281073080E+04 -0.20457071797937E+04
  -0.22261218269103E+06  0.66502039997664E+05 -0.11920387829486E+05 -0.38513431517354E+05  0.10008793592129E+05 -0.33273262098305E+04 -0.61187516262057E+04 -0.30470617550616E+05  0.48249445616532E+04  0.20118448154471E+04 -0.26652110132820E+03 -0.68605152766307E+02 -0.14516772939714E+02  0.13782296591840E-01  0.69668632031956E+03 -0.14551723478075E+03  0.58551931587834E+03  0.47067115244349E+03  0.50232254693055E+02 -0.45592767020039E+02  0.15845325207771E+04  0.15823089650066E+04  0.16734950372092E+05  0.24871443180697E+03  0.13039190250000E+03 -0.57116856885581E+01  0.37918477798328E+05  0.61902946415140E+05  0.00000000000000E+00  0.00000000000000E+00  0.00000000000000E+00  0.16176177581835E+05  0.20515548303754E+05  0.00000000000000E+00  0.00000000000000E+00  0.00000000000000E+00 -0.82396251510112E+02  0.15448479140057E+04  0.15793714125898E+04
  -0.12618427816842E+06  0.16532311827337E+05 -0.59125455387574E+04 -0.12814028789498E+05  0.20662985609490E+04 -0.31387886224320E+04 -0.26902840458557E+04 -0.61411737980294E+05  0.11489425841613E+05  0.28153195192182E+04 -0.52113350927939E+03 -0.13078856579352E+04 -0.19981012100532E+03  0.67330378521786E-01 -0.27442914740796E+04  0.51128836024459E+03 -0.28223605701151E+04 -0.19983245601683E+04  0.00000000000000E+00  0.00000000000000E+00 -0.47419877457653E+02 -0.15301889628279E+03  0.24871443180697E+03  0.11674135641723E+06  0.00000000000000E+00  0.00000000000000E+00  0.00000000000000E+00  0.00000000000000E+00  0.00000000000000E+00  0.00000000000000E+00  0.00000000000000E+00  0.00000000000000E+00  0.00000000000000E+00  0.00000000000000E+00  0.00000000000000E+00  0.00000000000000E+00  0.00000000000000E+00  0.00000000000000E+00  0.00000000000000E+00
  -0.53045204151186E+05  0.81279996538669E+04 -0.25092859599230E+04 -0.21108876305021E+05  0.35353121668666E+04 -0.48608659509755E+04 -0.42515522374313E+04 -0.50116073082778E+05  0.11077945957393E+05  0.19758667536289E+04 -0.39819755838152E+03  0.10580113984132E-09  0.26034022923624E-11 -0.27836221914457E-12 -0.18121412757807E+04  0.32230049707311E+03 -0.18308337281831E+04 -0.12603449830859E+04 -0.80031235889482E+02 -0.27108158567594E+04 -0.26929096930319E+02 -0.10248497189530E+03  0.13039190250000E+03  0.00000000000000E+00  0.65299114515565E+05  0.00000000000000E+00  0.00000000000000E+00  0.00000000000000E+00  0.00000000000000E+00  0.00000000000000E+00  0.00000000000000E+00  0.00000000000000E+00  0.00000000000000E+00  0.00000000000000E+00  0.00000000000000E+00  0.00000000000000E+00  0.00000000000000E+00  0.00000000000000E+00  0.00000000000000E+00
  -0.42510929665443E+04 -0.25232280114654E+03  0.62261549617898E+02 -0.11120712695711E+03 -0.56093217362804E+02  0.16009442327603E+03  0.13921778484307E+03 -0.66192796674079E+05  0.23805848198504E+05  0.72526330743053E+03 -0.34926986595080E+03 -0.80253135232788E+03 -0.31462860698139E+02 -0.57181171147481E+01 -0.24817054303379E+04  0.28772837028060E+03 -0.25913096059291E+04 -0.13172558839929E+04  0.00000000000000E+00  0.00000000000000E+00  0.33057661469450E+01 -0.35813139088448E+02 -0.57116856885581E+01  0.00000000000000E+00  0.00000000000000E+00  0.30774652242402E+05  0.00000000000000E+00  0.00000000000000E+00  0.00000000000000E+00  0.00000000000000E+00  0.00000000000000E+00  0.00000000000000E+00  0.00000000000000E+00  0.00000000000000E+00  0.00000000000000E+00  0.00000000000000E+00  0.00000000000000E+00  0.00000000000000E+00  0.00000000000000E+00
  -0.83226548355826E+06  0.20864461990430E+06 -0.42058484658307E+05 -0.63894496105118E+05  0.13204836856890E+05 -0.11221566263292E+05 -0.11584052507249E+05 -0.28479515292847E+06  0.65652620476955E+05  0.11349067006970E+05 -0.22225633060270E+04 -0.56979337288232E+04 -0.69621862081185E+03 -0.66585115262319E+00  0.19462155119065E+04 -0.15364670115030E+03  0.21940124359034E+04  0.10274753766131E+04  0.00000000000000E+00  0.00000000000000E+00  0.89028083500041E+03 -0.56411577706529E+04  0.37918477798328E+05  0.00000000000000E+00  0.00000000000000E+00  0.00000000000000E+00  0.57789568424230E+06  0.00000000000000E+00  0.00000000000000E+00  0.00000000000000E+00  0.00000000000000E+00  0.00000000000000E+00  0.00000000000000E+00  0.00000000000000E+00  0.00000000000000E+00  0.00000000000000E+00  0.00000000000000E+00  0.00000000000000E+00  0.00000000000000E+00
  -0.10674180680477E+07  0.26027060039888E+06 -0.54189233115026E+05 -0.33335891270580E+06  0.69715070299903E+05 -0.55526601753099E+05 -0.60473279601109E+05 -0.57751891798713E+06  0.12889971202657E+06  0.24204298762621E+05 -0.45661075372356E+04  0.44043446212698E-09 -0.17578254580565E-10 -0.15792590596834E-11  0.42514178410131E+04 -0.47875309331517E+03  0.47344487239968E+04  0.26048058873916E+04 -0.21172185067339E+03 -0.18169087479699E+05  0.48257307117774E+03 -0.10087368550297E+05  0.61902946415140E+05  0.00000000000000E+00  0.00000000000000E+00  0.00000000000000E+00  0.00000000000000E+00  0.92750444316750E+06  0.00000000000000E+00  0.00000000000000E+00  0.00000000000000E+00  0.00000000000000E+00  0.00000000000000E+00  0.00000000000000E+00  0.00000000000000E+00  0.00000000000000E+00  0.00000000000000E+00  0.00000000000000E+00  0.00000000000000E+00
  -0.20468906998325E+05  0.57859049327108E+04 -0.10876667748568E+04 -0.13860925900258E+04  0.38667213622383E+03 -0.72272657020770E+02 -0.22089483177094E+03 -0.73190957616416E+05  0.23216320582977E+05  0.15774905556296E+04 -0.46794716450303E+03 -0.27049220131553E+04 -0.17224783834907E+03 -0.31027627820103E+01 -0.15664552471138E+04  0.16438155622535E+03 -0.13607164724956E+04 -0.69943845904621E+03  0.00000000000000E+00  0.00000000000000E+00  0.00000000000000E+00  0.00000000000000E+00  0.00000000000000E+00  0.00000000000000E+00  0.00000000000000E+00  0.00000000000000E+00  0.00000000000000E+00  0.00000000000000E+00  0.15085449651926E+05  0.00000000000000E+00  0.00000000000000E+00  0.00000000000000E+00  0.00000000000000E+00  0.00000000000000E+00  0.00000000000000E+00  0.00000000000000E+00  0.00000000000000E+00  0.00000000000000E+00  0.00000000000000E+00
  -0.46035129602866E+05  0.13158081691292E+05 -0.24587288520172E+04 -0.23922436303240E+04  0.64998488759099E+03 -0.15121227570896E+03 -0.36934419001417E+03 -0.16311935213021E+06  0.51827027270985E+05  0.34375490694983E+04 -0.10436641859843E+04 -0.94198616847382E+02 -0.25669104224218E+02 -0.11520619518978E-04 -0.30138718026685E+04  0.31530696481188E+03 -0.26321364258632E+04 -0.13543905413766E+04 -0.32164732797762E+01 -0.29093976963409E+04  0.00000000000000E+00  0.00000000000000E+00  0.00000000000000E+00  0.00000000000000E+00  0.00000000000000E+00  0.00000000000000E+00  0.00000000000000E+00  0.00000000000000E+00  0.00000000000000E+00  0.32127201473405E+05  0.00000000000000E+00  0.00000000000000E+00  0.00000000000000E+00  0.00000000000000E+00  0.00000000000000E+00  0.00000000000000E+00  0.00000000000000E+00  0.00000000000000E+00  0.00000000000000E+00
  -0.30469738884267E+04  0.41819017899991E+03 -0.12579308199325E+03 -0.70852237620788E+02  0.95674053594696E+01 -0.20573324605739E+02 -0.14194755742368E+02 -0.12926208149988E+04  0.16658041314046E+03  0.42683851955362E+02 -0.11440731882493E+02 -0.88355830973533E+02 -0.72965142362551E+01 -0.12952736047954E+00 -0.72404356666197E+03  0.80772305469067E+02 -0.63757305000321E+03 -0.35548827804182E+03  0.00000000000000E+00  0.00000000000000E+00  0.00000000000000E+00  0.00000000000000E+00  0.00000000000000E+00  0.00000000000000E+00  0.00000000000000E+00  0.00000000000000E+00  0.00000000000000E+00  0.00000000000000E+00  0.00000000000000E+00  0.00000000000000E+00  0.37864544940605E+04  0.00000000000000E+00  0.00000000000000E+00  0.00000000000000E+00  0.00000000000000E+00  0.00000000000000E+00  0.00000000000000E+00  0.00000000000000E+00  0.00000000000000E+00
  -0.19626718704872E+06  0.62942858684805E+05 -0.10738089543600E+05 -0.11161644193876E+05  0.34406814034792E+04 -0.23052708789366E+03 -0.14791118150733E+04 -0.65736025377033E+04  0.70540635768260E+03  0.66914769753998E+03 -0.60633533607173E+02 -0.38673595487023E+00 -0.28158064930424E+00  0.32667313649740E-13  0.27203020090307E+03 -0.72566141486467E+02  0.86637338945316E+02  0.12257319761195E+03  0.00000000000000E+00  0.00000000000000E+00  0.23126043975271E+04  0.33578000039629E+04  0.16176177581835E+05  0.00000000000000E+00  0.00000000000000E+00  0.00000000000000E+00  0.00000000000000E+00  0.00000000000000E+00  0.00000000000000E+00  0.00000000000000E+00  0.00000000000000E+00  0.10510580156336E+06  0.00000000000000E+00  0.00000000000000E+00  0.00000000000000E+00  0.00000000000000E+00  0.00000000000000E+00  0.00000000000000E+00  0.00000000000000E+00
  -0.21854700283731E+06  0.69739427653863E+05 -0.11940018870503E+05 -0.50227624125662E+05  0.15282811802255E+05 -0.12461909655617E+04 -0.67591950807122E+04 -0.12880042107409E+05  0.14198850683055E+04  0.12698592377142E+04 -0.11855941934630E+03 -0.18508640854065E-10  0.47965776361943E-11 -0.41909896358923E-13  0.49031351607020E+03 -0.12926140573062E+03  0.17050203751884E+03  0.22865985040679E+03  0.16832456948493E+03  0.13383333966967E+04  0.28877286856119E+04  0.40841144698559E+04  0.20515548303754E+05  0.00000000000000E+00  0.00000000000000E+00  0.00000000000000E+00  0.00000000000000E+00  0.00000000000000E+00  0.00000000000000E+00  0.00000000000000E+00  0.00000000000000E+00  0.00000000000000E+00  0.13944643886702E+06  0.00000000000000E+00  0.00000000000000E+00  0.00000000000000E+00  0.00000000000000E+00  0.00000000000000E+00  0.00000000000000E+00
  -0.87260405994206E+04  0.23608170153915E+04 -0.45421363723398E+03 -0.23703988880714E+04  0.52554426709367E+03 -0.36347898046584E+03 -0.42897134709797E+03  0.91171005584471E+02 -0.12250139528108E+04  0.13972984912580E+03 -0.16552114312167E+02 -0.19769509251597E+01 -0.21652866861628E+00 -0.15650684103334E-02 -0.29064059751613E+04  0.44876982403863E+03 -0.27724345744716E+04 -0.18079887424982E+04  0.00000000000000E+00  0.00000000000000E+00  0.00000000000000E+00  0.00000000000000E+00  0.00000000000000E+00  0.00000000000000E+00  0.00000000000000E+00  0.00000000000000E+00  0.00000000000000E+00  0.00000000000000E+00  0.00000000000000E+00  0.00000000000000E+00  0.00000000000000E+00  0.00000000000000E+00  0.00000000000000E+00  0.82399899219277E+04  0.00000000000000E+00  0.00000000000000E+00  0.00000000000000E+00  0.00000000000000E+00  0.00000000000000E+00
  -0.30928192660119E+04  0.75066873767116E+03 -0.15780717363027E+03 -0.93414764118785E+03  0.19185054422875E+03 -0.16832479450723E+03 -0.17592687768046E+03  0.17807175587408E+03 -0.67943389513926E+03  0.61827390553588E+02 -0.77618255805818E+01 -0.84109334564616E+00 -0.83042769648286E-01 -0.85853907958534E-03 -0.15351423249048E+04  0.22035292377020E+03 -0.14864869293786E+04 -0.93011559683216E+03  0.00000000000000E+00  0.00000000000000E+00  0.00000000000000E+00  0.00000000000000E+00  0.00000000000000E+00  0.00000000000000E+00  0.00000000000000E+00  0.00000000000000E+00  0.00000000000000E+00  0.00000000000000E+00  0.00000000000000E+00  0.00000000000000E+00  0.00000000000000E+00  0.00000000000000E+00  0.00000000000000E+00  0.00000000000000E+00  0.42229091925574E+04  0.00000000000000E+00  0.00000000000000E+00  0.00000000000000E+00  0.00000000000000E+00
  -0.14925529137115E+05 -0.23023366109779E+04  0.76173829621153E+02 -0.10040906643973E+05  0.31805432932361E+03 -0.31268600919145E+04 -0.13092094337119E+04 -0.26124407943308E+06  0.11099892764802E+06  0.31093901376276E+04 -0.11989323039121E+04  0.31420177010698E+03  0.32522290184275E+02 -0.15835175469841E+01 -0.22958204301786E+04 -0.31884443431152E+03  0.14878787649550E+04  0.15731239456243E+04  0.00000000000000E+00  0.00000000000000E+00  0.00000000000000E+00  0.00000000000000E+00  0.00000000000000E+00  0.00000000000000E+00  0.00000000000000E+00  0.00000000000000E+00  0.00000000000000E+00  0.00000000000000E+00  0.00000000000000E+00  0.00000000000000E+00  0.00000000000000E+00  0.00000000000000E+00  0.00000000000000E+00  0.00000000000000E+00  0.00000000000000E+00  0.12468518569126E+06  0.00000000000000E+00  0.00000000000000E+00  0.00000000000000E+00
   0.16524049830651E+05 -0.22650367427371E+04  0.77819664903016E+03 -0.15549487820027E+05  0.25350642047131E+04 -0.37924320732069E+04 -0.33781518309136E+04 -0.92913811559962E+04  0.17076721492365E+04  0.47567259876249E+03 -0.78745106254565E+02  0.38267655480525E+03  0.87593250665746E+02  0.31195020288217E-04  0.18569889497106E+03 -0.33218378243325E+02  0.23716489143156E+03  0.16610212168325E+03  0.50812492786248E+02  0.11667634018941E+04 -0.25572708287075E+02 -0.40518802286573E+02 -0.82396251510112E+02  0.00000000000000E+00  0.00000000000000E+00  0.00000000000000E+00  0.00000000000000E+00  0.00000000000000E+00  0.00000000000000E+00  0.00000000000000E+00  0.00000000000000E+00  0.00000000000000E+00  0.00000000000000E+00  0.00000000000000E+00  0.00000000000000E+00  0.00000000000000E+00  0.38751901900214E+05  0.00000000000000E+00  0.00000000000000E+00
  -0.70189806924569E+05  0.85144047287900E+04 -0.27185458575618E+04 -0.72480360737824E+04  0.86847801459305E+03 -0.19951573397261E+04 -0.12328125700786E+04 -0.13599517100238E+06  0.43764167386575E+05  0.28001063566599E+04 -0.86619369572095E+03 -0.30367336354384E+04 -0.22200549035077E+03 -0.28512730274212E+01 -0.89552281310543E+03  0.25284877992296E+03 -0.17642262643563E+04 -0.12273685063778E+04  0.00000000000000E+00  0.00000000000000E+00 -0.34134615706911E+03 -0.19710281073080E+04  0.15448479140057E+04  0.00000000000000E+00  0.00000000000000E+00  0.00000000000000E+00  0.00000000000000E+00  0.00000000000000E+00  0.00000000000000E+00  0.00000000000000E+00  0.00000000000000E+00  0.00000000000000E+00  0.00000000000000E+00  0.00000000000000E+00  0.00000000000000E+00  0.00000000000000E+00  0.00000000000000E+00  0.95258393092266E+05  0.00000000000000E+00
  -0.55005205203280E+05  0.71047414345852E+04 -0.21928041060037E+04 -0.21399007501446E+05  0.26712829612317E+04 -0.57502182262795E+04 -0.36700946072116E+04 -0.17130503521294E+06  0.54548930974997E+05  0.36157772000839E+04 -0.11006471481832E+04 -0.15036006671060E-09  0.11484746248033E-11  0.12258551500455E-11 -0.10172240858480E+04  0.28543295920288E+03 -0.19748485610893E+04 -0.13743061945250E+04 -0.73122461283239E+02 -0.58902899062188E+04 -0.35648749271120E+03 -0.20457071797937E+04  0.15793714125898E+04  0.00000000000000E+00  0.00000000000000E+00  0.00000000000000E+00  0.00000000000000E+00  0.00000000000000E+00  0.00000000000000E+00  0.00000000000000E+00  0.00000000000000E+00  0.00000000000000E+00  0.00000000000000E+00  0.00000000000000E+00  0.00000000000000E+00  0.00000000000000E+00  0.00000000000000E+00  0.00000000000000E+00  0.10052904270501E+06

 # Covariance matrix (Bevington epsilon)
   0.56706090289829E-03 -0.19898834536332E-03 -0.11649539612689E-01  0.39065774543408E-03  0.26476294715774E-03  0.11619244453714E-03 -0.17963589676650E-02  0.68297504082194E-04  0.45003681695999E-04 -0.24855310311649E-02 -0.21245797322091E-01 -0.26829419483163E-03 -0.82862325460470E-02 -0.13148899157805E-02  0.14615939429938E-03  0.41859620008341E-03 -0.43398071353529E-04 -0.31056790912558E-03  0.19967618727807E-02  0.92962519550947E-04  0.66782147852640E-03 -0.68595633414644E-03  0.96559154941311E-05  0.25020706497424E-04  0.32092793593682E-04  0.13569051148153E-04  0.19052477649548E-04  0.29165810422267E-04 -0.27854340395089E-03 -0.14977999240872E-03  0.37253091910913E-04  0.92348263442255E-05  0.28812900468810E-04 -0.26401838352513E-04 -0.31374701710045E-04  0.57904414655095E-04 -0.65881592394865E-05  0.21948193699766E-04  0.26512511122283E-04
  -0.19898834536332E-03  0.19693991435929E-03  0.49644732666690E-02 -0.59510558452281E-04  0.96145082105160E-04  0.58267034494177E-04  0.36300684602885E-03 -0.20164905639524E-04 -0.13803355948393E-04  0.12676064695700E-02  0.74751908108037E-02  0.28298384584110E-03  0.19665830895586E-02  0.29918234357662E-01 -0.27831482223587E-04  0.20157263490654E-02  0.22272545670185E-03  0.12812338298005E-03 -0.29335449433748E-02  0.89355763109936E-05 -0.21820551142524E-02  0.73546510844587E-03  0.11657046788147E-03  0.81521643010807E-05 -0.29715111083569E-05  0.35766758145555E-05  0.63875177527142E-05 -0.20669388385551E-05  0.11332522406275E-03  0.43476094866387E-04 -0.19802562463886E-05  0.16232919280081E-04  0.53933537850019E-05 -0.20007580594065E-04 -0.10080630962474E-04 -0.13153870270874E-04 -0.48875568908326E-05  0.64051009640268E-05  0.14185872625477E-06
