 Correlated errors added in quadrature with statistical errors
 jl00106F2p DIS data with   1.69< Q2 < 0.500D+03 and 0.000 < xB < 1.000 and   3.00< W2 < 0.100D+04 and 0.000 < y < 1.000
   GP TMC applied
   HT corrections, multiplicative C=C(xB)
 Correlated errors added in quadrature with statistical errors
 jl00106F2d DIS data with   1.69< Q2 < 0.500D+03 and 0.000 < xB < 1.000 and   3.00< W2 < 0.100D+04 and 0.000 < y < 1.000
   WBArel smearing  (AV18) - KP-like (free x1)0 nuke corrections
   GP TMC applied
   HT corrections, multiplicative C=C(xB)
 Correlated errors added in quadrature with statistical errors
 HerF2pCut  DIS data with   1.69< Q2 < 0.500D+03 and 0.000 < xB < 1.000 and   3.00< W2 < 0.100D+04 and 0.000 < y < 1.000
   GP TMC applied
   HT corrections, multiplicative C=C(xB)
 Correlated errors added in quadrature with statistical errors
 HerF2dCut  DIS data with   1.69< Q2 < 0.500D+03 and 0.000 < xB < 1.000 and   3.00< W2 < 0.100D+04 and 0.000 < y < 1.000
   WBArel smearing  (AV18) - KP-like (free x1)0 nuke corrections
   GP TMC applied
   HT corrections, multiplicative C=C(xB)
 Correlated errors added in quadrature with statistical errors
 slac_p     DIS data with   1.69< Q2 < 0.500D+03 and 0.000 < xB < 1.000 and   3.00< W2 < 0.100D+04 and 0.000 < y < 1.000
   GP TMC applied
   HT corrections, multiplicative C=C(xB)
 Correlated errors added in quadrature with statistical errors
 slac_d     DIS data with   1.69< Q2 < 0.500D+03 and 0.000 < xB < 1.000 and   3.00< W2 < 0.100D+04 and 0.000 < y < 1.000
   WBArel smearing  (AV18) - KP-like (free x1)0 nuke corrections
   GP TMC applied
   HT corrections, multiplicative C=C(xB)
 Correlated errors treated separately from statistical errors
 BcdF2pCor  DIS data with   1.69< Q2 < 0.500D+03 and 0.000 < xB < 1.000 and   3.00< W2 < 0.100D+04 and 0.000 < y < 1.000
   GP TMC applied
   HT corrections, multiplicative C=C(xB)
 Correlated errors treated separately from statistical errors
 BcdF2dCor  DIS data with   1.69< Q2 < 0.500D+03 and 0.000 < xB < 1.000 and   3.00< W2 < 0.100D+04 and 0.000 < y < 1.000
   WBArel smearing  (AV18) - KP-like (free x1)0 nuke corrections
   GP TMC applied
   HT corrections, multiplicative C=C(xB)
 Correlated errors treated separately from statistical errors
 NmcF2pCor  DIS data with   1.69< Q2 < 0.500D+03 and 0.000 < xB < 1.000 and   3.00< W2 < 0.100D+04 and 0.000 < y < 1.000
   GP TMC applied
   HT corrections, multiplicative C=C(xB)
 Correlated errors treated separately from statistical errors
 NmcRatCor  DIS data with   1.69< Q2 < 0.500D+03 and 0.000 < xB < 1.000 and   3.00< W2 < 0.100D+04 and 0.000 < y < 1.000
   WBArel smearing  (AV18) - KP-like (free x1)0 nuke corrections
   GP TMC applied
   HT corrections, multiplicative C=C(xB)
 Correlated errors treated separately from statistical errors
 H2_NC_em   DIS data with   1.69< Q2 < 0.100D+06 and 0.000 < xB < 1.000 and   3.00< W2 < 0.100D+08 and 0.000 < y < 1.000
   GP TMC applied
   HT corrections, multiplicative C=C(xB)
 Correlated errors treated separately from statistical errors
 H2_NC_ep_1 DIS data with   1.69< Q2 < 0.100D+06 and 0.000 < xB < 1.000 and   3.00< W2 < 0.100D+08 and 0.000 < y < 1.000
   GP TMC applied
   HT corrections, multiplicative C=C(xB)
 Correlated errors treated separately from statistical errors
 H2_NC_ep_2 DIS data with   1.69< Q2 < 0.100D+06 and 0.000 < xB < 1.000 and   3.00< W2 < 0.100D+08 and 0.000 < y < 1.000
   GP TMC applied
   HT corrections, multiplicative C=C(xB)
 Correlated errors treated separately from statistical errors
 H2_NC_ep_3 DIS data with   1.69< Q2 < 0.100D+06 and 0.000 < xB < 1.000 and   3.00< W2 < 0.100D+08 and 0.000 < y < 1.000
   GP TMC applied
   HT corrections, multiplicative C=C(xB)
 Correlated errors treated separately from statistical errors
 H2_NC_ep_4 DIS data with   1.69< Q2 < 0.100D+06 and 0.000 < xB < 1.000 and   3.00< W2 < 0.100D+08 and 0.000 < y < 1.000
   GP TMC applied
   HT corrections, multiplicative C=C(xB)
 Correlated errors treated separately from statistical errors
 H2_CC_em   DIS data with   1.69< Q2 < 0.100D+06 and 0.000 < xB < 1.000 and   3.00< W2 < 0.100D+08 and 0.000 < y < 1.000
   GP TMC applied
   HT corrections, multiplicative C=C(xB)
 Correlated errors treated separately from statistical errors
 H2_CC_ep   DIS data with   1.69< Q2 < 0.100D+06 and 0.000 < xB < 1.000 and   3.00< W2 < 0.100D+08 and 0.000 < y < 1.000
   GP TMC applied
   HT corrections, multiplicative C=C(xB)
 Correlated errors added in quadrature with statistical errors
 BNS_F2nd   DIS data with   1.69< Q2 < 0.100D+06 and 0.000 < xB < 1.000 and   3.00< W2 < 0.100D+08 and 0.000 < y < 1.000
   WBArel smearing  (AV18) - KP-like (free x1)0 nuke corrections
   GP TMC applied
   HT corrections, multiplicative C=C(xB)
 Correlated errors added in quadrature with statistical errors
 e866pp06xf vector boson data with Q2 >=  36.00
 Correlated errors added in quadrature with statistical errors
 e866pd06xf vector boson data with Q2 >=  36.00
 Correlated errors added in quadrature with statistical errors
 cdfLasy05  vector boson data with Q2 >=   0.00
 Correlated errors added in quadrature with statistical errors
 d0Lasy_e15 vector boson data with Q2 >=   0.00
 Correlated errors added in quadrature with statistical errors
 d0Lasy13   vector boson data with Q2 >=   0.00
 Correlated errors added in quadrature with statistical errors
 CDF_Wasy   vector boson data with Q2 >=   0.00
 Correlated errors added in quadrature with statistical errors
 D0_Wasy    vector boson data with Q2 >=   0.00
 Correlated errors added in quadrature with statistical errors
 CDF_Z      vector boson data with Q2 >=   0.00
 Correlated errors added in quadrature with statistical errors
 D0_Z       vector boson data with Q2 >=   0.00
 Correlated errors added in quadrature with statistical errors
 d0run2coneJet data - errors added in quadrature
 Correlated errors added in quadrature with statistical errors
 CDFrun2jetJet data - errors added in quadrature
 Correlated errors added in quadrature with statistical errors
 d0_gamjet1 Photon data -- cuts to be written yet ...
 Correlated errors added in quadrature with statistical errors
 d0_gamjet2 Photon data -- cuts to be written yet ...
 Correlated errors added in quadrature with statistical errors
 d0_gamjet3 Photon data -- cuts to be written yet ...
 Correlated errors added in quadrature with statistical errors
 d0_gamjet4 Photon data -- cuts to be written yet ...

# fitpack15: fit output
# CJ15 AV18 final data choices                                                 

Parametrization   7 used here

 S-ACOT scheme used  for NC DIS

 charm mass =     1.30 GeV     bottom mass =     4.50 GeV



 THIS IS A NEXT TO LEADING ORDER FIT

 Q02=    1.69
         1  LAMBDA      VALUE=   0.22680      WEIGHT=    0.0000    
         2  a0uv        VALUE=    2.4169      WEIGHT=    0.0000    
         3  a1uv        VALUE=   0.61635      WEIGHT=   0.20395E-01
         4  a2uv        VALUE=    3.5428      WEIGHT=   0.12297E-01
         5  a3uv        VALUE=    0.0000      WEIGHT=    0.0000    
         6  a4uv        VALUE=    3.4395      WEIGHT=   0.43683    
         7  a5uv        VALUE=    0.0000      WEIGHT=    0.0000    
         8  a0dv        VALUE=    24.767      WEIGHT=    0.0000    
         9  a1dv        VALUE=    1.1585      WEIGHT=   0.33842E-01
        10  a2dv        VALUE=    6.5538      WEIGHT=   0.15967    
        11  a3dv        VALUE=   -3.5001      WEIGHT=   0.87255E-01
        12  a4dv        VALUE=    4.6830      WEIGHT=   0.14394    
        13  a5dv        VALUE=    0.0000      WEIGHT=    0.0000    
        14  a0ud        VALUE=   0.14662      WEIGHT=   0.50263E-02
        15  a1ud        VALUE=  -0.20771      WEIGHT=   0.37519E-02
        16  a2ud        VALUE=    8.3632      WEIGHT=   0.18523    
        17  a3ud        VALUE=    0.0000      WEIGHT=    0.0000    
        18  a4ud        VALUE=    14.678      WEIGHT=    1.2107    
        19  a5ud        VALUE=    0.0000      WEIGHT=    0.0000    
        20  a0du        VALUE=    35712.      WEIGHT=    0.0000    
        21  a1du        VALUE=    4.0198      WEIGHT=   0.71322E-01
        22  a2du        VALUE=    20.251      WEIGHT=   0.86082    
        23  a3du        VALUE=    17.000      WEIGHT=    0.0000    
        24  a4du        VALUE=    50.601      WEIGHT=    9.0827    
        25  a0g         VALUE=    45.504      WEIGHT=    0.0000    
        26  a1g         VALUE=   0.60182      WEIGHT=   0.31731E-01
        27  a2g         VALUE=    6.4148      WEIGHT=    1.0043    
        28  a3g         VALUE=   -3.3037      WEIGHT=   0.13891    
        29  a4g         VALUE=    3.1575      WEIGHT=   0.30059    
        30  a5g         VALUE=    0.0000      WEIGHT=    0.0000    
        31  kappa       VALUE=   0.40000      WEIGHT=    0.0000    
        32  a6dv        VALUE=    0.0000      WEIGHT=    0.0000    
        33  a7dv        VALUE=    0.0000      WEIGHT=    0.0000    
        34  off1        VALUE=    8.1000      WEIGHT=    1.4769    
        35  off2        VALUE=   0.44800      WEIGHT=    0.0000    
        36  off3        VALUE=   0.50000E-01  WEIGHT=   0.10000    
        37  ht1         VALUE=   -3.2479      WEIGHT=   0.26672    
        38  ht2         VALUE=    1.9154      WEIGHT=   0.10687    
        39  ht3         VALUE=   -2.0748      WEIGHT=   0.22824E-01
        40  ht4         VALUE=    0.0000      WEIGHT=    0.0000    
        41  dummy41     VALUE=    0.0000      WEIGHT=    0.0000    
        42  dummy42     VALUE=    0.0000      WEIGHT=    0.0000    
        43  dummy43     VALUE=    0.0000      WEIGHT=    0.0000    
        44  dummy44     VALUE=    0.0000      WEIGHT=    0.0000    
        45  dummy45     VALUE=    0.0000      WEIGHT=    0.0000    
        46  dummy46     VALUE=    0.0000      WEIGHT=    0.0000    
        47  dummy47     VALUE=    0.0000      WEIGHT=    0.0000    
        48  dummy48     VALUE=    0.0000      WEIGHT=    0.0000    
        49  dummy49     VALUE=    0.0000      WEIGHT=    0.0000    
        50  bcdmsh2     VALUE=   0.97285      WEIGHT=   0.48427E-02
        51  bcdmsd2     VALUE=   0.99317      WEIGHT=   0.57972E-02
        52  ccfr        VALUE=    1.0000      WEIGHT=    0.0000    
        53  nutev       VALUE=    1.0000      WEIGHT=    0.0000    
        54  zeus        VALUE=   0.97998      WEIGHT=    0.0000    
        55  h1          VALUE=    1.0162      WEIGHT=    0.0000    
        56  e605        VALUE=    1.0319      WEIGHT=    0.0000    
        57  NmcH2       VALUE=    1.0095      WEIGHT=   0.71200E-02
        58  ntv_nu      VALUE=    1.0000      WEIGHT=    0.0000    
        59  ntv_nubar   VALUE=    1.0000      WEIGHT=    0.0000    
        60  cdf_jet     VALUE=   0.98910      WEIGHT=    0.0000    
        61  d0_jet      VALUE=   0.83504      WEIGHT=    0.0000    
        62  slac_p      VALUE=    1.0048      WEIGHT=   0.48232E-02
        63  slac_d      VALUE=    1.0042      WEIGHT=   0.52625E-02
        64  e866pp      VALUE=   0.96438      WEIGHT=   0.19188E-01
        65  e866pd      VALUE=   0.96857      WEIGHT=   0.16516E-01
        66  d0_gamjet   VALUE=    1.0391      WEIGHT=   0.16482E-01
        67  h1b         VALUE=   0.97608      WEIGHT=    0.0000    
        68  jlab_p      VALUE=   0.99439      WEIGHT=   0.57989E-02
        69  jlab_d      VALUE=   0.97560      WEIGHT=   0.58777E-02
        70  blank       VALUE=    1.0000      WEIGHT=    0.0000    
        71  d0run2      VALUE=   0.94153      WEIGHT=   0.14203E-01
        72  cdfrun2     VALUE=   0.92693      WEIGHT=   0.17236E-01
        73  HERA_el     VALUE=    1.0000      WEIGHT=    0.0000    
        74  HERA_ps     VALUE=    1.0000      WEIGHT=    0.0000    
        75  CDF_Z       VALUE=   0.96573      WEIGHT=   0.64152E-02
        76  NmcRat      VALUE=    1.0000      WEIGHT=    0.0000    
        77  BNS_F2nd    VALUE=   0.98244      WEIGHT=   0.67043E-02
        78  HERMES_F2p  VALUE=   0.99812      WEIGHT=   0.55759E-02
        79  HERMES_F2d  VALUE=   0.98034      WEIGHT=   0.58160E-02
0THE TOLERANCE IS    0.5000
 THE MAXIMUM NUMBER OF STEPS IS 100
0THE INITIAL CHI SQUARED IS  6.17987E+03
0  STEP  CHI SQUARED    PARAMETER      VALUE         ERROR
 ------------------------------------------------------------
     1    4.75514E+03
                       1  LAMBDA     2.2680E-01       FIX 
                       2  a0uv       2.3813E+00       FIX 
                       3  a1uv       6.1148E-01           
                       4  a2uv       3.5274E+00           
                       5  a3uv       0.0000E+00       FIX 
                       6  a4uv       3.4289E+00           
                       7  a5uv       0.0000E+00       FIX 
                       8  a0dv       1.9760E+01       FIX 
                       9  a1dv       1.1087E+00           
                      10  a2dv       6.1186E+00           
                      11  a3dv      -3.3819E+00           
                      12  a4dv       4.4825E+00           
                      13  a5dv       0.0000E+00       FIX 
                      14  a0ud       1.4543E-01           
                      15  a1ud      -2.0848E-01           
                      16  a2ud       8.0975E+00           
                      17  a3ud       0.0000E+00       FIX 
                      18  a4ud       1.4111E+01           
                      19  a5ud       0.0000E+00       FIX 
                      20  a0du       3.5712E+04       FIX 
                      21  a1du       4.0443E+00           
                      22  a2du       1.9561E+01           
                      23  a3du       1.7000E+01       FIX 
                      24  a4du       5.7022E+01           
                      25  a0g        4.5172E+01       FIX 
                      26  a1g        6.0237E-01           
                      27  a2g        6.5337E+00           
                      28  a3g       -3.3083E+00           
                      29  a4g        3.2006E+00           
                      30  a5g        0.0000E+00       FIX 
                      31  kappa      4.0000E-01       FIX 
                      32  a6dv       0.0000E+00       FIX 
                      33  a7dv       0.0000E+00       FIX 
                      34  off1      -4.6184E+00           
                      35  off2       4.4800E-01       FIX 
                      36  off3       3.2632E-02           
                      37  ht1       -3.5101E+00           
                      38  ht2        2.0459E+00           
                      39  ht3       -2.0845E+00           
                      40  ht4        0.0000E+00       FIX 
                      41  dummy41    0.0000E+00       FIX 
                      42  dummy42    0.0000E+00       FIX 
                      43  dummy43    0.0000E+00       FIX 
                      44  dummy44    0.0000E+00       FIX 
                      45  dummy45    0.0000E+00       FIX 
                      46  dummy46    0.0000E+00       FIX 
                      47  dummy47    0.0000E+00       FIX 
                      48  dummy48    0.0000E+00       FIX 
                      49  dummy49    0.0000E+00       FIX 
                      50  bcdmsh2    9.7176E-01           
                      51  bcdmsd2    9.8871E-01           
                      52  ccfr       1.0000E+00       FIX 
                      53  nutev      1.0000E+00       FIX 
                      54  zeus       9.7998E-01       FIX 
                      55  h1         1.0162E+00       FIX 
                      56  e605       1.0319E+00       FIX 
                      57  NmcH2      1.0082E+00           
                      58  ntv_nu     1.0000E+00       FIX 
                      59  ntv_nuba   1.0000E+00       FIX 
                      60  cdf_jet    9.8910E-01       FIX 
                      61  d0_jet     8.3504E-01       FIX 
                      62  slac_p     1.0060E+00           
                      63  slac_d     1.0016E+00           
                      64  e866pp     9.6749E-01           
                      65  e866pd     9.6703E-01           
                      66  d0_gamje   1.0377E+00           
                      67  h1b        9.7608E-01       FIX 
                      68  jlab_p     9.9752E-01           
                      69  jlab_d     9.7605E-01           
                      70  blank      1.0000E+00       FIX 
                      71  d0run2     9.4180E-01           
                      72  cdfrun2    9.2867E-01           
                      73  HERA_el    1.0000E+00       FIX 
                      74  HERA_ps    1.0000E+00       FIX 
                      75  CDF_Z      9.6295E-01           
                      76  NmcRat     1.0000E+00       FIX 
                      77  BNS_F2nd   9.9044E-01           
                      78  HERMES_F   9.9808E-01           
                      79  HERMES_F   9.7810E-01           
 ------------------------------------------------------------
     2    4.72531E+03
                       1  LAMBDA     2.2680E-01       FIX 
                       2  a0uv       2.3132E+00       FIX 
                       3  a1uv       6.0421E-01           
                       4  a2uv       3.5290E+00           
                       5  a3uv       0.0000E+00       FIX 
                       6  a4uv       3.5507E+00           
                       7  a5uv       0.0000E+00       FIX 
                       8  a0dv       1.7925E+01       FIX 
                       9  a1dv       1.0873E+00           
                      10  a2dv       6.0443E+00           
                      11  a3dv      -3.3184E+00           
                      12  a4dv       4.4307E+00           
                      13  a5dv       0.0000E+00       FIX 
                      14  a0ud       1.4573E-01           
                      15  a1ud      -2.0817E-01           
                      16  a2ud       8.0870E+00           
                      17  a3ud       0.0000E+00       FIX 
                      18  a4ud       1.3881E+01           
                      19  a5ud       0.0000E+00       FIX 
                      20  a0du       3.5712E+04       FIX 
                      21  a1du       4.0505E+00           
                      22  a2du       1.9806E+01           
                      23  a3du       1.7000E+01       FIX 
                      24  a4du       5.6061E+01           
                      25  a0g        4.4267E+01       FIX 
                      26  a1g        5.9840E-01           
                      27  a2g        6.4372E+00           
                      28  a3g       -3.3138E+00           
                      29  a4g        3.2147E+00           
                      30  a5g        0.0000E+00       FIX 
                      31  kappa      4.0000E-01       FIX 
                      32  a6dv       0.0000E+00       FIX 
                      33  a7dv       0.0000E+00       FIX 
                      34  off1      -3.6645E+00           
                      35  off2       4.4800E-01       FIX 
                      36  off3       8.3900E-02           
                      37  ht1       -3.4233E+00           
                      38  ht2        2.0361E+00           
                      39  ht3       -2.0938E+00           
                      40  ht4        0.0000E+00       FIX 
                      41  dummy41    0.0000E+00       FIX 
                      42  dummy42    0.0000E+00       FIX 
                      43  dummy43    0.0000E+00       FIX 
                      44  dummy44    0.0000E+00       FIX 
                      45  dummy45    0.0000E+00       FIX 
                      46  dummy46    0.0000E+00       FIX 
                      47  dummy47    0.0000E+00       FIX 
                      48  dummy48    0.0000E+00       FIX 
                      49  dummy49    0.0000E+00       FIX 
                      50  bcdmsh2    9.6948E-01           
                      51  bcdmsd2    9.8793E-01           
                      52  ccfr       1.0000E+00       FIX 
                      53  nutev      1.0000E+00       FIX 
                      54  zeus       9.7998E-01       FIX 
                      55  h1         1.0162E+00       FIX 
                      56  e605       1.0319E+00       FIX 
                      57  NmcH2      1.0059E+00           
                      58  ntv_nu     1.0000E+00       FIX 
                      59  ntv_nuba   1.0000E+00       FIX 
                      60  cdf_jet    9.8910E-01       FIX 
                      61  d0_jet     8.3504E-01       FIX 
                      62  slac_p     1.0035E+00           
                      63  slac_d     1.0001E+00           
                      64  e866pp     9.6566E-01           
                      65  e866pd     9.6261E-01           
                      66  d0_gamje   1.0376E+00           
                      67  h1b        9.7608E-01       FIX 
                      68  jlab_p     9.9505E-01           
                      69  jlab_d     9.7513E-01           
                      70  blank      1.0000E+00       FIX 
                      71  d0run2     9.4527E-01           
                      72  cdfrun2    9.3195E-01           
                      73  HERA_el    1.0000E+00       FIX 
                      74  HERA_ps    1.0000E+00       FIX 
                      75  CDF_Z      9.5910E-01           
                      76  NmcRat     1.0000E+00       FIX 
                      77  BNS_F2nd   9.8712E-01           
                      78  HERMES_F   9.9555E-01           
                      79  HERMES_F   9.7630E-01           
 ------------------------------------------------------------
     3    4.72398E+03
                       1  LAMBDA     2.2680E-01       FIX 
                       2  a0uv       2.2814E+00       FIX 
                       3  a1uv       6.0098E-01           
                       4  a2uv       3.5302E+00           
                       5  a3uv       0.0000E+00       FIX 
                       6  a4uv       3.6187E+00           
                       7  a5uv       0.0000E+00       FIX 
                       8  a0dv       1.7740E+01       FIX 
                       9  a1dv       1.0846E+00           
                      10  a2dv       6.0409E+00           
                      11  a3dv      -3.3162E+00           
                      12  a4dv       4.4357E+00           
                      13  a5dv       0.0000E+00       FIX 
                      14  a0ud       1.4535E-01           
                      15  a1ud      -2.0843E-01           
                      16  a2ud       8.1021E+00           
                      17  a3ud       0.0000E+00       FIX 
                      18  a4ud       1.4007E+01           
                      19  a5ud       0.0000E+00       FIX 
                      20  a0du       3.5712E+04       FIX 
                      21  a1du       4.0510E+00           
                      22  a2du       1.9859E+01           
                      23  a3du       1.7000E+01       FIX 
                      24  a4du       5.5719E+01           
                      25  a0g        4.4238E+01       FIX 
                      26  a1g        5.9854E-01           
                      27  a2g        6.4731E+00           
                      28  a3g       -3.3063E+00           
                      29  a4g        3.2091E+00           
                      30  a5g        0.0000E+00       FIX 
                      31  kappa      4.0000E-01       FIX 
                      32  a6dv       0.0000E+00       FIX 
                      33  a7dv       0.0000E+00       FIX 
                      34  off1      -3.5981E+00           
                      35  off2       4.4800E-01       FIX 
                      36  off3       9.6764E-02           
                      37  ht1       -3.4294E+00           
                      38  ht2        2.0425E+00           
                      39  ht3       -2.0941E+00           
                      40  ht4        0.0000E+00       FIX 
                      41  dummy41    0.0000E+00       FIX 
                      42  dummy42    0.0000E+00       FIX 
                      43  dummy43    0.0000E+00       FIX 
                      44  dummy44    0.0000E+00       FIX 
                      45  dummy45    0.0000E+00       FIX 
                      46  dummy46    0.0000E+00       FIX 
                      47  dummy47    0.0000E+00       FIX 
                      48  dummy48    0.0000E+00       FIX 
                      49  dummy49    0.0000E+00       FIX 
                      50  bcdmsh2    9.6919E-01           
                      51  bcdmsd2    9.8768E-01           
                      52  ccfr       1.0000E+00       FIX 
                      53  nutev      1.0000E+00       FIX 
                      54  zeus       9.7998E-01       FIX 
                      55  h1         1.0162E+00       FIX 
                      56  e605       1.0319E+00       FIX 
                      57  NmcH2      1.0056E+00           
                      58  ntv_nu     1.0000E+00       FIX 
                      59  ntv_nuba   1.0000E+00       FIX 
                      60  cdf_jet    9.8910E-01       FIX 
                      61  d0_jet     8.3504E-01       FIX 
                      62  slac_p     1.0033E+00           
                      63  slac_d     9.9989E-01           
                      64  e866pp     9.6702E-01           
                      65  e866pd     9.6339E-01           
                      66  d0_gamje   1.0373E+00           
                      67  h1b        9.7608E-01       FIX 
                      68  jlab_p     9.9480E-01           
                      69  jlab_d     9.7501E-01           
                      70  blank      1.0000E+00       FIX 
                      71  d0run2     9.4567E-01           
                      72  cdfrun2    9.3237E-01           
                      73  HERA_el    1.0000E+00       FIX 
                      74  HERA_ps    1.0000E+00       FIX 
                      75  CDF_Z      9.5858E-01           
                      76  NmcRat     1.0000E+00       FIX 
                      77  BNS_F2nd   9.8685E-01           
                      78  HERMES_F   9.9529E-01           
                      79  HERMES_F   9.7609E-01           
 ------------------------------------------------------------
     4    4.72394E+03
                       1  LAMBDA     2.2680E-01    0.0000E+00
                       2  a0uv       2.2744E+00    0.0000E+00
                       3  a1uv       6.0026E-01    2.0249E-02
                       4  a2uv       3.5305E+00    1.1304E-02
                       5  a3uv       0.0000E+00    0.0000E+00
                       6  a4uv       3.6337E+00    4.5283E-01
                       7  a5uv       0.0000E+00    0.0000E+00
                       8  a0dv       1.7734E+01    0.0000E+00
                       9  a1dv       1.0844E+00    2.9163E-02
                      10  a2dv       6.0413E+00    9.7150E-02
                      11  a3dv      -3.3171E+00    8.0926E-02
                      12  a4dv       4.4375E+00    1.3553E-01
                      13  a5dv       0.0000E+00    0.0000E+00
                      14  a0ud       1.4526E-01    4.9493E-03
                      15  a1ud      -2.0848E-01    3.7255E-03
                      16  a2ud       8.1047E+00    1.8445E-01
                      17  a3ud       0.0000E+00    0.0000E+00
                      18  a4ud       1.4032E+01    1.1942E+00
                      19  a5ud       0.0000E+00    0.0000E+00
                      20  a0du       3.5712E+04    0.0000E+00
                      21  a1du       4.0518E+00    7.9126E-02
                      22  a2du       1.9863E+01    8.4423E-01
                      23  a3du       1.7000E+01    0.0000E+00
                      24  a4du       5.5737E+01    1.2915E+01
                      25  a0g        4.4254E+01    0.0000E+00
                      26  a1g        5.9825E-01    3.1616E-02
                      27  a2g        6.4643E+00    1.0210E+00
                      28  a3g       -3.3096E+00    1.3858E-01
                      29  a4g        3.2129E+00    3.3308E-01
                      30  a5g        0.0000E+00    0.0000E+00
                      31  kappa      4.0000E-01    0.0000E+00
                      32  a6dv       0.0000E+00    0.0000E+00
                      33  a7dv       0.0000E+00    0.0000E+00
                      34  off1      -3.5941E+00    8.5384E-01
                      35  off2       4.4800E-01    0.0000E+00
                      36  off3       9.6777E-02    4.6164E-02
                      37  ht1       -3.4339E+00    2.9751E-01
                      38  ht2        2.0451E+00    1.2094E-01
                      39  ht3       -2.0940E+00    3.0160E-02
                      40  ht4        0.0000E+00    0.0000E+00
                      41  dummy41    0.0000E+00    0.0000E+00
                      42  dummy42    0.0000E+00    0.0000E+00
                      43  dummy43    0.0000E+00    0.0000E+00
                      44  dummy44    0.0000E+00    0.0000E+00
                      45  dummy45    0.0000E+00    0.0000E+00
                      46  dummy46    0.0000E+00    0.0000E+00
                      47  dummy47    0.0000E+00    0.0000E+00
                      48  dummy48    0.0000E+00    0.0000E+00
                      49  dummy49    0.0000E+00    0.0000E+00
                      50  bcdmsh2    9.6914E-01    4.8130E-03
                      51  bcdmsd2    9.8762E-01    5.6301E-03
                      52  ccfr       1.0000E+00    0.0000E+00
                      53  nutev      1.0000E+00    0.0000E+00
                      54  zeus       9.7998E-01    0.0000E+00
                      55  h1         1.0162E+00    0.0000E+00
                      56  e605       1.0319E+00    0.0000E+00
                      57  NmcH2      1.0056E+00    7.0885E-03
                      58  ntv_nu     1.0000E+00    0.0000E+00
                      59  ntv_nuba   1.0000E+00    0.0000E+00
                      60  cdf_jet    9.8910E-01    0.0000E+00
                      61  d0_jet     8.3504E-01    0.0000E+00
                      62  slac_p     1.0032E+00    4.7765E-03
                      63  slac_d     9.9985E-01    5.0581E-03
                      64  e866pp     9.6733E-01    1.9226E-02
                      65  e866pd     9.6351E-01    1.6018E-02
                      66  d0_gamje   1.0372E+00    1.6472E-02
                      67  h1b        9.7608E-01    0.0000E+00
                      68  jlab_p     9.9478E-01    5.7254E-03
                      69  jlab_d     9.7499E-01    5.7096E-03
                      70  blank      1.0000E+00    0.0000E+00
                      71  d0run2     9.4567E-01    1.4550E-02
                      72  cdfrun2    9.3240E-01    1.7440E-02
                      73  HERA_el    1.0000E+00    0.0000E+00
                      74  HERA_ps    1.0000E+00    0.0000E+00
                      75  CDF_Z      9.5846E-01    6.5665E-03
                      76  NmcRat     1.0000E+00    0.0000E+00
                      77  BNS_F2nd   9.8683E-01    6.2919E-03
                      78  HERMES_F   9.9525E-01    5.5851E-03
                      79  HERMES_F   9.7605E-01    5.7267E-03
0 MINIMIZATION TERMINATED WITH STEP  4
  TOLERANCE CRITERION      SATISFIED
0 CHI SQUARED PER DEGREE OF FREEDOM IS  1.049E+00
   1.000 -0.400 -0.981  0.363  0.114  0.091 -0.333  0.450  0.389 -0.313 -0.526 -0.145 -0.212  0.079  0.169  0.099  0.004  0.002 -0.078  0.157  0.128 -0.265  0.046  0.314  0.299  0.164  0.295  0.326 -0.392 -0.237  0.095  0.198  0.259 -0.120 -0.105  0.383  0.010  0.262  0.268
  -0.400  1.000  0.540  0.039  0.075 -0.018  0.049 -0.144 -0.132  0.311  0.253  0.191 -0.038  0.070 -0.022  0.104  0.105  0.004 -0.163 -0.056 -0.613  0.453  0.309  0.103 -0.002  0.015  0.028 -0.002  0.168  0.059 -0.003  0.125  0.129 -0.085 -0.038 -0.051 -0.010  0.057  0.019
  -0.981  0.540  1.000 -0.303 -0.072 -0.094  0.318 -0.428 -0.375  0.363  0.552  0.168  0.205 -0.057 -0.144 -0.049  0.030 -0.004  0.044 -0.158 -0.217  0.319  0.037 -0.203 -0.216 -0.106 -0.178 -0.217  0.449  0.294 -0.083 -0.094 -0.153  0.068  0.067 -0.302 -0.004 -0.159 -0.172
   0.363  0.039 -0.303  1.000  0.787 -0.553 -0.232  0.206  0.154 -0.284 -0.334  0.309 -0.332  0.196  0.329  0.243 -0.178  0.219 -0.174  0.134 -0.351  0.279  0.283  0.283  0.233  0.106  0.319  0.302 -0.020 -0.109  0.057  0.242  0.257 -0.076 -0.062  0.203  0.001  0.291  0.262
   0.114  0.075 -0.072  0.787  1.000 -0.876  0.382 -0.054 -0.072 -0.023  0.017  0.108 -0.174  0.182  0.226  0.203 -0.183  0.220 -0.384 -0.025 -0.340  0.236  0.249  0.178  0.121  0.117  0.177  0.150  0.037  0.026  0.015  0.151  0.103 -0.062 -0.045  0.143  0.155  0.187  0.156
   0.091 -0.018 -0.094 -0.553 -0.876  1.000 -0.631  0.253  0.244 -0.005 -0.199 -0.018  0.128 -0.253 -0.167 -0.226  0.198 -0.269  0.377  0.021  0.317 -0.282 -0.208 -0.049 -0.058 -0.112 -0.059 -0.094 -0.104 -0.148  0.019 -0.037 -0.053  0.022  0.008 -0.035 -0.205 -0.101 -0.113
  -0.333  0.049  0.318 -0.232  0.382 -0.631  1.000 -0.414 -0.368  0.421  0.590 -0.359  0.228 -0.013 -0.092  0.055 -0.006  0.059 -0.318 -0.253 -0.059  0.022  0.044 -0.075 -0.056  0.090 -0.094 -0.056  0.133  0.310 -0.063 -0.065 -0.084 -0.032 -0.013  0.017  0.305 -0.043 -0.013
   0.450 -0.144 -0.428  0.206 -0.054  0.253 -0.414  1.000  0.966 -0.398 -0.768  0.047 -0.124 -0.106 -0.079 -0.033  0.168 -0.128  0.091  0.020 -0.011 -0.048  0.055  0.241  0.213  0.168  0.234  0.230 -0.078 -0.065  0.086  0.171  0.192  0.018  0.010  0.325 -0.026  0.214  0.198
   0.389 -0.132 -0.375  0.154 -0.072  0.244 -0.368  0.966  1.000 -0.350 -0.717  0.034 -0.101 -0.102 -0.189 -0.101  0.203 -0.179  0.092  0.019 -0.000 -0.050  0.030  0.188  0.166  0.143  0.174  0.169 -0.088 -0.079  0.074  0.126  0.141  0.037  0.023  0.258 -0.032  0.161  0.145
  -0.313  0.311  0.363 -0.284 -0.023 -0.005  0.421 -0.398 -0.350  1.000  0.769 -0.385  0.436 -0.285 -0.100 -0.173 -0.128 -0.013  0.131 -0.336  0.097 -0.007 -0.169 -0.081 -0.113  0.006 -0.035 -0.091 -0.011  0.073 -0.040  0.019 -0.063  0.087  0.043 -0.022  0.035 -0.020 -0.032
  -0.526  0.253  0.552 -0.334  0.017 -0.199  0.590 -0.768 -0.717  0.769  1.000 -0.322  0.342 -0.222 -0.065 -0.091 -0.043 -0.050 -0.021 -0.384  0.106 -0.077 -0.087 -0.032 -0.047  0.048  0.021  0.016  0.287  0.422 -0.098  0.048  0.016 -0.072 -0.074  0.044  0.175  0.030  0.053
  -0.145  0.191  0.168  0.309  0.108 -0.018 -0.359  0.047  0.034 -0.385 -0.322  1.000 -0.615  0.426  0.099  0.021 -0.121  0.097 -0.119  0.511 -0.201  0.244  0.055 -0.001  0.023 -0.008  0.032  0.005  0.277 -0.130  0.043  0.049  0.019  0.086  0.065 -0.258 -0.174  0.054 -0.017
  -0.212 -0.038  0.205 -0.332 -0.174  0.128  0.228 -0.124 -0.101  0.436  0.342 -0.615  1.000 -0.095 -0.212 -0.137  0.181 -0.195  0.280 -0.093  0.184 -0.188 -0.096  0.020 -0.046  0.018  0.017 -0.069  0.135  0.145 -0.013  0.023 -0.062 -0.043 -0.038  0.001 -0.149 -0.019 -0.047
   0.079  0.070 -0.057  0.196  0.182 -0.253 -0.013 -0.106 -0.102 -0.285 -0.222  0.426 -0.095  1.000  0.066  0.173 -0.161  0.243 -0.267  0.760 -0.166  0.201  0.060  0.084  0.074  0.129  0.085  0.045  0.142 -0.130  0.080  0.067  0.044  0.070  0.064 -0.293 -0.286  0.091  0.046
   0.169 -0.022 -0.144  0.329  0.226 -0.167 -0.092 -0.079 -0.189 -0.100 -0.065  0.099 -0.212  0.066  1.000  0.700 -0.668  0.806 -0.067  0.028 -0.113  0.180  0.114  0.103  0.101 -0.051  0.154  0.173 -0.084 -0.072  0.035  0.094  0.139 -0.025  0.009  0.084  0.027  0.141  0.148
   0.099  0.104 -0.049  0.243  0.203 -0.226  0.055 -0.033 -0.101 -0.173 -0.091  0.021 -0.137  0.173  0.700  1.000 -0.200  0.737 -0.105  0.070 -0.374  0.423  0.409  0.138  0.145  0.038  0.217  0.269 -0.003  0.044  0.036  0.123  0.213 -0.266 -0.118  0.104  0.072  0.197  0.226
   0.004  0.105  0.030 -0.178 -0.183  0.198 -0.006  0.168  0.203 -0.128 -0.043 -0.121  0.181 -0.161 -0.668 -0.200  1.000 -0.790  0.041 -0.078 -0.147 -0.052  0.315  0.161  0.140  0.166  0.157  0.181  0.226  0.285 -0.019  0.126  0.155 -0.406 -0.288  0.279  0.093  0.107  0.119
   0.002  0.004 -0.004  0.219  0.220 -0.269  0.059 -0.128 -0.179 -0.013 -0.050  0.097 -0.195  0.243  0.806  0.737 -0.790  1.000 -0.075  0.122 -0.150  0.347  0.018 -0.104 -0.075 -0.128 -0.061 -0.048 -0.200 -0.232  0.036 -0.080 -0.050  0.164  0.169 -0.227 -0.048 -0.027 -0.018
  -0.078 -0.163  0.044 -0.174 -0.384  0.377 -0.318  0.091  0.092  0.131 -0.021 -0.119  0.280 -0.267 -0.067 -0.105  0.041 -0.075  1.000 -0.044  0.054 -0.014 -0.091 -0.143 -0.027 -0.116 -0.081 -0.103 -0.061 -0.113 -0.002  0.009 -0.103  0.078  0.055 -0.096 -0.271 -0.121 -0.083
   0.157 -0.056 -0.158  0.134 -0.025  0.021 -0.253  0.020  0.019 -0.336 -0.384  0.511 -0.093  0.760  0.028  0.070 -0.078  0.122 -0.044  1.000 -0.081  0.109 -0.007  0.001  0.089  0.004  0.009  0.006  0.036 -0.252  0.086  0.037 -0.002  0.092  0.077 -0.351 -0.385 -0.013  0.020
   0.128 -0.613 -0.217 -0.351 -0.340  0.317 -0.059 -0.011 -0.000  0.097  0.106 -0.201  0.184 -0.166 -0.113 -0.374 -0.147 -0.150  0.054 -0.081  1.000 -0.824 -0.587 -0.063 -0.051  0.015 -0.058 -0.078  0.001  0.082 -0.018 -0.135 -0.175  0.155  0.062  0.054 -0.012 -0.069 -0.072
  -0.265  0.453  0.319  0.279  0.236 -0.282  0.022 -0.048 -0.050 -0.007 -0.077  0.244 -0.188  0.201  0.180  0.423 -0.052  0.347 -0.014  0.109 -0.824  1.000  0.296 -0.100 -0.085 -0.108  0.038  0.046 -0.060 -0.188  0.019  0.036  0.084  0.011  0.065 -0.263 -0.055  0.018  0.013
   0.046  0.309  0.037  0.283  0.249 -0.208  0.044  0.055  0.030 -0.169 -0.087  0.055 -0.096  0.060  0.114  0.409  0.315  0.018 -0.091 -0.007 -0.587  0.296  1.000  0.235  0.208  0.091  0.063  0.104  0.117  0.139  0.016 -0.033  0.036 -0.317 -0.195  0.204  0.112  0.125  0.141
   0.314  0.103 -0.203  0.283  0.178 -0.049 -0.075  0.241  0.188 -0.081 -0.032 -0.001  0.020  0.084  0.103  0.138  0.161 -0.104 -0.143  0.001 -0.063 -0.100  0.235  1.000  0.533  0.385  0.693  0.683  0.383  0.459  0.058  0.548  0.577 -0.252 -0.215  0.580  0.096  0.601  0.589
   0.299 -0.002 -0.216  0.233  0.121 -0.058 -0.056  0.213  0.166 -0.113 -0.047  0.023 -0.046  0.074  0.101  0.145  0.140 -0.075 -0.027  0.089 -0.051 -0.085  0.208  0.533  1.000  0.342  0.609  0.645  0.332  0.426  0.047  0.489  0.530 -0.220 -0.188  0.511  0.091  0.523  0.563
   0.164  0.015 -0.106  0.106  0.117 -0.112  0.090  0.168  0.143  0.006  0.048 -0.008  0.018  0.129 -0.051  0.038  0.166 -0.128 -0.116  0.004  0.015 -0.108  0.091  0.385  0.342  1.000  0.443  0.447  0.333  0.396  0.032  0.350  0.372 -0.166 -0.144  0.413  0.089  0.420  0.415
   0.295  0.028 -0.178  0.319  0.177 -0.059 -0.094  0.234  0.174 -0.035  0.021  0.032  0.017  0.085  0.154  0.217  0.157 -0.061 -0.081  0.009 -0.058  0.038  0.063  0.693  0.609  0.443  1.000  0.911  0.481  0.557  0.061  0.747  0.774 -0.285 -0.242  0.643  0.093  0.755  0.750
   0.326 -0.002 -0.217  0.302  0.150 -0.094 -0.056  0.230  0.169 -0.091  0.016  0.005 -0.069  0.045  0.173  0.269  0.181 -0.048 -0.103  0.006 -0.078  0.046  0.104  0.683  0.645  0.447  0.911  1.000  0.454  0.597  0.049  0.726  0.813 -0.318 -0.262  0.684  0.169  0.751  0.790
  -0.392  0.168  0.449 -0.020  0.037 -0.104  0.133 -0.078 -0.088 -0.011  0.287  0.277  0.135  0.142 -0.084 -0.003  0.226 -0.200 -0.061  0.036  0.001 -0.060  0.117  0.383  0.332  0.333  0.481  0.454  1.000  0.700 -0.013  0.393  0.374 -0.198 -0.172  0.306  0.052  0.437  0.407
  -0.237  0.059  0.294 -0.109  0.026 -0.148  0.310 -0.065 -0.079  0.073  0.422 -0.130  0.145 -0.130 -0.072  0.044  0.285 -0.232 -0.113 -0.252  0.082 -0.188  0.139  0.459  0.426  0.396  0.557  0.597  0.700  1.000 -0.041  0.438  0.479 -0.290 -0.243  0.574  0.263  0.497  0.548
