# fitpack15: fit parameters                                                                         
# CJ15 AV18 final data choices                                                                      
# Created on 06/15/2019 at 19:11:53                                                                 

 # QCD setup
  INS                           0
  NVL                          11
  IORD                          1
  Q02                   1.6899999999999999     
  IPARAMC                       7
  FLAVOR                4.0000000000000000     
  xmc                   1.3000000000000000     
  xmb                   4.5000000000000000     
  ncb                          12
  ihq                           1
  ias                           0

 # Theory corrections
  inuke                     10914
  itmc                          1
  iht                           1

 # fit parameters
 LAMBDA       0.22680        0.0000    
 a0uv          2.3149        0.0000    
 a1uv         0.60603       0.26388E-01
 a2uv          3.5534       0.15636E-01
 a3uv          0.0000        0.0000    
 a4uv          3.6584       0.61393    
 a5uv          0.0000        0.0000    
 a0dv          27.852        0.0000    
 a1dv          1.1837       0.39740E-01
 a2dv          6.7282       0.22158    
 a3dv         -3.5404       0.95244E-01
 a4dv          4.6643       0.15941    
 a5dv          0.0000        0.0000    
 a0ud         0.14610       0.53612E-02
 a1ud        -0.20810       0.39518E-02
 a2ud          8.4081       0.21828    
 a3ud          0.0000        0.0000    
 a4ud          14.476        1.3880    
 a5ud          0.0000        0.0000    
 a0du          35712.        0.0000    
 a1du          4.0630       0.77553E-01
 a2du          20.414        1.0489    
 a3du          17.000        0.0000    
 a4du          50.216        7.1008    
 a0g           47.965        0.0000    
 a1g          0.61337       0.30636E-01
 a2g           6.1199       0.83221    
 a3g          -3.4099       0.12232    
 a4g           3.3030       0.27664    
 a5g           0.0000        0.0000    
 kappa        0.40000        0.0000    
 a6dv        -0.39525E-02   0.16261E-02
 a7dv          2.0000        0.0000    
 off1         -2.4614        1.2224    
 off2        -0.12051       0.31207    
 off3         0.50000E-01    0.0000    
 ht1          -3.2514       0.27492    
 ht2           1.9079       0.11621    
 ht3          -2.1108       0.29722E-01
 ht4           0.0000        0.0000    
 dummy41       0.0000        0.0000    
 dummy42       0.0000        0.0000    
 dummy43       0.0000        0.0000    
 dummy44       0.0000        0.0000    
 dummy45       0.0000        0.0000    
 dummy46       0.0000        0.0000    
 dummy47       0.0000        0.0000    
 dummy48       0.0000        0.0000    
 dummy49       0.0000        0.0000    
 bcdmsh2      0.96935       0.48661E-02
 bcdmsd2      0.99149       0.58055E-02
 ccfr          1.0000        0.0000    
 nutev         1.0000        0.0000    
 zeus         0.97998        0.0000    
 h1            1.0162        0.0000    
 e605          1.0319        0.0000    
 NmcH2         1.0057       0.71188E-02
 ntv_nu        1.0000        0.0000    
 ntv_nubar     1.0000        0.0000    
 cdf_jet      0.98910        0.0000    
 d0_jet       0.83504        0.0000    
 slac_p        1.0007       0.48876E-02
 slac_d        1.0018       0.53344E-02
 e866pp       0.95713       0.22012E-01
 e866pd       0.94747       0.16938E-01
 d0_gamjet     1.0401       0.16494E-01
 h1b          0.97608        0.0000    
 jlab_p       0.99292       0.58886E-02
 jlab_d       0.97453       0.60098E-02
 blank         1.0000        0.0000    
 d0run2       0.95214       0.14980E-01
 cdfrun2      0.93653       0.17603E-01
 HERA_el       1.0000        0.0000    
 HERA_ps       1.0000        0.0000    
 CDF_Z        0.95939       0.63553E-02
 NmcRat        1.0000        0.0000    
 BNS_F2nd     0.96879       0.82277E-02
 HERMES_F2p   0.99413       0.56139E-02
 HERMES_F2d   0.97775       0.58498E-02
 END 0. 0.

 # Hessian matrix (Bevington alpha)
   0.48739395460787E+07 -0.12962027128997E+07  0.22393233253800E+06  0.59143416145462E+06 -0.13525193006187E+06 -0.10499400936542E+04  0.73597655488003E+05  0.92280076363252E+06 -0.16886617490040E+06 -0.49247967588286E+05  0.76681377810141E+04  0.13523017665258E+05  0.14890749223967E+04 -0.82862897532487E+02  0.12979712093449E+05 -0.29889006569249E+04  0.17319638753952E+05  0.12197464565340E+05 -0.90972315658096E+07 -0.57517405990573E+04  0.10067475140195E+05 -0.20374397588574E+05 -0.99912481495812E+04 -0.22753559966790E+06 -0.12835706878105E+06 -0.54596056650033E+05 -0.45520603205668E+04 -0.85054181492327E+06 -0.11049472594860E+07 -0.20988469181351E+05 -0.47497028257997E+05 -0.30863789239480E+04 -0.20079370638879E+06 -0.22819022510454E+06 -0.88330925553060E+04 -0.31266088852326E+04 -0.15912807963470E+05  0.16745518302757E+05 -0.71711380074634E+05 -0.56695550671406E+05
  -0.12962027128997E+07  0.41666301555500E+06 -0.61315435586402E+05 -0.15163207770914E+06  0.35650450886529E+05  0.81634505224816E+04 -0.13931303022432E+05 -0.12216351647633E+06  0.25671509374780E+05  0.74719030281893E+04 -0.95694064006259E+03 -0.11184837144938E+04 -0.12404543831835E+03  0.10717765183765E+02  0.36808876893751E+03  0.43508563117114E+01 -0.17946710452442E+03 -0.13111627956824E+03  0.30511385441529E+07  0.16675744646320E+04 -0.45989276227806E+04  0.91999163048084E+04  0.98882984908061E+04  0.66966123315365E+05  0.16653766425607E+05  0.83064735064315E+04 -0.23702345097280E+03  0.21120112449194E+06  0.26790373723077E+06  0.58838670357813E+04  0.13489396156227E+05  0.41818645034677E+03  0.63889275636756E+05  0.72227631730287E+05  0.23964993772000E+04  0.76081204939700E+03 -0.23242601369434E+04 -0.22810190384565E+04  0.86253398924569E+04  0.73094432835318E+04
   0.22393233253800E+06 -0.61315435586402E+05  0.10389730766874E+05  0.26720433057575E+05 -0.62700817763232E+04 -0.51329641478034E+03  0.31896898091440E+04  0.31184440802588E+05 -0.55272148672041E+04 -0.19550040177279E+04  0.26376395076963E+03  0.40977306960245E+03  0.52163093127970E+02 -0.38523071284369E+01 -0.19406522654627E+03 -0.36423466315849E+02 -0.11651604978611E+02  0.98050433895510E+02 -0.43215853868338E+06 -0.26775654500879E+03  0.49997096281579E+03 -0.10370138082359E+04 -0.74086952960393E+03 -0.10666109409459E+05 -0.54007762388517E+04 -0.23144505979631E+04  0.45700950337035E+02 -0.37962872730750E+05 -0.49594203760555E+05 -0.98038445759687E+03 -0.22288608817070E+04 -0.11480983860941E+03 -0.95864615944602E+04 -0.10882492295200E+05 -0.40571217315975E+03 -0.14137602982365E+03  0.19710801614623E+02  0.70974883319833E+03 -0.25172159715079E+04 -0.20501413081894E+04
   0.59143416145462E+06 -0.15163207770914E+06  0.26720433057575E+05  0.29611559951414E+06 -0.46244697294675E+05  0.55646591873325E+05  0.49012160783640E+05  0.31047966289378E+06 -0.27159467397441E+05 -0.15933179325959E+05  0.29618667497912E+04 -0.75347900656203E+03 -0.69760891441968E+02  0.35349586027147E+02  0.28065554674791E+05 -0.34200889115602E+04  0.26769652259683E+05  0.15031171684769E+05 -0.19613278628694E+07 -0.15450388278368E+04  0.10788921091746E+04 -0.15545664019804E+04  0.23603113792289E+04 -0.39676581261650E+05 -0.12593666962499E+05 -0.20961192565205E+05 -0.46986310862580E+02 -0.65482381134410E+05 -0.33906507902882E+06 -0.13623266223498E+04 -0.24761112822128E+04 -0.67900370898709E+02 -0.11582872067308E+05 -0.51943748971673E+05 -0.23757664079978E+04 -0.92750254483255E+03 -0.96423659130742E+04 -0.16171384493590E+05 -0.71538679161680E+04 -0.21232512049122E+05
  -0.13525193006187E+06  0.35650450886529E+05 -0.62700817763232E+04 -0.46244697294675E+05  0.85360379279617E+04 -0.55288510035052E+04 -0.70674407237865E+04 -0.28466908158474E+05  0.95178264271849E+03  0.20482234168046E+04 -0.29335135237585E+03 -0.50948780869987E+02 -0.10999364940364E+01 -0.28024361457180E+01 -0.22270895942205E+04  0.26970108930930E+03 -0.20574622777784E+04 -0.11559211478164E+04  0.41540363925139E+06  0.31047750447847E+03 -0.35253703219072E+03  0.56157838957565E+03  0.29396892563744E+03  0.82929918845184E+04  0.19524865083620E+04  0.32986879015670E+04 -0.58475846962657E+02  0.11427209674647E+05  0.60668892164053E+05  0.31362998972973E+03  0.54904167003028E+03  0.85541159097242E+01  0.27624161692529E+04  0.12265396664559E+05  0.43875511058528E+03  0.16396812793777E+03  0.37507369391483E+03  0.25461529523739E+04  0.79723660891207E+03  0.24710685032313E+04
  -0.10499400936542E+04  0.81634505224816E+04 -0.51329641478034E+03  0.55646591873325E+05 -0.55288510035052E+04  0.19362070827827E+05  0.11546993105719E+05  0.98616223724970E+05 -0.96339768366540E+04 -0.42158707793783E+04  0.93041691831112E+03 -0.43183187201862E+03 -0.36211273609646E+02  0.12833040859066E+02  0.90913801831804E+04 -0.11535295868673E+04  0.87262718824086E+04  0.50217019786120E+04 -0.23807729941017E+05 -0.89085572652287E+02 -0.53879039023990E+03  0.80520732121185E+03  0.26007403122592E+04 -0.15087977356831E+04 -0.29518341658948E+04 -0.45104464096413E+04  0.17516043882787E+03 -0.90694679003069E+04 -0.44358288568582E+05  0.13814222946697E+02 -0.89655187099338E+01 -0.19327930938289E+02  0.46531164727587E+03  0.18190049138643E+04 -0.25589474892117E+03 -0.13286983241387E+03 -0.32604076470735E+04 -0.36851966835154E+04 -0.19432320293228E+04 -0.55929617836431E+04
   0.73597655488003E+05 -0.13931303022432E+05  0.31896898091440E+04  0.49012160783640E+05 -0.70674407237865E+04  0.11546993105719E+05  0.91510485118714E+04  0.54041724959771E+05 -0.34271017322405E+04 -0.29847421210595E+04  0.53596696120669E+03 -0.10878135081065E+03 -0.11359717158633E+02  0.63467396678704E+01  0.45451139298582E+04 -0.58062634461180E+03  0.42073055804045E+04  0.24422671130657E+04 -0.21021392949440E+06 -0.19990350479988E+03 -0.13118876989060E+03  0.18812593603018E+03  0.12211780260497E+04 -0.48873203656959E+04 -0.25821741042973E+04 -0.40522514858807E+04  0.14932879179200E+03 -0.10240354822409E+05 -0.53435382957458E+05 -0.16013131503720E+03 -0.28200659652456E+03 -0.13321693357443E+02 -0.98840018114354E+03 -0.45909772098717E+04 -0.35776133850269E+03 -0.15261434446764E+03 -0.13839277906014E+04 -0.34062878882340E+04 -0.11900481195234E+04 -0.35559685645660E+04
   0.92280076363252E+06 -0.12216351647633E+06  0.31184440802588E+05  0.31047966289378E+06 -0.28466908158474E+05  0.98616223724970E+05  0.54041724959771E+05  0.48916824443344E+07 -0.22957836618224E+07 -0.81950912072200E+05  0.25236050921101E+05  0.25189686055380E+05  0.16800812163757E+04  0.98213255437222E+02  0.80300862097724E+05 -0.10609071525973E+05  0.91406644293839E+05  0.49907600603644E+05 -0.59465562858857E+06 -0.12115309552018E+04 -0.32432203569023E+04  0.72296545534258E+04  0.36226588430133E+05 -0.28534752589206E+05 -0.59137132144167E+05 -0.47311427326336E+05 -0.66824109255619E+05 -0.27751039142909E+06 -0.54729758255445E+06 -0.73072632587286E+05 -0.16437233903389E+06 -0.12960391444954E+04 -0.55022733719636E+04 -0.10922686296637E+05  0.58743762477724E+03  0.38812180421762E+03 -0.26210012082795E+06 -0.85416945954469E+04 -0.13655950672782E+06 -0.16850708647803E+06
  -0.16886617490040E+06  0.25671509374780E+05 -0.55272148672041E+04 -0.27159467397441E+05  0.95178264271849E+03 -0.96339768366540E+04 -0.34271017322405E+04 -0.22957836618224E+07  0.19231947954138E+07  0.18437396441162E+05 -0.63912774036026E+04 -0.53696077060143E+04 -0.29046449105703E+03 -0.15465220220012E+02  0.50948494951160E+05 -0.26371024217224E+04  0.19767371283511E+05  0.10013263625623E+05  0.10616106071670E+04  0.21974907834564E+03  0.76345710600928E+03 -0.17683144230839E+04 -0.92071742959828E+04  0.46926964728743E+04  0.11077077483766E+05  0.10459472469414E+05  0.24035853077167E+05  0.64820995541317E+05  0.12366213203851E+06  0.23283514075864E+05  0.52491750858738E+05  0.16739576273028E+03  0.63936753191880E+03  0.12944671448890E+04 -0.13510155458693E+04 -0.73402756748595E+03  0.11141187462128E+06  0.15729430290593E+04  0.44032556233550E+05  0.53800809426330E+05
  -0.49247967588286E+05  0.74719030281893E+04 -0.19550040177279E+04 -0.15933179325959E+05  0.20482234168046E+04 -0.42158707793783E+04 -0.29847421210595E+04 -0.81950912072200E+05  0.18437396441162E+05  0.24936476721408E+04 -0.61372785128049E+03 -0.64669774834778E+03 -0.56629380630520E+02 -0.15109271693891E+01 -0.39746058940311E+04  0.50454981499114E+03 -0.39183498907378E+04 -0.22479153558608E+04  0.56312186070774E+05  0.66444923525258E+02  0.97669800691300E+02 -0.21115534466900E+03 -0.10730899339110E+04  0.17977674407664E+04  0.26654314990384E+04  0.18392526787030E+04  0.72358693211223E+03  0.10682337391899E+05  0.22269130406815E+05  0.15222186702904E+04  0.33574163257018E+04  0.42022753351345E+02  0.54188576070404E+03  0.10395776048493E+04  0.11821481683857E+03  0.53218434492621E+02  0.30644929212764E+04  0.43629388046567E+03  0.27552859520009E+04  0.34864979792284E+04
   0.76681377810141E+04 -0.95694064006259E+03  0.26376395076963E+03  0.29618667497912E+04 -0.29335135237585E+03  0.93041691831112E+03  0.53596696120669E+03  0.25236050921101E+05 -0.63912774036026E+04 -0.61372785128049E+03  0.17587060511151E+03  0.19328663038536E+03  0.14024526553180E+02  0.67283326055484E+00  0.12680033211364E+04 -0.14578287783804E+03  0.12055192719784E+04  0.66525931769073E+03 -0.64014036605032E+04 -0.97646719631723E+01 -0.24228892598655E+02  0.53064193090610E+02  0.25975940953189E+03 -0.23509204072703E+03 -0.47771029286807E+03 -0.35849189827733E+03 -0.34165624963061E+03 -0.20549036187348E+04 -0.41058964441914E+04 -0.44722684879324E+03 -0.10058260184428E+04 -0.10987842897180E+02 -0.47467746928998E+02 -0.94159506233316E+02 -0.12068018613124E+02 -0.58350454335364E+01 -0.11588035769053E+04 -0.68787752245093E+02 -0.83364105050410E+03 -0.10367589299470E+04
   0.13523017665258E+05 -0.11184837144938E+04  0.40977306960245E+03 -0.75347900656203E+03 -0.50948780869987E+02 -0.43183187201862E+03 -0.10878135081065E+03  0.25189686055380E+05 -0.53696077060143E+04 -0.64669774834778E+03  0.19328663038536E+03  0.15047647990684E+04  0.97652017903021E+02 -0.38799166254219E+00  0.14473384080998E+04 -0.20798745556897E+03  0.17687810421253E+04  0.10227239882553E+04 -0.63445895835983E+04  0.12208649652761E+01  0.28571168768449E+02  0.53072922071264E+02  0.28462277465399E+03 -0.56096262773882E+02 -0.10658624719969E+04  0.80816474909594E-10 -0.69531706244171E+03 -0.47594382642105E+04 -0.27650721651891E-09 -0.23272423625219E+04 -0.66123914652575E+02 -0.75434977034853E+02 -0.16729844758189E+00 -0.65195975241219E-10 -0.16385351446365E+01 -0.71055526313527E+00  0.27354648192272E+03  0.29022345307642E+03 -0.26201567624222E+04 -0.48554519304553E-10
   0.14890749223967E+04 -0.12404543831835E+03  0.52163093127970E+02 -0.69760891441968E+02 -0.10999364940364E+01 -0.36211273609646E+02 -0.11359717158633E+02  0.16800812163757E+04 -0.29046449105703E+03 -0.56629380630520E+02  0.14024526553180E+02  0.97652017903021E+02  0.86452125129052E+01 -0.12569855523869E+00  0.83169688407671E+02 -0.14282851765370E+02  0.10946884858191E+03  0.68402384516400E+02 -0.36897459849198E+03  0.13865314354277E+00  0.24299584653820E+01  0.65916593352735E+01  0.31061626820861E+02 -0.10953983783814E+02 -0.15507500510924E+03  0.70769006225426E-11 -0.26832877177462E+02 -0.55187523196131E+03 -0.41688609310940E-10 -0.14414496904459E+03 -0.17242406883781E+02 -0.60174801297800E+01 -0.12086834974146E+00 -0.60401301178739E-11 -0.17030560227757E+00 -0.66938000675956E-01  0.27123105461158E+02  0.64635384608754E+02 -0.18668071844642E+03 -0.14810271630201E-11
  -0.82862897532487E+02  0.10717765183765E+02 -0.38523071284369E+01  0.35349586027147E+02 -0.28024361457180E+01  0.12833040859066E+02  0.63467396678704E+01  0.98213255437222E+02 -0.15465220220012E+02 -0.15109271693891E+01  0.67283326055484E+00 -0.38799166254219E+00 -0.12569855523869E+00  0.49943060799798E-01  0.14871912033001E+02 -0.11056885593003E+01  0.99739576411495E+01  0.46507085415527E+01 -0.44342041689085E+02 -0.20491855872202E-01 -0.13219757916928E+00 -0.26675674743948E-02  0.46606517391717E-01  0.15957146948255E-01  0.73674028017523E-01  0.59732880427227E-12 -0.69642609300361E+01 -0.10864307611543E+01 -0.32334560541232E-12 -0.42185408942296E+01 -0.36615654394902E-04 -0.16445932634543E+00 -0.57980203581322E-14 -0.23053375532670E-12 -0.19862941731721E-02 -0.10957870152999E-02 -0.17958096461226E+01  0.11737917248209E-03 -0.39519719430117E+01  0.88133827985598E-12
   0.12979712093449E+05  0.36808876893751E+03 -0.19406522654627E+03  0.28065554674791E+05 -0.22270895942205E+04  0.90913801831804E+04  0.45451139298582E+04  0.80300862097724E+05  0.50948494951160E+05 -0.39746058940311E+04  0.12680033211364E+04  0.14473384080998E+04  0.83169688407671E+02  0.14871912033001E+02  0.50660181260280E+05 -0.49335418164097E+04  0.41051969284411E+05  0.21877066611364E+05 -0.51259557035472E+05  0.13469000993032E+02 -0.19320123336006E+02 -0.17985824842433E+02 -0.12054860432151E+03  0.79214561780392E+03 -0.29799414184914E+04 -0.19336354980594E+04 -0.25081402839389E+04  0.18739291919129E+04  0.42529987692584E+04 -0.15803867451757E+04 -0.31203958291916E+04 -0.73713439014767E+03  0.34628529929023E+03  0.61536037141886E+03 -0.30500049202173E+04 -0.15949805838603E+04 -0.21355077942230E+04  0.20598531616558E+03 -0.98532242469433E+03 -0.11087953449685E+04
  -0.29889006569249E+04  0.43508563117114E+01 -0.36423466315849E+02 -0.34200889115602E+04  0.26970108930930E+03 -0.11535295868673E+04 -0.58062634461180E+03 -0.10609071525973E+05 -0.26371024217224E+04  0.50454981499114E+03 -0.14578287783804E+03 -0.20798745556897E+03 -0.14282851765370E+02 -0.11056885593003E+01 -0.49335418164097E+04  0.55992939525976E+03 -0.45643246331583E+04 -0.25272312034242E+04  0.54884480450629E+04 -0.22765706893452E+01  0.77243867002881E+01 -0.84455037702710E+01 -0.21644517886215E+02 -0.16785231971675E+03  0.57087116503043E+03  0.35626204750772E+03  0.29654184467818E+03 -0.13379605436366E+03 -0.47165070498519E+03  0.17196724811778E+03  0.33771881563186E+03  0.85039342816973E+02 -0.93274268683871E+02 -0.16368520683742E+03  0.49065498082894E+03  0.23802868793509E+03 -0.36769315336215E+03 -0.36881580837219E+02  0.27645784956104E+03  0.31005235879220E+03
   0.17319638753952E+05 -0.17946710452442E+03 -0.11651604978611E+02  0.26769652259683E+05 -0.20574622777784E+04  0.87262718824086E+04  0.42073055804045E+04  0.91406644293839E+05  0.19767371283511E+05 -0.39183498907378E+04  0.12055192719784E+04  0.17687810421253E+04  0.10946884858191E+03  0.99739576411495E+01  0.41051969284411E+05 -0.45643246331583E+04  0.38085427053853E+05  0.20843071781733E+05 -0.51972502876809E+05  0.14505016840005E+02  0.12150605816009E+00 -0.90909135468899E+02 -0.27510488209167E+03  0.69694920350301E+03 -0.32322674031723E+04 -0.20569886264194E+04 -0.28315249737055E+04  0.24032063102048E+04  0.53345323180794E+04 -0.14727360357537E+04 -0.29247374852789E+04 -0.70209235175368E+03  0.10119830625310E+03  0.20102701184460E+03 -0.30766670617624E+04 -0.16484814607986E+04  0.17757490773341E+04  0.29213541734302E+03 -0.20268544905147E+04 -0.22455963953411E+04
   0.12197464565340E+05 -0.13111627956824E+03  0.98050433895510E+02  0.15031171684769E+05 -0.11559211478164E+04  0.50217019786120E+04  0.24422671130657E+04  0.49907600603644E+05  0.10013263625623E+05 -0.22479153558608E+04  0.66525931769073E+03  0.10227239882553E+04  0.68402384516400E+02  0.46507085415527E+01  0.21877066611364E+05 -0.25272312034242E+04  0.20843071781733E+05  0.11556092218281E+05 -0.27762683461509E+05  0.96832040345145E+01 -0.11925653804393E+02 -0.28485001851233E+02 -0.69498685715030E+02  0.55973966961693E+03 -0.22957435790296E+04 -0.14271306935398E+04 -0.14384584249171E+04  0.11032047163918E+04  0.29169136445599E+04 -0.76085818625865E+03 -0.15109385629221E+04 -0.39324414181557E+03  0.15313881312414E+03  0.28380056991143E+03 -0.20258856423843E+04 -0.10389742237822E+04  0.18236075709892E+04  0.20220403348305E+03 -0.13979759786948E+04 -0.15517130040739E+04
  -0.90972315658096E+07  0.30511385441529E+07 -0.43215853868338E+06 -0.19613278628694E+07  0.41540363925139E+06 -0.23807729941017E+05 -0.21021392949440E+06 -0.59465562858857E+06  0.10616106071670E+04  0.56312186070774E+05 -0.64014036605032E+04 -0.63445895835983E+04 -0.36897459849198E+03 -0.44342041689085E+02 -0.51259557035472E+05  0.54884480450629E+04 -0.51972502876809E+05 -0.27762683461509E+05  0.33197966579717E+08  0.20466647456848E+05 -0.59275287511249E+05  0.75972082803363E+05  0.86400055820500E+05  0.53760490566964E+06  0.38269283163530E+05  0.86190498971996E+05 -0.13987078167421E+04  0.63849589168536E+06  0.31276102546453E+07  0.19654820785661E+05  0.35957302294779E+05  0.23041038978026E+03  0.20694185640181E+06  0.90786176520056E+06  0.26805335399728E+05  0.84701868796136E+04 -0.20606372139618E+05  0.51850995978393E+05  0.23169315499028E+05  0.72500186327185E+05
  -0.57517405990573E+04  0.16675744646320E+04 -0.26775654500879E+03 -0.15450388278368E+04  0.31047750447847E+03 -0.89085572652287E+02 -0.19990350479988E+03 -0.12115309552018E+04  0.21974907834564E+03  0.66444923525258E+02 -0.97646719631723E+01  0.12208649652761E+01  0.13865314354277E+00 -0.20491855872202E-01  0.13469000993032E+02 -0.22765706893452E+01  0.14505016840005E+02  0.96832040345145E+01  0.20466647456848E+05  0.16988804637806E+02 -0.29656612164564E+02  0.31096169270391E+02  0.16827873822286E+02  0.34960646915368E+03  0.00000000000000E+00  0.13130784347057E+03  0.00000000000000E+00  0.00000000000000E+00  0.30349004501394E+04  0.00000000000000E+00  0.78423806360168E+01  0.00000000000000E+00  0.00000000000000E+00  0.62661306087146E+03  0.00000000000000E+00  0.00000000000000E+00  0.00000000000000E+00 -0.10312778468335E+03  0.00000000000000E+00  0.15048808027136E+03
   0.10067475140195E+05 -0.45989276227806E+04  0.49997096281579E+03  0.10788921091746E+04 -0.35253703219072E+03 -0.53879039023990E+03 -0.13118876989060E+03 -0.32432203569023E+04  0.76345710600928E+03  0.97669800691300E+02 -0.24228892598655E+02  0.28571168768449E+02  0.24299584653820E+01 -0.13219757916928E+00 -0.19320123336006E+02  0.77243867002881E+01  0.12150605816009E+00 -0.11925653804393E+02 -0.59275287511249E+05 -0.29656612164564E+02  0.18349102237828E+03 -0.16408176896563E+03 -0.25346955492444E+03 -0.65212886038378E+03  0.00000000000000E+00  0.29095233527337E+03  0.00000000000000E+00  0.00000000000000E+00 -0.24327704632957E+04  0.00000000000000E+00  0.62131408487284E+02  0.00000000000000E+00  0.00000000000000E+00 -0.15708761017187E+04  0.00000000000000E+00  0.00000000000000E+00  0.00000000000000E+00 -0.16044997497565E+03  0.00000000000000E+00  0.26958412322426E+03
  -0.20374397588574E+05  0.91999163048084E+04 -0.10370138082359E+04 -0.15545664019804E+04  0.56157838957565E+03  0.80520732121185E+03  0.18812593603018E+03  0.72296545534258E+04 -0.17683144230839E+04 -0.21115534466900E+03  0.53064193090610E+02  0.53072922071264E+02  0.65916593352735E+01 -0.26675674743948E-02 -0.17985824842433E+02 -0.84455037702710E+01 -0.90909135468899E+02 -0.28485001851233E+02  0.75972082803363E+05  0.31096169270391E+02 -0.16408176896563E+03  0.42845051870899E+03  0.75358866926253E+03  0.16624532145174E+04 -0.50120062718055E+02 -0.29340092107320E+02  0.17382534446710E+01  0.92837052250311E+03  0.51449768210267E+03  0.00000000000000E+00  0.00000000000000E+00  0.00000000000000E+00  0.25024696437515E+04  0.30963862472086E+04  0.00000000000000E+00  0.00000000000000E+00  0.00000000000000E+00 -0.27411394531062E+02 -0.39467395448493E+03 -0.41087923113125E+03
  -0.99912481495812E+04  0.98882984908061E+04 -0.74086952960393E+03  0.23603113792289E+04  0.29396892563744E+03  0.26007403122592E+04  0.12211780260497E+04  0.36226588430133E+05 -0.92071742959828E+04 -0.10730899339110E+04  0.25975940953189E+03  0.28462277465399E+03  0.31061626820861E+02  0.46606517391717E-01 -0.12054860432151E+03 -0.21644517886215E+02 -0.27510488209167E+03 -0.69498685715030E+02  0.86400055820500E+05  0.16827873822286E+02 -0.25346955492444E+03  0.75358866926253E+03  0.19114330204052E+04  0.15567410578720E+04 -0.15501851588660E+03 -0.10751336762270E+03 -0.56538145039793E+02 -0.59845653596373E+04 -0.10471062172898E+05  0.00000000000000E+00  0.00000000000000E+00  0.00000000000000E+00  0.34461782204556E+04  0.41587799160875E+04  0.00000000000000E+00  0.00000000000000E+00  0.00000000000000E+00 -0.39728679267287E+02 -0.21781393048395E+04 -0.22509847801604E+04
  -0.22753559966790E+06  0.66966123315365E+05 -0.10666109409459E+05 -0.39676581261650E+05  0.82929918845184E+04 -0.15087977356831E+04 -0.48873203656959E+04 -0.28534752589206E+05  0.46926964728743E+04  0.17977674407664E+04 -0.23509204072703E+03 -0.56096262773882E+02 -0.10953983783814E+02  0.15957146948255E-01  0.79214561780392E+03 -0.16785231971675E+03  0.69694920350301E+03  0.55973966961693E+03  0.53760490566964E+06  0.34960646915368E+03 -0.65212886038378E+03  0.16624532145174E+04  0.15567410578720E+04  0.16377783701803E+05  0.25665652316862E+03  0.13371175916420E+03 -0.71925076559502E+01  0.38053276144618E+05  0.61817777218639E+05  0.00000000000000E+00  0.00000000000000E+00  0.00000000000000E+00  0.15955169786003E+05  0.20096750079633E+05  0.00000000000000E+00  0.00000000000000E+00  0.00000000000000E+00 -0.76966410324395E+02  0.15880306598397E+04  0.16215522136605E+04
  -0.12835706878105E+06  0.16653766425607E+05 -0.54007762388517E+04 -0.12593666962499E+05  0.19524865083620E+04 -0.29518341658948E+04 -0.25821741042973E+04 -0.59137132144167E+05  0.11077077483766E+05  0.26654314990384E+04 -0.47771029286807E+03 -0.10658624719969E+04 -0.15507500510924E+03  0.73674028017523E-01 -0.29799414184914E+04  0.57087116503043E+03 -0.32322674031723E+04 -0.22957435790296E+04  0.38269283163530E+05  0.00000000000000E+00  0.00000000000000E+00 -0.50120062718055E+02 -0.15501851588660E+03  0.25665652316862E+03  0.11713018927524E+06  0.00000000000000E+00  0.00000000000000E+00  0.00000000000000E+00  0.00000000000000E+00  0.00000000000000E+00  0.00000000000000E+00  0.00000000000000E+00  0.00000000000000E+00  0.00000000000000E+00  0.00000000000000E+00  0.00000000000000E+00  0.00000000000000E+00  0.00000000000000E+00  0.00000000000000E+00  0.00000000000000E+00
  -0.54596056650033E+05  0.83064735064315E+04 -0.23144505979631E+04 -0.20961192565205E+05  0.32986879015670E+04 -0.45104464096413E+04 -0.40522514858807E+04 -0.47311427326336E+05  0.10459472469414E+05  0.18392526787030E+04 -0.35849189827733E+03  0.80816474909594E-10  0.70769006225426E-11  0.59732880427227E-12 -0.19336354980594E+04  0.35626204750772E+03 -0.20569886264194E+04 -0.14271306935398E+04  0.86190498971996E+05  0.13130784347057E+03  0.29095233527337E+03 -0.29340092107320E+02 -0.10751336762270E+03  0.13371175916420E+03  0.00000000000000E+00  0.64814504844633E+05  0.00000000000000E+00  0.00000000000000E+00  0.00000000000000E+00  0.00000000000000E+00  0.00000000000000E+00  0.00000000000000E+00  0.00000000000000E+00  0.00000000000000E+00  0.00000000000000E+00  0.00000000000000E+00  0.00000000000000E+00  0.00000000000000E+00  0.00000000000000E+00  0.00000000000000E+00
  -0.45520603205668E+04 -0.23702345097280E+03  0.45700950337035E+02 -0.46986310862580E+02 -0.58475846962657E+02  0.17516043882787E+03  0.14932879179200E+03 -0.66824109255619E+05  0.24035853077167E+05  0.72358693211223E+03 -0.34165624963061E+03 -0.69531706244171E+03 -0.26832877177462E+02 -0.69642609300361E+01 -0.25081402839389E+04  0.29654184467818E+03 -0.28315249737055E+04 -0.14384584249171E+04 -0.13987078167421E+04  0.00000000000000E+00  0.00000000000000E+00  0.17382534446710E+01 -0.56538145039793E+02 -0.71925076559502E+01  0.00000000000000E+00  0.00000000000000E+00  0.30838625812689E+05  0.00000000000000E+00  0.00000000000000E+00  0.00000000000000E+00  0.00000000000000E+00  0.00000000000000E+00  0.00000000000000E+00  0.00000000000000E+00  0.00000000000000E+00  0.00000000000000E+00  0.00000000000000E+00  0.00000000000000E+00  0.00000000000000E+00  0.00000000000000E+00
  -0.85054181492327E+06  0.21120112449194E+06 -0.37962872730750E+05 -0.65482381134410E+05  0.11427209674647E+05 -0.90694679003069E+04 -0.10240354822409E+05 -0.27751039142909E+06  0.64820995541317E+05  0.10682337391899E+05 -0.20549036187348E+04 -0.47594382642105E+04 -0.55187523196131E+03 -0.10864307611543E+01  0.18739291919129E+04 -0.13379605436366E+03  0.24032063102048E+04  0.11032047163918E+04  0.63849589168536E+06  0.00000000000000E+00  0.00000000000000E+00  0.92837052250311E+03 -0.59845653596373E+04  0.38053276144618E+05  0.00000000000000E+00  0.00000000000000E+00  0.00000000000000E+00  0.58223538350479E+06  0.00000000000000E+00  0.00000000000000E+00  0.00000000000000E+00  0.00000000000000E+00  0.00000000000000E+00  0.00000000000000E+00  0.00000000000000E+00  0.00000000000000E+00  0.00000000000000E+00  0.00000000000000E+00  0.00000000000000E+00  0.00000000000000E+00
  -0.11049472594860E+07  0.26790373723077E+06 -0.49594203760555E+05 -0.33906507902882E+06  0.60668892164053E+05 -0.44358288568582E+05 -0.53435382957458E+05 -0.54729758255445E+06  0.12366213203851E+06  0.22269130406815E+05 -0.41058964441914E+04 -0.27650721651891E-09 -0.41688609310940E-10 -0.32334560541232E-12  0.42529987692584E+04 -0.47165070498519E+03  0.53345323180794E+04  0.29169136445599E+04  0.31276102546453E+07  0.30349004501394E+04 -0.24327704632957E+04  0.51449768210267E+03 -0.10471062172898E+05  0.61817777218639E+05  0.00000000000000E+00  0.00000000000000E+00  0.00000000000000E+00  0.00000000000000E+00  0.92249359565273E+06  0.00000000000000E+00  0.00000000000000E+00  0.00000000000000E+00  0.00000000000000E+00  0.00000000000000E+00  0.00000000000000E+00  0.00000000000000E+00  0.00000000000000E+00  0.00000000000000E+00  0.00000000000000E+00  0.00000000000000E+00
  -0.20988469181351E+05  0.58838670357813E+04 -0.98038445759687E+03 -0.13623266223498E+04  0.31362998972973E+03  0.13814222946697E+02 -0.16013131503720E+03 -0.73072632587286E+05  0.23283514075864E+05  0.15222186702904E+04 -0.44722684879324E+03 -0.23272423625219E+04 -0.14414496904459E+03 -0.42185408942296E+01 -0.15803867451757E+04  0.17196724811778E+03 -0.14727360357537E+04 -0.76085818625865E+03  0.19654820785661E+05  0.00000000000000E+00  0.00000000000000E+00  0.00000000000000E+00  0.00000000000000E+00  0.00000000000000E+00  0.00000000000000E+00  0.00000000000000E+00  0.00000000000000E+00  0.00000000000000E+00  0.00000000000000E+00  0.15023171292678E+05  0.00000000000000E+00  0.00000000000000E+00  0.00000000000000E+00  0.00000000000000E+00  0.00000000000000E+00  0.00000000000000E+00  0.00000000000000E+00  0.00000000000000E+00  0.00000000000000E+00  0.00000000000000E+00
  -0.47497028257997E+05  0.13489396156227E+05 -0.22288608817070E+04 -0.24761112822128E+04  0.54904167003028E+03 -0.89655187099338E+01 -0.28200659652456E+03 -0.16437233903389E+06  0.52491750858738E+05  0.33574163257018E+04 -0.10058260184428E+04 -0.66123914652575E+02 -0.17242406883781E+02 -0.36615654394902E-04 -0.31203958291916E+04  0.33771881563186E+03 -0.29247374852789E+04 -0.15109385629221E+04  0.35957302294779E+05  0.78423806360168E+01  0.62131408487284E+02  0.00000000000000E+00  0.00000000000000E+00  0.00000000000000E+00  0.00000000000000E+00  0.00000000000000E+00  0.00000000000000E+00  0.00000000000000E+00  0.00000000000000E+00  0.00000000000000E+00  0.32871912180001E+05  0.00000000000000E+00  0.00000000000000E+00  0.00000000000000E+00  0.00000000000000E+00  0.00000000000000E+00  0.00000000000000E+00  0.00000000000000E+00  0.00000000000000E+00  0.00000000000000E+00
  -0.30863789239480E+04  0.41818645034677E+03 -0.11480983860941E+03 -0.67900370898709E+02  0.85541159097242E+01 -0.19327930938289E+02 -0.13321693357443E+02 -0.12960391444954E+04  0.16739576273028E+03  0.42022753351345E+02 -0.10987842897180E+02 -0.75434977034853E+02 -0.60174801297800E+01 -0.16445932634543E+00 -0.73713439014767E+03  0.85039342816973E+02 -0.70209235175368E+03 -0.39324414181557E+03  0.23041038978026E+03  0.00000000000000E+00  0.00000000000000E+00  0.00000000000000E+00  0.00000000000000E+00  0.00000000000000E+00  0.00000000000000E+00  0.00000000000000E+00  0.00000000000000E+00  0.00000000000000E+00  0.00000000000000E+00  0.00000000000000E+00  0.00000000000000E+00  0.37794852969469E+04  0.00000000000000E+00  0.00000000000000E+00  0.00000000000000E+00  0.00000000000000E+00  0.00000000000000E+00  0.00000000000000E+00  0.00000000000000E+00  0.00000000000000E+00
  -0.20079370638879E+06  0.63889275636756E+05 -0.95864615944602E+04 -0.11582872067308E+05  0.27624161692529E+04  0.46531164727587E+03 -0.98840018114354E+03 -0.55022733719636E+04  0.63936753191880E+03  0.54188576070404E+03 -0.47467746928998E+02 -0.16729844758189E+00 -0.12086834974146E+00 -0.57980203581322E-14  0.34628529929023E+03 -0.93274268683871E+02  0.10119830625310E+03  0.15313881312414E+03  0.20694185640181E+06  0.00000000000000E+00  0.00000000000000E+00  0.25024696437515E+04  0.34461782204556E+04  0.15955169786003E+05  0.00000000000000E+00  0.00000000000000E+00  0.00000000000000E+00  0.00000000000000E+00  0.00000000000000E+00  0.00000000000000E+00  0.00000000000000E+00  0.00000000000000E+00  0.10580992570102E+06  0.00000000000000E+00  0.00000000000000E+00  0.00000000000000E+00  0.00000000000000E+00  0.00000000000000E+00  0.00000000000000E+00  0.00000000000000E+00
  -0.22819022510454E+06  0.72227631730287E+05 -0.10882492295200E+05 -0.51943748971673E+05  0.12265396664559E+05  0.18190049138643E+04 -0.45909772098717E+04 -0.10922686296637E+05  0.12944671448890E+04  0.10395776048493E+04 -0.94159506233316E+02 -0.65195975241219E-10 -0.60401301178739E-11 -0.23053375532670E-12  0.61536037141886E+03 -0.16368520683742E+03  0.20102701184460E+03  0.28380056991143E+03  0.90786176520056E+06  0.62661306087146E+03 -0.15708761017187E+04  0.30963862472086E+04  0.41587799160875E+04  0.20096750079633E+05  0.00000000000000E+00  0.00000000000000E+00  0.00000000000000E+00  0.00000000000000E+00  0.00000000000000E+00  0.00000000000000E+00  0.00000000000000E+00  0.00000000000000E+00  0.00000000000000E+00  0.13905737252456E+06  0.00000000000000E+00  0.00000000000000E+00  0.00000000000000E+00  0.00000000000000E+00  0.00000000000000E+00  0.00000000000000E+00
  -0.88330925553060E+04  0.23964993772000E+04 -0.40571217315975E+03 -0.23757664079978E+04  0.43875511058528E+03 -0.25589474892117E+03 -0.35776133850269E+03  0.58743762477724E+03 -0.13510155458693E+04  0.11821481683857E+03 -0.12068018613124E+02 -0.16385351446365E+01 -0.17030560227757E+00 -0.19862941731721E-02 -0.30500049202173E+04  0.49065498082894E+03 -0.30766670617624E+04 -0.20258856423843E+04  0.26805335399728E+05  0.00000000000000E+00  0.00000000000000E+00  0.00000000000000E+00  0.00000000000000E+00  0.00000000000000E+00  0.00000000000000E+00  0.00000000000000E+00  0.00000000000000E+00  0.00000000000000E+00  0.00000000000000E+00  0.00000000000000E+00  0.00000000000000E+00  0.00000000000000E+00  0.00000000000000E+00  0.00000000000000E+00  0.81262569229779E+04  0.00000000000000E+00  0.00000000000000E+00  0.00000000000000E+00  0.00000000000000E+00  0.00000000000000E+00
  -0.31266088852326E+04  0.76081204939700E+03 -0.14137602982365E+03 -0.92750254483255E+03  0.16396812793777E+03 -0.13286983241387E+03 -0.15261434446764E+03  0.38812180421762E+03 -0.73402756748595E+03  0.53218434492621E+02 -0.58350454335364E+01 -0.71055526313527E+00 -0.66938000675956E-01 -0.10957870152999E-02 -0.15949805838603E+04  0.23802868793509E+03 -0.16484814607986E+04 -0.10389742237822E+04  0.84701868796136E+04  0.00000000000000E+00  0.00000000000000E+00  0.00000000000000E+00  0.00000000000000E+00  0.00000000000000E+00  0.00000000000000E+00  0.00000000000000E+00  0.00000000000000E+00  0.00000000000000E+00  0.00000000000000E+00  0.00000000000000E+00  0.00000000000000E+00  0.00000000000000E+00  0.00000000000000E+00  0.00000000000000E+00  0.00000000000000E+00  0.41824423868806E+04  0.00000000000000E+00  0.00000000000000E+00  0.00000000000000E+00  0.00000000000000E+00
  -0.15912807963470E+05 -0.23242601369434E+04  0.19710801614623E+02 -0.96423659130742E+04  0.37507369391483E+03 -0.32604076470735E+04 -0.13839277906014E+04 -0.26210012082795E+06  0.11141187462128E+06  0.30644929212764E+04 -0.11588035769053E+04  0.27354648192272E+03  0.27123105461158E+02 -0.17958096461226E+01 -0.21355077942230E+04 -0.36769315336215E+03  0.17757490773341E+04  0.18236075709892E+04 -0.20606372139618E+05  0.00000000000000E+00  0.00000000000000E+00  0.00000000000000E+00  0.00000000000000E+00  0.00000000000000E+00  0.00000000000000E+00  0.00000000000000E+00  0.00000000000000E+00  0.00000000000000E+00  0.00000000000000E+00  0.00000000000000E+00  0.00000000000000E+00  0.00000000000000E+00  0.00000000000000E+00  0.00000000000000E+00  0.00000000000000E+00  0.00000000000000E+00  0.12547865702541E+06  0.00000000000000E+00  0.00000000000000E+00  0.00000000000000E+00
   0.16745518302757E+05 -0.22810190384565E+04  0.70974883319833E+03 -0.16171384493590E+05  0.25461529523739E+04 -0.36851966835154E+04 -0.34062878882340E+04 -0.85416945954469E+04  0.15729430290593E+04  0.43629388046567E+03 -0.68787752245093E+02  0.29022345307642E+03  0.64635384608754E+02  0.11737917248209E-03  0.20598531616558E+03 -0.36881580837219E+02  0.29213541734302E+03  0.20220403348305E+03  0.51850995978393E+05 -0.10312778468335E+03 -0.16044997497565E+03 -0.27411394531062E+02 -0.39728679267287E+02 -0.76966410324395E+02  0.00000000000000E+00  0.00000000000000E+00  0.00000000000000E+00  0.00000000000000E+00  0.00000000000000E+00  0.00000000000000E+00  0.00000000000000E+00  0.00000000000000E+00  0.00000000000000E+00  0.00000000000000E+00  0.00000000000000E+00  0.00000000000000E+00  0.00000000000000E+00  0.40379647557951E+05  0.00000000000000E+00  0.00000000000000E+00
  -0.71711380074634E+05  0.86253398924569E+04 -0.25172159715079E+04 -0.71538679161680E+04  0.79723660891207E+03 -0.19432320293228E+04 -0.11900481195234E+04 -0.13655950672782E+06  0.44032556233550E+05  0.27552859520009E+04 -0.83364105050410E+03 -0.26201567624222E+04 -0.18668071844642E+03 -0.39519719430117E+01 -0.98532242469433E+03  0.27645784956104E+03 -0.20268544905147E+04 -0.13979759786948E+04  0.23169315499028E+05  0.00000000000000E+00  0.00000000000000E+00 -0.39467395448493E+03 -0.21781393048395E+04  0.15880306598397E+04  0.00000000000000E+00  0.00000000000000E+00  0.00000000000000E+00  0.00000000000000E+00  0.00000000000000E+00  0.00000000000000E+00  0.00000000000000E+00  0.00000000000000E+00  0.00000000000000E+00  0.00000000000000E+00  0.00000000000000E+00  0.00000000000000E+00  0.00000000000000E+00  0.00000000000000E+00  0.95701996142267E+05  0.00000000000000E+00
  -0.56695550671406E+05  0.73094432835318E+04 -0.20501413081894E+04 -0.21232512049122E+05  0.24710685032313E+04 -0.55929617836431E+04 -0.35559685645660E+04 -0.16850708647803E+06  0.53800809426330E+05  0.34864979792284E+04 -0.10367589299470E+04 -0.48554519304553E-10 -0.14810271630201E-11  0.88133827985598E-12 -0.11087953449685E+04  0.31005235879220E+03 -0.22455963953411E+04 -0.15517130040739E+04  0.72500186327185E+05  0.15048808027136E+03  0.26958412322426E+03 -0.41087923113125E+03 -0.22509847801604E+04  0.16215522136605E+04  0.00000000000000E+00  0.00000000000000E+00  0.00000000000000E+00  0.00000000000000E+00  0.00000000000000E+00  0.00000000000000E+00  0.00000000000000E+00  0.00000000000000E+00  0.00000000000000E+00  0.00000000000000E+00  0.00000000000000E+00  0.00000000000000E+00  0.00000000000000E+00  0.00000000000000E+00  0.00000000000000E+00  0.10015243847894E+06

 # Covariance matrix (Bevington epsilon)
