# fitpack15: fit parameters                                                                         
# CJ15 AV18 final data choices                                                                      
# Created on 06/14/2019 at 23:00:29                                                                 

 # QCD setup
  INS                           0
  NVL                          11
  IORD                          1
  Q02                   1.6899999999999999     
  IPARAMC                       7
  FLAVOR                4.0000000000000000     
  xmc                   1.3000000000000000     
  xmb                   4.5000000000000000     
  ncb                          12
  ihq                           1
  ias                           0

 # Theory corrections
  inuke                     10914
  itmc                          1
  iht                           1

 # fit parameters
 LAMBDA       0.22680        0.0000    
 a0uv          2.7706        0.0000    
 a1uv         0.64659       0.21542E-01
 a2uv          3.5176       0.15622E-01
 a3uv          0.0000        0.0000    
 a4uv          2.7288       0.41587    
 a5uv          0.0000        0.0000    
 a0dv          22.044        0.0000    
 a1dv          1.1414       0.35016E-01
 a2dv          6.1727       0.13851    
 a3dv         -3.2655       0.99716E-01
 a4dv          4.1405       0.16691    
 a5dv          0.0000        0.0000    
 a0ud         0.15467       0.53529E-02
 a1ud        -0.20223       0.37638E-02
 a2ud          8.0421       0.24802    
 a3ud          0.0000        0.0000    
 a4ud          11.500        1.3053    
 a5ud          0.0000        0.0000    
 a0du          35712.        0.0000    
 a1du          4.0704       0.92833E-01
 a2du          20.280        1.1075    
 a3du          17.000        0.0000    
 a4du          53.265        12.133    
 a0g           42.549        0.0000    
 a1g          0.59505       0.29018E-01
 a2g           5.6403       0.80999    
 a3g          -3.2862       0.11672    
 a4g           3.0381       0.24315    
 a5g           0.0000        0.0000    
 kappa        0.40000        0.0000    
 a6dv          0.0000        0.0000    
 a7dv          0.0000        0.0000    
 off1         0.60452E-01   0.28727    
 off2          3.3944        7.2627    
 off3        -0.91339E-01   0.20062    
 ht1          -3.2799       0.27434    
 ht2           1.9239       0.11796    
 ht3          -2.1090       0.29382E-01
 ht4           0.0000        0.0000    
 dummy41       0.0000        0.0000    
 dummy42       0.0000        0.0000    
 dummy43       0.0000        0.0000    
 dummy44       0.0000        0.0000    
 dummy45       0.0000        0.0000    
 dummy46       0.0000        0.0000    
 dummy47       0.0000        0.0000    
 dummy48       0.0000        0.0000    
 dummy49       0.0000        0.0000    
 bcdmsh2      0.96834       0.48641E-02
 bcdmsd2      0.99415       0.58538E-02
 ccfr          1.0000        0.0000    
 nutev         1.0000        0.0000    
 zeus         0.97998        0.0000    
 h1            1.0162        0.0000    
 e605          1.0319        0.0000    
 NmcH2         1.0036       0.71024E-02
 ntv_nu        1.0000        0.0000    
 ntv_nubar     1.0000        0.0000    
 cdf_jet      0.98910        0.0000    
 d0_jet       0.83504        0.0000    
 slac_p        1.0000       0.49114E-02
 slac_d        1.0041       0.53391E-02
 e866pp       0.93410       0.20516E-01
 e866pd       0.92725       0.16993E-01
 d0_gamjet     1.0448       0.16600E-01
 h1b          0.97608        0.0000    
 jlab_p       0.99201       0.58968E-02
 jlab_d       0.97822       0.60025E-02
 blank         1.0000        0.0000    
 d0run2       0.95277       0.15239E-01
 cdfrun2      0.93798       0.17753E-01
 HERA_el       1.0000        0.0000    
 HERA_ps       1.0000        0.0000    
 CDF_Z        0.95704       0.67412E-02
 NmcRat        1.0000        0.0000    
 BNS_F2nd     0.95769       0.84002E-02
 HERMES_F2p   0.99276       0.56232E-02
 HERMES_F2d   0.97882       0.58591E-02
 END 0. 0.

 # Hessian matrix (Bevington alpha)
   0.45422688234554E+07 -0.12253104187816E+07  0.26482779085466E+06  0.52684673942406E+06 -0.15455320224754E+06  0.53314742330615E+05  0.10435907384936E+06  0.84154593039090E+06 -0.16248202030308E+06 -0.48410902965724E+05  0.89011074527189E+04  0.12667720570358E+05  0.14077420904185E+04 -0.81931499194407E+02  0.10025394747800E+05 -0.28041693627955E+04  0.17562691832155E+05  0.12760032262120E+05  0.38621063849828E+06  0.14119124078711E+05 -0.46169883157102E+05 -0.19295956986746E+05 -0.96245195206184E+04 -0.21855147470699E+06 -0.12444687324420E+06 -0.52455859269830E+05 -0.37722326046792E+04 -0.82629117745100E+06 -0.10556390780552E+07 -0.20742684021715E+05 -0.46896840145915E+05 -0.29525011797444E+04 -0.19519821746179E+06 -0.21569498089984E+06 -0.83742505016449E+04 -0.29647452384670E+04 -0.14011940839887E+05  0.16746546981060E+05 -0.69028736914544E+05 -0.54410303910058E+05
  -0.12253104187816E+07  0.39971824073531E+06 -0.74524193874490E+05 -0.13492817729551E+06  0.43560724093490E+05 -0.80675240408359E+04 -0.23861854226397E+05 -0.11927255306292E+06  0.26361141799956E+05  0.77921488500854E+04 -0.11905288383231E+04 -0.10645061873544E+04 -0.12018911386542E+03  0.10647464097756E+02  0.69115962924060E+03 -0.26927302177684E+02  0.18652631496921E+03  0.70616472915098E+02 -0.11073471818722E+06 -0.41065101152139E+04  0.11938467750827E+05  0.88667549354564E+04  0.95453982536602E+04  0.65507694740169E+05  0.16512515036337E+05  0.81565562273233E+04 -0.29356865484737E+03  0.20956076311617E+06  0.25957411553754E+06  0.59445756114370E+04  0.13618958275199E+05  0.41040573198596E+03  0.63256145870844E+05  0.69402311120900E+05  0.23032955279649E+04  0.73160721273580E+03 -0.23670963572971E+04 -0.23308852791699E+04  0.84949925526967E+04  0.71461981499769E+04
   0.26482779085466E+06 -0.74524193874490E+05  0.15676629153695E+05  0.30311883113061E+05 -0.92146500012193E+04  0.26204024359504E+04  0.59077863917557E+04  0.35537708446984E+05 -0.67507060768246E+04 -0.23943198273699E+04  0.38286671154273E+03  0.44438635589249E+03  0.57813896677152E+02 -0.44624225055067E+01 -0.35741826542515E+03 -0.31021235241682E+02 -0.89707732372098E+02  0.80002990728118E+02  0.22744983823624E+05  0.83399272707517E+03 -0.26481445778706E+04 -0.13009142958233E+04 -0.10093726287622E+04 -0.13137217496388E+05 -0.64143481568473E+04 -0.27418219034249E+04  0.86093591369137E+02 -0.46645024521565E+05 -0.59821894946524E+05 -0.12384265006811E+04 -0.28158371026624E+04 -0.13379868292432E+03 -0.12044739179882E+05 -0.13282370362075E+05 -0.48877860436890E+03 -0.16910694224209E+03  0.13925718622693E+03  0.86813041875781E+03 -0.29263579426310E+04 -0.23851247234216E+04
   0.52684673942406E+06 -0.13492817729551E+06  0.30311883113061E+05  0.28262909790482E+06 -0.49626316176211E+05  0.66358189226133E+05  0.55511463747142E+05  0.28674169017433E+06 -0.24250441078576E+05 -0.15773424909806E+05  0.34740169637275E+04 -0.78621636209503E+03 -0.70995578260682E+02  0.34418110556290E+02  0.27880169192519E+05 -0.34763684777211E+04  0.28963590196529E+05  0.16579850947672E+05  0.10496998783715E+06  0.37811183698510E+04 -0.13148795199181E+05 -0.12720634533217E+04  0.25014056737145E+04 -0.37630584823871E+05 -0.12413823380771E+05 -0.20573875098035E+05 -0.52226399888365E+02 -0.62687949251338E+05 -0.32589915189229E+06 -0.12669521971792E+04 -0.23196164106204E+04 -0.61989125805382E+02 -0.11008152797754E+05 -0.49216490591520E+05 -0.22301981766794E+04 -0.87921387243311E+03 -0.99044447117180E+04 -0.16161943009545E+05 -0.71147269574276E+04 -0.21133725969441E+05
  -0.15455320224754E+06  0.43560724093490E+05 -0.92146500012193E+04 -0.49626316176211E+05  0.11184344501149E+05 -0.86679119956050E+04 -0.96525461687549E+04 -0.28657545790680E+05  0.92618838020837E+03  0.22364851025010E+04 -0.37793210478045E+03 -0.64845831700862E+02 -0.20185852950809E+01 -0.27632473856276E+01 -0.23110425712652E+04  0.28543741030784E+03 -0.23308717446011E+04 -0.13314789736924E+04 -0.25122674256180E+05 -0.91816347817632E+03  0.28064265986556E+04  0.80210580166514E+03  0.60385203044486E+03  0.98841589746843E+04  0.20126817616443E+04  0.34744643130929E+04 -0.62880133823823E+02  0.13156235142921E+05  0.69073590989995E+05  0.36974293404993E+03  0.65388732245170E+03  0.82728727223128E+01  0.34493432531905E+04  0.15197183345000E+05  0.50650756588184E+03  0.18431530048806E+03  0.30367681516063E+03  0.26580684215326E+04  0.85343162209363E+03  0.26533044907896E+04
   0.53314742330615E+05 -0.80675240408359E+04  0.26204024359504E+04  0.66358189226133E+05 -0.86679119956050E+04  0.19855634882481E+05  0.13603155941103E+05  0.87510465605393E+05 -0.71825696731011E+04 -0.44257241153273E+04  0.10673433234169E+04 -0.33593709700773E+03 -0.29205613425672E+02  0.11704895024954E+02  0.86038670180250E+04 -0.11150195982079E+04  0.90251896362675E+04  0.52884694335103E+04  0.16717575986354E+05  0.58608916519967E+03 -0.24661036648592E+04  0.46058481222929E+03  0.21176025002292E+04 -0.47077073564379E+04 -0.33817982980674E+04 -0.52856817245761E+04  0.17950358345969E+03 -0.12732983444789E+05 -0.64165495351634E+05 -0.10976360416767E+03 -0.22270777776017E+03 -0.19051961652580E+02 -0.64347300881687E+03 -0.31159643903676E+04 -0.40966473356938E+03 -0.18358846637239E+03 -0.29169860575938E+04 -0.44312520187613E+04 -0.19831357130641E+04 -0.57986385758131E+04
   0.10435907384936E+06 -0.23861854226397E+05  0.59077863917557E+04  0.55511463747142E+05 -0.96525461687549E+04  0.13603155941103E+05  0.11435826857893E+05  0.50549739206562E+05 -0.26153735952071E+04 -0.31958068656523E+04  0.64790364053000E+03 -0.68648405022166E+02 -0.85154391561260E+01  0.59389332690550E+01  0.44482262626759E+04 -0.58115592004751E+03  0.45130260121578E+04  0.26661481386237E+04  0.19904198811312E+05  0.71332465342779E+03 -0.25157899575615E+04 -0.46984650289597E+02  0.89324836880306E+03 -0.69545419026107E+04 -0.28220057059255E+04 -0.45063468938781E+04  0.14905422548264E+03 -0.12562004427853E+05 -0.65841540709166E+05 -0.23808088608227E+03 -0.41910425365153E+03 -0.13052764493981E+02 -0.17560806415476E+04 -0.79670194227633E+04 -0.45191588887035E+03 -0.18335200221696E+03 -0.12457332467903E+04 -0.38240434200325E+04 -0.12512099474637E+04 -0.37833537242724E+04
   0.84154593039090E+06 -0.11927255306292E+06  0.35537708446984E+05  0.28674169017433E+06 -0.28657545790680E+05  0.87510465605393E+05  0.50549739206562E+05  0.41643762047450E+07 -0.21086561716866E+07 -0.73523910242710E+05  0.25740097677765E+05  0.22002365308310E+05  0.14835219640322E+04  0.82969363887277E+02  0.65565318390233E+05 -0.90436567696135E+04  0.82445395994904E+05  0.45790359038933E+05  0.14096443685811E+06  0.48051773473727E+04 -0.31959858416762E+05  0.63952581698945E+04  0.31866692687825E+05 -0.27823145211501E+05 -0.55293468395268E+05 -0.43930880423146E+05 -0.61003302110031E+05 -0.25828964114048E+06 -0.51215017108664E+06 -0.69844804272908E+05 -0.15682081076636E+06 -0.11407502122031E+04 -0.59458107158518E+04 -0.11710677742772E+05  0.57783577018749E+03  0.38889134963029E+03 -0.24151542294306E+06 -0.84139847882868E+04 -0.12464683052019E+06 -0.15385568056800E+06
  -0.16248202030308E+06  0.26361141799956E+05 -0.67507060768246E+04 -0.24250441078576E+05  0.92618838020837E+03 -0.71825696731011E+04 -0.26153735952071E+04 -0.21086561716866E+07  0.19115730012541E+07  0.17196094182072E+05 -0.67312658064803E+04 -0.48554530638453E+04 -0.26678759931881E+03 -0.11895243578275E+02  0.56393591749154E+05 -0.31813194201630E+04  0.26048914670808E+05  0.13642570254735E+05 -0.34417282302454E+05 -0.11578925402159E+04  0.90990506570379E+04 -0.16619450797354E+04 -0.85333251084737E+04  0.47478267439809E+04  0.10889748271537E+05  0.10180586925495E+05  0.23083221024585E+05  0.63198005055339E+05  0.12106931054729E+06  0.23442407832940E+05  0.52772614126700E+05  0.13689764863417E+03  0.72005757662716E+03  0.14486854355411E+04 -0.13701340616508E+04 -0.74499661902398E+03  0.10908313664611E+06  0.16308814944579E+04  0.42463343022336E+05  0.51856575647698E+05
  -0.48410902965724E+05  0.77921488500854E+04 -0.23943198273699E+04 -0.15773424909806E+05  0.22364851025010E+04 -0.44257241153273E+04 -0.31958068656523E+04 -0.73523910242710E+05  0.17196094182072E+05  0.24124358907704E+04 -0.68528591624229E+03 -0.60831814377387E+03 -0.53447295252943E+02 -0.13896490222030E+01 -0.38431001531602E+04  0.49804138532622E+03 -0.41588284201665E+04 -0.24246825907565E+04 -0.61802791449186E+04 -0.21540716478107E+03  0.10828287448799E+04 -0.19028808702091E+03 -0.99430435816753E+03  0.18761192314311E+04  0.26392563214886E+04  0.18193010380476E+04  0.70155960399049E+03  0.10666213131163E+05  0.22347820231117E+05  0.15618959629217E+04  0.34323977370775E+04  0.40160748505742E+02  0.61219999171371E+03  0.11657624361186E+04  0.11862254924256E+03  0.52757268841833E+02  0.29628569236883E+04  0.45349804007347E+03  0.26758299376213E+04  0.33927818413809E+04
   0.89011074527189E+04 -0.11905288383231E+04  0.38286671154273E+03  0.34740169637275E+04 -0.37793210478045E+03  0.10673433234169E+04  0.64790364053000E+03  0.25740097677765E+05 -0.67312658064803E+04 -0.68528591624229E+03  0.22255178677894E+03  0.20899196503615E+03  0.15505701723581E+02  0.68457924581630E+00  0.14002515907721E+04 -0.16525678035687E+03  0.14504475768561E+04  0.81694866250650E+03  0.13067438190349E+04  0.44813898208900E+02 -0.27236705752141E+03  0.58470954758115E+02  0.28489329080359E+03 -0.29369363174698E+03 -0.56538734958227E+03 -0.41897855865298E+03 -0.36687615118986E+03 -0.24055102574965E+04 -0.48447014252852E+04 -0.52145966234210E+03 -0.11702694737363E+04 -0.12182118851589E+02 -0.66353661191326E+02 -0.13048385321908E+03 -0.15408460094084E+02 -0.73187145585304E+01 -0.12620148776685E+04 -0.86148799848509E+02 -0.92744497012197E+03 -0.11559764750973E+04
   0.12667720570358E+05 -0.10645061873544E+04  0.44438635589249E+03 -0.78621636209503E+03 -0.64845831700862E+02 -0.33593709700773E+03 -0.68648405022166E+02  0.22002365308310E+05 -0.48554530638453E+04 -0.60831814377387E+03  0.20899196503615E+03  0.13904416790668E+04  0.90710880541343E+02 -0.51746933624134E+00  0.13883721121652E+04 -0.20271156156721E+03  0.18599475444384E+04  0.10862181579542E+04 -0.66228384379908E+03 -0.21455536722728E+02  0.20954091264181E+03  0.50146303485926E+02  0.26384732208043E+03 -0.55069156165820E+02 -0.10498289643479E+04  0.21716752940716E-10 -0.66444915027752E+03 -0.46158424658038E+04 -0.10249464599037E-09 -0.23311134923003E+04 -0.70789015559302E+02 -0.72112540434280E+02 -0.20016206306712E+00 -0.13879294882538E-10 -0.16046077471317E+01 -0.69278654968241E+00  0.23495951013813E+03  0.29793439869342E+03 -0.25117527810267E+04  0.33427491954253E-10
   0.14077420904185E+04 -0.12018911386542E+03  0.57813896677152E+02 -0.70995578260682E+02 -0.20185852950809E+01 -0.29205613425672E+02 -0.85154391561260E+01  0.14835219640322E+04 -0.26678759931881E+03 -0.53447295252943E+02  0.15505701723581E+02  0.90710880541343E+02  0.80542428327343E+01 -0.12093074245227E+00  0.80096424431183E+02 -0.14070488657434E+02  0.11999063306969E+03  0.75227523570989E+02 -0.39101372495351E+02 -0.12655367998799E+01  0.10185706048635E+02  0.62513151417232E+01  0.29010531581179E+02 -0.10733635517393E+02 -0.15190402245123E+03  0.38119558228944E-11 -0.25889875436378E+02 -0.53622454862582E+03 -0.83780272022164E-11 -0.14478933945856E+03 -0.18162096727656E+02 -0.57626434769452E+01 -0.13680702582363E+00  0.56751778769828E-11 -0.16725793633988E+00 -0.65479968397719E-01  0.24457854111157E+02  0.65330142463632E+02 -0.17939615242507E+03  0.48665245300450E-11
  -0.81931499194407E+02  0.10647464097756E+02 -0.44624225055067E+01  0.34418110556290E+02 -0.27632473856276E+01  0.11704895024954E+02  0.59389332690550E+01  0.82969363887277E+02 -0.11895243578275E+02 -0.13896490222030E+01  0.68457924581630E+00 -0.51746933624134E+00 -0.12093074245227E+00  0.45807536271414E-01  0.14057121490365E+02 -0.10316412500106E+01  0.95087607937056E+01  0.45004239565638E+01 -0.18528616338471E+01 -0.56582388803612E-01  0.14321046817100E+01 -0.42048623224579E-02  0.27135243635678E-01  0.15446030086398E-01  0.72686480511933E-01 -0.22130729054063E-13 -0.64697493738029E+01 -0.90995193517196E+00 -0.17295921166146E-10 -0.39499202144075E+01 -0.24790073280205E-04 -0.14961710496570E+00  0.33700663573832E-12 -0.36933723993005E-12 -0.18331358462061E-02 -0.10093666655571E-02 -0.19548203763152E+01  0.71620664257251E-04 -0.34999017485222E+01  0.11370371902896E-11
   0.10025394747800E+05  0.69115962924060E+03 -0.35741826542515E+03  0.27880169192519E+05 -0.23110425712652E+04  0.86038670180250E+04  0.44482262626759E+04  0.65565318390233E+05  0.56393591749154E+05 -0.38431001531602E+04  0.14002515907721E+04  0.13883721121652E+04  0.80096424431183E+02  0.14057121490365E+02  0.50302494672815E+05 -0.49603236758600E+04  0.43708171877575E+05  0.23750631942516E+05 -0.37640374360711E+03 -0.15781195763405E+02 -0.10228983795266E+03 -0.10085629177999E+02 -0.10625132128377E+03  0.80093912500522E+03 -0.30028724034773E+04 -0.19405170060477E+04 -0.25127190698569E+04  0.18168790086878E+04  0.41288048611973E+04 -0.16637369543552E+04 -0.32829498729053E+04 -0.73054662950418E+03  0.38533374333708E+03  0.68058563369627E+03 -0.30781310495408E+04 -0.15989160148309E+04 -0.21086549561758E+04  0.20379928391454E+03 -0.10025520873168E+04 -0.11239266299285E+04
  -0.28041693627955E+04 -0.26927302177684E+02 -0.31021235241682E+02 -0.34763684777211E+04  0.28543741030784E+03 -0.11150195982079E+04 -0.58115592004751E+03 -0.90436567696135E+04 -0.31813194201630E+04  0.49804138532622E+03 -0.16525678035687E+03 -0.20271156156721E+03 -0.14070488657434E+02 -0.10316412500106E+01 -0.49603236758600E+04  0.57465358909308E+03 -0.49980158995858E+04 -0.28202733317282E+04  0.44522424048382E+02  0.21623579813717E+01  0.22828149744866E+02 -0.11247400837326E+02 -0.26824326858618E+02 -0.17632228043049E+03  0.59564742523202E+03  0.37040337913382E+03  0.29619611471627E+03 -0.10935749279799E+03 -0.42993492586344E+03  0.18377713274586E+03  0.36037165913245E+03  0.85532300895853E+02 -0.10859556521740E+03 -0.18943794395400E+03  0.51474534098232E+03  0.24642722826216E+03 -0.39839133097811E+03 -0.36770542001914E+02  0.28846114406386E+03  0.32315441253298E+03
   0.17562691832155E+05  0.18652631496921E+03 -0.89707732372098E+02  0.28963590196529E+05 -0.23308717446011E+04  0.90251896362675E+04  0.45130260121578E+04  0.82445395994904E+05  0.26048914670808E+05 -0.41588284201665E+04  0.14504475768561E+04  0.18599475444384E+04  0.11999063306969E+03  0.95087607937056E+01  0.43708171877575E+05 -0.49980158995858E+04  0.44279352626250E+05  0.24774029707047E+05 -0.42542633833113E+03 -0.17834399536249E+02 -0.14834724219185E+03 -0.79232137586714E+02 -0.22824266218953E+03  0.90898573752498E+03 -0.39642243662277E+04 -0.24757522668250E+04 -0.29300839059336E+04  0.23995996988298E+04  0.57958524912661E+04 -0.16079631793073E+04 -0.31959894018004E+04 -0.75798125545919E+03  0.18994466107251E+03  0.36350936759643E+03 -0.35963151948574E+04 -0.18849228018498E+04  0.25143774258783E+04  0.36962039331640E+03 -0.24243592937482E+04 -0.26804500572087E+04
   0.12760032262120E+05  0.70616472915098E+02  0.80002990728118E+02  0.16579850947672E+05 -0.13314789736924E+04  0.52884694335103E+04  0.26661481386237E+04  0.45790359038933E+05  0.13642570254735E+05 -0.24246825907565E+04  0.81694866250650E+03  0.10862181579542E+04  0.75227523570989E+02  0.45004239565638E+01  0.23750631942516E+05 -0.28202733317282E+04  0.24774029707047E+05  0.14028268219581E+05 -0.25652848620792E+03 -0.11286208086241E+02 -0.10209672268640E+03 -0.16643250636611E+02 -0.31675077056871E+02  0.70922627424596E+03 -0.27852088638467E+04 -0.17099270155609E+04 -0.15076491884706E+04  0.10687289793587E+04  0.31527656747924E+04 -0.84812491313365E+03 -0.16841716224834E+04 -0.43095521865137E+03  0.23234409213616E+03  0.42567250966415E+03 -0.23864673251826E+04 -0.11995544635926E+04  0.23085590161582E+04  0.24854078349996E+03 -0.16465483626063E+04 -0.18253971414540E+04
   0.38621063849828E+06 -0.11073471818722E+06  0.22744983823624E+05  0.10496998783715E+06 -0.25122674256180E+05  0.16717575986354E+05  0.19904198811312E+05  0.14096443685811E+06 -0.34417282302454E+05 -0.61802791449186E+04  0.13067438190349E+04 -0.66228384379908E+03 -0.39101372495351E+02 -0.18528616338471E+01 -0.37640374360711E+03  0.44522424048382E+02 -0.42542633833113E+03 -0.25652848620792E+03  0.86956542950921E+05  0.31627292612669E+04 -0.11102364922233E+05 -0.17983461122575E+04 -0.46402097027848E+02 -0.23750465044445E+05  0.00000000000000E+00 -0.11560904635021E+05  0.00000000000000E+00  0.00000000000000E+00 -0.22510898797934E+06  0.00000000000000E+00 -0.33471172758797E+04  0.00000000000000E+00  0.00000000000000E+00 -0.40558594189265E+05  0.00000000000000E+00  0.00000000000000E+00  0.00000000000000E+00  0.80946362531176E+04  0.00000000000000E+00 -0.16098853774351E+05
   0.14119124078711E+05 -0.41065101152139E+04  0.83399272707517E+03  0.37811183698510E+04 -0.91816347817632E+03  0.58608916519967E+03  0.71332465342779E+03  0.48051773473727E+04 -0.11578925402159E+04 -0.21540716478107E+03  0.44813898208900E+02 -0.21455536722728E+02 -0.12655367998799E+01 -0.56582388803612E-01 -0.15781195763405E+02  0.21623579813717E+01 -0.17834399536249E+02 -0.11286208086241E+02  0.31627292612669E+04  0.11524275680135E+03 -0.39711739373867E+03 -0.70085611573730E+02 -0.11680059342872E+02 -0.87212428074176E+03  0.00000000000000E+00 -0.40003813407362E+03  0.00000000000000E+00  0.00000000000000E+00 -0.81106875453548E+04  0.00000000000000E+00 -0.10962999134238E+03  0.00000000000000E+00  0.00000000000000E+00 -0.15063050805304E+04  0.00000000000000E+00  0.00000000000000E+00  0.00000000000000E+00  0.28927515022009E+03  0.00000000000000E+00 -0.55419720117477E+03
  -0.46169883157102E+05  0.11938467750827E+05 -0.26481445778706E+04 -0.13148795199181E+05  0.28064265986556E+04 -0.24661036648592E+04 -0.25157899575615E+04 -0.31959858416762E+05  0.90990506570379E+04  0.10828287448799E+04 -0.27236705752141E+03  0.20954091264181E+03  0.10185706048635E+02  0.14321046817100E+01 -0.10228983795266E+03  0.22828149744866E+02 -0.14834724219185E+03 -0.10209672268640E+03 -0.11102364922233E+05 -0.39711739373867E+03  0.17268878487605E+04  0.10463958904035E+03 -0.28653669973006E+03  0.26554978154791E+04  0.00000000000000E+00  0.20183140885893E+04  0.00000000000000E+00  0.00000000000000E+00  0.29884140438595E+05  0.00000000000000E+00  0.11681898985327E+04  0.00000000000000E+00  0.00000000000000E+00  0.41241823249341E+04  0.00000000000000E+00  0.00000000000000E+00  0.00000000000000E+00 -0.12595089099821E+04  0.00000000000000E+00  0.33537413741811E+04
  -0.19295956986746E+05  0.88667549354564E+04 -0.13009142958233E+04 -0.12720634533217E+04  0.80210580166514E+03  0.46058481222929E+03 -0.46984650289597E+02  0.63952581698945E+04 -0.16619450797354E+04 -0.19028808702091E+03  0.58470954758115E+02  0.50146303485926E+02  0.62513151417232E+01 -0.42048623224579E-02 -0.10085629177999E+02 -0.11247400837326E+02 -0.79232137586714E+02 -0.16643250636611E+02 -0.17983461122575E+04 -0.70085611573730E+02  0.10463958904035E+03  0.41746246679863E+03  0.72965617021392E+03  0.16470600595026E+04 -0.49423534126507E+02 -0.28575823430460E+02  0.20734392093814E+01  0.94768875062676E+03  0.51626560821572E+03  0.00000000000000E+00  0.00000000000000E+00  0.00000000000000E+00  0.24798569025949E+04  0.30427027536250E+04  0.00000000000000E+00  0.00000000000000E+00  0.00000000000000E+00 -0.28208369095160E+02 -0.38492103654756E+03 -0.39960349245054E+03
  -0.96245195206184E+04  0.95453982536602E+04 -0.10093726287622E+04  0.25014056737145E+04  0.60385203044486E+03  0.21176025002292E+04  0.89324836880306E+03  0.31866692687825E+05 -0.85333251084737E+04 -0.99430435816753E+03  0.28489329080359E+03  0.26384732208043E+03  0.29010531581179E+02  0.27135243635678E-01 -0.10625132128377E+03 -0.26824326858618E+02 -0.22824266218953E+03 -0.31675077056871E+02 -0.46402097027848E+02 -0.11680059342872E+02 -0.28653669973006E+03  0.72965617021392E+03  0.18229113183855E+04  0.15620357009000E+04 -0.15199912206480E+03 -0.10383634839252E+03 -0.49101871737120E+02 -0.57359430424023E+04 -0.10076252204854E+05  0.00000000000000E+00  0.00000000000000E+00  0.00000000000000E+00  0.34232400267823E+04  0.40979875023416E+04  0.00000000000000E+00  0.00000000000000E+00  0.00000000000000E+00 -0.40333391016525E+02 -0.20925602702928E+04 -0.21560422288888E+04
  -0.21855147470699E+06  0.65507694740169E+05 -0.13137217496388E+05 -0.37630584823871E+05  0.98841589746843E+04 -0.47077073564379E+04 -0.69545419026107E+04 -0.27823145211501E+05  0.47478267439809E+04  0.18761192314311E+04 -0.29369363174698E+03 -0.55069156165820E+02 -0.10733635517393E+02  0.15446030086398E-01  0.80093912500522E+03 -0.17632228043049E+03  0.90898573752498E+03  0.70922627424596E+03 -0.23750465044445E+05 -0.87212428074176E+03  0.26554978154791E+04  0.16470600595026E+04  0.15620357009000E+04  0.16348459702325E+05  0.25366984573080E+03  0.13293938361700E+03 -0.71180671403480E+01  0.38003440531657E+05  0.61465586036168E+05  0.00000000000000E+00  0.00000000000000E+00  0.00000000000000E+00  0.15991535060828E+05  0.20014902186203E+05  0.00000000000000E+00  0.00000000000000E+00  0.00000000000000E+00 -0.79183731899968E+02  0.15806051111127E+04  0.16145206294768E+04
  -0.12444687324420E+06  0.16512515036337E+05 -0.64143481568473E+04 -0.12413823380771E+05  0.20126817616443E+04 -0.33817982980674E+04 -0.28220057059255E+04 -0.55293468395268E+05  0.10889748271537E+05  0.26392563214886E+04 -0.56538734958227E+03 -0.10498289643479E+04 -0.15190402245123E+03  0.72686480511933E-01 -0.30028724034773E+04  0.59564742523202E+03 -0.39642243662277E+04 -0.27852088638467E+04  0.00000000000000E+00  0.00000000000000E+00  0.00000000000000E+00 -0.49423534126507E+02 -0.15199912206480E+03  0.25366984573080E+03  0.11736843451539E+06  0.00000000000000E+00  0.00000000000000E+00  0.00000000000000E+00  0.00000000000000E+00  0.00000000000000E+00  0.00000000000000E+00  0.00000000000000E+00  0.00000000000000E+00  0.00000000000000E+00  0.00000000000000E+00  0.00000000000000E+00  0.00000000000000E+00  0.00000000000000E+00  0.00000000000000E+00  0.00000000000000E+00
  -0.52455859269830E+05  0.81565562273233E+04 -0.27418219034249E+04 -0.20573875098035E+05  0.34744643130929E+04 -0.52856817245761E+04 -0.45063468938781E+04 -0.43930880423146E+05  0.10180586925495E+05  0.18193010380476E+04 -0.41897855865298E+03  0.21716752940716E-10  0.38119558228944E-11 -0.22130729054063E-13 -0.19405170060477E+04  0.37040337913382E+03 -0.24757522668250E+04 -0.17099270155609E+04 -0.11560904635021E+05 -0.40003813407362E+03  0.20183140885893E+04 -0.28575823430460E+02 -0.10383634839252E+03  0.13293938361700E+03  0.00000000000000E+00  0.64464333854784E+05  0.00000000000000E+00  0.00000000000000E+00  0.00000000000000E+00  0.00000000000000E+00  0.00000000000000E+00  0.00000000000000E+00  0.00000000000000E+00  0.00000000000000E+00  0.00000000000000E+00  0.00000000000000E+00  0.00000000000000E+00  0.00000000000000E+00  0.00000000000000E+00  0.00000000000000E+00
  -0.37722326046792E+04 -0.29356865484737E+03  0.86093591369137E+02 -0.52226399888365E+02 -0.62880133823823E+02  0.17950358345969E+03  0.14905422548264E+03 -0.61003302110031E+05  0.23083221024585E+05  0.70155960399049E+03 -0.36687615118986E+03 -0.66444915027752E+03 -0.25889875436378E+02 -0.64697493738029E+01 -0.25127190698569E+04  0.29619611471627E+03 -0.29300839059336E+04 -0.15076491884706E+04  0.00000000000000E+00  0.00000000000000E+00  0.00000000000000E+00  0.20734392093814E+01 -0.49101871737120E+02 -0.71180671403480E+01  0.00000000000000E+00  0.00000000000000E+00  0.30947783601511E+05  0.00000000000000E+00  0.00000000000000E+00  0.00000000000000E+00  0.00000000000000E+00  0.00000000000000E+00  0.00000000000000E+00  0.00000000000000E+00  0.00000000000000E+00  0.00000000000000E+00  0.00000000000000E+00  0.00000000000000E+00  0.00000000000000E+00  0.00000000000000E+00
  -0.82629117745100E+06  0.20956076311617E+06 -0.46645024521565E+05 -0.62687949251338E+05  0.13156235142921E+05 -0.12732983444789E+05 -0.12562004427853E+05 -0.25828964114048E+06  0.63198005055339E+05  0.10666213131163E+05 -0.24055102574965E+04 -0.46158424658038E+04 -0.53622454862582E+03 -0.90995193517196E+00  0.18168790086878E+04 -0.10935749279799E+03  0.23995996988298E+04  0.10687289793587E+04  0.00000000000000E+00  0.00000000000000E+00  0.00000000000000E+00  0.94768875062676E+03 -0.57359430424023E+04  0.38003440531657E+05  0.00000000000000E+00  0.00000000000000E+00  0.00000000000000E+00  0.58298976119519E+06  0.00000000000000E+00  0.00000000000000E+00  0.00000000000000E+00  0.00000000000000E+00  0.00000000000000E+00  0.00000000000000E+00  0.00000000000000E+00  0.00000000000000E+00  0.00000000000000E+00  0.00000000000000E+00  0.00000000000000E+00  0.00000000000000E+00
  -0.10556390780552E+07  0.25957411553754E+06 -0.59821894946524E+05 -0.32589915189229E+06  0.69073590989995E+05 -0.64165495351634E+05 -0.65841540709166E+05 -0.51215017108664E+06  0.12106931054729E+06  0.22347820231117E+05 -0.48447014252852E+04 -0.10249464599037E-09 -0.83780272022164E-11 -0.17295921166146E-10  0.41288048611973E+04 -0.42993492586344E+03  0.57958524912661E+04  0.31527656747924E+04 -0.22510898797934E+06 -0.81106875453548E+04  0.29884140438595E+05  0.51626560821572E+03 -0.10076252204854E+05  0.61465586036168E+05  0.00000000000000E+00  0.00000000000000E+00  0.00000000000000E+00  0.00000000000000E+00  0.91811025986436E+06  0.00000000000000E+00  0.00000000000000E+00  0.00000000000000E+00  0.00000000000000E+00  0.00000000000000E+00  0.00000000000000E+00  0.00000000000000E+00  0.00000000000000E+00  0.00000000000000E+00  0.00000000000000E+00  0.00000000000000E+00
  -0.20742684021715E+05  0.59445756114370E+04 -0.12384265006811E+04 -0.12669521971792E+04  0.36974293404993E+03 -0.10976360416767E+03 -0.23808088608227E+03 -0.69844804272908E+05  0.23442407832940E+05  0.15618959629217E+04 -0.52145966234210E+03 -0.23311134923003E+04 -0.14478933945856E+03 -0.39499202144075E+01 -0.16637369543552E+04  0.18377713274586E+03 -0.16079631793073E+04 -0.84812491313365E+03  0.00000000000000E+00  0.00000000000000E+00  0.00000000000000E+00  0.00000000000000E+00  0.00000000000000E+00  0.00000000000000E+00  0.00000000000000E+00  0.00000000000000E+00  0.00000000000000E+00  0.00000000000000E+00  0.00000000000000E+00  0.15753120327817E+05  0.00000000000000E+00  0.00000000000000E+00  0.00000000000000E+00  0.00000000000000E+00  0.00000000000000E+00  0.00000000000000E+00  0.00000000000000E+00  0.00000000000000E+00  0.00000000000000E+00  0.00000000000000E+00
  -0.46896840145915E+05  0.13618958275199E+05 -0.28158371026624E+04 -0.23196164106204E+04  0.65388732245170E+03 -0.22270777776017E+03 -0.41910425365153E+03 -0.15682081076636E+06  0.52772614126700E+05  0.34323977370775E+04 -0.11702694737363E+04 -0.70789015559302E+02 -0.18162096727656E+02 -0.24790073280205E-04 -0.32829498729053E+04  0.36037165913245E+03 -0.31959894018004E+04 -0.16841716224834E+04 -0.33471172758797E+04 -0.10962999134238E+03  0.11681898985327E+04  0.00000000000000E+00  0.00000000000000E+00  0.00000000000000E+00  0.00000000000000E+00  0.00000000000000E+00  0.00000000000000E+00  0.00000000000000E+00  0.00000000000000E+00  0.00000000000000E+00  0.34296182217514E+05  0.00000000000000E+00  0.00000000000000E+00  0.00000000000000E+00  0.00000000000000E+00  0.00000000000000E+00  0.00000000000000E+00  0.00000000000000E+00  0.00000000000000E+00  0.00000000000000E+00
  -0.29525011797444E+04  0.41040573198596E+03 -0.13379868292432E+03 -0.61989125805382E+02  0.82728727223128E+01 -0.19051961652580E+02 -0.13052764493981E+02 -0.11407502122031E+04  0.13689764863417E+03  0.40160748505742E+02 -0.12182118851589E+02 -0.72112540434280E+02 -0.57626434769452E+01 -0.14961710496570E+00 -0.73054662950418E+03  0.85532300895853E+02 -0.75798125545919E+03 -0.43095521865137E+03  0.00000000000000E+00  0.00000000000000E+00  0.00000000000000E+00  0.00000000000000E+00  0.00000000000000E+00  0.00000000000000E+00  0.00000000000000E+00  0.00000000000000E+00  0.00000000000000E+00  0.00000000000000E+00  0.00000000000000E+00  0.00000000000000E+00  0.00000000000000E+00  0.37580373932351E+04  0.00000000000000E+00  0.00000000000000E+00  0.00000000000000E+00  0.00000000000000E+00  0.00000000000000E+00  0.00000000000000E+00  0.00000000000000E+00  0.00000000000000E+00
  -0.19519821746179E+06  0.63256145870844E+05 -0.12044739179882E+05 -0.11008152797754E+05  0.34493432531905E+04 -0.64347300881687E+03 -0.17560806415476E+04 -0.59458107158518E+04  0.72005757662716E+03  0.61219999171371E+03 -0.66353661191326E+02 -0.20016206306712E+00 -0.13680702582363E+00  0.33700663573832E-12  0.38533374333708E+03 -0.10859556521740E+03  0.18994466107251E+03  0.23234409213616E+03  0.00000000000000E+00  0.00000000000000E+00  0.00000000000000E+00  0.24798569025949E+04  0.34232400267823E+04  0.15991535060828E+05  0.00000000000000E+00  0.00000000000000E+00  0.00000000000000E+00  0.00000000000000E+00  0.00000000000000E+00  0.00000000000000E+00  0.00000000000000E+00  0.00000000000000E+00  0.10599100129185E+06  0.00000000000000E+00  0.00000000000000E+00  0.00000000000000E+00  0.00000000000000E+00  0.00000000000000E+00  0.00000000000000E+00  0.00000000000000E+00
  -0.21569498089984E+06  0.69402311120900E+05 -0.13282370362075E+05 -0.49216490591520E+05  0.15197183345000E+05 -0.31159643903676E+04 -0.79670194227633E+04 -0.11710677742772E+05  0.14486854355411E+04  0.11657624361186E+04 -0.13048385321908E+03 -0.13879294882538E-10  0.56751778769828E-11 -0.36933723993005E-12  0.68058563369627E+03 -0.18943794395400E+03  0.36350936759643E+03  0.42567250966415E+03 -0.40558594189265E+05 -0.15063050805304E+04  0.41241823249341E+04  0.30427027536250E+04  0.40979875023416E+04  0.20014902186203E+05  0.00000000000000E+00  0.00000000000000E+00  0.00000000000000E+00  0.00000000000000E+00  0.00000000000000E+00  0.00000000000000E+00  0.00000000000000E+00  0.00000000000000E+00  0.00000000000000E+00  0.13803638041298E+06  0.00000000000000E+00  0.00000000000000E+00  0.00000000000000E+00  0.00000000000000E+00  0.00000000000000E+00  0.00000000000000E+00
  -0.83742505016449E+04  0.23032955279649E+04 -0.48877860436890E+03 -0.22301981766794E+04  0.50650756588184E+03 -0.40966473356938E+03 -0.45191588887035E+03  0.57783577018749E+03 -0.13701340616508E+04  0.11862254924256E+03 -0.15408460094084E+02 -0.16046077471317E+01 -0.16725793633988E+00 -0.18331358462061E-02 -0.30781310495408E+04  0.51474534098232E+03 -0.35963151948574E+04 -0.23864673251826E+04  0.00000000000000E+00  0.00000000000000E+00  0.00000000000000E+00  0.00000000000000E+00  0.00000000000000E+00  0.00000000000000E+00  0.00000000000000E+00  0.00000000000000E+00  0.00000000000000E+00  0.00000000000000E+00  0.00000000000000E+00  0.00000000000000E+00  0.00000000000000E+00  0.00000000000000E+00  0.00000000000000E+00  0.00000000000000E+00  0.81134227832778E+04  0.00000000000000E+00  0.00000000000000E+00  0.00000000000000E+00  0.00000000000000E+00  0.00000000000000E+00
  -0.29647452384670E+04  0.73160721273580E+03 -0.16910694224209E+03 -0.87921387243311E+03  0.18431530048806E+03 -0.18358846637239E+03 -0.18335200221696E+03  0.38889134963029E+03 -0.74499661902398E+03  0.52757268841833E+02 -0.73187145585304E+01 -0.69278654968241E+00 -0.65479968397719E-01 -0.10093666655571E-02 -0.15989160148309E+04  0.24642722826216E+03 -0.18849228018498E+04 -0.11995544635926E+04  0.00000000000000E+00  0.00000000000000E+00  0.00000000000000E+00  0.00000000000000E+00  0.00000000000000E+00  0.00000000000000E+00  0.00000000000000E+00  0.00000000000000E+00  0.00000000000000E+00  0.00000000000000E+00  0.00000000000000E+00  0.00000000000000E+00  0.00000000000000E+00  0.00000000000000E+00  0.00000000000000E+00  0.00000000000000E+00  0.00000000000000E+00  0.41705364895606E+04  0.00000000000000E+00  0.00000000000000E+00  0.00000000000000E+00  0.00000000000000E+00
  -0.14011940839887E+05 -0.23670963572971E+04  0.13925718622693E+03 -0.99044447117180E+04  0.30367681516063E+03 -0.29169860575938E+04 -0.12457332467903E+04 -0.24151542294306E+06  0.10908313664611E+06  0.29628569236883E+04 -0.12620148776685E+04  0.23495951013813E+03  0.24457854111157E+02 -0.19548203763152E+01 -0.21086549561758E+04 -0.39839133097811E+03  0.25143774258783E+04  0.23085590161582E+04  0.00000000000000E+00  0.00000000000000E+00  0.00000000000000E+00  0.00000000000000E+00  0.00000000000000E+00  0.00000000000000E+00  0.00000000000000E+00  0.00000000000000E+00  0.00000000000000E+00  0.00000000000000E+00  0.00000000000000E+00  0.00000000000000E+00  0.00000000000000E+00  0.00000000000000E+00  0.00000000000000E+00  0.00000000000000E+00  0.00000000000000E+00  0.00000000000000E+00  0.12609811460240E+06  0.00000000000000E+00  0.00000000000000E+00  0.00000000000000E+00
   0.16746546981060E+05 -0.23308852791699E+04  0.86813041875781E+03 -0.16161943009545E+05  0.26580684215326E+04 -0.44312520187613E+04 -0.38240434200325E+04 -0.84139847882868E+04  0.16308814944579E+04  0.45349804007347E+03 -0.86148799848509E+02  0.29793439869342E+03  0.65330142463632E+02  0.71620664257251E-04  0.20379928391454E+03 -0.36770542001914E+02  0.36962039331640E+03  0.24854078349996E+03  0.80946362531176E+04  0.28927515022009E+03 -0.12595089099821E+04 -0.28208369095160E+02 -0.40333391016525E+02 -0.79183731899968E+02  0.00000000000000E+00  0.00000000000000E+00  0.00000000000000E+00  0.00000000000000E+00  0.00000000000000E+00  0.00000000000000E+00  0.00000000000000E+00  0.00000000000000E+00  0.00000000000000E+00  0.00000000000000E+00  0.00000000000000E+00  0.00000000000000E+00  0.00000000000000E+00  0.41302468403632E+05  0.00000000000000E+00  0.00000000000000E+00
  -0.69028736914544E+05  0.84949925526967E+04 -0.29263579426310E+04 -0.71147269574276E+04  0.85343162209363E+03 -0.19831357130641E+04 -0.12512099474637E+04 -0.12464683052019E+06  0.42463343022336E+05  0.26758299376213E+04 -0.92744497012197E+03 -0.25117527810267E+04 -0.17939615242507E+03 -0.34999017485222E+01 -0.10025520873168E+04  0.28846114406386E+03 -0.24243592937482E+04 -0.16465483626063E+04  0.00000000000000E+00  0.00000000000000E+00  0.00000000000000E+00 -0.38492103654756E+03 -0.20925602702928E+04  0.15806051111127E+04  0.00000000000000E+00  0.00000000000000E+00  0.00000000000000E+00  0.00000000000000E+00  0.00000000000000E+00  0.00000000000000E+00  0.00000000000000E+00  0.00000000000000E+00  0.00000000000000E+00  0.00000000000000E+00  0.00000000000000E+00  0.00000000000000E+00  0.00000000000000E+00  0.00000000000000E+00  0.95967139452248E+05  0.00000000000000E+00
  -0.54410303910058E+05  0.71461981499769E+04 -0.23851247234216E+04 -0.21133725969441E+05  0.26533044907896E+04 -0.57986385758131E+04 -0.37833537242724E+04 -0.15385568056800E+06  0.51856575647698E+05  0.33927818413809E+04 -0.11559764750973E+04  0.33427491954253E-10  0.48665245300450E-11  0.11370371902896E-11 -0.11239266299285E+04  0.32315441253298E+03 -0.26804500572087E+04 -0.18253971414540E+04 -0.16098853774351E+05 -0.55419720117477E+03  0.33537413741811E+04 -0.39960349245054E+03 -0.21560422288888E+04  0.16145206294768E+04  0.00000000000000E+00  0.00000000000000E+00  0.00000000000000E+00  0.00000000000000E+00  0.00000000000000E+00  0.00000000000000E+00  0.00000000000000E+00  0.00000000000000E+00  0.00000000000000E+00  0.00000000000000E+00  0.00000000000000E+00  0.00000000000000E+00  0.00000000000000E+00  0.00000000000000E+00  0.00000000000000E+00  0.99921460192615E+05

 # Covariance matrix (Bevington epsilon)
