 Correlated errors added in quadrature with statistical errors
 jl00106F2p DIS data with   1.69< Q2 < 0.500D+03 and 0.000 < xB < 1.000 and   3.00< W2 < 0.100D+04 and 0.000 < y < 1.000
   GP TMC applied
   HT corrections, multiplicative C=C(xB)
 Correlated errors added in quadrature with statistical errors
 jl00106F2d DIS data with   1.69< Q2 < 0.500D+03 and 0.000 < xB < 1.000 and   3.00< W2 < 0.100D+04 and 0.000 < y < 1.000
   WBArel smearing  (AV18) - KP-like (free x1)0 nuke corrections
   GP TMC applied
   HT corrections, multiplicative C=C(xB)
 Correlated errors added in quadrature with statistical errors
 HerF2pCut  DIS data with   1.69< Q2 < 0.500D+03 and 0.000 < xB < 1.000 and   3.00< W2 < 0.100D+04 and 0.000 < y < 1.000
   GP TMC applied
   HT corrections, multiplicative C=C(xB)
 Correlated errors added in quadrature with statistical errors
 HerF2dCut  DIS data with   1.69< Q2 < 0.500D+03 and 0.000 < xB < 1.000 and   3.00< W2 < 0.100D+04 and 0.000 < y < 1.000
   WBArel smearing  (AV18) - KP-like (free x1)0 nuke corrections
   GP TMC applied
   HT corrections, multiplicative C=C(xB)
 Correlated errors added in quadrature with statistical errors
 slac_p     DIS data with   1.69< Q2 < 0.500D+03 and 0.000 < xB < 1.000 and   3.00< W2 < 0.100D+04 and 0.000 < y < 1.000
   GP TMC applied
   HT corrections, multiplicative C=C(xB)
 Correlated errors added in quadrature with statistical errors
 slac_d     DIS data with   1.69< Q2 < 0.500D+03 and 0.000 < xB < 1.000 and   3.00< W2 < 0.100D+04 and 0.000 < y < 1.000
   WBArel smearing  (AV18) - KP-like (free x1)0 nuke corrections
   GP TMC applied
   HT corrections, multiplicative C=C(xB)
 Correlated errors treated separately from statistical errors
 BcdF2pCor  DIS data with   1.69< Q2 < 0.500D+03 and 0.000 < xB < 1.000 and   3.00< W2 < 0.100D+04 and 0.000 < y < 1.000
   GP TMC applied
   HT corrections, multiplicative C=C(xB)
 Correlated errors treated separately from statistical errors
 BcdF2dCor  DIS data with   1.69< Q2 < 0.500D+03 and 0.000 < xB < 1.000 and   3.00< W2 < 0.100D+04 and 0.000 < y < 1.000
   WBArel smearing  (AV18) - KP-like (free x1)0 nuke corrections
   GP TMC applied
   HT corrections, multiplicative C=C(xB)
 Correlated errors treated separately from statistical errors
 NmcF2pCor  DIS data with   1.69< Q2 < 0.500D+03 and 0.000 < xB < 1.000 and   3.00< W2 < 0.100D+04 and 0.000 < y < 1.000
   GP TMC applied
   HT corrections, multiplicative C=C(xB)
 Correlated errors treated separately from statistical errors
 NmcRatCor  DIS data with   1.69< Q2 < 0.500D+03 and 0.000 < xB < 1.000 and   3.00< W2 < 0.100D+04 and 0.000 < y < 1.000
   WBArel smearing  (AV18) - KP-like (free x1)0 nuke corrections
   GP TMC applied
   HT corrections, multiplicative C=C(xB)
 Correlated errors treated separately from statistical errors
 H2_NC_em   DIS data with   1.69< Q2 < 0.100D+06 and 0.000 < xB < 1.000 and   3.00< W2 < 0.100D+08 and 0.000 < y < 1.000
   GP TMC applied
   HT corrections, multiplicative C=C(xB)
 Correlated errors treated separately from statistical errors
 H2_NC_ep_1 DIS data with   1.69< Q2 < 0.100D+06 and 0.000 < xB < 1.000 and   3.00< W2 < 0.100D+08 and 0.000 < y < 1.000
   GP TMC applied
   HT corrections, multiplicative C=C(xB)
 Correlated errors treated separately from statistical errors
 H2_NC_ep_2 DIS data with   1.69< Q2 < 0.100D+06 and 0.000 < xB < 1.000 and   3.00< W2 < 0.100D+08 and 0.000 < y < 1.000
   GP TMC applied
   HT corrections, multiplicative C=C(xB)
 Correlated errors treated separately from statistical errors
 H2_NC_ep_3 DIS data with   1.69< Q2 < 0.100D+06 and 0.000 < xB < 1.000 and   3.00< W2 < 0.100D+08 and 0.000 < y < 1.000
   GP TMC applied
   HT corrections, multiplicative C=C(xB)
 Correlated errors treated separately from statistical errors
 H2_NC_ep_4 DIS data with   1.69< Q2 < 0.100D+06 and 0.000 < xB < 1.000 and   3.00< W2 < 0.100D+08 and 0.000 < y < 1.000
   GP TMC applied
   HT corrections, multiplicative C=C(xB)
 Correlated errors treated separately from statistical errors
 H2_CC_em   DIS data with   1.69< Q2 < 0.100D+06 and 0.000 < xB < 1.000 and   3.00< W2 < 0.100D+08 and 0.000 < y < 1.000
   GP TMC applied
   HT corrections, multiplicative C=C(xB)
 Correlated errors treated separately from statistical errors
 H2_CC_ep   DIS data with   1.69< Q2 < 0.100D+06 and 0.000 < xB < 1.000 and   3.00< W2 < 0.100D+08 and 0.000 < y < 1.000
   GP TMC applied
   HT corrections, multiplicative C=C(xB)
 Correlated errors added in quadrature with statistical errors
 BNS_F2nd   DIS data with   1.69< Q2 < 0.100D+06 and 0.000 < xB < 1.000 and   3.00< W2 < 0.100D+08 and 0.000 < y < 1.000
   WBArel smearing  (AV18) - KP-like (free x1)0 nuke corrections
   GP TMC applied
   HT corrections, multiplicative C=C(xB)
 Correlated errors added in quadrature with statistical errors
 e866pp06xf vector boson data with Q2 >=  36.00
 Correlated errors added in quadrature with statistical errors
 e866pd06xf vector boson data with Q2 >=  36.00
 Correlated errors added in quadrature with statistical errors
 cdfLasy05  vector boson data with Q2 >=   0.00
 Correlated errors added in quadrature with statistical errors
 d0Lasy_e15 vector boson data with Q2 >=   0.00
 Correlated errors added in quadrature with statistical errors
 d0Lasy13   vector boson data with Q2 >=   0.00
 Correlated errors added in quadrature with statistical errors
 CDF_Wasy   vector boson data with Q2 >=   0.00
 Correlated errors added in quadrature with statistical errors
 D0_Wasy    vector boson data with Q2 >=   0.00
 Correlated errors added in quadrature with statistical errors
 CDF_Z      vector boson data with Q2 >=   0.00
 Correlated errors added in quadrature with statistical errors
 D0_Z       vector boson data with Q2 >=   0.00
 Correlated errors added in quadrature with statistical errors
 d0run2coneJet data - errors added in quadrature
 Correlated errors added in quadrature with statistical errors
 CDFrun2jetJet data - errors added in quadrature
 Correlated errors added in quadrature with statistical errors
 d0_gamjet1 Photon data -- cuts to be written yet ...
 Correlated errors added in quadrature with statistical errors
 d0_gamjet2 Photon data -- cuts to be written yet ...
 Correlated errors added in quadrature with statistical errors
 d0_gamjet3 Photon data -- cuts to be written yet ...
 Correlated errors added in quadrature with statistical errors
 d0_gamjet4 Photon data -- cuts to be written yet ...

# fitpack15: fit output
# CJ15 AV18 final data choices                                                 

Parametrization   7 used here

 S-ACOT scheme used  for NC DIS

 charm mass =     1.30 GeV     bottom mass =     4.50 GeV



 THIS IS A NEXT TO LEADING ORDER FIT

 Q02=    1.69
         1  LAMBDA      VALUE=   0.22680      WEIGHT=    0.0000    
         2  a0uv        VALUE=    2.4169      WEIGHT=    0.0000    
         3  a1uv        VALUE=   0.61635      WEIGHT=   0.20395E-01
         4  a2uv        VALUE=    3.5428      WEIGHT=   0.12297E-01
         5  a3uv        VALUE=    0.0000      WEIGHT=    0.0000    
         6  a4uv        VALUE=    3.4395      WEIGHT=   0.43683    
         7  a5uv        VALUE=    0.0000      WEIGHT=    0.0000    
         8  a0dv        VALUE=    24.767      WEIGHT=    0.0000    
         9  a1dv        VALUE=    1.1585      WEIGHT=   0.33842E-01
        10  a2dv        VALUE=    6.5538      WEIGHT=   0.15967    
        11  a3dv        VALUE=   -3.5001      WEIGHT=   0.87255E-01
        12  a4dv        VALUE=    4.6830      WEIGHT=   0.14394    
        13  a5dv        VALUE=    0.0000      WEIGHT=    0.0000    
        14  a0ud        VALUE=   0.14662      WEIGHT=   0.50263E-02
        15  a1ud        VALUE=  -0.20771      WEIGHT=   0.37519E-02
        16  a2ud        VALUE=    8.3632      WEIGHT=   0.18523    
        17  a3ud        VALUE=    0.0000      WEIGHT=    0.0000    
        18  a4ud        VALUE=    14.678      WEIGHT=    1.2107    
        19  a5ud        VALUE=    0.0000      WEIGHT=    0.0000    
        20  a0du        VALUE=    35712.      WEIGHT=    0.0000    
        21  a1du        VALUE=    4.0198      WEIGHT=   0.71322E-01
        22  a2du        VALUE=    20.251      WEIGHT=   0.86082    
        23  a3du        VALUE=    17.000      WEIGHT=    0.0000    
        24  a4du        VALUE=    50.601      WEIGHT=    9.0827    
        25  a0g         VALUE=    45.504      WEIGHT=    0.0000    
        26  a1g         VALUE=   0.60182      WEIGHT=   0.31731E-01
        27  a2g         VALUE=    6.4148      WEIGHT=    1.0043    
        28  a3g         VALUE=   -3.3037      WEIGHT=   0.13891    
        29  a4g         VALUE=    3.1575      WEIGHT=   0.30059    
        30  a5g         VALUE=    0.0000      WEIGHT=    0.0000    
        31  kappa       VALUE=   0.40000      WEIGHT=    0.0000    
        32  a6dv        VALUE=    0.0000      WEIGHT=    0.0000    
        33  a7dv        VALUE=    0.0000      WEIGHT=    0.0000    
        34  off1        VALUE=    8.1000      WEIGHT=    1.4769    
        35  off2        VALUE=   0.44800      WEIGHT=   0.58667E-01
        36  off3        VALUE=   0.50000E-01  WEIGHT=    0.0000    
        37  ht1         VALUE=   -3.2479      WEIGHT=   0.26672    
        38  ht2         VALUE=    1.9154      WEIGHT=   0.10687    
        39  ht3         VALUE=   -2.0748      WEIGHT=   0.22824E-01
        40  ht4         VALUE=    0.0000      WEIGHT=    0.0000    
        41  dummy41     VALUE=    0.0000      WEIGHT=    0.0000    
        42  dummy42     VALUE=    0.0000      WEIGHT=    0.0000    
        43  dummy43     VALUE=    0.0000      WEIGHT=    0.0000    
        44  dummy44     VALUE=    0.0000      WEIGHT=    0.0000    
        45  dummy45     VALUE=    0.0000      WEIGHT=    0.0000    
        46  dummy46     VALUE=    0.0000      WEIGHT=    0.0000    
        47  dummy47     VALUE=    0.0000      WEIGHT=    0.0000    
        48  dummy48     VALUE=    0.0000      WEIGHT=    0.0000    
        49  dummy49     VALUE=    0.0000      WEIGHT=    0.0000    
        50  bcdmsh2     VALUE=   0.97285      WEIGHT=   0.48427E-02
        51  bcdmsd2     VALUE=   0.99317      WEIGHT=   0.57972E-02
        52  ccfr        VALUE=    1.0000      WEIGHT=    0.0000    
        53  nutev       VALUE=    1.0000      WEIGHT=    0.0000    
        54  zeus        VALUE=   0.97998      WEIGHT=    0.0000    
        55  h1          VALUE=    1.0162      WEIGHT=    0.0000    
        56  e605        VALUE=    1.0319      WEIGHT=    0.0000    
        57  NmcH2       VALUE=    1.0095      WEIGHT=   0.71200E-02
        58  ntv_nu      VALUE=    1.0000      WEIGHT=    0.0000    
        59  ntv_nubar   VALUE=    1.0000      WEIGHT=    0.0000    
        60  cdf_jet     VALUE=   0.98910      WEIGHT=    0.0000    
        61  d0_jet      VALUE=   0.83504      WEIGHT=    0.0000    
        62  slac_p      VALUE=    1.0048      WEIGHT=   0.48232E-02
        63  slac_d      VALUE=    1.0042      WEIGHT=   0.52625E-02
        64  e866pp      VALUE=   0.96438      WEIGHT=   0.19188E-01
        65  e866pd      VALUE=   0.96857      WEIGHT=   0.16516E-01
        66  d0_gamjet   VALUE=    1.0391      WEIGHT=   0.16482E-01
        67  h1b         VALUE=   0.97608      WEIGHT=    0.0000    
        68  jlab_p      VALUE=   0.99439      WEIGHT=   0.57989E-02
        69  jlab_d      VALUE=   0.97560      WEIGHT=   0.58777E-02
        70  blank       VALUE=    1.0000      WEIGHT=    0.0000    
        71  d0run2      VALUE=   0.94153      WEIGHT=   0.14203E-01
        72  cdfrun2     VALUE=   0.92693      WEIGHT=   0.17236E-01
        73  HERA_el     VALUE=    1.0000      WEIGHT=    0.0000    
        74  HERA_ps     VALUE=    1.0000      WEIGHT=    0.0000    
        75  CDF_Z       VALUE=   0.96573      WEIGHT=   0.64152E-02
        76  NmcRat      VALUE=    1.0000      WEIGHT=    0.0000    
        77  BNS_F2nd    VALUE=   0.98244      WEIGHT=   0.67043E-02
        78  HERMES_F2p  VALUE=   0.99812      WEIGHT=   0.55759E-02
        79  HERMES_F2d  VALUE=   0.98034      WEIGHT=   0.58160E-02
0THE TOLERANCE IS    0.5000
 THE MAXIMUM NUMBER OF STEPS IS 100
0THE INITIAL CHI SQUARED IS  6.17987E+03
0  STEP  CHI SQUARED    PARAMETER      VALUE         ERROR
 ------------------------------------------------------------
     1    4.81062E+03
                       1  LAMBDA     2.2680E-01       FIX 
                       2  a0uv       2.3659E+00       FIX 
                       3  a1uv       6.0993E-01           
                       4  a2uv       3.5301E+00           
                       5  a3uv       0.0000E+00       FIX 
                       6  a4uv       3.4635E+00           
                       7  a5uv       0.0000E+00       FIX 
                       8  a0dv       1.9452E+01       FIX 
                       9  a1dv       1.1064E+00           
                      10  a2dv       6.1277E+00           
                      11  a3dv      -3.3670E+00           
                      12  a4dv       4.4850E+00           
                      13  a5dv       0.0000E+00       FIX 
                      14  a0ud       1.4606E-01           
                      15  a1ud      -2.0802E-01           
                      16  a2ud       8.2317E+00           
                      17  a3ud       0.0000E+00       FIX 
                      18  a4ud       1.4522E+01           
                      19  a5ud       0.0000E+00       FIX 
                      20  a0du       3.5712E+04       FIX 
                      21  a1du       4.0093E+00           
                      22  a2du       1.9919E+01           
                      23  a3du       1.7000E+01       FIX 
                      24  a4du       4.7684E+01           
                      25  a0g        4.4963E+01       FIX 
                      26  a1g        6.0053E-01           
                      27  a2g        6.2598E+00           
                      28  a3g       -3.3306E+00           
                      29  a4g        3.1882E+00           
                      30  a5g        0.0000E+00       FIX 
                      31  kappa      4.0000E-01       FIX 
                      32  a6dv       0.0000E+00       FIX 
                      33  a7dv       0.0000E+00       FIX 
                      34  off1      -3.9942E+00           
                      35  off2       5.0166E-01           
                      36  off3       5.0000E-02       FIX 
                      37  ht1       -3.4657E+00           
                      38  ht2        2.0285E+00           
                      39  ht3       -2.0869E+00           
                      40  ht4        0.0000E+00       FIX 
                      41  dummy41    0.0000E+00       FIX 
                      42  dummy42    0.0000E+00       FIX 
                      43  dummy43    0.0000E+00       FIX 
                      44  dummy44    0.0000E+00       FIX 
                      45  dummy45    0.0000E+00       FIX 
                      46  dummy46    0.0000E+00       FIX 
                      47  dummy47    0.0000E+00       FIX 
                      48  dummy48    0.0000E+00       FIX 
                      49  dummy49    0.0000E+00       FIX 
                      50  bcdmsh2    9.7074E-01           
                      51  bcdmsd2    9.9201E-01           
                      52  ccfr       1.0000E+00       FIX 
                      53  nutev      1.0000E+00       FIX 
                      54  zeus       9.7998E-01       FIX 
                      55  h1         1.0162E+00       FIX 
                      56  e605       1.0319E+00       FIX 
                      57  NmcH2      1.0077E+00           
                      58  ntv_nu     1.0000E+00       FIX 
                      59  ntv_nuba   1.0000E+00       FIX 
                      60  cdf_jet    9.8910E-01       FIX 
                      61  d0_jet     8.3504E-01       FIX 
                      62  slac_p     1.0041E+00           
                      63  slac_d     1.0056E+00           
                      64  e866pp     9.6252E-01           
                      65  e866pd     9.6582E-01           
                      66  d0_gamje   1.0371E+00           
                      67  h1b        9.7608E-01       FIX 
                      68  jlab_p     9.9508E-01           
                      69  jlab_d     9.8020E-01           
                      70  blank      1.0000E+00       FIX 
                      71  d0run2     9.4282E-01           
                      72  cdfrun2    9.2945E-01           
                      73  HERA_el    1.0000E+00       FIX 
                      74  HERA_ps    1.0000E+00       FIX 
                      75  CDF_Z      9.6402E-01           
                      76  NmcRat     1.0000E+00       FIX 
                      77  BNS_F2nd   9.8370E-01           
                      78  HERMES_F   9.9735E-01           
                      79  HERMES_F   9.8081E-01           
 ------------------------------------------------------------
     2    4.73125E+03
                       1  LAMBDA     2.2680E-01       FIX 
                       2  a0uv       2.2498E+00       FIX 
                       3  a1uv       5.9780E-01           
                       4  a2uv       3.5329E+00           
                       5  a3uv       0.0000E+00       FIX 
                       6  a4uv       3.6928E+00           
                       7  a5uv       0.0000E+00       FIX 
                       8  a0dv       1.7226E+01       FIX 
                       9  a1dv       1.0789E+00           
                      10  a2dv       6.0429E+00           
                      11  a3dv      -3.3017E+00           
                      12  a4dv       4.4545E+00           
                      13  a5dv       0.0000E+00       FIX 
                      14  a0ud       1.4541E-01           
                      15  a1ud      -2.0835E-01           
                      16  a2ud       8.2550E+00           
                      17  a3ud       0.0000E+00       FIX 
                      18  a4ud       1.4631E+01           
                      19  a5ud       0.0000E+00       FIX 
                      20  a0du       3.5712E+04       FIX 
                      21  a1du       4.0164E+00           
                      22  a2du       2.0158E+01           
                      23  a3du       1.7000E+01       FIX 
                      24  a4du       4.6807E+01           
                      25  a0g        4.3203E+01       FIX 
                      26  a1g        5.9425E-01           
                      27  a2g        6.1214E+00           
                      28  a3g       -3.3127E+00           
                      29  a4g        3.1596E+00           
                      30  a5g        0.0000E+00       FIX 
                      31  kappa      4.0000E-01       FIX 
                      32  a6dv       0.0000E+00       FIX 
                      33  a7dv       0.0000E+00       FIX 
                      34  off1      -3.0197E+00           
                      35  off2       3.7875E-01           
                      36  off3       5.0000E-02       FIX 
                      37  ht1       -3.3629E+00           
                      38  ht2        2.0137E+00           
                      39  ht3       -2.0987E+00           
                      40  ht4        0.0000E+00       FIX 
                      41  dummy41    0.0000E+00       FIX 
                      42  dummy42    0.0000E+00       FIX 
                      43  dummy43    0.0000E+00       FIX 
                      44  dummy44    0.0000E+00       FIX 
                      45  dummy45    0.0000E+00       FIX 
                      46  dummy46    0.0000E+00       FIX 
                      47  dummy47    0.0000E+00       FIX 
                      48  dummy48    0.0000E+00       FIX 
                      49  dummy49    0.0000E+00       FIX 
                      50  bcdmsh2    9.6835E-01           
                      51  bcdmsd2    9.9034E-01           
                      52  ccfr       1.0000E+00       FIX 
                      53  nutev      1.0000E+00       FIX 
                      54  zeus       9.7998E-01       FIX 
                      55  h1         1.0162E+00       FIX 
                      56  e605       1.0319E+00       FIX 
                      57  NmcH2      1.0053E+00           
                      58  ntv_nu     1.0000E+00       FIX 
                      59  ntv_nuba   1.0000E+00       FIX 
                      60  cdf_jet    9.8910E-01       FIX 
                      61  d0_jet     8.3504E-01       FIX 
                      62  slac_p     1.0017E+00           
                      63  slac_d     1.0032E+00           
                      64  e866pp     9.6291E-01           
                      65  e866pd     9.6364E-01           
                      66  d0_gamje   1.0365E+00           
                      67  h1b        9.7608E-01       FIX 
                      68  jlab_p     9.9284E-01           
                      69  jlab_d     9.7839E-01           
                      70  blank      1.0000E+00       FIX 
                      71  d0run2     9.4751E-01           
                      72  cdfrun2    9.3356E-01           
                      73  HERA_el    1.0000E+00       FIX 
                      74  HERA_ps    1.0000E+00       FIX 
                      75  CDF_Z      9.6000E-01           
                      76  NmcRat     1.0000E+00       FIX 
                      77  BNS_F2nd   9.8151E-01           
                      78  HERMES_F   9.9469E-01           
                      79  HERMES_F   9.7834E-01           
 ------------------------------------------------------------
     3    4.72112E+03
                       1  LAMBDA     2.2680E-01       FIX 
                       2  a0uv       2.1957E+00       FIX 
                       3  a1uv       5.9222E-01           
                       4  a2uv       3.5346E+00           
                       5  a3uv       0.0000E+00       FIX 
                       6  a4uv       3.8161E+00           
                       7  a5uv       0.0000E+00       FIX 
                       8  a0dv       1.6929E+01       FIX 
                       9  a1dv       1.0744E+00           
                      10  a2dv       6.0386E+00           
                      11  a3dv      -3.2997E+00           
                      12  a4dv       4.4676E+00           
                      13  a5dv       0.0000E+00       FIX 
                      14  a0ud       1.4466E-01           
                      15  a1ud      -2.0884E-01           
                      16  a2ud       8.2725E+00           
                      17  a3ud       0.0000E+00       FIX 
                      18  a4ud       1.4839E+01           
                      19  a5ud       0.0000E+00       FIX 
                      20  a0du       3.5712E+04       FIX 
                      21  a1du       4.0197E+00           
                      22  a2du       2.0216E+01           
                      23  a3du       1.7000E+01       FIX 
                      24  a4du       4.6989E+01           
                      25  a0g        4.3089E+01       FIX 
                      26  a1g        5.9376E-01           
                      27  a2g        6.1556E+00           
                      28  a3g       -3.3062E+00           
                      29  a4g        3.1561E+00           
                      30  a5g        0.0000E+00       FIX 
                      31  kappa      4.0000E-01       FIX 
                      32  a6dv       0.0000E+00       FIX 
                      33  a7dv       0.0000E+00       FIX 
                      34  off1      -3.2000E+00           
                      35  off2       3.0763E-01           
                      36  off3       5.0000E-02       FIX 
                      37  ht1       -3.3779E+00           
                      38  ht2        2.0248E+00           
                      39  ht3       -2.0989E+00           
                      40  ht4        0.0000E+00       FIX 
                      41  dummy41    0.0000E+00       FIX 
                      42  dummy42    0.0000E+00       FIX 
                      43  dummy43    0.0000E+00       FIX 
                      44  dummy44    0.0000E+00       FIX 
                      45  dummy45    0.0000E+00       FIX 
                      46  dummy46    0.0000E+00       FIX 
                      47  dummy47    0.0000E+00       FIX 
                      48  dummy48    0.0000E+00       FIX 
                      49  dummy49    0.0000E+00       FIX 
                      50  bcdmsh2    9.6790E-01           
                      51  bcdmsd2    9.8990E-01           
                      52  ccfr       1.0000E+00       FIX 
                      53  nutev      1.0000E+00       FIX 
                      54  zeus       9.7998E-01       FIX 
                      55  h1         1.0162E+00       FIX 
                      56  e605       1.0319E+00       FIX 
                      57  NmcH2      1.0049E+00           
                      58  ntv_nu     1.0000E+00       FIX 
                      59  ntv_nuba   1.0000E+00       FIX 
                      60  cdf_jet    9.8910E-01       FIX 
                      61  d0_jet     8.3504E-01       FIX 
                      62  slac_p     1.0013E+00           
                      63  slac_d     1.0028E+00           
                      64  e866pp     9.6544E-01           
                      65  e866pd     9.6505E-01           
                      66  d0_gamje   1.0361E+00           
                      67  h1b        9.7608E-01       FIX 
                      68  jlab_p     9.9245E-01           
                      69  jlab_d     9.7808E-01           
                      70  blank      1.0000E+00       FIX 
                      71  d0run2     9.4822E-01           
                      72  cdfrun2    9.3427E-01           
                      73  HERA_el    1.0000E+00       FIX 
                      74  HERA_ps    1.0000E+00       FIX 
                      75  CDF_Z      9.5905E-01           
                      76  NmcRat     1.0000E+00       FIX 
                      77  BNS_F2nd   9.8139E-01           
                      78  HERMES_F   9.9425E-01           
                      79  HERMES_F   9.7793E-01           
 ------------------------------------------------------------
     4    4.72106E+03
                       1  LAMBDA     2.2680E-01    0.0000E+00
                       2  a0uv       2.1845E+00    0.0000E+00
                       3  a1uv       5.9103E-01    2.0719E-02
                       4  a2uv       3.5351E+00    1.1089E-02
                       5  a3uv       0.0000E+00    0.0000E+00
                       6  a4uv       3.8419E+00    4.8312E-01
                       7  a5uv       0.0000E+00    0.0000E+00
                       8  a0dv       1.6924E+01    0.0000E+00
                       9  a1dv       1.0741E+00    2.9622E-02
                      10  a2dv       6.0395E+00    9.8505E-02
                      11  a3dv      -3.3012E+00    8.4612E-02
                      12  a4dv       4.4705E+00    1.3741E-01
                      13  a5dv       0.0000E+00    0.0000E+00
                      14  a0ud       1.4451E-01    4.9609E-03
                      15  a1ud      -2.0893E-01    3.7478E-03
                      16  a2ud       8.2748E+00    1.7644E-01
                      17  a3ud       0.0000E+00    0.0000E+00
                      18  a4ud       1.4879E+01    1.1497E+00
                      19  a5ud       0.0000E+00    0.0000E+00
                      20  a0du       3.5712E+04    0.0000E+00
                      21  a1du       4.0207E+00    6.6734E-02
                      22  a2du       2.0220E+01    8.6310E-01
                      23  a3du       1.7000E+01    0.0000E+00
                      24  a4du       4.7035E+01    6.0711E+00
                      25  a0g        4.3138E+01    0.0000E+00
                      26  a1g        5.9364E-01    3.0616E-02
                      27  a2g        6.1556E+00    9.5369E-01
                      28  a3g       -3.3096E+00    1.3024E-01
                      29  a4g        3.1620E+00    2.9697E-01
                      30  a5g        0.0000E+00    0.0000E+00
                      31  kappa      4.0000E-01    0.0000E+00
                      32  a6dv       0.0000E+00    0.0000E+00
                      33  a7dv       0.0000E+00    0.0000E+00
                      34  off1      -3.2787E+00    7.9280E-01
                      35  off2       3.0449E-01    8.9102E-02
                      36  off3       5.0000E-02    0.0000E+00
                      37  ht1       -3.3864E+00    2.9245E-01
                      38  ht2        2.0294E+00    1.2079E-01
                      39  ht3       -2.0986E+00    3.0480E-02
                      40  ht4        0.0000E+00    0.0000E+00
                      41  dummy41    0.0000E+00    0.0000E+00
                      42  dummy42    0.0000E+00    0.0000E+00
                      43  dummy43    0.0000E+00    0.0000E+00
                      44  dummy44    0.0000E+00    0.0000E+00
                      45  dummy45    0.0000E+00    0.0000E+00
                      46  dummy46    0.0000E+00    0.0000E+00
                      47  dummy47    0.0000E+00    0.0000E+00
                      48  dummy48    0.0000E+00    0.0000E+00
                      49  dummy49    0.0000E+00    0.0000E+00
                      50  bcdmsh2    9.6782E-01    4.8466E-03
                      51  bcdmsd2    9.8979E-01    5.7853E-03
                      52  ccfr       1.0000E+00    0.0000E+00
                      53  nutev      1.0000E+00    0.0000E+00
                      54  zeus       9.7998E-01    0.0000E+00
                      55  h1         1.0162E+00    0.0000E+00
                      56  e605       1.0319E+00    0.0000E+00
                      57  NmcH2      1.0048E+00    7.0906E-03
                      58  ntv_nu     1.0000E+00    0.0000E+00
                      59  ntv_nuba   1.0000E+00    0.0000E+00
                      60  cdf_jet    9.8910E-01    0.0000E+00
                      61  d0_jet     8.3504E-01    0.0000E+00
                      62  slac_p     1.0012E+00    4.8812E-03
                      63  slac_d     1.0027E+00    5.3134E-03
                      64  e866pp     9.6599E-01    1.9356E-02
                      65  e866pd     9.6530E-01    1.5667E-02
                      66  d0_gamje   1.0359E+00    1.6402E-02
                      67  h1b        9.7608E-01    0.0000E+00
                      68  jlab_p     9.9241E-01    5.8291E-03
                      69  jlab_d     9.7803E-01    5.9609E-03
                      70  blank      1.0000E+00    0.0000E+00
                      71  d0run2     9.4822E-01    1.4788E-02
                      72  cdfrun2    9.3433E-01    1.7542E-02
                      73  HERA_el    1.0000E+00    0.0000E+00
                      74  HERA_ps    1.0000E+00    0.0000E+00
                      75  CDF_Z      9.5884E-01    6.3204E-03
                      76  NmcRat     1.0000E+00    0.0000E+00
                      77  BNS_F2nd   9.8144E-01    6.9854E-03
                      78  HERMES_F   9.9419E-01    5.6197E-03
                      79  HERMES_F   9.7784E-01    5.8390E-03
0 MINIMIZATION TERMINATED WITH STEP  4
  TOLERANCE CRITERION      SATISFIED
0 CHI SQUARED PER DEGREE OF FREEDOM IS  1.048E+00
   1.000 -0.385 -0.982  0.311  0.078  0.107 -0.303  0.455  0.394 -0.274 -0.510 -0.275 -0.213 -0.137  0.163  0.088  0.028 -0.031 -0.025  0.126  0.151 -0.287  0.046  0.317  0.245  0.160  0.307  0.268 -0.419 -0.206  0.083  0.213  0.208 -0.142 -0.124  0.475  0.121  0.264  0.233
  -0.385  1.000  0.521  0.055  0.082  0.005  0.016 -0.125 -0.114  0.339  0.256  0.215 -0.007  0.122 -0.031  0.072  0.101 -0.017 -0.173 -0.058 -0.609  0.440  0.300  0.096  0.044  0.014  0.008  0.050  0.156  0.037  0.001  0.100  0.173 -0.077 -0.034 -0.059 -0.092  0.052  0.053
  -0.982  0.521  1.000 -0.253 -0.039 -0.107  0.285 -0.433 -0.379  0.323  0.536  0.295  0.208  0.161 -0.139 -0.041  0.007  0.022 -0.006 -0.112 -0.237  0.340  0.035 -0.210 -0.166 -0.103 -0.194 -0.165  0.475  0.264 -0.071 -0.113 -0.108  0.090  0.085 -0.389 -0.114 -0.164 -0.140
   0.311  0.055 -0.253  1.000  0.792 -0.575 -0.223  0.202  0.150 -0.265 -0.302  0.266 -0.307  0.147  0.343  0.273 -0.157  0.222 -0.134  0.128 -0.360  0.292  0.302  0.287  0.195  0.111  0.329  0.267 -0.005 -0.058  0.043  0.251  0.228 -0.103 -0.080  0.270  0.083  0.301  0.241
   0.078  0.082 -0.039  0.792  1.000 -0.875  0.378 -0.053 -0.070 -0.013  0.038  0.083 -0.145  0.229  0.229  0.216 -0.174  0.225 -0.377  0.155 -0.342  0.243  0.254  0.173  0.114  0.117  0.172  0.146  0.051  0.047  0.009  0.145  0.102 -0.070 -0.049  0.165  0.147  0.187  0.154
   0.107  0.005 -0.107 -0.575 -0.875  1.000 -0.620  0.237  0.231  0.028 -0.206  0.022  0.120 -0.343 -0.178 -0.258  0.167 -0.269  0.366 -0.242  0.320 -0.287 -0.221 -0.058 -0.031 -0.113 -0.078 -0.066 -0.118 -0.177  0.025 -0.053 -0.029  0.045  0.022 -0.068 -0.247 -0.110 -0.095
  -0.303  0.016  0.285 -0.223  0.378 -0.620  1.000 -0.410 -0.364  0.362  0.563 -0.336  0.210  0.174 -0.102  0.057 -0.002  0.061 -0.380  0.166 -0.058  0.021  0.036 -0.076 -0.041  0.092 -0.097 -0.054  0.140  0.284 -0.052 -0.065 -0.083 -0.021 -0.004 -0.037  0.234 -0.049 -0.011
   0.455 -0.125 -0.433  0.202 -0.053  0.237 -0.410  1.000  0.967 -0.406 -0.826  0.063 -0.140 -0.162 -0.078 -0.028  0.175 -0.137  0.089 -0.005 -0.018 -0.040  0.063  0.245  0.199  0.170  0.239  0.211 -0.085 -0.067  0.087  0.176  0.176  0.010  0.005  0.345 -0.003  0.218  0.188
   0.394 -0.114 -0.379  0.150 -0.070  0.231 -0.364  0.967  1.000 -0.355 -0.771  0.047 -0.114 -0.156 -0.187 -0.096  0.207 -0.186  0.089 -0.016 -0.007 -0.043  0.038  0.191  0.156  0.145  0.177  0.155 -0.094 -0.082  0.075  0.130  0.130  0.031  0.019  0.273 -0.014  0.163  0.139
  -0.274  0.339  0.323 -0.265 -0.013  0.028  0.362 -0.406 -0.355  1.000  0.721 -0.256  0.439 -0.048 -0.104 -0.184 -0.207  0.060  0.041 -0.280  0.078  0.023 -0.192 -0.112 -0.018  0.001 -0.092 -0.005 -0.020 -0.041 -0.009 -0.032  0.014  0.155  0.095 -0.181 -0.220 -0.049  0.024
  -0.510  0.256  0.536 -0.302  0.038 -0.206  0.563 -0.826 -0.771  0.721  1.000 -0.172  0.330  0.101 -0.058 -0.085 -0.111  0.014 -0.131 -0.072  0.086 -0.048 -0.101 -0.044  0.016  0.053 -0.005  0.061  0.319  0.360 -0.074  0.028  0.056 -0.027 -0.041 -0.101 -0.014  0.018  0.089
  -0.275  0.215  0.295  0.266  0.083  0.022 -0.336  0.063  0.047 -0.256 -0.172  1.000 -0.630 -0.038  0.110 -0.006 -0.083  0.044  0.023  0.011 -0.181  0.216  0.063 -0.025 -0.032 -0.040  0.017 -0.017  0.288 -0.013 -0.004  0.033  0.002  0.047  0.032 -0.107  0.006  0.046 -0.044
  -0.213 -0.007  0.208 -0.307 -0.145  0.120  0.210 -0.140 -0.114  0.439  0.330 -0.630  1.000  0.116 -0.220 -0.168  0.121 -0.169  0.239 -0.277  0.167 -0.163 -0.110  0.003  0.010  0.026 -0.015 -0.010  0.148  0.096  0.001 -0.007 -0.006  0.002 -0.007 -0.083 -0.276 -0.027 -0.011
  -0.137  0.122  0.161  0.147  0.229 -0.343  0.174 -0.162 -0.156 -0.048  0.101 -0.038  0.116  1.000  0.075  0.194 -0.139  0.232 -0.059  0.139 -0.169  0.207  0.089  0.101 -0.032  0.173  0.122 -0.008  0.213  0.091  0.019  0.088  0.005  0.012  0.017 -0.074 -0.010  0.136  0.000
   0.163 -0.031 -0.139  0.343  0.229 -0.178 -0.102 -0.078 -0.187 -0.104 -0.058  0.110 -0.220  0.075  1.000  0.702 -0.640  0.801 -0.053  0.083 -0.092  0.168  0.101  0.116  0.084 -0.042  0.172  0.151 -0.071 -0.057  0.032  0.112  0.123 -0.031  0.004  0.110  0.062  0.154  0.136
   0.088  0.072 -0.041  0.273  0.216 -0.258  0.057 -0.028 -0.096 -0.184 -0.085 -0.006 -0.168  0.194  0.702  1.000 -0.157  0.697 -0.075  0.180 -0.351  0.427  0.391  0.145  0.089  0.033  0.239  0.205 -0.008  0.057  0.029  0.146  0.160 -0.277 -0.125  0.139  0.166  0.208  0.187
   0.028  0.101  0.007 -0.157 -0.174  0.167 -0.002  0.175  0.207 -0.207 -0.111 -0.083  0.121 -0.139 -0.640 -0.157  1.000 -0.798  0.014  0.096 -0.197  0.009  0.352  0.161  0.108  0.158  0.167  0.139  0.205  0.263 -0.011  0.135  0.115 -0.424 -0.293  0.264  0.127  0.108  0.096
  -0.031 -0.017  0.022  0.222  0.225 -0.269  0.061 -0.137 -0.186  0.060  0.014  0.044 -0.169  0.232  0.801  0.697 -0.798  1.000 -0.031  0.013 -0.087  0.301 -0.041 -0.114 -0.092 -0.136 -0.069 -0.061 -0.201 -0.220  0.024 -0.084 -0.058  0.192  0.184 -0.210 -0.021 -0.032 -0.032
  -0.025 -0.173 -0.006 -0.134 -0.377  0.366 -0.380  0.089  0.089  0.041 -0.131  0.023  0.239 -0.059 -0.053 -0.075  0.014 -0.031  1.000 -0.435  0.024  0.023 -0.087 -0.136 -0.000 -0.109 -0.073 -0.092 -0.052 -0.184  0.023  0.019 -0.095  0.103  0.076 -0.200 -0.328 -0.118 -0.073
   0.126 -0.058 -0.112  0.128  0.155 -0.242  0.166 -0.005 -0.016 -0.280 -0.072  0.011 -0.277  0.139  0.083  0.180  0.096  0.013 -0.435  1.000 -0.058  0.017  0.112  0.171 -0.208  0.081  0.208 -0.213  0.046  0.140 -0.008  0.163 -0.196 -0.137 -0.096  0.189  0.616  0.133 -0.123
   0.151 -0.609 -0.237 -0.360 -0.342  0.320 -0.058 -0.018 -0.007  0.078  0.086 -0.181  0.167 -0.169 -0.092 -0.351 -0.197 -0.087  0.024 -0.058  1.000 -0.822 -0.589 -0.068 -0.031  0.015 -0.068 -0.060 -0.006  0.061 -0.010 -0.144 -0.158  0.175  0.077  0.022 -0.058 -0.075 -0.061
  -0.287  0.440  0.340  0.292  0.243 -0.287  0.021 -0.040 -0.043  0.023 -0.048  0.216 -0.163  0.207  0.168  0.427  0.009  0.301  0.023  0.017 -0.822  1.000  0.303 -0.093 -0.094 -0.107  0.050  0.043 -0.052 -0.164  0.010  0.045  0.082 -0.017  0.047 -0.233 -0.007  0.029  0.012
   0.046  0.300  0.035  0.302  0.254 -0.221  0.036  0.063  0.038 -0.192 -0.101  0.063 -0.110  0.089  0.101  0.391  0.352 -0.041 -0.087  0.112 -0.589  0.303  1.000  0.245  0.186  0.096  0.084  0.083  0.121  0.150  0.015 -0.011  0.021 -0.335 -0.209  0.230  0.145  0.136  0.129
   0.317  0.096 -0.210  0.287  0.173 -0.058 -0.076  0.245  0.191 -0.112 -0.044 -0.025  0.003  0.101  0.116  0.145  0.161 -0.114 -0.136  0.171 -0.068 -0.093  0.245  1.000  0.487  0.387  0.700  0.616  0.376  0.479  0.055  0.559  0.521 -0.268 -0.227  0.629  0.159  0.606  0.556
   0.245  0.044 -0.166  0.195  0.114 -0.031 -0.041  0.199  0.156 -0.018  0.016 -0.032  0.010 -0.032  0.084  0.089  0.108 -0.092 -0.000 -0.208 -0.031 -0.094  0.186  0.487  1.000  0.323  0.538  0.669  0.307  0.429  0.038  0.424  0.560 -0.201 -0.175  0.528 -0.017  0.488  0.580
   0.160  0.014 -0.103  0.111  0.117 -0.113  0.092  0.170  0.145  0.001  0.053 -0.040  0.026  0.173 -0.042  0.033  0.158 -0.136 -0.109  0.081  0.015 -0.107  0.096  0.387  0.323  1.000  0.441  0.417  0.330  0.413  0.030  0.351  0.348 -0.173 -0.149  0.447  0.106  0.422  0.402
   0.307  0.008 -0.194  0.329  0.172 -0.078 -0.097  0.239  0.177 -0.092 -0.005  0.017 -0.015  0.122  0.172  0.239  0.167 -0.069 -0.073  0.208 -0.068  0.050  0.084  0.700  0.538  0.441  1.000  0.803  0.466  0.574  0.058  0.757  0.683 -0.307 -0.257  0.692  0.192  0.757  0.693
   0.268  0.050 -0.165  0.267  0.146 -0.066 -0.054  0.211  0.155 -0.005  0.061 -0.017 -0.010 -0.008  0.151  0.205  0.139 -0.061 -0.092 -0.213 -0.060  0.043  0.083  0.616  0.669  0.417  0.803  1.000  0.418  0.569  0.044  0.631  0.828 -0.286 -0.239  0.666  0.006  0.693  0.796
  -0.419  0.156  0.475 -0.005  0.051 -0.118  0.140 -0.085 -0.094 -0.020  0.319  0.288  0.148  0.213 -0.071 -0.008  0.205 -0.201 -0.052  0.046 -0.006 -0.052  0.121  0.376  0.307  0.330  0.466  0.418  1.000  0.726 -0.019  0.382  0.347 -0.200 -0.173  0.324  0.073  0.431  0.388
  -0.206  0.037  0.264 -0.058  0.047 -0.177  0.284 -0.067 -0.082 -0.041  0.360 -0.013  0.096  0.091 -0.057  0.057  0.263 -0.220 -0.184  0.140  0.061 -0.164  0.150  0.479  0.429  0.413  0.574  0.569  0.726  1.000 -0.025  0.457  0.457 -0.287 -0.240  0.544  0.216  0.513  0.547
