# fitpack15: fit parameters                                                                         
# CJ15 AV18 final data choices                                                                      
# Created on 06/15/2019 at 19:30:26                                                                 

 # QCD setup
  INS                           0
  NVL                          11
  IORD                          1
  Q02                   1.6899999999999999     
  IPARAMC                       7
  FLAVOR                4.0000000000000000     
  xmc                   1.3000000000000000     
  xmb                   4.5000000000000000     
  ncb                          12
  ihq                           1
  ias                           0

 # Theory corrections
  inuke                     10914
  itmc                          1
  iht                           1

 # fit parameters
 LAMBDA       0.22680        0.0000    
 a0uv          2.3775        0.0000    
 a1uv         0.61218       0.25971E-01
 a2uv          3.5511       0.14891E-01
 a3uv          0.0000        0.0000    
 a4uv          3.5254       0.58755    
 a5uv          0.0000        0.0000    
 a0dv          28.380        0.0000    
 a1dv          1.1892       0.37763E-01
 a2dv          6.6820       0.19314    
 a3dv         -3.5313       0.94457E-01
 a4dv          4.6079       0.17702    
 a5dv          0.0000        0.0000    
 a0ud         0.14735       0.54739E-02
 a1ud        -0.20731       0.39982E-02
 a2ud          8.2722       0.23149    
 a3ud          0.0000        0.0000    
 a4ud          13.811        1.4896    
 a5ud          0.0000        0.0000    
 a0du          35712.        0.0000    
 a1du          4.0864       0.91492E-01
 a2du          19.892        1.0144    
 a3du          17.000        0.0000    
 a4du          52.758        11.780    
 a0g           48.881        0.0000    
 a1g          0.61773       0.31114E-01
 a2g           6.2834       0.87915    
 a3g          -3.4091       0.12502    
 a4g           3.3238       0.28960    
 a5g           0.0000        0.0000    
 kappa        0.40000        0.0000    
 a6dv        -0.34236E-02   0.13537E-02
 a7dv          2.0000        0.0000    
 off1         -2.4214        4.4851    
 off2         0.13038       0.80075    
 off3         0.17763       0.88791    
 ht1          -3.3107       0.28142    
 ht2           1.9351       0.11797    
 ht3          -2.1060       0.29605E-01
 ht4           0.0000        0.0000    
 dummy41       0.0000        0.0000    
 dummy42       0.0000        0.0000    
 dummy43       0.0000        0.0000    
 dummy44       0.0000        0.0000    
 dummy45       0.0000        0.0000    
 dummy46       0.0000        0.0000    
 dummy47       0.0000        0.0000    
 dummy48       0.0000        0.0000    
 dummy49       0.0000        0.0000    
 bcdmsh2      0.97031       0.48794E-02
 bcdmsd2      0.98979       0.57847E-02
 ccfr          1.0000        0.0000    
 nutev         1.0000        0.0000    
 zeus         0.97998        0.0000    
 h1            1.0162        0.0000    
 e605          1.0319        0.0000    
 NmcH2         1.0057       0.71542E-02
 ntv_nu        1.0000        0.0000    
 ntv_nubar     1.0000        0.0000    
 cdf_jet      0.98910        0.0000    
 d0_jet       0.83504        0.0000    
 slac_p        1.0019       0.48864E-02
 slac_d        1.0004       0.53111E-02
 e866pp       0.95588       0.22004E-01
 e866pd       0.94619       0.17787E-01
 d0_gamjet     1.0405       0.16574E-01
 h1b          0.97608        0.0000    
 jlab_p       0.99387       0.58794E-02
 jlab_d       0.97350       0.60001E-02
 blank         1.0000        0.0000    
 d0run2       0.95030       0.14837E-01
 cdfrun2      0.93526       0.17571E-01
 HERA_el       1.0000        0.0000    
 HERA_ps       1.0000        0.0000    
 CDF_Z        0.95995       0.68021E-02
 NmcRat        1.0000        0.0000    
 BNS_F2nd     0.97412       0.80133E-02
 HERMES_F2p   0.99498       0.56271E-02
 HERMES_F2d   0.97664       0.58381E-02
 END 0. 0.

 # Hessian matrix (Bevington alpha)
   0.48109771998803E+07 -0.12837410774221E+07  0.22811690439092E+06  0.58229167488887E+06 -0.13750813725113E+06  0.50141130616140E+04  0.78155178312491E+05  0.92069655057711E+06 -0.16870677661996E+06 -0.50181330870720E+05  0.80280155024045E+04  0.13957811061549E+05  0.15832277565837E+04 -0.79640043847456E+02  0.12259488031550E+05 -0.28418260563278E+04  0.16033540506563E+05  0.11358701010791E+05 -0.91969093149061E+07 -0.38801725452365E+04 -0.11764689575276E+05 -0.30783611457853E+05 -0.19854605078689E+05 -0.99760318690766E+04 -0.22662340230659E+06 -0.12760176159184E+06 -0.54217241136144E+05 -0.44474178096139E+04 -0.84458407487021E+06 -0.10971635236872E+07 -0.20867141322488E+05 -0.47237435702694E+05 -0.30684567821834E+04 -0.19947545522381E+06 -0.22634126664786E+06 -0.88221876449490E+04 -0.31221048295592E+04 -0.15508972377029E+05  0.16622519897461E+05 -0.71161445395728E+05 -0.56218082245429E+05
  -0.12837410774221E+07  0.41417045425967E+06 -0.62774667805955E+05 -0.14964001876759E+06  0.36631894451033E+05  0.66397228083002E+04 -0.15194550314901E+05 -0.12379604923886E+06  0.25868202371476E+05  0.77611648732802E+04 -0.10204551147887E+04 -0.11583006349558E+04 -0.13402627892883E+03  0.10306978563035E+02  0.38813662633633E+03  0.21124649962241E+01 -0.15285936789100E+03 -0.11981558964214E+03  0.30989934380364E+07  0.12808520778074E+04  0.29739659753991E+04  0.90650036062154E+04  0.89979048075747E+04  0.98136756633371E+04  0.67088890124780E+05  0.16624488063255E+05  0.82746332967571E+04 -0.24135063841877E+03  0.21044569309169E+06  0.26707388936715E+06  0.58704704764641E+04  0.13457845587546E+05  0.41761322525265E+03  0.63684546658507E+05  0.71921414227850E+05  0.23961913013616E+04  0.76067422244109E+03 -0.23380982930451E+04 -0.22727659491720E+04  0.85944625077903E+04  0.72663180379105E+04
   0.22811690439092E+06 -0.62774667805955E+05  0.10929217606550E+05  0.27176593882114E+05 -0.65898103200158E+04 -0.24834528579325E+03  0.35073763746353E+04  0.32159076119602E+05 -0.57034911410946E+04 -0.20573838455212E+04  0.28576949862245E+03  0.43640017317659E+03  0.57225042926309E+02 -0.37470798421783E+01 -0.22225217610967E+03 -0.32153826108092E+02 -0.36966323429678E+02  0.80995690531409E+02 -0.45193034685937E+06 -0.18974463119026E+03 -0.56479999412131E+03 -0.14845527417159E+04 -0.10476954514478E+04 -0.76867324816264E+03 -0.10981470405776E+05 -0.55183508824075E+04 -0.23630893126296E+04  0.49887346167784E+02 -0.38884925106847E+05 -0.50793544095758E+05 -0.10065832275092E+04 -0.22894213531065E+04 -0.11720834035204E+03 -0.98509923197510E+04 -0.11165177332411E+05 -0.41807973336344E+03 -0.14551585556852E+03  0.36783731091045E+02  0.72365564624161E+03 -0.25618778989816E+04 -0.20842304635619E+04
   0.58229167488887E+06 -0.14964001876759E+06  0.27176593882114E+05  0.29341711840717E+06 -0.46683384877470E+05  0.58215510948130E+05  0.50688160585063E+05  0.31027695196875E+06 -0.27418058934503E+05 -0.16185823844619E+05  0.30925922492647E+04 -0.78002699764100E+03 -0.69138746122327E+02  0.33337393429862E+02  0.27776734318547E+05 -0.33478958972117E+04  0.25707231550067E+05  0.14396904025148E+05 -0.19808241720990E+07 -0.87490860101640E+03 -0.41142099998340E+04 -0.85274726934022E+04 -0.15045278793571E+04  0.23181232457161E+04 -0.39496202638965E+05 -0.12571275827481E+05 -0.20897678256882E+05 -0.42221086217978E+02 -0.65068421041499E+05 -0.33749075224424E+06 -0.13572348965517E+04 -0.24663419631191E+04 -0.68102008186937E+02 -0.11528201506410E+05 -0.51732885277453E+05 -0.23803338266879E+04 -0.92940196211640E+03 -0.94982212499605E+04 -0.15960384222613E+05 -0.71226957204398E+04 -0.21127780512855E+05
  -0.13750813725113E+06  0.36631894451033E+05 -0.65898103200158E+04 -0.46683384877470E+05  0.88413477342737E+04 -0.59640052867088E+04 -0.74684842585645E+04 -0.29108906969352E+05  0.10463951782984E+04  0.21258203984873E+04 -0.31335784518725E+03 -0.51809262103583E+02 -0.15652901076602E+01 -0.26221558831429E+01 -0.22214598368758E+04  0.26518062174403E+03 -0.19984739490612E+04 -0.11185337931222E+04  0.43533454063166E+06  0.19708168667064E+03  0.84716438582011E+03  0.17704057182871E+04  0.57944868036642E+03  0.33010608499376E+03  0.85178459790984E+04  0.19660674626140E+04  0.33255376339046E+04 -0.58921030730253E+02  0.11640086479411E+05  0.61789558144655E+05  0.32105777201155E+03  0.56247994047242E+03  0.86757794292934E+01  0.28509860424617E+04  0.12661773805793E+05  0.45098759935291E+03  0.16788238931448E+03  0.35597091575279E+03  0.25311081985832E+04  0.80445543536341E+03  0.24882959025499E+04
   0.50141130616140E+04  0.66397228083002E+04 -0.24834528579325E+03  0.58215510948130E+05 -0.59640052867088E+04  0.20451788242686E+05  0.12330611293379E+05  0.10065290911172E+06 -0.97764150083800E+04 -0.44080070811993E+04  0.99393202154369E+03 -0.44307278173704E+03 -0.36577554668898E+02  0.12395246724569E+02  0.92045494874005E+04 -0.11556884112325E+04  0.85438818171296E+04  0.49065543827886E+04 -0.43116310819698E+05  0.19538842360304E+01 -0.43710415821407E+03 -0.60443290677317E+03  0.77598415656783E+03  0.26063914466340E+04 -0.18528610963323E+04 -0.30956930249458E+04 -0.47409336608768E+04  0.18672388201828E+03 -0.97474638998281E+04 -0.47859662237920E+05 -0.78129557604868E+00 -0.34240506251917E+02 -0.20145086125901E+02  0.36768363451758E+03  0.13871573086122E+04 -0.28529031675086E+03 -0.14441044863645E+03 -0.32697961967825E+04 -0.38479768530966E+04 -0.19968949731844E+04 -0.57566019475492E+04
   0.78155178312491E+05 -0.15194550314901E+05  0.35073763746353E+04  0.50688160585063E+05 -0.74684842585645E+04  0.12330611293379E+05  0.97842774605938E+04  0.55560129991662E+05 -0.35533173775407E+04 -0.31308949480122E+04  0.57658415153155E+03 -0.11129408480860E+03 -0.11029692681040E+02  0.60884548774173E+01  0.45939908969130E+04 -0.57949924364360E+03  0.41206265474713E+04  0.23843186707233E+04 -0.22965157652878E+06 -0.93648114749668E+02 -0.68717418229962E+03 -0.12031008184616E+04  0.16805117739643E+03  0.12144657946104E+04 -0.51889315246716E+04 -0.26762089371716E+04 -0.42017966269856E+04  0.15468268624767E+03 -0.10719311470349E+05 -0.55975190996847E+05 -0.17233229589776E+03 -0.30265745280971E+03 -0.13814553795963E+02 -0.10823088695232E+04 -0.50089061180066E+04 -0.37994820898995E+03 -0.16097421651805E+03 -0.13815910057317E+04 -0.34981504891960E+04 -0.12222680683559E+04 -0.36506918653697E+04
   0.92069655057711E+06 -0.12379604923886E+06  0.32159076119602E+05  0.31027695196875E+06 -0.29108906969352E+05  0.10065290911172E+06  0.55560129991662E+05  0.47960783951838E+07 -0.22715523150209E+07 -0.81666550629703E+05  0.25694992653086E+05  0.24997120387262E+05  0.17143190671506E+04  0.87142110138579E+02  0.78631069300873E+05 -0.10324985476677E+05  0.86784118397995E+05  0.47368741020381E+05 -0.62712731805523E+06 -0.45310177264855E+03  0.25614376270866E+04 -0.34537214579938E+04  0.68723533433841E+04  0.34993257057146E+05 -0.28781442346802E+05 -0.58891332509154E+05 -0.47510305734900E+05 -0.65941989029406E+05 -0.27610715476529E+06 -0.54903726145374E+06 -0.72565435428276E+05 -0.16322514881412E+06 -0.12797058918579E+04 -0.57796935110497E+04 -0.11405900639892E+05  0.44872329130548E+03  0.33232996485377E+03 -0.25869814590057E+06 -0.87455530040221E+04 -0.13475290687540E+06 -0.16708703979257E+06
  -0.16870677661996E+06  0.25868202371476E+05 -0.57034911410946E+04 -0.27418058934503E+05  0.10463951782984E+04 -0.97764150083800E+04 -0.35533173775407E+04 -0.22715523150209E+07  0.19237893697172E+07  0.18443556389362E+05 -0.65254358677136E+04 -0.53130627220372E+04 -0.29321817314351E+03 -0.13214575262498E+02  0.50948042564017E+05 -0.26210648223202E+04  0.19391983699501E+05  0.97476703254409E+04  0.36409665096398E+04  0.93736175677208E+02 -0.15730122871775E+04  0.27969321666772E+02 -0.16928397313457E+04 -0.89276636744568E+04  0.47095261541216E+04  0.11101785142410E+05  0.10578950148502E+05  0.23885531870097E+05  0.64741914841326E+05  0.12450911966547E+06  0.23281854310296E+05  0.52449159817009E+05  0.16575664963618E+03  0.65596084766482E+03  0.13245643556180E+04 -0.13154559206368E+04 -0.72003608568356E+03  0.11091604135460E+06  0.16226438585275E+04  0.43775877954000E+05  0.53729085666755E+05
  -0.50181330870720E+05  0.77611648732802E+04 -0.20573838455212E+04 -0.16185823844619E+05  0.21258203984873E+04 -0.44080070811993E+04 -0.31308949480122E+04 -0.81666550629703E+05  0.18443556389362E+05  0.25341691021252E+04 -0.63841278277042E+03 -0.65973469151410E+03 -0.59551248366115E+02 -0.13554746167545E+01 -0.39560669440386E+04  0.49670362533144E+03 -0.37718330773284E+04 -0.21592729953886E+04  0.60012337276093E+05  0.27311306507969E+02  0.10762713091362E+03  0.32785500274057E+03 -0.20089997071997E+03 -0.10516209314619E+04  0.18574621168904E+04  0.26918473616590E+04  0.18709548838407E+04  0.72280551442273E+03  0.10831750076905E+05  0.22746337109259E+05  0.15373834872091E+04  0.33936824496666E+04  0.42019602215920E+02  0.58123875339899E+03  0.11092639213567E+04  0.12389491662799E+03  0.55386504829794E+02  0.30587468671622E+04  0.45038914100990E+03  0.27554928616476E+04  0.35055201973946E+04
   0.80280155024045E+04 -0.10204551147887E+04  0.28576949862245E+03  0.30925922492647E+04 -0.31335784518725E+03  0.99393202154369E+03  0.57658415153155E+03  0.25694992653086E+05 -0.65254358677136E+04 -0.63841278277042E+03  0.18680057447793E+03  0.20064176430684E+03  0.15020161610141E+02  0.61631573484861E+00  0.12963331540189E+04 -0.14804315309277E+03  0.11947931920357E+04  0.65879683147651E+03 -0.70418789475705E+04 -0.36002998680318E+01  0.51903579362408E+01 -0.38123646847460E+02  0.52701781019009E+02  0.26237500404472E+03 -0.24929264127230E+03 -0.49798465132120E+03 -0.37623119838788E+03 -0.34789118434398E+03 -0.21391030891749E+04 -0.43114752031961E+04 -0.46159668486359E+03 -0.10387717270336E+04 -0.11303579577586E+02 -0.52655577709268E+02 -0.10376746732669E+03 -0.13674347099682E+02 -0.65225880774763E+01 -0.11819270729109E+04 -0.73766207803881E+02 -0.85489312449323E+03 -0.10689141104746E+04
   0.13957811061549E+05 -0.11583006349558E+04  0.43640017317659E+03 -0.78002699764100E+03 -0.51809262103583E+02 -0.44307278173704E+03 -0.11129408480860E+03  0.24997120387262E+05 -0.53130627220372E+04 -0.65973469151410E+03  0.20064176430684E+03  0.15253109100556E+04  0.10174080646466E+03 -0.67729791211135E+00  0.14336262470913E+04 -0.20605460528879E+03  0.16972503179170E+04  0.98537495220946E+03 -0.64514807099218E+04 -0.13971267408108E+01 -0.46169322055531E+02 -0.16577863921140E+02  0.52918168765233E+02  0.28560175110624E+03 -0.60108954814673E+02 -0.11257210281169E+04 -0.27415088921988E-10 -0.68269843089226E+03 -0.49458768057151E+04  0.21984877704873E-09 -0.23421671723825E+04 -0.76279568678899E+02 -0.76546593634184E+02 -0.24581534430413E+00  0.15813020576386E-09 -0.16963427053039E+01 -0.72959075079741E+00  0.27533495363356E+03  0.32166345925486E+03 -0.26414417848855E+04 -0.85972734907535E-10
   0.15832277565837E+04 -0.13402627892883E+03  0.57225042926309E+02 -0.69138746122327E+02 -0.15652901076602E+01 -0.36577554668898E+02 -0.11029692681040E+02  0.17143190671506E+04 -0.29321817314351E+03 -0.59551248366115E+02  0.15020161610141E+02  0.10174080646466E+03  0.93077558321607E+01 -0.12999216269007E+00  0.84562612194195E+02 -0.14486121627720E+02  0.10678972319575E+03  0.67086313040640E+02 -0.38866246348506E+03 -0.19353866250724E+00 -0.46082226536431E+00  0.56362275545991E+00  0.67874858866895E+01  0.32150646420441E+02 -0.12156403144590E+02 -0.16769487218367E+03 -0.84513234103717E-11 -0.27044634268225E+02 -0.59021339660236E+03 -0.21106105981156E-10 -0.14844666258085E+03 -0.20315196902675E+02 -0.62744089254956E+01 -0.17828473756226E+00  0.49026439226965E-11 -0.18211015757510E+00 -0.70892032422543E-01  0.28055759180300E+02  0.72528814615428E+02 -0.19247679072736E+03 -0.85785750821211E-11
  -0.79640043847456E+02  0.10306978563035E+02 -0.37470798421783E+01  0.33337393429862E+02 -0.26221558831429E+01  0.12395246724569E+02  0.60884548774173E+01  0.87142110138579E+02 -0.13214575262498E+02 -0.13554746167545E+01  0.61631573484861E+00 -0.67729791211135E+00 -0.12999216269007E+00  0.42877162793827E-01  0.13586394317008E+02 -0.98895624969617E+00  0.87639199935803E+01  0.40564664758060E+01 -0.40827418714239E+02  0.29972925899595E-01 -0.89302719939046E+00 -0.58975248882615E+00 -0.46943218738927E-02  0.22899426138410E-01  0.14980983869549E-01  0.70990424816543E-01 -0.46106097063975E-12 -0.62005802900878E+01 -0.82723215438156E+00  0.12675203667585E-11 -0.35341816010500E+01 -0.18745511431151E-04 -0.14302487959248E+00  0.17705924139642E-12  0.18262787277063E-13 -0.17236471768285E-02 -0.95169159002667E-03 -0.17380948972973E+01  0.53581938328113E-04 -0.32817743042734E+01 -0.19563170054361E-11
   0.12259488031550E+05  0.38813662633633E+03 -0.22225217610967E+03  0.27776734318547E+05 -0.22214598368758E+04  0.92045494874005E+04  0.45939908969130E+04  0.78631069300873E+05  0.50948042564017E+05 -0.39560669440386E+04  0.12963331540189E+04  0.14336262470913E+04  0.84562612194195E+02  0.13586394317008E+02  0.50120771956411E+05 -0.48337633973398E+04  0.39408006254767E+05  0.20934932710716E+05 -0.52196930653880E+05  0.65006869942521E+01  0.11159939327428E+03  0.11237695035600E+03 -0.23585543691755E+02 -0.13719020194495E+03  0.76123773590118E+03 -0.29032207701488E+04 -0.18972809202877E+04 -0.25048808295174E+04  0.19065198430726E+04  0.42761676119524E+04 -0.15759333153187E+04 -0.31142297845016E+04 -0.73208091591073E+03  0.31685323227875E+03  0.56567598892222E+03 -0.29993879972366E+04 -0.15747409696405E+04 -0.21562466106364E+04  0.20307786149213E+03 -0.96135055131919E+03 -0.10865460710566E+04
  -0.28418260563278E+04  0.21124649962241E+01 -0.32153826108092E+02 -0.33478958972117E+04  0.26518062174403E+03 -0.11556884112325E+04 -0.57949924364360E+03 -0.10324985476677E+05 -0.26210648223202E+04  0.49670362533144E+03 -0.14804315309277E+03 -0.20605460528879E+03 -0.14486121627720E+02 -0.98895624969617E+00 -0.48337633973398E+04  0.54244732177358E+03 -0.43298248311105E+04 -0.23903030864519E+04  0.55665214123231E+04 -0.15916004485689E+01 -0.16287729625159E+02 -0.17675678865465E+02 -0.65116764082571E+01 -0.16474540640142E+02 -0.16048437714334E+03  0.55093238462877E+03  0.34541887494254E+03  0.29437615002540E+03 -0.14311400493436E+03 -0.48025487037820E+03  0.16942650176458E+03  0.33325151280561E+03  0.83645308482998E+02 -0.85103950483875E+02 -0.15007069119267E+03  0.47587209247872E+03  0.23203711537439E+03 -0.35276335077816E+03 -0.36402179887188E+02  0.26915491616285E+03  0.30292824924583E+03
   0.16033540506563E+05 -0.15285936789100E+03 -0.36966323429678E+02  0.25707231550067E+05 -0.19984739490612E+04  0.85438818171296E+04  0.41206265474713E+04  0.86784118397995E+05  0.19391983699501E+05 -0.37718330773284E+04  0.11947931920357E+04  0.16972503179170E+04  0.10678972319575E+03  0.87639199935803E+01  0.39408006254767E+05 -0.43298248311105E+04  0.35350306771325E+05  0.19287004109847E+05 -0.51231547379347E+05  0.43808784180164E+01  0.13805395002489E+03  0.12534621854180E+03 -0.87769163655240E+02 -0.27742779741096E+03  0.63989852676582E+03 -0.30248987584966E+04 -0.19448189515538E+04 -0.27472028640173E+04  0.23361920880456E+04  0.50949960603191E+04 -0.14321482502803E+04 -0.28457507166602E+04 -0.67443026006805E+03  0.88700220342551E+02  0.17643544673602E+03 -0.29252251121185E+04 -0.15716389618377E+04  0.16197871088353E+04  0.27000701045048E+03 -0.19039554394775E+04 -0.21200476399449E+04
   0.11358701010791E+05 -0.11981558964214E+03  0.80995690531409E+02  0.14396904025148E+05 -0.11185337931222E+04  0.49065543827886E+04  0.23843186707233E+04  0.47368741020381E+05  0.97476703254409E+04 -0.21592729953886E+04  0.65879683147651E+03  0.98537495220946E+03  0.67086313040640E+02  0.40564664758060E+01  0.20934932710716E+05 -0.23903030864519E+04  0.19287004109847E+05  0.10662445219733E+05 -0.27396379796082E+05  0.43576800125466E+01  0.82085803888873E+02  0.78578326283417E+02 -0.29879241757175E+02 -0.79723281555378E+02  0.51719277470332E+03 -0.21534024061654E+04 -0.13490301121006E+04 -0.13952134359332E+04  0.10834235293144E+04  0.27959919413867E+04 -0.73752601092219E+03 -0.14660845419576E+04 -0.37705369157098E+03  0.13612308915175E+03  0.25292171945648E+03 -0.19212631495404E+04 -0.98852900371194E+03  0.17030692544742E+04  0.18863276083466E+03 -0.13214780104395E+04 -0.14732795418245E+04
  -0.91969093149061E+07  0.30989934380364E+07 -0.45193034685937E+06 -0.19808241720990E+07  0.43533454063166E+06 -0.43116310819698E+05 -0.22965157652878E+06 -0.62712731805523E+06  0.36409665096398E+04  0.60012337276093E+05 -0.70418789475705E+04 -0.64514807099218E+04 -0.38866246348506E+03 -0.40827418714239E+02 -0.52196930653880E+05  0.55665214123231E+04 -0.51231547379347E+05 -0.27396379796082E+05  0.34513242505779E+08  0.16276286225800E+05  0.40494662996416E+05  0.11596045790203E+06  0.76056640844361E+05  0.87714955566685E+05  0.55071588531670E+06  0.38983340759133E+05  0.87598235640690E+05 -0.14372129309614E+04  0.64916731873511E+06  0.31899099697385E+07  0.19962330847505E+05  0.36548303954063E+05  0.23645369306312E+03  0.21039180402668E+06  0.92507091183248E+06  0.27423779611446E+05  0.86613802535373E+04 -0.21173759139427E+05  0.52276147827808E+05  0.23575409826607E+05  0.73620346627311E+05
  -0.38801725452365E+04  0.12808520778074E+04 -0.18974463119026E+03 -0.87490860101640E+03  0.19708168667064E+03  0.19538842360304E+01 -0.93648114749668E+02 -0.45310177264855E+03  0.93736175677208E+02  0.27311306507969E+02 -0.36002998680318E+01 -0.13971267408108E+01 -0.19353866250724E+00  0.29972925899595E-01  0.65006869942521E+01 -0.15916004485689E+01  0.43808784180164E+01  0.43576800125466E+01  0.16276286225800E+05  0.89020333792089E+01  0.19602743192914E+02  0.61914605286477E+02  0.30773219553512E+02  0.32410703420644E+02  0.24220829902997E+03  0.00000000000000E+00  0.41108037381624E+02  0.00000000000000E+00  0.00000000000000E+00  0.17858607197928E+04  0.00000000000000E+00  0.81159955549552E+01  0.00000000000000E+00  0.00000000000000E+00  0.47432114911458E+03  0.00000000000000E+00  0.00000000000000E+00  0.00000000000000E+00 -0.36291433319720E+02  0.00000000000000E+00  0.62692404867356E+02
  -0.11764689575276E+05  0.29739659753991E+04 -0.56479999412131E+03 -0.41142099998340E+04  0.84716438582011E+03 -0.43710415821407E+03 -0.68717418229962E+03  0.25614376270866E+04 -0.15730122871775E+04  0.10762713091362E+03  0.51903579362408E+01 -0.46169322055531E+02 -0.46082226536431E+00 -0.89302719939046E+00  0.11159939327428E+03 -0.16287729625159E+02  0.13805395002489E+03  0.82085803888873E+02  0.40494662996416E+05  0.19602743192914E+02  0.18146330461985E+03  0.25415732572514E+03  0.43694310460823E+02  0.27660626951121E+02  0.78413206798234E+03  0.00000000000000E+00  0.30686306836018E+03  0.00000000000000E+00  0.00000000000000E+00  0.67947815377788E+04  0.00000000000000E+00 -0.36123544148324E+03  0.00000000000000E+00  0.00000000000000E+00  0.12964462078272E+04  0.00000000000000E+00  0.00000000000000E+00  0.00000000000000E+00 -0.32101218779535E+03  0.00000000000000E+00 -0.95198879383424E+02
  -0.30783611457853E+05  0.90650036062154E+04 -0.14845527417159E+04 -0.85274726934022E+04  0.17704057182871E+04 -0.60443290677317E+03 -0.12031008184616E+04 -0.34537214579938E+04  0.27969321666772E+02  0.32785500274057E+03 -0.38123646847460E+02 -0.16577863921140E+02  0.56362275545991E+00 -0.58975248882615E+00  0.11237695035600E+03 -0.17675678865465E+02  0.12534621854180E+03  0.78578326283417E+02  0.11596045790203E+06  0.61914605286477E+02  0.25415732572514E+03  0.54296774284575E+03  0.17195559108035E+03  0.11284253139052E+03  0.19224391332800E+04  0.00000000000000E+00  0.65786809705537E+03  0.00000000000000E+00  0.00000000000000E+00  0.16339146501118E+05  0.00000000000000E+00 -0.16498635283162E+03  0.00000000000000E+00  0.00000000000000E+00  0.34068121005490E+04  0.00000000000000E+00  0.00000000000000E+00  0.00000000000000E+00 -0.56213229174759E+03  0.00000000000000E+00  0.54396737076928E+03
  -0.19854605078689E+05  0.89979048075747E+04 -0.10476954514478E+04 -0.15045278793571E+04  0.57944868036642E+03  0.77598415656783E+03  0.16805117739643E+03  0.68723533433841E+04 -0.16928397313457E+04 -0.20089997071997E+03  0.52701781019009E+02  0.52918168765233E+02  0.67874858866895E+01 -0.46943218738927E-02 -0.23585543691755E+02 -0.65116764082571E+01 -0.87769163655240E+02 -0.29879241757175E+02  0.76056640844361E+05  0.30773219553512E+02  0.43694310460823E+02  0.17195559108035E+03  0.41128409348358E+03  0.72940234002085E+03  0.16449533637706E+04 -0.49181124182194E+02 -0.28563195877047E+02  0.22776271612069E+01  0.92330163476751E+03  0.53476149027229E+03  0.00000000000000E+00  0.00000000000000E+00  0.00000000000000E+00  0.24474173324766E+04  0.30409550788311E+04  0.00000000000000E+00  0.00000000000000E+00  0.00000000000000E+00 -0.26774694173782E+02 -0.37685336175838E+03 -0.39282579690918E+03
  -0.99760318690766E+04  0.98136756633371E+04 -0.76867324816264E+03  0.23181232457161E+04  0.33010608499376E+03  0.26063914466340E+04  0.12144657946104E+04  0.34993257057146E+05 -0.89276636744568E+04 -0.10516209314619E+04  0.26237500404472E+03  0.28560175110624E+03  0.32150646420441E+02  0.22899426138410E-01 -0.13719020194495E+03 -0.16474540640142E+02 -0.27742779741096E+03 -0.79723281555378E+02  0.87714955566685E+05  0.32410703420644E+02  0.27660626951121E+02  0.11284253139052E+03  0.72940234002085E+03  0.18613553040318E+04  0.15766564251268E+04 -0.15409667846290E+03 -0.10592587928608E+03 -0.49732410508579E+02 -0.58586164418448E+04 -0.10301943687756E+05  0.00000000000000E+00  0.00000000000000E+00  0.00000000000000E+00  0.34282989894485E+04  0.41516579011965E+04  0.00000000000000E+00  0.00000000000000E+00  0.00000000000000E+00 -0.39883831317664E+02 -0.21110404867869E+04 -0.21856248698922E+04
  -0.22662340230659E+06  0.67088890124780E+05 -0.10981470405776E+05 -0.39496202638965E+05  0.85178459790984E+04 -0.18528610963323E+04 -0.51889315246716E+04 -0.28781442346802E+05  0.47095261541216E+04  0.18574621168904E+04 -0.24929264127230E+03 -0.60108954814673E+02 -0.12156403144590E+02  0.14980983869549E-01  0.76123773590118E+03 -0.16048437714334E+03  0.63989852676582E+03  0.51719277470332E+03  0.55071588531670E+06  0.24220829902997E+03  0.78413206798234E+03  0.19224391332800E+04  0.16449533637706E+04  0.15766564251268E+04  0.16501514425571E+05  0.25460617251117E+03  0.13258336101410E+03 -0.66984043678059E+01  0.38021223214516E+05  0.61904573936602E+05  0.00000000000000E+00  0.00000000000000E+00  0.00000000000000E+00  0.16030558325084E+05  0.20246407554998E+05  0.00000000000000E+00  0.00000000000000E+00  0.00000000000000E+00 -0.78310612642172E+02  0.15756960934164E+04  0.16093272065326E+04
  -0.12760176159184E+06  0.16624488063255E+05 -0.55183508824075E+04 -0.12571275827481E+05  0.19660674626140E+04 -0.30956930249458E+04 -0.26762089371716E+04 -0.58891332509154E+05  0.11101785142410E+05  0.26918473616590E+04 -0.49798465132120E+03 -0.11257210281169E+04 -0.16769487218367E+03  0.70990424816543E-01 -0.29032207701488E+04  0.55093238462877E+03 -0.30248987584966E+04 -0.21534024061654E+04  0.38983340759133E+05  0.00000000000000E+00  0.00000000000000E+00  0.00000000000000E+00 -0.49181124182194E+02 -0.15409667846290E+03  0.25460617251117E+03  0.11689957680253E+06  0.00000000000000E+00  0.00000000000000E+00  0.00000000000000E+00  0.00000000000000E+00  0.00000000000000E+00  0.00000000000000E+00  0.00000000000000E+00  0.00000000000000E+00  0.00000000000000E+00  0.00000000000000E+00  0.00000000000000E+00  0.00000000000000E+00  0.00000000000000E+00  0.00000000000000E+00  0.00000000000000E+00
  -0.54217241136144E+05  0.82746332967571E+04 -0.23630893126296E+04 -0.20897678256882E+05  0.33255376339046E+04 -0.47409336608768E+04 -0.42017966269856E+04 -0.47510305734900E+05  0.10578950148502E+05  0.18709548838407E+04 -0.37623119838788E+03 -0.27415088921988E-10 -0.84513234103717E-11 -0.46106097063975E-12 -0.18972809202877E+04  0.34541887494254E+03 -0.19448189515538E+04 -0.13490301121006E+04  0.87598235640690E+05  0.41108037381624E+02  0.30686306836018E+03  0.65786809705537E+03 -0.28563195877047E+02 -0.10592587928608E+03  0.13258336101410E+03  0.00000000000000E+00  0.65011476743996E+05  0.00000000000000E+00  0.00000000000000E+00  0.00000000000000E+00  0.00000000000000E+00  0.00000000000000E+00  0.00000000000000E+00  0.00000000000000E+00  0.00000000000000E+00  0.00000000000000E+00  0.00000000000000E+00  0.00000000000000E+00  0.00000000000000E+00  0.00000000000000E+00  0.00000000000000E+00
  -0.44474178096139E+04 -0.24135063841877E+03  0.49887346167784E+02 -0.42221086217978E+02 -0.58921030730253E+02  0.18672388201828E+03  0.15468268624767E+03 -0.65941989029406E+05  0.23885531870097E+05  0.72280551442273E+03 -0.34789118434398E+03 -0.68269843089226E+03 -0.27044634268225E+02 -0.62005802900878E+01 -0.25048808295174E+04  0.29437615002540E+03 -0.27472028640173E+04 -0.13952134359332E+04 -0.14372129309614E+04  0.00000000000000E+00  0.00000000000000E+00  0.00000000000000E+00  0.22776271612069E+01 -0.49732410508579E+02 -0.66984043678059E+01  0.00000000000000E+00  0.00000000000000E+00  0.30839570246198E+05  0.00000000000000E+00  0.00000000000000E+00  0.00000000000000E+00  0.00000000000000E+00  0.00000000000000E+00  0.00000000000000E+00  0.00000000000000E+00  0.00000000000000E+00  0.00000000000000E+00  0.00000000000000E+00  0.00000000000000E+00  0.00000000000000E+00  0.00000000000000E+00
  -0.84458407487021E+06  0.21044569309169E+06 -0.38884925106847E+05 -0.65068421041499E+05  0.11640086479411E+05 -0.97474638998281E+04 -0.10719311470349E+05 -0.27610715476529E+06  0.64741914841326E+05  0.10831750076905E+05 -0.21391030891749E+04 -0.49458768057151E+04 -0.59021339660236E+03 -0.82723215438156E+00  0.19065198430726E+04 -0.14311400493436E+03  0.23361920880456E+04  0.10834235293144E+04  0.64916731873511E+06  0.00000000000000E+00  0.00000000000000E+00  0.00000000000000E+00  0.92330163476751E+03 -0.58586164418448E+04  0.38021223214516E+05  0.00000000000000E+00  0.00000000000000E+00  0.00000000000000E+00  0.58080779884011E+06  0.00000000000000E+00  0.00000000000000E+00  0.00000000000000E+00  0.00000000000000E+00  0.00000000000000E+00  0.00000000000000E+00  0.00000000000000E+00  0.00000000000000E+00  0.00000000000000E+00  0.00000000000000E+00  0.00000000000000E+00  0.00000000000000E+00
  -0.10971635236872E+07  0.26707388936715E+06 -0.50793544095758E+05 -0.33749075224424E+06  0.61789558144655E+05 -0.47859662237920E+05 -0.55975190996847E+05 -0.54903726145374E+06  0.12450911966547E+06  0.22746337109259E+05 -0.43114752031961E+04  0.21984877704873E-09 -0.21106105981156E-10  0.12675203667585E-11  0.42761676119524E+04 -0.48025487037820E+03  0.50949960603191E+04  0.27959919413867E+04  0.31899099697385E+07  0.17858607197928E+04  0.67947815377788E+04  0.16339146501118E+05  0.53476149027229E+03 -0.10301943687756E+05  0.61904573936602E+05  0.00000000000000E+00  0.00000000000000E+00  0.00000000000000E+00  0.00000000000000E+00  0.92472622418251E+06  0.00000000000000E+00  0.00000000000000E+00  0.00000000000000E+00  0.00000000000000E+00  0.00000000000000E+00  0.00000000000000E+00  0.00000000000000E+00  0.00000000000000E+00  0.00000000000000E+00  0.00000000000000E+00  0.00000000000000E+00
  -0.20867141322488E+05  0.58704704764641E+04 -0.10065832275092E+04 -0.13572348965517E+04  0.32105777201155E+03 -0.78129557604868E+00 -0.17233229589776E+03 -0.72565435428276E+05  0.23281854310296E+05  0.15373834872091E+04 -0.46159668486359E+03 -0.23421671723825E+04 -0.14844666258085E+03 -0.35341816010500E+01 -0.15759333153187E+04  0.16942650176458E+03 -0.14321482502803E+04 -0.73752601092219E+03  0.19962330847505E+05  0.00000000000000E+00  0.00000000000000E+00  0.00000000000000E+00  0.00000000000000E+00  0.00000000000000E+00  0.00000000000000E+00  0.00000000000000E+00  0.00000000000000E+00  0.00000000000000E+00  0.00000000000000E+00  0.00000000000000E+00  0.15060307950543E+05  0.00000000000000E+00  0.00000000000000E+00  0.00000000000000E+00  0.00000000000000E+00  0.00000000000000E+00  0.00000000000000E+00  0.00000000000000E+00  0.00000000000000E+00  0.00000000000000E+00  0.00000000000000E+00
  -0.47237435702694E+05  0.13457845587546E+05 -0.22894213531065E+04 -0.24663419631191E+04  0.56247994047242E+03 -0.34240506251917E+02 -0.30265745280971E+03 -0.16322514881412E+06  0.52449159817009E+05  0.33936824496666E+04 -0.10387717270336E+04 -0.76279568678899E+02 -0.20315196902675E+02 -0.18745511431151E-04 -0.31142297845016E+04  0.33325151280561E+03 -0.28457507166602E+04 -0.14660845419576E+04  0.36548303954063E+05  0.81159955549552E+01 -0.36123544148324E+03 -0.16498635283162E+03  0.00000000000000E+00  0.00000000000000E+00  0.00000000000000E+00  0.00000000000000E+00  0.00000000000000E+00  0.00000000000000E+00  0.00000000000000E+00  0.00000000000000E+00  0.00000000000000E+00  0.32956686915857E+05  0.00000000000000E+00  0.00000000000000E+00  0.00000000000000E+00  0.00000000000000E+00  0.00000000000000E+00  0.00000000000000E+00  0.00000000000000E+00  0.00000000000000E+00  0.00000000000000E+00
  -0.30684567821834E+04  0.41761322525265E+03 -0.11720834035204E+03 -0.68102008186937E+02  0.86757794292934E+01 -0.20145086125901E+02 -0.13814553795963E+02 -0.12797058918579E+04  0.16575664963618E+03  0.42019602215920E+02 -0.11303579577586E+02 -0.76546593634184E+02 -0.62744089254956E+01 -0.14302487959248E+00 -0.73208091591073E+03  0.83645308482998E+02 -0.67443026006805E+03 -0.37705369157098E+03  0.23645369306312E+03  0.00000000000000E+00  0.00000000000000E+00  0.00000000000000E+00  0.00000000000000E+00  0.00000000000000E+00  0.00000000000000E+00  0.00000000000000E+00  0.00000000000000E+00  0.00000000000000E+00  0.00000000000000E+00  0.00000000000000E+00  0.00000000000000E+00  0.00000000000000E+00  0.37782357093313E+04  0.00000000000000E+00  0.00000000000000E+00  0.00000000000000E+00  0.00000000000000E+00  0.00000000000000E+00  0.00000000000000E+00  0.00000000000000E+00  0.00000000000000E+00
  -0.19947545522381E+06  0.63684546658507E+05 -0.98509923197510E+04 -0.11528201506410E+05  0.28509860424617E+04  0.36768363451758E+03 -0.10823088695232E+04 -0.57796935110497E+04  0.65596084766482E+03  0.58123875339899E+03 -0.52655577709268E+02 -0.24581534430413E+00 -0.17828473756226E+00  0.17705924139642E-12  0.31685323227875E+03 -0.85103950483875E+02  0.88700220342551E+02  0.13612308915175E+03  0.21039180402668E+06  0.00000000000000E+00  0.00000000000000E+00  0.00000000000000E+00  0.24474173324766E+04  0.34282989894485E+04  0.16030558325084E+05  0.00000000000000E+00  0.00000000000000E+00  0.00000000000000E+00  0.00000000000000E+00  0.00000000000000E+00  0.00000000000000E+00  0.00000000000000E+00  0.00000000000000E+00  0.10561816434905E+06  0.00000000000000E+00  0.00000000000000E+00  0.00000000000000E+00  0.00000000000000E+00  0.00000000000000E+00  0.00000000000000E+00  0.00000000000000E+00
  -0.22634126664786E+06  0.71921414227850E+05 -0.11165177332411E+05 -0.51732885277453E+05  0.12661773805793E+05  0.13871573086122E+04 -0.50089061180066E+04 -0.11405900639892E+05  0.13245643556180E+04  0.11092639213567E+04 -0.10376746732669E+03  0.15813020576386E-09  0.49026439226965E-11  0.18262787277063E-13  0.56567598892222E+03 -0.15007069119267E+03  0.17643544673602E+03  0.25292171945648E+03  0.92507091183248E+06  0.47432114911458E+03  0.12964462078272E+04  0.34068121005490E+04  0.30409550788311E+04  0.41516579011965E+04  0.20246407554998E+05  0.00000000000000E+00  0.00000000000000E+00  0.00000000000000E+00  0.00000000000000E+00  0.00000000000000E+00  0.00000000000000E+00  0.00000000000000E+00  0.00000000000000E+00  0.00000000000000E+00  0.13930393055137E+06  0.00000000000000E+00  0.00000000000000E+00  0.00000000000000E+00  0.00000000000000E+00  0.00000000000000E+00  0.00000000000000E+00
  -0.88221876449490E+04  0.23961913013616E+04 -0.41807973336344E+03 -0.23803338266879E+04  0.45098759935291E+03 -0.28529031675086E+03 -0.37994820898995E+03  0.44872329130548E+03 -0.13154559206368E+04  0.12389491662799E+03 -0.13674347099682E+02 -0.16963427053039E+01 -0.18211015757510E+00 -0.17236471768285E-02 -0.29993879972366E+04  0.47587209247872E+03 -0.29252251121185E+04 -0.19212631495404E+04  0.27423779611446E+05  0.00000000000000E+00  0.00000000000000E+00  0.00000000000000E+00  0.00000000000000E+00  0.00000000000000E+00  0.00000000000000E+00  0.00000000000000E+00  0.00000000000000E+00  0.00000000000000E+00  0.00000000000000E+00  0.00000000000000E+00  0.00000000000000E+00  0.00000000000000E+00  0.00000000000000E+00  0.00000000000000E+00  0.00000000000000E+00  0.81539654777646E+04  0.00000000000000E+00  0.00000000000000E+00  0.00000000000000E+00  0.00000000000000E+00  0.00000000000000E+00
  -0.31221048295592E+04  0.76067422244109E+03 -0.14551585556852E+03 -0.92940196211640E+03  0.16788238931448E+03 -0.14441044863645E+03 -0.16097421651805E+03  0.33232996485377E+03 -0.72003608568356E+03  0.55386504829794E+02 -0.65225880774763E+01 -0.72959075079741E+00 -0.70892032422543E-01 -0.95169159002667E-03 -0.15747409696405E+04  0.23203711537439E+03 -0.15716389618377E+04 -0.98852900371194E+03  0.86613802535373E+04  0.00000000000000E+00  0.00000000000000E+00  0.00000000000000E+00  0.00000000000000E+00  0.00000000000000E+00  0.00000000000000E+00  0.00000000000000E+00  0.00000000000000E+00  0.00000000000000E+00  0.00000000000000E+00  0.00000000000000E+00  0.00000000000000E+00  0.00000000000000E+00  0.00000000000000E+00  0.00000000000000E+00  0.00000000000000E+00  0.00000000000000E+00  0.41922660143096E+04  0.00000000000000E+00  0.00000000000000E+00  0.00000000000000E+00  0.00000000000000E+00
  -0.15508972377029E+05 -0.23380982930451E+04  0.36783731091045E+02 -0.94982212499605E+04  0.35597091575279E+03 -0.32697961967825E+04 -0.13815910057317E+04 -0.25869814590057E+06  0.11091604135460E+06  0.30587468671622E+04 -0.11819270729109E+04  0.27533495363356E+03  0.28055759180300E+02 -0.17380948972973E+01 -0.21562466106364E+04 -0.35276335077816E+03  0.16197871088353E+04  0.17030692544742E+04 -0.21173759139427E+05  0.00000000000000E+00  0.00000000000000E+00  0.00000000000000E+00  0.00000000000000E+00  0.00000000000000E+00  0.00000000000000E+00  0.00000000000000E+00  0.00000000000000E+00  0.00000000000000E+00  0.00000000000000E+00  0.00000000000000E+00  0.00000000000000E+00  0.00000000000000E+00  0.00000000000000E+00  0.00000000000000E+00  0.00000000000000E+00  0.00000000000000E+00  0.00000000000000E+00  0.12534980434823E+06  0.00000000000000E+00  0.00000000000000E+00  0.00000000000000E+00
   0.16622519897461E+05 -0.22727659491720E+04  0.72365564624161E+03 -0.15960384222613E+05  0.25311081985832E+04 -0.38479768530966E+04 -0.34981504891960E+04 -0.87455530040221E+04  0.16226438585275E+04  0.45038914100990E+03 -0.73766207803881E+02  0.32166345925486E+03  0.72528814615428E+02  0.53581938328113E-04  0.20307786149213E+03 -0.36402179887188E+02  0.27000701045048E+03  0.18863276083466E+03  0.52276147827808E+05 -0.36291433319720E+02 -0.32101218779535E+03 -0.56213229174759E+03 -0.26774694173782E+02 -0.39883831317664E+02 -0.78310612642172E+02  0.00000000000000E+00  0.00000000000000E+00  0.00000000000000E+00  0.00000000000000E+00  0.00000000000000E+00  0.00000000000000E+00  0.00000000000000E+00  0.00000000000000E+00  0.00000000000000E+00  0.00000000000000E+00  0.00000000000000E+00  0.00000000000000E+00  0.00000000000000E+00  0.39965649701934E+05  0.00000000000000E+00  0.00000000000000E+00
