# fitpack15: fit parameters                                                                         
# CJ15 AV18 final data choices                                                                      
# Created on 06/14/2019 at 01:45:59                                                                 

 # QCD setup
  INS                           0
  NVL                          11
  IORD                          1
  Q02                   1.6899999999999999     
  IPARAMC                       7
  FLAVOR                4.0000000000000000     
  xmc                   1.3000000000000000     
  xmb                   4.5000000000000000     
  ncb                          12
  ihq                           1
  ias                           0

 # Theory corrections
  inuke                     10914
  itmc                          1
  iht                           1

 # fit parameters
 LAMBDA       0.22680        0.0000    
 a0uv          2.8323        0.0000    
 a1uv         0.64782       0.20412E-01
 a2uv          3.4945       0.16053E-01
 a3uv          0.0000        0.0000    
 a4uv          2.4816       0.37741    
 a5uv          0.0000        0.0000    
 a0dv          13.939        0.0000    
 a1dv          1.0484       0.36545E-01
 a2dv          5.2536       0.12097    
 a3dv         -2.8035       0.12151    
 a4dv          3.2590       0.14956    
 a5dv          0.0000        0.0000    
 a0ud         0.16067       0.52509E-02
 a1ud        -0.19816       0.35818E-02
 a2ud          7.5687       0.24385    
 a3ud          0.0000        0.0000    
 a4ud          9.1348        1.1007    
 a5ud          0.0000        0.0000    
 a0du          35712.        0.0000    
 a1du          4.0604       0.78333E-01
 a2du          20.322        1.0637    
 a3du          17.000        0.0000    
 a4du          39.441        4.9923    
 a0g           38.441        0.0000    
 a1g          0.58354       0.30204E-01
 a2g           5.5378       0.89446    
 a3g          -3.1830       0.12556    
 a4g           2.9008       0.26044    
 a5g           0.0000        0.0000    
 kappa        0.40000        0.0000    
 a6dv          0.0000        0.0000    
 a7dv          0.0000        0.0000    
 off1          8.1000        0.0000    
 off2         0.44800        0.0000    
 off3         0.50000E-01    0.0000    
 ht1          -3.1252       0.28023    
 ht2           2.0011       0.13170    
 ht3          -2.1436       0.33602E-01
 ht4           0.0000        0.0000    
 dummy41       0.0000        0.0000    
 dummy42       0.0000        0.0000    
 dummy43       0.0000        0.0000    
 dummy44       0.0000        0.0000    
 dummy45       0.0000        0.0000    
 dummy46       0.0000        0.0000    
 dummy47       0.0000        0.0000    
 dummy48       0.0000        0.0000    
 dummy49       0.0000        0.0000    
 bcdmsh2      0.95928       0.47533E-02
 bcdmsd2      0.98733       0.56663E-02
 ccfr          1.0000        0.0000    
 nutev         1.0000        0.0000    
 zeus         0.97998        0.0000    
 h1            1.0162        0.0000    
 e605          1.0319        0.0000    
 NmcH2        0.99324       0.69680E-02
 ntv_nu        1.0000        0.0000    
 ntv_nubar     1.0000        0.0000    
 cdf_jet      0.98910        0.0000    
 d0_jet       0.83504        0.0000    
 slac_p       0.99528       0.48265E-02
 slac_d       0.99508       0.51882E-02
 e866pp       0.91111       0.19810E-01
 e866pd       0.90773       0.15653E-01
 d0_gamjet     1.0429       0.16493E-01
 h1b          0.97608        0.0000    
 jlab_p       0.98906       0.58551E-02
 jlab_d       0.97216       0.59077E-02
 blank         1.0000        0.0000    
 d0run2       0.96735       0.15190E-01
 cdfrun2      0.95038       0.17781E-01
 HERA_el       1.0000        0.0000    
 HERA_ps       1.0000        0.0000    
 CDF_Z        0.94729       0.60467E-02
 NmcRat        1.0000        0.0000    
 BNS_F2nd     0.95470       0.57356E-02
 HERMES_F2p   0.98471       0.55256E-02
 HERMES_F2d   0.97016       0.57612E-02
 END 0. 0.

 # Hessian matrix (Bevington alpha)
   0.44600390483284E+07 -0.11868465899757E+07  0.27471805115227E+06  0.58987574156648E+06 -0.17316744961124E+06  0.12088321768569E+06  0.15066253017972E+06  0.86664492117491E+06 -0.17525767815780E+06 -0.53465245229331E+05  0.11270970512547E+05  0.12677665022517E+05  0.14478630998002E+04 -0.95459475562589E+02  0.90597221199953E+04 -0.27075680722554E+04  0.15241426132749E+05  0.11409773813051E+05 -0.20721491660779E+05 -0.12992083795099E+05 -0.19650355306451E+06 -0.12617309719506E+06 -0.52917649194050E+05 -0.37943900554191E+04 -0.83240720726026E+06 -0.10504572474245E+07 -0.20929409736424E+05 -0.47426132120582E+05 -0.29258416796380E+04 -0.19441758877193E+06 -0.20995079464085E+06 -0.80842034787257E+04 -0.28531121942532E+04 -0.14789486120793E+05  0.16983314191689E+05 -0.70576050337262E+05 -0.55302075520566E+05
  -0.11868465899757E+07  0.38373883405612E+06 -0.76699281155817E+05 -0.15756551732906E+06  0.50893767748346E+05 -0.26128544247691E+05 -0.37672446851237E+05 -0.12535362312915E+06  0.28299404154593E+05  0.89407153080367E+04 -0.15603358418523E+04 -0.10479500911873E+04 -0.12414427738364E+03  0.12601985686959E+02  0.89895268890948E+03 -0.37533740749584E+02  0.43059478662714E+03  0.17839707439981E+03  0.90979418832337E+04  0.96637114702895E+04  0.58980153190029E+05  0.16728838462383E+05  0.82100829643045E+04 -0.32156406146920E+03  0.21042931511572E+06  0.25416901410553E+06  0.59727610635792E+04  0.13741189559970E+05  0.40242473591117E+03  0.62803357062359E+05  0.67284796328369E+05  0.22329996651126E+04  0.70670616787282E+03 -0.23084627185644E+04 -0.23849917427146E+04  0.86348734563438E+04  0.71291699682102E+04
   0.27471805115227E+06 -0.76699281155817E+05  0.17228020845884E+05  0.36293961651734E+05 -0.11035105243423E+05  0.70543592525244E+04  0.92497470131433E+04  0.39328533042874E+05 -0.78983376440579E+04 -0.28220572533256E+04  0.52315499398055E+03  0.45847639049689E+03  0.61766804388182E+02 -0.57462067259540E+01 -0.44043442343198E+03 -0.24214831705306E+02 -0.14527007377083E+03  0.50315686641540E+02 -0.14764322370127E+04 -0.12581139036341E+04 -0.12561247408262E+05 -0.67977581519003E+04 -0.28967525772750E+04  0.99426365477813E+02 -0.49673844943100E+05 -0.62737436958801E+05 -0.13235555358446E+04 -0.30202000082307E+04 -0.13807784495972E+03 -0.12779610885160E+05 -0.13768933406415E+05 -0.50148698195693E+03 -0.17252586475116E+03  0.15351313359668E+03  0.91878907394423E+03 -0.31130205103799E+04 -0.25161123820412E+04
   0.58987574156648E+06 -0.15756551732906E+06  0.36293961651734E+05  0.31625611011955E+06 -0.57996053391200E+05  0.85594389239975E+05  0.69007687738120E+05  0.29132543403128E+06 -0.24326195839240E+05 -0.17423305821389E+05  0.43345442164742E+04 -0.81201947455571E+03 -0.73474525363853E+02  0.44196164959754E+02  0.28461319597311E+05 -0.35371529256536E+04  0.26898097029325E+05  0.15433984725004E+05 -0.25238845415591E+04  0.31537289779451E+03 -0.38475977151289E+05 -0.12620656077223E+05 -0.21187971002227E+05 -0.96677607502945E+02 -0.69209542399678E+05 -0.35445281445339E+06 -0.14728552694479E+04 -0.26792425734011E+04 -0.54251316606240E+02 -0.13474715710476E+05 -0.58476619075403E+05 -0.23779984566034E+04 -0.91203569269330E+03 -0.10795856380264E+05 -0.16471323386701E+05 -0.75680649398399E+04 -0.22442333952845E+05
  -0.17316744961124E+06  0.50893767748346E+05 -0.11035105243423E+05 -0.57996053391200E+05  0.13733251031113E+05 -0.13537104525408E+05 -0.13405465376376E+05 -0.30402941240197E+05  0.11967641089767E+04  0.25584516947367E+04 -0.49349345652760E+03 -0.71392279365797E+02 -0.25058623003156E+01 -0.38154081457024E+01 -0.23403330070757E+04  0.28848054574924E+03 -0.21616468719313E+04 -0.12392133713995E+04  0.11625944408408E+04  0.10889009725043E+04  0.10276945017473E+05  0.19787406719712E+04  0.35109778429815E+04 -0.67618499771700E+02  0.14989944281819E+05  0.76144810331249E+05  0.43373719438296E+03  0.76039110437619E+03  0.68209449824475E+01  0.41548258702055E+04  0.17821806513704E+05  0.56060097028571E+03  0.19738035328886E+03  0.27993702552795E+03  0.26543579628193E+04  0.90480496587810E+03  0.27797016957355E+04
   0.12088321768569E+06 -0.26128544247691E+05  0.70543592525244E+04  0.85594389239975E+05 -0.13537104525408E+05  0.25554118229181E+05  0.18857425048236E+05  0.86995437471297E+05 -0.59160108551224E+04 -0.52813847049176E+04  0.13335637215377E+04 -0.25369281660349E+03 -0.23732639271464E+02  0.14081494060812E+02  0.82002416026069E+04 -0.10591052145803E+04  0.77316124414330E+04  0.45476379779479E+04 -0.91643825386802E+01  0.12726038949091E+04 -0.79002951141806E+04 -0.41168808770946E+04 -0.65586644581038E+04  0.18035390168945E+03 -0.17721332735766E+05 -0.91755088400536E+05 -0.28246145555825E+03 -0.51096978419414E+03 -0.18037675087403E+02 -0.20887370661012E+04 -0.93107115531708E+04 -0.58545434921790E+03 -0.24278127722446E+03 -0.28177563380531E+04 -0.55587046301621E+04 -0.21529408265520E+04 -0.64167667973559E+04
   0.15066253017972E+06 -0.37672446851237E+05  0.92497470131433E+04  0.69007687738120E+05 -0.13405465376376E+05  0.18857425048236E+05  0.15937494299529E+05  0.51327004669965E+05 -0.23477746238675E+04 -0.37570213519562E+04  0.82214804353961E+03 -0.22594873179741E+02 -0.53414567739064E+01  0.73186900227966E+01  0.42184356382949E+04 -0.54629495465056E+03  0.38712122919627E+04  0.22884027135199E+04 -0.50544760504830E+03  0.12487199621512E+03 -0.89701176092989E+04 -0.31312899660357E+04 -0.51114715814413E+04  0.14411020970066E+03 -0.15972780784880E+05 -0.83492831328410E+05 -0.36598651262058E+03 -0.63229540528755E+03 -0.11715654135964E+02 -0.29749323750777E+04 -0.13001928173496E+05 -0.56878998647954E+03 -0.21949450113504E+03 -0.11224102697623E+04 -0.42751732127107E+04 -0.13548918208192E+04 -0.41338509992511E+04
   0.86664492117491E+06 -0.12535362312915E+06  0.39328533042874E+05  0.29132543403128E+06 -0.30402941240197E+05  0.86995437471297E+05  0.51327004669965E+05  0.37535554609098E+07 -0.19911046395692E+07 -0.71085590342798E+05  0.27300319104327E+05  0.19911046428332E+05  0.14021511600424E+04  0.12422441998719E+03  0.53418477285812E+05 -0.77121454050186E+04  0.62871678454084E+05  0.35234808087153E+05  0.50493816475077E+04  0.25189853341073E+05 -0.25737994945285E+05 -0.55149889174135E+05 -0.43278965186803E+05 -0.57152827066184E+05 -0.25445447277931E+06 -0.51411945760670E+06 -0.67930099370380E+05 -0.15260647053410E+06 -0.10063681866234E+04 -0.69911160878924E+04 -0.13263216582015E+05  0.58416914853046E+03  0.41972087182732E+03 -0.23089649243873E+06 -0.86838043106049E+04 -0.11837268612253E+06 -0.14747396902329E+06
  -0.17525767815780E+06  0.28299404154593E+05 -0.78983376440579E+04 -0.24326195839240E+05  0.11967641089767E+04 -0.59160108551224E+04 -0.23477746238675E+04 -0.19911046395692E+07  0.18984426728786E+07  0.16882327930519E+05 -0.72069082383267E+04 -0.44480799899556E+04 -0.25862327233119E+03 -0.18489665519319E+02  0.60422568988976E+05 -0.36456818494321E+04  0.27778972263548E+05  0.14541776241867E+05 -0.13998414319186E+04 -0.70129615003464E+04  0.44120825274873E+04  0.11191095927444E+05  0.10269022061626E+05  0.22361264519835E+05  0.63579474170445E+05  0.12429175559917E+06  0.23381881037134E+05  0.52842482712311E+05  0.94313598995710E+02  0.83619259890762E+03  0.16204133518491E+04 -0.13853679073150E+04 -0.76351608111124E+03  0.10843013932062E+06  0.17428463262524E+04  0.41613047454534E+05  0.51294761841171E+05
  -0.53465245229331E+05  0.89407153080367E+04 -0.28220572533256E+04 -0.17423305821389E+05  0.25584516947367E+04 -0.52813847049176E+04 -0.37570213519562E+04 -0.71085590342798E+05  0.16882327930519E+05  0.25595411624271E+04 -0.80516680203236E+03 -0.59402721649987E+03 -0.54135135212891E+02 -0.23859324277841E+01 -0.37672330823251E+04  0.49000536188264E+03 -0.37023184619352E+04 -0.21702817582550E+04 -0.13234315187072E+03 -0.79739649392025E+03  0.19088792897258E+04  0.27998088087462E+04  0.19214123559966E+04  0.69102255392551E+03  0.11438758920760E+05  0.24271330776271E+05  0.16621958077385E+04  0.36206273691089E+04  0.39480725076245E+02  0.78182262529141E+03  0.14371193620778E+04  0.12382677488258E+03  0.53795425746512E+02  0.29717850635027E+04  0.49322627953719E+03  0.27184749373849E+04  0.34739579153628E+04
   0.11270970512547E+05 -0.15603358418523E+04  0.52315499398055E+03  0.43345442164742E+04 -0.49349345652760E+03  0.13335637215377E+04  0.82214804353961E+03  0.27300319104327E+05 -0.72069082383267E+04 -0.80516680203236E+03  0.28620526647404E+03  0.22783574297274E+03  0.17813389320088E+02  0.12352953751490E+01  0.15255242993087E+04 -0.18301289098030E+03  0.14432224389412E+04  0.81952064618546E+03  0.55143155897127E+02  0.27199883948325E+03 -0.34048613027686E+03 -0.69417641241708E+03 -0.50642230336117E+03 -0.39161136028134E+03 -0.29097050078247E+04 -0.59792966977665E+04 -0.60592669390691E+03 -0.13559858442041E+04 -0.13410218113070E+02 -0.99085467697897E+02 -0.18756092841329E+03 -0.19244054563350E+02 -0.88301431116053E+01 -0.13926707261598E+04 -0.10958635823195E+03 -0.10468157503601E+04 -0.13184676502909E+04
   0.12677665022517E+05 -0.10479500911873E+04  0.45847639049689E+03 -0.81201947455571E+03 -0.71392279365797E+02 -0.25369281660349E+03 -0.22594873179741E+02  0.19911046428332E+05 -0.44480799899556E+04 -0.59402721649987E+03  0.22783574297274E+03  0.13292593302314E+04  0.88447940333234E+02  0.11067915346136E+01  0.13573095819223E+04 -0.19815345292002E+03  0.16353119941625E+04  0.95931552777164E+03  0.42772385005808E+02  0.21777200411584E+03 -0.47091687051678E+02 -0.10750192206455E+04  0.27300132447313E-10 -0.65042448063015E+03 -0.46017001307577E+04 -0.37014996364419E-10 -0.23321898813686E+04 -0.75679824170590E+02 -0.70572133748688E+02 -0.23141973383894E+00 -0.10573344457470E-09 -0.14722210380740E+01 -0.64288156204236E+00  0.24506151953610E+03  0.30641950926811E+03 -0.24847445145084E+04  0.13007468721067E-09
   0.14478630998002E+04 -0.12414427738364E+03  0.61766804388182E+02 -0.73474525363853E+02 -0.25058623003156E+01 -0.23732639271464E+02 -0.53414567739064E+01  0.14021511600424E+04 -0.25862327233119E+03 -0.54135135212891E+02  0.17813389320088E+02  0.88447940333234E+02  0.80790743940996E+01 -0.97930784884967E-01  0.80331043823588E+02 -0.14053606453751E+02  0.10862395431879E+03  0.68488706159106E+02  0.55278273309032E+01  0.24742287049176E+02 -0.96500863511448E+01 -0.15831669546937E+03 -0.17990437921367E-11 -0.25813080052449E+02 -0.54880934908036E+03 -0.18004118209421E-10 -0.14806714927663E+03 -0.20080872387818E+02 -0.57525807607870E+01 -0.16802070521098E+00 -0.48466727973779E-11 -0.15744120767309E+00 -0.62209713644961E-01  0.25796882311885E+02  0.69014878846525E+02 -0.18082664733010E+03  0.40873504750557E-11
  -0.95459475562589E+02  0.12601985686959E+02 -0.57462067259540E+01  0.44196164959754E+02 -0.38154081457024E+01  0.14081494060812E+02  0.73186900227966E+01  0.12422441998719E+03 -0.18489665519319E+02 -0.23859324277841E+01  0.12352953751490E+01  0.11067915346136E+01 -0.97930784884967E-01  0.93942620152235E-01  0.20696510911217E+02 -0.16587460054423E+01  0.13841604918397E+02  0.66918586604820E+01  0.79136379218140E-02  0.12816010194863E+00  0.14894444514228E-01 -0.26988529909673E-02 -0.21295852116023E-12 -0.10884066973967E+02 -0.31831137487733E+01 -0.41475290527663E-11 -0.91370608584033E+01 -0.61037288303834E-03 -0.28670029900874E+00 -0.43223241123526E-09 -0.19539289150184E-12 -0.34066564946243E-02 -0.18647578380587E-02 -0.23159289975398E+01  0.26428233063058E-02 -0.81759183576119E+01  0.88644936759089E-12
   0.90597221199953E+04  0.89895268890948E+03 -0.44043442343198E+03  0.28461319597311E+05 -0.23403330070757E+04  0.82002416026069E+04  0.42184356382949E+04  0.53418477285812E+05  0.60422568988976E+05 -0.37672330823251E+04  0.15255242993087E+04  0.13573095819223E+04  0.80331043823588E+02  0.20696510911217E+02  0.49309907904193E+05 -0.49124875012986E+04  0.39197383921808E+05  0.21351701180924E+05 -0.53762781825179E+01 -0.89423996988261E+02  0.70826128633618E+03 -0.30993200248285E+04 -0.19900492378476E+04 -0.25626369514243E+04  0.18691801401932E+04  0.41936099827114E+04 -0.17270023947055E+04 -0.33798409993585E+04 -0.73018490133241E+03  0.37780877712295E+03  0.63410843794634E+03 -0.30194368588280E+04 -0.15751043190617E+04 -0.19275115244140E+04  0.22075458267485E+03 -0.10844404062978E+04 -0.12110961603747E+04
  -0.27075680722554E+04 -0.37533740749584E+02 -0.24214831705306E+02 -0.35371529256536E+04  0.28848054574924E+03 -0.10591052145803E+04 -0.54629495465056E+03 -0.77121454050186E+04 -0.36456818494321E+04  0.49000536188264E+03 -0.18301289098030E+03 -0.19815345292002E+03 -0.14053606453751E+02 -0.16587460054423E+01 -0.49124875012986E+04  0.57074702917993E+03 -0.45059711435991E+04 -0.25489425540771E+04 -0.10612036573892E+02 -0.22718667228987E+02 -0.15382220650524E+03  0.60530746216283E+03  0.37474926530628E+03  0.29968238327655E+03 -0.12020994191686E+03 -0.42835570374564E+03  0.19036378490413E+03  0.37089458063300E+03  0.85430458117127E+02 -0.10418163786331E+03 -0.17259383607670E+03  0.49878805233727E+03  0.24047639370385E+03 -0.40530675620125E+03 -0.39771833118597E+02  0.29718932652492E+03  0.33257057268407E+03
   0.15241426132749E+05  0.43059478662714E+03 -0.14527007377083E+03  0.26898097029325E+05 -0.21616468719313E+04  0.77316124414330E+04  0.38712122919627E+04  0.62871678454084E+05  0.27778972263548E+05 -0.37023184619352E+04  0.14432224389412E+04  0.16353119941625E+04  0.10862395431879E+03  0.13841604918397E+02  0.39197383921808E+05 -0.45059711435991E+04  0.36086612157766E+05  0.20259723100285E+05 -0.53147308181388E+02 -0.15449672167398E+03  0.77333418020208E+03 -0.38034425203529E+04 -0.23598797166605E+04 -0.26419760535636E+04  0.21365501626788E+04  0.52826403662031E+04 -0.15031506070383E+04 -0.29638933099202E+04 -0.68691626767717E+03  0.20701539384061E+03  0.37227220778369E+03 -0.32596324209318E+04 -0.17027407397472E+04  0.24807221028789E+04  0.36209352620256E+03 -0.22797750210713E+04 -0.25208605298391E+04
   0.11409773813051E+05  0.17839707439981E+03  0.50315686641540E+02  0.15433984725004E+05 -0.12392133713995E+04  0.45476379779479E+04  0.22884027135199E+04  0.35234808087153E+05  0.14541776241867E+05 -0.21702817582550E+04  0.81952064618546E+03  0.95931552777164E+03  0.68488706159106E+02  0.66918586604820E+01  0.21351701180924E+05 -0.25489425540771E+04  0.20259723100285E+05  0.11517975938343E+05 -0.42178819119864E+01 -0.56143217938918E+01  0.59983716385340E+03 -0.26659937326463E+04 -0.16288027064228E+04 -0.13569924706876E+04  0.93695430366708E+03  0.28231080444713E+04 -0.79474239157363E+03 -0.15661828603573E+04 -0.39117137579087E+03  0.23680645684441E+03  0.41056378712991E+03 -0.21705693919319E+04 -0.10874940056034E+04  0.22446060314337E+04  0.24265333085207E+03 -0.15495131996133E+04 -0.17193041121472E+04
  -0.20721491660779E+05  0.90979418832337E+04 -0.14764322370127E+04 -0.25238845415591E+04  0.11625944408408E+04 -0.91643825386802E+01 -0.50544760504830E+03  0.50493816475077E+04 -0.13998414319186E+04 -0.13234315187072E+03  0.55143155897127E+02  0.42772385005808E+02  0.55278273309032E+01  0.79136379218140E-02 -0.53762781825179E+01 -0.10612036573892E+02 -0.53147308181388E+02 -0.42178819119864E+01  0.42150936832281E+03  0.65727673935220E+03  0.16628376780986E+04 -0.43316651877090E+02 -0.24609725704795E+02  0.33501060265656E+01  0.15385184871221E+04  0.13730419615653E+04  0.00000000000000E+00  0.00000000000000E+00  0.00000000000000E+00  0.25750211742102E+04  0.31799467219498E+04  0.00000000000000E+00  0.00000000000000E+00  0.00000000000000E+00 -0.23074431680362E+02 -0.31799180778951E+03 -0.33331087081566E+03
  -0.12992083795099E+05  0.96637114702895E+04 -0.12581139036341E+04  0.31537289779451E+03  0.10889009725043E+04  0.12726038949091E+04  0.12487199621512E+03  0.25189853341073E+05 -0.70129615003464E+04 -0.79739649392025E+03  0.27199883948325E+03  0.21777200411584E+03  0.24742287049176E+02  0.12816010194863E+00 -0.89423996988261E+02 -0.22718667228987E+02 -0.15449672167398E+03 -0.56143217938918E+01  0.65727673935220E+03  0.14438967063043E+04  0.16837751286816E+04 -0.12718472221940E+03 -0.86113581054115E+02 -0.32333022852737E+02 -0.39099632836590E+04 -0.72649288092570E+04  0.00000000000000E+00  0.00000000000000E+00  0.00000000000000E+00  0.34137986303417E+04  0.41339205154528E+04  0.00000000000000E+00  0.00000000000000E+00  0.00000000000000E+00 -0.30754771082392E+02 -0.17279164515955E+04 -0.17877368827737E+04
  -0.19650355306451E+06  0.58980153190029E+05 -0.12561247408262E+05 -0.38475977151289E+05  0.10276945017473E+05 -0.79002951141806E+04 -0.89701176092989E+04 -0.25737994945285E+05  0.44120825274873E+04  0.19088792897258E+04 -0.34048613027686E+03 -0.47091687051678E+02 -0.96500863511448E+01  0.14894444514228E-01  0.70826128633618E+03 -0.15382220650524E+03  0.77333418020208E+03  0.59983716385340E+03  0.16628376780986E+04  0.16837751286816E+04  0.13629090995953E+05  0.22433199086999E+03  0.11808675072936E+03 -0.57101909692485E+01  0.34628256374986E+05  0.55788362411064E+05  0.00000000000000E+00  0.00000000000000E+00  0.00000000000000E+00  0.14755652381513E+05  0.18548175110393E+05  0.00000000000000E+00  0.00000000000000E+00  0.00000000000000E+00 -0.59038438383623E+02  0.14135995134982E+04  0.14369901695750E+04
  -0.12617309719506E+06  0.16728838462383E+05 -0.67977581519003E+04 -0.12620656077223E+05  0.19787406719712E+04 -0.41168808770946E+04 -0.31312899660357E+04 -0.55149889174135E+05  0.11191095927444E+05  0.27998088087462E+04 -0.69417641241708E+03 -0.10750192206455E+04 -0.15831669546937E+03 -0.26988529909673E-02 -0.30993200248285E+04  0.60530746216283E+03 -0.38034425203529E+04 -0.26659937326463E+04 -0.43316651877090E+02 -0.12718472221940E+03  0.22433199086999E+03  0.11950590878492E+06  0.00000000000000E+00  0.00000000000000E+00  0.00000000000000E+00  0.00000000000000E+00  0.00000000000000E+00  0.00000000000000E+00  0.00000000000000E+00  0.00000000000000E+00  0.00000000000000E+00  0.00000000000000E+00  0.00000000000000E+00  0.00000000000000E+00  0.00000000000000E+00  0.00000000000000E+00  0.00000000000000E+00
  -0.52917649194050E+05  0.82100829643045E+04 -0.28967525772750E+04 -0.21187971002227E+05  0.35109778429815E+04 -0.65586644581038E+04 -0.51114715814413E+04 -0.43278965186803E+05  0.10269022061626E+05  0.19214123559966E+04 -0.50642230336117E+03  0.27300132447313E-10 -0.17990437921367E-11 -0.21295852116023E-12 -0.19900492378476E+04  0.37474926530628E+03 -0.23598797166605E+04 -0.16288027064228E+04 -0.24609725704795E+02 -0.86113581054115E+02  0.11808675072936E+03  0.00000000000000E+00  0.65309189091614E+05  0.00000000000000E+00  0.00000000000000E+00  0.00000000000000E+00  0.00000000000000E+00  0.00000000000000E+00  0.00000000000000E+00  0.00000000000000E+00  0.00000000000000E+00  0.00000000000000E+00  0.00000000000000E+00  0.00000000000000E+00  0.00000000000000E+00  0.00000000000000E+00  0.00000000000000E+00
  -0.37943900554191E+04 -0.32156406146920E+03  0.99426365477813E+02 -0.96677607502945E+02 -0.67618499771700E+02  0.18035390168945E+03  0.14411020970066E+03 -0.57152827066184E+05  0.22361264519835E+05  0.69102255392551E+03 -0.39161136028134E+03 -0.65042448063015E+03 -0.25813080052449E+02 -0.10884066973967E+02 -0.25626369514243E+04  0.29968238327655E+03 -0.26419760535636E+04 -0.13569924706876E+04  0.33501060265656E+01 -0.32333022852737E+02 -0.57101909692485E+01  0.00000000000000E+00  0.00000000000000E+00  0.31481619951386E+05  0.00000000000000E+00  0.00000000000000E+00  0.00000000000000E+00  0.00000000000000E+00  0.00000000000000E+00  0.00000000000000E+00  0.00000000000000E+00  0.00000000000000E+00  0.00000000000000E+00  0.00000000000000E+00  0.00000000000000E+00  0.00000000000000E+00  0.00000000000000E+00
  -0.83240720726026E+06  0.21042931511572E+06 -0.49673844943100E+05 -0.69209542399678E+05  0.14989944281819E+05 -0.17721332735766E+05 -0.15972780784880E+05 -0.25445447277931E+06  0.63579474170445E+05  0.11438758920760E+05 -0.29097050078247E+04 -0.46017001307577E+04 -0.54880934908036E+03 -0.31831137487733E+01  0.18691801401932E+04 -0.12020994191686E+03  0.21365501626788E+04  0.93695430366708E+03  0.15385184871221E+04 -0.39099632836590E+04  0.34628256374986E+05  0.00000000000000E+00  0.00000000000000E+00  0.00000000000000E+00  0.58823860818324E+06  0.00000000000000E+00  0.00000000000000E+00  0.00000000000000E+00  0.00000000000000E+00  0.00000000000000E+00  0.00000000000000E+00  0.00000000000000E+00  0.00000000000000E+00  0.00000000000000E+00  0.00000000000000E+00  0.00000000000000E+00  0.00000000000000E+00
  -0.10504572474245E+07  0.25416901410553E+06 -0.62737436958801E+05 -0.35445281445339E+06  0.76144810331249E+05 -0.91755088400536E+05 -0.83492831328410E+05 -0.51411945760670E+06  0.12429175559917E+06  0.24271330776271E+05 -0.59792966977665E+04 -0.37014996364419E-10 -0.18004118209421E-10 -0.41475290527663E-11  0.41936099827114E+04 -0.42835570374564E+03  0.52826403662031E+04  0.28231080444713E+04  0.13730419615653E+04 -0.72649288092570E+04  0.55788362411064E+05  0.00000000000000E+00  0.00000000000000E+00  0.00000000000000E+00  0.00000000000000E+00  0.93458383354558E+06  0.00000000000000E+00  0.00000000000000E+00  0.00000000000000E+00  0.00000000000000E+00  0.00000000000000E+00  0.00000000000000E+00  0.00000000000000E+00  0.00000000000000E+00  0.00000000000000E+00  0.00000000000000E+00  0.00000000000000E+00
  -0.20929409736424E+05  0.59727610635792E+04 -0.13235555358446E+04 -0.14728552694479E+04  0.43373719438296E+03 -0.28246145555825E+03 -0.36598651262058E+03 -0.67930099370380E+05  0.23381881037134E+05  0.16621958077385E+04 -0.60592669390691E+03 -0.23321898813686E+04 -0.14806714927663E+03 -0.91370608584033E+01 -0.17270023947055E+04  0.19036378490413E+03 -0.15031506070383E+04 -0.79474239157363E+03  0.00000000000000E+00  0.00000000000000E+00  0.00000000000000E+00  0.00000000000000E+00  0.00000000000000E+00  0.00000000000000E+00  0.00000000000000E+00  0.00000000000000E+00  0.16525381441728E+05  0.00000000000000E+00  0.00000000000000E+00  0.00000000000000E+00  0.00000000000000E+00  0.00000000000000E+00  0.00000000000000E+00  0.00000000000000E+00  0.00000000000000E+00  0.00000000000000E+00  0.00000000000000E+00
  -0.47426132120582E+05  0.13741189559970E+05 -0.30202000082307E+04 -0.26792425734011E+04  0.76039110437619E+03 -0.51096978419414E+03 -0.63229540528755E+03 -0.15260647053410E+06  0.52842482712311E+05  0.36206273691089E+04 -0.13559858442041E+04 -0.75679824170590E+02 -0.20080872387818E+02 -0.61037288303834E-03 -0.33798409993585E+04  0.37089458063300E+03 -0.29638933099202E+04 -0.15661828603573E+04  0.00000000000000E+00  0.00000000000000E+00  0.00000000000000E+00  0.00000000000000E+00  0.00000000000000E+00  0.00000000000000E+00  0.00000000000000E+00  0.00000000000000E+00  0.00000000000000E+00  0.35738573755151E+05  0.00000000000000E+00  0.00000000000000E+00  0.00000000000000E+00  0.00000000000000E+00  0.00000000000000E+00  0.00000000000000E+00  0.00000000000000E+00  0.00000000000000E+00  0.00000000000000E+00
  -0.29258416796380E+04  0.40242473591117E+03 -0.13807784495972E+03 -0.54251316606240E+02  0.68209449824475E+01 -0.18037675087403E+02 -0.11715654135964E+02 -0.10063681866234E+04  0.94313598995710E+02  0.39480725076245E+02 -0.13410218113070E+02 -0.70572133748688E+02 -0.57525807607870E+01 -0.28670029900874E+00 -0.73018490133241E+03  0.85430458117127E+02 -0.68691626767717E+03 -0.39117137579087E+03  0.00000000000000E+00  0.00000000000000E+00  0.00000000000000E+00  0.00000000000000E+00  0.00000000000000E+00  0.00000000000000E+00  0.00000000000000E+00  0.00000000000000E+00  0.00000000000000E+00  0.00000000000000E+00  0.37660706624142E+04  0.00000000000000E+00  0.00000000000000E+00  0.00000000000000E+00  0.00000000000000E+00  0.00000000000000E+00  0.00000000000000E+00  0.00000000000000E+00  0.00000000000000E+00
  -0.19441758877193E+06  0.62803357062359E+05 -0.12779610885160E+05 -0.13474715710476E+05  0.41548258702055E+04 -0.20887370661012E+04 -0.29749323750777E+04 -0.69911160878924E+04  0.83619259890762E+03  0.78182262529141E+03 -0.99085467697897E+02 -0.23141973383894E+00 -0.16802070521098E+00 -0.43223241123526E-09  0.37780877712295E+03 -0.10418163786331E+03  0.20701539384061E+03  0.23680645684441E+03  0.25750211742102E+04  0.34137986303417E+04  0.14755652381513E+05  0.00000000000000E+00  0.00000000000000E+00  0.00000000000000E+00  0.00000000000000E+00  0.00000000000000E+00  0.00000000000000E+00  0.00000000000000E+00  0.00000000000000E+00  0.10649622822040E+06  0.00000000000000E+00  0.00000000000000E+00  0.00000000000000E+00  0.00000000000000E+00  0.00000000000000E+00  0.00000000000000E+00  0.00000000000000E+00
  -0.20995079464085E+06  0.67284796328369E+05 -0.13768933406415E+05 -0.58476619075403E+05  0.17821806513704E+05 -0.93107115531708E+04 -0.13001928173496E+05 -0.13263216582015E+05  0.16204133518491E+04  0.14371193620778E+04 -0.18756092841329E+03 -0.10573344457470E-09 -0.48466727973779E-11 -0.19539289150184E-12  0.63410843794634E+03 -0.17259383607670E+03  0.37227220778369E+03  0.41056378712991E+03  0.31799467219498E+04  0.41339205154528E+04  0.18548175110393E+05  0.00000000000000E+00  0.00000000000000E+00  0.00000000000000E+00  0.00000000000000E+00  0.00000000000000E+00  0.00000000000000E+00  0.00000000000000E+00  0.00000000000000E+00  0.00000000000000E+00  0.13963705019740E+06  0.00000000000000E+00  0.00000000000000E+00  0.00000000000000E+00  0.00000000000000E+00  0.00000000000000E+00  0.00000000000000E+00
  -0.80842034787257E+04  0.22329996651126E+04 -0.50148698195693E+03 -0.23779984566034E+04  0.56060097028571E+03 -0.58545434921790E+03 -0.56878998647954E+03  0.58416914853046E+03 -0.13853679073150E+04  0.12382677488258E+03 -0.19244054563350E+02 -0.14722210380740E+01 -0.15744120767309E+00 -0.34066564946243E-02 -0.30194368588280E+04  0.49878805233727E+03 -0.32596324209318E+04 -0.21705693919319E+04  0.00000000000000E+00  0.00000000000000E+00  0.00000000000000E+00  0.00000000000000E+00  0.00000000000000E+00  0.00000000000000E+00  0.00000000000000E+00  0.00000000000000E+00  0.00000000000000E+00  0.00000000000000E+00  0.00000000000000E+00  0.00000000000000E+00  0.00000000000000E+00  0.78834584182471E+04  0.00000000000000E+00  0.00000000000000E+00  0.00000000000000E+00  0.00000000000000E+00  0.00000000000000E+00
  -0.28531121942532E+04  0.70670616787282E+03 -0.17252586475116E+03 -0.91203569269330E+03  0.19738035328886E+03 -0.24278127722446E+03 -0.21949450113504E+03  0.41972087182732E+03 -0.76351608111124E+03  0.53795425746512E+02 -0.88301431116053E+01 -0.64288156204236E+00 -0.62209713644961E-01 -0.18647578380587E-02 -0.15751043190617E+04  0.24047639370385E+03 -0.17027407397472E+04 -0.10874940056034E+04  0.00000000000000E+00  0.00000000000000E+00  0.00000000000000E+00  0.00000000000000E+00  0.00000000000000E+00  0.00000000000000E+00  0.00000000000000E+00  0.00000000000000E+00  0.00000000000000E+00  0.00000000000000E+00  0.00000000000000E+00  0.00000000000000E+00  0.00000000000000E+00  0.00000000000000E+00  0.40753634195993E+04  0.00000000000000E+00  0.00000000000000E+00  0.00000000000000E+00  0.00000000000000E+00
  -0.14789486120793E+05 -0.23084627185644E+04  0.15351313359668E+03 -0.10795856380264E+05  0.27993702552795E+03 -0.28177563380531E+04 -0.11224102697623E+04 -0.23089649243873E+06  0.10843013932062E+06  0.29717850635027E+04 -0.13926707261598E+04  0.24506151953610E+03  0.25796882311885E+02 -0.23159289975398E+01 -0.19275115244140E+04 -0.40530675620125E+03  0.24807221028789E+04  0.22446060314337E+04  0.00000000000000E+00  0.00000000000000E+00  0.00000000000000E+00  0.00000000000000E+00  0.00000000000000E+00  0.00000000000000E+00  0.00000000000000E+00  0.00000000000000E+00  0.00000000000000E+00  0.00000000000000E+00  0.00000000000000E+00  0.00000000000000E+00  0.00000000000000E+00  0.00000000000000E+00  0.00000000000000E+00  0.12870184544103E+06  0.00000000000000E+00  0.00000000000000E+00  0.00000000000000E+00
   0.16983314191689E+05 -0.23849917427146E+04  0.91878907394423E+03 -0.16471323386701E+05  0.26543579628193E+04 -0.55587046301621E+04 -0.42751732127107E+04 -0.86838043106049E+04  0.17428463262524E+04  0.49322627953719E+03 -0.10958635823195E+03  0.30641950926811E+03  0.69014878846525E+02  0.26428233063058E-02  0.22075458267485E+03 -0.39771833118597E+02  0.36209352620256E+03  0.24265333085207E+03 -0.23074431680362E+02 -0.30754771082392E+02 -0.59038438383623E+02  0.00000000000000E+00  0.00000000000000E+00  0.00000000000000E+00  0.00000000000000E+00  0.00000000000000E+00  0.00000000000000E+00  0.00000000000000E+00  0.00000000000000E+00  0.00000000000000E+00  0.00000000000000E+00  0.00000000000000E+00  0.00000000000000E+00  0.00000000000000E+00  0.41556954693374E+05  0.00000000000000E+00  0.00000000000000E+00
  -0.70576050337262E+05  0.86348734563438E+04 -0.31130205103799E+04 -0.75680649398399E+04  0.90480496587810E+03 -0.21529408265520E+04 -0.13548918208192E+04 -0.11837268612253E+06  0.41613047454534E+05  0.27184749373849E+04 -0.10468157503601E+04 -0.24847445145084E+04 -0.18082664733010E+03 -0.81759183576119E+01 -0.10844404062978E+04  0.29718932652492E+03 -0.22797750210713E+04 -0.15495131996133E+04 -0.31799180778951E+03 -0.17279164515955E+04  0.14135995134982E+04  0.00000000000000E+00  0.00000000000000E+00  0.00000000000000E+00  0.00000000000000E+00  0.00000000000000E+00  0.00000000000000E+00  0.00000000000000E+00  0.00000000000000E+00  0.00000000000000E+00  0.00000000000000E+00  0.00000000000000E+00  0.00000000000000E+00  0.00000000000000E+00  0.00000000000000E+00  0.97515824574037E+05  0.00000000000000E+00
  -0.55302075520566E+05  0.71291699682102E+04 -0.25161123820412E+04 -0.22442333952845E+05  0.27797016957355E+04 -0.64167667973559E+04 -0.41338509992511E+04 -0.14747396902329E+06  0.51294761841171E+05  0.34739579153628E+04 -0.13184676502909E+04  0.13007468721067E-09  0.40873504750557E-11  0.88644936759089E-12 -0.12110961603747E+04  0.33257057268407E+03 -0.25208605298391E+04 -0.17193041121472E+04 -0.33331087081566E+03 -0.17877368827737E+04  0.14369901695750E+04  0.00000000000000E+00  0.00000000000000E+00  0.00000000000000E+00  0.00000000000000E+00  0.00000000000000E+00  0.00000000000000E+00  0.00000000000000E+00  0.00000000000000E+00  0.00000000000000E+00  0.00000000000000E+00  0.00000000000000E+00  0.00000000000000E+00  0.00000000000000E+00  0.00000000000000E+00  0.00000000000000E+00  0.10170731878926E+06

 # Covariance matrix (Bevington epsilon)
   0.41664096370187E-03 -0.22074866003411E-03 -0.75302145586558E-02  0.44774157791149E-03  0.74657521668985E-03 -0.85308421326572E-03 -0.17072961313514E-03  0.56197009850293E-04  0.33565597556020E-04 -0.25458828177366E-02 -0.14172586741934E-01 -0.17899651718772E-03 -0.92000570100664E-02 -0.81524710044217E-02  0.12517614868517E-03 -0.92582246888831E-04 -0.13678866164184E-03 -0.18766750784662E-03  0.52889890190684E-03 -0.74535785052276E-03  0.37362493748713E-04  0.24329701487151E-04  0.28268489792723E-04  0.14782759312587E-04  0.17876917047088E-04  0.26645770645436E-04 -0.19329140298129E-03 -0.97924887169106E-04  0.25969984770432E-04  0.81772284072025E-05  0.27134883103745E-04 -0.30463613613497E-04 -0.34952338714908E-04  0.56164975352502E-04  0.27590005659259E-05  0.21203429220535E-04  0.24485423350136E-04
  -0.22074866003411E-03  0.25770659806330E-03  0.47883307755233E-02 -0.18954535061790E-03 -0.54869845626142E-03  0.73635821609544E-03 -0.51125096601688E-03 -0.22358470726441E-04 -0.13566120773904E-04  0.18294523109645E-02  0.75781570173386E-02  0.24974917915057E-03  0.44710268957258E-02  0.11768967716487E-01 -0.66795374135380E-04  0.11054260415551E-02  0.39625467256358E-03 -0.28355558785478E-03 -0.19767825018125E-02  0.86874430794627E-03  0.11066133781770E-03  0.35065099199107E-05 -0.56128619295276E-05 -0.48976650090976E-06  0.35409971029561E-05 -0.43796183362124E-05  0.11520139048202E-03  0.44038420508179E-04 -0.39056675387325E-05  0.15278827805391E-04  0.36494607548407E-05 -0.15702553275241E-04 -0.50407202129134E-05 -0.19793709563495E-04 -0.10822285249068E-04  0.24392159491408E-05 -0.27667588136708E-05
  -0.75302145586559E-02  0.47883307755233E-02  0.14244205490088E+00 -0.75664652192211E-02 -0.13298277066264E-01  0.16993685357165E-01 -0.12659222359797E-03 -0.95660756867268E-03 -0.57777204560105E-03  0.51250750240837E-01  0.26723459741822E+00  0.42489119864131E-02  0.17449488203900E+00  0.23614344298897E+00 -0.20782936433304E-02  0.16932068799315E-01  0.49718144253184E-02  0.10890194731824E-02 -0.17912972213996E-01  0.15954532144902E-01  0.33441870155510E-03 -0.22863091691873E-03 -0.34731346475986E-03 -0.11944175530549E-03 -0.88418922917686E-04 -0.28783635304341E-03  0.40179334772551E-02  0.20715904939200E-02 -0.37313253923255E-03  0.11515343549177E-03 -0.28145152281139E-03  0.20833414816792E-03  0.34601216603999E-03 -0.83670784980763E-03 -0.10706306352962E-03 -0.16187730924502E-03 -0.24882929842501E-03
   0.44774157791149E-03 -0.18954535061789E-03 -0.75664652192210E-02  0.13355394545249E-02  0.34482177564122E-02 -0.34567470156712E-02  0.12913659843209E-02  0.72024499678996E-04  0.40289010938014E-04 -0.43250607203933E-02 -0.22278550510582E-01  0.69473148417782E-03 -0.15596338857011E-01  0.21800043224797E-01  0.39277192981416E-03  0.68879027938715E-02 -0.62801516944746E-03  0.16452448668011E-02 -0.29724874357601E-02  0.99732020186316E-03  0.29199156383917E-03  0.45981070801890E-04  0.39182919591560E-04  0.16381310440058E-04  0.51379001331596E-04  0.47161767646292E-04 -0.16112114194050E-03 -0.15295691358902E-03  0.42491827892905E-04  0.41683922463087E-04  0.51301554087304E-04 -0.51301502188412E-04 -0.47656641279944E-04  0.64432106842759E-04 -0.20403846998256E-04  0.53408928121102E-04  0.45510992973160E-04
   0.74657521668987E-03 -0.54869845626140E-03 -0.13298277066264E-01  0.34482177564123E-02  0.14634124234248E-01 -0.13200851378250E-01  0.13070167481709E-01  0.51753431302094E-04  0.22128082102091E-04 -0.47588269048748E-02 -0.26059465083239E-01  0.40888093339772E-03 -0.18169625315754E-01  0.11470576933405E+00  0.95893616674660E-03  0.21730315154505E-01 -0.26207285907605E-02  0.72037845484324E-02 -0.12342352661804E-01  0.43206174935580E-02  0.93038447590203E-03  0.70172854423033E-04  0.70893780011421E-04  0.43631954515189E-04  0.95941321753660E-04  0.60041240971061E-04 -0.31330553720741E-03 -0.29665081296327E-03  0.73906076427850E-04  0.11411321675862E-03  0.45216963405905E-04 -0.59606242237789E-04 -0.43992192660333E-04  0.88897852316909E-04 -0.12811161675600E-04  0.99470773655050E-04  0.82858636425948E-04
  -0.85308421326574E-03  0.73635821609542E-03  0.16993685357165E-01 -0.34567470156712E-02 -0.13200851378250E-01  0.14765335498226E-01 -0.13806164507335E-01 -0.35001227810913E-04 -0.12694265700070E-04  0.93030994748727E-02  0.32905217076949E-01 -0.10406154153248E-03  0.37137416297283E-01 -0.10045332414994E+00 -0.10180014197592E-02 -0.23609921689923E-01  0.30782728483846E-02 -0.83782420951468E-02  0.11456641220843E-01 -0.49392779040791E-02 -0.79527026239274E-03 -0.25576513508849E-04 -0.73344737512952E-04 -0.32523965881100E-04 -0.49969849521945E-04 -0.92353321295347E-04  0.44952789787751E-03  0.24231213797761E-03 -0.29333150817736E-04 -0.25957881451368E-04 -0.97485579645967E-04 -0.79690004670511E-06 -0.33544678311108E-05 -0.86189929705544E-04 -0.41867748156526E-04 -0.76302229492467E-04 -0.10046580622897E-03
