# fitpack15: fit parameters                                                                         
# CJ15 AV18 final data choices                                                                      
# Created on 01/07/2020 at 13:10:09                                                                 

 # QCD setup
  INS                           0
  NVL                          11
  IORD                          1
  Q02                   1.6899999999999999     
  IPARAMC                       7
  FLAVOR                4.0000000000000000     
  xmc                   1.3000000000000000     
  xmb                   4.5000000000000000     
  ncb                          12
  ihq                           1
  ias                           0

 # Theory corrections
  inuke                     10814
  itmc                          1
  iht                           1

 # fit parameters
 LAMBDA       0.22680        0.0000    
 a0uv          2.0003        0.0000    
 a1uv         0.57314       0.22878E-01
 a2uv          3.5565       0.11790E-01
 a3uv          0.0000        0.0000    
 a4uv          4.4208       0.59726    
 a5uv          0.0000        0.0000    
 a0dv          23.912        0.0000    
 a1dv          1.1467       0.33057E-01
 a2dv          6.6269       0.16308    
 a3dv         -3.5338       0.88872E-01
 a4dv          4.7856       0.14371    
 a5dv          0.0000        0.0000    
 a0ud         0.14168       0.49853E-02
 a1ud        -0.21097       0.38243E-02
 a2ud          8.4663       0.18613    
 a3ud          0.0000        0.0000    
 a4ud          15.939        1.2745    
 a5ud          0.0000        0.0000    
 a0du          35712.        0.0000    
 a1du          4.0846       0.82567E-01
 a2du          20.253       0.96894    
 a3du          17.000        0.0000    
 a4du          53.564        10.319    
 a0g           45.878        0.0000    
 a1g          0.60306       0.29489E-01
 a2g           6.0131       0.80189    
 a3g          -3.3947       0.11977    
 a4g           3.2663       0.27356    
 a5g           0.0000        0.0000    
 kappa        0.40000        0.0000    
 a6dv        -0.44506E-02   0.72739E-03
 a7dv          2.0000        0.0000    
 off1         -1.6473        1.0860    
 off2         0.33167       0.15679    
 ht1          -3.3587       0.32004    
 ht2           1.9476       0.12038    
 ht3          -2.0616       0.35408E-01
 ht4           0.0000        0.0000    
 ht1n         -3.0362       0.71973    
 ht2n          1.8020       0.25367    
 ht3n         -2.3272       0.80050E-01
 ht4n          0.0000        0.0000    
 dummy44       0.0000        0.0000    
 dummy45       0.0000        0.0000    
 dummy46       0.0000        0.0000    
 dummy47       0.0000        0.0000    
 dummy48       0.0000        0.0000    
 dummy49       0.0000        0.0000    
 bcdmsh2      0.96933       0.48728E-02
 bcdmsd2      0.98934       0.56947E-02
 ccfr          1.0000        0.0000    
 nutev         1.0000        0.0000    
 zeus         0.97998        0.0000    
 h1            1.0162        0.0000    
 e605          1.0319        0.0000    
 NmcH2         1.0065       0.71361E-02
 ntv_nu        1.0000        0.0000    
 ntv_nubar     1.0000        0.0000    
 cdf_jet      0.98910        0.0000    
 d0_jet       0.83504        0.0000    
 slac_p       0.99899       0.51264E-02
 slac_d        1.0017       0.53339E-02
 e866pp       0.97968       0.19802E-01
 e866pd       0.96769       0.16357E-01
 d0_gamjet     1.0364       0.16441E-01
 h1b          0.97608        0.0000    
 jlab_p       0.98877       0.63013E-02
 jlab_d       0.97661       0.61188E-02
 blank         1.0000        0.0000    
 d0run2       0.95396       0.15045E-01
 cdfrun2      0.93735       0.17686E-01
 HERA_el       1.0000        0.0000    
 HERA_ps       1.0000        0.0000    
 CDF_Z        0.95830       0.66302E-02
 NmcRat        1.0000        0.0000    
 BNS_F2nd     0.99412       0.97726E-02
 HERMES_F2p   0.99374       0.57273E-02
 HERMES_F2d   0.97683       0.58069E-02
 END 0. 0.

 # Hessian matrix (Bevington alpha)
   0.51837590400635E+07 -0.13349207054454E+07  0.20081440967423E+06  0.50620309357141E+06 -0.12648125476549E+06 -0.31473409180790E+05  0.50914144924030E+05  0.97838656797348E+06 -0.18174105756213E+06 -0.49577723452801E+05  0.71627143054982E+04  0.15118299275416E+05  0.16835224186716E+04 -0.10698056006889E+03  0.10701069614735E+05 -0.25025597112301E+04  0.14553435955719E+05  0.10175423872055E+05 -0.75493510697958E+07 -0.31034455114064E+04 -0.33971199061295E+05 -0.13603892503841E+05 -0.20001254205065E+04 -0.17740263083592E+06 -0.46049044020559E+04 -0.21737174765462E+04 -0.24013275615896E+05 -0.13174440121102E+06 -0.55796366188645E+05 -0.52029398293651E+04 -0.87032935607412E+06 -0.11250759366154E+07 -0.20996120748621E+05 -0.47393633581268E+05 -0.32009254888070E+04 -0.20535009760545E+06 -0.23111105444391E+06 -0.90132300679998E+04 -0.31980697961769E+04 -0.18090610343729E+05  0.16671561560759E+05 -0.74222605857121E+05 -0.58396292205904E+05
  -0.13349207054454E+07  0.41911564525277E+06 -0.52903536137331E+05 -0.13921773354295E+06  0.34251003695839E+05  0.11096083358319E+05 -0.10683422651305E+05 -0.12484037686065E+06  0.26306374341827E+05  0.73367522039763E+04 -0.86400247294584E+03 -0.11864610691827E+04 -0.13613297154268E+03  0.12800781077759E+02  0.73507325040168E+03 -0.72778127105130E+02  0.21860847018637E+03  0.15025254568388E+03  0.25349338923384E+07  0.11498089521486E+04  0.93913818444020E+04  0.64108019788497E+04  0.60817645090077E+04  0.49810118240929E+05  0.16554273186514E+04  0.12372204427178E+04  0.40711942788577E+04  0.16750380759042E+05  0.82939986252301E+04 -0.19771241895579E+03  0.21160466962652E+06  0.26768240617112E+06  0.57601763722153E+04  0.13170340782640E+05  0.42359821113304E+03  0.64157272520396E+05  0.71916181596815E+05  0.23995774538132E+04  0.76349157414886E+03 -0.22015142963264E+04 -0.22297671042847E+04  0.87002034635801E+04  0.73321090791419E+04
   0.20081440967423E+06 -0.52903536137331E+05  0.78390223869162E+04  0.19473085572322E+05 -0.49722407942567E+04 -0.14616350790692E+04  0.18972143454009E+04  0.28380755068568E+05 -0.51137300210356E+04 -0.16908893390196E+04  0.21119937946506E+03  0.41769854775172E+03  0.52840752415732E+02 -0.41541133170719E+01 -0.25880119889633E+03 -0.15887227564081E+02 -0.11195729653277E+03  0.20557041895423E+02 -0.30066760765208E+06 -0.12491187389445E+03 -0.13283180472057E+04 -0.57343960783266E+03 -0.22347116039597E+03 -0.69489855025025E+04 -0.18796196879954E+03 -0.11007120788147E+03 -0.89543217047442E+03 -0.47866923586590E+04 -0.20328724314047E+04  0.21619319748772E+02 -0.32914081237449E+05 -0.42801872473447E+05 -0.82537626682688E+03 -0.18702975072403E+04 -0.10330030299635E+03 -0.81951035215365E+04 -0.92179599503551E+04 -0.34951727302699E+03 -0.12266340052777E+03 -0.62766131429769E+02  0.61235148685885E+03 -0.22730520362740E+04 -0.18349297438424E+04
   0.50620309357141E+06 -0.13921773354295E+06  0.19473085572322E+05  0.40416697736652E+06 -0.62143200377172E+05  0.71863563117990E+05  0.62413920331959E+05  0.36375295545134E+06 -0.27884137939262E+05 -0.18293695316955E+05  0.31621376289447E+04 -0.14060273813442E+04 -0.15193645878726E+03  0.55725328489386E+02  0.32140097864009E+05 -0.41172138364676E+04  0.31905401760240E+05  0.17975501387088E+05 -0.22081447048173E+07 -0.57366553223106E+03 -0.98823030310626E+04 -0.82349340530537E+03  0.21358384100816E+04 -0.24640866208693E+05 -0.68714075374984E+03  0.63450032268435E+03 -0.89716856731302E+04 -0.12817622757327E+05 -0.21272962986392E+05 -0.87707592475497E+02 -0.66650320330566E+05 -0.34677375651372E+06 -0.13617193299469E+04 -0.24932671592530E+04 -0.70623607642479E+02 -0.11836439159398E+05 -0.53609955592727E+05 -0.24153400026506E+04 -0.94440081412022E+03 -0.10055770870312E+05 -0.15721296609923E+05 -0.72946387649104E+04 -0.21642713255165E+05
  -0.12648125476549E+06  0.34251003695839E+05 -0.49722407942567E+04 -0.62143200377172E+05  0.11248698165355E+05 -0.71106584512890E+04 -0.88029338918786E+04 -0.33161360081932E+05  0.49885073398520E+03  0.23365746036126E+04 -0.31278333127284E+03 -0.16856359125355E+02  0.53866558521208E+01 -0.49305229860494E+01 -0.26958816592426E+04  0.35465511378041E+03 -0.25889789631458E+04 -0.14832882269696E+04  0.46335360301539E+06  0.14508486091252E+03  0.19709038214981E+04  0.29983948405670E+03 -0.15148897468331E+02  0.49178032644171E+04  0.21438705211308E+03  0.10607336114458E+03  0.14337358897809E+04  0.19757835145509E+04  0.33290941369136E+04 -0.55452846270255E+02  0.11658122997677E+05  0.62294941529388E+05  0.31372958103959E+03  0.55165557675905E+03  0.89028150631759E+01  0.28471865174578E+04  0.12778158427652E+05  0.44817380991422E+03  0.16737235182822E+03  0.39311849137192E+03  0.24674244616131E+04  0.80927976440790E+03  0.25137278778561E+04
  -0.31473409180790E+05  0.11096083358319E+05 -0.14616350790692E+04  0.71863563117990E+05 -0.71106584512890E+04  0.23006366196358E+05  0.13704640071448E+05  0.10734374237674E+06 -0.10134990655347E+05 -0.44060566996015E+04  0.91483202505318E+03 -0.69612858899663E+03 -0.65443526275272E+02  0.18334267547182E+02  0.95542706764208E+04 -0.12514564655451E+04  0.96902033780373E+04  0.55271654149455E+04 -0.33620517322361E+05  0.72633033904917E+02 -0.61299147840295E+03  0.40871246137289E+03  0.13307844218262E+04 -0.12561717339043E+04  0.19589863045666E+03  0.67416580249220E+03 -0.14505186748068E+04 -0.26376817886409E+04 -0.40373600468417E+04  0.13885057120572E+03 -0.80823310452146E+04 -0.39035729424388E+05  0.16760584624302E+02 -0.76212281268363E+01 -0.17974770807649E+02  0.47232812921180E+03  0.19345971647063E+04 -0.22225335822112E+03 -0.11730492874402E+03 -0.31272736248240E+04 -0.31135078688383E+04 -0.18094257251559E+04 -0.51805046681316E+04
   0.50914144924030E+05 -0.10683422651305E+05  0.18972143454009E+04  0.62413920331959E+05 -0.88029338918786E+04  0.13704640071448E+05  0.10698624130731E+05  0.59188470735004E+05 -0.33312730413725E+04 -0.31488824778253E+04  0.53135064762735E+03 -0.22854218828266E+03 -0.26565492731520E+02  0.96371328104212E+01  0.49500862783213E+04 -0.66288763338087E+03  0.48568699076647E+04  0.28147980577298E+04 -0.22266682882800E+06 -0.26268050162478E+02 -0.12537953675254E+04  0.11578086787143E+03  0.74694758823861E+03 -0.28272637609647E+04  0.16510783158586E+02  0.29464483298014E+03 -0.13887960078878E+04 -0.23808361529908E+04 -0.37341542549406E+04  0.13034207070277E+03 -0.95259609211580E+04 -0.49734281088000E+05 -0.14796693057757E+03 -0.26449765083146E+03 -0.12646611370832E+02 -0.94479083364484E+03 -0.44028644491093E+04 -0.33186388791302E+03 -0.14157834175719E+03 -0.13356656063589E+04 -0.29892574900238E+04 -0.11182557808699E+04 -0.33334527717036E+04
   0.97838656797348E+06 -0.12484037686065E+06  0.28380755068568E+05  0.36375295545134E+06 -0.33161360081932E+05  0.10734374237674E+06  0.59188470735004E+05  0.53979371309446E+07 -0.24102987448418E+07 -0.89140757886817E+05  0.25794338317601E+05  0.26411079974640E+05  0.17687541909512E+04  0.99896664225223E+02  0.90675405410714E+05 -0.11923529862395E+05  0.10401289660549E+06  0.56056204513461E+05 -0.56523440427608E+06  0.44080121264809E+03 -0.48722605330613E+04  0.31167779789455E+04  0.21742318643481E+05 -0.50730205859318E+05 -0.10489053023338E+03  0.52174105094801E+04 -0.37811200388095E+05 -0.62836710097694E+05 -0.50346484321762E+05 -0.70738156640492E+05 -0.29588346010137E+06 -0.57842895099507E+06 -0.74353941568932E+05 -0.16672292890274E+06 -0.14150063395548E+04 -0.57706541518783E+04 -0.11367228664315E+05  0.53879147987982E+03  0.36070926797715E+03 -0.27548792561641E+06 -0.85100123739037E+04 -0.14519965629768E+06 -0.17815743993900E+06
  -0.18174105756213E+06  0.26306374341827E+05 -0.51137300210356E+04 -0.27884137939262E+05  0.49885073398520E+03 -0.10134990655347E+05 -0.33312730413725E+04 -0.24102987448418E+07  0.19261071904815E+07  0.19378963005079E+05 -0.63565449683215E+04 -0.55517903732878E+04 -0.30333690999038E+03 -0.14122625743574E+02  0.48816510934903E+05 -0.23934770508541E+04  0.17793249397229E+05  0.88727014266801E+04 -0.24695748370658E+05 -0.12613562134786E+03  0.19692481089128E+03 -0.51578804441846E+03 -0.48083019301869E+04  0.12757949383173E+05  0.15916606504872E+03 -0.10538023281378E+04  0.10830728052873E+05  0.11444028366374E+05  0.10821858368011E+05  0.24821560171572E+05  0.67085990946373E+05  0.12669823793810E+06  0.22986806896187E+05  0.51619944077399E+05  0.19165963297229E+03  0.65427035339651E+03  0.13122492597710E+04 -0.13365587151061E+04 -0.72505269181128E+03  0.11329375353099E+06  0.15165275828169E+04  0.45380368308358E+05  0.55121395097679E+05
  -0.49577723452801E+05  0.73367522039763E+04 -0.16908893390196E+04 -0.18293695316955E+05  0.23365746036126E+04 -0.44060566996015E+04 -0.31488824778253E+04 -0.89140757886817E+05  0.19378963005079E+05  0.26403619397834E+04 -0.60618341696085E+03 -0.65315913013019E+03 -0.57479553327399E+02 -0.17795601582992E+01 -0.41378633887213E+04  0.53067178701759E+03 -0.41767161322907E+04 -0.23675318584706E+04  0.54112914633956E+05 -0.39308872402236E+01  0.39604104769218E+03 -0.12372577722352E+03 -0.72104874524602E+03  0.18209776032996E+04 -0.84746717303334E+01 -0.17494953241869E+03  0.97372197990873E+03  0.27401677880774E+04  0.18903123895616E+04  0.73903359524914E+03  0.10998518366381E+05  0.22789570918859E+05  0.14981114840074E+04  0.33008284769989E+04  0.43697545434552E+02  0.54809514072551E+03  0.10459397849119E+04  0.12139622352559E+03  0.54898911720393E+02  0.31451153387242E+04  0.42241743259655E+03  0.28397250525016E+04  0.35759894249731E+04
   0.71627143054982E+04 -0.86400247294584E+03  0.21119937946506E+03  0.31621376289447E+04 -0.31278333127284E+03  0.91483202505318E+03  0.53135064762735E+03  0.25794338317601E+05 -0.63565449683215E+04 -0.60618341696085E+03  0.16337614096014E+03  0.18282387488246E+03  0.13228826271624E+02  0.65946896500553E+00  0.12364469743109E+04 -0.14266843303843E+03  0.11981465188979E+04  0.65210813549306E+03 -0.57249800478110E+04  0.27022886157519E+01 -0.43487767734945E+02  0.23616582928051E+02  0.14812904805556E+03 -0.31973207858538E+03  0.12274399619255E+01  0.37121113344728E+02 -0.22315498125889E+03 -0.45558301358432E+03 -0.34347782507198E+03 -0.33343518399291E+03 -0.19749285909522E+04 -0.39099828272705E+04 -0.41512138525857E+03 -0.93113231610837E+03 -0.10724125374250E+02 -0.44330206308685E+02 -0.87282808566920E+02 -0.11288841053268E+02 -0.55031958556073E+01 -0.11257489349457E+04 -0.61515847429460E+02 -0.80872029401424E+03 -0.99977900481132E+03
   0.15118299275416E+05 -0.11864610691827E+04  0.41769854775172E+03 -0.14060273813442E+04 -0.16856359125355E+02 -0.69612858899663E+03 -0.22854218828266E+03  0.26411079974640E+05 -0.55517903732878E+04 -0.65315913013019E+03  0.18282387488246E+03  0.15414404181224E+04  0.10202259560609E+03 -0.11386292394276E+01  0.13893746149539E+04 -0.20253629549183E+03  0.17400653981162E+04  0.99632214236751E+03 -0.57209845612875E+04 -0.67956684331462E+01 -0.12726129979048E+02  0.81273863216362E+02  0.39269282927978E+03  0.19056519828590E+03  0.65443771544825E+01 -0.20606353632018E+02  0.26191061895406E+03 -0.10979044023113E+04 -0.25515073921411E-01 -0.68405885329031E+03 -0.49070138980947E+04 -0.15250400127256E+01 -0.22367894554348E+04 -0.66778033269737E+02 -0.76670690156454E+02 -0.18676625721703E+00  0.12302051129493E-01 -0.16527665155991E+01 -0.71432254412412E+00  0.28300545225609E+03  0.28776545001790E+03 -0.26507750331345E+04 -0.30035572189735E+01
   0.16835224186716E+04 -0.13613297154268E+03  0.52840752415732E+02 -0.15193645878726E+03  0.53866558521208E+01 -0.65443526275272E+02 -0.26565492731520E+02  0.17687541909512E+04 -0.30333690999038E+03 -0.57479553327399E+02  0.13228826271624E+02  0.10202259560609E+03  0.91769169199427E+01 -0.16742045613771E+00  0.78900165324206E+02 -0.13818026166781E+02  0.10688929141743E+03  0.66225724004445E+02 -0.26833432283171E+03 -0.52940085070723E+00  0.12570179761443E+01  0.87174934822314E+01  0.40051569184440E+02 -0.32674498978098E+01 -0.68733663190358E+00 -0.43110138746523E+01  0.12713181124774E+02 -0.16075962449407E+03  0.57773663182906E-03 -0.26746654250226E+02 -0.57375652168859E+03  0.10277643854214E+01 -0.14022745279261E+03 -0.17469481249423E+02 -0.61960572326670E+01 -0.13442918255741E+00  0.70870146132995E-02 -0.17398688638219E+00 -0.68191072080794E-01  0.28042017916930E+02  0.64322732271288E+02 -0.19102068835790E+03 -0.12575001731550E+00
  -0.10698056006889E+03  0.12800781077759E+02 -0.41541133170719E+01  0.55725328489386E+02 -0.49305229860494E+01  0.18334267547182E+02  0.96371328104212E+01  0.99896664225223E+02 -0.14122625743574E+02 -0.17795601582992E+01  0.65946896500553E+00 -0.11386292394276E+01 -0.16742045613771E+00  0.49503509419835E-01  0.14331174446371E+02 -0.11400490202172E+01  0.10207253150759E+02  0.48510589387453E+01 -0.77375860091080E+02  0.17395327442478E-01 -0.69389535188111E+00  0.15590501343914E+00  0.38817128807457E+00  0.24111196936136E+01  0.19891035561267E+00  0.49459390509174E+00  0.23211380792231E+01  0.69015418049103E-01 -0.30062592903916E-04 -0.59905726635530E+01 -0.76344142283698E+00 -0.19148432972917E-02 -0.31622955312306E+01 -0.14227550102394E-04 -0.13731003078283E+00  0.12406204967733E-12  0.20651743042646E-11 -0.16178190983874E-02 -0.89638970775929E-03 -0.16171673930510E+01  0.38373880793437E-04 -0.31031574284855E+01 -0.41946681080359E-02
   0.10701069614735E+05  0.73507325040168E+03 -0.25880119889633E+03  0.32140097864009E+05 -0.26958816592426E+04  0.95542706764208E+04  0.49500862783213E+04  0.90675405410714E+05  0.48816510934903E+05 -0.41378633887213E+04  0.12364469743109E+04  0.13893746149539E+04  0.78900165324206E+02  0.14331174446371E+02  0.51039780364605E+05 -0.49718494475912E+04  0.41921476552726E+05  0.22043550433093E+05 -0.53968313909062E+05  0.82222143715405E+01  0.12669667018025E+03 -0.40122085184698E+02 -0.15864747931938E+03  0.27677191136077E+03 -0.17545336072447E+02 -0.64112596919827E+02 -0.10773087294451E+03 -0.29748423235750E+04 -0.19400061845122E+04 -0.24948094242324E+04  0.18480251919909E+04  0.42196765351788E+04 -0.15135427434723E+04 -0.29924828101812E+04 -0.74130149314740E+03  0.35542407646756E+03  0.63321333240650E+03 -0.30488793890715E+04 -0.15949075827362E+04 -0.21339902893293E+04  0.19292375989850E+03 -0.97882888380024E+03 -0.10984473881934E+04
  -0.25025597112301E+04 -0.72778127105130E+02 -0.15887227564081E+02 -0.41172138364676E+04  0.35465511378041E+03 -0.12514564655451E+04 -0.66288763338087E+03 -0.11923529862395E+05 -0.23934770508541E+04  0.53067178701759E+03 -0.14266843303843E+03 -0.20253629549183E+03 -0.13818026166781E+02 -0.11400490202172E+01 -0.49718494475912E+04  0.56682706817591E+03 -0.46825139018005E+04 -0.25592870237618E+04  0.66469188560436E+04 -0.22681943102424E+01 -0.19106722036615E+02 -0.12543343650459E+01 -0.35847622808232E+01 -0.71020571473107E+02 -0.43660898982977E+00 -0.63860232326399E+00  0.14129407973582E+02  0.57477336248551E+03  0.35999386002731E+03  0.29554563762711E+03 -0.12449437936062E+03 -0.46617220137042E+03  0.16532710656196E+03  0.32504727497427E+03  0.85727029147964E+02 -0.96789560283381E+02 -0.17059571764253E+03  0.49490475916259E+03  0.23973621793635E+03 -0.38024342574944E+03 -0.34763451342945E+02  0.27803495532199E+03  0.31070574373742E+03
   0.14553435955719E+05  0.21860847018637E+03 -0.11195729653277E+03  0.31905401760240E+05 -0.25889789631458E+04  0.96902033780373E+04  0.48568699076647E+04  0.10401289660549E+06  0.17793249397229E+05 -0.41767161322907E+04  0.11981465188979E+04  0.17400653981162E+04  0.10688929141743E+03  0.10207253150759E+02  0.41921476552726E+05 -0.46825139018005E+04  0.39603621939736E+05  0.21397278062036E+05 -0.54063035489222E+05  0.58256500421465E+01  0.15621845757935E+03 -0.98527186733700E+02 -0.28751348007878E+03  0.14249148428697E+03 -0.42377573017024E+02 -0.11080220588058E+03 -0.17419986333354E+03 -0.33348808531687E+04 -0.21313154057142E+04 -0.28575268090043E+04  0.24118387325206E+04  0.54034738192562E+04 -0.14277233911952E+04 -0.28389050761035E+04 -0.71855788804750E+03  0.11335729566024E+03  0.22152294782197E+03 -0.31545534962701E+04 -0.16879235987859E+04  0.19294550597399E+04  0.28354480468747E+03 -0.20878007997362E+04 -0.23056999232755E+04
   0.10175423872055E+05  0.15025254568388E+03  0.20557041895423E+02  0.17975501387088E+05 -0.14832882269696E+04  0.55271654149455E+04  0.28147980577298E+04  0.56056204513461E+05  0.88727014266801E+04 -0.23675318584706E+04  0.65210813549306E+03  0.99632214236751E+03  0.66225724004445E+02  0.48510589387453E+01  0.22043550433093E+05 -0.25592870237618E+04  0.21397278062036E+05  0.11711058719734E+05 -0.30077104462278E+05  0.60705115020344E+01  0.93690559245410E+02 -0.41614568128987E+02 -0.10485072441912E+03  0.17121005169910E+03 -0.17266537114307E+02 -0.39888647625268E+02 -0.88249332451712E+02 -0.23269099408533E+04 -0.14524444349939E+04 -0.14307738109534E+04  0.10783709462640E+04  0.29126928395515E+04 -0.72826516095659E+03 -0.14478434755191E+04 -0.39696101191414E+03  0.16225575829909E+03  0.29962268064311E+03 -0.20487470178067E+04 -0.10494025568168E+04  0.19002161404794E+04  0.19280895110622E+03 -0.14132205591309E+04 -0.15631411008664E+04
  -0.75493510697958E+07  0.25349338923384E+07 -0.30066760765208E+06 -0.22081447048173E+07  0.46335360301539E+06 -0.33620517322361E+05 -0.22266682882800E+06 -0.56523440427608E+06 -0.24695748370658E+05  0.54112914633956E+05 -0.57249800478110E+04 -0.57209845612875E+04 -0.26833432283171E+03 -0.77375860091080E+02 -0.53968313909062E+05  0.66469188560436E+04 -0.54063035489222E+05 -0.30077104462278E+05  0.31382224995940E+08  0.12759091119895E+05  0.10170143662016E+06  0.38273460284326E+05  0.34186098593767E+05  0.26010099934928E+06  0.17999855780854E+05  0.13982824525939E+05  0.33007054686086E+05  0.32689419157332E+05  0.73286095819197E+05 -0.11146154834425E+04  0.54704889952319E+06  0.27119563423729E+07  0.16395762430628E+05  0.30055791157980E+05  0.20477742452572E+03  0.17800367929799E+06  0.79233637356182E+06  0.23003900488409E+05  0.72784674928015E+04 -0.17265066764232E+05  0.42546692032321E+05  0.19858666845462E+05  0.62518005868531E+05
  -0.31034455114064E+04  0.11498089521486E+04 -0.12491187389445E+03 -0.57366553223106E+03  0.14508486091252E+03  0.72633033904917E+02 -0.26268050162478E+02  0.44080121264809E+03 -0.12613562134786E+03 -0.39308872402236E+01  0.27022886157519E+01 -0.67956684331462E+01 -0.52940085070723E+00  0.17395327442478E-01  0.82222143715405E+01 -0.22681943102424E+01  0.58256500421465E+01  0.60705115020344E+01  0.12759091119895E+05  0.82006687119308E+01  0.49121023913492E+02  0.17455273847626E+02  0.18676277991493E+02  0.79433116848580E+02  0.10602181468080E+02  0.10819642563459E+02 -0.28004936270621E+01  0.00000000000000E+00 -0.21009202658209E+02  0.00000000000000E+00  0.00000000000000E+00  0.11085853246458E+04  0.00000000000000E+00 -0.14382408515693E+02  0.00000000000000E+00  0.00000000000000E+00  0.42436562159944E+03  0.00000000000000E+00  0.00000000000000E+00  0.00000000000000E+00  0.23258840328358E+01  0.00000000000000E+00 -0.22316507702250E+02
  -0.33971199061295E+05  0.93913818444020E+04 -0.13283180472057E+04 -0.98823030310626E+04  0.19709038214981E+04 -0.61299147840295E+03 -0.12537953675254E+04 -0.48722605330613E+04  0.19692481089128E+03  0.39604104769218E+03 -0.43487767734945E+02 -0.12726129979048E+02  0.12570179761443E+01 -0.69389535188111E+00  0.12669667018025E+03 -0.19106722036615E+02  0.15621845757935E+03  0.93690559245410E+02  0.10170143662016E+06  0.49121023913492E+02  0.64306090893357E+03  0.60201094911513E+02 -0.65904107565727E+02  0.96385862737720E+03  0.55383865128161E+02  0.96917955250632E-01  0.16306681018125E+03  0.00000000000000E+00  0.82791298956408E+03  0.00000000000000E+00  0.00000000000000E+00  0.18269949873009E+05  0.00000000000000E+00 -0.17301395545188E+03  0.00000000000000E+00  0.00000000000000E+00  0.35480314248494E+04  0.00000000000000E+00  0.00000000000000E+00  0.00000000000000E+00 -0.67507087754153E+03  0.00000000000000E+00  0.68899562021588E+03
  -0.13603892503841E+05  0.64108019788497E+04 -0.57343960783266E+03 -0.82349340530537E+03  0.29983948405670E+03  0.40871246137289E+03  0.11578086787143E+03  0.31167779789455E+04 -0.51578804441846E+03 -0.12372577722352E+03  0.23616582928051E+02  0.81273863216362E+02  0.87174934822314E+01  0.15590501343914E+00 -0.40122085184698E+02 -0.12543343650459E+01 -0.98527186733700E+02 -0.41614568128987E+02  0.38273460284326E+05  0.17455273847626E+02  0.60201094911513E+02  0.24423590949108E+03  0.43882485346623E+03  0.92587853865722E+03  0.41054627179377E+02  0.51595069528219E+02  0.59602677807681E+02 -0.51999022631821E+02  0.40919350269862E+02  0.27193622397020E+01  0.45056868740619E+03  0.10755845569167E+03  0.00000000000000E+00  0.10782015201153E+03  0.00000000000000E+00  0.22460165218680E+04  0.16933211162212E+04  0.00000000000000E+00  0.00000000000000E+00  0.00000000000000E+00  0.29340751419909E+03 -0.38925454908180E+03 -0.50453361160497E+02
  -0.20001254205065E+04  0.60817645090077E+04 -0.22347116039597E+03  0.21358384100816E+04 -0.15148897468331E+02  0.13307844218262E+04  0.74694758823861E+03  0.21742318643481E+05 -0.48083019301869E+04 -0.72104874524602E+03  0.14812904805556E+03  0.39269282927978E+03  0.40051569184440E+02  0.38817128807457E+00 -0.15864747931938E+03 -0.35847622808232E+01 -0.28751348007878E+03 -0.10485072441912E+03  0.34186098593767E+05  0.18676277991493E+02 -0.65904107565727E+02  0.43882485346623E+03  0.11796743729951E+04  0.71672020840325E+03  0.61974994042798E+02  0.13060473810153E+03 -0.19704713836545E+02 -0.16515885835890E+03  0.80455325597854E+02 -0.46071788633906E+02 -0.68872582930210E+04 -0.70242012491208E+04  0.00000000000000E+00  0.26699933310268E+03  0.00000000000000E+00  0.31701170653778E+04  0.20553634308431E+04  0.00000000000000E+00  0.00000000000000E+00  0.00000000000000E+00  0.10970030299162E+04 -0.21600547200416E+04 -0.81421721182951E+03
  -0.17740263083592E+06  0.49810118240929E+05 -0.69489855025025E+04 -0.24640866208693E+05  0.49178032644171E+04 -0.12561717339043E+04 -0.28272637609647E+04 -0.50730205859318E+05  0.12757949383173E+05  0.18209776032996E+04 -0.31973207858538E+03  0.19056519828590E+03 -0.32674498978098E+01  0.24111196936136E+01  0.27677191136077E+03 -0.71020571473107E+02  0.14249148428697E+03  0.17121005169910E+03  0.26010099934928E+06  0.79433116848580E+02  0.96385862737720E+03  0.92587853865722E+03  0.71672020840325E+03  0.11097549827897E+05  0.24974120504799E+03  0.21691365592140E+03  0.19855868203905E+04  0.25534467618655E+03  0.86371202191921E+03 -0.67181482643886E+01  0.38443048845487E+05  0.37901558350740E+05  0.00000000000000E+00  0.14128625209034E+04  0.00000000000000E+00  0.16350957095060E+05  0.11052187299170E+05  0.00000000000000E+00  0.00000000000000E+00  0.00000000000000E+00 -0.24677604096797E+04  0.15815206859626E+04  0.33083248205566E+04
  -0.46049044020559E+04  0.16554273186514E+04 -0.18796196879954E+03 -0.68714075374984E+03  0.21438705211308E+03  0.19589863045666E+03  0.16510783158586E+02 -0.10489053023338E+03  0.15916606504872E+03 -0.84746717303334E+01  0.12274399619255E+01  0.65443771544825E+01 -0.68733663190358E+00  0.19891035561267E+00 -0.17545336072447E+02 -0.43660898982977E+00 -0.42377573017024E+02 -0.17266537114307E+02  0.17999855780854E+05  0.10602181468080E+02  0.55383865128161E+02  0.41054627179377E+02  0.61974994042798E+02  0.24974120504799E+03  0.36667260117776E+02  0.65788366490590E+02  0.84541349394177E+02  0.00000000000000E+00  0.50553393654002E+02  0.00000000000000E+00  0.00000000000000E+00  0.76644841963436E+03  0.00000000000000E+00  0.10782015201153E+03  0.00000000000000E+00  0.00000000000000E+00  0.11836091763024E+04  0.00000000000000E+00  0.00000000000000E+00  0.00000000000000E+00 -0.19761239116780E+03  0.00000000000000E+00 -0.40767511047661E+01
  -0.21737174765462E+04  0.12372204427178E+04 -0.11007120788147E+03  0.63450032268435E+03  0.10607336114458E+03  0.67416580249220E+03  0.29464483298014E+03  0.52174105094801E+04 -0.10538023281378E+04 -0.17494953241869E+03  0.37121113344728E+02 -0.20606353632018E+02 -0.43110138746523E+01  0.49459390509174E+00 -0.64112596919827E+02 -0.63860232326399E+00 -0.11080220588058E+03 -0.39888647625268E+02  0.13982824525939E+05  0.10819642563459E+02  0.96917955250632E-01  0.51595069528219E+02  0.13060473810153E+03  0.21691365592140E+03  0.65788366490590E+02  0.18684349198481E+03  0.36174345443540E+02  0.00000000000000E+00  0.11122677643556E+03  0.00000000000000E+00  0.00000000000000E+00 -0.29316967187777E+04  0.00000000000000E+00  0.26699933310268E+03  0.00000000000000E+00  0.00000000000000E+00  0.12977467251519E+04  0.00000000000000E+00  0.00000000000000E+00  0.00000000000000E+00 -0.72759849868922E+03  0.00000000000000E+00 -0.57440048742946E+03
  -0.24013275615896E+05  0.40711942788577E+04 -0.89543217047442E+03 -0.89716856731302E+04  0.14337358897809E+04 -0.14505186748068E+04 -0.13887960078878E+04 -0.37811200388095E+05  0.10830728052873E+05  0.97372197990873E+03 -0.22315498125889E+03  0.26191061895406E+03  0.12713181124774E+02  0.23211380792231E+01 -0.10773087294451E+03  0.14129407973582E+02 -0.17419986333354E+03 -0.88249332451712E+02  0.33007054686086E+05 -0.28004936270621E+01  0.16306681018125E+03  0.59602677807681E+02 -0.19704713836545E+02  0.19855868203905E+04  0.84541349394177E+02  0.36174345443540E+02  0.17742076538817E+04  0.00000000000000E+00  0.83240173387698E+03  0.00000000000000E+00  0.00000000000000E+00  0.18218978922957E+05  0.00000000000000E+00  0.14128625209034E+04  0.00000000000000E+00  0.00000000000000E+00  0.31316216821916E+04  0.00000000000000E+00  0.00000000000000E+00  0.00000000000000E+00  0.20958852772786E+04  0.00000000000000E+00  0.29092213460143E+04
  -0.13174440121102E+06  0.16750380759042E+05 -0.47866923586590E+04 -0.12817622757327E+05  0.19757835145509E+04 -0.26376817886409E+04 -0.23808361529908E+04 -0.62836710097694E+05  0.11444028366374E+05  0.27401677880774E+04 -0.45558301358432E+03 -0.10979044023113E+04 -0.16075962449407E+03  0.69015418049103E-01 -0.29748423235750E+04  0.57477336248551E+03 -0.33348808531687E+04 -0.23269099408533E+04  0.32689419157332E+05  0.00000000000000E+00  0.00000000000000E+00 -0.51999022631821E+02 -0.16515885835890E+03  0.25534467618655E+03  0.00000000000000E+00  0.00000000000000E+00  0.00000000000000E+00  0.11714284738082E+06  0.00000000000000E+00  0.00000000000000E+00  0.00000000000000E+00  0.00000000000000E+00  0.00000000000000E+00  0.00000000000000E+00  0.00000000000000E+00  0.00000000000000E+00  0.00000000000000E+00  0.00000000000000E+00  0.00000000000000E+00  0.00000000000000E+00  0.00000000000000E+00  0.00000000000000E+00  0.00000000000000E+00
  -0.55796366188645E+05  0.82939986252301E+04 -0.20328724314047E+04 -0.21272962986392E+05  0.33290941369136E+04 -0.40373600468417E+04 -0.37341542549406E+04 -0.50346484321762E+05  0.10821858368011E+05  0.18903123895616E+04 -0.34347782507198E+03 -0.25515073921411E-01  0.57773663182906E-03 -0.30062592903916E-04 -0.19400061845122E+04  0.35999386002731E+03 -0.21313154057142E+04 -0.14524444349939E+04  0.73286095819197E+05 -0.21009202658209E+02  0.82791298956408E+03  0.40919350269862E+02  0.80455325597854E+02  0.86371202191921E+03  0.50553393654002E+02  0.11122677643556E+03  0.83240173387698E+03  0.00000000000000E+00  0.65053628675251E+05  0.00000000000000E+00  0.00000000000000E+00  0.00000000000000E+00  0.00000000000000E+00  0.00000000000000E+00  0.00000000000000E+00  0.00000000000000E+00  0.00000000000000E+00  0.00000000000000E+00  0.00000000000000E+00  0.00000000000000E+00  0.00000000000000E+00  0.00000000000000E+00  0.00000000000000E+00
  -0.52029398293651E+04 -0.19771241895579E+03  0.21619319748772E+02 -0.87707592475497E+02 -0.55452846270255E+02  0.13885057120572E+03  0.13034207070277E+03 -0.70738156640492E+05  0.24821560171572E+05  0.73903359524914E+03 -0.33343518399291E+03 -0.68405885329031E+03 -0.26746654250226E+02 -0.59905726635530E+01 -0.24948094242324E+04  0.29554563762711E+03 -0.28575268090043E+04 -0.14307738109534E+04 -0.11146154834425E+04  0.00000000000000E+00  0.00000000000000E+00  0.27193622397020E+01 -0.46071788633906E+02 -0.67181482643886E+01  0.00000000000000E+00  0.00000000000000E+00  0.00000000000000E+00  0.00000000000000E+00  0.00000000000000E+00  0.30808483207630E+05  0.00000000000000E+00  0.00000000000000E+00  0.00000000000000E+00  0.00000000000000E+00  0.00000000000000E+00  0.00000000000000E+00  0.00000000000000E+00  0.00000000000000E+00  0.00000000000000E+00  0.00000000000000E+00  0.00000000000000E+00  0.00000000000000E+00  0.00000000000000E+00
  -0.87032935607412E+06  0.21160466962652E+06 -0.32914081237449E+05 -0.66650320330566E+05  0.11658122997677E+05 -0.80823310452146E+04 -0.95259609211580E+04 -0.29588346010137E+06  0.67085990946373E+05  0.10998518366381E+05 -0.19749285909522E+04 -0.49070138980947E+04 -0.57375652168859E+03 -0.76344142283698E+00  0.18480251919909E+04 -0.12449437936062E+03  0.24118387325206E+04  0.10783709462640E+04  0.54704889952319E+06  0.00000000000000E+00  0.00000000000000E+00  0.45056868740619E+03 -0.68872582930210E+04  0.38443048845487E+05  0.00000000000000E+00  0.00000000000000E+00  0.00000000000000E+00  0.00000000000000E+00  0.00000000000000E+00  0.00000000000000E+00  0.58421534004829E+06  0.00000000000000E+00  0.00000000000000E+00  0.00000000000000E+00  0.00000000000000E+00  0.00000000000000E+00  0.00000000000000E+00  0.00000000000000E+00  0.00000000000000E+00  0.00000000000000E+00  0.00000000000000E+00  0.00000000000000E+00  0.00000000000000E+00
  -0.11250759366154E+07  0.26768240617112E+06 -0.42801872473447E+05 -0.34677375651372E+06  0.62294941529388E+05 -0.39035729424388E+05 -0.49734281088000E+05 -0.57842895099507E+06  0.12669823793810E+06  0.22789570918859E+05 -0.39099828272705E+04 -0.15250400127256E+01  0.10277643854214E+01 -0.19148432972917E-02  0.42196765351788E+04 -0.46617220137042E+03  0.54034738192562E+04  0.29126928395515E+04  0.27119563423729E+07  0.11085853246458E+04  0.18269949873009E+05  0.10755845569167E+03 -0.70242012491208E+04  0.37901558350740E+05  0.76644841963436E+03 -0.29316967187777E+04  0.18218978922957E+05  0.00000000000000E+00  0.00000000000000E+00  0.00000000000000E+00  0.00000000000000E+00  0.92304097156261E+06  0.00000000000000E+00  0.00000000000000E+00  0.00000000000000E+00  0.00000000000000E+00  0.00000000000000E+00  0.00000000000000E+00  0.00000000000000E+00  0.00000000000000E+00  0.00000000000000E+00  0.00000000000000E+00  0.00000000000000E+00
  -0.20996120748621E+05  0.57601763722153E+04 -0.82537626682688E+03 -0.13617193299469E+04  0.31372958103959E+03  0.16760584624302E+02 -0.14796693057757E+03 -0.74353941568932E+05  0.22986806896187E+05  0.14981114840074E+04 -0.41512138525857E+03 -0.22367894554348E+04 -0.14022745279261E+03 -0.31622955312306E+01 -0.15135427434723E+04  0.16532710656196E+03 -0.14277233911952E+04 -0.72826516095659E+03  0.16395762430628E+05  0.00000000000000E+00  0.00000000000000E+00  0.00000000000000E+00  0.00000000000000E+00  0.00000000000000E+00  0.00000000000000E+00  0.00000000000000E+00  0.00000000000000E+00  0.00000000000000E+00  0.00000000000000E+00  0.00000000000000E+00  0.00000000000000E+00  0.00000000000000E+00  0.14366742070433E+05  0.00000000000000E+00  0.00000000000000E+00  0.00000000000000E+00  0.00000000000000E+00  0.00000000000000E+00  0.00000000000000E+00  0.00000000000000E+00  0.00000000000000E+00  0.00000000000000E+00  0.00000000000000E+00
  -0.47393633581268E+05  0.13170340782640E+05 -0.18702975072403E+04 -0.24932671592530E+04  0.55165557675905E+03 -0.76212281268363E+01 -0.26449765083146E+03 -0.16672292890274E+06  0.51619944077399E+05  0.33008284769989E+04 -0.93113231610837E+03 -0.66778033269737E+02 -0.17469481249423E+02 -0.14227550102394E-04 -0.29924828101812E+04  0.32504727497427E+03 -0.28389050761035E+04 -0.14478434755191E+04  0.30055791157980E+05 -0.14382408515693E+02 -0.17301395545188E+03  0.10782015201153E+03  0.26699933310268E+03  0.14128625209034E+04  0.10782015201153E+03  0.26699933310268E+03  0.14128625209034E+04  0.00000000000000E+00  0.00000000000000E+00  0.00000000000000E+00  0.00000000000000E+00  0.00000000000000E+00  0.00000000000000E+00  0.31451007468435E+05  0.00000000000000E+00  0.00000000000000E+00  0.00000000000000E+00  0.00000000000000E+00  0.00000000000000E+00  0.00000000000000E+00  0.00000000000000E+00  0.00000000000000E+00  0.00000000000000E+00
  -0.32009254888070E+04  0.42359821113304E+03 -0.10330030299635E+03 -0.70623607642479E+02  0.89028150631759E+01 -0.17974770807649E+02 -0.12646611370832E+02 -0.14150063395548E+04  0.19165963297229E+03  0.43697545434552E+02 -0.10724125374250E+02 -0.76670690156454E+02 -0.61960572326670E+01 -0.13731003078283E+00 -0.74130149314740E+03  0.85727029147964E+02 -0.71855788804750E+03 -0.39696101191414E+03  0.20477742452572E+03  0.00000000000000E+00  0.00000000000000E+00  0.00000000000000E+00  0.00000000000000E+00  0.00000000000000E+00  0.00000000000000E+00  0.00000000000000E+00  0.00000000000000E+00  0.00000000000000E+00  0.00000000000000E+00  0.00000000000000E+00  0.00000000000000E+00  0.00000000000000E+00  0.00000000000000E+00  0.00000000000000E+00  0.37985037501189E+04  0.00000000000000E+00  0.00000000000000E+00  0.00000000000000E+00  0.00000000000000E+00  0.00000000000000E+00  0.00000000000000E+00  0.00000000000000E+00  0.00000000000000E+00
  -0.20535009760545E+06  0.64157272520396E+05 -0.81951035215365E+04 -0.11836439159398E+05  0.28471865174578E+04  0.47232812921180E+03 -0.94479083364484E+03 -0.57706541518783E+04  0.65427035339651E+03  0.54809514072551E+03 -0.44330206308685E+02 -0.18676625721703E+00 -0.13442918255741E+00  0.12406204967733E-12  0.35542407646756E+03 -0.96789560283381E+02  0.11335729566024E+03  0.16225575829909E+03  0.17800367929799E+06  0.00000000000000E+00  0.00000000000000E+00  0.22460165218680E+04  0.31701170653778E+04  0.16350957095060E+05  0.00000000000000E+00  0.00000000000000E+00  0.00000000000000E+00  0.00000000000000E+00  0.00000000000000E+00  0.00000000000000E+00  0.00000000000000E+00  0.00000000000000E+00  0.00000000000000E+00  0.00000000000000E+00  0.00000000000000E+00  0.10664678194640E+06  0.00000000000000E+00  0.00000000000000E+00  0.00000000000000E+00  0.00000000000000E+00  0.00000000000000E+00  0.00000000000000E+00  0.00000000000000E+00
  -0.23111105444391E+06  0.71916181596815E+05 -0.92179599503551E+04 -0.53609955592727E+05  0.12778158427652E+05  0.19345971647063E+04 -0.44028644491093E+04 -0.11367228664315E+05  0.13122492597710E+04  0.10459397849119E+04 -0.87282808566920E+02  0.12302051129493E-01  0.70870146132995E-02  0.20651743042646E-11  0.63321333240650E+03 -0.17059571764253E+03  0.22152294782197E+03  0.29962268064311E+03  0.79233637356182E+06  0.42436562159944E+03  0.35480314248494E+04  0.16933211162212E+04  0.20553634308431E+04  0.11052187299170E+05  0.11836091763024E+04  0.12977467251519E+04  0.31316216821916E+04  0.00000000000000E+00  0.00000000000000E+00  0.00000000000000E+00  0.00000000000000E+00  0.00000000000000E+00  0.00000000000000E+00  0.00000000000000E+00  0.00000000000000E+00  0.00000000000000E+00  0.13869205217037E+06  0.00000000000000E+00  0.00000000000000E+00  0.00000000000000E+00  0.00000000000000E+00  0.00000000000000E+00  0.00000000000000E+00
