# fitpack15: fit parameters                                                                         
# CJ15 AV18 final data choices                                                                      
# Created on 06/12/2019 at 17:46:32                                                                 

 # QCD setup
  INS                           0
  NVL                          11
  IORD                          1
  Q02                   1.6899999999999999     
  IPARAMC                       7
  FLAVOR                4.0000000000000000     
  xmc                   1.3000000000000000     
  xmb                   4.5000000000000000     
  ncb                          12
  ihq                           1
  ias                           0

 # Theory corrections
  inuke                     10814
  itmc                          1
  iht                           1

 # fit parameters
 LAMBDA       0.22680        0.0000    
 a0uv          2.3687        0.0000    
 a1uv         0.61028       0.19753E-01
 a2uv          3.5285       0.11558E-01
 a3uv          0.0000        0.0000    
 a4uv          3.4569       0.42364    
 a5uv          0.0000        0.0000    
 a0dv          19.495        0.0000    
 a1dv          1.1065       0.28482E-01
 a2dv          6.1272       0.94948E-01
 a3dv         -3.3686       0.74644E-01
 a4dv          4.4811       0.13103    
 a5dv          0.0000        0.0000    
 a0ud         0.14580       0.49825E-02
 a1ud        -0.20822       0.37343E-02
 a2ud          8.1725       0.18677    
 a3ud          0.0000        0.0000    
 a4ud          14.372        1.1953    
 a5ud          0.0000        0.0000    
 a0du          35712.        0.0000    
 a1du          4.0170       0.70848E-01
 a2du          19.739       0.81129    
 a3du          17.000        0.0000    
 a4du          51.069        10.486    
 a0g           45.237        0.0000    
 a1g          0.60193       0.31071E-01
 a2g           6.5098       0.91828    
 a3g          -3.3171       0.13619    
 a4g           3.2110       0.32268    
 a5g           0.0000        0.0000    
 kappa        0.40000        0.0000    
 a6dv          0.0000        0.0000    
 a7dv          0.0000        0.0000    
 off1         -6.2183        1.4606    
 off2         0.64561E-01   0.45552E-02
 ht1          -3.4847       0.27609    
 ht2           2.0559       0.10878    
 ht3          -2.0675       0.17839E-01
 ht4           0.0000        0.0000    
 dummy40       0.0000        0.0000    
 dummy41       0.0000        0.0000    
 dummy42       0.0000        0.0000    
 dummy43       0.0000        0.0000    
 dummy44       0.0000        0.0000    
 dummy45       0.0000        0.0000    
 dummy46       0.0000        0.0000    
 dummy47       0.0000        0.0000    
 dummy48       0.0000        0.0000    
 dummy49       0.0000        0.0000    
 bcdmsh2      0.97135       0.48045E-02
 bcdmsd2      0.99190       0.58304E-02
 ccfr          1.0000        0.0000    
 nutev         1.0000        0.0000    
 zeus         0.97998        0.0000    
 h1            1.0162        0.0000    
 e605          1.0319        0.0000    
 NmcH2         1.0079       0.70974E-02
 ntv_nu        1.0000        0.0000    
 ntv_nubar     1.0000        0.0000    
 cdf_jet      0.98910        0.0000    
 d0_jet       0.83504        0.0000    
 slac_p        1.0048       0.48269E-02
 slac_d        1.0047       0.52954E-02
 e866pp       0.96509       0.19147E-01
 e866pd       0.96816       0.15909E-01
 d0_gamjet     1.0373       0.16462E-01
 h1b          0.97608        0.0000    
 jlab_p       0.99425       0.57755E-02
 jlab_d       0.97883       0.58987E-02
 blank         1.0000        0.0000    
 d0run2       0.94285       0.14231E-01
 cdfrun2      0.92922       0.17313E-01
 HERA_el       1.0000        0.0000    
 HERA_ps       1.0000        0.0000    
 CDF_Z        0.96351       0.65721E-02
 NmcRat        1.0000        0.0000    
 BNS_F2nd     0.98634       0.69427E-02
 HERMES_F2p   0.99792       0.55715E-02
 HERMES_F2d   0.98042       0.58325E-02
 END 0. 0.

 # Hessian matrix (Bevington alpha)
   0.48413477650007E+07 -0.12609374915427E+07  0.23126517188157E+06  0.45883401108448E+06 -0.14449126542362E+06  0.93033341658476E+04  0.73086925992888E+05  0.94224413863842E+06 -0.17926959488779E+06 -0.50702626460177E+05  0.77342413250643E+04  0.16801470032932E+05  0.19423997984621E+04 -0.11238896811315E+03  0.73995480256844E+04 -0.19015591494994E+04  0.10138020796507E+05  0.74596248459191E+04 -0.98065261203786E+03 -0.31703406121348E+07  0.11052170568793E+06  0.31068901196509E+06  0.12663769743875E+07 -0.12750580286014E+06 -0.53789521752295E+05 -0.44891132647872E+04 -0.83805385925742E+06 -0.10739184286248E+07 -0.20452108622715E+05 -0.46056850600765E+05 -0.30918957162234E+04 -0.19784326777910E+06 -0.21868427823829E+06 -0.88772805977158E+04 -0.31470835561819E+04 -0.15565922725815E+05  0.17069681944881E+05 -0.70973656168830E+05 -0.55888999274100E+05
  -0.12609374915427E+07  0.40074820836579E+06 -0.62326897961714E+05 -0.12566081751847E+06  0.41283046378893E+05 -0.94928801473807E+03 -0.17797644059705E+05 -0.12672813289873E+06  0.27004341729161E+05  0.79074645867133E+04 -0.98688772949112E+03 -0.13423775198497E+04 -0.16293281384999E+03  0.13585622007816E+02  0.79672918915261E+03 -0.69160618438423E+02  0.29166245579251E+03  0.16510545929987E+03  0.43844648549214E+03  0.91533271960677E+06 -0.27584104217437E+05 -0.79688397530700E+05 -0.34759587497606E+06  0.16596921804700E+05  0.81211799683393E+04 -0.23662832256978E+03  0.20817284169966E+06  0.25705047750353E+06  0.57363612836761E+04  0.13059474818137E+05  0.42063595053228E+03  0.63012814054695E+05  0.68693574829051E+05  0.23816409202917E+04  0.75748607722099E+03 -0.22669690577572E+04 -0.22647594757686E+04  0.85216270592871E+04  0.70826893577645E+04
   0.23126517188157E+06 -0.62326897961714E+05  0.11174048026779E+05  0.22071664311414E+05 -0.71011169204947E+04  0.25692142251102E+03  0.34708206417114E+04  0.33199631532795E+05 -0.61452179033912E+04 -0.21048126339671E+04  0.27690968150549E+03  0.52770917261597E+03  0.70923688279969E+02 -0.51016003546042E+01 -0.41019321784119E+03  0.22364347209414E+01 -0.20469163540792E+03 -0.37415368347942E+02 -0.51600547635784E+02 -0.15419900017685E+06  0.52390209316043E+04  0.14713284616312E+05  0.60894037366570E+05 -0.55747969108431E+04 -0.23606825981304E+04  0.49908069696274E+02 -0.39079629374156E+05 -0.50114227785775E+05 -0.99986496321423E+03 -0.22618818926604E+04 -0.11932476727165E+03 -0.99175213104837E+04 -0.10903615527359E+05 -0.42552895747519E+03 -0.14825876591498E+03  0.35803796794412E+02  0.74462515909467E+03 -0.25768826366286E+04 -0.20803323476573E+04
   0.45883401108448E+06 -0.12566081751847E+06  0.22071664311414E+05  0.39575918212116E+06 -0.67843168698520E+05  0.83446448958129E+05  0.69041113638728E+05  0.36741857646242E+06 -0.29379856796073E+05 -0.19230257244518E+05  0.35545506534371E+04 -0.15218786510260E+04 -0.17027645524372E+03  0.59076711392528E+02  0.31102766605790E+05 -0.37721060055694E+04  0.27203246438709E+05  0.15436663968467E+05 -0.82285203692417E+02 -0.89899927435574E+06  0.35789955438807E+05  0.94823965114662E+05  0.39174711432709E+06 -0.12902568217272E+05 -0.21363034498283E+05 -0.12647718009337E+03 -0.64882181225843E+05 -0.33903764915756E+06 -0.14076448147196E+04 -0.24395126404417E+04 -0.72552294016079E+02 -0.11527911419734E+05 -0.51857542132007E+05 -0.24353658231703E+04 -0.95656941704685E+03 -0.10168280801314E+05 -0.15513777296826E+05 -0.73091153055354E+04 -0.21708908031433E+05
  -0.14449126542362E+06  0.41283046378893E+05 -0.71011169204947E+04 -0.67843168698520E+05  0.14694531112791E+05 -0.10185379515300E+05 -0.11388626113866E+05 -0.35943311942821E+05  0.67234706228385E+03  0.26721616613531E+04 -0.37822387763774E+03 -0.60503305036113E+02  0.39082671737641E+01 -0.54458079351375E+01 -0.27503215845787E+04  0.33788634085810E+03 -0.23561011477369E+04 -0.13529664009428E+04  0.59450357996750E+02  0.22171950173906E+06 -0.79893161912717E+04 -0.21208564638361E+05 -0.91421887588636E+05  0.20705832290781E+04  0.35464112342578E+04 -0.54979730687589E+02  0.13454247338926E+05  0.70394362447192E+05  0.39349689475875E+03  0.66280847527478E+03  0.98095916172661E+01  0.35534339772056E+04  0.15572835777134E+05  0.54192538639678E+03  0.19696977720325E+03  0.30805782325281E+03  0.25354125996583E+04  0.87374901490966E+03  0.26890301338255E+04
   0.93033341658476E+04 -0.94928801473807E+03  0.25692142251102E+03  0.83446448958129E+05 -0.10185379515300E+05  0.23749132290403E+05  0.15452978606703E+05  0.10676028412235E+06 -0.94275639743480E+04 -0.48758536731944E+04  0.10254177535962E+04 -0.68056102522331E+03 -0.68224743359399E+02  0.19148692792188E+02  0.91084749505423E+04 -0.11335972789140E+04  0.80722064015991E+04  0.46460483884738E+04  0.42820620517351E+02 -0.10156812918231E+06  0.50659101703873E+04  0.13511685133685E+05  0.50590874928224E+05 -0.29758650829357E+04 -0.46609885331403E+04  0.13681846856548E+03 -0.10840826151448E+05 -0.54826680196292E+05 -0.82726982797900E+02 -0.16850830204793E+03 -0.19519608917173E+02 -0.33424974008084E+03 -0.19484632656664E+04 -0.35881474545930E+03 -0.16400981480725E+03 -0.29210256086583E+04 -0.35677776643121E+04 -0.18705360652640E+04 -0.54509124801948E+04
   0.73086925992888E+05 -0.17797644059705E+05  0.34708206417114E+04  0.69041113638728E+05 -0.11388626113866E+05  0.15452978606703E+05  0.12522790712836E+05  0.60265036364272E+05 -0.32082118447560E+04 -0.34884758381866E+04  0.60804559780930E+03 -0.19638369403384E+03 -0.26542419233754E+02  0.10152129762145E+02  0.47509265239235E+04 -0.59890579255400E+03  0.41083783589574E+04  0.23923156666358E+04  0.17618271602218E+01 -0.14650585262980E+06  0.60610945679823E+04  0.16007283389766E+05  0.64702246586313E+05 -0.25608607455352E+04 -0.40708143631320E+04  0.12514854217373E+03 -0.11244381013940E+05 -0.58889106614745E+05 -0.22118690402988E+03 -0.37155921108165E+03 -0.13631362876409E+02 -0.15289372606831E+04 -0.69959263049775E+04 -0.42276634849194E+03 -0.17198448605760E+03 -0.12169168947833E+04 -0.31986971175281E+04 -0.11684709884463E+04 -0.35071531082014E+04
   0.94224413863842E+06 -0.12672813289873E+06  0.33199631532795E+05  0.36741857646242E+06 -0.35943311942821E+05  0.10676028412235E+06  0.60265036364272E+05  0.50660330674010E+07 -0.23288424100976E+07 -0.88047624406002E+05  0.26646225237691E+05  0.28830496816891E+05  0.19608575120818E+04  0.10594752088646E+03  0.83786064417339E+05 -0.10689397782203E+05  0.84251968992719E+05  0.46168599782582E+05  0.44052138017589E+03 -0.40772081463801E+06  0.42546476193908E+05  0.12309443081945E+06  0.39556816753567E+06 -0.62184655162446E+05 -0.50134441145528E+05 -0.67193573054213E+05 -0.28848996243089E+06 -0.57558313391323E+06 -0.72995087329503E+05 -0.16275232673351E+06 -0.13276640618077E+04 -0.63016366724282E+04 -0.12246751851329E+05  0.33327181293568E+02  0.15495311422817E+03 -0.26484012159361E+06 -0.91635281935037E+04 -0.13816460974606E+06 -0.17255822139865E+06
  -0.17926959488779E+06  0.27004341729161E+05 -0.61452179033912E+04 -0.29379856796073E+05  0.67234706228385E+03 -0.94275639743480E+04 -0.32082118447560E+04 -0.23288424100976E+07  0.19272519262312E+07  0.19410872931860E+05 -0.66469039651440E+04 -0.61309685381527E+04 -0.34075933204029E+03 -0.14624567919713E+02  0.49823486625264E+05 -0.23525461514925E+04  0.16738209554252E+05  0.82181318596700E+04 -0.96767084861402E+02  0.79824110329415E+04 -0.80196084798659E+04 -0.24302869097077E+05 -0.71868943708919E+05  0.11644000796420E+05  0.11066643213382E+05  0.24129760265480E+05  0.66494747813294E+05  0.12841986872335E+06  0.23087708582800E+05  0.51585179227686E+05  0.17470336157559E+03  0.67039325739491E+03  0.13413707717402E+04 -0.12051262932644E+04 -0.67262362573065E+03  0.11202769478413E+06  0.16763816300888E+04  0.44293563946391E+05  0.54748548498231E+05
  -0.50702626460177E+05  0.79074645867133E+04 -0.21048126339671E+04 -0.19230257244518E+05  0.26721616613531E+04 -0.48758536731944E+04 -0.34884758381866E+04 -0.88047624406002E+05  0.19410872931860E+05  0.27645771863680E+04 -0.66682920047885E+03 -0.74834619074283E+03 -0.67159083101417E+02 -0.20224018453038E+01 -0.40393971733975E+04  0.49148327396269E+03 -0.35634052000284E+04 -0.20383305581099E+04 -0.13607942360850E+02  0.37303511035563E+05 -0.21148941470073E+04 -0.58191793576695E+04 -0.20606826967607E+05  0.28222960234783E+04  0.19592580077831E+04  0.73035138064395E+03  0.11341179454285E+05  0.23830053866873E+05  0.15553067313000E+04  0.33899819783638E+04  0.43352468707602E+02  0.63868332289787E+03  0.12000457350675E+04  0.14040362042048E+03  0.62262688855903E+02  0.31336108028294E+04  0.46733938011913E+03  0.28234371486833E+04  0.36145509090284E+04
   0.77342413250643E+04 -0.98688772949112E+03  0.27690968150549E+03  0.35545506534371E+04 -0.37822387763774E+03  0.10254177535962E+04  0.60804559780930E+03  0.26646225237691E+05 -0.66469039651440E+04 -0.66682920047885E+03  0.18771104148500E+03  0.22146896019910E+03  0.16356857192486E+02  0.77623487291873E+00  0.12852052507495E+04 -0.14246486312373E+03  0.10888296427254E+04  0.60027746464375E+03  0.34125425582613E+01 -0.42252252856366E+04  0.34166576980527E+03  0.97386815908495E+03  0.32094529411290E+04 -0.50359707550283E+03 -0.38100651071014E+03 -0.34388898994106E+03 -0.21526735294568E+04 -0.43498388353681E+04 -0.44947960173729E+03 -0.10024588930082E+04 -0.11246293473000E+02 -0.55334714018388E+02 -0.10731008962105E+03 -0.16048713316198E+02 -0.75226246325404E+01 -0.11779807963616E+04 -0.74182382670438E+02 -0.84790257308514E+03 -0.10678029769407E+04
   0.16801470032932E+05 -0.13423775198497E+04  0.52770917261597E+03 -0.15218786510260E+04 -0.60503305036113E+02 -0.68056102522331E+03 -0.19638369403384E+03  0.28830496816891E+05 -0.61309685381527E+04 -0.74834619074283E+03  0.22146896019910E+03  0.20359064044090E+04  0.13388871557820E+03 -0.10367015915252E+01  0.15832524807699E+04 -0.21874265449266E+03  0.16986812784729E+04  0.98582531059222E+03 -0.52325681902916E+01 -0.21776125533202E+04 -0.53313785110319E+02  0.21413990421804E+02 -0.12582754169510E+04 -0.12781626207517E+04 -0.20976243795784E-10 -0.81144842694412E+03 -0.56408524424465E+04 -0.39278731299514E-09 -0.26650976923329E+04 -0.86158805230306E+02 -0.88466808448395E+02 -0.31156478715844E+00 -0.77531623824950E-10 -0.19581161582430E+01 -0.83576736166651E+00  0.32235008097663E+03  0.36535023961221E+03 -0.30415074710103E+04  0.40409950503544E-10
   0.19423997984621E+04 -0.16293281384999E+03  0.70923688279969E+02 -0.17027645524372E+03  0.39082671737641E+01 -0.68224743359399E+02 -0.26542419233754E+02  0.19608575120818E+04 -0.34075933204029E+03 -0.67159083101417E+02  0.16356857192486E+02  0.13388871557820E+03  0.12231086448940E+02 -0.19676887015463E+00  0.86967302394971E+02 -0.14538631459269E+02  0.10175639990857E+03  0.64176786017205E+02 -0.47735615866300E+00  0.60651259907016E+02 -0.40486593458375E+01  0.59630805411535E+01 -0.13715091094355E+03 -0.19247861347853E+03 -0.15834840103411E-11 -0.31439977617108E+02 -0.67760419770058E+03 -0.94080445020027E-11 -0.16758841645295E+03 -0.23171315499566E+02 -0.72018420661926E+01 -0.22622556607704E+00 -0.81671528351916E-11 -0.21053550843204E+00 -0.81090776795431E-01  0.32528172782820E+02  0.82931935019444E+02 -0.21986736909702E+03  0.97187287727778E-11
  -0.11238896811315E+03  0.13585622007816E+02 -0.51016003546042E+01  0.59076711392528E+02 -0.54458079351375E+01  0.19148692792188E+02  0.10152129762145E+02  0.10594752088646E+03 -0.14624567919713E+02 -0.20224018453038E+01  0.77623487291873E+00 -0.10367015915252E+01 -0.19676887015463E+00  0.57782971796244E-01  0.15497338020424E+02 -0.12081787735805E+01  0.98903835889766E+01  0.47512410402087E+01  0.35252802983836E-01 -0.65573981526000E+02  0.11430409200208E+01  0.28748015573247E+01  0.13431494968514E+02  0.74050063071850E-01  0.49959763231177E-12 -0.66724575997463E+01 -0.95405395528804E+00 -0.39351380444698E-11 -0.38639815478734E+01 -0.26954411968219E-04 -0.15589948722292E+00  0.11062539115335E-12 -0.42106560581272E-14 -0.18928672672376E-02 -0.10353009796494E-02 -0.15972813090211E+01  0.86134695949484E-04 -0.36387700662341E+01 -0.44092961939527E-12
   0.73995480256844E+04  0.79672918915261E+03 -0.41019321784119E+03  0.31102766605790E+05 -0.27503215845787E+04  0.91084749505423E+04  0.47509265239235E+04  0.83786064417339E+05  0.49823486625264E+05 -0.40393971733975E+04  0.12852052507495E+04  0.15832524807699E+04  0.86967302394971E+02  0.15497338020424E+02  0.48989365091126E+05 -0.45290126804714E+04  0.35083489347201E+05  0.18532550630688E+05  0.95145026522404E+00  0.11144790164567E+05 -0.33237034759181E+03 -0.91991587544067E+03 -0.28017982406360E+04 -0.26545882688580E+04 -0.17403498749610E+04 -0.24629573105786E+04  0.19729668108048E+04  0.42180775453002E+04 -0.15269741976532E+04 -0.29392571387439E+04 -0.71970121115276E+03  0.24687804345145E+03  0.44001039192459E+03 -0.28475020029876E+04 -0.15117099820502E+04 -0.23919137796321E+04  0.18214239079814E+03 -0.86062480558435E+03 -0.96842199645910E+03
  -0.19015591494994E+04 -0.69160618438423E+02  0.22364347209414E+01 -0.37721060055694E+04  0.33788634085810E+03 -0.11335972789140E+04 -0.59890579255400E+03 -0.10689397782203E+05 -0.23525461514925E+04  0.49148327396269E+03 -0.14246486312373E+03 -0.21874265449266E+03 -0.14538631459269E+02 -0.12081787735805E+01 -0.45290126804714E+04  0.48771744504331E+03 -0.37121919077257E+04 -0.20388747422929E+04 -0.69376127644654E+00 -0.16936706090668E+04  0.39770987239544E+02  0.10200580102563E+03  0.34576023086737E+03  0.48904838878710E+03  0.30586417822358E+03  0.28336693855488E+03 -0.15911926304089E+03 -0.47640385127718E+03  0.15805994753044E+03  0.30342658834019E+03  0.79250052056680E+02 -0.65634646267775E+02 -0.11549841895293E+03  0.43276705349608E+03  0.21372759797406E+03 -0.29846739902501E+03 -0.32571192456022E+02  0.24377395418883E+03  0.27273943715066E+03
   0.10138020796507E+05  0.29166245579251E+03 -0.20469163540792E+03  0.27203246438709E+05 -0.23561011477369E+04  0.80722064015991E+04  0.41083783589574E+04  0.84251968992719E+05  0.16738209554252E+05 -0.35634052000284E+04  0.10888296427254E+04  0.16986812784729E+04  0.10175639990857E+03  0.98903835889766E+01  0.35083489347201E+05 -0.37121919077257E+04  0.28720792846565E+05  0.15620104883241E+05 -0.38108792319793E+00  0.11600085530104E+05 -0.37456825248784E+03 -0.10106222319616E+04 -0.29760619099453E+04 -0.26601700632477E+04 -0.17101986079123E+04 -0.24582208983690E+04  0.20868641861627E+04  0.44536995468728E+04 -0.12717926315276E+04 -0.24592272440789E+04 -0.60708174573878E+03  0.84007787311142E+02  0.16289565636058E+03 -0.26323448471638E+04 -0.14121366363949E+04  0.13571482974290E+04  0.22260233799618E+03 -0.16501431037772E+04 -0.18307965060117E+04
   0.74596248459191E+04  0.16510545929987E+03 -0.37415368347942E+02  0.15436663968467E+05 -0.13529664009428E+04  0.46460483884738E+04  0.23923156666358E+04  0.46168599782582E+05  0.82181318596700E+04 -0.20383305581099E+04  0.60027746464375E+03  0.98582531059222E+03  0.64176786017205E+02  0.47512410402087E+01  0.18532550630688E+05 -0.20388747422929E+04  0.15620104883241E+05  0.86079963327145E+04  0.11092333578815E+01  0.72374438277896E+04 -0.21176079776897E+03 -0.54984595227755E+03 -0.16918344937982E+04 -0.18808900467562E+04 -0.11760638474308E+04 -0.12517183371891E+04  0.98214092490108E+03  0.24589252174338E+04 -0.65362939810228E+03 -0.12653207478364E+04 -0.33836273392676E+03  0.11375298437112E+03  0.20972983358813E+03 -0.17125218967880E+04 -0.88230422120446E+03  0.14646264090192E+04  0.15655674858528E+03 -0.11532948866031E+04 -0.12802306454001E+04
  -0.98065261203786E+03  0.43844648549214E+03 -0.51600547635784E+02 -0.82285203692417E+02  0.59450357996750E+02  0.42820620517351E+02  0.17618271602218E+01  0.44052138017589E+03 -0.96767084861402E+02 -0.13607942360850E+02  0.34125425582613E+01 -0.52325681902916E+01 -0.47735615866300E+00  0.35252802983836E-01  0.95145026522404E+00 -0.69376127644654E+00 -0.38108792319793E+00  0.11092333578815E+01  0.19475016885104E+01  0.15897262771919E+04 -0.37433202313927E+02 -0.10434799728884E+03 -0.54503732449338E+03  0.00000000000000E+00 -0.35114355657918E+02  0.00000000000000E+00  0.00000000000000E+00  0.19884225493229E+03  0.00000000000000E+00 -0.54090783256566E+01  0.00000000000000E+00  0.00000000000000E+00  0.17472145367630E+03  0.00000000000000E+00  0.00000000000000E+00  0.00000000000000E+00  0.19629506016534E+02  0.00000000000000E+00 -0.35085726806131E+02
  -0.31703406121348E+07  0.91533271960677E+06 -0.15419900017685E+06 -0.89899927435574E+06  0.22171950173906E+06 -0.10156812918231E+06 -0.14650585262980E+06 -0.40772081463801E+06  0.79824110329415E+04  0.37303511035563E+05 -0.42252252856366E+04 -0.21776125533202E+04  0.60651259907016E+02 -0.65573981526000E+02  0.11144790164567E+05 -0.16936706090668E+04  0.11600085530104E+05  0.72374438277896E+04  0.15897262771919E+04  0.60205128728985E+07 -0.21344811504595E+06 -0.56258601957191E+06 -0.24730898723776E+07  0.00000000000000E+00  0.70253997026159E+05  0.00000000000000E+00  0.00000000000000E+00  0.17142272874707E+07  0.00000000000000E+00 -0.16690902283876E+05  0.00000000000000E+00  0.00000000000000E+00  0.35412752553101E+06  0.00000000000000E+00  0.00000000000000E+00  0.00000000000000E+00 -0.65658798938147E+05  0.00000000000000E+00  0.58211628386155E+05
   0.11052170568793E+06 -0.27584104217437E+05  0.52390209316043E+04  0.35789955438807E+05 -0.79893161912717E+04  0.50659101703873E+04  0.60610945679823E+04  0.42546476193908E+05 -0.80196084798659E+04 -0.21148941470073E+04  0.34166576980527E+03 -0.53313785110319E+02 -0.40486593458375E+01  0.11430409200208E+01 -0.33237034759181E+03  0.39770987239544E+02 -0.37456825248784E+03 -0.21176079776897E+03 -0.37433202313927E+02 -0.21344811504595E+06  0.84176043635675E+04  0.22018456931195E+05  0.94034099815568E+05 -0.46312676444073E+02 -0.35768832515293E+04  0.40282639056458E+01  0.73658163686352E+03 -0.72042499132605E+05  0.00000000000000E+00 -0.20243020012417E+03  0.00000000000000E+00  0.21602156488141E+04 -0.10711997547269E+05  0.00000000000000E+00  0.00000000000000E+00  0.00000000000000E+00  0.25918744754827E+04 -0.31535248194354E+03 -0.43464739758075E+04
   0.31068901196509E+06 -0.79688397530700E+05  0.14713284616312E+05  0.94823965114662E+05 -0.21208564638361E+05  0.13511685133685E+05  0.16007283389766E+05  0.12309443081945E+06 -0.24302869097077E+05 -0.58191793576695E+04  0.97386815908495E+03  0.21413990421804E+02  0.59630805411535E+01  0.28748015573247E+01 -0.91991587544067E+03  0.10200580102563E+03 -0.10106222319616E+04 -0.54984595227755E+03 -0.10434799728884E+03 -0.56258601957191E+06  0.22018456931195E+05  0.58103898343477E+05  0.24688163675394E+06 -0.14996996731389E+03 -0.89607092179434E+04 -0.23789274648843E+02 -0.55863972079108E+04 -0.19060092067033E+06  0.00000000000000E+00 -0.50521365188658E+03  0.00000000000000E+00  0.31597773952218E+04 -0.29654805113480E+05  0.00000000000000E+00  0.00000000000000E+00  0.00000000000000E+00  0.64924744435963E+04 -0.18146129386236E+04 -0.11913804592296E+05
   0.12663769743875E+07 -0.34759587497606E+06  0.60894037366570E+05  0.39174711432709E+06 -0.91421887588636E+05  0.50590874928224E+05  0.64702246586313E+05  0.39556816753567E+06 -0.71868943708919E+05 -0.20606826967607E+05  0.32094529411290E+04 -0.12582754169510E+04 -0.13715091094355E+03  0.13431494968514E+02 -0.28017982406360E+04  0.34576023086737E+03 -0.29760619099453E+04 -0.16918344937982E+04 -0.54503732449338E+03 -0.24730898723776E+07  0.94034099815568E+05  0.24688163675394E+06  0.10760218458368E+07  0.23758486225675E+03 -0.41365837355338E+05 -0.47649235827363E+01  0.36966641974351E+05 -0.78415569691794E+06  0.00000000000000E+00 -0.23655881080055E+04  0.00000000000000E+00  0.16045925170276E+05 -0.13632949894991E+06  0.00000000000000E+00  0.00000000000000E+00  0.00000000000000E+00  0.30511397102464E+05  0.14779443134241E+04 -0.45385867696856E+05
  -0.12750580286014E+06  0.16596921804700E+05 -0.55747969108431E+04 -0.12902568217272E+05  0.20705832290781E+04 -0.29758650829357E+04 -0.25608607455352E+04 -0.62184655162446E+05  0.11644000796420E+05  0.28222960234783E+04 -0.50359707550283E+03 -0.12781626207517E+04 -0.19247861347853E+03  0.74050063071850E-01 -0.26545882688580E+04  0.48904838878710E+03 -0.26601700632477E+04 -0.18808900467562E+04  0.00000000000000E+00  0.00000000000000E+00 -0.46312676444073E+02 -0.14996996731389E+03  0.23758486225675E+03  0.11665786955045E+06  0.00000000000000E+00  0.00000000000000E+00  0.00000000000000E+00  0.00000000000000E+00  0.00000000000000E+00  0.00000000000000E+00  0.00000000000000E+00  0.00000000000000E+00  0.00000000000000E+00  0.00000000000000E+00  0.00000000000000E+00  0.00000000000000E+00  0.00000000000000E+00  0.00000000000000E+00  0.00000000000000E+00
  -0.53789521752295E+05  0.81211799683393E+04 -0.23606825981304E+04 -0.21363034498283E+05  0.35464112342578E+04 -0.46609885331403E+04 -0.40708143631320E+04 -0.50134441145528E+05  0.11066643213382E+05  0.19592580077831E+04 -0.38100651071014E+03 -0.20976243795784E-10 -0.15834840103411E-11  0.49959763231177E-12 -0.17403498749610E+04  0.30586417822358E+03 -0.17101986079123E+04 -0.11760638474308E+04 -0.35114355657918E+02  0.70253997026159E+05 -0.35768832515293E+04 -0.89607092179434E+04 -0.41365837355338E+05  0.00000000000000E+00  0.64652095999324E+05  0.00000000000000E+00  0.00000000000000E+00  0.00000000000000E+00  0.00000000000000E+00  0.00000000000000E+00  0.00000000000000E+00  0.00000000000000E+00  0.00000000000000E+00  0.00000000000000E+00  0.00000000000000E+00  0.00000000000000E+00  0.00000000000000E+00  0.00000000000000E+00  0.00000000000000E+00
  -0.44891132647872E+04 -0.23662832256978E+03  0.49908069696274E+02 -0.12647718009337E+03 -0.54979730687589E+02  0.13681846856548E+03  0.12514854217373E+03 -0.67193573054213E+05  0.24129760265480E+05  0.73035138064395E+03 -0.34388898994106E+03 -0.81144842694412E+03 -0.31439977617108E+02 -0.66724575997463E+01 -0.24629573105786E+04  0.28336693855488E+03 -0.24582208983690E+04 -0.12517183371891E+04  0.00000000000000E+00  0.00000000000000E+00  0.40282639056458E+01 -0.23789274648843E+02 -0.47649235827363E+01  0.00000000000000E+00  0.00000000000000E+00  0.30730270790224E+05  0.00000000000000E+00  0.00000000000000E+00  0.00000000000000E+00  0.00000000000000E+00  0.00000000000000E+00  0.00000000000000E+00  0.00000000000000E+00  0.00000000000000E+00  0.00000000000000E+00  0.00000000000000E+00  0.00000000000000E+00  0.00000000000000E+00  0.00000000000000E+00
  -0.83805385925742E+06  0.20817284169966E+06 -0.39079629374156E+05 -0.64882181225843E+05  0.13454247338926E+05 -0.10840826151448E+05 -0.11244381013940E+05 -0.28848996243089E+06  0.66494747813294E+05  0.11341179454285E+05 -0.21526735294568E+04 -0.56408524424465E+04 -0.67760419770058E+03 -0.95405395528804E+00  0.19729668108048E+04 -0.15911926304089E+03  0.20868641861627E+04  0.98214092490108E+03  0.00000000000000E+00  0.00000000000000E+00  0.73658163686352E+03 -0.55863972079108E+04  0.36966641974351E+05  0.00000000000000E+00  0.00000000000000E+00  0.00000000000000E+00  0.57765457140180E+06  0.00000000000000E+00  0.00000000000000E+00  0.00000000000000E+00  0.00000000000000E+00  0.00000000000000E+00  0.00000000000000E+00  0.00000000000000E+00  0.00000000000000E+00  0.00000000000000E+00  0.00000000000000E+00  0.00000000000000E+00  0.00000000000000E+00
  -0.10739184286248E+07  0.25705047750353E+06 -0.50114227785775E+05 -0.33903764915756E+06  0.70394362447192E+05 -0.54826680196292E+05 -0.58889106614745E+05 -0.57558313391323E+06  0.12841986872335E+06  0.23830053866873E+05 -0.43498388353681E+04 -0.39278731299514E-09 -0.94080445020027E-11 -0.39351380444698E-11  0.42180775453002E+04 -0.47640385127718E+03  0.44536995468728E+04  0.24589252174338E+04  0.19884225493229E+03  0.17142272874707E+07 -0.72042499132605E+05 -0.19060092067033E+06 -0.78415569691794E+06  0.00000000000000E+00  0.00000000000000E+00  0.00000000000000E+00  0.00000000000000E+00  0.91516459205264E+06  0.00000000000000E+00  0.00000000000000E+00  0.00000000000000E+00  0.00000000000000E+00  0.00000000000000E+00  0.00000000000000E+00  0.00000000000000E+00  0.00000000000000E+00  0.00000000000000E+00  0.00000000000000E+00  0.00000000000000E+00
  -0.20452108622715E+05  0.57363612836761E+04 -0.99986496321423E+03 -0.14076448147196E+04  0.39349689475875E+03 -0.82726982797900E+02 -0.22118690402988E+03 -0.72995087329503E+05  0.23087708582800E+05  0.15553067313000E+04 -0.44947960173729E+03 -0.26650976923329E+04 -0.16758841645295E+03 -0.38639815478734E+01 -0.15269741976532E+04  0.15805994753044E+03 -0.12717926315276E+04 -0.65362939810228E+03  0.00000000000000E+00  0.00000000000000E+00  0.00000000000000E+00  0.00000000000000E+00  0.00000000000000E+00  0.00000000000000E+00  0.00000000000000E+00  0.00000000000000E+00  0.00000000000000E+00  0.00000000000000E+00  0.14781323628168E+05  0.00000000000000E+00  0.00000000000000E+00  0.00000000000000E+00  0.00000000000000E+00  0.00000000000000E+00  0.00000000000000E+00  0.00000000000000E+00  0.00000000000000E+00  0.00000000000000E+00  0.00000000000000E+00
  -0.46056850600765E+05  0.13059474818137E+05 -0.22618818926604E+04 -0.24395126404417E+04  0.66280847527478E+03 -0.16850830204793E+03 -0.37155921108165E+03 -0.16275232673351E+06  0.51585179227686E+05  0.33899819783638E+04 -0.10024588930082E+04 -0.86158805230306E+02 -0.23171315499566E+02 -0.26954411968219E-04 -0.29392571387439E+04  0.30342658834019E+03 -0.24592272440789E+04 -0.12653207478364E+04 -0.54090783256566E+01 -0.16690902283876E+05 -0.20243020012417E+03 -0.50521365188658E+03 -0.23655881080055E+04  0.00000000000000E+00  0.00000000000000E+00  0.00000000000000E+00  0.00000000000000E+00  0.00000000000000E+00  0.00000000000000E+00  0.31510124423194E+05  0.00000000000000E+00  0.00000000000000E+00  0.00000000000000E+00  0.00000000000000E+00  0.00000000000000E+00  0.00000000000000E+00  0.00000000000000E+00  0.00000000000000E+00  0.00000000000000E+00
  -0.30918957162234E+04  0.42063595053228E+03 -0.11932476727165E+03 -0.72552294016079E+02  0.98095916172661E+01 -0.19519608917173E+02 -0.13631362876409E+02 -0.13276640618077E+04  0.17470336157559E+03  0.43352468707602E+02 -0.11246293473000E+02 -0.88466808448395E+02 -0.72018420661926E+01 -0.15589948722292E+00 -0.71970121115276E+03  0.79250052056680E+02 -0.60708174573878E+03 -0.33836273392676E+03  0.00000000000000E+00  0.00000000000000E+00  0.00000000000000E+00  0.00000000000000E+00  0.00000000000000E+00  0.00000000000000E+00  0.00000000000000E+00  0.00000000000000E+00  0.00000000000000E+00  0.00000000000000E+00  0.00000000000000E+00  0.00000000000000E+00  0.37936118399539E+04  0.00000000000000E+00  0.00000000000000E+00  0.00000000000000E+00  0.00000000000000E+00  0.00000000000000E+00  0.00000000000000E+00  0.00000000000000E+00  0.00000000000000E+00
  -0.19784326777910E+06  0.63012814054695E+05 -0.99175213104837E+04 -0.11527911419734E+05  0.35534339772056E+04 -0.33424974008084E+03 -0.15289372606831E+04 -0.63016366724282E+04  0.67039325739491E+03  0.63868332289787E+03 -0.55334714018388E+02 -0.31156478715844E+00 -0.22622556607704E+00  0.11062539115335E-12  0.24687804345145E+03 -0.65634646267775E+02  0.84007787311142E+02  0.11375298437112E+03  0.00000000000000E+00  0.00000000000000E+00  0.21602156488141E+04  0.31597773952218E+04  0.16045925170276E+05  0.00000000000000E+00  0.00000000000000E+00  0.00000000000000E+00  0.00000000000000E+00  0.00000000000000E+00  0.00000000000000E+00  0.00000000000000E+00  0.00000000000000E+00  0.10553152055345E+06  0.00000000000000E+00  0.00000000000000E+00  0.00000000000000E+00  0.00000000000000E+00  0.00000000000000E+00  0.00000000000000E+00  0.00000000000000E+00
  -0.21868427823829E+06  0.68693574829051E+05 -0.10903615527359E+05 -0.51857542132007E+05  0.15572835777134E+05 -0.19484632656664E+04 -0.69959263049775E+04 -0.12246751851329E+05  0.13413707717402E+04  0.12000457350675E+04 -0.10731008962105E+03 -0.77531623824950E-10 -0.81671528351916E-11 -0.42106560581272E-14  0.44001039192459E+03 -0.11549841895293E+03  0.16289565636058E+03  0.20972983358813E+03  0.17472145367630E+03  0.35412752553101E+06 -0.10711997547269E+05 -0.29654805113480E+05 -0.13632949894991E+06  0.00000000000000E+00  0.00000000000000E+00  0.00000000000000E+00  0.00000000000000E+00  0.00000000000000E+00  0.00000000000000E+00  0.00000000000000E+00  0.00000000000000E+00  0.00000000000000E+00  0.13749254071565E+06  0.00000000000000E+00  0.00000000000000E+00  0.00000000000000E+00  0.00000000000000E+00  0.00000000000000E+00  0.00000000000000E+00
  -0.88772805977158E+04  0.23816409202917E+04 -0.42552895747519E+03 -0.24353658231703E+04  0.54192538639678E+03 -0.35881474545930E+03 -0.42276634849194E+03  0.33327181293568E+02 -0.12051262932644E+04  0.14040362042048E+03 -0.16048713316198E+02 -0.19581161582430E+01 -0.21053550843204E+00 -0.18928672672376E-02 -0.28475020029876E+04  0.43276705349608E+03 -0.26323448471638E+04 -0.17125218967880E+04  0.00000000000000E+00  0.00000000000000E+00  0.00000000000000E+00  0.00000000000000E+00  0.00000000000000E+00  0.00000000000000E+00  0.00000000000000E+00  0.00000000000000E+00  0.00000000000000E+00  0.00000000000000E+00  0.00000000000000E+00  0.00000000000000E+00  0.00000000000000E+00  0.00000000000000E+00  0.00000000000000E+00  0.82773108300879E+04  0.00000000000000E+00  0.00000000000000E+00  0.00000000000000E+00  0.00000000000000E+00  0.00000000000000E+00
  -0.31470835561819E+04  0.75748607722099E+03 -0.14825876591498E+03 -0.95656941704685E+03  0.19696977720325E+03 -0.16400981480725E+03 -0.17198448605760E+03  0.15495311422817E+03 -0.67262362573065E+03  0.62262688855903E+02 -0.75226246325404E+01 -0.83576736166651E+00 -0.81090776795431E-01 -0.10353009796494E-02 -0.15117099820502E+04  0.21372759797406E+03 -0.14121366363949E+04 -0.88230422120446E+03  0.00000000000000E+00  0.00000000000000E+00  0.00000000000000E+00  0.00000000000000E+00  0.00000000000000E+00  0.00000000000000E+00  0.00000000000000E+00  0.00000000000000E+00  0.00000000000000E+00  0.00000000000000E+00  0.00000000000000E+00  0.00000000000000E+00  0.00000000000000E+00  0.00000000000000E+00  0.00000000000000E+00  0.00000000000000E+00  0.42406700913941E+04  0.00000000000000E+00  0.00000000000000E+00  0.00000000000000E+00  0.00000000000000E+00
  -0.15565922725815E+05 -0.22669690577572E+04  0.35803796794412E+02 -0.10168280801314E+05  0.30805782325281E+03 -0.29210256086583E+04 -0.12169168947833E+04 -0.26484012159361E+06  0.11202769478413E+06  0.31336108028294E+04 -0.11779807963616E+04  0.32235008097663E+03  0.32528172782820E+02 -0.15972813090211E+01 -0.23919137796321E+04 -0.29846739902501E+03  0.13571482974290E+04  0.14646264090192E+04  0.00000000000000E+00  0.00000000000000E+00  0.00000000000000E+00  0.00000000000000E+00  0.00000000000000E+00  0.00000000000000E+00  0.00000000000000E+00  0.00000000000000E+00  0.00000000000000E+00  0.00000000000000E+00  0.00000000000000E+00  0.00000000000000E+00  0.00000000000000E+00  0.00000000000000E+00  0.00000000000000E+00  0.00000000000000E+00  0.00000000000000E+00  0.12443007706549E+06  0.00000000000000E+00  0.00000000000000E+00  0.00000000000000E+00
   0.17069681944881E+05 -0.22647594757686E+04  0.74462515909467E+03 -0.15513777296826E+05  0.25354125996583E+04 -0.35677776643121E+04 -0.31986971175281E+04 -0.91635281935037E+04  0.16763816300888E+04  0.46733938011913E+03 -0.74182382670438E+02  0.36535023961221E+03  0.82931935019444E+02  0.86134695949484E-04  0.18214239079814E+03 -0.32571192456022E+02  0.22260233799618E+03  0.15655674858528E+03  0.19629506016534E+02 -0.65658798938147E+05  0.25918744754827E+04  0.64924744435963E+04  0.30511397102464E+05  0.00000000000000E+00  0.00000000000000E+00  0.00000000000000E+00  0.00000000000000E+00  0.00000000000000E+00  0.00000000000000E+00  0.00000000000000E+00  0.00000000000000E+00  0.00000000000000E+00  0.00000000000000E+00  0.00000000000000E+00  0.00000000000000E+00  0.00000000000000E+00  0.39078229264648E+05  0.00000000000000E+00  0.00000000000000E+00
  -0.70973656168830E+05  0.85216270592871E+04 -0.25768826366286E+04 -0.73091153055354E+04  0.87374901490966E+03 -0.18705360652640E+04 -0.11684709884463E+04 -0.13816460974606E+06  0.44293563946391E+05  0.28234371486833E+04 -0.84790257308514E+03 -0.30415074710103E+04 -0.21986736909702E+03 -0.36387700662341E+01 -0.86062480558435E+03  0.24377395418883E+03 -0.16501431037772E+04 -0.11532948866031E+04  0.00000000000000E+00  0.00000000000000E+00 -0.31535248194354E+03 -0.18146129386236E+04  0.14779443134241E+04  0.00000000000000E+00  0.00000000000000E+00  0.00000000000000E+00  0.00000000000000E+00  0.00000000000000E+00  0.00000000000000E+00  0.00000000000000E+00  0.00000000000000E+00  0.00000000000000E+00  0.00000000000000E+00  0.00000000000000E+00  0.00000000000000E+00  0.00000000000000E+00  0.00000000000000E+00  0.94989683330850E+05  0.00000000000000E+00
  -0.55888999274100E+05  0.70826893577645E+04 -0.20803323476573E+04 -0.21708908031433E+05  0.26890301338255E+04 -0.54509124801948E+04 -0.35071531082014E+04 -0.17255822139865E+06  0.54748548498231E+05  0.36145509090284E+04 -0.10678029769407E+04  0.40409950503544E-10  0.97187287727778E-11 -0.44092961939527E-12 -0.96842199645910E+03  0.27273943715066E+03 -0.18307965060117E+04 -0.12802306454001E+04 -0.35085726806131E+02  0.58211628386155E+05 -0.43464739758075E+04 -0.11913804592296E+05 -0.45385867696856E+05  0.00000000000000E+00  0.00000000000000E+00  0.00000000000000E+00  0.00000000000000E+00  0.00000000000000E+00  0.00000000000000E+00  0.00000000000000E+00  0.00000000000000E+00  0.00000000000000E+00  0.00000000000000E+00  0.00000000000000E+00  0.00000000000000E+00  0.00000000000000E+00  0.00000000000000E+00  0.00000000000000E+00  0.99510976997977E+05

 # Covariance matrix (Bevington epsilon)
   0.39017040011496E-03 -0.99457925881134E-04 -0.82087920975115E-02  0.22428783589395E-03  0.25288666413010E-03  0.10841935605376E-03 -0.82832058735368E-03  0.44740614294490E-04  0.28863600587003E-04 -0.11514942978715E-02 -0.11998949807371E-01 -0.25203620747138E-03 -0.42258796132354E-02  0.55953724471641E-02  0.11907147764307E-03  0.31673713861261E-02  0.15790763383708E-03 -0.46378968505799E-04 -0.32755124884237E-02  0.53687467220702E-05  0.55439588511667E-03 -0.55975491222269E-03  0.70708461608869E-04  0.32155913621106E-04  0.29486607154504E-04  0.22904875085153E-04  0.30600346410323E-04  0.28911999199417E-04 -0.14375477286884E-03 -0.59443696842679E-04  0.27845173983167E-04  0.23174371991609E-04  0.24080256983660E-04 -0.47004209496581E-04 -0.46042212476398E-04  0.56690772461996E-04  0.19581223463988E-04  0.30914924341945E-04  0.28158593513635E-04
  -0.99457925881136E-04  0.13359176665690E-03  0.28068861848471E-02 -0.46927133480606E-05  0.48426410558940E-04  0.26001671615049E-04  0.55136248956413E-04 -0.93347497996305E-05 -0.62410142886950E-05  0.76074303564989E-03  0.37466118055897E-02  0.17409782412234E-03  0.41479673865991E-03  0.11594600111651E-01 -0.21074484703135E-04  0.15639001124475E-03  0.79522460592721E-04 -0.31364475692801E-04 -0.12411979282604E-02  0.35558033171796E-05 -0.19126889639064E-02  0.55933036391621E-03  0.59522213188905E-04  0.29284156901464E-05  0.24298510197590E-05  0.18877187485789E-06 -0.14285041738674E-05  0.25257655354720E-05  0.37906910684004E-04  0.45810847326522E-05 -0.47572261153243E-07  0.66119731058789E-05  0.12305157219733E-04 -0.44965357009282E-05 -0.17279654315596E-06 -0.90467417020702E-05 -0.12873067095093E-04  0.11921012025425E-05  0.26416550267185E-05
