# fitpack15: fit parameters                                                                         
# CJ15 AV18 final data choices                                                                      
# Created on 06/12/2019 at 12:40:28                                                                 

 # QCD setup
  INS                           0
  NVL                          11
  IORD                          1
  Q02                   1.6899999999999999     
  IPARAMC                       7
  FLAVOR                4.0000000000000000     
  xmc                   1.3000000000000000     
  xmb                   4.5000000000000000     
  ncb                          12
  ihq                           1
  ias                           0

 # Theory corrections
  inuke                     10914
  itmc                          1
  iht                           1

 # fit parameters
 LAMBDA       0.22680        0.0000    
 a0uv          2.2221        0.0000    
 a1uv         0.59252       0.19303E-01
 a2uv          3.5097       0.11231E-01
 a3uv          0.0000        0.0000    
 a4uv          3.6180       0.43476    
 a5uv          0.0000        0.0000    
 a0dv          12.555        0.0000    
 a1dv          1.0229       0.31781E-01
 a2dv          5.4868       0.97122E-01
 a3dv         -2.8509       0.10925    
 a4dv          3.6541       0.13454    
 a5dv          0.0000        0.0000    
 a0ud         0.15206       0.49632E-02
 a1ud        -0.20361       0.35916E-02
 a2ud          8.1881       0.18550    
 a3ud          0.0000        0.0000    
 a4ud          12.115        1.0247    
 a5ud          0.0000        0.0000    
 a0du          35712.        0.0000    
 a1du          4.0695       0.96694E-01
 a2du          22.568        1.2900    
 a3du          17.000        0.0000    
 a4du          43.434        5.4574    
 a0g           38.908        0.0000    
 a1g          0.58141       0.31170E-01
 a2g           5.8519       0.91264    
 a3g          -3.2374       0.13195    
 a4g           3.0704       0.31285    
 a5g           0.0000        0.0000    
 kappa        0.40000        0.0000    
 a6dv          0.0000        0.0000    
 a7dv          0.0000        0.0000    
 off1          8.1000        0.0000    
 off2         0.44800        0.0000    
 off3         0.50000E-01    0.0000    
 ht1          -3.3262       0.29434    
 ht2           2.0826       0.13034    
 ht3          -2.1328       0.33165E-01
 ht4           0.0000        0.0000    
 dummy41       0.0000        0.0000    
 dummy42       0.0000        0.0000    
 dummy43       0.0000        0.0000    
 dummy44       0.0000        0.0000    
 dummy45       0.0000        0.0000    
 dummy46       0.0000        0.0000    
 dummy47       0.0000        0.0000    
 dummy48       0.0000        0.0000    
 dummy49       0.0000        0.0000    
 bcdmsh2      0.95928       0.47304E-02
 bcdmsd2      0.98714       0.56251E-02
 ccfr          1.0000        0.0000    
 nutev         1.0000        0.0000    
 zeus         0.97998        0.0000    
 h1            1.0162        0.0000    
 e605          1.0319        0.0000    
 NmcH2        0.99420       0.69795E-02
 ntv_nu        1.0000        0.0000    
 ntv_nubar     1.0000        0.0000    
 cdf_jet      0.98910        0.0000    
 d0_jet       0.83504        0.0000    
 slac_p       0.99732       0.47836E-02
 slac_d       0.99328       0.50714E-02
 e866pp       0.94750       0.18759E-01
 e866pd       0.92482       0.14934E-01
 d0_gamjet     1.0412       0.16448E-01
 h1b          0.97608        0.0000    
 jlab_p       0.99503       0.57573E-02
 jlab_d       0.96756       0.57053E-02
 blank         1.0000        0.0000    
 d0run2       0.96771       0.14928E-01
 cdfrun2      0.95176       0.17712E-01
 HERA_el       1.0000        0.0000    
 HERA_ps       1.0000        0.0000    
 CDF_Z        0.94254       0.60308E-02
 NmcRat        1.0000        0.0000    
 BNS_F2nd     0.95707       0.53407E-02
 HERMES_F2p   0.98539       0.55291E-02
 HERMES_F2d   0.96983       0.57192E-02
 END 0. 0.

 # Hessian matrix (Bevington alpha)
   0.49746978882526E+07 -0.12725491718365E+07  0.22742988367345E+06  0.48228292431251E+06 -0.15403417113799E+06  0.49321999872352E+05  0.95185357679093E+05  0.89847611118877E+06 -0.18743358545794E+06 -0.48457162552059E+05  0.86534577025653E+04  0.10522480978225E+05  0.10858677546125E+04 -0.12748661414932E+03  0.71445213675761E+04 -0.21555541238050E+04  0.96765271117932E+04  0.76381038760827E+04 -0.20573787813697E+05 -0.14016805469854E+05 -0.20843188263857E+06 -0.13161038833675E+06 -0.55282237916190E+05 -0.48353281875491E+04 -0.86640310971904E+06 -0.10994074166451E+07 -0.21308229547169E+05 -0.48807787314324E+05 -0.30892902763481E+04 -0.20067218282625E+06 -0.22129132352499E+06 -0.83684874991696E+04 -0.29438442704367E+04 -0.18329464927124E+05  0.17644740541512E+05 -0.74631313366281E+05 -0.58431943277584E+05
  -0.12725491718365E+07  0.39843378732996E+06 -0.60133227268427E+05 -0.13346020994965E+06  0.44616871910560E+05 -0.11220671611990E+05 -0.24090113060691E+05 -0.11833969467487E+06  0.28235704670771E+05  0.73149372198318E+04 -0.10738465418302E+04 -0.81692552039653E+03 -0.85288586012224E+02  0.15484722698858E+02  0.13032149409268E+04 -0.13194650619251E+03  0.77781508402116E+03  0.45182980334282E+03  0.87795979163520E+04  0.98702515562650E+04  0.61171930229802E+05  0.16901302190082E+05  0.82800133102372E+04 -0.25841652558763E+03  0.21303536424272E+06  0.25780168947774E+06  0.58977130984797E+04  0.13767570738649E+05  0.41006868840976E+03  0.63061657757734E+05  0.68956753765564E+05  0.22452114131249E+04  0.70861886114757E+03 -0.21447447766357E+04 -0.23825120905824E+04  0.88352803194224E+04  0.72628031528655E+04
   0.22742988367345E+06 -0.60133227268427E+05  0.10512761258293E+05  0.22209014649629E+05 -0.72591180933836E+04  0.21379833263762E+04  0.43826812089072E+04  0.30544291069542E+05 -0.63753300503161E+04 -0.19232741956356E+04  0.29904817117648E+03  0.30884115290460E+03  0.36904348856932E+02 -0.57799684897504E+01 -0.45677009082248E+03  0.15357779188882E+01 -0.25293009639815E+03 -0.55462011003947E+02 -0.10359406217989E+04 -0.88319433836366E+03 -0.97903789290386E+04 -0.55189049766215E+04 -0.23348729014528E+04  0.47454804445743E+02 -0.38655399783362E+05 -0.49163162588709E+05 -0.99571348112456E+03 -0.22938758955156E+04 -0.11418801378802E+03 -0.95935560994167E+04 -0.10564453909775E+05 -0.38503239062149E+03 -0.13336617988930E+03 -0.30186997624653E+02  0.74718424080164E+03 -0.26077711981915E+04 -0.20936111273913E+04
   0.48228292431251E+06 -0.13346020994965E+06  0.22209014649629E+05  0.41407143099483E+06 -0.71774473669457E+05  0.89091759309844E+05  0.72208353613621E+05  0.31794498677140E+06 -0.19426340941305E+05 -0.17821777005226E+05  0.37637344475617E+04 -0.10779360611473E+04 -0.12036045052574E+03  0.70235564042041E+02  0.32735807466214E+05 -0.42461119833491E+04  0.28185514567308E+05  0.16442301966926E+05 -0.20731159288099E+04  0.71722834077925E+03 -0.37703734778269E+05 -0.12885653434701E+05 -0.21564657292521E+05 -0.11847643305171E+03 -0.68055555572264E+05 -0.35282828470497E+06 -0.13062321688024E+04 -0.25422619635787E+04 -0.54470162580193E+02 -0.12560860112586E+05 -0.55869582671758E+05 -0.23204114910492E+04 -0.89609553911603E+03 -0.11380964598110E+05 -0.16820957818125E+05 -0.76233041381409E+04 -0.22682949046062E+05
  -0.15403417113799E+06  0.44616871910560E+05 -0.72591180933836E+04 -0.71774473669457E+05  0.15977015804082E+05 -0.12640602954037E+05 -0.12888926499815E+05 -0.30252027357526E+05 -0.20911571733635E+03  0.24394236059487E+04 -0.39540799751540E+03 -0.40000704167741E+02  0.32666763702583E+01 -0.65443626987969E+01 -0.28164302898043E+04  0.37542407160310E+03 -0.23638098281849E+04 -0.14040727957413E+04  0.98691657824079E+03  0.94633822139295E+03  0.99386900525797E+04  0.20193648355178E+04  0.35410188379371E+04 -0.64681748332628E+02  0.14363999032568E+05  0.73982401030474E+05  0.38367825569037E+03  0.71899431592141E+03  0.68086153585823E+01  0.38509746684744E+04  0.16902472894046E+05  0.53282686615460E+03  0.18935126931526E+03  0.35074398532684E+03  0.26976905005182E+04  0.89720097234674E+03  0.27649002710553E+04
   0.49321999872352E+05 -0.11220671611990E+05  0.21379833263762E+04  0.89091759309844E+05 -0.12640602954037E+05  0.21809952814031E+05  0.15559908148172E+05  0.80599562431755E+05 -0.44286154049696E+04 -0.43546495871394E+04  0.96643056689095E+03 -0.34529288129618E+03 -0.37033924561039E+02  0.19430973861453E+02  0.82450796325832E+04 -0.10991093412877E+04  0.71464111216433E+04  0.42373258182903E+04  0.11857773367733E+03  0.11905908120806E+04 -0.51764475658371E+04 -0.31307800332826E+04 -0.49882912336095E+04  0.12497356196022E+03 -0.12811465197677E+05 -0.66505245774665E+05 -0.15208728817396E+03 -0.30902775947530E+03 -0.14480568984231E+02 -0.11855128381619E+04 -0.54716422713345E+04 -0.40881334389159E+03 -0.17384659341669E+03 -0.26434448669717E+04 -0.41776393935110E+04 -0.17779796313713E+04 -0.52763305696957E+04
   0.95185357679093E+05 -0.24090113060691E+05  0.43826812089072E+04  0.72208353613621E+05 -0.12888926499815E+05  0.15559908148172E+05  0.13039088939652E+05  0.46078805916531E+05 -0.91295259090749E+03 -0.30814907991766E+04  0.58188023744054E+03 -0.87546396331724E+02 -0.14647557246156E+02  0.10614051172961E+02  0.43720277224599E+04 -0.59406942244910E+03  0.36955282685057E+04  0.22223091733858E+04 -0.28773983816376E+03  0.25587369157447E+03 -0.67207055544381E+04 -0.25294299059731E+04 -0.41179963574164E+04  0.11594323992271E+03 -0.12313152548856E+05 -0.64922139587974E+05 -0.24596758801831E+03 -0.45958597253368E+03 -0.96937883426380E+01 -0.20916342178183E+04 -0.93797506113994E+04 -0.43183646315873E+03 -0.16885706718854E+03 -0.11000602337635E+04 -0.34420064550373E+04 -0.11292722387924E+04 -0.34404009898645E+04
   0.89847611118877E+06 -0.11833969467487E+06  0.30544291069542E+05  0.31794498677140E+06 -0.30252027357526E+05  0.80599562431755E+05  0.46078805916531E+05  0.43279801821070E+07 -0.21454654566454E+07 -0.75450946030959E+05  0.25593395640318E+05  0.18243298010199E+05  0.11602907285934E+04  0.12523909850777E+03  0.65198522176555E+05 -0.91362288853265E+04  0.67432132793676E+05  0.37747666226703E+05  0.49424779913229E+04  0.25466592325888E+05 -0.23775973821412E+05 -0.58042988909250E+05 -0.44441154720713E+05 -0.62976761864788E+05 -0.26689321780323E+06 -0.52672338922870E+06 -0.69825393120570E+05 -0.15857207502264E+06 -0.11752609018811E+04 -0.54998016846787E+04 -0.10853905551964E+05  0.86184537151088E+03  0.54557138298202E+03 -0.24974962764376E+06 -0.77142149843752E+04 -0.13018265049399E+06 -0.15884232162212E+06
  -0.18743358545794E+06  0.28235704670771E+05 -0.63753300503161E+04 -0.19426340941305E+05 -0.20911571733635E+03 -0.44286154049696E+04 -0.91295259090749E+03 -0.21454654566454E+07  0.19030928560220E+07  0.17257167684346E+05 -0.65842112428433E+04 -0.41447033075878E+04 -0.22633687500530E+03 -0.16772917021525E+02  0.57400093248924E+05 -0.33453297938048E+04  0.22826055661853E+05  0.11811968563797E+05 -0.12604450988229E+04 -0.66331299280899E+04  0.39778076936713E+04  0.11331446896981E+05  0.10116029088058E+05  0.23560975057499E+05  0.64640064914609E+05  0.12344849210900E+06  0.23004025423855E+05  0.52579480664150E+05  0.13379811646056E+03  0.65504055995178E+03  0.13158206012932E+04 -0.14338709698600E+04 -0.78450469855917E+03  0.11100876287070E+06  0.14748848794342E+04  0.43506310118902E+05  0.52652572636273E+05
  -0.48457162552059E+05  0.73149372198318E+04 -0.19232741956356E+04 -0.17821777005226E+05  0.24394236059487E+04 -0.43546495871394E+04 -0.30814907991766E+04 -0.75450946030959E+05  0.17257167684346E+05  0.24492664806367E+04 -0.67007642636014E+03 -0.47058999879102E+03 -0.38178742221223E+02 -0.24918492297306E+01 -0.38692614036926E+04  0.50510865710686E+03 -0.33879292951213E+04 -0.19920336285849E+04 -0.14114227682971E+03 -0.79171149935194E+03  0.16077181439552E+04  0.27130369318047E+04  0.18178632709296E+04  0.70767461584299E+03  0.10778987676410E+05  0.22473102370649E+05  0.15378501192574E+04  0.34007442964934E+04  0.41182797002681E+02  0.56855448725018E+03  0.10851660214301E+04  0.10800563799302E+03  0.47677775745418E+02  0.30137923841175E+04  0.41467796143053E+03  0.27633427853790E+04  0.34460485786235E+04
   0.86534577025653E+04 -0.10738465418302E+04  0.29904817117648E+03  0.37637344475617E+04 -0.39540799751540E+03  0.96643056689095E+03  0.58188023744054E+03  0.25593395640318E+05 -0.65842112428433E+04 -0.67007642636014E+03  0.21067933513617E+03  0.16131832616906E+03  0.11127705137249E+02  0.10727100228650E+01  0.13605558407224E+04 -0.16152501645254E+03  0.11477542592782E+04  0.64900598179724E+03  0.42969327184498E+02  0.21752563802957E+03 -0.23679942817829E+03 -0.55955436055662E+03 -0.40155304103446E+03 -0.36225295338274E+03 -0.23474288308775E+04 -0.47002201043866E+04 -0.49813086019833E+03 -0.11263749991022E+04 -0.12027859225118E+02 -0.57717975192078E+02 -0.11381945202909E+03 -0.12166140247856E+02 -0.56793099862113E+01 -0.12493083513088E+04 -0.74404595183796E+02 -0.92530254748653E+03 -0.11370903771104E+04
   0.10522480978225E+05 -0.81692552039653E+03  0.30884115290460E+03 -0.10779360611473E+04 -0.40000704167741E+02 -0.34529288129618E+03 -0.87546396331724E+02  0.18243298010199E+05 -0.41447033075878E+04 -0.47058999879102E+03  0.16131832616906E+03  0.92778202989662E+03  0.57128605078474E+02  0.24010121801269E+00  0.11198302920924E+04 -0.15959864839161E+03  0.11732535251796E+04  0.68669875069787E+03  0.26591378246271E+02  0.14917116677940E+03 -0.25952691614634E+02 -0.74681999104939E+03 -0.34023469325651E-10 -0.56893056809701E+03 -0.34048897651565E+04 -0.38837330742862E-09 -0.18241796810097E+04 -0.35591955523787E+02 -0.57201750387933E+02 -0.40645589641655E-01 -0.70099040789822E-10 -0.11412883678525E+01 -0.50623204098528E+00  0.18523684449740E+03  0.16692540106640E+03 -0.20433758134147E+04 -0.41875280089428E-10
   0.10858677546125E+04 -0.85288586012224E+02  0.36904348856932E+02 -0.12036045052574E+03  0.32666763702583E+01 -0.37033924561039E+02 -0.14647557246156E+02  0.11602907285934E+04 -0.22633687500530E+03 -0.38178742221223E+02  0.11127705137249E+02  0.57128605078474E+02  0.46736810322250E+01 -0.11374937941850E+00  0.58780589251056E+02 -0.10092661298303E+02  0.68197058393601E+02  0.43191523381980E+02  0.31895504717061E+01  0.15842991601550E+02 -0.48454344355540E+01 -0.10034278338678E+03  0.19612464424209E-11 -0.21010630501644E+02 -0.36441301760083E+03 -0.65481800620211E-10 -0.10774247530766E+03 -0.86882732311252E+01 -0.42599150185880E+01 -0.29103889067232E-01 -0.58880585392051E-11 -0.10850780574903E+00 -0.43921854601790E-01  0.18187126791657E+02  0.35845671236453E+02 -0.13836030538068E+03 -0.67561248548282E-11
  -0.12748661414932E+03  0.15484722698858E+02 -0.57799684897504E+01  0.70235564042041E+02 -0.65443626987969E+01  0.19430973861453E+02  0.10614051172961E+02  0.12523909850777E+03 -0.16772917021525E+02 -0.24918492297306E+01  0.10727100228650E+01  0.24010121801269E+00 -0.11374937941850E+00  0.88853219352131E-01  0.19964377660962E+02 -0.16932388560210E+01  0.13052966149851E+02  0.64427592555617E+01  0.31655204795562E-03  0.61323317103099E-01  0.13728947655079E-01  0.38845773372518E-01 -0.21360398399490E-12 -0.94192675959210E+01 -0.22883508384051E+01 -0.19774596830254E-11 -0.68105301580623E+01 -0.24273290713265E-03 -0.23851933331424E+00 -0.15359244611443E-10  0.12834335202253E-12 -0.28292736102813E-02 -0.15476120294837E-02 -0.22670719347791E+01  0.95965056193351E-03 -0.64998410244391E+01 -0.89295466672167E-12
   0.71445213675761E+04  0.13032149409268E+04 -0.45677009082248E+03  0.32735807466214E+05 -0.28164302898043E+04  0.82450796325832E+04  0.43720277224599E+04  0.65198522176555E+05  0.57400093248924E+05 -0.38692614036926E+04  0.13605558407224E+04  0.11198302920924E+04  0.58780589251056E+02  0.19964377660962E+02  0.50712814826955E+05 -0.50569099895495E+04  0.36509706266666E+05  0.19821869782164E+05 -0.11090633443466E+02 -0.10526123186718E+03  0.71441466707521E+03 -0.31386929901350E+04 -0.20095317267561E+04 -0.25728540657448E+04  0.19224381778908E+04  0.43960676171025E+04 -0.16089496006430E+04 -0.32728676580174E+04 -0.74173696515455E+03  0.34741066154969E+03  0.60096248610911E+03 -0.30367540097496E+04 -0.15877416529936E+04 -0.19839795524751E+04  0.23079841095143E+03 -0.11054013925975E+04 -0.12366004589838E+04
  -0.21555541238050E+04 -0.13194650619251E+03  0.15357779188882E+01 -0.42461119833491E+04  0.37542407160310E+03 -0.10991093412877E+04 -0.59406942244910E+03 -0.91362288853265E+04 -0.33453297938048E+04  0.50510865710686E+03 -0.16152501645254E+03 -0.15959864839161E+03 -0.10092661298303E+02 -0.16932388560210E+01 -0.50569099895495E+04  0.58710839220090E+03 -0.41474942063791E+04 -0.23438622103090E+04 -0.80551542447954E+01 -0.16971351414997E+02 -0.15518485937525E+03  0.60714285263689E+03  0.37541404967151E+03  0.30264851739141E+03 -0.13541345892715E+03 -0.47275627487942E+03  0.17648566075734E+03  0.35599787186310E+03  0.86761047797338E+02 -0.95628007701109E+02 -0.16310821762380E+03  0.49574064335814E+03  0.24032013077848E+03 -0.40279879002417E+03 -0.41807498646391E+02  0.29857742739967E+03  0.33473773556284E+03
   0.96765271117932E+04  0.77781508402116E+03 -0.25293009639815E+03  0.28185514567308E+05 -0.23638098281849E+04  0.71464111216433E+04  0.36955282685057E+04  0.67432132793676E+05  0.22826055661853E+05 -0.33879292951213E+04  0.11477542592782E+04  0.11732535251796E+04  0.68197058393601E+02  0.13052966149851E+02  0.36509706266666E+05 -0.41474942063791E+04  0.29875784576492E+05  0.16686211833068E+05 -0.56599786718813E+02 -0.18951069698837E+03  0.60774669225374E+03 -0.31498529228467E+04 -0.19678564866861E+04 -0.24673982907247E+04  0.20452903377309E+04  0.48347371434610E+04 -0.12976239920867E+04 -0.26482038338109E+04 -0.62167689730356E+03  0.13355457867607E+03  0.25090519481453E+03 -0.27773697193656E+04 -0.14704170375123E+04  0.18080438821013E+04  0.29676439613630E+03 -0.19020803792179E+04 -0.21061023934077E+04
   0.76381038760827E+04  0.45182980334282E+03 -0.55462011003947E+02  0.16442301966926E+05 -0.14040727957413E+04  0.42373258182903E+04  0.22223091733858E+04  0.37747666226703E+05  0.11811968563797E+05 -0.19920336285849E+04  0.64900598179724E+03  0.68669875069787E+03  0.43191523381980E+02  0.64427592555617E+01  0.19821869782164E+05 -0.23438622103090E+04  0.16686211833068E+05  0.94516264836148E+04 -0.13205364022355E+02 -0.42333836292121E+02  0.49249985828484E+03 -0.22571078399865E+04 -0.13846992625902E+04 -0.12686053689054E+04  0.92743083295318E+03  0.26304120939383E+04 -0.68234141291455E+03 -0.13895651852986E+04 -0.35413216135509E+03  0.17283546908176E+03  0.30942826081039E+03 -0.18631837510511E+04 -0.94437902399636E+03  0.18242350107431E+04  0.20596264780185E+03 -0.13302848340392E+04 -0.14781619039052E+04
  -0.20573787813697E+05  0.87795979163520E+04 -0.10359406217989E+04 -0.20731159288099E+04  0.98691657824079E+03  0.11857773367733E+03 -0.28773983816376E+03  0.49424779913229E+04 -0.12604450988229E+04 -0.14114227682971E+03  0.42969327184498E+02  0.26591378246271E+02  0.31895504717061E+01  0.31655204795562E-03 -0.11090633443466E+02 -0.80551542447954E+01 -0.56599786718813E+02 -0.13205364022355E+02  0.37645331647635E+03  0.60846262544718E+03  0.16262871897736E+04 -0.40475586511687E+02 -0.22847058564451E+02  0.43362148207313E+01  0.15758182164122E+04  0.13340389452120E+04  0.00000000000000E+00  0.00000000000000E+00  0.00000000000000E+00  0.24266545172264E+04  0.30182498429072E+04  0.00000000000000E+00  0.00000000000000E+00  0.00000000000000E+00 -0.22082180428246E+02 -0.27460360898157E+03 -0.29057439314074E+03
  -0.14016805469854E+05  0.98702515562650E+04 -0.88319433836366E+03  0.71722834077925E+03  0.94633822139295E+03  0.11905908120806E+04  0.25587369157447E+03  0.25466592325888E+05 -0.66331299280899E+04 -0.79171149935194E+03  0.21752563802957E+03  0.14917116677940E+03  0.15842991601550E+02  0.61323317103099E-01 -0.10526123186718E+03 -0.16971351414997E+02 -0.18951069698837E+03 -0.42333836292121E+02  0.60846262544718E+03  0.13710164201457E+04  0.17687693487352E+04 -0.12442245942551E+03 -0.83145788173537E+02 -0.18886857379376E+02 -0.34925229258997E+04 -0.69590448862078E+04  0.00000000000000E+00  0.00000000000000E+00  0.00000000000000E+00  0.34133230636555E+04  0.41632985009456E+04  0.00000000000000E+00  0.00000000000000E+00  0.00000000000000E+00 -0.32504411674129E+02 -0.15849600756106E+04 -0.16472491482077E+04
  -0.20843188263857E+06  0.61171930229802E+05 -0.97903789290386E+04 -0.37703734778269E+05  0.99386900525797E+04 -0.51764475658371E+04 -0.67207055544381E+04 -0.23775973821412E+05  0.39778076936713E+04  0.16077181439552E+04 -0.23679942817829E+03 -0.25952691614634E+02 -0.48454344355540E+01  0.13728947655079E-01  0.71441466707521E+03 -0.15518485937525E+03  0.60774669225374E+03  0.49249985828484E+03  0.16262871897736E+04  0.17687693487352E+04  0.14140894001812E+05  0.22102451979834E+03  0.11600132190515E+03 -0.47865980683000E+01  0.35043285840997E+05  0.56202492224193E+05  0.00000000000000E+00  0.00000000000000E+00  0.00000000000000E+00  0.15050298869868E+05  0.19083705689821E+05  0.00000000000000E+00  0.00000000000000E+00  0.00000000000000E+00 -0.61552425392617E+02  0.13982203267733E+04  0.14144868054993E+04
  -0.13161038833675E+06  0.16901302190082E+05 -0.55189049766215E+04 -0.12885653434701E+05  0.20193648355178E+04 -0.31307800332826E+04 -0.25294299059731E+04 -0.58042988909250E+05  0.11331446896981E+05  0.27130369318047E+04 -0.55955436055662E+03 -0.74681999104939E+03 -0.10034278338678E+03  0.38845773372518E-01 -0.31386929901350E+04  0.60714285263689E+03 -0.31498529228467E+04 -0.22571078399865E+04 -0.40475586511687E+02 -0.12442245942551E+03  0.22102451979834E+03  0.11952169734536E+06  0.00000000000000E+00  0.00000000000000E+00  0.00000000000000E+00  0.00000000000000E+00  0.00000000000000E+00  0.00000000000000E+00  0.00000000000000E+00  0.00000000000000E+00  0.00000000000000E+00  0.00000000000000E+00  0.00000000000000E+00  0.00000000000000E+00  0.00000000000000E+00  0.00000000000000E+00  0.00000000000000E+00
  -0.55282237916190E+05  0.82800133102372E+04 -0.23348729014528E+04 -0.21564657292521E+05  0.35410188379371E+04 -0.49882912336095E+04 -0.41179963574164E+04 -0.44441154720713E+05  0.10116029088058E+05  0.18178632709296E+04 -0.40155304103446E+03 -0.34023469325651E-10  0.19612464424209E-11 -0.21360398399490E-12 -0.20095317267561E+04  0.37541404967151E+03 -0.19678564866861E+04 -0.13846992625902E+04 -0.22847058564451E+02 -0.83145788173537E+02  0.11600132190515E+03  0.00000000000000E+00  0.65355469971225E+05  0.00000000000000E+00  0.00000000000000E+00  0.00000000000000E+00  0.00000000000000E+00  0.00000000000000E+00  0.00000000000000E+00  0.00000000000000E+00  0.00000000000000E+00  0.00000000000000E+00  0.00000000000000E+00  0.00000000000000E+00  0.00000000000000E+00  0.00000000000000E+00  0.00000000000000E+00
  -0.48353281875491E+04 -0.25841652558763E+03  0.47454804445743E+02 -0.11847643305171E+03 -0.64681748332628E+02  0.12497356196022E+03  0.11594323992271E+03 -0.62976761864788E+05  0.23560975057499E+05  0.70767461584299E+03 -0.36225295338274E+03 -0.56893056809701E+03 -0.21010630501644E+02 -0.94192675959210E+01 -0.25728540657448E+04  0.30264851739141E+03 -0.24673982907247E+04 -0.12686053689054E+04  0.43362148207313E+01 -0.18886857379376E+02 -0.47865980683000E+01  0.00000000000000E+00  0.00000000000000E+00  0.31442012888447E+05  0.00000000000000E+00  0.00000000000000E+00  0.00000000000000E+00  0.00000000000000E+00  0.00000000000000E+00  0.00000000000000E+00  0.00000000000000E+00  0.00000000000000E+00  0.00000000000000E+00  0.00000000000000E+00  0.00000000000000E+00  0.00000000000000E+00  0.00000000000000E+00
  -0.86640310971904E+06  0.21303536424272E+06 -0.38655399783362E+05 -0.68055555572264E+05  0.14363999032568E+05 -0.12811465197677E+05 -0.12313152548856E+05 -0.26689321780323E+06  0.64640064914609E+05  0.10778987676410E+05 -0.23474288308775E+04 -0.34048897651565E+04 -0.36441301760083E+03 -0.22883508384051E+01  0.19224381778908E+04 -0.13541345892715E+03  0.20452903377309E+04  0.92743083295318E+03  0.15758182164122E+04 -0.34925229258997E+04  0.35043285840997E+05  0.00000000000000E+00  0.00000000000000E+00  0.00000000000000E+00  0.58609948277486E+06  0.00000000000000E+00  0.00000000000000E+00  0.00000000000000E+00  0.00000000000000E+00  0.00000000000000E+00  0.00000000000000E+00  0.00000000000000E+00  0.00000000000000E+00  0.00000000000000E+00  0.00000000000000E+00  0.00000000000000E+00  0.00000000000000E+00
  -0.10994074166451E+07  0.25780168947774E+06 -0.49163162588709E+05 -0.35282828470497E+06  0.73982401030474E+05 -0.66505245774665E+05 -0.64922139587974E+05 -0.52672338922870E+06  0.12344849210900E+06  0.22473102370649E+05 -0.47002201043866E+04 -0.38837330742862E-09 -0.65481800620211E-10 -0.19774596830254E-11  0.43960676171025E+04 -0.47275627487942E+03  0.48347371434610E+04  0.26304120939383E+04  0.13340389452120E+04 -0.69590448862078E+04  0.56202492224193E+05  0.00000000000000E+00  0.00000000000000E+00  0.00000000000000E+00  0.00000000000000E+00  0.93821824579675E+06  0.00000000000000E+00  0.00000000000000E+00  0.00000000000000E+00  0.00000000000000E+00  0.00000000000000E+00  0.00000000000000E+00  0.00000000000000E+00  0.00000000000000E+00  0.00000000000000E+00  0.00000000000000E+00  0.00000000000000E+00
  -0.21308229547169E+05  0.58977130984797E+04 -0.99571348112456E+03 -0.13062321688024E+04  0.38367825569037E+03 -0.15208728817396E+03 -0.24596758801831E+03 -0.69825393120570E+05  0.23004025423855E+05  0.15378501192574E+04 -0.49813086019833E+03 -0.18241796810097E+04 -0.10774247530766E+03 -0.68105301580623E+01 -0.16089496006430E+04  0.17648566075734E+03 -0.12976239920867E+04 -0.68234141291455E+03  0.00000000000000E+00  0.00000000000000E+00  0.00000000000000E+00  0.00000000000000E+00  0.00000000000000E+00  0.00000000000000E+00  0.00000000000000E+00  0.00000000000000E+00  0.15319376999919E+05  0.00000000000000E+00  0.00000000000000E+00  0.00000000000000E+00  0.00000000000000E+00  0.00000000000000E+00  0.00000000000000E+00  0.00000000000000E+00  0.00000000000000E+00  0.00000000000000E+00  0.00000000000000E+00
  -0.48807787314324E+05  0.13767570738649E+05 -0.22938758955156E+04 -0.25422619635787E+04  0.71899431592141E+03 -0.30902775947530E+03 -0.45958597253368E+03 -0.15857207502264E+06  0.52579480664150E+05  0.34007442964934E+04 -0.11263749991022E+04 -0.35591955523787E+02 -0.86882732311252E+01 -0.24273290713265E-03 -0.32728676580174E+04  0.35599787186310E+03 -0.26482038338109E+04 -0.13895651852986E+04  0.00000000000000E+00  0.00000000000000E+00  0.00000000000000E+00  0.00000000000000E+00  0.00000000000000E+00  0.00000000000000E+00  0.00000000000000E+00  0.00000000000000E+00  0.00000000000000E+00  0.34476489306065E+05  0.00000000000000E+00  0.00000000000000E+00  0.00000000000000E+00  0.00000000000000E+00  0.00000000000000E+00  0.00000000000000E+00  0.00000000000000E+00  0.00000000000000E+00  0.00000000000000E+00
  -0.30892902763481E+04  0.41006868840976E+03 -0.11418801378802E+03 -0.54470162580193E+02  0.68086153585823E+01 -0.14480568984231E+02 -0.96937883426380E+01 -0.11752609018811E+04  0.13379811646056E+03  0.41182797002681E+02 -0.12027859225118E+02 -0.57201750387933E+02 -0.42599150185880E+01 -0.23851933331424E+00 -0.74173696515455E+03  0.86761047797338E+02 -0.62167689730356E+03 -0.35413216135509E+03  0.00000000000000E+00  0.00000000000000E+00  0.00000000000000E+00  0.00000000000000E+00  0.00000000000000E+00  0.00000000000000E+00  0.00000000000000E+00  0.00000000000000E+00  0.00000000000000E+00  0.00000000000000E+00  0.37760178462257E+04  0.00000000000000E+00  0.00000000000000E+00  0.00000000000000E+00  0.00000000000000E+00  0.00000000000000E+00  0.00000000000000E+00  0.00000000000000E+00  0.00000000000000E+00
  -0.20067218282625E+06  0.63061657757734E+05 -0.95935560994167E+04 -0.12560860112586E+05  0.38509746684744E+04 -0.11855128381619E+04 -0.20916342178183E+04 -0.54998016846787E+04  0.65504055995178E+03  0.56855448725018E+03 -0.57717975192078E+02 -0.40645589641655E-01 -0.29103889067232E-01 -0.15359244611443E-10  0.34741066154969E+03 -0.95628007701109E+02  0.13355457867607E+03  0.17283546908176E+03  0.24266545172264E+04  0.34133230636555E+04  0.15050298869868E+05  0.00000000000000E+00  0.00000000000000E+00  0.00000000000000E+00  0.00000000000000E+00  0.00000000000000E+00  0.00000000000000E+00  0.00000000000000E+00  0.00000000000000E+00  0.10536971559694E+06  0.00000000000000E+00  0.00000000000000E+00  0.00000000000000E+00  0.00000000000000E+00  0.00000000000000E+00  0.00000000000000E+00  0.00000000000000E+00
  -0.22129132352499E+06  0.68956753765564E+05 -0.10564453909775E+05 -0.55869582671758E+05  0.16902472894046E+05 -0.54716422713345E+04 -0.93797506113994E+04 -0.10853905551964E+05  0.13158206012932E+04  0.10851660214301E+04 -0.11381945202909E+03 -0.70099040789822E-10 -0.58880585392051E-11  0.12834335202253E-12  0.60096248610911E+03 -0.16310821762380E+03  0.25090519481453E+03  0.30942826081039E+03  0.30182498429072E+04  0.41632985009456E+04  0.19083705689821E+05  0.00000000000000E+00  0.00000000000000E+00  0.00000000000000E+00  0.00000000000000E+00  0.00000000000000E+00  0.00000000000000E+00  0.00000000000000E+00  0.00000000000000E+00  0.00000000000000E+00  0.14099862986944E+06  0.00000000000000E+00  0.00000000000000E+00  0.00000000000000E+00  0.00000000000000E+00  0.00000000000000E+00  0.00000000000000E+00
  -0.83684874991696E+04  0.22452114131249E+04 -0.38503239062149E+03 -0.23204114910492E+04  0.53282686615460E+03 -0.40881334389159E+03 -0.43183646315873E+03  0.86184537151088E+03 -0.14338709698600E+04  0.10800563799302E+03 -0.12166140247856E+02 -0.11412883678525E+01 -0.10850780574903E+00 -0.28292736102813E-02 -0.30367540097496E+04  0.49574064335814E+03 -0.27773697193656E+04 -0.18631837510511E+04  0.00000000000000E+00  0.00000000000000E+00  0.00000000000000E+00  0.00000000000000E+00  0.00000000000000E+00  0.00000000000000E+00  0.00000000000000E+00  0.00000000000000E+00  0.00000000000000E+00  0.00000000000000E+00  0.00000000000000E+00  0.00000000000000E+00  0.00000000000000E+00  0.78777922810027E+04  0.00000000000000E+00  0.00000000000000E+00  0.00000000000000E+00  0.00000000000000E+00  0.00000000000000E+00
  -0.29438442704367E+04  0.70861886114757E+03 -0.13336617988930E+03 -0.89609553911603E+03  0.18935126931526E+03 -0.17384659341669E+03 -0.16885706718854E+03  0.54557138298202E+03 -0.78450469855917E+03  0.47677775745418E+02 -0.56793099862113E+01 -0.50623204098528E+00 -0.43921854601790E-01 -0.15476120294837E-02 -0.15877416529936E+04  0.24032013077848E+03 -0.14704170375123E+04 -0.94437902399636E+03  0.00000000000000E+00  0.00000000000000E+00  0.00000000000000E+00  0.00000000000000E+00  0.00000000000000E+00  0.00000000000000E+00  0.00000000000000E+00  0.00000000000000E+00  0.00000000000000E+00  0.00000000000000E+00  0.00000000000000E+00  0.00000000000000E+00  0.00000000000000E+00  0.00000000000000E+00  0.40665989769188E+04  0.00000000000000E+00  0.00000000000000E+00  0.00000000000000E+00  0.00000000000000E+00
  -0.18329464927124E+05 -0.21447447766357E+04 -0.30186997624653E+02 -0.11380964598110E+05  0.35074398532684E+03 -0.26434448669717E+04 -0.11000602337635E+04 -0.24974962764376E+06  0.11100876287070E+06  0.30137923841175E+04 -0.12493083513088E+04  0.18523684449740E+03  0.18187126791657E+02 -0.22670719347791E+01 -0.19839795524751E+04 -0.40279879002417E+03  0.18080438821013E+04  0.18242350107431E+04  0.00000000000000E+00  0.00000000000000E+00  0.00000000000000E+00  0.00000000000000E+00  0.00000000000000E+00  0.00000000000000E+00  0.00000000000000E+00  0.00000000000000E+00  0.00000000000000E+00  0.00000000000000E+00  0.00000000000000E+00  0.00000000000000E+00  0.00000000000000E+00  0.00000000000000E+00  0.00000000000000E+00  0.13001370060477E+06  0.00000000000000E+00  0.00000000000000E+00  0.00000000000000E+00
   0.17644740541512E+05 -0.23825120905824E+04  0.74718424080164E+03 -0.16820957818125E+05  0.26976905005182E+04 -0.41776393935110E+04 -0.34420064550373E+04 -0.77142149843752E+04  0.14748848794342E+04  0.41467796143053E+03 -0.74404595183796E+02  0.16692540106640E+03  0.35845671236453E+02  0.95965056193351E-03  0.23079841095143E+03 -0.41807498646391E+02  0.29676439613630E+03  0.20596264780185E+03 -0.22082180428246E+02 -0.32504411674129E+02 -0.61552425392617E+02  0.00000000000000E+00  0.00000000000000E+00  0.00000000000000E+00  0.00000000000000E+00  0.00000000000000E+00  0.00000000000000E+00  0.00000000000000E+00  0.00000000000000E+00  0.00000000000000E+00  0.00000000000000E+00  0.00000000000000E+00  0.00000000000000E+00  0.00000000000000E+00  0.41354430586984E+05  0.00000000000000E+00  0.00000000000000E+00
  -0.74631313366281E+05  0.88352803194224E+04 -0.26077711981915E+04 -0.76233041381409E+04  0.89720097234674E+03 -0.17779796313713E+04 -0.11292722387924E+04 -0.13018265049399E+06  0.43506310118902E+05  0.27633427853790E+04 -0.92530254748653E+03 -0.20433758134147E+04 -0.13836030538068E+03 -0.64998410244391E+01 -0.11054013925975E+04  0.29857742739967E+03 -0.19020803792179E+04 -0.13302848340392E+04 -0.27460360898157E+03 -0.15849600756106E+04  0.13982203267733E+04  0.00000000000000E+00  0.00000000000000E+00  0.00000000000000E+00  0.00000000000000E+00  0.00000000000000E+00  0.00000000000000E+00  0.00000000000000E+00  0.00000000000000E+00  0.00000000000000E+00  0.00000000000000E+00  0.00000000000000E+00  0.00000000000000E+00  0.00000000000000E+00  0.00000000000000E+00  0.97399737500610E+05  0.00000000000000E+00
  -0.58431943277584E+05  0.72628031528655E+04 -0.20936111273913E+04 -0.22682949046062E+05  0.27649002710553E+04 -0.52763305696957E+04 -0.34404009898645E+04 -0.15884232162212E+06  0.52652572636273E+05  0.34460485786235E+04 -0.11370903771104E+04 -0.41875280089428E-10 -0.67561248548282E-11 -0.89295466672167E-12 -0.12366004589838E+04  0.33473773556284E+03 -0.21061023934077E+04 -0.14781619039052E+04 -0.29057439314074E+03 -0.16472491482077E+04  0.14144868054993E+04  0.00000000000000E+00  0.00000000000000E+00  0.00000000000000E+00  0.00000000000000E+00  0.00000000000000E+00  0.00000000000000E+00  0.00000000000000E+00  0.00000000000000E+00  0.00000000000000E+00  0.00000000000000E+00  0.00000000000000E+00  0.00000000000000E+00  0.00000000000000E+00  0.00000000000000E+00  0.00000000000000E+00  0.10179613688840E+06

 # Covariance matrix (Bevington epsilon)
   0.37261693586350E-03 -0.93293754572585E-04 -0.82228855781094E-02  0.20164396273246E-03  0.19125123480573E-03  0.41010008635578E-04 -0.70712652804674E-03  0.43583689777026E-04  0.27147999900008E-04 -0.92826855410500E-03 -0.99125253098501E-02 -0.37078476965305E-03 -0.49671784739168E-02 -0.15741378087058E-01  0.83724406113839E-04  0.81870583660486E-03  0.20832650685680E-04 -0.22570263880428E-03  0.98806812910805E-03 -0.80190097108477E-03  0.27274908998912E-04  0.28972958594335E-04  0.31327104261666E-04  0.22325867344934E-04  0.27223096930945E-04  0.31141347641655E-04 -0.14506250327043E-03 -0.63387394225458E-04  0.26060466609354E-04  0.22094269382557E-04  0.27977318987921E-04 -0.37477437841166E-04 -0.40008399913260E-04  0.55519832695145E-04  0.47510435384246E-05  0.27905329646579E-04  0.28996451717052E-04
  -0.93293754572585E-04  0.12613372379482E-03  0.27823725095043E-02 -0.14645945863472E-05 -0.39078316708598E-04  0.98025205356886E-04 -0.10929657318239E-03 -0.68913625477676E-05 -0.44523555534939E-05  0.70830763558411E-03  0.29339512154401E-02  0.19174328810748E-03  0.91534460645792E-03  0.84943014471965E-02 -0.14839836907405E-04  0.77995010413985E-03  0.17932192279385E-03 -0.73386844086368E-04 -0.20186047060448E-02  0.65536979724328E-03  0.10954264966955E-03  0.41481420959905E-05 -0.93182005337134E-07 -0.48425262402113E-06  0.67881349670090E-06 -0.90392345973520E-06  0.36588562768526E-04  0.56726121653710E-05  0.17187548377301E-06  0.80654232588075E-05  0.72706135834030E-05 -0.11886382720426E-04 -0.53097569494066E-05 -0.65705420365407E-05 -0.54075387781187E-05  0.21216470254271E-05  0.36066144174590E-06
  -0.82228855781094E-02  0.27823725095043E-02  0.18901730778042E+00 -0.37977845429693E-02 -0.33673993930237E-02 -0.57978810288721E-03  0.13929657082130E-01 -0.91564926782948E-03 -0.57736942197803E-03  0.25338898854233E-01  0.23431679157060E+00  0.89968912420755E-02  0.11636102425462E+00  0.41613387491350E+00 -0.15856018187330E-02 -0.48993231283185E-03  0.15464857394522E-02  0.40782489397140E-02 -0.33746153868292E-01  0.21057814793175E-01  0.60369838625154E-03 -0.41944443739975E-03 -0.48987452632747E-03 -0.32581168086390E-03 -0.36016231828735E-03 -0.45077146391206E-03  0.37507221583077E-02  0.17960429108187E-02 -0.49260004764750E-03 -0.22322208016928E-03 -0.35851479622795E-03  0.49488519054444E-03  0.59531919330164E-03 -0.10148076876861E-02 -0.11415524180908E-03 -0.37638291555010E-03 -0.40606094320163E-03
   0.20164396273245E-03 -0.14645945863443E-05 -0.37977845429690E-02  0.10100503499430E-02  0.24787225892695E-02 -0.25667249415025E-02  0.15742824208013E-03  0.37914278643427E-04  0.20811647789995E-04 -0.18652222092140E-02 -0.12150929511576E-01  0.93815072757794E-03 -0.11597175799975E-01  0.20347475891403E-01  0.32989932285879E-03  0.76617404588385E-02 -0.73134584661953E-03  0.22429302605395E-02 -0.32482734243451E-02  0.12515624069293E-02  0.29239831662996E-03  0.40495929256698E-04  0.39416189414065E-04  0.20504759921957E-04  0.49197439588227E-04  0.49553063976322E-04 -0.74898531410141E-05 -0.50632876323906E-04  0.24766882911186E-04  0.44054680915196E-04  0.50695920128612E-04 -0.41614786478469E-04 -0.38079465852846E-04  0.48048071822728E-04 -0.54440388705730E-05  0.51200017626915E-04  0.46743978276359E-04
   0.19125123480569E-03 -0.39078316708591E-04 -0.33673993930229E-02  0.24787225892695E-02  0.94326273323536E-02 -0.98010817778938E-02  0.76368267349785E-02 -0.99486606802638E-06 -0.85731222402246E-05 -0.13868219281136E-02 -0.68317806765654E-02  0.10468715343424E-02 -0.13290117910771E-01  0.11376742558524E+00  0.72384306022102E-03  0.21054496218424E-01 -0.23792145862769E-02  0.74690767554223E-02 -0.11403472179424E-01  0.42164861745865E-02  0.83444164505711E-03  0.57942482666270E-04  0.71421419887504E-04  0.50242727227016E-04  0.79440754899271E-04  0.76049808973606E-04  0.34407650046349E-04 -0.48252652942513E-04  0.28254184442402E-04  0.91166811651415E-04  0.67013411663849E-04 -0.59333081392066E-04 -0.42230247093017E-04  0.61231617731345E-04  0.20020839112226E-04  0.88001906629374E-04  0.85919336613975E-04
   0.41010008635618E-04  0.98025205356876E-04 -0.57978810288810E-03 -0.25667249415024E-02 -0.98010817778937E-02  0.11935613230261E-01 -0.96952952908876E-02  0.55735836921468E-04  0.44375613546341E-04  0.31497091600563E-02  0.15989196258077E-02 -0.11233719566755E-02  0.22254646554357E-01 -0.17776039156857E+00 -0.81891667933767E-03 -0.28142468656627E-01  0.30658622313455E-02 -0.10387050044415E-01  0.12439318420200E-01 -0.56184293902290E-02 -0.83428997769697E-03 -0.22564610920238E-04 -0.53583628071453E-04 -0.46169479233110E-04 -0.53407310824663E-04 -0.74877013516775E-04 -0.12675533637428E-03 -0.62414114973272E-04  0.66546111362651E-05 -0.47769697722733E-04 -0.69192327056702E-04  0.22976134559962E-04 -0.17682265014092E-05 -0.19997865016340E-04 -0.35061550846315E-04 -0.70844286067001E-04 -0.83494436117368E-04
