 Correlated errors added in quadrature with statistical errors
 jl00106F2p DIS data with   1.69< Q2 < 0.500D+03 and 0.000 < xB < 1.000 and   3.00< W2 < 0.100D+04 and 0.000 < y < 1.000
   GP TMC applied
   HT corrections, multiplicative C=C(xB)
 Correlated errors added in quadrature with statistical errors
 jl00106F2d DIS data with   1.69< Q2 < 0.500D+03 and 0.000 < xB < 1.000 and   3.00< W2 < 0.100D+04 and 0.000 < y < 1.000
   WBArel smearing  (AV18) - KP-like (free x1)0 nuke corrections
   GP TMC applied
   HT corrections, multiplicative C=C(xB)
 Correlated errors added in quadrature with statistical errors
 HerF2pCut  DIS data with   1.69< Q2 < 0.500D+03 and 0.000 < xB < 1.000 and   3.00< W2 < 0.100D+04 and 0.000 < y < 1.000
   GP TMC applied
   HT corrections, multiplicative C=C(xB)
 Correlated errors added in quadrature with statistical errors
 HerF2dCut  DIS data with   1.69< Q2 < 0.500D+03 and 0.000 < xB < 1.000 and   3.00< W2 < 0.100D+04 and 0.000 < y < 1.000
   WBArel smearing  (AV18) - KP-like (free x1)0 nuke corrections
   GP TMC applied
   HT corrections, multiplicative C=C(xB)
 Correlated errors added in quadrature with statistical errors
 slac_p     DIS data with   1.69< Q2 < 0.500D+03 and 0.000 < xB < 1.000 and   3.00< W2 < 0.100D+04 and 0.000 < y < 1.000
   GP TMC applied
   HT corrections, multiplicative C=C(xB)
 Correlated errors added in quadrature with statistical errors
 slac_d     DIS data with   1.69< Q2 < 0.500D+03 and 0.000 < xB < 1.000 and   3.00< W2 < 0.100D+04 and 0.000 < y < 1.000
   WBArel smearing  (AV18) - KP-like (free x1)0 nuke corrections
   GP TMC applied
   HT corrections, multiplicative C=C(xB)
 Correlated errors treated separately from statistical errors
 BcdF2pCor  DIS data with   1.69< Q2 < 0.500D+03 and 0.000 < xB < 1.000 and   3.00< W2 < 0.100D+04 and 0.000 < y < 1.000
   GP TMC applied
   HT corrections, multiplicative C=C(xB)
 Correlated errors treated separately from statistical errors
 BcdF2dCor  DIS data with   1.69< Q2 < 0.500D+03 and 0.000 < xB < 1.000 and   3.00< W2 < 0.100D+04 and 0.000 < y < 1.000
   WBArel smearing  (AV18) - KP-like (free x1)0 nuke corrections
   GP TMC applied
   HT corrections, multiplicative C=C(xB)
 Correlated errors treated separately from statistical errors
 NmcF2pCor  DIS data with   1.69< Q2 < 0.500D+03 and 0.000 < xB < 1.000 and   3.00< W2 < 0.100D+04 and 0.000 < y < 1.000
   GP TMC applied
   HT corrections, multiplicative C=C(xB)
 Correlated errors treated separately from statistical errors
 NmcRatCor  DIS data with   1.69< Q2 < 0.500D+03 and 0.000 < xB < 1.000 and   3.00< W2 < 0.100D+04 and 0.000 < y < 1.000
   WBArel smearing  (AV18) - KP-like (free x1)0 nuke corrections
   GP TMC applied
   HT corrections, multiplicative C=C(xB)
 Correlated errors treated separately from statistical errors
 H2_NC_em   DIS data with   1.69< Q2 < 0.100D+06 and 0.000 < xB < 1.000 and   3.00< W2 < 0.100D+08 and 0.000 < y < 1.000
   GP TMC applied
   HT corrections, multiplicative C=C(xB)
 Correlated errors treated separately from statistical errors
 H2_NC_ep_1 DIS data with   1.69< Q2 < 0.100D+06 and 0.000 < xB < 1.000 and   3.00< W2 < 0.100D+08 and 0.000 < y < 1.000
   GP TMC applied
   HT corrections, multiplicative C=C(xB)
 Correlated errors treated separately from statistical errors
 H2_NC_ep_2 DIS data with   1.69< Q2 < 0.100D+06 and 0.000 < xB < 1.000 and   3.00< W2 < 0.100D+08 and 0.000 < y < 1.000
   GP TMC applied
   HT corrections, multiplicative C=C(xB)
 Correlated errors treated separately from statistical errors
 H2_NC_ep_3 DIS data with   1.69< Q2 < 0.100D+06 and 0.000 < xB < 1.000 and   3.00< W2 < 0.100D+08 and 0.000 < y < 1.000
   GP TMC applied
   HT corrections, multiplicative C=C(xB)
 Correlated errors treated separately from statistical errors
 H2_NC_ep_4 DIS data with   1.69< Q2 < 0.100D+06 and 0.000 < xB < 1.000 and   3.00< W2 < 0.100D+08 and 0.000 < y < 1.000
   GP TMC applied
   HT corrections, multiplicative C=C(xB)
 Correlated errors treated separately from statistical errors
 H2_CC_em   DIS data with   1.69< Q2 < 0.100D+06 and 0.000 < xB < 1.000 and   3.00< W2 < 0.100D+08 and 0.000 < y < 1.000
   GP TMC applied
   HT corrections, multiplicative C=C(xB)
 Correlated errors treated separately from statistical errors
 H2_CC_ep   DIS data with   1.69< Q2 < 0.100D+06 and 0.000 < xB < 1.000 and   3.00< W2 < 0.100D+08 and 0.000 < y < 1.000
   GP TMC applied
   HT corrections, multiplicative C=C(xB)
 Correlated errors added in quadrature with statistical errors
 BNS_F2nd   DIS data with   1.69< Q2 < 0.100D+06 and 0.000 < xB < 1.000 and   3.00< W2 < 0.100D+08 and 0.000 < y < 1.000
   WBArel smearing  (AV18) - KP-like (free x1)0 nuke corrections
   GP TMC applied
   HT corrections, multiplicative C=C(xB)
 Correlated errors added in quadrature with statistical errors
 e866pp06xf vector boson data with Q2 >=  36.00
 Correlated errors added in quadrature with statistical errors
 e866pd06xf vector boson data with Q2 >=  36.00
 Correlated errors added in quadrature with statistical errors
 cdfLasy05  vector boson data with Q2 >=   0.00
 Correlated errors added in quadrature with statistical errors
 d0Lasy_e15 vector boson data with Q2 >=   0.00
 Correlated errors added in quadrature with statistical errors
 d0Lasy13   vector boson data with Q2 >=   0.00
 Correlated errors added in quadrature with statistical errors
 CDF_Wasy   vector boson data with Q2 >=   0.00
 Correlated errors added in quadrature with statistical errors
 D0_Wasy    vector boson data with Q2 >=   0.00
 Correlated errors added in quadrature with statistical errors
 CDF_Z      vector boson data with Q2 >=   0.00
 Correlated errors added in quadrature with statistical errors
 D0_Z       vector boson data with Q2 >=   0.00
 Correlated errors added in quadrature with statistical errors
 d0run2coneJet data - errors added in quadrature
 Correlated errors added in quadrature with statistical errors
 CDFrun2jetJet data - errors added in quadrature
 Correlated errors added in quadrature with statistical errors
 d0_gamjet1 Photon data -- cuts to be written yet ...
 Correlated errors added in quadrature with statistical errors
 d0_gamjet2 Photon data -- cuts to be written yet ...
 Correlated errors added in quadrature with statistical errors
 d0_gamjet3 Photon data -- cuts to be written yet ...
 Correlated errors added in quadrature with statistical errors
 d0_gamjet4 Photon data -- cuts to be written yet ...

# fitpack15: fit output
# CJ15 AV18 final data choices                                                 

Parametrization   7 used here

 S-ACOT scheme used  for NC DIS

 charm mass =     1.30 GeV     bottom mass =     4.50 GeV



 THIS IS A NEXT TO LEADING ORDER FIT

 Q02=    1.69
         1  LAMBDA      VALUE=   0.22680      WEIGHT=    0.0000    
         2  a0uv        VALUE=    2.2221      WEIGHT=    0.0000    
         3  a1uv        VALUE=   0.59252      WEIGHT=   0.19303E-01
         4  a2uv        VALUE=    3.5097      WEIGHT=   0.11231E-01
         5  a3uv        VALUE=    0.0000      WEIGHT=    0.0000    
         6  a4uv        VALUE=    3.6180      WEIGHT=   0.43476    
         7  a5uv        VALUE=    0.0000      WEIGHT=    0.0000    
         8  a0dv        VALUE=    12.554      WEIGHT=    0.0000    
         9  a1dv        VALUE=    1.0229      WEIGHT=   0.31781E-01
        10  a2dv        VALUE=    5.4868      WEIGHT=   0.97122E-01
        11  a3dv        VALUE=   -2.8509      WEIGHT=   0.10925    
        12  a4dv        VALUE=    3.6541      WEIGHT=   0.13454    
        13  a5dv        VALUE=    0.0000      WEIGHT=    0.0000    
        14  a0ud        VALUE=   0.15206      WEIGHT=   0.49632E-02
        15  a1ud        VALUE=  -0.20361      WEIGHT=   0.35916E-02
        16  a2ud        VALUE=    8.1881      WEIGHT=   0.18550    
        17  a3ud        VALUE=    0.0000      WEIGHT=    0.0000    
        18  a4ud        VALUE=    12.115      WEIGHT=    1.0247    
        19  a5ud        VALUE=    0.0000      WEIGHT=    0.0000    
        20  a0du        VALUE=    35712.      WEIGHT=    0.0000    
        21  a1du        VALUE=    4.0695      WEIGHT=   0.96694E-01
        22  a2du        VALUE=    22.568      WEIGHT=    1.2900    
        23  a3du        VALUE=    17.000      WEIGHT=    0.0000    
        24  a4du        VALUE=    43.434      WEIGHT=    5.4574    
        25  a0g         VALUE=    38.906      WEIGHT=    0.0000    
        26  a1g         VALUE=   0.58141      WEIGHT=   0.31170E-01
        27  a2g         VALUE=    5.8519      WEIGHT=   0.91264    
        28  a3g         VALUE=   -3.2374      WEIGHT=   0.13195    
        29  a4g         VALUE=    3.0704      WEIGHT=   0.31285    
        30  a5g         VALUE=    0.0000      WEIGHT=    0.0000    
        31  kappa       VALUE=   0.40000      WEIGHT=    0.0000    
        32  a6dv        VALUE=    0.0000      WEIGHT=    0.0000    
        33  a7dv        VALUE=    0.0000      WEIGHT=    0.0000    
        34  off1        VALUE=    8.1000      WEIGHT=   0.10000    
        35  off2        VALUE=   0.44800      WEIGHT=   0.10000    
        36  off3        VALUE=   0.50000E-01  WEIGHT=   0.10000    
        37  ht1         VALUE=   -3.3262      WEIGHT=   0.29434    
        38  ht2         VALUE=    2.0826      WEIGHT=   0.13034    
        39  ht3         VALUE=   -2.1328      WEIGHT=   0.33165E-01
        40  ht4         VALUE=    0.0000      WEIGHT=    0.0000    
        41  dummy41     VALUE=    0.0000      WEIGHT=    0.0000    
        42  dummy42     VALUE=    0.0000      WEIGHT=    0.0000    
        43  dummy43     VALUE=    0.0000      WEIGHT=    0.0000    
        44  dummy44     VALUE=    0.0000      WEIGHT=    0.0000    
        45  dummy45     VALUE=    0.0000      WEIGHT=    0.0000    
        46  dummy46     VALUE=    0.0000      WEIGHT=    0.0000    
        47  dummy47     VALUE=    0.0000      WEIGHT=    0.0000    
        48  dummy48     VALUE=    0.0000      WEIGHT=    0.0000    
        49  dummy49     VALUE=    0.0000      WEIGHT=    0.0000    
        50  bcdmsh2     VALUE=   0.95928      WEIGHT=   0.47304E-02
        51  bcdmsd2     VALUE=   0.98714      WEIGHT=   0.56251E-02
        52  ccfr        VALUE=    1.0000      WEIGHT=    0.0000    
        53  nutev       VALUE=    1.0000      WEIGHT=    0.0000    
        54  zeus        VALUE=   0.97998      WEIGHT=    0.0000    
        55  h1          VALUE=    1.0162      WEIGHT=    0.0000    
        56  e605        VALUE=    1.0319      WEIGHT=    0.0000    
        57  NmcH2       VALUE=   0.99420      WEIGHT=   0.69795E-02
        58  ntv_nu      VALUE=    1.0000      WEIGHT=    0.0000    
        59  ntv_nubar   VALUE=    1.0000      WEIGHT=    0.0000    
        60  cdf_jet     VALUE=   0.98910      WEIGHT=    0.0000    
        61  d0_jet      VALUE=   0.83504      WEIGHT=    0.0000    
        62  slac_p      VALUE=   0.99732      WEIGHT=   0.47836E-02
        63  slac_d      VALUE=   0.99328      WEIGHT=   0.50714E-02
        64  e866pp      VALUE=   0.94750      WEIGHT=   0.18759E-01
        65  e866pd      VALUE=   0.92482      WEIGHT=   0.14934E-01
        66  d0_gamjet   VALUE=    1.0412      WEIGHT=   0.16448E-01
        67  h1b         VALUE=   0.97608      WEIGHT=    0.0000    
        68  jlab_p      VALUE=   0.99503      WEIGHT=   0.57573E-02
        69  jlab_d      VALUE=   0.96756      WEIGHT=   0.57053E-02
        70  blank       VALUE=    1.0000      WEIGHT=    0.0000    
        71  d0run2      VALUE=   0.96771      WEIGHT=   0.14928E-01
        72  cdfrun2     VALUE=   0.95176      WEIGHT=   0.17712E-01
        73  HERA_el     VALUE=    1.0000      WEIGHT=    0.0000    
        74  HERA_ps     VALUE=    1.0000      WEIGHT=    0.0000    
        75  CDF_Z       VALUE=   0.94254      WEIGHT=   0.60308E-02
        76  NmcRat      VALUE=    1.0000      WEIGHT=    0.0000    
        77  BNS_F2nd    VALUE=   0.95707      WEIGHT=   0.53407E-02
        78  HERMES_F2p  VALUE=   0.98539      WEIGHT=   0.55291E-02
        79  HERMES_F2d  VALUE=   0.96983      WEIGHT=   0.57192E-02
0THE TOLERANCE IS    0.5000
 THE MAXIMUM NUMBER OF STEPS IS 100
0THE INITIAL CHI SQUARED IS  4.91335E+03
0  STEP  CHI SQUARED    PARAMETER      VALUE         ERROR
 ------------------------------------------------------------
     1    4.90976E+03
                       1  LAMBDA     2.2680E-01       FIX 
                       2  a0uv       2.2484E+00       FIX 
                       3  a1uv       5.9693E-01           
                       4  a2uv       3.5331E+00           
                       5  a3uv       0.0000E+00       FIX 
                       6  a4uv       3.6728E+00           
                       7  a5uv       0.0000E+00       FIX 
                       8  a0dv       1.3587E+01       FIX 
                       9  a1dv       1.0319E+00           
                      10  a2dv       5.8192E+00           
                      11  a3dv      -3.0743E+00           
                      12  a4dv       4.1951E+00           
                      13  a5dv       0.0000E+00       FIX 
                      14  a0ud       1.4844E-01           
                      15  a1ud      -2.0611E-01           
                      16  a2ud       8.1592E+00           
                      17  a3ud       0.0000E+00       FIX 
                      18  a4ud       1.3301E+01           
                      19  a5ud       0.0000E+00       FIX 
                      20  a0du       3.5712E+04       FIX 
                      21  a1du       4.0952E+00           
                      22  a2du       1.9724E+01           
                      23  a3du       1.7000E+01       FIX 
                      24  a4du       5.1312E+01           
                      25  a0g        4.0918E+01       FIX 
                      26  a1g        5.8384E-01           
                      27  a2g        5.8708E+00           
                      28  a3g       -3.2625E+00           
                      29  a4g        3.0497E+00           
                      30  a5g        0.0000E+00       FIX 
                      31  kappa      4.0000E-01       FIX 
                      32  a6dv       0.0000E+00       FIX 
                      33  a7dv       0.0000E+00       FIX 
                      34  off1      -2.0074E+00           
                      35  off2       4.9765E-01           
                      36  off3       1.8225E-02           
                      37  ht1       -3.2074E+00           
                      38  ht2        1.9791E+00           
                      39  ht3       -2.1157E+00           
                      40  ht4        0.0000E+00       FIX 
                      41  dummy41    0.0000E+00       FIX 
                      42  dummy42    0.0000E+00       FIX 
                      43  dummy43    0.0000E+00       FIX 
                      44  dummy44    0.0000E+00       FIX 
                      45  dummy45    0.0000E+00       FIX 
                      46  dummy46    0.0000E+00       FIX 
                      47  dummy47    0.0000E+00       FIX 
                      48  dummy48    0.0000E+00       FIX 
                      49  dummy49    0.0000E+00       FIX 
                      50  bcdmsh2    9.6571E-01           
                      51  bcdmsd2    9.8923E-01           
                      52  ccfr       1.0000E+00       FIX 
                      53  nutev      1.0000E+00       FIX 
                      54  zeus       9.7998E-01       FIX 
                      55  h1         1.0162E+00       FIX 
                      56  e605       1.0319E+00       FIX 
                      57  NmcH2      1.0019E+00           
                      58  ntv_nu     1.0000E+00       FIX 
                      59  ntv_nuba   1.0000E+00       FIX 
                      60  cdf_jet    9.8910E-01       FIX 
                      61  d0_jet     8.3504E-01       FIX 
                      62  slac_p     9.9882E-01           
                      63  slac_d     1.0011E+00           
                      64  e866pp     9.6013E-01           
                      65  e866pd     9.4999E-01           
                      66  d0_gamje   1.0389E+00           
                      67  h1b        9.7608E-01       FIX 
                      68  jlab_p     9.9022E-01           
                      69  jlab_d     9.7697E-01           
                      70  blank      1.0000E+00       FIX 
                      71  d0run2     9.5424E-01           
                      72  cdfrun2    9.3982E-01           
                      73  HERA_el    1.0000E+00       FIX 
                      74  HERA_ps    1.0000E+00       FIX 
                      75  CDF_Z      9.5217E-01           
                      76  NmcRat     1.0000E+00       FIX 
                      77  BNS_F2nd   9.7169E-01           
                      78  HERMES_F   9.9117E-01           
                      79  HERMES_F   9.7564E-01           
 ------------------------------------------------------------
     2    4.73729E+03
                       1  LAMBDA     2.2680E-01       FIX 
                       2  a0uv       2.2382E+00       FIX 
                       3  a1uv       5.9646E-01           
                       4  a2uv       3.5343E+00           
                       5  a3uv       0.0000E+00       FIX 
                       6  a4uv       3.7164E+00           
                       7  a5uv       0.0000E+00       FIX 
                       8  a0dv       1.7431E+01       FIX 
                       9  a1dv       1.0786E+00           
                      10  a2dv       6.0298E+00           
                      11  a3dv      -3.3126E+00           
                      12  a4dv       4.4264E+00           
                      13  a5dv       0.0000E+00       FIX 
                      14  a0ud       1.4525E-01           
                      15  a1ud      -2.0845E-01           
                      16  a2ud       8.1947E+00           
                      17  a3ud       0.0000E+00       FIX 
                      18  a4ud       1.4137E+01           
                      19  a5ud       0.0000E+00       FIX 
                      20  a0du       3.5712E+04       FIX 
                      21  a1du       4.0534E+00           
                      22  a2du       2.0394E+01           
                      23  a3du       1.7000E+01       FIX 
                      24  a4du       5.6244E+01           
                      25  a0g        4.3273E+01       FIX 
                      26  a1g        5.9509E-01           
                      27  a2g        6.2598E+00           
                      28  a3g       -3.3041E+00           
                      29  a4g        3.1825E+00           
                      30  a5g        0.0000E+00       FIX 
                      31  kappa      4.0000E-01       FIX 
                      32  a6dv       0.0000E+00       FIX 
                      33  a7dv       0.0000E+00       FIX 
                      34  off1      -2.9656E+00           
                      35  off2       2.7705E-01           
                      36  off3       1.4671E-01           
                      37  ht1       -3.3754E+00           
                      38  ht2        2.0342E+00           
                      39  ht3       -2.1004E+00           
                      40  ht4        0.0000E+00       FIX 
                      41  dummy41    0.0000E+00       FIX 
                      42  dummy42    0.0000E+00       FIX 
                      43  dummy43    0.0000E+00       FIX 
                      44  dummy44    0.0000E+00       FIX 
                      45  dummy45    0.0000E+00       FIX 
                      46  dummy46    0.0000E+00       FIX 
                      47  dummy47    0.0000E+00       FIX 
                      48  dummy48    0.0000E+00       FIX 
                      49  dummy49    0.0000E+00       FIX 
                      50  bcdmsh2    9.6778E-01           
                      51  bcdmsd2    9.9099E-01           
                      52  ccfr       1.0000E+00       FIX 
                      53  nutev      1.0000E+00       FIX 
                      54  zeus       9.7998E-01       FIX 
                      55  h1         1.0162E+00       FIX 
                      56  e605       1.0319E+00       FIX 
                      57  NmcH2      1.0049E+00           
                      58  ntv_nu     1.0000E+00       FIX 
                      59  ntv_nuba   1.0000E+00       FIX 
                      60  cdf_jet    9.8910E-01       FIX 
                      61  d0_jet     8.3504E-01       FIX 
                      62  slac_p     1.0010E+00           
                      63  slac_d     1.0033E+00           
                      64  e866pp     9.6663E-01           
                      65  e866pd     9.5963E-01           
                      66  d0_gamje   1.0378E+00           
                      67  h1b        9.7608E-01       FIX 
                      68  jlab_p     9.9219E-01           
                      69  jlab_d     9.7874E-01           
                      70  blank      1.0000E+00       FIX 
                      71  d0run2     9.5075E-01           
                      72  cdfrun2    9.3667E-01           
                      73  HERA_el    1.0000E+00       FIX 
                      74  HERA_ps    1.0000E+00       FIX 
                      75  CDF_Z      9.5575E-01           
                      76  NmcRat     1.0000E+00       FIX 
                      77  BNS_F2nd   9.7686E-01           
                      78  HERMES_F   9.9395E-01           
                      79  HERMES_F   9.7836E-01           
 ------------------------------------------------------------
     3    4.71970E+03
                       1  LAMBDA     2.2680E-01       FIX 
                       2  a0uv       2.2177E+00       FIX 
                       3  a1uv       5.9442E-01           
                       4  a2uv       3.5347E+00           
                       5  a3uv       0.0000E+00       FIX 
                       6  a4uv       3.7649E+00           
                       7  a5uv       0.0000E+00       FIX 
                       8  a0dv       1.7270E+01       FIX 
                       9  a1dv       1.0789E+00           
                      10  a2dv       6.0382E+00           
                      11  a3dv      -3.2960E+00           
                      12  a4dv       4.4280E+00           
                      13  a5dv       0.0000E+00       FIX 
                      14  a0ud       1.4476E-01           
                      15  a1ud      -2.0877E-01           
                      16  a2ud       8.2030E+00           
                      17  a3ud       0.0000E+00       FIX 
                      18  a4ud       1.4298E+01           
                      19  a5ud       0.0000E+00       FIX 
                      20  a0du       3.5712E+04       FIX 
                      21  a1du       4.0598E+00           
                      22  a2du       2.0198E+01           
                      23  a3du       1.7000E+01       FIX 
                      24  a4du       5.6018E+01           
                      25  a0g        4.3788E+01       FIX 
                      26  a1g        5.9525E-01           
                      27  a2g        6.2113E+00           
                      28  a3g       -3.3312E+00           
                      29  a4g        3.2125E+00           
                      30  a5g        0.0000E+00       FIX 
                      31  kappa      4.0000E-01       FIX 
                      32  a6dv       0.0000E+00       FIX 
                      33  a7dv       0.0000E+00       FIX 
                      34  off1      -3.8269E+00           
                      35  off2       2.1813E-01           
                      36  off3       2.0192E-01           
                      37  ht1       -3.4088E+00           
                      38  ht2        2.0443E+00           
                      39  ht3       -2.0992E+00           
                      40  ht4        0.0000E+00       FIX 
                      41  dummy41    0.0000E+00       FIX 
                      42  dummy42    0.0000E+00       FIX 
                      43  dummy43    0.0000E+00       FIX 
                      44  dummy44    0.0000E+00       FIX 
                      45  dummy45    0.0000E+00       FIX 
                      46  dummy46    0.0000E+00       FIX 
                      47  dummy47    0.0000E+00       FIX 
                      48  dummy48    0.0000E+00       FIX 
                      49  dummy49    0.0000E+00       FIX 
                      50  bcdmsh2    9.6779E-01           
                      51  bcdmsd2    9.9068E-01           
                      52  ccfr       1.0000E+00       FIX 
                      53  nutev      1.0000E+00       FIX 
                      54  zeus       9.7998E-01       FIX 
                      55  h1         1.0162E+00       FIX 
                      56  e605       1.0319E+00       FIX 
                      57  NmcH2      1.0049E+00           
                      58  ntv_nu     1.0000E+00       FIX 
                      59  ntv_nuba   1.0000E+00       FIX 
                      60  cdf_jet    9.8910E-01       FIX 
                      61  d0_jet     8.3504E-01       FIX 
                      62  slac_p     1.0011E+00           
                      63  slac_d     1.0032E+00           
                      64  e866pp     9.6699E-01           
                      65  e866pd     9.6049E-01           
                      66  d0_gamje   1.0375E+00           
                      67  h1b        9.7608E-01       FIX 
                      68  jlab_p     9.9230E-01           
                      69  jlab_d     9.7854E-01           
                      70  blank      1.0000E+00       FIX 
                      71  d0run2     9.4951E-01           
                      72  cdfrun2    9.3573E-01           
                      73  HERA_el    1.0000E+00       FIX 
                      74  HERA_ps    1.0000E+00       FIX 
                      75  CDF_Z      9.5610E-01           
                      76  NmcRat     1.0000E+00       FIX 
                      77  BNS_F2nd   9.7797E-01           
                      78  HERMES_F   9.9409E-01           
                      79  HERMES_F   9.7830E-01           
 ------------------------------------------------------------
     4    4.71926E+03
                       1  LAMBDA     2.2680E-01    0.0000E+00
                       2  a0uv       2.2176E+00    0.0000E+00
                       3  a1uv       5.9439E-01    2.0592E-02
                       4  a2uv       3.5347E+00    1.1238E-02
                       5  a3uv       0.0000E+00    0.0000E+00
                       6  a4uv       3.7644E+00    4.7305E-01
                       7  a5uv       0.0000E+00    0.0000E+00
                       8  a0dv       1.7293E+01    0.0000E+00
                       9  a1dv       1.0790E+00    2.9383E-02
                      10  a2dv       6.0383E+00    9.4826E-02
                      11  a3dv      -3.2979E+00    8.3438E-02
                      12  a4dv       4.4289E+00    1.3475E-01
                      13  a5dv       0.0000E+00    0.0000E+00
                      14  a0ud       1.4478E-01    4.9469E-03
                      15  a1ud      -2.0875E-01    3.7281E-03
                      16  a2ud       8.2026E+00    1.8835E-01
                      17  a3ud       0.0000E+00    0.0000E+00
                      18  a4ud       1.4310E+01    1.2040E+00
                      19  a5ud       0.0000E+00    0.0000E+00
                      20  a0du       3.5712E+04    0.0000E+00
                      21  a1du       4.0570E+00    8.3864E-02
                      22  a2du       2.0188E+01    9.3879E-01
                      23  a3du       1.7000E+01    0.0000E+00
                      24  a4du       5.5529E+01    1.1984E+01
                      25  a0g        4.3837E+01    0.0000E+00
                      26  a1g        5.9629E-01    3.0678E-02
                      27  a2g        6.2220E+00    9.2662E-01
                      28  a3g       -3.3291E+00    1.3091E-01
                      29  a4g        3.2119E+00    3.1425E-01
                      30  a5g        0.0000E+00    0.0000E+00
                      31  kappa      4.0000E-01    0.0000E+00
                      32  a6dv       0.0000E+00    0.0000E+00
                      33  a7dv       0.0000E+00    0.0000E+00
                      34  off1      -3.8063E+00    9.4062E-01
                      35  off2       2.5895E-01    1.9064E-01
                      36  off3       1.5868E-01    1.7564E-01
                      37  ht1       -3.4043E+00    2.9725E-01
                      38  ht2        2.0431E+00    1.2451E-01
                      39  ht3       -2.1000E+00    3.0643E-02
                      40  ht4        0.0000E+00    0.0000E+00
                      41  dummy41    0.0000E+00    0.0000E+00
                      42  dummy42    0.0000E+00    0.0000E+00
                      43  dummy43    0.0000E+00    0.0000E+00
                      44  dummy44    0.0000E+00    0.0000E+00
                      45  dummy45    0.0000E+00    0.0000E+00
                      46  dummy46    0.0000E+00    0.0000E+00
                      47  dummy47    0.0000E+00    0.0000E+00
                      48  dummy48    0.0000E+00    0.0000E+00
                      49  dummy49    0.0000E+00    0.0000E+00
                      50  bcdmsh2    9.6781E-01    4.8481E-03
                      51  bcdmsd2    9.9037E-01    5.8307E-03
                      52  ccfr       1.0000E+00    0.0000E+00
                      53  nutev      1.0000E+00    0.0000E+00
                      54  zeus       9.7998E-01    0.0000E+00
                      55  h1         1.0162E+00    0.0000E+00
                      56  e605       1.0319E+00    0.0000E+00
                      57  NmcH2      1.0049E+00    7.0889E-03
                      58  ntv_nu     1.0000E+00    0.0000E+00
                      59  ntv_nuba   1.0000E+00    0.0000E+00
                      60  cdf_jet    9.8910E-01    0.0000E+00
                      61  d0_jet     8.3504E-01    0.0000E+00
                      62  slac_p     1.0012E+00    4.8772E-03
                      63  slac_d     1.0029E+00    5.3347E-03
                      64  e866pp     9.6671E-01    1.9237E-02
                      65  e866pd     9.6056E-01    1.5956E-02
                      66  d0_gamje   1.0375E+00    1.6466E-02
                      67  h1b        9.7608E-01    0.0000E+00
                      68  jlab_p     9.9237E-01    5.8318E-03
                      69  jlab_d     9.7830E-01    5.9876E-03
                      70  blank      1.0000E+00    0.0000E+00
                      71  d0run2     9.4992E-01    1.4858E-02
                      72  cdfrun2    9.3602E-01    1.7615E-02
                      73  HERA_el    1.0000E+00    0.0000E+00
                      74  HERA_ps    1.0000E+00    0.0000E+00
                      75  CDF_Z      9.5621E-01    6.6096E-03
                      76  NmcRat     1.0000E+00    0.0000E+00
                      77  BNS_F2nd   9.7862E-01    7.3078E-03
                      78  HERMES_F   9.9411E-01    5.6139E-03
                      79  HERMES_F   9.7810E-01    5.8544E-03
0 MINIMIZATION TERMINATED WITH STEP  4
  TOLERANCE CRITERION      SATISFIED
0 CHI SQUARED PER DEGREE OF FREEDOM IS  1.048E+00
   1.000 -0.396 -0.981  0.349  0.098  0.090 -0.331  0.452  0.391 -0.314 -0.529 -0.162 -0.210  0.047  0.170  0.102  0.006 -0.003 -0.059  0.041  0.042  0.135 -0.267  0.049  0.320  0.261  0.167  0.307  0.278 -0.396 -0.231  0.093  0.212  0.218 -0.129 -0.113  0.401  0.059  0.266  0.242
  -0.396  1.000  0.533  0.041  0.079 -0.002  0.035 -0.137 -0.124  0.329  0.257  0.190 -0.019  0.071 -0.032  0.076  0.090 -0.007 -0.159 -0.009 -0.022 -0.606  0.441  0.300  0.093  0.033  0.013  0.007  0.039  0.161  0.046 -0.001  0.099  0.162 -0.077 -0.033 -0.058 -0.071  0.049  0.045
  -0.981  0.533  1.000 -0.289 -0.057 -0.092  0.314 -0.430 -0.377  0.361  0.554  0.182  0.202 -0.028 -0.145 -0.054  0.024 -0.001  0.038 -0.024 -0.056 -0.222  0.320  0.033 -0.211 -0.183 -0.109 -0.192 -0.176  0.453  0.287 -0.081 -0.111 -0.119  0.077  0.074 -0.319 -0.051 -0.165 -0.150
   0.349  0.041 -0.289  1.000  0.786 -0.568 -0.243  0.208  0.155 -0.299 -0.338  0.313 -0.342  0.191  0.340  0.270 -0.181  0.229 -0.150  0.078  0.003 -0.357  0.288  0.295  0.293  0.205  0.112  0.331  0.268 -0.006 -0.091  0.055  0.253  0.228 -0.094 -0.073  0.220  0.045  0.300  0.245
   0.098  0.079 -0.057  0.786  1.000 -0.872  0.366 -0.050 -0.068 -0.030  0.012  0.120 -0.169  0.185  0.224  0.208 -0.189  0.223 -0.282  0.152 -0.116 -0.338  0.237  0.250  0.177  0.117  0.117  0.174  0.143  0.049  0.029  0.015  0.148  0.099 -0.065 -0.046  0.142  0.128  0.186  0.153
   0.090 -0.002 -0.092 -0.568 -0.872  1.000 -0.607  0.238  0.231  0.036 -0.176 -0.030  0.144 -0.256 -0.173 -0.251  0.189 -0.271  0.221 -0.228  0.167  0.319 -0.286 -0.217 -0.062 -0.032 -0.114 -0.081 -0.063 -0.117 -0.157  0.018 -0.056 -0.025  0.040  0.018 -0.049 -0.223 -0.110 -0.093
  -0.331  0.035  0.314 -0.243  0.366 -0.607  1.000 -0.408 -0.362  0.400  0.582 -0.357  0.230 -0.011 -0.107  0.044  0.005  0.045 -0.115  0.240 -0.281 -0.047  0.010  0.035 -0.078 -0.062  0.086 -0.095 -0.067  0.136  0.307 -0.063 -0.063 -0.095 -0.031 -0.013  0.008  0.266 -0.049 -0.023
   0.452 -0.137 -0.430  0.208 -0.050  0.238 -0.408  1.000  0.966 -0.393 -0.772  0.045 -0.130 -0.112 -0.074 -0.026  0.171 -0.128  0.076 -0.006  0.011 -0.015 -0.045  0.063  0.247  0.198  0.171  0.240  0.210 -0.080 -0.061  0.085  0.177  0.175  0.009  0.004  0.334  0.001  0.220  0.189
   0.391 -0.124 -0.377  0.155 -0.068  0.231 -0.362  0.966  1.000 -0.344 -0.720  0.032 -0.104 -0.106 -0.183 -0.094  0.208 -0.178  0.072 -0.016  0.017 -0.005 -0.047  0.038  0.192  0.155  0.146  0.179  0.155 -0.090 -0.076  0.074  0.131  0.129  0.029  0.018  0.266 -0.010  0.165  0.140
  -0.314  0.329  0.361 -0.299 -0.030  0.036  0.400 -0.393 -0.344  1.000  0.761 -0.371  0.451 -0.272 -0.110 -0.195 -0.143 -0.001  0.119 -0.081 -0.099  0.095 -0.005 -0.182 -0.110 -0.057 -0.006 -0.083 -0.028 -0.028  0.039 -0.035 -0.028 -0.006  0.118  0.066 -0.063 -0.084 -0.045  0.003
  -0.529  0.257  0.554 -0.338  0.012 -0.176  0.582 -0.772 -0.720  0.761  1.000 -0.307  0.348 -0.205 -0.071 -0.105 -0.054 -0.043  0.097  0.098 -0.244  0.106 -0.076 -0.097 -0.047 -0.025  0.040 -0.002  0.034  0.284  0.404 -0.095  0.028  0.032 -0.053 -0.061  0.013  0.098  0.016  0.062
  -0.162  0.190  0.182  0.313  0.120 -0.030 -0.357  0.045  0.032 -0.371 -0.307  1.000 -0.632  0.395  0.121  0.042 -0.131  0.116 -0.305 -0.180  0.352 -0.211  0.255  0.065 -0.006  0.024 -0.012  0.024  0.016  0.277 -0.114  0.037  0.036  0.031  0.080  0.062 -0.240 -0.143  0.052 -0.010
  -0.210 -0.019  0.202 -0.342 -0.169  0.144  0.230 -0.130 -0.104  0.451  0.348 -0.632  1.000 -0.072 -0.229 -0.180  0.162 -0.201  0.145 -0.188  0.087  0.187 -0.188 -0.111 -0.004 -0.006  0.013 -0.020 -0.020  0.116  0.122 -0.011 -0.012 -0.015 -0.015 -0.020 -0.026 -0.198 -0.035 -0.019
   0.047  0.071 -0.028  0.191  0.185 -0.256 -0.011 -0.112 -0.106 -0.272 -0.205  0.395 -0.072  1.000  0.065  0.172 -0.172  0.245 -0.521 -0.250  0.535 -0.171  0.212  0.060  0.075  0.072  0.128  0.075  0.051  0.153 -0.115  0.075  0.054  0.054  0.070  0.065 -0.287 -0.250  0.087  0.049
   0.170 -0.032 -0.145  0.340  0.224 -0.173 -0.107 -0.074 -0.183 -0.110 -0.071  0.121 -0.229  0.065  1.000  0.703 -0.685  0.800 -0.033  0.056 -0.022 -0.098  0.173  0.103  0.114  0.088 -0.046  0.169  0.153 -0.074 -0.067  0.035  0.110  0.124 -0.031  0.004  0.093  0.047  0.151  0.138
   0.102  0.076 -0.054  0.270  0.208 -0.251  0.044 -0.026 -0.094 -0.195 -0.105  0.042 -0.180  0.172  0.703  1.000 -0.246  0.731 -0.028  0.126 -0.053 -0.357  0.426  0.392  0.148  0.098  0.035  0.239  0.209 -0.003  0.042  0.035  0.146  0.162 -0.274 -0.123  0.113  0.133  0.206  0.190
   0.006  0.090  0.024 -0.181 -0.189  0.189  0.005  0.171  0.208 -0.143 -0.054 -0.131  0.162 -0.172 -0.685 -0.246  1.000 -0.822  0.127  0.116 -0.123 -0.143 -0.055  0.308  0.151  0.088  0.156  0.149  0.111  0.210  0.276 -0.022  0.126  0.092 -0.398 -0.286  0.274  0.140  0.093  0.072
  -0.003 -0.007 -0.001  0.229  0.223 -0.271  0.045 -0.128 -0.178 -0.001 -0.043  0.116 -0.201  0.245  0.800  0.731 -0.822  1.000 -0.111 -0.039  0.089 -0.126  0.336 -0.009 -0.101 -0.067 -0.127 -0.055 -0.037 -0.193 -0.232  0.036 -0.075 -0.038  0.171  0.175 -0.227 -0.054 -0.022 -0.011
  -0.059 -0.159  0.038 -0.150 -0.282  0.221 -0.115  0.076  0.072  0.119  0.097 -0.305  0.145 -0.521 -0.033 -0.028  0.127 -0.111  1.000  0.335 -0.466  0.054 -0.053 -0.025 -0.040 -0.179 -0.070  0.038 -0.225 -0.052  0.062 -0.039  0.091 -0.216 -0.036 -0.031  0.144  0.242 -0.037 -0.162
   0.041 -0.009 -0.024  0.078  0.152 -0.228  0.240 -0.006 -0.016 -0.081  0.098 -0.180 -0.188 -0.250  0.056  0.126  0.116 -0.039  0.335  1.000 -0.903 -0.009 -0.044  0.094  0.157 -0.231  0.068  0.188 -0.215  0.036  0.215 -0.039  0.145 -0.201 -0.160 -0.118  0.299  0.663  0.123 -0.133
   0.042 -0.022 -0.056  0.003 -0.116  0.167 -0.281  0.011  0.017 -0.099 -0.244  0.352  0.087  0.535 -0.022 -0.053 -0.123  0.089 -0.466 -0.903  1.000 -0.034  0.086 -0.067 -0.111  0.205 -0.043 -0.129  0.161 -0.009 -0.262  0.066 -0.091  0.150  0.154  0.119 -0.367 -0.617 -0.092  0.108
   0.135 -0.606 -0.222 -0.357 -0.338  0.319 -0.047 -0.015 -0.005  0.095  0.106 -0.211  0.187 -0.171 -0.098 -0.357 -0.143 -0.126  0.054 -0.009 -0.034  1.000 -0.824 -0.585 -0.067 -0.041  0.013 -0.066 -0.064 -0.007  0.078 -0.017 -0.140 -0.159  0.164  0.069  0.049 -0.024 -0.072 -0.064
  -0.267  0.441  0.320  0.288  0.237 -0.286  0.010 -0.045 -0.047 -0.005 -0.076  0.255 -0.188  0.212  0.173  0.426 -0.055  0.336 -0.053 -0.044  0.086 -0.824  1.000  0.295 -0.094 -0.079 -0.105  0.045  0.049 -0.050 -0.183  0.019  0.039  0.085 -0.003  0.058 -0.257 -0.048  0.024  0.017
   0.049  0.300  0.033  0.295  0.250 -0.217  0.035  0.063  0.038 -0.182 -0.097  0.065 -0.111  0.060  0.103  0.392  0.308 -0.009 -0.025  0.094 -0.067 -0.585  0.295  1.000  0.245  0.187  0.095  0.081  0.081  0.123  0.145  0.016 -0.013  0.019 -0.332 -0.208  0.217  0.131  0.134  0.128
   0.320  0.093 -0.211  0.293  0.177 -0.062 -0.078  0.247  0.192 -0.110 -0.047 -0.006 -0.004  0.075  0.114  0.148  0.151 -0.101 -0.040  0.157 -0.111 -0.067 -0.094  0.245  1.000  0.483  0.387  0.700  0.611  0.380  0.464  0.056  0.559  0.516 -0.265 -0.225  0.593  0.149  0.606  0.553
   0.261  0.033 -0.183  0.205  0.117 -0.032 -0.062  0.198  0.155 -0.057 -0.025  0.024 -0.006  0.072  0.088  0.098  0.088 -0.067 -0.179 -0.231  0.205 -0.041 -0.079  0.187  0.483  1.000  0.324  0.532  0.672  0.311  0.393  0.047  0.418  0.565 -0.189 -0.165  0.461 -0.055  0.485  0.583
   0.167  0.013 -0.109  0.112  0.117 -0.114  0.086  0.171  0.146 -0.006  0.040 -0.012  0.013  0.128 -0.046  0.035  0.156 -0.127 -0.070  0.068 -0.043  0.013 -0.105  0.095  0.387  0.324  1.000  0.441  0.416  0.331  0.396  0.032  0.350  0.347 -0.170 -0.147  0.415  0.092  0.422  0.402
   0.307  0.007 -0.192  0.331  0.174 -0.081 -0.095  0.240  0.179 -0.083 -0.002  0.024 -0.020  0.075  0.169  0.239  0.149 -0.055  0.038  0.188 -0.129 -0.066  0.045  0.081  0.700  0.532  0.441  1.000  0.796  0.472  0.561  0.058  0.757  0.676 -0.305 -0.256  0.658  0.184  0.756  0.688
   0.278  0.039 -0.176  0.268  0.143 -0.063 -0.067  0.210  0.155 -0.028  0.034  0.016 -0.020  0.051  0.153  0.209  0.111 -0.037 -0.225 -0.215  0.161 -0.064  0.049  0.081  0.611  0.672  0.416  0.796  1.000  0.422  0.541  0.049  0.624  0.830 -0.276 -0.231  0.607 -0.024  0.689  0.797
