# fitpack15: fit parameters                                                                         
# CJ15 AV18 final data choices                                                                      
# Created on 06/12/2019 at 17:23:30                                                                 

 # QCD setup
  INS                           0
  NVL                          11
  IORD                          1
  Q02                   1.6899999999999999     
  IPARAMC                       7
  FLAVOR                4.0000000000000000     
  xmc                   1.3000000000000000     
  xmb                   4.5000000000000000     
  ncb                          12
  ihq                           1
  ias                           0

 # Theory corrections
  inuke                     10914
  itmc                          1
  iht                           1

 # fit parameters
 LAMBDA       0.22680        0.0000    
 a0uv          2.2176        0.0000    
 a1uv         0.59439       0.20592E-01
 a2uv          3.5347       0.11238E-01
 a3uv          0.0000        0.0000    
 a4uv          3.7644       0.47305    
 a5uv          0.0000        0.0000    
 a0dv          17.293        0.0000    
 a1dv          1.0790       0.29383E-01
 a2dv          6.0383       0.94826E-01
 a3dv         -3.2979       0.83438E-01
 a4dv          4.4289       0.13475    
 a5dv          0.0000        0.0000    
 a0ud         0.14478       0.49469E-02
 a1ud        -0.20875       0.37281E-02
 a2ud          8.2026       0.18835    
 a3ud          0.0000        0.0000    
 a4ud          14.310        1.2040    
 a5ud          0.0000        0.0000    
 a0du          35712.        0.0000    
 a1du          4.0570       0.83864E-01
 a2du          20.188       0.93879    
 a3du          17.000        0.0000    
 a4du          55.529        11.984    
 a0g           43.837        0.0000    
 a1g          0.59629       0.30678E-01
 a2g           6.2220       0.92662    
 a3g          -3.3291       0.13091    
 a4g           3.2119       0.31425    
 a5g           0.0000        0.0000    
 kappa        0.40000        0.0000    
 a6dv          0.0000        0.0000    
 a7dv          0.0000        0.0000    
 off1         -3.8063       0.94062    
 off2         0.25895       0.19064    
 off3         0.15868       0.17564    
 ht1          -3.4043       0.29725    
 ht2           2.0431       0.12451    
 ht3          -2.1000       0.30643E-01
 ht4           0.0000        0.0000    
 dummy41       0.0000        0.0000    
 dummy42       0.0000        0.0000    
 dummy43       0.0000        0.0000    
 dummy44       0.0000        0.0000    
 dummy45       0.0000        0.0000    
 dummy46       0.0000        0.0000    
 dummy47       0.0000        0.0000    
 dummy48       0.0000        0.0000    
 dummy49       0.0000        0.0000    
 bcdmsh2      0.96781       0.48481E-02
 bcdmsd2      0.99037       0.58307E-02
 ccfr          1.0000        0.0000    
 nutev         1.0000        0.0000    
 zeus         0.97998        0.0000    
 h1            1.0162        0.0000    
 e605          1.0319        0.0000    
 NmcH2         1.0049       0.70889E-02
 ntv_nu        1.0000        0.0000    
 ntv_nubar     1.0000        0.0000    
 cdf_jet      0.98910        0.0000    
 d0_jet       0.83504        0.0000    
 slac_p        1.0012       0.48772E-02
 slac_d        1.0029       0.53347E-02
 e866pp       0.96671       0.19237E-01
 e866pd       0.96056       0.15956E-01
 d0_gamjet     1.0375       0.16466E-01
 h1b          0.97608        0.0000    
 jlab_p       0.99237       0.58318E-02
 jlab_d       0.97830       0.59876E-02
 blank         1.0000        0.0000    
 d0run2       0.94992       0.14858E-01
 cdfrun2      0.93602       0.17615E-01
 HERA_el       1.0000        0.0000    
 HERA_ps       1.0000        0.0000    
 CDF_Z        0.95621       0.66096E-02
 NmcRat        1.0000        0.0000    
 BNS_F2nd     0.97862       0.73078E-02
 HERMES_F2p   0.99411       0.56139E-02
 HERMES_F2d   0.97810       0.58544E-02
 END 0. 0.

 # Hessian matrix (Bevington alpha)
   0.49387012011135E+07 -0.12761713671646E+07  0.21957401084246E+06  0.45727622410138E+06 -0.14841266388347E+06  0.98717977059857E+04  0.72127824958133E+05  0.96064191237971E+06 -0.18188269077680E+06 -0.50816583343202E+05  0.78431036263194E+04  0.15204632162027E+05  0.16830997991391E+04 -0.10743395604229E+03  0.82460847548681E+04 -0.21420017114092E+04  0.11101120199479E+05  0.80683016974689E+04 -0.31831675108939E+04 -0.40964391277964E+05 -0.30037826120006E+05 -0.18873801119939E+05 -0.10717221419174E+05 -0.21828974294971E+06 -0.12974399823085E+06 -0.54368841882413E+05 -0.48060895781064E+04 -0.85314575755247E+06 -0.10866494126512E+07 -0.20747068622607E+05 -0.46848836794322E+05 -0.31247298366926E+04 -0.20055598554525E+06 -0.22049300086905E+06 -0.87264815400126E+04 -0.30889578549508E+04 -0.17293691222963E+05  0.17134568529479E+05 -0.72824208521337E+05 -0.56941769595720E+05
  -0.12761713671646E+07  0.40285613158652E+06 -0.58514089958643E+05 -0.12533745763781E+06  0.42524819412546E+05 -0.12519312886656E+04 -0.17675343453186E+05 -0.12727529707454E+06  0.27067261369164E+05  0.78236465134812E+04 -0.98567518922474E+03 -0.11930359733582E+04 -0.13722971805541E+03  0.12964057534088E+02  0.94945417521352E+03 -0.94753067227100E+02  0.43248764458881E+03  0.25484477835670E+03  0.10844588671313E+04  0.11377884281217E+05  0.10148139790388E+05  0.83754116398119E+04  0.93356623883863E+04  0.64265432666835E+05  0.16696970542252E+05  0.81927813701586E+04 -0.22945641157007E+03  0.20951060279857E+06  0.25958859508113E+06  0.57494495204761E+04  0.13161000512385E+05  0.41823945815777E+03  0.63286644543930E+05  0.69171606226800E+05  0.23255367711492E+04  0.73845517482482E+03 -0.21777485692479E+04 -0.23025325881283E+04  0.86267635960866E+04  0.71989712920582E+04
   0.21957401084246E+06 -0.58514089958643E+05  0.98623616930114E+04  0.20400238368032E+05 -0.67789141325089E+04  0.26735883872661E+03  0.31898142367855E+04  0.31738830908252E+05 -0.58492910661415E+04 -0.19751002596849E+04  0.26365450942149E+03  0.45632387261560E+03  0.57924920217483E+02 -0.46042840748294E+01 -0.38222807782620E+03 -0.27915523187687E+01 -0.19976585380651E+03 -0.30659573226915E+02 -0.14668974562292E+03 -0.18546661354492E+04 -0.14051620403057E+04 -0.92581496880987E+03 -0.70979362100889E+03 -0.99482603951544E+04 -0.53171546324967E+04 -0.22413961559329E+04  0.40473279421277E+02 -0.36990705574935E+05 -0.47352672303434E+05 -0.94032614720064E+03 -0.21339269204113E+04 -0.11314243657395E+03 -0.92940644843489E+04 -0.10206110927312E+05 -0.38905612442356E+03 -0.13564102874938E+03 -0.19767773826944E+02  0.70760107409510E+03 -0.24888001174534E+04 -0.19994736669611E+04
   0.45727622410138E+06 -0.12533745763781E+06  0.20400238368032E+05  0.39944574383350E+06 -0.68635860765242E+05  0.79652344805990E+05  0.67099756408153E+05  0.36833197928100E+06 -0.29610472478659E+05 -0.18993248506217E+05  0.35450682271200E+04 -0.14919920732941E+04 -0.15846418274868E+03  0.56198171849621E+02  0.32215665549151E+05 -0.40558968902634E+04  0.29144626939676E+05  0.16404411065640E+05 -0.64189015819332E+03 -0.12426688379918E+05 -0.77978773759573E+04 -0.14144129079143E+04  0.19515328061447E+04 -0.37940230373139E+05 -0.12952519328924E+05 -0.21355065139281E+05 -0.14503020708833E+03 -0.65648899386875E+05 -0.33928944254152E+06 -0.13480099355068E+04 -0.24359174313212E+04 -0.67435887853567E+02 -0.11639443303558E+05 -0.51682735796345E+05 -0.23724335514063E+04 -0.93016765002288E+03 -0.10778926647841E+05 -0.16030596455261E+05 -0.74351901231639E+04 -0.21938300843421E+05
  -0.14841266388347E+06  0.42524819412546E+05 -0.67789141325089E+04 -0.68635860765242E+05  0.15113195037940E+05 -0.97689798572881E+04 -0.11178225339632E+05 -0.35753239851584E+05  0.66383592210395E+03  0.26380505134574E+04 -0.37495663536289E+03 -0.41108201224592E+02  0.41659351007697E+01 -0.51242588880491E+01 -0.28189073172331E+04  0.36141549036210E+03 -0.24910903325889E+04 -0.14206611099132E+04  0.20116999879194E+03  0.30812324434533E+04  0.23962982448065E+04  0.81961317919594E+03  0.68926925429047E+03  0.10043271590166E+05  0.20703993747127E+04  0.35635983359251E+04 -0.56111073423288E+02  0.13724572714788E+05  0.71667838009597E+05  0.38495077465134E+03  0.67519394545699E+03  0.90010424459261E+01  0.36414327310738E+04  0.15951636747420E+05  0.53642219437192E+03  0.19394085138286E+03  0.33191992361094E+03  0.25795604172843E+04  0.88343773186285E+03  0.27242707270348E+04
   0.98717977059857E+04 -0.12519312886656E+04  0.26735883872661E+03  0.79652344805990E+05 -0.97689798572881E+04  0.21007694667203E+05  0.14031773382728E+05  0.99479013270377E+05 -0.87106732844859E+04 -0.45090114588265E+04  0.95204172607263E+03 -0.59717765576949E+03 -0.57838248875961E+02  0.16916175296389E+02  0.88117461684967E+04 -0.11372444804194E+04  0.80832509255068E+04  0.46119877819797E+04 -0.22226804863416E+02 -0.14115898533782E+04 -0.41082726997750E+03  0.37056571301381E+03  0.16644487272438E+04 -0.33062083280997E+04 -0.28192455842127E+04 -0.43836311476422E+04  0.11992444512309E+03 -0.10465286173958E+05 -0.51839452869237E+05 -0.79898544738196E+02 -0.16832642282491E+03 -0.17292993922583E+02 -0.40109743411699E+03 -0.19701074091776E+04 -0.33399043417674E+03 -0.15153128401518E+03 -0.28335963206762E+04 -0.34869170962637E+04 -0.17805650447427E+04 -0.51401282964549E+04
   0.72127824958133E+05 -0.17675343453186E+05  0.31898142367855E+04  0.67099756408153E+05 -0.11178225339632E+05  0.14031773382728E+05  0.11676189284169E+05  0.57288464930367E+05 -0.30107207974898E+04 -0.32948862680144E+04  0.57617534672874E+03 -0.18577842521117E+03 -0.23459362935495E+02  0.91532744639120E+01  0.46894182439154E+04 -0.61577777035490E+03  0.41882010882143E+04  0.24213283471951E+04 -0.84747598971982E+02 -0.20415383803327E+04 -0.12111911186683E+04 -0.61415363094971E+02  0.67620575129488E+03 -0.57677981912920E+04 -0.24642857598039E+04 -0.39134411572628E+04  0.11779997839168E+03 -0.11001500781280E+05 -0.57120488759471E+05 -0.20877096724047E+03 -0.36575270724217E+03 -0.12164326705196E+02 -0.15395248646280E+04 -0.69248606543904E+04 -0.39972920028185E+03 -0.16181515248639E+03 -0.12200518752833E+04 -0.31604669539951E+04 -0.11333649016080E+04 -0.33851944023357E+04
   0.96064191237971E+06 -0.12727529707454E+06  0.31738830908252E+05  0.36833197928100E+06 -0.35753239851584E+05  0.99479013270377E+05  0.57288464930367E+05  0.50880105726154E+07 -0.23312521437852E+07 -0.87247250650599E+05  0.26562411186481E+05  0.25742337436888E+05  0.17310734207966E+04  0.95226808140890E+02  0.83723552638949E+05 -0.11030780236941E+05  0.87746449043960E+05  0.47527579954516E+05 -0.53136714176519E+03 -0.24834448849864E+03  0.16062472611262E+05  0.60216190787790E+04  0.30720401526843E+05 -0.28354247889854E+05 -0.62611309828662E+05 -0.49849972893851E+05 -0.67941658419833E+05 -0.29133292875701E+06 -0.57517374371070E+06 -0.73282461217681E+05 -0.16404282023526E+06 -0.13403164780930E+04 -0.62577929302117E+04 -0.12219126870100E+05  0.33951794082835E+03  0.29243449673520E+03 -0.26684141837956E+06 -0.89582804617398E+04 -0.13994836984423E+06 -0.17295290507048E+06
  -0.18188269077680E+06  0.27067261369164E+05 -0.58492910661415E+04 -0.29610472478659E+05  0.66383592210395E+03 -0.87106732844859E+04 -0.30107207974898E+04 -0.23312521437852E+07  0.19208894621502E+07  0.19146407250947E+05 -0.65921957084016E+04 -0.54627609526447E+04 -0.30237157122532E+03 -0.12843457060021E+02  0.50882113609386E+05 -0.25339879937833E+04  0.18083119272662E+05  0.89012572628951E+04  0.15277746091137E+03 -0.18179650829911E+04 -0.60692004657353E+04 -0.14459633404694E+04 -0.75787409308168E+04  0.44747520592546E+04  0.11627598288429E+05  0.10899502414431E+05  0.24280262319571E+05  0.66842792224293E+05  0.12765014860635E+06  0.23024372848449E+05  0.51657374968708E+05  0.17491698646297E+03  0.68313231850556E+03  0.13688717147726E+04 -0.12930150002469E+04 -0.71092858072235E+03  0.11221602824055E+06  0.16287271863608E+04  0.44559084396342E+05  0.54517642919573E+05
  -0.50816583343202E+05  0.78236465134812E+04 -0.19751002596849E+04 -0.18993248506217E+05  0.26380505134574E+04 -0.45090114588265E+04 -0.32948862680144E+04 -0.87247250650599E+05  0.19146407250947E+05  0.27085287941010E+04 -0.65731752561614E+03 -0.66059316614690E+03 -0.57937383729326E+02 -0.17800061537002E+01 -0.40696248863456E+04  0.51462446987658E+03 -0.37247702100703E+04 -0.21136283872716E+04  0.21157348813266E+02  0.43798285962061E+03 -0.77775106395709E+02 -0.17195257599922E+03 -0.92693987315586E+03  0.18366001887501E+04  0.28140256045563E+04  0.19349828909816E+04  0.72969784075840E+03  0.11313387708699E+05  0.23580344022456E+05  0.15443744148557E+04  0.33845646268261E+04  0.43277557564309E+02  0.62299716604637E+03  0.11758820672282E+04  0.13030726907128E+03  0.57814843853901E+02  0.31279667256653E+04  0.45469317655773E+03  0.28341686645125E+04  0.35910083118585E+04
   0.78431036263194E+04 -0.98567518922474E+03  0.26365450942149E+03  0.35450682271200E+04 -0.37495663536289E+03  0.95204172607263E+03  0.57617534672874E+03  0.26562411186481E+05 -0.65921957084016E+04 -0.65731752561614E+03  0.18610484517595E+03  0.19664755294960E+03  0.14332378778286E+02  0.69044717373088E+00  0.12960832189814E+04 -0.14853135087632E+03  0.11413462594485E+04  0.62319075369671E+03 -0.34012516409434E+01 -0.28373714974513E+02  0.85362104989689E+02  0.44433095288377E+02  0.22258101757418E+03 -0.23529011105303E+03 -0.50549515579620E+03 -0.37782806289244E+03 -0.34524620263438E+03 -0.21637438909604E+04 -0.43277282972744E+04 -0.44920084690942E+03 -0.10054522948378E+04 -0.11310345959204E+02 -0.54496291591567E+02 -0.10622882514312E+03 -0.14084631912211E+02 -0.66348019582785E+01 -0.11791127144797E+04 -0.72323028942999E+02 -0.85515884638929E+03 -0.10653287120320E+04
   0.15204632162027E+05 -0.11930359733582E+04  0.45632387261560E+03 -0.14919920732941E+04 -0.41108201224592E+02 -0.59717765576949E+03 -0.18577842521117E+03  0.25742337436888E+05 -0.54627609526447E+04 -0.66059316614690E+03  0.19664755294960E+03  0.15992742662592E+04  0.10543374940399E+03 -0.11548256421360E+01  0.14097190194145E+04 -0.20207718631082E+03  0.15791043330755E+04  0.90721553193680E+03  0.45096054131252E+00 -0.73187418840122E+02 -0.18201277544992E+03  0.43885853728702E+02  0.23808712386075E+03 -0.51767201925922E+02 -0.11333112977695E+04 -0.12475288388581E-10 -0.70326860000027E+03 -0.50032687434325E+04 -0.22349389381624E-09 -0.23286902026257E+04 -0.72043537630618E+02 -0.78126262657439E+02 -0.21734417628822E+00 -0.13341750952608E-09 -0.17006293212969E+01 -0.72962304838884E+00  0.26768267635642E+03  0.31331336888975E+03 -0.27002099059427E+04  0.24633906545763E-10
   0.16830997991391E+04 -0.13722971805541E+03  0.57924920217483E+02 -0.15846418274868E+03  0.41659351007697E+01 -0.57838248875961E+02 -0.23459362935495E+02  0.17310734207966E+04 -0.30237157122532E+03 -0.57937383729326E+02  0.14332378778286E+02  0.10543374940399E+03  0.93811585589004E+01 -0.16917520958567E+00  0.78663231752618E+02 -0.13578030486339E+02  0.95564417406202E+02  0.59492381916522E+02 -0.18814257724376E+00 -0.30990845334726E+00 -0.65094309234642E+01  0.55998326958421E+01  0.26875554756658E+02 -0.10171961101784E+02 -0.16282520898457E+03  0.15651963059049E-11 -0.27502638402574E+02 -0.57810069752663E+03 -0.16319251080339E-10 -0.14546654210935E+03 -0.18052452634443E+02 -0.62542355986235E+01 -0.13993549779327E+00 -0.57770477056308E-12 -0.17675703313868E+00 -0.68893525698646E-01  0.27077735478695E+02  0.67495138462168E+02 -0.19336933085703E+03  0.86560540837259E-11
  -0.10743395604229E+03  0.12964057534088E+02 -0.46042840748294E+01  0.56198171849621E+02 -0.51242588880491E+01  0.16916175296389E+02  0.91532744639120E+01  0.95226808140890E+02 -0.12843457060021E+02 -0.17800061537002E+01  0.69044717373088E+00 -0.11548256421360E+01 -0.16917520958567E+00  0.49456276937180E-01  0.14225252222956E+02 -0.11194474058138E+01  0.92930329753773E+01  0.44054774660884E+01  0.67921333487562E-01 -0.15104988309291E+01 -0.19137910822452E+01 -0.57221247956558E-02  0.30657986482309E-03  0.12806874606004E-01  0.69768302089834E-01  0.28176006409506E-12 -0.59631094533791E+01 -0.73751589224018E+00 -0.58556626662995E-11 -0.31876010644757E+01 -0.13131745347211E-04 -0.13580864465905E+00 -0.28743915568619E-13 -0.22149683009513E-13 -0.16137516876177E-02 -0.88676206677040E-03 -0.16756843916274E+01  0.35246950245284E-04 -0.30484593033944E+01  0.10279864721762E-11
   0.82460847548681E+04  0.94945417521352E+03 -0.38222807782620E+03  0.32215665549151E+05 -0.28189073172331E+04  0.88117461684967E+04  0.46894182439154E+04  0.83723552638949E+05  0.50882113609386E+05 -0.40696248863456E+04  0.12960832189814E+04  0.14097190194145E+04  0.78663231752618E+02  0.14225252222956E+02  0.50372164148549E+05 -0.48288816208483E+04  0.37629449564330E+05  0.19735908984496E+05  0.11102812264654E+01  0.23035194585326E+03  0.27571447700768E+03 -0.23745690964861E+02 -0.14081833472450E+03  0.69912150003257E+03 -0.28671882213453E+04 -0.18644326003450E+04 -0.25016748568223E+04  0.19480504087478E+04  0.42935552287489E+04 -0.15386487343430E+04 -0.30230270544737E+04 -0.73447566623146E+03  0.29969574328745E+03  0.53257965893585E+03 -0.29679942099114E+04 -0.15605353501333E+04 -0.22383490233788E+04  0.19648949493420E+03 -0.95318253340492E+03 -0.10701073167495E+04
  -0.21420017114092E+04 -0.94753067227100E+02 -0.27915523187687E+01 -0.40558968902634E+04  0.36141549036210E+03 -0.11372444804194E+04 -0.61577777035490E+03 -0.11030780236941E+05 -0.25339879937833E+04  0.51462446987658E+03 -0.14853135087632E+03 -0.20207718631082E+03 -0.13578030486339E+02 -0.11194474058138E+01 -0.48288816208483E+04  0.54142214490507E+03 -0.41274068003827E+04 -0.22526727062929E+04 -0.83300392946422E+00 -0.35011618815847E+02 -0.47745790505477E+02 -0.53156006388577E+01 -0.10793600978655E+02 -0.15098291538825E+03  0.54867561475550E+03  0.34163922259023E+03  0.29249773835671E+03 -0.14545015908726E+03 -0.48123222064596E+03  0.16471655279253E+03  0.32194681536321E+03  0.83667294085434E+02 -0.82965453336637E+02 -0.14553374694728E+03  0.47315477774276E+03  0.23059252331728E+03 -0.35551418273272E+03 -0.35584362036088E+02  0.26977202073734E+03  0.30192869292729E+03
   0.11101120199479E+05  0.43248764458881E+03 -0.19976585380651E+03  0.29144626939676E+05 -0.24910903325889E+04  0.80832509255068E+04  0.41882010882143E+04  0.87746449043960E+05  0.18083119272662E+05 -0.37247702100703E+04  0.11413462594485E+04  0.15791043330755E+04  0.95564417406202E+02  0.92930329753773E+01  0.37629449564330E+05 -0.41274068003827E+04  0.32115490431142E+05  0.17326724337240E+05 -0.15642274501436E+01  0.26014139191085E+03  0.30148907966908E+03 -0.72038318836435E+02 -0.24296265724690E+03  0.58936686535801E+03 -0.29496775238957E+04 -0.18804576972651E+04 -0.25852702615202E+04  0.21962652865344E+04  0.48133990647052E+04 -0.13240364420639E+04 -0.26132381558623E+04 -0.64417655715773E+03  0.10086158824848E+03  0.19567837058901E+03 -0.28185028350772E+04 -0.15044924127980E+04  0.15949706207742E+04  0.25433514663216E+03 -0.18222572064458E+04 -0.20186975403859E+04
   0.80683016974689E+04  0.25484477835670E+03 -0.30659573226915E+02  0.16404411065640E+05 -0.14206611099132E+04  0.46119877819797E+04  0.24213283471951E+04  0.47527579954516E+05  0.89012572628951E+04 -0.21136283872716E+04  0.62319075369671E+03  0.90721553193680E+03  0.59492381916522E+02  0.44054774660884E+01  0.19735908984496E+05 -0.22526727062929E+04  0.17326724337240E+05  0.94744002711542E+04  0.74301145128141E+00  0.15674104615112E+03  0.19314096008315E+03 -0.24280338759042E+02 -0.75272473806957E+02  0.46950380560599E+03 -0.20637915237683E+04 -0.12828686407748E+04 -0.12972879721399E+04  0.10024754216379E+04  0.26087510573406E+04 -0.67457253119344E+03 -0.13313469928621E+04 -0.35577511533514E+03  0.13724076837607E+03  0.25252320345847E+03 -0.18264421643240E+04 -0.93468481396062E+03  0.16441346170596E+04  0.17483469071910E+03 -0.12497943263062E+04 -0.13864568057850E+04
  -0.31831675108939E+04  0.10844588671313E+04 -0.14668974562292E+03 -0.64189015819332E+03  0.20116999879194E+03 -0.22226804863416E+02 -0.84747598971982E+02 -0.53136714176519E+03  0.15277746091137E+03  0.21157348813266E+02 -0.34012516409434E+01  0.45096054131252E+00 -0.18814257724376E+00  0.67921333487562E-01  0.11102812264654E+01 -0.83300392946422E+00 -0.15642274501436E+01  0.74301145128141E+00  0.72332832480687E+01  0.57358646859885E+02  0.52431704333444E+02  0.27280840296379E+02  0.31274517108642E+02  0.19650769622478E+03  0.00000000000000E+00  0.22751137351312E+02  0.00000000000000E+00  0.00000000000000E+00  0.14079281232608E+04  0.00000000000000E+00  0.22656532478785E+02  0.00000000000000E+00  0.00000000000000E+00  0.40504195251509E+03  0.00000000000000E+00  0.00000000000000E+00  0.00000000000000E+00 -0.18491448934653E+02  0.00000000000000E+00  0.60724794330566E+02
  -0.40964391277964E+05  0.11377884281217E+05 -0.18546661354492E+04 -0.12426688379918E+05  0.30812324434533E+04 -0.14115898533782E+04 -0.20415383803327E+04 -0.24834448849864E+03 -0.18179650829911E+04  0.43798285962061E+03 -0.28373714974513E+02 -0.73187418840122E+02 -0.30990845334726E+00 -0.15104988309291E+01  0.23035194585326E+03 -0.35011618815847E+02  0.26014139191085E+03  0.15674104615112E+03  0.57358646859885E+02  0.12214980916393E+04  0.10662490352481E+04  0.20218335242276E+03  0.14707463616094E+03  0.25668800009759E+04  0.00000000000000E+00  0.93237363654964E+03  0.00000000000000E+00  0.00000000000000E+00  0.22543904407599E+05  0.00000000000000E+00 -0.55951963336401E+03  0.00000000000000E+00  0.00000000000000E+00  0.45841754078844E+04  0.00000000000000E+00  0.00000000000000E+00  0.00000000000000E+00 -0.86722873916917E+03  0.00000000000000E+00  0.36719278991843E+03
  -0.30037826120006E+05  0.10148139790388E+05 -0.14051620403057E+04 -0.77978773759573E+04  0.23962982448065E+04 -0.41082726997750E+03 -0.12111911186683E+04  0.16062472611262E+05 -0.60692004657353E+04 -0.77775106395709E+02  0.85362104989689E+02 -0.18201277544992E+03 -0.65094309234642E+01 -0.19137910822452E+01  0.27571447700768E+03 -0.47745790505477E+02  0.30148907966908E+03  0.19314096008315E+03  0.52431704333444E+02  0.10662490352481E+04  0.12101230139237E+04  0.27573428222162E+03  0.41513857688175E+03  0.20765508020115E+04  0.00000000000000E+00 -0.75787736439007E+02  0.00000000000000E+00  0.00000000000000E+00  0.12804564857747E+05  0.00000000000000E+00 -0.10374410433348E+04  0.00000000000000E+00  0.00000000000000E+00  0.41925057167071E+04  0.00000000000000E+00  0.00000000000000E+00  0.00000000000000E+00 -0.26492901629948E+03  0.00000000000000E+00 -0.11337753916315E+04
  -0.18873801119939E+05  0.83754116398119E+04 -0.92581496880987E+03 -0.14144129079143E+04  0.81961317919594E+03  0.37056571301381E+03 -0.61415363094971E+02  0.60216190787790E+04 -0.14459633404694E+04 -0.17195257599922E+03  0.44433095288377E+02  0.43885853728702E+02  0.55998326958421E+01 -0.57221247956558E-02 -0.23745690964861E+02 -0.53156006388577E+01 -0.72038318836435E+02 -0.24280338759042E+02  0.27280840296379E+02  0.20218335242276E+03  0.27573428222162E+03  0.36045364250135E+03  0.62027597128272E+03  0.15643631262295E+04 -0.44550178658524E+02 -0.25046665206149E+02  0.39163087785253E+01  0.10610828543129E+04  0.79281479672775E+03  0.00000000000000E+00  0.00000000000000E+00  0.00000000000000E+00  0.23182094122430E+04  0.28647216549417E+04  0.00000000000000E+00  0.00000000000000E+00  0.00000000000000E+00 -0.25807037626594E+02 -0.30982789541528E+03 -0.32188868207105E+03
  -0.10717221419174E+05  0.93356623883863E+04 -0.70979362100889E+03  0.19515328061447E+04  0.68926925429047E+03  0.16644487272438E+04  0.67620575129488E+03  0.30720401526843E+05 -0.75787409308168E+04 -0.92693987315586E+03  0.22258101757418E+03  0.23808712386075E+03  0.26875554756658E+02  0.30657986482309E-03 -0.14081833472450E+03 -0.10793600978655E+02 -0.24296265724690E+03 -0.75272473806957E+02  0.31274517108642E+02  0.14707463616094E+03  0.41513857688175E+03  0.62027597128272E+03  0.15055180517083E+04  0.16132706645551E+04 -0.13933126284089E+03 -0.92028766749193E+02 -0.23868743021270E+02 -0.47586825171560E+04 -0.85177823579277E+04  0.00000000000000E+00  0.00000000000000E+00  0.00000000000000E+00  0.33126677490438E+04  0.39878867677904E+04  0.00000000000000E+00  0.00000000000000E+00  0.00000000000000E+00 -0.39710650288616E+02 -0.17424700911606E+04 -0.17979887130794E+04
  -0.21828974294971E+06  0.64265432666835E+05 -0.99482603951544E+04 -0.37940230373139E+05  0.10043271590166E+05 -0.33062083280997E+04 -0.57677981912920E+04 -0.28354247889854E+05  0.44747520592546E+04  0.18366001887501E+04 -0.23529011105303E+03 -0.51767201925922E+02 -0.10171961101784E+02  0.12806874606004E-01  0.69912150003257E+03 -0.15098291538825E+03  0.58936686535801E+03  0.46950380560599E+03  0.19650769622478E+03  0.25668800009759E+04  0.20765508020115E+04  0.15643631262295E+04  0.16132706645551E+04  0.15552913521306E+05  0.23551474587605E+03  0.12319593912034E+03 -0.50640581536890E+01  0.36465574736107E+05  0.59056305795167E+05  0.00000000000000E+00  0.00000000000000E+00  0.00000000000000E+00  0.15739082087603E+05  0.19752846712802E+05  0.00000000000000E+00  0.00000000000000E+00  0.00000000000000E+00 -0.81548663152844E+02  0.14639229665369E+04  0.14960292033512E+04
  -0.12974399823085E+06  0.16696970542252E+05 -0.53171546324967E+04 -0.12952519328924E+05  0.20703993747127E+04 -0.28192455842127E+04 -0.24642857598039E+04 -0.62611309828662E+05  0.11627598288429E+05  0.28140256045563E+04 -0.50549515579620E+03 -0.11333112977695E+04 -0.16282520898457E+03  0.69768302089834E-01 -0.28671882213453E+04  0.54867561475550E+03 -0.29496775238957E+04 -0.20637915237683E+04  0.00000000000000E+00  0.00000000000000E+00  0.00000000000000E+00 -0.44550178658524E+02 -0.13933126284089E+03  0.23551474587605E+03  0.11748938542464E+06  0.00000000000000E+00  0.00000000000000E+00  0.00000000000000E+00  0.00000000000000E+00  0.00000000000000E+00  0.00000000000000E+00  0.00000000000000E+00  0.00000000000000E+00  0.00000000000000E+00  0.00000000000000E+00  0.00000000000000E+00  0.00000000000000E+00  0.00000000000000E+00  0.00000000000000E+00  0.00000000000000E+00
  -0.54368841882413E+05  0.81927813701586E+04 -0.22413961559329E+04 -0.21355065139281E+05  0.35635983359251E+04 -0.43836311476422E+04 -0.39134411572628E+04 -0.49849972893851E+05  0.10899502414431E+05  0.19349828909816E+04 -0.37782806289244E+03 -0.12475288388581E-10  0.15651963059049E-11  0.28176006409506E-12 -0.18644326003450E+04  0.34163922259023E+03 -0.18804576972651E+04 -0.12828686407748E+04  0.22751137351312E+02  0.93237363654964E+03 -0.75787736439007E+02 -0.25046665206149E+02 -0.92028766749193E+02  0.12319593912034E+03  0.00000000000000E+00  0.64916345582517E+05  0.00000000000000E+00  0.00000000000000E+00  0.00000000000000E+00  0.00000000000000E+00  0.00000000000000E+00  0.00000000000000E+00  0.00000000000000E+00  0.00000000000000E+00  0.00000000000000E+00  0.00000000000000E+00  0.00000000000000E+00  0.00000000000000E+00  0.00000000000000E+00  0.00000000000000E+00
  -0.48060895781064E+04 -0.22945641157007E+03  0.40473279421277E+02 -0.14503020708833E+03 -0.56111073423288E+02  0.11992444512309E+03  0.11779997839168E+03 -0.67941658419833E+05  0.24280262319571E+05  0.72969784075840E+03 -0.34524620263438E+03 -0.70326860000027E+03 -0.27502638402574E+02 -0.59631094533791E+01 -0.25016748568223E+04  0.29249773835671E+03 -0.25852702615202E+04 -0.12972879721399E+04  0.00000000000000E+00  0.00000000000000E+00  0.00000000000000E+00  0.39163087785253E+01 -0.23868743021270E+02 -0.50640581536890E+01  0.00000000000000E+00  0.00000000000000E+00  0.30886379692257E+05  0.00000000000000E+00  0.00000000000000E+00  0.00000000000000E+00  0.00000000000000E+00  0.00000000000000E+00  0.00000000000000E+00  0.00000000000000E+00  0.00000000000000E+00  0.00000000000000E+00  0.00000000000000E+00  0.00000000000000E+00  0.00000000000000E+00  0.00000000000000E+00
  -0.85314575755247E+06  0.20951060279857E+06 -0.36990705574935E+05 -0.65648899386875E+05  0.13724572714788E+05 -0.10465286173958E+05 -0.11001500781280E+05 -0.29133292875701E+06  0.66842792224293E+05  0.11313387708699E+05 -0.21637438909604E+04 -0.50032687434325E+04 -0.57810069752663E+03 -0.73751589224018E+00  0.19480504087478E+04 -0.14545015908726E+03  0.21962652865344E+04  0.10024754216379E+04  0.00000000000000E+00  0.00000000000000E+00  0.00000000000000E+00  0.10610828543129E+04 -0.47586825171560E+04  0.36465574736107E+05  0.00000000000000E+00  0.00000000000000E+00  0.00000000000000E+00  0.58166999878342E+06  0.00000000000000E+00  0.00000000000000E+00  0.00000000000000E+00  0.00000000000000E+00  0.00000000000000E+00  0.00000000000000E+00  0.00000000000000E+00  0.00000000000000E+00  0.00000000000000E+00  0.00000000000000E+00  0.00000000000000E+00  0.00000000000000E+00
  -0.10866494126512E+07  0.25958859508113E+06 -0.47352672303434E+05 -0.33928944254152E+06  0.71667838009597E+05 -0.51839452869237E+05 -0.57120488759471E+05 -0.57517374371070E+06  0.12765014860635E+06  0.23580344022456E+05 -0.43277282972744E+04 -0.22349389381624E-09 -0.16319251080339E-10 -0.58556626662995E-11  0.42935552287489E+04 -0.48123222064596E+03  0.48133990647052E+04  0.26087510573406E+04  0.14079281232608E+04  0.22543904407599E+05  0.12804564857747E+05  0.79281479672775E+03 -0.85177823579277E+04  0.59056305795167E+05  0.00000000000000E+00  0.00000000000000E+00  0.00000000000000E+00  0.00000000000000E+00  0.92023672428453E+06  0.00000000000000E+00  0.00000000000000E+00  0.00000000000000E+00  0.00000000000000E+00  0.00000000000000E+00  0.00000000000000E+00  0.00000000000000E+00  0.00000000000000E+00  0.00000000000000E+00  0.00000000000000E+00  0.00000000000000E+00
  -0.20747068622607E+05  0.57494495204761E+04 -0.94032614720064E+03 -0.13480099355068E+04  0.38495077465134E+03 -0.79898544738196E+02 -0.20877096724047E+03 -0.73282461217681E+05  0.23024372848449E+05  0.15443744148557E+04 -0.44920084690942E+03 -0.23286902026257E+04 -0.14546654210935E+03 -0.31876010644757E+01 -0.15386487343430E+04  0.16471655279253E+03 -0.13240364420639E+04 -0.67457253119344E+03  0.00000000000000E+00  0.00000000000000E+00  0.00000000000000E+00  0.00000000000000E+00  0.00000000000000E+00  0.00000000000000E+00  0.00000000000000E+00  0.00000000000000E+00  0.00000000000000E+00  0.00000000000000E+00  0.00000000000000E+00  0.14735231078871E+05  0.00000000000000E+00  0.00000000000000E+00  0.00000000000000E+00  0.00000000000000E+00  0.00000000000000E+00  0.00000000000000E+00  0.00000000000000E+00  0.00000000000000E+00  0.00000000000000E+00  0.00000000000000E+00
  -0.46848836794322E+05  0.13161000512385E+05 -0.21339269204113E+04 -0.24359174313212E+04  0.67519394545699E+03 -0.16832642282491E+03 -0.36575270724217E+03 -0.16404282023526E+06  0.51657374968708E+05  0.33845646268261E+04 -0.10054522948378E+04 -0.72043537630618E+02 -0.18052452634443E+02 -0.13131745347211E-04 -0.30230270544737E+04  0.32194681536321E+03 -0.26132381558623E+04 -0.13313469928621E+04  0.22656532478785E+02 -0.55951963336401E+03 -0.10374410433348E+04  0.00000000000000E+00  0.00000000000000E+00  0.00000000000000E+00  0.00000000000000E+00  0.00000000000000E+00  0.00000000000000E+00  0.00000000000000E+00  0.00000000000000E+00  0.00000000000000E+00  0.31967482231318E+05  0.00000000000000E+00  0.00000000000000E+00  0.00000000000000E+00  0.00000000000000E+00  0.00000000000000E+00  0.00000000000000E+00  0.00000000000000E+00  0.00000000000000E+00  0.00000000000000E+00
  -0.31247298366926E+04  0.41823945815777E+03 -0.11314243657395E+03 -0.67435887853567E+02  0.90010424459261E+01 -0.17292993922583E+02 -0.12164326705196E+02 -0.13403164780930E+04  0.17491698646297E+03  0.43277557564309E+02 -0.11310345959204E+02 -0.78126262657439E+02 -0.62542355986235E+01 -0.13580864465905E+00 -0.73447566623146E+03  0.83667294085434E+02 -0.64417655715773E+03 -0.35577511533514E+03  0.00000000000000E+00  0.00000000000000E+00  0.00000000000000E+00  0.00000000000000E+00  0.00000000000000E+00  0.00000000000000E+00  0.00000000000000E+00  0.00000000000000E+00  0.00000000000000E+00  0.00000000000000E+00  0.00000000000000E+00  0.00000000000000E+00  0.00000000000000E+00  0.37937683480947E+04  0.00000000000000E+00  0.00000000000000E+00  0.00000000000000E+00  0.00000000000000E+00  0.00000000000000E+00  0.00000000000000E+00  0.00000000000000E+00  0.00000000000000E+00
  -0.20055598554525E+06  0.63286644543930E+05 -0.92940644843489E+04 -0.11639443303558E+05  0.36414327310738E+04 -0.40109743411699E+03 -0.15395248646280E+04 -0.62577929302117E+04  0.68313231850556E+03  0.62299716604637E+03 -0.54496291591567E+02 -0.21734417628822E+00 -0.13993549779327E+00 -0.28743915568619E-13  0.29969574328745E+03 -0.82965453336637E+02  0.10086158824848E+03  0.13724076837607E+03  0.00000000000000E+00  0.00000000000000E+00  0.00000000000000E+00  0.23182094122430E+04  0.33126677490438E+04  0.15739082087603E+05  0.00000000000000E+00  0.00000000000000E+00  0.00000000000000E+00  0.00000000000000E+00  0.00000000000000E+00  0.00000000000000E+00  0.00000000000000E+00  0.00000000000000E+00  0.10591903577365E+06  0.00000000000000E+00  0.00000000000000E+00  0.00000000000000E+00  0.00000000000000E+00  0.00000000000000E+00  0.00000000000000E+00  0.00000000000000E+00
  -0.22049300086905E+06  0.69171606226800E+05 -0.10206110927312E+05 -0.51682735796345E+05  0.15951636747420E+05 -0.19701074091776E+04 -0.69248606543904E+04 -0.12219126870100E+05  0.13688717147726E+04  0.11758820672282E+04 -0.10622882514312E+03 -0.13341750952608E-09 -0.57770477056308E-12 -0.22149683009513E-13  0.53257965893585E+03 -0.14553374694728E+03  0.19567837058901E+03  0.25252320345847E+03  0.40504195251509E+03  0.45841754078844E+04  0.41925057167071E+04  0.28647216549417E+04  0.39878867677904E+04  0.19752846712802E+05  0.00000000000000E+00  0.00000000000000E+00  0.00000000000000E+00  0.00000000000000E+00  0.00000000000000E+00  0.00000000000000E+00  0.00000000000000E+00  0.00000000000000E+00  0.00000000000000E+00  0.13805859441937E+06  0.00000000000000E+00  0.00000000000000E+00  0.00000000000000E+00  0.00000000000000E+00  0.00000000000000E+00  0.00000000000000E+00
  -0.87264815400126E+04  0.23255367711492E+04 -0.38905612442356E+03 -0.23724335514063E+04  0.53642219437192E+03 -0.33399043417674E+03 -0.39972920028185E+03  0.33951794082835E+03 -0.12930150002469E+04  0.13030726907128E+03 -0.14084631912211E+02 -0.17006293212969E+01 -0.17675703313868E+00 -0.16137516876177E-02 -0.29679942099114E+04  0.47315477774276E+03 -0.28185028350772E+04 -0.18264421643240E+04  0.00000000000000E+00  0.00000000000000E+00  0.00000000000000E+00  0.00000000000000E+00  0.00000000000000E+00  0.00000000000000E+00  0.00000000000000E+00  0.00000000000000E+00  0.00000000000000E+00  0.00000000000000E+00  0.00000000000000E+00  0.00000000000000E+00  0.00000000000000E+00  0.00000000000000E+00  0.00000000000000E+00  0.00000000000000E+00  0.81617763201466E+04  0.00000000000000E+00  0.00000000000000E+00  0.00000000000000E+00  0.00000000000000E+00  0.00000000000000E+00
  -0.30889578549508E+04  0.73845517482482E+03 -0.13564102874938E+03 -0.93016765002288E+03  0.19394085138286E+03 -0.15153128401518E+03 -0.16181515248639E+03  0.29243449673520E+03 -0.71092858072235E+03  0.57814843853901E+02 -0.66348019582785E+01 -0.72962304838884E+00 -0.68893525698646E-01 -0.88676206677040E-03 -0.15605353501333E+04  0.23059252331728E+03 -0.15044924127980E+04 -0.93468481396062E+03  0.00000000000000E+00  0.00000000000000E+00  0.00000000000000E+00  0.00000000000000E+00  0.00000000000000E+00  0.00000000000000E+00  0.00000000000000E+00  0.00000000000000E+00  0.00000000000000E+00  0.00000000000000E+00  0.00000000000000E+00  0.00000000000000E+00  0.00000000000000E+00  0.00000000000000E+00  0.00000000000000E+00  0.00000000000000E+00  0.00000000000000E+00  0.41872078062547E+04  0.00000000000000E+00  0.00000000000000E+00  0.00000000000000E+00  0.00000000000000E+00
  -0.17293691222963E+05 -0.21777485692479E+04 -0.19767773826944E+02 -0.10778926647841E+05  0.33191992361094E+03 -0.28335963206762E+04 -0.12200518752833E+04 -0.26684141837956E+06  0.11221602824055E+06  0.31279667256653E+04 -0.11791127144797E+04  0.26768267635642E+03  0.27077735478695E+02 -0.16756843916274E+01 -0.22383490233788E+04 -0.35551418273272E+03  0.15949706207742E+04  0.16441346170596E+04  0.00000000000000E+00  0.00000000000000E+00  0.00000000000000E+00  0.00000000000000E+00  0.00000000000000E+00  0.00000000000000E+00  0.00000000000000E+00  0.00000000000000E+00  0.00000000000000E+00  0.00000000000000E+00  0.00000000000000E+00  0.00000000000000E+00  0.00000000000000E+00  0.00000000000000E+00  0.00000000000000E+00  0.00000000000000E+00  0.00000000000000E+00  0.00000000000000E+00  0.12632163223835E+06  0.00000000000000E+00  0.00000000000000E+00  0.00000000000000E+00
   0.17134568529479E+05 -0.23025325881283E+04  0.70760107409510E+03 -0.16030596455261E+05  0.25795604172843E+04 -0.34869170962637E+04 -0.31604669539951E+04 -0.89582804617398E+04  0.16287271863608E+04  0.45469317655773E+03 -0.72323028942999E+02  0.31331336888975E+03  0.67495138462168E+02  0.35246950245284E-04  0.19648949493420E+03 -0.35584362036088E+02  0.25433514663216E+03  0.17483469071910E+03 -0.18491448934653E+02 -0.86722873916917E+03 -0.26492901629948E+03 -0.25807037626594E+02 -0.39710650288616E+02 -0.81548663152844E+02  0.00000000000000E+00  0.00000000000000E+00  0.00000000000000E+00  0.00000000000000E+00  0.00000000000000E+00  0.00000000000000E+00  0.00000000000000E+00  0.00000000000000E+00  0.00000000000000E+00  0.00000000000000E+00  0.00000000000000E+00  0.00000000000000E+00  0.00000000000000E+00  0.39607127242430E+05  0.00000000000000E+00  0.00000000000000E+00
  -0.72824208521337E+05  0.86267635960866E+04 -0.24888001174534E+04 -0.74351901231639E+04  0.88343773186285E+03 -0.17805650447427E+04 -0.11333649016080E+04 -0.13994836984423E+06  0.44559084396342E+05  0.28341686645125E+04 -0.85515884638929E+03 -0.27002099059427E+04 -0.19336933085703E+03 -0.30484593033944E+01 -0.95318253340492E+03  0.26977202073734E+03 -0.18222572064458E+04 -0.12497943263062E+04  0.00000000000000E+00  0.00000000000000E+00  0.00000000000000E+00 -0.30982789541528E+03 -0.17424700911606E+04  0.14639229665369E+04  0.00000000000000E+00  0.00000000000000E+00  0.00000000000000E+00  0.00000000000000E+00  0.00000000000000E+00  0.00000000000000E+00  0.00000000000000E+00  0.00000000000000E+00  0.00000000000000E+00  0.00000000000000E+00  0.00000000000000E+00  0.00000000000000E+00  0.00000000000000E+00  0.00000000000000E+00  0.95707182079344E+05  0.00000000000000E+00
  -0.56941769595720E+05  0.71989712920582E+04 -0.19994736669611E+04 -0.21938300843421E+05  0.27242707270348E+04 -0.51401282964549E+04 -0.33851944023357E+04 -0.17295290507048E+06  0.54517642919573E+05  0.35910083118585E+04 -0.10653287120320E+04  0.24633906545763E-10  0.86560540837259E-11  0.10279864721762E-11 -0.10701073167495E+04  0.30192869292729E+03 -0.20186975403859E+04 -0.13864568057850E+04  0.60724794330566E+02  0.36719278991843E+03 -0.11337753916315E+04 -0.32188868207105E+03 -0.17979887130794E+04  0.14960292033512E+04  0.00000000000000E+00  0.00000000000000E+00  0.00000000000000E+00  0.00000000000000E+00  0.00000000000000E+00  0.00000000000000E+00  0.00000000000000E+00  0.00000000000000E+00  0.00000000000000E+00  0.00000000000000E+00  0.00000000000000E+00  0.00000000000000E+00  0.00000000000000E+00  0.00000000000000E+00  0.00000000000000E+00  0.10002687135917E+06

 # Covariance matrix (Bevington epsilon)
