 Correlated errors added in quadrature with statistical errors
 jl00106F2p DIS data with   1.69< Q2 < 0.500D+03 and 0.000 < xB < 1.000 and   3.00< W2 < 0.100D+04 and 0.000 < y < 1.000
   GP TMC applied
   HT corrections, multiplicative C=C(xB)
 Correlated errors added in quadrature with statistical errors
 jl00106F2d DIS data with   1.69< Q2 < 0.500D+03 and 0.000 < xB < 1.000 and   3.00< W2 < 0.100D+04 and 0.000 < y < 1.000
   WBArel smearing  (AV18) - KP-like (free x1)0 nuke corrections
   GP TMC applied
   HT corrections, multiplicative C=C(xB)
 Correlated errors added in quadrature with statistical errors
 HerF2pCut  DIS data with   1.69< Q2 < 0.500D+03 and 0.000 < xB < 1.000 and   3.00< W2 < 0.100D+04 and 0.000 < y < 1.000
   GP TMC applied
   HT corrections, multiplicative C=C(xB)
 Correlated errors added in quadrature with statistical errors
 HerF2dCut  DIS data with   1.69< Q2 < 0.500D+03 and 0.000 < xB < 1.000 and   3.00< W2 < 0.100D+04 and 0.000 < y < 1.000
   WBArel smearing  (AV18) - KP-like (free x1)0 nuke corrections
   GP TMC applied
   HT corrections, multiplicative C=C(xB)
 Correlated errors added in quadrature with statistical errors
 slac_p     DIS data with   1.69< Q2 < 0.500D+03 and 0.000 < xB < 1.000 and   3.00< W2 < 0.100D+04 and 0.000 < y < 1.000
   GP TMC applied
   HT corrections, multiplicative C=C(xB)
 Correlated errors added in quadrature with statistical errors
 slac_d     DIS data with   1.69< Q2 < 0.500D+03 and 0.000 < xB < 1.000 and   3.00< W2 < 0.100D+04 and 0.000 < y < 1.000
   WBArel smearing  (AV18) - KP-like (free x1)0 nuke corrections
   GP TMC applied
   HT corrections, multiplicative C=C(xB)
 Correlated errors treated separately from statistical errors
 BcdF2pCor  DIS data with   1.69< Q2 < 0.500D+03 and 0.000 < xB < 1.000 and   3.00< W2 < 0.100D+04 and 0.000 < y < 1.000
   GP TMC applied
   HT corrections, multiplicative C=C(xB)
 Correlated errors treated separately from statistical errors
 BcdF2dCor  DIS data with   1.69< Q2 < 0.500D+03 and 0.000 < xB < 1.000 and   3.00< W2 < 0.100D+04 and 0.000 < y < 1.000
   WBArel smearing  (AV18) - KP-like (free x1)0 nuke corrections
   GP TMC applied
   HT corrections, multiplicative C=C(xB)
 Correlated errors treated separately from statistical errors
 NmcF2pCor  DIS data with   1.69< Q2 < 0.500D+03 and 0.000 < xB < 1.000 and   3.00< W2 < 0.100D+04 and 0.000 < y < 1.000
   GP TMC applied
   HT corrections, multiplicative C=C(xB)
 Correlated errors treated separately from statistical errors
 NmcRatCor  DIS data with   1.69< Q2 < 0.500D+03 and 0.000 < xB < 1.000 and   3.00< W2 < 0.100D+04 and 0.000 < y < 1.000
   WBArel smearing  (AV18) - KP-like (free x1)0 nuke corrections
   GP TMC applied
   HT corrections, multiplicative C=C(xB)
 Correlated errors treated separately from statistical errors
 H2_NC_em   DIS data with   1.69< Q2 < 0.100D+06 and 0.000 < xB < 1.000 and   3.00< W2 < 0.100D+08 and 0.000 < y < 1.000
   GP TMC applied
   HT corrections, multiplicative C=C(xB)
 Correlated errors treated separately from statistical errors
 H2_NC_ep_1 DIS data with   1.69< Q2 < 0.100D+06 and 0.000 < xB < 1.000 and   3.00< W2 < 0.100D+08 and 0.000 < y < 1.000
   GP TMC applied
   HT corrections, multiplicative C=C(xB)
 Correlated errors treated separately from statistical errors
 H2_NC_ep_2 DIS data with   1.69< Q2 < 0.100D+06 and 0.000 < xB < 1.000 and   3.00< W2 < 0.100D+08 and 0.000 < y < 1.000
   GP TMC applied
   HT corrections, multiplicative C=C(xB)
 Correlated errors treated separately from statistical errors
 H2_NC_ep_3 DIS data with   1.69< Q2 < 0.100D+06 and 0.000 < xB < 1.000 and   3.00< W2 < 0.100D+08 and 0.000 < y < 1.000
   GP TMC applied
   HT corrections, multiplicative C=C(xB)
 Correlated errors treated separately from statistical errors
 H2_NC_ep_4 DIS data with   1.69< Q2 < 0.100D+06 and 0.000 < xB < 1.000 and   3.00< W2 < 0.100D+08 and 0.000 < y < 1.000
   GP TMC applied
   HT corrections, multiplicative C=C(xB)
 Correlated errors treated separately from statistical errors
 H2_CC_em   DIS data with   1.69< Q2 < 0.100D+06 and 0.000 < xB < 1.000 and   3.00< W2 < 0.100D+08 and 0.000 < y < 1.000
   GP TMC applied
   HT corrections, multiplicative C=C(xB)
 Correlated errors treated separately from statistical errors
 H2_CC_ep   DIS data with   1.69< Q2 < 0.100D+06 and 0.000 < xB < 1.000 and   3.00< W2 < 0.100D+08 and 0.000 < y < 1.000
   GP TMC applied
   HT corrections, multiplicative C=C(xB)
 Correlated errors added in quadrature with statistical errors
 BNS_F2nd   DIS data with   1.69< Q2 < 0.100D+06 and 0.000 < xB < 1.000 and   3.00< W2 < 0.100D+08 and 0.000 < y < 1.000
   WBArel smearing  (AV18) - KP-like (free x1)0 nuke corrections
   GP TMC applied
   HT corrections, multiplicative C=C(xB)
 Correlated errors added in quadrature with statistical errors
 e866pp06xf vector boson data with Q2 >=  36.00
 Correlated errors added in quadrature with statistical errors
 e866pd06xf vector boson data with Q2 >=  36.00
 Correlated errors added in quadrature with statistical errors
 cdfLasy05  vector boson data with Q2 >=   0.00
 Correlated errors added in quadrature with statistical errors
 d0Lasy_e15 vector boson data with Q2 >=   0.00
 Correlated errors added in quadrature with statistical errors
 d0Lasy13   vector boson data with Q2 >=   0.00
 Correlated errors added in quadrature with statistical errors
 CDF_Wasy   vector boson data with Q2 >=   0.00
 Correlated errors added in quadrature with statistical errors
 D0_Wasy    vector boson data with Q2 >=   0.00
 Correlated errors added in quadrature with statistical errors
 CDF_Z      vector boson data with Q2 >=   0.00
 Correlated errors added in quadrature with statistical errors
 D0_Z       vector boson data with Q2 >=   0.00
 Correlated errors added in quadrature with statistical errors
 d0run2coneJet data - errors added in quadrature
 Correlated errors added in quadrature with statistical errors
 CDFrun2jetJet data - errors added in quadrature
 Correlated errors added in quadrature with statistical errors
 d0_gamjet1 Photon data -- cuts to be written yet ...
 Correlated errors added in quadrature with statistical errors
 d0_gamjet2 Photon data -- cuts to be written yet ...
 Correlated errors added in quadrature with statistical errors
 d0_gamjet3 Photon data -- cuts to be written yet ...
 Correlated errors added in quadrature with statistical errors
 d0_gamjet4 Photon data -- cuts to be written yet ...

# fitpack15: fit output
# CJ15 AV18 final data choices                                                 

Parametrization   7 used here

 S-ACOT scheme used  for NC DIS

 charm mass =     1.30 GeV     bottom mass =     4.50 GeV



 THIS IS A NEXT TO LEADING ORDER FIT

 Q02=    1.69
         1  LAMBDA      VALUE=   0.22680      WEIGHT=    0.0000    
         2  a0uv        VALUE=    2.4169      WEIGHT=    0.0000    
         3  a1uv        VALUE=   0.61635      WEIGHT=   0.20395E-01
         4  a2uv        VALUE=    3.5428      WEIGHT=   0.12297E-01
         5  a3uv        VALUE=    0.0000      WEIGHT=    0.0000    
         6  a4uv        VALUE=    3.4395      WEIGHT=   0.43683    
         7  a5uv        VALUE=    0.0000      WEIGHT=    0.0000    
         8  a0dv        VALUE=    24.767      WEIGHT=    0.0000    
         9  a1dv        VALUE=    1.1585      WEIGHT=   0.33842E-01
        10  a2dv        VALUE=    6.5538      WEIGHT=   0.15967    
        11  a3dv        VALUE=   -3.5001      WEIGHT=   0.87255E-01
        12  a4dv        VALUE=    4.6830      WEIGHT=   0.14394    
        13  a5dv        VALUE=    0.0000      WEIGHT=    0.0000    
        14  a0ud        VALUE=   0.14662      WEIGHT=   0.50263E-02
        15  a1ud        VALUE=  -0.20771      WEIGHT=   0.37519E-02
        16  a2ud        VALUE=    8.3632      WEIGHT=   0.18523    
        17  a3ud        VALUE=    0.0000      WEIGHT=    0.0000    
        18  a4ud        VALUE=    14.678      WEIGHT=    1.2107    
        19  a5ud        VALUE=    0.0000      WEIGHT=    0.0000    
        20  a0du        VALUE=    35712.      WEIGHT=    0.0000    
        21  a1du        VALUE=    4.0198      WEIGHT=   0.71322E-01
        22  a2du        VALUE=    20.251      WEIGHT=   0.86082    
        23  a3du        VALUE=    17.000      WEIGHT=    0.0000    
        24  a4du        VALUE=    50.601      WEIGHT=    9.0827    
        25  a0g         VALUE=    45.504      WEIGHT=    0.0000    
        26  a1g         VALUE=   0.60182      WEIGHT=   0.31731E-01
        27  a2g         VALUE=    6.4148      WEIGHT=    1.0043    
        28  a3g         VALUE=   -3.3037      WEIGHT=   0.13891    
        29  a4g         VALUE=    3.1575      WEIGHT=   0.30059    
        30  a5g         VALUE=    0.0000      WEIGHT=    0.0000    
        31  kappa       VALUE=   0.40000      WEIGHT=    0.0000    
        32  a6dv        VALUE=    0.0000      WEIGHT=    0.0000    
        33  a7dv        VALUE=    0.0000      WEIGHT=    0.0000    
        34  off1        VALUE=    8.1000      WEIGHT=    0.0000    
        35  off2        VALUE=   0.44800      WEIGHT=    0.0000    
        36  off3        VALUE=   0.50000E-01  WEIGHT=    0.0000    
        37  ht1         VALUE=   -3.2479      WEIGHT=   0.26672    
        38  ht2         VALUE=    1.9154      WEIGHT=   0.10687    
        39  ht3         VALUE=   -2.0748      WEIGHT=   0.22824E-01
        40  ht4         VALUE=    0.0000      WEIGHT=    0.0000    
        41  dummy41     VALUE=    0.0000      WEIGHT=    0.0000    
        42  dummy42     VALUE=    0.0000      WEIGHT=    0.0000    
        43  dummy43     VALUE=    0.0000      WEIGHT=    0.0000    
        44  dummy44     VALUE=    0.0000      WEIGHT=    0.0000    
        45  dummy45     VALUE=    0.0000      WEIGHT=    0.0000    
        46  dummy46     VALUE=    0.0000      WEIGHT=    0.0000    
        47  dummy47     VALUE=    0.0000      WEIGHT=    0.0000    
        48  dummy48     VALUE=    0.0000      WEIGHT=    0.0000    
        49  dummy49     VALUE=    0.0000      WEIGHT=    0.0000    
        50  bcdmsh2     VALUE=   0.97285      WEIGHT=   0.48427E-02
        51  bcdmsd2     VALUE=   0.99317      WEIGHT=   0.57972E-02
        52  ccfr        VALUE=    1.0000      WEIGHT=    0.0000    
        53  nutev       VALUE=    1.0000      WEIGHT=    0.0000    
        54  zeus        VALUE=   0.97998      WEIGHT=    0.0000    
        55  h1          VALUE=    1.0162      WEIGHT=    0.0000    
        56  e605        VALUE=    1.0319      WEIGHT=    0.0000    
        57  NmcH2       VALUE=    1.0095      WEIGHT=   0.71200E-02
        58  ntv_nu      VALUE=    1.0000      WEIGHT=    0.0000    
        59  ntv_nubar   VALUE=    1.0000      WEIGHT=    0.0000    
        60  cdf_jet     VALUE=   0.98910      WEIGHT=    0.0000    
        61  d0_jet      VALUE=   0.83504      WEIGHT=    0.0000    
        62  slac_p      VALUE=    1.0048      WEIGHT=   0.48232E-02
        63  slac_d      VALUE=    1.0042      WEIGHT=   0.52625E-02
        64  e866pp      VALUE=   0.96438      WEIGHT=   0.19188E-01
        65  e866pd      VALUE=   0.96857      WEIGHT=   0.16516E-01
        66  d0_gamjet   VALUE=    1.0391      WEIGHT=   0.16482E-01
        67  h1b         VALUE=   0.97608      WEIGHT=    0.0000    
        68  jlab_p      VALUE=   0.99439      WEIGHT=   0.57989E-02
        69  jlab_d      VALUE=   0.97560      WEIGHT=   0.58777E-02
        70  blank       VALUE=    1.0000      WEIGHT=    0.0000    
        71  d0run2      VALUE=   0.94153      WEIGHT=   0.14203E-01
        72  cdfrun2     VALUE=   0.92693      WEIGHT=   0.17236E-01
        73  HERA_el     VALUE=    1.0000      WEIGHT=    0.0000    
        74  HERA_ps     VALUE=    1.0000      WEIGHT=    0.0000    
        75  CDF_Z       VALUE=   0.96573      WEIGHT=   0.64152E-02
        76  NmcRat      VALUE=    1.0000      WEIGHT=    0.0000    
        77  BNS_F2nd    VALUE=   0.98244      WEIGHT=   0.67043E-02
        78  HERMES_F2p  VALUE=   0.99812      WEIGHT=   0.55759E-02
        79  HERMES_F2d  VALUE=   0.98034      WEIGHT=   0.58160E-02
0THE TOLERANCE IS    0.5000
 THE MAXIMUM NUMBER OF STEPS IS 100
0THE INITIAL CHI SQUARED IS  6.17987E+03
0  STEP  CHI SQUARED    PARAMETER      VALUE         ERROR
 ------------------------------------------------------------
     1    4.96697E+03
                       1  LAMBDA     2.2680E-01       FIX 
                       2  a0uv       2.3225E+00       FIX 
                       3  a1uv       6.0331E-01           
                       4  a2uv       3.4950E+00           
                       5  a3uv       0.0000E+00       FIX 
                       6  a4uv       3.3952E+00           
                       7  a5uv       0.0000E+00       FIX 
                       8  a0dv       1.5899E+01       FIX 
                       9  a1dv       1.0711E+00           
                      10  a2dv       5.7137E+00           
                      11  a3dv      -3.0878E+00           
                      12  a4dv       3.9521E+00           
                      13  a5dv       0.0000E+00       FIX 
                      14  a0ud       1.4970E-01           
                      15  a1ud      -2.0533E-01           
                      16  a2ud       8.3221E+00           
                      17  a3ud       0.0000E+00       FIX 
                      18  a4ud       1.2790E+01           
                      19  a5ud       0.0000E+00       FIX 
                      20  a0du       3.5712E+04       FIX 
                      21  a1du       4.0129E+00           
                      22  a2du       2.2963E+01           
                      23  a3du       1.7000E+01       FIX 
                      24  a4du       4.6262E+01           
                      25  a0g        4.1074E+01       FIX 
                      26  a1g        5.8952E-01           
                      27  a2g        5.8568E+00           
                      28  a3g       -3.3144E+00           
                      29  a4g        3.1824E+00           
                      30  a5g        0.0000E+00       FIX 
                      31  kappa      4.0000E-01       FIX 
                      32  a6dv       0.0000E+00       FIX 
                      33  a7dv       0.0000E+00       FIX 
                      34  off1       8.1000E+00       FIX 
                      35  off2       4.4800E-01       FIX 
                      36  off3       5.0000E-02       FIX 
                      37  ht1       -3.5999E+00           
                      38  ht2        2.1281E+00           
                      39  ht3       -2.1070E+00           
                      40  ht4        0.0000E+00       FIX 
                      41  dummy41    0.0000E+00       FIX 
                      42  dummy42    0.0000E+00       FIX 
                      43  dummy43    0.0000E+00       FIX 
                      44  dummy44    0.0000E+00       FIX 
                      45  dummy45    0.0000E+00       FIX 
                      46  dummy46    0.0000E+00       FIX 
                      47  dummy47    0.0000E+00       FIX 
                      48  dummy48    0.0000E+00       FIX 
                      49  dummy49    0.0000E+00       FIX 
                      50  bcdmsh2    9.6269E-01           
                      51  bcdmsd2    9.9022E-01           
                      52  ccfr       1.0000E+00       FIX 
                      53  nutev      1.0000E+00       FIX 
                      54  zeus       9.7998E-01       FIX 
                      55  h1         1.0162E+00       FIX 
                      56  e605       1.0319E+00       FIX 
                      57  NmcH2      9.9796E-01           
                      58  ntv_nu     1.0000E+00       FIX 
                      59  ntv_nuba   1.0000E+00       FIX 
                      60  cdf_jet    9.8910E-01       FIX 
                      61  d0_jet     8.3504E-01       FIX 
                      62  slac_p     1.0021E+00           
                      63  slac_d     9.9589E-01           
                      64  e866pp     9.5286E-01           
                      65  e866pd     9.2919E-01           
                      66  d0_gamje   1.0422E+00           
                      67  h1b        9.7608E-01       FIX 
                      68  jlab_p     1.0016E+00           
                      69  jlab_d     9.6822E-01           
                      70  blank      1.0000E+00       FIX 
                      71  d0run2     9.6043E-01           
                      72  cdfrun2    9.4534E-01           
                      73  HERA_el    1.0000E+00       FIX 
                      74  HERA_ps    1.0000E+00       FIX 
                      75  CDF_Z      9.4706E-01           
                      76  NmcRat     1.0000E+00       FIX 
                      77  BNS_F2nd   9.5924E-01           
                      78  HERMES_F   9.8976E-01           
                      79  HERMES_F   9.7372E-01           
 ------------------------------------------------------------
     2    4.91695E+03
                       1  LAMBDA     2.2680E-01       FIX 
                       2  a0uv       2.2408E+00       FIX 
                       3  a1uv       5.9451E-01           
                       4  a2uv       3.5075E+00           
                       5  a3uv       0.0000E+00       FIX 
                       6  a4uv       3.5749E+00           
                       7  a5uv       0.0000E+00       FIX 
                       8  a0dv       1.3223E+01       FIX 
                       9  a1dv       1.0336E+00           
                      10  a2dv       5.5242E+00           
                      11  a3dv      -2.8979E+00           
                      12  a4dv       3.6986E+00           
                      13  a5dv       0.0000E+00       FIX 
                      14  a0ud       1.5203E-01           
                      15  a1ud      -2.0362E-01           
                      16  a2ud       8.1837E+00           
                      17  a3ud       0.0000E+00       FIX 
                      18  a4ud       1.2028E+01           
                      19  a5ud       0.0000E+00       FIX 
                      20  a0du       3.5712E+04       FIX 
                      21  a1du       4.0773E+00           
                      22  a2du       2.2404E+01           
                      23  a3du       1.7000E+01       FIX 
                      24  a4du       4.3276E+01           
                      25  a0g        3.9290E+01       FIX 
                      26  a1g        5.8389E-01           
                      27  a2g        5.8815E+00           
                      28  a3g       -3.2462E+00           
                      29  a4g        3.0912E+00           
                      30  a5g        0.0000E+00       FIX 
                      31  kappa      4.0000E-01       FIX 
                      32  a6dv       0.0000E+00       FIX 
                      33  a7dv       0.0000E+00       FIX 
                      34  off1       8.1000E+00       FIX 
                      35  off2       4.4800E-01       FIX 
                      36  off3       5.0000E-02       FIX 
                      37  ht1       -3.3678E+00           
                      38  ht2        2.1010E+00           
                      39  ht3       -2.1304E+00           
                      40  ht4        0.0000E+00       FIX 
                      41  dummy41    0.0000E+00       FIX 
                      42  dummy42    0.0000E+00       FIX 
                      43  dummy43    0.0000E+00       FIX 
                      44  dummy44    0.0000E+00       FIX 
                      45  dummy45    0.0000E+00       FIX 
                      46  dummy46    0.0000E+00       FIX 
                      47  dummy47    0.0000E+00       FIX 
                      48  dummy48    0.0000E+00       FIX 
                      49  dummy49    0.0000E+00       FIX 
                      50  bcdmsh2    9.5933E-01           
                      51  bcdmsd2    9.8710E-01           
                      52  ccfr       1.0000E+00       FIX 
                      53  nutev      1.0000E+00       FIX 
                      54  zeus       9.7998E-01       FIX 
                      55  h1         1.0162E+00       FIX 
                      56  e605       1.0319E+00       FIX 
                      57  NmcH2      9.9411E-01           
                      58  ntv_nu     1.0000E+00       FIX 
                      59  ntv_nuba   1.0000E+00       FIX 
                      60  cdf_jet    9.8910E-01       FIX 
                      61  d0_jet     8.3504E-01       FIX 
                      62  slac_p     9.9763E-01           
                      63  slac_d     9.9316E-01           
                      64  e866pp     9.4539E-01           
                      65  e866pd     9.2268E-01           
                      66  d0_gamje   1.0417E+00           
                      67  h1b        9.7608E-01       FIX 
                      68  jlab_p     9.9559E-01           
                      69  jlab_d     9.6727E-01           
                      70  blank      1.0000E+00       FIX 
                      71  d0run2     9.6756E-01           
                      72  cdfrun2    9.5168E-01           
                      73  HERA_el    1.0000E+00       FIX 
                      74  HERA_ps    1.0000E+00       FIX 
                      75  CDF_Z      9.4269E-01           
                      76  NmcRat     1.0000E+00       FIX 
                      77  BNS_F2nd   9.5743E-01           
                      78  HERMES_F   9.8561E-01           
                      79  HERMES_F   9.6991E-01           
 ------------------------------------------------------------
     3    4.91368E+03
                       1  LAMBDA     2.2680E-01       FIX 
                       2  a0uv       2.2178E+00       FIX 
                       3  a1uv       5.9209E-01           
                       4  a2uv       3.5095E+00           
                       5  a3uv       0.0000E+00       FIX 
                       6  a4uv       3.6275E+00           
                       7  a5uv       0.0000E+00       FIX 
                       8  a0dv       1.2540E+01       FIX 
                       9  a1dv       1.0225E+00           
                      10  a2dv       5.4879E+00           
                      11  a3dv      -2.8531E+00           
                      12  a4dv       3.6609E+00           
                      13  a5dv       0.0000E+00       FIX 
                      14  a0ud       1.5200E-01           
                      15  a1ud      -2.0362E-01           
                      16  a2ud       8.1960E+00           
                      17  a3ud       0.0000E+00       FIX 
                      18  a4ud       1.2134E+01           
                      19  a5ud       0.0000E+00       FIX 
                      20  a0du       3.5712E+04       FIX 
                      21  a1du       4.0605E+00           
                      22  a2du       2.2724E+01           
                      23  a3du       1.7000E+01       FIX 
                      24  a4du       4.3898E+01           
                      25  a0g        3.8620E+01       FIX 
                      26  a1g        5.7889E-01           
                      27  a2g        5.7771E+00           
                      28  a3g       -3.2398E+00           
                      29  a4g        3.0599E+00           
                      30  a5g        0.0000E+00       FIX 
                      31  kappa      4.0000E-01       FIX 
                      32  a6dv       0.0000E+00       FIX 
                      33  a7dv       0.0000E+00       FIX 
                      34  off1       8.1000E+00       FIX 
                      35  off2       4.4800E-01       FIX 
                      36  off3       5.0000E-02       FIX 
                      37  ht1       -3.3279E+00           
                      38  ht2        2.0836E+00           
                      39  ht3       -2.1334E+00           
                      40  ht4        0.0000E+00       FIX 
                      41  dummy41    0.0000E+00       FIX 
                      42  dummy42    0.0000E+00       FIX 
                      43  dummy43    0.0000E+00       FIX 
                      44  dummy44    0.0000E+00       FIX 
                      45  dummy45    0.0000E+00       FIX 
                      46  dummy46    0.0000E+00       FIX 
                      47  dummy47    0.0000E+00       FIX 
                      48  dummy48    0.0000E+00       FIX 
                      49  dummy49    0.0000E+00       FIX 
                      50  bcdmsh2    9.5922E-01           
                      51  bcdmsd2    9.8699E-01           
                      52  ccfr       1.0000E+00       FIX 
                      53  nutev      1.0000E+00       FIX 
                      54  zeus       9.7998E-01       FIX 
                      55  h1         1.0162E+00       FIX 
                      56  e605       1.0319E+00       FIX 
                      57  NmcH2      9.9418E-01           
                      58  ntv_nu     1.0000E+00       FIX 
                      59  ntv_nuba   1.0000E+00       FIX 
                      60  cdf_jet    9.8910E-01       FIX 
                      61  d0_jet     8.3504E-01       FIX 
                      62  slac_p     9.9726E-01           
                      63  slac_d     9.9309E-01           
                      64  e866pp     9.4723E-01           
                      65  e866pd     9.2446E-01           
                      66  d0_gamje   1.0412E+00           
                      67  h1b        9.7608E-01       FIX 
                      68  jlab_p     9.9502E-01           
                      69  jlab_d     9.6736E-01           
                      70  blank      1.0000E+00       FIX 
                      71  d0run2     9.6763E-01           
                      72  cdfrun2    9.5170E-01           
                      73  HERA_el    1.0000E+00       FIX 
                      74  HERA_ps    1.0000E+00       FIX 
                      75  CDF_Z      9.4241E-01           
                      76  NmcRat     1.0000E+00       FIX 
                      77  BNS_F2nd   9.5702E-01           
                      78  HERMES_F   9.8531E-01           
                      79  HERMES_F   9.6967E-01           
 ------------------------------------------------------------
     4    4.91335E+03
                       1  LAMBDA     2.2680E-01    0.0000E+00
                       2  a0uv       2.2221E+00    0.0000E+00
                       3  a1uv       5.9252E-01    1.9303E-02
                       4  a2uv       3.5097E+00    1.1231E-02
                       5  a3uv       0.0000E+00    0.0000E+00
                       6  a4uv       3.6180E+00    4.3476E-01
                       7  a5uv       0.0000E+00    0.0000E+00
                       8  a0dv       1.2555E+01    0.0000E+00
                       9  a1dv       1.0229E+00    3.1781E-02
                      10  a2dv       5.4868E+00    9.7122E-02
                      11  a3dv      -2.8509E+00    1.0925E-01
                      12  a4dv       3.6541E+00    1.3454E-01
                      13  a5dv       0.0000E+00    0.0000E+00
                      14  a0ud       1.5206E-01    4.9632E-03
                      15  a1ud      -2.0361E-01    3.5916E-03
                      16  a2ud       8.1881E+00    1.8550E-01
                      17  a3ud       0.0000E+00    0.0000E+00
                      18  a4ud       1.2115E+01    1.0247E+00
                      19  a5ud       0.0000E+00    0.0000E+00
                      20  a0du       3.5712E+04    0.0000E+00
                      21  a1du       4.0695E+00    9.6694E-02
                      22  a2du       2.2568E+01    1.2900E+00
                      23  a3du       1.7000E+01    0.0000E+00
                      24  a4du       4.3434E+01    5.4574E+00
                      25  a0g        3.8908E+01    0.0000E+00
                      26  a1g        5.8141E-01    3.1170E-02
                      27  a2g        5.8519E+00    9.1264E-01
                      28  a3g       -3.2374E+00    1.3195E-01
                      29  a4g        3.0704E+00    3.1285E-01
                      30  a5g        0.0000E+00    0.0000E+00
                      31  kappa      4.0000E-01    0.0000E+00
                      32  a6dv       0.0000E+00    0.0000E+00
                      33  a7dv       0.0000E+00    0.0000E+00
                      34  off1       8.1000E+00    0.0000E+00
                      35  off2       4.4800E-01    0.0000E+00
                      36  off3       5.0000E-02    0.0000E+00
                      37  ht1       -3.3262E+00    2.9434E-01
                      38  ht2        2.0826E+00    1.3034E-01
                      39  ht3       -2.1328E+00    3.3165E-02
                      40  ht4        0.0000E+00    0.0000E+00
                      41  dummy41    0.0000E+00    0.0000E+00
                      42  dummy42    0.0000E+00    0.0000E+00
                      43  dummy43    0.0000E+00    0.0000E+00
                      44  dummy44    0.0000E+00    0.0000E+00
                      45  dummy45    0.0000E+00    0.0000E+00
                      46  dummy46    0.0000E+00    0.0000E+00
                      47  dummy47    0.0000E+00    0.0000E+00
                      48  dummy48    0.0000E+00    0.0000E+00
                      49  dummy49    0.0000E+00    0.0000E+00
                      50  bcdmsh2    9.5928E-01    4.7304E-03
                      51  bcdmsd2    9.8714E-01    5.6251E-03
                      52  ccfr       1.0000E+00    0.0000E+00
                      53  nutev      1.0000E+00    0.0000E+00
                      54  zeus       9.7998E-01    0.0000E+00
                      55  h1         1.0162E+00    0.0000E+00
                      56  e605       1.0319E+00    0.0000E+00
                      57  NmcH2      9.9420E-01    6.9795E-03
                      58  ntv_nu     1.0000E+00    0.0000E+00
                      59  ntv_nuba   1.0000E+00    0.0000E+00
                      60  cdf_jet    9.8910E-01    0.0000E+00
                      61  d0_jet     8.3504E-01    0.0000E+00
                      62  slac_p     9.9732E-01    4.7836E-03
                      63  slac_d     9.9328E-01    5.0714E-03
                      64  e866pp     9.4750E-01    1.8759E-02
                      65  e866pd     9.2482E-01    1.4934E-02
                      66  d0_gamje   1.0412E+00    1.6448E-02
                      67  h1b        9.7608E-01    0.0000E+00
                      68  jlab_p     9.9503E-01    5.7573E-03
                      69  jlab_d     9.6756E-01    5.7053E-03
                      70  blank      1.0000E+00    0.0000E+00
                      71  d0run2     9.6771E-01    1.4928E-02
                      72  cdfrun2    9.5176E-01    1.7712E-02
                      73  HERA_el    1.0000E+00    0.0000E+00
                      74  HERA_ps    1.0000E+00    0.0000E+00
                      75  CDF_Z      9.4254E-01    6.0308E-03
                      76  NmcRat     1.0000E+00    0.0000E+00
                      77  BNS_F2nd   9.5707E-01    5.3407E-03
                      78  HERMES_F   9.8539E-01    5.5291E-03
                      79  HERMES_F   9.6983E-01    5.7192E-03
0 MINIMIZATION TERMINATED WITH STEP  4
  TOLERANCE CRITERION      SATISFIED
0 CHI SQUARED PER DEGREE OF FREEDOM IS  1.091E+00
   1.000 -0.430 -0.980  0.329  0.102  0.019 -0.272  0.455  0.392 -0.259 -0.501 -0.199 -0.199 -0.149  0.139  0.046  0.008 -0.037  0.174 -0.319  0.043  0.317  0.289  0.166  0.295  0.318 -0.401 -0.220  0.082  0.199  0.254 -0.130 -0.117  0.477  0.046  0.261  0.263
  -0.430  1.000  0.570 -0.004 -0.036  0.080 -0.072 -0.124 -0.110  0.340  0.255  0.177  0.063  0.139 -0.042  0.076  0.121 -0.021 -0.611  0.448  0.294  0.078 -0.001 -0.006  0.013 -0.016  0.174  0.034  0.001  0.125  0.113 -0.071 -0.027 -0.097 -0.090  0.034  0.006
  -0.980  0.570  1.000 -0.275 -0.080 -0.012  0.238 -0.424 -0.370  0.314  0.526  0.214  0.207  0.175 -0.117 -0.001  0.027  0.030 -0.264  0.372  0.042 -0.204 -0.200 -0.107 -0.173 -0.204  0.460  0.277 -0.069 -0.089 -0.145  0.076  0.077 -0.387 -0.049 -0.157 -0.163
   0.329 -0.004 -0.275  1.000  0.803 -0.739  0.037  0.240  0.182 -0.316 -0.373  0.305 -0.283  0.117  0.333  0.264 -0.174  0.226 -0.347  0.302  0.277  0.269  0.220  0.092  0.324  0.307 -0.013 -0.107  0.047  0.241  0.280 -0.088 -0.068  0.251 -0.032  0.291  0.257
   0.102 -0.036 -0.080  0.803  1.000 -0.924  0.584 -0.002 -0.025 -0.077 -0.069  0.111 -0.106  0.215  0.239  0.238 -0.186  0.246 -0.399  0.333  0.259  0.126  0.131  0.074  0.171  0.154  0.019 -0.033  0.018  0.163  0.121 -0.041 -0.025  0.105  0.039  0.164  0.155
   0.019  0.080 -0.012 -0.739 -0.924  1.000 -0.660  0.103  0.113  0.155  0.014 -0.106  0.158 -0.298 -0.240 -0.282  0.213 -0.304  0.387 -0.395 -0.230 -0.044 -0.087 -0.061 -0.102 -0.135 -0.062 -0.038  0.004 -0.076 -0.111  0.014 -0.001 -0.030 -0.060 -0.117 -0.134
  -0.272 -0.072  0.238  0.037  0.584 -0.660  1.000 -0.361 -0.324  0.264  0.432 -0.249  0.152  0.241  0.003  0.151 -0.077  0.169 -0.240  0.235  0.116 -0.109 -0.001  0.051 -0.074 -0.017  0.103  0.197 -0.040 -0.025 -0.049  0.009  0.024 -0.097  0.168 -0.040  0.024
   0.455 -0.124 -0.424  0.240 -0.002  0.103 -0.361  1.000  0.964 -0.441 -0.807  0.088 -0.134 -0.149 -0.094 -0.036  0.177 -0.135 -0.011 -0.059  0.074  0.277  0.225  0.205  0.261  0.251 -0.049 -0.037  0.085  0.184  0.210 -0.001 -0.004  0.382 -0.001  0.246  0.219
   0.392 -0.110 -0.370  0.182 -0.025  0.113 -0.324  0.964  1.000 -0.387 -0.749  0.066 -0.108 -0.141 -0.207 -0.105  0.216 -0.187 -0.003 -0.060  0.049  0.218  0.174  0.176  0.195  0.185 -0.062 -0.054  0.072  0.136  0.154  0.019  0.009  0.305 -0.006  0.187  0.163
  -0.259  0.340  0.314 -0.316 -0.077  0.155  0.264 -0.441 -0.387  1.000  0.765 -0.303  0.384  0.003 -0.077 -0.130 -0.171  0.054  0.051  0.053 -0.178 -0.096 -0.092 -0.003 -0.049 -0.088 -0.030 -0.006 -0.016  0.016 -0.061  0.129  0.076 -0.161 -0.035 -0.034 -0.024
  -0.501  0.255  0.526 -0.373 -0.069  0.014  0.432 -0.807 -0.749  0.765  1.000 -0.222  0.319  0.105 -0.047 -0.072 -0.090  0.005  0.069 -0.019 -0.105 -0.058 -0.016  0.030  0.010  0.017  0.294  0.359 -0.071  0.061  0.014 -0.024 -0.037 -0.116  0.054  0.010  0.062
  -0.199  0.177  0.214  0.305  0.111 -0.106 -0.249  0.088  0.066 -0.303 -0.222  1.000 -0.713 -0.146  0.150  0.037 -0.102  0.076 -0.166  0.195  0.063 -0.016 -0.012 -0.040  0.020  0.010  0.237 -0.030 -0.002  0.024  0.024  0.033  0.024 -0.070 -0.005  0.049 -0.021
  -0.199  0.063  0.207 -0.283 -0.106  0.158  0.152 -0.134 -0.108  0.384  0.319 -0.713  1.000  0.246 -0.212 -0.150  0.150 -0.177  0.120 -0.124 -0.068  0.040 -0.052  0.043  0.023 -0.064  0.150  0.118 -0.001  0.020 -0.050 -0.021 -0.023 -0.047 -0.099  0.006 -0.052
  -0.149  0.139  0.175  0.117  0.215 -0.298  0.241 -0.149 -0.141  0.003  0.105 -0.146  0.246  1.000  0.058  0.169 -0.145  0.216 -0.156  0.207  0.064  0.086  0.001  0.165  0.107  0.034  0.210  0.072  0.022  0.074  0.050  0.026  0.027 -0.092 -0.130  0.128  0.024
   0.139 -0.042 -0.117  0.333  0.239 -0.240  0.003 -0.094 -0.207 -0.077 -0.047  0.150 -0.212  0.058  1.000  0.705 -0.699  0.812 -0.069  0.164  0.063  0.101  0.098 -0.053  0.160  0.171 -0.061 -0.072  0.031  0.102  0.147 -0.012  0.017  0.085 -0.006  0.142  0.143
   0.046  0.076 -0.001  0.264  0.238 -0.282  0.151 -0.036 -0.105 -0.130 -0.072  0.037 -0.150  0.169  0.705  1.000 -0.255  0.756 -0.328  0.437  0.334  0.110  0.122  0.010  0.204  0.251 -0.012  0.022  0.031  0.113  0.206 -0.241 -0.094  0.090  0.053  0.183  0.208
   0.008  0.121  0.027 -0.174 -0.186  0.213 -0.077  0.177  0.216 -0.171 -0.090 -0.102  0.150 -0.145 -0.699 -0.255  1.000 -0.806 -0.183 -0.019  0.343  0.136  0.124  0.156  0.124  0.152  0.195  0.254 -0.011  0.099  0.122 -0.398 -0.275  0.246  0.103  0.081  0.099
  -0.037 -0.021  0.030  0.226  0.246 -0.304  0.169 -0.135 -0.187  0.054  0.005  0.076 -0.177  0.216  0.812  0.756 -0.806  1.000 -0.090  0.323 -0.054 -0.103 -0.081 -0.135 -0.047 -0.040 -0.185 -0.216  0.025 -0.070 -0.034  0.173  0.173 -0.208 -0.054 -0.018 -0.017
   0.174 -0.611 -0.264 -0.347 -0.399  0.387 -0.240 -0.011 -0.003  0.051  0.069 -0.166  0.120 -0.156 -0.069 -0.328 -0.183 -0.090  1.000 -0.809 -0.589 -0.062 -0.047  0.014 -0.060 -0.076 -0.019  0.059 -0.009 -0.136 -0.175  0.171  0.073  0.030 -0.021 -0.069 -0.069
  -0.319  0.448  0.372  0.302  0.333 -0.395  0.235 -0.059 -0.060  0.053 -0.019  0.195 -0.124  0.207  0.164  0.437 -0.019  0.323 -0.809  1.000  0.264 -0.097 -0.091 -0.103  0.050  0.056 -0.037 -0.154  0.008  0.035  0.091 -0.014  0.051 -0.241 -0.033  0.029  0.018
   0.043  0.294  0.042  0.277  0.259 -0.230  0.116  0.074  0.049 -0.178 -0.105  0.063 -0.068  0.064  0.063  0.334  0.343 -0.054 -0.589  0.264  1.000  0.241  0.223  0.095  0.069  0.108  0.131  0.145  0.016 -0.013  0.049 -0.332 -0.207  0.230  0.094  0.125  0.145
   0.317  0.078 -0.204  0.269  0.126 -0.044 -0.109  0.277  0.218 -0.096 -0.058 -0.016  0.040  0.086  0.101  0.110  0.136 -0.103 -0.062 -0.097  0.241  1.000  0.543  0.378  0.694  0.684  0.381  0.459  0.060  0.559  0.580 -0.248 -0.211  0.619  0.072  0.598  0.591
   0.289 -0.001 -0.200  0.220  0.131 -0.087 -0.001  0.225  0.174 -0.092 -0.016 -0.012 -0.052  0.001  0.098  0.122  0.124 -0.081 -0.047 -0.091  0.223  0.543  1.000  0.346  0.617  0.652  0.336  0.466  0.042  0.494  0.541 -0.235 -0.198  0.586  0.137  0.533  0.568
   0.166 -0.006 -0.107  0.092  0.074 -0.061  0.051  0.205  0.176 -0.003  0.030 -0.040  0.043  0.165 -0.053  0.010  0.156 -0.135  0.014 -0.103  0.095  0.378  0.346  1.000  0.440  0.444  0.330  0.398  0.034  0.356  0.371 -0.161 -0.140  0.439  0.071  0.415  0.413
   0.295  0.013 -0.173  0.324  0.171 -0.102 -0.074  0.261  0.195 -0.049  0.010  0.020  0.023  0.107  0.160  0.204  0.124 -0.047 -0.060  0.050  0.069  0.694  0.617  0.440  1.000  0.914  0.483  0.570  0.062  0.754  0.781 -0.290 -0.243  0.691  0.093  0.757  0.754
   0.318 -0.016 -0.204  0.307  0.154 -0.135 -0.017  0.251  0.185 -0.088  0.017  0.010 -0.064  0.034  0.171  0.251  0.152 -0.040 -0.076  0.056  0.108  0.684  0.652  0.444  0.914  1.000  0.462  0.612  0.051  0.734  0.817 -0.325 -0.264  0.732  0.166  0.754  0.793
  -0.401  0.174  0.460 -0.013  0.019 -0.062  0.103 -0.049 -0.062 -0.030  0.294  0.237  0.150  0.210 -0.061 -0.012  0.195 -0.185 -0.019 -0.037  0.131  0.381  0.336  0.330  0.483  0.462  1.000  0.731 -0.013  0.398  0.383 -0.199 -0.171  0.337  0.072  0.441  0.412
  -0.220  0.034  0.277 -0.107 -0.033 -0.038  0.197 -0.037 -0.054 -0.006  0.359 -0.030  0.118  0.072 -0.072  0.022  0.254 -0.216  0.059 -0.154  0.145  0.459  0.466  0.398  0.570  0.612  0.731  1.000 -0.019  0.467  0.490 -0.269 -0.226  0.522  0.174  0.501  0.568
   0.082  0.001 -0.069  0.047  0.018  0.004 -0.040  0.085  0.072 -0.016 -0.071 -0.002 -0.001  0.022  0.031  0.031 -0.011  0.025 -0.009  0.008  0.016  0.060  0.042  0.034  0.062  0.051 -0.013 -0.019  1.000  0.045  0.044  0.007  0.006  0.047 -0.014  0.056  0.042
   0.199  0.125 -0.089  0.241  0.163 -0.076 -0.025  0.184  0.136  0.016  0.061  0.024  0.020  0.074  0.102  0.113  0.099 -0.070 -0.136  0.035 -0.013  0.559  0.494  0.356  0.754  0.734  0.398  0.467  0.045  1.000  0.705 -0.230 -0.195  0.555  0.073  0.598  0.599
   0.254  0.113 -0.145  0.280  0.121 -0.111 -0.049  0.210  0.154 -0.061  0.014  0.024 -0.050  0.050  0.147  0.206  0.122 -0.034 -0.175  0.091  0.049  0.580  0.541  0.371  0.781  0.817  0.383  0.490  0.044  0.705  1.000 -0.275 -0.222  0.607  0.119  0.634  0.659
  -0.130 -0.071  0.076 -0.088 -0.041  0.014  0.009 -0.001  0.019  0.129 -0.024  0.033 -0.021  0.026 -0.012 -0.241 -0.398  0.173  0.171 -0.014 -0.332 -0.248 -0.235 -0.161 -0.290 -0.325 -0.199 -0.269  0.007 -0.230 -0.275  1.000  0.296 -0.351 -0.106 -0.245 -0.268
