# fitpack15: fit parameters                                                                         
# CJ15 AV18 final data choices                                                                      
# Created on 02/06/2020 at 11:32:35                                                                 

 # QCD setup
  INS                           0
  NVL                          11
  IORD                          1
  Q02                   1.6899999999999999     
  IPARAMC                       7
  FLAVOR                4.0000000000000000     
  xmc                   1.3000000000000000     
  xmb                   4.5000000000000000     
  ncb                          12
  ihq                           1
  ias                           0

 # Theory corrections
  inuke                     10114
  itmc                          1
  iht                           2

 # fit parameters
 LAMBDA       0.22680        0.0000    
 a0uv          2.0120        0.0000    
 a1uv         0.57727       0.31193E-01
 a2uv          3.5930       0.16367E-01
 a3uv          0.0000        0.0000    
 a4uv          4.5869       0.85469    
 a5uv          0.0000        0.0000    
 a0dv          24.804        0.0000    
 a1dv          1.1661       0.43172E-01
 a2dv          6.4359       0.25407    
 a3dv         -3.4043       0.12638    
 a4dv          4.4425       0.19384    
 a5dv          0.0000        0.0000    
 a0ud         0.14468       0.54043E-02
 a1ud        -0.20906       0.40030E-02
 a2ud          8.6443       0.23441    
 a3ud          0.0000        0.0000    
 a4ud          15.216        1.5733    
 a5ud          0.0000        0.0000    
 a0du          35712.        0.0000    
 a1du          4.2351       0.14096    
 a2du          20.864        1.3980    
 a3du          17.000        0.0000    
 a4du          61.630        16.698    
 a0g           45.351        0.0000    
 a1g          0.60313       0.28891E-01
 a2g           5.6004       0.73765    
 a3g          -3.3712       0.11366    
 a4g           3.1585       0.23663    
 a5g           0.0000        0.0000    
 kappa        0.40000        0.0000    
 a6dv        -0.15491E-05   0.25524E-02
 a7dv          2.0000        0.0000    
 off1        -0.82721E-01   0.12424    
 off2         -1.2834       0.91349    
 off3          2.4329        1.6552    
 ht1          -4.7242        1.4057    
 ht2           2.3786       0.23265    
 ht3          -2.1234       0.31883E-01
 ht4           2.7602       0.18138    
 dummy41       0.0000        0.0000    
 dummy42       0.0000        0.0000    
 dummy43       0.0000        0.0000    
 dummy44       0.0000        0.0000    
 dummy45       0.0000        0.0000    
 dummy46       0.0000        0.0000    
 dummy47       0.0000        0.0000    
 dummy48       0.0000        0.0000    
 dummy49       0.0000        0.0000    
 bcdmsh2      0.97146       0.49240E-02
 bcdmsd2      0.99410       0.59110E-02
 ccfr          1.0000        0.0000    
 nutev         1.0000        0.0000    
 zeus         0.97998        0.0000    
 h1            1.0162        0.0000    
 e605          1.0319        0.0000    
 NmcH2         1.0067       0.71589E-02
 ntv_nu        1.0000        0.0000    
 ntv_nuba      1.0000        0.0000    
 cdf_jet      0.98910        0.0000    
 d0_jet       0.83504        0.0000    
 slac_p        1.0028       0.49716E-02
 slac_d        1.0023       0.53919E-02
 e866pp       0.97979       0.23134E-01
 e866pd       0.93943       0.19054E-01
 d0_gamje      1.0426       0.16618E-01
 h1b          0.97608        0.0000    
 jlab_p       0.98624       0.58856E-02
 jlab_d       0.97699       0.60906E-02
 blank         1.0000        0.0000    
 d0run2       0.95182       0.15469E-01
 cdfrun2      0.93703       0.17837E-01
 HERA_el       1.0000        0.0000    
 HERA_ps       1.0000        0.0000    
 CDF_Z        0.95536       0.68345E-02
 NmcRat        1.0000        0.0000    
 BNS_F2nd     0.94850       0.87732E-02
 HERMES_F     0.99545       0.56773E-02
 HERMES_F     0.97840       0.58938E-02
 END 0. 0.

 # Hessian matrix (Bevington alpha)
   0.45509785311139E+07 -0.11322535528856E+07  0.17120943949271E+06  0.50773872398178E+06 -0.14206813539671E+06  0.41055620685722E+05  0.92890537453741E+05  0.94608989889358E+06 -0.17406726524085E+06 -0.47724029739380E+05  0.74467858760224E+04  0.10362046282460E+05  0.11352372867914E+04 -0.68678578885466E+02  0.15018791242053E+05 -0.35996197283038E+04  0.21717929651796E+05  0.15156621094320E+05  0.69474150068846E+07 -0.61929762303835E+05 -0.26182327006742E+05 -0.12220975130046E+05 -0.16112841804934E+05 -0.11464444970892E+05 -0.25007970780903E+06 -0.10069247461035E+06 -0.13066728535000E+06 -0.55067691668089E+05 -0.49900151448524E+04 -0.83927132916548E+06 -0.10752574075813E+07 -0.20935292183544E+05 -0.48432248665878E+05 -0.31507078837744E+04 -0.18736769039748E+06 -0.20272909369257E+06 -0.86456996455984E+04 -0.30778441956072E+04 -0.18103554899422E+05  0.18138264155804E+05 -0.73983522187339E+05 -0.58143815630766E+05
  -0.11322535528856E+07  0.34533081291626E+06 -0.43544272095569E+05 -0.11715503926261E+06  0.36670553350914E+05 -0.36706026106077E+04 -0.18773425563790E+05 -0.11556547526569E+06  0.24753692922566E+05  0.66526561137148E+04 -0.85471701822081E+03 -0.80814361687576E+03 -0.89490981845238E+02  0.88801427974686E+01  0.22021239243559E+03  0.71590246995514E+02 -0.82592908336601E+02 -0.14673759960587E+03 -0.22306318131313E+07  0.15191327549703E+05  0.73194568598972E+04  0.37509480917446E+04  0.72976327265831E+04  0.11290546255168E+05  0.73663267259835E+05  0.40876713724981E+05  0.16800320533704E+05  0.82131781240149E+04 -0.20680269152993E+03  0.19956731609515E+06  0.24781924393788E+06  0.57508346408006E+04  0.13533497385848E+05  0.41842537085559E+03  0.58465763452620E+05  0.62672237447994E+05  0.22848581293956E+04  0.73029254063917E+03 -0.21293103157733E+04 -0.24080746016860E+04  0.85792388558290E+04  0.71415336950037E+04
   0.17120943949271E+06 -0.43544272095569E+05  0.64911064555299E+04  0.18548939040378E+05 -0.53856715331635E+04  0.12180527348562E+04  0.33736414946302E+04  0.26708734691218E+05 -0.47394957983324E+04 -0.15756899255923E+04  0.21461615694666E+03  0.28065366349702E+03  0.34725732921828E+02 -0.26723138950676E+01 -0.93002952063720E+02 -0.54396816651259E+02  0.70946383431830E+02  0.15721576224779E+03  0.26744907748395E+06 -0.23055348956202E+04 -0.99127909210373E+03 -0.46680866128903E+03 -0.65154370942706E+03 -0.62885174057439E+03 -0.95611694479828E+04 -0.39326919177044E+04 -0.46407347998536E+04 -0.19585806689332E+04  0.23551163527111E+02 -0.30811678003351E+05 -0.39673915910922E+05 -0.80017257561410E+03 -0.18588270435623E+04 -0.99561071796649E+02 -0.72524217324114E+04 -0.78406129273806E+04 -0.32597317232911E+03 -0.11487971880294E+03 -0.74662001691530E+02  0.65134761005408E+03 -0.22173697677015E+04 -0.17818261718814E+04
   0.50773872398178E+06 -0.11715503926261E+06  0.18548939040378E+05  0.27509236662270E+06 -0.46352562425778E+05  0.63673792565164E+05  0.52126764704459E+05  0.30741576822414E+06 -0.27965520085703E+05 -0.15123307625937E+05  0.27777537435389E+04 -0.65203824076434E+03 -0.56452217510853E+02  0.27526026087121E+02  0.28082847629570E+05 -0.35584941621703E+04  0.30014677939084E+05  0.16786589610277E+05  0.14334726043316E+07 -0.17264150770107E+05 -0.66873832445417E+04 -0.27729335862006E+04 -0.91413553210905E+03  0.33882270978726E+04 -0.43002978882447E+05 -0.91486828330170E+04 -0.12411692844235E+05 -0.20582208391512E+05 -0.40553443896195E+02 -0.61362442515243E+05 -0.32021550814205E+06 -0.11197575877884E+04 -0.22718009446447E+04 -0.64822148291053E+02 -0.98034266638591E+04 -0.43078415553916E+05 -0.21850921317576E+04 -0.86859453445675E+03 -0.98341725354382E+04 -0.17595703143725E+05 -0.71087341411223E+04 -0.21142853485400E+05
  -0.14206813539671E+06  0.36670553350914E+05 -0.53856715331635E+04 -0.46352562425778E+05  0.99338723390382E+04 -0.76887645831769E+04 -0.85435162002664E+04 -0.28171603900805E+05  0.81327211857417E+03  0.20062103915153E+04 -0.27789372361379E+03 -0.36800024634284E+02 -0.89144848930643E+00 -0.21319249849456E+01 -0.23586833708186E+04  0.30084149685186E+03 -0.24060528186654E+04 -0.13515777361442E+04 -0.38758561804097E+06  0.36228368099926E+04  0.16072271624771E+04  0.73560924439366E+03  0.61942227012007E+03  0.63778250382766E+03  0.11157083012500E+05  0.36246851005246E+04  0.20218210462938E+04  0.34631465578127E+04 -0.61374534532833E+02  0.12463203448808E+05  0.65845352971815E+05  0.32381691029097E+03  0.63298126561561E+03  0.87382612786216E+01  0.30289857731594E+04  0.13105984556568E+05  0.48794373930683E+03  0.17951730666063E+03  0.33228226408527E+03  0.28905948232528E+04  0.84375495213026E+03  0.26105973646273E+04
   0.41055620685722E+05 -0.36706026106077E+04  0.12180527348562E+04  0.63673792565164E+05 -0.76887645831769E+04  0.19758612973431E+05  0.12809268056532E+05  0.98997428843604E+05 -0.95070313259292E+04 -0.43550530785161E+04  0.89104004147017E+03 -0.30044276563737E+03 -0.24966384652520E+02  0.96986779535783E+01  0.89263318181058E+04 -0.11675902169442E+04  0.96853726501976E+04  0.55323954968935E+04  0.13056760143345E+06 -0.29758608086198E+04 -0.88699950676007E+03 -0.27155694093485E+03  0.45374516149573E+03  0.27458639661776E+04 -0.43502541636615E+04  0.60599694536797E+03 -0.31559471690232E+04 -0.49574920844044E+04  0.17950963209764E+03 -0.11765761470058E+05 -0.58706695803560E+05 -0.58408564623461E+02 -0.15222848240788E+03 -0.19325517884877E+02 -0.31018852396071E+03 -0.15727783587472E+04 -0.35729020686007E+03 -0.16534288590819E+03 -0.30479804553431E+04 -0.44935111237080E+04 -0.20015698923057E+04 -0.58443203135495E+04
   0.92890537453741E+05 -0.18773425563790E+05  0.33736414946302E+04  0.52126764704459E+05 -0.85435162002664E+04  0.12809268056532E+05  0.10368961675182E+05  0.53631305482726E+05 -0.32816890231269E+04 -0.29925324087068E+04  0.50729807526068E+03 -0.77106834264769E+02 -0.79314198368664E+01  0.47373438408017E+01  0.45240937144417E+04 -0.60020762505435E+03  0.46928163892129E+04  0.27115563356125E+04  0.23477799172361E+06 -0.31188296433100E+04 -0.11725234677111E+04 -0.45934917026304E+03  0.22874903478135E+02  0.12135276155473E+04 -0.72396869255707E+04 -0.95549175752232E+03 -0.26790611594997E+04 -0.42818087308707E+04  0.14855579976909E+03 -0.11650998858060E+05 -0.60993804581026E+05 -0.18731965444808E+03 -0.37003695490401E+03 -0.13263635759921E+02 -0.13850157543816E+04 -0.61909544598837E+04 -0.41250817875617E+03 -0.16994787166234E+03 -0.12861594513500E+04 -0.39422601532371E+04 -0.12298598806422E+04 -0.37052391629764E+04
   0.94608989889358E+06 -0.11556547526569E+06  0.26708734691218E+05  0.30741576822414E+06 -0.28171603900805E+05  0.98997428843604E+05  0.53631305482726E+05  0.50663808932143E+07 -0.23457911598476E+07 -0.82835827475323E+05  0.25108403996896E+05  0.19173989976441E+05  0.13067180130642E+04  0.63775984659839E+02  0.82274423311709E+05 -0.11133117203687E+05  0.10581793471488E+06  0.57073566161184E+05  0.45442889883737E+06 -0.35532446922691E+05 -0.68638048387622E+04 -0.17951201887506E+04  0.56332329286890E+04  0.41126305989377E+05 -0.30363489971402E+05  0.52268743959775E+04 -0.58438525587845E+05 -0.46210212586973E+05 -0.68816342741710E+05 -0.28271267590171E+06 -0.54679820613080E+06 -0.72600685367464E+05 -0.16669405070675E+06 -0.13838423133473E+04 -0.47682508319709E+04 -0.93143755983216E+04  0.87587717780966E+03  0.49897975072834E+03 -0.26485342333502E+06 -0.90466965480180E+04 -0.14170958527676E+06 -0.17180069604210E+06
  -0.17406726524085E+06  0.24753692922566E+05 -0.47394957983324E+04 -0.27965520085703E+05  0.81327211857417E+03 -0.95070313259292E+04 -0.32816890231269E+04 -0.23457911598476E+07  0.19302209047404E+07  0.18705377975191E+05 -0.63732696920321E+04 -0.41006885150561E+04 -0.22722375854019E+03 -0.92176219073220E+01  0.50796229615788E+05 -0.26478922370457E+04  0.21526557287540E+05  0.10969631147522E+05  0.83002847940472E+04  0.90517712910157E+04  0.14008424746862E+04  0.31584829374310E+03 -0.13545174633510E+04 -0.10301451365129E+05  0.50293567127980E+04 -0.12624933079896E+04  0.10905576585930E+05  0.10165222319085E+05  0.24640244439886E+05  0.66185551996943E+05  0.12377738942573E+06  0.23026662900322E+05  0.52972175923277E+05  0.19464577800742E+03  0.59209943426642E+03  0.11651774625400E+04 -0.14281250349241E+04 -0.76106484195001E+03  0.11181605670625E+06  0.16592648902318E+04  0.45335608999252E+05  0.54485936795455E+05
  -0.47724029739380E+05  0.66526561137148E+04 -0.15756899255923E+04 -0.15123307625937E+05  0.20062103915153E+04 -0.43550530785161E+04 -0.29925324087068E+04 -0.82835827475323E+05  0.18705377975191E+05  0.24316432646310E+04 -0.59000636187045E+03 -0.48657033723490E+03 -0.43055449174063E+02 -0.90494748731638E+00 -0.39623139341773E+04  0.52020425753095E+03 -0.44692344372523E+04 -0.25405673646080E+04 -0.43219838141535E+05  0.12081616059153E+04  0.32111840516752E+03  0.10239401915988E+03 -0.16656480558246E+03 -0.12135311774503E+04  0.18480289094380E+04 -0.93190443458731E+02  0.25726105163272E+04  0.17560389293699E+04  0.72965503606518E+03  0.10467284086272E+05  0.21474563742484E+05  0.14599549301813E+04  0.33043973213512E+04  0.42767165530141E+02  0.44845699268473E+03  0.84866976711756E+03  0.10661756778601E+03  0.48635821877609E+02  0.30296003672885E+04  0.45484607341796E+03  0.27981953802264E+04  0.34753220512064E+04
   0.74467858760224E+04 -0.85471701822081E+03  0.21461615694666E+03  0.27777537435389E+04 -0.27789372361379E+03  0.89104004147017E+03  0.50729807526068E+03  0.25108403996896E+05 -0.63732696920321E+04 -0.59000636187045E+03  0.16663130791953E+03  0.14060252879201E+03  0.10378188139264E+02  0.41028182257260E+00  0.12355972788412E+04 -0.14548287581108E+03  0.13312884431955E+04  0.72678000267706E+03  0.47895622010905E+04 -0.23934523633506E+03 -0.50614760960189E+02 -0.13801174512081E+02  0.39589518924823E+02  0.28248793327278E+03 -0.23690570354268E+03  0.37333846463771E+02 -0.44875234322800E+03 -0.33332974957106E+03 -0.33884897107074E+03 -0.19879836493115E+04 -0.38950231116802E+04 -0.42507751017713E+03 -0.97548905477180E+03 -0.11017683537582E+02 -0.38511208176501E+02 -0.75336104360955E+02 -0.95835631782775E+01 -0.47970893295692E+01 -0.11245068482716E+04 -0.69187797457775E+02 -0.82904406561152E+03 -0.10117673362247E+04
   0.10362046282460E+05 -0.80814361687576E+03  0.28065366349702E+03 -0.65203824076434E+03 -0.36800024634284E+02 -0.30044276563737E+03 -0.77106834264769E+02  0.19173989976441E+05 -0.41006885150561E+04 -0.48657033723490E+03  0.14060252879201E+03  0.80008292191612E+03  0.54446961957287E+02 -0.79329368801256E+00  0.10057549760048E+04 -0.15228654064644E+03  0.14518737603240E+04  0.83144113998907E+03  0.38290030105455E+04  0.18157109848166E+03  0.18012548846354E+02  0.11891020971203E+00  0.28009487351141E+02  0.22117227271724E+03 -0.43032571339130E+02  0.24029306050808E+02 -0.79526209392151E+03  0.66960182753539E-11 -0.45969237814261E+03 -0.36217416782136E+04 -0.16201227497422E-09 -0.15918424476956E+04 -0.46706505605552E+02 -0.54498979141940E+02 -0.97204512013903E-01  0.77503458698759E-10 -0.12264032946736E+01 -0.52897443171172E+00  0.18208050613333E+03  0.22991626642458E+03 -0.19135725127386E+04  0.12428619134917E-09
   0.11352372867914E+04 -0.89490981845238E+02  0.34725732921828E+02 -0.56452217510853E+02 -0.89144848930643E+00 -0.24966384652520E+02 -0.79314198368664E+01  0.13067180130642E+04 -0.22722375854019E+03 -0.43055449174063E+02  0.10378188139264E+02  0.54446961957287E+02  0.49215420002609E+01 -0.86378851455992E-01  0.60847924310081E+02 -0.10901295063563E+02  0.95730729812567E+02  0.58688778943377E+02  0.23081033264557E+03  0.96720136020890E+01  0.12872614177938E+01  0.10186905146679E-01  0.32879984740252E+01  0.23225156514892E+02 -0.74042336035642E+01  0.34412328480943E+01 -0.11340764197138E+03  0.24693756397318E-13 -0.18581570749403E+02 -0.41765627789406E+03  0.11561553901877E-10 -0.10082055346597E+03 -0.11924023619302E+02 -0.44326755357543E+01 -0.69555385141952E-01  0.32860805115849E-11 -0.12775633062921E+00 -0.50283948680895E-01  0.18684015762957E+02  0.50407463568157E+02 -0.14003549256634E+03  0.51825479961802E-11
  -0.68678578885466E+02  0.88801427974686E+01 -0.26723138950676E+01  0.27526026087121E+02 -0.21319249849456E+01  0.96986779535783E+01  0.47373438408017E+01  0.63775984659839E+02 -0.92176219073220E+01 -0.90494748731638E+00  0.41028182257260E+00 -0.79329368801256E+00 -0.86378851455992E-01  0.26414017159131E-01  0.10243240582081E+02 -0.71758556879055E+00  0.68713660372766E+01  0.31239978877833E+01  0.25151646921026E+02  0.10792414541669E+01 -0.34350901553365E-01 -0.15673928039832E-01 -0.43589073220931E-02  0.46672894766476E-02 -0.23004810145576E-02 -0.14367073761010E-01  0.50641671264287E-01 -0.29850828659329E-12 -0.42452274784230E+01 -0.36065862218505E+00 -0.34818341765467E-11 -0.18801796425029E+01 -0.21284286876564E-05 -0.92565206685141E-01 -0.34412439115873E-13  0.36322947485905E-14 -0.11238981615964E-02 -0.62341048561204E-03 -0.16911242251670E+01  0.38484784430291E-05 -0.18325434090949E+01 -0.23306460444238E-14
   0.15018791242053E+05  0.22021239243559E+03 -0.93002952063720E+02  0.28082847629570E+05 -0.23586833708186E+04  0.89263318181058E+04  0.45240937144417E+04  0.82274423311709E+05  0.50796229615788E+05 -0.39623139341773E+04  0.12355972788412E+04  0.10057549760048E+04  0.60847924310081E+02  0.10243240582081E+02  0.51490342857541E+05 -0.51352197988700E+04  0.46890925338705E+05  0.24828486327960E+05  0.46381620697912E+05  0.34650112118781E+02  0.58865402852871E+02  0.28647176557273E+02 -0.37653213523716E+01 -0.10886823040213E+03  0.89910582526430E+03  0.98361593361449E+02 -0.31026390735422E+04 -0.20198435112770E+04 -0.25140062433911E+04  0.18075975014922E+04  0.41371781856558E+04 -0.15346346336947E+04 -0.32124946896738E+04 -0.74249432563473E+03  0.39861691809312E+03  0.67852077435364E+03 -0.31879637786048E+04 -0.16426494238708E+04 -0.20158102828003E+04  0.23282563316465E+03 -0.10157378309453E+04 -0.11513151744857E+04
  -0.35996197283038E+04  0.71590246995514E+02 -0.54396816651259E+02 -0.35584941621703E+04  0.30084149685186E+03 -0.11675902169442E+04 -0.60020762505435E+03 -0.11133117203687E+05 -0.26478922370457E+04  0.52020425753095E+03 -0.14548287581108E+03 -0.15228654064644E+03 -0.10901295063563E+02 -0.71758556879055E+00 -0.51352197988700E+04  0.60093590170086E+03 -0.54059942909670E+04 -0.29712976799705E+04 -0.54125531555596E+04  0.11144588569868E+02 -0.82363992138028E+01 -0.54478240222750E+01 -0.97398491674095E+01 -0.35448614213750E+02 -0.19242882938168E+03 -0.42508707989979E+02  0.61508023342301E+03  0.38606901861769E+03  0.30025362986489E+03 -0.96667803702165E+02 -0.40141749608515E+03  0.17281318833276E+03  0.35784454713299E+03  0.87803261363007E+02 -0.10875456219454E+03 -0.18279368901990E+03  0.53577863263721E+03  0.25482102290533E+03 -0.42076686858606E+03 -0.41035520128725E+02  0.29486010489158E+03  0.33366618652323E+03
   0.21717929651796E+05 -0.82592908336601E+02  0.70946383431830E+02  0.30014677939084E+05 -0.24060528186654E+04  0.96853726501976E+04  0.46928163892129E+04  0.10581793471488E+06  0.21526557287540E+05 -0.44692344372523E+04  0.13312884431955E+04  0.14518737603240E+04  0.95730729812567E+02  0.68713660372766E+01  0.46890925338705E+05 -0.54059942909670E+04  0.49777954362564E+05  0.27091521071139E+05  0.50927529805672E+05  0.80846690140374E+01  0.79447114044114E+02  0.34696919059499E+02 -0.74578311932602E+02 -0.32013183307640E+03  0.10305818055260E+04 -0.11749575820014E+03 -0.40918226974602E+04 -0.25854598765717E+04 -0.31293625431084E+04  0.27746291921426E+04  0.65121146690283E+04 -0.15672415308496E+04 -0.32963399926803E+04 -0.80682726515617E+03  0.16784677934706E+03  0.31559791604207E+03 -0.37739509421184E+04 -0.19855531781368E+04  0.26555654796040E+04  0.44541695401440E+03 -0.25383367007606E+04 -0.28330258037212E+04
   0.15156621094320E+05 -0.14673759960587E+03  0.15721576224779E+03  0.16786589610277E+05 -0.13515777361442E+04  0.55323954968935E+04  0.27115563356125E+04  0.57073566161184E+05  0.10969631147522E+05 -0.25405673646080E+04  0.72678000267706E+03  0.83144113998907E+03  0.58688778943377E+02  0.31239978877833E+01  0.24828486327960E+05 -0.29712976799705E+04  0.27091521071139E+05  0.14923964710609E+05  0.27369180004731E+05 -0.25121452981989E+02  0.47267606768434E+02  0.24131603624453E+02 -0.17548554363409E+02 -0.53538204675520E+02  0.77744705405617E+03 -0.39961282700843E+01 -0.28136699952390E+04 -0.17465881466447E+04 -0.15658372627234E+04  0.12063684661069E+04  0.33958491302000E+04 -0.80613977735456E+03 -0.16905794512280E+04 -0.44701694531290E+03  0.21480766529254E+03  0.38201727996879E+03 -0.24533040653408E+04 -0.12354620382460E+04  0.23935176683286E+04  0.28954490825028E+03 -0.16830794897754E+04 -0.18832249747477E+04
   0.69474150068846E+07 -0.22306318131313E+07  0.26744907748395E+06  0.14334726043316E+07 -0.38758561804097E+06  0.13056760143345E+06  0.23477799172361E+06  0.45442889883737E+06  0.83002847940472E+04 -0.43219838141535E+05  0.47895622010905E+04  0.38290030105455E+04  0.23081033264557E+03  0.25151646921026E+02  0.46381620697912E+05 -0.54125531555596E+04  0.50927529805672E+05  0.27369180004731E+05  0.22314655229729E+08 -0.16094175916126E+06 -0.82113044043675E+05 -0.42937826742215E+05 -0.59570276108400E+05 -0.97859674709718E+05 -0.57984981571303E+06 -0.32753502239425E+06 -0.34000371171944E+05 -0.75753799589122E+05  0.12301596819818E+04 -0.53645873282394E+06 -0.26286110779904E+07 -0.15935429122673E+05 -0.32219531806906E+05 -0.19724506933640E+03 -0.16936116732496E+06 -0.72315135324417E+06 -0.23481601091413E+05 -0.74351816037896E+04  0.18337994778443E+05 -0.49870070797919E+05 -0.20147389116699E+05 -0.62448935862387E+05
  -0.61929762303835E+05  0.15191327549703E+05 -0.23055348956202E+04 -0.17264150770107E+05  0.36228368099926E+04 -0.29758608086198E+04 -0.31188296433100E+04 -0.35532446922691E+05  0.90517712910157E+04  0.12081616059153E+04 -0.23934523633506E+03  0.18157109848166E+03  0.96720136020890E+01  0.10792414541669E+01  0.34650112118781E+02  0.11144588569868E+02  0.80846690140374E+01 -0.25121452981989E+02 -0.16094175916126E+06  0.29462163917991E+04  0.96942263436364E+03  0.41294000213118E+03  0.21797982312263E+03 -0.23437740500090E+03  0.46940621389535E+04  0.17164346180338E+04  0.00000000000000E+00  0.25848522801339E+04  0.00000000000000E+00  0.00000000000000E+00  0.40819202884447E+05  0.00000000000000E+00  0.00000000000000E+00  0.00000000000000E+00  0.00000000000000E+00  0.57432574335019E+04  0.00000000000000E+00  0.00000000000000E+00  0.00000000000000E+00 -0.18461515792182E+04  0.00000000000000E+00  0.42268507852906E+04
  -0.26182327006742E+05  0.73194568598972E+04 -0.99127909210373E+03 -0.66873832445417E+04  0.16072271624771E+04 -0.88699950676007E+03 -0.11725234677111E+04 -0.68638048387622E+04  0.14008424746862E+04  0.32111840516752E+03 -0.50614760960189E+02  0.18012548846354E+02  0.12872614177938E+01 -0.34350901553365E-01  0.58865402852871E+02 -0.82363992138028E+01  0.79447114044114E+02  0.47267606768434E+02 -0.82113044043675E+05  0.96942263436364E+03  0.40981386085369E+03  0.19418845763291E+03  0.16250610478144E+03  0.14251011228764E+03  0.21833204121833E+04  0.10119330550722E+04  0.00000000000000E+00  0.67032638103012E+03  0.00000000000000E+00  0.00000000000000E+00  0.15124875237145E+05  0.00000000000000E+00  0.00000000000000E+00  0.00000000000000E+00  0.00000000000000E+00  0.28774256562966E+04  0.00000000000000E+00  0.00000000000000E+00  0.00000000000000E+00 -0.53001760162278E+03  0.00000000000000E+00  0.87635951178008E+03
  -0.12220975130046E+05  0.37509480917446E+04 -0.46680866128903E+03 -0.27729335862006E+04  0.73560924439366E+03 -0.27155694093485E+03 -0.45934917026304E+03 -0.17951201887506E+04  0.31584829374310E+03  0.10239401915988E+03 -0.13801174512081E+02  0.11891020971203E+00  0.10186905146679E-01 -0.15673928039832E-01  0.28647176557273E+02 -0.54478240222750E+01  0.34696919059499E+02  0.24131603624453E+02 -0.42937826742215E+05  0.41294000213118E+03  0.19418845763291E+03  0.98314100569067E+02  0.10132238848218E+03  0.13616268132072E+03  0.10818477937272E+04  0.59242832506033E+03  0.00000000000000E+00  0.19564340391347E+03  0.00000000000000E+00  0.00000000000000E+00  0.64808606672946E+04  0.00000000000000E+00  0.00000000000000E+00  0.00000000000000E+00  0.00000000000000E+00  0.14788254131810E+04  0.00000000000000E+00  0.00000000000000E+00  0.00000000000000E+00 -0.17130107200924E+03  0.00000000000000E+00  0.25836525900846E+03
  -0.16112841804934E+05  0.72976327265831E+04 -0.65154370942706E+03 -0.91413553210905E+03  0.61942227012007E+03  0.45374516149573E+03  0.22874903478135E+02  0.56332329286890E+04 -0.13545174633510E+04 -0.16656480558246E+03  0.39589518924823E+02  0.28009487351141E+02  0.32879984740252E+01 -0.43589073220931E-02 -0.37653213523716E+01 -0.97398491674095E+01 -0.74578311932602E+02 -0.17548554363409E+02 -0.59570276108400E+05  0.21797982312263E+03  0.16250610478144E+03  0.10132238848218E+03  0.31106861521855E+03  0.72116133754202E+03  0.18064998507426E+04  0.15106943479393E+04 -0.60572830720654E+02 -0.36411070584167E+02  0.24896895152035E+01  0.10429582655310E+04  0.17034873353286E+04  0.00000000000000E+00  0.00000000000000E+00  0.00000000000000E+00  0.16760662841862E+04  0.26957027223961E+04  0.00000000000000E+00  0.00000000000000E+00  0.00000000000000E+00 -0.14437235690747E+03 -0.27722500531731E+03 -0.30547197244898E+03
  -0.11464444970892E+05  0.11290546255168E+05 -0.62885174057439E+03  0.33882270978726E+04  0.63778250382766E+03  0.27458639661776E+04  0.12135276155473E+04  0.41126305989377E+05 -0.10301451365129E+05 -0.12135311774503E+04  0.28248793327278E+03  0.22117227271724E+03  0.23225156514892E+02  0.46672894766476E-02 -0.10886823040213E+03 -0.35448614213750E+02 -0.32013183307640E+03 -0.53538204675520E+02 -0.97859674709718E+05 -0.23437740500090E+03  0.14251011228764E+03  0.13616268132072E+03  0.72116133754202E+03  0.24578495910386E+04  0.25856898777132E+04  0.27222160170377E+04 -0.22464459354909E+03 -0.15931892230727E+03 -0.41966798335239E+02 -0.55357689291073E+04 -0.96276795145581E+04  0.00000000000000E+00  0.00000000000000E+00  0.00000000000000E+00  0.33706448936861E+04  0.53208209089113E+04  0.00000000000000E+00  0.00000000000000E+00  0.00000000000000E+00 -0.71413223450960E+03 -0.22895992461328E+04 -0.25242104003198E+04
  -0.25007970780903E+06  0.73663267259835E+05 -0.95611694479828E+04 -0.43002978882447E+05  0.11157083012500E+05 -0.43502541636615E+04 -0.72396869255707E+04 -0.30363489971402E+05  0.50293567127980E+04  0.18480289094380E+04 -0.23690570354268E+03 -0.43032571339130E+02 -0.74042336035642E+01 -0.23004810145576E-02  0.89910582526430E+03 -0.19242882938168E+03  0.10305818055260E+04  0.77744705405617E+03 -0.57984981571303E+06  0.46940621389535E+04  0.21833204121833E+04  0.10818477937272E+04  0.18064998507426E+04  0.25856898777132E+04  0.21905400662102E+05  0.10110018171843E+05  0.25232700081980E+03  0.18800604509570E+03  0.32284007174633E+00  0.39682778623869E+05  0.79006866779814E+05  0.00000000000000E+00  0.00000000000000E+00  0.00000000000000E+00  0.15202062427919E+05  0.24581007932247E+05  0.00000000000000E+00  0.00000000000000E+00  0.00000000000000E+00  0.16668672984440E+04  0.17244853110394E+04  0.21030147655794E+04
  -0.10069247461035E+06  0.40876713724981E+05 -0.39326919177044E+04 -0.91486828330170E+04  0.36246851005246E+04  0.60599694536797E+03 -0.95549175752232E+03  0.52268743959775E+04 -0.12624933079896E+04 -0.93190443458731E+02  0.37333846463771E+02  0.24029306050808E+02  0.34412328480943E+01 -0.14367073761010E-01  0.98361593361449E+02 -0.42508707989979E+02 -0.11749575820014E+03 -0.39961282700843E+01 -0.32753502239425E+06  0.17164346180338E+04  0.10119330550722E+04  0.59242832506033E+03  0.15106943479393E+04  0.27222160170377E+04  0.10110018171843E+05  0.82291602006380E+04 -0.21898354617743E+03 -0.11659097647794E+03  0.12270136744522E+02  0.12388261546177E+05  0.20877002564447E+05  0.00000000000000E+00  0.00000000000000E+00  0.00000000000000E+00  0.79532316882633E+04  0.13044971458285E+05  0.00000000000000E+00  0.00000000000000E+00  0.00000000000000E+00 -0.27109148925534E+03 -0.14169583337353E+03 -0.14254180086879E+03
  -0.13066728535000E+06  0.16800320533704E+05 -0.46407347998536E+04 -0.12411692844235E+05  0.20218210462938E+04 -0.31559471690232E+04 -0.26790611594997E+04 -0.58438525587845E+05  0.10905576585930E+05  0.25726105163272E+04 -0.44875234322800E+03 -0.79526209392151E+03 -0.11340764197138E+03  0.50641671264287E-01 -0.31026390735422E+04  0.61508023342301E+03 -0.40918226974602E+04 -0.28136699952390E+04 -0.34000371171944E+05  0.00000000000000E+00  0.00000000000000E+00  0.00000000000000E+00 -0.60572830720654E+02 -0.22464459354909E+03  0.25232700081980E+03 -0.21898354617743E+03  0.11662114449754E+06  0.00000000000000E+00  0.00000000000000E+00  0.00000000000000E+00  0.00000000000000E+00  0.00000000000000E+00  0.00000000000000E+00  0.00000000000000E+00  0.00000000000000E+00  0.00000000000000E+00  0.00000000000000E+00  0.00000000000000E+00  0.00000000000000E+00  0.00000000000000E+00  0.00000000000000E+00  0.00000000000000E+00
  -0.55067691668089E+05  0.82131781240149E+04 -0.19585806689332E+04 -0.20582208391512E+05  0.34631465578127E+04 -0.49574920844044E+04 -0.42818087308707E+04 -0.46210212586973E+05  0.10165222319085E+05  0.17560389293699E+04 -0.33332974957106E+03  0.66960182753539E-11  0.24693756397318E-13 -0.29850828659329E-12 -0.20198435112770E+04  0.38606901861769E+03 -0.25854598765717E+04 -0.17465881466447E+04 -0.75753799589122E+05  0.25848522801339E+04  0.67032638103012E+03  0.19564340391347E+03 -0.36411070584167E+02 -0.15931892230727E+03  0.18800604509570E+03 -0.11659097647794E+03  0.00000000000000E+00  0.64489301640169E+05  0.00000000000000E+00  0.00000000000000E+00  0.00000000000000E+00  0.00000000000000E+00  0.00000000000000E+00  0.00000000000000E+00  0.00000000000000E+00  0.00000000000000E+00  0.00000000000000E+00  0.00000000000000E+00  0.00000000000000E+00  0.00000000000000E+00  0.00000000000000E+00  0.00000000000000E+00
  -0.49900151448524E+04 -0.20680269152993E+03  0.23551163527111E+02 -0.40553443896195E+02 -0.61374534532833E+02  0.17950963209764E+03  0.14855579976909E+03 -0.68816342741710E+05  0.24640244439886E+05  0.72965503606518E+03 -0.33884897107074E+03 -0.45969237814261E+03 -0.18581570749403E+02 -0.42452274784230E+01 -0.25140062433911E+04  0.30025362986489E+03 -0.31293625431084E+04 -0.15658372627234E+04  0.12301596819818E+04  0.00000000000000E+00  0.00000000000000E+00  0.00000000000000E+00  0.24896895152035E+01 -0.41966798335239E+02  0.32284007174633E+00  0.12270136744522E+02  0.00000000000000E+00  0.00000000000000E+00  0.30798496097135E+05  0.00000000000000E+00  0.00000000000000E+00  0.00000000000000E+00  0.00000000000000E+00  0.00000000000000E+00  0.00000000000000E+00  0.00000000000000E+00  0.00000000000000E+00  0.00000000000000E+00  0.00000000000000E+00  0.00000000000000E+00  0.00000000000000E+00  0.00000000000000E+00
  -0.83927132916548E+06  0.19956731609515E+06 -0.30811678003351E+05 -0.61362442515243E+05  0.12463203448808E+05 -0.11765761470058E+05 -0.11650998858060E+05 -0.28271267590171E+06  0.66185551996943E+05  0.10467284086272E+05 -0.19879836493115E+04 -0.36217416782136E+04 -0.41765627789406E+03 -0.36065862218505E+00  0.18075975014922E+04 -0.96667803702165E+02  0.27746291921426E+04  0.12063684661069E+04 -0.53645873282394E+06  0.00000000000000E+00  0.00000000000000E+00  0.00000000000000E+00  0.10429582655310E+04 -0.55357689291073E+04  0.39682778623869E+05  0.12388261546177E+05  0.00000000000000E+00  0.00000000000000E+00  0.00000000000000E+00  0.57984933551165E+06  0.00000000000000E+00  0.00000000000000E+00  0.00000000000000E+00  0.00000000000000E+00  0.00000000000000E+00  0.00000000000000E+00  0.00000000000000E+00  0.00000000000000E+00  0.00000000000000E+00  0.00000000000000E+00  0.00000000000000E+00  0.00000000000000E+00
  -0.10752574075813E+07  0.24781924393788E+06 -0.39673915910922E+05 -0.32021550814205E+06  0.65845352971815E+05 -0.58706695803560E+05 -0.60993804581026E+05 -0.54679820613080E+06  0.12377738942573E+06  0.21474563742484E+05 -0.38950231116802E+04 -0.16201227497422E-09  0.11561553901877E-10 -0.34818341765467E-11  0.41371781856558E+04 -0.40141749608515E+03  0.65121146690283E+04  0.33958491302000E+04 -0.26286110779904E+07  0.40819202884447E+05  0.15124875237145E+05  0.64808606672946E+04  0.17034873353286E+04 -0.96276795145581E+04  0.79006866779814E+05  0.20877002564447E+05  0.00000000000000E+00  0.00000000000000E+00  0.00000000000000E+00  0.00000000000000E+00  0.92167440347523E+06  0.00000000000000E+00  0.00000000000000E+00  0.00000000000000E+00  0.00000000000000E+00  0.00000000000000E+00  0.00000000000000E+00  0.00000000000000E+00  0.00000000000000E+00  0.00000000000000E+00  0.00000000000000E+00  0.00000000000000E+00
  -0.20935292183544E+05  0.57508346408006E+04 -0.80017257561410E+03 -0.11197575877884E+04  0.32381691029097E+03 -0.58408564623461E+02 -0.18731965444808E+03 -0.72600685367464E+05  0.23026662900322E+05  0.14599549301813E+04 -0.42507751017713E+03 -0.15918424476956E+04 -0.10082055346597E+03 -0.18801796425029E+01 -0.15346346336947E+04  0.17281318833276E+03 -0.15672415308496E+04 -0.80613977735456E+03 -0.15935429122673E+05  0.00000000000000E+00  0.00000000000000E+00  0.00000000000000E+00  0.00000000000000E+00  0.00000000000000E+00  0.00000000000000E+00  0.00000000000000E+00  0.00000000000000E+00  0.00000000000000E+00  0.00000000000000E+00  0.00000000000000E+00  0.00000000000000E+00  0.14360512884833E+05  0.00000000000000E+00  0.00000000000000E+00  0.00000000000000E+00  0.00000000000000E+00  0.00000000000000E+00  0.00000000000000E+00  0.00000000000000E+00  0.00000000000000E+00  0.00000000000000E+00  0.00000000000000E+00
  -0.48432248665878E+05  0.13533497385848E+05 -0.18588270435623E+04 -0.22718009446447E+04  0.63298126561561E+03 -0.15222848240788E+03 -0.37003695490401E+03 -0.16669405070675E+06  0.52972175923277E+05  0.33043973213512E+04 -0.97548905477180E+03 -0.46706505605552E+02 -0.11924023619302E+02 -0.21284286876564E-05 -0.32124946896738E+04  0.35784454713299E+03 -0.32963399926803E+04 -0.16905794512280E+04 -0.32219531806906E+05  0.00000000000000E+00  0.00000000000000E+00  0.00000000000000E+00  0.00000000000000E+00  0.00000000000000E+00  0.00000000000000E+00  0.00000000000000E+00  0.00000000000000E+00  0.00000000000000E+00  0.00000000000000E+00  0.00000000000000E+00  0.00000000000000E+00  0.00000000000000E+00  0.33450039062426E+05  0.00000000000000E+00  0.00000000000000E+00  0.00000000000000E+00  0.00000000000000E+00  0.00000000000000E+00  0.00000000000000E+00  0.00000000000000E+00  0.00000000000000E+00  0.00000000000000E+00
  -0.31507078837744E+04  0.41842537085559E+03 -0.99561071796649E+02 -0.64822148291053E+02  0.87382612786216E+01 -0.19325517884877E+02 -0.13263635759921E+02 -0.13838423133473E+04  0.19464577800742E+03  0.42767165530141E+02 -0.11017683537582E+02 -0.54498979141940E+02 -0.44326755357543E+01 -0.92565206685141E-01 -0.74249432563473E+03  0.87803261363007E+02 -0.80682726515617E+03 -0.44701694531290E+03 -0.19724506933640E+03  0.00000000000000E+00  0.00000000000000E+00  0.00000000000000E+00  0.00000000000000E+00  0.00000000000000E+00  0.00000000000000E+00  0.00000000000000E+00  0.00000000000000E+00  0.00000000000000E+00  0.00000000000000E+00  0.00000000000000E+00  0.00000000000000E+00  0.00000000000000E+00  0.00000000000000E+00  0.37681820234858E+04  0.00000000000000E+00  0.00000000000000E+00  0.00000000000000E+00  0.00000000000000E+00  0.00000000000000E+00  0.00000000000000E+00  0.00000000000000E+00  0.00000000000000E+00
  -0.18736769039748E+06  0.58465763452620E+05 -0.72524217324114E+04 -0.98034266638591E+04  0.30289857731594E+04 -0.31018852396071E+03 -0.13850157543816E+04 -0.47682508319709E+04  0.59209943426642E+03  0.44845699268473E+03 -0.38511208176501E+02 -0.97204512013903E-01 -0.69555385141952E-01 -0.34412439115873E-13  0.39861691809312E+03 -0.10875456219454E+03  0.16784677934706E+03  0.21480766529254E+03 -0.16936116732496E+06  0.00000000000000E+00  0.00000000000000E+00  0.00000000000000E+00  0.16760662841862E+04  0.33706448936861E+04  0.15202062427919E+05  0.79532316882633E+04  0.00000000000000E+00  0.00000000000000E+00  0.00000000000000E+00  0.00000000000000E+00  0.00000000000000E+00  0.00000000000000E+00  0.00000000000000E+00  0.00000000000000E+00  0.10715830495612E+06  0.00000000000000E+00  0.00000000000000E+00  0.00000000000000E+00  0.00000000000000E+00  0.00000000000000E+00  0.00000000000000E+00  0.00000000000000E+00
  -0.20272909369257E+06  0.62672237447994E+05 -0.78406129273806E+04 -0.43078415553916E+05  0.13105984556568E+05 -0.15727783587472E+04 -0.61909544598837E+04 -0.93143755983216E+04  0.11651774625400E+04  0.84866976711756E+03 -0.75336104360955E+02  0.77503458698759E-10  0.32860805115849E-11  0.36322947485905E-14  0.67852077435364E+03 -0.18279368901990E+03  0.31559791604207E+03  0.38201727996879E+03 -0.72315135324417E+06  0.57432574335019E+04  0.28774256562966E+04  0.14788254131810E+04  0.26957027223961E+04  0.53208209089113E+04  0.24581007932247E+05  0.13044971458285E+05  0.00000000000000E+00  0.00000000000000E+00  0.00000000000000E+00  0.00000000000000E+00  0.00000000000000E+00  0.00000000000000E+00  0.00000000000000E+00  0.00000000000000E+00  0.00000000000000E+00  0.13840041449634E+06  0.00000000000000E+00  0.00000000000000E+00  0.00000000000000E+00  0.00000000000000E+00  0.00000000000000E+00  0.00000000000000E+00
  -0.86456996455984E+04  0.22848581293956E+04 -0.32597317232911E+03 -0.21850921317576E+04  0.48794373930683E+03 -0.35729020686007E+03 -0.41250817875617E+03  0.87587717780966E+03 -0.14281250349241E+04  0.10661756778601E+03 -0.95835631782775E+01 -0.12264032946736E+01 -0.12775633062921E+00 -0.11238981615964E-02 -0.31879637786048E+04  0.53577863263721E+03 -0.37739509421184E+04 -0.24533040653408E+04 -0.23481601091413E+05  0.00000000000000E+00  0.00000000000000E+00  0.00000000000000E+00  0.00000000000000E+00  0.00000000000000E+00  0.00000000000000E+00  0.00000000000000E+00  0.00000000000000E+00  0.00000000000000E+00  0.00000000000000E+00  0.00000000000000E+00  0.00000000000000E+00  0.00000000000000E+00  0.00000000000000E+00  0.00000000000000E+00  0.00000000000000E+00  0.00000000000000E+00  0.81303417978632E+04  0.00000000000000E+00  0.00000000000000E+00  0.00000000000000E+00  0.00000000000000E+00  0.00000000000000E+00
  -0.30778441956072E+04  0.73029254063917E+03 -0.11487971880294E+03 -0.86859453445675E+03  0.17951730666063E+03 -0.16534288590819E+03 -0.16994787166234E+03  0.49897975072834E+03 -0.76106484195001E+03  0.48635821877609E+02 -0.47970893295692E+01 -0.52897443171172E+00 -0.50283948680895E-01 -0.62341048561204E-03 -0.16426494238708E+04  0.25482102290533E+03 -0.19855531781368E+04 -0.12354620382460E+04 -0.74351816037896E+04  0.00000000000000E+00  0.00000000000000E+00  0.00000000000000E+00  0.00000000000000E+00  0.00000000000000E+00  0.00000000000000E+00  0.00000000000000E+00  0.00000000000000E+00  0.00000000000000E+00  0.00000000000000E+00  0.00000000000000E+00  0.00000000000000E+00  0.00000000000000E+00  0.00000000000000E+00  0.00000000000000E+00  0.00000000000000E+00  0.00000000000000E+00  0.00000000000000E+00  0.41784106943713E+04  0.00000000000000E+00  0.00000000000000E+00  0.00000000000000E+00  0.00000000000000E+00
