# fitpack15: fit parameters                                                                         
# CJ15 AV18 final data choices                                                                      
# Created on 01/29/2020 at 00:11:11                                                                 

 # QCD setup
  INS                           0
  NVL                          11
  IORD                          1
  Q02                   1.6899999999999999     
  IPARAMC                       7
  FLAVOR                4.0000000000000000     
  xmc                   1.3000000000000000     
  xmb                   4.5000000000000000     
  ncb                          12
  ihq                           1
  ias                           0

 # Theory corrections
  inuke                     10814
  itmc                          1
  iht                           2

 # fit parameters
 LAMBDA       0.22680        0.0000    
 a0uv          2.2446        0.0000    
 a1uv         0.60233       0.22650E-01
 a2uv          3.6164       0.15394E-01
 a3uv          0.0000        0.0000    
 a4uv          4.0763       0.55946    
 a5uv          0.0000        0.0000    
 a0dv          22.318        0.0000    
 a1dv          1.1460       0.37977E-01
 a2dv          6.3727       0.18890    
 a3dv         -3.3507       0.10859    
 a4dv          4.4385       0.15646    
 a5dv          0.0000        0.0000    
 a0ud         0.14498       0.51033E-02
 a1ud        -0.20915       0.38179E-02
 a2ud          8.6832       0.20886    
 a3ud          0.0000        0.0000    
 a4ud          15.868        1.4097    
 a5ud          0.0000        0.0000    
 a0du          35712.        0.0000    
 a1du          4.1168       0.94476E-01
 a2du          19.760       0.97726    
 a3du          17.000        0.0000    
 a4du          50.093        10.937    
 a0g           51.076        0.0000    
 a1g          0.62507       0.27924E-01
 a2g           5.7605       0.69320    
 a3g          -3.4608       0.10384    
 a4g           3.2915       0.22102    
 a5g           0.0000        0.0000    
 kappa        0.40000        0.0000    
 a6dv        -0.28074E-02   0.91095E-03
 a7dv          2.0000        0.0000    
 off1        -0.36212        1.3318    
 off2         0.34617       0.78952    
 ht1          -4.1919        1.0404    
 ht2           2.2131       0.19320    
 ht3          -2.0893       0.38474E-01
 ht4           2.6091       0.14916    
 ht1n         -4.0080        2.3314    
 ht2n          2.2407       0.42046    
 ht3n         -2.2882       0.94696E-01
 ht4n          3.1036       0.40257    
 dummy44       0.0000        0.0000    
 dummy45       0.0000        0.0000    
 dummy46       0.0000        0.0000    
 dummy47       0.0000        0.0000    
 dummy48       0.0000        0.0000    
 dummy49       0.0000        0.0000    
 bcdmsh2      0.97395       0.48944E-02
 bcdmsd2      0.99267       0.58809E-02
 ccfr          1.0000        0.0000    
 nutev         1.0000        0.0000    
 zeus         0.97998        0.0000    
 h1            1.0162        0.0000    
 e605          1.0319        0.0000    
 NmcH2         1.0091       0.71571E-02
 ntv_nu        1.0000        0.0000    
 ntv_nubar     1.0000        0.0000    
 cdf_jet      0.98910        0.0000    
 d0_jet       0.83504        0.0000    
 slac_p        1.0019       0.52045E-02
 slac_d        1.0036       0.54218E-02
 e866pp       0.96348       0.19647E-01
 e866pd       0.95123       0.16646E-01
 d0_gamjet     1.0401       0.16513E-01
 h1b          0.97608        0.0000    
 jlab_p       0.98676       0.63665E-02
 jlab_d       0.97595       0.61190E-02
 blank         1.0000        0.0000    
 d0run2       0.95217       0.15173E-01
 cdfrun2      0.93494       0.17673E-01
 HERA_el       1.0000        0.0000    
 HERA_ps       1.0000        0.0000    
 CDF_Z        0.96482       0.68081E-02
 NmcRat        1.0000        0.0000    
 BNS_F2nd     0.98632       0.12838E-01
 HERMES_F2p   0.99596       0.57555E-02
 HERMES_F2d   0.97930       0.59100E-02
 END 0. 0.

 # Hessian matrix (Bevington alpha)
   0.45439476823839E+07 -0.11357171052783E+07  0.19014323057743E+06  0.43230544511734E+06 -0.12069181071774E+06 -0.11048177157490E+04  0.62360608549368E+05  0.88674408341851E+06 -0.17365200834583E+06 -0.44776803726699E+05  0.66361885392794E+04  0.14773699402796E+05  0.16923012144553E+04 -0.11481056167233E+03  0.99695685457661E+04 -0.26928568583700E+04  0.15429782711421E+05  0.11190618462684E+05 -0.57044581168918E+07 -0.22005333985417E+04 -0.66131903550274E+04 -0.11937335495168E+05 -0.32595545531143E+04 -0.19424402590363E+06 -0.72831999181244E+05 -0.46587926262915E+04 -0.51626982090370E+04 -0.48624120156011E+05 -0.23489348207710E+05 -0.12772270337295E+06 -0.53895771041670E+05 -0.45446989443179E+04 -0.82441998102102E+06 -0.10562400226952E+07 -0.20760964830091E+05 -0.47056670616637E+05 -0.30994788346846E+04 -0.18366205072328E+06 -0.20165906628109E+06 -0.86505762051641E+04 -0.31002648273627E+04 -0.15859753361889E+05  0.17349640648164E+05 -0.71910572919035E+05 -0.56316334654934E+05
  -0.11357171052783E+07  0.34958858619660E+06 -0.48894450039208E+05 -0.11598550002285E+06  0.32944032472683E+05  0.29633026104129E+04 -0.13867274159619E+05 -0.11209351101875E+06  0.25461111439833E+05  0.64218672031534E+04 -0.78494171613291E+03 -0.11478150135948E+04 -0.13756185079692E+03  0.13789814182396E+02  0.63074595598331E+03 -0.18880591770819E+02  0.39151392628305E+03  0.19040728617457E+03  0.18951498801736E+07  0.85570097561892E+03  0.18005475378224E+04  0.59143518547146E+04  0.78945267347097E+04  0.58383678844696E+05  0.30982366770721E+05  0.17811305038165E+04  0.27768856096144E+04  0.13720342544222E+05  0.87759170556029E+04  0.16694177134824E+05  0.81939066611399E+04 -0.22084896841145E+03  0.19901693243116E+06  0.24864615830753E+06  0.57931959444564E+04  0.13285398416015E+05  0.41973793123640E+03  0.58162204206425E+05  0.63346353963750E+05  0.23230482086775E+04  0.74749598842810E+03 -0.22360407296782E+04 -0.23471422232284E+04  0.84812364312427E+04  0.70852879513181E+04
   0.19014323057743E+06 -0.48894450039208E+05  0.80313605643584E+04  0.18084624522420E+05 -0.51662780827195E+04 -0.25055712738962E+03  0.25677694057374E+04  0.27269652159082E+05 -0.52214726378294E+04 -0.16266086913697E+04  0.20700816389447E+03  0.43215241862620E+03  0.56540308417067E+02 -0.47514355447216E+01 -0.26960611815640E+03 -0.26120182283794E+02 -0.18784315867015E+03  0.64224570143627E+01 -0.24761974954232E+06 -0.97429425338920E+02 -0.28042851608808E+03 -0.55631822073672E+03 -0.36386356116863E+03 -0.83202403312225E+04 -0.32196083230156E+04 -0.20784446918145E+03 -0.26509945145922E+03 -0.20736114353857E+04 -0.10288138880023E+04 -0.50007533808014E+04 -0.21179877392561E+04  0.37431096167178E+02 -0.33710409206251E+05 -0.43437593821097E+05 -0.88800353562197E+03 -0.20205169780210E+04 -0.10769222850309E+03 -0.79902534874850E+04 -0.87649191491175E+04 -0.36420843559577E+03 -0.12881187672910E+03 -0.12140726906546E+02  0.68527301635192E+03 -0.23561237705694E+04 -0.18932734959012E+04
   0.43230544511734E+06 -0.11598550002285E+06  0.18084624522420E+05  0.38163983592877E+06 -0.61351793841214E+05  0.78015299494862E+05  0.64923435633096E+05  0.33439210925693E+06 -0.23736218886204E+05 -0.17109033741164E+05  0.30238890914600E+04 -0.13281505287776E+04 -0.14244233161229E+03  0.60008359614512E+02  0.32035278423837E+05 -0.42473825008889E+04  0.37174638875572E+05  0.20918352405307E+05 -0.18221130999686E+07 -0.37146573329716E+03 -0.19982300813774E+04 -0.71283742182238E+03  0.20280858664999E+04 -0.27747875547304E+05 -0.65500042610340E+04 -0.64779515727395E+03  0.44328148601442E+03 -0.15155761327524E+05 -0.42937859940572E+04 -0.12565470223914E+05 -0.20860419106801E+05 -0.76599252796561E+02 -0.64873939545166E+05 -0.33359197463710E+06 -0.13691785671249E+04 -0.24987168130791E+04 -0.73440016439695E+02 -0.10896517638119E+05 -0.47714063884979E+05 -0.23614439218783E+04 -0.93187513611509E+03 -0.95188890635679E+04 -0.16036048804372E+05 -0.72301016194860E+04 -0.21298133960312E+05
  -0.12069181071774E+06  0.32944032472683E+05 -0.51662780827195E+04 -0.61351793841214E+05  0.11966578509307E+05 -0.88632372294806E+04 -0.99244668481326E+04 -0.29922889654599E+05 -0.65820012107310E+02  0.21934906178710E+04 -0.29770756093510E+03 -0.32513043503783E+02  0.39248172669794E+01 -0.54293323721199E+01 -0.28190276781505E+04  0.38917526314619E+03 -0.31181313553239E+04 -0.17923447350908E+04  0.42920356361189E+06  0.12216321235609E+03  0.43172219118154E+03  0.33818810227776E+03  0.25003872903661E+03  0.65388826014093E+04  0.20206312168305E+04  0.24729518002053E+03  0.34048063624492E+03  0.33607545575787E+04  0.12597459788052E+04  0.19879217739088E+04  0.33869465553365E+04 -0.54564013627644E+02  0.12226388752864E+05  0.64026682985575E+05  0.34887195835946E+03  0.61777923380510E+03  0.97335143654722E+01  0.29511164713500E+04  0.12775325250175E+05  0.48186086054073E+03  0.17877705536651E+03  0.31964666516447E+03  0.25606064944878E+04  0.83116238207771E+03  0.25487031694214E+04
  -0.11048177157490E+04  0.29633026104129E+04 -0.25055712738962E+03  0.78015299494862E+05 -0.88632372294806E+04  0.23017201295161E+05  0.14659582582465E+05  0.10006779954473E+06 -0.82852503056544E+04 -0.44721092719542E+04  0.89381384485679E+03 -0.60663463077620E+03 -0.58250362343689E+02  0.19400850830618E+02  0.93116663594333E+04 -0.12565903871047E+04  0.11044940133656E+05  0.62889882916401E+04 -0.11366584727845E+06  0.49789857911755E+02 -0.21315697238731E+03  0.31710627253852E+03  0.16012260869251E+04 -0.17065117755030E+04  0.63444596309607E+03  0.16392695087149E+03  0.92679736061430E+03 -0.13794308306397E+04  0.26157947536980E+03 -0.28688166182070E+04 -0.44456476800003E+04  0.14622239678283E+03 -0.10107822090539E+05 -0.49801276577187E+05 -0.44311317519122E+02 -0.10441333875532E+03 -0.19233632439606E+02 -0.35005441509589E+02 -0.36521523438175E+03 -0.29878039736661E+03 -0.14448215650106E+03 -0.28417453838185E+04 -0.36692347481925E+04 -0.18400850319014E+04 -0.53028630202940E+04
   0.62360608549368E+05 -0.13867274159619E+05  0.25677694057374E+04  0.64923435633096E+05 -0.99244668481326E+04  0.14659582582465E+05  0.11711486788218E+05  0.54474377861929E+05 -0.22887088701314E+04 -0.30998037562468E+04  0.51377077155193E+03 -0.18562680827354E+03 -0.22906472232122E+02  0.10282080709986E+02  0.49220643334302E+04 -0.68319140693056E+03  0.55941185919082E+04  0.32415009584874E+04 -0.24296358514517E+06 -0.25176617166738E+02 -0.31058854852465E+03  0.52713431514378E+02  0.75210121787929E+03 -0.37714337022290E+04 -0.39566945790822E+03 -0.93380335867253E+01  0.31698621493073E+03 -0.22635108418947E+04 -0.34825750002381E+03 -0.24888179153796E+04 -0.39415024640008E+04  0.12833822831814E+03 -0.10674148617784E+05 -0.55331483777360E+05 -0.19144874487193E+03 -0.33848334104972E+03 -0.13606300652729E+02 -0.12244436181127E+04 -0.54791721155370E+04 -0.37903671928824E+03 -0.15827006569472E+03 -0.11914712561460E+04 -0.32932964652797E+04 -0.11461627939632E+04 -0.34133599035659E+04
   0.88674408341851E+06 -0.11209351101875E+06  0.27269652159082E+05  0.33439210925693E+06 -0.29922889654599E+05  0.10006779954473E+06  0.54474377861929E+05  0.51484220410621E+07 -0.23735607258011E+07 -0.84911741117114E+05  0.25036805511587E+05  0.25525516321343E+05  0.17311246715984E+04  0.11219312080649E+03  0.86458929840983E+05 -0.11589018320048E+05  0.11755520533398E+06  0.62842026404642E+05 -0.42638654254714E+06  0.49884748263801E+03 -0.90883214042160E+03  0.34901408281813E+04  0.32133251376496E+05 -0.23063698959514E+05  0.26764246751236E+04  0.28051282658669E+03  0.10962850179017E+05 -0.11135180397356E+05 -0.41064132420556E+03 -0.57533764995161E+05 -0.47072570281147E+05 -0.68777472684881E+05 -0.28105871065231E+06 -0.55060185186456E+06 -0.73716655243346E+05 -0.16598142955503E+06 -0.13440887457181E+04 -0.48037036683660E+04 -0.93371718430725E+04  0.74292683070020E+03  0.42157813031736E+03 -0.26594690434222E+06 -0.84677218119455E+04 -0.14111419637901E+06 -0.17365895041485E+06
  -0.17365200834583E+06  0.25461111439833E+05 -0.52214726378294E+04 -0.23736218886204E+05 -0.65820012107310E+02 -0.82852503056544E+04 -0.22887088701314E+04 -0.23735607258011E+07  0.19483207410944E+07  0.19074587635088E+05 -0.63543494269186E+04 -0.55015877131906E+04 -0.30417172998740E+03 -0.16171084151446E+02  0.48852892527822E+05 -0.25106124311438E+04  0.21009773379814E+05  0.10673881889277E+05 -0.35056421435160E+05 -0.12953314576059E+03  0.18123540885840E+02 -0.70336724174928E+03 -0.80537114970177E+04  0.41059105336657E+04 -0.46317843124727E+03  0.33523066612718E+02 -0.27967812111549E+04  0.21738825253008E+04  0.17669250388418E+03  0.10703867372159E+05  0.10418634268913E+05  0.24666964909169E+05  0.65851885125695E+05  0.12490211025800E+06  0.23451038401375E+05  0.52836124543641E+05  0.18425667394191E+03  0.60077376619599E+03  0.11753439455745E+04 -0.13905708427194E+04 -0.74058738158994E+03  0.11236796802080E+06  0.15564383157081E+04  0.45305623600649E+05  0.55190760232174E+05
  -0.44776803726699E+05  0.64218672031534E+04 -0.16266086913697E+04 -0.17109033741164E+05  0.21934906178710E+04 -0.44721092719542E+04 -0.30998037562468E+04 -0.84911741117114E+05  0.19074587635088E+05  0.25103778913974E+04 -0.59058838750970E+03 -0.64722328767980E+03 -0.57640448827965E+02 -0.20521088253942E+01 -0.40915229171705E+04  0.53795313985260E+03 -0.48830392662541E+04 -0.27509287232986E+04  0.43155630978038E+05 -0.10123351644924E+02  0.78193733802835E+02 -0.12498601278687E+03 -0.95073566961931E+03  0.13252240558827E+04 -0.71658435741695E+02 -0.17571247134339E+02 -0.30592552702119E+03  0.58073439082167E+03  0.30522770097415E+02  0.25536127008342E+04  0.17835335288701E+04  0.73287406497119E+03  0.10461828730946E+05  0.21652449379290E+05  0.14872841129248E+04  0.33006366287287E+04  0.42027401341750E+02  0.45162498125761E+03  0.85219619143806E+03  0.11106304337862E+03  0.51216651903730E+02  0.30584036394061E+04  0.42421128938817E+03  0.27864755194333E+04  0.35185903375923E+04
   0.66361885392794E+04 -0.78494171613291E+03  0.20700816389447E+03  0.30238890914600E+04 -0.29770756093510E+03  0.89381384485679E+03  0.51377077155193E+03  0.25036805511587E+05 -0.63543494269186E+04 -0.59058838750970E+03  0.16220934372095E+03  0.18133377444730E+03  0.13287479195255E+02  0.76757417072830E+00  0.12296703291477E+04 -0.14477657060605E+03  0.14083983107542E+04  0.76212575617388E+03 -0.46748524060426E+04  0.33198445225348E+01 -0.85988838736004E+01  0.25668128658281E+02  0.21459294597643E+03 -0.17099202313902E+03  0.21080966560796E+02  0.33605449756693E+01  0.72740417306924E+02 -0.80366811877164E+02 -0.13805021554633E+01 -0.42878299858481E+03 -0.32903787728839E+03 -0.33285295541277E+03 -0.19193462288917E+04 -0.38061141852045E+04 -0.42072519864430E+03 -0.94818387068336E+03 -0.10471764052859E+02 -0.37447640507385E+02 -0.72894906689707E+02 -0.99253830950350E+01 -0.50555449292075E+01 -0.11084613629651E+04 -0.62747628081137E+02 -0.80434983072978E+03 -0.99749324479873E+03
   0.14773699402796E+05 -0.11478150135948E+04  0.43215241862620E+03 -0.13281505287776E+04 -0.32513043503783E+02 -0.60663463077620E+03 -0.18562680827354E+03  0.25525516321343E+05 -0.55015877131906E+04 -0.64722328767980E+03  0.18133377444730E+03  0.15085128261775E+04  0.10209197201037E+03 -0.10213808541297E+01  0.13501185628334E+04 -0.20322367226509E+03  0.20488867885017E+04  0.11636286460161E+04 -0.53038157116963E+04 -0.65688944478865E+01 -0.28483166963892E+01  0.82333442810628E+02  0.49775385877721E+03 -0.72936966576501E+02  0.65314332751700E+02  0.19358577281178E+01 -0.68708889481306E+02  0.23084067432285E+02  0.60478491108163E+01 -0.10998967165975E+04  0.72604982233528E-12 -0.65280112835760E+03 -0.50079361427420E+04 -0.56178424469377E-10 -0.22489084063428E+04 -0.73021110588194E+02 -0.74840859671694E+02 -0.22205471135570E+00 -0.87491216919205E-10 -0.16431757174552E+01 -0.71177523568638E+00  0.27248456855587E+03  0.32023001545896E+03 -0.26298710682807E+04  0.15153404279059E-09
   0.16923012144553E+04 -0.13756185079692E+03  0.56540308417067E+02 -0.14244233161229E+03  0.39248172669794E+01 -0.58250362343689E+02 -0.22906472232122E+02  0.17311246715984E+04 -0.30417172998740E+03 -0.57640448827965E+02  0.13287479195255E+02  0.10209197201037E+03  0.93841340772354E+01 -0.17553263703299E+00  0.79197982858773E+02 -0.14274677415784E+02  0.12981231104660E+03  0.79431483921976E+02 -0.25992361289691E+03 -0.53334061438613E+00  0.24507473604691E+00  0.89630771260511E+01  0.51737171117360E+02 -0.17013016017845E+02  0.88968577410236E+01 -0.90280809583784E+00 -0.76281118723606E+01  0.38045918932005E+01 -0.93279303384383E+00 -0.16304756889402E+03 -0.25520731735804E-11 -0.26097173164068E+02 -0.59649770237856E+03  0.74236564110857E-10 -0.14295499754765E+03 -0.19352010307795E+02 -0.61529034953217E+01 -0.15973309269443E+00  0.99728065445520E-11 -0.17623708118998E+00 -0.69205153666157E-01  0.27553082832016E+02  0.71908346291067E+02 -0.19290185061525E+03  0.49879218113389E-11
  -0.11481056167233E+03  0.13789814182396E+02 -0.47514355447216E+01  0.60008359614512E+02 -0.54293323721199E+01  0.19400850830618E+02  0.10282080709986E+02  0.11219312080649E+03 -0.16171084151446E+02 -0.20521088253942E+01  0.76757417072830E+00 -0.10213808541297E+01 -0.17553263703299E+00  0.61741558959749E-01  0.16298243331168E+02 -0.13368959152965E+01  0.13637664582547E+02  0.65154076748785E+01 -0.77903084548871E+02  0.26468145819871E-01 -0.17209847627640E+00  0.12216221023480E+00  0.12490818619668E+00  0.22800329698001E+00  0.11706098086968E+00  0.16736604002995E+00  0.24435435282681E+00  0.84715905699011E-01  0.15489145777183E+00  0.76320094027299E-01  0.22528821648580E-12 -0.69688928222113E+01 -0.10996722882221E+01 -0.68625868856057E-12 -0.41479137689039E+01 -0.33089713704910E-04 -0.16500468457563E+00  0.25768077982390E-12 -0.14686387565267E-12 -0.19719685455323E-02 -0.10949514501944E-02 -0.17540308794349E+01  0.10648716259515E-03 -0.40002158363545E+01  0.12475440517399E-11
   0.99695685457661E+04  0.63074595598331E+03 -0.26960611815640E+03  0.32035278423837E+05 -0.28190276781505E+04  0.93116663594333E+04  0.49220643334302E+04  0.86458929840983E+05  0.48852892527822E+05 -0.40915229171705E+04  0.12296703291477E+04  0.13501185628334E+04  0.79197982858773E+02  0.16298243331168E+02  0.50806568732090E+05 -0.50723484932777E+04  0.49139157083555E+05  0.25820179826406E+05 -0.52268058765636E+05  0.68951737925653E+01  0.26748138078954E+02 -0.22067147449726E+02 -0.87049892379984E+02  0.60683009973736E+03  0.43141163315714E+02 -0.10329860980052E+02 -0.21240741104752E+02  0.23063947799957E+03  0.26851495595487E+02 -0.30598103446066E+04 -0.20010337104668E+04 -0.24856489642478E+04  0.17720498060885E+04  0.40272704253090E+04 -0.15708248324730E+04 -0.31100977665925E+04 -0.73696331660391E+03  0.40084755208862E+03  0.68664175223884E+03 -0.31506412512838E+04 -0.16285781552288E+04 -0.19190154177452E+04  0.19069216980979E+03 -0.97405496120356E+03 -0.10983781773996E+04
  -0.26928568583700E+04 -0.18880591770819E+02 -0.26120182283794E+02 -0.42473825008889E+04  0.38917526314619E+03 -0.12565903871047E+04 -0.68319140693056E+03 -0.11589018320048E+05 -0.25106124311438E+04  0.53795313985260E+03 -0.14477657060605E+03 -0.20322367226509E+03 -0.14274677415784E+02 -0.13368959152965E+01 -0.50723484932777E+04  0.59439762067484E+03 -0.56604174527182E+04 -0.30857790817444E+04  0.69830336441421E+04 -0.20860164235841E+01 -0.38563575410477E+01 -0.49349510139510E+01 -0.28687595891968E+02 -0.12927475435027E+03 -0.25325154499945E+02 -0.14708540707425E+01 -0.11517404032687E+02 -0.48073585344382E+02 -0.11733083051758E+02  0.60569278885940E+03  0.38124776160237E+03  0.29819406758075E+03 -0.95242957911549E+02 -0.39542086423021E+03  0.17711808832984E+03  0.34838094323027E+03  0.87147069132235E+02 -0.10842803553460E+03 -0.18359968282705E+03  0.52915788671716E+03  0.25258367964110E+03 -0.41907835675302E+03 -0.33646953668104E+02  0.28839792866705E+03  0.32385310138013E+03
   0.15429782711421E+05  0.39151392628305E+03 -0.18784315867015E+03  0.37174638875572E+05 -0.31181313553239E+04  0.11044940133656E+05  0.55941185919082E+04  0.11755520533398E+06  0.21009773379814E+05 -0.48830392662541E+04  0.14083983107542E+04  0.20488867885017E+04  0.12981231104660E+03  0.13637664582547E+02  0.49139157083555E+05 -0.56604174527182E+04  0.55452680519199E+05  0.29901111938234E+05 -0.59424821111374E+05  0.47999732438781E+01  0.43265807923286E+02 -0.96167998491766E+02 -0.26183157655177E+03  0.66741863367325E+03 -0.14210054500258E+03 -0.43904945720436E+02 -0.97080011175314E+02  0.27971389114249E+03 -0.45946802126274E+02 -0.41016242007771E+04 -0.26188052273535E+04 -0.33457275596923E+04  0.30272201488381E+04  0.67999768246141E+04 -0.17187952349174E+04 -0.34312490833847E+04 -0.84887556109332E+03  0.13477616383819E+03  0.25934566995069E+03 -0.38451141671328E+04 -0.20490952124061E+04  0.26871205513370E+04  0.37588347572055E+03 -0.26075812947331E+04 -0.28842495472410E+04
   0.11190618462684E+05  0.19040728617457E+03  0.64224570143627E+01  0.20918352405307E+05 -0.17923447350908E+04  0.62889882916401E+04  0.32415009584874E+04  0.62842026404642E+05  0.10673881889277E+05 -0.27509287232986E+04  0.76212575617388E+03  0.11636286460161E+04  0.79431483921976E+02  0.65154076748785E+01  0.25820179826406E+05 -0.30857790817444E+04  0.29901111938234E+05  0.16315363473795E+05 -0.33509324236775E+05  0.57786196277529E+01  0.25018943753599E+02 -0.34410315770888E+02 -0.41920012725812E+02  0.50553081935505E+03 -0.38770736023618E+02 -0.16946845285551E+02 -0.15628507906581E+02  0.20870643031466E+03 -0.67285691116786E+01 -0.28139919667210E+04 -0.17590575094923E+04 -0.16635269002312E+04  0.13300896202052E+04  0.35469931924794E+04 -0.87554956682058E+03 -0.17469308641055E+04 -0.46652464392326E+03  0.19422810324117E+03  0.34862998970044E+03 -0.24818093346945E+04 -0.12650345784847E+04  0.24090499258340E+04  0.24523656628264E+03 -0.17200853953572E+04 -0.19071280147278E+04
  -0.57044581168918E+07  0.18951498801736E+07 -0.24761974954232E+06 -0.18221130999686E+07  0.42920356361189E+06 -0.11366584727845E+06 -0.24296358514517E+06 -0.42638654254714E+06 -0.35056421435160E+05  0.43155630978038E+05 -0.46748524060426E+04 -0.53038157116963E+04 -0.25992361289691E+03 -0.77903084548871E+02 -0.52268058765636E+05  0.69830336441421E+04 -0.59424821111374E+05 -0.33509324236775E+05  0.23217959047419E+08  0.89694437600105E+04  0.18167559181695E+05  0.32953651143735E+05  0.47709726440479E+05  0.32312380117841E+06  0.17650624145414E+06  0.18215967653178E+05  0.30837305435695E+05  0.14140263748147E+06  0.90448090351985E+05  0.30504063138766E+05  0.67878068028226E+05 -0.94049168074905E+03  0.47963221585725E+06  0.23369682294916E+07  0.15492156347747E+05  0.28485937844660E+05  0.20813729800275E+03  0.15103271604238E+06  0.64551092005399E+06  0.21087714842180E+05  0.67357080925524E+04 -0.16236359431921E+05  0.40407721817233E+05  0.18056759079725E+05  0.55728501247092E+05
  -0.22005333985417E+04  0.85570097561892E+03 -0.97429425338920E+02 -0.37146573329716E+03  0.12216321235609E+03  0.49789857911755E+02 -0.25176617166738E+02  0.49884748263801E+03 -0.12953314576059E+03 -0.10123351644924E+02  0.33198445225348E+01 -0.65688944478865E+01 -0.53334061438613E+00  0.26468145819871E-01  0.68951737925653E+01 -0.20860164235841E+01  0.47999732438781E+01  0.57786196277529E+01  0.89694437600105E+04  0.62925129510386E+01  0.81115086435941E+01  0.16613009046907E+02  0.31039402306212E+02  0.12600452153972E+03  0.87371602813673E+02  0.11844531033849E+02  0.24725445023608E+02  0.67203479517490E+02  0.57428532888227E+02  0.00000000000000E+00 -0.28125371437383E+02  0.00000000000000E+00  0.00000000000000E+00  0.84076098853108E+03  0.00000000000000E+00 -0.12359492837282E+02  0.00000000000000E+00  0.00000000000000E+00  0.35200990587720E+03  0.00000000000000E+00  0.00000000000000E+00  0.00000000000000E+00  0.11143732404739E+02  0.00000000000000E+00 -0.29931898744401E+02
  -0.66131903550274E+04  0.18005475378224E+04 -0.28042851608808E+03 -0.19982300813774E+04  0.43172219118154E+03 -0.21315697238731E+03 -0.31058854852465E+03 -0.90883214042160E+03  0.18123540885840E+02  0.78193733802835E+02 -0.85988838736004E+01 -0.28483166963892E+01  0.24507473604691E+00 -0.17209847627640E+00  0.26748138078954E+02 -0.38563575410477E+01  0.43265807923286E+02  0.25018943753599E+02  0.18167559181695E+05  0.81115086435941E+01  0.29247644243728E+02  0.14992773507924E+02  0.30958472002747E+01  0.31613362869410E+03  0.11108122309569E+03  0.14865531757832E+02  0.18777224294109E+02  0.17579219292306E+03  0.85236681863500E+02  0.00000000000000E+00  0.17721664876358E+03  0.00000000000000E+00  0.00000000000000E+00  0.39059269568101E+04  0.00000000000000E+00 -0.40388727213480E+02  0.00000000000000E+00  0.00000000000000E+00  0.73068862812075E+03  0.00000000000000E+00  0.00000000000000E+00  0.00000000000000E+00 -0.14999282936790E+03  0.00000000000000E+00  0.14643566449377E+03
  -0.11937335495168E+05  0.59143518547146E+04 -0.55631822073672E+03 -0.71283742182238E+03  0.33818810227776E+03  0.31710627253852E+03  0.52713431514378E+02  0.34901408281813E+04 -0.70336724174928E+03 -0.12498601278687E+03  0.25668128658281E+02  0.82333442810628E+02  0.89630771260511E+01  0.12216221023480E+00 -0.22067147449726E+02 -0.49349510139510E+01 -0.96167998491766E+02 -0.34410315770888E+02  0.32953651143735E+05  0.16613009046907E+02  0.14992773507924E+02  0.22684629954242E+03  0.49896031903075E+03  0.11182827829705E+04  0.97677466189435E+03  0.41890308487086E+02  0.78844566050647E+02  0.18633960886158E+03  0.18989044092135E+03 -0.80475124058783E+02  0.23796290455698E+02 -0.60712629483191E-01  0.92182630503429E+03  0.65749652321675E+03  0.00000000000000E+00  0.79647830161976E+02  0.00000000000000E+00  0.19762347707423E+04  0.14641304926474E+04  0.00000000000000E+00  0.00000000000000E+00  0.00000000000000E+00  0.23315495571707E+03 -0.40302417350089E+03 -0.87117070689479E+02
  -0.32595545531143E+04  0.78945267347097E+04 -0.36386356116863E+03  0.20280858664999E+04  0.25003872903661E+03  0.16012260869251E+04  0.75210121787929E+03  0.32133251376496E+05 -0.80537114970177E+04 -0.95073566961931E+03  0.21459294597643E+03  0.49775385877721E+03  0.51737171117360E+02  0.12490818619668E+00 -0.87049892379984E+02 -0.28687595891968E+02 -0.26183157655177E+03 -0.41920012725812E+02  0.47709726440479E+05  0.31039402306212E+02  0.30958472002747E+01  0.49896031903075E+03  0.17362683617324E+04  0.12680189652067E+04  0.15708727394619E+04  0.79495508791978E+02  0.24992250341829E+03  0.21709093174146E+03  0.30526828612210E+03 -0.26852697473452E+03 -0.49042173977093E+02 -0.87025105856885E+02 -0.76772533655358E+04 -0.67765429841171E+04  0.00000000000000E+00  0.79647830161976E+02  0.00000000000000E+00  0.35019410152703E+04  0.26373732603452E+04  0.00000000000000E+00  0.00000000000000E+00  0.00000000000000E+00  0.11319303176966E+04 -0.29130595808779E+04 -0.14682366789284E+04
  -0.19424402590363E+06  0.58383678844696E+05 -0.83202403312225E+04 -0.27747875547304E+05  0.65388826014093E+04 -0.17065117755030E+04 -0.37714337022290E+04 -0.23063698959514E+05  0.41059105336657E+04  0.13252240558827E+04 -0.17099202313902E+03 -0.72936966576501E+02 -0.17013016017845E+02  0.22800329698001E+00  0.60683009973736E+03 -0.12927475435027E+03  0.66741863367325E+03  0.50553081935505E+03  0.32312380117841E+06  0.12600452153972E+03  0.31613362869410E+03  0.11182827829705E+04  0.12680189652067E+04  0.13208934749451E+05  0.59147013918249E+04  0.30755596108674E+03  0.47296866575271E+03  0.25428291272157E+04  0.14652191088784E+04  0.27519034070952E+03  0.15270417209829E+03 -0.81387416440788E+00  0.44715143205323E+05  0.44189497505338E+05  0.00000000000000E+00  0.79647830161976E+02  0.00000000000000E+00  0.16959747435692E+05  0.13631783780653E+05  0.00000000000000E+00  0.00000000000000E+00  0.00000000000000E+00 -0.22921318374613E+04  0.19504667594503E+04  0.13240766048007E+04
  -0.72831999181244E+05  0.30982366770721E+05 -0.32196083230156E+04 -0.65500042610340E+04  0.20206312168305E+04  0.63444596309607E+03 -0.39566945790822E+03  0.26764246751236E+04 -0.46317843124727E+03 -0.71658435741695E+02  0.21080966560796E+02  0.65314332751700E+02  0.88968577410236E+01  0.11706098086968E+00  0.43141163315714E+02 -0.25325154499945E+02 -0.14210054500258E+03 -0.38770736023618E+02  0.17650624145414E+06  0.87371602813673E+02  0.11108122309569E+03  0.97677466189435E+03  0.15708727394619E+04  0.59147013918249E+04  0.48958473731288E+04  0.19491535086302E+03  0.31210356487204E+03  0.10229700903386E+04  0.98370217567468E+03 -0.25063894193150E+03 -0.19460903261674E+02  0.13558213310147E+02  0.12928487304741E+05  0.10607649859387E+05  0.00000000000000E+00  0.79647830161976E+02  0.00000000000000E+00  0.83606665379012E+04  0.67559649382430E+04  0.00000000000000E+00  0.00000000000000E+00  0.00000000000000E+00  0.35355450511129E+03 -0.22057562973756E+03  0.19615658654458E+02
  -0.46587926262915E+04  0.17811305038165E+04 -0.20784446918145E+03 -0.64779515727395E+03  0.24729518002053E+03  0.16392695087149E+03 -0.93380335867253E+01  0.28051282658669E+03  0.33523066612718E+02 -0.17571247134339E+02  0.33605449756693E+01  0.19358577281178E+01 -0.90280809583784E+00  0.16736604002995E+00 -0.10329860980052E+02 -0.14708540707425E+01 -0.43904945720436E+02 -0.16946845285551E+02  0.18215967653178E+05  0.11844531033849E+02  0.14865531757832E+02  0.41890308487086E+02  0.79495508791978E+02  0.30755596108674E+03  0.19491535086302E+03  0.38174632371172E+02  0.88797697293350E+02  0.15584018157482E+03  0.14687427487926E+03  0.00000000000000E+00  0.35118232165054E+02  0.00000000000000E+00  0.00000000000000E+00  0.11477128984219E+04  0.00000000000000E+00  0.79647830161976E+02  0.00000000000000E+00  0.00000000000000E+00  0.11849236624261E+04  0.00000000000000E+00  0.00000000000000E+00  0.00000000000000E+00 -0.20904810839620E+03  0.00000000000000E+00 -0.20688500671292E+02
  -0.51626982090370E+04  0.27768856096144E+04 -0.26509945145922E+03  0.44328148601442E+03  0.34048063624492E+03  0.92679736061430E+03  0.31698621493073E+03  0.10962850179017E+05 -0.27967812111549E+04 -0.30592552702119E+03  0.72740417306924E+02 -0.68708889481306E+02 -0.76281118723606E+01  0.24435435282681E+00 -0.21240741104752E+02 -0.11517404032687E+02 -0.97080011175314E+02 -0.15628507906581E+02  0.30837305435695E+05  0.24725445023608E+02  0.18777224294109E+02  0.78844566050647E+02  0.24992250341829E+03  0.47296866575271E+03  0.31210356487204E+03  0.88797697293350E+02  0.33315968941865E+03  0.18713413974656E+03  0.26615590372327E+03  0.00000000000000E+00 -0.90418838045360E+01  0.00000000000000E+00  0.00000000000000E+00 -0.26920986245353E+04  0.00000000000000E+00  0.79647830161976E+02  0.00000000000000E+00  0.00000000000000E+00  0.21609488889407E+04  0.00000000000000E+00  0.00000000000000E+00  0.00000000000000E+00 -0.96275118349657E+03  0.00000000000000E+00 -0.10445414207251E+04
  -0.48624120156011E+05  0.13720342544222E+05 -0.20736114353857E+04 -0.15155761327524E+05  0.33607545575787E+04 -0.13794308306397E+04 -0.22635108418947E+04 -0.11135180397356E+05  0.21738825253008E+04  0.58073439082167E+03 -0.80366811877164E+02  0.23084067432285E+02  0.38045918932005E+01  0.84715905699011E-01  0.23063947799957E+03 -0.48073585344382E+02  0.27971389114249E+03  0.20870643031466E+03  0.14140263748147E+06  0.67203479517490E+02  0.17579219292306E+03  0.18633960886158E+03  0.21709093174146E+03  0.25428291272157E+04  0.10229700903386E+04  0.15584018157482E+03  0.18713413974656E+03  0.18864320410762E+04  0.78250030483513E+03  0.00000000000000E+00  0.13339103057778E+03  0.00000000000000E+00  0.00000000000000E+00  0.27830333068472E+05  0.00000000000000E+00  0.79647830161976E+02  0.00000000000000E+00  0.00000000000000E+00  0.77606354369069E+04  0.00000000000000E+00  0.00000000000000E+00  0.00000000000000E+00  0.27107108962543E+04  0.00000000000000E+00  0.96821294627667E+03
  -0.23489348207710E+05  0.87759170556029E+04 -0.10288138880023E+04 -0.42937859940572E+04  0.12597459788052E+04  0.26157947536980E+03 -0.34825750002381E+03 -0.41064132420556E+03  0.17669250388418E+03  0.30522770097415E+02 -0.13805021554633E+01  0.60478491108163E+01 -0.93279303384383E+00  0.15489145777183E+00  0.26851495595487E+02 -0.11733083051758E+02 -0.45946802126274E+02 -0.67285691116786E+01  0.90448090351985E+05  0.57428532888227E+02  0.85236681863500E+02  0.18989044092135E+03  0.30526828612210E+03  0.14652191088784E+04  0.98370217567468E+03  0.14687427487926E+03  0.26615590372327E+03  0.78250030483513E+03  0.68009379336231E+03  0.00000000000000E+00  0.16237127707366E+02  0.00000000000000E+00  0.00000000000000E+00  0.87079743477594E+04  0.00000000000000E+00  0.79647830161976E+02  0.00000000000000E+00  0.00000000000000E+00  0.51156675819715E+04  0.00000000000000E+00  0.00000000000000E+00  0.00000000000000E+00 -0.23766786295345E+03  0.00000000000000E+00  0.10340421380168E+03
  -0.12772270337295E+06  0.16694177134824E+05 -0.50007533808014E+04 -0.12565470223914E+05  0.19879217739088E+04 -0.28688166182070E+04 -0.24888179153796E+04 -0.57533764995161E+05  0.10703867372159E+05  0.25536127008342E+04 -0.42878299858481E+03 -0.10998967165975E+04 -0.16304756889402E+03  0.76320094027299E-01 -0.30598103446066E+04  0.60569278885940E+03 -0.41016242007771E+04 -0.28139919667210E+04  0.30504063138766E+05  0.00000000000000E+00  0.00000000000000E+00 -0.80475124058783E+02 -0.26852697473452E+03  0.27519034070952E+03 -0.25063894193150E+03  0.00000000000000E+00  0.00000000000000E+00  0.00000000000000E+00  0.00000000000000E+00  0.11604464611311E+06  0.00000000000000E+00  0.00000000000000E+00  0.00000000000000E+00  0.00000000000000E+00  0.00000000000000E+00  0.00000000000000E+00  0.00000000000000E+00  0.00000000000000E+00  0.00000000000000E+00  0.00000000000000E+00  0.00000000000000E+00  0.00000000000000E+00  0.00000000000000E+00  0.00000000000000E+00  0.00000000000000E+00
  -0.53895771041670E+05  0.81939066611399E+04 -0.21179877392561E+04 -0.20860419106801E+05  0.33869465553365E+04 -0.44456476800003E+04 -0.39415024640008E+04 -0.47072570281147E+05  0.10418634268913E+05  0.17835335288701E+04 -0.32903787728839E+03  0.72604982233528E-12 -0.25520731735804E-11  0.22528821648580E-12 -0.20010337104668E+04  0.38124776160237E+03 -0.26188052273535E+04 -0.17590575094923E+04  0.67878068028226E+05 -0.28125371437383E+02  0.17721664876358E+03  0.23796290455698E+02 -0.49042173977093E+02  0.15270417209829E+03 -0.19460903261674E+02  0.35118232165054E+02 -0.90418838045360E+01  0.13339103057778E+03  0.16237127707366E+02  0.00000000000000E+00  0.64660024106770E+05  0.00000000000000E+00  0.00000000000000E+00  0.00000000000000E+00  0.00000000000000E+00  0.00000000000000E+00  0.00000000000000E+00  0.00000000000000E+00  0.00000000000000E+00  0.00000000000000E+00  0.00000000000000E+00  0.00000000000000E+00  0.00000000000000E+00  0.00000000000000E+00  0.00000000000000E+00
  -0.45446989443179E+04 -0.22084896841145E+03  0.37431096167178E+02 -0.76599252796561E+02 -0.54564013627644E+02  0.14622239678283E+03  0.12833822831814E+03 -0.68777472684881E+05  0.24666964909169E+05  0.73287406497119E+03 -0.33285295541277E+03 -0.65280112835760E+03 -0.26097173164068E+02 -0.69688928222113E+01 -0.24856489642478E+04  0.29819406758075E+03 -0.33457275596923E+04 -0.16635269002312E+04 -0.94049168074905E+03  0.00000000000000E+00  0.00000000000000E+00 -0.60712629483191E-01 -0.87025105856885E+02 -0.81387416440788E+00  0.13558213310147E+02  0.00000000000000E+00  0.00000000000000E+00  0.00000000000000E+00  0.00000000000000E+00  0.00000000000000E+00  0.00000000000000E+00  0.30674266250786E+05  0.00000000000000E+00  0.00000000000000E+00  0.00000000000000E+00  0.00000000000000E+00  0.00000000000000E+00  0.00000000000000E+00  0.00000000000000E+00  0.00000000000000E+00  0.00000000000000E+00  0.00000000000000E+00  0.00000000000000E+00  0.00000000000000E+00  0.00000000000000E+00
  -0.82441998102102E+06  0.19901693243116E+06 -0.33710409206251E+05 -0.64873939545166E+05  0.12226388752864E+05 -0.10107822090539E+05 -0.10674148617784E+05 -0.28105871065231E+06  0.65851885125695E+05  0.10461828730946E+05 -0.19193462288917E+04 -0.50079361427420E+04 -0.59649770237856E+03 -0.10996722882221E+01  0.17720498060885E+04 -0.95242957911549E+02  0.30272201488381E+04  0.13300896202052E+04  0.47963221585725E+06  0.00000000000000E+00  0.00000000000000E+00  0.92182630503429E+03 -0.76772533655358E+04  0.44715143205323E+05  0.12928487304741E+05  0.00000000000000E+00  0.00000000000000E+00  0.00000000000000E+00  0.00000000000000E+00  0.00000000000000E+00  0.00000000000000E+00  0.00000000000000E+00  0.58086898328260E+06  0.00000000000000E+00  0.00000000000000E+00  0.00000000000000E+00  0.00000000000000E+00  0.00000000000000E+00  0.00000000000000E+00  0.00000000000000E+00  0.00000000000000E+00  0.00000000000000E+00  0.00000000000000E+00  0.00000000000000E+00  0.00000000000000E+00
  -0.10562400226952E+07  0.24864615830753E+06 -0.43437593821097E+05 -0.33359197463710E+06  0.64026682985575E+05 -0.49801276577187E+05 -0.55331483777360E+05 -0.55060185186456E+06  0.12490211025800E+06  0.21652449379290E+05 -0.38061141852045E+04 -0.56178424469377E-10  0.74236564110857E-10 -0.68625868856057E-12  0.40272704253090E+04 -0.39542086423021E+03  0.67999768246141E+04  0.35469931924794E+04  0.23369682294916E+07  0.84076098853108E+03  0.39059269568101E+04  0.65749652321675E+03 -0.67765429841171E+04  0.44189497505338E+05  0.10607649859387E+05  0.11477128984219E+04 -0.26920986245353E+04  0.27830333068472E+05  0.87079743477594E+04  0.00000000000000E+00  0.00000000000000E+00  0.00000000000000E+00  0.00000000000000E+00  0.91934143276467E+06  0.00000000000000E+00  0.00000000000000E+00  0.00000000000000E+00  0.00000000000000E+00  0.00000000000000E+00  0.00000000000000E+00  0.00000000000000E+00  0.00000000000000E+00  0.00000000000000E+00  0.00000000000000E+00  0.00000000000000E+00
  -0.20760964830091E+05  0.57931959444564E+04 -0.88800353562197E+03 -0.13691785671249E+04  0.34887195835946E+03 -0.44311317519122E+02 -0.19144874487193E+03 -0.73716655243346E+05  0.23451038401375E+05  0.14872841129248E+04 -0.42072519864430E+03 -0.22489084063428E+04 -0.14295499754765E+03 -0.41479137689039E+01 -0.15708248324730E+04  0.17711808832984E+03 -0.17187952349174E+04 -0.87554956682058E+03  0.15492156347747E+05  0.00000000000000E+00  0.00000000000000E+00  0.00000000000000E+00  0.00000000000000E+00  0.00000000000000E+00  0.00000000000000E+00  0.00000000000000E+00  0.00000000000000E+00  0.00000000000000E+00  0.00000000000000E+00  0.00000000000000E+00  0.00000000000000E+00  0.00000000000000E+00  0.00000000000000E+00  0.00000000000000E+00  0.14835565037950E+05  0.00000000000000E+00  0.00000000000000E+00  0.00000000000000E+00  0.00000000000000E+00  0.00000000000000E+00  0.00000000000000E+00  0.00000000000000E+00  0.00000000000000E+00  0.00000000000000E+00  0.00000000000000E+00
  -0.47056670616637E+05  0.13285398416015E+05 -0.20205169780210E+04 -0.24987168130791E+04  0.61777923380510E+03 -0.10441333875532E+03 -0.33848334104972E+03 -0.16598142955503E+06  0.52836124543641E+05  0.33006366287287E+04 -0.94818387068336E+03 -0.73021110588194E+02 -0.19352010307795E+02 -0.33089713704910E-04 -0.31100977665925E+04  0.34838094323027E+03 -0.34312490833847E+04 -0.17469308641055E+04  0.28485937844660E+05 -0.12359492837282E+02 -0.40388727213480E+02  0.79647830161976E+02  0.79647830161976E+02  0.79647830161976E+02  0.79647830161976E+02  0.79647830161976E+02  0.79647830161976E+02  0.79647830161976E+02  0.79647830161976E+02  0.00000000000000E+00  0.00000000000000E+00  0.00000000000000E+00  0.00000000000000E+00  0.00000000000000E+00  0.00000000000000E+00  0.32617283135584E+05  0.00000000000000E+00  0.00000000000000E+00  0.00000000000000E+00  0.00000000000000E+00  0.00000000000000E+00  0.00000000000000E+00  0.00000000000000E+00  0.00000000000000E+00  0.00000000000000E+00
