# fitpack15: fit parameters                                                                         
# CJ15 AV18 final data choices                                                                      
# Created on 02/13/2020 at 11:27:02                                                                 

 # QCD setup
  INS                           0
  NVL                          11
  IORD                          1
  Q02                   1.6899999999999999     
  IPARAMC                      -7
  FLAVOR                5.0000000000000000     
  xmc                   1.3000000000000000     
  xmb                   4.5000000000000000     
  ncb                          12
  ihq                           1
  ias                           0

 # Theory corrections
  inuke                     10114
  itmc                          1
  iht                           2

 # fit parameters
 LAMBDA       0.22680        0.0000    
 a0uv          1.5038        0.0000    
 a1uv         0.51670       0.31248E-01
 a2uv          3.6143       0.11861E-01
 a3uv          0.0000        0.0000    
 a4uv          6.5737        1.1716    
 a5uv          0.0000        0.0000    
 a0dv          15.920        0.0000    
 a1dv          1.0541       0.38871E-01
 a2dv          6.2317       0.20421    
 a3dv         -3.3988       0.13310    
 a4dv          4.8571       0.19214    
 a5dv          0.0000        0.0000    
 a0ud         0.13645       0.49339E-02
 a1ud        -0.21468       0.39125E-02
 a2ud          9.0744       0.18349    
 a3ud          0.0000        0.0000    
 a4ud          19.342        1.4787    
 a5ud          0.0000        0.0000    
 a0du          35712.        0.0000    
 a1du          4.1517       0.13400    
 a2du          22.049        1.3893    
 a3du          17.000        0.0000    
 a4du          58.814        15.682    
 a0g           43.787        0.0000    
 a1g          0.59214       0.28243E-01
 a2g           5.8168       0.77801    
 a3g          -3.3710       0.11935    
 a4g           3.2050       0.25951    
 a5g           0.0000        0.0000    
 kappa        0.40000        0.0000    
 a6dv         0.19324E-02   0.15071E-02
 a7dv          2.0000        0.0000    
 off1         0.10995E-01   0.12294    
 off2         -2.0084       0.75825    
 off3          3.9944        1.0940    
 ht1          -3.9367        1.2772    
 ht2           2.2794       0.28160    
 ht3          -2.1193       0.32001E-01
 ht4           2.6189       0.19875    
 dummy41       0.0000        0.0000    
 dummy42       0.0000        0.0000    
 dummy43       0.0000        0.0000    
 dummy44       0.0000        0.0000    
 dummy45       0.0000        0.0000    
 dummy46       0.0000        0.0000    
 dummy47       0.0000        0.0000    
 dummy48       0.0000        0.0000    
 dummy49       0.0000        0.0000    
 bcdmsh2      0.97126       0.49454E-02
 bcdmsd2      0.99478       0.59387E-02
 ccfr          1.0000        0.0000    
 nutev         1.0000        0.0000    
 zeus         0.97998        0.0000    
 h1            1.0162        0.0000    
 e605          1.0319        0.0000    
 NmcH2         1.0089       0.72089E-02
 ntv_nu        1.0000        0.0000    
 ntv_nuba      1.0000        0.0000    
 cdf_jet      0.98910        0.0000    
 d0_jet       0.83504        0.0000    
 slac_p        1.0024       0.50027E-02
 slac_d        1.0027       0.54091E-02
 e866pp        1.0129       0.20888E-01
 e866pd       0.97490       0.17798E-01
 d0_gamje      1.0377       0.16523E-01
 h1b          0.97608        0.0000    
 jlab_p       0.98612       0.58830E-02
 jlab_d       0.97815       0.60788E-02
 blank         1.0000        0.0000    
 d0run2       0.94914       0.15242E-01
 cdfrun2      0.93483       0.17721E-01
 HERA_el       1.0000        0.0000    
 HERA_ps       1.0000        0.0000    
 CDF_Z        0.94740       0.67627E-02
 NmcRat        1.0000        0.0000    
 BNS_F2nd      0.0000        0.0000    
 HERMES_F     0.99547       0.57109E-02
 HERMES_F     0.97894       0.59150E-02
 END 0. 0.

 # Hessian matrix (Bevington alpha)
   0.50499661991193E+07 -0.11923733907496E+07  0.12869901895393E+06  0.46279278315095E+06 -0.13045545806254E+06 -0.82884458727018E+04  0.54106663325102E+05  0.10273939130735E+07 -0.19186489339635E+06 -0.46688719234150E+05  0.61079404082787E+04  0.11187567284685E+05  0.11329171368313E+04 -0.10042975466931E+03  0.14213374228167E+05 -0.33109789709923E+04  0.18436303088568E+05  0.12977558108742E+05  0.42620976388025E+07 -0.63762254417248E+05 -0.27057843223127E+05 -0.12651689864742E+05 -0.20174177928065E+05 -0.12758578141137E+05 -0.26165264595033E+06 -0.10037545966758E+06 -0.13668321052324E+06 -0.57593680625526E+05 -0.58979441699408E+04 -0.87440562526735E+06 -0.11190077990780E+07 -0.21188735678316E+05 -0.48810668253984E+05 -0.33403116331670E+04 -0.19448190215512E+06 -0.21005142052253E+06 -0.91234757523928E+04 -0.32407475031909E+04 -0.21670542930288E+05 -0.78086757833030E+05 -0.61219086838217E+05
  -0.11923733907496E+07  0.34786362505932E+06 -0.30538075953718E+05 -0.11489356324093E+06  0.33596244961050E+05  0.34077530312136E+04 -0.11578106217160E+05 -0.11623204548942E+06  0.25184205705773E+05  0.60191904017863E+04 -0.64862939661628E+03 -0.81053242456351E+03 -0.82356026130294E+02  0.11588221195108E+02  0.12240962806425E+03  0.52007739100491E+02 -0.22010153152375E+03 -0.14965905939694E+03 -0.13368927606189E+07  0.15170088989775E+05  0.73227903091471E+04  0.37556823538691E+04  0.89043206788789E+04  0.11106713817049E+05  0.74751543545699E+05  0.39605963062207E+05  0.16973612840780E+05  0.82889319421450E+04 -0.14244475433436E+03  0.20004000844652E+06  0.24818656070454E+06  0.56072277136255E+04  0.13133858146237E+05  0.42423839269708E+03  0.58580719672696E+05  0.62703362572619E+05  0.23154364224656E+04  0.73985387636038E+03 -0.19535712982644E+04  0.87261656023105E+04  0.72423372577598E+04
   0.12869901895393E+06 -0.30538075953718E+05  0.32941935689474E+04  0.11344793137548E+05 -0.33153763646596E+04 -0.36206274932765E+03  0.13208856913419E+04  0.20571161975760E+05 -0.37304780016481E+04 -0.10825187243517E+04  0.12412403389604E+03  0.23206112702601E+03  0.25773041935315E+02 -0.27589600602631E+01 -0.57989637675843E+02 -0.38652700702672E+02  0.54302013342796E+02  0.10629665284754E+03  0.10862672525215E+06 -0.16114451483717E+04 -0.68696789378689E+03 -0.32165504730564E+03 -0.52044683863933E+03 -0.37531426531629E+03 -0.66665949184194E+04 -0.25478589068362E+04 -0.34178629631757E+04 -0.14335130130494E+04 -0.10884272086151E+02 -0.21877996630928E+05 -0.28140085198248E+05 -0.54237461533300E+03 -0.12524176333781E+04 -0.75711596915605E+02 -0.49711884012184E+04 -0.53700480042472E+04 -0.23235917654899E+03 -0.82413617755130E+02 -0.15952849685762E+03 -0.17035659759888E+04 -0.13569543150455E+04
   0.46279278315095E+06 -0.11489356324093E+06  0.11344793137548E+05  0.40474986796119E+06 -0.63163866561328E+05  0.65853713645949E+05  0.56239096294212E+05  0.38364756144330E+06 -0.29839008551331E+05 -0.17409764502273E+05  0.27341418467905E+04 -0.12203355195740E+04 -0.11260858156280E+03  0.52425586564795E+02  0.33105501981083E+05 -0.43217138071799E+04  0.33812393877376E+05  0.19424081949746E+05  0.12868756394887E+07 -0.19480452221371E+05 -0.75141659852096E+04 -0.31271574950985E+04 -0.14709653340089E+04  0.23715175313469E+04 -0.45787583889096E+05 -0.10348852831817E+05 -0.13080930162588E+05 -0.21737459589318E+05 -0.17859115619668E+03 -0.66170673574361E+05 -0.34260175475952E+06 -0.12265827371835E+04 -0.24478901645005E+04 -0.69724116805119E+02 -0.10846138115451E+05 -0.47159193292569E+05 -0.23869967145846E+04 -0.93919314601475E+03 -0.10941009289770E+05 -0.76217409679760E+04 -0.22593286886228E+05
  -0.13045545806254E+06  0.33596244961050E+05 -0.33153763646596E+04 -0.63163866561328E+05  0.12209040480192E+05 -0.69356376383736E+04 -0.82997984233007E+04 -0.32185472179486E+05  0.10739143152055E+03  0.21186102917892E+04 -0.25216089012141E+03 -0.85992204947802E+01  0.31767561313012E+01 -0.45735701442964E+01 -0.28635964424156E+04  0.38891031658446E+03 -0.28199424672833E+04 -0.16516694957988E+04 -0.30828841660065E+06  0.37415822584555E+04  0.16392007359367E+04  0.74539360188217E+03  0.74561890264622E+03  0.66859335130918E+03  0.10901777158645E+05  0.34572979274315E+04  0.20219088629335E+04  0.34560912391139E+04 -0.50600915534165E+02  0.12463714696849E+05  0.65402995035697E+05  0.32103446266433E+03  0.62050235837615E+03  0.89539926908653E+01  0.30099666432371E+04  0.12912231237297E+05  0.49024670665726E+03  0.18023263484661E+03  0.39505629679924E+03  0.85966216598537E+03  0.26457906961980E+04
  -0.82884458727018E+04  0.34077530312136E+04 -0.36206274932765E+03  0.65853713645949E+05 -0.69356376383736E+04  0.15745318497185E+05  0.99679465029601E+04  0.95290333538670E+05 -0.91279290081941E+04 -0.36474825375000E+04  0.66519976554055E+03 -0.45516897668772E+03 -0.38339792696440E+02  0.13941057225354E+02  0.79599375782842E+04 -0.10504895888682E+04  0.83548694266515E+04  0.48333742272019E+04  0.61295942553578E+05 -0.20861241454489E+04 -0.55325139907791E+03 -0.14446174300520E+03  0.46312430651031E+03  0.18676700280820E+04 -0.20701410425899E+04  0.75932398712124E+03 -0.21684969828273E+04 -0.34044405620271E+04  0.73554167898574E+02 -0.77451983730049E+04 -0.38000811964222E+05 -0.13201544444557E+02 -0.56050564122899E+02 -0.14482010349327E+02  0.16324181772589E+02 -0.89231311670672E+02 -0.22095085808367E+03 -0.10719805992851E+03 -0.26672542184670E+04 -0.15679185025030E+04 -0.45321821962274E+04
   0.54106663325102E+05 -0.11578106217160E+05  0.13208856913419E+04  0.56239096294212E+05 -0.82997984233007E+04  0.99679465029601E+04  0.81545770130434E+04  0.51822014143460E+05 -0.28124940971948E+04 -0.25662153250728E+04  0.38176454093614E+03 -0.15448547872477E+03 -0.15310817433757E+02  0.75027621371715E+01  0.42809295162650E+04 -0.58248914325904E+03  0.43361269046524E+04  0.25538755198149E+04  0.14464756157780E+06 -0.25101423238358E+04 -0.91930949715719E+03 -0.35482553120966E+03  0.21835118591863E+02  0.79970542556380E+03 -0.52346568294976E+04 -0.65729834305942E+03 -0.20401011882442E+04 -0.32616187319647E+04  0.94022151446163E+02 -0.88698257421124E+04 -0.46085882741297E+05 -0.13934056122512E+03 -0.27383896767507E+03 -0.10619449867537E+02 -0.10362771029225E+04 -0.45897785742275E+04 -0.31307713624462E+03 -0.12941196341312E+03 -0.11521877327951E+04 -0.10012845810766E+04 -0.29930542015272E+04
   0.10273939130735E+07 -0.11623204548942E+06  0.20571161975760E+05  0.38364756144330E+06 -0.32185472179486E+05  0.95290333538670E+05  0.51822014143460E+05  0.60858018309024E+07 -0.25855315934776E+07 -0.93988460213136E+05  0.24773838712326E+05  0.21532380624386E+05  0.13997142779757E+04  0.88311423427004E+02  0.99929275947767E+05 -0.13183160026545E+05  0.11849094978098E+06  0.64915880943960E+05  0.30474593461991E+06 -0.38966932695084E+05 -0.73607905309413E+04 -0.18775481987108E+04  0.75951581375368E+04  0.40531615436229E+05 -0.30399353310898E+05  0.60294493569192E+04 -0.63403950773262E+05 -0.49952452904450E+05 -0.76702109896410E+05 -0.30779485949161E+06 -0.58764780165812E+06 -0.75357224265274E+05 -0.17220658579808E+06 -0.15801776489808E+04 -0.43121363471588E+04 -0.84370476921884E+04  0.93153327603929E+03  0.52614079742138E+03 -0.29467017897153E+06 -0.15768017413992E+06 -0.19054833040606E+06
  -0.19186489339635E+06  0.25184205705773E+05 -0.37304780016481E+04 -0.29839008551331E+05  0.10739143152055E+03 -0.91279290081941E+04 -0.28124940971948E+04 -0.25855315934776E+07  0.19452138469817E+07  0.20194797477540E+05 -0.60414079310502E+04 -0.46031183419484E+04 -0.25249849003742E+03 -0.12280184611493E+02  0.47086064415464E+05 -0.22145148109046E+04  0.16460093699598E+05  0.83716337088713E+04  0.25183276895628E+05  0.94504997913147E+04  0.14428766598270E+04  0.31887905092361E+03 -0.17336236944794E+04 -0.96116342404154E+04  0.48633704483565E+04 -0.13350442734644E+04  0.11281046139072E+05  0.10486078890951E+05  0.26208969417605E+05  0.68743168157248E+05  0.12717165924384E+06  0.22652355237315E+05  0.51908045365110E+05  0.22863248579741E+03  0.51759323889619E+03  0.10165504932917E+04 -0.14250879585489E+04 -0.76037595175428E+03  0.11745018434119E+06  0.47684739693388E+05  0.57182912991607E+05
  -0.46688719234150E+05  0.60191904017863E+04 -0.10825187243517E+04 -0.17409764502273E+05  0.21186102917892E+04 -0.36474825375000E+04 -0.25662153250728E+04 -0.93988460213136E+05  0.20194797477540E+05  0.25412256176109E+04 -0.52929996385099E+03 -0.48486390107969E+03 -0.40505983448428E+02 -0.14596232599009E+01 -0.41116871310293E+04  0.54071954465576E+03 -0.43556948084920E+04 -0.25178511677939E+04 -0.28105603660310E+05  0.12190945521544E+04  0.31488960506084E+03  0.97707944447975E+02 -0.21464848912852E+03 -0.11263754990909E+04  0.16934395493782E+04 -0.13447353693303E+03  0.25948572660311E+04  0.17574166805441E+04  0.75469204311894E+03  0.10479324359033E+05  0.21196888691360E+05  0.13988237158054E+04  0.31476317682237E+04  0.44772860843378E+02  0.37791418304944E+03  0.71635738660949E+03  0.10477117628504E+03  0.48260691004140E+02  0.31593524034979E+04  0.29035350313040E+04  0.35852877005683E+04
   0.61079404082787E+04 -0.64862939661628E+03  0.12412403389604E+03  0.27341418467905E+04 -0.25216089012141E+03  0.66519976554055E+03  0.38176454093614E+03  0.24773838712326E+05 -0.60414079310502E+04 -0.52929996385099E+03  0.13046419175322E+03  0.12272895906034E+03  0.84850054578784E+01  0.49483236162821E+00  0.11081172973291E+04 -0.12857486739957E+03  0.11143323292871E+04  0.61557754777495E+03  0.26565009572727E+04 -0.20597788268215E+03 -0.42007725365130E+02 -0.11097134798015E+02  0.41754096517685E+02  0.21886387700149E+03 -0.18194499560335E+03  0.33933338626506E+02 -0.37688610233556E+03 -0.28079619237204E+03 -0.31262103654282E+03 -0.16896424808210E+04 -0.32592453925807E+04 -0.35471640983140E+03 -0.80964797928341E+03 -0.98249771341832E+01 -0.26480103651435E+02 -0.51934489153790E+02 -0.70832549510477E+01 -0.36006979540828E+01 -0.10331112050839E+04 -0.74136585977136E+03 -0.90036927147980E+03
   0.11187567284685E+05 -0.81053242456351E+03  0.23206112702601E+03 -0.12203355195740E+04 -0.85992204947802E+01 -0.45516897668772E+03 -0.15448547872477E+03  0.21532380624386E+05 -0.46031183419484E+04 -0.48486390107969E+03  0.12272895906034E+03  0.85305083121890E+03  0.55293056657153E+02 -0.10622859269747E+01  0.10098037328440E+04 -0.15084573755032E+03  0.13417674470430E+04  0.77889917870065E+03  0.25909739075131E+04  0.20175171727156E+03  0.20371408314644E+02  0.57755194109094E+00  0.33937486590118E+02  0.19575465321838E+03 -0.40827231779954E+02  0.23567872801277E+02 -0.72278809036794E+03 -0.57623996908926E-12 -0.50127588948631E+03 -0.34539889400410E+04  0.32391348332256E-09 -0.15499235652475E+04 -0.32530220671398E+02 -0.55510573186321E+02 -0.40801044602463E-01 -0.81074442449908E-11 -0.11823207756788E+01 -0.51880769913595E+00  0.11757832172603E+03 -0.19638459042329E+04  0.16265602591156E-10
   0.11329171368313E+04 -0.82356026130294E+02  0.25773041935315E+02 -0.11260858156280E+03  0.31767561313012E+01 -0.38339792696440E+02 -0.15310817433757E+02  0.13997142779757E+04 -0.25249849003742E+03 -0.40505983448428E+02  0.84850054578784E+01  0.55293056657153E+02  0.45980634538339E+01 -0.11485746101017E+00  0.56270434677800E+02 -0.10075300888172E+02  0.81925090808086E+02  0.51038047038050E+02  0.12465085055311E+03  0.12024044456702E+02  0.17234179374097E+01  0.12169070931734E+00  0.38145067119446E+01  0.20029862367282E+02 -0.66332330698570E+01  0.32244476166789E+01 -0.97164554085644E+02  0.14519514608142E-11 -0.19588675302216E+02 -0.37267159729794E+03  0.24551641560574E-10 -0.94905385825635E+02 -0.76460321697276E+01 -0.42739536367522E+01 -0.25901903777955E-01 -0.45677203152689E-11 -0.11438397552541E+00 -0.46059358445953E-01  0.13447099218720E+02 -0.13794182141516E+03 -0.17834476319040E-11
  -0.10042975466931E+03  0.11588221195108E+02 -0.27589600602631E+01  0.52425586564795E+02 -0.45735701442964E+01  0.13941057225354E+02  0.75027621371715E+01  0.88311423427004E+02 -0.12280184611493E+02 -0.14596232599009E+01  0.49483236162821E+00 -0.10622859269747E+01 -0.11485746101017E+00  0.36648630307965E-01  0.11868718558430E+02 -0.90378212281986E+00  0.83396439745246E+01  0.39926208828800E+01  0.44151340695680E+02  0.11470448297325E+01 -0.34244485327198E-01 -0.16338130140635E-01 -0.42048777642492E-02  0.95127278830914E-02 -0.27269820066400E-02 -0.14545223688232E-01  0.53881005673380E-01 -0.29583222853827E-12 -0.45695557846199E+01 -0.42116016205972E+00  0.36716263899293E-11 -0.19333598491479E+01 -0.31993270937842E-05 -0.10058879256540E+00 -0.11048451045793E-12 -0.13953868317744E-13 -0.12024733460837E-02 -0.66711027992619E-03 -0.20521759498219E+01 -0.20417942425537E+01 -0.30884626765119E-12
   0.14213374228167E+05  0.12240962806425E+03 -0.57989637675843E+02  0.33105501981083E+05 -0.28635964424156E+04  0.79599375782842E+04  0.42809295162650E+04  0.99929275947767E+05  0.47086064415464E+05 -0.41116871310293E+04  0.11081172973291E+04  0.10098037328440E+04  0.56270434677800E+02  0.11868718558430E+02  0.51828827312299E+05 -0.50975678444089E+04  0.44131455904825E+05  0.23633914001975E+05  0.37621812993577E+05  0.52486889014399E+02  0.61817757279434E+02  0.28719458359072E+02 -0.12716220676667E+02 -0.11866380792316E+03  0.84385461901594E+03  0.66175582816892E+02 -0.30242360642631E+04 -0.19643869399908E+04 -0.24979269436036E+04  0.18989782601805E+04  0.42635941977131E+04 -0.14304262750535E+04 -0.29714555923424E+04 -0.74843430043922E+03  0.35388201611082E+03  0.59646700360657E+03 -0.31293792639019E+04 -0.16240699676930E+04 -0.20740606828470E+04 -0.98196595937743E+03 -0.11081751593217E+04
  -0.33109789709923E+04  0.52007739100491E+02 -0.38652700702672E+02 -0.43217138071799E+04  0.38891031658446E+03 -0.10504895888682E+04 -0.58248914325904E+03 -0.13183160026545E+05 -0.22145148109046E+04  0.54071954465576E+03 -0.12857486739957E+03 -0.15084573755032E+03 -0.10075300888172E+02 -0.90378212281986E+00 -0.50975678444089E+04  0.59388030959675E+03 -0.50226719826978E+04 -0.28002335436691E+04 -0.49642562959533E+04  0.83510296781546E+01 -0.88727506941350E+01 -0.55457503076147E+01 -0.10524713180345E+02 -0.29437710308896E+02 -0.18505506779270E+03 -0.36102082986832E+02  0.60837531526722E+03  0.38037826444342E+03  0.29818020037729E+03 -0.11095511030295E+03 -0.42638970727913E+03  0.15996533235256E+03  0.32843894484058E+03  0.88364115937364E+02 -0.10188542166641E+03 -0.16913118957127E+03  0.53054344493195E+03  0.25348734130593E+03 -0.43667681118674E+03  0.29317075974591E+03  0.33048416133948E+03
   0.18436303088568E+05 -0.22010153152375E+03  0.54302013342796E+02  0.33812393877376E+05 -0.28199424672833E+04  0.83548694266515E+04  0.43361269046524E+04  0.11849094978098E+06  0.16460093699598E+05 -0.43556948084920E+04  0.11143323292871E+04  0.13417674470430E+04  0.81925090808086E+02  0.83396439745246E+01  0.44131455904825E+05 -0.50226719826978E+04  0.43584165549491E+05  0.24007155015404E+05  0.38099113231368E+05  0.34110163904155E+02  0.77080421517954E+02  0.32138649822997E+02 -0.83876168028705E+02 -0.28896472985006E+03  0.87295020701129E+03 -0.11241063383608E+03 -0.36477827379362E+04 -0.23106388409599E+04 -0.29704695296377E+04  0.26650956229801E+04  0.60461669750941E+04 -0.13982798708247E+04 -0.29132538266829E+04 -0.76020404050991E+03  0.13503538345028E+03  0.25203869498416E+03 -0.34338337674194E+04 -0.18182951274616E+04  0.23171529419729E+04 -0.22568704699738E+04 -0.25105215405860E+04
   0.12977558108742E+05 -0.14965905939694E+03  0.10629665284754E+03  0.19424081949746E+05 -0.16516694957988E+04  0.48333742272019E+04  0.25538755198149E+04  0.64915880943960E+05  0.83716337088713E+04 -0.25178511677939E+04  0.61557754777495E+03  0.77889917870065E+03  0.51038047038050E+02  0.39926208828800E+01  0.23633914001975E+05 -0.28002335436691E+04  0.24007155015404E+05  0.13394347961650E+05  0.21908068389153E+05 -0.67552148069510E+01  0.47241329391429E+02  0.22881009594583E+02 -0.22166366932230E+02 -0.62114238946423E+02  0.67852907619268E+03 -0.13882760861202E+02 -0.25720877280018E+04 -0.15972279644703E+04 -0.15121749818069E+04  0.12061976123053E+04  0.32420762455141E+04 -0.72853937726677E+03 -0.15133556353293E+04 -0.42733175030035E+03  0.18226510717498E+03  0.32067631059172E+03 -0.22643843381909E+04 -0.11480562574025E+04  0.21936413917300E+04 -0.15456612459375E+04 -0.17235984625847E+04
   0.42620976388025E+07 -0.13368927606189E+07  0.10862672525215E+06  0.12868756394887E+07 -0.30828841660065E+06  0.61295942553578E+05  0.14464756157780E+06  0.30474593461991E+06  0.25183276895628E+05 -0.28105603660310E+05  0.26565009572727E+04  0.25909739075131E+04  0.12465085055311E+03  0.44151340695680E+02  0.37621812993577E+05 -0.49642562959533E+04  0.38099113231368E+05  0.21908068389153E+05  0.11463205211171E+08 -0.10401548019008E+06 -0.52739610797536E+05 -0.27476938121148E+05 -0.46028395109401E+05 -0.60818968756145E+05 -0.37037100752436E+06 -0.20081088184139E+06 -0.21933144537880E+05 -0.48673882099690E+05  0.65366674449619E+03 -0.34303379562471E+06 -0.16679319437141E+07 -0.10070874547993E+05 -0.20112712091397E+05 -0.13005187489540E+03 -0.10832841510760E+06 -0.45853298880214E+06 -0.15085297527804E+05 -0.47768503355686E+04  0.11066393974578E+05 -0.13150974532072E+05 -0.40497411299183E+05
  -0.63762254417248E+05  0.15170088989775E+05 -0.16114451483717E+04 -0.19480452221371E+05  0.37415822584555E+04 -0.20861241454489E+04 -0.25101423238358E+04 -0.38966932695084E+05  0.94504997913147E+04  0.12190945521544E+04 -0.20597788268215E+03  0.20175171727156E+03  0.12024044456702E+02  0.11470448297325E+01  0.52486889014399E+02  0.83510296781546E+01  0.34110163904155E+02 -0.67552148069510E+01 -0.10401548019008E+06  0.28819737215442E+04  0.95345996633608E+03  0.40927959150978E+03  0.26246914962461E+03 -0.19100237003715E+03  0.48076758930335E+04  0.16629811914352E+04  0.00000000000000E+00  0.25860652207954E+04  0.00000000000000E+00  0.00000000000000E+00  0.40920642237041E+05  0.00000000000000E+00  0.00000000000000E+00  0.00000000000000E+00  0.00000000000000E+00  0.57643868915543E+04  0.00000000000000E+00  0.00000000000000E+00  0.00000000000000E+00  0.00000000000000E+00  0.42335667140197E+04
  -0.27057843223127E+05  0.73227903091471E+04 -0.68696789378689E+03 -0.75141659852096E+04  0.16392007359367E+04 -0.55325139907791E+03 -0.91930949715719E+03 -0.73607905309413E+04  0.14428766598270E+04  0.31488960506084E+03 -0.42007725365130E+02  0.20371408314644E+02  0.17234179374097E+01 -0.34244485327198E-01  0.61817757279434E+02 -0.88727506941350E+01  0.77080421517954E+02  0.47241329391429E+02 -0.52739610797536E+05  0.95345996633608E+03  0.40670600370663E+03  0.19395929902086E+03  0.19902828381804E+03  0.14821419582863E+03  0.22365834665417E+04  0.98780123911857E+03  0.00000000000000E+00  0.67077584885368E+03  0.00000000000000E+00  0.00000000000000E+00  0.15175360584129E+05  0.00000000000000E+00  0.00000000000000E+00  0.00000000000000E+00  0.00000000000000E+00  0.28895094407329E+04  0.00000000000000E+00  0.00000000000000E+00  0.00000000000000E+00  0.00000000000000E+00  0.87771829043602E+03
  -0.12651689864742E+05  0.37556823538691E+04 -0.32165504730564E+03 -0.31271574950985E+04  0.74539360188217E+03 -0.14446174300520E+03 -0.35482553120966E+03 -0.18775481987108E+04  0.31887905092361E+03  0.97707944447975E+02 -0.11097134798015E+02  0.57755194109094E+00  0.12169070931734E+00 -0.16338130140635E-01  0.28719458359072E+02 -0.55457503076147E+01  0.32138649822997E+02  0.22881009594583E+02 -0.27476938121148E+05  0.40927959150978E+03  0.19395929902086E+03  0.98679171130117E+02  0.12488219122928E+03  0.13624278305323E+03  0.11104602543095E+04  0.58074208649469E+03  0.00000000000000E+00  0.19571420561234E+03  0.00000000000000E+00  0.00000000000000E+00  0.65075984419114E+04  0.00000000000000E+00  0.00000000000000E+00  0.00000000000000E+00  0.00000000000000E+00  0.14857947521095E+04  0.00000000000000E+00  0.00000000000000E+00  0.00000000000000E+00  0.00000000000000E+00  0.25889980836883E+03
  -0.20174177928065E+05  0.89043206788789E+04 -0.52044683863933E+03 -0.14709653340089E+04  0.74561890264622E+03  0.46312430651031E+03  0.21835118591863E+02  0.75951581375368E+04 -0.17336236944794E+04 -0.21464848912852E+03  0.41754096517685E+02  0.33937486590118E+02  0.38145067119446E+01 -0.42048777642492E-02 -0.12716220676667E+02 -0.10524713180345E+02 -0.83876168028705E+02 -0.22166366932230E+02 -0.46028395109401E+05  0.26246914962461E+03  0.19902828381804E+03  0.12488219122928E+03  0.46325367118110E+03  0.82635391747364E+03  0.22616479931919E+04  0.18091768275696E+04 -0.74110913559627E+02 -0.44674017363415E+02  0.15403447060007E+01  0.13068092091699E+04  0.21250248130315E+04  0.00000000000000E+00  0.00000000000000E+00  0.00000000000000E+00  0.20177397307488E+04  0.32457263012188E+04  0.00000000000000E+00  0.00000000000000E+00  0.00000000000000E+00 -0.34233546713886E+03 -0.37641318683135E+03
  -0.12758578141137E+05  0.11106713817049E+05 -0.37531426531629E+03  0.23715175313469E+04  0.66859335130918E+03  0.18676700280820E+04  0.79970542556380E+03  0.40531615436229E+05 -0.96116342404154E+04 -0.11263754990909E+04  0.21886387700149E+03  0.19575465321838E+03  0.20029862367282E+02  0.95127278830914E-02 -0.11866380792316E+03 -0.29437710308896E+02 -0.28896472985006E+03 -0.62114238946423E+02 -0.60818968756145E+05 -0.19100237003715E+03  0.14821419582863E+03  0.13624278305323E+03  0.82635391747364E+03  0.20843057836011E+04  0.26595771765304E+04  0.25687036509834E+04 -0.20680667755231E+03 -0.14543496574072E+03 -0.38413090388668E+02 -0.46301110063284E+04 -0.80825950914784E+04  0.00000000000000E+00  0.00000000000000E+00  0.00000000000000E+00  0.32515650865212E+04  0.51274689203711E+04  0.00000000000000E+00  0.00000000000000E+00  0.00000000000000E+00 -0.20454914262926E+04 -0.22525039511974E+04
  -0.26165264595033E+06  0.74751543545699E+05 -0.66665949184194E+04 -0.45787583889096E+05  0.10901777158645E+05 -0.20701410425899E+04 -0.52346568294976E+04 -0.30399353310898E+05  0.48633704483565E+04  0.16934395493782E+04 -0.18194499560335E+03 -0.40827231779954E+02 -0.66332330698570E+01 -0.27269820066400E-02  0.84385461901594E+03 -0.18505506779270E+03  0.87295020701129E+03  0.67852907619268E+03 -0.37037100752436E+06  0.48076758930335E+04  0.22365834665417E+04  0.11104602543095E+04  0.22616479931919E+04  0.26595771765304E+04  0.22141051042332E+05  0.10071707444275E+05  0.23889650126723E+03  0.18006990417517E+03  0.49579394339503E-02  0.39871406267654E+05  0.78998907586682E+05  0.00000000000000E+00  0.00000000000000E+00  0.00000000000000E+00  0.15308323802464E+05  0.24717358671790E+05  0.00000000000000E+00  0.00000000000000E+00  0.00000000000000E+00  0.17140120725192E+04  0.20877198741691E+04
  -0.10037545966758E+06  0.39605963062207E+05 -0.25478589068362E+04 -0.10348852831817E+05  0.34572979274315E+04  0.75932398712124E+03 -0.65729834305942E+03  0.60294493569192E+04 -0.13350442734644E+04 -0.13447353693303E+03  0.33933338626506E+02  0.23567872801277E+02  0.32244476166789E+01 -0.14545223688232E-01  0.66175582816892E+02 -0.36102082986832E+02 -0.11241063383608E+03 -0.13882760861202E+02 -0.20081088184139E+06  0.16629811914352E+04  0.98780123911857E+03  0.58074208649469E+03  0.18091768275696E+04  0.25687036509834E+04  0.10071707444275E+05  0.78585542435721E+04 -0.21623711911799E+03 -0.11556283226874E+03  0.11929658945457E+02  0.12026064299029E+05  0.20186404139202E+05  0.00000000000000E+00  0.00000000000000E+00  0.00000000000000E+00  0.76407029727914E+04  0.12533256860728E+05  0.00000000000000E+00  0.00000000000000E+00  0.00000000000000E+00 -0.15117240842815E+03 -0.15323566690420E+03
  -0.13668321052324E+06  0.16973612840780E+05 -0.34178629631757E+04 -0.13080930162588E+05  0.20219088629335E+04 -0.21684969828273E+04 -0.20401011882442E+04 -0.63403950773262E+05  0.11281046139072E+05  0.25948572660311E+04 -0.37688610233556E+03 -0.72278809036794E+03 -0.97164554085644E+02  0.53881005673380E-01 -0.30242360642631E+04  0.60837531526722E+03 -0.36477827379362E+04 -0.25720877280018E+04 -0.21933144537880E+05  0.00000000000000E+00  0.00000000000000E+00  0.00000000000000E+00 -0.74110913559627E+02 -0.20680667755231E+03  0.23889650126723E+03 -0.21623711911799E+03  0.11667364975213E+06  0.00000000000000E+00  0.00000000000000E+00  0.00000000000000E+00  0.00000000000000E+00  0.00000000000000E+00  0.00000000000000E+00  0.00000000000000E+00  0.00000000000000E+00  0.00000000000000E+00  0.00000000000000E+00  0.00000000000000E+00  0.00000000000000E+00  0.00000000000000E+00  0.00000000000000E+00
  -0.57593680625526E+05  0.82889319421450E+04 -0.14335130130494E+04 -0.21737459589318E+05  0.34560912391139E+04 -0.34044405620271E+04 -0.32616187319647E+04 -0.49952452904450E+05  0.10486078890951E+05  0.17574166805441E+04 -0.28079619237204E+03 -0.57623996908926E-12  0.14519514608142E-11 -0.29583222853827E-12 -0.19643869399908E+04  0.38037826444342E+03 -0.23106388409599E+04 -0.15972279644703E+04 -0.48673882099690E+05  0.25860652207954E+04  0.67077584885368E+03  0.19571420561234E+03 -0.44674017363415E+02 -0.14543496574072E+03  0.18006990417517E+03 -0.11556283226874E+03  0.00000000000000E+00  0.64405554384713E+05  0.00000000000000E+00  0.00000000000000E+00  0.00000000000000E+00  0.00000000000000E+00  0.00000000000000E+00  0.00000000000000E+00  0.00000000000000E+00  0.00000000000000E+00  0.00000000000000E+00  0.00000000000000E+00  0.00000000000000E+00  0.00000000000000E+00  0.00000000000000E+00
  -0.58979441699408E+04 -0.14244475433436E+03 -0.10884272086151E+02 -0.17859115619668E+03 -0.50600915534165E+02  0.73554167898574E+02  0.94022151446163E+02 -0.76702109896410E+05  0.26208969417605E+05  0.75469204311894E+03 -0.31262103654282E+03 -0.50127588948631E+03 -0.19588675302216E+02 -0.45695557846199E+01 -0.24979269436036E+04  0.29818020037729E+03 -0.29704695296377E+04 -0.15121749818069E+04  0.65366674449619E+03  0.00000000000000E+00  0.00000000000000E+00  0.00000000000000E+00  0.15403447060007E+01 -0.38413090388668E+02  0.49579394339503E-02  0.11929658945457E+02  0.00000000000000E+00  0.00000000000000E+00  0.30687008747209E+05  0.00000000000000E+00  0.00000000000000E+00  0.00000000000000E+00  0.00000000000000E+00  0.00000000000000E+00  0.00000000000000E+00  0.00000000000000E+00  0.00000000000000E+00  0.00000000000000E+00  0.00000000000000E+00  0.00000000000000E+00  0.00000000000000E+00
  -0.87440562526735E+06  0.20004000844652E+06 -0.21877996630928E+05 -0.66170673574361E+05  0.12463714696849E+05 -0.77451983730049E+04 -0.88698257421124E+04 -0.30779485949161E+06  0.68743168157248E+05  0.10479324359033E+05 -0.16896424808210E+04 -0.34539889400410E+04 -0.37267159729794E+03 -0.42116016205972E+00  0.18989782601805E+04 -0.11095511030295E+03  0.26650956229801E+04  0.12061976123053E+04 -0.34303379562471E+06  0.00000000000000E+00  0.00000000000000E+00  0.00000000000000E+00  0.13068092091699E+04 -0.46301110063284E+04  0.39871406267654E+05  0.12026064299029E+05  0.00000000000000E+00  0.00000000000000E+00  0.00000000000000E+00  0.58032121001095E+06  0.00000000000000E+00  0.00000000000000E+00  0.00000000000000E+00  0.00000000000000E+00  0.00000000000000E+00  0.00000000000000E+00  0.00000000000000E+00  0.00000000000000E+00  0.00000000000000E+00  0.00000000000000E+00  0.00000000000000E+00
  -0.11190077990780E+07  0.24818656070454E+06 -0.28140085198248E+05 -0.34260175475952E+06  0.65402995035697E+05 -0.38000811964222E+05 -0.46085882741297E+05 -0.58764780165812E+06  0.12717165924384E+06  0.21196888691360E+05 -0.32592453925807E+04  0.32391348332256E-09  0.24551641560574E-10  0.36716263899293E-11  0.42635941977131E+04 -0.42638970727913E+03  0.60461669750941E+04  0.32420762455141E+04 -0.16679319437141E+07  0.40920642237041E+05  0.15175360584129E+05  0.65075984419114E+04  0.21250248130315E+04 -0.80825950914784E+04  0.78998907586682E+05  0.20186404139202E+05  0.00000000000000E+00  0.00000000000000E+00  0.00000000000000E+00  0.00000000000000E+00  0.92092457592248E+06  0.00000000000000E+00  0.00000000000000E+00  0.00000000000000E+00  0.00000000000000E+00  0.00000000000000E+00  0.00000000000000E+00  0.00000000000000E+00  0.00000000000000E+00  0.00000000000000E+00  0.00000000000000E+00
  -0.21188735678316E+05  0.56072277136255E+04 -0.54237461533300E+03 -0.12265827371835E+04  0.32103446266433E+03 -0.13201544444557E+02 -0.13934056122512E+03 -0.75357224265274E+05  0.22652355237315E+05  0.13988237158054E+04 -0.35471640983140E+03 -0.15499235652475E+04 -0.94905385825635E+02 -0.19333598491479E+01 -0.14304262750535E+04  0.15996533235256E+03 -0.13982798708247E+04 -0.72853937726677E+03 -0.10070874547993E+05  0.00000000000000E+00  0.00000000000000E+00  0.00000000000000E+00  0.00000000000000E+00  0.00000000000000E+00  0.00000000000000E+00  0.00000000000000E+00  0.00000000000000E+00  0.00000000000000E+00  0.00000000000000E+00  0.00000000000000E+00  0.00000000000000E+00  0.13467836171788E+05  0.00000000000000E+00  0.00000000000000E+00  0.00000000000000E+00  0.00000000000000E+00  0.00000000000000E+00  0.00000000000000E+00  0.00000000000000E+00  0.00000000000000E+00  0.00000000000000E+00
  -0.48810668253984E+05  0.13133858146237E+05 -0.12524176333781E+04 -0.24478901645005E+04  0.62050235837615E+03 -0.56050564122899E+02 -0.27383896767507E+03 -0.17220658579808E+06  0.51908045365110E+05  0.31476317682237E+04 -0.80964797928341E+03 -0.32530220671398E+02 -0.76460321697276E+01 -0.31993270937842E-05 -0.29714555923424E+04  0.32843894484058E+03 -0.29132538266829E+04 -0.15133556353293E+04 -0.20112712091397E+05  0.00000000000000E+00  0.00000000000000E+00  0.00000000000000E+00  0.00000000000000E+00  0.00000000000000E+00  0.00000000000000E+00  0.00000000000000E+00  0.00000000000000E+00  0.00000000000000E+00  0.00000000000000E+00  0.00000000000000E+00  0.00000000000000E+00  0.00000000000000E+00  0.31088714462227E+05  0.00000000000000E+00  0.00000000000000E+00  0.00000000000000E+00  0.00000000000000E+00  0.00000000000000E+00  0.00000000000000E+00  0.00000000000000E+00  0.00000000000000E+00
  -0.33403116331670E+04  0.42423839269708E+03 -0.75711596915605E+02 -0.69724116805119E+02  0.89539926908653E+01 -0.14482010349327E+02 -0.10619449867537E+02 -0.15801776489808E+04  0.22863248579741E+03  0.44772860843378E+02 -0.98249771341832E+01 -0.55510573186321E+02 -0.42739536367522E+01 -0.10058879256540E+00 -0.74843430043922E+03  0.88364115937364E+02 -0.76020404050991E+03 -0.42733175030035E+03 -0.13005187489540E+03  0.00000000000000E+00  0.00000000000000E+00  0.00000000000000E+00  0.00000000000000E+00  0.00000000000000E+00  0.00000000000000E+00  0.00000000000000E+00  0.00000000000000E+00  0.00000000000000E+00  0.00000000000000E+00  0.00000000000000E+00  0.00000000000000E+00  0.00000000000000E+00  0.00000000000000E+00  0.37919172045172E+04  0.00000000000000E+00  0.00000000000000E+00  0.00000000000000E+00  0.00000000000000E+00  0.00000000000000E+00  0.00000000000000E+00  0.00000000000000E+00
  -0.19448190215512E+06  0.58580719672696E+05 -0.49711884012184E+04 -0.10846138115451E+05  0.30099666432371E+04  0.16324181772589E+02 -0.10362771029225E+04 -0.43121363471588E+04  0.51759323889619E+03  0.37791418304944E+03 -0.26480103651435E+02 -0.40801044602463E-01 -0.25901903777955E-01 -0.11048451045793E-12  0.35388201611082E+03 -0.10188542166641E+03  0.13503538345028E+03  0.18226510717498E+03 -0.10832841510760E+06  0.00000000000000E+00  0.00000000000000E+00  0.00000000000000E+00  0.20177397307488E+04  0.32515650865212E+04  0.15308323802464E+05  0.76407029727914E+04  0.00000000000000E+00  0.00000000000000E+00  0.00000000000000E+00  0.00000000000000E+00  0.00000000000000E+00  0.00000000000000E+00  0.00000000000000E+00  0.00000000000000E+00  0.10719159168213E+06  0.00000000000000E+00  0.00000000000000E+00  0.00000000000000E+00  0.00000000000000E+00  0.00000000000000E+00  0.00000000000000E+00
  -0.21005142052253E+06  0.62703362572619E+05 -0.53700480042472E+04 -0.47159193292569E+05  0.12912231237297E+05 -0.89231311670672E+02 -0.45897785742275E+04 -0.84370476921884E+04  0.10165504932917E+04  0.71635738660949E+03 -0.51934489153790E+02 -0.81074442449908E-11 -0.45677203152689E-11 -0.13953868317744E-13  0.59646700360657E+03 -0.16913118957127E+03  0.25203869498416E+03  0.32067631059172E+03 -0.45853298880214E+06  0.57643868915543E+04  0.28895094407329E+04  0.14857947521095E+04  0.32457263012188E+04  0.51274689203711E+04  0.24717358671790E+05  0.12533256860728E+05  0.00000000000000E+00  0.00000000000000E+00  0.00000000000000E+00  0.00000000000000E+00  0.00000000000000E+00  0.00000000000000E+00  0.00000000000000E+00  0.00000000000000E+00  0.00000000000000E+00  0.13810315152922E+06  0.00000000000000E+00  0.00000000000000E+00  0.00000000000000E+00  0.00000000000000E+00  0.00000000000000E+00
  -0.91234757523928E+04  0.23154364224656E+04 -0.23235917654899E+03 -0.23869967145846E+04  0.49024670665726E+03 -0.22095085808367E+03 -0.31307713624462E+03  0.93153327603929E+03 -0.14250879585489E+04  0.10477117628504E+03 -0.70832549510477E+01 -0.11823207756788E+01 -0.11438397552541E+00 -0.12024733460837E-02 -0.31293792639019E+04  0.53054344493195E+03 -0.34338337674194E+04 -0.22643843381909E+04 -0.15085297527804E+05  0.00000000000000E+00  0.00000000000000E+00  0.00000000000000E+00  0.00000000000000E+00  0.00000000000000E+00  0.00000000000000E+00  0.00000000000000E+00  0.00000000000000E+00  0.00000000000000E+00  0.00000000000000E+00  0.00000000000000E+00  0.00000000000000E+00  0.00000000000000E+00  0.00000000000000E+00  0.00000000000000E+00  0.00000000000000E+00  0.00000000000000E+00  0.81765021370182E+04  0.00000000000000E+00  0.00000000000000E+00  0.00000000000000E+00  0.00000000000000E+00
  -0.32407475031909E+04  0.73985387636038E+03 -0.82413617755130E+02 -0.93919314601475E+03  0.18023263484661E+03 -0.10719805992851E+03 -0.12941196341312E+03  0.52614079742138E+03 -0.76037595175428E+03  0.48260691004140E+02 -0.36006979540828E+01 -0.51880769913595E+00 -0.46059358445953E-01 -0.66711027992619E-03 -0.16240699676930E+04  0.25348734130593E+03 -0.18182951274616E+04 -0.11480562574025E+04 -0.47768503355686E+04  0.00000000000000E+00  0.00000000000000E+00  0.00000000000000E+00  0.00000000000000E+00  0.00000000000000E+00  0.00000000000000E+00  0.00000000000000E+00  0.00000000000000E+00  0.00000000000000E+00  0.00000000000000E+00  0.00000000000000E+00  0.00000000000000E+00  0.00000000000000E+00  0.00000000000000E+00  0.00000000000000E+00  0.00000000000000E+00  0.00000000000000E+00  0.00000000000000E+00  0.41966070122061E+04  0.00000000000000E+00  0.00000000000000E+00  0.00000000000000E+00
  -0.21670542930288E+05 -0.19535712982644E+04 -0.15952849685762E+03 -0.10941009289770E+05  0.39505629679924E+03 -0.26672542184670E+04 -0.11521877327951E+04 -0.29467017897153E+06  0.11745018434119E+06  0.31593524034979E+04 -0.10331112050839E+04  0.11757832172603E+03  0.13447099218720E+02 -0.20521759498219E+01 -0.20740606828470E+04 -0.43667681118674E+03  0.23171529419729E+04  0.21936413917300E+04  0.11066393974578E+05  0.00000000000000E+00  0.00000000000000E+00  0.00000000000000E+00  0.00000000000000E+00  0.00000000000000E+00  0.00000000000000E+00  0.00000000000000E+00  0.00000000000000E+00  0.00000000000000E+00  0.00000000000000E+00  0.00000000000000E+00  0.00000000000000E+00  0.00000000000000E+00  0.00000000000000E+00  0.00000000000000E+00  0.00000000000000E+00  0.00000000000000E+00  0.00000000000000E+00  0.00000000000000E+00  0.12866286136019E+06  0.00000000000000E+00  0.00000000000000E+00
