# fitpack15: fit parameters                                                                         
# CJ15 AV18 final data choices                                                                      
# Created on 02/13/2020 at 10:56:14                                                                 

 # QCD setup
  INS                           0
  NVL                          11
  IORD                          1
  Q02                   1.6899999999999999     
  IPARAMC                      -7
  FLAVOR                5.0000000000000000     
  xmc                   1.3000000000000000     
  xmb                   4.5000000000000000     
  ncb                          12
  ihq                           1
  ias                           0

 # Theory corrections
  inuke                     10114
  itmc                          1
  iht                           2

 # fit parameters
 LAMBDA       0.22680        0.0000    
 a0uv          1.7617        0.0000    
 a1uv         0.55223       0.39727E-01
 a2uv          3.6510       0.19980E-01
 a3uv          0.0000        0.0000    
 a4uv          5.7002        1.3072    
 a5uv          0.0000        0.0000    
 a0dv          20.096        0.0000    
 a1dv          1.1088       0.51230E-01
 a2dv          6.6048       0.32414    
 a3dv         -3.4364       0.16904    
 a4dv          4.8039       0.25967    
 a5dv          0.0000        0.0000    
 a0ud         0.14054       0.55043E-02
 a1ud        -0.21190       0.41617E-02
 a2ud          9.0359       0.23410    
 a3ud          0.0000        0.0000    
 a4ud          17.585        1.7929    
 a5ud          0.0000        0.0000    
 a0du          35712.        0.0000    
 a1du          4.2068       0.14755    
 a2du          20.793        1.3690    
 a3du          17.000        0.0000    
 a4du          59.870        17.103    
 a0g           44.960        0.0000    
 a1g          0.59932       0.29354E-01
 a2g           5.6290       0.75454    
 a3g          -3.3781       0.11701    
 a4g           3.1781       0.24738    
 a5g           0.0000        0.0000    
 kappa        0.40000        0.0000    
 a6dv         0.49163E-02   0.31527E-02
 a7dv          2.0000        0.0000    
 off1        -0.45553E-01   0.12975    
 off2         -1.2598       0.95085    
 off3          1.6466        1.7655    
 ht1          -4.8418        1.3312    
 ht2           2.3405       0.21724    
 ht3          -2.0663       0.38936E-01
 ht4           2.6323       0.15954    
 ht1n         -8.2076        8.7746    
 ht2n          2.6577       0.71237    
 ht3n         -2.3072       0.10218    
 ht4n          3.5900       0.75200    
 dummy45       0.0000        0.0000    
 dummy46       0.0000        0.0000    
 dummy47       0.0000        0.0000    
 dummy48       0.0000        0.0000    
 dummy49       0.0000        0.0000    
 bcdmsh2      0.97289       0.49675E-02
 bcdmsd2      0.99369       0.59649E-02
 ccfr          1.0000        0.0000    
 nutev         1.0000        0.0000    
 zeus         0.97998        0.0000    
 h1            1.0162        0.0000    
 e605          1.0319        0.0000    
 NmcH2         1.0082       0.72033E-02
 ntv_nu        1.0000        0.0000    
 ntv_nubar     1.0000        0.0000    
 cdf_jet      0.98910        0.0000    
 d0_jet       0.83504        0.0000    
 slac_p       0.99909       0.53118E-02
 slac_d        1.0041       0.54686E-02
 e866pp       0.98363       0.25001E-01
 e866pd       0.94770       0.20468E-01
 d0_gamjet     1.0424       0.16661E-01
 h1b          0.97608        0.0000    
 jlab_p       0.98520       0.65196E-02
 jlab_d       0.97700       0.62807E-02
 blank         1.0000        0.0000    
 d0run2       0.94930       0.15448E-01
 cdfrun2      0.93508       0.17812E-01
 HERA_el       1.0000        0.0000    
 HERA_ps       1.0000        0.0000    
 CDF_Z        0.94872       0.69673E-02
 NmcRat        1.0000        0.0000    
 BNS_F2nd      0.0000        0.0000    
 HERMES_F2p   0.99361       0.58245E-02
 HERMES_F2d   0.97941       0.59555E-02
 END 0. 0.

 # Hessian matrix (Bevington alpha)
   0.47596898691300E+07 -0.11707553731458E+07  0.14666339374517E+06  0.56567447733182E+06 -0.12880354863446E+06  0.22759671384967E+04  0.63991903224432E+05  0.95390289019376E+06 -0.17489888943514E+06 -0.45613440980710E+05  0.64424839730572E+04  0.11279454814770E+05  0.11988179242943E+04 -0.74802999072148E+02  0.17044142723622E+05 -0.38820189263505E+04  0.23832613452676E+05  0.16274311815030E+05  0.58257899939004E+07 -0.62899295090759E+05 -0.26769927477212E+05 -0.12549706778785E+05 -0.11303004189505E+05 -0.39144203665531E+04 -0.21173152974416E+06 -0.77448935281057E+05 -0.27189960718792E+04 -0.63802638576615E+04 -0.54990297873476E+05 -0.25465403511403E+05 -0.13302583669487E+06 -0.56673769165048E+05 -0.53071062500025E+04 -0.85631787745665E+06 -0.11079049564109E+07 -0.21267937009120E+05 -0.48943787926094E+05 -0.32114705478427E+04 -0.18953816117952E+06 -0.21081678912100E+06 -0.89136642254471E+04 -0.31701696808557E+04 -0.19720513159104E+05 -0.75745719850908E+05 -0.59707815346309E+05
  -0.11707553731458E+07  0.35339652369171E+06 -0.36509418206696E+05 -0.13414511762141E+06  0.31951920967265E+05  0.51832605382744E+04 -0.11727420168802E+05 -0.11192979478444E+06  0.23952807212030E+05  0.60684185125203E+04 -0.70950711167518E+03 -0.85688195051900E+03 -0.91361417979102E+02  0.92559901363967E+01 -0.26402574135221E+03  0.13018512182818E+03 -0.68573667798787E+03 -0.46015406008725E+03 -0.18442952202926E+07  0.15421226667904E+05  0.74653420994269E+04  0.38371140479649E+04  0.55069180880339E+04  0.82746128782455E+04  0.62787727366905E+05  0.32412785733214E+05  0.10352132979033E+04  0.32518546383765E+04  0.14823833664155E+05  0.92019563544373E+04  0.16911187066500E+05  0.83762899840006E+04 -0.18276731000586E+03  0.20079237853272E+06  0.25359359413085E+06  0.57793389817855E+04  0.13498246476995E+05  0.41849139512428E+03  0.58652106404444E+05  0.64624253385180E+05  0.23340520426801E+04  0.74541870910233E+03 -0.21429104982441E+04  0.86474912810573E+04  0.72938735226905E+04
   0.14666339374517E+06 -0.36509418206696E+05  0.45437665946248E+04  0.16925221894889E+05 -0.39701959873097E+04 -0.15172657586831E+03  0.18856636231061E+04  0.22526123357448E+05 -0.39807840919359E+04 -0.12561376716317E+04  0.15501917642704E+03  0.26832686583328E+03  0.31757764852748E+02 -0.24867007729201E+01  0.65676873082300E+01 -0.59639879160524E+02  0.17509406916913E+03  0.19823923210193E+03  0.18122068238406E+06 -0.19206446750225E+04 -0.82537862760328E+03 -0.38864178081246E+03 -0.36370711828954E+03 -0.21449106537843E+03 -0.65683479388845E+04 -0.24182102189576E+04 -0.86421444963881E+02 -0.21895857183209E+03 -0.17041904959647E+04 -0.79627615034692E+03 -0.39584150799519E+04 -0.16829167472930E+04  0.63867504291447E+01 -0.25828658694417E+05 -0.33608748876440E+05 -0.66203354504591E+03 -0.15278765447000E+04 -0.85759168626069E+02 -0.59199784062310E+04 -0.65833284704015E+04 -0.27451718781289E+03 -0.97181113545372E+02 -0.12485184639436E+03 -0.19348190891488E+04 -0.15571544618770E+04
   0.56567447733182E+06 -0.13414511762141E+06  0.16925221894889E+05  0.29430556389058E+06 -0.43800176650598E+05  0.47658274659991E+05  0.41259518039694E+05  0.32264670931398E+06 -0.27711130694854E+05 -0.14910798987531E+05  0.25366545635564E+04 -0.73939499543900E+03 -0.49930863936094E+02  0.31914451429156E+02  0.29366508617265E+05 -0.36707705847731E+04  0.30695021259086E+05  0.17144357723748E+05  0.12598845281489E+07 -0.19060439703088E+05 -0.73917030925070E+04 -0.30965255418813E+04 -0.56754847755789E+03  0.26526117547775E+04 -0.29950773616174E+05 -0.64811474382192E+04 -0.42625345313855E+03 -0.93377244028488E+02 -0.14764986513194E+05 -0.46291579660181E+04 -0.12662758213170E+05 -0.21192364577211E+05 -0.11702198995041E+03 -0.65301909546040E+05 -0.33653847617724E+06 -0.12205478586144E+04 -0.24293328007178E+04 -0.66902379514312E+02 -0.10560378832328E+05 -0.46627602294279E+05 -0.23353764328673E+04 -0.91663903114618E+03 -0.10326522747366E+05 -0.74434351351065E+04 -0.22040371195621E+05
  -0.12880354863446E+06  0.31951920967265E+05 -0.39701959873097E+04 -0.43800176650598E+05  0.78470952602896E+04 -0.45492806243136E+04 -0.57376817589953E+04 -0.26523543229311E+05  0.55300547927018E+03  0.17643738809243E+04 -0.22735312922193E+03 -0.26640906952537E+02 -0.16055998077578E+01 -0.23950194748282E+01 -0.23335840875058E+04  0.29609151003583E+03 -0.23292193963031E+04 -0.13124977560900E+04 -0.26634139463833E+06  0.33309631304447E+04  0.14338798471206E+04  0.63994942477228E+03  0.24612647613843E+03  0.72320846531065E+02  0.62910122692662E+04  0.16628854866594E+04  0.13064971042640E+03  0.36604911638871E+03  0.30297251079513E+04  0.11460432959216E+04  0.19282862140662E+04  0.32717381401774E+04 -0.54005590534112E+02  0.11202649790495E+05  0.59221275342000E+05  0.28670880000077E+03  0.54960488210749E+03  0.83363578048402E+01  0.25336506726651E+04  0.11071463964766E+05  0.43187724262730E+03  0.16143479854526E+03  0.39798860278221E+03  0.80482266265523E+03  0.24852198238990E+04
   0.22759671384967E+04  0.51832605382744E+04 -0.15172657586831E+03  0.47658274659991E+05 -0.45492806243136E+04  0.13103692159057E+05  0.78503308968610E+04  0.86599557739085E+05 -0.86714216782307E+04 -0.33574413442429E+04  0.66951412732197E+03 -0.32430837932098E+03 -0.22234294718414E+02  0.94613608506297E+01  0.77242003774533E+04 -0.99134267084949E+03  0.82633458209289E+04  0.46927061727205E+04  0.23423378246775E+05 -0.19557096955205E+04 -0.45054397441398E+03 -0.80443831020945E+02  0.33712375587668E+03  0.16033613930495E+04 -0.73149969406205E+03  0.92495744216052E+03  0.91289767462922E+02  0.80024846336606E+03 -0.62593845681331E+03  0.38095509188429E+03 -0.22791526702601E+04 -0.35517003740216E+04  0.10061926279979E+03 -0.74951895303370E+04 -0.36316874818793E+05  0.19275044402806E+02  0.58472307585550E+01 -0.15050744132202E+02  0.31423973246540E+03  0.11748568836662E+04 -0.19610951871629E+03 -0.10236698502606E+03 -0.28329499344085E+04 -0.16569364164100E+04 -0.47619098951528E+04
   0.63991903224432E+05 -0.11727420168802E+05  0.18856636231061E+04  0.41259518039694E+05 -0.57376817589953E+04  0.78503308968610E+04  0.62971069940370E+04  0.45967193899810E+05 -0.28259318141283E+04 -0.23170293517009E+04  0.37446234222559E+03 -0.91155870757934E+02 -0.59981073492193E+01  0.46805011293009E+01  0.39533082856823E+04 -0.51668539683431E+03  0.40497908935132E+04  0.23321425072465E+04  0.12387256451984E+06 -0.24099294521090E+04 -0.85111758449131E+03 -0.31371747415215E+03  0.94412280631033E+02  0.83694096527095E+03 -0.30690976842437E+04 -0.10774934515589E+03 -0.41540089106475E+01  0.24918449064458E+03 -0.16580612771848E+04 -0.24180760257633E+03 -0.21007534769765E+04 -0.33409223275637E+04  0.10919038321937E+03 -0.86710355934002E+04 -0.44964068765223E+05 -0.12338839931722E+03 -0.24095088768584E+03 -0.10763035211786E+02 -0.82630621160359E+03 -0.37749024452294E+04 -0.29583389874078E+03 -0.12557203072672E+03 -0.12088428593226E+04 -0.10283539182942E+04 -0.30658920338181E+04
   0.95390289019376E+06 -0.11192979478444E+06  0.22526123357448E+05  0.32264670931398E+06 -0.26523543229311E+05  0.86599557739085E+05  0.45967193899810E+05  0.54666656292771E+07 -0.24487012018787E+07 -0.84847935834023E+05  0.23998173414623E+05  0.21588707877298E+05  0.14445308640229E+04  0.76557550918992E+02  0.88511009563270E+05 -0.11739668792703E+05  0.11097955378583E+06  0.59625871514867E+05  0.34490156043695E+06 -0.36432535927187E+05 -0.68765222600593E+04 -0.17561961799767E+04  0.44226159207284E+04  0.32799711055424E+05 -0.20791464258844E+05  0.45777511025014E+04  0.83144659469694E+03  0.11008078401781E+05 -0.89532313216671E+04  0.10720489505357E+04 -0.57947963238509E+05 -0.46764234588263E+05 -0.72431249432682E+05 -0.28704732811346E+06 -0.54808592469995E+06 -0.74481290508138E+05 -0.17048462670624E+06 -0.14286383352955E+04 -0.41219186836391E+04 -0.82251955641548E+04  0.10582220217902E+04  0.57669007805378E+03 -0.27911171658078E+06 -0.14813700378522E+06 -0.17868862375069E+06
  -0.17489888943514E+06  0.23952807212030E+05 -0.39807840919359E+04 -0.27711130694854E+05  0.55300547927018E+03 -0.86714216782307E+04 -0.28259318141283E+04 -0.24487012018787E+07  0.19382645950325E+07  0.18863323885630E+05 -0.60152364593883E+04 -0.46148949298309E+04 -0.25219135085566E+03 -0.11422852728343E+02  0.49470796772185E+05 -0.25214949725117E+04  0.19942456444506E+05  0.10182459762735E+05  0.10906304866438E+05  0.91134179885566E+04  0.13884637253880E+04  0.30728902563376E+03 -0.10102068080710E+04 -0.79342941667093E+04  0.33984879569468E+04 -0.98185196149110E+03 -0.20686789837672E+03 -0.27708721047502E+04  0.15052108123949E+04 -0.30171315733944E+03  0.10525600418449E+05  0.10095735196095E+05  0.25363053175146E+05  0.66134168385553E+05  0.12217146075166E+06  0.23114582854036E+05  0.52969599314280E+05  0.20007639529584E+03  0.52495192495239E+03  0.10496557788597E+04 -0.14639452288795E+04 -0.77600997989899E+03  0.11493233601276E+06  0.46264550051044E+05  0.55309203649311E+05
  -0.45613440980710E+05  0.60684185125203E+04 -0.12561376716317E+04 -0.14910798987531E+05  0.17643738809243E+04 -0.33574413442429E+04 -0.23170293517009E+04 -0.84847935834023E+05  0.18863323885630E+05  0.23396762826221E+04 -0.52660918847805E+03 -0.51909521307100E+03 -0.45389479740272E+02 -0.10747922620565E+01 -0.39555914037128E+04  0.51592604061214E+03 -0.43926826859615E+04 -0.24942654168465E+04 -0.31397954542043E+05  0.11715696958078E+04  0.30282413084944E+03  0.94112375301853E+02 -0.13631637800433E+03 -0.95695112351279E+03  0.12006549054854E+04 -0.12667900252740E+03 -0.20051402512839E+02 -0.29048630749576E+03  0.50095332727075E+03  0.20701255528116E+01  0.24557475725586E+04  0.16932465303521E+04  0.73561801420972E+03  0.10046967245765E+05  0.20365928082385E+05  0.14145746653232E+04  0.31993302971336E+04  0.42060962797877E+02  0.36710470135178E+03  0.70934981342060E+03  0.98598585846275E+02  0.45559883066876E+02  0.30541441052152E+04  0.27923009416084E+04  0.34529264263916E+04
   0.64424839730572E+04 -0.70950711167518E+03  0.15501917642704E+03  0.25366545635564E+04 -0.22735312922193E+03  0.66951412732197E+03  0.37446234222559E+03  0.23998173414623E+05 -0.60152364593883E+04 -0.52660918847805E+03  0.13909101716213E+03  0.13745257039240E+03  0.98952401971143E+01  0.44746189551889E+00  0.11396621158511E+04 -0.13217226771232E+03  0.12019017815596E+04  0.65335803374570E+03  0.31790944761464E+04 -0.21314412994074E+03 -0.43669485612088E+02 -0.11578864484398E+02  0.27270709426191E+02  0.19700635038985E+03 -0.13924609795267E+03  0.29174262584373E+02  0.49665049526054E+01  0.65048728770804E+02 -0.59564873424996E+02  0.62513833318106E+01 -0.38471485819703E+03 -0.29207221798541E+03 -0.32078340100104E+03 -0.17472677590192E+04 -0.33753903260966E+04 -0.38406583248741E+03 -0.87913649140643E+03 -0.99305843463870E+01 -0.28219713745932E+02 -0.56464580528723E+02 -0.70961912605463E+01 -0.36588085300192E+01 -0.10587767431736E+04 -0.76357464388118E+03 -0.92682382225954E+03
   0.11279454814770E+05 -0.85688195051900E+03  0.26832686583328E+03 -0.73939499543900E+03 -0.26640906952537E+02 -0.32430837932098E+03 -0.91155870757934E+02  0.21588707877298E+05 -0.46148949298309E+04 -0.51909521307100E+03  0.13745257039240E+03  0.92367448957876E+03  0.61300138739321E+02 -0.86825081559778E+00  0.10849657130733E+04 -0.16373334932368E+03  0.15404549800338E+04  0.88101526677512E+03  0.32546525473002E+04  0.20767802380290E+03  0.21792679472921E+02  0.73742225799370E+00  0.39730923286665E+02  0.33068980479276E+03 -0.49544719203108E+02  0.32237582432180E+02 -0.24932149517420E+01 -0.41590514987183E+02 -0.45167380047816E+01 -0.15893074944808E+01 -0.82302336908929E+03  0.36489760197617E-10 -0.50105334975571E+03 -0.38503778073457E+04  0.40895742037525E-09 -0.17020575754603E+04 -0.46182378980548E+02 -0.58364876159557E+02 -0.88538150253264E-01  0.84983364521453E-11 -0.12993794971624E+01 -0.56521399432311E+00  0.12603651809286E+03 -0.20651296900107E+04 -0.73952977502313E-10
   0.11988179242943E+04 -0.91361417979102E+02  0.31757764852748E+02 -0.49930863936094E+02 -0.16055998077578E+01 -0.22234294718414E+02 -0.59981073492193E+01  0.14445308640229E+04 -0.25219135085566E+03 -0.45389479740272E+02  0.98952401971143E+01  0.61300138739321E+02  0.53670561288422E+01 -0.98363223451461E-01  0.64650970370675E+02 -0.11559773456761E+02  0.99742849608534E+02  0.61119336497064E+02  0.20165677111066E+03  0.12732015683680E+02  0.19255524242011E+01  0.15639213660801E+00  0.46670171075666E+01  0.33948029506566E+02 -0.95316453736364E+01  0.49401884047173E+01 -0.24461507150337E+00 -0.33806555432935E+01 -0.14624866226129E+00 -0.31413287840972E+00 -0.11695109463936E+03  0.62059822691864E-11 -0.19902065906944E+02 -0.43846427178118E+03  0.88430777907303E-11 -0.10621596531655E+03 -0.11734752798291E+02 -0.46796564391701E+01 -0.63265429671551E-01 -0.22325840858746E-11 -0.13325421576849E+00 -0.52875041599608E-01  0.14912051995870E+02 -0.14906432192634E+03 -0.82374307754527E-11
  -0.74802999072148E+02  0.92559901363967E+01 -0.24867007729201E+01  0.31914451429156E+02 -0.23950194748282E+01  0.94613608506297E+01  0.46805011293009E+01  0.76557550918992E+02 -0.11422852728343E+02 -0.10747922620565E+01  0.44746189551889E+00 -0.86825081559778E+00 -0.98363223451461E-01  0.30683244117339E-01  0.11151042044610E+02 -0.77850727613438E+00  0.74357272064302E+01  0.33731818868005E+01  0.23965631985586E+02  0.11729519950113E+01 -0.34462772921875E-01 -0.16585298868532E-01 -0.23315942119355E-01 -0.12841186854852E+00  0.61570374274613E-01 -0.20477759251665E-01  0.90951844868987E-02  0.12383010554376E+00 -0.43380823067925E-01  0.36919957200420E-02  0.55976225284456E-01  0.27510285290324E-12 -0.46673509279520E+01 -0.44006021674064E+00  0.11934478591328E-11 -0.21227118801779E+01 -0.31562708421407E-05 -0.10264204080727E+00 -0.93547268154688E-13 -0.40338599394383E-13 -0.12480436349514E-02 -0.69460491995402E-03 -0.21585794769941E+01 -0.21196610221733E+01 -0.13872185599988E-11
   0.17044142723622E+05 -0.26402574135221E+03  0.65676873082300E+01  0.29366508617265E+05 -0.23335840875058E+04  0.77242003774533E+04  0.39533082856823E+04  0.88511009563270E+05  0.49470796772185E+05 -0.39555914037128E+04  0.11396621158511E+04  0.10849657130733E+04  0.64650970370675E+02  0.11151042044610E+02  0.51668045649518E+05 -0.51221761571827E+04  0.46241418815063E+05  0.24456335405359E+05  0.38963011049282E+05  0.47222669026202E+02  0.62564720610907E+02  0.29929429534348E+02 -0.97427295745562E+01 -0.10335157748905E+03  0.66448021755858E+03  0.51852193906936E+02  0.35969173535998E+01 -0.60811400389504E+01  0.25290454415260E+03  0.47486269761227E+02 -0.31000671433834E+04 -0.20246488549682E+04 -0.25108787325450E+04  0.18275948804146E+04  0.41921027424095E+04 -0.15209304310125E+04 -0.31541917740852E+04 -0.74576828137746E+03  0.39579312864630E+03  0.68381500191852E+03 -0.32060376939652E+04 -0.16514302831196E+04 -0.19495084357658E+04 -0.10198406752611E+04 -0.11462614142942E+04
  -0.38820189263505E+04  0.13018512182818E+03 -0.59639879160524E+02 -0.36707705847731E+04  0.29609151003583E+03 -0.99134267084949E+03 -0.51668539683431E+03 -0.11739668792703E+05 -0.25214949725117E+04  0.51592604061214E+03 -0.13217226771232E+03 -0.16373334932368E+03 -0.11559773456761E+02 -0.77850727613438E+00 -0.51221761571827E+04  0.59680121498812E+03 -0.53006691905923E+04 -0.29121276466361E+04 -0.45083241440514E+04  0.88062306947150E+01 -0.89814836172010E+01 -0.57136208151234E+01 -0.59700957617612E+01 -0.24540637746714E+02 -0.14256647097187E+03 -0.27284950217409E+02 -0.23126686943815E+01 -0.13450953107529E+02 -0.52787109624705E+02 -0.15790934911468E+02  0.61330983792596E+03  0.38605288814327E+03  0.30020080323726E+03 -0.98860047229266E+02 -0.41611504250247E+03  0.17099634749467E+03  0.35096533708541E+03  0.88077588975300E+02 -0.10785639537899E+03 -0.18394415182934E+03  0.53702911084400E+03  0.25545203803101E+03 -0.43418985364688E+03  0.29578178363364E+03  0.33200486738482E+03
   0.23832613452676E+05 -0.68573667798787E+03  0.17509406916913E+03  0.30695021259086E+05 -0.23292193963031E+04  0.82633458209289E+04  0.40497908935132E+04  0.11097955378583E+06  0.19942456444506E+05 -0.43926826859615E+04  0.12019017815596E+04  0.15404549800338E+04  0.99742849608534E+02  0.74357272064302E+01  0.46241418815063E+05 -0.53006691905923E+04  0.48218045714333E+05  0.26218063694465E+05  0.42162852273514E+05  0.30178810125621E+02  0.83444922966357E+02  0.35520044665330E+02 -0.61345499143441E+02 -0.25782929369936E+03  0.72335999460166E+03 -0.10928973514098E+03 -0.69652145127810E+01 -0.64987565961883E+02  0.30291083077465E+03 -0.79752919041724E+01 -0.39880713603199E+04 -0.25339613863307E+04 -0.31014298388469E+04  0.27714993963861E+04  0.64569291490712E+04 -0.15379932675550E+04 -0.32060530337193E+04 -0.79896207927742E+03  0.15941836527736E+03  0.30553133682492E+03 -0.37205195887225E+04 -0.19590038274368E+04  0.26704733155809E+04 -0.24934258372003E+04 -0.27582150421718E+04
   0.16274311815030E+05 -0.46015406008725E+03  0.19823923210193E+03  0.17144357723748E+05 -0.13124977560900E+04  0.46927061727205E+04  0.23321425072465E+04  0.59625871514867E+05  0.10182459762735E+05 -0.24942654168465E+04  0.65335803374570E+03  0.88101526677512E+03  0.61119336497064E+02  0.33731818868005E+01  0.24456335405359E+05 -0.29121276466361E+04  0.26218063694465E+05  0.14433396193022E+05  0.22638454013198E+05 -0.10386515786149E+02  0.50274179967795E+02  0.24835379648645E+02 -0.17629262933129E+02 -0.49922425748371E+02  0.54972575920865E+03 -0.20425134749353E+02  0.69106497757907E+00  0.10364436703734E+01  0.22466965309844E+03  0.17373007314887E+02 -0.27508304970828E+04 -0.17153067270430E+04 -0.15521333694237E+04  0.12070681805577E+04  0.33875091152456E+04 -0.79050365452526E+03 -0.16434148517705E+04 -0.44267625179540E+03  0.20755797806197E+03  0.37505932898697E+03 -0.24198651193807E+04 -0.12194049054830E+04  0.24021055217244E+04 -0.16588540461827E+04 -0.18401859406125E+04
   0.58257899939004E+07 -0.18442952202926E+07  0.18122068238406E+06  0.12598845281489E+07 -0.26634139463833E+06  0.23423378246775E+05  0.12387256451984E+06  0.34490156043695E+06  0.10906304866438E+05 -0.31397954542043E+05  0.31790944761464E+04  0.32546525473002E+04  0.20165677111066E+03  0.23965631985586E+02  0.38963011049282E+05 -0.45083241440514E+04  0.42162852273514E+05  0.22638454013198E+05  0.14462718066381E+08 -0.13177029553873E+06 -0.66768860709826E+05 -0.34758143220269E+05 -0.28803312634199E+05 -0.45752635922374E+05 -0.31763418253774E+06 -0.16641085810298E+06 -0.96701875510742E+04 -0.32210640162455E+05 -0.13110220181230E+06 -0.84393314066777E+05 -0.28194732222135E+05 -0.62825333158364E+05  0.89481324255255E+03 -0.43559943633114E+06 -0.21307973408923E+07 -0.13097351740716E+05 -0.26042268015341E+05 -0.16176669184091E+03 -0.13698723441575E+06 -0.58713365710841E+06 -0.18900361479874E+05 -0.60042070772054E+04  0.14502516311208E+05 -0.16639834244216E+05 -0.51820949627765E+05
  -0.62899295090759E+05  0.15421226667904E+05 -0.19206446750225E+04 -0.19060439703088E+05  0.33309631304447E+04 -0.19557096955205E+04 -0.24099294521090E+04 -0.36432535927187E+05  0.91134179885566E+04  0.11715696958078E+04 -0.21314412994074E+03  0.20767802380290E+03  0.12732015683680E+02  0.11729519950113E+01  0.47222669026202E+02  0.88062306947150E+01  0.30178810125621E+02 -0.10386515786149E+02 -0.13177029553873E+06  0.28493914789089E+04  0.93894887443232E+03  0.40216765175942E+03  0.10010097911491E+03 -0.18942317507904E+03  0.27750467179052E+04  0.90637384859829E+03  0.58597737164039E+02 -0.37162031433163E+02  0.16984009585318E+04  0.68750877563877E+03  0.00000000000000E+00  0.25847462089394E+04  0.00000000000000E+00  0.00000000000000E+00  0.40591744481444E+05  0.00000000000000E+00  0.00000000000000E+00  0.00000000000000E+00  0.00000000000000E+00  0.57192265097224E+04  0.00000000000000E+00  0.00000000000000E+00  0.00000000000000E+00  0.00000000000000E+00  0.42194215010789E+04
  -0.26769927477212E+05  0.74653420994269E+04 -0.82537862760328E+03 -0.73917030925070E+04  0.14338798471206E+04 -0.45054397441398E+03 -0.85111758449131E+03 -0.68765222600593E+04  0.13884637253880E+04  0.30282413084944E+03 -0.43669485612088E+02  0.21792679472921E+02  0.19255524242011E+01 -0.34462772921875E-01  0.62564720610907E+02 -0.89814836172010E+01  0.83444922966357E+02  0.50274179967795E+02 -0.66768860709826E+05  0.93894887443232E+03  0.39969703195830E+03  0.19039153101242E+03  0.81212818496588E+02  0.53329007540708E+02  0.12893811218234E+04  0.54628907069176E+03  0.40145141639490E+02  0.86621795447704E+02  0.75746178424777E+03  0.38883026257878E+03  0.00000000000000E+00  0.66974566805731E+03  0.00000000000000E+00  0.00000000000000E+00  0.15031393519651E+05  0.00000000000000E+00  0.00000000000000E+00  0.00000000000000E+00  0.00000000000000E+00  0.28653096847714E+04  0.00000000000000E+00  0.00000000000000E+00  0.00000000000000E+00  0.00000000000000E+00  0.87377528721211E+03
  -0.12549706778785E+05  0.38371140479649E+04 -0.38864178081246E+03 -0.30965255418813E+04  0.63994942477228E+03 -0.80443831020945E+02 -0.31371747415215E+03 -0.17561961799767E+04  0.30728902563376E+03  0.94112375301853E+02 -0.11578864484398E+02  0.73742225799370E+00  0.15639213660801E+00 -0.16585298868532E-01  0.29929429534348E+02 -0.57136208151234E+01  0.35520044665330E+02  0.24835379648645E+02 -0.34758143220269E+05  0.40216765175942E+03  0.19039153101242E+03  0.96812476312398E+02  0.52149489052678E+02  0.63964736135953E+02  0.64129403118613E+03  0.32437397243602E+03  0.23801114517608E+02  0.67715459284773E+02  0.36034486677362E+03  0.21942443180042E+03  0.00000000000000E+00  0.19544617882932E+03  0.00000000000000E+00  0.00000000000000E+00  0.64389499576404E+04  0.00000000000000E+00  0.00000000000000E+00  0.00000000000000E+00  0.00000000000000E+00  0.14726144536613E+04  0.00000000000000E+00  0.00000000000000E+00  0.00000000000000E+00  0.00000000000000E+00  0.25736682301363E+03
  -0.11303004189505E+05  0.55069180880339E+04 -0.36370711828954E+03 -0.56754847755789E+03  0.24612647613843E+03  0.33712375587668E+03  0.94412280631033E+02  0.44226159207284E+04 -0.10102068080710E+04 -0.13631637800433E+03  0.27270709426191E+02  0.39730923286665E+02  0.46670171075666E+01 -0.23315942119355E-01 -0.97427295745562E+01 -0.59700957617612E+01 -0.61345499143441E+02 -0.17629262933129E+02 -0.28803312634199E+05  0.10010097911491E+03  0.81212818496588E+02  0.52149489052678E+02  0.18673382988988E+03  0.45086736003498E+03  0.11200592119900E+04  0.93522516375157E+03  0.23764233548750E+02  0.98478390542991E+02  0.17274219882254E+03  0.19291390261140E+03 -0.72605509907170E+02 -0.21891549437638E+02  0.24516038341400E+01  0.85645917423980E+03  0.59131534513241E+03  0.00000000000000E+00  0.00000000000000E+00  0.00000000000000E+00  0.17453547797403E+04  0.14000647749203E+04  0.00000000000000E+00  0.00000000000000E+00  0.00000000000000E+00 -0.32681978069417E+03 -0.18004652300078E+03
  -0.39144203665531E+04  0.82746128782455E+04 -0.21449106537843E+03  0.26526117547775E+04  0.72320846531065E+02  0.16033613930495E+04  0.83694096527095E+03  0.32799711055424E+05 -0.79342941667093E+04 -0.95695112351279E+03  0.19700635038985E+03  0.33068980479276E+03  0.33948029506566E+02 -0.12841186854852E+00 -0.10335157748905E+03 -0.24540637746714E+02 -0.25782929369936E+03 -0.49922425748371E+02 -0.45752635922374E+05 -0.18942317507904E+03  0.53329007540708E+02  0.63964736135953E+02  0.45086736003498E+03  0.16645941965287E+04  0.15296502768909E+04  0.16853312507666E+04  0.56729048851670E+02  0.32892781849922E+03  0.18810622031351E+03  0.36906717366286E+03 -0.27545113283181E+03 -0.97080883905214E+02 -0.50225104453760E+02 -0.74855874116063E+04 -0.67079053499037E+04  0.00000000000000E+00  0.00000000000000E+00  0.00000000000000E+00  0.35537993669569E+04  0.27893705685283E+04  0.00000000000000E+00  0.00000000000000E+00  0.00000000000000E+00 -0.26869887981918E+04 -0.14762849716729E+04
  -0.21173152974416E+06  0.62787727366905E+05 -0.65683479388845E+04 -0.29950773616174E+05  0.62910122692662E+04 -0.73149969406205E+03 -0.30690976842437E+04 -0.20791464258844E+05  0.33984879569468E+04  0.12006549054854E+04 -0.13924609795267E+03 -0.49544719203108E+02 -0.95316453736364E+01  0.61570374274613E-01  0.66448021755858E+03 -0.14256647097187E+03  0.72335999460166E+03  0.54972575920865E+03 -0.31763418253774E+06  0.27750467179052E+04  0.12893811218234E+04  0.64129403118613E+03  0.11200592119900E+04  0.15296502768909E+04  0.14721160103597E+05  0.66245407652802E+04  0.18848609814428E+03  0.58482815423466E+03  0.30508148040757E+04  0.16530030611641E+04  0.26951176647769E+03  0.10317715630733E+03  0.56748624552040E+00  0.46942509813324E+05  0.46037781414952E+05  0.00000000000000E+00  0.00000000000000E+00  0.00000000000000E+00  0.18093798908760E+05  0.14599499631263E+05  0.00000000000000E+00  0.00000000000000E+00  0.00000000000000E+00  0.19789780264227E+04  0.12036433560205E+04
  -0.77448935281057E+05  0.32412785733214E+05 -0.24182102189576E+04 -0.64811474382192E+04  0.16628854866594E+04  0.92495744216052E+03 -0.10774934515589E+03  0.45777511025014E+04 -0.98185196149110E+03 -0.12667900252740E+03  0.29174262584373E+02  0.32237582432180E+02  0.49401884047173E+01 -0.20477759251665E-01  0.51852193906936E+02 -0.27284950217409E+02 -0.10928973514098E+03 -0.20425134749353E+02 -0.16641085810298E+06  0.90637384859829E+03  0.54628907069176E+03  0.32437397243602E+03  0.93522516375157E+03  0.16853312507666E+04  0.66245407652802E+04  0.53455721294589E+04  0.11632464219289E+03  0.38840369201322E+03  0.10543831388920E+04  0.10466939617736E+04 -0.26488723162592E+03 -0.71333092468018E+02  0.13250818069585E+02  0.13344891691247E+05  0.10800754156948E+05  0.00000000000000E+00  0.00000000000000E+00  0.00000000000000E+00  0.85582696700181E+04  0.70168889573881E+04  0.00000000000000E+00  0.00000000000000E+00  0.00000000000000E+00 -0.21305113395430E+03 -0.11170105468788E+03
  -0.27189960718792E+04  0.10352132979033E+04 -0.86421444963881E+02 -0.42625345313855E+03  0.13064971042640E+03  0.91289767462922E+02 -0.41540089106475E+01  0.83144659469694E+03 -0.20686789837672E+03 -0.20051402512839E+02  0.49665049526054E+01 -0.24932149517420E+01 -0.24461507150337E+00  0.90951844868987E-02  0.35969173535998E+01 -0.23126686943815E+01 -0.69652145127810E+01  0.69106497757907E+00 -0.96701875510742E+04  0.58597737164039E+02  0.40145141639490E+02  0.23801114517608E+02  0.23764233548750E+02  0.56729048851670E+02  0.18848609814428E+03  0.11632464219289E+03  0.10743277238001E+02  0.48192024468494E+02  0.98239709974855E+02  0.81911390189203E+02  0.00000000000000E+00 -0.58492852125326E+01  0.00000000000000E+00  0.00000000000000E+00  0.64961683950012E+03  0.00000000000000E+00  0.00000000000000E+00  0.00000000000000E+00  0.00000000000000E+00  0.67342184175201E+03  0.00000000000000E+00  0.00000000000000E+00  0.00000000000000E+00  0.00000000000000E+00 -0.62523872590424E+02
  -0.63802638576615E+04  0.32518546383765E+04 -0.21895857183209E+03 -0.93377244028488E+02  0.36604911638871E+03  0.80024846336606E+03  0.24918449064458E+03  0.11008078401781E+05 -0.27708721047502E+04 -0.29048630749576E+03  0.65048728770804E+02 -0.41590514987183E+02 -0.33806555432935E+01  0.12383010554376E+00 -0.60811400389504E+01 -0.13450953107529E+02 -0.64987565961883E+02  0.10364436703734E+01 -0.32210640162455E+05 -0.37162031433163E+02  0.86621795447704E+02  0.67715459284773E+02  0.98478390542991E+02  0.32892781849922E+03  0.58482815423466E+03  0.38840369201322E+03  0.48192024468494E+02  0.29868313782727E+03  0.29797461303089E+03  0.29489518813644E+03  0.00000000000000E+00 -0.52703021893438E+02  0.00000000000000E+00  0.00000000000000E+00 -0.19824604100008E+04  0.00000000000000E+00  0.00000000000000E+00  0.00000000000000E+00  0.00000000000000E+00  0.24328107455492E+04  0.00000000000000E+00  0.00000000000000E+00  0.00000000000000E+00  0.00000000000000E+00 -0.98159150270434E+03
  -0.54990297873476E+05  0.14823833664155E+05 -0.17041904959647E+04 -0.14764986513194E+05  0.30297251079513E+04 -0.62593845681331E+03 -0.16580612771848E+04 -0.89532313216671E+04  0.15052108123949E+04  0.50095332727075E+03 -0.59564873424996E+02 -0.45167380047816E+01 -0.14624866226129E+00 -0.43380823067925E-01  0.25290454415260E+03 -0.52787109624705E+02  0.30291083077465E+03  0.22466965309844E+03 -0.13110220181230E+06  0.16984009585318E+04  0.75746178424777E+03  0.36034486677362E+03  0.17274219882254E+03  0.18810622031351E+03  0.30508148040757E+04  0.10543831388920E+04  0.98239709974855E+02  0.29797461303089E+03  0.18538701049039E+04  0.85231842325891E+03  0.00000000000000E+00  0.94408026290059E+02  0.00000000000000E+00  0.00000000000000E+00  0.29185859982717E+05  0.00000000000000E+00  0.00000000000000E+00  0.00000000000000E+00  0.00000000000000E+00  0.81418478941973E+04  0.00000000000000E+00  0.00000000000000E+00  0.00000000000000E+00  0.00000000000000E+00  0.86497992846542E+03
  -0.25465403511403E+05  0.92019563544373E+04 -0.79627615034692E+03 -0.46291579660181E+04  0.11460432959216E+04  0.38095509188429E+03 -0.24180760257633E+03  0.10720489505357E+04 -0.30171315733944E+03  0.20701255528116E+01  0.62513833318106E+01 -0.15893074944808E+01 -0.31413287840972E+00  0.36919957200420E-02  0.47486269761227E+02 -0.15790934911468E+02 -0.79752919041724E+01  0.17373007314887E+02 -0.84393314066777E+05  0.68750877563877E+03  0.38883026257878E+03  0.21942443180042E+03  0.19291390261140E+03  0.36906717366286E+03  0.16530030611641E+04  0.10466939617736E+04  0.81911390189203E+02  0.29489518813644E+03  0.85231842325891E+03  0.69718578248312E+03  0.00000000000000E+00 -0.28083989141629E+02  0.00000000000000E+00  0.00000000000000E+00  0.89546255874727E+04  0.00000000000000E+00  0.00000000000000E+00  0.00000000000000E+00  0.00000000000000E+00  0.54489144391250E+04  0.00000000000000E+00  0.00000000000000E+00  0.00000000000000E+00  0.00000000000000E+00 -0.78893893303492E+01
  -0.13302583669487E+06  0.16911187066500E+05 -0.39584150799519E+04 -0.12662758213170E+05  0.19282862140662E+04 -0.22791526702601E+04 -0.21007534769765E+04 -0.57947963238509E+05  0.10525600418449E+05  0.24557475725586E+04 -0.38471485819703E+03 -0.82302336908929E+03 -0.11695109463936E+03  0.55976225284456E-01 -0.31000671433834E+04  0.61330983792596E+03 -0.39880713603199E+04 -0.27508304970828E+04 -0.28194732222135E+05  0.00000000000000E+00  0.00000000000000E+00  0.00000000000000E+00 -0.72605509907170E+02 -0.27545113283181E+03  0.26951176647769E+03 -0.26488723162592E+03  0.00000000000000E+00  0.00000000000000E+00  0.00000000000000E+00  0.00000000000000E+00  0.11629051290612E+06  0.00000000000000E+00  0.00000000000000E+00  0.00000000000000E+00  0.00000000000000E+00  0.00000000000000E+00  0.00000000000000E+00  0.00000000000000E+00  0.00000000000000E+00  0.00000000000000E+00  0.00000000000000E+00  0.00000000000000E+00  0.00000000000000E+00  0.00000000000000E+00  0.00000000000000E+00
  -0.56673769165048E+05  0.83762899840006E+04 -0.16829167472930E+04 -0.21192364577211E+05  0.32717381401774E+04 -0.35517003740216E+04 -0.33409223275637E+04 -0.46764234588263E+05  0.10095735196095E+05  0.16932465303521E+04 -0.29207221798541E+03  0.36489760197617E-10  0.62059822691864E-11  0.27510285290324E-12 -0.20246488549682E+04  0.38605288814327E+03 -0.25339613863307E+04 -0.17153067270430E+04 -0.62825333158364E+05  0.25847462089394E+04  0.66974566805731E+03  0.19544617882932E+03 -0.21891549437638E+02 -0.97080883905214E+02  0.10317715630733E+03 -0.71333092468018E+02 -0.58492852125326E+01 -0.52703021893438E+02  0.94408026290059E+02 -0.28083989141629E+02  0.00000000000000E+00  0.64544481718772E+05  0.00000000000000E+00  0.00000000000000E+00  0.00000000000000E+00  0.00000000000000E+00  0.00000000000000E+00  0.00000000000000E+00  0.00000000000000E+00  0.00000000000000E+00  0.00000000000000E+00  0.00000000000000E+00  0.00000000000000E+00  0.00000000000000E+00  0.00000000000000E+00
  -0.53071062500025E+04 -0.18276731000586E+03  0.63867504291447E+01 -0.11702198995041E+03 -0.54005590534112E+02  0.10061926279979E+03  0.10919038321937E+03 -0.72431249432682E+05  0.25363053175146E+05  0.73561801420972E+03 -0.32078340100104E+03 -0.50105334975571E+03 -0.19902065906944E+02 -0.46673509279520E+01 -0.25108787325450E+04  0.30020080323726E+03 -0.31014298388469E+04 -0.15521333694237E+04  0.89481324255255E+03  0.00000000000000E+00  0.00000000000000E+00  0.00000000000000E+00  0.24516038341400E+01 -0.50225104453760E+02  0.56748624552040E+00  0.13250818069585E+02  0.00000000000000E+00  0.00000000000000E+00  0.00000000000000E+00  0.00000000000000E+00  0.00000000000000E+00  0.00000000000000E+00  0.30716664654889E+05  0.00000000000000E+00  0.00000000000000E+00  0.00000000000000E+00  0.00000000000000E+00  0.00000000000000E+00  0.00000000000000E+00  0.00000000000000E+00  0.00000000000000E+00  0.00000000000000E+00  0.00000000000000E+00  0.00000000000000E+00  0.00000000000000E+00
  -0.85631787745665E+06  0.20079237853272E+06 -0.25828658694417E+05 -0.65301909546040E+05  0.11202649790495E+05 -0.74951895303370E+04 -0.86710355934002E+04 -0.28704732811346E+06  0.66134168385553E+05  0.10046967245765E+05 -0.17472677590192E+04 -0.38503778073457E+04 -0.43846427178118E+03 -0.44006021674064E+00  0.18275948804146E+04 -0.98860047229266E+02  0.27714993963861E+04  0.12070681805577E+04 -0.43559943633114E+06  0.00000000000000E+00  0.00000000000000E+00  0.00000000000000E+00  0.85645917423980E+03 -0.74855874116063E+04  0.46942509813324E+05  0.13344891691247E+05  0.00000000000000E+00  0.00000000000000E+00  0.00000000000000E+00  0.00000000000000E+00  0.00000000000000E+00  0.00000000000000E+00  0.00000000000000E+00  0.58409381941976E+06  0.00000000000000E+00  0.00000000000000E+00  0.00000000000000E+00  0.00000000000000E+00  0.00000000000000E+00  0.00000000000000E+00  0.00000000000000E+00  0.00000000000000E+00  0.00000000000000E+00  0.00000000000000E+00  0.00000000000000E+00
  -0.11079049564109E+07  0.25359359413085E+06 -0.33608748876440E+05 -0.33653847617724E+06  0.59221275342000E+05 -0.36316874818793E+05 -0.44964068765223E+05 -0.54808592469995E+06  0.12217146075166E+06  0.20365928082385E+05 -0.33753903260966E+04  0.40895742037525E-09  0.88430777907303E-11  0.11934478591328E-11  0.41921027424095E+04 -0.41611504250247E+03  0.64569291490712E+04  0.33875091152456E+04 -0.21307973408923E+07  0.40591744481444E+05  0.15031393519651E+05  0.64389499576404E+04  0.59131534513241E+03 -0.67079053499037E+04  0.46037781414952E+05  0.10800754156948E+05  0.64961683950012E+03 -0.19824604100008E+04  0.29185859982717E+05  0.89546255874727E+04  0.00000000000000E+00  0.00000000000000E+00  0.00000000000000E+00  0.00000000000000E+00  0.91838482426279E+06  0.00000000000000E+00  0.00000000000000E+00  0.00000000000000E+00  0.00000000000000E+00  0.00000000000000E+00  0.00000000000000E+00  0.00000000000000E+00  0.00000000000000E+00  0.00000000000000E+00  0.00000000000000E+00
  -0.21267937009120E+05  0.57793389817855E+04 -0.66203354504591E+03 -0.12205478586144E+04  0.28670880000077E+03  0.19275044402806E+02 -0.12338839931722E+03 -0.74481290508138E+05  0.23114582854036E+05  0.14145746653232E+04 -0.38406583248741E+03 -0.17020575754603E+04 -0.10621596531655E+03 -0.21227118801779E+01 -0.15209304310125E+04  0.17099634749467E+03 -0.15379932675550E+04 -0.79050365452526E+03 -0.13097351740716E+05  0.00000000000000E+00  0.00000000000000E+00  0.00000000000000E+00  0.00000000000000E+00  0.00000000000000E+00  0.00000000000000E+00  0.00000000000000E+00  0.00000000000000E+00  0.00000000000000E+00  0.00000000000000E+00  0.00000000000000E+00  0.00000000000000E+00  0.00000000000000E+00  0.00000000000000E+00  0.00000000000000E+00  0.00000000000000E+00  0.14250220460160E+05  0.00000000000000E+00  0.00000000000000E+00  0.00000000000000E+00  0.00000000000000E+00  0.00000000000000E+00  0.00000000000000E+00  0.00000000000000E+00  0.00000000000000E+00  0.00000000000000E+00
