# fitpack15: fit parameters                                                                         
# CJ15 AV18 final data choices                                                                      
# Created on 02/13/2020 at 11:45:26                                                                 

 # QCD setup
  INS                           0
  NVL                          11
  IORD                          1
  Q02                   1.6899999999999999     
  IPARAMC                      -7
  FLAVOR                5.0000000000000000     
  xmc                   1.3000000000000000     
  xmb                   4.5000000000000000     
  ncb                          12
  ihq                           1
  ias                           0

 # Theory corrections
  inuke                     10114
  itmc                          1
  iht                           1

 # fit parameters
 LAMBDA       0.22680        0.0000    
 a0uv          1.6871        0.0000    
 a1uv         0.53772       0.26577E-01
 a2uv          3.5685       0.10369E-01
 a3uv          0.0000        0.0000    
 a4uv          5.5203       0.82735    
 a5uv          0.0000        0.0000    
 a0dv          16.682        0.0000    
 a1dv          1.0553       0.35216E-01
 a2dv          6.4095       0.16917    
 a3dv         -3.5348       0.10005    
 a4dv          5.1246       0.16766    
 a5dv          0.0000        0.0000    
 a0ud         0.13707       0.49376E-02
 a1ud        -0.21418       0.39047E-02
 a2ud          8.8101       0.17672    
 a3ud          0.0000        0.0000    
 a4ud          18.261        1.4035    
 a5ud          0.0000        0.0000    
 a0du          35712.        0.0000    
 a1du          4.0536       0.95075E-01
 a2du          21.591        1.0521    
 a3du          17.000        0.0000    
 a4du          56.047        13.503    
 a0g           44.658        0.0000    
 a1g          0.59518       0.31562E-01
 a2g           6.4548       0.94197    
 a3g          -3.3881       0.13922    
 a4g           3.3694       0.35092    
 a5g           0.0000        0.0000    
 kappa        0.40000        0.0000    
 a6dv         0.39078E-02   0.11467E-02
 a7dv          2.0000        0.0000    
 off1        -0.52701E-01   0.12176    
 off2        -0.41489E-02   0.73798    
 off3        -0.95525        1.0438    
 ht1          -3.4732       0.29097    
 ht2           2.0266       0.11597    
 ht3          -2.0960       0.29460E-01
 ht4           0.0000        0.0000    
 dummy41       0.0000        0.0000    
 dummy42       0.0000        0.0000    
 dummy43       0.0000        0.0000    
 dummy44       0.0000        0.0000    
 dummy45       0.0000        0.0000    
 dummy46       0.0000        0.0000    
 dummy47       0.0000        0.0000    
 dummy48       0.0000        0.0000    
 dummy49       0.0000        0.0000    
 bcdmsh2      0.96922       0.48958E-02
 bcdmsd2      0.99199       0.58763E-02
 ccfr          1.0000        0.0000    
 nutev         1.0000        0.0000    
 zeus         0.97998        0.0000    
 h1            1.0162        0.0000    
 e605          1.0319        0.0000    
 NmcH2         1.0074       0.71579E-02
 ntv_nu        1.0000        0.0000    
 ntv_nuba      1.0000        0.0000    
 cdf_jet      0.98910        0.0000    
 d0_jet       0.83504        0.0000    
 slac_p        1.0014       0.49231E-02
 slac_d        1.0034       0.53513E-02
 e866pp       0.99915       0.20599E-01
 e866pd       0.97935       0.17766E-01
 d0_gamje      1.0365       0.16501E-01
 h1b          0.97608        0.0000    
 jlab_p       0.99466       0.58889E-02
 jlab_d       0.97690       0.59977E-02
 blank         1.0000        0.0000    
 d0run2       0.94803       0.14671E-01
 cdfrun2      0.93476       0.17525E-01
 HERA_el       1.0000        0.0000    
 HERA_ps       1.0000        0.0000    
 CDF_Z        0.94726       0.66407E-02
 NmcRat        1.0000        0.0000    
 BNS_F2nd      0.0000        0.0000    
 HERMES_F     0.99480       0.56598E-02
 HERMES_F     0.97910       0.58820E-02
 END 0. 0.

 # Hessian matrix (Bevington alpha)
   0.54029503287477E+07 -0.13548974163359E+07  0.16973517130424E+06  0.50425066617205E+06 -0.13563958126967E+06 -0.30061122792320E+05  0.45466199178618E+05  0.10197621346194E+07 -0.18931694924058E+06 -0.48171655718770E+05  0.63957896785005E+04  0.14063840700833E+05  0.14391006479370E+04 -0.10845573027435E+03  0.12495428462001E+05 -0.26513913621290E+04  0.13380213779321E+05  0.92882474203259E+04  0.53103235184655E+07 -0.67850580256533E+05 -0.29827393601457E+05 -0.14404208084158E+05 -0.19498328597083E+05 -0.10365357783395E+05 -0.23583407855382E+06 -0.13551298265048E+06 -0.57314040643808E+05 -0.57995681065049E+04 -0.88937691694880E+06 -0.11478992243992E+07 -0.21206319282396E+05 -0.48231951264905E+05 -0.32993394515223E+04 -0.20802146743175E+06 -0.23442312607291E+06 -0.91892816551543E+04 -0.32443359452600E+04 -0.21244932420070E+05 -0.76906242611140E+05 -0.60443383695955E+05
  -0.13548974163359E+07  0.41601027763336E+06 -0.43136174606586E+05 -0.13473595503858E+06  0.36373889455638E+05  0.86719722372283E+04 -0.10041008235180E+05 -0.12286240545380E+06  0.26001596903053E+05  0.66877112589759E+04 -0.72711923450679E+03 -0.10545434251922E+04 -0.10879097490985E+03  0.12459845114990E+02  0.30423713102592E+03 -0.13694853947623E+02 -0.20749974874797E+03 -0.97054167730359E+02 -0.17458466863669E+07  0.17173563310085E+05  0.85235604444214E+04  0.44837112057889E+04  0.84977557699804E+04  0.96600752988202E+04  0.67319625807968E+05  0.16861702109005E+05  0.83366235720438E+04 -0.16593731466625E+03  0.21136728556682E+06  0.26629619128789E+06  0.56961200893426E+04  0.13148134582441E+05  0.42418518025558E+03  0.63800707100069E+05  0.71504902363921E+05  0.23802111056832E+04  0.75395375381418E+03 -0.20737107976485E+04  0.87902147042393E+04  0.73880548722161E+04
   0.16973517130424E+06 -0.43136174606586E+05  0.53613151379130E+04  0.15480595033351E+05 -0.42869457344966E+04 -0.11267575765137E+04  0.13646559632642E+04  0.24436674195664E+05 -0.44139729281496E+04 -0.13519793403362E+04  0.15542227632160E+03  0.33311183405933E+03  0.38252455818439E+02 -0.35579875009092E+01 -0.15255358024547E+03 -0.22540242237938E+02 -0.25748111425343E+02  0.49606939393065E+02  0.16903304825958E+06 -0.21174965912030E+04 -0.94006841571924E+03 -0.45608255773740E+03 -0.63973914630765E+03 -0.42499787244542E+03 -0.74769077686535E+04 -0.40884632311513E+04 -0.17272864762004E+04  0.75751228267154E+00 -0.27367616316044E+05 -0.35512987430096E+05 -0.67327764562464E+03 -0.15362799374701E+04 -0.89092072629570E+02 -0.66436903142506E+04 -0.74843301150854E+04 -0.28839645485527E+03 -0.10127467008811E+03 -0.14315552973284E+03 -0.19879134807653E+04 -0.15958567170976E+04
   0.50425066617205E+06 -0.13473595503858E+06  0.15480595033351E+05  0.41880148449688E+06 -0.63939509791482E+05  0.62983957809323E+05  0.54803987187337E+05  0.39157251655585E+06 -0.30107837078803E+05 -0.18152405843644E+05  0.29406233208807E+04 -0.15100616784364E+04 -0.14448643151752E+03  0.57929025139311E+02  0.33104943005718E+05 -0.40750240051990E+04  0.27424719855704E+05  0.15420898079983E+05  0.14926602177973E+07 -0.20204669097039E+05 -0.80280186360596E+04 -0.34532257046771E+04 -0.13606786452071E+04  0.24785081189436E+04 -0.39945472308133E+05 -0.13243409678491E+05 -0.21969359253191E+05 -0.20324449573344E+03 -0.67404210747650E+05 -0.34894024081484E+06 -0.13086763974547E+04 -0.24544618254714E+04 -0.69033393402781E+02 -0.11601402053794E+05 -0.52146467648178E+05 -0.24421629095156E+04 -0.95422871561470E+03 -0.11271278182932E+05 -0.76412879934077E+04 -0.22628008862588E+05
  -0.13563958126967E+06  0.36373889455638E+05 -0.42869457344966E+04 -0.63939509791482E+05  0.11866913088497E+05 -0.58956591161902E+04 -0.76542125299521E+04 -0.33611906678775E+05  0.33559452389025E+03  0.22286597258523E+04 -0.27502999878589E+03 -0.13512792774675E+02  0.43871803508886E+01 -0.50015841780266E+01 -0.27538144792438E+04  0.34502606149828E+03 -0.22254524229414E+04 -0.12680736707046E+04 -0.33587111343645E+06  0.37797402559191E+04  0.16813797390866E+04  0.77775211994728E+03  0.60109520205070E+03  0.38633934533840E+03  0.89128278591888E+04  0.20163822772892E+04  0.34233533493289E+04 -0.49649256484934E+02  0.12200666577203E+05  0.64428569836924E+05  0.32081021629142E+03  0.58235589630243E+03  0.86537749581161E+01  0.30076664918540E+04  0.13355214217644E+05  0.47260592767352E+03  0.17423963452279E+03  0.42382395497958E+03  0.84360070133931E+03  0.26080146026613E+04
  -0.30061122792320E+05  0.86719722372283E+04 -0.11267575765137E+04  0.62983957809323E+05 -0.58956591161902E+04  0.16363245846066E+05  0.96891452844385E+04  0.97632529841503E+05 -0.96058280323198E+04 -0.36401529394054E+04  0.71536860737861E+03 -0.61893199422871E+03 -0.52530895255427E+02  0.15895498131458E+02  0.82390890040843E+04 -0.10336412513638E+04  0.69597559770884E+04  0.39504775148632E+04  0.26997986296061E+05 -0.16637265342818E+04 -0.35887595164668E+03 -0.51740981749142E+02  0.50175062419381E+03  0.17497294361698E+04 -0.88274876189766E+03 -0.20619265122129E+04 -0.31941595207759E+04  0.64425216275041E+02 -0.65653655904984E+04 -0.31429085688156E+05  0.19561882455304E+02  0.38779106344740E+01 -0.14220871607373E+02  0.33570455705411E+03  0.13295353855388E+04 -0.18022347476931E+03 -0.93481569772597E+02 -0.28774169564759E+04 -0.15672009246951E+04 -0.44780406049553E+04
   0.45466199178618E+05 -0.10041008235180E+05  0.13646559632642E+04  0.54803987187337E+05 -0.76542125299521E+04  0.96891452844385E+04  0.76958239981255E+04  0.53061333638124E+05 -0.30776572808807E+04 -0.25955355797029E+04  0.41006499754100E+03 -0.20677832011760E+03 -0.20832571137512E+02  0.84187049846849E+01  0.43004806466203E+04 -0.54970762247605E+03  0.35257821124815E+04  0.20315945010323E+04  0.13861190669391E+06 -0.23112824937690E+04 -0.83995492202095E+03 -0.32231811060763E+03  0.80396064569661E+02  0.82456884034734E+03 -0.39511247111157E+04 -0.19848414838800E+04 -0.31424229954759E+04  0.92764754684700E+02 -0.82056964238962E+04 -0.42507117591816E+05 -0.12549444388914E+03 -0.23227246638312E+03 -0.10316139668237E+02 -0.88308405235516E+03 -0.40674178335823E+04 -0.28877935447225E+03 -0.12105360255667E+03 -0.12347744677560E+04 -0.98421920663311E+03 -0.29247297045965E+04
   0.10197621346194E+07 -0.12286240545380E+06  0.24436674195664E+05  0.39157251655585E+06 -0.33611906678775E+05  0.97632529841503E+05  0.53061333638124E+05  0.59037360757775E+07 -0.25316190582457E+07 -0.92694823617717E+05  0.25050189461351E+05  0.26595920429006E+05  0.16867344170509E+04  0.10169798549984E+03  0.97562749427786E+05 -0.12457513881312E+05  0.93714888727756E+05  0.50668449009081E+05  0.37340266868079E+06 -0.38490269384036E+05 -0.74353333896936E+04 -0.19615359713882E+04  0.67252011748741E+04  0.35388099645505E+05 -0.27649395430317E+05 -0.64749251873174E+05 -0.51217832720938E+05 -0.75017357944361E+05 -0.30463633848418E+06 -0.58849257445748E+06 -0.75596682724175E+05 -0.17073677695941E+06 -0.15142448522308E+04 -0.49510303011511E+04 -0.99610977930601E+04  0.64675022085966E+03  0.42783846138439E+03 -0.29218155280231E+06 -0.15321682155697E+06 -0.18693868592794E+06
  -0.18931694924058E+06  0.26001596903053E+05 -0.44139729281496E+04 -0.30107837078803E+05  0.33559452389025E+03 -0.96058280323198E+04 -0.30776572808807E+04 -0.25316190582457E+07  0.19332888294658E+07  0.19742856796072E+05 -0.60636144155469E+04 -0.56488887844949E+04 -0.29901833895743E+03 -0.14306131545280E+02  0.47552531568711E+05 -0.22073819739322E+04  0.14470880422273E+05  0.70152914377947E+04  0.19780795271968E+05  0.93042947738271E+04  0.14344172306802E+04  0.32440511516337E+03 -0.15172866999235E+04 -0.83191267880437E+04  0.42961362041039E+04  0.11522810855688E+05  0.10746011160599E+05  0.25663672890699E+05  0.67637063402760E+05  0.12653614446323E+06  0.22725983670525E+05  0.51464726309544E+05  0.20780213300669E+03  0.54150663411239E+03  0.11140622360045E+04 -0.13537579177743E+04 -0.73737782629395E+03  0.11674979351358E+06  0.46442928388813E+05  0.56191336855931E+05
  -0.48171655718770E+05  0.66877112589759E+04 -0.13519793403362E+04 -0.18152405843644E+05  0.22286597258523E+04 -0.36401529394054E+04 -0.25955355797029E+04 -0.92694823617717E+05  0.19742856796072E+05  0.25767516369775E+04 -0.54980413652884E+03 -0.60367362223659E+03 -0.50128968557529E+02 -0.17247349091441E+01 -0.40958508529003E+04  0.51223164527388E+03 -0.34609993938041E+04 -0.19687102141015E+04 -0.33740642459972E+05  0.12410454160906E+04  0.33196957140581E+03  0.10728121930086E+03 -0.19343172945554E+03 -0.10116798036341E+04  0.16123942081857E+04  0.26889469177305E+04  0.18305289003546E+04  0.74672479726164E+03  0.10668736599736E+05  0.21815078030045E+05  0.14387493080980E+04  0.31906307213772E+04  0.44286967247951E+02  0.45372333436684E+03  0.88023264892994E+03  0.11523096811695E+03  0.52021682389874E+02  0.31791031811247E+04  0.28636299072917E+04  0.35728795396641E+04
   0.63957896785005E+04 -0.72711923450679E+03  0.15542227632160E+03  0.29406233208807E+04 -0.27502999878589E+03  0.71536860737861E+03  0.41006499754100E+03  0.25050189461351E+05 -0.60636144155469E+04 -0.54980413652884E+03  0.13873553849422E+03  0.15905284088334E+03  0.10795699517610E+02  0.59808428369756E+00  0.11419795898500E+04 -0.12796632372011E+03  0.92917949987223E+03  0.50537644485295E+03  0.33002075509395E+04 -0.21413796695604E+03 -0.44900282549464E+02 -0.12298651427687E+02  0.39109426420588E+02  0.20168292319073E+03 -0.17564532087304E+03 -0.40566179066995E+03 -0.30313291578326E+03 -0.31732513207019E+03 -0.17633102094833E+04 -0.34432268664409E+04 -0.37234248344341E+03 -0.84029233830074E+03 -0.99861027834690E+01 -0.32633987802518E+02 -0.65620333802564E+02 -0.91287265079730E+01 -0.43999981905047E+01 -0.10653698183152E+04 -0.75341062906297E+03 -0.92448151600248E+03
   0.14063840700833E+05 -0.10545434251922E+04  0.33311183405933E+03 -0.15100616784364E+04 -0.13512792774675E+02 -0.61893199422871E+03 -0.20677832011760E+03  0.26595920429006E+05 -0.56488887844949E+04 -0.60367362223659E+03  0.15905284088334E+03  0.13930667830047E+04  0.86393378584354E+02 -0.11316146988359E+01  0.13390590236945E+04 -0.18794930817151E+03  0.13750661950267E+04  0.78924957869186E+03  0.36417625972439E+04  0.26393168898368E+03  0.25984153498004E+02  0.74764148718337E+00  0.38126233667714E+02  0.22186978482789E+03 -0.39197733252110E+02 -0.92167569918807E+03 -0.60385959950485E-10 -0.68314656510107E+03 -0.42991335574322E+04  0.38331017484428E-09 -0.20673571758538E+04 -0.44210099605349E+02 -0.71690042188105E+02 -0.67984605488703E-01 -0.24722680819962E-10 -0.15166332896223E+01 -0.66152073414300E+00  0.15741330965436E+03 -0.25021728242934E+04  0.57618620876024E-10
   0.14391006479370E+04 -0.10879097490985E+03  0.38252455818439E+02 -0.14448643151752E+03  0.43871803508886E+01 -0.52530895255427E+02 -0.20832571137512E+02  0.16867344170509E+04 -0.29901833895743E+03 -0.50128968557529E+02  0.10795699517610E+02  0.86393378584354E+02  0.71381806392734E+01 -0.15203210611435E+00  0.70879196320211E+02 -0.11993735991638E+02  0.77914930825825E+02  0.48688959837766E+02  0.16487055027649E+03  0.15089877248484E+02  0.21797010248187E+01  0.16506703964425E+00  0.46453703232981E+01  0.23839460685277E+02 -0.73686307556655E+01 -0.12777279026115E+03 -0.48825482286713E-11 -0.25217109537219E+02 -0.47014142275323E+03  0.24402819972644E-11 -0.12321021548612E+03 -0.10998206095564E+02 -0.54417262181986E+01 -0.48536333198750E-01 -0.13419333871786E-10 -0.14771023862688E+00 -0.58666893606487E-01  0.17791151437017E+02 -0.17141427224039E+03 -0.63045111912823E-11
  -0.10845573027435E+03  0.12459845114990E+02 -0.35579875009092E+01  0.57929025139311E+02 -0.50015841780266E+01  0.15895498131458E+02  0.84187049846849E+01  0.10169798549984E+03 -0.14306131545280E+02 -0.17247349091441E+01  0.59808428369756E+00 -0.11316146988359E+01 -0.15203210611435E+00  0.45743781201861E-01  0.13497579651034E+02 -0.10339889355405E+01  0.82974253022538E+01  0.38906344152474E+01  0.52366748275556E+02  0.13512751724390E+01 -0.32899557430300E-01 -0.18284453066977E-01 -0.59380743940880E-02 -0.20143952552869E-02  0.12735005743299E-01  0.64172227249475E-01  0.14911673141525E-12 -0.54985353613280E+01 -0.61514000540232E+00  0.33025913693370E-11 -0.26407190309344E+01 -0.81759381712529E-05 -0.12366644736719E+00 -0.39640164879340E-13  0.48827152484937E-13 -0.14860583918160E-02 -0.81804481084882E-03 -0.21234680464021E+01 -0.26804763042929E+01 -0.87402709967669E-13
   0.12495428462001E+05  0.30423713102592E+03 -0.15255358024547E+03  0.33104943005718E+05 -0.27538144792438E+04  0.82390890040843E+04  0.43004806466203E+04  0.97562749427786E+05  0.47552531568711E+05 -0.40958508529003E+04  0.11419795898500E+04  0.13390590236945E+04  0.70879196320211E+02  0.13497579651034E+02  0.51194999032346E+05 -0.48654150370780E+04  0.35766947413885E+05  0.18729482882687E+05  0.38207017425522E+05  0.58773202020817E+02  0.63822293277928E+02  0.29265884449532E+02 -0.29180906761676E+02 -0.15892315911814E+03  0.72606398852929E+03 -0.28860756801006E+04 -0.18738652957173E+04 -0.25025310457635E+04  0.19805318666410E+04  0.44138576738403E+04 -0.14501236439965E+04 -0.29164474052463E+04 -0.74401098945542E+03  0.28313462050551E+03  0.51071323482223E+03 -0.29975113592998E+04 -0.15777155142426E+04 -0.22103375720667E+04 -0.96454605101458E+03 -0.10816800306563E+04
  -0.26513913621290E+04 -0.13694853947623E+02 -0.22540242237938E+02 -0.40750240051990E+04  0.34502606149828E+03 -0.10336412513638E+04 -0.54970762247605E+03 -0.12457513881312E+05 -0.22073819739322E+04  0.51223164527388E+03 -0.12796632372011E+03 -0.18794930817151E+03 -0.11993735991638E+02 -0.10339889355405E+01 -0.48654150370780E+04  0.53981317000612E+03 -0.38563621472391E+04 -0.21049872640048E+04 -0.45278755995034E+04  0.25891569634082E+01 -0.99001072071293E+01 -0.56680735904369E+01 -0.40348585463312E+01 -0.87103106719325E+01 -0.15373180402025E+03  0.54336566118529E+03  0.33863583201796E+03  0.29353759721917E+03 -0.15543440760523E+03 -0.50651800936239E+03  0.15433916214834E+03  0.30829768401990E+03  0.84347397266683E+02 -0.76828608978072E+02 -0.13669018081077E+03  0.46964242105486E+03  0.22986991072256E+03 -0.35883068386835E+03  0.26781580503667E+03  0.29966384552649E+03
   0.13380213779321E+05 -0.20749974874797E+03 -0.25748111425343E+02  0.27424719855704E+05 -0.22254524229414E+04  0.69597559770884E+04  0.35257821124815E+04  0.93714888727756E+05  0.14470880422273E+05 -0.34609993938041E+04  0.92917949987223E+03  0.13750661950267E+04  0.77914930825825E+02  0.82974253022538E+01  0.35766947413885E+05 -0.38563621472391E+04  0.28244245806484E+05  0.15196176943746E+05  0.32241270098507E+05  0.25545980333802E+02  0.54282909424243E+02  0.21985095857188E+02 -0.74106650785031E+02 -0.26160356756252E+03  0.51564917411174E+03 -0.25722658853103E+04 -0.16527759648282E+04 -0.24755147625593E+04  0.21257434448208E+04  0.45269248423153E+04 -0.11917459478682E+04 -0.24033737470695E+04 -0.60592593103323E+03  0.68782348451296E+02  0.13864510901539E+03 -0.25464202572058E+04 -0.13726286563318E+04  0.12697047401052E+04 -0.15944059104880E+04 -0.17654206880007E+04
   0.92882474203259E+04 -0.97054167730359E+02  0.49606939393065E+02  0.15420898079983E+05 -0.12680736707046E+04  0.39504775148632E+04  0.20315945010323E+04  0.50668449009081E+05  0.70152914377947E+04 -0.19687102141015E+04  0.50537644485295E+03  0.78924957869186E+03  0.48688959837766E+02  0.38906344152474E+01  0.18729482882687E+05 -0.21049872640048E+04  0.15196176943746E+05  0.82967624781904E+04  0.17918756770519E+05 -0.24103985533801E+01  0.34851433168840E+02  0.16566038227152E+02 -0.27573135678635E+02 -0.88508523638462E+02  0.42455546566902E+03 -0.18391608207304E+04 -0.11492502243397E+04 -0.12459875650599E+04  0.98737163074898E+03  0.24838833061659E+04 -0.60682714694347E+03 -0.12228392620525E+04 -0.33549299715012E+03  0.10917431627081E+03  0.20461626545044E+03 -0.16638053861571E+04 -0.85840331848437E+03  0.14550455224885E+04 -0.11252377888576E+04 -0.12478781831584E+04
   0.53103235184655E+07 -0.17458466863669E+07  0.16903304825958E+06  0.14926602177973E+07 -0.33587111343645E+06  0.26997986296061E+05  0.13861190669391E+06  0.37340266868079E+06  0.19780795271968E+05 -0.33740642459972E+05  0.33002075509395E+04  0.36417625972439E+04  0.16487055027649E+03  0.52366748275556E+02  0.38207017425522E+05 -0.45278755995034E+04  0.32241270098507E+05  0.17918756770519E+05  0.14809211674739E+08 -0.12368044523972E+06 -0.63965120348091E+05 -0.34049272617857E+05 -0.42486704077228E+05 -0.51077650204713E+05 -0.32590135740983E+06 -0.22891214742990E+05 -0.51421107170502E+05  0.70966193807677E+03 -0.38199640629774E+06 -0.18751509385782E+07 -0.11163189543037E+05 -0.21075461852761E+05 -0.13224895952350E+03 -0.12371223988391E+06 -0.54397650385336E+06 -0.16102186151155E+05 -0.50627397924350E+04  0.11678361196868E+05 -0.14089161037433E+05 -0.44001923872295E+05
  -0.67850580256533E+05  0.17173563310085E+05 -0.21174965912030E+04 -0.20204669097039E+05  0.37797402559191E+04 -0.16637265342818E+04 -0.23112824937690E+04 -0.38490269384036E+05  0.93042947738271E+04  0.12410454160906E+04 -0.21413796695604E+03  0.26393168898368E+03  0.15089877248484E+02  0.13512751724390E+01  0.58773202020817E+02  0.25891569634082E+01  0.25545980333802E+02 -0.24103985533801E+01 -0.12368044523972E+06  0.29287568526318E+04  0.99971797891859E+03  0.44165321749958E+03  0.18953650928158E+03 -0.25147299336590E+03  0.38016493475302E+04  0.00000000000000E+00  0.25970418958954E+04  0.00000000000000E+00  0.00000000000000E+00  0.40991597324876E+05  0.00000000000000E+00  0.00000000000000E+00  0.00000000000000E+00  0.00000000000000E+00  0.61197894638642E+04  0.00000000000000E+00  0.00000000000000E+00  0.00000000000000E+00  0.00000000000000E+00  0.41774858013797E+04
  -0.29827393601457E+05  0.85235604444214E+04 -0.94006841571924E+03 -0.80280186360596E+04  0.16813797390866E+04 -0.35887595164668E+03 -0.83995492202095E+03 -0.74353333896936E+04  0.14344172306802E+04  0.33196957140581E+03 -0.44900282549464E+02  0.25984153498004E+02  0.21797010248187E+01 -0.32899557430300E-01  0.63822293277928E+02 -0.99001072071293E+01  0.54282909424243E+02  0.34851433168840E+02 -0.63965120348091E+05  0.99971797891859E+03  0.43806549877307E+03  0.21396855328211E+03  0.15168619928762E+03  0.80126378853910E+02  0.17527392709679E+04  0.00000000000000E+00  0.67509542788077E+03  0.00000000000000E+00  0.00000000000000E+00  0.15451786897659E+05  0.00000000000000E+00  0.00000000000000E+00  0.00000000000000E+00  0.00000000000000E+00  0.31054625451516E+04  0.00000000000000E+00  0.00000000000000E+00  0.00000000000000E+00  0.00000000000000E+00  0.87162271543418E+03
  -0.14404208084158E+05  0.44837112057889E+04 -0.45608255773740E+03 -0.34532257046771E+04  0.77775211994728E+03 -0.51740981749142E+02 -0.32231811060763E+03 -0.19615359713882E+04  0.32440511516337E+03  0.10728121930086E+03 -0.12298651427687E+02  0.74764148718337E+00  0.16506703964425E+00 -0.18284453066977E-01  0.29265884449532E+02 -0.56680735904369E+01  0.21985095857188E+02  0.16566038227152E+02 -0.34049272617857E+05  0.44165321749958E+03  0.21396855328211E+03  0.11103618023545E+03  0.96474554997760E+02  0.91537048305921E+02  0.86252014164294E+03  0.00000000000000E+00  0.19770181951143E+03  0.00000000000000E+00  0.00000000000000E+00  0.67409852593876E+04  0.00000000000000E+00  0.00000000000000E+00  0.00000000000000E+00  0.00000000000000E+00  0.16177454482626E+04  0.00000000000000E+00  0.00000000000000E+00  0.00000000000000E+00  0.00000000000000E+00  0.25985594372223E+03
  -0.19498328597083E+05  0.84977557699804E+04 -0.63973914630765E+03 -0.13606786452071E+04  0.60109520205070E+03  0.50175062419381E+03  0.80396064569661E+02  0.67252011748741E+04 -0.15172866999235E+04 -0.19343172945554E+03  0.39109426420588E+02  0.38126233667714E+02  0.46453703232981E+01 -0.59380743940880E-02 -0.29180906761676E+02 -0.40348585463312E+01 -0.74106650785031E+02 -0.27573135678635E+02 -0.42486704077228E+05  0.18953650928158E+03  0.15168619928762E+03  0.96474554997760E+02  0.36230237774881E+03  0.65070009549671E+03  0.15858533007474E+04 -0.45353764068222E+02 -0.25911423752429E+02  0.38370241551156E+01  0.98801656883848E+03  0.65049186227211E+03  0.00000000000000E+00  0.00000000000000E+00  0.00000000000000E+00  0.23078538575662E+04  0.28595289947551E+04  0.00000000000000E+00  0.00000000000000E+00  0.00000000000000E+00 -0.32071656183901E+03 -0.33415776786367E+03
  -0.10365357783395E+05  0.96600752988202E+04 -0.42499787244542E+03  0.24785081189436E+04  0.38633934533840E+03  0.17497294361698E+04  0.82456884034734E+03  0.35388099645505E+05 -0.83191267880437E+04 -0.10116798036341E+04  0.20168292319073E+03  0.22186978482789E+03  0.23839460685277E+02 -0.20143952552869E-02 -0.15892315911814E+03 -0.87103106719325E+01 -0.26160356756252E+03 -0.88508523638462E+02 -0.51077650204713E+05 -0.25147299336590E+03  0.80126378853910E+02  0.91537048305921E+02  0.65070009549671E+03  0.16665047899356E+04  0.16370031585808E+04 -0.14723400780906E+03 -0.98876033325044E+02 -0.29200380979805E+02 -0.52536396711912E+04 -0.94250816097893E+04  0.00000000000000E+00  0.00000000000000E+00  0.00000000000000E+00  0.33832178758764E+04  0.40786385011304E+04  0.00000000000000E+00  0.00000000000000E+00  0.00000000000000E+00 -0.18770541026660E+04 -0.19399919501733E+04
  -0.23583407855382E+06  0.67319625807968E+05 -0.74769077686535E+04 -0.39945472308133E+05  0.89128278591888E+04 -0.88274876189766E+03 -0.39511247111157E+04 -0.27649395430317E+05  0.42961362041039E+04  0.16123942081857E+04 -0.17564532087304E+03 -0.39197733252110E+02 -0.73686307556655E+01  0.12735005743299E-01  0.72606398852929E+03 -0.15373180402025E+03  0.51564917411174E+03  0.42455546566902E+03 -0.32590135740983E+06  0.38016493475302E+04  0.17527392709679E+04  0.86252014164294E+03  0.15858533007474E+04  0.16370031585808E+04  0.16452553172448E+05  0.24528315201577E+03  0.12713394632933E+03 -0.55334513871461E+01  0.37625353520205E+05  0.60871269562405E+05  0.00000000000000E+00  0.00000000000000E+00  0.00000000000000E+00  0.16128188107776E+05  0.20303488267261E+05  0.00000000000000E+00  0.00000000000000E+00  0.00000000000000E+00  0.15168734904211E+04  0.15466118473064E+04
  -0.13551298265048E+06  0.16861702109005E+05 -0.40884632311513E+04 -0.13243409678491E+05  0.20163822772892E+04 -0.20619265122129E+04 -0.19848414838800E+04 -0.64749251873174E+05  0.11522810855688E+05  0.26889469177305E+04 -0.40566179066995E+03 -0.92167569918807E+03 -0.12777279026115E+03  0.64172227249475E-01 -0.28860756801006E+04  0.54336566118529E+03 -0.25722658853103E+04 -0.18391608207304E+04 -0.22891214742990E+05  0.00000000000000E+00  0.00000000000000E+00  0.00000000000000E+00 -0.45353764068222E+02 -0.14723400780906E+03  0.24528315201577E+03  0.11716563409874E+06  0.00000000000000E+00  0.00000000000000E+00  0.00000000000000E+00  0.00000000000000E+00  0.00000000000000E+00  0.00000000000000E+00  0.00000000000000E+00  0.00000000000000E+00  0.00000000000000E+00  0.00000000000000E+00  0.00000000000000E+00  0.00000000000000E+00  0.00000000000000E+00  0.00000000000000E+00
  -0.57314040643808E+05  0.83366235720438E+04 -0.17272864762004E+04 -0.21969359253191E+05  0.34233533493289E+04 -0.31941595207759E+04 -0.31424229954759E+04 -0.51217832720938E+05  0.10746011160599E+05  0.18305289003546E+04 -0.30313291578326E+03 -0.60385959950485E-10 -0.48825482286713E-11  0.14911673141525E-12 -0.18738652957173E+04  0.33863583201796E+03 -0.16527759648282E+04 -0.11492502243397E+04 -0.51421107170502E+05  0.25970418958954E+04  0.67509542788077E+03  0.19770181951143E+03 -0.25911423752429E+02 -0.98876033325044E+02  0.12713394632933E+03  0.00000000000000E+00  0.64757862366733E+05  0.00000000000000E+00  0.00000000000000E+00  0.00000000000000E+00  0.00000000000000E+00  0.00000000000000E+00  0.00000000000000E+00  0.00000000000000E+00  0.00000000000000E+00  0.00000000000000E+00  0.00000000000000E+00  0.00000000000000E+00  0.00000000000000E+00  0.00000000000000E+00
  -0.57995681065049E+04 -0.16593731466625E+03  0.75751228267154E+00 -0.20324449573344E+03 -0.49649256484934E+02  0.64425216275041E+02  0.92764754684700E+02 -0.75017357944361E+05  0.25663672890699E+05  0.74672479726164E+03 -0.31732513207019E+03 -0.68314656510107E+03 -0.25217109537219E+02 -0.54985353613280E+01 -0.25025310457635E+04  0.29353759721917E+03 -0.24755147625593E+04 -0.12459875650599E+04  0.70966193807677E+03  0.00000000000000E+00  0.00000000000000E+00  0.00000000000000E+00  0.38370241551156E+01 -0.29200380979805E+02 -0.55334513871461E+01  0.00000000000000E+00  0.00000000000000E+00  0.30760683755123E+05  0.00000000000000E+00  0.00000000000000E+00  0.00000000000000E+00  0.00000000000000E+00  0.00000000000000E+00  0.00000000000000E+00  0.00000000000000E+00  0.00000000000000E+00  0.00000000000000E+00  0.00000000000000E+00  0.00000000000000E+00  0.00000000000000E+00
  -0.88937691694880E+06  0.21136728556682E+06 -0.27367616316044E+05 -0.67404210747650E+05  0.12200666577203E+05 -0.65653655904984E+04 -0.82056964238962E+04 -0.30463633848418E+06  0.67637063402760E+05  0.10668736599736E+05 -0.17633102094833E+04 -0.42991335574322E+04 -0.47014142275323E+03 -0.61514000540232E+00  0.19805318666410E+04 -0.15543440760523E+03  0.21257434448208E+04  0.98737163074898E+03 -0.38199640629774E+06  0.00000000000000E+00  0.00000000000000E+00  0.00000000000000E+00  0.98801656883848E+03 -0.52536396711912E+04  0.37625353520205E+05  0.00000000000000E+00  0.00000000000000E+00  0.00000000000000E+00  0.58151500886261E+06  0.00000000000000E+00  0.00000000000000E+00  0.00000000000000E+00  0.00000000000000E+00  0.00000000000000E+00  0.00000000000000E+00  0.00000000000000E+00  0.00000000000000E+00  0.00000000000000E+00  0.00000000000000E+00  0.00000000000000E+00
  -0.11478992243992E+07  0.26629619128789E+06 -0.35512987430096E+05 -0.34894024081484E+06  0.64428569836924E+05 -0.31429085688156E+05 -0.42507117591816E+05 -0.58849257445748E+06  0.12653614446323E+06  0.21815078030045E+05 -0.34432268664409E+04  0.38331017484428E-09  0.24402819972644E-11  0.33025913693370E-11  0.44138576738403E+04 -0.50651800936239E+03  0.45269248423153E+04  0.24838833061659E+04 -0.18751509385782E+07  0.40991597324876E+05  0.15451786897659E+05  0.67409852593876E+04  0.65049186227211E+03 -0.94250816097893E+04  0.60871269562405E+05  0.00000000000000E+00  0.00000000000000E+00  0.00000000000000E+00  0.00000000000000E+00  0.91986912863967E+06  0.00000000000000E+00  0.00000000000000E+00  0.00000000000000E+00  0.00000000000000E+00  0.00000000000000E+00  0.00000000000000E+00  0.00000000000000E+00  0.00000000000000E+00  0.00000000000000E+00  0.00000000000000E+00
  -0.21206319282396E+05  0.56961200893426E+04 -0.67327764562464E+03 -0.13086763974547E+04  0.32081021629142E+03  0.19561882455304E+02 -0.12549444388914E+03 -0.75596682724175E+05  0.22725983670525E+05  0.14387493080980E+04 -0.37234248344341E+03 -0.20673571758538E+04 -0.12321021548612E+03 -0.26407190309344E+01 -0.14501236439965E+04  0.15433916214834E+03 -0.11917459478682E+04 -0.60682714694347E+03 -0.11163189543037E+05  0.00000000000000E+00  0.00000000000000E+00  0.00000000000000E+00  0.00000000000000E+00  0.00000000000000E+00  0.00000000000000E+00  0.00000000000000E+00  0.00000000000000E+00  0.00000000000000E+00  0.00000000000000E+00  0.00000000000000E+00  0.13830801782568E+05  0.00000000000000E+00  0.00000000000000E+00  0.00000000000000E+00  0.00000000000000E+00  0.00000000000000E+00  0.00000000000000E+00  0.00000000000000E+00  0.00000000000000E+00  0.00000000000000E+00
  -0.48231951264905E+05  0.13148134582441E+05 -0.15362799374701E+04 -0.24544618254714E+04  0.58235589630243E+03  0.38779106344740E+01 -0.23227246638312E+03 -0.17073677695941E+06  0.51464726309544E+05  0.31906307213772E+04 -0.84029233830074E+03 -0.44210099605349E+02 -0.10998206095564E+02 -0.81759381712529E-05 -0.29164474052463E+04  0.30829768401990E+03 -0.24033737470695E+04 -0.12228392620525E+04 -0.21075461852761E+05  0.00000000000000E+00  0.00000000000000E+00  0.00000000000000E+00  0.00000000000000E+00  0.00000000000000E+00  0.00000000000000E+00  0.00000000000000E+00  0.00000000000000E+00  0.00000000000000E+00  0.00000000000000E+00  0.00000000000000E+00  0.00000000000000E+00  0.30810228776522E+05  0.00000000000000E+00  0.00000000000000E+00  0.00000000000000E+00  0.00000000000000E+00  0.00000000000000E+00  0.00000000000000E+00  0.00000000000000E+00  0.00000000000000E+00
  -0.32993394515223E+04  0.42418518025558E+03 -0.89092072629570E+02 -0.69033393402781E+02  0.86537749581161E+01 -0.14220871607373E+02 -0.10316139668237E+02 -0.15142448522308E+04  0.20780213300669E+03  0.44286967247951E+02 -0.99861027834690E+01 -0.71690042188105E+02 -0.54417262181986E+01 -0.12366644736719E+00 -0.74401098945542E+03  0.84347397266683E+02 -0.60592593103323E+03 -0.33549299715012E+03 -0.13224895952350E+03  0.00000000000000E+00  0.00000000000000E+00  0.00000000000000E+00  0.00000000000000E+00  0.00000000000000E+00  0.00000000000000E+00  0.00000000000000E+00  0.00000000000000E+00  0.00000000000000E+00  0.00000000000000E+00  0.00000000000000E+00  0.00000000000000E+00  0.00000000000000E+00  0.37984915918242E+04  0.00000000000000E+00  0.00000000000000E+00  0.00000000000000E+00  0.00000000000000E+00  0.00000000000000E+00  0.00000000000000E+00  0.00000000000000E+00
  -0.20802146743175E+06  0.63800707100069E+05 -0.66436903142506E+04 -0.11601402053794E+05  0.30076664918540E+04  0.33570455705411E+03 -0.88308405235516E+03 -0.49510303011511E+04  0.54150663411239E+03  0.45372333436684E+03 -0.32633987802518E+02 -0.67984605488703E-01 -0.48536333198750E-01 -0.39640164879340E-13  0.28313462050551E+03 -0.76828608978072E+02  0.68782348451296E+02  0.10917431627081E+03 -0.12371223988391E+06  0.00000000000000E+00  0.00000000000000E+00  0.00000000000000E+00  0.23078538575662E+04  0.33832178758764E+04  0.16128188107776E+05  0.00000000000000E+00  0.00000000000000E+00  0.00000000000000E+00  0.00000000000000E+00  0.00000000000000E+00  0.00000000000000E+00  0.00000000000000E+00  0.00000000000000E+00  0.10549508636578E+06  0.00000000000000E+00  0.00000000000000E+00  0.00000000000000E+00  0.00000000000000E+00  0.00000000000000E+00  0.00000000000000E+00
  -0.23442312607291E+06  0.71504902363921E+05 -0.74843301150854E+04 -0.52146467648178E+05  0.13355214217644E+05  0.13295353855388E+04 -0.40674178335823E+04 -0.99610977930601E+04  0.11140622360045E+04  0.88023264892994E+03 -0.65620333802564E+02 -0.24722680819962E-10 -0.13419333871786E-10  0.48827152484937E-13  0.51071323482223E+03 -0.13669018081077E+03  0.13864510901539E+03  0.20461626545044E+03 -0.54397650385336E+06  0.61197894638642E+04  0.31054625451516E+04  0.16177454482626E+04  0.28595289947551E+04  0.40786385011304E+04  0.20303488267261E+05  0.00000000000000E+00  0.00000000000000E+00  0.00000000000000E+00  0.00000000000000E+00  0.00000000000000E+00  0.00000000000000E+00  0.00000000000000E+00  0.00000000000000E+00  0.00000000000000E+00  0.13847367939536E+06  0.00000000000000E+00  0.00000000000000E+00  0.00000000000000E+00  0.00000000000000E+00  0.00000000000000E+00
  -0.91892816551543E+04  0.23802111056832E+04 -0.28839645485527E+03 -0.24421629095156E+04  0.47260592767352E+03 -0.18022347476931E+03 -0.28877935447225E+03  0.64675022085966E+03 -0.13537579177743E+04  0.11523096811695E+03 -0.91287265079730E+01 -0.15166332896223E+01 -0.14771023862688E+00 -0.14860583918160E-02 -0.29975113592998E+04  0.46964242105486E+03 -0.25464202572058E+04 -0.16638053861571E+04 -0.16102186151155E+05  0.00000000000000E+00  0.00000000000000E+00  0.00000000000000E+00  0.00000000000000E+00  0.00000000000000E+00  0.00000000000000E+00  0.00000000000000E+00  0.00000000000000E+00  0.00000000000000E+00  0.00000000000000E+00  0.00000000000000E+00  0.00000000000000E+00  0.00000000000000E+00  0.00000000000000E+00  0.00000000000000E+00  0.00000000000000E+00  0.81970247925910E+04  0.00000000000000E+00  0.00000000000000E+00  0.00000000000000E+00  0.00000000000000E+00
  -0.32443359452600E+04  0.75395375381418E+03 -0.10127467008811E+03 -0.95422871561470E+03  0.17423963452279E+03 -0.93481569772597E+02 -0.12105360255667E+03  0.42783846138439E+03 -0.73737782629395E+03  0.52021682389874E+02 -0.43999981905047E+01 -0.66152073414300E+00 -0.58666893606487E-01 -0.81804481084882E-03 -0.15777155142426E+04  0.22986991072256E+03 -0.13726286563318E+04 -0.85840331848437E+03 -0.50627397924350E+04  0.00000000000000E+00  0.00000000000000E+00  0.00000000000000E+00  0.00000000000000E+00  0.00000000000000E+00  0.00000000000000E+00  0.00000000000000E+00  0.00000000000000E+00  0.00000000000000E+00  0.00000000000000E+00  0.00000000000000E+00  0.00000000000000E+00  0.00000000000000E+00  0.00000000000000E+00  0.00000000000000E+00  0.00000000000000E+00  0.00000000000000E+00  0.41989613121840E+04  0.00000000000000E+00  0.00000000000000E+00  0.00000000000000E+00
  -0.21244932420070E+05 -0.20737107976485E+04 -0.14315552973284E+03 -0.11271278182932E+05  0.42382395497958E+03 -0.28774169564759E+04 -0.12347744677560E+04 -0.29218155280231E+06  0.11674979351358E+06  0.31791031811247E+04 -0.10653698183152E+04  0.15741330965436E+03  0.17791151437017E+02 -0.21234680464021E+01 -0.22103375720667E+04 -0.35883068386835E+03  0.12697047401052E+04  0.14550455224885E+04  0.11678361196868E+05  0.00000000000000E+00  0.00000000000000E+00  0.00000000000000E+00  0.00000000000000E+00  0.00000000000000E+00  0.00000000000000E+00  0.00000000000000E+00  0.00000000000000E+00  0.00000000000000E+00  0.00000000000000E+00  0.00000000000000E+00  0.00000000000000E+00  0.00000000000000E+00  0.00000000000000E+00  0.00000000000000E+00  0.00000000000000E+00  0.00000000000000E+00  0.00000000000000E+00  0.12868633304868E+06  0.00000000000000E+00  0.00000000000000E+00
  -0.76906242611140E+05  0.87902147042393E+04 -0.19879134807653E+04 -0.76412879934077E+04  0.84360070133931E+03 -0.15672009246951E+04 -0.98421920663311E+03 -0.15321682155697E+06  0.46442928388813E+05  0.28636299072917E+04 -0.75341062906297E+03 -0.25021728242934E+04 -0.17141427224039E+03 -0.26804763042929E+01 -0.96454605101458E+03  0.26781580503667E+03 -0.15944059104880E+04 -0.11252377888576E+04 -0.14089161037433E+05  0.00000000000000E+00  0.00000000000000E+00  0.00000000000000E+00 -0.32071656183901E+03 -0.18770541026660E+04  0.15168734904211E+04  0.00000000000000E+00  0.00000000000000E+00  0.00000000000000E+00  0.00000000000000E+00  0.00000000000000E+00  0.00000000000000E+00  0.00000000000000E+00  0.00000000000000E+00  0.00000000000000E+00  0.00000000000000E+00  0.00000000000000E+00  0.00000000000000E+00  0.00000000000000E+00  0.95583580002909E+05  0.00000000000000E+00
  -0.60443383695955E+05  0.73880548722161E+04 -0.15958567170976E+04 -0.22628008862588E+05  0.26080146026613E+04 -0.44780406049553E+04 -0.29247297045965E+04 -0.18693868592794E+06  0.56191336855931E+05  0.35728795396641E+04 -0.92448151600248E+03  0.57618620876024E-10 -0.63045111912823E-11 -0.87402709967669E-13 -0.10816800306563E+04  0.29966384552649E+03 -0.17654206880007E+04 -0.12478781831584E+04 -0.44001923872295E+05  0.41774858013797E+04  0.87162271543418E+03  0.25985594372223E+03 -0.33415776786367E+03 -0.19399919501733E+04  0.15466118473064E+04  0.00000000000000E+00  0.00000000000000E+00  0.00000000000000E+00  0.00000000000000E+00  0.00000000000000E+00  0.00000000000000E+00  0.00000000000000E+00  0.00000000000000E+00  0.00000000000000E+00  0.00000000000000E+00  0.00000000000000E+00  0.00000000000000E+00  0.00000000000000E+00  0.00000000000000E+00  0.99884954013043E+05

 # Covariance matrix (Bevington epsilon)
