# fitpack15: fit parameters                                                                         
# CJ15 AV18 final data choices                                                                      
# Created on 02/13/2020 at 11:08:49                                                                 

 # QCD setup
  INS                           0
  NVL                          11
  IORD                          1
  Q02                   1.6899999999999999     
  IPARAMC                      -7
  FLAVOR                5.0000000000000000     
  xmc                   1.3000000000000000     
  xmb                   4.5000000000000000     
  ncb                          12
  ihq                           1
  ias                           0

 # Theory corrections
  inuke                     10114
  itmc                          1
  iht                           1

 # fit parameters
 LAMBDA       0.22680        0.0000    
 a0uv          2.3295        0.0000    
 a1uv         0.60853       0.28036E-01
 a2uv          3.5588       0.18497E-01
 a3uv          0.0000        0.0000    
 a4uv          3.6746       0.66826    
 a5uv          0.0000        0.0000    
 a0dv          21.006        0.0000    
 a1dv          1.1087       0.44842E-01
 a2dv          6.6143       0.23470    
 a3dv         -3.5634       0.11311    
 a4dv          4.9652       0.20581    
 a5dv          0.0000        0.0000    
 a0ud         0.14354       0.54754E-02
 a1ud        -0.20983       0.40870E-02
 a2ud          8.6306       0.22476    
 a3ud          0.0000        0.0000    
 a4ud          15.781        1.6161    
 a5ud          0.0000        0.0000    
 a0du          35712.        0.0000    
 a1du          4.0126       0.83796E-01
 a2du          20.456        1.0392    
 a3du          17.000        0.0000    
 a4du          47.890        11.437    
 a0g           47.654        0.0000    
 a1g          0.61043       0.31075E-01
 a2g           6.2052       0.83265    
 a3g          -3.4214       0.12628    
 a4g           3.3469       0.30082    
 a5g           0.0000        0.0000    
 kappa        0.40000        0.0000    
 a6dv         0.43911E-02   0.26323E-02
 a7dv          2.0000        0.0000    
 off1        -0.45611E-02   0.12329    
 off2        -0.58207       0.88558    
 off3         0.74547E-01    1.6605    
 ht1          -3.3486       0.32988    
 ht2           1.9009       0.12474    
 ht3          -2.0623       0.36662E-01
 ht4           0.0000        0.0000    
 ht1n         -3.0712        1.0692    
 ht2n          1.8446       0.39044    
 ht3n         -2.2937       0.11989    
 ht4n          0.0000        0.0000    
 dummy45       0.0000        0.0000    
 dummy46       0.0000        0.0000    
 dummy47       0.0000        0.0000    
 dummy48       0.0000        0.0000    
 dummy49       0.0000        0.0000    
 bcdmsh2      0.97016       0.48944E-02
 bcdmsd2      0.99204       0.59042E-02
 ccfr          1.0000        0.0000    
 nutev         1.0000        0.0000    
 zeus         0.97998        0.0000    
 h1            1.0162        0.0000    
 e605          1.0319        0.0000    
 NmcH2         1.0070       0.71590E-02
 ntv_nu        1.0000        0.0000    
 ntv_nubar     1.0000        0.0000    
 cdf_jet      0.98910        0.0000    
 d0_jet       0.83504        0.0000    
 slac_p       0.99822       0.52004E-02
 slac_d        1.0031       0.54016E-02
 e866pp       0.95461       0.22555E-01
 e866pd       0.95414       0.19952E-01
 d0_gamjet     1.0412       0.16594E-01
 h1b          0.97608        0.0000    
 jlab_p       0.98893       0.64461E-02
 jlab_d       0.97703       0.62204E-02
 blank         1.0000        0.0000    
 d0run2       0.95100       0.15071E-01
 cdfrun2      0.93602       0.17665E-01
 HERA_el       1.0000        0.0000    
 HERA_ps       1.0000        0.0000    
 CDF_Z        0.95256       0.68661E-02
 NmcRat        1.0000        0.0000    
 BNS_F2nd      0.0000        0.0000    
 HERMES_F2p   0.99332       0.57573E-02
 HERMES_F2d   0.97831       0.59047E-02
 END 0. 0.

 # Hessian matrix (Bevington alpha)
   0.48443267087588E+07 -0.12889522754661E+07  0.21910616008767E+06  0.59190151222091E+06 -0.13790507754918E+06 -0.10254991820001E+05  0.61999582909922E+05  0.90271286901984E+06 -0.16754213757486E+06 -0.46753861816131E+05  0.68252209317364E+04  0.14343147246097E+05  0.15295181145800E+04 -0.88792603218910E+02  0.13147191480550E+05 -0.31499151881570E+04  0.17510346307373E+05  0.12173352643125E+05  0.69245170770495E+07 -0.65140221702453E+05 -0.28726941084505E+05 -0.13909779918063E+05 -0.14799266576367E+05 -0.50289507803649E+04 -0.19310209262974E+06 -0.50584010744432E+04 -0.41947312492947E+04 -0.39212279144736E+05 -0.12780851935996E+06 -0.54329601435529E+05 -0.43848217984947E+04 -0.84976272706248E+06 -0.10987402456200E+07 -0.21013245855211E+05 -0.47242809462050E+05 -0.30749117152561E+04 -0.20110320171072E+06 -0.22653710969191E+06 -0.87973361313098E+04 -0.31105597133103E+04 -0.15926701549399E+05 -0.71203643748884E+05 -0.56291027146674E+05
  -0.12889522754661E+07  0.41505137197783E+06 -0.60011904112233E+05 -0.15214028317509E+06  0.36609319851973E+05  0.81963124845868E+04 -0.12157676041100E+05 -0.11934593215096E+06  0.25435736715770E+05  0.69966859807832E+04 -0.84847429528021E+03 -0.11836627046854E+04 -0.12579137089086E+03  0.11032938589477E+02  0.40300730272073E+02  0.47001386468852E+02 -0.55948179778080E+03 -0.33048787828517E+03 -0.23269597003962E+07  0.17243547315556E+05  0.85720309447750E+04  0.45146715070992E+04  0.70566732263606E+04  0.74930711157211E+04  0.57661423527576E+05  0.19827231131867E+04  0.22191122301824E+04  0.10818110858769E+05  0.16640441415505E+05  0.82796481645811E+04 -0.24210233081095E+03  0.21152271852977E+06  0.26706497971660E+06  0.59205021293699E+04  0.13460845728120E+05  0.41836104208932E+03  0.64123065410518E+05  0.71857943117841E+05  0.23859571677023E+04  0.75714384955843E+03 -0.23515698935876E+04  0.85955833540527E+04  0.72860283361321E+04
   0.21910616008767E+06 -0.60011904112233E+05  0.10005339457211E+05  0.26413588379186E+05 -0.63059303351986E+04 -0.81813545344361E+03  0.26608936748992E+04  0.29847450709818E+05 -0.53714602365121E+04 -0.18223594187849E+04  0.22912961432126E+03  0.42659441642653E+03  0.52482859657096E+02 -0.40402168669340E+01 -0.14642639396976E+03 -0.46002962546204E+02  0.42208085750660E+02  0.12422832093833E+03  0.32390028001286E+06 -0.29244318861825E+04 -0.13172495477551E+04 -0.64507522533575E+03 -0.74825552114125E+03 -0.45680126620140E+03 -0.89268856741291E+04 -0.24799529374262E+03 -0.23488222120066E+03 -0.17979931485348E+04 -0.53090515793699E+04 -0.22722169719774E+04  0.47540772714482E+02 -0.37384582978755E+05 -0.48610638745728E+05 -0.96715944941436E+03 -0.21834786359723E+04 -0.11314960240840E+03 -0.94529272380896E+04 -0.10636891446511E+05 -0.39855349808534E+03 -0.13870379541987E+03  0.24542141352341E+02 -0.24696914239701E+04 -0.20113110338240E+04
   0.59190151222091E+06 -0.15214028317509E+06  0.26413588379186E+05  0.30895698381873E+06 -0.47247380864864E+05  0.48649336326359E+05  0.43396623559265E+05  0.32746528621265E+06 -0.27397254957588E+05 -0.16024585357395E+05  0.28751547986648E+04 -0.94061689271933E+03 -0.70229426291791E+02  0.40388662320163E+02  0.29373027220759E+05 -0.35891629112385E+04  0.27484506179125E+05  0.15255453400416E+05  0.14933180996934E+07 -0.20025639054895E+05 -0.80017546842870E+04 -0.34578540951688E+04 -0.86040126396310E+03  0.22557259661700E+04 -0.29837544953761E+05 -0.81918683981975E+03 -0.55745120433903E+02 -0.11180036514514E+05 -0.12892459866739E+05 -0.21478339048660E+05 -0.15663879965302E+03 -0.66406382744104E+05 -0.34612320329419E+06 -0.13982228440818E+04 -0.24479146219941E+04 -0.68351379614962E+02 -0.11512885233108E+05 -0.52291227157659E+05 -0.23895801014759E+04 -0.93581858703508E+03 -0.10516806549884E+05 -0.74420699445932E+04 -0.22152258670290E+05
  -0.13790507754918E+06  0.36609319851973E+05 -0.63059303351986E+04 -0.47247380864864E+05  0.86840905201736E+04 -0.44059349104582E+04 -0.60630508407192E+04 -0.28659671883430E+05  0.78505893787465E+03  0.19859823091390E+04 -0.27184843787147E+03 -0.51452586809185E+02 -0.23721907370242E+01 -0.31786971062717E+01 -0.23159383215800E+04  0.28167777224899E+03 -0.21113692281199E+04 -0.11718281672143E+04 -0.32191698409610E+06  0.36060517520892E+04  0.15920412270659E+04  0.73023870391624E+03  0.36613385158065E+03  0.11603525871211E+03  0.63467698252806E+04  0.26210760234063E+03  0.26856586325798E+03  0.23028201161507E+04  0.19630331830420E+04  0.33244502100626E+04 -0.51731123806535E+02  0.11581552324238E+05  0.61912725995611E+05  0.32651767713847E+03  0.55378401964574E+03  0.85382284185227E+01  0.27995449322083E+04  0.12580878083034E+05  0.44368090974954E+03  0.16545322638747E+03  0.40134255173276E+03  0.81382037209052E+03  0.25377912927340E+04
  -0.10254991820001E+05  0.81963124845868E+04 -0.81813545344361E+03  0.48649336326359E+05 -0.44059349104582E+04  0.14542960598145E+05  0.84501517027975E+04  0.89630763835552E+05 -0.87389693596397E+04 -0.35646553682008E+04  0.77457951100621E+03 -0.46612168402250E+03 -0.33978500510852E+02  0.12637906643110E+02  0.82167242972519E+04 -0.10412606996443E+04  0.77716702407436E+04  0.44038162447053E+04  0.63983873711586E+04 -0.18165115984516E+04 -0.37687872579179E+03 -0.40909831154266E+02  0.47442049197688E+03  0.15272022205669E+04 -0.58986241008714E+03  0.20532871583326E+03  0.61182322752332E+03 -0.43777714309018E+03 -0.23589545779668E+04 -0.36422475214800E+04  0.10060799381366E+03 -0.72893719390578E+04 -0.35095207409496E+05  0.27743872598807E+02  0.18799612354205E+02 -0.16026802579970E+02  0.44829643103981E+03  0.18278382965388E+04 -0.19636391125334E+03 -0.10421529420246E+03 -0.30463614501177E+04 -0.17193315587867E+04 -0.49302126187402E+04
   0.61999582909922E+05 -0.12157676041100E+05  0.26608936748992E+04  0.43396623559265E+05 -0.60630508407192E+04  0.84501517027975E+04  0.67548566081209E+04  0.48719737178859E+05 -0.29934564537156E+04 -0.25372185158296E+04  0.44290000215212E+03 -0.12366914936500E+03 -0.93860799207998E+01  0.63331339889926E+01  0.41514736073141E+04 -0.53154590667786E+03  0.37941929953044E+04  0.21702696516721E+04  0.13805039545357E+06 -0.24717914866368E+04 -0.88552542638399E+03 -0.33247837684884E+03  0.12645139774241E+03  0.78834992468247E+03 -0.30677015412657E+04  0.91261576031111E+00  0.19005598841719E+03 -0.12584712044624E+04 -0.21860170812994E+04 -0.34534612681737E+04  0.11208593534019E+03 -0.88064591599371E+04 -0.45990848351287E+05 -0.13966986163272E+03 -0.23843279834440E+03 -0.11396200685894E+02 -0.86649088623253E+03 -0.40566157097328E+04 -0.30517270187406E+03 -0.12993787411391E+03 -0.12978421566181E+04 -0.10632893306931E+04 -0.31780529452796E+04
   0.90271286901984E+06 -0.11934593215096E+06  0.29847450709818E+05  0.32746528621265E+06 -0.28659671883430E+05  0.89630763835552E+05  0.48719737178859E+05  0.51029127264504E+07 -0.23494641049233E+07 -0.82765561923671E+05  0.24486109663286E+05  0.27652909177695E+05  0.18134581876506E+04  0.11287339188573E+03  0.82903701786027E+05 -0.10964980288412E+05  0.93121911467760E+05  0.50268704050969E+05  0.44075842827322E+06 -0.36146979650071E+05 -0.70345495061208E+04 -0.18745267276236E+04  0.56162880747530E+04  0.28155017952354E+05 -0.21263183418926E+05  0.19229584613583E+04  0.85858237897817E+04 -0.74060836770863E+04 -0.58714186017549E+05 -0.47706227706051E+05 -0.68493729511692E+05 -0.27866302038614E+06 -0.54935390841866E+06 -0.74336556903097E+05 -0.16620098793504E+06 -0.12929079051761E+04 -0.50553638240079E+04 -0.10116191372936E+05  0.70154782644535E+03  0.44024209259368E+03 -0.27082531540968E+06 -0.13919836510950E+06 -0.17280734480694E+06
  -0.16754213757486E+06  0.25435736715770E+05 -0.53714602365121E+04 -0.27397254957588E+05  0.78505893787465E+03 -0.87389693596397E+04 -0.29934564537156E+04 -0.23494641049233E+07  0.19253879971464E+07  0.18394858081093E+05 -0.61412787245011E+04 -0.59452547046430E+04 -0.31957654526048E+03 -0.17641059765427E+02  0.50976049860790E+05 -0.26491004350112E+04  0.19507839425728E+05  0.97658390296088E+04  0.90772478820225E+03  0.91341003199900E+04  0.14105968880574E+04  0.32143279971011E+03 -0.13136909066255E+04 -0.69201747196538E+04  0.34344969945746E+04 -0.50626475898182E+03 -0.22727883927463E+04  0.12683840898930E+04  0.10812421042926E+05  0.10418363849838E+05  0.24283816913362E+05  0.64437108725520E+05  0.12293633051838E+06  0.23376472296066E+05  0.52391249814097E+05  0.16150965044767E+03  0.58909994670904E+03  0.12016497402943E+04 -0.13753205818346E+04 -0.74522654024313E+03  0.11356254542407E+06  0.44221271488187E+05  0.54349336258276E+05
  -0.46753861816131E+05  0.69966859807832E+04 -0.18223594187849E+04 -0.16024585357395E+05  0.19859823091390E+04 -0.35646553682008E+04 -0.25372185158296E+04 -0.82765561923671E+05  0.18394858081093E+05  0.24270421177689E+04 -0.57172077099526E+03 -0.68178912948215E+03 -0.58921872357068E+02 -0.17482361083757E+01 -0.39628100440203E+04  0.50904773146735E+03 -0.38528756537375E+04 -0.21890831809975E+04 -0.40022545267628E+05  0.12329079578505E+04  0.33381215890714E+03  0.10911067581371E+03 -0.17323029877060E+03 -0.84739072300945E+03  0.13137371941952E+04 -0.43848467769742E+02 -0.21962771263144E+03  0.42743838521479E+03  0.25871281247430E+04  0.18018708786698E+04  0.72214371059842E+03  0.10371911883981E+05  0.21620715290866E+05  0.14960400241164E+04  0.32765297396265E+04  0.41072389543133E+02  0.48427066740847E+03  0.93588788240735E+03  0.11281889009700E+03  0.51066931699546E+02  0.30737520281862E+04  0.27314263044080E+04  0.34779561300890E+04
   0.68252209317364E+04 -0.84847429528021E+03  0.22912961432126E+03  0.28751547986648E+04 -0.27184843787147E+03  0.77457951100621E+03  0.44290000215212E+03  0.24486109663286E+05 -0.61412787245011E+04 -0.57172077099526E+03  0.15758815208131E+03  0.19452169443736E+03  0.13805193911481E+02  0.73539550581695E+00  0.12077234631664E+04 -0.13921274391833E+03  0.11315746442491E+04  0.61696627899353E+03  0.43538529394161E+04 -0.23503510048096E+03 -0.50128098829318E+02 -0.13930198446496E+02  0.38392636289302E+02  0.18758788576316E+03 -0.16026180817271E+03  0.12483676136907E+02  0.55244966910547E+02 -0.55087446683134E+02 -0.43513420258745E+03 -0.33196349231993E+03 -0.32917477023385E+03 -0.18939481855814E+04 -0.37798122591393E+04 -0.42191064947315E+03 -0.94307890015348E+03 -0.10174603736501E+02 -0.39601001457737E+02 -0.79206723473635E+02 -0.10272287374093E+02 -0.50071198502880E+01 -0.11180506605620E+04 -0.78854194054854E+03 -0.98643604193663E+03
   0.14343147246097E+05 -0.11836627046854E+04  0.42659441642653E+03 -0.94061689271933E+03 -0.51452586809185E+02 -0.46612168402250E+03 -0.12366914936500E+03  0.27652909177695E+05 -0.59452547046430E+04 -0.68178912948215E+03  0.19452169443736E+03  0.17476395648148E+04  0.11026062291712E+03 -0.20580273671155E+00  0.15745850966962E+04 -0.22797985045386E+03  0.18900415595446E+04  0.10804877888849E+04  0.50741669787906E+04  0.29674661179477E+03  0.29719683722190E+02  0.10030313735969E+01  0.65157947789799E+02  0.36756503657230E+03 -0.56663573297972E+02 -0.91958993991534E+01 -0.48545522048743E+02 -0.18093035107206E+01 -0.11025140702409E+04  0.36842241260939E-01 -0.76872876476225E+03 -0.50210008403100E+04  0.11749093501855E+02 -0.25377664135085E+04 -0.65307779193541E+02 -0.80793628941652E+02 -0.15415868314026E+00  0.10291377645182E-01 -0.17551662404460E+01 -0.76345290516200E+00  0.18503566328567E+03 -0.28211730797188E+04  0.99323311652808E+00
   0.15295181145800E+04 -0.12579137089086E+03  0.52482859657096E+02 -0.70229426291791E+02 -0.23721907370242E+01 -0.33978500510852E+02 -0.93860799207998E+01  0.18134581876506E+04 -0.31957654526048E+03 -0.58921872357068E+02  0.13805193911481E+02  0.11026062291712E+03  0.94090154336120E+01 -0.13591952729753E+00  0.88648969507246E+02 -0.15489792238510E+02  0.11422706747123E+03  0.70718359049082E+02  0.29741730369068E+03  0.17409051164243E+02  0.26001575708433E+01  0.22335541101539E+00  0.77453887814396E+01  0.37817196378182E+02 -0.11342981797633E+02 -0.75137227140291E+00 -0.33688322272032E+01  0.12683712682366E+00 -0.15889478774603E+03  0.81301205169505E-02 -0.29075699135606E+02 -0.57296925721625E+03  0.24216606864313E+01 -0.15457398206790E+03 -0.16774471684888E+02 -0.63286885974733E+01 -0.10808716694626E+00  0.55139685254404E-02 -0.17886883325138E+00 -0.70522927434550E-01  0.21467713019776E+02 -0.19773854633580E+03  0.16910471193289E+00
  -0.88792603218910E+02  0.11032938589477E+02 -0.40402168669340E+01  0.40388662320163E+02 -0.31786971062717E+01  0.12637906643110E+02  0.63331339889926E+01  0.11287339188573E+03 -0.17641059765427E+02 -0.17482361083757E+01  0.73539550581695E+00 -0.20580273671155E+00 -0.13591952729753E+00  0.57197894406400E-01  0.16013012702657E+02 -0.11850441027971E+01  0.10796103024789E+02  0.49721862721162E+01  0.38586367637417E+02  0.18192330073363E+01 -0.27284947198045E-01 -0.21970602196610E-01 -0.22745310455936E-01 -0.41355849437452E-02  0.62333384840112E-01  0.19100720729791E-01  0.49394707055545E-01 -0.44490397251388E-01  0.74077010489990E-01 -0.64656518979392E-05 -0.75570146846421E+01 -0.12965301555614E+01 -0.10074599220213E-03 -0.48131709575990E+01 -0.56561629975620E-04 -0.18066645797797E+00 -0.31673284380462E-12  0.32830158882120E-10 -0.22193477315185E-02 -0.12199238728708E-02 -0.24531554245686E+01 -0.44740756792618E+01 -0.84694681234073E-03
   0.13147191480550E+05  0.40300730272073E+02 -0.14642639396976E+03  0.29373027220759E+05 -0.23159383215800E+04  0.82167242972519E+04  0.41514736073141E+04  0.82903701786027E+05  0.50976049860790E+05 -0.39628100440203E+04  0.12077234631664E+04  0.15745850966962E+04  0.88648969507246E+02  0.16013012702657E+02  0.50934746563552E+05 -0.49840449081963E+04  0.40830667069514E+05  0.21518598999669E+05  0.40364586864682E+05  0.56953667498043E+02  0.65643347123736E+02  0.31077646661784E+02 -0.22905625721279E+02 -0.11621902495773E+03  0.62313245759794E+03  0.39999429701992E+01 -0.80413962980353E+01  0.19033069275150E+03 -0.29775529545991E+04 -0.19356204128034E+04 -0.25085034931675E+04  0.18860585770000E+04  0.43436679951582E+04 -0.15912657561679E+04 -0.30815164059635E+04 -0.73969152109490E+03  0.33585234807317E+03  0.60372873340876E+03 -0.30571979190515E+04 -0.16000526149343E+04 -0.20557923749252E+04 -0.99121501388327E+03 -0.11095261549329E+04
  -0.31499151881570E+04  0.47001386468852E+02 -0.46002962546204E+02 -0.35891629112385E+04  0.28167777224899E+03 -0.10412606996443E+04 -0.53154590667786E+03 -0.10964980288412E+05 -0.26491004350112E+04  0.50904773146735E+03 -0.13921274391833E+03 -0.22797985045386E+03 -0.15489792238510E+02 -0.11850441027971E+01 -0.49840449081963E+04  0.57325556800071E+03 -0.45636719580123E+04 -0.25049631149207E+04 -0.43209290537398E+04  0.37083068872015E+01 -0.10653111381834E+02 -0.63625214593741E+01 -0.54152886133395E+01 -0.14937401685791E+02 -0.13813509816494E+03 -0.42534054399738E+01 -0.93666810800828E+01 -0.40789259362699E+02  0.58814812998176E+03  0.36734434916342E+03  0.29829050469562E+03 -0.12824235862211E+03 -0.48958179406897E+03  0.17426485162915E+03  0.33543823383307E+03  0.86573438805979E+02 -0.96448031514006E+02 -0.17105192089865E+03  0.50633479895304E+03  0.24492784575445E+03 -0.40730992153174E+03  0.28606123505187E+03  0.31971184485021E+03
   0.17510346307373E+05 -0.55948179778080E+03  0.42208085750660E+02  0.27484506179125E+05 -0.21113692281199E+04  0.77716702407436E+04  0.37941929953044E+04  0.93121911467760E+05  0.19507839425728E+05 -0.38528756537375E+04  0.11315746442491E+04  0.18900415595446E+04  0.11422706747123E+03  0.10796103024789E+02  0.40830667069514E+05 -0.45636719580123E+04  0.37358971870738E+05  0.20219608473140E+05  0.40521891673837E+05  0.23938408238987E+02  0.64933788804354E+02  0.26964574644957E+02 -0.77276652177058E+02 -0.23977155603518E+03  0.51695973947569E+03 -0.14304049036743E+02 -0.42057219328921E+02  0.17197390099227E+03 -0.31275551863723E+04 -0.20024242763386E+04 -0.28329612139774E+04  0.24065200946319E+04  0.53155398381164E+04 -0.14806654636384E+04 -0.28832610212605E+04 -0.69651255769521E+03  0.90886749156757E+02  0.18285010025544E+03 -0.30142393312375E+04 -0.16193283288283E+04  0.17441323674789E+04 -0.19699288565953E+04 -0.21737582542912E+04
   0.12173352643125E+05 -0.33048787828517E+03  0.12422832093833E+03  0.15255453400416E+05 -0.11718281672143E+04  0.44038162447053E+04  0.21702696516721E+04  0.50268704050969E+05  0.97658390296088E+04 -0.21890831809975E+04  0.61696627899353E+03  0.10804877888849E+04  0.70718359049082E+02  0.49721862721162E+01  0.21518598999669E+05 -0.25049631149207E+04  0.20219608473140E+05  0.11092847084371E+05  0.21414435103908E+05 -0.51130386668237E+01  0.41829946607117E+02  0.20302744844268E+02 -0.27860854121965E+02 -0.72099700908504E+02  0.41867985292994E+03 -0.37805760929303E+00 -0.90890994597944E+00  0.13488449262534E+03 -0.22163863789139E+04 -0.13840534843349E+04 -0.14261208611213E+04  0.10951260211908E+04  0.29032295059752E+04 -0.75623195836360E+03 -0.14724374508759E+04 -0.38666094968828E+03  0.14289370647700E+03  0.26740231092367E+03 -0.19707442259923E+04 -0.10130324736825E+04  0.17997763177964E+04 -0.13586808637046E+04 -0.15024866526716E+04
   0.69245170770495E+07 -0.23269597003962E+07  0.32390028001286E+06  0.14933180996934E+07 -0.32191698409610E+06  0.63983873711586E+04  0.13805039545357E+06  0.44075842827322E+06  0.90772478820225E+03 -0.40022545267628E+05  0.43538529394161E+04  0.50741669787906E+04  0.29741730369068E+03  0.38586367637417E+02  0.40364586864682E+05 -0.43209290537398E+04  0.40521891673837E+05  0.21414435103908E+05  0.19330725861730E+08 -0.15767449025406E+06 -0.81516102861372E+05 -0.43378479237376E+05 -0.40223029576921E+05 -0.44767796078738E+05 -0.31719019719436E+06 -0.19716654720269E+05 -0.23499712028806E+05 -0.10125468669280E+06 -0.28890243423352E+05 -0.65032259822497E+05  0.94429153833888E+03 -0.48298241085658E+06 -0.23905104326229E+07 -0.15277943364505E+05 -0.27121827970474E+05 -0.17240307431066E+03 -0.15672048384593E+06 -0.69679861717043E+06 -0.20231574947013E+05 -0.63862364879914E+04  0.15290511038465E+05 -0.17713777077001E+05 -0.55973677368870E+05
  -0.65140221702453E+05  0.17243547315556E+05 -0.29244318861825E+04 -0.20025639054895E+05  0.36060517520892E+04 -0.18165115984516E+04 -0.24717914866368E+04 -0.36146979650071E+05  0.91341003199900E+04  0.12329079578505E+04 -0.23503510048096E+03  0.29674661179477E+03  0.17409051164243E+02  0.18192330073363E+01  0.56953667498043E+02  0.37083068872015E+01  0.23938408238987E+02 -0.51130386668237E+01 -0.15767449025406E+06  0.29275568440551E+04  0.99961886904736E+03  0.44192944381736E+03  0.12497520752814E+03 -0.17756369264667E+03  0.26494473672132E+04  0.98270342901338E+02 -0.56282163597944E+02  0.12346871884337E+04  0.00000000000000E+00  0.25944620045205E+04  0.00000000000000E+00  0.00000000000000E+00  0.40978388245210E+05  0.00000000000000E+00  0.00000000000000E+00  0.00000000000000E+00  0.00000000000000E+00  0.61184677278607E+04  0.00000000000000E+00  0.00000000000000E+00  0.00000000000000E+00  0.00000000000000E+00  0.41802103561674E+04
  -0.28726941084505E+05  0.85720309447750E+04 -0.13172495477551E+04 -0.80017546842870E+04  0.15920412270659E+04 -0.37687872579179E+03 -0.88552542638399E+03 -0.70345495061208E+04  0.14105968880574E+04  0.33381215890714E+03 -0.50128098829318E+02  0.29719683722190E+02  0.26001575708433E+01 -0.27284947198045E-01  0.65643347123736E+02 -0.10653111381834E+02  0.64933788804354E+02  0.41829946607117E+02 -0.81516102861372E+05  0.99961886904736E+03  0.43833561087828E+03  0.21426238552391E+03  0.10314270051621E+03  0.45313801061331E+02  0.12274698416422E+04  0.73008578258069E+02  0.53770352147634E+02  0.54917180709189E+03  0.00000000000000E+00  0.67325232080811E+03  0.00000000000000E+00  0.00000000000000E+00  0.15454120324656E+05  0.00000000000000E+00  0.00000000000000E+00  0.00000000000000E+00  0.00000000000000E+00  0.31050557438349E+04  0.00000000000000E+00  0.00000000000000E+00  0.00000000000000E+00  0.00000000000000E+00  0.87190981283813E+03
  -0.13909779918063E+05  0.45146715070992E+04 -0.64507522533575E+03 -0.34578540951688E+04  0.73023870391624E+03 -0.40909831154266E+02 -0.33247837684884E+03 -0.18745267276236E+04  0.32143279971011E+03  0.10911067581371E+03 -0.13930198446496E+02  0.10030313735969E+01  0.22335541101539E+00 -0.21970602196610E-01  0.31077646661784E+02 -0.63625214593741E+01  0.26964574644957E+02  0.20302744844268E+02 -0.43378479237376E+05  0.44192944381736E+03  0.21426238552391E+03  0.11127540615470E+03  0.66411187111449E+02  0.56856864574651E+02  0.60776965816863E+03  0.44155774815319E+02  0.44800192311789E+02  0.26155866774779E+03  0.00000000000000E+00  0.19678365246586E+03  0.00000000000000E+00  0.00000000000000E+00  0.67450759521234E+04  0.00000000000000E+00  0.00000000000000E+00  0.00000000000000E+00  0.00000000000000E+00  0.16176079467807E+04  0.00000000000000E+00  0.00000000000000E+00  0.00000000000000E+00  0.00000000000000E+00  0.25990476818563E+03
  -0.14799266576367E+05  0.70566732263606E+04 -0.74825552114125E+03 -0.86040126396310E+03  0.36613385158065E+03  0.47442049197688E+03  0.12645139774241E+03  0.56162880747530E+04 -0.13136909066255E+04 -0.17323029877060E+03  0.38392636289302E+02  0.65157947789799E+02  0.77453887814396E+01 -0.22745310455936E-01 -0.22905625721279E+02 -0.54152886133395E+01 -0.77276652177058E+02 -0.27860854121965E+02 -0.40223029576921E+05  0.12497520752814E+03  0.10314270051621E+03  0.66411187111449E+02  0.27395276825116E+03  0.50017839207995E+03  0.11066960689905E+04  0.57121613848814E+02  0.90367456061477E+02  0.14502723808322E+03 -0.54288797019142E+02 -0.19746062110839E+02  0.17920022297382E+01  0.34234841259396E+03  0.22701743515099E+03  0.00000000000000E+00  0.00000000000000E+00  0.00000000000000E+00  0.22914951640595E+04  0.19623773420899E+04  0.00000000000000E+00  0.00000000000000E+00  0.00000000000000E+00 -0.42449654629387E+03 -0.24649835998199E+03
  -0.50289507803649E+04  0.74930711157211E+04 -0.45680126620140E+03  0.22557259661700E+04  0.11603525871211E+03  0.15272022205669E+04  0.78834992468247E+03  0.28155017952354E+05 -0.69201747196538E+04 -0.84739072300945E+03  0.18758788576316E+03  0.36756503657230E+03  0.37817196378182E+02 -0.41355849437452E-02 -0.11621902495773E+03 -0.14937401685791E+02 -0.23977155603518E+03 -0.72099700908504E+02 -0.44767796078738E+05 -0.17756369264667E+03  0.45313801061331E+02  0.56856864574651E+02  0.50017839207995E+03  0.13266924310064E+04  0.10140633950141E+04  0.10124359698710E+03  0.22046630067069E+03  0.84611596755006E+02 -0.17192563352774E+03 -0.70909172328953E+02 -0.57138585214390E+02 -0.74091991807099E+04 -0.69620070030682E+04  0.00000000000000E+00  0.00000000000000E+00  0.00000000000000E+00  0.32165898423957E+04  0.26594712557864E+04  0.00000000000000E+00  0.00000000000000E+00  0.00000000000000E+00 -0.23208845245615E+04 -0.13435093103380E+04
  -0.19310209262974E+06  0.57661423527576E+05 -0.89268856741291E+04 -0.29837544953761E+05  0.63467698252806E+04 -0.58986241008714E+03 -0.30677015412657E+04 -0.21263183418926E+05  0.34344969945746E+04  0.13137371941952E+04 -0.16026180817271E+03 -0.56663573297972E+02 -0.11342981797633E+02  0.62333384840112E-01  0.62313245759794E+03 -0.13813509816494E+03  0.51695973947569E+03  0.41867985292994E+03 -0.31719019719436E+06  0.26494473672132E+04  0.12274698416422E+04  0.60776965816863E+03  0.11066960689905E+04  0.10140633950141E+04  0.11947206405448E+05  0.31159583095305E+03  0.34578743163403E+03  0.21172757234778E+04  0.26599673071718E+03  0.87100600983218E+02 -0.77229953328298E+01  0.39551197546289E+05  0.42237342397719E+05  0.00000000000000E+00  0.00000000000000E+00  0.00000000000000E+00  0.16633501734815E+05  0.14322333225486E+05  0.00000000000000E+00  0.00000000000000E+00  0.00000000000000E+00  0.16492537871795E+04  0.10661186924764E+04
  -0.50584010744432E+04  0.19827231131867E+04 -0.24799529374262E+03 -0.81918683981975E+03  0.26210760234063E+03  0.20532871583326E+03  0.91261576031111E+00  0.19229584613583E+04 -0.50626475898182E+03 -0.43848467769742E+02  0.12483676136907E+02 -0.91958993991534E+01 -0.75137227140291E+00  0.19100720729791E-01  0.39999429701992E+01 -0.42534054399738E+01 -0.14304049036743E+02 -0.37805760929303E+00 -0.19716654720269E+05  0.98270342901338E+02  0.73008578258069E+02  0.44155774815319E+02  0.57121613848814E+02  0.10124359698710E+03  0.31159583095305E+03  0.38028214401750E+02  0.66130733229205E+02  0.12194219690844E+03  0.00000000000000E+00 -0.89784048465816E+01  0.00000000000000E+00  0.00000000000000E+00  0.77001940345951E+03  0.00000000000000E+00  0.00000000000000E+00  0.00000000000000E+00  0.00000000000000E+00  0.12943606818885E+04  0.00000000000000E+00  0.00000000000000E+00  0.00000000000000E+00  0.00000000000000E+00 -0.17028415434117E+03
  -0.41947312492947E+04  0.22191122301824E+04 -0.23488222120066E+03 -0.55745120433903E+02  0.26856586325798E+03  0.61182322752332E+03  0.19005598841719E+03  0.85858237897817E+04 -0.22727883927463E+04 -0.21962771263144E+03  0.55244966910547E+02 -0.48545522048743E+02 -0.33688322272032E+01  0.49394707055545E-01 -0.80413962980353E+01 -0.93666810800828E+01 -0.42057219328921E+02 -0.90890994597944E+00 -0.23499712028806E+05 -0.56282163597944E+02  0.53770352147634E+02  0.44800192311789E+02  0.90367456061477E+02  0.22046630067069E+03  0.34578743163403E+03  0.66130733229205E+02  0.15764142065403E+03  0.12446993689030E+03  0.00000000000000E+00 -0.31978658117405E+02  0.00000000000000E+00  0.00000000000000E+00 -0.21829898978808E+04  0.00000000000000E+00  0.00000000000000E+00  0.00000000000000E+00  0.00000000000000E+00  0.16608403449741E+04  0.00000000000000E+00  0.00000000000000E+00  0.00000000000000E+00  0.00000000000000E+00 -0.83091333969840E+03
  -0.39212279144736E+05  0.10818110858769E+05 -0.17979931485348E+04 -0.11180036514514E+05  0.23028201161507E+04 -0.43777714309018E+03 -0.12584712044624E+04 -0.74060836770863E+04  0.12683840898930E+04  0.42743838521479E+03 -0.55087446683134E+02 -0.18093035107206E+01  0.12683712682366E+00 -0.44490397251388E-01  0.19033069275150E+03 -0.40789259362699E+02  0.17197390099227E+03  0.13488449262534E+03 -0.10125468669280E+06  0.12346871884337E+04  0.54917180709189E+03  0.26155866774779E+03  0.14502723808322E+03  0.84611596755006E+02  0.21172757234778E+04  0.12194219690844E+03  0.12446993689030E+03  0.98504124850751E+03  0.00000000000000E+00  0.49659183670154E+02  0.00000000000000E+00  0.00000000000000E+00  0.20610216985506E+05  0.00000000000000E+00  0.00000000000000E+00  0.00000000000000E+00  0.00000000000000E+00  0.59497293984704E+04  0.00000000000000E+00  0.00000000000000E+00  0.00000000000000E+00  0.00000000000000E+00  0.59547250221702E+03
  -0.12780851935996E+06  0.16640441415505E+05 -0.53090515793699E+04 -0.12892459866739E+05  0.19630331830420E+04 -0.23589545779668E+04 -0.21860170812994E+04 -0.58714186017549E+05  0.10812421042926E+05  0.25871281247430E+04 -0.43513420258745E+03 -0.11025140702409E+04 -0.15889478774603E+03  0.74077010489990E-01 -0.29775529545991E+04  0.58814812998176E+03 -0.31275551863723E+04 -0.22163863789139E+04 -0.28890243423352E+05  0.00000000000000E+00  0.00000000000000E+00  0.00000000000000E+00 -0.54288797019142E+02 -0.17192563352774E+03  0.26599673071718E+03  0.00000000000000E+00  0.00000000000000E+00  0.00000000000000E+00  0.11693410766379E+06  0.00000000000000E+00  0.00000000000000E+00  0.00000000000000E+00  0.00000000000000E+00  0.00000000000000E+00  0.00000000000000E+00  0.00000000000000E+00  0.00000000000000E+00  0.00000000000000E+00  0.00000000000000E+00  0.00000000000000E+00  0.00000000000000E+00  0.00000000000000E+00  0.00000000000000E+00
  -0.54329601435529E+05  0.82796481645811E+04 -0.22722169719774E+04 -0.21478339048660E+05  0.33244502100626E+04 -0.36422475214800E+04 -0.34534612681737E+04 -0.47706227706051E+05  0.10418363849838E+05  0.18018708786698E+04 -0.33196349231993E+03  0.36842241260939E-01  0.81301205169505E-02 -0.64656518979392E-05 -0.19356204128034E+04  0.36734434916342E+03 -0.20024242763386E+04 -0.13840534843349E+04 -0.65032259822497E+05  0.25944620045205E+04  0.67325232080811E+03  0.19678365246586E+03 -0.19746062110839E+02 -0.70909172328953E+02  0.87100600983218E+02 -0.89784048465816E+01 -0.31978658117405E+02  0.49659183670154E+02  0.00000000000000E+00  0.64749599543630E+05  0.00000000000000E+00  0.00000000000000E+00  0.00000000000000E+00  0.00000000000000E+00  0.00000000000000E+00  0.00000000000000E+00  0.00000000000000E+00  0.00000000000000E+00  0.00000000000000E+00  0.00000000000000E+00  0.00000000000000E+00  0.00000000000000E+00  0.00000000000000E+00
  -0.43848217984947E+04 -0.24210233081095E+03  0.47540772714482E+02 -0.15663879965302E+03 -0.51731123806535E+02  0.10060799381366E+03  0.11208593534019E+03 -0.68493729511692E+05  0.24283816913362E+05  0.72214371059842E+03 -0.32917477023385E+03 -0.76872876476225E+03 -0.29075699135606E+02 -0.75570146846421E+01 -0.25085034931675E+04  0.29829050469562E+03 -0.28329612139774E+04 -0.14261208611213E+04  0.94429153833888E+03  0.00000000000000E+00  0.00000000000000E+00  0.00000000000000E+00  0.17920022297382E+01 -0.57138585214390E+02 -0.77229953328298E+01  0.00000000000000E+00  0.00000000000000E+00  0.00000000000000E+00  0.00000000000000E+00  0.00000000000000E+00  0.30782900715124E+05  0.00000000000000E+00  0.00000000000000E+00  0.00000000000000E+00  0.00000000000000E+00  0.00000000000000E+00  0.00000000000000E+00  0.00000000000000E+00  0.00000000000000E+00  0.00000000000000E+00  0.00000000000000E+00  0.00000000000000E+00  0.00000000000000E+00
  -0.84976272706248E+06  0.21152271852977E+06 -0.37384582978755E+05 -0.66406382744104E+05  0.11581552324238E+05 -0.72893719390578E+04 -0.88064591599371E+04 -0.27866302038614E+06  0.64437108725520E+05  0.10371911883981E+05 -0.18939481855814E+04 -0.50210008403100E+04 -0.57296925721625E+03 -0.12965301555614E+01  0.18860585770000E+04 -0.12824235862211E+03  0.24065200946319E+04  0.10951260211908E+04 -0.48298241085658E+06  0.00000000000000E+00  0.00000000000000E+00  0.00000000000000E+00  0.34234841259396E+03 -0.74091991807099E+04  0.39551197546289E+05  0.00000000000000E+00  0.00000000000000E+00  0.00000000000000E+00  0.00000000000000E+00  0.00000000000000E+00  0.00000000000000E+00  0.58505075748481E+06  0.00000000000000E+00  0.00000000000000E+00  0.00000000000000E+00  0.00000000000000E+00  0.00000000000000E+00  0.00000000000000E+00  0.00000000000000E+00  0.00000000000000E+00  0.00000000000000E+00  0.00000000000000E+00  0.00000000000000E+00
  -0.10987402456200E+07  0.26706497971660E+06 -0.48610638745728E+05 -0.34612320329419E+06  0.61912725995611E+05 -0.35095207409496E+05 -0.45990848351287E+05 -0.54935390841866E+06  0.12293633051838E+06  0.21620715290866E+05 -0.37798122591393E+04  0.11749093501855E+02  0.24216606864313E+01 -0.10074599220213E-03  0.43436679951582E+04 -0.48958179406897E+03  0.53155398381164E+04  0.29032295059752E+04 -0.23905104326229E+07  0.40978388245210E+05  0.15454120324656E+05  0.67450759521234E+04  0.22701743515099E+03 -0.69620070030682E+04  0.42237342397719E+05  0.77001940345951E+03 -0.21829898978808E+04  0.20610216985506E+05  0.00000000000000E+00  0.00000000000000E+00  0.00000000000000E+00  0.00000000000000E+00  0.92022137629574E+06  0.00000000000000E+00  0.00000000000000E+00  0.00000000000000E+00  0.00000000000000E+00  0.00000000000000E+00  0.00000000000000E+00  0.00000000000000E+00  0.00000000000000E+00  0.00000000000000E+00  0.00000000000000E+00
  -0.21013245855211E+05  0.59205021293699E+04 -0.96715944941436E+03 -0.13982228440818E+04  0.32651767713847E+03  0.27743872598807E+02 -0.13966986163272E+03 -0.74336556903097E+05  0.23376472296066E+05  0.14960400241164E+04 -0.42191064947315E+03 -0.25377664135085E+04 -0.15457398206790E+03 -0.48131709575990E+01 -0.15912657561679E+04  0.17426485162915E+03 -0.14806654636384E+04 -0.75623195836360E+03 -0.15277943364505E+05  0.00000000000000E+00  0.00000000000000E+00  0.00000000000000E+00  0.00000000000000E+00  0.00000000000000E+00  0.00000000000000E+00  0.00000000000000E+00  0.00000000000000E+00  0.00000000000000E+00  0.00000000000000E+00  0.00000000000000E+00  0.00000000000000E+00  0.00000000000000E+00  0.00000000000000E+00  0.15104540507743E+05  0.00000000000000E+00  0.00000000000000E+00  0.00000000000000E+00  0.00000000000000E+00  0.00000000000000E+00  0.00000000000000E+00  0.00000000000000E+00  0.00000000000000E+00  0.00000000000000E+00
  -0.47242809462050E+05  0.13460845728120E+05 -0.21834786359723E+04 -0.24479146219941E+04  0.55378401964574E+03  0.18799612354205E+02 -0.23843279834440E+03 -0.16620098793504E+06  0.52391249814097E+05  0.32765297396265E+04 -0.94307890015348E+03 -0.65307779193541E+02 -0.16774471684888E+02 -0.56561629975620E-04 -0.30815164059635E+04  0.33543823383307E+03 -0.28832610212605E+04 -0.14724374508759E+04 -0.27121827970474E+05  0.00000000000000E+00  0.00000000000000E+00  0.00000000000000E+00  0.00000000000000E+00  0.00000000000000E+00  0.00000000000000E+00  0.00000000000000E+00  0.00000000000000E+00  0.00000000000000E+00  0.00000000000000E+00  0.00000000000000E+00  0.00000000000000E+00  0.00000000000000E+00  0.00000000000000E+00  0.00000000000000E+00  0.32427768372476E+05  0.00000000000000E+00  0.00000000000000E+00  0.00000000000000E+00  0.00000000000000E+00  0.00000000000000E+00  0.00000000000000E+00  0.00000000000000E+00  0.00000000000000E+00
  -0.30749117152561E+04  0.41836104208932E+03 -0.11314960240840E+03 -0.68351379614962E+02  0.85382284185227E+01 -0.16026802579970E+02 -0.11396200685894E+02 -0.12929079051761E+04  0.16150965044767E+03  0.41072389543133E+02 -0.10174603736501E+02 -0.80793628941652E+02 -0.63286885974733E+01 -0.18066645797797E+00 -0.73969152109490E+03  0.86573438805979E+02 -0.69651255769521E+03 -0.38666094968828E+03 -0.17240307431066E+03  0.00000000000000E+00  0.00000000000000E+00  0.00000000000000E+00  0.00000000000000E+00  0.00000000000000E+00  0.00000000000000E+00  0.00000000000000E+00  0.00000000000000E+00  0.00000000000000E+00  0.00000000000000E+00  0.00000000000000E+00  0.00000000000000E+00  0.00000000000000E+00  0.00000000000000E+00  0.00000000000000E+00  0.00000000000000E+00  0.37752390577921E+04  0.00000000000000E+00  0.00000000000000E+00  0.00000000000000E+00  0.00000000000000E+00  0.00000000000000E+00  0.00000000000000E+00  0.00000000000000E+00
  -0.20110320171072E+06  0.64123065410518E+05 -0.94529272380896E+04 -0.11512885233108E+05  0.27995449322083E+04  0.44829643103981E+03 -0.86649088623253E+03 -0.50553638240079E+04  0.58909994670904E+03  0.48427066740847E+03 -0.39601001457737E+02 -0.15415868314026E+00 -0.10808716694626E+00 -0.31673284380462E-12  0.33585234807317E+03 -0.96448031514006E+02  0.90886749156757E+02  0.14289370647700E+03 -0.15672048384593E+06  0.00000000000000E+00  0.00000000000000E+00  0.00000000000000E+00  0.22914951640595E+04  0.32165898423957E+04  0.16633501734815E+05  0.00000000000000E+00  0.00000000000000E+00  0.00000000000000E+00  0.00000000000000E+00  0.00000000000000E+00  0.00000000000000E+00  0.00000000000000E+00  0.00000000000000E+00  0.00000000000000E+00  0.00000000000000E+00  0.00000000000000E+00  0.10660056463475E+06  0.00000000000000E+00  0.00000000000000E+00  0.00000000000000E+00  0.00000000000000E+00  0.00000000000000E+00  0.00000000000000E+00
