 Correlated errors added in quadrature with statistical errors
 jl00106F2p DIS data with   1.69< Q2 < 0.500D+03 and 0.000 < xB < 1.000 and   3.00< W2 < 0.100D+04 and 0.000 < y < 1.000
   GP TMC applied
   HT corrections, multiplicative C=C(xB)
 Correlated errors added in quadrature with statistical errors
 jl00106F2d DIS data with   1.69< Q2 < 0.500D+03 and 0.000 < xB < 1.000 and   3.00< W2 < 0.100D+04 and 0.000 < y < 1.000
   WBArel smearing  (AV18) - freepar off-shell nuke corrections
   GP TMC applied
   HT corrections, multiplicative C=C(xB)
 Correlated errors added in quadrature with statistical errors
 HerF2pCut  DIS data with   1.69< Q2 < 0.500D+03 and 0.000 < xB < 1.000 and   3.00< W2 < 0.100D+04 and 0.000 < y < 1.000
   GP TMC applied
   HT corrections, multiplicative C=C(xB)
 Correlated errors added in quadrature with statistical errors
 HerF2dCut  DIS data with   1.69< Q2 < 0.500D+03 and 0.000 < xB < 1.000 and   3.00< W2 < 0.100D+04 and 0.000 < y < 1.000
   WBArel smearing  (AV18) - freepar off-shell nuke corrections
   GP TMC applied
   HT corrections, multiplicative C=C(xB)
 Correlated errors added in quadrature with statistical errors
 slac_p     DIS data with   1.69< Q2 < 0.500D+03 and 0.000 < xB < 1.000 and   3.00< W2 < 0.100D+04 and 0.000 < y < 1.000
   GP TMC applied
   HT corrections, multiplicative C=C(xB)
 Correlated errors added in quadrature with statistical errors
 slac_d     DIS data with   1.69< Q2 < 0.500D+03 and 0.000 < xB < 1.000 and   3.00< W2 < 0.100D+04 and 0.000 < y < 1.000
   WBArel smearing  (AV18) - freepar off-shell nuke corrections
   GP TMC applied
   HT corrections, multiplicative C=C(xB)
 Correlated errors treated separately from statistical errors
 BcdF2pCor  DIS data with   1.69< Q2 < 0.500D+03 and 0.000 < xB < 1.000 and   3.00< W2 < 0.100D+04 and 0.000 < y < 1.000
   GP TMC applied
   HT corrections, multiplicative C=C(xB)
 Correlated errors treated separately from statistical errors
 BcdF2dCor  DIS data with   1.69< Q2 < 0.500D+03 and 0.000 < xB < 1.000 and   3.00< W2 < 0.100D+04 and 0.000 < y < 1.000
   WBArel smearing  (AV18) - freepar off-shell nuke corrections
   GP TMC applied
   HT corrections, multiplicative C=C(xB)
 Correlated errors treated separately from statistical errors
 NmcF2pCor  DIS data with   1.69< Q2 < 0.500D+03 and 0.000 < xB < 1.000 and   3.00< W2 < 0.100D+04 and 0.000 < y < 1.000
   GP TMC applied
   HT corrections, multiplicative C=C(xB)
 Correlated errors treated separately from statistical errors
 NmcRatCor  DIS data with   1.69< Q2 < 0.500D+03 and 0.000 < xB < 1.000 and   3.00< W2 < 0.100D+04 and 0.000 < y < 1.000
   WBArel smearing  (AV18) - freepar off-shell nuke corrections
   GP TMC applied
   HT corrections, multiplicative C=C(xB)
 Correlated errors treated separately from statistical errors
 H2_NC_em   DIS data with   1.69< Q2 < 0.100D+06 and 0.000 < xB < 1.000 and   3.00< W2 < 0.100D+08 and 0.000 < y < 1.000
   GP TMC applied
   HT corrections, multiplicative C=C(xB)
 Correlated errors treated separately from statistical errors
 H2_NC_ep_1 DIS data with   1.69< Q2 < 0.100D+06 and 0.000 < xB < 1.000 and   3.00< W2 < 0.100D+08 and 0.000 < y < 1.000
   GP TMC applied
   HT corrections, multiplicative C=C(xB)
 Correlated errors treated separately from statistical errors
 H2_NC_ep_2 DIS data with   1.69< Q2 < 0.100D+06 and 0.000 < xB < 1.000 and   3.00< W2 < 0.100D+08 and 0.000 < y < 1.000
   GP TMC applied
   HT corrections, multiplicative C=C(xB)
 Correlated errors treated separately from statistical errors
 H2_NC_ep_3 DIS data with   1.69< Q2 < 0.100D+06 and 0.000 < xB < 1.000 and   3.00< W2 < 0.100D+08 and 0.000 < y < 1.000
   GP TMC applied
   HT corrections, multiplicative C=C(xB)
 Correlated errors treated separately from statistical errors
 H2_NC_ep_4 DIS data with   1.69< Q2 < 0.100D+06 and 0.000 < xB < 1.000 and   3.00< W2 < 0.100D+08 and 0.000 < y < 1.000
   GP TMC applied
   HT corrections, multiplicative C=C(xB)
 Correlated errors treated separately from statistical errors
 H2_CC_em   DIS data with   1.69< Q2 < 0.100D+06 and 0.000 < xB < 1.000 and   3.00< W2 < 0.100D+08 and 0.000 < y < 1.000
   GP TMC applied
   HT corrections, multiplicative C=C(xB)
 Correlated errors treated separately from statistical errors
 H2_CC_ep   DIS data with   1.69< Q2 < 0.100D+06 and 0.000 < xB < 1.000 and   3.00< W2 < 0.100D+08 and 0.000 < y < 1.000
   GP TMC applied
   HT corrections, multiplicative C=C(xB)
 Correlated errors added in quadrature with statistical errors
 e866pp06xf vector boson data with Q2 >=  36.00
 Correlated errors added in quadrature with statistical errors
 e866pd06xf vector boson data with Q2 >=  36.00
 Correlated errors added in quadrature with statistical errors
 cdfLasy05  vector boson data with Q2 >=   0.00
 Correlated errors added in quadrature with statistical errors
 d0Lasy_e15 vector boson data with Q2 >=   0.00
 Correlated errors added in quadrature with statistical errors
 d0Lasy13   vector boson data with Q2 >=   0.00
 Correlated errors added in quadrature with statistical errors
 CDF_Z      vector boson data with Q2 >=   0.00
 Correlated errors added in quadrature with statistical errors
 D0_Z       vector boson data with Q2 >=   0.00
 Correlated errors added in quadrature with statistical errors
 d0run2coneJet data - errors added in quadrature
 Correlated errors added in quadrature with statistical errors
 CDFrun2jetJet data - errors added in quadrature
 Correlated errors added in quadrature with statistical errors
 d0_gamjet1 Photon data -- cuts to be written yet ...
 Correlated errors added in quadrature with statistical errors
 d0_gamjet2 Photon data -- cuts to be written yet ...
 Correlated errors added in quadrature with statistical errors
 d0_gamjet3 Photon data -- cuts to be written yet ...
 Correlated errors added in quadrature with statistical errors
 d0_gamjet4 Photon data -- cuts to be written yet ...

# fitpack15: fit output
# CJ15 AV18 final data choices                                                 

Parametrization  -7 used here

 S-ACOT scheme used  for NC DIS

 charm mass =     1.30 GeV     bottom mass =     4.50 GeV



 THIS IS A NEXT TO LEADING ORDER FIT

 Q02=    1.69
         1  LAMBDA      VALUE=   0.22680      WEIGHT=    0.0000    
         2  a0uv        VALUE=    2.4067      WEIGHT=    0.0000    
         3  a1uv        VALUE=   0.61537      WEIGHT=   0.19856E-01
         4  a2uv        VALUE=    3.5433      WEIGHT=   0.12414E-01
         5  a3uv        VALUE=    0.0000      WEIGHT=    0.0000    
         6  a4uv        VALUE=    3.4609      WEIGHT=   0.42903    
         7  a5uv        VALUE=    0.0000      WEIGHT=    0.0000    
         8  a0dv        VALUE=    25.132      WEIGHT=    0.0000    
         9  a1dv        VALUE=    1.1595      WEIGHT=   0.33533E-01
        10  a2dv        VALUE=    6.5514      WEIGHT=   0.15936    
        11  a3dv        VALUE=   -3.5030      WEIGHT=   0.86332E-01
        12  a4dv        VALUE=    4.6787      WEIGHT=   0.14209    
        13  a5dv        VALUE=    0.0000      WEIGHT=    0.0000    
        14  a0ud        VALUE=   0.14658      WEIGHT=   0.50348E-02
        15  a1ud        VALUE=  -0.20775      WEIGHT=   0.37551E-02
        16  a2ud        VALUE=    8.3286      WEIGHT=   0.19114    
        17  a3ud        VALUE=    0.0000      WEIGHT=    0.0000    
        18  a4ud        VALUE=    14.606      WEIGHT=    1.2151    
        19  a5ud        VALUE=    0.0000      WEIGHT=    0.0000    
        20  a0du        VALUE=    35712.      WEIGHT=    0.0000    
        21  a1du        VALUE=    4.0249      WEIGHT=   0.74070E-01
        22  a2du        VALUE=    20.154      WEIGHT=   0.87862    
        23  a3du        VALUE=    17.000      WEIGHT=    0.0000    
        24  a4du        VALUE=    51.156      WEIGHT=    10.239    
        25  a0g         VALUE=    46.119      WEIGHT=    0.0000    
        26  a1g         VALUE=   0.60307      WEIGHT=   0.31164E-01
        27  a2g         VALUE=    6.4812      WEIGHT=   0.96748    
        28  a3g         VALUE=   -3.3064      WEIGHT=   0.13418    
        29  a4g         VALUE=    3.1721      WEIGHT=   0.31376    
        30  a5g         VALUE=    0.0000      WEIGHT=    0.0000    
        31  kappa       VALUE=   0.40000      WEIGHT=    0.0000    
        32  a6dv        VALUE=  -0.36005E-02  WEIGHT=   0.66324E-03
        33  a7dv        VALUE=    2.0000      WEIGHT=    0.0000    
        34  off1        VALUE=   -3.5009      WEIGHT=    1.4769    
        35  off2        VALUE=   0.56166E-01  WEIGHT=   0.58667E-01
        36  off3        VALUE=   0.35901      WEIGHT=   0.10000    
        37  ht1         VALUE=   -3.2874      WEIGHT=   0.26061    
        38  ht2         VALUE=    1.9274      WEIGHT=   0.10524    
        39  ht3         VALUE=   -2.0701      WEIGHT=   0.19888E-01
        40  ht4         VALUE=    0.0000      WEIGHT=    0.0000    
        41  dummy41     VALUE=    0.0000      WEIGHT=    0.0000    
        42  dummy42     VALUE=    0.0000      WEIGHT=    0.0000    
        43  dummy43     VALUE=    0.0000      WEIGHT=    0.0000    
        44  dummy44     VALUE=    0.0000      WEIGHT=    0.0000    
        45  dummy45     VALUE=    0.0000      WEIGHT=    0.0000    
        46  dummy46     VALUE=    0.0000      WEIGHT=    0.0000    
        47  dummy47     VALUE=    0.0000      WEIGHT=    0.0000    
        48  dummy48     VALUE=    0.0000      WEIGHT=    0.0000    
        49  dummy49     VALUE=    0.0000      WEIGHT=    0.0000    
        50  bcdmsh2     VALUE=   0.97307      WEIGHT=   0.48289E-02
        51  bcdmsd2     VALUE=   0.99317      WEIGHT=   0.58269E-02
        52  ccfr        VALUE=    1.0000      WEIGHT=    0.0000    
        53  nutev       VALUE=    1.0000      WEIGHT=    0.0000    
        54  zeus        VALUE=   0.97998      WEIGHT=    0.0000    
        55  h1          VALUE=    1.0162      WEIGHT=    0.0000    
        56  e605        VALUE=    1.0319      WEIGHT=    0.0000    
        57  NmcH2       VALUE=    1.0095      WEIGHT=   0.71247E-02
        58  ntv_nu      VALUE=    1.0000      WEIGHT=    0.0000    
        59  ntv_nuba    VALUE=    1.0000      WEIGHT=    0.0000    
        60  cdf_jet     VALUE=   0.98910      WEIGHT=    0.0000    
        61  d0_jet      VALUE=   0.83504      WEIGHT=    0.0000    
        62  slac_p      VALUE=    1.0049      WEIGHT=   0.48124E-02
        63  slac_d      VALUE=    1.0042      WEIGHT=   0.52781E-02
        64  e866pp      VALUE=   0.96586      WEIGHT=   0.19263E-01
        65  e866pd      VALUE=   0.96369      WEIGHT=   0.15783E-01
        66  d0_gamje    VALUE=    1.0389      WEIGHT=   0.16474E-01
        67  h1b         VALUE=   0.97608      WEIGHT=    0.0000    
        68  jlab_p      VALUE=   0.99446      WEIGHT=   0.57943E-02
        69  jlab_d      VALUE=   0.97557      WEIGHT=   0.59019E-02
        70  blank       VALUE=    1.0000      WEIGHT=    0.0000    
        71  d0run2      VALUE=   0.94087      WEIGHT=   0.14167E-01
        72  cdfrun2     VALUE=   0.92649      WEIGHT=   0.17233E-01
        73  HERA_el     VALUE=    1.0000      WEIGHT=    0.0000    
        74  HERA_ps     VALUE=    1.0000      WEIGHT=    0.0000    
        75  CDF_Z       VALUE=   0.96581      WEIGHT=   0.64944E-02
        76  NmcRat      VALUE=    1.0000      WEIGHT=    0.0000    
        77  BNS_F2nd    VALUE=    0.0000      WEIGHT=    0.0000    
        78  HERMES_F    VALUE=   0.99832      WEIGHT=   0.55693E-02
        79  HERMES_F    VALUE=   0.98039      WEIGHT=   0.58259E-02
0THE TOLERANCE IS    0.1000
 THE MAXIMUM NUMBER OF STEPS IS 100
0THE INITIAL CHI SQUARED IS  3.01967E+04
0  STEP  CHI SQUARED    PARAMETER      VALUE         ERROR
 ------------------------------------------------------------
     1    4.51089E+03
                       1  LAMBDA     2.2680E-01       FIX 
                       2  a0uv       2.4283E+00       FIX 
                       3  a1uv       6.1817E-01           
                       4  a2uv       3.5522E+00           
                       5  a3uv       0.0000E+00       FIX 
                       6  a4uv       3.4620E+00           
                       7  a5uv       0.0000E+00       FIX 
                       8  a0dv       2.1167E+01       FIX 
                       9  a1dv       1.1122E+00           
                      10  a2dv       6.4917E+00           
                      11  a3dv      -3.5220E+00           
                      12  a4dv       4.8200E+00           
                      13  a5dv       0.0000E+00       FIX 
                      14  a0ud       1.4557E-01           
                      15  a1ud      -2.0841E-01           
                      16  a2ud       8.4835E+00           
                      17  a3ud       0.0000E+00       FIX 
                      18  a4ud       1.4732E+01           
                      19  a5ud       0.0000E+00       FIX 
                      20  a0du       3.5712E+04       FIX 
                      21  a1du       4.0487E+00           
                      22  a2du       2.0478E+01           
                      23  a3du       1.7000E+01       FIX 
                      24  a4du       5.6837E+01           
                      25  a0g        4.6466E+01       FIX 
                      26  a1g        6.0384E-01           
                      27  a2g        6.1908E+00           
                      28  a3g       -3.4037E+00           
                      29  a4g        3.3209E+00           
                      30  a5g        0.0000E+00       FIX 
                      31  kappa      4.0000E-01       FIX 
                      32  a6dv       1.2484E-03           
                      33  a7dv       2.0000E+00       FIX 
                      34  off1      -1.4607E-01           
                      35  off2      -1.5072E-01           
                      36  off3      -3.9874E-01           
                      37  ht1       -3.3871E+00           
                      38  ht2        1.9476E+00           
                      39  ht3       -2.0995E+00           
                      40  ht4        0.0000E+00       FIX 
                      41  dummy41    0.0000E+00       FIX 
                      42  dummy42    0.0000E+00       FIX 
                      43  dummy43    0.0000E+00       FIX 
                      44  dummy44    0.0000E+00       FIX 
                      45  dummy45    0.0000E+00       FIX 
                      46  dummy46    0.0000E+00       FIX 
                      47  dummy47    0.0000E+00       FIX 
                      48  dummy48    0.0000E+00       FIX 
                      49  dummy49    0.0000E+00       FIX 
                      50  bcdmsh2    9.7144E-01           
                      51  bcdmsd2    9.9406E-01           
                      52  ccfr       1.0000E+00       FIX 
                      53  nutev      1.0000E+00       FIX 
                      54  zeus       9.7998E-01       FIX 
                      55  h1         1.0162E+00       FIX 
                      56  e605       1.0319E+00       FIX 
                      57  NmcH2      1.0083E+00           
                      58  ntv_nu     1.0000E+00       FIX 
                      59  ntv_nuba   1.0000E+00       FIX 
                      60  cdf_jet    9.8910E-01       FIX 
                      61  d0_jet     8.3504E-01       FIX 
                      62  slac_p     1.0027E+00           
                      63  slac_d     1.0046E+00           
                      64  e866pp     9.5751E-01           
                      65  e866pd     9.4725E-01           
                      66  d0_gamje   1.0428E+00           
                      67  h1b        9.7608E-01       FIX 
                      68  jlab_p     9.9527E-01           
                      69  jlab_d     9.7729E-01           
                      70  blank      1.0000E+00       FIX 
                      71  d0run2     9.4526E-01           
                      72  cdfrun2    9.3236E-01           
                      73  HERA_el    1.0000E+00       FIX 
                      74  HERA_ps    1.0000E+00       FIX 
                      75  CDF_Z      9.5222E-01           
                      76  NmcRat     1.0000E+00       FIX 
                      77  BNS_F2nd   0.0000E+00       FIX 
                      78  HERMES_F   9.9601E-01           
                      79  HERMES_F   9.8009E-01           
 ------------------------------------------------------------
     2    4.46405E+03
                       1  LAMBDA     2.2680E-01       FIX 
                       2  a0uv       2.4081E+00       FIX 
                       3  a1uv       6.1563E-01           
                       4  a2uv       3.5514E+00           
                       5  a3uv       0.0000E+00       FIX 
                       6  a4uv       3.4806E+00           
                       7  a5uv       0.0000E+00       FIX 
                       8  a0dv       2.1058E+01       FIX 
                       9  a1dv       1.1097E+00           
                      10  a2dv       6.5548E+00           
                      11  a3dv      -3.5588E+00           
                      12  a4dv       4.9293E+00           
                      13  a5dv       0.0000E+00       FIX 
                      14  a0ud       1.4464E-01           
                      15  a1ud      -2.0913E-01           
                      16  a2ud       8.6025E+00           
                      17  a3ud       0.0000E+00       FIX 
                      18  a4ud       1.5485E+01           
                      19  a5ud       0.0000E+00       FIX 
                      20  a0du       3.5712E+04       FIX 
                      21  a1du       3.9777E+00           
                      22  a2du       2.0675E+01           
                      23  a3du       1.7000E+01       FIX 
                      24  a4du       4.1816E+01           
                      25  a0g        4.8507E+01       FIX 
                      26  a1g        6.1399E-01           
                      27  a2g        6.2519E+00           
                      28  a3g       -3.4278E+00           
                      29  a4g        3.3592E+00           
                      30  a5g        0.0000E+00       FIX 
                      31  kappa      4.0000E-01       FIX 
                      32  a6dv       3.1976E-03           
                      33  a7dv       2.0000E+00       FIX 
                      34  off1       1.9640E-02           
                      35  off2      -6.9813E-01           
                      36  off3      -1.0992E-01           
                      37  ht1       -3.2713E+00           
                      38  ht2        1.8973E+00           
                      39  ht3       -2.1087E+00           
                      40  ht4        0.0000E+00       FIX 
                      41  dummy41    0.0000E+00       FIX 
                      42  dummy42    0.0000E+00       FIX 
                      43  dummy43    0.0000E+00       FIX 
                      44  dummy44    0.0000E+00       FIX 
                      45  dummy45    0.0000E+00       FIX 
                      46  dummy46    0.0000E+00       FIX 
                      47  dummy47    0.0000E+00       FIX 
                      48  dummy48    0.0000E+00       FIX 
                      49  dummy49    0.0000E+00       FIX 
                      50  bcdmsh2    9.7003E-01           
                      51  bcdmsd2    9.9300E-01           
                      52  ccfr       1.0000E+00       FIX 
                      53  nutev      1.0000E+00       FIX 
                      54  zeus       9.7998E-01       FIX 
                      55  h1         1.0162E+00       FIX 
                      56  e605       1.0319E+00       FIX 
                      57  NmcH2      1.0072E+00           
                      58  ntv_nu     1.0000E+00       FIX 
                      59  ntv_nuba   1.0000E+00       FIX 
                      60  cdf_jet    9.8910E-01       FIX 
                      61  d0_jet     8.3504E-01       FIX 
                      62  slac_p     1.0008E+00           
                      63  slac_d     1.0031E+00           
                      64  e866pp     9.5086E-01           
                      65  e866pd     9.5270E-01           
                      66  d0_gamje   1.0412E+00           
                      67  h1b        9.7608E-01       FIX 
                      68  jlab_p     9.9356E-01           
                      69  jlab_d     9.7594E-01           
                      70  blank      1.0000E+00       FIX 
                      71  d0run2     9.4962E-01           
                      72  cdfrun2    9.3518E-01           
                      73  HERA_el    1.0000E+00       FIX 
                      74  HERA_ps    1.0000E+00       FIX 
                      75  CDF_Z      9.5352E-01           
                      76  NmcRat     1.0000E+00       FIX 
                      77  BNS_F2nd   0.0000E+00       FIX 
                      78  HERMES_F   9.9458E-01           
                      79  HERMES_F   9.7905E-01           
 ------------------------------------------------------------
     3    4.46027E+03
                       1  LAMBDA     2.2680E-01       FIX 
                       2  a0uv       2.4138E+00       FIX 
                       3  a1uv       6.1623E-01           
                       4  a2uv       3.5525E+00           
                       5  a3uv       0.0000E+00       FIX 
                       6  a4uv       3.4741E+00           
                       7  a5uv       0.0000E+00       FIX 
                       8  a0dv       2.1145E+01       FIX 
                       9  a1dv       1.1101E+00           
                      10  a2dv       6.5624E+00           
                      11  a3dv      -3.5633E+00           
                      12  a4dv       4.9319E+00           
                      13  a5dv       0.0000E+00       FIX 
                      14  a0ud       1.4430E-01           
                      15  a1ud      -2.0932E-01           
                      16  a2ud       8.5934E+00           
                      17  a3ud       0.0000E+00       FIX 
                      18  a4ud       1.5471E+01           
                      19  a5ud       0.0000E+00       FIX 
                      20  a0du       3.5712E+04       FIX 
                      21  a1du       4.0092E+00           
                      22  a2du       2.0472E+01           
                      23  a3du       1.7000E+01       FIX 
                      24  a4du       4.8767E+01           
                      25  a0g        4.7781E+01       FIX 
                      26  a1g        6.1063E-01           
                      27  a2g        6.2045E+00           
                      28  a3g       -3.4256E+00           
                      29  a4g        3.3537E+00           
                      30  a5g        0.0000E+00       FIX 
                      31  kappa      4.0000E-01       FIX 
                      32  a6dv       3.3744E-03           
                      33  a7dv       2.0000E+00       FIX 
                      34  off1      -6.3428E-03           
                      35  off2      -6.1278E-01           
                      36  off3      -1.4398E-01           
                      37  ht1       -3.2740E+00           
                      38  ht2        1.9004E+00           
                      39  ht3       -2.1095E+00           
                      40  ht4        0.0000E+00       FIX 
                      41  dummy41    0.0000E+00       FIX 
                      42  dummy42    0.0000E+00       FIX 
                      43  dummy43    0.0000E+00       FIX 
                      44  dummy44    0.0000E+00       FIX 
                      45  dummy45    0.0000E+00       FIX 
                      46  dummy46    0.0000E+00       FIX 
                      47  dummy47    0.0000E+00       FIX 
                      48  dummy48    0.0000E+00       FIX 
                      49  dummy49    0.0000E+00       FIX 
                      50  bcdmsh2    9.7007E-01           
                      51  bcdmsd2    9.9305E-01           
                      52  ccfr       1.0000E+00       FIX 
                      53  nutev      1.0000E+00       FIX 
                      54  zeus       9.7998E-01       FIX 
                      55  h1         1.0162E+00       FIX 
                      56  e605       1.0319E+00       FIX 
                      57  NmcH2      1.0074E+00           
                      58  ntv_nu     1.0000E+00       FIX 
                      59  ntv_nuba   1.0000E+00       FIX 
                      60  cdf_jet    9.8910E-01       FIX 
                      61  d0_jet     8.3504E-01       FIX 
                      62  slac_p     1.0008E+00           
                      63  slac_d     1.0029E+00           
                      64  e866pp     9.5129E-01           
                      65  e866pd     9.5116E-01           
                      66  d0_gamje   1.0415E+00           
                      67  h1b        9.7608E-01       FIX 
                      68  jlab_p     9.9357E-01           
                      69  jlab_d     9.7574E-01           
                      70  blank      1.0000E+00       FIX 
                      71  d0run2     9.5018E-01           
                      72  cdfrun2    9.3561E-01           
                      73  HERA_el    1.0000E+00       FIX 
                      74  HERA_ps    1.0000E+00       FIX 
                      75  CDF_Z      9.5291E-01           
                      76  NmcRat     1.0000E+00       FIX 
                      77  BNS_F2nd   0.0000E+00       FIX 
                      78  HERMES_F   9.9454E-01           
                      79  HERMES_F   9.7892E-01           
 ------------------------------------------------------------
     4    4.46025E+03
                       1  LAMBDA     2.2680E-01    0.0000E+00
                       2  a0uv       2.4117E+00    0.0000E+00
                       3  a1uv       6.1601E-01    2.5547E-02
                       4  a2uv       3.5522E+00    1.6464E-02
                       5  a3uv       0.0000E+00    0.0000E+00
                       6  a4uv       3.4764E+00    5.7287E-01
                       7  a5uv       0.0000E+00    0.0000E+00
                       8  a0dv       2.1027E+01    0.0000E+00
                       9  a1dv       1.1090E+00    4.4005E-02
                      10  a2dv       6.5577E+00    2.2930E-01
                      11  a3dv      -3.5613E+00    1.0792E-01
                      12  a4dv       4.9342E+00    1.9271E-01
                      13  a5dv       0.0000E+00    0.0000E+00
                      14  a0ud       1.4433E-01    5.3919E-03
                      15  a1ud      -2.0931E-01    4.0162E-03
                      16  a2ud       8.5998E+00    2.1843E-01
                      17  a3ud       0.0000E+00    0.0000E+00
                      18  a4ud       1.5519E+01    1.5267E+00
                      19  a5ud       0.0000E+00    0.0000E+00
                      20  a0du       3.5712E+04    0.0000E+00
                      21  a1du       3.9993E+00    8.0427E-02
                      22  a2du       2.0523E+01    1.0224E+00
                      23  a3du       1.7000E+01    0.0000E+00
                      24  a4du       4.6930E+01    1.0968E+01
                      25  a0g        4.7888E+01    0.0000E+00
                      26  a1g        6.1133E-01    3.1248E-02
                      27  a2g        6.2102E+00    8.5782E-01
                      28  a3g       -3.4232E+00    1.2585E-01
                      29  a4g        3.3484E+00    3.0007E-01
                      30  a5g        0.0000E+00    0.0000E+00
                      31  kappa      4.0000E-01    0.0000E+00
                      32  a6dv       3.3617E-03    2.5503E-03
                      33  a7dv       2.0000E+00    0.0000E+00
                      34  off1       6.2963E-03    1.2076E-01
                      35  off2      -6.5390E-01    8.6620E-01
                      36  off3      -1.1657E-01    1.6504E+00
                      37  ht1       -3.2701E+00    2.7403E-01
                      38  ht2        1.8980E+00    1.1486E-01
                      39  ht3       -2.1096E+00    2.9335E-02
                      40  ht4        0.0000E+00    0.0000E+00
                      41  dummy41    0.0000E+00    0.0000E+00
                      42  dummy42    0.0000E+00    0.0000E+00
                      43  dummy43    0.0000E+00    0.0000E+00
                      44  dummy44    0.0000E+00    0.0000E+00
                      45  dummy45    0.0000E+00    0.0000E+00
                      46  dummy46    0.0000E+00    0.0000E+00
                      47  dummy47    0.0000E+00    0.0000E+00
                      48  dummy48    0.0000E+00    0.0000E+00
                      49  dummy49    0.0000E+00    0.0000E+00
                      50  bcdmsh2    9.7002E-01    4.8844E-03
                      51  bcdmsd2    9.9299E-01    5.8722E-03
                      52  ccfr       1.0000E+00    0.0000E+00
                      53  nutev      1.0000E+00    0.0000E+00
                      54  zeus       9.7998E-01    0.0000E+00
                      55  h1         1.0162E+00    0.0000E+00
                      56  e605       1.0319E+00    0.0000E+00
                      57  NmcH2      1.0073E+00    7.1488E-03
                      58  ntv_nu     1.0000E+00    0.0000E+00
                      59  ntv_nuba   1.0000E+00    0.0000E+00
                      60  cdf_jet    9.8910E-01    0.0000E+00
                      61  d0_jet     8.3504E-01    0.0000E+00
                      62  slac_p     1.0008E+00    4.9042E-03
                      63  slac_d     1.0029E+00    5.3447E-03
                      64  e866pp     9.5094E-01    2.1913E-02
                      65  e866pd     9.5199E-01    1.9253E-02
                      66  d0_gamje   1.0413E+00    1.6584E-02
                      67  h1b        9.7608E-01    0.0000E+00
                      68  jlab_p     9.9352E-01    5.9039E-03
                      69  jlab_d     9.7572E-01    6.0172E-03
                      70  blank      1.0000E+00    0.0000E+00
                      71  d0run2     9.5012E-01    1.5003E-02
                      72  cdfrun2    9.3553E-01    1.7646E-02
                      73  HERA_el    1.0000E+00    0.0000E+00
                      74  HERA_ps    1.0000E+00    0.0000E+00
                      75  CDF_Z      9.5318E-01    6.8200E-03
                      76  NmcRat     1.0000E+00    0.0000E+00
                      77  BNS_F2nd   0.0000E+00    0.0000E+00
                      78  HERMES_F   9.9450E-01    5.6347E-03
                      79  HERMES_F   9.7890E-01    5.8681E-03
0 MINIMIZATION TERMINATED WITH STEP  4
  TOLERANCE CRITERION      SATISFIED
0 CHI SQUARED PER DEGREE OF FREEDOM IS  1.041E+00
   1.000 -0.447 -0.983  0.393  0.046  0.065 -0.478  0.538  0.481 -0.459 -0.618 -0.156 -0.430 -0.063  0.220  0.042 -0.024 -0.028 -0.027 -0.053  0.052  0.022  0.108 -0.244  0.013  0.221  0.185  0.085  0.185  0.179 -0.562 -0.323  0.085  0.080  0.155 -0.075 -0.082  0.407  0.173  0.158
  -0.447  1.000  0.577  0.288  0.520 -0.255  0.201 -0.163 -0.159  0.307  0.192  0.362  0.184  0.304  0.051  0.183 -0.013  0.123  0.542 -0.079 -0.288  0.396 -0.330  0.232  0.146  0.104  0.070  0.035  0.036  0.020  0.312 -0.050  0.022  0.126  0.064 -0.009  0.001 -0.187  0.053  0.037
  -0.983  0.577  1.000 -0.307  0.037 -0.089  0.467 -0.510 -0.462  0.497  0.616  0.205  0.442  0.120 -0.180  0.015  0.032  0.044  0.077  0.026 -0.073  0.014 -0.163  0.268  0.047 -0.116 -0.107 -0.032 -0.080 -0.091  0.613  0.332 -0.067  0.015 -0.078  0.034  0.050 -0.353 -0.081 -0.077
   0.393  0.288 -0.307  1.000  0.832 -0.608 -0.174  0.258  0.206 -0.288 -0.412  0.350 -0.266  0.311  0.412  0.292 -0.281  0.301  0.415 -0.154 -0.209  0.398 -0.122  0.018  0.104  0.223  0.189  0.088  0.193  0.140 -0.118 -0.326  0.081  0.141  0.071  0.017 -0.011  0.119  0.193  0.150
   0.046  0.520  0.037  0.832  1.000 -0.806  0.304  0.001 -0.022  0.035 -0.066  0.258 -0.006  0.295  0.281  0.230 -0.272  0.289  0.664 -0.040 -0.364  0.544  0.019 -0.121 -0.019  0.113  0.109  0.082  0.056  0.005  0.051 -0.188  0.042  0.068 -0.081  0.071  0.026 -0.006  0.075  0.046
   0.065 -0.255 -0.089 -0.608 -0.806  1.000 -0.627  0.225  0.223 -0.091 -0.199  0.016  0.002 -0.180 -0.198 -0.230  0.257 -0.288 -0.389 -0.015  0.083 -0.209  0.064  0.023 -0.051 -0.047 -0.052 -0.131 -0.018  0.008 -0.097 -0.090  0.022 -0.021  0.095 -0.035 -0.008 -0.064 -0.065 -0.048
  -0.478  0.201  0.467 -0.174  0.304 -0.627  1.000 -0.494 -0.448  0.565  0.698 -0.326  0.364 -0.095 -0.145  0.007 -0.022  0.042  0.161  0.199  0.008 -0.051  0.068 -0.117 -0.028 -0.056 -0.045  0.113 -0.074 -0.077  0.294  0.424 -0.084 -0.014 -0.144 -0.011 -0.011  0.015 -0.038 -0.027
   0.538 -0.163 -0.510  0.258  0.001  0.225 -0.494  1.000  0.971 -0.491 -0.809  0.106 -0.281 -0.059 -0.002 -0.027  0.146 -0.121  0.027 -0.019 -0.061  0.104 -0.016 -0.044  0.041  0.208  0.172  0.115  0.188  0.172 -0.225 -0.197  0.099  0.113  0.159  0.026  0.014  0.305  0.175  0.151
   0.481 -0.159 -0.462  0.206 -0.022  0.223 -0.448  0.971  1.000 -0.442 -0.758  0.083 -0.250 -0.066 -0.109 -0.091  0.187 -0.170  0.019 -0.012 -0.057  0.092 -0.010 -0.042  0.022  0.162  0.134  0.096  0.137  0.126 -0.222 -0.192  0.087  0.076  0.121  0.042  0.025  0.250  0.129  0.110
  -0.459  0.307  0.497 -0.288  0.035 -0.091  0.565 -0.491 -0.442  1.000  0.789 -0.269  0.536 -0.132 -0.153 -0.156 -0.136  0.037 -0.065  0.225 -0.143 -0.022  0.088 -0.029 -0.138 -0.046 -0.033  0.047 -0.032 -0.014  0.191  0.191 -0.033  0.046 -0.031  0.082  0.052 -0.107 -0.009  0.018
  -0.618  0.192  0.616 -0.412 -0.066 -0.199  0.698 -0.809 -0.758  0.789  1.000 -0.307  0.440 -0.192 -0.157 -0.103 -0.030 -0.037 -0.102  0.281 -0.000 -0.155  0.087 -0.062 -0.051 -0.012 -0.016  0.091  0.037  0.049  0.421  0.552 -0.108  0.084  0.020 -0.074 -0.067  0.009  0.045  0.075
  -0.156  0.362  0.205  0.350  0.258  0.016 -0.326  0.106  0.083 -0.269 -0.307  1.000 -0.418  0.391  0.178  0.097 -0.145  0.151  0.184 -0.428  0.006  0.143 -0.129  0.167  0.022  0.021  0.060 -0.021  0.037  0.029  0.265 -0.276  0.060  0.059  0.024  0.089  0.066 -0.267  0.054  0.003
  -0.430  0.184  0.442 -0.266 -0.006  0.002  0.364 -0.281 -0.250  0.536  0.440 -0.418  1.000  0.194 -0.232 -0.112  0.108 -0.104  0.005 -0.036 -0.121  0.064  0.103 -0.083 -0.063  0.038  0.025  0.061  0.031  0.015  0.346  0.153  0.000  0.062 -0.003 -0.017 -0.009 -0.155  0.009  0.011
  -0.063  0.304  0.120  0.311  0.295 -0.180 -0.095 -0.059 -0.066 -0.132 -0.192  0.391  0.194  1.000  0.132  0.238 -0.206  0.296  0.160 -0.759  0.203  0.033 -0.129  0.172  0.041  0.112  0.114  0.129  0.109  0.069  0.230 -0.323  0.099  0.104  0.048  0.077  0.069 -0.338  0.107  0.068
   0.220  0.051 -0.180  0.412  0.281 -0.198 -0.145 -0.002 -0.109 -0.153 -0.157  0.178 -0.232  0.132  1.000  0.712 -0.713  0.794  0.110 -0.075 -0.036  0.112 -0.047  0.097  0.074  0.127  0.107 -0.038  0.164  0.141 -0.106 -0.156  0.052  0.103  0.100 -0.009  0.012  0.081  0.151  0.134
   0.042  0.183  0.015  0.292  0.230 -0.230  0.007 -0.027 -0.091 -0.156 -0.103  0.097 -0.112  0.238  0.712  1.000 -0.326  0.743  0.123 -0.133  0.055  0.048 -0.307  0.390  0.360  0.148  0.107  0.034  0.243  0.205  0.028 -0.025  0.042  0.157  0.150 -0.248 -0.111  0.058  0.211  0.190
  -0.024 -0.013  0.032 -0.281 -0.272  0.257 -0.022  0.146  0.187 -0.136 -0.030 -0.145  0.108 -0.206 -0.713 -0.326  1.000 -0.855 -0.073  0.085  0.079 -0.108 -0.181  0.033  0.296  0.109  0.052  0.121  0.125  0.102  0.163  0.275 -0.034  0.102  0.111 -0.380 -0.273  0.242  0.067  0.054
  -0.028  0.123  0.044  0.301  0.289 -0.288  0.042 -0.121 -0.170  0.037 -0.037  0.151 -0.104  0.296  0.794  0.743 -0.855  1.000  0.114 -0.146 -0.032  0.104 -0.056  0.238 -0.035 -0.077 -0.042 -0.106 -0.043 -0.039 -0.124 -0.257  0.046 -0.053 -0.060  0.183  0.178 -0.243 -0.009 -0.005
  -0.027  0.542  0.077  0.415  0.664 -0.389  0.161  0.027  0.019 -0.065 -0.102  0.184  0.005  0.160  0.110  0.123 -0.073  0.114  1.000  0.048 -0.529  0.794  0.225 -0.214 -0.177 -0.047  0.003 -0.015 -0.069 -0.096  0.023 -0.157  0.006 -0.063 -0.114  0.122  0.056 -0.095 -0.061 -0.066
  -0.053 -0.079  0.026 -0.154 -0.040 -0.015  0.199 -0.019 -0.012  0.225  0.281 -0.428 -0.036 -0.759 -0.075 -0.133  0.085 -0.146  0.048  1.000 -0.560  0.291  0.113 -0.144 -0.045 -0.071 -0.091 -0.047 -0.068 -0.054 -0.119  0.351 -0.086 -0.063 -0.047 -0.042 -0.045  0.298 -0.052 -0.057
   0.052 -0.288 -0.073 -0.209 -0.364  0.083  0.008 -0.061 -0.057 -0.143 -0.000  0.006 -0.121  0.203 -0.036  0.055  0.079 -0.032 -0.529 -0.560  1.000 -0.902 -0.162  0.159  0.159  0.129 -0.093  0.088  0.159 -0.040  0.079  0.115  0.001  0.112 -0.018 -0.124 -0.071  0.061  0.122 -0.010
   0.022  0.396  0.014  0.398  0.544 -0.209 -0.051  0.104  0.092 -0.022 -0.155  0.143  0.064  0.033  0.112  0.048 -0.108  0.104  0.794  0.291 -0.902  1.000  0.169 -0.158 -0.170 -0.103  0.082 -0.073 -0.119 -0.013 -0.070 -0.240  0.021 -0.082 -0.035  0.152  0.085 -0.123 -0.102 -0.016
   0.108 -0.330 -0.163 -0.122  0.019  0.064  0.068 -0.016 -0.010  0.088  0.087 -0.129  0.103 -0.129 -0.047 -0.307 -0.181 -0.056  0.225  0.113 -0.162  0.169  1.000 -0.832 -0.599 -0.077 -0.041  0.011 -0.090 -0.090 -0.008  0.057 -0.015 -0.175 -0.199  0.202  0.092  0.043 -0.092 -0.083
  -0.244  0.232  0.268  0.018 -0.121  0.023 -0.117 -0.044 -0.042 -0.029 -0.062  0.167 -0.083  0.172  0.097  0.390  0.033  0.238 -0.214 -0.144  0.159 -0.158 -0.832  1.000  0.353 -0.077 -0.076 -0.101  0.082  0.084 -0.014 -0.128  0.014  0.086  0.144 -0.065  0.022 -0.249  0.053  0.044
   0.013  0.146  0.047  0.104 -0.019 -0.051 -0.028  0.041  0.022 -0.138 -0.051  0.022 -0.063  0.041  0.074  0.360  0.296 -0.035 -0.177 -0.045  0.159 -0.170 -0.599  0.353  1.000  0.243  0.179  0.094  0.098  0.097  0.120  0.152  0.011  0.008  0.043 -0.351 -0.218  0.204  0.145  0.138
   0.221  0.104 -0.116  0.223  0.113 -0.047 -0.056  0.208  0.162 -0.046 -0.012  0.021  0.038  0.112  0.127  0.148  0.109 -0.077 -0.047 -0.071  0.129 -0.103 -0.077 -0.077  0.243  1.000  0.486  0.387  0.696  0.608  0.363  0.377  0.061  0.561  0.501 -0.259 -0.221  0.550  0.604  0.551
   0.185  0.070 -0.107  0.189  0.109 -0.052 -0.045  0.172  0.134 -0.033 -0.016  0.060  0.025  0.114  0.107  0.107  0.052 -0.042  0.003 -0.091 -0.093  0.082 -0.041 -0.076  0.179  0.486  1.000  0.324  0.527  0.665  0.302  0.281  0.051  0.417  0.547 -0.178 -0.159  0.423  0.481  0.580
   0.085  0.035 -0.032  0.088  0.082 -0.131  0.113  0.115  0.096  0.047  0.091 -0.021  0.061  0.129 -0.038  0.034  0.121 -0.106 -0.015 -0.047  0.088 -0.073  0.011 -0.101  0.094  0.387  0.324  1.000  0.438  0.411  0.333  0.354  0.027  0.351  0.331 -0.163 -0.144  0.396  0.421  0.401
   0.185  0.036 -0.080  0.193  0.056 -0.018 -0.074  0.188  0.137 -0.032  0.037  0.037  0.031  0.109  0.164  0.243  0.125 -0.043 -0.069 -0.068  0.159 -0.119 -0.090  0.082  0.098  0.696  0.527  0.438  1.000  0.798  0.457  0.482  0.058  0.760  0.673 -0.308 -0.256  0.604  0.757  0.690
   0.179  0.020 -0.091  0.140  0.005  0.008 -0.077  0.172  0.126 -0.014  0.049  0.029  0.015  0.069  0.141  0.205  0.102 -0.039 -0.096 -0.054 -0.040 -0.013 -0.090  0.084  0.097  0.608  0.665  0.411  0.798  1.000  0.406  0.444  0.048  0.628  0.826 -0.282 -0.233  0.563  0.689  0.797
  -0.562  0.312  0.613 -0.118  0.051 -0.097  0.294 -0.225 -0.222  0.191  0.421  0.265  0.346  0.230 -0.106  0.028  0.163 -0.124  0.023 -0.119  0.079 -0.070 -0.008 -0.014  0.120  0.363  0.302  0.333  0.457  0.406  1.000  0.608 -0.018  0.403  0.315 -0.181 -0.152  0.175  0.413  0.375
