# fitpack15: fit parameters                                                                         
# CJ15 AV18 final data choices                                                                      
# Created on 03/18/2019 at 19:13:54                                                                 

 # QCD setup
  INS                           0
  NVL                          11
  IORD                          1
  Q02                   1.6899999999999999     
  IPARAMC                       7
  FLAVOR                4.0000000000000000     
  xmc                   1.3000000000000000     
  xmb                   4.5000000000000000     
  ncb                          12
  ihq                           1
  ias                           0

 # Theory corrections
  inuke                     10814
  itmc                          1
  iht                           1

 # fit parameters
 LAMBDA       0.22680        0.0000    
 a0uv          2.1314        0.0000    
 a1uv         0.58420       0.20910E-01
 a2uv          3.5299       0.11289E-01
 a3uv          0.0000        0.0000    
 a4uv          3.9104       0.49595    
 a5uv          0.0000        0.0000    
 a0dv          22.801        0.0000    
 a1dv          1.1312       0.31531E-01
 a2dv          6.4908       0.15854    
 a3dv         -3.5191       0.85068E-01
 a4dv          4.7034       0.14075    
 a5dv          0.0000        0.0000    
 a0ud         0.14210       0.48917E-02
 a1ud        -0.21065       0.37642E-02
 a2ud          8.1348       0.19429    
 a3ud          0.0000        0.0000    
 a4ud          14.163        1.2217    
 a5ud          0.0000        0.0000    
 a0du          35712.        0.0000    
 a1du          4.0599       0.77089E-01
 a2du          19.159       0.79626    
 a3du          17.000        0.0000    
 a4du          55.910        13.160    
 a0g           53.054        0.0000    
 a1g          0.62899       0.34205E-01
 a2g           7.4178       0.82334    
 a3g          -3.5685       0.16767    
 a4g           3.9059       0.43327    
 a5g           0.0000        0.0000    
 kappa        0.40000        0.0000    
 a6dv        -0.40747E-02   0.70536E-03
 a7dv          2.0000        0.0000    
 off1         -7.2677        1.4706    
 off2         0.80550E-01   0.69889E-02
 ht1          -2.3137       0.17468    
 ht2           1.8921       0.11482    
 ht3          -2.0807       0.18929E-01
 ht4           0.0000        0.0000    
 dummy40       0.0000        0.0000    
 dummy41       0.0000        0.0000    
 dummy42       0.0000        0.0000    
 dummy43       0.0000        0.0000    
 dummy44       0.0000        0.0000    
 dummy45       0.0000        0.0000    
 dummy46       0.0000        0.0000    
 dummy47       0.0000        0.0000    
 dummy48       0.0000        0.0000    
 dummy49       0.0000        0.0000    
 bcdmsh2      0.96176       0.47076E-02
 bcdmsd2      0.98228       0.57569E-02
 ccfr          1.0000        0.0000    
 nutev         1.0000        0.0000    
 zeus         0.97998        0.0000    
 h1            1.0162        0.0000    
 e605          1.0319        0.0000    
 NmcH2        0.99940       0.70482E-02
 ntv_nu        1.0000        0.0000    
 ntv_nubar     1.0000        0.0000    
 cdf_jet      0.98910        0.0000    
 d0_jet       0.83504        0.0000    
 slac_p       0.99166       0.45903E-02
 slac_d       0.99481       0.51100E-02
 e866pp       0.94638       0.19178E-01
 e866pd       0.94623       0.15731E-01
 d0_gamjet     1.0350       0.16450E-01
 h1b          0.97608        0.0000    
 jlab_p       0.96710       0.53716E-02
 jlab_d       0.95705       0.57001E-02
 blank         1.0000        0.0000    
 d0run2       0.95269       0.13844E-01
 cdfrun2      0.94096       0.17253E-01
 HERA_el       1.0000        0.0000    
 HERA_ps       1.0000        0.0000    
 CDF_Z        0.95085       0.64655E-02
 NmcRat        1.0000        0.0000    
 BNS_F2nd     0.98378       0.75916E-02
 HERMES_F2p   0.98747       0.54038E-02
 HERMES_F2d   0.97040       0.56793E-02
 e03103_p     0.98159       0.50125E-02
 e03103_d      1.2631       0.62211E-02
 END 0. 0.

 # Hessian matrix (Bevington alpha)
   0.69128471471562E+07 -0.17721725227681E+07  0.29769188892932E+06  0.65181848540290E+06 -0.15951683317000E+06 -0.11593405670562E+05  0.76604863667257E+05  0.11532794081369E+07 -0.20563588773302E+06 -0.63599349730903E+05  0.93768677608320E+04  0.17966264531142E+05  0.21999975519300E+04 -0.10191717755899E+03  0.38396944793812E+04 -0.97638859396884E+03  0.46984980895014E+04  0.34328064280696E+04 -0.81465807407364E+07  0.33435009715402E+03  0.31861817245770E+07  0.15975055958516E+06  0.46148306198822E+06  0.19663432976423E+07 -0.13256856017737E+06 -0.56423001198127E+05 -0.50331670848408E+04 -0.87213471621082E+06 -0.11321598534999E+07 -0.21455784234732E+05 -0.48349966320122E+05 -0.31482880275482E+04 -0.20838563388846E+06 -0.23304009191041E+06 -0.88583224134492E+04 -0.30981272488527E+04 -0.18030393898160E+05  0.18294111860883E+05 -0.74705521604645E+05 -0.59354815999423E+05 -0.32115991381841E+06 -0.50587032414912E+06
  -0.17721725227681E+07  0.53584310913293E+06 -0.78064970390241E+05 -0.17232058641960E+06  0.42427184255564E+05  0.66333051921503E+04 -0.16569198250389E+05 -0.16136494855762E+06  0.31121324387642E+05  0.10364975027314E+05 -0.12629561831216E+04 -0.14498913638456E+04 -0.19227333033766E+03  0.12275528262296E+02  0.18034327695900E+04 -0.30062735014805E+03  0.48922268933594E+03  0.44435684670001E+03  0.26353297467184E+07  0.73379588970194E+02 -0.89804719125583E+06 -0.39166760753074E+05 -0.11943399178251E+06 -0.53298614785087E+06  0.16934735440066E+05  0.83117710280984E+04 -0.22711668035464E+03  0.21076030180687E+06  0.26305265237717E+06  0.59311751659539E+04  0.13515081619525E+05  0.41567805059918E+03  0.65049614226770E+05  0.71034548267104E+05  0.23613481770395E+04  0.74091407793243E+03 -0.22122180649992E+04 -0.23635084094570E+04  0.87487747956857E+04  0.73202286347655E+04  0.80824791027658E+05  0.12812165154907E+06
   0.29769188892932E+06 -0.78064970390241E+05  0.12913023883758E+05  0.27887496610953E+05 -0.69475449743287E+04 -0.77758907213737E+03  0.31972682792585E+04  0.38656020996784E+05 -0.66716058446642E+04 -0.24534195165072E+04  0.31936931387257E+03  0.53992683781524E+03  0.76154749563114E+02 -0.42524768295764E+01 -0.58239674541755E+03  0.47949853123224E+02 -0.29212748466522E+03 -0.13509687855724E+03 -0.36024284190219E+06  0.11233469246327E+02  0.13781860961123E+06  0.67584005857555E+04  0.19632859104293E+05  0.84346577036613E+05 -0.52655047207330E+04 -0.22366692050399E+04  0.35911671114715E+02 -0.36463514426631E+05 -0.47245579703686E+05 -0.93827670830874E+03 -0.21235764858901E+04 -0.11040086822851E+03 -0.92931628452096E+04 -0.10298089887313E+05 -0.38116629807468E+03 -0.13151490444866E+03 -0.37949067987493E+02  0.72173738507852E+03 -0.24791117395715E+04 -0.20131705271054E+04 -0.14010752191865E+05 -0.22187561538383E+05
   0.65181848540290E+06 -0.17232058641960E+06  0.27887496610953E+05  0.42964794144750E+06 -0.66944188838370E+05  0.81345582377112E+05  0.69298764387339E+05  0.39265476671136E+06 -0.32072993312636E+05 -0.20354831835608E+05  0.37184934793327E+04 -0.16517844240327E+04 -0.16737486227442E+03  0.53558675023098E+02  0.31825724576015E+05 -0.38572473199797E+04  0.21144632032364E+05  0.11994085016879E+05 -0.21983629127849E+07  0.29183035133162E+03  0.90875750112394E+06  0.53217323987519E+05  0.13966116898163E+06  0.60813126470497E+06 -0.13064061711839E+05 -0.21830465732387E+05 -0.92894183635482E+02 -0.68345503940789E+05 -0.35582520598858E+06 -0.14601695335592E+04 -0.25594019155946E+04 -0.63964224191956E+02 -0.12361341076316E+05 -0.55616536708124E+05 -0.24182781354004E+04 -0.93102645174253E+03 -0.10484196586562E+05 -0.15856555328619E+05 -0.74850034634781E+04 -0.22466558525168E+05 -0.24312362744693E+05 -0.38092936868967E+05
  -0.15951683317000E+06  0.42427184255564E+05 -0.69475449743287E+04 -0.66944188838370E+05  0.12282418343588E+05 -0.85471271783730E+04 -0.99954253061513E+04 -0.38248452972902E+05  0.12354304626838E+04  0.27140304872745E+04 -0.38865057064022E+03 -0.19208300955158E+02  0.44099680019484E+01 -0.47411274845219E+01 -0.25876804319164E+04  0.31226857375352E+03 -0.16870535737049E+04 -0.96026714813268E+03  0.46915821445368E+06 -0.35934265648677E+02 -0.18460395356175E+06 -0.10146241298536E+05 -0.26886965718643E+05 -0.11937508666966E+06  0.20122745233086E+04  0.33858179341142E+04 -0.59146597426677E+02  0.12158361782176E+05  0.63613011004798E+05  0.34431071813436E+03  0.58426259876884E+03  0.78694143804800E+01  0.30701069052138E+04  0.13309475570044E+05  0.45859370718341E+03  0.16800256810894E+03  0.40101952715488E+03  0.25020684457859E+04  0.83309421792565E+03  0.25812128180251E+04  0.51610801529003E+04  0.84048171255397E+04
  -0.11593405670562E+05  0.66333051921503E+04 -0.77758907213737E+03  0.81345582377112E+05 -0.85471271783730E+04  0.25564768473392E+05  0.15615143708152E+05  0.11503516878795E+06 -0.10851765324898E+05 -0.49037107529881E+04  0.10748959910329E+04 -0.81301611388460E+03 -0.75644124953667E+02  0.18084362854757E+02  0.98334649552677E+04 -0.12361383403868E+04  0.64805056010710E+04  0.37599929861506E+04 -0.84622855163436E+05  0.91639159912815E+02  0.66761152950628E+05  0.55810216268671E+04  0.13867230190591E+05  0.54255982457694E+05 -0.28694278186323E+04 -0.44957840684497E+04  0.15184756381947E+03 -0.93282172166120E+04 -0.47906356428963E+05 -0.31685140701501E+01 -0.33987474561219E+02 -0.17768136535260E+02  0.33071912135213E+03  0.48934804292849E+03 -0.25797837290705E+03 -0.12889808227327E+03 -0.32805299129406E+04 -0.33714237946194E+04 -0.19273255085835E+04 -0.56608144617780E+04 -0.14473341273317E+04 -0.15715822915565E+04
   0.76604863667257E+05 -0.16569198250389E+05  0.31972682792585E+04  0.69298764387339E+05 -0.99954253061513E+04  0.15615143708152E+05  0.12212664656408E+05  0.65735064715328E+05 -0.41205582897113E+04 -0.35912189940934E+04  0.64329559789701E+03 -0.26524383503461E+03 -0.29139180923964E+02  0.94644386515351E+01  0.49677869262631E+04 -0.62732620757646E+03  0.31856783482205E+04  0.18618412475763E+04 -0.24950702220964E+06  0.67091672677205E+02  0.12049325496863E+06  0.76482956547646E+04  0.19643217846335E+05  0.83243616083597E+05 -0.25267815705665E+04 -0.39846277728624E+04  0.13941233930265E+03 -0.10405955150276E+05 -0.54654409244556E+05 -0.17381996775171E+03 -0.29395689208792E+03 -0.12065822471480E+02 -0.11166519205293E+04 -0.53424498035189E+04 -0.35508576528362E+03 -0.14795121120023E+03 -0.13983874990767E+04 -0.31668402877335E+04 -0.11841017121622E+04 -0.35782246932738E+04 -0.32669248984071E+04 -0.48503294055783E+04
   0.11532794081369E+07 -0.16136494855762E+06  0.38656020996784E+05  0.39265476671136E+06 -0.38248452972902E+05  0.11503516878795E+06  0.65735064715328E+05  0.52303316724322E+07 -0.23572304984310E+07 -0.89235989177376E+05  0.26955813348599E+05  0.28214128271292E+05  0.20055099784814E+04  0.88786091445802E+02  0.83963851201203E+05 -0.10783382094151E+05  0.65812093285295E+05  0.36216297445255E+05 -0.66073428733821E+06  0.64758588252421E+03  0.39868970737262E+06  0.54447152823018E+05  0.14453851792248E+06  0.51075582662295E+06 -0.62742934621878E+05 -0.50960174657911E+05 -0.68682352459780E+05 -0.29823963123120E+06 -0.58731309490708E+06 -0.75489155958258E+05 -0.16903906205596E+06 -0.12802726464904E+04 -0.66712439746585E+04 -0.12549532996654E+05  0.39382897740488E+03  0.35028366719853E+03 -0.27131668312095E+06 -0.99166689350243E+04 -0.14129099094960E+06 -0.17592384437143E+06 -0.36788672167110E+05 -0.46726713170717E+05
  -0.20563588773302E+06  0.31121324387642E+05 -0.66716058446642E+04 -0.32072993312636E+05  0.12354304626838E+04 -0.10851765324898E+05 -0.41205582897113E+04 -0.23572304984310E+07  0.19117785817393E+07  0.19124930285747E+05 -0.65509062978101E+04 -0.57836985188716E+04 -0.33171019923301E+03 -0.11456644548023E+02  0.50141956793072E+05 -0.25571043220740E+04  0.14685105994376E+05  0.70306664812024E+04 -0.67809678048879E+04 -0.10648431241366E+03 -0.10953728538051E+05 -0.93072614345401E+04 -0.25468244567418E+05 -0.81438627324328E+05  0.11348470381647E+05  0.10975059916306E+05  0.24051952054879E+05  0.67013695783444E+05  0.12784409220345E+06  0.23302222377999E+05  0.52220762394230E+05  0.15000937537386E+03  0.67631179201644E+03  0.13133258685126E+04 -0.13033613441047E+04 -0.72352420060491E+03  0.11181884215130E+06  0.17828964664667E+04  0.44159542427849E+05  0.54424952687701E+05  0.52138063442502E+04  0.62332835397769E+04
  -0.63599349730903E+05  0.10364975027314E+05 -0.24534195165072E+04 -0.20354831835608E+05  0.27140304872745E+04 -0.49037107529881E+04 -0.35912189940934E+04 -0.89235989177376E+05  0.19124930285747E+05  0.27920349577040E+04 -0.66578523063785E+03 -0.72828359032323E+03 -0.69239724389369E+02 -0.16486053648951E+01 -0.39971191144634E+04  0.48826432993619E+03 -0.26375477832047E+04 -0.15169037038875E+04  0.61782618871424E+05 -0.29587803785978E+02 -0.34909892985787E+05 -0.27971310420440E+04 -0.72798381113157E+04 -0.28128065343675E+05  0.27901786713102E+04  0.19333365505150E+04  0.72269285788917E+03  0.11436409659187E+05  0.23675807764966E+05  0.15622453071372E+04  0.34306166884385E+04  0.41252987884267E+02  0.66264625554417E+03  0.12063144749830E+04  0.12889899909276E+03  0.56234754397515E+02  0.31343284707096E+04  0.49007381176923E+03  0.28100838553636E+04  0.35850570030877E+04  0.25080077090100E+04  0.34777130508812E+04
   0.93768677608320E+04 -0.12629561831216E+04  0.31936931387257E+03  0.37184934793327E+04 -0.38865057064022E+03  0.10748959910329E+04  0.64329559789701E+03  0.26955813348599E+05 -0.65509062978101E+04 -0.66578523063785E+03  0.18684876802403E+03  0.21447150245966E+03  0.16593377377102E+02  0.63567489683432E+00  0.12936331752459E+04 -0.14528365068809E+03  0.84648776123798E+03  0.46827351837036E+03 -0.70823317900183E+04  0.53667789225189E+01  0.40312168068696E+04  0.44102687368230E+03  0.11595499937209E+04  0.42134237521666E+04 -0.50235532882997E+03 -0.38141019005143E+03 -0.34445050753003E+03 -0.21924211102585E+04 -0.43721128726454E+04 -0.45659525882551E+03 -0.10237909675707E+04 -0.10842663142740E+02 -0.58030019932010E+02 -0.10887962890757E+03 -0.13884269044397E+02 -0.63372884542199E+01 -0.11854359129903E+04 -0.78977131292844E+02 -0.85251691387728E+03 -0.10703078733515E+04 -0.30781543234123E+03 -0.39396839466488E+03
   0.17966264531142E+05 -0.14498913638456E+04  0.53992683781524E+03 -0.16517844240327E+04 -0.19208300955158E+02 -0.81301611388460E+03 -0.26524383503461E+03  0.28214128271292E+05 -0.57836985188716E+04 -0.72828359032323E+03  0.21447150245966E+03  0.19365314648655E+04  0.13192477079562E+03 -0.14007828721957E+01  0.15737306157091E+04 -0.22227605787298E+03  0.12171321134640E+04  0.73270911120848E+03 -0.60028893364130E+04 -0.46601325450716E+01  0.17151437269826E+04 -0.22789636854211E+02  0.25426704688569E+02 -0.11433549226846E+04 -0.13310921991114E+04  0.83125985553818E-10 -0.76536413188435E+03 -0.58249560782455E+04  0.26955134595536E-09 -0.26339728202340E+04 -0.98026904035068E+02 -0.86572468332390E+02 -0.46922757224241E+00  0.25420086330791E-10 -0.18777826168684E+01 -0.79398044963041E+00  0.32268239749606E+03  0.40413708714522E+03 -0.30032224913478E+04  0.40107263356892E-10 -0.12023574467551E+03 -0.91816415195645E+02
   0.21999975519300E+04 -0.19227333033766E+03  0.76154749563114E+02 -0.16737486227442E+03  0.44099680019484E+01 -0.75644124953667E+02 -0.29139180923964E+02  0.20055099784814E+04 -0.33171019923301E+03 -0.69239724389369E+02  0.16593377377102E+02  0.13192477079562E+03  0.12555037537618E+02 -0.18643660191165E+00  0.90406909705385E+02 -0.15249110113873E+02  0.67883081728874E+02  0.45685362878856E+02 -0.31133432691732E+03 -0.51801977495759E+00 -0.72489320066465E+02 -0.28580320281199E+01 -0.59252675129312E+00 -0.16211756138801E+03 -0.20472110607942E+03  0.80308770000591E-11 -0.30424251863019E+02 -0.72240730202498E+03 -0.65313646027571E-10 -0.17021072775075E+03 -0.26956769838481E+02 -0.72698591716704E+01 -0.34177060097863E+00  0.76179037008415E-11 -0.20874764755522E+00 -0.79591126239300E-01  0.33283685285607E+02  0.92960557762183E+02 -0.22286439109537E+03  0.76147158316478E-11 -0.42321181004307E+02 -0.34321339674377E+02
  -0.10191717755899E+03  0.12275528262296E+02 -0.42524768295764E+01  0.53558675023098E+02 -0.47411274845219E+01  0.18084362854757E+02  0.94644386515351E+01  0.88786091445802E+02 -0.11456644548023E+02 -0.16486053648951E+01  0.63567489683432E+00 -0.14007828721957E+01 -0.18643660191165E+00  0.43291914169280E-01  0.13259003181469E+02 -0.10417442537821E+01  0.72934472918191E+01  0.34425306543873E+01 -0.70501793019670E+02  0.54751028971008E-01  0.51690043980244E+02  0.18099836548182E+01  0.45411178210695E+01  0.21225013497575E+02  0.64819955359978E-01  0.25399238765333E-12 -0.54196472946936E+01 -0.59119066209446E+00  0.44077678748816E-11 -0.28199290446070E+01 -0.77451926594938E-05 -0.12008718983174E+00  0.18609449726091E-12 -0.12821156743110E-12 -0.13928696210303E-02 -0.76287049380597E-03 -0.15114700932106E+01  0.19869271908138E-04 -0.26192501991044E+01  0.70440514848502E-12 -0.25475125494253E-07 -0.17355227996754E-07
   0.38396944793812E+04  0.18034327695900E+04 -0.58239674541755E+03  0.31825724576015E+05 -0.25876804319164E+04  0.98334649552677E+04  0.49677869262631E+04  0.83963851201203E+05  0.50141956793072E+05 -0.39971191144634E+04  0.12936331752459E+04  0.15737306157091E+04  0.90406909705385E+02  0.13259003181469E+02  0.51380132254689E+05 -0.49113135821550E+04  0.29830157085471E+05  0.15732042681889E+05 -0.48972919203188E+05 -0.41224056785481E+01 -0.11182165018339E+05 -0.55198615037997E+03 -0.14053623049336E+04 -0.50878297479839E+04 -0.28863659572533E+04 -0.18757828840469E+04 -0.25703200981505E+04  0.21734526392455E+04  0.46172706139716E+04 -0.15900494855903E+04 -0.30927693984853E+04 -0.74661675156895E+03  0.21576656395737E+03  0.37985611533787E+03 -0.29234727727754E+04 -0.15517786027125E+04 -0.22762992298504E+04  0.22129693964474E+03 -0.10122771604383E+04 -0.11359876211524E+04  0.83219940748801E+03  0.14220448971099E+04
  -0.97638859396884E+03 -0.30062735014805E+03  0.47949853123224E+02 -0.38572473199797E+04  0.31226857375352E+03 -0.12361383403868E+04 -0.62732620757646E+03 -0.10783382094151E+05 -0.25571043220740E+04  0.48826432993619E+03 -0.14528365068809E+03 -0.22227605787298E+03 -0.15249110113873E+02 -0.10417442537821E+01 -0.49113135821550E+04  0.54115943577565E+03 -0.31259412780105E+04 -0.17259542375198E+04  0.55266274713842E+04  0.87157574842072E-01  0.17228096278115E+04  0.71233996180578E+02  0.18036358052570E+03  0.69002150538236E+03  0.52746280865106E+03  0.32672014559096E+03  0.30064636962924E+03 -0.19312797530735E+03 -0.55415282814760E+03  0.16575979732777E+03  0.32180271397559E+03  0.83828045062069E+02 -0.57664814648011E+02 -0.10006718931728E+03  0.44213796291902E+03  0.21979633320150E+03 -0.31875221615746E+03 -0.40040550353711E+02  0.26748174020475E+03  0.29862293404217E+03 -0.17922544243568E+03 -0.33013263689529E+03
   0.46984980895014E+04  0.48922268933594E+03 -0.29212748466522E+03  0.21144632032364E+05 -0.16870535737049E+04  0.64805056010710E+04  0.31856783482205E+04  0.65812093285295E+05  0.14685105994376E+05 -0.26375477832047E+04  0.84648776123798E+03  0.12171321134640E+04  0.67883081728874E+02  0.72934472918191E+01  0.29830157085471E+05 -0.31259412780105E+04  0.18895328184831E+05  0.10172029644437E+05 -0.33508807409147E+05 -0.51762378648102E+01 -0.76451144678675E+04 -0.42894291959209E+03 -0.10659174476060E+04 -0.37646024020676E+04 -0.16362070528490E+04 -0.11019842634636E+04 -0.21467782451200E+04  0.19134189977356E+04  0.35230236667203E+04 -0.11160017042491E+04 -0.21721877992930E+04 -0.48037894497912E+03  0.10907971159964E+02  0.26240112239023E+02 -0.17685056585015E+04 -0.98373931107245E+03  0.21345461922064E+03  0.13336589086560E+03 -0.10042762565843E+04 -0.11183815606706E+04  0.29028656077031E+03  0.33550250539692E+03
   0.34328064280696E+04  0.44435684670001E+03 -0.13509687855724E+03  0.11994085016879E+05 -0.96026714813268E+03  0.37599929861506E+04  0.18618412475763E+04  0.36216297445255E+05  0.70306664812024E+04 -0.15169037038875E+04  0.46827351837036E+03  0.73270911120848E+03  0.45685362878856E+02  0.34425306543873E+01  0.15732042681889E+05 -0.17259542375198E+04  0.10172029644437E+05  0.55803549737860E+04 -0.18615211154473E+05 -0.21703057468730E+01 -0.50155696264400E+04 -0.25653896304236E+03 -0.63009356616431E+03 -0.22853343348022E+04 -0.12810263304272E+04 -0.81784319484708E+03 -0.10992711918634E+04  0.94317034308707E+03  0.20142968829268E+04 -0.57105557531883E+03 -0.11140206286918E+04 -0.26997048651195E+03  0.50481758320461E+02  0.92674247620579E+02 -0.11983812604221E+04 -0.63438678190304E+03  0.80792705700658E+03  0.10933412962337E+03 -0.80777059383134E+03 -0.89735651159705E+03  0.31938772273712E+03  0.46960808990235E+03
  -0.81465807407364E+07  0.26353297467184E+07 -0.36024284190219E+06 -0.21983629127849E+07  0.46915821445368E+06 -0.84622855163436E+05 -0.24950702220964E+06 -0.66073428733821E+06 -0.67809678048879E+04  0.61782618871424E+05 -0.70823317900183E+04 -0.60028893364130E+04 -0.31133432691732E+03 -0.70501793019670E+02 -0.48972919203188E+05  0.55266274713842E+04 -0.33508807409147E+05 -0.18615211154473E+05  0.28067798460314E+08  0.94514748522944E+03 -0.91688827950281E+07 -0.45056526022535E+06 -0.12429906478505E+07 -0.57017568410694E+07  0.31542735980658E+05  0.69839856812597E+05 -0.12087522523780E+04  0.51884125386433E+06  0.24999034594776E+07  0.16484110723130E+05  0.29308129367374E+05  0.15635028335424E+03  0.17169949938886E+06  0.72915859820226E+06  0.21653558671869E+05  0.67540080288501E+04 -0.16085556150149E+05  0.41276409772614E+05  0.19014095333193E+05  0.58733064043466E+05  0.20263671995029E+06  0.32282841065862E+06
   0.33435009715402E+03  0.73379588970194E+02  0.11233469246327E+02  0.29183035133162E+03 -0.35934265648677E+02  0.91639159912815E+02  0.67091672677205E+02  0.64758588252421E+03 -0.10648431241366E+03 -0.29587803785978E+02  0.53667789225189E+01 -0.46601325450716E+01 -0.51801977495759E+00  0.54751028971008E-01 -0.41224056785481E+01  0.87157574842072E-01 -0.51762378648102E+01 -0.21703057468730E+01  0.94514748522944E+03  0.17618168195367E+01  0.75850818181629E+03  0.66418840989951E+02  0.15816474084800E+03  0.63994180455219E+03  0.00000000000000E+00 -0.65872426162776E+02  0.00000000000000E+00  0.00000000000000E+00 -0.51577170639809E+03  0.00000000000000E+00  0.81079284645908E+00  0.00000000000000E+00  0.00000000000000E+00  0.31928665283402E+02  0.00000000000000E+00  0.00000000000000E+00  0.00000000000000E+00  0.46180926244445E+02  0.00000000000000E+00 -0.61781096130051E+02  0.00000000000000E+00  0.00000000000000E+00
   0.31861817245770E+07 -0.89804719125583E+06  0.13781860961123E+06  0.90875750112394E+06 -0.18460395356175E+06  0.66761152950628E+05  0.12049325496863E+06  0.39868970737262E+06 -0.10953728538051E+05 -0.34909892985787E+05  0.40312168068696E+04  0.17151437269826E+04 -0.72489320066465E+02  0.51690043980244E+02 -0.11182165018339E+05  0.17228096278115E+04 -0.76451144678675E+04 -0.50155696264400E+04 -0.91688827950281E+07  0.75850818181629E+03  0.54094414403155E+07  0.29528787246717E+06  0.77235088198698E+06  0.35034714489459E+07  0.00000000000000E+00 -0.65652294730980E+05  0.00000000000000E+00  0.00000000000000E+00 -0.16258809618451E+07  0.00000000000000E+00  0.15657578652921E+05  0.00000000000000E+00  0.00000000000000E+00 -0.34313685129878E+06  0.00000000000000E+00  0.00000000000000E+00  0.00000000000000E+00  0.51778730425490E+05  0.00000000000000E+00 -0.55420055499075E+05  0.00000000000000E+00  0.00000000000000E+00
   0.15975055958516E+06 -0.39166760753074E+05  0.67584005857555E+04  0.53217323987519E+05 -0.10146241298536E+05  0.55810216268671E+04  0.76482956547646E+04  0.54447152823018E+05 -0.93072614345401E+04 -0.27971310420440E+04  0.44102687368230E+03 -0.22789636854211E+02 -0.28580320281199E+01  0.18099836548182E+01 -0.55198615037997E+03  0.71233996180578E+02 -0.42894291959209E+03 -0.25653896304236E+03 -0.45056526022535E+06  0.66418840989951E+02  0.29528787246717E+06  0.17439351979770E+05  0.44752713775173E+05  0.19999980760477E+06 -0.54255444129651E+02 -0.48455652061071E+04  0.13270951818769E+01  0.52342553476432E+03 -0.10170843956199E+06  0.00000000000000E+00 -0.22930752454593E+02  0.00000000000000E+00  0.24862645834369E+04 -0.16519184873005E+05  0.00000000000000E+00  0.00000000000000E+00  0.00000000000000E+00  0.36405068492797E+04 -0.42140239735071E+03 -0.56554301249177E+04  0.15497410675375E+04  0.34108702330267E+04
   0.46148306198822E+06 -0.11943399178251E+06  0.19632859104293E+05  0.13966116898163E+06 -0.26886965718643E+05  0.13867230190591E+05  0.19643217846335E+05  0.14453851792248E+06 -0.25468244567418E+05 -0.72798381113157E+04  0.11595499937209E+04  0.25426704688569E+02 -0.59252675129312E+00  0.45411178210695E+01 -0.14053623049336E+04  0.18036358052570E+03 -0.10659174476060E+04 -0.63009356616431E+03 -0.12429906478505E+07  0.15816474084800E+03  0.77235088198698E+06  0.44752713775173E+05  0.11612678489310E+06  0.51939927973109E+06 -0.11884134335784E+03 -0.12096704752163E+05 -0.43977711024906E+02 -0.49892914062949E+04 -0.26234648162072E+06  0.00000000000000E+00 -0.57229253248706E+02  0.00000000000000E+00  0.24290992175699E+04 -0.46003655388439E+05  0.00000000000000E+00  0.00000000000000E+00  0.00000000000000E+00  0.91294379423045E+04 -0.16279400978111E+04 -0.14708176274183E+05  0.91576376527657E+03  0.32229636703232E+04
   0.19663432976423E+07 -0.53298614785087E+06  0.84346577036613E+05  0.60813126470497E+06 -0.11937508666966E+06  0.54255982457694E+05  0.83243616083597E+05  0.51075582662295E+06 -0.81438627324328E+05 -0.28128065343675E+05  0.42134237521666E+04 -0.11433549226846E+04 -0.16211756138801E+03  0.21225013497575E+02 -0.50878297479839E+04  0.69002150538236E+03 -0.37646024020676E+04 -0.22853343348022E+04 -0.57017568410694E+07  0.63994180455219E+03  0.35034714489459E+07  0.19999980760477E+06  0.51939927973109E+06  0.23460297001962E+07  0.18682706733301E+03 -0.56160934593197E+05 -0.49417694344054E+01  0.27656745316956E+05 -0.11428683644365E+07  0.00000000000000E+00 -0.26796750327240E+03  0.00000000000000E+00  0.12026217847115E+05 -0.21388642150775E+06  0.00000000000000E+00  0.00000000000000E+00  0.00000000000000E+00  0.42824655094054E+05  0.11551826485333E+04 -0.59762056206749E+05  0.15130161065793E+05  0.29757611240033E+05
  -0.13256856017737E+06  0.16934735440066E+05 -0.52655047207330E+04 -0.13064061711839E+05  0.20122745233086E+04 -0.28694278186323E+04 -0.25267815705665E+04 -0.62742934621878E+05  0.11348470381647E+05  0.27901786713102E+04 -0.50235532882997E+03 -0.13310921991114E+04 -0.20472110607942E+03  0.64819955359978E-01 -0.28863659572533E+04  0.52746280865106E+03 -0.16362070528490E+04 -0.12810263304272E+04  0.31542735980658E+05  0.00000000000000E+00  0.00000000000000E+00 -0.54255444129651E+02 -0.11884134335784E+03  0.18682706733301E+03  0.11894480960290E+06  0.00000000000000E+00  0.00000000000000E+00  0.00000000000000E+00  0.00000000000000E+00  0.00000000000000E+00  0.00000000000000E+00  0.00000000000000E+00  0.00000000000000E+00  0.00000000000000E+00  0.00000000000000E+00  0.00000000000000E+00  0.00000000000000E+00  0.00000000000000E+00  0.00000000000000E+00  0.00000000000000E+00  0.00000000000000E+00  0.00000000000000E+00
  -0.56423001198127E+05  0.83117710280984E+04 -0.22366692050399E+04 -0.21830465732387E+05  0.33858179341142E+04 -0.44957840684497E+04 -0.39846277728624E+04 -0.50960174657911E+05  0.10975059916306E+05  0.19333365505150E+04 -0.38141019005143E+03  0.83125985553818E-10  0.80308770000591E-11  0.25399238765333E-12 -0.18757828840469E+04  0.32672014559096E+03 -0.11019842634636E+04 -0.81784319484708E+03  0.69839856812597E+05 -0.65872426162776E+02 -0.65652294730980E+05 -0.48455652061071E+04 -0.12096704752163E+05 -0.56160934593197E+05  0.00000000000000E+00  0.65211293261975E+05  0.00000000000000E+00  0.00000000000000E+00  0.00000000000000E+00  0.00000000000000E+00  0.00000000000000E+00  0.00000000000000E+00  0.00000000000000E+00  0.00000000000000E+00  0.00000000000000E+00  0.00000000000000E+00  0.00000000000000E+00  0.00000000000000E+00  0.00000000000000E+00  0.00000000000000E+00  0.00000000000000E+00  0.00000000000000E+00
  -0.50331670848408E+04 -0.22711668035464E+03  0.35911671114715E+02 -0.92894183635482E+02 -0.59146597426677E+02  0.15184756381947E+03  0.13941233930265E+03 -0.68682352459780E+05  0.24051952054879E+05  0.72269285788917E+03 -0.34445050753003E+03 -0.76536413188435E+03 -0.30424251863019E+02 -0.54196472946936E+01 -0.25703200981505E+04  0.30064636962924E+03 -0.21467782451200E+04 -0.10992711918634E+04 -0.12087522523780E+04  0.00000000000000E+00  0.00000000000000E+00  0.13270951818769E+01 -0.43977711024906E+02 -0.49417694344054E+01  0.00000000000000E+00  0.00000000000000E+00  0.31168038448777E+05  0.00000000000000E+00  0.00000000000000E+00  0.00000000000000E+00  0.00000000000000E+00  0.00000000000000E+00  0.00000000000000E+00  0.00000000000000E+00  0.00000000000000E+00  0.00000000000000E+00  0.00000000000000E+00  0.00000000000000E+00  0.00000000000000E+00  0.00000000000000E+00  0.00000000000000E+00  0.00000000000000E+00
  -0.87213471621082E+06  0.21076030180687E+06 -0.36463514426631E+05 -0.68345503940789E+05  0.12158361782176E+05 -0.93282172166120E+04 -0.10405955150276E+05 -0.29823963123120E+06  0.67013695783444E+05  0.11436409659187E+05 -0.21924211102585E+04 -0.58249560782455E+04 -0.72240730202498E+03 -0.59119066209446E+00  0.21734526392455E+04 -0.19312797530735E+03  0.19134189977356E+04  0.94317034308707E+03  0.51884125386433E+06  0.00000000000000E+00  0.00000000000000E+00  0.52342553476432E+03 -0.49892914062949E+04  0.27656745316956E+05  0.00000000000000E+00  0.00000000000000E+00  0.00000000000000E+00  0.59274353407839E+06  0.00000000000000E+00  0.00000000000000E+00  0.00000000000000E+00  0.00000000000000E+00  0.00000000000000E+00  0.00000000000000E+00  0.00000000000000E+00  0.00000000000000E+00  0.00000000000000E+00  0.00000000000000E+00  0.00000000000000E+00  0.00000000000000E+00  0.00000000000000E+00  0.00000000000000E+00
  -0.11321598534999E+07  0.26305265237717E+06 -0.47245579703686E+05 -0.35582520598858E+06  0.63613011004798E+05 -0.47906356428963E+05 -0.54654409244556E+05 -0.58731309490708E+06  0.12784409220345E+06  0.23675807764966E+05 -0.43721128726454E+04  0.26955134595536E-09 -0.65313646027571E-10  0.44077678748816E-11  0.46172706139716E+04 -0.55415282814760E+03  0.35230236667203E+04  0.20142968829268E+04  0.24999034594776E+07 -0.51577170639809E+03 -0.16258809618451E+07 -0.10170843956199E+06 -0.26234648162072E+06 -0.11428683644365E+07  0.00000000000000E+00  0.00000000000000E+00  0.00000000000000E+00  0.00000000000000E+00  0.91870951247079E+06  0.00000000000000E+00  0.00000000000000E+00  0.00000000000000E+00  0.00000000000000E+00  0.00000000000000E+00  0.00000000000000E+00  0.00000000000000E+00  0.00000000000000E+00  0.00000000000000E+00  0.00000000000000E+00  0.00000000000000E+00  0.00000000000000E+00  0.00000000000000E+00
  -0.21455784234732E+05  0.59311751659539E+04 -0.93827670830874E+03 -0.14601695335592E+04  0.34431071813436E+03 -0.31685140701501E+01 -0.17381996775171E+03 -0.75489155958258E+05  0.23302222377999E+05  0.15622453071372E+04 -0.45659525882551E+03 -0.26339728202340E+04 -0.17021072775075E+03 -0.28199290446070E+01 -0.15900494855903E+04  0.16575979732777E+03 -0.11160017042491E+04 -0.57105557531883E+03  0.16484110723130E+05  0.00000000000000E+00  0.00000000000000E+00  0.00000000000000E+00  0.00000000000000E+00  0.00000000000000E+00  0.00000000000000E+00  0.00000000000000E+00  0.00000000000000E+00  0.00000000000000E+00  0.00000000000000E+00  0.15352794784707E+05  0.00000000000000E+00  0.00000000000000E+00  0.00000000000000E+00  0.00000000000000E+00  0.00000000000000E+00  0.00000000000000E+00  0.00000000000000E+00  0.00000000000000E+00  0.00000000000000E+00  0.00000000000000E+00  0.00000000000000E+00  0.00000000000000E+00
  -0.48349966320122E+05  0.13515081619525E+05 -0.21235764858901E+04 -0.25594019155946E+04  0.58426259876884E+03 -0.33987474561219E+02 -0.29395689208792E+03 -0.16903906205596E+06  0.52220762394230E+05  0.34306166884385E+04 -0.10237909675707E+04 -0.98026904035068E+02 -0.26956769838481E+02 -0.77451926594938E-05 -0.30927693984853E+04  0.32180271397559E+03 -0.21721877992930E+04 -0.11140206286918E+04  0.29308129367374E+05  0.81079284645908E+00  0.15657578652921E+05 -0.22930752454593E+02 -0.57229253248706E+02 -0.26796750327240E+03  0.00000000000000E+00  0.00000000000000E+00  0.00000000000000E+00  0.00000000000000E+00  0.00000000000000E+00  0.00000000000000E+00  0.32995115190057E+05  0.00000000000000E+00  0.00000000000000E+00  0.00000000000000E+00  0.00000000000000E+00  0.00000000000000E+00  0.00000000000000E+00  0.00000000000000E+00  0.00000000000000E+00  0.00000000000000E+00  0.00000000000000E+00  0.00000000000000E+00
  -0.31482880275482E+04  0.41567805059918E+03 -0.11040086822851E+03 -0.63964224191956E+02  0.78694143804800E+01 -0.17768136535260E+02 -0.12065822471480E+02 -0.12802726464904E+04  0.15000937537386E+03  0.41252987884267E+02 -0.10842663142740E+02 -0.86572468332390E+02 -0.72698591716704E+01 -0.12008718983174E+00 -0.74661675156895E+03  0.83828045062069E+02 -0.48037894497912E+03 -0.26997048651195E+03  0.15635028335424E+03  0.00000000000000E+00  0.00000000000000E+00  0.00000000000000E+00  0.00000000000000E+00  0.00000000000000E+00  0.00000000000000E+00  0.00000000000000E+00  0.00000000000000E+00  0.00000000000000E+00  0.00000000000000E+00  0.00000000000000E+00  0.00000000000000E+00  0.38053051763090E+04  0.00000000000000E+00  0.00000000000000E+00  0.00000000000000E+00  0.00000000000000E+00  0.00000000000000E+00  0.00000000000000E+00  0.00000000000000E+00  0.00000000000000E+00  0.00000000000000E+00  0.00000000000000E+00
  -0.20838563388846E+06  0.65049614226770E+05 -0.92931628452096E+04 -0.12361341076316E+05  0.30701069052138E+04  0.33071912135213E+03 -0.11166519205293E+04 -0.66712439746585E+04  0.67631179201644E+03  0.66264625554417E+03 -0.58030019932010E+02 -0.46922757224241E+00 -0.34177060097863E+00  0.18609449726091E-12  0.21576656395737E+03 -0.57664814648011E+02  0.10907971159964E+02  0.50481758320461E+02  0.17169949938886E+06  0.00000000000000E+00  0.00000000000000E+00  0.24862645834369E+04  0.24290992175699E+04  0.12026217847115E+05  0.00000000000000E+00  0.00000000000000E+00  0.00000000000000E+00  0.00000000000000E+00  0.00000000000000E+00  0.00000000000000E+00  0.00000000000000E+00  0.00000000000000E+00  0.11119919170015E+06  0.00000000000000E+00  0.00000000000000E+00  0.00000000000000E+00  0.00000000000000E+00  0.00000000000000E+00  0.00000000000000E+00  0.00000000000000E+00  0.00000000000000E+00  0.00000000000000E+00
  -0.23304009191041E+06  0.71034548267104E+05 -0.10298089887313E+05 -0.55616536708124E+05  0.13309475570044E+05  0.48934804292849E+03 -0.53424498035189E+04 -0.12549532996654E+05  0.13133258685126E+04  0.12063144749830E+04 -0.10887962890757E+03  0.25420086330791E-10  0.76179037008415E-11 -0.12821156743110E-12  0.37985611533787E+03 -0.10006718931728E+03  0.26240112239023E+02  0.92674247620579E+02  0.72915859820226E+06  0.31928665283402E+02 -0.34313685129878E+06 -0.16519184873005E+05 -0.46003655388439E+05 -0.21388642150775E+06  0.00000000000000E+00  0.00000000000000E+00  0.00000000000000E+00  0.00000000000000E+00  0.00000000000000E+00  0.00000000000000E+00  0.00000000000000E+00  0.00000000000000E+00  0.00000000000000E+00  0.14054487072096E+06  0.00000000000000E+00  0.00000000000000E+00  0.00000000000000E+00  0.00000000000000E+00  0.00000000000000E+00  0.00000000000000E+00  0.00000000000000E+00  0.00000000000000E+00
  -0.88583224134492E+04  0.23613481770395E+04 -0.38116629807468E+03 -0.24182781354004E+04  0.45859370718341E+03 -0.25797837290705E+03 -0.35508576528362E+03  0.39382897740488E+03 -0.13033613441047E+04  0.12889899909276E+03 -0.13884269044397E+02 -0.18777826168684E+01 -0.20874764755522E+00 -0.13928696210303E-02 -0.29234727727754E+04  0.44213796291902E+03 -0.17685056585015E+04 -0.11983812604221E+04  0.21653558671869E+05  0.00000000000000E+00  0.00000000000000E+00  0.00000000000000E+00  0.00000000000000E+00  0.00000000000000E+00  0.00000000000000E+00  0.00000000000000E+00  0.00000000000000E+00  0.00000000000000E+00  0.00000000000000E+00  0.00000000000000E+00  0.00000000000000E+00  0.00000000000000E+00  0.00000000000000E+00  0.00000000000000E+00  0.81180699338350E+04  0.00000000000000E+00  0.00000000000000E+00  0.00000000000000E+00  0.00000000000000E+00  0.00000000000000E+00  0.00000000000000E+00  0.00000000000000E+00
  -0.30981272488527E+04  0.74091407793243E+03 -0.13151490444866E+03 -0.93102645174253E+03  0.16800256810894E+03 -0.12889808227327E+03 -0.14795121120023E+03  0.35028366719853E+03 -0.72352420060491E+03  0.56234754397515E+02 -0.63372884542199E+01 -0.79398044963041E+00 -0.79591126239300E-01 -0.76287049380597E-03 -0.15517786027125E+04  0.21979633320150E+03 -0.98373931107245E+03 -0.63438678190304E+03  0.67540080288501E+04  0.00000000000000E+00  0.00000000000000E+00  0.00000000000000E+00  0.00000000000000E+00  0.00000000000000E+00  0.00000000000000E+00  0.00000000000000E+00  0.00000000000000E+00  0.00000000000000E+00  0.00000000000000E+00  0.00000000000000E+00  0.00000000000000E+00  0.00000000000000E+00  0.00000000000000E+00  0.00000000000000E+00  0.00000000000000E+00  0.41489133397174E+04  0.00000000000000E+00  0.00000000000000E+00  0.00000000000000E+00  0.00000000000000E+00  0.00000000000000E+00  0.00000000000000E+00
  -0.18030393898160E+05 -0.22122180649992E+04 -0.37949067987493E+02 -0.10484196586562E+05  0.40101952715488E+03 -0.32805299129406E+04 -0.13983874990767E+04 -0.27131668312095E+06  0.11181884215130E+06  0.31343284707096E+04 -0.11854359129903E+04  0.32268239749606E+03  0.33283685285607E+02 -0.15114700932106E+01 -0.22762992298504E+04 -0.31875221615746E+03  0.21345461922064E+03  0.80792705700658E+03 -0.16085556150149E+05  0.00000000000000E+00  0.00000000000000E+00  0.00000000000000E+00  0.00000000000000E+00  0.00000000000000E+00  0.00000000000000E+00  0.00000000000000E+00  0.00000000000000E+00  0.00000000000000E+00  0.00000000000000E+00  0.00000000000000E+00  0.00000000000000E+00  0.00000000000000E+00  0.00000000000000E+00  0.00000000000000E+00  0.00000000000000E+00  0.00000000000000E+00  0.12774327588241E+06  0.00000000000000E+00  0.00000000000000E+00  0.00000000000000E+00  0.00000000000000E+00  0.00000000000000E+00
   0.18294111860883E+05 -0.23635084094570E+04  0.72173738507852E+03 -0.15856555328619E+05  0.25020684457859E+04 -0.33714237946194E+04 -0.31668402877335E+04 -0.99166689350243E+04  0.17828964664667E+04  0.49007381176923E+03 -0.78977131292844E+02  0.40413708714522E+03  0.92960557762183E+02  0.19869271908138E-04  0.22129693964474E+03 -0.40040550353711E+02  0.13336589086560E+03  0.10933412962337E+03  0.41276409772614E+05  0.46180926244445E+02  0.51778730425490E+05  0.36405068492797E+04  0.91294379423045E+04  0.42824655094054E+05  0.00000000000000E+00  0.00000000000000E+00  0.00000000000000E+00  0.00000000000000E+00  0.00000000000000E+00  0.00000000000000E+00  0.00000000000000E+00  0.00000000000000E+00  0.00000000000000E+00  0.00000000000000E+00  0.00000000000000E+00  0.00000000000000E+00  0.00000000000000E+00  0.39777770090866E+05  0.00000000000000E+00  0.00000000000000E+00  0.00000000000000E+00  0.00000000000000E+00
