 Correlated errors added in quadrature with statistical errors
 jl00106F2p           DIS data with   1.69< Q2 < 0.500D+03 and 0.000 < xB < 1.000 and   3.00< W2 < 0.100D+04 and 0.000 < y < 1.000
   GP TMC applied
   HT corrections, multiplicative C=C(xB)
 Correlated errors added in quadrature with statistical errors
 jl00106F2d           DIS data with   1.69< Q2 < 0.500D+03 and 0.000 < xB < 1.000 and   3.00< W2 < 0.100D+04 and 0.000 < y < 1.000
   WBArel smearing  (AV18) - freepar off-shell nuke corrections
   GP TMC applied
   HT corrections, multiplicative C=C(xB)
 Correlated errors added in quadrature with statistical errors
 HerF2pCut            DIS data with   1.69< Q2 < 0.500D+03 and 0.000 < xB < 1.000 and   3.00< W2 < 0.100D+04 and 0.000 < y < 1.000
   GP TMC applied
   HT corrections, multiplicative C=C(xB)
 Correlated errors added in quadrature with statistical errors
 HerF2dCut            DIS data with   1.69< Q2 < 0.500D+03 and 0.000 < xB < 1.000 and   3.00< W2 < 0.100D+04 and 0.000 < y < 1.000
   WBArel smearing  (AV18) - freepar off-shell nuke corrections
   GP TMC applied
   HT corrections, multiplicative C=C(xB)
 Correlated errors added in quadrature with statistical errors
 slac_p               DIS data with   1.69< Q2 < 0.500D+03 and 0.000 < xB < 1.000 and   3.00< W2 < 0.100D+04 and 0.000 < y < 1.000
   GP TMC applied
   HT corrections, multiplicative C=C(xB)
 Correlated errors added in quadrature with statistical errors
 slac_d               DIS data with   1.69< Q2 < 0.500D+03 and 0.000 < xB < 1.000 and   3.00< W2 < 0.100D+04 and 0.000 < y < 1.000
   WBArel smearing  (AV18) - freepar off-shell nuke corrections
   GP TMC applied
   HT corrections, multiplicative C=C(xB)
 Correlated errors treated separately from statistical errors
 BcdF2pCor            DIS data with   1.69< Q2 < 0.500D+03 and 0.000 < xB < 1.000 and   3.00< W2 < 0.100D+04 and 0.000 < y < 1.000
   GP TMC applied
   HT corrections, multiplicative C=C(xB)
 Correlated errors treated separately from statistical errors
 BcdF2dCor            DIS data with   1.69< Q2 < 0.500D+03 and 0.000 < xB < 1.000 and   3.00< W2 < 0.100D+04 and 0.000 < y < 1.000
   WBArel smearing  (AV18) - freepar off-shell nuke corrections
   GP TMC applied
   HT corrections, multiplicative C=C(xB)
 Correlated errors treated separately from statistical errors
 NmcF2pCor            DIS data with   1.69< Q2 < 0.500D+03 and 0.000 < xB < 1.000 and   3.00< W2 < 0.100D+04 and 0.000 < y < 1.000
   GP TMC applied
   HT corrections, multiplicative C=C(xB)
 Correlated errors treated separately from statistical errors
 NmcRatCor            DIS data with   1.69< Q2 < 0.500D+03 and 0.000 < xB < 1.000 and   3.00< W2 < 0.100D+04 and 0.000 < y < 1.000
   WBArel smearing  (AV18) - freepar off-shell nuke corrections
   GP TMC applied
   HT corrections, multiplicative C=C(xB)
 Correlated errors treated separately from statistical errors
 H2_NC_em             DIS data with   1.69< Q2 < 0.100D+06 and 0.000 < xB < 1.000 and   3.00< W2 < 0.100D+08 and 0.000 < y < 1.000
   GP TMC applied
   HT corrections, multiplicative C=C(xB)
 Correlated errors treated separately from statistical errors
 H2_NC_ep_1           DIS data with   1.69< Q2 < 0.100D+06 and 0.000 < xB < 1.000 and   3.00< W2 < 0.100D+08 and 0.000 < y < 1.000
   GP TMC applied
   HT corrections, multiplicative C=C(xB)
 Correlated errors treated separately from statistical errors
 H2_NC_ep_2           DIS data with   1.69< Q2 < 0.100D+06 and 0.000 < xB < 1.000 and   3.00< W2 < 0.100D+08 and 0.000 < y < 1.000
   GP TMC applied
   HT corrections, multiplicative C=C(xB)
 Correlated errors treated separately from statistical errors
 H2_NC_ep_3           DIS data with   1.69< Q2 < 0.100D+06 and 0.000 < xB < 1.000 and   3.00< W2 < 0.100D+08 and 0.000 < y < 1.000
   GP TMC applied
   HT corrections, multiplicative C=C(xB)
 Correlated errors treated separately from statistical errors
 H2_NC_ep_4           DIS data with   1.69< Q2 < 0.100D+06 and 0.000 < xB < 1.000 and   3.00< W2 < 0.100D+08 and 0.000 < y < 1.000
   GP TMC applied
   HT corrections, multiplicative C=C(xB)
 Correlated errors treated separately from statistical errors
 H2_CC_em             DIS data with   1.69< Q2 < 0.100D+06 and 0.000 < xB < 1.000 and   3.00< W2 < 0.100D+08 and 0.000 < y < 1.000
   GP TMC applied
   HT corrections, multiplicative C=C(xB)
 Correlated errors treated separately from statistical errors
 H2_CC_ep             DIS data with   1.69< Q2 < 0.100D+06 and 0.000 < xB < 1.000 and   3.00< W2 < 0.100D+08 and 0.000 < y < 1.000
   GP TMC applied
   HT corrections, multiplicative C=C(xB)
 Correlated errors added in quadrature with statistical errors
 BNS_F2nd             DIS data with   1.69< Q2 < 0.100D+06 and 0.000 < xB < 1.000 and   3.00< W2 < 0.100D+08 and 0.000 < y < 1.000
   WBArel smearing  (AV18) - freepar off-shell nuke corrections
   GP TMC applied
   HT corrections, multiplicative C=C(xB)
 Correlated errors added in quadrature with statistical errors
 e866pp06xf           vector boson data with Q2 >=  36.00
 Correlated errors added in quadrature with statistical errors
 e866pd06xf           vector boson data with Q2 >=  36.00
 Correlated errors added in quadrature with statistical errors
 cdfLasy05            vector boson data with Q2 >=   0.00
 Correlated errors added in quadrature with statistical errors
 d0Lasy_e15           vector boson data with Q2 >=   0.00
 Correlated errors added in quadrature with statistical errors
 d0Lasy13             vector boson data with Q2 >=   0.00
 Correlated errors added in quadrature with statistical errors
 CDF_Wasy             vector boson data with Q2 >=   0.00
 Correlated errors added in quadrature with statistical errors
 D0_Wasy              vector boson data with Q2 >=   0.00
 Correlated errors added in quadrature with statistical errors
 CDF_Z                vector boson data with Q2 >=   0.00
 Correlated errors added in quadrature with statistical errors
 D0_Z                 vector boson data with Q2 >=   0.00
 Correlated errors added in quadrature with statistical errors
 d0run2cone          Jet data - errors added in quadrature
 Correlated errors added in quadrature with statistical errors
 CDFrun2jet          Jet data - errors added in quadrature
 Correlated errors added in quadrature with statistical errors
 d0_gamjet1           Photon data -- cuts to be written yet ...
 Correlated errors added in quadrature with statistical errors
 d0_gamjet2           Photon data -- cuts to be written yet ...
 Correlated errors added in quadrature with statistical errors
 d0_gamjet3           Photon data -- cuts to be written yet ...
 Correlated errors added in quadrature with statistical errors
 d0_gamjet4           Photon data -- cuts to be written yet ...

# fitpack15: fit output
# CJ15 AV18 final data choices                                                 

Parametrization   7 used here

 S-ACOT scheme used  for NC DIS

 charm mass =     1.30 GeV     bottom mass =     4.50 GeV



 THIS IS A NEXT TO LEADING ORDER FIT

 Q02=    1.69
         1  LAMBDA      VALUE=   0.22680      WEIGHT=    0.0000    
         2  a0uv        VALUE=    2.4067      WEIGHT=    0.0000    
         3  a1uv        VALUE=   0.61537      WEIGHT=   0.19856E-01
         4  a2uv        VALUE=    3.5433      WEIGHT=   0.12414E-01
         5  a3uv        VALUE=    0.0000      WEIGHT=    0.0000    
         6  a4uv        VALUE=    3.4609      WEIGHT=   0.42903    
         7  a5uv        VALUE=    0.0000      WEIGHT=    0.0000    
         8  a0dv        VALUE=    24.684      WEIGHT=    0.0000    
         9  a1dv        VALUE=    1.1595      WEIGHT=   0.33533E-01
        10  a2dv        VALUE=    6.5514      WEIGHT=   0.15936    
        11  a3dv        VALUE=   -3.5030      WEIGHT=   0.86332E-01
        12  a4dv        VALUE=    4.6787      WEIGHT=   0.14209    
        13  a5dv        VALUE=    0.0000      WEIGHT=    0.0000    
        14  a0ud        VALUE=   0.14658      WEIGHT=   0.50348E-02
        15  a1ud        VALUE=  -0.20775      WEIGHT=   0.37551E-02
        16  a2ud        VALUE=    8.3286      WEIGHT=   0.19114    
        17  a3ud        VALUE=    0.0000      WEIGHT=    0.0000    
        18  a4ud        VALUE=    14.606      WEIGHT=    1.2151    
        19  a5ud        VALUE=    0.0000      WEIGHT=    0.0000    
        20  a0du        VALUE=    35712.      WEIGHT=    0.0000    
        21  a1du        VALUE=    4.0249      WEIGHT=   0.74070E-01
        22  a2du        VALUE=    20.154      WEIGHT=   0.87862    
        23  a3du        VALUE=    17.000      WEIGHT=    0.0000    
        24  a4du        VALUE=    51.156      WEIGHT=    10.239    
        25  a0g         VALUE=    45.541      WEIGHT=    0.0000    
        26  a1g         VALUE=   0.60307      WEIGHT=   0.31164E-01
        27  a2g         VALUE=    6.4812      WEIGHT=   0.96748    
        28  a3g         VALUE=   -3.3064      WEIGHT=   0.13418    
        29  a4g         VALUE=    3.1721      WEIGHT=   0.31376    
        30  a5g         VALUE=    0.0000      WEIGHT=    0.0000    
        31  kappa       VALUE=   0.40000      WEIGHT=    0.0000    
        32  a6dv        VALUE=  -0.36005E-02  WEIGHT=   0.66324E-03
        33  a7dv        VALUE=    2.0000      WEIGHT=    0.0000    
        34  off1        VALUE=   -3.5009      WEIGHT=    1.4769    
        35  off2        VALUE=   0.56166E-01  WEIGHT=   0.58667E-01
        36  off3        VALUE=   0.35901      WEIGHT=   0.10000    
        37  ht1         VALUE=   -3.2874      WEIGHT=   0.26061    
        38  ht2         VALUE=    1.9274      WEIGHT=   0.10524    
        39  ht3         VALUE=   -2.0701      WEIGHT=   0.19888E-01
        40  ht4         VALUE=    0.0000      WEIGHT=    0.0000    
        41  dummy41     VALUE=    0.0000      WEIGHT=    0.0000    
        42  dummy42     VALUE=    0.0000      WEIGHT=    0.0000    
        43  dummy43     VALUE=    0.0000      WEIGHT=    0.0000    
        44  dummy44     VALUE=    0.0000      WEIGHT=    0.0000    
        45  dummy45     VALUE=    0.0000      WEIGHT=    0.0000    
        46  dummy46     VALUE=    0.0000      WEIGHT=    0.0000    
        47  dummy47     VALUE=    0.0000      WEIGHT=    0.0000    
        48  dummy48     VALUE=    0.0000      WEIGHT=    0.0000    
        49  dummy49     VALUE=    0.0000      WEIGHT=    0.0000    
        50  bcdmsh2     VALUE=   0.97307      WEIGHT=   0.48289E-02
        51  bcdmsd2     VALUE=   0.99317      WEIGHT=   0.58269E-02
        52  ccfr        VALUE=    1.0000      WEIGHT=    0.0000    
        53  nutev       VALUE=    1.0000      WEIGHT=    0.0000    
        54  zeus        VALUE=   0.97998      WEIGHT=    0.0000    
        55  h1          VALUE=    1.0162      WEIGHT=    0.0000    
        56  e605        VALUE=    1.0319      WEIGHT=    0.0000    
        57  NmcH2       VALUE=    1.0095      WEIGHT=   0.71247E-02
        58  ntv_nu      VALUE=    1.0000      WEIGHT=    0.0000    
        59  ntv_nuba    VALUE=    1.0000      WEIGHT=    0.0000    
        60  cdf_jet     VALUE=   0.98910      WEIGHT=    0.0000    
        61  d0_jet      VALUE=   0.83504      WEIGHT=    0.0000    
        62  slac_p      VALUE=    1.0049      WEIGHT=   0.48124E-02
        63  slac_d      VALUE=    1.0042      WEIGHT=   0.52781E-02
        64  e866pp      VALUE=   0.96586      WEIGHT=   0.19263E-01
        65  e866pd      VALUE=   0.96369      WEIGHT=   0.15783E-01
        66  d0_gamje    VALUE=    1.0389      WEIGHT=   0.16474E-01
        67  h1b         VALUE=   0.97608      WEIGHT=    0.0000    
        68  jlab_p      VALUE=   0.99446      WEIGHT=   0.57943E-02
        69  jlab_d      VALUE=   0.97557      WEIGHT=   0.59019E-02
        70  blank       VALUE=    1.0000      WEIGHT=    0.0000    
        71  d0run2      VALUE=   0.94087      WEIGHT=   0.14167E-01
        72  cdfrun2     VALUE=   0.92649      WEIGHT=   0.17233E-01
        73  HERA_el     VALUE=    1.0000      WEIGHT=    0.0000    
        74  HERA_ps     VALUE=    1.0000      WEIGHT=    0.0000    
        75  CDF_Z       VALUE=   0.96581      WEIGHT=   0.64944E-02
        76  NmcRat      VALUE=    1.0000      WEIGHT=    0.0000    
        77  BNS_F2nd    VALUE=   0.98310      WEIGHT=   0.68314E-02
        78  HERMES_F    VALUE=   0.99832      WEIGHT=   0.55693E-02
        79  HERMES_F    VALUE=   0.98039      WEIGHT=   0.58259E-02
0THE TOLERANCE IS    0.1000
 THE MAXIMUM NUMBER OF STEPS IS 100
0THE INITIAL CHI SQUARED IS  3.90698E+04
0  STEP  CHI SQUARED    PARAMETER      VALUE         ERROR
 ------------------------------------------------------------
     1    4.71074E+03
                       1  LAMBDA     2.2680E-01       FIX 
                       2  a0uv       2.3469E+00       FIX 
                       3  a1uv       6.0937E-01           
                       4  a2uv       3.5496E+00           
                       5  a3uv       0.0000E+00       FIX 
                       6  a4uv       3.5889E+00           
                       7  a5uv       0.0000E+00       FIX 
                       8  a0dv       2.5669E+01       FIX 
                       9  a1dv       1.1675E+00           
                      10  a2dv       6.5841E+00           
                      11  a3dv      -3.4995E+00           
                      12  a4dv       4.6232E+00           
                      13  a5dv       0.0000E+00       FIX 
                      14  a0ud       1.4590E-01           
                      15  a1ud      -2.0814E-01           
                      16  a2ud       8.3063E+00           
                      17  a3ud       0.0000E+00       FIX 
                      18  a4ud       1.3958E+01           
                      19  a5ud       0.0000E+00       FIX 
                      20  a0du       3.5712E+04       FIX 
                      21  a1du       4.1234E+00           
                      22  a2du       2.0571E+01           
                      23  a3du       1.7000E+01       FIX 
                      24  a4du       6.9019E+01           
                      25  a0g        4.5989E+01       FIX 
                      26  a1g        6.0201E-01           
                      27  a2g        6.1732E+00           
                      28  a3g       -3.3823E+00           
                      29  a4g        3.2720E+00           
                      30  a5g        0.0000E+00       FIX 
                      31  kappa      4.0000E-01       FIX 
                      32  a6dv      -3.7188E-03           
                      33  a7dv       2.0000E+00       FIX 
                      34  off1      -2.9466E-01           
                      35  off2       8.7782E-01           
                      36  off3      -1.2968E+00           
                      37  ht1       -3.2888E+00           
                      38  ht2        1.9283E+00           
                      39  ht3       -2.1015E+00           
                      40  ht4        0.0000E+00       FIX 
                      41  dummy41    0.0000E+00       FIX 
                      42  dummy42    0.0000E+00       FIX 
                      43  dummy43    0.0000E+00       FIX 
                      44  dummy44    0.0000E+00       FIX 
                      45  dummy45    0.0000E+00       FIX 
                      46  dummy46    0.0000E+00       FIX 
                      47  dummy47    0.0000E+00       FIX 
                      48  dummy48    0.0000E+00       FIX 
                      49  dummy49    0.0000E+00       FIX 
                      50  bcdmsh2    9.7128E-01           
                      51  bcdmsd2    9.9437E-01           
                      52  ccfr       1.0000E+00       FIX 
                      53  nutev      1.0000E+00       FIX 
                      54  zeus       9.7998E-01       FIX 
                      55  h1         1.0162E+00       FIX 
                      56  e605       1.0319E+00       FIX 
                      57  NmcH2      1.0082E+00           
                      58  ntv_nu     1.0000E+00       FIX 
                      59  ntv_nuba   1.0000E+00       FIX 
                      60  cdf_jet    9.8910E-01       FIX 
                      61  d0_jet     8.3504E-01       FIX 
                      62  slac_p     1.0034E+00           
                      63  slac_d     1.0047E+00           
                      64  e866pp     9.7013E-01           
                      65  e866pd     9.4262E-01           
                      66  d0_gamje   1.0417E+00           
                      67  h1b        9.7608E-01       FIX 
                      68  jlab_p     9.9546E-01           
                      69  jlab_d     9.7719E-01           
                      70  blank      1.0000E+00       FIX 
                      71  d0run2     9.4839E-01           
                      72  cdfrun2    9.3329E-01           
                      73  HERA_el    1.0000E+00       FIX 
                      74  HERA_ps    1.0000E+00       FIX 
                      75  CDF_Z      9.5745E-01           
                      76  NmcRat     1.0000E+00       FIX 
                      77  BNS_F2nd   9.6018E-01           
                      78  HERMES_F   9.9639E-01           
                      79  HERMES_F   9.8036E-01           
 ------------------------------------------------------------
     2    4.70264E+03
                       1  LAMBDA     2.2680E-01       FIX 
                       2  a0uv       2.1593E+00       FIX 
                       3  a1uv       5.9004E-01           
                       4  a2uv       3.5541E+00           
                       5  a3uv       0.0000E+00       FIX 
                       6  a4uv       4.0018E+00           
                       7  a5uv       0.0000E+00       FIX 
                       8  a0dv       2.5256E+01       FIX 
                       9  a1dv       1.1625E+00           
                      10  a2dv       6.5968E+00           
                      11  a3dv      -3.5141E+00           
                      12  a4dv       4.6769E+00           
                      13  a5dv       0.0000E+00       FIX 
                      14  a0ud       1.4457E-01           
                      15  a1ud      -2.0911E-01           
                      16  a2ud       8.4116E+00           
                      17  a3ud       0.0000E+00       FIX 
                      18  a4ud       1.4793E+01           
                      19  a5ud       0.0000E+00       FIX 
                      20  a0du       3.5712E+04       FIX 
                      21  a1du       4.0922E+00           
                      22  a2du       2.0866E+01           
                      23  a3du       1.7000E+01       FIX 
                      24  a4du       5.3586E+01           
                      25  a0g        4.7180E+01       FIX 
                      26  a1g        6.0966E-01           
                      27  a2g        6.2863E+00           
                      28  a3g       -3.3896E+00           
                      29  a4g        3.3038E+00           
                      30  a5g        0.0000E+00       FIX 
                      31  kappa      4.0000E-01       FIX 
                      32  a6dv      -3.8603E-03           
                      33  a7dv       2.0000E+00       FIX 
                      34  off1      -1.2654E-01           
                      35  off2       3.1892E-01           
                      36  off3      -8.4333E-01           
                      37  ht1       -3.2960E+00           
                      38  ht2        1.9420E+00           
                      39  ht3       -2.1056E+00           
                      40  ht4        0.0000E+00       FIX 
                      41  dummy41    0.0000E+00       FIX 
                      42  dummy42    0.0000E+00       FIX 
                      43  dummy43    0.0000E+00       FIX 
                      44  dummy44    0.0000E+00       FIX 
                      45  dummy45    0.0000E+00       FIX 
                      46  dummy46    0.0000E+00       FIX 
                      47  dummy47    0.0000E+00       FIX 
                      48  dummy48    0.0000E+00       FIX 
                      49  dummy49    0.0000E+00       FIX 
                      50  bcdmsh2    9.6986E-01           
                      51  bcdmsd2    9.9275E-01           
                      52  ccfr       1.0000E+00       FIX 
                      53  nutev      1.0000E+00       FIX 
                      54  zeus       9.7998E-01       FIX 
                      55  h1         1.0162E+00       FIX 
                      56  e605       1.0319E+00       FIX 
                      57  NmcH2      1.0067E+00           
                      58  ntv_nu     1.0000E+00       FIX 
                      59  ntv_nuba   1.0000E+00       FIX 
                      60  cdf_jet    9.8910E-01       FIX 
                      61  d0_jet     8.3504E-01       FIX 
                      62  slac_p     1.0020E+00           
                      63  slac_d     1.0033E+00           
                      64  e866pp     9.7401E-01           
                      65  e866pd     9.5197E-01           
                      66  d0_gamje   1.0393E+00           
                      67  h1b        9.7608E-01       FIX 
                      68  jlab_p     9.9434E-01           
                      69  jlab_d     9.7605E-01           
                      70  blank      1.0000E+00       FIX 
                      71  d0run2     9.5130E-01           
                      72  cdfrun2    9.3583E-01           
                      73  HERA_el    1.0000E+00       FIX 
                      74  HERA_ps    1.0000E+00       FIX 
                      75  CDF_Z      9.5761E-01           
                      76  NmcRat     1.0000E+00       FIX 
                      77  BNS_F2nd   9.7386E-01           
                      78  HERMES_F   9.9517E-01           
                      79  HERMES_F   9.7921E-01           
 ------------------------------------------------------------
     3    4.70041E+03
                       1  LAMBDA     2.2680E-01       FIX 
                       2  a0uv       2.0691E+00       FIX 
                       3  a1uv       5.8068E-01           
                       4  a2uv       3.5575E+00           
                       5  a3uv       0.0000E+00       FIX 
                       6  a4uv       4.2414E+00           
                       7  a5uv       0.0000E+00       FIX 
                       8  a0dv       2.5317E+01       FIX 
                       9  a1dv       1.1608E+00           
                      10  a2dv       6.6134E+00           
                      11  a3dv      -3.5319E+00           
                      12  a4dv       4.7062E+00           
                      13  a5dv       0.0000E+00       FIX 
                      14  a0ud       1.4297E-01           
                      15  a1ud      -2.1014E-01           
                      16  a2ud       8.4206E+00           
                      17  a3ud       0.0000E+00       FIX 
                      18  a4ud       1.5044E+01           
                      19  a5ud       0.0000E+00       FIX 
                      20  a0du       3.5712E+04       FIX 
                      21  a1du       4.1362E+00           
                      22  a2du       2.0780E+01           
                      23  a3du       1.7000E+01       FIX 
                      24  a4du       6.5117E+01           
                      25  a0g        4.6338E+01       FIX 
                      26  a1g        6.0464E-01           
                      27  a2g        6.2436E+00           
                      28  a3g       -3.3981E+00           
                      29  a4g        3.3237E+00           
                      30  a5g        0.0000E+00       FIX 
                      31  kappa      4.0000E-01       FIX 
                      32  a6dv      -3.9451E-03           
                      33  a7dv       2.0000E+00       FIX 
                      34  off1      -1.6883E-01           
                      35  off2       4.5887E-01           
                      36  off3      -9.5918E-01           
                      37  ht1       -3.3341E+00           
                      38  ht2        1.9650E+00           
                      39  ht3       -2.1058E+00           
                      40  ht4        0.0000E+00       FIX 
                      41  dummy41    0.0000E+00       FIX 
                      42  dummy42    0.0000E+00       FIX 
                      43  dummy43    0.0000E+00       FIX 
                      44  dummy44    0.0000E+00       FIX 
                      45  dummy45    0.0000E+00       FIX 
                      46  dummy46    0.0000E+00       FIX 
                      47  dummy47    0.0000E+00       FIX 
                      48  dummy48    0.0000E+00       FIX 
                      49  dummy49    0.0000E+00       FIX 
                      50  bcdmsh2    9.6934E-01           
                      51  bcdmsd2    9.9225E-01           
                      52  ccfr       1.0000E+00       FIX 
                      53  nutev      1.0000E+00       FIX 
                      54  zeus       9.7998E-01       FIX 
                      55  h1         1.0162E+00       FIX 
                      56  e605       1.0319E+00       FIX 
                      57  NmcH2      1.0066E+00           
                      58  ntv_nu     1.0000E+00       FIX 
                      59  ntv_nuba   1.0000E+00       FIX 
                      60  cdf_jet    9.8910E-01       FIX 
                      61  d0_jet     8.3504E-01       FIX 
                      62  slac_p     1.0015E+00           
                      63  slac_d     1.0026E+00           
                      64  e866pp     9.7940E-01           
                      65  e866pd     9.5134E-01           
                      66  d0_gamje   1.0392E+00           
                      67  h1b        9.7608E-01       FIX 
                      68  jlab_p     9.9398E-01           
                      69  jlab_d     9.7548E-01           
                      70  blank      1.0000E+00       FIX 
                      71  d0run2     9.5251E-01           
                      72  cdfrun2    9.3718E-01           
                      73  HERA_el    1.0000E+00       FIX 
                      74  HERA_ps    1.0000E+00       FIX 
                      75  CDF_Z      9.5514E-01           
                      76  NmcRat     1.0000E+00       FIX 
                      77  BNS_F2nd   9.7231E-01           
                      78  HERMES_F   9.9468E-01           
                      79  HERMES_F   9.7863E-01           
 ------------------------------------------------------------
     4    4.70038E+03
                       1  LAMBDA     2.2680E-01    0.0000E+00
                       2  a0uv       2.0685E+00    0.0000E+00
                       3  a1uv       5.8052E-01    2.2314E-02
                       4  a2uv       3.5574E+00    1.1281E-02
                       5  a3uv       0.0000E+00    0.0000E+00
                       6  a4uv       4.2396E+00    5.5893E-01
                       7  a5uv       0.0000E+00    0.0000E+00
                       8  a0dv       2.5286E+01    0.0000E+00
                       9  a1dv       1.1610E+00    3.2201E-02
                      10  a2dv       6.6125E+00    1.5810E-01
                      11  a3dv      -3.5295E+00    8.2942E-02
                      12  a4dv       4.7056E+00    1.3574E-01
                      13  a5dv       0.0000E+00    0.0000E+00
                      14  a0ud       1.4315E-01    4.9651E-03
                      15  a1ud      -2.1001E-01    3.7769E-03
                      16  a2ud       8.4273E+00    1.8804E-01
                      17  a3ud       0.0000E+00    0.0000E+00
                      18  a4ud       1.5082E+01    1.2574E+00
                      19  a5ud       0.0000E+00    0.0000E+00
                      20  a0du       3.5712E+04    0.0000E+00
                      21  a1du       4.1225E+00    1.0195E-01
                      22  a2du       2.0796E+01    1.0774E+00
                      23  a3du       1.7000E+01    0.0000E+00
                      24  a4du       6.0728E+01    1.5409E+01
                      25  a0g        4.6780E+01    0.0000E+00
                      26  a1g        6.0695E-01    3.0496E-02
                      27  a2g        6.2620E+00    8.6905E-01
                      28  a3g       -3.3974E+00    1.2596E-01
                      29  a4g        3.3203E+00    3.0129E-01
                      30  a5g        0.0000E+00    0.0000E+00
                      31  kappa      4.0000E-01    0.0000E+00
                      32  a6dv      -3.9392E-03    6.9410E-04
                      33  a7dv       2.0000E+00    0.0000E+00
                      34  off1      -1.4913E-01    1.2152E-01
                      35  off2       4.2604E-01    7.4190E-01
                      36  off3      -9.6196E-01    1.0363E+00
                      37  ht1       -3.3310E+00    2.7807E-01
                      38  ht2        1.9623E+00    1.1462E-01
                      39  ht3       -2.1060E+00    2.9604E-02
                      40  ht4        0.0000E+00    0.0000E+00
                      41  dummy41    0.0000E+00    0.0000E+00
                      42  dummy42    0.0000E+00    0.0000E+00
                      43  dummy43    0.0000E+00    0.0000E+00
                      44  dummy44    0.0000E+00    0.0000E+00
                      45  dummy45    0.0000E+00    0.0000E+00
                      46  dummy46    0.0000E+00    0.0000E+00
                      47  dummy47    0.0000E+00    0.0000E+00
                      48  dummy48    0.0000E+00    0.0000E+00
                      49  dummy49    0.0000E+00    0.0000E+00
                      50  bcdmsh2    9.6921E-01    4.8672E-03
                      51  bcdmsd2    9.9198E-01    5.8579E-03
                      52  ccfr       1.0000E+00    0.0000E+00
                      53  nutev      1.0000E+00    0.0000E+00
                      54  zeus       9.7998E-01    0.0000E+00
                      55  h1         1.0162E+00    0.0000E+00
                      56  e605       1.0319E+00    0.0000E+00
                      57  NmcH2      1.0062E+00    7.1152E-03
                      58  ntv_nu     1.0000E+00    0.0000E+00
                      59  ntv_nuba   1.0000E+00    0.0000E+00
                      60  cdf_jet    9.8910E-01    0.0000E+00
                      61  d0_jet     8.3504E-01    0.0000E+00
                      62  slac_p     1.0013E+00    4.8757E-03
                      63  slac_d     1.0024E+00    5.3157E-03
                      64  e866pp     9.7829E-01    1.9497E-02
                      65  e866pd     9.5227E-01    1.7263E-02
                      66  d0_gamje   1.0389E+00    1.6508E-02
                      67  h1b        9.7608E-01    0.0000E+00
                      68  jlab_p     9.9385E-01    5.8436E-03
                      69  jlab_d     9.7528E-01    5.9577E-03
                      70  blank      1.0000E+00    0.0000E+00
                      71  d0run2     9.5252E-01    1.4857E-02
                      72  cdfrun2    9.3718E-01    1.7613E-02
                      73  HERA_el    1.0000E+00    0.0000E+00
                      74  HERA_ps    1.0000E+00    0.0000E+00
                      75  CDF_Z      9.5552E-01    6.6114E-03
                      76  NmcRat     1.0000E+00    0.0000E+00
                      77  BNS_F2nd   9.7328E-01    7.2912E-03
                      78  HERMES_F   9.9450E-01    5.6152E-03
                      79  HERMES_F   9.7845E-01    5.8502E-03
0 MINIMIZATION TERMINATED WITH STEP  4
  TOLERANCE CRITERION      SATISFIED
0 CHI SQUARED PER DEGREE OF FREEDOM IS  1.044E+00
   1.000 -0.299 -0.983  0.242 -0.018  0.149 -0.328  0.447  0.388 -0.319 -0.543 -0.160 -0.187  0.056  0.165  0.113 -0.006  0.013  0.244 -0.214  0.208 -0.168  0.105 -0.215  0.055  0.313  0.251  0.168  0.309  0.274 -0.422 -0.272  0.101  0.215  0.218 -0.118 -0.103  0.375  0.032  0.267  0.236
  -0.299  1.000  0.440  0.277  0.358 -0.221  0.171 -0.113 -0.108  0.343  0.221  0.232 -0.032  0.152  0.013  0.096  0.046  0.023 -0.180 -0.053  0.013 -0.018 -0.551  0.340  0.283  0.149  0.081  0.048  0.040  0.060  0.153 -0.007  0.015  0.130  0.146 -0.081 -0.043 -0.026 -0.102  0.084  0.074
  -0.983  0.440  1.000 -0.160  0.088 -0.185  0.341 -0.431 -0.379  0.369  0.568  0.188  0.181 -0.025 -0.138 -0.065  0.024 -0.009 -0.244  0.195 -0.186  0.149 -0.182  0.255  0.019 -0.207 -0.174 -0.110 -0.202 -0.179  0.478  0.314 -0.089 -0.119 -0.132  0.071  0.067 -0.301 -0.032 -0.171 -0.149
   0.242  0.277 -0.160  1.000  0.824 -0.647  0.058  0.136  0.089 -0.092 -0.186  0.299 -0.235  0.166  0.333  0.249 -0.220  0.237  0.269 -0.126  0.081 -0.024 -0.262  0.146  0.237  0.297  0.218  0.125  0.300  0.238  0.042 -0.091  0.054  0.250  0.155 -0.073 -0.065  0.203 -0.019  0.279  0.231
  -0.018  0.358  0.088  0.824  1.000 -0.872  0.554 -0.086 -0.100  0.185  0.123  0.165 -0.026  0.174  0.205  0.154 -0.225  0.214 -0.145 -0.038 -0.026  0.081 -0.127 -0.010  0.110  0.165  0.120  0.110  0.122  0.076  0.109 -0.009  0.022  0.134 -0.017 -0.014 -0.021  0.088 -0.025  0.135  0.105
   0.149 -0.221 -0.185 -0.647 -0.872  1.000 -0.751  0.261  0.254 -0.174 -0.280 -0.063  0.028 -0.242 -0.164 -0.209  0.226 -0.264 -0.000  0.058 -0.097  0.076  0.173 -0.083 -0.130 -0.084 -0.060 -0.127 -0.062 -0.032 -0.160 -0.121  0.009 -0.070  0.053  0.014  0.010 -0.038 -0.111 -0.094 -0.077
  -0.328  0.171  0.341  0.058  0.554 -0.751  1.000 -0.390 -0.352  0.472  0.572 -0.246  0.267  0.057 -0.056  0.052 -0.068  0.092 -0.360  0.113 -0.018 -0.011  0.026 -0.106 -0.009 -0.034 -0.027  0.105 -0.074 -0.076  0.176  0.264 -0.046 -0.026 -0.140 -0.009 -0.005  0.006  0.168 -0.033 -0.021
   0.447 -0.113 -0.431  0.136 -0.086  0.261 -0.390  1.000  0.967 -0.409 -0.779  0.021 -0.127 -0.132 -0.068 -0.024  0.174 -0.129  0.132  0.000 -0.002  0.011 -0.034 -0.012  0.071  0.236  0.189  0.161  0.235  0.213 -0.099 -0.060  0.085  0.168  0.186  0.007  0.004  0.328  0.006  0.215  0.187
   0.388 -0.108 -0.379  0.089 -0.100  0.254 -0.352  0.967  1.000 -0.363 -0.730  0.012 -0.104 -0.121 -0.177 -0.092  0.212 -0.178  0.105  0.001 -0.008  0.016 -0.025 -0.013  0.046  0.182  0.147  0.137  0.175  0.158 -0.107 -0.074  0.073  0.123  0.141  0.028  0.018  0.260 -0.004  0.161  0.138
  -0.319  0.343  0.369 -0.092  0.185 -0.174  0.472 -0.409 -0.363  1.000  0.756 -0.321  0.463 -0.192 -0.069 -0.165 -0.188  0.049 -0.290  0.297 -0.314  0.257  0.109 -0.045 -0.182 -0.086 -0.049  0.015 -0.076 -0.038  0.014  0.082 -0.032 -0.020 -0.030  0.126  0.070 -0.063 -0.073 -0.033  0.003
  -0.543  0.221  0.568 -0.186  0.123 -0.280  0.572 -0.779 -0.730  0.756  1.000 -0.282  0.357 -0.171 -0.047 -0.094 -0.082 -0.018 -0.245  0.337 -0.220  0.131  0.125 -0.116 -0.103 -0.037 -0.022  0.051 -0.004  0.021  0.321  0.449 -0.097  0.029  0.011 -0.047 -0.059  0.020  0.110  0.017  0.057
  -0.160  0.232  0.188  0.299  0.165 -0.063 -0.246  0.021  0.012 -0.321 -0.282  1.000 -0.634  0.473  0.090  0.033 -0.119  0.107  0.117 -0.519  0.289 -0.170 -0.189  0.221  0.050 -0.006  0.032 -0.012  0.010  0.007  0.269 -0.237  0.045  0.029  0.010  0.090  0.070 -0.279 -0.205  0.039 -0.014
  -0.187 -0.032  0.181 -0.235 -0.026  0.028  0.267 -0.127 -0.104  0.463  0.357 -0.634  1.000 -0.116 -0.207 -0.176  0.148 -0.190 -0.264  0.217 -0.310  0.302  0.199 -0.214 -0.112  0.005  0.000  0.017 -0.018 -0.012  0.104  0.143 -0.016 -0.013 -0.012 -0.020 -0.026  0.014 -0.153 -0.030 -0.010
   0.056  0.152 -0.025  0.166  0.174 -0.242  0.057 -0.132 -0.121 -0.192 -0.171  0.473 -0.116  1.000  0.009  0.143 -0.144  0.213  0.062 -0.782  0.482 -0.312 -0.138  0.169  0.038  0.076  0.074  0.122  0.069  0.033  0.133 -0.295  0.084  0.063  0.022  0.078  0.070 -0.311 -0.303  0.077  0.039
   0.165  0.013 -0.138  0.333  0.205 -0.164 -0.056 -0.068 -0.177 -0.069 -0.047  0.090 -0.207  0.009  1.000  0.709 -0.701  0.794  0.156 -0.010  0.040 -0.032 -0.075  0.136  0.102  0.121  0.093 -0.043  0.171  0.153 -0.079 -0.054  0.033  0.116  0.112 -0.037 -0.002  0.114  0.048  0.153  0.141
   0.113  0.096 -0.065  0.249  0.154 -0.209  0.052 -0.024 -0.092 -0.165 -0.094  0.033 -0.176  0.143  0.709  1.000 -0.296  0.738  0.144 -0.088  0.150 -0.127 -0.336  0.405  0.386  0.150  0.101  0.033  0.241  0.210 -0.024  0.020  0.037  0.153  0.156 -0.274 -0.125  0.117  0.123  0.209  0.193
  -0.006  0.046  0.024 -0.220 -0.225  0.226 -0.068  0.174  0.212 -0.188 -0.082 -0.119  0.148 -0.144 -0.701 -0.296  1.000 -0.843 -0.054  0.052  0.033 -0.049 -0.169 -0.004  0.296  0.127  0.073  0.141  0.131  0.106  0.201  0.259 -0.024  0.108  0.106 -0.378 -0.271  0.242  0.131  0.078  0.061
   0.013  0.023 -0.009  0.237  0.214 -0.264  0.092 -0.129 -0.178  0.049 -0.018  0.107 -0.190  0.213  0.794  0.738 -0.843  1.000  0.093 -0.105  0.056 -0.025 -0.086  0.278 -0.016 -0.088 -0.059 -0.120 -0.049 -0.039 -0.200 -0.237  0.038 -0.064 -0.054  0.165  0.168 -0.209 -0.057 -0.016 -0.007
   0.244 -0.180 -0.244  0.269 -0.145 -0.000 -0.360  0.132  0.105 -0.290 -0.245  0.117 -0.264  0.062  0.156  0.144 -0.054  0.093  1.000 -0.154  0.303 -0.398 -0.288  0.289  0.219  0.133  0.092  0.043  0.176  0.168 -0.058 -0.039  0.023  0.117  0.177 -0.074 -0.047  0.120  0.106  0.163  0.142
  -0.214 -0.053  0.195 -0.126 -0.038  0.058  0.113  0.000  0.001  0.297  0.337 -0.519  0.217 -0.782 -0.010 -0.088  0.052 -0.105 -0.154  1.000 -0.723  0.542  0.083 -0.097 -0.022 -0.067 -0.081 -0.049 -0.055 -0.034 -0.015  0.392 -0.088 -0.049 -0.023 -0.049 -0.046  0.272  0.240 -0.041 -0.044
   0.208  0.013 -0.186  0.081 -0.026 -0.097 -0.018 -0.002 -0.008 -0.314 -0.220  0.289 -0.310  0.482  0.040  0.150  0.033  0.056  0.303 -0.723  1.000 -0.947 -0.089  0.082  0.089  0.153 -0.089  0.086  0.162 -0.097  0.024 -0.113  0.045  0.116 -0.082 -0.069 -0.041 -0.029  0.250  0.117 -0.045
  -0.168 -0.018  0.149 -0.024  0.081  0.076 -0.011  0.011  0.016  0.257  0.131 -0.170  0.302 -0.312 -0.032 -0.127 -0.049 -0.025 -0.398  0.542 -0.947  1.000  0.076 -0.069 -0.098 -0.153  0.094 -0.090 -0.148  0.062 -0.022  0.002 -0.022 -0.081  0.039  0.096  0.062 -0.055 -0.333 -0.123  0.029
   0.105 -0.551 -0.182 -0.262 -0.127  0.173  0.026 -0.034 -0.025  0.109  0.125 -0.189  0.199 -0.138 -0.075 -0.336 -0.169 -0.086 -0.288  0.083 -0.089  0.076  1.000 -0.822 -0.585 -0.065 -0.038  0.023 -0.066 -0.064  0.020  0.092 -0.016 -0.149 -0.169  0.179  0.080  0.044 -0.034 -0.072 -0.064
  -0.215  0.340  0.255  0.146 -0.010 -0.083 -0.106 -0.012 -0.013 -0.045 -0.116  0.221 -0.214  0.169  0.136  0.405 -0.004  0.278  0.289 -0.097  0.082 -0.069 -0.822  1.000  0.308 -0.099 -0.088 -0.121  0.046  0.049 -0.092 -0.195  0.017  0.045  0.101 -0.028  0.042 -0.249 -0.020  0.022  0.015
   0.055  0.283  0.019  0.237  0.110 -0.130 -0.009  0.071  0.046 -0.182 -0.103  0.050 -0.112  0.038  0.102  0.386  0.296 -0.016  0.219 -0.022  0.089 -0.098 -0.585  0.308  1.000  0.240  0.183  0.088  0.079  0.079  0.105  0.129  0.016 -0.012  0.019 -0.335 -0.210  0.215  0.132  0.131  0.125
   0.313  0.149 -0.207  0.297  0.165 -0.084 -0.034  0.236  0.182 -0.086 -0.037 -0.006  0.005  0.076  0.121  0.150  0.127 -0.088  0.133 -0.067  0.153 -0.153 -0.065 -0.099  0.240  1.000  0.487  0.390  0.698  0.610  0.369  0.413  0.061  0.561  0.506 -0.256 -0.220  0.587  0.129  0.606  0.553
   0.251  0.081 -0.174  0.218  0.120 -0.060 -0.027  0.189  0.147 -0.049 -0.022  0.032  0.000  0.074  0.093  0.101  0.073 -0.059  0.092 -0.081 -0.089  0.094 -0.038 -0.088  0.183  0.487  1.000  0.326  0.532  0.670  0.311  0.320  0.050  0.422  0.555 -0.183 -0.162  0.455 -0.070  0.484  0.583
