# fitpack15: fit parameters                                                                         
# CJ15 AV18 final data choices                                                                      
# Created on 02/03/2020 at 18:35:03                                                                 

 # QCD setup
  INS                           0
  NVL                          11
  IORD                          1
  Q02                   1.6899999999999999     
  IPARAMC                       7
  FLAVOR                4.0000000000000000     
  xmc                   1.3000000000000000     
  xmb                   4.5000000000000000     
  ncb                          12
  ihq                           1
  ias                           0

 # Theory corrections
  inuke                     10114
  itmc                          1
  iht                           1

 # fit parameters
 LAMBDA       0.22680        0.0000    
 a0uv          2.0685        0.0000    
 a1uv         0.58052       0.22314E-01
 a2uv          3.5574       0.11281E-01
 a3uv          0.0000        0.0000    
 a4uv          4.2396       0.55893    
 a5uv          0.0000        0.0000    
 a0dv          25.286        0.0000    
 a1dv          1.1610       0.32201E-01
 a2dv          6.6125       0.15810    
 a3dv         -3.5295       0.82942E-01
 a4dv          4.7056       0.13574    
 a5dv          0.0000        0.0000    
 a0ud         0.14315       0.49651E-02
 a1ud        -0.21001       0.37769E-02
 a2ud          8.4273       0.18804    
 a3ud          0.0000        0.0000    
 a4ud          15.082        1.2574    
 a5ud          0.0000        0.0000    
 a0du          35712.        0.0000    
 a1du          4.1225       0.10195    
 a2du          20.796        1.0774    
 a3du          17.000        0.0000    
 a4du          60.728        15.409    
 a0g           46.780        0.0000    
 a1g          0.60695       0.30496E-01
 a2g           6.2620       0.86905    
 a3g          -3.3974       0.12596    
 a4g           3.3203       0.30129    
 a5g           0.0000        0.0000    
 kappa        0.40000        0.0000    
 a6dv        -0.39392E-02   0.69410E-03
 a7dv          2.0000        0.0000    
 off1        -0.14913       0.12152    
 off2         0.42604       0.74190    
 off3        -0.96196        1.0363    
 ht1          -3.3310       0.27807    
 ht2           1.9623       0.11462    
 ht3          -2.1060       0.29604E-01
 ht4           0.0000        0.0000    
 dummy41       0.0000        0.0000    
 dummy42       0.0000        0.0000    
 dummy43       0.0000        0.0000    
 dummy44       0.0000        0.0000    
 dummy45       0.0000        0.0000    
 dummy46       0.0000        0.0000    
 dummy47       0.0000        0.0000    
 dummy48       0.0000        0.0000    
 dummy49       0.0000        0.0000    
 bcdmsh2      0.96921       0.48672E-02
 bcdmsd2      0.99198       0.58579E-02
 ccfr          1.0000        0.0000    
 nutev         1.0000        0.0000    
 zeus         0.97998        0.0000    
 h1            1.0162        0.0000    
 e605          1.0319        0.0000    
 NmcH2         1.0062       0.71152E-02
 ntv_nu        1.0000        0.0000    
 ntv_nuba      1.0000        0.0000    
 cdf_jet      0.98910        0.0000    
 d0_jet       0.83504        0.0000    
 slac_p        1.0013       0.48757E-02
 slac_d        1.0024       0.53157E-02
 e866pp       0.97829       0.19497E-01
 e866pd       0.95227       0.17263E-01
 d0_gamje      1.0389       0.16508E-01
 h1b          0.97608        0.0000    
 jlab_p       0.99385       0.58436E-02
 jlab_d       0.97528       0.59577E-02
 blank         1.0000        0.0000    
 d0run2       0.95252       0.14857E-01
 cdfrun2      0.93718       0.17613E-01
 HERA_el       1.0000        0.0000    
 HERA_ps       1.0000        0.0000    
 CDF_Z        0.95552       0.66114E-02
 NmcRat        1.0000        0.0000    
 BNS_F2nd     0.97328       0.72912E-02
 HERMES_F     0.99450       0.56152E-02
 HERMES_F     0.97845       0.58502E-02
 END 0. 0.

 # Hessian matrix (Bevington alpha)
   0.51347663000192E+07 -0.13264195953725E+07  0.20661398176830E+06  0.49474096325724E+06 -0.12654531866817E+06 -0.27577249113673E+05  0.54603902138891E+05  0.95058789905219E+06 -0.17836254127867E+06 -0.48737767803176E+05  0.73639957771212E+04  0.13109408688970E+05  0.14345107691244E+04 -0.93737175185513E+02  0.96093923762672E+04 -0.23150673170404E+04  0.12190559852897E+05  0.87387968728713E+04 -0.78253833405128E+07 -0.67182872641431E+05 -0.29499115321216E+05 -0.14241891376984E+05 -0.20077549588471E+05 -0.10377648888553E+05 -0.22893100497187E+06 -0.13094904859571E+06 -0.55459125779033E+05 -0.50428023469868E+04 -0.86419972409080E+06 -0.11185221889436E+07 -0.20946060682088E+05 -0.47985100328755E+05 -0.31621184103429E+04 -0.20325091637009E+06 -0.22995685638905E+06 -0.89511067261860E+04 -0.31683477036234E+04 -0.17903370014975E+05  0.17078038242543E+05 -0.73668266434911E+05 -0.58032369045290E+05
  -0.13264195953725E+07  0.41770238454116E+06 -0.54704311021569E+05 -0.13667319020336E+06  0.34518673636223E+05  0.10192894165128E+05 -0.11633657673740E+05 -0.12264347745644E+06  0.26245155717333E+05  0.72558093056000E+04 -0.89665169917507E+03 -0.10272377409178E+04 -0.11522751144564E+03  0.11317244626123E+02  0.80770098247250E+03 -0.79455579519018E+02  0.27986834104246E+03  0.17512818807906E+03  0.26366908392924E+07  0.17386864425734E+05  0.86260658317767E+04  0.45380939205188E+04  0.89204130854692E+04  0.97942125686142E+04  0.66680842261781E+05  0.16728164167775E+05  0.82862695638546E+04 -0.20990128141814E+03  0.21108113717701E+06  0.26675602714424E+06  0.57689508720198E+04  0.13416730054660E+05  0.41998966176371E+03  0.63769814720917E+05  0.71798213324488E+05  0.23882573183518E+04  0.75826881986029E+03 -0.22068590084397E+04 -0.22907974307395E+04  0.86908808501283E+04  0.73136543190054E+04
   0.20661398176830E+06 -0.54704311021569E+05  0.83819732907596E+04  0.19838720754990E+05 -0.51796342865443E+04 -0.13573382657293E+04  0.21247889144694E+04  0.28532769409593E+05 -0.52074265912411E+04 -0.17203393759972E+04  0.22496526016321E+03  0.36955261849097E+03  0.45976412729099E+02 -0.36879810134614E+01 -0.30573859251446E+03 -0.96392513084085E+01 -0.15648150506970E+03 -0.78696150013535E+01 -0.32469770574874E+06 -0.26857377042966E+04 -0.12001945104142E+04 -0.58482328685352E+03 -0.87731141950129E+03 -0.61985258359978E+03 -0.93829925821246E+04 -0.49199240030215E+04 -0.20917272298420E+04  0.27292153792113E+02 -0.33940769557892E+05 -0.44170531148428E+05 -0.85638405761688E+03 -0.19706437127812E+04 -0.10537162220877E+03 -0.84490526267252E+04 -0.95515905330619E+04 -0.36063860702582E+03 -0.12613937459383E+03 -0.52885720994949E+02  0.64816791166176E+03 -0.23280820595773E+04 -0.18815415384926E+04
   0.49474096325724E+06 -0.13667319020336E+06  0.19838720754990E+05  0.39960499079912E+06 -0.62005834452225E+05  0.76850534855796E+05  0.65412602712722E+05  0.34944752431146E+06 -0.26255587859067E+05 -0.17823072106747E+05  0.32163563018276E+04 -0.12884114736475E+04 -0.13726891659343E+03  0.47753625981569E+02  0.31957063015932E+05 -0.40472569665031E+04  0.29472237363736E+05  0.16601498748700E+05 -0.22886704222296E+07 -0.19166163811405E+05 -0.77892866459251E+04 -0.34043457324867E+04 -0.15737513604065E+04  0.21611853913160E+04 -0.39764559484497E+05 -0.12762576788834E+05 -0.21180867146096E+05 -0.64499326988564E+02 -0.66285325604293E+05 -0.34255879505612E+06 -0.13033269318818E+04 -0.25091650287495E+04 -0.68021680826199E+02 -0.11775243382931E+05 -0.52652995309876E+05 -0.24084183739503E+04 -0.93898508488294E+03 -0.98997442730942E+04 -0.16175212602792E+05 -0.72415794628345E+04 -0.21462575833166E+05
  -0.12654531866817E+06  0.34518673636223E+05 -0.51796342865443E+04 -0.62005834452225E+05  0.11382059101482E+05 -0.78241519856061E+04 -0.93462240328717E+04 -0.32064752705233E+05  0.41056059669846E+03  0.22954803419018E+04 -0.32127793311751E+03 -0.11996309984277E+02  0.50199668331828E+01 -0.42072844814324E+01 -0.26893825787278E+04  0.34860790292053E+03 -0.24028660141041E+04 -0.13755242660518E+04  0.49041356660295E+06  0.35370296792412E+04  0.15827956953304E+04  0.73223151046082E+03  0.58993560644520E+03  0.35542793382998E+03  0.85410299135484E+04  0.19818227864394E+04  0.33464624535510E+04 -0.57771596435580E+02  0.11799791075273E+05  0.62350308602502E+05  0.30777838522763E+03  0.56982851334892E+03  0.85977250452478E+01  0.28968303187085E+04  0.12818723702407E+05  0.45444236725360E+03  0.16889806138403E+03  0.38361747314178E+03  0.25471335262502E+04  0.81314226479942E+03  0.25102863001321E+04
  -0.27577249113673E+05  0.10192894165128E+05 -0.13573382657293E+04  0.76850534855796E+05 -0.78241519856061E+04  0.25450336690032E+05  0.15263715552903E+05  0.10821296267104E+06 -0.98764483749106E+04 -0.45670091342137E+04  0.97786046984374E+03 -0.64457958071143E+03 -0.60657641257765E+02  0.16389564895186E+02  0.99250480205398E+04 -0.12883368707282E+04  0.93022325720501E+04  0.53142939114046E+04 -0.56238158818979E+05 -0.20543390828414E+04 -0.46175514178795E+03 -0.66710344490404E+02  0.71850168427576E+03  0.23809767210936E+04 -0.14546206199129E+04 -0.28332060464799E+04 -0.43359950484294E+04  0.15847027540351E+03 -0.88173523203042E+04 -0.43072049738752E+05  0.11029924615978E+02 -0.17140600402798E+02 -0.18559273697857E+02  0.41083921727382E+03  0.15904962105516E+04 -0.25070661248699E+03 -0.12888552455758E+03 -0.31977298785796E+04 -0.34979950831125E+04 -0.18868537030296E+04 -0.54301077133277E+04
   0.54603902138891E+05 -0.11633657673740E+05  0.21247889144694E+04  0.65412602712722E+05 -0.93462240328717E+04  0.15263715552903E+05  0.11820010213527E+05  0.59434752451494E+05 -0.31735714923112E+04 -0.32319665065631E+04  0.56640817694987E+03 -0.21278667441780E+03 -0.24725215732232E+02  0.85487217662320E+01  0.51128631886361E+04 -0.67661345573625E+03  0.46407158148065E+04  0.26909676442706E+04 -0.25075875621672E+06 -0.26729926845131E+04 -0.97748953499902E+03 -0.37118477777264E+03  0.14569941430450E+03  0.11018371980859E+04 -0.48049587073107E+04 -0.25084202479260E+04 -0.39369168349532E+04  0.14067958130128E+03 -0.10084628748077E+05 -0.52486263026489E+05 -0.15173704069963E+03 -0.28498682501287E+03 -0.12867833595074E+02 -0.10240222325443E+04 -0.47211010102829E+04 -0.35413067911620E+03 -0.15001509286148E+03 -0.13650385690622E+04 -0.32683076020985E+04 -0.11633172079678E+04 -0.34692415951530E+04
   0.95058789905219E+06 -0.12264347745644E+06  0.28532769409593E+05  0.34944752431146E+06 -0.32064752705233E+05  0.10821296267104E+06  0.59434752451494E+05  0.51855447898086E+07 -0.23597106841530E+07 -0.85922273529873E+05  0.25771766496168E+05  0.22887970835822E+05  0.15225981712552E+04  0.74414213990981E+02  0.86643960455506E+05 -0.11368565316807E+05  0.92990561757099E+05  0.50212330075993E+05 -0.57592674194455E+06 -0.36166059569934E+05 -0.71515314394982E+04 -0.19340739061803E+04  0.68801748706472E+04  0.35156888360041E+05 -0.28419909503570E+05 -0.61791511600501E+05 -0.48766638264243E+05 -0.69288057701269E+05 -0.28901788506157E+06 -0.56322218122576E+06 -0.73462233968947E+05 -0.16711415364997E+06 -0.13993138309828E+04 -0.55742477507125E+04 -0.11018550306897E+05  0.52764247049611E+03  0.36885944335692E+03 -0.26924861363853E+06 -0.83533385368431E+04 -0.14211570014809E+06 -0.17359773339034E+06
  -0.17836254127867E+06  0.26245155717333E+05 -0.52074265912411E+04 -0.26255587859067E+05  0.41056059669846E+03 -0.98764483749106E+04 -0.31735714923112E+04 -0.23597106841530E+07  0.19214720463834E+07  0.18849979595286E+05 -0.63927558228080E+04 -0.48620703453242E+04 -0.26534506685704E+03 -0.95123867913203E+01  0.49801840929463E+05 -0.24759772182931E+04  0.17690036930335E+05  0.87362591181442E+04 -0.26650929254910E+05  0.90325174233313E+04  0.14140171102361E+04  0.32634957650624E+03 -0.16398263462463E+04 -0.86935256846524E+04  0.45507681359323E+04  0.11399734270691E+05  0.10587497315632E+05  0.24514835912381E+05  0.66230304572912E+05  0.12482581418022E+06  0.22938632476723E+05  0.52279679236637E+05  0.19178230892065E+03  0.62405372104215E+03  0.12608269375863E+04 -0.13242120728807E+04 -0.72343464662103E+03  0.11215235252372E+06  0.15054323412716E+04  0.44865046575438E+05  0.54310457839336E+05
  -0.48737767803176E+05  0.72558093056000E+04 -0.17203393759972E+04 -0.17823072106747E+05  0.22954803419018E+04 -0.45670091342137E+04 -0.32319665065631E+04 -0.85922273529873E+05  0.18849979595286E+05  0.25698080919596E+04 -0.61415940211741E+03 -0.57008483002419E+03 -0.49536486945497E+02 -0.13450604466643E+01 -0.40681999372883E+04  0.51627207328341E+03 -0.38043487583552E+04 -0.21578710219026E+04  0.55902099682821E+05  0.12518782637283E+04  0.34448277940035E+03  0.11426157709643E+03 -0.19835478229582E+03 -0.10315076980551E+04  0.17629256546435E+04  0.27142681951410E+04  0.18511559656195E+04  0.73221278788381E+03  0.10852209497963E+05  0.22381984131490E+05  0.14950767129019E+04  0.33430263434534E+04  0.43554866552888E+02  0.53962194545813E+03  0.10309585232783E+04  0.11972802941355E+03  0.53767122084893E+02  0.30879588226390E+04  0.41911682751155E+03  0.28094979424988E+04  0.35149242979666E+04
   0.73639957771212E+04 -0.89665169917507E+03  0.22496526016321E+03  0.32163563018276E+04 -0.32127793311751E+03  0.97786046984374E+03  0.56640817694987E+03  0.25771766496168E+05 -0.63927558228080E+04 -0.61415940211741E+03  0.17141922383388E+03  0.16629105359608E+03  0.11975908107399E+02  0.51172861204498E+00  0.12634659319967E+04 -0.14489660674650E+03  0.11399296152486E+04  0.62112279237720E+03 -0.62079883640815E+04 -0.24351183409763E+03 -0.52858447797818E+02 -0.14921881324743E+02  0.48139349264120E+02  0.24067021208688E+03 -0.22207369124432E+03 -0.47272995922471E+03 -0.35069139670458E+03 -0.33940393051989E+03 -0.20324426494753E+04 -0.40114285613873E+04 -0.42941378935308E+03 -0.97671062184269E+03 -0.11129892057082E+02 -0.45584634678782E+02 -0.90016892608342E+02 -0.11899067787456E+02 -0.57099611701428E+01 -0.11412800718885E+04 -0.63788360475989E+02 -0.82885716655869E+03 -0.10195245683370E+04
   0.13109408688970E+05 -0.10272377409178E+04  0.36955261849097E+03 -0.12884114736475E+04 -0.11996309984277E+02 -0.64457958071143E+03 -0.21278667441780E+03  0.22887970835822E+05 -0.48620703453242E+04 -0.57008483002419E+03  0.16629105359608E+03  0.12017247913358E+04  0.79185229687112E+02 -0.11828647406029E+01  0.12188794593790E+04 -0.17567631902663E+03  0.14035981599110E+04  0.80652639205053E+03 -0.52167418370060E+04  0.22878126287215E+03  0.22121019895804E+02  0.18860154052575E+00  0.42904346608006E+02  0.23577340786435E+03 -0.46143531736996E+02 -0.94957625291359E+03 -0.31321732545924E-10 -0.60052963942726E+03 -0.42471794806391E+04  0.51587869625465E-09 -0.19696924093723E+04 -0.55547954098174E+02 -0.67126698225228E+02 -0.12444974243992E+00  0.19496007686724E-09 -0.14489769015905E+01 -0.62868409193213E+00  0.22643083359553E+03  0.24829061706387E+03 -0.23257864837930E+04 -0.16656174982280E-09
   0.14345107691244E+04 -0.11522751144564E+03  0.45976412729099E+02 -0.13726891659343E+03  0.50199668331828E+01 -0.60657641257765E+02 -0.24725215732232E+02  0.15225981712552E+04 -0.26534506685704E+03 -0.49536486945497E+02  0.11975908107399E+02  0.79185229687112E+02  0.70188013440801E+01 -0.13285278954853E+00  0.68438192334548E+02 -0.11833336290232E+02  0.84483599755292E+02  0.52663998790112E+02 -0.24233361735571E+03  0.12022614311649E+02  0.15944502470136E+01  0.26127796088416E-01  0.53503656265823E+01  0.25927859302226E+02 -0.89472215165121E+01 -0.13627692833900E+03  0.22869108626589E-11 -0.23435955068348E+02 -0.48746203674743E+03 -0.23497842224521E-10 -0.12264202855514E+03 -0.14265805906449E+02 -0.53635401696830E+01 -0.89348508957146E-01  0.43284623190150E-11 -0.14960972114175E+00 -0.59029459573459E-01  0.22914993850562E+02  0.54785598221982E+02 -0.16645014242102E+03 -0.19029673161577E-11
  -0.93737175185513E+02  0.11317244626123E+02 -0.36879810134614E+01  0.47753625981569E+02 -0.42072844814324E+01  0.16389564895186E+02  0.85487217662320E+01  0.74414213990981E+02 -0.95123867913203E+01 -0.13450604466643E+01  0.51172861204498E+00 -0.11828647406029E+01 -0.13285278954853E+00  0.33717052404577E-01  0.11423547279722E+02 -0.88055811907204E+00  0.74848143471405E+01  0.35279745384113E+01 -0.68261671501824E+02  0.11074596142377E+01 -0.34155936904168E-01 -0.16157755626937E-01 -0.64709448644494E-02 -0.82350748724655E-02  0.12259082496750E-01  0.51582920229206E-01  0.50840854732992E-12 -0.43655921864375E+01 -0.37281423413980E+00  0.40875478706427E-12 -0.19445487786153E+01 -0.25597000389307E-05 -0.95307525238982E-01 -0.46687198669703E-13  0.38479703119211E-13 -0.11224705707140E-02 -0.62372509581429E-03 -0.15925055194608E+01  0.46897651959245E-05 -0.18877661502832E+01  0.15586225457673E-12
   0.96093923762672E+04  0.80770098247250E+03 -0.30573859251446E+03  0.31957063015932E+05 -0.26893825787278E+04  0.99250480205398E+04  0.51128631886361E+04  0.86643960455506E+05  0.49801840929463E+05 -0.40681999372883E+04  0.12634659319967E+04  0.12188794593790E+04  0.68438192334548E+02  0.11423547279722E+02  0.51102887977910E+05 -0.49384986350533E+04  0.39284125888530E+05  0.20609927285688E+05 -0.56876769446164E+05  0.45808824517368E+02  0.61454593081336E+02  0.29124876882702E+02 -0.23261000061913E+02 -0.13764947147000E+03  0.75374191116013E+03 -0.29325619565812E+04 -0.19047226103167E+04 -0.25076064547299E+04  0.19238710980736E+04  0.43100407434122E+04 -0.15128159302167E+04 -0.30862258513064E+04 -0.73917835896219E+03  0.31658619616097E+03  0.56329624919600E+03 -0.30083281741706E+04 -0.15805135636413E+04 -0.21926094583534E+04  0.20478688424892E+03 -0.97236729850444E+03 -0.10950202434809E+04
  -0.23150673170404E+04 -0.79455579519018E+02 -0.96392513084085E+01 -0.40472569665031E+04  0.34860790292053E+03 -0.12883368707282E+04 -0.67661345573625E+03 -0.11368565316807E+05 -0.24759772182931E+04  0.51627207328341E+03 -0.14489660674650E+03 -0.17567631902663E+03 -0.11833336290232E+02 -0.88055811907204E+00 -0.49384986350533E+04  0.55682741357386E+03 -0.43250668861576E+04 -0.23604761739656E+04  0.69476977728907E+04  0.51280692281279E+01 -0.95124791347168E+01 -0.57081668984813E+01 -0.64499901856730E+01 -0.15805222709636E+02 -0.16035187631740E+03  0.55929230745595E+03  0.34876863034950E+03  0.29536943883553E+03 -0.14336898462417E+03 -0.48306277284431E+03  0.16318619892481E+03  0.33069628433058E+03  0.84671872885870E+02 -0.86108602637190E+02 -0.15126825805665E+03  0.47985439630099E+03  0.23397159213395E+03 -0.36206287707544E+03 -0.36841647206835E+02  0.27290481275201E+03  0.30655288486941E+03
   0.12190559852897E+05  0.27986834104246E+03 -0.15648150506970E+03  0.29472237363736E+05 -0.24028660141041E+04  0.93022325720501E+04  0.46407158148065E+04  0.92990561757099E+05  0.17690036930335E+05 -0.38043487583552E+04  0.11399296152486E+04  0.14035981599110E+04  0.84483599755292E+02  0.74848143471405E+01  0.39284125888530E+05 -0.43250668861576E+04  0.34403868278340E+05  0.18539797269213E+05 -0.52802138813173E+05  0.97085083278200E+01  0.58032938641448E+02  0.24442038980736E+02 -0.83615902746743E+02 -0.27044064465454E+03  0.61522928366234E+03 -0.29693952014006E+04 -0.18981260622324E+04 -0.26954799597443E+04  0.22982210613817E+04  0.50018773248407E+04 -0.13475445588443E+04 -0.27606070189058E+04 -0.66443770309186E+03  0.88120938278312E+02  0.17437805874152E+03 -0.28551658565633E+04 -0.15351143395224E+04  0.15639137335773E+04  0.26298658007247E+03 -0.18536743376280E+04 -0.20599071414367E+04
   0.87387968728713E+04  0.17512818807906E+03 -0.78696150013535E+01  0.16601498748700E+05 -0.13755242660518E+04  0.53142939114046E+04  0.26909676442706E+04  0.50212330075993E+05  0.87362591181442E+04 -0.21578710219026E+04  0.62112279237720E+03  0.80652639205053E+03  0.52663998790112E+02  0.35279745384113E+01  0.20609927285688E+05 -0.23604761739656E+04  0.18539797269213E+05  0.10127276114330E+05 -0.29460268158263E+05 -0.14187150377662E+02  0.36701534014134E+02  0.18186139023751E+02 -0.28114535176425E+02 -0.78597976513011E+02  0.49367238944312E+03 -0.20923928435608E+04 -0.13037962580966E+04 -0.13517619589155E+04  0.10513631143630E+04  0.27088792027924E+04 -0.68597061553056E+03 -0.14044259937887E+04 -0.36705065659366E+03  0.13318147732486E+03  0.24639490524303E+03 -0.18568254722536E+04 -0.95578010832920E+03  0.16560465694340E+04  0.18200444645523E+03 -0.12766231407954E+04 -0.14207721024264E+04
  -0.78253833405128E+07  0.26366908392924E+07 -0.32469770574874E+06 -0.22886704222296E+07  0.49041356660295E+06 -0.56238158818979E+05 -0.25075875621672E+06 -0.57592674194455E+06 -0.26650929254910E+05  0.55902099682821E+05 -0.62079883640815E+04 -0.52167418370060E+04 -0.24233361735571E+03 -0.68261671501824E+02 -0.56876769446164E+05  0.69476977728907E+04 -0.52802138813173E+05 -0.29460268158263E+05  0.34331392478054E+08  0.18483048203893E+06  0.96006410142262E+05  0.51219915473785E+05  0.66946406477905E+05  0.77756482365501E+05  0.48562064952735E+06  0.34568175360957E+05  0.77457754518735E+05 -0.12452986833680E+04  0.57756227850115E+06  0.28237912003454E+07  0.16811140224053E+05  0.32401384252374E+05  0.20408735276416E+03  0.18714031908243E+06  0.81982983004775E+06  0.24260131034690E+05  0.76581315376591E+04 -0.18205850201868E+05  0.46172904764389E+05  0.20980754554867E+05  0.65271283261452E+05
  -0.67182872641431E+05  0.17386864425734E+05 -0.26857377042966E+04 -0.19166163811405E+05  0.35370296792412E+04 -0.20543390828414E+04 -0.26729926845131E+04 -0.36166059569934E+05  0.90325174233313E+04  0.12518782637283E+04 -0.24351183409763E+03  0.22878126287215E+03  0.12022614311649E+02  0.11074596142377E+01  0.45808824517368E+02  0.51280692281279E+01  0.97085083278200E+01 -0.14187150377662E+02  0.18483048203893E+06  0.30172940156891E+04  0.10294864317659E+04  0.45311441208510E+03  0.19827907632238E+03 -0.26894047320047E+03  0.38102129994606E+04  0.00000000000000E+00  0.25980758544415E+04  0.00000000000000E+00  0.00000000000000E+00  0.41128772253487E+05  0.00000000000000E+00  0.00000000000000E+00  0.00000000000000E+00  0.00000000000000E+00  0.61591198947479E+04  0.00000000000000E+00  0.00000000000000E+00  0.00000000000000E+00 -0.17436469639287E+04  0.00000000000000E+00  0.41785511824757E+04
  -0.29499115321216E+05  0.86260658317767E+04 -0.12001945104142E+04 -0.77892866459251E+04  0.15827956953304E+04 -0.46175514178795E+03 -0.97748953499902E+03 -0.71515314394982E+04  0.14140171102361E+04  0.34448277940035E+03 -0.52858447797818E+02  0.22121019895804E+02  0.15944502470136E+01 -0.34155936904168E-01  0.61454593081336E+02 -0.95124791347168E+01  0.58032938641448E+02  0.36701534014134E+02  0.96006410142262E+05  0.10294864317659E+04  0.44885060185628E+03  0.21853622279223E+03  0.15996280849347E+03  0.80136692173931E+02  0.17508416952325E+04  0.00000000000000E+00  0.67522987575483E+03  0.00000000000000E+00  0.00000000000000E+00  0.15518818339745E+05  0.00000000000000E+00  0.00000000000000E+00  0.00000000000000E+00  0.00000000000000E+00  0.31254784900845E+04  0.00000000000000E+00  0.00000000000000E+00  0.00000000000000E+00 -0.50753196580566E+03  0.00000000000000E+00  0.87296979686308E+03
  -0.14241891376984E+05  0.45380939205188E+04 -0.58482328685352E+03 -0.34043457324867E+04  0.73223151046082E+03 -0.66710344490404E+02 -0.37118477777264E+03 -0.19340739061803E+04  0.32634957650624E+03  0.11426157709643E+03 -0.14921881324743E+02  0.18860154052575E+00  0.26127796088416E-01 -0.16157755626937E-01  0.29124876882702E+02 -0.57081668984813E+01  0.24442038980736E+02  0.18186139023751E+02  0.51219915473785E+05  0.45311441208510E+03  0.21853622279223E+03  0.11315131706602E+03  0.10172813967225E+03  0.92844774731147E+02  0.85957602477325E+03  0.00000000000000E+00  0.19768597278190E+03  0.00000000000000E+00  0.00000000000000E+00  0.67757588796002E+04  0.00000000000000E+00  0.00000000000000E+00  0.00000000000000E+00  0.00000000000000E+00  0.16281520082875E+04  0.00000000000000E+00  0.00000000000000E+00  0.00000000000000E+00 -0.16700523403532E+03  0.00000000000000E+00  0.26054607121293E+03
  -0.20077549588471E+05  0.89204130854692E+04 -0.87731141950129E+03 -0.15737513604065E+04  0.58993560644520E+03  0.71850168427576E+03  0.14569941430450E+03  0.68801748706472E+04 -0.16398263462463E+04 -0.19835478229582E+03  0.48139349264120E+02  0.42904346608006E+02  0.53503656265823E+01 -0.64709448644494E-02 -0.23261000061913E+02 -0.64499901856730E+01 -0.83615902746743E+02 -0.28114535176425E+02  0.66946406477905E+05  0.19827907632238E+03  0.15996280849347E+03  0.10172813967225E+03  0.39930790330369E+03  0.70248947041559E+03  0.16309001606320E+04 -0.47725446652315E+02 -0.27607365575035E+02  0.28300112915202E+01  0.98468427652765E+03  0.62738483531819E+03  0.00000000000000E+00  0.00000000000000E+00  0.00000000000000E+00  0.24207422879668E+04  0.30040124294244E+04  0.00000000000000E+00  0.00000000000000E+00  0.00000000000000E+00 -0.26388309697979E+02 -0.35767207065217E+03 -0.37253198277126E+03
  -0.10377648888553E+05  0.97942125686142E+04 -0.61985258359978E+03  0.21611853913160E+04  0.35542793382998E+03  0.23809767210936E+04  0.11018371980859E+04  0.35156888360041E+05 -0.86935256846524E+04 -0.10315076980551E+04  0.24067021208688E+03  0.23577340786435E+03  0.25927859302226E+02 -0.82350748724655E-02 -0.13764947147000E+03 -0.15805222709636E+02 -0.27044064465454E+03 -0.78597976513011E+02  0.77756482365501E+05 -0.26894047320047E+03  0.80136692173931E+02  0.92844774731147E+02  0.70248947041559E+03  0.17734215203936E+04  0.15984015657479E+04 -0.15004139745255E+03 -0.10249319784423E+03 -0.42828751042400E+02 -0.55538380370451E+04 -0.98324304645762E+04  0.00000000000000E+00  0.00000000000000E+00  0.00000000000000E+00  0.34114711785887E+04  0.41246141420139E+04  0.00000000000000E+00  0.00000000000000E+00  0.00000000000000E+00 -0.39239439957041E+02 -0.20198009968950E+04 -0.20876662245100E+04
  -0.22893100497187E+06  0.66680842261781E+05 -0.93829925821246E+04 -0.39764559484497E+05  0.85410299135484E+04 -0.14546206199129E+04 -0.48049587073107E+04 -0.28419909503570E+05  0.45507681359323E+04  0.17629256546435E+04 -0.22207369124432E+03 -0.46143531736996E+02 -0.89472215165121E+01  0.12259082496750E-01  0.75374191116013E+03 -0.16035187631740E+03  0.61522928366234E+03  0.49367238944312E+03  0.48562064952735E+06  0.38102129994606E+04  0.17508416952325E+04  0.85957602477325E+03  0.16309001606320E+04  0.15984015657479E+04  0.16220671192616E+05  0.24972266125791E+03  0.12959303185220E+03 -0.63376359304612E+01  0.37609608825332E+05  0.61015831025660E+05  0.00000000000000E+00  0.00000000000000E+00  0.00000000000000E+00  0.15934999749338E+05  0.20094412643255E+05  0.00000000000000E+00  0.00000000000000E+00  0.00000000000000E+00 -0.76777884452206E+02  0.15450481075430E+04  0.15755388838782E+04
  -0.13094904859571E+06  0.16728164167775E+05 -0.49199240030215E+04 -0.12762576788834E+05  0.19818227864394E+04 -0.28332060464799E+04 -0.25084202479260E+04 -0.61791511600501E+05  0.11399734270691E+05  0.27142681951410E+04 -0.47272995922471E+03 -0.94957625291359E+03 -0.13627692833900E+03  0.51582920229206E-01 -0.29325619565812E+04  0.55929230745595E+03 -0.29693952014006E+04 -0.20923928435608E+04  0.34568175360957E+05  0.00000000000000E+00  0.00000000000000E+00  0.00000000000000E+00 -0.47725446652315E+02 -0.15004139745255E+03  0.24972266125791E+03  0.11714845127766E+06  0.00000000000000E+00  0.00000000000000E+00  0.00000000000000E+00  0.00000000000000E+00  0.00000000000000E+00  0.00000000000000E+00  0.00000000000000E+00  0.00000000000000E+00  0.00000000000000E+00  0.00000000000000E+00  0.00000000000000E+00  0.00000000000000E+00  0.00000000000000E+00  0.00000000000000E+00  0.00000000000000E+00
  -0.55459125779033E+05  0.82862695638546E+04 -0.20917272298420E+04 -0.21180867146096E+05  0.33464624535510E+04 -0.43359950484294E+04 -0.39369168349532E+04 -0.48766638264243E+05  0.10587497315632E+05  0.18511559656195E+04 -0.35069139670458E+03 -0.31321732545924E-10  0.22869108626589E-11  0.50840854732992E-12 -0.19047226103167E+04  0.34876863034950E+03 -0.18981260622324E+04 -0.13037962580966E+04  0.77457754518735E+05  0.25980758544415E+04  0.67522987575483E+03  0.19768597278190E+03 -0.27607365575035E+02 -0.10249319784423E+03  0.12959303185220E+03  0.00000000000000E+00  0.64751587782471E+05  0.00000000000000E+00  0.00000000000000E+00  0.00000000000000E+00  0.00000000000000E+00  0.00000000000000E+00  0.00000000000000E+00  0.00000000000000E+00  0.00000000000000E+00  0.00000000000000E+00  0.00000000000000E+00  0.00000000000000E+00  0.00000000000000E+00  0.00000000000000E+00  0.00000000000000E+00
  -0.50428023469868E+04 -0.20990128141814E+03  0.27292153792113E+02 -0.64499326988564E+02 -0.57771596435580E+02  0.15847027540351E+03  0.14067958130128E+03 -0.69288057701269E+05  0.24514835912381E+05  0.73221278788381E+03 -0.33940393051989E+03 -0.60052963942726E+03 -0.23435955068348E+02 -0.43655921864375E+01 -0.25076064547299E+04  0.29536943883553E+03 -0.26954799597443E+04 -0.13517619589155E+04 -0.12452986833680E+04  0.00000000000000E+00  0.00000000000000E+00  0.00000000000000E+00  0.28300112915202E+01 -0.42828751042400E+02 -0.63376359304612E+01  0.00000000000000E+00  0.00000000000000E+00  0.30806825192592E+05  0.00000000000000E+00  0.00000000000000E+00  0.00000000000000E+00  0.00000000000000E+00  0.00000000000000E+00  0.00000000000000E+00  0.00000000000000E+00  0.00000000000000E+00  0.00000000000000E+00  0.00000000000000E+00  0.00000000000000E+00  0.00000000000000E+00  0.00000000000000E+00
  -0.86419972409080E+06  0.21108113717701E+06 -0.33940769557892E+05 -0.66285325604293E+05  0.11799791075273E+05 -0.88173523203042E+04 -0.10084628748077E+05 -0.28901788506157E+06  0.66230304572912E+05  0.10852209497963E+05 -0.20324426494753E+04 -0.42471794806391E+04 -0.48746203674743E+03 -0.37281423413980E+00  0.19238710980736E+04 -0.14336898462417E+03  0.22982210613817E+04  0.10513631143630E+04  0.57756227850115E+06  0.00000000000000E+00  0.00000000000000E+00  0.00000000000000E+00  0.98468427652765E+03 -0.55538380370451E+04  0.37609608825332E+05  0.00000000000000E+00  0.00000000000000E+00  0.00000000000000E+00  0.58150365569218E+06  0.00000000000000E+00  0.00000000000000E+00  0.00000000000000E+00  0.00000000000000E+00  0.00000000000000E+00  0.00000000000000E+00  0.00000000000000E+00  0.00000000000000E+00  0.00000000000000E+00  0.00000000000000E+00  0.00000000000000E+00  0.00000000000000E+00
  -0.11185221889436E+07  0.26675602714424E+06 -0.44170531148428E+05 -0.34255879505612E+06  0.62350308602502E+05 -0.43072049738752E+05 -0.52486263026489E+05 -0.56322218122576E+06  0.12482581418022E+06  0.22381984131490E+05 -0.40114285613873E+04  0.51587869625465E-09 -0.23497842224521E-10  0.40875478706427E-12  0.43100407434122E+04 -0.48306277284431E+03  0.50018773248407E+04  0.27088792027924E+04  0.28237912003454E+07  0.41128772253487E+05  0.15518818339745E+05  0.67757588796002E+04  0.62738483531819E+03 -0.98324304645762E+04  0.61015831025660E+05  0.00000000000000E+00  0.00000000000000E+00  0.00000000000000E+00  0.00000000000000E+00  0.92140406558586E+06  0.00000000000000E+00  0.00000000000000E+00  0.00000000000000E+00  0.00000000000000E+00  0.00000000000000E+00  0.00000000000000E+00  0.00000000000000E+00  0.00000000000000E+00  0.00000000000000E+00  0.00000000000000E+00  0.00000000000000E+00
  -0.20946060682088E+05  0.57689508720198E+04 -0.85638405761688E+03 -0.13033269318818E+04  0.30777838522763E+03  0.11029924615978E+02 -0.15173704069963E+03 -0.73462233968947E+05  0.22938632476723E+05  0.14950767129019E+04 -0.42941378935308E+03 -0.19696924093723E+04 -0.12264202855514E+03 -0.19445487786153E+01 -0.15128159302167E+04  0.16318619892481E+03 -0.13475445588443E+04 -0.68597061553056E+03  0.16811140224053E+05  0.00000000000000E+00  0.00000000000000E+00  0.00000000000000E+00  0.00000000000000E+00  0.00000000000000E+00  0.00000000000000E+00  0.00000000000000E+00  0.00000000000000E+00  0.00000000000000E+00  0.00000000000000E+00  0.00000000000000E+00  0.14385097404728E+05  0.00000000000000E+00  0.00000000000000E+00  0.00000000000000E+00  0.00000000000000E+00  0.00000000000000E+00  0.00000000000000E+00  0.00000000000000E+00  0.00000000000000E+00  0.00000000000000E+00  0.00000000000000E+00
  -0.47985100328755E+05  0.13416730054660E+05 -0.19706437127812E+04 -0.25091650287495E+04  0.56982851334892E+03 -0.17140600402798E+02 -0.28498682501287E+03 -0.16711415364997E+06  0.52279679236637E+05  0.33430263434534E+04 -0.97671062184269E+03 -0.55547954098174E+02 -0.14265805906449E+02 -0.25597000389307E-05 -0.30862258513064E+04  0.33069628433058E+03 -0.27606070189058E+04 -0.14044259937887E+04  0.32401384252374E+05  0.00000000000000E+00  0.00000000000000E+00  0.00000000000000E+00  0.00000000000000E+00  0.00000000000000E+00  0.00000000000000E+00  0.00000000000000E+00  0.00000000000000E+00  0.00000000000000E+00  0.00000000000000E+00  0.00000000000000E+00  0.00000000000000E+00  0.32547439931330E+05  0.00000000000000E+00  0.00000000000000E+00  0.00000000000000E+00  0.00000000000000E+00  0.00000000000000E+00  0.00000000000000E+00  0.00000000000000E+00  0.00000000000000E+00  0.00000000000000E+00
  -0.31621184103429E+04  0.41998966176371E+03 -0.10537162220877E+03 -0.68021680826199E+02  0.85977250452478E+01 -0.18559273697857E+02 -0.12867833595074E+02 -0.13993138309828E+04  0.19178230892065E+03  0.43554866552888E+02 -0.11129892057082E+02 -0.67126698225228E+02 -0.53635401696830E+01 -0.95307525238982E-01 -0.73917835896219E+03  0.84671872885870E+02 -0.66443770309186E+03 -0.36705065659366E+03  0.20408735276416E+03  0.00000000000000E+00  0.00000000000000E+00  0.00000000000000E+00  0.00000000000000E+00  0.00000000000000E+00  0.00000000000000E+00  0.00000000000000E+00  0.00000000000000E+00  0.00000000000000E+00  0.00000000000000E+00  0.00000000000000E+00  0.00000000000000E+00  0.00000000000000E+00  0.37850801732547E+04  0.00000000000000E+00  0.00000000000000E+00  0.00000000000000E+00  0.00000000000000E+00  0.00000000000000E+00  0.00000000000000E+00  0.00000000000000E+00  0.00000000000000E+00
  -0.20325091637009E+06  0.63769814720917E+05 -0.84490526267252E+04 -0.11775243382931E+05  0.28968303187085E+04  0.41083921727382E+03 -0.10240222325443E+04 -0.55742477507125E+04  0.62405372104215E+03  0.53962194545813E+03 -0.45584634678782E+02 -0.12444974243992E+00 -0.89348508957146E-01 -0.46687198669703E-13  0.31658619616097E+03 -0.86108602637190E+02  0.88120938278312E+02  0.13318147732486E+03  0.18714031908243E+06  0.00000000000000E+00  0.00000000000000E+00  0.00000000000000E+00  0.24207422879668E+04  0.34114711785887E+04  0.15934999749338E+05  0.00000000000000E+00  0.00000000000000E+00  0.00000000000000E+00  0.00000000000000E+00  0.00000000000000E+00  0.00000000000000E+00  0.00000000000000E+00  0.00000000000000E+00  0.10562345875146E+06  0.00000000000000E+00  0.00000000000000E+00  0.00000000000000E+00  0.00000000000000E+00  0.00000000000000E+00  0.00000000000000E+00  0.00000000000000E+00
  -0.22995685638905E+06  0.71798213324488E+05 -0.95515905330619E+04 -0.52652995309876E+05  0.12818723702407E+05  0.15904962105516E+04 -0.47211010102829E+04 -0.11018550306897E+05  0.12608269375863E+04  0.10309585232783E+04 -0.90016892608342E+02  0.19496007686724E-09  0.43284623190150E-11  0.38479703119211E-13  0.56329624919600E+03 -0.15126825805665E+03  0.17437805874152E+03  0.24639490524303E+03  0.81982983004775E+06  0.61591198947479E+04  0.31254784900845E+04  0.16281520082875E+04  0.30040124294244E+04  0.41246141420139E+04  0.20094412643255E+05  0.00000000000000E+00  0.00000000000000E+00  0.00000000000000E+00  0.00000000000000E+00  0.00000000000000E+00  0.00000000000000E+00  0.00000000000000E+00  0.00000000000000E+00  0.00000000000000E+00  0.13888158634091E+06  0.00000000000000E+00  0.00000000000000E+00  0.00000000000000E+00  0.00000000000000E+00  0.00000000000000E+00  0.00000000000000E+00
  -0.89511067261860E+04  0.23882573183518E+04 -0.36063860702582E+03 -0.24084183739503E+04  0.45444236725360E+03 -0.25070661248699E+03 -0.35413067911620E+03  0.52764247049611E+03 -0.13242120728807E+04  0.11972802941355E+03 -0.11899067787456E+02 -0.14489769015905E+01 -0.14960972114175E+00 -0.11224705707140E-02 -0.30083281741706E+04  0.47985439630099E+03 -0.28551658565633E+04 -0.18568254722536E+04  0.24260131034690E+05  0.00000000000000E+00  0.00000000000000E+00  0.00000000000000E+00  0.00000000000000E+00  0.00000000000000E+00  0.00000000000000E+00  0.00000000000000E+00  0.00000000000000E+00  0.00000000000000E+00  0.00000000000000E+00  0.00000000000000E+00  0.00000000000000E+00  0.00000000000000E+00  0.00000000000000E+00  0.00000000000000E+00  0.00000000000000E+00  0.81145671716565E+04  0.00000000000000E+00  0.00000000000000E+00  0.00000000000000E+00  0.00000000000000E+00  0.00000000000000E+00
  -0.31683477036234E+04  0.75826881986029E+03 -0.12613937459383E+03 -0.93898508488294E+03  0.16889806138403E+03 -0.12888552455758E+03 -0.15001509286148E+03  0.36885944335692E+03 -0.72343464662103E+03  0.53767122084893E+02 -0.57099611701428E+01 -0.62868409193213E+00 -0.59029459573459E-01 -0.62372509581429E-03 -0.15805135636413E+04  0.23397159213395E+03 -0.15351143395224E+04 -0.95578010832920E+03  0.76581315376591E+04  0.00000000000000E+00  0.00000000000000E+00  0.00000000000000E+00  0.00000000000000E+00  0.00000000000000E+00  0.00000000000000E+00  0.00000000000000E+00  0.00000000000000E+00  0.00000000000000E+00  0.00000000000000E+00  0.00000000000000E+00  0.00000000000000E+00  0.00000000000000E+00  0.00000000000000E+00  0.00000000000000E+00  0.00000000000000E+00  0.00000000000000E+00  0.41757560932351E+04  0.00000000000000E+00  0.00000000000000E+00  0.00000000000000E+00  0.00000000000000E+00
  -0.17903370014975E+05 -0.22068590084397E+04 -0.52885720994949E+02 -0.98997442730942E+04  0.38361747314178E+03 -0.31977298785796E+04 -0.13650385690622E+04 -0.26924861363853E+06  0.11215235252372E+06  0.30879588226390E+04 -0.11412800718885E+04  0.22643083359553E+03  0.22914993850562E+02 -0.15925055194608E+01 -0.21926094583534E+04 -0.36206287707544E+03  0.15639137335773E+04  0.16560465694340E+04 -0.18205850201868E+05  0.00000000000000E+00  0.00000000000000E+00  0.00000000000000E+00  0.00000000000000E+00  0.00000000000000E+00  0.00000000000000E+00  0.00000000000000E+00  0.00000000000000E+00  0.00000000000000E+00  0.00000000000000E+00  0.00000000000000E+00  0.00000000000000E+00  0.00000000000000E+00  0.00000000000000E+00  0.00000000000000E+00  0.00000000000000E+00  0.00000000000000E+00  0.00000000000000E+00  0.12650761425846E+06  0.00000000000000E+00  0.00000000000000E+00  0.00000000000000E+00
   0.17078038242543E+05 -0.22907974307395E+04  0.64816791166176E+03 -0.16175212602792E+05  0.25471335262502E+04 -0.34979950831125E+04 -0.32683076020985E+04 -0.83533385368431E+04  0.15054323412716E+04  0.41911682751155E+03 -0.63788360475989E+02  0.24829061706387E+03  0.54785598221982E+02  0.46897651959245E-05  0.20478688424892E+03 -0.36841647206835E+02  0.26298658007247E+03  0.18200444645523E+03  0.46172904764389E+05 -0.17436469639287E+04 -0.50753196580566E+03 -0.16700523403532E+03 -0.26388309697979E+02 -0.39239439957041E+02 -0.76777884452206E+02  0.00000000000000E+00  0.00000000000000E+00  0.00000000000000E+00  0.00000000000000E+00  0.00000000000000E+00  0.00000000000000E+00  0.00000000000000E+00  0.00000000000000E+00  0.00000000000000E+00  0.00000000000000E+00  0.00000000000000E+00  0.00000000000000E+00  0.00000000000000E+00  0.40014923039129E+05  0.00000000000000E+00  0.00000000000000E+00
