# fitpack15: fit parameters                                                                         
# CJ15 AV18 final data choices                                                                      
# Created on 03/02/2020 at 15:45:25                                                                 

 # QCD setup
  INS                           0
  NVL                          11
  IORD                          1
  Q02                   1.6899999999999999     
  IPARAMC                      -7
  FLAVOR                4.0000000000000000     
  xmc                   1.3000000000000000     
  xmb                   4.5000000000000000     
  ncb                          12
  ihq                           1
  ias                           0

 # Theory corrections
  inuke                     10114
  itmc                          1
  iht                           2

 # fit parameters
 LAMBDA       0.22680        0.0000    
 a0uv          1.6638        0.0000    
 a1uv         0.53597       0.28344E-01
 a2uv          3.6056       0.11784E-01
 a3uv          0.0000        0.0000    
 a4uv          5.7698       0.95304    
 a5uv          0.0000        0.0000    
 a0dv          24.879        0.0000    
 a1dv          1.1614       0.34635E-01
 a2dv          6.5699       0.18373    
 a3dv         -3.4906       0.10278    
 a4dv          4.6495       0.15431    
 a5dv          0.0000        0.0000    
 a0ud         0.13997       0.49527E-02
 a1ud        -0.21220       0.38376E-02
 a2ud          8.7750       0.19231    
 a3ud          0.0000        0.0000    
 a4ud          17.110        1.3846    
 a5ud          0.0000        0.0000    
 a0du          35712.        0.0000    
 a1du          4.2300       0.14051    
 a2du          21.155        1.3867    
 a3du          17.000        0.0000    
 a4du          58.224        15.121    
 a0g           44.837        0.0000    
 a1g          0.59962       0.27869E-01
 a2g           5.6636       0.72539    
 a3g          -3.3736       0.11354    
 a4g           3.1744       0.23934    
 a5g           0.0000        0.0000    
 kappa        0.40000        0.0000    
 a6dv         0.33907E-02   0.74562E-03
 a7dv          2.0000        0.0000    
 off1         0.14323E-03   0.11993    
 off2         -1.8086       0.75250    
 off3          3.9507        1.0819    
 ht1          -4.3425        1.4322    
 ht2           2.3269       0.28491    
 ht3          -2.1272       0.31933E-01
 ht4           2.7101       0.20428    
 dummy41       0.0000        0.0000    
 dummy42       0.0000        0.0000    
 dummy43       0.0000        0.0000    
 dummy44       0.0000        0.0000    
 dummy45       0.0000        0.0000    
 dummy46       0.0000        0.0000    
 dummy47       0.0000        0.0000    
 dummy48       0.0000        0.0000    
 dummy49       0.0000        0.0000    
 bcdmsh2      0.96974       0.49198E-02
 bcdmsd2      0.99312       0.59208E-02
 ccfr          1.0000        0.0000    
 nutev         1.0000        0.0000    
 zeus         0.97998        0.0000    
 h1            1.0162        0.0000    
 e605          1.0319        0.0000    
 NmcH2         1.0065       0.71727E-02
 ntv_nu        1.0000        0.0000    
 ntv_nuba      1.0000        0.0000    
 cdf_jet      0.98910        0.0000    
 d0_jet       0.83504        0.0000    
 slac_p        1.0011       0.49738E-02
 slac_d        1.0010       0.53936E-02
 e866pp        1.0006       0.20318E-01
 e866pd       0.95874       0.17367E-01
 d0_gamje      1.0375       0.16503E-01
 h1b          0.97608        0.0000    
 jlab_p       0.98446       0.58518E-02
 jlab_d       0.97541       0.60537E-02
 blank         1.0000        0.0000    
 d0run2       0.95407       0.15414E-01
 cdfrun2      0.93795       0.17816E-01
 HERA_el       1.0000        0.0000    
 HERA_ps       1.0000        0.0000    
 CDF_Z        0.95441       0.67780E-02
 NmcRat        1.0000        0.0000    
 BNS_F2nd     0.95702       0.73178E-02
 HERMES_F     0.99412       0.56846E-02
 HERMES_F     0.97745       0.58977E-02
 END 0. 0.

 # Hessian matrix (Bevington alpha)
   0.49847798902342E+07 -0.11976397119406E+07  0.14405744433441E+06  0.46697259175039E+06 -0.12014702889500E+06 -0.13067289639565E+05  0.58589573760521E+05  0.10112697055728E+07 -0.18857862866758E+06 -0.48231240643660E+05  0.68780730860498E+04  0.10865438120883E+05  0.11742186337016E+04 -0.95749330827684E+02  0.12839962060407E+05 -0.31742263781458E+04  0.17887166935188E+05  0.12849789132210E+05  0.66378141760211E+07 -0.64520779343118E+05 -0.27387214390733E+05 -0.12809140440640E+05 -0.18318526494163E+05 -0.13549558485228E+05 -0.25725272158010E+06 -0.99473239548850E+05 -0.13504609588561E+06 -0.57048273628133E+05 -0.56240897593571E+04 -0.86699556837323E+06 -0.11157410423710E+07 -0.21139345849550E+05 -0.48941770328815E+05 -0.32799374404128E+04 -0.19350915347920E+06 -0.21125384672299E+06 -0.90424343442680E+04 -0.32150410428769E+04 -0.19830609892172E+05  0.18135325126315E+05 -0.76962614235589E+05 -0.60432423351925E+05
  -0.11976397119406E+07  0.35412241159590E+06 -0.34983432379842E+05 -0.11784497754488E+06  0.30717390576394E+05  0.65880227739522E+04 -0.11630429731340E+05 -0.11819812451674E+06  0.25515128130283E+05  0.64775199601051E+04 -0.75568906307860E+03 -0.81081368837876E+03 -0.89423575338949E+02  0.11511597550354E+02  0.51856276531678E+03  0.34717387067043E+01  0.28739693806914E+03  0.12555690213453E+03 -0.21083791669166E+07  0.15497536179262E+05  0.74873258227995E+04  0.38438211630337E+04  0.80665831494346E+04  0.11219477598893E+05  0.73968741577586E+05  0.39348440361086E+05  0.16947001675001E+05  0.83035363322243E+04 -0.16259679213363E+03  0.20074515605249E+06  0.25105664446815E+06  0.56478709178073E+04  0.13306259191935E+05  0.42222036495037E+03  0.58807193705356E+05  0.63686477092503E+05  0.23344982464600E+04  0.74635676161801E+03 -0.20343266761785E+04 -0.23938472256374E+04  0.87188364415834E+04  0.72560501116564E+04
   0.14405744433441E+06 -0.34983432379842E+05  0.41845061539928E+04  0.13123078165782E+05 -0.34835584000714E+04 -0.57456184274694E+03  0.16238975416580E+04  0.22734756330661E+05 -0.41054806687933E+04 -0.12570179170517E+04  0.15741868075135E+03  0.24881774417227E+03  0.29601720480825E+02 -0.29223626903157E+01 -0.11826915112739E+03 -0.35583107808759E+02 -0.11715511907755E+02  0.81507482375682E+02  0.19361273549206E+06 -0.18491045825675E+04 -0.79158819095967E+03 -0.37162447615862E+03 -0.54682394732022E+03 -0.47595004226193E+03 -0.74771627242264E+04 -0.29043741124381E+04 -0.37841486192480E+04 -0.15944489912681E+04 -0.16565533142621E+01 -0.24561535477535E+05 -0.31774553469607E+05 -0.61564377806866E+03 -0.14298644121964E+04 -0.82821440512215E+02 -0.56590124084586E+04 -0.61771768767245E+04 -0.26189325922608E+03 -0.92672661113188E+02 -0.12333525941512E+03  0.51110781045677E+03 -0.18603621389972E+04 -0.14876292301569E+04
   0.46697259175039E+06 -0.11784497754488E+06  0.13123078165782E+05  0.38976959575848E+06 -0.60432398764383E+05  0.76292789795016E+05  0.64844839448796E+05  0.35428258312465E+06 -0.27279888513122E+05 -0.17243177903637E+05  0.28725594460037E+04 -0.10704861707799E+04 -0.10934137113316E+03  0.48238411174857E+02  0.31977353074479E+05 -0.43073850610948E+04  0.35070675445368E+05  0.20255017832691E+05  0.20358890452397E+07 -0.18473751664674E+05 -0.72695421061230E+04 -0.30766947691840E+04 -0.14430725478129E+04  0.21190078796631E+04 -0.46381010373503E+05 -0.10796794994152E+05 -0.12713151122688E+05 -0.21125070788876E+05 -0.43763794951028E+02 -0.65458457438585E+05 -0.33804368878742E+06 -0.12276295090888E+04 -0.24943687041207E+04 -0.68366383240516E+02 -0.10970686615050E+05 -0.47582188146833E+05 -0.23590132382733E+04 -0.92501956736680E+03 -0.97892384105425E+04 -0.17590819446062E+05 -0.72807070596772E+04 -0.21576386264121E+05
  -0.12014702889500E+06  0.30717390576394E+05 -0.34835584000714E+04 -0.60432398764383E+05  0.11125351511559E+05 -0.81013067530001E+04 -0.93788951943799E+04 -0.31272736138838E+05  0.24652445167734E+03  0.21623762550891E+04 -0.27755234763842E+03 -0.17248024589406E+01  0.40915110428796E+01 -0.42917984216712E+01 -0.27640070255689E+04  0.39053466765396E+03 -0.28944406419262E+04 -0.17113459619839E+04 -0.44382550095969E+06  0.33900284994246E+04  0.14826893064544E+04  0.67041034313998E+03  0.57061252092589E+03  0.50757745435643E+03  0.10107971524314E+05  0.29555535558039E+04  0.19817348054808E+04  0.33518622967062E+04 -0.58835902585479E+02  0.11718058937564E+05  0.61712765096491E+05  0.29630769758879E+03  0.57933443325783E+03  0.86836027194035E+01  0.27550470902051E+04  0.11824222458107E+05  0.45403627743820E+03  0.16907743001149E+03  0.38314808693243E+03  0.27839872294620E+04  0.82021168478349E+03  0.25214117175792E+04
  -0.13067289639565E+05  0.65880227739522E+04 -0.57456184274694E+03  0.76292789795016E+05 -0.81013067530001E+04  0.23681448331562E+05  0.14756577368803E+05  0.10884041267562E+06 -0.10195516639531E+05 -0.44804947483270E+04  0.86565121833525E+03 -0.49861410301353E+03 -0.45964291854736E+02  0.15922807055404E+02  0.94959497488540E+04 -0.12973427156905E+04  0.10715591359863E+05  0.62524160400141E+04  0.84387650162984E+05 -0.22627036712743E+04 -0.55908474726945E+03 -0.11826148719787E+03  0.63315610871043E+03  0.25640012306451E+04 -0.21062752428273E+04  0.13811040513589E+04 -0.27630697729560E+04 -0.42689837264992E+04  0.15649439197239E+03 -0.92138334571168E+04 -0.45397509555086E+05 -0.89973812697277E+00 -0.39230918155374E+02 -0.18094061003781E+02  0.24054952236444E+03  0.81898888594376E+03 -0.25364612124822E+03 -0.12817824423418E+03 -0.30245440423998E+04 -0.37767751217673E+04 -0.18552226649358E+04 -0.53708599576158E+04
   0.58589573760521E+05 -0.11630429731340E+05  0.16238975416580E+04  0.64844839448796E+05 -0.93788951943799E+04  0.14756577368803E+05  0.11677457438876E+05  0.59598602871509E+05 -0.32339816848612E+04 -0.31420587570645E+04  0.49972739659575E+03 -0.17330317682951E+03 -0.19211113561636E+02  0.84743818806564E+01  0.50344357676194E+04 -0.71077961592426E+03  0.54586676292237E+04  0.32456411267788E+04  0.24284936130355E+06 -0.27142888930866E+04 -0.97921651353785E+03 -0.36762696171197E+03  0.11761736859663E+03  0.11590408453103E+04 -0.58107419619471E+04 -0.41123345046376E+03 -0.24770764849930E+04 -0.39131875904412E+04  0.13940794738026E+03 -0.10241792188392E+05 -0.53328988833401E+05 -0.14921823849948E+03 -0.29706290887381E+03 -0.12775808954980E+02 -0.10351657725952E+04 -0.46225046889299E+04 -0.35340964128295E+03 -0.14926487696365E+03 -0.13098071497201E+04 -0.35373053372745E+04 -0.11624158473657E+04 -0.34753061965143E+04
   0.10112697055728E+07 -0.11819812451674E+06  0.22734756330661E+05  0.35428258312465E+06 -0.31272736138838E+05  0.10884041267562E+06  0.59598602871509E+05  0.56407339568980E+07 -0.24776026401664E+07 -0.90548363161205E+05  0.25457762871681E+05  0.19251473753335E+05  0.13158385830713E+04  0.80308080618590E+02  0.93145109473015E+05 -0.12611365073758E+05  0.11887817802004E+06  0.65315852127537E+05  0.48534356769691E+06 -0.37690639753059E+05 -0.72340526106806E+04 -0.18784650150531E+04  0.66270990669193E+04  0.39018093026849E+05 -0.31468979189253E+05  0.56875586584153E+04 -0.62479431671054E+05 -0.49050334655939E+05 -0.73101296023586E+05 -0.30150627844499E+06 -0.57889730278010E+06 -0.74014529847360E+05 -0.17001747023887E+06 -0.15117073618499E+04 -0.48220467732025E+04 -0.93149132373929E+04  0.84457907487828E+03  0.48406978864867E+03 -0.28004682480866E+06 -0.91213018387504E+04 -0.15145693373462E+06 -0.18289921226774E+06
  -0.18857862866758E+06  0.25515128130283E+05 -0.41054806687933E+04 -0.27279888513122E+05  0.24652445167734E+03 -0.10195516639531E+05 -0.32339816848612E+04 -0.24776026401664E+07  0.19351549891527E+07  0.19777322505355E+05 -0.62919003853307E+04 -0.40600906096402E+04 -0.23010824431262E+03 -0.11013438243114E+02  0.48217162479758E+05 -0.23679542511825E+04  0.18656108394549E+05  0.95826050320189E+04  0.36996222578564E+05  0.93039104463821E+04  0.14351317848921E+04  0.32173281171613E+03 -0.15481016000160E+04 -0.94333501906019E+04  0.50835287675906E+04 -0.13143394391216E+04  0.11344157673449E+05  0.10480714195669E+05  0.25455257616627E+05  0.68459374262976E+05  0.12717854409539E+06  0.22711641238655E+05  0.52289301395042E+05  0.21815065636850E+03  0.58126348286565E+03  0.11282471880182E+04 -0.14068154806324E+04 -0.75160947553710E+03  0.11405722578042E+06  0.16190810469429E+04  0.46857539907947E+05  0.56120232772738E+05
  -0.48231240643660E+05  0.64775199601051E+04 -0.12570179170517E+04 -0.17243177903637E+05  0.21623762550891E+04 -0.44804947483270E+04 -0.31420587570645E+04 -0.90548363161205E+05  0.19777322505355E+05  0.25721990638811E+04 -0.57436999569513E+03 -0.46641296772498E+03 -0.40919900010717E+02 -0.13607713277061E+01 -0.41098481699454E+04  0.55000615833690E+03 -0.46527191563517E+04 -0.26939199500133E+04 -0.47160063191878E+05  0.12333739879535E+04  0.32495040752488E+03  0.10282672640510E+03 -0.18982059030782E+03 -0.11183170092715E+04  0.18352510934809E+04 -0.11181959906505E+03  0.26489733625988E+04  0.17953623654916E+04  0.74690018460909E+03  0.10739359699164E+05  0.21859780763759E+05  0.14370243018278E+04  0.32533885805494E+04  0.44573975918989E+02  0.43857196225355E+03  0.82189088562727E+03  0.10839431545097E+03  0.49721514852063E+02  0.31194066946659E+04  0.44418669545631E+03  0.28916301953479E+04  0.35733127027706E+04
   0.68780730860498E+04 -0.75568906307860E+03  0.15741868075135E+03  0.28725594460037E+04 -0.27755234763842E+03  0.86565121833525E+03  0.49972739659575E+03  0.25457762871681E+05 -0.62919003853307E+04 -0.57436999569513E+03  0.15068520982735E+03  0.12493138247436E+03  0.91476574635363E+01  0.49504090783158E+00  0.11851063032810E+04 -0.14070022710564E+03  0.12777568834909E+04  0.70889668692467E+03  0.47829901053089E+04 -0.22500900327520E+03 -0.46948191753344E+02 -0.12667234324650E+02  0.41156290630126E+02  0.23797821950397E+03 -0.21503289045580E+03  0.36029119244579E+02 -0.42175500308627E+03 -0.31229357287328E+03 -0.32749609872122E+03 -0.18739755120053E+04 -0.36403367935439E+04 -0.38898619165719E+03 -0.89277857462984E+03 -0.10598185289289E+02 -0.33978935185485E+02 -0.65767971181787E+02 -0.86107229432730E+01 -0.43444681646613E+01 -0.10843279857553E+04 -0.61211491646767E+02 -0.79463201211137E+03 -0.96515720976146E+03
   0.10865438120883E+05 -0.81081368837876E+03  0.24881774417227E+03 -0.10704861707799E+04 -0.17248024589406E+01 -0.49861410301353E+03 -0.17330317682951E+03  0.19251473753335E+05 -0.40600906096402E+04 -0.46641296772498E+03  0.12493138247436E+03  0.75066288275658E+03  0.51994637215141E+02 -0.10130648770563E+01  0.92246332313633E+03 -0.14270494917364E+03  0.13339866094467E+04  0.78024862890339E+03  0.38002252911364E+04  0.17591180872210E+03  0.17470862119572E+02  0.12616523505677E+00  0.29968600114352E+02  0.18906940311611E+03 -0.41420566976651E+02  0.23214123167451E+02 -0.76269746269950E+03 -0.33278289946213E-10 -0.43816256983667E+03 -0.34873139770073E+04 -0.32282803944302E-09 -0.14588574824312E+04 -0.41221520830109E+02 -0.52708103578017E+02 -0.78084500751722E-01 -0.47503544005103E-10 -0.11417154115010E+01 -0.49612245321313E+00  0.18821104629774E+03  0.20961947736405E+03 -0.18484298270071E+04  0.10561656290968E-11
   0.11742186337016E+04 -0.89423575338949E+02  0.29601720480825E+02 -0.10934137113316E+03  0.40915110428796E+01 -0.45964291854736E+02 -0.19211113561636E+02  0.13158385830713E+04 -0.23010824431262E+03 -0.40919900010717E+02  0.91476574635363E+01  0.51994637215141E+02  0.46552338322780E+01 -0.10963969175557E+00  0.54993937896106E+02 -0.10120498568305E+02  0.86632459379766E+02  0.54247380488730E+02  0.18836121950894E+03  0.97715820526409E+01  0.12738178908009E+01  0.13560480177753E-01  0.34406755520120E+01  0.19824955219765E+02 -0.68406442538021E+01  0.32179635148196E+01 -0.10616217619522E+03 -0.37813435162697E-12 -0.18181168090688E+02 -0.39518106532812E+03  0.56723447030279E-11 -0.93637283813958E+02 -0.99914665159703E+01 -0.42881329138113E+01 -0.49796173512826E-01  0.12877815825637E-11 -0.11731548344799E+00 -0.46742626283039E-01  0.18756120543908E+02  0.44343936554881E+02 -0.13619832151557E+03  0.25751310163993E-11
  -0.95749330827684E+02  0.11511597550354E+02 -0.29223626903157E+01  0.48238411174857E+02 -0.42917984216712E+01  0.15922807055404E+02  0.84743818806564E+01  0.80308080618590E+02 -0.11013438243114E+02 -0.13607713277061E+01  0.49504090783158E+00 -0.10130648770563E+01 -0.10963969175557E+00  0.35514742528471E-01  0.11825182256075E+02 -0.92527637837107E+00  0.88382931041565E+01  0.42739186490738E+01  0.66902093310759E+02  0.11576507452921E+01 -0.33959898684643E-01 -0.16419932992903E-01 -0.40014570932407E-02  0.75681383440799E-02 -0.24885575101938E-02 -0.14528845100189E-01  0.54873973808380E-01 -0.21090182166576E-12 -0.46060028345575E+01 -0.44336246285200E+00 -0.28451188859489E-11 -0.20172493868257E+01 -0.37376233455377E-05 -0.10199736269240E+00  0.00000000000000E+00  0.14403029037513E-13 -0.11943505004989E-02 -0.66566346894300E-03 -0.16355916214014E+01  0.82740908566383E-05 -0.20992003485130E+01 -0.42208849564393E-12
   0.12839962060407E+05  0.51856276531678E+03 -0.11826915112739E+03  0.31977353074479E+05 -0.27640070255689E+04  0.94959497488540E+04  0.50344357676194E+04  0.93145109473015E+05  0.48217162479758E+05 -0.41098481699454E+04  0.11851063032810E+04  0.92246332313633E+03  0.54993937896106E+02  0.11825182256075E+02  0.51717096126535E+05 -0.51783489415592E+04  0.47011186085701E+05  0.25275822713392E+05  0.57695674783712E+05  0.37367508650289E+02  0.58142135571641E+02  0.28025056758332E+02 -0.62894098906650E+01 -0.10455503124270E+03  0.87096698251860E+03  0.82572894837928E+02 -0.30794252004400E+04 -0.20001508145424E+04 -0.25076372584409E+04  0.18381379193175E+04  0.41382979252568E+04 -0.14654392705201E+04 -0.30735510003364E+04 -0.74670831708798E+03  0.38521771025897E+03  0.64364129995896E+03 -0.31424920884151E+04 -0.16273903814207E+04 -0.20799750231751E+04  0.22587974974664E+03 -0.10006754794970E+04 -0.11318899939833E+04
  -0.31742263781458E+04  0.34717387067043E+01 -0.35583107808759E+02 -0.43073850610948E+04  0.39053466765396E+03 -0.12973427156905E+04 -0.71077961592426E+03 -0.12611365073758E+05 -0.23679542511825E+04  0.55000615833690E+03 -0.14070022710564E+03 -0.14270494917364E+03 -0.10120498568305E+02 -0.92527637837107E+00 -0.51783489415592E+04  0.61399151354616E+03 -0.54577249607321E+04 -0.30512623209886E+04 -0.79326353974378E+04  0.11761052095665E+02 -0.81180765806383E+01 -0.54387006568761E+01 -0.11069225469561E+02 -0.33634171699527E+02 -0.19206119497114E+03 -0.40986025000410E+02  0.62782040593070E+03  0.39267692351854E+03  0.30060177222166E+03 -0.93943616704762E+02 -0.39186380275777E+03  0.16642661641755E+03  0.34508068503607E+03  0.89155002546439E+02 -0.11127464718800E+03 -0.18323879736958E+03  0.54283353593463E+03  0.25832385353057E+03 -0.44095190184207E+03 -0.40447727901164E+02  0.30085468280677E+03  0.33967045029049E+03
   0.17887166935188E+05  0.28739693806914E+03 -0.11715511907755E+02  0.35070675445368E+05 -0.28944406419262E+04  0.10715591359863E+05  0.54586676292237E+04  0.11887817802004E+06  0.18656108394549E+05 -0.46527191563517E+04  0.12777568834909E+04  0.13339866094467E+04  0.86632459379766E+02  0.88382931041565E+01  0.47011186085701E+05 -0.54577249607321E+04  0.49808431181166E+05  0.27530463851465E+05  0.61744517011669E+05  0.12244777273412E+02  0.78245339200337E+02  0.33880255508005E+02 -0.80086699468280E+02 -0.30243095289704E+03  0.99222451723154E+03 -0.11750111182989E+03 -0.40324595301956E+04 -0.25450042403116E+04 -0.31402100369453E+04  0.27971490875741E+04  0.64538743368020E+04 -0.15065042973766E+04 -0.31718791471417E+04 -0.80924338484123E+03  0.16008237458230E+03  0.29554742879825E+03 -0.37018756302892E+04 -0.19570382331695E+04  0.25665086610871E+04  0.42267007923512E+03 -0.24996256916807E+04 -0.27840918473824E+04
   0.12849789132210E+05  0.12555690213453E+03  0.81507482375682E+02  0.20255017832691E+05 -0.17113459619839E+04  0.62524160400141E+04  0.32456411267788E+04  0.65315852127537E+05  0.95826050320189E+04 -0.26939199500133E+04  0.70889668692467E+03  0.78024862890339E+03  0.54247380488730E+02  0.42739186490738E+01  0.25275822713392E+05 -0.30512623209886E+04  0.27530463851465E+05  0.15404474902646E+05  0.35846780267426E+05 -0.23279377375000E+02  0.47222137414630E+02  0.23935923020452E+02 -0.19397597642000E+02 -0.59202921506860E+02  0.76189400696866E+03 -0.90113310837355E+01 -0.28256862066753E+04 -0.17508525420834E+04 -0.15980464481068E+04  0.12461837300753E+04  0.34238446240789E+04 -0.78754440246661E+03 -0.16534226070306E+04 -0.45528559220018E+03  0.21076682889007E+03  0.36781296542647E+03 -0.24420530225590E+04 -0.12358998530790E+04  0.23736874767008E+04  0.28081103059608E+03 -0.16923851858446E+04 -0.18893798248028E+04
   0.66378141760211E+07 -0.21083791669166E+07  0.19361273549206E+06  0.20358890452397E+07 -0.44382550095969E+06  0.84387650162984E+05  0.24284936130355E+06  0.48534356769691E+06  0.36996222578564E+05 -0.47160063191878E+05  0.47829901053089E+04  0.38002252911364E+04  0.18836121950894E+03  0.66902093310759E+02  0.57695674783712E+05 -0.79326353974378E+04  0.61744517011669E+05  0.35846780267426E+05  0.28161726654135E+08 -0.15974868598170E+06 -0.81380842738690E+05 -0.42538245734496E+05 -0.63854824470278E+05 -0.93840475527592E+05 -0.56724421640373E+06 -0.30558982103383E+06 -0.34100781624612E+05 -0.75546252051268E+05  0.11922984983833E+04 -0.53378505333583E+06 -0.25890183143429E+07 -0.15556773734492E+05 -0.31502942553561E+05 -0.20149161105254E+03 -0.16874937079803E+06 -0.71346669700449E+06 -0.23328374045204E+05 -0.74022579537862E+04  0.17819265470851E+05 -0.48566914091793E+05 -0.20170785490671E+05 -0.61948022317116E+05
  -0.64520779343118E+05  0.15497536179262E+05 -0.18491045825675E+04 -0.18473751664674E+05  0.33900284994246E+04 -0.22627036712743E+04 -0.27142888930866E+04 -0.37690639753059E+05  0.93039104463821E+04  0.12333739879535E+04 -0.22500900327520E+03  0.17591180872210E+03  0.97715820526409E+01  0.11576507452921E+01  0.37367508650289E+02  0.11761052095665E+02  0.12244777273412E+02 -0.23279377375000E+02 -0.15974868598170E+06  0.29662245171626E+04  0.98140621339591E+03  0.41944685187317E+03  0.24240387430621E+03 -0.15989018575659E+03  0.47044156017320E+04  0.16517107539353E+04  0.00000000000000E+00  0.25931947296310E+04  0.00000000000000E+00  0.00000000000000E+00  0.41068136348379E+05  0.00000000000000E+00  0.00000000000000E+00  0.00000000000000E+00  0.00000000000000E+00  0.57963472584861E+04  0.00000000000000E+00  0.00000000000000E+00  0.00000000000000E+00 -0.17247989368182E+04  0.00000000000000E+00  0.42434621857684E+04
  -0.27387214390733E+05  0.74873258227995E+04 -0.79158819095967E+03 -0.72695421061230E+04  0.14826893064544E+04 -0.55908474726945E+03 -0.97921651353785E+03 -0.72340526106806E+04  0.14351317848921E+04  0.32495040752488E+03 -0.46948191753344E+02  0.17470862119572E+02  0.12738178908009E+01 -0.33959898684643E-01  0.58142135571641E+02 -0.81180765806383E+01  0.78245339200337E+02  0.47222137414630E+02 -0.81380842738690E+05  0.98140621339591E+03  0.41678852899986E+03  0.19801859228143E+03  0.18043577749970E+03  0.15604900373753E+03  0.21893170704952E+04  0.97600987181805E+03  0.00000000000000E+00  0.67243959474626E+03  0.00000000000000E+00  0.00000000000000E+00  0.15238503601982E+05  0.00000000000000E+00  0.00000000000000E+00  0.00000000000000E+00  0.00000000000000E+00  0.29057796420892E+04  0.00000000000000E+00  0.00000000000000E+00  0.00000000000000E+00 -0.53250579648749E+03  0.00000000000000E+00  0.87993465710563E+03
  -0.12809140440640E+05  0.38438211630337E+04 -0.37162447615862E+03 -0.30766947691840E+04  0.67041034313998E+03 -0.11826148719787E+03 -0.36762696171197E+03 -0.18784650150531E+04  0.32173281171613E+03  0.10282672640510E+03 -0.12667234324650E+02  0.12616523505677E+00  0.13560480177753E-01 -0.16419932992903E-01  0.28025056758332E+02 -0.54387006568761E+01  0.33880255508005E+02  0.23935923020452E+02 -0.42538245734496E+05  0.41944685187317E+03  0.19801859228143E+03  0.10050085270763E+03  0.11241983230723E+03  0.13799065978669E+03  0.10869474979740E+04  0.57192527199082E+03  0.00000000000000E+00  0.19613540926417E+03  0.00000000000000E+00  0.00000000000000E+00  0.65393638678171E+04  0.00000000000000E+00  0.00000000000000E+00  0.00000000000000E+00  0.00000000000000E+00  0.14943117135316E+04  0.00000000000000E+00  0.00000000000000E+00  0.00000000000000E+00 -0.17155757764701E+03  0.00000000000000E+00  0.25963853012540E+03
  -0.18318526494163E+05  0.80665831494346E+04 -0.54682394732022E+03 -0.14430725478129E+04  0.57061252092589E+03  0.63315610871043E+03  0.11761736859663E+03  0.66270990669193E+04 -0.15481016000160E+04 -0.18982059030782E+03  0.41156290630126E+02  0.29968600114352E+02  0.34406755520120E+01 -0.40014570932407E-02 -0.62894098906650E+01 -0.11069225469561E+02 -0.80086699468280E+02 -0.19397597642000E+02 -0.63854824470278E+05  0.24240387430621E+03  0.18043577749970E+03  0.11241983230723E+03  0.37034392926377E+03  0.74155450420808E+03  0.19690008515516E+04  0.15747962696946E+04 -0.65853567630257E+02 -0.39638063280521E+02  0.20098636730245E+01  0.11553678454778E+04  0.18975186393277E+04  0.00000000000000E+00  0.00000000000000E+00  0.00000000000000E+00  0.18263553980028E+04  0.29394197078948E+04  0.00000000000000E+00  0.00000000000000E+00  0.00000000000000E+00 -0.14628082988262E+03 -0.30707950887587E+03 -0.33776606023867E+03
  -0.13549558485228E+05  0.11219477598893E+05 -0.47595004226193E+03  0.21190078796631E+04  0.50757745435643E+03  0.25640012306451E+04  0.11590408453103E+04  0.39018093026849E+05 -0.94333501906019E+04 -0.11183170092715E+04  0.23797821950397E+03  0.18906940311611E+03  0.19824955219765E+02  0.75681383440799E-02 -0.10455503124270E+03 -0.33634171699527E+02 -0.30243095289704E+03 -0.59202921506860E+02 -0.93840475527592E+05 -0.15989018575659E+03  0.15604900373753E+03  0.13799065978669E+03  0.74155450420808E+03  0.20870104986757E+04  0.25646365207412E+04  0.25085677446943E+04 -0.20530778393994E+03 -0.14401324565858E+03 -0.32984908954000E+02 -0.46099488366343E+04 -0.80134028717551E+04  0.00000000000000E+00  0.00000000000000E+00  0.00000000000000E+00  0.32558791856958E+04  0.51431260076290E+04  0.00000000000000E+00  0.00000000000000E+00  0.00000000000000E+00 -0.61416117640819E+03 -0.20253708303670E+04 -0.22315602812172E+04
  -0.25725272158010E+06  0.73968741577586E+05 -0.74771627242264E+04 -0.46381010373503E+05  0.10107971524314E+05 -0.21062752428273E+04 -0.58107419619471E+04 -0.31468979189253E+05  0.50835287675906E+04  0.18352510934809E+04 -0.21503289045580E+03 -0.41420566976651E+02 -0.68406442538021E+01 -0.24885575101938E-02  0.87096698251860E+03 -0.19206119497114E+03  0.99222451723154E+03  0.76189400696866E+03 -0.56724421640373E+06  0.47044156017320E+04  0.21893170704952E+04  0.10869474979740E+04  0.19690008515516E+04  0.25646365207412E+04  0.21599474768429E+05  0.96183924609841E+04  0.24867642136932E+03  0.18541435554839E+03 -0.63104815173517E-01  0.39490169115576E+05  0.78506061119674E+05  0.00000000000000E+00  0.00000000000000E+00  0.00000000000000E+00  0.15104348660253E+05  0.24426288190168E+05  0.00000000000000E+00  0.00000000000000E+00  0.00000000000000E+00  0.15675375250291E+04  0.17175443879543E+04  0.20921331642940E+04
  -0.99473239548850E+05  0.39348440361086E+05 -0.29043741124381E+04 -0.10796794994152E+05  0.29555535558039E+04  0.13811040513589E+04 -0.41123345046376E+03  0.56875586584153E+04 -0.13143394391216E+04 -0.11181959906505E+03  0.36029119244579E+02  0.23214123167451E+02  0.32179635148196E+01 -0.14528845100189E-01  0.82572894837928E+02 -0.40986025000410E+02 -0.11750111182989E+03 -0.90113310837355E+01 -0.30558982103383E+06  0.16517107539353E+04  0.97600987181805E+03  0.57192527199082E+03  0.15747962696946E+04  0.25085677446943E+04  0.96183924609841E+04  0.74640112356161E+04 -0.20940967774848E+03 -0.11147000700849E+03  0.12159004474486E+02  0.11771664415654E+05  0.19839320680292E+05  0.00000000000000E+00  0.00000000000000E+00  0.00000000000000E+00  0.76134426072605E+04  0.12482927943074E+05  0.00000000000000E+00  0.00000000000000E+00  0.00000000000000E+00 -0.25236411225332E+03 -0.14734851979143E+03 -0.14913203489778E+03
  -0.13504609588561E+06  0.16947001675001E+05 -0.37841486192480E+04 -0.12713151122688E+05  0.19817348054808E+04 -0.27630697729560E+04 -0.24770764849930E+04 -0.62479431671054E+05  0.11344157673449E+05  0.26489733625988E+04 -0.42175500308627E+03 -0.76269746269950E+03 -0.10616217619522E+03  0.54873973808380E-01 -0.30794252004400E+04  0.62782040593070E+03 -0.40324595301956E+04 -0.28256862066753E+04 -0.34100781624612E+05  0.00000000000000E+00  0.00000000000000E+00  0.00000000000000E+00 -0.65853567630257E+02 -0.20530778393994E+03  0.24867642136932E+03 -0.20940967774848E+03  0.11697857220656E+06  0.00000000000000E+00  0.00000000000000E+00  0.00000000000000E+00  0.00000000000000E+00  0.00000000000000E+00  0.00000000000000E+00  0.00000000000000E+00  0.00000000000000E+00  0.00000000000000E+00  0.00000000000000E+00  0.00000000000000E+00  0.00000000000000E+00  0.00000000000000E+00  0.00000000000000E+00  0.00000000000000E+00
  -0.57048273628133E+05  0.83035363322243E+04 -0.15944489912681E+04 -0.21125070788876E+05  0.33518622967062E+04 -0.42689837264992E+04 -0.39131875904412E+04 -0.49050334655939E+05  0.10480714195669E+05  0.17953623654916E+04 -0.31229357287328E+03 -0.33278289946213E-10 -0.37813435162697E-12 -0.21090182166576E-12 -0.20001508145424E+04  0.39267692351854E+03 -0.25450042403116E+04 -0.17508525420834E+04 -0.75546252051268E+05  0.25931947296310E+04  0.67243959474626E+03  0.19613540926417E+03 -0.39638063280521E+02 -0.14401324565858E+03  0.18541435554839E+03 -0.11147000700849E+03  0.00000000000000E+00  0.64592189904184E+05  0.00000000000000E+00  0.00000000000000E+00  0.00000000000000E+00  0.00000000000000E+00  0.00000000000000E+00  0.00000000000000E+00  0.00000000000000E+00  0.00000000000000E+00  0.00000000000000E+00  0.00000000000000E+00  0.00000000000000E+00  0.00000000000000E+00  0.00000000000000E+00  0.00000000000000E+00
  -0.56240897593571E+04 -0.16259679213363E+03 -0.16565533142621E+01 -0.43763794951028E+02 -0.58835902585479E+02  0.15649439197239E+03  0.13940794738026E+03 -0.73101296023586E+05  0.25455257616627E+05  0.74690018460909E+03 -0.32749609872122E+03 -0.43816256983667E+03 -0.18181168090688E+02 -0.46060028345575E+01 -0.25076372584409E+04  0.30060177222166E+03 -0.31402100369453E+04 -0.15980464481068E+04  0.11922984983833E+04  0.00000000000000E+00  0.00000000000000E+00  0.00000000000000E+00  0.20098636730245E+01 -0.32984908954000E+02 -0.63104815173517E-01  0.12159004474486E+02  0.00000000000000E+00  0.00000000000000E+00  0.30794249500241E+05  0.00000000000000E+00  0.00000000000000E+00  0.00000000000000E+00  0.00000000000000E+00  0.00000000000000E+00  0.00000000000000E+00  0.00000000000000E+00  0.00000000000000E+00  0.00000000000000E+00  0.00000000000000E+00  0.00000000000000E+00  0.00000000000000E+00  0.00000000000000E+00
  -0.86699556837323E+06  0.20074515605249E+06 -0.24561535477535E+05 -0.65458457438585E+05  0.11718058937564E+05 -0.92138334571168E+04 -0.10241792188392E+05 -0.30150627844499E+06  0.68459374262976E+05  0.10739359699164E+05 -0.18739755120053E+04 -0.34873139770073E+04 -0.39518106532812E+03 -0.44336246285200E+00  0.18381379193175E+04 -0.93943616704762E+02  0.27971490875741E+04  0.12461837300753E+04 -0.53378505333583E+06  0.00000000000000E+00  0.00000000000000E+00  0.00000000000000E+00  0.11553678454778E+04 -0.46099488366343E+04  0.39490169115576E+05  0.11771664415654E+05  0.00000000000000E+00  0.00000000000000E+00  0.00000000000000E+00  0.58136036714306E+06  0.00000000000000E+00  0.00000000000000E+00  0.00000000000000E+00  0.00000000000000E+00  0.00000000000000E+00  0.00000000000000E+00  0.00000000000000E+00  0.00000000000000E+00  0.00000000000000E+00  0.00000000000000E+00  0.00000000000000E+00  0.00000000000000E+00
  -0.11157410423710E+07  0.25105664446815E+06 -0.31774553469607E+05 -0.33804368878742E+06  0.61712765096491E+05 -0.45397509555086E+05 -0.53328988833401E+05 -0.57889730278010E+06  0.12717854409539E+06  0.21859780763759E+05 -0.36403367935439E+04 -0.32282803944302E-09  0.56723447030279E-11 -0.28451188859489E-11  0.41382979252568E+04 -0.39186380275777E+03  0.64538743368020E+04  0.34238446240789E+04 -0.25890183143429E+07  0.41068136348379E+05  0.15238503601982E+05  0.65393638678171E+04  0.18975186393277E+04 -0.80134028717551E+04  0.78506061119674E+05  0.19839320680292E+05  0.00000000000000E+00  0.00000000000000E+00  0.00000000000000E+00  0.00000000000000E+00  0.92358407983893E+06  0.00000000000000E+00  0.00000000000000E+00  0.00000000000000E+00  0.00000000000000E+00  0.00000000000000E+00  0.00000000000000E+00  0.00000000000000E+00  0.00000000000000E+00  0.00000000000000E+00  0.00000000000000E+00  0.00000000000000E+00
  -0.21139345849550E+05  0.56478709178073E+04 -0.61564377806866E+03 -0.12276295090888E+04  0.29630769758879E+03 -0.89973812697277E+00 -0.14921823849948E+03 -0.74014529847360E+05  0.22711641238655E+05  0.14370243018278E+04 -0.38898619165719E+03 -0.14588574824312E+04 -0.93637283813958E+02 -0.20172493868257E+01 -0.14654392705201E+04  0.16642661641755E+03 -0.15065042973766E+04 -0.78754440246661E+03 -0.15556773734492E+05  0.00000000000000E+00  0.00000000000000E+00  0.00000000000000E+00  0.00000000000000E+00  0.00000000000000E+00  0.00000000000000E+00  0.00000000000000E+00  0.00000000000000E+00  0.00000000000000E+00  0.00000000000000E+00  0.00000000000000E+00  0.00000000000000E+00  0.13760236922486E+05  0.00000000000000E+00  0.00000000000000E+00  0.00000000000000E+00  0.00000000000000E+00  0.00000000000000E+00  0.00000000000000E+00  0.00000000000000E+00  0.00000000000000E+00  0.00000000000000E+00  0.00000000000000E+00
  -0.48941770328815E+05  0.13306259191935E+05 -0.14298644121964E+04 -0.24943687041207E+04  0.57933443325783E+03 -0.39230918155374E+02 -0.29706290887381E+03 -0.17001747023887E+06  0.52289301395042E+05  0.32533885805494E+04 -0.89277857462984E+03 -0.41221520830109E+02 -0.99914665159703E+01 -0.37376233455377E-05 -0.30735510003364E+04  0.34508068503607E+03 -0.31718791471417E+04 -0.16534226070306E+04 -0.31502942553561E+05  0.00000000000000E+00  0.00000000000000E+00  0.00000000000000E+00  0.00000000000000E+00  0.00000000000000E+00  0.00000000000000E+00  0.00000000000000E+00  0.00000000000000E+00  0.00000000000000E+00  0.00000000000000E+00  0.00000000000000E+00  0.00000000000000E+00  0.00000000000000E+00  0.32106031254050E+05  0.00000000000000E+00  0.00000000000000E+00  0.00000000000000E+00  0.00000000000000E+00  0.00000000000000E+00  0.00000000000000E+00  0.00000000000000E+00  0.00000000000000E+00  0.00000000000000E+00
  -0.32799374404128E+04  0.42222036495037E+03 -0.82821440512215E+02 -0.68366383240516E+02  0.86836027194035E+01 -0.18094061003781E+02 -0.12775808954980E+02 -0.15117073618499E+04  0.21815065636850E+03  0.44573975918989E+02 -0.10598185289289E+02 -0.52708103578017E+02 -0.42881329138113E+01 -0.10199736269240E+00 -0.74670831708798E+03  0.89155002546439E+02 -0.80924338484123E+03 -0.45528559220018E+03 -0.20149161105254E+03  0.00000000000000E+00  0.00000000000000E+00  0.00000000000000E+00  0.00000000000000E+00  0.00000000000000E+00  0.00000000000000E+00  0.00000000000000E+00  0.00000000000000E+00  0.00000000000000E+00  0.00000000000000E+00  0.00000000000000E+00  0.00000000000000E+00  0.00000000000000E+00  0.00000000000000E+00  0.37915918442719E+04  0.00000000000000E+00  0.00000000000000E+00  0.00000000000000E+00  0.00000000000000E+00  0.00000000000000E+00  0.00000000000000E+00  0.00000000000000E+00  0.00000000000000E+00
  -0.19350915347920E+06  0.58807193705356E+05 -0.56590124084586E+04 -0.10970686615050E+05  0.27550470902051E+04  0.24054952236444E+03 -0.10351657725952E+04 -0.48220467732025E+04  0.58126348286565E+03  0.43857196225355E+03 -0.33978935185485E+02 -0.78084500751722E-01 -0.49796173512826E-01  0.00000000000000E+00  0.38521771025897E+03 -0.11127464718800E+03  0.16008237458230E+03  0.21076682889007E+03 -0.16874937079803E+06  0.00000000000000E+00  0.00000000000000E+00  0.00000000000000E+00  0.18263553980028E+04  0.32558791856958E+04  0.15104348660253E+05  0.76134426072605E+04  0.00000000000000E+00  0.00000000000000E+00  0.00000000000000E+00  0.00000000000000E+00  0.00000000000000E+00  0.00000000000000E+00  0.00000000000000E+00  0.00000000000000E+00  0.10743063531851E+06  0.00000000000000E+00  0.00000000000000E+00  0.00000000000000E+00  0.00000000000000E+00  0.00000000000000E+00  0.00000000000000E+00  0.00000000000000E+00
  -0.21125384672299E+06  0.63686477092503E+05 -0.61771768767245E+04 -0.47582188146833E+05  0.11824222458107E+05  0.81898888594376E+03 -0.46225046889299E+04 -0.93149132373929E+04  0.11282471880182E+04  0.82189088562727E+03 -0.65767971181787E+02 -0.47503544005103E-10  0.12877815825637E-11  0.14403029037513E-13  0.64364129995896E+03 -0.18323879736958E+03  0.29554742879825E+03  0.36781296542647E+03 -0.71346669700449E+06  0.57963472584861E+04  0.29057796420892E+04  0.14943117135316E+04  0.29394197078948E+04  0.51431260076290E+04  0.24426288190168E+05  0.12482927943074E+05  0.00000000000000E+00  0.00000000000000E+00  0.00000000000000E+00  0.00000000000000E+00  0.00000000000000E+00  0.00000000000000E+00  0.00000000000000E+00  0.00000000000000E+00  0.00000000000000E+00  0.13872439428856E+06  0.00000000000000E+00  0.00000000000000E+00  0.00000000000000E+00  0.00000000000000E+00  0.00000000000000E+00  0.00000000000000E+00
  -0.90424343442680E+04  0.23344982464600E+04 -0.26189325922608E+03 -0.23590132382733E+04  0.45403627743820E+03 -0.25364612124822E+03 -0.35340964128295E+03  0.84457907487828E+03 -0.14068154806324E+04  0.10839431545097E+03 -0.86107229432730E+01 -0.11417154115010E+01 -0.11731548344799E+00 -0.11943505004989E-02 -0.31424920884151E+04  0.54283353593463E+03 -0.37018756302892E+04 -0.24420530225590E+04 -0.23328374045204E+05  0.00000000000000E+00  0.00000000000000E+00  0.00000000000000E+00  0.00000000000000E+00  0.00000000000000E+00  0.00000000000000E+00  0.00000000000000E+00  0.00000000000000E+00  0.00000000000000E+00  0.00000000000000E+00  0.00000000000000E+00  0.00000000000000E+00  0.00000000000000E+00  0.00000000000000E+00  0.00000000000000E+00  0.00000000000000E+00  0.00000000000000E+00  0.80867551738726E+04  0.00000000000000E+00  0.00000000000000E+00  0.00000000000000E+00  0.00000000000000E+00  0.00000000000000E+00
  -0.32150410428769E+04  0.74635676161801E+03 -0.92672661113188E+02 -0.92501956736680E+03  0.16907743001149E+03 -0.12817824423418E+03 -0.14926487696365E+03  0.48406978864867E+03 -0.75160947553710E+03  0.49721514852063E+02 -0.43444681646613E+01 -0.49612245321313E+00 -0.46742626283039E-01 -0.66566346894300E-03 -0.16273903814207E+04  0.25832385353057E+03 -0.19570382331695E+04 -0.12358998530790E+04 -0.74022579537862E+04  0.00000000000000E+00  0.00000000000000E+00  0.00000000000000E+00  0.00000000000000E+00  0.00000000000000E+00  0.00000000000000E+00  0.00000000000000E+00  0.00000000000000E+00  0.00000000000000E+00  0.00000000000000E+00  0.00000000000000E+00  0.00000000000000E+00  0.00000000000000E+00  0.00000000000000E+00  0.00000000000000E+00  0.00000000000000E+00  0.00000000000000E+00  0.00000000000000E+00  0.41684265255003E+04  0.00000000000000E+00  0.00000000000000E+00  0.00000000000000E+00  0.00000000000000E+00
