# fitpack15: fit parameters                                                                         
# CJ15 AV18 final data choices                                                                      
# Created on 03/02/2020 at 17:22:57                                                                 

 # QCD setup
  INS                           0
  NVL                          11
  IORD                          1
  Q02                   1.6899999999999999     
  IPARAMC                      -7
  FLAVOR                4.0000000000000000     
  xmc                   1.3000000000000000     
  xmb                   4.5000000000000000     
  ncb                          12
  ihq                           1
  ias                           0

 # Theory corrections
  inuke                     10114
  itmc                          1
  iht                           2

 # fit parameters
 LAMBDA       0.22680        0.0000    
 a0uv          1.5012        0.0000    
 a1uv         0.51630       0.30404E-01
 a2uv          3.6128       0.11099E-01
 a3uv          0.0000        0.0000    
 a4uv          6.5792        1.1263    
 a5uv          0.0000        0.0000    
 a0dv          15.907        0.0000    
 a1dv          1.0537       0.30377E-01
 a2dv          6.2357       0.14514    
 a3dv         -3.4063       0.10793    
 a4dv          4.8780       0.17678    
 a5dv          0.0000        0.0000    
 a0ud         0.13649       0.49015E-02
 a1ud        -0.21465       0.38948E-02
 a2ud          9.0735       0.17882    
 a3ud          0.0000        0.0000    
 a4ud          19.398        1.4671    
 a5ud          0.0000        0.0000    
 a0du          35712.        0.0000    
 a1du          4.1428       0.12928    
 a2du          22.013        1.3417    
 a3du          17.000        0.0000    
 a4du          57.006        14.258    
 a0g           43.818        0.0000    
 a1g          0.59243       0.26598E-01
 a2g           5.8332       0.65283    
 a3g          -3.3688       0.11976    
 a4g           3.2025       0.24600    
 a5g           0.0000        0.0000    
 kappa        0.40000        0.0000    
 a6dv         0.18355E-02   0.12311E-02
 a7dv          2.0000        0.0000    
 off1         0.23044E-01   0.12044    
 off2         -1.9561       0.74877    
 off3          3.8337        1.0756    
 ht1          -3.9367        1.1378    
 ht2           2.2802       0.25300    
 ht3          -2.1169       0.29361E-01
 ht4           2.6214       0.18280    
 dummy41       0.0000        0.0000    
 dummy42       0.0000        0.0000    
 dummy43       0.0000        0.0000    
 dummy44       0.0000        0.0000    
 dummy45       0.0000        0.0000    
 dummy46       0.0000        0.0000    
 dummy47       0.0000        0.0000    
 dummy48       0.0000        0.0000    
 dummy49       0.0000        0.0000    
 bcdmsh2      0.97135       0.48129E-02
 bcdmsd2      0.99467       0.58419E-02
 ccfr          1.0000        0.0000    
 nutev         1.0000        0.0000    
 zeus         0.97998        0.0000    
 h1            1.0162        0.0000    
 e605          1.0319        0.0000    
 NmcH2         1.0089       0.71491E-02
 ntv_nu        1.0000        0.0000    
 ntv_nuba      1.0000        0.0000    
 cdf_jet      0.98910        0.0000    
 d0_jet       0.83504        0.0000    
 slac_p        1.0025       0.48321E-02
 slac_d        1.0027       0.52916E-02
 e866pp        1.0132       0.20627E-01
 e866pd       0.97681       0.17659E-01
 d0_gamje      1.0374       0.16490E-01
 h1b          0.97608        0.0000    
 jlab_p       0.98597       0.56872E-02
 jlab_d       0.97781       0.60017E-02
 blank         1.0000        0.0000    
 d0run2       0.94874       0.15001E-01
 cdfrun2      0.93447       0.17646E-01
 HERA_el       1.0000        0.0000    
 HERA_ps       1.0000        0.0000    
 CDF_Z        0.94788       0.67385E-02
 NmcRat        1.0000        0.0000    
 BNS_F2nd     0.95359       0.72286E-02
 HERMES_F     0.99557       0.55122E-02
 HERMES_F     0.97891       0.57684E-02
 END 0. 0.

 # Hessian matrix (Bevington alpha)
   0.79173272751796E+07  0.87109759145721E+07  0.24573711870983E+06  0.40382232262534E+07  0.59155657047035E+06  0.11461213379969E+07  0.86596222655605E+06  0.32339639633723E+08  0.39872192083332E+08  0.81429904274179E+06  0.11384905645991E+06  0.12571805339373E+07  0.12221993538000E+06  0.10958535872860E+05  0.57694365630911E+07  0.20553336013242E+06  0.13856580829757E+07  0.64735722321714E+06  0.11393553097513E+09  0.13127942769253E+07  0.19392559144271E+06  0.14044753971205E+06  0.11727863567610E+06  0.62268309746360E+06  0.49803607805484E+07  0.79794535981633E+06 -0.13672429170213E+06 -0.57601917072425E+05 -0.59119525546528E+04 -0.87475258737385E+06 -0.11193758531695E+07 -0.21170385088023E+05 -0.48740940616586E+05 -0.33434615607841E+04 -0.19467778453037E+06 -0.21030426478226E+06 -0.91376519251548E+04 -0.32461044823887E+04 -0.21640559232940E+05  0.18575173788816E+05 -0.78119245264234E+05 -0.61230343404567E+05
   0.87109759145721E+07  0.34721229674677E+08  0.37490727094725E+06  0.12323953881662E+08  0.25348561930328E+07  0.40156190243659E+07  0.28118265911109E+07  0.10853714321054E+09  0.13905313005286E+09  0.29935898061362E+07  0.37326038009387E+06  0.43218868745857E+07  0.41996681448193E+06  0.38399447614575E+05  0.19969772146180E+08  0.72487657170061E+06  0.47424671199370E+07  0.22003400815003E+07  0.37929569775802E+09  0.47949806273616E+07  0.77515636109208E+06  0.53537757140470E+06  0.48534874772222E+06  0.22157349768381E+07  0.18260149200202E+08  0.31543684806560E+07  0.16972635022177E+05  0.82878834663731E+04 -0.14113427956497E+03  0.20008074678394E+06  0.24826789185323E+06  0.56012246497906E+04  0.13111277873420E+05  0.42458149563703E+03  0.58621829172552E+05  0.62762999235576E+05  0.23178334363880E+04  0.74067803372373E+03 -0.19557737797069E+04 -0.24116525975008E+04  0.87280500329600E+04  0.72437029751747E+04
   0.24573711870983E+06  0.37490727094725E+06  0.80785322315458E+04  0.15782076291230E+06  0.26225531627952E+05  0.46919636585404E+05  0.34577687934719E+05  0.13022727846957E+07  0.16362431593077E+07  0.34161055463915E+05  0.45345269380231E+04  0.51229094336895E+05  0.49816071628383E+04  0.44996201094622E+03  0.23552027978216E+06  0.85102579135454E+04  0.56016147618470E+05  0.26071955668333E+05  0.45980478955440E+07  0.54750646345338E+05  0.83636619236874E+04  0.59470693896365E+04  0.51045001806923E+04  0.25634828473138E+05  0.20789395488673E+06  0.34216276460190E+05 -0.34157321921793E+04 -0.14323738529876E+04 -0.11190938024927E+02 -0.21865321796219E+05 -0.28121914037307E+05 -0.54135779791546E+03 -0.12493563972544E+04 -0.75714504935632E+02 -0.49711175382621E+04 -0.53710221121805E+04 -0.23247322847289E+03 -0.82463027948606E+02 -0.15892305828986E+03  0.46862660592521E+03 -0.17028292293057E+04 -0.13560532338365E+04
   0.40382232262534E+07  0.12323953881662E+08  0.15782076291230E+06  0.49130940620960E+07  0.84056866262311E+06  0.15183940371670E+07  0.10788159108712E+07  0.39703682569005E+08  0.50275046807790E+08  0.10633685004578E+07  0.13805498323830E+06  0.15628250989105E+07  0.15186292253339E+06  0.13944413282078E+05  0.72588651652720E+07  0.25797483361386E+06  0.17497369921033E+07  0.81550789112484E+06  0.13902570035365E+09  0.17107546337755E+07  0.27054637607252E+06  0.18931013694698E+06  0.17105944554058E+06  0.80045361679337E+06  0.65338809244690E+07  0.11170551836816E+07 -0.13095830580715E+05 -0.21751265665317E+05 -0.18016739788300E+03 -0.66149328958209E+05 -0.34254543717889E+06 -0.12318274693668E+04 -0.24427579078805E+04 -0.70099632304653E+02 -0.10830916201532E+05 -0.47123114452567E+05 -0.23893971600062E+04 -0.94055510413667E+03 -0.10945621411405E+05 -0.18252278535346E+05 -0.76244900971746E+04 -0.22594522683645E+05
   0.59155657047035E+06  0.25348561930328E+07  0.26225531627952E+05  0.84056866262311E+06  0.19451181903809E+06  0.28491256766635E+06  0.19698035115722E+06  0.78741414829718E+07  0.10117728974003E+08  0.21957023287858E+06  0.26954132755990E+05  0.31457522038629E+06  0.30573217219953E+05  0.27888343159891E+04  0.14503867607589E+07  0.53133932429297E+05  0.34232687370980E+06  0.15849666921066E+06  0.27388180727143E+08  0.35146524819241E+06  0.57477608114412E+05  0.39419891117645E+05  0.35407138323490E+05  0.16106861055632E+06  0.13344675894022E+07  0.23010983146734E+06  0.20255495441822E+04  0.34614423840351E+04 -0.50384697715182E+02  0.12481001383607E+05  0.65507558549931E+05  0.32289574715722E+03  0.62054887281587E+03  0.90149927892629E+01  0.30156705580869E+04  0.12944127566007E+05  0.49157384111885E+03  0.18074110819900E+03  0.39416623122470E+03  0.28679302942922E+04  0.86089664157503E+03  0.26491485586157E+04
   0.11461213379969E+07  0.40156190243659E+07  0.46919636585404E+05  0.15183940371670E+07  0.28491256766635E+06  0.48413212989376E+06  0.33960409694409E+06  0.12778000536937E+08  0.16218004486832E+08  0.34503348168018E+06  0.44310472685992E+05  0.50406683930429E+06  0.48985875495158E+05  0.44950075916788E+04  0.23387738525587E+07  0.83559487862056E+05  0.56185120104463E+06  0.26162717438494E+06  0.44488756690075E+08  0.55593911680134E+06  0.89105231133819E+05  0.61917282191807E+05  0.56094645646015E+05  0.25925160956076E+06  0.21205053652833E+07  0.36436617155853E+06 -0.21530103574258E+04 -0.33792908520536E+04  0.72299309860168E+02 -0.76868263506072E+04 -0.37663420220189E+05 -0.12570068476012E+02 -0.54334036960053E+02 -0.14478618368598E+02  0.22368380321811E+02 -0.61338459366731E+02 -0.21935264458857E+03 -0.10652944832784E+03 -0.26645678088208E+04 -0.29544555649461E+04 -0.15635238257897E+04 -0.45161513460325E+04
   0.86596222655605E+06  0.28118265911109E+07  0.34577687934719E+05  0.10788159108712E+07  0.19698035115722E+06  0.33960409694409E+06  0.24016829680399E+06  0.89766070396785E+07  0.11415807774804E+08  0.24278109203076E+06  0.31095712887847E+05  0.35486876084664E+06  0.34482025816335E+05  0.31606467285969E+04  0.16444420828026E+07  0.58953888258019E+05  0.39384411494245E+06  0.18326524995613E+06  0.31408073630433E+08  0.39019173489258E+06  0.62183393453297E+05  0.43321174546101E+05  0.39174570164995E+05  0.18192951360682E+06  0.14883345576796E+07  0.25522254187765E+06 -0.20323022239776E+04 -0.32481791644583E+04  0.93409572160966E+02 -0.88328731137232E+04 -0.45878589869831E+05 -0.13927764782459E+03 -0.27203668856647E+03 -0.10635617382477E+02 -0.10305243157725E+04 -0.45666384201250E+04 -0.31216632372694E+03 -0.12906675337793E+03 -0.11508021104386E+04 -0.29172265114413E+04 -0.99903415616052E+03 -0.29846860936324E+04
   0.32339639633723E+08  0.10853714321054E+09  0.13022727846957E+07  0.39703682569005E+08  0.78741414829718E+07  0.12778000536937E+08  0.89766070396785E+07  0.34955095265454E+09  0.43688348123963E+09  0.93494829589107E+07  0.12067130289705E+07  0.13686159396636E+08  0.13292122703688E+07  0.12143821014322E+06  0.63224274063470E+08  0.22780574294355E+07  0.15109637400502E+08  0.70204100428250E+07  0.12034970507995E+10  0.15070072697094E+08  0.24197392395437E+07  0.16785693711747E+07  0.15139098667757E+07  0.70099269353257E+07  0.57454935688599E+08  0.98528228504041E+07 -0.63485622337956E+05 -0.50060900540512E+05 -0.76694974825216E+05 -0.30811124241614E+06 -0.58876975217728E+06 -0.75289478893292E+05 -0.17194312621900E+06 -0.15790054315060E+04 -0.43207690171064E+04 -0.84570086334931E+04  0.90879748428104E+03  0.51634030274306E+03 -0.29491367867586E+06 -0.90717995278489E+04 -0.15772811330575E+06 -0.19082278873500E+06
   0.39872192083332E+08  0.13905313005286E+09  0.16362431593077E+07  0.50275046807790E+08  0.10117728974003E+08  0.16218004486832E+08  0.11415807774804E+08  0.43688348123963E+09  0.56427074988251E+09  0.12104036494536E+08  0.15063095521023E+07  0.17479357181951E+08  0.16987240748759E+07  0.15525207739840E+06  0.80818669082645E+08  0.29294293687588E+07  0.19199705289873E+08  0.89089441485205E+07  0.15395534000060E+10  0.19341800696277E+08  0.31069076224544E+07  0.21504931834895E+07  0.19255755113867E+07  0.89077281730163E+07  0.73560420466472E+08  0.12597948702405E+08  0.11299626705983E+05  0.10513082298376E+05  0.26215319605457E+05  0.68817421717999E+05  0.12743080226058E+06  0.22635371942929E+05  0.51841655048078E+05  0.22807997566955E+03  0.51700293838232E+03  0.10163926715037E+04 -0.14193154315886E+04 -0.75806172460442E+03  0.11755692241270E+06  0.15773531980898E+04  0.47709272471245E+05  0.57277789799906E+05
   0.81429904274179E+06  0.29935898061362E+07  0.34161055463915E+05  0.10633685004578E+07  0.21957023287858E+06  0.34503348168018E+06  0.24278109203076E+06  0.93494829589107E+07  0.12104036494536E+08  0.26222224900299E+06  0.31968772457479E+05  0.37522175251117E+06  0.36468494134447E+05  0.33349379553350E+04  0.17315995404811E+07  0.63535997809740E+05  0.40789711995567E+06  0.18876153911836E+06  0.33054428558581E+08  0.41663792391116E+06  0.67044235192673E+05  0.46301593427338E+05  0.41198317860550E+05  0.19048771871831E+06  0.15823399835630E+07  0.27060595849403E+06  0.25997435509788E+04  0.17619615792866E+04  0.75506321422331E+03  0.10498575212985E+05  0.21249959644282E+05  0.13988299651810E+04  0.31445182211387E+04  0.44806269998994E+02  0.37929379656064E+03  0.71913395768687E+03  0.10549824067456E+03  0.48581567012510E+02  0.31646520285086E+04  0.42932683477052E+03  0.29063573018826E+04  0.35924618741739E+04
   0.11384905645991E+06  0.37326038009387E+06  0.45345269380231E+04  0.13805498323830E+06  0.26954132755990E+05  0.44310472685992E+05  0.31095712887847E+05  0.12067130289705E+07  0.15063095521023E+07  0.31968772457479E+05  0.41976302715406E+04  0.47147443116820E+05  0.45779126390471E+04  0.41810887607796E+03  0.21833300680520E+06  0.77569653580541E+04  0.52696673290075E+05  0.24547763688026E+05  0.41432250975951E+07  0.51789913798625E+05  0.83106751359126E+04  0.57719126699980E+04  0.52255112360374E+04  0.24202798925661E+05  0.19764215366858E+06  0.33919909150618E+05 -0.37656599709986E+03 -0.28083092541547E+03 -0.31220380698793E+03 -0.16881791644281E+04 -0.32591353940469E+04 -0.35384356546878E+03 -0.80710241720772E+03 -0.98045347241682E+01 -0.26488077592944E+02 -0.51963397920510E+02 -0.71720248683652E+01 -0.36387296568724E+01 -0.10328590646570E+04 -0.53417026657762E+02 -0.74039411485318E+03 -0.90019957286125E+03
   0.12571805339373E+07  0.43218868745857E+07  0.51229094336895E+05  0.15628250989105E+07  0.31457522038629E+06  0.50406683930429E+06  0.35486876084664E+06  0.13686159396636E+08  0.17479357181951E+08  0.37522175251117E+06  0.47147443116820E+05  0.54451251404758E+06  0.52883366541146E+05  0.48265262245647E+04  0.25124191457711E+07  0.90998045911160E+05  0.59782287374135E+06  0.27753519696167E+06  0.47870377705212E+08  0.60128967541189E+06  0.96575831343712E+05  0.66854437892425E+05  0.59958667498440E+05  0.27745829771694E+06  0.22869830422986E+07  0.39176593736815E+06 -0.73675730585759E+03 -0.17234451390480E-10 -0.51291759731519E+03 -0.35229122296435E+04  0.30171272519533E-09 -0.15820518519652E+04 -0.33190885809181E+02 -0.56676382725718E+02 -0.42229589263141E-01  0.64228909906267E-10 -0.12068569667967E+01 -0.52927179379387E+00  0.12297370038774E+03  0.18450288649483E+03 -0.20045150022679E+04 -0.22648093595981E-11
   0.12221993538000E+06  0.41996681448193E+06  0.49816071628383E+04  0.15186292253339E+06  0.30573217219953E+05  0.48985875495158E+05  0.34482025816335E+05  0.13292122703688E+07  0.16987240748759E+07  0.36468494134447E+05  0.45779126390471E+04  0.52883366541146E+05  0.51380735299230E+04  0.46899111691525E+03  0.24409680756982E+06  0.88472407212547E+04  0.58043056083821E+05  0.26943926696010E+05  0.46515803618228E+07  0.58420552398211E+05  0.93840880371297E+04  0.64964623926638E+04  0.58267847069835E+04  0.26962054510203E+05  0.22223096538787E+06  0.38069916268291E+05 -0.99156113542006E+02 -0.31857525066145E-11 -0.20016794252950E+02 -0.38032075368557E+03 -0.25334113075574E-10 -0.96803105021830E+02 -0.78091905056516E+01 -0.43616221044925E+01 -0.26811303162573E-01  0.14793508629606E-12 -0.11677228334143E+00 -0.46981466713792E-01  0.13922993867206E+02  0.38422458751069E+02 -0.14071200989750E+03 -0.31762354824587E-11
   0.10958535872860E+05  0.38399447614575E+05  0.44996201094622E+03  0.13944413282078E+05  0.27888343159891E+04  0.44950075916788E+04  0.31606467285969E+04  0.12143821014322E+06  0.15525207739840E+06  0.33349379553350E+04  0.41810887607796E+03  0.48265262245647E+04  0.46899111691525E+03  0.42911095419050E+02  0.22314682542695E+05  0.80850377392437E+03  0.53056268023518E+04  0.24618242326328E+04  0.42513081634153E+06  0.53391628806731E+04  0.85743088944500E+03  0.59367640759425E+03  0.53215555202681E+03  0.24622252322748E+04  0.20309673600415E+05  0.34788231065393E+04  0.58306171075021E-01 -0.21600250682450E-12 -0.49397888579428E+01 -0.50415804309226E+00  0.26614506235190E-11 -0.21836871293243E+01 -0.49984498289615E-05 -0.11004451607463E+00  0.37267931269166E-13 -0.38127808992768E-13 -0.13184218499857E-02 -0.73043092314463E-03 -0.21053742975444E+01  0.12402400404587E-04 -0.23101433119155E+01  0.59116046978337E-12
   0.57694365630911E+07  0.19969772146180E+08  0.23552027978216E+06  0.72588651652720E+07  0.14503867607589E+07  0.23387738525587E+07  0.16444420828026E+07  0.63224274063470E+08  0.80818669082645E+08  0.17315995404811E+07  0.21833300680520E+06  0.25124191457711E+07  0.24409680756982E+06  0.22314682542695E+05  0.11653463640495E+08  0.41603782517730E+06  0.27992103217884E+07  0.13018958130069E+07  0.22117439285262E+09  0.27769231405490E+07  0.44612580303767E+06  0.30887659609538E+06  0.27682288655041E+06  0.12807555920761E+07  0.10566268024841E+08  0.18098088222646E+07 -0.30077603659133E+04 -0.19545943782820E+04 -0.24953131978117E+04  0.19037655669738E+04  0.42656927809861E+04 -0.14274543853978E+04 -0.29566477296866E+04 -0.74730032667780E+03  0.34968434381256E+03  0.59027966937018E+03 -0.31175737028994E+04 -0.16192316056815E+04 -0.20841172073971E+04  0.23243059820847E+03 -0.97561130180750E+03 -0.11010663482285E+04
   0.20553336013242E+06  0.72487657170061E+06  0.85102579135454E+04  0.25797483361386E+06  0.53133932429297E+05  0.83559487862056E+05  0.58953888258019E+05  0.22780574294355E+07  0.29294293687588E+07  0.63535997809740E+05  0.77569653580541E+04  0.90998045911160E+05  0.88472407212547E+04  0.80850377392437E+03  0.41603782517730E+06  0.15872225786745E+05  0.95037744162603E+05  0.43630852644561E+05  0.80212498961851E+07  0.10079790185366E+06  0.16181892926639E+05  0.11204474462296E+05  0.10037955167430E+05  0.46462288095587E+05  0.38329142858704E+06  0.65650812908804E+05  0.60410922073850E+03  0.37778700426256E+03  0.29747692241825E+03 -0.11271677457937E+03 -0.42851307403956E+03  0.15925253905512E+03  0.32609327173214E+03  0.88050890547719E+02 -0.10062128525839E+03 -0.16729331414377E+03  0.52725258935724E+03  0.25214262147341E+03 -0.43267369772936E+03 -0.41782575643673E+02  0.29141497605628E+03  0.32844494336115E+03
   0.13856580829757E+07  0.47424671199370E+07  0.56016147618470E+05  0.17497369921033E+07  0.34232687370980E+06  0.56185120104463E+06  0.39384411494245E+06  0.15109637400502E+08  0.19199705289873E+08  0.40789711995567E+06  0.52696673290075E+05  0.59782287374135E+06  0.58043056083821E+05  0.53056268023518E+04  0.27992103217884E+07  0.95037744162603E+05  0.69752672457387E+06  0.32737861348903E+06  0.52558450304859E+08  0.65952663575432E+06  0.10601290918144E+06  0.73382166490073E+05  0.65663012660619E+05  0.30391226844700E+06  0.25101639333647E+07  0.42969891917391E+06 -0.36255536525333E+04 -0.22974963184615E+04 -0.29589434469837E+04  0.26550602367875E+04  0.60155850623182E+04 -0.13923383184528E+04 -0.28922709365769E+04 -0.75714310069911E+03  0.13415983277810E+03  0.25052540589292E+03 -0.34178336989878E+04 -0.18101925058217E+04  0.22997688360977E+04  0.38426348091593E+03 -0.22436438136939E+04 -0.24956449849678E+04
   0.64735722321714E+06  0.22003400815003E+07  0.26071955668333E+05  0.81550789112484E+06  0.15849666921066E+06  0.26162717438494E+06  0.18326524995613E+06  0.70204100428250E+07  0.89089441485205E+07  0.18876153911836E+06  0.24547763688026E+05  0.27753519696167E+06  0.26943926696010E+05  0.24618242326328E+04  0.13018958130069E+07  0.43630852644561E+05  0.32737861348903E+06  0.15412553242913E+06  0.24390077607702E+08  0.30597958300487E+06  0.49197929116232E+05  0.34055218756942E+05  0.30482082128541E+05  0.14107766383682E+06  0.11649329599425E+07  0.19940696897187E+06 -0.25553459927055E+04 -0.15873098025970E+04 -0.15061732104468E+04  0.12033414347492E+04  0.32283203628876E+04 -0.72510258556391E+03 -0.15018936626817E+04 -0.42545527292948E+03  0.18047962133765E+03  0.31790350941334E+03 -0.22521329945430E+04 -0.11422608649476E+04  0.21780716192867E+04  0.25910792326271E+03 -0.15366181822923E+04 -0.17132999767098E+04
   0.11393553097513E+09  0.37929569775802E+09  0.45980478955440E+07  0.13902570035365E+09  0.27388180727143E+08  0.44488756690075E+08  0.31408073630433E+08  0.12034970507995E+10  0.15395534000060E+10  0.33054428558581E+08  0.41432250975951E+07  0.47870377705212E+08  0.46515803618228E+07  0.42513081634153E+06  0.22117439285262E+09  0.80212498961851E+07  0.52558450304859E+08  0.24390077607702E+08  0.42264264202465E+10  0.52825338464698E+08  0.84498639129893E+07  0.58594276292392E+07  0.52309350787658E+07  0.24353784849562E+08  0.20100869837555E+09  0.34294844502297E+08 -0.21901629189444E+05 -0.48610784432024E+05  0.64929168909957E+03 -0.34284967639154E+06 -0.16678109349350E+07 -0.10102979501477E+05 -0.20070161394669E+05 -0.13090781263137E+03 -0.10833980882029E+06 -0.45887863303028E+06 -0.15095409414938E+05 -0.47799104762927E+04  0.11090572518759E+05 -0.31453560192951E+05 -0.13143882440536E+05 -0.40477102412417E+05
   0.13127942769253E+07  0.47949806273616E+07  0.54750646345338E+05  0.17107546337755E+07  0.35146524819241E+06  0.55593911680134E+06  0.39019173489258E+06  0.15070072697094E+08  0.19341800696277E+08  0.41663792391116E+06  0.51789913798625E+05  0.60128967541189E+06  0.58420552398211E+05  0.53391628806731E+04  0.27769231405490E+07  0.10079790185366E+06  0.65952663575432E+06  0.30597958300487E+06  0.52825338464698E+08  0.66759419060241E+06  0.10774135687601E+06  0.74338732202748E+05  0.66525795496732E+05  0.30640350934216E+06  0.25335281031273E+07  0.43481614666845E+06  0.00000000000000E+00  0.25880039968410E+04  0.00000000000000E+00  0.00000000000000E+00  0.40945914057752E+05  0.00000000000000E+00  0.00000000000000E+00  0.00000000000000E+00  0.00000000000000E+00  0.57706276337629E+04  0.00000000000000E+00  0.00000000000000E+00  0.00000000000000E+00 -0.17292829725435E+04  0.00000000000000E+00  0.42362242341325E+04
   0.19392559144271E+06  0.77515636109208E+06  0.83636619236874E+04  0.27054637607252E+06  0.57477608114412E+05  0.89105231133819E+05  0.62183393453297E+05  0.24197392395437E+07  0.31069076224544E+07  0.67044235192673E+05  0.83106751359126E+04  0.96575831343712E+05  0.93840880371297E+04  0.85743088944500E+03  0.44612580303767E+06  0.16181892926639E+05  0.10601290918144E+06  0.49197929116232E+05  0.84498639129893E+07  0.10774135687601E+06  0.17564479766862E+05  0.12071037087938E+05  0.10842701282778E+05  0.49399014553890E+05  0.40842480572232E+06  0.70563587265893E+05  0.00000000000000E+00  0.67133700443660E+03  0.00000000000000E+00  0.00000000000000E+00  0.15184221261955E+05  0.00000000000000E+00  0.00000000000000E+00  0.00000000000000E+00  0.00000000000000E+00  0.28925849596705E+04  0.00000000000000E+00  0.00000000000000E+00  0.00000000000000E+00 -0.53348696140548E+03  0.00000000000000E+00  0.87823950572397E+03
   0.14044753971205E+06  0.53537757140470E+06  0.59470693896365E+04  0.18931013694698E+06  0.39419891117645E+05  0.61917282191807E+05  0.43321174546101E+05  0.16785693711747E+07  0.21504931834895E+07  0.46301593427338E+05  0.57719126699980E+04  0.66854437892425E+05  0.64964623926638E+04  0.59367640759425E+03  0.30887659609538E+06  0.11204474462296E+05  0.73382166490073E+05  0.34055218756942E+05  0.58594276292392E+07  0.74338732202748E+05  0.12071037087938E+05  0.83212960732347E+04  0.74938831976777E+04  0.34234202814358E+05  0.28235642481775E+06  0.48753577157820E+05  0.00000000000000E+00  0.19590003850170E+03  0.00000000000000E+00  0.00000000000000E+00  0.65112271448607E+04  0.00000000000000E+00  0.00000000000000E+00  0.00000000000000E+00  0.00000000000000E+00  0.14873523745721E+04  0.00000000000000E+00  0.00000000000000E+00  0.00000000000000E+00 -0.17174424392655E+03  0.00000000000000E+00  0.25904276264327E+03
   0.11727863567610E+06  0.48534874772222E+06  0.51045001806923E+04  0.17105944554058E+06  0.35407138323490E+05  0.56094645646015E+05  0.39174570164995E+05  0.15139098667757E+07  0.19255755113867E+07  0.41198317860550E+05  0.52255112360374E+04  0.59958667498440E+05  0.58267847069835E+04  0.53215555202681E+03  0.27682288655041E+06  0.10037955167430E+05  0.65663012660619E+05  0.30482082128541E+05  0.52309350787658E+07  0.66525795496732E+05  0.10842701282778E+05  0.74938831976777E+04  0.70645791787159E+04  0.31386372308729E+05  0.25433533266196E+06  0.44970177537871E+05 -0.74054249361406E+02 -0.44674631603274E+02  0.15426055984516E+01  0.12744445714215E+04  0.20645170777219E+04  0.00000000000000E+00  0.00000000000000E+00  0.00000000000000E+00  0.20029061292993E+04  0.32228315888391E+04  0.00000000000000E+00  0.00000000000000E+00  0.00000000000000E+00 -0.16554278113951E+03 -0.34263864912465E+03 -0.37699351469208E+03
   0.62268309746360E+06  0.22157349768381E+07  0.25634828473138E+05  0.80045361679337E+06  0.16106861055632E+06  0.25925160956076E+06  0.18192951360682E+06  0.70099269353257E+07  0.89077281730163E+07  0.19048771871831E+06  0.24202798925661E+05  0.27745829771694E+06  0.26962054510203E+05  0.24622252322748E+04  0.12807555920761E+07  0.46462288095587E+05  0.30391226844700E+06  0.14107766383682E+06  0.24353784849562E+08  0.30640350934216E+06  0.49399014553890E+05  0.34234202814358E+05  0.31386372308729E+05  0.14350000477992E+06  0.11690515851398E+07  0.20234487675871E+06 -0.20700676310090E+03 -0.14560490321600E+03 -0.38231234082436E+02 -0.46813037557076E+04 -0.81901728876469E+04  0.00000000000000E+00  0.00000000000000E+00  0.00000000000000E+00  0.32268394501455E+04  0.50896356767885E+04  0.00000000000000E+00  0.00000000000000E+00  0.00000000000000E+00 -0.62913765140328E+03 -0.20441224047708E+04 -0.22520298137050E+04
   0.49803607805484E+07  0.18260149200202E+08  0.20789395488673E+06  0.65338809244690E+07  0.13344675894022E+07  0.21205053652833E+07  0.14883345576796E+07  0.57454935688599E+08  0.73560420466472E+08  0.15823399835630E+07  0.19764215366858E+06  0.22869830422986E+07  0.22223096538787E+06  0.20309673600415E+05  0.10566268024841E+08  0.38329142858704E+06  0.25101639333647E+07  0.11649329599425E+07  0.20100869837555E+09  0.25335281031273E+07  0.40842480572232E+06  0.28235642481775E+06  0.25433533266196E+06  0.11690515851398E+07  0.96436189243084E+07  0.16580190845770E+07  0.23864501394226E+03  0.17989705639299E+03  0.20518372057609E-01  0.39752451879791E+05  0.78792164204355E+05  0.00000000000000E+00  0.00000000000000E+00  0.00000000000000E+00  0.15268166905100E+05  0.24661113249003E+05  0.00000000000000E+00  0.00000000000000E+00  0.00000000000000E+00  0.15792324540719E+04  0.17098141122610E+04  0.20831091409202E+04
   0.79794535981633E+06  0.31543684806560E+07  0.34216276460190E+05  0.11170551836816E+07  0.23010983146734E+06  0.36436617155853E+06  0.25522254187765E+06  0.98528228504041E+07  0.12597948702405E+08  0.27060595849403E+06  0.33919909150618E+05  0.39176593736815E+06  0.38069916268291E+05  0.34788231065393E+04  0.18098088222646E+07  0.65650812908804E+05  0.42969891917391E+06  0.19940696897187E+06  0.34294844502297E+08  0.43481614666845E+06  0.70563587265893E+05  0.48753577157820E+05  0.44970177537871E+05  0.20234487675871E+06  0.16580190845770E+07  0.29005121902896E+06 -0.21551687798127E+03 -0.11526267618498E+03  0.11878708227730E+02  0.11899529986597E+05  0.19965472769832E+05  0.00000000000000E+00  0.00000000000000E+00  0.00000000000000E+00  0.75855992665817E+04  0.12447090148380E+05  0.00000000000000E+00  0.00000000000000E+00  0.00000000000000E+00 -0.26104767130677E+03 -0.15326934214206E+03 -0.15596777144848E+03
  -0.13672429170213E+06  0.16972635022177E+05 -0.34157321921793E+04 -0.13095830580715E+05  0.20255495441822E+04 -0.21530103574258E+04 -0.20323022239776E+04 -0.63485622337956E+05  0.11299626705983E+05  0.25997435509788E+04 -0.37656599709986E+03 -0.73675730585759E+03 -0.99156113542006E+02  0.58306171075021E-01 -0.30077603659133E+04  0.60410922073850E+03 -0.36255536525333E+04 -0.25553459927055E+04 -0.21901629189444E+05  0.00000000000000E+00  0.00000000000000E+00  0.00000000000000E+00 -0.74054249361406E+02 -0.20700676310090E+03  0.23864501394226E+03 -0.21551687798127E+03  0.11664913731890E+06  0.00000000000000E+00  0.00000000000000E+00  0.00000000000000E+00  0.00000000000000E+00  0.00000000000000E+00  0.00000000000000E+00  0.00000000000000E+00  0.00000000000000E+00  0.00000000000000E+00  0.00000000000000E+00  0.00000000000000E+00  0.00000000000000E+00  0.00000000000000E+00  0.00000000000000E+00  0.00000000000000E+00
  -0.57601917072425E+05  0.82878834663731E+04 -0.14323738529876E+04 -0.21751265665317E+05  0.34614423840351E+04 -0.33792908520536E+04 -0.32481791644583E+04 -0.50060900540512E+05  0.10513082298376E+05  0.17619615792866E+04 -0.28083092541547E+03 -0.17234451390480E-10 -0.31857525066145E-11 -0.21600250682450E-12 -0.19545943782820E+04  0.37778700426256E+03 -0.22974963184615E+04 -0.15873098025970E+04 -0.48610784432024E+05  0.25880039968410E+04  0.67133700443660E+03  0.19590003850170E+03 -0.44674631603274E+02 -0.14560490321600E+03  0.17989705639299E+03 -0.11526267618498E+03  0.00000000000000E+00  0.64419341535360E+05  0.00000000000000E+00  0.00000000000000E+00  0.00000000000000E+00  0.00000000000000E+00  0.00000000000000E+00  0.00000000000000E+00  0.00000000000000E+00  0.00000000000000E+00  0.00000000000000E+00  0.00000000000000E+00  0.00000000000000E+00  0.00000000000000E+00  0.00000000000000E+00  0.00000000000000E+00
  -0.59119525546528E+04 -0.14113427956497E+03 -0.11190938024927E+02 -0.18016739788300E+03 -0.50384697715182E+02  0.72299309860168E+02  0.93409572160966E+02 -0.76694974825216E+05  0.26215319605457E+05  0.75506321422331E+03 -0.31220380698793E+03 -0.51291759731519E+03 -0.20016794252950E+02 -0.49397888579428E+01 -0.24953131978117E+04  0.29747692241825E+03 -0.29589434469837E+04 -0.15061732104468E+04  0.64929168909957E+03  0.00000000000000E+00  0.00000000000000E+00  0.00000000000000E+00  0.15426055984516E+01 -0.38231234082436E+02  0.20518372057609E-01  0.11878708227730E+02  0.00000000000000E+00  0.00000000000000E+00  0.30682060686939E+05  0.00000000000000E+00  0.00000000000000E+00  0.00000000000000E+00  0.00000000000000E+00  0.00000000000000E+00  0.00000000000000E+00  0.00000000000000E+00  0.00000000000000E+00  0.00000000000000E+00  0.00000000000000E+00  0.00000000000000E+00  0.00000000000000E+00  0.00000000000000E+00
  -0.87475258737385E+06  0.20008074678394E+06 -0.21865321796219E+05 -0.66149328958209E+05  0.12481001383607E+05 -0.76868263506072E+04 -0.88328731137232E+04 -0.30811124241614E+06  0.68817421717999E+05  0.10498575212985E+05 -0.16881791644281E+04 -0.35229122296435E+04 -0.38032075368557E+03 -0.50415804309226E+00  0.19037655669738E+04 -0.11271677457937E+03  0.26550602367875E+04  0.12033414347492E+04 -0.34284967639154E+06  0.00000000000000E+00  0.00000000000000E+00  0.00000000000000E+00  0.12744445714215E+04 -0.46813037557076E+04  0.39752451879791E+05  0.11899529986597E+05  0.00000000000000E+00  0.00000000000000E+00  0.00000000000000E+00  0.58020540882085E+06  0.00000000000000E+00  0.00000000000000E+00  0.00000000000000E+00  0.00000000000000E+00  0.00000000000000E+00  0.00000000000000E+00  0.00000000000000E+00  0.00000000000000E+00  0.00000000000000E+00  0.00000000000000E+00  0.00000000000000E+00  0.00000000000000E+00
  -0.11193758531695E+07  0.24826789185323E+06 -0.28121914037307E+05 -0.34254543717889E+06  0.65507558549931E+05 -0.37663420220189E+05 -0.45878589869831E+05 -0.58876975217728E+06  0.12743080226058E+06  0.21249959644282E+05 -0.32591353940469E+04  0.30171272519533E-09 -0.25334113075574E-10  0.26614506235190E-11  0.42656927809861E+04 -0.42851307403956E+03  0.60155850623182E+04  0.32283203628876E+04 -0.16678109349350E+07  0.40945914057752E+05  0.15184221261955E+05  0.65112271448607E+04  0.20645170777219E+04 -0.81901728876469E+04  0.78792164204355E+05  0.19965472769832E+05  0.00000000000000E+00  0.00000000000000E+00  0.00000000000000E+00  0.00000000000000E+00  0.92101147367584E+06  0.00000000000000E+00  0.00000000000000E+00  0.00000000000000E+00  0.00000000000000E+00  0.00000000000000E+00  0.00000000000000E+00  0.00000000000000E+00  0.00000000000000E+00  0.00000000000000E+00  0.00000000000000E+00  0.00000000000000E+00
  -0.21170385088023E+05  0.56012246497906E+04 -0.54135779791546E+03 -0.12318274693668E+04  0.32289574715722E+03 -0.12570068476012E+02 -0.13927764782459E+03 -0.75289478893292E+05  0.22635371942929E+05  0.13988299651810E+04 -0.35384356546878E+03 -0.15820518519652E+04 -0.96803105021830E+02 -0.21836871293243E+01 -0.14274543853978E+04  0.15925253905512E+03 -0.13923383184528E+04 -0.72510258556391E+03 -0.10102979501477E+05  0.00000000000000E+00  0.00000000000000E+00  0.00000000000000E+00  0.00000000000000E+00  0.00000000000000E+00  0.00000000000000E+00  0.00000000000000E+00  0.00000000000000E+00  0.00000000000000E+00  0.00000000000000E+00  0.00000000000000E+00  0.00000000000000E+00  0.13454830950431E+05  0.00000000000000E+00  0.00000000000000E+00  0.00000000000000E+00  0.00000000000000E+00  0.00000000000000E+00  0.00000000000000E+00  0.00000000000000E+00  0.00000000000000E+00  0.00000000000000E+00  0.00000000000000E+00
  -0.48740940616586E+05  0.13111277873420E+05 -0.12493563972544E+04 -0.24427579078805E+04  0.62054887281587E+03 -0.54334036960053E+02 -0.27203668856647E+03 -0.17194312621900E+06  0.51841655048078E+05  0.31445182211387E+04 -0.80710241720772E+03 -0.33190885809181E+02 -0.78091905056516E+01 -0.49984498289615E-05 -0.29566477296866E+04  0.32609327173214E+03 -0.28922709365769E+04 -0.15018936626817E+04 -0.20070161394669E+05  0.00000000000000E+00  0.00000000000000E+00  0.00000000000000E+00  0.00000000000000E+00  0.00000000000000E+00  0.00000000000000E+00  0.00000000000000E+00  0.00000000000000E+00  0.00000000000000E+00  0.00000000000000E+00  0.00000000000000E+00  0.00000000000000E+00  0.00000000000000E+00  0.30970498598881E+05  0.00000000000000E+00  0.00000000000000E+00  0.00000000000000E+00  0.00000000000000E+00  0.00000000000000E+00  0.00000000000000E+00  0.00000000000000E+00  0.00000000000000E+00  0.00000000000000E+00
  -0.33434615607841E+04  0.42458149563703E+03 -0.75714504935632E+02 -0.70099632304653E+02  0.90149927892629E+01 -0.14478618368598E+02 -0.10635617382477E+02 -0.15790054315060E+04  0.22807997566955E+03  0.44806269998994E+02 -0.98045347241682E+01 -0.56676382725718E+02 -0.43616221044925E+01 -0.11004451607463E+00 -0.74730032667780E+03  0.88050890547719E+02 -0.75714310069911E+03 -0.42545527292948E+03 -0.13090781263137E+03  0.00000000000000E+00  0.00000000000000E+00  0.00000000000000E+00  0.00000000000000E+00  0.00000000000000E+00  0.00000000000000E+00  0.00000000000000E+00  0.00000000000000E+00  0.00000000000000E+00  0.00000000000000E+00  0.00000000000000E+00  0.00000000000000E+00  0.00000000000000E+00  0.00000000000000E+00  0.37931340597786E+04  0.00000000000000E+00  0.00000000000000E+00  0.00000000000000E+00  0.00000000000000E+00  0.00000000000000E+00  0.00000000000000E+00  0.00000000000000E+00  0.00000000000000E+00
  -0.19467778453037E+06  0.58621829172552E+05 -0.49711175382621E+04 -0.10830916201532E+05  0.30156705580869E+04  0.22368380321811E+02 -0.10305243157725E+04 -0.43207690171064E+04  0.51700293838232E+03  0.37929379656064E+03 -0.26488077592944E+02 -0.42229589263141E-01 -0.26811303162573E-01  0.37267931269166E-13  0.34968434381256E+03 -0.10062128525839E+03  0.13415983277810E+03  0.18047962133765E+03 -0.10833980882029E+06  0.00000000000000E+00  0.00000000000000E+00  0.00000000000000E+00  0.20029061292993E+04  0.32268394501455E+04  0.15268166905100E+05  0.75855992665817E+04  0.00000000000000E+00  0.00000000000000E+00  0.00000000000000E+00  0.00000000000000E+00  0.00000000000000E+00  0.00000000000000E+00  0.00000000000000E+00  0.00000000000000E+00  0.10722574587194E+06  0.00000000000000E+00  0.00000000000000E+00  0.00000000000000E+00  0.00000000000000E+00  0.00000000000000E+00  0.00000000000000E+00  0.00000000000000E+00
  -0.21030426478226E+06  0.62762999235576E+05 -0.53710221121805E+04 -0.47123114452567E+05  0.12944127566007E+05 -0.61338459366731E+02 -0.45666384201250E+04 -0.84570086334931E+04  0.10163926715037E+04  0.71913395768687E+03 -0.51963397920510E+02  0.64228909906267E-10  0.14793508629606E-12 -0.38127808992768E-13  0.59027966937018E+03 -0.16729331414377E+03  0.25052540589292E+03  0.31790350941334E+03 -0.45887863303028E+06  0.57706276337629E+04  0.28925849596705E+04  0.14873523745721E+04  0.32228315888391E+04  0.50896356767885E+04  0.24661113249003E+05  0.12447090148380E+05  0.00000000000000E+00  0.00000000000000E+00  0.00000000000000E+00  0.00000000000000E+00  0.00000000000000E+00  0.00000000000000E+00  0.00000000000000E+00  0.00000000000000E+00  0.00000000000000E+00  0.13819737521344E+06  0.00000000000000E+00  0.00000000000000E+00  0.00000000000000E+00  0.00000000000000E+00  0.00000000000000E+00  0.00000000000000E+00
  -0.91376519251548E+04  0.23178334363880E+04 -0.23247322847289E+03 -0.23893971600062E+04  0.49157384111885E+03 -0.21935264458857E+03 -0.31216632372694E+03  0.90879748428104E+03 -0.14193154315886E+04  0.10549824067456E+03 -0.71720248683652E+01 -0.12068569667967E+01 -0.11677228334143E+00 -0.13184218499857E-02 -0.31175737028994E+04  0.52725258935724E+03 -0.34178336989878E+04 -0.22521329945430E+04 -0.15095409414938E+05  0.00000000000000E+00  0.00000000000000E+00  0.00000000000000E+00  0.00000000000000E+00  0.00000000000000E+00  0.00000000000000E+00  0.00000000000000E+00  0.00000000000000E+00  0.00000000000000E+00  0.00000000000000E+00  0.00000000000000E+00  0.00000000000000E+00  0.00000000000000E+00  0.00000000000000E+00  0.00000000000000E+00  0.00000000000000E+00  0.00000000000000E+00  0.81805749645064E+04  0.00000000000000E+00  0.00000000000000E+00  0.00000000000000E+00  0.00000000000000E+00  0.00000000000000E+00
  -0.32461044823887E+04  0.74067803372373E+03 -0.82463027948606E+02 -0.94055510413667E+03  0.18074110819900E+03 -0.10652944832784E+03 -0.12906675337793E+03  0.51634030274306E+03 -0.75806172460442E+03  0.48581567012510E+02 -0.36387296568724E+01 -0.52927179379387E+00 -0.46981466713792E-01 -0.73043092314463E-03 -0.16192316056815E+04  0.25214262147341E+03 -0.18101925058217E+04 -0.11422608649476E+04 -0.47799104762927E+04  0.00000000000000E+00  0.00000000000000E+00  0.00000000000000E+00  0.00000000000000E+00  0.00000000000000E+00  0.00000000000000E+00  0.00000000000000E+00  0.00000000000000E+00  0.00000000000000E+00  0.00000000000000E+00  0.00000000000000E+00  0.00000000000000E+00  0.00000000000000E+00  0.00000000000000E+00  0.00000000000000E+00  0.00000000000000E+00  0.00000000000000E+00  0.00000000000000E+00  0.41986696325688E+04  0.00000000000000E+00  0.00000000000000E+00  0.00000000000000E+00  0.00000000000000E+00
