# fitpack15: fit parameters                                                                         
# CJ15 AV18 final data choices                                                                      
# Created on 02/03/2020 at 16:16:04                                                                 

 # QCD setup
  INS                           0
  NVL                          11
  IORD                          1
  Q02                   1.6899999999999999     
  IPARAMC                       7
  FLAVOR                4.0000000000000000     
  xmc                   1.3000000000000000     
  xmb                   4.5000000000000000     
  ncb                          12
  ihq                           1
  ias                           0

 # Theory corrections
  inuke                     10914
  itmc                          1
  iht                           1

 # fit parameters
 LAMBDA       0.22680        0.0000    
 a0uv          2.4003        0.0000    
 a1uv         0.61455       0.20040E-01
 a2uv          3.5465       0.12385E-01
 a3uv          0.0000        0.0000    
 a4uv          3.4747       0.43512    
 a5uv          0.0000        0.0000    
 a0dv          24.822        0.0000    
 a1dv          1.1599       0.33031E-01
 a2dv          6.5635       0.16497    
 a3dv         -3.5040       0.87633E-01
 a4dv          4.6716       0.15130    
 a5dv          0.0000        0.0000    
 a0ud         0.14614       0.50710E-02
 a1ud        -0.20804       0.37843E-02
 a2ud          8.3007       0.19364    
 a3ud          0.0000        0.0000    
 a4ud          14.375        1.2358    
 a5ud          0.0000        0.0000    
 a0du          35712.        0.0000    
 a1du          4.0624       0.84382E-01
 a2du          20.289       0.94225    
 a3du          17.000        0.0000    
 a4du          59.299        13.812    
 a0g           45.562        0.0000    
 a1g          0.60225       0.30536E-01
 a2g           6.3060       0.97034    
 a3g          -3.3284       0.13159    
 a4g           3.1841       0.29314    
 a5g           0.0000        0.0000    
 kappa        0.40000        0.0000    
 a6dv        -0.36589E-02   0.77230E-03
 a7dv          2.0000        0.0000    
 off1         -2.7758        5.3158    
 off2         0.22976        1.3858    
 off3         0.23625        1.3608    
 ht1          -3.2786       0.27152    
 ht2           1.9092       0.11156    
 ht3          -2.0975       0.28594E-01
 ht4           0.0000        0.0000    
 dummy41       0.0000        0.0000    
 dummy42       0.0000        0.0000    
 dummy43       0.0000        0.0000    
 dummy44       0.0000        0.0000    
 dummy45       0.0000        0.0000    
 dummy46       0.0000        0.0000    
 dummy47       0.0000        0.0000    
 dummy48       0.0000        0.0000    
 dummy49       0.0000        0.0000    
 bcdmsh2      0.97264       0.48173E-02
 bcdmsd2      0.99352       0.56856E-02
 ccfr          1.0000        0.0000    
 nutev         1.0000        0.0000    
 zeus         0.97998        0.0000    
 h1            1.0162        0.0000    
 e605          1.0319        0.0000    
 NmcH2         1.0096       0.71272E-02
 ntv_nu        1.0000        0.0000    
 ntv_nubar     1.0000        0.0000    
 cdf_jet      0.98910        0.0000    
 d0_jet       0.83504        0.0000    
 slac_p        1.0049       0.47794E-02
 slac_d        1.0046       0.52325E-02
 e866pp       0.96875       0.19173E-01
 e866pd       0.96022       0.15787E-01
 d0_gamjet     1.0399       0.16488E-01
 h1b          0.97608        0.0000    
 jlab_p       0.99651       0.57978E-02
 jlab_d       0.97742       0.59302E-02
 blank         1.0000        0.0000    
 d0run2       0.94379       0.14537E-01
 cdfrun2      0.92893       0.17353E-01
 HERA_el       1.0000        0.0000    
 HERA_ps       1.0000        0.0000    
 CDF_Z        0.96306       0.63294E-02
 NmcRat        1.0000        0.0000    
 BNS_F2nd     0.97956       0.54766E-02
 HERMES_F2p   0.99793       0.55715E-02
 HERMES_F2d   0.98056       0.58102E-02
 END 0. 0.

 # Hessian matrix (Bevington alpha)
   0.48898363451811E+07 -0.12902097580198E+07  0.23390057629457E+06  0.47633631740242E+06 -0.12532152913338E+06 -0.24354062569899E+05  0.54513944667874E+05  0.90022023683436E+06 -0.17101602538592E+06 -0.48345450371524E+05  0.74307545964039E+04  0.14593891529517E+05  0.16402863664571E+04 -0.96690567637007E+02  0.77223539457230E+04 -0.19863795983493E+04  0.11478119404938E+05  0.83271593440435E+04 -0.74837570125720E+07 -0.27654755988087E+04 -0.15535268037714E+05 -0.25754684705835E+05 -0.19281237476407E+05 -0.84352950813990E+04 -0.22663098411382E+06 -0.12686360540919E+06 -0.53711743904535E+05 -0.43631589578054E+04 -0.83840720769936E+06 -0.10841424637080E+07 -0.20566545492296E+05 -0.46479555445283E+05 -0.30727082029767E+04 -0.19819948542273E+06 -0.22368041308396E+06 -0.90080600783668E+04 -0.31946784435854E+04 -0.15218395047472E+05  0.16510129837631E+05 -0.70576560864916E+05 -0.55624782627003E+05
  -0.12902097580198E+07  0.41447158836755E+06 -0.63810215588001E+05 -0.13489003742883E+06  0.35085752477360E+05  0.90836883634630E+04 -0.12164026527174E+05 -0.12182241052256E+06  0.26233493486492E+05  0.75202893371557E+04 -0.94991304903557E+03 -0.11754301709398E+04 -0.13637086635839E+03  0.11726092019369E+02  0.72952610743458E+03 -0.63836610123436E+02  0.23444263663056E+03  0.14207310628239E+03  0.25733180221918E+07  0.95459672419769E+03  0.48058908838179E+04  0.84115752499736E+04  0.88877840772829E+04  0.95067033237550E+04  0.67090646033932E+05  0.16554710999795E+05  0.82081661248821E+04 -0.24166240289894E+03  0.20938638117162E+06  0.26438976954525E+06  0.57944840636125E+04  0.13261199340567E+05  0.41987398829794E+03  0.63373334302537E+05  0.71194586921946E+05  0.24434695521223E+04  0.77713924018588E+03 -0.23429010234574E+04 -0.22641037087486E+04  0.85470793998123E+04  0.71992139957645E+04
   0.23390057629457E+06 -0.63810215588001E+05  0.11313045904338E+05  0.23073277146087E+05 -0.61572715740951E+04 -0.13981989925226E+04  0.25582317116992E+04  0.31545714886433E+05 -0.58255926950791E+04 -0.20017413754563E+04  0.26480923193399E+03  0.45708298541694E+03  0.59404504311853E+02 -0.43055780566242E+01 -0.39092661335770E+03 -0.12813650027564E+01 -0.19082110240699E+03 -0.24572956271503E+02 -0.37431304243615E+06 -0.13723428060830E+03 -0.78051846573002E+03 -0.12867883506461E+04 -0.10368211548008E+04 -0.71474581912997E+03 -0.11120466460098E+05 -0.55440861187043E+04 -0.23660389296834E+04  0.51707337075857E+02 -0.39073716695352E+05 -0.50799134424969E+05 -0.10045064174307E+04 -0.22810512620328E+04 -0.11863506239400E+03 -0.99176202249487E+04 -0.11180012718096E+05 -0.43164893463516E+03 -0.15047397068131E+03  0.45328985422972E+02  0.72647309008807E+03 -0.25666503942602E+04 -0.20824027392664E+04
   0.47633631740242E+06 -0.13489003742883E+06  0.23073277146087E+05  0.39514757671237E+06 -0.62190541392268E+05  0.76125957787592E+05  0.64917877777047E+05  0.34634293268720E+06 -0.26118603387099E+05 -0.18217543257679E+05  0.33832125505871E+04 -0.13601605968978E+04 -0.15113426381559E+03  0.49611420352523E+02  0.31160741518375E+05 -0.38275086715312E+04  0.29232292427784E+05  0.16617530151803E+05 -0.22255917671499E+07 -0.55216625921791E+03 -0.49512953118197E+04 -0.69728740515069E+04 -0.14194494356156E+04  0.26599838947874E+04 -0.40326773207949E+05 -0.12734920686100E+05 -0.21057052639790E+05 -0.68263832964029E+02 -0.65671305175355E+05 -0.33949488513506E+06 -0.13662637357928E+04 -0.24844019236845E+04 -0.72442895570619E+02 -0.11704394561576E+05 -0.52307193899781E+05 -0.24792731090487E+04 -0.96904271229596E+03 -0.95654435317143E+04 -0.15854298055065E+05 -0.71882395764869E+04 -0.21240371550512E+05
  -0.12532152913338E+06  0.35085752477360E+05 -0.61572715740951E+04 -0.62190541392268E+05  0.11639720983847E+05 -0.78899665092602E+04 -0.94382152946647E+04 -0.32454467711015E+05  0.45708818144787E+03  0.23886268633107E+04 -0.34485032594081E+03 -0.29586985764123E+02  0.48561212780697E+01 -0.43919586626309E+01 -0.26503970878634E+04  0.33188728347515E+03 -0.24220037369709E+04 -0.13971988858591E+04  0.48975134297533E+06  0.13084884150974E+03  0.11597403315227E+04  0.16223961948124E+04  0.59638422224397E+03  0.32032107103246E+03  0.88332167858103E+04  0.19887456576049E+04  0.33550575634708E+04 -0.56229794589399E+02  0.11904837510490E+05  0.62873019176134E+05  0.32743974024173E+03  0.57516273934337E+03  0.93225771778268E+01  0.29541429074073E+04  0.13061244858791E+05  0.47504406382602E+03  0.17650592742539E+03  0.34753250030008E+03  0.25111933209696E+04  0.81650977869126E+03  0.25117956946455E+04
  -0.24354062569899E+05  0.90836883634630E+04 -0.13981989925226E+04  0.76125957787592E+05 -0.78899665092602E+04  0.24662156347250E+05  0.14936158286169E+05  0.10534342885891E+06 -0.95764260974122E+04 -0.45953653627568E+04  0.10111170228504E+04 -0.68909465349532E+03 -0.66634797330224E+02  0.16844393923887E+02  0.95296462733157E+04 -0.12002605156506E+04  0.91092703538570E+04  0.52481960066195E+04 -0.65249716946331E+05  0.20986698610742E+02 -0.15452988019633E+03 -0.10692331970774E+03  0.73517510645631E+03  0.24629810712894E+04 -0.17128619682815E+04 -0.28286839428502E+04 -0.43188914521747E+04  0.15429287659487E+03 -0.88834618239727E+04 -0.43428466116883E+05 -0.64930878884569E+00 -0.32334019750332E+02 -0.19334170294221E+02  0.34011046077460E+03  0.12810581607355E+04 -0.26978862987729E+03 -0.13646561522328E+03 -0.30632452430098E+04 -0.34415417685861E+04 -0.18571119449407E+04 -0.53319891096273E+04
   0.54513944667874E+05 -0.12164026527174E+05  0.25582317116992E+04  0.64917877777047E+05 -0.94382152946647E+04  0.14936158286169E+05  0.11678811947117E+05  0.58507699000084E+05 -0.31143673104760E+04 -0.32852949469052E+04  0.59233362557472E+03 -0.21593945727743E+03 -0.26636034945957E+02  0.88060836161023E+01  0.49283228272186E+04 -0.63094992681751E+03  0.45838106150624E+04  0.26771551269602E+04 -0.25147692596355E+06 -0.44656917127001E+02 -0.68020782734584E+03 -0.84524026273312E+03  0.15833631965338E+03  0.11635565955117E+04 -0.50248874813034E+04 -0.25014145118892E+04 -0.39169823359248E+04  0.13668154873280E+03 -0.10101343580445E+05 -0.52560509226720E+05 -0.16521185544864E+03 -0.29114890169294E+03 -0.13554714239952E+02 -0.10682209635937E+04 -0.49086163243559E+04 -0.37059191453258E+03 -0.15645064900843E+03 -0.12938249112214E+04 -0.32054436088630E+04 -0.11514119943932E+04 -0.34230428234693E+04
   0.90022023683436E+06 -0.12182241052256E+06  0.31545714886433E+05  0.34634293268720E+06 -0.32454467711015E+05  0.10534342885891E+06  0.58507699000084E+05  0.49687606537400E+07 -0.23080448108082E+07 -0.84879043153184E+05  0.26000023157430E+05  0.25524710210818E+05  0.17032798887276E+04  0.78164296163574E+02  0.83148071560880E+05 -0.10667815755785E+05  0.89704612429270E+05  0.49030041641142E+05 -0.58351036711800E+06 -0.72787333563038E+03  0.10947168937505E+05  0.77546004398282E+04  0.74272174061164E+04  0.37292410762907E+05 -0.29614985886939E+05 -0.60651360400263E+05 -0.48500091529218E+05 -0.67023467505778E+05 -0.28134457103500E+06 -0.55613196088793E+06 -0.72669621007466E+05 -0.16300344019159E+06 -0.13503871957126E+04 -0.57700426873087E+04 -0.11342207829741E+05  0.18647292056693E+03  0.21417916796132E+03 -0.26167139996863E+06 -0.85013147527189E+04 -0.13718052468857E+06 -0.16972105725853E+06
  -0.17101602538592E+06  0.26233493486492E+05 -0.58255926950791E+04 -0.26118603387099E+05  0.45708818144787E+03 -0.95764260974122E+04 -0.31143673104760E+04 -0.23080448108082E+07  0.19241608007348E+07  0.18859780954859E+05 -0.65285535892884E+04 -0.54786352500364E+04 -0.29922243384986E+03 -0.99966147559778E+01  0.50220951104869E+05 -0.24091663425805E+04  0.17913748308719E+05  0.89176443979535E+04 -0.23965797206160E+05  0.23036118219822E+03 -0.43037878194990E+04 -0.33200781483420E+04 -0.18112482807238E+04 -0.94487422001440E+04  0.48008194042454E+04  0.11426244477300E+05  0.10755603100687E+05  0.24122977748442E+05  0.65415751454784E+05  0.12512603777813E+06  0.23124268519560E+05  0.51959604616270E+05  0.18591549658415E+03  0.63524465019149E+03  0.12809129494697E+04 -0.12323060931340E+04 -0.68313320900869E+03  0.11124709383248E+06  0.15583673050355E+04  0.44179722077055E+05  0.54129761706936E+05
  -0.48345450371524E+05  0.75202893371557E+04 -0.20017413754563E+04 -0.18217543257679E+05  0.23886268633107E+04 -0.45953653627568E+04 -0.32852949469052E+04 -0.84879043153184E+05  0.18859780954859E+05  0.26273038608632E+04 -0.64254054064592E+03 -0.65576191615670E+03 -0.57468870717279E+02 -0.14770176640649E+01 -0.40180685744062E+04  0.49358970918122E+03 -0.38131556053396E+04 -0.21805941895398E+04  0.57636175795284E+05  0.21487815837581E+02 -0.42829355246776E+02  0.47596462098808E+02 -0.21878707487135E+03 -0.11138359358077E+04  0.18905904588902E+04  0.27362541059728E+04  0.18872012615798E+04  0.72767923360303E+03  0.10938854812719E+05  0.22821223371977E+05  0.15274035814149E+04  0.33601324096731E+04  0.43373729232276E+02  0.57944894760353E+03  0.11011090725021E+04  0.13165100987020E+03  0.58925502182331E+02  0.30717908130404E+04  0.43563616945214E+03  0.27854893904914E+04  0.35310781031011E+04
   0.74307545964039E+04 -0.94991304903557E+03  0.26480923193399E+03  0.33832125505871E+04 -0.34485032594081E+03  0.10111170228504E+04  0.59233362557472E+03  0.26000023157430E+05 -0.65285535892884E+04 -0.64254054064592E+03  0.18302049029009E+03  0.19605864413839E+03  0.14210319021505E+02  0.56913539120753E+00  0.12842158361386E+04 -0.14331428011179E+03  0.11661226999529E+04  0.64255222220627E+03 -0.66339896610466E+04 -0.44632325215955E+01  0.56502322957852E+02  0.36415376039753E+02  0.54880896398415E+02  0.26923885771112E+03 -0.24630274418395E+03 -0.49178025936633E+03 -0.36906990456686E+03 -0.34377184444499E+03 -0.20986474837621E+04 -0.42022570144882E+04 -0.44728699530504E+03 -0.10035705840656E+04 -0.11363453345227E+02 -0.50529513530447E+02 -0.99164922617889E+02 -0.14791991152370E+02 -0.70309376278885E+01 -0.11617102679201E+04 -0.68963409789836E+02 -0.84223202765408E+03 -0.10501568637252E+04
   0.14593891529517E+05 -0.11754301709398E+04  0.45708298541694E+03 -0.13601605968978E+04 -0.29586985764123E+02 -0.68909465349532E+03 -0.21593945727743E+03  0.25524710210818E+05 -0.54786352500364E+04 -0.65576191615670E+03  0.19605864413839E+03  0.15912180246042E+04  0.10407248262866E+03 -0.12851851637021E+01  0.13954744072407E+04 -0.19436876612856E+03  0.16213762806936E+04  0.93746985954423E+03 -0.61962910785422E+04  0.30126997950015E+01 -0.12568994145977E+03 -0.10635987677387E+03  0.54854409155718E+02  0.29557431361104E+03 -0.59157355752956E+02 -0.10991294271135E+04 -0.41140665147615E-10 -0.70925583626599E+03 -0.48783603850925E+04 -0.14311635038970E-09 -0.23350294004899E+04 -0.69200918230783E+02 -0.77596498416157E+02 -0.19259313874177E+00 -0.86511112037788E-11 -0.17126098905616E+01 -0.74017032288420E+00  0.25928684385813E+03  0.29897429636377E+03 -0.26715525840149E+04  0.14285055383554E-09
   0.16402863664571E+04 -0.13637086635839E+03  0.59404504311853E+02 -0.15113426381559E+03  0.48561212780697E+01 -0.66634797330224E+02 -0.26636034945957E+02  0.17032798887276E+04 -0.29922243384986E+03 -0.57468870717279E+02  0.14210319021505E+02  0.10407248262866E+03  0.93104074508358E+01 -0.15690436665617E+00  0.76408744911550E+02 -0.12860792968339E+02  0.97818870474819E+02  0.61221058058003E+02 -0.29031362173104E+03 -0.92197768677747E-01 -0.37024353784280E+01 -0.34151845211869E+01  0.68892870282046E+01  0.32577064368136E+02 -0.11671073549047E+02 -0.16133670131925E+03  0.81691157972355E-12 -0.27413712517026E+02 -0.57092608456257E+03 -0.46380741274682E-10 -0.14530908582688E+03 -0.18169445415595E+02 -0.62255752265769E+01 -0.13931748478278E+00 -0.82459677631282E-11 -0.17960681436617E+00 -0.70301687178276E-01  0.26533769963116E+02  0.66874736186224E+02 -0.19124380961851E+03  0.53330231756350E-11
  -0.96690567637007E+02  0.11726092019369E+02 -0.43055780566242E+01  0.49611420352523E+02 -0.43919586626309E+01  0.16844393923887E+02  0.88060836161023E+01  0.78164296163574E+02 -0.99966147559778E+01 -0.14770176640649E+01  0.56913539120753E+00 -0.12851851637021E+01 -0.15690436665617E+00  0.37304619548599E-01  0.12053564381647E+02 -0.91526085862690E+00  0.78246205782906E+01  0.37461220127399E+01 -0.69866387997540E+02  0.77476814805109E-01 -0.12695327311725E+01 -0.10167623241890E+01 -0.64730670687667E-02 -0.23189296010260E-04  0.13684449756419E-01  0.55580153122848E-01 -0.95215015996521E-14 -0.46768289079807E+01 -0.42626704265082E+00 -0.63205503383678E-11 -0.22232358522187E+01 -0.37091479019837E-05 -0.10323142922033E+00  0.11096654331594E-12 -0.52541532772578E-13 -0.12435335210556E-02 -0.68907175407619E-03 -0.15761498530860E+01  0.76604177676451E-05 -0.20861087434975E+01 -0.38176878278744E-12
   0.77223539457230E+04  0.72952610743458E+03 -0.39092661335770E+03  0.31160741518375E+05 -0.26503970878634E+04  0.95296462733157E+04  0.49283228272186E+04  0.83148071560880E+05  0.50220951104869E+05 -0.40180685744062E+04  0.12842158361386E+04  0.13954744072407E+04  0.76408744911550E+02  0.12053564381647E+02  0.49589660761653E+05 -0.46219435742727E+04  0.37871094063206E+05  0.20052948181962E+05 -0.55588687753419E+05 -0.27025300419904E+01  0.19130730876163E+03  0.17756463630853E+03 -0.33495580173114E+02 -0.16567104442350E+03  0.70331246155461E+03 -0.27113387330274E+04 -0.17778849131125E+04 -0.24622329423342E+04  0.19291915695269E+04  0.41898808938541E+04 -0.15264314663601E+04 -0.30164955950456E+04 -0.72196398965208E+03  0.27654613440380E+03  0.49254203980505E+03 -0.28953330090563E+04 -0.15328587115531E+04 -0.23747353920258E+04  0.18582253245500E+03 -0.87157282632003E+03 -0.98345464177775E+03
  -0.19863795983493E+04 -0.63836610123436E+02 -0.12813650027564E+01 -0.38275086715312E+04  0.33188728347515E+03 -0.12002605156506E+04 -0.63094992681751E+03 -0.10667815755785E+05 -0.24091663425805E+04  0.49358970918122E+03 -0.14331428011179E+03 -0.19436876612856E+03 -0.12860792968339E+02 -0.91526085862690E+00 -0.46219435742727E+04  0.50267433649430E+03 -0.40590350557256E+04 -0.22327827786268E+04  0.65951083513092E+04 -0.10613039242366E+00 -0.30106167012214E+02 -0.29406500191414E+02 -0.42939161846074E+01 -0.10732903503320E+02 -0.14555013539378E+03  0.50472283751371E+03  0.31648734101703E+03  0.28476647624101E+03 -0.15016469424036E+03 -0.46646278264632E+03  0.15982048083248E+03  0.31429929188383E+03  0.80175024676027E+02 -0.73646800329102E+02 -0.12956246579821E+03  0.44661195587598E+03  0.21956018686291E+03 -0.31113057565368E+03 -0.33160023599999E+02  0.24863499485006E+03  0.27938015491273E+03
   0.11478119404938E+05  0.23444263663056E+03 -0.19082110240699E+03  0.29232292427784E+05 -0.24220037369709E+04  0.91092703538570E+04  0.45838106150624E+04  0.89704612429270E+05  0.17913748308719E+05 -0.38131556053396E+04  0.11661226999529E+04  0.16213762806936E+04  0.97818870474819E+02  0.78246205782906E+01  0.37871094063206E+05 -0.40590350557256E+04  0.33317133022906E+05  0.18164125428667E+05 -0.52291543664944E+05 -0.55310351809597E+01  0.22921477631777E+03  0.20408733868608E+03 -0.84049865131563E+02 -0.25850437210608E+03  0.64904790514632E+03 -0.29730179488301E+04 -0.19035828272674E+04 -0.26154744006137E+04  0.22004478039732E+04  0.48389410064356E+04 -0.13473058313839E+04 -0.26746928876744E+04 -0.65388341331681E+03  0.10244867472738E+03  0.19862233749895E+03 -0.28958682346534E+04 -0.15491650297164E+04  0.16239959898568E+04  0.25645898319508E+03 -0.18443930601177E+04 -0.20526665659426E+04
   0.83271593440435E+04  0.14207310628239E+03 -0.24572956271503E+02  0.16617530151803E+05 -0.13971988858591E+04  0.52481960066195E+04  0.26771551269602E+04  0.49030041641142E+05  0.89176443979535E+04 -0.21805941895398E+04  0.64255222220627E+03  0.93746985954423E+03  0.61221058058003E+02  0.37461220127399E+01  0.20052948181962E+05 -0.22327827786268E+04  0.18164125428667E+05  0.10028791553640E+05 -0.29477024811270E+05 -0.19051360065891E+01  0.14185622372556E+03  0.13053459273755E+03 -0.29302686954455E+02 -0.73633900757421E+02  0.50946191758441E+03 -0.20862280473201E+04 -0.13032513047621E+04 -0.13300316205411E+04  0.10248156247739E+04  0.26540573561480E+04 -0.69380149272418E+03 -0.13773577582232E+04 -0.36455883819350E+03  0.13548412233338E+03  0.24999093826124E+03 -0.18829039708150E+04 -0.96722354724565E+03  0.16546094831823E+04  0.17742530516337E+03 -0.12701546275707E+04 -0.14151270548033E+04
  -0.74837570125720E+07  0.25733180221918E+07 -0.37431304243615E+06 -0.22255917671499E+07  0.48975134297533E+06 -0.65249716946331E+05 -0.25147692596355E+06 -0.58351036711800E+06 -0.23965797206160E+05  0.57636175795284E+05 -0.66339896610466E+04 -0.61962910785422E+04 -0.29031362173104E+03 -0.69866387997540E+02 -0.55588687753419E+05  0.65951083513092E+04 -0.52291543664944E+05 -0.29477024811270E+05  0.33030486979287E+08  0.10403428178875E+05  0.60068209540999E+05  0.99268474620824E+05  0.65817698297896E+05  0.74756937214617E+05  0.48103673851449E+06  0.33811270502559E+05  0.75586591455250E+05 -0.11720029444534E+04  0.56387232352588E+06  0.27597718116670E+07  0.17176699554818E+05  0.31516345099053E+05  0.22347894641423E+03  0.18288535048969E+06  0.80127579318772E+06  0.24449377095874E+05  0.77298282407951E+04 -0.18372609903158E+05  0.44384385700938E+05  0.20553319775505E+05  0.63720189380374E+05
  -0.27654755988087E+04  0.95459672419769E+03 -0.13723428060830E+03 -0.55216625921791E+03  0.13084884150974E+03  0.20986698610742E+02 -0.44656917127001E+02 -0.72787333563038E+03  0.23036118219822E+03  0.21487815837581E+02 -0.44632325215955E+01  0.30126997950015E+01 -0.92197768677747E-01  0.77476814805109E-01 -0.27025300419904E+01 -0.10613039242366E+00 -0.55310351809597E+01 -0.19051360065891E+01  0.10403428178875E+05  0.57674741524399E+01  0.93072913322113E+01  0.31162307206958E+02  0.23839551979990E+02  0.24114906117764E+02  0.17007809098567E+03  0.00000000000000E+00  0.24488365916983E+02  0.00000000000000E+00  0.00000000000000E+00  0.12210363337048E+04  0.00000000000000E+00  0.36100970979891E+02  0.00000000000000E+00  0.00000000000000E+00  0.34216782681062E+03  0.00000000000000E+00  0.00000000000000E+00  0.00000000000000E+00 -0.15645871045215E+02  0.00000000000000E+00  0.75615115906897E+02
  -0.15535268037714E+05  0.48058908838179E+04 -0.78051846573002E+03 -0.49512953118197E+04  0.11597403315227E+04 -0.15452988019633E+03 -0.68020782734584E+03  0.10947168937505E+05 -0.43037878194990E+04 -0.42829355246776E+02  0.56502322957852E+02 -0.12568994145977E+03 -0.37024353784280E+01 -0.12695327311725E+01  0.19130730876163E+03 -0.30106167012214E+02  0.22921477631777E+03  0.14185622372556E+03  0.60068209540999E+05  0.93072913322113E+01  0.47911543586064E+03  0.51065985122200E+03  0.12275911093954E+03  0.19796913957513E+03  0.11287862921528E+04  0.00000000000000E+00  0.45682942319109E+02  0.00000000000000E+00  0.00000000000000E+00  0.71929800011018E+04  0.00000000000000E+00 -0.76418547418876E+03  0.00000000000000E+00  0.00000000000000E+00  0.20997130443924E+04  0.00000000000000E+00  0.00000000000000E+00  0.00000000000000E+00 -0.24784428163582E+03  0.00000000000000E+00 -0.78335953467873E+03
  -0.25754684705835E+05  0.84115752499736E+04 -0.12867883506461E+04 -0.69728740515069E+04  0.16223961948124E+04 -0.10692331970774E+03 -0.84524026273312E+03  0.77546004398282E+04 -0.33200781483420E+04  0.47596462098808E+02  0.36415376039753E+02 -0.10635987677387E+03 -0.34151845211869E+01 -0.10167623241890E+01  0.17756463630853E+03 -0.29406500191414E+02  0.20408733868608E+03  0.13053459273755E+03  0.99268474620824E+05  0.31162307206958E+02  0.51065985122200E+03  0.62665952693294E+03  0.21115630593140E+03  0.27700836059490E+03  0.17456486390191E+04  0.00000000000000E+00  0.14836510953646E+03  0.00000000000000E+00  0.00000000000000E+00  0.11810611460105E+05  0.00000000000000E+00 -0.61794310973572E+03  0.00000000000000E+00  0.00000000000000E+00  0.33114423406453E+04  0.00000000000000E+00  0.00000000000000E+00  0.00000000000000E+00 -0.30877184397704E+03  0.00000000000000E+00 -0.46425888460536E+03
  -0.19281237476407E+05  0.88877840772829E+04 -0.10368211548008E+04 -0.14194494356156E+04  0.59638422224397E+03  0.73517510645631E+03  0.15833631965338E+03  0.74272174061164E+04 -0.18112482807238E+04 -0.21878707487135E+03  0.54880896398415E+02  0.54854409155718E+02  0.68892870282046E+01 -0.64730670687667E-02 -0.33495580173114E+02 -0.42939161846074E+01 -0.84049865131563E+02 -0.29302686954455E+02  0.65817698297896E+05  0.23839551979990E+02  0.12275911093954E+03  0.21115630593140E+03  0.41663500978659E+03  0.74853617936943E+03  0.16174762059519E+04 -0.51061699822725E+02 -0.29721462858530E+02  0.17665764014284E+01  0.77233265962977E+03  0.28458492352685E+03  0.00000000000000E+00  0.00000000000000E+00  0.00000000000000E+00  0.24310479219999E+04  0.30183740661761E+04  0.00000000000000E+00  0.00000000000000E+00  0.00000000000000E+00 -0.26733590759198E+02 -0.39879037577770E+03 -0.41518796595367E+03
  -0.84352950813990E+04  0.95067033237550E+04 -0.71474581912997E+03  0.26599838947874E+04  0.32032107103246E+03  0.24629810712894E+04  0.11635565955117E+04  0.37292410762907E+05 -0.94487422001440E+04 -0.11138359358077E+04  0.26923885771112E+03  0.29557431361104E+03  0.32577064368136E+02 -0.23189296010260E-04 -0.16567104442350E+03 -0.10732903503320E+02 -0.25850437210608E+03 -0.73633900757421E+02  0.74756937214617E+05  0.24114906117764E+02  0.19796913957513E+03  0.27700836059490E+03  0.74853617936943E+03  0.19424576519363E+04  0.14770012219555E+04 -0.15920562081157E+03 -0.10967475457487E+03 -0.56253701773896E+02 -0.63165565155885E+04 -0.11027586694383E+05  0.00000000000000E+00  0.00000000000000E+00  0.00000000000000E+00  0.33695853998881E+04  0.40757101958452E+04  0.00000000000000E+00  0.00000000000000E+00  0.00000000000000E+00 -0.39400587469234E+02 -0.22017877742493E+04 -0.22775924153265E+04
  -0.22663098411382E+06  0.67090646033932E+05 -0.11120466460098E+05 -0.40326773207949E+05  0.88332167858103E+04 -0.17128619682815E+04 -0.50248874813034E+04 -0.29614985886939E+05  0.48008194042454E+04  0.18905904588902E+04 -0.24630274418395E+03 -0.59157355752956E+02 -0.11671073549047E+02  0.13684449756419E-01  0.70331246155461E+03 -0.14555013539378E+03  0.64904790514632E+03  0.50946191758441E+03  0.48103673851449E+06  0.17007809098567E+03  0.11287862921528E+04  0.17456486390191E+04  0.16174762059519E+04  0.14770012219555E+04  0.16704102190531E+05  0.25820133683167E+03  0.13445214516152E+03 -0.70458413067329E+01  0.38224907486494E+05  0.62246996434455E+05  0.00000000000000E+00  0.00000000000000E+00  0.00000000000000E+00  0.16048909616902E+05  0.20260019323513E+05  0.00000000000000E+00  0.00000000000000E+00  0.00000000000000E+00 -0.76909613866543E+02  0.15960826159032E+04  0.16300733381017E+04
  -0.12686360540919E+06  0.16554710999795E+05 -0.55440861187043E+04 -0.12734920686100E+05  0.19887456576049E+04 -0.28286839428502E+04 -0.25014145118892E+04 -0.60651360400263E+05  0.11426244477300E+05  0.27362541059728E+04 -0.49178025936633E+03 -0.10991294271135E+04 -0.16133670131925E+03  0.55580153122848E-01 -0.27113387330274E+04  0.50472283751371E+03 -0.29730179488301E+04 -0.20862280473201E+04  0.33811270502559E+05  0.00000000000000E+00  0.00000000000000E+00  0.00000000000000E+00 -0.51061699822725E+02 -0.15920562081157E+03  0.25820133683167E+03  0.11635116330270E+06  0.00000000000000E+00  0.00000000000000E+00  0.00000000000000E+00  0.00000000000000E+00  0.00000000000000E+00  0.00000000000000E+00  0.00000000000000E+00  0.00000000000000E+00  0.00000000000000E+00  0.00000000000000E+00  0.00000000000000E+00  0.00000000000000E+00  0.00000000000000E+00  0.00000000000000E+00  0.00000000000000E+00
  -0.53711743904535E+05  0.82081661248821E+04 -0.23660389296834E+04 -0.21057052639790E+05  0.33550575634708E+04 -0.43188914521747E+04 -0.39169823359248E+04 -0.48500091529218E+05  0.10755603100687E+05  0.18872012615798E+04 -0.36906990456686E+03 -0.41140665147615E-10  0.81691157972355E-12 -0.95215015996521E-14 -0.17778849131125E+04  0.31648734101703E+03 -0.19035828272674E+04 -0.13032513047621E+04  0.75586591455250E+05  0.24488365916983E+02  0.45682942319109E+02  0.14836510953646E+03 -0.29721462858530E+02 -0.10967475457487E+03  0.13445214516152E+03  0.00000000000000E+00  0.64558200657207E+05  0.00000000000000E+00  0.00000000000000E+00  0.00000000000000E+00  0.00000000000000E+00  0.00000000000000E+00  0.00000000000000E+00  0.00000000000000E+00  0.00000000000000E+00  0.00000000000000E+00  0.00000000000000E+00  0.00000000000000E+00  0.00000000000000E+00  0.00000000000000E+00  0.00000000000000E+00
  -0.43631589578054E+04 -0.24166240289894E+03  0.51707337075857E+02 -0.68263832964029E+02 -0.56229794589399E+02  0.15429287659487E+03  0.13668154873280E+03 -0.67023467505778E+05  0.24122977748442E+05  0.72767923360303E+03 -0.34377184444499E+03 -0.70925583626599E+03 -0.27413712517026E+02 -0.46768289079807E+01 -0.24622329423342E+04  0.28476647624101E+03 -0.26154744006137E+04 -0.13300316205411E+04 -0.11720029444534E+04  0.00000000000000E+00  0.00000000000000E+00  0.00000000000000E+00  0.17665764014284E+01 -0.56253701773896E+02 -0.70458413067329E+01  0.00000000000000E+00  0.00000000000000E+00  0.30646323884875E+05  0.00000000000000E+00  0.00000000000000E+00  0.00000000000000E+00  0.00000000000000E+00  0.00000000000000E+00  0.00000000000000E+00  0.00000000000000E+00  0.00000000000000E+00  0.00000000000000E+00  0.00000000000000E+00  0.00000000000000E+00  0.00000000000000E+00  0.00000000000000E+00
  -0.83840720769936E+06  0.20938638117162E+06 -0.39073716695352E+05 -0.65671305175355E+05  0.11904837510490E+05 -0.88834618239727E+04 -0.10101343580445E+05 -0.28134457103500E+06  0.65415751454784E+05  0.10938854812719E+05 -0.20986474837621E+04 -0.48783603850925E+04 -0.57092608456257E+03 -0.42626704265082E+00  0.19291915695269E+04 -0.15016469424036E+03  0.22004478039732E+04  0.10248156247739E+04  0.56387232352588E+06  0.00000000000000E+00  0.00000000000000E+00  0.00000000000000E+00  0.77233265962977E+03 -0.63165565155885E+04  0.38224907486494E+05  0.00000000000000E+00  0.00000000000000E+00  0.00000000000000E+00  0.57740688232946E+06  0.00000000000000E+00  0.00000000000000E+00  0.00000000000000E+00  0.00000000000000E+00  0.00000000000000E+00  0.00000000000000E+00  0.00000000000000E+00  0.00000000000000E+00  0.00000000000000E+00  0.00000000000000E+00  0.00000000000000E+00  0.00000000000000E+00
  -0.10841424637080E+07  0.26438976954525E+06 -0.50799134424969E+05 -0.33949488513506E+06  0.62873019176134E+05 -0.43428466116883E+05 -0.52560509226720E+05 -0.55613196088793E+06  0.12512603777813E+06  0.22821223371977E+05 -0.42022570144882E+04 -0.14311635038970E-09 -0.46380741274682E-10 -0.63205503383678E-11  0.41898808938541E+04 -0.46646278264632E+03  0.48389410064356E+04  0.26540573561480E+04  0.27597718116670E+07  0.12210363337048E+04  0.71929800011018E+04  0.11810611460105E+05  0.28458492352685E+03 -0.11027586694383E+05  0.62246996434455E+05  0.00000000000000E+00  0.00000000000000E+00  0.00000000000000E+00  0.00000000000000E+00  0.91741847815514E+06  0.00000000000000E+00  0.00000000000000E+00  0.00000000000000E+00  0.00000000000000E+00  0.00000000000000E+00  0.00000000000000E+00  0.00000000000000E+00  0.00000000000000E+00  0.00000000000000E+00  0.00000000000000E+00  0.00000000000000E+00
  -0.20566545492296E+05  0.57944840636125E+04 -0.10045064174307E+04 -0.13662637357928E+04  0.32743974024173E+03 -0.64930878884569E+00 -0.16521185544864E+03 -0.72669621007466E+05  0.23124268519560E+05  0.15274035814149E+04 -0.44728699530504E+03 -0.23350294004899E+04 -0.14530908582688E+03 -0.22232358522187E+01 -0.15264314663601E+04  0.15982048083248E+03 -0.13473058313839E+04 -0.69380149272418E+03  0.17176699554818E+05  0.00000000000000E+00  0.00000000000000E+00  0.00000000000000E+00  0.00000000000000E+00  0.00000000000000E+00  0.00000000000000E+00  0.00000000000000E+00  0.00000000000000E+00  0.00000000000000E+00  0.00000000000000E+00  0.00000000000000E+00  0.14676173123159E+05  0.00000000000000E+00  0.00000000000000E+00  0.00000000000000E+00  0.00000000000000E+00  0.00000000000000E+00  0.00000000000000E+00  0.00000000000000E+00  0.00000000000000E+00  0.00000000000000E+00  0.00000000000000E+00
  -0.46479555445283E+05  0.13261199340567E+05 -0.22810512620328E+04 -0.24844019236845E+04  0.57516273934337E+03 -0.32334019750332E+02 -0.29114890169294E+03 -0.16300344019159E+06  0.51959604616270E+05  0.33601324096731E+04 -0.10035705840656E+04 -0.69200918230783E+02 -0.18169445415595E+02 -0.37091479019837E-05 -0.30164955950456E+04  0.31429929188383E+03 -0.26746928876744E+04 -0.13773577582232E+04  0.31516345099053E+05  0.36100970979891E+02 -0.76418547418876E+03 -0.61794310973572E+03  0.00000000000000E+00  0.00000000000000E+00  0.00000000000000E+00  0.00000000000000E+00  0.00000000000000E+00  0.00000000000000E+00  0.00000000000000E+00  0.00000000000000E+00  0.00000000000000E+00  0.32019128021143E+05  0.00000000000000E+00  0.00000000000000E+00  0.00000000000000E+00  0.00000000000000E+00  0.00000000000000E+00  0.00000000000000E+00  0.00000000000000E+00  0.00000000000000E+00  0.00000000000000E+00
  -0.30727082029767E+04  0.41987398829794E+03 -0.11863506239400E+03 -0.72442895570619E+02  0.93225771778268E+01 -0.19334170294221E+02 -0.13554714239952E+02 -0.13503871957126E+04  0.18591549658415E+03  0.43373729232276E+02 -0.11363453345227E+02 -0.77596498416157E+02 -0.62255752265769E+01 -0.10323142922033E+00 -0.72196398965208E+03  0.80175024676027E+02 -0.65388341331681E+03 -0.36455883819350E+03  0.22347894641423E+03  0.00000000000000E+00  0.00000000000000E+00  0.00000000000000E+00  0.00000000000000E+00  0.00000000000000E+00  0.00000000000000E+00  0.00000000000000E+00  0.00000000000000E+00  0.00000000000000E+00  0.00000000000000E+00  0.00000000000000E+00  0.00000000000000E+00  0.00000000000000E+00  0.37815099946289E+04  0.00000000000000E+00  0.00000000000000E+00  0.00000000000000E+00  0.00000000000000E+00  0.00000000000000E+00  0.00000000000000E+00  0.00000000000000E+00  0.00000000000000E+00
  -0.19819948542273E+06  0.63373334302537E+05 -0.99176202249487E+04 -0.11704394561576E+05  0.29541429074073E+04  0.34011046077460E+03 -0.10682209635937E+04 -0.57700426873087E+04  0.63524465019149E+03  0.57944894760353E+03 -0.50529513530447E+02 -0.19259313874177E+00 -0.13931748478278E+00  0.11096654331594E-12  0.27654613440380E+03 -0.73646800329102E+02  0.10244867472738E+03  0.13548412233338E+03  0.18288535048969E+06  0.00000000000000E+00  0.00000000000000E+00  0.00000000000000E+00  0.24310479219999E+04  0.33695853998881E+04  0.16048909616902E+05  0.00000000000000E+00  0.00000000000000E+00  0.00000000000000E+00  0.00000000000000E+00  0.00000000000000E+00  0.00000000000000E+00  0.00000000000000E+00  0.00000000000000E+00  0.10509593849339E+06  0.00000000000000E+00  0.00000000000000E+00  0.00000000000000E+00  0.00000000000000E+00  0.00000000000000E+00  0.00000000000000E+00  0.00000000000000E+00
  -0.22368041308396E+06  0.71194586921946E+05 -0.11180012718096E+05 -0.52307193899781E+05  0.13061244858791E+05  0.12810581607355E+04 -0.49086163243559E+04 -0.11342207829741E+05  0.12809129494697E+04  0.11011090725021E+04 -0.99164922617889E+02 -0.86511112037788E-11 -0.82459677631282E-11 -0.52541532772578E-13  0.49254203980505E+03 -0.12956246579821E+03  0.19862233749895E+03  0.24999093826124E+03  0.80127579318772E+06  0.34216782681062E+03  0.20997130443924E+04  0.33114423406453E+04  0.30183740661761E+04  0.40757101958452E+04  0.20260019323513E+05  0.00000000000000E+00  0.00000000000000E+00  0.00000000000000E+00  0.00000000000000E+00  0.00000000000000E+00  0.00000000000000E+00  0.00000000000000E+00  0.00000000000000E+00  0.00000000000000E+00  0.13829199357776E+06  0.00000000000000E+00  0.00000000000000E+00  0.00000000000000E+00  0.00000000000000E+00  0.00000000000000E+00  0.00000000000000E+00
  -0.90080600783668E+04  0.24434695521223E+04 -0.43164893463516E+03 -0.24792731090487E+04  0.47504406382602E+03 -0.26978862987729E+03 -0.37059191453258E+03  0.18647292056693E+03 -0.12323060931340E+04  0.13165100987020E+03 -0.14791991152370E+02 -0.17126098905616E+01 -0.17960681436617E+00 -0.12435335210556E-02 -0.28953330090563E+04  0.44661195587598E+03 -0.28958682346534E+04 -0.18829039708150E+04  0.24449377095874E+05  0.00000000000000E+00  0.00000000000000E+00  0.00000000000000E+00  0.00000000000000E+00  0.00000000000000E+00  0.00000000000000E+00  0.00000000000000E+00  0.00000000000000E+00  0.00000000000000E+00  0.00000000000000E+00  0.00000000000000E+00  0.00000000000000E+00  0.00000000000000E+00  0.00000000000000E+00  0.00000000000000E+00  0.00000000000000E+00  0.82604258392567E+04  0.00000000000000E+00  0.00000000000000E+00  0.00000000000000E+00  0.00000000000000E+00  0.00000000000000E+00
  -0.31946784435854E+04  0.77713924018588E+03 -0.15047397068131E+03 -0.96904271229596E+03  0.17650592742539E+03 -0.13646561522328E+03 -0.15645064900843E+03  0.21417916796132E+03 -0.68313320900869E+03  0.58925502182331E+02 -0.70309376278885E+01 -0.74017032288420E+00 -0.70301687178276E-01 -0.68907175407619E-03 -0.15328587115531E+04  0.21956018686291E+03 -0.15491650297164E+04 -0.96722354724565E+03  0.77298282407951E+04  0.00000000000000E+00  0.00000000000000E+00  0.00000000000000E+00  0.00000000000000E+00  0.00000000000000E+00  0.00000000000000E+00  0.00000000000000E+00  0.00000000000000E+00  0.00000000000000E+00  0.00000000000000E+00  0.00000000000000E+00  0.00000000000000E+00  0.00000000000000E+00  0.00000000000000E+00  0.00000000000000E+00  0.00000000000000E+00  0.00000000000000E+00  0.42429316177744E+04  0.00000000000000E+00  0.00000000000000E+00  0.00000000000000E+00  0.00000000000000E+00
  -0.15218395047472E+05 -0.23429010234574E+04  0.45328985422972E+02 -0.95654435317143E+04  0.34753250030008E+03 -0.30632452430098E+04 -0.12938249112214E+04 -0.26167139996863E+06  0.11124709383248E+06  0.30717908130404E+04 -0.11617102679201E+04  0.25928684385813E+03  0.26533769963116E+02 -0.15761498530860E+01 -0.23747353920258E+04 -0.31113057565368E+03  0.16239959898568E+04  0.16546094831823E+04 -0.18372609903158E+05  0.00000000000000E+00  0.00000000000000E+00  0.00000000000000E+00  0.00000000000000E+00  0.00000000000000E+00  0.00000000000000E+00  0.00000000000000E+00  0.00000000000000E+00  0.00000000000000E+00  0.00000000000000E+00  0.00000000000000E+00  0.00000000000000E+00  0.00000000000000E+00  0.00000000000000E+00  0.00000000000000E+00  0.00000000000000E+00  0.00000000000000E+00  0.00000000000000E+00  0.12453455303728E+06  0.00000000000000E+00  0.00000000000000E+00  0.00000000000000E+00
   0.16510129837631E+05 -0.22641037087486E+04  0.72647309008807E+03 -0.15854298055065E+05  0.25111933209696E+04 -0.34415417685861E+04 -0.32054436088630E+04 -0.85013147527189E+04  0.15583673050355E+04  0.43563616945214E+03 -0.68963409789836E+02  0.29897429636377E+03  0.66874736186224E+02  0.76604177676451E-05  0.18582253245500E+03 -0.33160023599999E+02  0.25645898319508E+03  0.17742530516337E+03  0.44384385700938E+05 -0.15645871045215E+02 -0.24784428163582E+03 -0.30877184397704E+03 -0.26733590759198E+02 -0.39400587469234E+02 -0.76909613866543E+02  0.00000000000000E+00  0.00000000000000E+00  0.00000000000000E+00  0.00000000000000E+00  0.00000000000000E+00  0.00000000000000E+00  0.00000000000000E+00  0.00000000000000E+00  0.00000000000000E+00  0.00000000000000E+00  0.00000000000000E+00  0.00000000000000E+00  0.00000000000000E+00  0.39520384873145E+05  0.00000000000000E+00  0.00000000000000E+00
