 Correlated errors added in quadrature with statistical errors
 jl00106F2p           DIS data with   1.69< Q2 < 0.500D+03 and 0.000 < xB < 1.000 and   3.00< W2 < 0.100D+04 and 0.000 < y < 1.000
   GP TMC applied
   HT corrections, multiplicative C=C(xB)
 Correlated errors added in quadrature with statistical errors
 jl00106F2d           DIS data with   1.69< Q2 < 0.500D+03 and 0.000 < xB < 1.000 and   3.00< W2 < 0.100D+04 and 0.000 < y < 1.000
   WBArel smearing  (AV18) - KP-like (free x1)0 nuke corrections
   GP TMC applied
   HT corrections, multiplicative C=C(xB)
 Correlated errors added in quadrature with statistical errors
 HerF2pCut            DIS data with   1.69< Q2 < 0.500D+03 and 0.000 < xB < 1.000 and   3.00< W2 < 0.100D+04 and 0.000 < y < 1.000
   GP TMC applied
   HT corrections, multiplicative C=C(xB)
 Correlated errors added in quadrature with statistical errors
 HerF2dCut            DIS data with   1.69< Q2 < 0.500D+03 and 0.000 < xB < 1.000 and   3.00< W2 < 0.100D+04 and 0.000 < y < 1.000
   WBArel smearing  (AV18) - KP-like (free x1)0 nuke corrections
   GP TMC applied
   HT corrections, multiplicative C=C(xB)
 Correlated errors added in quadrature with statistical errors
 slac_p               DIS data with   1.69< Q2 < 0.500D+03 and 0.000 < xB < 1.000 and   3.00< W2 < 0.100D+04 and 0.000 < y < 1.000
   GP TMC applied
   HT corrections, multiplicative C=C(xB)
 Correlated errors added in quadrature with statistical errors
 slac_d               DIS data with   1.69< Q2 < 0.500D+03 and 0.000 < xB < 1.000 and   3.00< W2 < 0.100D+04 and 0.000 < y < 1.000
   WBArel smearing  (AV18) - KP-like (free x1)0 nuke corrections
   GP TMC applied
   HT corrections, multiplicative C=C(xB)
 Correlated errors treated separately from statistical errors
 BcdF2pCor            DIS data with   1.69< Q2 < 0.500D+03 and 0.000 < xB < 1.000 and   3.00< W2 < 0.100D+04 and 0.000 < y < 1.000
   GP TMC applied
   HT corrections, multiplicative C=C(xB)
 Correlated errors treated separately from statistical errors
 BcdF2dCor            DIS data with   1.69< Q2 < 0.500D+03 and 0.000 < xB < 1.000 and   3.00< W2 < 0.100D+04 and 0.000 < y < 1.000
   WBArel smearing  (AV18) - KP-like (free x1)0 nuke corrections
   GP TMC applied
   HT corrections, multiplicative C=C(xB)
 Correlated errors treated separately from statistical errors
 NmcF2pCor            DIS data with   1.69< Q2 < 0.500D+03 and 0.000 < xB < 1.000 and   3.00< W2 < 0.100D+04 and 0.000 < y < 1.000
   GP TMC applied
   HT corrections, multiplicative C=C(xB)
 Correlated errors treated separately from statistical errors
 NmcRatCor            DIS data with   1.69< Q2 < 0.500D+03 and 0.000 < xB < 1.000 and   3.00< W2 < 0.100D+04 and 0.000 < y < 1.000
   WBArel smearing  (AV18) - KP-like (free x1)0 nuke corrections
   GP TMC applied
   HT corrections, multiplicative C=C(xB)
 Correlated errors treated separately from statistical errors
 H2_NC_em             DIS data with   1.69< Q2 < 0.100D+06 and 0.000 < xB < 1.000 and   3.00< W2 < 0.100D+08 and 0.000 < y < 1.000
   GP TMC applied
   HT corrections, multiplicative C=C(xB)
 Correlated errors treated separately from statistical errors
 H2_NC_ep_1           DIS data with   1.69< Q2 < 0.100D+06 and 0.000 < xB < 1.000 and   3.00< W2 < 0.100D+08 and 0.000 < y < 1.000
   GP TMC applied
   HT corrections, multiplicative C=C(xB)
 Correlated errors treated separately from statistical errors
 H2_NC_ep_2           DIS data with   1.69< Q2 < 0.100D+06 and 0.000 < xB < 1.000 and   3.00< W2 < 0.100D+08 and 0.000 < y < 1.000
   GP TMC applied
   HT corrections, multiplicative C=C(xB)
 Correlated errors treated separately from statistical errors
 H2_NC_ep_3           DIS data with   1.69< Q2 < 0.100D+06 and 0.000 < xB < 1.000 and   3.00< W2 < 0.100D+08 and 0.000 < y < 1.000
   GP TMC applied
   HT corrections, multiplicative C=C(xB)
 Correlated errors treated separately from statistical errors
 H2_NC_ep_4           DIS data with   1.69< Q2 < 0.100D+06 and 0.000 < xB < 1.000 and   3.00< W2 < 0.100D+08 and 0.000 < y < 1.000
   GP TMC applied
   HT corrections, multiplicative C=C(xB)
 Correlated errors treated separately from statistical errors
 H2_CC_em             DIS data with   1.69< Q2 < 0.100D+06 and 0.000 < xB < 1.000 and   3.00< W2 < 0.100D+08 and 0.000 < y < 1.000
   GP TMC applied
   HT corrections, multiplicative C=C(xB)
 Correlated errors treated separately from statistical errors
 H2_CC_ep             DIS data with   1.69< Q2 < 0.100D+06 and 0.000 < xB < 1.000 and   3.00< W2 < 0.100D+08 and 0.000 < y < 1.000
   GP TMC applied
   HT corrections, multiplicative C=C(xB)
 Correlated errors added in quadrature with statistical errors
 BNS_F2nd             DIS data with   1.69< Q2 < 0.100D+06 and 0.000 < xB < 1.000 and   3.00< W2 < 0.100D+08 and 0.000 < y < 1.000
   WBArel smearing  (AV18) - KP-like (free x1)0 nuke corrections
   GP TMC applied
   HT corrections, multiplicative C=C(xB)
 Correlated errors added in quadrature with statistical errors
 e866pp06xf           vector boson data with Q2 >=  36.00
 Correlated errors added in quadrature with statistical errors
 e866pd06xf           vector boson data with Q2 >=  36.00
 Correlated errors added in quadrature with statistical errors
 cdfLasy05            vector boson data with Q2 >=   0.00
 Correlated errors added in quadrature with statistical errors
 d0Lasy_e15           vector boson data with Q2 >=   0.00
 Correlated errors added in quadrature with statistical errors
 d0Lasy13             vector boson data with Q2 >=   0.00
 Correlated errors added in quadrature with statistical errors
 CDF_Wasy             vector boson data with Q2 >=   0.00
 Correlated errors added in quadrature with statistical errors
 D0_Wasy              vector boson data with Q2 >=   0.00
 Correlated errors added in quadrature with statistical errors
 CDF_Z                vector boson data with Q2 >=   0.00
 Correlated errors added in quadrature with statistical errors
 D0_Z                 vector boson data with Q2 >=   0.00
 Correlated errors added in quadrature with statistical errors
 d0run2cone          Jet data - errors added in quadrature
 Correlated errors added in quadrature with statistical errors
 CDFrun2jet          Jet data - errors added in quadrature
 Correlated errors added in quadrature with statistical errors
 d0_gamjet1           Photon data -- cuts to be written yet ...
 Correlated errors added in quadrature with statistical errors
 d0_gamjet2           Photon data -- cuts to be written yet ...
 Correlated errors added in quadrature with statistical errors
 d0_gamjet3           Photon data -- cuts to be written yet ...
 Correlated errors added in quadrature with statistical errors
 d0_gamjet4           Photon data -- cuts to be written yet ...

# fitpack15: fit output
# CJ15 AV18 final data choices                                                 

Parametrization   7 used here

 S-ACOT scheme used  for NC DIS

 charm mass =     1.30 GeV     bottom mass =     4.50 GeV



 THIS IS A NEXT TO LEADING ORDER FIT

 Q02=    1.69
         1  LAMBDA      VALUE=   0.22680      WEIGHT=    0.0000    
         2  a0uv        VALUE=    2.4169      WEIGHT=    0.0000    
         3  a1uv        VALUE=   0.61635      WEIGHT=   0.20395E-01
         4  a2uv        VALUE=    3.5428      WEIGHT=   0.12297E-01
         5  a3uv        VALUE=    0.0000      WEIGHT=    0.0000    
         6  a4uv        VALUE=    3.4395      WEIGHT=   0.43683    
         7  a5uv        VALUE=    0.0000      WEIGHT=    0.0000    
         8  a0dv        VALUE=    24.544      WEIGHT=    0.0000    
         9  a1dv        VALUE=    1.1585      WEIGHT=   0.33842E-01
        10  a2dv        VALUE=    6.5538      WEIGHT=   0.15967    
        11  a3dv        VALUE=   -3.5001      WEIGHT=   0.87255E-01
        12  a4dv        VALUE=    4.6830      WEIGHT=   0.14394    
        13  a5dv        VALUE=    0.0000      WEIGHT=    0.0000    
        14  a0ud        VALUE=   0.14662      WEIGHT=   0.50263E-02
        15  a1ud        VALUE=  -0.20771      WEIGHT=   0.37519E-02
        16  a2ud        VALUE=    8.3632      WEIGHT=   0.18523    
        17  a3ud        VALUE=    0.0000      WEIGHT=    0.0000    
        18  a4ud        VALUE=    14.678      WEIGHT=    1.2107    
        19  a5ud        VALUE=    0.0000      WEIGHT=    0.0000    
        20  a0du        VALUE=    35712.      WEIGHT=    0.0000    
        21  a1du        VALUE=    4.0198      WEIGHT=   0.71322E-01
        22  a2du        VALUE=    20.251      WEIGHT=   0.86082    
        23  a3du        VALUE=    17.000      WEIGHT=    0.0000    
        24  a4du        VALUE=    50.601      WEIGHT=    9.0827    
        25  a0g         VALUE=    45.217      WEIGHT=    0.0000    
        26  a1g         VALUE=   0.60182      WEIGHT=   0.31731E-01
        27  a2g         VALUE=    6.4148      WEIGHT=    1.0043    
        28  a3g         VALUE=   -3.3037      WEIGHT=   0.13891    
        29  a4g         VALUE=    3.1575      WEIGHT=   0.30059    
        30  a5g         VALUE=    0.0000      WEIGHT=    0.0000    
        31  kappa       VALUE=   0.40000      WEIGHT=    0.0000    
        32  a6dv        VALUE=  -0.36574E-02  WEIGHT=   0.67517E-03
        33  a7dv        VALUE=    2.0000      WEIGHT=    0.0000    
        34  off1        VALUE=   -3.5009      WEIGHT=    1.4769    
        35  off2        VALUE=   0.56166E-01  WEIGHT=   0.58667E-01
        36  off3        VALUE=   0.35901      WEIGHT=   0.10000    
        37  ht1         VALUE=   -3.2479      WEIGHT=   0.26672    
        38  ht2         VALUE=    1.9154      WEIGHT=   0.10687    
        39  ht3         VALUE=   -2.0748      WEIGHT=   0.22824E-01
        40  ht4         VALUE=    0.0000      WEIGHT=    0.0000    
        41  dummy41     VALUE=    0.0000      WEIGHT=    0.0000    
        42  dummy42     VALUE=    0.0000      WEIGHT=    0.0000    
        43  dummy43     VALUE=    0.0000      WEIGHT=    0.0000    
        44  dummy44     VALUE=    0.0000      WEIGHT=    0.0000    
        45  dummy45     VALUE=    0.0000      WEIGHT=    0.0000    
        46  dummy46     VALUE=    0.0000      WEIGHT=    0.0000    
        47  dummy47     VALUE=    0.0000      WEIGHT=    0.0000    
        48  dummy48     VALUE=    0.0000      WEIGHT=    0.0000    
        49  dummy49     VALUE=    0.0000      WEIGHT=    0.0000    
        50  bcdmsh2     VALUE=   0.97285      WEIGHT=   0.48427E-02
        51  bcdmsd2     VALUE=   0.99317      WEIGHT=   0.57972E-02
        52  ccfr        VALUE=    1.0000      WEIGHT=    0.0000    
        53  nutev       VALUE=    1.0000      WEIGHT=    0.0000    
        54  zeus        VALUE=   0.97998      WEIGHT=    0.0000    
        55  h1          VALUE=    1.0162      WEIGHT=    0.0000    
        56  e605        VALUE=    1.0319      WEIGHT=    0.0000    
        57  NmcH2       VALUE=    1.0095      WEIGHT=   0.71200E-02
        58  ntv_nu      VALUE=    1.0000      WEIGHT=    0.0000    
        59  ntv_nubar   VALUE=    1.0000      WEIGHT=    0.0000    
        60  cdf_jet     VALUE=   0.98910      WEIGHT=    0.0000    
        61  d0_jet      VALUE=   0.83504      WEIGHT=    0.0000    
        62  slac_p      VALUE=    1.0048      WEIGHT=   0.48232E-02
        63  slac_d      VALUE=    1.0042      WEIGHT=   0.52625E-02
        64  e866pp      VALUE=   0.96438      WEIGHT=   0.19188E-01
        65  e866pd      VALUE=   0.96857      WEIGHT=   0.16516E-01
        66  d0_gamjet   VALUE=    1.0391      WEIGHT=   0.16482E-01
        67  h1b         VALUE=   0.97608      WEIGHT=    0.0000    
        68  jlab_p      VALUE=   0.99439      WEIGHT=   0.57989E-02
        69  jlab_d      VALUE=   0.97560      WEIGHT=   0.58777E-02
        70  blank       VALUE=    1.0000      WEIGHT=    0.0000    
        71  d0run2      VALUE=   0.94153      WEIGHT=   0.14203E-01
        72  cdfrun2     VALUE=   0.92693      WEIGHT=   0.17236E-01
        73  HERA_el     VALUE=    1.0000      WEIGHT=    0.0000    
        74  HERA_ps     VALUE=    1.0000      WEIGHT=    0.0000    
        75  CDF_Z       VALUE=   0.96573      WEIGHT=   0.64152E-02
        76  NmcRat      VALUE=    1.0000      WEIGHT=    0.0000    
        77  BNS_F2nd    VALUE=   0.98244      WEIGHT=   0.67043E-02
        78  HERMES_F2p  VALUE=   0.99812      WEIGHT=   0.55759E-02
        79  HERMES_F2d  VALUE=   0.98034      WEIGHT=   0.58160E-02
0THE TOLERANCE IS    0.1000
 THE MAXIMUM NUMBER OF STEPS IS 100
0THE INITIAL CHI SQUARED IS  4.70965E+03
0  STEP  CHI SQUARED    PARAMETER      VALUE         ERROR
 ------------------------------------------------------------
     1    4.70632E+03
                       1  LAMBDA     2.2680E-01       FIX 
                       2  a0uv       2.4100E+00       FIX 
                       3  a1uv       6.1557E-01           
                       4  a2uv       3.5459E+00           
                       5  a3uv       0.0000E+00       FIX 
                       6  a4uv       3.4569E+00           
                       7  a5uv       0.0000E+00       FIX 
                       8  a0dv       2.4663E+01       FIX 
                       9  a1dv       1.1586E+00           
                      10  a2dv       6.5614E+00           
                      11  a3dv      -3.5027E+00           
                      12  a4dv       4.6772E+00           
                      13  a5dv       0.0000E+00       FIX 
                      14  a0ud       1.4600E-01           
                      15  a1ud      -2.0810E-01           
                      16  a2ud       8.3222E+00           
                      17  a3ud       0.0000E+00       FIX 
                      18  a4ud       1.4453E+01           
                      19  a5ud       0.0000E+00       FIX 
                      20  a0du       3.5712E+04       FIX 
                      21  a1du       4.0562E+00           
                      22  a2du       2.0443E+01           
                      23  a3du       1.7000E+01       FIX 
                      24  a4du       5.9753E+01           
                      25  a0g        4.5134E+01       FIX 
                      26  a1g        5.9992E-01           
                      27  a2g        6.3436E+00           
                      28  a3g       -3.3170E+00           
                      29  a4g        3.1723E+00           
                      30  a5g        0.0000E+00       FIX 
                      31  kappa      4.0000E-01       FIX 
                      32  a6dv      -3.6816E-03           
                      33  a7dv       2.0000E+00       FIX 
                      34  off1      -2.7343E+00           
                      35  off2       1.5659E-01           
                      36  off3       2.6627E-01           
                      37  ht1       -3.2758E+00           
                      38  ht2        1.9063E+00           
                      39  ht3       -2.0937E+00           
                      40  ht4        0.0000E+00       FIX 
                      41  dummy41    0.0000E+00       FIX 
                      42  dummy42    0.0000E+00       FIX 
                      43  dummy43    0.0000E+00       FIX 
                      44  dummy44    0.0000E+00       FIX 
                      45  dummy45    0.0000E+00       FIX 
                      46  dummy46    0.0000E+00       FIX 
                      47  dummy47    0.0000E+00       FIX 
                      48  dummy48    0.0000E+00       FIX 
                      49  dummy49    0.0000E+00       FIX 
                      50  bcdmsh2    9.7269E-01           
                      51  bcdmsd2    9.9447E-01           
                      52  ccfr       1.0000E+00       FIX 
                      53  nutev      1.0000E+00       FIX 
                      54  zeus       9.7998E-01       FIX 
                      55  h1         1.0162E+00       FIX 
                      56  e605       1.0319E+00       FIX 
                      57  NmcH2      1.0100E+00           
                      58  ntv_nu     1.0000E+00       FIX 
                      59  ntv_nuba   1.0000E+00       FIX 
                      60  cdf_jet    9.8910E-01       FIX 
                      61  d0_jet     8.3504E-01       FIX 
                      62  slac_p     1.0049E+00           
                      63  slac_d     1.0055E+00           
                      64  e866pp     9.6904E-01           
                      65  e866pd     9.6078E-01           
                      66  d0_gamje   1.0401E+00           
                      67  h1b        9.7608E-01       FIX 
                      68  jlab_p     9.9635E-01           
                      69  jlab_d     9.7809E-01           
                      70  blank      1.0000E+00       FIX 
                      71  d0run2     9.4191E-01           
                      72  cdfrun2    9.2745E-01           
                      73  HERA_el    1.0000E+00       FIX 
                      74  HERA_ps    1.0000E+00       FIX 
                      75  CDF_Z      9.6331E-01           
                      76  NmcRat     1.0000E+00       FIX 
                      77  BNS_F2nd   9.7825E-01           
                      78  HERMES_F   9.9809E-01           
                      79  HERMES_F   9.8140E-01           
 ------------------------------------------------------------
     2    4.70409E+03
                       1  LAMBDA     2.2680E-01       FIX 
                       2  a0uv       2.4019E+00       FIX 
                       3  a1uv       6.1472E-01           
                       4  a2uv       3.5465E+00           
                       5  a3uv       0.0000E+00       FIX 
                       6  a4uv       3.4719E+00           
                       7  a5uv       0.0000E+00       FIX 
                       8  a0dv       2.4795E+01       FIX 
                       9  a1dv       1.1596E+00           
                      10  a2dv       6.5635E+00           
                      11  a3dv      -3.5037E+00           
                      12  a4dv       4.6722E+00           
                      13  a5dv       0.0000E+00       FIX 
                      14  a0ud       1.4607E-01           
                      15  a1ud      -2.0807E-01           
                      16  a2ud       8.3054E+00           
                      17  a3ud       0.0000E+00       FIX 
                      18  a4ud       1.4376E+01           
                      19  a5ud       0.0000E+00       FIX 
                      20  a0du       3.5712E+04       FIX 
                      21  a1du       4.0642E+00           
                      22  a2du       2.0340E+01           
                      23  a3du       1.7000E+01       FIX 
                      24  a4du       5.9956E+01           
                      25  a0g        4.5465E+01       FIX 
                      26  a1g        6.0154E-01           
                      27  a2g        6.3096E+00           
                      28  a3g       -3.3268E+00           
                      29  a4g        3.1824E+00           
                      30  a5g        0.0000E+00       FIX 
                      31  kappa      4.0000E-01       FIX 
                      32  a6dv      -3.6574E-03           
                      33  a7dv       2.0000E+00       FIX 
                      34  off1      -2.5395E+00           
                      35  off2       2.6230E-01           
                      36  off3       1.8806E-01           
                      37  ht1       -3.2783E+00           
                      38  ht2        1.9083E+00           
                      39  ht3       -2.0968E+00           
                      40  ht4        0.0000E+00       FIX 
                      41  dummy41    0.0000E+00       FIX 
                      42  dummy42    0.0000E+00       FIX 
                      43  dummy43    0.0000E+00       FIX 
                      44  dummy44    0.0000E+00       FIX 
                      45  dummy45    0.0000E+00       FIX 
                      46  dummy46    0.0000E+00       FIX 
                      47  dummy47    0.0000E+00       FIX 
                      48  dummy48    0.0000E+00       FIX 
                      49  dummy49    0.0000E+00       FIX 
                      50  bcdmsh2    9.7259E-01           
                      51  bcdmsd2    9.9396E-01           
                      52  ccfr       1.0000E+00       FIX 
                      53  nutev      1.0000E+00       FIX 
                      54  zeus       9.7998E-01       FIX 
                      55  h1         1.0162E+00       FIX 
                      56  e605       1.0319E+00       FIX 
                      57  NmcH2      1.0097E+00           
                      58  ntv_nu     1.0000E+00       FIX 
                      59  ntv_nuba   1.0000E+00       FIX 
                      60  cdf_jet    9.8910E-01       FIX 
                      61  d0_jet     8.3504E-01       FIX 
                      62  slac_p     1.0048E+00           
                      63  slac_d     1.0050E+00           
                      64  e866pp     9.6897E-01           
                      65  e866pd     9.6003E-01           
                      66  d0_gamje   1.0400E+00           
                      67  h1b        9.7608E-01       FIX 
                      68  jlab_p     9.9638E-01           
                      69  jlab_d     9.7776E-01           
                      70  blank      1.0000E+00       FIX 
                      71  d0run2     9.4332E-01           
                      72  cdfrun2    9.2860E-01           
                      73  HERA_el    1.0000E+00       FIX 
                      74  HERA_ps    1.0000E+00       FIX 
                      75  CDF_Z      9.6291E-01           
                      76  NmcRat     1.0000E+00       FIX 
                      77  BNS_F2nd   9.7868E-01           
                      78  HERMES_F   9.9789E-01           
                      79  HERMES_F   9.8089E-01           
 ------------------------------------------------------------
     3    4.70289E+03
                       1  LAMBDA     2.2680E-01       FIX 
                       2  a0uv       2.4011E+00       FIX 
                       3  a1uv       6.1464E-01           
                       4  a2uv       3.5465E+00           
                       5  a3uv       0.0000E+00       FIX 
                       6  a4uv       3.4734E+00           
                       7  a5uv       0.0000E+00       FIX 
                       8  a0dv       2.4809E+01       FIX 
                       9  a1dv       1.1598E+00           
                      10  a2dv       6.5633E+00           
                      11  a3dv      -3.5038E+00           
                      12  a4dv       4.6719E+00           
                      13  a5dv       0.0000E+00       FIX 
                      14  a0ud       1.4613E-01           
                      15  a1ud      -2.0805E-01           
                      16  a2ud       8.3023E+00           
                      17  a3ud       0.0000E+00       FIX 
                      18  a4ud       1.4380E+01           
                      19  a5ud       0.0000E+00       FIX 
                      20  a0du       3.5712E+04       FIX 
                      21  a1du       4.0616E+00           
                      22  a2du       2.0300E+01           
                      23  a3du       1.7000E+01       FIX 
                      24  a4du       5.9177E+01           
                      25  a0g        4.5518E+01       FIX 
                      26  a1g        6.0204E-01           
                      27  a2g        6.3077E+00           
                      28  a3g       -3.3276E+00           
                      29  a4g        3.1833E+00           
                      30  a5g        0.0000E+00       FIX 
                      31  kappa      4.0000E-01       FIX 
                      32  a6dv      -3.6623E-03           
                      33  a7dv       2.0000E+00       FIX 
                      34  off1      -2.6936E+00           
                      35  off2       2.4010E-01           
                      36  off3       2.2413E-01           
                      37  ht1       -3.2786E+00           
                      38  ht2        1.9093E+00           
                      39  ht3       -2.0974E+00           
                      40  ht4        0.0000E+00       FIX 
                      41  dummy41    0.0000E+00       FIX 
                      42  dummy42    0.0000E+00       FIX 
                      43  dummy43    0.0000E+00       FIX 
                      44  dummy44    0.0000E+00       FIX 
                      45  dummy45    0.0000E+00       FIX 
                      46  dummy46    0.0000E+00       FIX 
                      47  dummy47    0.0000E+00       FIX 
                      48  dummy48    0.0000E+00       FIX 
                      49  dummy49    0.0000E+00       FIX 
                      50  bcdmsh2    9.7266E-01           
                      51  bcdmsd2    9.9360E-01           
                      52  ccfr       1.0000E+00       FIX 
                      53  nutev      1.0000E+00       FIX 
                      54  zeus       9.7998E-01       FIX 
                      55  h1         1.0162E+00       FIX 
                      56  e605       1.0319E+00       FIX 
                      57  NmcH2      1.0096E+00           
                      58  ntv_nu     1.0000E+00       FIX 
                      59  ntv_nuba   1.0000E+00       FIX 
                      60  cdf_jet    9.8910E-01       FIX 
                      61  d0_jet     8.3504E-01       FIX 
                      62  slac_p     1.0049E+00           
                      63  slac_d     1.0047E+00           
                      64  e866pp     9.6881E-01           
                      65  e866pd     9.6017E-01           
                      66  d0_gamje   1.0399E+00           
                      67  h1b        9.7608E-01       FIX 
                      68  jlab_p     9.9651E-01           
                      69  jlab_d     9.7749E-01           
                      70  blank      1.0000E+00       FIX 
                      71  d0run2     9.4371E-01           
                      72  cdfrun2    9.2887E-01           
                      73  HERA_el    1.0000E+00       FIX 
                      74  HERA_ps    1.0000E+00       FIX 
                      75  CDF_Z      9.6306E-01           
                      76  NmcRat     1.0000E+00       FIX 
                      77  BNS_F2nd   9.7941E-01           
                      78  HERMES_F   9.9795E-01           
                      79  HERMES_F   9.8061E-01           
 ------------------------------------------------------------
     4    4.70280E+03
                       1  LAMBDA     2.2680E-01    0.0000E+00
                       2  a0uv       2.4003E+00    0.0000E+00
                       3  a1uv       6.1455E-01    2.0040E-02
                       4  a2uv       3.5465E+00    1.2385E-02
                       5  a3uv       0.0000E+00    0.0000E+00
                       6  a4uv       3.4747E+00    4.3512E-01
                       7  a5uv       0.0000E+00    0.0000E+00
                       8  a0dv       2.4822E+01    0.0000E+00
                       9  a1dv       1.1599E+00    3.3031E-02
                      10  a2dv       6.5635E+00    1.6497E-01
                      11  a3dv      -3.5040E+00    8.7633E-02
                      12  a4dv       4.6716E+00    1.5130E-01
                      13  a5dv       0.0000E+00    0.0000E+00
                      14  a0ud       1.4614E-01    5.0710E-03
                      15  a1ud      -2.0804E-01    3.7843E-03
                      16  a2ud       8.3007E+00    1.9364E-01
                      17  a3ud       0.0000E+00    0.0000E+00
                      18  a4ud       1.4375E+01    1.2358E+00
                      19  a5ud       0.0000E+00    0.0000E+00
                      20  a0du       3.5712E+04    0.0000E+00
                      21  a1du       4.0624E+00    8.4382E-02
                      22  a2du       2.0289E+01    9.4225E-01
                      23  a3du       1.7000E+01    0.0000E+00
                      24  a4du       5.9299E+01    1.3812E+01
                      25  a0g        4.5562E+01    0.0000E+00
                      26  a1g        6.0225E-01    3.0536E-02
                      27  a2g        6.3060E+00    9.7034E-01
                      28  a3g       -3.3284E+00    1.3159E-01
                      29  a4g        3.1841E+00    2.9314E-01
                      30  a5g        0.0000E+00    0.0000E+00
                      31  kappa      4.0000E-01    0.0000E+00
                      32  a6dv      -3.6589E-03    7.7230E-04
                      33  a7dv       2.0000E+00    0.0000E+00
                      34  off1      -2.7758E+00    5.3158E+00
                      35  off2       2.2976E-01    1.3858E+00
                      36  off3       2.3625E-01    1.3608E+00
                      37  ht1       -3.2786E+00    2.7152E-01
                      38  ht2        1.9092E+00    1.1156E-01
                      39  ht3       -2.0975E+00    2.8594E-02
                      40  ht4        0.0000E+00    0.0000E+00
                      41  dummy41    0.0000E+00    0.0000E+00
                      42  dummy42    0.0000E+00    0.0000E+00
                      43  dummy43    0.0000E+00    0.0000E+00
                      44  dummy44    0.0000E+00    0.0000E+00
                      45  dummy45    0.0000E+00    0.0000E+00
                      46  dummy46    0.0000E+00    0.0000E+00
                      47  dummy47    0.0000E+00    0.0000E+00
                      48  dummy48    0.0000E+00    0.0000E+00
                      49  dummy49    0.0000E+00    0.0000E+00
                      50  bcdmsh2    9.7264E-01    4.8173E-03
                      51  bcdmsd2    9.9352E-01    5.6856E-03
                      52  ccfr       1.0000E+00    0.0000E+00
                      53  nutev      1.0000E+00    0.0000E+00
                      54  zeus       9.7998E-01    0.0000E+00
                      55  h1         1.0162E+00    0.0000E+00
                      56  e605       1.0319E+00    0.0000E+00
                      57  NmcH2      1.0096E+00    7.1272E-03
                      58  ntv_nu     1.0000E+00    0.0000E+00
                      59  ntv_nuba   1.0000E+00    0.0000E+00
                      60  cdf_jet    9.8910E-01    0.0000E+00
                      61  d0_jet     8.3504E-01    0.0000E+00
                      62  slac_p     1.0049E+00    4.7794E-03
                      63  slac_d     1.0046E+00    5.2325E-03
                      64  e866pp     9.6875E-01    1.9173E-02
                      65  e866pd     9.6022E-01    1.5787E-02
                      66  d0_gamje   1.0399E+00    1.6488E-02
                      67  h1b        9.7608E-01    0.0000E+00
                      68  jlab_p     9.9651E-01    5.7978E-03
                      69  jlab_d     9.7742E-01    5.9302E-03
                      70  blank      1.0000E+00    0.0000E+00
                      71  d0run2     9.4379E-01    1.4537E-02
                      72  cdfrun2    9.2893E-01    1.7353E-02
                      73  HERA_el    1.0000E+00    0.0000E+00
                      74  HERA_ps    1.0000E+00    0.0000E+00
                      75  CDF_Z      9.6306E-01    6.3294E-03
                      76  NmcRat     1.0000E+00    0.0000E+00
                      77  BNS_F2nd   9.7956E-01    5.4766E-03
                      78  HERMES_F   9.9793E-01    5.5715E-03
                      79  HERMES_F   9.8056E-01    5.8102E-03
0 MINIMIZATION TERMINATED WITH STEP  4
  TOLERANCE CRITERION      SATISFIED
0 CHI SQUARED PER DEGREE OF FREEDOM IS  1.045E+00
   1.000 -0.424 -0.978  0.285  0.000  0.142 -0.334  0.441  0.384 -0.306 -0.512 -0.102 -0.254  0.120  0.166  0.094  0.017 -0.015  0.233 -0.037 -0.012  0.028  0.099 -0.232  0.054  0.315  0.275  0.159  0.300  0.289 -0.373 -0.223  0.094  0.198  0.231 -0.124 -0.108  0.387  0.058  0.260  0.245
  -0.424  1.000  0.575  0.210  0.316 -0.227  0.206 -0.161 -0.151  0.362  0.283  0.204  0.045  0.069 -0.010  0.091  0.078  0.005 -0.193  0.076  0.080 -0.084 -0.530  0.364  0.263  0.115  0.030  0.030  0.026  0.012  0.202  0.052  0.001  0.127  0.097 -0.073 -0.035 -0.054 -0.089  0.063  0.036
  -0.978  0.575  1.000 -0.193  0.075 -0.181  0.345 -0.421 -0.372  0.364  0.539  0.135  0.254 -0.088 -0.136 -0.041  0.015  0.010 -0.238  0.049  0.026 -0.040 -0.184  0.277  0.028 -0.196 -0.185 -0.096 -0.177 -0.181  0.438  0.278 -0.079 -0.087 -0.133  0.071  0.068 -0.301 -0.062 -0.151 -0.146
   0.285  0.210 -0.193  1.000  0.770 -0.612  0.015  0.156  0.107 -0.110 -0.209  0.319 -0.241  0.178  0.336  0.245 -0.169  0.217  0.227  0.060  0.059 -0.045 -0.259  0.142  0.233  0.305  0.214  0.120  0.311  0.227  0.039 -0.086  0.056  0.258  0.142 -0.081 -0.071  0.215  0.013  0.283  0.222
   0.000  0.316  0.075  0.770  1.000 -0.889  0.602 -0.125 -0.136  0.170  0.172  0.098 -0.077  0.176  0.221  0.175 -0.226  0.241 -0.290 -0.263 -0.278  0.285 -0.148  0.021  0.133  0.174  0.119  0.132  0.137  0.101  0.096  0.059  0.010  0.123  0.016 -0.026 -0.032  0.140  0.036  0.156  0.123
   0.142 -0.227 -0.181 -0.612 -0.889  1.000 -0.756  0.292  0.282 -0.166 -0.299 -0.037  0.050 -0.290 -0.175 -0.219  0.230 -0.295  0.160  0.227  0.219 -0.228  0.192 -0.117 -0.141 -0.078 -0.087 -0.139 -0.058 -0.079 -0.144 -0.151  0.012 -0.052  0.002  0.004  0.005 -0.041 -0.099 -0.102 -0.110
  -0.334  0.206  0.345  0.015  0.602 -0.756  1.000 -0.432 -0.391  0.453  0.599 -0.288  0.213  0.101 -0.039  0.066 -0.122  0.147 -0.518 -0.385 -0.389  0.383 -0.007 -0.048  0.012 -0.046  0.018  0.121 -0.084  0.004  0.150  0.282 -0.050 -0.059 -0.050  0.010  0.006  0.012  0.114 -0.021  0.033
   0.441 -0.161 -0.421  0.156 -0.125  0.292 -0.432  1.000  0.968 -0.394 -0.779  0.077 -0.120 -0.125 -0.085 -0.044  0.200 -0.168  0.194  0.153  0.145 -0.144 -0.029 -0.023  0.056  0.227  0.183  0.139  0.225  0.188 -0.076 -0.085  0.086  0.167  0.157  0.010  0.008  0.310  0.002  0.197  0.166
   0.384 -0.151 -0.372  0.107 -0.136  0.282 -0.391  0.968  1.000 -0.351 -0.730  0.059 -0.099 -0.120 -0.192 -0.108  0.228 -0.213  0.168  0.142  0.135 -0.134 -0.020 -0.024  0.033  0.176  0.139  0.118  0.167  0.134 -0.088 -0.097  0.074  0.124  0.114  0.029  0.020  0.246 -0.005  0.146  0.119
  -0.306  0.362  0.364 -0.110  0.170 -0.166  0.453 -0.394 -0.351  1.000  0.770 -0.392  0.475 -0.287 -0.068 -0.173 -0.209  0.055 -0.274  0.014 -0.030  0.001  0.136 -0.078 -0.183 -0.068 -0.051  0.028 -0.053 -0.034 -0.000  0.064 -0.035 -0.000 -0.029  0.110  0.054 -0.009 -0.075 -0.016  0.008
  -0.512  0.283  0.539 -0.209  0.172 -0.299  0.599 -0.779 -0.730  0.770  1.000 -0.337  0.373 -0.171 -0.040 -0.096 -0.147  0.028 -0.335 -0.174 -0.202  0.176  0.137 -0.118 -0.105 -0.035  0.028  0.074 -0.002  0.086  0.281  0.411 -0.091  0.022  0.071 -0.032 -0.052  0.037  0.019  0.031  0.105
  -0.102  0.204  0.135  0.319  0.098 -0.037 -0.288  0.077  0.059 -0.392 -0.337  1.000 -0.636  0.387  0.115  0.061 -0.064  0.079  0.227  0.188  0.242 -0.205 -0.180  0.197  0.068  0.048 -0.029  0.002  0.077 -0.057  0.274 -0.123  0.044  0.092 -0.053  0.044  0.035 -0.208 -0.005  0.081 -0.054
  -0.254  0.045  0.254 -0.241 -0.077  0.050  0.213 -0.120 -0.099  0.475  0.373 -0.636  1.000 -0.193 -0.214 -0.166  0.163 -0.212 -0.149  0.182  0.134 -0.152  0.186 -0.198 -0.105  0.018 -0.055  0.011  0.005 -0.074  0.144  0.152 -0.020  0.018 -0.070 -0.040 -0.039  0.027 -0.122 -0.024 -0.054
   0.120  0.069 -0.088  0.178  0.176 -0.290  0.101 -0.125 -0.120 -0.287 -0.171  0.387 -0.193  1.000  0.055  0.210 -0.091  0.214  0.094 -0.080  0.012  0.045 -0.146  0.157  0.083  0.142  0.007  0.161  0.145 -0.017  0.139 -0.062  0.070  0.108 -0.018  0.017  0.025 -0.201 -0.046  0.135  0.010
   0.166 -0.010 -0.136  0.336  0.221 -0.175 -0.039 -0.085 -0.192 -0.068 -0.040  0.115 -0.214  0.055  1.000  0.687 -0.623  0.791  0.099 -0.048 -0.047  0.051 -0.066  0.123  0.093  0.113  0.106 -0.045  0.159  0.163 -0.072 -0.064  0.033  0.102  0.121 -0.024  0.006  0.099  0.027  0.146  0.147
   0.094  0.091 -0.041  0.245  0.175 -0.219  0.066 -0.044 -0.108 -0.173 -0.096  0.061 -0.166  0.210  0.687  1.000 -0.117  0.676  0.075 -0.056 -0.045  0.057 -0.345  0.417  0.393  0.132  0.127  0.029  0.224  0.237 -0.010  0.025  0.038  0.136  0.179 -0.267 -0.116  0.081  0.088  0.198  0.210
   0.017  0.078  0.015 -0.169 -0.226  0.230 -0.122  0.200  0.228 -0.209 -0.147 -0.064  0.163 -0.091 -0.623 -0.117  1.000 -0.792  0.023  0.128  0.124 -0.123 -0.246  0.097  0.362  0.139  0.122  0.133  0.162  0.164  0.199  0.220 -0.005  0.134  0.146 -0.424 -0.285  0.219  0.082  0.099  0.107
  -0.015  0.005  0.010  0.217  0.241 -0.295  0.147 -0.168 -0.213  0.055  0.028  0.079 -0.212  0.214  0.791  0.676 -0.792  1.000  0.016 -0.120 -0.110  0.117 -0.045  0.234 -0.051 -0.106 -0.091 -0.121 -0.074 -0.072 -0.204 -0.213  0.026 -0.088 -0.076  0.203  0.188 -0.218 -0.025 -0.031 -0.032
   0.233 -0.193 -0.238  0.227 -0.290  0.160 -0.518  0.194  0.168 -0.274 -0.335  0.227 -0.149  0.094  0.099  0.075  0.023  0.016  1.000  0.419  0.489 -0.490 -0.222  0.227  0.145  0.085  0.095 -0.012  0.120  0.123 -0.051 -0.143  0.041  0.103  0.123 -0.041 -0.019  0.003 -0.013  0.097  0.100
  -0.037  0.076  0.049  0.060 -0.263  0.227 -0.385  0.153  0.142  0.014 -0.174  0.188  0.182 -0.080 -0.048 -0.056  0.128 -0.120  0.419  1.000  0.983 -0.984  0.027 -0.033 -0.062 -0.015 -0.061 -0.084 -0.011 -0.142  0.037 -0.172  0.031  0.066 -0.158  0.010  0.015 -0.126 -0.055 -0.057 -0.104
  -0.012  0.080  0.026  0.059 -0.278  0.219 -0.389  0.145  0.135 -0.030 -0.202  0.242  0.134  0.012 -0.047 -0.045  0.124 -0.110  0.489  0.983  1.000 -0.997  0.015 -0.019 -0.052 -0.001 -0.045 -0.071 -0.007 -0.115  0.042 -0.176  0.038  0.057 -0.129  0.006  0.014 -0.143 -0.057 -0.045 -0.085
   0.028 -0.084 -0.040 -0.045  0.285 -0.228  0.383 -0.144 -0.134  0.001  0.176 -0.205 -0.152  0.045  0.051  0.057 -0.123  0.117 -0.490 -0.984 -0.997  1.000 -0.022  0.025  0.055  0.008  0.041  0.074  0.017  0.104 -0.037  0.164 -0.032 -0.046  0.117 -0.005 -0.012  0.126  0.060  0.049  0.080
   0.099 -0.530 -0.184 -0.259 -0.148  0.192 -0.007 -0.029 -0.020  0.136  0.137 -0.180  0.186 -0.146 -0.066 -0.345 -0.246 -0.045 -0.222  0.027  0.015 -0.022  1.000 -0.831 -0.586 -0.064 -0.044  0.021 -0.069 -0.076  0.026  0.089 -0.016 -0.156 -0.181  0.183  0.080  0.050 -0.042 -0.076 -0.072
  -0.232  0.364  0.277  0.142  0.021 -0.117 -0.048 -0.023 -0.024 -0.078 -0.118  0.197 -0.198  0.157  0.123  0.417  0.097  0.234  0.227 -0.033 -0.019  0.025 -0.831  1.000  0.334 -0.096 -0.090 -0.114  0.055  0.056 -0.092 -0.181  0.014  0.058  0.111 -0.040  0.035 -0.252 -0.002  0.032  0.022
   0.054  0.263  0.028  0.233  0.133 -0.141  0.012  0.056  0.033 -0.183 -0.105  0.068 -0.105  0.083  0.093  0.393  0.362 -0.051  0.145 -0.062 -0.052  0.055 -0.586  0.334  1.000  0.225  0.209  0.083  0.062  0.105  0.106  0.126  0.018 -0.032  0.041 -0.323 -0.198  0.190  0.101  0.122  0.142
   0.315  0.115 -0.196  0.305  0.174 -0.078 -0.046  0.227  0.176 -0.068 -0.035  0.048  0.018  0.142  0.113  0.132  0.139 -0.106  0.085 -0.015 -0.001  0.008 -0.064 -0.096  0.225  1.000  0.533  0.382  0.687  0.645  0.397  0.445  0.064  0.545  0.530 -0.240 -0.208  0.571  0.067  0.594  0.573
   0.275  0.030 -0.185  0.214  0.119 -0.087  0.018  0.183  0.139 -0.051  0.028 -0.029 -0.055  0.007  0.106  0.127  0.122 -0.091  0.095 -0.061 -0.045  0.041 -0.044 -0.090  0.209  0.533  1.000  0.348  0.592  0.650  0.335  0.474  0.035  0.454  0.534 -0.229 -0.197  0.574  0.132  0.525  0.570
