# fitpack15: fit parameters                                                                         
# CJ15 AV18 final data choices                                                                      
# Created on 02/13/2020 at 10:30:35                                                                 

 # QCD setup
  INS                           0
  NVL                          11
  IORD                          1
  Q02                   1.6899999999999999     
  IPARAMC                      -7
  FLAVOR                4.0000000000000000     
  xmc                   1.3000000000000000     
  xmb                   4.5000000000000000     
  ncb                          12
  ihq                           1
  ias                           0

 # Theory corrections
  inuke                     10114
  itmc                          1
  iht                           2

 # fit parameters
 LAMBDA       0.22680        0.0000    
 a0uv          1.7887        0.0000    
 a1uv         0.55518       0.39154E-01
 a2uv          3.6478       0.20032E-01
 a3uv          0.0000        0.0000    
 a4uv          5.5802        1.2676    
 a5uv          0.0000        0.0000    
 a0dv          19.980        0.0000    
 a1dv          1.1070       0.50420E-01
 a2dv          6.5695       0.31487    
 a3dv         -3.4411       0.16550    
 a4dv          4.8035       0.25672    
 a5dv          0.0000        0.0000    
 a0ud         0.14061       0.55016E-02
 a1ud        -0.21186       0.41589E-02
 a2ud          9.0165       0.23277    
 a3ud          0.0000        0.0000    
 a4ud          17.525        1.7786    
 a5ud          0.0000        0.0000    
 a0du          35712.        0.0000    
 a1du          4.1947       0.14326    
 a2du          20.834        1.3421    
 a3du          17.000        0.0000    
 a4du          59.499        16.728    
 a0g           44.974        0.0000    
 a1g          0.59938       0.29403E-01
 a2g           5.6590       0.76107    
 a3g          -3.3772       0.11755    
 a4g           3.1812       0.24911    
 a5g           0.0000        0.0000    
 kappa        0.40000        0.0000    
 a6dv         0.43181E-02   0.31006E-02
 a7dv          2.0000        0.0000    
 off1        -0.47302E-01   0.12899    
 off2         -1.1824       0.93315    
 off3          1.4528        1.6751    
 ht1          -4.8500        1.3231    
 ht2           2.3491       0.21794    
 ht3          -2.0762       0.37877E-01
 ht4           2.6383       0.15872    
 ht1n         -8.2430        8.5872    
 ht2n          2.6729       0.69346    
 ht3n         -2.2654       0.88324E-01
 ht4n          3.5646       0.74439    
 dummy45       0.0000        0.0000    
 dummy46       0.0000        0.0000    
 dummy47       0.0000        0.0000    
 dummy48       0.0000        0.0000    
 dummy49       0.0000        0.0000    
 bcdmsh2      0.97288       0.49601E-02
 bcdmsd2      0.99388       0.59516E-02
 ccfr          1.0000        0.0000    
 nutev         1.0000        0.0000    
 zeus         0.97998        0.0000    
 h1            1.0162        0.0000    
 e605          1.0319        0.0000    
 NmcH2         1.0085       0.71969E-02
 ntv_nu        1.0000        0.0000    
 ntv_nubar     1.0000        0.0000    
 cdf_jet      0.98910        0.0000    
 d0_jet       0.83504        0.0000    
 slac_p       0.99991       0.52893E-02
 slac_d        1.0040       0.54631E-02
 e866pp       0.98280       0.24959E-01
 e866pd       0.94817       0.20336E-01
 d0_gamjet     1.0423       0.16652E-01
 h1b          0.97608        0.0000    
 jlab_p       0.98630       0.64420E-02
 jlab_d       0.97676       0.62563E-02
 blank         1.0000        0.0000    
 d0run2       0.94872       0.15409E-01
 cdfrun2      0.93473       0.17796E-01
 HERA_el       1.0000        0.0000    
 HERA_ps       1.0000        0.0000    
 CDF_Z        0.94905       0.69587E-02
 NmcRat        1.0000        0.0000    
 BNS_F2nd     0.96150       0.13549E-01
 HERMES_F2p   0.99410       0.58155E-02
 HERMES_F2d   0.97953       0.59503E-02
 END 0. 0.

 # Hessian matrix (Bevington alpha)
   0.47386088423461E+07 -0.11658049531055E+07  0.14901049032629E+06  0.55325864122289E+06 -0.12973515794694E+06  0.33978445464441E+04  0.64402183799476E+05  0.95010562711066E+06 -0.17433597873393E+06 -0.45522813692131E+05  0.64382848123231E+04  0.11476437246974E+05  0.12274596799904E+04 -0.75211790608427E+02  0.16865317782867E+05 -0.38435440721441E+04  0.23521020243219E+05  0.16078820510070E+05  0.57538447005497E+07 -0.63508516364963E+05 -0.26911882030245E+05 -0.12580016870603E+05 -0.11487006967156E+05 -0.45553040406620E+04 -0.21021039319202E+06 -0.78178716516822E+05 -0.25409247045259E+04 -0.57187418191534E+04 -0.54228499433526E+05 -0.24272059465395E+05 -0.13270313370589E+06 -0.56468584830660E+05 -0.52542099723458E+04 -0.85305638069158E+06 -0.11039376719525E+07 -0.21229236607608E+05 -0.48815059216880E+05 -0.32038356287312E+04 -0.18871509832218E+06 -0.20998811219646E+06 -0.88862109219424E+04 -0.31602678138193E+04 -0.19557729074145E+05  0.18204575191328E+05 -0.75462074916619E+05 -0.59483781702462E+05
  -0.11658049531055E+07  0.35209504083834E+06 -0.37138463752353E+05 -0.13175428370913E+06  0.32508018524302E+05  0.46085486048931E+04 -0.12076576732961E+05 -0.11196666378119E+06  0.23961859970681E+05  0.60843382611865E+04 -0.71211464805390E+03 -0.87343355775058E+03 -0.93769002944199E+02  0.93112274307884E+01 -0.25353144281487E+03  0.12831118312721E+03 -0.68104255151255E+03 -0.45931360543196E+03 -0.18273035732923E+07  0.15490299019179E+05  0.74781298857768E+04  0.38371939812847E+04  0.55530729052105E+04  0.84188472268146E+04  0.62254776496389E+05  0.32639115476843E+05  0.98190047186678E+03  0.30366512750891E+04  0.14865612784821E+05  0.88619241322792E+04  0.16896874509849E+05  0.83589917595945E+04 -0.18608285956447E+03  0.20033085093804E+06  0.25294922558788E+06  0.57760635158579E+04  0.13478494485123E+05  0.41830215639265E+03  0.58468561683629E+05  0.64442687370349E+05  0.23274918524834E+04  0.74335109090790E+03 -0.21416229384051E+04 -0.23946945425569E+04  0.86304849880407E+04  0.72758520593265E+04
   0.14901049032629E+06 -0.37138463752353E+05  0.47120368328839E+04  0.16898279071596E+05 -0.40848706900592E+04 -0.11934222026084E+03  0.19382093864161E+04  0.22814165113584E+05 -0.40345721609248E+04 -0.12764260810084E+04  0.15751540007292E+03  0.27661645163490E+03  0.33014872866258E+02 -0.25421391185982E+01  0.89822017542371E+00 -0.59349512410058E+02  0.17142559518761E+03  0.19687607364288E+03  0.18290878581338E+06 -0.19787305164843E+04 -0.84724935280699E+03 -0.39797918976081E+03 -0.37836852470829E+03 -0.24283185058753E+03 -0.66616689342943E+04 -0.24974032929254E+04 -0.82651118628303E+02 -0.20265483313941E+03 -0.17171727902676E+04 -0.77598935342961E+03 -0.40217807618838E+04 -0.17084241741351E+04  0.83552944083276E+01 -0.26252704300609E+05 -0.34167801896722E+05 -0.67485355713677E+03 -0.15563361766711E+04 -0.87053452000389E+02 -0.60244738978129E+04 -0.67019081789337E+04 -0.27937005437747E+03 -0.98843095229501E+02 -0.12048979862808E+03  0.55937493411082E+03 -0.19596575958476E+04 -0.15775608373461E+04
   0.55325864122289E+06 -0.13175428370913E+06  0.16898279071596E+05  0.30182927863976E+06 -0.45597616430854E+05  0.49867951285501E+05  0.43194286315049E+05  0.32714913738490E+06 -0.28492054858536E+05 -0.15149705478076E+05  0.25749264900243E+04 -0.82669814642411E+03 -0.68609213802850E+02  0.32136575069090E+02  0.29242522362187E+05 -0.36394673571076E+04  0.30257958494236E+05  0.16871612157500E+05  0.12655262599372E+07 -0.18261632937807E+05 -0.71422066277589E+04 -0.30060708118644E+04 -0.68899130511454E+03  0.20149785056830E+04 -0.28481431721309E+05 -0.66807311438511E+04 -0.32101832355392E+03  0.65580875340384E+03 -0.16379401190189E+05 -0.41621400267655E+04 -0.12687826093633E+05 -0.21213019426292E+05 -0.12117158758393E+03 -0.65052207552628E+05 -0.33613349960015E+06 -0.12223829011344E+04 -0.24207513060493E+04 -0.66944792728034E+02 -0.10485198583548E+05 -0.46457886737202E+05 -0.23306344593966E+04 -0.91570814044031E+03 -0.10359873825096E+05 -0.17316681085037E+05 -0.74429780994123E+04 -0.22052454609125E+05
  -0.12973515794694E+06  0.32508018524302E+05 -0.40848706900592E+04 -0.45597616430854E+05  0.83220151447165E+04 -0.48835978868222E+04 -0.61113581835789E+04 -0.27252396059646E+05  0.64640842207639E+03  0.18118619376836E+04 -0.23337123165752E+03 -0.21187427040007E+02  0.26215562495860E+00 -0.24219245315190E+01 -0.23301851198400E+04  0.29323800067581E+03 -0.23035938076420E+04 -0.12926607211181E+04 -0.27517007173429E+06  0.32751168471983E+04  0.14283564228639E+04  0.64312392575194E+03  0.27993016168351E+03  0.18758432142826E+03  0.61974669372244E+04  0.17873387955742E+04  0.11912498218410E+03  0.27557778108772E+03  0.33912483382536E+04  0.11110269916409E+04  0.19428000445227E+04  0.33024487945763E+04 -0.53984120695276E+02  0.11377764104696E+05  0.60215123295081E+05  0.29415282742558E+03  0.56164218458027E+03  0.84064075615105E+01  0.25963489508693E+04  0.11375020497410E+05  0.44050808852345E+03  0.16421215395776E+03  0.39213245152969E+03  0.26873158171240E+04  0.81217456246932E+03  0.25097830736774E+04
   0.33978445464441E+04  0.46085486048931E+04 -0.11934222026084E+03  0.49867951285501E+05 -0.48835978868222E+04  0.13589286103311E+05  0.82562132400661E+04  0.88235532254182E+05 -0.88818546797336E+04 -0.34409260425596E+04  0.68363587139404E+03 -0.35194639236983E+03 -0.27574741849234E+02  0.95907257335876E+01  0.77617295865654E+04 -0.99320548933658E+03  0.82145553878933E+04  0.46613936203732E+04  0.31071814563330E+05 -0.18875303400401E+04 -0.44498420677474E+03 -0.84278068166312E+02  0.30198224558285E+03  0.14571146895377E+04 -0.70735918628756E+03  0.82264757786633E+03  0.10429892093339E+03  0.93894821207819E+03 -0.88267497742360E+03  0.40337130392784E+03 -0.23142341305473E+04 -0.36101142300603E+04  0.10177546373233E+03 -0.77287952238435E+04 -0.37547680103654E+05  0.13337132038183E+02 -0.58991193335134E+01 -0.15250624743965E+02  0.26214110374468E+03  0.95142833387239E+03 -0.20638238417000E+03 -0.10601939968701E+03 -0.28449692806752E+04 -0.30877682179561E+04 -0.16740099312822E+04 -0.48157918531325E+04
   0.64402183799476E+05 -0.12076576732961E+05  0.19382093864161E+04  0.43194286315049E+05 -0.61113581835789E+04  0.82562132400661E+04  0.66781615485127E+04  0.47103379714743E+05 -0.29715997890915E+04 -0.23808172351520E+04  0.38395853597057E+03 -0.10713417048757E+03 -0.96221066629083E+01  0.47446710289921E+01  0.39625617955418E+04 -0.51546031670830E+03  0.40135922003163E+04  0.23069591765224E+04  0.13043784095812E+06 -0.23294457960387E+04 -0.83688964127984E+03 -0.31274569383612E+03  0.63733875886985E+02  0.71117726095609E+03 -0.29723822629542E+04 -0.19716264224803E+03  0.95663952107241E+01  0.37167312265231E+03 -0.19544876187704E+04 -0.20253580533346E+03 -0.21256430373014E+04 -0.33832332409484E+04  0.10985117281525E+03 -0.88318312141767E+04 -0.45871743406505E+05 -0.12865910352097E+03 -0.24996035374381E+03 -0.10885262984742E+02 -0.86642273528521E+03 -0.39616296246441E+04 -0.30334331387204E+03 -0.12821328534059E+03 -0.12123694239015E+04 -0.29846772106144E+04 -0.10387440910029E+04 -0.30994520749759E+04
   0.95010562711066E+06 -0.11196666378119E+06  0.22814165113584E+05  0.32714913738490E+06 -0.27252396059646E+05  0.88235532254182E+05  0.47103379714743E+05  0.54649677486128E+07 -0.24476018386888E+07 -0.85099017541405E+05  0.24072434299134E+05  0.21842027520943E+05  0.14465155530951E+04  0.77423366129784E+02  0.88354023491910E+05 -0.11704370731879E+05  0.10982929138921E+06  0.59018100321834E+05  0.35090606596939E+06 -0.36147836892090E+05 -0.68066663121929E+04 -0.17373134210102E+04  0.42541761206891E+04  0.31804344515659E+05 -0.20301635140917E+05  0.43132002174976E+04  0.89675032753512E+03  0.11554207610834E+05 -0.95013126297643E+04  0.13251386698432E+04 -0.58115202767204E+05 -0.46840384771088E+05 -0.72309814358487E+05 -0.28701145573198E+06 -0.54962699422330E+06 -0.74513748204362E+05 -0.17038876884026E+06 -0.14266289315263E+04 -0.41465200289641E+04 -0.82999740903435E+04  0.10333725414742E+04  0.56699384464146E+03 -0.27889161094522E+06 -0.83247519899282E+04 -0.14788918285032E+06 -0.17870602865529E+06
  -0.17433597873393E+06  0.23961859970681E+05 -0.40345721609248E+04 -0.28492054858536E+05  0.64640842207639E+03 -0.88818546797336E+04 -0.29715997890915E+04 -0.24476018386888E+07  0.19382420912125E+07  0.18907372501404E+05 -0.60304850952098E+04 -0.46758764193448E+04 -0.25280966309079E+03 -0.11564050536197E+02  0.49491171949907E+05 -0.25160838392734E+04  0.19824481596036E+05  0.10103385290733E+05  0.96585612042108E+04  0.90675429954373E+04  0.13761100662009E+04  0.30376473054563E+03 -0.97672154294995E+03 -0.77174982013737E+04  0.33108885398651E+04 -0.93700694214064E+03 -0.21739634849903E+03 -0.28586033545049E+04  0.15917180805202E+04 -0.34374801669549E+03  0.10561427100561E+05  0.10112683714920E+05  0.25325354905468E+05  0.66101670918772E+05  0.12248590767879E+06  0.23123558046744E+05  0.52942355131621E+05  0.19929522890209E+03  0.52441882514051E+03  0.10532802884147E+04 -0.14583400859503E+04 -0.77388518559160E+03  0.11487872802397E+06  0.14901899019712E+04  0.46195667050651E+05  0.55326216495613E+05
  -0.45522813692131E+05  0.60843382611865E+04 -0.12764260810084E+04 -0.15149705478076E+05  0.18118619376836E+04 -0.34409260425596E+04 -0.23808172351520E+04 -0.85099017541405E+05  0.18907372501404E+05  0.23545170562316E+04 -0.52997134302647E+03 -0.52333677488761E+03 -0.45248855626392E+02 -0.10901401185194E+01 -0.39529152671269E+04  0.51434555754711E+03 -0.43487595862070E+04 -0.24688225962258E+04 -0.31746566175814E+05  0.11588173205069E+04  0.29984996214566E+03  0.93369754690535E+02 -0.12926248496266E+03 -0.92107677181566E+03  0.11773634010195E+04 -0.11263673397837E+03 -0.23614213028335E+02 -0.31944820402735E+03  0.53386543312784E+03 -0.11757522470741E+02  0.24654717387528E+04  0.16987907153372E+04  0.73515644098516E+03  0.10068666782057E+05  0.20462926925242E+05  0.14188792479855E+04  0.32043758503177E+04  0.42104228816226E+02  0.37067568183468E+03  0.71813683069216E+03  0.99593238695846E+02  0.45941876693299E+02  0.30558142934410E+04  0.40475663671085E+03  0.27922006627569E+04  0.34583652305542E+04
   0.64382848123231E+04 -0.71211464805390E+03  0.15751540007292E+03  0.25749264900243E+04 -0.23337123165752E+03  0.68363587139404E+03  0.38395853597057E+03  0.24072434299134E+05 -0.60304850952098E+04 -0.52997134302647E+03  0.13999715429685E+03  0.13940448014683E+03  0.99398958895789E+01  0.45401256998924E+00  0.11414015262489E+04 -0.13215016010260E+03  0.11933354718706E+04  0.64867165246036E+03  0.32265148435213E+04 -0.21190417025937E+03 -0.43354095944174E+02 -0.11495458902935E+02  0.26278954244877E+02  0.19144664418328E+03 -0.13650175990414E+03  0.27503073164718E+02  0.54260541281696E+01  0.68987492900710E+02 -0.63481137494413E+02  0.79706698524156E+01 -0.38707823803252E+03 -0.29351579702158E+03 -0.32103940065790E+03 -0.17530969936203E+04 -0.33964886533000E+04 -0.38542326481271E+03 -0.88132528197135E+03 -0.99522741031430E+01 -0.28525871098298E+02 -0.57240228156127E+02 -0.72754923323661E+01 -0.37325378545810E+01 -0.10607310134754E+04 -0.55069097631886E+02 -0.76457075154837E+03 -0.92967621076230E+03
   0.11476437246974E+05 -0.87343355775058E+03  0.27661645163490E+03 -0.82669814642411E+03 -0.21187427040007E+02 -0.35194639236983E+03 -0.10713417048757E+03  0.21842027520943E+05 -0.46758764193448E+04 -0.52333677488761E+03  0.13940448014683E+03  0.95737685530928E+03  0.63638006095594E+02 -0.86564635413161E+00  0.11066684278675E+04 -0.16621987210234E+03  0.15547759247256E+04  0.88864485488928E+03  0.32640806097770E+04  0.20100947466030E+03  0.19679638701894E+02  0.12104590766594E+00  0.41210243946599E+02  0.33917073343864E+03 -0.56319187449056E+02  0.34877861792610E+02 -0.36924932325808E+01 -0.53550617382268E+02  0.45752483655166E+01 -0.48087884137352E+01 -0.83094113976471E+03 -0.62585980389618E-11 -0.51334293900266E+03 -0.38888086563467E+04  0.46125616422670E-09 -0.17356043296386E+04 -0.46403670493353E+02 -0.59315240251667E+02 -0.87616579042542E-01 -0.33779474033270E-10 -0.13181702795048E+01 -0.57339343007459E+00  0.12707044470266E+03  0.22908392137615E+03 -0.20977878775610E+04 -0.87488130024704E-10
   0.12274596799904E+04 -0.93769002944199E+02  0.33014872866258E+02 -0.68609213802850E+02  0.26215562495860E+00 -0.27574741849234E+02 -0.96221066629083E+01  0.14465155530951E+04 -0.25280966309079E+03 -0.45248855626392E+02  0.99398958895789E+01  0.63638006095594E+02  0.56195430621509E+01 -0.99957374324870E-01  0.65691673059161E+02 -0.11694400201802E+02  0.10052499837387E+03  0.61562840554617E+02  0.19159897034625E+03  0.10600535073219E+02  0.14016423778138E+01  0.13878911526693E-01  0.50160421036075E+01  0.35919604301680E+02 -0.11207026027117E+02  0.55451683333219E+01 -0.51180823323468E+00 -0.59752956822437E+01  0.21028993465486E+01 -0.10553887978774E+01 -0.11792999218395E+03  0.86496741750260E-12 -0.20271367886464E+02 -0.44185539417134E+03 -0.10322099991170E-10 -0.10795544389723E+03 -0.11779427945954E+02 -0.47377521463085E+01 -0.62597435664658E-01  0.11835599536598E-11 -0.13472483102931E+00 -0.53449126729825E-01  0.15057076598899E+02  0.50089904941337E+02 -0.15088922441537E+03  0.26830849616533E-11
  -0.75211790608427E+02  0.93112274307884E+01 -0.25421391185982E+01  0.32136575069090E+02 -0.24219245315190E+01  0.95907257335876E+01  0.47446710289921E+01  0.77423366129784E+02 -0.11564050536197E+02 -0.10901401185194E+01  0.45401256998924E+00 -0.86564635413161E+00 -0.99957374324870E-01  0.31219692809013E-01  0.11265454842528E+02 -0.78718927254492E+00  0.74838629273212E+01  0.33951335481769E+01  0.24141513000577E+02  0.11876164947947E+01 -0.34404186604315E-01 -0.16712819928490E-01 -0.23006708081446E-01 -0.12692583222211E+00  0.61258150071824E-01 -0.20102767907275E-01  0.91488850227552E-02  0.12508888639560E+00 -0.43781876757041E-01  0.40259380761366E-02  0.56801552480175E-01  0.27444876575085E-12 -0.47357484675964E+01 -0.45386890066243E+00  0.89722511475134E-12 -0.21746161413311E+01 -0.34645913906351E-05 -0.10437864550006E+00 -0.15732979891716E-13  0.86543014732519E-13 -0.12705483575128E-02 -0.70629727787149E-03 -0.21676181575007E+01  0.70879191709199E-05 -0.21661118316486E+01 -0.70402396779257E-12
   0.16865317782867E+05 -0.25353144281487E+03  0.89822017542371E+00  0.29242522362187E+05 -0.23301851198400E+04  0.77617295865654E+04  0.39625617955418E+04  0.88354023491910E+05  0.49491171949907E+05 -0.39529152671269E+04  0.11414015262489E+04  0.11066684278675E+04  0.65691673059161E+02  0.11265454842528E+02  0.51593625423400E+05 -0.51032762796128E+04  0.45798497294575E+05  0.24210761840721E+05  0.38539847849348E+05  0.38766319257585E+02  0.59921842618300E+02  0.28972487032792E+02 -0.78694623072978E+01 -0.95053969460490E+02  0.64132733011899E+03  0.55527116591779E+02  0.17152769287668E+01 -0.19875278350115E+02  0.27231851953994E+03  0.39318225047679E+02 -0.30869784758782E+04 -0.20147819322344E+04 -0.25094695533626E+04  0.18373006177308E+04  0.42118500675001E+04 -0.15217223548957E+04 -0.31477922522083E+04 -0.74526085432267E+03  0.38855835402966E+03  0.67455284383275E+03 -0.31967121407766E+04 -0.16478645262782E+04 -0.19612160480985E+04  0.21599104191600E+03 -0.10147249969728E+04 -0.11413883772476E+04
  -0.38435440721441E+04  0.12831118312721E+03 -0.59349512410058E+02 -0.36394673571076E+04  0.29323800067581E+03 -0.99320548933658E+03 -0.51546031670830E+03 -0.11704370731879E+05 -0.25160838392734E+04  0.51434555754711E+03 -0.13215016010260E+03 -0.16621987210234E+03 -0.11694400201802E+02 -0.78718927254492E+00 -0.51032762796128E+04  0.59308087164990E+03 -0.52356366123577E+04 -0.28752544399703E+04 -0.44217940810606E+04  0.10144677296264E+02 -0.85124113609455E+01 -0.55273880265626E+01 -0.61392484325780E+01 -0.25027078076768E+02 -0.13770504856223E+03 -0.27683459057857E+02 -0.19509088873932E+01 -0.10997035608467E+02 -0.56737552154541E+02 -0.14112639828863E+02  0.60935824999064E+03  0.38327239159177E+03  0.29969424374155E+03 -0.10214633873980E+03 -0.42165682929572E+03  0.17065335724681E+03  0.34942911786352E+03  0.87828497514022E+02 -0.10583521112737E+03 -0.18136116592936E+03  0.53377946173897E+03  0.25416610755993E+03 -0.42988186916794E+03 -0.38188566101861E+02  0.29398655866202E+03  0.33021238219975E+03
   0.23521020243219E+05 -0.68104255151255E+03  0.17142559518761E+03  0.30257958494236E+05 -0.23035938076420E+04  0.82145553878933E+04  0.40135922003163E+04  0.10982929138921E+06  0.19824481596036E+05 -0.43487595862070E+04  0.11933354718706E+04  0.15547759247256E+04  0.10052499837387E+03  0.74838629273212E+01  0.45798497294575E+05 -0.52356366123577E+04  0.47326448889440E+05  0.25722406502127E+05  0.41393558624978E+05  0.13086655627958E+02  0.77758723986574E+02  0.33604774646860E+02 -0.56317997781748E+02 -0.23670733782196E+03  0.68467880529849E+03 -0.98787844617473E+02 -0.10034573090890E+02 -0.91222435433014E+02  0.32594923290705E+03 -0.19223244065515E+02 -0.39308232222131E+04 -0.24964337472801E+04 -0.30767803306058E+04  0.27494221443657E+04  0.63916435545605E+04 -0.15287851998864E+04 -0.31785907769845E+04 -0.79138806546558E+03  0.15509655098720E+03  0.29860826338757E+03 -0.36771183272568E+04 -0.19368918580997E+04  0.26134770995289E+04  0.39294465269707E+03 -0.24556669622761E+04 -0.27188471803342E+04
   0.16078820510070E+05 -0.45931360543196E+03  0.19687607364288E+03  0.16871612157500E+05 -0.12926607211181E+04  0.46613936203732E+04  0.23069591765224E+04  0.59018100321834E+05  0.10103385290733E+05 -0.24688225962258E+04  0.64867165246036E+03  0.88864485488928E+03  0.61562840554617E+02  0.33951335481769E+01  0.24210761840721E+05 -0.28752544399703E+04  0.25722406502127E+05  0.14155245579827E+05  0.22149590966326E+05 -0.21130755256987E+02  0.46586334294638E+02  0.23531544753396E+02 -0.14981884267397E+02 -0.39681522423163E+02  0.52208601481268E+03 -0.14556360704091E+02 -0.14137786934667E+01 -0.15966172124250E+02  0.24209560994640E+03  0.91620555930769E+01 -0.27132344769414E+04 -0.16908190407025E+04 -0.15399541814038E+04  0.12016565353530E+04  0.33593379819017E+04 -0.78544897128601E+03 -0.16288067977892E+04 -0.43840223753048E+03  0.20242659802698E+03  0.36744456986096E+03 -0.23909584275143E+04 -0.12054320848895E+04  0.23619879077312E+04  0.25747001986881E+03 -0.16361167671156E+04 -0.18164440971574E+04
   0.57538447005497E+07 -0.18273035732923E+07  0.18290878581338E+06  0.12655262599372E+07 -0.27517007173429E+06  0.31071814563330E+05  0.13043784095812E+06  0.35090606596939E+06  0.96585612042108E+04 -0.31746566175814E+05  0.32265148435213E+04  0.32640806097770E+04  0.19159897034625E+03  0.24141513000577E+02  0.38539847849348E+05 -0.44217940810606E+04  0.41393558624978E+05  0.22149590966326E+05  0.14415596520267E+08 -0.12948162519134E+06 -0.65894820422206E+05 -0.34389950742103E+05 -0.29083577159663E+05 -0.46972471888217E+05 -0.31013651625012E+06 -0.16739813396042E+06 -0.92197558819167E+04 -0.30146519415756E+05 -0.13764890582340E+06 -0.81750980011906E+05 -0.27970401369764E+05 -0.62355904667434E+05  0.88930751051163E+03 -0.43253705834662E+06 -0.21202613052111E+07 -0.13068202740918E+05 -0.25875912461535E+05 -0.16063575727147E+03 -0.13591681755158E+06 -0.58445463142119E+06 -0.18810763575509E+05 -0.59729261886493E+04  0.14404947027025E+05 -0.39102177644179E+05 -0.16534513353226E+05 -0.51525261368641E+05
  -0.63508516364963E+05  0.15490299019179E+05 -0.19787305164843E+04 -0.18261632937807E+05  0.32751168471983E+04 -0.18875303400401E+04 -0.23294457960387E+04 -0.36147836892090E+05  0.90675429954373E+04  0.11588173205069E+04 -0.21190417025937E+03  0.20100947466030E+03  0.10600535073219E+02  0.11876164947947E+01  0.38766319257585E+02  0.10144677296264E+02  0.13086655627958E+02 -0.21130755256987E+02 -0.12948162519134E+06  0.29327217508455E+04  0.96266740068938E+03  0.40973909193205E+03  0.94795104186227E+02 -0.22447562715266E+03  0.28561225788984E+04  0.90444811777817E+03  0.57530857749779E+02 -0.19140790080350E+02  0.15863993259360E+04  0.66541663829070E+03  0.00000000000000E+00  0.25847245182106E+04  0.00000000000000E+00  0.00000000000000E+00  0.40611096042275E+05  0.00000000000000E+00  0.00000000000000E+00  0.00000000000000E+00  0.00000000000000E+00  0.57233736285075E+04  0.00000000000000E+00  0.00000000000000E+00  0.00000000000000E+00 -0.18185544227278E+04  0.00000000000000E+00  0.42194951853063E+04
  -0.26911882030245E+05  0.74781298857768E+04 -0.84724935280699E+03 -0.71422066277589E+04  0.14283564228639E+04 -0.44498420677474E+03 -0.83688964127984E+03 -0.68066663121929E+04  0.13761100662009E+04  0.29984996214566E+03 -0.43354095944174E+02  0.19679638701894E+02  0.14016423778138E+01 -0.34404186604315E-01  0.59921842618300E+02 -0.85124113609455E+01  0.77758723986574E+02  0.46586334294638E+02 -0.65894820422206E+05  0.96266740068938E+03  0.40667309578075E+03  0.19267215932139E+03  0.80487048417839E+02  0.46284486897475E+02  0.13109342981173E+04  0.54883322356582E+03  0.38514000843894E+02  0.84654397532475E+02  0.72826686626675E+03  0.37534355731523E+03  0.00000000000000E+00  0.66993788132671E+03  0.00000000000000E+00  0.00000000000000E+00  0.15036830464286E+05  0.00000000000000E+00  0.00000000000000E+00  0.00000000000000E+00  0.00000000000000E+00  0.28671800168727E+04  0.00000000000000E+00  0.00000000000000E+00  0.00000000000000E+00 -0.51979400271482E+03  0.00000000000000E+00  0.87380793248241E+03
  -0.12580016870603E+05  0.38371939812847E+04 -0.39797918976081E+03 -0.30060708118644E+04  0.64312392575194E+03 -0.84278068166312E+02 -0.31274569383612E+03 -0.17373134210102E+04  0.30376473054563E+03  0.93369754690535E+02 -0.11495458902935E+02  0.12104590766594E+00  0.13878911526693E-01 -0.16712819928490E-01  0.28972487032792E+02 -0.55273880265626E+01  0.33604774646860E+02  0.23531544753396E+02 -0.34389950742103E+05  0.40973909193205E+03  0.19267215932139E+03  0.97565078290472E+02  0.52212044517375E+02  0.62771751541623E+02  0.64708176197142E+03  0.32646508003961E+03  0.22777985239787E+02  0.64739222449693E+02  0.35277557276126E+03  0.21220922644484E+03  0.00000000000000E+00  0.19555465530696E+03  0.00000000000000E+00  0.00000000000000E+00  0.64401698099701E+04  0.00000000000000E+00  0.00000000000000E+00  0.00000000000000E+00  0.00000000000000E+00  0.14734652294678E+04  0.00000000000000E+00  0.00000000000000E+00  0.00000000000000E+00 -0.16774873066247E+03  0.00000000000000E+00  0.25737502831945E+03
  -0.11487006967156E+05  0.55530729052105E+04 -0.37836852470829E+03 -0.68899130511454E+03  0.27993016168351E+03  0.30198224558285E+03  0.63733875886985E+02  0.42541761206891E+04 -0.97672154294995E+03 -0.12926248496266E+03  0.26278954244877E+02  0.41210243946599E+02  0.50160421036075E+01 -0.23006708081446E-01 -0.78694623072978E+01 -0.61392484325780E+01 -0.56317997781748E+02 -0.14981884267397E+02 -0.29083577159663E+05  0.94795104186227E+02  0.80487048417839E+02  0.52212044517375E+02  0.18882853796339E+03  0.45632245549716E+03  0.11183532545520E+04  0.94606306126314E+03  0.22185174862910E+02  0.87320234952586E+02  0.19519484500804E+03  0.18640594970473E+03 -0.71192879400825E+02 -0.21415573584182E+02  0.25489841280346E+01  0.94698481753312E+03  0.68276290704562E+03  0.00000000000000E+00  0.00000000000000E+00  0.00000000000000E+00  0.17604691643706E+04  0.14159575069040E+04  0.00000000000000E+00  0.00000000000000E+00  0.00000000000000E+00  0.22014755517887E+03 -0.31702650803720E+03 -0.17458009301896E+03
  -0.45553040406620E+04  0.84188472268146E+04 -0.24283185058753E+03  0.20149785056830E+04  0.18758432142826E+03  0.14571146895377E+04  0.71117726095609E+03  0.31804344515659E+05 -0.77174982013737E+04 -0.92107677181566E+03  0.19144664418328E+03  0.33917073343864E+03  0.35919604301680E+02 -0.12692583222211E+00 -0.95053969460490E+02 -0.25027078076768E+02 -0.23670733782196E+03 -0.39681522423163E+02 -0.46972471888217E+05 -0.22447562715266E+03  0.46284486897475E+02  0.62771751541623E+02  0.45632245549716E+03  0.16768644432149E+04  0.15262174096202E+04  0.17126173486017E+04  0.50208036131886E+02  0.27478794940946E+03  0.27830397834641E+03  0.34689441334083E+03 -0.26919907275949E+03 -0.94779260511426E+02 -0.47953523332086E+02 -0.70866305484327E+04 -0.63358084788282E+04  0.00000000000000E+00  0.00000000000000E+00  0.00000000000000E+00  0.35966873664522E+04  0.28320739502706E+04  0.00000000000000E+00  0.00000000000000E+00  0.00000000000000E+00  0.11735999642839E+04 -0.26258669796662E+04 -0.14431991367681E+04
  -0.21021039319202E+06  0.62254776496389E+05 -0.66616689342943E+04 -0.28481431721309E+05  0.61974669372244E+04 -0.70735918628756E+03 -0.29723822629542E+04 -0.20301635140917E+05  0.33108885398651E+04  0.11773634010195E+04 -0.13650175990414E+03 -0.56319187449056E+02 -0.11207026027117E+02  0.61258150071824E-01  0.64132733011899E+03 -0.13770504856223E+03  0.68467880529849E+03  0.52208601481268E+03 -0.31013651625012E+06  0.28561225788984E+04  0.13109342981173E+04  0.64708176197142E+03  0.11183532545520E+04  0.15262174096202E+04  0.14619566580378E+05  0.66225618078390E+04  0.17859570417432E+03  0.56195798675951E+03  0.28604450186023E+04  0.15754369237774E+04  0.26716084644039E+03  0.10219103579480E+03  0.67280575468305E+00  0.46456445914871E+05  0.45630332996919E+05  0.00000000000000E+00  0.00000000000000E+00  0.00000000000000E+00  0.17904308014990E+05  0.14483469436699E+05  0.00000000000000E+00  0.00000000000000E+00  0.00000000000000E+00 -0.23478324507347E+04  0.19578481999123E+04  0.11915007979217E+04
  -0.78178716516822E+05  0.32639115476843E+05 -0.24974032929254E+04 -0.66807311438511E+04  0.17873387955742E+04  0.82264757786633E+03 -0.19716264224803E+03  0.43132002174976E+04 -0.93700694214064E+03 -0.11263673397837E+03  0.27503073164718E+02  0.34877861792610E+02  0.55451683333219E+01 -0.20102767907275E-01  0.55527116591779E+02 -0.27683459057857E+02 -0.98787844617473E+02 -0.14556360704091E+02 -0.16739813396042E+06  0.90444811777817E+03  0.54883322356582E+03  0.32646508003961E+03  0.94606306126314E+03  0.17126173486017E+04  0.66225618078390E+04  0.54053073505759E+04  0.11189854574295E+03  0.36373710195547E+03  0.11235745143630E+04  0.10254660404073E+04 -0.26237621032467E+03 -0.70512598791411E+02  0.13187982771097E+02  0.13596113146110E+05  0.11072511304582E+05  0.00000000000000E+00  0.00000000000000E+00  0.00000000000000E+00  0.86377571055217E+04  0.70985520338440E+04  0.00000000000000E+00  0.00000000000000E+00  0.00000000000000E+00  0.38298352073008E+03 -0.19812253691746E+03 -0.10291695861548E+03
  -0.25409247045259E+04  0.98190047186678E+03 -0.82651118628303E+02 -0.32101832355392E+03  0.11912498218410E+03  0.10429892093339E+03  0.95663952107241E+01  0.89675032753512E+03 -0.21739634849903E+03 -0.23614213028335E+02  0.54260541281696E+01 -0.36924932325808E+01 -0.51180823323468E+00  0.91488850227552E-02  0.17152769287668E+01 -0.19509088873932E+01 -0.10034573090890E+02 -0.14137786934667E+01 -0.92197558819167E+04  0.57530857749779E+02  0.38514000843894E+02  0.22777985239787E+02  0.22185174862910E+02  0.50208036131886E+02  0.17859570417432E+03  0.11189854574295E+03  0.11035512137864E+02  0.53701538705847E+02  0.89766024472767E+02  0.80688935070681E+02  0.00000000000000E+00 -0.63190206965980E+01  0.00000000000000E+00  0.00000000000000E+00  0.53352089601080E+03  0.00000000000000E+00  0.00000000000000E+00  0.00000000000000E+00  0.00000000000000E+00  0.64475710259716E+03  0.00000000000000E+00  0.00000000000000E+00  0.00000000000000E+00 -0.11302447442484E+03  0.00000000000000E+00 -0.64951391036944E+02
  -0.57187418191534E+04  0.30366512750891E+04 -0.20265483313941E+03  0.65580875340384E+03  0.27557778108772E+03  0.93894821207819E+03  0.37167312265231E+03  0.11554207610834E+05 -0.28586033545049E+04 -0.31944820402735E+03  0.68987492900710E+02 -0.53550617382268E+02 -0.59752956822437E+01  0.12508888639560E+00 -0.19875278350115E+02 -0.10997035608467E+02 -0.91222435433014E+02 -0.15966172124250E+02 -0.30146519415756E+05 -0.19140790080350E+02  0.84654397532475E+02  0.64739222449693E+02  0.87320234952586E+02  0.27478794940946E+03  0.56195798675951E+03  0.36373710195547E+03  0.53701538705847E+02  0.35941113104409E+03  0.22607371925216E+03  0.30445373868024E+03  0.00000000000000E+00 -0.56008670660511E+02  0.00000000000000E+00  0.00000000000000E+00 -0.26504033405659E+04  0.00000000000000E+00  0.00000000000000E+00  0.00000000000000E+00  0.00000000000000E+00  0.23260418982406E+04  0.00000000000000E+00  0.00000000000000E+00  0.00000000000000E+00 -0.11090212781963E+04  0.00000000000000E+00 -0.99309954233366E+03
  -0.54228499433526E+05  0.14865612784821E+05 -0.17171727902676E+04 -0.16379401190189E+05  0.33912483382536E+04 -0.88267497742360E+03 -0.19544876187704E+04 -0.95013126297643E+04  0.15917180805202E+04  0.53386543312784E+03 -0.63481137494413E+02  0.45752483655166E+01  0.21028993465486E+01 -0.43781876757041E-01  0.27231851953994E+03 -0.56737552154541E+02  0.32594923290705E+03  0.24209560994640E+03 -0.13764890582340E+06  0.15863993259360E+04  0.72826686626675E+03  0.35277557276126E+03  0.19519484500804E+03  0.27830397834641E+03  0.28604450186023E+04  0.11235745143630E+04  0.89766024472767E+02  0.22607371925216E+03  0.22202236845070E+04  0.83017162220137E+03  0.00000000000000E+00  0.94243372752610E+02  0.00000000000000E+00  0.00000000000000E+00  0.29571119226067E+05  0.00000000000000E+00  0.00000000000000E+00  0.00000000000000E+00  0.00000000000000E+00  0.83274954715082E+04  0.00000000000000E+00  0.00000000000000E+00  0.00000000000000E+00  0.31476899038226E+04  0.00000000000000E+00  0.86845729464408E+03
  -0.24272059465395E+05  0.88619241322792E+04 -0.77598935342961E+03 -0.41621400267655E+04  0.11110269916409E+04  0.40337130392784E+03 -0.20253580533346E+03  0.13251386698432E+04 -0.34374801669549E+03 -0.11757522470741E+02  0.79706698524156E+01 -0.48087884137352E+01 -0.10553887978774E+01  0.40259380761366E-02  0.39318225047679E+02 -0.14112639828863E+02 -0.19223244065515E+02  0.91620555930769E+01 -0.81750980011906E+05  0.66541663829070E+03  0.37534355731523E+03  0.21220922644484E+03  0.18640594970473E+03  0.34689441334083E+03  0.15754369237774E+04  0.10254660404073E+04  0.80688935070681E+02  0.30445373868024E+03  0.83017162220137E+03  0.67832758184774E+03  0.00000000000000E+00 -0.30334453253878E+02  0.00000000000000E+00  0.00000000000000E+00  0.83394273514721E+04  0.00000000000000E+00  0.00000000000000E+00  0.00000000000000E+00  0.00000000000000E+00  0.52607011984102E+04  0.00000000000000E+00  0.00000000000000E+00  0.00000000000000E+00 -0.27920710887962E+03  0.00000000000000E+00 -0.23362628224769E+02
  -0.13270313370589E+06  0.16896874509849E+05 -0.40217807618838E+04 -0.12687826093633E+05  0.19428000445227E+04 -0.23142341305473E+04 -0.21256430373014E+04 -0.58115202767204E+05  0.10561427100561E+05  0.24654717387528E+04 -0.38707823803252E+03 -0.83094113976471E+03 -0.11792999218395E+03  0.56801552480175E-01 -0.30869784758782E+04  0.60935824999064E+03 -0.39308232222131E+04 -0.27132344769414E+04 -0.27970401369764E+05  0.00000000000000E+00  0.00000000000000E+00  0.00000000000000E+00 -0.71192879400825E+02 -0.26919907275949E+03  0.26716084644039E+03 -0.26237621032467E+03  0.00000000000000E+00  0.00000000000000E+00  0.00000000000000E+00  0.00000000000000E+00  0.11629342255053E+06  0.00000000000000E+00  0.00000000000000E+00  0.00000000000000E+00  0.00000000000000E+00  0.00000000000000E+00  0.00000000000000E+00  0.00000000000000E+00  0.00000000000000E+00  0.00000000000000E+00  0.00000000000000E+00  0.00000000000000E+00  0.00000000000000E+00  0.00000000000000E+00  0.00000000000000E+00  0.00000000000000E+00
  -0.56468584830660E+05  0.83589917595945E+04 -0.17084241741351E+04 -0.21213019426292E+05  0.33024487945763E+04 -0.36101142300603E+04 -0.33832332409484E+04 -0.46840384771088E+05  0.10112683714920E+05  0.16987907153372E+04 -0.29351579702158E+03 -0.62585980389618E-11  0.86496741750260E-12  0.27444876575085E-12 -0.20147819322344E+04  0.38327239159177E+03 -0.24964337472801E+04 -0.16908190407025E+04 -0.62355904667434E+05  0.25847245182106E+04  0.66993788132671E+03  0.19555465530696E+03 -0.21415573584182E+02 -0.94779260511426E+02  0.10219103579480E+03 -0.70512598791411E+02 -0.63190206965980E+01 -0.56008670660511E+02  0.94243372752610E+02 -0.30334453253878E+02  0.00000000000000E+00  0.64520066052244E+05  0.00000000000000E+00  0.00000000000000E+00  0.00000000000000E+00  0.00000000000000E+00  0.00000000000000E+00  0.00000000000000E+00  0.00000000000000E+00  0.00000000000000E+00  0.00000000000000E+00  0.00000000000000E+00  0.00000000000000E+00  0.00000000000000E+00  0.00000000000000E+00  0.00000000000000E+00
  -0.52542099723458E+04 -0.18608285956447E+03  0.83552944083276E+01 -0.12117158758393E+03 -0.53984120695276E+02  0.10177546373233E+03  0.10985117281525E+03 -0.72309814358487E+05  0.25325354905468E+05  0.73515644098516E+03 -0.32103940065790E+03 -0.51334293900266E+03 -0.20271367886464E+02 -0.47357484675964E+01 -0.25094695533626E+04  0.29969424374155E+03 -0.30767803306058E+04 -0.15399541814038E+04  0.88930751051163E+03  0.00000000000000E+00  0.00000000000000E+00  0.00000000000000E+00  0.25489841280346E+01 -0.47953523332086E+02  0.67280575468305E+00  0.13187982771097E+02  0.00000000000000E+00  0.00000000000000E+00  0.00000000000000E+00  0.00000000000000E+00  0.00000000000000E+00  0.00000000000000E+00  0.30709659987796E+05  0.00000000000000E+00  0.00000000000000E+00  0.00000000000000E+00  0.00000000000000E+00  0.00000000000000E+00  0.00000000000000E+00  0.00000000000000E+00  0.00000000000000E+00  0.00000000000000E+00  0.00000000000000E+00  0.00000000000000E+00  0.00000000000000E+00  0.00000000000000E+00
  -0.85305638069158E+06  0.20033085093804E+06 -0.26252704300609E+05 -0.65052207552628E+05  0.11377764104696E+05 -0.77287952238435E+04 -0.88318312141767E+04 -0.28701145573198E+06  0.66101670918772E+05  0.10068666782057E+05 -0.17530969936203E+04 -0.38888086563467E+04 -0.44185539417134E+03 -0.45386890066243E+00  0.18373006177308E+04 -0.10214633873980E+03  0.27494221443657E+04  0.12016565353530E+04 -0.43253705834662E+06  0.00000000000000E+00  0.00000000000000E+00  0.00000000000000E+00  0.94698481753312E+03 -0.70866305484327E+04  0.46456445914871E+05  0.13596113146110E+05  0.00000000000000E+00  0.00000000000000E+00  0.00000000000000E+00  0.00000000000000E+00  0.00000000000000E+00  0.00000000000000E+00  0.00000000000000E+00  0.58314547870269E+06  0.00000000000000E+00  0.00000000000000E+00  0.00000000000000E+00  0.00000000000000E+00  0.00000000000000E+00  0.00000000000000E+00  0.00000000000000E+00  0.00000000000000E+00  0.00000000000000E+00  0.00000000000000E+00  0.00000000000000E+00  0.00000000000000E+00
  -0.11039376719525E+07  0.25294922558788E+06 -0.34167801896722E+05 -0.33613349960015E+06  0.60215123295081E+05 -0.37547680103654E+05 -0.45871743406505E+05 -0.54962699422330E+06  0.12248590767879E+06  0.20462926925242E+05 -0.33964886533000E+04  0.46125616422670E-09 -0.10322099991170E-10  0.89722511475134E-12  0.42118500675001E+04 -0.42165682929572E+03  0.63916435545605E+04  0.33593379819017E+04 -0.21202613052111E+07  0.40611096042275E+05  0.15036830464286E+05  0.64401698099701E+04  0.68276290704562E+03 -0.63358084788282E+04  0.45630332996919E+05  0.11072511304582E+05  0.53352089601080E+03 -0.26504033405659E+04  0.29571119226067E+05  0.83394273514721E+04  0.00000000000000E+00  0.00000000000000E+00  0.00000000000000E+00  0.00000000000000E+00  0.91853443205423E+06  0.00000000000000E+00  0.00000000000000E+00  0.00000000000000E+00  0.00000000000000E+00  0.00000000000000E+00  0.00000000000000E+00  0.00000000000000E+00  0.00000000000000E+00  0.00000000000000E+00  0.00000000000000E+00  0.00000000000000E+00
