# fitpack15: fit parameters                                                                         
# CJ15 AV18 final data choices                                                                      
# Created on 06/28/2019 at 22:58:11                                                                 

 # QCD setup
  INS                           0
  NVL                          11
  IORD                          1
  Q02                   1.6899999999999999     
  IPARAMC                       7
  FLAVOR                4.0000000000000000     
  xmc                   1.3000000000000000     
  xmb                   4.5000000000000000     
  ncb                          12
  ihq                           1
  ias                           0

 # Theory corrections
  inuke                     10114
  itmc                          1
  iht                           1

 # fit parameters
 LAMBDA       0.22680        0.0000    
 a0uv          2.2867        0.0000    
 a1uv         0.60179       0.20343E-01
 a2uv          3.5354       0.11721E-01
 a3uv          0.0000        0.0000    
 a4uv          3.6287       0.45454    
 a5uv          0.0000        0.0000    
 a0dv          18.584        0.0000    
 a1dv          1.0971       0.31256E-01
 a2dv          6.0731       0.99480E-01
 a3dv         -3.3164       0.80738E-01
 a4dv          4.4046       0.13380    
 a5dv          0.0000        0.0000    
 a0ud         0.14636       0.49952E-02
 a1ud        -0.20775       0.37262E-02
 a2ud          8.2087       0.18710    
 a3ud          0.0000        0.0000    
 a4ud          13.974        1.2068    
 a5ud          0.0000        0.0000    
 a0du          35712.        0.0000    
 a1du          4.0651       0.88239E-01
 a2du          20.270       0.93881    
 a3du          17.000        0.0000    
 a4du          54.217        12.489    
 a0g           44.216        0.0000    
 a1g          0.59879       0.30814E-01
 a2g           6.2610       0.95755    
 a3g          -3.3180       0.13166    
 a4g           3.1912       0.31040    
 a5g           0.0000        0.0000    
 kappa        0.40000        0.0000    
 a6dv          0.0000        0.0000    
 a7dv          0.0000        0.0000    
 off1         -1.9204        4.9906    
 off2         0.24549       0.66434    
 off3         0.29869       0.61245    
 off4         -1.0478        3.7852    
 ht1          -3.3695       0.29070    
 ht2           2.0155       0.12037    
 ht3          -2.1001       0.30393E-01
 ht4           0.0000        0.0000    
 dummy42       0.0000        0.0000    
 dummy43       0.0000        0.0000    
 dummy44       0.0000        0.0000    
 dummy45       0.0000        0.0000    
 dummy46       0.0000        0.0000    
 dummy47       0.0000        0.0000    
 dummy48       0.0000        0.0000    
 dummy49       0.0000        0.0000    
 bcdmsh2      0.96887       0.48455E-02
 bcdmsd2      0.99037       0.58351E-02
 ccfr          1.0000        0.0000    
 nutev         1.0000        0.0000    
 zeus         0.97998        0.0000    
 h1            1.0162        0.0000    
 e605          1.0319        0.0000    
 NmcH2         1.0052       0.70914E-02
 ntv_nu        1.0000        0.0000    
 ntv_nuba      1.0000        0.0000    
 cdf_jet      0.98910        0.0000    
 d0_jet       0.83504        0.0000    
 slac_p        1.0021       0.48690E-02
 slac_d        1.0025       0.53352E-02
 e866pp       0.96483       0.19197E-01
 e866pd       0.95376       0.17640E-01
 d0_gamje      1.0385       0.16502E-01
 h1b          0.97608        0.0000    
 jlab_p       0.99366       0.58413E-02
 jlab_d       0.97728       0.60122E-02
 blank         1.0000        0.0000    
 d0run2       0.94825       0.14801E-01
 cdfrun2      0.93447       0.17579E-01
 HERA_el       1.0000        0.0000    
 HERA_ps       1.0000        0.0000    
 CDF_Z        0.95753       0.66958E-02
 NmcRat        1.0000        0.0000    
 BNS_F2nd     0.97982       0.74291E-02
 HERMES_F     0.99479       0.56089E-02
 HERMES_F     0.97792       0.58511E-02
 END 0. 0.

 # Hessian matrix (Bevington alpha)
   0.48858307218465E+07 -0.12687504717851E+07  0.22444812499001E+06  0.45346855561622E+06 -0.14508393449718E+06  0.10626921839460E+05  0.73802356925826E+05  0.93246582805100E+06 -0.17939084615003E+06 -0.49763526268995E+05  0.78424610784891E+04  0.14826852254530E+05  0.16712950028636E+04 -0.10559178230892E+03  0.77064381929403E+04 -0.20399983911234E+04  0.10795407234075E+05  0.78888769514643E+04 -0.48095241317266E+04 -0.28122777976756E+05 -0.37970941463898E+05 -0.57214749712166E+04 -0.18902562822955E+05 -0.10083948048143E+05 -0.21831358548490E+06 -0.12877335399760E+06 -0.53997518698260E+05 -0.46491374699025E+04 -0.84721849669445E+06 -0.10804360841550E+07 -0.20690256238697E+05 -0.46958072126399E+05 -0.31004347055240E+04 -0.19924984321489E+06 -0.21950181265249E+06 -0.87373719802229E+04 -0.30934138196729E+04 -0.16650918247658E+05  0.16998952249006E+05 -0.72110868883648E+05 -0.56431453059851E+05
  -0.12687504717851E+07  0.40234239277058E+06 -0.60199133553077E+05 -0.12496910476586E+06  0.41651797291931E+05 -0.13325581085350E+04 -0.18113933559270E+05 -0.12453534688666E+06  0.27005726413368E+05  0.76895015550960E+04 -0.99187816266591E+03 -0.11697471659612E+04 -0.13729622752801E+03  0.12775987562709E+02  0.94500676514040E+03 -0.91445829688564E+02  0.42624942829026E+03  0.24841592088338E+03  0.17696698030610E+04  0.10294417103677E+05  0.12956521304344E+05  0.20690247171488E+04  0.84609727702536E+04  0.93522126973938E+04  0.64441330100999E+05  0.16664022556043E+05  0.81650430090525E+04 -0.23604145597158E+03  0.20906501383404E+06  0.25946454865812E+06  0.57626667303589E+04  0.13255445198482E+05  0.41766709359835E+03  0.63130005606388E+05  0.69174418901996E+05  0.23359887465388E+04  0.74208994098339E+03 -0.22070749334649E+04 -0.23019569726342E+04  0.86019578711193E+04  0.71679621643526E+04
   0.22444812499001E+06 -0.60199133553077E+05  0.10422038366184E+05  0.20974462492465E+05 -0.68581191100031E+04  0.31354922114649E+03  0.33787039805361E+04  0.31700103218274E+05 -0.59565654755192E+04 -0.19907880877219E+04  0.27120916306657E+03  0.45334298916373E+03  0.58940640678956E+02 -0.46216225358256E+01 -0.40390292219746E+03 -0.11704386447918E+00 -0.20952104869477E+03 -0.35714633489128E+02 -0.22999253430084E+03 -0.13692516536585E+04 -0.18220447180730E+04 -0.27288284467635E+03 -0.96442171582116E+03 -0.72290672767060E+03 -0.10291729442460E+05 -0.54326685628344E+04 -0.22925159170511E+04  0.45328577414667E+02 -0.37947630017144E+05 -0.48629161805578E+05 -0.97008718176031E+03 -0.22126256300458E+04 -0.11548952481227E+03 -0.95613898482574E+04 -0.10520683223795E+05 -0.40239987718266E+03 -0.14020414232401E+03  0.46910068138801E+00  0.72294458085082E+03 -0.25332289946039E+04 -0.20364357608641E+04
   0.45346855561622E+06 -0.12496910476586E+06  0.20974462492465E+05  0.39517791410619E+06 -0.67768387057861E+05  0.83218333752242E+05  0.68712191990144E+05  0.35448542768168E+06 -0.27292096745612E+05 -0.18615476845657E+05  0.35343698438567E+04 -0.14388512386931E+04 -0.15574911627135E+03  0.54779366012697E+02  0.31722735155898E+05 -0.39530224889932E+04  0.28708058259947E+05  0.16180188836879E+05 -0.87601917851256E+03 -0.58514531512616E+04 -0.86585423717523E+04 -0.10361303500176E+04 -0.14003210479220E+04  0.21370026336014E+04 -0.38127623651958E+05 -0.12888161985709E+05 -0.21256799114881E+05 -0.11981749653186E+03 -0.65292666744127E+05 -0.33791712477115E+06 -0.13399162798293E+04 -0.24452568238066E+04 -0.67848262052546E+02 -0.11607364824449E+05 -0.51615349950330E+05 -0.23826906066795E+04 -0.93405253674670E+03 -0.10425175642509E+05 -0.15919561970276E+05 -0.73550945972696E+04 -0.21720599384752E+05
  -0.14508393449718E+06  0.41651797291931E+05 -0.68581191100031E+04 -0.67768387057861E+05  0.14769189586277E+05 -0.10253174386590E+05 -0.11420501859824E+05 -0.34456341398519E+05  0.49585755523388E+03  0.25808816274966E+04 -0.37485539937923E+03 -0.41821927396539E+02  0.41714678538371E+01 -0.50053980213299E+01 -0.27842676218236E+04  0.35297761029056E+03 -0.24624392957335E+04 -0.14064561633100E+04  0.28134849353633E+03  0.19650676285550E+04  0.26008652353024E+04  0.33085484168882E+03  0.80503633686028E+03  0.64906017374044E+03  0.99507706637452E+04  0.20622093456244E+04  0.35404168244476E+04 -0.57134610663688E+02  0.13543735518969E+05  0.70816358510470E+05  0.37871646833115E+03  0.67051737606581E+03  0.90356319889978E+01  0.35739487141346E+04  0.15689760250606E+05  0.53217087420575E+03  0.19291665001727E+03  0.32934112113571E+03  0.25803501042743E+04  0.87638558941987E+03  0.26979661816388E+04
   0.10626921839460E+05 -0.13325581085350E+04  0.31354922114649E+03  0.83218333752242E+05 -0.10253174386590E+05  0.23230629370279E+05  0.15224866308121E+05  0.10122033448364E+06 -0.84931513317132E+04 -0.46863125606237E+04  0.10036784766078E+04 -0.60779880898681E+03 -0.59956789995825E+02  0.17379924000251E+02  0.91354112150619E+04 -0.11677613710391E+04  0.83791843190758E+04  0.47900098795781E+04 -0.25565903280824E+02 -0.86777460385246E+02 -0.47489078624479E+03 -0.26981492729450E+02  0.41071049514068E+03  0.18438090009302E+04 -0.35280982633114E+04 -0.29798555669269E+04 -0.46371888995779E+04  0.13576931004717E+03 -0.11014476236848E+05 -0.54716797252470E+05 -0.83026808965466E+02 -0.17665327500800E+03 -0.18304166407947E+02 -0.41500480955294E+03 -0.20421809890883E+04 -0.35598303482239E+03 -0.16145911630967E+03 -0.29136622091150E+04 -0.36920728714429E+04 -0.18566793275975E+04 -0.53723357578423E+04
   0.73802356925826E+05 -0.18113933559270E+05  0.33787039805361E+04  0.68712191990144E+05 -0.11420501859824E+05  0.15224866308121E+05  0.12398965668512E+05  0.57093666757482E+05 -0.27582190588788E+04 -0.33490743554155E+04  0.59558570892691E+03 -0.18253176379826E+03 -0.23759595779141E+02  0.92101649829185E+01  0.47701554073521E+04 -0.61958693469871E+03  0.42630987262246E+04  0.24685644928358E+04 -0.11067468755532E+03 -0.83894612018368E+03 -0.12976792848563E+04 -0.12820939266143E+03 -0.52145946893807E+02  0.75152344552962E+03 -0.59829443403962E+04 -0.25463832020951E+04 -0.40443956368450E+04  0.12484668082583E+03 -0.11323662976596E+05 -0.58881391389396E+05 -0.21359537251374E+03 -0.37795101200196E+03 -0.12669466229129E+02 -0.15748740845076E+04 -0.70950016557314E+04 -0.41519875129699E+03 -0.16818392760040E+03 -0.12227928535133E+04 -0.32619730911429E+04 -0.11614541553467E+04 -0.34716459119381E+04
   0.93246582805100E+06 -0.12453534688666E+06  0.31700103218274E+05  0.35448542768168E+06 -0.34456341398519E+05  0.10122033448364E+06  0.57093666757482E+05  0.49409232594837E+07 -0.22981087855825E+07 -0.85109570163359E+05  0.26370307674924E+05  0.25173998383785E+05  0.17019821286314E+04  0.90008588226683E+02  0.81047895432738E+05 -0.10620239425266E+05  0.85075216313690E+05  0.46155827822750E+05 -0.86528117188217E+03  0.75521332568916E+04  0.29181106372248E+04 -0.13397841229925E+04  0.61945774157878E+04  0.31955499644945E+05 -0.28097321875357E+05 -0.61346602815407E+05 -0.48921784568218E+05 -0.66874015112054E+05 -0.28519367476353E+06 -0.56354659511783E+06 -0.72585271784876E+05 -0.16336919225945E+06 -0.13196593348043E+04 -0.60710718217687E+04 -0.11847409076336E+05  0.31083807900510E+03  0.28013980944235E+03 -0.26244678841681E+06 -0.86701203383550E+04 -0.13753141179076E+06 -0.17016067487908E+06
  -0.17939084615003E+06  0.27005726413368E+05 -0.59565654755192E+04 -0.27292096745612E+05  0.49585755523388E+03 -0.84931513317132E+04 -0.27582190588788E+04 -0.22981087855825E+07  0.19204025373174E+07  0.18870047241904E+05 -0.66050121090420E+04 -0.54034346772344E+04 -0.30007523963119E+03 -0.11712241351170E+02  0.51243934436935E+05 -0.25584836687032E+04  0.18421737878213E+05  0.90896777796394E+04  0.26269082635502E+03 -0.28011747576478E+04 -0.16659776028591E+04  0.42841994497455E+03 -0.15063078366550E+04 -0.80084734312290E+04  0.44954074708153E+04  0.11531479119638E+05  0.10826198450610E+05  0.24124840084729E+05  0.66205182004330E+05  0.12659363810637E+06  0.23063931018533E+05  0.52019235853440E+05  0.17322337904568E+03  0.66749722312400E+03  0.13366170381651E+04 -0.12805386680839E+04 -0.70636225540356E+03  0.11168361198783E+06  0.15931003938580E+04  0.44282762496138E+05  0.54258964411735E+05
  -0.49763526268995E+05  0.76895015550960E+04 -0.19907880877219E+04 -0.18615476845657E+05  0.25808816274966E+04 -0.46863125606237E+04 -0.33490743554155E+04 -0.85109570163359E+05  0.18870047241904E+05  0.26621674006496E+04 -0.65910830052755E+03 -0.65092032733707E+03 -0.57662345534478E+02 -0.17116626192928E+01 -0.40227594701236E+04  0.50317040843361E+03 -0.36836939746294E+04 -0.20920567287615E+04  0.28463923370286E+02 -0.24854363571868E+02  0.15261743999307E+03  0.38385580904330E+02 -0.17935495180126E+03 -0.96837132545047E+03  0.18294925670301E+04  0.27805845572425E+04  0.19139552495578E+04  0.72661435170961E+03  0.11166400198544E+05  0.23280145774193E+05  0.15413441421492E+04  0.33989703898763E+04  0.43046406353161E+02  0.61042080654064E+03  0.11522438145649E+04  0.12987426041699E+03  0.57634659306369E+02  0.30962494817751E+04  0.44468407413961E+03  0.28100705479571E+04  0.35617042129023E+04
   0.78424610784891E+04 -0.99187816266591E+03  0.27120916306657E+03  0.35343698438567E+04 -0.37485539937923E+03  0.10036784766078E+04  0.59558570892691E+03  0.26370307674924E+05 -0.66050121090420E+04 -0.65910830052755E+03  0.18983220963023E+03  0.19752059147664E+03  0.14509498285372E+02  0.67152652606391E+00  0.13026794579390E+04 -0.14803158926651E+03  0.11462367567259E+04  0.62683874202424E+03 -0.55997758063352E+01  0.42905637276216E+02  0.85232604724280E+01 -0.83672938241462E+01  0.46962389121018E+02  0.23746010578114E+03 -0.24024667805393E+03 -0.50991002511310E+03 -0.38139659442655E+03 -0.34769965311604E+03 -0.21787551565359E+04 -0.43619478242989E+04 -0.45641062824384E+03 -0.10272710002019E+04 -0.11451086854502E+02 -0.54599078153585E+02 -0.10635699266794E+03 -0.14547599942174E+02 -0.68433616329108E+01 -0.11853639009995E+04 -0.72025457415475E+02 -0.86195385461584E+03 -0.10748860107317E+04
   0.14826852254530E+05 -0.11697471659612E+04  0.45334298916373E+03 -0.14388512386931E+04 -0.41821927396539E+02 -0.60779880898681E+03 -0.18253176379826E+03  0.25173998383785E+05 -0.54034346772344E+04 -0.65092032733707E+03  0.19752059147664E+03  0.15690819878049E+04  0.10346128655840E+03 -0.11553345990069E+01  0.13927095806810E+04 -0.19730801968778E+03  0.15580641850928E+04  0.89536047103338E+03  0.70123659706255E+01 -0.12201499851478E+03 -0.91181766971863E+02  0.11164261778256E+02  0.45294880799400E+02  0.24946499727197E+03 -0.52059999453307E+02 -0.11098633146628E+04 -0.18590329572758E-10 -0.69989486539291E+03 -0.49103394015127E+04  0.70708866152901E-09 -0.23185452655677E+04 -0.70763796292102E+02 -0.77131013250339E+02 -0.20286212471449E+00  0.12664743702781E-10 -0.16841161010202E+01 -0.72351116818694E+00  0.26391572746671E+03  0.30316677691970E+03 -0.26673320235608E+04  0.62651804779661E-10
   0.16712950028636E+04 -0.13729622752801E+03  0.58940640678956E+02 -0.15574911627135E+03  0.41714678538371E+01 -0.59956789995825E+02 -0.23759595779141E+02  0.17019821286314E+04 -0.30007523963119E+03 -0.57662345534478E+02  0.14509498285372E+02  0.10346128655840E+03  0.93214730114881E+01 -0.16634355851339E+00  0.77576316213718E+02 -0.13260065856341E+02  0.94631919044874E+02  0.58969737459234E+02  0.95492879544474E-01 -0.56831023669160E+01 -0.40131473737324E+01  0.10887613969196E+00  0.58551974336916E+01  0.28336687645326E+02 -0.10538277973549E+02 -0.16308450681661E+03 -0.17873028067658E-11 -0.27280572135052E+02 -0.57733623858447E+03 -0.30281583418183E-10 -0.14529713910464E+03 -0.18589381807886E+02 -0.62258380072824E+01 -0.14618274442642E+00 -0.66397923855455E-12 -0.17758590031880E+00 -0.69121811190454E-01  0.27044644621427E+02  0.67843065829492E+02 -0.19212227530256E+03 -0.63111167705927E-12
  -0.10559178230892E+03  0.12775987562709E+02 -0.46216225358256E+01  0.54779366012697E+02 -0.50053980213299E+01  0.17379924000251E+02  0.92101649829185E+01  0.90008588226683E+02 -0.11712241351170E+02 -0.17116626192928E+01  0.67152652606391E+00 -0.11553345990069E+01 -0.16634355851339E+00  0.46977729204853E-01  0.13798779879802E+02 -0.10771749618226E+01  0.89351285098890E+01  0.42416574970754E+01  0.10764344848743E+00 -0.92317883829358E+00 -0.77703061306582E+00  0.19500167845797E+00 -0.58055959372311E-02  0.21385445954575E-02  0.12981476117000E-01  0.66694161494388E-01  0.75202829530190E-13 -0.57130598739716E+01 -0.68207848418427E+00  0.95061605912204E-12 -0.30235554654307E+01 -0.12258132500427E-04 -0.12956774159848E+00  0.28772156535539E-12 -0.16584672448228E-12 -0.15484515519562E-02 -0.85126500310567E-03 -0.16814906194301E+01  0.32589267358422E-04 -0.28669088857643E+01 -0.14478704909033E-12
   0.77064381929403E+04  0.94500676514040E+03 -0.40390292219746E+03  0.31722735155898E+05 -0.27842676218236E+04  0.91354112150619E+04  0.47701554073521E+04  0.81047895432738E+05  0.51243934436935E+05 -0.40227594701236E+04  0.13026794579390E+04  0.13927095806810E+04  0.77576316213718E+02  0.13798779879802E+02  0.49915580701625E+05 -0.47420723909199E+04  0.37179466577517E+05  0.19521345278393E+05  0.44848705672759E+00  0.11001919191443E+03  0.12135885980571E+03 -0.22216987591159E+01 -0.26594036783592E+02 -0.14961085714845E+03  0.69056280529538E+03 -0.28157327195413E+04 -0.18393856103586E+04 -0.24959540277614E+04  0.19509623073845E+04  0.42738092177539E+04 -0.15408213163545E+04 -0.30519253408181E+04 -0.72932420779514E+03  0.28855334105653E+03  0.51374646416290E+03 -0.29391227918107E+04 -0.15483162041898E+04 -0.22589304544628E+04  0.19403998251498E+03 -0.93278877856518E+03 -0.10498708257522E+04
  -0.20399983911234E+04 -0.91445829688564E+02 -0.11704386447918E+00 -0.39530224889932E+04  0.35297761029056E+03 -0.11677613710391E+04 -0.61958693469871E+03 -0.10620239425266E+05 -0.25584836687032E+04  0.50317040843361E+03 -0.14803158926651E+03 -0.19730801968778E+03 -0.13260065856341E+02 -0.10771749618226E+01 -0.47420723909199E+04  0.52576854828964E+03 -0.40438248852640E+04 -0.22081476055156E+04 -0.54821253956958E+00 -0.26146178271450E+02 -0.26604556570742E+02 -0.18844169948115E+00 -0.47096399606658E+01 -0.99074296230071E+01 -0.14663887193029E+03  0.53176015019669E+03  0.33244119087655E+03  0.29023067886609E+03 -0.14942183722170E+03 -0.47864948402943E+03  0.16343965614231E+03  0.32240208867802E+03  0.82262624169464E+02 -0.78381423692040E+02 -0.13787782638954E+03  0.46151057430085E+03  0.22564793047384E+03 -0.33895972299691E+03 -0.34933075561792E+02  0.26255032235322E+03  0.29461081267136E+03
   0.10795407234075E+05  0.42624942829026E+03 -0.20952104869477E+03  0.28708058259947E+05 -0.24624392957335E+04  0.83791843190758E+04  0.42630987262246E+04  0.85075216313690E+05  0.18421737878213E+05 -0.36836939746294E+04  0.11462367567259E+04  0.15580641850928E+04  0.94631919044874E+02  0.89351285098890E+01  0.37179466577517E+05 -0.40438248852640E+04  0.31682481643200E+05  0.17118236844616E+05 -0.59719062450402E+01  0.12349735154112E+03  0.13006277781438E+03 -0.11379926570562E+02 -0.73379220837693E+02 -0.24422397998886E+03  0.59412432755209E+03 -0.29276779443483E+04 -0.18731447496332E+04 -0.25655881476113E+04  0.21721498747821E+04  0.47659598878163E+04 -0.13211415870720E+04 -0.26300526740706E+04 -0.63882844377603E+03  0.10114210350397E+03  0.19546524771853E+03 -0.28094536190100E+04 -0.14990567326603E+04  0.15941906515025E+04  0.25292638456197E+03 -0.18104631531530E+04 -0.20116950455471E+04
   0.78888769514643E+04  0.24841592088338E+03 -0.35714633489128E+02  0.16180188836879E+05 -0.14064561633100E+04  0.47900098795781E+04  0.24685644928358E+04  0.46155827822750E+05  0.90896777796394E+04 -0.20920567287615E+04  0.62683874202424E+03  0.89536047103338E+03  0.58969737459234E+02  0.42416574970754E+01  0.19521345278393E+05 -0.22081476055156E+04  0.17118236844616E+05  0.93725399929558E+04 -0.21146073519268E+01  0.94232936768280E+02  0.96334484513018E+02 -0.49888172008559E+01 -0.24972534526534E+02 -0.74069322580789E+02  0.47053869459189E+03 -0.20462034953901E+04 -0.12765801789302E+04 -0.12901459409282E+04  0.99629990746364E+03  0.25860136693527E+04 -0.67389981916690E+03 -0.13421105511720E+04 -0.35321577604078E+03  0.13505649900082E+03  0.24853101032183E+03 -0.18192068541312E+04 -0.93118347575216E+03  0.16323866740905E+04  0.17396219593936E+03 -0.12415893833829E+04 -0.13814615338695E+04
  -0.48095241317266E+04  0.17696698030610E+04 -0.22999253430084E+03 -0.87601917851256E+03  0.28134849353633E+03 -0.25565903280824E+02 -0.11067468755532E+03 -0.86528117188217E+03  0.26269082635502E+03  0.28463923370286E+02 -0.55997758063352E+01  0.70123659706255E+01  0.95492879544474E-01  0.10764344848743E+00  0.44848705672759E+00 -0.54821253956958E+00 -0.59719062450402E+01 -0.21146073519268E+01  0.22107853515997E+02  0.98476620320825E+02  0.12519058151355E+03  0.26347915809407E+02  0.47097857196149E+02  0.49893368981210E+02  0.29766195673497E+03  0.00000000000000E+00  0.24976271780085E+02  0.00000000000000E+00  0.00000000000000E+00  0.21356593819421E+04  0.00000000000000E+00  0.00000000000000E+00  0.00000000000000E+00  0.00000000000000E+00  0.60719665693102E+03  0.00000000000000E+00  0.00000000000000E+00  0.00000000000000E+00 -0.15968629261660E+02  0.00000000000000E+00  0.11625132590600E+03
  -0.28122777976756E+05  0.10294417103677E+05 -0.13692516536585E+04 -0.58514531512616E+04  0.19650676285550E+04 -0.86777460385246E+02 -0.83894612018368E+03  0.75521332568916E+04 -0.28011747576478E+04 -0.24854363571868E+02  0.42905637276216E+02 -0.12201499851478E+03 -0.56831023669160E+01 -0.92317883829358E+00  0.11001919191443E+03 -0.26146178271450E+02  0.12349735154112E+03  0.94232936768280E+02  0.98476620320825E+02  0.81484649292886E+03  0.91805194714585E+03  0.10602333497843E+03  0.29566150678521E+03  0.43907861318419E+03  0.18591205188655E+04  0.00000000000000E+00 -0.21068465704703E+03  0.00000000000000E+00  0.00000000000000E+00  0.10605061317702E+05  0.00000000000000E+00  0.00000000000000E+00  0.00000000000000E+00  0.00000000000000E+00  0.39110957275307E+04  0.00000000000000E+00  0.00000000000000E+00  0.00000000000000E+00 -0.67951690235984E+02  0.00000000000000E+00 -0.75640369590911E+03
  -0.37970941463898E+05  0.12956521304344E+05 -0.18220447180730E+04 -0.86585423717523E+04  0.26008652353024E+04 -0.47489078624479E+03 -0.12976792848563E+04  0.29181106372248E+04 -0.16659776028591E+04  0.15261743999307E+03  0.85232604724280E+01 -0.91181766971863E+02 -0.40131473737324E+01 -0.77703061306582E+00  0.12135885980571E+03 -0.26604556570742E+02  0.13006277781438E+03  0.96334484513018E+02  0.12519058151355E+03  0.91805194714585E+03  0.10831098214594E+04  0.13906615138245E+03  0.33271826022564E+03  0.42188639185664E+03  0.24359588542006E+04  0.00000000000000E+00  0.13838283170893E+03  0.00000000000000E+00  0.00000000000000E+00  0.16607008719673E+05  0.00000000000000E+00  0.00000000000000E+00  0.00000000000000E+00  0.00000000000000E+00  0.48879756361273E+04  0.00000000000000E+00  0.00000000000000E+00  0.00000000000000E+00 -0.29454165355546E+03  0.00000000000000E+00 -0.21793781074355E+03
  -0.57214749712166E+04  0.20690247171488E+04 -0.27288284467635E+03 -0.10361303500176E+04  0.33085484168882E+03 -0.26981492729450E+02 -0.12820939266143E+03 -0.13397841229925E+04  0.42841994497455E+03  0.38385580904330E+02 -0.83672938241462E+01  0.11164261778256E+02  0.10887613969196E+00  0.19500167845797E+00 -0.22216987591159E+01 -0.18844169948115E+00 -0.11379926570562E+02 -0.49888172008559E+01  0.26347915809407E+02  0.10602333497843E+03  0.13906615138245E+03  0.31941547512831E+02  0.54446235682070E+02  0.56118846105385E+02  0.35322451389180E+03  0.00000000000000E+00  0.40686895251209E+02  0.00000000000000E+00  0.00000000000000E+00  0.25815778340392E+04  0.00000000000000E+00  0.00000000000000E+00  0.00000000000000E+00  0.00000000000000E+00  0.72544040228881E+03  0.00000000000000E+00  0.00000000000000E+00  0.00000000000000E+00 -0.20690021642800E+02  0.00000000000000E+00  0.17682375563945E+03
  -0.18902562822955E+05  0.84609727702536E+04 -0.96442171582116E+03 -0.14003210479220E+04  0.80503633686028E+03  0.41071049514068E+03 -0.52145946893807E+02  0.61945774157878E+04 -0.15063078366550E+04 -0.17935495180126E+03  0.46962389121018E+02  0.45294880799400E+02  0.58551974336916E+01 -0.58055959372311E-02 -0.26594036783592E+02 -0.47096399606658E+01 -0.73379220837693E+02 -0.24972534526534E+02  0.47097857196149E+02  0.29566150678521E+03  0.33271826022564E+03  0.54446235682070E+02  0.37229025633708E+03  0.64837800389593E+03  0.15783855068722E+04 -0.45729371555841E+02 -0.25931951367543E+02  0.35824953084826E+01  0.10147201516211E+04  0.71704754410535E+03  0.00000000000000E+00  0.00000000000000E+00  0.00000000000000E+00  0.23429382499853E+04  0.29075934871705E+04  0.00000000000000E+00  0.00000000000000E+00  0.00000000000000E+00 -0.25922531881889E+02 -0.32613472818131E+03 -0.33943425453969E+03
  -0.10083948048143E+05  0.93522126973938E+04 -0.72290672767060E+03  0.21370026336014E+04  0.64906017374044E+03  0.18438090009302E+04  0.75152344552962E+03  0.31955499644945E+05 -0.80084734312290E+04 -0.96837132545047E+03  0.23746010578114E+03  0.24946499727197E+03  0.28336687645326E+02  0.21385445954575E-02 -0.14961085714845E+03 -0.99074296230071E+01 -0.24422397998886E+03 -0.74069322580789E+02  0.49893368981210E+02  0.43907861318419E+03  0.42188639185664E+03  0.56118846105385E+02  0.64837800389593E+03  0.16109621620665E+04  0.15917770135827E+04 -0.14421198540521E+03 -0.96519055827363E+02 -0.31176882599005E+02 -0.51327096490936E+04 -0.91321571283337E+04  0.00000000000000E+00  0.00000000000000E+00  0.00000000000000E+00  0.33341560454467E+04  0.40282168007487E+04  0.00000000000000E+00  0.00000000000000E+00  0.00000000000000E+00 -0.39213743061624E+02 -0.18560458772684E+04 -0.19189756812099E+04
  -0.21831358548490E+06  0.64441330100999E+05 -0.10291729442460E+05 -0.38127623651958E+05  0.99507706637452E+04 -0.35280982633114E+04 -0.59829443403962E+04 -0.28097321875357E+05  0.44954074708153E+04  0.18294925670301E+04 -0.24024667805393E+03 -0.52059999453307E+02 -0.10538277973549E+02  0.12981476117000E-01  0.69056280529538E+03 -0.14663887193029E+03  0.59412432755209E+03  0.47053869459189E+03  0.29766195673497E+03  0.18591205188655E+04  0.24359588542006E+04  0.35322451389180E+03  0.15783855068722E+04  0.15917770135827E+04  0.15715195643437E+05  0.23971942652799E+03  0.12507359015783E+03 -0.54255460037364E+01  0.36726224810025E+05  0.59617055428207E+05  0.00000000000000E+00  0.00000000000000E+00  0.00000000000000E+00  0.15757235165837E+05  0.19842017231654E+05  0.00000000000000E+00  0.00000000000000E+00  0.00000000000000E+00 -0.79251378473433E+02  0.14875232775769E+04  0.15195828523771E+04
  -0.12877335399760E+06  0.16664022556043E+05 -0.54326685628344E+04 -0.12888161985709E+05  0.20622093456244E+04 -0.29798555669269E+04 -0.25463832020951E+04 -0.61346602815407E+05  0.11531479119638E+05  0.27805845572425E+04 -0.50991002511310E+03 -0.11098633146628E+04 -0.16308450681661E+03  0.66694161494388E-01 -0.28157327195413E+04  0.53176015019669E+03 -0.29276779443483E+04 -0.20462034953901E+04  0.00000000000000E+00  0.00000000000000E+00  0.00000000000000E+00  0.00000000000000E+00 -0.45729371555841E+02 -0.14421198540521E+03  0.23971942652799E+03  0.11723883259740E+06  0.00000000000000E+00  0.00000000000000E+00  0.00000000000000E+00  0.00000000000000E+00  0.00000000000000E+00  0.00000000000000E+00  0.00000000000000E+00  0.00000000000000E+00  0.00000000000000E+00  0.00000000000000E+00  0.00000000000000E+00  0.00000000000000E+00  0.00000000000000E+00  0.00000000000000E+00  0.00000000000000E+00
  -0.53997518698260E+05  0.81650430090525E+04 -0.22925159170511E+04 -0.21256799114881E+05  0.35404168244476E+04 -0.46371888995779E+04 -0.40443956368450E+04 -0.48921784568218E+05  0.10826198450610E+05  0.19139552495578E+04 -0.38139659442655E+03 -0.18590329572758E-10 -0.17873028067658E-11  0.75202829530190E-13 -0.18393856103586E+04  0.33244119087655E+03 -0.18731447496332E+04 -0.12765801789302E+04  0.24976271780085E+02 -0.21068465704703E+03  0.13838283170893E+03  0.40686895251209E+02 -0.25931951367543E+02 -0.96519055827363E+02  0.12507359015783E+03  0.00000000000000E+00  0.64950256144781E+05  0.00000000000000E+00  0.00000000000000E+00  0.00000000000000E+00  0.00000000000000E+00  0.00000000000000E+00  0.00000000000000E+00  0.00000000000000E+00  0.00000000000000E+00  0.00000000000000E+00  0.00000000000000E+00  0.00000000000000E+00  0.00000000000000E+00  0.00000000000000E+00  0.00000000000000E+00
  -0.46491374699025E+04 -0.23604145597158E+03  0.45328577414667E+02 -0.11981749653186E+03 -0.57134610663688E+02  0.13576931004717E+03  0.12484668082583E+03 -0.66874015112054E+05  0.24124840084729E+05  0.72661435170961E+03 -0.34769965311604E+03 -0.69989486539291E+03 -0.27280572135052E+02 -0.57130598739716E+01 -0.24959540277614E+04  0.29023067886609E+03 -0.25655881476113E+04 -0.12901459409282E+04  0.00000000000000E+00  0.00000000000000E+00  0.00000000000000E+00  0.00000000000000E+00  0.35824953084826E+01 -0.31176882599005E+02 -0.54255460037364E+01  0.00000000000000E+00  0.00000000000000E+00  0.30870813607267E+05  0.00000000000000E+00  0.00000000000000E+00  0.00000000000000E+00  0.00000000000000E+00  0.00000000000000E+00  0.00000000000000E+00  0.00000000000000E+00  0.00000000000000E+00  0.00000000000000E+00  0.00000000000000E+00  0.00000000000000E+00  0.00000000000000E+00  0.00000000000000E+00
  -0.84721849669445E+06  0.20906501383404E+06 -0.37947630017144E+05 -0.65292666744127E+05  0.13543735518969E+05 -0.11014476236848E+05 -0.11323662976596E+05 -0.28519367476353E+06  0.66205182004330E+05  0.11166400198544E+05 -0.21787551565359E+04 -0.49103394015127E+04 -0.57733623858447E+03 -0.68207848418427E+00  0.19509623073845E+04 -0.14942183722170E+03  0.21721498747821E+04  0.99629990746364E+03  0.00000000000000E+00  0.00000000000000E+00  0.00000000000000E+00  0.00000000000000E+00  0.10147201516211E+04 -0.51327096490936E+04  0.36726224810025E+05  0.00000000000000E+00  0.00000000000000E+00  0.00000000000000E+00  0.58057891904692E+06  0.00000000000000E+00  0.00000000000000E+00  0.00000000000000E+00  0.00000000000000E+00  0.00000000000000E+00  0.00000000000000E+00  0.00000000000000E+00  0.00000000000000E+00  0.00000000000000E+00  0.00000000000000E+00  0.00000000000000E+00  0.00000000000000E+00
  -0.10804360841550E+07  0.25946454865812E+06 -0.48629161805578E+05 -0.33791712477115E+06  0.70816358510470E+05 -0.54716797252470E+05 -0.58881391389396E+05 -0.56354659511783E+06  0.12659363810637E+06  0.23280145774193E+05 -0.43619478242989E+04  0.70708866152901E-09 -0.30281583418183E-10  0.95061605912204E-12  0.42738092177539E+04 -0.47864948402943E+03  0.47659598878163E+04  0.25860136693527E+04  0.21356593819421E+04  0.10605061317702E+05  0.16607008719673E+05  0.25815778340392E+04  0.71704754410535E+03 -0.91321571283337E+04  0.59617055428207E+05  0.00000000000000E+00  0.00000000000000E+00  0.00000000000000E+00  0.00000000000000E+00  0.92134132217350E+06  0.00000000000000E+00  0.00000000000000E+00  0.00000000000000E+00  0.00000000000000E+00  0.00000000000000E+00  0.00000000000000E+00  0.00000000000000E+00  0.00000000000000E+00  0.00000000000000E+00  0.00000000000000E+00  0.00000000000000E+00
  -0.20690256238697E+05  0.57626667303589E+04 -0.97008718176031E+03 -0.13399162798293E+04  0.37871646833115E+03 -0.83026808965466E+02 -0.21359537251374E+03 -0.72585271784876E+05  0.23063931018533E+05  0.15413441421492E+04 -0.45641062824384E+03 -0.23185452655677E+04 -0.14529713910464E+03 -0.30235554654307E+01 -0.15408213163545E+04  0.16343965614231E+03 -0.13211415870720E+04 -0.67389981916690E+03  0.00000000000000E+00  0.00000000000000E+00  0.00000000000000E+00  0.00000000000000E+00  0.00000000000000E+00  0.00000000000000E+00  0.00000000000000E+00  0.00000000000000E+00  0.00000000000000E+00  0.00000000000000E+00  0.00000000000000E+00  0.00000000000000E+00  0.14794742828994E+05  0.00000000000000E+00  0.00000000000000E+00  0.00000000000000E+00  0.00000000000000E+00  0.00000000000000E+00  0.00000000000000E+00  0.00000000000000E+00  0.00000000000000E+00  0.00000000000000E+00  0.00000000000000E+00
  -0.46958072126399E+05  0.13255445198482E+05 -0.22126256300458E+04 -0.24452568238066E+04  0.67051737606581E+03 -0.17665327500800E+03 -0.37795101200196E+03 -0.16336919225945E+06  0.52019235853440E+05  0.33989703898763E+04 -0.10272710002019E+04 -0.70763796292102E+02 -0.18589381807886E+02 -0.12258132500427E-04 -0.30519253408181E+04  0.32240208867802E+03 -0.26300526740706E+04 -0.13421105511720E+04  0.00000000000000E+00  0.00000000000000E+00  0.00000000000000E+00  0.00000000000000E+00  0.00000000000000E+00  0.00000000000000E+00  0.00000000000000E+00  0.00000000000000E+00  0.00000000000000E+00  0.00000000000000E+00  0.00000000000000E+00  0.00000000000000E+00  0.00000000000000E+00  0.32448366844543E+05  0.00000000000000E+00  0.00000000000000E+00  0.00000000000000E+00  0.00000000000000E+00  0.00000000000000E+00  0.00000000000000E+00  0.00000000000000E+00  0.00000000000000E+00  0.00000000000000E+00
  -0.31004347055240E+04  0.41766709359835E+03 -0.11548952481227E+03 -0.67848262052546E+02  0.90356319889978E+01 -0.18304166407947E+02 -0.12669466229129E+02 -0.13196593348043E+04  0.17322337904568E+03  0.43046406353161E+02 -0.11451086854502E+02 -0.77131013250339E+02 -0.62258380072824E+01 -0.12956774159848E+00 -0.72932420779514E+03  0.82262624169464E+02 -0.63882844377603E+03 -0.35321577604078E+03  0.00000000000000E+00  0.00000000000000E+00  0.00000000000000E+00  0.00000000000000E+00  0.00000000000000E+00  0.00000000000000E+00  0.00000000000000E+00  0.00000000000000E+00  0.00000000000000E+00  0.00000000000000E+00  0.00000000000000E+00  0.00000000000000E+00  0.00000000000000E+00  0.00000000000000E+00  0.37883585516431E+04  0.00000000000000E+00  0.00000000000000E+00  0.00000000000000E+00  0.00000000000000E+00  0.00000000000000E+00  0.00000000000000E+00  0.00000000000000E+00  0.00000000000000E+00
  -0.19924984321489E+06  0.63130005606388E+05 -0.95613898482574E+04 -0.11607364824449E+05  0.35739487141346E+04 -0.41500480955294E+03 -0.15748740845076E+04 -0.60710718217687E+04  0.66749722312400E+03  0.61042080654064E+03 -0.54599078153585E+02 -0.20286212471449E+00 -0.14618274442642E+00  0.28772156535539E-12  0.28855334105653E+03 -0.78381423692040E+02  0.10114210350397E+03  0.13505649900082E+03  0.00000000000000E+00  0.00000000000000E+00  0.00000000000000E+00  0.00000000000000E+00  0.23429382499853E+04  0.33341560454467E+04  0.15757235165837E+05  0.00000000000000E+00  0.00000000000000E+00  0.00000000000000E+00  0.00000000000000E+00  0.00000000000000E+00  0.00000000000000E+00  0.00000000000000E+00  0.00000000000000E+00  0.10565992849840E+06  0.00000000000000E+00  0.00000000000000E+00  0.00000000000000E+00  0.00000000000000E+00  0.00000000000000E+00  0.00000000000000E+00  0.00000000000000E+00
  -0.21950181265249E+06  0.69174418901996E+05 -0.10520683223795E+05 -0.51615349950330E+05  0.15689760250606E+05 -0.20421809890883E+04 -0.70950016557314E+04 -0.11847409076336E+05  0.13366170381651E+04  0.11522438145649E+04 -0.10635699266794E+03  0.12664743702781E-10 -0.66397923855455E-12 -0.16584672448228E-12  0.51374646416290E+03 -0.13787782638954E+03  0.19546524771853E+03  0.24853101032183E+03  0.60719665693102E+03  0.39110957275307E+04  0.48879756361273E+04  0.72544040228881E+03  0.29075934871705E+04  0.40282168007487E+04  0.19842017231654E+05  0.00000000000000E+00  0.00000000000000E+00  0.00000000000000E+00  0.00000000000000E+00  0.00000000000000E+00  0.00000000000000E+00  0.00000000000000E+00  0.00000000000000E+00  0.00000000000000E+00  0.13833404252060E+06  0.00000000000000E+00  0.00000000000000E+00  0.00000000000000E+00  0.00000000000000E+00  0.00000000000000E+00  0.00000000000000E+00
  -0.87373719802229E+04  0.23359887465388E+04 -0.40239987718266E+03 -0.23826906066795E+04  0.53217087420575E+03 -0.35598303482239E+03 -0.41519875129699E+03  0.31083807900510E+03 -0.12805386680839E+04  0.12987426041699E+03 -0.14547599942174E+02 -0.16841161010202E+01 -0.17758590031880E+00 -0.15484515519562E-02 -0.29391227918107E+04  0.46151057430085E+03 -0.28094536190100E+04 -0.18192068541312E+04  0.00000000000000E+00  0.00000000000000E+00  0.00000000000000E+00  0.00000000000000E+00  0.00000000000000E+00  0.00000000000000E+00  0.00000000000000E+00  0.00000000000000E+00  0.00000000000000E+00  0.00000000000000E+00  0.00000000000000E+00  0.00000000000000E+00  0.00000000000000E+00  0.00000000000000E+00  0.00000000000000E+00  0.00000000000000E+00  0.00000000000000E+00  0.81882858088714E+04  0.00000000000000E+00  0.00000000000000E+00  0.00000000000000E+00  0.00000000000000E+00  0.00000000000000E+00
  -0.30934138196729E+04  0.74208994098339E+03 -0.14020414232401E+03 -0.93405253674670E+03  0.19291665001727E+03 -0.16145911630967E+03 -0.16818392760040E+03  0.28013980944235E+03 -0.70636225540356E+03  0.57634659306369E+02 -0.68433616329108E+01 -0.72351116818694E+00 -0.69121811190454E-01 -0.85126500310567E-03 -0.15483162041898E+04  0.22564793047384E+03 -0.14990567326603E+04 -0.93118347575216E+03  0.00000000000000E+00  0.00000000000000E+00  0.00000000000000E+00  0.00000000000000E+00  0.00000000000000E+00  0.00000000000000E+00  0.00000000000000E+00  0.00000000000000E+00  0.00000000000000E+00  0.00000000000000E+00  0.00000000000000E+00  0.00000000000000E+00  0.00000000000000E+00  0.00000000000000E+00  0.00000000000000E+00  0.00000000000000E+00  0.00000000000000E+00  0.00000000000000E+00  0.41989630396006E+04  0.00000000000000E+00  0.00000000000000E+00  0.00000000000000E+00  0.00000000000000E+00
  -0.16650918247658E+05 -0.22070749334649E+04  0.46910068138801E+00 -0.10425175642509E+05  0.32934112113571E+03 -0.29136622091150E+04 -0.12227928535133E+04 -0.26244678841681E+06  0.11168361198783E+06  0.30962494817751E+04 -0.11853639009995E+04  0.26391572746671E+03  0.27044644621427E+02 -0.16814906194301E+01 -0.22589304544628E+04 -0.33895972299691E+03  0.15941906515025E+04  0.16323866740905E+04  0.00000000000000E+00  0.00000000000000E+00  0.00000000000000E+00  0.00000000000000E+00  0.00000000000000E+00  0.00000000000000E+00  0.00000000000000E+00  0.00000000000000E+00  0.00000000000000E+00  0.00000000000000E+00  0.00000000000000E+00  0.00000000000000E+00  0.00000000000000E+00  0.00000000000000E+00  0.00000000000000E+00  0.00000000000000E+00  0.00000000000000E+00  0.00000000000000E+00  0.00000000000000E+00  0.12597405818344E+06  0.00000000000000E+00  0.00000000000000E+00  0.00000000000000E+00
   0.16998952249006E+05 -0.23019569726342E+04  0.72294458085082E+03 -0.15919561970276E+05  0.25803501042743E+04 -0.36920728714429E+04 -0.32619730911429E+04 -0.86701203383550E+04  0.15931003938580E+04  0.44468407413961E+03 -0.72025457415475E+02  0.30316677691970E+03  0.67843065829492E+02  0.32589267358422E-04  0.19403998251498E+03 -0.34933075561792E+02  0.25292638456197E+03  0.17396219593936E+03 -0.15968629261660E+02 -0.67951690235984E+02 -0.29454165355546E+03 -0.20690021642800E+02 -0.25922531881889E+02 -0.39213743061624E+02 -0.79251378473433E+02  0.00000000000000E+00  0.00000000000000E+00  0.00000000000000E+00  0.00000000000000E+00  0.00000000000000E+00  0.00000000000000E+00  0.00000000000000E+00  0.00000000000000E+00  0.00000000000000E+00  0.00000000000000E+00  0.00000000000000E+00  0.00000000000000E+00  0.00000000000000E+00  0.39500034251975E+05  0.00000000000000E+00  0.00000000000000E+00
