# fitpack15: fit parameters                                                                         
# CJ15 AV18 final data choices                                                                      
# Created on 09/04/2019 at 17:42:11                                                                 

 # QCD setup
  INS                           0
  NVL                          11
  IORD                          1
  Q02                   1.6899999999999999     
  IPARAMC                       7
  FLAVOR                5.0000000000000000     
  xmc                   1.3000000000000000     
  xmb                   4.5000000000000000     
  ncb                          12
  ihq                           1
  ias                           0

 # Theory corrections
  inuke                     10114
  itmc                          1
  iht                           1

 # fit parameters
 LAMBDA       0.22680        0.0000    
 a0uv          1.9129        0.0000    
 a1uv         0.56313       0.23975E-01
 a2uv          3.5661       0.11224E-01
 a3uv          0.0000        0.0000    
 a4uv          4.6906       0.65012    
 a5uv          0.0000        0.0000    
 a0dv          24.027        0.0000    
 a1dv          1.1440       0.33630E-01
 a2dv          6.7294       0.17146    
 a3dv         -3.5777       0.90728E-01
 a4dv          4.9060       0.16365    
 a5dv          0.0000        0.0000    
 a0ud         0.13976       0.50291E-02
 a1ud        -0.21218       0.38934E-02
 a2ud          8.4950       0.18353    
 a3ud          0.0000        0.0000    
 a4ud          16.259        1.3569    
 a5ud          0.0000        0.0000    
 a0du          35712.        0.0000    
 a1du          4.0816       0.91849E-01
 a2du          20.190       0.95673    
 a3du          17.000        0.0000    
 a4du          57.482        14.275    
 a0g           44.646        0.0000    
 a1g          0.59699       0.29873E-01
 a2g           6.0165       0.83403    
 a3g          -3.3874       0.12309    
 a4g           3.2736       0.28925    
 a5g           0.0000        0.0000    
 kappa        0.40000        0.0000    
 a6dv        -0.50302E-02   0.84190E-03
 a7dv          2.0000        0.0000    
 off1          15.027        5.7730    
 off2         0.80580E-01   0.71163E-01
 off3         0.22957       0.86896E-01
 off4         0.70196       0.39769E-01
 ht1          -3.8408       0.33837    
 ht2           2.0885       0.12061    
 ht3          -2.0944       0.28247E-01
 ht4           0.0000        0.0000    
 dummy42       0.0000        0.0000    
 dummy43       0.0000        0.0000    
 dummy44       0.0000        0.0000    
 dummy45       0.0000        0.0000    
 dummy46       0.0000        0.0000    
 dummy47       0.0000        0.0000    
 dummy48       0.0000        0.0000    
 dummy49       0.0000        0.0000    
 bcdmsh2      0.96716       0.50742E-02
 bcdmsd2      0.98985       0.60631E-02
 ccfr          1.0000        0.0000    
 nutev         1.0000        0.0000    
 zeus         0.97998        0.0000    
 h1            1.0162        0.0000    
 e605          1.0319        0.0000    
 NmcH2         1.0054       0.72759E-02
 ntv_nu        1.0000        0.0000    
 ntv_nuba      1.0000        0.0000    
 cdf_jet      0.98910        0.0000    
 d0_jet       0.83504        0.0000    
 slac_p       0.99928       0.52616E-02
 slac_d        1.0013       0.57672E-02
 e866pp       0.97491       0.20111E-01
 e866pd       0.96223       0.18557E-01
 d0_gamje      1.0354       0.16507E-01
 h1b          0.97608        0.0000    
 blank         1.0000        0.0000    
 d0run2       0.95401       0.15145E-01
 cdfrun2      0.93856       0.17799E-01
 HERA_el       1.0000        0.0000    
 HERA_ps       1.0000        0.0000    
 CDF_Z        0.95533       0.70596E-02
 NmcRat        1.0000        0.0000    
 HERMES_Fp    0.99282       0.59215E-02
 HERMES_Fd    0.97706       0.61867E-02
 END 0. 0.

 # Hessian matrix (Bevington alpha)
   0.44628091876570E+07 -0.10956523605473E+07  0.16290703750404E+06  0.40408781653920E+06 -0.97512666228281E+05 -0.32244838314576E+05  0.38546156880748E+05  0.97525389152799E+06 -0.18000439573884E+06 -0.47357658970037E+05  0.69237306635731E+04  0.15358679813963E+05  0.16985517883458E+04 -0.99579152082752E+02  0.12815953188266E+05 -0.30228156741381E+04  0.14651134554083E+05  0.10688408696565E+05 -0.58846110901192E+07  0.76451125070042E+03 -0.29149609944387E+05 -0.64066396764660E+05  0.76059013996738E+05 -0.95296428355238E+04  0.26644940247095E+04 -0.17635628655100E+06 -0.13333372365499E+06 -0.56599419071258E+05 -0.53797083414552E+04 -0.87951141589344E+06 -0.11417006472297E+07 -0.21281322220695E+05 -0.48181834604159E+05 -0.32246585345324E+04 -0.90141530650179E+04 -0.31901472066142E+04 -0.18969529937879E+05 -0.75291274646504E+05 -0.59337000753348E+05
  -0.10956523605473E+07  0.33955025231958E+06 -0.40942179743515E+05 -0.10587055369993E+06  0.24852973306807E+05  0.10912740770172E+05 -0.69650933041336E+04 -0.11861827499099E+06  0.25359257233686E+05  0.65608056780163E+04 -0.79142816589624E+03 -0.11968537908842E+04 -0.13652057892669E+03  0.11915791409847E+02  0.25270126639644E+03  0.62000664709152E+02  0.10774036972264E+03 -0.46921809816883E+02  0.19770847713440E+07 -0.21344357500406E+03  0.81635201783929E+04  0.14759100225953E+05 -0.26373961415092E+05  0.51732237097002E+04  0.56284609277097E+04  0.49464958637813E+05  0.16827882821665E+05  0.83903760355566E+04 -0.19277794024500E+03  0.21274054275934E+06  0.26967540886072E+06  0.57998948884609E+04  0.13296347606085E+05  0.42196109317210E+03  0.23843918518347E+04  0.75678645432425E+03 -0.21684570021492E+04  0.87529749547104E+04  0.74163295847963E+04
   0.16290703750404E+06 -0.40942179743515E+05  0.59952593844149E+04  0.14476011174557E+05 -0.36009538766534E+04 -0.14239430464960E+04  0.13219095437703E+04  0.26715259492958E+05 -0.47916876910836E+04 -0.15239358132772E+04  0.19287116071925E+03  0.40916447455857E+03  0.51270397560327E+02 -0.36854513158030E+01 -0.17711088951498E+03 -0.34153222575409E+02 -0.85682192474037E+02  0.48914574121154E+02 -0.22073446497948E+06  0.28507480190692E+02 -0.11004109441458E+04 -0.23322876045610E+04  0.28470574136457E+04 -0.38563090889963E+03 -0.43146911282044E+02 -0.65367054648485E+04 -0.46147260573967E+04 -0.19637319541735E+04  0.16323267169734E+02 -0.31511788001141E+05 -0.41145690258657E+05 -0.79092844512900E+03 -0.17976502532682E+04 -0.99252990457912E+02 -0.33080746881236E+03 -0.11598043091939E+03 -0.87683444224356E+02 -0.22047217722335E+04 -0.17826688402289E+04
   0.40408781653920E+06 -0.10587055369993E+06  0.14476011174557E+05  0.37574800519444E+06 -0.54340447943065E+05  0.68369424873897E+05  0.57006978129707E+05  0.36264808375718E+06 -0.27950576864544E+05 -0.17601747733863E+05  0.30577196671635E+04 -0.13498399510481E+04 -0.13362543491474E+03  0.51377865563439E+02  0.32901807715564E+05 -0.42770578032820E+04  0.31353840967438E+05  0.17822617364700E+05 -0.18616090425219E+07  0.19842492260379E+03 -0.99472436632702E+04 -0.22322920168827E+05  0.16284970596261E+05 -0.25552121238787E+03  0.40425557933740E+04 -0.32159034109720E+05 -0.12882460205581E+05 -0.21387179749439E+05 -0.87477330981346E+02 -0.66930081994107E+05 -0.34561312830667E+06 -0.13670484709581E+04 -0.25105623614113E+04 -0.68773566171204E+02 -0.24005128106790E+04 -0.93602470978805E+03 -0.10270979056850E+05 -0.73473245677454E+04 -0.21747934378142E+05
  -0.97512666228281E+05  0.24852973306807E+05 -0.36009538766534E+04 -0.54340447943065E+05  0.92279948952026E+04 -0.65505785061632E+04 -0.76011417781548E+04 -0.31705705097127E+05  0.38746925789744E+03  0.21565523469699E+04 -0.29176841442409E+03 -0.21198683111752E+02  0.32998196528029E+01 -0.44876522910754E+01 -0.27752454741157E+04  0.37732503604692E+03 -0.25297297557100E+04 -0.14771214153012E+04  0.36327833750104E+06 -0.42181334898722E+02  0.21184188755597E+04  0.39272588842808E+04 -0.33453536399601E+04  0.19623269919971E+03 -0.16763953289270E+03  0.62909781053358E+04  0.19643417712453E+04  0.33050844387145E+04 -0.56126691638690E+02  0.11339640156641E+05  0.60205929149145E+05  0.30427018284676E+03  0.53739920756112E+03  0.84873227418868E+01  0.43069015001318E+03  0.16124431820641E+03  0.41977148075973E+03  0.80057186233641E+03  0.24787208144308E+04
  -0.32244838314576E+05  0.10912740770172E+05 -0.14239430464960E+04  0.68369424873897E+05 -0.65505785061632E+04  0.21800944790408E+05  0.12754323229333E+05  0.10701634667012E+06 -0.10484676650093E+05 -0.42191819495806E+04  0.87961781423447E+03 -0.68568515075838E+03 -0.60141450158682E+02  0.16621636556858E+02  0.95206538055632E+04 -0.12477117643020E+04  0.93529905063969E+04  0.53448642983304E+04 -0.25716047869468E+05 -0.23038346942995E+01 -0.28839585603370E+03 -0.23882896478002E+04 -0.67217679768426E+03  0.55366363226996E+03  0.21220807965139E+04 -0.10838700628203E+04 -0.24935234187289E+04 -0.37846126410903E+04  0.13074299155324E+03 -0.73083494951955E+04 -0.35015210102855E+05  0.35942152907760E+02  0.28365926865600E+02 -0.17039084195732E+02 -0.19035348763913E+03 -0.10462633538453E+03 -0.31634919554447E+04 -0.17761266532447E+04 -0.50603713422724E+04
   0.38546156880748E+05 -0.69650933041336E+04  0.13219095437703E+04  0.57006978129707E+05 -0.76011417781548E+04  0.12754323229333E+05  0.96138154046365E+04  0.58064432503613E+05 -0.34085843850708E+04 -0.29659737019394E+04  0.50409347150788E+03 -0.21840269439399E+03 -0.22488507895986E+02  0.87186214952741E+01  0.49592354092395E+04 -0.66966927827842E+03  0.46937541288275E+04  0.27371060402370E+04 -0.17737543562879E+06  0.19542651912610E+02 -0.12986197632653E+04 -0.31623220562044E+04  0.11714072693098E+04  0.22237557045340E+03  0.11989272261055E+04 -0.35867125756532E+04 -0.22953404532435E+04 -0.35858939825789E+04  0.12803571489501E+03 -0.89872135288839E+04 -0.46654240577321E+05 -0.13365739750034E+03 -0.24011418958598E+03 -0.11975072402512E+02 -0.30775406139294E+03 -0.13222972185849E+03 -0.13587931977613E+04 -0.10947517249069E+04 -0.32483369014751E+04
   0.97525389152799E+06 -0.11861827499099E+06  0.26715259492958E+05  0.36264808375718E+06 -0.31705705097127E+05  0.10701634667012E+06  0.58064432503613E+05  0.55376317582400E+07 -0.24387017691701E+07 -0.89870732831513E+05  0.25764967824935E+05  0.27093088978742E+05  0.18252371983865E+04  0.87703945917732E+02  0.92678731179663E+05 -0.12226484391304E+05  0.10260658203945E+06  0.55478217058812E+05 -0.50325219097469E+06  0.73044459371898E+02  0.17768920879091E+05 -0.25140444903558E+05  0.52399678592467E+04  0.61266392919900E+04  0.34615041334339E+05 -0.27491676411055E+05 -0.63493876058096E+05 -0.50707938738597E+05 -0.71864776008164E+05 -0.29876466937432E+06 -0.58643839708247E+06 -0.75554653394481E+05 -0.17016081829995E+06 -0.14236478645279E+04  0.62161199254567E+03  0.40271131779904E+03 -0.27986286338644E+06 -0.14731234962544E+06 -0.18088681876882E+06
  -0.18000439573884E+06  0.25359257233686E+05 -0.47916876910836E+04 -0.27950576864544E+05  0.38746925789744E+03 -0.10484676650093E+05 -0.34085843850708E+04 -0.24387017691701E+07  0.19194228444941E+07  0.19358227892463E+05 -0.62883341320536E+04 -0.56119316690479E+04 -0.30792326959875E+03 -0.12008428836008E+02  0.48865094191046E+05 -0.23906726911680E+04  0.17238618449543E+05  0.85810408782173E+04 -0.31340784558651E+05 -0.10532823781656E+02 -0.72017253101730E+04  0.41304571687917E+04 -0.75714145031489E+03 -0.13722553009136E+04 -0.81495356884046E+04  0.43714800437239E+04  0.11387588435388E+05  0.10742205795734E+05  0.24909260808501E+05  0.66894131864040E+05  0.12693965293011E+06  0.23055914706198E+05  0.51960299457664E+05  0.18937216333676E+03 -0.13575011602633E+04 -0.73430752257345E+03  0.11346594938122E+06  0.45436907304757E+05  0.55233673334996E+05
  -0.47357658970037E+05  0.65608056780163E+04 -0.15239358132772E+04 -0.17601747733863E+05  0.21565523469699E+04 -0.42191819495806E+04 -0.29659737019394E+04 -0.89870732831513E+05  0.19358227892463E+05  0.26058362424605E+04 -0.59328509403711E+03 -0.66218113961276E+03 -0.58832811916915E+02 -0.15358300647664E+01 -0.41557365328398E+04  0.53577126923370E+03 -0.40420652853991E+04 -0.23014350638459E+04  0.47323501307420E+05 -0.60197121699781E+01  0.38065757101587E+02  0.12539467485565E+04 -0.39019329967906E+03 -0.19386919393060E+03 -0.10503403613921E+04  0.16031505082050E+04  0.27328704990871E+04  0.18805768702313E+04  0.73764696127335E+03  0.10933959325120E+05  0.22719135453966E+05  0.14984059631460E+04  0.33216092589837E+04  0.43300392484904E+02  0.11893732803768E+03  0.53650080674234E+02  0.31544856461731E+04  0.28373165411294E+04  0.35757798396158E+04
   0.69237306635731E+04 -0.79142816589624E+03  0.19287116071925E+03  0.30577196671635E+04 -0.29176841442409E+03  0.87961781423447E+03  0.50409347150788E+03  0.25764967824935E+05 -0.62883341320536E+04 -0.59328509403711E+03  0.15849621986157E+03  0.18253018825708E+03  0.13274092289082E+02  0.56159391772834E+00  0.12258376673440E+04 -0.14183507346719E+03  0.11468412667735E+04  0.62586890322450E+03 -0.50904426888275E+04  0.51464588429506E+00  0.76466607566471E+02 -0.18054268174686E+03  0.37512347569157E+02  0.40091034888084E+02  0.22127839432384E+03 -0.19653635038098E+03 -0.44714452897690E+03 -0.33615061273923E+03 -0.33043501761312E+03 -0.19365936260045E+04 -0.38481703866772E+04 -0.41060892662170E+03 -0.92566396706792E+03 -0.10502904678611E+02 -0.10598583244527E+02 -0.51526101112673E+01 -0.11167368162882E+04 -0.79870615977639E+03 -0.98803143782315E+03
   0.15358679813963E+05 -0.11968537908842E+04  0.40916447455857E+03 -0.13498399510481E+04 -0.21198683111752E+02 -0.68568515075838E+03 -0.21840269439399E+03  0.27093088978742E+05 -0.56119316690479E+04 -0.66218113961276E+03  0.18253018825708E+03  0.15745799928907E+04  0.10335200573465E+03 -0.12789882609839E+01  0.14192796389202E+04 -0.20709905209038E+03  0.17057688997733E+04  0.98025106895810E+03 -0.58263531271574E+04  0.15137727813998E+01 -0.28771561737677E+03  0.85479488112283E+02  0.40663967965818E+02  0.40160302253861E+02  0.25113201664081E+03 -0.52268637636252E+02 -0.11127158785030E+04 -0.94691675180680E-10 -0.69397394409889E+03 -0.49625679629916E+04  0.25235370455676E-09 -0.22756166471342E+04 -0.68768503275877E+02 -0.77641005017754E+02 -0.16631748574096E+01 -0.71729684264415E+00  0.28477945460136E+03 -0.26894487022985E+04 -0.10308102968103E-09
   0.16985517883458E+04 -0.13652057892669E+03  0.51270397560327E+02 -0.13362543491474E+03  0.32998196528029E+01 -0.60141450158682E+02 -0.22488507895986E+02  0.18252371983865E+04 -0.30792326959875E+03 -0.58832811916915E+02  0.13274092289082E+02  0.10335200573465E+03  0.91819599269628E+01 -0.16050559928441E+00  0.80408666609625E+02 -0.14103019490077E+02  0.10388700039989E+03  0.64732645687215E+02 -0.28828505372690E+03  0.13315346147584E+00 -0.82466926123776E+01  0.12495215764973E+02  0.38800653100141E+01  0.52825052751471E+01  0.29032182999394E+02 -0.10660028369228E+02 -0.16341863271645E+03 -0.55856946977548E-11 -0.27024399436186E+02 -0.58100455292462E+03  0.23641017541650E-10 -0.14258262619435E+03 -0.18017885390831E+02 -0.62724522660140E+01 -0.17510968662360E+00 -0.68464395456146E-01  0.28269209443304E+02 -0.19371013433277E+03  0.84756773435000E-11
  -0.99579152082752E+02  0.11915791409847E+02 -0.36854513158030E+01  0.51377865563439E+02 -0.44876522910754E+01  0.16621636556858E+02  0.87186214952741E+01  0.87703945917732E+02 -0.12008428836008E+02 -0.15358300647664E+01  0.56159391772834E+00 -0.12789882609839E+01 -0.16050559928441E+00  0.39932111106890E-01  0.12641100277056E+02 -0.99224640450175E+00  0.86130362600073E+01  0.40813703654278E+01 -0.70497166897413E+02 -0.12654436059396E-01 -0.32497421252957E+01 -0.12025562985926E+01 -0.24348563097500E+00 -0.60637786921174E-02 -0.12564684867748E-01  0.12424242868006E-01  0.60114788519194E-01 -0.25657840870664E-12 -0.50631761175019E+01 -0.51020716032701E+00 -0.37555345752208E-11 -0.24244305124411E+01 -0.53535113289379E-05 -0.11232223978472E+00 -0.13093404783953E-02 -0.72590425644131E-03 -0.15254738656913E+01 -0.23641681619482E+01 -0.72364677766612E-12
   0.12815953188266E+05  0.25270126639644E+03 -0.17711088951498E+03  0.32901807715564E+05 -0.27752454741157E+04  0.95206538055632E+04  0.49592354092395E+04  0.92678731179663E+05  0.48865094191046E+05 -0.41557365328398E+04  0.12258376673440E+04  0.14192796389202E+04  0.80408666609625E+02  0.12641100277056E+02  0.51714233947039E+05 -0.50550288991455E+04  0.41169358051173E+05  0.21690732652012E+05 -0.58772702636490E+05 -0.20363958815440E+01  0.29682626221530E+03  0.22014229143858E+03 -0.13144514667468E+03 -0.31337071817878E+02 -0.15838786762049E+03  0.67513833846573E+03 -0.30266285274612E+04 -0.19583842268417E+04 -0.25107632772797E+04  0.18789821874038E+04  0.42655090469218E+04 -0.15294132333231E+04 -0.30378942435901E+04 -0.74816289837485E+03 -0.30782993758608E+04 -0.16070984295337E+04 -0.21646434346565E+04 -0.10050630394171E+04 -0.11297595342702E+04
  -0.30228156741381E+04  0.62000664709152E+02 -0.34153222575409E+02 -0.42770578032820E+04  0.37732503604692E+03 -0.12477117643020E+04 -0.66966927827842E+03 -0.12226484391304E+05 -0.23906726911680E+04  0.53577126923370E+03 -0.14183507346719E+03 -0.20709905209038E+03 -0.14103019490077E+02 -0.99224640450175E+00 -0.50550288991455E+04  0.57800821204461E+03 -0.46030654098699E+04 -0.25222594793424E+04  0.79049332905412E+04  0.46143575151823E+00 -0.56154262304519E+02 -0.22633817422322E+02  0.30651231347909E+02 -0.22250002019499E+01 -0.88003688232169E+01 -0.13792000209132E+03  0.58518180612987E+03  0.36402783542838E+03  0.29807794376947E+03 -0.12933927048595E+03 -0.46933265588557E+03  0.16744489053726E+03  0.33112545550443E+03  0.86745461403043E+02  0.50003104560545E+03  0.24187864529613E+03 -0.38395141871022E+03  0.28311890866488E+03  0.31690334508193E+03
   0.14651134554083E+05  0.10774036972264E+03 -0.85682192474037E+02  0.31353840967438E+05 -0.25297297557100E+04  0.93529905063969E+04  0.46937541288275E+04  0.10260658203945E+06  0.17238618449543E+05 -0.40420652853991E+04  0.11468412667735E+04  0.17057688997733E+04  0.10388700039989E+03  0.86130362600073E+01  0.41169358051173E+05 -0.46030654098699E+04  0.37542496555825E+05  0.20321078953911E+05 -0.53979475255690E+05 -0.21454567751073E+01  0.44834257164544E+03  0.32613429885072E+03 -0.10443534895615E+03 -0.80405896197730E+02 -0.30069002194350E+03  0.65902700120301E+03 -0.32372907667641E+04 -0.20533978843065E+04 -0.27895673507753E+04  0.23648182978479E+04  0.52675409470954E+04 -0.13998511537056E+04 -0.27978850510424E+04 -0.70024269783850E+03 -0.30566644511976E+04 -0.16336583922819E+04  0.17953761454062E+04 -0.20167070455333E+04 -0.22309065149969E+04
   0.10688408696565E+05 -0.46921809816883E+02  0.48914574121154E+02  0.17822617364700E+05 -0.14771214153012E+04  0.53448642983304E+04  0.27371060402370E+04  0.55478217058812E+05  0.85810408782173E+04 -0.23014350638459E+04  0.62586890322450E+03  0.98025106895810E+03  0.64732645687215E+02  0.40813703654278E+01  0.21690732652012E+05 -0.25222594793424E+04  0.20321078953911E+05  0.11146667505628E+05 -0.31295220534886E+05 -0.17768266508050E+01  0.28654765974025E+03  0.17281539643266E+03 -0.93165078369483E+02 -0.31815857185728E+02 -0.10156854264134E+03  0.50132547363866E+03 -0.22741306882554E+04 -0.14089763339600E+04 -0.13994226716964E+04  0.10626832645513E+04  0.28387240942484E+04 -0.71561408718940E+03 -0.14308142882457E+04 -0.38782459697763E+03 -0.19940237362965E+04 -0.10197525919258E+04  0.18259041300419E+04 -0.13761793994208E+04 -0.15246503062308E+04
  -0.58846110901192E+07  0.19770847713440E+07 -0.22073446497948E+06 -0.18616090425219E+07  0.36327833750104E+06 -0.25716047869468E+05 -0.17737543562879E+06 -0.50325219097469E+06 -0.31340784558651E+05  0.47323501307420E+05 -0.50904426888275E+04 -0.58263531271574E+04 -0.28828505372690E+03 -0.70497166897413E+02 -0.58772702636490E+05  0.79049332905412E+04 -0.53979475255690E+05 -0.31295220534886E+05  0.25800823082948E+08 -0.22970669887989E+04  0.96207861559673E+05  0.15479128089227E+06 -0.28414135643632E+06  0.36977051262326E+05  0.44822051689392E+05  0.33983313370962E+06  0.32969588387822E+05  0.74478298043234E+05 -0.11484836313012E+04  0.55212516854759E+06  0.26970665467912E+07  0.16541905138094E+05  0.30523438335506E+05  0.19381012263610E+03  0.22865304724657E+05  0.72202351225388E+04 -0.17152223528338E+05  0.20026283013916E+05  0.62783530258836E+05
   0.76451125070042E+03 -0.21344357500406E+03  0.28507480190692E+02  0.19842492260379E+03 -0.42181334898722E+02 -0.23038346942995E+01  0.19542651912610E+02  0.73044459371898E+02 -0.10532823781656E+02 -0.60197121699781E+01  0.51464588429506E+00  0.15137727813998E+01  0.13315346147584E+00 -0.12654436059396E-01 -0.20363958815440E+01  0.46143575151823E+00 -0.21454567751073E+01 -0.17768266508050E+01 -0.22970669887989E+04  0.40116183009166E+00 -0.12610053384644E+02 -0.25886289912451E+02  0.35077726962049E+02 -0.31166152847315E+01 -0.36094277890570E+01 -0.44971439360366E+02  0.00000000000000E+00 -0.13671993940104E+02  0.00000000000000E+00  0.00000000000000E+00 -0.44603804945353E+03  0.00000000000000E+00  0.00000000000000E+00  0.00000000000000E+00  0.00000000000000E+00  0.00000000000000E+00  0.00000000000000E+00  0.00000000000000E+00 -0.14232810786625E+02
  -0.29149609944387E+05  0.81635201783929E+04 -0.11004109441458E+04 -0.99472436632702E+04  0.21184188755597E+04 -0.28839585603370E+03 -0.12986197632653E+04  0.17768920879091E+05 -0.72017253101730E+04  0.38065757101587E+02  0.76466607566471E+02 -0.28771561737677E+03 -0.82466926123776E+01 -0.32497421252957E+01  0.29682626221530E+03 -0.56154262304519E+02  0.44834257164544E+03  0.28654765974025E+03  0.96207861559673E+05 -0.12610053384644E+02  0.22963841101829E+04  0.15140650428981E+04 -0.12627729536761E+04  0.11806949095000E+03  0.22808340411445E+03  0.18243654799178E+04  0.00000000000000E+00  0.19022434290668E+03  0.00000000000000E+00  0.00000000000000E+00  0.15746671244832E+05  0.00000000000000E+00  0.00000000000000E+00  0.00000000000000E+00  0.00000000000000E+00  0.00000000000000E+00  0.00000000000000E+00  0.00000000000000E+00 -0.18337454520623E+04
  -0.64066396764660E+05  0.14759100225953E+05 -0.23322876045610E+04 -0.22322920168827E+05  0.39272588842808E+04 -0.23882896478002E+04 -0.31623220562044E+04 -0.25140444903558E+05  0.41304571687917E+04  0.12539467485565E+04 -0.18054268174686E+03  0.85479488112283E+02  0.12495215764973E+02 -0.12025562985926E+01  0.22014229143858E+03 -0.22633817422322E+02  0.32613429885072E+03  0.17281539643266E+03  0.15479128089227E+06 -0.25886289912451E+02  0.15140650428981E+04  0.30806427499420E+04 -0.21851966187217E+04  0.33901599129619E+02 -0.42814599047996E+03  0.35700570013225E+04  0.00000000000000E+00  0.27714235119093E+04  0.00000000000000E+00  0.00000000000000E+00  0.45677359723215E+05  0.00000000000000E+00  0.00000000000000E+00  0.00000000000000E+00  0.00000000000000E+00  0.00000000000000E+00  0.00000000000000E+00  0.00000000000000E+00  0.28040258635995E+04
   0.76059013996738E+05 -0.26373961415092E+05  0.28470574136457E+04  0.16284970596261E+05 -0.33453536399601E+04 -0.67217679768426E+03  0.11714072693098E+04  0.52399678592467E+04 -0.75714145031489E+03 -0.39019329967906E+03  0.37512347569157E+02  0.40663967965818E+02  0.38800653100141E+01 -0.24348563097500E+00 -0.13144514667468E+03  0.30651231347909E+02 -0.10443534895615E+03 -0.93165078369483E+02 -0.28414135643632E+06  0.35077726962049E+02 -0.12627729536761E+04 -0.21851966187217E+04  0.49413521506409E+04 -0.50923508246313E+03 -0.60131171757531E+03 -0.43558269564708E+04  0.00000000000000E+00 -0.54540704410072E+03  0.00000000000000E+00  0.00000000000000E+00 -0.40952040808302E+05  0.00000000000000E+00  0.00000000000000E+00  0.00000000000000E+00  0.00000000000000E+00  0.00000000000000E+00  0.00000000000000E+00  0.00000000000000E+00 -0.10073577279890E+04
  -0.95296428355238E+04  0.51732237097002E+04 -0.38563090889963E+03 -0.25552121238787E+03  0.19623269919971E+03  0.55366363226996E+03  0.22237557045340E+03  0.61266392919900E+04 -0.13722553009136E+04 -0.19386919393060E+03  0.40091034888084E+02  0.40160302253861E+02  0.52825052751471E+01 -0.60637786921174E-02 -0.31337071817878E+02 -0.22250002019499E+01 -0.80405896197730E+02 -0.31815857185728E+02  0.36977051262326E+05 -0.31166152847315E+01  0.11806949095000E+03  0.33901599129619E+02 -0.50923508246313E+03  0.20853373330495E+03  0.45818201850189E+03  0.78476775649793E+03 -0.43029451526537E+02 -0.24190734174153E+02  0.44064654396036E+01  0.10709608005383E+04  0.77697581541236E+03  0.00000000000000E+00  0.00000000000000E+00  0.00000000000000E+00  0.00000000000000E+00  0.00000000000000E+00  0.00000000000000E+00 -0.28772655275328E+03 -0.29987539294935E+03
   0.26644940247095E+04  0.56284609277097E+04 -0.43146911282044E+02  0.40425557933740E+04 -0.16763953289270E+03  0.21220807965139E+04  0.11989272261055E+04  0.34615041334339E+05 -0.81495356884046E+04 -0.10503403613921E+04  0.22127839432384E+03  0.25113201664081E+03  0.29032182999394E+02 -0.12564684867748E-01 -0.15838786762049E+03 -0.88003688232169E+01 -0.30069002194350E+03 -0.10156854264134E+03  0.44822051689392E+05 -0.36094277890570E+01  0.22808340411445E+03 -0.42814599047996E+03 -0.60131171757531E+03  0.45818201850189E+03  0.14841230033523E+04  0.56504080319551E+03 -0.15308070975471E+03 -0.10056014720898E+03 -0.20180116030070E+02 -0.51387163843456E+04 -0.93497940231290E+04  0.00000000000000E+00  0.00000000000000E+00  0.00000000000000E+00  0.00000000000000E+00  0.00000000000000E+00  0.00000000000000E+00 -0.18601347793240E+04 -0.19212184931283E+04
  -0.17635628655100E+06  0.49464958637813E+05 -0.65367054648485E+04 -0.32159034109720E+05  0.62909781053358E+04 -0.10838700628203E+04 -0.35867125756532E+04 -0.27491676411055E+05  0.43714800437239E+04  0.16031505082050E+04 -0.19653635038098E+03 -0.52268637636252E+02 -0.10660028369228E+02  0.12424242868006E-01  0.67513833846573E+03 -0.13792000209132E+03  0.65902700120301E+03  0.50132547363866E+03  0.33983313370962E+06 -0.44971439360366E+02  0.18243654799178E+04  0.35700570013225E+04 -0.43558269564708E+04  0.78476775649793E+03  0.56504080319551E+03  0.12122415558594E+05  0.25404829279586E+03  0.13250969453435E+03 -0.51023016613137E+01  0.39993792021285E+05  0.64571385787914E+05  0.00000000000000E+00  0.00000000000000E+00  0.00000000000000E+00  0.00000000000000E+00  0.00000000000000E+00  0.00000000000000E+00  0.15821843305365E+04  0.16154346972297E+04
  -0.13333372365499E+06  0.16827882821665E+05 -0.46147260573967E+04 -0.12882460205581E+05  0.19643417712453E+04 -0.24935234187289E+04 -0.22953404532435E+04 -0.63493876058096E+05  0.11387588435388E+05  0.27328704990871E+04 -0.44714452897690E+03 -0.11127158785030E+04 -0.16341863271645E+03  0.60114788519194E-01 -0.30266285274612E+04  0.58518180612987E+03 -0.32372907667641E+04 -0.22741306882554E+04  0.32969588387822E+05  0.00000000000000E+00  0.00000000000000E+00  0.00000000000000E+00  0.00000000000000E+00 -0.43029451526537E+02 -0.15308070975471E+03  0.25404829279586E+03  0.11766605458204E+06  0.00000000000000E+00  0.00000000000000E+00  0.00000000000000E+00  0.00000000000000E+00  0.00000000000000E+00  0.00000000000000E+00  0.00000000000000E+00  0.00000000000000E+00  0.00000000000000E+00  0.00000000000000E+00  0.00000000000000E+00  0.00000000000000E+00
  -0.56599419071258E+05  0.83903760355566E+04 -0.19637319541735E+04 -0.21387179749439E+05  0.33050844387145E+04 -0.37846126410903E+04 -0.35858939825789E+04 -0.50707938738597E+05  0.10742205795734E+05  0.18805768702313E+04 -0.33615061273923E+03 -0.94691675180680E-10 -0.55856946977548E-11 -0.25657840870664E-12 -0.19583842268417E+04  0.36402783542838E+03 -0.20533978843065E+04 -0.14089763339600E+04  0.74478298043234E+05 -0.13671993940104E+02  0.19022434290668E+03  0.27714235119093E+04 -0.54540704410072E+03 -0.24190734174153E+02 -0.10056014720898E+03  0.13250969453435E+03  0.00000000000000E+00  0.65027254052982E+05  0.00000000000000E+00  0.00000000000000E+00  0.00000000000000E+00  0.00000000000000E+00  0.00000000000000E+00  0.00000000000000E+00  0.00000000000000E+00  0.00000000000000E+00  0.00000000000000E+00  0.00000000000000E+00  0.00000000000000E+00
  -0.53797083414552E+04 -0.19277794024500E+03  0.16323267169734E+02 -0.87477330981346E+02 -0.56126691638690E+02  0.13074299155324E+03  0.12803571489501E+03 -0.71864776008164E+05  0.24909260808501E+05  0.73764696127335E+03 -0.33043501761312E+03 -0.69397394409889E+03 -0.27024399436186E+02 -0.50631761175019E+01 -0.25107632772797E+04  0.29807794376947E+03 -0.27895673507753E+04 -0.13994226716964E+04 -0.11484836313012E+04  0.00000000000000E+00  0.00000000000000E+00  0.00000000000000E+00  0.00000000000000E+00  0.44064654396036E+01 -0.20180116030070E+02 -0.51023016613137E+01  0.00000000000000E+00  0.00000000000000E+00  0.30860458611265E+05  0.00000000000000E+00  0.00000000000000E+00  0.00000000000000E+00  0.00000000000000E+00  0.00000000000000E+00  0.00000000000000E+00  0.00000000000000E+00  0.00000000000000E+00  0.00000000000000E+00  0.00000000000000E+00
  -0.87951141589344E+06  0.21274054275934E+06 -0.31511788001141E+05 -0.66930081994107E+05  0.11339640156641E+05 -0.73083494951955E+04 -0.89872135288839E+04 -0.29876466937432E+06  0.66894131864040E+05  0.10933959325120E+05 -0.19365936260045E+04 -0.49625679629916E+04 -0.58100455292462E+03 -0.51020716032701E+00  0.18789821874038E+04 -0.12933927048595E+03  0.23648182978479E+04  0.10626832645513E+04  0.55212516854759E+06  0.00000000000000E+00  0.00000000000000E+00  0.00000000000000E+00  0.00000000000000E+00  0.10709608005383E+04 -0.51387163843456E+04  0.39993792021285E+05  0.00000000000000E+00  0.00000000000000E+00  0.00000000000000E+00  0.58401218866585E+06  0.00000000000000E+00  0.00000000000000E+00  0.00000000000000E+00  0.00000000000000E+00  0.00000000000000E+00  0.00000000000000E+00  0.00000000000000E+00  0.00000000000000E+00  0.00000000000000E+00
  -0.11417006472297E+07  0.26967540886072E+06 -0.41145690258657E+05 -0.34561312830667E+06  0.60205929149145E+05 -0.35015210102855E+05 -0.46654240577321E+05 -0.58643839708247E+06  0.12693965293011E+06  0.22719135453966E+05 -0.38481703866772E+04  0.25235370455676E-09  0.23641017541650E-10 -0.37555345752208E-11  0.42655090469218E+04 -0.46933265588557E+03  0.52675409470954E+04  0.28387240942484E+04  0.26970665467912E+07 -0.44603804945353E+03  0.15746671244832E+05  0.45677359723215E+05 -0.40952040808302E+05  0.77697581541236E+03 -0.93497940231290E+04  0.64571385787914E+05  0.00000000000000E+00  0.00000000000000E+00  0.00000000000000E+00  0.00000000000000E+00  0.92371790713309E+06  0.00000000000000E+00  0.00000000000000E+00  0.00000000000000E+00  0.00000000000000E+00  0.00000000000000E+00  0.00000000000000E+00  0.00000000000000E+00  0.00000000000000E+00
  -0.21281322220695E+05  0.57998948884609E+04 -0.79092844512900E+03 -0.13670484709581E+04  0.30427018284676E+03  0.35942152907760E+02 -0.13365739750034E+03 -0.75554653394481E+05  0.23055914706198E+05  0.14984059631460E+04 -0.41060892662170E+03 -0.22756166471342E+04 -0.14258262619435E+03 -0.24244305124411E+01 -0.15294132333231E+04  0.16744489053726E+03 -0.13998511537056E+04 -0.71561408718940E+03  0.16541905138094E+05  0.00000000000000E+00  0.00000000000000E+00  0.00000000000000E+00  0.00000000000000E+00  0.00000000000000E+00  0.00000000000000E+00  0.00000000000000E+00  0.00000000000000E+00  0.00000000000000E+00  0.00000000000000E+00  0.00000000000000E+00  0.00000000000000E+00  0.14502371074810E+05  0.00000000000000E+00  0.00000000000000E+00  0.00000000000000E+00  0.00000000000000E+00  0.00000000000000E+00  0.00000000000000E+00  0.00000000000000E+00
  -0.48181834604159E+05  0.13296347606085E+05 -0.17976502532682E+04 -0.25105623614113E+04  0.53739920756112E+03  0.28365926865600E+02 -0.24011418958598E+03 -0.17016081829995E+06  0.51960299457664E+05  0.33216092589837E+04 -0.92566396706792E+03 -0.68768503275877E+02 -0.18017885390831E+02 -0.53535113289379E-05 -0.30378942435901E+04  0.33112545550443E+03 -0.27978850510424E+04 -0.14308142882457E+04  0.30523438335506E+05  0.00000000000000E+00  0.00000000000000E+00  0.00000000000000E+00  0.00000000000000E+00  0.00000000000000E+00  0.00000000000000E+00  0.00000000000000E+00  0.00000000000000E+00  0.00000000000000E+00  0.00000000000000E+00  0.00000000000000E+00  0.00000000000000E+00  0.00000000000000E+00  0.31898673467925E+05  0.00000000000000E+00  0.00000000000000E+00  0.00000000000000E+00  0.00000000000000E+00  0.00000000000000E+00  0.00000000000000E+00
  -0.32246585345324E+04  0.42196109317210E+03 -0.99252990457912E+02 -0.68773566171204E+02  0.84873227418868E+01 -0.17039084195732E+02 -0.11975072402512E+02 -0.14236478645279E+04  0.18937216333676E+03  0.43300392484904E+02 -0.10502904678611E+02 -0.77641005017754E+02 -0.62724522660140E+01 -0.11232223978472E+00 -0.74816289837485E+03  0.86745461403043E+02 -0.70024269783850E+03 -0.38782459697763E+03  0.19381012263610E+03  0.00000000000000E+00  0.00000000000000E+00  0.00000000000000E+00  0.00000000000000E+00  0.00000000000000E+00  0.00000000000000E+00  0.00000000000000E+00  0.00000000000000E+00  0.00000000000000E+00  0.00000000000000E+00  0.00000000000000E+00  0.00000000000000E+00  0.00000000000000E+00  0.00000000000000E+00  0.38040695174239E+04  0.00000000000000E+00  0.00000000000000E+00  0.00000000000000E+00  0.00000000000000E+00  0.00000000000000E+00
  -0.90141530650179E+04  0.23843918518347E+04 -0.33080746881236E+03 -0.24005128106790E+04  0.43069015001318E+03 -0.19035348763913E+03 -0.30775406139294E+03  0.62161199254567E+03 -0.13575011602633E+04  0.11893732803768E+03 -0.10598583244527E+02 -0.16631748574096E+01 -0.17510968662360E+00 -0.13093404783953E-02 -0.30782993758608E+04  0.50003104560545E+03 -0.30566644511976E+04 -0.19940237362965E+04  0.22865304724657E+05  0.00000000000000E+00  0.00000000000000E+00  0.00000000000000E+00  0.00000000000000E+00  0.00000000000000E+00  0.00000000000000E+00  0.00000000000000E+00  0.00000000000000E+00  0.00000000000000E+00  0.00000000000000E+00  0.00000000000000E+00  0.00000000000000E+00  0.00000000000000E+00  0.00000000000000E+00  0.00000000000000E+00  0.80991920735732E+04  0.00000000000000E+00  0.00000000000000E+00  0.00000000000000E+00  0.00000000000000E+00
  -0.31901472066142E+04  0.75678645432425E+03 -0.11598043091939E+03 -0.93602470978805E+03  0.16124431820641E+03 -0.10462633538453E+03 -0.13222972185849E+03  0.40271131779904E+03 -0.73430752257345E+03  0.53650080674234E+02 -0.51526101112673E+01 -0.71729684264415E+00 -0.68464395456146E-01 -0.72590425644131E-03 -0.16070984295337E+04  0.24187864529613E+03 -0.16336583922819E+04 -0.10197525919258E+04  0.72202351225388E+04  0.00000000000000E+00  0.00000000000000E+00  0.00000000000000E+00  0.00000000000000E+00  0.00000000000000E+00  0.00000000000000E+00  0.00000000000000E+00  0.00000000000000E+00  0.00000000000000E+00  0.00000000000000E+00  0.00000000000000E+00  0.00000000000000E+00  0.00000000000000E+00  0.00000000000000E+00  0.00000000000000E+00  0.00000000000000E+00  0.41688179645231E+04  0.00000000000000E+00  0.00000000000000E+00  0.00000000000000E+00
  -0.18969529937879E+05 -0.21684570021492E+04 -0.87683444224356E+02 -0.10270979056850E+05  0.41977148075973E+03 -0.31634919554447E+04 -0.13587931977613E+04 -0.27986286338644E+06  0.11346594938122E+06  0.31544856461731E+04 -0.11167368162882E+04  0.28477945460136E+03  0.28269209443304E+02 -0.15254738656913E+01 -0.21646434346565E+04 -0.38395141871022E+03  0.17953761454062E+04  0.18259041300419E+04 -0.17152223528338E+05  0.00000000000000E+00  0.00000000000000E+00  0.00000000000000E+00  0.00000000000000E+00  0.00000000000000E+00  0.00000000000000E+00  0.00000000000000E+00  0.00000000000000E+00  0.00000000000000E+00  0.00000000000000E+00  0.00000000000000E+00  0.00000000000000E+00  0.00000000000000E+00  0.00000000000000E+00  0.00000000000000E+00  0.00000000000000E+00  0.00000000000000E+00  0.12653771436940E+06  0.00000000000000E+00  0.00000000000000E+00
  -0.75291274646504E+05  0.87529749547104E+04 -0.22047217722335E+04 -0.73473245677454E+04  0.80057186233641E+03 -0.17761266532447E+04 -0.10947517249069E+04 -0.14731234962544E+06  0.45436907304757E+05  0.28373165411294E+04 -0.79870615977639E+03 -0.26894487022985E+04 -0.19371013433277E+03 -0.23641681619482E+01 -0.10050630394171E+04  0.28311890866488E+03 -0.20167070455333E+04 -0.13761793994208E+04  0.20026283013916E+05  0.00000000000000E+00  0.00000000000000E+00  0.00000000000000E+00  0.00000000000000E+00 -0.28772655275328E+03 -0.18601347793240E+04  0.15821843305365E+04  0.00000000000000E+00  0.00000000000000E+00  0.00000000000000E+00  0.00000000000000E+00  0.00000000000000E+00  0.00000000000000E+00  0.00000000000000E+00  0.00000000000000E+00  0.00000000000000E+00  0.00000000000000E+00  0.00000000000000E+00  0.95959868452119E+05  0.00000000000000E+00
  -0.59337000753348E+05  0.74163295847963E+04 -0.17826688402289E+04 -0.21747934378142E+05  0.24787208144308E+04 -0.50603713422724E+04 -0.32483369014751E+04 -0.18088681876882E+06  0.55233673334996E+05  0.35757798396158E+04 -0.98803143782315E+03 -0.10308102968103E-09  0.84756773435000E-11 -0.72364677766612E-12 -0.11297595342702E+04  0.31690334508193E+03 -0.22309065149969E+04 -0.15246503062308E+04  0.62783530258836E+05 -0.14232810786625E+02 -0.18337454520623E+04  0.28040258635995E+04 -0.10073577279890E+04 -0.29987539294935E+03 -0.19212184931283E+04  0.16154346972297E+04  0.00000000000000E+00  0.00000000000000E+00  0.00000000000000E+00  0.00000000000000E+00  0.00000000000000E+00  0.00000000000000E+00  0.00000000000000E+00  0.00000000000000E+00  0.00000000000000E+00  0.00000000000000E+00  0.00000000000000E+00  0.00000000000000E+00  0.10030327503957E+06

 # Covariance matrix (Bevington epsilon)
   0.57478678739602E-03 -0.59994887176906E-04 -0.15338972562354E-01  0.14995718925566E-03 -0.23125544276447E-03  0.38329319906645E-03 -0.11428738975472E-02  0.54401885144551E-04  0.36602908271461E-04 -0.14337234074378E-02 -0.17396973388153E-01 -0.49356264753196E-03 -0.29947226999561E-02 -0.22943389497940E-02  0.11761056131889E-03  0.24280585413297E-02  0.21017887047526E-04  0.32909765286736E-04  0.42394265680793E-05 -0.45089531774688E-02  0.24427571240638E-03 -0.12927611978929E-04  0.31137345990572E-04  0.95151253024399E-03 -0.59704112209286E-03  0.30891558502419E-04  0.39089394493974E-04  0.38071187162569E-04  0.31241977544384E-04  0.41215529289373E-04  0.39738515579156E-04 -0.20487852712503E-03 -0.10693472463182E-03  0.41543260480084E-04 -0.47861281679745E-04 -0.48608293978489E-04  0.65398778463173E-04  0.40211263993395E-04  0.37479038452822E-04
  -0.59994887176904E-04  0.12597351734134E-03  0.26373562948699E-02  0.12581528022404E-03  0.63956960089318E-03 -0.18966489798985E-03  0.12093672586079E-03 -0.29114676821157E-05 -0.23530355299496E-05  0.64392328507676E-03  0.22107865785541E-02  0.27384538033545E-03 -0.78763583951566E-03  0.30178051706976E-01  0.96816927170441E-05  0.10046329264069E-02  0.74705727253774E-04  0.51231146694636E-04 -0.20222864207424E-06 -0.28171557357042E-02  0.81992262353400E-04 -0.83973251621608E-04  0.36008821485117E-04 -0.21756190028033E-02  0.47725126667728E-03  0.92551558425023E-04  0.10435125303156E-04  0.77563647166515E-05  0.53648024071922E-05  0.50159583282063E-05  0.63562976575364E-05  0.29741124292946E-04 -0.92075617907618E-05  0.53240076745740E-05 -0.16376033182320E-04 -0.10865968109816E-04  0.79883577344937E-07  0.77188634501998E-05  0.72126980753791E-05
