 Correlated errors added in quadrature with statistical errors
 jl00106F2p DIS data with   1.69< Q2 < 0.500D+03 and 0.000 < xB < 1.000 and   3.00< W2 < 0.100D+04 and 0.000 < y < 1.000
   GP TMC applied
   HT corrections, multiplicative C=C(xB)
 Correlated errors added in quadrature with statistical errors
 jl00106F2d DIS data with   1.69< Q2 < 0.500D+03 and 0.000 < xB < 1.000 and   3.00< W2 < 0.100D+04 and 0.000 < y < 1.000
   WBArel smearing  (AV18) - freepar off-shell nuke corrections
   GP TMC applied
   HT corrections, multiplicative C=C(xB)
 Correlated errors added in quadrature with statistical errors
 HerF2pCut  DIS data with   1.69< Q2 < 0.500D+03 and 0.000 < xB < 1.000 and   3.00< W2 < 0.100D+04 and 0.000 < y < 1.000
   GP TMC applied
   HT corrections, multiplicative C=C(xB)
 Correlated errors added in quadrature with statistical errors
 HerF2dCut  DIS data with   1.69< Q2 < 0.500D+03 and 0.000 < xB < 1.000 and   3.00< W2 < 0.100D+04 and 0.000 < y < 1.000
   WBArel smearing  (AV18) - freepar off-shell nuke corrections
   GP TMC applied
   HT corrections, multiplicative C=C(xB)
 Correlated errors added in quadrature with statistical errors
 slac_p     DIS data with   1.69< Q2 < 0.500D+03 and 0.000 < xB < 1.000 and   3.00< W2 < 0.100D+04 and 0.000 < y < 1.000
   GP TMC applied
   HT corrections, multiplicative C=C(xB)
 Correlated errors added in quadrature with statistical errors
 slac_d     DIS data with   1.69< Q2 < 0.500D+03 and 0.000 < xB < 1.000 and   3.00< W2 < 0.100D+04 and 0.000 < y < 1.000
   WBArel smearing  (AV18) - freepar off-shell nuke corrections
   GP TMC applied
   HT corrections, multiplicative C=C(xB)
 Correlated errors treated separately from statistical errors
 BcdF2pCor  DIS data with   1.69< Q2 < 0.500D+03 and 0.000 < xB < 1.000 and   3.00< W2 < 0.100D+04 and 0.000 < y < 1.000
   GP TMC applied
   HT corrections, multiplicative C=C(xB)
 Correlated errors treated separately from statistical errors
 BcdF2dCor  DIS data with   1.69< Q2 < 0.500D+03 and 0.000 < xB < 1.000 and   3.00< W2 < 0.100D+04 and 0.000 < y < 1.000
   WBArel smearing  (AV18) - freepar off-shell nuke corrections
   GP TMC applied
   HT corrections, multiplicative C=C(xB)
 Correlated errors treated separately from statistical errors
 NmcF2pCor  DIS data with   1.69< Q2 < 0.500D+03 and 0.000 < xB < 1.000 and   3.00< W2 < 0.100D+04 and 0.000 < y < 1.000
   GP TMC applied
   HT corrections, multiplicative C=C(xB)
 Correlated errors treated separately from statistical errors
 NmcRatCor  DIS data with   1.69< Q2 < 0.500D+03 and 0.000 < xB < 1.000 and   3.00< W2 < 0.100D+04 and 0.000 < y < 1.000
   WBArel smearing  (AV18) - freepar off-shell nuke corrections
   GP TMC applied
   HT corrections, multiplicative C=C(xB)
 Correlated errors treated separately from statistical errors
 H2_NC_em   DIS data with   1.69< Q2 < 0.100D+06 and 0.000 < xB < 1.000 and   3.00< W2 < 0.100D+08 and 0.000 < y < 1.000
   GP TMC applied
   HT corrections, multiplicative C=C(xB)
 Correlated errors treated separately from statistical errors
 H2_NC_ep_1 DIS data with   1.69< Q2 < 0.100D+06 and 0.000 < xB < 1.000 and   3.00< W2 < 0.100D+08 and 0.000 < y < 1.000
   GP TMC applied
   HT corrections, multiplicative C=C(xB)
 Correlated errors treated separately from statistical errors
 H2_NC_ep_2 DIS data with   1.69< Q2 < 0.100D+06 and 0.000 < xB < 1.000 and   3.00< W2 < 0.100D+08 and 0.000 < y < 1.000
   GP TMC applied
   HT corrections, multiplicative C=C(xB)
 Correlated errors treated separately from statistical errors
 H2_NC_ep_3 DIS data with   1.69< Q2 < 0.100D+06 and 0.000 < xB < 1.000 and   3.00< W2 < 0.100D+08 and 0.000 < y < 1.000
   GP TMC applied
   HT corrections, multiplicative C=C(xB)
 Correlated errors treated separately from statistical errors
 H2_NC_ep_4 DIS data with   1.69< Q2 < 0.100D+06 and 0.000 < xB < 1.000 and   3.00< W2 < 0.100D+08 and 0.000 < y < 1.000
   GP TMC applied
   HT corrections, multiplicative C=C(xB)
 Correlated errors treated separately from statistical errors
 H2_CC_em   DIS data with   1.69< Q2 < 0.100D+06 and 0.000 < xB < 1.000 and   3.00< W2 < 0.100D+08 and 0.000 < y < 1.000
   GP TMC applied
   HT corrections, multiplicative C=C(xB)
 Correlated errors treated separately from statistical errors
 H2_CC_ep   DIS data with   1.69< Q2 < 0.100D+06 and 0.000 < xB < 1.000 and   3.00< W2 < 0.100D+08 and 0.000 < y < 1.000
   GP TMC applied
   HT corrections, multiplicative C=C(xB)
 Correlated errors added in quadrature with statistical errors
 BNS_F2nd   DIS data with   1.69< Q2 < 0.100D+06 and 0.000 < xB < 1.000 and   3.00< W2 < 0.100D+08 and 0.000 < y < 1.000
   WBArel smearing  (AV18) - freepar off-shell nuke corrections
   GP TMC applied
   HT corrections, multiplicative C=C(xB)
 Correlated errors added in quadrature with statistical errors
 e866pp06xf vector boson data with Q2 >=  36.00
 Correlated errors added in quadrature with statistical errors
 e866pd06xf vector boson data with Q2 >=  36.00
 Correlated errors added in quadrature with statistical errors
 cdfLasy05  vector boson data with Q2 >=   0.00
 Correlated errors added in quadrature with statistical errors
 d0Lasy_e15 vector boson data with Q2 >=   0.00
 Correlated errors added in quadrature with statistical errors
 d0Lasy13   vector boson data with Q2 >=   0.00
 Correlated errors added in quadrature with statistical errors
 CDF_Wasy   vector boson data with Q2 >=   0.00
 Correlated errors added in quadrature with statistical errors
 D0_Wasy    vector boson data with Q2 >=   0.00
 Correlated errors added in quadrature with statistical errors
 CDF_Z      vector boson data with Q2 >=   0.00
 Correlated errors added in quadrature with statistical errors
 D0_Z       vector boson data with Q2 >=   0.00
 Correlated errors added in quadrature with statistical errors
 d0run2coneJet data - errors added in quadrature
 Correlated errors added in quadrature with statistical errors
 CDFrun2jetJet data - errors added in quadrature
 Correlated errors added in quadrature with statistical errors
 d0_gamjet1 Photon data -- cuts to be written yet ...
 Correlated errors added in quadrature with statistical errors
 d0_gamjet2 Photon data -- cuts to be written yet ...
 Correlated errors added in quadrature with statistical errors
 d0_gamjet3 Photon data -- cuts to be written yet ...
 Correlated errors added in quadrature with statistical errors
 d0_gamjet4 Photon data -- cuts to be written yet ...

# fitpack15: fit output
# CJ15 AV18 final data choices                                                 

Parametrization   7 used here

 S-ACOT scheme used  for NC DIS

 charm mass =     1.30 GeV     bottom mass =     4.50 GeV



 THIS IS A NEXT TO LEADING ORDER FIT

 Q02=    1.69
         1  LAMBDA      VALUE=   0.22680      WEIGHT=    0.0000    
         2  a0uv        VALUE=    2.3582      WEIGHT=    0.0000    
         3  a1uv        VALUE=   0.61026      WEIGHT=   0.20370E-01
         4  a2uv        VALUE=    3.5472      WEIGHT=   0.12283E-01
         5  a3uv        VALUE=    0.0000      WEIGHT=    0.0000    
         6  a4uv        VALUE=    3.5532      WEIGHT=   0.44812    
         7  a5uv        VALUE=    0.0000      WEIGHT=    0.0000    
         8  a0dv        VALUE=    24.904      WEIGHT=    0.0000    
         9  a1dv        VALUE=    1.1593      WEIGHT=   0.33146E-01
        10  a2dv        VALUE=    6.6165      WEIGHT=   0.16667    
        11  a3dv        VALUE=   -3.5152      WEIGHT=   0.88423E-01
        12  a4dv        VALUE=    4.7073      WEIGHT=   0.15427    
        13  a5dv        VALUE=    0.0000      WEIGHT=    0.0000    
        14  a0ud        VALUE=   0.14578      WEIGHT=   0.50606E-02
        15  a1ud        VALUE=  -0.20825      WEIGHT=   0.37844E-02
        16  a2ud        VALUE=    8.3222      WEIGHT=   0.18976    
        17  a3ud        VALUE=    0.0000      WEIGHT=    0.0000    
        18  a4ud        VALUE=    14.490      WEIGHT=    1.2479    
        19  a5ud        VALUE=    0.0000      WEIGHT=    0.0000    
        20  a0du        VALUE=    35712.      WEIGHT=    0.0000    
        21  a1du        VALUE=    4.0618      WEIGHT=   0.88100E-01
        22  a2du        VALUE=    20.234      WEIGHT=   0.94625    
        23  a3du        VALUE=    17.000      WEIGHT=    0.0000    
        24  a4du        VALUE=    59.846      WEIGHT=    15.050    
        25  a0g         VALUE=    46.313      WEIGHT=    0.0000    
        26  a1g         VALUE=   0.60481      WEIGHT=   0.30270E-01
        27  a2g         VALUE=    6.2498      WEIGHT=   0.90795    
        28  a3g         VALUE=   -3.3664      WEIGHT=   0.12722    
        29  a4g         VALUE=    3.2450      WEIGHT=   0.29251    
        30  a5g         VALUE=    0.0000      WEIGHT=    0.0000    
        31  kappa       VALUE=   0.40000      WEIGHT=    0.0000    
        32  a6dv        VALUE=  -0.41389E-02  WEIGHT=   0.77794E-03
        33  a7dv        VALUE=    2.0000      WEIGHT=    0.0000    
        34  off1        VALUE=  -0.20655      WEIGHT=   0.10000    
        35  off2        VALUE=    2.5915      WEIGHT=    1.0000    
        36  off3        VALUE=   -9.4263      WEIGHT=    1.0000    
        37  off4        VALUE=    8.2851      WEIGHT=    1.0000    
        38  ht1         VALUE=   -3.2849      WEIGHT=   0.27327    
        39  ht2         VALUE=    1.9227      WEIGHT=   0.11284    
        40  ht3         VALUE=   -2.0996      WEIGHT=   0.29046E-01
        41  ht4         VALUE=    0.0000      WEIGHT=    0.0000    
        42  dummy42     VALUE=    0.0000      WEIGHT=    0.0000    
        43  dummy43     VALUE=    0.0000      WEIGHT=    0.0000    
        44  dummy44     VALUE=    0.0000      WEIGHT=    0.0000    
        45  dummy45     VALUE=    0.0000      WEIGHT=    0.0000    
        46  dummy46     VALUE=    0.0000      WEIGHT=    0.0000    
        47  dummy47     VALUE=    0.0000      WEIGHT=    0.0000    
        48  dummy48     VALUE=    0.0000      WEIGHT=    0.0000    
        49  dummy49     VALUE=    0.0000      WEIGHT=    0.0000    
        50  bcdmsh2     VALUE=   0.97156      WEIGHT=   0.48614E-02
        51  bcdmsd2     VALUE=   0.99377      WEIGHT=   0.58578E-02
        52  ccfr        VALUE=    1.0000      WEIGHT=    0.0000    
        53  nutev       VALUE=    1.0000      WEIGHT=    0.0000    
        54  zeus        VALUE=   0.97998      WEIGHT=    0.0000    
        55  h1          VALUE=    1.0162      WEIGHT=    0.0000    
        56  e605        VALUE=    1.0319      WEIGHT=    0.0000    
        57  NmcH2       VALUE=    1.0090      WEIGHT=   0.71416E-02
        58  ntv_nu      VALUE=    1.0000      WEIGHT=    0.0000    
        59  ntv_nuba    VALUE=    1.0000      WEIGHT=    0.0000    
        60  cdf_jet     VALUE=   0.98910      WEIGHT=    0.0000    
        61  d0_jet      VALUE=   0.83504      WEIGHT=    0.0000    
        62  slac_p      VALUE=    1.0037      WEIGHT=   0.48583E-02
        63  slac_d      VALUE=    1.0050      WEIGHT=   0.53349E-02
        64  e866pp      VALUE=   0.96705      WEIGHT=   0.19176E-01
        65  e866pd      VALUE=   0.95602      WEIGHT=   0.17669E-01
        66  d0_gamje    VALUE=    1.0396      WEIGHT=   0.16513E-01
        67  h1b         VALUE=   0.97608      WEIGHT=    0.0000    
        68  jlab_p      VALUE=   0.99508      WEIGHT=   0.58350E-02
        69  jlab_d      VALUE=   0.97805      WEIGHT=   0.60059E-02
        70  blank       VALUE=    1.0000      WEIGHT=    0.0000    
        71  d0run2      VALUE=   0.94743      WEIGHT=   0.14830E-01
        72  cdfrun2     VALUE=   0.93197      WEIGHT=   0.17550E-01
        73  HERA_el     VALUE=    1.0000      WEIGHT=    0.0000    
        74  HERA_ps     VALUE=    1.0000      WEIGHT=    0.0000    
        75  CDF_Z       VALUE=   0.96181      WEIGHT=   0.67127E-02
        76  NmcRat      VALUE=    1.0000      WEIGHT=    0.0000    
        77  BNS_F2nd    VALUE=   0.97668      WEIGHT=   0.73637E-02
        78  HERMES_F    VALUE=   0.99710      WEIGHT=   0.56156E-02
        79  HERMES_F    VALUE=   0.98065      WEIGHT=   0.58612E-02
0THE TOLERANCE IS    0.1000
 THE MAXIMUM NUMBER OF STEPS IS 100
0THE INITIAL CHI SQUARED IS  4.70089E+03
0  STEP  CHI SQUARED    PARAMETER      VALUE         ERROR
 ------------------------------------------------------------
     1    4.69979E+03
                       1  LAMBDA     2.2680E-01       FIX 
                       2  a0uv       2.3119E+00       FIX 
                       3  a1uv       6.0572E-01           
                       4  a2uv       3.5490E+00           
                       5  a3uv       0.0000E+00       FIX 
                       6  a4uv       3.6534E+00           
                       7  a5uv       0.0000E+00       FIX 
                       8  a0dv       2.5142E+01       FIX 
                       9  a1dv       1.1605E+00           
                      10  a2dv       6.6375E+00           
                      11  a3dv      -3.5264E+00           
                      12  a4dv       4.7242E+00           
                      13  a5dv       0.0000E+00       FIX 
                      14  a0ud       1.4497E-01           
                      15  a1ud      -2.0881E-01           
                      16  a2ud       8.3467E+00           
                      17  a3ud       0.0000E+00       FIX 
                      18  a4ud       1.4624E+01           
                      19  a5ud       0.0000E+00       FIX 
                      20  a0du       3.5712E+04       FIX 
                      21  a1du       4.0762E+00           
                      22  a2du       2.0300E+01           
                      23  a3du       1.7000E+01       FIX 
                      24  a4du       6.2609E+01           
                      25  a0g        4.6836E+01       FIX 
                      26  a1g        6.0652E-01           
                      27  a2g        6.2637E+00           
                      28  a3g       -3.3889E+00           
                      29  a4g        3.2909E+00           
                      30  a5g        0.0000E+00       FIX 
                      31  kappa      4.0000E-01       FIX 
                      32  a6dv      -4.2090E-03           
                      33  a7dv       2.0000E+00       FIX 
                      34  off1      -2.3888E-01           
                      35  off2       2.5305E+00           
                      36  off3      -9.2444E+00           
                      37  off4       8.2529E+00           
                      38  ht1       -3.2881E+00           
                      39  ht2        1.9298E+00           
                      40  ht3       -2.1015E+00           
                      41  ht4        0.0000E+00       FIX 
                      42  dummy42    0.0000E+00       FIX 
                      43  dummy43    0.0000E+00       FIX 
                      44  dummy44    0.0000E+00       FIX 
                      45  dummy45    0.0000E+00       FIX 
                      46  dummy46    0.0000E+00       FIX 
                      47  dummy47    0.0000E+00       FIX 
                      48  dummy48    0.0000E+00       FIX 
                      49  dummy49    0.0000E+00       FIX 
                      50  bcdmsh2    9.7105E-01           
                      51  bcdmsd2    9.9388E-01           
                      52  ccfr       1.0000E+00       FIX 
                      53  nutev      1.0000E+00       FIX 
                      54  zeus       9.7998E-01       FIX 
                      55  h1         1.0162E+00       FIX 
                      56  e605       1.0319E+00       FIX 
                      57  NmcH2      1.0086E+00           
                      58  ntv_nu     1.0000E+00       FIX 
                      59  ntv_nuba   1.0000E+00       FIX 
                      60  cdf_jet    9.8910E-01       FIX 
                      61  d0_jet     8.3504E-01       FIX 
                      62  slac_p     1.0032E+00           
                      63  slac_d     1.0050E+00           
                      64  e866pp     9.6843E-01           
                      65  e866pd     9.5423E-01           
                      66  d0_gamje   1.0396E+00           
                      67  h1b        9.7608E-01       FIX 
                      68  jlab_p     9.9463E-01           
                      69  jlab_d     9.7798E-01           
                      70  blank      1.0000E+00       FIX 
                      71  d0run2     9.4918E-01           
                      72  cdfrun2    9.3357E-01           
                      73  HERA_el    1.0000E+00       FIX 
                      74  HERA_ps    1.0000E+00       FIX 
                      75  CDF_Z      9.6033E-01           
                      76  NmcRat     1.0000E+00       FIX 
                      77  BNS_F2nd   9.7501E-01           
                      78  HERMES_F   9.9662E-01           
                      79  HERMES_F   9.8061E-01           
 ------------------------------------------------------------
     2    4.69872E+03
                       1  LAMBDA     2.2680E-01       FIX 
                       2  a0uv       2.1648E+00       FIX 
                       3  a1uv       5.9068E-01           
                       4  a2uv       3.5535E+00           
                       5  a3uv       0.0000E+00       FIX 
                       6  a4uv       3.9901E+00           
                       7  a5uv       0.0000E+00       FIX 
                       8  a0dv       2.5141E+01       FIX 
                       9  a1dv       1.1588E+00           
                      10  a2dv       6.6600E+00           
                      11  a3dv      -3.5449E+00           
                      12  a4dv       4.7660E+00           
                      13  a5dv       0.0000E+00       FIX 
                      14  a0ud       1.4316E-01           
                      15  a1ud      -2.1006E-01           
                      16  a2ud       8.4094E+00           
                      17  a3ud       0.0000E+00       FIX 
                      18  a4ud       1.5165E+01           
                      19  a5ud       0.0000E+00       FIX 
                      20  a0du       3.5712E+04       FIX 
                      21  a1du       4.0820E+00           
                      22  a2du       2.0492E+01           
                      23  a3du       1.7000E+01       FIX 
                      24  a4du       6.0387E+01           
                      25  a0g        4.7421E+01       FIX 
                      26  a1g        6.0868E-01           
                      27  a2g        6.3086E+00           
                      28  a3g       -3.4113E+00           
                      29  a4g        3.3440E+00           
                      30  a5g        0.0000E+00       FIX 
                      31  kappa      4.0000E-01       FIX 
                      32  a6dv      -4.3363E-03           
                      33  a7dv       2.0000E+00       FIX 
                      34  off1      -2.1055E-01           
                      35  off2       2.2681E+00           
                      36  off3      -8.6419E+00           
                      37  off4       7.8425E+00           
                      38  ht1       -3.3118E+00           
                      39  ht2        1.9512E+00           
                      40  ht3       -2.1030E+00           
                      41  ht4        0.0000E+00       FIX 
                      42  dummy42    0.0000E+00       FIX 
                      43  dummy43    0.0000E+00       FIX 
                      44  dummy44    0.0000E+00       FIX 
                      45  dummy45    0.0000E+00       FIX 
                      46  dummy46    0.0000E+00       FIX 
                      47  dummy47    0.0000E+00       FIX 
                      48  dummy48    0.0000E+00       FIX 
                      49  dummy49    0.0000E+00       FIX 
                      50  bcdmsh2    9.7001E-01           
                      51  bcdmsd2    9.9291E-01           
                      52  ccfr       1.0000E+00       FIX 
                      53  nutev      1.0000E+00       FIX 
                      54  zeus       9.7998E-01       FIX 
                      55  h1         1.0162E+00       FIX 
                      56  e605       1.0319E+00       FIX 
                      57  NmcH2      1.0077E+00           
                      58  ntv_nu     1.0000E+00       FIX 
                      59  ntv_nuba   1.0000E+00       FIX 
                      60  cdf_jet    9.8910E-01       FIX 
                      61  d0_jet     8.3504E-01       FIX 
                      62  slac_p     1.0022E+00           
                      63  slac_d     1.0040E+00           
                      64  e866pp     9.7341E-01           
                      65  e866pd     9.5674E-01           
                      66  d0_gamje   1.0386E+00           
                      67  h1b        9.7608E-01       FIX 
                      68  jlab_p     9.9390E-01           
                      69  jlab_d     9.7707E-01           
                      70  blank      1.0000E+00       FIX 
                      71  d0run2     9.5094E-01           
                      72  cdfrun2    9.3536E-01           
                      73  HERA_el    1.0000E+00       FIX 
                      74  HERA_ps    1.0000E+00       FIX 
                      75  CDF_Z      9.5851E-01           
                      76  NmcRat     1.0000E+00       FIX 
                      77  BNS_F2nd   9.7451E-01           
                      78  HERMES_F   9.9568E-01           
                      79  HERMES_F   9.7978E-01           
 ------------------------------------------------------------
     3    4.69849E+03
                       1  LAMBDA     2.2680E-01       FIX 
                       2  a0uv       2.0762E+00       FIX 
                       3  a1uv       5.8136E-01           
                       4  a2uv       3.5560E+00           
                       5  a3uv       0.0000E+00       FIX 
                       6  a4uv       4.2164E+00           
                       7  a5uv       0.0000E+00       FIX 
                       8  a0dv       2.4977E+01       FIX 
                       9  a1dv       1.1562E+00           
                      10  a2dv       6.6648E+00           
                      11  a3dv      -3.5520E+00           
                      12  a4dv       4.7856E+00           
                      13  a5dv       0.0000E+00       FIX 
                      14  a0ud       1.4211E-01           
                      15  a1ud      -2.1074E-01           
                      16  a2ud       8.4372E+00           
                      17  a3ud       0.0000E+00       FIX 
                      18  a4ud       1.5476E+01           
                      19  a5ud       0.0000E+00       FIX 
                      20  a0du       3.5712E+04       FIX 
                      21  a1du       4.0931E+00           
                      22  a2du       2.0558E+01           
                      23  a3du       1.7000E+01       FIX 
                      24  a4du       6.1527E+01           
                      25  a0g        4.6968E+01       FIX 
                      26  a1g        6.0651E-01           
                      27  a2g        6.2752E+00           
                      28  a3g       -3.4102E+00           
                      29  a4g        3.3413E+00           
                      30  a5g        0.0000E+00       FIX 
                      31  kappa      4.0000E-01       FIX 
                      32  a6dv      -4.4154E-03           
                      33  a7dv       2.0000E+00       FIX 
                      34  off1      -2.0149E-01           
                      35  off2       2.1597E+00           
                      36  off3      -8.3602E+00           
                      37  off4       7.6291E+00           
                      38  ht1       -3.3327E+00           
                      39  ht2        1.9649E+00           
                      40  ht3       -2.1033E+00           
                      41  ht4        0.0000E+00       FIX 
                      42  dummy42    0.0000E+00       FIX 
                      43  dummy43    0.0000E+00       FIX 
                      44  dummy44    0.0000E+00       FIX 
                      45  dummy45    0.0000E+00       FIX 
                      46  dummy46    0.0000E+00       FIX 
                      47  dummy47    0.0000E+00       FIX 
                      48  dummy48    0.0000E+00       FIX 
                      49  dummy49    0.0000E+00       FIX 
                      50  bcdmsh2    9.6941E-01           
                      51  bcdmsd2    9.9230E-01           
                      52  ccfr       1.0000E+00       FIX 
                      53  nutev      1.0000E+00       FIX 
                      54  zeus       9.7998E-01       FIX 
                      55  h1         1.0162E+00       FIX 
                      56  e605       1.0319E+00       FIX 
                      57  NmcH2      1.0072E+00           
                      58  ntv_nu     1.0000E+00       FIX 
                      59  ntv_nuba   1.0000E+00       FIX 
                      60  cdf_jet    9.8910E-01       FIX 
                      61  d0_jet     8.3504E-01       FIX 
                      62  slac_p     1.0016E+00           
                      63  slac_d     1.0034E+00           
                      64  e866pp     9.7724E-01           
                      65  e866pd     9.5836E-01           
                      66  d0_gamje   1.0380E+00           
                      67  h1b        9.7608E-01       FIX 
                      68  jlab_p     9.9347E-01           
                      69  jlab_d     9.7653E-01           
                      70  blank      1.0000E+00       FIX 
                      71  d0run2     9.5155E-01           
                      72  cdfrun2    9.3608E-01           
                      73  HERA_el    1.0000E+00       FIX 
                      74  HERA_ps    1.0000E+00       FIX 
                      75  CDF_Z      9.5723E-01           
                      76  NmcRat     1.0000E+00       FIX 
                      77  BNS_F2nd   9.7424E-01           
                      78  HERMES_F   9.9509E-01           
                      79  HERMES_F   9.7922E-01           
 ------------------------------------------------------------
     4    4.69846E+03
                       1  LAMBDA     2.2680E-01    0.0000E+00
                       2  a0uv       2.0532E+00    0.0000E+00
                       3  a1uv       5.7887E-01    2.2540E-02
                       4  a2uv       3.5567E+00    1.1246E-02
                       5  a3uv       0.0000E+00    0.0000E+00
                       6  a4uv       4.2773E+00    5.6890E-01
                       7  a5uv       0.0000E+00    0.0000E+00
                       8  a0dv       2.4945E+01    0.0000E+00
                       9  a1dv       1.1558E+00    3.2445E-02
                      10  a2dv       6.6665E+00    1.6542E-01
                      11  a3dv      -3.5534E+00    8.6788E-02
                      12  a4dv       4.7902E+00    1.5303E-01
                      13  a5dv       0.0000E+00    0.0000E+00
                      14  a0ud       1.4189E-01    5.0180E-03
                      15  a1ud      -2.1088E-01    3.8412E-03
                      16  a2ud       8.4453E+00    1.8509E-01
                      17  a3ud       0.0000E+00    0.0000E+00
                      18  a4ud       1.5568E+01    1.3008E+00
                      19  a5ud       0.0000E+00    0.0000E+00
                      20  a0du       3.5712E+04    0.0000E+00
                      21  a1du       4.0920E+00    9.8234E-02
                      22  a2du       2.0597E+01    1.0266E+00
                      23  a3du       1.7000E+01    0.0000E+00
                      24  a4du       6.0645E+01    1.6463E+01
                      25  a0g        4.7002E+01    0.0000E+00
                      26  a1g        6.0688E-01    3.0421E-02
                      27  a2g        6.2916E+00    8.5887E-01
                      28  a3g       -3.4094E+00    1.2664E-01
                      29  a4g        3.3435E+00    3.0334E-01
                      30  a5g        0.0000E+00    0.0000E+00
                      31  kappa      4.0000E-01    0.0000E+00
                      32  a6dv      -4.4351E-03    7.7103E-04
                      33  a7dv       2.0000E+00    0.0000E+00
                      34  off1      -1.9426E-01    1.3027E-01
                      35  off2       2.1181E+00    1.4585E+00
                      36  off3      -8.2882E+00    5.2752E+00
                      37  off4       7.5910E+00    5.2540E+00
                      38  ht1       -3.3402E+00    2.8034E-01
                      39  ht2        1.9685E+00    1.1585E-01
                      40  ht3       -2.1031E+00    2.9635E-02
                      41  ht4        0.0000E+00    0.0000E+00
                      42  dummy42    0.0000E+00    0.0000E+00
                      43  dummy43    0.0000E+00    0.0000E+00
                      44  dummy44    0.0000E+00    0.0000E+00
                      45  dummy45    0.0000E+00    0.0000E+00
                      46  dummy46    0.0000E+00    0.0000E+00
                      47  dummy47    0.0000E+00    0.0000E+00
                      48  dummy48    0.0000E+00    0.0000E+00
                      49  dummy49    0.0000E+00    0.0000E+00
                      50  bcdmsh2    9.6925E-01    4.8712E-03
                      51  bcdmsd2    9.9213E-01    5.8616E-03
                      52  ccfr       1.0000E+00    0.0000E+00
                      53  nutev      1.0000E+00    0.0000E+00
                      54  zeus       9.7998E-01    0.0000E+00
                      55  h1         1.0162E+00    0.0000E+00
                      56  e605       1.0319E+00    0.0000E+00
                      57  NmcH2      1.0070E+00    7.1492E-03
                      58  ntv_nu     1.0000E+00    0.0000E+00
                      59  ntv_nuba   1.0000E+00    0.0000E+00
                      60  cdf_jet    9.8910E-01    0.0000E+00
                      61  d0_jet     8.3504E-01    0.0000E+00
                      62  slac_p     1.0014E+00    4.8805E-03
                      63  slac_d     1.0033E+00    5.3493E-03
                      64  e866pp     9.7827E-01    1.9549E-02
                      65  e866pd     9.5914E-01    1.7755E-02
                      66  d0_gamje   1.0378E+00    1.6506E-02
                      67  h1b        9.7608E-01    0.0000E+00
                      68  jlab_p     9.9335E-01    5.8514E-03
                      69  jlab_d     9.7641E-01    6.0116E-03
                      70  blank      1.0000E+00    0.0000E+00
                      71  d0run2     9.5167E-01    1.4849E-02
                      72  cdfrun2    9.3626E-01    1.7597E-02
                      73  HERA_el    1.0000E+00    0.0000E+00
                      74  HERA_ps    1.0000E+00    0.0000E+00
                      75  CDF_Z      9.5699E-01    6.6921E-03
                      76  NmcRat     1.0000E+00    0.0000E+00
                      77  BNS_F2nd   9.7430E-01    7.3175E-03
                      78  HERMES_F   9.9494E-01    5.6318E-03
                      79  HERMES_F   9.7909E-01    5.8721E-03
0 MINIMIZATION TERMINATED WITH STEP  4
  TOLERANCE CRITERION      SATISFIED
0 CHI SQUARED PER DEGREE OF FREEDOM IS  1.044E+00
   1.000 -0.289 -0.983  0.231 -0.015  0.144 -0.289  0.435  0.378 -0.318 -0.530 -0.160 -0.192  0.071  0.166  0.118 -0.013  0.021  0.219 -0.218  0.129 -0.056  0.022  0.103 -0.209  0.057  0.313  0.251  0.170  0.310  0.274 -0.426 -0.265  0.102  0.214  0.219 -0.117 -0.102  0.370  0.045  0.268  0.237
  -0.289  1.000  0.429  0.284  0.327 -0.196  0.121 -0.097 -0.094  0.339  0.198  0.242 -0.030  0.149  0.012  0.095  0.049  0.019 -0.104 -0.032 -0.041  0.053 -0.058 -0.548  0.335  0.279  0.151  0.082  0.044  0.042  0.056  0.150 -0.023  0.018  0.136  0.141 -0.081 -0.043 -0.030 -0.106  0.083  0.071
  -0.983  0.429  1.000 -0.150  0.080 -0.177  0.298 -0.418 -0.368  0.368  0.552  0.190  0.186 -0.039 -0.139 -0.071  0.030 -0.017 -0.210  0.201 -0.122  0.057 -0.028 -0.178  0.249  0.016 -0.208 -0.175 -0.113 -0.204 -0.181  0.482  0.305 -0.089 -0.119 -0.134  0.071  0.067 -0.298 -0.045 -0.173 -0.151
   0.231  0.284 -0.150  1.000  0.779 -0.603  0.009  0.136  0.091 -0.083 -0.182  0.300 -0.222  0.158  0.330  0.245 -0.220  0.233  0.363 -0.093 -0.005  0.046 -0.051 -0.252  0.137  0.228  0.292  0.214  0.119  0.294  0.228  0.046 -0.095  0.054  0.249  0.143 -0.072 -0.064  0.195 -0.016  0.272  0.223
  -0.015  0.327  0.080  0.779  1.000 -0.879  0.580 -0.127 -0.137  0.189  0.176  0.102 -0.071  0.174  0.207  0.161 -0.252  0.233 -0.136 -0.124  0.219 -0.251  0.273 -0.117 -0.008  0.116  0.163  0.120  0.130  0.122  0.099  0.097  0.050  0.011  0.112  0.017 -0.018 -0.026  0.121  0.007  0.144  0.120
   0.144 -0.196 -0.177 -0.603 -0.879  1.000 -0.759  0.297  0.286 -0.186 -0.330 -0.003  0.063 -0.239 -0.161 -0.212  0.251 -0.278  0.025  0.134 -0.265  0.265 -0.257  0.158 -0.075 -0.133 -0.084 -0.061 -0.146 -0.062 -0.053 -0.147 -0.174  0.019 -0.051  0.022  0.018  0.016 -0.073 -0.141 -0.102 -0.091
  -0.289  0.121  0.298  0.009  0.580 -0.759  1.000 -0.415 -0.376  0.444  0.598 -0.308  0.180  0.061 -0.045  0.062 -0.106  0.118 -0.440 -0.041  0.344 -0.407  0.414  0.030 -0.095  0.008 -0.026 -0.018  0.131 -0.062 -0.029  0.144  0.323 -0.057 -0.050 -0.075 -0.014 -0.013  0.061  0.191 -0.009  0.008
   0.435 -0.097 -0.418  0.136 -0.127  0.297 -0.415  1.000  0.968 -0.402 -0.789  0.046 -0.094 -0.137 -0.071 -0.031  0.187 -0.140  0.175  0.055 -0.136  0.157 -0.157 -0.029 -0.017  0.060  0.227  0.182  0.142  0.226  0.191 -0.095 -0.092  0.089  0.173  0.160  0.011  0.008  0.298 -0.011  0.200  0.170
   0.378 -0.094 -0.368  0.091 -0.137  0.286 -0.376  0.968  1.000 -0.357 -0.740  0.036 -0.074 -0.126 -0.177 -0.097  0.225 -0.187  0.145  0.051 -0.130  0.147 -0.147 -0.020 -0.019  0.036  0.176  0.141  0.120  0.168  0.139 -0.102 -0.102  0.078  0.129  0.118  0.031  0.022  0.234 -0.020  0.148  0.124
  -0.318  0.339  0.368 -0.083  0.189 -0.186  0.444 -0.402 -0.357  1.000  0.737 -0.313  0.455 -0.191 -0.067 -0.162 -0.183  0.049 -0.264  0.273 -0.150  0.038  0.014  0.106 -0.041 -0.180 -0.086 -0.048  0.017 -0.076 -0.036  0.014  0.079 -0.032 -0.021 -0.027  0.128  0.071 -0.063 -0.095 -0.032  0.004
  -0.530  0.198  0.552 -0.182  0.176 -0.330  0.598 -0.789 -0.740  0.737  1.000 -0.304  0.313 -0.158 -0.037 -0.079 -0.102  0.004 -0.292  0.241  0.059 -0.168  0.198  0.115 -0.103 -0.087 -0.034 -0.018  0.067 -0.000  0.041  0.310  0.470 -0.103  0.016  0.036 -0.049 -0.062  0.044  0.110  0.028  0.070
  -0.160  0.242  0.190  0.300  0.102 -0.003 -0.308  0.046  0.036 -0.313 -0.304  1.000 -0.579  0.465  0.073  0.017 -0.088  0.079  0.205 -0.416 -0.019  0.157 -0.195 -0.179  0.207  0.035 -0.007  0.028 -0.026  0.007 -0.013  0.273 -0.268  0.052  0.041 -0.015  0.092  0.072 -0.300 -0.197  0.027 -0.028
  -0.192 -0.030  0.186 -0.222 -0.071  0.063  0.180 -0.094 -0.074  0.455  0.313 -0.579  1.000 -0.142 -0.211 -0.186  0.175 -0.212 -0.188  0.275 -0.313  0.232 -0.175  0.206 -0.224 -0.123  0.000 -0.003  0.000 -0.022 -0.029  0.113  0.110 -0.012 -0.004 -0.033 -0.019 -0.024 -0.004 -0.183 -0.041 -0.023
   0.071  0.149 -0.039  0.158  0.174 -0.239  0.061 -0.137 -0.126 -0.191 -0.158  0.465 -0.142  1.000  0.000  0.140 -0.144  0.209  0.062 -0.750  0.288 -0.106  0.044 -0.137  0.167  0.041  0.081  0.076  0.126  0.074  0.039  0.124 -0.281  0.084  0.063  0.028  0.075  0.067 -0.300 -0.255  0.081  0.043
   0.166  0.012 -0.139  0.330  0.207 -0.161 -0.045 -0.071 -0.177 -0.067 -0.037  0.073 -0.211  0.000  1.000  0.709 -0.715  0.794  0.156 -0.016  0.057 -0.051  0.046 -0.078  0.140  0.107  0.122  0.093 -0.040  0.172  0.157 -0.084 -0.041  0.030  0.113  0.117 -0.045 -0.008  0.126  0.059  0.156  0.145
   0.118  0.095 -0.071  0.245  0.161 -0.212  0.062 -0.031 -0.097 -0.162 -0.079  0.017 -0.186  0.140  0.709  1.000 -0.330  0.747  0.131 -0.100  0.129 -0.085  0.062 -0.339  0.406  0.392  0.153  0.103  0.040  0.243  0.217 -0.029  0.035  0.034  0.150  0.163 -0.284 -0.133  0.132  0.140  0.213  0.198
  -0.013  0.049  0.030 -0.220 -0.252  0.251 -0.106  0.187  0.225 -0.183 -0.102 -0.088  0.175 -0.144 -0.715 -0.330  1.000 -0.855 -0.034  0.089 -0.094  0.116 -0.128 -0.147 -0.029  0.267  0.119  0.067  0.127  0.119  0.085  0.207  0.222 -0.020  0.108  0.083 -0.355 -0.257  0.212  0.105  0.062  0.044
   0.021  0.019 -0.017  0.233  0.233 -0.278  0.118 -0.140 -0.187  0.049  0.004  0.079 -0.212  0.209  0.794  0.747 -0.855  1.000  0.072 -0.132  0.125 -0.116  0.113 -0.098  0.289  0.004 -0.081 -0.054 -0.107 -0.040 -0.022 -0.205 -0.203  0.033 -0.066 -0.035  0.146  0.154 -0.180 -0.031 -0.005  0.005
   0.219 -0.104 -0.210  0.363 -0.136  0.025 -0.440  0.175  0.145 -0.264 -0.292  0.205 -0.188  0.062  0.156  0.131 -0.034  0.072  1.000 -0.009 -0.181  0.298 -0.376 -0.275  0.255  0.194  0.136  0.092  0.019  0.171  0.126 -0.030 -0.116  0.038  0.145  0.114 -0.065 -0.039  0.071  0.064  0.144  0.116
  -0.218 -0.032  0.201 -0.093 -0.124  0.134 -0.041  0.055  0.051  0.273  0.241 -0.416  0.275 -0.750 -0.016 -0.100  0.089 -0.132 -0.009  1.000 -0.645  0.440 -0.346  0.088 -0.105 -0.044 -0.073 -0.085 -0.076 -0.063 -0.069  0.003  0.290 -0.072 -0.030 -0.067 -0.039 -0.036  0.207  0.136 -0.062 -0.069
   0.129 -0.041 -0.122 -0.005  0.219 -0.265  0.344 -0.136 -0.130 -0.150  0.059 -0.019 -0.313  0.288  0.057  0.129 -0.094  0.125 -0.181 -0.645  1.000 -0.938  0.860 -0.074  0.082  0.103  0.098 -0.025  0.120  0.106  0.043 -0.019  0.121 -0.006  0.014  0.070 -0.050 -0.038  0.100  0.247  0.115  0.045
  -0.056  0.053  0.057  0.046 -0.251  0.265 -0.407  0.157  0.147  0.038 -0.168  0.157  0.232 -0.106 -0.051 -0.085  0.116 -0.116  0.298  0.440 -0.938  1.000 -0.980  0.047 -0.059 -0.085 -0.052 -0.005 -0.104 -0.055 -0.092  0.030 -0.203  0.029  0.036 -0.120  0.036  0.031 -0.142 -0.183 -0.087 -0.072
   0.022 -0.058 -0.028 -0.051  0.273 -0.257  0.414 -0.157 -0.147  0.014  0.198 -0.195 -0.175  0.044  0.046  0.062 -0.128  0.113 -0.376 -0.346  0.860 -0.980  1.000 -0.032  0.046  0.067  0.022  0.023  0.088  0.026  0.106 -0.034  0.208 -0.034 -0.053  0.130 -0.017 -0.020  0.135  0.112  0.064  0.079
   0.103 -0.548 -0.178 -0.252 -0.117  0.158  0.030 -0.029 -0.020  0.106  0.115 -0.179  0.206 -0.137 -0.078 -0.339 -0.147 -0.098 -0.275  0.088 -0.074  0.047 -0.032  1.000 -0.824 -0.584 -0.065 -0.038  0.021 -0.066 -0.067  0.023  0.083 -0.015 -0.145 -0.171  0.180  0.081  0.038 -0.044 -0.072 -0.065
  -0.209  0.335  0.249  0.137 -0.008 -0.075 -0.095 -0.017 -0.019 -0.041 -0.103  0.207 -0.224  0.167  0.140  0.406 -0.029  0.289  0.255 -0.105  0.082 -0.059  0.046 -0.824  1.000  0.310 -0.098 -0.087 -0.117  0.047  0.053 -0.095 -0.181  0.016  0.041  0.105 -0.030  0.040 -0.238 -0.008  0.024  0.018
   0.057  0.279  0.016  0.228  0.116 -0.133  0.008  0.060  0.036 -0.180 -0.087  0.035 -0.123  0.041  0.107  0.392  0.267  0.004  0.194 -0.044  0.103 -0.085  0.067 -0.584  0.310  1.000  0.241  0.183  0.093  0.081  0.085  0.101  0.140  0.013 -0.016  0.027 -0.337 -0.212  0.222  0.142  0.134  0.130
   0.313  0.151 -0.208  0.292  0.163 -0.084 -0.026  0.227  0.176 -0.086 -0.034 -0.007  0.000  0.081  0.122  0.153  0.119 -0.081  0.136 -0.073  0.098 -0.052  0.022 -0.065 -0.098  0.241  1.000  0.487  0.391  0.699  0.609  0.366  0.407  0.060  0.560  0.505 -0.257 -0.221  0.583  0.135  0.606  0.553
   0.251  0.082 -0.175  0.214  0.120 -0.061 -0.018  0.182  0.141 -0.048 -0.018  0.028 -0.003  0.076  0.093  0.103  0.067 -0.054  0.092 -0.085 -0.025 -0.005  0.023 -0.038 -0.087  0.183  0.487  1.000  0.327  0.533  0.668  0.308  0.317  0.050  0.421  0.553 -0.183 -0.163  0.454 -0.065  0.485  0.583
