 Correlated errors added in quadrature with statistical errors
 BNS_F2nd   DIS data with   1.69< Q2 < 0.100D+06 and 0.000 < xB < 1.000 and   3.00< W2 < 0.100D+08 and 0.000 < y < 1.000
   WBArel smearing  (AV18) - freepar off-shell nuke corrections
   GP TMC applied
   HT corrections, multiplicative C=C(xB)
 Correlated errors added in quadrature with statistical errors
 HerF2pCut  DIS data with   1.69< Q2 < 0.500D+03 and 0.000 < xB < 1.000 and   3.00< W2 < 0.100D+04 and 0.000 < y < 1.000
   GP TMC applied
   HT corrections, multiplicative C=C(xB)
 Correlated errors added in quadrature with statistical errors
 HerF2dCut  DIS data with   1.69< Q2 < 0.500D+03 and 0.000 < xB < 1.000 and   3.00< W2 < 0.100D+04 and 0.000 < y < 1.000
   WBArel smearing  (AV18) - freepar off-shell nuke corrections
   GP TMC applied
   HT corrections, multiplicative C=C(xB)
 Correlated errors added in quadrature with statistical errors
 slac_p     DIS data with   1.69< Q2 < 0.500D+03 and 0.000 < xB < 1.000 and   3.00< W2 < 0.100D+04 and 0.000 < y < 1.000
   GP TMC applied
   HT corrections, multiplicative C=C(xB)
 Correlated errors added in quadrature with statistical errors
 slac_d     DIS data with   1.69< Q2 < 0.500D+03 and 0.000 < xB < 1.000 and   3.00< W2 < 0.100D+04 and 0.000 < y < 1.000
   WBArel smearing  (AV18) - freepar off-shell nuke corrections
   GP TMC applied
   HT corrections, multiplicative C=C(xB)
 Correlated errors treated separately from statistical errors
 BcdF2pCor  DIS data with   1.69< Q2 < 0.500D+03 and 0.000 < xB < 1.000 and   3.00< W2 < 0.100D+04 and 0.000 < y < 1.000
   GP TMC applied
   HT corrections, multiplicative C=C(xB)
 Correlated errors treated separately from statistical errors
 BcdF2dCor  DIS data with   1.69< Q2 < 0.500D+03 and 0.000 < xB < 1.000 and   3.00< W2 < 0.100D+04 and 0.000 < y < 1.000
   WBArel smearing  (AV18) - freepar off-shell nuke corrections
   GP TMC applied
   HT corrections, multiplicative C=C(xB)
 Correlated errors treated separately from statistical errors
 NmcF2pCor  DIS data with   1.69< Q2 < 0.500D+03 and 0.000 < xB < 1.000 and   3.00< W2 < 0.100D+04 and 0.000 < y < 1.000
   GP TMC applied
   HT corrections, multiplicative C=C(xB)
 Correlated errors treated separately from statistical errors
 NmcRatCor  DIS data with   1.69< Q2 < 0.500D+03 and 0.000 < xB < 1.000 and   3.00< W2 < 0.100D+04 and 0.000 < y < 1.000
   WBArel smearing  (AV18) - freepar off-shell nuke corrections
   GP TMC applied
   HT corrections, multiplicative C=C(xB)
 Correlated errors treated separately from statistical errors
 H2_NC_em   DIS data with   1.69< Q2 < 0.100D+06 and 0.000 < xB < 1.000 and   3.00< W2 < 0.100D+08 and 0.000 < y < 1.000
   GP TMC applied
   HT corrections, multiplicative C=C(xB)
 Correlated errors treated separately from statistical errors
 H2_NC_ep_1 DIS data with   1.69< Q2 < 0.100D+06 and 0.000 < xB < 1.000 and   3.00< W2 < 0.100D+08 and 0.000 < y < 1.000
   GP TMC applied
   HT corrections, multiplicative C=C(xB)
 Correlated errors treated separately from statistical errors
 H2_NC_ep_2 DIS data with   1.69< Q2 < 0.100D+06 and 0.000 < xB < 1.000 and   3.00< W2 < 0.100D+08 and 0.000 < y < 1.000
   GP TMC applied
   HT corrections, multiplicative C=C(xB)
 Correlated errors treated separately from statistical errors
 H2_NC_ep_3 DIS data with   1.69< Q2 < 0.100D+06 and 0.000 < xB < 1.000 and   3.00< W2 < 0.100D+08 and 0.000 < y < 1.000
   GP TMC applied
   HT corrections, multiplicative C=C(xB)
 Correlated errors treated separately from statistical errors
 H2_NC_ep_4 DIS data with   1.69< Q2 < 0.100D+06 and 0.000 < xB < 1.000 and   3.00< W2 < 0.100D+08 and 0.000 < y < 1.000
   GP TMC applied
   HT corrections, multiplicative C=C(xB)
 Correlated errors treated separately from statistical errors
 H2_CC_em   DIS data with   1.69< Q2 < 0.100D+06 and 0.000 < xB < 1.000 and   3.00< W2 < 0.100D+08 and 0.000 < y < 1.000
   GP TMC applied
   HT corrections, multiplicative C=C(xB)
 Correlated errors treated separately from statistical errors
 H2_CC_ep   DIS data with   1.69< Q2 < 0.100D+06 and 0.000 < xB < 1.000 and   3.00< W2 < 0.100D+08 and 0.000 < y < 1.000
   GP TMC applied
   HT corrections, multiplicative C=C(xB)
 Correlated errors added in quadrature with statistical errors
 e866pp06xf vector boson data with Q2 >=  36.00
 Correlated errors added in quadrature with statistical errors
 e866pd06xf vector boson data with Q2 >=  36.00
 Correlated errors added in quadrature with statistical errors
 cdfLasy05  vector boson data with Q2 >=   0.00
 Correlated errors added in quadrature with statistical errors
 d0Lasy_e15 vector boson data with Q2 >=   0.00
 Correlated errors added in quadrature with statistical errors
 d0Lasy13   vector boson data with Q2 >=   0.00
 Correlated errors added in quadrature with statistical errors
 CDF_Wasy   vector boson data with Q2 >=   0.00
 Correlated errors added in quadrature with statistical errors
 D0_Wasy    vector boson data with Q2 >=   0.00
 Correlated errors added in quadrature with statistical errors
 CDF_Z      vector boson data with Q2 >=   0.00
 Correlated errors added in quadrature with statistical errors
 D0_Z       vector boson data with Q2 >=   0.00
 Correlated errors added in quadrature with statistical errors
 d0run2coneJet data - errors added in quadrature
 Correlated errors added in quadrature with statistical errors
 CDFrun2jetJet data - errors added in quadrature
 Correlated errors added in quadrature with statistical errors
 d0_gamjet1 Photon data -- cuts to be written yet ...
 Correlated errors added in quadrature with statistical errors
 d0_gamjet2 Photon data -- cuts to be written yet ...
 Correlated errors added in quadrature with statistical errors
 d0_gamjet3 Photon data -- cuts to be written yet ...
 Correlated errors added in quadrature with statistical errors
 d0_gamjet4 Photon data -- cuts to be written yet ...

# fitpack15: fit output
# CJ15 AV18 final data choices                                                 

Parametrization   7 used here

 S-ACOT scheme used  for NC DIS

 charm mass =     1.30 GeV     bottom mass =     4.50 GeV



 THIS IS A NEXT TO LEADING ORDER FIT

 Q02=    1.69
         1  LAMBDA      VALUE=   0.22680      WEIGHT=    0.0000    
         2  a0uv        VALUE=    2.3582      WEIGHT=    0.0000    
         3  a1uv        VALUE=   0.61026      WEIGHT=   0.20370E-01
         4  a2uv        VALUE=    3.5472      WEIGHT=   0.12283E-01
         5  a3uv        VALUE=    0.0000      WEIGHT=    0.0000    
         6  a4uv        VALUE=    3.5532      WEIGHT=   0.44812    
         7  a5uv        VALUE=    0.0000      WEIGHT=    0.0000    
         8  a0dv        VALUE=    24.904      WEIGHT=    0.0000    
         9  a1dv        VALUE=    1.1593      WEIGHT=   0.33146E-01
        10  a2dv        VALUE=    6.6165      WEIGHT=   0.16667    
        11  a3dv        VALUE=   -3.5152      WEIGHT=   0.88423E-01
        12  a4dv        VALUE=    4.7073      WEIGHT=   0.15427    
        13  a5dv        VALUE=    0.0000      WEIGHT=    0.0000    
        14  a0ud        VALUE=   0.14578      WEIGHT=   0.50606E-02
        15  a1ud        VALUE=  -0.20825      WEIGHT=   0.37844E-02
        16  a2ud        VALUE=    8.3222      WEIGHT=   0.18976    
        17  a3ud        VALUE=    0.0000      WEIGHT=    0.0000    
        18  a4ud        VALUE=    14.490      WEIGHT=    1.2479    
        19  a5ud        VALUE=    0.0000      WEIGHT=    0.0000    
        20  a0du        VALUE=    35712.      WEIGHT=    0.0000    
        21  a1du        VALUE=    4.0618      WEIGHT=   0.88100E-01
        22  a2du        VALUE=    20.234      WEIGHT=   0.94625    
        23  a3du        VALUE=    17.000      WEIGHT=    0.0000    
        24  a4du        VALUE=    59.846      WEIGHT=    15.050    
        25  a0g         VALUE=    46.313      WEIGHT=    0.0000    
        26  a1g         VALUE=   0.60481      WEIGHT=   0.30270E-01
        27  a2g         VALUE=    6.2498      WEIGHT=   0.90795    
        28  a3g         VALUE=   -3.3664      WEIGHT=   0.12722    
        29  a4g         VALUE=    3.2450      WEIGHT=   0.29251    
        30  a5g         VALUE=    0.0000      WEIGHT=    0.0000    
        31  kappa       VALUE=   0.40000      WEIGHT=    0.0000    
        32  a6dv        VALUE=  -0.41389E-02  WEIGHT=   0.77794E-03
        33  a7dv        VALUE=    2.0000      WEIGHT=    0.0000    
        34  off1        VALUE=  -0.20655      WEIGHT=   0.10000    
        35  off2        VALUE=    2.5915      WEIGHT=    1.0000    
        36  off3        VALUE=   -9.4263      WEIGHT=    1.0000    
        37  ht1         VALUE=   -3.2874      WEIGHT=   0.26061    
        38  ht2         VALUE=    1.9274      WEIGHT=   0.10524    
        39  ht3         VALUE=   -2.0701      WEIGHT=   0.19888E-01
        40  ht4         VALUE=    0.0000      WEIGHT=    0.0000    
        41  dummy41     VALUE=    0.0000      WEIGHT=    0.0000    
        42  dummy42     VALUE=    0.0000      WEIGHT=    0.0000    
        43  dummy43     VALUE=    0.0000      WEIGHT=    0.0000    
        44  dummy44     VALUE=    0.0000      WEIGHT=    0.0000    
        45  dummy45     VALUE=    0.0000      WEIGHT=    0.0000    
        46  dummy46     VALUE=    0.0000      WEIGHT=    0.0000    
        47  dummy47     VALUE=    0.0000      WEIGHT=    0.0000    
        48  dummy48     VALUE=    0.0000      WEIGHT=    0.0000    
        49  dummy49     VALUE=    0.0000      WEIGHT=    0.0000    
        50  bcdmsh2     VALUE=   0.97156      WEIGHT=   0.48614E-02
        51  bcdmsd2     VALUE=   0.99377      WEIGHT=   0.58578E-02
        52  ccfr        VALUE=    1.0000      WEIGHT=    0.0000    
        53  nutev       VALUE=    1.0000      WEIGHT=    0.0000    
        54  zeus        VALUE=   0.97998      WEIGHT=    0.0000    
        55  h1          VALUE=    1.0162      WEIGHT=    0.0000    
        56  e605        VALUE=    1.0319      WEIGHT=    0.0000    
        57  NmcH2       VALUE=    1.0090      WEIGHT=   0.71416E-02
        58  ntv_nu      VALUE=    1.0000      WEIGHT=    0.0000    
        59  ntv_nuba    VALUE=    1.0000      WEIGHT=    0.0000    
        60  cdf_jet     VALUE=   0.98910      WEIGHT=    0.0000    
        61  d0_jet      VALUE=   0.83504      WEIGHT=    0.0000    
        62  slac_p      VALUE=    1.0037      WEIGHT=   0.48583E-02
        63  slac_d      VALUE=    1.0050      WEIGHT=   0.53349E-02
        64  e866pp      VALUE=   0.96705      WEIGHT=   0.19176E-01
        65  e866pd      VALUE=   0.95602      WEIGHT=   0.17669E-01
        66  d0_gamje    VALUE=    1.0396      WEIGHT=   0.16513E-01
        67  h1b         VALUE=   0.97608      WEIGHT=    0.0000    
        68  blank       VALUE=    1.0000      WEIGHT=    0.0000    
        69  d0run2      VALUE=   0.94743      WEIGHT=   0.14830E-01
        70  cdfrun2     VALUE=   0.93197      WEIGHT=   0.17550E-01
        71  HERA_el     VALUE=    1.0000      WEIGHT=    0.0000    
        72  HERA_ps     VALUE=    1.0000      WEIGHT=    0.0000    
        73  CDF_Z       VALUE=   0.96181      WEIGHT=   0.67127E-02
        74  NmcRat      VALUE=    1.0000      WEIGHT=    0.0000    
        75  HERMES_F    VALUE=   0.99710      WEIGHT=   0.56156E-02
        76  HERMES_F    VALUE=   0.98065      WEIGHT=   0.58612E-02
        77  BNS_F2nd    VALUE=   0.97668      WEIGHT=   0.73637E-02
0THE TOLERANCE IS    0.1000
 THE MAXIMUM NUMBER OF STEPS IS 100
0THE INITIAL CHI SQUARED IS  6.22311E+03
0  STEP  CHI SQUARED    PARAMETER      VALUE         ERROR
 ------------------------------------------------------------
     1    4.40612E+03
                       1  LAMBDA     2.2680E-01       FIX 
                       2  a0uv       2.2967E+00       FIX 
                       3  a1uv       6.0428E-01           
                       4  a2uv       3.5566E+00           
                       5  a3uv       0.0000E+00       FIX 
                       6  a4uv       3.7065E+00           
                       7  a5uv       0.0000E+00       FIX 
                       8  a0dv       2.5268E+01       FIX 
                       9  a1dv       1.1627E+00           
                      10  a2dv       6.5659E+00           
                      11  a3dv      -3.5087E+00           
                      12  a4dv       4.6501E+00           
                      13  a5dv       0.0000E+00       FIX 
                      14  a0ud       1.4518E-01           
                      15  a1ud      -2.0861E-01           
                      16  a2ud       8.3129E+00           
                      17  a3ud       0.0000E+00       FIX 
                      18  a4ud       1.4092E+01           
                      19  a5ud       0.0000E+00       FIX 
                      20  a0du       3.5712E+04       FIX 
                      21  a1du       4.1229E+00           
                      22  a2du       2.0296E+01           
                      23  a3du       1.7000E+01       FIX 
                      24  a4du       6.8230E+01           
                      25  a0g        4.5472E+01       FIX 
                      26  a1g        6.0239E-01           
                      27  a2g        6.1950E+00           
                      28  a3g       -3.3595E+00           
                      29  a4g        3.2449E+00           
                      30  a5g        0.0000E+00       FIX 
                      31  kappa      4.0000E-01       FIX 
                      32  a6dv      -3.4758E-03           
                      33  a7dv       2.0000E+00       FIX 
                      34  off1      -2.3813E-01           
                      35  off2       1.2176E+00           
                      36  off3      -1.9519E+00           
                      37  ht1       -3.7077E+00           
                      38  ht2        2.0410E+00           
                      39  ht3       -2.0963E+00           
                      40  ht4        0.0000E+00       FIX 
                      41  dummy41    0.0000E+00       FIX 
                      42  dummy42    0.0000E+00       FIX 
                      43  dummy43    0.0000E+00       FIX 
                      44  dummy44    0.0000E+00       FIX 
                      45  dummy45    0.0000E+00       FIX 
                      46  dummy46    0.0000E+00       FIX 
                      47  dummy47    0.0000E+00       FIX 
                      48  dummy48    0.0000E+00       FIX 
                      49  dummy49    0.0000E+00       FIX 
                      50  bcdmsh2    9.7016E-01           
                      51  bcdmsd2    9.9147E-01           
                      52  ccfr       1.0000E+00       FIX 
                      53  nutev      1.0000E+00       FIX 
                      54  zeus       9.7998E-01       FIX 
                      55  h1         1.0162E+00       FIX 
                      56  e605       1.0319E+00       FIX 
                      57  NmcH2      1.0066E+00           
                      58  ntv_nu     1.0000E+00       FIX 
                      59  ntv_nuba   1.0000E+00       FIX 
                      60  cdf_jet    9.8910E-01       FIX 
                      61  d0_jet     8.3504E-01       FIX 
                      62  slac_p     1.0023E+00           
                      63  slac_d     1.0015E+00           
                      64  e866pp     9.6413E-01           
                      65  e866pd     9.4143E-01           
                      66  d0_gamje   1.0406E+00           
                      67  h1b        9.7608E-01       FIX 
                      68  blank      1.0000E+00       FIX 
                      69  d0run2     9.4986E-01           
                      70  cdfrun2    9.3509E-01           
                      71  HERA_el    1.0000E+00       FIX 
                      72  HERA_ps    1.0000E+00       FIX 
                      73  CDF_Z      9.5654E-01           
                      74  NmcRat     1.0000E+00       FIX 
                      75  HERMES_F   9.9508E-01           
                      76  HERMES_F   9.7773E-01           
                      77  BNS_F2nd   9.7570E-01           
 ------------------------------------------------------------
     2    4.40472E+03
                       1  LAMBDA     2.2680E-01       FIX 
                       2  a0uv       2.2344E+00       FIX 
                       3  a1uv       5.9782E-01           
                       4  a2uv       3.5579E+00           
                       5  a3uv       0.0000E+00       FIX 
                       6  a4uv       3.8394E+00           
                       7  a5uv       0.0000E+00       FIX 
                       8  a0dv       2.5132E+01       FIX 
                       9  a1dv       1.1623E+00           
                      10  a2dv       6.5687E+00           
                      11  a3dv      -3.4984E+00           
                      12  a4dv       4.6395E+00           
                      13  a5dv       0.0000E+00       FIX 
                      14  a0ud       1.4556E-01           
                      15  a1ud      -2.0832E-01           
                      16  a2ud       8.3513E+00           
                      17  a3ud       0.0000E+00       FIX 
                      18  a4ud       1.4189E+01           
                      19  a5ud       0.0000E+00       FIX 
                      20  a0du       3.5712E+04       FIX 
                      21  a1du       4.0988E+00           
                      22  a2du       2.0644E+01           
                      23  a3du       1.7000E+01       FIX 
                      24  a4du       5.7116E+01           
                      25  a0g        4.5551E+01       FIX 
                      26  a1g        6.0331E-01           
                      27  a2g        6.1764E+00           
                      28  a3g       -3.3592E+00           
                      29  a4g        3.2423E+00           
                      30  a5g        0.0000E+00       FIX 
                      31  kappa      4.0000E-01       FIX 
                      32  a6dv      -3.6444E-03           
                      33  a7dv       2.0000E+00       FIX 
                      34  off1      -1.6073E-01           
                      35  off2       5.3735E-01           
                      36  off3      -1.0080E+00           
                      37  ht1       -3.7627E+00           
                      38  ht2        2.0523E+00           
                      39  ht3       -2.0958E+00           
                      40  ht4        0.0000E+00       FIX 
                      41  dummy41    0.0000E+00       FIX 
                      42  dummy42    0.0000E+00       FIX 
                      43  dummy43    0.0000E+00       FIX 
                      44  dummy44    0.0000E+00       FIX 
                      45  dummy45    0.0000E+00       FIX 
                      46  dummy46    0.0000E+00       FIX 
                      47  dummy47    0.0000E+00       FIX 
                      48  dummy48    0.0000E+00       FIX 
                      49  dummy49    0.0000E+00       FIX 
                      50  bcdmsh2    9.6914E-01           
                      51  bcdmsd2    9.9131E-01           
                      52  ccfr       1.0000E+00       FIX 
                      53  nutev      1.0000E+00       FIX 
                      54  zeus       9.7998E-01       FIX 
                      55  h1         1.0162E+00       FIX 
                      56  e605       1.0319E+00       FIX 
                      57  NmcH2      1.0055E+00           
                      58  ntv_nu     1.0000E+00       FIX 
                      59  ntv_nuba   1.0000E+00       FIX 
                      60  cdf_jet    9.8910E-01       FIX 
                      61  d0_jet     8.3504E-01       FIX 
                      62  slac_p     1.0015E+00           
                      63  slac_d     1.0016E+00           
                      64  e866pp     9.6341E-01           
                      65  e866pd     9.4176E-01           
                      66  d0_gamje   1.0399E+00           
                      67  h1b        9.7608E-01       FIX 
                      68  blank      1.0000E+00       FIX 
                      69  d0run2     9.5085E-01           
                      70  cdfrun2    9.3614E-01           
                      71  HERA_el    1.0000E+00       FIX 
                      72  HERA_ps    1.0000E+00       FIX 
                      73  CDF_Z      9.5604E-01           
                      74  NmcRat     1.0000E+00       FIX 
                      75  HERMES_F   9.9422E-01           
                      76  HERMES_F   9.7763E-01           
                      77  BNS_F2nd   9.7382E-01           
 ------------------------------------------------------------
     3    4.40269E+03
                       1  LAMBDA     2.2680E-01       FIX 
                       2  a0uv       2.0756E+00       FIX 
                       3  a1uv       5.8110E-01           
                       4  a2uv       3.5628E+00           
                       5  a3uv       0.0000E+00       FIX 
                       6  a4uv       4.2288E+00           
                       7  a5uv       0.0000E+00       FIX 
                       8  a0dv       2.4589E+01       FIX 
                       9  a1dv       1.1550E+00           
                      10  a2dv       6.5737E+00           
                      11  a3dv      -3.5096E+00           
                      12  a4dv       4.6788E+00           
                      13  a5dv       0.0000E+00       FIX 
                      14  a0ud       1.4356E-01           
                      15  a1ud      -2.0962E-01           
                      16  a2ud       8.4064E+00           
                      17  a3ud       0.0000E+00       FIX 
                      18  a4ud       1.4706E+01           
                      19  a5ud       0.0000E+00       FIX 
                      20  a0du       3.5712E+04       FIX 
                      21  a1du       4.1287E+00           
                      22  a2du       2.0725E+01           
                      23  a3du       1.7000E+01       FIX 
                      24  a4du       6.2978E+01           
                      25  a0g        4.4312E+01       FIX 
                      26  a1g        5.9736E-01           
                      27  a2g        6.0998E+00           
                      28  a3g       -3.3582E+00           
                      29  a4g        3.2450E+00           
                      30  a5g        0.0000E+00       FIX 
                      31  kappa      4.0000E-01       FIX 
                      32  a6dv      -3.8506E-03           
                      33  a7dv       2.0000E+00       FIX 
                      34  off1      -1.5081E-01           
                      35  off2       3.4923E-01           
                      36  off3      -7.2525E-01           
                      37  ht1       -3.8166E+00           
                      38  ht2        2.0821E+00           
                      39  ht3       -2.0962E+00           
                      40  ht4        0.0000E+00       FIX 
                      41  dummy41    0.0000E+00       FIX 
                      42  dummy42    0.0000E+00       FIX 
                      43  dummy43    0.0000E+00       FIX 
                      44  dummy44    0.0000E+00       FIX 
                      45  dummy45    0.0000E+00       FIX 
                      46  dummy46    0.0000E+00       FIX 
                      47  dummy47    0.0000E+00       FIX 
                      48  dummy48    0.0000E+00       FIX 
                      49  dummy49    0.0000E+00       FIX 
                      50  bcdmsh2    9.6791E-01           
                      51  bcdmsd2    9.9041E-01           
                      52  ccfr       1.0000E+00       FIX 
                      53  nutev      1.0000E+00       FIX 
                      54  zeus       9.7998E-01       FIX 
                      55  h1         1.0162E+00       FIX 
                      56  e605       1.0319E+00       FIX 
                      57  NmcH2      1.0046E+00           
                      58  ntv_nu     1.0000E+00       FIX 
                      59  ntv_nuba   1.0000E+00       FIX 
                      60  cdf_jet    9.8910E-01       FIX 
                      61  d0_jet     8.3504E-01       FIX 
                      62  slac_p     1.0003E+00           
                      63  slac_d     1.0006E+00           
                      64  e866pp     9.6977E-01           
                      65  e866pd     9.4376E-01           
                      66  d0_gamje   1.0390E+00           
                      67  h1b        9.7608E-01       FIX 
                      68  blank      1.0000E+00       FIX 
                      69  d0run2     9.5291E-01           
                      70  cdfrun2    9.3822E-01           
                      71  HERA_el    1.0000E+00       FIX 
                      72  HERA_ps    1.0000E+00       FIX 
                      73  CDF_Z      9.5341E-01           
                      74  NmcRat     1.0000E+00       FIX 
                      75  HERMES_F   9.9304E-01           
                      76  HERMES_F   9.7667E-01           
                      77  BNS_F2nd   9.7239E-01           
 ------------------------------------------------------------
     4    4.40265E+03
                       1  LAMBDA     2.2680E-01    0.0000E+00
                       2  a0uv       2.0734E+00    0.0000E+00
                       3  a1uv       5.8085E-01    2.2523E-02
                       4  a2uv       3.5627E+00    1.1676E-02
                       5  a3uv       0.0000E+00    0.0000E+00
                       6  a4uv       4.2340E+00    5.6330E-01
                       7  a5uv       0.0000E+00    0.0000E+00
                       8  a0dv       2.4596E+01    0.0000E+00
                       9  a1dv       1.1552E+00    3.2679E-02
                      10  a2dv       6.5743E+00    1.6032E-01
                      11  a3dv      -3.5087E+00    8.5354E-02
                      12  a4dv       4.6777E+00    1.3903E-01
                      13  a5dv       0.0000E+00    0.0000E+00
                      14  a0ud       1.4365E-01    4.9942E-03
                      15  a1ud      -2.0954E-01    3.7811E-03
                      16  a2ud       8.4089E+00    1.9103E-01
                      17  a3ud       0.0000E+00    0.0000E+00
                      18  a4ud       1.4734E+01    1.2477E+00
                      19  a5ud       0.0000E+00    0.0000E+00
                      20  a0du       3.5712E+04    0.0000E+00
                      21  a1du       4.1188E+00    1.0425E-01
                      22  a2du       2.0764E+01    1.0923E+00
                      23  a3du       1.7000E+01    0.0000E+00
                      24  a4du       5.9872E+01    1.6166E+01
                      25  a0g        4.4630E+01    0.0000E+00
                      26  a1g        5.9907E-01    3.0321E-02
                      27  a2g        6.1160E+00    8.6408E-01
                      28  a3g       -3.3578E+00    1.2571E-01
                      29  a4g        3.2433E+00    2.9705E-01
                      30  a5g        0.0000E+00    0.0000E+00
                      31  kappa      4.0000E-01    0.0000E+00
                      32  a6dv      -3.8484E-03    7.1922E-04
                      33  a7dv       2.0000E+00    0.0000E+00
                      34  off1      -1.4055E-01    1.2207E-01
                      35  off2       3.2876E-01    7.4611E-01
                      36  off3      -7.2073E-01    1.0417E+00
                      37  ht1       -3.8151E+00    3.3562E-01
                      38  ht2        2.0803E+00    1.2017E-01
                      39  ht3       -2.0966E+00    2.8237E-02
                      40  ht4        0.0000E+00    0.0000E+00
                      41  dummy41    0.0000E+00    0.0000E+00
                      42  dummy42    0.0000E+00    0.0000E+00
                      43  dummy43    0.0000E+00    0.0000E+00
                      44  dummy44    0.0000E+00    0.0000E+00
                      45  dummy45    0.0000E+00    0.0000E+00
                      46  dummy46    0.0000E+00    0.0000E+00
                      47  dummy47    0.0000E+00    0.0000E+00
                      48  dummy48    0.0000E+00    0.0000E+00
                      49  dummy49    0.0000E+00    0.0000E+00
                      50  bcdmsh2    9.6775E-01    5.0584E-03
                      51  bcdmsd2    9.9019E-01    6.0503E-03
                      52  ccfr       1.0000E+00    0.0000E+00
                      53  nutev      1.0000E+00    0.0000E+00
                      54  zeus       9.7998E-01    0.0000E+00
                      55  h1         1.0162E+00    0.0000E+00
                      56  e605       1.0319E+00    0.0000E+00
                      57  NmcH2      1.0043E+00    7.2227E-03
                      58  ntv_nu     1.0000E+00    0.0000E+00
                      59  ntv_nuba   1.0000E+00    0.0000E+00
                      60  cdf_jet    9.8910E-01    0.0000E+00
                      61  d0_jet     8.3504E-01    0.0000E+00
                      62  slac_p     1.0001E+00    5.2300E-03
                      63  slac_d     1.0004E+00    5.7077E-03
                      64  e866pp     9.6936E-01    1.9668E-02
                      65  e866pd     9.4414E-01    1.7509E-02
                      66  d0_gamje   1.0388E+00    1.6511E-02
                      67  h1b        9.7608E-01    0.0000E+00
                      68  blank      1.0000E+00    0.0000E+00
                      69  d0run2     9.5320E-01    1.5066E-02
                      70  cdfrun2    9.3847E-01    1.7760E-02
                      71  HERA_el    1.0000E+00    0.0000E+00
                      72  HERA_ps    1.0000E+00    0.0000E+00
                      73  CDF_Z      9.5339E-01    6.8236E-03
                      74  NmcRat     1.0000E+00    0.0000E+00
                      75  HERMES_F   9.9286E-01    5.8827E-03
                      76  HERMES_F   9.7648E-01    6.1449E-03
                      77  BNS_F2nd   9.7281E-01    7.2611E-03
0 MINIMIZATION TERMINATED WITH STEP  4
  TOLERANCE CRITERION      SATISFIED
0 CHI SQUARED PER DEGREE OF FREEDOM IS  1.041E+00
   1.000 -0.297 -0.982  0.249 -0.012  0.138 -0.322  0.452  0.391 -0.333 -0.545 -0.155 -0.183  0.067  0.166  0.115  0.002  0.005  0.240 -0.220  0.211 -0.170  0.119 -0.224  0.044  0.331  0.271  0.187  0.328  0.295 -0.390 -0.242  0.103 -0.131 -0.114  0.389  0.289  0.259  0.047
  -0.297  1.000  0.443  0.282  0.350 -0.219  0.161 -0.103 -0.099  0.340  0.218  0.245 -0.051  0.158  0.010  0.102  0.057  0.018 -0.172 -0.056  0.017 -0.021 -0.576  0.373  0.292  0.157  0.091  0.055  0.066  0.082  0.159  0.000  0.017 -0.089 -0.048 -0.014  0.099  0.089 -0.098
  -0.982  0.443  1.000 -0.163  0.083 -0.176  0.334 -0.432 -0.380  0.383  0.571  0.187  0.174 -0.033 -0.137 -0.063  0.020 -0.004 -0.240  0.200 -0.188  0.150 -0.202  0.270  0.032 -0.217 -0.186 -0.122 -0.211 -0.190  0.455  0.293 -0.090  0.078  0.074 -0.306 -0.183 -0.163 -0.044
   0.249  0.282 -0.163  1.000  0.821 -0.653  0.069  0.144  0.095 -0.093 -0.180  0.297 -0.241  0.162  0.339  0.266 -0.209  0.236  0.233 -0.121  0.079 -0.023 -0.262  0.148  0.243  0.316  0.238  0.143  0.321  0.262  0.062 -0.062  0.056 -0.094 -0.081  0.230  0.300  0.253 -0.003
  -0.012  0.350  0.083  0.821  1.000 -0.876  0.567 -0.083 -0.097  0.182  0.125  0.161 -0.031  0.168  0.205  0.161 -0.214  0.210 -0.188 -0.034 -0.022  0.077 -0.122 -0.012  0.113  0.171  0.125  0.115  0.130  0.084  0.113  0.002  0.022 -0.025 -0.030  0.101  0.141  0.111 -0.014
   0.138 -0.219 -0.176 -0.653 -0.876  1.000 -0.752  0.255  0.249 -0.172 -0.276 -0.068  0.039 -0.240 -0.166 -0.219  0.218 -0.264  0.032  0.058 -0.100  0.078  0.169 -0.082 -0.137 -0.089 -0.063 -0.127 -0.068 -0.036 -0.156 -0.120  0.009  0.023  0.016 -0.047 -0.097 -0.079 -0.120
  -0.322  0.161  0.334  0.069  0.567 -0.752  1.000 -0.389 -0.351  0.467  0.566 -0.240  0.260  0.058 -0.058  0.050 -0.064  0.089 -0.376  0.109 -0.012 -0.016  0.033 -0.110 -0.008 -0.039 -0.034  0.097 -0.079 -0.084  0.164  0.249 -0.046 -0.007 -0.003 -0.002 -0.039 -0.031  0.166
   0.452 -0.103 -0.432  0.144 -0.083  0.255 -0.389  1.000  0.967 -0.415 -0.774  0.018 -0.122 -0.131 -0.066 -0.020  0.182 -0.137  0.136  0.001 -0.004  0.013 -0.037 -0.013  0.072  0.253  0.208  0.177  0.254  0.234 -0.078 -0.037  0.086 -0.008 -0.008  0.343  0.234  0.208  0.010
   0.391 -0.099 -0.380  0.095 -0.097  0.249 -0.351  0.967  1.000 -0.369 -0.726  0.009 -0.099 -0.120 -0.176 -0.089  0.219 -0.185  0.109  0.002 -0.010  0.018 -0.028 -0.014  0.047  0.196  0.161  0.149  0.189  0.174 -0.090 -0.055  0.074  0.016  0.009  0.272  0.176  0.154 -0.002
  -0.333  0.340  0.383 -0.093  0.182 -0.172  0.467 -0.415 -0.369  1.000  0.761 -0.315  0.458 -0.188 -0.059 -0.148 -0.195  0.066 -0.285  0.296 -0.310  0.252  0.080 -0.014 -0.173 -0.092 -0.055  0.008 -0.077 -0.041  0.014  0.078 -0.033  0.128  0.073 -0.074 -0.037 -0.003 -0.090
  -0.545  0.218  0.571 -0.180  0.125 -0.276  0.566 -0.774 -0.726  0.761  1.000 -0.279  0.355 -0.170 -0.037 -0.082 -0.090 -0.005 -0.237  0.336 -0.217  0.128  0.107 -0.092 -0.100 -0.037 -0.022  0.048 -0.001  0.024  0.316  0.440 -0.097 -0.045 -0.057  0.015  0.019  0.057  0.093
  -0.155  0.245  0.187  0.297  0.161 -0.068 -0.240  0.018  0.009 -0.315 -0.279  1.000 -0.645  0.482  0.093  0.048 -0.119  0.117  0.111 -0.524  0.295 -0.176 -0.209  0.238  0.063  0.002  0.035 -0.008  0.018  0.013  0.265 -0.232  0.047  0.085  0.067 -0.266  0.043 -0.008 -0.178
  -0.183 -0.051  0.174 -0.241 -0.031  0.039  0.260 -0.122 -0.099  0.458  0.355 -0.645  1.000 -0.137 -0.210 -0.190  0.150 -0.200 -0.259  0.231 -0.317  0.306  0.207 -0.223 -0.121 -0.002 -0.004  0.012 -0.023 -0.017  0.096  0.143 -0.018 -0.016 -0.025  0.015 -0.034 -0.014 -0.162
   0.067  0.158 -0.033  0.162  0.168 -0.240  0.058 -0.131 -0.120 -0.188 -0.170  0.482 -0.137  1.000  0.000  0.144 -0.130  0.204  0.056 -0.784  0.487 -0.317 -0.144  0.171  0.043  0.084  0.079  0.125  0.077  0.041  0.130 -0.286  0.085  0.073  0.065 -0.290  0.082  0.045 -0.261
   0.166  0.010 -0.137  0.339  0.205 -0.166 -0.058 -0.066 -0.176 -0.059 -0.037  0.093 -0.210  0.000  1.000  0.706 -0.697  0.791  0.150 -0.002  0.033 -0.027 -0.061  0.126  0.091  0.131  0.104 -0.034  0.179  0.163 -0.065 -0.038  0.033 -0.043 -0.008  0.128  0.161  0.151  0.051
   0.115  0.102 -0.063  0.266  0.161 -0.219  0.050 -0.020 -0.089 -0.148 -0.082  0.048 -0.190  0.144  0.706  1.000 -0.287  0.730  0.144 -0.087  0.145 -0.121 -0.317  0.391  0.378  0.164  0.117  0.046  0.250  0.221 -0.008  0.034  0.038 -0.280 -0.131  0.134  0.219  0.205  0.128
   0.002  0.057  0.020 -0.209 -0.214  0.218 -0.064  0.182  0.219 -0.195 -0.090 -0.119  0.150 -0.130 -0.697 -0.287  1.000 -0.844 -0.045  0.044  0.037 -0.050 -0.170 -0.004  0.305  0.138  0.085  0.151  0.141  0.117  0.206  0.261 -0.020 -0.385 -0.276  0.245  0.090  0.074  0.131
   0.005  0.018 -0.004  0.236  0.210 -0.264  0.089 -0.137 -0.185  0.066 -0.005  0.117 -0.200  0.204  0.791  0.730 -0.844  1.000  0.087 -0.098  0.050 -0.020 -0.073  0.269 -0.026 -0.094 -0.064 -0.125 -0.058 -0.048 -0.201 -0.237  0.035  0.173  0.173 -0.208 -0.027 -0.018 -0.055
   0.240 -0.172 -0.240  0.233 -0.188  0.032 -0.376  0.136  0.109 -0.285 -0.237  0.111 -0.259  0.056  0.150  0.144 -0.045  0.087  1.000 -0.149  0.293 -0.388 -0.281  0.287  0.216  0.138  0.102  0.051  0.182  0.177 -0.045 -0.020  0.024 -0.081 -0.052  0.130  0.167  0.150  0.116
  -0.220 -0.056  0.200 -0.121 -0.034  0.058  0.109  0.001  0.002  0.296  0.336 -0.524  0.231 -0.784 -0.002 -0.087  0.044 -0.098 -0.149  1.000 -0.725  0.545  0.081 -0.093 -0.022 -0.072 -0.084 -0.053 -0.060 -0.039 -0.016  0.381 -0.089 -0.045 -0.043  0.256 -0.046 -0.048  0.186
   0.211  0.017 -0.188  0.079 -0.022 -0.100 -0.012 -0.004 -0.010 -0.310 -0.217  0.295 -0.317  0.487  0.033  0.145  0.037  0.050  0.293 -0.725  1.000 -0.947 -0.076  0.071  0.086  0.152 -0.083  0.088  0.156 -0.088  0.026 -0.109  0.046 -0.070 -0.042 -0.024  0.115 -0.041  0.296
  -0.170 -0.021  0.150 -0.023  0.077  0.078 -0.016  0.013  0.018  0.252  0.128 -0.176  0.306 -0.317 -0.027 -0.121 -0.050 -0.020 -0.388  0.545 -0.947  1.000  0.058 -0.053 -0.091 -0.152  0.088 -0.092 -0.141  0.055 -0.025 -0.000 -0.023  0.096  0.062 -0.057 -0.120  0.025 -0.370
   0.119 -0.576 -0.202 -0.262 -0.122  0.169  0.033 -0.037 -0.028  0.080  0.107 -0.209  0.207 -0.144 -0.061 -0.317 -0.170 -0.073 -0.281  0.081 -0.076  0.058  1.000 -0.838 -0.572 -0.073 -0.048  0.013 -0.091 -0.086  0.001  0.081 -0.018  0.172  0.076  0.035 -0.084 -0.077 -0.027
  -0.224  0.373  0.270  0.148 -0.012 -0.082 -0.110 -0.013 -0.014 -0.014 -0.092  0.238 -0.223  0.171  0.126  0.391 -0.004  0.269  0.287 -0.093  0.071 -0.053 -0.838  1.000  0.311 -0.086 -0.076 -0.109  0.057  0.057 -0.072 -0.180  0.018 -0.025  0.042 -0.229  0.026  0.021 -0.024
   0.044  0.292  0.032  0.243  0.113 -0.137 -0.008  0.072  0.047 -0.173 -0.100  0.063 -0.121  0.043  0.091  0.378  0.305 -0.026  0.216 -0.022  0.086 -0.091 -0.572  0.311  1.000  0.230  0.176  0.086  0.079  0.077  0.106  0.124  0.016 -0.334 -0.209  0.205  0.126  0.121  0.132
   0.331  0.157 -0.217  0.316  0.171 -0.089 -0.039  0.253  0.196 -0.092 -0.037  0.002 -0.002  0.084  0.131  0.164  0.138 -0.094  0.138 -0.072  0.152 -0.152 -0.073 -0.086  0.230  1.000  0.522  0.419  0.727  0.647  0.399  0.443  0.066 -0.282 -0.241  0.616  0.640  0.591  0.139
   0.271  0.091 -0.186  0.238  0.125 -0.063 -0.034  0.208  0.161 -0.055 -0.022  0.035 -0.004  0.079  0.104  0.117  0.085 -0.064  0.102 -0.084 -0.083  0.088 -0.048 -0.076  0.176  0.522  1.000  0.356  0.571  0.697  0.341  0.352  0.055 -0.210 -0.184  0.491  0.523  0.616 -0.059
   0.187  0.055 -0.122  0.143  0.115 -0.127  0.097  0.177  0.149  0.008  0.048 -0.008  0.012  0.125 -0.034  0.046  0.151 -0.125  0.051 -0.053  0.088 -0.092  0.013 -0.109  0.086  0.419  0.356  1.000  0.472  0.446  0.343  0.376  0.040 -0.185 -0.161  0.443  0.452  0.432  0.091
   0.328  0.066 -0.211  0.321  0.130 -0.068 -0.079  0.254  0.189 -0.077 -0.001  0.018 -0.023  0.077  0.179  0.250  0.141 -0.058  0.182 -0.060  0.156 -0.141 -0.091  0.057  0.079  0.727  0.571  0.472  1.000  0.822  0.480  0.535  0.067 -0.327 -0.274  0.683  0.782  0.722  0.177
   0.295  0.082 -0.190  0.262  0.084 -0.036 -0.084  0.234  0.174 -0.041  0.024  0.013 -0.017  0.041  0.163  0.221  0.117 -0.048  0.177 -0.039 -0.088  0.055 -0.086  0.057  0.077  0.647  0.697  0.446  0.822  1.000  0.445  0.500  0.057 -0.302 -0.253  0.638  0.720  0.818 -0.017
  -0.390  0.159  0.455  0.062  0.113 -0.156  0.164 -0.078 -0.090  0.014  0.316  0.265  0.096  0.130 -0.065 -0.008  0.206 -0.201 -0.045 -0.016  0.026 -0.025  0.001 -0.072  0.106  0.399  0.341  0.343  0.480  0.445  1.000  0.662 -0.014 -0.210 -0.184  0.334  0.447  0.417  0.067
  -0.242  0.000  0.293 -0.062  0.002 -0.120  0.249 -0.037 -0.055  0.078  0.440 -0.232  0.143 -0.286 -0.038  0.034  0.261 -0.237 -0.020  0.381 -0.109 -0.000  0.081 -0.180  0.124  0.443  0.352  0.376  0.535  0.500  0.662  1.000 -0.055 -0.306 -0.258  0.617  0.482  0.484  0.329
   0.103  0.017 -0.090  0.056  0.022  0.009 -0.046  0.086  0.074 -0.033 -0.097  0.047 -0.018  0.085  0.033  0.038 -0.020  0.035  0.024 -0.089  0.046 -0.023 -0.018  0.018  0.016  0.066  0.055  0.040  0.067  0.057 -0.014 -0.055  1.000  0.013  0.011  0.019  0.060  0.050 -0.041
  -0.131 -0.089  0.078 -0.094 -0.025  0.023 -0.007 -0.008  0.016  0.128 -0.045  0.085 -0.016  0.073 -0.043 -0.280 -0.385  0.173 -0.081 -0.045 -0.070  0.096  0.172 -0.025 -0.334 -0.282 -0.210 -0.185 -0.327 -0.302 -0.210 -0.306  0.013  1.000  0.322 -0.389 -0.281 -0.265 -0.181
