# fitpack15: fit parameters                                                                         
# CJ15 AV18 final data choices                                                                      
# Created on 10/01/2019 at 11:27:25                                                                 

 # QCD setup
  INS                           0
  NVL                          11
  IORD                          1
  Q02                   1.6899999999999999     
  IPARAMC                       7
  FLAVOR                5.0000000000000000     
  xmc                   1.3000000000000000     
  xmb                   4.5000000000000000     
  ncb                          12
  ihq                           1
  ias                           0

 # Theory corrections
  inuke                     10114
  itmc                          1
  iht                           1

 # fit parameters
 LAMBDA       0.22680        0.0000    
 a0uv          2.0401        0.0000    
 a1uv         0.57784       0.22354E-01
 a2uv          3.5636       0.10560E-01
 a3uv          0.0000        0.0000    
 a4uv          4.3435       0.57432    
 a5uv          0.0000        0.0000    
 a0dv          25.538        0.0000    
 a1dv          1.1639       0.30957E-01
 a2dv          6.5925       0.15026    
 a3dv         -3.5251       0.79224E-01
 a4dv          4.6789       0.13057    
 a5dv          0.0000        0.0000    
 a0ud         0.14307       0.49173E-02
 a1ud        -0.21012       0.37570E-02
 a2ud          8.4148       0.18743    
 a3ud          0.0000        0.0000    
 a4ud          15.100        1.2592    
 a5ud          0.0000        0.0000    
 a0du          35712.        0.0000    
 a1du          4.1303       0.10088    
 a2du          20.385        1.0362    
 a3du          17.000        0.0000    
 a4du          58.763        15.775    
 a0g           47.851        0.0000    
 a1g          0.61174       0.31038E-01
 a2g           6.5065       0.89126    
 a3g          -3.4043       0.13146    
 a4g           3.3754       0.32472    
 a5g           0.0000        0.0000    
 kappa        0.40000        0.0000    
 a6dv        -0.35974E-02   0.66491E-03
 a7dv          2.0000        0.0000    
 off1        -0.11553       0.12343    
 off2         0.36716       0.73911    
 off3         -1.1713        1.0215    
 ht1          -3.3934       0.24217    
 ht2           1.9505       0.10008    
 ht3          -2.0698       0.24861E-01
 ht4           0.0000        0.0000    
 dummy41       0.0000        0.0000    
 dummy42       0.0000        0.0000    
 dummy43       0.0000        0.0000    
 dummy44       0.0000        0.0000    
 dummy45       0.0000        0.0000    
 dummy46       0.0000        0.0000    
 dummy47       0.0000        0.0000    
 dummy48       0.0000        0.0000    
 dummy49       0.0000        0.0000    
 bcdmsh2      0.96923       0.44787E-02
 bcdmsd2      0.99236       0.54496E-02
 ccfr          1.0000        0.0000    
 nutev         1.0000        0.0000    
 zeus         0.97998        0.0000    
 h1            1.0162        0.0000    
 e605          1.0319        0.0000    
 NmcH2         1.0056       0.68683E-02
 ntv_nu        1.0000        0.0000    
 ntv_nuba      1.0000        0.0000    
 cdf_jet      0.98910        0.0000    
 d0_jet       0.83504        0.0000    
 slac_p       0.99864       0.40992E-02
 slac_d        1.0012       0.44187E-02
 e866pp       0.97623       0.18830E-01
 e866pd       0.95345       0.16664E-01
 d0_gamje      1.0383       0.16496E-01
 h1b          0.97608        0.0000    
 jlab_p       0.98979       0.50660E-02
 jlab_d       0.97381       0.51023E-02
 blank         1.0000        0.0000    
 d0run2       0.94895       0.14460E-01
 cdfrun2      0.93499       0.17343E-01
 HERA_el       1.0000        0.0000    
 HERA_ps       1.0000        0.0000    
 CDF_Z        0.95623       0.61385E-02
 NmcRat        1.0000        0.0000    
 HERMES_F     0.99307       0.50526E-02
 HERMES_F     0.97764       0.52162E-02
 e03103_p     0.99359       0.45726E-02
 e03103_d     0.97650       0.46483E-02
 e06009_d_c   0.96174       0.76883E-02
 e94110_p      1.0062       0.47507E-02
 e99118_p      1.0083       0.17408E-01
 e99118_d      1.0205       0.17715E-01
 jlcee96_p     1.0152       0.48498E-02
 jlcee96_d     1.0203       0.52106E-02
 END 0. 0.

 # Hessian matrix (Bevington alpha)
   0.77216768522279E+07 -0.19482527959042E+07  0.30534014885392E+06  0.93428519083721E+06 -0.22378248062242E+06  0.34714992309110E+01  0.11759248004971E+06  0.12826465622907E+07 -0.22639198117875E+06 -0.71963417770159E+05  0.99860346245010E+04  0.13752467215896E+05  0.15747490284510E+04 -0.93203231785475E+02 -0.34525608568344E+04  0.71796647892367E+03  0.31866631249157E+04  0.55839202234926E+03 -0.11809107545142E+08 -0.98081622599810E+05 -0.43144579333229E+05 -0.20498346843190E+05 -0.30830832664465E+05 -0.20640521858841E+05 -0.47693577650605E+06 -0.13125274188026E+06 -0.55528610879425E+05 -0.50794123579202E+04 -0.86694872400862E+06 -0.11196745823724E+07 -0.21012050280672E+05 -0.47969369443272E+05 -0.31687725598700E+04 -0.20409339705978E+06 -0.22988806087041E+06 -0.90084820648398E+04 -0.31826144676426E+04 -0.17884747854164E+05 -0.73885391522432E+05 -0.58154937301589E+05 -0.31848515968174E+06 -0.54032127595238E+06 -0.16559814593607E+05 -0.34014582133312E+06 -0.44440096196161E+04 -0.34138714082428E+04 -0.22161096914705E+06 -0.17273486318853E+06
  -0.19482527959042E+07  0.57833055035168E+06 -0.78395113626636E+05 -0.23552821476430E+06  0.57687626874397E+05  0.64448946282395E+04 -0.24675040903896E+05 -0.18145163124222E+06  0.34252336667116E+05  0.11708083911009E+05 -0.13657014950563E+04 -0.10864052937872E+04 -0.13098236327620E+03  0.11250049130811E+02  0.32375526345841E+04 -0.66926468441020E+03  0.15242321355259E+04  0.14687870602180E+04  0.37058713757078E+07  0.24738802600610E+05  0.12023195413632E+05  0.61609057422605E+04  0.12891136617613E+05  0.15322163544615E+05  0.12675742071425E+06  0.16757504531521E+05  0.82927598124799E+04 -0.20759462211226E+03  0.21123979263271E+06  0.26667093349882E+06  0.57795582731477E+04  0.13384549138531E+05  0.41980488940673E+03  0.63955132517967E+05  0.71683150691824E+05  0.23929169166767E+04  0.75855385567674E+03 -0.22043092779069E+04  0.86985507538990E+04  0.73259815780502E+04  0.80855928044337E+05  0.13609881703120E+06  0.10752322000408E+04  0.77705889716656E+05  0.58989151241113E+03  0.46692648876778E+03  0.43013564863891E+05  0.33751507542849E+05
   0.30534014885392E+06 -0.78395113626636E+05  0.12139291116021E+05  0.36825312908687E+05 -0.89400096853693E+04 -0.27591102344459E+03  0.45595403115677E+04  0.40917473057205E+05 -0.69692298300025E+04 -0.25970481320901E+04  0.32299452171556E+03  0.38668334220192E+03  0.50338062170486E+02 -0.36058786695023E+01 -0.80765502868966E+03  0.10862911040718E+03 -0.46436714738909E+03 -0.30596381735973E+03 -0.47724450656123E+06 -0.38583636153232E+04 -0.17186995643406E+04 -0.82226705320938E+03 -0.13044101794869E+04 -0.10628207981306E+04 -0.19075898051695E+05 -0.48363233690314E+04 -0.20529412287783E+04  0.25155110047434E+02 -0.33298342681830E+05 -0.43247208234971E+05 -0.83948464974283E+03 -0.19246490053798E+04 -0.10362519947120E+03 -0.82813532007275E+04 -0.93209828052231E+04 -0.35462632761064E+03 -0.12388209413304E+03 -0.56435827684017E+02 -0.22932532399030E+04 -0.18518449257942E+04 -0.12713960492565E+05 -0.21631687588224E+05 -0.61454250743510E+03 -0.13587605581646E+05 -0.16415200365907E+03 -0.12657070689721E+03 -0.87341891749024E+04 -0.68009531861305E+04
   0.93428519083721E+06 -0.23552821476430E+06  0.36825312908687E+05  0.49945862572208E+06 -0.83990398708669E+05  0.84681095290863E+05  0.80672889534892E+05  0.42253182457063E+06 -0.36868804244393E+05 -0.22818523884909E+05  0.37920323870731E+04 -0.12299345929167E+04 -0.11355058028071E+03  0.47301837447153E+02  0.28823319317779E+05 -0.33397371175652E+04  0.25874085678794E+05  0.13950012829727E+05 -0.31291021643971E+07 -0.29585683913348E+05 -0.12081664560174E+05 -0.52621456793601E+04 -0.26371210822236E+04  0.23049705793515E+04 -0.83554652997057E+05 -0.12766189685604E+05 -0.21152369580717E+05 -0.59736356201101E+02 -0.66257141157711E+05 -0.34183088059236E+06 -0.13155107360013E+04 -0.25009719320930E+04 -0.68101125418932E+02 -0.11773095950986E+05 -0.52521424438870E+05 -0.24200143849510E+04 -0.94183024643102E+03 -0.98265469460987E+04 -0.72363961408658E+04 -0.21429670345263E+05 -0.23479536411818E+05 -0.15763728026740E+06 -0.82059147717364E+04 -0.27539106905949E+05 -0.46395193682296E+03 -0.13698069815592E+04 -0.20114811666212E+05 -0.60977072367942E+05
  -0.22378248062242E+06  0.57687626874397E+05 -0.89400096853693E+04 -0.83990398708669E+05  0.16332637519482E+05 -0.91697675232930E+04 -0.12509284119951E+05 -0.45703302142779E+05  0.23199016987165E+04  0.32689356732071E+04 -0.42979214914344E+03 -0.22580600619606E+02  0.15987763867297E+01 -0.41834984388535E+01 -0.21369091252020E+04  0.21870604627652E+03 -0.19501446301243E+04 -0.99367430503527E+03  0.69546391182983E+06  0.57603909156952E+04  0.25370628917386E+04  0.11605489735595E+04  0.99883358014419E+03  0.73614958166682E+03  0.18209172291194E+05  0.19908210237034E+04  0.33621826152290E+04 -0.58492889080889E+02  0.11939671077885E+05  0.62959506509309E+05  0.31469715660627E+03  0.57646544805070E+03  0.86390054710976E+01  0.29495420029281E+04  0.13015515039894E+05  0.46217261689981E+03  0.17112762535989E+03  0.37162393991616E+03  0.81741489047898E+03  0.25247525421990E+04  0.50534506686253E+04  0.34801999690716E+05  0.11781652067150E+04  0.59662377101757E+04  0.70678417144489E+02  0.21196885958124E+03  0.39615481430832E+04  0.11996232376765E+05
   0.34714992309110E+01  0.64448946282395E+04 -0.27591102344459E+03  0.84681095290863E+05 -0.91697675232930E+04  0.27055720809246E+05  0.16882095524389E+05  0.11914785793767E+06 -0.11431621401115E+05 -0.52174596548296E+04  0.10648934570169E+04 -0.62922582879715E+03 -0.54223124915411E+02  0.16393550071505E+02  0.95844711794449E+04 -0.12118309582455E+04  0.85094042454326E+04  0.48067545948881E+04 -0.80494512626723E+05 -0.29443700285678E+04 -0.74707460513483E+03 -0.15959007150359E+03  0.10341422243824E+04  0.33476339263740E+04 -0.39426203891463E+04 -0.28962186537601E+04 -0.44304724147383E+04  0.16441313887160E+03 -0.91726050147577E+04 -0.44676001726647E+05  0.34103925052791E+01 -0.29613695466014E+02 -0.18942834394044E+02  0.36042050635096E+03  0.13540705124925E+04 -0.26698170094790E+03 -0.13490132699433E+03 -0.31943475615906E+04 -0.19117357756628E+04 -0.54960912110404E+04 -0.13584846570855E+04 -0.71431107494747E+04 -0.18816581764754E+04 -0.15636235580488E+04 -0.10618865713790E+03 -0.30475060672068E+03 -0.20676324334279E+04 -0.63416674782568E+04
   0.11759248004971E+06 -0.24675040903896E+05  0.45595403115677E+04  0.80672889534892E+05 -0.12509284119951E+05  0.16882095524389E+05  0.14328817798619E+05  0.72728169927633E+05 -0.50823695718338E+04 -0.41029379302934E+04  0.67195662601835E+03 -0.19550398387872E+03 -0.19065455059357E+02  0.85292446410334E+01  0.46197288281601E+04 -0.56557916919401E+03  0.40355479700839E+04  0.22438616574085E+04 -0.35876148073059E+06 -0.42690284207751E+04 -0.15996955350137E+04 -0.62676639313521E+03  0.16957870103463E+03  0.15438151560057E+04 -0.10924389556422E+05 -0.25451121498323E+04 -0.39923982260284E+04  0.14337899904912E+03 -0.10318397364373E+05 -0.53548751280277E+05 -0.15907838505906E+03 -0.29451988617410E+03 -0.13068447028802E+02 -0.10718313002511E+04 -0.49249982970197E+04 -0.36577049070817E+03 -0.15401282128059E+03 -0.13526600764684E+04 -0.11755859844725E+04 -0.35047159088792E+04 -0.32059628060491E+04 -0.20863652805334E+05 -0.18020771441318E+04 -0.38563265530212E+04 -0.93011044438632E+02 -0.27259257789693E+03 -0.32500778617847E+04 -0.98750757909892E+04
   0.12826465622907E+07 -0.18145163124222E+06  0.40917473057205E+05  0.42253182457063E+06 -0.45703302142779E+05  0.11914785793767E+06  0.72728169927633E+05  0.52920463519746E+07 -0.23787150134806E+07 -0.91740689551158E+05  0.26539093288304E+05  0.23406526612945E+05  0.16280226362078E+04  0.73958135837146E+02  0.83435016959822E+05 -0.10641972061861E+05  0.85702555569729E+05  0.45736438158410E+05 -0.93299153226957E+06 -0.42516635329595E+05 -0.94015803995868E+04 -0.27727429747551E+04  0.86897582171420E+04  0.42702515306071E+05 -0.59511012014538E+05 -0.61756631289653E+05 -0.48933508591423E+05 -0.69382896738168E+05 -0.29026267343197E+06 -0.56591037668652E+06 -0.73710648176699E+05 -0.16714984908427E+06 -0.13920927809244E+04 -0.56102090221953E+04 -0.11075656861524E+05  0.44975593598622E+03  0.34159988179306E+03 -0.26950781034277E+06 -0.14244383042701E+06 -0.17406023580814E+06 -0.32823107097037E+05 -0.77341261519209E+05 -0.11640233528840E+05 -0.34271074272527E+05 -0.21991190637149E+04 -0.27663799414729E+04 -0.36328135557088E+05 -0.46605194261797E+05
  -0.22639198117875E+06  0.34252336667116E+05 -0.69692298300025E+04 -0.36868804244393E+05  0.23199016987165E+04 -0.11431621401115E+05 -0.50823695718338E+04 -0.23787150134806E+07  0.19254909820038E+07  0.19766990740395E+05 -0.65155200990668E+04 -0.49383137094895E+04 -0.28142074088342E+03 -0.93573582336033E+01  0.49870884506054E+05 -0.25205045163441E+04  0.17260480918493E+05  0.85781741480561E+04  0.18604378391486E+05  0.99873578688938E+04  0.17388934243200E+04  0.44265517422221E+03 -0.19963852888941E+04 -0.10176043443599E+05  0.89919237360228E+04  0.11387875791965E+05  0.10615877956303E+05  0.24529912906220E+05  0.66467282999162E+05  0.12527279840639E+06  0.23004647919268E+05  0.52235098956174E+05  0.18926828367986E+03  0.61355318586089E+03  0.12431468882793E+04 -0.13054725810692E+04 -0.71697509825114E+03  0.11214075521666E+06  0.44954704999441E+05  0.54404817217496E+05  0.47390986246126E+04  0.10846563914676E+05  0.19125960555542E+04  0.48012405006118E+04  0.44254289696258E+03  0.55668501042087E+03  0.54998092908856E+04  0.71553999049329E+04
  -0.71963417770159E+05  0.11708083911009E+05 -0.25970481320901E+04 -0.22818523884909E+05  0.32689356732071E+04 -0.52174596548296E+04 -0.41029379302934E+04 -0.91740689551158E+05  0.19766990740395E+05  0.29220872143879E+04 -0.65877579458580E+03 -0.59262156253310E+03 -0.54249860100815E+02 -0.13436409385876E+01 -0.38515903701510E+04  0.46846755763786E+03 -0.34324159661215E+04 -0.19099119664695E+04  0.84463469836480E+05  0.16701880525957E+04  0.50108586530353E+03  0.17579275247127E+03 -0.26429518798229E+03 -0.13480512762738E+04  0.39651857562910E+04  0.27147054166230E+04  0.18587965651461E+04  0.73297608341553E+03  0.10905816397926E+05  0.22509341631308E+05  0.15000815619446E+04  0.33468570771668E+04  0.43375702492679E+02  0.54727263144304E+03  0.10428924642272E+04  0.12262037122878E+03  0.54775006155141E+02  0.30924977783299E+04  0.28137137271535E+04  0.35263747992390E+04  0.22277478052720E+04  0.55519818942360E+04  0.65397512201305E+03  0.25044828036549E+04  0.94464440904154E+02  0.11861602312776E+03  0.23659967413922E+04  0.29777162614930E+04
   0.99860346245010E+04 -0.13657014950563E+04  0.32299452171556E+03  0.37920323870731E+04 -0.42979214914344E+03  0.10648934570169E+04  0.67195662601835E+03  0.26539093288304E+05 -0.65155200990668E+04 -0.65877579458580E+03  0.17714671971746E+03  0.17033686522924E+03  0.12809254779602E+02  0.50909377359341E+00  0.12328814930630E+04 -0.13814916151132E+03  0.10583765284404E+04  0.57246811465064E+03 -0.90932834527682E+04 -0.29319257372612E+03 -0.70635215424585E+02 -0.21595123346948E+02  0.61634526225302E+02  0.29651013519645E+03 -0.46889671014835E+03 -0.47168281406764E+03 -0.35137486018814E+03 -0.33953355116489E+03 -0.20381308694331E+04 -0.40253082404324E+04 -0.43023707657705E+03 -0.97597599325399E+03 -0.11072431226197E+02 -0.45968555628459E+02 -0.90611513836127E+02 -0.12421662100108E+02 -0.58939417465195E+01 -0.11416662341235E+04 -0.82942126047872E+03 -0.10210764050746E+04 -0.26133819854085E+03 -0.61727625105576E+03 -0.90624353009618E+02 -0.27298116232597E+03 -0.16282639315290E+02 -0.20483693241753E+02 -0.28632456127164E+03 -0.36652470192307E+03
   0.13752467215896E+05 -0.10864052937872E+04  0.38668334220192E+03 -0.12299345929167E+04 -0.22580600619606E+02 -0.62922582879715E+03 -0.19550398387872E+03  0.23406526612945E+05 -0.49383137094895E+04 -0.59262156253310E+03  0.17033686522924E+03  0.12395755518300E+04  0.83352355992552E+02 -0.12321205770330E+01  0.12182905291435E+04 -0.17592943922104E+03  0.13272587309029E+04  0.76950985320323E+03 -0.54143886591524E+04  0.24232057103629E+03  0.25357675121342E+02  0.93226250129398E+00  0.49082252920956E+02  0.26701304096242E+03 -0.65645739506442E+02 -0.99958037432199E+03 -0.40890241584910E-11 -0.59860983258185E+03 -0.44387186157258E+04 -0.56009477888334E-10 -0.20046183681263E+04 -0.61800007983398E+02 -0.68652020695719E+02 -0.16407167235811E+00  0.31930652921765E-10 -0.15065917033589E+01 -0.64818540968756E+00  0.23939704875325E+03 -0.23720181159509E+04  0.41211043232824E-10 -0.63298811332075E+02  0.51396023001800E-10  0.31579812360629E-10 -0.21934180263412E+02 -0.28108535910635E+02 -0.39298552423274E-11 -0.55120520951428E+02  0.65308123043713E-10
   0.15747490284510E+04 -0.13098236327620E+03  0.50338062170486E+02 -0.11355058028071E+03  0.15987763867297E+01 -0.54223124915411E+02 -0.19065455059357E+02  0.16280226362078E+04 -0.28142074088342E+03 -0.54249860100815E+02  0.12809254779602E+02  0.83352355992552E+02  0.75003192285342E+01 -0.13694141096476E+00  0.69257832765643E+02 -0.11978728505290E+02  0.79705798876364E+02  0.50193972624472E+02 -0.29334074785035E+03  0.14975114849927E+02  0.22897643354304E+01  0.19952486341091E+00  0.67289047182076E+01  0.31631633921124E+02 -0.15419282772482E+02 -0.14579703365332E+03  0.27472388931477E-11 -0.24022065716089E+02 -0.52008422941989E+03 -0.35170177156140E-11 -0.12754613701107E+03 -0.16042645998718E+02 -0.56142439774659E+01 -0.11626915307275E+00 -0.24398875858619E-12 -0.15931946597920E+00 -0.62311493984304E-01  0.24452380840519E+02 -0.17328452125085E+03  0.11180556709443E-10 -0.21664838338028E+02 -0.59440023177212E-11 -0.28093941840705E-11 -0.95531604898575E+01 -0.48931396726772E+01  0.11220454082467E-12 -0.20244785892173E+02 -0.22938694784477E-11
  -0.93203231785475E+02  0.11250049130811E+02 -0.36058786695023E+01  0.47301837447153E+02 -0.41834984388535E+01  0.16393550071505E+02  0.85292446410334E+01  0.73958135837146E+02 -0.93573582336033E+01 -0.13436409385876E+01  0.50909377359341E+00 -0.12321205770330E+01 -0.13694141096476E+00  0.33225594072916E-01  0.11319709191924E+02 -0.86644966865990E+00  0.71753929401583E+01  0.33803575935009E+01 -0.68485202799840E+02  0.10996561620236E+01 -0.33904430522442E-01 -0.16042133546619E-01 -0.65171359416158E-02 -0.76446856291668E-02  0.12634358946104E-01  0.50823177578846E-01  0.12519902413893E-12 -0.43325876757659E+01 -0.37611786755739E+00 -0.59920758379487E-12 -0.19415864678346E+01 -0.29237534265933E-05 -0.94706512577098E-01  0.42496350199322E-13  0.22379417666645E-13 -0.11228601515752E-02 -0.62148568891647E-03 -0.15493772711211E+01 -0.18829776697725E+01  0.53334383521640E-12 -0.93530340980933E-09 -0.17679830498719E-12  0.24113879259514E-12  0.92388776344599E-11 -0.86817353888716E-06  0.58431921622201E-13 -0.15030160541984E-08  0.16150351595810E-12
  -0.34525608568344E+04  0.32375526345841E+04 -0.80765502868966E+03  0.28823319317779E+05 -0.21369091252020E+04  0.95844711794449E+04  0.46197288281601E+04  0.83435016959822E+05  0.49870884506054E+05 -0.38515903701510E+04  0.12328814930630E+04  0.12182905291435E+04  0.69257832765643E+02  0.11319709191924E+02  0.50784477256580E+05 -0.48803487558543E+04  0.37319911087126E+05  0.19607224253295E+05 -0.42074298225334E+05  0.27188151802052E+03  0.14432785980100E+03  0.60914155983525E+02 -0.64596032434805E+02 -0.30950047862855E+03  0.20163083519107E+04 -0.28591425524611E+04 -0.18566626731770E+04 -0.25109606412776E+04  0.19678304475846E+04  0.43567184580228E+04 -0.15104198528063E+04 -0.30629271447064E+04 -0.73611789145750E+03  0.28236574428353E+03  0.50489790919366E+03 -0.29649786771569E+04 -0.15631788102333E+04 -0.22585030990229E+04 -0.95605354020691E+03 -0.10729828262922E+04  0.83954422172208E+03  0.27079234588006E+04  0.41387942170971E+03  0.16754591234092E+04  0.54014636043123E+02  0.63889306560474E+02  0.15391134568051E+04  0.18889474248254E+04
   0.71796647892367E+03 -0.66926468441020E+03  0.10862911040718E+03 -0.33397371175652E+04  0.21870604627652E+03 -0.12118309582455E+04 -0.56557916919401E+03 -0.10641972061861E+05 -0.25205045163441E+04  0.46846755763786E+03 -0.13814916151132E+03 -0.17592943922104E+03 -0.11978728505290E+02 -0.86644966865990E+00 -0.48803487558543E+04  0.54831412323294E+03 -0.40672337991098E+04 -0.22278638388874E+04  0.31734150997763E+04 -0.45632926603365E+02 -0.28747190741022E+02 -0.13333169728380E+02 -0.17403590093008E+01  0.98694781117730E+01 -0.45516976569016E+03  0.54377768172882E+03  0.33853095006262E+03  0.29433154124900E+03 -0.15208282641639E+03 -0.49683946570315E+03  0.16112293728175E+03  0.32503438908819E+03  0.83751306804605E+02 -0.78020013611079E+02 -0.13756805804214E+03  0.46907163633169E+03  0.22965363058722E+03 -0.34808306507328E+03  0.26905598416066E+03  0.30121427814371E+03 -0.18733814847659E+03 -0.64108461943517E+03 -0.81385568595687E+02 -0.39706991662547E+03 -0.86257069987692E+01 -0.10335207277047E+02 -0.33724465293685E+03 -0.41081315407941E+03
   0.31866631249157E+04  0.15242321355259E+04 -0.46436714738909E+03  0.25874085678794E+05 -0.19501446301243E+04  0.85094042454326E+04  0.40355479700839E+04  0.85702555569729E+05  0.17260480918493E+05 -0.34324159661215E+04  0.10583765284404E+04  0.13272587309029E+04  0.79705798876364E+02  0.71753929401583E+01  0.37319911087126E+05 -0.40672337991098E+04  0.31037360163824E+05  0.16742342808281E+05 -0.43592390568091E+05  0.16928529801584E+03  0.10607768875063E+03  0.40340225076307E+02 -0.14691956452467E+03 -0.48299523664356E+03  0.13294731339274E+04 -0.26887962771155E+04 -0.17263988377870E+04 -0.25916662259632E+04  0.22147732799275E+04  0.46971599632043E+04 -0.12971042017923E+04 -0.26404592439965E+04 -0.62829043619247E+03  0.70278374074688E+02  0.14073811842098E+03 -0.26491854284240E+04 -0.14298204843799E+04  0.12807668363794E+04 -0.16886093026585E+04 -0.18712171352480E+04  0.60324197623690E+03  0.15584473836070E+04  0.39550739947957E+03  0.93528436814211E+03  0.69734532149825E+02  0.80623764982484E+02  0.11304038097482E+04  0.14253442811115E+04
   0.55839202234926E+03  0.14687870602180E+04 -0.30596381735973E+03  0.13950012829727E+05 -0.99367430503527E+03  0.48067545948881E+04  0.22438616574085E+04  0.45736438158410E+05  0.85781741480561E+04 -0.19099119664695E+04  0.57246811465064E+03  0.76950985320323E+03  0.50193972624472E+02  0.33803575935009E+01  0.19607224253295E+05 -0.22278638388874E+04  0.16742342808281E+05  0.91654196048556E+04 -0.20638513068230E+05  0.12768365649212E+03  0.83320693755010E+02  0.34737973641233E+02 -0.70477452390562E+02 -0.22740953651735E+03  0.11946654572215E+04 -0.19162828291105E+04 -0.11963622379054E+04 -0.13051573987532E+04  0.10282487343517E+04  0.25716629980064E+04 -0.66045508651086E+03 -0.13447904329369E+04 -0.34778239767213E+03  0.11213380390488E+03  0.20855103226780E+03 -0.17270057673481E+04 -0.89257379212068E+03  0.14686917891636E+04 -0.11842503807703E+04 -0.13140720861022E+04  0.52936073484886E+03  0.15276514853979E+04  0.31064745233418E+03  0.93953736454595E+03  0.43259099239131E+02  0.50499617037856E+02  0.99213476541701E+03  0.12313466483327E+04
  -0.11809107545142E+08  0.37058713757078E+07 -0.47724450656123E+06 -0.31291021643971E+07  0.69546391182983E+06 -0.80494512626723E+05 -0.35876148073059E+06 -0.93299153226957E+06  0.18604378391486E+05  0.84463469836480E+05 -0.90932834527682E+04 -0.54143886591524E+04 -0.29334074785035E+03 -0.68485202799840E+02 -0.42074298225334E+05  0.31734150997763E+04 -0.43592390568091E+05 -0.20638513068230E+05  0.44558093052503E+08  0.27030637258628E+06  0.13581076874491E+06  0.70419332592594E+05  0.97838881412495E+05  0.12247404885955E+06  0.88428961400243E+06  0.35026756875889E+05  0.78368526434813E+05 -0.12739683127680E+04  0.58423526620300E+06  0.28583768771734E+07  0.17134139808614E+05  0.32675616423796E+05  0.20572013158282E+03  0.18969287199856E+06  0.82890656050686E+06  0.24610928579391E+05  0.77547192488098E+04 -0.18587731605943E+05  0.21199981946540E+05  0.66104952692919E+05  0.22809124123319E+06  0.15066395999264E+07  0.20632458027985E+04  0.21424035592370E+06  0.13336322608921E+04  0.41024310596321E+04  0.11187352782030E+06  0.34527774957552E+06
  -0.98081622599810E+05  0.24738802600610E+05 -0.38583636153232E+04 -0.29585683913348E+05  0.57603909156952E+04 -0.29443700285678E+04 -0.42690284207751E+04 -0.42516635329595E+05  0.99873578688938E+04  0.16701880525957E+04 -0.29319257372612E+03  0.24232057103629E+03  0.14975114849927E+02  0.10996561620236E+01  0.27188151802052E+03 -0.45632926603365E+02  0.16928529801584E+03  0.12768365649212E+03  0.27030637258628E+06  0.39181622901301E+04  0.14229037446797E+04  0.63067145664893E+03  0.30039854587001E+03 -0.26338626482793E+03  0.71620717385808E+04  0.00000000000000E+00  0.25980799213605E+04  0.00000000000000E+00  0.00000000000000E+00  0.41154585720504E+05  0.00000000000000E+00  0.00000000000000E+00  0.00000000000000E+00  0.00000000000000E+00  0.61597536120026E+04  0.00000000000000E+00  0.00000000000000E+00  0.00000000000000E+00  0.00000000000000E+00  0.41837233723670E+04  0.00000000000000E+00  0.16069930468513E+05  0.75130239976702E+03  0.00000000000000E+00  0.00000000000000E+00  0.14833001910784E+03  0.00000000000000E+00  0.57761830007447E+04
  -0.43144579333229E+05  0.12023195413632E+05 -0.17186995643406E+04 -0.12081664560174E+05  0.25370628917386E+04 -0.74707460513483E+03 -0.15996955350137E+04 -0.94015803995868E+04  0.17388934243200E+04  0.50108586530353E+03 -0.70635215424585E+02  0.25357675121342E+02  0.22897643354304E+01 -0.33904430522442E-01  0.14432785980100E+03 -0.28747190741022E+02  0.10607768875063E+03  0.83320693755010E+02  0.13581076874491E+06  0.14229037446797E+04  0.62470062957754E+03  0.29979857288773E+03  0.22996243366278E+03  0.14505705418641E+03  0.32211567969026E+04  0.00000000000000E+00  0.67557858554333E+03  0.00000000000000E+00  0.00000000000000E+00  0.15524949761750E+05  0.00000000000000E+00  0.00000000000000E+00  0.00000000000000E+00  0.00000000000000E+00  0.31250222876106E+04  0.00000000000000E+00  0.00000000000000E+00  0.00000000000000E+00  0.00000000000000E+00  0.87393198580834E+03  0.00000000000000E+00  0.71158261369934E+04  0.21684927781376E+03  0.00000000000000E+00  0.00000000000000E+00  0.45783155627412E+02  0.00000000000000E+00  0.22536286478734E+04
  -0.20498346843190E+05  0.61609057422605E+04 -0.82226705320938E+03 -0.52621456793601E+04  0.11605489735595E+04 -0.15959007150359E+03 -0.62676639313521E+03 -0.27727429747551E+04  0.44265517422221E+03  0.17579275247127E+03 -0.21595123346948E+02  0.93226250129398E+00  0.19952486341091E+00 -0.16042133546619E-01  0.60914155983525E+02 -0.13333169728380E+02  0.40340225076307E+02  0.34737973641233E+02  0.70419332592594E+05  0.63067145664893E+03  0.29979857288773E+03  0.15155377435246E+03  0.14346209125089E+03  0.14490570774963E+03  0.15310935819452E+04  0.00000000000000E+00  0.19789734074558E+03  0.00000000000000E+00  0.00000000000000E+00  0.67765492277395E+04  0.00000000000000E+00  0.00000000000000E+00  0.00000000000000E+00  0.00000000000000E+00  0.16275058119748E+04  0.00000000000000E+00  0.00000000000000E+00  0.00000000000000E+00  0.00000000000000E+00  0.26079746908588E+03  0.00000000000000E+00  0.32829188710728E+04  0.55767153378597E+02  0.00000000000000E+00  0.00000000000000E+00  0.15286833519371E+02  0.00000000000000E+00  0.90949598812263E+03
  -0.30830832664465E+05  0.12891136617613E+05 -0.13044101794869E+04 -0.26371210822236E+04  0.99883358014419E+03  0.10341422243824E+04  0.16957870103463E+03  0.86897582171420E+04 -0.19963852888941E+04 -0.26429518798229E+03  0.61634526225302E+02  0.49082252920956E+02  0.67289047182076E+01 -0.65171359416158E-02 -0.64596032434805E+02 -0.17403590093008E+01 -0.14691956452467E+03 -0.70477452390562E+02  0.97838881412495E+05  0.30039854587001E+03  0.22996243366278E+03  0.14346209125089E+03  0.65500047883657E+03  0.12221171091256E+04  0.28261680254665E+04 -0.51073593836668E+02 -0.29424866119650E+02  0.27355245416043E+01  0.54188709283453E+03 -0.72840848083112E+02  0.00000000000000E+00  0.00000000000000E+00  0.00000000000000E+00  0.22753606877217E+04  0.28125750997165E+04  0.00000000000000E+00  0.00000000000000E+00  0.00000000000000E+00 -0.38359574285381E+03 -0.39845455017914E+03  0.14573051063410E+04  0.36889451594374E+04 -0.43332784078384E+03  0.16123317906250E+04 -0.41686346803722E+02 -0.38591471000903E+02 -0.17174513240898E+03 -0.10173452241892E+03
  -0.20640521858841E+05  0.15322163544615E+05 -0.10628207981306E+04  0.23049705793515E+04  0.73614958166682E+03  0.33476339263740E+04  0.15438151560057E+04  0.42702515306071E+05 -0.10176043443599E+05 -0.13480512762738E+04  0.29651013519645E+03  0.26701304096242E+03  0.31631633921124E+02 -0.76446856291668E-02 -0.30950047862855E+03  0.98694781117730E+01 -0.48299523664356E+03 -0.22740953651735E+03  0.12247404885955E+06 -0.26338626482793E+03  0.14505705418641E+03  0.14490570774963E+03  0.12221171091256E+04  0.29878542093527E+04  0.29273920384449E+04 -0.16384920599492E+03 -0.11078761836328E+03 -0.46022617806539E+02 -0.67232169536141E+04 -0.11741958155726E+05  0.00000000000000E+00  0.00000000000000E+00  0.00000000000000E+00  0.32501250259933E+04  0.39024010150943E+04  0.00000000000000E+00  0.00000000000000E+00  0.00000000000000E+00 -0.21598678994235E+04 -0.22292617953577E+04  0.12490415579209E+04  0.45169873324375E+04 -0.11141570352874E+04  0.23753425022602E+04 -0.15870796996486E+03 -0.15278086799400E+03 -0.11755758575593E+04 -0.12335065695676E+04
  -0.47693577650605E+06  0.12675742071425E+06 -0.19075898051695E+05 -0.83554652997057E+05  0.18209172291194E+05 -0.39426203891463E+04 -0.10924389556422E+05 -0.59511012014538E+05  0.89919237360228E+04  0.39651857562910E+04 -0.46889671014835E+03 -0.65645739506442E+02 -0.15419282772482E+02  0.12634358946104E-01  0.20163083519107E+04 -0.45516976569016E+03  0.13294731339274E+04  0.11946654572215E+04  0.88428961400243E+06  0.71620717385808E+04  0.32211567969026E+04  0.15310935819452E+04  0.28261680254665E+04  0.29273920384449E+04  0.40966329362789E+05  0.25805020800700E+03  0.13397980865760E+03 -0.67400288308657E+01  0.38781130500919E+05  0.62925413810973E+05  0.00000000000000E+00  0.00000000000000E+00  0.00000000000000E+00  0.16451734772449E+05  0.20692821439142E+05  0.00000000000000E+00  0.00000000000000E+00  0.00000000000000E+00  0.15963322020620E+04  0.16296456666444E+04  0.21113028992211E+05  0.52351032391985E+05  0.18688103279666E+04  0.33970162474487E+05  0.34725372785627E+03  0.35003122477847E+03  0.20927907309895E+05  0.20361660331699E+05
  -0.13125274188026E+06  0.16757504531521E+05 -0.48363233690314E+04 -0.12766189685604E+05  0.19908210237034E+04 -0.28962186537601E+04 -0.25451121498323E+04 -0.61756631289653E+05  0.11387875791965E+05  0.27147054166230E+04 -0.47168281406764E+03 -0.99958037432199E+03 -0.14579703365332E+03  0.50823177578846E-01 -0.28591425524611E+04  0.54377768172882E+03 -0.26887962771155E+04 -0.19162828291105E+04  0.35026756875889E+05  0.00000000000000E+00  0.00000000000000E+00  0.00000000000000E+00 -0.51073593836668E+02 -0.16384920599492E+03  0.25805020800700E+03  0.11716176134029E+06  0.00000000000000E+00  0.00000000000000E+00  0.00000000000000E+00  0.00000000000000E+00  0.00000000000000E+00  0.00000000000000E+00  0.00000000000000E+00  0.00000000000000E+00  0.00000000000000E+00  0.00000000000000E+00  0.00000000000000E+00  0.00000000000000E+00  0.00000000000000E+00  0.00000000000000E+00  0.00000000000000E+00  0.00000000000000E+00  0.00000000000000E+00  0.00000000000000E+00  0.00000000000000E+00  0.00000000000000E+00  0.00000000000000E+00  0.00000000000000E+00
  -0.55528610879425E+05  0.82927598124799E+04 -0.20529412287783E+04 -0.21152369580717E+05  0.33621826152290E+04 -0.44304724147383E+04 -0.39923982260284E+04 -0.48933508591423E+05  0.10615877956303E+05  0.18587965651461E+04 -0.35137486018814E+03 -0.40890241584910E-11  0.27472388931477E-11  0.12519902413893E-12 -0.18566626731770E+04  0.33853095006262E+03 -0.17263988377870E+04 -0.11963622379054E+04  0.78368526434813E+05  0.25980799213605E+04  0.67557858554333E+03  0.19789734074558E+03 -0.29424866119650E+02 -0.11078761836328E+03  0.13397980865760E+03  0.00000000000000E+00  0.64710682295019E+05  0.00000000000000E+00  0.00000000000000E+00  0.00000000000000E+00  0.00000000000000E+00  0.00000000000000E+00  0.00000000000000E+00  0.00000000000000E+00  0.00000000000000E+00  0.00000000000000E+00  0.00000000000000E+00  0.00000000000000E+00  0.00000000000000E+00  0.00000000000000E+00  0.00000000000000E+00  0.00000000000000E+00  0.00000000000000E+00  0.00000000000000E+00  0.00000000000000E+00  0.00000000000000E+00  0.00000000000000E+00  0.00000000000000E+00
  -0.50794123579202E+04 -0.20759462211226E+03  0.25155110047434E+02 -0.59736356201101E+02 -0.58492889080889E+02  0.16441313887160E+03  0.14337899904912E+03 -0.69382896738168E+05  0.24529912906220E+05  0.73297608341553E+03 -0.33953355116489E+03 -0.59860983258185E+03 -0.24022065716089E+02 -0.43325876757659E+01 -0.25109606412776E+04  0.29433154124900E+03 -0.25916662259632E+04 -0.13051573987532E+04 -0.12739683127680E+04  0.00000000000000E+00  0.00000000000000E+00  0.00000000000000E+00  0.27355245416043E+01 -0.46022617806539E+02 -0.67400288308657E+01  0.00000000000000E+00  0.00000000000000E+00  0.30852359699088E+05  0.00000000000000E+00  0.00000000000000E+00  0.00000000000000E+00  0.00000000000000E+00  0.00000000000000E+00  0.00000000000000E+00  0.00000000000000E+00  0.00000000000000E+00  0.00000000000000E+00  0.00000000000000E+00  0.00000000000000E+00  0.00000000000000E+00  0.00000000000000E+00  0.00000000000000E+00  0.00000000000000E+00  0.00000000000000E+00  0.00000000000000E+00  0.00000000000000E+00  0.00000000000000E+00  0.00000000000000E+00
  -0.86694872400862E+06  0.21123979263271E+06 -0.33298342681830E+05 -0.66257141157711E+05  0.11939671077885E+05 -0.91726050147577E+04 -0.10318397364373E+05 -0.29026267343197E+06  0.66467282999162E+05  0.10905816397926E+05 -0.20381308694331E+04 -0.44387186157258E+04 -0.52008422941989E+03 -0.37611786755739E+00  0.19678304475846E+04 -0.15208282641639E+03  0.22147732799275E+04  0.10282487343517E+04  0.58423526620300E+06  0.00000000000000E+00  0.00000000000000E+00  0.00000000000000E+00  0.54188709283453E+03 -0.67232169536141E+04  0.38781130500919E+05  0.00000000000000E+00  0.00000000000000E+00  0.00000000000000E+00  0.58470461778002E+06  0.00000000000000E+00  0.00000000000000E+00  0.00000000000000E+00  0.00000000000000E+00  0.00000000000000E+00  0.00000000000000E+00  0.00000000000000E+00  0.00000000000000E+00  0.00000000000000E+00  0.00000000000000E+00  0.00000000000000E+00  0.00000000000000E+00  0.00000000000000E+00  0.00000000000000E+00  0.00000000000000E+00  0.00000000000000E+00  0.00000000000000E+00  0.00000000000000E+00  0.00000000000000E+00
  -0.11196745823724E+07  0.26667093349882E+06 -0.43247208234971E+05 -0.34183088059236E+06  0.62959506509309E+05 -0.44676001726647E+05 -0.53548751280277E+05 -0.56591037668652E+06  0.12527279840639E+06  0.22509341631308E+05 -0.40253082404324E+04 -0.56009477888334E-10 -0.35170177156140E-11 -0.59920758379487E-12  0.43567184580228E+04 -0.49683946570315E+03  0.46971599632043E+04  0.25716629980064E+04  0.28583768771734E+07  0.41154585720504E+05  0.15524949761750E+05  0.67765492277395E+04 -0.72840848083112E+02 -0.11741958155726E+05  0.62925413810973E+05  0.00000000000000E+00  0.00000000000000E+00  0.00000000000000E+00  0.00000000000000E+00  0.92371953253044E+06  0.00000000000000E+00  0.00000000000000E+00  0.00000000000000E+00  0.00000000000000E+00  0.00000000000000E+00  0.00000000000000E+00  0.00000000000000E+00  0.00000000000000E+00  0.00000000000000E+00  0.00000000000000E+00  0.00000000000000E+00  0.00000000000000E+00  0.00000000000000E+00  0.00000000000000E+00  0.00000000000000E+00  0.00000000000000E+00  0.00000000000000E+00  0.00000000000000E+00
  -0.21012050280672E+05  0.57795582731477E+04 -0.83948464974283E+03 -0.13155107360013E+04  0.31469715660627E+03  0.34103925052791E+01 -0.15907838505906E+03 -0.73710648176699E+05  0.23004647919268E+05  0.15000815619446E+04 -0.43023707657705E+03 -0.20046183681263E+04 -0.12754613701107E+03 -0.19415864678346E+01 -0.15104198528063E+04  0.16112293728175E+03 -0.12971042017923E+04 -0.66045508651086E+03  0.17134139808614E+05  0.00000000000000E+00  0.00000000000000E+00  0.00000000000000E+00  0.00000000000000E+00  0.00000000000000E+00  0.00000000000000E+00  0.00000000000000E+00  0.00000000000000E+00  0.00000000000000E+00  0.00000000000000E+00  0.00000000000000E+00  0.14461020900317E+05  0.00000000000000E+00  0.00000000000000E+00  0.00000000000000E+00  0.00000000000000E+00  0.00000000000000E+00  0.00000000000000E+00  0.00000000000000E+00  0.00000000000000E+00  0.00000000000000E+00  0.00000000000000E+00  0.00000000000000E+00  0.00000000000000E+00  0.00000000000000E+00  0.00000000000000E+00  0.00000000000000E+00  0.00000000000000E+00  0.00000000000000E+00
  -0.47969369443272E+05  0.13384549138531E+05 -0.19246490053798E+04 -0.25009719320930E+04  0.57646544805070E+03 -0.29613695466014E+02 -0.29451988617410E+03 -0.16714984908427E+06  0.52235098956174E+05  0.33468570771668E+04 -0.97597599325399E+03 -0.61800007983398E+02 -0.16042645998718E+02 -0.29237534265933E-05 -0.30629271447064E+04  0.32503438908819E+03 -0.26404592439965E+04 -0.13447904329369E+04  0.32675616423796E+05  0.00000000000000E+00  0.00000000000000E+00  0.00000000000000E+00  0.00000000000000E+00  0.00000000000000E+00  0.00000000000000E+00  0.00000000000000E+00  0.00000000000000E+00  0.00000000000000E+00  0.00000000000000E+00  0.00000000000000E+00  0.00000000000000E+00  0.32477279278248E+05  0.00000000000000E+00  0.00000000000000E+00  0.00000000000000E+00  0.00000000000000E+00  0.00000000000000E+00  0.00000000000000E+00  0.00000000000000E+00  0.00000000000000E+00  0.00000000000000E+00  0.00000000000000E+00  0.00000000000000E+00  0.00000000000000E+00  0.00000000000000E+00  0.00000000000000E+00  0.00000000000000E+00  0.00000000000000E+00
  -0.31687725598700E+04  0.41980488940673E+03 -0.10362519947120E+03 -0.68101125418932E+02  0.86390054710976E+01 -0.18942834394044E+02 -0.13068447028802E+02 -0.13920927809244E+04  0.18926828367986E+03  0.43375702492679E+02 -0.11072431226197E+02 -0.68652020695719E+02 -0.56142439774659E+01 -0.94706512577098E-01 -0.73611789145750E+03  0.83751306804605E+02 -0.62829043619247E+03 -0.34778239767213E+03  0.20572013158282E+03  0.00000000000000E+00  0.00000000000000E+00  0.00000000000000E+00  0.00000000000000E+00  0.00000000000000E+00  0.00000000000000E+00  0.00000000000000E+00  0.00000000000000E+00  0.00000000000000E+00  0.00000000000000E+00  0.00000000000000E+00  0.00000000000000E+00  0.00000000000000E+00  0.37894967806208E+04  0.00000000000000E+00  0.00000000000000E+00  0.00000000000000E+00  0.00000000000000E+00  0.00000000000000E+00  0.00000000000000E+00  0.00000000000000E+00  0.00000000000000E+00  0.00000000000000E+00  0.00000000000000E+00  0.00000000000000E+00  0.00000000000000E+00  0.00000000000000E+00  0.00000000000000E+00  0.00000000000000E+00
