 Correlated errors added in quadrature with statistical errors
 jl00106F2p DIS data with   1.69< Q2 < 0.500D+03 and 0.000 < xB < 1.000 and   3.00< W2 < 0.100D+04 and 0.000 < y < 1.000
   GP TMC applied
   HT corrections, multiplicative C=C(xB)
 Correlated errors added in quadrature with statistical errors
 jl00106F2d DIS data with   1.69< Q2 < 0.500D+03 and 0.000 < xB < 1.000 and   3.00< W2 < 0.100D+04 and 0.000 < y < 1.000
   WBArel smearing  (AV18) - freepar off-shell nuke corrections
   GP TMC applied
   HT corrections, multiplicative C=C(xB)
 Correlated errors added in quadrature with statistical errors
 HerF2pCut  DIS data with   1.69< Q2 < 0.500D+03 and 0.000 < xB < 1.000 and   3.00< W2 < 0.100D+04 and 0.000 < y < 1.000
   GP TMC applied
   HT corrections, multiplicative C=C(xB)
 Correlated errors added in quadrature with statistical errors
 HerF2dCut  DIS data with   1.69< Q2 < 0.500D+03 and 0.000 < xB < 1.000 and   3.00< W2 < 0.100D+04 and 0.000 < y < 1.000
   WBArel smearing  (AV18) - freepar off-shell nuke corrections
   GP TMC applied
   HT corrections, multiplicative C=C(xB)
 Correlated errors added in quadrature with statistical errors
 slac_p     DIS data with   1.69< Q2 < 0.500D+03 and 0.000 < xB < 1.000 and   3.00< W2 < 0.100D+04 and 0.000 < y < 1.000
   GP TMC applied
   HT corrections, multiplicative C=C(xB)
 Correlated errors added in quadrature with statistical errors
 slac_d     DIS data with   1.69< Q2 < 0.500D+03 and 0.000 < xB < 1.000 and   3.00< W2 < 0.100D+04 and 0.000 < y < 1.000
   WBArel smearing  (AV18) - freepar off-shell nuke corrections
   GP TMC applied
   HT corrections, multiplicative C=C(xB)
 Correlated errors treated separately from statistical errors
 BcdF2pCor  DIS data with   1.69< Q2 < 0.500D+03 and 0.000 < xB < 1.000 and   3.00< W2 < 0.100D+04 and 0.000 < y < 1.000
   GP TMC applied
   HT corrections, multiplicative C=C(xB)
 Correlated errors treated separately from statistical errors
 BcdF2dCor  DIS data with   1.69< Q2 < 0.500D+03 and 0.000 < xB < 1.000 and   3.00< W2 < 0.100D+04 and 0.000 < y < 1.000
   WBArel smearing  (AV18) - freepar off-shell nuke corrections
   GP TMC applied
   HT corrections, multiplicative C=C(xB)
 Correlated errors treated separately from statistical errors
 NmcF2pCor  DIS data with   1.69< Q2 < 0.500D+03 and 0.000 < xB < 1.000 and   3.00< W2 < 0.100D+04 and 0.000 < y < 1.000
   GP TMC applied
   HT corrections, multiplicative C=C(xB)
 Correlated errors treated separately from statistical errors
 NmcRatCor  DIS data with   1.69< Q2 < 0.500D+03 and 0.000 < xB < 1.000 and   3.00< W2 < 0.100D+04 and 0.000 < y < 1.000
   WBArel smearing  (AV18) - freepar off-shell nuke corrections
   GP TMC applied
   HT corrections, multiplicative C=C(xB)
 Correlated errors treated separately from statistical errors
 H2_NC_em   DIS data with   1.69< Q2 < 0.100D+06 and 0.000 < xB < 1.000 and   3.00< W2 < 0.100D+08 and 0.000 < y < 1.000
   GP TMC applied
   HT corrections, multiplicative C=C(xB)
 Correlated errors treated separately from statistical errors
 H2_NC_ep_1 DIS data with   1.69< Q2 < 0.100D+06 and 0.000 < xB < 1.000 and   3.00< W2 < 0.100D+08 and 0.000 < y < 1.000
   GP TMC applied
   HT corrections, multiplicative C=C(xB)
 Correlated errors treated separately from statistical errors
 H2_NC_ep_2 DIS data with   1.69< Q2 < 0.100D+06 and 0.000 < xB < 1.000 and   3.00< W2 < 0.100D+08 and 0.000 < y < 1.000
   GP TMC applied
   HT corrections, multiplicative C=C(xB)
 Correlated errors treated separately from statistical errors
 H2_NC_ep_3 DIS data with   1.69< Q2 < 0.100D+06 and 0.000 < xB < 1.000 and   3.00< W2 < 0.100D+08 and 0.000 < y < 1.000
   GP TMC applied
   HT corrections, multiplicative C=C(xB)
 Correlated errors treated separately from statistical errors
 H2_NC_ep_4 DIS data with   1.69< Q2 < 0.100D+06 and 0.000 < xB < 1.000 and   3.00< W2 < 0.100D+08 and 0.000 < y < 1.000
   GP TMC applied
   HT corrections, multiplicative C=C(xB)
 Correlated errors treated separately from statistical errors
 H2_CC_em   DIS data with   1.69< Q2 < 0.100D+06 and 0.000 < xB < 1.000 and   3.00< W2 < 0.100D+08 and 0.000 < y < 1.000
   GP TMC applied
   HT corrections, multiplicative C=C(xB)
 Correlated errors treated separately from statistical errors
 H2_CC_ep   DIS data with   1.69< Q2 < 0.100D+06 and 0.000 < xB < 1.000 and   3.00< W2 < 0.100D+08 and 0.000 < y < 1.000
   GP TMC applied
   HT corrections, multiplicative C=C(xB)
 Correlated errors added in quadrature with statistical errors
 BNS_F2nd   DIS data with   1.69< Q2 < 0.100D+06 and 0.000 < xB < 1.000 and   3.00< W2 < 0.100D+08 and 0.000 < y < 1.000
   WBArel smearing  (AV18) - freepar off-shell nuke corrections
   GP TMC applied
   HT corrections, multiplicative C=C(xB)
 Correlated errors added in quadrature with statistical errors
 e866pp06xf vector boson data with Q2 >=  36.00
 Correlated errors added in quadrature with statistical errors
 e866pd06xf vector boson data with Q2 >=  36.00
 Correlated errors added in quadrature with statistical errors
 cdfLasy05  vector boson data with Q2 >=   0.00
 Correlated errors added in quadrature with statistical errors
 d0Lasy_e15 vector boson data with Q2 >=   0.00
 Correlated errors added in quadrature with statistical errors
 d0Lasy13   vector boson data with Q2 >=   0.00
 Correlated errors added in quadrature with statistical errors
 CDF_Wasy   vector boson data with Q2 >=   0.00
 Correlated errors added in quadrature with statistical errors
 D0_Wasy    vector boson data with Q2 >=   0.00
 Correlated errors added in quadrature with statistical errors
 CDF_Z      vector boson data with Q2 >=   0.00
 Correlated errors added in quadrature with statistical errors
 D0_Z       vector boson data with Q2 >=   0.00
 Correlated errors added in quadrature with statistical errors
 d0run2coneJet data - errors added in quadrature
 Correlated errors added in quadrature with statistical errors
 CDFrun2jetJet data - errors added in quadrature
 Correlated errors added in quadrature with statistical errors
 d0_gamjet1 Photon data -- cuts to be written yet ...
 Correlated errors added in quadrature with statistical errors
 d0_gamjet2 Photon data -- cuts to be written yet ...
 Correlated errors added in quadrature with statistical errors
 d0_gamjet3 Photon data -- cuts to be written yet ...
 Correlated errors added in quadrature with statistical errors
 d0_gamjet4 Photon data -- cuts to be written yet ...

# fitpack15: fit output
# CJ15 AV18 final data choices                                                 

Parametrization   7 used here

 S-ACOT scheme used  for NC DIS

 charm mass =     1.30 GeV     bottom mass =     4.50 GeV



 THIS IS A NEXT TO LEADING ORDER FIT

 Q02=    1.69
         1  LAMBDA      VALUE=   0.22680      WEIGHT=    0.0000    
         2  a0uv        VALUE=    2.3582      WEIGHT=    0.0000    
         3  a1uv        VALUE=   0.61026      WEIGHT=   0.20370E-01
         4  a2uv        VALUE=    3.5472      WEIGHT=   0.12283E-01
         5  a3uv        VALUE=    0.0000      WEIGHT=    0.0000    
         6  a4uv        VALUE=    3.5532      WEIGHT=   0.44812    
         7  a5uv        VALUE=    0.0000      WEIGHT=    0.0000    
         8  a0dv        VALUE=    24.904      WEIGHT=    0.0000    
         9  a1dv        VALUE=    1.1593      WEIGHT=   0.33146E-01
        10  a2dv        VALUE=    6.6165      WEIGHT=   0.16667    
        11  a3dv        VALUE=   -3.5152      WEIGHT=   0.88423E-01
        12  a4dv        VALUE=    4.7073      WEIGHT=   0.15427    
        13  a5dv        VALUE=    0.0000      WEIGHT=    0.0000    
        14  a0ud        VALUE=   0.14578      WEIGHT=   0.50606E-02
        15  a1ud        VALUE=  -0.20825      WEIGHT=   0.37844E-02
        16  a2ud        VALUE=    8.3222      WEIGHT=   0.18976    
        17  a3ud        VALUE=    0.0000      WEIGHT=    0.0000    
        18  a4ud        VALUE=    14.490      WEIGHT=    1.2479    
        19  a5ud        VALUE=    0.0000      WEIGHT=    0.0000    
        20  a0du        VALUE=    35712.      WEIGHT=    0.0000    
        21  a1du        VALUE=    4.0618      WEIGHT=   0.88100E-01
        22  a2du        VALUE=    20.234      WEIGHT=   0.94625    
        23  a3du        VALUE=    17.000      WEIGHT=    0.0000    
        24  a4du        VALUE=    59.846      WEIGHT=    15.050    
        25  a0g         VALUE=    46.313      WEIGHT=    0.0000    
        26  a1g         VALUE=   0.60481      WEIGHT=   0.30270E-01
        27  a2g         VALUE=    6.2498      WEIGHT=   0.90795    
        28  a3g         VALUE=   -3.3664      WEIGHT=   0.12722    
        29  a4g         VALUE=    3.2450      WEIGHT=   0.29251    
        30  a5g         VALUE=    0.0000      WEIGHT=    0.0000    
        31  kappa       VALUE=   0.40000      WEIGHT=    0.0000    
        32  a6dv        VALUE=  -0.41389E-02  WEIGHT=   0.77794E-03
        33  a7dv        VALUE=    2.0000      WEIGHT=    0.0000    
        34  off1        VALUE=  -0.20655      WEIGHT=   0.10000    
        35  off2        VALUE=    2.5915      WEIGHT=    1.0000    
        36  off3        VALUE=   -9.4263      WEIGHT=    1.0000    
        37  off4        VALUE=    8.2851      WEIGHT=    1.0000    
        38  off5        VALUE=    0.0000      WEIGHT=    1.0000    
        39  ht1         VALUE=   -3.2849      WEIGHT=   0.27327    
        40  ht2         VALUE=    1.9227      WEIGHT=   0.11284    
        41  ht3         VALUE=   -2.0996      WEIGHT=   0.29046E-01
        42  ht4         VALUE=    0.0000      WEIGHT=    0.0000    
        43  dummy43     VALUE=    0.0000      WEIGHT=    0.0000    
        44  dummy44     VALUE=    0.0000      WEIGHT=    0.0000    
        45  dummy45     VALUE=    0.0000      WEIGHT=    0.0000    
        46  dummy46     VALUE=    0.0000      WEIGHT=    0.0000    
        47  dummy47     VALUE=    0.0000      WEIGHT=    0.0000    
        48  dummy48     VALUE=    0.0000      WEIGHT=    0.0000    
        49  dummy49     VALUE=    0.0000      WEIGHT=    0.0000    
        50  bcdmsh2     VALUE=   0.97156      WEIGHT=   0.48614E-02
        51  bcdmsd2     VALUE=   0.99377      WEIGHT=   0.58578E-02
        52  ccfr        VALUE=    1.0000      WEIGHT=    0.0000    
        53  nutev       VALUE=    1.0000      WEIGHT=    0.0000    
        54  zeus        VALUE=   0.97998      WEIGHT=    0.0000    
        55  h1          VALUE=    1.0162      WEIGHT=    0.0000    
        56  e605        VALUE=    1.0319      WEIGHT=    0.0000    
        57  NmcH2       VALUE=    1.0090      WEIGHT=   0.71416E-02
        58  ntv_nu      VALUE=    1.0000      WEIGHT=    0.0000    
        59  ntv_nuba    VALUE=    1.0000      WEIGHT=    0.0000    
        60  cdf_jet     VALUE=   0.98910      WEIGHT=    0.0000    
        61  d0_jet      VALUE=   0.83504      WEIGHT=    0.0000    
        62  slac_p      VALUE=    1.0037      WEIGHT=   0.48583E-02
        63  slac_d      VALUE=    1.0050      WEIGHT=   0.53349E-02
        64  e866pp      VALUE=   0.96705      WEIGHT=   0.19176E-01
        65  e866pd      VALUE=   0.95602      WEIGHT=   0.17669E-01
        66  d0_gamje    VALUE=    1.0396      WEIGHT=   0.16513E-01
        67  h1b         VALUE=   0.97608      WEIGHT=    0.0000    
        68  jlab_p      VALUE=   0.99508      WEIGHT=   0.58350E-02
        69  jlab_d      VALUE=   0.97805      WEIGHT=   0.60059E-02
        70  blank       VALUE=    1.0000      WEIGHT=    0.0000    
        71  d0run2      VALUE=   0.94743      WEIGHT=   0.14830E-01
        72  cdfrun2     VALUE=   0.93197      WEIGHT=   0.17550E-01
        73  HERA_el     VALUE=    1.0000      WEIGHT=    0.0000    
        74  HERA_ps     VALUE=    1.0000      WEIGHT=    0.0000    
        75  CDF_Z       VALUE=   0.96181      WEIGHT=   0.67127E-02
        76  NmcRat      VALUE=    1.0000      WEIGHT=    0.0000    
        77  BNS_F2nd    VALUE=   0.97668      WEIGHT=   0.73637E-02
        78  HERMES_F    VALUE=   0.99710      WEIGHT=   0.56156E-02
        79  HERMES_F    VALUE=   0.98065      WEIGHT=   0.58612E-02
0THE TOLERANCE IS    0.1000
 THE MAXIMUM NUMBER OF STEPS IS 100
0THE INITIAL CHI SQUARED IS  4.70089E+03
0  STEP  CHI SQUARED    PARAMETER      VALUE         ERROR
 ------------------------------------------------------------
     1    4.69979E+03
                       1  LAMBDA     2.2680E-01       FIX 
                       2  a0uv       2.3120E+00       FIX 
                       3  a1uv       6.0572E-01           
                       4  a2uv       3.5489E+00           
                       5  a3uv       0.0000E+00       FIX 
                       6  a4uv       3.6532E+00           
                       7  a5uv       0.0000E+00       FIX 
                       8  a0dv       2.5144E+01       FIX 
                       9  a1dv       1.1605E+00           
                      10  a2dv       6.6382E+00           
                      11  a3dv      -3.5267E+00           
                      12  a4dv       4.7250E+00           
                      13  a5dv       0.0000E+00       FIX 
                      14  a0ud       1.4496E-01           
                      15  a1ud      -2.0881E-01           
                      16  a2ud       8.3465E+00           
                      17  a3ud       0.0000E+00       FIX 
                      18  a4ud       1.4625E+01           
                      19  a5ud       0.0000E+00       FIX 
                      20  a0du       3.5712E+04       FIX 
                      21  a1du       4.0761E+00           
                      22  a2du       2.0297E+01           
                      23  a3du       1.7000E+01       FIX 
                      24  a4du       6.2610E+01           
                      25  a0g        4.6837E+01       FIX 
                      26  a1g        6.0651E-01           
                      27  a2g        6.2636E+00           
                      28  a3g       -3.3889E+00           
                      29  a4g        3.2910E+00           
                      30  a5g        0.0000E+00       FIX 
                      31  kappa      4.0000E-01       FIX 
                      32  a6dv      -4.2129E-03           
                      33  a7dv       2.0000E+00       FIX 
                      34  off1      -2.3918E-01           
                      35  off2       2.5367E+00           
                      36  off3      -9.2424E+00           
                      37  off4       8.1563E+00           
                      38  off5       1.2410E-01           
                      39  ht1       -3.2882E+00           
                      40  ht2        1.9299E+00           
                      41  ht3       -2.1014E+00           
                      42  ht4        0.0000E+00       FIX 
                      43  dummy43    0.0000E+00       FIX 
                      44  dummy44    0.0000E+00       FIX 
                      45  dummy45    0.0000E+00       FIX 
                      46  dummy46    0.0000E+00       FIX 
                      47  dummy47    0.0000E+00       FIX 
                      48  dummy48    0.0000E+00       FIX 
                      49  dummy49    0.0000E+00       FIX 
                      50  bcdmsh2    9.7105E-01           
                      51  bcdmsd2    9.9388E-01           
                      52  ccfr       1.0000E+00       FIX 
                      53  nutev      1.0000E+00       FIX 
                      54  zeus       9.7998E-01       FIX 
                      55  h1         1.0162E+00       FIX 
                      56  e605       1.0319E+00       FIX 
                      57  NmcH2      1.0086E+00           
                      58  ntv_nu     1.0000E+00       FIX 
                      59  ntv_nuba   1.0000E+00       FIX 
                      60  cdf_jet    9.8910E-01       FIX 
                      61  d0_jet     8.3504E-01       FIX 
                      62  slac_p     1.0032E+00           
                      63  slac_d     1.0050E+00           
                      64  e866pp     9.6843E-01           
                      65  e866pd     9.5426E-01           
                      66  d0_gamje   1.0396E+00           
                      67  h1b        9.7608E-01       FIX 
                      68  jlab_p     9.9462E-01           
                      69  jlab_d     9.7799E-01           
                      70  blank      1.0000E+00       FIX 
                      71  d0run2     9.4918E-01           
                      72  cdfrun2    9.3357E-01           
                      73  HERA_el    1.0000E+00       FIX 
                      74  HERA_ps    1.0000E+00       FIX 
                      75  CDF_Z      9.6034E-01           
                      76  NmcRat     1.0000E+00       FIX 
                      77  BNS_F2nd   9.7502E-01           
                      78  HERMES_F   9.9663E-01           
                      79  HERMES_F   9.8062E-01           
 ------------------------------------------------------------
     2    4.69870E+03
                       1  LAMBDA     2.2680E-01       FIX 
                       2  a0uv       2.1663E+00       FIX 
                       3  a1uv       5.9084E-01           
                       4  a2uv       3.5534E+00           
                       5  a3uv       0.0000E+00       FIX 
                       6  a4uv       3.9865E+00           
                       7  a5uv       0.0000E+00       FIX 
                       8  a0dv       2.5220E+01       FIX 
                       9  a1dv       1.1594E+00           
                      10  a2dv       6.6659E+00           
                      11  a3dv      -3.5479E+00           
                      12  a4dv       4.7710E+00           
                      13  a5dv       0.0000E+00       FIX 
                      14  a0ud       1.4315E-01           
                      15  a1ud      -2.1006E-01           
                      16  a2ud       8.4072E+00           
                      17  a3ud       0.0000E+00       FIX 
                      18  a4ud       1.5157E+01           
                      19  a5ud       0.0000E+00       FIX 
                      20  a0du       3.5712E+04       FIX 
                      21  a1du       4.0833E+00           
                      22  a2du       2.0474E+01           
                      23  a3du       1.7000E+01       FIX 
                      24  a4du       6.0623E+01           
                      25  a0g        4.7432E+01       FIX 
                      26  a1g        6.0871E-01           
                      27  a2g        6.3101E+00           
                      28  a3g       -3.4115E+00           
                      29  a4g        3.3444E+00           
                      30  a5g        0.0000E+00       FIX 
                      31  kappa      4.0000E-01       FIX 
                      32  a6dv      -4.3436E-03           
                      33  a7dv       2.0000E+00       FIX 
                      34  off1      -2.1188E-01           
                      35  off2       2.2408E+00           
                      36  off3      -8.2238E+00           
                      37  off4       6.5243E+00           
                      38  off5       1.1403E+00           
                      39  ht1       -3.3116E+00           
                      40  ht2        1.9514E+00           
                      41  ht3       -2.1029E+00           
                      42  ht4        0.0000E+00       FIX 
                      43  dummy43    0.0000E+00       FIX 
                      44  dummy44    0.0000E+00       FIX 
                      45  dummy45    0.0000E+00       FIX 
                      46  dummy46    0.0000E+00       FIX 
                      47  dummy47    0.0000E+00       FIX 
                      48  dummy48    0.0000E+00       FIX 
                      49  dummy49    0.0000E+00       FIX 
                      50  bcdmsh2    9.7003E-01           
                      51  bcdmsd2    9.9292E-01           
                      52  ccfr       1.0000E+00       FIX 
                      53  nutev      1.0000E+00       FIX 
                      54  zeus       9.7998E-01       FIX 
                      55  h1         1.0162E+00       FIX 
                      56  e605       1.0319E+00       FIX 
                      57  NmcH2      1.0077E+00           
                      58  ntv_nu     1.0000E+00       FIX 
                      59  ntv_nuba   1.0000E+00       FIX 
                      60  cdf_jet    9.8910E-01       FIX 
                      61  d0_jet     8.3504E-01       FIX 
                      62  slac_p     1.0022E+00           
                      63  slac_d     1.0040E+00           
                      64  e866pp     9.7343E-01           
                      65  e866pd     9.5670E-01           
                      66  d0_gamje   1.0386E+00           
                      67  h1b        9.7608E-01       FIX 
                      68  jlab_p     9.9387E-01           
                      69  jlab_d     9.7712E-01           
                      70  blank      1.0000E+00       FIX 
                      71  d0run2     9.5093E-01           
                      72  cdfrun2    9.3534E-01           
                      73  HERA_el    1.0000E+00       FIX 
                      74  HERA_ps    1.0000E+00       FIX 
                      75  CDF_Z      9.5852E-01           
                      76  NmcRat     1.0000E+00       FIX 
                      77  BNS_F2nd   9.7459E-01           
                      78  HERMES_F   9.9571E-01           
                      79  HERMES_F   9.7980E-01           
 ------------------------------------------------------------
     3    4.69838E+03
                       1  LAMBDA     2.2680E-01       FIX 
                       2  a0uv       2.0843E+00       FIX 
                       3  a1uv       5.8223E-01           
                       4  a2uv       3.5557E+00           
                       5  a3uv       0.0000E+00       FIX 
                       6  a4uv       4.1951E+00           
                       7  a5uv       0.0000E+00       FIX 
                       8  a0dv       2.5483E+01       FIX 
                       9  a1dv       1.1605E+00           
                      10  a2dv       6.6902E+00           
                      11  a3dv      -3.5643E+00           
                      12  a4dv       4.7992E+00           
                      13  a5dv       0.0000E+00       FIX 
                      14  a0ud       1.4232E-01           
                      15  a1ud      -2.1059E-01           
                      16  a2ud       8.4256E+00           
                      17  a3ud       0.0000E+00       FIX 
                      18  a4ud       1.5368E+01           
                      19  a5ud       0.0000E+00       FIX 
                      20  a0du       3.5712E+04       FIX 
                      21  a1du       4.1043E+00           
                      22  a2du       2.0512E+01           
                      23  a3du       1.7000E+01       FIX 
                      24  a4du       6.2357E+01           
                      25  a0g        4.6941E+01       FIX 
                      26  a1g        6.0649E-01           
                      27  a2g        6.2707E+00           
                      28  a3g       -3.4080E+00           
                      29  a4g        3.3365E+00           
                      30  a5g        0.0000E+00       FIX 
                      31  kappa      4.0000E-01       FIX 
                      32  a6dv      -4.3880E-03           
                      33  a7dv       2.0000E+00       FIX 
                      34  off1      -1.9551E-01           
                      35  off2       1.6614E+00           
                      36  off3      -4.5684E+00           
                      37  off4      -1.4513E+00           
                      38  off5       6.7175E+00           
                      39  ht1       -3.3284E+00           
                      40  ht2        1.9641E+00           
                      41  ht3       -2.1033E+00           
                      42  ht4        0.0000E+00       FIX 
                      43  dummy43    0.0000E+00       FIX 
                      44  dummy44    0.0000E+00       FIX 
                      45  dummy45    0.0000E+00       FIX 
                      46  dummy46    0.0000E+00       FIX 
                      47  dummy47    0.0000E+00       FIX 
                      48  dummy48    0.0000E+00       FIX 
                      49  dummy49    0.0000E+00       FIX 
                      50  bcdmsh2    9.6948E-01           
                      51  bcdmsd2    9.9235E-01           
                      52  ccfr       1.0000E+00       FIX 
                      53  nutev      1.0000E+00       FIX 
                      54  zeus       9.7998E-01       FIX 
                      55  h1         1.0162E+00       FIX 
                      56  e605       1.0319E+00       FIX 
                      57  NmcH2      1.0072E+00           
                      58  ntv_nu     1.0000E+00       FIX 
                      59  ntv_nuba   1.0000E+00       FIX 
                      60  cdf_jet    9.8910E-01       FIX 
                      61  d0_jet     8.3504E-01       FIX 
                      62  slac_p     1.0016E+00           
                      63  slac_d     1.0034E+00           
                      64  e866pp     9.7751E-01           
                      65  e866pd     9.5721E-01           
                      66  d0_gamje   1.0382E+00           
                      67  h1b        9.7608E-01       FIX 
                      68  jlab_p     9.9339E-01           
                      69  jlab_d     9.7666E-01           
                      70  blank      1.0000E+00       FIX 
                      71  d0run2     9.5154E-01           
                      72  cdfrun2    9.3608E-01           
                      73  HERA_el    1.0000E+00       FIX 
                      74  HERA_ps    1.0000E+00       FIX 
                      75  CDF_Z      9.5709E-01           
                      76  NmcRat     1.0000E+00       FIX 
                      77  BNS_F2nd   9.7444E-01           
                      78  HERMES_F   9.9515E-01           
                      79  HERMES_F   9.7925E-01           
 ------------------------------------------------------------
     4    4.69835E+03
                       1  LAMBDA     2.2680E-01    0.0000E+00
                       2  a0uv       2.0672E+00    0.0000E+00
                       3  a1uv       5.8038E-01    2.2796E-02
                       4  a2uv       3.5562E+00    1.1321E-02
                       5  a3uv       0.0000E+00    0.0000E+00
                       6  a4uv       4.2394E+00    5.7128E-01
                       7  a5uv       0.0000E+00    0.0000E+00
                       8  a0dv       2.5724E+01    0.0000E+00
                       9  a1dv       1.1625E+00    3.7109E-02
                      10  a2dv       6.7034E+00    1.9377E-01
                      11  a3dv      -3.5705E+00    9.8759E-02
                      12  a4dv       4.8072E+00    1.5893E-01
                      13  a5dv       0.0000E+00    0.0000E+00
                      14  a0ud       1.4231E-01    5.1214E-03
                      15  a1ud      -2.1059E-01    3.8961E-03
                      16  a2ud       8.4277E+00    1.9286E-01
                      17  a3ud       0.0000E+00    0.0000E+00
                      18  a4ud       1.5377E+01    1.3892E+00
                      19  a5ud       0.0000E+00    0.0000E+00
                      20  a0du       3.5712E+04    0.0000E+00
                      21  a1du       4.1090E+00    1.1506E-01
                      22  a2du       2.0549E+01    1.0671E+00
                      23  a3du       1.7000E+01    0.0000E+00
                      24  a4du       6.1399E+01    1.7314E+01
                      25  a0g        4.6929E+01    0.0000E+00
                      26  a1g        6.0682E-01    3.0392E-02
                      27  a2g        6.2786E+00    8.5968E-01
                      28  a3g       -3.4047E+00    1.2687E-01
                      29  a4g        3.3328E+00    3.0250E-01
                      30  a5g        0.0000E+00    0.0000E+00
                      31  kappa      4.0000E-01    0.0000E+00
                      32  a6dv      -4.3816E-03    7.6426E-04
                      33  a7dv       2.0000E+00    0.0000E+00
                      34  off1      -1.7874E-01    1.3449E-01
                      35  off2       1.2116E+00    2.7510E+00
                      36  off3      -1.7474E+00    1.7835E+01
                      37  off4      -7.6409E+00    3.9983E+01
                      38  off5       1.1061E+01    2.8693E+01
                      39  ht1       -3.3302E+00    2.8046E-01
                      40  ht2        1.9659E+00    1.1599E-01
                      41  ht3       -2.1032E+00    2.9668E-02
                      42  ht4        0.0000E+00    0.0000E+00
                      43  dummy43    0.0000E+00    0.0000E+00
                      44  dummy44    0.0000E+00    0.0000E+00
                      45  dummy45    0.0000E+00    0.0000E+00
                      46  dummy46    0.0000E+00    0.0000E+00
                      47  dummy47    0.0000E+00    0.0000E+00
                      48  dummy48    0.0000E+00    0.0000E+00
                      49  dummy49    0.0000E+00    0.0000E+00
                      50  bcdmsh2    9.6936E-01    4.8800E-03
                      51  bcdmsd2    9.9221E-01    5.8649E-03
                      52  ccfr       1.0000E+00    0.0000E+00
                      53  nutev      1.0000E+00    0.0000E+00
                      54  zeus       9.7998E-01    0.0000E+00
                      55  h1         1.0162E+00    0.0000E+00
                      56  e605       1.0319E+00    0.0000E+00
                      57  NmcH2      1.0070E+00    7.1481E-03
                      58  ntv_nu     1.0000E+00    0.0000E+00
                      59  ntv_nuba   1.0000E+00    0.0000E+00
                      60  cdf_jet    9.8910E-01    0.0000E+00
                      61  d0_jet     8.3504E-01    0.0000E+00
                      62  slac_p     1.0015E+00    4.8849E-03
                      63  slac_d     1.0033E+00    5.3502E-03
                      64  e866pp     9.7861E-01    1.9537E-02
                      65  e866pd     9.5716E-01    1.8576E-02
                      66  d0_gamje   1.0381E+00    1.6543E-02
                      67  h1b        9.7608E-01    0.0000E+00
                      68  jlab_p     9.9324E-01    5.8552E-03
                      69  jlab_d     9.7659E-01    6.0302E-03
                      70  blank      1.0000E+00    0.0000E+00
                      71  d0run2     9.5166E-01    1.4855E-02
                      72  cdfrun2    9.3625E-01    1.7598E-02
                      73  HERA_el    1.0000E+00    0.0000E+00
                      74  HERA_ps    1.0000E+00    0.0000E+00
                      75  CDF_Z      9.5679E-01    6.7203E-03
                      76  NmcRat     1.0000E+00    0.0000E+00
                      77  BNS_F2nd   9.7462E-01    7.3415E-03
                      78  HERMES_F   9.9501E-01    5.6345E-03
                      79  HERMES_F   9.7912E-01    5.8720E-03
0 MINIMIZATION TERMINATED WITH STEP  4
  TOLERANCE CRITERION      SATISFIED
0 CHI SQUARED PER DEGREE OF FREEDOM IS  1.044E+00
   1.000 -0.304 -0.984  0.291  0.084  0.033 -0.219  0.454  0.397 -0.352 -0.552 -0.046 -0.220  0.119  0.162  0.112  0.003  0.006  0.255 -0.173 -0.080  0.152 -0.172  0.176  0.111 -0.210  0.057  0.319  0.254  0.167  0.314  0.274 -0.405 -0.304  0.112  0.203  0.228 -0.115 -0.100  0.339  0.059  0.271  0.236
  -0.304  1.000  0.441  0.199  0.229 -0.125  0.092 -0.115 -0.110  0.350  0.220  0.169 -0.015  0.120  0.009  0.094  0.043  0.023 -0.117 -0.047  0.050 -0.066  0.077 -0.085 -0.549  0.337  0.276  0.142  0.077  0.043  0.036  0.052  0.145  0.008  0.012  0.138  0.132 -0.081 -0.043 -0.021 -0.111  0.077  0.068
  -0.984  0.441  1.000 -0.222 -0.030 -0.061  0.227 -0.438 -0.387  0.399  0.573  0.072  0.214 -0.088 -0.135 -0.065  0.014 -0.003 -0.245  0.158  0.084 -0.152  0.172 -0.177 -0.185  0.249  0.015 -0.216 -0.180 -0.111 -0.209 -0.183  0.460  0.341 -0.099 -0.108 -0.145  0.069  0.065 -0.269 -0.058 -0.177 -0.151
   0.291  0.199 -0.222  1.000  0.837 -0.698  0.161  0.215  0.167 -0.195 -0.326  0.460 -0.281  0.238  0.281  0.199 -0.141  0.159  0.437  0.044 -0.424  0.486 -0.499  0.498 -0.181  0.099  0.199  0.284  0.204  0.101  0.280  0.212  0.065 -0.225  0.078  0.194  0.164 -0.063 -0.056  0.118  0.037  0.255  0.202
   0.084  0.229 -0.030  0.837  1.000 -0.909  0.631 -0.001 -0.020  0.020 -0.053  0.326 -0.156  0.259  0.170  0.123 -0.162  0.154  0.029  0.026 -0.350  0.443 -0.495  0.530 -0.060 -0.027  0.099  0.171  0.121  0.107  0.130  0.098  0.110 -0.117  0.043  0.070  0.057 -0.014 -0.021  0.045  0.056  0.142  0.110
   0.033 -0.125 -0.061 -0.698 -0.909  1.000 -0.783  0.155  0.156 -0.031 -0.087 -0.239  0.144 -0.312 -0.131 -0.169  0.166 -0.197 -0.108 -0.009  0.306 -0.415  0.472 -0.506  0.097 -0.046 -0.114 -0.103 -0.070 -0.124 -0.077 -0.059 -0.155  0.006 -0.015 -0.020 -0.021  0.015  0.012 -0.006 -0.170 -0.106 -0.085
  -0.219  0.092  0.227  0.161  0.631 -0.783  1.000 -0.328 -0.298  0.330  0.417 -0.107  0.115  0.130 -0.047  0.051 -0.071  0.087 -0.325  0.033 -0.091  0.183 -0.257  0.311  0.052 -0.100  0.006 -0.006 -0.006  0.123 -0.044 -0.020  0.157  0.198 -0.034 -0.062 -0.046 -0.012 -0.010  0.019  0.207  0.002  0.012
   0.454 -0.115 -0.438  0.215 -0.001  0.155 -0.328  1.000  0.969 -0.433 -0.790  0.133 -0.126 -0.088 -0.071 -0.036  0.201 -0.154  0.212  0.100 -0.237  0.232 -0.214  0.195 -0.017 -0.023  0.060  0.234  0.185  0.138  0.231  0.192 -0.080 -0.143  0.099  0.160  0.172  0.011  0.008  0.269  0.008  0.203  0.170
   0.397 -0.110 -0.387  0.167 -0.020  0.156 -0.298  0.969  1.000 -0.387 -0.742  0.116 -0.104 -0.081 -0.176 -0.101  0.237 -0.199  0.179  0.092 -0.218  0.212 -0.195  0.177 -0.009 -0.023  0.036  0.183  0.145  0.117  0.173  0.142 -0.089 -0.149  0.087  0.118  0.130  0.031  0.022  0.209 -0.003  0.152  0.124
  -0.352  0.350  0.399 -0.195  0.020 -0.031  0.330 -0.433 -0.387  1.000  0.760 -0.390  0.484 -0.240 -0.060 -0.149 -0.204  0.071 -0.304  0.196  0.141 -0.236  0.258 -0.258  0.087 -0.034 -0.176 -0.098 -0.055  0.018 -0.085 -0.041  0.002  0.153 -0.047 -0.008 -0.046  0.122  0.068 -0.031 -0.117 -0.040  0.001
  -0.552  0.220  0.573 -0.326 -0.053 -0.087  0.417 -0.790 -0.742  0.760  1.000 -0.425  0.359 -0.227 -0.028 -0.064 -0.132  0.036 -0.347  0.132  0.336 -0.393  0.385 -0.364  0.084 -0.086 -0.083 -0.053 -0.029  0.065 -0.017  0.029  0.269  0.527 -0.118  0.033  0.005 -0.046 -0.058  0.082  0.066  0.014  0.061
  -0.046  0.169  0.072  0.460  0.326 -0.239 -0.107  0.133  0.116 -0.390 -0.425  1.000 -0.596  0.510  0.054  0.002 -0.028  0.028  0.287 -0.245 -0.413  0.497 -0.497  0.479 -0.123  0.166  0.032  0.023  0.042 -0.026  0.030  0.001  0.261 -0.370  0.077  0.014  0.025  0.081  0.065 -0.315 -0.126  0.042 -0.018
  -0.220 -0.015  0.214 -0.281 -0.156  0.144  0.115 -0.126 -0.104  0.484  0.359 -0.596  1.000 -0.195 -0.203 -0.178  0.151 -0.192 -0.226  0.231 -0.009 -0.108  0.160 -0.184  0.192 -0.217 -0.122 -0.012 -0.011  0.001 -0.032 -0.033  0.097  0.165 -0.025  0.002 -0.047 -0.020 -0.025  0.023 -0.193 -0.048 -0.025
   0.119  0.120 -0.088  0.238  0.259 -0.312  0.130 -0.088 -0.081 -0.240 -0.227  0.510 -0.195  1.000 -0.009  0.128 -0.111  0.180  0.111 -0.658 -0.041  0.186 -0.221  0.229 -0.115  0.153  0.040  0.094  0.082  0.121  0.084  0.044  0.126 -0.330  0.097  0.051  0.046  0.073  0.065 -0.313 -0.221  0.088  0.045
   0.162  0.009 -0.135  0.281  0.170 -0.131 -0.047 -0.071 -0.176 -0.060 -0.028  0.054 -0.203 -0.009  1.000  0.708 -0.709  0.791  0.153 -0.013  0.038 -0.025  0.016 -0.010 -0.075  0.136  0.105  0.120  0.092 -0.041  0.171  0.156 -0.085 -0.033  0.029  0.112  0.116 -0.045 -0.008  0.128  0.060  0.154  0.144
   0.112  0.094 -0.065  0.199  0.123 -0.169  0.051 -0.036 -0.101 -0.149 -0.064  0.002 -0.178  0.128  0.708  1.000 -0.322  0.743  0.124 -0.101  0.090 -0.049  0.033 -0.025 -0.338  0.405  0.391  0.150  0.101  0.039  0.241  0.215 -0.032  0.041  0.032  0.150  0.160 -0.284 -0.133  0.134  0.138  0.211  0.197
   0.003  0.043  0.014 -0.141 -0.162  0.166 -0.071  0.201  0.237 -0.204 -0.132 -0.028  0.151 -0.111 -0.709 -0.322  1.000 -0.854 -0.014  0.103 -0.129  0.124 -0.109  0.093 -0.148 -0.023  0.272  0.125  0.071  0.127  0.125  0.088  0.213  0.181 -0.013  0.105  0.091 -0.356 -0.257  0.198  0.112  0.067  0.046
   0.006  0.023 -0.003  0.159  0.154 -0.197  0.087 -0.154 -0.199  0.071  0.036  0.028 -0.192  0.180  0.791  0.743 -0.854  1.000  0.053 -0.144  0.135 -0.112  0.095 -0.081 -0.097  0.285 -0.001 -0.087 -0.057 -0.107 -0.046 -0.026 -0.211 -0.168  0.027 -0.063 -0.043  0.148  0.155 -0.169 -0.037 -0.009  0.003
   0.255 -0.117 -0.245  0.437  0.029 -0.108 -0.325  0.212  0.179 -0.304 -0.347  0.287 -0.226  0.111  0.153  0.124 -0.014  0.053  1.000  0.048 -0.291  0.310 -0.282  0.237 -0.253  0.239  0.192  0.151  0.101  0.020  0.181  0.132 -0.016 -0.176  0.052  0.133  0.130 -0.064 -0.039  0.049  0.087  0.153  0.120
  -0.173 -0.047  0.158  0.044  0.026 -0.009  0.033  0.100  0.092  0.196  0.132 -0.245  0.231 -0.658 -0.013 -0.101  0.103 -0.144  0.048  1.000 -0.535  0.353 -0.278  0.235  0.099 -0.107 -0.042 -0.058 -0.074 -0.076 -0.051 -0.062  0.021  0.198 -0.055 -0.040 -0.047 -0.036 -0.033  0.171  0.149 -0.053 -0.064
  -0.080  0.050  0.084 -0.424 -0.350  0.306 -0.091 -0.237 -0.218  0.141  0.336 -0.413 -0.009 -0.041  0.038  0.090 -0.129  0.135 -0.291 -0.535  1.000 -0.957  0.900 -0.847 -0.096  0.069  0.053  0.001 -0.043  0.068  0.016  0.002 -0.060  0.314 -0.057  0.047 -0.029 -0.029 -0.023  0.148  0.052  0.031  0.012
   0.152 -0.066 -0.152  0.486  0.443 -0.415  0.183  0.232  0.212 -0.236 -0.393  0.497 -0.108  0.186 -0.025 -0.049  0.124 -0.112  0.310  0.353 -0.957  1.000 -0.985  0.955  0.078 -0.046 -0.023  0.042  0.033 -0.036  0.029 -0.003  0.064 -0.343  0.069 -0.034  0.040  0.013  0.012 -0.150  0.035  0.009 -0.008
  -0.172  0.077  0.172 -0.499 -0.495  0.472 -0.257 -0.214 -0.195  0.258  0.385 -0.497  0.160 -0.221  0.016  0.033 -0.109  0.095 -0.282 -0.278  0.900 -0.985  1.000 -0.991 -0.071  0.036  0.006 -0.057 -0.033  0.017 -0.044 -0.011 -0.062  0.323 -0.068  0.039 -0.061 -0.005 -0.006  0.130 -0.077 -0.027 -0.004
   0.176 -0.085 -0.177  0.498  0.530 -0.506  0.311  0.195  0.177 -0.258 -0.364  0.479 -0.184  0.229 -0.010 -0.025  0.093 -0.081  0.237  0.235 -0.847  0.955 -0.991  1.000  0.067 -0.030  0.003  0.061  0.036 -0.005  0.048  0.026  0.058 -0.300  0.064 -0.047  0.079  0.003  0.003 -0.114  0.092  0.036  0.015
   0.111 -0.549 -0.185 -0.181 -0.060  0.097  0.052 -0.017 -0.009  0.087  0.084 -0.123  0.192 -0.115 -0.075 -0.338 -0.148 -0.097 -0.253  0.099 -0.096  0.078 -0.071  0.067  1.000 -0.824 -0.583 -0.060 -0.035  0.021 -0.063 -0.065  0.029  0.059 -0.011 -0.148 -0.165  0.181  0.082  0.030 -0.039 -0.070 -0.064
  -0.210  0.337  0.249  0.099 -0.027 -0.046 -0.100 -0.023 -0.023 -0.034 -0.086  0.166 -0.217  0.153  0.136  0.405 -0.023  0.285  0.239 -0.107  0.069 -0.046  0.036 -0.030 -0.824  1.000  0.311 -0.100 -0.089 -0.117  0.045  0.052 -0.099 -0.162  0.013  0.043  0.103 -0.032  0.039 -0.232 -0.008  0.023  0.017
   0.057  0.276  0.015  0.199  0.099 -0.114  0.006  0.060  0.036 -0.176 -0.083  0.032 -0.122  0.040  0.105  0.391  0.272 -0.001  0.192 -0.042  0.053 -0.023  0.006  0.003 -0.583  0.311  1.000  0.240  0.183  0.093  0.081  0.085  0.101  0.133  0.013 -0.017  0.027 -0.337 -0.212  0.220  0.143  0.134  0.130
