# fitpack15: fit parameters                                                                         
# CJ15 AV18 final data choices                                                                      
# Created on 09/30/2019 at 17:59:27                                                                 

 # QCD setup
  INS                           0
  NVL                          11
  IORD                          1
  Q02                   1.6899999999999999     
  IPARAMC                       7
  FLAVOR                5.0000000000000000     
  xmc                   1.3000000000000000     
  xmb                   4.5000000000000000     
  ncb                          12
  ihq                           1
  ias                           0

 # Theory corrections
  inuke                     10114
  itmc                          1
  iht                           1

 # fit parameters
 LAMBDA       0.22680        0.0000    
 a0uv          2.0086        0.0000    
 a1uv         0.57430       0.22879E-01
 a2uv          3.5632       0.10461E-01
 a3uv          0.0000        0.0000    
 a4uv          4.4243       0.60138    
 a5uv          0.0000        0.0000    
 a0dv          25.117        0.0000    
 a1dv          1.1558       0.31319E-01
 a2dv          6.7141       0.16053    
 a3dv         -3.5769       0.83331E-01
 a4dv          4.8501       0.15369    
 a5dv          0.0000        0.0000    
 a0ud         0.14059       0.49848E-02
 a1ud        -0.21182       0.38571E-02
 a2ud          8.4393       0.18221    
 a3ud          0.0000        0.0000    
 a4ud          16.023        1.3403    
 a5ud          0.0000        0.0000    
 a0du          35712.        0.0000    
 a1du          4.0841       0.91733E-01
 a2du          19.874       0.92837    
 a3du          17.000        0.0000    
 a4du          57.778        15.733    
 a0g           48.608        0.0000    
 a1g          0.61252       0.30595E-01
 a2g           6.4774       0.85540    
 a3g          -3.4372       0.13006    
 a4g           3.4164       0.32162    
 a5g           0.0000        0.0000    
 kappa        0.40000        0.0000    
 a6dv        -0.45375E-02   0.77232E-03
 a7dv          2.0000        0.0000    
 off1        -0.21016       0.12867    
 off2          3.6865        1.4988    
 off3         -15.252        5.6203    
 off4          14.418        5.6514    
 ht1          -3.3921       0.24154    
 ht2           1.9443       0.99575E-01
 ht3          -2.0669       0.24750E-01
 ht4           0.0000        0.0000    
 dummy42       0.0000        0.0000    
 dummy43       0.0000        0.0000    
 dummy44       0.0000        0.0000    
 dummy45       0.0000        0.0000    
 dummy46       0.0000        0.0000    
 dummy47       0.0000        0.0000    
 dummy48       0.0000        0.0000    
 dummy49       0.0000        0.0000    
 bcdmsh2      0.96927       0.44826E-02
 bcdmsd2      0.99245       0.54531E-02
 ccfr          1.0000        0.0000    
 nutev         1.0000        0.0000    
 zeus         0.97998        0.0000    
 h1            1.0162        0.0000    
 e605          1.0319        0.0000    
 NmcH2         1.0070       0.69113E-02
 ntv_nu        1.0000        0.0000    
 ntv_nuba      1.0000        0.0000    
 cdf_jet      0.98910        0.0000    
 d0_jet       0.83504        0.0000    
 slac_p       0.99850       0.41035E-02
 slac_d        1.0022       0.44464E-02
 e866pp       0.97643       0.18997E-01
 e866pd       0.96639       0.17524E-01
 d0_gamje      1.0361       0.16498E-01
 h1b          0.97608        0.0000    
 jlab_p       0.98884       0.50775E-02
 jlab_d       0.97540       0.51547E-02
 blank         1.0000        0.0000    
 d0run2       0.94880       0.14504E-01
 cdfrun2      0.93426       0.17363E-01
 HERA_el       1.0000        0.0000    
 HERA_ps       1.0000        0.0000    
 CDF_Z        0.95885       0.63187E-02
 NmcRat        1.0000        0.0000    
 BNS_F2nd      0.0000        0.0000    
 HERMES_F     0.99357       0.50662E-02
 HERMES_F     0.97842       0.52351E-02
 e03103_p     0.99291       0.45804E-02
 e03103_d     0.97785       0.46929E-02
 e06009_d_c   0.96245       0.77003E-02
 e94110_p      1.0051       0.47666E-02
 e99118_p      1.0080       0.17405E-01
 e99118_d      1.0214       0.17735E-01
 jlcee96_p     1.0144       0.48578E-02
 jlcee96_d     1.0214       0.52414E-02
 END 0. 0.

 # Hessian matrix (Bevington alpha)
   0.78111173270220E+07 -0.19698510632143E+07  0.30106278756522E+06  0.94596070014454E+06 -0.21671388474982E+06 -0.21036641519862E+05  0.10227428982894E+06  0.13275568951131E+07 -0.22837946330895E+06 -0.73578281566449E+05  0.96872465246067E+04  0.15763899156127E+05  0.18433038656496E+04 -0.92991921714511E+02 -0.30182196553797E+04  0.70603807314084E+03  0.39207131150519E+04  0.85528982549385E+03 -0.11753484403519E+08 -0.98646511309391E+05 -0.43422128909193E+05 -0.20638859269083E+05 -0.10402325437098E+05 -0.30722137764066E+05 -0.20098881569684E+05 -0.48174667712276E+06 -0.13157553773392E+06 -0.55805316644062E+05 -0.51167294960265E+04 -0.87000760163943E+06 -0.11266499008325E+07 -0.21040279798688E+05 -0.47555413413678E+05 -0.31920661924003E+04 -0.20533330288083E+06 -0.23217913836627E+06 -0.90932885668099E+04 -0.32153063900117E+04 -0.17737209077069E+05 -0.73965701810750E+05 -0.58288977992055E+05 -0.32001083796582E+06 -0.54491562530513E+06 -0.16538016034884E+05 -0.34196951959703E+06 -0.44542048066349E+04 -0.34215578674970E+04 -0.22254540527068E+06 -0.17385082419091E+06
  -0.19698510632143E+07  0.58378126296348E+06 -0.77181246041415E+05 -0.23823931738953E+06  0.55196103458998E+05  0.11468554419726E+05 -0.20792836204545E+05 -0.18781088538793E+06  0.34406100167415E+05  0.11984866211739E+05 -0.13260190889535E+04 -0.12555309150649E+04 -0.15547901851119E+03  0.11193577211886E+02  0.32156312615592E+04 -0.67988739426542E+03  0.14338516855289E+04  0.14214656373048E+04  0.36755256303131E+07  0.24838224471537E+05  0.12074017495002E+05  0.61878264186813E+04  0.33178574373845E+04  0.12867764611759E+05  0.15267660893854E+05  0.12771560433723E+06  0.16753955329360E+05  0.83522717722874E+04 -0.19978712891074E+03  0.21172394563006E+06  0.26811398898369E+06  0.57824686157538E+04  0.13221643368986E+05  0.42256352128150E+03  0.64212838225724E+05  0.72210804455039E+05  0.24150345686379E+04  0.76614089929430E+03 -0.22199595795118E+04  0.86962133596818E+04  0.73746045879110E+04  0.81081054882996E+05  0.13702205745505E+06  0.10552251967204E+04  0.77951638532574E+05  0.58995819253941E+03  0.46772852306335E+03  0.43097968637547E+05  0.33919248133324E+05
   0.30106278756522E+06 -0.77181246041415E+05  0.11663129520863E+05  0.36315705570877E+05 -0.84284769099638E+04 -0.10808918907858E+04  0.38488203780807E+04  0.41412913158859E+05 -0.68428651407333E+04 -0.25955100860976E+04  0.30617991263919E+03  0.43690641657512E+03  0.58088124086747E+02 -0.35246564519580E+01 -0.77249925579499E+03  0.10554451436315E+03 -0.43719041683738E+03 -0.28776497512409E+03 -0.46235572141549E+06 -0.37825705200692E+04 -0.16849531958206E+04 -0.80612587525313E+03 -0.40791105517651E+03 -0.12634341850068E+04 -0.10085547789931E+04 -0.18768129566378E+05 -0.47382847250316E+04 -0.20166814577791E+04  0.22309851342116E+02 -0.32581829762659E+05 -0.42445884447634E+05 -0.81846069750894E+03 -0.18572042978264E+04 -0.10219932344266E+03 -0.81080299762324E+04 -0.91615302473154E+04 -0.34910914938234E+03 -0.12208555702557E+03 -0.54665162882704E+02 -0.22475824209806E+04 -0.18193183597369E+04 -0.12445386506339E+05 -0.21252911026666E+05 -0.60026288858585E+03 -0.13311507897097E+05 -0.16078118548134E+03 -0.12400119772671E+03 -0.85533868444788E+04 -0.66757112707796E+04
   0.94596070014454E+06 -0.23823931738953E+06  0.36315705570877E+05  0.50310939828227E+06 -0.81948804060553E+05  0.76260732220427E+05  0.75045643244881E+05  0.44687939221526E+06 -0.40373744347272E+05 -0.23483731257762E+05  0.37324057308785E+04 -0.13421540774531E+04 -0.12380056809763E+03  0.47569555354357E+02  0.29171241428645E+05 -0.33923493979999E+04  0.26761909369506E+05  0.14184815639461E+05 -0.30973467690830E+07 -0.29642148623634E+05 -0.12095540609452E+05 -0.52686930315843E+04 -0.24589864685986E+04 -0.25376184919017E+04  0.26157735380378E+04 -0.83947686896035E+05 -0.12820227774504E+05 -0.21230283335019E+05 -0.87101809915916E+02 -0.66593755925233E+05 -0.34311728988019E+06 -0.13751417970169E+04 -0.24996791718902E+04 -0.70928197931595E+02 -0.11741384940191E+05 -0.52405272273096E+05 -0.24347983185415E+04 -0.94903026623393E+03 -0.10027856703656E+05 -0.72891157377797E+04 -0.21551901703091E+05 -0.23481197167555E+05 -0.15735255916218E+06 -0.82711284636546E+04 -0.27495480002868E+05 -0.46650630708526E+03 -0.13748359300229E+04 -0.20137452235796E+05 -0.61006568705918E+05
  -0.21671388474982E+06  0.55196103458998E+05 -0.84284769099638E+04 -0.81948804060553E+05  0.15301546222677E+05 -0.76048706850088E+04 -0.11155280912212E+05 -0.47567743052250E+05  0.25892406376525E+04  0.32987076588744E+04 -0.41522854692851E+03 -0.26546404602571E+02  0.13305961328556E+01 -0.41611036676057E+01 -0.21322046012802E+04  0.21984357990906E+03 -0.19889689551017E+04 -0.99757530508349E+03  0.65096904081986E+06  0.55460033122154E+04  0.24267763688655E+04  0.11027895100834E+04  0.52711717135961E+03  0.89416605214736E+03  0.57653529793623E+03  0.17564669409174E+05  0.19725726515516E+04  0.33182975285047E+04 -0.55596955695441E+02  0.11505681232586E+05  0.60905567846341E+05  0.31191542674184E+03  0.54625019099789E+03  0.89008476471825E+01  0.27769801652717E+04  0.12268645539310E+05  0.44499616365414E+03  0.16610297779089E+03  0.39227236356555E+03  0.80396978086612E+03  0.24883621129744E+04  0.48656242174411E+04  0.33538278216031E+05  0.11984403321702E+04  0.57958632873184E+04  0.70178428034151E+02  0.21027253397329E+03  0.38882815371871E+04  0.11763601871122E+05
  -0.21036641519862E+05  0.11468554419726E+05 -0.10808918907858E+04  0.76260732220427E+05 -0.76048706850088E+04  0.24695714080284E+05  0.14887009947421E+05  0.11985536427700E+06 -0.12267722285519E+05 -0.49387264375820E+04  0.99374118635858E+03 -0.70493310959923E+03 -0.60595240759425E+02  0.15955992077340E+02  0.94394867427375E+04 -0.12008676351876E+04  0.85674361715327E+04  0.47611819568267E+04 -0.19226107747892E+05 -0.23759012672781E+04 -0.50769741129812E+03 -0.55392728387286E+02  0.32591624273926E+02  0.10797101028883E+04  0.33170844481809E+04 -0.23067582133332E+04 -0.26361745932307E+04 -0.39929804747519E+04  0.14300526518330E+03 -0.78885801885087E+04 -0.37727867172944E+05  0.27213476609209E+02  0.13538053419020E+02 -0.18310348309114E+02  0.57535772948230E+03  0.23115345122032E+04 -0.21657623778703E+03 -0.11593795871968E+03 -0.31958462743056E+04 -0.18351934122143E+04 -0.52261677404898E+04 -0.88890157292873E+03 -0.40310708065636E+04 -0.16780398715286E+04 -0.10218249855913E+04 -0.96527547351981E+02 -0.27477482076159E+03 -0.16482790473483E+04 -0.50491923394585E+04
   0.10227428982894E+06 -0.20792836204545E+05  0.38488203780807E+04  0.75045643244881E+05 -0.11155280912212E+05  0.14887009947421E+05  0.12586348132073E+05  0.73381618333413E+05 -0.55190290776824E+04 -0.39561588024926E+04  0.62897033653732E+03 -0.21965386781906E+03 -0.21010944878419E+02  0.83205317540605E+01  0.45583165534606E+04 -0.56286445765998E+03  0.40678807001304E+04  0.22280544210010E+04 -0.30639050805660E+06 -0.38526650375248E+04 -0.14171579323507E+04 -0.54425295698978E+03 -0.22377703318279E+03  0.23748603035974E+03  0.15994356469414E+04 -0.96882641926990E+04 -0.23902333531990E+04 -0.37269378994404E+04  0.13355541729144E+03 -0.94366594784109E+04 -0.48819952229899E+05 -0.14431738593241E+03 -0.25582345900985E+03 -0.12828206135017E+02 -0.87902619884671E+03 -0.40747668427474E+04 -0.33081575633073E+03 -0.14142257341998E+03 -0.13625245376381E+04 -0.11279709806740E+04 -0.33451767047007E+04 -0.28468855926700E+04 -0.18420568013770E+05 -0.16882628429363E+04 -0.34384768132077E+04 -0.87314742952717E+02 -0.25488010665117E+03 -0.29542742437386E+04 -0.89655742532985E+04
   0.13275568951131E+07 -0.18781088538793E+06  0.41412913158859E+05  0.44687939221526E+06 -0.47567743052250E+05  0.11985536427700E+06  0.73381618333413E+05  0.55930517023068E+07 -0.24471404085146E+07 -0.96183702739813E+05  0.26717403538975E+05  0.27071976321274E+05  0.19004690383215E+04  0.77780734057073E+02  0.89388141405321E+05 -0.11335737201881E+05  0.93054121404261E+05  0.48769029202652E+05 -0.96907290670107E+06 -0.44294370437331E+05 -0.97921942511552E+04 -0.28856183801744E+04 -0.10249597061087E+04  0.91131114080665E+04  0.44842252379918E+05 -0.62249809985801E+05 -0.63348954508082E+05 -0.50732614130632E+05 -0.71261031774827E+05 -0.29831723568641E+06 -0.58597074724366E+06 -0.75139630259335E+05 -0.16889318096183E+06 -0.14218922533038E+04 -0.58332138480851E+04 -0.11562577549905E+05  0.40440116770468E+03  0.31271975552664E+03 -0.27730333748927E+06 -0.14610065193578E+06 -0.17966003846130E+06 -0.34088997682448E+05 -0.80524455792946E+05 -0.12109202372834E+05 -0.35697652521061E+05 -0.22602089980929E+04 -0.28674073194092E+04 -0.37769819979968E+05 -0.48510514134713E+05
  -0.22837946330895E+06  0.34406100167415E+05 -0.68428651407333E+04 -0.40373744347272E+05  0.25892406376525E+04 -0.12267722285519E+05 -0.55190290776824E+04 -0.24471404085146E+07  0.19291645005429E+07  0.20402229171435E+05 -0.64740262476493E+04 -0.55984179879752E+04 -0.32003522552988E+03 -0.10201991409693E+02  0.48318828596823E+05 -0.23735991370554E+04  0.16221207272091E+05  0.79335004424047E+04  0.23377012084898E+05  0.10222985039278E+05  0.17799105529920E+04  0.45274030234201E+03  0.14887771750735E+03 -0.20517223855360E+04 -0.10491134867555E+05  0.92514964621194E+04  0.11450399524920E+05  0.10816875543550E+05  0.24807624342430E+05  0.67042455615844E+05  0.12726496666960E+06  0.23055057785033E+05  0.51825009990209E+05  0.19192061186196E+03  0.63067163547554E+03  0.12827683890313E+04 -0.12980439924319E+04 -0.71033760587896E+03  0.11308288067919E+06  0.45317304050608E+05  0.55141186024100E+05  0.48395099694144E+04  0.11110591235613E+05  0.19539730904635E+04  0.49242307201047E+04  0.44633117575025E+03  0.56612486864700E+03  0.56229725009907E+04  0.73202904513994E+04
  -0.73578281566449E+05  0.11984866211739E+05 -0.25955100860976E+04 -0.23483731257762E+05  0.32987076588744E+04 -0.49387264375820E+04 -0.39561588024926E+04 -0.96183702739813E+05  0.20402229171435E+05  0.30170213606265E+04 -0.64994745016464E+03 -0.67673944285311E+03 -0.62918146202363E+02 -0.13897615181503E+01 -0.39292529552640E+04  0.47928474521284E+03 -0.35726027729832E+04 -0.19532729862840E+04  0.85330714219154E+05  0.17094714280749E+04  0.51259635703908E+03  0.17970120212006E+03  0.70507068575568E+02 -0.27475131063822E+03 -0.13956496552501E+04  0.40733202832794E+04  0.27461588045052E+04  0.18960499111363E+04  0.73874725241593E+03  0.11041905751009E+05  0.22956863587616E+05  0.15047837774553E+04  0.33314679496493E+04  0.43519132931707E+02  0.55802359612963E+03  0.10667511395773E+04  0.12579273183431E+03  0.56428140585695E+02  0.31494981541603E+04  0.28368503835986E+04  0.35840256450246E+04  0.22731121585764E+04  0.56776888200120E+04  0.66897263238985E+03  0.25611629237220E+04  0.95618887712562E+02  0.12102497642297E+03  0.24166686450549E+04  0.30461576385898E+04
   0.96872465246067E+04 -0.13260190889535E+04  0.30617991263919E+03  0.37324057308785E+04 -0.41522854692851E+03  0.99374118635858E+03  0.62897033653732E+03  0.26717403538975E+05 -0.64740262476493E+04 -0.64994745016464E+03  0.16803200672725E+03  0.18594025617524E+03  0.14081054479487E+02  0.50647097458154E+00  0.12093287302353E+04 -0.13557737081377E+03  0.10589335089891E+04  0.56253280432329E+03 -0.87521833723494E+04 -0.28698825248500E+03 -0.68902321294824E+02 -0.21015964554728E+02 -0.75617079551282E+01  0.60768017996098E+02  0.29276049329323E+03 -0.45827618205650E+03 -0.45372617869688E+03 -0.34202664225598E+03 -0.33247873946377E+03 -0.19683972057042E+04 -0.39150814131234E+04 -0.41475041032289E+03 -0.93365834187672E+03 -0.10639228070130E+02 -0.44532129287810E+02 -0.88155427921091E+02 -0.12042110058533E+02 -0.57643534615113E+01 -0.11224203733449E+04 -0.80449534455316E+03 -0.99709011690342E+03 -0.25351949986163E+03 -0.60007344383513E+03 -0.88163445141389E+02 -0.26542215991651E+03 -0.15691929718368E+02 -0.19911112742438E+02 -0.27810880427436E+03 -0.35650135367097E+03
   0.15763899156127E+05 -0.12555309150649E+04  0.43690641657512E+03 -0.13421540774531E+04 -0.26546404602571E+02 -0.70493310959923E+03 -0.21965386781906E+03  0.27071976321274E+05 -0.55984179879752E+04 -0.67673944285311E+03  0.18594025617524E+03  0.15873971188811E+04  0.10729973122787E+03 -0.13696408107709E+01  0.13945110708029E+04 -0.20193463686995E+03  0.15513364897006E+04  0.88357446788345E+03 -0.61738344896099E+04  0.27777161449121E+03  0.29075934943706E+02  0.11214201652559E+01 -0.58946756437596E+00  0.57385141589394E+02  0.31135835863629E+03 -0.80297414211420E+02 -0.11507560463621E+04 -0.30308748413532E-10 -0.68418811685718E+03 -0.50873662320259E+04  0.28521344655479E-09 -0.22789713018092E+04 -0.74496055972654E+02 -0.78298334926320E+02 -0.24190236893994E+00 -0.20838807950509E-10 -0.17186036969019E+01 -0.73655189677261E+00  0.28622095922837E+03 -0.26960075427876E+04  0.28761522975910E-10 -0.81938673405096E+02 -0.14882519269961E-09 -0.33032038656421E-10 -0.29664136973404E+02 -0.32716960709566E+02  0.51764484683673E-12 -0.72253081851655E+02 -0.61911865585572E-10
   0.18433038656496E+04 -0.15547901851119E+03  0.58088124086747E+02 -0.12380056809763E+03  0.13305961328556E+01 -0.60595240759425E+02 -0.21010944878419E+02  0.19004690383215E+04 -0.32003522552988E+03 -0.62918146202363E+02  0.14081054479487E+02  0.10729973122787E+03  0.97734821698248E+01 -0.15566643197953E+00  0.79909323658475E+02 -0.13867876553374E+02  0.93462685284245E+02  0.57846206078908E+02 -0.34219357876114E+03  0.17296744887029E+02  0.26612287675909E+01  0.24095480724470E+00 -0.24201869717748E-01  0.80252338041216E+01  0.37485112218824E+02 -0.19300107012828E+02 -0.17087902367188E+03 -0.59600514248735E-11 -0.27569122914909E+02 -0.60639280167670E+03 -0.10562833841104E-10 -0.14628693040065E+03 -0.19528310361741E+02 -0.64725402041574E+01 -0.16762082481519E+00 -0.32910181910383E-11 -0.18480651680442E+00 -0.71841957225088E-01  0.29063777917182E+02 -0.19847437229696E+03 -0.52047796705737E-11 -0.27911638747685E+02 -0.83917387353880E-12 -0.22604223972341E-11 -0.12777297292826E+02 -0.57092957114115E+01 -0.60956156927689E-12 -0.26359027819356E+02 -0.48386303489251E-11
  -0.92991921714511E+02  0.11193577211886E+02 -0.35246564519580E+01  0.47569555354357E+02 -0.41611036676057E+01  0.15955992077340E+02  0.83205317540605E+01  0.77780734057073E+02 -0.10201991409693E+02 -0.13897615181503E+01  0.50647097458154E+00 -0.13696408107709E+01 -0.15566643197953E+00  0.33452758171534E-01  0.11375808597195E+02 -0.87241883524917E+00  0.73654064742178E+01  0.34139915887805E+01 -0.67938487518629E+02  0.11061522436082E+01 -0.34446403808339E-01 -0.16198128913739E-01 -0.56044706294616E-02 -0.64740862302347E-02 -0.64555329903400E-02  0.12823488144963E-01  0.50920407968658E-01 -0.17572054890408E-12 -0.43696800120155E+01 -0.37874650854863E+00 -0.13821867108591E-11 -0.19623256086051E+01 -0.31057608389177E-05 -0.95595631717600E-01  0.37811027740149E-13 -0.20285129272711E-13 -0.11279663144083E-02 -0.62464609335390E-03 -0.14350755604727E+01 -0.19003291843087E+01 -0.12637585528466E-12 -0.30493299235919E-08 -0.80076172873441E-12 -0.45379424887658E-13 -0.21672685851997E-10 -0.10596222593194E-05 -0.54864406645704E-13 -0.24258665592560E-08 -0.26748925384263E-12
  -0.30182196553797E+04  0.32156312615592E+04 -0.77249925579499E+03  0.29171241428645E+05 -0.21322046012802E+04  0.94394867427375E+04  0.45583165534606E+04  0.89388141405321E+05  0.48318828596823E+05 -0.39292529552640E+04  0.12093287302353E+04  0.13945110708029E+04  0.79909323658475E+02  0.11375808597195E+02  0.51081418122957E+05 -0.49234244157491E+04  0.38288338196527E+05  0.19792304830597E+05 -0.41815548136533E+05  0.27653789670101E+03  0.14679193078590E+03  0.62220015922489E+02  0.26529393914073E+02 -0.63048731891943E+02 -0.30651789188583E+03  0.20728574814533E+04 -0.28831831959096E+04 -0.18668460169534E+04 -0.25007603419451E+04  0.19465656107894E+04  0.43359943470672E+04 -0.15107399319895E+04 -0.29888958869086E+04 -0.73976986896943E+03  0.29418578679371E+03  0.52558056051970E+03 -0.29863680537041E+04 -0.15727037748923E+04 -0.22619530020033E+04 -0.95411288677592E+03 -0.10695313540447E+04  0.85648105891454E+03  0.27818800060468E+04  0.41775361161267E+03  0.17209183037517E+04  0.53769409376494E+02  0.63522874576696E+02  0.15683059088291E+04  0.19239549829633E+04
   0.70603807314084E+03 -0.67988739426542E+03  0.10554451436315E+03 -0.33923493979999E+04  0.21984357990906E+03 -0.12008676351876E+04 -0.56286445765998E+03 -0.11335737201881E+05 -0.23735991370554E+04  0.47928474521284E+03 -0.13557737081377E+03 -0.20193463686995E+03 -0.13867876553374E+02 -0.87241883524917E+00 -0.49234244157491E+04  0.55542211579286E+03 -0.41864897239333E+04 -0.22561080166091E+04  0.31205250998059E+04 -0.46587926083488E+02 -0.29347830402814E+02 -0.13656250017973E+02 -0.62116142486498E+01 -0.23674334500125E+01  0.82980715419991E+01 -0.46858285015357E+03  0.55089234667058E+03  0.34203233559515E+03  0.29467428295717E+03 -0.14758261430344E+03 -0.49568895069754E+03  0.16199284137196E+03  0.31963021827677E+03  0.84525105668074E+02 -0.81373785452837E+02 -0.14320163797745E+03  0.47539816068626E+03  0.23236906826298E+03 -0.35317683371012E+03  0.27039320957392E+03  0.30180202088993E+03 -0.19131722988691E+03 -0.65918171340051E+03 -0.81929283578139E+02 -0.40793944832547E+03 -0.85886669159411E+01 -0.10299032987138E+02 -0.34352573628284E+03 -0.41850699078529E+03
   0.39207131150519E+04  0.14338516855289E+04 -0.43719041683738E+03  0.26761909369506E+05 -0.19889689551017E+04  0.85674361715327E+04  0.40678807001304E+04  0.93054121404261E+05  0.16221207272091E+05 -0.35726027729832E+04  0.10589335089891E+04  0.15513364897006E+04  0.93462685284245E+02  0.73654064742178E+01  0.38288338196527E+05 -0.41864897239333E+04  0.32527703216581E+05  0.17255516666962E+05 -0.44772906224167E+05  0.17234712794222E+03  0.10776099669399E+03  0.40835692765206E+02  0.14801127830298E+02 -0.15320668354956E+03 -0.50274491728346E+03  0.13507540181865E+04 -0.27325032839345E+04 -0.17511928117937E+04 -0.26548474832215E+04  0.22762944660982E+04  0.48034338184702E+04 -0.13276615437735E+04 -0.26405450267557E+04 -0.64503746990843E+03  0.67795689797832E+02  0.13802233280478E+03 -0.27031492173322E+04 -0.14621963588194E+04  0.12962065754412E+04 -0.17223349034985E+04 -0.19023209212457E+04  0.61006265922493E+03  0.15684149458504E+04  0.40184090955409E+03  0.93984385160295E+03  0.71330396073139E+02  0.82110684797983E+02  0.11436809457041E+04  0.14419944762092E+04
   0.85528982549385E+03  0.14214656373048E+04 -0.28776497512409E+03  0.14184815639461E+05 -0.99757530508349E+03  0.47611819568267E+04  0.22280544210010E+04  0.48769029202652E+05  0.79335004424047E+04 -0.19532729862840E+04  0.56253280432329E+03  0.88357446788345E+03  0.57846206078908E+02  0.34139915887805E+01  0.19792304830597E+05 -0.22561080166091E+04  0.17255516666962E+05  0.92889669995397E+04 -0.20836583562126E+05  0.12833759185427E+03  0.83597732993613E+02  0.34804674614188E+02  0.13962909359848E+02 -0.72437012607075E+02 -0.23292878322662E+03  0.12022239393240E+04 -0.19187698095076E+04 -0.11949630958745E+04 -0.13146651835512E+04  0.10378649400750E+04  0.25917192639703E+04 -0.66494934819882E+03 -0.13245489644829E+04 -0.35137813828910E+03  0.11164115707142E+03  0.20845813723266E+03 -0.17371452415354E+04 -0.89934310687900E+03  0.14734343441787E+04 -0.11871599364101E+04 -0.13125396715210E+04  0.52960577866686E+03  0.15284798306240E+04  0.31094595683212E+03  0.93918115704557E+03  0.43453578480873E+02  0.50570198904298E+02  0.99253620455894E+03  0.12318299999706E+04
  -0.11753484403519E+08  0.36755256303131E+07 -0.46235572141549E+06 -0.30973467690830E+07  0.65096904081986E+06 -0.19226107747892E+05 -0.30639050805660E+06 -0.96907290670107E+06  0.23377012084898E+05  0.85330714219154E+05 -0.87521833723494E+04 -0.61738344896099E+04 -0.34219357876114E+03 -0.67938487518629E+02 -0.41815548136533E+05  0.31205250998059E+04 -0.44772906224167E+05 -0.20836583562126E+05  0.43057661789298E+08  0.26526023916990E+06  0.13319754094244E+06  0.69027096423892E+05  0.37216663097736E+05  0.95445917846605E+05  0.11955113407446E+06  0.87291674219764E+06  0.34456216226817E+05  0.77657203034749E+05 -0.11745710710475E+04  0.57469040656601E+06  0.28090076460206E+07  0.17365356959620E+05  0.31775829709964E+05  0.21521153713805E+03  0.18701078558888E+06  0.81544686509251E+06  0.24249023657838E+05  0.76535445165970E+04 -0.18278385738405E+05  0.20876067592678E+05  0.65492153747552E+05  0.22473749685067E+06  0.14848885936578E+07  0.19503182449079E+04  0.21144272142751E+06  0.13113165532134E+04  0.40412546018635E+04  0.11032552098246E+06  0.34066014732762E+06
  -0.98646511309391E+05  0.24838224471537E+05 -0.37825705200692E+04 -0.29642148623634E+05  0.55460033122154E+04 -0.23759012672781E+04 -0.38526650375248E+04 -0.44294370437331E+05  0.10222985039278E+05  0.17094714280749E+04 -0.28698825248500E+03  0.27777161449121E+03  0.17296744887029E+02  0.11061522436082E+01  0.27653789670101E+03 -0.46587926083488E+02  0.17234712794222E+03  0.12833759185427E+03  0.26526023916990E+06  0.39115566255244E+04  0.14171523828888E+04  0.62750170584134E+03  0.30644710672047E+03  0.28918658575803E+03 -0.29088413496354E+03  0.71632168248307E+04  0.00000000000000E+00  0.26019945617771E+04  0.00000000000000E+00  0.00000000000000E+00  0.41084434837380E+05  0.00000000000000E+00  0.00000000000000E+00  0.00000000000000E+00  0.00000000000000E+00  0.61228095578714E+04  0.00000000000000E+00  0.00000000000000E+00  0.00000000000000E+00  0.00000000000000E+00  0.41912163020247E+04  0.00000000000000E+00  0.15992581576247E+05  0.75151554372496E+03  0.00000000000000E+00  0.00000000000000E+00  0.14829210231968E+03  0.00000000000000E+00  0.57568211207870E+04
  -0.43422128909193E+05  0.12074017495002E+05 -0.16849531958206E+04 -0.12095540609452E+05  0.24267763688655E+04 -0.50769741129812E+03 -0.14171579323507E+04 -0.97921942511552E+04  0.17799105529920E+04  0.51259635703908E+03 -0.68902321294824E+02  0.29075934943706E+02  0.26612287675909E+01 -0.34446403808339E-01  0.14679193078590E+03 -0.29347830402814E+02  0.10776099669399E+03  0.83597732993613E+02  0.13319754094244E+06  0.14171523828888E+04  0.62160046651586E+03  0.29822112955284E+03  0.15306142012462E+03  0.22518758093227E+03  0.13596713057345E+03  0.32188604060397E+04  0.00000000000000E+00  0.67632969988493E+03  0.00000000000000E+00  0.00000000000000E+00  0.15484308782620E+05  0.00000000000000E+00  0.00000000000000E+00  0.00000000000000E+00  0.00000000000000E+00  0.31062259353671E+04  0.00000000000000E+00  0.00000000000000E+00  0.00000000000000E+00  0.00000000000000E+00  0.87403289456381E+03  0.00000000000000E+00  0.70795463482714E+04  0.21707407599295E+03  0.00000000000000E+00  0.00000000000000E+00  0.45735354320540E+02  0.00000000000000E+00  0.22451428998240E+04
  -0.20638859269083E+05  0.61878264186813E+04 -0.80612587525313E+03 -0.52686930315843E+04  0.11027895100834E+04 -0.55392728387286E+02 -0.54425295698978E+03 -0.28856183801744E+04  0.45274030234201E+03  0.17970120212006E+03 -0.21015964554728E+02  0.11214201652559E+01  0.24095480724470E+00 -0.16198128913739E-01  0.62220015922489E+02 -0.13656250017973E+02  0.40835692765206E+02  0.34804674614188E+02  0.69027096423892E+05  0.62750170584134E+03  0.29822112955284E+03  0.15077344282090E+03  0.80418491517583E+02  0.14120997454941E+03  0.14132835262565E+03  0.15289903263793E+04  0.00000000000000E+00  0.19804252087725E+03  0.00000000000000E+00  0.00000000000000E+00  0.67552495363477E+04  0.00000000000000E+00  0.00000000000000E+00  0.00000000000000E+00  0.00000000000000E+00  0.16177490845377E+04  0.00000000000000E+00  0.00000000000000E+00  0.00000000000000E+00  0.00000000000000E+00  0.26048808472530E+03  0.00000000000000E+00  0.32654774408559E+04  0.55937621872613E+02  0.00000000000000E+00  0.00000000000000E+00  0.15260131159925E+02  0.00000000000000E+00  0.90571949059623E+03
  -0.10402325437098E+05  0.33178574373845E+04 -0.40791105517651E+03 -0.24589864685986E+04  0.52711717135961E+03  0.32591624273926E+02 -0.22377703318279E+03 -0.10249597061087E+04  0.14887771750735E+03  0.70507068575568E+02 -0.75617079551282E+01 -0.58946756437596E+00 -0.24201869717748E-01 -0.56044706294616E-02  0.26529393914073E+02 -0.62116142486498E+01  0.14801127830298E+02  0.13962909359848E+02  0.37216663097736E+05  0.30644710672047E+03  0.15306142012462E+03  0.80418491517583E+02  0.44228093849789E+02  0.84087729229644E+02  0.95747911335121E+02  0.76247502603382E+03  0.00000000000000E+00  0.60798522307183E+02  0.00000000000000E+00  0.00000000000000E+00  0.32670727618976E+04  0.00000000000000E+00  0.00000000000000E+00  0.00000000000000E+00  0.00000000000000E+00  0.86324615868137E+03  0.00000000000000E+00  0.00000000000000E+00  0.00000000000000E+00  0.00000000000000E+00  0.97362442838693E+02  0.00000000000000E+00  0.15635135397490E+04  0.99416481501365E+01  0.00000000000000E+00  0.00000000000000E+00  0.54330152130953E+01  0.00000000000000E+00  0.37702367919466E+03
  -0.30722137764066E+05  0.12867764611759E+05 -0.12634341850068E+04 -0.25376184919017E+04  0.89416605214736E+03  0.10797101028883E+04  0.23748603035974E+03  0.91131114080665E+04 -0.20517223855360E+04 -0.27475131063822E+03  0.60768017996098E+02  0.57385141589394E+02  0.80252338041216E+01 -0.64740862302347E-02 -0.63048731891943E+02 -0.23674334500125E+01 -0.15320668354956E+03 -0.72437012607075E+02  0.95445917846605E+05  0.28918658575803E+03  0.22518758093227E+03  0.14120997454941E+03  0.84087729229644E+02  0.65295595732722E+03  0.12286687545156E+04  0.27913175468001E+04 -0.51764693882229E+02 -0.29721379314398E+02  0.26516169634238E+01  0.49293775623646E+03 -0.16374790436988E+03  0.00000000000000E+00  0.00000000000000E+00  0.00000000000000E+00  0.22700781629303E+04  0.27869813286588E+04  0.00000000000000E+00  0.00000000000000E+00  0.00000000000000E+00 -0.38919837308862E+03 -0.40374522791926E+03  0.14407006784022E+04  0.36363187491651E+04 -0.43594565177772E+03  0.15875546415993E+04 -0.42341357704201E+02 -0.39121819298273E+02 -0.19433904332793E+03 -0.12122617841361E+03
  -0.20098881569684E+05  0.15267660893854E+05 -0.10085547789931E+04  0.26157735380378E+04  0.57653529793623E+03  0.33170844481809E+04  0.15994356469414E+04  0.44842252379918E+05 -0.10491134867555E+05 -0.13956496552501E+04  0.29276049329323E+03  0.31135835863629E+03  0.37485112218824E+02 -0.64555329903400E-02 -0.30651789188583E+03  0.82980715419991E+01 -0.50274491728346E+03 -0.23292878322662E+03  0.11955113407446E+06 -0.29088413496354E+03  0.13596713057345E+03  0.14132835262565E+03  0.95747911335121E+02  0.12286687545156E+04  0.30354285106960E+04  0.28479717401880E+04 -0.16666235597939E+03 -0.11232800936353E+03 -0.48216684272404E+02 -0.69210130373678E+04 -0.12019941707984E+05  0.00000000000000E+00  0.00000000000000E+00  0.00000000000000E+00  0.32434299927105E+04  0.38732373305828E+04  0.00000000000000E+00  0.00000000000000E+00  0.00000000000000E+00 -0.21979082845858E+04 -0.22655944241997E+04  0.12072682296050E+04  0.44258482900824E+04 -0.11254241150614E+04  0.23194003637727E+04 -0.16147361563026E+03 -0.15503379564146E+03 -0.12381844506662E+04 -0.12845662169147E+04
  -0.48174667712276E+06  0.12771560433723E+06 -0.18768129566378E+05 -0.83947686896035E+05  0.17564669409174E+05 -0.23067582133332E+04 -0.96882641926990E+04 -0.62249809985801E+05  0.92514964621194E+04  0.40733202832794E+04 -0.45827618205650E+03 -0.80297414211420E+02 -0.19300107012828E+02  0.12823488144963E-01  0.20728574814533E+04 -0.46858285015357E+03  0.13507540181865E+04  0.12022239393240E+04  0.87291674219764E+06  0.71632168248307E+04  0.32188604060397E+04  0.15289903263793E+04  0.76247502603382E+03  0.27913175468001E+04  0.28479717401880E+04  0.41218396386709E+05  0.25906304018662E+03  0.13530166414687E+03 -0.68455217666797E+01  0.38910018796020E+05  0.63102652107353E+05  0.00000000000000E+00  0.00000000000000E+00  0.00000000000000E+00  0.16509156171986E+05  0.20679790210267E+05  0.00000000000000E+00  0.00000000000000E+00  0.00000000000000E+00  0.16015791291137E+04  0.16384419827442E+04  0.21190628555035E+05  0.52422755944719E+05  0.18854540599836E+04  0.34132826983745E+05  0.34905520107538E+03  0.35195246909492E+03  0.21031898540131E+05  0.20435144335321E+05
  -0.13157553773392E+06  0.16753955329360E+05 -0.47382847250316E+04 -0.12820227774504E+05  0.19725726515516E+04 -0.26361745932307E+04 -0.23902333531990E+04 -0.63348954508082E+05  0.11450399524920E+05  0.27461588045052E+04 -0.45372617869688E+03 -0.11507560463621E+04 -0.17087902367188E+03  0.50920407968658E-01 -0.28831831959096E+04  0.55089234667058E+03 -0.27325032839345E+04 -0.19187698095076E+04  0.34456216226817E+05  0.00000000000000E+00  0.00000000000000E+00  0.00000000000000E+00  0.00000000000000E+00 -0.51764693882229E+02 -0.16666235597939E+03  0.25906304018662E+03  0.11714578470779E+06  0.00000000000000E+00  0.00000000000000E+00  0.00000000000000E+00  0.00000000000000E+00  0.00000000000000E+00  0.00000000000000E+00  0.00000000000000E+00  0.00000000000000E+00  0.00000000000000E+00  0.00000000000000E+00  0.00000000000000E+00  0.00000000000000E+00  0.00000000000000E+00  0.00000000000000E+00  0.00000000000000E+00  0.00000000000000E+00  0.00000000000000E+00  0.00000000000000E+00  0.00000000000000E+00  0.00000000000000E+00  0.00000000000000E+00  0.00000000000000E+00
  -0.55805316644062E+05  0.83522717722874E+04 -0.20166814577791E+04 -0.21230283335019E+05  0.33182975285047E+04 -0.39929804747519E+04 -0.37269378994404E+04 -0.50732614130632E+05  0.10816875543550E+05  0.18960499111363E+04 -0.34202664225598E+03 -0.30308748413532E-10 -0.59600514248735E-11 -0.17572054890408E-12 -0.18668460169534E+04  0.34203233559515E+03 -0.17511928117937E+04 -0.11949630958745E+04  0.77657203034749E+05  0.26019945617771E+04  0.67632969988493E+03  0.19804252087725E+03  0.60798522307183E+02 -0.29721379314398E+02 -0.11232800936353E+03  0.13530166414687E+03  0.00000000000000E+00  0.64690749126659E+05  0.00000000000000E+00  0.00000000000000E+00  0.00000000000000E+00  0.00000000000000E+00  0.00000000000000E+00  0.00000000000000E+00  0.00000000000000E+00  0.00000000000000E+00  0.00000000000000E+00  0.00000000000000E+00  0.00000000000000E+00  0.00000000000000E+00  0.00000000000000E+00  0.00000000000000E+00  0.00000000000000E+00  0.00000000000000E+00  0.00000000000000E+00  0.00000000000000E+00  0.00000000000000E+00  0.00000000000000E+00  0.00000000000000E+00
  -0.51167294960265E+04 -0.19978712891074E+03  0.22309851342116E+02 -0.87101809915916E+02 -0.55596955695441E+02  0.14300526518330E+03  0.13355541729144E+03 -0.71261031774827E+05  0.24807624342430E+05  0.73874725241593E+03 -0.33247873946377E+03 -0.68418811685718E+03 -0.27569122914909E+02 -0.43696800120155E+01 -0.25007603419451E+04  0.29467428295717E+03 -0.26548474832215E+04 -0.13146651835512E+04 -0.11745710710475E+04  0.00000000000000E+00  0.00000000000000E+00  0.00000000000000E+00  0.00000000000000E+00  0.26516169634238E+01 -0.48216684272404E+02 -0.68455217666797E+01  0.00000000000000E+00  0.00000000000000E+00  0.30776005878668E+05  0.00000000000000E+00  0.00000000000000E+00  0.00000000000000E+00  0.00000000000000E+00  0.00000000000000E+00  0.00000000000000E+00  0.00000000000000E+00  0.00000000000000E+00  0.00000000000000E+00  0.00000000000000E+00  0.00000000000000E+00  0.00000000000000E+00  0.00000000000000E+00  0.00000000000000E+00  0.00000000000000E+00  0.00000000000000E+00  0.00000000000000E+00  0.00000000000000E+00  0.00000000000000E+00  0.00000000000000E+00
  -0.87000760163943E+06  0.21172394563006E+06 -0.32581829762659E+05 -0.66593755925233E+05  0.11505681232586E+05 -0.78885801885087E+04 -0.94366594784109E+04 -0.29831723568641E+06  0.67042455615844E+05  0.11041905751009E+05 -0.19683972057042E+04 -0.50873662320259E+04 -0.60639280167670E+03 -0.37874650854863E+00  0.19465656107894E+04 -0.14758261430344E+03  0.22762944660982E+04  0.10378649400750E+04  0.57469040656601E+06  0.00000000000000E+00  0.00000000000000E+00  0.00000000000000E+00  0.00000000000000E+00  0.49293775623646E+03 -0.69210130373678E+04  0.38910018796020E+05  0.00000000000000E+00  0.00000000000000E+00  0.00000000000000E+00  0.58477194145560E+06  0.00000000000000E+00  0.00000000000000E+00  0.00000000000000E+00  0.00000000000000E+00  0.00000000000000E+00  0.00000000000000E+00  0.00000000000000E+00  0.00000000000000E+00  0.00000000000000E+00  0.00000000000000E+00  0.00000000000000E+00  0.00000000000000E+00  0.00000000000000E+00  0.00000000000000E+00  0.00000000000000E+00  0.00000000000000E+00  0.00000000000000E+00  0.00000000000000E+00  0.00000000000000E+00
  -0.11266499008325E+07  0.26811398898369E+06 -0.42445884447634E+05 -0.34311728988019E+06  0.60905567846341E+05 -0.37727867172944E+05 -0.48819952229899E+05 -0.58597074724366E+06  0.12726496666960E+06  0.22956863587616E+05 -0.39150814131234E+04  0.28521344655479E-09 -0.10562833841104E-10 -0.13821867108591E-11  0.43359943470672E+04 -0.49568895069754E+03  0.48034338184702E+04  0.25917192639703E+04  0.28090076460206E+07  0.41084434837380E+05  0.15484308782620E+05  0.67552495363477E+04  0.32670727618976E+04 -0.16374790436988E+03 -0.12019941707984E+05  0.63102652107353E+05  0.00000000000000E+00  0.00000000000000E+00  0.00000000000000E+00  0.00000000000000E+00  0.92184655272882E+06  0.00000000000000E+00  0.00000000000000E+00  0.00000000000000E+00  0.00000000000000E+00  0.00000000000000E+00  0.00000000000000E+00  0.00000000000000E+00  0.00000000000000E+00  0.00000000000000E+00  0.00000000000000E+00  0.00000000000000E+00  0.00000000000000E+00  0.00000000000000E+00  0.00000000000000E+00  0.00000000000000E+00  0.00000000000000E+00  0.00000000000000E+00  0.00000000000000E+00
  -0.21040279798688E+05  0.57824686157538E+04 -0.81846069750894E+03 -0.13751417970169E+04  0.31191542674184E+03  0.27213476609209E+02 -0.14431738593241E+03 -0.75139630259335E+05  0.23055057785033E+05  0.15047837774553E+04 -0.41475041032289E+03 -0.22789713018092E+04 -0.14628693040065E+03 -0.19623256086051E+01 -0.15107399319895E+04  0.16199284137196E+03 -0.13276615437735E+04 -0.66494934819882E+03  0.17365356959620E+05  0.00000000000000E+00  0.00000000000000E+00  0.00000000000000E+00  0.00000000000000E+00  0.00000000000000E+00  0.00000000000000E+00  0.00000000000000E+00  0.00000000000000E+00  0.00000000000000E+00  0.00000000000000E+00  0.00000000000000E+00  0.00000000000000E+00  0.14451523732588E+05  0.00000000000000E+00  0.00000000000000E+00  0.00000000000000E+00  0.00000000000000E+00  0.00000000000000E+00  0.00000000000000E+00  0.00000000000000E+00  0.00000000000000E+00  0.00000000000000E+00  0.00000000000000E+00  0.00000000000000E+00  0.00000000000000E+00  0.00000000000000E+00  0.00000000000000E+00  0.00000000000000E+00  0.00000000000000E+00  0.00000000000000E+00
