# fitpack15: fit parameters                                                                         
# CJ15 AV18 final data choices                                                                      
# Created on 02/27/2020 at 14:50:59                                                                 

 # QCD setup
  INS                           0
  NVL                          11
  IORD                          1
  Q02                   1.6899999999999999     
  IPARAMC                       7
  FLAVOR                5.0000000000000000     
  xmc                   1.3000000000000000     
  xmb                   4.5000000000000000     
  ncb                          12
  ihq                           1
  ias                           0

 # Theory corrections
  inuke                     10114
  itmc                          1
  iht                           1

 # fit parameters
 LAMBDA       0.22680        0.0000    
 a0uv          1.6000        0.0000    
 a1uv         0.52658       0.26986E-01
 a2uv          3.5730       0.10446E-01
 a3uv          0.0000        0.0000    
 a4uv          5.8824       0.89014    
 a5uv          0.0000        0.0000    
 a0dv          17.495        0.0000    
 a1dv          1.0656       0.34035E-01
 a2dv          6.4759       0.16700    
 a3dv         -3.5528       0.97854E-01
 a4dv          5.1190       0.16152    
 a5dv          0.0000        0.0000    
 a0ud         0.13714       0.49160E-02
 a1ud        -0.21401       0.38861E-02
 a2ud          8.7825       0.16918    
 a3ud          0.0000        0.0000    
 a4ud          17.949        1.2989    
 a5ud          0.0000        0.0000    
 a0du          35712.        0.0000    
 a1du          4.0644       0.90013E-01
 a2du          21.628        1.0519    
 a3du          17.000        0.0000    
 a4du          55.427        9.1564    
 a0g           43.455        0.0000    
 a1g          0.59161       0.32297E-01
 a2g           6.5518       0.97398    
 a3g          -3.3517       0.14703    
 a4g           3.3457       0.37539    
 a5g           0.0000        0.0000    
 kappa        0.40000        0.0000    
 a6dv        -0.53977E-02   0.94094E-03
 a7dv          2.0000        0.0000    
 off1        -0.29729       -48462.    
 off2          1.6862       0.39480E+06
 off3         -10.330      -0.27859E+06
 ht1          -4.0455       0.35158    
 ht2           2.1616       0.11906    
 ht3          -2.0862       0.27785E-01
 ht4           0.0000        0.0000    
 dummy41       0.0000        0.0000    
 dummy42       0.0000        0.0000    
 dummy43       0.0000        0.0000    
 dummy44       0.0000        0.0000    
 dummy45       0.0000        0.0000    
 dummy46       0.0000        0.0000    
 dummy47       0.0000        0.0000    
 dummy48       0.0000        0.0000    
 dummy49       0.0000        0.0000    
 bcdmsh2      0.96768       0.50285E-02
 bcdmsd2      0.98523       0.58008E-02
 ccfr          1.0000        0.0000    
 nutev         1.0000        0.0000    
 zeus         0.97998        0.0000    
 h1            1.0162        0.0000    
 e605          1.0319        0.0000    
 NmcH2         1.0044       0.72418E-02
 ntv_nu        1.0000        0.0000    
 ntv_nuba      1.0000        0.0000    
 cdf_jet      0.98910        0.0000    
 d0_jet       0.83504        0.0000    
 slac_p        1.0015       0.51923E-02
 slac_d       0.99473       0.54319E-02
 e866pp       0.99608       0.20877E-01
 e866pd       0.97399       0.16021E-01
 d0_gamje      1.0358       0.16426E-01
 h1b          0.97608        0.0000    
 blank         1.0000        0.0000    
 d0run2       0.94842       0.14591E-01
 cdfrun2      0.93576       0.17513E-01
 HERA_el       1.0000        0.0000    
 HERA_ps       1.0000        0.0000    
 CDF_Z        0.94413       0.64650E-02
 NmcRat        1.0000        0.0000    
 HERMES_F     0.99263       0.58831E-02
 HERMES_F     0.97231       0.60186E-02
 END 0. 0.

 # Hessian matrix (Bevington alpha)
   0.11003672926037E+08  0.12948144528093E+08  0.57042159854793E+06  0.66546755690511E+07  0.11909899176931E+07  0.24777973741117E+07  0.15037152992609E+07  0.46432635769457E+08  0.61419604497862E+08  0.11946625995450E+07  0.19644929402951E+06  0.27268778387732E+07  0.25551155579337E+06  0.15952135598662E+05  0.80334593602523E+07  0.26528307169841E+06  0.19357660160823E+07  0.84836620534355E+06  0.31184809154941E+09  0.24658607311397E+07  0.24714525300611E+06  0.24765585771499E+06  0.94278674645877E+06  0.23643111549067E+07  0.12336368506662E+08 -0.13728090647909E+06 -0.58341678301641E+05 -0.60468660206647E+04 -0.89960721948818E+06 -0.11714585597580E+07 -0.21442066577179E+05 -0.48868001598825E+05 -0.33273386597068E+04 -0.92934516412505E+04 -0.32713305790566E+04 -0.22066342810278E+05 -0.78290949327069E+05 -0.61634721022975E+05
   0.12948144528093E+08  0.31515054775175E+08  0.92773015197540E+06  0.13744208944580E+08  0.28978838426321E+07  0.55731912224435E+07  0.32489857542514E+07  0.10059570629915E+09  0.13662779732800E+09  0.27578437480475E+07  0.42064914023254E+06  0.60146180846110E+07  0.56329757474106E+06  0.35615416994796E+05  0.17780120660765E+08  0.59510466284135E+06  0.42619665512524E+07  0.18594303224475E+07  0.70248295450380E+09  0.54673943428692E+07  0.54797926788349E+06  0.54911139885161E+06  0.21159643753830E+07  0.52422774187039E+07  0.27804893065596E+08  0.16955480737802E+05  0.84034441369324E+04 -0.15645144054279E+03  0.21294533221815E+06  0.26984609742022E+06  0.57210978300419E+04  0.13237573775986E+05  0.42303930702767E+03  0.23938335889568E+04  0.75604624097167E+03 -0.20613833317680E+04  0.88845307200265E+04  0.74398802788071E+04
   0.57042159854793E+06  0.92773015197540E+06  0.33666519828102E+05  0.43839989229930E+06  0.85431184726599E+05  0.17035965330333E+06  0.10130892702228E+06  0.31267173516769E+07  0.42058107467283E+07  0.83585052441539E+05  0.13132756092665E+05  0.18571159432089E+06  0.17399561568009E+05  0.10939875422974E+04  0.54789143578146E+06  0.18302814174095E+05  0.13136376002173E+06  0.57384833572203E+05  0.21477292686775E+08  0.16850180455543E+06  0.16888391381126E+05  0.16923282976493E+05  0.64772062270968E+05  0.16139313302958E+06  0.85001479008489E+06 -0.39092035022109E+04 -0.16572626566902E+04 -0.55964042790592E+01 -0.25983835982647E+05 -0.34008697970312E+05 -0.63747316726528E+03 -0.14572344864815E+04 -0.84990270462354E+02 -0.27336950903072E+03 -0.95869984144089E+02 -0.15913744723096E+03 -0.19200730985702E+04 -0.15402834385021E+04
   0.66546755690511E+07  0.13744208944580E+08  0.43839989229930E+06  0.65533497659716E+07  0.12178939507160E+07  0.25348636419917E+07  0.14993773306924E+07  0.45122393589047E+08  0.60652928821777E+08  0.12047069789118E+07  0.19010566439942E+06  0.26708083256398E+07  0.25013572802446E+06  0.15871598165267E+05  0.79315940440969E+07  0.26020471229546E+06  0.19194926696316E+07  0.84091719612776E+06  0.31005489129546E+09  0.24287331693441E+07  0.24342407745974E+06  0.24392699418056E+06  0.93753345721329E+06  0.23303524648719E+07  0.12296468630474E+08 -0.13279366712460E+05 -0.22140191391293E+05 -0.18194575269866E+03 -0.68309258504135E+05 -0.35577853117250E+06 -0.13262504694651E+04 -0.25082860273737E+04 -0.67291411427477E+02 -0.24791121051423E+04 -0.96188154430377E+03 -0.11180643874187E+05 -0.76807424517449E+04 -0.22787032795378E+05
   0.11909899176931E+07  0.28978838426321E+07  0.85431184726599E+05  0.12178939507160E+07  0.27436018502609E+06  0.50660566132754E+06  0.29284511988656E+06  0.92434383902338E+07  0.12581183833803E+08  0.25553240100423E+06  0.38537070035412E+05  0.55403037498596E+06  0.51893579253943E+05  0.32742662388538E+04  0.16347735854076E+07  0.55153550632625E+05  0.39044405322649E+06  0.17005543151669E+06  0.64846195566159E+08  0.50354301012328E+06  0.50468488777490E+05  0.50572757209542E+05  0.19464314574151E+06  0.48216871141319E+06  0.25628361453144E+07  0.20005270618804E+04  0.33905392478356E+04 -0.51543612389172E+02  0.11871745653922E+05  0.63130394118155E+05  0.30884966219089E+03  0.56425201862258E+03  0.82391331971437E+01  0.45774666231312E+03  0.16905423902977E+03  0.43400757613509E+03  0.83437302261293E+03  0.25716193763555E+04
   0.24777973741117E+07  0.55731912224435E+07  0.17035965330333E+06  0.25348636419917E+07  0.50660566132754E+06  0.10099179276088E+07  0.59096400566915E+06  0.18071892970293E+08  0.24368876381708E+08  0.48742511207992E+06  0.75926620880994E+05  0.10729555045237E+07  0.10049469574389E+06  0.63694565978629E+04  0.31814210894919E+07  0.10514813090581E+06  0.76733351411465E+06  0.33569519011788E+06  0.12508864827105E+09  0.97572949737974E+06  0.97794214592152E+05  0.97996258474709E+05  0.37716252428655E+06  0.93627627379026E+06  0.49523040840880E+07 -0.20797512671787E+04 -0.32233760920308E+04  0.71341324971427E+02 -0.62513123048406E+04 -0.30366527838044E+05  0.33768160838248E+02  0.29869622149152E+02 -0.14141557358817E+02 -0.16639662211887E+03 -0.89503199131566E+02 -0.29393514356192E+04 -0.15869260567779E+04 -0.45562356126441E+04
   0.15037152992609E+07  0.32489857542514E+07  0.10130892702228E+06  0.14993773306924E+07  0.29284511988656E+06  0.59096400566915E+06  0.34761017721985E+06  0.10570247800162E+08  0.14262223184083E+08  0.28479598065020E+06  0.44416675034326E+05  0.62799897833558E+06  0.58814960028290E+05  0.37262211403852E+04  0.18611188431029E+07  0.61579829881954E+05  0.44848949880812E+06  0.19616921497294E+06  0.73088077264438E+08  0.57095470597180E+06  0.57224945221140E+05  0.57343172563726E+05  0.22061212210012E+06  0.54784805238116E+06  0.28951344961346E+07 -0.20013953556689E+04 -0.31700907647399E+04  0.97231760694531E+02 -0.80621253808924E+04 -0.42220370910854E+05 -0.11814012566654E+03 -0.22040081505930E+03 -0.10153948539996E+02 -0.28220851485881E+03 -0.11901829568197E+03 -0.12583838476143E+04 -0.99289723273845E+03 -0.29545338352813E+04
   0.46432635769457E+08  0.10059570629915E+09  0.31267173516769E+07  0.45122393589047E+08  0.92434383902338E+07  0.18071892970293E+08  0.10570247800162E+08  0.33118319594682E+09  0.43875081026383E+09  0.87973216840616E+07  0.13861518341166E+07  0.19457861759765E+08  0.18216012407965E+07  0.11510457640610E+06  0.57530558931970E+08  0.19098725620998E+07  0.13855493637623E+08  0.60548146061850E+07  0.22642623077689E+10  0.17661378051665E+08  0.17701428519030E+07  0.17737999857730E+07  0.68248633177901E+07  0.16949321017133E+08  0.89630519277818E+08 -0.64628401782385E+05 -0.51476251830704E+05 -0.74777859705894E+05 -0.30286804051698E+06 -0.59336899126271E+06 -0.75513111906963E+05 -0.17096841582886E+06 -0.14984616673216E+04  0.63514733138339E+03  0.43370224526887E+03 -0.29154231937199E+06 -0.15299301053409E+06 -0.18786306659723E+06
   0.61419604497862E+08  0.13662779732800E+09  0.42058107467283E+07  0.60652928821777E+08  0.12581183833803E+08  0.24368876381708E+08  0.14262223184083E+08  0.43875081026383E+09  0.60044730212001E+09  0.12076430497002E+08  0.18400404048113E+07  0.26351970509160E+08  0.24682470648277E+07  0.15598206562569E+06  0.77952189026959E+08  0.26047205570232E+07  0.18689734693699E+08  0.81552549838713E+07  0.30716122508095E+10  0.23955241209711E+08  0.24009564185160E+07  0.24059168198922E+07  0.92480806682228E+07  0.22936548959570E+08  0.12161057738776E+09  0.11500761803837E+05  0.10813822354502E+05  0.25588219581092E+05  0.67265342189505E+05  0.12772616553660E+06  0.22702495836647E+05  0.51546880976563E+05  0.20272020806822E+03 -0.13456377318082E+04 -0.73681623474662E+03  0.11660546422835E+06  0.46384538502618E+05  0.56513712890918E+05
   0.11946625995450E+07  0.27578437480475E+07  0.83585052441539E+05  0.12047069789118E+07  0.25553240100423E+06  0.48742511207992E+06  0.28479598065020E+06  0.87973216840616E+07  0.12076430497002E+08  0.24542896255628E+06  0.36637346107154E+05  0.53037458256246E+06  0.49678754666983E+05  0.31408186124683E+04  0.15652941529647E+07  0.53021895164615E+05  0.37295748749054E+06  0.16228200780724E+06  0.61908124535721E+08  0.48256534796597E+06  0.48365965485775E+05  0.48465890082451E+05  0.18614298481657E+06  0.46119301931588E+06  0.24511609673406E+07  0.26892986584703E+04  0.18397346616212E+04  0.74486810776123E+03  0.10626328988636E+05  0.21997998188684E+05  0.14397394265898E+04  0.32003791428975E+04  0.44007190224196E+02  0.11499955759232E+03  0.51634581131556E+02  0.31721113622919E+04  0.28644325607410E+04  0.35908911602969E+04
   0.19644929402951E+06  0.42064914023254E+06  0.13132756092665E+05  0.19010566439942E+06  0.38537070035412E+05  0.75926620880994E+05  0.44416675034326E+05  0.13861518341166E+07  0.18400404048113E+07  0.36637346107154E+05  0.58349230963764E+04  0.81452830921962E+05  0.76247145296826E+04  0.48172608138614E+03  0.24142987111397E+06  0.79134979293898E+04  0.58484697466993E+05  0.25615941430826E+05  0.94711020974962E+07  0.73889050236209E+05  0.74056607432848E+04  0.74209609167737E+04  0.28562908641377E+05  0.70965082126280E+05  0.37492442020728E+06 -0.41097620722968E+03 -0.30893101118429E+03 -0.31934734911033E+03 -0.17780339192828E+04 -0.35207921471865E+04 -0.37658607875690E+03 -0.85182992361009E+03 -0.10043839237326E+02 -0.93229689532090E+01 -0.44351449472012E+01 -0.10734993389709E+04 -0.76171602992597E+03 -0.94035136801859E+03
   0.27268778387732E+07  0.60146180846110E+07  0.18571159432089E+06  0.26708083256398E+07  0.55403037498596E+06  0.10729555045237E+07  0.62799897833558E+06  0.19457861759765E+08  0.26351970509160E+08  0.53037458256246E+06  0.81452830921962E+05  0.11620053536863E+07  0.10878945131300E+06  0.68685003171066E+04  0.34319860946687E+07  0.11462462145818E+06  0.82366245234794E+06  0.35955317561925E+06  0.13526393385881E+09  0.10549311505306E+07  0.10573234035866E+06  0.10595078449308E+06  0.40734639371534E+06  0.10106013716483E+07  0.53552233622680E+07 -0.89195746864449E+03  0.53850226232711E-11 -0.65200472825831E+03 -0.41470804484655E+04  0.28709536423588E-09 -0.19900426762450E+04 -0.43026433469386E+02 -0.69010921701600E+02 -0.14513987324808E+01 -0.63265121089515E+00  0.15603801955099E+03 -0.24155093395862E+04  0.32365458701409E-10
   0.25551155579337E+06  0.56329757474106E+06  0.17399561568009E+05  0.25013572802446E+06  0.51893579253943E+05  0.10049469574389E+06  0.58814960028290E+05  0.18216012407965E+07  0.24682470648277E+07  0.49678754666983E+05  0.76247145296826E+04  0.10878945131300E+06  0.10187977613439E+05  0.64324245597888E+03  0.32137601065278E+06  0.10740596562349E+05  0.77095667090426E+05  0.33651713425049E+05  0.12668506690874E+08  0.98801058840080E+05  0.99025108660606E+04  0.99229695583337E+04  0.38151538302678E+05  0.94652768990378E+05  0.50154743369839E+06 -0.12396710390595E+03  0.65935093932624E-11 -0.24497256427216E+02 -0.45509204762188E+03  0.91711830569441E-11 -0.11983691024507E+03 -0.10666513996580E+02 -0.52822425946828E+01 -0.14205779633531E+00 -0.56440255803664E-01  0.17549597230309E+02 -0.16707794836068E+03  0.38503664030298E-11
   0.15952135598662E+05  0.35615416994796E+05  0.10939875422974E+04  0.15871598165267E+05  0.32742662388538E+04  0.63694565978629E+04  0.37262211403852E+04  0.11510457640610E+06  0.15598206562569E+06  0.31408186124683E+04  0.48172608138614E+03  0.68685003171066E+04  0.64324245597888E+03  0.40699412663749E+02  0.20317278685683E+05  0.67849629578247E+03  0.48749306430445E+04  0.21272471093035E+04  0.80052237383793E+06  0.62435644952362E+04  0.62577229417247E+03  0.62706514635640E+03  0.24106858782517E+04  0.59800374666630E+04  0.31694879682309E+05  0.59641495077033E-01  0.82530095113508E-13 -0.51460979755584E+01 -0.53926530376309E+00  0.28218772767156E-12 -0.23929670567987E+01 -0.69253265217340E-05 -0.11442585186251E+00 -0.13632272050586E-02 -0.75053095245703E-03 -0.20597874925073E+01 -0.24318276483842E+01  0.33958866535573E-12
   0.80334593602523E+07  0.17780120660765E+08  0.54789143578146E+06  0.79315940440969E+07  0.16347735854076E+07  0.31814210894919E+07  0.18611188431029E+07  0.57530558931970E+08  0.77952189026959E+08  0.15652941529647E+07  0.24142987111397E+06  0.34319860946687E+07  0.32137601065278E+06  0.20317278685683E+05  0.10190838916109E+08  0.33451687705786E+06  0.24646295284475E+07  0.10783830600400E+07  0.39976504712303E+09  0.31180410058441E+07  0.31251117451252E+06  0.31315682590717E+06  0.12038602460031E+07  0.29862420859422E+07  0.15829061348240E+08 -0.28501022424031E+04 -0.18732695104578E+04 -0.25168663556694E+04  0.20111129263659E+04  0.44605252519362E+04 -0.14526118919645E+04 -0.29367639551536E+04 -0.74242874337871E+03 -0.29601868295600E+04 -0.15623229930185E+04 -0.22473474368233E+04 -0.96642326620923E+03 -0.10948098390316E+04
   0.26528307169841E+06  0.59510466284135E+06  0.18302814174095E+05  0.26020471229546E+06  0.55153550632625E+05  0.10514813090581E+06  0.61579829881954E+05  0.19098725620998E+07  0.26047205570232E+07  0.53021895164615E+05  0.79134979293898E+04  0.11462462145818E+06  0.10740596562349E+05  0.67849629578247E+03  0.33451687705786E+06  0.11887809869369E+05  0.77711845991696E+05  0.33497962480149E+05  0.13384507983953E+08  0.10434183530766E+06  0.10457844987180E+05  0.10479451005626E+05  0.40288153082980E+05  0.99940916021381E+05  0.52955514686479E+06  0.53846045381907E+03  0.33886542766717E+03  0.29382539107298E+03 -0.16071072143318E+03 -0.50914856564652E+03  0.15362812367007E+03  0.30849909103073E+03  0.83976626526864E+02  0.46360299979689E+03  0.22746277673512E+03 -0.35668671212031E+03  0.26872567396914E+03  0.30339571675601E+03
   0.19357660160823E+07  0.42619665512524E+07  0.13136376002173E+06  0.19194926696316E+07  0.39044405322649E+06  0.76733351411465E+06  0.44848949880812E+06  0.13855493637623E+08  0.18689734693699E+08  0.37295748749054E+06  0.58484697466993E+05  0.82366245234794E+06  0.77095667090426E+05  0.48749306430445E+04  0.24646295284475E+07  0.77711845991696E+05  0.60810173816851E+06  0.26797184807199E+06  0.95809683318673E+08  0.74746310913462E+06  0.74915812108508E+05  0.75070588969351E+05  0.28853719337745E+06  0.71564665965767E+06  0.37948914908643E+07 -0.24197107468138E+04 -0.15764927969686E+04 -0.23628702029253E+04  0.20155692121928E+04  0.43029116815362E+04 -0.11388201381458E+04 -0.23072184208830E+04 -0.57468096074419E+03 -0.23984913089082E+04 -0.12929456555102E+04  0.11408641009378E+04 -0.14963793301087E+04 -0.16749271210947E+04
   0.84836620534355E+06  0.18594303224475E+07  0.57384833572203E+05  0.84091719612776E+06  0.17005543151669E+06  0.33569519011788E+06  0.19616921497294E+06  0.60548146061850E+07  0.81552549838713E+07  0.16228200780724E+06  0.25615941430826E+05  0.35955317561925E+06  0.33651713425049E+05  0.21272471093035E+04  0.10783830600400E+07  0.33497962480149E+05  0.26797184807199E+06  0.11846465908566E+06  0.41798473829037E+08  0.32612794859969E+06  0.32686750452358E+05  0.32754281624801E+05  0.12589166000866E+06  0.31225538111867E+06  0.16559279867089E+07 -0.17452336148962E+04 -0.11038646781660E+04 -0.11969397197645E+04  0.94609718768509E+03  0.23702577985015E+04 -0.58259450101673E+03 -0.11794341538210E+04 -0.31989940023072E+03 -0.15751364699976E+04 -0.81304970162994E+03  0.13635502460262E+04 -0.10709362431377E+04 -0.11996952250841E+04
   0.31184809154941E+09  0.70248295450380E+09  0.21477292686775E+08  0.31005489129546E+09  0.64846195566159E+08  0.12508864827105E+09  0.73088077264438E+08  0.22642623077689E+10  0.30716122508095E+10  0.61908124535721E+08  0.94711020974962E+07  0.13526393385881E+09  0.12668506690874E+08  0.80052237383793E+06  0.39976504712303E+09  0.13384507983953E+08  0.95809683318673E+08  0.41798473829037E+08  0.15777249961156E+11  0.12293966636015E+09  0.12321845497341E+08  0.12347302560573E+08  0.47493998150595E+08  0.11778378518939E+09  0.62434382451454E+09  0.24205771258359E+05  0.54223810452434E+05 -0.79401339125971E+03  0.40303844458362E+06  0.19764100441629E+07  0.11668947441012E+05  0.22187456061681E+05  0.13102700693741E+03  0.16827447591809E+05  0.52823105285334E+04 -0.12258638975240E+05  0.14877803131229E+05  0.46058931557893E+05
   0.24658607311397E+07  0.54673943428692E+07  0.16850180455543E+06  0.24287331693441E+07  0.50354301012328E+06  0.97572949737974E+06  0.57095470597180E+06  0.17661378051665E+08  0.23955241209711E+08  0.48256534796597E+06  0.73889050236209E+05  0.10549311505306E+07  0.98801058840080E+05  0.62435644952362E+04  0.31180410058441E+07  0.10434183530766E+06  0.74746310913462E+06  0.32612794859969E+06  0.12293966636015E+09  0.95878787680309E+06  0.96096210706177E+05  0.96294746494730E+05  0.37019590063045E+06  0.91832206196750E+06  0.48671964959521E+07  0.00000000000000E+00  0.00000000000000E+00  0.00000000000000E+00  0.00000000000000E+00  0.00000000000000E+00  0.00000000000000E+00  0.00000000000000E+00  0.00000000000000E+00  0.00000000000000E+00  0.00000000000000E+00  0.00000000000000E+00  0.00000000000000E+00  0.00000000000000E+00
   0.24714525300611E+06  0.54797926788349E+06  0.16888391381126E+05  0.24342407745974E+06  0.50468488777490E+05  0.97794214592152E+05  0.57224945221140E+05  0.17701428519030E+07  0.24009564185160E+07  0.48365965485775E+05  0.74056607432848E+04  0.10573234035866E+06  0.99025108660606E+04  0.62577229417247E+03  0.31251117451252E+06  0.10457844987180E+05  0.74915812108508E+05  0.32686750452358E+05  0.12321845497341E+08  0.96096210706177E+05  0.96314126779291E+04  0.96513112784758E+04  0.37103538885122E+05  0.92040452844694E+05  0.48782337714042E+06  0.00000000000000E+00  0.00000000000000E+00  0.00000000000000E+00  0.00000000000000E+00  0.00000000000000E+00  0.00000000000000E+00  0.00000000000000E+00  0.00000000000000E+00  0.00000000000000E+00  0.00000000000000E+00  0.00000000000000E+00  0.00000000000000E+00  0.00000000000000E+00
   0.24765585771499E+06  0.54911139885161E+06  0.16923282976493E+05  0.24392699418056E+06  0.50572757209542E+05  0.97996258474709E+05  0.57343172563726E+05  0.17737999857730E+07  0.24059168198922E+07  0.48465890082451E+05  0.74209609167737E+04  0.10595078449308E+06  0.99229695583337E+04  0.62706514635640E+03  0.31315682590717E+06  0.10479451005626E+05  0.75070588969351E+05  0.32754281624801E+05  0.12347302560573E+08  0.96294746494730E+05  0.96513112784758E+04  0.96712509897419E+04  0.37180195189221E+05  0.92230609394573E+05  0.48883122540149E+06  0.00000000000000E+00  0.00000000000000E+00  0.00000000000000E+00  0.00000000000000E+00  0.00000000000000E+00  0.00000000000000E+00  0.00000000000000E+00  0.00000000000000E+00  0.00000000000000E+00  0.00000000000000E+00  0.00000000000000E+00  0.00000000000000E+00  0.00000000000000E+00
   0.94278674645877E+06  0.21159643753830E+07  0.64772062270968E+05  0.93753345721329E+06  0.19464314574151E+06  0.37716252428655E+06  0.22061212210012E+06  0.68248633177901E+07  0.92480806682228E+07  0.18614298481657E+06  0.28562908641377E+05  0.40734639371534E+06  0.38151538302678E+05  0.24106858782517E+04  0.12038602460031E+07  0.40288153082980E+05  0.28853719337745E+06  0.12589166000866E+06  0.47493998150595E+08  0.37019590063045E+06  0.37103538885122E+05  0.37180195189221E+05  0.14312478088727E+06  0.35499442005118E+06  0.18800463157265E+07 -0.40385676406705E+02 -0.22576870321015E+02  0.48371628773926E+01  0.11121291959443E+04  0.82865722377619E+03  0.00000000000000E+00  0.00000000000000E+00  0.00000000000000E+00  0.00000000000000E+00  0.00000000000000E+00  0.00000000000000E+00 -0.25345562162620E+03 -0.26687040077396E+03
   0.23643111549067E+07  0.52422774187039E+07  0.16139313302958E+06  0.23303524648719E+07  0.48216871141319E+06  0.93627627379026E+06  0.54784805238116E+06  0.16949321017133E+08  0.22936548959570E+08  0.46119301931588E+06  0.70965082126280E+05  0.10106013716483E+07  0.94652768990378E+05  0.59800374666630E+04  0.29862420859422E+07  0.99940916021381E+05  0.71564665965767E+06  0.31225538111867E+06  0.11778378518939E+09  0.91832206196750E+06  0.92040452844694E+05  0.92230609394573E+05  0.35499442005118E+06  0.88095748845962E+06  0.46624091610727E+07 -0.14936557772655E+03 -0.97284022863207E+02 -0.93510137274570E+01 -0.46971273090727E+04 -0.89704216782984E+04  0.00000000000000E+00  0.00000000000000E+00  0.00000000000000E+00  0.00000000000000E+00  0.00000000000000E+00  0.00000000000000E+00 -0.17190215945169E+04 -0.17900418608035E+04
   0.12336368506662E+08  0.27804893065596E+08  0.85001479008489E+06  0.12296468630474E+08  0.25628361453144E+07  0.49523040840880E+07  0.28951344961346E+07  0.89630519277818E+08  0.12161057738776E+09  0.24511609673406E+07  0.37492442020728E+06  0.53552233622680E+07  0.50154743369839E+06  0.31694879682309E+05  0.15829061348240E+08  0.52955514686479E+06  0.37948914908643E+07  0.16559279867089E+07  0.62434382451454E+09  0.48671964959521E+07  0.48782337714042E+06  0.48883122540149E+06  0.18800463157265E+07  0.46624091610727E+07  0.24720247470872E+08  0.25036051468116E+03  0.12963012274482E+03 -0.40400349396375E+01  0.40231405645860E+05  0.65153516284188E+05  0.00000000000000E+00  0.00000000000000E+00  0.00000000000000E+00  0.00000000000000E+00  0.00000000000000E+00  0.00000000000000E+00  0.15676416686639E+04  0.15923779265707E+04
  -0.13728090647909E+06  0.16955480737802E+05 -0.39092035022109E+04 -0.13279366712460E+05  0.20005270618804E+04 -0.20797512671787E+04 -0.20013953556689E+04 -0.64628401782385E+05  0.11500761803837E+05  0.26892986584703E+04 -0.41097620722968E+03 -0.89195746864449E+03 -0.12396710390595E+03  0.59641495077033E-01 -0.28501022424031E+04  0.53846045381907E+03 -0.24197107468138E+04 -0.17452336148962E+04  0.24205771258359E+05  0.00000000000000E+00  0.00000000000000E+00  0.00000000000000E+00 -0.40385676406705E+02 -0.14936557772655E+03  0.25036051468116E+03  0.11752152334412E+06  0.00000000000000E+00  0.00000000000000E+00  0.00000000000000E+00  0.00000000000000E+00  0.00000000000000E+00  0.00000000000000E+00  0.00000000000000E+00  0.00000000000000E+00  0.00000000000000E+00  0.00000000000000E+00  0.00000000000000E+00  0.00000000000000E+00
  -0.58341678301641E+05  0.84034441369324E+04 -0.16572626566902E+04 -0.22140191391293E+05  0.33905392478356E+04 -0.32233760920308E+04 -0.31700907647399E+04 -0.51476251830704E+05  0.10813822354502E+05  0.18397346616212E+04 -0.30893101118429E+03  0.53850226232711E-11  0.65935093932624E-11  0.82530095113508E-13 -0.18732695104578E+04  0.33886542766717E+03 -0.15764927969686E+04 -0.11038646781660E+04  0.54223810452434E+05  0.00000000000000E+00  0.00000000000000E+00  0.00000000000000E+00 -0.22576870321015E+02 -0.97284022863207E+02  0.12963012274482E+03  0.00000000000000E+00  0.65618337676707E+05  0.00000000000000E+00  0.00000000000000E+00  0.00000000000000E+00  0.00000000000000E+00  0.00000000000000E+00  0.00000000000000E+00  0.00000000000000E+00  0.00000000000000E+00  0.00000000000000E+00  0.00000000000000E+00  0.00000000000000E+00
  -0.60468660206647E+04 -0.15645144054279E+03 -0.55964042790592E+01 -0.18194575269866E+03 -0.51543612389172E+02  0.71341324971427E+02  0.97231760694531E+02 -0.74777859705894E+05  0.25588219581092E+05  0.74486810776123E+03 -0.31934734911033E+03 -0.65200472825831E+03 -0.24497256427216E+02 -0.51460979755584E+01 -0.25168663556694E+04  0.29382539107298E+03 -0.23628702029253E+04 -0.11969397197645E+04 -0.79401339125971E+03  0.00000000000000E+00  0.00000000000000E+00  0.00000000000000E+00  0.48371628773926E+01 -0.93510137274570E+01 -0.40400349396375E+01  0.00000000000000E+00  0.00000000000000E+00  0.30909586574349E+05  0.00000000000000E+00  0.00000000000000E+00  0.00000000000000E+00  0.00000000000000E+00  0.00000000000000E+00  0.00000000000000E+00  0.00000000000000E+00  0.00000000000000E+00  0.00000000000000E+00  0.00000000000000E+00
  -0.89960721948818E+06  0.21294533221815E+06 -0.25983835982647E+05 -0.68309258504135E+05  0.11871745653922E+05 -0.62513123048406E+04 -0.80621253808924E+04 -0.30286804051698E+06  0.67265342189505E+05  0.10626328988636E+05 -0.17780339192828E+04 -0.41470804484655E+04 -0.45509204762188E+03 -0.53926530376309E+00  0.20111129263659E+04 -0.16071072143318E+03  0.20155692121928E+04  0.94609718768509E+03  0.40303844458362E+06  0.00000000000000E+00  0.00000000000000E+00  0.00000000000000E+00  0.11121291959443E+04 -0.46971273090727E+04  0.40231405645860E+05  0.00000000000000E+00  0.00000000000000E+00  0.00000000000000E+00  0.58132569782386E+06  0.00000000000000E+00  0.00000000000000E+00  0.00000000000000E+00  0.00000000000000E+00  0.00000000000000E+00  0.00000000000000E+00  0.00000000000000E+00  0.00000000000000E+00  0.00000000000000E+00
  -0.11714585597580E+07  0.26984609742022E+06 -0.34008697970312E+05 -0.35577853117250E+06  0.63130394118155E+05 -0.30366527838044E+05 -0.42220370910854E+05 -0.59336899126271E+06  0.12772616553660E+06  0.21997998188684E+05 -0.35207921471865E+04  0.28709536423588E-09  0.91711830569441E-11  0.28218772767156E-12  0.44605252519362E+04 -0.50914856564652E+03  0.43029116815362E+04  0.23702577985015E+04  0.19764100441629E+07  0.00000000000000E+00  0.00000000000000E+00  0.00000000000000E+00  0.82865722377619E+03 -0.89704216782984E+04  0.65153516284188E+05  0.00000000000000E+00  0.00000000000000E+00  0.00000000000000E+00  0.00000000000000E+00  0.93570263623849E+06  0.00000000000000E+00  0.00000000000000E+00  0.00000000000000E+00  0.00000000000000E+00  0.00000000000000E+00  0.00000000000000E+00  0.00000000000000E+00  0.00000000000000E+00
  -0.21442066577179E+05  0.57210978300419E+04 -0.63747316726528E+03 -0.13262504694651E+04  0.30884966219089E+03  0.33768160838248E+02 -0.11814012566654E+03 -0.75513111906963E+05  0.22702495836647E+05  0.14397394265898E+04 -0.37658607875690E+03 -0.19900426762450E+04 -0.11983691024507E+03 -0.23929670567987E+01 -0.14526118919645E+04  0.15362812367007E+03 -0.11388201381458E+04 -0.58259450101673E+03  0.11668947441012E+05  0.00000000000000E+00  0.00000000000000E+00  0.00000000000000E+00  0.00000000000000E+00  0.00000000000000E+00  0.00000000000000E+00  0.00000000000000E+00  0.00000000000000E+00  0.00000000000000E+00  0.00000000000000E+00  0.00000000000000E+00  0.13904836134883E+05  0.00000000000000E+00  0.00000000000000E+00  0.00000000000000E+00  0.00000000000000E+00  0.00000000000000E+00  0.00000000000000E+00  0.00000000000000E+00
  -0.48868001598825E+05  0.13237573775986E+05 -0.14572344864815E+04 -0.25082860273737E+04  0.56425201862258E+03  0.29869622149152E+02 -0.22040081505930E+03 -0.17096841582886E+06  0.51546880976563E+05  0.32003791428975E+04 -0.85182992361009E+03 -0.43026433469386E+02 -0.10666513996580E+02 -0.69253265217340E-05 -0.29367639551536E+04  0.30849909103073E+03 -0.23072184208830E+04 -0.11794341538210E+04  0.22187456061681E+05  0.00000000000000E+00  0.00000000000000E+00  0.00000000000000E+00  0.00000000000000E+00  0.00000000000000E+00  0.00000000000000E+00  0.00000000000000E+00  0.00000000000000E+00  0.00000000000000E+00  0.00000000000000E+00  0.00000000000000E+00  0.00000000000000E+00  0.31140892874119E+05  0.00000000000000E+00  0.00000000000000E+00  0.00000000000000E+00  0.00000000000000E+00  0.00000000000000E+00  0.00000000000000E+00
  -0.33273386597068E+04  0.42303930702767E+03 -0.84990270462354E+02 -0.67291411427477E+02  0.82391331971437E+01 -0.14141557358817E+02 -0.10153948539996E+02 -0.14984616673216E+04  0.20272020806822E+03  0.44007190224196E+02 -0.10043839237326E+02 -0.69010921701600E+02 -0.52822425946828E+01 -0.11442585186251E+00 -0.74242874337871E+03  0.83976626526864E+02 -0.57468096074419E+03 -0.31989940023072E+03  0.13102700693741E+03  0.00000000000000E+00  0.00000000000000E+00  0.00000000000000E+00  0.00000000000000E+00  0.00000000000000E+00  0.00000000000000E+00  0.00000000000000E+00  0.00000000000000E+00  0.00000000000000E+00  0.00000000000000E+00  0.00000000000000E+00  0.00000000000000E+00  0.00000000000000E+00  0.38008341113555E+04  0.00000000000000E+00  0.00000000000000E+00  0.00000000000000E+00  0.00000000000000E+00  0.00000000000000E+00
  -0.92934516412505E+04  0.23938335889568E+04 -0.27336950903072E+03 -0.24791121051423E+04  0.45774666231312E+03 -0.16639662211887E+03 -0.28220851485881E+03  0.63514733138339E+03 -0.13456377318082E+04  0.11499955759232E+03 -0.93229689532090E+01 -0.14513987324808E+01 -0.14205779633531E+00 -0.13632272050586E-02 -0.29601868295600E+04  0.46360299979689E+03 -0.23984913089082E+04 -0.15751364699976E+04  0.16827447591809E+05  0.00000000000000E+00  0.00000000000000E+00  0.00000000000000E+00  0.00000000000000E+00  0.00000000000000E+00  0.00000000000000E+00  0.00000000000000E+00  0.00000000000000E+00  0.00000000000000E+00  0.00000000000000E+00  0.00000000000000E+00  0.00000000000000E+00  0.00000000000000E+00  0.00000000000000E+00  0.81874586931354E+04  0.00000000000000E+00  0.00000000000000E+00  0.00000000000000E+00  0.00000000000000E+00
  -0.32713305790566E+04  0.75604624097167E+03 -0.95869984144089E+02 -0.96188154430377E+03  0.16905423902977E+03 -0.89503199131566E+02 -0.11901829568197E+03  0.43370224526887E+03 -0.73681623474662E+03  0.51634581131556E+02 -0.44351449472012E+01 -0.63265121089515E+00 -0.56440255803664E-01 -0.75053095245703E-03 -0.15623229930185E+04  0.22746277673512E+03 -0.12929456555102E+04 -0.81304970162994E+03  0.52823105285334E+04  0.00000000000000E+00  0.00000000000000E+00  0.00000000000000E+00  0.00000000000000E+00  0.00000000000000E+00  0.00000000000000E+00  0.00000000000000E+00  0.00000000000000E+00  0.00000000000000E+00  0.00000000000000E+00  0.00000000000000E+00  0.00000000000000E+00  0.00000000000000E+00  0.00000000000000E+00  0.00000000000000E+00  0.41893970126967E+04  0.00000000000000E+00  0.00000000000000E+00  0.00000000000000E+00
  -0.22066342810278E+05 -0.20613833317680E+04 -0.15913744723096E+03 -0.11180643874187E+05  0.43400757613509E+03 -0.29393514356192E+04 -0.12583838476143E+04 -0.29154231937199E+06  0.11660546422835E+06  0.31721113622919E+04 -0.10734993389709E+04  0.15603801955099E+03  0.17549597230309E+02 -0.20597874925073E+01 -0.22473474368233E+04 -0.35668671212031E+03  0.11408641009378E+04  0.13635502460262E+04 -0.12258638975240E+05  0.00000000000000E+00  0.00000000000000E+00  0.00000000000000E+00  0.00000000000000E+00  0.00000000000000E+00  0.00000000000000E+00  0.00000000000000E+00  0.00000000000000E+00  0.00000000000000E+00  0.00000000000000E+00  0.00000000000000E+00  0.00000000000000E+00  0.00000000000000E+00  0.00000000000000E+00  0.00000000000000E+00  0.00000000000000E+00  0.12955328934847E+06  0.00000000000000E+00  0.00000000000000E+00
  -0.78290949327069E+05  0.88845307200265E+04 -0.19200730985702E+04 -0.76807424517449E+04  0.83437302261293E+03 -0.15869260567779E+04 -0.99289723273845E+03 -0.15299301053409E+06  0.46384538502618E+05  0.28644325607410E+04 -0.76171602992597E+03 -0.24155093395862E+04 -0.16707794836068E+03 -0.24318276483842E+01 -0.96642326620923E+03  0.26872567396914E+03 -0.14963793301087E+04 -0.10709362431377E+04  0.14877803131229E+05  0.00000000000000E+00  0.00000000000000E+00  0.00000000000000E+00 -0.25345562162620E+03 -0.17190215945169E+04  0.15676416686639E+04  0.00000000000000E+00  0.00000000000000E+00  0.00000000000000E+00  0.00000000000000E+00  0.00000000000000E+00  0.00000000000000E+00  0.00000000000000E+00  0.00000000000000E+00  0.00000000000000E+00  0.00000000000000E+00  0.00000000000000E+00  0.95992831296853E+05  0.00000000000000E+00
  -0.61634721022975E+05  0.74398802788071E+04 -0.15402834385021E+04 -0.22787032795378E+05  0.25716193763555E+04 -0.45562356126441E+04 -0.29545338352813E+04 -0.18786306659723E+06  0.56513712890918E+05  0.35908911602969E+04 -0.94035136801859E+03  0.32365458701409E-10  0.38503664030298E-11  0.33958866535573E-12 -0.10948098390316E+04  0.30339571675601E+03 -0.16749271210947E+04 -0.11996952250841E+04  0.46058931557893E+05  0.00000000000000E+00  0.00000000000000E+00  0.00000000000000E+00 -0.26687040077396E+03 -0.17900418608035E+04  0.15923779265707E+04  0.00000000000000E+00  0.00000000000000E+00  0.00000000000000E+00  0.00000000000000E+00  0.00000000000000E+00  0.00000000000000E+00  0.00000000000000E+00  0.00000000000000E+00  0.00000000000000E+00  0.00000000000000E+00  0.00000000000000E+00  0.00000000000000E+00  0.10127945974656E+06

 # Covariance matrix (Bevington epsilon)
   0.72825376950375E-03  0.21997317432792E-05 -0.23737304436553E-01  0.55545436066442E-04 -0.42197169189993E-03  0.54950095918062E-03 -0.10025106388749E-02  0.58145262947879E-04  0.39414171325412E-04 -0.12656668958332E-02 -0.18758168243483E-01 -0.10769880819114E-02 -0.10242892679594E-02 -0.92686231273325E-01  0.12547744216987E-03  0.33850231915927E-02 -0.13324619338057E-04  0.30829866220866E-03  0.31396085532716E-05 -0.50562491507732E-02  0.37790967678387E-01  0.42735456991128E-01  0.11309250638851E-02 -0.58631876144518E-03  0.30277361465828E-04  0.39946555420862E-04  0.40931096524387E-04  0.34155677819160E-04  0.44121964277096E-04  0.46375471566041E-04 -0.28090045654140E-03 -0.10854649596085E-03  0.43444630763265E-04 -0.48740392419614E-04 -0.50670603281608E-04  0.83412789768601E-04  0.43619499518282E-04  0.42640721706568E-04
   0.21997317436152E-05  0.10910877414514E-03  0.10812240870642E-02  0.13337994131588E-03  0.63458987940297E-03 -0.15301651949867E-03  0.12912237638397E-04  0.28637620539161E-05  0.14849406441081E-05  0.53517797324932E-03  0.85453967354753E-03  0.13199297332347E-03 -0.93293337908011E-03  0.13900108387969E-01  0.32447954418651E-04  0.16859276787111E-02  0.39868357377145E-04  0.23169334223245E-03 -0.15979697557925E-05  0.62939652991095E-03 -0.12027260188809E-01 -0.15250058363562E-01 -0.19990531039823E-02  0.33885783944207E-03  0.89695979505742E-04  0.13961782400674E-04  0.96648134342377E-05  0.83456989067996E-05  0.86880934590146E-05  0.84904507812154E-05  0.35362843015562E-06 -0.12122335432533E-04  0.77124518135701E-05 -0.21766759887293E-04 -0.16984896946080E-04  0.11014714965048E-04  0.11176639070488E-04  0.93413203995778E-05
  -0.23737304436549E-01  0.10812240870755E-02  0.79235011308122E+00  0.18049176921149E-03  0.22292585989755E-01 -0.20230193280186E-01  0.33253336451229E-01 -0.18404827722018E-02 -0.12627503787743E-02  0.48846824962502E-01  0.64548856043299E+00  0.36837575506990E-01  0.34961770976520E-01  0.32633400934372E+01 -0.33687954500959E-02 -0.73197738624265E-01  0.19554036030491E-02 -0.73088183846752E-02 -0.10875214283567E-03  0.16752330252741E+00 -0.14284518265232E+01 -0.16174949193666E+01 -0.57162855396714E-01  0.22468027881838E-01  0.48584577712903E-03 -0.89718574395893E-03 -0.96789151298079E-03 -0.78082793333314E-03 -0.10130659782158E-02 -0.10896049444032E-02  0.10157919442976E-01  0.42720246806845E-02 -0.12733283284050E-02  0.10478321885610E-02  0.11523545377491E-02 -0.23080687063647E-02 -0.98901282808631E-03 -0.97128549455190E-03
   0.55545436067858E-04  0.13337994131602E-03  0.18049176916594E-03  0.11584062369807E-02  0.47423885355953E-02 -0.22075372503071E-02 -0.31452713221490E-03  0.10546840247591E-04  0.33351694761357E-05 -0.14656093595775E-03 -0.29363861402634E-02  0.91421275116055E-03 -0.69902928394606E-02  0.65132167357784E-01  0.33785936722510E-03  0.74679436448293E-02 -0.12098607264020E-02  0.30296693479358E-02  0.99364609767934E-05 -0.94244129957595E-03 -0.18634012370380E-01 -0.54921307621397E-01 -0.30778173628898E-02  0.55546873719750E-03  0.21588190416885E-03  0.46679244984979E-04  0.41155536150295E-04  0.35209566967584E-04  0.44960163902514E-04  0.43299116067056E-04  0.88474756089376E-04  0.80817668227438E-05  0.18472504445161E-04 -0.34207080327987E-04 -0.37234707738520E-04  0.49749035955523E-04  0.51237107380648E-04  0.45070560718654E-04
