# fitpack15: fit parameters                                                                         
# CJ15 AV18 final data choices                                                                      
# Created on 01/23/2020 at 22:31:09                                                                 

 # QCD setup
  INS                           0
  NVL                          11
  IORD                          1
  Q02                   1.6899999999999999     
  IPARAMC                       7
  FLAVOR                4.0000000000000000     
  xmc                   1.3000000000000000     
  xmb                   4.5000000000000000     
  ncb                          12
  ihq                           1
  ias                           0

 # Theory corrections
  inuke                     10814
  itmc                          1
  iht                           1

 # fit parameters
 LAMBDA       0.22680        0.0000    
 a0uv          2.3696        0.0000    
 a1uv         0.61207       0.20229E-01
 a2uv          3.5464       0.12326E-01
 a3uv          0.0000        0.0000    
 a4uv          3.5507       0.44486    
 a5uv          0.0000        0.0000    
 a0dv          25.965        0.0000    
 a1dv          1.1709       0.32660E-01
 a2dv          6.5767       0.15637    
 a3dv         -3.5209       0.82501E-01
 a4dv          4.6663       0.13812    
 a5dv          0.0000        0.0000    
 a0ud         0.14697       0.50341E-02
 a1ud        -0.20760       0.37463E-02
 a2ud          8.2743       0.19354    
 a3ud          0.0000        0.0000    
 a4ud          14.313        1.2121    
 a5ud          0.0000        0.0000    
 a0du          35712.        0.0000    
 a1du          4.0422       0.76666E-01
 a2du          19.937       0.87323    
 a3du          17.000        0.0000    
 a4du          52.277        10.936    
 a0g           48.556        0.0000    
 a1g          0.61557       0.33277E-01
 a2g           7.0599        1.0415    
 a3g          -3.3455       0.15269    
 a4g           3.3506       0.39233    
 a5g           0.0000        0.0000    
 kappa        0.40000        0.0000    
 a6dv        -0.34063E-02   0.63000E-03
 a7dv          2.0000        0.0000    
 off1         -3.7851        1.5186    
 off2         0.58546E-01   0.54729E-01
 ht1          -3.4766       0.27843    
 ht2           2.0013       0.10746    
 ht3          -2.0473       0.18518E-01
 ht4           0.0000        0.0000    
 dummy40       0.0000        0.0000    
 dummy41       0.0000        0.0000    
 dummy42       0.0000        0.0000    
 dummy43       0.0000        0.0000    
 dummy44       0.0000        0.0000    
 dummy45       0.0000        0.0000    
 dummy46       0.0000        0.0000    
 dummy47       0.0000        0.0000    
 dummy48       0.0000        0.0000    
 dummy49       0.0000        0.0000    
 bcdmsh2      0.97320       0.48253E-02
 bcdmsd2      0.99316       0.58208E-02
 ccfr          1.0000        0.0000    
 nutev         1.0000        0.0000    
 zeus         0.97998        0.0000    
 h1            1.0162        0.0000    
 e605          1.0319        0.0000    
 NmcH2         1.0089       0.71179E-02
 ntv_nu        1.0000        0.0000    
 ntv_nubar     1.0000        0.0000    
 cdf_jet      0.98910        0.0000    
 d0_jet       0.83504        0.0000    
 slac_p        1.0049       0.47913E-02
 slac_d        1.0040       0.52438E-02
 e866pp       0.96605       0.19299E-01
 e866pd       0.96266       0.15815E-01
 d0_gamjet     1.0391       0.16481E-01
 h1b          0.97608        0.0000    
 jlab_p       0.99377       0.57541E-02
 jlab_d       0.97513       0.58585E-02
 blank         1.0000        0.0000    
 d0run2       0.93816       0.13948E-01
 cdfrun2      0.92522       0.17146E-01
 HERA_el       1.0000        0.0000    
 HERA_ps       1.0000        0.0000    
 CDF_Z        0.96541       0.65053E-02
 NmcRat        1.0000        0.0000    
 BNS_F2nd     0.98369       0.69342E-02
 HERMES_F2p   0.99849       0.55565E-02
 HERMES_F2d   0.98048       0.58037E-02
 END 0. 0.

 # Hessian matrix (Bevington alpha)
   0.48953822739130E+07 -0.12879209903604E+07  0.23004652419128E+06  0.47970812402606E+06 -0.12633679994479E+06 -0.22748793852789E+05  0.56618077628514E+05  0.90539672795045E+06 -0.17427539531317E+06 -0.48768005142780E+05  0.75220825123097E+04  0.15647185208972E+05  0.17866141019343E+04 -0.10906029712152E+03  0.71013382331963E+04 -0.17884791548680E+04  0.83604019044665E+04  0.61804231277622E+04 -0.78089128097690E+07 -0.13501312508804E+04 -0.22068314616607E+06  0.60185577191657E+05  0.18416875473952E+06  0.76664210591943E+06 -0.12718377767211E+06 -0.53984971123445E+05 -0.44181198784510E+04 -0.83832211430228E+06 -0.10855592935714E+07 -0.20589608412295E+05 -0.46425666591531E+05 -0.30810348189704E+04 -0.19853329848664E+06 -0.22405566090033E+06 -0.91586254368629E+04 -0.32368551408141E+04 -0.15019979660422E+05  0.16605602912213E+05 -0.70654570153235E+05 -0.55791920887256E+05
  -0.12879209903604E+07  0.41289320092454E+06 -0.62522746931471E+05 -0.13479294109856E+06  0.35219256135779E+05  0.88369378065831E+04 -0.12522651086646E+05 -0.12191833495848E+06  0.26508023287113E+05  0.75676556745439E+04 -0.95802522889463E+03 -0.12619170510083E+04 -0.14956686144033E+03  0.13158527501388E+02  0.65821432480949E+03 -0.49086928566595E+02  0.15780934330446E+03  0.77788261796989E+02  0.26771199242828E+07  0.55119337404244E+03  0.63033428316268E+05 -0.13646093520741E+05 -0.44572792989934E+05 -0.21111438548934E+06  0.16593085596235E+05  0.82069297014647E+04 -0.23803709847491E+03  0.20910680942061E+06  0.26324112676825E+06  0.58040820234577E+04  0.13232580701479E+05  0.42034501010386E+03  0.63454234974126E+05  0.71016273375231E+05  0.24752087802732E+04  0.78453431471977E+03 -0.23682710352792E+04 -0.22367859261395E+04  0.85301489076451E+04  0.71607309983863E+04
   0.23004652419128E+06 -0.62522746931471E+05  0.10927306348670E+05  0.22756742362507E+05 -0.60869390786610E+04 -0.13145132905062E+04  0.26022219844047E+04  0.31324997027374E+05 -0.58804909936846E+04 -0.19887162483851E+04  0.26450431711273E+03  0.48666799261856E+03  0.64295199600312E+02 -0.48620652951975E+01 -0.40302034534083E+03  0.38493682389518E+01 -0.19935940130879E+03 -0.42521344225534E+02 -0.38289510456682E+06 -0.68266288614900E+02 -0.10535080523357E+05  0.27659583587430E+04  0.84605165751502E+04  0.36208585054618E+05 -0.54798182769431E+04 -0.23389580683440E+04  0.49043153822596E+02 -0.38418140266264E+05 -0.49919390146626E+05 -0.98866937879997E+03 -0.22388840475501E+04 -0.11729004437979E+03 -0.97565982846346E+04 -0.10977745841442E+05 -0.43101867517044E+03 -0.14982036851846E+03  0.47316202790589E+02  0.71672283880378E+03 -0.25338410402740E+04 -0.20557194200688E+04
   0.47970812402606E+06 -0.13479294109856E+06  0.22756742362507E+05  0.39343630222612E+06 -0.62352224425920E+05  0.77909692843373E+05  0.66273350948095E+05  0.34425197357209E+06 -0.25373483406444E+05 -0.18337998141815E+05  0.34052321440405E+04 -0.13863566293093E+04 -0.15587951168747E+03  0.56680827720057E+02  0.30168098613194E+05 -0.35806117899179E+04  0.23702986279536E+05  0.13212148868001E+05 -0.23208447714091E+07 -0.19570020861303E+03 -0.64324639114650E+05  0.20994147244997E+05  0.57750661570118E+05  0.24652418904630E+06 -0.12757284040940E+05 -0.21117757148083E+05 -0.53914650932817E+02 -0.65538046333652E+05 -0.33992421074652E+06 -0.14069365708903E+04 -0.24865631536968E+04 -0.73282358569864E+02 -0.11705924988473E+05 -0.52539146135803E+05 -0.25235214438103E+04 -0.98228342857260E+03 -0.93476825057946E+04 -0.15613187031303E+05 -0.71554291383165E+04 -0.21196578131843E+05
  -0.12633679994479E+06  0.35219256135779E+05 -0.60869390786610E+04 -0.62352224425920E+05  0.11745654197529E+05 -0.81511081115114E+04 -0.96926193468409E+04 -0.32454719388414E+05  0.39584449160459E+03  0.24164800739230E+04 -0.34911768604469E+03 -0.37858508441311E+02  0.45860666719211E+01 -0.50791827172921E+01 -0.25625807422470E+04  0.30753606952136E+03 -0.19676859984673E+04 -0.11098977496965E+04  0.51398876330321E+06  0.64437958941389E+02  0.13440181959292E+05 -0.39917223943143E+04 -0.10924921941731E+05 -0.49455306249930E+05  0.20033628304296E+04  0.33757568487391E+04 -0.57312611148405E+02  0.11964323765003E+05  0.63126503932527E+05  0.33877517070887E+03  0.57925600702682E+03  0.94733647025964E+01  0.29843872747495E+04  0.13175199702033E+05  0.48592745233730E+03  0.17978226967234E+03  0.32486989548903E+03  0.24899080385423E+04  0.81770857039478E+03  0.25143820342216E+04
  -0.22748793852789E+05  0.88369378065831E+04 -0.13145132905062E+04  0.77909692843373E+05 -0.81511081115114E+04  0.25878437216646E+05  0.15688888626250E+05  0.10765810884463E+06 -0.95871827785111E+04 -0.47644014853118E+04  0.10467591960768E+04 -0.73059107620778E+03 -0.71200029345919E+02  0.19798102278407E+02  0.94629303019015E+04 -0.11552233642003E+04  0.75103755769054E+04  0.42518948324228E+04 -0.74084475284780E+05  0.55794771109517E+02 -0.49530069272883E+04  0.26082130052587E+04  0.72169593251936E+04  0.23148933982424E+05 -0.29163110598887E+04 -0.44722058922295E+04  0.16600096200477E+03 -0.91713626256872E+04 -0.45411250930606E+05 -0.33241472095967E+01 -0.35774229111579E+02 -0.20145977255614E+02  0.35194137730200E+03  0.11808180315817E+04 -0.28703011745416E+03 -0.14371403211336E+03 -0.30877075466414E+04 -0.34881822221669E+04 -0.18997358957395E+04 -0.54826541927132E+04
   0.56618077628514E+05 -0.12522651086646E+05  0.26022219844047E+04  0.66273350948095E+05 -0.96926193468409E+04  0.15688888626250E+05  0.12236057701339E+05  0.59774329255007E+05 -0.30868188545361E+04 -0.33956214912211E+04  0.61258409160280E+03 -0.22441859038885E+03 -0.28083298664747E+02  0.10364855650768E+02  0.48574272377857E+04 -0.59917578215937E+03  0.37583368050611E+04  0.21510524816682E+04 -0.26915856004976E+06  0.94427448191198E+00 -0.90510201796994E+04  0.33026107401589E+04  0.89750064051892E+04  0.35455233771081E+05 -0.25709892795583E+04 -0.40293413110229E+04  0.14294863899485E+03 -0.10351542484439E+05 -0.54047258321502E+05 -0.17458510022846E+03 -0.29854584126061E+03 -0.14069277369337E+02 -0.10900983472667E+04 -0.50628364585445E+04 -0.38774510178623E+03 -0.16290444943953E+03 -0.12939026388922E+04 -0.32447487565258E+04 -0.11755922741562E+04 -0.35057578259568E+04
   0.90539672795045E+06 -0.12191833495848E+06  0.31324997027374E+05  0.34425197357209E+06 -0.32454719388414E+05  0.10765810884463E+06  0.59774329255007E+05  0.49303396303380E+07 -0.23028318506349E+07 -0.84916982758795E+05  0.26030547881396E+05  0.26869883330453E+05  0.18124705637420E+04  0.98278268843101E+02  0.81571784370841E+05 -0.10219910110999E+05  0.74013647111778E+05  0.39939184571582E+05 -0.60553892594254E+06  0.37972491480019E+03 -0.29310557861925E+05  0.28184401345062E+05  0.88134507994118E+05  0.25110912687312E+06 -0.60370694181061E+05 -0.48584553074990E+05 -0.66517151357515E+05 -0.28056170997109E+06 -0.55747405063337E+06 -0.72347641690818E+05 -0.16190267217376E+06 -0.13214442630154E+04 -0.57417533507550E+04 -0.11272451656810E+05 -0.14703057666405E+02  0.14222223857807E+03 -0.26058081840738E+06 -0.86640222963419E+04 -0.13621261033178E+06 -0.16938033430609E+06
  -0.17427539531317E+06  0.26508023287113E+05 -0.58804909936846E+04 -0.25373483406444E+05  0.39584449160459E+03 -0.95871827785111E+04 -0.30868188545361E+04 -0.23028318506349E+07  0.19311508067821E+07  0.18950459215296E+05 -0.65637921443483E+04 -0.57736756949713E+04 -0.31864265435748E+03 -0.13321220078706E+02  0.49410369804030E+05 -0.23049197197165E+04  0.15440053396844E+05  0.73226982720795E+04 -0.27083629595573E+05 -0.92386218897455E+02  0.75474386798314E+03 -0.56418369091631E+04 -0.18715244752923E+05 -0.47956716909227E+05  0.11450490512977E+05  0.10842566995389E+05  0.24063871578736E+05  0.65566977734374E+05  0.12606484168925E+06  0.23144893541928E+05  0.51881923366420E+05  0.17775443435617E+03  0.60255110595523E+03  0.12233514728559E+04 -0.11755934321272E+04 -0.66407055057807E+03  0.11135433028507E+06  0.15990644398190E+04  0.44114603837950E+05  0.54301376005308E+05
  -0.48768005142780E+05  0.75676556745439E+04 -0.19887162483851E+04 -0.18337998141815E+05  0.24164800739230E+04 -0.47644014853118E+04 -0.33956214912211E+04 -0.84916982758795E+05  0.18950459215296E+05  0.26504175085848E+04 -0.64898116887918E+03 -0.69825378545629E+03 -0.61947204764138E+02 -0.18762753151101E+01 -0.39409410097522E+04  0.46904506245934E+03 -0.31112228971465E+04 -0.17489281146980E+04  0.60637850751171E+05 -0.93917669129034E+01  0.26097958236406E+04 -0.13195294462470E+04 -0.38417044789288E+04 -0.12578022224906E+05  0.27411572637569E+04  0.19018975253397E+04  0.72706506017953E+03  0.10982803933203E+05  0.23012648139110E+05  0.15319294660449E+04  0.33596335542930E+04  0.43035720614787E+02  0.58855449920316E+03  0.11151930146096E+04  0.13805873393438E+03  0.61231828087812E+02  0.30789551612013E+04  0.44495241551718E+03  0.27830922223346E+04  0.35478724516191E+04
   0.75220825123097E+04 -0.95802522889463E+03  0.26450431711273E+03  0.34052321440405E+04 -0.34911768604469E+03  0.10467591960768E+04  0.61258409160280E+03  0.26030547881396E+05 -0.65637921443483E+04 -0.64898116887918E+03  0.18500484603708E+03  0.20852485826105E+03  0.15274571050544E+02  0.72681775698169E+00  0.12701101853670E+04 -0.13809671746584E+03  0.96888176184832E+03  0.52489555287565E+03 -0.69828209735874E+04  0.28642129968652E+01 -0.30552516564759E+03  0.22521394343902E+03  0.68978986788792E+03  0.20345754773331E+04 -0.49374663041415E+03 -0.37292857719666E+03 -0.34399842355869E+03 -0.21119873311271E+04 -0.42513706222080E+04 -0.44912570712398E+03 -0.10055239985613E+04 -0.11281955921318E+02 -0.51174057929601E+02 -0.10020257021922E+03 -0.16225763466779E+02 -0.75606700651973E+01 -0.11670235719595E+04 -0.70911513406497E+02 -0.84338947913662E+03 -0.10573552849812E+04
   0.15647185208972E+05 -0.12619170510083E+04  0.48666799261856E+03 -0.13863566293093E+04 -0.37858508441311E+02 -0.73059107620778E+03 -0.22441859038885E+03  0.26869883330453E+05 -0.57736756949713E+04 -0.69825378545629E+03  0.20852485826105E+03  0.17958178366166E+04  0.11819847605317E+03 -0.11089881939883E+01  0.14662519193090E+04 -0.19952899232576E+03  0.13954152197385E+04  0.80268367394926E+03 -0.70171871004897E+04 -0.50679231119860E+01 -0.12162682592719E+03 -0.13922838532004E+02  0.12738726289143E+03 -0.90882831176645E+03 -0.11833682790504E+04  0.23405216388439E-10 -0.75397636174666E+03 -0.52526975698560E+04  0.75075855113050E-10 -0.24982745483986E+04 -0.77909860426549E+02 -0.82699136434691E+02 -0.25136521758121E+00  0.22051404200550E-10 -0.18492256558316E+01 -0.79192227029442E+00  0.29886025107838E+03  0.33167365027601E+03 -0.28430915183702E+04 -0.13850643549625E-10
   0.17866141019343E+04 -0.14956686144033E+03  0.64295199600312E+02 -0.15587951168747E+03  0.45860666719211E+01 -0.71200029345919E+02 -0.28083298664747E+02  0.18124705637420E+04 -0.31864265435748E+03 -0.61947204764138E+02  0.15274571050544E+02  0.11819847605317E+03  0.10704793794211E+02 -0.18175482529567E+00  0.79827368875184E+02 -0.13111222128971E+02  0.81094715328121E+02  0.50921644445864E+02 -0.33574176348058E+03 -0.43587727221390E+00  0.67815990821523E+01  0.46665590989120E+00  0.17718752559085E+02 -0.93784735783874E+02 -0.17625579535084E+03  0.36752753320474E-11 -0.29340322485460E+02 -0.62367132840747E+03 -0.22269246849719E-10 -0.15659498463824E+03 -0.20711613857083E+02 -0.67034536563634E+01 -0.18140183529452E+00 -0.25210188276350E-12 -0.19668840108007E+00 -0.76147753251704E-01  0.30017687158850E+02  0.74723626173882E+02 -0.20503636651424E+03 -0.13791911611123E-11
  -0.10906029712152E+03  0.13158527501388E+02 -0.48620652951975E+01  0.56680827720057E+02 -0.50791827172921E+01  0.19798102278407E+02  0.10364855650768E+02  0.98278268843101E+02 -0.13321220078706E+02 -0.18762753151101E+01  0.72681775698169E+00 -0.11089881939883E+01 -0.18175482529567E+00  0.52823642266867E-01  0.14719540599523E+02 -0.11265989316002E+01  0.86962394653430E+01  0.40867013817581E+01 -0.85669680445138E+02  0.27128270328192E-01 -0.46735921431015E+01  0.58097877164141E+00  0.14624056212438E+01  0.76993467437785E+01  0.70706622524638E-01  0.92803803046720E-13 -0.61894618961078E+01 -0.81561531761023E+00  0.17879727480630E-12 -0.34673850852702E+01 -0.18683234761980E-04 -0.14300427595543E+00  0.22527305939729E-12 -0.35814098882316E-12 -0.17565092176633E-02 -0.96318702550248E-03 -0.16203885428427E+01  0.55109951841041E-04 -0.32518664486520E+01  0.10795079999187E-12
   0.71013382331963E+04  0.65821432480949E+03 -0.40302034534083E+03  0.30168098613194E+05 -0.25625807422470E+04  0.94629303019015E+04  0.48574272377857E+04  0.81571784370841E+05  0.49410369804030E+05 -0.39409410097522E+04  0.12701101853670E+04  0.14662519193090E+04  0.79827368875184E+02  0.14719540599523E+02  0.48323500425524E+05 -0.43851502244170E+04  0.31489396256854E+05  0.16283155499412E+05 -0.56934759119342E+05  0.15309650399588E+01  0.78624443516991E+03 -0.21846925796528E+03 -0.63806924311402E+03 -0.15404346100071E+04 -0.25177372410246E+04 -0.16582157423103E+04 -0.24605379961106E+04  0.20321653117177E+04  0.42847555764615E+04 -0.15126570060988E+04 -0.29519961299619E+04 -0.71146442108126E+03  0.19250505690632E+03  0.34831087662621E+03 -0.27597003470514E+04 -0.14794751423920E+04 -0.25135690121934E+04  0.18293561916612E+03 -0.81848430006747E+03 -0.92085377147415E+03
  -0.17884791548680E+04 -0.49086928566595E+02  0.38493682389518E+01 -0.35806117899179E+04  0.30753606952136E+03 -0.11552233642003E+04 -0.59917578215937E+03 -0.10219910110999E+05 -0.23049197197165E+04  0.46904506245934E+03 -0.13809671746584E+03 -0.19952899232576E+03 -0.13111222128971E+02 -0.11265989316002E+01 -0.43851502244170E+04  0.46217634632340E+03 -0.32380496374293E+04 -0.17437936275663E+04  0.65350014194738E+04 -0.71839875607536E+00 -0.11448531749132E+03  0.24357319994657E+02  0.62400352443214E+02  0.16899551211405E+03  0.45505813909099E+03  0.28548662306817E+03  0.28025234304529E+03 -0.17458223567991E+03 -0.49404805195047E+03  0.15309040500658E+03  0.29819188670347E+03  0.76947108609156E+02 -0.51354737275623E+02 -0.91553201116634E+02  0.40781286384960E+03  0.20400545193799E+03 -0.26459724175779E+03 -0.32876618444750E+02  0.23187126212824E+03  0.25949858772677E+03
   0.83604019044665E+04  0.15780934330446E+03 -0.19935940130879E+03  0.23702986279536E+05 -0.19676859984673E+04  0.75103755769054E+04  0.37583368050611E+04  0.74013647111778E+05  0.15440053396844E+05 -0.31112228971465E+04  0.96888176184832E+03  0.13954152197385E+04  0.81094715328121E+02  0.86962394653430E+01  0.31489396256854E+05 -0.32380496374293E+04  0.23115039355078E+05  0.12295737640955E+05 -0.44882050808904E+05  0.11633434631311E+00  0.72221607894566E+03 -0.22147780293099E+03 -0.63102488175554E+03 -0.14755880100346E+04 -0.21426923969650E+04 -0.13978077491539E+04 -0.22575645745909E+04  0.19272455727081E+04  0.39371538637220E+04 -0.11651210857979E+04 -0.22802380239077E+04 -0.53830234373069E+03  0.50056827189645E+02  0.10004896513907E+03 -0.22309262342184E+04 -0.12130274046616E+04  0.83318423980203E+03  0.17836182791561E+03 -0.13340254634185E+04 -0.14826505818128E+04
   0.61804231277622E+04  0.77788261796989E+02 -0.42521344225534E+02  0.13212148868001E+05 -0.11098977496965E+04  0.42518948324228E+04  0.21510524816682E+04  0.39939184571582E+05  0.73226982720795E+04 -0.17489281146980E+04  0.52489555287565E+03  0.80268367394926E+03  0.50921644445864E+02  0.40867013817581E+01  0.16283155499412E+05 -0.17437936275663E+04  0.12295737640955E+05  0.66345154403769E+04 -0.24890149782637E+05  0.11753485786811E+01  0.44019812311794E+03 -0.12129082425982E+03 -0.32458051296723E+03 -0.79008722479292E+03 -0.15179624595092E+04 -0.95853036301651E+03 -0.11356792701304E+04  0.91782344246689E+03  0.21709584649117E+04 -0.58730711639037E+03 -0.11513555633480E+04 -0.29511927039784E+03  0.74564303851925E+02  0.13982102370171E+03 -0.14310250880683E+04 -0.74742604519722E+03  0.10976069408145E+04  0.12875336505642E+03 -0.95080417527462E+03 -0.10567971881095E+04
  -0.78089128097690E+07  0.26771199242828E+07 -0.38289510456682E+06 -0.23208447714091E+07  0.51398876330321E+06 -0.74084475284780E+05 -0.26915856004976E+06 -0.60553892594254E+06 -0.27083629595573E+05  0.60637850751171E+05 -0.69828209735874E+04 -0.70171871004897E+04 -0.33574176348058E+03 -0.85669680445138E+02 -0.56934759119342E+05  0.65350014194738E+04 -0.44882050808904E+05 -0.24890149782637E+05  0.35989555586438E+08  0.66522077980202E+04  0.73647730011405E+06 -0.18372711875697E+06 -0.53423607257171E+06 -0.26767710372969E+07  0.35534462163941E+05  0.78878015401417E+05 -0.12549826477894E+04  0.58906500857534E+06  0.28727422528360E+07  0.18403089194159E+05  0.32893256452494E+05  0.23675318403339E+03  0.19153222373772E+06  0.83632513983749E+06  0.25917309619562E+05  0.81645848224377E+04 -0.19768378760198E+05  0.46034999474277E+05  0.21423664679733E+05  0.65993883958334E+05
  -0.13501312508804E+04  0.55119337404244E+03 -0.68266288614900E+02 -0.19570020861303E+03  0.64437958941389E+02  0.55794771109517E+02  0.94427448191198E+00  0.37972491480019E+03 -0.92386218897455E+02 -0.93917669129034E+01  0.28642129968652E+01 -0.50679231119860E+01 -0.43587727221390E+00  0.27128270328192E-01  0.15309650399588E+01 -0.71839875607536E+00  0.11633434631311E+00  0.11753485786811E+01  0.66522077980202E+04  0.23205629756349E+01  0.14146761359946E+03 -0.28335831205849E+02 -0.83300514553109E+02 -0.49636965520431E+03  0.00000000000000E+00 -0.26987509664474E+02  0.00000000000000E+00  0.00000000000000E+00  0.38672448397310E+03  0.00000000000000E+00 -0.69793735465949E+01  0.00000000000000E+00  0.00000000000000E+00  0.21277620035866E+03  0.00000000000000E+00  0.00000000000000E+00  0.00000000000000E+00  0.12823682823550E+02  0.00000000000000E+00 -0.28024337524029E+02
  -0.22068314616607E+06  0.63033428316268E+05 -0.10535080523357E+05 -0.64324639114650E+05  0.13440181959292E+05 -0.49530069272883E+04 -0.90510201796994E+04 -0.29310557861925E+05  0.75474386798314E+03  0.26097958236406E+04 -0.30552516564759E+03 -0.12162682592719E+03  0.67815990821523E+01 -0.46735921431015E+01  0.78624443516991E+03 -0.11448531749132E+03  0.72221607894566E+03  0.44019812311794E+03  0.73647730011405E+06  0.14146761359946E+03  0.28695478974484E+05 -0.83951341089939E+04 -0.22793746425660E+05 -0.10754921565263E+06  0.00000000000000E+00  0.52688042604627E+04  0.00000000000000E+00  0.00000000000000E+00  0.12046663082700E+06  0.00000000000000E+00 -0.12045912563274E+04  0.00000000000000E+00  0.00000000000000E+00  0.24066693405795E+05  0.00000000000000E+00  0.00000000000000E+00  0.00000000000000E+00 -0.43850054689678E+04  0.00000000000000E+00  0.43243769240687E+04
   0.60185577191657E+05 -0.13646093520741E+05  0.27659583587430E+04  0.20994147244997E+05 -0.39917223943143E+04  0.26082130052587E+04  0.33026107401589E+04  0.28184401345062E+05 -0.56418369091631E+04 -0.13195294462470E+04  0.22521394343902E+03 -0.13922838532004E+02  0.46665590989120E+00  0.58097877164141E+00 -0.21846925796528E+03  0.24357319994657E+02 -0.22147780293099E+03 -0.12129082425982E+03 -0.18372711875697E+06 -0.28335831205849E+02 -0.83951341089939E+04  0.29613726733100E+04  0.78779479340608E+04  0.34551155210842E+05 -0.50328223182572E+02 -0.21510979282598E+04  0.34414320801135E+01  0.40687666627510E+03 -0.43106176353312E+05  0.00000000000000E+00 -0.15720953138565E+03  0.00000000000000E+00  0.21200441450899E+04 -0.52723722541491E+04  0.00000000000000E+00  0.00000000000000E+00  0.00000000000000E+00  0.15407731121426E+04 -0.35775028920373E+03 -0.28128547554031E+04
   0.18416875473952E+06 -0.44572792989934E+05  0.84605165751502E+04  0.57750661570118E+05 -0.10924921941731E+05  0.72169593251936E+04  0.89750064051892E+04  0.88134507994118E+05 -0.18715244752923E+05 -0.38417044789288E+04  0.68978986788792E+03  0.12738726289143E+03  0.17718752559085E+02  0.14624056212438E+01 -0.63806924311402E+03  0.62400352443214E+02 -0.63102488175554E+03 -0.32458051296723E+03 -0.53423607257171E+06 -0.83300514553109E+02 -0.22793746425660E+05  0.78779479340608E+04  0.21511447084834E+05  0.92913009919568E+05 -0.16426238004650E+03 -0.53649800252840E+04 -0.34504110591616E+02 -0.67258199709197E+04 -0.11802364715169E+06  0.00000000000000E+00 -0.38930421868505E+03  0.00000000000000E+00  0.30870768920173E+04 -0.15884074243048E+05  0.00000000000000E+00  0.00000000000000E+00  0.00000000000000E+00  0.38373385711265E+04 -0.20337256909823E+04 -0.81538828870828E+04
   0.76664210591943E+06 -0.21111438548934E+06  0.36208585054618E+05  0.24652418904630E+06 -0.49455306249930E+05  0.23148933982424E+05  0.35455233771081E+05  0.25110912687312E+06 -0.47956716909227E+05 -0.12578022224906E+05  0.20345754773331E+04 -0.90882831176645E+03 -0.93784735783874E+02  0.76993467437785E+01 -0.15404346100071E+04  0.16899551211405E+03 -0.14755880100346E+04 -0.79008722479292E+03 -0.26767710372969E+07 -0.49636965520431E+03 -0.10754921565263E+06  0.34551155210842E+05  0.92913009919568E+05  0.43551496940522E+06  0.25005582336086E+03 -0.27678377714631E+05 -0.56769216901042E+01  0.38266518315327E+05 -0.49828208561865E+06  0.00000000000000E+00 -0.20600551073217E+04  0.00000000000000E+00  0.16458608611495E+05 -0.82860297695698E+05  0.00000000000000E+00  0.00000000000000E+00  0.00000000000000E+00  0.20441398332755E+05  0.15533419623206E+04 -0.30345890461999E+05
  -0.12718377767211E+06  0.16593085596235E+05 -0.54798182769431E+04 -0.12757284040940E+05  0.20033628304296E+04 -0.29163110598887E+04 -0.25709892795583E+04 -0.60370694181061E+05  0.11450490512977E+05  0.27411572637569E+04 -0.49374663041415E+03 -0.11833682790504E+04 -0.17625579535084E+03  0.70706622524638E-01 -0.25177372410246E+04  0.45505813909099E+03 -0.21426923969650E+04 -0.15179624595092E+04  0.35534462163941E+05  0.00000000000000E+00  0.00000000000000E+00 -0.50328223182572E+02 -0.16426238004650E+03  0.25005582336086E+03  0.11622421084493E+06  0.00000000000000E+00  0.00000000000000E+00  0.00000000000000E+00  0.00000000000000E+00  0.00000000000000E+00  0.00000000000000E+00  0.00000000000000E+00  0.00000000000000E+00  0.00000000000000E+00  0.00000000000000E+00  0.00000000000000E+00  0.00000000000000E+00  0.00000000000000E+00  0.00000000000000E+00  0.00000000000000E+00
  -0.53984971123445E+05  0.82069297014647E+04 -0.23389580683440E+04 -0.21117757148083E+05  0.33757568487391E+04 -0.44722058922295E+04 -0.40293413110229E+04 -0.48584553074990E+05  0.10842566995389E+05  0.19018975253397E+04 -0.37292857719666E+03  0.23405216388439E-10  0.36752753320474E-11  0.92803803046720E-13 -0.16582157423103E+04  0.28548662306817E+03 -0.13978077491539E+04 -0.95853036301651E+03  0.78878015401417E+05 -0.26987509664474E+02  0.52688042604627E+04 -0.21510979282598E+04 -0.53649800252840E+04 -0.27678377714631E+05  0.00000000000000E+00  0.64565118791939E+05  0.00000000000000E+00  0.00000000000000E+00  0.00000000000000E+00  0.00000000000000E+00  0.00000000000000E+00  0.00000000000000E+00  0.00000000000000E+00  0.00000000000000E+00  0.00000000000000E+00  0.00000000000000E+00  0.00000000000000E+00  0.00000000000000E+00  0.00000000000000E+00  0.00000000000000E+00
  -0.44181198784510E+04 -0.23803709847491E+03  0.49043153822596E+02 -0.53914650932817E+02 -0.57312611148405E+02  0.16600096200477E+03  0.14294863899485E+03 -0.66517151357515E+05  0.24063871578736E+05  0.72706506017953E+03 -0.34399842355869E+03 -0.75397636174666E+03 -0.29340322485460E+02 -0.61894618961078E+01 -0.24605379961106E+04  0.28025234304529E+03 -0.22575645745909E+04 -0.11356792701304E+04 -0.12549826477894E+04  0.00000000000000E+00  0.00000000000000E+00  0.34414320801135E+01 -0.34504110591616E+02 -0.56769216901042E+01  0.00000000000000E+00  0.00000000000000E+00  0.30681628069019E+05  0.00000000000000E+00  0.00000000000000E+00  0.00000000000000E+00  0.00000000000000E+00  0.00000000000000E+00  0.00000000000000E+00  0.00000000000000E+00  0.00000000000000E+00  0.00000000000000E+00  0.00000000000000E+00  0.00000000000000E+00  0.00000000000000E+00  0.00000000000000E+00
  -0.83832211430228E+06  0.20910680942061E+06 -0.38418140266264E+05 -0.65538046333652E+05  0.11964323765003E+05 -0.91713626256872E+04 -0.10351542484439E+05 -0.28056170997109E+06  0.65566977734374E+05  0.10982803933203E+05 -0.21119873311271E+04 -0.52526975698560E+04 -0.62367132840747E+03 -0.81561531761023E+00  0.20321653117177E+04 -0.17458223567991E+03  0.19272455727081E+04  0.91782344246689E+03  0.58906500857534E+06  0.00000000000000E+00  0.00000000000000E+00  0.40687666627510E+03 -0.67258199709197E+04  0.38266518315327E+05  0.00000000000000E+00  0.00000000000000E+00  0.00000000000000E+00  0.57751031753160E+06  0.00000000000000E+00  0.00000000000000E+00  0.00000000000000E+00  0.00000000000000E+00  0.00000000000000E+00  0.00000000000000E+00  0.00000000000000E+00  0.00000000000000E+00  0.00000000000000E+00  0.00000000000000E+00  0.00000000000000E+00  0.00000000000000E+00
  -0.10855592935714E+07  0.26324112676825E+06 -0.49919390146626E+05 -0.33992421074652E+06  0.63126503932527E+05 -0.45411250930606E+05 -0.54047258321502E+05 -0.55747405063337E+06  0.12606484168925E+06  0.23012648139110E+05 -0.42513706222080E+04  0.75075855113050E-10 -0.22269246849719E-10  0.17879727480630E-12  0.42847555764615E+04 -0.49404805195047E+03  0.39371538637220E+04  0.21709584649117E+04  0.28727422528360E+07  0.38672448397310E+03  0.12046663082700E+06 -0.43106176353312E+05 -0.11802364715169E+06 -0.49828208561865E+06  0.00000000000000E+00  0.00000000000000E+00  0.00000000000000E+00  0.00000000000000E+00  0.91772246865322E+06  0.00000000000000E+00  0.00000000000000E+00  0.00000000000000E+00  0.00000000000000E+00  0.00000000000000E+00  0.00000000000000E+00  0.00000000000000E+00  0.00000000000000E+00  0.00000000000000E+00  0.00000000000000E+00  0.00000000000000E+00
  -0.20589608412295E+05  0.58040820234577E+04 -0.98866937879997E+03 -0.14069365708903E+04  0.33877517070887E+03 -0.33241472095967E+01 -0.17458510022846E+03 -0.72347641690818E+05  0.23144893541928E+05  0.15319294660449E+04 -0.44912570712398E+03 -0.24982745483986E+04 -0.15659498463824E+03 -0.34673850852702E+01 -0.15126570060988E+04  0.15309040500658E+03 -0.11651210857979E+04 -0.58730711639037E+03  0.18403089194159E+05  0.00000000000000E+00  0.00000000000000E+00  0.00000000000000E+00  0.00000000000000E+00  0.00000000000000E+00  0.00000000000000E+00  0.00000000000000E+00  0.00000000000000E+00  0.00000000000000E+00  0.00000000000000E+00  0.14758377787455E+05  0.00000000000000E+00  0.00000000000000E+00  0.00000000000000E+00  0.00000000000000E+00  0.00000000000000E+00  0.00000000000000E+00  0.00000000000000E+00  0.00000000000000E+00  0.00000000000000E+00  0.00000000000000E+00
  -0.46425666591531E+05  0.13232580701479E+05 -0.22388840475501E+04 -0.24865631536968E+04  0.57925600702682E+03 -0.35774229111579E+02 -0.29854584126061E+03 -0.16190267217376E+06  0.51881923366420E+05  0.33596335542930E+04 -0.10055239985613E+04 -0.77909860426549E+02 -0.20711613857083E+02 -0.18683234761980E-04 -0.29519961299619E+04  0.29819188670347E+03 -0.22802380239077E+04 -0.11513555633480E+04  0.32893256452494E+05 -0.69793735465949E+01 -0.12045912563274E+04 -0.15720953138565E+03 -0.38930421868505E+03 -0.20600551073217E+04  0.00000000000000E+00  0.00000000000000E+00  0.00000000000000E+00  0.00000000000000E+00  0.00000000000000E+00  0.00000000000000E+00  0.31859936140169E+05  0.00000000000000E+00  0.00000000000000E+00  0.00000000000000E+00  0.00000000000000E+00  0.00000000000000E+00  0.00000000000000E+00  0.00000000000000E+00  0.00000000000000E+00  0.00000000000000E+00
  -0.30810348189704E+04  0.42034501010386E+03 -0.11729004437979E+03 -0.73282358569864E+02  0.94733647025964E+01 -0.20145977255614E+02 -0.14069277369337E+02 -0.13214442630154E+04  0.17775443435617E+03  0.43035720614787E+02 -0.11281955921318E+02 -0.82699136434691E+02 -0.67034536563634E+01 -0.14300427595543E+00 -0.71146442108126E+03  0.76947108609156E+02 -0.53830234373069E+03 -0.29511927039784E+03  0.23675318403339E+03  0.00000000000000E+00  0.00000000000000E+00  0.00000000000000E+00  0.00000000000000E+00  0.00000000000000E+00  0.00000000000000E+00  0.00000000000000E+00  0.00000000000000E+00  0.00000000000000E+00  0.00000000000000E+00  0.00000000000000E+00  0.00000000000000E+00  0.37857102485131E+04  0.00000000000000E+00  0.00000000000000E+00  0.00000000000000E+00  0.00000000000000E+00  0.00000000000000E+00  0.00000000000000E+00  0.00000000000000E+00  0.00000000000000E+00
  -0.19853329848664E+06  0.63454234974126E+05 -0.97565982846346E+04 -0.11705924988473E+05  0.29843872747495E+04  0.35194137730200E+03 -0.10900983472667E+04 -0.57417533507550E+04  0.60255110595523E+03  0.58855449920316E+03 -0.51174057929601E+02 -0.25136521758121E+00 -0.18140183529452E+00  0.22527305939729E-12  0.19250505690632E+03 -0.51354737275623E+02  0.50056827189645E+02  0.74564303851925E+02  0.19153222373772E+06  0.00000000000000E+00  0.00000000000000E+00  0.21200441450899E+04  0.30870768920173E+04  0.16458608611495E+05  0.00000000000000E+00  0.00000000000000E+00  0.00000000000000E+00  0.00000000000000E+00  0.00000000000000E+00  0.00000000000000E+00  0.00000000000000E+00  0.00000000000000E+00  0.10565157016568E+06  0.00000000000000E+00  0.00000000000000E+00  0.00000000000000E+00  0.00000000000000E+00  0.00000000000000E+00  0.00000000000000E+00  0.00000000000000E+00
  -0.22405566090033E+06  0.71016273375231E+05 -0.10977745841442E+05 -0.52539146135803E+05  0.13175199702033E+05  0.11808180315817E+04 -0.50628364585445E+04 -0.11272451656810E+05  0.12233514728559E+04  0.11151930146096E+04 -0.10020257021922E+03  0.22051404200550E-10 -0.25210188276350E-12 -0.35814098882316E-12  0.34831087662621E+03 -0.91553201116634E+02  0.10004896513907E+03  0.13982102370171E+03  0.83632513983749E+06  0.21277620035866E+03  0.24066693405795E+05 -0.52723722541491E+04 -0.15884074243048E+05 -0.82860297695698E+05  0.00000000000000E+00  0.00000000000000E+00  0.00000000000000E+00  0.00000000000000E+00  0.00000000000000E+00  0.00000000000000E+00  0.00000000000000E+00  0.00000000000000E+00  0.00000000000000E+00  0.13877972440610E+06  0.00000000000000E+00  0.00000000000000E+00  0.00000000000000E+00  0.00000000000000E+00  0.00000000000000E+00  0.00000000000000E+00
  -0.91586254368629E+04  0.24752087802732E+04 -0.43101867517044E+03 -0.25235214438103E+04  0.48592745233730E+03 -0.28703011745416E+03 -0.38774510178623E+03 -0.14703057666405E+02 -0.11755934321272E+04  0.13805873393438E+03 -0.16225763466779E+02 -0.18492256558316E+01 -0.19668840108007E+00 -0.17565092176633E-02 -0.27597003470514E+04  0.40781286384960E+03 -0.22309262342184E+04 -0.14310250880683E+04  0.25917309619562E+05  0.00000000000000E+00  0.00000000000000E+00  0.00000000000000E+00  0.00000000000000E+00  0.00000000000000E+00  0.00000000000000E+00  0.00000000000000E+00  0.00000000000000E+00  0.00000000000000E+00  0.00000000000000E+00  0.00000000000000E+00  0.00000000000000E+00  0.00000000000000E+00  0.00000000000000E+00  0.00000000000000E+00  0.83546915195616E+04  0.00000000000000E+00  0.00000000000000E+00  0.00000000000000E+00  0.00000000000000E+00  0.00000000000000E+00
  -0.32368551408141E+04  0.78453431471977E+03 -0.14982036851846E+03 -0.98228342857260E+03  0.17978226967234E+03 -0.14371403211336E+03 -0.16290444943953E+03  0.14222223857807E+03 -0.66407055057807E+03  0.61231828087812E+02 -0.75606700651973E+01 -0.79192227029442E+00 -0.76147753251704E-01 -0.96318702550248E-03 -0.14794751423920E+04  0.20400545193799E+03 -0.12130274046616E+04 -0.74742604519722E+03  0.81645848224377E+04  0.00000000000000E+00  0.00000000000000E+00  0.00000000000000E+00  0.00000000000000E+00  0.00000000000000E+00  0.00000000000000E+00  0.00000000000000E+00  0.00000000000000E+00  0.00000000000000E+00  0.00000000000000E+00  0.00000000000000E+00  0.00000000000000E+00  0.00000000000000E+00  0.00000000000000E+00  0.00000000000000E+00  0.00000000000000E+00  0.42731350027849E+04  0.00000000000000E+00  0.00000000000000E+00  0.00000000000000E+00  0.00000000000000E+00
  -0.15019979660422E+05 -0.23682710352792E+04  0.47316202790589E+02 -0.93476825057946E+04  0.32486989548903E+03 -0.30877075466414E+04 -0.12939026388922E+04 -0.26058081840738E+06  0.11135433028507E+06  0.30789551612013E+04 -0.11670235719595E+04  0.29886025107838E+03  0.30017687158850E+02 -0.16203885428427E+01 -0.25135690121934E+04 -0.26459724175779E+03  0.83318423980203E+03  0.10976069408145E+04 -0.19768378760198E+05  0.00000000000000E+00  0.00000000000000E+00  0.00000000000000E+00  0.00000000000000E+00  0.00000000000000E+00  0.00000000000000E+00  0.00000000000000E+00  0.00000000000000E+00  0.00000000000000E+00  0.00000000000000E+00  0.00000000000000E+00  0.00000000000000E+00  0.00000000000000E+00  0.00000000000000E+00  0.00000000000000E+00  0.00000000000000E+00  0.00000000000000E+00  0.12393317714556E+06  0.00000000000000E+00  0.00000000000000E+00  0.00000000000000E+00
   0.16605602912213E+05 -0.22367859261395E+04  0.71672283880378E+03 -0.15613187031303E+05  0.24899080385423E+04 -0.34881822221669E+04 -0.32447487565258E+04 -0.86640222963419E+04  0.15990644398190E+04  0.44495241551718E+03 -0.70911513406497E+02  0.33167365027601E+03  0.74723626173882E+02  0.55109951841041E-04  0.18293561916612E+03 -0.32876618444750E+02  0.17836182791561E+03  0.12875336505642E+03  0.46034999474277E+05  0.12823682823550E+02 -0.43850054689678E+04  0.15407731121426E+04  0.38373385711265E+04  0.20441398332755E+05  0.00000000000000E+00  0.00000000000000E+00  0.00000000000000E+00  0.00000000000000E+00  0.00000000000000E+00  0.00000000000000E+00  0.00000000000000E+00  0.00000000000000E+00  0.00000000000000E+00  0.00000000000000E+00  0.00000000000000E+00  0.00000000000000E+00  0.00000000000000E+00  0.39224466857617E+05  0.00000000000000E+00  0.00000000000000E+00
  -0.70654570153235E+05  0.85301489076451E+04 -0.25338410402740E+04 -0.71554291383165E+04  0.81770857039478E+03 -0.18997358957395E+04 -0.11755922741562E+04 -0.13621261033178E+06  0.44114603837950E+05  0.27830922223346E+04 -0.84338947913662E+03 -0.28430915183702E+04 -0.20503636651424E+03 -0.32518664486520E+01 -0.81848430006747E+03  0.23187126212824E+03 -0.13340254634185E+04 -0.95080417527462E+03  0.21423664679733E+05  0.00000000000000E+00  0.00000000000000E+00 -0.35775028920373E+03 -0.20337256909823E+04  0.15533419623206E+04  0.00000000000000E+00  0.00000000000000E+00  0.00000000000000E+00  0.00000000000000E+00  0.00000000000000E+00  0.00000000000000E+00  0.00000000000000E+00  0.00000000000000E+00  0.00000000000000E+00  0.00000000000000E+00  0.00000000000000E+00  0.00000000000000E+00  0.00000000000000E+00  0.00000000000000E+00  0.94877766028538E+05  0.00000000000000E+00
  -0.55791920887256E+05  0.71607309983863E+04 -0.20557194200688E+04 -0.21196578131843E+05  0.25143820342216E+04 -0.54826541927132E+04 -0.35057578259568E+04 -0.16938033430609E+06  0.54301376005308E+05  0.35478724516191E+04 -0.10573552849812E+04 -0.13850643549625E-10 -0.13791911611123E-11  0.10795079999187E-12 -0.92085377147415E+03  0.25949858772677E+03 -0.14826505818128E+04 -0.10567971881095E+04  0.65993883958334E+05 -0.28024337524029E+02  0.43243769240687E+04 -0.28128547554031E+04 -0.81538828870828E+04 -0.30345890461999E+05  0.00000000000000E+00  0.00000000000000E+00  0.00000000000000E+00  0.00000000000000E+00  0.00000000000000E+00  0.00000000000000E+00  0.00000000000000E+00  0.00000000000000E+00  0.00000000000000E+00  0.00000000000000E+00  0.00000000000000E+00  0.00000000000000E+00  0.00000000000000E+00  0.00000000000000E+00  0.00000000000000E+00  0.99560282854211E+05

 # Covariance matrix (Bevington epsilon)
