# fitpack15: fit parameters                                                                         
# CJ15 AV18 final data choices                                                                      
# Created on 01/23/2020 at 22:03:24                                                                 

 # QCD setup
  INS                           0
  NVL                          11
  IORD                          1
  Q02                   1.6899999999999999     
  IPARAMC                       7
  FLAVOR                4.0000000000000000     
  xmc                   1.3000000000000000     
  xmb                   4.5000000000000000     
  ncb                          12
  ihq                           1
  ias                           0

 # Theory corrections
  inuke                     10814
  itmc                          1
  iht                           1

 # fit parameters
 LAMBDA       0.22680        0.0000    
 a0uv          2.3783        0.0000    
 a1uv         0.61220       0.19958E-01
 a2uv          3.5415       0.12377E-01
 a3uv          0.0000        0.0000    
 a4uv          3.4991       0.43467    
 a5uv          0.0000        0.0000    
 a0dv          23.276        0.0000    
 a1dv          1.1444       0.33730E-01
 a2dv          6.5095       0.15950    
 a3dv         -3.4980       0.88083E-01
 a4dv          4.7122       0.14643    
 a5dv          0.0000        0.0000    
 a0ud         0.14638       0.50330E-02
 a1ud        -0.20780       0.37596E-02
 a2ud          8.3148       0.19105    
 a3ud          0.0000        0.0000    
 a4ud          14.623        1.2259    
 a5ud          0.0000        0.0000    
 a0du          35712.        0.0000    
 a1du          4.0123       0.74265E-01
 a2du          20.177       0.86442    
 a3du          17.000        0.0000    
 a4du          51.351        10.764    
 a0g           45.038        0.0000    
 a1g          0.60078       0.31531E-01
 a2g           6.5634       0.97022    
 a3g          -3.3051       0.13787    
 a4g           3.1986       0.33642    
 a5g           0.0000        0.0000    
 kappa        0.40000        0.0000    
 a6dv        -0.36292E-02   0.70883E-03
 a7dv          2.0000        0.0000    
 off1         -3.8969        1.5214    
 off2         0.58112E-01   0.54880E-01
 ht1          -3.3006       0.25885    
 ht2           1.9418       0.10560    
 ht3          -2.0703       0.18166E-01
 ht4           0.0000        0.0000    
 dummy40       0.0000        0.0000    
 dummy41       0.0000        0.0000    
 dummy42       0.0000        0.0000    
 dummy43       0.0000        0.0000    
 dummy44       0.0000        0.0000    
 dummy45       0.0000        0.0000    
 dummy46       0.0000        0.0000    
 dummy47       0.0000        0.0000    
 dummy48       0.0000        0.0000    
 dummy49       0.0000        0.0000    
 bcdmsh2      0.97203       0.48219E-02
 bcdmsd2      0.99228       0.58315E-02
 ccfr          1.0000        0.0000    
 nutev         1.0000        0.0000    
 zeus         0.97998        0.0000    
 h1            1.0162        0.0000    
 e605          1.0319        0.0000    
 NmcH2         1.0090       0.71244E-02
 ntv_nu        1.0000        0.0000    
 ntv_nubar     1.0000        0.0000    
 cdf_jet      0.98910        0.0000    
 d0_jet       0.83504        0.0000    
 slac_p        1.0039       0.48148E-02
 slac_d        1.0033       0.52761E-02
 e866pp       0.96435       0.19282E-01
 e866pd       0.96411       0.15846E-01
 d0_gamjet     1.0385       0.16478E-01
 h1b          0.97608        0.0000    
 jlab_p       0.99338       0.57887E-02
 jlab_d       0.97480       0.59057E-02
 blank         1.0000        0.0000    
 d0run2       0.94135       0.14101E-01
 cdfrun2      0.92750       0.17224E-01
 HERA_el       1.0000        0.0000    
 HERA_ps       1.0000        0.0000    
 CDF_Z        0.96472       0.65276E-02
 NmcRat        1.0000        0.0000    
 BNS_F2nd     0.98389       0.69519E-02
 HERMES_F2p   0.99732       0.55668E-02
 HERMES_F2d   0.97956       0.58207E-02
 END 0. 0.

 # Hessian matrix (Bevington alpha)
   0.49033807765443E+07 -0.12887734924489E+07  0.23295102305333E+06  0.48176687467321E+06 -0.12743883805415E+06 -0.22235183619088E+05  0.54514673777220E+05  0.90873112682672E+06 -0.17433804973542E+06 -0.48628589187851E+05  0.73862343210248E+04  0.15780624178435E+05  0.17810847892708E+04 -0.11078365682729E+03  0.75085390433286E+04 -0.19082195078321E+04  0.10217028316815E+05  0.73740838031037E+04 -0.70001476323375E+07 -0.13613262811956E+04 -0.22611977982391E+06  0.60660183777592E+05  0.18789987069757E+06  0.79838636300986E+06 -0.12732939592854E+06 -0.53983180827404E+05 -0.44033460704218E+04 -0.84022346404112E+06 -0.10870680886685E+07 -0.20618316055596E+05 -0.46408768943834E+05 -0.30826308712439E+04 -0.19886630463834E+06 -0.22423905047925E+06 -0.90707498304642E+04 -0.32104592791513E+04 -0.15187193016327E+05  0.16638161558193E+05 -0.70867969885212E+05 -0.55914071315361E+05
  -0.12887734924489E+07  0.41269283238060E+06 -0.63295063824476E+05 -0.13515470842244E+06  0.35578346365082E+05  0.83361193103643E+04 -0.12211548104767E+05 -0.12191971317801E+06  0.26449713366431E+05  0.75124818989246E+04 -0.93660744501705E+03 -0.12714790864300E+04 -0.14828904188383E+03  0.13358996026105E+02  0.69045740283293E+03 -0.56364954367636E+02  0.19802065588428E+03  0.11033253709425E+03  0.23975818765437E+07  0.55363476022134E+03  0.64484303552565E+05 -0.13599017593796E+05 -0.45546273541442E+05 -0.22004191856057E+06  0.16591090656265E+05  0.81963465360439E+04 -0.24143617915664E+03  0.20942909469072E+06  0.26333244188149E+06  0.58073854171339E+04  0.13216259470017E+05  0.42025247822940E+03  0.63492665190035E+05  0.70987743863551E+05  0.24539552513187E+04  0.77882161038907E+03 -0.23508121950622E+04 -0.22393272908008E+04  0.85537056014506E+04  0.71708735778076E+04
   0.23295102305333E+06 -0.63295063824476E+05  0.11189762288877E+05  0.23114087467601E+05 -0.62117316932116E+04 -0.12889301273761E+04  0.25369846840884E+04  0.31651874789211E+05 -0.59186225121208E+04 -0.19994048995763E+04  0.26126038187525E+03  0.48985550003651E+03  0.64221857963384E+02 -0.49888023674614E+01 -0.39537548945034E+03  0.74148378702866E+00 -0.18790855800427E+03 -0.29147102930917E+02 -0.34737628346271E+06 -0.69670889135199E+02 -0.10916257678636E+05  0.28109230361498E+04  0.87212708660167E+04  0.38143536618858E+05 -0.55351027803360E+04 -0.23604077632150E+04  0.51044209305825E+02 -0.38923028656877E+05 -0.50524725279391E+05 -0.10012084806492E+04 -0.22634862420599E+04 -0.11835793904714E+03 -0.98900437472880E+04 -0.11117206266846E+05 -0.43189527021960E+03 -0.15028021580559E+03  0.46460943413135E+02  0.72441741335136E+03 -0.25627685919502E+04 -0.20776356262544E+04
   0.48176687467321E+06 -0.13515470842244E+06  0.23114087467601E+05  0.39907570682935E+06 -0.63092275784624E+05  0.74260249734387E+05  0.63761871990796E+05  0.35057316194185E+06 -0.26185790123776E+05 -0.18481807813868E+05  0.33898183236665E+04 -0.13859206052927E+04 -0.15975563580670E+03  0.58159565909658E+02  0.30817599891350E+05 -0.37285280664101E+04  0.26749967212937E+05  0.14977319649323E+05 -0.20900823096479E+07 -0.19921984903798E+03 -0.66268010775940E+05  0.21525238354281E+05  0.59320217995241E+05  0.25654168752188E+06 -0.12853345240371E+05 -0.21281637589569E+05 -0.80160167969101E+02 -0.66062551141596E+05 -0.34257402300464E+06 -0.14268746219183E+04 -0.24957932469305E+04 -0.73199865498306E+02 -0.11777045429300E+05 -0.52839896225330E+05 -0.25088625893301E+04 -0.97874245208185E+03 -0.97218223770931E+04 -0.15733465291679E+05 -0.72555266048190E+04 -0.21482148924967E+05
  -0.12743883805415E+06  0.35578346365082E+05 -0.62117316932116E+04 -0.63092275784624E+05  0.11890812227659E+05 -0.77027201115895E+04 -0.93120115348817E+04 -0.32730931394392E+05  0.40303787187972E+03  0.24183562112125E+04 -0.34429409386582E+03 -0.44900294225056E+02  0.46323513172260E+01 -0.52085032051309E+01 -0.26181447299612E+04  0.32181223777610E+03 -0.22199351592022E+04 -0.12596954061527E+04  0.46531558192950E+06  0.66122650682732E+02  0.13874007395285E+05 -0.40762884189711E+04 -0.11224553185481E+05 -0.51599705445169E+05  0.20060851995548E+04  0.33838711944630E+04 -0.55880743293267E+02  0.12067283935450E+05  0.63608417552318E+05  0.34451376120007E+03  0.58310974919767E+03  0.94241825554786E+01  0.30158988892676E+04  0.13307800506257E+05  0.48469894023983E+03  0.17940128768268E+03  0.34457666808756E+03  0.24973908696458E+04  0.82503145566482E+03  0.25352441035014E+04
  -0.22235183619088E+05  0.83361193103643E+04 -0.12889301273761E+04  0.74260249734387E+05 -0.77027201115895E+04  0.23101394203880E+05  0.14060424664232E+05  0.10332455865070E+06 -0.93797929925046E+04 -0.45075847887076E+04  0.98122287043569E+03 -0.70345826773565E+03 -0.69133013987563E+02  0.19167159412155E+02  0.91409198256353E+04 -0.11345744756118E+04  0.80700780507997E+04  0.45790007844652E+04 -0.63752988254624E+05  0.51778898466037E+02 -0.47768512650383E+04  0.25344668298546E+04  0.69233872502067E+04  0.22436486876789E+05 -0.27298131780009E+04 -0.41964757636556E+04  0.14235367880140E+03 -0.86330680217345E+04 -0.42722501243038E+05 -0.33749149371345E+01 -0.35452331234632E+02 -0.18845877014604E+02  0.31788293656803E+03  0.10548653547361E+04 -0.26432152122862E+03 -0.13289466180087E+03 -0.30145276015806E+04 -0.32532166385250E+04 -0.18150965638070E+04 -0.52337825698452E+04
   0.54514673777220E+05 -0.12211548104767E+05  0.25369846840884E+04  0.63761871990796E+05 -0.93120115348817E+04  0.14060424664232E+05  0.11092313720210E+05  0.57495394826702E+05 -0.30277140270911E+04 -0.32323165452249E+04  0.57578209604225E+03 -0.21235053127980E+03 -0.27363510550232E+02  0.10100357745946E+02  0.47269871503885E+04 -0.59512751196290E+03  0.40680530013425E+04  0.23377309225687E+04 -0.23330979997217E+06 -0.58333460973346E+00 -0.89011801123418E+04  0.32279110411998E+04  0.87464030545597E+04  0.35122888226261E+05 -0.24382284423217E+04 -0.38278606568717E+04  0.13064332076902E+03 -0.99054615909915E+04 -0.51695130920910E+05 -0.17021100527063E+03 -0.28855617386968E+03 -0.13276645866673E+02 -0.10700715830505E+04 -0.49560656624738E+04 -0.36610658983394E+03 -0.15380463048690E+03 -0.12701224375479E+04 -0.30733079194294E+04 -0.11293072337886E+04 -0.33653021036522E+04
   0.90873112682672E+06 -0.12191971317801E+06  0.31651874789211E+05  0.35057316194185E+06 -0.32730931394392E+05  0.10332455865070E+06  0.57495394826702E+05  0.49857497159358E+07 -0.23131643985629E+07 -0.85528700368544E+05  0.25908179346560E+05  0.27752971787192E+05  0.18416118520468E+04  0.10230736983173E+03  0.82514682124409E+05 -0.10483031292411E+05  0.82359138217134E+05  0.44471911429308E+05 -0.54296090944270E+06  0.38208150281080E+03 -0.30154872869420E+05  0.29448833831494E+05  0.91321240506674E+05  0.26041492590365E+06 -0.60782654440321E+05 -0.48891789043815E+05 -0.66942231135623E+05 -0.28217539058633E+06 -0.56049096814528E+06 -0.72695473865944E+05 -0.16235451729385E+06 -0.13235707862714E+04 -0.57529688012822E+04 -0.11289288793824E+05  0.94541769071131E+02  0.18204436147705E+03 -0.26283180502216E+06 -0.86191414555795E+04 -0.13716606531779E+06 -0.17083180217484E+06
  -0.17433804973542E+06  0.26449713366431E+05 -0.59186225121208E+04 -0.26185790123776E+05  0.40303787187972E+03 -0.93797929925046E+04 -0.30277140270911E+04 -0.23131643985629E+07  0.19263556092216E+07  0.19024410785895E+05 -0.65184158519591E+04 -0.59638882364438E+04 -0.32520553659732E+03 -0.14059325594326E+02  0.50156023822413E+05 -0.23721817451269E+04  0.16843767247013E+05  0.81638004249310E+04 -0.24325820162113E+05 -0.92846140229780E+02  0.78427311008836E+03 -0.59191006890444E+04 -0.19464743600084E+05 -0.49639119168173E+05  0.11470882008035E+05  0.10870834808885E+05  0.24153919288569E+05  0.65694100304320E+05  0.12635408429943E+06  0.23159500471370E+05  0.51841693258574E+05  0.17632758274615E+03  0.61995914008637E+03  0.12521119003389E+04 -0.12091139988572E+04 -0.67603034338302E+03  0.11180768415160E+06  0.15843120712079E+04  0.44244459814786E+05  0.54561667826541E+05
  -0.48628589187851E+05  0.75124818989246E+04 -0.19994048995763E+04 -0.18481807813868E+05  0.24183562112125E+04 -0.45075847887076E+04 -0.32323165452249E+04 -0.85528700368544E+05  0.19024410785895E+05  0.26533601471396E+04 -0.64110018427629E+03 -0.71166785866869E+03 -0.62090242807637E+02 -0.19413076461548E+01 -0.39832867263362E+04  0.48271398822591E+03 -0.34887147640490E+04 -0.19672337146199E+04  0.53917645597472E+05 -0.93717842097840E+01  0.26660648413295E+04 -0.13573997616242E+04 -0.39239872946706E+04 -0.12962291006637E+05  0.27473111696672E+04  0.19029186609952E+04  0.72672029698847E+03  0.10987822975832E+05  0.22997263998312E+05  0.15327643336730E+04  0.33491116540707E+04  0.43007103117913E+02  0.58150249448666E+03  0.11025165877542E+04  0.13477884645166E+03  0.60077135835770E+02  0.30956023908004E+04  0.44101240218990E+03  0.27904994954767E+04  0.35595360709405E+04
   0.73862343210248E+04 -0.93660744501705E+03  0.26126038187525E+03  0.33898183236665E+04 -0.34429409386582E+03  0.98122287043569E+03  0.57578209604225E+03  0.25908179346560E+05 -0.65184158519591E+04 -0.64110018427629E+03  0.18063892650467E+03  0.21094413092302E+03  0.15175511114540E+02  0.74453905726461E+00  0.12637076713571E+04 -0.13926466910626E+03  0.10606686744665E+04  0.57619095197696E+03 -0.61205699140335E+04  0.28225928909030E+01 -0.30693424051907E+03  0.22988420586995E+03  0.69819551881408E+03  0.20647754019245E+04 -0.48703088402816E+03 -0.36776893214531E+03 -0.34088533777967E+03 -0.20818172174550E+04 -0.41872595278155E+04 -0.44356308519119E+03 -0.99063540700275E+03 -0.11105481546271E+02 -0.49891317812923E+02 -0.97707323655652E+02 -0.15185609416091E+02 -0.71477327078841E+01 -0.11601714263998E+04 -0.69064662816848E+02 -0.83458688420944E+03 -0.10476138836544E+04
   0.15780624178435E+05 -0.12714790864300E+04  0.48985550003651E+03 -0.13859206052927E+04 -0.44900294225056E+02 -0.70345826773565E+03 -0.21235053127980E+03  0.27752971787192E+05 -0.59638882364438E+04 -0.71166785866869E+03  0.21094413092302E+03  0.18967312925497E+04  0.12242235454438E+03 -0.98574560095310E+00  0.15366263200365E+04 -0.21044871962358E+03  0.16288045269209E+04  0.93023032234263E+03 -0.65501411404423E+04 -0.51635247180548E+01 -0.13732959089024E+03 -0.11384634314975E+02  0.13802746813687E+03 -0.94911115506866E+03 -0.11837561390419E+04  0.27078223450794E-10 -0.79281793394978E+03 -0.52917083517565E+04 -0.14205419201520E-09 -0.25818218658255E+04 -0.74739205008924E+02 -0.84750251228396E+02 -0.21713013240076E+00 -0.44418998127323E-10 -0.18584675989706E+01 -0.80052272619383E+00  0.30396320997491E+03  0.32316975263974E+03 -0.29251462457878E+04  0.25019422194119E-10
   0.17810847892708E+04 -0.14828904188383E+03  0.64221857963384E+02 -0.15975563580670E+03  0.46323513172260E+01 -0.69133013987563E+02 -0.27363510550232E+02  0.18416118520468E+04 -0.32520553659732E+03 -0.62090242807637E+02  0.15175511114540E+02  0.12242235454438E+03  0.10884895014685E+02 -0.18416449143977E+00  0.82397480640614E+02 -0.13684009632765E+02  0.95823389726478E+02  0.59432642948556E+02 -0.30651014273303E+03 -0.44230052295148E+00  0.67802920495676E+01  0.66837822083214E+00  0.17985541973889E+02 -0.97660388924341E+02 -0.17460988358237E+03 -0.17223848498690E-11 -0.30223534106801E+02 -0.61990537630384E+03 -0.36710433510153E-10 -0.15951145093990E+03 -0.19691065776637E+02 -0.67551945633320E+01 -0.15641622860179E+00 -0.52118344736486E-11 -0.19433568320881E+00 -0.75676658188724E-01  0.30223882613017E+02  0.72455869775228E+02 -0.20794933514949E+03  0.50142200053784E-11
  -0.11078365682729E+03  0.13358996026105E+02 -0.49888023674614E+01  0.58159565909658E+02 -0.52085032051309E+01  0.19167159412155E+02  0.10100357745946E+02  0.10230736983173E+03 -0.14059325594326E+02 -0.19413076461548E+01  0.74453905726461E+00 -0.98574560095310E+00 -0.18416449143977E+00  0.55469185836985E-01  0.15173020026634E+02 -0.11742888234758E+01  0.95710370306456E+01  0.45318877409052E+01 -0.78863144919629E+02  0.27232323031186E-01 -0.49112437832528E+01  0.60638918690737E+00  0.15379871557993E+01  0.80208006822401E+01  0.71932861467321E-01  0.18621823452816E-12 -0.64514459765265E+01 -0.88958412449816E+00  0.70241101480080E-12 -0.36828510432584E+01 -0.23719349651236E-04 -0.14988288035677E+00  0.34265828974178E-12  0.81605483901396E-13 -0.18254027348986E-02 -0.10021939234178E-02 -0.16274365341456E+01  0.73207080793410E-04 -0.34590981621508E+01  0.11508987989035E-11
   0.75085390433286E+04  0.69045740283293E+03 -0.39537548945034E+03  0.30817599891350E+05 -0.26181447299612E+04  0.91409198256353E+04  0.47269871503885E+04  0.82514682124409E+05  0.50156023822413E+05 -0.39832867263362E+04  0.12637076713571E+04  0.15366263200365E+04  0.82397480640614E+02  0.15173020026634E+02  0.48927864184525E+05 -0.44973939922466E+04  0.34696030998054E+05  0.18064204015052E+05 -0.51581231663374E+05  0.20642330647764E+01  0.81319583368050E+03 -0.21505017439299E+03 -0.61827045786135E+03 -0.15698612155009E+04 -0.26182066438052E+04 -0.17197275900581E+04 -0.24575755008590E+04  0.19797423950755E+04  0.42266780094907E+04 -0.15271209655199E+04 -0.29585581537074E+04 -0.71722251014784E+03  0.23711539216657E+03  0.42420834323280E+03 -0.28257427179329E+04 -0.15046463152043E+04 -0.24677981516981E+04  0.18199257568833E+03 -0.84697708023056E+03 -0.95345824331342E+03
  -0.19082195078321E+04 -0.56364954367636E+02  0.74148378702866E+00 -0.37285280664101E+04  0.32181223777610E+03 -0.11345744756118E+04 -0.59512751196290E+03 -0.10483031292411E+05 -0.23721817451269E+04  0.48271398822591E+03 -0.13926466910626E+03 -0.21044871962358E+03 -0.13684009632765E+02 -0.11742888234758E+01 -0.44973939922466E+04  0.48214497359988E+03 -0.36533992991858E+04 -0.19783398148500E+04  0.60309619445113E+04 -0.85196454286313E+00 -0.11975752106315E+03  0.22153313403350E+02  0.55419354751123E+02  0.17017690742205E+03  0.48263891756082E+03  0.30248824603840E+03  0.28197448151172E+03 -0.16091382386087E+03 -0.47767968599103E+03  0.15732397413415E+03  0.30385886338651E+03  0.78706885222330E+02 -0.63666813895586E+02 -0.11238609079377E+03  0.42870366642074E+03  0.21227954379149E+03 -0.28912969487670E+03 -0.32680472733024E+02  0.24156798737407E+03  0.27053661116063E+03
   0.10217028316815E+05  0.19802065588428E+03 -0.18790855800427E+03  0.26749967212937E+05 -0.22199351592022E+04  0.80700780507997E+04  0.40680530013425E+04  0.82359138217134E+05  0.16843767247013E+05 -0.34887147640490E+04  0.10606686744665E+04  0.16288045269209E+04  0.95823389726478E+02  0.95710370306456E+01  0.34696030998054E+05 -0.36533992991858E+04  0.28128247066769E+05  0.15082894781732E+05 -0.44905856077187E+05  0.90336518352675E+00  0.85205597962997E+03 -0.25266455996277E+03 -0.68549502253791E+03 -0.16876148160823E+04 -0.26162916288746E+04 -0.16838317039851E+04 -0.24309681688023E+04  0.20570879366034E+04  0.44058938993533E+04 -0.12614665138582E+04 -0.24539692457504E+04 -0.59962975044014E+03  0.82564272602682E+02  0.16057021335119E+03 -0.25989982002185E+04 -0.13961981519000E+04  0.12788684797662E+04  0.21996893391563E+03 -0.16221720586351E+04 -0.18013918645361E+04
   0.73740838031037E+04  0.11033253709425E+03 -0.29147102930917E+02  0.14977319649323E+05 -0.12596954061527E+04  0.45790007844652E+04  0.23377309225687E+04  0.44471911429308E+05  0.81638004249310E+04 -0.19672337146199E+04  0.57619095197696E+03  0.93023032234263E+03  0.59432642948556E+02  0.45318877409052E+01  0.18064204015052E+05 -0.19783398148500E+04  0.15082894781732E+05  0.81953936417456E+04 -0.24964671500213E+05  0.18345490002632E+01  0.51596673424724E+03 -0.13394877895568E+03 -0.34080538204587E+03 -0.89693288833774E+03 -0.18237710922281E+04 -0.11423743113997E+04 -0.12218995350045E+04  0.95899532440683E+03  0.24036763239074E+04 -0.63939015197012E+03 -0.12449573660726E+04 -0.32972695368842E+03  0.10901726706377E+03  0.20173523186474E+03 -0.16674060647592E+04 -0.86067110352136E+03  0.13960830538610E+04  0.15303482055318E+03 -0.11199558307317E+04 -0.12445413101965E+04
  -0.70001476323375E+07  0.23975818765437E+07 -0.34737628346271E+06 -0.20900823096479E+07  0.46531558192950E+06 -0.63752988254624E+05 -0.23330979997217E+06 -0.54296090944270E+06 -0.24325820162113E+05  0.53917645597472E+05 -0.61205699140335E+04 -0.65501411404423E+04 -0.30651014273303E+03 -0.78863144919629E+02 -0.51581231663374E+05  0.60309619445113E+04 -0.44905856077187E+05 -0.24964671500213E+05  0.28912269587908E+08  0.59966323143762E+04  0.67577811272707E+06 -0.16629753473537E+06 -0.49050240028933E+06 -0.24869554789450E+07  0.31726193737549E+05  0.70558807560558E+05 -0.10965964124603E+04  0.52870498798560E+06  0.25775512116717E+07  0.16647250383271E+05  0.29452612922053E+05  0.20969561885521E+03  0.17179151623654E+06  0.74996733196747E+06  0.23055444473422E+05  0.72705179510055E+04 -0.17302776050763E+05  0.41251234837107E+05  0.19291847902109E+05  0.59388651850765E+05
  -0.13613262811956E+04  0.55363476022134E+03 -0.69670889135199E+02 -0.19921984903798E+03  0.66122650682732E+02  0.51778898466037E+02 -0.58333460973346E+00  0.38208150281080E+03 -0.92846140229780E+02 -0.93717842097840E+01  0.28225928909030E+01 -0.51635247180548E+01 -0.44230052295148E+00  0.27232323031186E-01  0.20642330647764E+01 -0.85196454286313E+00  0.90336518352675E+00  0.18345490002632E+01  0.59966323143762E+04  0.23333672917586E+01  0.14614328933459E+03 -0.28766688408584E+02 -0.86684300727124E+02 -0.51990880041244E+03  0.00000000000000E+00 -0.26769808378183E+02  0.00000000000000E+00  0.00000000000000E+00  0.39305281606119E+03  0.00000000000000E+00 -0.71020480673022E+01  0.00000000000000E+00  0.00000000000000E+00  0.21394262998149E+03  0.00000000000000E+00  0.00000000000000E+00  0.00000000000000E+00  0.12590583919316E+02  0.00000000000000E+00 -0.27916145104665E+02
  -0.22611977982391E+06  0.64484303552565E+05 -0.10916257678636E+05 -0.66268010775940E+05  0.13874007395285E+05 -0.47768512650383E+04 -0.89011801123418E+04 -0.30154872869420E+05  0.78427311008836E+03  0.26660648413295E+04 -0.30693424051907E+03 -0.13732959089024E+03  0.67802920495676E+01 -0.49112437832528E+01  0.81319583368050E+03 -0.11975752106315E+03  0.85205597962997E+03  0.51596673424724E+03  0.67577811272707E+06  0.14614328933459E+03  0.30089810396605E+05 -0.87541072160565E+04 -0.23872212452180E+05 -0.11377577889332E+06  0.00000000000000E+00  0.54049036732838E+04  0.00000000000000E+00  0.00000000000000E+00  0.12352407891789E+06  0.00000000000000E+00 -0.12234723820321E+04  0.00000000000000E+00  0.00000000000000E+00  0.24637866338527E+05  0.00000000000000E+00  0.00000000000000E+00  0.00000000000000E+00 -0.44969413095891E+04  0.00000000000000E+00  0.44516387722122E+04
   0.60660183777592E+05 -0.13599017593796E+05  0.28109230361498E+04  0.21525238354281E+05 -0.40762884189711E+04  0.25344668298546E+04  0.32279110411998E+04  0.29448833831494E+05 -0.59191006890444E+04 -0.13573997616242E+04  0.22988420586995E+03 -0.11384634314975E+02  0.66837822083214E+00  0.60638918690737E+00 -0.21505017439299E+03  0.22153313403350E+02 -0.25266455996277E+03 -0.13394877895568E+03 -0.16629753473537E+06 -0.28766688408584E+02 -0.87541072160565E+04  0.31026494599375E+04  0.82348910090873E+04  0.36370025966984E+05 -0.51651824590500E+02 -0.22129118249091E+04  0.25001327609279E+01  0.53687514942246E+03 -0.44113196777254E+05  0.00000000000000E+00 -0.16429245515091E+03  0.00000000000000E+00  0.22838664777192E+04 -0.52772318904227E+04  0.00000000000000E+00  0.00000000000000E+00  0.00000000000000E+00  0.15827262987476E+04 -0.38796626193249E+03 -0.29189844899177E+04
   0.18789987069757E+06 -0.45546273541442E+05  0.87212708660167E+04  0.59320217995241E+05 -0.11224553185481E+05  0.69233872502067E+04  0.87464030545597E+04  0.91321240506674E+05 -0.19464743600084E+05 -0.39239872946706E+04  0.69819551881408E+03  0.13802746813687E+03  0.17985541973889E+02  0.15379871557993E+01 -0.61827045786135E+03  0.55419354751123E+02 -0.68549502253791E+03 -0.34080538204587E+03 -0.49050240028933E+06 -0.86684300727124E+02 -0.23872212452180E+05  0.82348910090873E+04  0.22488328581177E+05  0.98125624697876E+05 -0.16144541496754E+03 -0.55157055373477E+04 -0.47085303143612E+02 -0.65999916170626E+04 -0.12068622402797E+06  0.00000000000000E+00 -0.40684394466817E+03  0.00000000000000E+00  0.31726892999451E+04 -0.16293115235742E+05  0.00000000000000E+00  0.00000000000000E+00  0.00000000000000E+00  0.39454292526784E+04 -0.21253446592450E+04 -0.84335369442963E+04
   0.79838636300986E+06 -0.22004191856057E+06  0.38143536618858E+05  0.25654168752188E+06 -0.51599705445169E+05  0.22436486876789E+05  0.35122888226261E+05  0.26041492590365E+06 -0.49639119168173E+05 -0.12962291006637E+05  0.20647754019245E+04 -0.94911115506866E+03 -0.97660388924341E+02  0.80208006822401E+01 -0.15698612155009E+04  0.17017690742205E+03 -0.16876148160823E+04 -0.89693288833774E+03 -0.24869554789450E+07 -0.51990880041244E+03 -0.11377577889332E+06  0.36370025966984E+05  0.98125624697876E+05  0.46361085642801E+06  0.25175411616010E+03 -0.28472376447474E+05 -0.64767054769955E+01  0.37762826193132E+05 -0.51481319985918E+06  0.00000000000000E+00 -0.21528689026990E+04  0.00000000000000E+00  0.16038825801466E+05 -0.86159935309188E+05  0.00000000000000E+00  0.00000000000000E+00  0.00000000000000E+00  0.21011657492611E+05  0.15601374360411E+04 -0.31316222193533E+05
  -0.12732939592854E+06  0.16591090656265E+05 -0.55351027803360E+04 -0.12853345240371E+05  0.20060851995548E+04 -0.27298131780009E+04 -0.24382284423217E+04 -0.60782654440321E+05  0.11470882008035E+05  0.27473111696672E+04 -0.48703088402816E+03 -0.11837561390419E+04 -0.17460988358237E+03  0.71932861467321E-01 -0.26182066438052E+04  0.48263891756082E+03 -0.26162916288746E+04 -0.18237710922281E+04  0.31726193737549E+05  0.00000000000000E+00  0.00000000000000E+00 -0.51651824590500E+02 -0.16144541496754E+03  0.25175411616010E+03  0.11649477352744E+06  0.00000000000000E+00  0.00000000000000E+00  0.00000000000000E+00  0.00000000000000E+00  0.00000000000000E+00  0.00000000000000E+00  0.00000000000000E+00  0.00000000000000E+00  0.00000000000000E+00  0.00000000000000E+00  0.00000000000000E+00  0.00000000000000E+00  0.00000000000000E+00  0.00000000000000E+00  0.00000000000000E+00
  -0.53983180827404E+05  0.81963465360439E+04 -0.23604077632150E+04 -0.21281637589569E+05  0.33838711944630E+04 -0.41964757636556E+04 -0.38278606568717E+04 -0.48891789043815E+05  0.10870834808885E+05  0.19029186609952E+04 -0.36776893214531E+03  0.27078223450794E-10 -0.17223848498690E-11  0.18621823452816E-12 -0.17197275900581E+04  0.30248824603840E+03 -0.16838317039851E+04 -0.11423743113997E+04  0.70558807560558E+05 -0.26769808378183E+02  0.54049036732838E+04 -0.22129118249091E+04 -0.55157055373477E+04 -0.28472376447474E+05  0.00000000000000E+00  0.64669829218430E+05  0.00000000000000E+00  0.00000000000000E+00  0.00000000000000E+00  0.00000000000000E+00  0.00000000000000E+00  0.00000000000000E+00  0.00000000000000E+00  0.00000000000000E+00  0.00000000000000E+00  0.00000000000000E+00  0.00000000000000E+00  0.00000000000000E+00  0.00000000000000E+00  0.00000000000000E+00
  -0.44033460704218E+04 -0.24143617915664E+03  0.51044209305825E+02 -0.80160167969101E+02 -0.55880743293267E+02  0.14235367880140E+03  0.13064332076902E+03 -0.66942231135623E+05  0.24153919288569E+05  0.72672029698847E+03 -0.34088533777967E+03 -0.79281793394978E+03 -0.30223534106801E+02 -0.64514459765265E+01 -0.24575755008590E+04  0.28197448151172E+03 -0.24309681688023E+04 -0.12218995350045E+04 -0.10965964124603E+04  0.00000000000000E+00  0.00000000000000E+00  0.25001327609279E+01 -0.47085303143612E+02 -0.64767054769955E+01  0.00000000000000E+00  0.00000000000000E+00  0.30677713413912E+05  0.00000000000000E+00  0.00000000000000E+00  0.00000000000000E+00  0.00000000000000E+00  0.00000000000000E+00  0.00000000000000E+00  0.00000000000000E+00  0.00000000000000E+00  0.00000000000000E+00  0.00000000000000E+00  0.00000000000000E+00  0.00000000000000E+00  0.00000000000000E+00
  -0.84022346404112E+06  0.20942909469072E+06 -0.38923028656877E+05 -0.66062551141596E+05  0.12067283935450E+05 -0.86330680217345E+04 -0.99054615909915E+04 -0.28217539058633E+06  0.65694100304320E+05  0.10987822975832E+05 -0.20818172174550E+04 -0.52917083517565E+04 -0.61990537630384E+03 -0.88958412449816E+00  0.19797423950755E+04 -0.16091382386087E+03  0.20570879366034E+04  0.95899532440683E+03  0.52870498798560E+06  0.00000000000000E+00  0.00000000000000E+00  0.53687514942246E+03 -0.65999916170626E+04  0.37762826193132E+05  0.00000000000000E+00  0.00000000000000E+00  0.00000000000000E+00  0.57851945475368E+06  0.00000000000000E+00  0.00000000000000E+00  0.00000000000000E+00  0.00000000000000E+00  0.00000000000000E+00  0.00000000000000E+00  0.00000000000000E+00  0.00000000000000E+00  0.00000000000000E+00  0.00000000000000E+00  0.00000000000000E+00  0.00000000000000E+00
  -0.10870680886685E+07  0.26333244188149E+06 -0.50524725279391E+05 -0.34257402300464E+06  0.63608417552318E+05 -0.42722501243038E+05 -0.51695130920910E+05 -0.56049096814528E+06  0.12635408429943E+06  0.22997263998312E+05 -0.41872595278155E+04 -0.14205419201520E-09 -0.36710433510153E-10  0.70241101480080E-12  0.42266780094907E+04 -0.47767968599103E+03  0.44058938993533E+04  0.24036763239074E+04  0.25775512116717E+07  0.39305281606119E+03  0.12352407891789E+06 -0.44113196777254E+05 -0.12068622402797E+06 -0.51481319985918E+06  0.00000000000000E+00  0.00000000000000E+00  0.00000000000000E+00  0.00000000000000E+00  0.91890697232326E+06  0.00000000000000E+00  0.00000000000000E+00  0.00000000000000E+00  0.00000000000000E+00  0.00000000000000E+00  0.00000000000000E+00  0.00000000000000E+00  0.00000000000000E+00  0.00000000000000E+00  0.00000000000000E+00  0.00000000000000E+00
  -0.20618316055596E+05  0.58073854171339E+04 -0.10012084806492E+04 -0.14268746219183E+04  0.34451376120007E+03 -0.33749149371345E+01 -0.17021100527063E+03 -0.72695473865944E+05  0.23159500471370E+05  0.15327643336730E+04 -0.44356308519119E+03 -0.25818218658255E+04 -0.15951145093990E+03 -0.36828510432584E+01 -0.15271209655199E+04  0.15732397413415E+03 -0.12614665138582E+04 -0.63939015197012E+03  0.16647250383271E+05  0.00000000000000E+00  0.00000000000000E+00  0.00000000000000E+00  0.00000000000000E+00  0.00000000000000E+00  0.00000000000000E+00  0.00000000000000E+00  0.00000000000000E+00  0.00000000000000E+00  0.00000000000000E+00  0.14806726519494E+05  0.00000000000000E+00  0.00000000000000E+00  0.00000000000000E+00  0.00000000000000E+00  0.00000000000000E+00  0.00000000000000E+00  0.00000000000000E+00  0.00000000000000E+00  0.00000000000000E+00  0.00000000000000E+00
  -0.46408768943834E+05  0.13216259470017E+05 -0.22634862420599E+04 -0.24957932469305E+04  0.58310974919767E+03 -0.35452331234632E+02 -0.28855617386968E+03 -0.16235451729385E+06  0.51841693258574E+05  0.33491116540707E+04 -0.99063540700275E+03 -0.74739205008924E+02 -0.19691065776637E+02 -0.23719349651236E-04 -0.29585581537074E+04  0.30385886338651E+03 -0.24539692457504E+04 -0.12449573660726E+04  0.29452612922053E+05 -0.71020480673022E+01 -0.12234723820321E+04 -0.16429245515091E+03 -0.40684394466817E+03 -0.21528689026990E+04  0.00000000000000E+00  0.00000000000000E+00  0.00000000000000E+00  0.00000000000000E+00  0.00000000000000E+00  0.00000000000000E+00  0.31761143064560E+05  0.00000000000000E+00  0.00000000000000E+00  0.00000000000000E+00  0.00000000000000E+00  0.00000000000000E+00  0.00000000000000E+00  0.00000000000000E+00  0.00000000000000E+00  0.00000000000000E+00
  -0.30826308712439E+04  0.42025247822940E+03 -0.11835793904714E+03 -0.73199865498306E+02  0.94241825554786E+01 -0.18845877014604E+02 -0.13276645866673E+02 -0.13235707862714E+04  0.17632758274615E+03  0.43007103117913E+02 -0.11105481546271E+02 -0.84750251228396E+02 -0.67551945633320E+01 -0.14988288035677E+00 -0.71722251014784E+03  0.78706885222330E+02 -0.59962975044014E+03 -0.32972695368842E+03  0.20969561885521E+03  0.00000000000000E+00  0.00000000000000E+00  0.00000000000000E+00  0.00000000000000E+00  0.00000000000000E+00  0.00000000000000E+00  0.00000000000000E+00  0.00000000000000E+00  0.00000000000000E+00  0.00000000000000E+00  0.00000000000000E+00  0.00000000000000E+00  0.37884490431049E+04  0.00000000000000E+00  0.00000000000000E+00  0.00000000000000E+00  0.00000000000000E+00  0.00000000000000E+00  0.00000000000000E+00  0.00000000000000E+00  0.00000000000000E+00
  -0.19886630463834E+06  0.63492665190035E+05 -0.98900437472880E+04 -0.11777045429300E+05  0.30158988892676E+04  0.31788293656803E+03 -0.10700715830505E+04 -0.57529688012822E+04  0.61995914008637E+03  0.58150249448666E+03 -0.49891317812923E+02 -0.21713013240076E+00 -0.15641622860179E+00  0.34265828974178E-12  0.23711539216657E+03 -0.63666813895586E+02  0.82564272602682E+02  0.10901726706377E+03  0.17179151623654E+06  0.00000000000000E+00  0.00000000000000E+00  0.22838664777192E+04  0.31726892999451E+04  0.16038825801466E+05  0.00000000000000E+00  0.00000000000000E+00  0.00000000000000E+00  0.00000000000000E+00  0.00000000000000E+00  0.00000000000000E+00  0.00000000000000E+00  0.00000000000000E+00  0.10571857537318E+06  0.00000000000000E+00  0.00000000000000E+00  0.00000000000000E+00  0.00000000000000E+00  0.00000000000000E+00  0.00000000000000E+00  0.00000000000000E+00
  -0.22423905047925E+06  0.70987743863551E+05 -0.11117206266846E+05 -0.52839896225330E+05  0.13307800506257E+05  0.10548653547361E+04 -0.49560656624738E+04 -0.11289288793824E+05  0.12521119003389E+04  0.11025165877542E+04 -0.97707323655652E+02 -0.44418998127323E-10 -0.52118344736486E-11  0.81605483901396E-13  0.42420834323280E+03 -0.11238609079377E+03  0.16057021335119E+03  0.20173523186474E+03  0.74996733196747E+06  0.21394262998149E+03  0.24637866338527E+05 -0.52772318904227E+04 -0.16293115235742E+05 -0.86159935309188E+05  0.00000000000000E+00  0.00000000000000E+00  0.00000000000000E+00  0.00000000000000E+00  0.00000000000000E+00  0.00000000000000E+00  0.00000000000000E+00  0.00000000000000E+00  0.00000000000000E+00  0.13884062258482E+06  0.00000000000000E+00  0.00000000000000E+00  0.00000000000000E+00  0.00000000000000E+00  0.00000000000000E+00  0.00000000000000E+00
  -0.90707498304642E+04  0.24539552513187E+04 -0.43189527021960E+03 -0.25088625893301E+04  0.48469894023983E+03 -0.26432152122862E+03 -0.36610658983394E+03  0.94541769071131E+02 -0.12091139988572E+04  0.13477884645166E+03 -0.15185609416091E+02 -0.18584675989706E+01 -0.19433568320881E+00 -0.18254027348986E-02 -0.28257427179329E+04  0.42870366642074E+03 -0.25989982002185E+04 -0.16674060647592E+04  0.23055444473422E+05  0.00000000000000E+00  0.00000000000000E+00  0.00000000000000E+00  0.00000000000000E+00  0.00000000000000E+00  0.00000000000000E+00  0.00000000000000E+00  0.00000000000000E+00  0.00000000000000E+00  0.00000000000000E+00  0.00000000000000E+00  0.00000000000000E+00  0.00000000000000E+00  0.00000000000000E+00  0.00000000000000E+00  0.83002550083219E+04  0.00000000000000E+00  0.00000000000000E+00  0.00000000000000E+00  0.00000000000000E+00  0.00000000000000E+00
  -0.32104592791513E+04  0.77882161038907E+03 -0.15028021580559E+03 -0.97874245208185E+03  0.17940128768268E+03 -0.13289466180087E+03 -0.15380463048690E+03  0.18204436147705E+03 -0.67603034338302E+03  0.60077135835770E+02 -0.71477327078841E+01 -0.80052272619383E+00 -0.75676658188724E-01 -0.10021939234178E-02 -0.15046463152043E+04  0.21227954379149E+03 -0.13961981519000E+04 -0.86067110352136E+03  0.72705179510055E+04  0.00000000000000E+00  0.00000000000000E+00  0.00000000000000E+00  0.00000000000000E+00  0.00000000000000E+00  0.00000000000000E+00  0.00000000000000E+00  0.00000000000000E+00  0.00000000000000E+00  0.00000000000000E+00  0.00000000000000E+00  0.00000000000000E+00  0.00000000000000E+00  0.00000000000000E+00  0.00000000000000E+00  0.00000000000000E+00  0.42542697676240E+04  0.00000000000000E+00  0.00000000000000E+00  0.00000000000000E+00  0.00000000000000E+00
  -0.15187193016327E+05 -0.23508121950622E+04  0.46460943413135E+02 -0.97218223770931E+04  0.34457666808756E+03 -0.30145276015806E+04 -0.12701224375479E+04 -0.26283180502216E+06  0.11180768415160E+06  0.30956023908004E+04 -0.11601714263998E+04  0.30396320997491E+03  0.30223882613017E+02 -0.16274365341456E+01 -0.24677981516981E+04 -0.28912969487670E+03  0.12788684797662E+04  0.13960830538610E+04 -0.17302776050763E+05  0.00000000000000E+00  0.00000000000000E+00  0.00000000000000E+00  0.00000000000000E+00  0.00000000000000E+00  0.00000000000000E+00  0.00000000000000E+00  0.00000000000000E+00  0.00000000000000E+00  0.00000000000000E+00  0.00000000000000E+00  0.00000000000000E+00  0.00000000000000E+00  0.00000000000000E+00  0.00000000000000E+00  0.00000000000000E+00  0.00000000000000E+00  0.12411160786526E+06  0.00000000000000E+00  0.00000000000000E+00  0.00000000000000E+00
   0.16638161558193E+05 -0.22393272908008E+04  0.72441741335136E+03 -0.15733465291679E+05  0.24973908696458E+04 -0.32532166385250E+04 -0.30733079194294E+04 -0.86191414555795E+04  0.15843120712079E+04  0.44101240218990E+03 -0.69064662816848E+02  0.32316975263974E+03  0.72455869775228E+02  0.73207080793410E-04  0.18199257568833E+03 -0.32680472733024E+02  0.21996893391563E+03  0.15303482055318E+03  0.41251234837107E+05  0.12590583919316E+02 -0.44969413095891E+04  0.15827262987476E+04  0.39454292526784E+04  0.21011657492611E+05  0.00000000000000E+00  0.00000000000000E+00  0.00000000000000E+00  0.00000000000000E+00  0.00000000000000E+00  0.00000000000000E+00  0.00000000000000E+00  0.00000000000000E+00  0.00000000000000E+00  0.00000000000000E+00  0.00000000000000E+00  0.00000000000000E+00  0.00000000000000E+00  0.39210146266128E+05  0.00000000000000E+00  0.00000000000000E+00
  -0.70867969885212E+05  0.85537056014506E+04 -0.25627685919502E+04 -0.72555266048190E+04  0.82503145566482E+03 -0.18150965638070E+04 -0.11293072337886E+04 -0.13716606531779E+06  0.44244459814786E+05  0.27904994954767E+04 -0.83458688420944E+03 -0.29251462457878E+04 -0.20794933514949E+03 -0.34590981621508E+01 -0.84697708023056E+03  0.24156798737407E+03 -0.16221720586351E+04 -0.11199558307317E+04  0.19291847902109E+05  0.00000000000000E+00  0.00000000000000E+00 -0.38796626193249E+03 -0.21253446592450E+04  0.15601374360411E+04  0.00000000000000E+00  0.00000000000000E+00  0.00000000000000E+00  0.00000000000000E+00  0.00000000000000E+00  0.00000000000000E+00  0.00000000000000E+00  0.00000000000000E+00  0.00000000000000E+00  0.00000000000000E+00  0.00000000000000E+00  0.00000000000000E+00  0.00000000000000E+00  0.00000000000000E+00  0.95095401265862E+05  0.00000000000000E+00
  -0.55914071315361E+05  0.71708735778076E+04 -0.20776356262544E+04 -0.21482148924967E+05  0.25352441035014E+04 -0.52337825698452E+04 -0.33653021036522E+04 -0.17083180217484E+06  0.54561667826541E+05  0.35595360709405E+04 -0.10476138836544E+04  0.25019422194119E-10  0.50142200053784E-11  0.11508987989035E-11 -0.95345824331342E+03  0.27053661116063E+03 -0.18013918645361E+04 -0.12445413101965E+04  0.59388651850765E+05 -0.27916145104665E+02  0.44516387722122E+04 -0.29189844899177E+04 -0.84335369442963E+04 -0.31316222193533E+05  0.00000000000000E+00  0.00000000000000E+00  0.00000000000000E+00  0.00000000000000E+00  0.00000000000000E+00  0.00000000000000E+00  0.00000000000000E+00  0.00000000000000E+00  0.00000000000000E+00  0.00000000000000E+00  0.00000000000000E+00  0.00000000000000E+00  0.00000000000000E+00  0.00000000000000E+00  0.00000000000000E+00  0.99739234785490E+05

 # Covariance matrix (Bevington epsilon)
