# fitpack15: fit parameters                                                                         
# CJ15 AV18 final data choices                                                                      
# Created on 01/23/2020 at 22:11:57                                                                 

 # QCD setup
  INS                           0
  NVL                          11
  IORD                          1
  Q02                   1.6899999999999999     
  IPARAMC                       7
  FLAVOR                4.0000000000000000     
  xmc                   1.3000000000000000     
  xmb                   4.5000000000000000     
  ncb                          12
  ihq                           1
  ias                           0

 # Theory corrections
  inuke                     10814
  itmc                          1
  iht                           1

 # fit parameters
 LAMBDA       0.22680        0.0000    
 a0uv          2.3934        0.0000    
 a1uv         0.61409       0.19949E-01
 a2uv          3.5436       0.12385E-01
 a3uv          0.0000        0.0000    
 a4uv          3.4877       0.43313    
 a5uv          0.0000        0.0000    
 a0dv          24.665        0.0000    
 a1dv          1.1592       0.33435E-01
 a2dv          6.5463       0.15881    
 a3dv         -3.5028       0.85920E-01
 a4dv          4.6757       0.14255    
 a5dv          0.0000        0.0000    
 a0ud         0.14680       0.50385E-02
 a1ud        -0.20760       0.37526E-02
 a2ud          8.3118       0.19200    
 a3ud          0.0000        0.0000    
 a4ud          14.525        1.2218    
 a5ud          0.0000        0.0000    
 a0du          35712.        0.0000    
 a1du          4.0279       0.75662E-01
 a2du          20.108       0.87644    
 a3du          17.000        0.0000    
 a4du          51.203        10.626    
 a0g           45.732        0.0000    
 a1g          0.60407       0.31382E-01
 a2g           6.5596       0.97079    
 a3g          -3.3070       0.13619    
 a4g           3.1893       0.32809    
 a5g           0.0000        0.0000    
 kappa        0.40000        0.0000    
 a6dv        -0.35636E-02   0.66815E-03
 a7dv          2.0000        0.0000    
 off1         -3.7370        1.5196    
 off2         0.57053E-01   0.57465E-01
 ht1          -3.3191       0.26130    
 ht2           1.9404       0.10541    
 ht3          -2.0641       0.18300E-01
 ht4           0.0000        0.0000    
 dummy40       0.0000        0.0000    
 dummy41       0.0000        0.0000    
 dummy42       0.0000        0.0000    
 dummy43       0.0000        0.0000    
 dummy44       0.0000        0.0000    
 dummy45       0.0000        0.0000    
 dummy46       0.0000        0.0000    
 dummy47       0.0000        0.0000    
 dummy48       0.0000        0.0000    
 dummy49       0.0000        0.0000    
 bcdmsh2      0.97302       0.48230E-02
 bcdmsd2      0.99308       0.58305E-02
 ccfr          1.0000        0.0000    
 nutev         1.0000        0.0000    
 zeus         0.97998        0.0000    
 h1            1.0162        0.0000    
 e605          1.0319        0.0000    
 NmcH2         1.0093       0.71224E-02
 ntv_nu        1.0000        0.0000    
 ntv_nubar     1.0000        0.0000    
 cdf_jet      0.98910        0.0000    
 d0_jet       0.83504        0.0000    
 slac_p        1.0047       0.48110E-02
 slac_d        1.0039       0.52732E-02
 e866pp       0.96613       0.19273E-01
 e866pd       0.96388       0.15826E-01
 d0_gamjet     1.0389       0.16481E-01
 h1b          0.97608        0.0000    
 jlab_p       0.99402       0.57865E-02
 jlab_d       0.97523       0.59011E-02
 blank         1.0000        0.0000    
 d0run2       0.94054       0.14112E-01
 cdfrun2      0.92642       0.17216E-01
 HERA_el       1.0000        0.0000    
 HERA_ps       1.0000        0.0000    
 CDF_Z        0.96567       0.65200E-02
 NmcRat        1.0000        0.0000    
 BNS_F2nd     0.98337       0.69273E-02
 HERMES_F2p   0.99819       0.55656E-02
 HERMES_F2d   0.98025       0.58201E-02
 END 0. 0.

 # Hessian matrix (Bevington alpha)
   0.48874349971102E+07 -0.12870707049110E+07  0.23304659527308E+06  0.47957537133302E+06 -0.12636402132964E+06 -0.22362850729940E+05  0.55498098390447E+05  0.90206239494651E+06 -0.17368811322913E+06 -0.48421800061540E+05  0.73938160070273E+04  0.15566461938865E+05  0.17624779024818E+04 -0.11114237847134E+03  0.74519830498080E+04 -0.19004460432892E+04  0.10496362555669E+05  0.75347877166924E+04 -0.74120674958851E+07 -0.14168743840967E+04 -0.20846541233205E+06  0.57048412677126E+05  0.17859648742931E+06  0.74415288233920E+06 -0.12695989059807E+06 -0.53860028369453E+05 -0.43805594156966E+04 -0.83774183549599E+06 -0.10844730314217E+07 -0.20562540440362E+05 -0.46340913757245E+05 -0.30787075696873E+04 -0.19841678952335E+06 -0.22390697758951E+06 -0.91015902636294E+04 -0.32245406649384E+04 -0.14959979356626E+05  0.16578321990065E+05 -0.70572968146183E+05 -0.55706436807691E+05
  -0.12870707049110E+07  0.41290396387777E+06 -0.63449525211664E+05 -0.13495959647999E+06  0.35289249459752E+05  0.85722131167489E+04 -0.12367232578524E+05 -0.12140187104550E+06  0.26445209800165E+05  0.74972007266134E+04 -0.94028003418053E+03 -0.12566177818105E+04 -0.14712618805348E+03  0.13403213213024E+02  0.66791566913876E+03 -0.52683682024245E+02  0.17649850021359E+03  0.97837313109211E+02  0.25429869859347E+07  0.57024454568482E+03  0.59523335063543E+05 -0.12616271154625E+05 -0.42956401554670E+05 -0.20516113988206E+06  0.16573059983643E+05  0.81955974420566E+04 -0.24012892335826E+03  0.20917114525741E+06  0.26328475023097E+06  0.58005341250709E+04  0.13220075793199E+05  0.42084962090484E+03  0.63449336508445E+05  0.71020504575513E+05  0.24658422457326E+04  0.78335146529583E+03 -0.23663875524428E+04 -0.22365873954608E+04  0.85363813936665E+04  0.71629817784405E+04
   0.23304659527308E+06 -0.63449525211664E+05  0.11235789558272E+05  0.23112507727216E+05 -0.61828583340534E+04 -0.13038225630522E+04  0.25922946559987E+04  0.31530608223985E+05 -0.59199205094359E+04 -0.19977475796773E+04  0.26248573029615E+03  0.48602385366016E+03  0.63816027899488E+02 -0.50181864924475E+01 -0.39363011601895E+03  0.35748721179543E+00 -0.18447088902675E+03 -0.26301236246388E+02 -0.36925134601066E+06 -0.72631519055132E+02 -0.10102130931849E+05  0.26475836099892E+04  0.83034579813380E+04  0.35673240411538E+05 -0.55378576486233E+04 -0.23636032302727E+04  0.51022218274175E+02 -0.38948324842434E+05 -0.50594967101483E+05 -0.10021759161158E+04 -0.22685247139891E+04 -0.11863685908928E+03 -0.99046504647651E+04 -0.11144066465540E+05 -0.43487005396062E+03 -0.15144657719633E+03  0.52595349239270E+02  0.72437254505424E+03 -0.25606761113610E+04 -0.20773200868406E+04
   0.47957537133302E+06 -0.13495959647999E+06  0.23112507727216E+05  0.39512610143945E+06 -0.62496828944490E+05  0.75894975625563E+05  0.64864537676728E+05  0.34539475249282E+06 -0.25370370373592E+05 -0.18326090800131E+05  0.33745052597061E+04 -0.13717233089486E+04 -0.15642558240931E+03  0.58165160078123E+02  0.30539552105185E+05 -0.36896272158930E+04  0.27036758155549E+05  0.15118551801682E+05 -0.22077730800544E+07 -0.21583216254771E+03 -0.61000502761937E+05  0.20363691849988E+05  0.56407899494075E+05  0.24026044352131E+06 -0.12774899094415E+05 -0.21150086891614E+05 -0.66390320050181E+02 -0.65691015466995E+05 -0.34062775231655E+06 -0.14130408205802E+04 -0.24883178846494E+04 -0.73779853993286E+02 -0.11732596596705E+05 -0.52625345219784E+05 -0.25114047694444E+04 -0.98038967561629E+03 -0.94881604861629E+04 -0.15671790488904E+05 -0.71901687318274E+04 -0.21285277406453E+05
  -0.12636402132964E+06  0.35289249459752E+05 -0.61828583340534E+04 -0.62496828944490E+05  0.11759156308313E+05 -0.79183320469478E+04 -0.94805235778495E+04 -0.32340939263207E+05  0.35463961087687E+03  0.24030689095012E+04 -0.34378734743016E+03 -0.41490867163998E+02  0.45625708845032E+01 -0.52135466033054E+01 -0.26004352130990E+04  0.31930748059654E+03 -0.22487489676093E+04 -0.12746562733319E+04  0.48900947770125E+06  0.68775516418385E+02  0.12731840978225E+05 -0.38365164632827E+04 -0.10609390766957E+05 -0.48140654654130E+05  0.20002337881462E+04  0.33720807123055E+04 -0.56303160728115E+02  0.11979861505857E+05  0.63193546444430E+05  0.34005563740041E+03  0.57924175214144E+03  0.95374246744271E+01  0.29891411957201E+04  0.13194465708513E+05  0.48375342098889E+03  0.17938018457778E+03  0.33294891422053E+03  0.24939905495495E+04  0.81966494103635E+03  0.25186595042581E+04
  -0.22362850729940E+05  0.85722131167489E+04 -0.13038225630522E+04  0.75894975625563E+05 -0.79183320469478E+04  0.24388053604996E+05  0.14827270520991E+05  0.10489500469082E+06 -0.93441011014899E+04 -0.46222069258374E+04  0.10071499070435E+04 -0.70912431446849E+03 -0.69464906315412E+02  0.19720688009639E+02  0.93017572176086E+04 -0.11534902947199E+04  0.83741257614680E+04  0.47475965068431E+04 -0.68737051780111E+05  0.52355046720444E+02 -0.45737835136930E+04  0.25284306967195E+04  0.69433358201401E+04  0.21903201748746E+05 -0.28228902674042E+04 -0.43321710573367E+04  0.15394561597375E+03 -0.88935877068376E+04 -0.44022925127410E+05 -0.38632701246365E+01 -0.36369673167546E+02 -0.19573144261801E+02  0.33178710998042E+03  0.11168438801982E+04 -0.27500267162883E+03 -0.13833171682876E+03 -0.30371206012444E+04 -0.33790601057431E+04 -0.18523584876762E+04 -0.53419425600217E+04
   0.55498098390447E+05 -0.12367232578524E+05  0.25922946559987E+04  0.64864537676728E+05 -0.94805235778495E+04  0.14827270520991E+05  0.11635714856474E+05  0.58248482795803E+05 -0.29718171309809E+04 -0.33008855975161E+04  0.58971386176861E+03 -0.21526003981632E+03 -0.27432648338098E+02  0.10363824399658E+02  0.48040726197030E+04 -0.60424600263257E+03  0.42163219877226E+04  0.24207363243831E+04 -0.25119006735542E+06 -0.23481954951110E+01 -0.84032738042050E+04  0.31544905131031E+04  0.85835949838317E+04  0.33764488262323E+05 -0.25023302028856E+04 -0.39247106106522E+04  0.13632052037402E+03 -0.10116715492263E+05 -0.52816434573095E+05 -0.17219492812132E+03 -0.29356232771189E+03 -0.13755880559570E+02 -0.10803438957256E+04 -0.50051010086875E+04 -0.37619736834383E+03 -0.15837680192823E+03 -0.12755321995487E+04 -0.31633433713556E+04 -0.11500936059626E+04 -0.34274303890701E+04
   0.90206239494651E+06 -0.12140187104550E+06  0.31530608223985E+05  0.34539475249282E+06 -0.32340939263207E+05  0.10489500469082E+06  0.58248482795803E+05  0.49517539215007E+07 -0.23066096806250E+07 -0.85087826194935E+05  0.25894185780060E+05  0.27192615405201E+05  0.18155329708148E+04  0.10265010313507E+03  0.82092969349223E+05 -0.10411143060427E+05  0.83512434305049E+05  0.45026418180167E+05 -0.57047299717500E+06  0.37080672410407E+03 -0.27667769605954E+05  0.28399332027015E+05  0.88922326724609E+05  0.24615796868109E+06 -0.60439515789203E+05 -0.48606418836247E+05 -0.66689626094729E+05 -0.28063725400924E+06 -0.55715403036074E+06 -0.72432363537000E+05 -0.16197601967364E+06 -0.13267918048373E+04 -0.57202198566019E+04 -0.11230055405886E+05  0.63648899598300E+02  0.16598373994905E+03 -0.26148870552445E+06 -0.85877763181195E+04 -0.13658515064495E+06 -0.16990616999883E+06
  -0.17368811322913E+06  0.26445209800165E+05 -0.59199205094359E+04 -0.25370370373592E+05  0.35463961087687E+03 -0.93441011014899E+04 -0.29718171309809E+04 -0.23066096806250E+07  0.19286199809061E+07  0.18977243004049E+05 -0.65300126160563E+04 -0.58583676148845E+04 -0.32105029217630E+03 -0.14107304232781E+02  0.49960050416977E+05 -0.23542026714382E+04  0.16991623447198E+05  0.82380118847254E+04 -0.26580075939452E+05 -0.91887399887006E+02  0.68721473150356E+03 -0.57535489918699E+04 -0.19120114439473E+05 -0.47327964747634E+05  0.11447153349302E+05  0.10840420765923E+05  0.24110317697549E+05  0.65542819916378E+05  0.12596052526048E+06  0.23149202298479E+05  0.51876967148689E+05  0.17899344411283E+03  0.61795265023427E+03  0.12486048728637E+04 -0.11981189904740E+04 -0.67082898869115E+03  0.11158905543918E+06  0.15821893624938E+04  0.44189446504880E+05  0.54426858101678E+05
  -0.48421800061540E+05  0.74972007266134E+04 -0.19977475796773E+04 -0.18326090800131E+05  0.24030689095012E+04 -0.46222069258374E+04 -0.33008855975161E+04 -0.85087826194935E+05  0.18977243004049E+05  0.26459135870395E+04 -0.64269387227385E+03 -0.70127228996380E+03 -0.61527439523642E+02 -0.19540596207290E+01 -0.39732057753621E+04  0.48051747532588E+03 -0.35508224960005E+04 -0.19987526241160E+04  0.57017698938186E+05 -0.86400698519648E+01  0.24596625096769E+04 -0.13042456683098E+04 -0.37993616372864E+04 -0.12211418389334E+05  0.27382876919493E+04  0.18972205441740E+04  0.72737649885999E+03  0.10953302253437E+05  0.22924980418155E+05  0.15298235394943E+04  0.33493865215780E+04  0.43113993992162E+02  0.57993321581401E+03  0.11000142587320E+04  0.13543040275191E+03  0.60443820773199E+02  0.30855428938781E+04  0.44078497011524E+03  0.27852895016018E+04  0.35496694951865E+04
   0.73938160070273E+04 -0.94028003418053E+03  0.26248573029615E+03  0.33745052597061E+04 -0.34378734743016E+03  0.10071499070435E+04  0.58971386176861E+03  0.25894185780060E+05 -0.65300126160563E+04 -0.64269387227385E+03  0.18191246568469E+03  0.20832314210319E+03  0.15085719277494E+02  0.75247035711844E+00  0.12659831250761E+04 -0.13927969353824E+03  0.10831038579503E+04  0.58760536051558E+03 -0.65022176436724E+04  0.27410576449916E+01 -0.28465604596297E+03  0.22311984169863E+03  0.68386632039039E+03  0.19641588896803E+04 -0.48812814799596E+03 -0.36849519547597E+03 -0.34196985745091E+03 -0.20866166047731E+04 -0.41955715051215E+04 -0.44498376948457E+03 -0.99518528790488E+03 -0.11194048365789E+02 -0.50046253172715E+02 -0.98053560454718E+02 -0.15465462221704E+02 -0.72912623347717E+01 -0.11610932617235E+04 -0.69394282595869E+02 -0.83686976570613E+03 -0.10492897550140E+04
   0.15566461938865E+05 -0.12566177818105E+04  0.48602385366016E+03 -0.13717233089486E+04 -0.41490867163998E+02 -0.70912431446849E+03 -0.21526003981632E+03  0.27192615405201E+05 -0.58583676148845E+04 -0.70127228996380E+03  0.20832314210319E+03  0.18259094153226E+04  0.11884385736631E+03 -0.99905372700704E+00  0.14924075439530E+04 -0.20486633793732E+03  0.16211293057852E+04  0.92512485110482E+03 -0.67872672655939E+04 -0.51144883539259E+01 -0.12017038521075E+03 -0.89764290316305E+01  0.14417209780250E+03 -0.91401191200304E+03 -0.11728225000983E+04  0.60259138071954E-10 -0.76919937074591E+03 -0.52268406466298E+04 -0.44843201945176E-10 -0.25235215470847E+04 -0.74958039643604E+02 -0.83214186381561E+02 -0.22401475946113E+00  0.73221360406073E-12 -0.18403781033139E+01 -0.79220356623776E+00  0.29960815628526E+03  0.32280981053934E+03 -0.28655149765792E+04 -0.73821716372858E-10
   0.17624779024818E+04 -0.14712618805348E+03  0.63816027899488E+02 -0.15642558240931E+03  0.45625708845032E+01 -0.69464906315412E+02 -0.27432648338098E+02  0.18155329708148E+04 -0.32105029217630E+03 -0.61527439523642E+02  0.15085719277494E+02  0.11884385736631E+03  0.10636905200220E+02 -0.18280791214652E+00  0.80684543753967E+02 -0.13414879271854E+02  0.96322130695964E+02  0.59616601386582E+02 -0.32113255256273E+03 -0.43408246090268E+00  0.63770275133783E+01  0.10143248973983E+01  0.18949806138898E+02 -0.93126672504066E+02 -0.17339437866445E+03  0.73098825057079E-11 -0.29613628183533E+02 -0.61481572072464E+03 -0.46869909000398E-10 -0.15679833628885E+03 -0.19793950064328E+02 -0.66756900866270E+01 -0.16145492874410E+00  0.27757760266929E-11 -0.19361830056173E+00 -0.75364343809422E-01  0.29879146832394E+02  0.72457128066177E+02 -0.20489791339304E+03  0.84657325335174E-12
  -0.11114237847134E+03  0.13403213213024E+02 -0.50181864924475E+01  0.58165160078123E+02 -0.52135466033054E+01  0.19720688009639E+02  0.10363824399658E+02  0.10265010313507E+03 -0.14107304232781E+02 -0.19540596207290E+01  0.75247035711844E+00 -0.99905372700704E+00 -0.18280791214652E+00  0.56115698846395E-01  0.15265569452265E+02 -0.11802465998399E+01  0.97710284716460E+01  0.46260336001721E+01 -0.83761863821272E+02  0.26162973199026E-01 -0.45880329276482E+01  0.56712104520569E+00  0.14420256052587E+01  0.75054057661146E+01  0.72228710188538E-01  0.13026713418180E-12 -0.64926131450934E+01 -0.90880317164717E+00 -0.44920395987795E-13 -0.37301927967810E+01 -0.24654346048315E-04 -0.15144003481512E+00  0.62583360283209E-13  0.30636279563711E-12 -0.18530046419252E-02 -0.10180844065666E-02 -0.16413330772176E+01  0.76301307481771E-04 -0.35049491000662E+01 -0.11451241690421E-11
   0.74519830498080E+04  0.66791566913876E+03 -0.39363011601895E+03  0.30539552105185E+05 -0.26004352130990E+04  0.93017572176086E+04  0.48040726197030E+04  0.82092969349223E+05  0.49960050416977E+05 -0.39732057753621E+04  0.12659831250761E+04  0.14924075439530E+04  0.80684543753967E+02  0.15265569452265E+02  0.48675392478218E+05 -0.44637982992400E+04  0.35105691174719E+05  0.18258532865208E+05 -0.54530149816210E+05  0.22326333169567E+01  0.74833951272111E+03 -0.20520582885141E+03 -0.59546092350010E+03 -0.14283081335223E+04 -0.25941498456509E+04 -0.17059109849437E+04 -0.24524443958748E+04  0.19699543039116E+04  0.41992330593319E+04 -0.15209674797887E+04 -0.29584561182782E+04 -0.71448572525512E+03  0.23620481636596E+03  0.42250007896982E+03 -0.28146936127619E+04 -0.14999989351733E+04 -0.24675174135566E+04  0.18037249718428E+03 -0.83362012349531E+03 -0.93919942273091E+03
  -0.19004460432892E+04 -0.52683682024245E+02  0.35748721179543E+00 -0.36896272158930E+04  0.31930748059654E+03 -0.11534902947199E+04 -0.60424600263257E+03 -0.10411143060427E+05 -0.23542026714382E+04  0.48051747532588E+03 -0.13927969353824E+03 -0.20486633793732E+03 -0.13414879271854E+02 -0.11802465998399E+01 -0.44637982992400E+04  0.47745447079011E+03 -0.36935875548215E+04 -0.19972431158979E+04  0.63712994151158E+04 -0.87287482806038E+00 -0.10986268730340E+03  0.20789237274930E+02  0.52033529482061E+02  0.14951736203620E+03  0.47790683310983E+03  0.29980409547404E+03  0.28103951318837E+03 -0.15968289486612E+03 -0.47295433934345E+03  0.15644011739118E+03  0.30334165412268E+03  0.78249257643822E+02 -0.63343595000123E+02 -0.11179992022606E+03  0.42652045270233E+03  0.21132381440884E+03 -0.28644323307679E+03 -0.32360593480715E+02  0.23914953165289E+03  0.26797893225321E+03
   0.10496362555669E+05  0.17649850021359E+03 -0.18447088902675E+03  0.27036758155549E+05 -0.22487489676093E+04  0.83741257614680E+04  0.42163219877226E+04  0.83512434305049E+05  0.16991623447198E+05 -0.35508224960005E+04  0.10831038579503E+04  0.16211293057852E+04  0.96322130695964E+02  0.97710284716460E+01  0.35105691174719E+05 -0.36935875548215E+04  0.29016299176601E+05  0.15545229891303E+05 -0.48415816071725E+05  0.11650660377668E+01  0.80374691884655E+03 -0.24774981012962E+03 -0.67528515422921E+03 -0.15766935980815E+04 -0.26663017509407E+04 -0.17155833503368E+04 -0.24661393171920E+04  0.20814757924021E+04  0.44719930479619E+04 -0.12768002984526E+04 -0.24939478670278E+04 -0.60892777468686E+03  0.84995911389105E+02  0.16523189830690E+03 -0.26522330825160E+04 -0.14245806048732E+04  0.13359148416795E+04  0.22525841073227E+03 -0.16572491782486E+04 -0.18412481365957E+04
   0.75347877166924E+04  0.97837313109211E+02 -0.26301236246388E+02  0.15118551801682E+05 -0.12746562733319E+04  0.47475965068431E+04  0.24207363243831E+04  0.45026418180167E+05  0.82380118847254E+04 -0.19987526241160E+04  0.58760536051558E+03  0.92512485110482E+03  0.59616601386582E+02  0.46260336001721E+01  0.18258532865208E+05 -0.19972431158979E+04  0.15545229891303E+05  0.84370944929203E+04 -0.26890322655275E+05  0.20007775378121E+01  0.48501260619216E+03 -0.13056498285613E+03 -0.33273778793373E+03 -0.82587084898356E+03 -0.18513467459755E+04 -0.11598465433050E+04 -0.12382681176524E+04  0.96853368540590E+03  0.24341952896102E+04 -0.64640049580200E+03 -0.12637263638121E+04 -0.33436480923928E+03  0.11093906586008E+03  0.20533575370873E+03 -0.16970873309047E+04 -0.87612966373129E+03  0.14288615262210E+04  0.15600288255719E+03 -0.11385714306011E+04 -0.12658324326581E+04
  -0.74120674958851E+07  0.25429869859347E+07 -0.36925134601066E+06 -0.22077730800544E+07  0.48900947770125E+06 -0.68737051780111E+05 -0.25119006735542E+06 -0.57047299717500E+06 -0.26580075939452E+05  0.57017698938186E+05 -0.65022176436724E+04 -0.67872672655939E+04 -0.32113255256273E+03 -0.83761863821272E+02 -0.54530149816210E+05  0.63712994151158E+04 -0.48415816071725E+05 -0.26890322655275E+05  0.32463101687680E+08  0.65311856938938E+04  0.66062009940463E+06 -0.16494538447696E+06 -0.49062299244480E+06 -0.24729008523367E+07  0.33655037192205E+05  0.74817393075577E+05 -0.11649013476120E+04  0.55965870456919E+06  0.27297242005116E+07  0.17538583777706E+05  0.31227680996488E+05  0.22748232196237E+03  0.18194006613180E+06  0.79456548384791E+06  0.24531197038270E+05  0.77451029070858E+04 -0.18596677187486E+05  0.43789375414033E+05  0.20397165252627E+05  0.62793935169493E+05
  -0.14168743840967E+04  0.57024454568482E+03 -0.72631519055132E+02 -0.21583216254771E+03  0.68775516418385E+02  0.52355046720444E+02 -0.23481954951110E+01  0.37080672410407E+03 -0.91887399887006E+02 -0.86400698519648E+01  0.27410576449916E+01 -0.51144883539259E+01 -0.43408246090268E+00  0.26162973199026E-01  0.22326333169567E+01 -0.87287482806038E+00  0.11650660377668E+01  0.20007775378121E+01  0.65311856938938E+04  0.24065469477601E+01  0.14145395008992E+03 -0.28574532174942E+02 -0.86370184180545E+02 -0.51420771770613E+03  0.00000000000000E+00 -0.25326118307406E+02  0.00000000000000E+00  0.00000000000000E+00  0.42410859516240E+03  0.00000000000000E+00 -0.73430376227708E+01  0.00000000000000E+00  0.00000000000000E+00  0.21998539584491E+03  0.00000000000000E+00  0.00000000000000E+00  0.00000000000000E+00  0.11439578077927E+02  0.00000000000000E+00 -0.26657047413264E+02
  -0.20846541233205E+06  0.59523335063543E+05 -0.10102130931849E+05 -0.61000502761937E+05  0.12731840978225E+05 -0.45737835136930E+04 -0.84032738042050E+04 -0.27667769605954E+05  0.68721473150356E+03  0.24596625096769E+04 -0.28465604596297E+03 -0.12017038521075E+03  0.63770275133783E+01 -0.45880329276482E+01  0.74833951272111E+03 -0.10986268730340E+03  0.80374691884655E+03  0.48501260619216E+03  0.66062009940463E+06  0.14145395008992E+03  0.25682019218511E+05 -0.76542545289799E+04 -0.20961726548805E+05 -0.98976801309349E+05  0.00000000000000E+00  0.50035305108814E+04  0.00000000000000E+00  0.00000000000000E+00  0.11407059850074E+06  0.00000000000000E+00 -0.11384074864748E+04  0.00000000000000E+00  0.00000000000000E+00  0.22729634264426E+05  0.00000000000000E+00  0.00000000000000E+00  0.00000000000000E+00 -0.41644764297960E+04  0.00000000000000E+00  0.41109568396522E+04
   0.57048412677126E+05 -0.12616271154625E+05  0.26475836099892E+04  0.20363691849988E+05 -0.38365164632827E+04  0.25284306967195E+04  0.31544905131031E+04  0.28399332027015E+05 -0.57535489918699E+04 -0.13042456683098E+04  0.22311984169863E+03 -0.89764290316305E+01  0.10143248973983E+01  0.56712104520569E+00 -0.20520582885141E+03  0.20789237274930E+02 -0.24774981012962E+03 -0.13056498285613E+03 -0.16494538447696E+06 -0.28574532174942E+02 -0.76542545289799E+04  0.28202834636079E+04  0.75041634696910E+04  0.32595221272213E+05 -0.52173168253252E+02 -0.21079108213250E+04  0.24588519453921E+01  0.46034671843206E+03 -0.42022447864499E+05  0.00000000000000E+00 -0.16246202098838E+03  0.00000000000000E+00  0.22545047058981E+04 -0.48970891038485E+04  0.00000000000000E+00  0.00000000000000E+00  0.00000000000000E+00  0.15054442038668E+04 -0.39178537420869E+03 -0.28074176074611E+04
   0.17859648742931E+06 -0.42956401554670E+05  0.83034579813380E+04  0.56407899494075E+05 -0.10609390766957E+05  0.69433358201401E+04  0.85835949838317E+04  0.88922326724609E+05 -0.19120114439473E+05 -0.37993616372864E+04  0.68386632039039E+03  0.14417209780250E+03  0.18949806138898E+02  0.14420256052587E+01 -0.59546092350010E+03  0.52033529482061E+02 -0.67528515422921E+03 -0.33273778793373E+03 -0.49062299244480E+06 -0.86370184180545E+02 -0.20961726548805E+05  0.75041634696910E+04  0.20595737030908E+05  0.88207128482654E+05 -0.16398798742321E+03 -0.52565192026503E+04 -0.47732969047935E+02 -0.68043479592464E+04 -0.11554571914888E+06  0.00000000000000E+00 -0.40231116770983E+03  0.00000000000000E+00  0.31463644632935E+04 -0.15292740476027E+05  0.00000000000000E+00  0.00000000000000E+00  0.00000000000000E+00  0.37534778933535E+04 -0.21507403599087E+04 -0.81737785585115E+04
   0.74415288233920E+06 -0.20516113988206E+06  0.35673240411538E+05  0.24026044352131E+06 -0.48140654654130E+05  0.21903201748746E+05  0.33764488262323E+05  0.24615796868109E+06 -0.47327964747634E+05 -0.12211418389334E+05  0.19641588896803E+04 -0.91401191200304E+03 -0.93126672504066E+02  0.75054057661146E+01 -0.14283081335223E+04  0.14951736203620E+03 -0.15766935980815E+04 -0.82587084898356E+03 -0.24729008523367E+07 -0.51420771770613E+03 -0.98976801309349E+05  0.32595221272213E+05  0.88207128482654E+05  0.41313180161883E+06  0.25349762856789E+03 -0.27091712645707E+05 -0.64887794066483E+01  0.37992845600041E+05 -0.48539909689659E+06  0.00000000000000E+00 -0.21288831099046E+04  0.00000000000000E+00  0.16138299357785E+05 -0.80555456743725E+05  0.00000000000000E+00  0.00000000000000E+00  0.00000000000000E+00  0.19996218999473E+05  0.15704710309389E+04 -0.29792722090156E+05
  -0.12695989059807E+06  0.16573059983643E+05 -0.55378576486233E+04 -0.12774899094415E+05  0.20002337881462E+04 -0.28228902674042E+04 -0.25023302028856E+04 -0.60439515789203E+05  0.11447153349302E+05  0.27382876919493E+04 -0.48812814799596E+03 -0.11728225000983E+04 -0.17339437866445E+03  0.72228710188538E-01 -0.25941498456509E+04  0.47790683310983E+03 -0.26663017509407E+04 -0.18513467459755E+04  0.33655037192205E+05  0.00000000000000E+00  0.00000000000000E+00 -0.52173168253252E+02 -0.16398798742321E+03  0.25349762856789E+03  0.11626193533485E+06  0.00000000000000E+00  0.00000000000000E+00  0.00000000000000E+00  0.00000000000000E+00  0.00000000000000E+00  0.00000000000000E+00  0.00000000000000E+00  0.00000000000000E+00  0.00000000000000E+00  0.00000000000000E+00  0.00000000000000E+00  0.00000000000000E+00  0.00000000000000E+00  0.00000000000000E+00  0.00000000000000E+00
  -0.53860028369453E+05  0.81955974420566E+04 -0.23636032302727E+04 -0.21150086891614E+05  0.33720807123055E+04 -0.43321710573367E+04 -0.39247106106522E+04 -0.48606418836247E+05  0.10840420765923E+05  0.18972205441740E+04 -0.36849519547597E+03  0.60259138071954E-10  0.73098825057079E-11  0.13026713418180E-12 -0.17059109849437E+04  0.29980409547404E+03 -0.17155833503368E+04 -0.11598465433050E+04  0.74817393075577E+05 -0.25326118307406E+02  0.50035305108814E+04 -0.21079108213250E+04 -0.52565192026503E+04 -0.27091712645707E+05  0.00000000000000E+00  0.64574494939675E+05  0.00000000000000E+00  0.00000000000000E+00  0.00000000000000E+00  0.00000000000000E+00  0.00000000000000E+00  0.00000000000000E+00  0.00000000000000E+00  0.00000000000000E+00  0.00000000000000E+00  0.00000000000000E+00  0.00000000000000E+00  0.00000000000000E+00  0.00000000000000E+00  0.00000000000000E+00
  -0.43805594156966E+04 -0.24012892335826E+03  0.51022218274175E+02 -0.66390320050181E+02 -0.56303160728115E+02  0.15394561597375E+03  0.13632052037402E+03 -0.66689626094729E+05  0.24110317697549E+05  0.72737649885999E+03 -0.34196985745091E+03 -0.76919937074591E+03 -0.29613628183533E+02 -0.64926131450934E+01 -0.24524443958748E+04  0.28103951318837E+03 -0.24661393171920E+04 -0.12382681176524E+04 -0.11649013476120E+04  0.00000000000000E+00  0.00000000000000E+00  0.24588519453921E+01 -0.47732969047935E+02 -0.64887794066483E+01  0.00000000000000E+00  0.00000000000000E+00  0.30660159090560E+05  0.00000000000000E+00  0.00000000000000E+00  0.00000000000000E+00  0.00000000000000E+00  0.00000000000000E+00  0.00000000000000E+00  0.00000000000000E+00  0.00000000000000E+00  0.00000000000000E+00  0.00000000000000E+00  0.00000000000000E+00  0.00000000000000E+00  0.00000000000000E+00
  -0.83774183549599E+06  0.20917114525741E+06 -0.38948324842434E+05 -0.65691015466995E+05  0.11979861505857E+05 -0.88935877068376E+04 -0.10116715492263E+05 -0.28063725400924E+06  0.65542819916378E+05  0.10953302253437E+05 -0.20866166047731E+04 -0.52268406466298E+04 -0.61481572072464E+03 -0.90880317164717E+00  0.19699543039116E+04 -0.15968289486612E+03  0.20814757924021E+04  0.96853368540590E+03  0.55965870456919E+06  0.00000000000000E+00  0.00000000000000E+00  0.46034671843206E+03 -0.68043479592464E+04  0.37992845600041E+05  0.00000000000000E+00  0.00000000000000E+00  0.00000000000000E+00  0.57760724814102E+06  0.00000000000000E+00  0.00000000000000E+00  0.00000000000000E+00  0.00000000000000E+00  0.00000000000000E+00  0.00000000000000E+00  0.00000000000000E+00  0.00000000000000E+00  0.00000000000000E+00  0.00000000000000E+00  0.00000000000000E+00  0.00000000000000E+00
  -0.10844730314217E+07  0.26328475023097E+06 -0.50594967101483E+05 -0.34062775231655E+06  0.63193546444430E+05 -0.44022925127410E+05 -0.52816434573095E+05 -0.55715403036074E+06  0.12596052526048E+06  0.22924980418155E+05 -0.41955715051215E+04 -0.44843201945176E-10 -0.46869909000398E-10 -0.44920395987795E-13  0.41992330593319E+04 -0.47295433934345E+03  0.44719930479619E+04  0.24341952896102E+04  0.27297242005116E+07  0.42410859516240E+03  0.11407059850074E+06 -0.42022447864499E+05 -0.11554571914888E+06 -0.48539909689659E+06  0.00000000000000E+00  0.00000000000000E+00  0.00000000000000E+00  0.00000000000000E+00  0.91788660729278E+06  0.00000000000000E+00  0.00000000000000E+00  0.00000000000000E+00  0.00000000000000E+00  0.00000000000000E+00  0.00000000000000E+00  0.00000000000000E+00  0.00000000000000E+00  0.00000000000000E+00  0.00000000000000E+00  0.00000000000000E+00
  -0.20562540440362E+05  0.58005341250709E+04 -0.10021759161158E+04 -0.14130408205802E+04  0.34005563740041E+03 -0.38632701246365E+01 -0.17219492812132E+03 -0.72432363537000E+05  0.23149202298479E+05  0.15298235394943E+04 -0.44498376948457E+03 -0.25235215470847E+04 -0.15679833628885E+03 -0.37301927967810E+01 -0.15209674797887E+04  0.15644011739118E+03 -0.12768002984526E+04 -0.64640049580200E+03  0.17538583777706E+05  0.00000000000000E+00  0.00000000000000E+00  0.00000000000000E+00  0.00000000000000E+00  0.00000000000000E+00  0.00000000000000E+00  0.00000000000000E+00  0.00000000000000E+00  0.00000000000000E+00  0.00000000000000E+00  0.14753961744198E+05  0.00000000000000E+00  0.00000000000000E+00  0.00000000000000E+00  0.00000000000000E+00  0.00000000000000E+00  0.00000000000000E+00  0.00000000000000E+00  0.00000000000000E+00  0.00000000000000E+00  0.00000000000000E+00
  -0.46340913757245E+05  0.13220075793199E+05 -0.22685247139891E+04 -0.24883178846494E+04  0.57924175214144E+03 -0.36369673167546E+02 -0.29356232771189E+03 -0.16197601967364E+06  0.51876967148689E+05  0.33493865215780E+04 -0.99518528790488E+03 -0.74958039643604E+02 -0.19793950064328E+02 -0.24654346048315E-04 -0.29584561182782E+04  0.30334165412268E+03 -0.24939478670278E+04 -0.12637263638121E+04  0.31227680996488E+05 -0.73430376227708E+01 -0.11384074864748E+04 -0.16246202098838E+03 -0.40231116770983E+03 -0.21288831099046E+04  0.00000000000000E+00  0.00000000000000E+00  0.00000000000000E+00  0.00000000000000E+00  0.00000000000000E+00  0.00000000000000E+00  0.31777736087086E+05  0.00000000000000E+00  0.00000000000000E+00  0.00000000000000E+00  0.00000000000000E+00  0.00000000000000E+00  0.00000000000000E+00  0.00000000000000E+00  0.00000000000000E+00  0.00000000000000E+00
  -0.30787075696873E+04  0.42084962090484E+03 -0.11863685908928E+03 -0.73779853993286E+02  0.95374246744271E+01 -0.19573144261801E+02 -0.13755880559570E+02 -0.13267918048373E+04  0.17899344411283E+03  0.43113993992162E+02 -0.11194048365789E+02 -0.83214186381561E+02 -0.66756900866270E+01 -0.15144003481512E+00 -0.71448572525512E+03  0.78249257643822E+02 -0.60892777468686E+03 -0.33436480923928E+03  0.22748232196237E+03  0.00000000000000E+00  0.00000000000000E+00  0.00000000000000E+00  0.00000000000000E+00  0.00000000000000E+00  0.00000000000000E+00  0.00000000000000E+00  0.00000000000000E+00  0.00000000000000E+00  0.00000000000000E+00  0.00000000000000E+00  0.00000000000000E+00  0.37863319000069E+04  0.00000000000000E+00  0.00000000000000E+00  0.00000000000000E+00  0.00000000000000E+00  0.00000000000000E+00  0.00000000000000E+00  0.00000000000000E+00  0.00000000000000E+00
  -0.19841678952335E+06  0.63449336508445E+05 -0.99046504647651E+04 -0.11732596596705E+05  0.29891411957201E+04  0.33178710998042E+03 -0.10803438957256E+04 -0.57202198566019E+04  0.61795265023427E+03  0.57993321581401E+03 -0.50046253172715E+02 -0.22401475946113E+00 -0.16145492874410E+00  0.62583360283209E-13  0.23620481636596E+03 -0.63343595000123E+02  0.84995911389105E+02  0.11093906586008E+03  0.18194006613180E+06  0.00000000000000E+00  0.00000000000000E+00  0.22545047058981E+04  0.31463644632935E+04  0.16138299357785E+05  0.00000000000000E+00  0.00000000000000E+00  0.00000000000000E+00  0.00000000000000E+00  0.00000000000000E+00  0.00000000000000E+00  0.00000000000000E+00  0.00000000000000E+00  0.10559099023936E+06  0.00000000000000E+00  0.00000000000000E+00  0.00000000000000E+00  0.00000000000000E+00  0.00000000000000E+00  0.00000000000000E+00  0.00000000000000E+00
  -0.22390697758951E+06  0.71020504575513E+05 -0.11144066465540E+05 -0.52625345219784E+05  0.13194465708513E+05  0.11168438801982E+04 -0.50051010086875E+04 -0.11230055405886E+05  0.12486048728637E+04  0.11000142587320E+04 -0.98053560454718E+02  0.73221360406073E-12  0.27757760266929E-11  0.30636279563711E-12  0.42250007896982E+03 -0.11179992022606E+03  0.16523189830690E+03  0.20533575370873E+03  0.79456548384791E+06  0.21998539584491E+03  0.22729634264426E+05 -0.48970891038485E+04 -0.15292740476027E+05 -0.80555456743725E+05  0.00000000000000E+00  0.00000000000000E+00  0.00000000000000E+00  0.00000000000000E+00  0.00000000000000E+00  0.00000000000000E+00  0.00000000000000E+00  0.00000000000000E+00  0.00000000000000E+00  0.13874565382321E+06  0.00000000000000E+00  0.00000000000000E+00  0.00000000000000E+00  0.00000000000000E+00  0.00000000000000E+00  0.00000000000000E+00
  -0.91015902636294E+04  0.24658422457326E+04 -0.43487005396062E+03 -0.25114047694444E+04  0.48375342098889E+03 -0.27500267162883E+03 -0.37619736834383E+03  0.63648899598300E+02 -0.11981189904740E+04  0.13543040275191E+03 -0.15465462221704E+02 -0.18403781033139E+01 -0.19361830056173E+00 -0.18530046419252E-02 -0.28146936127619E+04  0.42652045270233E+03 -0.26522330825160E+04 -0.16970873309047E+04  0.24531197038270E+05  0.00000000000000E+00  0.00000000000000E+00  0.00000000000000E+00  0.00000000000000E+00  0.00000000000000E+00  0.00000000000000E+00  0.00000000000000E+00  0.00000000000000E+00  0.00000000000000E+00  0.00000000000000E+00  0.00000000000000E+00  0.00000000000000E+00  0.00000000000000E+00  0.00000000000000E+00  0.00000000000000E+00  0.83138722057589E+04  0.00000000000000E+00  0.00000000000000E+00  0.00000000000000E+00  0.00000000000000E+00  0.00000000000000E+00
  -0.32245406649384E+04  0.78335146529583E+03 -0.15144657719633E+03 -0.98038967561629E+03  0.17938018457778E+03 -0.13833171682876E+03 -0.15837680192823E+03  0.16598373994905E+03 -0.67082898869115E+03  0.60443820773199E+02 -0.72912623347717E+01 -0.79220356623776E+00 -0.75364343809422E-01 -0.10180844065666E-02 -0.14999989351733E+04  0.21132381440884E+03 -0.14245806048732E+04 -0.87612966373129E+03  0.77451029070858E+04  0.00000000000000E+00  0.00000000000000E+00  0.00000000000000E+00  0.00000000000000E+00  0.00000000000000E+00  0.00000000000000E+00  0.00000000000000E+00  0.00000000000000E+00  0.00000000000000E+00  0.00000000000000E+00  0.00000000000000E+00  0.00000000000000E+00  0.00000000000000E+00  0.00000000000000E+00  0.00000000000000E+00  0.00000000000000E+00  0.42631186292494E+04  0.00000000000000E+00  0.00000000000000E+00  0.00000000000000E+00  0.00000000000000E+00
  -0.14959979356626E+05 -0.23663875524428E+04  0.52595349239270E+02 -0.94881604861629E+04  0.33294891422053E+03 -0.30371206012444E+04 -0.12755321995487E+04 -0.26148870552445E+06  0.11158905543918E+06  0.30855428938781E+04 -0.11610932617235E+04  0.29960815628526E+03  0.29879146832394E+02 -0.16413330772176E+01 -0.24675174135566E+04 -0.28644323307679E+03  0.13359148416795E+04  0.14288615262210E+04 -0.18596677187486E+05  0.00000000000000E+00  0.00000000000000E+00  0.00000000000000E+00  0.00000000000000E+00  0.00000000000000E+00  0.00000000000000E+00  0.00000000000000E+00  0.00000000000000E+00  0.00000000000000E+00  0.00000000000000E+00  0.00000000000000E+00  0.00000000000000E+00  0.00000000000000E+00  0.00000000000000E+00  0.00000000000000E+00  0.00000000000000E+00  0.00000000000000E+00  0.12386817287551E+06  0.00000000000000E+00  0.00000000000000E+00  0.00000000000000E+00
   0.16578321990065E+05 -0.22365873954608E+04  0.72437254505424E+03 -0.15671790488904E+05  0.24939905495495E+04 -0.33790601057431E+04 -0.31633433713556E+04 -0.85877763181195E+04  0.15821893624938E+04  0.44078497011524E+03 -0.69394282595869E+02  0.32280981053934E+03  0.72457128066177E+02  0.76301307481771E-04  0.18037249718428E+03 -0.32360593480715E+02  0.22525841073227E+03  0.15600288255719E+03  0.43789375414033E+05  0.11439578077927E+02 -0.41644764297960E+04  0.15054442038668E+04  0.37534778933535E+04  0.19996218999473E+05  0.00000000000000E+00  0.00000000000000E+00  0.00000000000000E+00  0.00000000000000E+00  0.00000000000000E+00  0.00000000000000E+00  0.00000000000000E+00  0.00000000000000E+00  0.00000000000000E+00  0.00000000000000E+00  0.00000000000000E+00  0.00000000000000E+00  0.00000000000000E+00  0.39248723195144E+05  0.00000000000000E+00  0.00000000000000E+00
  -0.70572968146183E+05  0.85363813936665E+04 -0.25606761113610E+04 -0.71901687318274E+04  0.81966494103635E+03 -0.18523584876762E+04 -0.11500936059626E+04 -0.13658515064495E+06  0.44189446504880E+05  0.27852895016018E+04 -0.83686976570613E+03 -0.28655149765792E+04 -0.20489791339304E+03 -0.35049491000662E+01 -0.83362012349531E+03  0.23914953165289E+03 -0.16572491782486E+04 -0.11385714306011E+04  0.20397165252627E+05  0.00000000000000E+00  0.00000000000000E+00 -0.39178537420869E+03 -0.21507403599087E+04  0.15704710309389E+04  0.00000000000000E+00  0.00000000000000E+00  0.00000000000000E+00  0.00000000000000E+00  0.00000000000000E+00  0.00000000000000E+00  0.00000000000000E+00  0.00000000000000E+00  0.00000000000000E+00  0.00000000000000E+00  0.00000000000000E+00  0.00000000000000E+00  0.00000000000000E+00  0.00000000000000E+00  0.94930365138688E+05  0.00000000000000E+00
  -0.55706436807691E+05  0.71629817784405E+04 -0.20773200868406E+04 -0.21285277406453E+05  0.25186595042581E+04 -0.53419425600217E+04 -0.34274303890701E+04 -0.16990616999883E+06  0.54426858101678E+05  0.35496694951865E+04 -0.10492897550140E+04 -0.73821716372858E-10  0.84657325335174E-12 -0.11451241690421E-11 -0.93919942273091E+03  0.26797893225321E+03 -0.18412481365957E+04 -0.12658324326581E+04  0.62793935169493E+05 -0.26657047413264E+02  0.41109568396522E+04 -0.28074176074611E+04 -0.81737785585115E+04 -0.29792722090156E+05  0.00000000000000E+00  0.00000000000000E+00  0.00000000000000E+00  0.00000000000000E+00  0.00000000000000E+00  0.00000000000000E+00  0.00000000000000E+00  0.00000000000000E+00  0.00000000000000E+00  0.00000000000000E+00  0.00000000000000E+00  0.00000000000000E+00  0.00000000000000E+00  0.00000000000000E+00  0.00000000000000E+00  0.99604613296788E+05

 # Covariance matrix (Bevington epsilon)
