# fitpack15: fit parameters                                                                         
# CJ15 AV18 final data choices                                                                      
# Created on 01/27/2020 at 11:06:17                                                                 

 # QCD setup
  INS                           0
  NVL                          11
  IORD                          1
  Q02                   1.6899999999999999     
  IPARAMC                       7
  FLAVOR                4.0000000000000000     
  xmc                   1.3000000000000000     
  xmb                   4.5000000000000000     
  ncb                          12
  ihq                           1
  ias                           0

 # Theory corrections
  inuke                     10814
  itmc                          1
  iht                           1

 # fit parameters
 LAMBDA       0.22680        0.0000    
 a0uv          2.3937        0.0000    
 a1uv         0.61414       0.19951E-01
 a2uv          3.5435       0.12385E-01
 a3uv          0.0000        0.0000    
 a4uv          3.4873       0.43311    
 a5uv          0.0000        0.0000    
 a0dv          24.837        0.0000    
 a1dv          1.1608       0.33362E-01
 a2dv          6.5502       0.15858    
 a3dv         -3.5047       0.85509E-01
 a4dv          4.6732       0.14194    
 a5dv          0.0000        0.0000    
 a0ud         0.14662       0.50350E-02
 a1ud        -0.20774       0.37539E-02
 a2ud          8.3107       0.19199    
 a3ud          0.0000        0.0000    
 a4ud          14.539        1.2226    
 a5ud          0.0000        0.0000    
 a0du          35712.        0.0000    
 a1du          4.0296       0.75818E-01
 a2du          20.092       0.87671    
 a3du          17.000        0.0000    
 a4du          51.308        10.667    
 a0g           45.843        0.0000    
 a1g          0.60451       0.31366E-01
 a2g           6.5628       0.96974    
 a3g          -3.3083       0.13604    
 a4g           3.1908       0.32758    
 a5g           0.0000        0.0000    
 kappa        0.40000        0.0000    
 a6dv        -0.35445E-02   0.66291E-03
 a7dv          2.0000        0.0000    
 off1         -3.7452        1.5195    
 off2         0.57481E-01   0.57010E-01
 ht1          -3.3197       0.26152    
 ht2           1.9423       0.10556    
 ht3          -2.0641       0.18313E-01
 ht4           0.0000        0.0000    
 dummy40       0.0000        0.0000    
 dummy41       0.0000        0.0000    
 dummy42       0.0000        0.0000    
 dummy43       0.0000        0.0000    
 dummy44       0.0000        0.0000    
 dummy45       0.0000        0.0000    
 dummy46       0.0000        0.0000    
 dummy47       0.0000        0.0000    
 dummy48       0.0000        0.0000    
 dummy49       0.0000        0.0000    
 bcdmsh2      0.97305       0.48229E-02
 bcdmsd2      0.99307       0.58302E-02
 ccfr          1.0000        0.0000    
 nutev         1.0000        0.0000    
 zeus         0.97998        0.0000    
 h1            1.0162        0.0000    
 e605          1.0319        0.0000    
 NmcH2         1.0093       0.71220E-02
 ntv_nu        1.0000        0.0000    
 ntv_nubar     1.0000        0.0000    
 cdf_jet      0.98910        0.0000    
 d0_jet       0.83504        0.0000    
 slac_p        1.0048       0.48110E-02
 slac_d        1.0040       0.52729E-02
 e866pp       0.96625       0.19272E-01
 e866pd       0.96383       0.15826E-01
 d0_gamjet     1.0389       0.16480E-01
 h1b          0.97608        0.0000    
 jlab_p       0.99408       0.57862E-02
 jlab_d       0.97524       0.59007E-02
 blank         1.0000        0.0000    
 d0run2       0.94046       0.14112E-01
 cdfrun2      0.92632       0.17215E-01
 HERA_el       1.0000        0.0000    
 HERA_ps       1.0000        0.0000    
 CDF_Z        0.96565       0.65194E-02
 NmcRat        1.0000        0.0000    
 BNS_F2nd     0.98340       0.69288E-02
 HERMES_F2p   0.99827       0.55656E-02
 HERMES_F2d   0.98029       0.58199E-02
 END 0. 0.

 # Hessian matrix (Bevington alpha)
   0.48873622616815E+07 -0.12870962614313E+07  0.23306523175121E+06  0.47958159671458E+06 -0.12633790622927E+06 -0.22366671962185E+05  0.55671950847811E+05  0.90325747648393E+06 -0.17369415200906E+06 -0.48432920309413E+05  0.73891294816043E+04  0.15567914525756E+05  0.17638622207636E+04 -0.11090117900796E+03  0.74538187326519E+04 -0.19002717185547E+04  0.10511546057608E+05  0.75429948395772E+04 -0.74642953976830E+07 -0.13979106818693E+04 -0.21151682477173E+06  0.57467437771100E+05  0.17959310032539E+06  0.74984769188012E+06 -0.12695301777171E+06 -0.53865260505695E+05 -0.43847363116728E+04 -0.83759333738766E+06 -0.10844621561221E+07 -0.20560275259754E+05 -0.46340846769566E+05 -0.30789892638197E+04 -0.19839410440484E+06 -0.22391709332787E+06 -0.91050179823707E+04 -0.32260528927614E+04 -0.14953007837882E+05  0.16579999653597E+05 -0.70562183295665E+05 -0.55706320157864E+05
  -0.12870962614313E+07  0.41292635625921E+06 -0.63456933127312E+05 -0.13496155564126E+06  0.35277559826604E+05  0.85947862922691E+04 -0.12397064911525E+05 -0.12157585177061E+06  0.26445901323203E+05  0.74999753080955E+04 -0.93982058665619E+03 -0.12569510007194E+04 -0.14730553205269E+03  0.13375048322152E+02  0.66593421431665E+03 -0.52386738241130E+02  0.17442009187569E+03  0.96623191041880E+02  0.25609018187794E+07  0.56488467040674E+03  0.60416738799666E+05 -0.12742612781781E+05 -0.43260667473346E+05 -0.20681115865425E+06  0.16573435089682E+05  0.81966818700294E+04 -0.23968699171778E+03  0.20914378226370E+06  0.26327930070310E+06  0.58002094260555E+04  0.13220777249879E+05  0.42094671027689E+03  0.63444881143074E+05  0.71022482189343E+05  0.24668888296844E+04  0.78375208680096E+03 -0.23673240839235E+04 -0.22367381757618E+04  0.85355433606301E+04  0.71631129900730E+04
   0.23306523175121E+06 -0.63456933127312E+05  0.11237761106272E+05  0.23115199344997E+05 -0.61820588835596E+04 -0.13051812574835E+04  0.26004195139380E+04  0.31575957093419E+05 -0.59199855483166E+04 -0.19984492455897E+04  0.26234640924821E+03  0.48637210787716E+03  0.63892002796762E+02 -0.50065001385009E+01 -0.39348904886460E+03  0.33936695370198E+00 -0.18451431789313E+03 -0.26267697541317E+02 -0.37188514693424E+06 -0.71719915999109E+02 -0.10251270229740E+05  0.26683099702963E+04  0.83532568387021E+04  0.35952303848417E+05 -0.55381583355768E+04 -0.23640404080628E+04  0.50870200635371E+02 -0.38945473726523E+05 -0.50598450641017E+05 -0.10021736420792E+04 -0.22687640052238E+04 -0.11866199595365E+03 -0.99046204330546E+04 -0.11145497737968E+05 -0.43507550889013E+03 -0.15153115602771E+03  0.52848497268343E+02  0.72448020137744E+03 -0.25605414133231E+04 -0.20774967707256E+04
   0.47958159671458E+06 -0.13496155564126E+06  0.23115199344997E+05  0.39490124778848E+06 -0.62472481321352E+05  0.76188230204799E+05  0.65065391139191E+05  0.34574296217608E+06 -0.25404657192427E+05 -0.18322660906300E+05  0.33707879326445E+04 -0.13734338867311E+04 -0.15635383079562E+03  0.58003934895145E+02  0.30526390321739E+05 -0.36874178971622E+04  0.27057940474701E+05  0.15127678058344E+05 -0.22228923114129E+07 -0.21022855812010E+03 -0.61855143966537E+05  0.20474474107630E+05  0.56672113123703E+05  0.24180193120543E+06 -0.12769871569553E+05 -0.21143962605289E+05 -0.65719398484809E+02 -0.65659003115380E+05 -0.34052690326141E+06 -0.14120763822831E+04 -0.24882000679569E+04 -0.73843917353557E+02 -0.11729154018919E+05 -0.52619683756925E+05 -0.25116574762043E+04 -0.98056352222270E+03 -0.94689555924530E+04 -0.15663155013564E+05 -0.71852538950638E+04 -0.21273419565234E+05
  -0.12633790622927E+06  0.35277559826604E+05 -0.61820588835596E+04 -0.62472481321352E+05  0.11754908407232E+05 -0.79540790863860E+04 -0.95108346759162E+04 -0.32390672491759E+05  0.36072825944003E+03  0.24034706538867E+04 -0.34354038216356E+03 -0.41028480253918E+02  0.45682930295058E+01 -0.51990418432915E+01 -0.26001699855623E+04  0.31921600140397E+03 -0.22512151442835E+04 -0.12758171048792E+04  0.49224987962957E+06  0.67567286955883E+02  0.12911415000093E+05 -0.38606095226168E+04 -0.10667368037666E+05 -0.48462357373602E+05  0.20002000884427E+04  0.33721248932521E+04 -0.56315334563050E+02  0.11974880503031E+05  0.63177151314144E+05  0.33978729035863E+03  0.57913447391698E+03  0.95501912623813E+01  0.29879337412061E+04  0.13190507973937E+05  0.48379610048782E+03  0.17942172860511E+03  0.33191704201730E+03  0.24934100780766E+04  0.81940326054442E+03  0.25180806735744E+04
  -0.22366671962185E+05  0.85947862922691E+04 -0.13051812574835E+04  0.76188230204799E+05 -0.79540790863860E+04  0.24590337373401E+05  0.14946231916158E+05  0.10544137434093E+06 -0.93876568787910E+04 -0.46422460366078E+04  0.10103607081890E+04 -0.71180073635991E+03 -0.69687674981386E+02  0.19746253472981E+02  0.93337860786637E+04 -0.11573667349785E+04  0.84124645458979E+04  0.47688266399660E+04 -0.69609734170327E+05  0.53015530779815E+02 -0.46559641136735E+04  0.25472993056441E+04  0.69911689441490E+04  0.22122862788297E+05 -0.28360058249729E+04 -0.43523681916198E+04  0.15531804985098E+03 -0.89326139681416E+04 -0.44232738184955E+05 -0.39485985171089E+01 -0.36601655936795E+02 -0.19674004462694E+02  0.33349843391588E+03  0.11206364648288E+04 -0.27644240528998E+03 -0.13905623354033E+03 -0.30437370484376E+04 -0.33948544905608E+04 -0.18587665161097E+04 -0.53613977040544E+04
   0.55671950847811E+05 -0.12397064911525E+05  0.26004195139380E+04  0.65065391139191E+05 -0.95108346759162E+04  0.14946231916158E+05  0.11719037054418E+05  0.58536699298310E+05 -0.29897727884283E+04 -0.33133138314369E+04  0.59136826172304E+03 -0.21636446384799E+03 -0.27517147573276E+02  0.10372078860728E+02  0.48193301801452E+04 -0.60609124626922E+03  0.42344047797316E+04  0.24307980497538E+04 -0.25364935851324E+06 -0.15184355876915E+01 -0.85464612756592E+04  0.31803303164009E+04  0.86485995938909E+04  0.34088310876390E+05 -0.25116400788709E+04 -0.39392918186743E+04  0.13704290481284E+03 -0.10148671679276E+05 -0.52994216350878E+05 -0.17257577573948E+03 -0.29437812518706E+03 -0.13820134136022E+02 -0.10822262409129E+04 -0.50159774621708E+04 -0.37757248598874E+03 -0.15899088110903E+03 -0.12778994570211E+04 -0.31749079818405E+04 -0.11536152553023E+04 -0.34383911211400E+04
   0.90325747648393E+06 -0.12157585177061E+06  0.31575957093419E+05  0.34574296217608E+06 -0.32390672491759E+05  0.10544137434093E+06  0.58536699298310E+05  0.49633447557246E+07 -0.23093110380002E+07 -0.85200963962637E+05  0.25909623847746E+05  0.27195262666861E+05  0.18175100135971E+04  0.10236581638392E+03  0.82270181657724E+05 -0.10431183624256E+05  0.83789176573270E+05  0.45168693722232E+05 -0.57556649339942E+06  0.37383662572655E+03 -0.28061271859247E+05  0.28467508240746E+05  0.89054087506744E+05  0.24726667397104E+06 -0.60509518194050E+05 -0.48668774493332E+05 -0.66754546357904E+05 -0.28094537480998E+06 -0.55782501319843E+06 -0.72516474395868E+05 -0.16218246365383E+06 -0.13293991873011E+04 -0.57293957390460E+04 -0.11247867523811E+05  0.58844874996883E+02  0.16370015299038E+03 -0.26172998678954E+06 -0.86042489087416E+04 -0.13673176768265E+06 -0.17008477912179E+06
  -0.17369415200906E+06  0.26445901323203E+05 -0.59199855483166E+04 -0.25404657192427E+05  0.36072825944003E+03 -0.93876568787910E+04 -0.29897727884283E+04 -0.23093110380002E+07  0.19287165753433E+07  0.18981768389906E+05 -0.65267264851294E+04 -0.58522376114486E+04 -0.32093298090053E+03 -0.14048297268085E+02  0.49886309301970E+05 -0.23465766337625E+04  0.16951238123282E+05  0.82150316245221E+04 -0.26641597834009E+05 -0.91953416276240E+02  0.69160251611955E+03 -0.57507288999263E+04 -0.19095860762292E+05 -0.47380812130946E+05  0.11447397677085E+05  0.10841693174906E+05  0.24100058576669E+05  0.65534540504371E+05  0.12595454969382E+06  0.23149093097757E+05  0.51880188913816E+05  0.17946123669866E+03  0.61804235205648E+03  0.12487853375313E+04 -0.11962869365557E+04 -0.66989870726459E+03  0.11155464223642E+06  0.15832975930287E+04  0.44183535513655E+05  0.54417505930229E+05
  -0.48432920309413E+05  0.74999753080955E+04 -0.19984492455897E+04 -0.18322660906300E+05  0.24034706538867E+04 -0.46422460366078E+04 -0.33133138314369E+04 -0.85200963962637E+05  0.18981768389906E+05  0.26464091855955E+04 -0.64231733013976E+03 -0.70081313511749E+03 -0.61553012507593E+02 -0.19463354841499E+01 -0.39736415558693E+04  0.48048068617268E+03 -0.35555029664664E+04 -0.20010070039509E+04  0.57441915617248E+05 -0.88679396189863E+01  0.24933797631842E+04 -0.13083792709661E+04 -0.38081985520889E+04 -0.12277787587199E+05  0.27382577883152E+04  0.18974652533232E+04  0.72751959746375E+03  0.10953057007444E+05  0.22927538901706E+05  0.15297479404092E+04  0.33499927595453E+04  0.43128187010671E+02  0.58022636907692E+03  0.11005614962568E+04  0.13555424687131E+03  0.60504688134392E+02  0.30851018510839E+04  0.44110171695345E+03  0.27851111035411E+04  0.35495273971671E+04
   0.73891294816043E+04 -0.93982058665619E+03  0.26234640924821E+03  0.33707879326445E+04 -0.34354038216356E+03  0.10103607081890E+04  0.59136826172304E+03  0.25909623847746E+05 -0.65267264851294E+04 -0.64231733013976E+03  0.18167955587324E+03  0.20796271245271E+03  0.15074356928417E+02  0.74896164141863E+00  0.12652833076622E+04 -0.13917645969897E+03  0.10838138899883E+04  0.58788750719481E+03 -0.65449259617603E+04  0.27656628492573E+01 -0.28815081676453E+03  0.22334528834417E+03  0.68393957155771E+03  0.19705045828570E+04 -0.48771665085065E+03 -0.36824577138418E+03 -0.34181373876482E+03 -0.20848819674832E+04 -0.41925367804297E+04 -0.44468298510626E+03 -0.99466054450261E+03 -0.11190873693197E+02 -0.50024945991951E+02 -0.98010070305005E+02 -0.15475941183868E+02 -0.72971565944585E+01 -0.11602287729724E+04 -0.69390071187648E+02 -0.83625617499892E+03 -0.10485043299899E+04
   0.15567914525756E+05 -0.12569510007194E+04  0.48637210787716E+03 -0.13734338867311E+04 -0.41028480253918E+02 -0.71180073635991E+03 -0.21636446384799E+03  0.27195262666861E+05 -0.58522376114486E+04 -0.70081313511749E+03  0.20796271245271E+03  0.18214479499904E+04  0.11869769488209E+03 -0.10107532185428E+01  0.14889761853532E+04 -0.20447419914087E+03  0.16201408078419E+04  0.92457541513932E+03 -0.68200762126053E+04 -0.51007457859186E+01 -0.12145670894776E+03 -0.89568987013570E+01  0.14358385148408E+03 -0.91125396475315E+03 -0.11735107141700E+04 -0.24702347550150E-10 -0.76734209054109E+03 -0.52266281856908E+04  0.10885941788088E-09 -0.25194258904710E+04 -0.75188476264248E+02 -0.83131843610427E+02 -0.22624369328148E+00 -0.17130456415733E-10 -0.18402616702934E+01 -0.79199867840539E+00  0.29935974793588E+03  0.32350324219651E+03 -0.28618040970275E+04  0.31739141487241E-10
   0.17638622207636E+04 -0.14730553205269E+03  0.63892002796762E+02 -0.15635383079562E+03  0.45682930295058E+01 -0.69687674981386E+02 -0.27517147573276E+02  0.18175100135971E+04 -0.32093298090053E+03 -0.61553012507593E+02  0.15074356928417E+02  0.11869769488209E+03  0.10636321741174E+02 -0.18265061675370E+00  0.80597102193183E+02 -0.13403726865045E+02  0.96354679104044E+02  0.59635514773127E+02 -0.32304363685676E+03 -0.43451969357134E+00  0.64481145859826E+01  0.99217899546054E+00  0.18852142443927E+02 -0.93223375677205E+02 -0.17360251396014E+03  0.41615123498255E-11 -0.29580848216185E+02 -0.61534119628391E+03 -0.41511424597051E-11 -0.15668524399202E+03 -0.19866486340238E+02 -0.66760835751718E+01 -0.16307863391333E+00 -0.70944283639467E-11 -0.19382472537007E+00 -0.75429399572801E-01  0.29876031099355E+02  0.72636844978157E+02 -0.20482053211831E+03 -0.31441577732327E-11
  -0.11090117900796E+03  0.13375048322152E+02 -0.50065001385009E+01  0.58003934895145E+02 -0.51990418432915E+01  0.19746253472981E+02  0.10372078860728E+02  0.10236581638392E+03 -0.14048297268085E+02 -0.19463354841499E+01  0.74896164141863E+00 -0.10107532185428E+01 -0.18265061675370E+00  0.55767839564578E-01  0.15212935549198E+02 -0.11755719760670E+01  0.97441381778331E+01  0.46124261325538E+01 -0.84095630954243E+02  0.26541708296160E-01 -0.46338807538389E+01  0.57313171778425E+00  0.14560589950699E+01  0.75850440867836E+01  0.72089362803894E-01 -0.43494247723220E-12 -0.64608907377157E+01 -0.89929476327851E+00 -0.16520743911859E-11 -0.37035916546799E+01 -0.23997562663203E-04 -0.15060864579805E+00  0.26488886700739E-12  0.66499851169216E-13 -0.18428589373631E-02 -0.10126771788435E-02 -0.16394987000583E+01  0.73922699886747E-04 -0.34792914717606E+01  0.23418993439757E-12
   0.74538187326519E+04  0.66593421431665E+03 -0.39348904886460E+03  0.30526390321739E+05 -0.26001699855623E+04  0.93337860786637E+04  0.48193301801452E+04  0.82270181657724E+05  0.49886309301970E+05 -0.39736415558693E+04  0.12652833076622E+04  0.14889761853532E+04  0.80597102193183E+02  0.15212935549198E+02  0.48673583417660E+05 -0.44628019829840E+04  0.35145044411944E+05  0.18276077281614E+05 -0.54927459422436E+05  0.21596644867501E+01  0.75867759923394E+03 -0.20641842777727E+03 -0.59847910665279E+03 -0.14468193904060E+04 -0.25928068851868E+04 -0.17052909288352E+04 -0.24524279913942E+04  0.19700293360423E+04  0.41988716441625E+04 -0.15207248165190E+04 -0.29590658032084E+04 -0.71443102311380E+03  0.23601207308968E+03  0.42217485224204E+03 -0.28141991836763E+04 -0.14998784009093E+04 -0.24681167881187E+04  0.18030167482626E+03 -0.83253942910624E+03 -0.93811098133747E+03
  -0.19002717185547E+04 -0.52386738241130E+02  0.33936695370198E+00 -0.36874178971622E+04  0.31921600140397E+03 -0.11573667349785E+04 -0.60609124626922E+03 -0.10431183624256E+05 -0.23465766337625E+04  0.48048068617268E+03 -0.13917645969897E+03 -0.20447419914087E+03 -0.13403726865045E+02 -0.11755719760670E+01 -0.44628019829840E+04  0.47724923608576E+03 -0.36971193357838E+04 -0.19987888681248E+04  0.64169717991016E+04 -0.86191092734093E+00 -0.11141205093420E+03  0.20994789143782E+02  0.52593373927444E+02  0.15233267687023E+03  0.47760070796851E+03  0.29964490600265E+03  0.28105106854127E+03 -0.15973365044455E+03 -0.47289593764283E+03  0.15638845227812E+03  0.30335733326756E+03  0.78228679673014E+02 -0.63281456722504E+02 -0.11169572018441E+03  0.42636878075684E+03  0.21126952426136E+03 -0.28627502858904E+03 -0.32344794220056E+02  0.23896697710941E+03  0.26780200560401E+03
   0.10511546057608E+05  0.17442009187569E+03 -0.18451431789313E+03  0.27057940474701E+05 -0.22512151442835E+04  0.84124645458979E+04  0.42344047797316E+04  0.83789176573270E+05  0.16951238123282E+05 -0.35555029664664E+04  0.10838138899883E+04  0.16201408078419E+04  0.96354679104044E+02  0.97441381778331E+01  0.35145044411944E+05 -0.36971193357838E+04  0.29084514876044E+05  0.15579130685390E+05 -0.48829187447255E+05  0.10855334434256E+01  0.81570708044704E+03 -0.24933624642536E+03 -0.67951841620817E+03 -0.15983494280113E+04 -0.26677736525388E+04 -0.17168230918090E+04 -0.24696999682681E+04  0.20846547562433E+04  0.44774002807360E+04 -0.12782241821529E+04 -0.24976760000786E+04 -0.60960989374355E+03  0.84834680608569E+02  0.16495570534302E+03 -0.26547945130643E+04 -0.14261536052726E+04  0.13374519828285E+04  0.22542843993091E+03 -0.16585273905869E+04 -0.18428734603004E+04
   0.75429948395772E+04  0.96623191041880E+02 -0.26267697541317E+02  0.15127678058344E+05 -0.12758171048792E+04  0.47688266399660E+04  0.24307980497538E+04  0.45168693722232E+05  0.82150316245221E+04 -0.20010070039509E+04  0.58788750719481E+03  0.92457541513932E+03  0.59635514773127E+02  0.46124261325538E+01  0.18276077281614E+05 -0.19987888681248E+04  0.15579130685390E+05  0.84539652860756E+04 -0.27116258544547E+05  0.19533984644693E+01  0.49224813468490E+03 -0.13155176826661E+03 -0.33542857291132E+03 -0.83896520280381E+03 -0.18520621874348E+04 -0.11604517413418E+04 -0.12399345552307E+04  0.97008117093518E+03  0.24368671119979E+04 -0.64700320119940E+03 -0.12654021971949E+04 -0.33468266940775E+03  0.11080677325811E+03  0.20511421516473E+03 -0.16983734232603E+04 -0.87692306097164E+03  0.14299186693228E+04  0.15610563491016E+03 -0.11392678683963E+04 -0.12667338973185E+04
  -0.74642953976830E+07  0.25609018187794E+07 -0.37188514693424E+06 -0.22228923114129E+07  0.49224987962957E+06 -0.69609734170327E+05 -0.25364935851324E+06 -0.57556649339942E+06 -0.26641597834009E+05  0.57441915617248E+05 -0.65449259617603E+04 -0.68200762126053E+04 -0.32304363685676E+03 -0.84095630954243E+02 -0.54927459422436E+05  0.64169717991016E+04 -0.48829187447255E+05 -0.27116258544547E+05  0.32918940425274E+08  0.65164007688915E+04  0.67520205922986E+06 -0.16748461582347E+06 -0.49742581985884E+06 -0.25082326961100E+07  0.33896302117490E+05  0.75352121951646E+05 -0.11731682889688E+04  0.56348837925340E+06  0.27485946849395E+07  0.17651557376879E+05  0.31447701007680E+05  0.22958922720287E+03  0.18319438458186E+06  0.80008849614742E+06  0.24711812517502E+05  0.78029372990057E+04 -0.18749214763248E+05  0.44092731518831E+05  0.20536808844851E+05  0.63225846769425E+05
  -0.13979106818693E+04  0.56488467040674E+03 -0.71719915999109E+02 -0.21022855812010E+03  0.67567286955883E+02  0.53015530779815E+02 -0.15184355876915E+01  0.37383662572655E+03 -0.91953416276240E+02 -0.88679396189863E+01  0.27656628492573E+01 -0.51007457859186E+01 -0.43451969357134E+00  0.26541708296160E-01  0.21596644867501E+01 -0.86191092734093E+00  0.10855334434256E+01  0.19533984644693E+01  0.65164007688915E+04  0.23815657329597E+01  0.14130643897711E+03 -0.28184105578793E+02 -0.85219280775204E+02 -0.50908479193788E+03  0.00000000000000E+00 -0.25793293915095E+02  0.00000000000000E+00  0.00000000000000E+00  0.41356062077516E+03  0.00000000000000E+00 -0.72363563685767E+01  0.00000000000000E+00  0.00000000000000E+00  0.21791467622635E+03  0.00000000000000E+00  0.00000000000000E+00  0.00000000000000E+00  0.11828507181627E+02  0.00000000000000E+00 -0.27039180357975E+02
  -0.21151682477173E+06  0.60416738799666E+05 -0.10251270229740E+05 -0.61855143966537E+05  0.12911415000093E+05 -0.46559641136735E+04 -0.85464612756592E+04 -0.28061271859247E+05  0.69160251611955E+03  0.24933797631842E+04 -0.28815081676453E+03 -0.12145670894776E+03  0.64481145859826E+01 -0.46338807538389E+01  0.75867759923394E+03 -0.11141205093420E+03  0.81570708044704E+03  0.49224813468490E+03  0.67520205922986E+06  0.14130643897711E+03  0.26428349064243E+05 -0.78137997002772E+04 -0.21384672191066E+05 -0.10107968366229E+06  0.00000000000000E+00  0.50695737898118E+04  0.00000000000000E+00  0.00000000000000E+00  0.11568417376450E+06  0.00000000000000E+00 -0.11547917222761E+04  0.00000000000000E+00  0.00000000000000E+00  0.23067023973206E+05  0.00000000000000E+00  0.00000000000000E+00  0.00000000000000E+00 -0.42202169739885E+04  0.00000000000000E+00  0.41648182820092E+04
   0.57467437771100E+05 -0.12742612781781E+05  0.26683099702963E+04  0.20474474107630E+05 -0.38606095226168E+04  0.25472993056441E+04  0.31803303164009E+04  0.28467508240746E+05 -0.57507288999263E+04 -0.13083792709661E+04  0.22334528834417E+03 -0.89568987013570E+01  0.99217899546054E+00  0.57313171778425E+00 -0.20641842777727E+03  0.20994789143782E+02 -0.24933624642536E+03 -0.13155176826661E+03 -0.16748461582347E+06 -0.28184105578793E+02 -0.78137997002772E+04  0.28490147969973E+04  0.75783662109717E+04  0.32986696804630E+05 -0.52073544084068E+02 -0.21171161492676E+04  0.24864758094864E+01  0.46492262506329E+03 -0.42233744316010E+05  0.00000000000000E+00 -0.16067884453037E+03  0.00000000000000E+00  0.22526064089643E+04 -0.49448179740509E+04  0.00000000000000E+00  0.00000000000000E+00  0.00000000000000E+00  0.15128935281896E+04 -0.39033810071902E+03 -0.28139187863614E+04
   0.17959310032539E+06 -0.43260667473346E+05  0.83532568387021E+04  0.56672113123703E+05 -0.10667368037666E+05  0.69911689441490E+04  0.86485995938909E+04  0.89054087506744E+05 -0.19095860762292E+05 -0.38081985520889E+04  0.68393957155771E+03  0.14358385148408E+03  0.18852142443927E+02  0.14560589950699E+01 -0.59847910665279E+03  0.52593373927444E+02 -0.67951841620817E+03 -0.33542857291132E+03 -0.49742581985884E+06 -0.85219280775204E+02 -0.21384672191066E+05  0.75783662109717E+04  0.20784991874315E+05  0.89222936835070E+05 -0.16364560140946E+03 -0.52791979813090E+04 -0.47254310843387E+02 -0.67786372030453E+04 -0.11604902229901E+06  0.00000000000000E+00 -0.39789541688578E+03  0.00000000000000E+00  0.31441569801123E+04 -0.15408218654045E+05  0.00000000000000E+00  0.00000000000000E+00  0.00000000000000E+00  0.37718899298151E+04 -0.21430447265318E+04 -0.81856843657274E+04
   0.74984769188012E+06 -0.20681115865425E+06  0.35952303848417E+05  0.24180193120543E+06 -0.48462357373602E+05  0.22122862788297E+05  0.34088310876390E+05  0.24726667397104E+06 -0.47380812130946E+05 -0.12277787587199E+05  0.19705045828570E+04 -0.91125396475315E+03 -0.93223375677205E+02  0.75850440867836E+01 -0.14468193904060E+04  0.15233267687023E+03 -0.15983494280113E+04 -0.83896520280381E+03 -0.25082326961100E+07 -0.50908479193788E+03 -0.10107968366229E+06  0.32986696804630E+05  0.89222936835070E+05  0.41831351192451E+06  0.25305299781935E+03 -0.27213452032094E+05 -0.64357345850455E+01  0.37946636651638E+05 -0.48834864191620E+06  0.00000000000000E+00 -0.21055165764813E+04  0.00000000000000E+00  0.16126214613728E+05 -0.81168012077022E+05  0.00000000000000E+00  0.00000000000000E+00  0.00000000000000E+00  0.20093524693575E+05  0.15677254950348E+04 -0.29900142129866E+05
  -0.12695301777171E+06  0.16573435089682E+05 -0.55381583355768E+04 -0.12769871569553E+05  0.20002000884427E+04 -0.28360058249729E+04 -0.25116400788709E+04 -0.60509518194050E+05  0.11447397677085E+05  0.27382577883152E+04 -0.48771665085065E+03 -0.11735107141700E+04 -0.17360251396014E+03  0.72089362803894E-01 -0.25928068851868E+04  0.47760070796851E+03 -0.26677736525388E+04 -0.18520621874348E+04  0.33896302117490E+05  0.00000000000000E+00  0.00000000000000E+00 -0.52073544084068E+02 -0.16364560140946E+03  0.25305299781935E+03  0.11625362754466E+06  0.00000000000000E+00  0.00000000000000E+00  0.00000000000000E+00  0.00000000000000E+00  0.00000000000000E+00  0.00000000000000E+00  0.00000000000000E+00  0.00000000000000E+00  0.00000000000000E+00  0.00000000000000E+00  0.00000000000000E+00  0.00000000000000E+00  0.00000000000000E+00  0.00000000000000E+00  0.00000000000000E+00
  -0.53865260505695E+05  0.81966818700294E+04 -0.23640404080628E+04 -0.21143962605289E+05  0.33721248932521E+04 -0.43523681916198E+04 -0.39392918186743E+04 -0.48668774493332E+05  0.10841693174906E+05  0.18974652533232E+04 -0.36824577138418E+03 -0.24702347550150E-10  0.41615123498255E-11 -0.43494247723220E-12 -0.17052909288352E+04  0.29964490600265E+03 -0.17168230918090E+04 -0.11604517413418E+04  0.75352121951646E+05 -0.25793293915095E+02  0.50695737898118E+04 -0.21171161492676E+04 -0.52791979813090E+04 -0.27213452032094E+05  0.00000000000000E+00  0.64575293737526E+05  0.00000000000000E+00  0.00000000000000E+00  0.00000000000000E+00  0.00000000000000E+00  0.00000000000000E+00  0.00000000000000E+00  0.00000000000000E+00  0.00000000000000E+00  0.00000000000000E+00  0.00000000000000E+00  0.00000000000000E+00  0.00000000000000E+00  0.00000000000000E+00  0.00000000000000E+00
  -0.43847363116728E+04 -0.23968699171778E+03  0.50870200635371E+02 -0.65719398484809E+02 -0.56315334563050E+02  0.15531804985098E+03  0.13704290481284E+03 -0.66754546357904E+05  0.24100058576669E+05  0.72751959746375E+03 -0.34181373876482E+03 -0.76734209054109E+03 -0.29580848216185E+02 -0.64608907377157E+01 -0.24524279913942E+04  0.28105106854127E+03 -0.24696999682681E+04 -0.12399345552307E+04 -0.11731682889688E+04  0.00000000000000E+00  0.00000000000000E+00  0.24864758094864E+01 -0.47254310843387E+02 -0.64357345850455E+01  0.00000000000000E+00  0.00000000000000E+00  0.30661109332338E+05  0.00000000000000E+00  0.00000000000000E+00  0.00000000000000E+00  0.00000000000000E+00  0.00000000000000E+00  0.00000000000000E+00  0.00000000000000E+00  0.00000000000000E+00  0.00000000000000E+00  0.00000000000000E+00  0.00000000000000E+00  0.00000000000000E+00  0.00000000000000E+00
  -0.83759333738766E+06  0.20914378226370E+06 -0.38945473726523E+05 -0.65659003115380E+05  0.11974880503031E+05 -0.89326139681416E+04 -0.10148671679276E+05 -0.28094537480998E+06  0.65534540504371E+05  0.10953057007444E+05 -0.20848819674832E+04 -0.52266281856908E+04 -0.61534119628391E+03 -0.89929476327851E+00  0.19700293360423E+04 -0.15973365044455E+03  0.20846547562433E+04  0.97008117093518E+03  0.56348837925340E+06  0.00000000000000E+00  0.00000000000000E+00  0.46492262506329E+03 -0.67786372030453E+04  0.37946636651638E+05  0.00000000000000E+00  0.00000000000000E+00  0.00000000000000E+00  0.57748993880363E+06  0.00000000000000E+00  0.00000000000000E+00  0.00000000000000E+00  0.00000000000000E+00  0.00000000000000E+00  0.00000000000000E+00  0.00000000000000E+00  0.00000000000000E+00  0.00000000000000E+00  0.00000000000000E+00  0.00000000000000E+00  0.00000000000000E+00
  -0.10844621561221E+07  0.26327930070310E+06 -0.50598450641017E+05 -0.34052690326141E+06  0.63177151314144E+05 -0.44232738184955E+05 -0.52994216350878E+05 -0.55782501319843E+06  0.12595454969382E+06  0.22927538901706E+05 -0.41925367804297E+04  0.10885941788088E-09 -0.41511424597051E-11 -0.16520743911859E-11  0.41988716441625E+04 -0.47289593764283E+03  0.44774002807360E+04  0.24368671119979E+04  0.27485946849395E+07  0.41356062077516E+03  0.11568417376450E+06 -0.42233744316010E+05 -0.11604902229901E+06 -0.48834864191620E+06  0.00000000000000E+00  0.00000000000000E+00  0.00000000000000E+00  0.00000000000000E+00  0.91778460284032E+06  0.00000000000000E+00  0.00000000000000E+00  0.00000000000000E+00  0.00000000000000E+00  0.00000000000000E+00  0.00000000000000E+00  0.00000000000000E+00  0.00000000000000E+00  0.00000000000000E+00  0.00000000000000E+00  0.00000000000000E+00
  -0.20560275259754E+05  0.58002094260555E+04 -0.10021736420792E+04 -0.14120763822831E+04  0.33978729035863E+03 -0.39485985171089E+01 -0.17257577573948E+03 -0.72516474395868E+05  0.23149093097757E+05  0.15297479404092E+04 -0.44468298510626E+03 -0.25194258904710E+04 -0.15668524399202E+03 -0.37035916546799E+01 -0.15207248165190E+04  0.15638845227812E+03 -0.12782241821529E+04 -0.64700320119940E+03  0.17651557376879E+05  0.00000000000000E+00  0.00000000000000E+00  0.00000000000000E+00  0.00000000000000E+00  0.00000000000000E+00  0.00000000000000E+00  0.00000000000000E+00  0.00000000000000E+00  0.00000000000000E+00  0.00000000000000E+00  0.14750394122341E+05  0.00000000000000E+00  0.00000000000000E+00  0.00000000000000E+00  0.00000000000000E+00  0.00000000000000E+00  0.00000000000000E+00  0.00000000000000E+00  0.00000000000000E+00  0.00000000000000E+00  0.00000000000000E+00
  -0.46340846769566E+05  0.13220777249879E+05 -0.22687640052238E+04 -0.24882000679569E+04  0.57913447391698E+03 -0.36601655936795E+02 -0.29437812518706E+03 -0.16218246365383E+06  0.51880188913816E+05  0.33499927595453E+04 -0.99466054450261E+03 -0.75188476264248E+02 -0.19866486340238E+02 -0.23997562663203E-04 -0.29590658032084E+04  0.30335733326756E+03 -0.24976760000786E+04 -0.12654021971949E+04  0.31447701007680E+05 -0.72363563685767E+01 -0.11547917222761E+04 -0.16067884453037E+03 -0.39789541688578E+03 -0.21055165764813E+04  0.00000000000000E+00  0.00000000000000E+00  0.00000000000000E+00  0.00000000000000E+00  0.00000000000000E+00  0.00000000000000E+00  0.31781086964078E+05  0.00000000000000E+00  0.00000000000000E+00  0.00000000000000E+00  0.00000000000000E+00  0.00000000000000E+00  0.00000000000000E+00  0.00000000000000E+00  0.00000000000000E+00  0.00000000000000E+00
  -0.30789892638197E+04  0.42094671027689E+03 -0.11866199595365E+03 -0.73843917353557E+02  0.95501912623813E+01 -0.19674004462694E+02 -0.13820134136022E+02 -0.13293991873011E+04  0.17946123669866E+03  0.43128187010671E+02 -0.11190873693197E+02 -0.83131843610427E+02 -0.66760835751718E+01 -0.15060864579805E+00 -0.71443102311380E+03  0.78228679673014E+02 -0.60960989374355E+03 -0.33468266940775E+03  0.22958922720287E+03  0.00000000000000E+00  0.00000000000000E+00  0.00000000000000E+00  0.00000000000000E+00  0.00000000000000E+00  0.00000000000000E+00  0.00000000000000E+00  0.00000000000000E+00  0.00000000000000E+00  0.00000000000000E+00  0.00000000000000E+00  0.00000000000000E+00  0.37864258039151E+04  0.00000000000000E+00  0.00000000000000E+00  0.00000000000000E+00  0.00000000000000E+00  0.00000000000000E+00  0.00000000000000E+00  0.00000000000000E+00  0.00000000000000E+00
  -0.19839410440484E+06  0.63444881143074E+05 -0.99046204330546E+04 -0.11729154018919E+05  0.29879337412061E+04  0.33349843391588E+03 -0.10822262409129E+04 -0.57293957390460E+04  0.61804235205648E+03  0.58022636907692E+03 -0.50024945991951E+02 -0.22624369328148E+00 -0.16307863391333E+00  0.26488886700739E-12  0.23601207308968E+03 -0.63281456722504E+02  0.84834680608569E+02  0.11080677325811E+03  0.18319438458186E+06  0.00000000000000E+00  0.00000000000000E+00  0.22526064089643E+04  0.31441569801123E+04  0.16126214613728E+05  0.00000000000000E+00  0.00000000000000E+00  0.00000000000000E+00  0.00000000000000E+00  0.00000000000000E+00  0.00000000000000E+00  0.00000000000000E+00  0.00000000000000E+00  0.10557908797971E+06  0.00000000000000E+00  0.00000000000000E+00  0.00000000000000E+00  0.00000000000000E+00  0.00000000000000E+00  0.00000000000000E+00  0.00000000000000E+00
  -0.22391709332787E+06  0.71022482189343E+05 -0.11145497737968E+05 -0.52619683756925E+05  0.13190507973937E+05  0.11206364648288E+04 -0.50159774621708E+04 -0.11247867523811E+05  0.12487853375313E+04  0.11005614962568E+04 -0.98010070305005E+02 -0.17130456415733E-10 -0.70944283639467E-11  0.66499851169216E-13  0.42217485224204E+03 -0.11169572018441E+03  0.16495570534302E+03  0.20511421516473E+03  0.80008849614742E+06  0.21791467622635E+03  0.23067023973206E+05 -0.49448179740509E+04 -0.15408218654045E+05 -0.81168012077022E+05  0.00000000000000E+00  0.00000000000000E+00  0.00000000000000E+00  0.00000000000000E+00  0.00000000000000E+00  0.00000000000000E+00  0.00000000000000E+00  0.00000000000000E+00  0.00000000000000E+00  0.13874038195907E+06  0.00000000000000E+00  0.00000000000000E+00  0.00000000000000E+00  0.00000000000000E+00  0.00000000000000E+00  0.00000000000000E+00
  -0.91050179823707E+04  0.24668888296844E+04 -0.43507550889013E+03 -0.25116574762043E+04  0.48379610048782E+03 -0.27644240528998E+03 -0.37757248598874E+03  0.58844874996883E+02 -0.11962869365557E+04  0.13555424687131E+03 -0.15475941183868E+02 -0.18402616702934E+01 -0.19382472537007E+00 -0.18428589373631E-02 -0.28141991836763E+04  0.42636878075684E+03 -0.26547945130643E+04 -0.16983734232603E+04  0.24711812517502E+05  0.00000000000000E+00  0.00000000000000E+00  0.00000000000000E+00  0.00000000000000E+00  0.00000000000000E+00  0.00000000000000E+00  0.00000000000000E+00  0.00000000000000E+00  0.00000000000000E+00  0.00000000000000E+00  0.00000000000000E+00  0.00000000000000E+00  0.00000000000000E+00  0.00000000000000E+00  0.00000000000000E+00  0.83151162373754E+04  0.00000000000000E+00  0.00000000000000E+00  0.00000000000000E+00  0.00000000000000E+00  0.00000000000000E+00
  -0.32260528927614E+04  0.78375208680096E+03 -0.15153115602771E+03 -0.98056352222270E+03  0.17942172860511E+03 -0.13905623354033E+03 -0.15899088110903E+03  0.16370015299038E+03 -0.66989870726459E+03  0.60504688134392E+02 -0.72971565944585E+01 -0.79199867840539E+00 -0.75429399572801E-01 -0.10126771788435E-02 -0.14998784009093E+04  0.21126952426136E+03 -0.14261536052726E+04 -0.87692306097164E+03  0.78029372990057E+04  0.00000000000000E+00  0.00000000000000E+00  0.00000000000000E+00  0.00000000000000E+00  0.00000000000000E+00  0.00000000000000E+00  0.00000000000000E+00  0.00000000000000E+00  0.00000000000000E+00  0.00000000000000E+00  0.00000000000000E+00  0.00000000000000E+00  0.00000000000000E+00  0.00000000000000E+00  0.00000000000000E+00  0.00000000000000E+00  0.42639458320916E+04  0.00000000000000E+00  0.00000000000000E+00  0.00000000000000E+00  0.00000000000000E+00
  -0.14953007837882E+05 -0.23673240839235E+04  0.52848497268343E+02 -0.94689555924530E+04  0.33191704201730E+03 -0.30437370484376E+04 -0.12778994570211E+04 -0.26172998678954E+06  0.11155464223642E+06  0.30851018510839E+04 -0.11602287729724E+04  0.29935974793588E+03  0.29876031099355E+02 -0.16394987000583E+01 -0.24681167881187E+04 -0.28627502858904E+03  0.13374519828285E+04  0.14299186693228E+04 -0.18749214763248E+05  0.00000000000000E+00  0.00000000000000E+00  0.00000000000000E+00  0.00000000000000E+00  0.00000000000000E+00  0.00000000000000E+00  0.00000000000000E+00  0.00000000000000E+00  0.00000000000000E+00  0.00000000000000E+00  0.00000000000000E+00  0.00000000000000E+00  0.00000000000000E+00  0.00000000000000E+00  0.00000000000000E+00  0.00000000000000E+00  0.00000000000000E+00  0.12387178432289E+06  0.00000000000000E+00  0.00000000000000E+00  0.00000000000000E+00
   0.16579999653597E+05 -0.22367381757618E+04  0.72448020137744E+03 -0.15663155013564E+05  0.24934100780766E+04 -0.33948544905608E+04 -0.31749079818405E+04 -0.86042489087416E+04  0.15832975930287E+04  0.44110171695345E+03 -0.69390071187648E+02  0.32350324219651E+03  0.72636844978157E+02  0.73922699886747E-04  0.18030167482626E+03 -0.32344794220056E+02  0.22542843993091E+03  0.15610563491016E+03  0.44092731518831E+05  0.11828507181627E+02 -0.42202169739885E+04  0.15128935281896E+04  0.37718899298151E+04  0.20093524693575E+05  0.00000000000000E+00  0.00000000000000E+00  0.00000000000000E+00  0.00000000000000E+00  0.00000000000000E+00  0.00000000000000E+00  0.00000000000000E+00  0.00000000000000E+00  0.00000000000000E+00  0.00000000000000E+00  0.00000000000000E+00  0.00000000000000E+00  0.00000000000000E+00  0.39245968418522E+05  0.00000000000000E+00  0.00000000000000E+00
  -0.70562183295665E+05  0.85355433606301E+04 -0.25605414133231E+04 -0.71852538950638E+04  0.81940326054442E+03 -0.18587665161097E+04 -0.11536152553023E+04 -0.13673176768265E+06  0.44183535513655E+05  0.27851111035411E+04 -0.83625617499892E+03 -0.28618040970275E+04 -0.20482053211831E+03 -0.34792914717606E+01 -0.83253942910624E+03  0.23896697710941E+03 -0.16585273905869E+04 -0.11392678683963E+04  0.20536808844851E+05  0.00000000000000E+00  0.00000000000000E+00 -0.39033810071902E+03 -0.21430447265318E+04  0.15677254950348E+04  0.00000000000000E+00  0.00000000000000E+00  0.00000000000000E+00  0.00000000000000E+00  0.00000000000000E+00  0.00000000000000E+00  0.00000000000000E+00  0.00000000000000E+00  0.00000000000000E+00  0.00000000000000E+00  0.00000000000000E+00  0.00000000000000E+00  0.00000000000000E+00  0.00000000000000E+00  0.94915283564555E+05  0.00000000000000E+00
  -0.55706320157864E+05  0.71631129900730E+04 -0.20774967707256E+04 -0.21273419565234E+05  0.25180806735744E+04 -0.53613977040544E+04 -0.34383911211400E+04 -0.17008477912179E+06  0.54417505930229E+05  0.35495273971671E+04 -0.10485043299899E+04  0.31739141487241E-10 -0.31441577732327E-11  0.23418993439757E-12 -0.93811098133747E+03  0.26780200560401E+03 -0.18428734603004E+04 -0.12667338973185E+04  0.63225846769425E+05 -0.27039180357975E+02  0.41648182820092E+04 -0.28139187863614E+04 -0.81856843657274E+04 -0.29900142129866E+05  0.00000000000000E+00  0.00000000000000E+00  0.00000000000000E+00  0.00000000000000E+00  0.00000000000000E+00  0.00000000000000E+00  0.00000000000000E+00  0.00000000000000E+00  0.00000000000000E+00  0.00000000000000E+00  0.00000000000000E+00  0.00000000000000E+00  0.00000000000000E+00  0.00000000000000E+00  0.00000000000000E+00  0.99596440020109E+05

 # Covariance matrix (Bevington epsilon)
