# fitpack15: fit parameters                                                                         
# CJ15 AV18 final data choices                                                                      
# Created on 01/23/2020 at 22:11:02                                                                 

 # QCD setup
  INS                           0
  NVL                          11
  IORD                          1
  Q02                   1.6899999999999999     
  IPARAMC                       7
  FLAVOR                4.0000000000000000     
  xmc                   1.3000000000000000     
  xmb                   4.5000000000000000     
  ncb                          12
  ihq                           1
  ias                           0

 # Theory corrections
  inuke                     10814
  itmc                          1
  iht                           1

 # fit parameters
 LAMBDA       0.22680        0.0000    
 a0uv          2.3948        0.0000    
 a1uv         0.61425       0.19946E-01
 a2uv          3.5436       0.12386E-01
 a3uv          0.0000        0.0000    
 a4uv          3.4858       0.43285    
 a5uv          0.0000        0.0000    
 a0dv          24.892        0.0000    
 a1dv          1.1613       0.33346E-01
 a2dv          6.5518       0.15849    
 a3dv         -3.5055       0.85377E-01
 a4dv          4.6731       0.14175    
 a5dv          0.0000        0.0000    
 a0ud         0.14647       0.50322E-02
 a1ud        -0.20785       0.37553E-02
 a2ud          8.3116       0.19188    
 a3ud          0.0000        0.0000    
 a4ud          14.562        1.2236    
 a5ud          0.0000        0.0000    
 a0du          35712.        0.0000    
 a1du          4.0297       0.75807E-01
 a2du          20.092       0.87674    
 a3du          17.000        0.0000    
 a4du          51.330        10.673    
 a0g           45.889        0.0000    
 a1g          0.60469       0.31353E-01
 a2g           6.5641       0.97066    
 a3g          -3.3079       0.13598    
 a4g           3.1894       0.32704    
 a5g           0.0000        0.0000    
 kappa        0.40000        0.0000    
 a6dv        -0.35367E-02   0.66122E-03
 a7dv          2.0000        0.0000    
 off1         -3.7458        1.5192    
 off2         0.57652E-01   0.56822E-01
 ht1          -3.3224       0.26167    
 ht2           1.9416       0.10545    
 ht3          -2.0635       0.18298E-01
 ht4           0.0000        0.0000    
 dummy40       0.0000        0.0000    
 dummy41       0.0000        0.0000    
 dummy42       0.0000        0.0000    
 dummy43       0.0000        0.0000    
 dummy44       0.0000        0.0000    
 dummy45       0.0000        0.0000    
 dummy46       0.0000        0.0000    
 dummy47       0.0000        0.0000    
 dummy48       0.0000        0.0000    
 dummy49       0.0000        0.0000    
 bcdmsh2      0.97308       0.48229E-02
 bcdmsd2      0.99310       0.58302E-02
 ccfr          1.0000        0.0000    
 nutev         1.0000        0.0000    
 zeus         0.97998        0.0000    
 h1            1.0162        0.0000    
 e605          1.0319        0.0000    
 NmcH2         1.0093       0.71218E-02
 ntv_nu        1.0000        0.0000    
 ntv_nubar     1.0000        0.0000    
 cdf_jet      0.98910        0.0000    
 d0_jet       0.83504        0.0000    
 slac_p        1.0048       0.48106E-02
 slac_d        1.0040       0.52727E-02
 e866pp       0.96627       0.19271E-01
 e866pd       0.96385       0.15825E-01
 d0_gamjet     1.0388       0.16480E-01
 h1b          0.97608        0.0000    
 jlab_p       0.99407       0.57859E-02
 jlab_d       0.97525       0.59003E-02
 blank         1.0000        0.0000    
 d0run2       0.94027       0.14111E-01
 cdfrun2      0.92614       0.17213E-01
 HERA_el       1.0000        0.0000    
 HERA_ps       1.0000        0.0000    
 CDF_Z        0.96569       0.65191E-02
 NmcRat        1.0000        0.0000    
 BNS_F2nd     0.98340       0.69272E-02
 HERMES_F2p   0.99827       0.55654E-02
 HERMES_F2d   0.98030       0.58199E-02
 END 0. 0.

 # Hessian matrix (Bevington alpha)
   0.48865195490928E+07 -0.12869775626440E+07  0.23311429459910E+06  0.47949488234087E+06 -0.12631978932172E+06 -0.22392275489802E+05  0.55698255962834E+05  0.90407462641802E+06 -0.17367681383435E+06 -0.48424816014436E+05  0.73788309423220E+04  0.15567671139519E+05  0.17638531295665E+04 -0.11082895089454E+03  0.74511064836948E+04 -0.18990528913270E+04  0.10534167085890E+05  0.75547748067193E+04 -0.74803984305509E+07 -0.13902740644806E+04 -0.21253937689656E+06  0.57611804966120E+05  0.17993056338810E+06  0.75091403935659E+06 -0.12693811709162E+06 -0.53858693281149E+05 -0.43860362369661E+04 -0.83751232438411E+06 -0.10843309898413E+07 -0.20558522936954E+05 -0.46336317231519E+05 -0.30789944662103E+04 -0.19837733542065E+06 -0.22389294848464E+06 -0.91091812654313E+04 -0.32277412345038E+04 -0.14940558096550E+05  0.16580188736569E+05 -0.70551759729155E+05 -0.55698223346748E+05
  -0.12869775626440E+07  0.41291759835375E+06 -0.63476455011215E+05 -0.13494556340258E+06  0.35273459405687E+05  0.86054367650156E+04 -0.12401499652409E+05 -0.12168706879667E+06  0.26441592390152E+05  0.74987884562569E+04 -0.93852672260032E+03 -0.12570767255924E+04 -0.14731898561694E+03  0.13366643984287E+02  0.66348277386456E+03 -0.51993849620842E+02  0.17215790047447E+03  0.95258114518295E+02  0.25665814729180E+07  0.56273276263987E+03  0.60721960987484E+05 -0.12785269600513E+05 -0.43350820318853E+05 -0.20714922950116E+06  0.16572965653656E+05  0.81962373931395E+04 -0.23947982062006E+03  0.20914419566983E+06  0.26326602597122E+06  0.58000780379448E+04  0.13220238395709E+05  0.42100426962733E+03  0.63444761369506E+05  0.71019099151274E+05  0.24680266397858E+04  0.78416179953396E+03 -0.23683000690076E+04 -0.22369491063992E+04  0.85352550647868E+04  0.71627548044271E+04
   0.23311429459910E+06 -0.63476455011215E+05  0.11244503853366E+05  0.23120648213620E+05 -0.61836173834612E+04 -0.13070586220452E+04  0.26026171182709E+04  0.31613126669447E+05 -0.59203679276932E+04 -0.19987552924213E+04  0.26204105504116E+03  0.48649607625854E+03  0.63909241724938E+02 -0.50043287756557E+01 -0.39342307705366E+03  0.32982848365672E+00 -0.18408887823195E+03 -0.25996353473357E+02 -0.37283876049101E+06 -0.71379568586339E+02 -0.10305038284599E+05  0.26762867796064E+04  0.83722833086185E+04  0.36018301495998E+05 -0.55394025681622E+04 -0.23645613597115E+04  0.50820533711540E+02 -0.38956765564751E+05 -0.50611343591498E+05 -0.10024842979884E+04 -0.22694383071192E+04 -0.11870319514253E+03 -0.99078755692099E+04 -0.11148781971385E+05 -0.43543325854633E+03 -0.15166331332307E+03  0.53287411729487E+02  0.72472067810934E+03 -0.25610022158470E+04 -0.20778759560812E+04
   0.47949488234087E+06 -0.13494556340258E+06  0.23120648213620E+05  0.39480648913522E+06 -0.62464015946214E+05  0.76255794739269E+05  0.65113040464751E+05  0.34611708145309E+06 -0.25440694263582E+05 -0.18320444890815E+05  0.33664177502940E+04 -0.13730063191768E+04 -0.15631463469034E+03  0.57959210784663E+02  0.30517001147492E+05 -0.36848014953389E+04  0.27082461930716E+05  0.15139086581635E+05 -0.22275809034812E+07 -0.20797871718221E+03 -0.62142702404713E+05  0.20510798527392E+05  0.56763926199051E+05  0.24211628769204E+06 -0.12768803828483E+05 -0.21140912245294E+05 -0.65869702421885E+02 -0.65648588400722E+05 -0.34047397589311E+06 -0.14121072815266E+04 -0.24882343035084E+04 -0.73929902932279E+02 -0.11727239168831E+05 -0.52611423421188E+05 -0.25128401006986E+04 -0.98108779784334E+03 -0.94608039191680E+04 -0.15660445919592E+05 -0.71839262857743E+04 -0.21268545466882E+05
  -0.12631978932172E+06  0.35273459405687E+05 -0.61836173834612E+04 -0.62464015946214E+05  0.11754189109574E+05 -0.79618862583418E+04 -0.95182166543101E+04 -0.32428617773981E+05  0.36423017882109E+03  0.24033397848207E+04 -0.34309523727888E+03 -0.41077236379492E+02  0.45641879187127E+01 -0.51953049069025E+01 -0.25999221935710E+04  0.31905122269409E+03 -0.22538542933864E+04 -0.12771068050017E+04  0.49330098670523E+06  0.67093020932462E+02  0.12973063495774E+05 -0.38686031620195E+04 -0.10686354433641E+05 -0.48533153564191E+05  0.20003121861267E+04  0.33720538745652E+04 -0.56277516926672E+02  0.11974176837706E+05  0.63172456079869E+05  0.33979451388932E+03  0.57915167471113E+03  0.95640461696069E+01  0.29876702975252E+04  0.13188986790630E+05  0.48402891911239E+03  0.17952136763030E+03  0.33135550861218E+03  0.24933333622293E+04  0.81940054996704E+03  0.25178969592572E+04
  -0.22392275489802E+05  0.86054367650156E+04 -0.13070586220452E+04  0.76255794739269E+05 -0.79618862583418E+04  0.24643579724936E+05  0.14976786256445E+05  0.10568509004144E+06 -0.94100770850027E+04 -0.46475953275155E+04  0.10103158575840E+04 -0.71243654806161E+03 -0.69754259732349E+02  0.19753789265580E+02  0.93405245237909E+04 -0.11577502779213E+04  0.84290633495559E+04  0.47775178555804E+04 -0.69805201299321E+05  0.53253260790438E+02 -0.46796275542051E+04  0.25526248774276E+04  0.70085192841323E+04  0.22164617596186E+05 -0.28392752882434E+04 -0.43570515047739E+04  0.15557958653000E+03 -0.89410882654637E+04 -0.44276423734112E+05 -0.39487073547561E+01 -0.36613382243349E+02 -0.19714996874616E+02  0.33441479061673E+03  0.11233760530448E+04 -0.27694712618861E+03 -0.13931471176739E+03 -0.30450199199266E+04 -0.33984189817950E+04 -0.18604927523713E+04 -0.53662158254175E+04
   0.55698255962834E+05 -0.12401499652409E+05  0.26026171182709E+04  0.65113040464751E+05 -0.95182166543101E+04  0.14976786256445E+05  0.11740358886081E+05  0.58664420665009E+05 -0.29994216472252E+04 -0.33164881231854E+04  0.59122634282676E+03 -0.21652081927831E+03 -0.27539349610401E+02  0.10374737906641E+02  0.48226289874230E+04 -0.60625358261078E+03  0.42427808833982E+04  0.24352044671444E+04 -0.25436305147356E+06 -0.11902604387572E+01 -0.85920278328803E+04  0.31881461272287E+04  0.86700212858625E+04  0.34158892691608E+05 -0.25140992115583E+04 -0.39428234271074E+04  0.13717862060781E+03 -0.10156493653576E+05 -0.53035122798553E+05 -0.17270228956942E+03 -0.29458990842308E+03 -0.13848942673362E+02 -0.10824504992055E+04 -0.50175075240578E+04 -0.37810500810994E+03 -0.15922994942073E+03 -0.12781994696105E+04 -0.31777783764035E+04 -0.11545951597913E+04 -0.34411368390545E+04
   0.90407462641802E+06 -0.12168706879667E+06  0.31613126669447E+05  0.34611708145309E+06 -0.32428617773981E+05  0.10568509004144E+06  0.58664420665009E+05  0.49740952611809E+07 -0.23118250827725E+07 -0.85306738792868E+05  0.25915850074472E+05  0.27231437373180E+05  0.18200089896303E+04  0.10238942486984E+03  0.82429284746252E+05 -0.10447099679294E+05  0.84035259903674E+05  0.45296442747481E+05 -0.57752755528736E+06  0.37527072163223E+03 -0.28197888397631E+05  0.28516560057252E+05  0.89253096857588E+05  0.24754091710444E+06 -0.60579823811984E+05 -0.48723020092511E+05 -0.66815879108617E+05 -0.28124116128856E+06 -0.55838510910986E+06 -0.72595727689784E+05 -0.16235672111800E+06 -0.13317476915955E+04 -0.57331318724066E+04 -0.11254763710152E+05  0.53299567018602E+02  0.16108195765961E+03 -0.26196300350927E+06 -0.86127448299826E+04 -0.13687966892751E+06 -0.17026360932342E+06
  -0.17367681383435E+06  0.26441592390152E+05 -0.59203679276932E+04 -0.25440694263582E+05  0.36423017882109E+03 -0.94100770850027E+04 -0.29994216472252E+04 -0.23118250827725E+07  0.19287892334890E+07  0.18988087531378E+05 -0.65224516577244E+04 -0.58553358389623E+04 -0.32113041333117E+03 -0.14044152821267E+02  0.49820245067906E+05 -0.23385901180080E+04  0.16910593199986E+05  0.81923132501590E+04 -0.26630215305654E+05 -0.91981544662487E+02  0.68947722225070E+03 -0.57518387949245E+04 -0.19114097554908E+05 -0.47345903566521E+05  0.11450407352018E+05  0.10843512473651E+05  0.24093914980848E+05  0.65536377790219E+05  0.12595220064835E+06  0.23150558297790E+05  0.51882192277254E+05  0.17986673359996E+03  0.61766359626385E+03  0.12480009333188E+04 -0.11943478627181E+04 -0.66892556316773E+03  0.11153342493125E+06  0.15831299328959E+04  0.44185344321189E+05  0.54418192129770E+05
  -0.48424816014436E+05  0.74987884562569E+04 -0.19987552924213E+04 -0.18320444890815E+05  0.24033397848207E+04 -0.46475953275155E+04 -0.33164881231854E+04 -0.85306738792868E+05  0.18988087531378E+05  0.26467528044402E+04 -0.64171979213390E+03 -0.70095961436866E+03 -0.61567555422353E+02 -0.19446635926021E+01 -0.39734361304130E+04  0.48026448856065E+03 -0.35597658114540E+04 -0.20030809928775E+04  0.57563102763104E+05 -0.89606136276562E+01  0.25041164429125E+04 -0.13099528996473E+04 -0.38137007297722E+04 -0.12287293711140E+05  0.27383626364524E+04  0.18974615106772E+04  0.72763755123926E+03  0.10952814404962E+05  0.22925837341486E+05  0.15298044149056E+04  0.33501011982046E+04  0.43144485341010E+02  0.58004041868025E+03  0.11001606591608E+04  0.13569308339082E+03  0.60572036605520E+02  0.30849058976391E+04  0.44109333209696E+03  0.27852591203745E+04  0.35495843890021E+04
   0.73788309423220E+04 -0.93852672260032E+03  0.26204105504116E+03  0.33664177502940E+04 -0.34309523727888E+03  0.10103158575840E+04  0.59122634282676E+03  0.25915850074472E+05 -0.65224516577244E+04 -0.64171979213390E+03  0.18133699087978E+03  0.20778582259821E+03  0.15060716905491E+02  0.74764975774870E+00  0.12640493337631E+04 -0.13898047606958E+03  0.10839230394394E+04  0.58785984991519E+03 -0.65506694603046E+04  0.27732342345064E+01 -0.28890271125034E+03  0.22326276049561E+03  0.68399711970183E+03  0.19687279383808E+04 -0.48715207843702E+03 -0.36782488299660E+03 -0.34157463136502E+03 -0.20824501360383E+04 -0.41873822473170E+04 -0.44426907866082E+03 -0.99372137481144E+03 -0.11183636007625E+02 -0.49938584296542E+02 -0.97837219359779E+02 -0.15483759354752E+02 -0.73015035513241E+01 -0.11591633590069E+04 -0.69300810885436E+02 -0.83547068136679E+03 -0.10474779549026E+04
   0.15567671139519E+05 -0.12570767255924E+04  0.48649607625854E+03 -0.13730063191768E+04 -0.41077236379492E+02 -0.71243654806161E+03 -0.21652081927831E+03  0.27231437373180E+05 -0.58553358389623E+04 -0.70095961436866E+03  0.20778582259821E+03  0.18216105512499E+04  0.11871426219975E+03 -0.10121611425498E+01  0.14884184008777E+04 -0.20433885351044E+03  0.16217666989584E+04  0.92534620470142E+03 -0.68371412816557E+04 -0.50962813301407E+01 -0.12221224144204E+03 -0.87345134241697E+01  0.14465405339811E+03 -0.90966956439104E+03 -0.11736060996411E+04 -0.27593068254449E-10 -0.76748135060689E+03 -0.52270587932242E+04 -0.42122927887564E-09 -0.25195071640619E+04 -0.75201114075993E+02 -0.83139165459081E+02 -0.22626013978468E+00 -0.11968743215397E-09 -0.18411912134364E+01 -0.79237635537338E+00  0.29935541896608E+03  0.32353497665713E+03 -0.28618880710265E+04  0.15639875931010E-10
   0.17638531295665E+04 -0.14731898561694E+03  0.63909241724938E+02 -0.15631463469034E+03  0.45641879187127E+01 -0.69754259732349E+02 -0.27539349610401E+02  0.18200089896303E+04 -0.32113041333117E+03 -0.61567555422353E+02  0.15060716905491E+02  0.11871426219975E+03  0.10638165621756E+02 -0.18259479559910E+00  0.80548092715235E+02 -0.13392430639959E+02  0.96466287049294E+02  0.59689632752818E+02 -0.32391601536937E+03 -0.43477885946114E+00  0.64627897058754E+01  0.10041462144231E+01  0.18935067322711E+02 -0.93240236078027E+02 -0.17361783221575E+03 -0.30569587345839E-11 -0.29591720913537E+02 -0.61539754122261E+03  0.25350965905095E-10 -0.15669603254897E+03 -0.19869962824615E+02 -0.66768711569422E+01 -0.16309068071685E+00  0.76798875617849E-11 -0.19392888787600E+00 -0.75467789556158E-01  0.29875382058753E+02  0.72644414120724E+02 -0.20483397856766E+03  0.12016698763349E-10
  -0.11082895089454E+03  0.13366643984287E+02 -0.50043287756557E+01  0.57959210784663E+02 -0.51953049069025E+01  0.19753789265580E+02  0.10374737906641E+02  0.10238942486984E+03 -0.14044152821267E+02 -0.19446635926021E+01  0.74764975774870E+00 -0.10121611425498E+01 -0.18259479559910E+00  0.55683746442882E-01  0.15200463318607E+02 -0.11741303164077E+01  0.97417123701711E+01  0.46109836069002E+01 -0.84219397217912E+02  0.26700437417648E-01 -0.46512047544188E+01  0.57535401145275E+00  0.14616043725270E+01  0.76142492235457E+01  0.72053627868971E-01 -0.68350665867840E-12 -0.64531077089863E+01 -0.89733174171901E+00 -0.46911592054200E-12 -0.36978956077899E+01 -0.23868795063143E-04 -0.15043293598229E+00  0.48883072509549E-12  0.32327605507408E-13 -0.18413550135352E-02 -0.10118482268271E-02 -0.16385656531086E+01  0.73452339209546E-04 -0.34737769598374E+01 -0.10437781602304E-12
   0.74511064836948E+04  0.66348277386456E+03 -0.39342307705366E+03  0.30517001147492E+05 -0.25999221935710E+04  0.93405245237909E+04  0.48226289874230E+04  0.82429284746252E+05  0.49820245067906E+05 -0.39734361304130E+04  0.12640493337631E+04  0.14884184008777E+04  0.80548092715235E+02  0.15200463318607E+02  0.48660707367576E+05 -0.44594250817211E+04  0.35166261345932E+05  0.18284703697290E+05 -0.55058959161099E+05  0.21250429521346E+01  0.76175845650760E+03 -0.20693345105892E+03 -0.60003553318248E+03 -0.14507520308067E+04 -0.25900802830281E+04 -0.17036588970939E+04 -0.24521883212315E+04  0.19700183263491E+04  0.41969779098137E+04 -0.15205927522758E+04 -0.29587934776643E+04 -0.71427910524919E+03  0.23563189149314E+03  0.42147060448539E+03 -0.28131331311016E+04 -0.14994525345285E+04 -0.24711133771207E+04  0.18008547316551E+03 -0.83101053853778E+03 -0.93640052215202E+03
  -0.18990528913270E+04 -0.51993849620842E+02  0.32982848365672E+00 -0.36848014953389E+04  0.31905122269409E+03 -0.11577502779213E+04 -0.60625358261078E+03 -0.10447099679294E+05 -0.23385901180080E+04  0.48026448856065E+03 -0.13898047606958E+03 -0.20433885351044E+03 -0.13392430639959E+02 -0.11741303164077E+01 -0.44594250817211E+04  0.47665902539536E+03 -0.36981170891172E+04 -0.19990050103340E+04  0.64301497657065E+04 -0.85611690866264E+00 -0.11184606247482E+03  0.21074934300443E+02  0.52784542436803E+02  0.15289386354139E+03  0.47697516244900E+03  0.29926287338317E+03  0.28097708897768E+03 -0.15975349767652E+03 -0.47254254491316E+03  0.15632172544799E+03  0.30322806461128E+03  0.78178335681790E+02 -0.63168073466787E+02 -0.11148942224153E+03  0.42603826581035E+03  0.21112513923982E+03 -0.28570316865496E+03 -0.32302606590357E+02  0.23867699907970E+03  0.26747279646239E+03
   0.10534167085890E+05  0.17215790047447E+03 -0.18408887823195E+03  0.27082461930716E+05 -0.22538542933864E+04  0.84290633495559E+04  0.42427808833982E+04  0.84035259903674E+05  0.16910593199986E+05 -0.35597658114540E+04  0.10839230394394E+04  0.16217666989584E+04  0.96466287049294E+02  0.97417123701711E+01  0.35166261345932E+05 -0.36981170891172E+04  0.29133941340475E+05  0.15603965878058E+05 -0.49005180535245E+05  0.10590493635365E+01  0.82024387235823E+03 -0.25012459653841E+03 -0.68170886876009E+03 -0.16042597224381E+04 -0.26707132742208E+04 -0.17186368121019E+04 -0.24717890418188E+04  0.20858776219164E+04  0.44803644578809E+04 -0.12792378402153E+04 -0.24996551664012E+04 -0.61015472698399E+03  0.85006638923748E+02  0.16526021988022E+03 -0.26583622273114E+04 -0.14279936470831E+04  0.13403394789891E+04  0.22567508071092E+03 -0.16605586064294E+04 -0.18451158276553E+04
   0.75547748067193E+04  0.95258114518295E+02 -0.25996353473357E+02  0.15139086581635E+05 -0.12771068050017E+04  0.47775178555804E+04  0.24352044671444E+04  0.45296442747481E+05  0.81923132501590E+04 -0.20030809928775E+04  0.58785984991519E+03  0.92534620470142E+03  0.59689632752818E+02  0.46109836069002E+01  0.18284703697290E+05 -0.19990050103340E+04  0.15603965878058E+05  0.84663843448484E+04 -0.27210734404599E+05  0.19369188662232E+01  0.49491159266301E+03 -0.13200804497210E+03 -0.33658591263738E+03 -0.84229734742816E+03 -0.18534079168165E+04 -0.11612657405542E+04 -0.12409103547569E+04  0.97059327667558E+03  0.24380933438201E+04 -0.64745427536427E+03 -0.12662855121246E+04 -0.33493172003490E+03  0.11086433831492E+03  0.20520937090319E+03 -0.17001700552074E+04 -0.87784206080476E+03  0.14313087799896E+04  0.15622375180071E+03 -0.11402428972911E+04 -0.12678017214970E+04
  -0.74803984305509E+07  0.25665814729180E+07 -0.37283876049101E+06 -0.22275809034812E+07  0.49330098670523E+06 -0.69805201299321E+05 -0.25436305147356E+06 -0.57752755528736E+06 -0.26630215305654E+05  0.57563102763104E+05 -0.65506694603046E+04 -0.68371412816557E+04 -0.32391601536937E+03 -0.84219397217912E+02 -0.55058959161099E+05  0.64301497657065E+04 -0.49005180535245E+05 -0.27210734404599E+05  0.33066439490379E+08  0.65068691689926E+04  0.68014350530149E+06 -0.16829704427199E+06 -0.49950207799188E+06 -0.25180065700656E+07  0.33974536188307E+05  0.75516467771220E+05 -0.11746541709107E+04  0.56475447254928E+06  0.27546115855897E+07  0.17690899778996E+05  0.31518208714641E+05  0.23057893213976E+03  0.18360484692172E+06  0.80184231912878E+06  0.24778331509508E+05  0.78244385600910E+04 -0.18803554526525E+05  0.44188747402081E+05  0.20583822195978E+05  0.63363542647773E+05
  -0.13902740644806E+04  0.56273276263987E+03 -0.71379568586339E+02 -0.20797871718221E+03  0.67093020932462E+02  0.53253260790438E+02 -0.11902604387572E+01  0.37527072163223E+03 -0.91981544662487E+02 -0.89606136276562E+01  0.27732342345064E+01 -0.50962813301407E+01 -0.43477885946114E+00  0.26700437417648E-01  0.21250429521346E+01 -0.85611690866264E+00  0.10590493635365E+01  0.19369188662232E+01  0.65068691689926E+04  0.23717145158630E+01  0.14112397063179E+03 -0.27998292415247E+02 -0.84640594957359E+02 -0.50645404446549E+03  0.00000000000000E+00 -0.25977173424960E+02  0.00000000000000E+00  0.00000000000000E+00  0.40939702400308E+03  0.00000000000000E+00 -0.71926944913068E+01  0.00000000000000E+00  0.00000000000000E+00  0.21708794356827E+03  0.00000000000000E+00  0.00000000000000E+00  0.00000000000000E+00  0.11981731883666E+02  0.00000000000000E+00 -0.27188343911770E+02
  -0.21253937689656E+06  0.60721960987484E+05 -0.10305038284599E+05 -0.62142702404713E+05  0.12973063495774E+05 -0.46796275542051E+04 -0.85920278328803E+04 -0.28197888397631E+05  0.68947722225070E+03  0.25041164429125E+04 -0.28890271125034E+03 -0.12221224144204E+03  0.64627897058754E+01 -0.46512047544188E+01  0.76175845650760E+03 -0.11184606247482E+03  0.82024387235823E+03  0.49491159266301E+03  0.68014350530149E+06  0.14112397063179E+03  0.26686641138171E+05 -0.78673598069841E+04 -0.21526487928756E+05 -0.10173250651807E+06  0.00000000000000E+00  0.50913982594508E+04  0.00000000000000E+00  0.00000000000000E+00  0.11623452400903E+06  0.00000000000000E+00 -0.11604931648041E+04  0.00000000000000E+00  0.00000000000000E+00  0.23182357735400E+05  0.00000000000000E+00  0.00000000000000E+00  0.00000000000000E+00 -0.42393944533989E+04  0.00000000000000E+00  0.41826236627179E+04
   0.57611804966120E+05 -0.12785269600513E+05  0.26762867796064E+04  0.20510798527392E+05 -0.38686031620195E+04  0.25526248774276E+04  0.31881461272287E+04  0.28516560057252E+05 -0.57518387949245E+04 -0.13099528996473E+04  0.22326276049561E+03 -0.87345134241697E+01  0.10041462144231E+01  0.57535401145275E+00 -0.20693345105892E+03  0.21074934300443E+02 -0.25012459653841E+03 -0.13200804497210E+03 -0.16829704427199E+06 -0.27998292415247E+02 -0.78673598069841E+04  0.28582746222010E+04  0.76037610046361E+04  0.33092438365513E+05 -0.52157908692542E+02 -0.21191294346036E+04  0.24701889451576E+01  0.45603514175372E+03 -0.42303992895184E+05  0.00000000000000E+00 -0.15982661846517E+03  0.00000000000000E+00  0.22503076194752E+04 -0.49599495142656E+04  0.00000000000000E+00  0.00000000000000E+00  0.00000000000000E+00  0.15148131819650E+04 -0.39117113220947E+03 -0.28160656342064E+04
   0.17993056338810E+06 -0.43350820318853E+05  0.83722833086185E+04  0.56763926199051E+05 -0.10686354433641E+05  0.70085192841323E+04  0.86700212858625E+04  0.89253096857588E+05 -0.19114097554908E+05 -0.38137007297722E+04  0.68399711970183E+03  0.14465405339811E+03  0.18935067322711E+02  0.14616043725270E+01 -0.60003553318248E+03  0.52784542436803E+02 -0.68170886876009E+03 -0.33658591263738E+03 -0.49950207799188E+06 -0.84640594957359E+02 -0.21526487928756E+05  0.76037610046361E+04  0.20854228643369E+05  0.89496324613955E+05 -0.16406470017462E+03 -0.52843391477235E+04 -0.47492730260018E+02 -0.68091410323441E+04 -0.11623729135176E+06  0.00000000000000E+00 -0.39578501556641E+03  0.00000000000000E+00  0.31432145554547E+04 -0.15439632549700E+05  0.00000000000000E+00  0.00000000000000E+00  0.00000000000000E+00  0.37765952283463E+04 -0.21486487519873E+04 -0.81946424013134E+04
   0.75091403935659E+06 -0.20714922950116E+06  0.36018301495998E+05  0.24211628769204E+06 -0.48533153564191E+05  0.22164617596186E+05  0.34158892691608E+05  0.24754091710444E+06 -0.47345903566521E+05 -0.12287293711140E+05  0.19687279383808E+04 -0.90966956439104E+03 -0.93240236078027E+02  0.76142492235457E+01 -0.14507520308067E+04  0.15289386354139E+03 -0.16042597224381E+04 -0.84229734742816E+03 -0.25180065700656E+07 -0.50645404446549E+03 -0.10173250651807E+06  0.33092438365513E+05  0.89496324613955E+05  0.41953596965877E+06  0.25344264843998E+03 -0.27238980191993E+05 -0.64464753540302E+01  0.37997224613068E+05 -0.48899072160723E+06  0.00000000000000E+00 -0.20943491069091E+04  0.00000000000000E+00  0.16145079375553E+05 -0.81302160652344E+05  0.00000000000000E+00  0.00000000000000E+00  0.00000000000000E+00  0.20118583454935E+05  0.15701478488982E+04 -0.29914658352429E+05
  -0.12693811709162E+06  0.16572965653656E+05 -0.55394025681622E+04 -0.12768803828483E+05  0.20003121861267E+04 -0.28392752882434E+04 -0.25140992115583E+04 -0.60579823811984E+05  0.11450407352018E+05  0.27383626364524E+04 -0.48715207843702E+03 -0.11736060996411E+04 -0.17361783221575E+03  0.72053627868971E-01 -0.25900802830281E+04  0.47697516244900E+03 -0.26707132742208E+04 -0.18534079168165E+04  0.33974536188307E+05  0.00000000000000E+00  0.00000000000000E+00 -0.52157908692542E+02 -0.16406470017462E+03  0.25344264843998E+03  0.11624785182488E+06  0.00000000000000E+00  0.00000000000000E+00  0.00000000000000E+00  0.00000000000000E+00  0.00000000000000E+00  0.00000000000000E+00  0.00000000000000E+00  0.00000000000000E+00  0.00000000000000E+00  0.00000000000000E+00  0.00000000000000E+00  0.00000000000000E+00  0.00000000000000E+00  0.00000000000000E+00  0.00000000000000E+00
  -0.53858693281149E+05  0.81962373931395E+04 -0.23645613597115E+04 -0.21140912245294E+05  0.33720538745652E+04 -0.43570515047739E+04 -0.39428234271074E+04 -0.48723020092511E+05  0.10843512473651E+05  0.18974615106772E+04 -0.36782488299660E+03 -0.27593068254449E-10 -0.30569587345839E-11 -0.68350665867840E-12 -0.17036588970939E+04  0.29926287338317E+03 -0.17186368121019E+04 -0.11612657405542E+04  0.75516467771220E+05 -0.25977173424960E+02  0.50913982594508E+04 -0.21191294346036E+04 -0.52843391477235E+04 -0.27238980191993E+05  0.00000000000000E+00  0.64569589494900E+05  0.00000000000000E+00  0.00000000000000E+00  0.00000000000000E+00  0.00000000000000E+00  0.00000000000000E+00  0.00000000000000E+00  0.00000000000000E+00  0.00000000000000E+00  0.00000000000000E+00  0.00000000000000E+00  0.00000000000000E+00  0.00000000000000E+00  0.00000000000000E+00  0.00000000000000E+00
  -0.43860362369661E+04 -0.23947982062006E+03  0.50820533711540E+02 -0.65869702421885E+02 -0.56277516926672E+02  0.15557958653000E+03  0.13717862060781E+03 -0.66815879108617E+05  0.24093914980848E+05  0.72763755123926E+03 -0.34157463136502E+03 -0.76748135060689E+03 -0.29591720913537E+02 -0.64531077089863E+01 -0.24521883212315E+04  0.28097708897768E+03 -0.24717890418188E+04 -0.12409103547569E+04 -0.11746541709107E+04  0.00000000000000E+00  0.00000000000000E+00  0.24701889451576E+01 -0.47492730260018E+02 -0.64464753540302E+01  0.00000000000000E+00  0.00000000000000E+00  0.30661542953329E+05  0.00000000000000E+00  0.00000000000000E+00  0.00000000000000E+00  0.00000000000000E+00  0.00000000000000E+00  0.00000000000000E+00  0.00000000000000E+00  0.00000000000000E+00  0.00000000000000E+00  0.00000000000000E+00  0.00000000000000E+00  0.00000000000000E+00  0.00000000000000E+00
  -0.83751232438411E+06  0.20914419566983E+06 -0.38956765564751E+05 -0.65648588400722E+05  0.11974176837706E+05 -0.89410882654637E+04 -0.10156493653576E+05 -0.28124116128856E+06  0.65536377790219E+05  0.10952814404962E+05 -0.20824501360383E+04 -0.52270587932242E+04 -0.61539754122261E+03 -0.89733174171901E+00  0.19700183263491E+04 -0.15975349767652E+03  0.20858776219164E+04  0.97059327667558E+03  0.56475447254928E+06  0.00000000000000E+00  0.00000000000000E+00  0.45603514175372E+03 -0.68091410323441E+04  0.37997224613068E+05  0.00000000000000E+00  0.00000000000000E+00  0.00000000000000E+00  0.57750617287680E+06  0.00000000000000E+00  0.00000000000000E+00  0.00000000000000E+00  0.00000000000000E+00  0.00000000000000E+00  0.00000000000000E+00  0.00000000000000E+00  0.00000000000000E+00  0.00000000000000E+00  0.00000000000000E+00  0.00000000000000E+00  0.00000000000000E+00
  -0.10843309898413E+07  0.26326602597122E+06 -0.50611343591498E+05 -0.34047397589311E+06  0.63172456079869E+05 -0.44276423734112E+05 -0.53035122798553E+05 -0.55838510910986E+06  0.12595220064835E+06  0.22925837341486E+05 -0.41873822473170E+04 -0.42122927887564E-09  0.25350965905095E-10 -0.46911592054200E-12  0.41969779098137E+04 -0.47254254491316E+03  0.44803644578809E+04  0.24380933438201E+04  0.27546115855897E+07  0.40939702400308E+03  0.11623452400903E+06 -0.42303992895184E+05 -0.11623729135176E+06 -0.48899072160723E+06  0.00000000000000E+00  0.00000000000000E+00  0.00000000000000E+00  0.00000000000000E+00  0.91775462784107E+06  0.00000000000000E+00  0.00000000000000E+00  0.00000000000000E+00  0.00000000000000E+00  0.00000000000000E+00  0.00000000000000E+00  0.00000000000000E+00  0.00000000000000E+00  0.00000000000000E+00  0.00000000000000E+00  0.00000000000000E+00
  -0.20558522936954E+05  0.58000780379448E+04 -0.10024842979884E+04 -0.14121072815266E+04  0.33979451388932E+03 -0.39487073547561E+01 -0.17270228956942E+03 -0.72595727689784E+05  0.23150558297790E+05  0.15298044149056E+04 -0.44426907866082E+03 -0.25195071640619E+04 -0.15669603254897E+03 -0.36978956077899E+01 -0.15205927522758E+04  0.15632172544799E+03 -0.12792378402153E+04 -0.64745427536427E+03  0.17690899778996E+05  0.00000000000000E+00  0.00000000000000E+00  0.00000000000000E+00  0.00000000000000E+00  0.00000000000000E+00  0.00000000000000E+00  0.00000000000000E+00  0.00000000000000E+00  0.00000000000000E+00  0.00000000000000E+00  0.14749838643836E+05  0.00000000000000E+00  0.00000000000000E+00  0.00000000000000E+00  0.00000000000000E+00  0.00000000000000E+00  0.00000000000000E+00  0.00000000000000E+00  0.00000000000000E+00  0.00000000000000E+00  0.00000000000000E+00
  -0.46336317231519E+05  0.13220238395709E+05 -0.22694383071192E+04 -0.24882343035084E+04  0.57915167471113E+03 -0.36613382243349E+02 -0.29458990842308E+03 -0.16235672111800E+06  0.51882192277254E+05  0.33501011982046E+04 -0.99372137481144E+03 -0.75201114075993E+02 -0.19869962824615E+02 -0.23868795063143E-04 -0.29587934776643E+04  0.30322806461128E+03 -0.24996551664012E+04 -0.12662855121246E+04  0.31518208714641E+05 -0.71926944913068E+01 -0.11604931648041E+04 -0.15982661846517E+03 -0.39578501556641E+03 -0.20943491069091E+04  0.00000000000000E+00  0.00000000000000E+00  0.00000000000000E+00  0.00000000000000E+00  0.00000000000000E+00  0.00000000000000E+00  0.31779510154248E+05  0.00000000000000E+00  0.00000000000000E+00  0.00000000000000E+00  0.00000000000000E+00  0.00000000000000E+00  0.00000000000000E+00  0.00000000000000E+00  0.00000000000000E+00  0.00000000000000E+00
  -0.30789944662103E+04  0.42100426962733E+03 -0.11870319514253E+03 -0.73929902932279E+02  0.95640461696069E+01 -0.19714996874616E+02 -0.13848942673362E+02 -0.13317476915955E+04  0.17986673359996E+03  0.43144485341010E+02 -0.11183636007625E+02 -0.83139165459081E+02 -0.66768711569422E+01 -0.15043293598229E+00 -0.71427910524919E+03  0.78178335681790E+02 -0.61015472698399E+03 -0.33493172003490E+03  0.23057893213976E+03  0.00000000000000E+00  0.00000000000000E+00  0.00000000000000E+00  0.00000000000000E+00  0.00000000000000E+00  0.00000000000000E+00  0.00000000000000E+00  0.00000000000000E+00  0.00000000000000E+00  0.00000000000000E+00  0.00000000000000E+00  0.00000000000000E+00  0.37866044236908E+04  0.00000000000000E+00  0.00000000000000E+00  0.00000000000000E+00  0.00000000000000E+00  0.00000000000000E+00  0.00000000000000E+00  0.00000000000000E+00  0.00000000000000E+00
  -0.19837733542065E+06  0.63444761369506E+05 -0.99078755692099E+04 -0.11727239168831E+05  0.29876702975252E+04  0.33441479061673E+03 -0.10824504992055E+04 -0.57331318724066E+04  0.61766359626385E+03  0.58004041868025E+03 -0.49938584296542E+02 -0.22626013978468E+00 -0.16309068071685E+00  0.48883072509549E-12  0.23563189149314E+03 -0.63168073466787E+02  0.85006638923748E+02  0.11086433831492E+03  0.18360484692172E+06  0.00000000000000E+00  0.00000000000000E+00  0.22503076194752E+04  0.31432145554547E+04  0.16145079375553E+05  0.00000000000000E+00  0.00000000000000E+00  0.00000000000000E+00  0.00000000000000E+00  0.00000000000000E+00  0.00000000000000E+00  0.00000000000000E+00  0.00000000000000E+00  0.10557963622070E+06  0.00000000000000E+00  0.00000000000000E+00  0.00000000000000E+00  0.00000000000000E+00  0.00000000000000E+00  0.00000000000000E+00  0.00000000000000E+00
  -0.22389294848464E+06  0.71019099151274E+05 -0.11148781971385E+05 -0.52611423421188E+05  0.13188986790630E+05  0.11233760530448E+04 -0.50175075240578E+04 -0.11254763710152E+05  0.12480009333188E+04  0.11001606591608E+04 -0.97837219359779E+02 -0.11968743215397E-09  0.76798875617849E-11  0.32327605507408E-13  0.42147060448539E+03 -0.11148942224153E+03  0.16526021988022E+03  0.20520937090319E+03  0.80184231912878E+06  0.21708794356827E+03  0.23182357735400E+05 -0.49599495142656E+04 -0.15439632549700E+05 -0.81302160652344E+05  0.00000000000000E+00  0.00000000000000E+00  0.00000000000000E+00  0.00000000000000E+00  0.00000000000000E+00  0.00000000000000E+00  0.00000000000000E+00  0.00000000000000E+00  0.00000000000000E+00  0.13873222015511E+06  0.00000000000000E+00  0.00000000000000E+00  0.00000000000000E+00  0.00000000000000E+00  0.00000000000000E+00  0.00000000000000E+00
  -0.91091812654313E+04  0.24680266397858E+04 -0.43543325854633E+03 -0.25128401006986E+04  0.48402891911239E+03 -0.27694712618861E+03 -0.37810500810994E+03  0.53299567018602E+02 -0.11943478627181E+04  0.13569308339082E+03 -0.15483759354752E+02 -0.18411912134364E+01 -0.19392888787600E+00 -0.18413550135352E-02 -0.28131331311016E+04  0.42603826581035E+03 -0.26583622273114E+04 -0.17001700552074E+04  0.24778331509508E+05  0.00000000000000E+00  0.00000000000000E+00  0.00000000000000E+00  0.00000000000000E+00  0.00000000000000E+00  0.00000000000000E+00  0.00000000000000E+00  0.00000000000000E+00  0.00000000000000E+00  0.00000000000000E+00  0.00000000000000E+00  0.00000000000000E+00  0.00000000000000E+00  0.00000000000000E+00  0.00000000000000E+00  0.83183326344928E+04  0.00000000000000E+00  0.00000000000000E+00  0.00000000000000E+00  0.00000000000000E+00  0.00000000000000E+00
  -0.32277412345038E+04  0.78416179953396E+03 -0.15166331332307E+03 -0.98108779784334E+03  0.17952136763030E+03 -0.13931471176739E+03 -0.15922994942073E+03  0.16108195765961E+03 -0.66892556316773E+03  0.60572036605520E+02 -0.73015035513241E+01 -0.79237635537338E+00 -0.75467789556158E-01 -0.10118482268271E-02 -0.14994525345285E+04  0.21112513923982E+03 -0.14279936470831E+04 -0.87784206080476E+03  0.78244385600910E+04  0.00000000000000E+00  0.00000000000000E+00  0.00000000000000E+00  0.00000000000000E+00  0.00000000000000E+00  0.00000000000000E+00  0.00000000000000E+00  0.00000000000000E+00  0.00000000000000E+00  0.00000000000000E+00  0.00000000000000E+00  0.00000000000000E+00  0.00000000000000E+00  0.00000000000000E+00  0.00000000000000E+00  0.00000000000000E+00  0.42654228519741E+04  0.00000000000000E+00  0.00000000000000E+00  0.00000000000000E+00  0.00000000000000E+00
  -0.14940558096550E+05 -0.23683000690076E+04  0.53287411729487E+02 -0.94608039191680E+04  0.33135550861218E+03 -0.30450199199266E+04 -0.12781994696105E+04 -0.26196300350927E+06  0.11153342493125E+06  0.30849058976391E+04 -0.11591633590069E+04  0.29935541896608E+03  0.29875382058753E+02 -0.16385656531086E+01 -0.24711133771207E+04 -0.28570316865496E+03  0.13403394789891E+04  0.14313087799896E+04 -0.18803554526525E+05  0.00000000000000E+00  0.00000000000000E+00  0.00000000000000E+00  0.00000000000000E+00  0.00000000000000E+00  0.00000000000000E+00  0.00000000000000E+00  0.00000000000000E+00  0.00000000000000E+00  0.00000000000000E+00  0.00000000000000E+00  0.00000000000000E+00  0.00000000000000E+00  0.00000000000000E+00  0.00000000000000E+00  0.00000000000000E+00  0.00000000000000E+00  0.12386363393089E+06  0.00000000000000E+00  0.00000000000000E+00  0.00000000000000E+00
   0.16580188736569E+05 -0.22369491063992E+04  0.72472067810934E+03 -0.15660445919592E+05  0.24933333622293E+04 -0.33984189817950E+04 -0.31777783764035E+04 -0.86127448299826E+04  0.15831299328959E+04  0.44109333209696E+03 -0.69300810885436E+02  0.32353497665713E+03  0.72644414120724E+02  0.73452339209546E-04  0.18008547316551E+03 -0.32302606590357E+02  0.22567508071092E+03  0.15622375180071E+03  0.44188747402081E+05  0.11981731883666E+02 -0.42393944533989E+04  0.15148131819650E+04  0.37765952283463E+04  0.20118583454935E+05  0.00000000000000E+00  0.00000000000000E+00  0.00000000000000E+00  0.00000000000000E+00  0.00000000000000E+00  0.00000000000000E+00  0.00000000000000E+00  0.00000000000000E+00  0.00000000000000E+00  0.00000000000000E+00  0.00000000000000E+00  0.00000000000000E+00  0.00000000000000E+00  0.39247597152315E+05  0.00000000000000E+00  0.00000000000000E+00
  -0.70551759729155E+05  0.85352550647868E+04 -0.25610022158470E+04 -0.71839262857743E+04  0.81940054996704E+03 -0.18604927523713E+04 -0.11545951597913E+04 -0.13687966892751E+06  0.44185344321189E+05  0.27852591203745E+04 -0.83547068136679E+03 -0.28618880710265E+04 -0.20483397856766E+03 -0.34737769598374E+01 -0.83101053853778E+03  0.23867699907970E+03 -0.16605586064294E+04 -0.11402428972911E+04  0.20583822195978E+05  0.00000000000000E+00  0.00000000000000E+00 -0.39117113220947E+03 -0.21486487519873E+04  0.15701478488982E+04  0.00000000000000E+00  0.00000000000000E+00  0.00000000000000E+00  0.00000000000000E+00  0.00000000000000E+00  0.00000000000000E+00  0.00000000000000E+00  0.00000000000000E+00  0.00000000000000E+00  0.00000000000000E+00  0.00000000000000E+00  0.00000000000000E+00  0.00000000000000E+00  0.00000000000000E+00  0.94916036055296E+05  0.00000000000000E+00
  -0.55698223346748E+05  0.71627548044271E+04 -0.20778759560812E+04 -0.21268545466882E+05  0.25178969592572E+04 -0.53662158254175E+04 -0.34411368390545E+04 -0.17026360932342E+06  0.54418192129770E+05  0.35495843890021E+04 -0.10474779549026E+04  0.15639875931010E-10  0.12016698763349E-10 -0.10437781602304E-12 -0.93640052215202E+03  0.26747279646239E+03 -0.18451158276553E+04 -0.12678017214970E+04  0.63363542647773E+05 -0.27188343911770E+02  0.41826236627179E+04 -0.28160656342064E+04 -0.81946424013134E+04 -0.29914658352429E+05  0.00000000000000E+00  0.00000000000000E+00  0.00000000000000E+00  0.00000000000000E+00  0.00000000000000E+00  0.00000000000000E+00  0.00000000000000E+00  0.00000000000000E+00  0.00000000000000E+00  0.00000000000000E+00  0.00000000000000E+00  0.00000000000000E+00  0.00000000000000E+00  0.00000000000000E+00  0.00000000000000E+00  0.99593011334887E+05

 # Covariance matrix (Bevington epsilon)
