 Correlated errors added in quadrature with statistical errors
 jl00106F2p           DIS data with   1.69< Q2 < 0.500D+03 and 0.000 < xB < 1.000 and   3.00< W2 < 0.100D+04 and 0.000 < y < 1.000
   GP TMC applied
   HT corrections, multiplicative C=C(xB)
 Correlated errors added in quadrature with statistical errors
 jl00106F2d           DIS data with   1.69< Q2 < 0.500D+03 and 0.000 < xB < 1.000 and   3.00< W2 < 0.100D+04 and 0.000 < y < 1.000
   WBArel smearing  (AV18) - KP-like (baryon conserv.)0 nuke corrections
   GP TMC applied
   HT corrections, multiplicative C=C(xB)
 Correlated errors added in quadrature with statistical errors
 HerF2pCut            DIS data with   1.69< Q2 < 0.500D+03 and 0.000 < xB < 1.000 and   3.00< W2 < 0.100D+04 and 0.000 < y < 1.000
   GP TMC applied
   HT corrections, multiplicative C=C(xB)
 Correlated errors added in quadrature with statistical errors
 HerF2dCut            DIS data with   1.69< Q2 < 0.500D+03 and 0.000 < xB < 1.000 and   3.00< W2 < 0.100D+04 and 0.000 < y < 1.000
   WBArel smearing  (AV18) - KP-like (baryon conserv.)0 nuke corrections
   GP TMC applied
   HT corrections, multiplicative C=C(xB)
 Correlated errors added in quadrature with statistical errors
 slac_p               DIS data with   1.69< Q2 < 0.500D+03 and 0.000 < xB < 1.000 and   3.00< W2 < 0.100D+04 and 0.000 < y < 1.000
   GP TMC applied
   HT corrections, multiplicative C=C(xB)
 Correlated errors added in quadrature with statistical errors
 slac_d               DIS data with   1.69< Q2 < 0.500D+03 and 0.000 < xB < 1.000 and   3.00< W2 < 0.100D+04 and 0.000 < y < 1.000
   WBArel smearing  (AV18) - KP-like (baryon conserv.)0 nuke corrections
   GP TMC applied
   HT corrections, multiplicative C=C(xB)
 Correlated errors treated separately from statistical errors
 BcdF2pCor            DIS data with   1.69< Q2 < 0.500D+03 and 0.000 < xB < 1.000 and   3.00< W2 < 0.100D+04 and 0.000 < y < 1.000
   GP TMC applied
   HT corrections, multiplicative C=C(xB)
 Correlated errors treated separately from statistical errors
 BcdF2dCor            DIS data with   1.69< Q2 < 0.500D+03 and 0.000 < xB < 1.000 and   3.00< W2 < 0.100D+04 and 0.000 < y < 1.000
   WBArel smearing  (AV18) - KP-like (baryon conserv.)0 nuke corrections
   GP TMC applied
   HT corrections, multiplicative C=C(xB)
 Correlated errors treated separately from statistical errors
 NmcF2pCor            DIS data with   1.69< Q2 < 0.500D+03 and 0.000 < xB < 1.000 and   3.00< W2 < 0.100D+04 and 0.000 < y < 1.000
   GP TMC applied
   HT corrections, multiplicative C=C(xB)
 Correlated errors treated separately from statistical errors
 NmcRatCor            DIS data with   1.69< Q2 < 0.500D+03 and 0.000 < xB < 1.000 and   3.00< W2 < 0.100D+04 and 0.000 < y < 1.000
   WBArel smearing  (AV18) - KP-like (baryon conserv.)0 nuke corrections
   GP TMC applied
   HT corrections, multiplicative C=C(xB)
 Correlated errors treated separately from statistical errors
 H2_NC_em             DIS data with   1.69< Q2 < 0.100D+06 and 0.000 < xB < 1.000 and   3.00< W2 < 0.100D+08 and 0.000 < y < 1.000
   GP TMC applied
   HT corrections, multiplicative C=C(xB)
 Correlated errors treated separately from statistical errors
 H2_NC_ep_1           DIS data with   1.69< Q2 < 0.100D+06 and 0.000 < xB < 1.000 and   3.00< W2 < 0.100D+08 and 0.000 < y < 1.000
   GP TMC applied
   HT corrections, multiplicative C=C(xB)
 Correlated errors treated separately from statistical errors
 H2_NC_ep_2           DIS data with   1.69< Q2 < 0.100D+06 and 0.000 < xB < 1.000 and   3.00< W2 < 0.100D+08 and 0.000 < y < 1.000
   GP TMC applied
   HT corrections, multiplicative C=C(xB)
 Correlated errors treated separately from statistical errors
 H2_NC_ep_3           DIS data with   1.69< Q2 < 0.100D+06 and 0.000 < xB < 1.000 and   3.00< W2 < 0.100D+08 and 0.000 < y < 1.000
   GP TMC applied
   HT corrections, multiplicative C=C(xB)
 Correlated errors treated separately from statistical errors
 H2_NC_ep_4           DIS data with   1.69< Q2 < 0.100D+06 and 0.000 < xB < 1.000 and   3.00< W2 < 0.100D+08 and 0.000 < y < 1.000
   GP TMC applied
   HT corrections, multiplicative C=C(xB)
 Correlated errors treated separately from statistical errors
 H2_CC_em             DIS data with   1.69< Q2 < 0.100D+06 and 0.000 < xB < 1.000 and   3.00< W2 < 0.100D+08 and 0.000 < y < 1.000
   GP TMC applied
   HT corrections, multiplicative C=C(xB)
 Correlated errors treated separately from statistical errors
 H2_CC_ep             DIS data with   1.69< Q2 < 0.100D+06 and 0.000 < xB < 1.000 and   3.00< W2 < 0.100D+08 and 0.000 < y < 1.000
   GP TMC applied
   HT corrections, multiplicative C=C(xB)
 Correlated errors added in quadrature with statistical errors
 BNS_F2nd             DIS data with   1.69< Q2 < 0.100D+06 and 0.000 < xB < 1.000 and   3.00< W2 < 0.100D+08 and 0.000 < y < 1.000
   WBArel smearing  (AV18) - KP-like (baryon conserv.)0 nuke corrections
   GP TMC applied
   HT corrections, multiplicative C=C(xB)
 Correlated errors added in quadrature with statistical errors
 e866pp06xf           vector boson data with Q2 >=  36.00
 Correlated errors added in quadrature with statistical errors
 e866pd06xf           vector boson data with Q2 >=  36.00
 Correlated errors added in quadrature with statistical errors
 cdfLasy05            vector boson data with Q2 >=   0.00
 Correlated errors added in quadrature with statistical errors
 d0Lasy_e15           vector boson data with Q2 >=   0.00
 Correlated errors added in quadrature with statistical errors
 d0Lasy13             vector boson data with Q2 >=   0.00
 Correlated errors added in quadrature with statistical errors
 CDF_Wasy             vector boson data with Q2 >=   0.00
 Correlated errors added in quadrature with statistical errors
 D0_Wasy              vector boson data with Q2 >=   0.00
 Correlated errors added in quadrature with statistical errors
 CDF_Z                vector boson data with Q2 >=   0.00
 Correlated errors added in quadrature with statistical errors
 D0_Z                 vector boson data with Q2 >=   0.00
 Correlated errors added in quadrature with statistical errors
 d0run2cone          Jet data - errors added in quadrature
 Correlated errors added in quadrature with statistical errors
 CDFrun2jet          Jet data - errors added in quadrature
 Correlated errors added in quadrature with statistical errors
 d0_gamjet1           Photon data -- cuts to be written yet ...
 Correlated errors added in quadrature with statistical errors
 d0_gamjet2           Photon data -- cuts to be written yet ...
 Correlated errors added in quadrature with statistical errors
 d0_gamjet3           Photon data -- cuts to be written yet ...
 Correlated errors added in quadrature with statistical errors
 d0_gamjet4           Photon data -- cuts to be written yet ...

# fitpack15: fit output
# CJ15 AV18 final data choices                                                 

Parametrization   7 used here

 S-ACOT scheme used  for NC DIS

 charm mass =     1.30 GeV     bottom mass =     4.50 GeV



 THIS IS A NEXT TO LEADING ORDER FIT

 Q02=    1.69
         1  LAMBDA      VALUE=   0.22680      WEIGHT=    0.0000    
         2  a0uv        VALUE=    2.3929      WEIGHT=    0.0000    
         3  a1uv        VALUE=   0.61370      WEIGHT=   0.19856E-01
         4  a2uv        VALUE=    3.5363      WEIGHT=   0.12414E-01
         5  a3uv        VALUE=    0.0000      WEIGHT=    0.0000    
         6  a4uv        VALUE=    3.4610      WEIGHT=   0.42903    
         7  a5uv        VALUE=    0.0000      WEIGHT=    0.0000    
         8  a0dv        VALUE=    24.720      WEIGHT=    0.0000    
         9  a1dv        VALUE=    1.1600      WEIGHT=   0.33533E-01
        10  a2dv        VALUE=    6.5517      WEIGHT=   0.15936    
        11  a3dv        VALUE=   -3.5022      WEIGHT=   0.86332E-01
        12  a4dv        VALUE=    4.6787      WEIGHT=   0.14209    
        13  a5dv        VALUE=    0.0000      WEIGHT=    0.0000    
        14  a0ud        VALUE=   0.14685      WEIGHT=   0.50348E-02
        15  a1ud        VALUE=  -0.20745      WEIGHT=   0.37551E-02
        16  a2ud        VALUE=    8.3289      WEIGHT=   0.19114    
        17  a3ud        VALUE=    0.0000      WEIGHT=    0.0000    
        18  a4ud        VALUE=    14.606      WEIGHT=    1.2151    
        19  a5ud        VALUE=    0.0000      WEIGHT=    0.0000    
        20  a0du        VALUE=    35712.      WEIGHT=    0.0000    
        21  a1du        VALUE=    4.0246      WEIGHT=   0.74070E-01
        22  a2du        VALUE=    20.154      WEIGHT=   0.87862    
        23  a3du        VALUE=    17.000      WEIGHT=    0.0000    
        24  a4du        VALUE=    51.156      WEIGHT=    10.239    
        25  a0g         VALUE=    45.550      WEIGHT=    0.0000    
        26  a1g         VALUE=   0.60262      WEIGHT=   0.31164E-01
        27  a2g         VALUE=    6.4813      WEIGHT=   0.96748    
        28  a3g         VALUE=   -3.3069      WEIGHT=   0.13418    
        29  a4g         VALUE=    3.1718      WEIGHT=   0.31376    
        30  a5g         VALUE=    0.0000      WEIGHT=    0.0000    
        31  kappa       VALUE=   0.40000      WEIGHT=    0.0000    
        32  a6dv        VALUE=  -0.33299E-02  WEIGHT=   0.66324E-03
        33  a7dv        VALUE=    2.0000      WEIGHT=    0.0000    
        34  off1        VALUE=   -3.6735      WEIGHT=    1.5278    
        35  off2        VALUE=   0.56831E-01  WEIGHT=   0.14842E-01
        36  ht1         VALUE=   -3.2876      WEIGHT=   0.26061    
        37  ht2         VALUE=    1.9270      WEIGHT=   0.10524    
        38  ht3         VALUE=   -2.0701      WEIGHT=   0.19888E-01
        39  ht4         VALUE=    0.0000      WEIGHT=    0.0000    
        40  dummy40     VALUE=    0.0000      WEIGHT=    0.0000    
        41  dummy41     VALUE=    0.0000      WEIGHT=    0.0000    
        42  dummy42     VALUE=    0.0000      WEIGHT=    0.0000    
        43  dummy43     VALUE=    0.0000      WEIGHT=    0.0000    
        44  dummy44     VALUE=    0.0000      WEIGHT=    0.0000    
        45  dummy45     VALUE=    0.0000      WEIGHT=    0.0000    
        46  dummy46     VALUE=    0.0000      WEIGHT=    0.0000    
        47  dummy47     VALUE=    0.0000      WEIGHT=    0.0000    
        48  dummy48     VALUE=    0.0000      WEIGHT=    0.0000    
        49  dummy49     VALUE=    0.0000      WEIGHT=    0.0000    
        50  bcdmsh2     VALUE=   0.97307      WEIGHT=   0.48289E-02
        51  bcdmsd2     VALUE=   0.99317      WEIGHT=   0.58269E-02
        52  ccfr        VALUE=    1.0000      WEIGHT=    0.0000    
        53  nutev       VALUE=    1.0000      WEIGHT=    0.0000    
        54  zeus        VALUE=   0.97998      WEIGHT=    0.0000    
        55  h1          VALUE=    1.0162      WEIGHT=    0.0000    
        56  e605        VALUE=    1.0319      WEIGHT=    0.0000    
        57  NmcH2       VALUE=    1.0095      WEIGHT=   0.71247E-02
        58  ntv_nu      VALUE=    1.0000      WEIGHT=    0.0000    
        59  ntv_nubar   VALUE=    1.0000      WEIGHT=    0.0000    
        60  cdf_jet     VALUE=   0.98910      WEIGHT=    0.0000    
        61  d0_jet      VALUE=   0.83504      WEIGHT=    0.0000    
        62  slac_p      VALUE=    1.0049      WEIGHT=   0.48124E-02
        63  slac_d      VALUE=    1.0042      WEIGHT=   0.52781E-02
        64  e866pp      VALUE=   0.96586      WEIGHT=   0.19263E-01
        65  e866pd      VALUE=   0.96369      WEIGHT=   0.15783E-01
        66  d0_gamjet   VALUE=    1.0389      WEIGHT=   0.16474E-01
        67  h1b         VALUE=   0.97608      WEIGHT=    0.0000    
        68  jlab_p      VALUE=   0.99446      WEIGHT=   0.57943E-02
        69  jlab_d      VALUE=   0.97557      WEIGHT=   0.59019E-02
        70  blank       VALUE=    1.0000      WEIGHT=    0.0000    
        71  d0run2      VALUE=   0.94087      WEIGHT=   0.14167E-01
        72  cdfrun2     VALUE=   0.92649      WEIGHT=   0.17233E-01
        73  HERA_el     VALUE=    1.0000      WEIGHT=    0.0000    
        74  HERA_ps     VALUE=    1.0000      WEIGHT=    0.0000    
        75  CDF_Z       VALUE=   0.96581      WEIGHT=   0.64944E-02
        76  NmcRat      VALUE=    1.0000      WEIGHT=    0.0000    
        77  BNS_F2nd    VALUE=   0.98310      WEIGHT=   0.68314E-02
        78  HERMES_F2p  VALUE=   0.99832      WEIGHT=   0.55693E-02
        79  HERMES_F2d  VALUE=   0.98039      WEIGHT=   0.58259E-02
0THE TOLERANCE IS    0.1000
 THE MAXIMUM NUMBER OF STEPS IS 100
0THE INITIAL CHI SQUARED IS  4.71103E+03
0  STEP  CHI SQUARED    PARAMETER      VALUE         ERROR
 ------------------------------------------------------------
     1    4.71006E+03
                       1  LAMBDA     2.2680E-01       FIX 
                       2  a0uv       2.3890E+00       FIX 
                       3  a1uv       6.1350E-01           
                       4  a2uv       3.5421E+00           
                       5  a3uv       0.0000E+00       FIX 
                       6  a4uv       3.4878E+00           
                       7  a5uv       0.0000E+00       FIX 
                       8  a0dv       2.4804E+01       FIX 
                       9  a1dv       1.1601E+00           
                      10  a2dv       6.5487E+00           
                      11  a3dv      -3.5063E+00           
                      12  a4dv       4.6749E+00           
                      13  a5dv       0.0000E+00       FIX 
                      14  a0ud       1.4660E-01           
                      15  a1ud      -2.0773E-01           
                      16  a2ud       8.3050E+00           
                      17  a3ud       0.0000E+00       FIX 
                      18  a4ud       1.4528E+01           
                      19  a5ud       0.0000E+00       FIX 
                      20  a0du       3.5712E+04       FIX 
                      21  a1du       4.0305E+00           
                      22  a2du       2.0158E+01           
                      23  a3du       1.7000E+01       FIX 
                      24  a4du       5.1484E+01           
                      25  a0g        4.5664E+01       FIX 
                      26  a1g        6.0393E-01           
                      27  a2g        6.5251E+00           
                      28  a3g       -3.3083E+00           
                      29  a4g        3.1865E+00           
                      30  a5g        0.0000E+00       FIX 
                      31  kappa      4.0000E-01       FIX 
                      32  a6dv      -3.4993E-03           
                      33  a7dv       2.0000E+00       FIX 
                      34  off1      -3.5924E+00           
                      35  off2       6.2108E-02           
                      36  ht1       -3.3074E+00           
                      37  ht2        1.9354E+00           
                      38  ht3       -2.0676E+00           
                      39  ht4        0.0000E+00       FIX 
                      40  dummy40    0.0000E+00       FIX 
                      41  dummy41    0.0000E+00       FIX 
                      42  dummy42    0.0000E+00       FIX 
                      43  dummy43    0.0000E+00       FIX 
                      44  dummy44    0.0000E+00       FIX 
                      45  dummy45    0.0000E+00       FIX 
                      46  dummy46    0.0000E+00       FIX 
                      47  dummy47    0.0000E+00       FIX 
                      48  dummy48    0.0000E+00       FIX 
                      49  dummy49    0.0000E+00       FIX 
                      50  bcdmsh2    9.7274E-01           
                      51  bcdmsd2    9.9316E-01           
                      52  ccfr       1.0000E+00       FIX 
                      53  nutev      1.0000E+00       FIX 
                      54  zeus       9.7998E-01       FIX 
                      55  h1         1.0162E+00       FIX 
                      56  e605       1.0319E+00       FIX 
                      57  NmcH2      1.0093E+00           
                      58  ntv_nu     1.0000E+00       FIX 
                      59  ntv_nuba   1.0000E+00       FIX 
                      60  cdf_jet    9.8910E-01       FIX 
                      61  d0_jet     8.3504E-01       FIX 
                      62  slac_p     1.0046E+00           
                      63  slac_d     1.0040E+00           
                      64  e866pp     9.6683E-01           
                      65  e866pd     9.6392E-01           
                      66  d0_gamje   1.0388E+00           
                      67  h1b        9.7608E-01       FIX 
                      68  jlab_p     9.9411E-01           
                      69  jlab_d     9.7542E-01           
                      70  blank      1.0000E+00       FIX 
                      71  d0run2     9.4097E-01           
                      72  cdfrun2    9.2672E-01           
                      73  HERA_el    1.0000E+00       FIX 
                      74  HERA_ps    1.0000E+00       FIX 
                      75  CDF_Z      9.6534E-01           
                      76  NmcRat     1.0000E+00       FIX 
                      77  BNS_F2nd   9.8280E-01           
                      78  HERMES_F   9.9801E-01           
                      79  HERMES_F   9.8030E-01           
 ------------------------------------------------------------
     2    4.70997E+03
                       1  LAMBDA     2.2680E-01    0.0000E+00
                       2  a0uv       2.3819E+00    0.0000E+00
                       3  a1uv       6.1291E-01    2.0022E-02
                       4  a2uv       3.5437E+00    1.2357E-02
                       5  a3uv       0.0000E+00    0.0000E+00
                       6  a4uv       3.5084E+00    4.3659E-01
                       7  a5uv       0.0000E+00    0.0000E+00
                       8  a0dv       2.4854E+01    0.0000E+00
                       9  a1dv       1.1607E+00    3.3268E-02
                      10  a2dv       6.5503E+00    1.5849E-01
                      11  a3dv      -3.5058E+00    8.5375E-02
                      12  a4dv       4.6725E+00    1.4155E-01
                      13  a5dv       0.0000E+00    0.0000E+00
                      14  a0ud       1.4661E-01    5.0331E-03
                      15  a1ud      -2.0774E-01    3.7530E-03
                      16  a2ud       8.2996E+00    1.9220E-01
                      17  a3ud       0.0000E+00    0.0000E+00
                      18  a4ud       1.4498E+01    1.2200E+00
                      19  a5ud       0.0000E+00    0.0000E+00
                      20  a0du       3.5712E+04    0.0000E+00
                      21  a1du       4.0336E+00    7.6332E-02
                      22  a2du       2.0109E+01    8.8202E-01
                      23  a3du       1.7000E+01    0.0000E+00
                      24  a4du       5.1760E+01    1.0773E+01
                      25  a0g        4.5904E+01    0.0000E+00
                      26  a1g        6.0495E-01    3.1484E-02
                      27  a2g        6.5804E+00    9.7497E-01
                      28  a3g       -3.3097E+00    1.3680E-01
                      29  a4g        3.1987E+00    3.3112E-01
                      30  a5g        0.0000E+00    0.0000E+00
                      31  kappa      4.0000E-01    0.0000E+00
                      32  a6dv      -3.5244E-03    6.6119E-04
                      33  a7dv       2.0000E+00    0.0000E+00
                      34  off1      -3.6366E+00    1.5102E+00
                      35  off2       6.3230E-02    5.2600E-02
                      36  ht1       -3.3324E+00    2.6287E-01
                      37  ht2        1.9437E+00    1.0576E-01
                      38  ht3       -2.0649E+00    1.8687E-02
                      39  ht4        0.0000E+00    0.0000E+00
                      40  dummy40    0.0000E+00    0.0000E+00
                      41  dummy41    0.0000E+00    0.0000E+00
                      42  dummy42    0.0000E+00    0.0000E+00
                      43  dummy43    0.0000E+00    0.0000E+00
                      44  dummy44    0.0000E+00    0.0000E+00
                      45  dummy45    0.0000E+00    0.0000E+00
                      46  dummy46    0.0000E+00    0.0000E+00
                      47  dummy47    0.0000E+00    0.0000E+00
                      48  dummy48    0.0000E+00    0.0000E+00
                      49  dummy49    0.0000E+00    0.0000E+00
                      50  bcdmsh2    9.7283E-01    4.8230E-03
                      51  bcdmsd2    9.9307E-01    5.8314E-03
                      52  ccfr       1.0000E+00    0.0000E+00
                      53  nutev      1.0000E+00    0.0000E+00
                      54  zeus       9.7998E-01    0.0000E+00
                      55  h1         1.0162E+00    0.0000E+00
                      56  e605       1.0319E+00    0.0000E+00
                      57  NmcH2      1.0091E+00    7.1216E-03
                      58  ntv_nu     1.0000E+00    0.0000E+00
                      59  ntv_nuba   1.0000E+00    0.0000E+00
                      60  cdf_jet    9.8910E-01    0.0000E+00
                      61  d0_jet     8.3504E-01    0.0000E+00
                      62  slac_p     1.0045E+00    4.8103E-03
                      63  slac_d     1.0039E+00    5.2730E-03
                      64  e866pp     9.6682E-01    1.9282E-02
                      65  e866pd     9.6367E-01    1.5809E-02
                      66  d0_gamje   1.0388E+00    1.6478E-02
                      67  h1b        9.7608E-01    0.0000E+00
                      68  jlab_p     9.9402E-01    5.7875E-03
                      69  jlab_d     9.7531E-01    5.9014E-03
                      70  blank      1.0000E+00    0.0000E+00
                      71  d0run2     9.4069E-01    1.4109E-02
                      72  cdfrun2    9.2662E-01    1.7214E-02
                      73  HERA_el    1.0000E+00    0.0000E+00
                      74  HERA_ps    1.0000E+00    0.0000E+00
                      75  CDF_Z      9.6525E-01    6.4999E-03
                      76  NmcRat     1.0000E+00    0.0000E+00
                      77  BNS_F2nd   9.8294E-01    6.8862E-03
                      78  HERMES_F   9.9800E-01    5.5653E-03
                      79  HERMES_F   9.8019E-01    5.8214E-03
0 MINIMIZATION TERMINATED WITH STEP  2
  TOLERANCE CRITERION      SATISFIED
0 CHI SQUARED PER DEGREE OF FREEDOM IS  1.046E+00
   1.000 -0.427 -0.979  0.273 -0.018  0.155 -0.351  0.457  0.395 -0.305 -0.501 -0.181 -0.263  0.009  0.177  0.142  0.064 -0.024  0.288 -0.118  0.064  0.091 -0.235  0.154  0.325  0.249  0.155  0.311  0.274 -0.384 -0.189  0.084  0.196  0.215 -0.162 -0.131  0.434  0.132  0.270  0.238
  -0.427  1.000  0.576  0.219  0.362 -0.239  0.224 -0.175 -0.162  0.374  0.279  0.245  0.071  0.155 -0.004  0.075  0.020  0.041 -0.295  0.072  0.103 -0.545  0.370  0.302  0.096  0.059  0.031  0.003  0.038  0.204  0.021  0.008  0.115  0.126 -0.036 -0.011 -0.102 -0.174  0.048  0.051
  -0.979  0.576  1.000 -0.184  0.101 -0.194  0.365 -0.441 -0.386  0.367  0.530  0.218  0.270  0.038 -0.150 -0.100 -0.045  0.023 -0.311  0.126 -0.025 -0.167  0.267 -0.078 -0.211 -0.160 -0.091 -0.194 -0.166  0.449  0.238 -0.069 -0.086 -0.112  0.119  0.097 -0.360 -0.152 -0.166 -0.140
   0.273  0.219 -0.184  1.000  0.823 -0.630  0.014  0.147  0.099 -0.105 -0.219  0.344 -0.202  0.254  0.332  0.230 -0.214  0.228  0.194  0.119  0.232 -0.263  0.138  0.291  0.289  0.224  0.123  0.288  0.233  0.049 -0.107  0.061  0.246  0.151 -0.050 -0.050  0.165 -0.064  0.270  0.225
  -0.018  0.362  0.101  0.823  1.000 -0.880  0.535 -0.089 -0.105  0.171  0.120  0.173 -0.014  0.212  0.222  0.177 -0.214  0.221 -0.205  0.082  0.078 -0.165  0.023  0.195  0.180  0.114  0.119  0.132  0.074  0.123  0.007  0.023  0.135 -0.022 -0.021 -0.026  0.090 -0.006  0.148  0.105
   0.155 -0.239 -0.194 -0.630 -0.880  1.000 -0.739  0.273  0.265 -0.163 -0.278 -0.057  0.001 -0.297 -0.173 -0.196  0.239 -0.269  0.084  0.069 -0.081  0.179 -0.088 -0.129 -0.082 -0.055 -0.134 -0.060 -0.033 -0.165 -0.131  0.009 -0.073  0.043 -0.006 -0.000 -0.024 -0.107 -0.095 -0.076
  -0.351  0.224  0.365  0.014  0.535 -0.739  1.000 -0.411 -0.370  0.464  0.596 -0.278  0.255  0.049 -0.058  0.042 -0.078  0.092 -0.407 -0.160 -0.170  0.032 -0.103 -0.068 -0.033 -0.040  0.112 -0.070 -0.071  0.173  0.275 -0.050 -0.021 -0.122 -0.003 -0.003  0.017  0.192 -0.027 -0.020
   0.457 -0.175 -0.441  0.147 -0.089  0.273 -0.411  1.000  0.967 -0.397 -0.779  0.066 -0.147 -0.108 -0.089 -0.046  0.188 -0.149  0.140  0.064  0.018 -0.022 -0.033  0.069  0.226  0.192  0.150  0.223  0.207 -0.087 -0.072  0.084  0.161  0.180  0.019  0.012  0.313 -0.011  0.202  0.180
   0.395 -0.162 -0.386  0.099 -0.105  0.265 -0.370  0.967  1.000 -0.351 -0.727  0.046 -0.125 -0.112 -0.196 -0.111  0.224 -0.197  0.117  0.060  0.005 -0.017 -0.028  0.050  0.175  0.148  0.127  0.165  0.152 -0.097 -0.083  0.072  0.116  0.134  0.035  0.022  0.250 -0.014  0.150  0.132
  -0.305  0.374  0.367 -0.105  0.171 -0.163  0.464 -0.397 -0.351  1.000  0.761 -0.341  0.459 -0.244 -0.083 -0.191 -0.198  0.034 -0.311  0.140 -0.310  0.125 -0.053 -0.244 -0.072 -0.030  0.023 -0.058 -0.016 -0.001  0.038 -0.027 -0.006 -0.016  0.114  0.059 -0.041 -0.118 -0.018  0.021
  -0.501  0.279  0.530 -0.219  0.120 -0.278  0.596 -0.779 -0.727  0.761  1.000 -0.303  0.357 -0.175 -0.065 -0.139 -0.117 -0.023 -0.281 -0.069 -0.345  0.180 -0.160 -0.252 -0.024 -0.008  0.071  0.017  0.048  0.285  0.401 -0.089  0.057  0.043 -0.038 -0.056  0.036  0.070  0.034  0.076
  -0.181  0.245  0.218  0.344  0.173 -0.057 -0.278  0.066  0.046 -0.341 -0.303  1.000 -0.585  0.339  0.146  0.107 -0.082  0.116  0.124  0.097  0.476 -0.278  0.305  0.318  0.018  0.035 -0.012  0.032  0.008  0.288 -0.111  0.038  0.022 -0.013  0.044  0.039 -0.219 -0.121  0.066 -0.006
  -0.263  0.071  0.270 -0.202 -0.014  0.001  0.255 -0.147 -0.125  0.459  0.357 -0.585  1.000 -0.034 -0.190 -0.097  0.156 -0.146 -0.240  0.285 -0.098  0.131 -0.129 -0.019  0.021  0.008  0.025  0.001 -0.013  0.164  0.131 -0.005 -0.006 -0.029 -0.041 -0.032 -0.031 -0.229 -0.013 -0.006
   0.009  0.155  0.038  0.254  0.212 -0.297  0.049 -0.108 -0.112 -0.244 -0.175  0.339 -0.034  1.000  0.141  0.362 -0.088  0.294  0.132 -0.015  0.736 -0.309  0.329  0.489  0.130  0.069  0.143  0.109  0.031  0.186 -0.072  0.073  0.040 -0.015 -0.010  0.018 -0.236 -0.157  0.127  0.052
   0.177 -0.004 -0.150  0.332  0.222 -0.173 -0.058 -0.089 -0.196 -0.083 -0.065  0.146 -0.190  0.141  1.000  0.703 -0.693  0.804  0.124  0.005  0.137 -0.057  0.109  0.036  0.104  0.095 -0.042  0.151  0.148 -0.069 -0.095  0.041  0.116  0.117  0.005  0.025  0.053 -0.010  0.136  0.134
   0.142  0.075 -0.100  0.230  0.177 -0.196  0.042 -0.046 -0.111 -0.191 -0.139  0.107 -0.097  0.362  0.703  1.000 -0.252  0.738  0.065  0.026  0.364 -0.260  0.307  0.208  0.116  0.130  0.042  0.219  0.241  0.001 -0.027  0.052  0.194  0.218 -0.205 -0.079  0.013 -0.023  0.182  0.205
   0.064  0.020 -0.045 -0.214 -0.214  0.239 -0.078  0.188  0.224 -0.198 -0.117 -0.082  0.156 -0.088 -0.693 -0.252  1.000 -0.819 -0.078  0.012  0.048 -0.114 -0.069  0.224  0.139  0.120  0.157  0.168  0.171  0.198  0.244 -0.012  0.171  0.182 -0.390 -0.273  0.239  0.060  0.097  0.106
  -0.024  0.041  0.023  0.228  0.221 -0.269  0.092 -0.149 -0.197  0.034 -0.023  0.116 -0.146  0.294  0.804  0.738 -0.819  1.000  0.071  0.030  0.201 -0.098  0.287 -0.049 -0.112 -0.072 -0.124 -0.080 -0.061 -0.183 -0.251  0.039 -0.079 -0.068  0.202  0.190 -0.262 -0.088 -0.040 -0.027
   0.288 -0.295 -0.311  0.194 -0.205  0.084 -0.407  0.140  0.117 -0.311 -0.281  0.124 -0.240  0.132  0.124  0.065 -0.078  0.071  1.000 -0.313  0.185 -0.232  0.239  0.145  0.086  0.109  0.027  0.137  0.180 -0.085 -0.073  0.026  0.103  0.209 -0.023 -0.014  0.065  0.020  0.125  0.141
  -0.118  0.072  0.126  0.119  0.082  0.069 -0.160  0.064  0.060  0.140 -0.069  0.097  0.285 -0.015  0.005  0.026  0.012  0.030 -0.313  1.000  0.108 -0.074  0.089  0.153 -0.096  0.076 -0.092 -0.082 -0.031  0.013 -0.182  0.031 -0.019 -0.095  0.071  0.058 -0.196 -0.415 -0.095 -0.015
   0.064  0.103 -0.025  0.232  0.078 -0.081 -0.170  0.018  0.005 -0.310 -0.345  0.476 -0.098  0.736  0.137  0.364  0.048  0.201  0.185  0.108  1.000 -0.358  0.376  0.726  0.069  0.139  0.017  0.025  0.069  0.092 -0.173  0.080 -0.055 -0.011 -0.045  0.003 -0.281 -0.246  0.043  0.086
   0.091 -0.545 -0.167 -0.263 -0.165  0.179  0.032 -0.022 -0.017  0.125  0.180 -0.278  0.131 -0.309 -0.057 -0.260 -0.114 -0.098 -0.232 -0.074 -0.358  1.000 -0.812 -0.490 -0.017 -0.054  0.031 -0.031 -0.080  0.027  0.181 -0.031 -0.184 -0.223  0.084  0.016  0.168  0.125 -0.035 -0.063
  -0.235  0.370  0.267  0.138  0.023 -0.088 -0.103 -0.033 -0.028 -0.053 -0.160  0.305 -0.129  0.329  0.109  0.307 -0.069  0.287  0.239  0.089  0.376 -0.812  1.000  0.112 -0.159 -0.079 -0.132  0.002  0.061 -0.095 -0.288  0.031  0.072  0.149  0.085  0.114 -0.389 -0.189 -0.022  0.010
   0.154  0.302 -0.078  0.291  0.195 -0.129 -0.068  0.069  0.050 -0.244 -0.252  0.318 -0.019  0.489  0.036  0.208  0.224 -0.049  0.145  0.153  0.726 -0.490  0.112  1.000  0.207  0.304  0.104 -0.001  0.140  0.138 -0.031  0.060  0.025  0.128 -0.202 -0.126 -0.003 -0.245  0.069  0.164
   0.325  0.096 -0.211  0.289  0.180 -0.082 -0.033  0.226  0.175 -0.072 -0.024  0.018  0.021  0.130  0.104  0.116  0.139 -0.112  0.086 -0.096  0.069 -0.017 -0.159  0.207  1.000  0.492  0.387  0.691  0.615  0.392  0.458  0.059  0.565  0.521 -0.235 -0.206  0.574  0.102  0.596  0.551
   0.249  0.059 -0.160  0.224  0.114 -0.055 -0.040  0.192  0.148 -0.030 -0.008  0.035  0.008  0.069  0.095  0.130  0.120 -0.072  0.109  0.076  0.139 -0.054 -0.079  0.304  0.492  1.000  0.320  0.535  0.663  0.328  0.402  0.047  0.415  0.544 -0.199 -0.170  0.469 -0.050  0.486  0.577
   0.155  0.031 -0.091  0.123  0.119 -0.134  0.112  0.150  0.127  0.023  0.071 -0.012  0.025  0.143 -0.042  0.042  0.157 -0.124  0.027 -0.092  0.017  0.031 -0.132  0.104  0.387  0.320  1.000  0.438  0.410  0.344  0.410  0.030  0.348  0.337 -0.166 -0.144  0.422  0.094  0.420  0.396
   0.311  0.003 -0.194  0.288  0.132 -0.060 -0.070  0.223  0.165 -0.058  0.017  0.032  0.001  0.109  0.151  0.219  0.168 -0.080  0.137 -0.082  0.025 -0.031  0.002 -0.001  0.691  0.535  0.438  1.000  0.804  0.479  0.565  0.058  0.764  0.688 -0.282 -0.241  0.646  0.156  0.750  0.688
   0.274  0.038 -0.166  0.233  0.074 -0.033 -0.071  0.207  0.152 -0.016  0.048  0.008 -0.013  0.031  0.148  0.241  0.171 -0.061  0.180 -0.031  0.069 -0.080  0.061  0.140  0.615  0.663  0.410  0.804  1.000  0.429  0.560  0.046  0.623  0.824 -0.288 -0.235  0.621 -0.002  0.692  0.793
  -0.384  0.204  0.449  0.049  0.123 -0.165  0.173 -0.087 -0.097 -0.001  0.285  0.288  0.164  0.186 -0.069  0.001  0.198 -0.183 -0.085  0.013  0.092  0.027 -0.095  0.138  0.392  0.328  0.344  0.479  0.429  1.000  0.691 -0.008  0.397  0.345 -0.190 -0.167  0.305  0.025  0.442  0.400
  -0.189  0.021  0.238 -0.107  0.007 -0.131  0.275 -0.072 -0.083  0.038  0.401 -0.111  0.131 -0.072 -0.095 -0.027  0.244 -0.251 -0.073 -0.182 -0.173  0.181 -0.288 -0.031  0.458  0.402  0.410  0.565  0.560  0.691  1.000 -0.037  0.471  0.469 -0.258 -0.227  0.573  0.226  0.498  0.528
   0.084  0.008 -0.069  0.061  0.023  0.009 -0.050  0.084  0.072 -0.027 -0.089  0.038 -0.005  0.073  0.041  0.052 -0.012  0.039  0.026  0.031  0.080 -0.031  0.031  0.060  0.059  0.047  0.030  0.058  0.046 -0.008 -0.037  1.000  0.041  0.034  0.011  0.010  0.014 -0.037  0.053  0.041
   0.196  0.115 -0.086  0.246  0.135 -0.073 -0.021  0.161  0.116 -0.006  0.057  0.022 -0.006  0.040  0.116  0.194  0.171 -0.079  0.103 -0.019 -0.055 -0.184  0.072  0.025  0.565  0.415  0.348  0.764  0.623  0.397  0.471  0.041  1.000  0.590 -0.253 -0.209  0.535  0.162  0.598  0.535
   0.215  0.126 -0.112  0.151 -0.022  0.043 -0.122  0.180  0.134 -0.016  0.043 -0.013 -0.029 -0.015  0.117  0.218  0.182 -0.068  0.209 -0.095 -0.011 -0.223  0.149  0.128  0.521  0.544  0.337  0.688  0.824  0.345  0.469  0.034  0.590  1.000 -0.268 -0.212  0.538  0.021  0.585  0.663
  -0.162 -0.036  0.119 -0.050 -0.021 -0.006 -0.003  0.019  0.035  0.114 -0.038  0.044 -0.041 -0.010  0.005 -0.205 -0.390  0.202 -0.023  0.071 -0.045  0.084  0.085 -0.202 -0.235 -0.199 -0.166 -0.282 -0.288 -0.190 -0.258  0.011 -0.253 -0.268  1.000  0.279 -0.324 -0.093 -0.232 -0.238
  -0.131 -0.011  0.097 -0.050 -0.026 -0.000 -0.003  0.012  0.022  0.059 -0.056  0.039 -0.032  0.018  0.025 -0.079 -0.273  0.190 -0.014  0.058  0.003  0.016  0.114 -0.126 -0.206 -0.170 -0.144 -0.241 -0.235 -0.167 -0.227  0.010 -0.209 -0.212  0.279  1.000 -0.280 -0.083 -0.201 -0.200
   0.434 -0.102 -0.360  0.165  0.090 -0.024  0.017  0.313  0.250 -0.041  0.036 -0.219 -0.031 -0.236  0.053  0.013  0.239 -0.262  0.065 -0.196 -0.281  0.168 -0.389 -0.003  0.574  0.469  0.422  0.646  0.621  0.305  0.573  0.014  0.535  0.538 -0.324 -0.280  1.000  0.266  0.573  0.571
   0.132 -0.174 -0.152 -0.064 -0.006 -0.107  0.192 -0.011 -0.014 -0.118  0.070 -0.121 -0.229 -0.157 -0.010 -0.023  0.060 -0.088  0.020 -0.415 -0.246  0.125 -0.189 -0.245  0.102 -0.050  0.094  0.156 -0.002  0.025  0.226 -0.037  0.162  0.021 -0.093 -0.083  0.266  1.000  0.105  0.016
   0.270  0.048 -0.166  0.270  0.148 -0.095 -0.027  0.202  0.150 -0.018  0.034  0.066 -0.013  0.127  0.136  0.182  0.097 -0.040  0.125 -0.095  0.043 -0.035 -0.022  0.069  0.596  0.486  0.420  0.750  0.692  0.442  0.498  0.053  0.598  0.585 -0.232 -0.201  0.573  0.105  1.000  0.618
   0.238  0.051 -0.140  0.225  0.105 -0.076 -0.020  0.180  0.132  0.021  0.076 -0.006 -0.006  0.052  0.134  0.205  0.106 -0.027  0.141 -0.015  0.086 -0.063  0.010  0.164  0.551  0.577  0.396  0.688  0.793  0.400  0.528  0.041  0.535  0.663 -0.238 -0.200  0.571  0.016  0.618  1.000

0                ***   ***   ***  ***   ***   ***



     X        Q2         W2       THEORY        error         DATA           ERROR        chi^2     _w    ITYPE
.4831E+00     3.585  0.472E+01   0.17938E+00   0.66449E-03   0.18590E+00    0.56080E-02   -1.35         jl00106F2p          
.4904E+00     3.624  0.465E+01   0.17447E+00   0.64050E-03   0.18170E+00    0.55227E-02   -1.72         jl00106F2p          
.4978E+00     3.663  0.458E+01   0.16953E+00   0.61650E-03   0.17590E+00    0.53000E-02   -1.44         jl00106F2p          
.5052E+00     3.702  0.451E+01   0.16465E+00   0.59284E-03   0.16780E+00    0.50774E-02   -0.39         jl00106F2p          
.5127E+00     3.740  0.444E+01   0.15975E+00   0.56925E-03   0.16030E+00    0.48549E-02   -0.01         jl00106F2p          
.5202E+00     3.779  0.437E+01   0.15491E+00   0.54608E-03   0.15490E+00    0.47707E-02    0.00         jl00106F2p          
.5278E+00     3.818  0.430E+01   0.15006E+00   0.52306E-03   0.15390E+00    0.46872E-02   -0.67         jl00106F2p          
.5355E+00     3.857  0.423E+01   0.14522E+00   0.50027E-03   0.14960E+00    0.45486E-02   -0.93         jl00106F2p          
.5433E+00     3.895  0.416E+01   0.14039E+00   0.47780E-03   0.13750E+00    0.42438E-02    0.46         jl00106F2p          
.5511E+00     3.934  0.409E+01   0.13562E+00   0.45596E-03   0.13020E+00    0.40224E-02    1.82         jl00106F2p          
.5590E+00     3.973  0.402E+01   0.13087E+00   0.43460E-03   0.12690E+00    0.40224E-02    0.98         jl00106F2p          
.5669E+00     4.012  0.395E+01   0.12621E+00   0.41404E-03   0.12380E+00    0.39408E-02    0.37         jl00106F2p          
.5749E+00     4.051  0.388E+01   0.12156E+00   0.39415E-03   0.12040E+00    0.38013E-02    0.09         jl00106F2p          
.5830E+00     4.089  0.381E+01   0.11696E+00   0.37507E-03   0.11930E+00    0.38013E-02   -0.38         jl00106F2p          
.5912E+00     4.128  0.374E+01   0.11239E+00   0.35691E-03   0.11430E+00    0.35805E-02   -0.28         jl00106F2p          
.5995E+00     4.167  0.367E+01   0.10787E+00   0.33981E-03   0.10560E+00    0.33601E-02    0.45         jl00106F2p          
.6000E+00     4.169  0.366E+01   0.10759E+00   0.33882E-03   0.10820E+00    0.31765E-02   -0.04         jl00106F2p          
.6097E+00     4.214  0.358E+01   0.10243E+00   0.32067E-03   0.10210E+00    0.30017E-02    0.01         jl00106F2p          
.6195E+00     4.259  0.350E+01   0.97356E-01   0.30436E-03   0.97600E-01    0.28653E-02   -0.01         jl00106F2p          
.6293E+00     4.304  0.342E+01   0.92416E-01   0.29018E-03   0.89300E-01    0.26420E-02    1.39         jl00106F2p          
.6393E+00     4.349  0.334E+01   0.87524E-01   0.27796E-03   0.86400E-01    0.25554E-02    0.19         jl00106F2p          
.6494E+00     4.395  0.325E+01   0.82732E-01   0.26789E-03   0.79900E-01    0.24187E-02    1.37         jl00106F2p          
.6597E+00     4.440  0.317E+01   0.78010E-01   0.25990E-03   0.76600E-01    0.23324E-02    0.37         jl00106F2p          
.6700E+00     4.485  0.309E+01   0.73441E-01   0.25394E-03   0.76100E-01    0.23324E-02   -1.30         jl00106F2p          
.6804E+00     4.530  0.301E+01   0.68987E-01   0.24973E-03   0.73900E-01    0.22472E-02   -4.78         jl00106F2p          
.5300E+00     3.995  0.442E+01   0.14705E+00   0.51096E-03   0.15580E+00    0.52498E-02   -2.78         jl00106F2p          
.5379E+00     4.039  0.435E+01   0.14207E+00   0.48795E-03   0.14340E+00    0.48918E-02   -0.07         jl00106F2p          
.5458E+00     4.082  0.428E+01   0.13716E+00   0.46556E-03   0.13850E+00    0.47508E-02   -0.08         jl00106F2p          
.5538E+00     4.125  0.421E+01   0.13228E+00   0.44357E-03   0.13450E+00    0.46755E-02   -0.23         jl00106F2p          
.5619E+00     4.168  0.413E+01   0.12742E+00   0.42206E-03   0.13210E+00    0.45343E-02   -1.07         jl00106F2p          
.5700E+00     4.211  0.406E+01   0.12264E+00   0.40137E-03   0.12320E+00    0.43186E-02   -0.02         jl00106F2p          
.5782E+00     4.255  0.399E+01   0.11790E+00   0.38134E-03   0.11910E+00    0.41773E-02   -0.08         jl00106F2p          
.5865E+00     4.298  0.391E+01   0.11319E+00   0.36210E-03   0.11650E+00    0.41037E-02   -0.65         jl00106F2p          
.5948E+00     4.341  0.384E+01   0.10858E+00   0.34398E-03   0.11300E+00    0.40311E-02   -1.20         jl00106F2p          
.6032E+00     4.384  0.377E+01   0.10402E+00   0.32687E-03   0.10210E+00    0.36770E-02    0.27         jl00106F2p          
.6117E+00     4.427  0.369E+01   0.99504E-01   0.31089E-03   0.99200E-01    0.36069E-02    0.01         jl00106F2p          
.6203E+00     4.471  0.362E+01   0.95048E-01   0.29618E-03   0.96700E-01    0.36069E-02   -0.21         jl00106F2p          
.6289E+00     4.514  0.355E+01   0.90701E-01   0.28297E-03   0.88900E-01    0.33971E-02    0.28         jl00106F2p          
.6376E+00     4.557  0.347E+01   0.86418E-01   0.27117E-03   0.84700E-01    0.32558E-02    0.28         jl00106F2p          
.6463E+00     4.600  0.340E+01   0.82247E-01   0.26095E-03   0.78900E-01    0.30480E-02    1.21         jl00106F2p          
.6552E+00     4.643  0.333E+01   0.78107E-01   0.25212E-03   0.79600E-01    0.30480E-02   -0.24         jl00106F2p          
.6556E+00     4.646  0.332E+01   0.77920E-01   0.25175E-03   0.77000E-01    0.23854E-02    0.15         jl00106F2p          
.6660E+00     4.696  0.324E+01   0.73241E-01   0.24344E-03   0.71900E-01    0.21633E-02    0.38         jl00106F2p          
.6765E+00     4.746  0.315E+01   0.68684E-01   0.23697E-03   0.69900E-01    0.21633E-02   -0.32         jl00106F2p          
.6871E+00     4.796  0.307E+01   0.64259E-01   0.23212E-03   0.68400E-01    0.21633E-02   -3.66         jl00106F2p          
.5472E+00     4.282  0.442E+01   0.13458E+00   0.45673E-03   0.13960E+00    0.47508E-02   -1.12         jl00106F2p          
.5551E+00     4.328  0.435E+01   0.12974E+00   0.43527E-03   0.13540E+00    0.46098E-02   -1.51         jl00106F2p          
.5629E+00     4.374  0.428E+01   0.12503E+00   0.41474E-03   0.13390E+00    0.44688E-02   -3.94         jl00106F2p          
