# fitpack15: fit parameters                                                                         
# CJ15 AV18 final data choices                                                                      
# Created on 01/23/2020 at 21:47:04                                                                 

 # QCD setup
  INS                           0
  NVL                          11
  IORD                          1
  Q02                   1.6899999999999999     
  IPARAMC                       7
  FLAVOR                4.0000000000000000     
  xmc                   1.3000000000000000     
  xmb                   4.5000000000000000     
  ncb                          12
  ihq                           1
  ias                           0

 # Theory corrections
  inuke                     10814
  itmc                          1
  iht                           1

 # fit parameters
 LAMBDA       0.22680        0.0000    
 a0uv          2.4060        0.0000    
 a1uv         0.61523       0.19853E-01
 a2uv          3.5443       0.12411E-01
 a3uv          0.0000        0.0000    
 a4uv          3.4625       0.42886    
 a5uv          0.0000        0.0000    
 a0dv          24.699        0.0000    
 a1dv          1.1596       0.33565E-01
 a2dv          6.5528       0.15908    
 a3dv         -3.5030       0.86064E-01
 a4dv          4.6782       0.14284    
 a5dv          0.0000        0.0000    
 a0ud         0.14699       0.50452E-02
 a1ud        -0.20744       0.37529E-02
 a2ud          8.3295       0.19150    
 a3ud          0.0000        0.0000    
 a4ud          14.580        1.2241    
 a5ud          0.0000        0.0000    
 a0du          35712.        0.0000    
 a1du          4.0237       0.75254E-01
 a2du          20.157       0.87763    
 a3du          17.000        0.0000    
 a4du          50.489        10.371    
 a0g           45.490        0.0000    
 a1g          0.60284       0.31051E-01
 a2g           6.4751       0.95089    
 a3g          -3.3075       0.13283    
 a4g           3.1741       0.31717    
 a5g           0.0000        0.0000    
 kappa        0.40000        0.0000    
 a6dv        -0.35841E-02   0.66795E-03
 a7dv          2.0000        0.0000    
 off1         -3.6561        1.5236    
 off2         0.51527E-01   0.63653E-01
 ht1          -3.2913       0.25490    
 ht2           1.9259       0.10447    
 ht3          -2.0799       0.18375E-01
 ht4           0.0000        0.0000    
 dummy40       0.0000        0.0000    
 dummy41       0.0000        0.0000    
 dummy42       0.0000        0.0000    
 dummy43       0.0000        0.0000    
 dummy44       0.0000        0.0000    
 dummy45       0.0000        0.0000    
 dummy46       0.0000        0.0000    
 dummy47       0.0000        0.0000    
 dummy48       0.0000        0.0000    
 dummy49       0.0000        0.0000    
 bcdmsh2      0.97291       0.48176E-02
 bcdmsd2      0.99311       0.58310E-02
 ccfr          1.0000        0.0000    
 nutev         1.0000        0.0000    
 zeus         0.97998        0.0000    
 h1            1.0162        0.0000    
 e605          1.0319        0.0000    
 NmcH2         1.0096       0.71236E-02
 ntv_nu        1.0000        0.0000    
 ntv_nubar     1.0000        0.0000    
 cdf_jet      0.98910        0.0000    
 d0_jet       0.83504        0.0000    
 slac_p        1.0051       0.48133E-02
 slac_d        1.0045       0.52787E-02
 e866pp       0.96557       0.19260E-01
 e866pd       0.96365       0.15818E-01
 d0_gamjet     1.0388       0.16479E-01
 h1b          0.97608        0.0000    
 jlab_p       0.99525       0.57977E-02
 jlab_d       0.97647       0.59144E-02
 blank         1.0000        0.0000    
 d0run2       0.94057       0.14117E-01
 cdfrun2      0.92635       0.17213E-01
 HERA_el       1.0000        0.0000    
 HERA_ps       1.0000        0.0000    
 CDF_Z        0.96608       0.65184E-02
 NmcRat        1.0000        0.0000    
 BNS_F2nd     0.98289       0.69246E-02
 HERMES_F2p   0.99839       0.55652E-02
 HERMES_F2d   0.98057       0.58222E-02
 END 0. 0.

 # Hessian matrix (Bevington alpha)
   0.48815130184692E+07 -0.12866871319174E+07  0.23420447939426E+06  0.47832168298112E+06 -0.12599907879141E+06 -0.22904537784567E+05  0.55062118879145E+05  0.89786771680609E+06 -0.17331090441335E+06 -0.48209893460737E+05  0.73440169317332E+04  0.15530186905975E+05  0.17541081490265E+04 -0.11258873096201E+03  0.75174899534256E+04 -0.19227875380543E+04  0.10913914417557E+05  0.78007855643571E+04 -0.74200603495463E+07 -0.16497033086175E+04 -0.17456545273055E+06  0.51331338639346E+05  0.16544362303757E+06  0.68364555105980E+06 -0.12684345637952E+06 -0.53772848660799E+05 -0.43542232011354E+04 -0.83714550819786E+06 -0.10830760602787E+07 -0.20560052184345E+05 -0.46334022753418E+05 -0.30759214770742E+04 -0.19816208931224E+06 -0.22358344159997E+06 -0.90874582149683E+04 -0.32207691440914E+04 -0.14900155453542E+05  0.16525499685368E+05 -0.70480597696467E+05 -0.55593610657102E+05
  -0.12866871319174E+07  0.41310115509640E+06 -0.63843371901205E+05 -0.13481183438721E+06  0.35214374864286E+05  0.87071454572976E+04 -0.12272807227555E+05 -0.12089392173430E+06  0.26419602327550E+05  0.74619449630440E+04 -0.93397029001317E+03 -0.12545424050788E+04 -0.14635702303091E+03  0.13570784790914E+02  0.67250003492190E+03 -0.54237303178007E+02  0.18126837370265E+03  0.10349372635969E+03  0.25483226228976E+07  0.63648888202372E+03  0.49649699463983E+05 -0.10929984015142E+05 -0.39189807151239E+05 -0.18777873913974E+06  0.16564734348263E+05  0.81902790934472E+04 -0.24180690013813E+03  0.20915853266531E+06  0.26331820842229E+06  0.58016604117691E+04  0.13222547445476E+05  0.42072851653266E+03  0.63401640469197E+05  0.71007341359947E+05  0.24636462786188E+04  0.78294006257879E+03 -0.23668376281548E+04 -0.22336338710454E+04  0.85341748470512E+04  0.71601450608802E+04
   0.23420447939426E+06 -0.63843371901205E+05  0.11362846679561E+05  0.23213003762652E+05 -0.62058784643241E+04 -0.13354947628183E+04  0.25889323051637E+04  0.31525150477927E+05 -0.59355000206814E+04 -0.19989508061263E+04  0.26181289500755E+03  0.48595005090158E+03  0.63700978667244E+02 -0.51133795872329E+01 -0.39284830238892E+03 -0.24817005279329E+00 -0.18342123666960E+03 -0.23956856718277E+02 -0.37217188196826E+06 -0.84484530449204E+02 -0.85099638242750E+04  0.23829222906190E+04  0.77104664748580E+04  0.32949986742254E+05 -0.55611194612372E+04 -0.23729268905572E+04  0.52142645945179E+02 -0.39154754591093E+05 -0.50848971978010E+05 -0.10082550526293E+04 -0.22822599237710E+04 -0.11912685213070E+03 -0.99561704280587E+04 -0.11203599744622E+05 -0.43688122095576E+03 -0.15217392970182E+03  0.55487597814851E+02  0.72613387794726E+03 -0.25699100836893E+04 -0.20840129350526E+04
   0.47832168298112E+06 -0.13481183438721E+06  0.23213003762652E+05  0.39454490146458E+06 -0.62364155424512E+05  0.75584513154695E+05  0.64651860146274E+05  0.34390330892103E+06 -0.25079882561212E+05 -0.18271463838416E+05  0.33574222555514E+04 -0.13628397312870E+04 -0.15621498181265E+03  0.59074837131943E+02  0.30596009397735E+05 -0.37115055638404E+04  0.27722814957436E+05  0.15509147642601E+05 -0.22086826831296E+07 -0.28449863635148E+03 -0.51346382129851E+05  0.18865284401798E+05  0.52802250047360E+05  0.22291452327223E+06 -0.12767652291755E+05 -0.21125321242217E+05 -0.66084328682489E+02 -0.65655288708199E+05 -0.34012573029256E+06 -0.14160646772659E+04 -0.24889179201620E+04 -0.73894836882117E+02 -0.11713414147001E+05 -0.52485854569211E+05 -0.25076058129627E+04 -0.97937534935372E+03 -0.94872371657999E+04 -0.15697345719837E+05 -0.71850738998554E+04 -0.21252802237769E+05
  -0.12599907879141E+06  0.35214374864286E+05 -0.62058784643241E+04 -0.62364155424512E+05  0.11724329213750E+05 -0.78699610868825E+04 -0.94408965119928E+04 -0.32141057331956E+05  0.31978371611111E+03  0.23928490002465E+04 -0.34149240991468E+03 -0.42646992509770E+02  0.45423245367643E+01 -0.53006350949036E+01 -0.26064494425507E+04  0.32165534820583E+03 -0.23058561054945E+04 -0.13079766864369E+04  0.48864918720467E+06  0.82882517361697E+02  0.10684694967946E+05 -0.35141684395369E+04 -0.98401112099880E+04 -0.44464857243120E+05  0.19982603133480E+04  0.33677665702390E+04 -0.56253158515142E+02  0.11960750006063E+05  0.63084514260484E+05  0.34022398637988E+03  0.57843970642819E+03  0.95502158129191E+01  0.29789966034996E+04  0.13150523477349E+05  0.48247307837641E+03  0.17901794133229E+03  0.33357012936529E+03  0.24968943200854E+04  0.81874811215785E+03  0.25148526753024E+04
  -0.22904537784567E+05  0.87071454572976E+04 -0.13354947628183E+04  0.75584513154695E+05 -0.78699610868825E+04  0.24291934914733E+05  0.14757877386827E+05  0.10437010752610E+06 -0.92549999362983E+04 -0.46042182919090E+04  0.10013034781462E+04 -0.70654180887167E+03 -0.69358847259412E+02  0.20006335329906E+02  0.93083941469897E+04 -0.11586835440625E+04  0.85856912681942E+04  0.48687360782901E+04 -0.66948262752412E+05  0.47216199232721E+02 -0.38906734962650E+04  0.24268175925130E+04  0.66698037597888E+04  0.20540208969517E+05 -0.28158869015513E+04 -0.43155533738750E+04  0.15348825857818E+03 -0.88523566467847E+04 -0.43688014143756E+05 -0.34300957660743E+01 -0.35512773779938E+02 -0.19559683275047E+02  0.33612626126299E+03  0.11645864405125E+04 -0.27319239418407E+03 -0.13767578330768E+03 -0.30349991930444E+04 -0.33763436707171E+04 -0.18481920915763E+04 -0.53233579397928E+04
   0.55062118879145E+05 -0.12272807227555E+05  0.25889323051637E+04  0.64651860146274E+05 -0.94408965119928E+04  0.14757877386827E+05  0.11582469250803E+05  0.57906691322107E+05 -0.29141516191027E+04 -0.32867183355537E+04  0.58586495155939E+03 -0.21355384408635E+03 -0.27382732846133E+02  0.10521183061744E+02  0.48115698361675E+04 -0.60792242871100E+03  0.43253228726021E+04  0.24846657755591E+04 -0.25022928917884E+06 -0.11755814079690E+02 -0.70880861097523E+04  0.29512141703726E+04  0.80794137752488E+04  0.31339884035663E+05 -0.24971297353875E+04 -0.39139617125944E+04  0.13608187157883E+03 -0.10087260884863E+05 -0.52603829846900E+05 -0.17206348911391E+03 -0.29277078997019E+03 -0.13754148970584E+02 -0.10738313068078E+04 -0.49635550589574E+04 -0.37469156905815E+03 -0.15786960981548E+03 -0.12747201003767E+04 -0.31624409315055E+04 -0.11477081555157E+04 -0.34172525746615E+04
   0.89786771680609E+06 -0.12089392173430E+06  0.31525150477927E+05  0.34390330892103E+06 -0.32141057331956E+05  0.10437010752610E+06  0.57906691322107E+05  0.49408257244993E+07 -0.23040232088250E+07 -0.84920317284331E+05  0.25806809551758E+05  0.27236268366064E+05  0.18125377040157E+04  0.10546395785601E+03  0.82113823897429E+05 -0.10438586494904E+05  0.85441666281686E+05  0.46045692693515E+05 -0.56714290726696E+06  0.33739449187177E+03 -0.23639746165528E+05  0.27789338520188E+05  0.87462281074350E+05  0.23785318512020E+06 -0.60323610686306E+05 -0.48511129375757E+05 -0.66625364401590E+05 -0.27981354454416E+06 -0.55537768067627E+06 -0.72376536542063E+05 -0.16185499757670E+06 -0.13251714970149E+04 -0.56750161688078E+04 -0.11155522471635E+05  0.89609699792130E+02  0.17462010024202E+03 -0.26132389709485E+06 -0.85476803396552E+04 -0.13639544197472E+06 -0.16967880121559E+06
  -0.17331090441335E+06  0.26419602327550E+05 -0.59355000206814E+04 -0.25079882561212E+05  0.31978371611111E+03 -0.92549999362983E+04 -0.29141516191027E+04 -0.23040232088250E+07  0.19281640916992E+07  0.18968255673067E+05 -0.65188148822709E+04 -0.58804884807802E+04 -0.32154410206288E+03 -0.14628619437448E+02  0.50095358245709E+05 -0.23708932790449E+04  0.17365293870564E+05  0.84553658450515E+04 -0.27260131400538E+05 -0.90698911058878E+02  0.64034135628065E+03 -0.57510576016468E+04 -0.19150753812014E+05 -0.47005262483660E+05  0.11441800145894E+05  0.10836369788321E+05  0.24120427700075E+05  0.65460618545059E+05  0.12577298658348E+06  0.23163237983141E+05  0.51916800220710E+05  0.17892106333931E+03  0.61867834963677E+03  0.12504207733950E+04 -0.12068532507771E+04 -0.67387275082649E+03  0.11165525162930E+06  0.15769285891202E+04  0.44191612725411E+05  0.54434075692024E+05
  -0.48209893460737E+05  0.74619449630440E+04 -0.19989508061263E+04 -0.18271463838416E+05  0.23928490002465E+04 -0.46042182919090E+04 -0.32867183355537E+04 -0.84920317284331E+05  0.18968255673067E+05  0.26408177544077E+04 -0.64046235911159E+03 -0.70191337560591E+03 -0.61362423120272E+02 -0.20086502538440E+01 -0.39817564753505E+04  0.48328575304204E+03 -0.36448855082761E+04 -0.20518934619340E+04  0.56814181429134E+05 -0.58217258508678E+01  0.20852721097654E+04 -0.12473311168485E+04 -0.36581121372769E+04 -0.11513781689342E+05  0.27344737382829E+04  0.18943513352867E+04  0.72728546413512E+03  0.10924601181930E+05  0.22861419249809E+05  0.15294558960838E+04  0.33477372299640E+04  0.43105957086992E+02  0.57456296456973E+03  0.10913038758080E+04  0.13460017461174E+03  0.60163869144699E+02  0.30864181932739E+04  0.43925485533773E+03  0.27831496430405E+04  0.35469232792597E+04
   0.73440169317332E+04 -0.93397029001317E+03  0.26181289500755E+03  0.33574222555514E+04 -0.34149240991468E+03  0.10013034781462E+04  0.58586495155939E+03  0.25806809551758E+05 -0.65188148822709E+04 -0.64046235911159E+03  0.18102866015220E+03  0.20829343399467E+03  0.15028937867177E+02  0.77275266889463E+00  0.12653435451896E+04 -0.13958202421783E+03  0.11073859549790E+04  0.60079963133851E+03 -0.64626927524141E+04  0.24001217987576E+01 -0.24204923627877E+03  0.21644622934589E+03  0.66723985729072E+03  0.18781061047266E+04 -0.48633889683337E+03 -0.36714364068928E+03 -0.34143727848226E+03 -0.20768740958355E+04 -0.41747662751728E+04 -0.44412435644743E+03 -0.99317573206870E+03 -0.11166947580106E+02 -0.49489670495557E+02 -0.97100239199993E+02 -0.15249614810322E+02 -0.72109820673417E+01 -0.11596015092300E+04 -0.68944756829877E+02 -0.83466370411390E+03 -0.10465310864911E+04
   0.15530186905975E+05 -0.12545424050788E+04  0.48595005090158E+03 -0.13628397312870E+04 -0.42646992509770E+02 -0.70654180887167E+03 -0.21355384408635E+03  0.27236268366064E+05 -0.58804884807802E+04 -0.70191337560591E+03  0.20829343399467E+03  0.18346948434354E+04  0.11902394232836E+03 -0.93238196414590E+00  0.15010356252517E+04 -0.20642075500146E+03  0.16719338434860E+04  0.95260050460650E+03 -0.68389352600087E+04 -0.52446055576869E+01 -0.99445791348023E+02 -0.10563932016026E+02  0.14155159587427E+03 -0.94902079421510E+03 -0.11703879229332E+04 -0.13629061545678E-09 -0.77362544388879E+03 -0.52147626341632E+04  0.20318304999430E-09 -0.25330026668868E+04 -0.74187160368784E+02 -0.83364439902155E+02 -0.21578423989577E+00  0.95592940489148E-11 -0.18396135942786E+01 -0.79273436582054E+00  0.30102733857688E+03  0.32013771122655E+03 -0.28707593184723E+04  0.59612503063434E-10
   0.17541081490265E+04 -0.14635702303091E+03  0.63700978667244E+02 -0.15621498181265E+03  0.45423245367643E+01 -0.69358847259412E+02 -0.27382732846133E+02  0.18125377040157E+04 -0.32154410206288E+03 -0.61362423120272E+02  0.15028937867177E+02  0.11902394232836E+03  0.10614728007047E+02 -0.18359966358820E+00  0.80979302357848E+02 -0.13496279286376E+02  0.99543352335214E+02  0.61455425867796E+02 -0.32269918046609E+03 -0.42591545720070E+00  0.57259476212226E+01  0.11734401421590E+01  0.19311517086737E+02 -0.91945266892808E+02 -0.17257982024233E+03 -0.11593450974908E-11 -0.29685387655315E+02 -0.61162263074278E+03 -0.26339742554271E-10 -0.15699045219741E+03 -0.19549763633950E+02 -0.66668620440614E+01 -0.15546639565889E+00  0.55418622544287E-11 -0.19286511016009E+00 -0.75159247453724E-01  0.29905227246468E+02  0.71775113677885E+02 -0.20473751078599E+03  0.12038732080390E-10
  -0.11258873096201E+03  0.13570784790914E+02 -0.51133795872329E+01  0.59074837131943E+02 -0.53006350949036E+01  0.20006335329906E+02  0.10521183061744E+02  0.10546395785601E+03 -0.14628619437448E+02 -0.20086502538440E+01  0.77275266889463E+00 -0.93238196414590E+00 -0.18359966358820E+00  0.58477574169326E-01  0.15647339973517E+02 -0.12153864089825E+01  0.10218313823402E+02  0.48458207909357E+01 -0.85527634304321E+02  0.21091636144297E-01 -0.40003745835032E+01  0.48800496687133E+00  0.12524721915941E+01  0.64605444613677E+01  0.73102531647226E-01 -0.48133563578361E-12 -0.67009550110610E+01 -0.97724250606171E+00 -0.17754238125265E-11 -0.39210776084473E+01 -0.29598889173092E-04 -0.15740010112062E+00  0.23437386416761E-12  0.18188876521741E-12 -0.19280542111505E-02 -0.10589398412864E-02 -0.16521598475319E+01  0.94214846971523E-04 -0.36853149132161E+01  0.16090916321384E-11
   0.75174899534256E+04  0.67250003492190E+03 -0.39284830238892E+03  0.30596009397735E+05 -0.26064494425507E+04  0.93083941469897E+04  0.48115698361675E+04  0.82113823897429E+05  0.50095358245709E+05 -0.39817564753505E+04  0.12653435451896E+04  0.15010356252517E+04  0.80979302357848E+02  0.15647339973517E+02  0.48795010932877E+05 -0.44874687730618E+04  0.35933019091286E+05  0.18706347741214E+05 -0.54684298635774E+05  0.32002503660815E+01  0.63424281871475E+03 -0.18605226655006E+03 -0.54630436006115E+03 -0.12222782141401E+04 -0.26151667057971E+04 -0.17184634119170E+04 -0.24507066789697E+04  0.19576493934495E+04  0.41882761589320E+04 -0.15244306900980E+04 -0.29623946830054E+04 -0.71562022116834E+03  0.24617306046103E+03  0.43984768598780E+03 -0.28318983474274E+04 -0.15065878107539E+04 -0.24610127528578E+04  0.18020002870231E+03 -0.83733796545013E+03 -0.94335080519886E+03
  -0.19227875380543E+04 -0.54237303178007E+02 -0.24817005279329E+00 -0.37115055638404E+04  0.32165534820583E+03 -0.11586835440625E+04 -0.60792242871100E+03 -0.10438586494904E+05 -0.23708932790449E+04  0.48328575304204E+03 -0.13958202421783E+03 -0.20642075500146E+03 -0.13496279286376E+02 -0.12153864089825E+01 -0.44874687730618E+04  0.48173425243714E+03 -0.37986266340405E+04 -0.20554298717998E+04  0.64121360188830E+04 -0.10259053400394E+01 -0.92840789871038E+02  0.17389103147584E+02  0.43432240992594E+02  0.11790753051020E+03  0.48367941799570E+03  0.30336117222186E+03  0.28134370668811E+03 -0.15694604334561E+03 -0.47036458065285E+03  0.15745937145562E+03  0.30496178929983E+03  0.78614475201497E+02 -0.66080057652303E+02 -0.11652683264810E+03  0.43149642712604E+03  0.21327823145017E+03 -0.29079853889973E+03 -0.32310632993697E+02  0.24081418799069E+03  0.26984367679887E+03
   0.10913914417557E+05  0.18126837370265E+03 -0.18342123666960E+03  0.27722814957436E+05 -0.23058561054945E+04  0.85856912681942E+04  0.43253228726021E+04  0.85441666281686E+05  0.17365293870564E+05 -0.36448855082761E+04  0.11073859549790E+04  0.16719338434860E+04  0.99543352335214E+02  0.10218313823402E+02  0.35933019091286E+05 -0.37986266340405E+04  0.30414141968837E+05  0.16310879154873E+05 -0.49692118751954E+05  0.22746025749805E+01  0.70289034582569E+03 -0.23587659521712E+03 -0.64051275421511E+03 -0.13971616917712E+04 -0.27746999910310E+04 -0.17810689758834E+04 -0.25137390321504E+04  0.21186489433175E+04  0.45929721192581E+04 -0.13036491995977E+04 -0.25445981000512E+04 -0.62440673830930E+03  0.91958215226577E+02  0.17843983762161E+03 -0.27421536072316E+04 -0.14698502199722E+04  0.14269988438817E+04  0.23487113125937E+03 -0.17217259380540E+04 -0.19121161926384E+04
   0.78007855643571E+04  0.10349372635969E+03 -0.23956856718277E+02  0.15509147642601E+05 -0.13079766864369E+04  0.48687360782901E+04  0.24846657755591E+04  0.46045692693515E+05  0.84553658450515E+04 -0.20518934619340E+04  0.60079963133851E+03  0.95260050460650E+03  0.61455425867796E+02  0.48458207909357E+01  0.18706347741214E+05 -0.20554298717998E+04  0.16310879154873E+05  0.88601111075564E+04 -0.27596847558664E+05  0.27106711559981E+01  0.42236604502939E+03 -0.12138531346882E+03 -0.30652216025173E+03 -0.71076546712948E+03 -0.19212208934498E+04 -0.12018656248434E+04 -0.12615528749395E+04  0.98221859098486E+03  0.24961462505222E+04 -0.66055593808358E+03 -0.12903109366734E+04 -0.34292660653343E+03  0.11860136434237E+03  0.21932471016871E+03 -0.17544332506829E+04 -0.90383256088660E+03  0.14920549937160E+04  0.16164734644080E+03 -0.11765778568914E+04 -0.13077426152177E+04
  -0.74200603495463E+07  0.25483226228976E+07 -0.37217188196826E+06 -0.22086826831296E+07  0.48864918720467E+06 -0.66948262752412E+05 -0.25022928917884E+06 -0.56714290726696E+06 -0.27260131400538E+05  0.56814181429134E+05 -0.64626927524141E+04 -0.68389352600087E+04 -0.32269918046609E+03 -0.85527634304321E+02 -0.54684298635774E+05  0.64121360188830E+04 -0.49692118751954E+05 -0.27596847558664E+05  0.32568131324024E+08  0.72746597845050E+04  0.55154907455736E+06 -0.14776351906150E+06 -0.45116019356275E+06 -0.22822301078464E+07  0.33670756616187E+05  0.74879063356227E+05 -0.11623952111383E+04  0.56038702988169E+06  0.27339319023122E+07  0.17598127971442E+05  0.31278220458045E+05  0.22840484440644E+03  0.18206251521144E+06  0.79548151203593E+06  0.24539366474876E+05  0.77505995597759E+04 -0.18608797749325E+05  0.43912469732953E+05  0.20423455340843E+05  0.62883446986583E+05
  -0.16497033086175E+04  0.63648888202372E+03 -0.84484530449204E+02 -0.28449863635148E+03  0.82882517361697E+02  0.47216199232721E+02 -0.11755814079690E+02  0.33739449187177E+03 -0.90698911058878E+02 -0.58217258508678E+01  0.24001217987576E+01 -0.52446055576869E+01 -0.42591545720070E+00  0.21091636144297E-01  0.32002503660815E+01 -0.10259053400394E+01  0.22746025749805E+01  0.27106711559981E+01  0.72746597845050E+04  0.27439550376441E+01  0.14077464837135E+03 -0.32590266178535E+02 -0.99367968994535E+02 -0.57341315991199E+03  0.00000000000000E+00 -0.19507671781865E+02  0.00000000000000E+00  0.00000000000000E+00  0.55342737168868E+03  0.00000000000000E+00 -0.86236061695774E+01  0.00000000000000E+00  0.00000000000000E+00  0.24506285299115E+03  0.00000000000000E+00  0.00000000000000E+00  0.00000000000000E+00  0.66089948595482E+01  0.00000000000000E+00 -0.21841145432297E+02
  -0.17456545273055E+06  0.49649699463983E+05 -0.85099638242750E+04 -0.51346382129851E+05  0.10684694967946E+05 -0.38906734962650E+04 -0.70880861097523E+04 -0.23639746165528E+05  0.64034135628065E+03  0.20852721097654E+04 -0.24204923627877E+03 -0.99445791348023E+02  0.57259476212226E+01 -0.40003745835032E+01  0.63424281871475E+03 -0.92840789871038E+02  0.70289034582569E+03  0.42236604502939E+03  0.55154907455736E+06  0.14077464837135E+03  0.18118032619560E+05 -0.59275598776333E+04 -0.16398916859459E+05 -0.77044163328122E+05  0.00000000000000E+00  0.42718054861733E+04  0.00000000000000E+00  0.00000000000000E+00  0.96055681204677E+05  0.00000000000000E+00 -0.95961878464979E+03  0.00000000000000E+00  0.00000000000000E+00  0.18962152063003E+05  0.00000000000000E+00  0.00000000000000E+00  0.00000000000000E+00 -0.35445517774775E+04  0.00000000000000E+00  0.35070745169049E+04
   0.51331338639346E+05 -0.10929984015142E+05  0.23829222906190E+04  0.18865284401798E+05 -0.35141684395369E+04  0.24268175925130E+04  0.29512141703726E+04  0.27789338520188E+05 -0.57510576016468E+04 -0.12473311168485E+04  0.21644622934589E+03 -0.10563932016026E+02  0.11734401421590E+01  0.48800496687133E+00 -0.18605226655006E+03  0.17389103147584E+02 -0.23587659521712E+03 -0.12138531346882E+03 -0.14776351906150E+06 -0.32590266178535E+02 -0.59275598776333E+04  0.24852567366303E+04  0.66208581073580E+04  0.28281187976058E+05 -0.51667623740001E+02 -0.20077326497851E+04  0.21546858683290E+01  0.60616685095259E+03 -0.39327129574146E+05  0.00000000000000E+00 -0.18460894299264E+03  0.00000000000000E+00  0.23378017835934E+04 -0.42760247915246E+04  0.00000000000000E+00  0.00000000000000E+00  0.00000000000000E+00  0.14228471713769E+04 -0.39469628977935E+03 -0.27248811165592E+04
   0.16544362303757E+06 -0.39189807151239E+05  0.77104664748580E+04  0.52802250047360E+05 -0.98401112099880E+04  0.66698037597888E+04  0.80794137752488E+04  0.87462281074350E+05 -0.19150753812014E+05 -0.36581121372769E+04  0.66723985729072E+03  0.14155159587427E+03  0.19311517086737E+02  0.12524721915941E+01 -0.54630436006115E+03  0.43432240992594E+02 -0.64051275421511E+03 -0.30652216025173E+03 -0.45116019356275E+06 -0.99367968994535E+02 -0.16398916859459E+05  0.66208581073580E+04  0.18308284964090E+05  0.77084201791551E+05 -0.16140733190153E+03 -0.50080459716282E+04 -0.51522919594914E+02 -0.65592726431131E+04 -0.10900608551158E+06  0.00000000000000E+00 -0.45715447200031E+03  0.00000000000000E+00  0.32443951603282E+04 -0.13888223073940E+05  0.00000000000000E+00  0.00000000000000E+00  0.00000000000000E+00  0.35501858009398E+04 -0.21683663242696E+04 -0.79798763251956E+04
   0.68364555105980E+06 -0.18777873913974E+06  0.32949986742254E+05  0.22291452327223E+06 -0.44464857243120E+05  0.20540208969517E+05  0.31339884035663E+05  0.23785318512020E+06 -0.47005262483660E+05 -0.11513781689342E+05  0.18781061047266E+04 -0.94902079421510E+03 -0.91945266892808E+02  0.64605444613677E+01 -0.12222782141401E+04  0.11790753051020E+03 -0.13971616917712E+04 -0.71076546712948E+03 -0.22822301078464E+07 -0.57341315991199E+03 -0.77044163328122E+05  0.28281187976058E+05  0.77084201791551E+05  0.35898307615908E+06  0.25499584947427E+03 -0.25779949689233E+05 -0.67264684845836E+01  0.37988646618245E+05 -0.45319551317427E+06  0.00000000000000E+00 -0.24190937567032E+04  0.00000000000000E+00  0.16056144195690E+05 -0.73898393028253E+05  0.00000000000000E+00  0.00000000000000E+00  0.00000000000000E+00  0.18921244276606E+05  0.15773258841931E+04 -0.28664394610134E+05
  -0.12684345637952E+06  0.16564734348263E+05 -0.55611194612372E+04 -0.12767652291755E+05  0.19982603133480E+04 -0.28158869015513E+04 -0.24971297353875E+04 -0.60323610686306E+05  0.11441800145894E+05  0.27344737382829E+04 -0.48633889683337E+03 -0.11703879229332E+04 -0.17257982024233E+03  0.73102531647226E-01 -0.26151667057971E+04  0.48367941799570E+03 -0.27746999910310E+04 -0.19212208934498E+04  0.33670756616187E+05  0.00000000000000E+00  0.00000000000000E+00 -0.51667623740001E+02 -0.16140733190153E+03  0.25499584947427E+03  0.11629005192817E+06  0.00000000000000E+00  0.00000000000000E+00  0.00000000000000E+00  0.00000000000000E+00  0.00000000000000E+00  0.00000000000000E+00  0.00000000000000E+00  0.00000000000000E+00  0.00000000000000E+00  0.00000000000000E+00  0.00000000000000E+00  0.00000000000000E+00  0.00000000000000E+00  0.00000000000000E+00  0.00000000000000E+00
  -0.53772848660799E+05  0.81902790934472E+04 -0.23729268905572E+04 -0.21125321242217E+05  0.33677665702390E+04 -0.43155533738750E+04 -0.39139617125944E+04 -0.48511129375757E+05  0.10836369788321E+05  0.18943513352867E+04 -0.36714364068928E+03 -0.13629061545678E-09 -0.11593450974908E-11 -0.48133563578361E-12 -0.17184634119170E+04  0.30336117222186E+03 -0.17810689758834E+04 -0.12018656248434E+04  0.74879063356227E+05 -0.19507671781865E+02  0.42718054861733E+04 -0.20077326497851E+04 -0.50080459716282E+04 -0.25779949689233E+05  0.00000000000000E+00  0.64590937365503E+05  0.00000000000000E+00  0.00000000000000E+00  0.00000000000000E+00  0.00000000000000E+00  0.00000000000000E+00  0.00000000000000E+00  0.00000000000000E+00  0.00000000000000E+00  0.00000000000000E+00  0.00000000000000E+00  0.00000000000000E+00  0.00000000000000E+00  0.00000000000000E+00  0.00000000000000E+00
  -0.43542232011354E+04 -0.24180690013813E+03  0.52142645945179E+02 -0.66084328682489E+02 -0.56253158515142E+02  0.15348825857818E+03  0.13608187157883E+03 -0.66625364401590E+05  0.24120427700075E+05  0.72728546413512E+03 -0.34143727848226E+03 -0.77362544388879E+03 -0.29685387655315E+02 -0.67009550110610E+01 -0.24507066789697E+04  0.28134370668811E+03 -0.25137390321504E+04 -0.12615528749395E+04 -0.11623952111383E+04  0.00000000000000E+00  0.00000000000000E+00  0.21546858683290E+01 -0.51522919594914E+02 -0.67264684845836E+01  0.00000000000000E+00  0.00000000000000E+00  0.30642979437476E+05  0.00000000000000E+00  0.00000000000000E+00  0.00000000000000E+00  0.00000000000000E+00  0.00000000000000E+00  0.00000000000000E+00  0.00000000000000E+00  0.00000000000000E+00  0.00000000000000E+00  0.00000000000000E+00  0.00000000000000E+00  0.00000000000000E+00  0.00000000000000E+00
  -0.83714550819786E+06  0.20915853266531E+06 -0.39154754591093E+05 -0.65655288708199E+05  0.11960750006063E+05 -0.88523566467847E+04 -0.10087260884863E+05 -0.27981354454416E+06  0.65460618545059E+05  0.10924601181930E+05 -0.20768740958355E+04 -0.52147626341632E+04 -0.61162263074278E+03 -0.97724250606171E+00  0.19576493934495E+04 -0.15694604334561E+03  0.21186489433175E+04  0.98221859098486E+03  0.56038702988169E+06  0.00000000000000E+00  0.00000000000000E+00  0.60616685095259E+03 -0.65592726431131E+04  0.37988646618245E+05  0.00000000000000E+00  0.00000000000000E+00  0.00000000000000E+00  0.57723309202797E+06  0.00000000000000E+00  0.00000000000000E+00  0.00000000000000E+00  0.00000000000000E+00  0.00000000000000E+00  0.00000000000000E+00  0.00000000000000E+00  0.00000000000000E+00  0.00000000000000E+00  0.00000000000000E+00  0.00000000000000E+00  0.00000000000000E+00
  -0.10830760602787E+07  0.26331820842229E+06 -0.50848971978010E+05 -0.34012573029256E+06  0.63084514260484E+05 -0.43688014143756E+05 -0.52603829846900E+05 -0.55537768067627E+06  0.12577298658348E+06  0.22861419249809E+05 -0.41747662751728E+04  0.20318304999430E-09 -0.26339742554271E-10 -0.17754238125265E-11  0.41882761589320E+04 -0.47036458065285E+03  0.45929721192581E+04  0.24961462505222E+04  0.27339319023122E+07  0.55342737168868E+03  0.96055681204677E+05 -0.39327129574146E+05 -0.10900608551158E+06 -0.45319551317427E+06  0.00000000000000E+00  0.00000000000000E+00  0.00000000000000E+00  0.00000000000000E+00  0.91733890488711E+06  0.00000000000000E+00  0.00000000000000E+00  0.00000000000000E+00  0.00000000000000E+00  0.00000000000000E+00  0.00000000000000E+00  0.00000000000000E+00  0.00000000000000E+00  0.00000000000000E+00  0.00000000000000E+00  0.00000000000000E+00
  -0.20560052184345E+05  0.58016604117691E+04 -0.10082550526293E+04 -0.14160646772659E+04  0.34022398637988E+03 -0.34300957660743E+01 -0.17206348911391E+03 -0.72376536542063E+05  0.23163237983141E+05  0.15294558960838E+04 -0.44412435644743E+03 -0.25330026668868E+04 -0.15699045219741E+03 -0.39210776084473E+01 -0.15244306900980E+04  0.15745937145562E+03 -0.13036491995977E+04 -0.66055593808358E+03  0.17598127971442E+05  0.00000000000000E+00  0.00000000000000E+00  0.00000000000000E+00  0.00000000000000E+00  0.00000000000000E+00  0.00000000000000E+00  0.00000000000000E+00  0.00000000000000E+00  0.00000000000000E+00  0.00000000000000E+00  0.14768440835365E+05  0.00000000000000E+00  0.00000000000000E+00  0.00000000000000E+00  0.00000000000000E+00  0.00000000000000E+00  0.00000000000000E+00  0.00000000000000E+00  0.00000000000000E+00  0.00000000000000E+00  0.00000000000000E+00
  -0.46334022753418E+05  0.13222547445476E+05 -0.22822599237710E+04 -0.24889179201620E+04  0.57843970642819E+03 -0.35512773779938E+02 -0.29277078997019E+03 -0.16185499757670E+06  0.51916800220710E+05  0.33477372299640E+04 -0.99317573206870E+03 -0.74187160368784E+02 -0.19549763633950E+02 -0.29598889173092E-04 -0.29623946830054E+04  0.30496178929983E+03 -0.25445981000512E+04 -0.12903109366734E+04  0.31278220458045E+05 -0.86236061695774E+01 -0.95961878464979E+03 -0.18460894299264E+03 -0.45715447200031E+03 -0.24190937567032E+04  0.00000000000000E+00  0.00000000000000E+00  0.00000000000000E+00  0.00000000000000E+00  0.00000000000000E+00  0.00000000000000E+00  0.31793101299815E+05  0.00000000000000E+00  0.00000000000000E+00  0.00000000000000E+00  0.00000000000000E+00  0.00000000000000E+00  0.00000000000000E+00  0.00000000000000E+00  0.00000000000000E+00  0.00000000000000E+00
  -0.30759214770742E+04  0.42072851653266E+03 -0.11912685213070E+03 -0.73894836882117E+02  0.95502158129191E+01 -0.19559683275047E+02 -0.13754148970584E+02 -0.13251714970149E+04  0.17892106333931E+03  0.43105957086992E+02 -0.11166947580106E+02 -0.83364439902155E+02 -0.66668620440614E+01 -0.15740010112062E+00 -0.71562022116834E+03  0.78614475201497E+02 -0.62440673830930E+03 -0.34292660653343E+03  0.22840484440644E+03  0.00000000000000E+00  0.00000000000000E+00  0.00000000000000E+00  0.00000000000000E+00  0.00000000000000E+00  0.00000000000000E+00  0.00000000000000E+00  0.00000000000000E+00  0.00000000000000E+00  0.00000000000000E+00  0.00000000000000E+00  0.00000000000000E+00  0.37867958792030E+04  0.00000000000000E+00  0.00000000000000E+00  0.00000000000000E+00  0.00000000000000E+00  0.00000000000000E+00  0.00000000000000E+00  0.00000000000000E+00  0.00000000000000E+00
  -0.19816208931224E+06  0.63401640469197E+05 -0.99561704280587E+04 -0.11713414147001E+05  0.29789966034996E+04  0.33612626126299E+03 -0.10738313068078E+04 -0.56750161688078E+04  0.61867834963677E+03  0.57456296456973E+03 -0.49489670495557E+02 -0.21578423989577E+00 -0.15546639565889E+00  0.23437386416761E-12  0.24617306046103E+03 -0.66080057652303E+02  0.91958215226577E+02  0.11860136434237E+03  0.18206251521144E+06  0.00000000000000E+00  0.00000000000000E+00  0.23378017835934E+04  0.32443951603282E+04  0.16056144195690E+05  0.00000000000000E+00  0.00000000000000E+00  0.00000000000000E+00  0.00000000000000E+00  0.00000000000000E+00  0.00000000000000E+00  0.00000000000000E+00  0.00000000000000E+00  0.10535541902589E+06  0.00000000000000E+00  0.00000000000000E+00  0.00000000000000E+00  0.00000000000000E+00  0.00000000000000E+00  0.00000000000000E+00  0.00000000000000E+00
  -0.22358344159997E+06  0.71007341359947E+05 -0.11203599744622E+05 -0.52485854569211E+05  0.13150523477349E+05  0.11645864405125E+04 -0.49635550589574E+04 -0.11155522471635E+05  0.12504207733950E+04  0.10913038758080E+04 -0.97100239199993E+02  0.95592940489148E-11  0.55418622544287E-11  0.18188876521741E-12  0.43984768598780E+03 -0.11652683264810E+03  0.17843983762161E+03  0.21932471016871E+03  0.79548151203593E+06  0.24506285299115E+03  0.18962152063003E+05 -0.42760247915246E+04 -0.13888223073940E+05 -0.73898393028253E+05  0.00000000000000E+00  0.00000000000000E+00  0.00000000000000E+00  0.00000000000000E+00  0.00000000000000E+00  0.00000000000000E+00  0.00000000000000E+00  0.00000000000000E+00  0.00000000000000E+00  0.13850435873320E+06  0.00000000000000E+00  0.00000000000000E+00  0.00000000000000E+00  0.00000000000000E+00  0.00000000000000E+00  0.00000000000000E+00
  -0.90874582149683E+04  0.24636462786188E+04 -0.43688122095576E+03 -0.25076058129627E+04  0.48247307837641E+03 -0.27319239418407E+03 -0.37469156905815E+03  0.89609699792130E+02 -0.12068532507771E+04  0.13460017461174E+03 -0.15249614810322E+02 -0.18396135942786E+01 -0.19286511016009E+00 -0.19280542111505E-02 -0.28318983474274E+04  0.43149642712604E+03 -0.27421536072316E+04 -0.17544332506829E+04  0.24539366474876E+05  0.00000000000000E+00  0.00000000000000E+00  0.00000000000000E+00  0.00000000000000E+00  0.00000000000000E+00  0.00000000000000E+00  0.00000000000000E+00  0.00000000000000E+00  0.00000000000000E+00  0.00000000000000E+00  0.00000000000000E+00  0.00000000000000E+00  0.00000000000000E+00  0.00000000000000E+00  0.00000000000000E+00  0.83143255529293E+04  0.00000000000000E+00  0.00000000000000E+00  0.00000000000000E+00  0.00000000000000E+00  0.00000000000000E+00
  -0.32207691440914E+04  0.78294006257879E+03 -0.15217392970182E+03 -0.97937534935372E+03  0.17901794133229E+03 -0.13767578330768E+03 -0.15786960981548E+03  0.17462010024202E+03 -0.67387275082649E+03  0.60163869144699E+02 -0.72109820673417E+01 -0.79273436582054E+00 -0.75159247453724E-01 -0.10589398412864E-02 -0.15065878107539E+04  0.21327823145017E+03 -0.14698502199722E+04 -0.90383256088660E+03  0.77505995597759E+04  0.00000000000000E+00  0.00000000000000E+00  0.00000000000000E+00  0.00000000000000E+00  0.00000000000000E+00  0.00000000000000E+00  0.00000000000000E+00  0.00000000000000E+00  0.00000000000000E+00  0.00000000000000E+00  0.00000000000000E+00  0.00000000000000E+00  0.00000000000000E+00  0.00000000000000E+00  0.00000000000000E+00  0.00000000000000E+00  0.42639848386275E+04  0.00000000000000E+00  0.00000000000000E+00  0.00000000000000E+00  0.00000000000000E+00
  -0.14900155453542E+05 -0.23668376281548E+04  0.55487597814851E+02 -0.94872371657999E+04  0.33357012936529E+03 -0.30349991930444E+04 -0.12747201003767E+04 -0.26132389709485E+06  0.11165525162930E+06  0.30864181932739E+04 -0.11596015092300E+04  0.30102733857688E+03  0.29905227246468E+02 -0.16521598475319E+01 -0.24610127528578E+04 -0.29079853889973E+03  0.14269988438817E+04  0.14920549937160E+04 -0.18608797749325E+05  0.00000000000000E+00  0.00000000000000E+00  0.00000000000000E+00  0.00000000000000E+00  0.00000000000000E+00  0.00000000000000E+00  0.00000000000000E+00  0.00000000000000E+00  0.00000000000000E+00  0.00000000000000E+00  0.00000000000000E+00  0.00000000000000E+00  0.00000000000000E+00  0.00000000000000E+00  0.00000000000000E+00  0.00000000000000E+00  0.00000000000000E+00  0.12376379373162E+06  0.00000000000000E+00  0.00000000000000E+00  0.00000000000000E+00
   0.16525499685368E+05 -0.22336338710454E+04  0.72613387794726E+03 -0.15697345719837E+05  0.24968943200854E+04 -0.33763436707171E+04 -0.31624409315055E+04 -0.85476803396552E+04  0.15769285891202E+04  0.43925485533773E+03 -0.68944756829877E+02  0.32013771122655E+03  0.71775113677885E+02  0.94214846971523E-04  0.18020002870231E+03 -0.32310632993697E+02  0.23487113125937E+03  0.16164734644080E+03  0.43912469732953E+05  0.66089948595482E+01 -0.35445517774775E+04  0.14228471713769E+04  0.35501858009398E+04  0.18921244276606E+05  0.00000000000000E+00  0.00000000000000E+00  0.00000000000000E+00  0.00000000000000E+00  0.00000000000000E+00  0.00000000000000E+00  0.00000000000000E+00  0.00000000000000E+00  0.00000000000000E+00  0.00000000000000E+00  0.00000000000000E+00  0.00000000000000E+00  0.00000000000000E+00  0.39272304467276E+05  0.00000000000000E+00  0.00000000000000E+00
  -0.70480597696467E+05  0.85341748470512E+04 -0.25699100836893E+04 -0.71850738998554E+04  0.81874811215785E+03 -0.18481920915763E+04 -0.11477081555157E+04 -0.13639544197472E+06  0.44191612725411E+05  0.27831496430405E+04 -0.83466370411390E+03 -0.28707593184723E+04 -0.20473751078599E+03 -0.36853149132161E+01 -0.83733796545013E+03  0.24081418799069E+03 -0.17217259380540E+04 -0.11765778568914E+04  0.20423455340843E+05  0.00000000000000E+00  0.00000000000000E+00 -0.39469628977935E+03 -0.21683663242696E+04  0.15773258841931E+04  0.00000000000000E+00  0.00000000000000E+00  0.00000000000000E+00  0.00000000000000E+00  0.00000000000000E+00  0.00000000000000E+00  0.00000000000000E+00  0.00000000000000E+00  0.00000000000000E+00  0.00000000000000E+00  0.00000000000000E+00  0.00000000000000E+00  0.00000000000000E+00  0.00000000000000E+00  0.94893300430992E+05  0.00000000000000E+00
  -0.55593610657102E+05  0.71601450608802E+04 -0.20840129350526E+04 -0.21252802237769E+05  0.25148526753024E+04 -0.53233579397928E+04 -0.34172525746615E+04 -0.16967880121559E+06  0.54434075692024E+05  0.35469232792597E+04 -0.10465310864911E+04  0.59612503063434E-10  0.12038732080390E-10  0.16090916321384E-11 -0.94335080519886E+03  0.26984367679887E+03 -0.19121161926384E+04 -0.13077426152177E+04  0.62883446986583E+05 -0.21841145432297E+02  0.35070745169049E+04 -0.27248811165592E+04 -0.79798763251956E+04 -0.28664394610134E+05  0.00000000000000E+00  0.00000000000000E+00  0.00000000000000E+00  0.00000000000000E+00  0.00000000000000E+00  0.00000000000000E+00  0.00000000000000E+00  0.00000000000000E+00  0.00000000000000E+00  0.00000000000000E+00  0.00000000000000E+00  0.00000000000000E+00  0.00000000000000E+00  0.00000000000000E+00  0.00000000000000E+00  0.99563892996321E+05

 # Covariance matrix (Bevington epsilon)
