 Correlated errors added in quadrature with statistical errors
 jl00106F2p           DIS data with   1.69< Q2 < 0.500D+03 and 0.000 < xB < 1.000 and   3.00< W2 < 0.100D+04 and 0.000 < y < 1.000
   GP TMC applied
   HT corrections, multiplicative C=C(xB)
 Correlated errors added in quadrature with statistical errors
 jl00106F2d           DIS data with   1.69< Q2 < 0.500D+03 and 0.000 < xB < 1.000 and   3.00< W2 < 0.100D+04 and 0.000 < y < 1.000
   WBArel smearing  (AV18) - KP-like (baryon conserv.)0 nuke corrections
   GP TMC applied
   HT corrections, multiplicative C=C(xB)
 Correlated errors added in quadrature with statistical errors
 HerF2pCut            DIS data with   1.69< Q2 < 0.500D+03 and 0.000 < xB < 1.000 and   3.00< W2 < 0.100D+04 and 0.000 < y < 1.000
   GP TMC applied
   HT corrections, multiplicative C=C(xB)
 Correlated errors added in quadrature with statistical errors
 HerF2dCut            DIS data with   1.69< Q2 < 0.500D+03 and 0.000 < xB < 1.000 and   3.00< W2 < 0.100D+04 and 0.000 < y < 1.000
   WBArel smearing  (AV18) - KP-like (baryon conserv.)0 nuke corrections
   GP TMC applied
   HT corrections, multiplicative C=C(xB)
 Correlated errors added in quadrature with statistical errors
 slac_p               DIS data with   1.69< Q2 < 0.500D+03 and 0.000 < xB < 1.000 and   3.00< W2 < 0.100D+04 and 0.000 < y < 1.000
   GP TMC applied
   HT corrections, multiplicative C=C(xB)
 Correlated errors added in quadrature with statistical errors
 slac_d               DIS data with   1.69< Q2 < 0.500D+03 and 0.000 < xB < 1.000 and   3.00< W2 < 0.100D+04 and 0.000 < y < 1.000
   WBArel smearing  (AV18) - KP-like (baryon conserv.)0 nuke corrections
   GP TMC applied
   HT corrections, multiplicative C=C(xB)
 Correlated errors treated separately from statistical errors
 BcdF2pCor            DIS data with   1.69< Q2 < 0.500D+03 and 0.000 < xB < 1.000 and   3.00< W2 < 0.100D+04 and 0.000 < y < 1.000
   GP TMC applied
   HT corrections, multiplicative C=C(xB)
 Correlated errors treated separately from statistical errors
 BcdF2dCor            DIS data with   1.69< Q2 < 0.500D+03 and 0.000 < xB < 1.000 and   3.00< W2 < 0.100D+04 and 0.000 < y < 1.000
   WBArel smearing  (AV18) - KP-like (baryon conserv.)0 nuke corrections
   GP TMC applied
   HT corrections, multiplicative C=C(xB)
 Correlated errors treated separately from statistical errors
 NmcF2pCor            DIS data with   1.69< Q2 < 0.500D+03 and 0.000 < xB < 1.000 and   3.00< W2 < 0.100D+04 and 0.000 < y < 1.000
   GP TMC applied
   HT corrections, multiplicative C=C(xB)
 Correlated errors treated separately from statistical errors
 NmcRatCor            DIS data with   1.69< Q2 < 0.500D+03 and 0.000 < xB < 1.000 and   3.00< W2 < 0.100D+04 and 0.000 < y < 1.000
   WBArel smearing  (AV18) - KP-like (baryon conserv.)0 nuke corrections
   GP TMC applied
   HT corrections, multiplicative C=C(xB)
 Correlated errors treated separately from statistical errors
 H2_NC_em             DIS data with   1.69< Q2 < 0.100D+06 and 0.000 < xB < 1.000 and   3.00< W2 < 0.100D+08 and 0.000 < y < 1.000
   GP TMC applied
   HT corrections, multiplicative C=C(xB)
 Correlated errors treated separately from statistical errors
 H2_NC_ep_1           DIS data with   1.69< Q2 < 0.100D+06 and 0.000 < xB < 1.000 and   3.00< W2 < 0.100D+08 and 0.000 < y < 1.000
   GP TMC applied
   HT corrections, multiplicative C=C(xB)
 Correlated errors treated separately from statistical errors
 H2_NC_ep_2           DIS data with   1.69< Q2 < 0.100D+06 and 0.000 < xB < 1.000 and   3.00< W2 < 0.100D+08 and 0.000 < y < 1.000
   GP TMC applied
   HT corrections, multiplicative C=C(xB)
 Correlated errors treated separately from statistical errors
 H2_NC_ep_3           DIS data with   1.69< Q2 < 0.100D+06 and 0.000 < xB < 1.000 and   3.00< W2 < 0.100D+08 and 0.000 < y < 1.000
   GP TMC applied
   HT corrections, multiplicative C=C(xB)
 Correlated errors treated separately from statistical errors
 H2_NC_ep_4           DIS data with   1.69< Q2 < 0.100D+06 and 0.000 < xB < 1.000 and   3.00< W2 < 0.100D+08 and 0.000 < y < 1.000
   GP TMC applied
   HT corrections, multiplicative C=C(xB)
 Correlated errors treated separately from statistical errors
 H2_CC_em             DIS data with   1.69< Q2 < 0.100D+06 and 0.000 < xB < 1.000 and   3.00< W2 < 0.100D+08 and 0.000 < y < 1.000
   GP TMC applied
   HT corrections, multiplicative C=C(xB)
 Correlated errors treated separately from statistical errors
 H2_CC_ep             DIS data with   1.69< Q2 < 0.100D+06 and 0.000 < xB < 1.000 and   3.00< W2 < 0.100D+08 and 0.000 < y < 1.000
   GP TMC applied
   HT corrections, multiplicative C=C(xB)
 Correlated errors added in quadrature with statistical errors
 BNS_F2nd             DIS data with   1.69< Q2 < 0.100D+06 and 0.000 < xB < 1.000 and   3.00< W2 < 0.100D+08 and 0.000 < y < 1.000
   WBArel smearing  (AV18) - KP-like (baryon conserv.)0 nuke corrections
   GP TMC applied
   HT corrections, multiplicative C=C(xB)
 Correlated errors added in quadrature with statistical errors
 e866pp06xf           vector boson data with Q2 >=  36.00
 Correlated errors added in quadrature with statistical errors
 e866pd06xf           vector boson data with Q2 >=  36.00
 Correlated errors added in quadrature with statistical errors
 cdfLasy05            vector boson data with Q2 >=   0.00
 Correlated errors added in quadrature with statistical errors
 d0Lasy_e15           vector boson data with Q2 >=   0.00
 Correlated errors added in quadrature with statistical errors
 d0Lasy13             vector boson data with Q2 >=   0.00
 Correlated errors added in quadrature with statistical errors
 CDF_Wasy             vector boson data with Q2 >=   0.00
 Correlated errors added in quadrature with statistical errors
 D0_Wasy              vector boson data with Q2 >=   0.00
 Correlated errors added in quadrature with statistical errors
 CDF_Z                vector boson data with Q2 >=   0.00
 Correlated errors added in quadrature with statistical errors
 D0_Z                 vector boson data with Q2 >=   0.00
 Correlated errors added in quadrature with statistical errors
 d0run2cone          Jet data - errors added in quadrature
 Correlated errors added in quadrature with statistical errors
 CDFrun2jet          Jet data - errors added in quadrature
 Correlated errors added in quadrature with statistical errors
 d0_gamjet1           Photon data -- cuts to be written yet ...
 Correlated errors added in quadrature with statistical errors
 d0_gamjet2           Photon data -- cuts to be written yet ...
 Correlated errors added in quadrature with statistical errors
 d0_gamjet3           Photon data -- cuts to be written yet ...
 Correlated errors added in quadrature with statistical errors
 d0_gamjet4           Photon data -- cuts to be written yet ...

# fitpack15: fit output
# CJ15 AV18 final data choices                                                 

Parametrization   7 used here

 S-ACOT scheme used  for NC DIS

 charm mass =     1.30 GeV     bottom mass =     4.50 GeV



 THIS IS A NEXT TO LEADING ORDER FIT

 Q02=    1.69
         1  LAMBDA      VALUE=   0.22680      WEIGHT=    0.0000    
         2  a0uv        VALUE=    2.4068      WEIGHT=    0.0000    
         3  a1uv        VALUE=   0.61541      WEIGHT=   0.19856E-01
         4  a2uv        VALUE=    3.5430      WEIGHT=   0.12414E-01
         5  a3uv        VALUE=    0.0000      WEIGHT=    0.0000    
         6  a4uv        VALUE=    3.4609      WEIGHT=   0.42903    
         7  a5uv        VALUE=    0.0000      WEIGHT=    0.0000    
         8  a0dv        VALUE=    24.602      WEIGHT=    0.0000    
         9  a1dv        VALUE=    1.1584      WEIGHT=   0.33533E-01
        10  a2dv        VALUE=    6.5516      WEIGHT=   0.15936    
        11  a3dv        VALUE=   -3.5033      WEIGHT=   0.86332E-01
        12  a4dv        VALUE=    4.6785      WEIGHT=   0.14209    
        13  a5dv        VALUE=    0.0000      WEIGHT=    0.0000    
        14  a0ud        VALUE=   0.14702      WEIGHT=   0.50348E-02
        15  a1ud        VALUE=  -0.20719      WEIGHT=   0.37551E-02
        16  a2ud        VALUE=    8.3286      WEIGHT=   0.19114    
        17  a3ud        VALUE=    0.0000      WEIGHT=    0.0000    
        18  a4ud        VALUE=    14.606      WEIGHT=    1.2151    
        19  a5ud        VALUE=    0.0000      WEIGHT=    0.0000    
        20  a0du        VALUE=    35712.      WEIGHT=    0.0000    
        21  a1du        VALUE=    4.0249      WEIGHT=   0.74070E-01
        22  a2du        VALUE=    20.154      WEIGHT=   0.87862    
        23  a3du        VALUE=    17.000      WEIGHT=    0.0000    
        24  a4du        VALUE=    51.156      WEIGHT=    10.239    
        25  a0g         VALUE=    45.517      WEIGHT=    0.0000    
        26  a1g         VALUE=   0.60325      WEIGHT=   0.31164E-01
        27  a2g         VALUE=    6.4812      WEIGHT=   0.96748    
        28  a3g         VALUE=   -3.3063      WEIGHT=   0.13418    
        29  a4g         VALUE=    3.1722      WEIGHT=   0.31376    
        30  a5g         VALUE=    0.0000      WEIGHT=    0.0000    
        31  kappa       VALUE=   0.40000      WEIGHT=    0.0000    
        32  a6dv        VALUE=  -0.38913E-02  WEIGHT=   0.66324E-03
        33  a7dv        VALUE=    2.0000      WEIGHT=    0.0000    
        34  off1        VALUE=   -3.6735      WEIGHT=    1.5278    
        35  off2        VALUE=   0.59398E-01  WEIGHT=   0.14842E-01
        36  ht1         VALUE=   -3.2876      WEIGHT=   0.26061    
        37  ht2         VALUE=    1.9270      WEIGHT=   0.10524    
        38  ht3         VALUE=   -2.0717      WEIGHT=   0.19888E-01
        39  ht4         VALUE=    0.0000      WEIGHT=    0.0000    
        40  dummy40     VALUE=    0.0000      WEIGHT=    0.0000    
        41  dummy41     VALUE=    0.0000      WEIGHT=    0.0000    
        42  dummy42     VALUE=    0.0000      WEIGHT=    0.0000    
        43  dummy43     VALUE=    0.0000      WEIGHT=    0.0000    
        44  dummy44     VALUE=    0.0000      WEIGHT=    0.0000    
        45  dummy45     VALUE=    0.0000      WEIGHT=    0.0000    
        46  dummy46     VALUE=    0.0000      WEIGHT=    0.0000    
        47  dummy47     VALUE=    0.0000      WEIGHT=    0.0000    
        48  dummy48     VALUE=    0.0000      WEIGHT=    0.0000    
        49  dummy49     VALUE=    0.0000      WEIGHT=    0.0000    
        50  bcdmsh2     VALUE=   0.97307      WEIGHT=   0.48289E-02
        51  bcdmsd2     VALUE=   0.99317      WEIGHT=   0.58269E-02
        52  ccfr        VALUE=    1.0000      WEIGHT=    0.0000    
        53  nutev       VALUE=    1.0000      WEIGHT=    0.0000    
        54  zeus        VALUE=   0.97998      WEIGHT=    0.0000    
        55  h1          VALUE=    1.0162      WEIGHT=    0.0000    
        56  e605        VALUE=    1.0319      WEIGHT=    0.0000    
        57  NmcH2       VALUE=    1.0095      WEIGHT=   0.71247E-02
        58  ntv_nu      VALUE=    1.0000      WEIGHT=    0.0000    
        59  ntv_nubar   VALUE=    1.0000      WEIGHT=    0.0000    
        60  cdf_jet     VALUE=   0.98910      WEIGHT=    0.0000    
        61  d0_jet      VALUE=   0.83504      WEIGHT=    0.0000    
        62  slac_p      VALUE=    1.0049      WEIGHT=   0.48124E-02
        63  slac_d      VALUE=    1.0042      WEIGHT=   0.52781E-02
        64  e866pp      VALUE=   0.96586      WEIGHT=   0.19263E-01
        65  e866pd      VALUE=   0.96369      WEIGHT=   0.15783E-01
        66  d0_gamjet   VALUE=    1.0389      WEIGHT=   0.16474E-01
        67  h1b         VALUE=   0.97608      WEIGHT=    0.0000    
        68  jlab_p      VALUE=   0.99446      WEIGHT=   0.57943E-02
        69  jlab_d      VALUE=   0.97557      WEIGHT=   0.59019E-02
        70  blank       VALUE=    1.0000      WEIGHT=    0.0000    
        71  d0run2      VALUE=   0.94087      WEIGHT=   0.14167E-01
        72  cdfrun2     VALUE=   0.92649      WEIGHT=   0.17233E-01
        73  HERA_el     VALUE=    1.0000      WEIGHT=    0.0000    
        74  HERA_ps     VALUE=    1.0000      WEIGHT=    0.0000    
        75  CDF_Z       VALUE=   0.96581      WEIGHT=   0.64944E-02
        76  NmcRat      VALUE=    1.0000      WEIGHT=    0.0000    
        77  BNS_F2nd    VALUE=   0.98310      WEIGHT=   0.68314E-02
        78  HERMES_F2p  VALUE=   0.99832      WEIGHT=   0.55693E-02
        79  HERMES_F2d  VALUE=   0.98039      WEIGHT=   0.58259E-02
0THE TOLERANCE IS    0.1000
 THE MAXIMUM NUMBER OF STEPS IS 100
0THE INITIAL CHI SQUARED IS  4.70911E+03
0  STEP  CHI SQUARED    PARAMETER      VALUE         ERROR
 ------------------------------------------------------------
     1    4.70789E+03
                       1  LAMBDA     2.2680E-01       FIX 
                       2  a0uv       2.4059E+00       FIX 
                       3  a1uv       6.1529E-01           
                       4  a2uv       3.5434E+00           
                       5  a3uv       0.0000E+00       FIX 
                       6  a4uv       3.4623E+00           
                       7  a5uv       0.0000E+00       FIX 
                       8  a0dv       2.4583E+01       FIX 
                       9  a1dv       1.1585E+00           
                      10  a2dv       6.5517E+00           
                      11  a3dv      -3.5017E+00           
                      12  a4dv       4.6804E+00           
                      13  a5dv       0.0000E+00       FIX 
                      14  a0ud       1.4693E-01           
                      15  a1ud      -2.0745E-01           
                      16  a2ud       8.3284E+00           
                      17  a3ud       0.0000E+00       FIX 
                      18  a4ud       1.4577E+01           
                      19  a5ud       0.0000E+00       FIX 
                      20  a0du       3.5712E+04       FIX 
                      21  a1du       4.0245E+00           
                      22  a2du       2.0155E+01           
                      23  a3du       1.7000E+01       FIX 
                      24  a4du       5.1036E+01           
                      25  a0g        4.5500E+01       FIX 
                      26  a1g        6.0294E-01           
                      27  a2g        6.4862E+00           
                      28  a3g       -3.3064E+00           
                      29  a4g        3.1738E+00           
                      30  a5g        0.0000E+00       FIX 
                      31  kappa      4.0000E-01       FIX 
                      32  a6dv      -3.7137E-03           
                      33  a7dv       2.0000E+00       FIX 
                      34  off1      -3.5472E+00           
                      35  off2       5.8433E-02           
                      36  ht1       -3.2868E+00           
                      37  ht2        1.9282E+00           
                      38  ht3       -2.0710E+00           
                      39  ht4        0.0000E+00       FIX 
                      40  dummy40    0.0000E+00       FIX 
                      41  dummy41    0.0000E+00       FIX 
                      42  dummy42    0.0000E+00       FIX 
                      43  dummy43    0.0000E+00       FIX 
                      44  dummy44    0.0000E+00       FIX 
                      45  dummy45    0.0000E+00       FIX 
                      46  dummy46    0.0000E+00       FIX 
                      47  dummy47    0.0000E+00       FIX 
                      48  dummy48    0.0000E+00       FIX 
                      49  dummy49    0.0000E+00       FIX 
                      50  bcdmsh2    9.7307E-01           
                      51  bcdmsd2    9.9321E-01           
                      52  ccfr       1.0000E+00       FIX 
                      53  nutev      1.0000E+00       FIX 
                      54  zeus       9.7998E-01       FIX 
                      55  h1         1.0162E+00       FIX 
                      56  e605       1.0319E+00       FIX 
                      57  NmcH2      1.0096E+00           
                      58  ntv_nu     1.0000E+00       FIX 
                      59  ntv_nuba   1.0000E+00       FIX 
                      60  cdf_jet    9.8910E-01       FIX 
                      61  d0_jet     8.3504E-01       FIX 
                      62  slac_p     1.0050E+00           
                      63  slac_d     1.0042E+00           
                      64  e866pp     9.6608E-01           
                      65  e866pd     9.6410E-01           
                      66  d0_gamje   1.0389E+00           
                      67  h1b        9.7608E-01       FIX 
                      68  jlab_p     9.9457E-01           
                      69  jlab_d     9.7565E-01           
                      70  blank      1.0000E+00       FIX 
                      71  d0run2     9.4096E-01           
                      72  cdfrun2    9.2653E-01           
                      73  HERA_el    1.0000E+00       FIX 
                      74  HERA_ps    1.0000E+00       FIX 
                      75  CDF_Z      9.6593E-01           
                      76  NmcRat     1.0000E+00       FIX 
                      77  BNS_F2nd   9.8312E-01           
                      78  HERMES_F   9.9840E-01           
                      79  HERMES_F   9.8052E-01           
 ------------------------------------------------------------
     2    4.70778E+03
                       1  LAMBDA     2.2680E-01       FIX 
                       2  a0uv       2.4050E+00       FIX 
                       3  a1uv       6.1521E-01           
                       4  a2uv       3.5434E+00           
                       5  a3uv       0.0000E+00       FIX 
                       6  a4uv       3.4645E+00           
                       7  a5uv       0.0000E+00       FIX 
                       8  a0dv       2.4599E+01       FIX 
                       9  a1dv       1.1587E+00           
                      10  a2dv       6.5510E+00           
                      11  a3dv      -3.5019E+00           
                      12  a4dv       4.6802E+00           
                      13  a5dv       0.0000E+00       FIX 
                      14  a0ud       1.4690E-01           
                      15  a1ud      -2.0751E-01           
                      16  a2ud       8.3270E+00           
                      17  a3ud       0.0000E+00       FIX 
                      18  a4ud       1.4566E+01           
                      19  a5ud       0.0000E+00       FIX 
                      20  a0du       3.5712E+04       FIX 
                      21  a1du       4.0249E+00           
                      22  a2du       2.0153E+01           
                      23  a3du       1.7000E+01       FIX 
                      24  a4du       5.1036E+01           
                      25  a0g        4.5513E+01       FIX 
                      26  a1g        6.0304E-01           
                      27  a2g        6.4917E+00           
                      28  a3g       -3.3065E+00           
                      29  a4g        3.1753E+00           
                      30  a5g        0.0000E+00       FIX 
                      31  kappa      4.0000E-01       FIX 
                      32  a6dv      -3.6579E-03           
                      33  a7dv       2.0000E+00       FIX 
                      34  off1      -3.6160E+00           
                      35  off2       5.7310E-02           
                      36  ht1       -3.2885E+00           
                      37  ht2        1.9294E+00           
                      38  ht3       -2.0702E+00           
                      39  ht4        0.0000E+00       FIX 
                      40  dummy40    0.0000E+00       FIX 
                      41  dummy41    0.0000E+00       FIX 
                      42  dummy42    0.0000E+00       FIX 
                      43  dummy43    0.0000E+00       FIX 
                      44  dummy44    0.0000E+00       FIX 
                      45  dummy45    0.0000E+00       FIX 
                      46  dummy46    0.0000E+00       FIX 
                      47  dummy47    0.0000E+00       FIX 
                      48  dummy48    0.0000E+00       FIX 
                      49  dummy49    0.0000E+00       FIX 
                      50  bcdmsh2    9.7308E-01           
                      51  bcdmsd2    9.9319E-01           
                      52  ccfr       1.0000E+00       FIX 
                      53  nutev      1.0000E+00       FIX 
                      54  zeus       9.7998E-01       FIX 
                      55  h1         1.0162E+00       FIX 
                      56  e605       1.0319E+00       FIX 
                      57  NmcH2      1.0096E+00           
                      58  ntv_nu     1.0000E+00       FIX 
                      59  ntv_nuba   1.0000E+00       FIX 
                      60  cdf_jet    9.8910E-01       FIX 
                      61  d0_jet     8.3504E-01       FIX 
                      62  slac_p     1.0050E+00           
                      63  slac_d     1.0042E+00           
                      64  e866pp     9.6596E-01           
                      65  e866pd     9.6392E-01           
                      66  d0_gamje   1.0390E+00           
                      67  h1b        9.7608E-01       FIX 
                      68  jlab_p     9.9450E-01           
                      69  jlab_d     9.7558E-01           
                      70  blank      1.0000E+00       FIX 
                      71  d0run2     9.4098E-01           
                      72  cdfrun2    9.2660E-01           
                      73  HERA_el    1.0000E+00       FIX 
                      74  HERA_ps    1.0000E+00       FIX 
                      75  CDF_Z      9.6589E-01           
                      76  NmcRat     1.0000E+00       FIX 
                      77  BNS_F2nd   9.8315E-01           
                      78  HERMES_F   9.9838E-01           
                      79  HERMES_F   9.8047E-01           
 ------------------------------------------------------------
     3    4.70772E+03
                       1  LAMBDA     2.2680E-01    0.0000E+00
                       2  a0uv       2.4040E+00    0.0000E+00
                       3  a1uv       6.1512E-01    1.9868E-02
                       4  a2uv       3.5434E+00    1.2406E-02
                       5  a3uv       0.0000E+00    0.0000E+00
                       6  a4uv       3.4664E+00    4.2944E-01
                       7  a5uv       0.0000E+00    0.0000E+00
                       8  a0dv       2.4617E+01    0.0000E+00
                       9  a1dv       1.1589E+00    3.3556E-02
                      10  a2dv       6.5504E+00    1.5913E-01
                      11  a3dv      -3.5022E+00    8.6257E-02
                      12  a4dv       4.6796E+00    1.4306E-01
                      13  a5dv       0.0000E+00    0.0000E+00
                      14  a0ud       1.4688E-01    5.0414E-03
                      15  a1ud      -2.0754E-01    3.7527E-03
                      16  a2ud       8.3254E+00    1.9179E-01
                      17  a3ud       0.0000E+00    0.0000E+00
                      18  a4ud       1.4561E+01    1.2227E+00
                      19  a5ud       0.0000E+00    0.0000E+00
                      20  a0du       3.5712E+04    0.0000E+00
                      21  a1du       4.0251E+00    7.5449E-02
                      22  a2du       2.0146E+01    8.7856E-01
                      23  a3du       1.7000E+01    0.0000E+00
                      24  a4du       5.1032E+01    1.0554E+01
                      25  a0g        4.5536E+01    0.0000E+00
                      26  a1g        6.0315E-01    3.1142E-02
                      27  a2g        6.4978E+00    9.5797E-01
                      28  a3g       -3.3066E+00    1.3388E-01
                      29  a4g        3.1767E+00    3.2006E-01
                      30  a5g        0.0000E+00    0.0000E+00
                      31  kappa      4.0000E-01    0.0000E+00
                      32  a6dv      -3.6296E-03    6.7115E-04
                      33  a7dv       2.0000E+00    0.0000E+00
                      34  off1      -3.6606E+00    1.5190E+00
                      35  off2       5.6574E-02    5.8968E-02
                      36  ht1       -3.2908E+00    2.5809E-01
                      37  ht2        1.9305E+00    1.0519E-01
                      38  ht3       -2.0695E+00    1.8428E-02
                      39  ht4        0.0000E+00    0.0000E+00
                      40  dummy40    0.0000E+00    0.0000E+00
                      41  dummy41    0.0000E+00    0.0000E+00
                      42  dummy42    0.0000E+00    0.0000E+00
                      43  dummy43    0.0000E+00    0.0000E+00
                      44  dummy44    0.0000E+00    0.0000E+00
                      45  dummy45    0.0000E+00    0.0000E+00
                      46  dummy46    0.0000E+00    0.0000E+00
                      47  dummy47    0.0000E+00    0.0000E+00
                      48  dummy48    0.0000E+00    0.0000E+00
                      49  dummy49    0.0000E+00    0.0000E+00
                      50  bcdmsh2    9.7308E-01    4.8215E-03
                      51  bcdmsd2    9.9317E-01    5.8313E-03
                      52  ccfr       1.0000E+00    0.0000E+00
                      53  nutev      1.0000E+00    0.0000E+00
                      54  zeus       9.7998E-01    0.0000E+00
                      55  h1         1.0162E+00    0.0000E+00
                      56  e605       1.0319E+00    0.0000E+00
                      57  NmcH2      1.0095E+00    7.1233E-03
                      58  ntv_nu     1.0000E+00    0.0000E+00
                      59  ntv_nuba   1.0000E+00    0.0000E+00
                      60  cdf_jet    9.8910E-01    0.0000E+00
                      61  d0_jet     8.3504E-01    0.0000E+00
                      62  slac_p     1.0050E+00    4.8129E-03
                      63  slac_d     1.0042E+00    5.2765E-03
                      64  e866pp     9.6590E-01    1.9257E-02
                      65  e866pd     9.6385E-01    1.5818E-02
                      66  d0_gamje   1.0390E+00    1.6481E-02
                      67  h1b        9.7608E-01    0.0000E+00
                      68  jlab_p     9.9442E-01    5.7920E-03
                      69  jlab_d     9.7553E-01    5.9070E-03
                      70  blank      1.0000E+00    0.0000E+00
                      71  d0run2     9.4095E-01    1.4130E-02
                      72  cdfrun2    9.2661E-01    1.7222E-02
                      73  HERA_el    1.0000E+00    0.0000E+00
                      74  HERA_ps    1.0000E+00    0.0000E+00
                      75  CDF_Z      9.6586E-01    6.5160E-03
                      76  NmcRat     1.0000E+00    0.0000E+00
                      77  BNS_F2nd   9.8318E-01    6.9161E-03
                      78  HERMES_F   9.9835E-01    5.5663E-03
                      79  HERMES_F   9.8043E-01    5.8221E-03
0 MINIMIZATION TERMINATED WITH STEP  3
  TOLERANCE CRITERION      SATISFIED
0 CHI SQUARED PER DEGREE OF FREEDOM IS  1.046E+00
   1.000 -0.432 -0.979  0.274 -0.019  0.156 -0.354  0.458  0.396 -0.298 -0.496 -0.175 -0.268  0.009  0.176  0.136  0.066 -0.031  0.293 -0.113  0.069  0.091 -0.237  0.157  0.326  0.250  0.154  0.310  0.274 -0.381 -0.186  0.083  0.196  0.215 -0.163 -0.132  0.434  0.132  0.269  0.238
  -0.432  1.000  0.581  0.216  0.362 -0.240  0.225 -0.177 -0.164  0.372  0.278  0.243  0.081  0.157 -0.008  0.070  0.021  0.038 -0.294  0.080  0.102 -0.544  0.371  0.299  0.094  0.058  0.031  0.002  0.038  0.207  0.021  0.008  0.116  0.126 -0.034 -0.009 -0.106 -0.179  0.047  0.051
  -0.979  0.581  1.000 -0.184  0.103 -0.196  0.368 -0.441 -0.386  0.361  0.525  0.213  0.277  0.038 -0.149 -0.095 -0.047  0.029 -0.315  0.125 -0.030 -0.167  0.269 -0.081 -0.211 -0.160 -0.090 -0.192 -0.165  0.447  0.235 -0.068 -0.084 -0.112  0.120  0.098 -0.360 -0.152 -0.165 -0.139
   0.274  0.216 -0.184  1.000  0.822 -0.630  0.005  0.148  0.100 -0.110 -0.224  0.349 -0.199  0.265  0.336  0.238 -0.214  0.233  0.216  0.133  0.238 -0.265  0.141  0.294  0.289  0.225  0.123  0.289  0.235  0.052 -0.110  0.062  0.247  0.153 -0.050 -0.050  0.160 -0.069  0.271  0.226
  -0.019  0.362  0.103  0.822  1.000 -0.881  0.529 -0.089 -0.104  0.169  0.118  0.174 -0.011  0.217  0.225  0.183 -0.214  0.226 -0.185  0.089  0.081 -0.168  0.027  0.197  0.180  0.115  0.120  0.133  0.075  0.125  0.006  0.024  0.137 -0.019 -0.021 -0.025  0.088 -0.010  0.149  0.106
   0.156 -0.240 -0.196 -0.630 -0.881  1.000 -0.733  0.272  0.264 -0.160 -0.275 -0.056 -0.003 -0.298 -0.175 -0.203  0.238 -0.273  0.069  0.060 -0.089  0.179 -0.090 -0.127 -0.082 -0.055 -0.134 -0.061 -0.034 -0.167 -0.129  0.008 -0.075  0.041 -0.006 -0.001 -0.023 -0.104 -0.096 -0.077
  -0.354  0.225  0.368  0.005  0.529 -0.733  1.000 -0.412 -0.371  0.467  0.599 -0.285  0.257  0.040 -0.062  0.040 -0.076  0.091 -0.407 -0.167 -0.169  0.034 -0.103 -0.074 -0.035 -0.042  0.112 -0.071 -0.072  0.172  0.277 -0.051 -0.022 -0.122 -0.003 -0.002  0.019  0.193 -0.028 -0.022
   0.458 -0.177 -0.441  0.148 -0.089  0.272 -0.412  1.000  0.967 -0.397 -0.779  0.071 -0.151 -0.102 -0.090 -0.047  0.190 -0.152  0.143  0.064  0.020 -0.024 -0.031  0.072  0.226  0.191  0.150  0.223  0.206 -0.085 -0.072  0.084  0.161  0.179  0.018  0.011  0.310 -0.012  0.201  0.180
   0.396 -0.164 -0.386  0.100 -0.104  0.264 -0.371  0.967  1.000 -0.352 -0.727  0.051 -0.128 -0.106 -0.197 -0.112  0.225 -0.200  0.119  0.059  0.006 -0.020 -0.026  0.054  0.175  0.148  0.126  0.165  0.151 -0.096 -0.083  0.072  0.115  0.133  0.034  0.022  0.248 -0.014  0.150  0.132
  -0.298  0.372  0.361 -0.110  0.169 -0.160  0.467 -0.397 -0.352  1.000  0.760 -0.346  0.456 -0.245 -0.081 -0.186 -0.205  0.045 -0.315  0.121 -0.323  0.125 -0.054 -0.241 -0.070 -0.030  0.024 -0.057 -0.016 -0.006  0.039 -0.027 -0.007 -0.017  0.114  0.059 -0.038 -0.113 -0.017  0.021
  -0.496  0.278  0.525 -0.224  0.118 -0.275  0.599 -0.779 -0.727  0.760  1.000 -0.311  0.355 -0.183 -0.063 -0.137 -0.126 -0.015 -0.288 -0.089 -0.350  0.182 -0.163 -0.252 -0.023 -0.008  0.072  0.018  0.047  0.281  0.402 -0.089  0.056  0.042 -0.037 -0.056  0.041  0.076  0.035  0.076
  -0.175  0.243  0.213  0.349  0.174 -0.056 -0.285  0.071  0.051 -0.346 -0.311  1.000 -0.579  0.335  0.151  0.111 -0.081  0.118  0.135  0.123  0.475 -0.277  0.303  0.316  0.019  0.039 -0.012  0.034  0.012  0.286 -0.115  0.039  0.026 -0.009  0.043  0.038 -0.218 -0.125  0.067 -0.002
  -0.268  0.081  0.277 -0.199 -0.011 -0.003  0.257 -0.151 -0.128  0.456  0.355 -0.579  1.000 -0.017 -0.191 -0.097  0.154 -0.146 -0.244  0.279 -0.101  0.122 -0.121 -0.007  0.022  0.009  0.026  0.001 -0.014  0.169  0.129 -0.004 -0.006 -0.030 -0.039 -0.031 -0.038 -0.231 -0.012 -0.007
   0.009  0.157  0.038  0.265  0.217 -0.298  0.040 -0.102 -0.106 -0.245 -0.183  0.335 -0.017  1.000  0.139  0.361 -0.078  0.285  0.144  0.030  0.745 -0.307  0.327  0.486  0.130  0.073  0.143  0.109  0.034  0.189 -0.078  0.074  0.044 -0.011 -0.010  0.018 -0.239 -0.168  0.127  0.055
   0.176 -0.008 -0.149  0.336  0.225 -0.175 -0.062 -0.090 -0.197 -0.081 -0.063  0.151 -0.191  0.139  1.000  0.703 -0.684  0.801  0.132  0.012  0.134 -0.047  0.103  0.028  0.105  0.096 -0.042  0.152  0.148 -0.065 -0.094  0.040  0.117  0.117  0.007  0.026  0.054 -0.010  0.138  0.134
   0.136  0.070 -0.095  0.238  0.183 -0.203  0.040 -0.047 -0.112 -0.186 -0.137  0.111 -0.097  0.361  0.703  1.000 -0.239  0.727  0.071  0.046  0.359 -0.246  0.305  0.187  0.111  0.126  0.038  0.217  0.239  0.000 -0.033  0.051  0.194  0.216 -0.200 -0.074  0.007 -0.026  0.180  0.203
   0.066  0.021 -0.047 -0.214 -0.214  0.238 -0.076  0.190  0.225 -0.205 -0.126 -0.081  0.154 -0.078 -0.684 -0.239  1.000 -0.820 -0.082  0.017  0.060 -0.125 -0.054  0.228  0.135  0.118  0.154  0.168  0.173  0.192  0.237 -0.010  0.172  0.184 -0.395 -0.274  0.232  0.058  0.096  0.106
  -0.031  0.038  0.029  0.233  0.226 -0.273  0.091 -0.152 -0.200  0.045 -0.015  0.118 -0.146  0.285  0.801  0.727 -0.820  1.000  0.077  0.040  0.187 -0.080  0.275 -0.068 -0.115 -0.076 -0.127 -0.085 -0.067 -0.183 -0.253  0.037 -0.083 -0.074  0.214  0.197 -0.265 -0.089 -0.043 -0.031
   0.293 -0.294 -0.315  0.216 -0.185  0.069 -0.407  0.143  0.119 -0.315 -0.288  0.135 -0.244  0.144  0.132  0.071 -0.082  0.077  1.000 -0.300  0.207 -0.235  0.239  0.150  0.091  0.112  0.029  0.142  0.183 -0.082 -0.077  0.028  0.107  0.209 -0.023 -0.015  0.065  0.017  0.129  0.144
  -0.113  0.080  0.125  0.133  0.089  0.060 -0.167  0.064  0.059  0.121 -0.089  0.123  0.279  0.030  0.012  0.046  0.017  0.040 -0.300  1.000  0.112 -0.094  0.108  0.189 -0.090  0.081 -0.089 -0.078 -0.030  0.019 -0.190  0.035 -0.017 -0.095  0.068  0.058 -0.211 -0.422 -0.091 -0.012
   0.069  0.102 -0.030  0.238  0.081 -0.089 -0.169  0.020  0.006 -0.323 -0.350  0.475 -0.101  0.745  0.134  0.359  0.060  0.187  0.207  0.112  1.000 -0.354  0.369  0.711  0.074  0.132  0.022  0.032  0.065  0.096 -0.171  0.080 -0.044 -0.009 -0.049 -0.000 -0.277 -0.228  0.048  0.083
   0.091 -0.544 -0.167 -0.265 -0.168  0.179  0.034 -0.024 -0.020  0.125  0.182 -0.277  0.122 -0.307 -0.047 -0.246 -0.125 -0.080 -0.235 -0.094 -0.354  1.000 -0.809 -0.480 -0.015 -0.054  0.031 -0.030 -0.081  0.027  0.185 -0.032 -0.189 -0.226  0.082  0.016  0.171  0.130 -0.034 -0.063
  -0.237  0.371  0.269  0.141  0.027 -0.090 -0.103 -0.031 -0.026 -0.054 -0.163  0.303 -0.121  0.327  0.103  0.305 -0.054  0.275  0.239  0.108  0.369 -0.809  1.000  0.094 -0.161 -0.079 -0.132  0.004  0.063 -0.095 -0.292  0.031  0.077  0.152  0.085  0.114 -0.391 -0.193 -0.021  0.011
   0.157  0.299 -0.081  0.294  0.197 -0.127 -0.074  0.072  0.054 -0.241 -0.252  0.316 -0.007  0.486  0.028  0.187  0.228 -0.068  0.150  0.189  0.711 -0.480  0.094  1.000  0.208  0.306  0.106 -0.003  0.139  0.141 -0.032  0.060  0.028  0.128 -0.200 -0.126 -0.002 -0.251  0.067  0.163
   0.326  0.094 -0.211  0.289  0.180 -0.082 -0.035  0.226  0.175 -0.070 -0.023  0.019  0.022  0.130  0.105  0.111  0.135 -0.115  0.091 -0.090  0.074 -0.015 -0.161  0.208  1.000  0.491  0.387  0.690  0.614  0.394  0.458  0.058  0.565  0.520 -0.234 -0.206  0.573  0.101  0.595  0.551
   0.250  0.058 -0.160  0.225  0.115 -0.055 -0.042  0.191  0.148 -0.030 -0.008  0.039  0.009  0.073  0.096  0.126  0.118 -0.076  0.112  0.081  0.132 -0.054 -0.079  0.306  0.491  1.000  0.320  0.534  0.663  0.329  0.401  0.047  0.415  0.544 -0.198 -0.169  0.466 -0.052  0.485  0.577
   0.154  0.031 -0.090  0.123  0.120 -0.134  0.112  0.150  0.126  0.024  0.072 -0.012  0.026  0.143 -0.042  0.038  0.154 -0.127  0.029 -0.089  0.022  0.031 -0.132  0.106  0.387  0.320  1.000  0.437  0.409  0.345  0.410  0.030  0.347  0.336 -0.166 -0.144  0.421  0.093  0.419  0.396
   0.310  0.002 -0.192  0.289  0.133 -0.061 -0.071  0.223  0.165 -0.057  0.018  0.034  0.001  0.109  0.152  0.217  0.168 -0.085  0.142 -0.078  0.032 -0.030  0.004 -0.003  0.690  0.534  0.437  1.000  0.804  0.481  0.565  0.058  0.764  0.687 -0.283 -0.241  0.644  0.156  0.750  0.688
   0.274  0.038 -0.165  0.235  0.075 -0.034 -0.072  0.206  0.151 -0.016  0.047  0.012 -0.014  0.034  0.148  0.239  0.173 -0.067  0.183 -0.030  0.065 -0.081  0.063  0.139  0.614  0.663  0.409  0.804  1.000  0.430  0.558  0.046  0.623  0.825 -0.289 -0.236  0.618 -0.004  0.692  0.794
  -0.381  0.207  0.447  0.052  0.125 -0.167  0.172 -0.085 -0.096 -0.006  0.281  0.286  0.169  0.189 -0.065  0.000  0.192 -0.183 -0.082  0.019  0.096  0.027 -0.095  0.141  0.394  0.329  0.345  0.481  0.430  1.000  0.688 -0.007  0.398  0.345 -0.190 -0.167  0.305  0.022  0.443  0.401
  -0.186  0.021  0.235 -0.110  0.006 -0.129  0.277 -0.072 -0.083  0.039  0.402 -0.115  0.129 -0.078 -0.094 -0.033  0.237 -0.253 -0.077 -0.190 -0.171  0.185 -0.292 -0.032  0.458  0.401  0.410  0.565  0.558  0.688  1.000 -0.037  0.470  0.468 -0.257 -0.227  0.576  0.229  0.498  0.527
   0.083  0.008 -0.068  0.062  0.024  0.008 -0.051  0.084  0.072 -0.027 -0.089  0.039 -0.004  0.074  0.040  0.051 -0.010  0.037  0.028  0.035  0.080 -0.032  0.031  0.060  0.058  0.047  0.030  0.058  0.046 -0.007 -0.037  1.000  0.041  0.034  0.011  0.011  0.013 -0.038  0.052  0.041
   0.196  0.116 -0.084  0.247  0.137 -0.075 -0.022  0.161  0.115 -0.007  0.056  0.026 -0.006  0.044  0.117  0.194  0.172 -0.083  0.107 -0.017 -0.044 -0.189  0.077  0.028  0.565  0.415  0.347  0.764  0.623  0.398  0.470  0.041  1.000  0.591 -0.255 -0.210  0.532  0.160  0.598  0.536
   0.215  0.126 -0.112  0.153 -0.019  0.041 -0.122  0.179  0.133 -0.017  0.042 -0.009 -0.030 -0.011  0.117  0.216  0.184 -0.074  0.209 -0.095 -0.009 -0.226  0.152  0.128  0.520  0.544  0.336  0.687  0.825  0.345  0.468  0.034  0.591  1.000 -0.270 -0.212  0.535  0.019  0.585  0.663
  -0.163 -0.034  0.120 -0.050 -0.021 -0.006 -0.003  0.018  0.034  0.114 -0.037  0.043 -0.039 -0.010  0.007 -0.200 -0.395  0.214 -0.023  0.068 -0.049  0.082  0.085 -0.200 -0.234 -0.198 -0.166 -0.283 -0.289 -0.190 -0.257  0.011 -0.255 -0.270  1.000  0.280 -0.324 -0.093 -0.233 -0.239
  -0.132 -0.009  0.098 -0.050 -0.025 -0.001 -0.002  0.011  0.022  0.059 -0.056  0.038 -0.031  0.018  0.026 -0.074 -0.274  0.197 -0.015  0.058 -0.000  0.016  0.114 -0.126 -0.206 -0.169 -0.144 -0.241 -0.236 -0.167 -0.227  0.011 -0.210 -0.212  0.280  1.000 -0.280 -0.083 -0.201 -0.200
   0.434 -0.106 -0.360  0.160  0.088 -0.023  0.019  0.310  0.248 -0.038  0.041 -0.218 -0.038 -0.239  0.054  0.007  0.232 -0.265  0.065 -0.211 -0.277  0.171 -0.391 -0.002  0.573  0.466  0.421  0.644  0.618  0.305  0.576  0.013  0.532  0.535 -0.324 -0.280  1.000  0.270  0.571  0.568
   0.132 -0.179 -0.152 -0.069 -0.010 -0.104  0.193 -0.012 -0.014 -0.113  0.076 -0.125 -0.231 -0.168 -0.010 -0.026  0.058 -0.089  0.017 -0.422 -0.228  0.130 -0.193 -0.251  0.101 -0.052  0.093  0.156 -0.004  0.022  0.229 -0.038  0.160  0.019 -0.093 -0.083  0.270  1.000  0.104  0.014
   0.269  0.047 -0.165  0.271  0.149 -0.096 -0.028  0.201  0.150 -0.017  0.035  0.067 -0.012  0.127  0.138  0.180  0.096 -0.043  0.129 -0.091  0.048 -0.034 -0.021  0.067  0.595  0.485  0.419  0.750  0.692  0.443  0.498  0.052  0.598  0.585 -0.233 -0.201  0.571  0.104  1.000  0.618
   0.238  0.051 -0.139  0.226  0.106 -0.077 -0.022  0.180  0.132  0.021  0.076 -0.002 -0.007  0.055  0.134  0.203  0.106 -0.031  0.144 -0.012  0.083 -0.063  0.011  0.163  0.551  0.577  0.396  0.688  0.794  0.401  0.527  0.041  0.536  0.663 -0.239 -0.200  0.568  0.014  0.618  1.000

0                ***   ***   ***  ***   ***   ***



     X        Q2         W2       THEORY        error         DATA           ERROR        chi^2     _w    ITYPE
.4831E+00     3.585  0.472E+01   0.17940E+00   0.66483E-03   0.18590E+00    0.56080E-02   -1.34         jl00106F2p          
.4904E+00     3.624  0.465E+01   0.17449E+00   0.64077E-03   0.18170E+00    0.55227E-02   -1.71         jl00106F2p          
.4978E+00     3.663  0.458E+01   0.16955E+00   0.61669E-03   0.17590E+00    0.53000E-02   -1.43         jl00106F2p          
.5052E+00     3.702  0.451E+01   0.16467E+00   0.59296E-03   0.16780E+00    0.50774E-02   -0.38         jl00106F2p          
.5127E+00     3.740  0.444E+01   0.15977E+00   0.56930E-03   0.16030E+00    0.48549E-02   -0.01         jl00106F2p          
.5202E+00     3.779  0.437E+01   0.15493E+00   0.54606E-03   0.15490E+00    0.47707E-02    0.00         jl00106F2p          
.5278E+00     3.818  0.430E+01   0.15008E+00   0.52298E-03   0.15390E+00    0.46872E-02   -0.66         jl00106F2p          
.5355E+00     3.857  0.423E+01   0.14523E+00   0.50014E-03   0.14960E+00    0.45486E-02   -0.92         jl00106F2p          
.5433E+00     3.895  0.416E+01   0.14040E+00   0.47763E-03   0.13750E+00    0.42438E-02    0.47         jl00106F2p          
.5511E+00     3.934  0.409E+01   0.13564E+00   0.45576E-03   0.13020E+00    0.40224E-02    1.83         jl00106F2p          
