# fitpack15: fit parameters                                                                         
# CJ15 AV18 final data choices                                                                      
# Created on 01/23/2020 at 22:32:56                                                                 

 # QCD setup
  INS                           0
  NVL                          11
  IORD                          1
  Q02                   1.6899999999999999     
  IPARAMC                       7
  FLAVOR                4.0000000000000000     
  xmc                   1.3000000000000000     
  xmb                   4.5000000000000000     
  ncb                          12
  ihq                           1
  ias                           0

 # Theory corrections
  inuke                     10814
  itmc                          1
  iht                           1

 # fit parameters
 LAMBDA       0.22680        0.0000    
 a0uv          2.3332        0.0000    
 a1uv         0.60792       0.20249E-01
 a2uv          3.5421       0.12255E-01
 a3uv          0.0000        0.0000    
 a4uv          3.5960       0.44997    
 a5uv          0.0000        0.0000    
 a0dv          21.614        0.0000    
 a1dv          1.1310       0.34663E-01
 a2dv          6.3938       0.16468    
 a3dv         -3.4186       0.94859E-01
 a4dv          4.5907       0.15208    
 a5dv          0.0000        0.0000    
 a0ud         0.14662       0.50344E-02
 a1ud        -0.20769       0.37540E-02
 a2ud          8.3045       0.19081    
 a3ud          0.0000        0.0000    
 a4ud          14.591        1.2263    
 a5ud          0.0000        0.0000    
 a0du          35712.        0.0000    
 a1du          4.0292       0.76200E-01
 a2du          20.227       0.88395    
 a3du          17.000        0.0000    
 a4du          48.954        9.8720    
 a0g           44.538        0.0000    
 a1g          0.59979       0.31427E-01
 a2g           6.5030       0.98747    
 a3g          -3.2806       0.13693    
 a4g           3.1422       0.32818    
 a5g           0.0000        0.0000    
 kappa        0.40000        0.0000    
 a6dv        -0.34874E-02   0.78549E-03
 a7dv          2.0000        0.0000    
 off1         -3.5805        1.5241    
 off2         0.51150E-01   0.64893E-01
 ht1          -3.2388       0.25720    
 ht2           1.9336       0.10675    
 ht3          -2.0703       0.18588E-01
 ht4           0.0000        0.0000    
 dummy40       0.0000        0.0000    
 dummy41       0.0000        0.0000    
 dummy42       0.0000        0.0000    
 dummy43       0.0000        0.0000    
 dummy44       0.0000        0.0000    
 dummy45       0.0000        0.0000    
 dummy46       0.0000        0.0000    
 dummy47       0.0000        0.0000    
 dummy48       0.0000        0.0000    
 dummy49       0.0000        0.0000    
 bcdmsh2      0.97219       0.48223E-02
 bcdmsd2      0.99249       0.58332E-02
 ccfr          1.0000        0.0000    
 nutev         1.0000        0.0000    
 zeus         0.97998        0.0000    
 h1            1.0162        0.0000    
 e605          1.0319        0.0000    
 NmcH2         1.0083       0.71196E-02
 ntv_nu        1.0000        0.0000    
 ntv_nubar     1.0000        0.0000    
 cdf_jet      0.98910        0.0000    
 d0_jet       0.83504        0.0000    
 slac_p        1.0044       0.48211E-02
 slac_d        1.0039       0.52849E-02
 e866pp       0.96886       0.19399E-01
 e866pd       0.96594       0.15878E-01
 d0_gamjet     1.0383       0.16476E-01
 h1b          0.97608        0.0000    
 jlab_p       0.99356       0.57970E-02
 jlab_d       0.97566       0.59189E-02
 blank         1.0000        0.0000    
 d0run2       0.94053       0.14109E-01
 cdfrun2      0.92664       0.17217E-01
 HERA_el       1.0000        0.0000    
 HERA_ps       1.0000        0.0000    
 CDF_Z        0.96457       0.65308E-02
 NmcRat        1.0000        0.0000    
 BNS_F2nd     0.98229       0.69340E-02
 HERMES_F2p   0.99753       0.55706E-02
 HERMES_F2d   0.97982       0.58261E-02
 END 0. 0.

 # Hessian matrix (Bevington alpha)
   0.49084569858051E+07 -0.12860716857069E+07  0.22792403480233E+06  0.47918963273525E+06 -0.12987653394259E+06 -0.13994422582647E+05  0.58512348534087E+05  0.91777862805395E+06 -0.17705406991058E+06 -0.49022181112113E+05  0.74727596692295E+04  0.15471645568084E+05  0.17433986396798E+04 -0.11567972740586E+03  0.76249568351419E+04 -0.19227747462806E+04  0.10756733204005E+05  0.76858301987042E+04 -0.64795869734378E+07 -0.16502626878878E+04 -0.17099524357569E+06  0.50592755464930E+05  0.16321767048406E+06  0.66934784345950E+06 -0.12769699337560E+06 -0.54064929346572E+05 -0.45068688828253E+04 -0.84145837070252E+06 -0.10861181918037E+07 -0.20572544896197E+05 -0.46400329673383E+05 -0.30947262833071E+04 -0.19905050835530E+06 -0.22348319953905E+06 -0.91051633297993E+04 -0.32244086146020E+04 -0.15410588054839E+05  0.16658892345118E+05 -0.71170889352805E+05 -0.56060728742639E+05
  -0.12860716857069E+07  0.41075976336167E+06 -0.61666003825839E+05 -0.13417701101057E+06  0.36427553558357E+05  0.61156710149661E+04 -0.13382261931933E+05 -0.12252729341751E+06  0.26667729259105E+05  0.75519926629586E+04 -0.94384077612753E+03 -0.12404236010674E+04 -0.14452623929623E+03  0.13932441626425E+02  0.68558876801229E+03 -0.54174829678903E+02  0.19552202748042E+03  0.10841673448375E+03  0.22144753159204E+07  0.63388240666765E+03  0.48364908228498E+05 -0.10668599542055E+05 -0.38447799420561E+05 -0.18272026208808E+06  0.16607186396774E+05  0.82014237062574E+04 -0.23548955221591E+03  0.20912681351701E+06  0.26250310357576E+06  0.57754822870880E+04  0.13183879072292E+05  0.42078805968910E+03  0.63404347631922E+05  0.70650988689130E+05  0.24556888922466E+04  0.77978649631923E+03 -0.23366851930709E+04 -0.22392661164042E+04  0.85677924879870E+04  0.71740417847245E+04
   0.22792403480233E+06 -0.61666003825839E+05  0.10696486059066E+05  0.22431817168042E+05 -0.61851833160565E+04 -0.86652692265694E+03  0.26725279224023E+04  0.31384108365214E+05 -0.59067301117945E+04 -0.19755795265938E+04  0.25952780398378E+03  0.47480346597436E+03  0.61919926908548E+02 -0.51620712901212E+01 -0.38339263170661E+03 -0.44688564715407E+00 -0.17053658215143E+03 -0.19664752803131E+02 -0.31377455312680E+06 -0.81535461016503E+02 -0.80596525131799E+04  0.22752270222590E+04  0.73692595709421E+04  0.31202138063288E+05 -0.54422154787156E+04 -0.23171069164488E+04  0.46747535364561E+02 -0.38105879466246E+05 -0.49370935712355E+05 -0.97554792539097E+03 -0.22101647278727E+04 -0.11655738967626E+03 -0.96581009813476E+04 -0.10815854395281E+05 -0.42353245040383E+03 -0.14755141559541E+03  0.35155272931224E+02  0.71213804183217E+03 -0.25273619486973E+04 -0.20449184575673E+04
   0.47918963273525E+06 -0.13417701101057E+06  0.22431817168042E+05  0.39727353042156E+06 -0.63516950255230E+05  0.74730911342081E+05  0.63782788759722E+05  0.34993627775777E+06 -0.25942621834105E+05 -0.18503965956273E+05  0.33983556241043E+04 -0.13742845931437E+04 -0.15576178181561E+03  0.61204809924344E+02  0.30676196480169E+05 -0.37041882137828E+04  0.27092875523708E+05  0.15173702035926E+05 -0.19351530782212E+07 -0.28560947296746E+03 -0.50343502588707E+05  0.18588525026700E+05  0.52011248001178E+05  0.21869054666554E+06 -0.12822986927158E+05 -0.21211886585616E+05 -0.87728046045708E+02 -0.65922485784418E+05 -0.34124756828027E+06 -0.14072099927480E+04 -0.24850175638641E+04 -0.73072027304906E+02 -0.11804396032604E+05 -0.52766969038594E+05 -0.25111671453586E+04 -0.97996150330750E+03 -0.97851278698501E+04 -0.15757065847281E+05 -0.72632047769940E+04 -0.21467763292019E+05
  -0.12987653394259E+06  0.36427553558357E+05 -0.61851833160565E+04 -0.63516950255230E+05  0.12193991620281E+05 -0.80550306819090E+04 -0.95294794297456E+04 -0.32794542495967E+05  0.37157585399604E+03  0.24370005939297E+04 -0.34661875797662E+03 -0.43125066007390E+02  0.43954198553189E+01 -0.55192731698980E+01 -0.26157464327438E+04  0.32106831232006E+03 -0.22599117249298E+04 -0.12829677876449E+04  0.44275498700267E+06  0.87294529845151E+02  0.10723534889847E+05 -0.35171163867958E+04 -0.98827563076799E+04 -0.44616918630405E+05  0.20057893775634E+04  0.33914329797159E+04 -0.55716926807614E+02  0.12242315198404E+05  0.64379189656371E+05  0.34669803153375E+03  0.59247505905028E+03  0.94592815596342E+01  0.30935934138573E+04  0.13618241827238E+05  0.49405929524139E+03  0.18228471321741E+03  0.33606661334328E+03  0.25053745994858E+04  0.83004696218516E+03  0.25474336388385E+04
  -0.13994422582647E+05  0.61156710149661E+04 -0.86652692265694E+03  0.74730911342081E+05 -0.80550306819090E+04  0.22154195560085E+05  0.13781009231901E+05  0.10048429309607E+06 -0.88182777540665E+04 -0.44772347237868E+04  0.96174334206623E+03 -0.65651982886398E+03 -0.64459649724078E+02  0.19600883411391E+02  0.88442971398554E+04 -0.10954598694496E+04  0.79430311962102E+04  0.45078781519335E+04 -0.79702066644060E+05  0.39365451926144E+02 -0.41741515428738E+04  0.24435061441025E+04  0.66930592111629E+04  0.21392176944417E+05 -0.27554900265363E+04 -0.42413251410221E+04  0.13663238230817E+03 -0.90051412242374E+04 -0.44685213850153E+05 -0.22722105465841E+02 -0.67006723825969E+02 -0.18633263491082E+02  0.15699051618959E+03  0.38540379590376E+03 -0.28420962732630E+03 -0.13910722060784E+03 -0.29204842911004E+04 -0.33289351402918E+04 -0.17873860864325E+04 -0.51560394963823E+04
   0.58512348534087E+05 -0.13382261931933E+05  0.26725279224023E+04  0.63782788759722E+05 -0.95294794297456E+04  0.13781009231901E+05  0.11008164491561E+05  0.56192247228053E+05 -0.28064218154842E+04 -0.32120849205494E+04  0.56675675538169E+03 -0.19710828402996E+03 -0.25467786470463E+02  0.10394644827346E+02  0.45949246121069E+04 -0.57729937219565E+03  0.40281347983450E+04  0.23149894663460E+04 -0.22806916842138E+06 -0.15972744573199E+02 -0.70406656053850E+04  0.28939063044848E+04  0.79229626554495E+04  0.30991063010572E+05 -0.24317150693729E+04 -0.38241833066106E+04  0.12618775385957E+03 -0.10065949027116E+05 -0.52500274761661E+05 -0.17799121402021E+03 -0.30418927480028E+03 -0.13126251616533E+02 -0.11674058714498E+04 -0.53526952081577E+04 -0.37577699321566E+03 -0.15659211101021E+03 -0.12260163120085E+04 -0.30856132808103E+04 -0.11169034032773E+04 -0.33282846562407E+04
   0.91777862805395E+06 -0.12252729341751E+06  0.31384108365214E+05  0.34993627775777E+06 -0.32794542495967E+05  0.10048429309607E+06  0.56192247228053E+05  0.49819510391521E+07 -0.23133057491148E+07 -0.85782823757485E+05  0.25989047182232E+05  0.27045801988402E+05  0.18083033283122E+04  0.11187157423255E+03  0.82060326383952E+05 -0.10428582965813E+05  0.83221898962408E+05  0.44970286732439E+05 -0.50448672377424E+06  0.34011499174288E+03 -0.23683306082581E+05  0.27659583564408E+05  0.86489109881952E+05  0.23580793290850E+06 -0.61114198158651E+05 -0.48988583737824E+05 -0.66911144642558E+05 -0.28307309629542E+06 -0.56095908352202E+06 -0.72340484815969E+05 -0.16183361493176E+06 -0.13344304061219E+04 -0.57807697322532E+04 -0.11337524749635E+05  0.62016319022164E+02  0.16739467242664E+03 -0.26267903004924E+06 -0.86177471905121E+04 -0.13742398845780E+06 -0.17075185378603E+06
  -0.17705406991058E+06  0.26667729259105E+05 -0.59067301117945E+04 -0.25942621834105E+05  0.37157585399604E+03 -0.88182777540665E+04 -0.28064218154842E+04 -0.23133057491148E+07  0.19289483312875E+07  0.19095364027312E+05 -0.65436983846700E+04 -0.58333718108943E+04 -0.32128481839816E+03 -0.15687007395127E+02  0.50061664437743E+05 -0.23542784043289E+04  0.16962963788003E+05  0.82339713671668E+04 -0.23093360337215E+05 -0.91533151556105E+02  0.71844051618689E+03 -0.57070406620298E+04 -0.18854489275578E+05 -0.46498676772587E+05  0.11574625309677E+05  0.10912636749303E+05  0.24172464782172E+05  0.65995544731226E+05  0.12658839454513E+06  0.23068610009868E+05  0.51746449713730E+05  0.17952251486542E+03  0.62328109241240E+03  0.12582622865381E+04 -0.12007983157151E+04 -0.67256059487296E+03  0.11190555596944E+06  0.15845234831388E+04  0.44376084193113E+05  0.54603914783833E+05
  -0.49022181112113E+05  0.75519926629586E+04 -0.19755795265938E+04 -0.18503965956273E+05  0.24370005939297E+04 -0.44772347237868E+04 -0.32120849205494E+04 -0.85782823757485E+05  0.19095364027312E+05  0.26700266353197E+04 -0.64533685705122E+03 -0.69579044737573E+03 -0.60999802113323E+02 -0.21254886027598E+01 -0.39719054659617E+04  0.48075369242324E+03 -0.35448619823610E+04 -0.19992517727938E+04  0.50349664859564E+05 -0.57604540424972E+01  0.20677738547159E+04 -0.12399875150159E+04 -0.36207155787050E+04 -0.11391514332874E+05  0.27629265871765E+04  0.19097832705395E+04  0.72915651483350E+03  0.11043635647380E+05  0.23077095260874E+05  0.15297864585018E+04  0.33470616601569E+04  0.43378506760487E+02  0.58548852357433E+03  0.11093235055285E+04  0.13604079792749E+03  0.60636231851130E+02  0.31003569008098E+04  0.44234976804664E+03  0.28038169355309E+04  0.35678064844237E+04
   0.74727596692295E+04 -0.94384077612753E+03  0.25952780398378E+03  0.33983556241043E+04 -0.34661875797662E+03  0.96174334206623E+03  0.56675675538169E+03  0.25989047182232E+05 -0.65436983846700E+04 -0.64533685705122E+03  0.18186974131362E+03  0.20615367123585E+03  0.14931704297420E+02  0.81830546063639E+00  0.12616277688312E+04 -0.13886215022126E+03  0.10758427396665E+04  0.58475001463549E+03 -0.57132583567549E+04  0.24079658993816E+01 -0.24061581980892E+03  0.21480612897581E+03  0.65825530236440E+03  0.18559621971194E+04 -0.49102922286108E+03 -0.36967782209448E+03 -0.34184779144938E+03 -0.20955038557527E+04 -0.42055569267225E+04 -0.44298404994731E+03 -0.99061122492573E+03 -0.11216749249785E+02 -0.50318850800170E+02 -0.98488979254222E+02 -0.15447920035963E+02 -0.72682147266637E+01 -0.11630127045487E+04 -0.69310976151273E+02 -0.83906301744071E+03 -0.10506182870668E+04
   0.15471645568084E+05 -0.12404236010674E+04  0.47480346597436E+03 -0.13742845931437E+04 -0.43125066007390E+02 -0.65651982886398E+03 -0.19710828402996E+03  0.27045801988402E+05 -0.58333718108943E+04 -0.69579044737573E+03  0.20615367123585E+03  0.17878899952334E+04  0.11630560491464E+03 -0.79813634544238E+00  0.14730087808215E+04 -0.20234734904016E+03  0.15977838698581E+04  0.91290095086103E+03 -0.58600681796293E+04 -0.52149348723804E+01 -0.92739325668241E+02 -0.10274525258741E+02  0.13360050158341E+03 -0.92676098380901E+03 -0.11600555219290E+04 -0.19289528993115E-10 -0.76074015539566E+03 -0.51653990894963E+04  0.56092357364825E-09 -0.24817730436388E+04 -0.72538444572702E+02 -0.82360954084897E+02 -0.20884982993863E+00  0.60909067885576E-10 -0.18163800451819E+01 -0.78168228096242E+00  0.29965459177001E+03  0.31636015178847E+03 -0.28378788972037E+04  0.51019654248489E-10
   0.17433986396798E+04 -0.14452623929623E+03  0.61919926908548E+02 -0.15576178181561E+03  0.43954198553189E+01 -0.64459649724078E+02 -0.25467786470463E+02  0.18083033283122E+04 -0.32128481839816E+03 -0.60999802113323E+02  0.14931704297420E+02  0.11630560491464E+03  0.10381742525641E+02 -0.18323277864344E+00  0.79550873623061E+02 -0.13232933323884E+02  0.95330896097988E+02  0.59008886996028E+02 -0.27717275805420E+03 -0.42250382109342E+00  0.56632783352179E+01  0.11968204499617E+01  0.18509196582897E+02 -0.89354974054243E+02 -0.17061463055651E+03 -0.10264034115032E-11 -0.29316358509068E+02 -0.60520598641752E+03 -0.44618762473869E-10 -0.15406418543201E+03 -0.19073397940448E+02 -0.65918687362794E+01 -0.15042206599505E+00  0.78663690625792E-12 -0.19030697383071E+00 -0.74100845013731E-01  0.29727061859968E+02  0.70824814420321E+02 -0.20271512450144E+03 -0.79553766179379E-11
  -0.11567972740586E+03  0.13932441626425E+02 -0.51620712901212E+01  0.61204809924344E+02 -0.55192731698980E+01  0.19600883411391E+02  0.10394644827346E+02  0.11187157423255E+03 -0.15687007395127E+02 -0.21254886027598E+01  0.81830546063639E+00 -0.79813634544238E+00 -0.18323277864344E+00  0.63783932753328E-01  0.16415345047489E+02 -0.12806033345992E+01  0.10530554162439E+02  0.50045165218518E+01 -0.77949369275543E+02  0.21202024062827E-01 -0.40938915934295E+01  0.48921126615140E+00  0.12621677869584E+01  0.64640990830986E+01  0.74110811864958E-01  0.16389274520547E-14 -0.71907739355976E+01 -0.11566044034250E+01 -0.33199648794975E-12 -0.43469236132725E+01 -0.44082019459107E-04 -0.17150881105100E+00  0.31228933640413E-12  0.27683891529544E-12 -0.21073760785803E-02 -0.11539954918319E-02 -0.16814328045614E+01  0.15014545460331E-03 -0.41308160512564E+01 -0.34881316875949E-14
   0.76249568351419E+04  0.68558876801229E+03 -0.38339263170661E+03  0.30676196480169E+05 -0.26157464327438E+04  0.88442971398554E+04  0.45949246121069E+04  0.82060326383952E+05  0.50061664437743E+05 -0.39719054659617E+04  0.12616277688312E+04  0.14730087808215E+04  0.79550873623061E+02  0.16415345047489E+02  0.48563132163020E+05 -0.44517250198783E+04  0.34854299388789E+05  0.18159378941737E+05 -0.47584058641644E+05  0.31015750006249E+01  0.61717601692035E+03 -0.18574107401259E+03 -0.54301880384132E+03 -0.11977304478310E+04 -0.25955871975187E+04 -0.17068515238674E+04 -0.24554415128031E+04  0.19743009060989E+04  0.42032410646795E+04 -0.15119986383317E+04 -0.29436829219579E+04 -0.71456109322237E+03  0.23698554819662E+03  0.42316845841404E+03 -0.28129421936270E+04 -0.14985197760893E+04 -0.24752661777539E+04  0.18062630212355E+03 -0.83637554068209E+03 -0.94145935327071E+03
  -0.19227747462806E+04 -0.54174829678903E+02 -0.44688564715407E+00 -0.37041882137828E+04  0.32106831232006E+03 -0.10954598694496E+04 -0.57729937219565E+03 -0.10428582965813E+05 -0.23542784043289E+04  0.48075369242324E+03 -0.13886215022126E+03 -0.20234734904016E+03 -0.13232933323884E+02 -0.12806033345992E+01 -0.44517250198783E+04  0.47613675037065E+03 -0.36711813659959E+04 -0.19885139621269E+04  0.55644104497817E+04 -0.10001407192629E+01 -0.90007594695217E+02  0.17687893943264E+02  0.44390326019179E+02  0.11554602473018E+03  0.47839397652737E+03  0.30007801373765E+03  0.28095190670483E+03 -0.15976390652242E+03 -0.47267738161421E+03  0.15555067131632E+03  0.30177394158341E+03  0.78223827101593E+02 -0.63642029649212E+02 -0.11213611383783E+03  0.42646608058471E+03  0.21116771878270E+03 -0.28659443323297E+03 -0.32430735989178E+02  0.23961914242440E+03  0.26833527263488E+03
   0.10756733204005E+05  0.19552202748042E+03 -0.17053658215143E+03  0.27092875523708E+05 -0.22599117249298E+04  0.79430311962102E+04  0.40281347983450E+04  0.83221898962408E+05  0.16962963788003E+05 -0.35448619823610E+04  0.10758427396665E+04  0.15977838698581E+04  0.95330896097988E+02  0.10530554162439E+02  0.34854299388789E+05 -0.36711813659959E+04  0.28715720795284E+05  0.15418014931334E+05 -0.42126780307825E+05  0.22550883728566E+01  0.66639603096874E+03 -0.22632384966325E+03 -0.61234467117241E+03 -0.13227488822321E+04 -0.27022694042773E+04 -0.17351148804248E+04 -0.24446454958830E+04  0.20596326584605E+04  0.44648427594413E+04 -0.12590938425147E+04 -0.24608989346345E+04 -0.60712793709834E+03  0.91328147946931E+02  0.17642870702947E+03 -0.26660816873096E+04 -0.14278909367787E+04  0.13799257847170E+04  0.22907278691222E+03 -0.16717830237488E+04 -0.18560444018574E+04
   0.76858301987042E+04  0.10841673448375E+03 -0.19664752803131E+02  0.15173702035926E+05 -0.12829677876449E+04  0.45078781519335E+04  0.23149894663460E+04  0.44970286732439E+05  0.82339713671668E+04 -0.19992517727938E+04  0.58475001463549E+03  0.91290095086103E+03  0.59008886996028E+02  0.50045165218518E+01  0.18159378941737E+05 -0.19885139621269E+04  0.15418014931334E+05  0.83859076152548E+04 -0.23437407494790E+05  0.26537530722795E+01  0.40100311045750E+03 -0.11709753015270E+03 -0.29525709155249E+03 -0.67321565810691E+03 -0.18726245002568E+04 -0.11716897289066E+04 -0.12289597906068E+04  0.95727770400024E+03  0.24311734848947E+04 -0.63882449298050E+03 -0.12493602099364E+04 -0.33383488214078E+03  0.11553850086838E+03  0.21323960734425E+03 -0.17068590003051E+04 -0.87890666697559E+03  0.14522062527147E+04  0.15808846665338E+03 -0.11460269915977E+04 -0.12733839713766E+04
  -0.64795869734378E+07  0.22144753159204E+07 -0.31377455312680E+06 -0.19351530782212E+07  0.44275498700267E+06 -0.79702066644060E+05 -0.22806916842138E+06 -0.50448672377424E+06 -0.23093360337215E+05  0.50349664859564E+05 -0.57132583567549E+04 -0.58600681796293E+04 -0.27717275805420E+03 -0.77949369275543E+02 -0.47584058641644E+05  0.55644104497817E+04 -0.42126780307825E+05 -0.23437407494790E+05  0.24891260934964E+08  0.63711277747682E+04  0.47179838164829E+06 -0.12657875335845E+06 -0.38771120021832E+06 -0.19519577942504E+07  0.29543507776842E+05  0.65681855941231E+05 -0.10132254822983E+04  0.49048265005677E+06  0.23923149679577E+07  0.15303548906160E+05  0.27285823112182E+05  0.19502700898129E+03  0.15932490225595E+06  0.69485459410421E+06  0.21483577030098E+05  0.67766041366756E+04 -0.16081447784379E+05  0.38560083849252E+05  0.17927230691151E+05  0.55178253187038E+05
  -0.16502626878878E+04  0.63388240666765E+03 -0.81535461016503E+02 -0.28560947296746E+03  0.87294529845151E+02  0.39365451926144E+02 -0.15972744573199E+02  0.34011499174288E+03 -0.91533151556105E+02 -0.57604540424972E+01  0.24079658993816E+01 -0.52149348723804E+01 -0.42250382109342E+00  0.21202024062827E-01  0.31015750006249E+01 -0.10001407192629E+01  0.22550883728566E+01  0.26537530722795E+01  0.63711277747682E+04  0.27520131741612E+01  0.13815965004729E+03 -0.31964935586964E+02 -0.97977333952801E+02 -0.56245365679157E+03  0.00000000000000E+00 -0.19406735086151E+02  0.00000000000000E+00  0.00000000000000E+00  0.55551967491732E+03  0.00000000000000E+00 -0.87218187997356E+01  0.00000000000000E+00  0.00000000000000E+00  0.24555112516295E+03  0.00000000000000E+00  0.00000000000000E+00  0.00000000000000E+00  0.65738380117811E+01  0.00000000000000E+00 -0.21917233713036E+02
  -0.17099524357569E+06  0.48364908228498E+05 -0.80596525131799E+04 -0.50343502588707E+05  0.10723534889847E+05 -0.41741515428738E+04 -0.70406656053850E+04 -0.23683306082581E+05  0.71844051618689E+03  0.20677738547159E+04 -0.24061581980892E+03 -0.92739325668241E+02  0.56632783352179E+01 -0.40938915934295E+01  0.61717601692035E+03 -0.90007594695217E+02  0.66639603096874E+03  0.40100311045750E+03  0.47179838164829E+06  0.13815965004729E+03  0.17343927609194E+05 -0.56917605781082E+04 -0.15757642068044E+05 -0.73783582059387E+05  0.00000000000000E+00  0.41880139640023E+04  0.00000000000000E+00  0.00000000000000E+00  0.94080263715127E+05  0.00000000000000E+00 -0.92885301985013E+03  0.00000000000000E+00  0.00000000000000E+00  0.18559896860917E+05  0.00000000000000E+00  0.00000000000000E+00  0.00000000000000E+00 -0.34727975740549E+04  0.00000000000000E+00  0.34531771567217E+04
   0.50592755464930E+05 -0.10668599542055E+05  0.22752270222590E+04  0.18588525026700E+05 -0.35171163867958E+04  0.24435061441025E+04  0.28939063044848E+04  0.27659583564408E+05 -0.57070406620298E+04 -0.12399875150159E+04  0.21480612897581E+03 -0.10274525258741E+02  0.11968204499617E+01  0.48921126615140E+00 -0.18574107401259E+03  0.17687893943264E+02 -0.22632384966325E+03 -0.11709753015270E+03 -0.12657875335845E+06 -0.31964935586964E+02 -0.56917605781082E+04  0.23983933078991E+04  0.63796777935021E+04  0.27165524595845E+05 -0.52014955791979E+02 -0.19685458659766E+04  0.23113134883792E+01  0.51931978041782E+03 -0.38665579294882E+05  0.00000000000000E+00 -0.18260942961335E+03  0.00000000000000E+00  0.22935798855405E+04 -0.41854352017005E+04  0.00000000000000E+00  0.00000000000000E+00  0.00000000000000E+00  0.13943262315020E+04 -0.39370366700806E+03 -0.26816980564378E+04
   0.16321767048406E+06 -0.38447799420561E+05  0.73692595709421E+04  0.52011248001178E+05 -0.98827563076799E+04  0.66930592111629E+04  0.79229626554495E+04  0.86489109881952E+05 -0.18854489275578E+05 -0.36207155787050E+04  0.65825530236440E+03  0.13360050158341E+03  0.18509196582897E+02  0.12621677869584E+01 -0.54301880384132E+03  0.44390326019179E+02 -0.61234467117241E+03 -0.29525709155249E+03 -0.38771120021832E+06 -0.97977333952801E+02 -0.15757642068044E+05  0.63796777935021E+04  0.17623374120597E+05  0.74043440245599E+05 -0.15969710770195E+03 -0.49090210930138E+04 -0.48502834163595E+02 -0.65745736674767E+04 -0.10704745415814E+06  0.00000000000000E+00 -0.45220299744901E+03  0.00000000000000E+00  0.31270629435157E+04 -0.13668187401585E+05  0.00000000000000E+00  0.00000000000000E+00  0.00000000000000E+00  0.34796791383083E+04 -0.21168436094203E+04 -0.78219625187258E+04
   0.66934784345950E+06 -0.18272026208808E+06  0.31202138063288E+05  0.21869054666554E+06 -0.44616918630405E+05  0.21392176944417E+05  0.30991063010572E+05  0.23580793290850E+06 -0.46498676772587E+05 -0.11391514332874E+05  0.18559621971194E+04 -0.92676098380901E+03 -0.89354974054243E+02  0.64640990830986E+01 -0.11977304478310E+04  0.11554602473018E+03 -0.13227488822321E+04 -0.67321565810691E+03 -0.19519577942504E+07 -0.56245365679157E+03 -0.73783582059387E+05  0.27165524595845E+05  0.74043440245599E+05  0.34398112792620E+06  0.24923801056197E+03 -0.25268866757805E+05 -0.64454876079143E+01  0.37248110512084E+05 -0.44395920632293E+06  0.00000000000000E+00 -0.23928923698478E+04  0.00000000000000E+00  0.15813253384854E+05 -0.72270890217296E+05  0.00000000000000E+00  0.00000000000000E+00  0.00000000000000E+00  0.18543862384571E+05  0.15437402025240E+04 -0.28149514400075E+05
  -0.12769699337560E+06  0.16607186396774E+05 -0.54422154787156E+04 -0.12822986927158E+05  0.20057893775634E+04 -0.27554900265363E+04 -0.24317150693729E+04 -0.61114198158651E+05  0.11574625309677E+05  0.27629265871765E+04 -0.49102922286108E+03 -0.11600555219290E+04 -0.17061463055651E+03  0.74110811864958E-01 -0.25955871975187E+04  0.47839397652737E+03 -0.27022694042773E+04 -0.18726245002568E+04  0.29543507776842E+05  0.00000000000000E+00  0.00000000000000E+00 -0.52014955791979E+02 -0.15969710770195E+03  0.24923801056197E+03  0.11645389577723E+06  0.00000000000000E+00  0.00000000000000E+00  0.00000000000000E+00  0.00000000000000E+00  0.00000000000000E+00  0.00000000000000E+00  0.00000000000000E+00  0.00000000000000E+00  0.00000000000000E+00  0.00000000000000E+00  0.00000000000000E+00  0.00000000000000E+00  0.00000000000000E+00  0.00000000000000E+00  0.00000000000000E+00
  -0.54064929346572E+05  0.82014237062574E+04 -0.23171069164488E+04 -0.21211886585616E+05  0.33914329797159E+04 -0.42413251410221E+04 -0.38241833066106E+04 -0.48988583737824E+05  0.10912636749303E+05  0.19097832705395E+04 -0.36967782209448E+03 -0.19289528993115E-10 -0.10264034115032E-11  0.16389274520547E-14 -0.17068515238674E+04  0.30007801373765E+03 -0.17351148804248E+04 -0.11716897289066E+04  0.65681855941231E+05 -0.19406735086151E+02  0.41880139640023E+04 -0.19685458659766E+04 -0.49090210930138E+04 -0.25268866757805E+05  0.00000000000000E+00  0.64659330641734E+05  0.00000000000000E+00  0.00000000000000E+00  0.00000000000000E+00  0.00000000000000E+00  0.00000000000000E+00  0.00000000000000E+00  0.00000000000000E+00  0.00000000000000E+00  0.00000000000000E+00  0.00000000000000E+00  0.00000000000000E+00  0.00000000000000E+00  0.00000000000000E+00  0.00000000000000E+00
  -0.45068688828253E+04 -0.23548955221591E+03  0.46747535364561E+02 -0.87728046045708E+02 -0.55716926807614E+02  0.13663238230817E+03  0.12618775385957E+03 -0.66911144642558E+05  0.24172464782172E+05  0.72915651483350E+03 -0.34184779144938E+03 -0.76074015539566E+03 -0.29316358509068E+02 -0.71907739355976E+01 -0.24554415128031E+04  0.28095190670483E+03 -0.24446454958830E+04 -0.12289597906068E+04 -0.10132254822983E+04  0.00000000000000E+00  0.00000000000000E+00  0.23113134883792E+01 -0.48502834163595E+02 -0.64454876079143E+01  0.00000000000000E+00  0.00000000000000E+00  0.30710958730228E+05  0.00000000000000E+00  0.00000000000000E+00  0.00000000000000E+00  0.00000000000000E+00  0.00000000000000E+00  0.00000000000000E+00  0.00000000000000E+00  0.00000000000000E+00  0.00000000000000E+00  0.00000000000000E+00  0.00000000000000E+00  0.00000000000000E+00  0.00000000000000E+00
  -0.84145837070252E+06  0.20912681351701E+06 -0.38105879466246E+05 -0.65922485784418E+05  0.12242315198404E+05 -0.90051412242374E+04 -0.10065949027116E+05 -0.28307309629542E+06  0.65995544731226E+05  0.11043635647380E+05 -0.20955038557527E+04 -0.51653990894963E+04 -0.60520598641752E+03 -0.11566044034250E+01  0.19743009060989E+04 -0.15976390652242E+03  0.20596326584605E+04  0.95727770400024E+03  0.49048265005677E+06  0.00000000000000E+00  0.00000000000000E+00  0.51931978041782E+03 -0.65745736674767E+04  0.37248110512084E+05  0.00000000000000E+00  0.00000000000000E+00  0.00000000000000E+00  0.57797724459760E+06  0.00000000000000E+00  0.00000000000000E+00  0.00000000000000E+00  0.00000000000000E+00  0.00000000000000E+00  0.00000000000000E+00  0.00000000000000E+00  0.00000000000000E+00  0.00000000000000E+00  0.00000000000000E+00  0.00000000000000E+00  0.00000000000000E+00
  -0.10861181918037E+07  0.26250310357576E+06 -0.49370935712355E+05 -0.34124756828027E+06  0.64379189656371E+05 -0.44685213850153E+05 -0.52500274761661E+05 -0.56095908352202E+06  0.12658839454513E+06  0.23077095260874E+05 -0.42055569267225E+04  0.56092357364825E-09 -0.44618762473869E-10 -0.33199648794975E-12  0.42032410646795E+04 -0.47267738161421E+03  0.44648427594413E+04  0.24311734848947E+04  0.23923149679577E+07  0.55551967491732E+03  0.94080263715127E+05 -0.38665579294882E+05 -0.10704745415814E+06 -0.44395920632293E+06  0.00000000000000E+00  0.00000000000000E+00  0.00000000000000E+00  0.00000000000000E+00  0.91831588120508E+06  0.00000000000000E+00  0.00000000000000E+00  0.00000000000000E+00  0.00000000000000E+00  0.00000000000000E+00  0.00000000000000E+00  0.00000000000000E+00  0.00000000000000E+00  0.00000000000000E+00  0.00000000000000E+00  0.00000000000000E+00
  -0.20572544896197E+05  0.57754822870880E+04 -0.97554792539097E+03 -0.14072099927480E+04  0.34669803153375E+03 -0.22722105465841E+02 -0.17799121402021E+03 -0.72340484815969E+05  0.23068610009868E+05  0.15297864585018E+04 -0.44298404994731E+03 -0.24817730436388E+04 -0.15406418543201E+03 -0.43469236132725E+01 -0.15119986383317E+04  0.15555067131632E+03 -0.12590938425147E+04 -0.63882449298050E+03  0.15303548906160E+05  0.00000000000000E+00  0.00000000000000E+00  0.00000000000000E+00  0.00000000000000E+00  0.00000000000000E+00  0.00000000000000E+00  0.00000000000000E+00  0.00000000000000E+00  0.00000000000000E+00  0.00000000000000E+00  0.14672587146605E+05  0.00000000000000E+00  0.00000000000000E+00  0.00000000000000E+00  0.00000000000000E+00  0.00000000000000E+00  0.00000000000000E+00  0.00000000000000E+00  0.00000000000000E+00  0.00000000000000E+00  0.00000000000000E+00
  -0.46400329673383E+05  0.13183879072292E+05 -0.22101647278727E+04 -0.24850175638641E+04  0.59247505905028E+03 -0.67006723825969E+02 -0.30418927480028E+03 -0.16183361493176E+06  0.51746449713730E+05  0.33470616601569E+04 -0.99061122492573E+03 -0.72538444572702E+02 -0.19073397940448E+02 -0.44082019459107E-04 -0.29436829219579E+04  0.30177394158341E+03 -0.24608989346345E+04 -0.12493602099364E+04  0.27285823112182E+05 -0.87218187997356E+01 -0.92885301985013E+03 -0.18260942961335E+03 -0.45220299744901E+03 -0.23928923698478E+04  0.00000000000000E+00  0.00000000000000E+00  0.00000000000000E+00  0.00000000000000E+00  0.00000000000000E+00  0.00000000000000E+00  0.31643149821616E+05  0.00000000000000E+00  0.00000000000000E+00  0.00000000000000E+00  0.00000000000000E+00  0.00000000000000E+00  0.00000000000000E+00  0.00000000000000E+00  0.00000000000000E+00  0.00000000000000E+00
  -0.30947262833071E+04  0.42078805968910E+03 -0.11655738967626E+03 -0.73072027304906E+02  0.94592815596342E+01 -0.18633263491082E+02 -0.13126251616533E+02 -0.13344304061219E+04  0.17952251486542E+03  0.43378506760487E+02 -0.11216749249785E+02 -0.82360954084897E+02 -0.65918687362794E+01 -0.17150881105100E+00 -0.71456109322237E+03  0.78223827101593E+02 -0.60712793709834E+03 -0.33383488214078E+03  0.19502700898129E+03  0.00000000000000E+00  0.00000000000000E+00  0.00000000000000E+00  0.00000000000000E+00  0.00000000000000E+00  0.00000000000000E+00  0.00000000000000E+00  0.00000000000000E+00  0.00000000000000E+00  0.00000000000000E+00  0.00000000000000E+00  0.00000000000000E+00  0.37891310027906E+04  0.00000000000000E+00  0.00000000000000E+00  0.00000000000000E+00  0.00000000000000E+00  0.00000000000000E+00  0.00000000000000E+00  0.00000000000000E+00  0.00000000000000E+00
  -0.19905050835530E+06  0.63404347631922E+05 -0.96581009813476E+04 -0.11804396032604E+05  0.30935934138573E+04  0.15699051618959E+03 -0.11674058714498E+04 -0.57807697322532E+04  0.62328109241240E+03  0.58548852357433E+03 -0.50318850800170E+02 -0.20884982993863E+00 -0.15042206599505E+00  0.31228933640413E-12  0.23698554819662E+03 -0.63642029649212E+02  0.91328147946931E+02  0.11553850086838E+03  0.15932490225595E+06  0.00000000000000E+00  0.00000000000000E+00  0.22935798855405E+04  0.31270629435157E+04  0.15813253384854E+05  0.00000000000000E+00  0.00000000000000E+00  0.00000000000000E+00  0.00000000000000E+00  0.00000000000000E+00  0.00000000000000E+00  0.00000000000000E+00  0.00000000000000E+00  0.10568164117357E+06  0.00000000000000E+00  0.00000000000000E+00  0.00000000000000E+00  0.00000000000000E+00  0.00000000000000E+00  0.00000000000000E+00  0.00000000000000E+00
  -0.22348319953905E+06  0.70650988689130E+05 -0.10815854395281E+05 -0.52766969038594E+05  0.13618241827238E+05  0.38540379590376E+03 -0.53526952081577E+04 -0.11337524749635E+05  0.12582622865381E+04  0.11093235055285E+04 -0.98488979254222E+02  0.60909067885576E-10  0.78663690625792E-12  0.27683891529544E-12  0.42316845841404E+03 -0.11213611383783E+03  0.17642870702947E+03  0.21323960734425E+03  0.69485459410421E+06  0.24555112516295E+03  0.18559896860917E+05 -0.41854352017005E+04 -0.13668187401585E+05 -0.72270890217296E+05  0.00000000000000E+00  0.00000000000000E+00  0.00000000000000E+00  0.00000000000000E+00  0.00000000000000E+00  0.00000000000000E+00  0.00000000000000E+00  0.00000000000000E+00  0.00000000000000E+00  0.13867946276602E+06  0.00000000000000E+00  0.00000000000000E+00  0.00000000000000E+00  0.00000000000000E+00  0.00000000000000E+00  0.00000000000000E+00
  -0.91051633297993E+04  0.24556888922466E+04 -0.42353245040383E+03 -0.25111671453586E+04  0.49405929524139E+03 -0.28420962732630E+03 -0.37577699321566E+03  0.62016319022164E+02 -0.12007983157151E+04  0.13604079792749E+03 -0.15447920035963E+02 -0.18163800451819E+01 -0.19030697383071E+00 -0.21073760785803E-02 -0.28129421936270E+04  0.42646608058471E+03 -0.26660816873096E+04 -0.17068590003051E+04  0.21483577030098E+05  0.00000000000000E+00  0.00000000000000E+00  0.00000000000000E+00  0.00000000000000E+00  0.00000000000000E+00  0.00000000000000E+00  0.00000000000000E+00  0.00000000000000E+00  0.00000000000000E+00  0.00000000000000E+00  0.00000000000000E+00  0.00000000000000E+00  0.00000000000000E+00  0.00000000000000E+00  0.00000000000000E+00  0.83143968762619E+04  0.00000000000000E+00  0.00000000000000E+00  0.00000000000000E+00  0.00000000000000E+00  0.00000000000000E+00
  -0.32244086146020E+04  0.77978649631923E+03 -0.14755141559541E+03 -0.97996150330750E+03  0.18228471321741E+03 -0.13910722060784E+03 -0.15659211101021E+03  0.16739467242664E+03 -0.67256059487296E+03  0.60636231851130E+02 -0.72682147266637E+01 -0.78168228096242E+00 -0.74100845013731E-01 -0.11539954918319E-02 -0.14985197760893E+04  0.21116771878270E+03 -0.14278909367787E+04 -0.87890666697559E+03  0.67766041366756E+04  0.00000000000000E+00  0.00000000000000E+00  0.00000000000000E+00  0.00000000000000E+00  0.00000000000000E+00  0.00000000000000E+00  0.00000000000000E+00  0.00000000000000E+00  0.00000000000000E+00  0.00000000000000E+00  0.00000000000000E+00  0.00000000000000E+00  0.00000000000000E+00  0.00000000000000E+00  0.00000000000000E+00  0.00000000000000E+00  0.42614043264510E+04  0.00000000000000E+00  0.00000000000000E+00  0.00000000000000E+00  0.00000000000000E+00
  -0.15410588054839E+05 -0.23366851930709E+04  0.35155272931224E+02 -0.97851278698501E+04  0.33606661334328E+03 -0.29204842911004E+04 -0.12260163120085E+04 -0.26267903004924E+06  0.11190555596944E+06  0.31003569008098E+04 -0.11630127045487E+04  0.29965459177001E+03  0.29727061859968E+02 -0.16814328045614E+01 -0.24752661777539E+04 -0.28659443323297E+03  0.13799257847170E+04  0.14522062527147E+04 -0.16081447784379E+05  0.00000000000000E+00  0.00000000000000E+00  0.00000000000000E+00  0.00000000000000E+00  0.00000000000000E+00  0.00000000000000E+00  0.00000000000000E+00  0.00000000000000E+00  0.00000000000000E+00  0.00000000000000E+00  0.00000000000000E+00  0.00000000000000E+00  0.00000000000000E+00  0.00000000000000E+00  0.00000000000000E+00  0.00000000000000E+00  0.00000000000000E+00  0.12414841807090E+06  0.00000000000000E+00  0.00000000000000E+00  0.00000000000000E+00
   0.16658892345118E+05 -0.22392661164042E+04  0.71213804183217E+03 -0.15757065847281E+05  0.25053745994858E+04 -0.33289351402918E+04 -0.30856132808103E+04 -0.86177471905121E+04  0.15845234831388E+04  0.44234976804664E+03 -0.69310976151273E+02  0.31636015178847E+03  0.70824814420321E+02  0.15014545460331E-03  0.18062630212355E+03 -0.32430735989178E+02  0.22907278691222E+03  0.15808846665338E+03  0.38560083849252E+05  0.65738380117811E+01 -0.34727975740549E+04  0.13943262315020E+04  0.34796791383083E+04  0.18543862384571E+05  0.00000000000000E+00  0.00000000000000E+00  0.00000000000000E+00  0.00000000000000E+00  0.00000000000000E+00  0.00000000000000E+00  0.00000000000000E+00  0.00000000000000E+00  0.00000000000000E+00  0.00000000000000E+00  0.00000000000000E+00  0.00000000000000E+00  0.00000000000000E+00  0.39321762493465E+05  0.00000000000000E+00  0.00000000000000E+00
  -0.71170889352805E+05  0.85677924879870E+04 -0.25273619486973E+04 -0.72632047769940E+04  0.83004696218516E+03 -0.17873860864325E+04 -0.11169034032773E+04 -0.13742398845780E+06  0.44376084193113E+05  0.28038169355309E+04 -0.83906301744071E+03 -0.28378788972037E+04 -0.20271512450144E+03 -0.41308160512564E+01 -0.83637554068209E+03  0.23961914242440E+03 -0.16717830237488E+04 -0.11460269915977E+04  0.17927230691151E+05  0.00000000000000E+00  0.00000000000000E+00 -0.39370366700806E+03 -0.21168436094203E+04  0.15437402025240E+04  0.00000000000000E+00  0.00000000000000E+00  0.00000000000000E+00  0.00000000000000E+00  0.00000000000000E+00  0.00000000000000E+00  0.00000000000000E+00  0.00000000000000E+00  0.00000000000000E+00  0.00000000000000E+00  0.00000000000000E+00  0.00000000000000E+00  0.00000000000000E+00  0.00000000000000E+00  0.95054253303571E+05  0.00000000000000E+00
  -0.56060728742639E+05  0.71740417847245E+04 -0.20449184575673E+04 -0.21467763292019E+05  0.25474336388385E+04 -0.51560394963823E+04 -0.33282846562407E+04 -0.17075185378603E+06  0.54603914783833E+05  0.35678064844237E+04 -0.10506182870668E+04  0.51019654248489E-10 -0.79553766179379E-11 -0.34881316875949E-14 -0.94145935327071E+03  0.26833527263488E+03 -0.18560444018574E+04 -0.12733839713766E+04  0.55178253187038E+05 -0.21917233713036E+02  0.34531771567217E+04 -0.26816980564378E+04 -0.78219625187258E+04 -0.28149514400075E+05  0.00000000000000E+00  0.00000000000000E+00  0.00000000000000E+00  0.00000000000000E+00  0.00000000000000E+00  0.00000000000000E+00  0.00000000000000E+00  0.00000000000000E+00  0.00000000000000E+00  0.00000000000000E+00  0.00000000000000E+00  0.00000000000000E+00  0.00000000000000E+00  0.00000000000000E+00  0.00000000000000E+00  0.99708151521184E+05

 # Covariance matrix (Bevington epsilon)
