# fitpack15: fit parameters                                                                         
# CJ15 AV18 final data choices                                                                      
# Created on 01/23/2020 at 21:54:43                                                                 

 # QCD setup
  INS                           0
  NVL                          11
  IORD                          1
  Q02                   1.6899999999999999     
  IPARAMC                       7
  FLAVOR                4.0000000000000000     
  xmc                   1.3000000000000000     
  xmb                   4.5000000000000000     
  ncb                          12
  ihq                           1
  ias                           0

 # Theory corrections
  inuke                     10814
  itmc                          1
  iht                           1

 # fit parameters
 LAMBDA       0.22680        0.0000    
 a0uv          2.3872        0.0000    
 a1uv         0.61335       0.19967E-01
 a2uv          3.5428       0.12385E-01
 a3uv          0.0000        0.0000    
 a4uv          3.4937       0.43422    
 a5uv          0.0000        0.0000    
 a0dv          25.133        0.0000    
 a1dv          1.1632       0.33158E-01
 a2dv          6.5563       0.15796    
 a3dv         -3.5102       0.84547E-01
 a4dv          4.6708       0.14064    
 a5dv          0.0000        0.0000    
 a0ud         0.14656       0.50331E-02
 a1ud        -0.20775       0.37547E-02
 a2ud          8.3062       0.19243    
 a3ud          0.0000        0.0000    
 a4ud          14.493        1.2211    
 a5ud          0.0000        0.0000    
 a0du          35712.        0.0000    
 a1du          4.0319       0.76154E-01
 a2du          20.073       0.87792    
 a3du          17.000        0.0000    
 a4du          51.403        10.707    
 a0g           45.514        0.0000    
 a1g          0.60298       0.31361E-01
 a2g           6.5478       0.96523    
 a3g          -3.3075       0.13614    
 a4g           3.1923       0.32933    
 a5g           0.0000        0.0000    
 kappa        0.40000        0.0000    
 a6dv        -0.34954E-02   0.65337E-03
 a7dv          2.0000        0.0000    
 off1         -3.6944        1.5195    
 off2         0.57577E-01   0.57649E-01
 ht1          -3.3358       0.26303    
 ht2           1.9647       0.10730    
 ht3          -2.0718       0.18707E-01
 ht4           0.0000        0.0000    
 dummy40       0.0000        0.0000    
 dummy41       0.0000        0.0000    
 dummy42       0.0000        0.0000    
 dummy43       0.0000        0.0000    
 dummy44       0.0000        0.0000    
 dummy45       0.0000        0.0000    
 dummy46       0.0000        0.0000    
 dummy47       0.0000        0.0000    
 dummy48       0.0000        0.0000    
 dummy49       0.0000        0.0000    
 bcdmsh2      0.97257       0.48200E-02
 bcdmsd2      0.99259       0.58283E-02
 ccfr          1.0000        0.0000    
 nutev         1.0000        0.0000    
 zeus         0.97998        0.0000    
 h1            1.0162        0.0000    
 e605          1.0319        0.0000    
 NmcH2         1.0090       0.71197E-02
 ntv_nu        1.0000        0.0000    
 ntv_nubar     1.0000        0.0000    
 cdf_jet      0.98910        0.0000    
 d0_jet       0.83504        0.0000    
 slac_p        1.0051       0.48133E-02
 slac_d        1.0042       0.52749E-02
 e866pp       0.96509       0.19254E-01
 e866pd       0.96236       0.15795E-01
 d0_gamjet     1.0388       0.16480E-01
 h1b          0.97608        0.0000    
 jlab_p       0.99451       0.57895E-02
 jlab_d       0.97558       0.59034E-02
 blank         1.0000        0.0000    
 d0run2       0.94112       0.14117E-01
 cdfrun2      0.92701       0.17224E-01
 HERA_el       1.0000        0.0000    
 HERA_ps       1.0000        0.0000    
 CDF_Z        0.96498       0.65080E-02
 NmcRat        1.0000        0.0000    
 BNS_F2nd     0.98329       0.69282E-02
 HERMES_F2p   0.99825       0.55664E-02
 HERMES_F2d   0.98022       0.58206E-02
 END 0. 0.

 # Hessian matrix (Bevington alpha)
   0.48953414486040E+07 -0.12883744839570E+07  0.23301776205869E+06  0.47990986862018E+06 -0.12647315178795E+06 -0.22420330452029E+05  0.56082087962430E+05  0.90451878067387E+06 -0.17390923266534E+06 -0.48463942693918E+05  0.74133546142723E+04  0.15568788799588E+05  0.17651917063073E+04 -0.11069063924828E+03  0.74650260572983E+04 -0.19067005887628E+04  0.10429948077576E+05  0.75040516284726E+04 -0.75598098746070E+07 -0.13929056975329E+04 -0.20981611006976E+06  0.56105239103568E+05  0.17606668287673E+06  0.74017381454587E+06 -0.12714348432053E+06 -0.53942168652709E+05 -0.43997395669047E+04 -0.83824192041823E+06 -0.10853161815229E+07 -0.20599700061302E+05 -0.46439020454037E+05 -0.30801426789620E+04 -0.19846732690867E+06 -0.22401013756523E+06 -0.90882019535933E+04 -0.32187500952733E+04 -0.15055834636220E+05  0.16602300046550E+05 -0.70671637555818E+05 -0.55791173969877E+05
  -0.12883744839570E+07  0.41311056659596E+06 -0.63400051433969E+05 -0.13494618598118E+06  0.35290733969847E+05  0.86471163290988E+04 -0.12464094154531E+05 -0.12169639427462E+06  0.26472830508362E+05  0.75019056421072E+04 -0.94248508879839E+03 -0.12565202013879E+04 -0.14742415985461E+03  0.13349157023976E+02  0.68154497724610E+03 -0.54876321801072E+02  0.18939820579923E+03  0.10584155351370E+03  0.25923859644020E+07  0.56332552837700E+03  0.59897189868545E+05 -0.12393225843367E+05 -0.42392782526081E+05 -0.20388923642344E+06  0.16588378984893E+05  0.82035742150364E+04 -0.24008773847947E+03  0.20916516828304E+06  0.26329728788417E+06  0.58083871445331E+04  0.13242566217174E+05  0.42066176769912E+03  0.63432090992996E+05  0.71013579348950E+05  0.24616004295663E+04  0.78175311868596E+03 -0.23619751492478E+04 -0.22389889192240E+04  0.85406128418387E+04  0.71674880492990E+04
   0.23301776205869E+06 -0.63400051433969E+05  0.11214660976268E+05  0.23084708494892E+05 -0.61768715270261E+04 -0.13087858185561E+04  0.26138662262763E+04  0.31576842980604E+05 -0.59215255558438E+04 -0.19965495856879E+04  0.26285889319575E+03  0.48617334632197E+03  0.63884287326393E+02 -0.49901753493196E+01 -0.39515559550202E+03  0.50188052273502E+00 -0.18709044134734E+03 -0.27782338177688E+02 -0.37591946104517E+06 -0.71341132807462E+02 -0.10149745665778E+05  0.25997217602141E+04  0.81760258259591E+04  0.35419195024646E+05 -0.55372650936058E+04 -0.23634531163982E+04  0.50738521284548E+02 -0.38903505124959E+05 -0.50545419525388E+05 -0.10022395018873E+04 -0.22693760994415E+04 -0.11849634547297E+03 -0.98891431949034E+04 -0.11128814292054E+05 -0.43352054760530E+03 -0.15093667793507E+03  0.50169278367877E+02  0.72432673265809E+03 -0.25602437711939E+04 -0.20771589776153E+04
   0.47990986862018E+06 -0.13494618598118E+06  0.23084708494892E+05  0.39494951734912E+06 -0.62502173912796E+05  0.76937044426875E+05  0.65572745737367E+05  0.34533070947365E+06 -0.25282198511536E+05 -0.18304784191039E+05  0.33744239137526E+04 -0.13796961602789E+04 -0.15655432677631E+03  0.57855377300275E+02  0.30566690749188E+05 -0.36998794768605E+04  0.26964956665385E+05  0.15089147995255E+05 -0.22496753070032E+07 -0.20841629988473E+03 -0.61301287993895E+05  0.20088833819899E+05  0.55660498362331E+05  0.23868158638886E+06 -0.12772701678269E+05 -0.21152133378358E+05 -0.62344693976913E+02 -0.65647437348913E+05 -0.34050730184520E+06 -0.14113515446482E+04 -0.24895856430042E+04 -0.73322608459808E+02 -0.11724754693047E+05 -0.52601760455794E+05 -0.25043734098695E+04 -0.97734899413003E+03 -0.94732254341281E+04 -0.15672260209486E+05 -0.71843524014471E+04 -0.21276363596101E+05
  -0.12647315178795E+06  0.35290733969847E+05 -0.61768715270261E+04 -0.62502173912796E+05  0.11764781858030E+05 -0.80398543101564E+04 -0.95854494990956E+04 -0.32382029305629E+05  0.35640244397550E+03  0.24028987348352E+04 -0.34422784996396E+03 -0.39826868757980E+02  0.46205926357326E+01 -0.51866532986444E+01 -0.26033146080064E+04  0.32029021368947E+03 -0.22426078995025E+04 -0.12721648382174E+04  0.49835455679786E+06  0.67221037564707E+02  0.12800608356182E+05 -0.37884514186238E+04 -0.10484764617948E+05 -0.47846936155525E+05  0.20016105150635E+04  0.33752136617258E+04 -0.56798304117751E+02  0.11976574638960E+05  0.63195265588578E+05  0.33985670071475E+03  0.57984358975507E+03  0.94740585726917E+01  0.29880624415693E+04  0.13192146485283E+05  0.48271387586493E+03  0.17895419625991E+03  0.33267629124323E+03  0.24954305992495E+04  0.81957020174089E+03  0.25194958567036E+04
  -0.22420330452029E+05  0.86471163290988E+04 -0.13087858185561E+04  0.76937044426875E+05 -0.80398543101564E+04  0.25059404185204E+05  0.15219282545399E+05  0.10623788794473E+06 -0.94161429628044E+04 -0.46809859010330E+04  0.10204737956862E+04 -0.71816386516151E+03 -0.70254868945413E+02  0.19866704774146E+02  0.94285479734251E+04 -0.11717739622970E+04  0.84560308629500E+04  0.47987807932619E+04 -0.71531111802680E+05  0.53628960639424E+02 -0.46679343575444E+04  0.25291002858747E+04  0.69320562783605E+04  0.22108008667773E+05 -0.28658592023273E+04 -0.43976556416494E+04  0.15892641573286E+03 -0.90287293899843E+04 -0.44709217381635E+05 -0.38767737176552E+01 -0.36752819985578E+02 -0.19762727557117E+02  0.33524781058702E+03  0.11267190938917E+04 -0.27848618392948E+03 -0.14001607859297E+03 -0.30688944066934E+04 -0.34332353706809E+04 -0.18752256429424E+04 -0.54101954963810E+04
   0.56082087962430E+05 -0.12464094154531E+05  0.26138662262763E+04  0.65572745737367E+05 -0.95854494990956E+04  0.15219282545399E+05  0.11908115770664E+05  0.58941487114460E+05 -0.29952306412450E+04 -0.33368529130706E+04  0.59685708557523E+03 -0.21913256252190E+03 -0.27760861627881E+02  0.10424704128507E+02  0.48632941567999E+04 -0.61305883591315E+03  0.42512432830796E+04  0.24432633692942E+04 -0.25840081404374E+06 -0.11839587792170E+01 -0.85298080600115E+04  0.31459280441642E+04  0.85578392057978E+04  0.33905244635528E+05 -0.25328634604935E+04 -0.39723987040795E+04  0.13918910215822E+03 -0.10225060616742E+05 -0.53396532181212E+05 -0.17347147631290E+03 -0.29618994412022E+03 -0.13844411569912E+02 -0.10872298957302E+04 -0.50399904029222E+04 -0.37927307863532E+03 -0.15968900275752E+03 -0.12886205650427E+04 -0.32031718163101E+04 -0.11623719708203E+04 -0.34654172369716E+04
   0.90451878067387E+06 -0.12169639427462E+06  0.31576842980604E+05  0.34533070947365E+06 -0.32382029305629E+05  0.10623788794473E+06  0.58941487114460E+05  0.49579794335614E+07 -0.23070294954861E+07 -0.85040761274916E+05  0.25909488591720E+05  0.27084579461397E+05  0.18122914974124E+04  0.10182653466468E+03  0.82029572360918E+05 -0.10426419693321E+05  0.83237664621556E+05  0.44903966572133E+05 -0.58254499261486E+06  0.37451243025169E+03 -0.27865104036807E+05  0.27846035914809E+05  0.86904869804337E+05  0.24412254052933E+06 -0.60473454350592E+05 -0.48646811108811E+05 -0.66722699319376E+05 -0.28077181593164E+06 -0.55758146241665E+06 -0.72585366218630E+05 -0.16238364444034E+06 -0.13253166706767E+04 -0.57351866363031E+04 -0.11258362965897E+05  0.82861951983096E+02  0.17537757697594E+03 -0.26175469728358E+06 -0.86164839139359E+04 -0.13665066372419E+06 -0.16998173104226E+06
  -0.17390923266534E+06  0.26472830508362E+05 -0.59215255558438E+04 -0.25282198511536E+05  0.35640244397550E+03 -0.94161429628044E+04 -0.29952306412450E+04 -0.23070294954861E+07  0.19269319577858E+07  0.18934263180133E+05 -0.65221297870248E+04 -0.58232785539941E+04 -0.31959359367311E+03 -0.13933871400428E+02  0.50145906757460E+05 -0.23726404569291E+04  0.17063175039039E+05  0.82791655229156E+04 -0.26984181219240E+05 -0.91921791944037E+02  0.70576414786928E+03 -0.56135360179663E+04 -0.18575995553805E+05 -0.46740752840566E+05  0.11429018360502E+05  0.10828876375603E+05  0.24073000563724E+05  0.65459661082230E+05  0.12582787804381E+06  0.23160178704823E+05  0.51918078257332E+05  0.17795394840516E+03  0.61912515630749E+03  0.12506386186709E+04 -0.12032084339662E+04 -0.67310741019772E+03  0.11151633763532E+06  0.15853310326006E+04  0.44135282827811E+05  0.54356491311743E+05
  -0.48463942693918E+05  0.75019056421072E+04 -0.19965495856879E+04 -0.18304784191039E+05  0.24028987348352E+04 -0.46809859010330E+04 -0.33368529130706E+04 -0.85040761274916E+05  0.18934263180133E+05  0.26408451742287E+04 -0.64224178265912E+03 -0.69814229158632E+03 -0.61401383015621E+02 -0.19355010050292E+01 -0.39742282629467E+04  0.48149242095852E+03 -0.35384879637216E+04 -0.19932447022594E+04  0.58132329926090E+05 -0.89243718607387E+01  0.24709821952712E+04 -0.12812854096884E+04 -0.37265672901153E+04 -0.12119617784104E+05  0.27363644908791E+04  0.18962649213874E+04  0.72669712708832E+03  0.10943153070012E+05  0.22912280182346E+05  0.15305304089905E+04  0.33530540216116E+04  0.43013545369883E+02  0.58036398546039E+03  0.11008060539768E+04  0.13480855026763E+03  0.60139562359076E+02  0.30839170443860E+04  0.44141418449091E+03  0.27823384552125E+04  0.35461780871321E+04
   0.74133546142723E+04 -0.94248508879839E+03  0.26285889319575E+03  0.33744239137526E+04 -0.34422784996396E+03  0.10204737956862E+04  0.59685708557523E+03  0.25909488591720E+05 -0.65221297870248E+04 -0.64224178265912E+03  0.18198666725129E+03  0.20750561759161E+03  0.15063136638751E+02  0.74603279627979E+00  0.12676571425822E+04 -0.13970586274821E+03  0.10810161486149E+04  0.58683381834817E+03 -0.66390498191200E+04  0.27776754565307E+01 -0.28655623180394E+03  0.21903393838538E+03  0.66945100136807E+03  0.19496479754995E+04 -0.48850046640197E+03 -0.36882297826188E+03 -0.34203206778498E+03 -0.20876243681815E+04 -0.41989982288087E+04 -0.44577670826186E+03 -0.99742555203750E+03 -0.11185803911236E+02 -0.50182105180626E+02 -0.98311656435721E+02 -0.15365681056049E+02 -0.72414090015478E+01 -0.11616813784605E+04 -0.69626908632217E+02 -0.83705796245251E+03 -0.10495249330624E+04
   0.15568788799588E+05 -0.12565202013879E+04  0.48617334632197E+03 -0.13796961602789E+04 -0.39826868757980E+02 -0.71816386516151E+03 -0.21913256252190E+03  0.27084579461397E+05 -0.58232785539941E+04 -0.69814229158632E+03  0.20750561759161E+03  0.18107060410721E+04  0.11817735895679E+03 -0.10215237605816E+01  0.14859127655503E+04 -0.20450809214257E+03  0.16088783021771E+04  0.91919700108073E+03 -0.68574056143945E+04 -0.50882115105510E+01 -0.11886346978089E+03 -0.10359062299846E+02  0.13391678575290E+03 -0.89575917135887E+03 -0.11733004382131E+04  0.32409934400995E-10 -0.76375840734665E+03 -0.52184830555000E+04  0.29658089791805E-09 -0.25145837907201E+04 -0.75469229825321E+02 -0.82883813078106E+02 -0.22857227995266E+00 -0.66029566075033E-11 -0.18326928892355E+01 -0.78845548880766E+00  0.29881481801452E+03  0.32404228070355E+03 -0.28537112647763E+04 -0.32403943353581E-10
   0.17651917063073E+04 -0.14742415985461E+03  0.63884287326393E+02 -0.15655432677631E+03  0.46205926357326E+01 -0.70254868945413E+02 -0.27760861627881E+02  0.18122914974124E+04 -0.31959359367311E+03 -0.61401383015621E+02  0.15063136638751E+02  0.11817735895679E+03  0.10605117691211E+02 -0.18219627022059E+00  0.80647621772138E+02 -0.13437778330388E+02  0.95800755382424E+02  0.59376359752026E+02 -0.32467520456820E+03 -0.43382116592818E+00  0.64067503884718E+01  0.81074099757495E+00  0.17896930804713E+02 -0.91646940204250E+02 -0.17368122476787E+03 -0.99458982458967E-12 -0.29470198771354E+02 -0.61510171568022E+03 -0.49230087612868E-10 -0.15655465357695E+03 -0.19955299558172E+02 -0.66644606246446E+01 -0.16478013061573E+00 -0.59710371454651E-11 -0.19327830521334E+00 -0.75190058116002E-01  0.29845239731849E+02  0.72786312943007E+02 -0.20447728292777E+03 -0.88271129171429E-11
  -0.11069063924828E+03  0.13349157023976E+02 -0.49901753493196E+01  0.57855377300275E+02 -0.51866532986444E+01  0.19866704774146E+02  0.10424704128507E+02  0.10182653466468E+03 -0.13933871400428E+02 -0.19355010050292E+01  0.74603279627979E+00 -0.10215237605816E+01 -0.18219627022059E+00  0.55388174482167E-01  0.15168842909681E+02 -0.11736749867898E+01  0.96827835685372E+01  0.45851258334702E+01 -0.84899726784057E+02  0.26585298741222E-01 -0.45708342840892E+01  0.56489604984918E+00  0.14314307306327E+01  0.74797709295513E+01  0.71953807811493E-01  0.95390873111349E-13 -0.64324410550855E+01 -0.88983813728926E+00  0.77395736759082E-12 -0.36832317106566E+01 -0.23425868119053E-04 -0.14973797347524E+00  0.62403329886687E-12 -0.26320375846431E-12 -0.18283037318192E-02 -0.10046602834969E-02 -0.16400277499590E+01  0.71790160490395E-04 -0.34543260665137E+01  0.40368582059643E-12
   0.74650260572983E+04  0.68154497724610E+03 -0.39515559550202E+03  0.30566690749188E+05 -0.26033146080064E+04  0.94285479734251E+04  0.48632941567999E+04  0.82029572360918E+05  0.50145906757460E+05 -0.39742282629467E+04  0.12676571425822E+04  0.14859127655503E+04  0.80647621772138E+02  0.15168842909681E+02  0.48840770019600E+05 -0.44876937212586E+04  0.35133923980997E+05  0.18284339572769E+05 -0.55598199904023E+05  0.21755089829614E+01  0.75508938069641E+03 -0.20221431937790E+03 -0.58801654471220E+03 -0.14363347856214E+04 -0.26097381087747E+04 -0.17156070118385E+04 -0.24559130107282E+04  0.19739900083281E+04  0.42144230917868E+04 -0.15257228034950E+04 -0.29706881867800E+04 -0.71601241085013E+03  0.23842188740764E+03  0.42640769634888E+03 -0.28232001025463E+04 -0.15036943991767E+04 -0.24649298520656E+04  0.18159122323421E+03 -0.84005858393749E+03 -0.94665016677794E+03
  -0.19067005887628E+04 -0.54876321801072E+02  0.50188052273502E+00 -0.36998794768605E+04  0.32029021368947E+03 -0.11717739622970E+04 -0.61305883591315E+03 -0.10426419693321E+05 -0.23726404569291E+04  0.48149242095852E+03 -0.13970586274821E+03 -0.20450809214257E+03 -0.13437778330388E+02 -0.11736749867898E+01 -0.44876937212586E+04  0.48096200812746E+03 -0.37021283976321E+04 -0.20032966987746E+04  0.65065880122663E+04 -0.86905936144780E+00 -0.11106029408686E+03  0.20512501821231E+02  0.51890841121170E+02  0.15131011264794E+03  0.48135507103448E+03  0.30191200592749E+03  0.28180431569915E+03 -0.16000122978297E+03 -0.47523353777288E+03  0.15714887194429E+03  0.30502175088226E+03  0.78547664438878E+02 -0.63989236256432E+02 -0.11292645382492E+03  0.42856415807194E+03  0.21221284543653E+03 -0.28890938677021E+03 -0.32585210903457E+02  0.24058584983971E+03  0.26965888481040E+03
   0.10429948077576E+05  0.18939820579923E+03 -0.18709044134734E+03  0.26964956665385E+05 -0.22426078995025E+04  0.84560308629500E+04  0.42512432830796E+04  0.83237664621556E+05  0.17063175039039E+05 -0.35384879637216E+04  0.10810161486149E+04  0.16088783021771E+04  0.95800755382424E+02  0.96827835685372E+01  0.35133923980997E+05 -0.37021283976321E+04  0.28945912797145E+05  0.15515743253549E+05 -0.49182912001303E+05  0.10667694131143E+01  0.80692813447605E+03 -0.24393252105787E+03 -0.66760217322041E+03 -0.15814683782006E+04 -0.26652031686926E+04 -0.17148880653448E+04 -0.24638173225991E+04  0.20828273253502E+04  0.44752640332367E+04 -0.12771254832871E+04 -0.24971610112594E+04 -0.60820098441276E+03  0.84945888968260E+02  0.16513906380518E+03 -0.26465469059805E+04 -0.14214105598341E+04  0.13293071116492E+04  0.22541837859683E+03 -0.16542204366697E+04 -0.18383964264806E+04
   0.75040516284726E+04  0.10584155351370E+03 -0.27782338177688E+02  0.15089147995255E+05 -0.12721648382174E+04  0.47987807932619E+04  0.24432633692942E+04  0.44903966572133E+05  0.82791655229156E+04 -0.19932447022594E+04  0.58683381834817E+03  0.91919700108073E+03  0.59376359752026E+02  0.45851258334702E+01  0.18284339572769E+05 -0.20032966987746E+04  0.15515743253549E+05  0.84261265661952E+04 -0.27333745625427E+05  0.19480114549020E+01  0.48751963130843E+03 -0.12867485069022E+03 -0.33024390658938E+03 -0.83066041804415E+03 -0.18529185171018E+04 -0.11607618051832E+04 -0.12375844505018E+04  0.96957427432136E+03  0.24375949183426E+04 -0.64684826884177E+03 -0.12659161908321E+04 -0.33416774984172E+03  0.11133589175276E+03  0.20602550254713E+03 -0.16953538724976E+04 -0.87502347455073E+03  0.14279820895815E+04  0.15622548724863E+03 -0.11378987054677E+04 -0.12654244290636E+04
  -0.75598098746070E+07  0.25923859644020E+07 -0.37591946104517E+06 -0.22496753070032E+07  0.49835455679786E+06 -0.71531111802680E+05 -0.25840081404374E+06 -0.58254499261486E+06 -0.26984181219240E+05  0.58132329926090E+05 -0.66390498191200E+04 -0.68574056143945E+04 -0.32467520456820E+03 -0.84899726784057E+02 -0.55598199904023E+05  0.65065880122663E+04 -0.49182912001303E+05 -0.27333745625427E+05  0.33724790162329E+08  0.65767360668682E+04  0.67735979807884E+06 -0.16602850944993E+06 -0.49482181648139E+06 -0.25042354296611E+07  0.34318962830281E+05  0.76315083534264E+05 -0.12020895952912E+04  0.57024733715524E+06  0.27814844307144E+07  0.17866941530274E+05  0.31864161485920E+05  0.22964763713766E+03  0.18533606910130E+06  0.80953135590918E+06  0.24954750201721E+05  0.78764293571978E+04 -0.18960164775576E+05  0.44657247316689E+05  0.20778701221534E+05  0.64000250663305E+05
  -0.13929056975329E+04  0.56332552837700E+03 -0.71341132807462E+02 -0.20841629988473E+03  0.67221037564707E+02  0.53628960639424E+02 -0.11839587792170E+01  0.37451243025169E+03 -0.91921791944037E+02 -0.89243718607387E+01  0.27776754565307E+01 -0.50882115105510E+01 -0.43382116592818E+00  0.26585298741222E-01  0.21755089829614E+01 -0.86905936144780E+00  0.10667694131143E+01  0.19480114549020E+01  0.65767360668682E+04  0.23739687348219E+01  0.13936807453751E+03 -0.27397117447891E+02 -0.83335050194293E+02 -0.49930202621029E+03  0.00000000000000E+00 -0.25945627933473E+02  0.00000000000000E+00  0.00000000000000E+00  0.41021322873930E+03  0.00000000000000E+00 -0.72249918629657E+01  0.00000000000000E+00  0.00000000000000E+00  0.21724135163043E+03  0.00000000000000E+00  0.00000000000000E+00  0.00000000000000E+00  0.11944063589933E+02  0.00000000000000E+00 -0.27173740967792E+02
  -0.20981611006976E+06  0.59897189868545E+05 -0.10149745665778E+05 -0.61301287993895E+05  0.12800608356182E+05 -0.46679343575444E+04 -0.85298080600115E+04 -0.27865104036807E+05  0.70576414786928E+03  0.24709821952712E+04 -0.28655623180394E+03 -0.11886346978089E+03  0.64067503884718E+01 -0.45708342840892E+01  0.75508938069641E+03 -0.11106029408686E+03  0.80692813447605E+03  0.48751963130843E+03  0.67735979807884E+06  0.13936807453751E+03  0.25954399633211E+05 -0.76071140018298E+04 -0.20847454342448E+05 -0.98877005477376E+05  0.00000000000000E+00  0.50260606253644E+04  0.00000000000000E+00  0.00000000000000E+00  0.11463205374749E+06  0.00000000000000E+00 -0.11442267927065E+04  0.00000000000000E+00  0.00000000000000E+00  0.22855345823964E+05  0.00000000000000E+00  0.00000000000000E+00  0.00000000000000E+00 -0.41825028123420E+04  0.00000000000000E+00  0.41303881325530E+04
   0.56105239103568E+05 -0.12393225843367E+05  0.25997217602141E+04  0.20088833819899E+05 -0.37884514186238E+04  0.25291002858747E+04  0.31459280441642E+04  0.27846035914809E+05 -0.56135360179663E+04 -0.12812854096884E+04  0.21903393838538E+03 -0.10359062299846E+02  0.81074099757495E+00  0.56489604984918E+00 -0.20221431937790E+03  0.20512501821231E+02 -0.24393252105787E+03 -0.12867485069022E+03 -0.16602850944993E+06 -0.27397117447891E+02 -0.76071140018298E+04  0.27552491761596E+04  0.73226090393317E+04  0.32022782103882E+05 -0.50365830569839E+02 -0.20902186371910E+04  0.28523354528421E+01  0.60234702302697E+03 -0.41466764349766E+05  0.00000000000000E+00 -0.15827036967323E+03  0.00000000000000E+00  0.22654943494444E+04 -0.48282089301296E+04  0.00000000000000E+00  0.00000000000000E+00  0.00000000000000E+00  0.14940268420797E+04 -0.37093696584423E+03 -0.27626505101604E+04
   0.17606668287673E+06 -0.42392782526081E+05  0.81760258259591E+04  0.55660498362331E+05 -0.10484764617948E+05  0.69320562783605E+04  0.85578392057978E+04  0.86904869804337E+05 -0.18575995553805E+05 -0.37265672901153E+04  0.66945100136807E+03  0.13391678575290E+03  0.17896930804713E+02  0.14314307306327E+01 -0.58801654471220E+03  0.51890841121170E+02 -0.66760217322041E+03 -0.33024390658938E+03 -0.49482181648139E+06 -0.83335050194293E+02 -0.20847454342448E+05  0.73226090393317E+04  0.20079029444277E+05  0.86672842329427E+05 -0.15849678878813E+03 -0.52114173271318E+04 -0.41904589844989E+02 -0.63335148092121E+04 -0.11399108181934E+06  0.00000000000000E+00 -0.39193121475237E+03  0.00000000000000E+00  0.31803207192603E+04 -0.15114579417000E+05  0.00000000000000E+00  0.00000000000000E+00  0.00000000000000E+00  0.37249161802345E+04 -0.20542893104854E+04 -0.80164501785937E+04
   0.74017381454587E+06 -0.20388923642344E+06  0.35419195024646E+05  0.23868158638886E+06 -0.47846936155525E+05  0.22108008667773E+05  0.33905244635528E+05  0.24412254052933E+06 -0.46740752840566E+05 -0.12119617784104E+05  0.19496479754995E+04 -0.89575917135887E+03 -0.91646940204250E+02  0.74797709295513E+01 -0.14363347856214E+04  0.15131011264794E+03 -0.15814683782006E+04 -0.83066041804415E+03 -0.25042354296611E+07 -0.49930202621029E+03 -0.98877005477376E+05  0.32022782103882E+05  0.86672842329427E+05  0.40761020527741E+06  0.24872937819623E+03 -0.26877567392826E+05 -0.60498209272426E+01  0.37548523269059E+05 -0.48202710040228E+06  0.00000000000000E+00 -0.20739562067850E+04  0.00000000000000E+00  0.16016487699270E+05 -0.80013082503257E+05  0.00000000000000E+00  0.00000000000000E+00  0.00000000000000E+00  0.19844345880426E+05  0.15415896140149E+04 -0.29520152636639E+05
  -0.12714348432053E+06  0.16588378984893E+05 -0.55372650936058E+04 -0.12772701678269E+05  0.20016105150635E+04 -0.28658592023273E+04 -0.25328634604935E+04 -0.60473454350592E+05  0.11429018360502E+05  0.27363644908791E+04 -0.48850046640197E+03 -0.11733004382131E+04 -0.17368122476787E+03  0.71953807811493E-01 -0.26097381087747E+04  0.48135507103448E+03 -0.26652031686926E+04 -0.18529185171018E+04  0.34318962830281E+05  0.00000000000000E+00  0.00000000000000E+00 -0.50365830569839E+02 -0.15849678878813E+03  0.24872937819623E+03  0.11636868860519E+06  0.00000000000000E+00  0.00000000000000E+00  0.00000000000000E+00  0.00000000000000E+00  0.00000000000000E+00  0.00000000000000E+00  0.00000000000000E+00  0.00000000000000E+00  0.00000000000000E+00  0.00000000000000E+00  0.00000000000000E+00  0.00000000000000E+00  0.00000000000000E+00  0.00000000000000E+00  0.00000000000000E+00
  -0.53942168652709E+05  0.82035742150364E+04 -0.23634531163982E+04 -0.21152133378358E+05  0.33752136617258E+04 -0.43976556416494E+04 -0.39723987040795E+04 -0.48646811108811E+05  0.10828876375603E+05  0.18962649213874E+04 -0.36882297826188E+03  0.32409934400995E-10 -0.99458982458967E-12  0.95390873111349E-13 -0.17156070118385E+04  0.30191200592749E+03 -0.17148880653448E+04 -0.11607618051832E+04  0.76315083534264E+05 -0.25945627933473E+02  0.50260606253644E+04 -0.20902186371910E+04 -0.52114173271318E+04 -0.26877567392826E+05  0.00000000000000E+00  0.64635844707253E+05  0.00000000000000E+00  0.00000000000000E+00  0.00000000000000E+00  0.00000000000000E+00  0.00000000000000E+00  0.00000000000000E+00  0.00000000000000E+00  0.00000000000000E+00  0.00000000000000E+00  0.00000000000000E+00  0.00000000000000E+00  0.00000000000000E+00  0.00000000000000E+00  0.00000000000000E+00
  -0.43997395669047E+04 -0.24008773847947E+03  0.50738521284548E+02 -0.62344693976913E+02 -0.56798304117751E+02  0.15892641573286E+03  0.13918910215822E+03 -0.66722699319376E+05  0.24073000563724E+05  0.72669712708832E+03 -0.34203206778498E+03 -0.76375840734665E+03 -0.29470198771354E+02 -0.64324410550855E+01 -0.24559130107282E+04  0.28180431569915E+03 -0.24638173225991E+04 -0.12375844505018E+04 -0.12020895952912E+04  0.00000000000000E+00  0.00000000000000E+00  0.28523354528421E+01 -0.41904589844989E+02 -0.60498209272426E+01  0.00000000000000E+00  0.00000000000000E+00  0.30677764573022E+05  0.00000000000000E+00  0.00000000000000E+00  0.00000000000000E+00  0.00000000000000E+00  0.00000000000000E+00  0.00000000000000E+00  0.00000000000000E+00  0.00000000000000E+00  0.00000000000000E+00  0.00000000000000E+00  0.00000000000000E+00  0.00000000000000E+00  0.00000000000000E+00
  -0.83824192041823E+06  0.20916516828304E+06 -0.38903505124959E+05 -0.65647437348913E+05  0.11976574638960E+05 -0.90287293899843E+04 -0.10225060616742E+05 -0.28077181593164E+06  0.65459661082230E+05  0.10943153070012E+05 -0.20876243681815E+04 -0.52184830555000E+04 -0.61510171568022E+03 -0.88983813728926E+00  0.19739900083281E+04 -0.16000122978297E+03  0.20828273253502E+04  0.96957427432136E+03  0.57024733715524E+06  0.00000000000000E+00  0.00000000000000E+00  0.60234702302697E+03 -0.63335148092121E+04  0.37548523269059E+05  0.00000000000000E+00  0.00000000000000E+00  0.00000000000000E+00  0.57721850299028E+06  0.00000000000000E+00  0.00000000000000E+00  0.00000000000000E+00  0.00000000000000E+00  0.00000000000000E+00  0.00000000000000E+00  0.00000000000000E+00  0.00000000000000E+00  0.00000000000000E+00  0.00000000000000E+00  0.00000000000000E+00  0.00000000000000E+00
  -0.10853161815229E+07  0.26329728788417E+06 -0.50545419525388E+05 -0.34050730184520E+06  0.63195265588578E+05 -0.44709217381635E+05 -0.53396532181212E+05 -0.55758146241665E+06  0.12582787804381E+06  0.22912280182346E+05 -0.41989982288087E+04  0.29658089791805E-09 -0.49230087612868E-10  0.77395736759082E-12  0.42144230917868E+04 -0.47523353777288E+03  0.44752640332367E+04  0.24375949183426E+04  0.27814844307144E+07  0.41021322873930E+03  0.11463205374749E+06 -0.41466764349766E+05 -0.11399108181934E+06 -0.48202710040228E+06  0.00000000000000E+00  0.00000000000000E+00  0.00000000000000E+00  0.00000000000000E+00  0.91745492987931E+06  0.00000000000000E+00  0.00000000000000E+00  0.00000000000000E+00  0.00000000000000E+00  0.00000000000000E+00  0.00000000000000E+00  0.00000000000000E+00  0.00000000000000E+00  0.00000000000000E+00  0.00000000000000E+00  0.00000000000000E+00
  -0.20599700061302E+05  0.58083871445331E+04 -0.10022395018873E+04 -0.14113515446482E+04  0.33985670071475E+03 -0.38767737176552E+01 -0.17347147631290E+03 -0.72585366218630E+05  0.23160178704823E+05  0.15305304089905E+04 -0.44577670826186E+03 -0.25145837907201E+04 -0.15655465357695E+03 -0.36832317106566E+01 -0.15257228034950E+04  0.15714887194429E+03 -0.12771254832871E+04 -0.64684826884177E+03  0.17866941530274E+05  0.00000000000000E+00  0.00000000000000E+00  0.00000000000000E+00  0.00000000000000E+00  0.00000000000000E+00  0.00000000000000E+00  0.00000000000000E+00  0.00000000000000E+00  0.00000000000000E+00  0.00000000000000E+00  0.14785310590297E+05  0.00000000000000E+00  0.00000000000000E+00  0.00000000000000E+00  0.00000000000000E+00  0.00000000000000E+00  0.00000000000000E+00  0.00000000000000E+00  0.00000000000000E+00  0.00000000000000E+00  0.00000000000000E+00
  -0.46439020454037E+05  0.13242566217174E+05 -0.22693760994415E+04 -0.24895856430042E+04  0.57984358975507E+03 -0.36752819985578E+02 -0.29618994412022E+03 -0.16238364444034E+06  0.51918078257332E+05  0.33530540216116E+04 -0.99742555203750E+03 -0.75469229825321E+02 -0.19955299558172E+02 -0.23425868119053E-04 -0.29706881867800E+04  0.30502175088226E+03 -0.24971610112594E+04 -0.12659161908321E+04  0.31864161485920E+05 -0.72249918629657E+01 -0.11442267927065E+04 -0.15827036967323E+03 -0.39193121475237E+03 -0.20739562067850E+04  0.00000000000000E+00  0.00000000000000E+00  0.00000000000000E+00  0.00000000000000E+00  0.00000000000000E+00  0.00000000000000E+00  0.31876412263210E+05  0.00000000000000E+00  0.00000000000000E+00  0.00000000000000E+00  0.00000000000000E+00  0.00000000000000E+00  0.00000000000000E+00  0.00000000000000E+00  0.00000000000000E+00  0.00000000000000E+00
  -0.30801426789620E+04  0.42066176769912E+03 -0.11849634547297E+03 -0.73322608459808E+02  0.94740585726917E+01 -0.19762727557117E+02 -0.13844411569912E+02 -0.13253166706767E+04  0.17795394840516E+03  0.43013545369883E+02 -0.11185803911236E+02 -0.82883813078106E+02 -0.66644606246446E+01 -0.14973797347524E+00 -0.71601241085013E+03  0.78547664438878E+02 -0.60820098441276E+03 -0.33416774984172E+03  0.22964763713766E+03  0.00000000000000E+00  0.00000000000000E+00  0.00000000000000E+00  0.00000000000000E+00  0.00000000000000E+00  0.00000000000000E+00  0.00000000000000E+00  0.00000000000000E+00  0.00000000000000E+00  0.00000000000000E+00  0.00000000000000E+00  0.00000000000000E+00  0.37867707073767E+04  0.00000000000000E+00  0.00000000000000E+00  0.00000000000000E+00  0.00000000000000E+00  0.00000000000000E+00  0.00000000000000E+00  0.00000000000000E+00  0.00000000000000E+00
  -0.19846732690867E+06  0.63432090992996E+05 -0.98891431949034E+04 -0.11724754693047E+05  0.29880624415693E+04  0.33524781058702E+03 -0.10872298957302E+04 -0.57351866363031E+04  0.61912515630749E+03  0.58036398546039E+03 -0.50182105180626E+02 -0.22857227995266E+00 -0.16478013061573E+00  0.62403329886687E-12  0.23842188740764E+03 -0.63989236256432E+02  0.84945888968260E+02  0.11133589175276E+03  0.18533606910130E+06  0.00000000000000E+00  0.00000000000000E+00  0.22654943494444E+04  0.31803207192603E+04  0.16016487699270E+05  0.00000000000000E+00  0.00000000000000E+00  0.00000000000000E+00  0.00000000000000E+00  0.00000000000000E+00  0.00000000000000E+00  0.00000000000000E+00  0.00000000000000E+00  0.10549197436672E+06  0.00000000000000E+00  0.00000000000000E+00  0.00000000000000E+00  0.00000000000000E+00  0.00000000000000E+00  0.00000000000000E+00  0.00000000000000E+00
  -0.22401013756523E+06  0.71013579348950E+05 -0.11128814292054E+05 -0.52601760455794E+05  0.13192146485283E+05  0.11267190938917E+04 -0.50399904029222E+04 -0.11258362965897E+05  0.12506386186709E+04  0.11008060539768E+04 -0.98311656435721E+02 -0.66029566075033E-11 -0.59710371454651E-11 -0.26320375846431E-12  0.42640769634888E+03 -0.11292645382492E+03  0.16513906380518E+03  0.20602550254713E+03  0.80953135590918E+06  0.21724135163043E+03  0.22855345823964E+05 -0.48282089301296E+04 -0.15114579417000E+05 -0.80013082503257E+05  0.00000000000000E+00  0.00000000000000E+00  0.00000000000000E+00  0.00000000000000E+00  0.00000000000000E+00  0.00000000000000E+00  0.00000000000000E+00  0.00000000000000E+00  0.00000000000000E+00  0.13864736612316E+06  0.00000000000000E+00  0.00000000000000E+00  0.00000000000000E+00  0.00000000000000E+00  0.00000000000000E+00  0.00000000000000E+00
  -0.90882019535933E+04  0.24616004295663E+04 -0.43352054760530E+03 -0.25043734098695E+04  0.48271387586493E+03 -0.27848618392948E+03 -0.37927307863532E+03  0.82861951983096E+02 -0.12032084339662E+04  0.13480855026763E+03 -0.15365681056049E+02 -0.18326928892355E+01 -0.19327830521334E+00 -0.18283037318192E-02 -0.28232001025463E+04  0.42856415807194E+03 -0.26465469059805E+04 -0.16953538724976E+04  0.24954750201721E+05  0.00000000000000E+00  0.00000000000000E+00  0.00000000000000E+00  0.00000000000000E+00  0.00000000000000E+00  0.00000000000000E+00  0.00000000000000E+00  0.00000000000000E+00  0.00000000000000E+00  0.00000000000000E+00  0.00000000000000E+00  0.00000000000000E+00  0.00000000000000E+00  0.00000000000000E+00  0.00000000000000E+00  0.83041370168051E+04  0.00000000000000E+00  0.00000000000000E+00  0.00000000000000E+00  0.00000000000000E+00  0.00000000000000E+00
  -0.32187500952733E+04  0.78175311868596E+03 -0.15093667793507E+03 -0.97734899413003E+03  0.17895419625991E+03 -0.14001607859297E+03 -0.15968900275752E+03  0.17537757697594E+03 -0.67310741019772E+03  0.60139562359076E+02 -0.72414090015478E+01 -0.78845548880766E+00 -0.75190058116002E-01 -0.10046602834969E-02 -0.15036943991767E+04  0.21221284543653E+03 -0.14214105598341E+04 -0.87502347455073E+03  0.78764293571978E+04  0.00000000000000E+00  0.00000000000000E+00  0.00000000000000E+00  0.00000000000000E+00  0.00000000000000E+00  0.00000000000000E+00  0.00000000000000E+00  0.00000000000000E+00  0.00000000000000E+00  0.00000000000000E+00  0.00000000000000E+00  0.00000000000000E+00  0.00000000000000E+00  0.00000000000000E+00  0.00000000000000E+00  0.00000000000000E+00  0.42582418008981E+04  0.00000000000000E+00  0.00000000000000E+00  0.00000000000000E+00  0.00000000000000E+00
  -0.15055834636220E+05 -0.23619751492478E+04  0.50169278367877E+02 -0.94732254341281E+04  0.33267629124323E+03 -0.30688944066934E+04 -0.12886205650427E+04 -0.26175469728358E+06  0.11151633763532E+06  0.30839170443860E+04 -0.11616813784605E+04  0.29881481801452E+03  0.29845239731849E+02 -0.16400277499590E+01 -0.24649298520656E+04 -0.28890938677021E+03  0.13293071116492E+04  0.14279820895815E+04 -0.18960164775576E+05  0.00000000000000E+00  0.00000000000000E+00  0.00000000000000E+00  0.00000000000000E+00  0.00000000000000E+00  0.00000000000000E+00  0.00000000000000E+00  0.00000000000000E+00  0.00000000000000E+00  0.00000000000000E+00  0.00000000000000E+00  0.00000000000000E+00  0.00000000000000E+00  0.00000000000000E+00  0.00000000000000E+00  0.00000000000000E+00  0.00000000000000E+00  0.12404477087673E+06  0.00000000000000E+00  0.00000000000000E+00  0.00000000000000E+00
   0.16602300046550E+05 -0.22389889192240E+04  0.72432673265809E+03 -0.15672260209486E+05  0.24954305992495E+04 -0.34332353706809E+04 -0.32031718163101E+04 -0.86164839139359E+04  0.15853310326006E+04  0.44141418449091E+03 -0.69626908632217E+02  0.32404228070355E+03  0.72786312943007E+02  0.71790160490395E-04  0.18159122323421E+03 -0.32585210903457E+02  0.22541837859683E+03  0.15622548724863E+03  0.44657247316689E+05  0.11944063589933E+02 -0.41825028123420E+04  0.14940268420797E+04  0.37249161802345E+04  0.19844345880426E+05  0.00000000000000E+00  0.00000000000000E+00  0.00000000000000E+00  0.00000000000000E+00  0.00000000000000E+00  0.00000000000000E+00  0.00000000000000E+00  0.00000000000000E+00  0.00000000000000E+00  0.00000000000000E+00  0.00000000000000E+00  0.00000000000000E+00  0.00000000000000E+00  0.39255731062948E+05  0.00000000000000E+00  0.00000000000000E+00
  -0.70671637555818E+05  0.85406128418387E+04 -0.25602437711939E+04 -0.71843524014471E+04  0.81957020174089E+03 -0.18752256429424E+04 -0.11623719708203E+04 -0.13665066372419E+06  0.44135282827811E+05  0.27823384552125E+04 -0.83705796245251E+03 -0.28537112647763E+04 -0.20447728292777E+03 -0.34543260665137E+01 -0.84005858393749E+03  0.24058584983971E+03 -0.16542204366697E+04 -0.11378987054677E+04  0.20778701221534E+05  0.00000000000000E+00  0.00000000000000E+00 -0.37093696584423E+03 -0.20542893104854E+04  0.15415896140149E+04  0.00000000000000E+00  0.00000000000000E+00  0.00000000000000E+00  0.00000000000000E+00  0.00000000000000E+00  0.00000000000000E+00  0.00000000000000E+00  0.00000000000000E+00  0.00000000000000E+00  0.00000000000000E+00  0.00000000000000E+00  0.00000000000000E+00  0.00000000000000E+00  0.00000000000000E+00  0.94919163801774E+05  0.00000000000000E+00
  -0.55791173969877E+05  0.71674880492990E+04 -0.20771589776153E+04 -0.21276363596101E+05  0.25194958567036E+04 -0.54101954963810E+04 -0.34654172369716E+04 -0.16998173104226E+06  0.54356491311743E+05  0.35461780871321E+04 -0.10495249330624E+04 -0.32403943353581E-10 -0.88271129171429E-11  0.40368582059643E-12 -0.94665016677794E+03  0.26965888481040E+03 -0.18383964264806E+04 -0.12654244290636E+04  0.64000250663305E+05 -0.27173740967792E+02  0.41303881325530E+04 -0.27626505101604E+04 -0.80164501785937E+04 -0.29520152636639E+05  0.00000000000000E+00  0.00000000000000E+00  0.00000000000000E+00  0.00000000000000E+00  0.00000000000000E+00  0.00000000000000E+00  0.00000000000000E+00  0.00000000000000E+00  0.00000000000000E+00  0.00000000000000E+00  0.00000000000000E+00  0.00000000000000E+00  0.00000000000000E+00  0.00000000000000E+00  0.00000000000000E+00  0.99610203845279E+05

 # Covariance matrix (Bevington epsilon)
