# fitpack15: fit parameters                                                                         
# CJ15 AV18 final data choices                                                                      
# Created on 01/23/2020 at 22:09:50                                                                 

 # QCD setup
  INS                           0
  NVL                          11
  IORD                          1
  Q02                   1.6899999999999999     
  IPARAMC                       7
  FLAVOR                4.0000000000000000     
  xmc                   1.3000000000000000     
  xmb                   4.5000000000000000     
  ncb                          12
  ihq                           1
  ias                           0

 # Theory corrections
  inuke                     10814
  itmc                          1
  iht                           1

 # fit parameters
 LAMBDA       0.22680        0.0000    
 a0uv          2.3036        0.0000    
 a1uv         0.60547       0.20531E-01
 a2uv          3.5482       0.12017E-01
 a3uv          0.0000        0.0000    
 a4uv          3.6876       0.46295    
 a5uv          0.0000        0.0000    
 a0dv          24.814        0.0000    
 a1dv          1.1584       0.33315E-01
 a2dv          6.5930       0.15712    
 a3dv         -3.5368       0.84195E-01
 a4dv          4.7567       0.14157    
 a5dv          0.0000        0.0000    
 a0ud         0.14315       0.49927E-02
 a1ud        -0.21017       0.38016E-02
 a2ud          8.4333       0.18737    
 a3ud          0.0000        0.0000    
 a4ud          15.524        1.2648    
 a5ud          0.0000        0.0000    
 a0du          35712.        0.0000    
 a1du          4.0183       0.76196E-01
 a2du          20.349       0.88850    
 a3du          17.000        0.0000    
 a4du          51.706        10.842    
 a0g           46.658        0.0000    
 a1g          0.60644       0.31078E-01
 a2g           6.5422       0.92960    
 a3g          -3.3390       0.13280    
 a4g           3.2372       0.32143    
 a5g           0.0000        0.0000    
 kappa        0.40000        0.0000    
 a6dv        -0.37523E-02   0.66223E-03
 a7dv          2.0000        0.0000    
 off1         -3.7311        1.5198    
 off2         0.51177E-01   0.62972E-01
 ht1          -3.3090       0.25925    
 ht2           1.9365       0.10495    
 ht3          -2.0677       0.18206E-01
 ht4           0.0000        0.0000    
 dummy40       0.0000        0.0000    
 dummy41       0.0000        0.0000    
 dummy42       0.0000        0.0000    
 dummy43       0.0000        0.0000    
 dummy44       0.0000        0.0000    
 dummy45       0.0000        0.0000    
 dummy46       0.0000        0.0000    
 dummy47       0.0000        0.0000    
 dummy48       0.0000        0.0000    
 dummy49       0.0000        0.0000    
 bcdmsh2      0.97260       0.48257E-02
 bcdmsd2      0.99285       0.58339E-02
 ccfr          1.0000        0.0000    
 nutev         1.0000        0.0000    
 zeus         0.97998        0.0000    
 h1            1.0162        0.0000    
 e605          1.0319        0.0000    
 NmcH2         1.0093       0.71277E-02
 ntv_nu        1.0000        0.0000    
 ntv_nubar     1.0000        0.0000    
 cdf_jet      0.98910        0.0000    
 d0_jet       0.83504        0.0000    
 slac_p        1.0043       0.48187E-02
 slac_d        1.0037       0.52803E-02
 e866pp       0.96935       0.19401E-01
 e866pd       0.96639       0.15871E-01
 d0_gamjet     1.0380       0.16475E-01
 h1b          0.97608        0.0000    
 jlab_p       0.99391       0.57935E-02
 jlab_d       0.97501       0.59068E-02
 blank         1.0000        0.0000    
 d0run2       0.94124       0.14124E-01
 cdfrun2      0.92681       0.17223E-01
 HERA_el       1.0000        0.0000    
 HERA_ps       1.0000        0.0000    
 CDF_Z        0.96471       0.65344E-02
 NmcRat        1.0000        0.0000    
 BNS_F2nd     0.98300       0.69115E-02
 HERMES_F2p   0.99789       0.55718E-02
 HERMES_F2d   0.98022       0.58263E-02
 END 0. 0.

 # Hessian matrix (Bevington alpha)
   0.49460267253272E+07 -0.12969770375314E+07  0.22507535417436E+06  0.48452643411299E+06 -0.12576484509542E+06 -0.27411641904034E+05  0.52535952282008E+05  0.92348129966965E+06 -0.17403509592448E+06 -0.47800372045317E+05  0.69859714883457E+04  0.15454498113270E+05  0.17240072402093E+04 -0.10995474979619E+03  0.81628321064651E+04 -0.19987232799781E+04  0.11115069935963E+05  0.79086519797905E+04 -0.75131763002151E+07 -0.16643553547581E+04 -0.17897663279012E+06  0.53967542720792E+05  0.17144722987998E+06  0.70708270525376E+06 -0.12787708240978E+06 -0.54219972971536E+05 -0.45714286205574E+04 -0.84352106915507E+06 -0.10920134501332E+07 -0.20661294654310E+05 -0.46565196687782E+05 -0.31078720114983E+04 -0.19960600937084E+06 -0.22553622799862E+06 -0.91377819365750E+04 -0.32396801363006E+04 -0.15500511968872E+05  0.16637832394065E+05 -0.71222588367089E+05 -0.56150306642803E+05
  -0.12969770375314E+07  0.41436503185934E+06 -0.60864525885429E+05 -0.13557995923259E+06  0.34843475939917E+05  0.98807149114806E+04 -0.11477929810262E+05 -0.12205816522556E+06  0.26150197634824E+05  0.72595964982128E+04 -0.87075829126138E+03 -0.12412676189774E+04 -0.14226755616184E+03  0.13238712054669E+02  0.63535851155114E+03 -0.50554167574925E+02  0.14182597267152E+03  0.81672322383617E+02  0.25675022103418E+07  0.63887578678773E+03  0.50624645587103E+05 -0.11609912298445E+05 -0.40588078782453E+05 -0.19319089439191E+06  0.16609056490696E+05  0.82113958652570E+04 -0.22790299901333E+03  0.20954110252339E+06  0.26405092130646E+06  0.57996370476650E+04  0.13219258324896E+05  0.42236957697538E+03  0.63547105836623E+05  0.71270095928248E+05  0.24653488222250E+04  0.78374996113210E+03 -0.23416777721782E+04 -0.22341522493931E+04  0.85658751561465E+04  0.71830975412315E+04
   0.22507535417436E+06 -0.60864525885429E+05  0.10346564908657E+05  0.22190877683185E+05 -0.58563829041123E+04 -0.14900284227860E+04  0.23282658312771E+04  0.30793896345131E+05 -0.56468391701622E+04 -0.18838936056767E+04  0.23631311145086E+03  0.46645378801324E+03  0.60217212248415E+02 -0.48019743723503E+01 -0.35982645246292E+03 -0.29182819644257E+01 -0.16785572582355E+03 -0.17067853245656E+02 -0.35581801480734E+06 -0.80359349935549E+02 -0.82600430058146E+04  0.23865371209118E+04  0.75970119078968E+04  0.32290363933467E+05 -0.53560642723892E+04 -0.22826521002008E+04  0.43204805086400E+02 -0.37440806453786E+05 -0.48659593548848E+05 -0.95964237138334E+03 -0.21718699781674E+04 -0.11514417259290E+03 -0.94734958335650E+04 -0.10677207216345E+05 -0.41644986004026E+03 -0.14534346698552E+03  0.27352975253799E+02  0.69915041918636E+03 -0.24889883205448E+04 -0.20152056713897E+04
   0.48452643411299E+06 -0.13557995923259E+06  0.22190877683185E+05  0.39730977751002E+06 -0.62335289601176E+05  0.74005009552549E+05  0.63761348161807E+05  0.35413621070398E+06 -0.26215241335963E+05 -0.18126254578329E+05  0.31937175198764E+04 -0.13458578225181E+04 -0.15551729201451E+03  0.57565512263300E+02  0.30877350517769E+05 -0.37499320222672E+04  0.27719459230254E+05  0.15487726442488E+05 -0.22274925172223E+07 -0.28612462785124E+03 -0.52427648520281E+05  0.19472928520014E+05  0.54235487622963E+05  0.22897791866427E+06 -0.12820591774866E+05 -0.21214551513582E+05 -0.78124925435899E+02 -0.65942335988873E+05 -0.34157982499868E+06 -0.14155968135723E+04 -0.24956778003646E+04 -0.74515256728709E+02 -0.11737330078683E+05 -0.52626287034091E+05 -0.25123410446236E+04 -0.98149344040230E+03 -0.95815011794999E+04 -0.15774812467628E+05 -0.72140922898508E+04 -0.21334898209033E+05
  -0.12576484509542E+06  0.34843475939917E+05 -0.58563829041123E+04 -0.62335289601176E+05  0.11595051875863E+05 -0.75153373079926E+04 -0.91875691143906E+04 -0.32605697667820E+05  0.35610086953987E+03  0.23444329556406E+04 -0.31979712682973E+03 -0.42722706747855E+02  0.46337841949738E+01 -0.51488530490172E+01 -0.26238578318201E+04  0.32407861424169E+03 -0.22973300661203E+04 -0.13012504725793E+04  0.48563503248099E+06  0.81707907255180E+02  0.10785747809212E+05 -0.36076886375698E+04 -0.10031879775133E+05 -0.45168827114388E+05  0.20004401497430E+04  0.33671605867893E+04 -0.55154666149067E+02  0.11891358162386E+05  0.62760516121091E+05  0.33636999241311E+03  0.57377679804516E+03  0.95986876264598E+01  0.29452388706630E+04  0.13010976380491E+05  0.47835359371889E+03  0.17782830867582E+03  0.34470388853205E+03  0.25010065909617E+04  0.81795790091061E+03  0.25117225264531E+04
  -0.27411641904034E+05  0.98807149114806E+04 -0.14900284227860E+04  0.74005009552549E+05 -0.75153373079926E+04  0.23950485067500E+05  0.14392806621315E+05  0.10746209517351E+06 -0.98066787547952E+04 -0.45251128703469E+04  0.95054143553158E+03 -0.70963431008490E+03 -0.69407246662527E+02  0.19415939129232E+02  0.93589430648199E+04 -0.11658229061431E+04  0.85501648455898E+04  0.48413886579726E+04 -0.52029276683358E+05  0.49630933221485E+02 -0.36002145399146E+04  0.23354880721919E+04  0.64232030843538E+04  0.19517764530228E+05 -0.27372949978041E+04 -0.41907802036617E+04  0.14716296298764E+03 -0.84628087554544E+04 -0.41572669361925E+05  0.82267415784445E+01 -0.16199117791461E+02 -0.19347809674690E+02  0.41804332281373E+03  0.15309280887766E+04 -0.25544585310474E+03 -0.13103929209700E+03 -0.30662534181502E+04 -0.32677748595220E+04 -0.18355902818520E+04 -0.52780792245382E+04
   0.52535952282008E+05 -0.11477929810262E+05  0.23282658312771E+04  0.63761348161807E+05 -0.91875691143906E+04  0.14392806621315E+05  0.11258869617450E+05  0.59187742481993E+05 -0.31270276553982E+04 -0.32186643967593E+04  0.55185391606243E+03 -0.21554208613951E+03 -0.27528763536090E+02  0.10203618104522E+02  0.48351936726954E+04 -0.61139717344991E+03  0.42996531845427E+04  0.24664222142394E+04 -0.24090495759585E+06 -0.99490674383766E+01 -0.69780446688274E+04  0.29441953691574E+04  0.80371348160013E+04  0.31106943763638E+05 -0.24563397812304E+04 -0.38466125787073E+04  0.13357755257914E+03 -0.98480023620189E+04 -0.51307023494695E+05 -0.16375190933039E+03 -0.28013566690035E+03 -0.13665870062859E+02 -0.10120609577867E+04 -0.46920816674014E+04 -0.36339439631318E+03 -0.15380303692374E+03 -0.12923118253977E+04 -0.31080695189286E+04 -0.11391208410766E+04 -0.33873323557548E+04
   0.92348129966965E+06 -0.12205816522556E+06  0.30793896345131E+05  0.35413621070398E+06 -0.32605697667820E+05  0.10746209517351E+06  0.59187742481993E+05  0.52412793920993E+07 -0.23752931114980E+07 -0.87422012652099E+05  0.25673450065839E+05  0.28130888348505E+05  0.18483644138948E+04  0.10436823484156E+03  0.87043724021771E+05 -0.11023232187197E+05  0.89680883408490E+05  0.48257231667206E+05 -0.56885431729733E+06  0.35132643809648E+03 -0.24192269908229E+05  0.28801663523174E+05  0.90414849773121E+05  0.24830170360649E+06 -0.61777456605296E+05 -0.49634607112154E+05 -0.68798044182946E+05 -0.28731797458297E+06 -0.56820046029565E+06 -0.74132388639932E+05 -0.16582950297795E+06 -0.13791243023592E+04 -0.55668065422194E+04 -0.10978090714808E+05  0.13236470915745E+03  0.19252889530148E+03 -0.26929192293058E+06 -0.86058084914685E+04 -0.14089550068753E+06 -0.17494156534379E+06
  -0.17403509592448E+06  0.26150197634824E+05 -0.56468391701622E+04 -0.26215241335963E+05  0.35610086953987E+03 -0.98066787547952E+04 -0.31270276553982E+04 -0.23752931114980E+07  0.19290219129281E+07  0.19143989129080E+05 -0.63649630290874E+04 -0.59654578898714E+04 -0.32236907265109E+03 -0.14477663092522E+02  0.48681718207391E+05 -0.22435345859386E+04  0.16180241985855E+05  0.78226225396732E+04 -0.27586126955747E+05 -0.91772855464363E+02  0.60689402762306E+03 -0.58160466406309E+04 -0.19297396255049E+05 -0.48066311137793E+05  0.11431910894543E+05  0.10826238155592E+05  0.24269659770733E+05  0.65693291884596E+05  0.12580877055225E+06  0.23148598366612E+05  0.51892956614052E+05  0.18640111009339E+03  0.59664514210905E+03  0.12090478918489E+04 -0.12102019429577E+04 -0.67387293994570E+03  0.11198391876244E+06  0.15485867004340E+04  0.44490625960658E+05  0.54713387857780E+05
  -0.47800372045317E+05  0.72595964982128E+04 -0.18838936056767E+04 -0.18126254578329E+05  0.23444329556406E+04 -0.45251128703469E+04 -0.32186643967593E+04 -0.87422012652099E+05  0.19143989129080E+05  0.26228071988756E+04 -0.61288010348613E+03 -0.69847356215580E+03 -0.60298004723216E+02 -0.19135467982668E+01 -0.40049630835217E+04  0.48704675836105E+03 -0.36336129954795E+04 -0.20440464067759E+04  0.55276369540738E+05 -0.61352121322897E+01  0.20760716726310E+04 -0.12558165912520E+04 -0.36749070143695E+04 -0.11606538459969E+05  0.27179443403778E+04  0.18787320202725E+04  0.73079475594475E+03  0.10839471817200E+05  0.22605489925714E+05  0.15142559738176E+04  0.33179822699079E+04  0.43293651564612E+02  0.54657362291612E+03  0.10411891553005E+04  0.13178081431071E+03  0.59127861775405E+02  0.30974185941128E+04  0.43032412556352E+03  0.27898770363772E+04  0.35466979629032E+04
   0.69859714883457E+04 -0.87075829126138E+03  0.23631311145086E+03  0.31937175198764E+04 -0.31979712682973E+03  0.95054143553158E+03  0.55185391606243E+03  0.25673450065839E+05 -0.63649630290874E+04 -0.61288010348613E+03  0.16760090213556E+03  0.20012966360234E+03  0.14209630354774E+02  0.71441457718738E+00  0.12270826929950E+04 -0.13524017006146E+03  0.10657643116259E+04  0.57701931420789E+03 -0.59981675971157E+04  0.23304231500218E+01 -0.22829327143439E+03  0.20788793954183E+03  0.63998128635652E+03  0.18139781291226E+04 -0.46133462105503E+03 -0.34850093113194E+03 -0.33328036368951E+03 -0.19783195250733E+04 -0.39596706420612E+04 -0.42529563970460E+03 -0.95138377228861E+03 -0.10781272703074E+02 -0.44682545598895E+02 -0.87972117349983E+02 -0.13942579309622E+02 -0.66268247562391E+01 -0.11264713151536E+04 -0.64244117778186E+02 -0.80646917126533E+03 -0.10087211581476E+04
   0.15454498113270E+05 -0.12412676189774E+04  0.46645378801324E+03 -0.13458578225181E+04 -0.42722706747855E+02 -0.70963431008490E+03 -0.21554208613951E+03  0.28130888348505E+05 -0.59654578898714E+04 -0.69847356215580E+03  0.20012966360234E+03  0.18272992266480E+04  0.11736894116759E+03 -0.97521034660092E+00  0.15091638008836E+04 -0.20733320499777E+03  0.16634902964635E+04  0.94681181366441E+03 -0.68770441846485E+04 -0.52373648957945E+01 -0.10362270495053E+03 -0.13678433457747E+02  0.13118378736774E+03 -0.96383770402689E+03 -0.11444862076026E+04  0.41541904507874E-10 -0.77997182438484E+03 -0.51503111345670E+04 -0.13412683368879E-09 -0.25123651092173E+04 -0.69606789630369E+02 -0.83027085412098E+02 -0.18372916214302E+00 -0.83006130209746E-10 -0.18163710013136E+01 -0.78492971922952E+00  0.29935252178959E+03  0.30653087150149E+03 -0.28661633884073E+04 -0.36223422997263E-10
   0.17240072402093E+04 -0.14226755616184E+03  0.60217212248415E+02 -0.15551729201451E+03  0.46337841949738E+01 -0.69407246662527E+02 -0.27528763536090E+02  0.18483644138948E+04 -0.32236907265109E+03 -0.60298004723216E+02  0.14209630354774E+02  0.11736894116759E+03  0.10337254806094E+02 -0.17885014660300E+00  0.80639436412838E+02 -0.13426431203623E+02  0.97431884179282E+02  0.60178164122238E+02 -0.32094562498201E+03 -0.42341731145397E+00  0.56730564978617E+01  0.80305217049550E+00  0.18095443512148E+02 -0.92676423626677E+02 -0.16723982136541E+03  0.42873779507977E-11 -0.29652936929565E+02 -0.59697507142538E+03  0.31919338611459E-10 -0.15433889198924E+03 -0.18183800598753E+02 -0.65722350715382E+01 -0.13215017192433E+00  0.16756349708277E-11 -0.18800548719257E+00 -0.73527567879405E-01  0.29437083468615E+02  0.68370257882562E+02 -0.20268574997846E+03 -0.22713149536072E-11
  -0.10995474979619E+03  0.13238712054669E+02 -0.48019743723503E+01  0.57565512263300E+02 -0.51488530490172E+01  0.19415939129232E+02  0.10203618104522E+02  0.10436823484156E+03 -0.14477663092522E+02 -0.19135467982668E+01  0.71441457718738E+00 -0.97521034660092E+00 -0.17885014660300E+00  0.54519623302797E-01  0.15073859097864E+02 -0.11679369415541E+01  0.98210912773775E+01  0.46442251627394E+01 -0.83344926081617E+02  0.20463412749030E-01 -0.39199694147801E+01  0.48127766610904E+00  0.12282115532306E+01  0.63818259318653E+01  0.71437184659658E-01  0.46237885398974E-12 -0.63684795353937E+01 -0.87167235628323E+00  0.11165524679878E-12 -0.35970123741194E+01 -0.21999287600217E-04 -0.14818095097496E+00  0.52267876463307E-13 -0.39343747656156E-13 -0.18059648494077E-02 -0.99349632518060E-03 -0.16182511497974E+01  0.66888982776447E-04 -0.34048366073662E+01 -0.72067939684928E-12
   0.81628321064651E+04  0.63535851155114E+03 -0.35982645246292E+03  0.30877350517769E+05 -0.26238578318201E+04  0.93589430648199E+04  0.48351936726954E+04  0.87043724021771E+05  0.48681718207391E+05 -0.40049630835217E+04  0.12270826929950E+04  0.15091638008836E+04  0.80639436412838E+02  0.15073859097864E+02  0.49189858705093E+05 -0.45362340803103E+04  0.36108014161852E+05  0.18771910010631E+05 -0.55456878797255E+05  0.32706666512114E+01  0.64845985254748E+03 -0.19154019438926E+03 -0.55999668999979E+03 -0.12626430471642E+04 -0.26393993621977E+04 -0.17327246279586E+04 -0.24573441451582E+04  0.19628753444898E+04  0.42140449160315E+04 -0.15166492393501E+04 -0.29530524992378E+04 -0.71944306595884E+03  0.24692338705906E+03  0.44185683770987E+03 -0.28462773361978E+04 -0.15141662333254E+04 -0.24558570291146E+04  0.18275170132249E+03 -0.84593738563750E+03 -0.95291219140731E+03
  -0.19987232799781E+04 -0.50554167574925E+02 -0.29182819644257E+01 -0.37499320222672E+04  0.32407861424169E+03 -0.11658229061431E+04 -0.61139717344991E+03 -0.11023232187197E+05 -0.22435345859386E+04  0.48704675836105E+03 -0.13524017006146E+03 -0.20733320499777E+03 -0.13426431203623E+02 -0.11679369415541E+01 -0.45362340803103E+04  0.48807872344740E+03 -0.38166895525665E+04 -0.20630091258552E+04  0.65051898262605E+04 -0.10389508564337E+01 -0.95057552041987E+02  0.18431754582620E+02  0.45941610892280E+02  0.12324397646866E+03  0.48824144159984E+03  0.30603493535079E+03  0.28318503322192E+03 -0.15754505616883E+03 -0.47474526619768E+03  0.15694329527041E+03  0.30447817308374E+03  0.79218687801129E+02 -0.66227177962450E+02 -0.11694515747502E+03  0.43407685222790E+03  0.21463786891279E+03 -0.29473789483302E+03 -0.32766407929648E+02  0.24277809982569E+03  0.27200647708529E+03
   0.11115069935963E+05  0.14182597267152E+03 -0.16785572582355E+03  0.27719459230254E+05 -0.22973300661203E+04  0.85501648455898E+04  0.42996531845427E+04  0.89680883408490E+05  0.16180241985855E+05 -0.36336129954795E+04  0.10657643116259E+04  0.16634902964635E+04  0.97431884179282E+02  0.98210912773775E+01  0.36108014161852E+05 -0.38166895525665E+04  0.30356911215495E+05  0.16247213902873E+05 -0.49997460766277E+05  0.20870102788376E+01  0.70744111513320E+03 -0.24024386391445E+03 -0.65792820402993E+03 -0.14385490475920E+04 -0.27113065857656E+04 -0.17448626192525E+04 -0.25304062850711E+04  0.21410000934202E+04  0.45853520149577E+04 -0.12990430698869E+04 -0.25397374373298E+04 -0.62332534160358E+03  0.82847844439768E+02  0.16213739986528E+03 -0.26980870264154E+04 -0.14517386584991E+04  0.13488384941084E+04  0.22928399657537E+03 -0.16887893000666E+04 -0.18753126534838E+04
   0.79086519797905E+04  0.81672322383617E+02 -0.17067853245656E+02  0.15487726442488E+05 -0.13012504725793E+04  0.48413886579726E+04  0.24664222142394E+04  0.48257231667206E+05  0.78226225396732E+04 -0.20440464067759E+04  0.57701931420789E+03  0.94681181366441E+03  0.60178164122238E+02  0.46442251627394E+01  0.18771910010631E+05 -0.20630091258552E+04  0.16247213902873E+05  0.88097010093479E+04 -0.27727056755362E+05  0.25999247874244E+01  0.42541375112004E+03 -0.12482535973224E+03 -0.31850771782142E+03 -0.73494250788568E+03 -0.18862753672495E+04 -0.11815814997243E+04 -0.12691046666486E+04  0.99420525793553E+03  0.24928825162514E+04 -0.65711254969276E+03 -0.12856199355045E+04 -0.34206609364309E+03  0.11217406258823E+03  0.20805535205330E+03 -0.17282453210717E+04 -0.89318336783064E+03  0.14538290769181E+04  0.15892741610807E+03 -0.11606728934420E+04 -0.12897983849969E+04
  -0.75131763002151E+07  0.25675022103418E+07 -0.35581801480734E+06 -0.22274925172223E+07  0.48563503248099E+06 -0.52029276683358E+05 -0.24090495759585E+06 -0.56885431729733E+06 -0.27586126955747E+05  0.55276369540738E+05 -0.59981675971157E+04 -0.68770441846485E+04 -0.32094562498201E+03 -0.83344926081617E+02 -0.55456878797255E+05  0.65051898262605E+04 -0.49997460766277E+05 -0.27727056755362E+05  0.32901528273732E+08  0.73217827339831E+04  0.56388521124418E+06 -0.15457806901769E+06 -0.46622377135385E+06 -0.23474830010768E+07  0.33849499924404E+05  0.75292239380984E+05 -0.11407865358667E+04  0.56349214732434E+06  0.27490812141881E+07  0.17622945629410E+05  0.31433739245775E+05  0.23147648651459E+03  0.18324726722280E+06  0.80088138736747E+06  0.24626114203086E+05  0.77811301994746E+04 -0.18624001251288E+05  0.44062841671768E+05  0.20542163702023E+05  0.63221480098421E+05
  -0.16643553547581E+04  0.63887578678773E+03 -0.80359349935549E+02 -0.28612462785124E+03  0.81707907255180E+02  0.49630933221485E+02 -0.99490674383766E+01  0.35132643809648E+03 -0.91772855464363E+02 -0.61352121322897E+01  0.23304231500218E+01 -0.52373648957945E+01 -0.42341731145397E+00  0.20463412749030E-01  0.32706666512114E+01 -0.10389508564337E+01  0.20870102788376E+01  0.25999247874244E+01  0.73217827339831E+04  0.27493342697738E+01  0.14353535798615E+03 -0.34189072833863E+02 -0.10274145044429E+03 -0.58776343210572E+03  0.00000000000000E+00 -0.19440731997183E+02  0.00000000000000E+00  0.00000000000000E+00  0.55520466438733E+03  0.00000000000000E+00 -0.86973883229424E+01  0.00000000000000E+00  0.00000000000000E+00  0.24571423685090E+03  0.00000000000000E+00  0.00000000000000E+00  0.00000000000000E+00  0.65662982819751E+01  0.00000000000000E+00 -0.21916354481712E+02
  -0.17897663279012E+06  0.50624645587103E+05 -0.82600430058146E+04 -0.52427648520281E+05  0.10785747809212E+05 -0.36002145399146E+04 -0.69780446688274E+04 -0.24192269908229E+05  0.60689402762306E+03  0.20760716726310E+04 -0.22829327143439E+03 -0.10362270495053E+03  0.56730564978617E+01 -0.39199694147801E+01  0.64845985254748E+03 -0.95057552041987E+02  0.70744111513320E+03  0.42541375112004E+03  0.56388521124418E+06  0.14353535798615E+03  0.18756038864932E+05 -0.62087802353665E+04 -0.17090785386586E+05 -0.80168480275628E+05  0.00000000000000E+00  0.43555435481175E+04  0.00000000000000E+00  0.00000000000000E+00  0.97828073187247E+05  0.00000000000000E+00 -0.97013993410953E+03  0.00000000000000E+00  0.00000000000000E+00  0.19317187892060E+05  0.00000000000000E+00  0.00000000000000E+00  0.00000000000000E+00 -0.36098119190902E+04  0.00000000000000E+00  0.35777398139605E+04
   0.53967542720792E+05 -0.11609912298445E+05  0.23865371209118E+04  0.19472928520014E+05 -0.36076886375698E+04  0.23354880721919E+04  0.29441953691574E+04  0.28801663523174E+05 -0.58160466406309E+04 -0.12558165912520E+04  0.20788793954183E+03 -0.13678433457747E+02  0.80305217049550E+00  0.48127766610904E+00 -0.19154019438926E+03  0.18431754582620E+02 -0.24024386391445E+03 -0.12482535973224E+03 -0.15457806901769E+06 -0.34189072833863E+02 -0.62087802353665E+04  0.25969953605818E+04  0.69177393547274E+04  0.29667238738685E+05 -0.52072670842032E+02 -0.20500465453632E+04  0.23554295838430E+01  0.49277660830755E+03 -0.40330239980444E+05  0.00000000000000E+00 -0.18962363219712E+03  0.00000000000000E+00  0.22749307189491E+04 -0.45072439142030E+04  0.00000000000000E+00  0.00000000000000E+00  0.00000000000000E+00  0.14525779141115E+04 -0.39287543998767E+03 -0.27732369272926E+04
   0.17144722987998E+06 -0.40588078782453E+05  0.75970119078968E+04  0.54235487622963E+05 -0.10031879775133E+05  0.64232030843538E+04  0.80371348160013E+04  0.90414849773121E+05 -0.19297396255049E+05 -0.36749070143695E+04  0.63998128635652E+03  0.13118378736774E+03  0.18095443512148E+02  0.12282115532306E+01 -0.55999668999979E+03  0.45941610892280E+02 -0.65792820402993E+03 -0.31850771782142E+03 -0.46622377135385E+06 -0.10274145044429E+03 -0.17090785386586E+05  0.69177393547274E+04  0.19067997248727E+05  0.80585680162231E+05 -0.16326776743640E+03 -0.51130338628964E+04 -0.48828889498108E+02 -0.67496261982506E+04 -0.11138108277139E+06  0.00000000000000E+00 -0.46957254643570E+03  0.00000000000000E+00  0.31672971764961E+04 -0.14363560272766E+05  0.00000000000000E+00  0.00000000000000E+00  0.00000000000000E+00  0.36229003176796E+04 -0.21549116101412E+04 -0.80904012815241E+04
   0.70708270525376E+06 -0.19319089439191E+06  0.32290363933467E+05  0.22897791866427E+06 -0.45168827114388E+05  0.19517764530228E+05  0.31106943763638E+05  0.24830170360649E+06 -0.48066311137793E+05 -0.11606538459969E+05  0.18139781291226E+04 -0.96383770402689E+03 -0.92676423626677E+02  0.63818259318653E+01 -0.12626430471642E+04  0.12324397646866E+03 -0.14385490475920E+04 -0.73494250788568E+03 -0.23474830010768E+07 -0.58776343210572E+03 -0.80168480275628E+05  0.29667238738685E+05  0.80585680162231E+05  0.37506802434785E+06  0.25388616413438E+03 -0.26333329656500E+05 -0.64785871390126E+01  0.37979873789497E+05 -0.46393797152384E+06  0.00000000000000E+00 -0.24848056509902E+04  0.00000000000000E+00  0.16111895558330E+05 -0.75814889714319E+05  0.00000000000000E+00  0.00000000000000E+00  0.00000000000000E+00  0.19305663344281E+05  0.15710970423297E+04 -0.29330788933156E+05
  -0.12787708240978E+06  0.16609056490696E+05 -0.53560642723892E+04 -0.12820591774866E+05  0.20004401497430E+04 -0.27372949978041E+04 -0.24563397812304E+04 -0.61777456605296E+05  0.11431910894543E+05  0.27179443403778E+04 -0.46133462105503E+03 -0.11444862076026E+04 -0.16723982136541E+03  0.71437184659658E-01 -0.26393993621977E+04  0.48824144159984E+03 -0.27113065857656E+04 -0.18862753672495E+04  0.33849499924404E+05  0.00000000000000E+00  0.00000000000000E+00 -0.52072670842032E+02 -0.16326776743640E+03  0.25388616413438E+03  0.11636060864892E+06  0.00000000000000E+00  0.00000000000000E+00  0.00000000000000E+00  0.00000000000000E+00  0.00000000000000E+00  0.00000000000000E+00  0.00000000000000E+00  0.00000000000000E+00  0.00000000000000E+00  0.00000000000000E+00  0.00000000000000E+00  0.00000000000000E+00  0.00000000000000E+00  0.00000000000000E+00  0.00000000000000E+00
  -0.54219972971536E+05  0.82113958652570E+04 -0.22826521002008E+04 -0.21214551513582E+05  0.33671605867893E+04 -0.41907802036617E+04 -0.38466125787073E+04 -0.49634607112154E+05  0.10826238155592E+05  0.18787320202725E+04 -0.34850093113194E+03  0.41541904507874E-10  0.42873779507977E-11  0.46237885398974E-12 -0.17327246279586E+04  0.30603493535079E+03 -0.17448626192525E+04 -0.11815814997243E+04  0.75292239380984E+05 -0.19440731997183E+02  0.43555435481175E+04 -0.20500465453632E+04 -0.51130338628964E+04 -0.26333329656500E+05  0.00000000000000E+00  0.64615880344743E+05  0.00000000000000E+00  0.00000000000000E+00  0.00000000000000E+00  0.00000000000000E+00  0.00000000000000E+00  0.00000000000000E+00  0.00000000000000E+00  0.00000000000000E+00  0.00000000000000E+00  0.00000000000000E+00  0.00000000000000E+00  0.00000000000000E+00  0.00000000000000E+00  0.00000000000000E+00
  -0.45714286205574E+04 -0.22790299901333E+03  0.43204805086400E+02 -0.78124925435899E+02 -0.55154666149067E+02  0.14716296298764E+03  0.13357755257914E+03 -0.68798044182946E+05  0.24269659770733E+05  0.73079475594475E+03 -0.33328036368951E+03 -0.77997182438484E+03 -0.29652936929565E+02 -0.63684795353937E+01 -0.24573441451582E+04  0.28318503322192E+03 -0.25304062850711E+04 -0.12691046666486E+04 -0.11407865358667E+04  0.00000000000000E+00  0.00000000000000E+00  0.23554295838430E+01 -0.48828889498108E+02 -0.64785871390126E+01  0.00000000000000E+00  0.00000000000000E+00  0.30662298828720E+05  0.00000000000000E+00  0.00000000000000E+00  0.00000000000000E+00  0.00000000000000E+00  0.00000000000000E+00  0.00000000000000E+00  0.00000000000000E+00  0.00000000000000E+00  0.00000000000000E+00  0.00000000000000E+00  0.00000000000000E+00  0.00000000000000E+00  0.00000000000000E+00
  -0.84352106915507E+06  0.20954110252339E+06 -0.37440806453786E+05 -0.65942335988873E+05  0.11891358162386E+05 -0.84628087554544E+04 -0.98480023620189E+04 -0.28731797458297E+06  0.65693291884596E+05  0.10839471817200E+05 -0.19783195250733E+04 -0.51503111345670E+04 -0.59697507142538E+03 -0.87167235628323E+00  0.19628753444898E+04 -0.15754505616883E+03  0.21410000934202E+04  0.99420525793553E+03  0.56349214732434E+06  0.00000000000000E+00  0.00000000000000E+00  0.49277660830755E+03 -0.67496261982506E+04  0.37979873789497E+05  0.00000000000000E+00  0.00000000000000E+00  0.00000000000000E+00  0.57813393630079E+06  0.00000000000000E+00  0.00000000000000E+00  0.00000000000000E+00  0.00000000000000E+00  0.00000000000000E+00  0.00000000000000E+00  0.00000000000000E+00  0.00000000000000E+00  0.00000000000000E+00  0.00000000000000E+00  0.00000000000000E+00  0.00000000000000E+00
  -0.10920134501332E+07  0.26405092130646E+06 -0.48659593548848E+05 -0.34157982499868E+06  0.62760516121091E+05 -0.41572669361925E+05 -0.51307023494695E+05 -0.56820046029565E+06  0.12580877055225E+06  0.22605489925714E+05 -0.39596706420612E+04 -0.13412683368879E-09  0.31919338611459E-10  0.11165524679878E-12  0.42140449160315E+04 -0.47474526619768E+03  0.45853520149577E+04  0.24928825162514E+04  0.27490812141881E+07  0.55520466438733E+03  0.97828073187247E+05 -0.40330239980444E+05 -0.11138108277139E+06 -0.46393797152384E+06  0.00000000000000E+00  0.00000000000000E+00  0.00000000000000E+00  0.00000000000000E+00  0.91854947795332E+06  0.00000000000000E+00  0.00000000000000E+00  0.00000000000000E+00  0.00000000000000E+00  0.00000000000000E+00  0.00000000000000E+00  0.00000000000000E+00  0.00000000000000E+00  0.00000000000000E+00  0.00000000000000E+00  0.00000000000000E+00
  -0.20661294654310E+05  0.57996370476650E+04 -0.95964237138334E+03 -0.14155968135723E+04  0.33636999241311E+03  0.82267415784445E+01 -0.16375190933039E+03 -0.74132388639932E+05  0.23148598366612E+05  0.15142559738176E+04 -0.42529563970460E+03 -0.25123651092173E+04 -0.15433889198924E+03 -0.35970123741194E+01 -0.15166492393501E+04  0.15694329527041E+03 -0.12990430698869E+04 -0.65711254969276E+03  0.17622945629410E+05  0.00000000000000E+00  0.00000000000000E+00  0.00000000000000E+00  0.00000000000000E+00  0.00000000000000E+00  0.00000000000000E+00  0.00000000000000E+00  0.00000000000000E+00  0.00000000000000E+00  0.00000000000000E+00  0.14659440555233E+05  0.00000000000000E+00  0.00000000000000E+00  0.00000000000000E+00  0.00000000000000E+00  0.00000000000000E+00  0.00000000000000E+00  0.00000000000000E+00  0.00000000000000E+00  0.00000000000000E+00  0.00000000000000E+00
  -0.46565196687782E+05  0.13219258324896E+05 -0.21718699781674E+04 -0.24956778003646E+04  0.57377679804516E+03 -0.16199117791461E+02 -0.28013566690035E+03 -0.16582950297795E+06  0.51892956614052E+05  0.33179822699079E+04 -0.95138377228861E+03 -0.69606789630369E+02 -0.18183800598753E+02 -0.21999287600217E-04 -0.29530524992378E+04  0.30447817308374E+03 -0.25397374373298E+04 -0.12856199355045E+04  0.31433739245775E+05 -0.86973883229424E+01 -0.97013993410953E+03 -0.18962363219712E+03 -0.46957254643570E+03 -0.24848056509902E+04  0.00000000000000E+00  0.00000000000000E+00  0.00000000000000E+00  0.00000000000000E+00  0.00000000000000E+00  0.00000000000000E+00  0.31617316625041E+05  0.00000000000000E+00  0.00000000000000E+00  0.00000000000000E+00  0.00000000000000E+00  0.00000000000000E+00  0.00000000000000E+00  0.00000000000000E+00  0.00000000000000E+00  0.00000000000000E+00
  -0.31078720114983E+04  0.42236957697538E+03 -0.11514417259290E+03 -0.74515256728709E+02  0.95986876264598E+01 -0.19347809674690E+02 -0.13665870062859E+02 -0.13791243023592E+04  0.18640111009339E+03  0.43293651564612E+02 -0.10781272703074E+02 -0.83027085412098E+02 -0.65722350715382E+01 -0.14818095097496E+00 -0.71944306595884E+03  0.79218687801129E+02 -0.62332534160358E+03 -0.34206609364309E+03  0.23147648651459E+03  0.00000000000000E+00  0.00000000000000E+00  0.00000000000000E+00  0.00000000000000E+00  0.00000000000000E+00  0.00000000000000E+00  0.00000000000000E+00  0.00000000000000E+00  0.00000000000000E+00  0.00000000000000E+00  0.00000000000000E+00  0.00000000000000E+00  0.37907057039257E+04  0.00000000000000E+00  0.00000000000000E+00  0.00000000000000E+00  0.00000000000000E+00  0.00000000000000E+00  0.00000000000000E+00  0.00000000000000E+00  0.00000000000000E+00
  -0.19960600937084E+06  0.63547105836623E+05 -0.94734958335650E+04 -0.11737330078683E+05  0.29452388706630E+04  0.41804332281373E+03 -0.10120609577867E+04 -0.55668065422194E+04  0.59664514210905E+03  0.54657362291612E+03 -0.44682545598895E+02 -0.18372916214302E+00 -0.13215017192433E+00  0.52267876463307E-13  0.24692338705906E+03 -0.66227177962450E+02  0.82847844439768E+02  0.11217406258823E+03  0.18324726722280E+06  0.00000000000000E+00  0.00000000000000E+00  0.22749307189491E+04  0.31672971764961E+04  0.16111895558330E+05  0.00000000000000E+00  0.00000000000000E+00  0.00000000000000E+00  0.00000000000000E+00  0.00000000000000E+00  0.00000000000000E+00  0.00000000000000E+00  0.00000000000000E+00  0.10561259363344E+06  0.00000000000000E+00  0.00000000000000E+00  0.00000000000000E+00  0.00000000000000E+00  0.00000000000000E+00  0.00000000000000E+00  0.00000000000000E+00
  -0.22553622799862E+06  0.71270095928248E+05 -0.10677207216345E+05 -0.52626287034091E+05  0.13010976380491E+05  0.15309280887766E+04 -0.46920816674014E+04 -0.10978090714808E+05  0.12090478918489E+04  0.10411891553005E+04 -0.87972117349983E+02 -0.83006130209746E-10  0.16756349708277E-11 -0.39343747656156E-13  0.44185683770987E+03 -0.11694515747502E+03  0.16213739986528E+03  0.20805535205330E+03  0.80088138736747E+06  0.24571423685090E+03  0.19317187892060E+05 -0.45072439142030E+04 -0.14363560272766E+05 -0.75814889714319E+05  0.00000000000000E+00  0.00000000000000E+00  0.00000000000000E+00  0.00000000000000E+00  0.00000000000000E+00  0.00000000000000E+00  0.00000000000000E+00  0.00000000000000E+00  0.00000000000000E+00  0.13885315842034E+06  0.00000000000000E+00  0.00000000000000E+00  0.00000000000000E+00  0.00000000000000E+00  0.00000000000000E+00  0.00000000000000E+00
  -0.91377819365750E+04  0.24653488222250E+04 -0.41644986004026E+03 -0.25123410446236E+04  0.47835359371889E+03 -0.25544585310474E+03 -0.36339439631318E+03  0.13236470915745E+03 -0.12102019429577E+04  0.13178081431071E+03 -0.13942579309622E+02 -0.18163710013136E+01 -0.18800548719257E+00 -0.18059648494077E-02 -0.28462773361978E+04  0.43407685222790E+03 -0.26980870264154E+04 -0.17282453210717E+04  0.24626114203086E+05  0.00000000000000E+00  0.00000000000000E+00  0.00000000000000E+00  0.00000000000000E+00  0.00000000000000E+00  0.00000000000000E+00  0.00000000000000E+00  0.00000000000000E+00  0.00000000000000E+00  0.00000000000000E+00  0.00000000000000E+00  0.00000000000000E+00  0.00000000000000E+00  0.00000000000000E+00  0.00000000000000E+00  0.83023824515591E+04  0.00000000000000E+00  0.00000000000000E+00  0.00000000000000E+00  0.00000000000000E+00  0.00000000000000E+00
  -0.32396801363006E+04  0.78374996113210E+03 -0.14534346698552E+03 -0.98149344040230E+03  0.17782830867582E+03 -0.13103929209700E+03 -0.15380303692374E+03  0.19252889530148E+03 -0.67387293994570E+03  0.59127861775405E+02 -0.66268247562391E+01 -0.78492971922952E+00 -0.73527567879405E-01 -0.99349632518060E-03 -0.15141662333254E+04  0.21463786891279E+03 -0.14517386584991E+04 -0.89318336783064E+03  0.77811301994746E+04  0.00000000000000E+00  0.00000000000000E+00  0.00000000000000E+00  0.00000000000000E+00  0.00000000000000E+00  0.00000000000000E+00  0.00000000000000E+00  0.00000000000000E+00  0.00000000000000E+00  0.00000000000000E+00  0.00000000000000E+00  0.00000000000000E+00  0.00000000000000E+00  0.00000000000000E+00  0.00000000000000E+00  0.00000000000000E+00  0.42600972221713E+04  0.00000000000000E+00  0.00000000000000E+00  0.00000000000000E+00  0.00000000000000E+00
  -0.15500511968872E+05 -0.23416777721782E+04  0.27352975253799E+02 -0.95815011794999E+04  0.34470388853205E+03 -0.30662534181502E+04 -0.12923118253977E+04 -0.26929192293058E+06  0.11198391876244E+06  0.30974185941128E+04 -0.11264713151536E+04  0.29935252178959E+03  0.29437083468615E+02 -0.16182511497974E+01 -0.24558570291146E+04 -0.29473789483302E+03  0.13488384941084E+04  0.14538290769181E+04 -0.18624001251288E+05  0.00000000000000E+00  0.00000000000000E+00  0.00000000000000E+00  0.00000000000000E+00  0.00000000000000E+00  0.00000000000000E+00  0.00000000000000E+00  0.00000000000000E+00  0.00000000000000E+00  0.00000000000000E+00  0.00000000000000E+00  0.00000000000000E+00  0.00000000000000E+00  0.00000000000000E+00  0.00000000000000E+00  0.00000000000000E+00  0.00000000000000E+00  0.12411231911295E+06  0.00000000000000E+00  0.00000000000000E+00  0.00000000000000E+00
   0.16637832394065E+05 -0.22341522493931E+04  0.69915041918636E+03 -0.15774812467628E+05  0.25010065909617E+04 -0.32677748595220E+04 -0.31080695189286E+04 -0.86058084914685E+04  0.15485867004340E+04  0.43032412556352E+03 -0.64244117778186E+02  0.30653087150149E+03  0.68370257882562E+02  0.66888982776447E-04  0.18275170132249E+03 -0.32766407929648E+02  0.22928399657537E+03  0.15892741610807E+03  0.44062841671768E+05  0.65662982819751E+01 -0.36098119190902E+04  0.14525779141115E+04  0.36229003176796E+04  0.19305663344281E+05  0.00000000000000E+00  0.00000000000000E+00  0.00000000000000E+00  0.00000000000000E+00  0.00000000000000E+00  0.00000000000000E+00  0.00000000000000E+00  0.00000000000000E+00  0.00000000000000E+00  0.00000000000000E+00  0.00000000000000E+00  0.00000000000000E+00  0.00000000000000E+00  0.39267482936843E+05  0.00000000000000E+00  0.00000000000000E+00
  -0.71222588367089E+05  0.85658751561465E+04 -0.24889883205448E+04 -0.72140922898508E+04  0.81795790091061E+03 -0.18355902818520E+04 -0.11391208410766E+04 -0.14089550068753E+06  0.44490625960658E+05  0.27898770363772E+04 -0.80646917126533E+03 -0.28661633884073E+04 -0.20268574997846E+03 -0.34048366073662E+01 -0.84593738563750E+03  0.24277809982569E+03 -0.16887893000666E+04 -0.11606728934420E+04  0.20542163702023E+05  0.00000000000000E+00  0.00000000000000E+00 -0.39287543998767E+03 -0.21549116101412E+04  0.15710970423297E+04  0.00000000000000E+00  0.00000000000000E+00  0.00000000000000E+00  0.00000000000000E+00  0.00000000000000E+00  0.00000000000000E+00  0.00000000000000E+00  0.00000000000000E+00  0.00000000000000E+00  0.00000000000000E+00  0.00000000000000E+00  0.00000000000000E+00  0.00000000000000E+00  0.00000000000000E+00  0.94986697003816E+05  0.00000000000000E+00
  -0.56150306642803E+05  0.71830975412315E+04 -0.20152056713897E+04 -0.21334898209033E+05  0.25117225264531E+04 -0.52780792245382E+04 -0.33873323557548E+04 -0.17494156534379E+06  0.54713387857780E+05  0.35466979629032E+04 -0.10087211581476E+04 -0.36223422997263E-10 -0.22713149536072E-11 -0.72067939684928E-12 -0.95291219140731E+03  0.27200647708529E+03 -0.18753126534838E+04 -0.12897983849969E+04  0.63221480098421E+05 -0.21916354481712E+02  0.35777398139605E+04 -0.27732369272926E+04 -0.80904012815241E+04 -0.29330788933156E+05  0.00000000000000E+00  0.00000000000000E+00  0.00000000000000E+00  0.00000000000000E+00  0.00000000000000E+00  0.00000000000000E+00  0.00000000000000E+00  0.00000000000000E+00  0.00000000000000E+00  0.00000000000000E+00  0.00000000000000E+00  0.00000000000000E+00  0.00000000000000E+00  0.00000000000000E+00  0.00000000000000E+00  0.99625153805228E+05

 # Covariance matrix (Bevington epsilon)
