# fitpack15: fit parameters                                                                         
# CJ15 AV18 final data choices                                                                      
# Created on 01/23/2020 at 22:22:28                                                                 

 # QCD setup
  INS                           0
  NVL                          11
  IORD                          1
  Q02                   1.6899999999999999     
  IPARAMC                       7
  FLAVOR                4.0000000000000000     
  xmc                   1.3000000000000000     
  xmb                   4.5000000000000000     
  ncb                          12
  ihq                           1
  ias                           0

 # Theory corrections
  inuke                     10814
  itmc                          1
  iht                           1

 # fit parameters
 LAMBDA       0.22680        0.0000    
 a0uv          2.3767        0.0000    
 a1uv         0.61260       0.20064E-01
 a2uv          3.5456       0.12289E-01
 a3uv          0.0000        0.0000    
 a4uv          3.5293       0.43889    
 a5uv          0.0000        0.0000    
 a0dv          25.711        0.0000    
 a1dv          1.1683       0.33105E-01
 a2dv          6.5878       0.15733    
 a3dv         -3.5227       0.83443E-01
 a4dv          4.6861       0.13918    
 a5dv          0.0000        0.0000    
 a0ud         0.14528       0.50150E-02
 a1ud        -0.20872       0.37682E-02
 a2ud          8.3524       0.19121    
 a3ud          0.0000        0.0000    
 a4ud          14.832        1.2365    
 a5ud          0.0000        0.0000    
 a0du          35712.        0.0000    
 a1du          4.0347       0.76672E-01
 a2du          20.085       0.88396    
 a3du          17.000        0.0000    
 a4du          51.654        10.792    
 a0g           46.769        0.0000    
 a1g          0.60792       0.30837E-01
 a2g           6.4677       0.91575    
 a3g          -3.3357       0.12993    
 a4g           3.2144       0.31039    
 a5g           0.0000        0.0000    
 kappa        0.40000        0.0000    
 a6dv        -0.35396E-02   0.63788E-03
 a7dv          2.0000        0.0000    
 off1         -3.7114        1.5200    
 off2         0.55855E-01   0.58977E-01
 ht1          -3.3273       0.26111    
 ht2           1.9427       0.10542    
 ht3          -2.0659       0.18338E-01
 ht4           0.0000        0.0000    
 dummy40       0.0000        0.0000    
 dummy41       0.0000        0.0000    
 dummy42       0.0000        0.0000    
 dummy43       0.0000        0.0000    
 dummy44       0.0000        0.0000    
 dummy45       0.0000        0.0000    
 dummy46       0.0000        0.0000    
 dummy47       0.0000        0.0000    
 dummy48       0.0000        0.0000    
 dummy49       0.0000        0.0000    
 bcdmsh2      0.97300       0.48230E-02
 bcdmsd2      0.99301       0.58313E-02
 ccfr          1.0000        0.0000    
 nutev         1.0000        0.0000    
 zeus         0.97998        0.0000    
 h1            1.0162        0.0000    
 e605          1.0319        0.0000    
 NmcH2         1.0091       0.71212E-02
 ntv_nu        1.0000        0.0000    
 ntv_nubar     1.0000        0.0000    
 cdf_jet      0.98910        0.0000    
 d0_jet       0.83504        0.0000    
 slac_p        1.0047       0.48148E-02
 slac_d        1.0038       0.52780E-02
 e866pp       0.96617       0.19270E-01
 e866pd       0.96286       0.15808E-01
 d0_gamjet     1.0387       0.16479E-01
 h1b          0.97608        0.0000    
 jlab_p       0.99408       0.57909E-02
 jlab_d       0.97508       0.59057E-02
 blank         1.0000        0.0000    
 d0run2       0.94223       0.14174E-01
 cdfrun2      0.92745       0.17248E-01
 HERA_el       1.0000        0.0000    
 HERA_ps       1.0000        0.0000    
 CDF_Z        0.96516       0.65177E-02
 NmcRat        1.0000        0.0000    
 BNS_F2nd     0.98298       0.69194E-02
 HERMES_F2p   0.99820       0.55683E-02
 HERMES_F2d   0.98021       0.58235E-02
 END 0. 0.

 # Hessian matrix (Bevington alpha)
   0.49004081881227E+07 -0.12899431605243E+07  0.23142479321528E+06  0.48015259460862E+06 -0.12567900477222E+06 -0.24292987431171E+05  0.55220148749184E+05  0.90693069765055E+06 -0.17317248034968E+06 -0.48007849299953E+05  0.72302494698429E+04  0.15505727412609E+05  0.17539823815350E+04 -0.11011838773812E+03  0.77774162634662E+04 -0.19737283108196E+04  0.11219003747462E+05  0.80083670970640E+04 -0.77460134193181E+07 -0.14729982107541E+04 -0.20030741899948E+06  0.55824837725878E+05  0.17562206808293E+06  0.72943178733428E+06 -0.12710571275556E+06 -0.53928606517911E+05 -0.44406327938941E+04 -0.83880682885802E+06 -0.10863571101613E+07 -0.20602880403233E+05 -0.46455698200225E+05 -0.30858663021458E+04 -0.19867018253087E+06 -0.22441192092412E+06 -0.90799352589185E+04 -0.32210808465584E+04 -0.15069214290849E+05  0.16587490637537E+05 -0.70666778062304E+05 -0.55779780680375E+05
  -0.12899431605243E+07  0.41362679346000E+06 -0.62945673312802E+05 -0.13506397132752E+06  0.35005215239983E+05  0.91909338882896E+04 -0.12185126227776E+05 -0.12162326798657E+06  0.26343647234178E+05  0.73955013294679E+04 -0.91511106822162E+03 -0.12518254357268E+04 -0.14631173319736E+03  0.13275061933070E+02  0.66795372439424E+03 -0.53967145415295E+02  0.17219936758589E+03  0.99351725839908E+02  0.26561925606555E+07  0.58617198243968E+03  0.57109083699572E+05 -0.12255644261211E+05 -0.42070034357975E+05 -0.20077000718725E+06  0.16580431156583E+05  0.82007202179882E+04 -0.23515444089301E+03  0.20927651049957E+06  0.26363962302903E+06  0.58078695736107E+04  0.13243544301045E+05  0.42164660782942E+03  0.63490002579514E+05  0.71149596863442E+05  0.24604112552629E+04  0.78265323362817E+03 -0.23616068091014E+04 -0.22367184966912E+04  0.85400242870206E+04  0.71677354679433E+04
   0.23142479321528E+06 -0.62945673312802E+05  0.11048268458125E+05  0.22902184750123E+05 -0.60862681713457E+04 -0.13914932102407E+04  0.25496345572557E+04  0.31361308764839E+05 -0.58371175550624E+04 -0.19608985401450E+04  0.25380475533944E+03  0.48196128251652E+03  0.63121493271475E+02 -0.49340688807707E+01 -0.38105539066273E+03 -0.18214032830514E+01 -0.18271142250275E+03 -0.22085014620291E+02 -0.38186201399183E+06 -0.74540455020799E+02 -0.96094826572233E+04  0.25644198350990E+04  0.80826354171690E+04  0.34616998390379E+05 -0.54985997040968E+04 -0.23467378616714E+04  0.48595876014035E+02 -0.38626040156457E+05 -0.50206064921268E+05 -0.99421272346521E+03 -0.22515081415905E+04 -0.11798119174977E+03 -0.98138438412457E+04 -0.11053928341391E+05 -0.42972080676056E+03 -0.14989353777481E+03  0.47084726950525E+02  0.71903067077669E+03 -0.25444357021222E+04 -0.20638800588297E+04
   0.48015259460862E+06 -0.13506397132752E+06  0.22902184750123E+05  0.39405514049871E+06 -0.62178729289647E+05  0.76709471689410E+05  0.65463272671370E+05  0.34655030972163E+06 -0.25281686221605E+05 -0.18156046680435E+05  0.32963713917604E+04 -0.13718020889151E+04 -0.15564294857789E+03  0.57494823091286E+02  0.30706423294647E+05 -0.37459451517995E+04  0.28287882862338E+05  0.15814999729528E+05 -0.23002855340589E+07 -0.23140364630841E+03 -0.58507727557914E+05  0.19967878419869E+05  0.55419890374680E+05  0.23540220786584E+06 -0.12747516660480E+05 -0.21112591372476E+05 -0.64863336664424E+02 -0.65602038411868E+05 -0.34018390736119E+06 -0.14094345543897E+04 -0.24904637860525E+04 -0.74049308565268E+02 -0.11713763679560E+05 -0.52540671418934E+05 -0.24975597295199E+04 -0.97628913621637E+03 -0.94162910498263E+04 -0.15681131898931E+05 -0.71661040409075E+04 -0.21216888343848E+05
  -0.12567900477222E+06  0.35005215239983E+05 -0.60862681713457E+04 -0.62178729289647E+05  0.11646695741918E+05 -0.79573267699868E+04 -0.95234496749867E+04 -0.32313669803964E+05  0.33741735101115E+03  0.23724497766354E+04 -0.33435359210633E+03 -0.39014650523127E+02  0.46355793910938E+01 -0.51495951102306E+01 -0.26184309256284E+04  0.32527220403725E+03 -0.23521638977115E+04 -0.13337786004264E+04  0.50560119454732E+06  0.71103860972435E+02  0.12141753136900E+05 -0.37413388123956E+04 -0.10362158241401E+05 -0.46887319095671E+05  0.19975778807027E+04  0.33662734905169E+04 -0.56044875185627E+02  0.11912789544175E+05  0.62887301923186E+05  0.33731066256562E+03  0.57641911762428E+03  0.95824908665945E+01  0.29628604465486E+04  0.13084535276602E+05  0.47904962049477E+03  0.17806473560463E+03  0.33298374484229E+03  0.24964995941081E+04  0.81660303146308E+03  0.25099489562013E+04
  -0.24292987431171E+05  0.91909338882896E+04 -0.13914932102407E+04  0.76709471689410E+05 -0.79573267699868E+04  0.25302215004857E+05  0.15300384791599E+05  0.10760255510036E+06 -0.95492634916083E+04 -0.46771614752282E+04  0.10056887020340E+04 -0.72267090456265E+03 -0.70543927474472E+02  0.19882870330727E+02  0.95346221256288E+04 -0.11935768768996E+04  0.89370090744996E+04  0.50660850478410E+04 -0.67057392383298E+05  0.53198291665047E+02 -0.43656359696053E+04  0.25122191396703E+04  0.69070879972736E+04  0.21503569289796E+05 -0.28625359823225E+04 -0.43886993251513E+04  0.15956928244280E+03 -0.89532969606006E+04 -0.44246702511419E+05  0.14140069565005E+00 -0.30128732601387E+02 -0.19960616788191E+02  0.37147621588845E+03  0.12953518477216E+04 -0.27353834369708E+03 -0.13874207377823E+03 -0.30817042592257E+04 -0.34325340694909E+04 -0.18795040716343E+04 -0.54184023870363E+04
   0.55220148749184E+05 -0.12185126227776E+05  0.25496345572557E+04  0.65463272671370E+05 -0.95234496749867E+04  0.15300384791599E+05  0.11938760721279E+05  0.59462580903402E+05 -0.30187282668876E+04 -0.33239740922812E+04  0.58582686588263E+03 -0.22113889231884E+03 -0.27891151777705E+02  0.10422584090614E+02  0.49223645332064E+04 -0.62583484237115E+03  0.44911728716219E+04  0.25795163637879E+04 -0.26105265949673E+06 -0.35814110105540E+01 -0.81019760475830E+04  0.31266656068498E+04  0.85183841155385E+04  0.33288322341436E+05 -0.25347810418714E+04 -0.39731583412880E+04  0.13945017102233E+03 -0.10193765333332E+05 -0.53209363422239E+05 -0.17129486951613E+03 -0.29309316287776E+03 -0.14016144811382E+02 -0.10655894567194E+04 -0.49422224498859E+04 -0.37663383169232E+03 -0.15918701619049E+03 -0.12946373892818E+04 -0.32117523941679E+04 -0.11641469617946E+04 -0.34687296157518E+04
   0.90693069765055E+06 -0.12162326798657E+06  0.31361308764839E+05  0.34655030972163E+06 -0.32313669803964E+05  0.10760255510036E+06  0.59462580903402E+05  0.50546627541091E+07 -0.23316603129470E+07 -0.85699881399372E+05  0.25808721756821E+05  0.27305860350595E+05  0.18220775175515E+04  0.10224885061376E+03  0.83986354815852E+05 -0.10700723157937E+05  0.88952683048424E+05  0.47864190808961E+05 -0.59192277019466E+06  0.36697793846577E+03 -0.26596545012168E+05  0.28319753445503E+05  0.88883803853090E+05  0.24487854687592E+06 -0.60705652857561E+05 -0.48868905000813E+05 -0.67435961013960E+05 -0.28253555468302E+06 -0.56049915995589E+06 -0.73213498917528E+05 -0.16384282743912E+06 -0.13445485158864E+04 -0.56837940144141E+04 -0.11171213114105E+05  0.12429308527523E+03  0.18785082565227E+03 -0.26416939371379E+06 -0.86363314565044E+04 -0.13800424812907E+06 -0.17153057883780E+06
  -0.17317248034968E+06  0.26343647234178E+05 -0.58371175550624E+04 -0.25281686221605E+05  0.33741735101115E+03 -0.95492634916083E+04 -0.30187282668876E+04 -0.23316603129470E+07  0.19292227666958E+07  0.18966997107389E+05 -0.64601904640919E+04 -0.58364407664905E+04 -0.31920077123734E+03 -0.14017637302595E+02  0.49425573775651E+05 -0.23307210191206E+04  0.17176704414316E+05  0.83631795510195E+04 -0.28127091140547E+05 -0.91418294201587E+02  0.63610494068930E+03 -0.57077890954039E+04 -0.18999201014295E+05 -0.46952784893114E+05  0.11373627026185E+05  0.10791160058217E+05  0.24113442511012E+05  0.65401042914494E+05  0.12559468945381E+06  0.23180251401664E+05  0.51971459595151E+05  0.18139950760825E+03  0.61706210989381E+03  0.12456593483304E+04 -0.12114563764888E+04 -0.67469917612590E+03  0.11155364223606E+06  0.15759183755090E+04  0.44206704132968E+05  0.54403118967637E+05
  -0.48007849299953E+05  0.73955013294679E+04 -0.19608985401450E+04 -0.18156046680435E+05  0.23724497766354E+04 -0.46771614752282E+04 -0.33239740922812E+04 -0.85699881399372E+05  0.18966997107389E+05  0.26259542765264E+04 -0.63063501441141E+03 -0.69572535254768E+03 -0.61039155150854E+02 -0.19193277783262E+01 -0.39952167011133E+04  0.48754041029481E+03 -0.37203526456584E+04 -0.20927172618716E+04  0.58547917456951E+05 -0.80748944019706E+01  0.23383765107508E+04 -0.12782722482647E+04 -0.37327604275167E+04 -0.11917685696526E+05  0.27197865465120E+04  0.18849558933736E+04  0.72852742370187E+03  0.10877458121252E+05  0.22755256545877E+05  0.15243985469164E+04  0.33428605142216E+04  0.43059113733291E+02  0.56723193754072E+03  0.10775152715711E+04  0.13284214363000E+03  0.59523528344997E+02  0.30834581469758E+04  0.43836707152809E+03  0.27795609298402E+04  0.35399507619359E+04
   0.72302494698429E+04 -0.91511106822162E+03  0.25380475533944E+03  0.32963713917604E+04 -0.33435359210633E+03  0.10056887020340E+04  0.58582686588263E+03  0.25808721756821E+05 -0.64601904640919E+04 -0.63063501441141E+03  0.17670294304482E+03  0.20396095271550E+03  0.14749652701386E+02  0.73175830803295E+00  0.12556205099418E+04 -0.13908836328393E+03  0.11192118384011E+04  0.60647091831737E+03 -0.65724191115585E+04  0.26262057757227E+01 -0.26597302931451E+03  0.21623167437422E+03  0.66459972137815E+03  0.18973005290821E+04 -0.47732590393869E+03 -0.36082431183588E+03 -0.33912784744233E+03 -0.20453038965879E+04 -0.41087305177074E+04 -0.43898716007531E+03 -0.98266345818353E+03 -0.11042692053407E+02 -0.48204446003226E+02 -0.94581439411041E+02 -0.14696418554604E+02 -0.69789912675132E+01 -0.11481585865101E+04 -0.67898262805055E+02 -0.82551673856987E+03 -0.10341064429120E+04
   0.15505727412609E+05 -0.12518254357268E+04  0.48196128251652E+03 -0.13718020889151E+04 -0.39014650523127E+02 -0.72267090456265E+03 -0.22113889231884E+03  0.27305860350595E+05 -0.58364407664905E+04 -0.69572535254768E+03  0.20396095271550E+03  0.17979743769529E+04  0.11730579317005E+03 -0.10348728866840E+01  0.14833748546987E+04 -0.20547781894153E+03  0.16869448075339E+04  0.96099918405664E+03 -0.69999641244022E+04 -0.51116221967153E+01 -0.11210249489151E+03 -0.97418515627808E+01  0.14117849777642E+03 -0.91592827088720E+03 -0.11656800609313E+04  0.22059888000016E-11 -0.76106818293906E+03 -0.51965968138307E+04  0.51494082396340E-09 -0.25013263155786E+04 -0.74581760119316E+02 -0.82549811299480E+02 -0.22229080923468E+00  0.32828014217932E-10 -0.18223704526701E+01 -0.78545621561484E+00  0.29776644287995E+03  0.32121742283806E+03 -0.28423805644949E+04  0.91005399865716E-10
   0.17539823815350E+04 -0.14631173319736E+03  0.63121493271475E+02 -0.15564294857789E+03  0.46355793910938E+01 -0.70543927474472E+02 -0.27891151777705E+02  0.18220775175515E+04 -0.31920077123734E+03 -0.61039155150854E+02  0.14749652701386E+02  0.11730579317005E+03  0.10511197195325E+02 -0.18100480000864E+00  0.80792452329846E+02 -0.13545358188765E+02  0.10082376047829E+03  0.62250372542288E+02 -0.33143166423853E+03 -0.42949195818307E+00  0.62185450615987E+01  0.10112348825468E+01  0.18857740477953E+02 -0.92123431514248E+02 -0.17231842176867E+03 -0.38151114210572E-11 -0.29394013746420E+02 -0.61136318020821E+03  0.35333275550499E-10 -0.15561426982302E+03 -0.19694125231486E+02 -0.66329797520034E+01 -0.16020637517116E+00  0.25513095249422E-11 -0.19196336234040E+00 -0.74832398402281E-01  0.29689326661539E+02  0.72094977992735E+02 -0.20353137347778E+03  0.85927849741905E-13
  -0.11011838773812E+03  0.13275061933070E+02 -0.49340688807707E+01  0.57494823091286E+02 -0.51495951102306E+01  0.19882870330727E+02  0.10422584090614E+02  0.10224885061376E+03 -0.14017637302595E+02 -0.19193277783262E+01  0.73175830803295E+00 -0.10348728866840E+01 -0.18100480000864E+00  0.54683393684953E-01  0.15074887741046E+02 -0.11703258188390E+01  0.99973165667278E+01  0.47332673584602E+01 -0.86278502436790E+02  0.24754692816878E-01 -0.43573539198964E+01  0.54013608606964E+00  0.13729126128943E+01  0.71543957536097E+01  0.71624360824107E-01  0.19972986034341E-12 -0.63648705222827E+01 -0.87172518363294E+00  0.45728519541924E-11 -0.36254376219018E+01 -0.22014286838269E-04 -0.14807872519997E+00  0.24510610393122E-12 -0.48770865241245E-13 -0.18037280311885E-02 -0.99325174484070E-03 -0.16344765104837E+01  0.66676448139707E-04 -0.34040170835740E+01  0.39379295103512E-12
   0.77774162634662E+04  0.66795372439424E+03 -0.38105539066273E+03  0.30706423294647E+05 -0.26184309256284E+04  0.95346221256288E+04  0.49223645332064E+04  0.83986354815852E+05  0.49425573775651E+05 -0.39952167011133E+04  0.12556205099418E+04  0.14833748546987E+04  0.80792452329846E+02  0.15074887741046E+02  0.48998155659610E+05 -0.45351307118511E+04  0.36819222037389E+05  0.19161980170090E+05 -0.57239940505829E+05  0.26629640290617E+01  0.72456408206709E+03 -0.19807394828455E+03 -0.57676921467338E+03 -0.13667771379371E+04 -0.26466748644068E+04 -0.17380423246015E+04 -0.24569468099156E+04  0.19459966674754E+04  0.41840098133479E+04 -0.15265295171302E+04 -0.29748363469679E+04 -0.71774153765042E+03  0.25521843726444E+03  0.45540996366183E+03 -0.28497777961916E+04 -0.15146263326196E+04 -0.24105644794205E+04  0.18205830019744E+03 -0.84835205389811E+03 -0.95659519321293E+03
  -0.19737283108196E+04 -0.53967145415295E+02 -0.18214032830514E+01 -0.37459451517995E+04  0.32527220403725E+03 -0.11935768768996E+04 -0.62583484237115E+03 -0.10700723157937E+05 -0.23307210191206E+04  0.48754041029481E+03 -0.13908836328393E+03 -0.20547781894153E+03 -0.13545358188765E+02 -0.11703258188390E+01 -0.45351307118511E+04  0.48988400633409E+03 -0.39130334499606E+04 -0.21164849386915E+04  0.67514825361428E+04 -0.96047411806241E+00 -0.10688394950933E+03  0.19401624195154E+02  0.48428524020245E+02  0.13901918992251E+03  0.49164069846099E+03  0.30832433528222E+03  0.28325389303003E+03 -0.15400508473060E+03 -0.46839196414220E+03  0.15846572014613E+03  0.30773156694499E+03  0.79274113296306E+02 -0.68539118536790E+02 -0.12072258171271E+03  0.43695123078277E+03  0.21571164068170E+03 -0.30061671212297E+03 -0.32640610047538E+02  0.24400832033409E+03  0.27362847542105E+03
   0.11219003747462E+05  0.17219936758589E+03 -0.18271142250275E+03  0.28287882862338E+05 -0.23521638977115E+04  0.89370090744996E+04  0.44911728716219E+04  0.88952683048424E+05  0.17176704414316E+05 -0.37203526456584E+04  0.11192118384011E+04  0.16869448075339E+04  0.10082376047829E+03  0.99973165667278E+01  0.36819222037389E+05 -0.39130334499606E+04  0.31779265165314E+05  0.17028312906857E+05 -0.52936795551129E+05  0.15097158747812E+01  0.81425601555109E+03 -0.25562799908686E+03 -0.69656518869931E+03 -0.15991132222249E+04 -0.28208293816253E+04 -0.18124255501993E+04 -0.25788968866668E+04  0.21755231317592E+04  0.46995550143726E+04 -0.13326401490418E+04 -0.26090099571773E+04 -0.63800080353867E+03  0.90155284229530E+02  0.17556012356706E+03 -0.27869425587561E+04 -0.14968481975290E+04  0.14743757233063E+04  0.23977532239985E+03 -0.17598196412755E+04 -0.19554479110630E+04
   0.80083670970640E+04  0.99351725839908E+02 -0.22085014620291E+02  0.15814999729528E+05 -0.13337786004264E+04  0.50660850478410E+04  0.25795163637879E+04  0.47864190808961E+05  0.83631795510195E+04 -0.20927172618716E+04  0.60647091831737E+03  0.96099918405664E+03  0.62250372542288E+02  0.47332673584602E+01  0.19161980170090E+05 -0.21164849386915E+04  0.17028312906857E+05  0.92418191651620E+04 -0.29381024822714E+05  0.22951572045450E+01  0.48981410802816E+03 -0.13335172983552E+03 -0.33939197145096E+03 -0.82799742019776E+03 -0.19555644995416E+04 -0.12241017979735E+04 -0.12926169640860E+04  0.10051809589900E+04  0.25467377862335E+04 -0.67435928626092E+03 -0.13212605199881E+04 -0.35016298540346E+03  0.11982800387527E+03  0.22159414060798E+03 -0.17840744730581E+04 -0.92045486779286E+03  0.15330332878932E+04  0.16501188362453E+03 -0.12017059643247E+04 -0.13363400464482E+04
  -0.77460134193181E+07  0.26561925606555E+07 -0.38186201399183E+06 -0.23002855340589E+07  0.50560119454732E+06 -0.67057392383298E+05 -0.26105265949673E+06 -0.59192277019466E+06 -0.28127091140547E+05  0.58547917456951E+05 -0.65724191115585E+04 -0.69999641244022E+04 -0.33143166423853E+03 -0.86278502436790E+02 -0.57239940505829E+05  0.67514825361428E+04 -0.52936795551129E+05 -0.29381024822714E+05  0.35308650731943E+08  0.69842453493138E+04  0.66006937912104E+06 -0.16775797283662E+06 -0.50105718854821E+06 -0.25251031833043E+07  0.35074434208306E+05  0.78026907649560E+05 -0.12032873888945E+04  0.58356244888168E+06  0.28471618498301E+07  0.18256958160224E+05  0.32616737333279E+05  0.23976660787175E+03  0.18977732288286E+06  0.82910377762313E+06  0.25494549053123E+05  0.80609185762963E+04 -0.19443751693010E+05  0.45735734525097E+05  0.21244508113506E+05  0.65428254085928E+05
  -0.14729982107541E+04  0.58617198243968E+03 -0.74540455020799E+02 -0.23140364630841E+03  0.71103860972435E+02  0.53198291665047E+02 -0.35814110105540E+01  0.36697793846577E+03 -0.91418294201587E+02 -0.80748944019706E+01  0.26262057757227E+01 -0.51116221967153E+01 -0.42949195818307E+00  0.24754692816878E-01  0.26629640290617E+01 -0.96047411806241E+00  0.15097158747812E+01  0.22951572045450E+01  0.69842453493138E+04  0.24775812156674E+01  0.14147520197600E+03 -0.29601685377551E+02 -0.89402601405976E+02 -0.52740089602812E+03  0.00000000000000E+00 -0.23999585755164E+02  0.00000000000000E+00  0.00000000000000E+00  0.45346684848978E+03  0.00000000000000E+00 -0.76385876222653E+01  0.00000000000000E+00  0.00000000000000E+00  0.22575963463201E+03  0.00000000000000E+00  0.00000000000000E+00  0.00000000000000E+00  0.10351506042309E+02  0.00000000000000E+00 -0.25568440637338E+02
  -0.20030741899948E+06  0.57109083699572E+05 -0.96094826572233E+04 -0.58507727557914E+05  0.12141753136900E+05 -0.43656359696053E+04 -0.81019760475830E+04 -0.26596545012168E+05  0.63610494068930E+03  0.23383765107508E+04 -0.26597302931451E+03 -0.11210249489151E+03  0.62185450615987E+01 -0.43573539198964E+01  0.72456408206709E+03 -0.10688394950933E+03  0.81425601555109E+03  0.48981410802816E+03  0.66006937912104E+06  0.14147520197600E+03  0.23645507433476E+05 -0.72024012161227E+04 -0.19759427245069E+05 -0.93130982762463E+05  0.00000000000000E+00  0.48196309625663E+04  0.00000000000000E+00  0.00000000000000E+00  0.10952940328469E+06  0.00000000000000E+00 -0.10950778350435E+04  0.00000000000000E+00  0.00000000000000E+00  0.21787565965685E+05  0.00000000000000E+00  0.00000000000000E+00  0.00000000000000E+00 -0.40093726848170E+04  0.00000000000000E+00  0.39565566379441E+04
   0.55824837725878E+05 -0.12255644261211E+05  0.25644198350990E+04  0.19967878419869E+05 -0.37413388123956E+04  0.25122191396703E+04  0.31266656068498E+04  0.28319753445503E+05 -0.57077890954039E+04 -0.12782722482647E+04  0.21623167437422E+03 -0.97418515627808E+01  0.10112348825468E+01  0.54013608606964E+00 -0.19807394828455E+03  0.19401624195154E+02 -0.25562799908686E+03 -0.13335172983552E+03 -0.16775797283662E+06 -0.29601685377551E+02 -0.72024012161227E+04  0.27298302536999E+04  0.72676073905126E+04  0.31445475237234E+05 -0.51909613906870E+02 -0.20808117026349E+04  0.24675006019611E+01  0.48520461859091E+03 -0.41334017377743E+05  0.00000000000000E+00 -0.16725156795254E+03  0.00000000000000E+00  0.22598950243084E+04 -0.47582407856519E+04  0.00000000000000E+00  0.00000000000000E+00  0.00000000000000E+00  0.14841797583244E+04 -0.38928444922093E+03 -0.27800289768685E+04
   0.17562206808293E+06 -0.42070034357975E+05  0.80826354171690E+04  0.55419890374680E+05 -0.10362158241401E+05  0.69070879972736E+04  0.85183841155385E+04  0.88883803853090E+05 -0.18999201014295E+05 -0.37327604275167E+04  0.66459972137815E+03  0.14117849777642E+03  0.18857740477953E+02  0.13729126128943E+01 -0.57676921467338E+03  0.48428524020245E+02 -0.69656518869931E+03 -0.33939197145096E+03 -0.50105718854821E+06 -0.89402601405976E+02 -0.19759427245069E+05  0.72676073905126E+04  0.19978709874686E+05  0.85203057756680E+05 -0.16346355751605E+03 -0.51894437749379E+04 -0.47419427489292E+02 -0.67492309712698E+04 -0.11385195069827E+06  0.00000000000000E+00 -0.41417171345602E+03  0.00000000000000E+00  0.31624916116581E+04 -0.14945395160291E+05  0.00000000000000E+00  0.00000000000000E+00  0.00000000000000E+00  0.37007491264613E+04 -0.21443397166632E+04 -0.81056911723649E+04
   0.72943178733428E+06 -0.20077000718725E+06  0.34616998390379E+05  0.23540220786584E+06 -0.46887319095671E+05  0.21503569289796E+05  0.33288322341436E+05  0.24487854687592E+06 -0.46952784893114E+05 -0.11917685696526E+05  0.18973005290821E+04 -0.91592827088720E+03 -0.92123431514248E+02  0.71543957536097E+01 -0.13667771379371E+04  0.13901918992251E+03 -0.15991132222249E+04 -0.82799742019776E+03 -0.25251031833043E+07 -0.52740089602812E+03 -0.93130982762463E+05  0.31445475237234E+05  0.85203057756680E+05  0.39834972290444E+06  0.25358997039825E+03 -0.26738525253609E+05 -0.64023760770065E+01  0.38019268397212E+05 -0.47689269632448E+06  0.00000000000000E+00 -0.21916447669002E+04  0.00000000000000E+00  0.16152849235720E+05 -0.78807820508945E+05  0.00000000000000E+00  0.00000000000000E+00  0.00000000000000E+00  0.19717604408812E+05  0.15703131208144E+04 -0.29468597708623E+05
  -0.12710571275556E+06  0.16580431156583E+05 -0.54985997040968E+04 -0.12747516660480E+05  0.19975778807027E+04 -0.28625359823225E+04 -0.25347810418714E+04 -0.60705652857561E+05  0.11373627026185E+05  0.27197865465120E+04 -0.47732590393869E+03 -0.11656800609313E+04 -0.17231842176867E+03  0.71624360824107E-01 -0.26466748644068E+04  0.49164069846099E+03 -0.28208293816253E+04 -0.19555644995416E+04  0.35074434208306E+05  0.00000000000000E+00  0.00000000000000E+00 -0.51909613906870E+02 -0.16346355751605E+03  0.25358997039825E+03  0.11626576858190E+06  0.00000000000000E+00  0.00000000000000E+00  0.00000000000000E+00  0.00000000000000E+00  0.00000000000000E+00  0.00000000000000E+00  0.00000000000000E+00  0.00000000000000E+00  0.00000000000000E+00  0.00000000000000E+00  0.00000000000000E+00  0.00000000000000E+00  0.00000000000000E+00  0.00000000000000E+00  0.00000000000000E+00
  -0.53928606517911E+05  0.82007202179882E+04 -0.23467378616714E+04 -0.21112591372476E+05  0.33662734905169E+04 -0.43886993251513E+04 -0.39731583412880E+04 -0.48868905000813E+05  0.10791160058217E+05  0.18849558933736E+04 -0.36082431183588E+03  0.22059888000016E-11 -0.38151114210572E-11  0.19972986034341E-12 -0.17380423246015E+04  0.30832433528222E+03 -0.18124255501993E+04 -0.12241017979735E+04  0.78026907649560E+05 -0.23999585755164E+02  0.48196309625663E+04 -0.20808117026349E+04 -0.51894437749379E+04 -0.26738525253609E+05  0.00000000000000E+00  0.64581918560777E+05  0.00000000000000E+00  0.00000000000000E+00  0.00000000000000E+00  0.00000000000000E+00  0.00000000000000E+00  0.00000000000000E+00  0.00000000000000E+00  0.00000000000000E+00  0.00000000000000E+00  0.00000000000000E+00  0.00000000000000E+00  0.00000000000000E+00  0.00000000000000E+00  0.00000000000000E+00
  -0.44406327938941E+04 -0.23515444089301E+03  0.48595876014035E+02 -0.64863336664424E+02 -0.56044875185627E+02  0.15956928244280E+03  0.13945017102233E+03 -0.67435961013960E+05  0.24113442511012E+05  0.72852742370187E+03 -0.33912784744233E+03 -0.76106818293906E+03 -0.29394013746420E+02 -0.63648705222827E+01 -0.24569468099156E+04  0.28325389303003E+03 -0.25788968866668E+04 -0.12926169640860E+04 -0.12032873888945E+04  0.00000000000000E+00  0.00000000000000E+00  0.24675006019611E+01 -0.47419427489292E+02 -0.64023760770065E+01  0.00000000000000E+00  0.00000000000000E+00  0.30674448595360E+05  0.00000000000000E+00  0.00000000000000E+00  0.00000000000000E+00  0.00000000000000E+00  0.00000000000000E+00  0.00000000000000E+00  0.00000000000000E+00  0.00000000000000E+00  0.00000000000000E+00  0.00000000000000E+00  0.00000000000000E+00  0.00000000000000E+00  0.00000000000000E+00
  -0.83880682885802E+06  0.20927651049957E+06 -0.38626040156457E+05 -0.65602038411868E+05  0.11912789544175E+05 -0.89532969606006E+04 -0.10193765333332E+05 -0.28253555468302E+06  0.65401042914494E+05  0.10877458121252E+05 -0.20453038965879E+04 -0.51965968138307E+04 -0.61136318020821E+03 -0.87172518363294E+00  0.19459966674754E+04 -0.15400508473060E+03  0.21755231317592E+04  0.10051809589900E+04  0.58356244888168E+06  0.00000000000000E+00  0.00000000000000E+00  0.48520461859091E+03 -0.67492309712698E+04  0.38019268397212E+05  0.00000000000000E+00  0.00000000000000E+00  0.00000000000000E+00  0.57769379243590E+06  0.00000000000000E+00  0.00000000000000E+00  0.00000000000000E+00  0.00000000000000E+00  0.00000000000000E+00  0.00000000000000E+00  0.00000000000000E+00  0.00000000000000E+00  0.00000000000000E+00  0.00000000000000E+00  0.00000000000000E+00  0.00000000000000E+00
  -0.10863571101613E+07  0.26363962302903E+06 -0.50206064921268E+05 -0.34018390736119E+06  0.62887301923186E+05 -0.44246702511419E+05 -0.53209363422239E+05 -0.56049915995589E+06  0.12559468945381E+06  0.22755256545877E+05 -0.41087305177074E+04  0.51494082396340E-09  0.35333275550499E-10  0.45728519541924E-11  0.41840098133479E+04 -0.46839196414220E+03  0.46995550143726E+04  0.25467377862335E+04  0.28471618498301E+07  0.45346684848978E+03  0.10952940328469E+06 -0.41334017377743E+05 -0.11385195069827E+06 -0.47689269632448E+06  0.00000000000000E+00  0.00000000000000E+00  0.00000000000000E+00  0.00000000000000E+00  0.91809871061972E+06  0.00000000000000E+00  0.00000000000000E+00  0.00000000000000E+00  0.00000000000000E+00  0.00000000000000E+00  0.00000000000000E+00  0.00000000000000E+00  0.00000000000000E+00  0.00000000000000E+00  0.00000000000000E+00  0.00000000000000E+00
  -0.20602880403233E+05  0.58078695736107E+04 -0.99421272346521E+03 -0.14094345543897E+04  0.33731066256562E+03  0.14140069565005E+00 -0.17129486951613E+03 -0.73213498917528E+05  0.23180251401664E+05  0.15243985469164E+04 -0.43898716007531E+03 -0.25013263155786E+04 -0.15561426982302E+03 -0.36254376219018E+01 -0.15265295171302E+04  0.15846572014613E+03 -0.13326401490418E+04 -0.67435928626092E+03  0.18256958160224E+05  0.00000000000000E+00  0.00000000000000E+00  0.00000000000000E+00  0.00000000000000E+00  0.00000000000000E+00  0.00000000000000E+00  0.00000000000000E+00  0.00000000000000E+00  0.00000000000000E+00  0.00000000000000E+00  0.14753356081625E+05  0.00000000000000E+00  0.00000000000000E+00  0.00000000000000E+00  0.00000000000000E+00  0.00000000000000E+00  0.00000000000000E+00  0.00000000000000E+00  0.00000000000000E+00  0.00000000000000E+00  0.00000000000000E+00
  -0.46455698200225E+05  0.13243544301045E+05 -0.22515081415905E+04 -0.24904637860525E+04  0.57641911762428E+03 -0.30128732601387E+02 -0.29309316287776E+03 -0.16384282743912E+06  0.51971459595151E+05  0.33428605142216E+04 -0.98266345818353E+03 -0.74581760119316E+02 -0.19694125231486E+02 -0.22014286838269E-04 -0.29748363469679E+04  0.30773156694499E+03 -0.26090099571773E+04 -0.13212605199881E+04  0.32616737333279E+05 -0.76385876222653E+01 -0.10950778350435E+04 -0.16725156795254E+03 -0.41417171345602E+03 -0.21916447669002E+04  0.00000000000000E+00  0.00000000000000E+00  0.00000000000000E+00  0.00000000000000E+00  0.00000000000000E+00  0.00000000000000E+00  0.31845384949043E+05  0.00000000000000E+00  0.00000000000000E+00  0.00000000000000E+00  0.00000000000000E+00  0.00000000000000E+00  0.00000000000000E+00  0.00000000000000E+00  0.00000000000000E+00  0.00000000000000E+00
  -0.30858663021458E+04  0.42164660782942E+03 -0.11798119174977E+03 -0.74049308565268E+02  0.95824908665945E+01 -0.19960616788191E+02 -0.14016144811382E+02 -0.13445485158864E+04  0.18139950760825E+03  0.43059113733291E+02 -0.11042692053407E+02 -0.82549811299480E+02 -0.66329797520034E+01 -0.14807872519997E+00 -0.71774153765042E+03  0.79274113296306E+02 -0.63800080353867E+03 -0.35016298540346E+03  0.23976660787175E+03  0.00000000000000E+00  0.00000000000000E+00  0.00000000000000E+00  0.00000000000000E+00  0.00000000000000E+00  0.00000000000000E+00  0.00000000000000E+00  0.00000000000000E+00  0.00000000000000E+00  0.00000000000000E+00  0.00000000000000E+00  0.00000000000000E+00  0.37871440343558E+04  0.00000000000000E+00  0.00000000000000E+00  0.00000000000000E+00  0.00000000000000E+00  0.00000000000000E+00  0.00000000000000E+00  0.00000000000000E+00  0.00000000000000E+00
  -0.19867018253087E+06  0.63490002579514E+05 -0.98138438412457E+04 -0.11713763679560E+05  0.29628604465486E+04  0.37147621588845E+03 -0.10655894567194E+04 -0.56837940144141E+04  0.61706210989381E+03  0.56723193754072E+03 -0.48204446003226E+02 -0.22229080923468E+00 -0.16020637517116E+00  0.24510610393122E-12  0.25521843726444E+03 -0.68539118536790E+02  0.90155284229530E+02  0.11982800387527E+03  0.18977732288286E+06  0.00000000000000E+00  0.00000000000000E+00  0.22598950243084E+04  0.31624916116581E+04  0.16152849235720E+05  0.00000000000000E+00  0.00000000000000E+00  0.00000000000000E+00  0.00000000000000E+00  0.00000000000000E+00  0.00000000000000E+00  0.00000000000000E+00  0.00000000000000E+00  0.10557977124626E+06  0.00000000000000E+00  0.00000000000000E+00  0.00000000000000E+00  0.00000000000000E+00  0.00000000000000E+00  0.00000000000000E+00  0.00000000000000E+00
  -0.22441192092412E+06  0.71149596863442E+05 -0.11053928341391E+05 -0.52540671418934E+05  0.13084535276602E+05  0.12953518477216E+04 -0.49422224498859E+04 -0.11171213114105E+05  0.12456593483304E+04  0.10775152715711E+04 -0.94581439411041E+02  0.32828014217932E-10  0.25513095249422E-11 -0.48770865241245E-13  0.45540996366183E+03 -0.12072258171271E+03  0.17556012356706E+03  0.22159414060798E+03  0.82910377762313E+06  0.22575963463201E+03  0.21787565965685E+05 -0.47582407856519E+04 -0.14945395160291E+05 -0.78807820508945E+05  0.00000000000000E+00  0.00000000000000E+00  0.00000000000000E+00  0.00000000000000E+00  0.00000000000000E+00  0.00000000000000E+00  0.00000000000000E+00  0.00000000000000E+00  0.00000000000000E+00  0.13877861513766E+06  0.00000000000000E+00  0.00000000000000E+00  0.00000000000000E+00  0.00000000000000E+00  0.00000000000000E+00  0.00000000000000E+00
  -0.90799352589185E+04  0.24604112552629E+04 -0.42972080676056E+03 -0.24975597295199E+04  0.47904962049477E+03 -0.27353834369708E+03 -0.37663383169232E+03  0.12429308527523E+03 -0.12114563764888E+04  0.13284214363000E+03 -0.14696418554604E+02 -0.18223704526701E+01 -0.19196336234040E+00 -0.18037280311885E-02 -0.28497777961916E+04  0.43695123078277E+03 -0.27869425587561E+04 -0.17840744730581E+04  0.25494549053123E+05  0.00000000000000E+00  0.00000000000000E+00  0.00000000000000E+00  0.00000000000000E+00  0.00000000000000E+00  0.00000000000000E+00  0.00000000000000E+00  0.00000000000000E+00  0.00000000000000E+00  0.00000000000000E+00  0.00000000000000E+00  0.00000000000000E+00  0.00000000000000E+00  0.00000000000000E+00  0.00000000000000E+00  0.82857397355188E+04  0.00000000000000E+00  0.00000000000000E+00  0.00000000000000E+00  0.00000000000000E+00  0.00000000000000E+00
  -0.32210808465584E+04  0.78265323362817E+03 -0.14989353777481E+03 -0.97628913621637E+03  0.17806473560463E+03 -0.13874207377823E+03 -0.15918701619049E+03  0.18785082565227E+03 -0.67469917612590E+03  0.59523528344997E+02 -0.69789912675132E+01 -0.78545621561484E+00 -0.74832398402281E-01 -0.99325174484070E-03 -0.15146263326196E+04  0.21571164068170E+03 -0.14968481975290E+04 -0.92045486779286E+03  0.80609185762963E+04  0.00000000000000E+00  0.00000000000000E+00  0.00000000000000E+00  0.00000000000000E+00  0.00000000000000E+00  0.00000000000000E+00  0.00000000000000E+00  0.00000000000000E+00  0.00000000000000E+00  0.00000000000000E+00  0.00000000000000E+00  0.00000000000000E+00  0.00000000000000E+00  0.00000000000000E+00  0.00000000000000E+00  0.00000000000000E+00  0.42550741201362E+04  0.00000000000000E+00  0.00000000000000E+00  0.00000000000000E+00  0.00000000000000E+00
  -0.15069214290849E+05 -0.23616068091014E+04  0.47084726950525E+02 -0.94162910498263E+04  0.33298374484229E+03 -0.30817042592257E+04 -0.12946373892818E+04 -0.26416939371379E+06  0.11155364223606E+06  0.30834581469758E+04 -0.11481585865101E+04  0.29776644287995E+03  0.29689326661539E+02 -0.16344765104837E+01 -0.24105644794205E+04 -0.30061671212297E+03  0.14743757233063E+04  0.15330332878932E+04 -0.19443751693010E+05  0.00000000000000E+00  0.00000000000000E+00  0.00000000000000E+00  0.00000000000000E+00  0.00000000000000E+00  0.00000000000000E+00  0.00000000000000E+00  0.00000000000000E+00  0.00000000000000E+00  0.00000000000000E+00  0.00000000000000E+00  0.00000000000000E+00  0.00000000000000E+00  0.00000000000000E+00  0.00000000000000E+00  0.00000000000000E+00  0.00000000000000E+00  0.12399805415317E+06  0.00000000000000E+00  0.00000000000000E+00  0.00000000000000E+00
   0.16587490637537E+05 -0.22367184966912E+04  0.71903067077669E+03 -0.15681131898931E+05  0.24964995941081E+04 -0.34325340694909E+04 -0.32117523941679E+04 -0.86363314565044E+04  0.15759183755090E+04  0.43836707152809E+03 -0.67898262805055E+02  0.32121742283806E+03  0.72094977992735E+02  0.66676448139707E-04  0.18205830019744E+03 -0.32640610047538E+02  0.23977532239985E+03  0.16501188362453E+03  0.45735734525097E+05  0.10351506042309E+02 -0.40093726848170E+04  0.14841797583244E+04  0.37007491264613E+04  0.19717604408812E+05  0.00000000000000E+00  0.00000000000000E+00  0.00000000000000E+00  0.00000000000000E+00  0.00000000000000E+00  0.00000000000000E+00  0.00000000000000E+00  0.00000000000000E+00  0.00000000000000E+00  0.00000000000000E+00  0.00000000000000E+00  0.00000000000000E+00  0.00000000000000E+00  0.39280794202674E+05  0.00000000000000E+00  0.00000000000000E+00
  -0.70666778062304E+05  0.85400242870206E+04 -0.25444357021222E+04 -0.71661040409075E+04  0.81660303146308E+03 -0.18795040716343E+04 -0.11641469617946E+04 -0.13800424812907E+06  0.44206704132968E+05  0.27795609298402E+04 -0.82551673856987E+03 -0.28423805644949E+04 -0.20353137347778E+03 -0.34040170835740E+01 -0.84835205389811E+03  0.24400832033409E+03 -0.17598196412755E+04 -0.12017059643247E+04  0.21244508113506E+05  0.00000000000000E+00  0.00000000000000E+00 -0.38928444922093E+03 -0.21443397166632E+04  0.15703131208144E+04  0.00000000000000E+00  0.00000000000000E+00  0.00000000000000E+00  0.00000000000000E+00  0.00000000000000E+00  0.00000000000000E+00  0.00000000000000E+00  0.00000000000000E+00  0.00000000000000E+00  0.00000000000000E+00  0.00000000000000E+00  0.00000000000000E+00  0.00000000000000E+00  0.00000000000000E+00  0.94929141729347E+05  0.00000000000000E+00
  -0.55779780680375E+05  0.71677354679433E+04 -0.20638800588297E+04 -0.21216888343848E+05  0.25099489562013E+04 -0.54184023870363E+04 -0.34687296157518E+04 -0.17153057883780E+06  0.54403118967637E+05  0.35399507619359E+04 -0.10341064429120E+04  0.91005399865716E-10  0.85927849741905E-13  0.39379295103512E-12 -0.95659519321293E+03  0.27362847542105E+03 -0.19554479110630E+04 -0.13363400464482E+04  0.65428254085928E+05 -0.25568440637338E+02  0.39565566379441E+04 -0.27800289768685E+04 -0.81056911723649E+04 -0.29468597708623E+05  0.00000000000000E+00  0.00000000000000E+00  0.00000000000000E+00  0.00000000000000E+00  0.00000000000000E+00  0.00000000000000E+00  0.00000000000000E+00  0.00000000000000E+00  0.00000000000000E+00  0.00000000000000E+00  0.00000000000000E+00  0.00000000000000E+00  0.00000000000000E+00  0.00000000000000E+00  0.00000000000000E+00  0.99610960969268E+05

 # Covariance matrix (Bevington epsilon)
