# fitpack15: fit parameters                                                                         
# CJ15 AV18 final data choices                                                                      
# Created on 01/23/2020 at 22:45:14                                                                 

 # QCD setup
  INS                           0
  NVL                          11
  IORD                          1
  Q02                   1.6899999999999999     
  IPARAMC                       7
  FLAVOR                4.0000000000000000     
  xmc                   1.3000000000000000     
  xmb                   4.5000000000000000     
  ncb                          12
  ihq                           1
  ias                           0

 # Theory corrections
  inuke                     10814
  itmc                          1
  iht                           1

 # fit parameters
 LAMBDA       0.22680        0.0000    
 a0uv          2.4496        0.0000    
 a1uv         0.61959       0.19639E-01
 a2uv          3.5421       0.12613E-01
 a3uv          0.0000        0.0000    
 a4uv          3.3794       0.41748    
 a5uv          0.0000        0.0000    
 a0dv          23.593        0.0000    
 a1dv          1.1502       0.33885E-01
 a2dv          6.4900       0.16022    
 a3dv         -3.4775       0.88660E-01
 a4dv          4.6563       0.14610    
 a5dv          0.0000        0.0000    
 a0ud         0.14684       0.50383E-02
 a1ud        -0.20752       0.37557E-02
 a2ud          8.2744       0.19137    
 a3ud          0.0000        0.0000    
 a4ud          14.448        1.2152    
 a5ud          0.0000        0.0000    
 a0du          35712.        0.0000    
 a1du          4.0137       0.73474E-01
 a2du          20.115       0.86033    
 a3du          17.000        0.0000    
 a4du          50.641        10.454    
 a0g           42.601        0.0000    
 a1g          0.59117       0.31591E-01
 a2g           6.5874        1.1120    
 a3g          -3.2045       0.14751    
 a4g           3.0219       0.33791    
 a5g           0.0000        0.0000    
 kappa        0.40000        0.0000    
 a6dv        -0.34448E-02   0.70389E-03
 a7dv          2.0000        0.0000    
 off1         -3.9377        1.5192    
 off2         0.59747E-01   0.52553E-01
 ht1          -3.3938       0.26665    
 ht2           1.9544       0.10494    
 ht3          -2.0557       0.17919E-01
 ht4           0.0000        0.0000    
 dummy40       0.0000        0.0000    
 dummy41       0.0000        0.0000    
 dummy42       0.0000        0.0000    
 dummy43       0.0000        0.0000    
 dummy44       0.0000        0.0000    
 dummy45       0.0000        0.0000    
 dummy46       0.0000        0.0000    
 dummy47       0.0000        0.0000    
 dummy48       0.0000        0.0000    
 dummy49       0.0000        0.0000    
 bcdmsh2      0.97369       0.48243E-02
 bcdmsd2      0.99378       0.58307E-02
 ccfr          1.0000        0.0000    
 nutev         1.0000        0.0000    
 zeus         0.97998        0.0000    
 h1            1.0162        0.0000    
 e605          1.0319        0.0000    
 NmcH2         1.0101       0.71214E-02
 ntv_nu        1.0000        0.0000    
 ntv_nubar     1.0000        0.0000    
 cdf_jet      0.98910        0.0000    
 d0_jet       0.83504        0.0000    
 slac_p        1.0057       0.48096E-02
 slac_d        1.0051       0.52709E-02
 e866pp       0.96590       0.19230E-01
 e866pd       0.96629       0.15829E-01
 d0_gamjet     1.0387       0.16477E-01
 h1b          0.97608        0.0000    
 jlab_p       0.99494       0.57828E-02
 jlab_d       0.97660       0.58987E-02
 blank         1.0000        0.0000    
 d0run2       0.93440       0.14039E-01
 cdfrun2      0.92139       0.17145E-01
 HERA_el       1.0000        0.0000    
 HERA_ps       1.0000        0.0000    
 CDF_Z        0.96726       0.65265E-02
 NmcRat        1.0000        0.0000    
 BNS_F2nd     0.98450       0.69507E-02
 HERMES_F2p   0.99892       0.55653E-02
 HERMES_F2d   0.98109       0.58192E-02
 END 0. 0.

 # Hessian matrix (Bevington alpha)
   0.48421378429968E+07 -0.12787079145344E+07  0.23704374957123E+06  0.47665782224092E+06 -0.12752487679356E+06 -0.19225705238843E+05  0.56340955622154E+05  0.90270162806337E+06 -0.17341468777062E+06 -0.48694165371221E+05  0.74374657109681E+04  0.15732749140965E+05  0.17859414982224E+04 -0.11202277711008E+03  0.67819472931963E+04 -0.17553027001480E+04  0.10154114827689E+05  0.72369315687815E+04 -0.70439554700073E+07 -0.12905342123774E+04 -0.23528760970912E+06  0.62901718515637E+05  0.19214815796754E+06  0.80998823593410E+06 -0.12635497600494E+06 -0.53608107579733E+05 -0.42661004301679E+04 -0.83275082330755E+06 -0.10772291054777E+07 -0.20452720525823E+05 -0.46025147530247E+05 -0.30634137135840E+04 -0.19733737410321E+06 -0.22230540477333E+06 -0.92079721922538E+04 -0.32606215366908E+04 -0.14469885188408E+05  0.16521131893816E+05 -0.70096955030824E+05 -0.55357783114740E+05
  -0.12787079145344E+07  0.41137217408323E+06 -0.64811785608250E+05 -0.13447825800265E+06  0.35847980561550E+05  0.75862504808710E+04 -0.12777057870840E+05 -0.12225211038426E+06  0.26449706258173E+05  0.75984848110508E+04 -0.95322654477332E+03 -0.12732267119666E+04 -0.14961784030984E+03  0.13522518014585E+02  0.62765053648531E+03 -0.44424255441257E+02  0.15712345315276E+03  0.81485548177797E+02  0.24235235189825E+07  0.53477204858050E+03  0.67511722914899E+05 -0.14381793743923E+05 -0.46911289143630E+05 -0.22449361025227E+06  0.16554806407699E+05  0.81839486696040E+04 -0.24701921246359E+03  0.20867538781875E+06  0.26223453003865E+06  0.57895374189037E+04  0.13170462394211E+05  0.42048750866635E+03  0.63308611597720E+05  0.70699757033195E+05  0.24957556275444E+04  0.79237480088479E+03 -0.23972277286564E+04 -0.22345817850215E+04  0.85137878633123E+04  0.71435742566997E+04
   0.23704374957123E+06 -0.64811785608250E+05  0.11739741995434E+05  0.23634766674797E+05 -0.64167930550792E+04 -0.11684965162502E+04  0.27118954447293E+04  0.32348810436912E+05 -0.60530647168844E+04 -0.20598447231064E+04  0.27066968706564E+03  0.49801710645723E+03  0.65795644906143E+02 -0.51560108957827E+01 -0.41481119727714E+03  0.35868546076728E+01 -0.16997215060115E+03 -0.22256452751850E+02 -0.36105225168587E+06 -0.68497680610823E+02 -0.11718984985813E+05  0.30087003976115E+04  0.91937217868722E+04  0.39908778091711E+05 -0.56392617333851E+04 -0.24080672066668E+04  0.55406289646137E+02 -0.39745347740034E+05 -0.51574327396204E+05 -0.10244018103717E+04 -0.23154829908583E+04 -0.12070253184093E+03 -0.10135883996570E+05 -0.11380639971403E+05 -0.45146906180358E+03 -0.15700759485697E+03  0.73181625551479E+02  0.73781883074758E+03 -0.25986124162100E+04 -0.21097820308805E+04
   0.47665782224092E+06 -0.13447825800265E+06  0.23634766674797E+05  0.39561449757749E+06 -0.63042528454506E+05  0.75286365757942E+05  0.64423612335437E+05  0.34899357289451E+06 -0.25918172894417E+05 -0.18531544785968E+05  0.34198235616198E+04 -0.13629374214323E+04 -0.15754021408647E+03  0.58782646534481E+02  0.30053334373074E+05 -0.35482579176033E+04  0.25875374988554E+05  0.14467302490296E+05 -0.21093801879381E+07 -0.18040136750878E+03 -0.69110770310188E+05  0.22083584657178E+05  0.60643802347703E+05  0.26105423284854E+06 -0.12815464391750E+05 -0.21187135288022E+05 -0.70477543635327E+02 -0.65618582708090E+05 -0.34042283255018E+06 -0.14231778515042E+04 -0.24823191717801E+04 -0.74920714558601E+02 -0.11728607413027E+05 -0.52633417593361E+05 -0.25585102213129E+04 -0.99826107833809E+03 -0.94769511198877E+04 -0.15591864374532E+05 -0.72112863797684E+04 -0.21328485455453E+05
  -0.12752487679356E+06  0.35847980561550E+05 -0.64167930550792E+04 -0.63042528454506E+05  0.11999914088604E+05 -0.79548562257744E+04 -0.95180688432034E+04 -0.32891165828809E+05  0.40599628515489E+03  0.24454727424013E+04 -0.35048964609393E+03 -0.48620041777869E+02  0.42961150605601E+01 -0.52837761644863E+01 -0.25668521383778E+04  0.30722522142710E+03 -0.21682638046660E+04 -0.12280151372021E+04  0.47537772039179E+06  0.63159444371744E+02  0.14623648507877E+05 -0.42378509516605E+04 -0.11601498547091E+05 -0.53069441095735E+05  0.20093597143631E+04  0.33876990323807E+04 -0.56301186429185E+02  0.12099601833636E+05  0.63758632842371E+05  0.34684772460822E+03  0.58589457062285E+03  0.97248433005381E+01  0.30388486044704E+04  0.13404077329792E+05  0.49771703436133E+03  0.18406339375952E+03  0.32108208259420E+03  0.24860068187280E+04  0.82584817593227E+03  0.25337839544626E+04
  -0.19225705238843E+05  0.75862504808710E+04 -0.11684965162502E+04  0.75286365757942E+05 -0.79548562257744E+04  0.23467574067144E+05  0.14390888347116E+05  0.10368404546136E+06 -0.92740930623675E+04 -0.45862019544866E+04  0.99907100471533E+03 -0.69429933631083E+03 -0.68614257307640E+02  0.19526729684094E+02  0.89532547617571E+04 -0.10850466209097E+04  0.78574164335997E+04  0.44509424627150E+04 -0.73927810930234E+05  0.52256089872208E+02 -0.52983384197783E+04  0.26665894875036E+04  0.73361163957147E+04  0.24024706108592E+05 -0.27937115353237E+04 -0.42907893624826E+04  0.14752701477849E+03 -0.88931078595233E+04 -0.44161916896097E+05 -0.10949498198210E+02 -0.46803971958418E+02 -0.19505442610952E+02  0.27054149721734E+03  0.82913448236915E+03 -0.28524877421566E+03 -0.14154861531205E+03 -0.29659272508974E+04 -0.33233492525473E+04 -0.18255356504721E+04 -0.52649539488535E+04
   0.56340955622154E+05 -0.12777057870840E+05  0.27118954447293E+04  0.64423612335437E+05 -0.95180688432034E+04  0.14390888347116E+05  0.11384276338841E+05  0.57888581664129E+05 -0.29942486502580E+04 -0.32905451679428E+04  0.58795506515435E+03 -0.20600322188811E+03 -0.26930787857404E+02  0.10294104666757E+02  0.46314263296505E+04 -0.56809155928797E+03  0.39792465291494E+04  0.22810519134217E+04 -0.24372614800565E+06  0.98908098015568E+00 -0.95455097841079E+04  0.33792533923213E+04  0.91595844316193E+04  0.36725099380935E+05 -0.24774043153552E+04 -0.38864102562495E+04  0.13257680174859E+03 -0.10077451348586E+05 -0.52641822285531E+05 -0.17606503353641E+03 -0.29711792009251E+03 -0.13747622870730E+02 -0.11113164353688E+04 -0.51445736019530E+04 -0.38372127405419E+03 -0.16071942899580E+03 -0.12398123089597E+04 -0.31095041478003E+04 -0.11377411028300E+04 -0.33888174611027E+04
   0.90270162806337E+06 -0.12225211038426E+06  0.32348810436912E+05  0.34899357289451E+06 -0.32891165828809E+05  0.10368404546136E+06  0.57888581664129E+05  0.49545044208039E+07 -0.23040137813578E+07 -0.85637834319881E+05  0.26052680717905E+05  0.27770163000924E+05  0.18548405955590E+04  0.10438702445792E+03  0.81089436283880E+05 -0.10142319650446E+05  0.79630475400646E+05  0.43057444492669E+05 -0.55621454052407E+06  0.38802451018599E+03 -0.31340397183523E+05  0.29678369277067E+05  0.92546553168355E+05  0.26330938734520E+06 -0.60953352317910E+05 -0.48991803622717E+05 -0.66391453135644E+05 -0.28134761206521E+06 -0.55936778480140E+06 -0.72421207680490E+05 -0.16165748410266E+06 -0.13327219850002E+04 -0.57971694298720E+04 -0.11365077550564E+05 -0.13320179447709E+03  0.82906208458886E+02 -0.26087837005152E+06 -0.86160064084731E+04 -0.13643456289945E+06 -0.17004918224071E+06
  -0.17341468777062E+06  0.26449706258173E+05 -0.60530647168844E+04 -0.25918172894417E+05  0.40599628515489E+03 -0.92740930623675E+04 -0.29942486502580E+04 -0.23040137813578E+07  0.19260210266867E+07  0.19062763735188E+05 -0.65566224343886E+04 -0.59828960497083E+04 -0.32906412067806E+03 -0.14296716286614E+02  0.50266779285091E+05 -0.22800970881133E+04  0.16376954493091E+05  0.78820425574274E+04 -0.24449328754039E+05 -0.92711018507981E+02  0.72231844336798E+03 -0.59244022615728E+04 -0.19638695782375E+05 -0.49825303999910E+05  0.11584552800656E+05  0.10942494226316E+05  0.23974741228527E+05  0.65606104193747E+05  0.12626464322057E+06  0.23125690795891E+05  0.51743439136468E+05  0.18103581326290E+03  0.61187129726852E+03  0.12381224293943E+04 -0.11400416168488E+04 -0.64633740191009E+03  0.11130374410940E+06  0.15833841782006E+04  0.44124868838437E+05  0.54451826698761E+05
  -0.48694165371221E+05  0.75984848110508E+04 -0.20598447231064E+04 -0.18531544785968E+05  0.24454727424013E+04 -0.45862019544866E+04 -0.32905451679428E+04 -0.85637834319881E+05  0.19062763735188E+05  0.26757517792900E+04 -0.64998513125271E+03 -0.71680405420170E+03 -0.62864404186870E+02 -0.19981751425209E+01 -0.39204509510176E+04  0.46347116009191E+03 -0.34055663661782E+04 -0.19166436450098E+04  0.55446772100411E+05 -0.10036543920924E+02  0.28074519699695E+04 -0.13896541837740E+04 -0.40293439693462E+04 -0.13285027712363E+05  0.27609858642228E+04  0.19134457050275E+04  0.72602502833578E+03  0.11024603800193E+05  0.23095910490346E+05  0.15368617495145E+04  0.33548829062397E+04  0.43343627478061E+02  0.59246245772055E+03  0.11216701140308E+04  0.14182910397003E+03  0.63068668238131E+02  0.30835202141738E+04  0.44306077716026E+03  0.27904105993710E+04  0.35622612397652E+04
   0.74374657109681E+04 -0.95322654477332E+03  0.27066968706564E+03  0.34198235616198E+04 -0.35048964609393E+03  0.99907100471533E+03  0.58795506515435E+03  0.26052680717905E+05 -0.65566224343886E+04 -0.64998513125271E+03  0.18394081163250E+03  0.21349555213231E+03  0.15459064582701E+02  0.76948242655628E+00  0.12569927354494E+04 -0.13546972835268E+03  0.10374266831501E+04  0.56342018795153E+03 -0.63451814782515E+04  0.29257696897697E+01 -0.32474070762116E+03  0.23535592324489E+03  0.71832046506273E+03  0.21211979842974E+04 -0.49388895212282E+03 -0.37279096850586E+03 -0.34176897879923E+03 -0.21021653101937E+04 -0.42329815784099E+04 -0.44683745796678E+03 -0.99737703240687E+03 -0.11273199950929E+02 -0.51144216623820E+02 -0.10002935247344E+03 -0.16848267014521E+02 -0.78799505793808E+01 -0.11626261779136E+04 -0.69993512617341E+02 -0.83932810148915E+03 -0.10544670840190E+04
   0.15732749140965E+05 -0.12732267119666E+04  0.49801710645723E+03 -0.13629374214323E+04 -0.48620041777869E+02 -0.69429933631083E+03 -0.20600322188811E+03  0.27770163000924E+05 -0.59828960497083E+04 -0.71680405420170E+03  0.21349555213231E+03  0.19031779015752E+04  0.12331065348095E+03 -0.94460054870633E+00  0.15060046567107E+04 -0.20237822953121E+03  0.15818843215704E+04  0.90224657511765E+03 -0.67107834648452E+04 -0.51207916771868E+01 -0.14665637474878E+03 -0.11216978596573E+02  0.14429447971098E+03 -0.94033963569992E+03 -0.11917619076503E+04  0.67788640386748E-10 -0.79178772021086E+03 -0.53120063807865E+04  0.10311957471301E-09 -0.25844048165444E+04 -0.76231800313253E+02 -0.85032138782132E+02 -0.22928172435786E+00  0.16216820385807E-09 -0.18990076687308E+01 -0.81567720522403E+00  0.30489989840756E+03  0.32760808726627E+03 -0.29241723704617E+04  0.10874231945008E-09
   0.17859414982224E+04 -0.14961784030984E+03  0.65795644906143E+02 -0.15754021408647E+03  0.42961150605601E+01 -0.68614257307640E+02 -0.26930787857404E+02  0.18548405955590E+04 -0.32906412067806E+03 -0.62864404186870E+02  0.15459064582701E+02  0.12331065348095E+03  0.11014776163790E+02 -0.18611333031226E+00  0.79804444716721E+02 -0.13032450778548E+02  0.94234406982153E+02  0.58145869454056E+02 -0.31834002493037E+03 -0.44542944190319E+00  0.69441723784035E+01  0.60167146351704E+00  0.18649868535412E+02 -0.98821495446972E+02 -0.17639232270942E+03  0.23471320288358E-11 -0.30361285833258E+02 -0.62496457927663E+03  0.43043352209477E-10 -0.16016109645177E+03 -0.20148999746673E+02 -0.68014655497549E+01 -0.16527105724123E+00  0.12532099183422E-10 -0.19945017619456E+00 -0.77420590664336E-01  0.30392117262888E+02  0.73579632893052E+02 -0.20861054572944E+03  0.12229064135550E-10
  -0.11202277711008E+03  0.13522518014585E+02 -0.51560108957827E+01  0.58782646534481E+02 -0.52837761644863E+01  0.19526729684094E+02  0.10294104666757E+02  0.10438702445792E+03 -0.14296716286614E+02 -0.19981751425209E+01  0.76948242655628E+00 -0.94460054870633E+00 -0.18611333031226E+00  0.57699452846556E-01  0.15461573073629E+02 -0.11775909098848E+01  0.94274707429841E+01  0.44730393965597E+01 -0.81057326887632E+02  0.29189917336171E-01 -0.52557239620371E+01  0.64730812187457E+00  0.16406361982087E+01  0.85560250641244E+01  0.72832809429798E-01  0.59825969799244E-12 -0.66246481819753E+01 -0.95167141021502E+00  0.33633280744087E-11 -0.38610974549556E+01 -0.28202067416606E-04 -0.15548045001555E+00 -0.61204194274072E-13  0.14908602891143E-12 -0.19291001250801E-02 -0.10560680654253E-02 -0.16346363165049E+01  0.89640154421541E-04 -0.36184777001443E+01  0.93881116049343E-12
   0.67819472931963E+04  0.62765053648531E+03 -0.41481119727714E+03  0.30053334373074E+05 -0.25668521383778E+04  0.89532547617571E+04  0.46314263296505E+04  0.81089436283880E+05  0.50266779285091E+05 -0.39204509510176E+04  0.12569927354494E+04  0.15060046567107E+04  0.79804444716721E+02  0.15461573073629E+02  0.47902131273374E+05 -0.42740582333795E+04  0.33008203873982E+05  0.17150107285204E+05 -0.51629849342076E+05  0.13160097994891E+01  0.82317250762829E+03 -0.22166317960207E+03 -0.64577837745501E+03 -0.16146724737397E+04 -0.24479402700116E+04 -0.16190263586159E+04 -0.24320065073625E+04  0.19987763164140E+04  0.41600003521160E+04 -0.15121452531735E+04 -0.29265632430511E+04 -0.70528498889847E+03  0.20505643244469E+03  0.36753707478558E+03 -0.27340853600171E+04 -0.14657975999039E+04 -0.26461702544372E+04  0.17016430661946E+03 -0.77433261200597E+03 -0.87182071660036E+03
  -0.17553027001480E+04 -0.44424255441257E+02  0.35868546076728E+01 -0.35482579176033E+04  0.30722522142710E+03 -0.10850466209097E+04 -0.56809155928797E+03 -0.10142319650446E+05 -0.22800970881133E+04  0.46347116009191E+03 -0.13546972835268E+03 -0.20237822953121E+03 -0.13032450778548E+02 -0.11775909098848E+01 -0.42740582333795E+04  0.44513277467746E+03 -0.34004537835817E+04 -0.18363146077142E+04  0.59068614234283E+04 -0.69360415925057E+00 -0.11895211664062E+03  0.23657785874993E+02  0.60327922005755E+02  0.17580672340433E+03  0.44338533193361E+03  0.27886532751521E+03  0.27476061185206E+03 -0.16611536666797E+03 -0.46602495122900E+03  0.15216857870467E+03  0.29380279805291E+03  0.75463191682327E+02 -0.54742890603272E+02 -0.96790203849635E+02  0.40385682925371E+03  0.20143742030644E+03 -0.25226603762037E+03 -0.30468667798843E+02  0.22517396831211E+03  0.25203805001856E+03
   0.10154114827689E+05  0.15712345315276E+03 -0.16997215060115E+03  0.25875374988554E+05 -0.21682638046660E+04  0.78574164335997E+04  0.39792465291494E+04  0.79630475400646E+05  0.16376954493091E+05 -0.34055663661782E+04  0.10374266831501E+04  0.15818843215704E+04  0.94234406982153E+02  0.94274707429841E+01  0.33008203873982E+05 -0.34004537835817E+04  0.26247197933726E+05  0.14078089187658E+05 -0.44432780006933E+05  0.88272967216453E+00  0.86894823294017E+03 -0.24883772091330E+03 -0.67835755762462E+03 -0.16787726455618E+04 -0.25883120847049E+04 -0.16616147591000E+04 -0.23203256724039E+04  0.19421390141699E+04  0.42233345420136E+04 -0.12092519572130E+04 -0.23497541637732E+04 -0.57994637740694E+03  0.93397676939941E+02  0.17906727204841E+03 -0.25826890692423E+04 -0.13792030262340E+04  0.12964545293286E+04  0.21641886045014E+03 -0.15930161358550E+04 -0.17696824715493E+04
   0.72369315687815E+04  0.81485548177797E+02 -0.22256452751850E+02  0.14467302490296E+05 -0.12280151372021E+04  0.44509424627150E+04  0.22810519134217E+04  0.43057444492669E+05  0.78820425574274E+04 -0.19166436450098E+04  0.56342018795153E+03  0.90224657511765E+03  0.58145869454056E+02  0.44730393965597E+01  0.17150107285204E+05 -0.18363146077142E+04  0.14078089187658E+05  0.76467955605176E+04 -0.24701235361229E+05  0.17054566038176E+01  0.52406235094396E+03 -0.13336273971188E+03 -0.34130526024156E+03 -0.89594467969758E+03 -0.17786707264209E+04 -0.11132756094977E+04 -0.11689060974524E+04  0.90845310470421E+03  0.23038924692423E+04 -0.61335341754195E+03 -0.11930175007133E+04 -0.31835549321257E+03  0.10926736179944E+03  0.20174910861093E+03 -0.16419542577001E+04 -0.84471602114399E+03  0.13625483904841E+04  0.14874058515444E+03 -0.10888524801419E+04 -0.12102725808027E+04
  -0.70439554700073E+07  0.24235235189825E+07 -0.36105225168587E+06 -0.21093801879381E+07  0.47537772039179E+06 -0.73927810930234E+05 -0.24372614800565E+06 -0.55621454052407E+06 -0.24449328754039E+05  0.55446772100411E+05 -0.63451814782515E+04 -0.67107834648452E+04 -0.31834002493037E+03 -0.81057326887632E+02 -0.51629849342076E+05  0.59068614234283E+04 -0.44432780006933E+05 -0.24701235361229E+05  0.29672902482805E+08  0.58868886740513E+04  0.71846553488457E+06 -0.17592803356560E+06 -0.51142115667417E+06 -0.25775673702931E+07  0.32261623880701E+05  0.71500972572579E+05 -0.11190029640766E+04  0.53444745698397E+06  0.26055874715443E+07  0.16862075522747E+05  0.29770437197726E+05  0.22185887225477E+03  0.17371147055318E+06  0.75812146980820E+06  0.23792917549564E+05  0.75055334298111E+04 -0.17919587711325E+05  0.41622805953887E+05  0.19550669695863E+05  0.60047490791032E+05
  -0.12905342123774E+04  0.53477204858050E+03 -0.68497680610823E+02 -0.18040136750878E+03  0.63159444371744E+02  0.52256089872208E+02  0.98908098015568E+00  0.38802451018599E+03 -0.92711018507981E+02 -0.10036543920924E+02  0.29257696897697E+01 -0.51207916771868E+01 -0.44542944190319E+00  0.29189917336171E-01  0.13160097994891E+01 -0.69360415925057E+00  0.88272967216453E+00  0.17054566038176E+01  0.58868886740513E+04  0.22569363640949E+01  0.14507686214508E+03 -0.27949479610885E+02 -0.82774569216257E+02 -0.50091467777472E+03  0.00000000000000E+00 -0.28226291728351E+02  0.00000000000000E+00  0.00000000000000E+00  0.35814999433590E+03  0.00000000000000E+00 -0.66236232443370E+01  0.00000000000000E+00  0.00000000000000E+00  0.20683077314856E+03  0.00000000000000E+00  0.00000000000000E+00  0.00000000000000E+00  0.13836146804448E+02  0.00000000000000E+00 -0.28997870227796E+02
  -0.23528760970912E+06  0.67511722914899E+05 -0.11718984985813E+05 -0.69110770310188E+05  0.14623648507877E+05 -0.52983384197783E+04 -0.95455097841079E+04 -0.31340397183523E+05  0.72231844336798E+03  0.28074519699695E+04 -0.32474070762116E+03 -0.14665637474878E+03  0.69441723784035E+01 -0.52557239620371E+01  0.82317250762829E+03 -0.11895211664062E+03  0.86894823294017E+03  0.52406235094396E+03  0.71846553488457E+06  0.14507686214508E+03  0.33048433810316E+05 -0.94657245265936E+04 -0.25677816501532E+05 -0.12192653847155E+06  0.00000000000000E+00  0.56261630842280E+04  0.00000000000000E+00  0.00000000000000E+00  0.12906527361867E+06  0.00000000000000E+00 -0.12920788087260E+04  0.00000000000000E+00  0.00000000000000E+00  0.25808736355062E+05  0.00000000000000E+00  0.00000000000000E+00  0.00000000000000E+00 -0.46890906337016E+04  0.00000000000000E+00  0.46195439160982E+04
   0.62901718515637E+05 -0.14381793743923E+05  0.30087003976115E+04  0.22083584657178E+05 -0.42378509516605E+04  0.26665894875036E+04  0.33792533923213E+04  0.29678369277067E+05 -0.59244022615728E+04 -0.13896541837740E+04  0.23535592324489E+03 -0.11216978596573E+02  0.60167146351704E+00  0.64730812187457E+00 -0.22166317960207E+03  0.23657785874993E+02 -0.24883772091330E+03 -0.13336273971188E+03 -0.17592803356560E+06 -0.27949479610885E+02 -0.94657245265936E+04  0.32587116002885E+04  0.86592707671315E+04  0.38219292941700E+05 -0.52077322004315E+02 -0.22488031067292E+04  0.26885904601485E+01  0.39437480084298E+03 -0.45183919545599E+05  0.00000000000000E+00 -0.15613102140168E+03  0.00000000000000E+00  0.21991386469333E+04 -0.55584672879129E+04  0.00000000000000E+00  0.00000000000000E+00  0.00000000000000E+00  0.16123984050299E+04 -0.38571074675446E+03 -0.29466980229038E+04
   0.19214815796754E+06 -0.46911289143630E+05  0.91937217868722E+04  0.60643802347703E+05 -0.11601498547091E+05  0.73361163957147E+04  0.91595844316193E+04  0.92546553168355E+05 -0.19638695782375E+05 -0.40293439693462E+04  0.71832046506273E+03  0.14429447971098E+03  0.18649868535412E+02  0.16406361982087E+01 -0.64577837745501E+03  0.60327922005755E+02 -0.67835755762462E+03 -0.34130526024156E+03 -0.51142115667417E+06 -0.82774569216257E+02 -0.25677816501532E+05  0.86592707671315E+04  0.23609988171443E+05  0.10274541030883E+06 -0.16713864320046E+03 -0.56072556221083E+04 -0.44952693542271E+02 -0.69740106459093E+04 -0.12344327158706E+06  0.00000000000000E+00 -0.38663346149269E+03  0.00000000000000E+00  0.31328177862055E+04 -0.16779619569182E+05  0.00000000000000E+00  0.00000000000000E+00  0.00000000000000E+00  0.40168874734316E+04 -0.21533019237621E+04 -0.85375009357972E+04
   0.80998823593410E+06 -0.22449361025227E+06  0.39908778091711E+05  0.26105423284854E+06 -0.53069441095735E+05  0.24024706108592E+05  0.36725099380935E+05  0.26330938734520E+06 -0.49825303999910E+05 -0.13285027712363E+05  0.21211979842974E+04 -0.94033963569992E+03 -0.98821495446972E+02  0.85560250641244E+01 -0.16146724737397E+04  0.17580672340433E+03 -0.16787726455618E+04 -0.89594467969758E+03 -0.25775673702931E+07 -0.50091467777472E+03 -0.12192653847155E+06  0.38219292941700E+05  0.10274541030883E+06  0.48407219736044E+06  0.25553594562195E+03 -0.28938979190375E+05 -0.62936290457666E+01  0.38469855715733E+05 -0.52465231853447E+06  0.00000000000000E+00 -0.20459224400387E+04  0.00000000000000E+00  0.16382314036159E+05 -0.88000631056338E+05  0.00000000000000E+00  0.00000000000000E+00  0.00000000000000E+00  0.21392346033528E+05  0.15848332522061E+04 -0.31683477604878E+05
  -0.12635497600494E+06  0.16554806407699E+05 -0.56392617333851E+04 -0.12815464391750E+05  0.20093597143631E+04 -0.27937115353237E+04 -0.24774043153552E+04 -0.60953352317910E+05  0.11584552800656E+05  0.27609858642228E+04 -0.49388895212282E+03 -0.11917619076503E+04 -0.17639232270942E+03  0.72832809429798E-01 -0.24479402700116E+04  0.44338533193361E+03 -0.25883120847049E+04 -0.17786707264209E+04  0.32261623880701E+05  0.00000000000000E+00  0.00000000000000E+00 -0.52077322004315E+02 -0.16713864320046E+03  0.25553594562195E+03  0.11610592708579E+06  0.00000000000000E+00  0.00000000000000E+00  0.00000000000000E+00  0.00000000000000E+00  0.00000000000000E+00  0.00000000000000E+00  0.00000000000000E+00  0.00000000000000E+00  0.00000000000000E+00  0.00000000000000E+00  0.00000000000000E+00  0.00000000000000E+00  0.00000000000000E+00  0.00000000000000E+00  0.00000000000000E+00
  -0.53608107579733E+05  0.81839486696040E+04 -0.24080672066668E+04 -0.21187135288022E+05  0.33876990323807E+04 -0.42907893624826E+04 -0.38864102562495E+04 -0.48991803622717E+05  0.10942494226316E+05  0.19134457050275E+04 -0.37279096850586E+03  0.67788640386748E-10  0.23471320288358E-11  0.59825969799244E-12 -0.16190263586159E+04  0.27886532751521E+03 -0.16616147591000E+04 -0.11132756094977E+04  0.71500972572579E+05 -0.28226291728351E+02  0.56261630842280E+04 -0.22488031067292E+04 -0.56072556221083E+04 -0.28938979190375E+05  0.00000000000000E+00  0.64493266010529E+05  0.00000000000000E+00  0.00000000000000E+00  0.00000000000000E+00  0.00000000000000E+00  0.00000000000000E+00  0.00000000000000E+00  0.00000000000000E+00  0.00000000000000E+00  0.00000000000000E+00  0.00000000000000E+00  0.00000000000000E+00  0.00000000000000E+00  0.00000000000000E+00  0.00000000000000E+00
  -0.42661004301679E+04 -0.24701921246359E+03  0.55406289646137E+02 -0.70477543635327E+02 -0.56301186429185E+02  0.14752701477849E+03  0.13257680174859E+03 -0.66391453135644E+05  0.23974741228527E+05  0.72602502833578E+03 -0.34176897879923E+03 -0.79178772021086E+03 -0.30361285833258E+02 -0.66246481819753E+01 -0.24320065073625E+04  0.27476061185206E+03 -0.23203256724039E+04 -0.11689060974524E+04 -0.11190029640766E+04  0.00000000000000E+00  0.00000000000000E+00  0.26885904601485E+01 -0.44952693542271E+02 -0.62936290457666E+01  0.00000000000000E+00  0.00000000000000E+00  0.30620852376455E+05  0.00000000000000E+00  0.00000000000000E+00  0.00000000000000E+00  0.00000000000000E+00  0.00000000000000E+00  0.00000000000000E+00  0.00000000000000E+00  0.00000000000000E+00  0.00000000000000E+00  0.00000000000000E+00  0.00000000000000E+00  0.00000000000000E+00  0.00000000000000E+00
  -0.83275082330755E+06  0.20867538781875E+06 -0.39745347740034E+05 -0.65618582708090E+05  0.12099601833636E+05 -0.88931078595233E+04 -0.10077451348586E+05 -0.28134761206521E+06  0.65606104193747E+05  0.11024603800193E+05 -0.21021653101937E+04 -0.53120063807865E+04 -0.62496457927663E+03 -0.95167141021502E+00  0.19987763164140E+04 -0.16611536666797E+03  0.19421390141699E+04  0.90845310470421E+03  0.53444745698397E+06  0.00000000000000E+00  0.00000000000000E+00  0.39437480084298E+03 -0.69740106459093E+04  0.38469855715733E+05  0.00000000000000E+00  0.00000000000000E+00  0.00000000000000E+00  0.57649090292362E+06  0.00000000000000E+00  0.00000000000000E+00  0.00000000000000E+00  0.00000000000000E+00  0.00000000000000E+00  0.00000000000000E+00  0.00000000000000E+00  0.00000000000000E+00  0.00000000000000E+00  0.00000000000000E+00  0.00000000000000E+00  0.00000000000000E+00
  -0.10772291054777E+07  0.26223453003865E+06 -0.51574327396204E+05 -0.34042283255018E+06  0.63758632842371E+05 -0.44161916896097E+05 -0.52641822285531E+05 -0.55936778480140E+06  0.12626464322057E+06  0.23095910490346E+05 -0.42329815784099E+04  0.10311957471301E-09  0.43043352209477E-10  0.33633280744087E-11  0.41600003521160E+04 -0.46602495122900E+03  0.42233345420136E+04  0.23038924692423E+04  0.26055874715443E+07  0.35814999433590E+03  0.12906527361867E+06 -0.45183919545599E+05 -0.12344327158706E+06 -0.52465231853447E+06  0.00000000000000E+00  0.00000000000000E+00  0.00000000000000E+00  0.00000000000000E+00  0.91595163930474E+06  0.00000000000000E+00  0.00000000000000E+00  0.00000000000000E+00  0.00000000000000E+00  0.00000000000000E+00  0.00000000000000E+00  0.00000000000000E+00  0.00000000000000E+00  0.00000000000000E+00  0.00000000000000E+00  0.00000000000000E+00
  -0.20452720525823E+05  0.57895374189037E+04 -0.10244018103717E+04 -0.14231778515042E+04  0.34684772460822E+03 -0.10949498198210E+02 -0.17606503353641E+03 -0.72421207680490E+05  0.23125690795891E+05  0.15368617495145E+04 -0.44683745796678E+03 -0.25844048165444E+04 -0.16016109645177E+03 -0.38610974549556E+01 -0.15121452531735E+04  0.15216857870467E+03 -0.12092519572130E+04 -0.61335341754195E+03  0.16862075522747E+05  0.00000000000000E+00  0.00000000000000E+00  0.00000000000000E+00  0.00000000000000E+00  0.00000000000000E+00  0.00000000000000E+00  0.00000000000000E+00  0.00000000000000E+00  0.00000000000000E+00  0.00000000000000E+00  0.14761220463674E+05  0.00000000000000E+00  0.00000000000000E+00  0.00000000000000E+00  0.00000000000000E+00  0.00000000000000E+00  0.00000000000000E+00  0.00000000000000E+00  0.00000000000000E+00  0.00000000000000E+00  0.00000000000000E+00
  -0.46025147530247E+05  0.13170462394211E+05 -0.23154829908583E+04 -0.24823191717801E+04  0.58589457062285E+03 -0.46803971958418E+02 -0.29711792009251E+03 -0.16165748410266E+06  0.51743439136468E+05  0.33548829062397E+04 -0.99737703240687E+03 -0.76231800313253E+02 -0.20148999746673E+02 -0.28202067416606E-04 -0.29265632430511E+04  0.29380279805291E+03 -0.23497541637732E+04 -0.11930175007133E+04  0.29770437197726E+05 -0.66236232443370E+01 -0.12920788087260E+04 -0.15613102140168E+03 -0.38663346149269E+03 -0.20459224400387E+04  0.00000000000000E+00  0.00000000000000E+00  0.00000000000000E+00  0.00000000000000E+00  0.00000000000000E+00  0.00000000000000E+00  0.31622526798416E+05  0.00000000000000E+00  0.00000000000000E+00  0.00000000000000E+00  0.00000000000000E+00  0.00000000000000E+00  0.00000000000000E+00  0.00000000000000E+00  0.00000000000000E+00  0.00000000000000E+00
  -0.30634137135840E+04  0.42048750866635E+03 -0.12070253184093E+03 -0.74920714558601E+02  0.97248433005381E+01 -0.19505442610952E+02 -0.13747622870730E+02 -0.13327219850002E+04  0.18103581326290E+03  0.43343627478061E+02 -0.11273199950929E+02 -0.85032138782132E+02 -0.68014655497549E+01 -0.15548045001555E+00 -0.70528498889847E+03  0.75463191682327E+02 -0.57994637740694E+03 -0.31835549321257E+03  0.22185887225477E+03  0.00000000000000E+00  0.00000000000000E+00  0.00000000000000E+00  0.00000000000000E+00  0.00000000000000E+00  0.00000000000000E+00  0.00000000000000E+00  0.00000000000000E+00  0.00000000000000E+00  0.00000000000000E+00  0.00000000000000E+00  0.00000000000000E+00  0.37874619114203E+04  0.00000000000000E+00  0.00000000000000E+00  0.00000000000000E+00  0.00000000000000E+00  0.00000000000000E+00  0.00000000000000E+00  0.00000000000000E+00  0.00000000000000E+00
  -0.19733737410321E+06  0.63308611597720E+05 -0.10135883996570E+05 -0.11728607413027E+05  0.30388486044704E+04  0.27054149721734E+03 -0.11113164353688E+04 -0.57971694298720E+04  0.61187129726852E+03  0.59246245772055E+03 -0.51144216623820E+02 -0.22928172435786E+00 -0.16527105724123E+00 -0.61204194274072E-13  0.20505643244469E+03 -0.54742890603272E+02  0.93397676939941E+02  0.10926736179944E+03  0.17371147055318E+06  0.00000000000000E+00  0.00000000000000E+00  0.21991386469333E+04  0.31328177862055E+04  0.16382314036159E+05  0.00000000000000E+00  0.00000000000000E+00  0.00000000000000E+00  0.00000000000000E+00  0.00000000000000E+00  0.00000000000000E+00  0.00000000000000E+00  0.00000000000000E+00  0.10540617984731E+06  0.00000000000000E+00  0.00000000000000E+00  0.00000000000000E+00  0.00000000000000E+00  0.00000000000000E+00  0.00000000000000E+00  0.00000000000000E+00
  -0.22230540477333E+06  0.70699757033195E+05 -0.11380639971403E+05 -0.52633417593361E+05  0.13404077329792E+05  0.82913448236915E+03 -0.51445736019530E+04 -0.11365077550564E+05  0.12381224293943E+04  0.11216701140308E+04 -0.10002935247344E+03  0.16216820385807E-09  0.12532099183422E-10  0.14908602891143E-12  0.36753707478558E+03 -0.96790203849635E+02  0.17906727204841E+03  0.20174910861093E+03  0.75812146980820E+06  0.20683077314856E+03  0.25808736355062E+05 -0.55584672879129E+04 -0.16779619569182E+05 -0.88000631056338E+05  0.00000000000000E+00  0.00000000000000E+00  0.00000000000000E+00  0.00000000000000E+00  0.00000000000000E+00  0.00000000000000E+00  0.00000000000000E+00  0.00000000000000E+00  0.00000000000000E+00  0.13839803661113E+06  0.00000000000000E+00  0.00000000000000E+00  0.00000000000000E+00  0.00000000000000E+00  0.00000000000000E+00  0.00000000000000E+00
  -0.92079721922538E+04  0.24957556275444E+04 -0.45146906180358E+03 -0.25585102213129E+04  0.49771703436133E+03 -0.28524877421566E+03 -0.38372127405419E+03 -0.13320179447709E+03 -0.11400416168488E+04  0.14182910397003E+03 -0.16848267014521E+02 -0.18990076687308E+01 -0.19945017619456E+00 -0.19291001250801E-02 -0.27340853600171E+04  0.40385682925371E+03 -0.25826890692423E+04 -0.16419542577001E+04  0.23792917549564E+05  0.00000000000000E+00  0.00000000000000E+00  0.00000000000000E+00  0.00000000000000E+00  0.00000000000000E+00  0.00000000000000E+00  0.00000000000000E+00  0.00000000000000E+00  0.00000000000000E+00  0.00000000000000E+00  0.00000000000000E+00  0.00000000000000E+00  0.00000000000000E+00  0.00000000000000E+00  0.00000000000000E+00  0.84163611966520E+04  0.00000000000000E+00  0.00000000000000E+00  0.00000000000000E+00  0.00000000000000E+00  0.00000000000000E+00
  -0.32606215366908E+04  0.79237480088479E+03 -0.15700759485697E+03 -0.99826107833809E+03  0.18406339375952E+03 -0.14154861531205E+03 -0.16071942899580E+03  0.82906208458886E+02 -0.64633740191009E+03  0.63068668238131E+02 -0.78799505793808E+01 -0.81567720522403E+00 -0.77420590664336E-01 -0.10560680654253E-02 -0.14657975999039E+04  0.20143742030644E+03 -0.13792030262340E+04 -0.84471602114399E+03  0.75055334298111E+04  0.00000000000000E+00  0.00000000000000E+00  0.00000000000000E+00  0.00000000000000E+00  0.00000000000000E+00  0.00000000000000E+00  0.00000000000000E+00  0.00000000000000E+00  0.00000000000000E+00  0.00000000000000E+00  0.00000000000000E+00  0.00000000000000E+00  0.00000000000000E+00  0.00000000000000E+00  0.00000000000000E+00  0.00000000000000E+00  0.43036402891137E+04  0.00000000000000E+00  0.00000000000000E+00  0.00000000000000E+00  0.00000000000000E+00
  -0.14469885188408E+05 -0.23972277286564E+04  0.73181625551479E+02 -0.94769511198877E+04  0.32108208259420E+03 -0.29659272508974E+04 -0.12398123089597E+04 -0.26087837005152E+06  0.11130374410940E+06  0.30835202141738E+04 -0.11626261779136E+04  0.30489989840756E+03  0.30392117262888E+02 -0.16346363165049E+01 -0.26461702544372E+04 -0.25226603762037E+03  0.12964545293286E+04  0.13625483904841E+04 -0.17919587711325E+05  0.00000000000000E+00  0.00000000000000E+00  0.00000000000000E+00  0.00000000000000E+00  0.00000000000000E+00  0.00000000000000E+00  0.00000000000000E+00  0.00000000000000E+00  0.00000000000000E+00  0.00000000000000E+00  0.00000000000000E+00  0.00000000000000E+00  0.00000000000000E+00  0.00000000000000E+00  0.00000000000000E+00  0.00000000000000E+00  0.00000000000000E+00  0.12346299241251E+06  0.00000000000000E+00  0.00000000000000E+00  0.00000000000000E+00
   0.16521131893816E+05 -0.22345817850215E+04  0.73781883074758E+03 -0.15591864374532E+05  0.24860068187280E+04 -0.33233492525473E+04 -0.31095041478003E+04 -0.86160064084731E+04  0.15833841782006E+04  0.44306077716026E+03 -0.69993512617341E+02  0.32760808726627E+03  0.73579632893052E+02  0.89640154421541E-04  0.17016430661946E+03 -0.30468667798843E+02  0.21641886045014E+03  0.14874058515444E+03  0.41622805953887E+05  0.13836146804448E+02 -0.46890906337016E+04  0.16123984050299E+04  0.40168874734316E+04  0.21392346033528E+05  0.00000000000000E+00  0.00000000000000E+00  0.00000000000000E+00  0.00000000000000E+00  0.00000000000000E+00  0.00000000000000E+00  0.00000000000000E+00  0.00000000000000E+00  0.00000000000000E+00  0.00000000000000E+00  0.00000000000000E+00  0.00000000000000E+00  0.00000000000000E+00  0.39154882847182E+05  0.00000000000000E+00  0.00000000000000E+00
  -0.70096955030824E+05  0.85137878633123E+04 -0.25986124162100E+04 -0.72112863797684E+04  0.82584817593227E+03 -0.18255356504721E+04 -0.11377411028300E+04 -0.13643456289945E+06  0.44124868838437E+05  0.27904105993710E+04 -0.83932810148915E+03 -0.29241723704617E+04 -0.20861054572944E+03 -0.36184777001443E+01 -0.77433261200597E+03  0.22517396831211E+03 -0.15930161358550E+04 -0.10888524801419E+04  0.19550669695863E+05  0.00000000000000E+00  0.00000000000000E+00 -0.38571074675446E+03 -0.21533019237621E+04  0.15848332522061E+04  0.00000000000000E+00  0.00000000000000E+00  0.00000000000000E+00  0.00000000000000E+00  0.00000000000000E+00  0.00000000000000E+00  0.00000000000000E+00  0.00000000000000E+00  0.00000000000000E+00  0.00000000000000E+00  0.00000000000000E+00  0.00000000000000E+00  0.00000000000000E+00  0.00000000000000E+00  0.94792993915737E+05  0.00000000000000E+00
  -0.55357783114740E+05  0.71435742566997E+04 -0.21097820308805E+04 -0.21328485455453E+05  0.25337839544626E+04 -0.52649539488535E+04 -0.33888174611027E+04 -0.17004918224071E+06  0.54451826698761E+05  0.35622612397652E+04 -0.10544670840190E+04  0.10874231945008E-09  0.12229064135550E-10  0.93881116049343E-12 -0.87182071660036E+03  0.25203805001856E+03 -0.17696824715493E+04 -0.12102725808027E+04  0.60047490791032E+05 -0.28997870227796E+02  0.46195439160982E+04 -0.29466980229038E+04 -0.85375009357972E+04 -0.31683477604878E+05  0.00000000000000E+00  0.00000000000000E+00  0.00000000000000E+00  0.00000000000000E+00  0.00000000000000E+00  0.00000000000000E+00  0.00000000000000E+00  0.00000000000000E+00  0.00000000000000E+00  0.00000000000000E+00  0.00000000000000E+00  0.00000000000000E+00  0.00000000000000E+00  0.00000000000000E+00  0.00000000000000E+00  0.99443118163678E+05

 # Covariance matrix (Bevington epsilon)
