# fitpack15: fit parameters                                                                         
# CJ15 AV18 final data choices                                                                      
# Created on 01/23/2020 at 22:13:58                                                                 

 # QCD setup
  INS                           0
  NVL                          11
  IORD                          1
  Q02                   1.6899999999999999     
  IPARAMC                       7
  FLAVOR                4.0000000000000000     
  xmc                   1.3000000000000000     
  xmb                   4.5000000000000000     
  ncb                          12
  ihq                           1
  ias                           0

 # Theory corrections
  inuke                     10814
  itmc                          1
  iht                           1

 # fit parameters
 LAMBDA       0.22680        0.0000    
 a0uv          2.4034        0.0000    
 a1uv         0.61501       0.19899E-01
 a2uv          3.5423       0.12457E-01
 a3uv          0.0000        0.0000    
 a4uv          3.4632       0.43025    
 a5uv          0.0000        0.0000    
 a0dv          24.199        0.0000    
 a1dv          1.1553       0.33517E-01
 a2dv          6.5170       0.15956    
 a3dv         -3.4884       0.87127E-01
 a4dv          4.6555       0.14395    
 a5dv          0.0000        0.0000    
 a0ud         0.14766       0.50486E-02
 a1ud        -0.20700       0.37421E-02
 a2ud          8.2685       0.19289    
 a3ud          0.0000        0.0000    
 a4ud          14.276        1.2107    
 a5ud          0.0000        0.0000    
 a0du          35712.        0.0000    
 a1du          4.0286       0.75350E-01
 a2du          20.062       0.87031    
 a3du          17.000        0.0000    
 a4du          51.090        10.585    
 a0g           45.326        0.0000    
 a1g          0.60279       0.31966E-01
 a2g           6.6813        1.0232    
 a3g          -3.2872       0.14269    
 a4g           3.1817       0.34783    
 a5g           0.0000        0.0000    
 kappa        0.40000        0.0000    
 a6dv        -0.35150E-02   0.68310E-03
 a7dv          2.0000        0.0000    
 off1         -3.7877        1.5191    
 off2         0.58918E-01   0.55039E-01
 ht1          -3.3355       0.26408    
 ht2           1.9493       0.10586    
 ht3          -2.0600       0.18287E-01
 ht4           0.0000        0.0000    
 dummy40       0.0000        0.0000    
 dummy41       0.0000        0.0000    
 dummy42       0.0000        0.0000    
 dummy43       0.0000        0.0000    
 dummy44       0.0000        0.0000    
 dummy45       0.0000        0.0000    
 dummy46       0.0000        0.0000    
 dummy47       0.0000        0.0000    
 dummy48       0.0000        0.0000    
 dummy49       0.0000        0.0000    
 bcdmsh2      0.97309       0.48233E-02
 bcdmsd2      0.99310       0.58286E-02
 ccfr          1.0000        0.0000    
 nutev         1.0000        0.0000    
 zeus         0.97998        0.0000    
 h1            1.0162        0.0000    
 e605          1.0319        0.0000    
 NmcH2         1.0094       0.71215E-02
 ntv_nu        1.0000        0.0000    
 ntv_nubar     1.0000        0.0000    
 cdf_jet      0.98910        0.0000    
 d0_jet       0.83504        0.0000    
 slac_p        1.0049       0.48064E-02
 slac_d        1.0041       0.52663E-02
 e866pp       0.96631       0.19277E-01
 e866pd       0.96438       0.15838E-01
 d0_gamjet     1.0390       0.16481E-01
 h1b          0.97608        0.0000    
 jlab_p       0.99396       0.57791E-02
 jlab_d       0.97531       0.58927E-02
 blank         1.0000        0.0000    
 d0run2       0.93887       0.14051E-01
 cdfrun2      0.92533       0.17185E-01
 HERA_el       1.0000        0.0000    
 HERA_ps       1.0000        0.0000    
 CDF_Z        0.96593       0.65197E-02
 NmcRat        1.0000        0.0000    
 BNS_F2nd     0.98376       0.69392E-02
 HERMES_F2p   0.99828       0.55628E-02
 HERMES_F2d   0.98030       0.58156E-02
 END 0. 0.

 # Hessian matrix (Bevington alpha)
   0.48778663948395E+07 -0.12847155614571E+07  0.23390920897620E+06  0.47903176938854E+06 -0.12702696308858E+06 -0.20388376079290E+05  0.56407012782230E+05  0.90209130985299E+06 -0.17435614679456E+06 -0.48877018032435E+05  0.75449882144545E+04  0.15638208756121E+05  0.17772281389483E+04 -0.11140328714193E+03  0.71684830876520E+04 -0.18342383576878E+04  0.97854974763385E+04  0.70687788709441E+04 -0.72576936205654E+07 -0.13290455809704E+04 -0.22299132430924E+06  0.59413984041689E+05  0.18403149057777E+06  0.77137979855642E+06 -0.12687266530263E+06 -0.53835274269147E+05 -0.43503337159706E+04 -0.83679386697930E+06 -0.10831614429003E+07 -0.20527677795441E+05 -0.46259179687598E+05 -0.30741797040684E+04 -0.19820619083232E+06 -0.22352476100170E+06 -0.91285945337978E+04 -0.32307999808866E+04 -0.14880137224413E+05  0.16581151867537E+05 -0.70507381089368E+05 -0.55673702589066E+05
  -0.12847155614571E+07  0.41224060380203E+06 -0.63714621431230E+05 -0.13481468481676E+06  0.35545218556536E+05  0.80141066275215E+04 -0.12657695715853E+05 -0.12179858623965E+06  0.26554624416078E+05  0.76052160289883E+04 -0.96387000305511E+03 -0.12623606669028E+04 -0.14865237836184E+03  0.13440673639179E+02  0.66560817270275E+03 -0.50991080163275E+02  0.17528970462602E+03  0.93243949789410E+02  0.24904779583455E+07  0.54522227684429E+03  0.63777908358829E+05 -0.13326837467523E+05 -0.44558054328293E+05 -0.21303079766683E+06  0.16571221125559E+05  0.81949214277606E+04 -0.24274145656663E+03  0.20903102491820E+06  0.26296623912127E+06  0.57929979460074E+04  0.13202125984561E+05  0.42033932570467E+03  0.63410267682460E+05  0.70907984801344E+05  0.24720566980148E+04  0.78452637315764E+03 -0.23709769856748E+04 -0.22369824748188E+04  0.85324512100741E+04  0.71600586134394E+04
   0.23390920897620E+06 -0.63714621431230E+05  0.11342812086719E+05  0.23226191461531E+05 -0.62532077022786E+04 -0.12117646057144E+04  0.26535183770442E+04  0.31766482015201E+05 -0.59868378827806E+04 -0.20298590820416E+04  0.26998001785278E+03  0.49045961892876E+03  0.64667105377918E+02 -0.50510920414584E+01 -0.40398355842766E+03  0.22964721387537E+01 -0.18675833849789E+03 -0.30724964151283E+02 -0.36378565506522E+06 -0.68814802398130E+02 -0.10870981494846E+05  0.27783193493170E+04  0.86164567377913E+04  0.37204515146720E+05 -0.55613930855853E+04 -0.23742203377750E+04  0.52288174822554E+02 -0.39125183895204E+05 -0.50812344908024E+05 -0.10063581234759E+04 -0.22779457943477E+04 -0.11901365319625E+03 -0.99558854177438E+04 -0.11192707141134E+05 -0.43857643466444E+03 -0.15255448850162E+03  0.56429364162878E+02  0.72780865924979E+03 -0.25699487307405E+04 -0.20855801569686E+04
   0.47903176938854E+06 -0.13481468481676E+06  0.23226191461531E+05  0.39537794972927E+06 -0.62731553931623E+05  0.76077719335535E+05  0.64938785685755E+05  0.34542294812249E+06 -0.25558355182820E+05 -0.18475055734013E+05  0.34390425856226E+04 -0.13798215722815E+04 -0.15693002961577E+03  0.58316104684958E+02  0.30351145891791E+05 -0.36324881031147E+04  0.25808934843086E+05  0.14426406978513E+05 -0.21659510103397E+07 -0.19065058312327E+03 -0.65247791272053E+05  0.21026183352504E+05  0.58010096565488E+05  0.24845669232634E+06 -0.12785003945407E+05 -0.21165723267082E+05 -0.65943737615689E+02 -0.65687127982779E+05 -0.34073840597470E+06 -0.14128644482247E+04 -0.24861054687249E+04 -0.73601513813635E+02 -0.11741309758999E+05 -0.52683688897303E+05 -0.25233088720637E+04 -0.98393171379523E+03 -0.95031041680411E+04 -0.15639609484844E+05 -0.71989240791174E+04 -0.21315749528395E+05
  -0.12702696308858E+06  0.35545218556536E+05 -0.62532077022786E+04 -0.62731553931623E+05  0.11861624604879E+05 -0.80040152323371E+04 -0.95417829371459E+04 -0.32530014720116E+05  0.39073539879692E+03  0.24339794994973E+04 -0.35230708584139E+03 -0.41916510441181E+02  0.45156095944871E+01 -0.52311461869270E+01 -0.25831303662956E+04  0.31360861685227E+03 -0.21484873853437E+04 -0.12166284040711E+04  0.48332652354078E+06  0.64316447844659E+02  0.13701898820784E+05 -0.39940268852866E+04 -0.10998132791347E+05 -0.50112330343445E+05  0.20027705172489E+04  0.33781637294466E+04 -0.56610604551172E+02  0.12035813089769E+05  0.63464852539990E+05  0.34190820747743E+03  0.58199120288101E+03  0.95169807685452E+01  0.30129331818062E+04  0.13296038349353E+05  0.48827341590251E+03  0.18068801196472E+03  0.32991494626217E+03  0.24904235486433E+04  0.82191311975147E+03  0.25256210734446E+04
  -0.20388376079290E+05  0.80141066275215E+04 -0.12117646057144E+04  0.76077719335535E+05 -0.80040152323371E+04  0.24161328052404E+05  0.14758850302705E+05  0.10404468278003E+06 -0.92757906961028E+04 -0.46326577685038E+04  0.10185639020970E+04 -0.70459448772316E+03 -0.69068684548550E+02  0.19645189251142E+02  0.91852071863630E+04 -0.11289281759517E+04  0.79334726713206E+04  0.44970649908644E+04 -0.73254531415961E+05  0.53019005018892E+02 -0.50011661799997E+04  0.26007970976997E+04  0.71357684039726E+04  0.22975633006776E+05 -0.28277391653290E+04 -0.43441037143494E+04  0.15293646364047E+03 -0.89739353854305E+04 -0.44528568809358E+05 -0.83412097806807E+01 -0.43718224829669E+02 -0.19501319910440E+02  0.29593919062937E+03  0.94621039017787E+03 -0.28120586242900E+03 -0.14025770959627E+03 -0.30155741399099E+04 -0.33812641456431E+04 -0.18470960127895E+04 -0.53312951089617E+04
   0.56407012782230E+05 -0.12657695715853E+05  0.26535183770442E+04  0.64938785685755E+05 -0.95417829371459E+04  0.14758850302705E+05  0.11615353659297E+05  0.58001167645053E+05 -0.29799882400812E+04 -0.33176448747220E+04  0.59866045666002E+03 -0.21347374540367E+03 -0.27239087042314E+02  0.10333692956175E+02  0.47414077102581E+04 -0.59021496261797E+03  0.39969300681700E+04  0.22930339643889E+04 -0.24963547709768E+06  0.35772494832734E+00 -0.90425338727566E+04  0.32549743954538E+04  0.88366861051709E+04  0.35105309788819E+05 -0.25012307945242E+04 -0.39254435694779E+04  0.13561631957697E+03 -0.10152379328769E+05 -0.53035064441950E+05 -0.17442954874801E+03 -0.29701886618825E+03 -0.13691724228158E+02 -0.11027013534646E+04 -0.51077301079452E+04 -0.38009608720976E+03 -0.15948508243201E+03 -0.12649601107367E+04 -0.31553072020183E+04 -0.11479526100229E+04 -0.34229889337974E+04
   0.90209130985299E+06 -0.12179858623965E+06  0.31766482015201E+05  0.34542294812249E+06 -0.32530014720116E+05  0.10404468278003E+06  0.58001167645053E+05  0.48938393825629E+07 -0.22921787891944E+07 -0.84865023823516E+05  0.26031557745075E+05  0.27058892357488E+05  0.18151308220414E+04  0.10221360329789E+03  0.80884106227709E+05 -0.10208659351449E+05  0.79041099391759E+05  0.42680608734443E+05 -0.56571689651555E+06  0.38069403525512E+03 -0.29651540176401E+05  0.28655203500085E+05  0.89390994857583E+05  0.25083200964408E+06 -0.60397308615472E+05 -0.48550892401138E+05 -0.66218254997286E+05 -0.27994494553453E+06 -0.55635379080185E+06 -0.71989258346227E+05 -0.16094816652977E+06 -0.13176579610736E+04 -0.57895565427891E+04 -0.11352594549027E+05 -0.24869807835355E+01  0.14130853502715E+03 -0.25979954494973E+06 -0.86037595248887E+04 -0.13576239362708E+06 -0.16898066633811E+06
  -0.17435614679456E+06  0.26554624416078E+05 -0.59868378827806E+04 -0.25558355182820E+05  0.39073539879692E+03 -0.92757906961028E+04 -0.29799882400812E+04 -0.22921787891944E+07  0.19286153780974E+07  0.18997036941232E+05 -0.65865980761678E+04 -0.58491315693932E+04 -0.32209342394197E+03 -0.14013091975108E+02  0.50185978598790E+05 -0.23530560051494E+04  0.16608285586713E+05  0.80039379157086E+04 -0.25286655274779E+05 -0.92470659231758E+02  0.76064525700170E+03 -0.57856014538339E+04 -0.19170714486261E+05 -0.47966002390958E+05  0.11510144441874E+05  0.10885229967557E+05  0.24078772909850E+05  0.65665320426343E+05  0.12630949308728E+06  0.23121442561318E+05  0.51806063080107E+05  0.17784048948022E+03  0.61958612966022E+03  0.12529264275392E+04 -0.11815163065051E+04 -0.66510995878646E+03  0.11151638538245E+06  0.15932255295206E+04  0.44159264271049E+05  0.54417216613503E+05
  -0.48877018032435E+05  0.76052160289883E+04 -0.20298590820416E+04 -0.18475055734013E+05  0.24339794994973E+04 -0.46326577685038E+04 -0.33176448747220E+04 -0.84865023823516E+05  0.18997036941232E+05  0.26658255758259E+04 -0.65316356033771E+03 -0.70440573804337E+03 -0.62081749132132E+02 -0.19638149172642E+01 -0.39536767834079E+04  0.47400368368066E+03 -0.33891953299857E+04 -0.19080433678976E+04  0.56838804592947E+05 -0.96044633512662E+01  0.26545933477804E+04 -0.13394361389311E+04 -0.38880401965524E+04 -0.12668332451376E+05  0.27550820804364E+04  0.19094567000600E+04  0.72680031744551E+03  0.11026793152808E+05  0.23099730634688E+05  0.15349170693049E+04  0.33585534769809E+04  0.43185605687565E+02  0.59350849596449E+03  0.11240945126195E+04  0.13814288285036E+03  0.61432533824215E+02  0.30861337532639E+04  0.44445813585392E+03  0.27903185133824E+04  0.35584972196293E+04
   0.75449882144545E+04 -0.96387000305511E+03  0.26998001785278E+03  0.34390425856226E+04 -0.35230708584139E+03  0.10185639020970E+04  0.59866045666002E+03  0.26031557745075E+05 -0.65865980761678E+04 -0.65316356033771E+03  0.18630265062550E+03  0.21115550182551E+03  0.15375263721630E+02  0.76192529218765E+00  0.12738536736302E+04 -0.13922487177943E+03  0.10463172348595E+04  0.56799026523988E+03 -0.65626691678731E+04  0.28984550085676E+01 -0.31134304491164E+03  0.23024113705250E+03  0.70291784911480E+03  0.20482232131093E+04 -0.49728143112343E+03 -0.37516180428118E+03 -0.34428171850933E+03 -0.21221917577605E+04 -0.42722856089988E+04 -0.44997307248143E+03 -0.10060821881029E+04 -0.11327020030943E+02 -0.51845455636332E+02 -0.10142776014282E+03 -0.16220388217817E+02 -0.75986457702197E+01 -0.11710003318895E+04 -0.70920417210009E+02 -0.84615436165955E+03 -0.10616940828101E+04
   0.15638208756121E+05 -0.12623606669028E+04  0.49045961892876E+03 -0.13798215722815E+04 -0.41916510441181E+02 -0.70459448772316E+03 -0.21347374540367E+03  0.27058892357488E+05 -0.58491315693932E+04 -0.70440573804337E+03  0.21115550182551E+03  0.18336502062665E+04  0.11968525498675E+03 -0.10039872362402E+01  0.14877007201696E+04 -0.20290039352177E+03  0.15453514244630E+04  0.88395522575042E+03 -0.66626764386710E+04 -0.50850133847988E+01 -0.12910510181784E+03 -0.90636755136099E+01  0.14351460563005E+03 -0.90932172443356E+03 -0.11823868568872E+04 -0.87657772771752E-11 -0.76894832333520E+03 -0.52569360062501E+04 -0.42635534387277E-09 -0.25280350697557E+04 -0.76317116973002E+02 -0.83489118684093E+02 -0.23526387967591E+00  0.93243008758324E-10 -0.18553264549970E+01 -0.79692886559724E+00  0.30057135336739E+03  0.32731294243864E+03 -0.28726803772820E+04 -0.46538103793070E-10
   0.17772281389483E+04 -0.14865237836184E+03  0.64667105377918E+02 -0.15693002961577E+03  0.45156095944871E+01 -0.69068684548550E+02 -0.27239087042314E+02  0.18151308220414E+04 -0.32209342394197E+03 -0.62081749132132E+02  0.15375263721630E+02  0.11968525498675E+03  0.10753421920313E+02 -0.18404430291388E+00  0.80322255339649E+02 -0.13265757620743E+02  0.91524112508924E+02  0.56832841878766E+02 -0.31644263642060E+03 -0.43878277573179E+00  0.67337427758447E+01  0.90581054601008E+00  0.18742060716102E+02 -0.94462604683950E+02 -0.17529494644384E+03 -0.34346749179614E-11 -0.29676847174183E+02 -0.62054646245449E+03 -0.39588829790132E-10 -0.15749349207593E+03 -0.20203143217545E+02 -0.67172366526699E+01 -0.16964693611646E+00  0.14950394963246E-10 -0.19588004481196E+00 -0.76063550541533E-01  0.30067607408569E+02  0.73574458665799E+02 -0.20591895669788E+03 -0.79784004934515E-11
  -0.11140328714193E+03  0.13440673639179E+02 -0.50510920414584E+01  0.58316104684958E+02 -0.52311461869270E+01  0.19645189251142E+02  0.10333692956175E+02  0.10221360329789E+03 -0.14013091975108E+02 -0.19638149172642E+01  0.76192529218765E+00 -0.10039872362402E+01 -0.18404430291388E+00  0.56447892362558E-01  0.15288719142407E+02 -0.11762928146503E+01  0.94546306094511E+01  0.44723886701489E+01 -0.82374590248326E+02  0.28147217186976E-01 -0.49010042902514E+01  0.60443654850470E+00  0.15332864342354E+01  0.79953097222194E+01  0.72399875366376E-01  0.23655040678734E-12 -0.65211763948094E+01 -0.91713193808776E+00 -0.17717758695835E-11 -0.37525799846730E+01 -0.25310957468089E-04 -0.15219816118643E+00  0.51754243402844E-12  0.14339817233548E-12 -0.18694823236537E-02 -0.10253994672671E-02 -0.16424933328914E+01  0.78792423780306E-04 -0.35273108170374E+01  0.14623748449681E-12
   0.71684830876520E+04  0.66560817270275E+03 -0.40398355842766E+03  0.30351145891791E+05 -0.25831303662956E+04  0.91852071863630E+04  0.47414077102581E+04  0.80884106227709E+05  0.50185978598790E+05 -0.39536767834079E+04  0.12738536736302E+04  0.14877007201696E+04  0.80322255339649E+02  0.15288719142407E+02  0.48368943632399E+05 -0.43984530992170E+04  0.33523238470642E+05  0.17414063100676E+05 -0.53179559629704E+05  0.16963462100853E+01  0.79358468878467E+03 -0.21470935593781E+03 -0.62116401999150E+03 -0.15264167570755E+04 -0.25436487495803E+04 -0.16754513369791E+04 -0.24499559793493E+04  0.19933582011176E+04  0.42155375334722E+04 -0.15154171686335E+04 -0.29466920370626E+04 -0.71147365743469E+03  0.21771825287085E+03  0.39059306714944E+03 -0.27813876547017E+04 -0.14863780889149E+04 -0.25148442228671E+04  0.17898166899369E+03 -0.81881168270561E+03 -0.92204860244642E+03
  -0.18342383576878E+04 -0.50991080163275E+02  0.22964721387537E+01 -0.36324881031147E+04  0.31360861685227E+03 -0.11289281759517E+04 -0.59021496261797E+03 -0.10208659351449E+05 -0.23530560051494E+04  0.47400368368066E+03 -0.13922487177943E+03 -0.20290039352177E+03 -0.13265757620743E+02 -0.11762928146503E+01 -0.43984530992170E+04  0.46610651100436E+03 -0.34916365759389E+04 -0.18864634332713E+04  0.61580530060120E+04 -0.77103265358989E+00 -0.11601572109479E+03  0.22646202281515E+02  0.57016853762991E+02  0.16515918222407E+03  0.46469220868403E+03  0.29167985166912E+03  0.27929226627209E+03 -0.16523714314757E+03 -0.47761863402368E+03  0.15449718691394E+03  0.29960916537449E+03  0.77292681125249E+02 -0.58278422501560E+02 -0.10312409076598E+03  0.41653929906081E+03  0.20717650416500E+03 -0.27350575748182E+03 -0.32127584830310E+02  0.23445129127547E+03  0.26258482975872E+03
   0.97854974763385E+04  0.17528970462602E+03 -0.18675833849789E+03  0.25808934843086E+05 -0.21484873853437E+04  0.79334726713206E+04  0.39969300681700E+04  0.79041099391759E+05  0.16608285586713E+05 -0.33891953299857E+04  0.10463172348595E+04  0.15453514244630E+04  0.91524112508924E+02  0.94546306094511E+01  0.33523238470642E+05 -0.34916365759389E+04  0.26543110413433E+05  0.14206363335109E+05 -0.45323225675759E+05  0.67204376217791E+00  0.81278064612659E+03 -0.24268186238118E+03 -0.66463142149505E+03 -0.15934580212108E+04 -0.25044047253716E+04 -0.16155555389940E+04 -0.23666530674163E+04  0.20006964733689E+04  0.42596806966868E+04 -0.12258011427969E+04 -0.23926186155412E+04 -0.58138109287253E+03  0.77425866202906E+02  0.15067430231312E+03 -0.25154505346290E+04 -0.13528765388144E+04  0.11921975097579E+04  0.21047444074296E+03 -0.15533948677463E+04 -0.17260891943537E+04
   0.70687788709441E+04  0.93243949789410E+02 -0.30724964151283E+02  0.14426406978513E+05 -0.12166284040711E+04  0.44970649908644E+04  0.22930339643889E+04  0.42680608734443E+05  0.80039379157086E+04 -0.19080433678976E+04  0.56799026523988E+03  0.88395522575042E+03  0.56832841878766E+02  0.44723886701489E+01  0.17414063100676E+05 -0.18864634332713E+04  0.14206363335109E+05  0.77047126059737E+04 -0.25179331024860E+05  0.16205224573453E+01  0.49207480584117E+03 -0.12969717324429E+03 -0.33294682039258E+03 -0.84666194169325E+03 -0.17431717508770E+04 -0.10938367025991E+04 -0.11900671226511E+04  0.93811126058920E+03  0.23286694993174E+04 -0.62043275333135E+03 -0.12123350251821E+04 -0.31922711851368E+03  0.10063474709049E+03  0.18662443686197E+03 -0.16086533194470E+04 -0.83193133899070E+03  0.13233598099533E+04  0.14692798230979E+03 -0.10751467968510E+04 -0.11952905926539E+04
  -0.72576936205654E+07  0.24904779583455E+07 -0.36378565506522E+06 -0.21659510103397E+07  0.48332652354078E+06 -0.73254531415961E+05 -0.24963547709768E+06 -0.56571689651555E+06 -0.25286655274779E+05  0.56838804592947E+05 -0.65626691678731E+04 -0.66626764386710E+04 -0.31644263642060E+03 -0.82374590248326E+02 -0.53179559629704E+05  0.61580530060120E+04 -0.45323225675759E+05 -0.25179331024860E+05  0.31227049272206E+08  0.61419689630930E+04  0.69513013045253E+06 -0.16929100892337E+06 -0.49876124741150E+06 -0.25138267513099E+07  0.33052321606053E+05  0.73421314939380E+05 -0.11538050554086E+04  0.54885104114797E+06  0.26768316724246E+07  0.17196480908473E+05  0.30589811722851E+05  0.22176905852665E+03  0.17839483244552E+06  0.77888255285564E+06  0.24147253891334E+05  0.76154367032190E+04 -0.18253982576821E+05  0.42895681746889E+05  0.20019371460345E+05  0.61620429657831E+05
  -0.13290455809704E+04  0.54522227684429E+03 -0.68814802398130E+02 -0.19065058312327E+03  0.64316447844659E+02  0.53019005018892E+02  0.35772494832734E+00  0.38069403525512E+03 -0.92470659231758E+02 -0.96044633512662E+01  0.28984550085676E+01 -0.50850133847988E+01 -0.43878277573179E+00  0.28147217186976E-01  0.16963462100853E+01 -0.77103265358989E+00  0.67204376217791E+00  0.16205224573453E+01  0.61419689630930E+04  0.22980294694390E+01  0.14102243657057E+03 -0.27032526115927E+02 -0.81468559826291E+02 -0.49212371911959E+03  0.00000000000000E+00 -0.27437898546280E+02  0.00000000000000E+00  0.00000000000000E+00  0.37684045507439E+03  0.00000000000000E+00 -0.68725743499885E+01  0.00000000000000E+00  0.00000000000000E+00  0.21070004148663E+03  0.00000000000000E+00  0.00000000000000E+00  0.00000000000000E+00  0.13184372610851E+02  0.00000000000000E+00 -0.28395345467324E+02
  -0.22299132430924E+06  0.63777908358829E+05 -0.10870981494846E+05 -0.65247791272053E+05  0.13701898820784E+05 -0.50011661799997E+04 -0.90425338727566E+04 -0.29651540176401E+05  0.76064525700170E+03  0.26545933477804E+04 -0.31134304491164E+03 -0.12910510181784E+03  0.67337427758447E+01 -0.49010042902514E+01  0.79358468878467E+03 -0.11601572109479E+03  0.81278064612659E+03  0.49207480584117E+03  0.69513013045253E+06  0.14102243657057E+03  0.29423894901753E+05 -0.84803419146783E+04 -0.23131739648046E+05 -0.10956380382002E+06  0.00000000000000E+00  0.53266307667901E+04  0.00000000000000E+00  0.00000000000000E+00  0.12197459817499E+06  0.00000000000000E+00 -0.12157362970165E+04  0.00000000000000E+00  0.00000000000000E+00  0.24370982636841E+05  0.00000000000000E+00  0.00000000000000E+00  0.00000000000000E+00 -0.44361673535165E+04  0.00000000000000E+00  0.43790554281017E+04
   0.59413984041689E+05 -0.13326837467523E+05  0.27783193493170E+04  0.21026183352504E+05 -0.39940268852866E+04  0.26007970976997E+04  0.32549743954538E+04  0.28655203500085E+05 -0.57856014538339E+04 -0.13394361389311E+04  0.23024113705250E+03 -0.90636755136099E+01  0.90581054601008E+00  0.60443654850470E+00 -0.21470935593781E+03  0.22646202281515E+02 -0.24268186238118E+03 -0.12969717324429E+03 -0.16929100892337E+06 -0.27032526115927E+02 -0.84803419146783E+04  0.29815014182664E+04  0.79253504516106E+04  0.34706377113585E+05 -0.52029776885206E+02 -0.21574293007940E+04  0.26338954133876E+01  0.43480602041378E+03 -0.43221820931939E+05  0.00000000000000E+00 -0.15517117876327E+03  0.00000000000000E+00  0.22275320064898E+04 -0.51660554246517E+04  0.00000000000000E+00  0.00000000000000E+00  0.00000000000000E+00  0.15444941188037E+04 -0.38728143874994E+03 -0.28489674199979E+04
   0.18403149057777E+06 -0.44558054328293E+05  0.86164567377913E+04  0.58010096565488E+05 -0.10998132791347E+05  0.71357684039726E+04  0.88366861051709E+04  0.89390994857583E+05 -0.19170714486261E+05 -0.38880401965524E+04  0.70291784911480E+03  0.14351460563005E+03  0.18742060716102E+02  0.15332864342354E+01 -0.62116401999150E+03  0.57016853762991E+02 -0.66463142149505E+03 -0.33294682039258E+03 -0.49876124741150E+06 -0.81468559826291E+02 -0.23131739648046E+05  0.79253504516106E+04  0.21680050909703E+05  0.93649146640437E+05 -0.16415028623899E+03 -0.53792329147893E+04 -0.45488891546831E+02 -0.68157101319446E+04 -0.11845633282911E+06  0.00000000000000E+00 -0.38425656497049E+03  0.00000000000000E+00  0.31214748870824E+04 -0.15907817071781E+05  0.00000000000000E+00  0.00000000000000E+00  0.00000000000000E+00  0.38496689989903E+04 -0.21310097747681E+04 -0.82680743147655E+04
   0.77137979855642E+06 -0.21303079766683E+06  0.37204515146720E+05  0.24845669232634E+06 -0.50112330343445E+05  0.22975633006776E+05  0.35105309788819E+05  0.25083200964408E+06 -0.47966002390958E+05 -0.12668332451376E+05  0.20482232131093E+04 -0.90932172443356E+03 -0.94462604683950E+02  0.79953097222194E+01 -0.15264167570755E+04  0.16515918222407E+03 -0.15934580212108E+04 -0.84666194169325E+03 -0.25138267513099E+07 -0.49212371911959E+03 -0.10956380382002E+06  0.34706377113585E+05  0.93649146640437E+05  0.44005855458149E+06  0.25249703064033E+03 -0.27743118337649E+05 -0.63685201869126E+01  0.37963285244395E+05 -0.50064002582016E+06  0.00000000000000E+00 -0.20333447756182E+04  0.00000000000000E+00  0.16161074586747E+05 -0.83611490200470E+05  0.00000000000000E+00  0.00000000000000E+00  0.00000000000000E+00  0.20504985867187E+05  0.15653943885486E+04 -0.30402556977140E+05
  -0.12687266530263E+06  0.16571221125559E+05 -0.55613930855853E+04 -0.12785003945407E+05  0.20027705172489E+04 -0.28277391653290E+04 -0.25012307945242E+04 -0.60397308615472E+05  0.11510144441874E+05  0.27550820804364E+04 -0.49728143112343E+03 -0.11823868568872E+04 -0.17529494644384E+03  0.72399875366376E-01 -0.25436487495803E+04  0.46469220868403E+03 -0.25044047253716E+04 -0.17431717508770E+04  0.33052321606053E+05  0.00000000000000E+00  0.00000000000000E+00 -0.52029776885206E+02 -0.16415028623899E+03  0.25249703064033E+03  0.11624425238165E+06  0.00000000000000E+00  0.00000000000000E+00  0.00000000000000E+00  0.00000000000000E+00  0.00000000000000E+00  0.00000000000000E+00  0.00000000000000E+00  0.00000000000000E+00  0.00000000000000E+00  0.00000000000000E+00  0.00000000000000E+00  0.00000000000000E+00  0.00000000000000E+00  0.00000000000000E+00  0.00000000000000E+00
  -0.53835274269147E+05  0.81949214277606E+04 -0.23742203377750E+04 -0.21165723267082E+05  0.33781637294466E+04 -0.43441037143494E+04 -0.39254435694779E+04 -0.48550892401138E+05  0.10885229967557E+05  0.19094567000600E+04 -0.37516180428118E+03 -0.87657772771752E-11 -0.34346749179614E-11  0.23655040678734E-12 -0.16754513369791E+04  0.29167985166912E+03 -0.16155555389940E+04 -0.10938367025991E+04  0.73421314939380E+05 -0.27437898546280E+02  0.53266307667901E+04 -0.21574293007940E+04 -0.53792329147893E+04 -0.27743118337649E+05  0.00000000000000E+00  0.64574156841077E+05  0.00000000000000E+00  0.00000000000000E+00  0.00000000000000E+00  0.00000000000000E+00  0.00000000000000E+00  0.00000000000000E+00  0.00000000000000E+00  0.00000000000000E+00  0.00000000000000E+00  0.00000000000000E+00  0.00000000000000E+00  0.00000000000000E+00  0.00000000000000E+00  0.00000000000000E+00
  -0.43503337159706E+04 -0.24274145656663E+03  0.52288174822554E+02 -0.65943737615689E+02 -0.56610604551172E+02  0.15293646364047E+03  0.13561631957697E+03 -0.66218254997286E+05  0.24078772909850E+05  0.72680031744551E+03 -0.34428171850933E+03 -0.76894832333520E+03 -0.29676847174183E+02 -0.65211763948094E+01 -0.24499559793493E+04  0.27929226627209E+03 -0.23666530674163E+04 -0.11900671226511E+04 -0.11538050554086E+04  0.00000000000000E+00  0.00000000000000E+00  0.26338954133876E+01 -0.45488891546831E+02 -0.63685201869126E+01  0.00000000000000E+00  0.00000000000000E+00  0.30658148132075E+05  0.00000000000000E+00  0.00000000000000E+00  0.00000000000000E+00  0.00000000000000E+00  0.00000000000000E+00  0.00000000000000E+00  0.00000000000000E+00  0.00000000000000E+00  0.00000000000000E+00  0.00000000000000E+00  0.00000000000000E+00  0.00000000000000E+00  0.00000000000000E+00
  -0.83679386697930E+06  0.20903102491820E+06 -0.39125183895204E+05 -0.65687127982779E+05  0.12035813089769E+05 -0.89739353854305E+04 -0.10152379328769E+05 -0.27994494553453E+06  0.65665320426343E+05  0.11026793152808E+05 -0.21221917577605E+04 -0.52569360062501E+04 -0.62054646245449E+03 -0.91713193808776E+00  0.19933582011176E+04 -0.16523714314757E+03  0.20006964733689E+04  0.93811126058920E+03  0.54885104114797E+06  0.00000000000000E+00  0.00000000000000E+00  0.43480602041378E+03 -0.68157101319446E+04  0.37963285244395E+05  0.00000000000000E+00  0.00000000000000E+00  0.00000000000000E+00  0.57740752249123E+06  0.00000000000000E+00  0.00000000000000E+00  0.00000000000000E+00  0.00000000000000E+00  0.00000000000000E+00  0.00000000000000E+00  0.00000000000000E+00  0.00000000000000E+00  0.00000000000000E+00  0.00000000000000E+00  0.00000000000000E+00  0.00000000000000E+00
  -0.10831614429003E+07  0.26296623912127E+06 -0.50812344908024E+05 -0.34073840597470E+06  0.63464852539990E+05 -0.44528568809358E+05 -0.53035064441950E+05 -0.55635379080185E+06  0.12630949308728E+06  0.23099730634688E+05 -0.42722856089988E+04 -0.42635534387277E-09 -0.39588829790132E-10 -0.17717758695835E-11  0.42155375334722E+04 -0.47761863402368E+03  0.42596806966868E+04  0.23286694993174E+04  0.26768316724246E+07  0.37684045507439E+03  0.12197459817499E+06 -0.43221820931939E+05 -0.11845633282911E+06 -0.50064002582016E+06  0.00000000000000E+00  0.00000000000000E+00  0.00000000000000E+00  0.00000000000000E+00  0.91769187558463E+06  0.00000000000000E+00  0.00000000000000E+00  0.00000000000000E+00  0.00000000000000E+00  0.00000000000000E+00  0.00000000000000E+00  0.00000000000000E+00  0.00000000000000E+00  0.00000000000000E+00  0.00000000000000E+00  0.00000000000000E+00
  -0.20527677795441E+05  0.57929979460074E+04 -0.10063581234759E+04 -0.14128644482247E+04  0.34190820747743E+03 -0.83412097806807E+01 -0.17442954874801E+03 -0.71989258346227E+05  0.23121442561318E+05  0.15349170693049E+04 -0.44997307248143E+03 -0.25280350697557E+04 -0.15749349207593E+03 -0.37525799846730E+01 -0.15154171686335E+04  0.15449718691394E+03 -0.12258011427969E+04 -0.62043275333135E+03  0.17196480908473E+05  0.00000000000000E+00  0.00000000000000E+00  0.00000000000000E+00  0.00000000000000E+00  0.00000000000000E+00  0.00000000000000E+00  0.00000000000000E+00  0.00000000000000E+00  0.00000000000000E+00  0.00000000000000E+00  0.14748249084961E+05  0.00000000000000E+00  0.00000000000000E+00  0.00000000000000E+00  0.00000000000000E+00  0.00000000000000E+00  0.00000000000000E+00  0.00000000000000E+00  0.00000000000000E+00  0.00000000000000E+00  0.00000000000000E+00
  -0.46259179687598E+05  0.13202125984561E+05 -0.22779457943477E+04 -0.24861054687249E+04  0.58199120288101E+03 -0.43718224829669E+02 -0.29701886618825E+03 -0.16094816652977E+06  0.51806063080107E+05  0.33585534769809E+04 -0.10060821881029E+04 -0.76317116973002E+02 -0.20203143217545E+02 -0.25310957468089E-04 -0.29466920370626E+04  0.29960916537449E+03 -0.23926186155412E+04 -0.12123350251821E+04  0.30589811722851E+05 -0.68725743499885E+01 -0.12157362970165E+04 -0.15517117876327E+03 -0.38425656497049E+03 -0.20333447756182E+04  0.00000000000000E+00  0.00000000000000E+00  0.00000000000000E+00  0.00000000000000E+00  0.00000000000000E+00  0.00000000000000E+00  0.31744088246612E+05  0.00000000000000E+00  0.00000000000000E+00  0.00000000000000E+00  0.00000000000000E+00  0.00000000000000E+00  0.00000000000000E+00  0.00000000000000E+00  0.00000000000000E+00  0.00000000000000E+00
  -0.30741797040684E+04  0.42033932570467E+03 -0.11901365319625E+03 -0.73601513813635E+02  0.95169807685452E+01 -0.19501319910440E+02 -0.13691724228158E+02 -0.13176579610736E+04  0.17784048948022E+03  0.43185605687565E+02 -0.11327020030943E+02 -0.83489118684093E+02 -0.67172366526699E+01 -0.15219816118643E+00 -0.71147365743469E+03  0.77292681125249E+02 -0.58138109287253E+03 -0.31922711851368E+03  0.22176905852665E+03  0.00000000000000E+00  0.00000000000000E+00  0.00000000000000E+00  0.00000000000000E+00  0.00000000000000E+00  0.00000000000000E+00  0.00000000000000E+00  0.00000000000000E+00  0.00000000000000E+00  0.00000000000000E+00  0.00000000000000E+00  0.00000000000000E+00  0.37859794943542E+04  0.00000000000000E+00  0.00000000000000E+00  0.00000000000000E+00  0.00000000000000E+00  0.00000000000000E+00  0.00000000000000E+00  0.00000000000000E+00  0.00000000000000E+00
  -0.19820619083232E+06  0.63410267682460E+05 -0.99558854177438E+04 -0.11741309758999E+05  0.30129331818062E+04  0.29593919062937E+03 -0.11027013534646E+04 -0.57895565427891E+04  0.61958612966022E+03  0.59350849596449E+03 -0.51845455636332E+02 -0.23526387967591E+00 -0.16964693611646E+00  0.51754243402844E-12  0.21771825287085E+03 -0.58278422501560E+02  0.77425866202906E+02  0.10063474709049E+03  0.17839483244552E+06  0.00000000000000E+00  0.00000000000000E+00  0.22275320064898E+04  0.31214748870824E+04  0.16161074586747E+05  0.00000000000000E+00  0.00000000000000E+00  0.00000000000000E+00  0.00000000000000E+00  0.00000000000000E+00  0.00000000000000E+00  0.00000000000000E+00  0.00000000000000E+00  0.10560124081367E+06  0.00000000000000E+00  0.00000000000000E+00  0.00000000000000E+00  0.00000000000000E+00  0.00000000000000E+00  0.00000000000000E+00  0.00000000000000E+00
  -0.22352476100170E+06  0.70907984801344E+05 -0.11192707141134E+05 -0.52683688897303E+05  0.13296038349353E+05  0.94621039017787E+03 -0.51077301079452E+04 -0.11352594549027E+05  0.12529264275392E+04  0.11240945126195E+04 -0.10142776014282E+03  0.93243008758324E-10  0.14950394963246E-10  0.14339817233548E-12  0.39059306714944E+03 -0.10312409076598E+03  0.15067430231312E+03  0.18662443686197E+03  0.77888255285564E+06  0.21070004148663E+03  0.24370982636841E+05 -0.51660554246517E+04 -0.15907817071781E+05 -0.83611490200470E+05  0.00000000000000E+00  0.00000000000000E+00  0.00000000000000E+00  0.00000000000000E+00  0.00000000000000E+00  0.00000000000000E+00  0.00000000000000E+00  0.00000000000000E+00  0.00000000000000E+00  0.13872904656708E+06  0.00000000000000E+00  0.00000000000000E+00  0.00000000000000E+00  0.00000000000000E+00  0.00000000000000E+00  0.00000000000000E+00
  -0.91285945337978E+04  0.24720566980148E+04 -0.43857643466444E+03 -0.25233088720637E+04  0.48827341590251E+03 -0.28120586242900E+03 -0.38009608720976E+03 -0.24869807835355E+01 -0.11815163065051E+04  0.13814288285036E+03 -0.16220388217817E+02 -0.18553264549970E+01 -0.19588004481196E+00 -0.18694823236537E-02 -0.27813876547017E+04  0.41653929906081E+03 -0.25154505346290E+04 -0.16086533194470E+04  0.24147253891334E+05  0.00000000000000E+00  0.00000000000000E+00  0.00000000000000E+00  0.00000000000000E+00  0.00000000000000E+00  0.00000000000000E+00  0.00000000000000E+00  0.00000000000000E+00  0.00000000000000E+00  0.00000000000000E+00  0.00000000000000E+00  0.00000000000000E+00  0.00000000000000E+00  0.00000000000000E+00  0.00000000000000E+00  0.83417850061273E+04  0.00000000000000E+00  0.00000000000000E+00  0.00000000000000E+00  0.00000000000000E+00  0.00000000000000E+00
  -0.32307999808866E+04  0.78452637315764E+03 -0.15255448850162E+03 -0.98393171379523E+03  0.18068801196472E+03 -0.14025770959627E+03 -0.15948508243201E+03  0.14130853502715E+03 -0.66510995878646E+03  0.61432533824215E+02 -0.75986457702197E+01 -0.79692886559724E+00 -0.76063550541533E-01 -0.10253994672671E-02 -0.14863780889149E+04  0.20717650416500E+03 -0.13528765388144E+04 -0.83193133899070E+03  0.76154367032190E+04  0.00000000000000E+00  0.00000000000000E+00  0.00000000000000E+00  0.00000000000000E+00  0.00000000000000E+00  0.00000000000000E+00  0.00000000000000E+00  0.00000000000000E+00  0.00000000000000E+00  0.00000000000000E+00  0.00000000000000E+00  0.00000000000000E+00  0.00000000000000E+00  0.00000000000000E+00  0.00000000000000E+00  0.00000000000000E+00  0.42718004670670E+04  0.00000000000000E+00  0.00000000000000E+00  0.00000000000000E+00  0.00000000000000E+00
  -0.14880137224413E+05 -0.23709769856748E+04  0.56429364162878E+02 -0.95031041680411E+04  0.32991494626217E+03 -0.30155741399099E+04 -0.12649601107367E+04 -0.25979954494973E+06  0.11151638538245E+06  0.30861337532639E+04 -0.11710003318895E+04  0.30057135336739E+03  0.30067607408569E+02 -0.16424933328914E+01 -0.25148442228671E+04 -0.27350575748182E+03  0.11921975097579E+04  0.13233598099533E+04 -0.18253982576821E+05  0.00000000000000E+00  0.00000000000000E+00  0.00000000000000E+00  0.00000000000000E+00  0.00000000000000E+00  0.00000000000000E+00  0.00000000000000E+00  0.00000000000000E+00  0.00000000000000E+00  0.00000000000000E+00  0.00000000000000E+00  0.00000000000000E+00  0.00000000000000E+00  0.00000000000000E+00  0.00000000000000E+00  0.00000000000000E+00  0.00000000000000E+00  0.12379961970345E+06  0.00000000000000E+00  0.00000000000000E+00  0.00000000000000E+00
   0.16581151867537E+05 -0.22369824748188E+04  0.72780865924979E+03 -0.15639609484844E+05  0.24904235486433E+04 -0.33812641456431E+04 -0.31553072020183E+04 -0.86037595248887E+04  0.15932255295206E+04  0.44445813585392E+03 -0.70920417210009E+02  0.32731294243864E+03  0.73574458665799E+02  0.78792423780306E-04  0.17898166899369E+03 -0.32127584830310E+02  0.21047444074296E+03  0.14692798230979E+03  0.42895681746889E+05  0.13184372610851E+02 -0.44361673535165E+04  0.15444941188037E+04  0.38496689989903E+04  0.20504985867187E+05  0.00000000000000E+00  0.00000000000000E+00  0.00000000000000E+00  0.00000000000000E+00  0.00000000000000E+00  0.00000000000000E+00  0.00000000000000E+00  0.00000000000000E+00  0.00000000000000E+00  0.00000000000000E+00  0.00000000000000E+00  0.00000000000000E+00  0.00000000000000E+00  0.39215958452273E+05  0.00000000000000E+00  0.00000000000000E+00
  -0.70507381089368E+05  0.85324512100741E+04 -0.25699487307405E+04 -0.71989240791174E+04  0.82191311975147E+03 -0.18470960127895E+04 -0.11479526100229E+04 -0.13576239362708E+06  0.44159264271049E+05  0.27903185133824E+04 -0.84615436165955E+03 -0.28726803772820E+04 -0.20591895669788E+03 -0.35273108170374E+01 -0.81881168270561E+03  0.23445129127547E+03 -0.15533948677463E+04 -0.10751467968510E+04  0.20019371460345E+05  0.00000000000000E+00  0.00000000000000E+00 -0.38728143874994E+03 -0.21310097747681E+04  0.15653943885486E+04  0.00000000000000E+00  0.00000000000000E+00  0.00000000000000E+00  0.00000000000000E+00  0.00000000000000E+00  0.00000000000000E+00  0.00000000000000E+00  0.00000000000000E+00  0.00000000000000E+00  0.00000000000000E+00  0.00000000000000E+00  0.00000000000000E+00  0.00000000000000E+00  0.00000000000000E+00  0.94912959425058E+05  0.00000000000000E+00
  -0.55673702589066E+05  0.71600586134394E+04 -0.20855801569686E+04 -0.21315749528395E+05  0.25256210734446E+04 -0.53312951089617E+04 -0.34229889337974E+04 -0.16898066633811E+06  0.54417216613503E+05  0.35584972196293E+04 -0.10616940828101E+04 -0.46538103793070E-10 -0.79784004934515E-11  0.14623748449681E-12 -0.92204860244642E+03  0.26258482975872E+03 -0.17260891943537E+04 -0.11952905926539E+04  0.61620429657831E+05 -0.28395345467324E+02  0.43790554281017E+04 -0.28489674199979E+04 -0.82680743147655E+04 -0.30402556977140E+05  0.00000000000000E+00  0.00000000000000E+00  0.00000000000000E+00  0.00000000000000E+00  0.00000000000000E+00  0.00000000000000E+00  0.00000000000000E+00  0.00000000000000E+00  0.00000000000000E+00  0.00000000000000E+00  0.00000000000000E+00  0.00000000000000E+00  0.00000000000000E+00  0.00000000000000E+00  0.00000000000000E+00  0.99598900781144E+05

 # Covariance matrix (Bevington epsilon)
