# fitpack15: fit parameters                                                                         
# CJ15 AV18 final data choices                                                                      
# Created on 01/23/2020 at 21:59:02                                                                 

 # QCD setup
  INS                           0
  NVL                          11
  IORD                          1
  Q02                   1.6899999999999999     
  IPARAMC                       7
  FLAVOR                4.0000000000000000     
  xmc                   1.3000000000000000     
  xmb                   4.5000000000000000     
  ncb                          12
  ihq                           1
  ias                           0

 # Theory corrections
  inuke                     10814
  itmc                          1
  iht                           1

 # fit parameters
 LAMBDA       0.22680        0.0000    
 a0uv          2.4110        0.0000    
 a1uv         0.61596       0.19874E-01
 a2uv          3.5461       0.12402E-01
 a3uv          0.0000        0.0000    
 a4uv          3.4644       0.42916    
 a5uv          0.0000        0.0000    
 a0dv          24.805        0.0000    
 a1dv          1.1610       0.33579E-01
 a2dv          6.5569       0.15925    
 a3dv         -3.5008       0.86176E-01
 a4dv          4.6726       0.14285    
 a5dv          0.0000        0.0000    
 a0ud         0.14726       0.50534E-02
 a1ud        -0.20718       0.37534E-02
 a2ud          8.3379       0.19161    
 a3ud          0.0000        0.0000    
 a4ud          14.567        1.2229    
 a5ud          0.0000        0.0000    
 a0du          35712.        0.0000    
 a1du          4.0166       0.74892E-01
 a2du          20.230       0.87853    
 a3du          17.000        0.0000    
 a4du          51.149        10.586    
 a0g           45.027        0.0000    
 a1g          0.60023       0.31092E-01
 a2g           6.4938       0.96305    
 a3g          -3.3025       0.13441    
 a4g           3.1719       0.32137    
 a5g           0.0000        0.0000    
 kappa        0.40000        0.0000    
 a6dv        -0.36533E-02   0.66801E-03
 a7dv          2.0000        0.0000    
 off1         -3.6612        1.5207    
 off2         0.53008E-01   0.62254E-01
 ht1          -3.2920       0.25612    
 ht2           1.9196       0.10398    
 ht3          -2.0719       0.18256E-01
 ht4           0.0000        0.0000    
 dummy40       0.0000        0.0000    
 dummy41       0.0000        0.0000    
 dummy42       0.0000        0.0000    
 dummy43       0.0000        0.0000    
 dummy44       0.0000        0.0000    
 dummy45       0.0000        0.0000    
 dummy46       0.0000        0.0000    
 dummy47       0.0000        0.0000    
 dummy48       0.0000        0.0000    
 dummy49       0.0000        0.0000    
 bcdmsh2      0.97341       0.48212E-02
 bcdmsd2      0.99338       0.58309E-02
 ccfr          1.0000        0.0000    
 nutev         1.0000        0.0000    
 zeus         0.97998        0.0000    
 h1            1.0162        0.0000    
 e605          1.0319        0.0000    
 NmcH2         1.0099       0.71249E-02
 ntv_nu        1.0000        0.0000    
 ntv_nubar     1.0000        0.0000    
 cdf_jet      0.98910        0.0000    
 d0_jet       0.83504        0.0000    
 slac_p        1.0050       0.48111E-02
 slac_d        1.0043       0.52752E-02
 e866pp       0.96524       0.19250E-01
 e866pd       0.96388       0.15824E-01
 d0_gamjet     1.0391       0.16483E-01
 h1b          0.97608        0.0000    
 jlab_p       0.99484       0.57931E-02
 jlab_d       0.97607       0.59087E-02
 blank         1.0000        0.0000    
 d0run2       0.94052       0.14118E-01
 cdfrun2      0.92627       0.17214E-01
 HERA_el       1.0000        0.0000    
 HERA_ps       1.0000        0.0000    
 CDF_Z        0.96629       0.65196E-02
 NmcRat        1.0000        0.0000    
 BNS_F2nd     0.98274       0.69103E-02
 HERMES_F2p   0.99846       0.55647E-02
 HERMES_F2d   0.98063       0.58210E-02
 END 0. 0.

 # Hessian matrix (Bevington alpha)
   0.48754483690597E+07 -0.12859282711913E+07  0.23391894425184E+06  0.47898069563937E+06 -0.12564416178478E+06 -0.23081632402062E+05  0.54958409416789E+05  0.89231868160392E+06 -0.17234566723132E+06 -0.48015877183525E+05  0.73211777488736E+04  0.15469163170354E+05  0.17421585149195E+04 -0.11132854509007E+03  0.74763471749568E+04 -0.19085281724012E+04  0.10726606321492E+05  0.76788415982256E+04 -0.74481315663048E+07 -0.15925557812953E+04 -0.18145577260734E+06  0.52673002429767E+05  0.16852978926399E+06  0.69334269889551E+06 -0.12668026901853E+06 -0.53740120535716E+05 -0.43356593532364E+04 -0.83636889112143E+06 -0.10828717470234E+07 -0.20561056573238E+05 -0.46290053339763E+05 -0.30738128558852E+04 -0.19806622444674E+06 -0.22359666733992E+06 -0.90931093783998E+04 -0.32229651598409E+04 -0.14815849625360E+05  0.16512689901925E+05 -0.70377661595545E+05 -0.55525150460656E+05
  -0.12859282711913E+07  0.41309708258784E+06 -0.63803115995223E+05 -0.13517089537264E+06  0.35119595234371E+05  0.87965039650647E+04 -0.12234562293138E+05 -0.12021476449499E+06  0.26317651159588E+05  0.74298121843494E+04 -0.93120100410576E+03 -0.12502120606554E+04 -0.14517573952030E+03  0.13424152246451E+02  0.65979033307635E+03 -0.52733369327750E+02  0.17406076783930E+03  0.98629017565863E+02  0.25590500139479E+07  0.62069247636922E+03  0.51716005886420E+05 -0.11323579351807E+05 -0.40049582372867E+05 -0.19084320203500E+06  0.16556109400549E+05  0.81914848525777E+04 -0.24178006822558E+03  0.20908553549316E+06  0.26344283550973E+06  0.58072335841634E+04  0.13219890553788E+05  0.42085970224386E+03  0.63413379499465E+05  0.71050488207227E+05  0.24665991891575E+04  0.78394283948363E+03 -0.23725646816647E+04 -0.22332115227098E+04  0.85290843387520E+04  0.71572531056565E+04
   0.23391894425184E+06 -0.63803115995223E+05  0.11348946307580E+05  0.23248170039898E+05 -0.61880089084803E+04 -0.13438902788036E+04  0.25839241382334E+04  0.31320353323427E+05 -0.58999195575605E+04 -0.19905549066530E+04  0.26093551369290E+03  0.48281275525982E+03  0.63180044719407E+02 -0.50463775645377E+01 -0.39279348688495E+03  0.13392035703690E-01 -0.18272778192784E+03 -0.24450424935701E+02 -0.37354690736155E+06 -0.81689026398281E+02 -0.88471423474931E+04  0.24483553986834E+04  0.78587635547479E+04  0.33426223345055E+05 -0.55551639125828E+04 -0.23717975934282E+04  0.52241838470160E+02 -0.39120545648852E+05 -0.50840421508191E+05 -0.10083842777763E+04 -0.22802059308463E+04 -0.11908664459381E+03 -0.99511093164910E+04 -0.11203324653936E+05 -0.43714000809359E+03 -0.15227614122298E+03  0.57205411305254E+02  0.72561597814643E+03 -0.25669044694877E+04 -0.20819335112871E+04
   0.47898069563937E+06 -0.13517089537264E+06  0.23248170039898E+05  0.39438953875887E+06 -0.62260241026456E+05  0.75453167172678E+05  0.64593258538854E+05  0.34218309425049E+06 -0.24889035960864E+05 -0.18213304268015E+05  0.33505768983238E+04 -0.13416590831420E+04 -0.15565563326093E+03  0.58248914863675E+02  0.30555890783373E+05 -0.36981780112502E+04  0.27390880863291E+05  0.15324698500711E+05 -0.22206834800832E+07 -0.26851150242415E+03 -0.53343905230314E+05  0.19204548574583E+05  0.53643451971599E+05  0.22589001817281E+06 -0.12752719403269E+05 -0.21110560373899E+05 -0.63446650417285E+02 -0.65664261558950E+05 -0.34026053171670E+06 -0.14190119702543E+04 -0.24893793831973E+04 -0.74168239323086E+02 -0.11729987082061E+05 -0.52570082748793E+05 -0.25116170712625E+04 -0.98068210032660E+03 -0.94434217952805E+04 -0.15690940183614E+05 -0.71754803775774E+04 -0.21226438671470E+05
  -0.12564416178478E+06  0.35119595234371E+05 -0.61880089084803E+04 -0.62260241026456E+05  0.11675869744336E+05 -0.78514322368674E+04 -0.94211192286270E+04 -0.31925744115684E+05  0.29868291314002E+03  0.23814712068797E+04 -0.34035078343149E+03 -0.45164432709866E+02  0.44881963377209E+01 -0.52170766690324E+01 -0.26026515281040E+04  0.32027702515994E+03 -0.22778174776759E+04 -0.12920569271674E+04  0.48918506545257E+06  0.79074843905245E+02  0.11073720879317E+05 -0.35774088902851E+04 -0.99857356015516E+04 -0.44968102273390E+05  0.19954534573405E+04  0.33631028740953E+04 -0.56271892737411E+02  0.11933904505198E+05  0.62964960921271E+05  0.33990438364493E+03  0.57687355971955E+03  0.95875334084554E+01  0.29708430892587E+04  0.13115279886783E+05  0.48184902477918E+03  0.17884412265608E+03  0.33169658009565E+03  0.24954258571056E+04  0.81715653174247E+03  0.25098109149660E+04
  -0.23081632402062E+05  0.87965039650647E+04 -0.13438902788036E+04  0.75453167172678E+05 -0.78514322368674E+04  0.24291493878014E+05  0.14754758903518E+05  0.10396348647130E+06 -0.92122846701753E+04 -0.45955283748825E+04  0.10002180532042E+04 -0.70075737607377E+03 -0.69228237110682E+02  0.19730252006487E+02  0.92940095088613E+04 -0.11545056623475E+04  0.84792612231444E+04  0.48091763089694E+04 -0.66025767782663E+05  0.48847246212751E+02 -0.39980066310880E+04  0.24464426613129E+04  0.67296043943570E+04  0.20629040565755E+05 -0.28157056511338E+04 -0.43157379728669E+04  0.15420367408295E+03 -0.88330927286148E+04 -0.43630428814938E+05 -0.26610003300166E+01 -0.33748830245923E+02 -0.19614743624397E+02  0.34450596177000E+03  0.11947819342937E+04 -0.27281417496382E+03 -0.13765669342555E+03 -0.30268183494537E+04 -0.33790822065133E+04 -0.18457303812424E+04 -0.53171536074172E+04
   0.54958409416789E+05 -0.12234562293138E+05  0.25839241382334E+04  0.64593258538854E+05 -0.94211192286270E+04  0.14754758903518E+05  0.11579684404320E+05  0.57638367412446E+05 -0.28835460734488E+04 -0.32783150244232E+04  0.58494071667375E+03 -0.20950857969117E+03 -0.27293086860853E+02  0.10369910788971E+02  0.48050978794482E+04 -0.60558762567858E+03  0.42729824496777E+04  0.24546891668050E+04 -0.25067503963507E+06 -0.92454656671640E+01 -0.73394179606046E+04  0.29946512477582E+04  0.81894802743736E+04  0.31673977248137E+05 -0.24968364097844E+04 -0.39138490718123E+04  0.13626767188770E+03 -0.10077708695109E+05 -0.52579441612024E+05 -0.17195292821509E+03 -0.29191054804602E+03 -0.13805821957850E+02 -0.10698261317741E+04 -0.49491304632562E+04 -0.37473456028816E+03 -0.15795108434891E+03 -0.12705768356105E+04 -0.31647301264023E+04 -0.11465032537012E+04 -0.34138593069671E+04
   0.89231868160392E+06 -0.12021476449499E+06  0.31320353323427E+05  0.34218309425049E+06 -0.31925744115684E+05  0.10396348647130E+06  0.57638367412446E+05  0.49182806634017E+07 -0.22978080859801E+07 -0.84599706725958E+05  0.25744052322815E+05  0.27307524106088E+05  0.18070192408413E+04  0.10266107680050E+03  0.81882385920298E+05 -0.10388789200922E+05  0.84263500272118E+05  0.45418031868224E+05 -0.56517786176199E+06  0.34453744696288E+03 -0.24184973101903E+05  0.27873333857885E+05  0.87879121235227E+05  0.23718928892017E+06 -0.60066647589575E+05 -0.48329791174546E+05 -0.66484264155391E+05 -0.27887802612105E+06 -0.55338473046206E+06 -0.72286296141612E+05 -0.16150011513884E+06 -0.13221287338612E+04 -0.56287116990736E+04 -0.11064468331515E+05  0.83528203401132E+02  0.17211915838426E+03 -0.26077147183487E+06 -0.84977067263457E+04 -0.13601248584415E+06 -0.16923349995223E+06
  -0.17234566723132E+06  0.26317651159588E+05 -0.58999195575605E+04 -0.24889035960864E+05  0.29868291314002E+03 -0.92122846701753E+04 -0.28835460734488E+04 -0.22978080859801E+07  0.19262610405592E+07  0.18932194391717E+05 -0.65153170585267E+04 -0.59093295178693E+04 -0.32158428012924E+03 -0.14162835135828E+02  0.50360161872168E+05 -0.23811314868062E+04  0.17333718579304E+05  0.84317103304292E+04 -0.27974457962395E+05 -0.90846424632313E+02  0.60671346392091E+03 -0.57588536921243E+04 -0.19240132884318E+05 -0.46686072138246E+05  0.11414514639996E+05  0.10821064470925E+05  0.24115012385140E+05  0.65385134444220E+05  0.12562173744471E+06  0.23183159928890E+05  0.51913548609658E+05  0.17894682706411E+03  0.61385571695739E+03  0.12409795393943E+04 -0.12032324599233E+04 -0.67253412700938E+03  0.11165883279822E+06  0.15708461178807E+04  0.44156332567358E+05  0.54406229279560E+05
  -0.48015877183525E+05  0.74298121843494E+04 -0.19905549066530E+04 -0.18213304268015E+05  0.23814712068797E+04 -0.45955283748825E+04 -0.32783150244232E+04 -0.84599706725958E+05  0.18932194391717E+05  0.26332153435415E+04 -0.63957697926015E+03 -0.70331594713756E+03 -0.61129859658861E+02 -0.19589357528457E+01 -0.39790226972506E+04  0.48168065991511E+03 -0.36014043810710E+04 -0.20274827342099E+04  0.56789361594052E+05 -0.65391489416729E+01  0.21492474454412E+04 -0.12584813620167E+04 -0.36911740810044E+04 -0.11565124917255E+05  0.27276667126332E+04  0.18894958624404E+04  0.72691001903779E+03  0.10900871137679E+05  0.22801490032818E+05  0.15291925834145E+04  0.33436469479910E+04  0.43082465374777E+02  0.57115497482700E+03  0.10847595529397E+04  0.13444486010389E+03  0.60105511671517E+02  0.30829825973932E+04  0.43746912010822E+03  0.27793660576877E+04  0.35416659572717E+04
   0.73211777488736E+04 -0.93120100410576E+03  0.26093551369290E+03  0.33505768983238E+04 -0.34035078343149E+03  0.10002180532042E+04  0.58494071667375E+03  0.25744052322815E+05 -0.65153170585267E+04 -0.63957697926015E+03  0.18100938522133E+03  0.20926767471888E+03  0.15014592577964E+02  0.75373973096085E+00  0.12662963408745E+04 -0.13934859237527E+03  0.10957401982441E+04  0.59450043784960E+03 -0.64675180725388E+04  0.24820838394245E+01 -0.24897648964589E+03  0.21793428312953E+03  0.67265143649188E+03  0.18815060336134E+04 -0.48551658161591E+03 -0.36663532020379E+03 -0.34146740369866E+03 -0.20749331029447E+04 -0.41695598166416E+04 -0.44456830369391E+03 -0.99321148526146E+03 -0.11167659205241E+02 -0.49227504335793E+02 -0.96582342263999E+02 -0.15278252775438E+02 -0.72229775185621E+01 -0.11594234165872E+04 -0.68715473486959E+02 -0.83425050711585E+03 -0.10461311541916E+04
   0.15469163170354E+05 -0.12502120606554E+04  0.48281275525982E+03 -0.13416590831420E+04 -0.45164432709866E+02 -0.70075737607377E+03 -0.20950857969117E+03  0.27307524106088E+05 -0.59093295178693E+04 -0.70331594713756E+03  0.20926767471888E+03  0.18509149958712E+04  0.11936462238786E+03 -0.95918371639541E+00  0.15139904364918E+04 -0.20724476195864E+03  0.16631643934416E+04  0.94720381218590E+03 -0.69463455500270E+04 -0.52151212802703E+01 -0.10808155411085E+03 -0.88357187192166E+01  0.14833866356673E+03 -0.93500613598683E+03 -0.11624531613501E+04  0.45229177701748E-12 -0.78239894409480E+03 -0.52045798480593E+04  0.32194781550367E-09 -0.25507629077599E+04 -0.73011325163262E+02 -0.83606508694859E+02 -0.20572149280563E+00 -0.46353097517808E-10 -0.18410690946683E+01 -0.79452304312875E+00  0.30008975481519E+03  0.31636742280686E+03 -0.28819706353285E+04  0.78437545164167E-11
   0.17421585149195E+04 -0.14517573952030E+03  0.63180044719407E+02 -0.15565563326093E+03  0.44881963377209E+01 -0.69228237110682E+02 -0.27293086860853E+02  0.18070192408413E+04 -0.32158428012924E+03 -0.61129859658861E+02  0.15014592577964E+02  0.11936462238786E+03  0.10584557407570E+02 -0.18220048359429E+00  0.81025063939382E+02 -0.13453554707329E+02  0.98331464587888E+02  0.60704243161510E+02 -0.32618010849729E+03 -0.42785997705762E+00  0.57072682888382E+01  0.12374694996043E+01  0.19651703785738E+02 -0.91795537597499E+02 -0.17101713449562E+03  0.36406215171059E-11 -0.29858057789215E+02 -0.60787831249850E+03  0.14065272147965E-10 -0.15738031473625E+03 -0.19189210084988E+02 -0.66533730838053E+01 -0.14814110727236E+00 -0.41356778694967E-11 -0.19200605033063E+00 -0.74933303644907E-01  0.29739531156766E+02  0.70820484066200E+02 -0.20464596477806E+03  0.61638952779784E-12
  -0.11132854509007E+03  0.13424152246451E+02 -0.50463775645377E+01  0.58248914863675E+02 -0.52170766690324E+01  0.19730252006487E+02  0.10369910788971E+02  0.10266107680050E+03 -0.14162835135828E+02 -0.19589357528457E+01  0.75373973096085E+00 -0.95918371639541E+00 -0.18220048359429E+00  0.56380570881845E-01  0.15333552188594E+02 -0.11862392819199E+01  0.98906419877617E+01  0.46874260090902E+01 -0.84385049616720E+02  0.22253355441056E-01 -0.40613206272987E+01  0.50097992896329E+00  0.12822130438566E+01  0.66353311045728E+01  0.72172540881533E-01 -0.12654240328263E-12 -0.65034596536861E+01 -0.91014395003997E+00 -0.11354677329902E-11 -0.37449216062699E+01 -0.25104463069604E-04 -0.15171439968527E+00 -0.81688855948221E-13  0.83731751216907E-14 -0.18579835365031E-02 -0.10214255304497E-02 -0.16410155284632E+01  0.77866348664941E-04 -0.35098137079275E+01  0.44175310743171E-12
   0.74763471749568E+04  0.65979033307635E+03 -0.39279348688495E+03  0.30555890783373E+05 -0.26026515281040E+04  0.92940095088613E+04  0.48050978794482E+04  0.81882385920298E+05  0.50360161872168E+05 -0.39790226972506E+04  0.12662963408745E+04  0.15139904364918E+04  0.81025063939382E+02  0.15333552188594E+02  0.48885827585031E+05 -0.44817808647552E+04  0.35587557299199E+05  0.18519843239202E+05 -0.54966828990574E+05  0.29344420522449E+01  0.65704899832276E+03 -0.19167772466827E+03 -0.56078959899572E+03 -0.12602901114869E+04 -0.26017148782887E+04 -0.17114237647623E+04 -0.24471984845296E+04  0.19611107690955E+04  0.41879730628709E+04 -0.15262593159736E+04 -0.29622337038194E+04 -0.71535475093317E+03  0.24208956091220E+03  0.43270997981885E+03 -0.28241268552018E+04 -0.15038307172268E+04 -0.24889284276192E+04  0.18021687264082E+03 -0.83265719696598E+03 -0.93817757691839E+03
  -0.19085281724012E+04 -0.52733369327750E+02  0.13392035703690E-01 -0.36981780112502E+04  0.32027702515994E+03 -0.11545056623475E+04 -0.60558762567858E+03 -0.10388789200922E+05 -0.23811314868062E+04  0.48168065991511E+03 -0.13934859237527E+03 -0.20724476195864E+03 -0.13453554707329E+02 -0.11862392819199E+01 -0.44817808647552E+04  0.47969987812743E+03 -0.37501427482444E+04 -0.20287651743208E+04  0.64280800193445E+04 -0.98135534838352E+00 -0.96123093226943E+02  0.18316822135242E+02  0.45535226582390E+02  0.12373903482975E+03  0.48016651771339E+03  0.30136751490752E+03  0.28077987359512E+03 -0.15772187538086E+03 -0.47019943572360E+03  0.15726707660211E+03  0.30422564842834E+03  0.78417832910691E+02 -0.64929899917989E+02 -0.11453270979507E+03  0.42901307994699E+03  0.21228641749408E+03 -0.28698327605429E+03 -0.32297043857035E+02  0.23950877946208E+03  0.26840204209279E+03
   0.10726606321492E+05  0.17406076783930E+03 -0.18272778192784E+03  0.27390880863291E+05 -0.22778174776759E+04  0.84792612231444E+04  0.42729824496777E+04  0.84263500272118E+05  0.17333718579304E+05 -0.36014043810710E+04  0.10957401982441E+04  0.16631643934416E+04  0.98331464587888E+02  0.98906419877617E+01  0.35587557299199E+05 -0.37501427482444E+04  0.29762796457746E+05  0.15957615420143E+05 -0.49370271561308E+05  0.19845717534125E+01  0.71864129302865E+03 -0.23804438461231E+03 -0.64614564790052E+03 -0.14186807835246E+04 -0.27281705150246E+04 -0.17536243699413E+04 -0.24857682289414E+04  0.20941995824707E+04  0.45298068586895E+04 -0.12922044533073E+04 -0.25187874623161E+04 -0.61716906937445E+03  0.90208137701753E+02  0.17497300164745E+03 -0.27040741895429E+04 -0.14502826952283E+04  0.13813702001080E+04  0.23125187201554E+03 -0.16918717314374E+04 -0.18795218310223E+04
   0.76788415982256E+04  0.98629017565863E+02 -0.24450424935701E+02  0.15324698500711E+05 -0.12920569271674E+04  0.48091763089694E+04  0.24546891668050E+04  0.45418031868224E+05  0.84317103304292E+04 -0.20274827342099E+04  0.59450043784960E+03  0.94720381218590E+03  0.60704243161510E+02  0.46874260090902E+01  0.18519843239202E+05 -0.20287651743208E+04  0.15957615420143E+05  0.86665986265369E+04 -0.27422515135763E+05  0.25160301226862E+01  0.43237948748774E+03 -0.12327311450646E+03 -0.31107621168588E+03 -0.72619084074931E+03 -0.18906190824227E+04 -0.11839682079594E+04 -0.12482330451757E+04  0.97198611934807E+03  0.24630517270349E+04 -0.65478333454675E+03 -0.12772857278757E+04 -0.33900044378520E+03  0.11615581191757E+03  0.21480101475914E+03 -0.17301761239412E+04 -0.89191361939902E+03  0.14609193417243E+04  0.15943636230830E+03 -0.11585808535584E+04 -0.12880439596982E+04
  -0.74481315663048E+07  0.25590500139479E+07 -0.37354690736155E+06 -0.22206834800832E+07  0.48918506545257E+06 -0.66025767782663E+05 -0.25067503963507E+06 -0.56517786176199E+06 -0.27974457962395E+05  0.56789361594052E+05 -0.64675180725388E+04 -0.69463455500270E+04 -0.32618010849729E+03 -0.84385049616720E+02 -0.54966828990574E+05  0.64280800193445E+04 -0.49370271561308E+05 -0.27422515135763E+05  0.32813495913396E+08  0.71237091389816E+04  0.57669640571439E+06 -0.15214562011819E+06 -0.46148503783430E+06 -0.23260889314475E+07  0.33822546370568E+05  0.75222843602082E+05 -0.11673295448294E+04  0.56254728195360E+06  0.27455798192471E+07  0.17699961201057E+05  0.31406774862780E+05  0.23109660702952E+03  0.18285327946632E+06  0.79887408009196E+06  0.24659169491928E+05  0.77898548430390E+04 -0.18726213227219E+05  0.44132786548629E+05  0.20499386678365E+05  0.63112282079169E+05
  -0.15925557812953E+04  0.62069247636922E+03 -0.81689026398281E+02 -0.26851150242415E+03  0.79074843905245E+02  0.48847246212751E+02 -0.92454656671640E+01  0.34453744696288E+03 -0.90846424632313E+02 -0.65391489416729E+01  0.24820838394245E+01 -0.52151212802703E+01 -0.42785997705762E+00  0.22253355441056E-01  0.29344420522449E+01 -0.98135534838352E+00  0.19845717534125E+01  0.25160301226862E+01  0.71237091389816E+04  0.26566879612915E+01  0.14080252449265E+03 -0.31573328268419E+02 -0.96012820627721E+02 -0.55762454248981E+03  0.00000000000000E+00 -0.20929137444628E+02  0.00000000000000E+00  0.00000000000000E+00  0.52202045720155E+03  0.00000000000000E+00 -0.82844774238722E+01  0.00000000000000E+00  0.00000000000000E+00  0.23898308509719E+03  0.00000000000000E+00  0.00000000000000E+00  0.00000000000000E+00  0.77972397812284E+01  0.00000000000000E+00 -0.22993119674456E+02
  -0.18145577260734E+06  0.51716005886420E+05 -0.88471423474931E+04 -0.53343905230314E+05  0.11073720879317E+05 -0.39980066310880E+04 -0.73394179606046E+04 -0.24184973101903E+05  0.60671346392091E+03  0.21492474454412E+04 -0.24897648964589E+03 -0.10808155411085E+03  0.57072682888382E+01 -0.40613206272987E+01  0.65704899832276E+03 -0.96123093226943E+02  0.71864129302865E+03  0.43237948748774E+03  0.57669640571439E+06  0.14080252449265E+03  0.19568210155850E+05 -0.62705301755156E+04 -0.17308287181485E+05 -0.81174087977294E+05  0.00000000000000E+00  0.44169647982398E+04  0.00000000000000E+00  0.00000000000000E+00  0.99755668094402E+05  0.00000000000000E+00 -0.99891034576624E+03  0.00000000000000E+00  0.00000000000000E+00  0.19744620392896E+05  0.00000000000000E+00  0.00000000000000E+00  0.00000000000000E+00 -0.36702838962538E+04  0.00000000000000E+00  0.36234224539480E+04
   0.52673002429767E+05 -0.11323579351807E+05  0.24483553986834E+04  0.19204548574583E+05 -0.35774088902851E+04  0.24464426613129E+04  0.29946512477582E+04  0.27873333857885E+05 -0.57588536921243E+04 -0.12584813620167E+04  0.21793428312953E+03 -0.88357187192166E+01  0.12374694996043E+01  0.50097992896329E+00 -0.19167772466827E+03  0.18316822135242E+02 -0.23804438461231E+03 -0.12327311450646E+03 -0.15214562011819E+06 -0.31573328268419E+02 -0.62705301755156E+04  0.25559912485403E+04  0.68134629306207E+04  0.29077867276180E+05 -0.52612718807574E+02 -0.20236083300670E+04  0.20396905798656E+01  0.49830961180225E+03 -0.39941419590288E+05  0.00000000000000E+00 -0.17796883245002E+03  0.00000000000000E+00  0.23081721715592E+04 -0.44105978260173E+04  0.00000000000000E+00  0.00000000000000E+00  0.00000000000000E+00  0.14370027146280E+04 -0.40329719941490E+03 -0.27436974208744E+04
   0.16852978926399E+06 -0.40049582372867E+05  0.78587635547479E+04  0.53643451971599E+05 -0.99857356015516E+04  0.67296043943570E+04  0.81894802743736E+04  0.87879121235227E+05 -0.19240132884318E+05 -0.36911740810044E+04  0.67265143649188E+03  0.14833866356673E+03  0.19651703785738E+02  0.12822130438566E+01 -0.56078959899572E+03  0.45535226582390E+02 -0.64614564790052E+03 -0.31107621168588E+03 -0.46148503783430E+06 -0.96012820627721E+02 -0.17308287181485E+05  0.68134629306207E+04  0.18825986219567E+05  0.79138759641158E+05 -0.16454356511355E+03 -0.50480273628219E+04 -0.53193050227668E+02 -0.68409361649294E+04 -0.11056408489237E+06  0.00000000000000E+00 -0.44071130202204E+03  0.00000000000000E+00  0.32003373106789E+04 -0.14185666382805E+05  0.00000000000000E+00  0.00000000000000E+00  0.00000000000000E+00  0.35850007572502E+04 -0.22064854197638E+04 -0.80440103715158E+04
   0.69334269889551E+06 -0.19084320203500E+06  0.33426223345055E+05  0.22589001817281E+06 -0.44968102273390E+05  0.20629040565755E+05  0.31673977248137E+05  0.23718928892017E+06 -0.46686072138246E+05 -0.11565124917255E+05  0.18815060336134E+04 -0.93500613598683E+03 -0.91795537597499E+02  0.66353311045728E+01 -0.12602901114869E+04  0.12373903482975E+03 -0.14186807835246E+04 -0.72619084074931E+03 -0.23260889314475E+07 -0.55762454248981E+03 -0.81174087977294E+05  0.29077867276180E+05  0.79138759641158E+05  0.36806437964029E+06  0.25667751422727E+03 -0.25979853673577E+05 -0.68311149343232E+01  0.38175295682764E+05 -0.45861043149007E+06  0.00000000000000E+00 -0.23320825334272E+04  0.00000000000000E+00  0.16128847233552E+05 -0.75074505410097E+05  0.00000000000000E+00  0.00000000000000E+00  0.00000000000000E+00  0.19105535070678E+05  0.15880873998491E+04 -0.28784242735872E+05
  -0.12668026901853E+06  0.16556109400549E+05 -0.55551639125828E+04 -0.12752719403269E+05  0.19954534573405E+04 -0.28157056511338E+04 -0.24968364097844E+04 -0.60066647589575E+05  0.11414514639996E+05  0.27276667126332E+04 -0.48551658161591E+03 -0.11624531613501E+04 -0.17101713449562E+03  0.72172540881533E-01 -0.26017148782887E+04  0.48016651771339E+03 -0.27281705150246E+04 -0.18906190824227E+04  0.33822546370568E+05  0.00000000000000E+00  0.00000000000000E+00 -0.52612718807574E+02 -0.16454356511355E+03  0.25667751422727E+03  0.11617469974347E+06  0.00000000000000E+00  0.00000000000000E+00  0.00000000000000E+00  0.00000000000000E+00  0.00000000000000E+00  0.00000000000000E+00  0.00000000000000E+00  0.00000000000000E+00  0.00000000000000E+00  0.00000000000000E+00  0.00000000000000E+00  0.00000000000000E+00  0.00000000000000E+00  0.00000000000000E+00  0.00000000000000E+00
  -0.53740120535716E+05  0.81914848525777E+04 -0.23717975934282E+04 -0.21110560373899E+05  0.33631028740953E+04 -0.43157379728669E+04 -0.39138490718123E+04 -0.48329791174546E+05  0.10821064470925E+05  0.18894958624404E+04 -0.36663532020379E+03  0.45229177701748E-12  0.36406215171059E-11 -0.12654240328263E-12 -0.17114237647623E+04  0.30136751490752E+03 -0.17536243699413E+04 -0.11839682079594E+04  0.75222843602082E+05 -0.20929137444628E+02  0.44169647982398E+04 -0.20236083300670E+04 -0.50480273628219E+04 -0.25979853673577E+05  0.00000000000000E+00  0.64558821560846E+05  0.00000000000000E+00  0.00000000000000E+00  0.00000000000000E+00  0.00000000000000E+00  0.00000000000000E+00  0.00000000000000E+00  0.00000000000000E+00  0.00000000000000E+00  0.00000000000000E+00  0.00000000000000E+00  0.00000000000000E+00  0.00000000000000E+00  0.00000000000000E+00  0.00000000000000E+00
  -0.43356593532364E+04 -0.24178006822558E+03  0.52241838470160E+02 -0.63446650417285E+02 -0.56271892737411E+02  0.15420367408295E+03  0.13626767188770E+03 -0.66484264155391E+05  0.24115012385140E+05  0.72691001903779E+03 -0.34146740369866E+03 -0.78239894409480E+03 -0.29858057789215E+02 -0.65034596536861E+01 -0.24471984845296E+04  0.28077987359512E+03 -0.24857682289414E+04 -0.12482330451757E+04 -0.11673295448294E+04  0.00000000000000E+00  0.00000000000000E+00  0.20396905798656E+01 -0.53193050227668E+02 -0.68311149343232E+01  0.00000000000000E+00  0.00000000000000E+00  0.30633482814157E+05  0.00000000000000E+00  0.00000000000000E+00  0.00000000000000E+00  0.00000000000000E+00  0.00000000000000E+00  0.00000000000000E+00  0.00000000000000E+00  0.00000000000000E+00  0.00000000000000E+00  0.00000000000000E+00  0.00000000000000E+00  0.00000000000000E+00  0.00000000000000E+00
  -0.83636889112143E+06  0.20908553549316E+06 -0.39120545648852E+05 -0.65664261558950E+05  0.11933904505198E+05 -0.88330927286148E+04 -0.10077708695109E+05 -0.27887802612105E+06  0.65385134444220E+05  0.10900871137679E+05 -0.20749331029447E+04 -0.52045798480593E+04 -0.60787831249850E+03 -0.91014395003997E+00  0.19611107690955E+04 -0.15772187538086E+03  0.20941995824707E+04  0.97198611934807E+03  0.56254728195360E+06  0.00000000000000E+00  0.00000000000000E+00  0.49830961180225E+03 -0.68409361649294E+04  0.38175295682764E+05  0.00000000000000E+00  0.00000000000000E+00  0.00000000000000E+00  0.57732537020000E+06  0.00000000000000E+00  0.00000000000000E+00  0.00000000000000E+00  0.00000000000000E+00  0.00000000000000E+00  0.00000000000000E+00  0.00000000000000E+00  0.00000000000000E+00  0.00000000000000E+00  0.00000000000000E+00  0.00000000000000E+00  0.00000000000000E+00
  -0.10828717470234E+07  0.26344283550973E+06 -0.50840421508191E+05 -0.34026053171670E+06  0.62964960921271E+05 -0.43630428814938E+05 -0.52579441612024E+05 -0.55338473046206E+06  0.12562173744471E+06  0.22801490032818E+05 -0.41695598166416E+04  0.32194781550367E-09  0.14065272147965E-10 -0.11354677329902E-11  0.41879730628709E+04 -0.47019943572360E+03  0.45298068586895E+04  0.24630517270349E+04  0.27455798192471E+07  0.52202045720155E+03  0.99755668094402E+05 -0.39941419590288E+05 -0.11056408489237E+06 -0.45861043149007E+06  0.00000000000000E+00  0.00000000000000E+00  0.00000000000000E+00  0.00000000000000E+00  0.91771737138919E+06  0.00000000000000E+00  0.00000000000000E+00  0.00000000000000E+00  0.00000000000000E+00  0.00000000000000E+00  0.00000000000000E+00  0.00000000000000E+00  0.00000000000000E+00  0.00000000000000E+00  0.00000000000000E+00  0.00000000000000E+00
  -0.20561056573238E+05  0.58072335841634E+04 -0.10083842777763E+04 -0.14190119702543E+04  0.33990438364493E+03 -0.26610003300166E+01 -0.17195292821509E+03 -0.72286296141612E+05  0.23183159928890E+05  0.15291925834145E+04 -0.44456830369391E+03 -0.25507629077599E+04 -0.15738031473625E+03 -0.37449216062699E+01 -0.15262593159736E+04  0.15726707660211E+03 -0.12922044533073E+04 -0.65478333454675E+03  0.17699961201057E+05  0.00000000000000E+00  0.00000000000000E+00  0.00000000000000E+00  0.00000000000000E+00  0.00000000000000E+00  0.00000000000000E+00  0.00000000000000E+00  0.00000000000000E+00  0.00000000000000E+00  0.00000000000000E+00  0.14784565145569E+05  0.00000000000000E+00  0.00000000000000E+00  0.00000000000000E+00  0.00000000000000E+00  0.00000000000000E+00  0.00000000000000E+00  0.00000000000000E+00  0.00000000000000E+00  0.00000000000000E+00  0.00000000000000E+00
  -0.46290053339763E+05  0.13219890553788E+05 -0.22802059308463E+04 -0.24893793831973E+04  0.57687355971955E+03 -0.33748830245923E+02 -0.29191054804602E+03 -0.16150011513884E+06  0.51913548609658E+05  0.33436469479910E+04 -0.99321148526146E+03 -0.73011325163262E+02 -0.19189210084988E+02 -0.25104463069604E-04 -0.29622337038194E+04  0.30422564842834E+03 -0.25187874623161E+04 -0.12772857278757E+04  0.31406774862780E+05 -0.82844774238722E+01 -0.99891034576624E+03 -0.17796883245002E+03 -0.44071130202204E+03 -0.23320825334272E+04  0.00000000000000E+00  0.00000000000000E+00  0.00000000000000E+00  0.00000000000000E+00  0.00000000000000E+00  0.00000000000000E+00  0.31776800138092E+05  0.00000000000000E+00  0.00000000000000E+00  0.00000000000000E+00  0.00000000000000E+00  0.00000000000000E+00  0.00000000000000E+00  0.00000000000000E+00  0.00000000000000E+00  0.00000000000000E+00
  -0.30738128558852E+04  0.42085970224386E+03 -0.11908664459381E+03 -0.74168239323086E+02  0.95875334084554E+01 -0.19614743624397E+02 -0.13805821957850E+02 -0.13221287338612E+04  0.17894682706411E+03  0.43082465374777E+02 -0.11167659205241E+02 -0.83606508694859E+02 -0.66533730838053E+01 -0.15171439968527E+00 -0.71535475093317E+03  0.78417832910691E+02 -0.61716906937445E+03 -0.33900044378520E+03  0.23109660702952E+03  0.00000000000000E+00  0.00000000000000E+00  0.00000000000000E+00  0.00000000000000E+00  0.00000000000000E+00  0.00000000000000E+00  0.00000000000000E+00  0.00000000000000E+00  0.00000000000000E+00  0.00000000000000E+00  0.00000000000000E+00  0.00000000000000E+00  0.37852350666047E+04  0.00000000000000E+00  0.00000000000000E+00  0.00000000000000E+00  0.00000000000000E+00  0.00000000000000E+00  0.00000000000000E+00  0.00000000000000E+00  0.00000000000000E+00
  -0.19806622444674E+06  0.63413379499465E+05 -0.99511093164910E+04 -0.11729987082061E+05  0.29708430892587E+04  0.34450596177000E+03 -0.10698261317741E+04 -0.56287116990736E+04  0.61385571695739E+03  0.57115497482700E+03 -0.49227504335793E+02 -0.20572149280563E+00 -0.14814110727236E+00 -0.81688855948221E-13  0.24208956091220E+03 -0.64929899917989E+02  0.90208137701753E+02  0.11615581191757E+03  0.18285327946632E+06  0.00000000000000E+00  0.00000000000000E+00  0.23081721715592E+04  0.32003373106789E+04  0.16128847233552E+05  0.00000000000000E+00  0.00000000000000E+00  0.00000000000000E+00  0.00000000000000E+00  0.00000000000000E+00  0.00000000000000E+00  0.00000000000000E+00  0.00000000000000E+00  0.10543226656434E+06  0.00000000000000E+00  0.00000000000000E+00  0.00000000000000E+00  0.00000000000000E+00  0.00000000000000E+00  0.00000000000000E+00  0.00000000000000E+00
  -0.22359666733992E+06  0.71050488207227E+05 -0.11203324653936E+05 -0.52570082748793E+05  0.13115279886783E+05  0.11947819342937E+04 -0.49491304632562E+04 -0.11064468331515E+05  0.12409795393943E+04  0.10847595529397E+04 -0.96582342263999E+02 -0.46353097517808E-10 -0.41356778694967E-11  0.83731751216907E-14  0.43270997981885E+03 -0.11453270979507E+03  0.17497300164745E+03  0.21480101475914E+03  0.79887408009196E+06  0.23898308509719E+03  0.19744620392896E+05 -0.44105978260173E+04 -0.14185666382805E+05 -0.75074505410097E+05  0.00000000000000E+00  0.00000000000000E+00  0.00000000000000E+00  0.00000000000000E+00  0.00000000000000E+00  0.00000000000000E+00  0.00000000000000E+00  0.00000000000000E+00  0.00000000000000E+00  0.13860471909532E+06  0.00000000000000E+00  0.00000000000000E+00  0.00000000000000E+00  0.00000000000000E+00  0.00000000000000E+00  0.00000000000000E+00
  -0.90931093783998E+04  0.24665991891575E+04 -0.43714000809359E+03 -0.25116170712625E+04  0.48184902477918E+03 -0.27281417496382E+03 -0.37473456028816E+03  0.83528203401132E+02 -0.12032324599233E+04  0.13444486010389E+03 -0.15278252775438E+02 -0.18410690946683E+01 -0.19200605033063E+00 -0.18579835365031E-02 -0.28241268552018E+04  0.42901307994699E+03 -0.27040741895429E+04 -0.17301761239412E+04  0.24659169491928E+05  0.00000000000000E+00  0.00000000000000E+00  0.00000000000000E+00  0.00000000000000E+00  0.00000000000000E+00  0.00000000000000E+00  0.00000000000000E+00  0.00000000000000E+00  0.00000000000000E+00  0.00000000000000E+00  0.00000000000000E+00  0.00000000000000E+00  0.00000000000000E+00  0.00000000000000E+00  0.00000000000000E+00  0.83137139563056E+04  0.00000000000000E+00  0.00000000000000E+00  0.00000000000000E+00  0.00000000000000E+00  0.00000000000000E+00
  -0.32229651598409E+04  0.78394283948363E+03 -0.15227614122298E+03 -0.98068210032660E+03  0.17884412265608E+03 -0.13765669342555E+03 -0.15795108434891E+03  0.17211915838426E+03 -0.67253412700938E+03  0.60105511671517E+02 -0.72229775185621E+01 -0.79452304312875E+00 -0.74933303644907E-01 -0.10214255304497E-02 -0.15038307172268E+04  0.21228641749408E+03 -0.14502826952283E+04 -0.89191361939902E+03  0.77898548430390E+04  0.00000000000000E+00  0.00000000000000E+00  0.00000000000000E+00  0.00000000000000E+00  0.00000000000000E+00  0.00000000000000E+00  0.00000000000000E+00  0.00000000000000E+00  0.00000000000000E+00  0.00000000000000E+00  0.00000000000000E+00  0.00000000000000E+00  0.00000000000000E+00  0.00000000000000E+00  0.00000000000000E+00  0.00000000000000E+00  0.42639460050087E+04  0.00000000000000E+00  0.00000000000000E+00  0.00000000000000E+00  0.00000000000000E+00
  -0.14815849625360E+05 -0.23725646816647E+04  0.57205411305254E+02 -0.94434217952805E+04  0.33169658009565E+03 -0.30268183494537E+04 -0.12705768356105E+04 -0.26077147183487E+06  0.11165883279822E+06  0.30829825973932E+04 -0.11594234165872E+04  0.30008975481519E+03  0.29739531156766E+02 -0.16410155284632E+01 -0.24889284276192E+04 -0.28698327605429E+03  0.13813702001080E+04  0.14609193417243E+04 -0.18726213227219E+05  0.00000000000000E+00  0.00000000000000E+00  0.00000000000000E+00  0.00000000000000E+00  0.00000000000000E+00  0.00000000000000E+00  0.00000000000000E+00  0.00000000000000E+00  0.00000000000000E+00  0.00000000000000E+00  0.00000000000000E+00  0.00000000000000E+00  0.00000000000000E+00  0.00000000000000E+00  0.00000000000000E+00  0.00000000000000E+00  0.00000000000000E+00  0.12371152530086E+06  0.00000000000000E+00  0.00000000000000E+00  0.00000000000000E+00
   0.16512689901925E+05 -0.22332115227098E+04  0.72561597814643E+03 -0.15690940183614E+05  0.24954258571056E+04 -0.33790822065133E+04 -0.31647301264023E+04 -0.84977067263457E+04  0.15708461178807E+04  0.43746912010822E+03 -0.68715473486959E+02  0.31636742280686E+03  0.70820484066200E+02  0.77866348664941E-04  0.18021687264082E+03 -0.32297043857035E+02  0.23125187201554E+03  0.15943636230830E+03  0.44132786548629E+05  0.77972397812284E+01 -0.36702838962538E+04  0.14370027146280E+04  0.35850007572502E+04  0.19105535070678E+05  0.00000000000000E+00  0.00000000000000E+00  0.00000000000000E+00  0.00000000000000E+00  0.00000000000000E+00  0.00000000000000E+00  0.00000000000000E+00  0.00000000000000E+00  0.00000000000000E+00  0.00000000000000E+00  0.00000000000000E+00  0.00000000000000E+00  0.00000000000000E+00  0.39284102296590E+05  0.00000000000000E+00  0.00000000000000E+00
  -0.70377661595545E+05  0.85290843387520E+04 -0.25669044694877E+04 -0.71754803775774E+04  0.81715653174247E+03 -0.18457303812424E+04 -0.11465032537012E+04 -0.13601248584415E+06  0.44156332567358E+05  0.27793660576877E+04 -0.83425050711585E+03 -0.28819706353285E+04 -0.20464596477806E+03 -0.35098137079275E+01 -0.83265719696598E+03  0.23950877946208E+03 -0.16918717314374E+04 -0.11585808535584E+04  0.20499386678365E+05  0.00000000000000E+00  0.00000000000000E+00 -0.40329719941490E+03 -0.22064854197638E+04  0.15880873998491E+04  0.00000000000000E+00  0.00000000000000E+00  0.00000000000000E+00  0.00000000000000E+00  0.00000000000000E+00  0.00000000000000E+00  0.00000000000000E+00  0.00000000000000E+00  0.00000000000000E+00  0.00000000000000E+00  0.00000000000000E+00  0.00000000000000E+00  0.00000000000000E+00  0.00000000000000E+00  0.94885386601617E+05  0.00000000000000E+00
  -0.55525150460656E+05  0.71572531056565E+04 -0.20819335112871E+04 -0.21226438671470E+05  0.25098109149660E+04 -0.53171536074172E+04 -0.34138593069671E+04 -0.16923349995223E+06  0.54406229279560E+05  0.35416659572717E+04 -0.10461311541916E+04  0.78437545164167E-11  0.61638952779784E-12  0.44175310743171E-12 -0.93817757691839E+03  0.26840204209279E+03 -0.18795218310223E+04 -0.12880439596982E+04  0.63112282079169E+05 -0.22993119674456E+02  0.36234224539480E+04 -0.27436974208744E+04 -0.80440103715158E+04 -0.28784242735872E+05  0.00000000000000E+00  0.00000000000000E+00  0.00000000000000E+00  0.00000000000000E+00  0.00000000000000E+00  0.00000000000000E+00  0.00000000000000E+00  0.00000000000000E+00  0.00000000000000E+00  0.00000000000000E+00  0.00000000000000E+00  0.00000000000000E+00  0.00000000000000E+00  0.00000000000000E+00  0.00000000000000E+00  0.99550557703857E+05

 # Covariance matrix (Bevington epsilon)
