# fitpack15: fit parameters                                                                         
# CJ15 AV18 final data choices                                                                      
# Created on 01/23/2020 at 21:35:52                                                                 

 # QCD setup
  INS                           0
  NVL                          11
  IORD                          1
  Q02                   1.6899999999999999     
  IPARAMC                       7
  FLAVOR                4.0000000000000000     
  xmc                   1.3000000000000000     
  xmb                   4.5000000000000000     
  ncb                          12
  ihq                           1
  ias                           0

 # Theory corrections
  inuke                     10814
  itmc                          1
  iht                           1

 # fit parameters
 LAMBDA       0.22680        0.0000    
 a0uv          2.4064        0.0000    
 a1uv         0.61536       0.19854E-01
 a2uv          3.5433       0.12408E-01
 a3uv          0.0000        0.0000    
 a4uv          3.4619       0.42870    
 a5uv          0.0000        0.0000    
 a0dv          24.923        0.0000    
 a1dv          1.1617       0.33417E-01
 a2dv          6.5555       0.15865    
 a3dv         -3.5052       0.85483E-01
 a4dv          4.6734       0.14183    
 a5dv          0.0000        0.0000    
 a0ud         0.14621       0.50277E-02
 a1ud        -0.20805       0.37578E-02
 a2ud          8.3238       0.19158    
 a3ud          0.0000        0.0000    
 a4ud          14.627        1.2263    
 a5ud          0.0000        0.0000    
 a0du          35712.        0.0000    
 a1du          4.0277       0.75755E-01
 a2du          20.126       0.87967    
 a3du          17.000        0.0000    
 a4du          51.296        10.665    
 a0g           45.728        0.0000    
 a1g          0.60388       0.31061E-01
 a2g           6.4963       0.95596    
 a3g          -3.3071       0.13329    
 a4g           3.1743       0.31758    
 a5g           0.0000        0.0000    
 kappa        0.40000        0.0000    
 a6dv        -0.35547E-02   0.66067E-03
 a7dv          2.0000        0.0000    
 off1         -3.7116        1.5180    
 off2         0.58318E-01   0.56795E-01
 ht1          -3.2913       0.25787    
 ht2           1.9305       0.10510    
 ht3          -2.0698       0.18372E-01
 ht4           0.0000        0.0000    
 dummy40       0.0000        0.0000    
 dummy41       0.0000        0.0000    
 dummy42       0.0000        0.0000    
 dummy43       0.0000        0.0000    
 dummy44       0.0000        0.0000    
 dummy45       0.0000        0.0000    
 dummy46       0.0000        0.0000    
 dummy47       0.0000        0.0000    
 dummy48       0.0000        0.0000    
 dummy49       0.0000        0.0000    
 bcdmsh2      0.97309       0.48211E-02
 bcdmsd2      0.99310       0.58311E-02
 ccfr          1.0000        0.0000    
 nutev         1.0000        0.0000    
 zeus         0.97998        0.0000    
 h1            1.0162        0.0000    
 e605          1.0319        0.0000    
 NmcH2         1.0094       0.71219E-02
 ntv_nu        1.0000        0.0000    
 ntv_nubar     1.0000        0.0000    
 cdf_jet      0.98910        0.0000    
 d0_jet       0.83504        0.0000    
 slac_p        1.0050       0.48127E-02
 slac_d        1.0042       0.52764E-02
 e866pp       0.96581       0.19248E-01
 e866pd       0.96345       0.15815E-01
 d0_gamjet     1.0389       0.16480E-01
 h1b          0.97608        0.0000    
 jlab_p       0.99450       0.57918E-02
 jlab_d       0.97556       0.59074E-02
 blank         1.0000        0.0000    
 d0run2       0.94052       0.14127E-01
 cdfrun2      0.92618       0.17217E-01
 HERA_el       1.0000        0.0000    
 HERA_ps       1.0000        0.0000    
 CDF_Z        0.96574       0.65147E-02
 NmcRat        1.0000        0.0000    
 BNS_F2nd     0.98320       0.69176E-02
 HERMES_F2p   0.99834       0.55657E-02
 HERMES_F2d   0.98035       0.58217E-02
 END 0. 0.

 # Hessian matrix (Bevington alpha)
   0.48818228272008E+07 -0.12865594430479E+07  0.23423391503153E+06  0.47920652326483E+06 -0.12609672465402E+06 -0.22543035636321E+05  0.55531066060754E+05  0.90256382874985E+06 -0.17320617062460E+06 -0.48225028433469E+05  0.73261190074672E+04  0.15510517771382E+05  0.17542606140087E+04 -0.11084069699301E+03  0.74804649033439E+04 -0.19145691688015E+04  0.10874846130247E+05  0.77732608689909E+04 -0.74879308584128E+07 -0.13606951448084E+04 -0.21445335611246E+06  0.56834555898703E+05  0.17855440654601E+06  0.74733445246022E+06 -0.12682013455430E+06 -0.53807279887664E+05 -0.43721317263102E+04 -0.83683987541923E+06 -0.10834745018027E+07 -0.20559328532135E+05 -0.46335393277063E+05 -0.30765766104150E+04 -0.19821007863627E+06 -0.22372783371581E+06 -0.90997936797897E+04 -0.32259623646569E+04 -0.14879998430423E+05  0.16577529750391E+05 -0.70473181211475E+05 -0.55639311533153E+05
  -0.12865594430479E+07  0.41300068833985E+06 -0.63840574631356E+05 -0.13497090469318E+06  0.35219748117777E+05  0.86424028673757E+04 -0.12366428927152E+05 -0.12155193991917E+06  0.26409240907211E+05  0.74647789960427E+04 -0.93189025082699E+03 -0.12536361080063E+04 -0.14650234194294E+03  0.13368776729982E+02  0.66457885888742E+03 -0.52517231955337E+02  0.17475882195089E+03  0.98435961494337E+02  0.25703633957335E+07  0.55449173973135E+03  0.61337816019968E+05 -0.12553441236442E+05 -0.43019034537478E+05 -0.20643199354829E+06  0.16567155677395E+05  0.81932456890707E+04 -0.24004717751614E+03  0.20911884271123E+06  0.26321952176864E+06  0.58042020404420E+04  0.13229127261403E+05  0.42107780040858E+03  0.63425599895996E+05  0.71001978194231E+05  0.24676374062668E+04  0.78438855799320E+03 -0.23716286442462E+04 -0.22385463857816E+04  0.85343190633664E+04  0.71618705207351E+04
   0.23423391503153E+06 -0.63840574631356E+05  0.11364957009025E+05  0.23252150003798E+05 -0.62099135266482E+04 -0.13201860848882E+04  0.26104088636631E+04  0.31694708710715E+05 -0.59302352931166E+04 -0.19998623348779E+04  0.26120732210075E+03  0.48595033421697E+03  0.63758889189928E+02 -0.50250608863766E+01 -0.39361009124699E+03 -0.13331721106323E+00 -0.18351890868358E+03 -0.24098510670565E+02 -0.37553883063701E+06 -0.70396419425711E+02 -0.10460414109183E+05  0.26524676721889E+04  0.83522766525778E+04  0.36061837194729E+05 -0.55616619443085E+04 -0.23743382941115E+04  0.51478057194192E+02 -0.39148341893270E+05 -0.50859051591589E+05 -0.10084937140250E+04 -0.22829467757835E+04 -0.11919088041181E+03 -0.99608895014744E+04 -0.11209204664471E+05 -0.43755053832043E+03 -0.15244415468495E+03  0.56397043077406E+02  0.72811011441870E+03 -0.25702091699589E+04 -0.20856454920476E+04
   0.47920652326483E+06 -0.13497090469318E+06  0.23252150003798E+05  0.39469637774690E+06 -0.62405995319133E+05  0.76141869900563E+05  0.65033609017057E+05  0.34594903032458E+06 -0.25322256347913E+05 -0.18270541538587E+05  0.33482138638051E+04 -0.13664502206096E+04 -0.15604200646745E+03  0.57991411797653E+02  0.30569750986093E+05 -0.37019990734952E+04  0.27673226293988E+05  0.15473913953661E+05 -0.22302874414098E+07 -0.19937625610677E+03 -0.62680578454035E+05  0.20349891414341E+05  0.56416130532850E+05  0.24096284607322E+06 -0.12762695899831E+05 -0.21130932834336E+05 -0.66651865649827E+02 -0.65619800822957E+05 -0.34032714225796E+06 -0.14125084643240E+04 -0.24885115484403E+04 -0.74076459668890E+02 -0.11719269686191E+05 -0.52574169252493E+05 -0.25104809280733E+04 -0.98071196678503E+03 -0.94535609517794E+04 -0.15669215499684E+05 -0.71810606163451E+04 -0.21259496958367E+05
  -0.12609672465402E+06  0.35219748117777E+05 -0.62099135266482E+04 -0.62405995319133E+05  0.11731541410903E+05 -0.79455083384843E+04 -0.95006888106991E+04 -0.32362809999233E+05  0.34890386704282E+03  0.23938659184898E+04 -0.34074045708746E+03 -0.41584974655755E+02  0.45585772532422E+01 -0.51972007582872E+01 -0.26059470102405E+04  0.32100679574311E+03 -0.23037093369920E+04 -0.13061106952396E+04  0.49315527952500E+06  0.65134045266759E+02  0.13074614166086E+05 -0.38299326759761E+04 -0.10605988808087E+05 -0.48271226345586E+05  0.19990485344522E+04  0.33693680862173E+04 -0.56126673693047E+02  0.11959167856293E+05  0.63094861070219E+05  0.33957878395334E+03  0.57869815963492E+03  0.95856832326077E+01  0.29814938485294E+04  0.13161163123845E+05  0.48317683793819E+03  0.17932913467966E+03  0.33146832384154E+03  0.24948196701290E+04  0.81892764523233E+03  0.25162188110981E+04
  -0.22543035636321E+05  0.86424028673757E+04 -0.13201860848882E+04  0.76141869900563E+05 -0.79455083384843E+04  0.24601388391774E+05  0.14948659242171E+05  0.10562488254111E+06 -0.93743608729356E+04 -0.46352449844881E+04  0.10047639543631E+04 -0.70996211590847E+03 -0.69605445811282E+02  0.19752192438364E+02  0.93494432161886E+04 -0.11619125265951E+04  0.86138833013262E+04  0.48827089956953E+04 -0.69273938516956E+05  0.53952674277985E+02 -0.46925627044034E+04  0.25413302437052E+04  0.69633740133276E+04  0.21946943051169E+05 -0.28353268424697E+04 -0.43506731749952E+04  0.15507642250850E+03 -0.89169156016644E+04 -0.44167001011752E+05 -0.34628479611529E+01 -0.35680047592724E+02 -0.19718700819724E+02  0.33725641337876E+03  0.11351006765256E+04 -0.27576514708047E+03 -0.13893978823663E+03 -0.30421366326648E+04 -0.33957429485859E+04 -0.18581446477405E+04 -0.53593511570390E+04
   0.55531066060754E+05 -0.12366428927152E+05  0.26104088636631E+04  0.65033609017057E+05 -0.95006888106991E+04  0.14948659242171E+05  0.11718373258665E+05  0.58585977037503E+05 -0.29740752284602E+04 -0.33055870966825E+04  0.58754153464867E+03 -0.21526130642034E+03 -0.27482502187117E+02  0.10374593146761E+02  0.48308205045066E+04 -0.60925174762299E+03  0.43384057664844E+04  0.24909313683943E+04 -0.25414133512684E+06  0.74647162453323E-01 -0.86481969718034E+04  0.31648677043115E+04  0.86087859836534E+04  0.33931950652315E+05 -0.25112271068224E+04 -0.39379694280584E+04  0.13687394826007E+03 -0.10138928560714E+05 -0.52949011538883E+05 -0.17239802294191E+03 -0.29400996176823E+03 -0.13861226515900E+02 -0.10788349126300E+04 -0.50015368433639E+04 -0.37716494070789E+03 -0.15896509064187E+03 -0.12770099421930E+04 -0.31770824503559E+04 -0.11533776908235E+04 -0.34373462879208E+04
   0.90256382874985E+06 -0.12155193991917E+06  0.31694708710715E+05  0.34594903032458E+06 -0.32362809999233E+05  0.10562488254111E+06  0.58585977037503E+05  0.49891043525736E+07 -0.23154671236415E+07 -0.85320452895402E+05  0.25868481079203E+05  0.27282142969432E+05  0.18190827395719E+04  0.10267196564805E+03  0.82690475421408E+05 -0.10498380971192E+05  0.85941246648035E+05  0.46304611825892E+05 -0.57645263030176E+06  0.37930750766309E+03 -0.28261168660641E+05  0.28398102827810E+05  0.88956773780355E+05  0.24490085068373E+06 -0.60600065939429E+05 -0.48736510170311E+05 -0.66910360858254E+05 -0.28122707685977E+06 -0.55811046687608E+06 -0.72759090430680E+05 -0.16271123742585E+06 -0.13346076680181E+04 -0.57132851756031E+04 -0.11214131438179E+05  0.68088183150792E+02  0.16549495858856E+03 -0.26235699584023E+06 -0.86011718332508E+04 -0.13704107916638E+06 -0.17045295279548E+06
  -0.17320617062460E+06  0.26409240907211E+05 -0.59302352931166E+04 -0.25322256347913E+05  0.34890386704282E+03 -0.93743608729356E+04 -0.29740752284602E+04 -0.23154671236415E+07  0.19287681785316E+07  0.18965460828574E+05 -0.65023009266611E+04 -0.58616975699161E+04 -0.32090879187611E+03 -0.14068429680180E+02  0.49839676645411E+05 -0.23411525497935E+04  0.17145683553590E+05  0.83314973895685E+04 -0.26915331173170E+05 -0.91853867176754E+02  0.65343997774420E+03 -0.57190541358287E+04 -0.19037289247471E+05 -0.46620935485526E+05  0.11434984385719E+05  0.10831312237663E+05  0.24078041479264E+05  0.65435736810778E+05  0.12571470951201E+06  0.23165714016907E+05  0.51915528814636E+05  0.18028387560588E+03  0.61795237712494E+03  0.12472733523526E+04 -0.11975038580599E+04 -0.66959648359441E+03  0.11150098015749E+06  0.15781697869152E+04  0.44162544019380E+05  0.54390196826022E+05
  -0.48225028433469E+05  0.74647789960427E+04 -0.19998623348779E+04 -0.18270541538587E+05  0.23938659184898E+04 -0.46352449844881E+04 -0.33055870966825E+04 -0.85320452895402E+05  0.18965460828574E+05  0.26393744539235E+04 -0.63855892461295E+03 -0.69990847688019E+03 -0.61317842358950E+02 -0.19458176042698E+01 -0.39776960119005E+04  0.48198973164715E+03 -0.36375268899646E+04 -0.20467732705787E+04  0.57356075012487E+05 -0.93199673663688E+01  0.25125432907346E+04 -0.13000553117936E+04 -0.37858146651798E+04 -0.12160221552066E+05  0.27330581126762E+04  0.18930616824208E+04  0.72755075389064E+03  0.10924159413587E+05  0.22854617114752E+05  0.15291438823838E+04  0.33481609750502E+04  0.43124405804467E+02  0.57586280612844E+03  0.10923064356629E+04  0.13500227485849E+03  0.60348148064497E+02  0.30829711354398E+04  0.43970161984200E+03  0.27822855815728E+04  0.35449692855026E+04
   0.73261190074672E+04 -0.93189025082699E+03  0.26120732210075E+03  0.33482138638051E+04 -0.34074045708746E+03  0.10047639543631E+04  0.58754153464867E+03  0.25868481079203E+05 -0.65023009266611E+04 -0.63855892461295E+03  0.18009550376680E+03  0.20707849371608E+03  0.14969287149196E+02  0.74659013087613E+00  0.12616780160013E+04 -0.13896021579943E+03  0.11029057319265E+04  0.59811416270963E+03 -0.65078599813859E+04  0.28012808194007E+01 -0.28836983454429E+03  0.22116980660520E+03  0.67793267636092E+03  0.19393129763207E+04 -0.48472625278479E+03 -0.36597814616341E+03 -0.34082657679354E+03 -0.20714282103774E+04 -0.41630822817849E+04 -0.44316529869586E+03 -0.99113887454768E+03 -0.11149080330010E+02 -0.49440209801755E+02 -0.96858305735362E+02 -0.15302188845440E+02 -0.72339463604566E+01 -0.11560679405244E+04 -0.68837333307100E+02 -0.83254723885436E+03 -0.10436647383132E+04
   0.15510517771382E+05 -0.12536361080063E+04  0.48595033421697E+03 -0.13664502206096E+04 -0.41584974655755E+02 -0.70996211590847E+03 -0.21526130642034E+03  0.27282142969432E+05 -0.58616975699161E+04 -0.69990847688019E+03  0.20707849371608E+03  0.18208866517282E+04  0.11841056505548E+03 -0.99995736791634E+00  0.14908592312361E+04 -0.20493233316008E+03  0.16598423828570E+04  0.94578351478086E+03 -0.68595423152145E+04 -0.50682997620308E+01 -0.12495681737327E+03 -0.66167654761375E+01  0.14992710254076E+03 -0.89272051263693E+03 -0.11690732656083E+04 -0.60683039216028E-10 -0.76927388156275E+03 -0.52092443839852E+04 -0.16545029646069E-09 -0.25221220977732E+04 -0.74512187845970E+02 -0.83066828097351E+02 -0.22010425758980E+00 -0.16600499601306E-10 -0.18370232109723E+01 -0.79141514139058E+00  0.29836627848578E+03  0.32112212874726E+03 -0.28600062369467E+04 -0.64729634403626E-10
   0.17542606140087E+04 -0.14650234194294E+03  0.63758889189928E+02 -0.15604200646745E+03  0.45585772532422E+01 -0.69605445811282E+02 -0.27482502187117E+02  0.18190827395719E+04 -0.32090879187611E+03 -0.61317842358950E+02  0.14969287149196E+02  0.11841056505548E+03  0.10584633742515E+02 -0.18207798694042E+00  0.80550010451264E+02 -0.13417122442665E+02  0.98951000145876E+02  0.61092971425171E+02 -0.32429640026056E+03 -0.43477573395427E+00  0.64037695629939E+01  0.11429445662972E+01  0.19161052531973E+02 -0.92211872903575E+02 -0.17265397007576E+03 -0.11668416437034E-11 -0.29608584248846E+02 -0.61208012680503E+03  0.37224240710851E-11 -0.15657751009557E+03 -0.19659504901580E+02 -0.66571197120401E+01 -0.15860981067241E+00  0.11615926597689E-10 -0.19304128718414E+00 -0.75207552660084E-01  0.29747283905954E+02  0.72044064451286E+02 -0.20435580086582E+03 -0.69858385518970E-11
  -0.11084069699301E+03  0.13368776729982E+02 -0.50250608863766E+01  0.57991411797653E+02 -0.51972007582872E+01  0.19752192438364E+02  0.10374593146761E+02  0.10267196564805E+03 -0.14068429680180E+02 -0.19458176042698E+01  0.74659013087613E+00 -0.99995736791634E+00 -0.18207798694042E+00  0.55769990438061E-01  0.15224771594860E+02 -0.11774809240865E+01  0.98958734279980E+01  0.46879966572505E+01 -0.84376696047966E+02  0.27388104359101E-01 -0.46918555542853E+01  0.58024663423801E+00  0.14757470334351E+01  0.76762485191170E+01  0.72050811600691E-01 -0.14532006992015E-12 -0.64586637277201E+01 -0.89952728035111E+00  0.11038351162060E-11 -0.37091887262367E+01 -0.24121211717402E-04 -0.15065941999049E+00 -0.11316902458197E-12 -0.18029678462602E-12 -0.18436441960885E-02 -0.10136398222833E-02 -0.16418395021262E+01  0.74283579823407E-04 -0.34796162135141E+01 -0.75054469056605E-12
   0.74804649033439E+04  0.66457885888742E+03 -0.39361009124699E+03  0.30569750986093E+05 -0.26059470102405E+04  0.93494432161886E+04  0.48308205045066E+04  0.82690475421408E+05  0.49839676645411E+05 -0.39776960119005E+04  0.12616780160013E+04  0.14908592312361E+04  0.80550010451264E+02  0.15224771594860E+02  0.48744057353819E+05 -0.44752079647979E+04  0.35850164754790E+05  0.18652911568006E+05 -0.55238361343381E+05  0.20942631907904E+01  0.76916715219035E+03 -0.20490933287321E+03 -0.59323595088163E+03 -0.14459350499146E+04 -0.26029782740811E+04 -0.17118221513738E+04 -0.24512889363647E+04  0.19597331520486E+04  0.41818070129247E+04 -0.15238873823506E+04 -0.29643918589299E+04 -0.71484442810366E+03  0.24310760038757E+03  0.43401546428461E+03 -0.28234531030457E+04 -0.15034557456792E+04 -0.24644756477477E+04  0.17982473591809E+03 -0.83266120412126E+03 -0.93859699852185E+03
  -0.19145691688015E+04 -0.52517231955337E+02 -0.13331721106323E+00 -0.37019990734952E+04  0.32100679574311E+03 -0.11619125265951E+04 -0.60925174762299E+03 -0.10498380971192E+05 -0.23411525497935E+04  0.48198973164715E+03 -0.13896021579943E+03 -0.20493233316008E+03 -0.13417122442665E+02 -0.11774809240865E+01 -0.44752079647979E+04  0.47951688721448E+03 -0.37833948146887E+04 -0.20459729345660E+04  0.64705472523697E+04 -0.86040263788851E+00 -0.11317534604667E+03  0.20463245127287E+02  0.51088984205743E+02  0.15214963148730E+03  0.48078794623031E+03  0.30166058864525E+03  0.28124026485743E+03 -0.15736022406446E+03 -0.46891282748696E+03  0.15709072784849E+03  0.30456227747089E+03  0.78401305134313E+02 -0.65210922637805E+02 -0.11490241144809E+03  0.42934025376348E+03  0.21242843379432E+03 -0.28925000520207E+03 -0.32237760786230E+02  0.23977017788905E+03  0.26877598764258E+03
   0.10874846130247E+05  0.17475882195089E+03 -0.18351890868358E+03  0.27673226293988E+05 -0.23037093369920E+04  0.86138833013262E+04  0.43384057664844E+04  0.85941246648035E+05  0.17145683553590E+05 -0.36375268899646E+04  0.11029057319265E+04  0.16598423828570E+04  0.98951000145876E+02  0.98958734279980E+01  0.35850164754790E+05 -0.37833948146887E+04  0.30305056209631E+05  0.16243980188980E+05 -0.50142398923111E+05  0.10707640732488E+01  0.84881282134630E+03 -0.25520509896648E+03 -0.68971280123068E+03 -0.16374895941741E+04 -0.27605018787071E+04 -0.17735025089605E+04 -0.25123189639537E+04  0.21162770798583E+04  0.45762798608440E+04 -0.13019046995061E+04 -0.25436746126754E+04 -0.62294010814621E+03  0.90941112007134E+02  0.17624696748015E+03 -0.27325215875752E+04 -0.14656104076084E+04  0.14231835508719E+04  0.23388069811214E+03 -0.17151463807377E+04 -0.19058992080969E+04
   0.77732608689909E+04  0.98435961494337E+02 -0.24098510670565E+02  0.15473913953661E+05 -0.13061106952396E+04  0.48827089956953E+04  0.24909313683943E+04  0.46304611825892E+05  0.83314973895685E+04 -0.20467732705787E+04  0.59811416270963E+03  0.94578351478086E+03  0.61092971425171E+02  0.46879966572505E+01  0.18652911568006E+05 -0.20459729345660E+04  0.16243980188980E+05  0.88190476443654E+04 -0.27844543995166E+05  0.19788621454571E+01  0.51160439629852E+03 -0.13377447068782E+03 -0.33804894153710E+03 -0.85879781086734E+03 -0.19106879257405E+04 -0.11960050524715E+04 -0.12607626282508E+04  0.98136247372244E+03  0.24852440592732E+04 -0.65926014839963E+03 -0.12890521686459E+04 -0.34196947486110E+03  0.11715829011080E+03  0.21644641906620E+03 -0.17469910236909E+04 -0.90066689803998E+03  0.14872180352527E+04  0.16101624405817E+03 -0.11721915428928E+04 -0.13034943979108E+04
  -0.74879308584128E+07  0.25703633957335E+07 -0.37553883063701E+06 -0.22302874414098E+07  0.49315527952500E+06 -0.69273938516956E+05 -0.25414133512684E+06 -0.57645263030176E+06 -0.26915331173170E+05  0.57356075012487E+05 -0.65078599813859E+04 -0.68595423152145E+04 -0.32429640026056E+03 -0.84376696047966E+02 -0.55238361343381E+05  0.64705472523697E+04 -0.50142398923111E+05 -0.27844543995166E+05  0.33149510354556E+08  0.64211904914594E+04  0.68784481719505E+06 -0.16654858553456E+06 -0.49706589672912E+06 -0.25124965515113E+07  0.34002597154644E+05  0.75586457514549E+05 -0.11711316077486E+04  0.56539808374732E+06  0.27573108563948E+07  0.17729326694095E+05  0.31584379087580E+05  0.23188970479282E+03  0.18378799007303E+06  0.80255702904289E+06  0.24802637896989E+05  0.78358130461874E+04 -0.18833377532116E+05  0.44283554451707E+05  0.20613764260607E+05  0.63445354189466E+05
  -0.13606951448084E+04  0.55449173973135E+03 -0.70396419425711E+02 -0.19937625610677E+03  0.65134045266759E+02  0.53952674277985E+02  0.74647162453323E-01  0.37930750766309E+03 -0.91853867176754E+02 -0.93199673663688E+01  0.28012808194007E+01 -0.50682997620308E+01 -0.43477573395427E+00  0.27388104359101E-01  0.20942631907904E+01 -0.86040263788851E+00  0.10707640732488E+01  0.19788621454571E+01  0.64211904914594E+04  0.23337871098571E+01  0.13899914321129E+03 -0.26515059705100E+02 -0.81170982545192E+02 -0.49132141337949E+03  0.00000000000000E+00 -0.26687379301862E+02  0.00000000000000E+00  0.00000000000000E+00  0.39321458924548E+03  0.00000000000000E+00 -0.70189943583760E+01  0.00000000000000E+00  0.00000000000000E+00  0.21378890845934E+03  0.00000000000000E+00  0.00000000000000E+00  0.00000000000000E+00  0.12573151986001E+02  0.00000000000000E+00 -0.27751338286684E+02
  -0.21445335611246E+06  0.61337816019968E+05 -0.10460414109183E+05 -0.62680578454035E+05  0.13074614166086E+05 -0.46925627044034E+04 -0.86481969718034E+04 -0.28261168660641E+05  0.65343997774420E+03  0.25125432907346E+04 -0.28836983454429E+03 -0.12495681737327E+03  0.64037695629939E+01 -0.46918555542853E+01  0.76916715219035E+03 -0.11317534604667E+03  0.84881282134630E+03  0.51160439629852E+03  0.68784481719505E+06  0.13899914321129E+03  0.27180890796931E+05 -0.78772578222964E+04 -0.21601384948328E+05 -0.10227141140066E+06  0.00000000000000E+00  0.51262993898432E+04  0.00000000000000E+00  0.00000000000000E+00  0.11722757470316E+06  0.00000000000000E+00 -0.11725750523656E+04  0.00000000000000E+00  0.00000000000000E+00  0.23398275480571E+05  0.00000000000000E+00  0.00000000000000E+00  0.00000000000000E+00 -0.42743641482247E+04  0.00000000000000E+00  0.42114784241440E+04
   0.56834555898703E+05 -0.12553441236442E+05  0.26524676721889E+04  0.20349891414341E+05 -0.38299326759761E+04  0.25413302437052E+04  0.31648677043115E+04  0.28398102827810E+05 -0.57190541358287E+04 -0.13000553117936E+04  0.22116980660520E+03 -0.66167654761375E+01  0.11429445662972E+01  0.58024663423801E+00 -0.20490933287321E+03  0.20463245127287E+02 -0.25520509896648E+03 -0.13377447068782E+03 -0.16654858553456E+06 -0.26515059705100E+02 -0.78772578222964E+04  0.28275058358118E+04  0.75200195795461E+04  0.32715842779099E+05 -0.52242597296081E+02 -0.21062435650574E+04  0.22346228776868E+01  0.50260951541906E+03 -0.42022112592942E+05  0.00000000000000E+00 -0.15492873425744E+03  0.00000000000000E+00  0.22894443276920E+04 -0.48785678423956E+04  0.00000000000000E+00  0.00000000000000E+00  0.00000000000000E+00  0.15074968549490E+04 -0.39618322125642E+03 -0.28026199581857E+04
   0.17855440654601E+06 -0.43019034537478E+05  0.83522766525778E+04  0.56416130532850E+05 -0.10605988808087E+05  0.69633740133276E+04  0.86087859836534E+04  0.88956773780355E+05 -0.19037289247471E+05 -0.37858146651798E+04  0.67793267636092E+03  0.14992710254076E+03  0.19161052531973E+02  0.14757470334351E+01 -0.59323595088163E+03  0.51088984205743E+02 -0.68971280123068E+03 -0.33804894153710E+03 -0.49706589672912E+06 -0.81170982545192E+02 -0.21601384948328E+05  0.75200195795461E+04  0.20645799779318E+05  0.88613896064244E+05 -0.16304608198613E+03 -0.52519389306883E+04 -0.50202586580461E+02 -0.67390968974263E+04 -0.11557921966179E+06  0.00000000000000E+00 -0.38365618999270E+03  0.00000000000000E+00  0.31718206477832E+04 -0.15322026719042E+05  0.00000000000000E+00  0.00000000000000E+00  0.00000000000000E+00  0.37593264459514E+04 -0.21640245276495E+04 -0.81641243760489E+04
   0.74733445246022E+06 -0.20643199354829E+06  0.36061837194729E+05  0.24096284607322E+06 -0.48271226345586E+05  0.21946943051169E+05  0.33931950652315E+05  0.24490085068373E+06 -0.46620935485526E+05 -0.12160221552066E+05  0.19393129763207E+04 -0.89272051263693E+03 -0.92211872903575E+02  0.76762485191170E+01 -0.14459350499146E+04  0.15214963148730E+03 -0.16374895941741E+04 -0.85879781086734E+03 -0.25124965515113E+07 -0.49132141337949E+03 -0.10227141140066E+06  0.32715842779099E+05  0.88613896064244E+05  0.41592589710754E+06  0.25382620980453E+03 -0.27068221245145E+05 -0.65642111549260E+01  0.37898106327677E+05 -0.48643171415487E+06  0.00000000000000E+00 -0.20301678114859E+04  0.00000000000000E+00  0.16059241449466E+05 -0.80988696991872E+05  0.00000000000000E+00  0.00000000000000E+00  0.00000000000000E+00  0.20026991463992E+05  0.15715913931165E+04 -0.29669649102252E+05
  -0.12682013455430E+06  0.16567155677395E+05 -0.55616619443085E+04 -0.12762695899831E+05  0.19990485344522E+04 -0.28353268424697E+04 -0.25112271068224E+04 -0.60600065939429E+05  0.11434984385719E+05  0.27330581126762E+04 -0.48472625278479E+03 -0.11690732656083E+04 -0.17265397007576E+03  0.72050811600691E-01 -0.26029782740811E+04  0.48078794623031E+03 -0.27605018787071E+04 -0.19106879257405E+04  0.34002597154644E+05  0.00000000000000E+00  0.00000000000000E+00 -0.52242597296081E+02 -0.16304608198613E+03  0.25382620980453E+03  0.11624423369925E+06  0.00000000000000E+00  0.00000000000000E+00  0.00000000000000E+00  0.00000000000000E+00  0.00000000000000E+00  0.00000000000000E+00  0.00000000000000E+00  0.00000000000000E+00  0.00000000000000E+00  0.00000000000000E+00  0.00000000000000E+00  0.00000000000000E+00  0.00000000000000E+00  0.00000000000000E+00  0.00000000000000E+00
  -0.53807279887664E+05  0.81932456890707E+04 -0.23743382941115E+04 -0.21130932834336E+05  0.33693680862173E+04 -0.43506731749952E+04 -0.39379694280584E+04 -0.48736510170311E+05  0.10831312237663E+05  0.18930616824208E+04 -0.36597814616341E+03 -0.60683039216028E-10 -0.11668416437034E-11 -0.14532006992015E-12 -0.17118221513738E+04  0.30166058864525E+03 -0.17735025089605E+04 -0.11960050524715E+04  0.75586457514549E+05 -0.26687379301862E+02  0.51262993898432E+04 -0.21062435650574E+04 -0.52519389306883E+04 -0.27068221245145E+05  0.00000000000000E+00  0.64557915549002E+05  0.00000000000000E+00  0.00000000000000E+00  0.00000000000000E+00  0.00000000000000E+00  0.00000000000000E+00  0.00000000000000E+00  0.00000000000000E+00  0.00000000000000E+00  0.00000000000000E+00  0.00000000000000E+00  0.00000000000000E+00  0.00000000000000E+00  0.00000000000000E+00  0.00000000000000E+00
  -0.43721317263102E+04 -0.24004717751614E+03  0.51478057194192E+02 -0.66651865649827E+02 -0.56126673693047E+02  0.15507642250850E+03  0.13687394826007E+03 -0.66910360858254E+05  0.24078041479264E+05  0.72755075389064E+03 -0.34082657679354E+03 -0.76927388156275E+03 -0.29608584248846E+02 -0.64586637277201E+01 -0.24512889363647E+04  0.28124026485743E+03 -0.25123189639537E+04 -0.12607626282508E+04 -0.11711316077486E+04  0.00000000000000E+00  0.00000000000000E+00  0.22346228776868E+01 -0.50202586580461E+02 -0.65642111549260E+01  0.00000000000000E+00  0.00000000000000E+00  0.30659072362937E+05  0.00000000000000E+00  0.00000000000000E+00  0.00000000000000E+00  0.00000000000000E+00  0.00000000000000E+00  0.00000000000000E+00  0.00000000000000E+00  0.00000000000000E+00  0.00000000000000E+00  0.00000000000000E+00  0.00000000000000E+00  0.00000000000000E+00  0.00000000000000E+00
  -0.83683987541923E+06  0.20911884271123E+06 -0.39148341893270E+05 -0.65619800822957E+05  0.11959167856293E+05 -0.89169156016644E+04 -0.10138928560714E+05 -0.28122707685977E+06  0.65435736810778E+05  0.10924159413587E+05 -0.20714282103774E+04 -0.52092443839852E+04 -0.61208012680503E+03 -0.89952728035111E+00  0.19597331520486E+04 -0.15736022406446E+03  0.21162770798583E+04  0.98136247372244E+03  0.56539808374732E+06  0.00000000000000E+00  0.00000000000000E+00  0.50260951541906E+03 -0.67390968974263E+04  0.37898106327677E+05  0.00000000000000E+00  0.00000000000000E+00  0.00000000000000E+00  0.57727728850318E+06  0.00000000000000E+00  0.00000000000000E+00  0.00000000000000E+00  0.00000000000000E+00  0.00000000000000E+00  0.00000000000000E+00  0.00000000000000E+00  0.00000000000000E+00  0.00000000000000E+00  0.00000000000000E+00  0.00000000000000E+00  0.00000000000000E+00
  -0.10834745018027E+07  0.26321952176864E+06 -0.50859051591589E+05 -0.34032714225796E+06  0.63094861070219E+05 -0.44167001011752E+05 -0.52949011538883E+05 -0.55811046687608E+06  0.12571470951201E+06  0.22854617114752E+05 -0.41630822817849E+04 -0.16545029646069E-09  0.37224240710851E-11  0.11038351162060E-11  0.41818070129247E+04 -0.46891282748696E+03  0.45762798608440E+04  0.24852440592732E+04  0.27573108563948E+07  0.39321458924548E+03  0.11722757470316E+06 -0.42022112592942E+05 -0.11557921966179E+06 -0.48643171415487E+06  0.00000000000000E+00  0.00000000000000E+00  0.00000000000000E+00  0.00000000000000E+00  0.91719289554038E+06  0.00000000000000E+00  0.00000000000000E+00  0.00000000000000E+00  0.00000000000000E+00  0.00000000000000E+00  0.00000000000000E+00  0.00000000000000E+00  0.00000000000000E+00  0.00000000000000E+00  0.00000000000000E+00  0.00000000000000E+00
  -0.20559328532135E+05  0.58042020404420E+04 -0.10084937140250E+04 -0.14125084643240E+04  0.33957878395334E+03 -0.34628479611529E+01 -0.17239802294191E+03 -0.72759090430680E+05  0.23165714016907E+05  0.15291438823838E+04 -0.44316529869586E+03 -0.25221220977732E+04 -0.15657751009557E+03 -0.37091887262367E+01 -0.15238873823506E+04  0.15709072784849E+03 -0.13019046995061E+04 -0.65926014839963E+03  0.17729326694095E+05  0.00000000000000E+00  0.00000000000000E+00  0.00000000000000E+00  0.00000000000000E+00  0.00000000000000E+00  0.00000000000000E+00  0.00000000000000E+00  0.00000000000000E+00  0.00000000000000E+00  0.00000000000000E+00  0.14764215982072E+05  0.00000000000000E+00  0.00000000000000E+00  0.00000000000000E+00  0.00000000000000E+00  0.00000000000000E+00  0.00000000000000E+00  0.00000000000000E+00  0.00000000000000E+00  0.00000000000000E+00  0.00000000000000E+00
  -0.46335393277063E+05  0.13229127261403E+05 -0.22829467757835E+04 -0.24885115484403E+04  0.57869815963492E+03 -0.35680047592724E+02 -0.29400996176823E+03 -0.16271123742585E+06  0.51915528814636E+05  0.33481609750502E+04 -0.99113887454768E+03 -0.74512187845970E+02 -0.19659504901580E+02 -0.24121211717402E-04 -0.29643918589299E+04  0.30456227747089E+03 -0.25436746126754E+04 -0.12890521686459E+04  0.31584379087580E+05 -0.70189943583760E+01 -0.11725750523656E+04 -0.15492873425744E+03 -0.38365618999270E+03 -0.20301678114859E+04  0.00000000000000E+00  0.00000000000000E+00  0.00000000000000E+00  0.00000000000000E+00  0.00000000000000E+00  0.00000000000000E+00  0.31806308794716E+05  0.00000000000000E+00  0.00000000000000E+00  0.00000000000000E+00  0.00000000000000E+00  0.00000000000000E+00  0.00000000000000E+00  0.00000000000000E+00  0.00000000000000E+00  0.00000000000000E+00
  -0.30765766104150E+04  0.42107780040858E+03 -0.11919088041181E+03 -0.74076459668890E+02  0.95856832326077E+01 -0.19718700819724E+02 -0.13861226515900E+02 -0.13346076680181E+04  0.18028387560588E+03  0.43124405804467E+02 -0.11149080330010E+02 -0.83066828097351E+02 -0.66571197120401E+01 -0.15065941999049E+00 -0.71484442810366E+03  0.78401305134313E+02 -0.62294010814621E+03 -0.34196947486110E+03  0.23188970479282E+03  0.00000000000000E+00  0.00000000000000E+00  0.00000000000000E+00  0.00000000000000E+00  0.00000000000000E+00  0.00000000000000E+00  0.00000000000000E+00  0.00000000000000E+00  0.00000000000000E+00  0.00000000000000E+00  0.00000000000000E+00  0.00000000000000E+00  0.37863643658652E+04  0.00000000000000E+00  0.00000000000000E+00  0.00000000000000E+00  0.00000000000000E+00  0.00000000000000E+00  0.00000000000000E+00  0.00000000000000E+00  0.00000000000000E+00
  -0.19821007863627E+06  0.63425599895996E+05 -0.99608895014744E+04 -0.11719269686191E+05  0.29814938485294E+04  0.33725641337876E+03 -0.10788349126300E+04 -0.57132851756031E+04  0.61795237712494E+03  0.57586280612844E+03 -0.49440209801755E+02 -0.22010425758980E+00 -0.15860981067241E+00 -0.11316902458197E-12  0.24310760038757E+03 -0.65210922637805E+02  0.90941112007134E+02  0.11715829011080E+03  0.18378799007303E+06  0.00000000000000E+00  0.00000000000000E+00  0.22894443276920E+04  0.31718206477832E+04  0.16059241449466E+05  0.00000000000000E+00  0.00000000000000E+00  0.00000000000000E+00  0.00000000000000E+00  0.00000000000000E+00  0.00000000000000E+00  0.00000000000000E+00  0.00000000000000E+00  0.10549454396949E+06  0.00000000000000E+00  0.00000000000000E+00  0.00000000000000E+00  0.00000000000000E+00  0.00000000000000E+00  0.00000000000000E+00  0.00000000000000E+00
  -0.22372783371581E+06  0.71001978194231E+05 -0.11209204664471E+05 -0.52574169252493E+05  0.13161163123845E+05  0.11351006765256E+04 -0.50015368433639E+04 -0.11214131438179E+05  0.12472733523526E+04  0.10923064356629E+04 -0.96858305735362E+02 -0.16600499601306E-10  0.11615926597689E-10 -0.18029678462602E-12  0.43401546428461E+03 -0.11490241144809E+03  0.17624696748015E+03  0.21644641906620E+03  0.80255702904289E+06  0.21378890845934E+03  0.23398275480571E+05 -0.48785678423956E+04 -0.15322026719042E+05 -0.80988696991872E+05  0.00000000000000E+00  0.00000000000000E+00  0.00000000000000E+00  0.00000000000000E+00  0.00000000000000E+00  0.00000000000000E+00  0.00000000000000E+00  0.00000000000000E+00  0.00000000000000E+00  0.13860088596139E+06  0.00000000000000E+00  0.00000000000000E+00  0.00000000000000E+00  0.00000000000000E+00  0.00000000000000E+00  0.00000000000000E+00
  -0.90997936797897E+04  0.24676374062668E+04 -0.43755053832043E+03 -0.25104809280733E+04  0.48317683793819E+03 -0.27576514708047E+03 -0.37716494070789E+03  0.68088183150792E+02 -0.11975038580599E+04  0.13500227485849E+03 -0.15302188845440E+02 -0.18370232109723E+01 -0.19304128718414E+00 -0.18436441960885E-02 -0.28234531030457E+04  0.42934025376348E+03 -0.27325215875752E+04 -0.17469910236909E+04  0.24802637896989E+05  0.00000000000000E+00  0.00000000000000E+00  0.00000000000000E+00  0.00000000000000E+00  0.00000000000000E+00  0.00000000000000E+00  0.00000000000000E+00  0.00000000000000E+00  0.00000000000000E+00  0.00000000000000E+00  0.00000000000000E+00  0.00000000000000E+00  0.00000000000000E+00  0.00000000000000E+00  0.00000000000000E+00  0.83139411261612E+04  0.00000000000000E+00  0.00000000000000E+00  0.00000000000000E+00  0.00000000000000E+00  0.00000000000000E+00
  -0.32259623646569E+04  0.78438855799320E+03 -0.15244415468495E+03 -0.98071196678503E+03  0.17932913467966E+03 -0.13893978823663E+03 -0.15896509064187E+03  0.16549495858856E+03 -0.66959648359441E+03  0.60348148064497E+02 -0.72339463604566E+01 -0.79141514139058E+00 -0.75207552660084E-01 -0.10136398222833E-02 -0.15034557456792E+04  0.21242843379432E+03 -0.14656104076084E+04 -0.90066689803998E+03  0.78358130461874E+04  0.00000000000000E+00  0.00000000000000E+00  0.00000000000000E+00  0.00000000000000E+00  0.00000000000000E+00  0.00000000000000E+00  0.00000000000000E+00  0.00000000000000E+00  0.00000000000000E+00  0.00000000000000E+00  0.00000000000000E+00  0.00000000000000E+00  0.00000000000000E+00  0.00000000000000E+00  0.00000000000000E+00  0.00000000000000E+00  0.42649257845898E+04  0.00000000000000E+00  0.00000000000000E+00  0.00000000000000E+00  0.00000000000000E+00
  -0.14879998430423E+05 -0.23716286442462E+04  0.56397043077406E+02 -0.94535609517794E+04  0.33146832384154E+03 -0.30421366326648E+04 -0.12770099421930E+04 -0.26235699584023E+06  0.11150098015749E+06  0.30829711354398E+04 -0.11560679405244E+04  0.29836627848578E+03  0.29747283905954E+02 -0.16418395021262E+01 -0.24644756477477E+04 -0.28925000520207E+03  0.14231835508719E+04  0.14872180352527E+04 -0.18833377532116E+05  0.00000000000000E+00  0.00000000000000E+00  0.00000000000000E+00  0.00000000000000E+00  0.00000000000000E+00  0.00000000000000E+00  0.00000000000000E+00  0.00000000000000E+00  0.00000000000000E+00  0.00000000000000E+00  0.00000000000000E+00  0.00000000000000E+00  0.00000000000000E+00  0.00000000000000E+00  0.00000000000000E+00  0.00000000000000E+00  0.00000000000000E+00  0.12384990015753E+06  0.00000000000000E+00  0.00000000000000E+00  0.00000000000000E+00
   0.16577529750391E+05 -0.22385463857816E+04  0.72811011441870E+03 -0.15669215499684E+05  0.24948196701290E+04 -0.33957429485859E+04 -0.31770824503559E+04 -0.86011718332508E+04  0.15781697869152E+04  0.43970161984200E+03 -0.68837333307100E+02  0.32112212874726E+03  0.72044064451286E+02  0.74283579823407E-04  0.17982473591809E+03 -0.32237760786230E+02  0.23388069811214E+03  0.16101624405817E+03  0.44283554451707E+05  0.12573151986001E+02 -0.42743641482247E+04  0.15074968549490E+04  0.37593264459514E+04  0.20026991463992E+05  0.00000000000000E+00  0.00000000000000E+00  0.00000000000000E+00  0.00000000000000E+00  0.00000000000000E+00  0.00000000000000E+00  0.00000000000000E+00  0.00000000000000E+00  0.00000000000000E+00  0.00000000000000E+00  0.00000000000000E+00  0.00000000000000E+00  0.00000000000000E+00  0.39272188535590E+05  0.00000000000000E+00  0.00000000000000E+00
  -0.70473181211475E+05  0.85343190633664E+04 -0.25702091699589E+04 -0.71810606163451E+04  0.81892764523233E+03 -0.18581446477405E+04 -0.11533776908235E+04 -0.13704107916638E+06  0.44162544019380E+05  0.27822855815728E+04 -0.83254723885436E+03 -0.28600062369467E+04 -0.20435580086582E+03 -0.34796162135141E+01 -0.83266120412126E+03  0.23977017788905E+03 -0.17151463807377E+04 -0.11721915428928E+04  0.20613764260607E+05  0.00000000000000E+00  0.00000000000000E+00 -0.39618322125642E+03 -0.21640245276495E+04  0.15715913931165E+04  0.00000000000000E+00  0.00000000000000E+00  0.00000000000000E+00  0.00000000000000E+00  0.00000000000000E+00  0.00000000000000E+00  0.00000000000000E+00  0.00000000000000E+00  0.00000000000000E+00  0.00000000000000E+00  0.00000000000000E+00  0.00000000000000E+00  0.00000000000000E+00  0.00000000000000E+00  0.94903129511068E+05  0.00000000000000E+00
  -0.55639311533153E+05  0.71618705207351E+04 -0.20856454920476E+04 -0.21259496958367E+05  0.25162188110981E+04 -0.53593511570390E+04 -0.34373462879208E+04 -0.17045295279548E+06  0.54390196826022E+05  0.35449692855026E+04 -0.10436647383132E+04 -0.64729634403626E-10 -0.69858385518970E-11 -0.75054469056605E-12 -0.93859699852185E+03  0.26877598764258E+03 -0.19058992080969E+04 -0.13034943979108E+04  0.63445354189466E+05 -0.27751338286684E+02  0.42114784241440E+04 -0.28026199581857E+04 -0.81641243760489E+04 -0.29669649102252E+05  0.00000000000000E+00  0.00000000000000E+00  0.00000000000000E+00  0.00000000000000E+00  0.00000000000000E+00  0.00000000000000E+00  0.00000000000000E+00  0.00000000000000E+00  0.00000000000000E+00  0.00000000000000E+00  0.00000000000000E+00  0.00000000000000E+00  0.00000000000000E+00  0.00000000000000E+00  0.00000000000000E+00  0.99568787235870E+05

 # Covariance matrix (Bevington epsilon)
