# fitpack15: fit parameters                                                                         
# CJ15 AV18 final data choices                                                                      
# Created on 01/23/2020 at 22:22:08                                                                 

 # QCD setup
  INS                           0
  NVL                          11
  IORD                          1
  Q02                   1.6899999999999999     
  IPARAMC                       7
  FLAVOR                4.0000000000000000     
  xmc                   1.3000000000000000     
  xmb                   4.5000000000000000     
  ncb                          12
  ihq                           1
  ias                           0

 # Theory corrections
  inuke                     10814
  itmc                          1
  iht                           1

 # fit parameters
 LAMBDA       0.22680        0.0000    
 a0uv          1.9852        0.0000    
 a1uv         0.57208       0.23127E-01
 a2uv          3.5583       0.11066E-01
 a3uv          0.0000        0.0000    
 a4uv          4.4894       0.60633    
 a5uv          0.0000        0.0000    
 a0dv          25.228        0.0000    
 a1dv          1.1597       0.32102E-01
 a2dv          6.6024       0.15535    
 a3dv         -3.5522       0.81720E-01
 a4dv          4.7554       0.13687    
 a5dv          0.0000        0.0000    
 a0ud         0.14246       0.49706E-02
 a1ud        -0.21057       0.38023E-02
 a2ud          8.4073       0.18773    
 a3ud          0.0000        0.0000    
 a4ud          15.599        1.2709    
 a5ud          0.0000        0.0000    
 a0du          35712.        0.0000    
 a1du          4.0757       0.85319E-01
 a2du          20.327       0.93283    
 a3du          17.000        0.0000    
 a4du          53.495        11.334    
 a0g           48.177        0.0000    
 a1g          0.61296       0.33411E-01
 a2g           7.0374       0.99460    
 a3g          -3.3806       0.15483    
 a4g           3.4380       0.40472    
 a5g           0.0000        0.0000    
 kappa        0.40000        0.0000    
 a6dv        -0.37351E-02   0.64392E-03
 a7dv          2.0000        0.0000    
 off1         -3.4652        1.5078    
 off2         0.47844E-01   0.67876E-01
 ht1          -3.6002       0.29117    
 ht2           2.0736       0.11111    
 ht3          -2.0508       0.19585E-01
 ht4           0.0000        0.0000    
 dummy40       0.0000        0.0000    
 dummy41       0.0000        0.0000    
 dummy42       0.0000        0.0000    
 dummy43       0.0000        0.0000    
 dummy44       0.0000        0.0000    
 dummy45       0.0000        0.0000    
 dummy46       0.0000        0.0000    
 dummy47       0.0000        0.0000    
 dummy48       0.0000        0.0000    
 dummy49       0.0000        0.0000    
 bcdmsh2      0.97048       0.48370E-02
 bcdmsd2      0.99062       0.58242E-02
 ccfr          1.0000        0.0000    
 nutev         1.0000        0.0000    
 zeus         0.97998        0.0000    
 h1            1.0162        0.0000    
 e605          1.0319        0.0000    
 NmcH2         1.0067       0.71264E-02
 ntv_nu        1.0000        0.0000    
 ntv_nubar     1.0000        0.0000    
 cdf_jet      0.98910        0.0000    
 d0_jet       0.83504        0.0000    
 slac_p        1.0024       0.48240E-02
 slac_d        1.0017       0.52669E-02
 e866pp       0.98141       0.19908E-01
 e866pd       0.96834       0.15927E-01
 d0_gamjet     1.0366       0.16471E-01
 h1b          0.97608        0.0000    
 jlab_p       0.99217       0.57770E-02
 jlab_d       0.97338       0.58703E-02
 blank         1.0000        0.0000    
 d0run2       0.94192       0.13997E-01
 cdfrun2      0.92938       0.17206E-01
 HERA_el       1.0000        0.0000    
 HERA_ps       1.0000        0.0000    
 CDF_Z        0.95979       0.65032E-02
 NmcRat        1.0000        0.0000    
 BNS_F2nd     0.98185       0.68480E-02
 HERMES_F2p   0.99602       0.55812E-02
 HERMES_F2d   0.97826       0.58212E-02
 END 0. 0.

 # Hessian matrix (Bevington alpha)
   0.51597850820555E+07 -0.13254143970576E+07  0.19713814317642E+06  0.49833154127688E+06 -0.12827819194860E+06 -0.27513761711545E+05  0.54681546658205E+05  0.98235775380536E+06 -0.18354138293321E+06 -0.50128485256980E+05  0.73588256303350E+04  0.15092489618418E+05  0.16831327607137E+04 -0.10718957051007E+03  0.92389471545261E+04 -0.20632367404694E+04  0.92436160712615E+04  0.67139820334476E+04 -0.77928065623726E+07 -0.17950225722261E+04 -0.16003231833553E+06  0.50296355344079E+05  0.15898155646585E+06  0.63822692508032E+06 -0.13177540350537E+06 -0.55846055040369E+05 -0.51914400076539E+04 -0.86575189607116E+06 -0.11203589007009E+07 -0.20920295712931E+05 -0.47441589378663E+05 -0.31951443153758E+04 -0.20395827600650E+06 -0.23033114912724E+06 -0.92546999913024E+04 -0.32634840250675E+04 -0.17824080534715E+05  0.17087732317791E+05 -0.74062636815973E+05 -0.58285922602859E+05
  -0.13254143970576E+07  0.41552039792072E+06 -0.51771680139027E+05 -0.13605258140330E+06  0.34801329680914E+05  0.10145673542590E+05 -0.11547430797527E+05 -0.12506711022732E+06  0.26420687554666E+05  0.74208581845640E+04 -0.88706548387672E+03 -0.11801089578238E+04 -0.13588149402895E+03  0.12860775147697E+02  0.63849067211651E+03 -0.49953268686376E+02  0.13476834029223E+03  0.68549462844559E+02  0.26133271076728E+07  0.66739143572502E+03  0.44239431739396E+05 -0.10570396324296E+05 -0.36440711057522E+05 -0.16933054702104E+06  0.16771546962814E+05  0.82830676435522E+04 -0.19877936861899E+03  0.21043345430611E+06  0.26524334025198E+06  0.57427390637889E+04  0.13194110145766E+05  0.42201575478486E+03  0.63762598652598E+05  0.71501801744943E+05  0.24456283496297E+04  0.77356755604455E+03 -0.22270409364207E+04 -0.22464943588271E+04  0.86780917151915E+04  0.72671090055812E+04
   0.19713814317642E+06 -0.51771680139027E+05  0.75884315420034E+04  0.18863979474706E+05 -0.49690772115762E+04 -0.13009989363449E+04  0.20099063393790E+04  0.28277546226334E+05 -0.51343171823777E+04 -0.16912180292944E+04  0.21539836395441E+03  0.41263670744726E+03  0.52331104193100E+02 -0.41225072182397E+01 -0.29466870252002E+03 -0.49287247387634E+01 -0.13851939516630E+03 -0.14806311853574E+02 -0.30562986791845E+06 -0.71346098011358E+02 -0.61649996576665E+04  0.18805104211917E+04  0.59347950159562E+04  0.24362614337354E+05 -0.47343471743295E+04 -0.20089454341516E+04  0.20830717387294E+02 -0.32318577319492E+05 -0.42003118302271E+05 -0.81154179401000E+03 -0.18474990252771E+04 -0.10196035448918E+03 -0.80257335716459E+04 -0.90467018365298E+04 -0.35347117863674E+03 -0.12334270550853E+03 -0.58114231105192E+02  0.61841982002863E+03 -0.22453026276584E+04 -0.18087236257067E+04
   0.49833154127688E+06 -0.13605258140330E+06  0.18863979474706E+05  0.39902313980326E+06 -0.62402770668536E+05  0.75934571166551E+05  0.65007212507587E+05  0.36079576122182E+06 -0.27730257524693E+05 -0.18321193944508E+05  0.32092692530755E+04 -0.13686240746567E+04 -0.14939985106409E+03  0.55477672003761E+02  0.30737627904438E+05 -0.36929090508439E+04  0.23375494434486E+05  0.13083405146089E+05 -0.22728257799179E+07 -0.31581537840125E+03 -0.46042613559884E+05  0.17781687614446E+05  0.49611092539104E+05  0.20617118773744E+06 -0.12866950863909E+05 -0.21299320939685E+05 -0.65255255901229E+02 -0.66282519747176E+05 -0.34290809168107E+06 -0.13645298618308E+04 -0.24956778969076E+04 -0.70826204005489E+02 -0.11774590777600E+05 -0.52743220795673E+05 -0.24966683282397E+04 -0.96920838059296E+03 -0.97716449015842E+04 -0.15875097207290E+05 -0.72538369386208E+04 -0.21463912361791E+05
  -0.12827819194860E+06  0.34801329680914E+05 -0.49690772115762E+04 -0.62402770668536E+05  0.11561468199094E+05 -0.77017636295362E+04 -0.93259753075481E+04 -0.33288530913568E+05  0.50160494343375E+03  0.23713466757794E+04 -0.32161764886464E+03 -0.24697761504293E+02  0.49020374858795E+01 -0.49510893506990E+01 -0.25859022309507E+04  0.31454269993063E+03 -0.19182012014113E+04 -0.10869830247786E+04  0.49325819016030E+06  0.87447194910761E+02  0.94217720303525E+04 -0.32895057024965E+04 -0.91244959103521E+04 -0.40329759792274E+05  0.20047505459156E+04  0.33744986807690E+04 -0.57697248312841E+02  0.11901112778050E+05  0.62772369037103E+05  0.32348101717929E+03  0.57098891308644E+03  0.90022776468413E+01  0.29406294600130E+04  0.12985004795158E+05  0.47366129627032E+03  0.17510398647300E+03  0.36021629325475E+03  0.25090152402264E+04  0.81892477474398E+03  0.25173513408140E+04
  -0.27513761711545E+05  0.10145673542590E+05 -0.13009989363449E+04  0.75934571166551E+05 -0.77017636295362E+04  0.25118218888370E+05  0.15044978465734E+05  0.11162751409903E+06 -0.10481171402370E+05 -0.46606160291793E+04  0.97407485156700E+03 -0.70752377058755E+03 -0.67253573898389E+02  0.19081229187263E+02  0.95255671863402E+04 -0.11765046885651E+04  0.73117619439133E+04  0.41564406831342E+04 -0.54243959171547E+05  0.48969393173512E+02 -0.32744596766954E+04  0.21650000711322E+04  0.60694211749356E+04  0.18436436387773E+05 -0.28068073349196E+04 -0.42971054647049E+04  0.15728970915482E+03 -0.87166962201659E+04 -0.42699954279421E+05  0.93996029280990E+01 -0.17449156436102E+02 -0.19120881499706E+02  0.43065851948661E+03  0.15907324658115E+04 -0.26000930640488E+03 -0.13239271455500E+03 -0.31735587681340E+04 -0.33699525670008E+04 -0.18848699271503E+04 -0.54211385133304E+04
   0.54681546658205E+05 -0.11547430797527E+05  0.20099063393790E+04  0.65007212507587E+05 -0.93259753075481E+04  0.15044978465734E+05  0.11682376058046E+05  0.61469025666017E+05 -0.34690963302463E+04 -0.33093223569072E+04  0.56478954261000E+03 -0.22705805545679E+03 -0.26992209584268E+02  0.99960434290568E+01  0.48795810912273E+04 -0.60978312548834E+03  0.36442583911098E+04  0.20958253054688E+04 -0.24807854411712E+06 -0.13571139336785E+02 -0.62181993739539E+04  0.27231420496862E+04  0.74937274265698E+04  0.28522606240876E+05 -0.25056084441161E+04 -0.39234116186570E+04  0.14033259824901E+03 -0.10040931822275E+05 -0.52230257061492E+05 -0.15888259901210E+03 -0.28283729212737E+03 -0.13307286067588E+02 -0.10179728762677E+04 -0.47159044519909E+04 -0.36621844674773E+03 -0.15417905975376E+03 -0.13427542259696E+04 -0.31811539876473E+04 -0.11634392581482E+04 -0.34612612608094E+04
   0.98235775380536E+06 -0.12506711022732E+06  0.28277546226334E+05  0.36079576122182E+06 -0.33288530913568E+05  0.11162751409903E+06  0.61469025666017E+05  0.53396545457504E+07 -0.23983632459554E+07 -0.89082317453543E+05  0.26022675042427E+05  0.26352807419645E+05  0.17669415929692E+04  0.98769674250359E+02  0.88224590517851E+05 -0.11113706918241E+05  0.77524201803499E+05  0.41976946772425E+05 -0.59053131442746E+06  0.34455639062988E+03 -0.22584398384475E+05  0.26397950754589E+05  0.83402253333687E+05  0.23466352103480E+06 -0.63154742982598E+05 -0.50364728426847E+05 -0.69993523531658E+05 -0.29469935905813E+06 -0.57896175251739E+06 -0.73762058701668E+05 -0.16605910641391E+06 -0.14103747451122E+04 -0.56522946378364E+04 -0.11153024333078E+05  0.16388406111439E+03  0.22625067946018E+03 -0.27278353939578E+06 -0.87124055863857E+04 -0.14392501761199E+06 -0.17730061913562E+06
  -0.18354138293321E+06  0.26420687554666E+05 -0.51343171823777E+04 -0.27730257524693E+05  0.50160494343375E+03 -0.10481171402370E+05 -0.34690963302463E+04 -0.23983632459554E+07  0.19301084325690E+07  0.19439830546467E+05 -0.64290730901498E+04 -0.55542163374201E+04 -0.30485103148860E+03 -0.13811295373229E+02  0.47986651293963E+05 -0.22010249419919E+04  0.14154314584657E+05  0.66716668756207E+04 -0.26571574898221E+05 -0.93357178376909E+02  0.84621665123360E+03 -0.52981506483292E+04 -0.17594161466840E+05 -0.45915091183210E+05  0.11636129515615E+05  0.10916688790322E+05  0.24660891736932E+05  0.67088085067744E+05  0.12750159117612E+06  0.22900827202473E+05  0.51651456951080E+05  0.19164346028678E+03  0.58542653064931E+03  0.11930676202408E+04 -0.12269014745291E+04 -0.68622143714523E+03  0.11281790379686E+06  0.15622850561036E+04  0.45190183294358E+05  0.55143066376680E+05
  -0.50128485256980E+05  0.74208581845640E+04 -0.16912180292944E+04 -0.18321193944508E+05  0.23713466757794E+04 -0.46606160291793E+04 -0.33093223569072E+04 -0.89082317453543E+05  0.19439830546467E+05  0.26659360434018E+04 -0.61907146043396E+03 -0.65636110367712E+03 -0.57751400020369E+02 -0.17770809943377E+01 -0.40005191981273E+04  0.48338211284957E+03 -0.30596360907685E+04 -0.17299724133633E+04  0.57127115320167E+05 -0.49689403448867E+01  0.18678064469642E+04 -0.11520116305426E+04 -0.34070677042107E+04 -0.10744767808382E+05  0.27648568433737E+04  0.19016694469338E+04  0.73680664265462E+03  0.11056472533864E+05  0.22952630008133E+05  0.15013508158298E+04  0.33176315522838E+04  0.43911647382982E+02  0.55765606892520E+03  0.10615025158357E+04  0.13208234854406E+03  0.58644214830602E+02  0.31309549647570E+04  0.43381873604322E+03  0.28396207588995E+04  0.35835665375660E+04
   0.73588256303350E+04 -0.88706548387672E+03  0.21539836395441E+03  0.32092692530755E+04 -0.32161764886464E+03  0.97407485156700E+03  0.56478954261000E+03  0.26022675042427E+05 -0.64290730901498E+04 -0.61907146043396E+03  0.16843944579213E+03  0.18633691693317E+03  0.13502035097331E+02  0.66526163089695E+00  0.12254495575034E+04 -0.13460327460747E+03  0.90902230553439E+03  0.49384729509213E+03 -0.61414036915929E+04  0.22211087241337E+01 -0.20754428875154E+03  0.18891087888972E+03  0.58678448511171E+03  0.16907458089612E+04 -0.46745240949639E+03 -0.35080357948089E+03 -0.33560089491124E+03 -0.20115792308280E+04 -0.40010444510250E+04 -0.42018198087139E+03 -0.94602804547346E+03 -0.10916472360276E+02 -0.45151688058806E+02 -0.88892604266075E+02 -0.13783438080230E+02 -0.64317839604565E+01 -0.11336107241214E+04 -0.64441175346031E+02 -0.81782705054358E+03 -0.10147388511930E+04
   0.15092489618418E+05 -0.11801089578238E+04  0.41263670744726E+03 -0.13686240746567E+04 -0.24697761504293E+02 -0.70752377058755E+03 -0.22705805545679E+03  0.26352807419645E+05 -0.55542163374201E+04 -0.65636110367712E+03  0.18633691693317E+03  0.15580512228198E+04  0.10268192024131E+03 -0.11180497481596E+01  0.13691280927608E+04 -0.18946339798237E+03  0.12632403755249E+04  0.73251583451026E+03 -0.61319651722840E+04 -0.50147537035688E+01 -0.67044348423541E+02 -0.22027293361121E+02  0.85321062052764E+02 -0.87902684906374E+03 -0.10935583375915E+04 -0.15559053784342E-10 -0.69241148932764E+03 -0.48952579416222E+04 -0.25299197807150E-09 -0.22462350143080E+04 -0.66423379010343E+02 -0.77085238061513E+02 -0.18212031818764E+00 -0.15422322720475E-09 -0.16938686080485E+01 -0.72602817318635E+00  0.28604783567556E+03  0.29617971299531E+03 -0.26592111844197E+04 -0.77686011525761E-11
   0.16831327607137E+04 -0.13588149402895E+03  0.52331104193100E+02 -0.14939985106409E+03  0.49020374858795E+01 -0.67253573898389E+02 -0.26992209584268E+02  0.17669415929692E+04 -0.30485103148860E+03 -0.57751400020369E+02  0.13502035097331E+02  0.10268192024131E+03  0.92094464708155E+01 -0.16733304756395E+00  0.75311473528363E+02 -0.12518880826411E+02  0.72942022813471E+02  0.46276683705379E+02 -0.29091064511806E+03 -0.39760894648533E+00  0.53560513312772E+01 -0.55678616949952E-01  0.14395678389586E+02 -0.81952654073539E+02 -0.15999026910033E+03  0.31671761337139E-11 -0.26953165545696E+02 -0.57139258936002E+03  0.18362578566399E-10 -0.14038479422038E+03 -0.17356352237178E+02 -0.62075902556778E+01 -0.13105955673954E+00 -0.94032295515437E-11 -0.17743496668392E+00 -0.68956671204120E-01  0.28176989823052E+02  0.66004881721430E+02 -0.19113853974822E+03 -0.53959667827690E-11
  -0.10718957051007E+03  0.12860775147697E+02 -0.41225072182397E+01  0.55477672003761E+02 -0.49510893506990E+01  0.19081229187263E+02  0.99960434290568E+01  0.98769674250359E+02 -0.13811295373229E+02 -0.17770809943377E+01  0.66526163089695E+00 -0.11180497481596E+01 -0.16733304756395E+00  0.49613296162288E-01  0.14245260245554E+02 -0.10963516598832E+01  0.82884579796923E+01  0.38906080254642E+01 -0.81228605549491E+02  0.17330820596060E-01 -0.32602522353967E+01  0.39482908537625E+00  0.99062108798880E+00  0.52624201250490E+01  0.69020616000671E-01 -0.34919692933950E-12 -0.59832251790425E+01 -0.76033466119979E+00  0.22848132658300E-11 -0.31557960469742E+01 -0.14533798023508E-04 -0.13726368367527E+00 -0.55070304766868E-13  0.54739060492271E-13 -0.16603107182199E-02 -0.91036393716587E-03 -0.15999760547137E+01  0.40982098508126E-04 -0.30921963190290E+01  0.39662729219425E-12
   0.92389471545261E+04  0.63849067211651E+03 -0.29466870252002E+03  0.30737627904438E+05 -0.25859022309507E+04  0.95255671863402E+04  0.48795810912273E+04  0.88224590517851E+05  0.47986651293963E+05 -0.40005191981273E+04  0.12254495575034E+04  0.13691280927608E+04  0.75311473528363E+02  0.14245260245554E+02  0.49281981273131E+05 -0.45436319697735E+04  0.31498393883623E+05  0.16344479300625E+05 -0.55570960312570E+05  0.33291175917954E+01  0.57375035561637E+03 -0.18227228976499E+03 -0.54980295565344E+03 -0.11290724199258E+04 -0.26317108102473E+04 -0.17263264783031E+04 -0.24875700979311E+04  0.20502267295506E+04  0.43829942886324E+04 -0.14746814822058E+04 -0.29317398535150E+04 -0.72391341728120E+03  0.20592903139259E+03  0.37284080939082E+03 -0.28224445112676E+04 -0.15061966836666E+04 -0.24644016516487E+04  0.19319467421590E+03 -0.87517551212845E+03 -0.98405585308711E+03
  -0.20632367404694E+04 -0.49953268686376E+02 -0.49287247387634E+01 -0.36929090508439E+04  0.31454269993063E+03 -0.11765046885651E+04 -0.60978312548834E+03 -0.11113706918241E+05 -0.22010249419919E+04  0.48338211284957E+03 -0.13460327460747E+03 -0.18946339798237E+03 -0.12518880826411E+02 -0.10963516598832E+01 -0.45436319697735E+04  0.48632635290341E+03 -0.32718037803447E+04 -0.17700803568532E+04  0.64495447023512E+04 -0.10072198931691E+01 -0.83607869300573E+02  0.19477868713544E+02  0.51216313381967E+02  0.10774169047943E+03  0.47973502901397E+03  0.30028584731628E+03  0.28582219759297E+03 -0.17517648832749E+03 -0.50948973479128E+03  0.15125537822489E+03  0.29973580778316E+03  0.79357517103210E+02 -0.55233712679431E+02 -0.98521252376341E+02  0.42251751321195E+03  0.21042741760367E+03 -0.28476422693651E+03 -0.34818536400057E+02  0.24361253835878E+03  0.27262069970104E+03
   0.92436160712615E+04  0.13476834029223E+03 -0.13851939516630E+03  0.23375494434486E+05 -0.19182012014113E+04  0.73117619439133E+04  0.36442583911098E+04  0.77524201803499E+05  0.14154314584657E+05 -0.30596360907685E+04  0.90902230553439E+03  0.12632403755249E+04  0.72942022813471E+02  0.82884579796923E+01  0.31498393883623E+05 -0.32718037803447E+04  0.22526615336283E+05  0.12009149780640E+05 -0.42497181559303E+05  0.13659804284932E+01  0.50670117575411E+03 -0.18350360065672E+03 -0.54517978811248E+03 -0.10911429776817E+04 -0.20838197306158E+04 -0.13621228477920E+04 -0.22467337727854E+04  0.19318015194749E+04  0.39159932328519E+04 -0.11181087623694E+04 -0.22272900661852E+04 -0.53268637482780E+03  0.44102657272350E+02  0.89424208739755E+02 -0.21647665114272E+04 -0.11793511363538E+04  0.74297731740186E+03  0.17432740786353E+03 -0.12953631619265E+04 -0.14395006305331E+04
   0.67139820334476E+04  0.68549462844559E+02 -0.14806311853574E+02  0.13083405146089E+05 -0.10869830247786E+04  0.41564406831342E+04  0.20958253054688E+04  0.41976946772425E+05  0.66716668756207E+04 -0.17299724133633E+04  0.49384729509213E+03  0.73251583451026E+03  0.46276683705379E+02  0.38906080254642E+01  0.16344479300625E+05 -0.17700803568532E+04  0.12009149780640E+05  0.64994652704045E+04 -0.23648480922921E+05  0.19744304406912E+01  0.30957958678624E+03 -0.99509909851995E+02 -0.27706866989229E+03 -0.55549861645574E+03 -0.14991202553963E+04 -0.94695124713424E+03 -0.11322207371481E+04  0.92053883176685E+03  0.21683998426830E+04 -0.56535833878144E+03 -0.11274579997994E+04 -0.29324302775758E+03  0.72857332790064E+02  0.13689162968510E+03 -0.14025858777996E+04 -0.73265668187660E+03  0.10683980894868E+04  0.12782691497227E+03 -0.93807111233163E+03 -0.10424799333306E+04
  -0.77928065623726E+07  0.26133271076728E+07 -0.30562986791845E+06 -0.22728257799179E+07  0.49325819016030E+06 -0.54243959171547E+05 -0.24807854411712E+06 -0.59053131442746E+06 -0.26571574898221E+05  0.57127115320167E+05 -0.61414036915929E+04 -0.61319651722840E+04 -0.29091064511806E+03 -0.81228605549491E+02 -0.55570960312570E+05  0.64495447023512E+04 -0.42497181559303E+05 -0.23648480922921E+05  0.34033093492123E+08  0.77579537638646E+04  0.49980223181010E+06 -0.14292932157877E+06 -0.42686949904683E+06 -0.21211998857891E+07  0.34681870934219E+05  0.77057300450935E+05 -0.12424510380141E+04  0.57436568439681E+06  0.28019510906243E+07  0.17276873710152E+05  0.31818615982512E+05  0.21386635700123E+03  0.18666114444717E+06  0.81561815870451E+06  0.24803098374132E+05  0.77972751262621E+04 -0.18733090069319E+05  0.45091828936897E+05  0.20905794467533E+05  0.64484006468858E+05
  -0.17950225722261E+04  0.66739143572502E+03 -0.71346098011358E+02 -0.31581537840125E+03  0.87447194910761E+02  0.48969393173512E+02 -0.13571139336785E+02  0.34455639062988E+03 -0.93357178376909E+02 -0.49689403448867E+01  0.22211087241337E+01 -0.50147537035688E+01 -0.39760894648533E+00  0.17330820596060E-01  0.33291175917954E+01 -0.10072198931691E+01  0.13659804284932E+01  0.19744304406912E+01  0.77579537638646E+04  0.29123677364229E+01  0.13373027043459E+03 -0.34191729685860E+02 -0.10042106095627E+03 -0.56026562035413E+03  0.00000000000000E+00 -0.17036411460623E+02  0.00000000000000E+00  0.00000000000000E+00  0.61020221391806E+03  0.00000000000000E+00 -0.94842329158415E+01  0.00000000000000E+00  0.00000000000000E+00  0.25691450206738E+03  0.00000000000000E+00  0.00000000000000E+00  0.00000000000000E+00  0.45544011371279E+01  0.00000000000000E+00 -0.20261476006201E+02
  -0.16003231833553E+06  0.44239431739396E+05 -0.61649996576665E+04 -0.46042613559884E+05  0.94217720303525E+04 -0.32744596766954E+04 -0.62181993739539E+04 -0.22584398384475E+05  0.84621665123360E+03  0.18678064469642E+04 -0.20754428875154E+03 -0.67044348423541E+02  0.53560513312772E+01 -0.32602522353967E+01  0.57375035561637E+03 -0.83607869300573E+02  0.50670117575411E+03  0.30957958678624E+03  0.49980223181010E+06  0.13373027043459E+03  0.14349227423935E+05 -0.49566011125096E+04 -0.13620912902034E+05 -0.63042208695711E+05  0.00000000000000E+00  0.38680320855963E+04  0.00000000000000E+00  0.00000000000000E+00  0.85975007971066E+05  0.00000000000000E+00 -0.82561367826808E+03  0.00000000000000E+00  0.00000000000000E+00  0.16871577824872E+05  0.00000000000000E+00  0.00000000000000E+00  0.00000000000000E+00 -0.31897679934293E+04  0.00000000000000E+00  0.31993724794130E+04
   0.50296355344079E+05 -0.10570396324296E+05  0.18805104211917E+04  0.17781687614446E+05 -0.32895057024965E+04  0.21650000711322E+04  0.27231420496862E+04  0.26397950754589E+05 -0.52981506483292E+04 -0.11520116305426E+04  0.18891087888972E+03 -0.22027293361121E+02 -0.55678616949952E-01  0.39482908537625E+00 -0.18227228976499E+03  0.19477868713544E+02 -0.18350360065672E+03 -0.99509909851995E+02 -0.14292932157877E+06 -0.34191729685860E+02 -0.49566011125096E+04  0.21554493601443E+04  0.57584962075878E+04  0.24525537865351E+05 -0.46622219357062E+02 -0.18896276861042E+04  0.42572855155473E+01  0.59101259582934E+03 -0.36777081366121E+05  0.00000000000000E+00 -0.19104223285047E+03  0.00000000000000E+00  0.20728711719274E+04 -0.41143255676241E+04  0.00000000000000E+00  0.00000000000000E+00  0.00000000000000E+00  0.13354738155600E+04 -0.31270090062413E+03 -0.25222276805054E+04
   0.15898155646585E+06 -0.36440711057522E+05  0.59347950159562E+04  0.49611092539104E+05 -0.91244959103521E+04  0.60694211749356E+04  0.74937274265698E+04  0.83402253333687E+05 -0.17594161466840E+05 -0.34070677042107E+04  0.58678448511171E+03  0.85321062052764E+02  0.14395678389586E+02  0.99062108798880E+00 -0.54980295565344E+03  0.51216313381967E+02 -0.54517978811248E+03 -0.27706866989229E+03 -0.42686949904683E+06 -0.10042106095627E+03 -0.13620912902034E+05  0.57584962075878E+04  0.15895509765683E+05  0.66461731896020E+05 -0.15574982502968E+03 -0.47162753961248E+04 -0.21141080314491E+02 -0.59760288720136E+04 -0.10195418052135E+06  0.00000000000000E+00 -0.47308548368643E+03  0.00000000000000E+00  0.31243344069649E+04 -0.12822446645696E+05  0.00000000000000E+00  0.00000000000000E+00  0.00000000000000E+00  0.33264978531833E+04 -0.18415950475569E+04 -0.73501194369280E+04
   0.63822692508032E+06 -0.16933054702104E+06  0.24362614337354E+05  0.20617118773744E+06 -0.40329759792274E+05  0.18436436387773E+05  0.28522606240876E+05  0.23466352103480E+06 -0.45915091183210E+05 -0.10744767808382E+05  0.16907458089612E+04 -0.87902684906374E+03 -0.81952654073539E+02  0.52624201250490E+01 -0.11290724199258E+04  0.10774169047943E+03 -0.10911429776817E+04 -0.55549861645574E+03 -0.21211998857891E+07 -0.56026562035413E+03 -0.63042208695711E+05  0.24525537865351E+05  0.66461731896020E+05  0.30644287757094E+06  0.24192470964850E+03 -0.24288922068585E+05 -0.47222762693173E+01  0.37882347285546E+05 -0.42040519751119E+06  0.00000000000000E+00 -0.25033948261847E+04  0.00000000000000E+00  0.16490607306930E+05 -0.66892506302895E+05  0.00000000000000E+00  0.00000000000000E+00  0.00000000000000E+00  0.17737174868820E+05  0.15063528001422E+04 -0.27207337957823E+05
  -0.13177540350537E+06  0.16771546962814E+05 -0.47343471743295E+04 -0.12866950863909E+05  0.20047505459156E+04 -0.28068073349196E+04 -0.25056084441161E+04 -0.63154742982598E+05  0.11636129515615E+05  0.27648568433737E+04 -0.46745240949639E+03 -0.10935583375915E+04 -0.15999026910033E+03  0.69020616000671E-01 -0.26317108102473E+04  0.47973502901397E+03 -0.20838197306158E+04 -0.14991202553963E+04  0.34681870934219E+05  0.00000000000000E+00  0.00000000000000E+00 -0.46622219357062E+02 -0.15574982502968E+03  0.24192470964850E+03  0.11685349244642E+06  0.00000000000000E+00  0.00000000000000E+00  0.00000000000000E+00  0.00000000000000E+00  0.00000000000000E+00  0.00000000000000E+00  0.00000000000000E+00  0.00000000000000E+00  0.00000000000000E+00  0.00000000000000E+00  0.00000000000000E+00  0.00000000000000E+00  0.00000000000000E+00  0.00000000000000E+00  0.00000000000000E+00
  -0.55846055040369E+05  0.82830676435522E+04 -0.20089454341516E+04 -0.21299320939685E+05  0.33744986807690E+04 -0.42971054647049E+04 -0.39234116186570E+04 -0.50364728426847E+05  0.10916688790322E+05  0.19016694469338E+04 -0.35080357948089E+03 -0.15559053784342E-10  0.31671761337139E-11 -0.34919692933950E-12 -0.17263264783031E+04  0.30028584731628E+03 -0.13621228477920E+04 -0.94695124713424E+03  0.77057300450935E+05 -0.17036411460623E+02  0.38680320855963E+04 -0.18896276861042E+04 -0.47162753961248E+04 -0.24288922068585E+05  0.00000000000000E+00  0.64879111661059E+05  0.00000000000000E+00  0.00000000000000E+00  0.00000000000000E+00  0.00000000000000E+00  0.00000000000000E+00  0.00000000000000E+00  0.00000000000000E+00  0.00000000000000E+00  0.00000000000000E+00  0.00000000000000E+00  0.00000000000000E+00  0.00000000000000E+00  0.00000000000000E+00  0.00000000000000E+00
  -0.51914400076539E+04 -0.19877936861899E+03  0.20830717387294E+02 -0.65255255901229E+02 -0.57697248312841E+02  0.15728970915482E+03  0.14033259824901E+03 -0.69993523531658E+05  0.24660891736932E+05  0.73680664265462E+03 -0.33560089491124E+03 -0.69241148932764E+03 -0.26953165545696E+02 -0.59832251790425E+01 -0.24875700979311E+04  0.28582219759297E+03 -0.22467337727854E+04 -0.11322207371481E+04 -0.12424510380141E+04  0.00000000000000E+00  0.00000000000000E+00  0.42572855155473E+01 -0.21141080314491E+02 -0.47222762693173E+01  0.00000000000000E+00  0.00000000000000E+00  0.30791934925952E+05  0.00000000000000E+00  0.00000000000000E+00  0.00000000000000E+00  0.00000000000000E+00  0.00000000000000E+00  0.00000000000000E+00  0.00000000000000E+00  0.00000000000000E+00  0.00000000000000E+00  0.00000000000000E+00  0.00000000000000E+00  0.00000000000000E+00  0.00000000000000E+00
  -0.86575189607116E+06  0.21043345430611E+06 -0.32318577319492E+05 -0.66282519747176E+05  0.11901112778050E+05 -0.87166962201659E+04 -0.10040931822275E+05 -0.29469935905813E+06  0.67088085067744E+05  0.11056472533864E+05 -0.20115792308280E+04 -0.48952579416222E+04 -0.57139258936002E+03 -0.76033466119979E+00  0.20502267295506E+04 -0.17517648832749E+03  0.19318015194749E+04  0.92053883176685E+03  0.57436568439681E+06  0.00000000000000E+00  0.00000000000000E+00  0.59101259582934E+03 -0.59760288720136E+04  0.37882347285546E+05  0.00000000000000E+00  0.00000000000000E+00  0.00000000000000E+00  0.58029445490976E+06  0.00000000000000E+00  0.00000000000000E+00  0.00000000000000E+00  0.00000000000000E+00  0.00000000000000E+00  0.00000000000000E+00  0.00000000000000E+00  0.00000000000000E+00  0.00000000000000E+00  0.00000000000000E+00  0.00000000000000E+00  0.00000000000000E+00
  -0.11203589007009E+07  0.26524334025198E+06 -0.42003118302271E+05 -0.34290809168107E+06  0.62772369037103E+05 -0.42699954279421E+05 -0.52230257061492E+05 -0.57896175251739E+06  0.12750159117612E+06  0.22952630008133E+05 -0.40010444510250E+04 -0.25299197807150E-09  0.18362578566399E-10  0.22848132658300E-11  0.43829942886324E+04 -0.50948973479128E+03  0.39159932328519E+04  0.21683998426830E+04  0.28019510906243E+07  0.61020221391806E+03  0.85975007971066E+05 -0.36777081366121E+05 -0.10195418052135E+06 -0.42040519751119E+06  0.00000000000000E+00  0.00000000000000E+00  0.00000000000000E+00  0.00000000000000E+00  0.92184423909162E+06  0.00000000000000E+00  0.00000000000000E+00  0.00000000000000E+00  0.00000000000000E+00  0.00000000000000E+00  0.00000000000000E+00  0.00000000000000E+00  0.00000000000000E+00  0.00000000000000E+00  0.00000000000000E+00  0.00000000000000E+00
  -0.20920295712931E+05  0.57427390637889E+04 -0.81154179401000E+03 -0.13645298618308E+04  0.32348101717929E+03  0.93996029280990E+01 -0.15888259901210E+03 -0.73762058701668E+05  0.22900827202473E+05  0.15013508158298E+04 -0.42018198087139E+03 -0.22462350143080E+04 -0.14038479422038E+03 -0.31557960469742E+01 -0.14746814822058E+04  0.15125537822489E+03 -0.11181087623694E+04 -0.56535833878144E+03  0.17276873710152E+05  0.00000000000000E+00  0.00000000000000E+00  0.00000000000000E+00  0.00000000000000E+00  0.00000000000000E+00  0.00000000000000E+00  0.00000000000000E+00  0.00000000000000E+00  0.00000000000000E+00  0.00000000000000E+00  0.14310967203107E+05  0.00000000000000E+00  0.00000000000000E+00  0.00000000000000E+00  0.00000000000000E+00  0.00000000000000E+00  0.00000000000000E+00  0.00000000000000E+00  0.00000000000000E+00  0.00000000000000E+00  0.00000000000000E+00
  -0.47441589378663E+05  0.13194110145766E+05 -0.18474990252771E+04 -0.24956778969076E+04  0.57098891308644E+03 -0.17449156436102E+02 -0.28283729212737E+03 -0.16605910641391E+06  0.51651456951080E+05  0.33176315522838E+04 -0.94602804547346E+03 -0.66423379010343E+02 -0.17356352237178E+02 -0.14533798023508E-04 -0.29317398535150E+04  0.29973580778316E+03 -0.22272900661852E+04 -0.11274579997994E+04  0.31818615982512E+05 -0.94842329158415E+01 -0.82561367826808E+03 -0.19104223285047E+03 -0.47308548368643E+03 -0.25033948261847E+04  0.00000000000000E+00  0.00000000000000E+00  0.00000000000000E+00  0.00000000000000E+00  0.00000000000000E+00  0.00000000000000E+00  0.31489144656368E+05  0.00000000000000E+00  0.00000000000000E+00  0.00000000000000E+00  0.00000000000000E+00  0.00000000000000E+00  0.00000000000000E+00  0.00000000000000E+00  0.00000000000000E+00  0.00000000000000E+00
  -0.31951443153758E+04  0.42201575478486E+03 -0.10196035448918E+03 -0.70826204005489E+02  0.90022776468413E+01 -0.19120881499706E+02 -0.13307286067588E+02 -0.14103747451122E+04  0.19164346028678E+03  0.43911647382982E+02 -0.10916472360276E+02 -0.77085238061513E+02 -0.62075902556778E+01 -0.13726368367527E+00 -0.72391341728120E+03  0.79357517103210E+02 -0.53268637482780E+03 -0.29324302775758E+03  0.21386635700123E+03  0.00000000000000E+00  0.00000000000000E+00  0.00000000000000E+00  0.00000000000000E+00  0.00000000000000E+00  0.00000000000000E+00  0.00000000000000E+00  0.00000000000000E+00  0.00000000000000E+00  0.00000000000000E+00  0.00000000000000E+00  0.00000000000000E+00  0.37973224829449E+04  0.00000000000000E+00  0.00000000000000E+00  0.00000000000000E+00  0.00000000000000E+00  0.00000000000000E+00  0.00000000000000E+00  0.00000000000000E+00  0.00000000000000E+00
  -0.20395827600650E+06  0.63762598652598E+05 -0.80257335716459E+04 -0.11774590777600E+05  0.29406294600130E+04  0.43065851948661E+03 -0.10179728762677E+04 -0.56522946378364E+04  0.58542653064931E+03  0.55765606892520E+03 -0.45151688058806E+02 -0.18212031818764E+00 -0.13105955673954E+00 -0.55070304766868E-13  0.20592903139259E+03 -0.55233712679431E+02  0.44102657272350E+02  0.72857332790064E+02  0.18666114444717E+06  0.00000000000000E+00  0.00000000000000E+00  0.20728711719274E+04  0.31243344069649E+04  0.16490607306930E+05  0.00000000000000E+00  0.00000000000000E+00  0.00000000000000E+00  0.00000000000000E+00  0.00000000000000E+00  0.00000000000000E+00  0.00000000000000E+00  0.00000000000000E+00  0.10596053739779E+06  0.00000000000000E+00  0.00000000000000E+00  0.00000000000000E+00  0.00000000000000E+00  0.00000000000000E+00  0.00000000000000E+00  0.00000000000000E+00
  -0.23033114912724E+06  0.71501801744943E+05 -0.90467018365298E+04 -0.52743220795673E+05  0.12985004795158E+05  0.15907324658115E+04 -0.47159044519909E+04 -0.11153024333078E+05  0.11930676202408E+04  0.10615025158357E+04 -0.88892604266075E+02 -0.15422322720475E-09 -0.94032295515437E-11  0.54739060492271E-13  0.37284080939082E+03 -0.98521252376341E+02  0.89424208739755E+02  0.13689162968510E+03  0.81561815870451E+06  0.25691450206738E+03  0.16871577824872E+05 -0.41143255676241E+04 -0.12822446645696E+05 -0.66892506302895E+05  0.00000000000000E+00  0.00000000000000E+00  0.00000000000000E+00  0.00000000000000E+00  0.00000000000000E+00  0.00000000000000E+00  0.00000000000000E+00  0.00000000000000E+00  0.00000000000000E+00  0.13923715598764E+06  0.00000000000000E+00  0.00000000000000E+00  0.00000000000000E+00  0.00000000000000E+00  0.00000000000000E+00  0.00000000000000E+00
  -0.92546999913024E+04  0.24456283496297E+04 -0.35347117863674E+03 -0.24966683282397E+04  0.47366129627032E+03 -0.26000930640488E+03 -0.36621844674773E+03  0.16388406111439E+03 -0.12269014745291E+04  0.13208234854406E+03 -0.13783438080230E+02 -0.16938686080485E+01 -0.17743496668392E+00 -0.16603107182199E-02 -0.28224445112676E+04  0.42251751321195E+03 -0.21647665114272E+04 -0.14025858777996E+04  0.24803098374132E+05  0.00000000000000E+00  0.00000000000000E+00  0.00000000000000E+00  0.00000000000000E+00  0.00000000000000E+00  0.00000000000000E+00  0.00000000000000E+00  0.00000000000000E+00  0.00000000000000E+00  0.00000000000000E+00  0.00000000000000E+00  0.00000000000000E+00  0.00000000000000E+00  0.00000000000000E+00  0.00000000000000E+00  0.82919121585487E+04  0.00000000000000E+00  0.00000000000000E+00  0.00000000000000E+00  0.00000000000000E+00  0.00000000000000E+00
  -0.32634840250675E+04  0.77356755604455E+03 -0.12334270550853E+03 -0.96920838059296E+03  0.17510398647300E+03 -0.13239271455500E+03 -0.15417905975376E+03  0.22625067946018E+03 -0.68622143714523E+03  0.58644214830602E+02 -0.64317839604565E+01 -0.72602817318635E+00 -0.68956671204120E-01 -0.91036393716587E-03 -0.15061966836666E+04  0.21042741760367E+03 -0.11793511363538E+04 -0.73265668187660E+03  0.77972751262621E+04  0.00000000000000E+00  0.00000000000000E+00  0.00000000000000E+00  0.00000000000000E+00  0.00000000000000E+00  0.00000000000000E+00  0.00000000000000E+00  0.00000000000000E+00  0.00000000000000E+00  0.00000000000000E+00  0.00000000000000E+00  0.00000000000000E+00  0.00000000000000E+00  0.00000000000000E+00  0.00000000000000E+00  0.00000000000000E+00  0.42393565389038E+04  0.00000000000000E+00  0.00000000000000E+00  0.00000000000000E+00  0.00000000000000E+00
  -0.17824080534715E+05 -0.22270409364207E+04 -0.58114231105192E+02 -0.97716449015842E+04  0.36021629325475E+03 -0.31735587681340E+04 -0.13427542259696E+04 -0.27278353939578E+06  0.11281790379686E+06  0.31309549647570E+04 -0.11336107241214E+04  0.28604783567556E+03  0.28176989823052E+02 -0.15999760547137E+01 -0.24644016516487E+04 -0.28476422693651E+03  0.74297731740186E+03  0.10683980894868E+04 -0.18733090069319E+05  0.00000000000000E+00  0.00000000000000E+00  0.00000000000000E+00  0.00000000000000E+00  0.00000000000000E+00  0.00000000000000E+00  0.00000000000000E+00  0.00000000000000E+00  0.00000000000000E+00  0.00000000000000E+00  0.00000000000000E+00  0.00000000000000E+00  0.00000000000000E+00  0.00000000000000E+00  0.00000000000000E+00  0.00000000000000E+00  0.00000000000000E+00  0.12538320276381E+06  0.00000000000000E+00  0.00000000000000E+00  0.00000000000000E+00
   0.17087732317791E+05 -0.22464943588271E+04  0.61841982002863E+03 -0.15875097207290E+05  0.25090152402264E+04 -0.33699525670008E+04 -0.31811539876473E+04 -0.87124055863857E+04  0.15622850561036E+04  0.43381873604322E+03 -0.64441175346031E+02  0.29617971299531E+03  0.66004881721430E+02  0.40982098508126E-04  0.19319467421590E+03 -0.34818536400057E+02  0.17432740786353E+03  0.12782691497227E+03  0.45091828936897E+05  0.45544011371279E+01 -0.31897679934293E+04  0.13354738155600E+04  0.33264978531833E+04  0.17737174868820E+05  0.00000000000000E+00  0.00000000000000E+00  0.00000000000000E+00  0.00000000000000E+00  0.00000000000000E+00  0.00000000000000E+00  0.00000000000000E+00  0.00000000000000E+00  0.00000000000000E+00  0.00000000000000E+00  0.00000000000000E+00  0.00000000000000E+00  0.00000000000000E+00  0.39370292647160E+05  0.00000000000000E+00  0.00000000000000E+00
  -0.74062636815973E+05  0.86780917151915E+04 -0.22453026276584E+04 -0.72538369386208E+04  0.81892477474398E+03 -0.18848699271503E+04 -0.11634392581482E+04 -0.14392501761199E+06  0.45190183294358E+05  0.28396207588995E+04 -0.81782705054358E+03 -0.26592111844197E+04 -0.19113853974822E+03 -0.30921963190290E+01 -0.87517551212845E+03  0.24361253835878E+03 -0.12953631619265E+04 -0.93807111233163E+03  0.20905794467533E+05  0.00000000000000E+00  0.00000000000000E+00 -0.31270090062413E+03 -0.18415950475569E+04  0.15063528001422E+04  0.00000000000000E+00  0.00000000000000E+00  0.00000000000000E+00  0.00000000000000E+00  0.00000000000000E+00  0.00000000000000E+00  0.00000000000000E+00  0.00000000000000E+00  0.00000000000000E+00  0.00000000000000E+00  0.00000000000000E+00  0.00000000000000E+00  0.00000000000000E+00  0.00000000000000E+00  0.95343043181019E+05  0.00000000000000E+00
  -0.58285922602859E+05  0.72671090055812E+04 -0.18087236257067E+04 -0.21463912361791E+05  0.25173513408140E+04 -0.54211385133304E+04 -0.34612612608094E+04 -0.17730061913562E+06  0.55143066376680E+05  0.35835665375660E+04 -0.10147388511930E+04 -0.77686011525761E-11 -0.53959667827690E-11  0.39662729219425E-12 -0.98405585308711E+03  0.27262069970104E+03 -0.14395006305331E+04 -0.10424799333306E+04  0.64484006468858E+05 -0.20261476006201E+02  0.31993724794130E+04 -0.25222276805054E+04 -0.73501194369280E+04 -0.27207337957823E+05  0.00000000000000E+00  0.00000000000000E+00  0.00000000000000E+00  0.00000000000000E+00  0.00000000000000E+00  0.00000000000000E+00  0.00000000000000E+00  0.00000000000000E+00  0.00000000000000E+00  0.00000000000000E+00  0.00000000000000E+00  0.00000000000000E+00  0.00000000000000E+00  0.00000000000000E+00  0.00000000000000E+00  0.10000360122345E+06

 # Covariance matrix (Bevington epsilon)
