# fitpack15: fit parameters                                                                         
# CJ15 AV18 final data choices                                                                      
# Created on 01/23/2020 at 22:17:34                                                                 

 # QCD setup
  INS                           0
  NVL                          11
  IORD                          1
  Q02                   1.6899999999999999     
  IPARAMC                       7
  FLAVOR                4.0000000000000000     
  xmc                   1.3000000000000000     
  xmb                   4.5000000000000000     
  ncb                          12
  ihq                           1
  ias                           0

 # Theory corrections
  inuke                     10814
  itmc                          1
  iht                           1

 # fit parameters
 LAMBDA       0.22680        0.0000    
 a0uv          2.4781        0.0000    
 a1uv         0.62194       0.19462E-01
 a2uv          3.5386       0.12777E-01
 a3uv          0.0000        0.0000    
 a4uv          3.3080       0.40849    
 a5uv          0.0000        0.0000    
 a0dv          25.002        0.0000    
 a1dv          1.1646       0.33264E-01
 a2dv          6.5047       0.16011    
 a3dv         -3.4702       0.86610E-01
 a4dv          4.5756       0.14201    
 a5dv          0.0000        0.0000    
 a0ud         0.15079       0.50827E-02
 a1ud        -0.20489       0.36981E-02
 a2ud          8.1469       0.19848    
 a3ud          0.0000        0.0000    
 a4ud          13.363        1.1749    
 a5ud          0.0000        0.0000    
 a0du          35712.        0.0000    
 a1du          4.0484       0.75991E-01
 a2du          19.761       0.86367    
 a3du          17.000        0.0000    
 a4du          50.958        10.500    
 a0g           45.134        0.0000    
 a1g          0.60329       0.32037E-01
 a2g           6.6624        1.0323    
 a3g          -3.2757       0.14310    
 a4g           3.1597       0.34690    
 a5g           0.0000        0.0000    
 kappa        0.40000        0.0000    
 a6dv        -0.33065E-02   0.66290E-03
 a7dv          2.0000        0.0000    
 off1         -3.7546        1.5185    
 off2         0.63072E-01   0.51518E-01
 ht1          -3.3571       0.26715    
 ht2           1.9599       0.10672    
 ht3          -2.0570       0.18471E-01
 ht4           0.0000        0.0000    
 dummy40       0.0000        0.0000    
 dummy41       0.0000        0.0000    
 dummy42       0.0000        0.0000    
 dummy43       0.0000        0.0000    
 dummy44       0.0000        0.0000    
 dummy45       0.0000        0.0000    
 dummy46       0.0000        0.0000    
 dummy47       0.0000        0.0000    
 dummy48       0.0000        0.0000    
 dummy49       0.0000        0.0000    
 bcdmsh2      0.97334       0.48203E-02
 bcdmsd2      0.99304       0.58239E-02
 ccfr          1.0000        0.0000    
 nutev         1.0000        0.0000    
 zeus         0.97998        0.0000    
 h1            1.0162        0.0000    
 e605          1.0319        0.0000    
 NmcH2         1.0090       0.71146E-02
 ntv_nu        1.0000        0.0000    
 ntv_nubar     1.0000        0.0000    
 cdf_jet      0.98910        0.0000    
 d0_jet       0.83504        0.0000    
 slac_p        1.0051       0.48001E-02
 slac_d        1.0039       0.52604E-02
 e866pp       0.96305       0.19158E-01
 e866pd       0.96048       0.15776E-01
 d0_gamjet     1.0398       0.16486E-01
 h1b          0.97608        0.0000    
 jlab_p       0.99386       0.57730E-02
 jlab_d       0.97508       0.58868E-02
 blank         1.0000        0.0000    
 d0run2       0.93959       0.14075E-01
 cdfrun2      0.92602       0.17200E-01
 HERA_el       1.0000        0.0000    
 HERA_ps       1.0000        0.0000    
 CDF_Z        0.96628       0.65016E-02
 NmcRat        1.0000        0.0000    
 BNS_F2nd     0.98389       0.69544E-02
 HERMES_F2p   0.99839       0.55572E-02
 HERMES_F2d   0.98002       0.58096E-02
 END 0. 0.

 # Hessian matrix (Bevington alpha)
   0.48351622569220E+07 -0.12778755180651E+07  0.24073426416101E+06  0.47490178128120E+06 -0.12706225635282E+06 -0.16436047416354E+05  0.59642038410768E+05  0.88605305348026E+06 -0.17427010715614E+06 -0.49547538679738E+05  0.79874241866424E+04  0.15710048123935E+05  0.18165671888296E+04 -0.11183438143337E+03  0.66698860800703E+04 -0.17823896094565E+04  0.94770841497305E+04  0.69052556135094E+04 -0.74619712368119E+07 -0.11283219202502E+04 -0.24893468238524E+06  0.61275625858615E+05  0.18809668829166E+06  0.79305516657080E+06 -0.12617162487184E+06 -0.53590077331817E+05 -0.42099061083052E+04 -0.83246548218044E+06 -0.10783309017101E+07 -0.20464882302606E+05 -0.46152358301436E+05 -0.30509093627071E+04 -0.19733960792288E+06 -0.22253411055661E+06 -0.90734004540829E+04 -0.32103166700168E+04 -0.14485442331626E+05  0.16536538926257E+05 -0.70013051015149E+05 -0.55366918746297E+05
  -0.12778755180651E+07  0.41142073040866E+06 -0.65938330508915E+05 -0.13432349102256E+06  0.35742956473670E+05  0.71047254836753E+04 -0.13514769706241E+05 -0.12168255185170E+06  0.26874514923969E+05  0.78509126830622E+04 -0.10400550982086E+04 -0.12744517343260E+04 -0.15387044007675E+03  0.13510473481338E+02  0.70586281706516E+03 -0.54937281129635E+02  0.21048269380468E+03  0.11197188470485E+03  0.25684676709817E+07  0.48882805653459E+03  0.71669165651437E+05 -0.13985618612283E+05 -0.46029462846515E+05 -0.22041435722533E+06  0.16545719358515E+05  0.81884328132053E+04 -0.25174189631804E+03  0.20878758786910E+06  0.26263831550020E+06  0.57975734933175E+04  0.13223440156951E+05  0.41909241373219E+03  0.63355114591383E+05  0.70801238443654E+05  0.24667357358864E+04  0.78262355544476E+03 -0.23890766932063E+04 -0.22396718819131E+04  0.85097300337774E+04  0.71496406765368E+04
   0.24073426416101E+06 -0.65938330508915E+05  0.12130398764235E+05  0.23992982080151E+05 -0.65085899582621E+04 -0.10528457915941E+04  0.29238961490533E+04  0.32453361642193E+05 -0.62355757747618E+04 -0.21368427733844E+04  0.29767464020374E+03  0.50815844886218E+03  0.68201688481483E+02 -0.52036672886760E+01 -0.43143425386843E+03  0.45384055579322E+01 -0.20392879937801E+03 -0.38902124869816E+02 -0.38957227405544E+06 -0.61614430250000E+02 -0.12620962542432E+05  0.29783551438858E+04  0.91527916835686E+04  0.39769013133536E+05 -0.57131932154107E+04 -0.24433902529988E+04  0.58535212981550E+02 -0.40399683479996E+05 -0.52486443561721E+05 -0.10428488114259E+04 -0.23627939821263E+04 -0.12189526703987E+03 -0.10323433357480E+05 -0.11600806137577E+05 -0.45288987446351E+03 -0.15730230983140E+03  0.77181436035581E+02  0.74879978100676E+03 -0.26297368929276E+04 -0.21387045256485E+04
   0.47490178128120E+06 -0.13432349102256E+06  0.23992982080151E+05  0.39211779428403E+06 -0.62586899550298E+05  0.79102350393740E+05  0.66827551700408E+05  0.33692563168947E+06 -0.24585873646560E+05 -0.18613867932945E+05  0.36151341798386E+04 -0.14102985122873E+04 -0.15700246652251E+03  0.58370949139749E+02  0.30092837803206E+05 -0.36058635826733E+04  0.25649918985772E+05  0.14350843537140E+05 -0.22308298448126E+07 -0.13317349476473E+03 -0.72686968441588E+05  0.21510015701782E+05  0.59148948015207E+05  0.25471232330511E+06 -0.12711622034986E+05 -0.21069555236771E+05 -0.49043160435027E+02 -0.65358926589126E+05 -0.33949857504069E+06 -0.14040002535317E+04 -0.24790566420117E+04 -0.72646689443591E+02 -0.11723171250315E+05 -0.52644965042743E+05 -0.25088480565649E+04 -0.97791163621706E+03 -0.93476626265586E+04 -0.15529159450737E+05 -0.71539005921450E+04 -0.21214331549098E+05
  -0.12706225635282E+06  0.35742956473670E+05 -0.65085899582621E+04 -0.62586899550298E+05  0.11923661422220E+05 -0.85185564161507E+04 -0.99250545320512E+04 -0.32287542277003E+05  0.39238326844277E+03  0.24857593803982E+04 -0.37694060896017E+03 -0.37122712846020E+02  0.45207368186926E+01 -0.52429848955917E+01 -0.25662923380099E+04  0.31205526373244E+03 -0.21402542571333E+04 -0.12134124727819E+04  0.50222601391749E+06  0.52858981707195E+02  0.15401175388764E+05 -0.41333197605870E+04 -0.11339635272760E+05 -0.51884028796261E+05  0.19996055504359E+04  0.33780704813329E+04 -0.58003036371325E+02  0.12065046140914E+05  0.63642786453732E+05  0.34244137617450E+03  0.58445465879147E+03  0.94221171885978E+01  0.30342067161968E+04  0.13389245755572E+05  0.48926101194936E+03  0.18084329792071E+03  0.31838654525819E+03  0.24829830686041E+04  0.82079353955189E+03  0.25256494157411E+04
  -0.16436047416354E+05  0.71047254836753E+04 -0.10528457915941E+04  0.79102350393740E+05 -0.85185564161507E+04  0.25617226739951E+05  0.15761313595835E+05  0.10373010942668E+06 -0.89636871224929E+04 -0.48132513516044E+04  0.10966199939192E+04 -0.71693395366316E+03 -0.70071131261607E+02  0.20165733284342E+02  0.93329692133584E+04 -0.11493197318744E+04  0.80730510207243E+04  0.45836840303288E+04 -0.91439650806201E+05  0.57697073718644E+02 -0.61205072952641E+04  0.28166367434788E+04  0.77196668788136E+04  0.25484295901046E+05 -0.29670543825199E+04 -0.45663935669132E+04  0.16673462023102E+03 -0.95380351699518E+04 -0.47630270950351E+05 -0.18432284538092E+02 -0.61137089951868E+02 -0.20062670448672E+02  0.23386896844115E+03  0.63661914742665E+03 -0.30270840200959E+03 -0.14907046436924E+03 -0.30304879217396E+04 -0.35614652526497E+04 -0.18946304125529E+04 -0.54857847309944E+04
   0.59642038410768E+05 -0.13514769706241E+05  0.29238961490533E+04  0.66827551700408E+05 -0.99250545320512E+04  0.15761313595835E+05  0.12372263328802E+05  0.58179898289574E+05 -0.28733135058779E+04 -0.34511419104869E+04  0.64855461184435E+03 -0.21936027947896E+03 -0.27532719295536E+02  0.10581046975227E+02  0.48096937434434E+04 -0.59981799363350E+03  0.40624773035711E+04  0.23342189875050E+04 -0.27105740312133E+06  0.77799721246860E+01 -0.10535794305438E+05  0.34640297909409E+04  0.93849493135341E+04  0.37631550998711E+05 -0.25870548789644E+04 -0.40655591010275E+04  0.14226303913095E+03 -0.10543723906741E+05 -0.55204494500019E+05 -0.18297847107354E+03 -0.31188804848498E+03 -0.13979773078914E+02 -0.11681121728460E+04 -0.54143101350186E+04 -0.39542298481409E+03 -0.16546218674955E+03 -0.12667811540172E+04 -0.32652821236044E+04 -0.11751363155355E+04 -0.35130000515208E+04
   0.88605305348026E+06 -0.12168255185170E+06  0.32453361642193E+05  0.33692563168947E+06 -0.32287542277003E+05  0.10373010942668E+06  0.58179898289574E+05  0.46577846176581E+07 -0.22345440236012E+07 -0.82807482357931E+05  0.26295119482190E+05  0.25987869290607E+05  0.17793156584577E+04  0.99591810342823E+02  0.76837061605675E+05 -0.97529552181424E+04  0.75489764585821E+05  0.40810321896350E+05 -0.59134972195500E+06  0.39513450088274E+03 -0.32905396864760E+05  0.28079114438996E+05  0.87443240730304E+05  0.24715243296921E+06 -0.59166984681749E+05 -0.47638492095479E+05 -0.64471259208441E+05 -0.27434608809876E+06 -0.54742902177207E+06 -0.70647771308012E+05 -0.15805304645482E+06 -0.12729126948276E+04 -0.59807017658956E+04 -0.11680751448785E+05 -0.27442699718107E+02  0.13238452852420E+03 -0.25321933719434E+06 -0.86338797871025E+04 -0.13213171807675E+06 -0.16466799684225E+06
  -0.17427010715614E+06  0.26874514923969E+05 -0.62355757747618E+04 -0.24585873646560E+05  0.39238326844277E+03 -0.89636871224929E+04 -0.28733135058779E+04 -0.22345440236012E+07  0.19284036750695E+07  0.18811875868638E+05 -0.67421698588041E+04 -0.56823243596842E+04 -0.31826482213096E+03 -0.13449208798582E+02  0.51274224593945E+05 -0.24672110340487E+04  0.17518375741328E+05  0.84861042898040E+04 -0.25072287866440E+05 -0.92334920059053E+02  0.89165533469936E+03 -0.56791544250314E+04 -0.18847006008446E+05 -0.46985841799542E+05  0.11481466851632E+05  0.10868616205594E+05  0.23919010485681E+05  0.65469098168726E+05  0.12637088185920E+06  0.23131986367370E+05  0.51852197320503E+05  0.17092646496152E+03  0.64741868098556E+03  0.13045511015495E+04 -0.11804270311096E+04 -0.66615212991843E+03  0.11107795411794E+06  0.16308827388162E+04  0.43854894615712E+05  0.54087893689278E+05
  -0.49547538679738E+05  0.78509126830622E+04 -0.21368427733844E+04 -0.18613867932945E+05  0.24857593803982E+04 -0.48132513516044E+04 -0.34511419104869E+04 -0.82807482357931E+05  0.18811875868638E+05  0.26834971678895E+04 -0.68280278829883E+03 -0.70103954005876E+03 -0.63081600211551E+02 -0.19763274976389E+01 -0.39360217524426E+04  0.47210180996144E+03 -0.33797539796314E+04 -0.19037256714337E+04  0.60883488307775E+05 -0.11714999110842E+02  0.30232394362120E+04 -0.13712971056096E+04 -0.39690038356388E+04 -0.13104844539634E+05  0.27691767002990E+04  0.19250612470987E+04  0.72397797439853E+03  0.11129973673490E+05  0.23408663250795E+05  0.15499350733470E+04  0.33941364105713E+04  0.42958753965186E+02  0.62881335746587E+03  0.11868107141476E+04  0.14056699898924E+03  0.62253849174570E+02  0.30727613796244E+04  0.45576887839280E+03  0.27840379726084E+04  0.35582887906854E+04
   0.79874241866424E+04 -0.10400550982086E+04  0.29767464020374E+03  0.36151341798386E+04 -0.37694060896017E+03  0.10966199939192E+04  0.64855461184435E+03  0.26295119482190E+05 -0.67421698588041E+04 -0.68280278829883E+03  0.20139906309427E+03  0.21727325437496E+03  0.16211532086531E+02  0.78991469981100E+00  0.13153530964755E+04 -0.14427697668890E+03  0.10834908867568E+04  0.58919580486298E+03 -0.73770796878272E+04  0.33046625611186E+01 -0.37379528442937E+03  0.24411305498153E+03  0.74284709701453E+03  0.21894988340607E+04 -0.52417723613848E+03 -0.39543415703695E+03 -0.35292953132997E+03 -0.22337713877152E+04 -0.45185459146943E+04 -0.47022293208243E+03 -0.10522749476099E+04 -0.11738941438284E+02 -0.58015823871557E+02 -0.11301988964612E+03 -0.17597698949855E+02 -0.82035933686986E+01 -0.12048553037800E+04 -0.76611374323864E+02 -0.87660668402086E+03 -0.11020085345061E+04
   0.15710048123935E+05 -0.12744517343260E+04  0.50815844886218E+03 -0.14102985122873E+04 -0.37122712846020E+02 -0.71693395366316E+03 -0.21936027947896E+03  0.25987869290607E+05 -0.56823243596842E+04 -0.70103954005876E+03  0.21727325437496E+03  0.17938046166179E+04  0.11936536793503E+03 -0.10705100293943E+01  0.14542805735670E+04 -0.19969679400248E+03  0.15190878250166E+04  0.87144196804207E+03 -0.67174698736756E+04 -0.49611959127793E+01 -0.13634739409590E+03 -0.55111226505983E+01  0.15143712584331E+03 -0.86250990167645E+03 -0.12080861351737E+04  0.31303044567248E-10 -0.74507980956058E+03 -0.53105186214708E+04 -0.24707421061146E-10 -0.25081775637582E+04 -0.82760727470336E+02 -0.82837467971967E+02 -0.29567133142674E+00 -0.15125233450579E-09 -0.18616798796560E+01 -0.79634519936917E+00  0.29884901164979E+03  0.34550972108268E+03 -0.28418531883072E+04 -0.13720529333097E-11
   0.18165671888296E+04 -0.15387044007675E+03  0.68201688481483E+02 -0.15700246652251E+03  0.45207368186926E+01 -0.70071131261607E+02 -0.27532719295536E+02  0.17793156584577E+04 -0.31826482213096E+03 -0.63081600211551E+02  0.16211532086531E+02  0.11936536793503E+03  0.10956669309584E+02 -0.18666104121912E+00  0.80254748984896E+02 -0.13317882716533E+02  0.91820342573564E+02  0.57143682274664E+02 -0.32481583611972E+03 -0.44492575036599E+00  0.75094801965743E+01  0.11184479568574E+01  0.19471873338662E+02 -0.93867209560591E+02 -0.18164930188902E+03  0.36962604194530E-12 -0.29308672906316E+02 -0.63847287074927E+03  0.79092290700782E-11 -0.15878309348107E+03 -0.22196618223036E+02 -0.67874652740543E+01 -0.21376437529165E+00 -0.14225798090236E-10 -0.20076986942994E+00 -0.77581548782509E-01  0.30397072174610E+02  0.78261877582347E+02 -0.20685881080705E+03 -0.45260549416499E-11
  -0.11183438143337E+03  0.13510473481338E+02 -0.52036672886760E+01  0.58370949139749E+02 -0.52429848955917E+01  0.20165733284342E+02  0.10581046975227E+02  0.99591810342823E+02 -0.13449208798582E+02 -0.19763274976389E+01  0.78991469981100E+00 -0.10705100293943E+01 -0.18666104121912E+00  0.56894337895845E-01  0.15317793635960E+02 -0.11794510952323E+01  0.94627856647066E+01  0.44802773214299E+01 -0.85213281567663E+02  0.32762931766735E-01 -0.54558444658010E+01  0.66637553893705E+00  0.16851921617924E+01  0.88083758405815E+01  0.72716078761109E-01  0.28315983385798E-12 -0.65437518849569E+01 -0.92451654203102E+00 -0.45356576761247E-12 -0.38004696967773E+01 -0.25826183852260E-04 -0.15268752475392E+00  0.62549339732945E-12 -0.52193594454711E-13 -0.18757106251317E-02 -0.10288985265663E-02 -0.16635480302283E+01  0.80291640216521E-04 -0.35463797212681E+01  0.12642093605200E-12
   0.66698860800703E+04  0.70586281706516E+03 -0.43143425386843E+03  0.30092837803206E+05 -0.25662923380099E+04  0.93329692133584E+04  0.48096937434434E+04  0.76837061605675E+05  0.51274224593945E+05 -0.39360217524426E+04  0.13153530964755E+04  0.14542805735670E+04  0.80254748984896E+02  0.15317793635960E+02  0.48078459524417E+05 -0.43775218580482E+04  0.33364344804267E+05  0.17347159219055E+05 -0.54499818605222E+05  0.97009155105526E+00  0.88398311233164E+03 -0.22272874366013E+03 -0.64203614004593E+03 -0.16374986632608E+04 -0.25362137282222E+04 -0.16717513242218E+04 -0.24504487490487E+04  0.19898746744315E+04  0.42049486573465E+04 -0.15232321191953E+04 -0.29666831828482E+04 -0.70897732414785E+03  0.21750456990480E+03  0.38976918657000E+03 -0.27725440406867E+04 -0.14817846893327E+04 -0.24831076872723E+04  0.17859818888001E+03 -0.82008380165044E+03 -0.92421802952820E+03
  -0.17823896094565E+04 -0.54937281129635E+02  0.45384055579322E+01 -0.36058635826733E+04  0.31205526373244E+03 -0.11493197318744E+04 -0.59981799363350E+03 -0.97529552181424E+04 -0.24672110340487E+04  0.47210180996144E+03 -0.14427697668890E+03 -0.19969679400248E+03 -0.13317882716533E+02 -0.11794510952323E+01 -0.43775218580482E+04  0.46433569116250E+03 -0.34807275100725E+04 -0.18820227197377E+04  0.63242814707039E+04 -0.66562605484338E+00 -0.12966516850925E+03  0.24043516204510E+02  0.60699845957026E+02  0.18251620128186E+03  0.46372917880830E+03  0.29125979400653E+03  0.27889078485181E+03 -0.16475140179261E+03 -0.47578634633574E+03  0.15527768002423E+03  0.30170968638097E+03  0.77060647936030E+02 -0.58282828723558E+02 -0.10302505430163E+03  0.41553529108757E+03  0.20667165512679E+03 -0.27472808830090E+03 -0.32082700270417E+02  0.23447919362832E+03  0.26281970028843E+03
   0.94770841497305E+04  0.21048269380468E+03 -0.20392879937801E+03  0.25649918985772E+05 -0.21402542571333E+04  0.80730510207243E+04  0.40624773035711E+04  0.75489764585821E+05  0.17518375741328E+05 -0.33797539796314E+04  0.10834908867568E+04  0.15190878250166E+04  0.91820342573564E+02  0.94627856647066E+01  0.33364344804267E+05 -0.34807275100725E+04  0.26465119946273E+05  0.14179393355936E+05 -0.46533997899352E+05 -0.66542553398079E-02  0.90750851173047E+03 -0.25089729109529E+03 -0.68598015489696E+03 -0.17088928986431E+04 -0.25193529758971E+04 -0.16247038012574E+04 -0.23589264879007E+04  0.19911140217144E+04  0.42562079786085E+04 -0.12301337313926E+04 -0.24056831161037E+04 -0.58022468878698E+03  0.79923959538968E+02  0.15499218522917E+03 -0.25217798400605E+04 -0.13547838017180E+04  0.12294282665015E+04  0.21230740742593E+03 -0.15639952735131E+04 -0.17393042524603E+04
   0.69052556135094E+04  0.11197188470485E+03 -0.38902124869816E+02  0.14350843537140E+05 -0.12134124727819E+04  0.45836840303288E+04  0.23342189875050E+04  0.40810321896350E+05  0.84861042898040E+04 -0.19037256714337E+04  0.58919580486298E+03  0.87144196804207E+03  0.57143682274664E+02  0.44802773214299E+01  0.17347159219055E+05 -0.18820227197377E+04  0.14179393355936E+05  0.76976127041832E+04 -0.25886710631818E+05  0.12108816676332E+01  0.55033348555197E+03 -0.13507822768762E+03 -0.34706482114302E+03 -0.91852348354163E+03 -0.17516645980745E+04 -0.10992604062039E+04 -0.11864367308137E+04  0.93269658951321E+03  0.23256135397910E+04 -0.62293699416420E+03 -0.12197681888562E+04 -0.31877467489000E+03  0.10242349995328E+03  0.18961018076848E+03 -0.16127316934579E+04 -0.83325981689134E+03  0.13413235726090E+04  0.14789376369317E+03 -0.10804490103938E+04 -0.12021745733516E+04
  -0.74619712368119E+07  0.25684676709817E+07 -0.38957227405544E+06 -0.22308298448126E+07  0.50222601391749E+06 -0.91439650806201E+05 -0.27105740312133E+06 -0.59134972195500E+06 -0.25072287866440E+05  0.60883488307775E+05 -0.73770796878272E+04 -0.67174698736756E+04 -0.32481583611972E+03 -0.85213281567663E+02 -0.54499818605222E+05  0.63242814707039E+04 -0.46533997899352E+05 -0.25886710631818E+05  0.33313078726385E+08  0.57158203233824E+04  0.80820696349791E+06 -0.18237781172661E+06 -0.53270265516027E+06 -0.26857452669907E+07  0.34170049347765E+05  0.75920809618294E+05 -0.12278375930066E+04  0.56685468994538E+06  0.27654501749734E+07  0.17736472677763E+05  0.31627047290586E+05  0.22627817260523E+03  0.18421569103043E+06  0.80418892267563E+06  0.24925871766035E+05  0.78593767852534E+04 -0.18988063125161E+05  0.44381692932667E+05  0.20647867352766E+05  0.63631362334796E+05
  -0.11283219202502E+04  0.48882805653459E+03 -0.61614430250000E+02 -0.13317349476473E+03  0.52858981707195E+02  0.57697073718644E+02  0.77799721246860E+01  0.39513450088274E+03 -0.92334920059053E+02 -0.11714999110842E+02  0.33046625611186E+01 -0.49611959127793E+01 -0.44492575036599E+00  0.32762931766735E-01  0.97009155105526E+00 -0.66562605484338E+00 -0.66542553398079E-02  0.12108816676332E+01  0.57158203233824E+04  0.20785164654304E+01  0.13102519159422E+03 -0.21031970921041E+02 -0.64502196418337E+02 -0.41280147779195E+03  0.00000000000000E+00 -0.32192753370393E+02  0.00000000000000E+00  0.00000000000000E+00  0.26909700487078E+03  0.00000000000000E+00 -0.57461075119559E+01  0.00000000000000E+00  0.00000000000000E+00  0.18938072048782E+03  0.00000000000000E+00  0.00000000000000E+00  0.00000000000000E+00  0.17138285371089E+02  0.00000000000000E+00 -0.32211556479345E+02
  -0.24893468238524E+06  0.71669165651437E+05 -0.12620962542432E+05 -0.72686968441588E+05  0.15401175388764E+05 -0.61205072952641E+04 -0.10535794305438E+05 -0.32905396864760E+05  0.89165533469936E+03  0.30232394362120E+04 -0.37379528442937E+03 -0.13634739409590E+03  0.75094801965743E+01 -0.54558444658010E+01  0.88398311233164E+03 -0.12966516850925E+03  0.90750851173047E+03  0.55033348555197E+03  0.80820696349791E+06  0.13102519159422E+03  0.36913487535153E+05 -0.97905013921936E+04 -0.26617154033556E+05 -0.12654782111760E+06  0.00000000000000E+00  0.58964902734109E+04  0.00000000000000E+00  0.00000000000000E+00  0.13632775891394E+06  0.00000000000000E+00 -0.13673909639234E+04  0.00000000000000E+00  0.00000000000000E+00  0.27402326781105E+05  0.00000000000000E+00  0.00000000000000E+00  0.00000000000000E+00 -0.49227517741248E+04  0.00000000000000E+00  0.48476764750072E+04
   0.61275625858615E+05 -0.13985618612283E+05  0.29783551438858E+04  0.21510015701782E+05 -0.41333197605870E+04  0.28166367434788E+04  0.34640297909409E+04  0.28079114438996E+05 -0.56791544250314E+04 -0.13712971056096E+04  0.24411305498153E+03 -0.55111226505983E+01  0.11184479568574E+01  0.66637553893705E+00 -0.22272874366013E+03  0.24043516204510E+02 -0.25089729109529E+03 -0.13507822768762E+03 -0.18237781172661E+06 -0.21031970921041E+02 -0.97905013921936E+04  0.31240390584262E+04  0.82963394742757E+04  0.36621123665844E+05 -0.51744579764032E+02 -0.21862679159208E+04  0.28340562728010E+01  0.42460971591032E+03 -0.44205418265628E+05  0.00000000000000E+00 -0.13190831848989E+03  0.00000000000000E+00  0.22037337172154E+04 -0.54253193013875E+04  0.00000000000000E+00  0.00000000000000E+00  0.00000000000000E+00  0.15738906040263E+04 -0.38125196210125E+03 -0.28508425919637E+04
   0.18809668829166E+06 -0.46029462846515E+05  0.91527916835686E+04  0.59148948015207E+05 -0.11339635272760E+05  0.77196668788136E+04  0.93849493135341E+04  0.87443240730304E+05 -0.18847006008446E+05 -0.39690038356388E+04  0.74284709701453E+03  0.15143712584331E+03  0.19471873338662E+02  0.16851921617924E+01 -0.64203614004593E+03  0.60699845957026E+02 -0.68598015489696E+03 -0.34706482114302E+03 -0.53270265516027E+06 -0.64502196418337E+02 -0.26617154033556E+05  0.82963394742757E+04  0.22630393596751E+05  0.98561043405630E+05 -0.16400044579741E+03 -0.54507255651050E+04 -0.42939017098329E+02 -0.67917917347321E+04 -0.12083830278034E+06  0.00000000000000E+00 -0.32664981833572E+03  0.00000000000000E+00  0.31059111503067E+04 -0.16497453652411E+05  0.00000000000000E+00  0.00000000000000E+00  0.00000000000000E+00  0.39218799824444E+04 -0.21069708404627E+04 -0.82636982009196E+04
   0.79305516657080E+06 -0.22041435722533E+06  0.39769013133536E+05  0.25471232330511E+06 -0.51884028796261E+05  0.25484295901046E+05  0.37631550998711E+05  0.24715243296921E+06 -0.46985841799542E+05 -0.13104844539634E+05  0.21894988340607E+04 -0.86250990167645E+03 -0.93867209560591E+02  0.88083758405815E+01 -0.16374986632608E+04  0.18251620128186E+03 -0.17088928986431E+04 -0.91852348354163E+03 -0.26857452669907E+07 -0.41280147779195E+03 -0.12654782111760E+06  0.36621123665844E+05  0.98561043405630E+05  0.46494050470843E+06  0.25133185565257E+03 -0.28124738473693E+05 -0.62559350432064E+01  0.37938567414924E+05 -0.51337956567150E+06  0.00000000000000E+00 -0.17285110057145E+04  0.00000000000000E+00  0.16192143343367E+05 -0.86586998421965E+05  0.00000000000000E+00  0.00000000000000E+00  0.00000000000000E+00  0.20886580235029E+05  0.15600470690064E+04 -0.30512571848329E+05
  -0.12617162487184E+06  0.16545719358515E+05 -0.57131932154107E+04 -0.12711622034986E+05  0.19996055504359E+04 -0.29670543825199E+04 -0.25870548789644E+04 -0.59166984681749E+05  0.11481466851632E+05  0.27691767002990E+04 -0.52417723613848E+03 -0.12080861351737E+04 -0.18164930188902E+03  0.72716078761109E-01 -0.25362137282222E+04  0.46372917880830E+03 -0.25193529758971E+04 -0.17516645980745E+04  0.34170049347765E+05  0.00000000000000E+00  0.00000000000000E+00 -0.51744579764032E+02 -0.16400044579741E+03  0.25133185565257E+03  0.11618734257846E+06  0.00000000000000E+00  0.00000000000000E+00  0.00000000000000E+00  0.00000000000000E+00  0.00000000000000E+00  0.00000000000000E+00  0.00000000000000E+00  0.00000000000000E+00  0.00000000000000E+00  0.00000000000000E+00  0.00000000000000E+00  0.00000000000000E+00  0.00000000000000E+00  0.00000000000000E+00  0.00000000000000E+00
  -0.53590077331817E+05  0.81884328132053E+04 -0.24433902529988E+04 -0.21069555236771E+05  0.33780704813329E+04 -0.45663935669132E+04 -0.40655591010275E+04 -0.47638492095479E+05  0.10868616205594E+05  0.19250612470987E+04 -0.39543415703695E+03  0.31303044567248E-10  0.36962604194530E-12  0.28315983385798E-12 -0.16717513242218E+04  0.29125979400653E+03 -0.16247038012574E+04 -0.10992604062039E+04  0.75920809618294E+05 -0.32192753370393E+02  0.58964902734109E+04 -0.21862679159208E+04 -0.54507255651050E+04 -0.28124738473693E+05  0.00000000000000E+00  0.64576129257310E+05  0.00000000000000E+00  0.00000000000000E+00  0.00000000000000E+00  0.00000000000000E+00  0.00000000000000E+00  0.00000000000000E+00  0.00000000000000E+00  0.00000000000000E+00  0.00000000000000E+00  0.00000000000000E+00  0.00000000000000E+00  0.00000000000000E+00  0.00000000000000E+00  0.00000000000000E+00
  -0.42099061083052E+04 -0.25174189631804E+03  0.58535212981550E+02 -0.49043160435027E+02 -0.58003036371325E+02  0.16673462023102E+03  0.14226303913095E+03 -0.64471259208441E+05  0.23919010485681E+05  0.72397797439853E+03 -0.35292953132997E+03 -0.74507980956058E+03 -0.29308672906316E+02 -0.65437518849569E+01 -0.24504487490487E+04  0.27889078485181E+03 -0.23589264879007E+04 -0.11864367308137E+04 -0.12278375930066E+04  0.00000000000000E+00  0.00000000000000E+00  0.28340562728010E+01 -0.42939017098329E+02 -0.62559350432064E+01  0.00000000000000E+00  0.00000000000000E+00  0.30675992676990E+05  0.00000000000000E+00  0.00000000000000E+00  0.00000000000000E+00  0.00000000000000E+00  0.00000000000000E+00  0.00000000000000E+00  0.00000000000000E+00  0.00000000000000E+00  0.00000000000000E+00  0.00000000000000E+00  0.00000000000000E+00  0.00000000000000E+00  0.00000000000000E+00
  -0.83246548218044E+06  0.20878758786910E+06 -0.40399683479996E+05 -0.65358926589126E+05  0.12065046140914E+05 -0.95380351699518E+04 -0.10543723906741E+05 -0.27434608809876E+06  0.65469098168726E+05  0.11129973673490E+05 -0.22337713877152E+04 -0.53105186214708E+04 -0.63847287074927E+03 -0.92451654203102E+00  0.19898746744315E+04 -0.16475140179261E+03  0.19911140217144E+04  0.93269658951321E+03  0.56685468994538E+06  0.00000000000000E+00  0.00000000000000E+00  0.42460971591032E+03 -0.67917917347321E+04  0.37938567414924E+05  0.00000000000000E+00  0.00000000000000E+00  0.00000000000000E+00  0.57713054886989E+06  0.00000000000000E+00  0.00000000000000E+00  0.00000000000000E+00  0.00000000000000E+00  0.00000000000000E+00  0.00000000000000E+00  0.00000000000000E+00  0.00000000000000E+00  0.00000000000000E+00  0.00000000000000E+00  0.00000000000000E+00  0.00000000000000E+00
  -0.10783309017101E+07  0.26263831550020E+06 -0.52486443561721E+05 -0.33949857504069E+06  0.63642786453732E+05 -0.47630270950351E+05 -0.55204494500019E+05 -0.54742902177207E+06  0.12637088185920E+06  0.23408663250795E+05 -0.45185459146943E+04 -0.24707421061146E-10  0.79092290700782E-11 -0.45356576761247E-12  0.42049486573465E+04 -0.47578634633574E+03  0.42562079786085E+04  0.23256135397910E+04  0.27654501749734E+07  0.26909700487078E+03  0.13632775891394E+06 -0.44205418265628E+05 -0.12083830278034E+06 -0.51337956567150E+06  0.00000000000000E+00  0.00000000000000E+00  0.00000000000000E+00  0.00000000000000E+00  0.91782143389611E+06  0.00000000000000E+00  0.00000000000000E+00  0.00000000000000E+00  0.00000000000000E+00  0.00000000000000E+00  0.00000000000000E+00  0.00000000000000E+00  0.00000000000000E+00  0.00000000000000E+00  0.00000000000000E+00  0.00000000000000E+00
  -0.20464882302606E+05  0.57975734933175E+04 -0.10428488114259E+04 -0.14040002535317E+04  0.34244137617450E+03 -0.18432284538092E+02 -0.18297847107354E+03 -0.70647771308012E+05  0.23131986367370E+05  0.15499350733470E+04 -0.47022293208243E+03 -0.25081775637582E+04 -0.15878309348107E+03 -0.38004696967773E+01 -0.15232321191953E+04  0.15527768002423E+03 -0.12301337313926E+04 -0.62293699416420E+03  0.17736472677763E+05  0.00000000000000E+00  0.00000000000000E+00  0.00000000000000E+00  0.00000000000000E+00  0.00000000000000E+00  0.00000000000000E+00  0.00000000000000E+00  0.00000000000000E+00  0.00000000000000E+00  0.00000000000000E+00  0.14845256727404E+05  0.00000000000000E+00  0.00000000000000E+00  0.00000000000000E+00  0.00000000000000E+00  0.00000000000000E+00  0.00000000000000E+00  0.00000000000000E+00  0.00000000000000E+00  0.00000000000000E+00  0.00000000000000E+00
  -0.46152358301436E+05  0.13223440156951E+05 -0.23627939821263E+04 -0.24790566420117E+04  0.58445465879147E+03 -0.61137089951868E+02 -0.31188804848498E+03 -0.15805304645482E+06  0.51852197320503E+05  0.33941364105713E+04 -0.10522749476099E+04 -0.82760727470336E+02 -0.22196618223036E+02 -0.25826183852260E-04 -0.29666831828482E+04  0.30170968638097E+03 -0.24056831161037E+04 -0.12197681888562E+04  0.31627047290586E+05 -0.57461075119559E+01 -0.13673909639234E+04 -0.13190831848989E+03 -0.32664981833572E+03 -0.17285110057145E+04  0.00000000000000E+00  0.00000000000000E+00  0.00000000000000E+00  0.00000000000000E+00  0.00000000000000E+00  0.00000000000000E+00  0.31997889859427E+05  0.00000000000000E+00  0.00000000000000E+00  0.00000000000000E+00  0.00000000000000E+00  0.00000000000000E+00  0.00000000000000E+00  0.00000000000000E+00  0.00000000000000E+00  0.00000000000000E+00
  -0.30509093627071E+04  0.41909241373219E+03 -0.12189526703987E+03 -0.72646689443591E+02  0.94221171885978E+01 -0.20062670448672E+02 -0.13979773078914E+02 -0.12729126948276E+04  0.17092646496152E+03  0.42958753965186E+02 -0.11738941438284E+02 -0.82837467971967E+02 -0.67874652740543E+01 -0.15268752475392E+00 -0.70897732414785E+03  0.77060647936030E+02 -0.58022468878698E+03 -0.31877467489000E+03  0.22627817260523E+03  0.00000000000000E+00  0.00000000000000E+00  0.00000000000000E+00  0.00000000000000E+00  0.00000000000000E+00  0.00000000000000E+00  0.00000000000000E+00  0.00000000000000E+00  0.00000000000000E+00  0.00000000000000E+00  0.00000000000000E+00  0.00000000000000E+00  0.37819271885699E+04  0.00000000000000E+00  0.00000000000000E+00  0.00000000000000E+00  0.00000000000000E+00  0.00000000000000E+00  0.00000000000000E+00  0.00000000000000E+00  0.00000000000000E+00
  -0.19733960792288E+06  0.63355114591383E+05 -0.10323433357480E+05 -0.11723171250315E+05  0.30342067161968E+04  0.23386896844115E+03 -0.11681121728460E+04 -0.59807017658956E+04  0.64741868098556E+03  0.62881335746587E+03 -0.58015823871557E+02 -0.29567133142674E+00 -0.21376437529165E+00  0.62549339732945E-12  0.21750456990480E+03 -0.58282828723558E+02  0.79923959538968E+02  0.10242349995328E+03  0.18421569103043E+06  0.00000000000000E+00  0.00000000000000E+00  0.22037337172154E+04  0.31059111503067E+04  0.16192143343367E+05  0.00000000000000E+00  0.00000000000000E+00  0.00000000000000E+00  0.00000000000000E+00  0.00000000000000E+00  0.00000000000000E+00  0.00000000000000E+00  0.00000000000000E+00  0.10562191566430E+06  0.00000000000000E+00  0.00000000000000E+00  0.00000000000000E+00  0.00000000000000E+00  0.00000000000000E+00  0.00000000000000E+00  0.00000000000000E+00
  -0.22253411055661E+06  0.70801238443654E+05 -0.11600806137577E+05 -0.52644965042743E+05  0.13389245755572E+05  0.63661914742665E+03 -0.54143101350186E+04 -0.11680751448785E+05  0.13045511015495E+04  0.11868107141476E+04 -0.11301988964612E+03 -0.15125233450579E-09 -0.14225798090236E-10 -0.52193594454711E-13  0.38976918657000E+03 -0.10302505430163E+03  0.15499218522917E+03  0.18961018076848E+03  0.80418892267563E+06  0.18938072048782E+03  0.27402326781105E+05 -0.54253193013875E+04 -0.16497453652411E+05 -0.86586998421965E+05  0.00000000000000E+00  0.00000000000000E+00  0.00000000000000E+00  0.00000000000000E+00  0.00000000000000E+00  0.00000000000000E+00  0.00000000000000E+00  0.00000000000000E+00  0.00000000000000E+00  0.13877026011855E+06  0.00000000000000E+00  0.00000000000000E+00  0.00000000000000E+00  0.00000000000000E+00  0.00000000000000E+00  0.00000000000000E+00
  -0.90734004540829E+04  0.24667357358864E+04 -0.45288987446351E+03 -0.25088480565649E+04  0.48926101194936E+03 -0.30270840200959E+03 -0.39542298481409E+03 -0.27442699718107E+02 -0.11804270311096E+04  0.14056699898924E+03 -0.17597698949855E+02 -0.18616798796560E+01 -0.20076986942994E+00 -0.18757106251317E-02 -0.27725440406867E+04  0.41553529108757E+03 -0.25217798400605E+04 -0.16127316934579E+04  0.24925871766035E+05  0.00000000000000E+00  0.00000000000000E+00  0.00000000000000E+00  0.00000000000000E+00  0.00000000000000E+00  0.00000000000000E+00  0.00000000000000E+00  0.00000000000000E+00  0.00000000000000E+00  0.00000000000000E+00  0.00000000000000E+00  0.00000000000000E+00  0.00000000000000E+00  0.00000000000000E+00  0.00000000000000E+00  0.83294587390932E+04  0.00000000000000E+00  0.00000000000000E+00  0.00000000000000E+00  0.00000000000000E+00  0.00000000000000E+00
  -0.32103166700168E+04  0.78262355544476E+03 -0.15730230983140E+03 -0.97791163621706E+03  0.18084329792071E+03 -0.14907046436924E+03 -0.16546218674955E+03  0.13238452852420E+03 -0.66615212991843E+03  0.62253849174570E+02 -0.82035933686986E+01 -0.79634519936917E+00 -0.77581548782509E-01 -0.10288985265663E-02 -0.14817846893327E+04  0.20667165512679E+03 -0.13547838017180E+04 -0.83325981689134E+03  0.78593767852534E+04  0.00000000000000E+00  0.00000000000000E+00  0.00000000000000E+00  0.00000000000000E+00  0.00000000000000E+00  0.00000000000000E+00  0.00000000000000E+00  0.00000000000000E+00  0.00000000000000E+00  0.00000000000000E+00  0.00000000000000E+00  0.00000000000000E+00  0.00000000000000E+00  0.00000000000000E+00  0.00000000000000E+00  0.00000000000000E+00  0.42661952844210E+04  0.00000000000000E+00  0.00000000000000E+00  0.00000000000000E+00  0.00000000000000E+00
  -0.14485442331626E+05 -0.23890766932063E+04  0.77181436035581E+02 -0.93476626265586E+04  0.31838654525819E+03 -0.30304879217396E+04 -0.12667811540172E+04 -0.25321933719434E+06  0.11107795411794E+06  0.30727613796244E+04 -0.12048553037800E+04  0.29884901164979E+03  0.30397072174610E+02 -0.16635480302283E+01 -0.24831076872723E+04 -0.27472808830090E+03  0.12294282665015E+04  0.13413235726090E+04 -0.18988063125161E+05  0.00000000000000E+00  0.00000000000000E+00  0.00000000000000E+00  0.00000000000000E+00  0.00000000000000E+00  0.00000000000000E+00  0.00000000000000E+00  0.00000000000000E+00  0.00000000000000E+00  0.00000000000000E+00  0.00000000000000E+00  0.00000000000000E+00  0.00000000000000E+00  0.00000000000000E+00  0.00000000000000E+00  0.00000000000000E+00  0.00000000000000E+00  0.12371270751879E+06  0.00000000000000E+00  0.00000000000000E+00  0.00000000000000E+00
   0.16536538926257E+05 -0.22396718819131E+04  0.74879978100676E+03 -0.15529159450737E+05  0.24829830686041E+04 -0.35614652526497E+04 -0.32652821236044E+04 -0.86338797871025E+04  0.16308827388162E+04  0.45576887839280E+03 -0.76611374323864E+02  0.34550972108268E+03  0.78261877582347E+02  0.80291640216521E-04  0.17859818888001E+03 -0.32082700270417E+02  0.21230740742593E+03  0.14789376369317E+03  0.44381692932667E+05  0.17138285371089E+02 -0.49227517741248E+04  0.15738906040263E+04  0.39218799824444E+04  0.20886580235029E+05  0.00000000000000E+00  0.00000000000000E+00  0.00000000000000E+00  0.00000000000000E+00  0.00000000000000E+00  0.00000000000000E+00  0.00000000000000E+00  0.00000000000000E+00  0.00000000000000E+00  0.00000000000000E+00  0.00000000000000E+00  0.00000000000000E+00  0.00000000000000E+00  0.39210815491639E+05  0.00000000000000E+00  0.00000000000000E+00
  -0.70013051015149E+05  0.85097300337774E+04 -0.26297368929276E+04 -0.71539005921450E+04  0.82079353955189E+03 -0.18946304125529E+04 -0.11751363155355E+04 -0.13213171807675E+06  0.43854894615712E+05  0.27840379726084E+04 -0.87660668402086E+03 -0.28418531883072E+04 -0.20685881080705E+03 -0.35463797212681E+01 -0.82008380165044E+03  0.23447919362832E+03 -0.15639952735131E+04 -0.10804490103938E+04  0.20647867352766E+05  0.00000000000000E+00  0.00000000000000E+00 -0.38125196210125E+03 -0.21069708404627E+04  0.15600470690064E+04  0.00000000000000E+00  0.00000000000000E+00  0.00000000000000E+00  0.00000000000000E+00  0.00000000000000E+00  0.00000000000000E+00  0.00000000000000E+00  0.00000000000000E+00  0.00000000000000E+00  0.00000000000000E+00  0.00000000000000E+00  0.00000000000000E+00  0.00000000000000E+00  0.00000000000000E+00  0.94891708585091E+05  0.00000000000000E+00
  -0.55366918746297E+05  0.71496406765368E+04 -0.21387045256485E+04 -0.21214331549098E+05  0.25256494157411E+04 -0.54857847309944E+04 -0.35130000515208E+04 -0.16466799684225E+06  0.54087893689278E+05  0.35582887906854E+04 -0.11020085345061E+04 -0.13720529333097E-11 -0.45260549416499E-11  0.12642093605200E-12 -0.92421802952820E+03  0.26281970028843E+03 -0.17393042524603E+04 -0.12021745733516E+04  0.63631362334796E+05 -0.32211556479345E+02  0.48476764750072E+04 -0.28508425919637E+04 -0.82636982009196E+04 -0.30512571848329E+05  0.00000000000000E+00  0.00000000000000E+00  0.00000000000000E+00  0.00000000000000E+00  0.00000000000000E+00  0.00000000000000E+00  0.00000000000000E+00  0.00000000000000E+00  0.00000000000000E+00  0.00000000000000E+00  0.00000000000000E+00  0.00000000000000E+00  0.00000000000000E+00  0.00000000000000E+00  0.00000000000000E+00  0.99650020814665E+05

 # Covariance matrix (Bevington epsilon)
