# fitpack15: fit parameters                                                                         
# CJ15 AV18 final data choices                                                                      
# Created on 01/23/2020 at 22:22:47                                                                 

 # QCD setup
  INS                           0
  NVL                          11
  IORD                          1
  Q02                   1.6899999999999999     
  IPARAMC                       7
  FLAVOR                4.0000000000000000     
  xmc                   1.3000000000000000     
  xmb                   4.5000000000000000     
  ncb                          12
  ihq                           1
  ias                           0

 # Theory corrections
  inuke                     10814
  itmc                          1
  iht                           1

 # fit parameters
 LAMBDA       0.22680        0.0000    
 a0uv          2.4020        0.0000    
 a1uv         0.61506       0.19920E-01
 a2uv          3.5445       0.12398E-01
 a3uv          0.0000        0.0000    
 a4uv          3.4769       0.43140    
 a5uv          0.0000        0.0000    
 a0dv          24.844        0.0000    
 a1dv          1.1612       0.33428E-01
 a2dv          6.5527       0.15872    
 a3dv         -3.5035       0.85697E-01
 a4dv          4.6736       0.14221    
 a5dv          0.0000        0.0000    
 a0ud         0.14665       0.50363E-02
 a1ud        -0.20773       0.37542E-02
 a2ud          8.3210       0.19200    
 a3ud          0.0000        0.0000    
 a4ud          14.562        1.2230    
 a5ud          0.0000        0.0000    
 a0du          35712.        0.0000    
 a1du          4.0284       0.75672E-01
 a2du          20.097       0.87727    
 a3du          17.000        0.0000    
 a4du          51.298        10.654    
 a0g           45.916        0.0000    
 a1g          0.60482       0.31396E-01
 a2g           6.5748       0.97446    
 a3g          -3.3074       0.13639    
 a4g           3.1899       0.32819    
 a5g           0.0000        0.0000    
 kappa        0.40000        0.0000    
 a6dv        -0.35728E-02   0.66396E-03
 a7dv          2.0000        0.0000    
 off1         -3.7382        1.5191    
 off2         0.57498E-01   0.57041E-01
 ht1          -3.3281       0.26192    
 ht2           1.9418       0.10534    
 ht3          -2.0634       0.18299E-01
 ht4           0.0000        0.0000    
 dummy40       0.0000        0.0000    
 dummy41       0.0000        0.0000    
 dummy42       0.0000        0.0000    
 dummy43       0.0000        0.0000    
 dummy44       0.0000        0.0000    
 dummy45       0.0000        0.0000    
 dummy46       0.0000        0.0000    
 dummy47       0.0000        0.0000    
 dummy48       0.0000        0.0000    
 dummy49       0.0000        0.0000    
 bcdmsh2      0.97326       0.48231E-02
 bcdmsd2      0.99326       0.58303E-02
 ccfr          1.0000        0.0000    
 nutev         1.0000        0.0000    
 zeus         0.97998        0.0000    
 h1            1.0162        0.0000    
 e605          1.0319        0.0000    
 NmcH2         1.0095       0.71222E-02
 ntv_nu        1.0000        0.0000    
 ntv_nubar     1.0000        0.0000    
 cdf_jet      0.98910        0.0000    
 d0_jet       0.83504        0.0000    
 slac_p        1.0050       0.48099E-02
 slac_d        1.0042       0.52720E-02
 e866pp       0.96590       0.19258E-01
 e866pd       0.96366       0.15818E-01
 d0_gamjet     1.0390       0.16481E-01
 h1b          0.97608        0.0000    
 jlab_p       0.99428       0.57858E-02
 jlab_d       0.97546       0.58999E-02
 blank         1.0000        0.0000    
 d0run2       0.94009       0.14105E-01
 cdfrun2      0.92599       0.17209E-01
 HERA_el       1.0000        0.0000    
 HERA_ps       1.0000        0.0000    
 CDF_Z        0.96590       0.65180E-02
 NmcRat        1.0000        0.0000    
 BNS_F2nd     0.98334       0.69247E-02
 HERMES_F2p   0.99844       0.55653E-02
 HERMES_F2d   0.98047       0.58197E-02
 END 0. 0.

 # Hessian matrix (Bevington alpha)
   0.48808909405159E+07 -0.12862814551611E+07  0.23340234112229E+06  0.47932158085142E+06 -0.12611418302649E+06 -0.22550079853251E+05  0.55440880144416E+05  0.89950614752278E+06 -0.17311701457659E+06 -0.48218736463050E+05  0.73503530489246E+04  0.15544544830206E+05  0.17604981254759E+04 -0.11093185649734E+03  0.73940253766450E+04 -0.18893032995956E+04  0.10460158043380E+05  0.75074139276107E+04 -0.74621795776132E+07 -0.13985396986192E+04 -0.21066482457682E+06  0.57313851786213E+05  0.17915073873914E+06  0.74662431081282E+06 -0.12682458529956E+06 -0.53814302148265E+05 -0.43659588896683E+04 -0.83678421078687E+06 -0.10834795890785E+07 -0.20556431707273E+05 -0.46324705810999E+05 -0.30762388362825E+04 -0.19822189309553E+06 -0.22373979963362E+06 -0.91103852762894E+04 -0.32281561983497E+04 -0.14868463996819E+05  0.16564284824092E+05 -0.70459001392620E+05 -0.55628671414236E+05
  -0.12862814551611E+07  0.41292697289139E+06 -0.63599990841962E+05 -0.13501675476117E+06  0.35230592386137E+05  0.86450313668023E+04 -0.12347367215365E+05 -0.12114116711813E+06  0.26399237850283E+05  0.74647814691447E+04 -0.93499907183367E+03 -0.12560278286819E+04 -0.14706455935177E+03  0.13379132402669E+02  0.66185456134687E+03 -0.51738435440272E+02  0.17086206871102E+03  0.94336872866488E+02  0.25617362732358E+07  0.56530830281042E+03  0.60217005450420E+05 -0.12711667530525E+05 -0.43150769262284E+05 -0.20605645394388E+06  0.16568418475630E+05  0.81948015688682E+04 -0.24026936928192E+03  0.20908257787959E+06  0.26323835957938E+06  0.58038640591710E+04  0.13225724061451E+05  0.42093273735634E+03  0.63431706546331E+05  0.71015291158085E+05  0.24694861980536E+04  0.78463257563341E+03 -0.23726830797075E+04 -0.22362881166996E+04  0.85302209449041E+04  0.71594850784011E+04
   0.23340234112229E+06 -0.63599990841962E+05  0.11285702323594E+05  0.23174120024216E+05 -0.61890104525699E+04 -0.13160378852188E+04  0.25972559732328E+04  0.31503875110184E+05 -0.59130070681456E+04 -0.19938814653731E+04  0.26142273014487E+03  0.48625276032523E+03  0.63873935033008E+02 -0.50167875791029E+01 -0.39512298893656E+03  0.56885143025691E+00 -0.18512367310373E+03 -0.26745443005033E+02 -0.37288348649829E+06 -0.71966251338132E+02 -0.10239322648724E+05  0.26682252612334E+04  0.83541352495630E+04  0.35898480601023E+05 -0.55462142957837E+04 -0.23677902587722E+04  0.51344613386995E+02 -0.39014985823372E+05 -0.50692248478804E+05 -0.10048937287207E+04 -0.22744987129444E+04 -0.11884912470480E+03 -0.99251500692991E+04 -0.11169471607497E+05 -0.43652152966148E+03 -0.15203196608145E+03  0.55547370309284E+02  0.72553608308078E+03 -0.25628213885097E+04 -0.20796215016071E+04
   0.47932158085142E+06 -0.13501675476117E+06  0.23174120024216E+05  0.39468294664904E+06 -0.62411576882948E+05  0.75915286647668E+05  0.64895522596408E+05  0.34467647321897E+06 -0.25213721155714E+05 -0.18268880367699E+05  0.33588340059639E+04 -0.13670384353864E+04 -0.15602419647919E+03  0.58016993275842E+02  0.30489159050625E+05 -0.36783544931565E+04  0.27001843246248E+05  0.15091759750277E+05 -0.22234374517318E+07 -0.21071942409615E+03 -0.61640042380960E+05  0.20432620847507E+05  0.56576064387565E+05  0.24104034419012E+06 -0.12765237329547E+05 -0.21134335647968E+05 -0.65066869598653E+02 -0.65638848610724E+05 -0.34038591176282E+06 -0.14132571761751E+04 -0.24879941804441E+04 -0.74013528753334E+02 -0.11725529268064E+05 -0.52599252442609E+05 -0.25149426804486E+04 -0.98182894976830E+03 -0.94462114333847E+04 -0.15661818857207E+05 -0.71797868584203E+04 -0.21255300920527E+05
  -0.12611418302649E+06  0.35230592386137E+05 -0.61890104525699E+04 -0.62411576882948E+05  0.11733838750633E+05 -0.79187366453225E+04 -0.94816919253283E+04 -0.32242895879769E+05  0.33941063345011E+03  0.23937720260467E+04 -0.34190678661893E+03 -0.41714378586150E+02  0.45364887544471E+01 -0.51991648121308E+01 -0.25966837051360E+04  0.31833891064836E+03 -0.22464834637955E+04 -0.12726810991432E+04  0.49167742001855E+06  0.67505891115962E+02  0.12853867066236E+05 -0.38494307492550E+04 -0.10636778021403E+05 -0.48259697255805E+05  0.19994042603099E+04  0.33700176468445E+04 -0.56252002174165E+02  0.11961474100069E+05  0.63106404397914E+05  0.33976809357482E+03  0.57870255127650E+03  0.95739621761399E+01  0.29828902676239E+04  0.13167748768545E+05  0.48389111369084E+03  0.17949165054398E+03  0.33066647467405E+03  0.24932606908894E+04  0.81866173558698E+03  0.25155213773157E+04
  -0.22550079853251E+05  0.86450313668023E+04 -0.13160378852188E+04  0.75915286647668E+05 -0.79187366453225E+04  0.24474147062444E+05  0.14874228464827E+05  0.10498840438776E+06 -0.93233302099851E+04 -0.46224460007068E+04  0.10054226205438E+04 -0.70921187291788E+03 -0.69495246742444E+02  0.19714814808984E+02  0.93045774397901E+04 -0.11523154484391E+04  0.83789786862030E+04  0.47482796921844E+04 -0.68532362143566E+05  0.53027654393833E+02 -0.46087391311537E+04  0.25327985566991E+04  0.69590831428569E+04  0.21937256283605E+05 -0.28277835834831E+04 -0.43389326780098E+04  0.15479663081896E+03 -0.88935860627016E+04 -0.44032323057861E+05 -0.32893532559435E+01 -0.35079831479723E+02 -0.19660456942317E+02  0.33776506483255E+03  0.11403917021757E+04 -0.27562264308349E+03 -0.13874721357891E+03 -0.30342639390301E+04 -0.33853499058848E+04 -0.18535027566573E+04 -0.53455435008506E+04
   0.55440880144416E+05 -0.12347367215365E+05  0.25972559732328E+04  0.64895522596408E+05 -0.94816919253283E+04  0.14874228464827E+05  0.11668501646532E+05  0.58252341943675E+05 -0.29523056803881E+04 -0.32982662188811E+04  0.58824272812647E+03 -0.21501282315237E+03 -0.27425265872031E+02  0.10357786958828E+02  0.48052035455507E+04 -0.60348801882052E+03  0.42187557812359E+04  0.24208956746255E+04 -0.25284298221853E+06 -0.14939993426830E+01 -0.84933429552600E+04  0.31669599199928E+04  0.86165305640829E+04  0.33892674209065E+05 -0.25063095276496E+04 -0.39303915712111E+04  0.13668672211619E+03 -0.10121081093258E+05 -0.52847568234715E+05 -0.17217574064761E+03 -0.29338020523729E+03 -0.13823132496437E+02 -0.10776750135820E+04 -0.49950706388147E+04 -0.37712484829046E+03 -0.15883188372093E+03 -0.12734968198123E+04 -0.31689297028541E+04 -0.11508330600605E+04 -0.34297094695029E+04
   0.89950614752278E+06 -0.12114116711813E+06  0.31503875110184E+05  0.34467647321897E+06 -0.32242895879769E+05  0.10498840438776E+06  0.58252341943675E+05  0.49585847193858E+07 -0.23086319156758E+07 -0.85024471561929E+05  0.25852751681066E+05  0.27213202216423E+05  0.18161906653932E+04  0.10239401791323E+03  0.82189274989293E+05 -0.10407996984646E+05  0.83615037517749E+05  0.45061173619875E+05 -0.57226010863106E+06  0.37313489446488E+03 -0.27769738833344E+05  0.28363904793455E+05  0.88887403185092E+05  0.24588302387668E+06 -0.60367388714262E+05 -0.48577025394124E+05 -0.66723507665602E+05 -0.28033737054730E+06 -0.55654311326872E+06 -0.72520037124020E+05 -0.16217301689456E+06 -0.13282498449131E+04 -0.56882328213896E+04 -0.11169584759412E+05  0.55452222100789E+02  0.16206758198180E+03 -0.26157506864398E+06 -0.85816720294863E+04 -0.13659213699419E+06 -0.16992511056153E+06
  -0.17311701457659E+06  0.26399237850283E+05 -0.59130070681456E+04 -0.25213721155714E+05  0.33941063345011E+03 -0.93233302099851E+04 -0.29523056803881E+04 -0.23086319156758E+07  0.19290099130523E+07  0.18952874252598E+05 -0.65158622106929E+04 -0.58584327678047E+04 -0.32087464423322E+03 -0.14044191537739E+02  0.49860659670487E+05 -0.23424784619841E+04  0.16924151029477E+05  0.81986544916435E+04 -0.27062373981966E+05 -0.91774597628880E+02  0.65180317100304E+03 -0.57334363851057E+04 -0.19078276572809E+05 -0.47144441519696E+05  0.11425600847583E+05  0.10827649829821E+05  0.24091106428965E+05  0.65432768691177E+05  0.12574759815381E+06  0.23161246216994E+05  0.51900814399463E+05  0.17939145316789E+03  0.61364697708580E+03  0.12402821953686E+04 -0.11942267984302E+04 -0.66902507835355E+03  0.11152322563233E+06  0.15795270425059E+04  0.44154607029483E+05  0.54386940625739E+05
  -0.48218736463050E+05  0.74647814691447E+04 -0.19938814653731E+04 -0.18268880367699E+05  0.23937720260467E+04 -0.46224460007068E+04 -0.32982662188811E+04 -0.85024471561929E+05  0.18952874252598E+05  0.26383592318773E+04 -0.64030386552691E+03 -0.70084760401986E+03 -0.61471356039488E+02 -0.19470295944513E+01 -0.39680238830252E+04  0.47915876945315E+03 -0.35472967474501E+04 -0.19956791823858E+04  0.57173293134432E+05 -0.88642167785594E+01  0.24738768049832E+04 -0.13027574507911E+04 -0.37965219313719E+04 -0.12200187330391E+05  0.27311695719594E+04  0.18929298579995E+04  0.72723063361176E+03  0.10921835498531E+05  0.22858628846048E+05  0.15284534088749E+04  0.33470170355023E+04  0.43075470652380E+02  0.57611931557477E+03  0.10929518306824E+04  0.13539755975467E+03  0.60453808574002E+02  0.30819043525087E+04  0.43995482793098E+03  0.27810424892194E+04  0.35445220746732E+04
   0.73503530489246E+04 -0.93499907183367E+03  0.26142273014487E+03  0.33588340059639E+04 -0.34190678661893E+03  0.10054226205438E+04  0.58824272812647E+03  0.25852751681066E+05 -0.65158622106929E+04 -0.64030386552691E+03  0.18108795085579E+03  0.20789088815915E+03  0.15046973468917E+02  0.74882054241476E+00  0.12630472411634E+04 -0.13874416859559E+03  0.10806736142510E+04  0.58598586760286E+03 -0.65089399239700E+04  0.27581210503432E+01 -0.28527724421165E+03  0.22227236980457E+03  0.68178705040881E+03  0.19572176049218E+04 -0.48602675074212E+03 -0.36712805936027E+03 -0.34149148064811E+03 -0.20779605786017E+04 -0.41779683854859E+04 -0.44425088809884E+03 -0.99360242822800E+03 -0.11170339487763E+02 -0.49607802489363E+02 -0.97214393604315E+02 -0.15459761076823E+02 -0.72908046802951E+01 -0.11585615587547E+04 -0.69133116347768E+02 -0.83460969668044E+03 -0.10465136226880E+04
   0.15544544830206E+05 -0.12560278286819E+04  0.48625276032523E+03 -0.13670384353864E+04 -0.41714378586150E+02 -0.70921187291788E+03 -0.21501282315237E+03  0.27213202216423E+05 -0.58584327678047E+04 -0.70084760401986E+03  0.20789088815915E+03  0.18253367572167E+04  0.11881660822808E+03 -0.10060755765345E+01  0.14906181173057E+04 -0.20438998741388E+03  0.16197842046898E+04  0.92402447943866E+03 -0.68450524043551E+04 -0.50992538513834E+01 -0.12213178896985E+03 -0.87259493473946E+01  0.14515524128483E+03 -0.90893796504102E+03 -0.11721008029744E+04 -0.34533191503991E-10 -0.76906610067095E+03 -0.52242314778054E+04  0.27109310857656E-09 -0.25247732067353E+04 -0.75016401709572E+02 -0.83183014980454E+02 -0.22432544413243E+00 -0.43454531658624E-10 -0.18424191853447E+01 -0.79309503157452E+00  0.29915589909465E+03  0.32283358019658E+03 -0.28636442903461E+04 -0.70366864071250E-10
   0.17604981254759E+04 -0.14706455935177E+03  0.63873935033008E+02 -0.15602419647919E+03  0.45364887544471E+01 -0.69495246742444E+02 -0.27425265872031E+02  0.18161906653932E+04 -0.32087464423322E+03 -0.61471356039488E+02  0.15046973468917E+02  0.11881660822808E+03  0.10634847046939E+02 -0.18261025484429E+00  0.80541557359311E+02 -0.13376187224570E+02  0.96211555317674E+02  0.59522546042784E+02 -0.32421394194795E+03 -0.43439048123376E+00  0.63906772784767E+01  0.10080461852670E+01  0.18989461524852E+02 -0.93044853969889E+02 -0.17332162476212E+03 -0.50376690088142E-12 -0.29623596012307E+02 -0.61458959366687E+03 -0.15561238829256E-11 -0.15686925219311E+03 -0.19813982265286E+02 -0.66741193294141E+01 -0.16168209135109E+00 -0.11899253200655E-10 -0.19386585040169E+00 -0.75460334894943E-01  0.29844765039638E+02  0.72471350027312E+02 -0.20478717349567E+03  0.65101031597346E-11
  -0.11093185649734E+03  0.13379132402669E+02 -0.50167875791029E+01  0.58016993275842E+02 -0.51991648121308E+01  0.19714814808984E+02  0.10357786958828E+02  0.10239401791323E+03 -0.14044191537739E+02 -0.19470295944513E+01  0.74882054241476E+00 -0.10060755765345E+01 -0.18261025484429E+00  0.55830605541341E-01  0.15221015542608E+02 -0.11753428320787E+01  0.97396698338631E+01  0.46096444300598E+01 -0.84115345240338E+02  0.26553129007750E-01 -0.46236252195751E+01  0.57229449630557E+00  0.14541421519086E+01  0.75741827348484E+01  0.72115303050795E-01 -0.40446938416245E-12 -0.64613941505823E+01 -0.89928072414132E+00 -0.27093823013268E-11 -0.37092070247633E+01 -0.24027120973106E-04 -0.15064119206177E+00  0.54229358604005E-12 -0.15513373656159E-13 -0.18455281648124E-02 -0.10141147296936E-02 -0.16402525582123E+01  0.74005475943006E-04 -0.34793795981240E+01 -0.34804319069189E-12
   0.73940253766450E+04  0.66185456134687E+03 -0.39512298893656E+03  0.30489159050625E+05 -0.25966837051360E+04  0.93045774397901E+04  0.48052035455507E+04  0.82189274989293E+05  0.49860659670487E+05 -0.39680238830252E+04  0.12630472411634E+04  0.14906181173057E+04  0.80541557359311E+02  0.15221015542608E+02  0.48623146337890E+05 -0.44523547859405E+04  0.35065245558220E+05  0.18228340535176E+05 -0.54910515547441E+05  0.21357808217920E+01  0.75528936958186E+03 -0.20631105335597E+03 -0.59892899226267E+03 -0.14402329708291E+04 -0.25841168630796E+04 -0.17001052784008E+04 -0.24509424338105E+04  0.19708165201484E+04  0.41959013031751E+04 -0.15211514821893E+04 -0.29588969975963E+04 -0.71373247142626E+03  0.23403627737295E+03  0.41871126606974E+03 -0.28097695616688E+04 -0.14980617061720E+04 -0.24750123162162E+04  0.17992596867225E+03 -0.82874780890835E+03 -0.93381219505326E+03
  -0.18893032995956E+04 -0.51738435440272E+02  0.56885143025691E+00 -0.36783544931565E+04  0.31833891064836E+03 -0.11523154484391E+04 -0.60348801882052E+03 -0.10407996984646E+05 -0.23424784619841E+04  0.47915876945315E+03 -0.13874416859559E+03 -0.20438998741388E+03 -0.13376187224570E+02 -0.11753428320787E+01 -0.44523547859405E+04  0.47548370142455E+03 -0.36841771080812E+04 -0.19910726094616E+04  0.64067907272385E+04 -0.85542172306722E+00 -0.11081821200844E+03  0.21015383285960E+02  0.52657443507319E+02  0.15141937421765E+03  0.47553505748992E+03  0.29840100772136E+03  0.28071049468922E+03 -0.16012320716241E+03 -0.47264780500539E+03  0.15623838051619E+03  0.30297580753155E+03  0.78062851566622E+02 -0.62723974464438E+02 -0.11072713820587E+03  0.42509606970993E+03  0.21073128520013E+03 -0.28439064305172E+03 -0.32273388463780E+02  0.23807965363013E+03  0.26679291862947E+03
   0.10460158043380E+05  0.17086206871102E+03 -0.18512367310373E+03  0.27001843246248E+05 -0.22464834637955E+04  0.83789786862030E+04  0.42187557812359E+04  0.83615037517749E+05  0.16924151029477E+05 -0.35472967474501E+04  0.10806736142510E+04  0.16197842046898E+04  0.96211555317674E+02  0.97396698338631E+01  0.35065245558220E+05 -0.36841771080812E+04  0.28984565836692E+05  0.15520920014873E+05 -0.48769272951973E+05  0.10756172063634E+01  0.81130543710075E+03 -0.24860526553746E+03 -0.67850172936918E+03 -0.15886045129723E+04 -0.26585000007920E+04 -0.17112977658803E+04 -0.24656778374478E+04  0.20808891191933E+04  0.44659615283731E+04 -0.12773137175280E+04 -0.24950084677178E+04 -0.60836551740486E+03  0.84313702831592E+02  0.16395024842626E+03 -0.26495596256486E+04 -0.14235167291818E+04  0.13293978537810E+04  0.22467723682306E+03 -0.16530072556219E+04 -0.18367144207499E+04
   0.75074139276107E+04  0.94336872866488E+02 -0.26745443005033E+02  0.15091759750277E+05 -0.12726810991432E+04  0.47482796921844E+04  0.24208956746255E+04  0.45061173619875E+05  0.81986544916435E+04 -0.19956791823858E+04  0.58598586760286E+03  0.92402447943866E+03  0.59522546042784E+02  0.46096444300598E+01  0.18228340535176E+05 -0.19910726094616E+04  0.15520920014873E+05  0.84197355902495E+04 -0.27075455797081E+05  0.19404628167144E+01  0.48948671128218E+03 -0.13121788668072E+03 -0.33492524565889E+03 -0.83332088281115E+03 -0.18450228664512E+04 -0.11562788756418E+04 -0.12378634020938E+04  0.96884518676098E+03  0.24308784894511E+04 -0.64635003416300E+03 -0.12636963175083E+04 -0.33391319186480E+03  0.10997031194703E+03  0.20359664221314E+03 -0.16942025244874E+04 -0.87495103805315E+03  0.14231405926598E+04  0.15561324444463E+03 -0.11355023832007E+04 -0.12625156718432E+04
  -0.74621795776132E+07  0.25617362732358E+07 -0.37288348649829E+06 -0.22234374517318E+07  0.49167742001855E+06 -0.68532362143566E+05 -0.25284298221853E+06 -0.57226010863106E+06 -0.27062373981966E+05  0.57173293134432E+05 -0.65089399239700E+04 -0.68450524043551E+04 -0.32421394194795E+03 -0.84115345240338E+02 -0.54910515547441E+05  0.64067907272385E+04 -0.48769272951973E+05 -0.27075455797081E+05  0.32928859453466E+08  0.65212958779644E+04  0.67306869460914E+06 -0.16711734417880E+06 -0.49627047645760E+06 -0.25009494432756E+07  0.33905464081449E+05  0.75357333448178E+05 -0.11704000505739E+04  0.56348504361799E+06  0.27485872677054E+07  0.17675662164562E+05  0.31472208216467E+05  0.23058224738517E+03  0.18321039926235E+06  0.80011217974339E+06  0.24739752706292E+05  0.78125011033715E+04 -0.18785304480055E+05  0.44107278336249E+05  0.20535346289856E+05  0.63213366052051E+05
  -0.13985396986192E+04  0.56530830281042E+03 -0.71966251338132E+02 -0.21071942409615E+03  0.67505891115962E+02  0.53027654393833E+02 -0.14939993426830E+01  0.37313489446488E+03 -0.91774597628880E+02 -0.88642167785594E+01  0.27581210503432E+01 -0.50992538513834E+01 -0.43439048123376E+00  0.26553129007750E-01  0.21357808217920E+01 -0.85542172306722E+00  0.10756172063634E+01  0.19404628167144E+01  0.65212958779644E+04  0.23830907035465E+01  0.14098110279005E+03 -0.28148942913795E+02 -0.85045707208347E+02 -0.50815159809539E+03  0.00000000000000E+00 -0.25754037475132E+02  0.00000000000000E+00  0.00000000000000E+00  0.41422439540379E+03  0.00000000000000E+00 -0.72230121384142E+01  0.00000000000000E+00  0.00000000000000E+00  0.21799750938515E+03  0.00000000000000E+00  0.00000000000000E+00  0.00000000000000E+00  0.11801331049723E+02  0.00000000000000E+00 -0.26986347738039E+02
  -0.21066482457682E+06  0.60217005450420E+05 -0.10239322648724E+05 -0.61640042380960E+05  0.12853867066236E+05 -0.46087391311537E+04 -0.84933429552600E+04 -0.27769738833344E+05  0.65180317100304E+03  0.24738768049832E+04 -0.28527724421165E+03 -0.12213178896985E+03  0.63906772784767E+01 -0.46236252195751E+01  0.75528936958186E+03 -0.11081821200844E+03  0.81130543710075E+03  0.48948671128218E+03  0.67306869460914E+06  0.14098110279005E+03  0.26253477569936E+05 -0.77714212640304E+04 -0.21270756315727E+05 -0.10045541384440E+06  0.00000000000000E+00  0.50504532704159E+04  0.00000000000000E+00  0.00000000000000E+00  0.11526643816166E+06  0.00000000000000E+00 -0.11536833686506E+04  0.00000000000000E+00  0.00000000000000E+00  0.22983784899326E+05  0.00000000000000E+00  0.00000000000000E+00  0.00000000000000E+00 -0.42062942820227E+04  0.00000000000000E+00  0.41466660073488E+04
   0.57313851786213E+05 -0.12711667530525E+05  0.26682252612334E+04  0.20432620847507E+05 -0.38494307492550E+04  0.25327985566991E+04  0.31669599199928E+04  0.28363904793455E+05 -0.57334363851057E+04 -0.13027574507911E+04  0.22227236980457E+03 -0.87259493473946E+01  0.10080461852670E+01  0.57229449630557E+00 -0.20631105335597E+03  0.21015383285960E+02 -0.24860526553746E+03 -0.13121788668072E+03 -0.16711734417880E+06 -0.28148942913795E+02 -0.77714212640304E+04  0.28386948534232E+04  0.75538615940853E+04  0.32832900169014E+05 -0.52139362282747E+02 -0.21121567109584E+04  0.24735229257429E+01  0.45506136750162E+03 -0.42150074540437E+05  0.00000000000000E+00 -0.16010643321144E+03  0.00000000000000E+00  0.22492998255513E+04 -0.49305205564969E+04  0.00000000000000E+00  0.00000000000000E+00  0.00000000000000E+00  0.15097704986047E+04 -0.39104501683108E+03 -0.28087584459085E+04
   0.17915073873914E+06 -0.43150769262284E+05  0.83541352495630E+04  0.56576064387565E+05 -0.10636778021403E+05  0.69590831428569E+04  0.86165305640829E+04  0.88887403185092E+05 -0.19078276572809E+05 -0.37965219313719E+04  0.68178705040881E+03  0.14515524128483E+03  0.18989461524852E+02  0.14541421519086E+01 -0.59892899226267E+03  0.52657443507319E+02 -0.67850172936918E+03 -0.33492524565889E+03 -0.49627047645760E+06 -0.85045707208347E+02 -0.21270756315727E+05  0.75538615940853E+04  0.20727324400669E+05  0.88816520077792E+05 -0.16429262041638E+03 -0.52672549769077E+04 -0.47520742618194E+02 -0.68199665809844E+04 -0.11587269633973E+06  0.00000000000000E+00 -0.39647793195774E+03  0.00000000000000E+00  0.31471515384495E+04 -0.15358828181726E+05  0.00000000000000E+00  0.00000000000000E+00  0.00000000000000E+00  0.37640257437399E+04 -0.21515012052113E+04 -0.81798570008280E+04
   0.74662431081282E+06 -0.20605645394388E+06  0.35898480601023E+05  0.24104034419012E+06 -0.48259697255805E+05  0.21937256283605E+05  0.33892674209065E+05  0.24588302387668E+06 -0.47144441519696E+05 -0.12200187330391E+05  0.19572176049218E+04 -0.90893796504102E+03 -0.93044853969889E+02  0.75741827348484E+01 -0.14402329708291E+04  0.15141937421765E+03 -0.15886045129723E+04 -0.83332088281115E+03 -0.25009494432756E+07 -0.50815159809539E+03 -0.10045541384440E+06  0.32832900169014E+05  0.88816520077792E+05  0.41607504296835E+06  0.25382651311890E+03 -0.27147540692894E+05 -0.64574678481794E+01  0.38050649882654E+05 -0.48688084696437E+06  0.00000000000000E+00 -0.20980157662527E+04  0.00000000000000E+00  0.16166295109697E+05 -0.80873154624929E+05  0.00000000000000E+00  0.00000000000000E+00  0.00000000000000E+00  0.20052408135257E+05  0.15723328246850E+04 -0.29818446840910E+05
  -0.12682458529956E+06  0.16568418475630E+05 -0.55462142957837E+04 -0.12765237329547E+05  0.19994042603099E+04 -0.28277835834831E+04 -0.25063095276496E+04 -0.60367388714262E+05  0.11425600847583E+05  0.27311695719594E+04 -0.48602675074212E+03 -0.11721008029744E+04 -0.17332162476212E+03  0.72115303050795E-01 -0.25841168630796E+04  0.47553505748992E+03 -0.26585000007920E+04 -0.18450228664512E+04  0.33905464081449E+05  0.00000000000000E+00  0.00000000000000E+00 -0.52139362282747E+02 -0.16429262041638E+03  0.25382651311890E+03  0.11620438916918E+06  0.00000000000000E+00  0.00000000000000E+00  0.00000000000000E+00  0.00000000000000E+00  0.00000000000000E+00  0.00000000000000E+00  0.00000000000000E+00  0.00000000000000E+00  0.00000000000000E+00  0.00000000000000E+00  0.00000000000000E+00  0.00000000000000E+00  0.00000000000000E+00  0.00000000000000E+00  0.00000000000000E+00
  -0.53814302148265E+05  0.81948015688682E+04 -0.23677902587722E+04 -0.21134335647968E+05  0.33700176468445E+04 -0.43389326780098E+04 -0.39303915712111E+04 -0.48577025394124E+05  0.10827649829821E+05  0.18929298579995E+04 -0.36712805936027E+03 -0.34533191503991E-10 -0.50376690088142E-12 -0.40446938416245E-12 -0.17001052784008E+04  0.29840100772136E+03 -0.17112977658803E+04 -0.11562788756418E+04  0.75357333448178E+05 -0.25754037475132E+02  0.50504532704159E+04 -0.21121567109584E+04 -0.52672549769077E+04 -0.27147540692894E+05  0.00000000000000E+00  0.64550138410402E+05  0.00000000000000E+00  0.00000000000000E+00  0.00000000000000E+00  0.00000000000000E+00  0.00000000000000E+00  0.00000000000000E+00  0.00000000000000E+00  0.00000000000000E+00  0.00000000000000E+00  0.00000000000000E+00  0.00000000000000E+00  0.00000000000000E+00  0.00000000000000E+00  0.00000000000000E+00
  -0.43659588896683E+04 -0.24026936928192E+03  0.51344613386995E+02 -0.65066869598653E+02 -0.56252002174165E+02  0.15479663081896E+03  0.13668672211619E+03 -0.66723507665602E+05  0.24091106428965E+05  0.72723063361176E+03 -0.34149148064811E+03 -0.76906610067095E+03 -0.29623596012307E+02 -0.64613941505823E+01 -0.24509424338105E+04  0.28071049468922E+03 -0.24656778374478E+04 -0.12378634020938E+04 -0.11704000505739E+04  0.00000000000000E+00  0.00000000000000E+00  0.24735229257429E+01 -0.47520742618194E+02 -0.64574678481794E+01  0.00000000000000E+00  0.00000000000000E+00  0.30653920139539E+05  0.00000000000000E+00  0.00000000000000E+00  0.00000000000000E+00  0.00000000000000E+00  0.00000000000000E+00  0.00000000000000E+00  0.00000000000000E+00  0.00000000000000E+00  0.00000000000000E+00  0.00000000000000E+00  0.00000000000000E+00  0.00000000000000E+00  0.00000000000000E+00
  -0.83678421078687E+06  0.20908257787959E+06 -0.39014985823372E+05 -0.65638848610724E+05  0.11961474100069E+05 -0.88935860627016E+04 -0.10121081093258E+05 -0.28033737054730E+06  0.65432768691177E+05  0.10921835498531E+05 -0.20779605786017E+04 -0.52242314778054E+04 -0.61458959366687E+03 -0.89928072414132E+00  0.19708165201484E+04 -0.16012320716241E+03  0.20808891191933E+04  0.96884518676098E+03  0.56348504361799E+06  0.00000000000000E+00  0.00000000000000E+00  0.45506136750162E+03 -0.68199665809844E+04  0.38050649882654E+05  0.00000000000000E+00  0.00000000000000E+00  0.00000000000000E+00  0.57732357795439E+06  0.00000000000000E+00  0.00000000000000E+00  0.00000000000000E+00  0.00000000000000E+00  0.00000000000000E+00  0.00000000000000E+00  0.00000000000000E+00  0.00000000000000E+00  0.00000000000000E+00  0.00000000000000E+00  0.00000000000000E+00  0.00000000000000E+00
  -0.10834795890785E+07  0.26323835957938E+06 -0.50692248478804E+05 -0.34038591176282E+06  0.63106404397914E+05 -0.44032323057861E+05 -0.52847568234715E+05 -0.55654311326872E+06  0.12574759815381E+06  0.22858628846048E+05 -0.41779683854859E+04  0.27109310857656E-09 -0.15561238829256E-11 -0.27093823013268E-11  0.41959013031751E+04 -0.47264780500539E+03  0.44659615283731E+04  0.24308784894511E+04  0.27485872677054E+07  0.41422439540379E+03  0.11526643816166E+06 -0.42150074540437E+05 -0.11587269633973E+06 -0.48688084696437E+06  0.00000000000000E+00  0.00000000000000E+00  0.00000000000000E+00  0.00000000000000E+00  0.91744955782337E+06  0.00000000000000E+00  0.00000000000000E+00  0.00000000000000E+00  0.00000000000000E+00  0.00000000000000E+00  0.00000000000000E+00  0.00000000000000E+00  0.00000000000000E+00  0.00000000000000E+00  0.00000000000000E+00  0.00000000000000E+00
  -0.20556431707273E+05  0.58038640591710E+04 -0.10048937287207E+04 -0.14132571761751E+04  0.33976809357482E+03 -0.32893532559435E+01 -0.17217574064761E+03 -0.72520037124020E+05  0.23161246216994E+05  0.15284534088749E+04 -0.44425088809884E+03 -0.25247732067353E+04 -0.15686925219311E+03 -0.37092070247633E+01 -0.15211514821893E+04  0.15623838051619E+03 -0.12773137175280E+04 -0.64635003416300E+03  0.17675662164562E+05  0.00000000000000E+00  0.00000000000000E+00  0.00000000000000E+00  0.00000000000000E+00  0.00000000000000E+00  0.00000000000000E+00  0.00000000000000E+00  0.00000000000000E+00  0.00000000000000E+00  0.00000000000000E+00  0.14760868079100E+05  0.00000000000000E+00  0.00000000000000E+00  0.00000000000000E+00  0.00000000000000E+00  0.00000000000000E+00  0.00000000000000E+00  0.00000000000000E+00  0.00000000000000E+00  0.00000000000000E+00  0.00000000000000E+00
  -0.46324705810999E+05  0.13225724061451E+05 -0.22744987129444E+04 -0.24879941804441E+04  0.57870255127650E+03 -0.35079831479723E+02 -0.29338020523729E+03 -0.16217301689456E+06  0.51900814399463E+05  0.33470170355023E+04 -0.99360242822800E+03 -0.75016401709572E+02 -0.19813982265286E+02 -0.24027120973106E-04 -0.29588969975963E+04  0.30297580753155E+03 -0.24950084677178E+04 -0.12636963175083E+04  0.31472208216467E+05 -0.72230121384142E+01 -0.11536833686506E+04 -0.16010643321144E+03 -0.39647793195774E+03 -0.20980157662527E+04  0.00000000000000E+00  0.00000000000000E+00  0.00000000000000E+00  0.00000000000000E+00  0.00000000000000E+00  0.00000000000000E+00  0.31792370687621E+05  0.00000000000000E+00  0.00000000000000E+00  0.00000000000000E+00  0.00000000000000E+00  0.00000000000000E+00  0.00000000000000E+00  0.00000000000000E+00  0.00000000000000E+00  0.00000000000000E+00
  -0.30762388362825E+04  0.42093273735634E+03 -0.11884912470480E+03 -0.74013528753334E+02  0.95739621761399E+01 -0.19660456942317E+02 -0.13823132496437E+02 -0.13282498449131E+04  0.17939145316789E+03  0.43075470652380E+02 -0.11170339487763E+02 -0.83183014980454E+02 -0.66741193294141E+01 -0.15064119206177E+00 -0.71373247142626E+03  0.78062851566622E+02 -0.60836551740486E+03 -0.33391319186480E+03  0.23058224738517E+03  0.00000000000000E+00  0.00000000000000E+00  0.00000000000000E+00  0.00000000000000E+00  0.00000000000000E+00  0.00000000000000E+00  0.00000000000000E+00  0.00000000000000E+00  0.00000000000000E+00  0.00000000000000E+00  0.00000000000000E+00  0.00000000000000E+00  0.37857745716280E+04  0.00000000000000E+00  0.00000000000000E+00  0.00000000000000E+00  0.00000000000000E+00  0.00000000000000E+00  0.00000000000000E+00  0.00000000000000E+00  0.00000000000000E+00
  -0.19822189309553E+06  0.63431706546331E+05 -0.99251500692991E+04 -0.11725529268064E+05  0.29828902676239E+04  0.33776506483255E+03 -0.10776750135820E+04 -0.56882328213896E+04  0.61364697708580E+03  0.57611931557477E+03 -0.49607802489363E+02 -0.22432544413243E+00 -0.16168209135109E+00  0.54229358604005E-12  0.23403627737295E+03 -0.62723974464438E+02  0.84313702831592E+02  0.10997031194703E+03  0.18321039926235E+06  0.00000000000000E+00  0.00000000000000E+00  0.22492998255513E+04  0.31471515384495E+04  0.16166295109697E+05  0.00000000000000E+00  0.00000000000000E+00  0.00000000000000E+00  0.00000000000000E+00  0.00000000000000E+00  0.00000000000000E+00  0.00000000000000E+00  0.00000000000000E+00  0.10553803850643E+06  0.00000000000000E+00  0.00000000000000E+00  0.00000000000000E+00  0.00000000000000E+00  0.00000000000000E+00  0.00000000000000E+00  0.00000000000000E+00
  -0.22373979963362E+06  0.71015291158085E+05 -0.11169471607497E+05 -0.52599252442609E+05  0.13167748768545E+05  0.11403917021757E+04 -0.49950706388147E+04 -0.11169584759412E+05  0.12402821953686E+04  0.10929518306824E+04 -0.97214393604315E+02 -0.43454531658624E-10 -0.11899253200655E-10 -0.15513373656159E-13  0.41871126606974E+03 -0.11072713820587E+03  0.16395024842626E+03  0.20359664221314E+03  0.80011217974339E+06  0.21799750938515E+03  0.22983784899326E+05 -0.49305205564969E+04 -0.15358828181726E+05 -0.80873154624929E+05  0.00000000000000E+00  0.00000000000000E+00  0.00000000000000E+00  0.00000000000000E+00  0.00000000000000E+00  0.00000000000000E+00  0.00000000000000E+00  0.00000000000000E+00  0.00000000000000E+00  0.13867344786787E+06  0.00000000000000E+00  0.00000000000000E+00  0.00000000000000E+00  0.00000000000000E+00  0.00000000000000E+00  0.00000000000000E+00
  -0.91103852762894E+04  0.24694861980536E+04 -0.43652152966148E+03 -0.25149426804486E+04  0.48389111369084E+03 -0.27562264308349E+03 -0.37712484829046E+03  0.55452222100789E+02 -0.11942267984302E+04  0.13539755975467E+03 -0.15459761076823E+02 -0.18424191853447E+01 -0.19386585040169E+00 -0.18455281648124E-02 -0.28097695616688E+04  0.42509606970993E+03 -0.26495596256486E+04 -0.16942025244874E+04  0.24739752706292E+05  0.00000000000000E+00  0.00000000000000E+00  0.00000000000000E+00  0.00000000000000E+00  0.00000000000000E+00  0.00000000000000E+00  0.00000000000000E+00  0.00000000000000E+00  0.00000000000000E+00  0.00000000000000E+00  0.00000000000000E+00  0.00000000000000E+00  0.00000000000000E+00  0.00000000000000E+00  0.00000000000000E+00  0.83213225783514E+04  0.00000000000000E+00  0.00000000000000E+00  0.00000000000000E+00  0.00000000000000E+00  0.00000000000000E+00
  -0.32281561983497E+04  0.78463257563341E+03 -0.15203196608145E+03 -0.98182894976830E+03  0.17949165054398E+03 -0.13874721357891E+03 -0.15883188372093E+03  0.16206758198180E+03 -0.66902507835355E+03  0.60453808574002E+02 -0.72908046802951E+01 -0.79309503157452E+00 -0.75460334894943E-01 -0.10141147296936E-02 -0.14980617061720E+04  0.21073128520013E+03 -0.14235167291818E+04 -0.87495103805315E+03  0.78125011033715E+04  0.00000000000000E+00  0.00000000000000E+00  0.00000000000000E+00  0.00000000000000E+00  0.00000000000000E+00  0.00000000000000E+00  0.00000000000000E+00  0.00000000000000E+00  0.00000000000000E+00  0.00000000000000E+00  0.00000000000000E+00  0.00000000000000E+00  0.00000000000000E+00  0.00000000000000E+00  0.00000000000000E+00  0.00000000000000E+00  0.42666430297250E+04  0.00000000000000E+00  0.00000000000000E+00  0.00000000000000E+00  0.00000000000000E+00
  -0.14868463996819E+05 -0.23726830797075E+04  0.55547370309284E+02 -0.94462114333847E+04  0.33066647467405E+03 -0.30342639390301E+04 -0.12734968198123E+04 -0.26157506864398E+06  0.11152322563233E+06  0.30819043525087E+04 -0.11585615587547E+04  0.29915589909465E+03  0.29844765039638E+02 -0.16402525582123E+01 -0.24750123162162E+04 -0.28439064305172E+03  0.13293978537810E+04  0.14231405926598E+04 -0.18785304480055E+05  0.00000000000000E+00  0.00000000000000E+00  0.00000000000000E+00  0.00000000000000E+00  0.00000000000000E+00  0.00000000000000E+00  0.00000000000000E+00  0.00000000000000E+00  0.00000000000000E+00  0.00000000000000E+00  0.00000000000000E+00  0.00000000000000E+00  0.00000000000000E+00  0.00000000000000E+00  0.00000000000000E+00  0.00000000000000E+00  0.00000000000000E+00  0.12380854077887E+06  0.00000000000000E+00  0.00000000000000E+00  0.00000000000000E+00
   0.16564284824092E+05 -0.22362881166996E+04  0.72553608308078E+03 -0.15661818857207E+05  0.24932606908894E+04 -0.33853499058848E+04 -0.31689297028541E+04 -0.85816720294863E+04  0.15795270425059E+04  0.43995482793098E+03 -0.69133116347768E+02  0.32283358019658E+03  0.72471350027312E+02  0.74005475943006E-04  0.17992596867225E+03 -0.32273388463780E+02  0.22467723682306E+03  0.15561324444463E+03  0.44107278336249E+05  0.11801331049723E+02 -0.42062942820227E+04  0.15097704986047E+04  0.37640257437399E+04  0.20052408135257E+05  0.00000000000000E+00  0.00000000000000E+00  0.00000000000000E+00  0.00000000000000E+00  0.00000000000000E+00  0.00000000000000E+00  0.00000000000000E+00  0.00000000000000E+00  0.00000000000000E+00  0.00000000000000E+00  0.00000000000000E+00  0.00000000000000E+00  0.00000000000000E+00  0.39252340466802E+05  0.00000000000000E+00  0.00000000000000E+00
  -0.70459001392620E+05  0.85302209449041E+04 -0.25628213885097E+04 -0.71797868584203E+04  0.81866173558698E+03 -0.18535027566573E+04 -0.11508330600605E+04 -0.13659213699419E+06  0.44154607029483E+05  0.27810424892194E+04 -0.83460969668044E+03 -0.28636442903461E+04 -0.20478717349567E+03 -0.34793795981240E+01 -0.82874780890835E+03  0.23807965363013E+03 -0.16530072556219E+04 -0.11355023832007E+04  0.20535346289856E+05  0.00000000000000E+00  0.00000000000000E+00 -0.39104501683108E+03 -0.21515012052113E+04  0.15723328246850E+04  0.00000000000000E+00  0.00000000000000E+00  0.00000000000000E+00  0.00000000000000E+00  0.00000000000000E+00  0.00000000000000E+00  0.00000000000000E+00  0.00000000000000E+00  0.00000000000000E+00  0.00000000000000E+00  0.00000000000000E+00  0.00000000000000E+00  0.00000000000000E+00  0.00000000000000E+00  0.94883081974033E+05  0.00000000000000E+00
  -0.55628671414236E+05  0.71594850784011E+04 -0.20796215016071E+04 -0.21255300920527E+05  0.25155213773157E+04 -0.53455435008506E+04 -0.34297094695029E+04 -0.16992511056153E+06  0.54386940625739E+05  0.35445220746732E+04 -0.10465136226880E+04 -0.70366864071250E-10  0.65101031597346E-11 -0.34804319069189E-12 -0.93381219505326E+03  0.26679291862947E+03 -0.18367144207499E+04 -0.12625156718432E+04  0.63213366052051E+05 -0.26986347738039E+02  0.41466660073488E+04 -0.28087584459085E+04 -0.81798570008280E+04 -0.29818446840910E+05  0.00000000000000E+00  0.00000000000000E+00  0.00000000000000E+00  0.00000000000000E+00  0.00000000000000E+00  0.00000000000000E+00  0.00000000000000E+00  0.00000000000000E+00  0.00000000000000E+00  0.00000000000000E+00  0.00000000000000E+00  0.00000000000000E+00  0.00000000000000E+00  0.00000000000000E+00  0.00000000000000E+00  0.99559264573712E+05

 # Covariance matrix (Bevington epsilon)
