# fitpack15: fit parameters                                                                         
# CJ15 AV18 final data choices                                                                      
# Created on 01/23/2020 at 21:45:29                                                                 

 # QCD setup
  INS                           0
  NVL                          11
  IORD                          1
  Q02                   1.6899999999999999     
  IPARAMC                       7
  FLAVOR                4.0000000000000000     
  xmc                   1.3000000000000000     
  xmb                   4.5000000000000000     
  ncb                          12
  ihq                           1
  ias                           0

 # Theory corrections
  inuke                     10814
  itmc                          1
  iht                           1

 # fit parameters
 LAMBDA       0.22680        0.0000    
 a0uv          2.3885        0.0000    
 a1uv         0.61320       0.19942E-01
 a2uv          3.5404       0.12403E-01
 a3uv          0.0000        0.0000    
 a4uv          3.4767       0.43236    
 a5uv          0.0000        0.0000    
 a0dv          25.945        0.0000    
 a1dv          1.1697       0.32787E-01
 a2dv          6.5722       0.15730    
 a3dv         -3.5193       0.82747E-01
 a4dv          4.6522       0.13762    
 a5dv          0.0000        0.0000    
 a0ud         0.14448       0.49833E-02
 a1ud        -0.20943       0.37641E-02
 a2ud          8.2287       0.19100    
 a3ud          0.0000        0.0000    
 a4ud          14.603        1.2298    
 a5ud          0.0000        0.0000    
 a0du          35712.        0.0000    
 a1du          4.0445       0.76788E-01
 a2du          19.952       0.87079    
 a3du          17.000        0.0000    
 a4du          51.921        10.914    
 a0g           46.900        0.0000    
 a1g          0.60908       0.30807E-01
 a2g           6.4855       0.93939    
 a3g          -3.3180       0.13028    
 a4g           3.1783       0.30702    
 a5g           0.0000        0.0000    
 kappa        0.40000        0.0000    
 a6dv        -0.34066E-02   0.62875E-03
 a7dv          2.0000        0.0000    
 off1         -3.7443        1.5197    
 off2         0.59111E-01   0.55541E-01
 ht1          -3.2892       0.25682    
 ht2           1.9224       0.10434    
 ht3          -2.0693       0.18261E-01
 ht4           0.0000        0.0000    
 dummy40       0.0000        0.0000    
 dummy41       0.0000        0.0000    
 dummy42       0.0000        0.0000    
 dummy43       0.0000        0.0000    
 dummy44       0.0000        0.0000    
 dummy45       0.0000        0.0000    
 dummy46       0.0000        0.0000    
 dummy47       0.0000        0.0000    
 dummy48       0.0000        0.0000    
 dummy49       0.0000        0.0000    
 bcdmsh2      0.97283       0.48205E-02
 bcdmsd2      0.99283       0.58302E-02
 ccfr          1.0000        0.0000    
 nutev         1.0000        0.0000    
 zeus         0.97998        0.0000    
 h1            1.0162        0.0000    
 e605          1.0319        0.0000    
 NmcH2         1.0086       0.71173E-02
 ntv_nu        1.0000        0.0000    
 ntv_nubar     1.0000        0.0000    
 cdf_jet      0.98910        0.0000    
 d0_jet       0.83504        0.0000    
 slac_p        1.0047       0.48129E-02
 slac_d        1.0038       0.52769E-02
 e866pp       0.96901       0.19318E-01
 e866pd       0.96530       0.15865E-01
 d0_gamjet     1.0379       0.16469E-01
 h1b          0.97608        0.0000    
 jlab_p       0.99422       0.57914E-02
 jlab_d       0.97520       0.59079E-02
 blank         1.0000        0.0000    
 d0run2       0.93971       0.14130E-01
 cdfrun2      0.92524       0.17208E-01
 HERA_el       1.0000        0.0000    
 HERA_ps       1.0000        0.0000    
 CDF_Z        0.96538       0.65150E-02
 NmcRat        1.0000        0.0000    
 BNS_F2nd     0.98359       0.69288E-02
 HERMES_F2p   0.99789       0.55641E-02
 HERMES_F2d   0.97989       0.58203E-02
 END 0. 0.

 # Hessian matrix (Bevington alpha)
   0.48979706318967E+07 -0.12888140574343E+07  0.23395948794259E+06  0.47965450725676E+06 -0.12620992736874E+06 -0.22075976998034E+05  0.57204579951161E+05  0.93826300036263E+06 -0.17674569713382E+06 -0.49893449031230E+05  0.75447236643219E+04  0.15744440930564E+05  0.17987943049831E+04 -0.10913286453701E+03  0.77096627746609E+04 -0.19485807966275E+04  0.11459426085177E+05  0.81197582573291E+04 -0.78097329777346E+07 -0.13207253830917E+04 -0.22348932565668E+06  0.58194664311320E+05  0.18217641585673E+06  0.76405733342306E+06 -0.12707707836958E+06 -0.53936561986614E+05 -0.44801677442828E+04 -0.83856368585734E+06 -0.10859954900105E+07 -0.20502903288944E+05 -0.46243848711569E+05 -0.30881840051103E+04 -0.19859119809213E+06 -0.22425155922476E+06 -0.91349943823923E+04 -0.32410533547668E+04 -0.15054734810503E+05  0.16606424172733E+05 -0.70740493304869E+05 -0.55862550950137E+05
  -0.12888140574343E+07  0.41310741276520E+06 -0.63657871137522E+05 -0.13488336263033E+06  0.35190373011059E+05  0.86597027217450E+04 -0.12678771008232E+05 -0.12662809147836E+06  0.26732322928537E+05  0.77920324561540E+04 -0.96580627291847E+03 -0.12709297953029E+04 -0.15091930409405E+03  0.13169175046531E+02  0.65055651902153E+03 -0.49888681355251E+02  0.15333622251018E+03  0.86169840384150E+02  0.26764673159837E+07  0.54259708156469E+03  0.63853153658869E+05 -0.12895882440826E+05 -0.43909179547776E+05 -0.21089565330719E+06  0.16568837493728E+05  0.81961054029319E+04 -0.23349499201736E+03  0.20923913464953E+06  0.26337565143136E+06  0.57685045577890E+04  0.13163554134734E+05  0.42188976211197E+03  0.63440216607481E+05  0.71035452102543E+05  0.24730418567254E+04  0.78665625301652E+03 -0.23631373033446E+04 -0.22384211354223E+04  0.85509238573232E+04  0.71764888673293E+04
   0.23395948794259E+06 -0.63657871137522E+05  0.11300467739795E+05  0.23157531914732E+05 -0.61859482710402E+04 -0.13029493768988E+04  0.26744399948980E+04  0.32985499634182E+05 -0.60351003589189E+04 -0.20681106939957E+04  0.26951625389597E+03  0.49539374264165E+03  0.65477810481037E+02 -0.49290536817360E+01 -0.38577452514310E+03 -0.13369259185902E+01 -0.17671264633536E+03 -0.18796666741999E+02 -0.38980565756109E+06 -0.68126561928228E+02 -0.10851348532937E+05  0.27056060023958E+04  0.84866119557629E+04  0.36707125085619E+05 -0.55501149787154E+04 -0.23699669695701E+04  0.48479124720015E+02 -0.39056383011059E+05 -0.50749217776940E+05 -0.10005663666162E+04 -0.22671867770794E+04 -0.11914437733616E+03 -0.99335993801678E+04 -0.11182369189780E+05 -0.43725250213717E+03 -0.15247137094712E+03  0.51882166496422E+02  0.72638674609481E+03 -0.25699040698578E+04 -0.20856379413455E+04
   0.47965450725676E+06 -0.13488336263033E+06  0.23157531914732E+05  0.39384212587909E+06 -0.62298357610288E+05  0.78899336393752E+05  0.66801071599964E+05  0.35821274627361E+06 -0.27227435641774E+05 -0.18700033663776E+05  0.34110200588157E+04 -0.14148260906844E+04 -0.15779559534300E+03  0.56929462528356E+02  0.30567814247354E+05 -0.37038927354707E+04  0.28373089540714E+05  0.15840958703896E+05 -0.23212764976530E+07 -0.18704006903487E+03 -0.65076491320978E+05  0.20688862675644E+05  0.57282378373584E+05  0.24512616713138E+06 -0.12739488609389E+05 -0.21099479777945E+05 -0.71734854508297E+02 -0.65514896282761E+05 -0.33996939657156E+06 -0.14047788474340E+04 -0.24925517552575E+04 -0.74470004148595E+02 -0.11719021918051E+05 -0.52600249412197E+05 -0.25123363096705E+04 -0.98216138097613E+03 -0.94095479607762E+04 -0.15600607116612E+05 -0.71777655217997E+04 -0.21249935505623E+05
  -0.12620992736874E+06  0.35190373011059E+05 -0.61859482710402E+04 -0.62298357610288E+05  0.11714491384079E+05 -0.82821818741248E+04 -0.97617092757568E+04 -0.34010141792943E+05  0.58621041933527E+03  0.24730655337668E+04 -0.35101143279865E+03 -0.35084750914487E+02  0.47515865750136E+01 -0.51015325918131E+01 -0.26101444066988E+04  0.32194165895665E+03 -0.23665222635161E+04 -0.13398668417278E+04  0.51311311338670E+06  0.62509673135885E+02  0.13581554445699E+05 -0.39005855017253E+04 -0.10784764913361E+05 -0.49156630594466E+05  0.19974628204590E+04  0.33673187181726E+04 -0.55722370944370E+02  0.11949223174774E+05  0.63063896443715E+05  0.33681898983131E+03  0.57682316277335E+03  0.96509401194299E+01  0.29819620167045E+04  0.13167293228108E+05  0.48370510728999E+03  0.17966818457359E+03  0.32920387846189E+03  0.24857823097003E+04  0.81962860940429E+03  0.25180094957896E+04
  -0.22075976998034E+05  0.86597027217450E+04 -0.13029493768988E+04  0.78899336393752E+05 -0.82821818741248E+04  0.26315636539243E+05  0.15961492856270E+05  0.11229269157708E+06 -0.10164299728575E+05 -0.48762051958420E+04  0.10523991379558E+04 -0.74223822603327E+03 -0.72156385228900E+02  0.20003965613861E+02  0.96294005124831E+04 -0.11979265320977E+04  0.90946569480847E+04  0.51495899067177E+04 -0.78269880184381E+05  0.56445606831876E+02 -0.51259152585726E+04  0.26896219261016E+04  0.73687182659734E+04  0.23363611126368E+05 -0.29501378063853E+04 -0.45265261857415E+04  0.16364729058723E+03 -0.92941434013189E+04 -0.46111468963026E+05 -0.78698176719213E+01 -0.46341205855151E+02 -0.20539526561865E+02  0.33484321259821E+03  0.11063244010480E+04 -0.28951470497485E+03 -0.14551502821012E+03 -0.31152892482794E+04 -0.35289852280030E+04 -0.19185067126094E+04 -0.55366328489252E+04
   0.57204579951161E+05 -0.12678771008232E+05  0.26744399948980E+04  0.66801071599964E+05 -0.97617092757568E+04  0.15961492856270E+05  0.12413761819284E+05  0.62567695537024E+05 -0.34124566993740E+04 -0.34814876029323E+04  0.61687568140476E+03 -0.22987181219789E+03 -0.28516093965787E+02  0.10466503821176E+02  0.49644873211362E+04 -0.62688392067318E+03  0.45704972051114E+04  0.26211676726829E+04 -0.27183253859760E+06  0.20533419130073E+01 -0.92332691096919E+04  0.33094791800306E+04  0.89940431151584E+04  0.35505517821567E+05 -0.25880716144009E+04 -0.40574476072289E+04  0.14152192347771E+03 -0.10427499739406E+05 -0.54487937300733E+05 -0.17660024982929E+03 -0.30340286638040E+03 -0.14353701678772E+02 -0.11039392536206E+04 -0.51245291135343E+04 -0.38885738142444E+03 -0.16408826731358E+03 -0.13060033074259E+04 -0.32675349298958E+04 -0.11860525791813E+04 -0.35354406303698E+04
   0.93826300036263E+06 -0.12662809147836E+06  0.32985499634182E+05  0.35821274627361E+06 -0.34010141792943E+05  0.11229269157708E+06  0.62567695537024E+05  0.51409566561998E+07 -0.23492656168880E+07 -0.88002981923322E+05  0.26486031355565E+05  0.27517231019281E+05  0.18684710773500E+04  0.10149109823228E+03  0.85066210130974E+05 -0.10811512885853E+05  0.90552912102372E+05  0.48768639197424E+05 -0.64295388921216E+06  0.39270369093762E+03 -0.31270074733728E+05  0.29656274312952E+05  0.92738110616515E+05  0.25638666088640E+06 -0.62458364686915E+05 -0.50100107499838E+05 -0.67675329966870E+05 -0.28885527327112E+06 -0.57445600099345E+06 -0.73602223974075E+05 -0.16466149615275E+06 -0.13727377622229E+04 -0.61376713014973E+04 -0.12018348283233E+05 -0.31422357008160E+02  0.11968207965658E+03 -0.26537677210531E+06 -0.89441083712983E+04 -0.13940538318479E+06 -0.17331084382829E+06
  -0.17674569713382E+06  0.26732322928537E+05 -0.60351003589189E+04 -0.27227435641774E+05  0.58621041933527E+03 -0.10164299728575E+05 -0.34124566993740E+04 -0.23492656168880E+07  0.19317476263291E+07  0.19284393987703E+05 -0.65629733753203E+04 -0.58338688787114E+04 -0.32448833532630E+03 -0.13792484925387E+02  0.48839386317843E+05 -0.22414195416819E+04  0.16687424740116E+05  0.80715729409968E+04 -0.22997333968165E+05 -0.93129166057125E+02  0.94340718061447E+03 -0.58666564488335E+04 -0.19509632595506E+05 -0.47827593499830E+05  0.11640659904467E+05  0.10970426443679E+05  0.24020011553097E+05  0.66135785080160E+05  0.12725887012724E+06  0.23096671289954E+05  0.51771955087983E+05  0.18688261424355E+03  0.65031937890660E+03  0.13101707535052E+04 -0.11743066324456E+04 -0.65757403578730E+03  0.11127474789206E+06  0.16185742619379E+04  0.44316373262176E+05  0.54536696848443E+05
  -0.49893449031230E+05  0.77920324561540E+04 -0.20681106939957E+04 -0.18700033663776E+05  0.24730655337668E+04 -0.48762051958420E+04 -0.34814876029323E+04 -0.88002981923322E+05  0.19284393987703E+05  0.27178532933166E+04 -0.65241578907108E+03 -0.70440301722185E+03 -0.62850629373740E+02 -0.19064790499847E+01 -0.40114160286329E+04  0.48678371008389E+03 -0.37630434629363E+04 -0.21147254012664E+04  0.62586427550003E+05 -0.97144506384415E+01  0.27111284106899E+04 -0.13538372538326E+04 -0.39355594962832E+04 -0.12726735535602E+05  0.27919958170272E+04  0.19342822824249E+04  0.73193608864170E+03  0.11180651977062E+05  0.23443997677280E+05  0.15436002838715E+04  0.33815027226279E+04  0.43815727072451E+02  0.61360404192149E+03  0.11614542048379E+04  0.14002594520295E+03  0.62479819139940E+02  0.31004667236434E+04  0.45266090133597E+03  0.28130945797127E+04  0.35850779450917E+04
   0.75447236643219E+04 -0.96580627291847E+03  0.26951625389597E+03  0.34110200588157E+04 -0.35101143279865E+03  0.10523991379558E+04  0.61687568140476E+03  0.26486031355565E+05 -0.65629733753203E+04 -0.65241578907108E+03  0.18273695970393E+03  0.20686377107532E+03  0.15230133920940E+02  0.72860735976834E+00  0.12678403488644E+04 -0.13993351369730E+03  0.11371323254183E+04  0.61622356171676E+03 -0.70825805324453E+04  0.28810621234981E+01 -0.31238302618900E+03  0.22895342174702E+03  0.70050554926760E+03  0.20136741013801E+04 -0.49431617973289E+03 -0.37264097300252E+03 -0.34165085824821E+03 -0.21084668930732E+04 -0.42470664834083E+04 -0.44430794678520E+03 -0.99424792419600E+03 -0.11301604957312E+02 -0.52626161940260E+02 -0.10284580185360E+03 -0.16047428265380E+02 -0.75766703665282E+01 -0.11590756491014E+04 -0.70871271747938E+02 -0.83887640441032E+03 -0.10513276798246E+04
   0.15744440930564E+05 -0.12709297953029E+04  0.49539374264165E+03 -0.14148260906844E+04 -0.35084750914487E+02 -0.74223822603327E+03 -0.22987181219789E+03  0.27517231019281E+05 -0.58338688787114E+04 -0.70440301722185E+03  0.20686377107532E+03  0.17928893509281E+04  0.11851542675298E+03 -0.10988141279425E+01  0.14606024470767E+04 -0.20226777983027E+03  0.16796202420928E+04  0.95731922097476E+03 -0.69716105589244E+04 -0.50676474078858E+01 -0.12022050679368E+03 -0.54877636218721E+01  0.15590730295548E+03 -0.90275568262228E+03 -0.11937207713140E+04  0.10520025726705E-10 -0.75274481823044E+03 -0.52665852719224E+04 -0.15030452193962E-09 -0.24812428625662E+04 -0.78615684467643E+02 -0.82892162874479E+02 -0.25699632419376E+00 -0.37891848052673E-10 -0.18495668894878E+01 -0.79413887871078E+00  0.30005503164765E+03  0.33465837079228E+03 -0.28435674363389E+04  0.19156784501146E-10
   0.17987943049831E+04 -0.15091930409405E+03  0.65477810481037E+02 -0.15779559534300E+03  0.47515865750136E+01 -0.72156385228900E+02 -0.28516093965787E+02  0.18684710773500E+04 -0.32448833532630E+03 -0.62850629373740E+02  0.15230133920940E+02  0.11851542675298E+03  0.10777093719813E+02 -0.18272779841785E+00  0.80288716063374E+02 -0.13456246933806E+02  0.10174539441818E+03  0.62784515752661E+02 -0.33353948179561E+03 -0.43849464337126E+00  0.69641302965313E+01  0.13410264193190E+01  0.20091131982029E+02 -0.94026236318941E+02 -0.17792003458361E+03 -0.34173532427018E-11 -0.29468007323640E+02 -0.62688473320799E+03  0.15231989088758E-10 -0.15617052154885E+03 -0.20903980294902E+02 -0.67385119029269E+01 -0.18550091641849E+00 -0.17941285480358E-11 -0.19745639819778E+00 -0.76651538536561E-01  0.30185764170335E+02  0.75430453514295E+02 -0.20572089891760E+03 -0.66032084517168E-11
  -0.10913286453701E+03  0.13169175046531E+02 -0.49290536817360E+01  0.56929462528356E+02 -0.51015325918131E+01  0.20003965613861E+02  0.10466503821176E+02  0.10149109823228E+03 -0.13792484925387E+02 -0.19064790499847E+01  0.72860735976834E+00 -0.10988141279425E+01 -0.18272779841785E+00  0.53487872970066E-01  0.14854105450525E+02 -0.11451619469553E+01  0.98202588415179E+01  0.46463134331864E+01 -0.86314172332679E+02  0.27848275651855E-01 -0.47524182608883E+01  0.58784891291953E+00  0.14933523672242E+01  0.77779476352079E+01  0.71126590455748E-01 -0.22118041997012E-12 -0.62701889626919E+01 -0.84878664379740E+00 -0.18916085696324E-14 -0.35290695869883E+01 -0.20723512110183E-04 -0.14604809593973E+00 -0.35236084910324E-13  0.11963665847532E-12 -0.17839733978997E-02 -0.98155800457454E-03 -0.16206455675963E+01  0.62175184257065E-04 -0.33387901207505E+01 -0.34491602282501E-12
   0.77096627746609E+04  0.65055651902153E+03 -0.38577452514310E+03  0.30567814247354E+05 -0.26101444066988E+04  0.96294005124831E+04  0.49644873211362E+04  0.85066210130974E+05  0.48839386317843E+05 -0.40114160286329E+04  0.12678403488644E+04  0.14606024470767E+04  0.80288716063374E+02  0.14854105450525E+02  0.48615722621171E+05 -0.44667505410819E+04  0.36614076438349E+05  0.19034889823151E+05 -0.57711130133002E+05  0.19793819619646E+01  0.79595761918850E+03 -0.20775790476767E+03 -0.60046906889318E+03 -0.14820704638441E+04 -0.26029178262966E+04 -0.17121025587111E+04 -0.24550574664605E+04  0.19526039904441E+04  0.41682492019832E+04 -0.15148051764761E+04 -0.29542414935436E+04 -0.71505101771544E+03  0.24678353797899E+03  0.44031362265779E+03 -0.28267032339241E+04 -0.15047396018378E+04 -0.24444208611170E+04  0.17850499291136E+03 -0.82806470267172E+03 -0.93381863743618E+03
  -0.19485807966275E+04 -0.49888681355251E+02 -0.13369259185902E+01 -0.37038927354707E+04  0.32194165895665E+03 -0.11979265320977E+04 -0.62688392067318E+03 -0.10811512885853E+05 -0.22414195416819E+04  0.48678371008389E+03 -0.13993351369730E+03 -0.20226777983027E+03 -0.13456246933806E+02 -0.11451619469553E+01 -0.44667505410819E+04  0.47894886325573E+03 -0.38709601465933E+04 -0.20908112593284E+04  0.67734221048043E+04 -0.84705376381990E+00 -0.11727324254791E+03  0.20727652697636E+02  0.51582227102422E+02  0.15705929843475E+03  0.48141906090697E+03  0.30213043997880E+03  0.28180938047644E+03 -0.15597847923480E+03 -0.46616053645454E+03  0.15648407777545E+03  0.30421488376441E+03  0.78429111880063E+02 -0.66156655736133E+02 -0.11651415273559E+03  0.43051835180342E+03  0.21288237341268E+03 -0.29175377432325E+03 -0.31987422211497E+02  0.23963437848003E+03  0.26868081373607E+03
   0.11459426085177E+05  0.15333622251018E+03 -0.17671264633536E+03  0.28373089540714E+05 -0.23665222635161E+04  0.90946569480847E+04  0.45704972051114E+04  0.90552912102372E+05  0.16687424740116E+05 -0.37630434629363E+04  0.11371323254183E+04  0.16796202420928E+04  0.10174539441818E+03  0.98202588415179E+01  0.36614076438349E+05 -0.38709601465933E+04  0.31761487035894E+05  0.17009802690513E+05 -0.53771032489600E+05  0.95960685927050E+00  0.90371328646150E+03 -0.26659103595132E+03 -0.71785481953510E+03 -0.17256928854168E+04 -0.28426121067983E+04 -0.18250854902643E+04 -0.25765341150501E+04  0.21665667154476E+04  0.46956780369339E+04 -0.13248903280918E+04 -0.25961006690542E+04 -0.63888576794450E+03  0.93577911598926E+02  0.18147157940011E+03 -0.28110427414317E+04 -0.15073700747144E+04  0.15098552480886E+04  0.24067403040678E+03 -0.17720422535757E+04 -0.19690701305874E+04
   0.81197582573291E+04  0.86169840384150E+02 -0.18796666741999E+02  0.15840958703896E+05 -0.13398668417278E+04  0.51495899067177E+04  0.26211676726829E+04  0.48768639197424E+05  0.80715729409968E+04 -0.21147254012664E+04  0.61622356171676E+03  0.95731922097476E+03  0.62784515752661E+02  0.46463134331864E+01  0.19034889823151E+05 -0.20908112593284E+04  0.17009802690513E+05  0.92248511254414E+04 -0.29828415432237E+05  0.19416923256247E+01  0.54356530549116E+03 -0.13954657184453E+03 -0.35133062753597E+03 -0.90629832235985E+03 -0.19611400193516E+04 -0.12272247636541E+04 -0.12912519056114E+04  0.10024510408410E+04  0.25441949641865E+04 -0.67048350993833E+03 -0.13149738715845E+04 -0.35018679409634E+03  0.12042765771571E+03  0.22252522797840E+03 -0.17934153173218E+04 -0.92448752467241E+03  0.15436356432931E+04  0.16499642135069E+03 -0.12050948504098E+04 -0.13400836132158E+04
  -0.78097329777346E+07  0.26764673159837E+07 -0.38980565756109E+06 -0.23212764976530E+07  0.51311311338670E+06 -0.78269880184381E+05 -0.27183253859760E+06 -0.64295388921216E+06 -0.22997333968165E+05  0.62586427550003E+05 -0.70825805324453E+04 -0.69716105589244E+04 -0.33353948179561E+03 -0.86314172332679E+02 -0.57711130133002E+05  0.67734221048043E+04 -0.53771032489600E+05 -0.29828415432237E+05  0.35943629552123E+08  0.65449379299432E+04  0.74540719147864E+06 -0.17741746162906E+06 -0.52775928011549E+06 -0.26683666838162E+07  0.35452215116667E+05  0.78763363651153E+05 -0.12158993216572E+04  0.58901108802822E+06  0.28725623105787E+07  0.18279793068148E+05  0.32704786098824E+05  0.24431043470479E+03  0.19134449447349E+06  0.83576747032036E+06  0.25879751110023E+05  0.81827850622511E+04 -0.19643489933158E+05  0.46093459478625E+05  0.21510126749828E+05  0.66179747223191E+05
  -0.13207253830917E+04  0.54259708156469E+03 -0.68126561928228E+02 -0.18704006903487E+03  0.62509673135885E+02  0.56445606831876E+02  0.20533419130073E+01  0.39270369093762E+03 -0.93129166057125E+02 -0.97144506384415E+01  0.28810621234981E+01 -0.50676474078858E+01 -0.43849464337126E+00  0.27848275651855E-01  0.19793819619646E+01 -0.84705376381990E+00  0.95960685927050E+00  0.19416923256247E+01  0.65449379299432E+04  0.22817086095158E+01  0.13934439321469E+03 -0.25661363346983E+02 -0.78646860500433E+02 -0.48109481097199E+03  0.00000000000000E+00 -0.27774737745438E+02  0.00000000000000E+00  0.00000000000000E+00  0.36991476480597E+03  0.00000000000000E+00 -0.68696640276359E+01  0.00000000000000E+00  0.00000000000000E+00  0.20929276812670E+03  0.00000000000000E+00  0.00000000000000E+00  0.00000000000000E+00  0.13436275278806E+02  0.00000000000000E+00 -0.28698938996368E+02
  -0.22348932565668E+06  0.63853153658869E+05 -0.10851348532937E+05 -0.65076491320978E+05  0.13581554445699E+05 -0.51259152585726E+04 -0.92332691096919E+04 -0.31270074733728E+05  0.94340718061447E+03  0.27111284106899E+04 -0.31238302618900E+03 -0.12022050679368E+03  0.69641302965313E+01 -0.47524182608883E+01  0.79595761918850E+03 -0.11727324254791E+03  0.90371328646150E+03  0.54356530549116E+03  0.74540719147864E+06  0.13934439321469E+03  0.29373462478786E+05 -0.83461168453098E+04 -0.22857295671703E+05 -0.10833627132846E+06  0.00000000000000E+00  0.53242915566690E+04  0.00000000000000E+00  0.00000000000000E+00  0.12192449313522E+06  0.00000000000000E+00 -0.12025220729346E+04  0.00000000000000E+00  0.00000000000000E+00  0.24358104345758E+05  0.00000000000000E+00  0.00000000000000E+00  0.00000000000000E+00 -0.44346472694403E+04  0.00000000000000E+00  0.43860422214103E+04
   0.58194664311320E+05 -0.12895882440826E+05  0.27056060023958E+04  0.20688862675644E+05 -0.39005855017253E+04  0.26896219261016E+04  0.33094791800306E+04  0.29656274312952E+05 -0.58666564488335E+04 -0.13538372538326E+04  0.22895342174702E+03 -0.54877636218721E+01  0.13410264193190E+01  0.58784891291953E+00 -0.20775790476767E+03  0.20727652697636E+02 -0.26659103595132E+03 -0.13954657184453E+03 -0.17741746162906E+06 -0.25661363346983E+02 -0.83461168453098E+04  0.29225983564182E+04  0.77727682957222E+04  0.33886418646574E+05 -0.52753591708835E+02 -0.21374814598410E+04  0.20153270812072E+01  0.48010546123943E+03 -0.42756072384313E+05  0.00000000000000E+00 -0.15348337582578E+03  0.00000000000000E+00  0.22955386755372E+04 -0.50073983438689E+04  0.00000000000000E+00  0.00000000000000E+00  0.00000000000000E+00  0.15299084979373E+04 -0.40262371126425E+03 -0.28407433169947E+04
   0.18217641585673E+06 -0.43909179547776E+05  0.84866119557629E+04  0.57282378373584E+05 -0.10784764913361E+05  0.73687182659734E+04  0.89940431151584E+04  0.92738110616515E+05 -0.19509632595506E+05 -0.39355594962832E+04  0.70050554926760E+03  0.15590730295548E+03  0.20091131982029E+02  0.14933523672242E+01 -0.60046906889318E+03  0.51582227102422E+02 -0.71785481953510E+03 -0.35133062753597E+03 -0.52775928011549E+06 -0.78646860500433E+02 -0.22857295671703E+05  0.77727682957222E+04  0.21323225849584E+05  0.91708403688322E+05 -0.16468054291894E+03 -0.53297780801895E+04 -0.52713276013741E+02 -0.68536039016542E+04 -0.11748559994417E+06  0.00000000000000E+00 -0.38007699139069E+03  0.00000000000000E+00  0.31782680322986E+04 -0.15653229691572E+05  0.00000000000000E+00  0.00000000000000E+00  0.00000000000000E+00  0.38149989979431E+04 -0.21976290535785E+04 -0.82769258254556E+04
   0.76405733342306E+06 -0.21089565330719E+06  0.36707125085619E+05  0.24512616713138E+06 -0.49156630594466E+05  0.23363611126368E+05  0.35505517821567E+05  0.25638666088640E+06 -0.47827593499830E+05 -0.12726735535602E+05  0.20136741013801E+04 -0.90275568262228E+03 -0.94026236318941E+02  0.77779476352079E+01 -0.14820704638441E+04  0.15705929843475E+03 -0.17256928854168E+04 -0.90629832235985E+03 -0.26683666838162E+07 -0.48109481097199E+03 -0.10833627132846E+06  0.33886418646574E+05  0.91708403688322E+05  0.43090627026817E+06  0.25570910508223E+03 -0.27471928590765E+05 -0.66077492008097E+01  0.38089175530033E+05 -0.49516248912776E+06  0.00000000000000E+00 -0.20112280055288E+04  0.00000000000000E+00  0.16111196030524E+05 -0.82712011499782E+05  0.00000000000000E+00  0.00000000000000E+00  0.00000000000000E+00  0.20321446206856E+05  0.15838477633835E+04 -0.30067233182246E+05
  -0.12707707836958E+06  0.16568837493728E+05 -0.55501149787154E+04 -0.12739488609389E+05  0.19974628204590E+04 -0.29501378063853E+04 -0.25880716144009E+04 -0.62458364686915E+05  0.11640659904467E+05  0.27919958170272E+04 -0.49431617973289E+03 -0.11937207713140E+04 -0.17792003458361E+03  0.71126590455748E-01 -0.26029178262966E+04  0.48141906090697E+03 -0.28426121067983E+04 -0.19611400193516E+04  0.35452215116667E+05  0.00000000000000E+00  0.00000000000000E+00 -0.52753591708835E+02 -0.16468054291894E+03  0.25570910508223E+03  0.11630456700229E+06  0.00000000000000E+00  0.00000000000000E+00  0.00000000000000E+00  0.00000000000000E+00  0.00000000000000E+00  0.00000000000000E+00  0.00000000000000E+00  0.00000000000000E+00  0.00000000000000E+00  0.00000000000000E+00  0.00000000000000E+00  0.00000000000000E+00  0.00000000000000E+00  0.00000000000000E+00  0.00000000000000E+00
  -0.53936561986614E+05  0.81961054029319E+04 -0.23699669695701E+04 -0.21099479777945E+05  0.33673187181726E+04 -0.45265261857415E+04 -0.40574476072289E+04 -0.50100107499838E+05  0.10970426443679E+05  0.19342822824249E+04 -0.37264097300252E+03  0.10520025726705E-10 -0.34173532427018E-11 -0.22118041997012E-12 -0.17121025587111E+04  0.30213043997880E+03 -0.18250854902643E+04 -0.12272247636541E+04  0.78763363651153E+05 -0.27774737745438E+02  0.53242915566690E+04 -0.21374814598410E+04 -0.53297780801895E+04 -0.27471928590765E+05  0.00000000000000E+00  0.64599683782935E+05  0.00000000000000E+00  0.00000000000000E+00  0.00000000000000E+00  0.00000000000000E+00  0.00000000000000E+00  0.00000000000000E+00  0.00000000000000E+00  0.00000000000000E+00  0.00000000000000E+00  0.00000000000000E+00  0.00000000000000E+00  0.00000000000000E+00  0.00000000000000E+00  0.00000000000000E+00
  -0.44801677442828E+04 -0.23349499201736E+03  0.48479124720015E+02 -0.71734854508297E+02 -0.55722370944370E+02  0.16364729058723E+03  0.14152192347771E+03 -0.67675329966870E+05  0.24020011553097E+05  0.73193608864170E+03 -0.34165085824821E+03 -0.75274481823044E+03 -0.29468007323640E+02 -0.62701889626919E+01 -0.24550574664605E+04  0.28180938047644E+03 -0.25765341150501E+04 -0.12912519056114E+04 -0.12158993216572E+04  0.00000000000000E+00  0.00000000000000E+00  0.20153270812072E+01 -0.52713276013741E+02 -0.66077492008097E+01  0.00000000000000E+00  0.00000000000000E+00  0.30699480353896E+05  0.00000000000000E+00  0.00000000000000E+00  0.00000000000000E+00  0.00000000000000E+00  0.00000000000000E+00  0.00000000000000E+00  0.00000000000000E+00  0.00000000000000E+00  0.00000000000000E+00  0.00000000000000E+00  0.00000000000000E+00  0.00000000000000E+00  0.00000000000000E+00
  -0.83856368585734E+06  0.20923913464953E+06 -0.39056383011059E+05 -0.65514896282761E+05  0.11949223174774E+05 -0.92941434013189E+04 -0.10427499739406E+05 -0.28885527327112E+06  0.66135785080160E+05  0.11180651977062E+05 -0.21084668930732E+04 -0.52665852719224E+04 -0.62688473320799E+03 -0.84878664379740E+00  0.19526039904441E+04 -0.15597847923480E+03  0.21665667154476E+04  0.10024510408410E+04  0.58901108802822E+06  0.00000000000000E+00  0.00000000000000E+00  0.48010546123943E+03 -0.68536039016542E+04  0.38089175530033E+05  0.00000000000000E+00  0.00000000000000E+00  0.00000000000000E+00  0.57760138220419E+06  0.00000000000000E+00  0.00000000000000E+00  0.00000000000000E+00  0.00000000000000E+00  0.00000000000000E+00  0.00000000000000E+00  0.00000000000000E+00  0.00000000000000E+00  0.00000000000000E+00  0.00000000000000E+00  0.00000000000000E+00  0.00000000000000E+00
  -0.10859954900105E+07  0.26337565143136E+06 -0.50749217776940E+05 -0.33996939657156E+06  0.63063896443715E+05 -0.46111468963026E+05 -0.54487937300733E+05 -0.57445600099345E+06  0.12725887012724E+06  0.23443997677280E+05 -0.42470664834083E+04 -0.15030452193962E-09  0.15231989088758E-10 -0.18916085696324E-14  0.41682492019832E+04 -0.46616053645454E+03  0.46956780369339E+04  0.25441949641865E+04  0.28725623105787E+07  0.36991476480597E+03  0.12192449313522E+06 -0.42756072384313E+05 -0.11748559994417E+06 -0.49516248912776E+06  0.00000000000000E+00  0.00000000000000E+00  0.00000000000000E+00  0.00000000000000E+00  0.91799504084603E+06  0.00000000000000E+00  0.00000000000000E+00  0.00000000000000E+00  0.00000000000000E+00  0.00000000000000E+00  0.00000000000000E+00  0.00000000000000E+00  0.00000000000000E+00  0.00000000000000E+00  0.00000000000000E+00  0.00000000000000E+00
  -0.20502903288944E+05  0.57685045577890E+04 -0.10005663666162E+04 -0.14047788474340E+04  0.33681898983131E+03 -0.78698176719213E+01 -0.17660024982929E+03 -0.73602223974075E+05  0.23096671289954E+05  0.15436002838715E+04 -0.44430794678520E+03 -0.24812428625662E+04 -0.15617052154885E+03 -0.35290695869883E+01 -0.15148051764761E+04  0.15648407777545E+03 -0.13248903280918E+04 -0.67048350993833E+03  0.18279793068148E+05  0.00000000000000E+00  0.00000000000000E+00  0.00000000000000E+00  0.00000000000000E+00  0.00000000000000E+00  0.00000000000000E+00  0.00000000000000E+00  0.00000000000000E+00  0.00000000000000E+00  0.00000000000000E+00  0.14669478786835E+05  0.00000000000000E+00  0.00000000000000E+00  0.00000000000000E+00  0.00000000000000E+00  0.00000000000000E+00  0.00000000000000E+00  0.00000000000000E+00  0.00000000000000E+00  0.00000000000000E+00  0.00000000000000E+00
  -0.46243848711569E+05  0.13163554134734E+05 -0.22671867770794E+04 -0.24925517552575E+04  0.57682316277335E+03 -0.46341205855151E+02 -0.30340286638040E+03 -0.16466149615275E+06  0.51771955087983E+05  0.33815027226279E+04 -0.99424792419600E+03 -0.78615684467643E+02 -0.20903980294902E+02 -0.20723512110183E-04 -0.29542414935436E+04  0.30421488376441E+03 -0.25961006690542E+04 -0.13149738715845E+04  0.32704786098824E+05 -0.68696640276359E+01 -0.12025220729346E+04 -0.15348337582578E+03 -0.38007699139069E+03 -0.20112280055288E+04  0.00000000000000E+00  0.00000000000000E+00  0.00000000000000E+00  0.00000000000000E+00  0.00000000000000E+00  0.00000000000000E+00  0.31678001351115E+05  0.00000000000000E+00  0.00000000000000E+00  0.00000000000000E+00  0.00000000000000E+00  0.00000000000000E+00  0.00000000000000E+00  0.00000000000000E+00  0.00000000000000E+00  0.00000000000000E+00
  -0.30881840051103E+04  0.42188976211197E+03 -0.11914437733616E+03 -0.74470004148595E+02  0.96509401194299E+01 -0.20539526561865E+02 -0.14353701678772E+02 -0.13727377622229E+04  0.18688261424355E+03  0.43815727072451E+02 -0.11301604957312E+02 -0.82892162874479E+02 -0.67385119029269E+01 -0.14604809593973E+00 -0.71505101771544E+03  0.78429111880063E+02 -0.63888576794450E+03 -0.35018679409634E+03  0.24431043470479E+03  0.00000000000000E+00  0.00000000000000E+00  0.00000000000000E+00  0.00000000000000E+00  0.00000000000000E+00  0.00000000000000E+00  0.00000000000000E+00  0.00000000000000E+00  0.00000000000000E+00  0.00000000000000E+00  0.00000000000000E+00  0.00000000000000E+00  0.37918438092522E+04  0.00000000000000E+00  0.00000000000000E+00  0.00000000000000E+00  0.00000000000000E+00  0.00000000000000E+00  0.00000000000000E+00  0.00000000000000E+00  0.00000000000000E+00
  -0.19859119809213E+06  0.63440216607481E+05 -0.99335993801678E+04 -0.11719021918051E+05  0.29819620167045E+04  0.33484321259821E+03 -0.11039392536206E+04 -0.61376713014973E+04  0.65031937890660E+03  0.61360404192149E+03 -0.52626161940260E+02 -0.25699632419376E+00 -0.18550091641849E+00 -0.35236084910324E-13  0.24678353797899E+03 -0.66156655736133E+02  0.93577911598926E+02  0.12042765771571E+03  0.19134449447349E+06  0.00000000000000E+00  0.00000000000000E+00  0.22955386755372E+04  0.31782680322986E+04  0.16111196030524E+05  0.00000000000000E+00  0.00000000000000E+00  0.00000000000000E+00  0.00000000000000E+00  0.00000000000000E+00  0.00000000000000E+00  0.00000000000000E+00  0.00000000000000E+00  0.10554889397941E+06  0.00000000000000E+00  0.00000000000000E+00  0.00000000000000E+00  0.00000000000000E+00  0.00000000000000E+00  0.00000000000000E+00  0.00000000000000E+00
  -0.22425155922476E+06  0.71035452102543E+05 -0.11182369189780E+05 -0.52600249412197E+05  0.13167293228108E+05  0.11063244010480E+04 -0.51245291135343E+04 -0.12018348283233E+05  0.13101707535052E+04  0.11614542048379E+04 -0.10284580185360E+03 -0.37891848052673E-10 -0.17941285480358E-11  0.11963665847532E-12  0.44031362265779E+03 -0.11651415273559E+03  0.18147157940011E+03  0.22252522797840E+03  0.83576747032036E+06  0.20929276812670E+03  0.24358104345758E+05 -0.50073983438689E+04 -0.15653229691572E+05 -0.82712011499782E+05  0.00000000000000E+00  0.00000000000000E+00  0.00000000000000E+00  0.00000000000000E+00  0.00000000000000E+00  0.00000000000000E+00  0.00000000000000E+00  0.00000000000000E+00  0.00000000000000E+00  0.13873157205906E+06  0.00000000000000E+00  0.00000000000000E+00  0.00000000000000E+00  0.00000000000000E+00  0.00000000000000E+00  0.00000000000000E+00
  -0.91349943823923E+04  0.24730418567254E+04 -0.43725250213717E+03 -0.25123363096705E+04  0.48370510728999E+03 -0.28951470497485E+03 -0.38885738142444E+03 -0.31422357008160E+02 -0.11743066324456E+04  0.14002594520295E+03 -0.16047428265380E+02 -0.18495668894878E+01 -0.19745639819778E+00 -0.17839733978997E-02 -0.28267032339241E+04  0.43051835180342E+03 -0.28110427414317E+04 -0.17934153173218E+04  0.25879751110023E+05  0.00000000000000E+00  0.00000000000000E+00  0.00000000000000E+00  0.00000000000000E+00  0.00000000000000E+00  0.00000000000000E+00  0.00000000000000E+00  0.00000000000000E+00  0.00000000000000E+00  0.00000000000000E+00  0.00000000000000E+00  0.00000000000000E+00  0.00000000000000E+00  0.00000000000000E+00  0.00000000000000E+00  0.83285647063451E+04  0.00000000000000E+00  0.00000000000000E+00  0.00000000000000E+00  0.00000000000000E+00  0.00000000000000E+00
  -0.32410533547668E+04  0.78665625301652E+03 -0.15247137094712E+03 -0.98216138097613E+03  0.17966818457359E+03 -0.14551502821012E+03 -0.16408826731358E+03  0.11968207965658E+03 -0.65757403578730E+03  0.62479819139940E+02 -0.75766703665282E+01 -0.79413887871078E+00 -0.76651538536561E-01 -0.98155800457454E-03 -0.15047396018378E+04  0.21288237341268E+03 -0.15073700747144E+04 -0.92448752467241E+03  0.81827850622511E+04  0.00000000000000E+00  0.00000000000000E+00  0.00000000000000E+00  0.00000000000000E+00  0.00000000000000E+00  0.00000000000000E+00  0.00000000000000E+00  0.00000000000000E+00  0.00000000000000E+00  0.00000000000000E+00  0.00000000000000E+00  0.00000000000000E+00  0.00000000000000E+00  0.00000000000000E+00  0.00000000000000E+00  0.00000000000000E+00  0.42732084349185E+04  0.00000000000000E+00  0.00000000000000E+00  0.00000000000000E+00  0.00000000000000E+00
  -0.15054734810503E+05 -0.23631373033446E+04  0.51882166496422E+02 -0.94095479607762E+04  0.32920387846189E+03 -0.31152892482794E+04 -0.13060033074259E+04 -0.26537677210531E+06  0.11127474789206E+06  0.31004667236434E+04 -0.11590756491014E+04  0.30005503164765E+03  0.30185764170335E+02 -0.16206455675963E+01 -0.24444208611170E+04 -0.29175377432325E+03  0.15098552480886E+04  0.15436356432931E+04 -0.19643489933158E+05  0.00000000000000E+00  0.00000000000000E+00  0.00000000000000E+00  0.00000000000000E+00  0.00000000000000E+00  0.00000000000000E+00  0.00000000000000E+00  0.00000000000000E+00  0.00000000000000E+00  0.00000000000000E+00  0.00000000000000E+00  0.00000000000000E+00  0.00000000000000E+00  0.00000000000000E+00  0.00000000000000E+00  0.00000000000000E+00  0.00000000000000E+00  0.12393744951258E+06  0.00000000000000E+00  0.00000000000000E+00  0.00000000000000E+00
   0.16606424172733E+05 -0.22384211354223E+04  0.72638674609481E+03 -0.15600607116612E+05  0.24857823097003E+04 -0.35289852280030E+04 -0.32675349298958E+04 -0.89441083712983E+04  0.16185742619379E+04  0.45266090133597E+03 -0.70871271747938E+02  0.33465837079228E+03  0.75430453514295E+02  0.62175184257065E-04  0.17850499291136E+03 -0.31987422211497E+02  0.24067403040678E+03  0.16499642135069E+03  0.46093459478625E+05  0.13436275278806E+02 -0.44346472694403E+04  0.15299084979373E+04  0.38149989979431E+04  0.20321446206856E+05  0.00000000000000E+00  0.00000000000000E+00  0.00000000000000E+00  0.00000000000000E+00  0.00000000000000E+00  0.00000000000000E+00  0.00000000000000E+00  0.00000000000000E+00  0.00000000000000E+00  0.00000000000000E+00  0.00000000000000E+00  0.00000000000000E+00  0.00000000000000E+00  0.39237487042787E+05  0.00000000000000E+00  0.00000000000000E+00
  -0.70740493304869E+05  0.85509238573232E+04 -0.25699040698578E+04 -0.71777655217997E+04  0.81962860940429E+03 -0.19185067126094E+04 -0.11860525791813E+04 -0.13940538318479E+06  0.44316373262176E+05  0.28130945797127E+04 -0.83887640441032E+03 -0.28435674363389E+04 -0.20572089891760E+03 -0.33387901207505E+01 -0.82806470267172E+03  0.23963437848003E+03 -0.17720422535757E+04 -0.12050948504098E+04  0.21510126749828E+05  0.00000000000000E+00  0.00000000000000E+00 -0.40262371126425E+03 -0.21976290535785E+04  0.15838477633835E+04  0.00000000000000E+00  0.00000000000000E+00  0.00000000000000E+00  0.00000000000000E+00  0.00000000000000E+00  0.00000000000000E+00  0.00000000000000E+00  0.00000000000000E+00  0.00000000000000E+00  0.00000000000000E+00  0.00000000000000E+00  0.00000000000000E+00  0.00000000000000E+00  0.00000000000000E+00  0.94987629385709E+05  0.00000000000000E+00
  -0.55862550950137E+05  0.71764888673293E+04 -0.20856379413455E+04 -0.21249935505623E+05  0.25180094957896E+04 -0.55366328489252E+04 -0.35354406303698E+04 -0.17331084382829E+06  0.54536696848443E+05  0.35850779450917E+04 -0.10513276798246E+04  0.19156784501146E-10 -0.66032084517168E-11 -0.34491602282501E-12 -0.93381863743618E+03  0.26868081373607E+03 -0.19690701305874E+04 -0.13400836132158E+04  0.66179747223191E+05 -0.28698938996368E+02  0.43860422214103E+04 -0.28407433169947E+04 -0.82769258254556E+04 -0.30067233182246E+05  0.00000000000000E+00  0.00000000000000E+00  0.00000000000000E+00  0.00000000000000E+00  0.00000000000000E+00  0.00000000000000E+00  0.00000000000000E+00  0.00000000000000E+00  0.00000000000000E+00  0.00000000000000E+00  0.00000000000000E+00  0.00000000000000E+00  0.00000000000000E+00  0.00000000000000E+00  0.00000000000000E+00  0.99669370528271E+05

 # Covariance matrix (Bevington epsilon)
