# fitpack15: fit parameters                                                                         
# CJ15 AV18 final data choices                                                                      
# Created on 01/23/2020 at 21:45:32                                                                 

 # QCD setup
  INS                           0
  NVL                          11
  IORD                          1
  Q02                   1.6899999999999999     
  IPARAMC                       7
  FLAVOR                4.0000000000000000     
  xmc                   1.3000000000000000     
  xmb                   4.5000000000000000     
  ncb                          12
  ihq                           1
  ias                           0

 # Theory corrections
  inuke                     10814
  itmc                          1
  iht                           1

 # fit parameters
 LAMBDA       0.22680        0.0000    
 a0uv          2.3845        0.0000    
 a1uv         0.61347       0.20109E-01
 a2uv          3.5449       0.12316E-01
 a3uv          0.0000        0.0000    
 a4uv          3.5157       0.43871    
 a5uv          0.0000        0.0000    
 a0dv          25.480        0.0000    
 a1dv          1.1657       0.32875E-01
 a2dv          6.5986       0.15666    
 a3dv         -3.5310       0.83222E-01
 a4dv          4.7190       0.14048    
 a5dv          0.0000        0.0000    
 a0ud         0.14517       0.49996E-02
 a1ud        -0.20906       0.37640E-02
 a2ud          8.3035       0.18933    
 a3ud          0.0000        0.0000    
 a4ud          14.748        1.2248    
 a5ud          0.0000        0.0000    
 a0du          35712.        0.0000    
 a1du          4.0216       0.75113E-01
 a2du          20.186       0.87351    
 a3du          17.000        0.0000    
 a4du          52.631        11.009    
 a0g           52.671        0.0000    
 a1g          0.62967       0.35385E-01
 a2g           7.6708        1.1153    
 a3g          -3.4011       0.17201    
 a4g           3.5606       0.46998    
 a5g           0.0000        0.0000    
 kappa        0.40000        0.0000    
 a6dv        -0.37404E-02   0.64695E-03
 a7dv          2.0000        0.0000    
 off1         -3.6381        1.5109    
 off2         0.61799E-01   0.53489E-01
 ht1          -3.3180       0.26251    
 ht2           1.9473       0.10517    
 ht3          -2.0681       0.18852E-01
 ht4           0.0000        0.0000    
 dummy40       0.0000        0.0000    
 dummy41       0.0000        0.0000    
 dummy42       0.0000        0.0000    
 dummy43       0.0000        0.0000    
 dummy44       0.0000        0.0000    
 dummy45       0.0000        0.0000    
 dummy46       0.0000        0.0000    
 dummy47       0.0000        0.0000    
 dummy48       0.0000        0.0000    
 dummy49       0.0000        0.0000    
 bcdmsh2      0.97332       0.48156E-02
 bcdmsd2      0.99327       0.58126E-02
 ccfr          1.0000        0.0000    
 nutev         1.0000        0.0000    
 zeus         0.97998        0.0000    
 h1            1.0162        0.0000    
 e605          1.0319        0.0000    
 NmcH2         1.0097       0.71231E-02
 ntv_nu        1.0000        0.0000    
 ntv_nubar     1.0000        0.0000    
 cdf_jet      0.98910        0.0000    
 d0_jet       0.83504        0.0000    
 slac_p        1.0060       0.47634E-02
 slac_d        1.0052       0.52092E-02
 e866pp       0.96828       0.19353E-01
 e866pd       0.96628       0.15895E-01
 d0_gamjet     1.0385       0.16475E-01
 h1b          0.97608        0.0000    
 jlab_p       0.99571       0.57413E-02
 jlab_d       0.97651       0.58349E-02
 blank         1.0000        0.0000    
 d0run2       0.93234       0.13628E-01
 cdfrun2      0.92069       0.16968E-01
 HERA_el       1.0000        0.0000    
 HERA_ps       1.0000        0.0000    
 CDF_Z        0.96674       0.64887E-02
 NmcRat        1.0000        0.0000    
 BNS_F2nd     0.98407       0.68925E-02
 HERMES_F2p   0.99916       0.55366E-02
 HERMES_F2d   0.98128       0.57815E-02
 END 0. 0.

 # Hessian matrix (Bevington alpha)
   0.48965508036200E+07 -0.12895922983620E+07  0.23200940926498E+06  0.48341638592570E+06 -0.12498936439622E+06 -0.26111049696460E+05  0.53660607717099E+05  0.91812511475201E+06 -0.17443867173494E+06 -0.48818028698734E+05  0.73581491311073E+04  0.15564750163021E+05  0.17585018495514E+04 -0.10800070743360E+03  0.68219463550064E+04 -0.16699396591320E+04  0.66110280192075E+04  0.50392991269952E+04 -0.76720962833883E+07 -0.11940622178626E+04 -0.23441422811426E+06  0.57875516035280E+05  0.18071698301245E+06  0.75947424466913E+06 -0.12701655625847E+06 -0.53952117918405E+05 -0.44118066960711E+04 -0.83686245345717E+06 -0.10847337453038E+07 -0.20552848604459E+05 -0.46285073696657E+05 -0.30799269333632E+04 -0.19804380338898E+06 -0.22397550325383E+06 -0.92972950424474E+04 -0.32801508286584E+04 -0.14828178250860E+05  0.16589805811751E+05 -0.70504172253454E+05 -0.55691405251322E+05
  -0.12895922983620E+07  0.41371550107223E+06 -0.63146153856154E+05 -0.13597638399588E+06  0.34749873345834E+05  0.96760189673287E+04 -0.11763503079081E+05 -0.12335328040814E+06  0.26433532414345E+05  0.75603795083228E+04 -0.93540288598172E+03 -0.12568430641499E+04 -0.14662682086961E+03  0.13034187915237E+02  0.59124486885121E+03 -0.37995730395868E+02  0.10799126011885E+03  0.40668325375710E+02  0.26309431363661E+07  0.50726736966945E+03  0.67184953051357E+05 -0.12907230329241E+05 -0.43737143715112E+05 -0.21009843280114E+06  0.16577521607880E+05  0.82057934794386E+04 -0.23809323324385E+03  0.20897214607536E+06  0.26329359845726E+06  0.57973086889599E+04  0.13200570208632E+05  0.42050336825920E+03  0.63335473696640E+05  0.71019084631576E+05  0.25109778719740E+04  0.79433049024851E+03 -0.23880990689877E+04 -0.22380263269072E+04  0.85313395848732E+04  0.71624633554905E+04
   0.23200940926498E+06 -0.63146153856154E+05  0.11113418413791E+05  0.23133938457243E+05 -0.60715349775184E+04 -0.14830889415324E+04  0.24821408309451E+04  0.31948559188339E+05 -0.59078305851284E+04 -0.20040504281484E+04  0.26003235732840E+03  0.48320022825612E+03  0.63341253640363E+02 -0.48387033926396E+01 -0.41282768363800E+03  0.70082591375633E+01 -0.20723019964014E+03 -0.53713622399907E+02 -0.37950252293511E+06 -0.61389924804019E+02 -0.11289076007648E+05  0.26729268117097E+04  0.83601063706657E+04  0.36194889542656E+05 -0.55100777024243E+04 -0.23538902135177E+04  0.49509024480835E+02 -0.38669583584554E+05 -0.50289099121717E+05 -0.99526044907731E+03 -0.22510682398606E+04 -0.11804105856830E+03 -0.98192495355576E+04 -0.11070194754951E+05 -0.44087664352999E+03 -0.15293394268605E+03  0.55220113262849E+02  0.72091735889340E+03 -0.25462061236269E+04 -0.20666207793312E+04
   0.48341638592570E+06 -0.13597638399588E+06  0.23133938457243E+05  0.39609517357480E+06 -0.62194132816780E+05  0.75296176255314E+05  0.64655811671903E+05  0.35254993532455E+06 -0.26579083194077E+05 -0.18449870083909E+05  0.33538995343175E+04 -0.13527293655848E+04 -0.15568858556772E+03  0.56245657119650E+02  0.29995369197714E+05 -0.34711245774571E+04  0.20889932957206E+05  0.11584558561511E+05 -0.22892692500350E+07 -0.15067028718906E+03 -0.68341832033767E+05  0.20609164537444E+05  0.57019958770809E+05  0.24444812610799E+06 -0.12803855391796E+05 -0.21173936870287E+05 -0.66310275932967E+02 -0.65720976932873E+05 -0.34082504397513E+06 -0.14189411022477E+04 -0.24958234709496E+04 -0.74699892003951E+02 -0.11706881679337E+05 -0.52622342002675E+05 -0.25745621135755E+04 -0.99995642454123E+03 -0.93718008266092E+04 -0.15637815056270E+05 -0.71757770627914E+04 -0.21246331119998E+05
  -0.12498936439622E+06  0.34749873345834E+05 -0.60715349775184E+04 -0.62194132816780E+05  0.11558578321739E+05 -0.77212747726654E+04 -0.93402318736241E+04 -0.33043099110052E+05  0.49211910788527E+03  0.24124228954452E+04 -0.34126910280679E+03 -0.42317037623499E+02  0.45608918360625E+01 -0.50239640594131E+01 -0.25310357152870E+04  0.29466082494883E+03 -0.17237274459434E+04 -0.96546513278408E+03  0.49723673887625E+06  0.53430485564113E+02  0.14086282260149E+05 -0.38537360164352E+04 -0.10633539678016E+05 -0.48432477009703E+05  0.19999680919881E+04  0.33612588314163E+04 -0.56037402840094E+02  0.11847753977327E+05  0.62538552128311E+05  0.33624862042549E+03  0.57231559420023E+03  0.96034237116213E+01  0.29319811460328E+04  0.12958947144827E+05  0.48789502074440E+03  0.18052496035878E+03  0.32910579093014E+03  0.24837445494002E+04  0.81525374188978E+03  0.25043497152180E+04
  -0.26111049696460E+05  0.96760189673287E+04 -0.14830889415324E+04  0.75296176255314E+05 -0.77212747726654E+04  0.24707045130364E+05  0.14886052343683E+05  0.10790341171647E+06 -0.99111623832981E+04 -0.46499880693625E+04  0.10074556310483E+04 -0.71920272775295E+03 -0.70488046964094E+02  0.19250896683807E+02  0.92142622316255E+04 -0.10974521292535E+04  0.64496608192489E+04  0.36345512893027E+04 -0.58225377451625E+05  0.59844050613921E+02 -0.46965439178154E+04  0.24468325677687E+04  0.67077677700581E+04  0.20864275748102E+05 -0.28107293763026E+04 -0.43028114312042E+04  0.15460743211485E+03 -0.86560073180641E+04 -0.42810608038491E+05  0.51195751761145E+01 -0.20776375821313E+02 -0.19862551167005E+02  0.41683870003421E+03  0.14617488685244E+04 -0.27415932758967E+03 -0.13861785710686E+03 -0.30552749170759E+04 -0.33356835175645E+04 -0.18557808083085E+04 -0.53489061450826E+04
   0.53660607717099E+05 -0.11763503079081E+05  0.24821408309451E+04  0.64655811671903E+05 -0.93402318736241E+04  0.14886052343683E+05  0.11624634373197E+05  0.59961667610368E+05 -0.32767854661237E+04 -0.33270154802435E+04  0.58978989912917E+03 -0.21812280485021E+03 -0.27828714512778E+02  0.10095383416335E+02  0.47214554099846E+04 -0.56603655459010E+03  0.32230469694433E+04  0.18327793258914E+04 -0.25213709127776E+06  0.83862489631167E+01 -0.91766206094238E+04  0.31399295205536E+04  0.85291398313359E+04  0.33627448687725E+05 -0.25033961677946E+04 -0.39167215003899E+04  0.13735183198043E+03 -0.99929179199705E+04 -0.52182333559416E+05 -0.16748723402026E+03 -0.28529774216076E+03 -0.13949966972809E+02 -0.10242273269546E+04 -0.47791069031718E+04 -0.38020414731884E+03 -0.15989936877452E+03 -0.12812518460133E+04 -0.31487730561358E+04 -0.11510977821147E+04 -0.34285574123223E+04
   0.91812511475201E+06 -0.12335328040814E+06  0.31948559188339E+05  0.35254993532455E+06 -0.33043099110052E+05  0.10790341171647E+06  0.59961667610368E+05  0.50847792230939E+07 -0.23416454595640E+07 -0.86714058230266E+05  0.26081596235249E+05  0.27743890805763E+05  0.18476421128497E+04  0.98522392003826E+02  0.84341554934731E+05 -0.10337097478324E+05  0.67816867096678E+05  0.36594489866080E+05 -0.60449228245093E+06  0.40914117860425E+03 -0.30942762200693E+05  0.28302999615054E+05  0.88682045432030E+05  0.24461168683991E+06 -0.61784407429722E+05 -0.49583084206973E+05 -0.67421781888421E+05 -0.28473549029144E+06 -0.56486908807727E+06 -0.73211805478379E+05 -0.16359255506993E+06 -0.13580037222685E+04 -0.56996818716515E+04 -0.11207891659284E+05 -0.16385978641643E+03  0.82656210476230E+02 -0.26392671791220E+06 -0.86825473603912E+04 -0.13828623564345E+06 -0.17199019714923E+06
  -0.17443867173494E+06  0.26433532414345E+05 -0.59078305851284E+04 -0.26579083194077E+05  0.49211910788527E+03 -0.99111623832981E+04 -0.32767854661237E+04 -0.23416454595640E+07  0.19368441526616E+07  0.19151391145173E+05 -0.65117946913315E+04 -0.59168065848062E+04 -0.32383606881579E+03 -0.13335094701544E+02  0.47802689296879E+05 -0.21285174024025E+04  0.13346578708825E+05  0.61189836571074E+04 -0.25038517971958E+05 -0.93740920354822E+02  0.70216134111832E+03 -0.55899367823365E+04 -0.18654337028489E+05 -0.45409288159834E+05  0.11630064204155E+05  0.10965008347250E+05  0.24073909727905E+05  0.65736539932935E+05  0.12623963886577E+06  0.23127221856901E+05  0.51786696196527E+05  0.18436894818390E+03  0.57475716160877E+03  0.11740886784555E+04 -0.11311612551604E+04 -0.64577835526891E+03  0.11130858136622E+06  0.15821901872428E+04  0.44225004250275E+05  0.54466131337135E+05
  -0.48818028698734E+05  0.75603795083228E+04 -0.20040504281484E+04 -0.18449870083909E+05  0.24124228954452E+04 -0.46499880693625E+04 -0.33270154802435E+04 -0.86714058230266E+05  0.19151391145173E+05  0.26704923415697E+04 -0.64071610786197E+03 -0.70641363058909E+03 -0.61798823096802E+02 -0.18525746594187E+01 -0.39245022347559E+04  0.45642053636108E+03 -0.27331797112772E+04 -0.15320506793121E+04  0.59389186363994E+05 -0.11407745816954E+02  0.27420059905798E+04 -0.13047354347507E+04 -0.37961724499499E+04 -0.12267893043087E+05  0.27602620732979E+04  0.19100366516807E+04  0.72949332781667E+03  0.11001571561783E+05  0.23004575918792E+05  0.15320664981664E+04  0.33512350502954E+04  0.43507762728126E+02  0.58158671607655E+03  0.11026053526553E+04  0.14226711148737E+03  0.62930960272740E+02  0.30840903801724E+04  0.44073836505049E+03  0.27922767992063E+04  0.35566746219842E+04
   0.73581491311073E+04 -0.93540288598172E+03  0.26003235732840E+03  0.33538995343175E+04 -0.34126910280679E+03  0.10074556310483E+04  0.58978989912917E+03  0.26081596235249E+05 -0.65117946913315E+04 -0.64071610786197E+03  0.17934540191376E+03  0.20791849543349E+03  0.15001113468876E+02  0.70640114706093E+00  0.12472556110872E+04 -0.13287958928039E+03  0.84600990793030E+03  0.45677125464298E+03 -0.66906759627078E+04  0.30406939740043E+01 -0.31111411090061E+03  0.21836771561025E+03  0.66930536629605E+03  0.19216749430291E+04 -0.48674144786037E+03 -0.36706597050061E+03 -0.33997264259569E+03 -0.20699777842226E+04 -0.41584073696024E+04 -0.44070131209170E+03 -0.98487230137401E+03 -0.11174221175196E+02 -0.49065674662779E+02 -0.96189759511178E+02 -0.16687451018837E+02 -0.77228378352913E+01 -0.11504702308730E+04 -0.68534484877175E+02 -0.83011683435943E+03 -0.10404656609187E+04
   0.15564750163021E+05 -0.12568430641499E+04  0.48320022825612E+03 -0.13527293655848E+04 -0.42317037623499E+02 -0.71920272775295E+03 -0.21812280485021E+03  0.27743890805763E+05 -0.59168065848062E+04 -0.70641363058909E+03  0.20791849543349E+03  0.18449559281136E+04  0.11954274768611E+03 -0.10731625446474E+01  0.14921674423729E+04 -0.19805747872238E+03  0.12324904470854E+04  0.71166089648413E+03 -0.70887080236038E+04 -0.49946163667043E+01 -0.14261359124628E+03 -0.41512148020166E+01  0.15393312378584E+03 -0.83874392494487E+03 -0.11738351580133E+04  0.46730081478641E-10 -0.78051379335514E+03 -0.52201159317986E+04 -0.12100561695881E-09 -0.25322640826799E+04 -0.74043902845471E+02 -0.83729738514866E+02 -0.21496807161947E+00 -0.53190072360116E-10 -0.18759435139841E+01 -0.80389511831450E+00  0.29899180434496E+03  0.32019610002483E+03 -0.28784128844897E+04  0.24028634152645E-11
   0.17585018495514E+04 -0.14662682086961E+03  0.63341253640363E+02 -0.15568858556772E+03  0.45608918360625E+01 -0.70488046964094E+02 -0.27828714512778E+02  0.18476421128497E+04 -0.32383606881579E+03 -0.61798823096802E+02  0.15001113468876E+02  0.11954274768611E+03  0.10656392862165E+02 -0.18002593201965E+00  0.78925299213770E+02 -0.12652944674463E+02  0.67904906098636E+02  0.43156345828857E+02 -0.33525305649580E+03 -0.44240846907610E+00  0.65620144707551E+01  0.10861528371774E+01  0.18887040000684E+02 -0.90375399792517E+02 -0.17293841526497E+03  0.25155358640778E-11 -0.29924011271231E+02 -0.61197922786778E+03 -0.46431925100136E-11 -0.15683986707798E+03 -0.19499940211192E+02 -0.66904322705458E+01 -0.15486331566292E+00 -0.50960777938085E-11 -0.19629157844938E+00 -0.76069234844454E-01  0.29758573033389E+02  0.71757816334373E+02 -0.20509876921877E+03 -0.72046160802287E-11
  -0.10800070743360E+03  0.13034187915237E+02 -0.48387033926396E+01  0.56245657119650E+02 -0.50239640594131E+01  0.19250896683807E+02  0.10095383416335E+02  0.98522392003826E+02 -0.13335094701544E+02 -0.18525746594187E+01  0.70640114706093E+00 -0.10731625446474E+01 -0.18002593201965E+00  0.51663707528877E-01  0.14535654028620E+02 -0.10981417090381E+01  0.79475208077602E+01  0.37043041969525E+01 -0.83316796190281E+02  0.30322683360310E-01 -0.48577503329333E+01  0.60125551001739E+00  0.15189599579108E+01  0.79613482815842E+01  0.69882058026675E-01  0.36131008662866E-12 -0.60769015387691E+01 -0.78282974888850E+00 -0.14416447496140E-11 -0.33638092485972E+01 -0.17360826360772E-04 -0.14040433158967E+00 -0.36437097619529E-12 -0.13926749439440E-12 -0.17447173733496E-02 -0.95389799647805E-03 -0.16020456764095E+01  0.50601393889363E-04 -0.31626422548389E+01 -0.58627701958205E-12
   0.68219463550064E+04  0.59124486885121E+03 -0.41282768363800E+03  0.29995369197714E+05 -0.25310357152870E+04  0.92142622316255E+04  0.47214554099846E+04  0.84341554934731E+05  0.47802689296879E+05 -0.39245022347559E+04  0.12472556110872E+04  0.14921674423729E+04  0.78925299213770E+02  0.14535654028620E+02  0.47945643506484E+05 -0.42681583149115E+04  0.28163225491607E+05  0.14444676671554E+05 -0.55887470145434E+05  0.43180880280619E+00  0.81724280748869E+03 -0.22696479242258E+03 -0.65361677615064E+03 -0.15883898498942E+04 -0.24067341668393E+04 -0.15912645649723E+04 -0.24600118718732E+04  0.20891914545326E+04  0.43295420853923E+04 -0.14975303310147E+04 -0.29162538838537E+04 -0.70727530069221E+03  0.14799964621628E+03  0.27176750013566E+03 -0.26943435012987E+04 -0.14550534765433E+04 -0.26368420970094E+04  0.18094231752507E+03 -0.77732723982473E+03 -0.87324897204329E+03
  -0.16699396591320E+04 -0.37995730395868E+02  0.70082591375633E+01 -0.34711245774571E+04  0.29466082494883E+03 -0.10974521292535E+04 -0.56603655459010E+03 -0.10337097478324E+05 -0.21285174024025E+04  0.45642053636108E+03 -0.13287958928039E+03 -0.19805747872238E+03 -0.12652944674463E+02 -0.10981417090381E+01 -0.42681583149115E+04  0.43963038996867E+03 -0.28070920255005E+04 -0.15023307999060E+04  0.62641301443219E+04 -0.50049077282307E+00 -0.11744214997437E+03  0.25766221256897E+02  0.65268558738039E+02  0.18076328327194E+03  0.42413075014747E+03  0.26647671673817E+03  0.27770151830714E+03 -0.18899825945663E+03 -0.50684269601924E+03  0.14859131945264E+03  0.28900506524641E+03  0.74986126252436E+02 -0.39113836403959E+02 -0.70650419850060E+02  0.38546049795201E+03  0.19497716407579E+03 -0.23198326637884E+03 -0.32456423784081E+02  0.21960535764410E+03  0.24540072444490E+03
   0.66110280192075E+04  0.10799126011885E+03 -0.20723019964014E+03  0.20889932957206E+05 -0.17237274459434E+04  0.64496608192489E+04  0.32230469694433E+04  0.67816867096678E+05  0.13346578708825E+05 -0.27331797112772E+04  0.84600990793030E+03  0.12324904470854E+04  0.67904906098636E+02  0.79475208077602E+01  0.28163225491607E+05 -0.28070920255005E+04  0.18349215716647E+05  0.96667556213356E+04 -0.38993953906029E+05 -0.93337623893046E+00  0.63939975048948E+03 -0.19563548890861E+03 -0.55830956770158E+03 -0.13111802016634E+04 -0.16833409778726E+04 -0.11190937323820E+04 -0.20578161250032E+04  0.17639197005389E+04  0.34222654699804E+04 -0.10571596155494E+04 -0.20605829190444E+04 -0.47404058523340E+03  0.25690744970598E+02  0.53634408991061E+02 -0.18636126117112E+04 -0.10274482372790E+04  0.36521762907776E+03  0.13533723931352E+03 -0.10312143670263E+04 -0.11466986504474E+04
   0.50392991269952E+04  0.40668325375710E+02 -0.53713622399907E+02  0.11584558561511E+05 -0.96546513278408E+03  0.36345512893027E+04  0.18327793258914E+04  0.36594489866080E+05  0.61189836571074E+04 -0.15320506793121E+04  0.45677125464298E+03  0.71166089648413E+03  0.43156345828857E+02  0.37043041969525E+01  0.14444676671554E+05 -0.15023307999060E+04  0.96667556213356E+04  0.51734828092123E+04 -0.21560654602337E+05  0.34807401679471E+00  0.39430032556888E+03 -0.10878350474973E+03 -0.29090214440539E+03 -0.71842713309282E+03 -0.12197435473956E+04 -0.77866537411169E+03 -0.10375779793444E+04  0.86106335482817E+03  0.19128605051668E+04 -0.53102393143792E+03 -0.10372185697689E+04 -0.25907539338015E+03  0.46511493646270E+02  0.88734009810865E+02 -0.11969964151540E+04 -0.63355323499335E+03  0.78831347163744E+03  0.10293691821197E+03 -0.77318723922225E+03 -0.85907866552070E+03
  -0.76720962833883E+07  0.26309431363661E+07 -0.37950252293511E+06 -0.22892692500350E+07  0.49723673887625E+06 -0.58225377451625E+05 -0.25213709127776E+06 -0.60449228245093E+06 -0.25038517971958E+05  0.59389186363994E+05 -0.66906759627078E+04 -0.70887080236038E+04 -0.33525305649580E+03 -0.83316796190281E+02 -0.55887470145434E+05  0.62641301443219E+04 -0.38993953906029E+05 -0.21560654602337E+05  0.34595221815537E+08  0.60063740486831E+04  0.76860983816364E+06 -0.17383291068143E+06 -0.51565967681358E+06 -0.26068854439953E+07  0.34898336637753E+05  0.77319583915567E+05 -0.11993593342965E+04  0.57733270904319E+06  0.28135803237394E+07  0.18102423588119E+05  0.32231676687703E+05  0.23720409143377E+03  0.18747405357402E+06  0.81893642694575E+06  0.25733787457902E+05  0.80926740503708E+04 -0.19441108320671E+05  0.45034093858198E+05  0.21062531294925E+05  0.64778830749448E+05
  -0.11940622178626E+04  0.50726736966945E+03 -0.61389924804019E+02 -0.15067028718906E+03  0.53430485564113E+02  0.59844050613921E+02  0.83862489631167E+01  0.40914117860425E+03 -0.93740920354822E+02 -0.11407745816954E+02  0.30406939740043E+01 -0.49946163667043E+01 -0.44240846907610E+00  0.30322683360310E-01  0.43180880280619E+00 -0.50049077282307E+00 -0.93337623893046E+00  0.34807401679471E+00  0.60063740486831E+04  0.21372165318182E+01  0.12973521288857E+03 -0.21154028158594E+02 -0.65993680607652E+02 -0.41946181224371E+03  0.00000000000000E+00 -0.30887323194198E+02  0.00000000000000E+00  0.00000000000000E+00  0.29947332617731E+03  0.00000000000000E+00 -0.60891577001700E+01  0.00000000000000E+00  0.00000000000000E+00  0.19524503169705E+03  0.00000000000000E+00  0.00000000000000E+00  0.00000000000000E+00  0.16017366498597E+02  0.00000000000000E+00 -0.31179140113682E+02
  -0.23441422811426E+06  0.67184953051357E+05 -0.11289076007648E+05 -0.68341832033767E+05  0.14086282260149E+05 -0.46965439178154E+04 -0.91766206094238E+04 -0.30942762200693E+05  0.70216134111832E+03  0.27420059905798E+04 -0.31111411090061E+03 -0.14261359124628E+03  0.65620144707551E+01 -0.48577503329333E+01  0.81724280748869E+03 -0.11744214997437E+03  0.63939975048948E+03  0.39430032556888E+03  0.76860983816364E+06  0.12973521288857E+03  0.32245869056466E+05 -0.86925313683128E+04 -0.23787565793248E+05 -0.11293938790093E+06  0.00000000000000E+00  0.55211983420067E+04  0.00000000000000E+00  0.00000000000000E+00  0.12732955712479E+06  0.00000000000000E+00 -0.12696508311480E+04  0.00000000000000E+00  0.00000000000000E+00  0.25546583644893E+05  0.00000000000000E+00  0.00000000000000E+00  0.00000000000000E+00 -0.46135831588421E+04  0.00000000000000E+00  0.45345724748158E+04
   0.57875516035280E+05 -0.12907230329241E+05  0.26729268117097E+04  0.20609164537444E+05 -0.38537360164352E+04  0.24468325677687E+04  0.31399295205536E+04  0.28302999615054E+05 -0.55899367823365E+04 -0.13047354347507E+04  0.21836771561025E+03 -0.41512148020166E+01  0.10861528371774E+01  0.60125551001739E+00 -0.22696479242258E+03  0.25766221256897E+02 -0.19563548890861E+03 -0.10878350474973E+03 -0.17383291068143E+06 -0.21154028158594E+02 -0.86925313683128E+04  0.28718134485105E+04  0.76332545641012E+04  0.33415968895484E+05 -0.51470190150201E+02 -0.21051555094575E+04  0.25201448938938E+01  0.52324036792448E+03 -0.42267423451126E+05  0.00000000000000E+00 -0.13394968917723E+03  0.00000000000000E+00  0.22626075707182E+04 -0.50045934636093E+04  0.00000000000000E+00  0.00000000000000E+00  0.00000000000000E+00  0.15132108801145E+04 -0.38439099283406E+03 -0.27668932985193E+04
   0.18071698301245E+06 -0.43737143715112E+05  0.83601063706657E+04  0.57019958770809E+05 -0.10633539678016E+05  0.67077677700581E+04  0.85291398313359E+04  0.88682045432030E+05 -0.18654337028489E+05 -0.37961724499499E+04  0.66930536629605E+03  0.15393312378584E+03  0.18887040000684E+02  0.15189599579108E+01 -0.65361677615064E+03  0.65268558738039E+02 -0.55830956770158E+03 -0.29090214440539E+03 -0.51565967681358E+06 -0.65993680607652E+02 -0.23787565793248E+05  0.76332545641012E+04  0.20916031412957E+05  0.90351229942193E+05 -0.16165660493491E+03 -0.52491329045278E+04 -0.46245498452767E+02 -0.65975362979297E+04 -0.11607127419775E+06  0.00000000000000E+00 -0.33170494580461E+03  0.00000000000000E+00  0.31585933255416E+04 -0.15569970843047E+05  0.00000000000000E+00  0.00000000000000E+00  0.00000000000000E+00  0.37726753019269E+04 -0.21139322607958E+04 -0.80538994043413E+04
   0.75947424466913E+06 -0.21009843280114E+06  0.36194889542656E+05  0.24444812610799E+06 -0.48432477009703E+05  0.20864275748102E+05  0.33627448687725E+05  0.24461168683991E+06 -0.45409288159834E+05 -0.12267893043087E+05  0.19216749430291E+04 -0.83874392494487E+03 -0.90375399792517E+02  0.79613482815842E+01 -0.15883898498942E+04  0.18076328327194E+03 -0.13111802016634E+04 -0.71842713309282E+03 -0.26068854439953E+07 -0.41946181224371E+03 -0.11293938790093E+06  0.33415968895484E+05  0.90351229942193E+05  0.42535700981418E+06  0.25173269978289E+03 -0.27062397488081E+05 -0.62731270033429E+01  0.37783431109939E+05 -0.49035041281333E+06  0.00000000000000E+00 -0.17552608857843E+04  0.00000000000000E+00  0.16051514317462E+05 -0.82225602832963E+05  0.00000000000000E+00  0.00000000000000E+00  0.00000000000000E+00  0.20097665521429E+05  0.15589533891009E+04 -0.29376927077372E+05
  -0.12701655625847E+06  0.16577521607880E+05 -0.55100777024243E+04 -0.12803855391796E+05  0.19999680919881E+04 -0.28107293763026E+04 -0.25033961677946E+04 -0.61784407429722E+05  0.11630064204155E+05  0.27602620732979E+04 -0.48674144786037E+03 -0.11738351580133E+04 -0.17293841526497E+03  0.69882058026675E-01 -0.24067341668393E+04  0.42413075014747E+03 -0.16833409778726E+04 -0.12197435473956E+04  0.34898336637753E+05  0.00000000000000E+00  0.00000000000000E+00 -0.51470190150201E+02 -0.16165660493491E+03  0.25173269978289E+03  0.11619826706630E+06  0.00000000000000E+00  0.00000000000000E+00  0.00000000000000E+00  0.00000000000000E+00  0.00000000000000E+00  0.00000000000000E+00  0.00000000000000E+00  0.00000000000000E+00  0.00000000000000E+00  0.00000000000000E+00  0.00000000000000E+00  0.00000000000000E+00  0.00000000000000E+00  0.00000000000000E+00  0.00000000000000E+00
  -0.53952117918405E+05  0.82057934794386E+04 -0.23538902135177E+04 -0.21173936870287E+05  0.33612588314163E+04 -0.43028114312042E+04 -0.39167215003899E+04 -0.49583084206973E+05  0.10965008347250E+05  0.19100366516807E+04 -0.36706597050061E+03  0.46730081478641E-10  0.25155358640778E-11  0.36131008662866E-12 -0.15912645649723E+04  0.26647671673817E+03 -0.11190937323820E+04 -0.77866537411169E+03  0.77319583915567E+05 -0.30887323194198E+02  0.55211983420067E+04 -0.21051555094575E+04 -0.52491329045278E+04 -0.27062397488081E+05  0.00000000000000E+00  0.64535309202445E+05  0.00000000000000E+00  0.00000000000000E+00  0.00000000000000E+00  0.00000000000000E+00  0.00000000000000E+00  0.00000000000000E+00  0.00000000000000E+00  0.00000000000000E+00  0.00000000000000E+00  0.00000000000000E+00  0.00000000000000E+00  0.00000000000000E+00  0.00000000000000E+00  0.00000000000000E+00
  -0.44118066960711E+04 -0.23809323324385E+03  0.49509024480835E+02 -0.66310275932967E+02 -0.56037402840094E+02  0.15460743211485E+03  0.13735183198043E+03 -0.67421781888421E+05  0.24073909727905E+05  0.72949332781667E+03 -0.33997264259569E+03 -0.78051379335514E+03 -0.29924011271231E+02 -0.60769015387691E+01 -0.24600118718732E+04  0.27770151830714E+03 -0.20578161250032E+04 -0.10375779793444E+04 -0.11993593342965E+04  0.00000000000000E+00  0.00000000000000E+00  0.25201448938938E+01 -0.46245498452767E+02 -0.62731270033429E+01  0.00000000000000E+00  0.00000000000000E+00  0.30643131312246E+05  0.00000000000000E+00  0.00000000000000E+00  0.00000000000000E+00  0.00000000000000E+00  0.00000000000000E+00  0.00000000000000E+00  0.00000000000000E+00  0.00000000000000E+00  0.00000000000000E+00  0.00000000000000E+00  0.00000000000000E+00  0.00000000000000E+00  0.00000000000000E+00
  -0.83686245345717E+06  0.20897214607536E+06 -0.38669583584554E+05 -0.65720976932873E+05  0.11847753977327E+05 -0.86560073180641E+04 -0.99929179199705E+04 -0.28473549029144E+06  0.65736539932935E+05  0.11001571561783E+05 -0.20699777842226E+04 -0.52201159317986E+04 -0.61197922786778E+03 -0.78282974888850E+00  0.20891914545326E+04 -0.18899825945663E+03  0.17639197005389E+04  0.86106335482817E+03  0.57733270904319E+06  0.00000000000000E+00  0.00000000000000E+00  0.52324036792448E+03 -0.65975362979297E+04  0.37783431109939E+05  0.00000000000000E+00  0.00000000000000E+00  0.00000000000000E+00  0.57615207022251E+06  0.00000000000000E+00  0.00000000000000E+00  0.00000000000000E+00  0.00000000000000E+00  0.00000000000000E+00  0.00000000000000E+00  0.00000000000000E+00  0.00000000000000E+00  0.00000000000000E+00  0.00000000000000E+00  0.00000000000000E+00  0.00000000000000E+00
  -0.10847337453038E+07  0.26329359845726E+06 -0.50289099121717E+05 -0.34082504397513E+06  0.62538552128311E+05 -0.42810608038491E+05 -0.52182333559416E+05 -0.56486908807727E+06  0.12623963886577E+06  0.23004575918792E+05 -0.41584073696024E+04 -0.12100561695881E-09 -0.46431925100136E-11 -0.14416447496140E-11  0.43295420853923E+04 -0.50684269601924E+03  0.34222654699804E+04  0.19128605051668E+04  0.28135803237394E+07  0.29947332617731E+03  0.12732955712479E+06 -0.42267423451126E+05 -0.11607127419775E+06 -0.49035041281333E+06  0.00000000000000E+00  0.00000000000000E+00  0.00000000000000E+00  0.00000000000000E+00  0.91525956434388E+06  0.00000000000000E+00  0.00000000000000E+00  0.00000000000000E+00  0.00000000000000E+00  0.00000000000000E+00  0.00000000000000E+00  0.00000000000000E+00  0.00000000000000E+00  0.00000000000000E+00  0.00000000000000E+00  0.00000000000000E+00
  -0.20552848604459E+05  0.57973086889599E+04 -0.99526044907731E+03 -0.14189411022477E+04  0.33624862042549E+03  0.51195751761145E+01 -0.16748723402026E+03 -0.73211805478379E+05  0.23127221856901E+05  0.15320664981664E+04 -0.44070131209170E+03 -0.25322640826799E+04 -0.15683986707798E+03 -0.33638092485972E+01 -0.14975303310147E+04  0.14859131945264E+03 -0.10571596155494E+04 -0.53102393143792E+03  0.18102423588119E+05  0.00000000000000E+00  0.00000000000000E+00  0.00000000000000E+00  0.00000000000000E+00  0.00000000000000E+00  0.00000000000000E+00  0.00000000000000E+00  0.00000000000000E+00  0.00000000000000E+00  0.00000000000000E+00  0.14691518849445E+05  0.00000000000000E+00  0.00000000000000E+00  0.00000000000000E+00  0.00000000000000E+00  0.00000000000000E+00  0.00000000000000E+00  0.00000000000000E+00  0.00000000000000E+00  0.00000000000000E+00  0.00000000000000E+00
  -0.46285073696657E+05  0.13200570208632E+05 -0.22510682398606E+04 -0.24958234709496E+04  0.57231559420023E+03 -0.20776375821313E+02 -0.28529774216076E+03 -0.16359255506993E+06  0.51786696196527E+05  0.33512350502954E+04 -0.98487230137401E+03 -0.74043902845471E+02 -0.19499940211192E+02 -0.17360826360772E-04 -0.29162538838537E+04  0.28900506524641E+03 -0.20605829190444E+04 -0.10372185697689E+04  0.32231676687703E+05 -0.60891577001700E+01 -0.12696508311480E+04 -0.13394968917723E+03 -0.33170494580461E+03 -0.17552608857843E+04  0.00000000000000E+00  0.00000000000000E+00  0.00000000000000E+00  0.00000000000000E+00  0.00000000000000E+00  0.00000000000000E+00  0.31621460514809E+05  0.00000000000000E+00  0.00000000000000E+00  0.00000000000000E+00  0.00000000000000E+00  0.00000000000000E+00  0.00000000000000E+00  0.00000000000000E+00  0.00000000000000E+00  0.00000000000000E+00
  -0.30799269333632E+04  0.42050336825920E+03 -0.11804105856830E+03 -0.74699892003951E+02  0.96034237116213E+01 -0.19862551167005E+02 -0.13949966972809E+02 -0.13580037222685E+04  0.18436894818390E+03  0.43507762728126E+02 -0.11174221175196E+02 -0.83729738514866E+02 -0.66904322705458E+01 -0.14040433158967E+00 -0.70727530069221E+03  0.74986126252436E+02 -0.47404058523340E+03 -0.25907539338015E+03  0.23720409143377E+03  0.00000000000000E+00  0.00000000000000E+00  0.00000000000000E+00  0.00000000000000E+00  0.00000000000000E+00  0.00000000000000E+00  0.00000000000000E+00  0.00000000000000E+00  0.00000000000000E+00  0.00000000000000E+00  0.00000000000000E+00  0.00000000000000E+00  0.37882580253636E+04  0.00000000000000E+00  0.00000000000000E+00  0.00000000000000E+00  0.00000000000000E+00  0.00000000000000E+00  0.00000000000000E+00  0.00000000000000E+00  0.00000000000000E+00
  -0.19804380338898E+06  0.63335473696640E+05 -0.98192495355576E+04 -0.11706881679337E+05  0.29319811460328E+04  0.41683870003421E+03 -0.10242273269546E+04 -0.56996818716515E+04  0.57475716160877E+03  0.58158671607655E+03 -0.49065674662779E+02 -0.21496807161947E+00 -0.15486331566292E+00 -0.36437097619529E-12  0.14799964621628E+03 -0.39113836403959E+02  0.25690744970598E+02  0.46511493646270E+02  0.18747405357402E+06  0.00000000000000E+00  0.00000000000000E+00  0.22626075707182E+04  0.31585933255416E+04  0.16051514317462E+05  0.00000000000000E+00  0.00000000000000E+00  0.00000000000000E+00  0.00000000000000E+00  0.00000000000000E+00  0.00000000000000E+00  0.00000000000000E+00  0.00000000000000E+00  0.10525613770614E+06  0.00000000000000E+00  0.00000000000000E+00  0.00000000000000E+00  0.00000000000000E+00  0.00000000000000E+00  0.00000000000000E+00  0.00000000000000E+00
  -0.22397550325383E+06  0.71019084631576E+05 -0.11070194754951E+05 -0.52622342002675E+05  0.12958947144827E+05  0.14617488685244E+04 -0.47791069031718E+04 -0.11207891659284E+05  0.11740886784555E+04  0.11026053526553E+04 -0.96189759511178E+02 -0.53190072360116E-10 -0.50960777938085E-11 -0.13926749439440E-12  0.27176750013566E+03 -0.70650419850060E+02  0.53634408991061E+02  0.88734009810865E+02  0.81893642694575E+06  0.19524503169705E+03  0.25546583644893E+05 -0.50045934636093E+04 -0.15569970843047E+05 -0.82225602832963E+05  0.00000000000000E+00  0.00000000000000E+00  0.00000000000000E+00  0.00000000000000E+00  0.00000000000000E+00  0.00000000000000E+00  0.00000000000000E+00  0.00000000000000E+00  0.00000000000000E+00  0.13833213058773E+06  0.00000000000000E+00  0.00000000000000E+00  0.00000000000000E+00  0.00000000000000E+00  0.00000000000000E+00  0.00000000000000E+00
  -0.92972950424474E+04  0.25109778719740E+04 -0.44087664352999E+03 -0.25745621135755E+04  0.48789502074440E+03 -0.27415932758967E+03 -0.38020414731884E+03 -0.16385978641643E+03 -0.11311612551604E+04  0.14226711148737E+03 -0.16687451018837E+02 -0.18759435139841E+01 -0.19629157844938E+00 -0.17447173733496E-02 -0.26943435012987E+04  0.38546049795201E+03 -0.18636126117112E+04 -0.11969964151540E+04  0.25733787457902E+05  0.00000000000000E+00  0.00000000000000E+00  0.00000000000000E+00  0.00000000000000E+00  0.00000000000000E+00  0.00000000000000E+00  0.00000000000000E+00  0.00000000000000E+00  0.00000000000000E+00  0.00000000000000E+00  0.00000000000000E+00  0.00000000000000E+00  0.00000000000000E+00  0.00000000000000E+00  0.00000000000000E+00  0.84546117490203E+04  0.00000000000000E+00  0.00000000000000E+00  0.00000000000000E+00  0.00000000000000E+00  0.00000000000000E+00
  -0.32801508286584E+04  0.79433049024851E+03 -0.15293394268605E+03 -0.99995642454123E+03  0.18052496035878E+03 -0.13861785710686E+03 -0.15989936877452E+03  0.82656210476230E+02 -0.64577835526891E+03  0.62930960272740E+02 -0.77228378352913E+01 -0.80389511831450E+00 -0.76069234844454E-01 -0.95389799647805E-03 -0.14550534765433E+04  0.19497716407579E+03 -0.10274482372790E+04 -0.63355323499335E+03  0.80926740503708E+04  0.00000000000000E+00  0.00000000000000E+00  0.00000000000000E+00  0.00000000000000E+00  0.00000000000000E+00  0.00000000000000E+00  0.00000000000000E+00  0.00000000000000E+00  0.00000000000000E+00  0.00000000000000E+00  0.00000000000000E+00  0.00000000000000E+00  0.00000000000000E+00  0.00000000000000E+00  0.00000000000000E+00  0.00000000000000E+00  0.43103315372351E+04  0.00000000000000E+00  0.00000000000000E+00  0.00000000000000E+00  0.00000000000000E+00
  -0.14828178250860E+05 -0.23880990689877E+04  0.55220113262849E+02 -0.93718008266092E+04  0.32910579093014E+03 -0.30552749170759E+04 -0.12812518460133E+04 -0.26392671791220E+06  0.11130858136622E+06  0.30840903801724E+04 -0.11504702308730E+04  0.29899180434496E+03  0.29758573033389E+02 -0.16020456764095E+01 -0.26368420970094E+04 -0.23198326637884E+03  0.36521762907776E+03  0.78831347163744E+03 -0.19441108320671E+05  0.00000000000000E+00  0.00000000000000E+00  0.00000000000000E+00  0.00000000000000E+00  0.00000000000000E+00  0.00000000000000E+00  0.00000000000000E+00  0.00000000000000E+00  0.00000000000000E+00  0.00000000000000E+00  0.00000000000000E+00  0.00000000000000E+00  0.00000000000000E+00  0.00000000000000E+00  0.00000000000000E+00  0.00000000000000E+00  0.00000000000000E+00  0.12358697204362E+06  0.00000000000000E+00  0.00000000000000E+00  0.00000000000000E+00
   0.16589805811751E+05 -0.22380263269072E+04  0.72091735889340E+03 -0.15637815056270E+05  0.24837445494002E+04 -0.33356835175645E+04 -0.31487730561358E+04 -0.86825473603912E+04  0.15821901872428E+04  0.44073836505049E+03 -0.68534484877175E+02  0.32019610002483E+03  0.71757816334373E+02  0.50601393889363E-04  0.18094231752507E+03 -0.32456423784081E+02  0.13533723931352E+03  0.10293691821197E+03  0.45034093858198E+05  0.16017366498597E+02 -0.46135831588421E+04  0.15132108801145E+04  0.37726753019269E+04  0.20097665521429E+05  0.00000000000000E+00  0.00000000000000E+00  0.00000000000000E+00  0.00000000000000E+00  0.00000000000000E+00  0.00000000000000E+00  0.00000000000000E+00  0.00000000000000E+00  0.00000000000000E+00  0.00000000000000E+00  0.00000000000000E+00  0.00000000000000E+00  0.00000000000000E+00  0.39207008312836E+05  0.00000000000000E+00  0.00000000000000E+00
  -0.70504172253454E+05  0.85313395848732E+04 -0.25462061236269E+04 -0.71757770627914E+04  0.81525374188978E+03 -0.18557808083085E+04 -0.11510977821147E+04 -0.13828623564345E+06  0.44225004250275E+05  0.27922767992063E+04 -0.83011683435943E+03 -0.28784128844897E+04 -0.20509876921877E+03 -0.31626422548389E+01 -0.77732723982473E+03  0.21960535764410E+03 -0.10312143670263E+04 -0.77318723922225E+03  0.21062531294925E+05  0.00000000000000E+00  0.00000000000000E+00 -0.38439099283406E+03 -0.21139322607958E+04  0.15589533891009E+04  0.00000000000000E+00  0.00000000000000E+00  0.00000000000000E+00  0.00000000000000E+00  0.00000000000000E+00  0.00000000000000E+00  0.00000000000000E+00  0.00000000000000E+00  0.00000000000000E+00  0.00000000000000E+00  0.00000000000000E+00  0.00000000000000E+00  0.00000000000000E+00  0.00000000000000E+00  0.94752625948380E+05  0.00000000000000E+00
  -0.55691405251322E+05  0.71624633554905E+04 -0.20666207793312E+04 -0.21246331119998E+05  0.25043497152180E+04 -0.53489061450826E+04 -0.34285574123223E+04 -0.17199019714923E+06  0.54466131337135E+05  0.35566746219842E+04 -0.10404656609187E+04  0.24028634152645E-11 -0.72046160802287E-11 -0.58627701958205E-12 -0.87324897204329E+03  0.24540072444490E+03 -0.11466986504474E+04 -0.85907866552070E+03  0.64778830749448E+05 -0.31179140113682E+02  0.45345724748158E+04 -0.27668932985193E+04 -0.80538994043413E+04 -0.29376927077372E+05  0.00000000000000E+00  0.00000000000000E+00  0.00000000000000E+00  0.00000000000000E+00  0.00000000000000E+00  0.00000000000000E+00  0.00000000000000E+00  0.00000000000000E+00  0.00000000000000E+00  0.00000000000000E+00  0.00000000000000E+00  0.00000000000000E+00  0.00000000000000E+00  0.00000000000000E+00  0.00000000000000E+00  0.99379386341142E+05

 # Covariance matrix (Bevington epsilon)
