# fitpack15: fit parameters                                                                         
# CJ15 AV18 final data choices                                                                      
# Created on 01/23/2020 at 22:23:29                                                                 

 # QCD setup
  INS                           0
  NVL                          11
  IORD                          1
  Q02                   1.6899999999999999     
  IPARAMC                       7
  FLAVOR                4.0000000000000000     
  xmc                   1.3000000000000000     
  xmb                   4.5000000000000000     
  ncb                          12
  ihq                           1
  ias                           0

 # Theory corrections
  inuke                     10814
  itmc                          1
  iht                           1

 # fit parameters
 LAMBDA       0.22680        0.0000    
 a0uv          2.3995        0.0000    
 a1uv         0.61481       0.19932E-01
 a2uv          3.5441       0.12387E-01
 a3uv          0.0000        0.0000    
 a4uv          3.4808       0.43198    
 a5uv          0.0000        0.0000    
 a0dv          24.582        0.0000    
 a1dv          1.1587       0.33528E-01
 a2dv          6.5443       0.15906    
 a3dv         -3.5001       0.86300E-01
 a4dv          4.6750       0.14301    
 a5dv          0.0000        0.0000    
 a0ud         0.14668       0.50366E-02
 a1ud        -0.20773       0.37534E-02
 a2ud          8.3158       0.19153    
 a3ud          0.0000        0.0000    
 a4ud          14.584        1.2237    
 a5ud          0.0000        0.0000    
 a0du          35712.        0.0000    
 a1du          4.0270       0.75470E-01
 a2du          20.123       0.87650    
 a3du          17.000        0.0000    
 a4du          51.168        10.595    
 a0g           46.119        0.0000    
 a1g          0.60615       0.31523E-01
 a2g           6.5969       0.98146    
 a3g          -3.3071       0.13712    
 a4g           3.1919       0.33006    
 a5g           0.0000        0.0000    
 kappa        0.40000        0.0000    
 a6dv        -0.35691E-02   0.67097E-03
 a7dv          2.0000        0.0000    
 off1         -3.7426        1.5188    
 off2         0.57055E-01   0.57231E-01
 ht1          -3.3120       0.26088    
 ht2           1.9239       0.10415    
 ht3          -2.0570       0.18063E-01
 ht4           0.0000        0.0000    
 dummy40       0.0000        0.0000    
 dummy41       0.0000        0.0000    
 dummy42       0.0000        0.0000    
 dummy43       0.0000        0.0000    
 dummy44       0.0000        0.0000    
 dummy45       0.0000        0.0000    
 dummy46       0.0000        0.0000    
 dummy47       0.0000        0.0000    
 dummy48       0.0000        0.0000    
 dummy49       0.0000        0.0000    
 bcdmsh2      0.97341       0.48249E-02
 bcdmsd2      0.99361       0.58322E-02
 ccfr          1.0000        0.0000    
 nutev         1.0000        0.0000    
 zeus         0.97998        0.0000    
 h1            1.0162        0.0000    
 e605          1.0319        0.0000    
 NmcH2         1.0096       0.71230E-02
 ntv_nu        1.0000        0.0000    
 ntv_nubar     1.0000        0.0000    
 cdf_jet      0.98910        0.0000    
 d0_jet       0.83504        0.0000    
 slac_p        1.0045       0.48075E-02
 slac_d        1.0039       0.52704E-02
 e866pp       0.96715       0.19285E-01
 e866pd       0.96506       0.15847E-01
 d0_gamjet     1.0389       0.16478E-01
 h1b          0.97608        0.0000    
 jlab_p       0.99362       0.57821E-02
 jlab_d       0.97506       0.58974E-02
 blank         1.0000        0.0000    
 d0run2       0.93991       0.14100E-01
 cdfrun2      0.92576       0.17202E-01
 HERA_el       1.0000        0.0000    
 HERA_ps       1.0000        0.0000    
 CDF_Z        0.96623       0.65258E-02
 NmcRat        1.0000        0.0000    
 BNS_F2nd     0.98326       0.69201E-02
 HERMES_F2p   0.99821       0.55639E-02
 HERMES_F2d   0.98042       0.58193E-02
 END 0. 0.

 # Hessian matrix (Bevington alpha)
   0.48795679407938E+07 -0.12857551997261E+07  0.23311514358567E+06  0.47871480194544E+06 -0.12621542181759E+06 -0.22258312295189E+05  0.55343345995753E+05  0.90216319097311E+06 -0.17360295248005E+06 -0.48390836299999E+05  0.73645890780248E+04  0.15548591831489E+05  0.17595751840569E+04 -0.11120074459142E+03  0.73916116600097E+04 -0.18855296176804E+04  0.10422132304532E+05  0.74781753463980E+04 -0.73799571682006E+07 -0.14168188880159E+04 -0.20820246042286E+06  0.57527420877201E+05  0.17980920533289E+06  0.74268684495204E+06 -0.12679481965935E+06 -0.53765424067561E+05 -0.43657164502265E+04 -0.83725852216985E+06 -0.10831279981358E+07 -0.20538646694278E+05 -0.46269485147060E+05 -0.30778577970599E+04 -0.19837192148482E+06 -0.22368544818319E+06 -0.91155954517427E+04 -0.32307913411774E+04 -0.14854398053444E+05  0.16566792260307E+05 -0.70477210859437E+05 -0.55608690553376E+05
  -0.12857551997261E+07  0.41269933440730E+06 -0.63509861757782E+05 -0.13480990859974E+06  0.35270738516484E+05  0.85256112055974E+04 -0.12350566813446E+05 -0.12145580029393E+06  0.26436665560548E+05  0.74946386913214E+04 -0.93687405505156E+03 -0.12556916601934E+04 -0.14688940027247E+03  0.13411773697137E+02  0.65858436842556E+03 -0.50782826526310E+02  0.16605678546746E+03  0.90625868368375E+02  0.25332385408616E+07  0.57032016933466E+03  0.59484801388660E+05 -0.12730714220056E+05 -0.43200094862932E+05 -0.20493939292272E+06  0.16560159001422E+05  0.81857208986502E+04 -0.24064378714618E+03  0.20918601194784E+06  0.26312668617652E+06  0.57964210990037E+04  0.13205642561132E+05  0.42107107242405E+03  0.63468569395245E+05  0.70987227184276E+05  0.24701942193894E+04  0.78504931204389E+03 -0.23749392129189E+04 -0.22360685743128E+04  0.85316075180870E+04  0.71558270578320E+04
   0.23311514358567E+06 -0.63509861757782E+05  0.11260798552277E+05  0.23119626520400E+05 -0.61879894963866E+04 -0.12990997558086E+04  0.25908094678379E+04  0.31581117711564E+05 -0.59243280565962E+04 -0.19997764956192E+04  0.26180547655657E+03  0.48585355325316E+03  0.63776450382163E+02 -0.50274295507011E+01 -0.39404165139666E+03  0.53612788718074E+00 -0.18355659882071E+03 -0.26205249646283E+02 -0.36839592408593E+06 -0.72774317565298E+02 -0.10109306044985E+05  0.26744777703514E+04  0.83716446350320E+04  0.35672944782881E+05 -0.55399841674348E+04 -0.23635137899669E+04  0.51364362814825E+02 -0.39000291461358E+05 -0.50628358087331E+05 -0.10029450498813E+04 -0.22694040020592E+04 -0.11881111754999E+03 -0.99223412756600E+04 -0.11155403844506E+05 -0.43632404552214E+03 -0.15200484391026E+03  0.55899493592597E+02  0.72506596377864E+03 -0.25614378661704E+04 -0.20771576723332E+04
   0.47871480194544E+06 -0.13480990859974E+06  0.23119626520400E+05  0.39467963271574E+06 -0.62439521073118E+05  0.75600992099785E+05  0.64653117983252E+05  0.34587640914622E+06 -0.25459864719244E+05 -0.18328349761826E+05  0.33649688041697E+04 -0.13666447530719E+04 -0.15611633066292E+03  0.58197891298382E+02  0.30452041520824E+05 -0.36697846878769E+04  0.26882902899637E+05  0.15021322047239E+05 -0.21986118316754E+07 -0.21597992994421E+03 -0.60937011711546E+05  0.20476764680301E+05  0.56720328212110E+05  0.24000423955286E+06 -0.12767380336727E+05 -0.21123145988098E+05 -0.67152642967736E+02 -0.65670138352511E+05 -0.34029704277251E+06 -0.14125515514827E+04 -0.24859232091818E+04 -0.74005251126880E+02 -0.11729746968059E+05 -0.52578208913175E+05 -0.25164323437166E+04 -0.98275053135849E+03 -0.94639349379802E+04 -0.15668124541550E+05 -0.71866379472466E+04 -0.21261878663845E+05
  -0.12621542181759E+06  0.35270738516484E+05 -0.61879894963866E+04 -0.62439521073118E+05  0.11752269718129E+05 -0.78901386998903E+04 -0.94539674326392E+04 -0.32377867106459E+05  0.36009963732395E+03  0.24031387223524E+04 -0.34268676748275E+03 -0.42175238377173E+02  0.45231725774305E+01 -0.52170106359997E+01 -0.25930305375362E+04  0.31750770243527E+03 -0.22368714443232E+04 -0.12668342437375E+04  0.48722937594742E+06  0.68833608368835E+02  0.12724134803177E+05 -0.38578327718265E+04 -0.10662146721587E+05 -0.48109144440778E+05  0.19991433799545E+04  0.33680334289162E+04 -0.56172814920428E+02  0.11980620298156E+05  0.63154385170580E+05  0.34000025285912E+03  0.57883583053792E+03  0.95727311634041E+01  0.29899077851602E+04  0.13188855730570E+05  0.48474785557286E+03  0.17981499586564E+03  0.33006672206408E+03  0.24938741952337E+04  0.81944319502817E+03  0.25162751794510E+04
  -0.22258312295189E+05  0.85256112055974E+04 -0.12990997558086E+04  0.75600992099785E+05 -0.78901386998903E+04  0.24211804942467E+05  0.14728294987143E+05  0.10474453971897E+06 -0.93473541557397E+04 -0.46100048601528E+04  0.10014829290542E+04 -0.70567954077641E+03 -0.69170209919201E+02  0.19672872228029E+02  0.92465699211204E+04 -0.11437259010915E+04  0.82990677550353E+04  0.47013617400927E+04 -0.68408661744455E+05  0.52080465653476E+02 -0.45581241470095E+04  0.25388301804468E+04  0.69873072002811E+04  0.21821544781345E+05 -0.28128120028352E+04 -0.43143817520319E+04  0.15278064977495E+03 -0.88649868963657E+04 -0.43857351739975E+05 -0.41852401872479E+01 -0.36739292109959E+02 -0.19557949442480E+02  0.32964733254992E+03  0.11069933276472E+04 -0.27515005366323E+03 -0.13837611101542E+03 -0.30227868144383E+04 -0.33677455573926E+04 -0.18459271096262E+04 -0.53204877962659E+04
   0.55343345995753E+05 -0.12350566813446E+05  0.25908094678379E+04  0.64653117983252E+05 -0.94539674326392E+04  0.14728294987143E+05  0.11568474883589E+05  0.58176032094777E+05 -0.29768158934997E+04 -0.32932889931583E+04  0.58646243919196E+03 -0.21369561812273E+03 -0.27300172479794E+02  0.10342922493017E+02  0.47764557922037E+04 -0.59909794567486E+03  0.41803783752893E+04  0.23979309681539E+04 -0.24986619004163E+06 -0.24629094279770E+01 -0.83810308754091E+04  0.31667937172227E+04  0.86216892951758E+04  0.33666836061089E+05 -0.24947380684612E+04 -0.39106188629685E+04  0.13562937516989E+03 -0.10093097261990E+05 -0.52660549913363E+05 -0.17201928947926E+03 -0.29308957539177E+03 -0.13759145108178E+02 -0.10797156743123E+04 -0.49986025997442E+04 -0.37632284023152E+03 -0.15845233381553E+03 -0.12681207827137E+04 -0.31549201805609E+04 -0.11467218466318E+04 -0.34153671519216E+04
   0.90216319097311E+06 -0.12145580029393E+06  0.31581117711564E+05  0.34587640914622E+06 -0.32377867106459E+05  0.10474453971897E+06  0.58176032094777E+05  0.49679698596381E+07 -0.23114298814748E+07 -0.85325858333819E+05  0.25900560646913E+05  0.27288054655415E+05  0.18208270778930E+04  0.10301077224444E+03  0.82341446221981E+05 -0.10415036174273E+05  0.83451246840563E+05  0.44974852511120E+05 -0.56906344904095E+06  0.37115262887199E+03 -0.27636379274473E+05  0.28730735283019E+05  0.90292524097766E+05  0.24631552473815E+06 -0.60570168662100E+05 -0.48676943719728E+05 -0.66797751780073E+05 -0.28121099982276E+06 -0.55785611835509E+06 -0.72490357585369E+05 -0.16203305925722E+06 -0.13318916173603E+04 -0.57189090145079E+04 -0.11222265425144E+05  0.41626878158532E+02  0.15657850325517E+03 -0.26174899044833E+06 -0.85943481536187E+04 -0.13684988440813E+06 -0.17015406103293E+06
  -0.17360295248005E+06  0.26436665560548E+05 -0.59243280565962E+04 -0.25459864719244E+05  0.36009963732395E+03 -0.93473541557397E+04 -0.29768158934997E+04 -0.23114298814748E+07  0.19303790220483E+07  0.19020662807947E+05 -0.65286926944848E+04 -0.58774985046975E+04 -0.32203652674818E+03 -0.14170059722506E+02  0.49611282002353E+05 -0.23240256538028E+04  0.16755447851507E+05  0.81066502697019E+04 -0.26407611649561E+05 -0.91926785038636E+02  0.66922306815690E+03 -0.58241241888941E+04 -0.19448841711591E+05 -0.47326788062748E+05  0.11470513895085E+05  0.10851696758307E+05  0.24128349596557E+05  0.65629962936325E+05  0.12603200094045E+06  0.23148319737430E+05  0.51853028565498E+05  0.18015783425104E+03  0.61565907466841E+03  0.12439285074153E+04 -0.11916986377163E+04 -0.66837552819186E+03  0.11159897000213E+06  0.15817624329497E+04  0.44239774072509E+05  0.54463974623232E+05
  -0.48390836299999E+05  0.74946386913214E+04 -0.19997764956192E+04 -0.18328349761826E+05  0.24031387223524E+04 -0.46100048601528E+04 -0.32932889931583E+04 -0.85325858333819E+05  0.19020662807947E+05  0.26505962491932E+04 -0.64208184107237E+03 -0.70276099575648E+03 -0.61609194122651E+02 -0.19586901143178E+01 -0.39676976969096E+04  0.47875385611901E+03 -0.35357628453833E+04 -0.19889521066664E+04  0.56817909101720E+05 -0.86357427884597E+01  0.24582914455745E+04 -0.13162365377701E+04 -0.38418378233691E+04 -0.12205359966142E+05  0.27405197719531E+04  0.18975774946888E+04  0.72820940537272E+03  0.10964169753945E+05  0.22929331802482E+05  0.15298042552985E+04  0.33476689933782E+04  0.43215387622381E+02  0.57977871247289E+03  0.10990713944052E+04  0.13610953728250E+03  0.60764212481733E+02  0.30861413398192E+04  0.44084322278913E+03  0.27882394888893E+04  0.35515181063455E+04
   0.73645890780248E+04 -0.93687405505156E+03  0.26180547655657E+03  0.33649688041697E+04 -0.34268676748275E+03  0.10014829290542E+04  0.58646243919196E+03  0.25900560646913E+05 -0.65286926944848E+04 -0.64208184107237E+03  0.18129460607821E+03  0.20825773946246E+03  0.15067213340407E+02  0.75269997903598E+00  0.12614626889477E+04 -0.13848336155942E+03  0.10760129931175E+04  0.58339994524402E+03 -0.64578487423950E+04  0.27329418385003E+01 -0.28327049731234E+03  0.22470783010704E+03  0.69097592457197E+03  0.19573629280564E+04 -0.48709601104017E+03 -0.36752959941910E+03 -0.34162895549218E+03 -0.20826575638124E+04 -0.41841531624402E+04 -0.44384523321764E+03 -0.99217342167787E+03 -0.11189183235370E+02 -0.49834241868992E+02 -0.97588913659596E+02 -0.15546812483699E+02 -0.73281199600865E+01 -0.11589176782861E+04 -0.69166536366612E+02 -0.83563079680831E+03 -0.10471960873793E+04
   0.15548591831489E+05 -0.12556916601934E+04  0.48585355325316E+03 -0.13666447530719E+04 -0.42175238377173E+02 -0.70567954077641E+03 -0.21369561812273E+03  0.27288054655415E+05 -0.58774985046975E+04 -0.70276099575648E+03  0.20825773946246E+03  0.18295091094722E+04  0.11898899987021E+03 -0.99345175444387E+00  0.14915730276650E+04 -0.20427855268274E+03  0.16146079349589E+04  0.92096299658618E+03 -0.67849002619607E+04 -0.51161477315253E+01 -0.12100254490000E+03 -0.72016245477805E+01  0.15366087221587E+03 -0.91656225352021E+03 -0.11724134058104E+04 -0.25044747187600E-10 -0.77091392423492E+03 -0.52287330764646E+04 -0.63465644066433E-09 -0.25240727089397E+04 -0.74684647261833E+02 -0.83337269588115E+02 -0.22197584786431E+00  0.73775731144106E-10 -0.18451583705218E+01 -0.79453668718845E+00  0.29970397750388E+03  0.32227366825451E+03 -0.28682595090308E+04  0.88509826675706E-10
   0.17595751840569E+04 -0.14688940027247E+03  0.63776450382163E+02 -0.15611633066292E+03  0.45231725774305E+01 -0.69170209919201E+02 -0.27300172479794E+02  0.18208270778930E+04 -0.32203652674818E+03 -0.61609194122651E+02  0.15067213340407E+02  0.11898899987021E+03  0.10640529018343E+02 -0.18288871495278E+00  0.80482351534885E+02 -0.13350600473513E+02  0.95757171555984E+02  0.59239390952027E+02 -0.32123694784756E+03 -0.43419572375689E+00  0.63523113675190E+01  0.12161651342086E+01  0.19877802798211E+02 -0.93493199205618E+02 -0.17320037097413E+03  0.44717701299925E-12 -0.29667721713676E+02 -0.61448433001799E+03 -0.90871935360357E-11 -0.15674206356572E+03 -0.19709449711384E+02 -0.66806363812656E+01 -0.15996797553008E+00  0.23676823742654E-11 -0.19394265892243E+00 -0.75519398148185E-01  0.29867903335345E+02  0.72311557962957E+02 -0.20495249551020E+03  0.13068559874264E-10
  -0.11120074459142E+03  0.13411773697137E+02 -0.50274295507011E+01  0.58197891298382E+02 -0.52170106359997E+01  0.19672872228029E+02  0.10342922493017E+02  0.10301077224444E+03 -0.14170059722506E+02 -0.19586901143178E+01  0.75269997903598E+00 -0.99345175444387E+00 -0.18288871495278E+00  0.56273203316477E-01  0.15264609646941E+02 -0.11783943990112E+01  0.97475090389724E+01  0.46121478418522E+01 -0.83539230756837E+02  0.26177628619117E-01 -0.45976005008671E+01  0.56870118221315E+00  0.14492383656360E+01  0.75239340807057E+01  0.72261346726339E-01 -0.26968873280600E-12 -0.65045947772773E+01 -0.91350890798514E+00 -0.25143842671093E-11 -0.37376290725442E+01 -0.24901833187926E-04 -0.15189200941636E+00  0.64615418238340E-14 -0.53559270736978E-13 -0.18618920723577E-02 -0.10230900426581E-02 -0.16405822443531E+01  0.77257376033031E-04 -0.35166598624456E+01  0.36963159022583E-12
   0.73916116600097E+04  0.65858436842556E+03 -0.39404165139666E+03  0.30452041520824E+05 -0.25930305375362E+04  0.92465699211204E+04  0.47764557922037E+04  0.82341446221981E+05  0.49611282002353E+05 -0.39676976969096E+04  0.12614626889477E+04  0.14915730276650E+04  0.80482351534885E+02  0.15264609646941E+02  0.48442250183057E+05 -0.44334614886521E+04  0.34841459244975E+05  0.18107254143058E+05 -0.54247853830537E+05  0.21776832302499E+01  0.74496257877991E+03 -0.20775572407122E+03 -0.60208397701216E+03 -0.14195972744362E+04 -0.25753150466494E+04 -0.16936250388360E+04 -0.24503550799630E+04  0.19699019697968E+04  0.41882204837849E+04 -0.15158784813399E+04 -0.29472617146975E+04 -0.71289162049808E+03  0.23148182821603E+03  0.41408431588233E+03 -0.28027404809264E+04 -0.14954044307825E+04 -0.24691444436604E+04  0.17958865315497E+03 -0.82737656729872E+03 -0.93171902590888E+03
  -0.18855296176804E+04 -0.50782826526310E+02  0.53612788718074E+00 -0.36697846878769E+04  0.31750770243527E+03 -0.11437259010915E+04 -0.59909794567486E+03 -0.10415036174273E+05 -0.23240256538028E+04  0.47875385611901E+03 -0.13848336155942E+03 -0.20427855268274E+03 -0.13350600473513E+02 -0.11783943990112E+01 -0.44334614886521E+04  0.47307572132442E+03 -0.36573322065875E+04 -0.19760536690768E+04  0.63253953066441E+04 -0.85756715298622E+00 -0.10918125082111E+03  0.21155821648654E+02  0.52552143144620E+02  0.14827863501406E+03  0.47344753969379E+03  0.29693492646865E+03  0.28038789282742E+03 -0.16032504714084E+03 -0.47196686933424E+03  0.15557946129860E+03  0.30155883518938E+03  0.77908421224469E+02 -0.62026648592814E+02 -0.10947352549013E+03  0.42347459210983E+03  0.21011291390591E+03 -0.28309012640848E+03 -0.32223466537510E+02  0.23747913318669E+03  0.26596386578261E+03
   0.10422132304532E+05  0.16605678546746E+03 -0.18355659882071E+03  0.26882902899637E+05 -0.22368714443232E+04  0.82990677550353E+04  0.41803783752893E+04  0.83451246840563E+05  0.16755447851507E+05 -0.35357628453833E+04  0.10760129931175E+04  0.16146079349589E+04  0.95757171555984E+02  0.97475090389724E+01  0.34841459244975E+05 -0.36573322065875E+04  0.28707864116817E+05  0.15368466176209E+05 -0.48040849719185E+05  0.11260970555003E+01  0.79728906197276E+03 -0.24883280184432E+03 -0.67741601882842E+03 -0.15595382822653E+04 -0.26390784898493E+04 -0.16984105763299E+04 -0.24569745680373E+04  0.20712246179454E+04  0.44368715483054E+04 -0.12698667217426E+04 -0.24790959410469E+04 -0.60567267591559E+03  0.83023209089450E+02  0.16146144696186E+03 -0.26338138106239E+04 -0.14159908648515E+04  0.13161864139358E+04  0.22285503013355E+03 -0.16430380108847E+04 -0.18246635336867E+04
   0.74781753463980E+04  0.90625868368375E+02 -0.26205249646283E+02  0.15021322047239E+05 -0.12668342437375E+04  0.47013617400927E+04  0.23979309681539E+04  0.44974852511120E+05  0.81066502697019E+04 -0.19889521066664E+04  0.58339994524402E+03  0.92096299658618E+03  0.59239390952027E+02  0.46121478418522E+01  0.18107254143058E+05 -0.19760536690768E+04  0.15368466176209E+05  0.83348496024059E+04 -0.26669032072968E+05  0.19596980872468E+01  0.48090651383614E+03 -0.13130146323139E+03 -0.33345218008071E+03 -0.81587747742800E+03 -0.18317457829528E+04 -0.11475431677713E+04 -0.12334024310745E+04  0.96467743631939E+03  0.24153511924826E+04 -0.64247828567835E+03 -0.12554397656530E+04 -0.33237166713254E+03  0.10843313032536E+03  0.20073236421283E+03 -0.16836496456092E+04 -0.87012620331727E+03  0.14122448552725E+04  0.15451511852082E+03 -0.11291904841757E+04 -0.12548124557633E+04
  -0.73799571682006E+07  0.25332385408616E+07 -0.36839592408593E+06 -0.21986118316754E+07  0.48722937594742E+06 -0.68408661744455E+05 -0.24986619004163E+06 -0.56906344904095E+06 -0.26407611649561E+05  0.56817909101720E+05 -0.64578487423950E+04 -0.67849002619607E+04 -0.32123694784756E+03 -0.83539230756837E+02 -0.54247853830537E+05  0.63253953066441E+04 -0.48040849719185E+05 -0.26669032072968E+05  0.32238029985723E+08  0.65111009724118E+04  0.65812325923182E+06 -0.16526735624230E+06 -0.49082181217762E+06 -0.24643142433952E+07  0.33533849739879E+05  0.74489932922487E+05 -0.11564550256030E+04  0.55791101756723E+06  0.27194838114214E+07  0.17475720530252E+05  0.31098504246184E+05  0.22792759473617E+03  0.18140499021593E+06  0.79166318023561E+06  0.24494740315821E+05  0.77367384187248E+04 -0.18605298110105E+05  0.43644020192748E+05  0.20330757963335E+05  0.62540985263015E+05
  -0.14168188880159E+04  0.57032016933466E+03 -0.72774317565298E+02 -0.21597992994421E+03  0.68833608368835E+02  0.52080465653476E+02 -0.24629094279770E+01  0.37115262887199E+03 -0.91926785038636E+02 -0.86357427884597E+01  0.27329418385003E+01 -0.51161477315253E+01 -0.43419572375689E+00  0.26177628619117E-01  0.21776832302499E+01 -0.85756715298622E+00  0.11260970555003E+01  0.19596980872468E+01  0.65111009724118E+04  0.24076481327343E+01  0.14156121174184E+03 -0.28721962856092E+02 -0.86557317081452E+02 -0.51500008052132E+03  0.00000000000000E+00 -0.25273205070449E+02  0.00000000000000E+00  0.00000000000000E+00  0.42473019496862E+03  0.00000000000000E+00 -0.73338863110184E+01  0.00000000000000E+00  0.00000000000000E+00  0.22005962592800E+03  0.00000000000000E+00  0.00000000000000E+00  0.00000000000000E+00  0.11419209050060E+02  0.00000000000000E+00 -0.26607802547444E+02
  -0.20820246042286E+06  0.59484801388660E+05 -0.10109306044985E+05 -0.60937011711546E+05  0.12724134803177E+05 -0.45581241470095E+04 -0.83810308754091E+04 -0.27636379274473E+05  0.66922306815690E+03  0.24582914455745E+04 -0.28327049731234E+03 -0.12100254490000E+03  0.63523113675190E+01 -0.45976005008671E+01  0.74496257877991E+03 -0.10918125082111E+03  0.79728906197276E+03  0.48090651383614E+03  0.65812325923182E+06  0.14156121174184E+03  0.25673152455164E+05 -0.76890383736638E+04 -0.21048041558666E+05 -0.98972429815490E+05  0.00000000000000E+00  0.49973414066617E+04  0.00000000000000E+00  0.00000000000000E+00  0.11401424598440E+06  0.00000000000000E+00 -0.11387629191653E+04  0.00000000000000E+00  0.00000000000000E+00  0.22723176412614E+05  0.00000000000000E+00  0.00000000000000E+00  0.00000000000000E+00 -0.41652532385025E+04  0.00000000000000E+00  0.41050623450313E+04
   0.57527420877201E+05 -0.12730714220056E+05  0.26744777703514E+04  0.20476764680301E+05 -0.38578327718265E+04  0.25388301804468E+04  0.31667937172227E+04  0.28730735283019E+05 -0.58241241888941E+04 -0.13162365377701E+04  0.22470783010704E+03 -0.72016245477805E+01  0.12161651342086E+01  0.56870118221315E+00 -0.20775572407122E+03  0.21155821648654E+02 -0.24883280184432E+03 -0.13130146323139E+03 -0.16526735624230E+06 -0.28721962856092E+02 -0.76890383736638E+04  0.28482963046297E+04  0.75868391150674E+04  0.32744506612387E+05 -0.53566335139046E+02 -0.21094541887544E+04  0.21641200604788E+01  0.34018551229089E+03 -0.42261717656367E+05  0.00000000000000E+00 -0.16252637544419E+03  0.00000000000000E+00  0.22385393036755E+04 -0.49284674965150E+04  0.00000000000000E+00  0.00000000000000E+00  0.00000000000000E+00  0.15077151812063E+04 -0.40736471342951E+03 -0.28252154371357E+04
   0.17980920533289E+06 -0.43200094862932E+05  0.83716446350320E+04  0.56720328212110E+05 -0.10662146721587E+05  0.69873072002811E+04  0.86216892951758E+04  0.90292524097766E+05 -0.19448841711591E+05 -0.38418378233691E+04  0.69097592457197E+03  0.15366087221587E+03  0.19877802798211E+02  0.14492383656360E+01 -0.60208397701216E+03  0.52552143144620E+02 -0.67741601882842E+03 -0.33345218008071E+03 -0.49082181217762E+06 -0.86557317081452E+02 -0.21048041558666E+05  0.75868391150674E+04  0.20843049580697E+05  0.88602478940322E+05 -0.16842525341369E+03 -0.52614054215336E+04 -0.52043743388952E+02 -0.71855421071399E+04 -0.11625952701372E+06  0.00000000000000E+00 -0.40247053120972E+03  0.00000000000000E+00  0.31144402156302E+04 -0.15358015145939E+05  0.00000000000000E+00  0.00000000000000E+00  0.00000000000000E+00  0.37591650766623E+04 -0.22240300473800E+04 -0.82533568823663E+04
   0.74268684495204E+06 -0.20493939292272E+06  0.35672944782881E+05  0.24000423955286E+06 -0.48109144440778E+05  0.21821544781345E+05  0.33666836061089E+05  0.24631552473815E+06 -0.47326788062748E+05 -0.12205359966142E+05  0.19573629280564E+04 -0.91656225352021E+03 -0.93493199205618E+02  0.75239340807057E+01 -0.14195972744362E+04  0.14827863501406E+03 -0.15595382822653E+04 -0.81587747742800E+03 -0.24643142433952E+07 -0.51500008052132E+03 -0.98972429815490E+05  0.32744506612387E+05  0.88602478940322E+05  0.41342733501933E+06  0.25705574733798E+03 -0.27098830752393E+05 -0.68034319428648E+01  0.38352861857885E+05 -0.48529844860862E+06  0.00000000000000E+00 -0.21297264030828E+04  0.00000000000000E+00  0.16247651805172E+05 -0.80533230799404E+05  0.00000000000000E+00  0.00000000000000E+00  0.00000000000000E+00  0.20026884401638E+05  0.15925071957884E+04 -0.29793884918851E+05
  -0.12679481965935E+06  0.16560159001422E+05 -0.55399841674348E+04 -0.12767380336727E+05  0.19991433799545E+04 -0.28128120028352E+04 -0.24947380684612E+04 -0.60570168662100E+05  0.11470513895085E+05  0.27405197719531E+04 -0.48709601104017E+03 -0.11724134058104E+04 -0.17320037097413E+03  0.72261346726339E-01 -0.25753150466494E+04  0.47344753969379E+03 -0.26390784898493E+04 -0.18317457829528E+04  0.33533849739879E+05  0.00000000000000E+00  0.00000000000000E+00 -0.53566335139046E+02 -0.16842525341369E+03  0.25705574733798E+03  0.11617387263196E+06  0.00000000000000E+00  0.00000000000000E+00  0.00000000000000E+00  0.00000000000000E+00  0.00000000000000E+00  0.00000000000000E+00  0.00000000000000E+00  0.00000000000000E+00  0.00000000000000E+00  0.00000000000000E+00  0.00000000000000E+00  0.00000000000000E+00  0.00000000000000E+00  0.00000000000000E+00  0.00000000000000E+00
  -0.53765424067561E+05  0.81857208986502E+04 -0.23635137899669E+04 -0.21123145988098E+05  0.33680334289162E+04 -0.43143817520319E+04 -0.39106188629685E+04 -0.48676943719728E+05  0.10851696758307E+05  0.18975774946888E+04 -0.36752959941910E+03 -0.25044747187600E-10  0.44717701299925E-12 -0.26968873280600E-12 -0.16936250388360E+04  0.29693492646865E+03 -0.16984105763299E+04 -0.11475431677713E+04  0.74489932922487E+05 -0.25273205070449E+02  0.49973414066617E+04 -0.21094541887544E+04 -0.52614054215336E+04 -0.27098830752393E+05  0.00000000000000E+00  0.64488496421032E+05  0.00000000000000E+00  0.00000000000000E+00  0.00000000000000E+00  0.00000000000000E+00  0.00000000000000E+00  0.00000000000000E+00  0.00000000000000E+00  0.00000000000000E+00  0.00000000000000E+00  0.00000000000000E+00  0.00000000000000E+00  0.00000000000000E+00  0.00000000000000E+00  0.00000000000000E+00
  -0.43657164502265E+04 -0.24064378714618E+03  0.51364362814825E+02 -0.67152642967736E+02 -0.56172814920428E+02  0.15278064977495E+03  0.13562937516989E+03 -0.66797751780073E+05  0.24128349596557E+05  0.72820940537272E+03 -0.34162895549218E+03 -0.77091392423492E+03 -0.29667721713676E+02 -0.65045947772773E+01 -0.24503550799630E+04  0.28038789282742E+03 -0.24569745680373E+04 -0.12334024310745E+04 -0.11564550256030E+04  0.00000000000000E+00  0.00000000000000E+00  0.21641200604788E+01 -0.52043743388952E+02 -0.68034319428648E+01  0.00000000000000E+00  0.00000000000000E+00  0.30657270663253E+05  0.00000000000000E+00  0.00000000000000E+00  0.00000000000000E+00  0.00000000000000E+00  0.00000000000000E+00  0.00000000000000E+00  0.00000000000000E+00  0.00000000000000E+00  0.00000000000000E+00  0.00000000000000E+00  0.00000000000000E+00  0.00000000000000E+00  0.00000000000000E+00
  -0.83725852216985E+06  0.20918601194784E+06 -0.39000291461358E+05 -0.65670138352511E+05  0.11980620298156E+05 -0.88649868963657E+04 -0.10093097261990E+05 -0.28121099982276E+06  0.65629962936325E+05  0.10964169753945E+05 -0.20826575638124E+04 -0.52287330764646E+04 -0.61448433001799E+03 -0.91350890798514E+00  0.19699019697968E+04 -0.16032504714084E+03  0.20712246179454E+04  0.96467743631939E+03  0.55791101756723E+06  0.00000000000000E+00  0.00000000000000E+00  0.34018551229089E+03 -0.71855421071399E+04  0.38352861857885E+05  0.00000000000000E+00  0.00000000000000E+00  0.00000000000000E+00  0.57791689810069E+06  0.00000000000000E+00  0.00000000000000E+00  0.00000000000000E+00  0.00000000000000E+00  0.00000000000000E+00  0.00000000000000E+00  0.00000000000000E+00  0.00000000000000E+00  0.00000000000000E+00  0.00000000000000E+00  0.00000000000000E+00  0.00000000000000E+00
  -0.10831279981358E+07  0.26312668617652E+06 -0.50628358087331E+05 -0.34029704277251E+06  0.63154385170580E+05 -0.43857351739975E+05 -0.52660549913363E+05 -0.55785611835509E+06  0.12603200094045E+06  0.22929331802482E+05 -0.41841531624402E+04 -0.63465644066433E-09 -0.90871935360357E-11 -0.25143842671093E-11  0.41882204837849E+04 -0.47196686933424E+03  0.44368715483054E+04  0.24153511924826E+04  0.27194838114214E+07  0.42473019496862E+03  0.11401424598440E+06 -0.42261717656367E+05 -0.11625952701372E+06 -0.48529844860862E+06  0.00000000000000E+00  0.00000000000000E+00  0.00000000000000E+00  0.00000000000000E+00  0.91760119313463E+06  0.00000000000000E+00  0.00000000000000E+00  0.00000000000000E+00  0.00000000000000E+00  0.00000000000000E+00  0.00000000000000E+00  0.00000000000000E+00  0.00000000000000E+00  0.00000000000000E+00  0.00000000000000E+00  0.00000000000000E+00
  -0.20538646694278E+05  0.57964210990037E+04 -0.10029450498813E+04 -0.14125515514827E+04  0.34000025285912E+03 -0.41852401872479E+01 -0.17201928947926E+03 -0.72490357585369E+05  0.23148319737430E+05  0.15298042552985E+04 -0.44384523321764E+03 -0.25240727089397E+04 -0.15674206356572E+03 -0.37376290725442E+01 -0.15158784813399E+04  0.15557946129860E+03 -0.12698667217426E+04 -0.64247828567835E+03  0.17475720530252E+05  0.00000000000000E+00  0.00000000000000E+00  0.00000000000000E+00  0.00000000000000E+00  0.00000000000000E+00  0.00000000000000E+00  0.00000000000000E+00  0.00000000000000E+00  0.00000000000000E+00  0.00000000000000E+00  0.14730720850475E+05  0.00000000000000E+00  0.00000000000000E+00  0.00000000000000E+00  0.00000000000000E+00  0.00000000000000E+00  0.00000000000000E+00  0.00000000000000E+00  0.00000000000000E+00  0.00000000000000E+00  0.00000000000000E+00
  -0.46269485147060E+05  0.13205642561132E+05 -0.22694040020592E+04 -0.24859232091818E+04  0.57883583053792E+03 -0.36739292109959E+02 -0.29308957539177E+03 -0.16203305925722E+06  0.51853028565498E+05  0.33476689933782E+04 -0.99217342167787E+03 -0.74684647261833E+02 -0.19709449711384E+02 -0.24901833187926E-04 -0.29472617146975E+04  0.30155883518938E+03 -0.24790959410469E+04 -0.12554397656530E+04  0.31098504246184E+05 -0.73338863110184E+01 -0.11387629191653E+04 -0.16252637544419E+03 -0.40247053120972E+03 -0.21297264030828E+04  0.00000000000000E+00  0.00000000000000E+00  0.00000000000000E+00  0.00000000000000E+00  0.00000000000000E+00  0.00000000000000E+00  0.31709131172181E+05  0.00000000000000E+00  0.00000000000000E+00  0.00000000000000E+00  0.00000000000000E+00  0.00000000000000E+00  0.00000000000000E+00  0.00000000000000E+00  0.00000000000000E+00  0.00000000000000E+00
  -0.30778577970599E+04  0.42107107242405E+03 -0.11881111754999E+03 -0.74005251126880E+02  0.95727311634041E+01 -0.19557949442480E+02 -0.13759145108178E+02 -0.13318916173603E+04  0.18015783425104E+03  0.43215387622381E+02 -0.11189183235370E+02 -0.83337269588115E+02 -0.66806363812656E+01 -0.15189200941636E+00 -0.71289162049808E+03  0.77908421224469E+02 -0.60567267591559E+03 -0.33237166713254E+03  0.22792759473617E+03  0.00000000000000E+00  0.00000000000000E+00  0.00000000000000E+00  0.00000000000000E+00  0.00000000000000E+00  0.00000000000000E+00  0.00000000000000E+00  0.00000000000000E+00  0.00000000000000E+00  0.00000000000000E+00  0.00000000000000E+00  0.00000000000000E+00  0.37875559738996E+04  0.00000000000000E+00  0.00000000000000E+00  0.00000000000000E+00  0.00000000000000E+00  0.00000000000000E+00  0.00000000000000E+00  0.00000000000000E+00  0.00000000000000E+00
  -0.19837192148482E+06  0.63468569395245E+05 -0.99223412756600E+04 -0.11729746968059E+05  0.29899077851602E+04  0.32964733254992E+03 -0.10797156743123E+04 -0.57189090145079E+04  0.61565907466841E+03  0.57977871247289E+03 -0.49834241868992E+02 -0.22197584786431E+00 -0.15996797553008E+00  0.64615418238340E-14  0.23148182821603E+03 -0.62026648592814E+02  0.83023209089450E+02  0.10843313032536E+03  0.18140499021593E+06  0.00000000000000E+00  0.00000000000000E+00  0.22385393036755E+04  0.31144402156302E+04  0.16247651805172E+05  0.00000000000000E+00  0.00000000000000E+00  0.00000000000000E+00  0.00000000000000E+00  0.00000000000000E+00  0.00000000000000E+00  0.00000000000000E+00  0.00000000000000E+00  0.10568247899576E+06  0.00000000000000E+00  0.00000000000000E+00  0.00000000000000E+00  0.00000000000000E+00  0.00000000000000E+00  0.00000000000000E+00  0.00000000000000E+00
  -0.22368544818319E+06  0.70987227184276E+05 -0.11155403844506E+05 -0.52578208913175E+05  0.13188855730570E+05  0.11069933276472E+04 -0.49986025997442E+04 -0.11222265425144E+05  0.12439285074153E+04  0.10990713944052E+04 -0.97588913659596E+02  0.73775731144106E-10  0.23676823742654E-11 -0.53559270736978E-13  0.41408431588233E+03 -0.10947352549013E+03  0.16146144696186E+03  0.20073236421283E+03  0.79166318023561E+06  0.22005962592800E+03  0.22723176412614E+05 -0.49284674965150E+04 -0.15358015145939E+05 -0.80533230799404E+05  0.00000000000000E+00  0.00000000000000E+00  0.00000000000000E+00  0.00000000000000E+00  0.00000000000000E+00  0.00000000000000E+00  0.00000000000000E+00  0.00000000000000E+00  0.00000000000000E+00  0.13873446122682E+06  0.00000000000000E+00  0.00000000000000E+00  0.00000000000000E+00  0.00000000000000E+00  0.00000000000000E+00  0.00000000000000E+00
  -0.91155954517427E+04  0.24701942193894E+04 -0.43632404552214E+03 -0.25164323437166E+04  0.48474785557286E+03 -0.27515005366323E+03 -0.37632284023152E+03  0.41626878158532E+02 -0.11916986377163E+04  0.13610953728250E+03 -0.15546812483699E+02 -0.18451583705218E+01 -0.19394265892243E+00 -0.18618920723577E-02 -0.28027404809264E+04  0.42347459210983E+03 -0.26338138106239E+04 -0.16836496456092E+04  0.24494740315821E+05  0.00000000000000E+00  0.00000000000000E+00  0.00000000000000E+00  0.00000000000000E+00  0.00000000000000E+00  0.00000000000000E+00  0.00000000000000E+00  0.00000000000000E+00  0.00000000000000E+00  0.00000000000000E+00  0.00000000000000E+00  0.00000000000000E+00  0.00000000000000E+00  0.00000000000000E+00  0.00000000000000E+00  0.83249674387015E+04  0.00000000000000E+00  0.00000000000000E+00  0.00000000000000E+00  0.00000000000000E+00  0.00000000000000E+00
  -0.32307913411774E+04  0.78504931204389E+03 -0.15200484391026E+03 -0.98275053135849E+03  0.17981499586564E+03 -0.13837611101542E+03 -0.15845233381553E+03  0.15657850325517E+03 -0.66837552819186E+03  0.60764212481733E+02 -0.73281199600865E+01 -0.79453668718845E+00 -0.75519398148185E-01 -0.10230900426581E-02 -0.14954044307825E+04  0.21011291390591E+03 -0.14159908648515E+04 -0.87012620331727E+03  0.77367384187248E+04  0.00000000000000E+00  0.00000000000000E+00  0.00000000000000E+00  0.00000000000000E+00  0.00000000000000E+00  0.00000000000000E+00  0.00000000000000E+00  0.00000000000000E+00  0.00000000000000E+00  0.00000000000000E+00  0.00000000000000E+00  0.00000000000000E+00  0.00000000000000E+00  0.00000000000000E+00  0.00000000000000E+00  0.00000000000000E+00  0.42697978990942E+04  0.00000000000000E+00  0.00000000000000E+00  0.00000000000000E+00  0.00000000000000E+00
  -0.14854398053444E+05 -0.23749392129189E+04  0.55899493592597E+02 -0.94639349379802E+04  0.33006672206408E+03 -0.30227868144383E+04 -0.12681207827137E+04 -0.26174899044833E+06  0.11159897000213E+06  0.30861413398192E+04 -0.11589176782861E+04  0.29970397750388E+03  0.29867903335345E+02 -0.16405822443531E+01 -0.24691444436604E+04 -0.28309012640848E+03  0.13161864139358E+04  0.14122448552725E+04 -0.18605298110105E+05  0.00000000000000E+00  0.00000000000000E+00  0.00000000000000E+00  0.00000000000000E+00  0.00000000000000E+00  0.00000000000000E+00  0.00000000000000E+00  0.00000000000000E+00  0.00000000000000E+00  0.00000000000000E+00  0.00000000000000E+00  0.00000000000000E+00  0.00000000000000E+00  0.00000000000000E+00  0.00000000000000E+00  0.00000000000000E+00  0.00000000000000E+00  0.12373226043754E+06  0.00000000000000E+00  0.00000000000000E+00  0.00000000000000E+00
   0.16566792260307E+05 -0.22360685743128E+04  0.72506596377864E+03 -0.15668124541550E+05  0.24938741952337E+04 -0.33677455573926E+04 -0.31549201805609E+04 -0.85943481536187E+04  0.15817624329497E+04  0.44084322278913E+03 -0.69166536366612E+02  0.32227366825451E+03  0.72311557962957E+02  0.77257376033031E-04  0.17958865315497E+03 -0.32223466537510E+02  0.22285503013355E+03  0.15451511852082E+03  0.43644020192748E+05  0.11419209050060E+02 -0.41652532385025E+04  0.15077151812063E+04  0.37591650766623E+04  0.20026884401638E+05  0.00000000000000E+00  0.00000000000000E+00  0.00000000000000E+00  0.00000000000000E+00  0.00000000000000E+00  0.00000000000000E+00  0.00000000000000E+00  0.00000000000000E+00  0.00000000000000E+00  0.00000000000000E+00  0.00000000000000E+00  0.00000000000000E+00  0.00000000000000E+00  0.39266597538798E+05  0.00000000000000E+00  0.00000000000000E+00
  -0.70477210859437E+05  0.85316075180870E+04 -0.25614378661704E+04 -0.71866379472466E+04  0.81944319502817E+03 -0.18459271096262E+04 -0.11467218466318E+04 -0.13684988440813E+06  0.44239774072509E+05  0.27882394888893E+04 -0.83563079680831E+03 -0.28682595090308E+04 -0.20495249551020E+03 -0.35166598624456E+01 -0.82737656729872E+03  0.23747913318669E+03 -0.16430380108847E+04 -0.11291904841757E+04  0.20330757963335E+05  0.00000000000000E+00  0.00000000000000E+00 -0.40736471342951E+03 -0.22240300473800E+04  0.15925071957884E+04  0.00000000000000E+00  0.00000000000000E+00  0.00000000000000E+00  0.00000000000000E+00  0.00000000000000E+00  0.00000000000000E+00  0.00000000000000E+00  0.00000000000000E+00  0.00000000000000E+00  0.00000000000000E+00  0.00000000000000E+00  0.00000000000000E+00  0.00000000000000E+00  0.00000000000000E+00  0.94938491792182E+05  0.00000000000000E+00
  -0.55608690553376E+05  0.71558270578320E+04 -0.20771576723332E+04 -0.21261878663845E+05  0.25162751794510E+04 -0.53204877962659E+04 -0.34153671519216E+04 -0.17015406103293E+06  0.54463974623232E+05  0.35515181063455E+04 -0.10471960873793E+04  0.88509826675706E-10  0.13068559874264E-10  0.36963159022583E-12 -0.93171902590888E+03  0.26596386578261E+03 -0.18246635336867E+04 -0.12548124557633E+04  0.62540985263015E+05 -0.26607802547444E+02  0.41050623450313E+04 -0.28252154371357E+04 -0.82533568823663E+04 -0.29793884918851E+05  0.00000000000000E+00  0.00000000000000E+00  0.00000000000000E+00  0.00000000000000E+00  0.00000000000000E+00  0.00000000000000E+00  0.00000000000000E+00  0.00000000000000E+00  0.00000000000000E+00  0.00000000000000E+00  0.00000000000000E+00  0.00000000000000E+00  0.00000000000000E+00  0.00000000000000E+00  0.00000000000000E+00  0.99555385371699E+05

 # Covariance matrix (Bevington epsilon)
