# fitpack15: fit parameters                                                                         
# CJ15 AV18 final data choices                                                                      
# Created on 01/23/2020 at 22:02:29                                                                 

 # QCD setup
  INS                           0
  NVL                          11
  IORD                          1
  Q02                   1.6899999999999999     
  IPARAMC                       7
  FLAVOR                4.0000000000000000     
  xmc                   1.3000000000000000     
  xmb                   4.5000000000000000     
  ncb                          12
  ihq                           1
  ias                           0

 # Theory corrections
  inuke                     10814
  itmc                          1
  iht                           1

 # fit parameters
 LAMBDA       0.22680        0.0000    
 a0uv          2.3932        0.0000    
 a1uv         0.61407       0.19950E-01
 a2uv          3.5435       0.12384E-01
 a3uv          0.0000        0.0000    
 a4uv          3.4877       0.43314    
 a5uv          0.0000        0.0000    
 a0dv          24.793        0.0000    
 a1dv          1.1603       0.33365E-01
 a2dv          6.5490       0.15858    
 a3dv         -3.5047       0.85550E-01
 a4dv          4.6744       0.14203    
 a5dv          0.0000        0.0000    
 a0ud         0.14645       0.50316E-02
 a1ud        -0.20786       0.37556E-02
 a2ud          8.3104       0.19185    
 a3ud          0.0000        0.0000    
 a4ud          14.562        1.2237    
 a5ud          0.0000        0.0000    
 a0du          35712.        0.0000    
 a1du          4.0290       0.75745E-01
 a2du          20.094       0.87601    
 a3du          17.000        0.0000    
 a4du          51.322        10.676    
 a0g           45.841        0.0000    
 a1g          0.60448       0.31397E-01
 a2g           6.5724       0.97320    
 a3g          -3.3071       0.13644    
 a4g           3.1906       0.32874    
 a5g           0.0000        0.0000    
 kappa        0.40000        0.0000    
 a6dv        -0.35471E-02   0.66413E-03
 a7dv          2.0000        0.0000    
 off1         -3.7513        1.5195    
 off2         0.57553E-01   0.56864E-01
 ht1          -3.3198       0.26156    
 ht2           1.9421       0.10553    
 ht3          -2.0638       0.18300E-01
 ht4           0.0000        0.0000    
 dummy40       0.0000        0.0000    
 dummy41       0.0000        0.0000    
 dummy42       0.0000        0.0000    
 dummy43       0.0000        0.0000    
 dummy44       0.0000        0.0000    
 dummy45       0.0000        0.0000    
 dummy46       0.0000        0.0000    
 dummy47       0.0000        0.0000    
 dummy48       0.0000        0.0000    
 dummy49       0.0000        0.0000    
 bcdmsh2      0.97300       0.48229E-02
 bcdmsd2      0.99302       0.58300E-02
 ccfr          1.0000        0.0000    
 nutev         1.0000        0.0000    
 zeus         0.97998        0.0000    
 h1            1.0162        0.0000    
 e605          1.0319        0.0000    
 NmcH2         1.0093       0.71218E-02
 ntv_nu        1.0000        0.0000    
 ntv_nubar     1.0000        0.0000    
 cdf_jet      0.98910        0.0000    
 d0_jet       0.83504        0.0000    
 slac_p        1.0048       0.48106E-02
 slac_d        1.0039       0.52724E-02
 e866pp       0.96615       0.19273E-01
 e866pd       0.96382       0.15827E-01
 d0_gamjet     1.0388       0.16480E-01
 h1b          0.97608        0.0000    
 jlab_p       0.99401       0.57856E-02
 jlab_d       0.97518       0.58999E-02
 blank         1.0000        0.0000    
 d0run2       0.94024       0.14106E-01
 cdfrun2      0.92616       0.17211E-01
 HERA_el       1.0000        0.0000    
 HERA_ps       1.0000        0.0000    
 CDF_Z        0.96560       0.65196E-02
 NmcRat        1.0000        0.0000    
 BNS_F2nd     0.98344       0.69295E-02
 HERMES_F2p   0.99820       0.55653E-02
 HERMES_F2d   0.98023       0.58195E-02
 END 0. 0.

 # Hessian matrix (Bevington alpha)
   0.48880115526810E+07 -0.12871724927325E+07  0.23306883625825E+06  0.47971259301381E+06 -0.12638006427947E+06 -0.22362680964530E+05  0.55649468905862E+05  0.90477609086523E+06 -0.17377284321126E+06 -0.48455865842469E+05  0.73833956670760E+04  0.15580576148318E+05  0.17651668789761E+04 -0.11083814449335E+03  0.74438500839279E+04 -0.18963949925494E+04  0.10472629753897E+05  0.75159962515146E+04 -0.74513988187719E+07 -0.13944138773531E+04 -0.21238534664602E+06  0.57661109518770E+05  0.18007033063461E+06  0.75208208610773E+06 -0.12697332415781E+06 -0.53875005262037E+05 -0.43888836088422E+04 -0.83770920960210E+06 -0.10846322830331E+07 -0.20563150429754E+05 -0.46344685460216E+05 -0.30793067384455E+04 -0.19841624421570E+06 -0.22394521991151E+06 -0.91095533269208E+04 -0.32274278344973E+04 -0.14957945975189E+05  0.16581517025379E+05 -0.70578770516056E+05 -0.55720271641985E+05
  -0.12871724927325E+07  0.41292271261618E+06 -0.63453147148396E+05 -0.13498298426441E+06  0.35288675689801E+05  0.85884744483085E+04 -0.12393596484293E+05 -0.12175965017832E+06  0.26447707358204E+05  0.75032597514759E+04 -0.93899962689272E+03 -0.12579435868384E+04 -0.14740946827994E+03  0.13367472608209E+02  0.66476604989444E+03 -0.52151821211650E+02  0.17335442327789E+03  0.95760799761093E+02  0.25563070496180E+07  0.56386880537059E+03  0.60663931886120E+05 -0.12795905172031E+05 -0.43389030576579E+05 -0.20743194647862E+06  0.16575157814670E+05  0.81975666308397E+04 -0.23955461625368E+03  0.20916006393365E+06  0.26329975868085E+06  0.58006421366259E+04  0.13220821984004E+05  0.42094484543609E+03  0.63448365949777E+05  0.71026181468516E+05  0.24677616411473E+04  0.78396928708788E+03 -0.23675225298475E+04 -0.22367556505850E+04  0.85370017583951E+04  0.71643248215829E+04
   0.23306883625825E+06 -0.63453147148396E+05  0.11236613750958E+05  0.23118050855032E+05 -0.61833545269414E+04 -0.13048181033382E+04  0.25990236971605E+04  0.31626334464622E+05 -0.59214523590023E+04 -0.19992249297971E+04  0.26211084256994E+03  0.48668702826457E+03  0.63931901621868E+02 -0.50032025758158E+01 -0.39387798125992E+03  0.45181467531112E+00 -0.18441544466244E+03 -0.26447987190906E+02 -0.37119627367666E+06 -0.71542114256766E+02 -0.10292160159227E+05  0.26773158775439E+04  0.83751352469489E+04  0.36055805752500E+05 -0.55384316697151E+04 -0.23641824956063E+04  0.50779931248545E+02 -0.38946448311260E+05 -0.50600264759883E+05 -0.10021966499428E+04 -0.22686840111412E+04 -0.11865921982812E+03 -0.99045796014848E+04 -0.11145524900712E+05 -0.43523039473754E+03 -0.15157429512317E+03  0.52801441366227E+02  0.72446148361928E+03 -0.25608823539027E+04 -0.20777891260332E+04
   0.47971259301381E+06 -0.13498298426441E+06  0.23118050855032E+05  0.39507120259212E+06 -0.62497824354460E+05  0.76152038184956E+05  0.65042590785686E+05  0.34647202419872E+06 -0.25493323832192E+05 -0.18333749405270E+05  0.33689111745225E+04 -0.13741758389113E+04 -0.15649567392879E+03  0.57977831277492E+02  0.30525462849842E+05 -0.36843117301605E+04  0.26987535470032E+05  0.15086806043144E+05 -0.22194076095366E+07 -0.20920933567187E+03 -0.62112713053709E+05  0.20531639138038E+05  0.56815296998286E+05  0.24248395036268E+06 -0.12774057150968E+05 -0.21150569629688E+05 -0.66598015346368E+02 -0.65676125368365E+05 -0.34062681120229E+06 -0.14128801983758E+04 -0.24888440985983E+04 -0.73871652705114E+02 -0.11731717593522E+05 -0.52634559190062E+05 -0.25133679119691E+04 -0.98115305431962E+03 -0.94753329465073E+04 -0.15663545688085E+05 -0.71884660115106E+04 -0.21282760466644E+05
  -0.12638006427947E+06  0.35288675689801E+05 -0.61833545269414E+04 -0.62497824354460E+05  0.11759992689136E+05 -0.79488041223579E+04 -0.95070441829440E+04 -0.32459972127254E+05  0.36852805216732E+03  0.24048596412802E+04 -0.34331652983188E+03 -0.41173048371221E+02  0.45697205067022E+01 -0.51965990754493E+01 -0.25997654096965E+04  0.31885788505428E+03 -0.22453269363644E+04 -0.12722832449349E+04  0.49153550807886E+06  0.67379488231859E+02  0.12966294892990E+05 -0.38722962440703E+04 -0.10696540875815E+05 -0.48604968019522E+05  0.20006105701563E+04  0.33728158766376E+04 -0.56275099489750E+02  0.11978414804452E+05  0.63195959358319E+05  0.33999163021065E+03  0.57931581552263E+03  0.95523570231923E+01  0.29890006165733E+04  0.13195606835019E+05  0.48411837877298E+03  0.17952197689084E+03  0.33206045503079E+03  0.24932292999887E+04  0.81971668851157E+03  0.25189769130056E+04
  -0.22362680964530E+05  0.85884744483085E+04 -0.13048181033382E+04  0.76152038184956E+05 -0.79488041223579E+04  0.24556631894267E+05  0.14925993828207E+05  0.10557317161124E+06 -0.94094949674733E+04 -0.46404822923647E+04  0.10089359391223E+04 -0.71191453773942E+03 -0.69707033016634E+02  0.19722060834001E+02  0.93262071446306E+04 -0.11555131256540E+04  0.83836286451316E+04  0.47519940789489E+04 -0.69469459520036E+05  0.53050292173884E+02 -0.46691921869646E+04  0.25494230337010E+04  0.69966928021419E+04  0.22154886780663E+05 -0.28337544335523E+04 -0.43490656849547E+04  0.15485356211111E+03 -0.89257221380488E+04 -0.44200173186091E+05 -0.39606841458067E+01 -0.36614454096563E+02 -0.19664090659657E+02  0.33324165432041E+03  0.11190578098824E+04 -0.27640436558806E+03 -0.13901308170509E+03 -0.30432316294247E+04 -0.33909051850755E+04 -0.18580609797462E+04 -0.53593197199131E+04
   0.55649468905862E+05 -0.12393596484293E+05  0.25990236971605E+04  0.65042590785686E+05 -0.95070441829440E+04  0.14925993828207E+05  0.11704668042576E+05  0.58617297765330E+05 -0.30031634718862E+04 -0.33125568415206E+04  0.59056610519474E+03 -0.21634325831283E+03 -0.27525065363874E+02  0.10360133658223E+02  0.48151988982970E+04 -0.60502790559800E+03  0.42200547734619E+04  0.24222048370478E+04 -0.25311072187715E+06 -0.13867742096900E+01 -0.85753107940057E+04  0.31857727782355E+04  0.86620233633529E+04  0.34157163233523E+05 -0.25101343261995E+04 -0.39369770161988E+04  0.13682685413578E+03 -0.10143394073413E+05 -0.52967726617373E+05 -0.17257217814516E+03 -0.29428979365825E+03 -0.13813755289551E+02 -0.10819899795705E+04 -0.50152561763118E+04 -0.37755679257263E+03 -0.15896301885005E+03 -0.12776598903626E+04 -0.31720179254398E+04 -0.11532536601046E+04 -0.34372522436551E+04
   0.90477609086523E+06 -0.12175965017832E+06  0.31626334464622E+05  0.34647202419872E+06 -0.32459972127254E+05  0.10557317161124E+06  0.58617297765330E+05  0.49757611462095E+07 -0.23120912501246E+07 -0.85335552346600E+05  0.25921981177828E+05  0.27255436746503E+05  0.18213774250946E+04  0.10241326460405E+03  0.82421831930927E+05 -0.10444760068592E+05  0.83719052817126E+05  0.45133815787777E+05 -0.57579586207372E+06  0.37495682661179E+03 -0.28219742452741E+05  0.28554423237461E+05  0.89306948590742E+05  0.24812867832082E+06 -0.60610546799116E+05 -0.48748970588939E+05 -0.66825013725321E+05 -0.28135814333776E+06 -0.55868351614738E+06 -0.72610190274485E+05 -0.16238249223520E+06 -0.13314434156784E+04 -0.57373591175311E+04 -0.11263988130853E+05  0.52579045486626E+02  0.16122290764879E+03 -0.26202988801248E+06 -0.86159674564437E+04 -0.13691181279560E+06 -0.17032232126374E+06
  -0.17377284321126E+06  0.26447707358204E+05 -0.59214523590023E+04 -0.25493323832192E+05  0.36852805216732E+03 -0.94094949674733E+04 -0.30031634718862E+04 -0.23120912501246E+07  0.19286353892699E+07  0.18990464199313E+05 -0.65226647514782E+04 -0.58593130584014E+04 -0.32133337665571E+03 -0.14045625738661E+02  0.49836168457660E+05 -0.23390181131238E+04  0.16870554066966E+05  0.81693768092227E+04 -0.26449341233460E+05 -0.92022672524911E+02  0.69707296358412E+03 -0.57595185921658E+04 -0.19121662856664E+05 -0.47469647148401E+05  0.11454166238684E+05  0.10847058121040E+05  0.24093724963196E+05  0.65548558572137E+05  0.12599116879884E+06  0.23150169677143E+05  0.51879756942486E+05  0.17965412260642E+03  0.61754322057948E+03  0.12480144502430E+04 -0.11942682951891E+04 -0.66900143469371E+03  0.11154041173517E+06  0.15834793659306E+04  0.44186975249876E+05  0.54426032070603E+05
  -0.48455865842469E+05  0.75032597514759E+04 -0.19992249297971E+04 -0.18333749405270E+05  0.24048596412802E+04 -0.46404822923647E+04 -0.33125568415206E+04 -0.85335552346600E+05  0.18990464199313E+05  0.26476372026806E+04 -0.64185539066819E+03 -0.70142839752596E+03 -0.61601329007552E+02 -0.19449007884881E+01 -0.39728734523321E+04  0.48004280981598E+03 -0.35454214585760E+04 -0.19952462608776E+04  0.57368877445593E+05 -0.89139429438626E+01  0.25040695901871E+04 -0.13113434669940E+04 -0.38159862458097E+04 -0.12310975802863E+05  0.27393945731427E+04  0.18982713071370E+04  0.72756864600600E+03  0.10956904283439E+05  0.22936684135005E+05  0.15301066532218E+04  0.33504795856442E+04  0.43137925701605E+02  0.58051490306113E+03  0.11011186062397E+04  0.13574281102141E+03  0.60578390809710E+02  0.30854432048731E+04  0.44118480381794E+03  0.27857119183782E+04  0.35505421542974E+04
   0.73833956670760E+04 -0.93899962689272E+03  0.26211084256994E+03  0.33689111745225E+04 -0.34331652983188E+03  0.10089359391223E+04  0.59056610519474E+03  0.25921981177828E+05 -0.65226647514782E+04 -0.64185539066819E+03  0.18135733545737E+03  0.20793796993092E+03  0.15069603273496E+02  0.74771972700769E+00  0.12639649359380E+04 -0.13893749767589E+03  0.10798029872723E+04  0.58568503444948E+03 -0.65285642925570E+04  0.27687752962095E+01 -0.28898728340713E+03  0.22351242249700E+03  0.68431753931731E+03  0.19728468105735E+04 -0.48733160914623E+03 -0.36797436012399E+03 -0.34155778567012E+03 -0.20830715946782E+04 -0.41891162344786E+04 -0.44430750011884E+03 -0.99376127927231E+03 -0.11181238306899E+02 -0.49974298942834E+02 -0.97913737056147E+02 -0.15490898477190E+02 -0.73016013741636E+01 -0.11593244802518E+04 -0.69316762738074E+02 -0.83556330160574E+03 -0.10477119158322E+04
   0.15580576148318E+05 -0.12579435868384E+04  0.48668702826457E+03 -0.13741758389113E+04 -0.41173048371221E+02 -0.71191453773942E+03 -0.21634325831283E+03  0.27255436746503E+05 -0.58593130584014E+04 -0.70142839752596E+03  0.20793796993092E+03  0.18247313346494E+04  0.11888102371189E+03 -0.10107137842297E+01  0.14901842420058E+04 -0.20449376423315E+03  0.16166869274652E+04  0.92264628864430E+03 -0.68156868867335E+04 -0.51027013121235E+01 -0.12224694264410E+03 -0.89718426703302E+01  0.14377793102812E+03 -0.91243788414372E+03 -0.11743290019358E+04  0.17862570914055E-10 -0.76850545424922E+03 -0.52304852475563E+04  0.11337913899915E-09 -0.25221633912524E+04 -0.75220177123836E+02 -0.83209794960284E+02 -0.22617335907006E+00  0.89569557505534E-10 -0.18422099233524E+01 -0.79275710744521E+00  0.29959150984330E+03  0.32362261779615E+03 -0.28646709152991E+04 -0.10165791226671E-09
   0.17651668789761E+04 -0.14740946827994E+03  0.63931901621868E+02 -0.15649567392879E+03  0.45697205067022E+01 -0.69707033016634E+02 -0.27525065363874E+02  0.18213774250946E+04 -0.32133337665571E+03 -0.61601329007552E+02  0.15069603273496E+02  0.11888102371189E+03  0.10650880901188E+02 -0.18268098353929E+00  0.80605179962127E+02 -0.13396507154490E+02  0.96081270144333E+02  0.59473463053135E+02 -0.32275508628940E+03 -0.43496802272562E+00  0.64675990799663E+01  0.98648242697758E+00  0.18858888010379E+02 -0.93419875002958E+02 -0.17371409772637E+03 -0.66841759184449E-11 -0.29619800468708E+02 -0.61573844740008E+03 -0.99467439042656E-11 -0.15683052510829E+03 -0.19873810399323E+02 -0.66810095253238E+01 -0.16302577785077E+00 -0.46061978031052E-11 -0.19399465046246E+00 -0.75486869601947E-01  0.29896312471310E+02  0.72662041016855E+02 -0.20499223830490E+03 -0.27890603016358E-11
  -0.11083814449335E+03  0.13367472608209E+02 -0.50032025758158E+01  0.57977831277492E+02 -0.51965990754493E+01  0.19722060834001E+02  0.10360133658223E+02  0.10241326460405E+03 -0.14045625738661E+02 -0.19449007884881E+01  0.74771972700769E+00 -0.10107137842297E+01 -0.18268098353929E+00  0.55691887266026E-01  0.15201931755737E+02 -0.11741336463660E+01  0.97149401714979E+01  0.45980855399312E+01 -0.83906353852815E+02  0.26604211623682E-01 -0.46478123366981E+01  0.57484581648791E+00  0.14602738316054E+01  0.76075641616288E+01  0.72063001430413E-01 -0.17290500819142E-12 -0.64552569115027E+01 -0.89776249722820E+00 -0.26711547044076E-12 -0.36993640547957E+01 -0.23917713678945E-04 -0.15046994489849E+00  0.30686603837521E-13  0.13617626049742E-12 -0.18416444666545E-02 -0.10118597617531E-02 -0.16381136304216E+01  0.73635897253181E-04 -0.34751735715347E+01 -0.19186134074004E-12
   0.74438500839279E+04  0.66476604989444E+03 -0.39387798125992E+03  0.30525462849842E+05 -0.25997654096965E+04  0.93262071446306E+04  0.48151988982970E+04  0.82421831930927E+05  0.49836168457660E+05 -0.39728734523321E+04  0.12639649359380E+04  0.14901842420058E+04  0.80605179962127E+02  0.15201931755737E+02  0.48665896622546E+05 -0.44587752888682E+04  0.35048437035811E+05  0.18223180226690E+05 -0.54829874588691E+05  0.21295274041070E+01  0.76128573396944E+03 -0.20718068662500E+03 -0.60051551872680E+03 -0.14535046166848E+04 -0.25893110850274E+04 -0.17032283111729E+04 -0.24526442272160E+04  0.19723065076598E+04  0.42011189978724E+04 -0.15207763745296E+04 -0.29586935646473E+04 -0.71434882931826E+03  0.23461580558854E+03  0.41979199173278E+03 -0.28122203949778E+04 -0.14991215939891E+04 -0.24737248871562E+04  0.18018589728007E+03 -0.83127797777432E+03 -0.93665291255261E+03
  -0.18963949925494E+04 -0.52151821211650E+02  0.45181467531112E+00 -0.36843117301605E+04  0.31885788505428E+03 -0.11555131256540E+04 -0.60502790559800E+03 -0.10444760068592E+05 -0.23390181131238E+04  0.48004280981598E+03 -0.13893749767589E+03 -0.20449376423315E+03 -0.13396507154490E+02 -0.11741336463660E+01 -0.44587752888682E+04  0.47643582856046E+03 -0.36838704907351E+04 -0.19913802420199E+04  0.64004652783219E+04 -0.85569352305615E+00 -0.11174773844250E+03  0.21129044537683E+02  0.52935683010625E+02  0.15336883293437E+03  0.47662816772444E+03  0.29904996222123E+03  0.28098528903442E+03 -0.16020839866776E+03 -0.47336785636228E+03  0.15628177106394E+03  0.30311300415479E+03  0.78164108793851E+02 -0.62894459805920E+02 -0.11103956195007E+03  0.42565615467837E+03  0.21097567386908E+03 -0.28519973889197E+03 -0.32324150904187E+02  0.23861325662182E+03  0.26739437221777E+03
   0.10472629753897E+05  0.17335442327789E+03 -0.18441544466244E+03  0.26987535470032E+05 -0.22453269363644E+04  0.83836286451316E+04  0.42200547734619E+04  0.83719052817126E+05  0.16870554066966E+05 -0.35454214585760E+04  0.10798029872723E+04  0.16166869274652E+04  0.96081270144333E+02  0.97149401714979E+01  0.35048437035811E+05 -0.36838704907351E+04  0.28924040169053E+05  0.15491232697174E+05 -0.48616067180651E+05  0.10586741266275E+01  0.81601459983850E+03 -0.24913458489399E+03 -0.67908717420624E+03 -0.15996504377710E+04 -0.26569844017599E+04 -0.17102188909297E+04 -0.24639076605118E+04  0.20799536136468E+04  0.44641621203592E+04 -0.12752993836719E+04 -0.24914975726321E+04 -0.60788404774508E+03  0.84267046414843E+02  0.16388024680355E+03 -0.26460786450515E+04 -0.14215908249682E+04  0.13267716240816E+04  0.22438685497130E+03 -0.16516200639642E+04 -0.18352015379967E+04
   0.75159962515146E+04  0.95760799761093E+02 -0.26447987190906E+02  0.15086806043144E+05 -0.12722832449349E+04  0.47519940789489E+04  0.24222048370478E+04  0.45133815787777E+05  0.81693768092227E+04 -0.19952462608776E+04  0.58568503444948E+03  0.92264628864430E+03  0.59473463053135E+02  0.45980855399312E+01  0.18223180226690E+05 -0.19913802420199E+04  0.15491232697174E+05  0.84053249307799E+04 -0.26996289367154E+05  0.19312870976494E+01  0.49250856353289E+03 -0.13155903839728E+03 -0.33553619398763E+03 -0.84040059271079E+03 -0.18447564443374E+04 -0.11560197998538E+04 -0.12371367253745E+04  0.96845240300081E+03  0.24303767132445E+04 -0.64548331363266E+03 -0.12622154048667E+04 -0.33371343745648E+03  0.11003396719111E+03  0.20372799516472E+03 -0.16925924544625E+04 -0.87404660162014E+03  0.14223021060147E+04  0.15546795087109E+03 -0.11350526643045E+04 -0.12620355007069E+04
  -0.74513988187719E+07  0.25563070496180E+07 -0.37119627367666E+06 -0.22194076095366E+07  0.49153550807886E+06 -0.69469459520036E+05 -0.25311072187715E+06 -0.57579586207372E+06 -0.26449341233460E+05  0.57368877445593E+05 -0.65285642925570E+04 -0.68156868867335E+04 -0.32275508628940E+03 -0.83906353852815E+02 -0.54829874588691E+05  0.64004652783219E+04 -0.48616067180651E+05 -0.26996289367154E+05  0.32802561955863E+08  0.64937195518440E+04  0.67677323122196E+06 -0.16775655518245E+06 -0.49792738621039E+06 -0.25107073096380E+07  0.33841610165105E+05  0.75225339397922E+05 -0.11706957419399E+04  0.56253158408398E+06  0.27439597986279E+07  0.17625408193310E+05  0.31392106338296E+05  0.22918700510830E+03  0.18287758873375E+06  0.79872277951688E+06  0.24676954548375E+05  0.77912884170741E+04 -0.18714585087701E+05  0.44007445048198E+05  0.20505763111408E+05  0.63127336431482E+05
  -0.13944138773531E+04  0.56386880537059E+03 -0.71542114256766E+02 -0.20920933567187E+03  0.67379488231859E+02  0.53050292173884E+02 -0.13867742096900E+01  0.37495682661179E+03 -0.92022672524911E+02 -0.89139429438626E+01  0.27687752962095E+01 -0.51027013121235E+01 -0.43496802272562E+00  0.26604211623682E-01  0.21295274041070E+01 -0.85569352305615E+00  0.10586741266275E+01  0.19312870976494E+01  0.64937195518440E+04  0.23770184841382E+01  0.14146440334982E+03 -0.28168625816712E+02 -0.85137281397419E+02 -0.50883551489641E+03  0.00000000000000E+00 -0.25884913497761E+02  0.00000000000000E+00  0.00000000000000E+00  0.41162923227588E+03  0.00000000000000E+00 -0.72198284082374E+01  0.00000000000000E+00  0.00000000000000E+00  0.21754932227410E+03  0.00000000000000E+00  0.00000000000000E+00  0.00000000000000E+00  0.11901177582978E+02  0.00000000000000E+00 -0.27118219128343E+02
  -0.21238534664602E+06  0.60663931886120E+05 -0.10292160159227E+05 -0.62112713053709E+05  0.12966294892990E+05 -0.46691921869646E+04 -0.85753107940057E+04 -0.28219742452741E+05  0.69707296358412E+03  0.25040695901871E+04 -0.28898728340713E+03 -0.12224694264410E+03  0.64675990799663E+01 -0.46478123366981E+01  0.76128573396944E+03 -0.11174773844250E+03  0.81601459983850E+03  0.49250856353289E+03  0.67677323122196E+06  0.14146440334982E+03  0.26640239598626E+05 -0.78663961195530E+04 -0.21522965299436E+05 -0.10174898126747E+06  0.00000000000000E+00  0.50891512332592E+04  0.00000000000000E+00  0.00000000000000E+00  0.11615411989806E+06  0.00000000000000E+00 -0.11590279411468E+04  0.00000000000000E+00  0.00000000000000E+00  0.23163026422570E+05  0.00000000000000E+00  0.00000000000000E+00  0.00000000000000E+00 -0.42361287578425E+04  0.00000000000000E+00  0.41815704573647E+04
   0.57661109518770E+05 -0.12795905172031E+05  0.26773158775439E+04  0.20531639138038E+05 -0.38722962440703E+04  0.25494230337010E+04  0.31857727782355E+04  0.28554423237461E+05 -0.57595185921658E+04 -0.13113434669940E+04  0.22351242249700E+03 -0.89718426703302E+01  0.98648242697758E+00  0.57484581648791E+00 -0.20718068662500E+03  0.21129044537683E+02 -0.24913458489399E+03 -0.13155903839728E+03 -0.16775655518245E+06 -0.28168625816712E+02 -0.78663961195530E+04  0.28621829030816E+04  0.76130499537967E+04  0.33151881268100E+05 -0.52113785609455E+02 -0.21216131354777E+04  0.24779704259219E+01  0.46103316263301E+03 -0.42337671889535E+05  0.00000000000000E+00 -0.16060691558374E+03  0.00000000000000E+00  0.22516949954786E+04 -0.49646566391072E+04  0.00000000000000E+00  0.00000000000000E+00  0.00000000000000E+00  0.15160874879946E+04 -0.39071118179064E+03 -0.28191230356560E+04
   0.18007033063461E+06 -0.43389030576579E+05  0.83751352469489E+04  0.56815296998286E+05 -0.10696540875815E+05  0.69966928021419E+04  0.86620233633529E+04  0.89306948590742E+05 -0.19121662856664E+05 -0.38159862458097E+04  0.68431753931731E+03  0.14377793102812E+03  0.18858888010379E+02  0.14602738316054E+01 -0.60051551872680E+03  0.52935683010625E+02 -0.67908717420624E+03 -0.33553619398763E+03 -0.49792738621039E+06 -0.85137281397419E+02 -0.21522965299436E+05  0.76130499537967E+04  0.20876028653388E+05  0.89653755165395E+05 -0.16378512059359E+03 -0.52903682934307E+04 -0.47343697456247E+02 -0.67898502799036E+04 -0.11630964059590E+06  0.00000000000000E+00 -0.39771729637285E+03  0.00000000000000E+00  0.31427949571755E+04 -0.15456420624924E+05  0.00000000000000E+00  0.00000000000000E+00  0.00000000000000E+00  0.37797925878072E+04 -0.21447847634327E+04 -0.81994467495104E+04
   0.75208208610773E+06 -0.20743194647862E+06  0.36055805752500E+05  0.24248395036268E+06 -0.48604968019522E+05  0.22154886780663E+05  0.34157163233523E+05  0.24812867832082E+06 -0.47469647148401E+05 -0.12310975802863E+05  0.19728468105735E+04 -0.91243788414372E+03 -0.93419875002958E+02  0.76075641616288E+01 -0.14535046166848E+04  0.15336883293437E+03 -0.15996504377710E+04 -0.84040059271079E+03 -0.25107073096380E+07 -0.50883551489641E+03 -0.10174898126747E+06  0.33151881268100E+05  0.89653755165395E+05  0.42040115455593E+06  0.25314049318529E+03 -0.27272012995269E+05 -0.64337485059103E+01  0.37957922676558E+05 -0.48960263512680E+06  0.00000000000000E+00 -0.21045740280712E+04  0.00000000000000E+00  0.16130305616402E+05 -0.81408116298468E+05  0.00000000000000E+00  0.00000000000000E+00  0.00000000000000E+00  0.20135355648070E+05  0.15683546959675E+04 -0.29962431151526E+05
  -0.12697332415781E+06  0.16575157814670E+05 -0.55384316697151E+04 -0.12774057150968E+05  0.20006105701563E+04 -0.28337544335523E+04 -0.25101343261995E+04 -0.60610546799116E+05  0.11454166238684E+05  0.27393945731427E+04 -0.48733160914623E+03 -0.11743290019358E+04 -0.17371409772637E+03  0.72063001430413E-01 -0.25893110850274E+04  0.47662816772444E+03 -0.26569844017599E+04 -0.18447564443374E+04  0.33841610165105E+05  0.00000000000000E+00  0.00000000000000E+00 -0.52113785609455E+02 -0.16378512059359E+03  0.25314049318529E+03  0.11626635212248E+06  0.00000000000000E+00  0.00000000000000E+00  0.00000000000000E+00  0.00000000000000E+00  0.00000000000000E+00  0.00000000000000E+00  0.00000000000000E+00  0.00000000000000E+00  0.00000000000000E+00  0.00000000000000E+00  0.00000000000000E+00  0.00000000000000E+00  0.00000000000000E+00  0.00000000000000E+00  0.00000000000000E+00
  -0.53875005262037E+05  0.81975666308397E+04 -0.23641824956063E+04 -0.21150569629688E+05  0.33728158766376E+04 -0.43490656849547E+04 -0.39369770161988E+04 -0.48748970588939E+05  0.10847058121040E+05  0.18982713071370E+04 -0.36797436012399E+03  0.17862570914055E-10 -0.66841759184449E-11 -0.17290500819142E-12 -0.17032283111729E+04  0.29904996222123E+03 -0.17102188909297E+04 -0.11560197998538E+04  0.75225339397922E+05 -0.25884913497761E+02  0.50891512332592E+04 -0.21216131354777E+04 -0.52903682934307E+04 -0.27272012995269E+05  0.00000000000000E+00  0.64583571992881E+05  0.00000000000000E+00  0.00000000000000E+00  0.00000000000000E+00  0.00000000000000E+00  0.00000000000000E+00  0.00000000000000E+00  0.00000000000000E+00  0.00000000000000E+00  0.00000000000000E+00  0.00000000000000E+00  0.00000000000000E+00  0.00000000000000E+00  0.00000000000000E+00  0.00000000000000E+00
  -0.43888836088422E+04 -0.23955461625368E+03  0.50779931248545E+02 -0.66598015346368E+02 -0.56275099489750E+02  0.15485356211111E+03  0.13682685413578E+03 -0.66825013725321E+05  0.24093724963196E+05  0.72756864600600E+03 -0.34155778567012E+03 -0.76850545424922E+03 -0.29619800468708E+02 -0.64552569115027E+01 -0.24526442272160E+04  0.28098528903442E+03 -0.24639076605118E+04 -0.12371367253745E+04 -0.11706957419399E+04  0.00000000000000E+00  0.00000000000000E+00  0.24779704259219E+01 -0.47343697456247E+02 -0.64337485059103E+01  0.00000000000000E+00  0.00000000000000E+00  0.30664109508147E+05  0.00000000000000E+00  0.00000000000000E+00  0.00000000000000E+00  0.00000000000000E+00  0.00000000000000E+00  0.00000000000000E+00  0.00000000000000E+00  0.00000000000000E+00  0.00000000000000E+00  0.00000000000000E+00  0.00000000000000E+00  0.00000000000000E+00  0.00000000000000E+00
  -0.83770920960210E+06  0.20916006393365E+06 -0.38946448311260E+05 -0.65676125368365E+05  0.11978414804452E+05 -0.89257221380488E+04 -0.10143394073413E+05 -0.28135814333776E+06  0.65548558572137E+05  0.10956904283439E+05 -0.20830715946782E+04 -0.52304852475563E+04 -0.61573844740008E+03 -0.89776249722820E+00  0.19723065076598E+04 -0.16020839866776E+03  0.20799536136468E+04  0.96845240300081E+03  0.56253158408398E+06  0.00000000000000E+00  0.00000000000000E+00  0.46103316263301E+03 -0.67898502799036E+04  0.37957922676558E+05  0.00000000000000E+00  0.00000000000000E+00  0.00000000000000E+00  0.57756222863816E+06  0.00000000000000E+00  0.00000000000000E+00  0.00000000000000E+00  0.00000000000000E+00  0.00000000000000E+00  0.00000000000000E+00  0.00000000000000E+00  0.00000000000000E+00  0.00000000000000E+00  0.00000000000000E+00  0.00000000000000E+00  0.00000000000000E+00
  -0.10846322830331E+07  0.26329975868085E+06 -0.50600264759883E+05 -0.34062681120229E+06  0.63195959358319E+05 -0.44200173186091E+05 -0.52967726617373E+05 -0.55868351614738E+06  0.12599116879884E+06  0.22936684135005E+05 -0.41891162344786E+04  0.11337913899915E-09 -0.99467439042656E-11 -0.26711547044076E-12  0.42011189978724E+04 -0.47336785636228E+03  0.44641621203592E+04  0.24303767132445E+04  0.27439597986279E+07  0.41162923227588E+03  0.11615411989806E+06 -0.42337671889535E+05 -0.11630964059590E+06 -0.48960263512680E+06  0.00000000000000E+00  0.00000000000000E+00  0.00000000000000E+00  0.00000000000000E+00  0.91792595500202E+06  0.00000000000000E+00  0.00000000000000E+00  0.00000000000000E+00  0.00000000000000E+00  0.00000000000000E+00  0.00000000000000E+00  0.00000000000000E+00  0.00000000000000E+00  0.00000000000000E+00  0.00000000000000E+00  0.00000000000000E+00
  -0.20563150429754E+05  0.58006421366259E+04 -0.10021966499428E+04 -0.14128801983758E+04  0.33999163021065E+03 -0.39606841458067E+01 -0.17257217814516E+03 -0.72610190274485E+05  0.23150169677143E+05  0.15301066532218E+04 -0.44430750011884E+03 -0.25221633912524E+04 -0.15683052510829E+03 -0.36993640547957E+01 -0.15207763745296E+04  0.15628177106394E+03 -0.12752993836719E+04 -0.64548331363266E+03  0.17625408193310E+05  0.00000000000000E+00  0.00000000000000E+00  0.00000000000000E+00  0.00000000000000E+00  0.00000000000000E+00  0.00000000000000E+00  0.00000000000000E+00  0.00000000000000E+00  0.00000000000000E+00  0.00000000000000E+00  0.14753362359945E+05  0.00000000000000E+00  0.00000000000000E+00  0.00000000000000E+00  0.00000000000000E+00  0.00000000000000E+00  0.00000000000000E+00  0.00000000000000E+00  0.00000000000000E+00  0.00000000000000E+00  0.00000000000000E+00
  -0.46344685460216E+05  0.13220821984004E+05 -0.22686840111412E+04 -0.24888440985983E+04  0.57931581552263E+03 -0.36614454096563E+02 -0.29428979365825E+03 -0.16238249223520E+06  0.51879756942486E+05  0.33504795856442E+04 -0.99376127927231E+03 -0.75220177123836E+02 -0.19873810399323E+02 -0.23917713678945E-04 -0.29586935646473E+04  0.30311300415479E+03 -0.24914975726321E+04 -0.12622154048667E+04  0.31392106338296E+05 -0.72198284082374E+01 -0.11590279411468E+04 -0.16060691558374E+03 -0.39771729637285E+03 -0.21045740280712E+04  0.00000000000000E+00  0.00000000000000E+00  0.00000000000000E+00  0.00000000000000E+00  0.00000000000000E+00  0.00000000000000E+00  0.31781710627493E+05  0.00000000000000E+00  0.00000000000000E+00  0.00000000000000E+00  0.00000000000000E+00  0.00000000000000E+00  0.00000000000000E+00  0.00000000000000E+00  0.00000000000000E+00  0.00000000000000E+00
  -0.30793067384455E+04  0.42094484543609E+03 -0.11865921982812E+03 -0.73871652705114E+02  0.95523570231923E+01 -0.19664090659657E+02 -0.13813755289551E+02 -0.13314434156784E+04  0.17965412260642E+03  0.43137925701605E+02 -0.11181238306899E+02 -0.83209794960284E+02 -0.66810095253238E+01 -0.15046994489849E+00 -0.71434882931826E+03  0.78164108793851E+02 -0.60788404774508E+03 -0.33371343745648E+03  0.22918700510830E+03  0.00000000000000E+00  0.00000000000000E+00  0.00000000000000E+00  0.00000000000000E+00  0.00000000000000E+00  0.00000000000000E+00  0.00000000000000E+00  0.00000000000000E+00  0.00000000000000E+00  0.00000000000000E+00  0.00000000000000E+00  0.00000000000000E+00  0.37867501375374E+04  0.00000000000000E+00  0.00000000000000E+00  0.00000000000000E+00  0.00000000000000E+00  0.00000000000000E+00  0.00000000000000E+00  0.00000000000000E+00  0.00000000000000E+00
  -0.19841624421570E+06  0.63448365949777E+05 -0.99045796014848E+04 -0.11731717593522E+05  0.29890006165733E+04  0.33324165432041E+03 -0.10819899795705E+04 -0.57373591175311E+04  0.61754322057948E+03  0.58051490306113E+03 -0.49974298942834E+02 -0.22617335907006E+00 -0.16302577785077E+00  0.30686603837521E-13  0.23461580558854E+03 -0.62894459805920E+02  0.84267046414843E+02  0.11003396719111E+03  0.18287758873375E+06  0.00000000000000E+00  0.00000000000000E+00  0.22516949954786E+04  0.31427949571755E+04  0.16130305616402E+05  0.00000000000000E+00  0.00000000000000E+00  0.00000000000000E+00  0.00000000000000E+00  0.00000000000000E+00  0.00000000000000E+00  0.00000000000000E+00  0.00000000000000E+00  0.10559283466130E+06  0.00000000000000E+00  0.00000000000000E+00  0.00000000000000E+00  0.00000000000000E+00  0.00000000000000E+00  0.00000000000000E+00  0.00000000000000E+00
  -0.22394521991151E+06  0.71026181468516E+05 -0.11145524900712E+05 -0.52634559190062E+05  0.13195606835019E+05  0.11190578098824E+04 -0.50152561763118E+04 -0.11263988130853E+05  0.12480144502430E+04  0.11011186062397E+04 -0.97913737056147E+02  0.89569557505534E-10 -0.46061978031052E-11  0.13617626049742E-12  0.41979199173278E+03 -0.11103956195007E+03  0.16388024680355E+03  0.20372799516472E+03  0.79872277951688E+06  0.21754932227410E+03  0.23163026422570E+05 -0.49646566391072E+04 -0.15456420624924E+05 -0.81408116298468E+05  0.00000000000000E+00  0.00000000000000E+00  0.00000000000000E+00  0.00000000000000E+00  0.00000000000000E+00  0.00000000000000E+00  0.00000000000000E+00  0.00000000000000E+00  0.00000000000000E+00  0.13876282760635E+06  0.00000000000000E+00  0.00000000000000E+00  0.00000000000000E+00  0.00000000000000E+00  0.00000000000000E+00  0.00000000000000E+00
  -0.91095533269208E+04  0.24677616411473E+04 -0.43523039473754E+03 -0.25133679119691E+04  0.48411837877298E+03 -0.27640436558806E+03 -0.37755679257263E+03  0.52579045486626E+02 -0.11942682951891E+04  0.13574281102141E+03 -0.15490898477190E+02 -0.18422099233524E+01 -0.19399465046246E+00 -0.18416444666545E-02 -0.28122203949778E+04  0.42565615467837E+03 -0.26460786450515E+04 -0.16925924544625E+04  0.24676954548375E+05  0.00000000000000E+00  0.00000000000000E+00  0.00000000000000E+00  0.00000000000000E+00  0.00000000000000E+00  0.00000000000000E+00  0.00000000000000E+00  0.00000000000000E+00  0.00000000000000E+00  0.00000000000000E+00  0.00000000000000E+00  0.00000000000000E+00  0.00000000000000E+00  0.00000000000000E+00  0.00000000000000E+00  0.83188069235524E+04  0.00000000000000E+00  0.00000000000000E+00  0.00000000000000E+00  0.00000000000000E+00  0.00000000000000E+00
  -0.32274278344973E+04  0.78396928708788E+03 -0.15157429512317E+03 -0.98115305431962E+03  0.17952197689084E+03 -0.13901308170509E+03 -0.15896301885005E+03  0.16122290764879E+03 -0.66900143469371E+03  0.60578390809710E+02 -0.73016013741636E+01 -0.79275710744521E+00 -0.75486869601947E-01 -0.10118597617531E-02 -0.14991215939891E+04  0.21097567386908E+03 -0.14215908249682E+04 -0.87404660162014E+03  0.77912884170741E+04  0.00000000000000E+00  0.00000000000000E+00  0.00000000000000E+00  0.00000000000000E+00  0.00000000000000E+00  0.00000000000000E+00  0.00000000000000E+00  0.00000000000000E+00  0.00000000000000E+00  0.00000000000000E+00  0.00000000000000E+00  0.00000000000000E+00  0.00000000000000E+00  0.00000000000000E+00  0.00000000000000E+00  0.00000000000000E+00  0.42652387442893E+04  0.00000000000000E+00  0.00000000000000E+00  0.00000000000000E+00  0.00000000000000E+00
  -0.14957945975189E+05 -0.23675225298475E+04  0.52801441366227E+02 -0.94753329465073E+04  0.33206045503079E+03 -0.30432316294247E+04 -0.12776598903626E+04 -0.26202988801248E+06  0.11154041173517E+06  0.30854432048731E+04 -0.11593244802518E+04  0.29959150984330E+03  0.29896312471310E+02 -0.16381136304216E+01 -0.24737248871562E+04 -0.28519973889197E+03  0.13267716240816E+04  0.14223021060147E+04 -0.18714585087701E+05  0.00000000000000E+00  0.00000000000000E+00  0.00000000000000E+00  0.00000000000000E+00  0.00000000000000E+00  0.00000000000000E+00  0.00000000000000E+00  0.00000000000000E+00  0.00000000000000E+00  0.00000000000000E+00  0.00000000000000E+00  0.00000000000000E+00  0.00000000000000E+00  0.00000000000000E+00  0.00000000000000E+00  0.00000000000000E+00  0.00000000000000E+00  0.12388550422749E+06  0.00000000000000E+00  0.00000000000000E+00  0.00000000000000E+00
   0.16581517025379E+05 -0.22367556505850E+04  0.72446148361928E+03 -0.15663545688085E+05  0.24932292999887E+04 -0.33909051850755E+04 -0.31720179254398E+04 -0.86159674564437E+04  0.15834793659306E+04  0.44118480381794E+03 -0.69316762738074E+02  0.32362261779615E+03  0.72662041016855E+02  0.73635897253181E-04  0.18018589728007E+03 -0.32324150904187E+02  0.22438685497130E+03  0.15546795087109E+03  0.44007445048198E+05  0.11901177582978E+02 -0.42361287578425E+04  0.15160874879946E+04  0.37797925878072E+04  0.20135355648070E+05  0.00000000000000E+00  0.00000000000000E+00  0.00000000000000E+00  0.00000000000000E+00  0.00000000000000E+00  0.00000000000000E+00  0.00000000000000E+00  0.00000000000000E+00  0.00000000000000E+00  0.00000000000000E+00  0.00000000000000E+00  0.00000000000000E+00  0.00000000000000E+00  0.39241806288701E+05  0.00000000000000E+00  0.00000000000000E+00
  -0.70578770516056E+05  0.85370017583951E+04 -0.25608823539027E+04 -0.71884660115106E+04  0.81971668851157E+03 -0.18580609797462E+04 -0.11532536601046E+04 -0.13691181279560E+06  0.44186975249876E+05  0.27857119183782E+04 -0.83556330160574E+03 -0.28646709152991E+04 -0.20499223830490E+03 -0.34751735715347E+01 -0.83127797777432E+03  0.23861325662182E+03 -0.16516200639642E+04 -0.11350526643045E+04  0.20505763111408E+05  0.00000000000000E+00  0.00000000000000E+00 -0.39071118179064E+03 -0.21447847634327E+04  0.15683546959675E+04  0.00000000000000E+00  0.00000000000000E+00  0.00000000000000E+00  0.00000000000000E+00  0.00000000000000E+00  0.00000000000000E+00  0.00000000000000E+00  0.00000000000000E+00  0.00000000000000E+00  0.00000000000000E+00  0.00000000000000E+00  0.00000000000000E+00  0.00000000000000E+00  0.00000000000000E+00  0.94928729325333E+05  0.00000000000000E+00
  -0.55720271641985E+05  0.71643248215829E+04 -0.20777891260332E+04 -0.21282760466644E+05  0.25189769130056E+04 -0.53593197199131E+04 -0.34372522436551E+04 -0.17032232126374E+06  0.54426032070603E+05  0.35505421542974E+04 -0.10477119158322E+04 -0.10165791226671E-09 -0.27890603016358E-11 -0.19186134074004E-12 -0.93665291255261E+03  0.26739437221777E+03 -0.18352015379967E+04 -0.12620355007069E+04  0.63127336431482E+05 -0.27118219128343E+02  0.41815704573647E+04 -0.28191230356560E+04 -0.81994467495104E+04 -0.29962431151526E+05  0.00000000000000E+00  0.00000000000000E+00  0.00000000000000E+00  0.00000000000000E+00  0.00000000000000E+00  0.00000000000000E+00  0.00000000000000E+00  0.00000000000000E+00  0.00000000000000E+00  0.00000000000000E+00  0.00000000000000E+00  0.00000000000000E+00  0.00000000000000E+00  0.00000000000000E+00  0.00000000000000E+00  0.99611513707497E+05

 # Covariance matrix (Bevington epsilon)
