 Correlated errors added in quadrature with statistical errors
 jl00106F2p           DIS data with   1.69< Q2 < 0.500D+03 and 0.000 < xB < 1.000 and   3.00< W2 < 0.100D+04 and 0.000 < y < 1.000
   GP TMC applied
   HT corrections, multiplicative C=C(xB)
 Correlated errors added in quadrature with statistical errors
 jl00106F2d           DIS data with   1.69< Q2 < 0.500D+03 and 0.000 < xB < 1.000 and   3.00< W2 < 0.100D+04 and 0.000 < y < 1.000
   WBArel smearing  (AV18) - KP-like (baryon conserv.)0 nuke corrections
   GP TMC applied
   HT corrections, multiplicative C=C(xB)
 Correlated errors added in quadrature with statistical errors
 HerF2pCut            DIS data with   1.69< Q2 < 0.500D+03 and 0.000 < xB < 1.000 and   3.00< W2 < 0.100D+04 and 0.000 < y < 1.000
   GP TMC applied
   HT corrections, multiplicative C=C(xB)
 Correlated errors added in quadrature with statistical errors
 HerF2dCut            DIS data with   1.69< Q2 < 0.500D+03 and 0.000 < xB < 1.000 and   3.00< W2 < 0.100D+04 and 0.000 < y < 1.000
   WBArel smearing  (AV18) - KP-like (baryon conserv.)0 nuke corrections
   GP TMC applied
   HT corrections, multiplicative C=C(xB)
 Correlated errors added in quadrature with statistical errors
 slac_p               DIS data with   1.69< Q2 < 0.500D+03 and 0.000 < xB < 1.000 and   3.00< W2 < 0.100D+04 and 0.000 < y < 1.000
   GP TMC applied
   HT corrections, multiplicative C=C(xB)
 Correlated errors added in quadrature with statistical errors
 slac_d               DIS data with   1.69< Q2 < 0.500D+03 and 0.000 < xB < 1.000 and   3.00< W2 < 0.100D+04 and 0.000 < y < 1.000
   WBArel smearing  (AV18) - KP-like (baryon conserv.)0 nuke corrections
   GP TMC applied
   HT corrections, multiplicative C=C(xB)
 Correlated errors treated separately from statistical errors
 BcdF2pCor            DIS data with   1.69< Q2 < 0.500D+03 and 0.000 < xB < 1.000 and   3.00< W2 < 0.100D+04 and 0.000 < y < 1.000
   GP TMC applied
   HT corrections, multiplicative C=C(xB)
 Correlated errors treated separately from statistical errors
 BcdF2dCor            DIS data with   1.69< Q2 < 0.500D+03 and 0.000 < xB < 1.000 and   3.00< W2 < 0.100D+04 and 0.000 < y < 1.000
   WBArel smearing  (AV18) - KP-like (baryon conserv.)0 nuke corrections
   GP TMC applied
   HT corrections, multiplicative C=C(xB)
 Correlated errors treated separately from statistical errors
 NmcF2pCor            DIS data with   1.69< Q2 < 0.500D+03 and 0.000 < xB < 1.000 and   3.00< W2 < 0.100D+04 and 0.000 < y < 1.000
   GP TMC applied
   HT corrections, multiplicative C=C(xB)
 Correlated errors treated separately from statistical errors
 NmcRatCor            DIS data with   1.69< Q2 < 0.500D+03 and 0.000 < xB < 1.000 and   3.00< W2 < 0.100D+04 and 0.000 < y < 1.000
   WBArel smearing  (AV18) - KP-like (baryon conserv.)0 nuke corrections
   GP TMC applied
   HT corrections, multiplicative C=C(xB)
 Correlated errors treated separately from statistical errors
 H2_NC_em             DIS data with   1.69< Q2 < 0.100D+06 and 0.000 < xB < 1.000 and   3.00< W2 < 0.100D+08 and 0.000 < y < 1.000
   GP TMC applied
   HT corrections, multiplicative C=C(xB)
 Correlated errors treated separately from statistical errors
 H2_NC_ep_1           DIS data with   1.69< Q2 < 0.100D+06 and 0.000 < xB < 1.000 and   3.00< W2 < 0.100D+08 and 0.000 < y < 1.000
   GP TMC applied
   HT corrections, multiplicative C=C(xB)
 Correlated errors treated separately from statistical errors
 H2_NC_ep_2           DIS data with   1.69< Q2 < 0.100D+06 and 0.000 < xB < 1.000 and   3.00< W2 < 0.100D+08 and 0.000 < y < 1.000
   GP TMC applied
   HT corrections, multiplicative C=C(xB)
 Correlated errors treated separately from statistical errors
 H2_NC_ep_3           DIS data with   1.69< Q2 < 0.100D+06 and 0.000 < xB < 1.000 and   3.00< W2 < 0.100D+08 and 0.000 < y < 1.000
   GP TMC applied
   HT corrections, multiplicative C=C(xB)
 Correlated errors treated separately from statistical errors
 H2_NC_ep_4           DIS data with   1.69< Q2 < 0.100D+06 and 0.000 < xB < 1.000 and   3.00< W2 < 0.100D+08 and 0.000 < y < 1.000
   GP TMC applied
   HT corrections, multiplicative C=C(xB)
 Correlated errors treated separately from statistical errors
 H2_CC_em             DIS data with   1.69< Q2 < 0.100D+06 and 0.000 < xB < 1.000 and   3.00< W2 < 0.100D+08 and 0.000 < y < 1.000
   GP TMC applied
   HT corrections, multiplicative C=C(xB)
 Correlated errors treated separately from statistical errors
 H2_CC_ep             DIS data with   1.69< Q2 < 0.100D+06 and 0.000 < xB < 1.000 and   3.00< W2 < 0.100D+08 and 0.000 < y < 1.000
   GP TMC applied
   HT corrections, multiplicative C=C(xB)
 Correlated errors added in quadrature with statistical errors
 BNS_F2nd             DIS data with   1.69< Q2 < 0.100D+06 and 0.000 < xB < 1.000 and   3.00< W2 < 0.100D+08 and 0.000 < y < 1.000
   WBArel smearing  (AV18) - KP-like (baryon conserv.)0 nuke corrections
   GP TMC applied
   HT corrections, multiplicative C=C(xB)
 Correlated errors added in quadrature with statistical errors
 e866pp06xf           vector boson data with Q2 >=  36.00
 Correlated errors added in quadrature with statistical errors
 e866pd06xf           vector boson data with Q2 >=  36.00
 Correlated errors added in quadrature with statistical errors
 cdfLasy05            vector boson data with Q2 >=   0.00
 Correlated errors added in quadrature with statistical errors
 d0Lasy_e15           vector boson data with Q2 >=   0.00
 Correlated errors added in quadrature with statistical errors
 d0Lasy13             vector boson data with Q2 >=   0.00
 Correlated errors added in quadrature with statistical errors
 CDF_Wasy             vector boson data with Q2 >=   0.00
 Correlated errors added in quadrature with statistical errors
 D0_Wasy              vector boson data with Q2 >=   0.00
 Correlated errors added in quadrature with statistical errors
 CDF_Z                vector boson data with Q2 >=   0.00
 Correlated errors added in quadrature with statistical errors
 D0_Z                 vector boson data with Q2 >=   0.00
 Correlated errors added in quadrature with statistical errors
 d0run2cone          Jet data - errors added in quadrature
 Correlated errors added in quadrature with statistical errors
 CDFrun2jet          Jet data - errors added in quadrature
 Correlated errors added in quadrature with statistical errors
 d0_gamjet1           Photon data -- cuts to be written yet ...
 Correlated errors added in quadrature with statistical errors
 d0_gamjet2           Photon data -- cuts to be written yet ...
 Correlated errors added in quadrature with statistical errors
 d0_gamjet3           Photon data -- cuts to be written yet ...
 Correlated errors added in quadrature with statistical errors
 d0_gamjet4           Photon data -- cuts to be written yet ...

# fitpack15: fit output
# CJ15 AV18 final data choices                                                 

Parametrization   7 used here

 S-ACOT scheme used  for NC DIS

 charm mass =     1.30 GeV     bottom mass =     4.50 GeV



 THIS IS A NEXT TO LEADING ORDER FIT

 Q02=    1.69
         1  LAMBDA      VALUE=   0.22680      WEIGHT=    0.0000    
         2  a0uv        VALUE=    2.4332      WEIGHT=    0.0000    
         3  a1uv        VALUE=   0.61777      WEIGHT=   0.19856E-01
         4  a2uv        VALUE=    3.5427      WEIGHT=   0.12414E-01
         5  a3uv        VALUE=    0.0000      WEIGHT=    0.0000    
         6  a4uv        VALUE=    3.4037      WEIGHT=   0.42903    
         7  a5uv        VALUE=    0.0000      WEIGHT=    0.0000    
         8  a0dv        VALUE=    24.401      WEIGHT=    0.0000    
         9  a1dv        VALUE=    1.1570      WEIGHT=   0.33533E-01
        10  a2dv        VALUE=    6.5229      WEIGHT=   0.15936    
        11  a3dv        VALUE=   -3.4944      WEIGHT=   0.86332E-01
        12  a4dv        VALUE=    4.6624      WEIGHT=   0.14209    
        13  a5dv        VALUE=    0.0000      WEIGHT=    0.0000    
        14  a0ud        VALUE=   0.14704      WEIGHT=   0.50348E-02
        15  a1ud        VALUE=  -0.20740      WEIGHT=   0.37551E-02
        16  a2ud        VALUE=    8.2529      WEIGHT=   0.19114    
        17  a3ud        VALUE=    0.0000      WEIGHT=    0.0000    
        18  a4ud        VALUE=    14.336      WEIGHT=    1.2151    
        19  a5ud        VALUE=    0.0000      WEIGHT=    0.0000    
        20  a0du        VALUE=    35712.      WEIGHT=    0.0000    
        21  a1du        VALUE=    4.0486      WEIGHT=   0.74070E-01
        22  a2du        VALUE=    19.572      WEIGHT=   0.87862    
        23  a3du        VALUE=    17.000      WEIGHT=    0.0000    
        24  a4du        VALUE=    51.042      WEIGHT=    10.239    
        25  a0g         VALUE=    45.625      WEIGHT=    0.0000    
        26  a1g         VALUE=   0.60315      WEIGHT=   0.31164E-01
        27  a2g         VALUE=    6.4070      WEIGHT=   0.96748    
        28  a3g         VALUE=   -3.3105      WEIGHT=   0.13418    
        29  a4g         VALUE=    3.1609      WEIGHT=   0.31376    
        30  a5g         VALUE=    0.0000      WEIGHT=    0.0000    
        31  kappa       VALUE=   0.40000      WEIGHT=    0.0000    
        32  a6dv        VALUE=  -0.32013E-02  WEIGHT=   0.66324E-03
        33  a7dv        VALUE=    2.0000      WEIGHT=    0.0000    
        34  off1        VALUE=   -5.7760      WEIGHT=    1.5278    
        35  off2        VALUE=   0.60912E-01  WEIGHT=   0.14842E-01
        36  ht1         VALUE=   -3.2967      WEIGHT=   0.26061    
        37  ht2         VALUE=    1.9355      WEIGHT=   0.10524    
        38  ht3         VALUE=   -2.0702      WEIGHT=   0.19888E-01
        39  ht4         VALUE=    0.0000      WEIGHT=    0.0000    
        40  dummy40     VALUE=    0.0000      WEIGHT=    0.0000    
        41  dummy41     VALUE=    0.0000      WEIGHT=    0.0000    
        42  dummy42     VALUE=    0.0000      WEIGHT=    0.0000    
        43  dummy43     VALUE=    0.0000      WEIGHT=    0.0000    
        44  dummy44     VALUE=    0.0000      WEIGHT=    0.0000    
        45  dummy45     VALUE=    0.0000      WEIGHT=    0.0000    
        46  dummy46     VALUE=    0.0000      WEIGHT=    0.0000    
        47  dummy47     VALUE=    0.0000      WEIGHT=    0.0000    
        48  dummy48     VALUE=    0.0000      WEIGHT=    0.0000    
        49  dummy49     VALUE=    0.0000      WEIGHT=    0.0000    
        50  bcdmsh2     VALUE=   0.97307      WEIGHT=   0.48289E-02
        51  bcdmsd2     VALUE=   0.99317      WEIGHT=   0.58269E-02
        52  ccfr        VALUE=    1.0000      WEIGHT=    0.0000    
        53  nutev       VALUE=    1.0000      WEIGHT=    0.0000    
        54  zeus        VALUE=   0.97998      WEIGHT=    0.0000    
        55  h1          VALUE=    1.0162      WEIGHT=    0.0000    
        56  e605        VALUE=    1.0319      WEIGHT=    0.0000    
        57  NmcH2       VALUE=    1.0095      WEIGHT=   0.71247E-02
        58  ntv_nu      VALUE=    1.0000      WEIGHT=    0.0000    
        59  ntv_nubar   VALUE=    1.0000      WEIGHT=    0.0000    
        60  cdf_jet     VALUE=   0.98910      WEIGHT=    0.0000    
        61  d0_jet      VALUE=   0.83504      WEIGHT=    0.0000    
        62  slac_p      VALUE=    1.0049      WEIGHT=   0.48124E-02
        63  slac_d      VALUE=    1.0042      WEIGHT=   0.52781E-02
        64  e866pp      VALUE=   0.96586      WEIGHT=   0.19263E-01
        65  e866pd      VALUE=   0.96369      WEIGHT=   0.15783E-01
        66  d0_gamjet   VALUE=    1.0389      WEIGHT=   0.16474E-01
        67  h1b         VALUE=   0.97608      WEIGHT=    0.0000    
        68  jlab_p      VALUE=   0.99446      WEIGHT=   0.57943E-02
        69  jlab_d      VALUE=   0.97557      WEIGHT=   0.59019E-02
        70  blank       VALUE=    1.0000      WEIGHT=    0.0000    
        71  d0run2      VALUE=   0.94087      WEIGHT=   0.14167E-01
        72  cdfrun2     VALUE=   0.92649      WEIGHT=   0.17233E-01
        73  HERA_el     VALUE=    1.0000      WEIGHT=    0.0000    
        74  HERA_ps     VALUE=    1.0000      WEIGHT=    0.0000    
        75  CDF_Z       VALUE=   0.96581      WEIGHT=   0.64944E-02
        76  NmcRat      VALUE=    1.0000      WEIGHT=    0.0000    
        77  BNS_F2nd    VALUE=   0.98310      WEIGHT=   0.68314E-02
        78  HERMES_F2p  VALUE=   0.99832      WEIGHT=   0.55693E-02
        79  HERMES_F2d  VALUE=   0.98039      WEIGHT=   0.58259E-02
0THE TOLERANCE IS    0.1000
 THE MAXIMUM NUMBER OF STEPS IS 100
0THE INITIAL CHI SQUARED IS  4.71076E+03
0  STEP  CHI SQUARED    PARAMETER      VALUE         ERROR
 ------------------------------------------------------------
     1    4.70884E+03
                       1  LAMBDA     2.2680E-01       FIX 
                       2  a0uv       2.4317E+00       FIX 
                       3  a1uv       6.1762E-01           
                       4  a2uv       3.5420E+00           
                       5  a3uv       0.0000E+00       FIX 
                       6  a4uv       3.4048E+00           
                       7  a5uv       0.0000E+00       FIX 
                       8  a0dv       2.4449E+01       FIX 
                       9  a1dv       1.1571E+00           
                      10  a2dv       6.5231E+00           
                      11  a3dv      -3.4956E+00           
                      12  a4dv       4.6591E+00           
                      13  a5dv       0.0000E+00       FIX 
                      14  a0ud       1.4708E-01           
                      15  a1ud      -2.0742E-01           
                      16  a2ud       8.2597E+00           
                      17  a3ud       0.0000E+00       FIX 
                      18  a4ud       1.4335E+01           
                      19  a5ud       0.0000E+00       FIX 
                      20  a0du       3.5712E+04       FIX 
                      21  a1du       4.0403E+00           
                      22  a2du       1.9740E+01           
                      23  a3du       1.7000E+01       FIX 
                      24  a4du       5.1830E+01           
                      25  a0g        4.5543E+01       FIX 
                      26  a1g        6.0349E-01           
                      27  a2g        6.4137E+00           
                      28  a3g       -3.3093E+00           
                      29  a4g        3.1640E+00           
                      30  a5g        0.0000E+00       FIX 
                      31  kappa      4.0000E-01       FIX 
                      32  a6dv      -3.3255E-03           
                      33  a7dv       2.0000E+00       FIX 
                      34  off1      -4.6360E+00           
                      35  off2       6.1411E-02           
                      36  ht1       -3.2973E+00           
                      37  ht2        1.9362E+00           
                      38  ht3       -2.0697E+00           
                      39  ht4        0.0000E+00       FIX 
                      40  dummy40    0.0000E+00       FIX 
                      41  dummy41    0.0000E+00       FIX 
                      42  dummy42    0.0000E+00       FIX 
                      43  dummy43    0.0000E+00       FIX 
                      44  dummy44    0.0000E+00       FIX 
                      45  dummy45    0.0000E+00       FIX 
                      46  dummy46    0.0000E+00       FIX 
                      47  dummy47    0.0000E+00       FIX 
                      48  dummy48    0.0000E+00       FIX 
                      49  dummy49    0.0000E+00       FIX 
                      50  bcdmsh2    9.7316E-01           
                      51  bcdmsd2    9.9302E-01           
                      52  ccfr       1.0000E+00       FIX 
                      53  nutev      1.0000E+00       FIX 
                      54  zeus       9.7998E-01       FIX 
                      55  h1         1.0162E+00       FIX 
                      56  e605       1.0319E+00       FIX 
                      57  NmcH2      1.0095E+00           
                      58  ntv_nu     1.0000E+00       FIX 
                      59  ntv_nuba   1.0000E+00       FIX 
                      60  cdf_jet    9.8910E-01       FIX 
                      61  d0_jet     8.3504E-01       FIX 
                      62  slac_p     1.0049E+00           
                      63  slac_d     1.0043E+00           
                      64  e866pp     9.6487E-01           
                      65  e866pd     9.6386E-01           
                      66  d0_gamje   1.0388E+00           
                      67  h1b        9.7608E-01       FIX 
                      68  jlab_p     9.9402E-01           
                      69  jlab_d     9.7575E-01           
                      70  blank      1.0000E+00       FIX 
                      71  d0run2     9.4166E-01           
                      72  cdfrun2    9.2711E-01           
                      73  HERA_el    1.0000E+00       FIX 
                      74  HERA_ps    1.0000E+00       FIX 
                      75  CDF_Z      9.6599E-01           
                      76  NmcRat     1.0000E+00       FIX 
                      77  BNS_F2nd   9.8462E-01           
                      78  HERMES_F   9.9843E-01           
                      79  HERMES_F   9.8035E-01           
 ------------------------------------------------------------
     2    4.70872E+03
                       1  LAMBDA     2.2680E-01       FIX 
                       2  a0uv       2.4302E+00       FIX 
                       3  a1uv       6.1746E-01           
                       4  a2uv       3.5415E+00           
                       5  a3uv       0.0000E+00       FIX 
                       6  a4uv       3.4058E+00           
                       7  a5uv       0.0000E+00       FIX 
                       8  a0dv       2.4472E+01       FIX 
                       9  a1dv       1.1574E+00           
                      10  a2dv       6.5238E+00           
                      11  a3dv      -3.4954E+00           
                      12  a4dv       4.6572E+00           
                      13  a5dv       0.0000E+00       FIX 
                      14  a0ud       1.4711E-01           
                      15  a1ud      -2.0740E-01           
                      16  a2ud       8.2654E+00           
                      17  a3ud       0.0000E+00       FIX 
                      18  a4ud       1.4335E+01           
                      19  a5ud       0.0000E+00       FIX 
                      20  a0du       3.5712E+04       FIX 
                      21  a1du       4.0355E+00           
                      22  a2du       1.9844E+01           
                      23  a3du       1.7000E+01       FIX 
                      24  a4du       5.1779E+01           
                      25  a0g        4.5530E+01       FIX 
                      26  a1g        6.0341E-01           
                      27  a2g        6.4259E+00           
                      28  a3g       -3.3088E+00           
                      29  a4g        3.1660E+00           
                      30  a5g        0.0000E+00       FIX 
                      31  kappa      4.0000E-01       FIX 
                      32  a6dv      -3.3942E-03           
                      33  a7dv       2.0000E+00       FIX 
                      34  off1      -4.2462E+00           
                      35  off2       6.1268E-02           
                      36  ht1       -3.2986E+00           
                      37  ht2        1.9371E+00           
                      38  ht3       -2.0691E+00           
                      39  ht4        0.0000E+00       FIX 
                      40  dummy40    0.0000E+00       FIX 
                      41  dummy41    0.0000E+00       FIX 
                      42  dummy42    0.0000E+00       FIX 
                      43  dummy43    0.0000E+00       FIX 
                      44  dummy44    0.0000E+00       FIX 
                      45  dummy45    0.0000E+00       FIX 
                      46  dummy46    0.0000E+00       FIX 
                      47  dummy47    0.0000E+00       FIX 
                      48  dummy48    0.0000E+00       FIX 
                      49  dummy49    0.0000E+00       FIX 
                      50  bcdmsh2    9.7313E-01           
                      51  bcdmsd2    9.9306E-01           
                      52  ccfr       1.0000E+00       FIX 
                      53  nutev      1.0000E+00       FIX 
                      54  zeus       9.7998E-01       FIX 
                      55  h1         1.0162E+00       FIX 
                      56  e605       1.0319E+00       FIX 
                      57  NmcH2      1.0094E+00           
                      58  ntv_nu     1.0000E+00       FIX 
                      59  ntv_nuba   1.0000E+00       FIX 
                      60  cdf_jet    9.8910E-01       FIX 
                      61  d0_jet     8.3504E-01       FIX 
                      62  slac_p     1.0049E+00           
                      63  slac_d     1.0042E+00           
                      64  e866pp     9.6483E-01           
                      65  e866pd     9.6371E-01           
                      66  d0_gamje   1.0389E+00           
                      67  h1b        9.7608E-01       FIX 
                      68  jlab_p     9.9406E-01           
                      69  jlab_d     9.7562E-01           
                      70  blank      1.0000E+00       FIX 
                      71  d0run2     9.4189E-01           
                      72  cdfrun2    9.2730E-01           
                      73  HERA_el    1.0000E+00       FIX 
                      74  HERA_ps    1.0000E+00       FIX 
                      75  CDF_Z      9.6587E-01           
                      76  NmcRat     1.0000E+00       FIX 
                      77  BNS_F2nd   9.8432E-01           
                      78  HERMES_F   9.9839E-01           
                      79  HERMES_F   9.8034E-01           
 ------------------------------------------------------------
     3    4.70868E+03
                       1  LAMBDA     2.2680E-01    0.0000E+00
                       2  a0uv       2.4289E+00    0.0000E+00
                       3  a1uv       6.1732E-01    1.9714E-02
                       4  a2uv       3.5412E+00    1.2527E-02
                       5  a3uv       0.0000E+00    0.0000E+00
                       6  a4uv       3.4072E+00    4.2133E-01
                       7  a5uv       0.0000E+00    0.0000E+00
                       8  a0dv       2.4488E+01    0.0000E+00
                       9  a1dv       1.1576E+00    3.3417E-02
                      10  a2dv       6.5245E+00    1.5908E-01
                      11  a3dv      -3.4950E+00    8.6275E-02
                      12  a4dv       4.6560E+00    1.4276E-01
                      13  a5dv       0.0000E+00    0.0000E+00
                      14  a0ud       1.4714E-01    5.0381E-03
                      15  a1ud      -2.0738E-01    3.7443E-03
                      16  a2ud       8.2699E+00    1.9321E-01
                      17  a3ud       0.0000E+00    0.0000E+00
                      18  a4ud       1.4336E+01    1.2161E+00
                      19  a5ud       0.0000E+00    0.0000E+00
                      20  a0du       3.5712E+04    0.0000E+00
                      21  a1du       4.0328E+00    7.5412E-02
                      22  a2du       1.9907E+01    8.6171E-01
                      23  a3du       1.7000E+01    0.0000E+00
                      24  a4du       5.1649E+01    1.0898E+01
                      25  a0g        4.5525E+01    0.0000E+00
                      26  a1g        6.0341E-01    3.0885E-02
                      27  a2g        6.4378E+00    9.3560E-01
                      28  a3g       -3.3082E+00    1.3145E-01
                      29  a4g        3.1678E+00    3.1193E-01
                      30  a5g        0.0000E+00    0.0000E+00
                      31  kappa      4.0000E-01    0.0000E+00
                      32  a6dv      -3.4254E-03    6.7163E-04
                      33  a7dv       2.0000E+00    0.0000E+00
                      34  off1      -4.0673E+00    1.5243E+00
                      35  off2       6.0768E-02    5.0999E-02
                      36  ht1       -3.2999E+00    2.5776E-01
                      37  ht2        1.9380E+00    1.0506E-01
                      38  ht3       -2.0684E+00    1.7821E-02
                      39  ht4        0.0000E+00    0.0000E+00
                      40  dummy40    0.0000E+00    0.0000E+00
                      41  dummy41    0.0000E+00    0.0000E+00
                      42  dummy42    0.0000E+00    0.0000E+00
                      43  dummy43    0.0000E+00    0.0000E+00
                      44  dummy44    0.0000E+00    0.0000E+00
                      45  dummy45    0.0000E+00    0.0000E+00
                      46  dummy46    0.0000E+00    0.0000E+00
                      47  dummy47    0.0000E+00    0.0000E+00
                      48  dummy48    0.0000E+00    0.0000E+00
                      49  dummy49    0.0000E+00    0.0000E+00
                      50  bcdmsh2    9.7307E-01    4.8214E-03
                      51  bcdmsd2    9.9305E-01    5.8332E-03
                      52  ccfr       1.0000E+00    0.0000E+00
                      53  nutev      1.0000E+00    0.0000E+00
                      54  zeus       9.7998E-01    0.0000E+00
                      55  h1         1.0162E+00    0.0000E+00
                      56  e605       1.0319E+00    0.0000E+00
                      57  NmcH2      1.0094E+00    7.1214E-03
                      58  ntv_nu     1.0000E+00    0.0000E+00
                      59  ntv_nuba   1.0000E+00    0.0000E+00
                      60  cdf_jet    9.8910E-01    0.0000E+00
                      61  d0_jet     8.3504E-01    0.0000E+00
                      62  slac_p     1.0049E+00    4.8155E-03
                      63  slac_d     1.0041E+00    5.2796E-03
                      64  e866pp     9.6474E-01    1.9213E-02
                      65  e866pd     9.6349E-01    1.5833E-02
                      66  d0_gamje   1.0390E+00    1.6482E-02
                      67  h1b        9.7608E-01    0.0000E+00
                      68  jlab_p     9.9404E-01    5.7897E-03
                      69  jlab_d     9.7549E-01    5.9118E-03
                      70  blank      1.0000E+00    0.0000E+00
                      71  d0run2     9.4190E-01    1.4167E-02
                      72  cdfrun2    9.2732E-01    1.7247E-02
                      73  HERA_el    1.0000E+00    0.0000E+00
                      74  HERA_ps    1.0000E+00    0.0000E+00
                      75  CDF_Z      9.6577E-01    6.5333E-03
                      76  NmcRat     1.0000E+00    0.0000E+00
                      77  BNS_F2nd   9.8406E-01    6.9842E-03
                      78  HERMES_F   9.9833E-01    5.5672E-03
                      79  HERMES_F   9.8030E-01    5.8224E-03
0 MINIMIZATION TERMINATED WITH STEP  3
  TOLERANCE CRITERION      SATISFIED
0 CHI SQUARED PER DEGREE OF FREEDOM IS  1.046E+00
   1.000 -0.440 -0.978  0.280 -0.017  0.153 -0.356  0.459  0.397 -0.308 -0.500 -0.169 -0.271  0.020  0.176  0.137  0.068 -0.033  0.291 -0.119  0.068  0.089 -0.236  0.167  0.327  0.251  0.155  0.311  0.275 -0.376 -0.184  0.083  0.196  0.216 -0.164 -0.133  0.431  0.134  0.270  0.239
  -0.440  1.000  0.591  0.209  0.361 -0.242  0.233 -0.182 -0.168  0.379  0.286  0.246  0.079  0.150 -0.012  0.064  0.018  0.036 -0.316  0.081  0.101 -0.541  0.370  0.295  0.089  0.055  0.029 -0.001  0.035  0.209  0.022  0.007  0.115  0.124 -0.029 -0.007 -0.110 -0.180  0.044  0.048
  -0.978  0.591  1.000 -0.189  0.102 -0.193  0.372 -0.442 -0.387  0.372  0.530  0.208  0.279  0.026 -0.150 -0.097 -0.049  0.031 -0.318  0.130 -0.030 -0.165  0.268 -0.090 -0.211 -0.160 -0.090 -0.192 -0.165  0.443  0.233 -0.068 -0.083 -0.112  0.122  0.099 -0.357 -0.155 -0.165 -0.139
   0.280  0.209 -0.189  1.000  0.822 -0.632  0.015  0.148  0.101 -0.108 -0.223  0.348 -0.206  0.262  0.335  0.237 -0.215  0.233  0.157  0.126  0.235 -0.262  0.137  0.291  0.289  0.226  0.123  0.290  0.237  0.048 -0.111  0.062  0.250  0.156 -0.049 -0.050  0.161 -0.067  0.271  0.228
  -0.017  0.361  0.102  0.822  1.000 -0.882  0.538 -0.090 -0.105  0.170  0.119  0.176 -0.016  0.215  0.224  0.186 -0.213  0.227 -0.243  0.086  0.083 -0.170  0.028  0.202  0.180  0.116  0.120  0.134  0.077  0.124  0.005  0.024  0.138 -0.018 -0.021 -0.026  0.087 -0.010  0.150  0.107
   0.153 -0.242 -0.193 -0.632 -0.882  1.000 -0.739  0.273  0.264 -0.163 -0.275 -0.059  0.002 -0.294 -0.175 -0.206  0.238 -0.275  0.115  0.063 -0.085  0.182 -0.093 -0.130 -0.083 -0.056 -0.134 -0.063 -0.037 -0.164 -0.127  0.008 -0.078  0.039 -0.006 -0.001 -0.023 -0.103 -0.098 -0.079
  -0.356  0.233  0.372  0.015  0.538 -0.739  1.000 -0.413 -0.372  0.467  0.598 -0.278  0.257  0.040 -0.057  0.047 -0.077  0.096 -0.418 -0.161 -0.169  0.025 -0.095 -0.062 -0.032 -0.041  0.112 -0.068 -0.071  0.173  0.276 -0.051 -0.020 -0.122 -0.004 -0.003  0.019  0.190 -0.025 -0.020
   0.459 -0.182 -0.442  0.148 -0.090  0.273 -0.413  1.000  0.967 -0.400 -0.777  0.068 -0.151 -0.101 -0.090 -0.050  0.190 -0.155  0.141  0.062  0.018 -0.024 -0.033  0.072  0.226  0.192  0.150  0.223  0.206 -0.084 -0.070  0.084  0.161  0.180  0.018  0.011  0.311 -0.009  0.202  0.180
   0.397 -0.168 -0.387  0.101 -0.105  0.264 -0.372  0.967  1.000 -0.354 -0.725  0.048 -0.128 -0.105 -0.197 -0.115  0.224 -0.201  0.119  0.058  0.006 -0.020 -0.027  0.054  0.175  0.148  0.127  0.165  0.152 -0.095 -0.082  0.072  0.116  0.134  0.033  0.021  0.249 -0.012  0.150  0.132
  -0.308  0.379  0.372 -0.108  0.170 -0.163  0.467 -0.400 -0.354  1.000  0.764 -0.343  0.463 -0.248 -0.078 -0.181 -0.204  0.049 -0.312  0.132 -0.312  0.123 -0.052 -0.238 -0.068 -0.029  0.025 -0.056 -0.016  0.001  0.044 -0.028 -0.007 -0.018  0.111  0.057 -0.036 -0.116 -0.016  0.022
  -0.500  0.286  0.530 -0.223  0.119 -0.275  0.598 -0.777 -0.725  0.764  1.000 -0.313  0.362 -0.190 -0.060 -0.132 -0.125 -0.011 -0.280 -0.079 -0.350  0.180 -0.159 -0.247 -0.021 -0.009  0.072  0.020  0.046  0.282  0.404 -0.090  0.056  0.040 -0.040 -0.058  0.045  0.075  0.037  0.076
  -0.169  0.246  0.208  0.348  0.176 -0.059 -0.278  0.068  0.048 -0.343 -0.313  1.000 -0.576  0.357  0.149  0.112 -0.084  0.121  0.111  0.118  0.492 -0.277  0.304  0.316  0.020  0.043 -0.010  0.035  0.017  0.286 -0.122  0.042  0.029 -0.004  0.046  0.040 -0.225 -0.135  0.069  0.001
  -0.271  0.079  0.279 -0.206 -0.016  0.002  0.257 -0.151 -0.128  0.463  0.362 -0.576  1.000 -0.038 -0.194 -0.105  0.155 -0.151 -0.236  0.285 -0.100  0.130 -0.129 -0.013  0.021  0.008  0.026 -0.001 -0.014  0.169  0.133 -0.006 -0.009 -0.030 -0.040 -0.031 -0.033 -0.235 -0.015 -0.007
   0.020  0.150  0.026  0.262  0.215 -0.294  0.040 -0.101 -0.105 -0.248 -0.190  0.357 -0.038  1.000  0.131  0.352 -0.078  0.278  0.123  0.015  0.748 -0.300  0.321  0.478  0.128  0.077  0.142  0.108  0.039  0.183 -0.086  0.076  0.045 -0.005 -0.005  0.021 -0.244 -0.176  0.126  0.058
   0.176 -0.012 -0.150  0.335  0.224 -0.175 -0.057 -0.090 -0.197 -0.078 -0.060  0.149 -0.194  0.131  1.000  0.704 -0.683  0.798  0.112  0.006  0.123 -0.040  0.096  0.014  0.105  0.095 -0.043  0.153  0.148 -0.066 -0.092  0.039  0.119  0.119  0.008  0.026  0.057 -0.006  0.137  0.134
   0.137  0.064 -0.097  0.237  0.186 -0.206  0.047 -0.050 -0.115 -0.181 -0.132  0.112 -0.105  0.352  0.704  1.000 -0.242  0.722  0.051  0.034  0.342 -0.234  0.296  0.159  0.109  0.122  0.037  0.217  0.236 -0.004 -0.034  0.050  0.197  0.217 -0.195 -0.072  0.007 -0.022  0.178  0.200
   0.068  0.018 -0.049 -0.215 -0.213  0.238 -0.077  0.190  0.224 -0.204 -0.125 -0.084  0.155 -0.078 -0.683 -0.242  1.000 -0.825 -0.071  0.015  0.054 -0.125 -0.054  0.230  0.133  0.115  0.154  0.168  0.170  0.190  0.235 -0.010  0.173  0.183 -0.397 -0.275  0.232  0.059  0.095  0.104
  -0.033  0.036  0.031  0.233  0.227 -0.275  0.096 -0.155 -0.201  0.049 -0.011  0.121 -0.151  0.278  0.798  0.722 -0.825  1.000  0.060  0.034  0.179 -0.070  0.269 -0.090 -0.118 -0.078 -0.130 -0.088 -0.070 -0.185 -0.255  0.037 -0.085 -0.076  0.224  0.202 -0.267 -0.088 -0.046 -0.034
   0.291 -0.316 -0.318  0.157 -0.243  0.115 -0.418  0.141  0.119 -0.312 -0.280  0.111 -0.236  0.123  0.112  0.051 -0.071  0.060  1.000 -0.313  0.177 -0.215  0.227  0.122  0.076  0.102  0.022  0.129  0.174 -0.091 -0.073  0.024  0.097  0.208 -0.019 -0.012  0.061  0.023  0.116  0.134
  -0.119  0.081  0.130  0.126  0.086  0.063 -0.161  0.062  0.058  0.132 -0.079  0.118  0.285  0.015  0.006  0.034  0.015  0.034 -0.313  1.000  0.128 -0.083  0.098  0.172 -0.094  0.082 -0.090 -0.081 -0.028  0.019 -0.189  0.034 -0.018 -0.092  0.071  0.059 -0.209 -0.427 -0.094 -0.012
   0.068  0.101 -0.030  0.235  0.083 -0.085 -0.169  0.018  0.006 -0.312 -0.350  0.492 -0.100  0.748  0.123  0.342  0.054  0.179  0.177  0.128  1.000 -0.343  0.361  0.697  0.065  0.142  0.018  0.024  0.074  0.094 -0.183  0.082 -0.046  0.000 -0.036  0.008 -0.292 -0.261  0.041  0.088
   0.089 -0.541 -0.165 -0.262 -0.170  0.182  0.025 -0.024 -0.020  0.123  0.180 -0.277  0.130 -0.300 -0.040 -0.234 -0.125 -0.070 -0.215 -0.083 -0.343  1.000 -0.806 -0.470 -0.013 -0.051  0.031 -0.030 -0.079  0.030  0.185 -0.031 -0.192 -0.227  0.078  0.014  0.168  0.125 -0.032 -0.061
  -0.236  0.370  0.268  0.137  0.028 -0.093 -0.095 -0.033 -0.027 -0.052 -0.159  0.304 -0.129  0.321  0.096  0.296 -0.054  0.269  0.227  0.098  0.361 -0.806  1.000  0.065 -0.164 -0.082 -0.133  0.004  0.062 -0.098 -0.292  0.030  0.080  0.154  0.090  0.117 -0.391 -0.190 -0.023  0.008
   0.167  0.295 -0.090  0.291  0.202 -0.130 -0.062  0.072  0.054 -0.238 -0.247  0.316 -0.013  0.478  0.014  0.159  0.230 -0.090  0.122  0.172  0.697 -0.470  0.065  1.000  0.211  0.307  0.110 -0.004  0.137  0.141 -0.029  0.059  0.036  0.133 -0.198 -0.127  0.006 -0.247  0.066  0.162
   0.327  0.089 -0.211  0.289  0.180 -0.083 -0.032  0.226  0.175 -0.068 -0.021  0.020  0.021  0.128  0.105  0.109  0.133 -0.118  0.076 -0.094  0.065 -0.013 -0.164  0.211  1.000  0.490  0.387  0.690  0.613  0.395  0.459  0.058  0.566  0.520 -0.235 -0.207  0.572  0.102  0.595  0.550
   0.251  0.055 -0.160  0.226  0.116 -0.056 -0.041  0.192  0.148 -0.029 -0.009  0.043  0.008  0.077  0.095  0.122  0.115 -0.078  0.102  0.082  0.142 -0.051 -0.082  0.307  0.490  1.000  0.320  0.533  0.663  0.331  0.398  0.047  0.416  0.545 -0.197 -0.168  0.462 -0.056  0.484  0.577
   0.155  0.029 -0.090  0.123  0.120 -0.134  0.112  0.150  0.127  0.025  0.072 -0.010  0.026  0.142 -0.043  0.037  0.154 -0.130  0.022 -0.090  0.018  0.031 -0.133  0.110  0.387  0.320  1.000  0.437  0.409  0.346  0.410  0.030  0.348  0.336 -0.166 -0.144  0.419  0.093  0.419  0.396
   0.311 -0.001 -0.192  0.290  0.134 -0.063 -0.068  0.223  0.165 -0.056  0.020  0.035 -0.001  0.108  0.153  0.217  0.168 -0.088  0.129 -0.081  0.024 -0.030  0.004 -0.004  0.690  0.533  0.437  1.000  0.803  0.483  0.566  0.057  0.765  0.687 -0.285 -0.242  0.643  0.157  0.750  0.688
   0.275  0.035 -0.165  0.237  0.077 -0.037 -0.071  0.206  0.152 -0.016  0.046  0.017 -0.014  0.039  0.148  0.236  0.170 -0.070  0.174 -0.028  0.074 -0.079  0.062  0.137  0.613  0.663  0.409  0.803  1.000  0.432  0.556  0.047  0.624  0.825 -0.288 -0.235  0.614 -0.006  0.691  0.794
  -0.376  0.209  0.443  0.048  0.124 -0.164  0.173 -0.084 -0.095  0.001  0.282  0.286  0.169  0.183 -0.066 -0.004  0.190 -0.185 -0.091  0.019  0.094  0.030 -0.098  0.141  0.395  0.331  0.346  0.483  0.432  1.000  0.687 -0.006  0.401  0.347 -0.190 -0.167  0.306  0.019  0.445  0.403
  -0.184  0.022  0.233 -0.111  0.005 -0.127  0.276 -0.070 -0.082  0.044  0.404 -0.122  0.133 -0.086 -0.092 -0.034  0.235 -0.255 -0.073 -0.189 -0.183  0.185 -0.292 -0.029  0.459  0.398  0.410  0.566  0.556  0.687  1.000 -0.038  0.470  0.466 -0.259 -0.228  0.578  0.232  0.499  0.526
   0.083  0.007 -0.068  0.062  0.024  0.008 -0.051  0.084  0.072 -0.028 -0.090  0.042 -0.006  0.076  0.039  0.050 -0.010  0.037  0.024  0.034  0.082 -0.031  0.030  0.059  0.058  0.047  0.030  0.057  0.047 -0.006 -0.038  1.000  0.041  0.035  0.012  0.011  0.011 -0.040  0.052  0.041
   0.196  0.115 -0.083  0.250  0.138 -0.078 -0.020  0.161  0.116 -0.007  0.056  0.029 -0.009  0.045  0.119  0.197  0.173 -0.085  0.097 -0.018 -0.046 -0.192  0.080  0.036  0.566  0.416  0.348  0.765  0.624  0.401  0.470  0.041  1.000  0.591 -0.257 -0.211  0.531  0.160  0.599  0.536
   0.216  0.124 -0.112  0.156 -0.018  0.039 -0.122  0.180  0.134 -0.018  0.040 -0.004 -0.030 -0.005  0.119  0.217  0.183 -0.076  0.208 -0.092  0.000 -0.227  0.154  0.133  0.520  0.545  0.336  0.687  0.825  0.347  0.466  0.035  0.591  1.000 -0.270 -0.212  0.531  0.016  0.584  0.664
  -0.164 -0.029  0.122 -0.049 -0.021 -0.006 -0.004  0.018  0.033  0.111 -0.040  0.046 -0.040 -0.005  0.008 -0.195 -0.397  0.224 -0.019  0.071 -0.036  0.078  0.090 -0.198 -0.235 -0.197 -0.166 -0.285 -0.288 -0.190 -0.259  0.012 -0.257 -0.270  1.000  0.282 -0.327 -0.097 -0.234 -0.238
  -0.133 -0.007  0.099 -0.050 -0.026 -0.001 -0.003  0.011  0.021  0.057 -0.058  0.040 -0.031  0.021  0.026 -0.072 -0.275  0.202 -0.012  0.059  0.008  0.014  0.117 -0.127 -0.207 -0.168 -0.144 -0.242 -0.235 -0.167 -0.228  0.011 -0.211 -0.212  0.282  1.000 -0.282 -0.086 -0.202 -0.200
   0.431 -0.110 -0.357  0.161  0.087 -0.023  0.019  0.311  0.249 -0.036  0.045 -0.225 -0.033 -0.244  0.057  0.007  0.232 -0.267  0.061 -0.209 -0.292  0.168 -0.391  0.006  0.572  0.462  0.419  0.643  0.614  0.306  0.578  0.011  0.531  0.531 -0.327 -0.282  1.000  0.277  0.571  0.565
   0.134 -0.180 -0.155 -0.067 -0.010 -0.103  0.190 -0.009 -0.012 -0.116  0.075 -0.135 -0.235 -0.176 -0.006 -0.022  0.059 -0.088  0.023 -0.427 -0.261  0.125 -0.190 -0.247  0.102 -0.056  0.093  0.157 -0.006  0.019  0.232 -0.040  0.160  0.016 -0.097 -0.086  0.277  1.000  0.105  0.013
   0.270  0.044 -0.165  0.271  0.150 -0.098 -0.025  0.202  0.150 -0.016  0.037  0.069 -0.015  0.126  0.137  0.178  0.095 -0.046  0.116 -0.094  0.041 -0.032 -0.023  0.066  0.595  0.484  0.419  0.750  0.691  0.445  0.499  0.052  0.599  0.584 -0.234 -0.202  0.571  0.105  1.000  0.618
   0.239  0.048 -0.139  0.228  0.107 -0.079 -0.020  0.180  0.132  0.022  0.076  0.001 -0.007  0.058  0.134  0.200  0.104 -0.034  0.134 -0.012  0.088 -0.061  0.008  0.162  0.550  0.577  0.396  0.688  0.794  0.403  0.526  0.041  0.536  0.664 -0.238 -0.200  0.565  0.013  0.618  1.000

0                ***   ***   ***  ***   ***   ***



     X        Q2         W2       THEORY        error         DATA           ERROR        chi^2     _w    ITYPE
.4831E+00     3.585  0.472E+01   0.17944E+00   0.66504E-03   0.18590E+00    0.56080E-02   -1.33         jl00106F2p          
.4904E+00     3.624  0.465E+01   0.17452E+00   0.64096E-03   0.18170E+00    0.55227E-02   -1.69         jl00106F2p          
.4978E+00     3.663  0.458E+01   0.16958E+00   0.61687E-03   0.17590E+00    0.53000E-02   -1.42         jl00106F2p          
.5052E+00     3.702  0.451E+01   0.16469E+00   0.59312E-03   0.16780E+00    0.50774E-02   -0.37         jl00106F2p          
.5127E+00     3.740  0.444E+01   0.15979E+00   0.56944E-03   0.16030E+00    0.48549E-02   -0.01         jl00106F2p          
.5202E+00     3.779  0.437E+01   0.15494E+00   0.54617E-03   0.15490E+00    0.47707E-02    0.00         jl00106F2p          
.5278E+00     3.818  0.430E+01   0.15009E+00   0.52307E-03   0.15390E+00    0.46872E-02   -0.66         jl00106F2p          
.5355E+00     3.857  0.423E+01   0.14524E+00   0.50020E-03   0.14960E+00    0.45486E-02   -0.92         jl00106F2p          
.5433E+00     3.895  0.416E+01   0.14041E+00   0.47765E-03   0.13750E+00    0.42438E-02    0.47         jl00106F2p          
.5511E+00     3.934  0.409E+01   0.13564E+00   0.45577E-03   0.13020E+00    0.40224E-02    1.83         jl00106F2p          
