# fitpack15: fit parameters                                                                         
# CJ15 AV18 final data choices                                                                      
# Created on 01/23/2020 at 22:00:02                                                                 

 # QCD setup
  INS                           0
  NVL                          11
  IORD                          1
  Q02                   1.6899999999999999     
  IPARAMC                       7
  FLAVOR                4.0000000000000000     
  xmc                   1.3000000000000000     
  xmb                   4.5000000000000000     
  ncb                          12
  ihq                           1
  ias                           0

 # Theory corrections
  inuke                     10814
  itmc                          1
  iht                           1

 # fit parameters
 LAMBDA       0.22680        0.0000    
 a0uv          2.4040        0.0000    
 a1uv         0.61512       0.19868E-01
 a2uv          3.5434       0.12406E-01
 a3uv          0.0000        0.0000    
 a4uv          3.4664       0.42944    
 a5uv          0.0000        0.0000    
 a0dv          24.617        0.0000    
 a1dv          1.1589       0.33556E-01
 a2dv          6.5504       0.15913    
 a3dv         -3.5022       0.86257E-01
 a4dv          4.6796       0.14306    
 a5dv          0.0000        0.0000    
 a0ud         0.14688       0.50414E-02
 a1ud        -0.20754       0.37527E-02
 a2ud          8.3254       0.19179    
 a3ud          0.0000        0.0000    
 a4ud          14.561        1.2227    
 a5ud          0.0000        0.0000    
 a0du          35712.        0.0000    
 a1du          4.0251       0.75449E-01
 a2du          20.146       0.87856    
 a3du          17.000        0.0000    
 a4du          51.032        10.554    
 a0g           45.536        0.0000    
 a1g          0.60315       0.31142E-01
 a2g           6.4978       0.95797    
 a3g          -3.3066       0.13388    
 a4g           3.1767       0.32006    
 a5g           0.0000        0.0000    
 kappa        0.40000        0.0000    
 a6dv        -0.36296E-02   0.67115E-03
 a7dv          2.0000        0.0000    
 off1         -3.6606        1.5190    
 off2         0.56574E-01   0.58968E-01
 ht1          -3.2908       0.25809    
 ht2           1.9305       0.10519    
 ht3          -2.0695       0.18428E-01
 ht4           0.0000        0.0000    
 dummy40       0.0000        0.0000    
 dummy41       0.0000        0.0000    
 dummy42       0.0000        0.0000    
 dummy43       0.0000        0.0000    
 dummy44       0.0000        0.0000    
 dummy45       0.0000        0.0000    
 dummy46       0.0000        0.0000    
 dummy47       0.0000        0.0000    
 dummy48       0.0000        0.0000    
 dummy49       0.0000        0.0000    
 bcdmsh2      0.97308       0.48215E-02
 bcdmsd2      0.99317       0.58313E-02
 ccfr          1.0000        0.0000    
 nutev         1.0000        0.0000    
 zeus         0.97998        0.0000    
 h1            1.0162        0.0000    
 e605          1.0319        0.0000    
 NmcH2         1.0095       0.71233E-02
 ntv_nu        1.0000        0.0000    
 ntv_nubar     1.0000        0.0000    
 cdf_jet      0.98910        0.0000    
 d0_jet       0.83504        0.0000    
 slac_p        1.0050       0.48129E-02
 slac_d        1.0042       0.52765E-02
 e866pp       0.96590       0.19257E-01
 e866pd       0.96385       0.15818E-01
 d0_gamjet     1.0390       0.16481E-01
 h1b          0.97608        0.0000    
 jlab_p       0.99442       0.57920E-02
 jlab_d       0.97553       0.59070E-02
 blank         1.0000        0.0000    
 d0run2       0.94095       0.14130E-01
 cdfrun2      0.92661       0.17222E-01
 HERA_el       1.0000        0.0000    
 HERA_ps       1.0000        0.0000    
 CDF_Z        0.96586       0.65160E-02
 NmcRat        1.0000        0.0000    
 BNS_F2nd     0.98318       0.69161E-02
 HERMES_F2p   0.99835       0.55663E-02
 HERMES_F2d   0.98043       0.58221E-02
 END 0. 0.

 # Hessian matrix (Bevington alpha)
   0.48829345044225E+07 -0.12868603469604E+07  0.23404503616995E+06  0.47957503192405E+06 -0.12598774928862E+06 -0.22881593529801E+05  0.55004991933808E+05  0.89822998429627E+06 -0.17316655150315E+06 -0.48208739376247E+05  0.73506647882250E+04  0.15518270783665E+05  0.17536537960368E+04 -0.11149201776726E+03  0.74845853480772E+04 -0.19155792346997E+04  0.10787263388997E+05  0.77228494263023E+04 -0.73963349844873E+07 -0.14394901020978E+04 -0.20108632665498E+06  0.54832109336421E+05  0.17358719331036E+06  0.72089492883751E+06 -0.12683796566462E+06 -0.53803471661864E+05 -0.43595880100644E+04 -0.83707302068667E+06 -0.10836275726445E+07 -0.20558878873579E+05 -0.46324418728065E+05 -0.30763007084360E+04 -0.19826641848567E+06 -0.22379367390235E+06 -0.90918322998114E+04 -0.32224346093998E+04 -0.14895927436879E+05  0.16559319771699E+05 -0.70482901897489E+05 -0.55630336522475E+05
  -0.12868603469604E+07  0.41310786024261E+06 -0.63786141960347E+05 -0.13512093312082E+06  0.35190799785079E+05  0.87074552124312E+04 -0.12249575256673E+05 -0.12094456505458E+06  0.26407344027406E+05  0.74604329296344E+04 -0.93475480990727E+03 -0.12537833587686E+04 -0.14634660154473E+03  0.13444206989190E+02  0.66816971128911E+03 -0.53139053313899E+02  0.17844653378091E+03  0.10051508786671E+03  0.25392237091588E+07  0.57696909769845E+03  0.57437518735225E+05 -0.11975235565683E+05 -0.41584839374663E+05 -0.19880259752278E+06  0.16565975156008E+05  0.81928983925437E+04 -0.24111409667554E+03  0.20914696996416E+06  0.26330431725444E+06  0.58035802620924E+04  0.13224633902958E+05  0.42091141693727E+03  0.63434796879724E+05  0.71033181896925E+05  0.24656109492584E+04  0.78358264590970E+03 -0.23698399140005E+04 -0.22364898105923E+04  0.85334559444820E+04  0.71607869439570E+04
   0.23404503616995E+06 -0.63786141960347E+05  0.11343816366638E+05  0.23245598519341E+05 -0.61980664335319E+04 -0.13336799840434E+04  0.25829337232283E+04  0.31513256005421E+05 -0.59255855568162E+04 -0.19972243857928E+04  0.26186936009024E+03  0.48547104428043E+03  0.63661179719135E+02 -0.50536388190172E+01 -0.39335869323734E+03 -0.10447045855268E+00 -0.18390214690686E+03 -0.24599069008920E+02 -0.37054922910258E+06 -0.74155349313377E+02 -0.97969051366275E+04  0.25524283781627E+04  0.81022282579332E+04  0.34737994244613E+05 -0.55570955785080E+04 -0.23720910447906E+04  0.51830229691451E+02 -0.39116855367159E+05 -0.50817656319172E+05 -0.10073514288233E+04 -0.22798545487804E+04 -0.11906690803285E+03 -0.99520288955648E+04 -0.11200784366045E+05 -0.43671074799151E+03 -0.15212566637649E+03  0.55522046275117E+02  0.72678397364212E+03 -0.25682037878110E+04 -0.20835505325368E+04
   0.47957503192405E+06 -0.13512093312082E+06  0.23245598519341E+05  0.39519093618132E+06 -0.62407063539731E+05  0.75454842065816E+05  0.64581149857286E+05  0.34435895175591E+06 -0.25169073348547E+05 -0.18277552656269E+05  0.33616792040341E+04 -0.13639320585460E+04 -0.15617171036526E+03  0.58406397905028E+02  0.30589395822617E+05 -0.37063629268954E+04  0.27543507209946E+05  0.15407547509674E+05 -0.22044848486408E+07 -0.22279801681289E+03 -0.58904845224379E+05  0.19789221010241E+05  0.55032533877385E+05  0.23357594407639E+06 -0.12771154275966E+05 -0.21142634475450E+05 -0.66745648249136E+02 -0.65699090326097E+05 -0.34058197907182E+06 -0.14146703799416E+04 -0.24890887802971E+04 -0.73908302652256E+02 -0.11734060929748E+05 -0.52618406047663E+05 -0.25100251971151E+04 -0.98025081030871E+03 -0.94868078269821E+04 -0.15685555907843E+05 -0.71884079007325E+04 -0.21275702334780E+05
  -0.12598774928862E+06  0.35190799785079E+05 -0.61980664335319E+04 -0.62407063539731E+05  0.11714414091153E+05 -0.78508071240727E+04 -0.94216289803529E+04 -0.32168475626174E+05  0.32947856320855E+03  0.23918458508418E+04 -0.34177014244444E+03 -0.42147894064034E+02  0.45567143001001E+01 -0.52333479247168E+01 -0.26044499612887E+04  0.32098919544176E+03 -0.22899398511260E+04 -0.12988273822475E+04  0.48656746679272E+06  0.69860821189717E+02  0.12260378584270E+05 -0.37077228238881E+04 -0.10301925365048E+05 -0.46658076335192E+05  0.19981965917861E+04  0.33677268206809E+04 -0.56163925355639E+02  0.11953732311343E+05  0.63058326165836E+05  0.33954703497662E+03  0.57790237235322E+03  0.95496230164099E+01  0.29789205178740E+04  0.13149781803110E+05  0.48233688816168E+03  0.17899698988545E+03  0.33397015406591E+03  0.24946650247508E+04  0.81863326126130E+03  0.25150760244580E+04
  -0.22881593529801E+05  0.87074552124312E+04 -0.13336799840434E+04  0.75454842065816E+05 -0.78508071240727E+04  0.24201123073018E+05  0.14702655746983E+05  0.10428303587011E+06 -0.92713263369872E+04 -0.45936619485488E+04  0.10002459665355E+04 -0.70573771240057E+03 -0.69218114406128E+02  0.19737069585810E+02  0.92857637150943E+04 -0.11544731249697E+04  0.85096753351631E+04  0.48250779346849E+04 -0.66329978591642E+05  0.52000676624349E+02 -0.43595682243555E+04  0.24687104659834E+04  0.67744156106397E+04  0.21088738501922E+05 -0.28071668618410E+04 -0.43062483462549E+04  0.15268836280554E+03 -0.88182742573648E+04 -0.43623016162129E+05 -0.25270811345221E+01 -0.33868005794784E+02 -0.19502089767635E+02  0.34051615534561E+03  0.11624565303387E+04 -0.27176174141410E+03 -0.13710681032580E+03 -0.30300354034832E+04 -0.33619575716832E+04 -0.18445240234431E+04 -0.53174436589356E+04
   0.55004991933808E+05 -0.12249575256673E+05  0.25829337232283E+04  0.64581149857286E+05 -0.94216289803529E+04  0.14702655746983E+05  0.11541799197442E+05  0.57868974177060E+05 -0.29282536152194E+04 -0.32800786583717E+04  0.58539257034537E+03 -0.21366873387811E+03 -0.27339177663183E+02  0.10376835405616E+02  0.47997802016701E+04 -0.60561378622433E+03  0.42873414920770E+04  0.24624532945623E+04 -0.24885508850674E+06 -0.30725513312234E+01 -0.80668317659737E+04  0.30622778483895E+04  0.83481468142064E+04  0.32639932947775E+05 -0.24916747392869E+04 -0.39071153373560E+04  0.13561768184772E+03 -0.10062659898505E+05 -0.52526191606097E+05 -0.17113085707417E+03 -0.29149222184495E+03 -0.13723226553704E+02 -0.10709421469649E+04 -0.49602337819343E+04 -0.37371751367447E+03 -0.15750029500890E+03 -0.12729763803415E+04 -0.31527494430053E+04 -0.11457343358599E+04 -0.34135087158496E+04
   0.89822998429627E+06 -0.12094456505458E+06  0.31513256005421E+05  0.34435895175591E+06 -0.32168475626174E+05  0.10428303587011E+06  0.57868974177060E+05  0.49451983460631E+07 -0.23052450357267E+07 -0.84912031609244E+05  0.25825004448958E+05  0.27206760661009E+05  0.18113721158892E+04  0.10330409525276E+03  0.82080908138125E+05 -0.10426639965437E+05  0.84885277690021E+05  0.45750292741551E+05 -0.56559994763160E+06  0.36705774280048E+03 -0.26572619895043E+05  0.27949517602930E+05  0.87761652921673E+05  0.23955654367593E+06 -0.60309083439405E+05 -0.48504048160349E+05 -0.66659583654725E+05 -0.27997839904171E+06 -0.55568820898884E+06 -0.72406943016040E+05 -0.16189412740444E+06 -0.13256360596510E+04 -0.56832273028442E+04 -0.11159793697735E+05  0.82823255746610E+02  0.17251867022849E+03 -0.26138079282417E+06 -0.85524987774798E+04 -0.13644370331623E+06 -0.16973174713806E+06
  -0.17316655150315E+06  0.26407344027406E+05 -0.59255855568162E+04 -0.25169073348547E+05  0.32947856320855E+03 -0.92713263369872E+04 -0.29282536152194E+04 -0.23052450357267E+07  0.19284551481815E+07  0.18953817602457E+05 -0.65185687288500E+04 -0.58684891442462E+04 -0.32089087394975E+03 -0.14227833345349E+02  0.50050393930802E+05 -0.23659198446817E+04  0.17261467516154E+05  0.83958487022463E+04 -0.27016038832468E+05 -0.91606392358428E+02  0.64002935912652E+03 -0.56897492278668E+04 -0.18965355253391E+05 -0.46225146794121E+05  0.11428966593672E+05  0.10826748735677E+05  0.24113614342328E+05  0.65450297753550E+05  0.12575873108392E+06  0.23159142545446E+05  0.51894466913111E+05  0.17894018053547E+03  0.61777221398588E+03  0.12474667435078E+04 -0.12031300767977E+04 -0.67258550925875E+03  0.11161251176132E+06  0.15766280980894E+04  0.44174127441838E+05  0.54411487265166E+05
  -0.48208739376247E+05  0.74604329296344E+04 -0.19972243857928E+04 -0.18277552656269E+05  0.23918458508418E+04 -0.45936619485488E+04 -0.32800786583717E+04 -0.84912031609244E+05  0.18953817602457E+05  0.26385738164723E+04 -0.64048109670959E+03 -0.70086299493321E+03 -0.61309041564295E+02 -0.19666476605054E+01 -0.39768747147554E+04  0.48215864176388E+03 -0.36169689044842E+04 -0.20361153839355E+04  0.56600006089060E+05 -0.83848558462160E+01  0.23659046313548E+04 -0.12762722366191E+04 -0.37267922034986E+04 -0.11846768487496E+05  0.27325581775717E+04  0.18928017057877E+04  0.72719281242325E+03  0.10923258726189E+05  0.22854498957940E+05  0.15285230509323E+04  0.33456756719160E+04  0.43083085926316E+02  0.57536743869349E+03  0.10917589520323E+04  0.13463630185738E+03  0.60172275689931E+02  0.30842298111078E+04  0.43918413108766E+03  0.27822245178779E+04  0.35453148448853E+04
   0.73506647882250E+04 -0.93475480990727E+03  0.26186936009024E+03  0.33616792040341E+04 -0.34177014244444E+03  0.10002459665355E+04  0.58539257034537E+03  0.25825004448958E+05 -0.65185687288500E+04 -0.64048109670959E+03  0.18117511777724E+03  0.20811398001279E+03  0.15025304629480E+02  0.75674775312469E+00  0.12650557511882E+04 -0.13942902314402E+03  0.11003025329186E+04  0.59694713874939E+03 -0.64458637505400E+04  0.27020545497529E+01 -0.27321786407109E+03  0.21896817433911E+03  0.67289362011180E+03  0.19068656320608E+04 -0.48637115735927E+03 -0.36717270650191E+03 -0.34157387549283E+03 -0.20785656815078E+04 -0.41779773016778E+04 -0.44428263142676E+03 -0.99341033254241E+03 -0.11170912179039E+02 -0.49596893878556E+02 -0.97204488304554E+02 -0.15291306946156E+02 -0.72264332551799E+01 -0.11595376612174E+04 -0.69004396064993E+02 -0.83501828712304E+03 -0.10469218852743E+04
   0.15518270783665E+05 -0.12537833587686E+04  0.48547104428043E+03 -0.13639320585460E+04 -0.42147894064034E+02 -0.70573771240057E+03 -0.21366873387811E+03  0.27206760661009E+05 -0.58684891442462E+04 -0.70086299493321E+03  0.20811398001279E+03  0.18293896922667E+04  0.11875544914179E+03 -0.97626690282888E+00  0.14972885837694E+04 -0.20575005793566E+03  0.16562912535085E+04  0.94403641404575E+03 -0.67996288503245E+04 -0.51215892805513E+01 -0.11716628415938E+03 -0.71506162062390E+01  0.14878507228430E+03 -0.89994460824252E+03 -0.11687966763423E+04 -0.86044943818138E-11 -0.77196450318227E+03 -0.52129900622689E+04 -0.68826516492831E-09 -0.25283962865054E+04 -0.74214458058023E+02 -0.83233173636283E+02 -0.21750784343939E+00 -0.86889699126214E-11 -0.18371154507441E+01 -0.79175030825697E+00  0.29922865909335E+03  0.32035542644447E+03 -0.28667950589523E+04  0.88192614950301E-10
   0.17536537960368E+04 -0.14634660154473E+03  0.63661179719135E+02 -0.15617171036526E+03  0.45567143001001E+01 -0.69218114406128E+02 -0.27339177663183E+02  0.18113721158892E+04 -0.32089087394975E+03 -0.61309041564295E+02  0.15025304629480E+02  0.11875544914179E+03  0.10598332259543E+02 -0.18270289642253E+00  0.80789579022657E+02 -0.13453332153168E+02  0.98542376988635E+02  0.60874289964786E+02 -0.32097602644137E+03 -0.43281852149090E+00  0.61393744362543E+01  0.12002920979047E+01  0.19305045742537E+02 -0.91378084950316E+02 -0.17248170306196E+03 -0.89671293116938E-12 -0.29646199901741E+02 -0.61179163392859E+03 -0.98825060841522E-11 -0.15676361231215E+03 -0.19566771757578E+02 -0.66609022180346E+01 -0.15671767263643E+00  0.14528556108306E-11 -0.19275905594622E+00 -0.75125166796335E-01  0.29794139132496E+02  0.71842819242999E+02 -0.20457096459160E+03  0.43885354153393E-11
  -0.11149201776726E+03  0.13444206989190E+02 -0.50536388190172E+01  0.58406397905028E+02 -0.52333479247168E+01  0.19737069585810E+02  0.10376835405616E+02  0.10330409525276E+03 -0.14227833345349E+02 -0.19666476605054E+01  0.75674775312469E+00 -0.97626690282888E+00 -0.18270289642253E+00  0.56693002415200E-01  0.15362204969972E+02 -0.11899421016942E+01  0.99596060776419E+01  0.47196441509282E+01 -0.83993952841743E+02  0.25755731634392E-01 -0.44600791792246E+01  0.55095240149273E+00  0.14045009506577E+01  0.72907238492170E+01  0.72426330040804E-01 -0.30865434434336E-12 -0.65411316075463E+01 -0.92396340766832E+00 -0.50277513494205E-11 -0.37765009349266E+01 -0.25762770138452E-04 -0.15281337285891E+00  0.60604078876597E-12  0.69068834192085E-13 -0.18691718814735E-02 -0.10274604718432E-02 -0.16463515573429E+01  0.80283059468273E-04 -0.35454846201075E+01  0.76002029183721E-13
   0.74845853480772E+04  0.66816971128911E+03 -0.39335869323734E+03  0.30589395822617E+05 -0.26044499612887E+04  0.92857637150943E+04  0.47997802016701E+04  0.82080908138125E+05  0.50050393930802E+05 -0.39768747147554E+04  0.12650557511882E+04  0.14972885837694E+04  0.80789579022657E+02  0.15362204969972E+02  0.48741371836111E+05 -0.44785186321047E+04  0.35688414314279E+05  0.18574348184822E+05 -0.54504970514924E+05  0.23873690713929E+01  0.72351194268441E+03 -0.19898524033987E+03 -0.57833303497770E+03 -0.13660901554134E+04 -0.26068292090950E+04 -0.17137027472798E+04 -0.24508798823587E+04  0.19597583627793E+04  0.41856109748709E+04 -0.15231778471564E+04 -0.29610628842146E+04 -0.71495181322274E+03  0.24312453460333E+03  0.43421629247810E+03 -0.28239088675562E+04 -0.15035840717446E+04 -0.24585907152167E+04  0.18017223267371E+03 -0.83585258728263E+03 -0.94188749643321E+03
  -0.19155792346997E+04 -0.53139053313899E+02 -0.10447045855268E+00 -0.37063629268954E+04  0.32098919544176E+03 -0.11544731249697E+04 -0.60561378622433E+03 -0.10426639965437E+05 -0.23659198446817E+04  0.48215864176388E+03 -0.13942902314402E+03 -0.20575005793566E+03 -0.13453332153168E+02 -0.11899421016942E+01 -0.44785186321047E+04  0.48022932645337E+03 -0.37676006264201E+04 -0.20382485718417E+04  0.63867480032370E+04 -0.90366483198816E+00 -0.10632764653654E+03  0.19593214957132E+02  0.48896101932561E+02  0.14032502074199E+03  0.48161458447362E+03  0.30211855155444E+03  0.28119896302297E+03 -0.15739732507410E+03 -0.46974455055645E+03  0.15708769020843E+03  0.30436278957082E+03  0.78469885429977E+02 -0.65241046032257E+02 -0.11499577821371E+03  0.42959948481807E+03  0.21255233315615E+03 -0.28991834370319E+03 -0.32311387875637E+02  0.24024200698582E+03  0.26925129385767E+03
   0.10787263388997E+05  0.17844653378091E+03 -0.18390214690686E+03  0.27543507209946E+05 -0.22899398511260E+04  0.85096753351631E+04  0.42873414920770E+04  0.84885277690021E+05  0.17261467516154E+05 -0.36169689044842E+04  0.11003025329186E+04  0.16562912535085E+04  0.98542376988635E+02  0.99596060776419E+01  0.35688414314279E+05 -0.37676006264201E+04  0.30012328620974E+05  0.16091193212476E+05 -0.49213017063602E+05  0.13704104791709E+01  0.79398877291928E+03 -0.24736499647382E+03 -0.67021235650193E+03 -0.15429411449976E+04 -0.27435277389881E+04 -0.17625797865366E+04 -0.24998402955111E+04  0.21068374864205E+04  0.45545224820796E+04 -0.12956536201275E+04 -0.25297282207686E+04 -0.61985590555726E+03  0.90141622033563E+02  0.17480663658434E+03 -0.27151175494996E+04 -0.14565590311236E+04  0.14071406774690E+04  0.23224637511385E+03 -0.17039463182856E+04 -0.18930229597780E+04
   0.77228494263023E+04  0.10051508786671E+03 -0.24599069008920E+02  0.15407547509674E+05 -0.12988273822475E+04  0.48250779346849E+04  0.24624532945623E+04  0.45750292741551E+05  0.83958487022463E+04 -0.20361153839355E+04  0.59694713874939E+03  0.94403641404575E+03  0.60874289964786E+02  0.47196441509282E+01  0.18574348184822E+05 -0.20382485718417E+04  0.16091193212476E+05  0.87388715261784E+04 -0.27336538647205E+05  0.21552189274909E+01  0.47845626288894E+03 -0.12918114253232E+03 -0.32670640485594E+03 -0.80225517670068E+03 -0.19009577291374E+04 -0.11898624511046E+04 -0.12547629401738E+04  0.97725511724663E+03  0.24747610475921E+04 -0.65627752641267E+03 -0.12823529951227E+04 -0.34041886232190E+03  0.11648985318384E+03  0.21528811905368E+03 -0.17371258023264E+04 -0.89567611988993E+03  0.14771516127972E+04  0.16009157358228E+03 -0.11659929546880E+04 -0.12963462849788E+04
  -0.73963349844873E+07  0.25392237091588E+07 -0.37054922910258E+06 -0.22044848486408E+07  0.48656746679272E+06 -0.66329978591642E+05 -0.24885508850674E+06 -0.56559994763160E+06 -0.27016038832468E+05  0.56600006089060E+05 -0.64458637505400E+04 -0.67996288503245E+04 -0.32097602644137E+03 -0.83993952841743E+02 -0.54504970514924E+05  0.63867480032370E+04 -0.49213017063602E+05 -0.27336538647205E+05  0.32327883592531E+08  0.65890977778742E+04  0.63595256979733E+06 -0.15807244672718E+06 -0.47499437143977E+06 -0.23968937609004E+07  0.33569499465206E+05  0.74645702512036E+05 -0.11577974948827E+04  0.55845804831984E+06  0.27237040301190E+07  0.17523882689213E+05  0.31180382402935E+05  0.22783365621704E+03  0.18153797722124E+06  0.79285292677188E+06  0.24471218943765E+05  0.77295618605880E+04 -0.18553220334409E+05  0.43729991275814E+05  0.20355161099447E+05  0.62658442021079E+05
  -0.14394901020978E+04  0.57696909769845E+03 -0.74155349313377E+02 -0.22279801681289E+03  0.69860821189717E+02  0.52000676624349E+02 -0.30725513312234E+01  0.36705774280048E+03 -0.91606392358428E+02 -0.83848558462160E+01  0.27020545497529E+01 -0.51215892805513E+01 -0.43281852149090E+00  0.25755731634392E-01  0.23873690713929E+01 -0.90366483198816E+00  0.13704104791709E+01  0.21552189274909E+01  0.65890977778742E+04  0.24368271348370E+01  0.13900799205162E+03 -0.27965206663284E+02 -0.85517864094636E+02 -0.50974043562656E+03  0.00000000000000E+00 -0.24762168284857E+02  0.00000000000000E+00  0.00000000000000E+00  0.43658430056319E+03  0.00000000000000E+00 -0.74532107845542E+01  0.00000000000000E+00  0.00000000000000E+00  0.22236672337802E+03  0.00000000000000E+00  0.00000000000000E+00  0.00000000000000E+00  0.10972654779443E+02  0.00000000000000E+00 -0.26173252809203E+02
  -0.20108632665498E+06  0.57437518735225E+05 -0.97969051366275E+04 -0.58904845224379E+05  0.12260378584270E+05 -0.43595682243555E+04 -0.80668317659737E+04 -0.26572619895043E+05  0.64002935912652E+03  0.23659046313548E+04 -0.27321786407109E+03 -0.11716628415938E+03  0.61393744362543E+01 -0.44600791792246E+01  0.72351194268441E+03 -0.10632764653654E+03  0.79398877291928E+03  0.47845626288894E+03  0.63595256979733E+06  0.13900799205162E+03  0.23925069108135E+05 -0.71638406273912E+04 -0.19701008359055E+05 -0.92896733424067E+05  0.00000000000000E+00  0.48340201984898E+04  0.00000000000000E+00  0.00000000000000E+00  0.11009081530390E+06  0.00000000000000E+00 -0.11004748711148E+04  0.00000000000000E+00  0.00000000000000E+00  0.21920322892693E+05  0.00000000000000E+00  0.00000000000000E+00  0.00000000000000E+00 -0.40247137879552E+04  0.00000000000000E+00  0.39703120895165E+04
   0.54832109336421E+05 -0.11975235565683E+05  0.25524283781627E+04  0.19789221010241E+05 -0.37077228238881E+04  0.24687104659834E+04  0.30622778483895E+04  0.27949517602930E+05 -0.56897492278668E+04 -0.12762722366191E+04  0.21896817433911E+03 -0.71506162062390E+01  0.12002920979047E+01  0.55095240149273E+00 -0.19898524033987E+03  0.19593214957132E+02 -0.24736499647382E+03 -0.12918114253232E+03 -0.15807244672718E+06 -0.27965206663284E+02 -0.71638406273912E+04  0.26848522915567E+04  0.71464451407977E+04  0.30846511746555E+05 -0.52262209661996E+02 -0.20593648264988E+04  0.22594134736148E+01  0.49968209375825E+03 -0.40940374093245E+05  0.00000000000000E+00 -0.16131087944596E+03  0.00000000000000E+00  0.22884669710431E+04 -0.46608660497288E+04  0.00000000000000E+00  0.00000000000000E+00  0.00000000000000E+00  0.14696069187152E+04 -0.39630439987874E+03 -0.27586639700153E+04
   0.17358719331036E+06 -0.41584839374663E+05  0.81022282579332E+04  0.55032533877385E+05 -0.10301925365048E+05  0.67744156106397E+04  0.83481468142064E+04  0.87761652921673E+05 -0.18965355253391E+05 -0.37267922034986E+04  0.67289362011180E+03  0.14878507228430E+03  0.19305045742537E+02  0.14045009506577E+01 -0.57833303497770E+03  0.48896101932561E+02 -0.67021235650193E+03 -0.32670640485594E+03 -0.47499437143977E+06 -0.85517864094636E+02 -0.19701008359055E+05  0.71464451407977E+04  0.19670008410188E+05  0.83715882148081E+05 -0.16309983447664E+03 -0.51358521883431E+04 -0.50091370686672E+02 -0.67452508970349E+04 -0.11289841438013E+06  0.00000000000000E+00 -0.39946055009893E+03  0.00000000000000E+00  0.31698767232901E+04 -0.14782132480300E+05  0.00000000000000E+00  0.00000000000000E+00  0.00000000000000E+00  0.36654543806504E+04 -0.21641264148444E+04 -0.80550438470205E+04
   0.72089492883751E+06 -0.19880259752278E+06  0.34737994244613E+05  0.23357594407639E+06 -0.46658076335192E+05  0.21088738501922E+05  0.32639932947775E+05  0.23955654367593E+06 -0.46225146794121E+05 -0.11846768487496E+05  0.19068656320608E+04 -0.89994460824252E+03 -0.91378084950316E+02  0.72907238492170E+01 -0.13660901554134E+04  0.14032502074199E+03 -0.15429411449976E+04 -0.80225517670068E+03 -0.23968937609004E+07 -0.50974043562656E+03 -0.92896733424067E+05  0.30846511746555E+05  0.83715882148081E+05  0.39142365395612E+06  0.25375894435255E+03 -0.26453818424546E+05 -0.66127350186123E+01  0.37896135821707E+05 -0.47219876070577E+06  0.00000000000000E+00 -0.21137986872693E+04  0.00000000000000E+00  0.16059549098083E+05 -0.78119251796587E+05  0.00000000000000E+00  0.00000000000000E+00  0.00000000000000E+00  0.19530065262091E+05  0.15712062943256E+04 -0.29092501660413E+05
  -0.12683796566462E+06  0.16565975156008E+05 -0.55570955785080E+04 -0.12771154275966E+05  0.19981965917861E+04 -0.28071668618410E+04 -0.24916747392869E+04 -0.60309083439405E+05  0.11428966593672E+05  0.27325581775717E+04 -0.48637115735927E+03 -0.11687966763423E+04 -0.17248170306196E+03  0.72426330040804E-01 -0.26068292090950E+04  0.48161458447362E+03 -0.27435277389881E+04 -0.19009577291374E+04  0.33569499465206E+05  0.00000000000000E+00  0.00000000000000E+00 -0.52262209661996E+02 -0.16309983447664E+03  0.25375894435255E+03  0.11624796827392E+06  0.00000000000000E+00  0.00000000000000E+00  0.00000000000000E+00  0.00000000000000E+00  0.00000000000000E+00  0.00000000000000E+00  0.00000000000000E+00  0.00000000000000E+00  0.00000000000000E+00  0.00000000000000E+00  0.00000000000000E+00  0.00000000000000E+00  0.00000000000000E+00  0.00000000000000E+00  0.00000000000000E+00
  -0.53803471661864E+05  0.81928983925437E+04 -0.23720910447906E+04 -0.21142634475450E+05  0.33677268206809E+04 -0.43062483462549E+04 -0.39071153373560E+04 -0.48504048160349E+05  0.10826748735677E+05  0.18928017057877E+04 -0.36717270650191E+03 -0.86044943818138E-11 -0.89671293116938E-12 -0.30865434434336E-12 -0.17137027472798E+04  0.30211855155444E+03 -0.17625797865366E+04 -0.11898624511046E+04  0.74645702512036E+05 -0.24762168284857E+02  0.48340201984898E+04 -0.20593648264988E+04 -0.51358521883431E+04 -0.26453818424546E+05  0.00000000000000E+00  0.64560567344626E+05  0.00000000000000E+00  0.00000000000000E+00  0.00000000000000E+00  0.00000000000000E+00  0.00000000000000E+00  0.00000000000000E+00  0.00000000000000E+00  0.00000000000000E+00  0.00000000000000E+00  0.00000000000000E+00  0.00000000000000E+00  0.00000000000000E+00  0.00000000000000E+00  0.00000000000000E+00
  -0.43595880100644E+04 -0.24111409667554E+03  0.51830229691451E+02 -0.66745648249136E+02 -0.56163925355639E+02  0.15268836280554E+03  0.13561768184772E+03 -0.66659583654725E+05  0.24113614342328E+05  0.72719281242325E+03 -0.34157387549283E+03 -0.77196450318227E+03 -0.29646199901741E+02 -0.65411316075463E+01 -0.24508798823587E+04  0.28119896302297E+03 -0.24998402955111E+04 -0.12547629401738E+04 -0.11577974948827E+04  0.00000000000000E+00  0.00000000000000E+00  0.22594134736148E+01 -0.50091370686672E+02 -0.66127350186123E+01  0.00000000000000E+00  0.00000000000000E+00  0.30650543188747E+05  0.00000000000000E+00  0.00000000000000E+00  0.00000000000000E+00  0.00000000000000E+00  0.00000000000000E+00  0.00000000000000E+00  0.00000000000000E+00  0.00000000000000E+00  0.00000000000000E+00  0.00000000000000E+00  0.00000000000000E+00  0.00000000000000E+00  0.00000000000000E+00
  -0.83707302068667E+06  0.20914696996416E+06 -0.39116855367159E+05 -0.65699090326097E+05  0.11953732311343E+05 -0.88182742573648E+04 -0.10062659898505E+05 -0.27997839904171E+06  0.65450297753550E+05  0.10923258726189E+05 -0.20785656815078E+04 -0.52129900622689E+04 -0.61179163392859E+03 -0.92396340766832E+00  0.19597583627793E+04 -0.15739732507410E+03  0.21068374864205E+04  0.97725511724663E+03  0.55845804831984E+06  0.00000000000000E+00  0.00000000000000E+00  0.49968209375825E+03 -0.67452508970349E+04  0.37896135821707E+05  0.00000000000000E+00  0.00000000000000E+00  0.00000000000000E+00  0.57734141310757E+06  0.00000000000000E+00  0.00000000000000E+00  0.00000000000000E+00  0.00000000000000E+00  0.00000000000000E+00  0.00000000000000E+00  0.00000000000000E+00  0.00000000000000E+00  0.00000000000000E+00  0.00000000000000E+00  0.00000000000000E+00  0.00000000000000E+00
  -0.10836275726445E+07  0.26330431725444E+06 -0.50817656319172E+05 -0.34058197907182E+06  0.63058326165836E+05 -0.43623016162129E+05 -0.52526191606097E+05 -0.55568820898884E+06  0.12575873108392E+06  0.22854498957940E+05 -0.41779773016778E+04 -0.68826516492831E-09 -0.98825060841522E-11 -0.50277513494205E-11  0.41856109748709E+04 -0.46974455055645E+03  0.45545224820796E+04  0.24747610475921E+04  0.27237040301190E+07  0.43658430056319E+03  0.11009081530390E+06 -0.40940374093245E+05 -0.11289841438013E+06 -0.47219876070577E+06  0.00000000000000E+00  0.00000000000000E+00  0.00000000000000E+00  0.00000000000000E+00  0.91740920498322E+06  0.00000000000000E+00  0.00000000000000E+00  0.00000000000000E+00  0.00000000000000E+00  0.00000000000000E+00  0.00000000000000E+00  0.00000000000000E+00  0.00000000000000E+00  0.00000000000000E+00  0.00000000000000E+00  0.00000000000000E+00
  -0.20558878873579E+05  0.58035802620924E+04 -0.10073514288233E+04 -0.14146703799416E+04  0.33954703497662E+03 -0.25270811345221E+01 -0.17113085707417E+03 -0.72406943016040E+05  0.23159142545446E+05  0.15285230509323E+04 -0.44428263142676E+03 -0.25283962865054E+04 -0.15676361231215E+03 -0.37765009349266E+01 -0.15231778471564E+04  0.15708769020843E+03 -0.12956536201275E+04 -0.65627752641267E+03  0.17523882689213E+05  0.00000000000000E+00  0.00000000000000E+00  0.00000000000000E+00  0.00000000000000E+00  0.00000000000000E+00  0.00000000000000E+00  0.00000000000000E+00  0.00000000000000E+00  0.00000000000000E+00  0.00000000000000E+00  0.14761012009445E+05  0.00000000000000E+00  0.00000000000000E+00  0.00000000000000E+00  0.00000000000000E+00  0.00000000000000E+00  0.00000000000000E+00  0.00000000000000E+00  0.00000000000000E+00  0.00000000000000E+00  0.00000000000000E+00
  -0.46324418728065E+05  0.13224633902958E+05 -0.22798545487804E+04 -0.24890887802971E+04  0.57790237235322E+03 -0.33868005794784E+02 -0.29149222184495E+03 -0.16189412740444E+06  0.51894466913111E+05  0.33456756719160E+04 -0.99341033254241E+03 -0.74214458058023E+02 -0.19566771757578E+02 -0.25762770138452E-04 -0.29610628842146E+04  0.30436278957082E+03 -0.25297282207686E+04 -0.12823529951227E+04  0.31180382402935E+05 -0.74532107845542E+01 -0.11004748711148E+04 -0.16131087944596E+03 -0.39946055009893E+03 -0.21137986872693E+04  0.00000000000000E+00  0.00000000000000E+00  0.00000000000000E+00  0.00000000000000E+00  0.00000000000000E+00  0.00000000000000E+00  0.31779168436058E+05  0.00000000000000E+00  0.00000000000000E+00  0.00000000000000E+00  0.00000000000000E+00  0.00000000000000E+00  0.00000000000000E+00  0.00000000000000E+00  0.00000000000000E+00  0.00000000000000E+00
  -0.30763007084360E+04  0.42091141693727E+03 -0.11906690803285E+03 -0.73908302652256E+02  0.95496230164099E+01 -0.19502089767635E+02 -0.13723226553704E+02 -0.13256360596510E+04  0.17894018053547E+03  0.43083085926316E+02 -0.11170912179039E+02 -0.83233173636283E+02 -0.66609022180346E+01 -0.15281337285891E+00 -0.71495181322274E+03  0.78469885429977E+02 -0.61985590555726E+03 -0.34041886232190E+03  0.22783365621704E+03  0.00000000000000E+00  0.00000000000000E+00  0.00000000000000E+00  0.00000000000000E+00  0.00000000000000E+00  0.00000000000000E+00  0.00000000000000E+00  0.00000000000000E+00  0.00000000000000E+00  0.00000000000000E+00  0.00000000000000E+00  0.00000000000000E+00  0.37859086893821E+04  0.00000000000000E+00  0.00000000000000E+00  0.00000000000000E+00  0.00000000000000E+00  0.00000000000000E+00  0.00000000000000E+00  0.00000000000000E+00  0.00000000000000E+00
  -0.19826641848567E+06  0.63434796879724E+05 -0.99520288955648E+04 -0.11734060929748E+05  0.29789205178740E+04  0.34051615534561E+03 -0.10709421469649E+04 -0.56832273028442E+04  0.61777221398588E+03  0.57536743869349E+03 -0.49596893878556E+02 -0.21750784343939E+00 -0.15671767263643E+00  0.60604078876597E-12  0.24312453460333E+03 -0.65241046032257E+02  0.90141622033563E+02  0.11648985318384E+03  0.18153797722124E+06  0.00000000000000E+00  0.00000000000000E+00  0.22884669710431E+04  0.31698767232901E+04  0.16059549098083E+05  0.00000000000000E+00  0.00000000000000E+00  0.00000000000000E+00  0.00000000000000E+00  0.00000000000000E+00  0.00000000000000E+00  0.00000000000000E+00  0.00000000000000E+00  0.10551069919802E+06  0.00000000000000E+00  0.00000000000000E+00  0.00000000000000E+00  0.00000000000000E+00  0.00000000000000E+00  0.00000000000000E+00  0.00000000000000E+00
  -0.22379367390235E+06  0.71033181896925E+05 -0.11200784366045E+05 -0.52618406047663E+05  0.13149781803110E+05  0.11624565303387E+04 -0.49602337819343E+04 -0.11159793697735E+05  0.12474667435078E+04  0.10917589520323E+04 -0.97204488304554E+02 -0.86889699126214E-11  0.14528556108306E-11  0.69068834192085E-13  0.43421629247810E+03 -0.11499577821371E+03  0.17480663658434E+03  0.21528811905368E+03  0.79285292677188E+06  0.22236672337802E+03  0.21920322892693E+05 -0.46608660497288E+04 -0.14782132480300E+05 -0.78119251796587E+05  0.00000000000000E+00  0.00000000000000E+00  0.00000000000000E+00  0.00000000000000E+00  0.00000000000000E+00  0.00000000000000E+00  0.00000000000000E+00  0.00000000000000E+00  0.00000000000000E+00  0.13865526108960E+06  0.00000000000000E+00  0.00000000000000E+00  0.00000000000000E+00  0.00000000000000E+00  0.00000000000000E+00  0.00000000000000E+00
  -0.90918322998114E+04  0.24656109492584E+04 -0.43671074799151E+03 -0.25100251971151E+04  0.48233688816168E+03 -0.27176174141410E+03 -0.37371751367447E+03  0.82823255746610E+02 -0.12031300767977E+04  0.13463630185738E+03 -0.15291306946156E+02 -0.18371154507441E+01 -0.19275905594622E+00 -0.18691718814735E-02 -0.28239088675562E+04  0.42959948481807E+03 -0.27151175494996E+04 -0.17371258023264E+04  0.24471218943765E+05  0.00000000000000E+00  0.00000000000000E+00  0.00000000000000E+00  0.00000000000000E+00  0.00000000000000E+00  0.00000000000000E+00  0.00000000000000E+00  0.00000000000000E+00  0.00000000000000E+00  0.00000000000000E+00  0.00000000000000E+00  0.00000000000000E+00  0.00000000000000E+00  0.00000000000000E+00  0.00000000000000E+00  0.83069912167164E+04  0.00000000000000E+00  0.00000000000000E+00  0.00000000000000E+00  0.00000000000000E+00  0.00000000000000E+00
  -0.32224346093998E+04  0.78358264590970E+03 -0.15212566637649E+03 -0.98025081030871E+03  0.17899698988545E+03 -0.13710681032580E+03 -0.15750029500890E+03  0.17251867022849E+03 -0.67258550925875E+03  0.60172275689931E+02 -0.72264332551799E+01 -0.79175030825697E+00 -0.75125166796335E-01 -0.10274604718432E-02 -0.15035840717446E+04  0.21255233315615E+03 -0.14565590311236E+04 -0.89567611988993E+03  0.77295618605880E+04  0.00000000000000E+00  0.00000000000000E+00  0.00000000000000E+00  0.00000000000000E+00  0.00000000000000E+00  0.00000000000000E+00  0.00000000000000E+00  0.00000000000000E+00  0.00000000000000E+00  0.00000000000000E+00  0.00000000000000E+00  0.00000000000000E+00  0.00000000000000E+00  0.00000000000000E+00  0.00000000000000E+00  0.00000000000000E+00  0.42616909663507E+04  0.00000000000000E+00  0.00000000000000E+00  0.00000000000000E+00  0.00000000000000E+00
  -0.14895927436879E+05 -0.23698399140005E+04  0.55522046275117E+02 -0.94868078269821E+04  0.33397015406591E+03 -0.30300354034832E+04 -0.12729763803415E+04 -0.26138079282417E+06  0.11161251176132E+06  0.30842298111078E+04 -0.11595376612174E+04  0.29922865909335E+03  0.29794139132496E+02 -0.16463515573429E+01 -0.24585907152167E+04 -0.28991834370319E+03  0.14071406774690E+04  0.14771516127972E+04 -0.18553220334409E+05  0.00000000000000E+00  0.00000000000000E+00  0.00000000000000E+00  0.00000000000000E+00  0.00000000000000E+00  0.00000000000000E+00  0.00000000000000E+00  0.00000000000000E+00  0.00000000000000E+00  0.00000000000000E+00  0.00000000000000E+00  0.00000000000000E+00  0.00000000000000E+00  0.00000000000000E+00  0.00000000000000E+00  0.00000000000000E+00  0.00000000000000E+00  0.12381751454356E+06  0.00000000000000E+00  0.00000000000000E+00  0.00000000000000E+00
   0.16559319771699E+05 -0.22364898105923E+04  0.72678397364212E+03 -0.15685555907843E+05  0.24946650247508E+04 -0.33619575716832E+04 -0.31527494430053E+04 -0.85524987774798E+04  0.15766280980894E+04  0.43918413108766E+03 -0.69004396064993E+02  0.32035542644447E+03  0.71842819242999E+02  0.80283059468273E-04  0.18017223267371E+03 -0.32311387875637E+02  0.23224637511385E+03  0.16009157358228E+03  0.43729991275814E+05  0.10972654779443E+02 -0.40247137879552E+04  0.14696069187152E+04  0.36654543806504E+04  0.19530065262091E+05  0.00000000000000E+00  0.00000000000000E+00  0.00000000000000E+00  0.00000000000000E+00  0.00000000000000E+00  0.00000000000000E+00  0.00000000000000E+00  0.00000000000000E+00  0.00000000000000E+00  0.00000000000000E+00  0.00000000000000E+00  0.00000000000000E+00  0.00000000000000E+00  0.39264762943246E+05  0.00000000000000E+00  0.00000000000000E+00
  -0.70482901897489E+05  0.85334559444820E+04 -0.25682037878110E+04 -0.71884079007325E+04  0.81863326126130E+03 -0.18445240234431E+04 -0.11457343358599E+04 -0.13644370331623E+06  0.44174127441838E+05  0.27822245178779E+04 -0.83501828712304E+03 -0.28667950589523E+04 -0.20457096459160E+03 -0.35454846201075E+01 -0.83585258728263E+03  0.24024200698582E+03 -0.17039463182856E+04 -0.11659929546880E+04  0.20355161099447E+05  0.00000000000000E+00  0.00000000000000E+00 -0.39630439987874E+03 -0.21641264148444E+04  0.15712062943256E+04  0.00000000000000E+00  0.00000000000000E+00  0.00000000000000E+00  0.00000000000000E+00  0.00000000000000E+00  0.00000000000000E+00  0.00000000000000E+00  0.00000000000000E+00  0.00000000000000E+00  0.00000000000000E+00  0.00000000000000E+00  0.00000000000000E+00  0.00000000000000E+00  0.00000000000000E+00  0.94900228317900E+05  0.00000000000000E+00
  -0.55630336522475E+05  0.71607869439570E+04 -0.20835505325368E+04 -0.21275702334780E+05  0.25150760244580E+04 -0.53174436589356E+04 -0.34135087158496E+04 -0.16973174713806E+06  0.54411487265166E+05  0.35453148448853E+04 -0.10469218852743E+04  0.88192614950301E-10  0.43885354153393E-11  0.76002029183721E-13 -0.94188749643321E+03  0.26925129385767E+03 -0.18930229597780E+04 -0.12963462849788E+04  0.62658442021079E+05 -0.26173252809203E+02  0.39703120895165E+04 -0.27586639700153E+04 -0.80550438470205E+04 -0.29092501660413E+05  0.00000000000000E+00  0.00000000000000E+00  0.00000000000000E+00  0.00000000000000E+00  0.00000000000000E+00  0.00000000000000E+00  0.00000000000000E+00  0.00000000000000E+00  0.00000000000000E+00  0.00000000000000E+00  0.00000000000000E+00  0.00000000000000E+00  0.00000000000000E+00  0.00000000000000E+00  0.00000000000000E+00  0.99565299430530E+05

 # Covariance matrix (Bevington epsilon)
