# fitpack15: fit parameters                                                                         
# CJ15 AV18 final data choices                                                                      
# Created on 01/23/2020 at 22:23:51                                                                 

 # QCD setup
  INS                           0
  NVL                          11
  IORD                          1
  Q02                   1.6899999999999999     
  IPARAMC                       7
  FLAVOR                4.0000000000000000     
  xmc                   1.3000000000000000     
  xmb                   4.5000000000000000     
  ncb                          12
  ihq                           1
  ias                           0

 # Theory corrections
  inuke                     10814
  itmc                          1
  iht                           1

 # fit parameters
 LAMBDA       0.22680        0.0000    
 a0uv          2.3958        0.0000    
 a1uv         0.61433       0.19933E-01
 a2uv          3.5438       0.12393E-01
 a3uv          0.0000        0.0000    
 a4uv          3.4835       0.43242    
 a5uv          0.0000        0.0000    
 a0dv          24.537        0.0000    
 a1dv          1.1581       0.33489E-01
 a2dv          6.5418       0.15903    
 a3dv         -3.4998       0.86263E-01
 a4dv          4.6740       0.14299    
 a5dv          0.0000        0.0000    
 a0ud         0.14666       0.50359E-02
 a1ud        -0.20770       0.37541E-02
 a2ud          8.3147       0.19196    
 a3ud          0.0000        0.0000    
 a4ud          14.541        1.2224    
 a5ud          0.0000        0.0000    
 a0du          35712.        0.0000    
 a1du          4.0269       0.75566E-01
 a2du          20.114       0.87637    
 a3du          17.000        0.0000    
 a4du          51.193        10.624    
 a0g           45.649        0.0000    
 a1g          0.60372       0.31443E-01
 a2g           6.5736       0.97790    
 a3g          -3.3037       0.13697    
 a4g           3.1867       0.33035    
 a5g           0.0000        0.0000    
 kappa        0.40000        0.0000    
 a6dv        -0.35813E-02   0.67268E-03
 a7dv          2.0000        0.0000    
 off1         -3.7304        1.5191    
 off2         0.57539E-01   0.57111E-01
 ht1          -3.3192       0.26139    
 ht2           1.9419       0.10555    
 ht3          -2.0649       0.18350E-01
 ht4           0.0000        0.0000    
 dummy40       0.0000        0.0000    
 dummy41       0.0000        0.0000    
 dummy42       0.0000        0.0000    
 dummy43       0.0000        0.0000    
 dummy44       0.0000        0.0000    
 dummy45       0.0000        0.0000    
 dummy46       0.0000        0.0000    
 dummy47       0.0000        0.0000    
 dummy48       0.0000        0.0000    
 dummy49       0.0000        0.0000    
 bcdmsh2      0.97297       0.48227E-02
 bcdmsd2      0.99299       0.58300E-02
 ccfr          1.0000        0.0000    
 nutev         1.0000        0.0000    
 zeus         0.97998        0.0000    
 h1            1.0162        0.0000    
 e605          1.0319        0.0000    
 NmcH2         1.0093       0.71220E-02
 ntv_nu        1.0000        0.0000    
 ntv_nubar     1.0000        0.0000    
 cdf_jet      0.98910        0.0000    
 d0_jet       0.83504        0.0000    
 slac_p        1.0048       0.48107E-02
 slac_d        1.0039       0.52725E-02
 e866pp       0.96569       0.19266E-01
 e866pd       0.96356       0.15820E-01
 d0_gamjet     1.0389       0.16480E-01
 h1b          0.97608        0.0000    
 jlab_p       0.99407       0.57865E-02
 jlab_d       0.97527       0.59007E-02
 blank         1.0000        0.0000    
 d0run2       0.94021       0.14102E-01
 cdfrun2      0.92619       0.17210E-01
 HERA_el       1.0000        0.0000    
 HERA_ps       1.0000        0.0000    
 CDF_Z        0.96560       0.65175E-02
 NmcRat        1.0000        0.0000    
 BNS_F2nd     0.98336       0.69257E-02
 HERMES_F2p   0.99817       0.55653E-02
 HERMES_F2d   0.98021       0.58196E-02
 END 0. 0.

 # Hessian matrix (Bevington alpha)
   0.48862107874030E+07 -0.12868488840052E+07  0.23322289127428E+06  0.47976006108625E+06 -0.12641261625436E+06 -0.22165613597143E+05  0.55499647673720E+05  0.90195381580281E+06 -0.17357014632722E+06 -0.48358975798476E+05  0.73785116391244E+04  0.15563108983400E+05  0.17616162927816E+04 -0.11112902473085E+03  0.74033008570759E+04 -0.18900998146017E+04  0.10400559353023E+05  0.74720349084740E+04 -0.73720541926727E+07 -0.13949371118880E+04 -0.21100167422995E+06  0.57147619048942E+05  0.17883789824365E+06  0.74629525419290E+06 -0.12695292793800E+06 -0.53861919902003E+05 -0.43776423974293E+04 -0.83758152879339E+06 -0.10843598392700E+07 -0.20569262000067E+05 -0.46352379025711E+05 -0.30777292544285E+04 -0.19836976473665E+06 -0.22385710133677E+06 -0.91063708763581E+04 -0.32257215418568E+04 -0.14942763307276E+05  0.16580133938859E+05 -0.70563684333593E+05 -0.55704859340532E+05
  -0.12868488840052E+07  0.41286383554913E+06 -0.63505828149054E+05 -0.13503196764699E+06  0.35311508807466E+05  0.85121441812009E+04 -0.12378751248665E+05 -0.12139397598069E+06  0.26434862891120E+05  0.74860363716480E+04 -0.93826267989497E+03 -0.12566071679001E+04 -0.14705590102064E+03  0.13401920443492E+02  0.66801283828909E+03 -0.52562437017850E+02  0.17704376702978E+03  0.97749351073224E+02  0.25293939788792E+07  0.56405241330690E+03  0.60277582525357E+05 -0.12653380173165E+05 -0.43054602513598E+05 -0.20584246931477E+06  0.16575225685048E+05  0.81970829971442E+04 -0.24046554858131E+03  0.20915562655468E+06  0.26327430280687E+06  0.58038229086064E+04  0.13226026980471E+05  0.42075851370880E+03  0.63443369464171E+05  0.71011188165561E+05  0.24671319081416E+04  0.78363583787679E+03 -0.23682284524164E+04 -0.22371743167750E+04  0.85368795941634E+04  0.71638206642204E+04
   0.23322289127428E+06 -0.63505828149054E+05  0.11255835390857E+05  0.23146492003437E+05 -0.61918117503828E+04 -0.12946481962395E+04  0.25954904135844E+04  0.31550454043430E+05 -0.59210664963344E+04 -0.19967517174467E+04  0.26211525345347E+03  0.48607992572125E+03  0.63818599931522E+02 -0.50211007922783E+01 -0.39552411212817E+03  0.67591267973784E+00 -0.18503225998511E+03 -0.27029369904410E+02 -0.36765518285574E+06 -0.71649189286437E+02 -0.10236083866235E+05  0.26552195512192E+04  0.83243374803378E+04  0.35815101746063E+05 -0.55424672772822E+04 -0.23657822256565E+04  0.51172616014466E+02 -0.38980135168088E+05 -0.50639432503602E+05 -0.10035902299928E+04 -0.22715270373998E+04 -0.11869915981249E+03 -0.99131704298193E+04 -0.11153518694411E+05 -0.43552800463135E+03 -0.15164698023778E+03  0.53422958587766E+02  0.72505596962113E+03 -0.25625063122594E+04 -0.20790199475055E+04
   0.47976006108625E+06 -0.13503196764699E+06  0.23146492003437E+05  0.39536905051083E+06 -0.62533979655165E+05  0.75752811270133E+05  0.64769283884413E+05  0.34558750506152E+06 -0.25357074199873E+05 -0.18315368468883E+05  0.33703258251443E+04 -0.13702622589067E+04 -0.15643977568329E+03  0.58173968140206E+02  0.30528801239897E+05 -0.36833243119396E+04  0.26893268821844E+05  0.15037596939685E+05 -0.21972997894016E+07 -0.20958902203539E+03 -0.61745834164164E+05  0.20402260612130E+05  0.56503964935506E+05  0.24095294373084E+06 -0.12779362992895E+05 -0.21158271966649E+05 -0.67106961508809E+02 -0.65711029125882E+05 -0.34075510330092E+06 -0.14142774969285E+04 -0.24891800139774E+04 -0.73776106430867E+02 -0.11736944940787E+05 -0.52648898053151E+05 -0.25141041414681E+04 -0.98123581990324E+03 -0.94946815703379E+04 -0.15674405582075E+05 -0.71936452709662E+04 -0.21296671683774E+05
  -0.12641261625436E+06  0.35311508807466E+05 -0.61918117503828E+04 -0.62533979655165E+05  0.11766546998398E+05 -0.79072179882905E+04 -0.94692706024716E+04 -0.32340735109329E+05  0.35175721140783E+03  0.24006550127315E+04 -0.34317906844825E+03 -0.41863610679333E+02  0.45524688271234E+01 -0.52138688546951E+01 -0.25986839149399E+04  0.31857739839574E+03 -0.22365242823096E+04 -0.12675644239399E+04  0.48674688794206E+06  0.67505929708800E+02  0.12890395686708E+05 -0.38453220387409E+04 -0.10632314489554E+05 -0.48294721612547E+05  0.20005120224759E+04  0.33726797177659E+04 -0.56289801470197E+02  0.11983940275458E+05  0.63214405306192E+05  0.34043644357203E+03  0.57966892407362E+03  0.95338872890473E+01  0.29905856792779E+04  0.13200677444855E+05  0.48425346544310E+03  0.17952107048663E+03  0.33281172201774E+03  0.24940832192948E+04  0.81994797107854E+03  0.25195300812934E+04
  -0.22165613597143E+05  0.85121441812009E+04 -0.12946481962395E+04  0.75752811270133E+05 -0.79072179882905E+04  0.24257352559919E+05  0.14757365987164E+05  0.10466507342386E+06 -0.93119510683133E+04 -0.46081792201981E+04  0.10031708992691E+04 -0.70676342928162E+03 -0.69273740668113E+02  0.19665727451593E+02  0.92716585368213E+04 -0.11482362963499E+04  0.83049818228412E+04  0.47081254829006E+04 -0.68654928317776E+05  0.52629966717833E+02 -0.46186756348985E+04  0.25247415422410E+04  0.69306704162543E+04  0.21909049218874E+05 -0.28166489816803E+04 -0.43233699340260E+04  0.15297119394046E+03 -0.88772613403726E+04 -0.43959699153160E+05 -0.40768046486044E+01 -0.36481539468869E+02 -0.19520557392097E+02  0.32842690375450E+03  0.11004911936376E+04 -0.27491598889198E+03 -0.13818606402161E+03 -0.30303058790212E+04 -0.33712809243589E+04 -0.18481608406797E+04 -0.53305017235505E+04
   0.55499647673720E+05 -0.12378751248665E+05  0.25954904135844E+04  0.64769283884413E+05 -0.94692706024716E+04  0.14757365987164E+05  0.11589829601743E+05  0.58126206818625E+05 -0.29592574588004E+04 -0.32912664052717E+04  0.58744076660604E+03 -0.21423858369775E+03 -0.27353976833232E+02  0.10338455561265E+02  0.47889982134869E+04 -0.60144019645959E+03  0.41826422173958E+04  0.24010874834850E+04 -0.24979378377534E+06 -0.15494436775606E+01 -0.84905543488769E+04  0.31536344147731E+04  0.85795705792827E+04  0.33802734248762E+05 -0.24974648095352E+04 -0.39175194745183E+04  0.13579728483812E+03 -0.10101094927287E+05 -0.52742539685098E+05 -0.17220458757685E+03 -0.29339628615855E+03 -0.13722014826216E+02 -0.10808209646714E+04 -0.50076190658338E+04 -0.37598248881904E+03 -0.15821965447065E+03 -0.12724860764303E+04 -0.31568185638647E+04 -0.11479297088517E+04 -0.34212657767745E+04
   0.90195381580281E+06 -0.12139397598069E+06  0.31550454043430E+05  0.34558750506152E+06 -0.32340735109329E+05  0.10466507342386E+06  0.58126206818625E+05  0.49581500957528E+07 -0.23079949939737E+07 -0.85088787101463E+05  0.25880606681674E+05  0.27231872085115E+05  0.18170635956174E+04  0.10269851776993E+03  0.82095664797885E+05 -0.10403121413019E+05  0.83096404150232E+05  0.44808626482918E+05 -0.56714155566549E+06  0.37406500373771E+03 -0.27916824902138E+05  0.28351336567616E+05  0.88757932853301E+05  0.24586477271634E+06 -0.60462845644933E+05 -0.48635129109127E+05 -0.66719976011017E+05 -0.28068518794336E+06 -0.55726758124466E+06 -0.72516388689837E+05 -0.16215457639470E+06 -0.13270721678346E+04 -0.57101604305986E+04 -0.11210451098044E+05  0.58464261809199E+02  0.16429983508837E+03 -0.26165411592589E+06 -0.85886220970473E+04 -0.13665033823670E+06 -0.17001371798517E+06
  -0.17357014632722E+06  0.26434862891120E+05 -0.59210664963344E+04 -0.25357074199873E+05  0.35175721140783E+03 -0.93119510683133E+04 -0.29592574588004E+04 -0.23079949939737E+07  0.19283587334463E+07  0.18962701702736E+05 -0.65214761097110E+04 -0.58626387289732E+04 -0.32117371944552E+03 -0.14092806280707E+02  0.49962738156613E+05 -0.23501383507816E+04  0.16914051858277E+05  0.81935599151301E+04 -0.26490631141192E+05 -0.91942548710321E+02  0.67709487464608E+03 -0.57302643984243E+04 -0.19045227660550E+05 -0.47121700188693E+05  0.11443191606662E+05  0.10839224859803E+05  0.24094642616038E+05  0.65499638063624E+05  0.12588571624959E+06  0.23155991132236E+05  0.51889621719787E+05  0.17879896853033E+03  0.61552476894675E+03  0.12439511724316E+04 -0.11959591664934E+04 -0.66999085517541E+03  0.11155602801545E+06  0.15808790703333E+04  0.44170518449160E+05  0.54412700951482E+05
  -0.48358975798476E+05  0.74860363716480E+04 -0.19967517174467E+04 -0.18315368468883E+05  0.24006550127315E+04 -0.46081792201981E+04 -0.32912664052717E+04 -0.85088787101463E+05  0.18962701702736E+05  0.26426439612945E+04 -0.64153922080211E+03 -0.70133848345726E+03 -0.61493645733688E+02 -0.19533819855084E+01 -0.39687428203792E+04  0.47936151701053E+03 -0.35287933541235E+04 -0.19863574224031E+04  0.56632942652199E+05 -0.89070795483909E+01  0.24830869032151E+04 -0.13026033495430E+04 -0.37935443161797E+04 -0.12208881973775E+05  0.27362265231868E+04  0.18959376468890E+04  0.72710657696355E+03  0.10942563670119E+05  0.22902238321731E+05  0.15297576631708E+04  0.33489562659215E+04  0.43079507061812E+02  0.57857772238005E+03  0.10974059872531E+04  0.13547225543080E+03  0.60448387911753E+02  0.30841819942919E+04  0.44039799179334E+03  0.27836947154720E+04  0.35480263973359E+04
   0.73785116391244E+04 -0.93826267989497E+03  0.26211525345347E+03  0.33703258251443E+04 -0.34317906844825E+03  0.10031708992691E+04  0.58744076660604E+03  0.25880606681674E+05 -0.65214761097110E+04 -0.64153922080211E+03  0.18149253098384E+03  0.20824051715199E+03  0.15069056605404E+02  0.75177135124287E+00  0.12641521151431E+04 -0.13891174156297E+03  0.10759206635113E+04  0.58370927239555E+03 -0.64533469085585E+04  0.27688597661350E+01 -0.28686258663838E+03  0.22244758435628E+03  0.68166056546319E+03  0.19596597711658E+04 -0.48738403297663E+03 -0.36801217972351E+03 -0.34167034989820E+03 -0.20831220203599E+04 -0.41885986428621E+04 -0.44473467219225E+03 -0.99456584623764E+03 -0.11177735265851E+02 -0.49870259437436E+02 -0.97708065315126E+02 -0.15473255104510E+02 -0.72906271055003E+01 -0.11599985965864E+04 -0.69272119197184E+02 -0.83585513760214E+03 -0.10481657154143E+04
   0.15563108983400E+05 -0.12566071679001E+04  0.48607992572125E+03 -0.13702622589067E+04 -0.41863610679333E+02 -0.70676342928162E+03 -0.21423858369775E+03  0.27231872085115E+05 -0.58626387289732E+04 -0.70133848345726E+03  0.20824051715199E+03  0.18288731953066E+04  0.11895189974799E+03 -0.99525805671003E+00  0.14936680967701E+04 -0.20475942321535E+03  0.16131592011558E+04  0.92068433782857E+03 -0.67628167560557E+04 -0.51029258234586E+01 -0.12248700732822E+03 -0.86371329519434E+01  0.14454785555401E+03 -0.90708190270309E+03 -0.11725569223113E+04 -0.16351874496690E-10 -0.77064246502871E+03 -0.52265623779557E+04 -0.60468018199553E-09 -0.25277643035037E+04 -0.74884907328127E+02 -0.83263730858369E+02 -0.22294675522582E+00 -0.51429845547337E-10 -0.18417858909562E+01 -0.79276302504369E+00  0.29949207273203E+03  0.32249362542086E+03 -0.28676441970141E+04  0.31835580350772E-10
   0.17616162927816E+04 -0.14705590102064E+03  0.63818599931522E+02 -0.15643977568329E+03  0.45524688271234E+01 -0.69273740668113E+02 -0.27353976833232E+02  0.18170635956174E+04 -0.32117371944552E+03 -0.61493645733688E+02  0.15069056605404E+02  0.11895189974799E+03  0.10639528387786E+02 -0.18273777584428E+00  0.80635075732336E+02 -0.13389989465480E+02  0.95730646267120E+02  0.59262988545520E+02 -0.31982932009894E+03 -0.43486703404038E+00  0.63954421865474E+01  0.10056379660357E+01  0.18881557027283E+02 -0.92896933630732E+02 -0.17330247496207E+03  0.60347228557873E-12 -0.29653140656513E+02 -0.61453144173605E+03 -0.13173311922018E-10 -0.15697353575425E+03 -0.19770092701891E+02 -0.66756661569603E+01 -0.16067640487767E+00  0.55770331599647E-11 -0.19364436720750E+00 -0.75369240183174E-01  0.29865138641900E+02  0.72376570562623E+02 -0.20495229864579E+03 -0.36794537585252E-11
  -0.11112902473085E+03  0.13401920443492E+02 -0.50211007922783E+01  0.58173968140206E+02 -0.52138688546951E+01  0.19665727451593E+02  0.10338455561265E+02  0.10269851776993E+03 -0.14092806280707E+02 -0.19533819855084E+01  0.75177135124287E+00 -0.99525805671003E+00 -0.18273777584428E+00  0.56112333266500E-01  0.15266291385488E+02 -0.11795043775748E+01  0.97279434881178E+01  0.46054015732140E+01 -0.83323460754249E+02  0.26652977901841E-01 -0.46376347455586E+01  0.57313564231104E+00  0.14566470046923E+01  0.75843740487558E+01  0.72239888687120E-01 -0.52621596237903E-14 -0.64922188088051E+01 -0.90876431893834E+00 -0.50615067332384E-11 -0.37336855900434E+01 -0.24706766063046E-04 -0.15143768210723E+00 -0.10776159522323E-12 -0.35764601359762E-13 -0.18542204846755E-02 -0.10184970696683E-02 -0.16416334155544E+01  0.76471648257787E-04 -0.35048913782745E+01 -0.54686819710975E-12
   0.74033008570759E+04  0.66801283828909E+03 -0.39552411212817E+03  0.30528801239897E+05 -0.25986839149399E+04  0.92716585368213E+04  0.47889982134869E+04  0.82095664797885E+05  0.49962738156613E+05 -0.39687428203792E+04  0.12641521151431E+04  0.14936680967701E+04  0.80635075732336E+02  0.15266291385488E+02  0.48659170333877E+05 -0.44565420643413E+04  0.34915112583927E+05  0.18156628206259E+05 -0.54218388723448E+05  0.21219591500646E+01  0.75654919963797E+03 -0.20623860662199E+03 -0.59820926712951E+03 -0.14421784416904E+04 -0.25877466126507E+04 -0.17022736548978E+04 -0.24524836287708E+04  0.19740237658537E+04  0.42029042325193E+04 -0.15218544128366E+04 -0.29595469780934E+04 -0.71421578787965E+03  0.23375605210077E+03  0.41824021380895E+03 -0.28109714116877E+04 -0.14985298738518E+04 -0.24775863578755E+04  0.18026008062102E+03 -0.83142503905148E+03 -0.93671146679821E+03
  -0.18900998146017E+04 -0.52562437017850E+02  0.67591267973784E+00 -0.36833243119396E+04  0.31857739839574E+03 -0.11482362963499E+04 -0.60144019645959E+03 -0.10403121413019E+05 -0.23501383507816E+04  0.47936151701053E+03 -0.13891174156297E+03 -0.20475942321535E+03 -0.13389989465480E+02 -0.11795043775748E+01 -0.44565420643413E+04  0.47602156997696E+03 -0.36683634386778E+04 -0.19833857763284E+04  0.63262905724236E+04 -0.85362212966094E+00 -0.11102381935716E+03  0.21000296572214E+02  0.52631327214196E+02  0.15188807028278E+03  0.47617256660155E+03  0.29876380200026E+03  0.28086944523637E+03 -0.16054912773998E+03 -0.47374684195617E+03  0.15632289466496E+03  0.30306244618327E+03  0.78125370828278E+02 -0.62670479456776E+02 -0.11063871283302E+03  0.42525374960175E+03  0.21079664387471E+03 -0.28451805849607E+03 -0.32341335281772E+02  0.23850918486542E+03  0.26725761221764E+03
   0.10400559353023E+05  0.17704376702978E+03 -0.18503225998511E+03  0.26893268821844E+05 -0.22365242823096E+04  0.83049818228412E+04  0.41826422173958E+04  0.83096404150232E+05  0.16914051858277E+05 -0.35287933541235E+04  0.10759206635113E+04  0.16131592011558E+04  0.95730646267120E+02  0.97279434881178E+01  0.34915112583927E+05 -0.36683634386778E+04  0.28703381522397E+05  0.15376077445144E+05 -0.47893992644214E+05  0.10613719999098E+01  0.80780101547183E+03 -0.24696071301781E+03 -0.67330592339400E+03 -0.15805360625405E+04 -0.26473697867606E+04 -0.17040385988400E+04 -0.24537223707243E+04  0.20714450309025E+04  0.44462583606977E+04 -0.12713625080146E+04 -0.24826574166139E+04 -0.60550352905477E+03  0.84229831337383E+02  0.16371493851526E+03 -0.26362817179556E+04 -0.14160691200961E+04  0.13177078302374E+04  0.22358846325694E+03 -0.16445969399931E+04 -0.18273275451145E+04
   0.74720349084740E+04  0.97749351073224E+02 -0.27029369904410E+02  0.15037596939685E+05 -0.12675644239399E+04  0.47081254829006E+04  0.24010874834850E+04  0.44808626482918E+05  0.81935599151301E+04 -0.19863574224031E+04  0.58370927239555E+03  0.92068433782857E+03  0.59262988545520E+02  0.46054015732140E+01  0.18156628206259E+05 -0.19833857763284E+04  0.15376077445144E+05  0.83446621229319E+04 -0.26600682381319E+05  0.19276362053382E+01  0.48771336942556E+03 -0.13035968287504E+03 -0.33246211403728E+03 -0.82988738236747E+03 -0.18384991670657E+04 -0.11521009834249E+04 -0.12323234703749E+04  0.96490672394511E+03  0.24215912303413E+04 -0.64362312748419E+03 -0.12579760616591E+04 -0.33248136080011E+03  0.10973670461040E+03  0.20313158044390E+03 -0.16866520906678E+04 -0.87084534696349E+03  0.14155772247392E+04  0.15497484580715E+03 -0.11307976005468E+04 -0.12572589096964E+04
  -0.73720541926727E+07  0.25293939788792E+07 -0.36765518285574E+06 -0.21972997894016E+07  0.48674688794206E+06 -0.68654928317776E+05 -0.24979378377534E+06 -0.56714155566549E+06 -0.26490631141192E+05  0.56632942652199E+05 -0.64533469085585E+04 -0.67628167560557E+04 -0.31982932009894E+03 -0.83323460754249E+02 -0.54218388723448E+05  0.63262905724236E+04 -0.47893992644214E+05 -0.26600682381319E+05  0.32120681534492E+08  0.64288862070544E+04  0.66553413913088E+06 -0.16456349486102E+06 -0.48930104544817E+06 -0.24676187688549E+07  0.33490611066864E+05  0.74443709437319E+05 -0.11591594533361E+04  0.55670973212943E+06  0.27154106631556E+07  0.17461896653296E+05  0.31079513963512E+05  0.22611014895362E+03  0.18097421937329E+06  0.79032479742008E+06  0.24416298131233E+05  0.77075642158491E+04 -0.18502484576909E+05  0.43566474488778E+05  0.20295522234947E+05  0.62479246385468E+05
  -0.13949371118880E+04  0.56405241330690E+03 -0.71649189286437E+02 -0.20958902203539E+03  0.67505929708800E+02  0.52629966717833E+02 -0.15494436775606E+01  0.37406500373771E+03 -0.91942548710321E+02 -0.89070795483909E+01  0.27688597661350E+01 -0.51029258234586E+01 -0.43486703404038E+00  0.26652977901841E-01  0.21219591500646E+01 -0.85362212966094E+00  0.10613719999098E+01  0.19276362053382E+01  0.64288862070544E+04  0.23782341968768E+01  0.14068782810386E+03 -0.27907613478459E+02 -0.84538424636305E+02 -0.50581781665738E+03  0.00000000000000E+00 -0.25863957979406E+02  0.00000000000000E+00  0.00000000000000E+00  0.41214089133888E+03  0.00000000000000E+00 -0.72209530933063E+01  0.00000000000000E+00  0.00000000000000E+00  0.21762409916964E+03  0.00000000000000E+00  0.00000000000000E+00  0.00000000000000E+00  0.11882710209784E+02  0.00000000000000E+00 -0.27096805449651E+02
  -0.21100167422995E+06  0.60277582525357E+05 -0.10236083866235E+05 -0.61745834164164E+05  0.12890395686708E+05 -0.46186756348985E+04 -0.84905543488769E+04 -0.27916824902138E+05  0.67709487464608E+03  0.24830869032151E+04 -0.28686258663838E+03 -0.12248700732822E+03  0.63954421865474E+01 -0.46376347455586E+01  0.75654919963797E+03 -0.11102381935716E+03  0.80780101547183E+03  0.48771336942556E+03  0.66553413913088E+06  0.14068782810386E+03  0.26308025610436E+05 -0.77625858913850E+04 -0.21255631092143E+05 -0.10045369826681E+06  0.00000000000000E+00  0.50567740602652E+04  0.00000000000000E+00  0.00000000000000E+00  0.11542247564955E+06  0.00000000000000E+00 -0.11527435299566E+04  0.00000000000000E+00  0.00000000000000E+00  0.23014223911627E+05  0.00000000000000E+00  0.00000000000000E+00  0.00000000000000E+00 -0.42103095650266E+04  0.00000000000000E+00  0.41551931470697E+04
   0.57147619048942E+05 -0.12653380173165E+05  0.26552195512192E+04  0.20402260612130E+05 -0.38453220387409E+04  0.25247415422410E+04  0.31536344147731E+04  0.28351336567616E+05 -0.57302643984243E+04 -0.13026033495430E+04  0.22244758435628E+03 -0.86371329519434E+01  0.10056379660357E+01  0.57313564231104E+00 -0.20623860662199E+03  0.21000296572214E+02 -0.24696071301781E+03 -0.13035968287504E+03 -0.16456349486102E+06 -0.27907613478459E+02 -0.77625858913850E+04  0.28284672050558E+04  0.75245603655907E+04  0.32727270399586E+05 -0.52036176402546E+02 -0.21094450571149E+04  0.24775835485812E+01  0.47241974161210E+03 -0.42074617737673E+05  0.00000000000000E+00 -0.15972281478616E+03  0.00000000000000E+00  0.22565585508689E+04 -0.49126893768912E+04  0.00000000000000E+00  0.00000000000000E+00  0.00000000000000E+00  0.15075334337866E+04 -0.39035946840815E+03 -0.28050316859118E+04
   0.17883789824365E+06 -0.43054602513598E+05  0.83243374803378E+04  0.56503964935506E+05 -0.10632314489554E+05  0.69306704162543E+04  0.85795705792827E+04  0.88757932853301E+05 -0.19045227660550E+05 -0.37935443161797E+04  0.68166056546319E+03  0.14454785555401E+03  0.18881557027283E+02  0.14566470046923E+01 -0.59820926712951E+03  0.52631327214196E+02 -0.67330592339400E+03 -0.33246211403728E+03 -0.48930104544817E+06 -0.84538424636305E+02 -0.21255631092143E+05  0.75245603655907E+04  0.20645862810869E+05  0.88552799512133E+05 -0.16353268340846E+03 -0.52602080982069E+04 -0.47377462823332E+02 -0.67661820714234E+04 -0.11566265837142E+06  0.00000000000000E+00 -0.39552796238522E+03  0.00000000000000E+00  0.31496671167646E+04 -0.15333819340606E+05  0.00000000000000E+00  0.00000000000000E+00  0.00000000000000E+00  0.37586562802532E+04 -0.21437677815077E+04 -0.81643355880904E+04
   0.74629525419290E+06 -0.20584246931477E+06  0.35815101746063E+05  0.24095294373084E+06 -0.48294721612547E+05  0.21909049218874E+05  0.33802734248762E+05  0.24586477271634E+06 -0.47121700188693E+05 -0.12208881973775E+05  0.19596597711658E+04 -0.90708190270309E+03 -0.92896933630732E+02  0.75843740487558E+01 -0.14421784416904E+04  0.15188807028278E+03 -0.15805360625405E+04 -0.82988738236747E+03 -0.24676187688549E+07 -0.50581781665738E+03 -0.10045369826681E+06  0.32727270399586E+05  0.88552799512133E+05  0.41508827686330E+06  0.25315417334977E+03 -0.27113142837320E+05 -0.64487994988517E+01  0.37954622145620E+05 -0.48641868771184E+06  0.00000000000000E+00 -0.20929888757754E+04  0.00000000000000E+00  0.16125557888526E+05 -0.80813178596514E+05  0.00000000000000E+00  0.00000000000000E+00  0.00000000000000E+00  0.20023579959459E+05  0.15683966052605E+04 -0.29782992341672E+05
  -0.12695292793800E+06  0.16575225685048E+05 -0.55424672772822E+04 -0.12779362992895E+05  0.20005120224759E+04 -0.28166489816803E+04 -0.24974648095352E+04 -0.60462845644933E+05  0.11443191606662E+05  0.27362265231868E+04 -0.48738403297663E+03 -0.11725569223113E+04 -0.17330247496207E+03  0.72239888687120E-01 -0.25877466126507E+04  0.47617256660155E+03 -0.26473697867606E+04 -0.18384991670657E+04  0.33490611066864E+05  0.00000000000000E+00  0.00000000000000E+00 -0.52036176402546E+02 -0.16353268340846E+03  0.25315417334977E+03  0.11627312715776E+06  0.00000000000000E+00  0.00000000000000E+00  0.00000000000000E+00  0.00000000000000E+00  0.00000000000000E+00  0.00000000000000E+00  0.00000000000000E+00  0.00000000000000E+00  0.00000000000000E+00  0.00000000000000E+00  0.00000000000000E+00  0.00000000000000E+00  0.00000000000000E+00  0.00000000000000E+00  0.00000000000000E+00
  -0.53861919902003E+05  0.81970829971442E+04 -0.23657822256565E+04 -0.21158271966649E+05  0.33726797177659E+04 -0.43233699340260E+04 -0.39175194745183E+04 -0.48635129109127E+05  0.10839224859803E+05  0.18959376468890E+04 -0.36801217972351E+03 -0.16351874496690E-10  0.60347228557873E-12 -0.52621596237903E-14 -0.17022736548978E+04  0.29876380200026E+03 -0.17040385988400E+04 -0.11521009834249E+04  0.74443709437319E+05 -0.25863957979406E+02  0.50567740602652E+04 -0.21094450571149E+04 -0.52602080982069E+04 -0.27113142837320E+05  0.00000000000000E+00  0.64584337541693E+05  0.00000000000000E+00  0.00000000000000E+00  0.00000000000000E+00  0.00000000000000E+00  0.00000000000000E+00  0.00000000000000E+00  0.00000000000000E+00  0.00000000000000E+00  0.00000000000000E+00  0.00000000000000E+00  0.00000000000000E+00  0.00000000000000E+00  0.00000000000000E+00  0.00000000000000E+00
  -0.43776423974293E+04 -0.24046554858131E+03  0.51172616014466E+02 -0.67106961508809E+02 -0.56289801470197E+02  0.15297119394046E+03  0.13579728483812E+03 -0.66719976011017E+05  0.24094642616038E+05  0.72710657696355E+03 -0.34167034989820E+03 -0.77064246502871E+03 -0.29653140656513E+02 -0.64922188088051E+01 -0.24524836287708E+04  0.28086944523637E+03 -0.24537223707243E+04 -0.12323234703749E+04 -0.11591594533361E+04  0.00000000000000E+00  0.00000000000000E+00  0.24775835485812E+01 -0.47377462823332E+02 -0.64487994988517E+01  0.00000000000000E+00  0.00000000000000E+00  0.30663464848272E+05  0.00000000000000E+00  0.00000000000000E+00  0.00000000000000E+00  0.00000000000000E+00  0.00000000000000E+00  0.00000000000000E+00  0.00000000000000E+00  0.00000000000000E+00  0.00000000000000E+00  0.00000000000000E+00  0.00000000000000E+00  0.00000000000000E+00  0.00000000000000E+00
  -0.83758152879339E+06  0.20915562655468E+06 -0.38980135168088E+05 -0.65711029125882E+05  0.11983940275458E+05 -0.88772613403726E+04 -0.10101094927287E+05 -0.28068518794336E+06  0.65499638063624E+05  0.10942563670119E+05 -0.20831220203599E+04 -0.52265623779557E+04 -0.61453144173605E+03 -0.90876431893834E+00  0.19740237658537E+04 -0.16054912773998E+03  0.20714450309025E+04  0.96490672394511E+03  0.55670973212943E+06  0.00000000000000E+00  0.00000000000000E+00  0.47241974161210E+03 -0.67661820714234E+04  0.37954622145620E+05  0.00000000000000E+00  0.00000000000000E+00  0.00000000000000E+00  0.57757027604137E+06  0.00000000000000E+00  0.00000000000000E+00  0.00000000000000E+00  0.00000000000000E+00  0.00000000000000E+00  0.00000000000000E+00  0.00000000000000E+00  0.00000000000000E+00  0.00000000000000E+00  0.00000000000000E+00  0.00000000000000E+00  0.00000000000000E+00
  -0.10843598392700E+07  0.26327430280687E+06 -0.50639432503602E+05 -0.34075510330092E+06  0.63214405306192E+05 -0.43959699153160E+05 -0.52742539685098E+05 -0.55726758124466E+06  0.12588571624959E+06  0.22902238321731E+05 -0.41885986428621E+04 -0.60468018199553E-09 -0.13173311922018E-10 -0.50615067332384E-11  0.42029042325193E+04 -0.47374684195617E+03  0.44462583606977E+04  0.24215912303413E+04  0.27154106631556E+07  0.41214089133888E+03  0.11542247564955E+06 -0.42074617737673E+05 -0.11566265837142E+06 -0.48641868771184E+06  0.00000000000000E+00  0.00000000000000E+00  0.00000000000000E+00  0.00000000000000E+00  0.91786024212161E+06  0.00000000000000E+00  0.00000000000000E+00  0.00000000000000E+00  0.00000000000000E+00  0.00000000000000E+00  0.00000000000000E+00  0.00000000000000E+00  0.00000000000000E+00  0.00000000000000E+00  0.00000000000000E+00  0.00000000000000E+00
  -0.20569262000067E+05  0.58038229086064E+04 -0.10035902299928E+04 -0.14142774969285E+04  0.34043644357203E+03 -0.40768046486044E+01 -0.17220458757685E+03 -0.72516388689837E+05  0.23155991132236E+05  0.15297576631708E+04 -0.44473467219225E+03 -0.25277643035037E+04 -0.15697353575425E+03 -0.37336855900434E+01 -0.15218544128366E+04  0.15632289466496E+03 -0.12713625080146E+04 -0.64362312748419E+03  0.17461896653296E+05  0.00000000000000E+00  0.00000000000000E+00  0.00000000000000E+00  0.00000000000000E+00  0.00000000000000E+00  0.00000000000000E+00  0.00000000000000E+00  0.00000000000000E+00  0.00000000000000E+00  0.00000000000000E+00  0.14767383521981E+05  0.00000000000000E+00  0.00000000000000E+00  0.00000000000000E+00  0.00000000000000E+00  0.00000000000000E+00  0.00000000000000E+00  0.00000000000000E+00  0.00000000000000E+00  0.00000000000000E+00  0.00000000000000E+00
  -0.46352379025711E+05  0.13226026980471E+05 -0.22715270373998E+04 -0.24891800139774E+04  0.57966892407362E+03 -0.36481539468869E+02 -0.29339628615855E+03 -0.16215457639470E+06  0.51889621719787E+05  0.33489562659215E+04 -0.99456584623764E+03 -0.74884907328127E+02 -0.19770092701891E+02 -0.24706766063046E-04 -0.29595469780934E+04  0.30306244618327E+03 -0.24826574166139E+04 -0.12579760616591E+04  0.31079513963512E+05 -0.72209530933063E+01 -0.11527435299566E+04 -0.15972281478616E+03 -0.39552796238522E+03 -0.20929888757754E+04  0.00000000000000E+00  0.00000000000000E+00  0.00000000000000E+00  0.00000000000000E+00  0.00000000000000E+00  0.00000000000000E+00  0.31798670893458E+05  0.00000000000000E+00  0.00000000000000E+00  0.00000000000000E+00  0.00000000000000E+00  0.00000000000000E+00  0.00000000000000E+00  0.00000000000000E+00  0.00000000000000E+00  0.00000000000000E+00
  -0.30777292544285E+04  0.42075851370880E+03 -0.11869915981249E+03 -0.73776106430867E+02  0.95338872890473E+01 -0.19520557392097E+02 -0.13722014826216E+02 -0.13270721678346E+04  0.17879896853033E+03  0.43079507061812E+02 -0.11177735265851E+02 -0.83263730858369E+02 -0.66756661569603E+01 -0.15143768210723E+00 -0.71421578787965E+03  0.78125370828278E+02 -0.60550352905477E+03 -0.33248136080011E+03  0.22611014895362E+03  0.00000000000000E+00  0.00000000000000E+00  0.00000000000000E+00  0.00000000000000E+00  0.00000000000000E+00  0.00000000000000E+00  0.00000000000000E+00  0.00000000000000E+00  0.00000000000000E+00  0.00000000000000E+00  0.00000000000000E+00  0.00000000000000E+00  0.37863482583702E+04  0.00000000000000E+00  0.00000000000000E+00  0.00000000000000E+00  0.00000000000000E+00  0.00000000000000E+00  0.00000000000000E+00  0.00000000000000E+00  0.00000000000000E+00
  -0.19836976473665E+06  0.63443369464171E+05 -0.99131704298193E+04 -0.11736944940787E+05  0.29905856792779E+04  0.32842690375450E+03 -0.10808209646714E+04 -0.57101604305986E+04  0.61552476894675E+03  0.57857772238005E+03 -0.49870259437436E+02 -0.22294675522582E+00 -0.16067640487767E+00 -0.10776159522323E-12  0.23375605210077E+03 -0.62670479456776E+02  0.84229831337383E+02  0.10973670461040E+03  0.18097421937329E+06  0.00000000000000E+00  0.00000000000000E+00  0.22565585508689E+04  0.31496671167646E+04  0.16125557888526E+05  0.00000000000000E+00  0.00000000000000E+00  0.00000000000000E+00  0.00000000000000E+00  0.00000000000000E+00  0.00000000000000E+00  0.00000000000000E+00  0.00000000000000E+00  0.10557958278420E+06  0.00000000000000E+00  0.00000000000000E+00  0.00000000000000E+00  0.00000000000000E+00  0.00000000000000E+00  0.00000000000000E+00  0.00000000000000E+00
  -0.22385710133677E+06  0.71011188165561E+05 -0.11153518694411E+05 -0.52648898053151E+05  0.13200677444855E+05  0.11004911936376E+04 -0.50076190658338E+04 -0.11210451098044E+05  0.12439511724316E+04  0.10974059872531E+04 -0.97708065315126E+02 -0.51429845547337E-10  0.55770331599647E-11 -0.35764601359762E-13  0.41824021380895E+03 -0.11063871283302E+03  0.16371493851526E+03  0.20313158044390E+03  0.79032479742008E+06  0.21762409916964E+03  0.23014223911627E+05 -0.49126893768912E+04 -0.15333819340606E+05 -0.80813178596514E+05  0.00000000000000E+00  0.00000000000000E+00  0.00000000000000E+00  0.00000000000000E+00  0.00000000000000E+00  0.00000000000000E+00  0.00000000000000E+00  0.00000000000000E+00  0.00000000000000E+00  0.13872845414563E+06  0.00000000000000E+00  0.00000000000000E+00  0.00000000000000E+00  0.00000000000000E+00  0.00000000000000E+00  0.00000000000000E+00
  -0.91063708763581E+04  0.24671319081416E+04 -0.43552800463135E+03 -0.25141041414681E+04  0.48425346544310E+03 -0.27491598889198E+03 -0.37598248881904E+03  0.58464261809199E+02 -0.11959591664934E+04  0.13547225543080E+03 -0.15473255104510E+02 -0.18417858909562E+01 -0.19364436720750E+00 -0.18542204846755E-02 -0.28109714116877E+04  0.42525374960175E+03 -0.26362817179556E+04 -0.16866520906678E+04  0.24416298131233E+05  0.00000000000000E+00  0.00000000000000E+00  0.00000000000000E+00  0.00000000000000E+00  0.00000000000000E+00  0.00000000000000E+00  0.00000000000000E+00  0.00000000000000E+00  0.00000000000000E+00  0.00000000000000E+00  0.00000000000000E+00  0.00000000000000E+00  0.00000000000000E+00  0.00000000000000E+00  0.00000000000000E+00  0.83193956021226E+04  0.00000000000000E+00  0.00000000000000E+00  0.00000000000000E+00  0.00000000000000E+00  0.00000000000000E+00
  -0.32257215418568E+04  0.78363583787679E+03 -0.15164698023778E+03 -0.98123581990324E+03  0.17952107048663E+03 -0.13818606402161E+03 -0.15821965447065E+03  0.16429983508837E+03 -0.66999085517541E+03  0.60448387911753E+02 -0.72906271055003E+01 -0.79276302504369E+00 -0.75369240183174E-01 -0.10184970696683E-02 -0.14985298738518E+04  0.21079664387471E+03 -0.14160691200961E+04 -0.87084534696349E+03  0.77075642158491E+04  0.00000000000000E+00  0.00000000000000E+00  0.00000000000000E+00  0.00000000000000E+00  0.00000000000000E+00  0.00000000000000E+00  0.00000000000000E+00  0.00000000000000E+00  0.00000000000000E+00  0.00000000000000E+00  0.00000000000000E+00  0.00000000000000E+00  0.00000000000000E+00  0.00000000000000E+00  0.00000000000000E+00  0.00000000000000E+00  0.42649220103096E+04  0.00000000000000E+00  0.00000000000000E+00  0.00000000000000E+00  0.00000000000000E+00
  -0.14942763307276E+05 -0.23682284524164E+04  0.53422958587766E+02 -0.94946815703379E+04  0.33281172201774E+03 -0.30303058790212E+04 -0.12724860764303E+04 -0.26165411592589E+06  0.11155602801545E+06  0.30841819942919E+04 -0.11599985965864E+04  0.29949207273203E+03  0.29865138641900E+02 -0.16416334155544E+01 -0.24775863578755E+04 -0.28451805849607E+03  0.13177078302374E+04  0.14155772247392E+04 -0.18502484576909E+05  0.00000000000000E+00  0.00000000000000E+00  0.00000000000000E+00  0.00000000000000E+00  0.00000000000000E+00  0.00000000000000E+00  0.00000000000000E+00  0.00000000000000E+00  0.00000000000000E+00  0.00000000000000E+00  0.00000000000000E+00  0.00000000000000E+00  0.00000000000000E+00  0.00000000000000E+00  0.00000000000000E+00  0.00000000000000E+00  0.00000000000000E+00  0.12388637116199E+06  0.00000000000000E+00  0.00000000000000E+00  0.00000000000000E+00
   0.16580133938859E+05 -0.22371743167750E+04  0.72505596962113E+03 -0.15674405582075E+05  0.24940832192948E+04 -0.33712809243589E+04 -0.31568185638647E+04 -0.85886220970473E+04  0.15808790703333E+04  0.44039799179334E+03 -0.69272119197184E+02  0.32249362542086E+03  0.72376570562623E+02  0.76471648257787E-04  0.18026008062102E+03 -0.32341335281772E+02  0.22358846325694E+03  0.15497484580715E+03  0.43566474488778E+05  0.11882710209784E+02 -0.42103095650266E+04  0.15075334337866E+04  0.37586562802532E+04  0.20023579959459E+05  0.00000000000000E+00  0.00000000000000E+00  0.00000000000000E+00  0.00000000000000E+00  0.00000000000000E+00  0.00000000000000E+00  0.00000000000000E+00  0.00000000000000E+00  0.00000000000000E+00  0.00000000000000E+00  0.00000000000000E+00  0.00000000000000E+00  0.00000000000000E+00  0.39250146988898E+05  0.00000000000000E+00  0.00000000000000E+00
  -0.70563684333593E+05  0.85368795941634E+04 -0.25625063122594E+04 -0.71936452709662E+04  0.81994797107854E+03 -0.18481608406797E+04 -0.11479297088517E+04 -0.13665033823670E+06  0.44170518449160E+05  0.27836947154720E+04 -0.83585513760214E+03 -0.28676441970141E+04 -0.20495229864579E+03 -0.35048913782745E+01 -0.83142503905148E+03  0.23850918486542E+03 -0.16445969399931E+04 -0.11307976005468E+04  0.20295522234947E+05  0.00000000000000E+00  0.00000000000000E+00 -0.39035946840815E+03 -0.21437677815077E+04  0.15683966052605E+04  0.00000000000000E+00  0.00000000000000E+00  0.00000000000000E+00  0.00000000000000E+00  0.00000000000000E+00  0.00000000000000E+00  0.00000000000000E+00  0.00000000000000E+00  0.00000000000000E+00  0.00000000000000E+00  0.00000000000000E+00  0.00000000000000E+00  0.00000000000000E+00  0.00000000000000E+00  0.94934230459890E+05  0.00000000000000E+00
  -0.55704859340532E+05  0.71638206642204E+04 -0.20790199475055E+04 -0.21296671683774E+05  0.25195300812934E+04 -0.53305017235505E+04 -0.34212657767745E+04 -0.17001371798517E+06  0.54412700951482E+05  0.35480263973359E+04 -0.10481657154143E+04  0.31835580350772E-10 -0.36794537585252E-11 -0.54686819710975E-12 -0.93671146679821E+03  0.26725761221764E+03 -0.18273275451145E+04 -0.12572589096964E+04  0.62479246385468E+05 -0.27096805449651E+02  0.41551931470697E+04 -0.28050316859118E+04 -0.81643355880904E+04 -0.29782992341672E+05  0.00000000000000E+00  0.00000000000000E+00  0.00000000000000E+00  0.00000000000000E+00  0.00000000000000E+00  0.00000000000000E+00  0.00000000000000E+00  0.00000000000000E+00  0.00000000000000E+00  0.00000000000000E+00  0.00000000000000E+00  0.00000000000000E+00  0.00000000000000E+00  0.00000000000000E+00  0.00000000000000E+00  0.99612253901465E+05

 # Covariance matrix (Bevington epsilon)
