# fitpack15: fit parameters                                                                         
# CJ15 AV18 final data choices                                                                      
# Created on 01/23/2020 at 22:11:44                                                                 

 # QCD setup
  INS                           0
  NVL                          11
  IORD                          1
  Q02                   1.6899999999999999     
  IPARAMC                       7
  FLAVOR                4.0000000000000000     
  xmc                   1.3000000000000000     
  xmb                   4.5000000000000000     
  ncb                          12
  ihq                           1
  ias                           0

 # Theory corrections
  inuke                     10814
  itmc                          1
  iht                           1

 # fit parameters
 LAMBDA       0.22680        0.0000    
 a0uv          2.2641        0.0000    
 a1uv         0.60183       0.20990E-01
 a2uv          3.5541       0.11948E-01
 a3uv          0.0000        0.0000    
 a4uv          3.7969       0.48406    
 a5uv          0.0000        0.0000    
 a0dv          26.015        0.0000    
 a1dv          1.1702       0.32781E-01
 a2dv          6.6186       0.15680    
 a3dv         -3.5381       0.82705E-01
 a4dv          4.7160       0.13836    
 a5dv          0.0000        0.0000    
 a0ud         0.14703       0.50580E-02
 a1ud        -0.20728       0.37616E-02
 a2ud          8.3401       0.19248    
 a3ud          0.0000        0.0000    
 a4ud          14.600        1.2247    
 a5ud          0.0000        0.0000    
 a0du          35712.        0.0000    
 a1du          4.0513       0.79484E-01
 a2du          20.161       0.90412    
 a3du          17.000        0.0000    
 a4du          52.091        10.826    
 a0g           43.624        0.0000    
 a1g          0.59523       0.31520E-01
 a2g           6.5174        1.0108    
 a3g          -3.2688       0.14033    
 a4g           3.1341       0.33705    
 a5g           0.0000        0.0000    
 kappa        0.40000        0.0000    
 a6dv        -0.36768E-02   0.63082E-03
 a7dv          2.0000        0.0000    
 off1         -3.5808        1.5118    
 off2         0.56894E-01   0.58521E-01
 ht1          -3.5440       0.27952    
 ht2           2.0205       0.10814    
 ht3          -2.0603       0.19032E-01
 ht4           0.0000        0.0000    
 dummy40       0.0000        0.0000    
 dummy41       0.0000        0.0000    
 dummy42       0.0000        0.0000    
 dummy43       0.0000        0.0000    
 dummy44       0.0000        0.0000    
 dummy45       0.0000        0.0000    
 dummy46       0.0000        0.0000    
 dummy47       0.0000        0.0000    
 dummy48       0.0000        0.0000    
 dummy49       0.0000        0.0000    
 bcdmsh2      0.97288       0.48302E-02
 bcdmsd2      0.99271       0.58299E-02
 ccfr          1.0000        0.0000    
 nutev         1.0000        0.0000    
 zeus         0.97998        0.0000    
 h1            1.0162        0.0000    
 e605          1.0319        0.0000    
 NmcH2         1.0093       0.71245E-02
 ntv_nu        1.0000        0.0000    
 ntv_nubar     1.0000        0.0000    
 cdf_jet      0.98910        0.0000    
 d0_jet       0.83504        0.0000    
 slac_p        1.0050       0.48234E-02
 slac_d        1.0040       0.52797E-02
 e866pp       0.97136       0.19432E-01
 e866pd       0.96427       0.15776E-01
 d0_gamjet     1.0387       0.16481E-01
 h1b          0.97608        0.0000    
 jlab_p       0.99508       0.57947E-02
 jlab_d       0.97584       0.58986E-02
 blank         1.0000        0.0000    
 d0run2       0.94042       0.14151E-01
 cdfrun2      0.92684       0.17238E-01
 HERA_el       1.0000        0.0000    
 HERA_ps       1.0000        0.0000    
 CDF_Z        0.96441       0.64964E-02
 NmcRat        1.0000        0.0000    
 BNS_F2nd     0.98281       0.68693E-02
 HERMES_F2p   0.99833       0.55773E-02
 HERMES_F2d   0.98021       0.58273E-02
 END 0. 0.

 # Hessian matrix (Bevington alpha)
   0.49663279542546E+07 -0.12997193346554E+07  0.22051672797126E+06  0.48547383954121E+06 -0.12543845587715E+06 -0.26688282097118E+05  0.54181324456239E+05  0.91114919237085E+06 -0.17552985096655E+06 -0.48697559012152E+05  0.74461726516225E+04  0.15229543871877E+05  0.17174670996532E+04 -0.10978867513092E+03  0.78913153206865E+04 -0.19436825224607E+04  0.10703433340719E+05  0.76368202962383E+04 -0.78943195170914E+07 -0.14271681200434E+04 -0.20200971229042E+06  0.54935305584477E+05  0.17133773620145E+06  0.70630232540222E+06 -0.12824571773496E+06 -0.54436198319047E+05 -0.45614630878490E+04 -0.84451729774581E+06 -0.10943513204623E+07 -0.20649297925251E+05 -0.46669084145884E+05 -0.31077836673033E+04 -0.19968624480135E+06 -0.22581879073601E+06 -0.91633435180325E+04 -0.32421322244649E+04 -0.15700050463794E+05  0.16717692416497E+05 -0.71450742041747E+05 -0.56402824575097E+05
  -0.12997193346554E+07  0.41451512493313E+06 -0.59434657682293E+05 -0.13562130384538E+06  0.34647469353485E+05  0.99078095742410E+04 -0.11739609864470E+05 -0.12075109006768E+06  0.26344259988825E+05  0.74443508272800E+04 -0.93278686519853E+03 -0.12182262246382E+04 -0.14201362094573E+03  0.13227067202118E+02  0.65431570579614E+03 -0.51253752278385E+02  0.17137026287547E+03  0.95067696861196E+02  0.26920500214714E+07  0.57163504062121E+03  0.57320224751378E+05 -0.12099594834556E+05 -0.40703265935291E+05 -0.19282866005424E+06  0.16632897053109E+05  0.82258650557850E+04 -0.23077774469263E+03  0.20936333477272E+06  0.26396570658799E+06  0.57820637608881E+04  0.13224378190453E+05  0.42078263651249E+03  0.63493819920753E+05  0.71239678782953E+05  0.24655605271888E+04  0.78234952737376E+03 -0.23323294545457E+04 -0.22407525301509E+04  0.85684278673537E+04  0.71937803234749E+04
   0.22051672797126E+06 -0.59434657682293E+05  0.98865104332244E+04  0.21652361988126E+05 -0.56914884530817E+04 -0.14330272837370E+04  0.23394669110411E+04  0.29924270035079E+05 -0.56183330631178E+04 -0.18836034853955E+04  0.24862931302397E+03  0.45659700386369E+03  0.59297900630466E+02 -0.47083370171055E+01 -0.36012004915939E+03 -0.18611734857923E+01 -0.15256053244521E+03 -0.12536022587596E+02 -0.36401277013313E+06 -0.67529477078655E+02 -0.90932252304434E+04  0.23822613178491E+04  0.74260786337006E+04  0.31463369385074E+05 -0.52602310197170E+04 -0.22424030440819E+04  0.42302045742315E+02 -0.36588163572519E+05 -0.47590702559175E+05 -0.93513052068923E+03 -0.21224443470356E+04 -0.11277484483313E+03 -0.92309087397269E+04 -0.10411343991010E+05 -0.40734066230062E+03 -0.14199256852846E+03  0.16414111458130E+02  0.68803302618806E+03 -0.24485587564168E+04 -0.19839416231820E+04
   0.48547383954121E+06 -0.13562130384538E+06  0.21652361988126E+05  0.39470614313516E+06 -0.61917843885289E+05  0.76030460934008E+05  0.65068511043059E+05  0.34238559077505E+06 -0.25031498368787E+05 -0.18191047821373E+05  0.33386651609134E+04 -0.13577218316947E+04 -0.15194500542343E+03  0.57105498808424E+02  0.30353637308945E+05 -0.36625265626295E+04  0.26275703596017E+05  0.14737091793617E+05 -0.23321653732874E+07 -0.21581869817473E+03 -0.58564856403488E+05  0.19439663323433E+05  0.53926561754357E+05  0.22811000098840E+06 -0.12772246705989E+05 -0.21147642995448E+05 -0.46578808071248E+02 -0.65685265114919E+05 -0.34044100494715E+06 -0.13874979036691E+04 -0.24848812089743E+04 -0.72613959726930E+02 -0.11699635940742E+05 -0.52495832613913E+05 -0.25090921174610E+04 -0.97762877481481E+03 -0.94367452422749E+04 -0.15702244058399E+05 -0.71737680678417E+04 -0.21240000231137E+05
  -0.12543845587715E+06  0.34647469353485E+05 -0.56914884530817E+04 -0.61917843885289E+05  0.11497501490138E+05 -0.77886539808799E+04 -0.93855468328766E+04 -0.31883245300438E+05  0.31579754290931E+03  0.23714098517851E+04 -0.33844295023034E+03 -0.33222287496789E+02  0.46878373182632E+01 -0.51040614957565E+01 -0.25740931351511E+04  0.31579470608037E+03 -0.21772983713309E+04 -0.12384064090554E+04  0.50616819767800E+06  0.66657013364651E+02  0.12041622024036E+05 -0.36296337954001E+04 -0.10006499490904E+05 -0.44972964761417E+05  0.19975717741308E+04  0.33611982147535E+04 -0.58032517482589E+02  0.11826687597484E+05  0.62445370192679E+05  0.32944868584563E+03  0.57000381336913E+03  0.93180571784885E+01  0.29243518249499E+04  0.12919887861334E+05  0.47661239293861E+03  0.17688643477879E+03  0.33847754998903E+03  0.24943253244981E+04  0.81418996865809E+03  0.25024332579906E+04
  -0.26688282097118E+05  0.99078095742410E+04 -0.14330272837370E+04  0.76030460934008E+05 -0.77886539808799E+04  0.25301951282007E+05  0.15210661209991E+05  0.10638914757255E+06 -0.95838225185388E+04 -0.46598901371460E+04  0.10177160067975E+04 -0.71583443230043E+03 -0.69157614311859E+02  0.19779793015647E+02  0.94398469215468E+04 -0.11693260121592E+04  0.83203850343773E+04  0.47311737152273E+04 -0.58732800924033E+05  0.56006404388763E+02 -0.41397876493741E+04  0.23464425691891E+04  0.65461030091592E+04  0.20167746642682E+05 -0.28376457774074E+04 -0.43461145241926E+04  0.16382227201269E+03 -0.87765135079661E+04 -0.43273799349324E+05  0.76694704660399E+01 -0.18321966086393E+02 -0.19623845732037E+02  0.42211501897369E+03  0.15175012248728E+04 -0.26726157050124E+03 -0.13624977393975E+03 -0.31034346008168E+04 -0.33948597821042E+04 -0.18787153830521E+04 -0.54126209074206E+04
   0.54181324456239E+05 -0.11739609864470E+05  0.23394669110411E+04  0.65068511043059E+05 -0.93855468328766E+04  0.15210661209991E+05  0.11832482393237E+05  0.58797067018881E+05 -0.30291495131564E+04 -0.33177573430515E+04  0.59336798586151E+03 -0.22306069026565E+03 -0.27465639517690E+02  0.10362030667820E+02  0.48576479691915E+04 -0.61039512119796E+03  0.41772381469161E+04  0.24060966471877E+04 -0.25819340780118E+06 -0.23092733664919E+00 -0.79595662196809E+04  0.29931852239173E+04  0.81919435975221E+04  0.31792454319018E+05 -0.25243673320632E+04 -0.39531038185991E+04  0.14247163922906E+03 -0.10083242269331E+05 -0.52600017285353E+05 -0.16414488176113E+03 -0.28505009272569E+03 -0.13728632411393E+02 -0.10270364649393E+04 -0.47747285775382E+04 -0.37317820300518E+03 -0.15764491634009E+03 -0.13058035820287E+04 -0.31950528493068E+04 -0.11624613629432E+04 -0.34620341305816E+04
   0.91114919237085E+06 -0.12075109006768E+06  0.29924270035079E+05  0.34238559077505E+06 -0.31883245300438E+05  0.10638914757255E+06  0.58797067018881E+05  0.49442676299955E+07 -0.23039626111421E+07 -0.84905493932263E+05  0.25815996886693E+05  0.26257931805121E+05  0.17588682078594E+04  0.99543930224498E+02  0.81663568639123E+05 -0.10356787274851E+05  0.81109342864289E+05  0.43861298257637E+05 -0.59124325255720E+06  0.37173389266771E+03 -0.26422525234239E+05  0.26544220249753E+05  0.84064487234521E+05  0.23405718412842E+06 -0.60336782786518E+05 -0.48391338033518E+05 -0.66904427878452E+05 -0.28077520711667E+06 -0.55501392921965E+06 -0.71986924649372E+05 -0.16148336036140E+06 -0.13354062090410E+04 -0.56101393051067E+04 -0.11025784954799E+05  0.94245090431505E+02  0.18329092996591E+03 -0.26172711859571E+06 -0.84775630684110E+04 -0.13707179146020E+06 -0.16985077690784E+06
  -0.17552985096655E+06  0.26344259988825E+05 -0.56183330631178E+04 -0.25031498368787E+05  0.31579754290931E+03 -0.95838225185388E+04 -0.30291495131564E+04 -0.23039626111421E+07  0.19257084740040E+07  0.18993303241797E+05 -0.65300016873984E+04 -0.56725992552580E+04 -0.31151349795760E+03 -0.13751870995923E+02  0.50405794599603E+05 -0.23744255024912E+04  0.16859894435859E+05  0.81831313908591E+04 -0.29632098995466E+05 -0.92274590064473E+02  0.68667697322777E+03 -0.53621059543977E+04 -0.18011403235724E+05 -0.45249488492873E+05  0.11454515545473E+05  0.10816204367450E+05  0.24272309854830E+05  0.65800048779982E+05  0.12585922214916E+06  0.23057271789127E+05  0.51826484576275E+05  0.18208018145046E+03  0.60730894727522E+03  0.12284317506555E+04 -0.12072762759958E+04 -0.67606261776851E+03  0.11189312198538E+06  0.15644151156585E+04  0.44432000266538E+05  0.54523962310419E+05
  -0.48697559012152E+05  0.74443508272800E+04 -0.18836034853955E+04 -0.18191047821373E+05  0.23714098517851E+04 -0.46598901371460E+04 -0.33177573430515E+04 -0.84905493932263E+05  0.18993303241797E+05  0.26356364162109E+04 -0.63953763516048E+03 -0.67812926395334E+03 -0.59638791404560E+02 -0.18833033420328E+01 -0.39583938878053E+04  0.47810140013215E+03 -0.34600321137220E+04 -0.19533415065237E+04  0.59456044372705E+05 -0.87377755463977E+01  0.23436735903548E+04 -0.12276570692693E+04 -0.36149963834716E+04 -0.11561979032816E+05  0.27345002214491E+04  0.18898133436637E+04  0.72802200514612E+03  0.10934889261969E+05  0.22811130793454E+05  0.15175690729493E+04  0.33367001048758E+04  0.43269750784866E+02  0.56949490600476E+03  0.10812540024064E+04  0.13417345637588E+03  0.59798861073113E+02  0.30896591586239E+04  0.43595091351625E+03  0.27945449283736E+04  0.35475547081504E+04
   0.74461726516225E+04 -0.93278686519853E+03  0.24862931302397E+03  0.33386651609134E+04 -0.33844295023034E+03  0.10177160067975E+04  0.59336798586151E+03  0.25815996886693E+05 -0.65300016873984E+04 -0.63953763516048E+03  0.18086524745285E+03  0.20081264315732E+03  0.14586938951879E+02  0.72606180234460E+00  0.12604637042648E+04 -0.13842670708440E+03  0.10525770710216E+04  0.57253006211928E+03 -0.67471986765020E+04  0.27409474603855E+01 -0.27061176727438E+03  0.20833536263009E+03  0.64629792069915E+03  0.18607625765910E+04 -0.48596209088123E+03 -0.36590092343583E+03 -0.34213487356110E+03 -0.20812718186795E+04 -0.41672100026244E+04 -0.44134035663337E+03 -0.99011748416023E+03 -0.11225122887173E+02 -0.48932709743926E+02 -0.95976766633391E+02 -0.15186128816294E+02 -0.71390570547732E+01 -0.11604122750225E+04 -0.68321018255304E+02 -0.83820403482605E+03 -0.10466858144574E+04
   0.15229543871877E+05 -0.12182262246382E+04  0.45659700386369E+03 -0.13577218316947E+04 -0.33222287496789E+02 -0.71583443230043E+03 -0.22306069026565E+03  0.26257931805121E+05 -0.56725992552580E+04 -0.67812926395334E+03  0.20081264315732E+03  0.16926104054953E+04  0.11095819454917E+03 -0.10619294533320E+01  0.14232721897507E+04 -0.19602557167657E+03  0.15139863404773E+04  0.86779226406906E+03 -0.67774808556733E+04 -0.49743703890221E+01 -0.10488672831988E+03 -0.13908851245669E+02  0.12120313390495E+03 -0.85451465459991E+03 -0.11336407736511E+04 -0.52359841288695E-10 -0.72858947108780E+03 -0.50623990489994E+04 -0.35659193964939E-09 -0.23986145405923E+04 -0.71704353822012E+02 -0.80173082879791E+02 -0.20920874987615E+00 -0.11953270717380E-09 -0.17761632900401E+01 -0.76344995223454E+00  0.29098688904408E+03  0.31153407519761E+03 -0.27597203176188E+04 -0.92703596120107E-10
   0.17174670996532E+04 -0.14201362094573E+03  0.59297900630466E+02 -0.15194500542343E+03  0.46878373182632E+01 -0.69157614311859E+02 -0.27465639517690E+02  0.17588682078594E+04 -0.31151349795760E+03 -0.59638791404560E+02  0.14586938951879E+02  0.11095819454917E+03  0.99576003462934E+01 -0.17633585829401E+00  0.77479837386785E+02 -0.12899338934244E+02  0.90803611094882E+02  0.56387674202161E+02 -0.32253667151740E+03 -0.42135956042611E+00  0.61032955652852E+01  0.39119643207255E+00  0.16907708656087E+02 -0.86640100866999E+02 -0.16723007871297E+03 -0.14186962800675E-12 -0.28213959028696E+02 -0.59463044828287E+03  0.34738884018392E-10 -0.14957997042674E+03 -0.18882216334191E+02 -0.64526772819312E+01 -0.15073994690625E+00 -0.57491854016321E-11 -0.18691786072388E+00 -0.72724051411479E-01  0.28956927810896E+02  0.69772135516356E+02 -0.19807368311502E+03 -0.11234558625849E-11
  -0.10978867513092E+03  0.13227067202118E+02 -0.47083370171055E+01  0.57105498808424E+02 -0.51040614957565E+01  0.19779793015647E+02  0.10362030667820E+02  0.99543930224498E+02 -0.13751870995923E+02 -0.18833033420328E+01  0.72606180234460E+00 -0.10619294533320E+01 -0.17633585829401E+00  0.53668140171553E-01  0.14872347094228E+02 -0.11440829006791E+01  0.92384721499903E+01  0.43782507399010E+01 -0.86464037804718E+02  0.25674664141398E-01 -0.42934634915349E+01  0.53108095678113E+00  0.13378984354421E+01  0.70440953159506E+01  0.70998023143218E-01 -0.35525323118203E-12 -0.62920557185877E+01 -0.84621055183610E+00  0.19906597730564E-12 -0.35046817790300E+01 -0.20026665435365E-04 -0.14574231952777E+00 -0.35477038613697E-13 -0.98796172681598E-13 -0.17807694741402E-02 -0.97814833434216E-03 -0.16396572999988E+01  0.59669852175411E-04 -0.33345518223730E+01 -0.54667595200795E-12
   0.78913153206865E+04  0.65431570579614E+03 -0.36012004915939E+03  0.30353637308945E+05 -0.25740931351511E+04  0.94398469215468E+04  0.48576479691915E+04  0.81663568639123E+05  0.50405794599603E+05 -0.39583938878053E+04  0.12604637042648E+04  0.14232721897507E+04  0.77479837386785E+02  0.14872347094228E+02  0.48730484201666E+05 -0.44563362430471E+04  0.34267647191048E+05  0.17860205794111E+05 -0.57133058734279E+05  0.21786217256598E+01  0.71757351350420E+03 -0.19527804757132E+03 -0.58174751393775E+03 -0.13460524559202E+04 -0.25836966306169E+04 -0.17005296721374E+04 -0.24520044228805E+04  0.19817749639705E+04  0.42106181228535E+04 -0.15049386288803E+04 -0.29555926976593E+04 -0.71501636337225E+03  0.23244267715859E+03  0.41585166074831E+03 -0.28107489500541E+04 -0.14977191198911E+04 -0.25056241854686E+04  0.18051100237069E+03 -0.83636752885050E+03 -0.94265908011461E+03
  -0.19436825224607E+04 -0.51253752278385E+02 -0.18611734857923E+01 -0.36625265626295E+04  0.31579470608037E+03 -0.11693260121592E+04 -0.61039512119796E+03 -0.10356787274851E+05 -0.23744255024912E+04  0.47810140013215E+03 -0.13842670708440E+03 -0.19602557167657E+03 -0.12899338934244E+02 -0.11440829006791E+01 -0.44563362430471E+04  0.47554788338227E+03 -0.35989242776643E+04 -0.19506745947838E+04  0.66677256417557E+04 -0.86279212509090E+00 -0.10508962396594E+03  0.20200031629982E+02  0.52272740489284E+02  0.13689393905970E+03  0.47547082347381E+03  0.29842752654882E+03  0.28037891920618E+03 -0.16084901668604E+03 -0.47344900906145E+03  0.15447093880622E+03  0.30232679683779E+03  0.78154465972433E+02 -0.62435566749529E+02 -0.11021651189596E+03  0.42494866196859E+03  0.21053015669773E+03 -0.28309523383453E+03 -0.32398570696908E+02  0.23911262501850E+03  0.26803298026715E+03
   0.10703433340719E+05  0.17137026287547E+03 -0.15256053244521E+03  0.26275703596017E+05 -0.21772983713309E+04  0.83203850343773E+04  0.41772381469161E+04  0.81109342864289E+05  0.16859894435859E+05 -0.34600321137220E+04  0.10525770710216E+04  0.15139863404773E+04  0.90803611094882E+02  0.92384721499903E+01  0.34267647191048E+05 -0.35989242776643E+04  0.27626024322307E+05  0.14840391524542E+05 -0.49538080672096E+05  0.12636365258632E+01  0.75488380106669E+03 -0.22863915299911E+03 -0.64453274990714E+03 -0.14514246414495E+04 -0.26297848602230E+04 -0.16902868656781E+04 -0.23939958906889E+04  0.20175645504664E+04  0.43641959620611E+04 -0.12292053972045E+04 -0.24232294885108E+04 -0.59496589885326E+03  0.89128134309379E+02  0.17220318946932E+03 -0.26082940143410E+04 -0.13966314600751E+04  0.13134138191516E+04  0.22279475262804E+03 -0.16275624175342E+04 -0.18096502232276E+04
   0.76368202962383E+04  0.95067696861196E+02 -0.12536022587596E+02  0.14737091793617E+05 -0.12384064090554E+04  0.47311737152273E+04  0.24060966471877E+04  0.43861298257637E+05  0.81831313908591E+04 -0.19533415065237E+04  0.57253006211928E+03  0.86779226406906E+03  0.56387674202161E+02  0.43782507399010E+01  0.17860205794111E+05 -0.19506745947838E+04  0.14840391524542E+05  0.80769979433362E+04 -0.27597342516337E+05  0.20335329754114E+01  0.45644180913461E+03 -0.12153005200245E+03 -0.32104710265668E+03 -0.75324229545583E+03 -0.18269756029285E+04 -0.11440140764350E+04 -0.12048920103173E+04  0.93873889780897E+03  0.23788887264503E+04 -0.62407394602538E+03 -0.12310811603194E+04 -0.32747910510358E+03  0.11252186572269E+03  0.20788672063606E+03 -0.16718238552674E+04 -0.86069935842428E+03  0.14077404623332E+04  0.15417984166230E+03 -0.11199685931643E+04 -0.12459972942405E+04
  -0.78943195170914E+07  0.26920500214714E+07 -0.36401277013313E+06 -0.23321653732874E+07  0.50616819767800E+06 -0.58732800924033E+05 -0.25819340780118E+06 -0.59124325255720E+06 -0.29632098995466E+05  0.59456044372705E+05 -0.67471986765020E+04 -0.67774808556733E+04 -0.32253667151740E+03 -0.86464037804718E+02 -0.57133058734279E+05  0.66677256417557E+04 -0.49538080672096E+05 -0.27597342516337E+05  0.36131313623094E+08  0.68833046845098E+04  0.66905822300032E+06 -0.16661684743578E+06 -0.49147468286990E+06 -0.24667542954698E+07  0.35617768751705E+05  0.79085568924896E+05 -0.12771922871333E+04  0.59022174287698E+06  0.28789946073526E+07  0.18201114966891E+05  0.32911207770066E+05  0.23352264827912E+03  0.19191292364229E+06  0.83856102961577E+06  0.25801562797511E+05  0.81385353733551E+04 -0.19649216821885E+05  0.46275168984253E+05  0.21497755509216E+05  0.66209097716605E+05
  -0.14271681200434E+04  0.57163504062121E+03 -0.67529477078655E+02 -0.21581869817473E+03  0.66657013364651E+02  0.56006404388763E+02 -0.23092733664919E+00  0.37173389266771E+03 -0.92274590064473E+02 -0.87377755463977E+01  0.27409474603855E+01 -0.49743703890221E+01 -0.42135956042611E+00  0.25674664141398E-01  0.21786217256598E+01 -0.86279212509090E+00  0.12636365258632E+01  0.20335329754114E+01  0.68833046845098E+04  0.24043511463247E+01  0.13558097946572E+03 -0.27425362122357E+02 -0.81462942970169E+02 -0.48475249597778E+03  0.00000000000000E+00 -0.25408576362791E+02  0.00000000000000E+00  0.00000000000000E+00  0.42270315382327E+03  0.00000000000000E+00 -0.73934670871579E+01  0.00000000000000E+00  0.00000000000000E+00  0.21978648610896E+03  0.00000000000000E+00  0.00000000000000E+00  0.00000000000000E+00  0.11477102080701E+02  0.00000000000000E+00 -0.26797519788510E+02
  -0.20200971229042E+06  0.57320224751378E+05 -0.90932252304434E+04 -0.58564856403488E+05  0.12041622024036E+05 -0.41397876493741E+04 -0.79595662196809E+04 -0.26422525234239E+05  0.68667697322777E+03  0.23436735903548E+04 -0.27061176727438E+03 -0.10488672831988E+03  0.61032955652852E+01 -0.42934634915349E+01  0.71757351350420E+03 -0.10508962396594E+03  0.75488380106669E+03  0.45644180913461E+03  0.66905822300032E+06  0.13558097946572E+03  0.23661414689821E+05 -0.70305115641444E+04 -0.19224991097227E+05 -0.90322982947565E+05  0.00000000000000E+00  0.48117042629248E+04  0.00000000000000E+00  0.00000000000000E+00  0.10949389162224E+06  0.00000000000000E+00 -0.10880139698809E+04  0.00000000000000E+00  0.00000000000000E+00  0.21797394866139E+05  0.00000000000000E+00  0.00000000000000E+00  0.00000000000000E+00 -0.40044047915122E+04  0.00000000000000E+00  0.39546694277861E+04
   0.54935305584477E+05 -0.12099594834556E+05  0.23822613178491E+04  0.19439663323433E+05 -0.36296337954001E+04  0.23464425691891E+04  0.29931852239173E+04  0.26544220249753E+05 -0.53621059543977E+04 -0.12276570692693E+04  0.20833536263009E+03 -0.13908851245669E+02  0.39119643207255E+00  0.53108095678113E+00 -0.19527804757132E+03  0.20200031629982E+02 -0.22863915299911E+03 -0.12153005200245E+03 -0.16661684743578E+06 -0.27425362122357E+02 -0.70305115641444E+04  0.25712562833420E+04  0.68591655971562E+04  0.29733089384564E+05 -0.48426865436016E+02 -0.20212393719253E+04  0.37039250595117E+01  0.58266012980134E+03 -0.40062088360774E+05  0.00000000000000E+00 -0.15643745820793E+03  0.00000000000000E+00  0.21546167731846E+04 -0.46948017627989E+04  0.00000000000000E+00  0.00000000000000E+00  0.00000000000000E+00  0.14461037250383E+04 -0.33992445322722E+03 -0.26554492763840E+04
   0.17133773620145E+06 -0.40703265935291E+05  0.74260786337006E+04  0.53926561754357E+05 -0.10006499490904E+05  0.65461030091592E+04  0.81919435975221E+04  0.84064487234521E+05 -0.18011403235724E+05 -0.36149963834716E+04  0.64629792069915E+03  0.12120313390495E+03  0.16907708656087E+02  0.13378984354421E+01 -0.58174751393775E+03  0.52272740489284E+02 -0.64453274990714E+03 -0.32104710265668E+03 -0.49147468286990E+06 -0.81462942970169E+02 -0.19224991097227E+05  0.68591655971562E+04  0.18854598291176E+05  0.80345318294335E+05 -0.16061082305691E+03 -0.50437309053149E+04 -0.30920428811939E+02 -0.63024445487282E+04 -0.11051598647227E+06  0.00000000000000E+00 -0.38739230315061E+03  0.00000000000000E+00  0.32046613774749E+04 -0.14414387645747E+05  0.00000000000000E+00  0.00000000000000E+00  0.00000000000000E+00  0.36022539474192E+04 -0.19836127175686E+04 -0.77575244376769E+04
   0.70630232540222E+06 -0.19282866005424E+06  0.31463369385074E+05  0.22811000098840E+06 -0.44972964761417E+05  0.20167746642682E+05  0.31792454319018E+05  0.23405718412842E+06 -0.45249488492873E+05 -0.11561979032816E+05  0.18607625765910E+04 -0.85451465459991E+03 -0.86640100866999E+02  0.70440953159506E+01 -0.13460524559202E+04  0.13689393905970E+03 -0.14514246414495E+04 -0.75324229545583E+03 -0.24667542954698E+07 -0.48475249597778E+03 -0.90322982947565E+05  0.29733089384564E+05  0.80345318294335E+05  0.37493691943626E+06  0.25038027348533E+03 -0.25991636133603E+05 -0.55231751826954E+01  0.38468904521725E+05 -0.46201882662553E+06  0.00000000000000E+00 -0.20499379517081E+04  0.00000000000000E+00  0.16557237474466E+05 -0.75757643506469E+05  0.00000000000000E+00  0.00000000000000E+00  0.00000000000000E+00  0.19199568022225E+05  0.15542699308393E+04 -0.28528284792111E+05
  -0.12824571773496E+06  0.16632897053109E+05 -0.52602310197170E+04 -0.12772246705989E+05  0.19975717741308E+04 -0.28376457774074E+04 -0.25243673320632E+04 -0.60336782786518E+05  0.11454515545473E+05  0.27345002214491E+04 -0.48596209088123E+03 -0.11336407736511E+04 -0.16723007871297E+03  0.70998023143218E-01 -0.25836966306169E+04  0.47547082347381E+03 -0.26297848602230E+04 -0.18269756029285E+04  0.35617768751705E+05  0.00000000000000E+00  0.00000000000000E+00 -0.48426865436016E+02 -0.16061082305691E+03  0.25038027348533E+03  0.11629217391117E+06  0.00000000000000E+00  0.00000000000000E+00  0.00000000000000E+00  0.00000000000000E+00  0.00000000000000E+00  0.00000000000000E+00  0.00000000000000E+00  0.00000000000000E+00  0.00000000000000E+00  0.00000000000000E+00  0.00000000000000E+00  0.00000000000000E+00  0.00000000000000E+00  0.00000000000000E+00  0.00000000000000E+00
  -0.54436198319047E+05  0.82258650557850E+04 -0.22424030440819E+04 -0.21147642995448E+05  0.33611982147535E+04 -0.43461145241926E+04 -0.39531038185991E+04 -0.48391338033518E+05  0.10816204367450E+05  0.18898133436637E+04 -0.36590092343583E+03 -0.52359841288695E-10 -0.14186962800675E-12 -0.35525323118203E-12 -0.17005296721374E+04  0.29842752654882E+03 -0.16902868656781E+04 -0.11440140764350E+04  0.79085568924896E+05 -0.25408576362791E+02  0.48117042629248E+04 -0.20212393719253E+04 -0.50437309053149E+04 -0.25991636133603E+05  0.00000000000000E+00  0.64601328341133E+05  0.00000000000000E+00  0.00000000000000E+00  0.00000000000000E+00  0.00000000000000E+00  0.00000000000000E+00  0.00000000000000E+00  0.00000000000000E+00  0.00000000000000E+00  0.00000000000000E+00  0.00000000000000E+00  0.00000000000000E+00  0.00000000000000E+00  0.00000000000000E+00  0.00000000000000E+00
  -0.45614630878490E+04 -0.23077774469263E+03  0.42302045742315E+02 -0.46578808071248E+02 -0.58032517482589E+02  0.16382227201269E+03  0.14247163922906E+03 -0.66904427878452E+05  0.24272309854830E+05  0.72802200514612E+03 -0.34213487356110E+03 -0.72858947108780E+03 -0.28213959028696E+02 -0.62920557185877E+01 -0.24520044228805E+04  0.28037891920618E+03 -0.23939958906889E+04 -0.12048920103173E+04 -0.12771922871333E+04  0.00000000000000E+00  0.00000000000000E+00  0.37039250595117E+01 -0.30920428811939E+02 -0.55231751826954E+01  0.00000000000000E+00  0.00000000000000E+00  0.30660321854659E+05  0.00000000000000E+00  0.00000000000000E+00  0.00000000000000E+00  0.00000000000000E+00  0.00000000000000E+00  0.00000000000000E+00  0.00000000000000E+00  0.00000000000000E+00  0.00000000000000E+00  0.00000000000000E+00  0.00000000000000E+00  0.00000000000000E+00  0.00000000000000E+00
  -0.84451729774581E+06  0.20936333477272E+06 -0.36588163572519E+05 -0.65685265114919E+05  0.11826687597484E+05 -0.87765135079661E+04 -0.10083242269331E+05 -0.28077520711667E+06  0.65800048779982E+05  0.10934889261969E+05 -0.20812718186795E+04 -0.50623990489994E+04 -0.59463044828287E+03 -0.84621055183610E+00  0.19817749639705E+04 -0.16084901668604E+03  0.20175645504664E+04  0.93873889780897E+03  0.59022174287698E+06  0.00000000000000E+00  0.00000000000000E+00  0.58266012980134E+03 -0.63024445487282E+04  0.38468904521725E+05  0.00000000000000E+00  0.00000000000000E+00  0.00000000000000E+00  0.57733509708783E+06  0.00000000000000E+00  0.00000000000000E+00  0.00000000000000E+00  0.00000000000000E+00  0.00000000000000E+00  0.00000000000000E+00  0.00000000000000E+00  0.00000000000000E+00  0.00000000000000E+00  0.00000000000000E+00  0.00000000000000E+00  0.00000000000000E+00
  -0.10943513204623E+07  0.26396570658799E+06 -0.47590702559175E+05 -0.34044100494715E+06  0.62445370192679E+05 -0.43273799349324E+05 -0.52600017285353E+05 -0.55501392921965E+06  0.12585922214916E+06  0.22811130793454E+05 -0.41672100026244E+04 -0.35659193964939E-09  0.34738884018392E-10  0.19906597730564E-12  0.42106181228535E+04 -0.47344900906145E+03  0.43641959620611E+04  0.23788887264503E+04  0.28789946073526E+07  0.42270315382327E+03  0.10949389162224E+06 -0.40062088360774E+05 -0.11051598647227E+06 -0.46201882662553E+06  0.00000000000000E+00  0.00000000000000E+00  0.00000000000000E+00  0.00000000000000E+00  0.91729903230423E+06  0.00000000000000E+00  0.00000000000000E+00  0.00000000000000E+00  0.00000000000000E+00  0.00000000000000E+00  0.00000000000000E+00  0.00000000000000E+00  0.00000000000000E+00  0.00000000000000E+00  0.00000000000000E+00  0.00000000000000E+00
  -0.20649297925251E+05  0.57820637608881E+04 -0.93513052068923E+03 -0.13874979036691E+04  0.32944868584563E+03  0.76694704660399E+01 -0.16414488176113E+03 -0.71986924649372E+05  0.23057271789127E+05  0.15175690729493E+04 -0.44134035663337E+03 -0.23986145405923E+04 -0.14957997042674E+03 -0.35046817790300E+01 -0.15049386288803E+04  0.15447093880622E+03 -0.12292053972045E+04 -0.62407394602538E+03  0.18201114966891E+05  0.00000000000000E+00  0.00000000000000E+00  0.00000000000000E+00  0.00000000000000E+00  0.00000000000000E+00  0.00000000000000E+00  0.00000000000000E+00  0.00000000000000E+00  0.00000000000000E+00  0.00000000000000E+00  0.14600942993557E+05  0.00000000000000E+00  0.00000000000000E+00  0.00000000000000E+00  0.00000000000000E+00  0.00000000000000E+00  0.00000000000000E+00  0.00000000000000E+00  0.00000000000000E+00  0.00000000000000E+00  0.00000000000000E+00
  -0.46669084145884E+05  0.13224378190453E+05 -0.21224443470356E+04 -0.24848812089743E+04  0.57000381336913E+03 -0.18321966086393E+02 -0.28505009272569E+03 -0.16148336036140E+06  0.51826484576275E+05  0.33367001048758E+04 -0.99011748416023E+03 -0.71704353822012E+02 -0.18882216334191E+02 -0.20026665435365E-04 -0.29555926976593E+04  0.30232679683779E+03 -0.24232294885108E+04 -0.12310811603194E+04  0.32911207770066E+05 -0.73934670871579E+01 -0.10880139698809E+04 -0.15643745820793E+03 -0.38739230315061E+03 -0.20499379517081E+04  0.00000000000000E+00  0.00000000000000E+00  0.00000000000000E+00  0.00000000000000E+00  0.00000000000000E+00  0.00000000000000E+00  0.31753001793699E+05  0.00000000000000E+00  0.00000000000000E+00  0.00000000000000E+00  0.00000000000000E+00  0.00000000000000E+00  0.00000000000000E+00  0.00000000000000E+00  0.00000000000000E+00  0.00000000000000E+00
  -0.31077836673033E+04  0.42078263651249E+03 -0.11277484483313E+03 -0.72613959726930E+02  0.93180571784885E+01 -0.19623845732037E+02 -0.13728632411393E+02 -0.13354062090410E+04  0.18208018145046E+03  0.43269750784866E+02 -0.11225122887173E+02 -0.80173082879791E+02 -0.64526772819312E+01 -0.14574231952777E+00 -0.71501636337225E+03  0.78154465972433E+02 -0.59496589885326E+03 -0.32747910510358E+03  0.23352264827912E+03  0.00000000000000E+00  0.00000000000000E+00  0.00000000000000E+00  0.00000000000000E+00  0.00000000000000E+00  0.00000000000000E+00  0.00000000000000E+00  0.00000000000000E+00  0.00000000000000E+00  0.00000000000000E+00  0.00000000000000E+00  0.00000000000000E+00  0.37870354112200E+04  0.00000000000000E+00  0.00000000000000E+00  0.00000000000000E+00  0.00000000000000E+00  0.00000000000000E+00  0.00000000000000E+00  0.00000000000000E+00  0.00000000000000E+00
  -0.19968624480135E+06  0.63493819920753E+05 -0.92309087397269E+04 -0.11699635940742E+05  0.29243518249499E+04  0.42211501897369E+03 -0.10270364649393E+04 -0.56101393051067E+04  0.60730894727522E+03  0.56949490600476E+03 -0.48932709743926E+02 -0.20920874987615E+00 -0.15073994690625E+00 -0.35477038613697E-13  0.23244267715859E+03 -0.62435566749529E+02  0.89128134309379E+02  0.11252186572269E+03  0.19191292364229E+06  0.00000000000000E+00  0.00000000000000E+00  0.21546167731846E+04  0.32046613774749E+04  0.16557237474466E+05  0.00000000000000E+00  0.00000000000000E+00  0.00000000000000E+00  0.00000000000000E+00  0.00000000000000E+00  0.00000000000000E+00  0.00000000000000E+00  0.00000000000000E+00  0.10537667837389E+06  0.00000000000000E+00  0.00000000000000E+00  0.00000000000000E+00  0.00000000000000E+00  0.00000000000000E+00  0.00000000000000E+00  0.00000000000000E+00
  -0.22581879073601E+06  0.71239678782953E+05 -0.10411343991010E+05 -0.52495832613913E+05  0.12919887861334E+05  0.15175012248728E+04 -0.47747285775382E+04 -0.11025784954799E+05  0.12284317506555E+04  0.10812540024064E+04 -0.95976766633391E+02 -0.11953270717380E-09 -0.57491854016321E-11 -0.98796172681598E-13  0.41585166074831E+03 -0.11021651189596E+03  0.17220318946932E+03  0.20788672063606E+03  0.83856102961577E+06  0.21978648610896E+03  0.21797394866139E+05 -0.46948017627989E+04 -0.14414387645747E+05 -0.75757643506469E+05  0.00000000000000E+00  0.00000000000000E+00  0.00000000000000E+00  0.00000000000000E+00  0.00000000000000E+00  0.00000000000000E+00  0.00000000000000E+00  0.00000000000000E+00  0.00000000000000E+00  0.13850324188141E+06  0.00000000000000E+00  0.00000000000000E+00  0.00000000000000E+00  0.00000000000000E+00  0.00000000000000E+00  0.00000000000000E+00
  -0.91633435180325E+04  0.24655605271888E+04 -0.40734066230062E+03 -0.25090921174610E+04  0.47661239293861E+03 -0.26726157050124E+03 -0.37317820300518E+03  0.94245090431505E+02 -0.12072762759958E+04  0.13417345637588E+03 -0.15186128816294E+02 -0.17761632900401E+01 -0.18691786072388E+00 -0.17807694741402E-02 -0.28107489500541E+04  0.42494866196859E+03 -0.26082940143410E+04 -0.16718238552674E+04  0.25801562797511E+05  0.00000000000000E+00  0.00000000000000E+00  0.00000000000000E+00  0.00000000000000E+00  0.00000000000000E+00  0.00000000000000E+00  0.00000000000000E+00  0.00000000000000E+00  0.00000000000000E+00  0.00000000000000E+00  0.00000000000000E+00  0.00000000000000E+00  0.00000000000000E+00  0.00000000000000E+00  0.00000000000000E+00  0.83157308840769E+04  0.00000000000000E+00  0.00000000000000E+00  0.00000000000000E+00  0.00000000000000E+00  0.00000000000000E+00
  -0.32421322244649E+04  0.78234952737376E+03 -0.14199256852846E+03 -0.97762877481481E+03  0.17688643477879E+03 -0.13624977393975E+03 -0.15764491634009E+03  0.18329092996591E+03 -0.67606261776851E+03  0.59798861073113E+02 -0.71390570547732E+01 -0.76344995223454E+00 -0.72724051411479E-01 -0.97814833434216E-03 -0.14977191198911E+04  0.21053015669773E+03 -0.13966314600751E+04 -0.86069935842428E+03  0.81385353733551E+04  0.00000000000000E+00  0.00000000000000E+00  0.00000000000000E+00  0.00000000000000E+00  0.00000000000000E+00  0.00000000000000E+00  0.00000000000000E+00  0.00000000000000E+00  0.00000000000000E+00  0.00000000000000E+00  0.00000000000000E+00  0.00000000000000E+00  0.00000000000000E+00  0.00000000000000E+00  0.00000000000000E+00  0.00000000000000E+00  0.42595158167759E+04  0.00000000000000E+00  0.00000000000000E+00  0.00000000000000E+00  0.00000000000000E+00
  -0.15700050463794E+05 -0.23323294545457E+04  0.16414111458130E+02 -0.94367452422749E+04  0.33847754998903E+03 -0.31034346008168E+04 -0.13058035820287E+04 -0.26172711859571E+06  0.11189312198538E+06  0.30896591586239E+04 -0.11604122750225E+04  0.29098688904408E+03  0.28956927810896E+02 -0.16396572999988E+01 -0.25056241854686E+04 -0.28309523383453E+03  0.13134138191516E+04  0.14077404623332E+04 -0.19649216821885E+05  0.00000000000000E+00  0.00000000000000E+00  0.00000000000000E+00  0.00000000000000E+00  0.00000000000000E+00  0.00000000000000E+00  0.00000000000000E+00  0.00000000000000E+00  0.00000000000000E+00  0.00000000000000E+00  0.00000000000000E+00  0.00000000000000E+00  0.00000000000000E+00  0.00000000000000E+00  0.00000000000000E+00  0.00000000000000E+00  0.00000000000000E+00  0.12418912576599E+06  0.00000000000000E+00  0.00000000000000E+00  0.00000000000000E+00
   0.16717692416497E+05 -0.22407525301509E+04  0.68803302618806E+03 -0.15702244058399E+05  0.24943253244981E+04 -0.33948597821042E+04 -0.31950528493068E+04 -0.84775630684110E+04  0.15644151156585E+04  0.43595091351625E+03 -0.68321018255304E+02  0.31153407519761E+03  0.69772135516356E+02  0.59669852175411E-04  0.18051100237069E+03 -0.32398570696908E+02  0.22279475262804E+03  0.15417984166230E+03  0.46275168984253E+05  0.11477102080701E+02 -0.40044047915122E+04  0.14461037250383E+04  0.36022539474192E+04  0.19199568022225E+05  0.00000000000000E+00  0.00000000000000E+00  0.00000000000000E+00  0.00000000000000E+00  0.00000000000000E+00  0.00000000000000E+00  0.00000000000000E+00  0.00000000000000E+00  0.00000000000000E+00  0.00000000000000E+00  0.00000000000000E+00  0.00000000000000E+00  0.00000000000000E+00  0.39306860832168E+05  0.00000000000000E+00  0.00000000000000E+00
  -0.71450742041747E+05  0.85684278673537E+04 -0.24485587564168E+04 -0.71737680678417E+04  0.81418996865809E+03 -0.18787153830521E+04 -0.11624613629432E+04 -0.13707179146020E+06  0.44432000266538E+05  0.27945449283736E+04 -0.83820403482605E+03 -0.27597203176188E+04 -0.19807368311502E+03 -0.33345518223730E+01 -0.83636752885050E+03  0.23911262501850E+03 -0.16275624175342E+04 -0.11199685931643E+04  0.21497755509216E+05  0.00000000000000E+00  0.00000000000000E+00 -0.33992445322722E+03 -0.19836127175686E+04  0.15542699308393E+04  0.00000000000000E+00  0.00000000000000E+00  0.00000000000000E+00  0.00000000000000E+00  0.00000000000000E+00  0.00000000000000E+00  0.00000000000000E+00  0.00000000000000E+00  0.00000000000000E+00  0.00000000000000E+00  0.00000000000000E+00  0.00000000000000E+00  0.00000000000000E+00  0.00000000000000E+00  0.94903413586572E+05  0.00000000000000E+00
  -0.56402824575097E+05  0.71937803234749E+04 -0.19839416231820E+04 -0.21240000231137E+05  0.25024332579906E+04 -0.54126209074206E+04 -0.34620341305816E+04 -0.16985077690784E+06  0.54523962310419E+05  0.35475547081504E+04 -0.10466858144574E+04 -0.92703596120107E-10 -0.11234558625849E-11 -0.54667595200795E-12 -0.94265908011461E+03  0.26803298026715E+03 -0.18096502232276E+04 -0.12459972942405E+04  0.66209097716605E+05 -0.26797519788510E+02  0.39546694277861E+04 -0.26554492763840E+04 -0.77575244376769E+04 -0.28528284792111E+05  0.00000000000000E+00  0.00000000000000E+00  0.00000000000000E+00  0.00000000000000E+00  0.00000000000000E+00  0.00000000000000E+00  0.00000000000000E+00  0.00000000000000E+00  0.00000000000000E+00  0.00000000000000E+00  0.00000000000000E+00  0.00000000000000E+00  0.00000000000000E+00  0.00000000000000E+00  0.00000000000000E+00  0.99588681709227E+05

 # Covariance matrix (Bevington epsilon)
