 Correlated errors added in quadrature with statistical errors
 jl00106F2p           DIS data with   1.69< Q2 < 0.500D+03 and 0.000 < xB < 1.000 and   3.00< W2 < 0.100D+04 and 0.000 < y < 1.000
   GP TMC applied
   HT corrections, multiplicative C=C(xB)
 Correlated errors added in quadrature with statistical errors
 jl00106F2d           DIS data with   1.69< Q2 < 0.500D+03 and 0.000 < xB < 1.000 and   3.00< W2 < 0.100D+04 and 0.000 < y < 1.000
   WBArel smearing  (AV18) - KP-like (baryon conserv.)0 nuke corrections
   GP TMC applied
   HT corrections, multiplicative C=C(xB)
 Correlated errors added in quadrature with statistical errors
 HerF2pCut            DIS data with   1.69< Q2 < 0.500D+03 and 0.000 < xB < 1.000 and   3.00< W2 < 0.100D+04 and 0.000 < y < 1.000
   GP TMC applied
   HT corrections, multiplicative C=C(xB)
 Correlated errors added in quadrature with statistical errors
 HerF2dCut            DIS data with   1.69< Q2 < 0.500D+03 and 0.000 < xB < 1.000 and   3.00< W2 < 0.100D+04 and 0.000 < y < 1.000
   WBArel smearing  (AV18) - KP-like (baryon conserv.)0 nuke corrections
   GP TMC applied
   HT corrections, multiplicative C=C(xB)
 Correlated errors added in quadrature with statistical errors
 slac_p               DIS data with   1.69< Q2 < 0.500D+03 and 0.000 < xB < 1.000 and   3.00< W2 < 0.100D+04 and 0.000 < y < 1.000
   GP TMC applied
   HT corrections, multiplicative C=C(xB)
 Correlated errors added in quadrature with statistical errors
 slac_d               DIS data with   1.69< Q2 < 0.500D+03 and 0.000 < xB < 1.000 and   3.00< W2 < 0.100D+04 and 0.000 < y < 1.000
   WBArel smearing  (AV18) - KP-like (baryon conserv.)0 nuke corrections
   GP TMC applied
   HT corrections, multiplicative C=C(xB)
 Correlated errors treated separately from statistical errors
 BcdF2pCor            DIS data with   1.69< Q2 < 0.500D+03 and 0.000 < xB < 1.000 and   3.00< W2 < 0.100D+04 and 0.000 < y < 1.000
   GP TMC applied
   HT corrections, multiplicative C=C(xB)
 Correlated errors treated separately from statistical errors
 BcdF2dCor            DIS data with   1.69< Q2 < 0.500D+03 and 0.000 < xB < 1.000 and   3.00< W2 < 0.100D+04 and 0.000 < y < 1.000
   WBArel smearing  (AV18) - KP-like (baryon conserv.)0 nuke corrections
   GP TMC applied
   HT corrections, multiplicative C=C(xB)
 Correlated errors treated separately from statistical errors
 NmcF2pCor            DIS data with   1.69< Q2 < 0.500D+03 and 0.000 < xB < 1.000 and   3.00< W2 < 0.100D+04 and 0.000 < y < 1.000
   GP TMC applied
   HT corrections, multiplicative C=C(xB)
 Correlated errors treated separately from statistical errors
 NmcRatCor            DIS data with   1.69< Q2 < 0.500D+03 and 0.000 < xB < 1.000 and   3.00< W2 < 0.100D+04 and 0.000 < y < 1.000
   WBArel smearing  (AV18) - KP-like (baryon conserv.)0 nuke corrections
   GP TMC applied
   HT corrections, multiplicative C=C(xB)
 Correlated errors treated separately from statistical errors
 H2_NC_em             DIS data with   1.69< Q2 < 0.100D+06 and 0.000 < xB < 1.000 and   3.00< W2 < 0.100D+08 and 0.000 < y < 1.000
   GP TMC applied
   HT corrections, multiplicative C=C(xB)
 Correlated errors treated separately from statistical errors
 H2_NC_ep_1           DIS data with   1.69< Q2 < 0.100D+06 and 0.000 < xB < 1.000 and   3.00< W2 < 0.100D+08 and 0.000 < y < 1.000
   GP TMC applied
   HT corrections, multiplicative C=C(xB)
 Correlated errors treated separately from statistical errors
 H2_NC_ep_2           DIS data with   1.69< Q2 < 0.100D+06 and 0.000 < xB < 1.000 and   3.00< W2 < 0.100D+08 and 0.000 < y < 1.000
   GP TMC applied
   HT corrections, multiplicative C=C(xB)
 Correlated errors treated separately from statistical errors
 H2_NC_ep_3           DIS data with   1.69< Q2 < 0.100D+06 and 0.000 < xB < 1.000 and   3.00< W2 < 0.100D+08 and 0.000 < y < 1.000
   GP TMC applied
   HT corrections, multiplicative C=C(xB)
 Correlated errors treated separately from statistical errors
 H2_NC_ep_4           DIS data with   1.69< Q2 < 0.100D+06 and 0.000 < xB < 1.000 and   3.00< W2 < 0.100D+08 and 0.000 < y < 1.000
   GP TMC applied
   HT corrections, multiplicative C=C(xB)
 Correlated errors treated separately from statistical errors
 H2_CC_em             DIS data with   1.69< Q2 < 0.100D+06 and 0.000 < xB < 1.000 and   3.00< W2 < 0.100D+08 and 0.000 < y < 1.000
   GP TMC applied
   HT corrections, multiplicative C=C(xB)
 Correlated errors treated separately from statistical errors
 H2_CC_ep             DIS data with   1.69< Q2 < 0.100D+06 and 0.000 < xB < 1.000 and   3.00< W2 < 0.100D+08 and 0.000 < y < 1.000
   GP TMC applied
   HT corrections, multiplicative C=C(xB)
 Correlated errors added in quadrature with statistical errors
 BNS_F2nd             DIS data with   1.69< Q2 < 0.100D+06 and 0.000 < xB < 1.000 and   3.00< W2 < 0.100D+08 and 0.000 < y < 1.000
   WBArel smearing  (AV18) - KP-like (baryon conserv.)0 nuke corrections
   GP TMC applied
   HT corrections, multiplicative C=C(xB)
 Correlated errors added in quadrature with statistical errors
 e866pp06xf           vector boson data with Q2 >=  36.00
 Correlated errors added in quadrature with statistical errors
 e866pd06xf           vector boson data with Q2 >=  36.00
 Correlated errors added in quadrature with statistical errors
 cdfLasy05            vector boson data with Q2 >=   0.00
 Correlated errors added in quadrature with statistical errors
 d0Lasy_e15           vector boson data with Q2 >=   0.00
 Correlated errors added in quadrature with statistical errors
 d0Lasy13             vector boson data with Q2 >=   0.00
 Correlated errors added in quadrature with statistical errors
 CDF_Wasy             vector boson data with Q2 >=   0.00
 Correlated errors added in quadrature with statistical errors
 D0_Wasy              vector boson data with Q2 >=   0.00
 Correlated errors added in quadrature with statistical errors
 CDF_Z                vector boson data with Q2 >=   0.00
 Correlated errors added in quadrature with statistical errors
 D0_Z                 vector boson data with Q2 >=   0.00
 Correlated errors added in quadrature with statistical errors
 d0run2cone          Jet data - errors added in quadrature
 Correlated errors added in quadrature with statistical errors
 CDFrun2jet          Jet data - errors added in quadrature
 Correlated errors added in quadrature with statistical errors
 d0_gamjet1           Photon data -- cuts to be written yet ...
 Correlated errors added in quadrature with statistical errors
 d0_gamjet2           Photon data -- cuts to be written yet ...
 Correlated errors added in quadrature with statistical errors
 d0_gamjet3           Photon data -- cuts to be written yet ...
 Correlated errors added in quadrature with statistical errors
 d0_gamjet4           Photon data -- cuts to be written yet ...

# fitpack15: fit output
# CJ15 AV18 final data choices                                                 

Parametrization   7 used here

 S-ACOT scheme used  for NC DIS

 charm mass =     1.30 GeV     bottom mass =     4.50 GeV



 THIS IS A NEXT TO LEADING ORDER FIT

 Q02=    1.69
         1  LAMBDA      VALUE=   0.22680      WEIGHT=    0.0000    
         2  a0uv        VALUE=    2.3863      WEIGHT=    0.0000    
         3  a1uv        VALUE=   0.61349      WEIGHT=   0.19856E-01
         4  a2uv        VALUE=    3.5449      WEIGHT=   0.12414E-01
         5  a3uv        VALUE=    0.0000      WEIGHT=    0.0000    
         6  a4uv        VALUE=    3.5076      WEIGHT=   0.42903    
         7  a5uv        VALUE=    0.0000      WEIGHT=    0.0000    
         8  a0dv        VALUE=    25.509      WEIGHT=    0.0000    
         9  a1dv        VALUE=    1.1657      WEIGHT=   0.33533E-01
        10  a2dv        VALUE=    6.6000      WEIGHT=   0.15936    
        11  a3dv        VALUE=   -3.5322      WEIGHT=   0.86332E-01
        12  a4dv        VALUE=    4.7195      WEIGHT=   0.14209    
        13  a5dv        VALUE=    0.0000      WEIGHT=    0.0000    
        14  a0ud        VALUE=   0.14516      WEIGHT=   0.50348E-02
        15  a1ud        VALUE=  -0.20914      WEIGHT=   0.37551E-02
        16  a2ud        VALUE=    8.3258      WEIGHT=   0.19114    
        17  a3ud        VALUE=    0.0000      WEIGHT=    0.0000    
        18  a4ud        VALUE=    14.760      WEIGHT=    1.2151    
        19  a5ud        VALUE=    0.0000      WEIGHT=    0.0000    
        20  a0du        VALUE=    35712.      WEIGHT=    0.0000    
        21  a1du        VALUE=    4.0332      WEIGHT=   0.74070E-01
        22  a2du        VALUE=    19.964      WEIGHT=   0.87862    
        23  a3du        VALUE=    17.000      WEIGHT=    0.0000    
        24  a4du        VALUE=    51.104      WEIGHT=    10.239    
        25  a0g         VALUE=    54.675      WEIGHT=    0.0000    
        26  a1g         VALUE=   0.63960      WEIGHT=   0.31164E-01
        27  a2g         VALUE=    7.8020      WEIGHT=   0.96748    
        28  a3g         VALUE=   -3.3915      WEIGHT=   0.13418    
        29  a4g         VALUE=    3.5539      WEIGHT=   0.31376    
        30  a5g         VALUE=    0.0000      WEIGHT=    0.0000    
        31  kappa       VALUE=   0.40000      WEIGHT=    0.0000    
        32  a6dv        VALUE=  -0.36958E-02  WEIGHT=   0.66324E-03
        33  a7dv        VALUE=    2.0000      WEIGHT=    0.0000    
        34  off1        VALUE=   -3.6884      WEIGHT=    1.5278    
        35  off2        VALUE=   0.58969E-01  WEIGHT=   0.14842E-01
        36  ht1         VALUE=   -3.3038      WEIGHT=   0.26061    
        37  ht2         VALUE=    1.9412      WEIGHT=   0.10524    
        38  ht3         VALUE=   -2.0709      WEIGHT=   0.19888E-01
        39  ht4         VALUE=    0.0000      WEIGHT=    0.0000    
        40  dummy40     VALUE=    0.0000      WEIGHT=    0.0000    
        41  dummy41     VALUE=    0.0000      WEIGHT=    0.0000    
        42  dummy42     VALUE=    0.0000      WEIGHT=    0.0000    
        43  dummy43     VALUE=    0.0000      WEIGHT=    0.0000    
        44  dummy44     VALUE=    0.0000      WEIGHT=    0.0000    
        45  dummy45     VALUE=    0.0000      WEIGHT=    0.0000    
        46  dummy46     VALUE=    0.0000      WEIGHT=    0.0000    
        47  dummy47     VALUE=    0.0000      WEIGHT=    0.0000    
        48  dummy48     VALUE=    0.0000      WEIGHT=    0.0000    
        49  dummy49     VALUE=    0.0000      WEIGHT=    0.0000    
        50  bcdmsh2     VALUE=   0.97307      WEIGHT=   0.48289E-02
        51  bcdmsd2     VALUE=   0.99317      WEIGHT=   0.58269E-02
        52  ccfr        VALUE=    1.0000      WEIGHT=    0.0000    
        53  nutev       VALUE=    1.0000      WEIGHT=    0.0000    
        54  zeus        VALUE=   0.97998      WEIGHT=    0.0000    
        55  h1          VALUE=    1.0162      WEIGHT=    0.0000    
        56  e605        VALUE=    1.0319      WEIGHT=    0.0000    
        57  NmcH2       VALUE=    1.0095      WEIGHT=   0.71247E-02
        58  ntv_nu      VALUE=    1.0000      WEIGHT=    0.0000    
        59  ntv_nubar   VALUE=    1.0000      WEIGHT=    0.0000    
        60  cdf_jet     VALUE=   0.98910      WEIGHT=    0.0000    
        61  d0_jet      VALUE=   0.83504      WEIGHT=    0.0000    
        62  slac_p      VALUE=    1.0049      WEIGHT=   0.48124E-02
        63  slac_d      VALUE=    1.0042      WEIGHT=   0.52781E-02
        64  e866pp      VALUE=   0.96586      WEIGHT=   0.19263E-01
        65  e866pd      VALUE=   0.96369      WEIGHT=   0.15783E-01
        66  d0_gamjet   VALUE=    1.0389      WEIGHT=   0.16474E-01
        67  h1b         VALUE=   0.97608      WEIGHT=    0.0000    
        68  jlab_p      VALUE=   0.99446      WEIGHT=   0.57943E-02
        69  jlab_d      VALUE=   0.97557      WEIGHT=   0.59019E-02
        70  blank       VALUE=    1.0000      WEIGHT=    0.0000    
        71  d0run2      VALUE=   0.94087      WEIGHT=   0.14167E-01
        72  cdfrun2     VALUE=   0.92649      WEIGHT=   0.17233E-01
        73  HERA_el     VALUE=    1.0000      WEIGHT=    0.0000    
        74  HERA_ps     VALUE=    1.0000      WEIGHT=    0.0000    
        75  CDF_Z       VALUE=   0.96581      WEIGHT=   0.64944E-02
        76  NmcRat      VALUE=    1.0000      WEIGHT=    0.0000    
        77  BNS_F2nd    VALUE=   0.98310      WEIGHT=   0.68314E-02
        78  HERMES_F2p  VALUE=   0.99832      WEIGHT=   0.55693E-02
        79  HERMES_F2d  VALUE=   0.98039      WEIGHT=   0.58259E-02
0THE TOLERANCE IS    0.1000
 THE MAXIMUM NUMBER OF STEPS IS 100
0THE INITIAL CHI SQUARED IS  4.71343E+03
0  STEP  CHI SQUARED    PARAMETER      VALUE         ERROR
 ------------------------------------------------------------
     1    4.70908E+03
                       1  LAMBDA     2.2680E-01       FIX 
                       2  a0uv       2.3858E+00       FIX 
                       3  a1uv       6.1352E-01           
                       4  a2uv       3.5449E+00           
                       5  a3uv       0.0000E+00       FIX 
                       6  a4uv       3.5109E+00           
                       7  a5uv       0.0000E+00       FIX 
                       8  a0dv       2.5465E+01       FIX 
                       9  a1dv       1.1658E+00           
                      10  a2dv       6.6001E+00           
                      11  a3dv      -3.5300E+00           
                      12  a4dv       4.7204E+00           
                      13  a5dv       0.0000E+00       FIX 
                      14  a0ud       1.4511E-01           
                      15  a1ud      -2.0916E-01           
                      16  a2ud       8.3117E+00           
                      17  a3ud       0.0000E+00       FIX 
                      18  a4ud       1.4757E+01           
                      19  a5ud       0.0000E+00       FIX 
                      20  a0du       3.5712E+04       FIX 
                      21  a1du       4.0256E+00           
                      22  a2du       2.0157E+01           
                      23  a3du       1.7000E+01       FIX 
                      24  a4du       5.1373E+01           
                      25  a0g        5.3351E+01       FIX 
                      26  a1g        6.3341E-01           
                      27  a2g        7.7421E+00           
                      28  a3g       -3.3949E+00           
                      29  a4g        3.5603E+00           
                      30  a5g        0.0000E+00       FIX 
                      31  kappa      4.0000E-01       FIX 
                      32  a6dv      -3.7349E-03           
                      33  a7dv       2.0000E+00       FIX 
                      34  off1      -3.6250E+00           
                      35  off2       6.0344E-02           
                      36  ht1       -3.3099E+00           
                      37  ht2        1.9429E+00           
                      38  ht3       -2.0700E+00           
                      39  ht4        0.0000E+00       FIX 
                      40  dummy40    0.0000E+00       FIX 
                      41  dummy41    0.0000E+00       FIX 
                      42  dummy42    0.0000E+00       FIX 
                      43  dummy43    0.0000E+00       FIX 
                      44  dummy44    0.0000E+00       FIX 
                      45  dummy45    0.0000E+00       FIX 
                      46  dummy46    0.0000E+00       FIX 
                      47  dummy47    0.0000E+00       FIX 
                      48  dummy48    0.0000E+00       FIX 
                      49  dummy49    0.0000E+00       FIX 
                      50  bcdmsh2    9.7284E-01           
                      51  bcdmsd2    9.9285E-01           
                      52  ccfr       1.0000E+00       FIX 
                      53  nutev      1.0000E+00       FIX 
                      54  zeus       9.7998E-01       FIX 
                      55  h1         1.0162E+00       FIX 
                      56  e605       1.0319E+00       FIX 
                      57  NmcH2      1.0094E+00           
                      58  ntv_nu     1.0000E+00       FIX 
                      59  ntv_nuba   1.0000E+00       FIX 
                      60  cdf_jet    9.8910E-01       FIX 
                      61  d0_jet     8.3504E-01       FIX 
                      62  slac_p     1.0056E+00           
                      63  slac_d     1.0048E+00           
                      64  e866pp     9.6714E-01           
                      65  e866pd     9.6506E-01           
                      66  d0_gamje   1.0383E+00           
                      67  h1b        9.7608E-01       FIX 
                      68  jlab_p     9.9541E-01           
                      69  jlab_d     9.7618E-01           
                      70  blank      1.0000E+00       FIX 
                      71  d0run2     9.3163E-01           
                      72  cdfrun2    9.2019E-01           
                      73  HERA_el    1.0000E+00       FIX 
                      74  HERA_ps    1.0000E+00       FIX 
                      75  CDF_Z      9.6677E-01           
                      76  NmcRat     1.0000E+00       FIX 
                      77  BNS_F2nd   9.8415E-01           
                      78  HERMES_F   9.9869E-01           
                      79  HERMES_F   9.8079E-01           
 ------------------------------------------------------------
     2    4.70881E+03
                       1  LAMBDA     2.2680E-01       FIX 
                       2  a0uv       2.3852E+00       FIX 
                       3  a1uv       6.1351E-01           
                       4  a2uv       3.5449E+00           
                       5  a3uv       0.0000E+00       FIX 
                       6  a4uv       3.5135E+00           
                       7  a5uv       0.0000E+00       FIX 
                       8  a0dv       2.5470E+01       FIX 
                       9  a1dv       1.1658E+00           
                      10  a2dv       6.5996E+00           
                      11  a3dv      -3.5304E+00           
                      12  a4dv       4.7196E+00           
                      13  a5dv       0.0000E+00       FIX 
                      14  a0ud       1.4513E-01           
                      15  a1ud      -2.0911E-01           
                      16  a2ud       8.3061E+00           
                      17  a3ud       0.0000E+00       FIX 
                      18  a4ud       1.4753E+01           
                      19  a5ud       0.0000E+00       FIX 
                      20  a0du       3.5712E+04       FIX 
                      21  a1du       4.0224E+00           
                      22  a2du       2.0189E+01           
                      23  a3du       1.7000E+01       FIX 
                      24  a4du       5.2173E+01           
                      25  a0g        5.2877E+01       FIX 
                      26  a1g        6.3078E-01           
                      27  a2g        7.7031E+00           
                      28  a3g       -3.3982E+00           
                      29  a4g        3.5611E+00           
                      30  a5g        0.0000E+00       FIX 
                      31  kappa      4.0000E-01       FIX 
                      32  a6dv      -3.7451E-03           
                      33  a7dv       2.0000E+00       FIX 
                      34  off1      -3.6235E+00           
                      35  off2       6.1208E-02           
                      36  ht1       -3.3145E+00           
                      37  ht2        1.9450E+00           
                      38  ht3       -2.0690E+00           
                      39  ht4        0.0000E+00       FIX 
                      40  dummy40    0.0000E+00       FIX 
                      41  dummy41    0.0000E+00       FIX 
                      42  dummy42    0.0000E+00       FIX 
                      43  dummy43    0.0000E+00       FIX 
                      44  dummy44    0.0000E+00       FIX 
                      45  dummy45    0.0000E+00       FIX 
                      46  dummy46    0.0000E+00       FIX 
                      47  dummy47    0.0000E+00       FIX 
                      48  dummy48    0.0000E+00       FIX 
                      49  dummy49    0.0000E+00       FIX 
                      50  bcdmsh2    9.7313E-01           
                      51  bcdmsd2    9.9310E-01           
                      52  ccfr       1.0000E+00       FIX 
                      53  nutev      1.0000E+00       FIX 
                      54  zeus       9.7998E-01       FIX 
                      55  h1         1.0162E+00       FIX 
                      56  e605       1.0319E+00       FIX 
                      57  NmcH2      1.0095E+00           
                      58  ntv_nu     1.0000E+00       FIX 
                      59  ntv_nuba   1.0000E+00       FIX 
                      60  cdf_jet    9.8910E-01       FIX 
                      61  d0_jet     8.3504E-01       FIX 
                      62  slac_p     1.0059E+00           
                      63  slac_d     1.0051E+00           
                      64  e866pp     9.6787E-01           
                      65  e866pd     9.6583E-01           
                      66  d0_gamje   1.0384E+00           
                      67  h1b        9.7608E-01       FIX 
                      68  jlab_p     9.9566E-01           
                      69  jlab_d     9.7642E-01           
                      70  blank      1.0000E+00       FIX 
                      71  d0run2     9.3171E-01           
                      72  cdfrun2    9.2023E-01           
                      73  HERA_el    1.0000E+00       FIX 
                      74  HERA_ps    1.0000E+00       FIX 
                      75  CDF_Z      9.6678E-01           
                      76  NmcRat     1.0000E+00       FIX 
                      77  BNS_F2nd   9.8412E-01           
                      78  HERMES_F   9.9898E-01           
                      79  HERMES_F   9.8110E-01           
 ------------------------------------------------------------
     3    4.70877E+03
                       1  LAMBDA     2.2680E-01    0.0000E+00
                       2  a0uv       2.3845E+00    0.0000E+00
                       3  a1uv       6.1347E-01    2.0109E-02
                       4  a2uv       3.5449E+00    1.2316E-02
                       5  a3uv       0.0000E+00    0.0000E+00
                       6  a4uv       3.5157E+00    4.3871E-01
                       7  a5uv       0.0000E+00    0.0000E+00
                       8  a0dv       2.5480E+01    0.0000E+00
                       9  a1dv       1.1657E+00    3.2875E-02
                      10  a2dv       6.5986E+00    1.5666E-01
                      11  a3dv      -3.5310E+00    8.3222E-02
                      12  a4dv       4.7190E+00    1.4048E-01
                      13  a5dv       0.0000E+00    0.0000E+00
                      14  a0ud       1.4517E-01    4.9996E-03
                      15  a1ud      -2.0906E-01    3.7640E-03
                      16  a2ud       8.3035E+00    1.8933E-01
                      17  a3ud       0.0000E+00    0.0000E+00
                      18  a4ud       1.4748E+01    1.2248E+00
                      19  a5ud       0.0000E+00    0.0000E+00
                      20  a0du       3.5712E+04    0.0000E+00
                      21  a1du       4.0216E+00    7.5113E-02
                      22  a2du       2.0186E+01    8.7351E-01
                      23  a3du       1.7000E+01    0.0000E+00
                      24  a4du       5.2631E+01    1.1009E+01
                      25  a0g        5.2671E+01    0.0000E+00
                      26  a1g        6.2967E-01    3.5385E-02
                      27  a2g        7.6708E+00    1.1153E+00
                      28  a3g       -3.4011E+00    1.7201E-01
                      29  a4g        3.5606E+00    4.6998E-01
                      30  a5g        0.0000E+00    0.0000E+00
                      31  kappa      4.0000E-01    0.0000E+00
                      32  a6dv      -3.7404E-03    6.4695E-04
                      33  a7dv       2.0000E+00    0.0000E+00
                      34  off1      -3.6381E+00    1.5109E+00
                      35  off2       6.1799E-02    5.3489E-02
                      36  ht1       -3.3180E+00    2.6251E-01
                      37  ht2        1.9473E+00    1.0517E-01
                      38  ht3       -2.0681E+00    1.8852E-02
                      39  ht4        0.0000E+00    0.0000E+00
                      40  dummy40    0.0000E+00    0.0000E+00
                      41  dummy41    0.0000E+00    0.0000E+00
                      42  dummy42    0.0000E+00    0.0000E+00
                      43  dummy43    0.0000E+00    0.0000E+00
                      44  dummy44    0.0000E+00    0.0000E+00
                      45  dummy45    0.0000E+00    0.0000E+00
                      46  dummy46    0.0000E+00    0.0000E+00
                      47  dummy47    0.0000E+00    0.0000E+00
                      48  dummy48    0.0000E+00    0.0000E+00
                      49  dummy49    0.0000E+00    0.0000E+00
                      50  bcdmsh2    9.7332E-01    4.8156E-03
                      51  bcdmsd2    9.9327E-01    5.8126E-03
                      52  ccfr       1.0000E+00    0.0000E+00
                      53  nutev      1.0000E+00    0.0000E+00
                      54  zeus       9.7998E-01    0.0000E+00
                      55  h1         1.0162E+00    0.0000E+00
                      56  e605       1.0319E+00    0.0000E+00
                      57  NmcH2      1.0097E+00    7.1231E-03
                      58  ntv_nu     1.0000E+00    0.0000E+00
                      59  ntv_nuba   1.0000E+00    0.0000E+00
                      60  cdf_jet    9.8910E-01    0.0000E+00
                      61  d0_jet     8.3504E-01    0.0000E+00
                      62  slac_p     1.0060E+00    4.7634E-03
                      63  slac_d     1.0052E+00    5.2092E-03
                      64  e866pp     9.6828E-01    1.9353E-02
                      65  e866pd     9.6628E-01    1.5895E-02
                      66  d0_gamje   1.0385E+00    1.6475E-02
                      67  h1b        9.7608E-01    0.0000E+00
                      68  jlab_p     9.9571E-01    5.7413E-03
                      69  jlab_d     9.7651E-01    5.8349E-03
                      70  blank      1.0000E+00    0.0000E+00
                      71  d0run2     9.3234E-01    1.3628E-02
                      72  cdfrun2    9.2069E-01    1.6968E-02
                      73  HERA_el    1.0000E+00    0.0000E+00
                      74  HERA_ps    1.0000E+00    0.0000E+00
                      75  CDF_Z      9.6674E-01    6.4887E-03
                      76  NmcRat     1.0000E+00    0.0000E+00
                      77  BNS_F2nd   9.8407E-01    6.8925E-03
                      78  HERMES_F   9.9916E-01    5.5366E-03
                      79  HERMES_F   9.8128E-01    5.7815E-03
0 MINIMIZATION TERMINATED WITH STEP  3
  TOLERANCE CRITERION      SATISFIED
0 CHI SQUARED PER DEGREE OF FREEDOM IS  1.046E+00
   1.000 -0.424 -0.979  0.268 -0.021  0.165 -0.352  0.452  0.388 -0.302 -0.500 -0.189 -0.258  0.017  0.193  0.187  0.028  0.036  0.295 -0.119  0.069  0.083 -0.237  0.164  0.324  0.247  0.153  0.308  0.270 -0.387 -0.190  0.085  0.192  0.209 -0.154 -0.125  0.428  0.130  0.267  0.235
  -0.424  1.000  0.572  0.215  0.358 -0.235  0.219 -0.176 -0.164  0.379  0.282  0.239  0.078  0.150  0.006  0.068 -0.018  0.061 -0.273  0.072  0.098 -0.541  0.366  0.298  0.094  0.057  0.031 -0.002  0.034  0.202  0.020  0.008  0.112  0.124 -0.030 -0.008 -0.102 -0.175  0.045  0.048
  -0.979  0.572  1.000 -0.183  0.102 -0.200  0.365 -0.436 -0.380  0.366  0.531  0.222  0.268  0.026 -0.166 -0.143 -0.018 -0.027 -0.312  0.127 -0.034 -0.157  0.266 -0.089 -0.211 -0.160 -0.090 -0.193 -0.165  0.451  0.239 -0.070 -0.084 -0.110  0.115  0.093 -0.355 -0.149 -0.166 -0.140
   0.268  0.215 -0.183  1.000  0.822 -0.613 -0.008  0.148  0.103 -0.084 -0.208  0.334 -0.195  0.224  0.287  0.142 -0.209  0.156  0.266  0.119  0.201 -0.241  0.110  0.273  0.279  0.212  0.115  0.268  0.211  0.040 -0.113  0.058  0.228  0.129 -0.026 -0.040  0.163 -0.064  0.255  0.207
  -0.021  0.358  0.102  0.822  1.000 -0.874  0.519 -0.088 -0.102  0.187  0.129  0.164 -0.008  0.188  0.189  0.100 -0.207  0.153 -0.133  0.081  0.052 -0.146 -0.002  0.181  0.172  0.105  0.114  0.116  0.055  0.116  0.003  0.020  0.120 -0.041 -0.005 -0.020  0.090 -0.006  0.136  0.090
   0.165 -0.235 -0.200 -0.613 -0.874  1.000 -0.738  0.280  0.269 -0.187 -0.300 -0.039 -0.011 -0.272 -0.141 -0.106  0.244 -0.197  0.032  0.075 -0.051  0.155 -0.058 -0.111 -0.071 -0.042 -0.130 -0.038 -0.009 -0.160 -0.132  0.013 -0.054  0.067 -0.023 -0.007 -0.023 -0.112 -0.079 -0.058
  -0.352  0.219  0.365 -0.008  0.519 -0.738  1.000 -0.413 -0.371  0.471  0.603 -0.290  0.262  0.039 -0.058  0.021 -0.078  0.073 -0.391 -0.165 -0.181  0.043 -0.116 -0.073 -0.036 -0.044  0.113 -0.076 -0.077  0.172  0.278 -0.052 -0.026 -0.127 -0.004 -0.004  0.020  0.195 -0.031 -0.025
   0.452 -0.176 -0.436  0.148 -0.088  0.280 -0.413  1.000  0.967 -0.391 -0.780  0.066 -0.148 -0.117 -0.084 -0.035  0.167 -0.112  0.140  0.065  0.010 -0.014 -0.040  0.061  0.222  0.188  0.145  0.219  0.202 -0.088 -0.074  0.084  0.157  0.175  0.032  0.019  0.309 -0.012  0.197  0.175
   0.388 -0.164 -0.380  0.103 -0.102  0.269 -0.371  0.967  1.000 -0.345 -0.727  0.051 -0.129 -0.121 -0.191 -0.104  0.214 -0.167  0.115  0.061 -0.003 -0.005 -0.036  0.039  0.172  0.145  0.122  0.162  0.148 -0.097 -0.085  0.071  0.113  0.130  0.047  0.029  0.247 -0.014  0.147  0.128
  -0.302  0.379  0.366 -0.084  0.187 -0.187  0.471 -0.391 -0.345  1.000  0.754 -0.329  0.448 -0.236 -0.102 -0.210 -0.099 -0.057 -0.304  0.142 -0.302  0.120 -0.036 -0.244 -0.065 -0.022  0.027 -0.042  0.002  0.001  0.037 -0.027  0.009  0.002  0.093  0.047 -0.034 -0.117 -0.006  0.035
  -0.500  0.282  0.531 -0.208  0.129 -0.300  0.603 -0.780 -0.727  0.754  1.000 -0.295  0.350 -0.167 -0.084 -0.132 -0.022 -0.085 -0.282 -0.071 -0.338  0.174 -0.149 -0.247 -0.017  0.000  0.077  0.033  0.065  0.291  0.405 -0.089  0.071  0.060 -0.061 -0.069  0.043  0.073  0.046  0.089
  -0.189  0.239  0.222  0.334  0.164 -0.039 -0.290  0.066  0.051 -0.329 -0.295  1.000 -0.581  0.321  0.098  0.018 -0.079  0.055  0.145  0.098  0.461 -0.259  0.287  0.301  0.009  0.025 -0.017  0.013 -0.013  0.284 -0.114  0.035  0.005 -0.033  0.066  0.048 -0.225 -0.122  0.052 -0.023
  -0.258  0.078  0.268 -0.195 -0.008 -0.011  0.262 -0.148 -0.129  0.448  0.350 -0.581  1.000 -0.018 -0.145 -0.018  0.137 -0.075 -0.248  0.286 -0.083  0.114 -0.113 -0.004  0.030  0.018  0.029  0.017  0.005  0.170  0.135 -0.003  0.010 -0.012 -0.058 -0.039 -0.028 -0.227 -0.001  0.008
   0.017  0.150  0.026  0.224  0.188 -0.272  0.039 -0.117 -0.121 -0.236 -0.167  0.321 -0.018  1.000  0.171  0.327 -0.222  0.343  0.149 -0.018  0.733 -0.307  0.312  0.491  0.122  0.058  0.139  0.087  0.006  0.174 -0.076  0.073  0.019 -0.040  0.015  0.029 -0.243 -0.157  0.111  0.034
   0.193  0.006 -0.166  0.287  0.189 -0.141 -0.058 -0.084 -0.191 -0.102 -0.084  0.098 -0.145  0.171  1.000  0.722 -0.792  0.821  0.133  0.004  0.165 -0.115  0.139  0.086  0.097  0.091 -0.037  0.139  0.142 -0.081 -0.096  0.044  0.108  0.113 -0.013  0.015  0.046 -0.015  0.128  0.132
   0.187  0.068 -0.143  0.142  0.100 -0.106  0.021 -0.035 -0.104 -0.210 -0.132  0.018 -0.018  0.327  0.722  1.000 -0.451  0.832  0.057  0.006  0.335 -0.288  0.249  0.272  0.151  0.152  0.078  0.237  0.257  0.030  0.036  0.050  0.210  0.231 -0.242 -0.116  0.080 -0.001  0.196  0.219
   0.028 -0.018 -0.018 -0.209 -0.207  0.244 -0.078  0.167  0.214 -0.099 -0.022 -0.079  0.137 -0.222 -0.792 -0.451  1.000 -0.851 -0.093 -0.014 -0.107  0.040 -0.220  0.105  0.140  0.106  0.150  0.143  0.129  0.218  0.273 -0.029  0.139  0.136 -0.289 -0.228  0.267  0.084  0.082  0.075
   0.036  0.061 -0.027  0.156  0.153 -0.197  0.073 -0.112 -0.167 -0.057 -0.085  0.055 -0.075  0.343  0.821  0.832 -0.851  1.000  0.066  0.034  0.280 -0.215  0.332  0.083 -0.070 -0.033 -0.079 -0.029 -0.001 -0.153 -0.201  0.047 -0.027 -0.008  0.076  0.109 -0.206 -0.079 -0.005  0.018
   0.295 -0.273 -0.312  0.266 -0.133  0.032 -0.391  0.140  0.115 -0.304 -0.282  0.145 -0.248  0.149  0.133  0.057 -0.093  0.066  1.000 -0.304  0.198 -0.246  0.243  0.160  0.101  0.118  0.034  0.149  0.186 -0.080 -0.079  0.029  0.113  0.208 -0.019 -0.014  0.072  0.017  0.137  0.150
  -0.119  0.072  0.127  0.119  0.081  0.075 -0.165  0.065  0.061  0.142 -0.071  0.098  0.286 -0.018  0.004  0.006 -0.014  0.034 -0.304  1.000  0.099 -0.073  0.087  0.152 -0.099  0.074 -0.095 -0.089 -0.038  0.011 -0.184  0.030 -0.024 -0.101  0.079  0.061 -0.200 -0.415 -0.100 -0.020
   0.069  0.098 -0.034  0.201  0.052 -0.051 -0.181  0.010 -0.003 -0.302 -0.338  0.461 -0.083  0.733  0.165  0.335 -0.107  0.280  0.198  0.099  1.000 -0.356  0.357  0.726  0.059  0.125  0.012 -0.002  0.039  0.082 -0.178  0.079 -0.080 -0.041 -0.012  0.019 -0.292 -0.244  0.024  0.064
   0.083 -0.541 -0.157 -0.241 -0.146  0.155  0.043 -0.014 -0.005  0.120  0.174 -0.259  0.114 -0.307 -0.115 -0.288  0.040 -0.215 -0.246 -0.073 -0.356  1.000 -0.807 -0.490 -0.012 -0.048  0.033 -0.018 -0.068  0.034  0.182 -0.032 -0.174 -0.214  0.065  0.006  0.173  0.127 -0.026 -0.055
  -0.237  0.366  0.266  0.110 -0.002 -0.058 -0.116 -0.040 -0.036 -0.036 -0.149  0.287 -0.113  0.312  0.139  0.249 -0.220  0.332  0.243  0.087  0.357 -0.807  1.000  0.096 -0.175 -0.094 -0.141 -0.023  0.036 -0.107 -0.296  0.029  0.050  0.127  0.118  0.130 -0.401 -0.192 -0.042 -0.011
   0.164  0.298 -0.089  0.273  0.181 -0.111 -0.073  0.061  0.039 -0.244 -0.247  0.301 -0.004  0.491  0.086  0.272  0.105  0.083  0.160  0.152  0.726 -0.490  0.096  1.000  0.207  0.301  0.105 -0.007  0.133  0.134 -0.028  0.061  0.020  0.121 -0.191 -0.118 -0.003 -0.242  0.065  0.160
   0.324  0.094 -0.211  0.279  0.172 -0.071 -0.036  0.222  0.172 -0.065 -0.017  0.009  0.030  0.122  0.097  0.151  0.140 -0.070  0.101 -0.099  0.059 -0.012 -0.175  0.207  1.000  0.489  0.386  0.690  0.613  0.391  0.459  0.058  0.562  0.517 -0.224 -0.199  0.574  0.103  0.593  0.548
   0.247  0.057 -0.160  0.212  0.105 -0.042 -0.044  0.188  0.145 -0.022  0.000  0.025  0.018  0.058  0.091  0.152  0.106 -0.033  0.118  0.074  0.125 -0.048 -0.094  0.301  0.489  1.000  0.319  0.530  0.661  0.326  0.403  0.046  0.409  0.540 -0.186 -0.162  0.468 -0.050  0.481  0.574
   0.153  0.031 -0.090  0.115  0.114 -0.130  0.113  0.145  0.122  0.027  0.077 -0.017  0.029  0.139 -0.037  0.078  0.150 -0.079  0.034 -0.095  0.012  0.033 -0.141  0.105  0.386  0.319  1.000  0.438  0.409  0.344  0.411  0.030  0.347  0.335 -0.160 -0.139  0.420  0.095  0.418  0.395
   0.308 -0.002 -0.193  0.268  0.116 -0.038 -0.076  0.219  0.162 -0.042  0.033  0.013  0.017  0.087  0.139  0.237  0.143 -0.029  0.149 -0.089 -0.002 -0.018 -0.023 -0.007  0.690  0.530  0.438  1.000  0.799  0.480  0.571  0.057  0.759  0.680 -0.260 -0.229  0.649  0.159  0.746  0.682
   0.270  0.034 -0.165  0.211  0.055 -0.009 -0.077  0.202  0.148  0.002  0.065 -0.013  0.005  0.006  0.142  0.257  0.129 -0.001  0.186 -0.038  0.039 -0.068  0.036  0.133  0.613  0.661  0.409  0.799  1.000  0.429  0.566  0.045  0.614  0.820 -0.264 -0.223  0.624 -0.002  0.687  0.790
  -0.387  0.202  0.451  0.040  0.116 -0.160  0.172 -0.088 -0.097  0.001  0.291  0.284  0.170  0.174 -0.081  0.030  0.218 -0.153 -0.080  0.011  0.082  0.034 -0.107  0.134  0.391  0.326  0.344  0.480  0.429  1.000  0.692 -0.009  0.397  0.344 -0.185 -0.163  0.306  0.027  0.440  0.398
  -0.190  0.020  0.239 -0.113  0.003 -0.132  0.278 -0.074 -0.085  0.037  0.405 -0.114  0.135 -0.076 -0.096  0.036  0.273 -0.201 -0.079 -0.184 -0.178  0.182 -0.296 -0.028  0.459  0.403  0.411  0.571  0.566  0.692  1.000 -0.037  0.475  0.474 -0.258 -0.224  0.574  0.227  0.501  0.531
   0.085  0.008 -0.070  0.058  0.020  0.013 -0.052  0.084  0.071 -0.027 -0.089  0.035 -0.003  0.073  0.044  0.050 -0.029  0.047  0.029  0.030  0.079 -0.032  0.029  0.061  0.058  0.046  0.030  0.057  0.045 -0.009 -0.037  1.000  0.039  0.032  0.013  0.011  0.014 -0.037  0.051  0.040
   0.192  0.112 -0.084  0.228  0.120 -0.054 -0.026  0.157  0.113  0.009  0.071  0.005  0.010  0.019  0.108  0.210  0.139 -0.027  0.113 -0.024 -0.080 -0.174  0.050  0.020  0.562  0.409  0.347  0.759  0.614  0.397  0.475  0.039  1.000  0.582 -0.232 -0.198  0.535  0.164  0.592  0.527
   0.209  0.124 -0.110  0.129 -0.041  0.067 -0.127  0.175  0.130  0.002  0.060 -0.033 -0.012 -0.040  0.113  0.231  0.136 -0.008  0.208 -0.101 -0.041 -0.214  0.127  0.121  0.517  0.540  0.335  0.680  0.820  0.344  0.474  0.032  0.582  1.000 -0.245 -0.199  0.539  0.021  0.578  0.657
  -0.154 -0.030  0.115 -0.026 -0.005 -0.023 -0.004  0.032  0.047  0.093 -0.061  0.066 -0.058  0.015 -0.013 -0.242 -0.289  0.076 -0.019  0.079 -0.012  0.065  0.118 -0.191 -0.224 -0.186 -0.160 -0.260 -0.264 -0.185 -0.258  0.013 -0.232 -0.245  1.000  0.259 -0.317 -0.095 -0.216 -0.220
  -0.125 -0.008  0.093 -0.040 -0.020 -0.007 -0.004  0.019  0.029  0.047 -0.069  0.048 -0.039  0.029  0.015 -0.116 -0.228  0.109 -0.014  0.061  0.019  0.006  0.130 -0.118 -0.199 -0.162 -0.139 -0.229 -0.223 -0.163 -0.224  0.011 -0.198 -0.199  0.259  1.000 -0.272 -0.083 -0.192 -0.190
   0.428 -0.102 -0.355  0.163  0.090 -0.023  0.020  0.309  0.247 -0.034  0.043 -0.225 -0.028 -0.243  0.046  0.080  0.267 -0.206  0.072 -0.200 -0.292  0.173 -0.401 -0.003  0.574  0.468  0.420  0.649  0.624  0.306  0.574  0.014  0.535  0.539 -0.317 -0.272  1.000  0.267  0.574  0.572
   0.130 -0.175 -0.149 -0.064 -0.006 -0.112  0.195 -0.012 -0.014 -0.117  0.073 -0.122 -0.227 -0.157 -0.015 -0.001  0.084 -0.079  0.017 -0.415 -0.244  0.127 -0.192 -0.242  0.103 -0.050  0.095  0.159 -0.002  0.027  0.227 -0.037  0.164  0.021 -0.095 -0.083  0.267  1.000  0.107  0.017
   0.267  0.045 -0.166  0.255  0.136 -0.079 -0.031  0.197  0.147 -0.006  0.046  0.052 -0.001  0.111  0.128  0.196  0.082 -0.005  0.137 -0.100  0.024 -0.026 -0.042  0.065  0.593  0.481  0.418  0.746  0.687  0.440  0.501  0.051  0.592  0.578 -0.216 -0.192  0.574  0.107  1.000  0.613
   0.235  0.048 -0.140  0.207  0.090 -0.058 -0.025  0.175  0.128  0.035  0.089 -0.023  0.008  0.034  0.132  0.219  0.075  0.018  0.150 -0.020  0.064 -0.055 -0.011  0.160  0.548  0.574  0.395  0.682  0.790  0.398  0.531  0.040  0.527  0.657 -0.220 -0.190  0.572  0.017  0.613  1.000

0                ***   ***   ***  ***   ***   ***



     X        Q2         W2       THEORY        error         DATA           ERROR        chi^2     _w    ITYPE
.4831E+00     3.585  0.472E+01   0.17949E+00   0.66457E-03   0.18590E+00    0.56080E-02   -1.31         jl00106F2p          
.4904E+00     3.624  0.465E+01   0.17457E+00   0.64060E-03   0.18170E+00    0.55227E-02   -1.67         jl00106F2p          
.4978E+00     3.663  0.458E+01   0.16963E+00   0.61663E-03   0.17590E+00    0.53000E-02   -1.40         jl00106F2p          
.5052E+00     3.702  0.451E+01   0.16474E+00   0.59301E-03   0.16780E+00    0.50774E-02   -0.36         jl00106F2p          
.5127E+00     3.740  0.444E+01   0.15983E+00   0.56945E-03   0.16030E+00    0.48549E-02   -0.01         jl00106F2p          
.5202E+00     3.779  0.437E+01   0.15499E+00   0.54630E-03   0.15490E+00    0.47707E-02    0.00         jl00106F2p          
.5278E+00     3.818  0.430E+01   0.15013E+00   0.52331E-03   0.15390E+00    0.46872E-02   -0.65         jl00106F2p          
.5355E+00     3.857  0.423E+01   0.14528E+00   0.50054E-03   0.14960E+00    0.45486E-02   -0.90         jl00106F2p          
.5433E+00     3.895  0.416E+01   0.14044E+00   0.47807E-03   0.13750E+00    0.42438E-02    0.48         jl00106F2p          
.5511E+00     3.934  0.409E+01   0.13567E+00   0.45624E-03   0.13020E+00    0.40224E-02    1.85         jl00106F2p          
