 Correlated errors added in quadrature with statistical errors
 jl00106F2p           DIS data with   1.69< Q2 < 0.500D+03 and 0.000 < xB < 1.000 and   3.00< W2 < 0.100D+04 and 0.000 < y < 1.000
   GP TMC applied
   HT corrections, multiplicative C=C(xB)
 Correlated errors added in quadrature with statistical errors
 jl00106F2d           DIS data with   1.69< Q2 < 0.500D+03 and 0.000 < xB < 1.000 and   3.00< W2 < 0.100D+04 and 0.000 < y < 1.000
   WBArel smearing  (AV18) - KP-like (baryon conserv.)0 nuke corrections
   GP TMC applied
   HT corrections, multiplicative C=C(xB)
 Correlated errors added in quadrature with statistical errors
 HerF2pCut            DIS data with   1.69< Q2 < 0.500D+03 and 0.000 < xB < 1.000 and   3.00< W2 < 0.100D+04 and 0.000 < y < 1.000
   GP TMC applied
   HT corrections, multiplicative C=C(xB)
 Correlated errors added in quadrature with statistical errors
 HerF2dCut            DIS data with   1.69< Q2 < 0.500D+03 and 0.000 < xB < 1.000 and   3.00< W2 < 0.100D+04 and 0.000 < y < 1.000
   WBArel smearing  (AV18) - KP-like (baryon conserv.)0 nuke corrections
   GP TMC applied
   HT corrections, multiplicative C=C(xB)
 Correlated errors added in quadrature with statistical errors
 slac_p               DIS data with   1.69< Q2 < 0.500D+03 and 0.000 < xB < 1.000 and   3.00< W2 < 0.100D+04 and 0.000 < y < 1.000
   GP TMC applied
   HT corrections, multiplicative C=C(xB)
 Correlated errors added in quadrature with statistical errors
 slac_d               DIS data with   1.69< Q2 < 0.500D+03 and 0.000 < xB < 1.000 and   3.00< W2 < 0.100D+04 and 0.000 < y < 1.000
   WBArel smearing  (AV18) - KP-like (baryon conserv.)0 nuke corrections
   GP TMC applied
   HT corrections, multiplicative C=C(xB)
 Correlated errors treated separately from statistical errors
 BcdF2pCor            DIS data with   1.69< Q2 < 0.500D+03 and 0.000 < xB < 1.000 and   3.00< W2 < 0.100D+04 and 0.000 < y < 1.000
   GP TMC applied
   HT corrections, multiplicative C=C(xB)
 Correlated errors treated separately from statistical errors
 BcdF2dCor            DIS data with   1.69< Q2 < 0.500D+03 and 0.000 < xB < 1.000 and   3.00< W2 < 0.100D+04 and 0.000 < y < 1.000
   WBArel smearing  (AV18) - KP-like (baryon conserv.)0 nuke corrections
   GP TMC applied
   HT corrections, multiplicative C=C(xB)
 Correlated errors treated separately from statistical errors
 NmcF2pCor            DIS data with   1.69< Q2 < 0.500D+03 and 0.000 < xB < 1.000 and   3.00< W2 < 0.100D+04 and 0.000 < y < 1.000
   GP TMC applied
   HT corrections, multiplicative C=C(xB)
 Correlated errors treated separately from statistical errors
 NmcRatCor            DIS data with   1.69< Q2 < 0.500D+03 and 0.000 < xB < 1.000 and   3.00< W2 < 0.100D+04 and 0.000 < y < 1.000
   WBArel smearing  (AV18) - KP-like (baryon conserv.)0 nuke corrections
   GP TMC applied
   HT corrections, multiplicative C=C(xB)
 Correlated errors treated separately from statistical errors
 H2_NC_em             DIS data with   1.69< Q2 < 0.100D+06 and 0.000 < xB < 1.000 and   3.00< W2 < 0.100D+08 and 0.000 < y < 1.000
   GP TMC applied
   HT corrections, multiplicative C=C(xB)
 Correlated errors treated separately from statistical errors
 H2_NC_ep_1           DIS data with   1.69< Q2 < 0.100D+06 and 0.000 < xB < 1.000 and   3.00< W2 < 0.100D+08 and 0.000 < y < 1.000
   GP TMC applied
   HT corrections, multiplicative C=C(xB)
 Correlated errors treated separately from statistical errors
 H2_NC_ep_2           DIS data with   1.69< Q2 < 0.100D+06 and 0.000 < xB < 1.000 and   3.00< W2 < 0.100D+08 and 0.000 < y < 1.000
   GP TMC applied
   HT corrections, multiplicative C=C(xB)
 Correlated errors treated separately from statistical errors
 H2_NC_ep_3           DIS data with   1.69< Q2 < 0.100D+06 and 0.000 < xB < 1.000 and   3.00< W2 < 0.100D+08 and 0.000 < y < 1.000
   GP TMC applied
   HT corrections, multiplicative C=C(xB)
 Correlated errors treated separately from statistical errors
 H2_NC_ep_4           DIS data with   1.69< Q2 < 0.100D+06 and 0.000 < xB < 1.000 and   3.00< W2 < 0.100D+08 and 0.000 < y < 1.000
   GP TMC applied
   HT corrections, multiplicative C=C(xB)
 Correlated errors treated separately from statistical errors
 H2_CC_em             DIS data with   1.69< Q2 < 0.100D+06 and 0.000 < xB < 1.000 and   3.00< W2 < 0.100D+08 and 0.000 < y < 1.000
   GP TMC applied
   HT corrections, multiplicative C=C(xB)
 Correlated errors treated separately from statistical errors
 H2_CC_ep             DIS data with   1.69< Q2 < 0.100D+06 and 0.000 < xB < 1.000 and   3.00< W2 < 0.100D+08 and 0.000 < y < 1.000
   GP TMC applied
   HT corrections, multiplicative C=C(xB)
 Correlated errors added in quadrature with statistical errors
 BNS_F2nd             DIS data with   1.69< Q2 < 0.100D+06 and 0.000 < xB < 1.000 and   3.00< W2 < 0.100D+08 and 0.000 < y < 1.000
   WBArel smearing  (AV18) - KP-like (baryon conserv.)0 nuke corrections
   GP TMC applied
   HT corrections, multiplicative C=C(xB)
 Correlated errors added in quadrature with statistical errors
 e866pp06xf           vector boson data with Q2 >=  36.00
 Correlated errors added in quadrature with statistical errors
 e866pd06xf           vector boson data with Q2 >=  36.00
 Correlated errors added in quadrature with statistical errors
 cdfLasy05            vector boson data with Q2 >=   0.00
 Correlated errors added in quadrature with statistical errors
 d0Lasy_e15           vector boson data with Q2 >=   0.00
 Correlated errors added in quadrature with statistical errors
 d0Lasy13             vector boson data with Q2 >=   0.00
 Correlated errors added in quadrature with statistical errors
 CDF_Wasy             vector boson data with Q2 >=   0.00
 Correlated errors added in quadrature with statistical errors
 D0_Wasy              vector boson data with Q2 >=   0.00
 Correlated errors added in quadrature with statistical errors
 CDF_Z                vector boson data with Q2 >=   0.00
 Correlated errors added in quadrature with statistical errors
 D0_Z                 vector boson data with Q2 >=   0.00
 Correlated errors added in quadrature with statistical errors
 d0run2cone          Jet data - errors added in quadrature
 Correlated errors added in quadrature with statistical errors
 CDFrun2jet          Jet data - errors added in quadrature
 Correlated errors added in quadrature with statistical errors
 d0_gamjet1           Photon data -- cuts to be written yet ...
 Correlated errors added in quadrature with statistical errors
 d0_gamjet2           Photon data -- cuts to be written yet ...
 Correlated errors added in quadrature with statistical errors
 d0_gamjet3           Photon data -- cuts to be written yet ...
 Correlated errors added in quadrature with statistical errors
 d0_gamjet4           Photon data -- cuts to be written yet ...

# fitpack15: fit output
# CJ15 AV18 final data choices                                                 

Parametrization   7 used here

 S-ACOT scheme used  for NC DIS

 charm mass =     1.30 GeV     bottom mass =     4.50 GeV



 THIS IS A NEXT TO LEADING ORDER FIT

 Q02=    1.69
         1  LAMBDA      VALUE=   0.22680      WEIGHT=    0.0000    
         2  a0uv        VALUE=    2.4129      WEIGHT=    0.0000    
         3  a1uv        VALUE=   0.61618      WEIGHT=   0.19856E-01
         4  a2uv        VALUE=    3.5471      WEIGHT=   0.12414E-01
         5  a3uv        VALUE=    0.0000      WEIGHT=    0.0000    
         6  a4uv        VALUE=    3.4642      WEIGHT=   0.42903    
         7  a5uv        VALUE=    0.0000      WEIGHT=    0.0000    
         8  a0dv        VALUE=    24.859      WEIGHT=    0.0000    
         9  a1dv        VALUE=    1.1610      WEIGHT=   0.33533E-01
        10  a2dv        VALUE=    6.5565      WEIGHT=   0.15936    
        11  a3dv        VALUE=   -3.5026      WEIGHT=   0.86332E-01
        12  a4dv        VALUE=    4.6689      WEIGHT=   0.14209    
        13  a5dv        VALUE=    0.0000      WEIGHT=    0.0000    
        14  a0ud        VALUE=   0.14740      WEIGHT=   0.50348E-02
        15  a1ud        VALUE=  -0.20699      WEIGHT=   0.37551E-02
        16  a2ud        VALUE=    8.3323      WEIGHT=   0.19114    
        17  a3ud        VALUE=    0.0000      WEIGHT=    0.0000    
        18  a4ud        VALUE=    14.605      WEIGHT=    1.2151    
        19  a5ud        VALUE=    0.0000      WEIGHT=    0.0000    
        20  a0du        VALUE=    35712.      WEIGHT=    0.0000    
        21  a1du        VALUE=    3.9806      WEIGHT=   0.74070E-01
        22  a2du        VALUE=    20.151      WEIGHT=   0.87862    
        23  a3du        VALUE=    17.000      WEIGHT=    0.0000    
        24  a4du        VALUE=    51.156      WEIGHT=    10.239    
        25  a0g         VALUE=    44.270      WEIGHT=    0.0000    
        26  a1g         VALUE=   0.59677      WEIGHT=   0.31164E-01
        27  a2g         VALUE=    6.4809      WEIGHT=   0.96748    
        28  a3g         VALUE=   -3.3002      WEIGHT=   0.13418    
        29  a4g         VALUE=    3.1754      WEIGHT=   0.31376    
        30  a5g         VALUE=    0.0000      WEIGHT=    0.0000    
        31  kappa       VALUE=   0.40000      WEIGHT=    0.0000    
        32  a6dv        VALUE=  -0.36544E-02  WEIGHT=   0.66324E-03
        33  a7dv        VALUE=    2.0000      WEIGHT=    0.0000    
        34  off1        VALUE=   -3.6735      WEIGHT=    1.5278    
        35  off2        VALUE=   0.52507E-01  WEIGHT=   0.14842E-01
        36  ht1         VALUE=   -3.2903      WEIGHT=   0.26061    
        37  ht2         VALUE=    1.9161      WEIGHT=   0.10524    
        38  ht3         VALUE=   -2.0728      WEIGHT=   0.19888E-01
        39  ht4         VALUE=    0.0000      WEIGHT=    0.0000    
        40  dummy40     VALUE=    0.0000      WEIGHT=    0.0000    
        41  dummy41     VALUE=    0.0000      WEIGHT=    0.0000    
        42  dummy42     VALUE=    0.0000      WEIGHT=    0.0000    
        43  dummy43     VALUE=    0.0000      WEIGHT=    0.0000    
        44  dummy44     VALUE=    0.0000      WEIGHT=    0.0000    
        45  dummy45     VALUE=    0.0000      WEIGHT=    0.0000    
        46  dummy46     VALUE=    0.0000      WEIGHT=    0.0000    
        47  dummy47     VALUE=    0.0000      WEIGHT=    0.0000    
        48  dummy48     VALUE=    0.0000      WEIGHT=    0.0000    
        49  dummy49     VALUE=    0.0000      WEIGHT=    0.0000    
        50  bcdmsh2     VALUE=   0.97307      WEIGHT=   0.48289E-02
        51  bcdmsd2     VALUE=   0.99317      WEIGHT=   0.58269E-02
        52  ccfr        VALUE=    1.0000      WEIGHT=    0.0000    
        53  nutev       VALUE=    1.0000      WEIGHT=    0.0000    
        54  zeus        VALUE=   0.97998      WEIGHT=    0.0000    
        55  h1          VALUE=    1.0162      WEIGHT=    0.0000    
        56  e605        VALUE=    1.0319      WEIGHT=    0.0000    
        57  NmcH2       VALUE=    1.0095      WEIGHT=   0.71247E-02
        58  ntv_nu      VALUE=    1.0000      WEIGHT=    0.0000    
        59  ntv_nubar   VALUE=    1.0000      WEIGHT=    0.0000    
        60  cdf_jet     VALUE=   0.98910      WEIGHT=    0.0000    
        61  d0_jet      VALUE=   0.83504      WEIGHT=    0.0000    
        62  slac_p      VALUE=    1.0049      WEIGHT=   0.48124E-02
        63  slac_d      VALUE=    1.0042      WEIGHT=   0.52781E-02
        64  e866pp      VALUE=   0.96586      WEIGHT=   0.19263E-01
        65  e866pd      VALUE=   0.96369      WEIGHT=   0.15783E-01
        66  d0_gamjet   VALUE=    1.0389      WEIGHT=   0.16474E-01
        67  h1b         VALUE=   0.97608      WEIGHT=    0.0000    
        68  jlab_p      VALUE=   0.99446      WEIGHT=   0.57943E-02
        69  jlab_d      VALUE=   0.97557      WEIGHT=   0.59019E-02
        70  blank       VALUE=    1.0000      WEIGHT=    0.0000    
        71  d0run2      VALUE=   0.94087      WEIGHT=   0.14167E-01
        72  cdfrun2     VALUE=   0.92649      WEIGHT=   0.17233E-01
        73  HERA_el     VALUE=    1.0000      WEIGHT=    0.0000    
        74  HERA_ps     VALUE=    1.0000      WEIGHT=    0.0000    
        75  CDF_Z       VALUE=   0.96581      WEIGHT=   0.64944E-02
        76  NmcRat      VALUE=    1.0000      WEIGHT=    0.0000    
        77  BNS_F2nd    VALUE=   0.98310      WEIGHT=   0.68314E-02
        78  HERMES_F2p  VALUE=   0.99832      WEIGHT=   0.55693E-02
        79  HERMES_F2d  VALUE=   0.98039      WEIGHT=   0.58259E-02
0THE TOLERANCE IS    0.1000
 THE MAXIMUM NUMBER OF STEPS IS 100
0THE INITIAL CHI SQUARED IS  4.71053E+03
0  STEP  CHI SQUARED    PARAMETER      VALUE         ERROR
 ------------------------------------------------------------
     1    4.70737E+03
                       1  LAMBDA     2.2680E-01       FIX 
                       2  a0uv       2.4113E+00       FIX 
                       3  a1uv       6.1598E-01           
                       4  a2uv       3.5463E+00           
                       5  a3uv       0.0000E+00       FIX 
                       6  a4uv       3.4640E+00           
                       7  a5uv       0.0000E+00       FIX 
                       8  a0dv       2.4812E+01       FIX 
                       9  a1dv       1.1610E+00           
                      10  a2dv       6.5570E+00           
                      11  a3dv      -3.5011E+00           
                      12  a4dv       4.6721E+00           
                      13  a5dv       0.0000E+00       FIX 
                      14  a0ud       1.4727E-01           
                      15  a1ud      -2.0714E-01           
                      16  a2ud       8.3377E+00           
                      17  a3ud       0.0000E+00       FIX 
                      18  a4ud       1.4571E+01           
                      19  a5ud       0.0000E+00       FIX 
                      20  a0du       3.5712E+04       FIX 
                      21  a1du       4.0135E+00           
                      22  a2du       2.0242E+01           
                      23  a3du       1.7000E+01       FIX 
                      24  a4du       5.1247E+01           
                      25  a0g        4.4946E+01       FIX 
                      26  a1g        5.9958E-01           
                      27  a2g        6.4935E+00           
                      28  a3g       -3.3024E+00           
                      29  a4g        3.1720E+00           
                      30  a5g        0.0000E+00       FIX 
                      31  kappa      4.0000E-01       FIX 
                      32  a6dv      -3.6482E-03           
                      33  a7dv       2.0000E+00       FIX 
                      34  off1      -3.6412E+00           
                      35  off2       5.3514E-02           
                      36  ht1       -3.2934E+00           
                      37  ht2        1.9184E+00           
                      38  ht3       -2.0722E+00           
                      39  ht4        0.0000E+00       FIX 
                      40  dummy40    0.0000E+00       FIX 
                      41  dummy41    0.0000E+00       FIX 
                      42  dummy42    0.0000E+00       FIX 
                      43  dummy43    0.0000E+00       FIX 
                      44  dummy44    0.0000E+00       FIX 
                      45  dummy45    0.0000E+00       FIX 
                      46  dummy46    0.0000E+00       FIX 
                      47  dummy47    0.0000E+00       FIX 
                      48  dummy48    0.0000E+00       FIX 
                      49  dummy49    0.0000E+00       FIX 
                      50  bcdmsh2    9.7337E-01           
                      51  bcdmsd2    9.9343E-01           
                      52  ccfr       1.0000E+00       FIX 
                      53  nutev      1.0000E+00       FIX 
                      54  zeus       9.7998E-01       FIX 
                      55  h1         1.0162E+00       FIX 
                      56  e605       1.0319E+00       FIX 
                      57  NmcH2      1.0098E+00           
                      58  ntv_nu     1.0000E+00       FIX 
                      59  ntv_nuba   1.0000E+00       FIX 
                      60  cdf_jet    9.8910E-01       FIX 
                      61  d0_jet     8.3504E-01       FIX 
                      62  slac_p     1.0049E+00           
                      63  slac_d     1.0043E+00           
                      64  e866pp     9.6495E-01           
                      65  e866pd     9.6393E-01           
                      66  d0_gamje   1.0391E+00           
                      67  h1b        9.7608E-01       FIX 
                      68  jlab_p     9.9478E-01           
                      69  jlab_d     9.7612E-01           
                      70  blank      1.0000E+00       FIX 
                      71  d0run2     9.4062E-01           
                      72  cdfrun2    9.2638E-01           
                      73  HERA_el    1.0000E+00       FIX 
                      74  HERA_ps    1.0000E+00       FIX 
                      75  CDF_Z      9.6625E-01           
                      76  NmcRat     1.0000E+00       FIX 
                      77  BNS_F2nd   9.8260E-01           
                      78  HERMES_F   9.9838E-01           
                      79  HERMES_F   9.8068E-01           
 ------------------------------------------------------------
     2    4.70723E+03
                       1  LAMBDA     2.2680E-01       FIX 
                       2  a0uv       2.4111E+00       FIX 
                       3  a1uv       6.1597E-01           
                       4  a2uv       3.5462E+00           
                       5  a3uv       0.0000E+00       FIX 
                       6  a4uv       3.4643E+00           
                       7  a5uv       0.0000E+00       FIX 
                       8  a0dv       2.4808E+01       FIX 
                       9  a1dv       1.1610E+00           
                      10  a2dv       6.5569E+00           
                      11  a3dv      -3.5009E+00           
                      12  a4dv       4.6724E+00           
                      13  a5dv       0.0000E+00       FIX 
                      14  a0ud       1.4727E-01           
                      15  a1ud      -2.0716E-01           
                      16  a2ud       8.3378E+00           
                      17  a3ud       0.0000E+00       FIX 
                      18  a4ud       1.4569E+01           
                      19  a5ud       0.0000E+00       FIX 
                      20  a0du       3.5712E+04       FIX 
                      21  a1du       4.0153E+00           
                      22  a2du       2.0237E+01           
                      23  a3du       1.7000E+01       FIX 
                      24  a4du       5.1196E+01           
                      25  a0g        4.4982E+01       FIX 
                      26  a1g        5.9995E-01           
                      27  a2g        6.4933E+00           
                      28  a3g       -3.3024E+00           
                      29  a4g        3.1720E+00           
                      30  a5g        0.0000E+00       FIX 
                      31  kappa      4.0000E-01       FIX 
                      32  a6dv      -3.6522E-03           
                      33  a7dv       2.0000E+00       FIX 
                      34  off1      -3.6557E+00           
                      35  off2       5.3198E-02           
                      36  ht1       -3.2926E+00           
                      37  ht2        1.9191E+00           
                      38  ht3       -2.0721E+00           
                      39  ht4        0.0000E+00       FIX 
                      40  dummy40    0.0000E+00       FIX 
                      41  dummy41    0.0000E+00       FIX 
                      42  dummy42    0.0000E+00       FIX 
                      43  dummy43    0.0000E+00       FIX 
                      44  dummy44    0.0000E+00       FIX 
                      45  dummy45    0.0000E+00       FIX 
                      46  dummy46    0.0000E+00       FIX 
                      47  dummy47    0.0000E+00       FIX 
                      48  dummy48    0.0000E+00       FIX 
                      49  dummy49    0.0000E+00       FIX 
                      50  bcdmsh2    9.7339E-01           
                      51  bcdmsd2    9.9340E-01           
                      52  ccfr       1.0000E+00       FIX 
                      53  nutev      1.0000E+00       FIX 
                      54  zeus       9.7998E-01       FIX 
                      55  h1         1.0162E+00       FIX 
                      56  e605       1.0319E+00       FIX 
                      57  NmcH2      1.0099E+00           
                      58  ntv_nu     1.0000E+00       FIX 
                      59  ntv_nuba   1.0000E+00       FIX 
                      60  cdf_jet    9.8910E-01       FIX 
                      61  d0_jet     8.3504E-01       FIX 
                      62  slac_p     1.0050E+00           
                      63  slac_d     1.0043E+00           
                      64  e866pp     9.6510E-01           
                      65  e866pd     9.6391E-01           
                      66  d0_gamje   1.0391E+00           
                      67  h1b        9.7608E-01       FIX 
                      68  jlab_p     9.9481E-01           
                      69  jlab_d     9.7609E-01           
                      70  blank      1.0000E+00       FIX 
                      71  d0run2     9.4054E-01           
                      72  cdfrun2    9.2630E-01           
                      73  HERA_el    1.0000E+00       FIX 
                      74  HERA_ps    1.0000E+00       FIX 
                      75  CDF_Z      9.6628E-01           
                      76  NmcRat     1.0000E+00       FIX 
                      77  BNS_F2nd   9.8268E-01           
                      78  HERMES_F   9.9843E-01           
                      79  HERMES_F   9.8065E-01           
 ------------------------------------------------------------
     3    4.70719E+03
                       1  LAMBDA     2.2680E-01    0.0000E+00
                       2  a0uv       2.4110E+00    0.0000E+00
                       3  a1uv       6.1596E-01    1.9874E-02
                       4  a2uv       3.5461E+00    1.2402E-02
                       5  a3uv       0.0000E+00    0.0000E+00
                       6  a4uv       3.4644E+00    4.2916E-01
                       7  a5uv       0.0000E+00    0.0000E+00
                       8  a0dv       2.4805E+01    0.0000E+00
                       9  a1dv       1.1610E+00    3.3579E-02
                      10  a2dv       6.5569E+00    1.5925E-01
                      11  a3dv      -3.5008E+00    8.6176E-02
                      12  a4dv       4.6726E+00    1.4285E-01
                      13  a5dv       0.0000E+00    0.0000E+00
                      14  a0ud       1.4726E-01    5.0534E-03
                      15  a1ud      -2.0718E-01    3.7534E-03
                      16  a2ud       8.3379E+00    1.9161E-01
                      17  a3ud       0.0000E+00    0.0000E+00
                      18  a4ud       1.4567E+01    1.2229E+00
                      19  a5ud       0.0000E+00    0.0000E+00
                      20  a0du       3.5712E+04    0.0000E+00
                      21  a1du       4.0166E+00    7.4892E-02
                      22  a2du       2.0230E+01    8.7853E-01
                      23  a3du       1.7000E+01    0.0000E+00
                      24  a4du       5.1149E+01    1.0586E+01
                      25  a0g        4.5027E+01    0.0000E+00
                      26  a1g        6.0023E-01    3.1092E-02
                      27  a2g        6.4938E+00    9.6305E-01
                      28  a3g       -3.3025E+00    1.3441E-01
                      29  a4g        3.1719E+00    3.2137E-01
                      30  a5g        0.0000E+00    0.0000E+00
                      31  kappa      4.0000E-01    0.0000E+00
                      32  a6dv      -3.6533E-03    6.6801E-04
                      33  a7dv       2.0000E+00    0.0000E+00
                      34  off1      -3.6612E+00    1.5207E+00
                      35  off2       5.3008E-02    6.2254E-02
                      36  ht1       -3.2920E+00    2.5612E-01
                      37  ht2        1.9196E+00    1.0398E-01
                      38  ht3       -2.0719E+00    1.8256E-02
                      39  ht4        0.0000E+00    0.0000E+00
                      40  dummy40    0.0000E+00    0.0000E+00
                      41  dummy41    0.0000E+00    0.0000E+00
                      42  dummy42    0.0000E+00    0.0000E+00
                      43  dummy43    0.0000E+00    0.0000E+00
                      44  dummy44    0.0000E+00    0.0000E+00
                      45  dummy45    0.0000E+00    0.0000E+00
                      46  dummy46    0.0000E+00    0.0000E+00
                      47  dummy47    0.0000E+00    0.0000E+00
                      48  dummy48    0.0000E+00    0.0000E+00
                      49  dummy49    0.0000E+00    0.0000E+00
                      50  bcdmsh2    9.7341E-01    4.8212E-03
                      51  bcdmsd2    9.9338E-01    5.8309E-03
                      52  ccfr       1.0000E+00    0.0000E+00
                      53  nutev      1.0000E+00    0.0000E+00
                      54  zeus       9.7998E-01    0.0000E+00
                      55  h1         1.0162E+00    0.0000E+00
                      56  e605       1.0319E+00    0.0000E+00
                      57  NmcH2      1.0099E+00    7.1249E-03
                      58  ntv_nu     1.0000E+00    0.0000E+00
                      59  ntv_nuba   1.0000E+00    0.0000E+00
                      60  cdf_jet    9.8910E-01    0.0000E+00
                      61  d0_jet     8.3504E-01    0.0000E+00
                      62  slac_p     1.0050E+00    4.8111E-03
                      63  slac_d     1.0043E+00    5.2752E-03
                      64  e866pp     9.6524E-01    1.9250E-02
                      65  e866pd     9.6388E-01    1.5824E-02
                      66  d0_gamje   1.0391E+00    1.6483E-02
                      67  h1b        9.7608E-01    0.0000E+00
                      68  jlab_p     9.9484E-01    5.7931E-03
                      69  jlab_d     9.7607E-01    5.9087E-03
                      70  blank      1.0000E+00    0.0000E+00
                      71  d0run2     9.4052E-01    1.4118E-02
                      72  cdfrun2    9.2627E-01    1.7214E-02
                      73  HERA_el    1.0000E+00    0.0000E+00
                      74  HERA_ps    1.0000E+00    0.0000E+00
                      75  CDF_Z      9.6629E-01    6.5196E-03
                      76  NmcRat     1.0000E+00    0.0000E+00
                      77  BNS_F2nd   9.8274E-01    6.9103E-03
                      78  HERMES_F   9.9846E-01    5.5647E-03
                      79  HERMES_F   9.8063E-01    5.8210E-03
0 MINIMIZATION TERMINATED WITH STEP  3
  TOLERANCE CRITERION      SATISFIED
0 CHI SQUARED PER DEGREE OF FREEDOM IS  1.046E+00
   1.000 -0.431 -0.979  0.275 -0.018  0.155 -0.353  0.457  0.395 -0.295 -0.493 -0.173 -0.269  0.011  0.175  0.135  0.066 -0.031  0.296 -0.110  0.075  0.090 -0.236  0.158  0.326  0.250  0.155  0.310  0.274 -0.380 -0.185  0.083  0.196  0.215 -0.162 -0.132  0.433  0.131  0.269  0.238
  -0.431  1.000  0.581  0.215  0.362 -0.240  0.226 -0.176 -0.163  0.371  0.277  0.241  0.085  0.156 -0.008  0.070  0.023  0.036 -0.292  0.081  0.098 -0.544  0.371  0.300  0.094  0.058  0.031  0.002  0.038  0.207  0.020  0.008  0.117  0.126 -0.034 -0.010 -0.107 -0.179  0.048  0.051
  -0.979  0.581  1.000 -0.185  0.102 -0.194  0.367 -0.440 -0.385  0.358  0.523  0.210  0.279  0.036 -0.149 -0.094 -0.047  0.029 -0.316  0.122 -0.036 -0.166  0.269 -0.081 -0.211 -0.160 -0.091 -0.192 -0.164  0.446  0.234 -0.068 -0.084 -0.112  0.120  0.098 -0.359 -0.151 -0.164 -0.139
   0.275  0.215 -0.185  1.000  0.822 -0.631  0.007  0.150  0.101 -0.111 -0.226  0.350 -0.197  0.262  0.336  0.236 -0.211  0.231  0.229  0.140  0.237 -0.265  0.142  0.294  0.289  0.225  0.122  0.289  0.234  0.052 -0.111  0.062  0.247  0.153 -0.050 -0.050  0.159 -0.070  0.270  0.226
  -0.018  0.362  0.102  0.822  1.000 -0.881  0.531 -0.088 -0.104  0.168  0.117  0.174 -0.010  0.214  0.225  0.182 -0.213  0.225 -0.174  0.091  0.079 -0.169  0.029  0.196  0.179  0.115  0.119  0.133  0.076  0.125  0.006  0.024  0.137 -0.019 -0.021 -0.025  0.087 -0.010  0.149  0.106
   0.155 -0.240 -0.194 -0.631 -0.881  1.000 -0.734  0.271  0.262 -0.158 -0.273 -0.058 -0.001 -0.297 -0.176 -0.202  0.238 -0.273  0.059  0.057 -0.092  0.180 -0.092 -0.128 -0.082 -0.055 -0.134 -0.061 -0.035 -0.166 -0.128  0.008 -0.076  0.041 -0.006 -0.001 -0.022 -0.104 -0.096 -0.077
  -0.353  0.226  0.367  0.007  0.531 -0.734  1.000 -0.412 -0.371  0.465  0.598 -0.285  0.254  0.041 -0.059  0.041 -0.079  0.094 -0.404 -0.171 -0.165  0.032 -0.101 -0.074 -0.035 -0.042  0.112 -0.070 -0.071  0.171  0.277 -0.051 -0.021 -0.121 -0.002 -0.002  0.019  0.194 -0.027 -0.021
   0.457 -0.176 -0.440  0.150 -0.088  0.271 -0.412  1.000  0.967 -0.397 -0.779  0.072 -0.150 -0.101 -0.092 -0.048  0.191 -0.153  0.144  0.065  0.019 -0.025 -0.030  0.073  0.226  0.191  0.149  0.222  0.206 -0.084 -0.072  0.084  0.160  0.179  0.019  0.011  0.309 -0.013  0.201  0.179
   0.395 -0.163 -0.385  0.101 -0.104  0.262 -0.371  0.967  1.000 -0.351 -0.727  0.052 -0.127 -0.105 -0.199 -0.113  0.226 -0.201  0.120  0.060  0.006 -0.021 -0.025  0.055  0.174  0.148  0.126  0.164  0.151 -0.095 -0.083  0.072  0.115  0.133  0.034  0.022  0.247 -0.015  0.149  0.131
  -0.295  0.371  0.358 -0.111  0.168 -0.158  0.465 -0.397 -0.351  1.000  0.760 -0.349  0.454 -0.246 -0.079 -0.187 -0.207  0.045 -0.318  0.109 -0.331  0.127 -0.057 -0.242 -0.070 -0.029  0.025 -0.057 -0.016 -0.007  0.040 -0.027 -0.007 -0.017  0.114  0.058 -0.035 -0.110 -0.017  0.021
  -0.493  0.277  0.523 -0.226  0.117 -0.273  0.598 -0.779 -0.727  0.760  1.000 -0.313  0.352 -0.184 -0.061 -0.137 -0.128 -0.014 -0.291 -0.099 -0.352  0.184 -0.165 -0.254 -0.023 -0.008  0.072  0.018  0.048  0.279  0.403 -0.090  0.055  0.042 -0.037 -0.057  0.044  0.078  0.035  0.076
  -0.173  0.241  0.210  0.350  0.174 -0.058 -0.285  0.072  0.052 -0.349 -0.313  1.000 -0.577  0.332  0.151  0.111 -0.080  0.117  0.142  0.132  0.474 -0.275  0.301  0.316  0.020  0.039 -0.012  0.034  0.012  0.285 -0.115  0.039  0.026 -0.009  0.042  0.037 -0.217 -0.126  0.068 -0.002
  -0.269  0.085  0.279 -0.197 -0.010 -0.001  0.254 -0.150 -0.127  0.454  0.352 -0.577  1.000 -0.012 -0.191 -0.097  0.154 -0.146 -0.246  0.277 -0.105  0.119 -0.118 -0.003  0.022  0.009  0.026  0.001 -0.014  0.171  0.127 -0.004 -0.006 -0.030 -0.039 -0.030 -0.039 -0.231 -0.012 -0.007
   0.011  0.156  0.036  0.262  0.214 -0.297  0.041 -0.101 -0.105 -0.246 -0.184  0.332 -0.012  1.000  0.138  0.361 -0.074  0.283  0.149  0.048  0.747 -0.305  0.325  0.487  0.130  0.073  0.143  0.109  0.034  0.187 -0.079  0.075  0.044 -0.011 -0.011  0.017 -0.239 -0.168  0.127  0.055
   0.175 -0.008 -0.149  0.336  0.225 -0.176 -0.059 -0.092 -0.199 -0.079 -0.061  0.151 -0.191  0.138  1.000  0.702 -0.683  0.801  0.135  0.015  0.133 -0.045  0.101  0.027  0.104  0.095 -0.042  0.151  0.147 -0.065 -0.093  0.040  0.116  0.116  0.007  0.026  0.053 -0.010  0.137  0.134
   0.135  0.070 -0.094  0.236  0.182 -0.202  0.041 -0.048 -0.113 -0.187 -0.137  0.111 -0.097  0.361  0.702  1.000 -0.233  0.727  0.074  0.054  0.359 -0.245  0.305  0.185  0.110  0.124  0.038  0.217  0.238 -0.000 -0.034  0.051  0.194  0.215 -0.200 -0.074  0.005 -0.027  0.179  0.202
   0.066  0.023 -0.047 -0.211 -0.213  0.238 -0.079  0.191  0.226 -0.207 -0.128 -0.080  0.154 -0.074 -0.683 -0.233  1.000 -0.817 -0.083  0.019  0.064 -0.130 -0.047  0.229  0.135  0.119  0.154  0.170  0.175  0.192  0.235 -0.010  0.174  0.186 -0.396 -0.274  0.231  0.057  0.097  0.108
  -0.031  0.036  0.029  0.231  0.225 -0.273  0.094 -0.153 -0.201  0.045 -0.014  0.117 -0.146  0.283  0.801  0.727 -0.817  1.000  0.079  0.043  0.184 -0.077  0.272 -0.070 -0.115 -0.076 -0.127 -0.086 -0.068 -0.183 -0.253  0.037 -0.084 -0.075  0.214  0.197 -0.265 -0.088 -0.043 -0.032
   0.296 -0.292 -0.316  0.229 -0.174  0.059 -0.404  0.144  0.120 -0.318 -0.291  0.142 -0.246  0.149  0.135  0.074 -0.083  0.079  1.000 -0.292  0.219 -0.237  0.240  0.155  0.094  0.114  0.030  0.145  0.184 -0.081 -0.079  0.028  0.109  0.209 -0.024 -0.015  0.064  0.015  0.132  0.146
  -0.110  0.081  0.122  0.140  0.091  0.057 -0.171  0.065  0.060  0.109 -0.099  0.132  0.277  0.048  0.015  0.054  0.019  0.043 -0.292  1.000  0.110 -0.102  0.116  0.205 -0.088  0.083 -0.089 -0.076 -0.030  0.021 -0.194  0.037 -0.016 -0.097  0.067  0.057 -0.216 -0.422 -0.089 -0.011
   0.075  0.098 -0.036  0.237  0.079 -0.092 -0.165  0.019  0.006 -0.331 -0.352  0.474 -0.105  0.747  0.133  0.359  0.064  0.184  0.219  0.110  1.000 -0.349  0.364  0.705  0.079  0.127  0.024  0.037  0.062  0.096 -0.167  0.079 -0.040 -0.011 -0.052 -0.002 -0.272 -0.213  0.051  0.081
   0.090 -0.544 -0.166 -0.265 -0.169  0.180  0.032 -0.025 -0.021  0.127  0.184 -0.275  0.119 -0.305 -0.045 -0.245 -0.130 -0.077 -0.237 -0.102 -0.349  1.000 -0.810 -0.482 -0.015 -0.053  0.031 -0.031 -0.080  0.028  0.186 -0.032 -0.190 -0.226  0.083  0.016  0.171  0.130 -0.034 -0.063
  -0.236  0.371  0.269  0.142  0.029 -0.092 -0.101 -0.030 -0.025 -0.057 -0.165  0.301 -0.118  0.325  0.101  0.305 -0.047  0.272  0.240  0.116  0.364 -0.810  1.000  0.096 -0.160 -0.079 -0.132  0.005  0.063 -0.096 -0.292  0.031  0.079  0.153  0.083  0.113 -0.391 -0.192 -0.020  0.011
   0.158  0.300 -0.081  0.294  0.196 -0.128 -0.074  0.073  0.055 -0.242 -0.254  0.316 -0.003  0.487  0.027  0.185  0.229 -0.070  0.155  0.205  0.705 -0.482  0.096  1.000  0.208  0.306  0.105 -0.003  0.138  0.141 -0.034  0.060  0.029  0.128 -0.199 -0.125 -0.003 -0.253  0.067  0.163
   0.326  0.094 -0.211  0.289  0.179 -0.082 -0.035  0.226  0.174 -0.070 -0.023  0.020  0.022  0.130  0.104  0.110  0.135 -0.115  0.094 -0.088  0.079 -0.015 -0.160  0.208  1.000  0.491  0.387  0.690  0.614  0.394  0.458  0.058  0.565  0.520 -0.234 -0.206  0.572  0.101  0.595  0.551
   0.250  0.058 -0.160  0.225  0.115 -0.055 -0.042  0.191  0.148 -0.029 -0.008  0.039  0.009  0.073  0.095  0.124  0.119 -0.076  0.114  0.083  0.127 -0.053 -0.079  0.306  0.491  1.000  0.320  0.534  0.662  0.330  0.401  0.047  0.415  0.544 -0.198 -0.169  0.466 -0.053  0.485  0.577
   0.155  0.031 -0.091  0.122  0.119 -0.134  0.112  0.149  0.126  0.025  0.072 -0.012  0.026  0.143 -0.042  0.038  0.154 -0.127  0.030 -0.089  0.024  0.031 -0.132  0.105  0.387  0.320  1.000  0.437  0.409  0.345  0.410  0.030  0.347  0.336 -0.165 -0.144  0.421  0.093  0.419  0.396
   0.310  0.002 -0.192  0.289  0.133 -0.061 -0.070  0.222  0.164 -0.057  0.018  0.034  0.001  0.109  0.151  0.217  0.170 -0.086  0.145 -0.076  0.037 -0.031  0.005 -0.003  0.690  0.534  0.437  1.000  0.803  0.481  0.564  0.058  0.764  0.687 -0.283 -0.241  0.643  0.156  0.749  0.688
   0.274  0.038 -0.164  0.234  0.076 -0.035 -0.071  0.206  0.151 -0.016  0.048  0.012 -0.014  0.034  0.147  0.238  0.175 -0.068  0.184 -0.030  0.062 -0.080  0.063  0.138  0.614  0.662  0.409  0.803  1.000  0.430  0.558  0.046  0.623  0.825 -0.289 -0.236  0.618 -0.004  0.692  0.794
  -0.380  0.207  0.446  0.052  0.125 -0.166  0.171 -0.084 -0.095 -0.007  0.279  0.285  0.171  0.187 -0.065 -0.000  0.192 -0.183 -0.081  0.021  0.096  0.028 -0.096  0.141  0.394  0.330  0.345  0.481  0.430  1.000  0.687 -0.007  0.398  0.345 -0.190 -0.167  0.306  0.022  0.443  0.401
  -0.185  0.020  0.234 -0.111  0.006 -0.128  0.277 -0.072 -0.083  0.040  0.403 -0.115  0.127 -0.079 -0.093 -0.034  0.235 -0.253 -0.079 -0.194 -0.167  0.186 -0.292 -0.034  0.458  0.401  0.410  0.564  0.558  0.687  1.000 -0.037  0.469  0.467 -0.257 -0.227  0.577  0.230  0.498  0.527
   0.083  0.008 -0.068  0.062  0.024  0.008 -0.051  0.084  0.072 -0.027 -0.090  0.039 -0.004  0.075  0.040  0.051 -0.010  0.037  0.028  0.037  0.079 -0.032  0.031  0.060  0.058  0.047  0.030  0.058  0.046 -0.007 -0.037  1.000  0.041  0.034  0.011  0.011  0.013 -0.038  0.052  0.041
   0.196  0.117 -0.084  0.247  0.137 -0.076 -0.021  0.160  0.115 -0.007  0.055  0.026 -0.006  0.044  0.116  0.194  0.174 -0.084  0.109 -0.016 -0.040 -0.190  0.079  0.029  0.565  0.415  0.347  0.764  0.623  0.398  0.469  0.041  1.000  0.591 -0.255 -0.209  0.530  0.160  0.598  0.535
   0.215  0.126 -0.112  0.153 -0.019  0.041 -0.121  0.179  0.133 -0.017  0.042 -0.009 -0.030 -0.011  0.116  0.215  0.186 -0.075  0.209 -0.097 -0.011 -0.226  0.153  0.128  0.520  0.544  0.336  0.687  0.825  0.345  0.467  0.034  0.591  1.000 -0.270 -0.212  0.534  0.018  0.584  0.663
  -0.162 -0.034  0.120 -0.050 -0.021 -0.006 -0.002  0.019  0.034  0.114 -0.037  0.042 -0.039 -0.011  0.007 -0.200 -0.396  0.214 -0.024  0.067 -0.052  0.083  0.083 -0.199 -0.234 -0.198 -0.165 -0.283 -0.289 -0.190 -0.257  0.011 -0.255 -0.270  1.000  0.280 -0.323 -0.093 -0.232 -0.238
  -0.132 -0.010  0.098 -0.050 -0.025 -0.001 -0.002  0.011  0.022  0.058 -0.057  0.037 -0.030  0.017  0.026 -0.074 -0.274  0.197 -0.015  0.057 -0.002  0.016  0.113 -0.125 -0.206 -0.169 -0.144 -0.241 -0.236 -0.167 -0.227  0.011 -0.209 -0.212  0.280  1.000 -0.280 -0.083 -0.201 -0.200
   0.433 -0.107 -0.359  0.159  0.087 -0.022  0.019  0.309  0.247 -0.035  0.044 -0.217 -0.039 -0.239  0.053  0.005  0.231 -0.265  0.064 -0.216 -0.272  0.171 -0.391 -0.003  0.572  0.466  0.421  0.643  0.618  0.306  0.577  0.013  0.530  0.534 -0.323 -0.280  1.000  0.270  0.570  0.568
   0.131 -0.179 -0.151 -0.070 -0.010 -0.104  0.194 -0.013 -0.015 -0.110  0.078 -0.126 -0.231 -0.168 -0.010 -0.027  0.057 -0.088  0.015 -0.422 -0.213  0.130 -0.192 -0.253  0.101 -0.053  0.093  0.156 -0.004  0.022  0.230 -0.038  0.160  0.018 -0.093 -0.083  0.270  1.000  0.104  0.014
   0.269  0.048 -0.164  0.270  0.149 -0.096 -0.027  0.201  0.149 -0.017  0.035  0.068 -0.012  0.127  0.137  0.179  0.097 -0.043  0.132 -0.089  0.051 -0.034 -0.020  0.067  0.595  0.485  0.419  0.749  0.692  0.443  0.498  0.052  0.598  0.584 -0.232 -0.201  0.570  0.104  1.000  0.618
   0.238  0.051 -0.139  0.226  0.106 -0.077 -0.021  0.179  0.131  0.021  0.076 -0.002 -0.007  0.055  0.134  0.202  0.108 -0.032  0.146 -0.011  0.081 -0.063  0.011  0.163  0.551  0.577  0.396  0.688  0.794  0.401  0.527  0.041  0.535  0.663 -0.238 -0.200  0.568  0.014  0.618  1.000

0                ***   ***   ***  ***   ***   ***



     X        Q2         W2       THEORY        error         DATA           ERROR        chi^2     _w    ITYPE
.4831E+00     3.585  0.472E+01   0.17940E+00   0.66487E-03   0.18590E+00    0.56080E-02   -1.34         jl00106F2p          
.4904E+00     3.624  0.465E+01   0.17449E+00   0.64079E-03   0.18170E+00    0.55227E-02   -1.70         jl00106F2p          
.4978E+00     3.663  0.458E+01   0.16956E+00   0.61670E-03   0.17590E+00    0.53000E-02   -1.43         jl00106F2p          
.5052E+00     3.702  0.451E+01   0.16467E+00   0.59295E-03   0.16780E+00    0.50774E-02   -0.38         jl00106F2p          
.5127E+00     3.740  0.444E+01   0.15978E+00   0.56928E-03   0.16030E+00    0.48549E-02   -0.01         jl00106F2p          
.5202E+00     3.779  0.437E+01   0.15494E+00   0.54602E-03   0.15490E+00    0.47707E-02    0.00         jl00106F2p          
.5278E+00     3.818  0.430E+01   0.15009E+00   0.52293E-03   0.15390E+00    0.46872E-02   -0.66         jl00106F2p          
.5355E+00     3.857  0.423E+01   0.14525E+00   0.50009E-03   0.14960E+00    0.45486E-02   -0.91         jl00106F2p          
.5433E+00     3.895  0.416E+01   0.14042E+00   0.47756E-03   0.13750E+00    0.42438E-02    0.47         jl00106F2p          
.5511E+00     3.934  0.409E+01   0.13566E+00   0.45569E-03   0.13020E+00    0.40224E-02    1.84         jl00106F2p          
