 Correlated errors added in quadrature with statistical errors
 jl00106F2p           DIS data with   1.69< Q2 < 0.500D+03 and 0.000 < xB < 1.000 and   3.00< W2 < 0.100D+04 and 0.000 < y < 1.000
   GP TMC applied
   HT corrections, multiplicative C=C(xB)
 Correlated errors added in quadrature with statistical errors
 jl00106F2d           DIS data with   1.69< Q2 < 0.500D+03 and 0.000 < xB < 1.000 and   3.00< W2 < 0.100D+04 and 0.000 < y < 1.000
   WBArel smearing  (AV18) - KP-like (baryon conserv.)0 nuke corrections
   GP TMC applied
   HT corrections, multiplicative C=C(xB)
 Correlated errors added in quadrature with statistical errors
 HerF2pCut            DIS data with   1.69< Q2 < 0.500D+03 and 0.000 < xB < 1.000 and   3.00< W2 < 0.100D+04 and 0.000 < y < 1.000
   GP TMC applied
   HT corrections, multiplicative C=C(xB)
 Correlated errors added in quadrature with statistical errors
 HerF2dCut            DIS data with   1.69< Q2 < 0.500D+03 and 0.000 < xB < 1.000 and   3.00< W2 < 0.100D+04 and 0.000 < y < 1.000
   WBArel smearing  (AV18) - KP-like (baryon conserv.)0 nuke corrections
   GP TMC applied
   HT corrections, multiplicative C=C(xB)
 Correlated errors added in quadrature with statistical errors
 slac_p               DIS data with   1.69< Q2 < 0.500D+03 and 0.000 < xB < 1.000 and   3.00< W2 < 0.100D+04 and 0.000 < y < 1.000
   GP TMC applied
   HT corrections, multiplicative C=C(xB)
 Correlated errors added in quadrature with statistical errors
 slac_d               DIS data with   1.69< Q2 < 0.500D+03 and 0.000 < xB < 1.000 and   3.00< W2 < 0.100D+04 and 0.000 < y < 1.000
   WBArel smearing  (AV18) - KP-like (baryon conserv.)0 nuke corrections
   GP TMC applied
   HT corrections, multiplicative C=C(xB)
 Correlated errors treated separately from statistical errors
 BcdF2pCor            DIS data with   1.69< Q2 < 0.500D+03 and 0.000 < xB < 1.000 and   3.00< W2 < 0.100D+04 and 0.000 < y < 1.000
   GP TMC applied
   HT corrections, multiplicative C=C(xB)
 Correlated errors treated separately from statistical errors
 BcdF2dCor            DIS data with   1.69< Q2 < 0.500D+03 and 0.000 < xB < 1.000 and   3.00< W2 < 0.100D+04 and 0.000 < y < 1.000
   WBArel smearing  (AV18) - KP-like (baryon conserv.)0 nuke corrections
   GP TMC applied
   HT corrections, multiplicative C=C(xB)
 Correlated errors treated separately from statistical errors
 NmcF2pCor            DIS data with   1.69< Q2 < 0.500D+03 and 0.000 < xB < 1.000 and   3.00< W2 < 0.100D+04 and 0.000 < y < 1.000
   GP TMC applied
   HT corrections, multiplicative C=C(xB)
 Correlated errors treated separately from statistical errors
 NmcRatCor            DIS data with   1.69< Q2 < 0.500D+03 and 0.000 < xB < 1.000 and   3.00< W2 < 0.100D+04 and 0.000 < y < 1.000
   WBArel smearing  (AV18) - KP-like (baryon conserv.)0 nuke corrections
   GP TMC applied
   HT corrections, multiplicative C=C(xB)
 Correlated errors treated separately from statistical errors
 H2_NC_em             DIS data with   1.69< Q2 < 0.100D+06 and 0.000 < xB < 1.000 and   3.00< W2 < 0.100D+08 and 0.000 < y < 1.000
   GP TMC applied
   HT corrections, multiplicative C=C(xB)
 Correlated errors treated separately from statistical errors
 H2_NC_ep_1           DIS data with   1.69< Q2 < 0.100D+06 and 0.000 < xB < 1.000 and   3.00< W2 < 0.100D+08 and 0.000 < y < 1.000
   GP TMC applied
   HT corrections, multiplicative C=C(xB)
 Correlated errors treated separately from statistical errors
 H2_NC_ep_2           DIS data with   1.69< Q2 < 0.100D+06 and 0.000 < xB < 1.000 and   3.00< W2 < 0.100D+08 and 0.000 < y < 1.000
   GP TMC applied
   HT corrections, multiplicative C=C(xB)
 Correlated errors treated separately from statistical errors
 H2_NC_ep_3           DIS data with   1.69< Q2 < 0.100D+06 and 0.000 < xB < 1.000 and   3.00< W2 < 0.100D+08 and 0.000 < y < 1.000
   GP TMC applied
   HT corrections, multiplicative C=C(xB)
 Correlated errors treated separately from statistical errors
 H2_NC_ep_4           DIS data with   1.69< Q2 < 0.100D+06 and 0.000 < xB < 1.000 and   3.00< W2 < 0.100D+08 and 0.000 < y < 1.000
   GP TMC applied
   HT corrections, multiplicative C=C(xB)
 Correlated errors treated separately from statistical errors
 H2_CC_em             DIS data with   1.69< Q2 < 0.100D+06 and 0.000 < xB < 1.000 and   3.00< W2 < 0.100D+08 and 0.000 < y < 1.000
   GP TMC applied
   HT corrections, multiplicative C=C(xB)
 Correlated errors treated separately from statistical errors
 H2_CC_ep             DIS data with   1.69< Q2 < 0.100D+06 and 0.000 < xB < 1.000 and   3.00< W2 < 0.100D+08 and 0.000 < y < 1.000
   GP TMC applied
   HT corrections, multiplicative C=C(xB)
 Correlated errors added in quadrature with statistical errors
 BNS_F2nd             DIS data with   1.69< Q2 < 0.100D+06 and 0.000 < xB < 1.000 and   3.00< W2 < 0.100D+08 and 0.000 < y < 1.000
   WBArel smearing  (AV18) - KP-like (baryon conserv.)0 nuke corrections
   GP TMC applied
   HT corrections, multiplicative C=C(xB)
 Correlated errors added in quadrature with statistical errors
 e866pp06xf           vector boson data with Q2 >=  36.00
 Correlated errors added in quadrature with statistical errors
 e866pd06xf           vector boson data with Q2 >=  36.00
 Correlated errors added in quadrature with statistical errors
 cdfLasy05            vector boson data with Q2 >=   0.00
 Correlated errors added in quadrature with statistical errors
 d0Lasy_e15           vector boson data with Q2 >=   0.00
 Correlated errors added in quadrature with statistical errors
 d0Lasy13             vector boson data with Q2 >=   0.00
 Correlated errors added in quadrature with statistical errors
 CDF_Wasy             vector boson data with Q2 >=   0.00
 Correlated errors added in quadrature with statistical errors
 D0_Wasy              vector boson data with Q2 >=   0.00
 Correlated errors added in quadrature with statistical errors
 CDF_Z                vector boson data with Q2 >=   0.00
 Correlated errors added in quadrature with statistical errors
 D0_Z                 vector boson data with Q2 >=   0.00
 Correlated errors added in quadrature with statistical errors
 d0run2cone          Jet data - errors added in quadrature
 Correlated errors added in quadrature with statistical errors
 CDFrun2jet          Jet data - errors added in quadrature
 Correlated errors added in quadrature with statistical errors
 d0_gamjet1           Photon data -- cuts to be written yet ...
 Correlated errors added in quadrature with statistical errors
 d0_gamjet2           Photon data -- cuts to be written yet ...
 Correlated errors added in quadrature with statistical errors
 d0_gamjet3           Photon data -- cuts to be written yet ...
 Correlated errors added in quadrature with statistical errors
 d0_gamjet4           Photon data -- cuts to be written yet ...

# fitpack15: fit output
# CJ15 AV18 final data choices                                                 

Parametrization   7 used here

 S-ACOT scheme used  for NC DIS

 charm mass =     1.30 GeV     bottom mass =     4.50 GeV



 THIS IS A NEXT TO LEADING ORDER FIT

 Q02=    1.69
         1  LAMBDA      VALUE=   0.22680      WEIGHT=    0.0000    
         2  a0uv        VALUE=    2.2679      WEIGHT=    0.0000    
         3  a1uv        VALUE=   0.60223      WEIGHT=   0.19856E-01
         4  a2uv        VALUE=    3.5564      WEIGHT=   0.12414E-01
         5  a3uv        VALUE=    0.0000      WEIGHT=    0.0000    
         6  a4uv        VALUE=    3.7947      WEIGHT=   0.42903    
         7  a5uv        VALUE=    0.0000      WEIGHT=    0.0000    
         8  a0dv        VALUE=    25.967      WEIGHT=    0.0000    
         9  a1dv        VALUE=    1.1698      WEIGHT=   0.33533E-01
        10  a2dv        VALUE=    6.6258      WEIGHT=   0.15936    
        11  a3dv        VALUE=   -3.5383      WEIGHT=   0.86332E-01
        12  a4dv        VALUE=    4.7237      WEIGHT=   0.14209    
        13  a5dv        VALUE=    0.0000      WEIGHT=    0.0000    
        14  a0ud        VALUE=   0.14732      WEIGHT=   0.50348E-02
        15  a1ud        VALUE=  -0.20714      WEIGHT=   0.37551E-02
        16  a2ud        VALUE=    8.3445      WEIGHT=   0.19114    
        17  a3ud        VALUE=    0.0000      WEIGHT=    0.0000    
        18  a4ud        VALUE=    14.565      WEIGHT=    1.2151    
        19  a5ud        VALUE=    0.0000      WEIGHT=    0.0000    
        20  a0du        VALUE=    35712.      WEIGHT=    0.0000    
        21  a1du        VALUE=    4.0477      WEIGHT=   0.74070E-01
        22  a2du        VALUE=    20.158      WEIGHT=   0.87862    
        23  a3du        VALUE=    17.000      WEIGHT=    0.0000    
        24  a4du        VALUE=    51.154      WEIGHT=    10.239    
        25  a0g         VALUE=    43.618      WEIGHT=    0.0000    
        26  a1g         VALUE=   0.59625      WEIGHT=   0.31164E-01
        27  a2g         VALUE=    6.4817      WEIGHT=   0.96748    
        28  a3g         VALUE=   -3.2663      WEIGHT=   0.13418    
        29  a4g         VALUE=    3.1244      WEIGHT=   0.31376    
        30  a5g         VALUE=    0.0000      WEIGHT=    0.0000    
        31  kappa       VALUE=   0.40000      WEIGHT=    0.0000    
        32  a6dv        VALUE=  -0.36761E-02  WEIGHT=   0.66324E-03
        33  a7dv        VALUE=    2.0000      WEIGHT=    0.0000    
        34  off1        VALUE=   -3.6786      WEIGHT=    1.5278    
        35  off2        VALUE=   0.59584E-01  WEIGHT=   0.14842E-01
        36  ht1         VALUE=   -3.5649      WEIGHT=   0.26061    
        37  ht2         VALUE=    2.0218      WEIGHT=   0.10524    
        38  ht3         VALUE=   -2.0641      WEIGHT=   0.19888E-01
        39  ht4         VALUE=    0.0000      WEIGHT=    0.0000    
        40  dummy40     VALUE=    0.0000      WEIGHT=    0.0000    
        41  dummy41     VALUE=    0.0000      WEIGHT=    0.0000    
        42  dummy42     VALUE=    0.0000      WEIGHT=    0.0000    
        43  dummy43     VALUE=    0.0000      WEIGHT=    0.0000    
        44  dummy44     VALUE=    0.0000      WEIGHT=    0.0000    
        45  dummy45     VALUE=    0.0000      WEIGHT=    0.0000    
        46  dummy46     VALUE=    0.0000      WEIGHT=    0.0000    
        47  dummy47     VALUE=    0.0000      WEIGHT=    0.0000    
        48  dummy48     VALUE=    0.0000      WEIGHT=    0.0000    
        49  dummy49     VALUE=    0.0000      WEIGHT=    0.0000    
        50  bcdmsh2     VALUE=   0.97307      WEIGHT=   0.48289E-02
        51  bcdmsd2     VALUE=   0.99317      WEIGHT=   0.58269E-02
        52  ccfr        VALUE=    1.0000      WEIGHT=    0.0000    
        53  nutev       VALUE=    1.0000      WEIGHT=    0.0000    
        54  zeus        VALUE=   0.97998      WEIGHT=    0.0000    
        55  h1          VALUE=    1.0162      WEIGHT=    0.0000    
        56  e605        VALUE=    1.0319      WEIGHT=    0.0000    
        57  NmcH2       VALUE=    1.0095      WEIGHT=   0.71247E-02
        58  ntv_nu      VALUE=    1.0000      WEIGHT=    0.0000    
        59  ntv_nubar   VALUE=    1.0000      WEIGHT=    0.0000    
        60  cdf_jet     VALUE=   0.98910      WEIGHT=    0.0000    
        61  d0_jet      VALUE=   0.83504      WEIGHT=    0.0000    
        62  slac_p      VALUE=    1.0049      WEIGHT=   0.48124E-02
        63  slac_d      VALUE=    1.0042      WEIGHT=   0.52781E-02
        64  e866pp      VALUE=   0.96586      WEIGHT=   0.19263E-01
        65  e866pd      VALUE=   0.96369      WEIGHT=   0.15783E-01
        66  d0_gamjet   VALUE=    1.0389      WEIGHT=   0.16474E-01
        67  h1b         VALUE=   0.97608      WEIGHT=    0.0000    
        68  jlab_p      VALUE=   0.99446      WEIGHT=   0.57943E-02
        69  jlab_d      VALUE=   0.97557      WEIGHT=   0.59019E-02
        70  blank       VALUE=    1.0000      WEIGHT=    0.0000    
        71  d0run2      VALUE=   0.94087      WEIGHT=   0.14167E-01
        72  cdfrun2     VALUE=   0.92649      WEIGHT=   0.17233E-01
        73  HERA_el     VALUE=    1.0000      WEIGHT=    0.0000    
        74  HERA_ps     VALUE=    1.0000      WEIGHT=    0.0000    
        75  CDF_Z       VALUE=   0.96581      WEIGHT=   0.64944E-02
        76  NmcRat      VALUE=    1.0000      WEIGHT=    0.0000    
        77  BNS_F2nd    VALUE=   0.98310      WEIGHT=   0.68314E-02
        78  HERMES_F2p  VALUE=   0.99832      WEIGHT=   0.55693E-02
        79  HERMES_F2d  VALUE=   0.98039      WEIGHT=   0.58259E-02
0THE TOLERANCE IS    0.1000
 THE MAXIMUM NUMBER OF STEPS IS 100
0THE INITIAL CHI SQUARED IS  4.71026E+03
0  STEP  CHI SQUARED    PARAMETER      VALUE         ERROR
 ------------------------------------------------------------
     1    4.70814E+03
                       1  LAMBDA     2.2680E-01       FIX 
                       2  a0uv       2.2669E+00       FIX 
                       3  a1uv       6.0215E-01           
                       4  a2uv       3.5555E+00           
                       5  a3uv       0.0000E+00       FIX 
                       6  a4uv       3.7955E+00           
                       7  a5uv       0.0000E+00       FIX 
                       8  a0dv       2.5989E+01       FIX 
                       9  a1dv       1.1700E+00           
                      10  a2dv       6.6234E+00           
                      11  a3dv      -3.5387E+00           
                      12  a4dv       4.7214E+00           
                      13  a5dv       0.0000E+00       FIX 
                      14  a0ud       1.4723E-01           
                      15  a1ud      -2.0716E-01           
                      16  a2ud       8.3443E+00           
                      17  a3ud       0.0000E+00       FIX 
                      18  a4ud       1.4575E+01           
                      19  a5ud       0.0000E+00       FIX 
                      20  a0du       3.5712E+04       FIX 
                      21  a1du       4.0504E+00           
                      22  a2du       2.0152E+01           
                      23  a3du       1.7000E+01       FIX 
                      24  a4du       5.2022E+01           
                      25  a0g        4.3571E+01       FIX 
                      26  a1g        5.9525E-01           
                      27  a2g        6.4923E+00           
                      28  a3g       -3.2672E+00           
                      29  a4g        3.1267E+00           
                      30  a5g        0.0000E+00       FIX 
                      31  kappa      4.0000E-01       FIX 
                      32  a6dv      -3.7035E-03           
                      33  a7dv       2.0000E+00       FIX 
                      34  off1      -3.6415E+00           
                      35  off2       5.8642E-02           
                      36  ht1       -3.5589E+00           
                      37  ht2        2.0217E+00           
                      38  ht3       -2.0630E+00           
                      39  ht4        0.0000E+00       FIX 
                      40  dummy40    0.0000E+00       FIX 
                      41  dummy41    0.0000E+00       FIX 
                      42  dummy42    0.0000E+00       FIX 
                      43  dummy43    0.0000E+00       FIX 
                      44  dummy44    0.0000E+00       FIX 
                      45  dummy45    0.0000E+00       FIX 
                      46  dummy46    0.0000E+00       FIX 
                      47  dummy47    0.0000E+00       FIX 
                      48  dummy48    0.0000E+00       FIX 
                      49  dummy49    0.0000E+00       FIX 
                      50  bcdmsh2    9.7288E-01           
                      51  bcdmsd2    9.9273E-01           
                      52  ccfr       1.0000E+00       FIX 
                      53  nutev      1.0000E+00       FIX 
                      54  zeus       9.7998E-01       FIX 
                      55  h1         1.0162E+00       FIX 
                      56  e605       1.0319E+00       FIX 
                      57  NmcH2      1.0093E+00           
                      58  ntv_nu     1.0000E+00       FIX 
                      59  ntv_nuba   1.0000E+00       FIX 
                      60  cdf_jet    9.8910E-01       FIX 
                      61  d0_jet     8.3504E-01       FIX 
                      62  slac_p     1.0049E+00           
                      63  slac_d     1.0041E+00           
                      64  e866pp     9.6998E-01           
                      65  e866pd     9.6371E-01           
                      66  d0_gamje   1.0388E+00           
                      67  h1b        9.7608E-01       FIX 
                      68  jlab_p     9.9520E-01           
                      69  jlab_d     9.7606E-01           
                      70  blank      1.0000E+00       FIX 
                      71  d0run2     9.4051E-01           
                      72  cdfrun2    9.2689E-01           
                      73  HERA_el    1.0000E+00       FIX 
                      74  HERA_ps    1.0000E+00       FIX 
                      75  CDF_Z      9.6460E-01           
                      76  NmcRat     1.0000E+00       FIX 
                      77  BNS_F2nd   9.8278E-01           
                      78  HERMES_F   9.9826E-01           
                      79  HERMES_F   9.8023E-01           
 ------------------------------------------------------------
     2    4.70791E+03
                       1  LAMBDA     2.2680E-01       FIX 
                       2  a0uv       2.2659E+00       FIX 
                       3  a1uv       6.0204E-01           
                       4  a2uv       3.5549E+00           
                       5  a3uv       0.0000E+00       FIX 
                       6  a4uv       3.7959E+00           
                       7  a5uv       0.0000E+00       FIX 
                       8  a0dv       2.6001E+01       FIX 
                       9  a1dv       1.1700E+00           
                      10  a2dv       6.6217E+00           
                      11  a3dv      -3.5385E+00           
                      12  a4dv       4.7193E+00           
                      13  a5dv       0.0000E+00       FIX 
                      14  a0ud       1.4716E-01           
                      15  a1ud      -2.0719E-01           
                      16  a2ud       8.3430E+00           
                      17  a3ud       0.0000E+00       FIX 
                      18  a4ud       1.4584E+01           
                      19  a5ud       0.0000E+00       FIX 
                      20  a0du       3.5712E+04       FIX 
                      21  a1du       4.0512E+00           
                      22  a2du       2.0158E+01           
                      23  a3du       1.7000E+01       FIX 
                      24  a4du       5.2130E+01           
                      25  a0g        4.3552E+01       FIX 
                      26  a1g        5.9503E-01           
                      27  a2g        6.5001E+00           
                      28  a3g       -3.2677E+00           
                      29  a4g        3.1294E+00           
                      30  a5g        0.0000E+00       FIX 
                      31  kappa      4.0000E-01       FIX 
                      32  a6dv      -3.6992E-03           
                      33  a7dv       2.0000E+00       FIX 
                      34  off1      -3.6011E+00           
                      35  off2       5.8067E-02           
                      36  ht1       -3.5534E+00           
                      37  ht2        2.0214E+00           
                      38  ht3       -2.0621E+00           
                      39  ht4        0.0000E+00       FIX 
                      40  dummy40    0.0000E+00       FIX 
                      41  dummy41    0.0000E+00       FIX 
                      42  dummy42    0.0000E+00       FIX 
                      43  dummy43    0.0000E+00       FIX 
                      44  dummy44    0.0000E+00       FIX 
                      45  dummy45    0.0000E+00       FIX 
                      46  dummy46    0.0000E+00       FIX 
                      47  dummy47    0.0000E+00       FIX 
                      48  dummy48    0.0000E+00       FIX 
                      49  dummy49    0.0000E+00       FIX 
                      50  bcdmsh2    9.7288E-01           
                      51  bcdmsd2    9.9270E-01           
                      52  ccfr       1.0000E+00       FIX 
                      53  nutev      1.0000E+00       FIX 
                      54  zeus       9.7998E-01       FIX 
                      55  h1         1.0162E+00       FIX 
                      56  e605       1.0319E+00       FIX 
                      57  NmcH2      1.0093E+00           
                      58  ntv_nu     1.0000E+00       FIX 
                      59  ntv_nuba   1.0000E+00       FIX 
                      60  cdf_jet    9.8910E-01       FIX 
                      61  d0_jet     8.3504E-01       FIX 
                      62  slac_p     1.0050E+00           
                      63  slac_d     1.0041E+00           
                      64  e866pp     9.7085E-01           
                      65  e866pd     9.6391E-01           
                      66  d0_gamje   1.0388E+00           
                      67  h1b        9.7608E-01       FIX 
                      68  jlab_p     9.9525E-01           
                      69  jlab_d     9.7602E-01           
                      70  blank      1.0000E+00       FIX 
                      71  d0run2     9.4049E-01           
                      72  cdfrun2    9.2691E-01           
                      73  HERA_el    1.0000E+00       FIX 
                      74  HERA_ps    1.0000E+00       FIX 
                      75  CDF_Z      9.6444E-01           
                      76  NmcRat     1.0000E+00       FIX 
                      77  BNS_F2nd   9.8277E-01           
                      78  HERMES_F   9.9831E-01           
                      79  HERMES_F   9.8021E-01           
 ------------------------------------------------------------
     3    4.70780E+03
                       1  LAMBDA     2.2680E-01       FIX 
                       2  a0uv       2.2650E+00       FIX 
                       3  a1uv       6.0193E-01           
                       4  a2uv       3.5545E+00           
                       5  a3uv       0.0000E+00       FIX 
                       6  a4uv       3.7964E+00           
                       7  a5uv       0.0000E+00       FIX 
                       8  a0dv       2.6010E+01       FIX 
                       9  a1dv       1.1701E+00           
                      10  a2dv       6.6201E+00           
                      11  a3dv      -3.5383E+00           
                      12  a4dv       4.7176E+00           
                      13  a5dv       0.0000E+00       FIX 
                      14  a0ud       1.4709E-01           
                      15  a1ud      -2.0724E-01           
                      16  a2ud       8.3416E+00           
                      17  a3ud       0.0000E+00       FIX 
                      18  a4ud       1.4593E+01           
                      19  a5ud       0.0000E+00       FIX 
                      20  a0du       3.5712E+04       FIX 
                      21  a1du       4.0513E+00           
                      22  a2du       2.0161E+01           
                      23  a3du       1.7000E+01       FIX 
                      24  a4du       5.2128E+01           
                      25  a0g        4.3578E+01       FIX 
                      26  a1g        5.9507E-01           
                      27  a2g        6.5086E+00           
                      28  a3g       -3.2682E+00           
                      29  a4g        3.1318E+00           
                      30  a5g        0.0000E+00       FIX 
                      31  kappa      4.0000E-01       FIX 
                      32  a6dv      -3.6887E-03           
                      33  a7dv       2.0000E+00       FIX 
                      34  off1      -3.5847E+00           
                      35  off2       5.7489E-02           
                      36  ht1       -3.5484E+00           
                      37  ht2        2.0210E+00           
                      38  ht3       -2.0612E+00           
                      39  ht4        0.0000E+00       FIX 
                      40  dummy40    0.0000E+00       FIX 
                      41  dummy41    0.0000E+00       FIX 
                      42  dummy42    0.0000E+00       FIX 
                      43  dummy43    0.0000E+00       FIX 
                      44  dummy44    0.0000E+00       FIX 
                      45  dummy45    0.0000E+00       FIX 
                      46  dummy46    0.0000E+00       FIX 
                      47  dummy47    0.0000E+00       FIX 
                      48  dummy48    0.0000E+00       FIX 
                      49  dummy49    0.0000E+00       FIX 
                      50  bcdmsh2    9.7288E-01           
                      51  bcdmsd2    9.9270E-01           
                      52  ccfr       1.0000E+00       FIX 
                      53  nutev      1.0000E+00       FIX 
                      54  zeus       9.7998E-01       FIX 
                      55  h1         1.0162E+00       FIX 
                      56  e605       1.0319E+00       FIX 
                      57  NmcH2      1.0093E+00           
                      58  ntv_nu     1.0000E+00       FIX 
                      59  ntv_nuba   1.0000E+00       FIX 
                      60  cdf_jet    9.8910E-01       FIX 
                      61  d0_jet     8.3504E-01       FIX 
                      62  slac_p     1.0050E+00           
                      63  slac_d     1.0041E+00           
                      64  e866pp     9.7117E-01           
                      65  e866pd     9.6410E-01           
                      66  d0_gamje   1.0388E+00           
                      67  h1b        9.7608E-01       FIX 
                      68  jlab_p     9.9518E-01           
                      69  jlab_d     9.7593E-01           
                      70  blank      1.0000E+00       FIX 
                      71  d0run2     9.4047E-01           
                      72  cdfrun2    9.2689E-01           
                      73  HERA_el    1.0000E+00       FIX 
                      74  HERA_ps    1.0000E+00       FIX 
                      75  CDF_Z      9.6442E-01           
                      76  NmcRat     1.0000E+00       FIX 
                      77  BNS_F2nd   9.8278E-01           
                      78  HERMES_F   9.9833E-01           
                      79  HERMES_F   9.8021E-01           
 ------------------------------------------------------------
     4    4.70773E+03
                       1  LAMBDA     2.2680E-01    0.0000E+00
                       2  a0uv       2.2641E+00    0.0000E+00
                       3  a1uv       6.0183E-01    2.0990E-02
                       4  a2uv       3.5541E+00    1.1948E-02
                       5  a3uv       0.0000E+00    0.0000E+00
                       6  a4uv       3.7969E+00    4.8406E-01
                       7  a5uv       0.0000E+00    0.0000E+00
                       8  a0dv       2.6015E+01    0.0000E+00
                       9  a1dv       1.1702E+00    3.2781E-02
                      10  a2dv       6.6186E+00    1.5680E-01
                      11  a3dv      -3.5381E+00    8.2705E-02
                      12  a4dv       4.7160E+00    1.3836E-01
                      13  a5dv       0.0000E+00    0.0000E+00
                      14  a0ud       1.4703E-01    5.0580E-03
                      15  a1ud      -2.0728E-01    3.7616E-03
                      16  a2ud       8.3401E+00    1.9248E-01
                      17  a3ud       0.0000E+00    0.0000E+00
                      18  a4ud       1.4600E+01    1.2247E+00
                      19  a5ud       0.0000E+00    0.0000E+00
                      20  a0du       3.5712E+04    0.0000E+00
                      21  a1du       4.0513E+00    7.9484E-02
                      22  a2du       2.0161E+01    9.0412E-01
                      23  a3du       1.7000E+01    0.0000E+00
                      24  a4du       5.2091E+01    1.0826E+01
                      25  a0g        4.3624E+01    0.0000E+00
                      26  a1g        5.9523E-01    3.1520E-02
                      27  a2g        6.5174E+00    1.0108E+00
                      28  a3g       -3.2688E+00    1.4033E-01
                      29  a4g        3.1341E+00    3.3705E-01
                      30  a5g        0.0000E+00    0.0000E+00
                      31  kappa      4.0000E-01    0.0000E+00
                      32  a6dv      -3.6768E-03    6.3082E-04
                      33  a7dv       2.0000E+00    0.0000E+00
                      34  off1      -3.5808E+00    1.5118E+00
                      35  off2       5.6894E-02    5.8521E-02
                      36  ht1       -3.5440E+00    2.7952E-01
                      37  ht2        2.0205E+00    1.0814E-01
                      38  ht3       -2.0603E+00    1.9032E-02
                      39  ht4        0.0000E+00    0.0000E+00
                      40  dummy40    0.0000E+00    0.0000E+00
                      41  dummy41    0.0000E+00    0.0000E+00
                      42  dummy42    0.0000E+00    0.0000E+00
                      43  dummy43    0.0000E+00    0.0000E+00
                      44  dummy44    0.0000E+00    0.0000E+00
                      45  dummy45    0.0000E+00    0.0000E+00
                      46  dummy46    0.0000E+00    0.0000E+00
                      47  dummy47    0.0000E+00    0.0000E+00
                      48  dummy48    0.0000E+00    0.0000E+00
                      49  dummy49    0.0000E+00    0.0000E+00
                      50  bcdmsh2    9.7288E-01    4.8302E-03
                      51  bcdmsd2    9.9271E-01    5.8299E-03
                      52  ccfr       1.0000E+00    0.0000E+00
                      53  nutev      1.0000E+00    0.0000E+00
                      54  zeus       9.7998E-01    0.0000E+00
                      55  h1         1.0162E+00    0.0000E+00
                      56  e605       1.0319E+00    0.0000E+00
                      57  NmcH2      1.0093E+00    7.1245E-03
                      58  ntv_nu     1.0000E+00    0.0000E+00
                      59  ntv_nuba   1.0000E+00    0.0000E+00
                      60  cdf_jet    9.8910E-01    0.0000E+00
                      61  d0_jet     8.3504E-01    0.0000E+00
                      62  slac_p     1.0050E+00    4.8234E-03
                      63  slac_d     1.0040E+00    5.2797E-03
                      64  e866pp     9.7136E-01    1.9432E-02
                      65  e866pd     9.6427E-01    1.5776E-02
                      66  d0_gamje   1.0387E+00    1.6481E-02
                      67  h1b        9.7608E-01    0.0000E+00
                      68  jlab_p     9.9508E-01    5.7947E-03
                      69  jlab_d     9.7584E-01    5.8986E-03
                      70  blank      1.0000E+00    0.0000E+00
                      71  d0run2     9.4042E-01    1.4151E-02
                      72  cdfrun2    9.2684E-01    1.7238E-02
                      73  HERA_el    1.0000E+00    0.0000E+00
                      74  HERA_ps    1.0000E+00    0.0000E+00
                      75  CDF_Z      9.6441E-01    6.4964E-03
                      76  NmcRat     1.0000E+00    0.0000E+00
                      77  BNS_F2nd   9.8281E-01    6.8693E-03
                      78  HERMES_F   9.9833E-01    5.5773E-03
                      79  HERMES_F   9.8021E-01    5.8273E-03
0 MINIMIZATION TERMINATED WITH STEP  4
  TOLERANCE CRITERION      SATISFIED
0 CHI SQUARED PER DEGREE OF FREEDOM IS  1.046E+00
   1.000 -0.389 -0.981  0.257 -0.020  0.160 -0.338  0.458  0.396 -0.316 -0.514 -0.210 -0.238 -0.018  0.173  0.142  0.066 -0.021  0.277 -0.105  0.075  0.105 -0.238  0.143  0.322  0.247  0.156  0.312  0.274 -0.405 -0.202  0.086  0.200  0.214 -0.159 -0.129  0.435  0.127  0.270  0.238
  -0.389  1.000  0.534  0.246  0.361 -0.231  0.193 -0.154 -0.144  0.369  0.264  0.249  0.037  0.162  0.009  0.093  0.031  0.043 -0.240  0.056  0.087 -0.559  0.364  0.333  0.113  0.068  0.036  0.012  0.045  0.192  0.017  0.011  0.116  0.133 -0.050 -0.020 -0.079 -0.159  0.058  0.058
  -0.981  0.534  1.000 -0.171  0.099 -0.196  0.350 -0.442 -0.386  0.373  0.541  0.245  0.243  0.061 -0.147 -0.100 -0.046  0.021 -0.290  0.113 -0.040 -0.178  0.269 -0.068 -0.213 -0.162 -0.095 -0.201 -0.171  0.466  0.249 -0.072 -0.095 -0.117  0.117  0.096 -0.363 -0.143 -0.172 -0.145
   0.257  0.246 -0.171  1.000  0.825 -0.623  0.011  0.141  0.093 -0.096 -0.207  0.332 -0.198  0.239  0.332  0.232 -0.205  0.228  0.264  0.125  0.217 -0.255  0.126  0.293  0.292  0.224  0.125  0.289  0.232  0.054 -0.096  0.060  0.246  0.149 -0.054 -0.053  0.173 -0.058  0.271  0.225
  -0.020  0.361  0.099  0.825  1.000 -0.875  0.529 -0.088 -0.104  0.174  0.127  0.163 -0.015  0.198  0.222  0.175 -0.203  0.215 -0.130  0.079  0.058 -0.143 -0.004  0.190  0.183  0.114  0.121  0.132  0.071  0.125  0.017  0.022  0.132 -0.025 -0.026 -0.030  0.100  0.003  0.148  0.104
   0.160 -0.231 -0.196 -0.623 -0.875  1.000 -0.742  0.277  0.268 -0.170 -0.292 -0.047 -0.000 -0.288 -0.171 -0.195  0.226 -0.262  0.023  0.074 -0.069  0.160 -0.063 -0.127 -0.083 -0.053 -0.136 -0.057 -0.028 -0.172 -0.146  0.011 -0.069  0.049 -0.000  0.004 -0.032 -0.119 -0.093 -0.073
  -0.338  0.193  0.350  0.011  0.529 -0.742  1.000 -0.405 -0.364  0.461  0.595 -0.282  0.253  0.045 -0.059  0.038 -0.068  0.083 -0.381 -0.173 -0.176  0.053 -0.128 -0.073 -0.031 -0.039  0.113 -0.070 -0.072  0.174  0.280 -0.051 -0.024 -0.123 -0.009 -0.007  0.025  0.200 -0.027 -0.021
   0.458 -0.154 -0.442  0.141 -0.088  0.277 -0.405  1.000  0.967 -0.399 -0.783  0.051 -0.138 -0.121 -0.096 -0.046  0.192 -0.153  0.132  0.067  0.016 -0.018 -0.037  0.069  0.228  0.193  0.153  0.226  0.209 -0.095 -0.074  0.085  0.165  0.181  0.018  0.010  0.318 -0.012  0.204  0.182
   0.396 -0.144 -0.386  0.093 -0.104  0.268 -0.364  0.967  1.000 -0.353 -0.730  0.034 -0.116 -0.123 -0.203 -0.112  0.226 -0.201  0.107  0.062  0.002 -0.012 -0.032  0.050  0.176  0.149  0.129  0.167  0.153 -0.103 -0.084  0.072  0.119  0.134  0.033  0.021  0.255 -0.014  0.152  0.134
  -0.316  0.369  0.373 -0.096  0.174 -0.170  0.461 -0.399 -0.353  1.000  0.759 -0.323  0.457 -0.228 -0.076 -0.186 -0.213  0.046 -0.301  0.130 -0.314  0.105 -0.027 -0.241 -0.080 -0.035  0.016 -0.064 -0.019  0.002  0.031 -0.028 -0.009 -0.016  0.120  0.064 -0.058 -0.125 -0.024  0.017
  -0.514  0.264  0.541 -0.207  0.127 -0.292  0.595 -0.783 -0.730  0.759  1.000 -0.280  0.350 -0.154 -0.059 -0.135 -0.128 -0.015 -0.275 -0.081 -0.338  0.161 -0.137 -0.248 -0.033 -0.012  0.063  0.011  0.045  0.293  0.397 -0.090  0.053  0.044 -0.034 -0.053  0.018  0.065  0.029  0.072
  -0.210  0.249  0.245  0.332  0.163 -0.047 -0.282  0.051  0.034 -0.323 -0.280  1.000 -0.591  0.347  0.141  0.106 -0.079  0.118  0.147  0.111  0.470 -0.282  0.310  0.314  0.010  0.025 -0.018  0.021 -0.004  0.299 -0.100  0.035  0.010 -0.025  0.047  0.042 -0.229 -0.119  0.055 -0.016
  -0.238  0.037  0.243 -0.198 -0.015 -0.000  0.253 -0.138 -0.116  0.457  0.350 -0.591  1.000 -0.039 -0.189 -0.101  0.152 -0.150 -0.244  0.274 -0.123  0.144 -0.143 -0.032  0.022  0.010  0.025  0.003 -0.011  0.151  0.125 -0.005 -0.006 -0.027 -0.041 -0.033 -0.024 -0.223 -0.012 -0.004
  -0.018  0.162  0.061  0.239  0.198 -0.288  0.045 -0.121 -0.123 -0.228 -0.154  0.347 -0.039  1.000  0.138  0.362 -0.077  0.294  0.152  0.010  0.739 -0.302  0.325  0.477  0.124  0.061  0.141  0.101  0.020  0.199 -0.060  0.071  0.030 -0.028 -0.006  0.021 -0.241 -0.154  0.120  0.044
   0.173  0.009 -0.147  0.332  0.222 -0.171 -0.059 -0.096 -0.203 -0.076 -0.059  0.141 -0.189  0.138  1.000  0.697 -0.676  0.806  0.149  0.011  0.139 -0.063  0.116  0.035  0.103  0.094 -0.042  0.149  0.146 -0.072 -0.097  0.041  0.116  0.117  0.010  0.029  0.051 -0.012  0.135  0.133
   0.142  0.093 -0.100  0.232  0.175 -0.195  0.038 -0.046 -0.112 -0.186 -0.135  0.106 -0.101  0.362  0.697  1.000 -0.208  0.729  0.089  0.039  0.367 -0.272  0.310  0.221  0.121  0.132  0.046  0.218  0.239  0.000 -0.025  0.053  0.195  0.218 -0.207 -0.079  0.019 -0.021  0.182  0.205
   0.066  0.031 -0.046 -0.205 -0.203  0.226 -0.068  0.192  0.226 -0.213 -0.128 -0.079  0.152 -0.077 -0.676 -0.208  1.000 -0.801 -0.097  0.014  0.060 -0.119 -0.071  0.243  0.147  0.127  0.161  0.176  0.179  0.200  0.248 -0.010  0.179  0.189 -0.405 -0.281  0.245  0.064  0.105  0.114
  -0.021  0.043  0.021  0.228  0.215 -0.262  0.083 -0.153 -0.201  0.046 -0.015  0.118 -0.150  0.294  0.806  0.729 -0.801  1.000  0.098  0.037  0.200 -0.107  0.296 -0.050 -0.112 -0.073 -0.124 -0.082 -0.063 -0.183 -0.253  0.039 -0.082 -0.070  0.209  0.194 -0.263 -0.090 -0.042 -0.029
   0.277 -0.240 -0.290  0.264 -0.130  0.023 -0.381  0.132  0.107 -0.301 -0.275  0.147 -0.244  0.152  0.149  0.089 -0.097  0.098  1.000 -0.296  0.215 -0.269  0.262  0.179  0.104  0.120  0.038  0.152  0.189 -0.070 -0.072  0.029  0.118  0.210 -0.024 -0.016  0.071  0.015  0.140  0.152
  -0.105  0.056  0.113  0.125  0.079  0.074 -0.173  0.067  0.062  0.130 -0.081  0.111  0.274  0.010  0.011  0.039  0.014  0.037 -0.296  1.000  0.090 -0.075  0.093  0.166 -0.093  0.078 -0.091 -0.079 -0.032  0.012 -0.186  0.033 -0.022 -0.101  0.070  0.058 -0.202 -0.414 -0.093 -0.015
   0.075  0.087 -0.040  0.217  0.058 -0.069 -0.176  0.016  0.002 -0.314 -0.338  0.470 -0.123  0.739  0.139  0.367  0.060  0.200  0.215  0.090  1.000 -0.337  0.356  0.699  0.077  0.128  0.024  0.034  0.059  0.091 -0.159  0.079 -0.057 -0.024 -0.047  0.000 -0.265 -0.210  0.049  0.079
   0.105 -0.559 -0.178 -0.255 -0.143  0.160  0.053 -0.018 -0.012  0.105  0.161 -0.282  0.144 -0.302 -0.063 -0.272 -0.119 -0.107 -0.269 -0.075 -0.337  1.000 -0.811 -0.511 -0.017 -0.050  0.031 -0.027 -0.074  0.018  0.169 -0.030 -0.169 -0.213  0.083  0.015  0.163  0.116 -0.031 -0.058
  -0.238  0.364  0.269  0.126 -0.004 -0.063 -0.128 -0.037 -0.032 -0.027 -0.137  0.310 -0.143  0.325  0.116  0.310 -0.071  0.296  0.262  0.093  0.356 -0.811  1.000  0.122 -0.159 -0.082 -0.131 -0.003  0.053 -0.085 -0.276  0.030  0.056  0.137  0.091  0.118 -0.382 -0.183 -0.027  0.003
   0.143  0.333 -0.068  0.293  0.190 -0.127 -0.073  0.069  0.050 -0.241 -0.248  0.314 -0.032  0.477  0.035  0.221  0.243 -0.050  0.179  0.166  0.699 -0.511  0.122  1.000  0.209  0.299  0.103  0.004  0.138  0.133 -0.028  0.059  0.029  0.129 -0.209 -0.129  0.003 -0.231  0.072  0.163
   0.322  0.113 -0.213  0.292  0.183 -0.083 -0.031  0.228  0.176 -0.080 -0.033  0.010  0.022  0.124  0.103  0.121  0.147 -0.112  0.104 -0.093  0.077 -0.017 -0.159  0.209  1.000  0.493  0.388  0.693  0.617  0.381  0.455  0.060  0.569  0.524 -0.238 -0.208  0.576  0.104  0.598  0.554
   0.247  0.068 -0.162  0.224  0.114 -0.053 -0.039  0.193  0.149 -0.035 -0.012  0.025  0.010  0.061  0.094  0.132  0.127 -0.073  0.120  0.078  0.128 -0.050 -0.082  0.299  0.493  1.000  0.321  0.537  0.664  0.319  0.401  0.047  0.417  0.546 -0.201 -0.171  0.473 -0.047  0.488  0.579
   0.156  0.036 -0.095  0.125  0.121 -0.136  0.113  0.153  0.129  0.016  0.063 -0.018  0.025  0.141 -0.042  0.046  0.161 -0.124  0.038 -0.091  0.024  0.031 -0.131  0.103  0.388  0.321  1.000  0.440  0.412  0.335  0.406  0.031  0.351  0.340 -0.168 -0.145  0.423  0.095  0.421  0.398
   0.312  0.012 -0.201  0.289  0.132 -0.057 -0.070  0.226  0.167 -0.064  0.011  0.021  0.003  0.101  0.149  0.218  0.176 -0.082  0.152 -0.079  0.034 -0.027 -0.003  0.004  0.693  0.537  0.440  1.000  0.805  0.468  0.563  0.059  0.766  0.690 -0.284 -0.242  0.652  0.158  0.751  0.690
