# fitpack15: fit parameters                                                                         
# CJ15 AV18 final data choices                                                                      
# Created on 01/23/2020 at 22:23:42                                                                 

 # QCD setup
  INS                           0
  NVL                          11
  IORD                          1
  Q02                   1.6899999999999999     
  IPARAMC                       7
  FLAVOR                4.0000000000000000     
  xmc                   1.3000000000000000     
  xmb                   4.5000000000000000     
  ncb                          12
  ihq                           1
  ias                           0

 # Theory corrections
  inuke                     10814
  itmc                          1
  iht                           1

 # fit parameters
 LAMBDA       0.22680        0.0000    
 a0uv          2.3923        0.0000    
 a1uv         0.61401       0.19964E-01
 a2uv          3.5435       0.12376E-01
 a3uv          0.0000        0.0000    
 a4uv          3.4904       0.43363    
 a5uv          0.0000        0.0000    
 a0dv          25.127        0.0000    
 a1dv          1.1634       0.33252E-01
 a2dv          6.5594       0.15818    
 a3dv         -3.5095       0.84830E-01
 a4dv          4.6732       0.14101    
 a5dv          0.0000        0.0000    
 a0ud         0.14661       0.50345E-02
 a1ud        -0.20776       0.37536E-02
 a2ud          8.3080       0.19203    
 a3ud          0.0000        0.0000    
 a4ud          14.537        1.2228    
 a5ud          0.0000        0.0000    
 a0du          35712.        0.0000    
 a1du          4.0321       0.76051E-01
 a2du          20.074       0.87733    
 a3du          17.000        0.0000    
 a4du          51.400        10.700    
 a0g           46.023        0.0000    
 a1g          0.60524       0.31295E-01
 a2g           6.5527       0.96242    
 a3g          -3.3124       0.13519    
 a4g           3.1944       0.32499    
 a5g           0.0000        0.0000    
 kappa        0.40000        0.0000    
 a6dv        -0.35206E-02   0.65392E-03
 a7dv          2.0000        0.0000    
 off1         -3.7518        1.5199    
 off2         0.57293E-01   0.57116E-01
 ht1          -3.3196       0.26156    
 ht2           1.9420       0.10552    
 ht3          -2.0633       0.18281E-01
 ht4           0.0000        0.0000    
 dummy40       0.0000        0.0000    
 dummy41       0.0000        0.0000    
 dummy42       0.0000        0.0000    
 dummy43       0.0000        0.0000    
 dummy44       0.0000        0.0000    
 dummy45       0.0000        0.0000    
 dummy46       0.0000        0.0000    
 dummy47       0.0000        0.0000    
 dummy48       0.0000        0.0000    
 dummy49       0.0000        0.0000    
 bcdmsh2      0.97314       0.48230E-02
 bcdmsd2      0.99315       0.58304E-02
 ccfr          1.0000        0.0000    
 nutev         1.0000        0.0000    
 zeus         0.97998        0.0000    
 h1            1.0162        0.0000    
 e605          1.0319        0.0000    
 NmcH2         1.0094       0.71220E-02
 ntv_nu        1.0000        0.0000    
 ntv_nubar     1.0000        0.0000    
 cdf_jet      0.98910        0.0000    
 d0_jet       0.83504        0.0000    
 slac_p        1.0049       0.48110E-02
 slac_d        1.0040       0.52732E-02
 e866pp       0.96672       0.19277E-01
 e866pd       0.96401       0.15829E-01
 d0_gamjet     1.0389       0.16480E-01
 h1b          0.97608        0.0000    
 jlab_p       0.99407       0.57859E-02
 jlab_d       0.97520       0.59005E-02
 blank         1.0000        0.0000    
 d0run2       0.94069       0.14121E-01
 cdfrun2      0.92643       0.17219E-01
 HERA_el       1.0000        0.0000    
 HERA_ps       1.0000        0.0000    
 CDF_Z        0.96572       0.65209E-02
 NmcRat        1.0000        0.0000    
 BNS_F2nd     0.98342       0.69305E-02
 HERMES_F2p   0.99835       0.55658E-02
 HERMES_F2d   0.98036       0.58201E-02
 END 0. 0.

 # Hessian matrix (Bevington alpha)
   0.48882917817364E+07 -0.12873759288278E+07  0.23294561589385E+06  0.47944643840548E+06 -0.12620328918649E+06 -0.22662987760380E+05  0.55753438507728E+05  0.90405505148854E+06 -0.17376345222537E+06 -0.48481051588934E+05  0.73962825382950E+04  0.15566054153281E+05  0.17650060271964E+04 -0.11072168877445E+03  0.74981231562214E+04 -0.19094542587397E+04  0.10615253989487E+05  0.76092806001675E+04 -0.75540034053396E+07 -0.14069908246750E+04 -0.21073548235280E+06  0.57541925107710E+05  0.17975922922670E+06  0.75014442862898E+06 -0.12694634054285E+06 -0.53866715210333E+05 -0.43899110344415E+04 -0.83758910730776E+06 -0.10845808606885E+07 -0.20552934369792E+05 -0.46332435779262E+05 -0.30799385828962E+04 -0.19841469998124E+06 -0.22398844991309E+06 -0.91040542960324E+04 -0.32264495948560E+04 -0.14957313990054E+05  0.16576813420205E+05 -0.70556653625705E+05 -0.55704972298936E+05
  -0.12873759288278E+07  0.41302444213558E+06 -0.63423341653564E+05 -0.13492201874333E+06  0.35226055821071E+05  0.87029577032979E+04 -0.12392394878075E+05 -0.12169391967836E+06  0.26452879445934E+05  0.75094245630039E+04 -0.94091769706617E+03 -0.12568485210836E+04 -0.14745587884972E+03  0.13353727242770E+02  0.66385531184028E+03 -0.52208898130278E+02  0.17180154941359E+03  0.95499304140844E+02  0.25916959853894E+07  0.56749135716690E+03  0.60183977219744E+05 -0.12761073452602E+05 -0.43297284536857E+05 -0.20687056497960E+06  0.16571546354142E+05  0.81965657363029E+04 -0.23903235536629E+03  0.20913838359712E+06  0.26331286366624E+06  0.57974541321955E+04  0.13217252171322E+05  0.42111051029491E+03  0.63448238652230E+05  0.71042909726241E+05  0.24668699975814E+04  0.78392201993892E+03 -0.23669584172881E+04 -0.22361300472449E+04  0.85343653919434E+04  0.71628037184374E+04
   0.23294561589385E+06 -0.63423341653564E+05  0.11223910442416E+05  0.23091608986578E+05 -0.61707119016935E+04 -0.13203607352173E+04  0.26015808795407E+04  0.31587640129868E+05 -0.59181625246658E+04 -0.19993629202884E+04  0.26248234465160E+03  0.48645454138947E+03  0.63928651917276E+02 -0.49949921801546E+01 -0.39165804889581E+03  0.29930410900274E-01 -0.18402999421236E+03 -0.25552317120977E+02 -0.37606509059512E+06 -0.72102605519061E+02 -0.10205776222047E+05  0.26700091881177E+04  0.83551543165985E+04  0.35939915978541E+05 -0.55345405099922E+04 -0.23626744192117E+04  0.50625573376333E+02 -0.38917930823489E+05 -0.50569112275115E+05 -0.10010533965349E+04 -0.22666375686760E+04 -0.11863354809536E+03 -0.98980027805327E+04 -0.11140557858147E+05 -0.43472947011336E+03 -0.15144817501431E+03  0.52478777558831E+02  0.72391311292514E+03 -0.25588830426326E+04 -0.20762661588159E+04
   0.47944643840548E+06 -0.13492201874333E+06  0.23091608986578E+05  0.39445504692832E+06 -0.62395672187981E+05  0.76535871664566E+05  0.65304767373636E+05  0.34571543266245E+06 -0.25417679499972E+05 -0.18323041802407E+05  0.33702121635333E+04 -0.13754072758978E+04 -0.15620833560017E+03  0.57865829921184E+02  0.30522309015621E+05 -0.36910083927380E+04  0.27212080146014E+05  0.15212055978211E+05 -0.22478602276370E+07 -0.21269631285623E+03 -0.61596294981908E+05  0.20478418202815E+05  0.56675328180858E+05  0.24173339732531E+06 -0.12760610536931E+05 -0.21130027210774E+05 -0.64233992906306E+02 -0.65613697792862E+05 -0.34032214876186E+06 -0.14101225871688E+04 -0.24874053728952E+04 -0.73908334814346E+02 -0.11722212967994E+05 -0.52593719129766E+05 -0.25095673594211E+04 -0.97999092009061E+03 -0.94432161611701E+04 -0.15653690318562E+05 -0.71771562981809E+04 -0.21250694294511E+05
  -0.12620328918649E+06  0.35226055821071E+05 -0.61707119016935E+04 -0.62395672187981E+05  0.11735248522393E+05 -0.79875786326992E+04 -0.95407923280601E+04 -0.32413125378598E+05  0.36608360242504E+03  0.24046590730870E+04 -0.34370043246132E+03 -0.40255670570386E+02  0.45826160750231E+01 -0.51866499716559E+01 -0.26010229020944E+04  0.31975084110019E+03 -0.22646172859395E+04 -0.12833580744481E+04  0.49729196454439E+06  0.67945179387432E+02  0.12848806584749E+05 -0.38600708457013E+04 -0.10663127589659E+05 -0.48417618393648E+05  0.19996448522424E+04  0.33710224902126E+04 -0.56342385320806E+02  0.11961830682463E+05  0.63120510980194E+05  0.33904233614851E+03  0.57838221758814E+03  0.95639231260259E+01  0.29835794329888E+04  0.13173307442146E+05  0.48317189197087E+03  0.17926736813047E+03  0.33117725563096E+03  0.24927114815421E+04  0.81872044977671E+03  0.25161938983012E+04
  -0.22662987760380E+05  0.87029577032979E+04 -0.13203607352173E+04  0.76535871664566E+05 -0.79875786326992E+04  0.24886929282064E+05  0.15110734564667E+05  0.10609322457850E+06 -0.94495791030730E+04 -0.46707164953027E+04  0.10165302826102E+04 -0.71620699567065E+03 -0.70045397825218E+02  0.19823392514091E+02  0.93891462298615E+04 -0.11655667437370E+04  0.85118641218857E+04  0.48249382110516E+04 -0.70092093701422E+05  0.53290601377957E+02 -0.46543713923792E+04  0.25606570706490E+04  0.70280699836279E+04  0.22213401043434E+05 -0.28522960955362E+04 -0.43764212629825E+04  0.15745942201662E+03 -0.89739179048245E+04 -0.44430676888236E+05 -0.35467209155861E+01 -0.36209715628463E+02 -0.19808790444322E+02  0.34030460074563E+03  0.11496820074066E+04 -0.27745377447407E+03 -0.13971691903373E+03 -0.30556698333514E+04 -0.34147413187611E+04 -0.18679185886564E+04 -0.53878472624083E+04
   0.55753438507728E+05 -0.12392394878075E+05  0.26015808795407E+04  0.65304767373636E+05 -0.95407923280601E+04  0.15110734564667E+05  0.11829761482562E+05  0.58875592715771E+05 -0.30132572789450E+04 -0.33315672945449E+04  0.59469619429164E+03 -0.21824609171870E+03 -0.27658927455962E+02  0.10404778766583E+02  0.48462906861310E+04 -0.61027048541747E+03  0.42822090499063E+04  0.24582419763437E+04 -0.25706139423839E+06 -0.16989896690490E+01 -0.85416897657353E+04  0.31945186046483E+04  0.86861407040172E+04  0.34207340497627E+05 -0.25237773518594E+04 -0.39577762284103E+04  0.13818130576346E+03 -0.10186183940472E+05 -0.53192147710350E+05 -0.17272321741590E+03 -0.29494813155635E+03 -0.13906962036418E+02 -0.10818173961675E+04 -0.50159080526613E+04 -0.37877462465212E+03 -0.15960999257340E+03 -0.12827415944452E+04 -0.31906023897327E+04 -0.11584900688940E+04 -0.34530008830419E+04
   0.90405505148854E+06 -0.12169391967836E+06  0.31587640129868E+05  0.34571543266245E+06 -0.32413125378598E+05  0.10609322457850E+06  0.58875592715771E+05  0.49666539099487E+07 -0.23102173987702E+07 -0.85274528432640E+05  0.25929720226598E+05  0.27154016610402E+05  0.18171033636636E+04  0.10209942126091E+03  0.82406351551775E+05 -0.10453948036149E+05  0.84418202063118E+05  0.45494638835321E+05 -0.58324647432610E+06  0.37265859039651E+03 -0.28022666067998E+05  0.28531246064854E+05  0.89235991349028E+05  0.24787235698499E+06 -0.60532974966037E+05 -0.48685169422822E+05 -0.66778400433985E+05 -0.28110489242064E+06 -0.55817336621503E+06 -0.72511374697008E+05 -0.16219862350456E+06 -0.13312413889872E+04 -0.57427566256158E+04 -0.11274761210111E+05  0.60041231190057E+02  0.16349879608186E+03 -0.26176425239705E+06 -0.86143806634590E+04 -0.13678430675082E+06 -0.17012257402804E+06
  -0.17376345222537E+06  0.26452879445934E+05 -0.59181625246658E+04 -0.25417679499972E+05  0.36608360242504E+03 -0.94495791030730E+04 -0.30132572789450E+04 -0.23102173987702E+07  0.19290583639091E+07  0.18995138987886E+05 -0.65307018699634E+04 -0.58417859783190E+04 -0.32062212558208E+03 -0.14013620979639E+02  0.49821838838670E+05 -0.23440056784407E+04  0.16992271326262E+05  0.82386482971163E+04 -0.26848772467898E+05 -0.91915344367770E+02  0.69993421537092E+03 -0.57650757298814E+04 -0.19136944492493E+05 -0.47527704321600E+05  0.11448878165922E+05  0.10842018690674E+05  0.24104672475391E+05  0.65557588087988E+05  0.12599930690528E+06  0.23144002415242E+05  0.51875134231971E+05  0.18002602758786E+03  0.62003962076630E+03  0.12526836486993E+04 -0.11967553448883E+04 -0.66989208434606E+03  0.11155139594042E+06  0.15849132101040E+04  0.44193552472068E+05  0.54419737419435E+05
  -0.48481051588934E+05  0.75094245630039E+04 -0.19993629202884E+04 -0.18323041802407E+05  0.24046590730870E+04 -0.46707164953027E+04 -0.33315672945449E+04 -0.85274528432640E+05  0.18995138987886E+05  0.26489147759502E+04 -0.64286713364374E+03 -0.70013580809467E+03 -0.61578747729788E+02 -0.19407525819007E+01 -0.39776964746557E+04  0.48145584837987E+03 -0.35803328756290E+04 -0.20146103986812E+04  0.58192713735468E+05 -0.87569556748891E+01  0.24877570859598E+04 -0.13108130986412E+04 -0.38149000338843E+04 -0.12299146087212E+05  0.27394046385152E+04  0.18983992895231E+04  0.72786056148049E+03  0.10959691862178E+05  0.22944378379551E+05  0.15296235415496E+04  0.33507381479183E+04  0.43166652298894E+02  0.58132958354633E+03  0.11027712827576E+04  0.13557843929861E+03  0.60536053870293E+02  0.30856091987463E+04  0.44157247053274E+03  0.27860576880894E+04  0.35504470756811E+04
   0.73962825382950E+04 -0.94091769706617E+03  0.26248234465160E+03  0.33702121635333E+04 -0.34370043246132E+03  0.10165302826102E+04  0.59469619429164E+03  0.25929720226598E+05 -0.65307018699634E+04 -0.64286713364374E+03  0.18182085621128E+03  0.20766748816866E+03  0.15073679475370E+02  0.74677222206603E+00  0.12662360478191E+04 -0.13940882253378E+03  0.10911788597443E+04  0.59178127564598E+03 -0.66301092774446E+04  0.27534974645508E+01 -0.28762067263221E+03  0.22380764146028E+03  0.68525192827660E+03  0.19747659545922E+04 -0.48791484638082E+03 -0.36838594763869E+03 -0.34193772057137E+03 -0.20860860896544E+04 -0.41952816503035E+04 -0.44464117935242E+03 -0.99477040759942E+03 -0.11201848584647E+02 -0.50133527542106E+02 -0.98230542915088E+02 -0.15471792683031E+02 -0.73003920557014E+01 -0.11603712859060E+04 -0.69471298996649E+02 -0.83656170244654E+03 -0.10487360211292E+04
   0.15566054153281E+05 -0.12568485210836E+04  0.48645454138947E+03 -0.13754072758978E+04 -0.40255670570386E+02 -0.71620699567065E+03 -0.21824609171870E+03  0.27154016610402E+05 -0.58417859783190E+04 -0.70013580809467E+03  0.20766748816866E+03  0.18141107246361E+04  0.11841301842764E+03 -0.10230864365165E+01  0.14845687985038E+04 -0.20418736285167E+03  0.16266587932970E+04  0.92817867193025E+03 -0.68765917015220E+04 -0.51006220105223E+01 -0.11977569267551E+03 -0.91483609902162E+01  0.14311265505623E+03 -0.91460743254076E+03 -0.11738716091549E+04 -0.91903911309856E-10 -0.76428395855220E+03 -0.52249196206351E+04 -0.35571815789477E-09 -0.25116893042064E+04 -0.75412914959843E+02 -0.82992964412274E+02 -0.22884620435497E+00 -0.12965919764786E-09 -0.18383909885881E+01 -0.79113240451901E+00  0.29915392522457E+03  0.32420664704590E+03 -0.28559426789617E+04  0.29217366559301E-10
   0.17650060271964E+04 -0.14745587884972E+03  0.63928651917276E+02 -0.15620833560017E+03  0.45826160750231E+01 -0.70045397825218E+02 -0.27658927455962E+02  0.18171033636636E+04 -0.32062212558208E+03 -0.61578747729788E+02  0.15073679475370E+02  0.11841301842764E+03  0.10626903245313E+02 -0.18252816162162E+00  0.80545219857810E+02 -0.13412936824813E+02  0.96928367796909E+02  0.59975202086695E+02 -0.32617164278453E+03 -0.43386229452646E+00  0.64650070421855E+01  0.99826114870258E+00  0.18881060583713E+02 -0.93360446287014E+02 -0.17378327354412E+03 -0.45904826845479E-11 -0.29510102552177E+02 -0.61578733704238E+03 -0.34066060329752E-10 -0.15639583865126E+03 -0.19938736633328E+02 -0.66741198554192E+01 -0.16497583702922E+00 -0.16287803483706E-10 -0.19390845495004E+00 -0.75456964886939E-01  0.29874777430397E+02  0.72821383477728E+02 -0.20464021211927E+03 -0.81819547778654E-11
  -0.11072168877445E+03  0.13353727242770E+02 -0.49949921801546E+01  0.57865829921184E+02 -0.51866499716559E+01  0.19823392514091E+02  0.10404778766583E+02  0.10209942126091E+03 -0.14013620979639E+02 -0.19407525819007E+01  0.74677222206603E+00 -0.10230864365165E+01 -0.18252816162162E+00  0.55499292709864E-01  0.15171389321604E+02 -0.11726042433167E+01  0.97651722045448E+01  0.46218915984116E+01 -0.84880729635649E+02  0.26308848791218E-01 -0.46069781633794E+01  0.57023703152129E+00  0.14485727652052E+01  0.75475877111196E+01  0.71965554617478E-01 -0.38191037519695E-12 -0.64360916384270E+01 -0.89193100331456E+00 -0.28914909569280E-11 -0.36800124314954E+01 -0.23447166590748E-04 -0.14995765131145E+00  0.62934250883680E-12  0.27644975526937E-13 -0.18339303691266E-02 -0.10081543456012E-02 -0.16380613298132E+01  0.71939576624174E-04 -0.34592539900521E+01 -0.87267294562747E-12
   0.74981231562214E+04  0.66385531184028E+03 -0.39165804889581E+03  0.30522309015621E+05 -0.26010229020944E+04  0.93891462298615E+04  0.48462906861310E+04  0.82406351551775E+05  0.49821838838670E+05 -0.39776964746557E+04  0.12662360478191E+04  0.14845687985038E+04  0.80545219857810E+02  0.15171389321604E+02  0.48685485425717E+05 -0.44684488299111E+04  0.35360750588521E+05  0.18388177788025E+05 -0.55609421754386E+05  0.22173091987136E+01  0.75627797536430E+03 -0.20600596352152E+03 -0.59728388793915E+03 -0.14425068144678E+04 -0.25974001292068E+04 -0.17080529030813E+04 -0.24523555225510E+04  0.19661996125602E+04  0.41950140994049E+04 -0.15198274585949E+04 -0.29589361426439E+04 -0.71460545674594E+03  0.23813067333345E+03  0.42588794265921E+03 -0.28171800619275E+04 -0.15011174653185E+04 -0.24594404161321E+04  0.18033137613944E+03 -0.83354689733904E+03 -0.93938916323704E+03
  -0.19094542587397E+04 -0.52208898130278E+02  0.29930410900274E-01 -0.36910083927380E+04  0.31975084110019E+03 -0.11655667437370E+04 -0.61027048541747E+03 -0.10453948036149E+05 -0.23440056784407E+04  0.48145584837987E+03 -0.13940882253378E+03 -0.20418736285167E+03 -0.13412936824813E+02 -0.11726042433167E+01 -0.44684488299111E+04  0.47837040444878E+03 -0.37241230518745E+04 -0.20132540515976E+04  0.65040612297546E+04 -0.87291478534844E+00 -0.11111319276146E+03  0.20896461065178E+02  0.52308951997048E+02  0.15147337822275E+03  0.47891009664526E+03  0.30046012575748E+03  0.28121330459711E+03 -0.15895677564018E+03 -0.47207825508048E+03  0.15646379734427E+03  0.30366067018576E+03  0.78321477304896E+02 -0.63855158093305E+02 -0.11269295149306E+03  0.42740341168829E+03  0.21170707870585E+03 -0.28787932923334E+03 -0.32346383103982E+02  0.23938763526639E+03  0.26830585614976E+03
   0.10615253989487E+05  0.17180154941359E+03 -0.18402999421236E+03  0.27212080146014E+05 -0.22646172859395E+04  0.85118641218857E+04  0.42822090499063E+04  0.84418202063118E+05  0.16992271326262E+05 -0.35803328756290E+04  0.10911788597443E+04  0.16266587932970E+04  0.96928367796909E+02  0.97651722045448E+01  0.35360750588521E+05 -0.37241230518745E+04  0.29445755304254E+05  0.15771646246618E+05 -0.49730964112022E+05  0.11334747221410E+01  0.81852013875199E+03 -0.25098598444754E+03 -0.68381447226896E+03 -0.16060776115550E+04 -0.26871820580336E+04 -0.17289890223557E+04 -0.24846744121498E+04  0.20969298205227E+04  0.45068148223963E+04 -0.12847941236803E+04 -0.25120442620800E+04 -0.61347032958278E+03  0.85431048083375E+02  0.16618279902284E+03 -0.26723976487626E+04 -0.14357228162446E+04  0.13561996295880E+04  0.22718762288621E+03 -0.16717995402127E+04 -0.18576995320669E+04
   0.76092806001675E+04  0.95499304140844E+02 -0.25552317120977E+02  0.15212055978211E+05 -0.12833580744481E+04  0.48249382110516E+04  0.24582419763437E+04  0.45494638835321E+05  0.82386482971163E+04 -0.20146103986812E+04  0.59178127564598E+03  0.92817867193025E+03  0.59975202086695E+02  0.46218915984116E+01  0.18388177788025E+05 -0.20132540515976E+04  0.15771646246618E+05  0.85576176417085E+04 -0.27613293823214E+05  0.19927428497241E+01  0.49368126443634E+03 -0.13229889367170E+03 -0.33720044525136E+03 -0.84200155992870E+03 -0.18649232617560E+04 -0.11683857520642E+04 -0.12470672877415E+04  0.97486239307909E+03  0.24512886159803E+04 -0.65024233373000E+03 -0.12725086927802E+04 -0.33675207295889E+03  0.11183439663877E+03  0.20702761837689E+03 -0.17095034616005E+04 -0.88268488115820E+03  0.14434661227474E+04  0.15718364296924E+03 -0.11473111554512E+04 -0.12757437768458E+04
  -0.75540034053396E+07  0.25916959853894E+07 -0.37606509059512E+06 -0.22478602276370E+07  0.49729196454439E+06 -0.70092093701422E+05 -0.25706139423839E+06 -0.58324647432610E+06 -0.26848772467898E+05  0.58192713735468E+05 -0.66301092774446E+04 -0.68765917015220E+04 -0.32617164278453E+03 -0.84880729635649E+02 -0.55609421754386E+05  0.65040612297546E+04 -0.49730964112022E+05 -0.27613293823214E+05  0.33700964925261E+08  0.66210567908343E+04  0.68039152181082E+06 -0.16956847336536E+06 -0.50347965704854E+06 -0.25378535008761E+07  0.34289577385536E+05  0.76234073771483E+05 -0.11867363289553E+04  0.57006355255787E+06  0.27808736499513E+07  0.17837395521485E+05  0.31807612632597E+05  0.23295626848385E+03  0.18534935321625E+06  0.80960143725622E+06  0.24998252646560E+05  0.78953820888100E+04 -0.18990101620877E+05  0.44604967750454E+05  0.20770817652965E+05  0.63950997976427E+05
  -0.14069908246750E+04  0.56749135716690E+03 -0.72102605519061E+02 -0.21269631285623E+03  0.67945179387432E+02  0.53290601377957E+02 -0.16989896690490E+01  0.37265859039651E+03 -0.91915344367770E+02 -0.87569556748891E+01  0.27534974645508E+01 -0.51006220105223E+01 -0.43386229452646E+00  0.26308848791218E-01  0.22173091987136E+01 -0.87291478534844E+00  0.11334747221410E+01  0.19927428497241E+01  0.66210567908343E+04  0.23928668742221E+01  0.14176087831301E+03 -0.28515786241030E+02 -0.86100247186218E+02 -0.51311694392712E+03  0.00000000000000E+00 -0.25574733762871E+02  0.00000000000000E+00  0.00000000000000E+00  0.41834147347802E+03  0.00000000000000E+00 -0.72834686209603E+01  0.00000000000000E+00  0.00000000000000E+00  0.21887066215394E+03  0.00000000000000E+00  0.00000000000000E+00  0.00000000000000E+00  0.11650970320877E+02  0.00000000000000E+00 -0.26858028338839E+02
  -0.21073548235280E+06  0.60183977219744E+05 -0.10205776222047E+05 -0.61596294981908E+05  0.12848806584749E+05 -0.46543713923792E+04 -0.85416897657353E+04 -0.28022666067998E+05  0.69993421537092E+03  0.24877570859598E+04 -0.28762067263221E+03 -0.11977569267551E+03  0.64650070421855E+01 -0.46069781633794E+01  0.75627797536430E+03 -0.11111319276146E+03  0.81852013875199E+03  0.49368126443634E+03  0.68039152181082E+06  0.14176087831301E+03  0.26228027831063E+05 -0.77887498183927E+04 -0.21313161838741E+05 -0.10070583171928E+06  0.00000000000000E+00  0.50533765665756E+04  0.00000000000000E+00  0.00000000000000E+00  0.11525351385543E+06  0.00000000000000E+00 -0.11502176296009E+04  0.00000000000000E+00  0.00000000000000E+00  0.22977556894064E+05  0.00000000000000E+00  0.00000000000000E+00  0.00000000000000E+00 -0.42056449274897E+04  0.00000000000000E+00  0.41505381282844E+04
   0.57541925107710E+05 -0.12761073452602E+05  0.26700091881177E+04  0.20478418202815E+05 -0.38600708457013E+04  0.25606570706490E+04  0.31945186046483E+04  0.28531246064854E+05 -0.57650757298814E+04 -0.13108130986412E+04  0.22380764146028E+03 -0.91483609902162E+01  0.99826114870258E+00  0.57023703152129E+00 -0.20600596352152E+03  0.20896461065178E+02 -0.25098598444754E+03 -0.13229889367170E+03 -0.16956847336536E+06 -0.28515786241030E+02 -0.77887498183927E+04  0.28522468666646E+04  0.75872147330476E+04  0.33014500678535E+05 -0.52153538899284E+02 -0.21187311138796E+04  0.24801171815926E+01  0.45551987964778E+03 -0.42263858283812E+05  0.00000000000000E+00 -0.16192075028291E+03  0.00000000000000E+00  0.22495138742861E+04 -0.49500123424437E+04  0.00000000000000E+00  0.00000000000000E+00  0.00000000000000E+00  0.15135485566612E+04 -0.39093618205895E+03 -0.28172632733402E+04
   0.17975922922670E+06 -0.43297284536857E+05  0.83551543165985E+04  0.56675328180858E+05 -0.10663127589659E+05  0.70280699836279E+04  0.86861407040172E+04  0.89235991349028E+05 -0.19136944492493E+05 -0.38149000338843E+04  0.68525192827660E+03  0.14311265505623E+03  0.18881060583713E+02  0.14485727652052E+01 -0.59728388793915E+03  0.52308951997048E+02 -0.68381447226896E+03 -0.33720044525136E+03 -0.50347965704854E+06 -0.86100247186218E+02 -0.21313161838741E+05  0.75872147330476E+04  0.20808539982607E+05  0.89290997630638E+05 -0.16388376040774E+03 -0.52832279193782E+04 -0.47347304426843E+02 -0.68010709693471E+04 -0.11612346673058E+06  0.00000000000000E+00 -0.40097079752213E+03  0.00000000000000E+00  0.31392984479318E+04 -0.15417766639291E+05  0.00000000000000E+00  0.00000000000000E+00  0.00000000000000E+00  0.37734890792820E+04 -0.21453703297217E+04 -0.81948783783674E+04
   0.75014442862898E+06 -0.20687056497960E+06  0.35939915978541E+05  0.24173339732531E+06 -0.48417618393648E+05  0.22213401043434E+05  0.34207340497627E+05  0.24787235698499E+06 -0.47527704321600E+05 -0.12299146087212E+05  0.19747659545922E+04 -0.91460743254076E+03 -0.93360446287014E+02  0.75475877111196E+01 -0.14425068144678E+04  0.15147337822275E+03 -0.16060776115550E+04 -0.84200155992870E+03 -0.25378535008761E+07 -0.51311694392712E+03 -0.10070583171928E+06  0.33014500678535E+05  0.89290997630638E+05  0.41850651381889E+06  0.25311983908758E+03 -0.27233918406086E+05 -0.64383744120521E+01  0.37953485777308E+05 -0.48851930705346E+06  0.00000000000000E+00 -0.21217903625920E+04  0.00000000000000E+00  0.16130086270199E+05 -0.81179779329744E+05  0.00000000000000E+00  0.00000000000000E+00  0.00000000000000E+00  0.20101933461390E+05  0.15680731430698E+04 -0.29935163985571E+05
  -0.12694634054285E+06  0.16571546354142E+05 -0.55345405099922E+04 -0.12760610536931E+05  0.19996448522424E+04 -0.28522960955362E+04 -0.25237773518594E+04 -0.60532974966037E+05  0.11448878165922E+05  0.27394046385152E+04 -0.48791484638082E+03 -0.11738716091549E+04 -0.17378327354412E+03  0.71965554617478E-01 -0.25974001292068E+04  0.47891009664526E+03 -0.26871820580336E+04 -0.18649232617560E+04  0.34289577385536E+05  0.00000000000000E+00  0.00000000000000E+00 -0.52153538899284E+02 -0.16388376040774E+03  0.25311983908758E+03  0.11623384955186E+06  0.00000000000000E+00  0.00000000000000E+00  0.00000000000000E+00  0.00000000000000E+00  0.00000000000000E+00  0.00000000000000E+00  0.00000000000000E+00  0.00000000000000E+00  0.00000000000000E+00  0.00000000000000E+00  0.00000000000000E+00  0.00000000000000E+00  0.00000000000000E+00  0.00000000000000E+00  0.00000000000000E+00
  -0.53866715210333E+05  0.81965657363029E+04 -0.23626744192117E+04 -0.21130027210774E+05  0.33710224902126E+04 -0.43764212629825E+04 -0.39577762284103E+04 -0.48685169422822E+05  0.10842018690674E+05  0.18983992895231E+04 -0.36838594763869E+03 -0.91903911309856E-10 -0.45904826845479E-11 -0.38191037519695E-12 -0.17080529030813E+04  0.30046012575748E+03 -0.17289890223557E+04 -0.11683857520642E+04  0.76234073771483E+05 -0.25574733762871E+02  0.50533765665756E+04 -0.21187311138796E+04 -0.52832279193782E+04 -0.27233918406086E+05  0.00000000000000E+00  0.64567761627758E+05  0.00000000000000E+00  0.00000000000000E+00  0.00000000000000E+00  0.00000000000000E+00  0.00000000000000E+00  0.00000000000000E+00  0.00000000000000E+00  0.00000000000000E+00  0.00000000000000E+00  0.00000000000000E+00  0.00000000000000E+00  0.00000000000000E+00  0.00000000000000E+00  0.00000000000000E+00
  -0.43899110344415E+04 -0.23903235536629E+03  0.50625573376333E+02 -0.64233992906306E+02 -0.56342385320806E+02  0.15745942201662E+03  0.13818130576346E+03 -0.66778400433985E+05  0.24104672475391E+05  0.72786056148049E+03 -0.34193772057137E+03 -0.76428395855220E+03 -0.29510102552177E+02 -0.64360916384270E+01 -0.24523555225510E+04  0.28121330459711E+03 -0.24846744121498E+04 -0.12470672877415E+04 -0.11867363289553E+04  0.00000000000000E+00  0.00000000000000E+00  0.24801171815926E+01 -0.47347304426843E+02 -0.64383744120521E+01  0.00000000000000E+00  0.00000000000000E+00  0.30658850543886E+05  0.00000000000000E+00  0.00000000000000E+00  0.00000000000000E+00  0.00000000000000E+00  0.00000000000000E+00  0.00000000000000E+00  0.00000000000000E+00  0.00000000000000E+00  0.00000000000000E+00  0.00000000000000E+00  0.00000000000000E+00  0.00000000000000E+00  0.00000000000000E+00
  -0.83758910730776E+06  0.20913838359712E+06 -0.38917930823489E+05 -0.65613697792862E+05  0.11961830682463E+05 -0.89739179048245E+04 -0.10186183940472E+05 -0.28110489242064E+06  0.65557588087988E+05  0.10959691862178E+05 -0.20860860896544E+04 -0.52249196206351E+04 -0.61578733704238E+03 -0.89193100331456E+00  0.19661996125602E+04 -0.15895677564018E+03  0.20969298205227E+04  0.97486239307909E+03  0.57006355255787E+06  0.00000000000000E+00  0.00000000000000E+00  0.45551987964778E+03 -0.68010709693471E+04  0.37953485777308E+05  0.00000000000000E+00  0.00000000000000E+00  0.00000000000000E+00  0.57743163380109E+06  0.00000000000000E+00  0.00000000000000E+00  0.00000000000000E+00  0.00000000000000E+00  0.00000000000000E+00  0.00000000000000E+00  0.00000000000000E+00  0.00000000000000E+00  0.00000000000000E+00  0.00000000000000E+00  0.00000000000000E+00  0.00000000000000E+00
  -0.10845808606885E+07  0.26331286366624E+06 -0.50569112275115E+05 -0.34032214876186E+06  0.63120510980194E+05 -0.44430676888236E+05 -0.53192147710350E+05 -0.55817336621503E+06  0.12599930690528E+06  0.22944378379551E+05 -0.41952816503035E+04 -0.35571815789477E-09 -0.34066060329752E-10 -0.28914909569280E-11  0.41950140994049E+04 -0.47207825508048E+03  0.45068148223963E+04  0.24512886159803E+04  0.27808736499513E+07  0.41834147347802E+03  0.11525351385543E+06 -0.42263858283812E+05 -0.11612346673058E+06 -0.48851930705346E+06  0.00000000000000E+00  0.00000000000000E+00  0.00000000000000E+00  0.00000000000000E+00  0.91776895911278E+06  0.00000000000000E+00  0.00000000000000E+00  0.00000000000000E+00  0.00000000000000E+00  0.00000000000000E+00  0.00000000000000E+00  0.00000000000000E+00  0.00000000000000E+00  0.00000000000000E+00  0.00000000000000E+00  0.00000000000000E+00
  -0.20552934369792E+05  0.57974541321955E+04 -0.10010533965349E+04 -0.14101225871688E+04  0.33904233614851E+03 -0.35467209155861E+01 -0.17272321741590E+03 -0.72511374697008E+05  0.23144002415242E+05  0.15296235415496E+04 -0.44464117935242E+03 -0.25116893042064E+04 -0.15639583865126E+03 -0.36800124314954E+01 -0.15198274585949E+04  0.15646379734427E+03 -0.12847941236803E+04 -0.65024233373000E+03  0.17837395521485E+05  0.00000000000000E+00  0.00000000000000E+00  0.00000000000000E+00  0.00000000000000E+00  0.00000000000000E+00  0.00000000000000E+00  0.00000000000000E+00  0.00000000000000E+00  0.00000000000000E+00  0.00000000000000E+00  0.14736286493589E+05  0.00000000000000E+00  0.00000000000000E+00  0.00000000000000E+00  0.00000000000000E+00  0.00000000000000E+00  0.00000000000000E+00  0.00000000000000E+00  0.00000000000000E+00  0.00000000000000E+00  0.00000000000000E+00
  -0.46332435779262E+05  0.13217252171322E+05 -0.22666375686760E+04 -0.24874053728952E+04  0.57838221758814E+03 -0.36209715628463E+02 -0.29494813155635E+03 -0.16219862350456E+06  0.51875134231971E+05  0.33507381479183E+04 -0.99477040759942E+03 -0.75412914959843E+02 -0.19938736633328E+02 -0.23447166590748E-04 -0.29589361426439E+04  0.30366067018576E+03 -0.25120442620800E+04 -0.12725086927802E+04  0.31807612632597E+05 -0.72834686209603E+01 -0.11502176296009E+04 -0.16192075028291E+03 -0.40097079752213E+03 -0.21217903625920E+04  0.00000000000000E+00  0.00000000000000E+00  0.00000000000000E+00  0.00000000000000E+00  0.00000000000000E+00  0.00000000000000E+00  0.31768838215768E+05  0.00000000000000E+00  0.00000000000000E+00  0.00000000000000E+00  0.00000000000000E+00  0.00000000000000E+00  0.00000000000000E+00  0.00000000000000E+00  0.00000000000000E+00  0.00000000000000E+00
  -0.30799385828962E+04  0.42111051029491E+03 -0.11863354809536E+03 -0.73908334814346E+02  0.95639231260259E+01 -0.19808790444322E+02 -0.13906962036418E+02 -0.13312413889872E+04  0.18002602758786E+03  0.43166652298894E+02 -0.11201848584647E+02 -0.82992964412274E+02 -0.66741198554192E+01 -0.14995765131145E+00 -0.71460545674594E+03  0.78321477304896E+02 -0.61347032958278E+03 -0.33675207295889E+03  0.23295626848385E+03  0.00000000000000E+00  0.00000000000000E+00  0.00000000000000E+00  0.00000000000000E+00  0.00000000000000E+00  0.00000000000000E+00  0.00000000000000E+00  0.00000000000000E+00  0.00000000000000E+00  0.00000000000000E+00  0.00000000000000E+00  0.00000000000000E+00  0.37864322736804E+04  0.00000000000000E+00  0.00000000000000E+00  0.00000000000000E+00  0.00000000000000E+00  0.00000000000000E+00  0.00000000000000E+00  0.00000000000000E+00  0.00000000000000E+00
  -0.19841469998124E+06  0.63448238652230E+05 -0.98980027805327E+04 -0.11722212967994E+05  0.29835794329888E+04  0.34030460074563E+03 -0.10818173961675E+04 -0.57427566256158E+04  0.62003962076630E+03  0.58132958354633E+03 -0.50133527542106E+02 -0.22884620435497E+00 -0.16497583702922E+00  0.62934250883680E-12  0.23813067333345E+03 -0.63855158093305E+02  0.85431048083375E+02  0.11183439663877E+03  0.18534935321625E+06  0.00000000000000E+00  0.00000000000000E+00  0.22495138742861E+04  0.31392984479318E+04  0.16130086270199E+05  0.00000000000000E+00  0.00000000000000E+00  0.00000000000000E+00  0.00000000000000E+00  0.00000000000000E+00  0.00000000000000E+00  0.00000000000000E+00  0.00000000000000E+00  0.10558025862329E+06  0.00000000000000E+00  0.00000000000000E+00  0.00000000000000E+00  0.00000000000000E+00  0.00000000000000E+00  0.00000000000000E+00  0.00000000000000E+00
  -0.22398844991309E+06  0.71042909726241E+05 -0.11140557858147E+05 -0.52593719129766E+05  0.13173307442146E+05  0.11496820074066E+04 -0.50159080526613E+04 -0.11274761210111E+05  0.12526836486993E+04  0.11027712827576E+04 -0.98230542915088E+02 -0.12965919764786E-09 -0.16287803483706E-10  0.27644975526937E-13  0.42588794265921E+03 -0.11269295149306E+03  0.16618279902284E+03  0.20702761837689E+03  0.80960143725622E+06  0.21887066215394E+03  0.22977556894064E+05 -0.49500123424437E+04 -0.15417766639291E+05 -0.81179779329744E+05  0.00000000000000E+00  0.00000000000000E+00  0.00000000000000E+00  0.00000000000000E+00  0.00000000000000E+00  0.00000000000000E+00  0.00000000000000E+00  0.00000000000000E+00  0.00000000000000E+00  0.13876155485364E+06  0.00000000000000E+00  0.00000000000000E+00  0.00000000000000E+00  0.00000000000000E+00  0.00000000000000E+00  0.00000000000000E+00
  -0.91040542960324E+04  0.24668699975814E+04 -0.43472947011336E+03 -0.25095673594211E+04  0.48317189197087E+03 -0.27745377447407E+03 -0.37877462465212E+03  0.60041231190057E+02 -0.11967553448883E+04  0.13557843929861E+03 -0.15471792683031E+02 -0.18383909885881E+01 -0.19390845495004E+00 -0.18339303691266E-02 -0.28171800619275E+04  0.42740341168829E+03 -0.26723976487626E+04 -0.17095034616005E+04  0.24998252646560E+05  0.00000000000000E+00  0.00000000000000E+00  0.00000000000000E+00  0.00000000000000E+00  0.00000000000000E+00  0.00000000000000E+00  0.00000000000000E+00  0.00000000000000E+00  0.00000000000000E+00  0.00000000000000E+00  0.00000000000000E+00  0.00000000000000E+00  0.00000000000000E+00  0.00000000000000E+00  0.00000000000000E+00  0.83112994029863E+04  0.00000000000000E+00  0.00000000000000E+00  0.00000000000000E+00  0.00000000000000E+00  0.00000000000000E+00
  -0.32264495948560E+04  0.78392201993892E+03 -0.15144817501431E+03 -0.97999092009061E+03  0.17926736813047E+03 -0.13971691903373E+03 -0.15960999257340E+03  0.16349879608186E+03 -0.66989208434606E+03  0.60536053870293E+02 -0.73003920557014E+01 -0.79113240451901E+00 -0.75456964886939E-01 -0.10081543456012E-02 -0.15011174653185E+04  0.21170707870585E+03 -0.14357228162446E+04 -0.88268488115820E+03  0.78953820888100E+04  0.00000000000000E+00  0.00000000000000E+00  0.00000000000000E+00  0.00000000000000E+00  0.00000000000000E+00  0.00000000000000E+00  0.00000000000000E+00  0.00000000000000E+00  0.00000000000000E+00  0.00000000000000E+00  0.00000000000000E+00  0.00000000000000E+00  0.00000000000000E+00  0.00000000000000E+00  0.00000000000000E+00  0.00000000000000E+00  0.42631037394605E+04  0.00000000000000E+00  0.00000000000000E+00  0.00000000000000E+00  0.00000000000000E+00
  -0.14957313990054E+05 -0.23669584172881E+04  0.52478777558831E+02 -0.94432161611701E+04  0.33117725563096E+03 -0.30556698333514E+04 -0.12827415944452E+04 -0.26176425239705E+06  0.11155139594042E+06  0.30856091987463E+04 -0.11603712859060E+04  0.29915392522457E+03  0.29874777430397E+02 -0.16380613298132E+01 -0.24594404161321E+04 -0.28787932923334E+03  0.13561996295880E+04  0.14434661227474E+04 -0.18990101620877E+05  0.00000000000000E+00  0.00000000000000E+00  0.00000000000000E+00  0.00000000000000E+00  0.00000000000000E+00  0.00000000000000E+00  0.00000000000000E+00  0.00000000000000E+00  0.00000000000000E+00  0.00000000000000E+00  0.00000000000000E+00  0.00000000000000E+00  0.00000000000000E+00  0.00000000000000E+00  0.00000000000000E+00  0.00000000000000E+00  0.00000000000000E+00  0.12385552479751E+06  0.00000000000000E+00  0.00000000000000E+00  0.00000000000000E+00
   0.16576813420205E+05 -0.22361300472449E+04  0.72391311292514E+03 -0.15653690318562E+05  0.24927114815421E+04 -0.34147413187611E+04 -0.31906023897327E+04 -0.86143806634590E+04  0.15849132101040E+04  0.44157247053274E+03 -0.69471298996649E+02  0.32420664704590E+03  0.72821383477728E+02  0.71939576624174E-04  0.18033137613944E+03 -0.32346383103982E+02  0.22718762288621E+03  0.15718364296924E+03  0.44604967750454E+05  0.11650970320877E+02 -0.42056449274897E+04  0.15135485566612E+04  0.37734890792820E+04  0.20101933461390E+05  0.00000000000000E+00  0.00000000000000E+00  0.00000000000000E+00  0.00000000000000E+00  0.00000000000000E+00  0.00000000000000E+00  0.00000000000000E+00  0.00000000000000E+00  0.00000000000000E+00  0.00000000000000E+00  0.00000000000000E+00  0.00000000000000E+00  0.00000000000000E+00  0.39242641264638E+05  0.00000000000000E+00  0.00000000000000E+00
  -0.70556653625705E+05  0.85343653919434E+04 -0.25588830426326E+04 -0.71771562981809E+04  0.81872044977671E+03 -0.18679185886564E+04 -0.11584900688940E+04 -0.13678430675082E+06  0.44193552472068E+05  0.27860576880894E+04 -0.83656170244654E+03 -0.28559426789617E+04 -0.20464021211927E+03 -0.34592539900521E+01 -0.83354689733904E+03  0.23938763526639E+03 -0.16717995402127E+04 -0.11473111554512E+04  0.20770817652965E+05  0.00000000000000E+00  0.00000000000000E+00 -0.39093618205895E+03 -0.21453703297217E+04  0.15680731430698E+04  0.00000000000000E+00  0.00000000000000E+00  0.00000000000000E+00  0.00000000000000E+00  0.00000000000000E+00  0.00000000000000E+00  0.00000000000000E+00  0.00000000000000E+00  0.00000000000000E+00  0.00000000000000E+00  0.00000000000000E+00  0.00000000000000E+00  0.00000000000000E+00  0.00000000000000E+00  0.94899698403628E+05  0.00000000000000E+00
  -0.55704972298936E+05  0.71628037184374E+04 -0.20762661588159E+04 -0.21250694294511E+05  0.25161938983012E+04 -0.53878472624083E+04 -0.34530008830419E+04 -0.17012257402804E+06  0.54419737419435E+05  0.35504470756811E+04 -0.10487360211292E+04  0.29217366559301E-10 -0.81819547778654E-11 -0.87267294562747E-12 -0.93938916323704E+03  0.26830585614976E+03 -0.18576995320669E+04 -0.12757437768458E+04  0.63950997976427E+05 -0.26858028338839E+02  0.41505381282844E+04 -0.28172632733402E+04 -0.81948783783674E+04 -0.29935163985571E+05  0.00000000000000E+00  0.00000000000000E+00  0.00000000000000E+00  0.00000000000000E+00  0.00000000000000E+00  0.00000000000000E+00  0.00000000000000E+00  0.00000000000000E+00  0.00000000000000E+00  0.00000000000000E+00  0.00000000000000E+00  0.00000000000000E+00  0.00000000000000E+00  0.00000000000000E+00  0.00000000000000E+00  0.99585798145784E+05

 # Covariance matrix (Bevington epsilon)
