 Correlated errors added in quadrature with statistical errors
 jl00106F2p           DIS data with   1.69< Q2 < 0.500D+03 and 0.000 < xB < 1.000 and   3.00< W2 < 0.100D+04 and 0.000 < y < 1.000
   GP TMC applied
   HT corrections, multiplicative C=C(xB)
 Correlated errors added in quadrature with statistical errors
 jl00106F2d           DIS data with   1.69< Q2 < 0.500D+03 and 0.000 < xB < 1.000 and   3.00< W2 < 0.100D+04 and 0.000 < y < 1.000
   WBArel smearing  (AV18) - KP-like (baryon conserv.)0 nuke corrections
   GP TMC applied
   HT corrections, multiplicative C=C(xB)
 Correlated errors added in quadrature with statistical errors
 HerF2pCut            DIS data with   1.69< Q2 < 0.500D+03 and 0.000 < xB < 1.000 and   3.00< W2 < 0.100D+04 and 0.000 < y < 1.000
   GP TMC applied
   HT corrections, multiplicative C=C(xB)
 Correlated errors added in quadrature with statistical errors
 HerF2dCut            DIS data with   1.69< Q2 < 0.500D+03 and 0.000 < xB < 1.000 and   3.00< W2 < 0.100D+04 and 0.000 < y < 1.000
   WBArel smearing  (AV18) - KP-like (baryon conserv.)0 nuke corrections
   GP TMC applied
   HT corrections, multiplicative C=C(xB)
 Correlated errors added in quadrature with statistical errors
 slac_p               DIS data with   1.69< Q2 < 0.500D+03 and 0.000 < xB < 1.000 and   3.00< W2 < 0.100D+04 and 0.000 < y < 1.000
   GP TMC applied
   HT corrections, multiplicative C=C(xB)
 Correlated errors added in quadrature with statistical errors
 slac_d               DIS data with   1.69< Q2 < 0.500D+03 and 0.000 < xB < 1.000 and   3.00< W2 < 0.100D+04 and 0.000 < y < 1.000
   WBArel smearing  (AV18) - KP-like (baryon conserv.)0 nuke corrections
   GP TMC applied
   HT corrections, multiplicative C=C(xB)
 Correlated errors treated separately from statistical errors
 BcdF2pCor            DIS data with   1.69< Q2 < 0.500D+03 and 0.000 < xB < 1.000 and   3.00< W2 < 0.100D+04 and 0.000 < y < 1.000
   GP TMC applied
   HT corrections, multiplicative C=C(xB)
 Correlated errors treated separately from statistical errors
 BcdF2dCor            DIS data with   1.69< Q2 < 0.500D+03 and 0.000 < xB < 1.000 and   3.00< W2 < 0.100D+04 and 0.000 < y < 1.000
   WBArel smearing  (AV18) - KP-like (baryon conserv.)0 nuke corrections
   GP TMC applied
   HT corrections, multiplicative C=C(xB)
 Correlated errors treated separately from statistical errors
 NmcF2pCor            DIS data with   1.69< Q2 < 0.500D+03 and 0.000 < xB < 1.000 and   3.00< W2 < 0.100D+04 and 0.000 < y < 1.000
   GP TMC applied
   HT corrections, multiplicative C=C(xB)
 Correlated errors treated separately from statistical errors
 NmcRatCor            DIS data with   1.69< Q2 < 0.500D+03 and 0.000 < xB < 1.000 and   3.00< W2 < 0.100D+04 and 0.000 < y < 1.000
   WBArel smearing  (AV18) - KP-like (baryon conserv.)0 nuke corrections
   GP TMC applied
   HT corrections, multiplicative C=C(xB)
 Correlated errors treated separately from statistical errors
 H2_NC_em             DIS data with   1.69< Q2 < 0.100D+06 and 0.000 < xB < 1.000 and   3.00< W2 < 0.100D+08 and 0.000 < y < 1.000
   GP TMC applied
   HT corrections, multiplicative C=C(xB)
 Correlated errors treated separately from statistical errors
 H2_NC_ep_1           DIS data with   1.69< Q2 < 0.100D+06 and 0.000 < xB < 1.000 and   3.00< W2 < 0.100D+08 and 0.000 < y < 1.000
   GP TMC applied
   HT corrections, multiplicative C=C(xB)
 Correlated errors treated separately from statistical errors
 H2_NC_ep_2           DIS data with   1.69< Q2 < 0.100D+06 and 0.000 < xB < 1.000 and   3.00< W2 < 0.100D+08 and 0.000 < y < 1.000
   GP TMC applied
   HT corrections, multiplicative C=C(xB)
 Correlated errors treated separately from statistical errors
 H2_NC_ep_3           DIS data with   1.69< Q2 < 0.100D+06 and 0.000 < xB < 1.000 and   3.00< W2 < 0.100D+08 and 0.000 < y < 1.000
   GP TMC applied
   HT corrections, multiplicative C=C(xB)
 Correlated errors treated separately from statistical errors
 H2_NC_ep_4           DIS data with   1.69< Q2 < 0.100D+06 and 0.000 < xB < 1.000 and   3.00< W2 < 0.100D+08 and 0.000 < y < 1.000
   GP TMC applied
   HT corrections, multiplicative C=C(xB)
 Correlated errors treated separately from statistical errors
 H2_CC_em             DIS data with   1.69< Q2 < 0.100D+06 and 0.000 < xB < 1.000 and   3.00< W2 < 0.100D+08 and 0.000 < y < 1.000
   GP TMC applied
   HT corrections, multiplicative C=C(xB)
 Correlated errors treated separately from statistical errors
 H2_CC_ep             DIS data with   1.69< Q2 < 0.100D+06 and 0.000 < xB < 1.000 and   3.00< W2 < 0.100D+08 and 0.000 < y < 1.000
   GP TMC applied
   HT corrections, multiplicative C=C(xB)
 Correlated errors added in quadrature with statistical errors
 BNS_F2nd             DIS data with   1.69< Q2 < 0.100D+06 and 0.000 < xB < 1.000 and   3.00< W2 < 0.100D+08 and 0.000 < y < 1.000
   WBArel smearing  (AV18) - KP-like (baryon conserv.)0 nuke corrections
   GP TMC applied
   HT corrections, multiplicative C=C(xB)
 Correlated errors added in quadrature with statistical errors
 e866pp06xf           vector boson data with Q2 >=  36.00
 Correlated errors added in quadrature with statistical errors
 e866pd06xf           vector boson data with Q2 >=  36.00
 Correlated errors added in quadrature with statistical errors
 cdfLasy05            vector boson data with Q2 >=   0.00
 Correlated errors added in quadrature with statistical errors
 d0Lasy_e15           vector boson data with Q2 >=   0.00
 Correlated errors added in quadrature with statistical errors
 d0Lasy13             vector boson data with Q2 >=   0.00
 Correlated errors added in quadrature with statistical errors
 CDF_Wasy             vector boson data with Q2 >=   0.00
 Correlated errors added in quadrature with statistical errors
 D0_Wasy              vector boson data with Q2 >=   0.00
 Correlated errors added in quadrature with statistical errors
 CDF_Z                vector boson data with Q2 >=   0.00
 Correlated errors added in quadrature with statistical errors
 D0_Z                 vector boson data with Q2 >=   0.00
 Correlated errors added in quadrature with statistical errors
 d0run2cone          Jet data - errors added in quadrature
 Correlated errors added in quadrature with statistical errors
 CDFrun2jet          Jet data - errors added in quadrature
 Correlated errors added in quadrature with statistical errors
 d0_gamjet1           Photon data -- cuts to be written yet ...
 Correlated errors added in quadrature with statistical errors
 d0_gamjet2           Photon data -- cuts to be written yet ...
 Correlated errors added in quadrature with statistical errors
 d0_gamjet3           Photon data -- cuts to be written yet ...
 Correlated errors added in quadrature with statistical errors
 d0_gamjet4           Photon data -- cuts to be written yet ...

# fitpack15: fit output
# CJ15 AV18 final data choices                                                 

Parametrization   7 used here

 S-ACOT scheme used  for NC DIS

 charm mass =     1.30 GeV     bottom mass =     4.50 GeV



 THIS IS A NEXT TO LEADING ORDER FIT

 Q02=    1.69
         1  LAMBDA      VALUE=   0.22680      WEIGHT=    0.0000    
         2  a0uv        VALUE=    2.4325      WEIGHT=    0.0000    
         3  a1uv        VALUE=   0.61760      WEIGHT=   0.19856E-01
         4  a2uv        VALUE=    3.5423      WEIGHT=   0.12414E-01
         5  a3uv        VALUE=    0.0000      WEIGHT=    0.0000    
         6  a4uv        VALUE=    3.4013      WEIGHT=   0.42903    
         7  a5uv        VALUE=    0.0000      WEIGHT=    0.0000    
         8  a0dv        VALUE=    23.512      WEIGHT=    0.0000    
         9  a1dv        VALUE=    1.1497      WEIGHT=   0.33533E-01
        10  a2dv        VALUE=    6.4524      WEIGHT=   0.15936    
        11  a3dv        VALUE=   -3.4619      WEIGHT=   0.86332E-01
        12  a4dv        VALUE=    4.6063      WEIGHT=   0.14209    
        13  a5dv        VALUE=    0.0000      WEIGHT=    0.0000    
        14  a0ud        VALUE=   0.14627      WEIGHT=   0.50348E-02
        15  a1ud        VALUE=  -0.20813      WEIGHT=   0.37551E-02
        16  a2ud        VALUE=    8.3259      WEIGHT=   0.19114    
        17  a3ud        VALUE=    0.0000      WEIGHT=    0.0000    
        18  a4ud        VALUE=    14.615      WEIGHT=    1.2151    
        19  a5ud        VALUE=    0.0000      WEIGHT=    0.0000    
        20  a0du        VALUE=    35712.      WEIGHT=    0.0000    
        21  a1du        VALUE=    4.0167      WEIGHT=   0.74070E-01
        22  a2du        VALUE=    20.164      WEIGHT=   0.87862    
        23  a3du        VALUE=    17.000      WEIGHT=    0.0000    
        24  a4du        VALUE=    51.156      WEIGHT=    10.239    
        25  a0g         VALUE=    48.892      WEIGHT=    0.0000    
        26  a1g         VALUE=   0.61530      WEIGHT=   0.31164E-01
        27  a2g         VALUE=    6.4503      WEIGHT=   0.96748    
        28  a3g         VALUE=   -3.3860      WEIGHT=   0.13418    
        29  a4g         VALUE=    3.2854      WEIGHT=   0.31376    
        30  a5g         VALUE=    0.0000      WEIGHT=    0.0000    
        31  kappa       VALUE=   0.40000      WEIGHT=    0.0000    
        32  a6dv        VALUE=  -0.31942E-02  WEIGHT=   0.66324E-03
        33  a7dv        VALUE=    2.0000      WEIGHT=    0.0000    
        34  off1        VALUE=   -3.6724      WEIGHT=    1.5278    
        35  off2        VALUE=   0.57413E-01  WEIGHT=   0.14842E-01
        36  ht1         VALUE=   -3.4208      WEIGHT=   0.26061    
        37  ht2         VALUE=    1.9734      WEIGHT=   0.10524    
        38  ht3         VALUE=   -2.0686      WEIGHT=   0.19888E-01
        39  ht4         VALUE=    0.0000      WEIGHT=    0.0000    
        40  dummy40     VALUE=    0.0000      WEIGHT=    0.0000    
        41  dummy41     VALUE=    0.0000      WEIGHT=    0.0000    
        42  dummy42     VALUE=    0.0000      WEIGHT=    0.0000    
        43  dummy43     VALUE=    0.0000      WEIGHT=    0.0000    
        44  dummy44     VALUE=    0.0000      WEIGHT=    0.0000    
        45  dummy45     VALUE=    0.0000      WEIGHT=    0.0000    
        46  dummy46     VALUE=    0.0000      WEIGHT=    0.0000    
        47  dummy47     VALUE=    0.0000      WEIGHT=    0.0000    
        48  dummy48     VALUE=    0.0000      WEIGHT=    0.0000    
        49  dummy49     VALUE=    0.0000      WEIGHT=    0.0000    
        50  bcdmsh2     VALUE=   0.97307      WEIGHT=   0.48289E-02
        51  bcdmsd2     VALUE=   0.99317      WEIGHT=   0.58269E-02
        52  ccfr        VALUE=    1.0000      WEIGHT=    0.0000    
        53  nutev       VALUE=    1.0000      WEIGHT=    0.0000    
        54  zeus        VALUE=   0.97998      WEIGHT=    0.0000    
        55  h1          VALUE=    1.0162      WEIGHT=    0.0000    
        56  e605        VALUE=    1.0319      WEIGHT=    0.0000    
        57  NmcH2       VALUE=    1.0095      WEIGHT=   0.71247E-02
        58  ntv_nu      VALUE=    1.0000      WEIGHT=    0.0000    
        59  ntv_nubar   VALUE=    1.0000      WEIGHT=    0.0000    
        60  cdf_jet     VALUE=   0.98910      WEIGHT=    0.0000    
        61  d0_jet      VALUE=   0.83504      WEIGHT=    0.0000    
        62  slac_p      VALUE=    1.0049      WEIGHT=   0.48124E-02
        63  slac_d      VALUE=    1.0042      WEIGHT=   0.52781E-02
        64  e866pp      VALUE=   0.96586      WEIGHT=   0.19263E-01
        65  e866pd      VALUE=   0.96369      WEIGHT=   0.15783E-01
        66  d0_gamjet   VALUE=    1.0389      WEIGHT=   0.16474E-01
        67  h1b         VALUE=   0.97608      WEIGHT=    0.0000    
        68  jlab_p      VALUE=   0.99446      WEIGHT=   0.57943E-02
        69  jlab_d      VALUE=   0.97557      WEIGHT=   0.59019E-02
        70  blank       VALUE=    1.0000      WEIGHT=    0.0000    
        71  d0run2      VALUE=   0.94087      WEIGHT=   0.14167E-01
        72  cdfrun2     VALUE=   0.92649      WEIGHT=   0.17233E-01
        73  HERA_el     VALUE=    1.0000      WEIGHT=    0.0000    
        74  HERA_ps     VALUE=    1.0000      WEIGHT=    0.0000    
        75  CDF_Z       VALUE=   0.96581      WEIGHT=   0.64944E-02
        76  NmcRat      VALUE=    1.0000      WEIGHT=    0.0000    
        77  BNS_F2nd    VALUE=   0.98310      WEIGHT=   0.68314E-02
        78  HERMES_F2p  VALUE=   0.99832      WEIGHT=   0.55693E-02
        79  HERMES_F2d  VALUE=   0.98039      WEIGHT=   0.58259E-02
0THE TOLERANCE IS    0.1000
 THE MAXIMUM NUMBER OF STEPS IS 100
0THE INITIAL CHI SQUARED IS  4.71110E+03
0  STEP  CHI SQUARED    PARAMETER      VALUE         ERROR
 ------------------------------------------------------------
     1    4.71027E+03
                       1  LAMBDA     2.2680E-01       FIX 
                       2  a0uv       2.4314E+00       FIX 
                       3  a1uv       6.1754E-01           
                       4  a2uv       3.5424E+00           
                       5  a3uv       0.0000E+00       FIX 
                       6  a4uv       3.4048E+00           
                       7  a5uv       0.0000E+00       FIX 
                       8  a0dv       2.3545E+01       FIX 
                       9  a1dv       1.1499E+00           
                      10  a2dv       6.4556E+00           
                      11  a3dv      -3.4629E+00           
                      12  a4dv       4.6077E+00           
                      13  a5dv       0.0000E+00       FIX 
                      14  a0ud       1.4622E-01           
                      15  a1ud      -2.0814E-01           
                      16  a2ud       8.3293E+00           
                      17  a3ud       0.0000E+00       FIX 
                      18  a4ud       1.4580E+01           
                      19  a5ud       0.0000E+00       FIX 
                      20  a0du       3.5712E+04       FIX 
                      21  a1du       4.0221E+00           
                      22  a2du       2.0001E+01           
                      23  a3du       1.7000E+01       FIX 
                      24  a4du       5.1189E+01           
                      25  a0g        4.8650E+01       FIX 
                      26  a1g        6.1621E-01           
                      27  a2g        6.4612E+00           
                      28  a3g       -3.3815E+00           
                      29  a4g        3.2889E+00           
                      30  a5g        0.0000E+00       FIX 
                      31  kappa      4.0000E-01       FIX 
                      32  a6dv      -3.1489E-03           
                      33  a7dv       2.0000E+00       FIX 
                      34  off1      -3.7611E+00           
                      35  off2       5.7122E-02           
                      36  ht1       -3.4074E+00           
                      37  ht2        1.9743E+00           
                      38  ht3       -2.0682E+00           
                      39  ht4        0.0000E+00       FIX 
                      40  dummy40    0.0000E+00       FIX 
                      41  dummy41    0.0000E+00       FIX 
                      42  dummy42    0.0000E+00       FIX 
                      43  dummy43    0.0000E+00       FIX 
                      44  dummy44    0.0000E+00       FIX 
                      45  dummy45    0.0000E+00       FIX 
                      46  dummy46    0.0000E+00       FIX 
                      47  dummy47    0.0000E+00       FIX 
                      48  dummy48    0.0000E+00       FIX 
                      49  dummy49    0.0000E+00       FIX 
                      50  bcdmsh2    9.7281E-01           
                      51  bcdmsd2    9.9326E-01           
                      52  ccfr       1.0000E+00       FIX 
                      53  nutev      1.0000E+00       FIX 
                      54  zeus       9.7998E-01       FIX 
                      55  h1         1.0162E+00       FIX 
                      56  e605       1.0319E+00       FIX 
                      57  NmcH2      1.0085E+00           
                      58  ntv_nu     1.0000E+00       FIX 
                      59  ntv_nuba   1.0000E+00       FIX 
                      60  cdf_jet    9.8910E-01       FIX 
                      61  d0_jet     8.3504E-01       FIX 
                      62  slac_p     1.0046E+00           
                      63  slac_d     1.0042E+00           
                      64  e866pp     9.6126E-01           
                      65  e866pd     9.6096E-01           
                      66  d0_gamje   1.0390E+00           
                      67  h1b        9.7608E-01       FIX 
                      68  jlab_p     9.9443E-01           
                      69  jlab_d     9.7653E-01           
                      70  blank      1.0000E+00       FIX 
                      71  d0run2     9.4505E-01           
                      72  cdfrun2    9.2983E-01           
                      73  HERA_el    1.0000E+00       FIX 
                      74  HERA_ps    1.0000E+00       FIX 
                      75  CDF_Z      9.6492E-01           
                      76  NmcRat     1.0000E+00       FIX 
                      77  BNS_F2nd   9.8249E-01           
                      78  HERMES_F   9.9829E-01           
                      79  HERMES_F   9.8068E-01           
 ------------------------------------------------------------
     2    4.71018E+03
                       1  LAMBDA     2.2680E-01    0.0000E+00
                       2  a0uv       2.4303E+00    0.0000E+00
                       3  a1uv       6.1744E-01    1.9673E-02
                       4  a2uv       3.5425E+00    1.2561E-02
                       5  a3uv       0.0000E+00    0.0000E+00
                       6  a4uv       3.4073E+00    4.2062E-01
                       7  a5uv       0.0000E+00    0.0000E+00
                       8  a0dv       2.3575E+01    0.0000E+00
                       9  a1dv       1.1502E+00    3.3769E-02
                      10  a2dv       6.4581E+00    1.6011E-01
                      11  a3dv      -3.4635E+00    8.8320E-02
                      12  a4dv       4.6090E+00    1.4443E-01
                      13  a5dv       0.0000E+00    0.0000E+00
                      14  a0ud       1.4621E-01    5.0196E-03
                      15  a1ud      -2.0814E-01    3.7492E-03
                      16  a2ud       8.3306E+00    1.9299E-01
                      17  a3ud       0.0000E+00    0.0000E+00
                      18  a4ud       1.4555E+01    1.2239E+00
                      19  a5ud       0.0000E+00    0.0000E+00
                      20  a0du       3.5712E+04    0.0000E+00
                      21  a1du       4.0247E+00    7.4607E-02
                      22  a2du       1.9948E+01    8.6379E-01
                      23  a3du       1.7000E+01    0.0000E+00
                      24  a4du       5.1009E+01    1.0591E+01
                      25  a0g        4.8531E+01    0.0000E+00
                      26  a1g        6.1567E-01    3.0918E-02
                      27  a2g        6.4825E+00    8.6987E-01
                      28  a3g       -3.3788E+00    1.2794E-01
                      29  a4g        3.2898E+00    3.0991E-01
                      30  a5g        0.0000E+00    0.0000E+00
                      31  kappa      4.0000E-01    0.0000E+00
                      32  a6dv      -3.1511E-03    7.0867E-04
                      33  a7dv       2.0000E+00    0.0000E+00
                      34  off1      -3.8212E+00    1.5251E+00
                      35  off2       5.6783E-02    5.6745E-02
                      36  ht1       -3.3968E+00    2.6693E-01
                      37  ht2        1.9757E+00    1.0701E-01
                      38  ht3       -2.0678E+00    1.8428E-02
                      39  ht4        0.0000E+00    0.0000E+00
                      40  dummy40    0.0000E+00    0.0000E+00
                      41  dummy41    0.0000E+00    0.0000E+00
                      42  dummy42    0.0000E+00    0.0000E+00
                      43  dummy43    0.0000E+00    0.0000E+00
                      44  dummy44    0.0000E+00    0.0000E+00
                      45  dummy45    0.0000E+00    0.0000E+00
                      46  dummy46    0.0000E+00    0.0000E+00
                      47  dummy47    0.0000E+00    0.0000E+00
                      48  dummy48    0.0000E+00    0.0000E+00
                      49  dummy49    0.0000E+00    0.0000E+00
                      50  bcdmsh2    9.7261E-01    4.8207E-03
                      51  bcdmsd2    9.9312E-01    5.8330E-03
                      52  ccfr       1.0000E+00    0.0000E+00
                      53  nutev      1.0000E+00    0.0000E+00
                      54  zeus       9.7998E-01    0.0000E+00
                      55  h1         1.0162E+00    0.0000E+00
                      56  e605       1.0319E+00    0.0000E+00
                      57  NmcH2      1.0082E+00    7.1144E-03
                      58  ntv_nu     1.0000E+00    0.0000E+00
                      59  ntv_nuba   1.0000E+00    0.0000E+00
                      60  cdf_jet    9.8910E-01    0.0000E+00
                      61  d0_jet     8.3504E-01    0.0000E+00
                      62  slac_p     1.0044E+00    4.8150E-03
                      63  slac_d     1.0041E+00    5.2805E-03
                      64  e866pp     9.5994E-01    1.9151E-02
                      65  e866pd     9.5989E-01    1.5756E-02
                      66  d0_gamje   1.0391E+00    1.6481E-02
                      67  h1b        9.7608E-01    0.0000E+00
                      68  jlab_p     9.9412E-01    5.7908E-03
                      69  jlab_d     9.7639E-01    5.9148E-03
                      70  blank      1.0000E+00    0.0000E+00
                      71  d0run2     9.4547E-01    1.4220E-02
                      72  cdfrun2    9.3031E-01    1.7294E-02
                      73  HERA_el    1.0000E+00    0.0000E+00
                      74  HERA_ps    1.0000E+00    0.0000E+00
                      75  CDF_Z      9.6459E-01    6.5101E-03
                      76  NmcRat     1.0000E+00    0.0000E+00
                      77  BNS_F2nd   9.8248E-01    6.9540E-03
                      78  HERMES_F   9.9807E-01    5.5689E-03
                      79  HERMES_F   9.8050E-01    5.8264E-03
0 MINIMIZATION TERMINATED WITH STEP  2
  TOLERANCE CRITERION      SATISFIED
0 CHI SQUARED PER DEGREE OF FREEDOM IS  1.046E+00
   1.000 -0.442 -0.978  0.280 -0.014  0.142 -0.348  0.459  0.398 -0.303 -0.498 -0.173 -0.272  0.015  0.177  0.138  0.059 -0.031  0.274 -0.119  0.068  0.098 -0.245  0.158  0.327  0.251  0.155  0.312  0.276 -0.377 -0.182  0.082  0.197  0.217 -0.166 -0.134  0.435  0.138  0.271  0.240
  -0.442  1.000  0.593  0.206  0.355 -0.236  0.228 -0.182 -0.168  0.376  0.285  0.245  0.080  0.151 -0.006  0.072  0.008  0.045 -0.336  0.082  0.096 -0.549  0.374  0.305  0.091  0.055  0.030  0.000  0.035  0.212  0.024  0.007  0.114  0.122 -0.031 -0.007 -0.109 -0.179  0.045  0.048
  -0.978  0.593  1.000 -0.190  0.098 -0.182  0.362 -0.441 -0.388  0.366  0.527  0.211  0.280  0.032 -0.148 -0.095 -0.044  0.031 -0.309  0.130 -0.030 -0.176  0.278 -0.079 -0.210 -0.160 -0.090 -0.192 -0.165  0.445  0.232 -0.067 -0.083 -0.112  0.123  0.100 -0.360 -0.158 -0.165 -0.140
   0.280  0.206 -0.190  1.000  0.820 -0.643  0.022  0.155  0.107 -0.120 -0.234  0.354 -0.209  0.268  0.338  0.244 -0.229  0.234  0.066  0.131  0.239 -0.268  0.141  0.298  0.290  0.225  0.122  0.290  0.236  0.051 -0.112  0.062  0.248  0.155 -0.051 -0.050  0.162 -0.066  0.271  0.227
  -0.014  0.355  0.098  0.820  1.000 -0.886  0.547 -0.086 -0.102  0.161  0.113  0.176 -0.017  0.217  0.224  0.188 -0.224  0.225 -0.335  0.086  0.082 -0.173  0.028  0.204  0.181  0.116  0.120  0.136  0.078  0.124  0.006  0.024  0.138 -0.018 -0.023 -0.026  0.090 -0.007  0.151  0.108
   0.142 -0.236 -0.182 -0.643 -0.886  1.000 -0.734  0.261  0.254 -0.140 -0.255 -0.069  0.011 -0.302 -0.179 -0.209  0.254 -0.275  0.187  0.057 -0.097  0.191 -0.099 -0.139 -0.086 -0.059 -0.133 -0.067 -0.039 -0.163 -0.122  0.007 -0.080  0.036 -0.005  0.000 -0.025 -0.102 -0.101 -0.081
  -0.348  0.228  0.362  0.022  0.547 -0.734  1.000 -0.411 -0.371  0.454  0.591 -0.277  0.251  0.044 -0.057  0.045 -0.084  0.096 -0.445 -0.164 -0.162  0.020 -0.093 -0.060 -0.030 -0.039  0.114 -0.066 -0.068  0.172  0.275 -0.050 -0.017 -0.120 -0.004 -0.003  0.020  0.192 -0.022 -0.017
   0.459 -0.182 -0.441  0.155 -0.086  0.261 -0.411  1.000  0.967 -0.399 -0.780  0.073 -0.155 -0.097 -0.080 -0.045  0.184 -0.145  0.142  0.060  0.019 -0.021 -0.036  0.074  0.227  0.192  0.150  0.223  0.206 -0.083 -0.071  0.084  0.161  0.179  0.017  0.010  0.312 -0.008  0.202  0.180
   0.398 -0.168 -0.388  0.107 -0.102  0.254 -0.371  0.967  1.000 -0.353 -0.728  0.053 -0.132 -0.101 -0.186 -0.111  0.222 -0.192  0.123  0.055  0.006 -0.016 -0.031  0.055  0.177  0.149  0.127  0.166  0.152 -0.095 -0.082  0.072  0.116  0.133  0.033  0.021  0.250 -0.010  0.151  0.133
  -0.303  0.376  0.366 -0.120  0.161 -0.140  0.454 -0.399 -0.353  1.000  0.760 -0.342  0.461 -0.245 -0.087 -0.182 -0.180  0.038 -0.315  0.129 -0.315  0.113 -0.038 -0.238 -0.073 -0.031  0.022 -0.058 -0.017 -0.006  0.034 -0.026 -0.007 -0.018  0.116  0.061 -0.045 -0.123 -0.019  0.020
  -0.498  0.285  0.527 -0.234  0.113 -0.255  0.591 -0.780 -0.728  0.760  1.000 -0.313  0.362 -0.188 -0.072 -0.135 -0.103 -0.022 -0.279 -0.083 -0.348  0.172 -0.149 -0.249 -0.025 -0.010  0.071  0.019  0.048  0.278  0.399 -0.089  0.057  0.043 -0.036 -0.055  0.037  0.070  0.035  0.076
  -0.173  0.245  0.211  0.354  0.176 -0.069 -0.277  0.073  0.053 -0.342 -0.313  1.000 -0.576  0.343  0.157  0.116 -0.097  0.125  0.090  0.126  0.482 -0.278  0.304  0.314  0.021  0.041 -0.011  0.035  0.015  0.287 -0.119  0.040  0.027 -0.007  0.045  0.039 -0.218 -0.129  0.069 -0.000
  -0.272  0.080  0.280 -0.209 -0.017  0.011  0.251 -0.155 -0.132  0.461  0.362 -0.576  1.000 -0.026 -0.195 -0.105  0.161 -0.148 -0.226  0.283 -0.103  0.127 -0.124 -0.011  0.022  0.009  0.027  0.000 -0.014  0.173  0.133 -0.005 -0.007 -0.031 -0.039 -0.031 -0.038 -0.236 -0.012 -0.006
   0.015  0.151  0.032  0.268  0.217 -0.302  0.044 -0.097 -0.101 -0.245 -0.188  0.343 -0.026  1.000  0.139  0.355 -0.118  0.291  0.102  0.032  0.747 -0.304  0.323  0.479  0.130  0.075  0.143  0.109  0.037  0.188 -0.081  0.075  0.042 -0.009 -0.008  0.019 -0.238 -0.171  0.127  0.056
   0.177 -0.006 -0.148  0.338  0.224 -0.179 -0.057 -0.080 -0.186 -0.087 -0.072  0.157 -0.195  0.139  1.000  0.719 -0.723  0.798  0.084  0.014  0.137 -0.056  0.112  0.027  0.107  0.098 -0.042  0.157  0.154 -0.063 -0.094  0.041  0.123  0.124  0.002  0.023  0.056 -0.010  0.140  0.137
   0.138  0.072 -0.095  0.244  0.188 -0.209  0.045 -0.045 -0.111 -0.182 -0.135  0.116 -0.105  0.355  0.719  1.000 -0.347  0.751  0.036  0.045  0.351 -0.249  0.303  0.179  0.113  0.126  0.036  0.217  0.238 -0.001 -0.034  0.051  0.196  0.218 -0.198 -0.074  0.011 -0.024  0.180  0.202
   0.059  0.008 -0.044 -0.229 -0.224  0.254 -0.084  0.184  0.222 -0.180 -0.103 -0.097  0.161 -0.118 -0.723 -0.347  1.000 -0.860 -0.046  0.007  0.012 -0.084 -0.105  0.209  0.125  0.104  0.149  0.143  0.143  0.188  0.239 -0.016  0.149  0.155 -0.369 -0.264  0.236  0.065  0.078  0.084
  -0.031  0.045  0.031  0.234  0.225 -0.275  0.096 -0.145 -0.192  0.038 -0.022  0.125 -0.148  0.291  0.798  0.751 -0.860  1.000  0.036  0.044  0.199 -0.098  0.294 -0.067 -0.111 -0.070 -0.125 -0.076 -0.056 -0.178 -0.251  0.038 -0.074 -0.062  0.204  0.191 -0.263 -0.091 -0.037 -0.024
   0.274 -0.336 -0.309  0.066 -0.335  0.187 -0.445  0.142  0.123 -0.315 -0.279  0.090 -0.226  0.102  0.084  0.036 -0.046  0.036  1.000 -0.315  0.175 -0.197  0.221  0.106  0.052  0.084  0.009  0.106  0.157 -0.098 -0.069  0.020  0.075  0.201 -0.018 -0.009  0.047  0.025  0.093  0.116
  -0.119  0.082  0.130  0.131  0.086  0.057 -0.164  0.060  0.055  0.129 -0.083  0.126  0.283  0.032  0.014  0.045  0.007  0.044 -0.315  1.000  0.117 -0.091  0.107  0.184 -0.091  0.082 -0.089 -0.079 -0.030  0.023 -0.191  0.035 -0.019 -0.097  0.070  0.059 -0.214 -0.427 -0.091 -0.012
   0.068  0.096 -0.030  0.239  0.082 -0.097 -0.162  0.019  0.006 -0.315 -0.348  0.482 -0.103  0.747  0.137  0.351  0.012  0.199  0.175  0.117  1.000 -0.343  0.360  0.694  0.072  0.134  0.021  0.030  0.066  0.099 -0.173  0.080 -0.048 -0.009 -0.043  0.003 -0.279 -0.234  0.046  0.083
   0.098 -0.549 -0.176 -0.268 -0.173  0.191  0.020 -0.021 -0.016  0.113  0.172 -0.278  0.127 -0.304 -0.056 -0.249 -0.084 -0.098 -0.197 -0.091 -0.343  1.000 -0.806 -0.487 -0.015 -0.052  0.030 -0.030 -0.078  0.023  0.181 -0.031 -0.185 -0.222  0.079  0.014  0.168  0.126 -0.033 -0.061
  -0.245  0.374  0.278  0.141  0.028 -0.099 -0.093 -0.036 -0.031 -0.038 -0.149  0.304 -0.124  0.323  0.112  0.303 -0.105  0.294  0.221  0.107  0.360 -0.806  1.000  0.084 -0.162 -0.081 -0.132  0.002  0.059 -0.090 -0.287  0.030  0.072  0.147  0.091  0.118 -0.389 -0.192 -0.024  0.007
   0.158  0.305 -0.079  0.298  0.204 -0.139 -0.060  0.074  0.055 -0.238 -0.249  0.314 -0.011  0.479  0.027  0.179  0.209 -0.067  0.106  0.184  0.694 -0.487  0.084  1.000  0.211  0.305  0.107 -0.001  0.138  0.142 -0.030  0.059  0.035  0.132 -0.203 -0.129  0.005 -0.243  0.068  0.162
   0.327  0.091 -0.210  0.290  0.181 -0.086 -0.030  0.227  0.177 -0.073 -0.025  0.021  0.022  0.130  0.107  0.113  0.125 -0.111  0.052 -0.091  0.072 -0.015 -0.162  0.211  1.000  0.491  0.387  0.691  0.615  0.395  0.458  0.058  0.567  0.522 -0.236 -0.207  0.573  0.102  0.596  0.551
   0.251  0.055 -0.160  0.225  0.116 -0.059 -0.039  0.192  0.149 -0.031 -0.010  0.041  0.009  0.075  0.098  0.126  0.104 -0.070  0.084  0.082  0.134 -0.052 -0.081  0.305  0.491  1.000  0.320  0.534  0.663  0.331  0.400  0.047  0.416  0.545 -0.198 -0.169  0.465 -0.053  0.486  0.578
   0.155  0.030 -0.090  0.122  0.120 -0.133  0.114  0.150  0.127  0.022  0.071 -0.011  0.027  0.143 -0.042  0.036  0.149 -0.125  0.009 -0.089  0.021  0.030 -0.132  0.107  0.387  0.320  1.000  0.438  0.410  0.346  0.410  0.030  0.349  0.337 -0.166 -0.144  0.420  0.093  0.420  0.396
   0.312  0.000 -0.192  0.290  0.136 -0.067 -0.066  0.223  0.166 -0.058  0.019  0.035  0.000  0.109  0.157  0.217  0.143 -0.076  0.106 -0.079  0.030 -0.030  0.002 -0.001  0.691  0.534  0.438  1.000  0.804  0.484  0.567  0.058  0.765  0.688 -0.284 -0.242  0.646  0.157  0.750  0.689
   0.276  0.035 -0.165  0.236  0.078 -0.039 -0.068  0.206  0.152 -0.017  0.048  0.015 -0.014  0.037  0.154  0.238  0.143 -0.056  0.157 -0.030  0.066 -0.078  0.059  0.138  0.615  0.663  0.410  0.804  1.000  0.433  0.560  0.046  0.624  0.825 -0.288 -0.236  0.619 -0.004  0.692  0.794
  -0.377  0.212  0.445  0.051  0.124 -0.163  0.172 -0.083 -0.095 -0.006  0.278  0.287  0.173  0.188 -0.063 -0.001  0.188 -0.178 -0.098  0.023  0.099  0.023 -0.090  0.142  0.395  0.331  0.346  0.484  0.433  1.000  0.686 -0.006  0.402  0.348 -0.189 -0.166  0.304  0.018  0.445  0.403
  -0.182  0.024  0.232 -0.112  0.006 -0.122  0.275 -0.071 -0.082  0.034  0.399 -0.119  0.133 -0.081 -0.094 -0.034  0.239 -0.251 -0.069 -0.191 -0.173  0.181 -0.287 -0.030  0.458  0.400  0.410  0.567  0.560  0.686  1.000 -0.037  0.474  0.471 -0.258 -0.227  0.576  0.230  0.500  0.529
   0.082  0.007 -0.067  0.062  0.024  0.007 -0.050  0.084  0.072 -0.026 -0.089  0.040 -0.005  0.075  0.041  0.051 -0.016  0.038  0.020  0.035  0.080 -0.031  0.030  0.059  0.058  0.047  0.030  0.058  0.046 -0.006 -0.037  1.000  0.040  0.034  0.011  0.011  0.012 -0.039  0.052  0.041
   0.197  0.114 -0.083  0.248  0.138 -0.080 -0.017  0.161  0.116 -0.007  0.057  0.027 -0.007  0.042  0.123  0.196  0.149 -0.074  0.075 -0.019 -0.048 -0.185  0.072  0.035  0.567  0.416  0.349  0.765  0.624  0.402  0.474  0.040  1.000  0.591 -0.256 -0.211  0.535  0.162  0.600  0.536
   0.217  0.122 -0.112  0.155 -0.018  0.036 -0.120  0.179  0.133 -0.018  0.043 -0.007 -0.031 -0.009  0.124  0.218  0.155 -0.062  0.201 -0.097 -0.009 -0.222  0.147  0.132  0.522  0.545  0.337  0.688  0.825  0.348  0.471  0.034  0.591  1.000 -0.270 -0.213  0.537  0.020  0.585  0.664
  -0.166 -0.031  0.123 -0.051 -0.023 -0.005 -0.004  0.017  0.033  0.116 -0.036  0.045 -0.039 -0.008  0.002 -0.198 -0.369  0.204 -0.018  0.070 -0.043  0.079  0.091 -0.203 -0.236 -0.198 -0.166 -0.284 -0.288 -0.189 -0.258  0.011 -0.256 -0.270  1.000  0.282 -0.328 -0.097 -0.233 -0.238
  -0.134 -0.007  0.100 -0.050 -0.026  0.000 -0.003  0.010  0.021  0.061 -0.055  0.039 -0.031  0.019  0.023 -0.074 -0.264  0.191 -0.009  0.059  0.003  0.014  0.118 -0.129 -0.207 -0.169 -0.144 -0.242 -0.236 -0.166 -0.227  0.011 -0.211 -0.213  0.282  1.000 -0.282 -0.086 -0.202 -0.200
   0.435 -0.109 -0.360  0.162  0.090 -0.025  0.020  0.312  0.250 -0.045  0.037 -0.218 -0.038 -0.238  0.056  0.011  0.236 -0.263  0.047 -0.214 -0.279  0.168 -0.389  0.005  0.573  0.465  0.420  0.646  0.619  0.304  0.576  0.012  0.535  0.537 -0.328 -0.282  1.000  0.275  0.573  0.569
   0.138 -0.179 -0.158 -0.066 -0.007 -0.102  0.192 -0.008 -0.010 -0.123  0.070 -0.129 -0.236 -0.171 -0.010 -0.024  0.065 -0.091  0.025 -0.427 -0.234  0.126 -0.192 -0.243  0.102 -0.053  0.093  0.157 -0.004  0.018  0.230 -0.039  0.162  0.020 -0.097 -0.086  0.275  1.000  0.105  0.015
   0.271  0.045 -0.165  0.271  0.151 -0.101 -0.022  0.202  0.151 -0.019  0.035  0.069 -0.012  0.127  0.140  0.180  0.078 -0.037  0.093 -0.091  0.046 -0.033 -0.024  0.068  0.596  0.486  0.420  0.750  0.692  0.445  0.500  0.052  0.600  0.585 -0.233 -0.202  0.573  0.105  1.000  0.618
   0.240  0.048 -0.140  0.227  0.108 -0.081 -0.017  0.180  0.133  0.020  0.076 -0.000 -0.006  0.056  0.137  0.202  0.084 -0.024  0.116 -0.012  0.083 -0.061  0.007  0.162  0.551  0.578  0.396  0.689  0.794  0.403  0.529  0.041  0.536  0.664 -0.238 -0.200  0.569  0.015  0.618  1.000

0                ***   ***   ***  ***   ***   ***



     X        Q2         W2       THEORY        error         DATA           ERROR        chi^2     _w    ITYPE
.4831E+00     3.585  0.472E+01   0.17922E+00   0.66390E-03   0.18590E+00    0.56080E-02   -1.42         jl00106F2p          
.4904E+00     3.624  0.465E+01   0.17432E+00   0.64001E-03   0.18170E+00    0.55227E-02   -1.79         jl00106F2p          
.4978E+00     3.663  0.458E+01   0.16939E+00   0.61611E-03   0.17590E+00    0.53000E-02   -1.51         jl00106F2p          
.5052E+00     3.702  0.451E+01   0.16451E+00   0.59253E-03   0.16780E+00    0.50774E-02   -0.42         jl00106F2p          
.5127E+00     3.740  0.444E+01   0.15962E+00   0.56903E-03   0.16030E+00    0.48549E-02   -0.02         jl00106F2p          
.5202E+00     3.779  0.437E+01   0.15479E+00   0.54592E-03   0.15490E+00    0.47707E-02   -0.00         jl00106F2p          
.5278E+00     3.818  0.430E+01   0.14995E+00   0.52296E-03   0.15390E+00    0.46872E-02   -0.71         jl00106F2p          
.5355E+00     3.857  0.423E+01   0.14512E+00   0.50023E-03   0.14960E+00    0.45486E-02   -0.97         jl00106F2p          
.5433E+00     3.895  0.416E+01   0.14030E+00   0.47779E-03   0.13750E+00    0.42438E-02    0.43         jl00106F2p          
.5511E+00     3.934  0.409E+01   0.13554E+00   0.45599E-03   0.13020E+00    0.40224E-02    1.76         jl00106F2p          
.5590E+00     3.973  0.402E+01   0.13080E+00   0.43464E-03   0.12690E+00    0.40224E-02    0.94         jl00106F2p          
.5669E+00     4.012  0.395E+01   0.12614E+00   0.41409E-03   0.12380E+00    0.39408E-02    0.35         jl00106F2p          
.5749E+00     4.051  0.388E+01   0.12151E+00   0.39419E-03   0.12040E+00    0.38013E-02    0.08         jl00106F2p          
.5830E+00     4.089  0.381E+01   0.11691E+00   0.37510E-03   0.11930E+00    0.38013E-02   -0.39         jl00106F2p          
.5912E+00     4.128  0.374E+01   0.11235E+00   0.35692E-03   0.11430E+00    0.35805E-02   -0.30         jl00106F2p          
.5995E+00     4.167  0.367E+01   0.10784E+00   0.33980E-03   0.10560E+00    0.33601E-02    0.44         jl00106F2p          
.6000E+00     4.169  0.366E+01   0.10757E+00   0.33880E-03   0.10820E+00    0.31765E-02   -0.04         jl00106F2p          
.6097E+00     4.214  0.358E+01   0.10242E+00   0.32062E-03   0.10210E+00    0.30017E-02    0.01         jl00106F2p          
.6195E+00     4.259  0.350E+01   0.97348E-01   0.30429E-03   0.97600E-01    0.28653E-02   -0.01         jl00106F2p          
.6293E+00     4.304  0.342E+01   0.92417E-01   0.29009E-03   0.89300E-01    0.26420E-02    1.39         jl00106F2p          
.6393E+00     4.349  0.334E+01   0.87533E-01   0.27787E-03   0.86400E-01    0.25554E-02    0.20         jl00106F2p          
.6494E+00     4.395  0.325E+01   0.82749E-01   0.26781E-03   0.79900E-01    0.24187E-02    1.39         jl00106F2p          
.6597E+00     4.440  0.317E+01   0.78033E-01   0.25987E-03   0.76600E-01    0.23324E-02    0.38         jl00106F2p          
.6700E+00     4.485  0.309E+01   0.73470E-01   0.25398E-03   0.76100E-01    0.23324E-02   -1.27         jl00106F2p          
.6804E+00     4.530  0.301E+01   0.69023E-01   0.24987E-03   0.73900E-01    0.22472E-02   -4.71         jl00106F2p          
.5300E+00     3.995  0.442E+01   0.14695E+00   0.51083E-03   0.15580E+00    0.52498E-02   -2.84         jl00106F2p          
.5379E+00     4.039  0.435E+01   0.14197E+00   0.48789E-03   0.14340E+00    0.48918E-02   -0.09         jl00106F2p          
.5458E+00     4.082  0.428E+01   0.13708E+00   0.46553E-03   0.13850E+00    0.47508E-02   -0.09         jl00106F2p          
.5538E+00     4.125  0.421E+01   0.13220E+00   0.44358E-03   0.13450E+00    0.46755E-02   -0.24         jl00106F2p          
.5619E+00     4.168  0.413E+01   0.12735E+00   0.42209E-03   0.13210E+00    0.45343E-02   -1.10         jl00106F2p          
.5700E+00     4.211  0.406E+01   0.12258E+00   0.40142E-03   0.12320E+00    0.43186E-02   -0.02         jl00106F2p          
.5782E+00     4.255  0.399E+01   0.11785E+00   0.38140E-03   0.11910E+00    0.41773E-02   -0.09         jl00106F2p          
.5865E+00     4.298  0.391E+01   0.11315E+00   0.36215E-03   0.11650E+00    0.41037E-02   -0.67         jl00106F2p          
.5948E+00     4.341  0.384E+01   0.10855E+00   0.34402E-03   0.11300E+00    0.40311E-02   -1.22         jl00106F2p          
.6032E+00     4.384  0.377E+01   0.10399E+00   0.32689E-03   0.10210E+00    0.36770E-02    0.26         jl00106F2p          
.6117E+00     4.427  0.369E+01   0.99487E-01   0.31089E-03   0.99200E-01    0.36069E-02    0.01         jl00106F2p          
.6203E+00     4.471  0.362E+01   0.95038E-01   0.29616E-03   0.96700E-01    0.36069E-02   -0.21         jl00106F2p          
.6289E+00     4.514  0.355E+01   0.90699E-01   0.28293E-03   0.88900E-01    0.33971E-02    0.28         jl00106F2p          
.6376E+00     4.557  0.347E+01   0.86422E-01   0.27113E-03   0.84700E-01    0.32558E-02    0.28         jl00106F2p          
.6463E+00     4.600  0.340E+01   0.82257E-01   0.26091E-03   0.78900E-01    0.30480E-02    1.21         jl00106F2p          
.6552E+00     4.643  0.333E+01   0.78123E-01   0.25211E-03   0.79600E-01    0.30480E-02   -0.23         jl00106F2p          
.6556E+00     4.646  0.332E+01   0.77937E-01   0.25173E-03   0.77000E-01    0.23854E-02    0.15         jl00106F2p          
.6660E+00     4.696  0.324E+01   0.73264E-01   0.24348E-03   0.71900E-01    0.21633E-02    0.40         jl00106F2p          
.6765E+00     4.746  0.315E+01   0.68713E-01   0.23707E-03   0.69900E-01    0.21633E-02   -0.30         jl00106F2p          
.6871E+00     4.796  0.307E+01   0.64292E-01   0.23232E-03   0.68400E-01    0.21633E-02   -3.61         jl00106F2p          
.5472E+00     4.282  0.442E+01   0.13450E+00   0.45667E-03   0.13960E+00    0.47508E-02   -1.15         jl00106F2p          
.5551E+00     4.328  0.435E+01   0.12967E+00   0.43526E-03   0.13540E+00    0.46098E-02   -1.55         jl00106F2p          
.5629E+00     4.374  0.428E+01   0.12497E+00   0.41475E-03   0.13390E+00    0.44688E-02   -3.99         jl00106F2p          
