# fitpack15: fit parameters                                                                         
# CJ15 AV18 final data choices                                                                      
# Created on 01/23/2020 at 22:21:24                                                                 

 # QCD setup
  INS                           0
  NVL                          11
  IORD                          1
  Q02                   1.6899999999999999     
  IPARAMC                       7
  FLAVOR                4.0000000000000000     
  xmc                   1.3000000000000000     
  xmb                   4.5000000000000000     
  ncb                          12
  ihq                           1
  ias                           0

 # Theory corrections
  inuke                     10814
  itmc                          1
  iht                           1

 # fit parameters
 LAMBDA       0.22680        0.0000    
 a0uv          2.3827        0.0000    
 a1uv         0.61304       0.20025E-01
 a2uv          3.5437       0.12362E-01
 a3uv          0.0000        0.0000    
 a4uv          3.5086       0.43668    
 a5uv          0.0000        0.0000    
 a0dv          24.819        0.0000    
 a1dv          1.1604       0.33272E-01
 a2dv          6.5469       0.15831    
 a3dv         -3.5059       0.85278E-01
 a4dv          4.6736       0.14169    
 a5dv          0.0000        0.0000    
 a0ud         0.14642       0.50304E-02
 a1ud        -0.20788       0.37555E-02
 a2ud          8.3028       0.19201    
 a3ud          0.0000        0.0000    
 a4ud          14.536        1.2228    
 a5ud          0.0000        0.0000    
 a0du          35712.        0.0000    
 a1du          4.0306       0.75874E-01
 a2du          20.073       0.87467    
 a3du          17.000        0.0000    
 a4du          51.408        10.707    
 a0g           46.041        0.0000    
 a1g          0.60535       0.31644E-01
 a2g           6.6323       0.98389    
 a3g          -3.3094       0.13868    
 a4g           3.2069       0.33718    
 a5g           0.0000        0.0000    
 kappa        0.40000        0.0000    
 a6dv        -0.35127E-02   0.66259E-03
 a7dv          2.0000        0.0000    
 off1         -3.7785        1.5201    
 off2         0.57302E-01   0.56651E-01
 ht1          -3.3450       0.26451    
 ht2           1.9525       0.10592    
 ht3          -2.0602       0.18285E-01
 ht4           0.0000        0.0000    
 dummy40       0.0000        0.0000    
 dummy41       0.0000        0.0000    
 dummy42       0.0000        0.0000    
 dummy43       0.0000        0.0000    
 dummy44       0.0000        0.0000    
 dummy45       0.0000        0.0000    
 dummy46       0.0000        0.0000    
 dummy47       0.0000        0.0000    
 dummy48       0.0000        0.0000    
 dummy49       0.0000        0.0000    
 bcdmsh2      0.97289       0.48238E-02
 bcdmsd2      0.99291       0.58289E-02
 ccfr          1.0000        0.0000    
 nutev         1.0000        0.0000    
 zeus         0.97998        0.0000    
 h1            1.0162        0.0000    
 e605          1.0319        0.0000    
 NmcH2         1.0091       0.71211E-02
 ntv_nu        1.0000        0.0000    
 ntv_nubar     1.0000        0.0000    
 cdf_jet      0.98910        0.0000    
 d0_jet       0.83504        0.0000    
 slac_p        1.0046       0.48090E-02
 slac_d        1.0038       0.52693E-02
 e866pp       0.96620       0.19286E-01
 e866pd       0.96373       0.15830E-01
 d0_gamjet     1.0387       0.16479E-01
 h1b          0.97608        0.0000    
 jlab_p       0.99373       0.57811E-02
 jlab_d       0.97497       0.58945E-02
 blank         1.0000        0.0000    
 d0run2       0.94003       0.14089E-01
 cdfrun2      0.92614       0.17206E-01
 HERA_el       1.0000        0.0000    
 HERA_ps       1.0000        0.0000    
 CDF_Z        0.96538       0.65206E-02
 NmcRat        1.0000        0.0000    
 BNS_F2nd     0.98355       0.69354E-02
 HERMES_F2p   0.99807       0.55647E-02
 HERMES_F2d   0.98010       0.58177E-02
 END 0. 0.

 # Hessian matrix (Bevington alpha)
   0.48932485879043E+07 -0.12876867056012E+07  0.23213760080201E+06  0.47989058368300E+06 -0.12662267539424E+06 -0.22171367684050E+05  0.55898473912569E+05  0.90726066019991E+06 -0.17416914547984E+06 -0.48590079815752E+05  0.74129550164677E+04  0.15613582769780E+05  0.17707623174175E+04 -0.11067388161227E+03  0.74224069896160E+04 -0.18844956495258E+04  0.10178349206288E+05  0.73290373008405E+04 -0.74619556182758E+07 -0.14048448874814E+04 -0.21269891502694E+06  0.58359318777422E+05  0.18140049401112E+06  0.75743430898027E+06 -0.12710440553575E+06 -0.53930380581321E+05 -0.44075219721540E+04 -0.83842004484683E+06 -0.10854930946688E+07 -0.20573732934920E+05 -0.46372856620925E+05 -0.30815756627144E+04 -0.19856484892579E+06 -0.22407770036124E+06 -0.91156712189313E+04 -0.32281566471358E+04 -0.15026161060452E+05  0.16593070148459E+05 -0.70669570523689E+05 -0.55789387663428E+05
  -0.12876867056012E+07  0.41285035979120E+06 -0.63141261020832E+05 -0.13490772938945E+06  0.35344828353673E+05  0.85419461695968E+04 -0.12446402919173E+05 -0.12200261514688E+06  0.26472812919311E+05  0.75233812836837E+04 -0.94234063243275E+03 -0.12596048699913E+04 -0.14785893005763E+03  0.13347256029283E+02  0.66605929735653E+03 -0.52052012737593E+02  0.17293839040618E+03  0.94234312850530E+02  0.25585802853504E+07  0.56662056404696E+03  0.60702036576932E+05 -0.13004705096061E+05 -0.43732651211768E+05 -0.20869675945438E+06  0.16582821064358E+05  0.82008833625466E+04 -0.23883960059996E+03  0.20919625453959E+06  0.26332700377359E+06  0.57998873090499E+04  0.13220295883214E+05  0.42084896719959E+03  0.63461714963006E+05  0.71029413391096E+05  0.24673482094184E+04  0.78351054869339E+03 -0.23640269681556E+04 -0.22364982041848E+04  0.85399986838744E+04  0.71665511726226E+04
   0.23213760080201E+06 -0.63141261020832E+05  0.11134018190984E+05  0.22998459721442E+05 -0.61624303366020E+04 -0.12909502062658E+04  0.25968405355798E+04  0.31588907225694E+05 -0.59113469067679E+04 -0.19962250414271E+04  0.26216575985623E+03  0.48653818813451E+03  0.63948518629553E+02 -0.49775638915489E+01 -0.39404253004992E+03  0.86517389710121E+00 -0.18557927443691E+03 -0.28383146515243E+02 -0.36969185039606E+06 -0.71642219761619E+02 -0.10253177124766E+05  0.26986146723447E+04  0.83985745340154E+04  0.36123007445796E+05 -0.55199823611999E+04 -0.23559706886374E+04  0.50079842659744E+02 -0.38784050588111E+05 -0.50387007326989E+05 -0.99749669247488E+03 -0.22582234020362E+04 -0.11823293893828E+03 -0.98582790031640E+04 -0.11091827265826E+05 -0.43327772325235E+03 -0.15085257503300E+03  0.49823736551272E+02  0.72187008830160E+03 -0.25535651320713E+04 -0.20715540955547E+04
   0.47989058368300E+06 -0.13490772938945E+06  0.22998459721442E+05  0.39513351040588E+06 -0.62558858657287E+05  0.76398921529209E+05  0.65207389355115E+05  0.34699460649588E+06 -0.25599484607936E+05 -0.18360730140471E+05  0.33769604008805E+04 -0.13790625566654E+04 -0.15666879116388E+03  0.57858444766029E+02  0.30494993352695E+05 -0.36724523817841E+04  0.26499076265757E+05  0.14810244054440E+05 -0.22215106888387E+07 -0.21204576403330E+03 -0.62187230437349E+05  0.20684849353244E+05  0.57152813895244E+05  0.24402237980756E+06 -0.12779527936575E+05 -0.21159551956616E+05 -0.66074152224555E+02 -0.65690000625395E+05 -0.34071515191416E+06 -0.14122653604011E+04 -0.24888424755241E+04 -0.73698100429228E+02 -0.11733599994621E+05 -0.52646387895440E+05 -0.25141134031220E+04 -0.98098643816048E+03 -0.94818761450549E+04 -0.15659765986396E+05 -0.71910083895296E+04 -0.21291991088341E+05
  -0.12662267539424E+06  0.35344828353673E+05 -0.61624303366020E+04 -0.62558858657287E+05  0.11786075219753E+05 -0.79827123509481E+04 -0.95388624166929E+04 -0.32548433154503E+05  0.38202430486502E+03  0.24109490450334E+04 -0.34451296152456E+03 -0.40715941294234E+02  0.45782692364772E+01 -0.51870373408627E+01 -0.25962781075252E+04  0.31749039196532E+03 -0.22042998020719E+04 -0.12484398774952E+04  0.49291817573062E+06  0.68168328247120E+02  0.12998270512669E+05 -0.39106054441210E+04 -0.10780799258320E+05 -0.48971619127813E+05  0.20021270167838E+04  0.33759145804979E+04 -0.56423975361989E+02  0.11994443523907E+05  0.63278463276375E+05  0.34031327790296E+03  0.58012301852126E+03  0.95283351875723E+01  0.29949307188370E+04  0.13221884547897E+05  0.48483347345330E+03  0.17967048234122E+03  0.33190741719571E+03  0.24930665388131E+04  0.82034796962989E+03  0.25212172826845E+04
  -0.22171367684050E+05  0.85419461695968E+04 -0.12909502062658E+04  0.76398921529209E+05 -0.79827123509481E+04  0.24672894869826E+05  0.14999056795253E+05  0.10591892381247E+06 -0.94528881413859E+04 -0.46563358012993E+04  0.10132121219039E+04 -0.71428972736238E+03 -0.69878761824993E+02  0.19721341762037E+02  0.93370648257809E+04 -0.11546021456797E+04  0.82428613306965E+04  0.46720972665085E+04 -0.70540795987076E+05  0.52806381496756E+02 -0.47094150294677E+04  0.25657131974484E+04  0.70496368943685E+04  0.22438008764032E+05 -0.28425405896838E+04 -0.43630027136277E+04  0.15569487115634E+03 -0.89664463840038E+04 -0.44399858812104E+05 -0.44863308992586E+01 -0.37635740365442E+02 -0.19686204288905E+02  0.32980795789410E+03  0.11026108213529E+04 -0.27802654344855E+03 -0.13959474462300E+03 -0.30495721722033E+04 -0.34004815720759E+04 -0.18630527105784E+04 -0.53742322752355E+04
   0.55898473912569E+05 -0.12446402919173E+05  0.25968405355798E+04  0.65207389355115E+05 -0.95388624166929E+04  0.14999056795253E+05  0.11758389576867E+05  0.58828942539780E+05 -0.30286805657604E+04 -0.33241468537541E+04  0.59320822154963E+03 -0.21748220720709E+03 -0.27594539663287E+02  0.10357181700351E+02  0.48171343262134E+04 -0.60378502989152E+03  0.41462765429967E+04  0.23792878017513E+04 -0.25429608869533E+06 -0.18755338888860E+01 -0.86137510639988E+04  0.32128271829878E+04  0.87322520034787E+04  0.34483072929112E+05 -0.25163860307281E+04 -0.39470869107108E+04  0.13734510678191E+03 -0.10173775111772E+05 -0.53123686678689E+05 -0.17308185824994E+03 -0.29529889970377E+03 -0.13815456943851E+02 -0.10865815314868E+04 -0.50364072558247E+04 -0.37882491523520E+03 -0.15937520134510E+03 -0.12802434251323E+04 -0.31781727419684E+04 -0.11559444143373E+04 -0.34456156477785E+04
   0.90726066019991E+06 -0.12200261514688E+06  0.31588907225694E+05  0.34699460649588E+06 -0.32548433154503E+05  0.10591892381247E+06  0.58828942539780E+05  0.49776078326243E+07 -0.23124197343188E+07 -0.85406680744474E+05  0.25958761325032E+05  0.27235932454762E+05  0.18229692480194E+04  0.10205960397388E+03  0.82380023614975E+05 -0.10426573080596E+05  0.82302407903858E+05  0.44385978182474E+05 -0.57827890540228E+06  0.37402354432181E+03 -0.28395197098954E+05  0.28653347080056E+05  0.89516394265318E+05  0.25061125268593E+06 -0.60672178288162E+05 -0.48797001794842E+05 -0.66837966804070E+05 -0.28170972190826E+06 -0.55948998029466E+06 -0.72613761324379E+05 -0.16240802510394E+06 -0.13310312364432E+04 -0.57538357990342E+04 -0.11297348257618E+05  0.43486471608299E+02  0.15906890841566E+03 -0.26207906458118E+06 -0.86342687267703E+04 -0.13697702631677E+06 -0.17040083410553E+06
  -0.17416914547984E+06  0.26472812919311E+05 -0.59113469067679E+04 -0.25599484607936E+05  0.38202430486502E+03 -0.94528881413859E+04 -0.30286805657604E+04 -0.23124197343188E+07  0.19286412469678E+07  0.19000335335329E+05 -0.65294588035314E+04 -0.58512734000410E+04 -0.32128395768184E+03 -0.13983733093552E+02  0.49788559357682E+05 -0.23339156537282E+04  0.16643799203467E+05  0.80368781658562E+04 -0.26228625222505E+05 -0.92139583220470E+02  0.72546922454241E+03 -0.57724231199656E+04 -0.19131518076082E+05 -0.47983598272798E+05  0.11463177721478E+05  0.10853438939418E+05  0.24095359571017E+05  0.65607566495341E+05  0.12612105823256E+06  0.23144334935924E+05  0.51870148450637E+05  0.17934499692624E+03  0.61651978995707E+03  0.12469293504722E+04 -0.11920361591433E+04 -0.66850513320067E+03  0.11153844166660E+06  0.15866953539438E+04  0.44196929731929E+05  0.54435347481592E+05
  -0.48590079815752E+05  0.75233812836837E+04 -0.19962250414271E+04 -0.18360730140471E+05  0.24109490450334E+04 -0.46563358012993E+04 -0.33241468537541E+04 -0.85406680744474E+05  0.19000335335329E+05  0.26511962686361E+04 -0.64312333247395E+03 -0.70146712636358E+03 -0.61709688568798E+02 -0.19381147796470E+01 -0.39694982677272E+04  0.47873977114618E+03 -0.34797206258399E+04 -0.19583848301393E+04  0.57594017590842E+05 -0.87857679239043E+01  0.25145052800888E+04 -0.13184257484493E+04 -0.38344250027423E+04 -0.12425327792153E+05  0.27424832395903E+04  0.19007291209427E+04  0.72758766431977E+03  0.10973691296473E+05  0.22977366998529E+05  0.15307434582857E+04  0.33524909982659E+04  0.43136636793666E+02  0.58293455284751E+03  0.11056251968582E+04  0.13613429990070E+03  0.60684498595888E+02  0.30863394662837E+04  0.44202922277463E+03  0.27873968756881E+04  0.35529908320823E+04
   0.74129550164677E+04 -0.94234063243275E+03  0.26216575985623E+03  0.33769604008805E+04 -0.34451296152456E+03  0.10132121219039E+04  0.59320822154963E+03  0.25958761325032E+05 -0.65294588035314E+04 -0.64312333247395E+03  0.18182059759975E+03  0.20805290461251E+03  0.15103945354646E+02  0.74563566466133E+00  0.12645426832243E+04 -0.13881855480919E+03  0.10624495375607E+04  0.57629160061337E+03 -0.65606444190218E+04  0.27602332857786E+01 -0.29085927772256E+03  0.22462429733993E+03  0.68714538267798E+03  0.19943424906102E+04 -0.48842896673818E+03 -0.36879830589981E+03 -0.34183266630807E+03 -0.20882339798890E+04 -0.42004703496562E+04 -0.44478860461584E+03 -0.99497945306710E+03 -0.11192133070816E+02 -0.50219900945749E+02 -0.98394855592312E+02 -0.15584276343711E+02 -0.73310469064582E+01 -0.11604887169320E+04 -0.69549597161950E+02 -0.83680459696247E+03 -0.10492921128118E+04
   0.15613582769780E+05 -0.12596048699913E+04  0.48653818813451E+03 -0.13790625566654E+04 -0.40715941294234E+02 -0.71428972736238E+03 -0.21748220720709E+03  0.27235932454762E+05 -0.58512734000410E+04 -0.70146712636358E+03  0.20805290461251E+03  0.18224618344290E+04  0.11891230008399E+03 -0.10224290158428E+01  0.14876861477269E+04 -0.20395574096250E+03  0.15838027321428E+04  0.90496209863992E+03 -0.68052892438485E+04 -0.51124121671697E+01 -0.12122079245895E+03 -0.10619092346370E+02  0.13893636780169E+03 -0.92187288153942E+03 -0.11765715904089E+04  0.15687240890542E-10 -0.76683274334586E+03 -0.52386794247125E+04  0.39233059609381E-09 -0.25192604437400E+04 -0.75639104297567E+02 -0.83189575511960E+02 -0.22993339451085E+00  0.82126160010598E-11 -0.18434248436408E+01 -0.79261585761918E+00  0.29995822980655E+03  0.32499155239279E+03 -0.28639818677569E+04  0.88943417629480E-11
   0.17707623174175E+04 -0.14785893005763E+03  0.63948518629553E+02 -0.15666879116388E+03  0.45782692364772E+01 -0.69878761824993E+02 -0.27594539663287E+02  0.18229692480194E+04 -0.32128395768184E+03 -0.61709688568798E+02  0.15103945354646E+02  0.11891230008399E+03  0.10671217525335E+02 -0.18272600813997E+00  0.80557291606051E+02 -0.13369513802335E+02  0.93886771192008E+02  0.58231596034299E+02 -0.32263448537519E+03 -0.43493149697447E+00  0.65323953348004E+01  0.85078078059115E+00  0.18543897559891E+02 -0.94068836168556E+02 -0.17422603899292E+03 -0.38103198060233E-11 -0.29593698165324E+02 -0.61748926889016E+03  0.10680432982126E-10 -0.15684097341369E+03 -0.20002231654185E+02 -0.66887009548934E+01 -0.16576464334801E+00  0.29210959465088E-12 -0.19440925229709E+00 -0.75582374200750E-01  0.29953964625725E+02  0.73005015015914E+02 -0.20517882571636E+03 -0.11110354468314E-10
  -0.11067388161227E+03  0.13347256029283E+02 -0.49775638915489E+01  0.57858444766029E+02 -0.51870373408627E+01  0.19721341762037E+02  0.10357181700351E+02  0.10205960397388E+03 -0.13983733093552E+02 -0.19381147796470E+01  0.74563566466133E+00 -0.10224290158428E+01 -0.18272600813997E+00  0.55398878294126E-01  0.15152445712734E+02 -0.11691279765863E+01  0.95678686869069E+01  0.45248370120484E+01 -0.83807037073605E+02  0.26311032131155E-01 -0.46406216261879E+01  0.57402739294593E+00  0.14561093388573E+01  0.75988360307349E+01  0.71964875694263E-01 -0.42625764776886E-12 -0.64319616453821E+01 -0.89044684148577E+00  0.23144600609926E-11 -0.36763072235128E+01 -0.23386817586546E-04 -0.14977718443480E+00 -0.17591410534948E-13  0.49121101864325E-13 -0.18332768180218E-02 -0.10068054637197E-02 -0.16350188174991E+01  0.71747659984037E-04 -0.34554516612964E+01  0.34887068313020E-13
   0.74224069896160E+04  0.66605929735653E+03 -0.39404253004992E+03  0.30494993352695E+05 -0.25962781075252E+04  0.93370648257809E+04  0.48171343262134E+04  0.82380023614975E+05  0.49788559357682E+05 -0.39694982677272E+04  0.12645426832243E+04  0.14876861477269E+04  0.80557291606051E+02  0.15152445712734E+02  0.48634195257573E+05 -0.44504807918892E+04  0.34505563227639E+05  0.17930699595178E+05 -0.54819750902462E+05  0.21086639193350E+01  0.76213606007758E+03 -0.20918305134712E+03 -0.60689410544591E+03 -0.14680390230274E+04 -0.25813411740337E+04 -0.16981551972964E+04 -0.24545404075154E+04  0.19818935841203E+04  0.42165253125464E+04 -0.15194744755335E+04 -0.29573096254790E+04 -0.71420521932031E+03  0.22872715245472E+03  0.40989820340550E+03 -0.28055642539441E+04 -0.14966343601506E+04 -0.24797532758140E+04  0.18067594249609E+03 -0.83086054216049E+03 -0.93594367393901E+03
  -0.18844956495258E+04 -0.52052012737593E+02  0.86517389710121E+00 -0.36724523817841E+04  0.31749039196532E+03 -0.11546021456797E+04 -0.60378502989152E+03 -0.10426573080596E+05 -0.23339156537282E+04  0.47873977114618E+03 -0.13881855480919E+03 -0.20395574096250E+03 -0.13369513802335E+02 -0.11691279765863E+01 -0.44504807918892E+04  0.47471408866547E+03 -0.36165725131278E+04 -0.19543474923842E+04  0.63844937879194E+04 -0.84595495035096E+00 -0.11172792033508E+03  0.21676229812804E+02  0.54495553568097E+02  0.15567218950737E+03  0.47402131742404E+03  0.29739491523614E+03  0.28097847459420E+03 -0.16232335641831E+03 -0.47682768350729E+03  0.15582699334314E+03  0.30240047912374E+03  0.78031117916683E+02 -0.61287425311302E+02 -0.10835135494588E+03  0.42329038778406E+03  0.21005577245562E+03 -0.28258338460485E+03 -0.32426178289793E+02  0.23793714185296E+03  0.26658194130149E+03
   0.10178349206288E+05  0.17293839040618E+03 -0.18557927443691E+03  0.26499076265757E+05 -0.22042998020719E+04  0.82428613306965E+04  0.41462765429967E+04  0.82302407903858E+05  0.16643799203467E+05 -0.34797206258399E+04  0.10624495375607E+04  0.15838027321428E+04  0.93886771192008E+02  0.95678686869069E+01  0.34505563227639E+05 -0.36165725131278E+04  0.27986581082517E+05  0.14978572002962E+05 -0.47781716112031E+05  0.98568800611147E+00  0.79927236479059E+03 -0.24523548633181E+03 -0.67303852537882E+03 -0.15826464947833E+04 -0.25820445519145E+04 -0.16645173028749E+04 -0.24317438656966E+04  0.20563906886341E+04  0.43862946729104E+04 -0.12576909885588E+04 -0.24576455949782E+04 -0.59736690872218E+03  0.79193351452243E+02  0.15447020714445E+03 -0.25841002647679E+04 -0.13901980457809E+04  0.12554620065049E+04  0.21763633211996E+03 -0.16057478881809E+04 -0.17842216744275E+04
   0.73290373008405E+04  0.94234312850530E+02 -0.28383146515243E+02  0.14810244054440E+05 -0.12484398774952E+04  0.46720972665085E+04  0.23792878017513E+04  0.44385978182474E+05  0.80368781658562E+04 -0.19583848301393E+04  0.57629160061337E+03  0.90496209863992E+03  0.58231596034299E+02  0.45248370120484E+01  0.17930699595178E+05 -0.19543474923842E+04  0.14978572002962E+05  0.81227770582685E+04 -0.26531418973306E+05  0.18597937827058E+01  0.48299304631304E+03 -0.13025707348328E+03 -0.33475897919133E+03 -0.83344683094130E+03 -0.17973225129923E+04 -0.11272694810449E+04 -0.12214289455031E+04  0.96044470221752E+03  0.23924007373102E+04 -0.63630007209714E+03 -0.12446705105405E+04 -0.32792868743589E+03  0.10478918443137E+03  0.19433435821394E+03 -0.16536948581264E+04 -0.85508437142935E+03  0.13751931948628E+04  0.15155833396608E+03 -0.11084555015597E+04 -0.12323766637812E+04
  -0.74619556182758E+07  0.25585802853504E+07 -0.36969185039606E+06 -0.22215106888387E+07  0.49291817573062E+06 -0.70540795987076E+05 -0.25429608869533E+06 -0.57827890540228E+06 -0.26228625222505E+05  0.57594017590842E+05 -0.65606444190218E+04 -0.68052892438485E+04 -0.32263448537519E+03 -0.83807037073605E+02 -0.54819750902462E+05  0.63844937879194E+04 -0.47781716112031E+05 -0.26531418973306E+05  0.32879523707866E+08  0.65334386965427E+04  0.67804384826069E+06 -0.16988467218689E+06 -0.50201959984082E+06 -0.25281292768284E+07  0.33893973697649E+05  0.75334398469303E+05 -0.11769913994616E+04  0.56324335324092E+06  0.27476076691778E+07  0.17634819781147E+05  0.31420593509443E+05  0.22833206438307E+03  0.18311087761013E+06  0.79977122284716E+06  0.24704078626970E+05  0.77963472320708E+04 -0.18732888268175E+05  0.44038163406091E+05  0.20527779681352E+05  0.63205185305288E+05
  -0.14048448874814E+04  0.56662056404696E+03 -0.71642219761619E+02 -0.21204576403330E+03  0.68168328247120E+02  0.52806381496756E+02 -0.18755338888860E+01  0.37402354432181E+03 -0.92139583220470E+02 -0.87857679239043E+01  0.27602332857786E+01 -0.51124121671697E+01 -0.43493149697447E+00  0.26311032131155E-01  0.21086639193350E+01 -0.84595495035096E+00  0.98568800611147E+00  0.18597937827058E+01  0.65334386965427E+04  0.23903989134902E+01  0.14278581410961E+03 -0.28972660649935E+02 -0.86885391343729E+02 -0.51637966415447E+03  0.00000000000000E+00 -0.25642511770796E+02  0.00000000000000E+00  0.00000000000000E+00  0.41724516132541E+03  0.00000000000000E+00 -0.72893581815844E+01  0.00000000000000E+00  0.00000000000000E+00  0.21872278269394E+03  0.00000000000000E+00  0.00000000000000E+00  0.00000000000000E+00  0.11697774156640E+02  0.00000000000000E+00 -0.26937026343559E+02
  -0.21269891502694E+06  0.60702036576932E+05 -0.10253177124766E+05 -0.62187230437349E+05  0.12998270512669E+05 -0.47094150294677E+04 -0.86137510639988E+04 -0.28395197098954E+05  0.72546922454241E+03  0.25145052800888E+04 -0.29085927772256E+03 -0.12122079245895E+03  0.65323953348004E+01 -0.46406216261879E+01  0.76213606007758E+03 -0.11172792033508E+03  0.79927236479059E+03  0.48299304631304E+03  0.67804384826069E+06  0.14278581410961E+03  0.26696166396152E+05 -0.79381927400264E+04 -0.21680686911864E+05 -0.10245719181744E+06  0.00000000000000E+00  0.51002980643884E+04  0.00000000000000E+00  0.00000000000000E+00  0.11632256019979E+06  0.00000000000000E+00 -0.11592412542208E+04  0.00000000000000E+00  0.00000000000000E+00  0.23189242183645E+05  0.00000000000000E+00  0.00000000000000E+00  0.00000000000000E+00 -0.42420813264035E+04  0.00000000000000E+00  0.41915089752486E+04
   0.58359318777422E+05 -0.13004705096061E+05  0.26986146723447E+04  0.20684849353244E+05 -0.39106054441210E+04  0.25657131974484E+04  0.32128271829878E+04  0.28653347080056E+05 -0.57724231199656E+04 -0.13184257484493E+04  0.22462429733993E+03 -0.10619092346370E+02  0.85078078059115E+00  0.57402739294593E+00 -0.20918305134712E+03  0.21676229812804E+02 -0.24523548633181E+03 -0.13025707348328E+03 -0.16988467218689E+06 -0.28972660649935E+02 -0.79381927400264E+04  0.28951473412579E+04  0.77003208201507E+04  0.33592295892559E+05 -0.51850278017267E+02 -0.21349070880677E+04  0.26752633362623E+01  0.44446946633789E+03 -0.42612578306567E+05  0.00000000000000E+00 -0.16317171072129E+03  0.00000000000000E+00  0.22256360606492E+04 -0.50410449540399E+04  0.00000000000000E+00  0.00000000000000E+00  0.00000000000000E+00  0.15249241163310E+04 -0.38497201677079E+03 -0.28301010683176E+04
   0.18140049401112E+06 -0.43732651211768E+05  0.83985745340154E+04  0.57152813895244E+05 -0.10780799258320E+05  0.70496368943685E+04  0.87322520034787E+04  0.89516394265318E+05 -0.19131518076082E+05 -0.38344250027423E+04  0.68714538267798E+03  0.13893636780169E+03  0.18543897559891E+02  0.14561093388573E+01 -0.60689410544591E+03  0.54495553568097E+02 -0.67303852537882E+03 -0.33475897919133E+03 -0.50201959984082E+06 -0.86885391343729E+02 -0.21680686911864E+05  0.77003208201507E+04  0.21092370802077E+05  0.90729184302983E+05 -0.16395111877825E+03 -0.53235350701976E+04 -0.44876121282352E+02 -0.67897578364162E+04 -0.11694860365105E+06  0.00000000000000E+00 -0.40406860063737E+03  0.00000000000000E+00  0.31275961448945E+04 -0.15584860502018E+05  0.00000000000000E+00  0.00000000000000E+00  0.00000000000000E+00  0.38010404534566E+04 -0.21244348812249E+04 -0.82204466467454E+04
   0.75743430898027E+06 -0.20869675945438E+06  0.36123007445796E+05  0.24402237980756E+06 -0.48971619127813E+05  0.22438008764032E+05  0.34483072929112E+05  0.25061125268593E+06 -0.47983598272798E+05 -0.12425327792153E+05  0.19943424906102E+04 -0.92187288153942E+03 -0.94068836168556E+02  0.75988360307349E+01 -0.14680390230274E+04  0.15567218950737E+03 -0.15826464947833E+04 -0.83344683094130E+03 -0.25281292768284E+07 -0.51637966415447E+03 -0.10245719181744E+06  0.33592295892559E+05  0.90729184302983E+05  0.42542725711356E+06  0.25246169300926E+03 -0.27449469935426E+05 -0.62985214588430E+01  0.37996632662835E+05 -0.49282087261205E+06  0.00000000000000E+00 -0.21381828002351E+04  0.00000000000000E+00  0.16183818648212E+05 -0.81913592642113E+05  0.00000000000000E+00  0.00000000000000E+00  0.00000000000000E+00  0.20247952583916E+05  0.15649711597611E+04 -0.30187511727107E+05
  -0.12710440553575E+06  0.16582821064358E+05 -0.55199823611999E+04 -0.12779527936575E+05  0.20021270167838E+04 -0.28425405896838E+04 -0.25163860307281E+04 -0.60672178288162E+05  0.11463177721478E+05  0.27424832395903E+04 -0.48842896673818E+03 -0.11765715904089E+04 -0.17422603899292E+03  0.71964875694263E-01 -0.25813411740337E+04  0.47402131742404E+03 -0.25820445519145E+04 -0.17973225129923E+04  0.33893973697649E+05  0.00000000000000E+00  0.00000000000000E+00 -0.51850278017267E+02 -0.16395111877825E+03  0.25246169300926E+03  0.11629248434859E+06  0.00000000000000E+00  0.00000000000000E+00  0.00000000000000E+00  0.00000000000000E+00  0.00000000000000E+00  0.00000000000000E+00  0.00000000000000E+00  0.00000000000000E+00  0.00000000000000E+00  0.00000000000000E+00  0.00000000000000E+00  0.00000000000000E+00  0.00000000000000E+00  0.00000000000000E+00  0.00000000000000E+00
  -0.53930380581321E+05  0.82008833625466E+04 -0.23559706886374E+04 -0.21159551956616E+05  0.33759145804979E+04 -0.43630027136277E+04 -0.39470869107108E+04 -0.48797001794842E+05  0.10853438939418E+05  0.19007291209427E+04 -0.36879830589981E+03  0.15687240890542E-10 -0.38103198060233E-11 -0.42625764776886E-12 -0.16981551972964E+04  0.29739491523614E+03 -0.16645173028749E+04 -0.11272694810449E+04  0.75334398469303E+05 -0.25642511770796E+02  0.51002980643884E+04 -0.21349070880677E+04 -0.53235350701976E+04 -0.27449469935426E+05  0.00000000000000E+00  0.64602393090618E+05  0.00000000000000E+00  0.00000000000000E+00  0.00000000000000E+00  0.00000000000000E+00  0.00000000000000E+00  0.00000000000000E+00  0.00000000000000E+00  0.00000000000000E+00  0.00000000000000E+00  0.00000000000000E+00  0.00000000000000E+00  0.00000000000000E+00  0.00000000000000E+00  0.00000000000000E+00
  -0.44075219721540E+04 -0.23883960059996E+03  0.50079842659744E+02 -0.66074152224555E+02 -0.56423975361989E+02  0.15569487115634E+03  0.13734510678191E+03 -0.66837966804070E+05  0.24095359571017E+05  0.72758766431977E+03 -0.34183266630807E+03 -0.76683274334586E+03 -0.29593698165324E+02 -0.64319616453821E+01 -0.24545404075154E+04  0.28097847459420E+03 -0.24317438656966E+04 -0.12214289455031E+04 -0.11769913994616E+04  0.00000000000000E+00  0.00000000000000E+00  0.26752633362623E+01 -0.44876121282352E+02 -0.62985214588430E+01  0.00000000000000E+00  0.00000000000000E+00  0.30672827759920E+05  0.00000000000000E+00  0.00000000000000E+00  0.00000000000000E+00  0.00000000000000E+00  0.00000000000000E+00  0.00000000000000E+00  0.00000000000000E+00  0.00000000000000E+00  0.00000000000000E+00  0.00000000000000E+00  0.00000000000000E+00  0.00000000000000E+00  0.00000000000000E+00
  -0.83842004484683E+06  0.20919625453959E+06 -0.38784050588111E+05 -0.65690000625395E+05  0.11994443523907E+05 -0.89664463840038E+04 -0.10173775111772E+05 -0.28170972190826E+06  0.65607566495341E+05  0.10973691296473E+05 -0.20882339798890E+04 -0.52386794247125E+04 -0.61748926889016E+03 -0.89044684148577E+00  0.19818935841203E+04 -0.16232335641831E+03  0.20563906886341E+04  0.96044470221752E+03  0.56324335324092E+06  0.00000000000000E+00  0.00000000000000E+00  0.44446946633789E+03 -0.67897578364162E+04  0.37996632662835E+05  0.00000000000000E+00  0.00000000000000E+00  0.00000000000000E+00  0.57776124051962E+06  0.00000000000000E+00  0.00000000000000E+00  0.00000000000000E+00  0.00000000000000E+00  0.00000000000000E+00  0.00000000000000E+00  0.00000000000000E+00  0.00000000000000E+00  0.00000000000000E+00  0.00000000000000E+00  0.00000000000000E+00  0.00000000000000E+00
  -0.10854930946688E+07  0.26332700377359E+06 -0.50387007326989E+05 -0.34071515191416E+06  0.63278463276375E+05 -0.44399858812104E+05 -0.53123686678689E+05 -0.55948998029466E+06  0.12612105823256E+06  0.22977366998529E+05 -0.42004703496562E+04  0.39233059609381E-09  0.10680432982126E-10  0.23144600609926E-11  0.42165253125464E+04 -0.47682768350729E+03  0.43862946729104E+04  0.23924007373102E+04  0.27476076691778E+07  0.41724516132541E+03  0.11632256019979E+06 -0.42612578306567E+05 -0.11694860365105E+06 -0.49282087261205E+06  0.00000000000000E+00  0.00000000000000E+00  0.00000000000000E+00  0.00000000000000E+00  0.91833409958223E+06  0.00000000000000E+00  0.00000000000000E+00  0.00000000000000E+00  0.00000000000000E+00  0.00000000000000E+00  0.00000000000000E+00  0.00000000000000E+00  0.00000000000000E+00  0.00000000000000E+00  0.00000000000000E+00  0.00000000000000E+00
  -0.20573732934920E+05  0.57998873090499E+04 -0.99749669247488E+03 -0.14122653604011E+04  0.34031327790296E+03 -0.44863308992586E+01 -0.17308185824994E+03 -0.72613761324379E+05  0.23144334935924E+05  0.15307434582857E+04 -0.44478860461584E+03 -0.25192604437400E+04 -0.15684097341369E+03 -0.36763072235128E+01 -0.15194744755335E+04  0.15582699334314E+03 -0.12576909885588E+04 -0.63630007209714E+03  0.17634819781147E+05  0.00000000000000E+00  0.00000000000000E+00  0.00000000000000E+00  0.00000000000000E+00  0.00000000000000E+00  0.00000000000000E+00  0.00000000000000E+00  0.00000000000000E+00  0.00000000000000E+00  0.00000000000000E+00  0.14752027306411E+05  0.00000000000000E+00  0.00000000000000E+00  0.00000000000000E+00  0.00000000000000E+00  0.00000000000000E+00  0.00000000000000E+00  0.00000000000000E+00  0.00000000000000E+00  0.00000000000000E+00  0.00000000000000E+00
  -0.46372856620925E+05  0.13220295883214E+05 -0.22582234020362E+04 -0.24888424755241E+04  0.58012301852126E+03 -0.37635740365442E+02 -0.29529889970377E+03 -0.16240802510394E+06  0.51870148450637E+05  0.33524909982659E+04 -0.99497945306710E+03 -0.75639104297567E+02 -0.20002231654185E+02 -0.23386817586546E-04 -0.29573096254790E+04  0.30240047912374E+03 -0.24576455949782E+04 -0.12446705105405E+04  0.31420593509443E+05 -0.72893581815844E+01 -0.11592412542208E+04 -0.16317171072129E+03 -0.40406860063737E+03 -0.21381828002351E+04  0.00000000000000E+00  0.00000000000000E+00  0.00000000000000E+00  0.00000000000000E+00  0.00000000000000E+00  0.00000000000000E+00  0.31787484714330E+05  0.00000000000000E+00  0.00000000000000E+00  0.00000000000000E+00  0.00000000000000E+00  0.00000000000000E+00  0.00000000000000E+00  0.00000000000000E+00  0.00000000000000E+00  0.00000000000000E+00
  -0.30815756627144E+04  0.42084896719959E+03 -0.11823293893828E+03 -0.73698100429228E+02  0.95283351875723E+01 -0.19686204288905E+02 -0.13815456943851E+02 -0.13310312364432E+04  0.17934499692624E+03  0.43136636793666E+02 -0.11192133070816E+02 -0.83189575511960E+02 -0.66887009548934E+01 -0.14977718443480E+00 -0.71420521932031E+03  0.78031117916683E+02 -0.59736690872218E+03 -0.32792868743589E+03  0.22833206438307E+03  0.00000000000000E+00  0.00000000000000E+00  0.00000000000000E+00  0.00000000000000E+00  0.00000000000000E+00  0.00000000000000E+00  0.00000000000000E+00  0.00000000000000E+00  0.00000000000000E+00  0.00000000000000E+00  0.00000000000000E+00  0.00000000000000E+00  0.37870753867630E+04  0.00000000000000E+00  0.00000000000000E+00  0.00000000000000E+00  0.00000000000000E+00  0.00000000000000E+00  0.00000000000000E+00  0.00000000000000E+00  0.00000000000000E+00
  -0.19856484892579E+06  0.63461714963006E+05 -0.98582790031640E+04 -0.11733599994621E+05  0.29949307188370E+04  0.32980795789410E+03 -0.10865815314868E+04 -0.57538357990342E+04  0.61651978995707E+03  0.58293455284751E+03 -0.50219900945749E+02 -0.22993339451085E+00 -0.16576464334801E+00 -0.17591410534948E-13  0.22872715245472E+03 -0.61287425311302E+02  0.79193351452243E+02  0.10478918443137E+03  0.18311087761013E+06  0.00000000000000E+00  0.00000000000000E+00  0.22256360606492E+04  0.31275961448945E+04  0.16183818648212E+05  0.00000000000000E+00  0.00000000000000E+00  0.00000000000000E+00  0.00000000000000E+00  0.00000000000000E+00  0.00000000000000E+00  0.00000000000000E+00  0.00000000000000E+00  0.10564856833170E+06  0.00000000000000E+00  0.00000000000000E+00  0.00000000000000E+00  0.00000000000000E+00  0.00000000000000E+00  0.00000000000000E+00  0.00000000000000E+00
  -0.22407770036124E+06  0.71029413391096E+05 -0.11091827265826E+05 -0.52646387895440E+05  0.13221884547897E+05  0.11026108213529E+04 -0.50364072558247E+04 -0.11297348257618E+05  0.12469293504722E+04  0.11056251968582E+04 -0.98394855592312E+02  0.82126160010598E-11  0.29210959465088E-12  0.49121101864325E-13  0.40989820340550E+03 -0.10835135494588E+03  0.15447020714445E+03  0.19433435821394E+03  0.79977122284716E+06  0.21872278269394E+03  0.23189242183645E+05 -0.50410449540399E+04 -0.15584860502018E+05 -0.81913592642113E+05  0.00000000000000E+00  0.00000000000000E+00  0.00000000000000E+00  0.00000000000000E+00  0.00000000000000E+00  0.00000000000000E+00  0.00000000000000E+00  0.00000000000000E+00  0.00000000000000E+00  0.13884039671220E+06  0.00000000000000E+00  0.00000000000000E+00  0.00000000000000E+00  0.00000000000000E+00  0.00000000000000E+00  0.00000000000000E+00
  -0.91156712189313E+04  0.24673482094184E+04 -0.43327772325235E+03 -0.25141134031220E+04  0.48483347345330E+03 -0.27802654344855E+03 -0.37882491523520E+03  0.43486471608299E+02 -0.11920361591433E+04  0.13613429990070E+03 -0.15584276343711E+02 -0.18434248436408E+01 -0.19440925229709E+00 -0.18332768180218E-02 -0.28055642539441E+04  0.42329038778406E+03 -0.25841002647679E+04 -0.16536948581264E+04  0.24704078626970E+05  0.00000000000000E+00  0.00000000000000E+00  0.00000000000000E+00  0.00000000000000E+00  0.00000000000000E+00  0.00000000000000E+00  0.00000000000000E+00  0.00000000000000E+00  0.00000000000000E+00  0.00000000000000E+00  0.00000000000000E+00  0.00000000000000E+00  0.00000000000000E+00  0.00000000000000E+00  0.00000000000000E+00  0.83224187227264E+04  0.00000000000000E+00  0.00000000000000E+00  0.00000000000000E+00  0.00000000000000E+00  0.00000000000000E+00
  -0.32281566471358E+04  0.78351054869339E+03 -0.15085257503300E+03 -0.98098643816048E+03  0.17967048234122E+03 -0.13959474462300E+03 -0.15937520134510E+03  0.15906890841566E+03 -0.66850513320067E+03  0.60684498595888E+02 -0.73310469064582E+01 -0.79261585761918E+00 -0.75582374200750E-01 -0.10068054637197E-02 -0.14966343601506E+04  0.21005577245562E+03 -0.13901980457809E+04 -0.85508437142935E+03  0.77963472320708E+04  0.00000000000000E+00  0.00000000000000E+00  0.00000000000000E+00  0.00000000000000E+00  0.00000000000000E+00  0.00000000000000E+00  0.00000000000000E+00  0.00000000000000E+00  0.00000000000000E+00  0.00000000000000E+00  0.00000000000000E+00  0.00000000000000E+00  0.00000000000000E+00  0.00000000000000E+00  0.00000000000000E+00  0.00000000000000E+00  0.42653679329835E+04  0.00000000000000E+00  0.00000000000000E+00  0.00000000000000E+00  0.00000000000000E+00
  -0.15026161060452E+05 -0.23640269681556E+04  0.49823736551272E+02 -0.94818761450549E+04  0.33190741719571E+03 -0.30495721722033E+04 -0.12802434251323E+04 -0.26207906458118E+06  0.11153844166660E+06  0.30863394662837E+04 -0.11604887169320E+04  0.29995822980655E+03  0.29953964625725E+02 -0.16350188174991E+01 -0.24797532758140E+04 -0.28258338460485E+03  0.12554620065049E+04  0.13751931948628E+04 -0.18732888268175E+05  0.00000000000000E+00  0.00000000000000E+00  0.00000000000000E+00  0.00000000000000E+00  0.00000000000000E+00  0.00000000000000E+00  0.00000000000000E+00  0.00000000000000E+00  0.00000000000000E+00  0.00000000000000E+00  0.00000000000000E+00  0.00000000000000E+00  0.00000000000000E+00  0.00000000000000E+00  0.00000000000000E+00  0.00000000000000E+00  0.00000000000000E+00  0.12394124161152E+06  0.00000000000000E+00  0.00000000000000E+00  0.00000000000000E+00
   0.16593070148459E+05 -0.22364982041848E+04  0.72187008830160E+03 -0.15659765986396E+05  0.24930665388131E+04 -0.34004815720759E+04 -0.31781727419684E+04 -0.86342687267703E+04  0.15866953539438E+04  0.44202922277463E+03 -0.69549597161950E+02  0.32499155239279E+03  0.73005015015914E+02  0.71747659984037E-04  0.18067594249609E+03 -0.32426178289793E+02  0.21763633211996E+03  0.15155833396608E+03  0.44038163406091E+05  0.11697774156640E+02 -0.42420813264035E+04  0.15249241163310E+04  0.38010404534566E+04  0.20247952583916E+05  0.00000000000000E+00  0.00000000000000E+00  0.00000000000000E+00  0.00000000000000E+00  0.00000000000000E+00  0.00000000000000E+00  0.00000000000000E+00  0.00000000000000E+00  0.00000000000000E+00  0.00000000000000E+00  0.00000000000000E+00  0.00000000000000E+00  0.00000000000000E+00  0.39229972807153E+05  0.00000000000000E+00  0.00000000000000E+00
  -0.70669570523689E+05  0.85399986838744E+04 -0.25535651320713E+04 -0.71910083895296E+04  0.82034796962989E+03 -0.18630527105784E+04 -0.11559444143373E+04 -0.13697702631677E+06  0.44196929731929E+05  0.27873968756881E+04 -0.83680459696247E+03 -0.28639818677569E+04 -0.20517882571636E+03 -0.34554516612964E+01 -0.83086054216049E+03  0.23793714185296E+03 -0.16057478881809E+04 -0.11084555015597E+04  0.20527779681352E+05  0.00000000000000E+00  0.00000000000000E+00 -0.38497201677079E+03 -0.21244348812249E+04  0.15649711597611E+04  0.00000000000000E+00  0.00000000000000E+00  0.00000000000000E+00  0.00000000000000E+00  0.00000000000000E+00  0.00000000000000E+00  0.00000000000000E+00  0.00000000000000E+00  0.00000000000000E+00  0.00000000000000E+00  0.00000000000000E+00  0.00000000000000E+00  0.00000000000000E+00  0.00000000000000E+00  0.94953132102458E+05  0.00000000000000E+00
  -0.55789387663428E+05  0.71665511726226E+04 -0.20715540955547E+04 -0.21291991088341E+05  0.25212172826845E+04 -0.53742322752355E+04 -0.34456156477785E+04 -0.17040083410553E+06  0.54435347481592E+05  0.35529908320823E+04 -0.10492921128118E+04  0.88943417629480E-11 -0.11110354468314E-10  0.34887068313020E-13 -0.93594367393901E+03  0.26658194130149E+03 -0.17842216744275E+04 -0.12323766637812E+04  0.63205185305288E+05 -0.26937026343559E+02  0.41915089752486E+04 -0.28301010683176E+04 -0.82204466467454E+04 -0.30187511727107E+05  0.00000000000000E+00  0.00000000000000E+00  0.00000000000000E+00  0.00000000000000E+00  0.00000000000000E+00  0.00000000000000E+00  0.00000000000000E+00  0.00000000000000E+00  0.00000000000000E+00  0.00000000000000E+00  0.00000000000000E+00  0.00000000000000E+00  0.00000000000000E+00  0.00000000000000E+00  0.00000000000000E+00  0.99643250523867E+05

 # Covariance matrix (Bevington epsilon)
