 Correlated errors added in quadrature with statistical errors
 jl00106F2p           DIS data with   1.69< Q2 < 0.500D+03 and 0.000 < xB < 1.000 and   3.00< W2 < 0.100D+04 and 0.000 < y < 1.000
   GP TMC applied
   HT corrections, multiplicative C=C(xB)
 Correlated errors added in quadrature with statistical errors
 jl00106F2d           DIS data with   1.69< Q2 < 0.500D+03 and 0.000 < xB < 1.000 and   3.00< W2 < 0.100D+04 and 0.000 < y < 1.000
   WBArel smearing  (AV18) - KP-like (baryon conserv.)0 nuke corrections
   GP TMC applied
   HT corrections, multiplicative C=C(xB)
 Correlated errors added in quadrature with statistical errors
 HerF2pCut            DIS data with   1.69< Q2 < 0.500D+03 and 0.000 < xB < 1.000 and   3.00< W2 < 0.100D+04 and 0.000 < y < 1.000
   GP TMC applied
   HT corrections, multiplicative C=C(xB)
 Correlated errors added in quadrature with statistical errors
 HerF2dCut            DIS data with   1.69< Q2 < 0.500D+03 and 0.000 < xB < 1.000 and   3.00< W2 < 0.100D+04 and 0.000 < y < 1.000
   WBArel smearing  (AV18) - KP-like (baryon conserv.)0 nuke corrections
   GP TMC applied
   HT corrections, multiplicative C=C(xB)
 Correlated errors added in quadrature with statistical errors
 slac_p               DIS data with   1.69< Q2 < 0.500D+03 and 0.000 < xB < 1.000 and   3.00< W2 < 0.100D+04 and 0.000 < y < 1.000
   GP TMC applied
   HT corrections, multiplicative C=C(xB)
 Correlated errors added in quadrature with statistical errors
 slac_d               DIS data with   1.69< Q2 < 0.500D+03 and 0.000 < xB < 1.000 and   3.00< W2 < 0.100D+04 and 0.000 < y < 1.000
   WBArel smearing  (AV18) - KP-like (baryon conserv.)0 nuke corrections
   GP TMC applied
   HT corrections, multiplicative C=C(xB)
 Correlated errors treated separately from statistical errors
 BcdF2pCor            DIS data with   1.69< Q2 < 0.500D+03 and 0.000 < xB < 1.000 and   3.00< W2 < 0.100D+04 and 0.000 < y < 1.000
   GP TMC applied
   HT corrections, multiplicative C=C(xB)
 Correlated errors treated separately from statistical errors
 BcdF2dCor            DIS data with   1.69< Q2 < 0.500D+03 and 0.000 < xB < 1.000 and   3.00< W2 < 0.100D+04 and 0.000 < y < 1.000
   WBArel smearing  (AV18) - KP-like (baryon conserv.)0 nuke corrections
   GP TMC applied
   HT corrections, multiplicative C=C(xB)
 Correlated errors treated separately from statistical errors
 NmcF2pCor            DIS data with   1.69< Q2 < 0.500D+03 and 0.000 < xB < 1.000 and   3.00< W2 < 0.100D+04 and 0.000 < y < 1.000
   GP TMC applied
   HT corrections, multiplicative C=C(xB)
 Correlated errors treated separately from statistical errors
 NmcRatCor            DIS data with   1.69< Q2 < 0.500D+03 and 0.000 < xB < 1.000 and   3.00< W2 < 0.100D+04 and 0.000 < y < 1.000
   WBArel smearing  (AV18) - KP-like (baryon conserv.)0 nuke corrections
   GP TMC applied
   HT corrections, multiplicative C=C(xB)
 Correlated errors treated separately from statistical errors
 H2_NC_em             DIS data with   1.69< Q2 < 0.100D+06 and 0.000 < xB < 1.000 and   3.00< W2 < 0.100D+08 and 0.000 < y < 1.000
   GP TMC applied
   HT corrections, multiplicative C=C(xB)
 Correlated errors treated separately from statistical errors
 H2_NC_ep_1           DIS data with   1.69< Q2 < 0.100D+06 and 0.000 < xB < 1.000 and   3.00< W2 < 0.100D+08 and 0.000 < y < 1.000
   GP TMC applied
   HT corrections, multiplicative C=C(xB)
 Correlated errors treated separately from statistical errors
 H2_NC_ep_2           DIS data with   1.69< Q2 < 0.100D+06 and 0.000 < xB < 1.000 and   3.00< W2 < 0.100D+08 and 0.000 < y < 1.000
   GP TMC applied
   HT corrections, multiplicative C=C(xB)
 Correlated errors treated separately from statistical errors
 H2_NC_ep_3           DIS data with   1.69< Q2 < 0.100D+06 and 0.000 < xB < 1.000 and   3.00< W2 < 0.100D+08 and 0.000 < y < 1.000
   GP TMC applied
   HT corrections, multiplicative C=C(xB)
 Correlated errors treated separately from statistical errors
 H2_NC_ep_4           DIS data with   1.69< Q2 < 0.100D+06 and 0.000 < xB < 1.000 and   3.00< W2 < 0.100D+08 and 0.000 < y < 1.000
   GP TMC applied
   HT corrections, multiplicative C=C(xB)
 Correlated errors treated separately from statistical errors
 H2_CC_em             DIS data with   1.69< Q2 < 0.100D+06 and 0.000 < xB < 1.000 and   3.00< W2 < 0.100D+08 and 0.000 < y < 1.000
   GP TMC applied
   HT corrections, multiplicative C=C(xB)
 Correlated errors treated separately from statistical errors
 H2_CC_ep             DIS data with   1.69< Q2 < 0.100D+06 and 0.000 < xB < 1.000 and   3.00< W2 < 0.100D+08 and 0.000 < y < 1.000
   GP TMC applied
   HT corrections, multiplicative C=C(xB)
 Correlated errors added in quadrature with statistical errors
 BNS_F2nd             DIS data with   1.69< Q2 < 0.100D+06 and 0.000 < xB < 1.000 and   3.00< W2 < 0.100D+08 and 0.000 < y < 1.000
   WBArel smearing  (AV18) - KP-like (baryon conserv.)0 nuke corrections
   GP TMC applied
   HT corrections, multiplicative C=C(xB)
 Correlated errors added in quadrature with statistical errors
 e866pp06xf           vector boson data with Q2 >=  36.00
 Correlated errors added in quadrature with statistical errors
 e866pd06xf           vector boson data with Q2 >=  36.00
 Correlated errors added in quadrature with statistical errors
 cdfLasy05            vector boson data with Q2 >=   0.00
 Correlated errors added in quadrature with statistical errors
 d0Lasy_e15           vector boson data with Q2 >=   0.00
 Correlated errors added in quadrature with statistical errors
 d0Lasy13             vector boson data with Q2 >=   0.00
 Correlated errors added in quadrature with statistical errors
 CDF_Wasy             vector boson data with Q2 >=   0.00
 Correlated errors added in quadrature with statistical errors
 D0_Wasy              vector boson data with Q2 >=   0.00
 Correlated errors added in quadrature with statistical errors
 CDF_Z                vector boson data with Q2 >=   0.00
 Correlated errors added in quadrature with statistical errors
 D0_Z                 vector boson data with Q2 >=   0.00
 Correlated errors added in quadrature with statistical errors
 d0run2cone          Jet data - errors added in quadrature
 Correlated errors added in quadrature with statistical errors
 CDFrun2jet          Jet data - errors added in quadrature
 Correlated errors added in quadrature with statistical errors
 d0_gamjet1           Photon data -- cuts to be written yet ...
 Correlated errors added in quadrature with statistical errors
 d0_gamjet2           Photon data -- cuts to be written yet ...
 Correlated errors added in quadrature with statistical errors
 d0_gamjet3           Photon data -- cuts to be written yet ...
 Correlated errors added in quadrature with statistical errors
 d0_gamjet4           Photon data -- cuts to be written yet ...

# fitpack15: fit output
# CJ15 AV18 final data choices                                                 

Parametrization   7 used here

 S-ACOT scheme used  for NC DIS

 charm mass =     1.30 GeV     bottom mass =     4.50 GeV



 THIS IS A NEXT TO LEADING ORDER FIT

 Q02=    1.69
         1  LAMBDA      VALUE=   0.22680      WEIGHT=    0.0000    
         2  a0uv        VALUE=    2.3961      WEIGHT=    0.0000    
         3  a1uv        VALUE=   0.61390      WEIGHT=   0.19856E-01
         4  a2uv        VALUE=    3.5389      WEIGHT=   0.12414E-01
         5  a3uv        VALUE=    0.0000      WEIGHT=    0.0000    
         6  a4uv        VALUE=    3.4575      WEIGHT=   0.42903    
         7  a5uv        VALUE=    0.0000      WEIGHT=    0.0000    
         8  a0dv        VALUE=    25.401      WEIGHT=    0.0000    
         9  a1dv        VALUE=    1.1646      WEIGHT=   0.33533E-01
        10  a2dv        VALUE=    6.5543      WEIGHT=   0.15936    
        11  a3dv        VALUE=   -3.5184      WEIGHT=   0.86332E-01
        12  a4dv        VALUE=    4.6673      WEIGHT=   0.14209    
        13  a5dv        VALUE=    0.0000      WEIGHT=    0.0000    
        14  a0ud        VALUE=   0.14638      WEIGHT=   0.50348E-02
        15  a1ud        VALUE=  -0.20779      WEIGHT=   0.37551E-02
        16  a2ud        VALUE=    8.3297      WEIGHT=   0.19114    
        17  a3ud        VALUE=    0.0000      WEIGHT=    0.0000    
        18  a4ud        VALUE=    14.607      WEIGHT=    1.2151    
        19  a5ud        VALUE=    0.0000      WEIGHT=    0.0000    
        20  a0du        VALUE=    35712.      WEIGHT=    0.0000    
        21  a1du        VALUE=    4.0159      WEIGHT=   0.74070E-01
        22  a2du        VALUE=    20.154      WEIGHT=   0.87862    
        23  a3du        VALUE=    17.000      WEIGHT=    0.0000    
        24  a4du        VALUE=    51.156      WEIGHT=    10.239    
        25  a0g         VALUE=    44.171      WEIGHT=    0.0000    
        26  a1g         VALUE=   0.59695      WEIGHT=   0.31164E-01
        27  a2g         VALUE=    6.4808      WEIGHT=   0.96748    
        28  a3g         VALUE=   -3.2961      WEIGHT=   0.13418    
        29  a4g         VALUE=    3.1749      WEIGHT=   0.31376    
        30  a5g         VALUE=    0.0000      WEIGHT=    0.0000    
        31  kappa       VALUE=   0.40000      WEIGHT=    0.0000    
        32  a6dv        VALUE=  -0.34326E-02  WEIGHT=   0.66324E-03
        33  a7dv        VALUE=    2.0000      WEIGHT=    0.0000    
        34  off1        VALUE=   -3.6734      WEIGHT=    1.5278    
        35  off2        VALUE=   0.57177E-01  WEIGHT=   0.14842E-01
        36  ht1         VALUE=   -3.2721      WEIGHT=   0.26061    
        37  ht2         VALUE=    1.9816      WEIGHT=   0.10524    
        38  ht3         VALUE=   -2.0841      WEIGHT=   0.19888E-01
        39  ht4         VALUE=    0.0000      WEIGHT=    0.0000    
        40  dummy40     VALUE=    0.0000      WEIGHT=    0.0000    
        41  dummy41     VALUE=    0.0000      WEIGHT=    0.0000    
        42  dummy42     VALUE=    0.0000      WEIGHT=    0.0000    
        43  dummy43     VALUE=    0.0000      WEIGHT=    0.0000    
        44  dummy44     VALUE=    0.0000      WEIGHT=    0.0000    
        45  dummy45     VALUE=    0.0000      WEIGHT=    0.0000    
        46  dummy46     VALUE=    0.0000      WEIGHT=    0.0000    
        47  dummy47     VALUE=    0.0000      WEIGHT=    0.0000    
        48  dummy48     VALUE=    0.0000      WEIGHT=    0.0000    
        49  dummy49     VALUE=    0.0000      WEIGHT=    0.0000    
        50  bcdmsh2     VALUE=   0.97307      WEIGHT=   0.48289E-02
        51  bcdmsd2     VALUE=   0.99317      WEIGHT=   0.58269E-02
        52  ccfr        VALUE=    1.0000      WEIGHT=    0.0000    
        53  nutev       VALUE=    1.0000      WEIGHT=    0.0000    
        54  zeus        VALUE=   0.97998      WEIGHT=    0.0000    
        55  h1          VALUE=    1.0162      WEIGHT=    0.0000    
        56  e605        VALUE=    1.0319      WEIGHT=    0.0000    
        57  NmcH2       VALUE=    1.0095      WEIGHT=   0.71247E-02
        58  ntv_nu      VALUE=    1.0000      WEIGHT=    0.0000    
        59  ntv_nubar   VALUE=    1.0000      WEIGHT=    0.0000    
        60  cdf_jet     VALUE=   0.98910      WEIGHT=    0.0000    
        61  d0_jet      VALUE=   0.83504      WEIGHT=    0.0000    
        62  slac_p      VALUE=    1.0049      WEIGHT=   0.48124E-02
        63  slac_d      VALUE=    1.0042      WEIGHT=   0.52781E-02
        64  e866pp      VALUE=   0.96586      WEIGHT=   0.19263E-01
        65  e866pd      VALUE=   0.96369      WEIGHT=   0.15783E-01
        66  d0_gamjet   VALUE=    1.0389      WEIGHT=   0.16474E-01
        67  h1b         VALUE=   0.97608      WEIGHT=    0.0000    
        68  jlab_p      VALUE=   0.99446      WEIGHT=   0.57943E-02
        69  jlab_d      VALUE=   0.97557      WEIGHT=   0.59019E-02
        70  blank       VALUE=    1.0000      WEIGHT=    0.0000    
        71  d0run2      VALUE=   0.94087      WEIGHT=   0.14167E-01
        72  cdfrun2     VALUE=   0.92649      WEIGHT=   0.17233E-01
        73  HERA_el     VALUE=    1.0000      WEIGHT=    0.0000    
        74  HERA_ps     VALUE=    1.0000      WEIGHT=    0.0000    
        75  CDF_Z       VALUE=   0.96581      WEIGHT=   0.64944E-02
        76  NmcRat      VALUE=    1.0000      WEIGHT=    0.0000    
        77  BNS_F2nd    VALUE=   0.98310      WEIGHT=   0.68314E-02
        78  HERMES_F2p  VALUE=   0.99832      WEIGHT=   0.55693E-02
        79  HERMES_F2d  VALUE=   0.98039      WEIGHT=   0.58259E-02
0THE TOLERANCE IS    0.1000
 THE MAXIMUM NUMBER OF STEPS IS 100
0THE INITIAL CHI SQUARED IS  4.71056E+03
0  STEP  CHI SQUARED    PARAMETER      VALUE         ERROR
 ------------------------------------------------------------
     1    4.70834E+03
                       1  LAMBDA     2.2680E-01       FIX 
                       2  a0uv       2.3894E+00       FIX 
                       3  a1uv       6.1351E-01           
                       4  a2uv       3.5421E+00           
                       5  a3uv       0.0000E+00       FIX 
                       6  a4uv       3.4862E+00           
                       7  a5uv       0.0000E+00       FIX 
                       8  a0dv       2.5163E+01       FIX 
                       9  a1dv       1.1634E+00           
                      10  a2dv       6.5564E+00           
                      11  a3dv      -3.5112E+00           
                      12  a4dv       4.6711E+00           
                      13  a5dv       0.0000E+00       FIX 
                      14  a0ud       1.4647E-01           
                      15  a1ud      -2.0778E-01           
                      16  a2ud       8.3108E+00           
                      17  a3ud       0.0000E+00       FIX 
                      18  a4ud       1.4504E+01           
                      19  a5ud       0.0000E+00       FIX 
                      20  a0du       3.5712E+04       FIX 
                      21  a1du       4.0318E+00           
                      22  a2du       2.0098E+01           
                      23  a3du       1.7000E+01       FIX 
                      24  a4du       5.1647E+01           
                      25  a0g        4.5371E+01       FIX 
                      26  a1g        6.0211E-01           
                      27  a2g        6.5344E+00           
                      28  a3g       -3.3057E+00           
                      29  a4g        3.1873E+00           
                      30  a5g        0.0000E+00       FIX 
                      31  kappa      4.0000E-01       FIX 
                      32  a6dv      -3.4700E-03           
                      33  a7dv       2.0000E+00       FIX 
                      34  off1      -3.6213E+00           
                      35  off2       5.9911E-02           
                      36  ht1       -3.3290E+00           
                      37  ht2        1.9657E+00           
                      38  ht3       -2.0751E+00           
                      39  ht4        0.0000E+00       FIX 
                      40  dummy40    0.0000E+00       FIX 
                      41  dummy41    0.0000E+00       FIX 
                      42  dummy42    0.0000E+00       FIX 
                      43  dummy43    0.0000E+00       FIX 
                      44  dummy44    0.0000E+00       FIX 
                      45  dummy45    0.0000E+00       FIX 
                      46  dummy46    0.0000E+00       FIX 
                      47  dummy47    0.0000E+00       FIX 
                      48  dummy48    0.0000E+00       FIX 
                      49  dummy49    0.0000E+00       FIX 
                      50  bcdmsh2    9.7238E-01           
                      51  bcdmsd2    9.9260E-01           
                      52  ccfr       1.0000E+00       FIX 
                      53  nutev      1.0000E+00       FIX 
                      54  zeus       9.7998E-01       FIX 
                      55  h1         1.0162E+00       FIX 
                      56  e605       1.0319E+00       FIX 
                      57  NmcH2      1.0089E+00           
                      58  ntv_nu     1.0000E+00       FIX 
                      59  ntv_nuba   1.0000E+00       FIX 
                      60  cdf_jet    9.8910E-01       FIX 
                      61  d0_jet     8.3504E-01       FIX 
                      62  slac_p     1.0051E+00           
                      63  slac_d     1.0044E+00           
                      64  e866pp     9.6464E-01           
                      65  e866pd     9.6191E-01           
                      66  d0_gamje   1.0388E+00           
                      67  h1b        9.7608E-01       FIX 
                      68  jlab_p     9.9463E-01           
                      69  jlab_d     9.7582E-01           
                      70  blank      1.0000E+00       FIX 
                      71  d0run2     9.4140E-01           
                      72  cdfrun2    9.2723E-01           
                      73  HERA_el    1.0000E+00       FIX 
                      74  HERA_ps    1.0000E+00       FIX 
                      75  CDF_Z      9.6475E-01           
                      76  NmcRat     1.0000E+00       FIX 
                      77  BNS_F2nd   9.8293E-01           
                      78  HERMES_F   9.9823E-01           
                      79  HERMES_F   9.8033E-01           
 ------------------------------------------------------------
     2    4.70784E+03
                       1  LAMBDA     2.2680E-01       FIX 
                       2  a0uv       2.3887E+00       FIX 
                       3  a1uv       6.1347E-01           
                       4  a2uv       3.5424E+00           
                       5  a3uv       0.0000E+00       FIX 
                       6  a4uv       3.4888E+00           
                       7  a5uv       0.0000E+00       FIX 
                       8  a0dv       2.5151E+01       FIX 
                       9  a1dv       1.1633E+00           
                      10  a2dv       6.5564E+00           
                      11  a3dv      -3.5108E+00           
                      12  a4dv       4.6710E+00           
                      13  a5dv       0.0000E+00       FIX 
                      14  a0ud       1.4650E-01           
                      15  a1ud      -2.0778E-01           
                      16  a2ud       8.3086E+00           
                      17  a3ud       0.0000E+00       FIX 
                      18  a4ud       1.4501E+01           
                      19  a5ud       0.0000E+00       FIX 
                      20  a0du       3.5712E+04       FIX 
                      21  a1du       4.0314E+00           
                      22  a2du       2.0089E+01           
                      23  a3du       1.7000E+01       FIX 
                      24  a4du       5.1435E+01           
                      25  a0g        4.5403E+01       FIX 
                      26  a1g        6.0245E-01           
                      27  a2g        6.5376E+00           
                      28  a3g       -3.3063E+00           
                      29  a4g        3.1892E+00           
                      30  a5g        0.0000E+00       FIX 
                      31  kappa      4.0000E-01       FIX 
                      32  a6dv      -3.4850E-03           
                      33  a7dv       2.0000E+00       FIX 
                      34  off1      -3.6626E+00           
                      35  off2       5.8951E-02           
                      36  ht1       -3.3307E+00           
                      37  ht2        1.9655E+00           
                      38  ht3       -2.0739E+00           
                      39  ht4        0.0000E+00       FIX 
                      40  dummy40    0.0000E+00       FIX 
                      41  dummy41    0.0000E+00       FIX 
                      42  dummy42    0.0000E+00       FIX 
                      43  dummy43    0.0000E+00       FIX 
                      44  dummy44    0.0000E+00       FIX 
                      45  dummy45    0.0000E+00       FIX 
                      46  dummy46    0.0000E+00       FIX 
                      47  dummy47    0.0000E+00       FIX 
                      48  dummy48    0.0000E+00       FIX 
                      49  dummy49    0.0000E+00       FIX 
                      50  bcdmsh2    9.7248E-01           
                      51  bcdmsd2    9.9255E-01           
                      52  ccfr       1.0000E+00       FIX 
                      53  nutev      1.0000E+00       FIX 
                      54  zeus       9.7998E-01       FIX 
                      55  h1         1.0162E+00       FIX 
                      56  e605       1.0319E+00       FIX 
                      57  NmcH2      1.0090E+00           
                      58  ntv_nu     1.0000E+00       FIX 
                      59  ntv_nuba   1.0000E+00       FIX 
                      60  cdf_jet    9.8910E-01       FIX 
                      61  d0_jet     8.3504E-01       FIX 
                      62  slac_p     1.0051E+00           
                      63  slac_d     1.0043E+00           
                      64  e866pp     9.6492E-01           
                      65  e866pd     9.6215E-01           
                      66  d0_gamje   1.0388E+00           
                      67  h1b        9.7608E-01       FIX 
                      68  jlab_p     9.9464E-01           
                      69  jlab_d     9.7570E-01           
                      70  blank      1.0000E+00       FIX 
                      71  d0run2     9.4118E-01           
                      72  cdfrun2    9.2706E-01           
                      73  HERA_el    1.0000E+00       FIX 
                      74  HERA_ps    1.0000E+00       FIX 
                      75  CDF_Z      9.6489E-01           
                      76  NmcRat     1.0000E+00       FIX 
                      77  BNS_F2nd   9.8319E-01           
                      78  HERMES_F   9.9826E-01           
                      79  HERMES_F   9.8025E-01           
 ------------------------------------------------------------
     3    4.70767E+03
                       1  LAMBDA     2.2680E-01       FIX 
                       2  a0uv       2.3879E+00       FIX 
                       3  a1uv       6.1341E-01           
                       4  a2uv       3.5426E+00           
                       5  a3uv       0.0000E+00       FIX 
                       6  a4uv       3.4913E+00           
                       7  a5uv       0.0000E+00       FIX 
                       8  a0dv       2.5141E+01       FIX 
                       9  a1dv       1.1632E+00           
                      10  a2dv       6.5564E+00           
                      11  a3dv      -3.5105E+00           
                      12  a4dv       4.6709E+00           
                      13  a5dv       0.0000E+00       FIX 
                      14  a0ud       1.4653E-01           
                      15  a1ud      -2.0776E-01           
                      16  a2ud       8.3072E+00           
                      17  a3ud       0.0000E+00       FIX 
                      18  a4ud       1.4497E+01           
                      19  a5ud       0.0000E+00       FIX 
                      20  a0du       3.5712E+04       FIX 
                      21  a1du       4.0317E+00           
                      22  a2du       2.0080E+01           
                      23  a3du       1.7000E+01       FIX 
                      24  a4du       5.1430E+01           
                      25  a0g        4.5461E+01       FIX 
                      26  a1g        6.0272E-01           
                      27  a2g        6.5426E+00           
                      28  a3g       -3.3069E+00           
                      29  a4g        3.1908E+00           
                      30  a5g        0.0000E+00       FIX 
                      31  kappa      4.0000E-01       FIX 
                      32  a6dv      -3.4919E-03           
                      33  a7dv       2.0000E+00       FIX 
                      34  off1      -3.6831E+00           
                      35  off2       5.8173E-02           
                      36  ht1       -3.3331E+00           
                      37  ht2        1.9651E+00           
                      38  ht3       -2.0728E+00           
                      39  ht4        0.0000E+00       FIX 
                      40  dummy40    0.0000E+00       FIX 
                      41  dummy41    0.0000E+00       FIX 
                      42  dummy42    0.0000E+00       FIX 
                      43  dummy43    0.0000E+00       FIX 
                      44  dummy44    0.0000E+00       FIX 
                      45  dummy45    0.0000E+00       FIX 
                      46  dummy46    0.0000E+00       FIX 
                      47  dummy47    0.0000E+00       FIX 
                      48  dummy48    0.0000E+00       FIX 
                      49  dummy49    0.0000E+00       FIX 
                      50  bcdmsh2    9.7253E-01           
                      51  bcdmsd2    9.9256E-01           
                      52  ccfr       1.0000E+00       FIX 
                      53  nutev      1.0000E+00       FIX 
                      54  zeus       9.7998E-01       FIX 
                      55  h1         1.0162E+00       FIX 
                      56  e605       1.0319E+00       FIX 
                      57  NmcH2      1.0090E+00           
                      58  ntv_nu     1.0000E+00       FIX 
                      59  ntv_nuba   1.0000E+00       FIX 
                      60  cdf_jet    9.8910E-01       FIX 
                      61  d0_jet     8.3504E-01       FIX 
                      62  slac_p     1.0051E+00           
                      63  slac_d     1.0042E+00           
                      64  e866pp     9.6501E-01           
                      65  e866pd     9.6228E-01           
                      66  d0_gamje   1.0388E+00           
                      67  h1b        9.7608E-01       FIX 
                      68  jlab_p     9.9458E-01           
                      69  jlab_d     9.7563E-01           
                      70  blank      1.0000E+00       FIX 
                      71  d0run2     9.4115E-01           
                      72  cdfrun2    9.2704E-01           
                      73  HERA_el    1.0000E+00       FIX 
                      74  HERA_ps    1.0000E+00       FIX 
                      75  CDF_Z      9.6494E-01           
                      76  NmcRat     1.0000E+00       FIX 
                      77  BNS_F2nd   9.8326E-01           
                      78  HERMES_F   9.9826E-01           
                      79  HERMES_F   9.8023E-01           
 ------------------------------------------------------------
     4    4.70759E+03
                       1  LAMBDA     2.2680E-01    0.0000E+00
                       2  a0uv       2.3872E+00    0.0000E+00
                       3  a1uv       6.1335E-01    1.9967E-02
                       4  a2uv       3.5428E+00    1.2385E-02
                       5  a3uv       0.0000E+00    0.0000E+00
                       6  a4uv       3.4937E+00    4.3422E-01
                       7  a5uv       0.0000E+00    0.0000E+00
                       8  a0dv       2.5133E+01    0.0000E+00
                       9  a1dv       1.1632E+00    3.3158E-02
                      10  a2dv       6.5563E+00    1.5796E-01
                      11  a3dv      -3.5102E+00    8.4547E-02
                      12  a4dv       4.6708E+00    1.4064E-01
                      13  a5dv       0.0000E+00    0.0000E+00
                      14  a0ud       1.4656E-01    5.0331E-03
                      15  a1ud      -2.0775E-01    3.7547E-03
                      16  a2ud       8.3062E+00    1.9243E-01
                      17  a3ud       0.0000E+00    0.0000E+00
                      18  a4ud       1.4493E+01    1.2211E+00
                      19  a5ud       0.0000E+00    0.0000E+00
                      20  a0du       3.5712E+04    0.0000E+00
                      21  a1du       4.0319E+00    7.6154E-02
                      22  a2du       2.0073E+01    8.7792E-01
                      23  a3du       1.7000E+01    0.0000E+00
                      24  a4du       5.1403E+01    1.0707E+01
                      25  a0g        4.5514E+01    0.0000E+00
                      26  a1g        6.0298E-01    3.1361E-02
                      27  a2g        6.5478E+00    9.6523E-01
                      28  a3g       -3.3075E+00    1.3614E-01
                      29  a4g        3.1923E+00    3.2933E-01
                      30  a5g        0.0000E+00    0.0000E+00
                      31  kappa      4.0000E-01    0.0000E+00
                      32  a6dv      -3.4954E-03    6.5337E-04
                      33  a7dv       2.0000E+00    0.0000E+00
                      34  off1      -3.6944E+00    1.5195E+00
                      35  off2       5.7577E-02    5.7649E-02
                      36  ht1       -3.3358E+00    2.6303E-01
                      37  ht2        1.9647E+00    1.0730E-01
                      38  ht3       -2.0718E+00    1.8707E-02
                      39  ht4        0.0000E+00    0.0000E+00
                      40  dummy40    0.0000E+00    0.0000E+00
                      41  dummy41    0.0000E+00    0.0000E+00
                      42  dummy42    0.0000E+00    0.0000E+00
                      43  dummy43    0.0000E+00    0.0000E+00
                      44  dummy44    0.0000E+00    0.0000E+00
                      45  dummy45    0.0000E+00    0.0000E+00
                      46  dummy46    0.0000E+00    0.0000E+00
                      47  dummy47    0.0000E+00    0.0000E+00
                      48  dummy48    0.0000E+00    0.0000E+00
                      49  dummy49    0.0000E+00    0.0000E+00
                      50  bcdmsh2    9.7257E-01    4.8200E-03
                      51  bcdmsd2    9.9259E-01    5.8283E-03
                      52  ccfr       1.0000E+00    0.0000E+00
                      53  nutev      1.0000E+00    0.0000E+00
                      54  zeus       9.7998E-01    0.0000E+00
                      55  h1         1.0162E+00    0.0000E+00
                      56  e605       1.0319E+00    0.0000E+00
                      57  NmcH2      1.0090E+00    7.1197E-03
                      58  ntv_nu     1.0000E+00    0.0000E+00
                      59  ntv_nuba   1.0000E+00    0.0000E+00
                      60  cdf_jet    9.8910E-01    0.0000E+00
                      61  d0_jet     8.3504E-01    0.0000E+00
                      62  slac_p     1.0051E+00    4.8133E-03
                      63  slac_d     1.0042E+00    5.2749E-03
                      64  e866pp     9.6509E-01    1.9254E-02
                      65  e866pd     9.6236E-01    1.5795E-02
                      66  d0_gamje   1.0388E+00    1.6480E-02
                      67  h1b        9.7608E-01    0.0000E+00
                      68  jlab_p     9.9451E-01    5.7895E-03
                      69  jlab_d     9.7558E-01    5.9034E-03
                      70  blank      1.0000E+00    0.0000E+00
                      71  d0run2     9.4112E-01    1.4117E-02
                      72  cdfrun2    9.2701E-01    1.7224E-02
                      73  HERA_el    1.0000E+00    0.0000E+00
                      74  HERA_ps    1.0000E+00    0.0000E+00
                      75  CDF_Z      9.6498E-01    6.5080E-03
                      76  NmcRat     1.0000E+00    0.0000E+00
                      77  BNS_F2nd   9.8329E-01    6.9282E-03
                      78  HERMES_F   9.9825E-01    5.5664E-03
                      79  HERMES_F   9.8022E-01    5.8206E-03
0 MINIMIZATION TERMINATED WITH STEP  4
  TOLERANCE CRITERION      SATISFIED
0 CHI SQUARED PER DEGREE OF FREEDOM IS  1.046E+00
   1.000 -0.429 -0.979  0.275 -0.016  0.155 -0.350  0.458  0.396 -0.305 -0.501 -0.180 -0.264  0.007  0.176  0.140  0.067 -0.028  0.289 -0.114  0.070  0.094 -0.240  0.160  0.325  0.250  0.155  0.311  0.274 -0.384 -0.188  0.084  0.197  0.215 -0.163 -0.132  0.434  0.133  0.270  0.238
  -0.429  1.000  0.578  0.217  0.360 -0.238  0.222 -0.176 -0.163  0.376  0.280  0.247  0.074  0.158 -0.005  0.071  0.015  0.042 -0.295  0.078  0.101 -0.546  0.368  0.301  0.094  0.058  0.031  0.001  0.037  0.206  0.020  0.008  0.115  0.126 -0.033 -0.009 -0.106 -0.178  0.046  0.050
  -0.979  0.578  1.000 -0.186  0.100 -0.193  0.364 -0.441 -0.387  0.368  0.530  0.218  0.272  0.039 -0.149 -0.099 -0.048  0.027 -0.311  0.125 -0.032 -0.169  0.271 -0.084 -0.211 -0.160 -0.091 -0.194 -0.166  0.449  0.237 -0.068 -0.086 -0.112  0.121  0.098 -0.360 -0.153 -0.166 -0.140
   0.275  0.217 -0.186  1.000  0.822 -0.628  0.012  0.149  0.101 -0.106 -0.221  0.344 -0.200  0.255  0.333  0.229 -0.216  0.227  0.195  0.130  0.231 -0.260  0.131  0.292  0.290  0.225  0.123  0.288  0.234  0.050 -0.108  0.061  0.247  0.152 -0.049 -0.050  0.164 -0.067  0.270  0.226
  -0.016  0.360  0.100  0.822  1.000 -0.879  0.535 -0.088 -0.104  0.171  0.120  0.171 -0.013  0.210  0.223  0.176 -0.215  0.220 -0.205  0.086  0.076 -0.162  0.016  0.197  0.180  0.115  0.120  0.133  0.074  0.124  0.008  0.023  0.135 -0.021 -0.021 -0.026  0.091 -0.008  0.149  0.105
   0.155 -0.238 -0.193 -0.628 -0.879  1.000 -0.740  0.273  0.265 -0.164 -0.279 -0.054 -0.001 -0.293 -0.174 -0.196  0.241 -0.268  0.085  0.064 -0.083  0.175 -0.082 -0.128 -0.082 -0.055 -0.134 -0.060 -0.033 -0.166 -0.132  0.009 -0.074  0.043 -0.006 -0.000 -0.025 -0.106 -0.095 -0.076
  -0.350  0.222  0.364  0.012  0.535 -0.740  1.000 -0.411 -0.370  0.464  0.597 -0.281  0.255  0.043 -0.057  0.042 -0.078  0.092 -0.407 -0.166 -0.168  0.035 -0.106 -0.067 -0.032 -0.040  0.113 -0.069 -0.071  0.173  0.277 -0.051 -0.021 -0.121 -0.004 -0.004  0.020  0.194 -0.026 -0.020
   0.458 -0.176 -0.441  0.149 -0.088  0.273 -0.411  1.000  0.967 -0.399 -0.779  0.067 -0.149 -0.106 -0.091 -0.048  0.189 -0.151  0.140  0.064  0.017 -0.021 -0.036  0.072  0.227  0.192  0.150  0.223  0.206 -0.086 -0.072  0.084  0.161  0.179  0.019  0.011  0.312 -0.011  0.202  0.180
   0.396 -0.163 -0.387  0.101 -0.104  0.265 -0.370  0.967  1.000 -0.353 -0.727  0.047 -0.126 -0.110 -0.198 -0.113  0.225 -0.198  0.117  0.059  0.004 -0.016 -0.030  0.053  0.175  0.148  0.127  0.165  0.152 -0.097 -0.082  0.072  0.116  0.133  0.034  0.022  0.250 -0.013  0.150  0.132
  -0.305  0.376  0.368 -0.106  0.171 -0.164  0.464 -0.399 -0.353  1.000  0.761 -0.339  0.458 -0.242 -0.080 -0.185 -0.198  0.039 -0.311  0.126 -0.317  0.118 -0.043 -0.241 -0.072 -0.030  0.023 -0.057 -0.015 -0.002  0.038 -0.027 -0.006 -0.015  0.113  0.059 -0.042 -0.117 -0.017  0.022
  -0.501  0.280  0.530 -0.221  0.120 -0.279  0.597 -0.779 -0.727  0.761  1.000 -0.305  0.356 -0.178 -0.063 -0.134 -0.118 -0.019 -0.282 -0.084 -0.347  0.176 -0.153 -0.250 -0.024 -0.009  0.070  0.019  0.048  0.283  0.401 -0.089  0.057  0.044 -0.039 -0.057  0.037  0.073  0.036  0.077
  -0.180  0.247  0.218  0.344  0.171 -0.054 -0.281  0.067  0.047 -0.339 -0.305  1.000 -0.580  0.342  0.146  0.105 -0.085  0.117  0.127  0.120  0.479 -0.280  0.305  0.314  0.017  0.037 -0.013  0.030  0.009  0.288 -0.115  0.039  0.023 -0.012  0.046  0.040 -0.222 -0.128  0.064 -0.005
  -0.264  0.074  0.272 -0.200 -0.013 -0.001  0.255 -0.149 -0.126  0.458  0.356 -0.580  1.000 -0.026 -0.189 -0.094  0.156 -0.145 -0.240  0.280 -0.105  0.127 -0.125 -0.012  0.023  0.010  0.026  0.002 -0.012  0.167  0.130 -0.005 -0.005 -0.028 -0.041 -0.032 -0.034 -0.230 -0.012 -0.005
   0.007  0.158  0.039  0.255  0.210 -0.293  0.043 -0.106 -0.110 -0.242 -0.178  0.342 -0.026  1.000  0.140  0.357 -0.091  0.292  0.136  0.022  0.745 -0.309  0.326  0.482  0.128  0.071  0.142  0.106  0.031  0.189 -0.076  0.074  0.040 -0.014 -0.007  0.020 -0.241 -0.168  0.124  0.052
   0.176 -0.005 -0.149  0.333  0.223 -0.174 -0.057 -0.091 -0.198 -0.080 -0.063  0.146 -0.189  0.140  1.000  0.705 -0.695  0.803  0.125  0.010  0.135 -0.055  0.109  0.028  0.103  0.094 -0.043  0.151  0.147 -0.068 -0.095  0.040  0.116  0.117  0.007  0.027  0.052 -0.010  0.136  0.133
   0.140  0.071 -0.099  0.229  0.176 -0.196  0.042 -0.048 -0.113 -0.185 -0.134  0.105 -0.094  0.357  0.705  1.000 -0.258  0.738  0.064  0.041  0.356 -0.250  0.300  0.188  0.114  0.127  0.041  0.218  0.239  0.001 -0.028  0.051  0.195  0.216 -0.201 -0.076  0.012 -0.024  0.180  0.203
   0.067  0.015 -0.048 -0.216 -0.215  0.241 -0.078  0.189  0.225 -0.198 -0.118 -0.085  0.156 -0.091 -0.695 -0.258  1.000 -0.822 -0.080  0.013  0.044 -0.105 -0.080  0.224  0.138  0.119  0.156  0.167  0.169  0.196  0.244 -0.012  0.170  0.180 -0.391 -0.274  0.241  0.062  0.096  0.105
  -0.028  0.042  0.027  0.227  0.220 -0.268  0.092 -0.151 -0.198  0.039 -0.019  0.117 -0.145  0.292  0.803  0.738 -0.822  1.000  0.072  0.039  0.197 -0.097  0.290 -0.063 -0.113 -0.073 -0.125 -0.082 -0.062 -0.182 -0.252  0.038 -0.080 -0.069  0.206  0.192 -0.264 -0.089 -0.041 -0.028
   0.289 -0.295 -0.311  0.195 -0.205  0.085 -0.407  0.140  0.117 -0.311 -0.282  0.127 -0.240  0.136  0.125  0.064 -0.080  0.072  1.000 -0.304  0.199 -0.233  0.238  0.142  0.086  0.109  0.027  0.137  0.179 -0.084 -0.075  0.026  0.103  0.209 -0.021 -0.013  0.063  0.018  0.124  0.141
  -0.114  0.078  0.125  0.130  0.086  0.064 -0.166  0.064  0.059  0.126 -0.084  0.120  0.280  0.022  0.010  0.041  0.013  0.039 -0.304  1.000  0.112 -0.090  0.104  0.180 -0.092  0.081 -0.090 -0.080 -0.030  0.018 -0.189  0.034 -0.019 -0.096  0.070  0.058 -0.209 -0.422 -0.093 -0.013
   0.070  0.101 -0.032  0.231  0.076 -0.083 -0.168  0.017  0.004 -0.317 -0.347  0.479 -0.105  0.745  0.135  0.356  0.044  0.197  0.199  0.112  1.000 -0.355  0.366  0.705  0.072  0.134  0.021  0.028  0.065  0.095 -0.171  0.080 -0.048 -0.010 -0.044  0.003 -0.279 -0.233  0.045  0.082
   0.094 -0.546 -0.169 -0.260 -0.162  0.175  0.035 -0.021 -0.016  0.118  0.176 -0.280  0.127 -0.309 -0.055 -0.250 -0.105 -0.097 -0.233 -0.090 -0.355  1.000 -0.805 -0.480 -0.014 -0.053  0.031 -0.028 -0.078  0.025  0.183 -0.032 -0.184 -0.223  0.077  0.012  0.172  0.131 -0.031 -0.061
  -0.240  0.368  0.271  0.131  0.016 -0.082 -0.106 -0.036 -0.030 -0.043 -0.153  0.305 -0.125  0.326  0.109  0.300 -0.080  0.290  0.238  0.104  0.366 -0.805  1.000  0.080 -0.165 -0.082 -0.133 -0.001  0.058 -0.093 -0.289  0.031  0.069  0.146  0.094  0.120 -0.393 -0.194 -0.026  0.006
   0.160  0.301 -0.084  0.292  0.197 -0.128 -0.067  0.072  0.053 -0.241 -0.250  0.314 -0.012  0.482  0.028  0.188  0.224 -0.063  0.142  0.180  0.705 -0.480  0.080  1.000  0.210  0.306  0.107 -0.002  0.138  0.140 -0.029  0.060  0.031  0.129 -0.201 -0.127  0.003 -0.246  0.068  0.163
   0.325  0.094 -0.211  0.290  0.180 -0.082 -0.032  0.227  0.175 -0.072 -0.024  0.017  0.023  0.128  0.103  0.114  0.138 -0.113  0.086 -0.092  0.072 -0.014 -0.165  0.210  1.000  0.491  0.387  0.691  0.615  0.392  0.458  0.059  0.566  0.521 -0.235 -0.206  0.573  0.102  0.596  0.551
   0.250  0.058 -0.160  0.225  0.115 -0.055 -0.040  0.192  0.148 -0.030 -0.009  0.037  0.010  0.071  0.094  0.127  0.119 -0.073  0.109  0.081  0.134 -0.053 -0.082  0.306  0.491  1.000  0.320  0.534  0.663  0.328  0.400  0.047  0.416  0.545 -0.198 -0.169  0.466 -0.052  0.485  0.578
   0.155  0.031 -0.091  0.123  0.120 -0.134  0.113  0.150  0.127  0.023  0.070 -0.013  0.026  0.142 -0.043  0.041  0.156 -0.125  0.027 -0.090  0.021  0.031 -0.133  0.107  0.387  0.320  1.000  0.438  0.410  0.344  0.409  0.030  0.348  0.337 -0.166 -0.144  0.420  0.093  0.420  0.396
   0.311  0.001 -0.194  0.288  0.133 -0.060 -0.069  0.223  0.165 -0.057  0.019  0.030  0.002  0.106  0.151  0.218  0.167 -0.082  0.137 -0.080  0.028 -0.028 -0.001 -0.002  0.691  0.534  0.438  1.000  0.803  0.480  0.566  0.058  0.764  0.687 -0.283 -0.241  0.646  0.157  0.750  0.688
