# fitpack15: fit parameters                                                                         
# CJ15 AV18 final data choices                                                                      
# Created on 01/23/2020 at 22:21:23                                                                 

 # QCD setup
  INS                           0
  NVL                          11
  IORD                          1
  Q02                   1.6899999999999999     
  IPARAMC                       7
  FLAVOR                4.0000000000000000     
  xmc                   1.3000000000000000     
  xmb                   4.5000000000000000     
  ncb                          12
  ihq                           1
  ias                           0

 # Theory corrections
  inuke                     10814
  itmc                          1
  iht                           1

 # fit parameters
 LAMBDA       0.22680        0.0000    
 a0uv          2.3981        0.0000    
 a1uv         0.61463       0.19936E-01
 a2uv          3.5443       0.12405E-01
 a3uv          0.0000        0.0000    
 a4uv          3.4824       0.43239    
 a5uv          0.0000        0.0000    
 a0dv          24.272        0.0000    
 a1dv          1.1558       0.33592E-01
 a2dv          6.5316       0.15924    
 a3dv         -3.4957       0.86847E-01
 a4dv          4.6754       0.14390    
 a5dv          0.0000        0.0000    
 a0ud         0.14708       0.50449E-02
 a1ud        -0.20739       0.37514E-02
 a2ud          8.3208       0.19205    
 a3ud          0.0000        0.0000    
 a4ud          14.513        1.2202    
 a5ud          0.0000        0.0000    
 a0du          35712.        0.0000    
 a1du          4.0231       0.75149E-01
 a2du          20.129       0.87431    
 a3du          17.000        0.0000    
 a4du          51.028        10.561    
 a0g           45.572        0.0000    
 a1g          0.60344       0.31648E-01
 a2g           6.6143       0.99065    
 a3g          -3.3012       0.13903    
 a4g           3.1919       0.33724    
 a5g           0.0000        0.0000    
 kappa        0.40000        0.0000    
 a6dv        -0.35656E-02   0.68085E-03
 a7dv          2.0000        0.0000    
 off1         -3.7590        1.5203    
 off2         0.56361E-01   0.57731E-01
 ht1          -3.3446       0.26370    
 ht2           1.9497       0.10567    
 ht3          -2.0622       0.18283E-01
 ht4           0.0000        0.0000    
 dummy40       0.0000        0.0000    
 dummy41       0.0000        0.0000    
 dummy42       0.0000        0.0000    
 dummy43       0.0000        0.0000    
 dummy44       0.0000        0.0000    
 dummy45       0.0000        0.0000    
 dummy46       0.0000        0.0000    
 dummy47       0.0000        0.0000    
 dummy48       0.0000        0.0000    
 dummy49       0.0000        0.0000    
 bcdmsh2      0.97310       0.48235E-02
 bcdmsd2      0.99321       0.58302E-02
 ccfr          1.0000        0.0000    
 nutev         1.0000        0.0000    
 zeus         0.97998        0.0000    
 h1            1.0162        0.0000    
 e605          1.0319        0.0000    
 NmcH2         1.0094       0.71226E-02
 ntv_nu        1.0000        0.0000    
 ntv_nubar     1.0000        0.0000    
 cdf_jet      0.98910        0.0000    
 d0_jet       0.83504        0.0000    
 slac_p        1.0048       0.48094E-02
 slac_d        1.0042       0.52708E-02
 e866pp       0.96540       0.19264E-01
 e866pd       0.96381       0.15820E-01
 d0_gamjet     1.0390       0.16482E-01
 h1b          0.97608        0.0000    
 jlab_p       0.99414       0.57838E-02
 jlab_d       0.97554       0.58982E-02
 blank         1.0000        0.0000    
 d0run2       0.93994       0.14089E-01
 cdfrun2      0.92608       0.17206E-01
 HERA_el       1.0000        0.0000    
 HERA_ps       1.0000        0.0000    
 CDF_Z        0.96583       0.65208E-02
 NmcRat        1.0000        0.0000    
 BNS_F2nd     0.98339       0.69315E-02
 HERMES_F2p   0.99832       0.55653E-02
 HERMES_F2d   0.98045       0.58191E-02
 END 0. 0.

 # Hessian matrix (Bevington alpha)
   0.48807585371914E+07 -0.12856862220373E+07  0.23306004048593E+06  0.47906275076062E+06 -0.12664147312438E+06 -0.21829492969177E+05  0.55428962150411E+05  0.89723396310110E+06 -0.17323931773164E+06 -0.48226762441742E+05  0.73718865418595E+04  0.15578177604996E+05  0.17621706055472E+04 -0.11155309281378E+03  0.73244991559443E+04 -0.18715766870920E+04  0.10139310639710E+05  0.73054884545858E+04 -0.72851815599098E+07 -0.14468404514059E+04 -0.20509976537448E+06  0.57151175885025E+05  0.17849316655619E+06  0.74309029865538E+06 -0.12689793095765E+06 -0.53820313761134E+05 -0.43589021606418E+04 -0.83715812770161E+06 -0.10832861473290E+07 -0.20566546807790E+05 -0.46329633673883E+05 -0.30758935548692E+04 -0.19826941372006E+06 -0.22359492973550E+06 -0.91068192314763E+04 -0.32249284381434E+04 -0.14905421649274E+05  0.16567380749395E+05 -0.70508141120293E+05 -0.55642530780750E+05
  -0.12856862220373E+07  0.41260020284494E+06 -0.63476387640090E+05 -0.13485316626863E+06  0.35410610182855E+05  0.83809693780159E+04 -0.12398332550924E+05 -0.12076090827273E+06  0.26405203411237E+05  0.74623426104766E+04 -0.93714441805663E+03 -0.12576930280967E+04 -0.14703280885517E+03  0.13452073222017E+02  0.66810968717609E+03 -0.52381568145355E+02  0.17732125796960E+03  0.96903386070410E+02  0.25005612631967E+07  0.57879797491472E+03  0.58549926309093E+05 -0.12667856865881E+05 -0.42938199783675E+05 -0.20478788540670E+06  0.16572825106942E+05  0.81936355624540E+04 -0.24155100708672E+03  0.20909818431934E+06  0.26309830539636E+06  0.58054439314852E+04  0.13223471595187E+05  0.42058730840060E+03  0.63429434151029E+05  0.70956628280517E+05  0.24670078445314E+04  0.78339135326706E+03 -0.23691358954723E+04 -0.22358864117703E+04  0.85312860129956E+04  0.71573120140860E+04
   0.23306004048593E+06 -0.63476387640090E+05  0.11252752969282E+05  0.23124029070745E+05 -0.62063824926758E+04 -0.12764916336575E+04  0.25945367748303E+04  0.31387981751913E+05 -0.59129031275223E+04 -0.19916187766509E+04  0.26189665167481E+03  0.48616006454193E+03  0.63825719184047E+02 -0.50429189349092E+01 -0.39782054085494E+03  0.12167002852783E+01 -0.18641764351498E+03 -0.28827459216825E+02 -0.36349782749468E+06 -0.74196957097608E+02 -0.99532726456623E+04  0.26571064970076E+04  0.83113690171657E+04  0.35670023055907E+05 -0.55422921772813E+04 -0.23650017969104E+04  0.51652474592391E+02 -0.38976100229665E+05 -0.50612003956676E+05 -0.10039374855426E+04 -0.22714270015376E+04 -0.11867506078390E+03 -0.99124098366226E+04 -0.11145816942678E+05 -0.43569775160030E+03 -0.15166160224735E+03  0.54212268179926E+02  0.72483154563714E+03 -0.25613485688943E+04 -0.20774604847692E+04
   0.47906275076062E+06 -0.13485316626863E+06  0.23124029070745E+05  0.39541217396447E+06 -0.62627571992550E+05  0.75370704901914E+05  0.64513998927038E+05  0.34413570723274E+06 -0.25184798004588E+05 -0.18292850086307E+05  0.33727653594394E+04 -0.13648984612910E+04 -0.15651392418843E+03  0.58426972676669E+02  0.30487267993937E+05 -0.36697392973080E+04  0.26488544657173E+05  0.14809968032770E+05 -0.21721959137215E+07 -0.22501369706793E+03 -0.60127324195184E+05  0.20391491995333E+05  0.56450663899932E+05  0.24036297966797E+06 -0.12786790555165E+05 -0.21162717580961E+05 -0.67129799132632E+02 -0.65717684988318E+05 -0.34066852170340E+06 -0.14166537575720E+04 -0.24875538344994E+04 -0.73754858210401E+02 -0.11735006172593E+05 -0.52617452584995E+05 -0.25163793803911E+04 -0.98186462885782E+03 -0.95076938501857E+04 -0.15679468757423E+05 -0.71959671417344E+04 -0.21297199925021E+05
  -0.12664147312438E+06  0.35410610182855E+05 -0.62063824926758E+04 -0.62627571992550E+05  0.11810987958558E+05 -0.78741303555478E+04 -0.94481415022100E+04 -0.32177977084451E+05  0.32792128794447E+03  0.23977325953520E+04 -0.34331554247930E+03 -0.43579417331387E+02  0.44984113287679E+01 -0.52396192661480E+01 -0.25952026289184E+04  0.31719695568339E+03 -0.22034829023662E+04 -0.12484435144053E+04  0.48291772560113E+06  0.71097073575209E+02  0.12578885379674E+05 -0.38508775180359E+04 -0.10639885545360E+05 -0.48259679772102E+05  0.20020846000629E+04  0.33754792349666E+04 -0.56331921044073E+02  0.12008984329536E+05  0.63320957773276E+05  0.34192310631342E+03  0.58108978487709E+03  0.95353656616413E+01  0.29998485288460E+04  0.13237099390455E+05  0.48571603965163E+03  0.17994028903085E+03  0.33217771945113E+03  0.24952386109887E+04  0.82065970308360E+03  0.25212018506289E+04
  -0.21829492969177E+05  0.83809693780159E+04 -0.12764916336575E+04  0.75370704901914E+05 -0.78741303555478E+04  0.23954803039145E+05  0.14591348037370E+05  0.10363518832359E+06 -0.92094904429250E+04 -0.45773451816657E+04  0.99810649420957E+03 -0.70191594767103E+03 -0.68941644451862E+02  0.19632621849872E+02  0.92061933995241E+04 -0.11375498393225E+04  0.81301193953654E+04  0.46086464443056E+04 -0.68419191250450E+05  0.50867545677822E+02 -0.45091397760459E+04  0.25114821612520E+04  0.69072219186947E+04  0.21881796520034E+05 -0.27998121358662E+04 -0.42971319337839E+04  0.15126154279796E+03 -0.88423398915221E+04 -0.43753769010465E+05 -0.47050678016907E+01 -0.37071321539534E+02 -0.19400078249781E+02  0.31933706383253E+03  0.10665467673559E+04 -0.27446890011932E+03 -0.13769841884656E+03 -0.30151856144664E+04 -0.33511032131252E+04 -0.18382785104324E+04 -0.53001183756510E+04
   0.55428962150411E+05 -0.12398332550924E+05  0.25945367748303E+04  0.64513998927038E+05 -0.94481415022100E+04  0.14591348037370E+05  0.11482189337847E+05  0.57559592861392E+05 -0.29094719852618E+04 -0.32707909120265E+04  0.58469252969810E+03 -0.21166166996379E+03 -0.27200093020789E+02  0.10329870048554E+02  0.47562356389307E+04 -0.59572651462792E+03  0.40962079002395E+04  0.23509073940943E+04 -0.24686574466938E+06 -0.39613889110362E+01 -0.82589600525583E+04  0.31405726795575E+04  0.85484114589304E+04  0.33661423666602E+05 -0.24855955871779E+04 -0.38988223807856E+04  0.13482683026606E+03 -0.10068839510468E+05 -0.52548718594353E+05 -0.17240092308443E+03 -0.29303922482352E+03 -0.13649606885126E+02 -0.10831821839419E+04 -0.50130708357196E+04 -0.37530785595190E+03 -0.15776873075827E+03 -0.12660022921177E+04 -0.31411135803738E+04 -0.11426901716374E+04 -0.34047084108042E+04
   0.89723396310110E+06 -0.12076090827273E+06  0.31387981751913E+05  0.34413570723274E+06 -0.32177977084451E+05  0.10363518832359E+06  0.57559592861392E+05  0.49290295878460E+07 -0.23014551064948E+07 -0.84748634983265E+05  0.25823576449744E+05  0.27251414892152E+05  0.18146498212208E+04  0.10307732491873E+03  0.81624750653245E+05 -0.10326510709314E+05  0.81502838050234E+05  0.43959538788885E+05 -0.55687514011961E+06  0.36573192723549E+03 -0.27117343853534E+05  0.28300316595567E+05  0.88606477473936E+05  0.24657210420591E+06 -0.60211747993310E+05 -0.48444878034426E+05 -0.66543803098307E+05 -0.27960984542084E+06 -0.55507779076593E+06 -0.72309315196457E+05 -0.16163733527460E+06 -0.13202481247293E+04 -0.56646960561909E+04 -0.11124614543482E+05  0.56530130049145E+02  0.16463275187019E+03 -0.26097675749974E+06 -0.85479952485567E+04 -0.13619677409795E+06 -0.16948071742268E+06
  -0.17323931773164E+06  0.26405203411237E+05 -0.59129031275223E+04 -0.25184798004588E+05  0.32792128794447E+03 -0.92094904429250E+04 -0.29094719852618E+04 -0.23014551064948E+07  0.19283772411042E+07  0.18940283240959E+05 -0.65253557931465E+04 -0.58815736078698E+04 -0.32166756843046E+03 -0.14179072548735E+02  0.50071130748231E+05 -0.23585293221398E+04  0.16831764681237E+05  0.81433400153216E+04 -0.26679871614868E+05 -0.91729973766447E+02  0.65672912942166E+03 -0.57513685054156E+04 -0.19096691190556E+05 -0.47678710922534E+05  0.11429371974857E+05  0.10829883401925E+05  0.24108881282538E+05  0.65456420969081E+05  0.12579588413858E+06  0.23159669943612E+05  0.51882088576398E+05  0.17768364791874E+03  0.61087061119510E+03  0.12355550614340E+04 -0.11955329247129E+04 -0.67039674168432E+03  0.11160554995663E+06  0.15781533938754E+04  0.44156444415736E+05  0.54405642894673E+05
  -0.48226762441742E+05  0.74623426104766E+04 -0.19916187766509E+04 -0.18292850086307E+05  0.23977325953520E+04 -0.45773451816657E+04 -0.32707909120265E+04 -0.84748634983265E+05  0.18940283240959E+05  0.26379977112956E+04 -0.64165663278432E+03 -0.70327096371074E+03 -0.61539136116664E+02 -0.19663773833415E+01 -0.39611687834956E+04  0.47738684052404E+03 -0.34722519361970E+04 -0.19546351173878E+04  0.55837155433222E+05 -0.82783237562442E+01  0.24172819528189E+04 -0.13009564602787E+04 -0.37913479225983E+04 -0.12208170832061E+05  0.27321595465307E+04  0.18932717675324E+04  0.72658181176569E+03  0.10925464494663E+05  0.22863294952672E+05  0.15288548132111E+04  0.33454959292918E+04  0.43011012211507E+02  0.57603247938507E+03  0.10927020296097E+04  0.13543051800510E+03  0.60398869014130E+02  0.30831309571897E+04  0.43948203755092E+03  0.27811658836816E+04  0.35453391185017E+04
   0.73718865418595E+04 -0.93714441805663E+03  0.26189665167481E+03  0.33727653594394E+04 -0.34331554247930E+03  0.99810649420957E+03  0.58469252969810E+03  0.25823576449744E+05 -0.65253557931465E+04 -0.64165663278432E+03  0.18183748257539E+03  0.20926247210534E+03  0.15113220588485E+02  0.75781043704572E+00  0.12642039168547E+04 -0.13866131662735E+03  0.10612624594918E+04  0.57578209294259E+03 -0.63740538921255E+04  0.26980686848622E+01 -0.28001076575039E+03  0.22280419013261E+03  0.68304818795074E+03  0.19700403933703E+04 -0.48748008207638E+03 -0.36813022642539E+03 -0.34190528064218E+03 -0.20838336946210E+04 -0.41896421559002E+04 -0.44521531224061E+03 -0.99528789238756E+03 -0.11175429510090E+02 -0.49717444940704E+02 -0.97432240121278E+02 -0.15517940316386E+02 -0.73026763144973E+01 -0.11612057415215E+04 -0.69245037997454E+02 -0.83638190210776E+03 -0.10490310283708E+04
   0.15578177604996E+05 -0.12576930280967E+04  0.48616006454193E+03 -0.13648984612910E+04 -0.43579417331387E+02 -0.70191594767103E+03 -0.21166166996379E+03  0.27251414892152E+05 -0.58815736078698E+04 -0.70327096371074E+03  0.20926247210534E+03  0.18442995900639E+04  0.11967624193372E+03 -0.97640039571819E+00  0.15018521589036E+04 -0.20530068515174E+03  0.15960654799884E+04  0.91125128079585E+03 -0.67381335975634E+04 -0.51466338672345E+01 -0.12041446940152E+03 -0.10832897895261E+02  0.13950549942389E+03 -0.92703211513967E+03 -0.11730929965292E+04  0.12974185361895E-09 -0.77566741186522E+03 -0.52369542687737E+04  0.52472787150129E-09 -0.25412701558444E+04 -0.74692078023546E+02 -0.83568644769988E+02 -0.22046949950097E+00  0.26011112551678E-10 -0.18475332219465E+01 -0.79524787492287E+00  0.30061448256356E+03  0.32207734921955E+03 -0.28792308167716E+04 -0.66734810413427E-10
   0.17621706055472E+04 -0.14703280885517E+03  0.63825719184047E+02 -0.15651392418843E+03  0.44984113287679E+01 -0.68941644451862E+02 -0.27200093020789E+02  0.18146498212208E+04 -0.32166756843046E+03 -0.61539136116664E+02  0.15113220588485E+02  0.11967624193372E+03  0.10682939442442E+02 -0.18333376015058E+00  0.80807547593201E+02 -0.13382912380263E+02  0.94296487175805E+02  0.58426868343339E+02 -0.31827987965337E+03 -0.43418620242299E+00  0.62951758239683E+01  0.86080548985614E+00  0.18612134381857E+02 -0.93780160546039E+02 -0.17327145378259E+03  0.93441452895796E-11 -0.29771085307542E+02 -0.61495134334771E+03  0.32995713764805E-10 -0.15753837379647E+03 -0.19707284930647E+02 -0.66882131886811E+01 -0.15886979374675E+00  0.84164415066850E-11 -0.19390171100630E+00 -0.75465879199001E-01  0.29935079631441E+02  0.72257734742842E+02 -0.20544296456005E+03 -0.82180878281231E-11
  -0.11155309281378E+03  0.13452073222017E+02 -0.50429189349092E+01  0.58426972676669E+02 -0.52396192661480E+01  0.19632621849872E+02  0.10329870048554E+02  0.10307732491873E+03 -0.14179072548735E+02 -0.19663773833415E+01  0.75781043704572E+00 -0.97640039571819E+00 -0.18333376015058E+00  0.56700915203577E-01  0.15349918336717E+02 -0.11854761743497E+01  0.96853150787458E+01  0.45841383595242E+01 -0.82800165113656E+02  0.25546123177604E-01 -0.45544751074784E+01  0.56254992373152E+00  0.14298662978726E+01  0.74460874829215E+01  0.72482534710375E-01  0.88970185784522E-12 -0.65416513985050E+01 -0.92290006721112E+00  0.15894676861391E-11 -0.37773423990340E+01 -0.25704239279388E-04 -0.15270464773175E+00  0.38913446121469E-13 -0.31732301327497E-13 -0.18718953659846E-02 -0.10276121684644E-02 -0.16424400803002E+01  0.80174868075747E-04 -0.35431205733076E+01 -0.63198096973662E-12
   0.73244991559443E+04  0.66810968717609E+03 -0.39782054085494E+03  0.30487267993937E+05 -0.25952026289184E+04  0.92061933995241E+04  0.47562356389307E+04  0.81624750653245E+05  0.50071130748231E+05 -0.39611687834956E+04  0.12642039168547E+04  0.15018521589036E+04  0.80807547593201E+02  0.15349918336717E+02  0.48591299838248E+05 -0.44420375969006E+04  0.34421857946828E+05  0.17893307075574E+05 -0.53538088751701E+05  0.22575166373698E+01  0.73651416617469E+03 -0.20561262452561E+03 -0.59823245813481E+03 -0.14247777450193E+04 -0.25757979902986E+04 -0.16944548383771E+04 -0.24512629968331E+04  0.19802273570705E+04  0.42090855660960E+04 -0.15212154917515E+04 -0.29552731712765E+04 -0.71346252136520E+03  0.22849278700598E+03  0.40927217030104E+03 -0.28025472631652E+04 -0.14950963100177E+04 -0.24877862341535E+04  0.18015532115119E+03 -0.82869121280353E+03 -0.93318029152165E+03
  -0.18715766870920E+04 -0.52381568145355E+02  0.12167002852783E+01 -0.36697392973080E+04  0.31719695568339E+03 -0.11375498393225E+04 -0.59572651462792E+03 -0.10326510709314E+05 -0.23585293221398E+04  0.47738684052404E+03 -0.13866131662735E+03 -0.20530068515174E+03 -0.13382912380263E+02 -0.11854761743497E+01 -0.44420375969006E+04  0.47344572483228E+03 -0.36066191245437E+04 -0.19495916685282E+04  0.62311801690676E+04 -0.86671916460857E+00 -0.10781865174625E+03  0.21083225424024E+02  0.53015410785922E+02  0.14912711481931E+03  0.47291396817506E+03  0.29667538289042E+03  0.28039785047132E+03 -0.16208960018913E+03 -0.47558349116601E+03  0.15590114542948E+03  0.30197735770782E+03  0.77904784197558E+02 -0.61231627442233E+02 -0.10820039701682E+03  0.42268222982845E+03  0.20974487262696E+03 -0.28124869614335E+03 -0.32330243205257E+02  0.23740904820076E+03  0.26591185920220E+03
   0.10139310639710E+05  0.17732125796960E+03 -0.18641764351498E+03  0.26488544657173E+05 -0.22034829023662E+04  0.81301193953654E+04  0.40962079002395E+04  0.81502838050234E+05  0.16831764681237E+05 -0.34722519361970E+04  0.10612624594918E+04  0.15960654799884E+04  0.94296487175805E+02  0.96853150787458E+01  0.34421857946828E+05 -0.36066191245437E+04  0.27896674672921E+05  0.14938114987688E+05 -0.46641039886490E+05  0.11925257351647E+01  0.77382718513024E+03 -0.24138220942556E+03 -0.66233329647036E+03 -0.15358847850878E+04 -0.25892095468186E+04 -0.16678370384465E+04 -0.24222165977706E+04  0.20468034217911E+04  0.43763687240378E+04 -0.12561267146035E+04 -0.24500800209916E+04 -0.59644965266571E+03  0.80973119745414E+02  0.15760405022478E+03 -0.25877449805258E+04 -0.13910395695937E+04  0.12635754502488E+04  0.21829202134847E+03 -0.16079518810808E+04 -0.17861203694001E+04
   0.73054884545858E+04  0.96903386070410E+02 -0.28827459216825E+02  0.14809968032770E+05 -0.12484435144053E+04  0.46086464443056E+04  0.23509073940943E+04  0.43959538788885E+05  0.81433400153216E+04 -0.19546351173878E+04  0.57578209294259E+03  0.91125128079585E+03  0.58426868343339E+02  0.45841383595242E+01  0.17893307075574E+05 -0.19495916685282E+04  0.14938114987688E+05  0.81046928853664E+04 -0.25904088995717E+05  0.19816251254417E+01  0.46736776012741E+03 -0.12778025349816E+03 -0.32795388127287E+03 -0.80500554163008E+03 -0.18008288611987E+04 -0.11289024320801E+04 -0.12169801700801E+04  0.95562255688923E+03  0.23870188445709E+04 -0.63578275443444E+03 -0.12413062592206E+04 -0.32753167448765E+03  0.10597430035694E+03  0.19635868357618E+03 -0.16559175946278E+04 -0.85564774356183E+03  0.13780671389630E+04  0.15180994338638E+03 -0.11089761995449E+04 -0.12326193006160E+04
  -0.72851815599098E+07  0.25005612631967E+07 -0.36349782749468E+06 -0.21721959137215E+07  0.48291772560113E+06 -0.68419191250450E+05 -0.24686574466938E+06 -0.55687514011961E+06 -0.26679871614868E+05  0.55837155433222E+05 -0.63740538921255E+04 -0.67381335975634E+04 -0.31827987965337E+03 -0.82800165113656E+02 -0.53538088751701E+05  0.62311801690676E+04 -0.46641039886490E+05 -0.25904088995717E+05  0.31429950159601E+08  0.65243076728033E+04  0.63972651680095E+06 -0.16267289867469E+06 -0.48265406117522E+06 -0.24306677404295E+07  0.33120028027032E+05  0.73607234747636E+05 -0.11469477785164E+04  0.55059640748668E+06  0.26852947719667E+07  0.17303741349597E+05  0.30739857407958E+05  0.22326135442468E+03  0.17899639198391E+06  0.78153559505706E+06  0.24160469344615E+05  0.76242563740122E+04 -0.18295671468740E+05  0.43067667925722E+05  0.20065900165686E+05  0.61766204612352E+05
  -0.14468404514059E+04  0.57879797491472E+03 -0.74196957097608E+02 -0.22501369706793E+03  0.71097073575209E+02  0.50867545677822E+02 -0.39613889110362E+01  0.36573192723549E+03 -0.91729973766447E+02 -0.82783237562442E+01  0.26980686848622E+01 -0.51466338672345E+01 -0.43418620242299E+00  0.25546123177604E-01  0.22575166373698E+01 -0.86671916460857E+00  0.11925257351647E+01  0.19816251254417E+01  0.65243076728033E+04  0.24487840745172E+01  0.14286447934715E+03 -0.29827583031674E+02 -0.89482600732650E+02 -0.52811199062388E+03  0.00000000000000E+00 -0.24539336152650E+02  0.00000000000000E+00  0.00000000000000E+00  0.44147365914334E+03  0.00000000000000E+00 -0.75054662794948E+01  0.00000000000000E+00  0.00000000000000E+00  0.22335741274749E+03  0.00000000000000E+00  0.00000000000000E+00  0.00000000000000E+00  0.10792698333311E+02  0.00000000000000E+00 -0.26006035423966E+02
  -0.20509976537448E+06  0.58549926309093E+05 -0.99532726456623E+04 -0.60127324195184E+05  0.12578885379674E+05 -0.45091397760459E+04 -0.82589600525583E+04 -0.27117343853534E+05  0.65672912942166E+03  0.24172819528189E+04 -0.28001076575039E+03 -0.12041446940152E+03  0.62951758239683E+01 -0.45544751074784E+01  0.73651416617469E+03 -0.10781865174625E+03  0.77382718513024E+03  0.46736776012741E+03  0.63972651680095E+06  0.14286447934715E+03  0.24924776315232E+05 -0.75495833187153E+04 -0.20654809263535E+05 -0.97460161787978E+05  0.00000000000000E+00  0.49381962264038E+04  0.00000000000000E+00  0.00000000000000E+00  0.11238730712371E+06  0.00000000000000E+00 -0.11239432321941E+04  0.00000000000000E+00  0.00000000000000E+00  0.22368801062312E+05  0.00000000000000E+00  0.00000000000000E+00  0.00000000000000E+00 -0.41086689767436E+04  0.00000000000000E+00  0.40551674024357E+04
   0.57151175885025E+05 -0.12667856865881E+05  0.26571064970076E+04  0.20391491995333E+05 -0.38508775180359E+04  0.25114821612520E+04  0.31405726795575E+04  0.28300316595567E+05 -0.57513685054156E+04 -0.13009564602787E+04  0.22280419013261E+03 -0.10832897895261E+02  0.86080548985614E+00  0.56254992373152E+00 -0.20561262452561E+03  0.21083225424024E+02 -0.24138220942556E+03 -0.12778025349816E+03 -0.16267289867469E+06 -0.29827583031674E+02 -0.75495833187153E+04  0.28221287101507E+04  0.75104600716760E+04  0.32639819794042E+05 -0.51821214032102E+02 -0.21119915835135E+04  0.26366075644056E+01  0.45961320347400E+03 -0.42044184454146E+05  0.00000000000000E+00 -0.16668711315212E+03  0.00000000000000E+00  0.22364185259628E+04 -0.49155828448222E+04  0.00000000000000E+00  0.00000000000000E+00  0.00000000000000E+00  0.15074797289568E+04 -0.38601292570134E+03 -0.28102442018320E+04
   0.17849316655619E+06 -0.42938199783675E+05  0.83113690171657E+04  0.56450663899932E+05 -0.10639885545360E+05  0.69072219186947E+04  0.85484114589304E+04  0.88606477473936E+05 -0.19096691190556E+05 -0.37913479225983E+04  0.68304818795074E+03  0.13950549942389E+03  0.18612134381857E+02  0.14298662978726E+01 -0.59823245813481E+03  0.53015410785922E+02 -0.66233329647036E+03 -0.32795388127287E+03 -0.48265406117522E+06 -0.89482600732650E+02 -0.20654809263535E+05  0.75104600716760E+04  0.20605052190679E+05  0.88268785098474E+05 -0.16394734265834E+03 -0.52669186951732E+04 -0.45564344396118E+02 -0.67791890713252E+04 -0.11557552409196E+06  0.00000000000000E+00 -0.41277393157139E+03  0.00000000000000E+00  0.31436577873823E+04 -0.15286129625448E+05  0.00000000000000E+00  0.00000000000000E+00  0.00000000000000E+00  0.37579736163062E+04 -0.21324805813897E+04 -0.81767325304592E+04
   0.74309029865538E+06 -0.20478788540670E+06  0.35670023055907E+05  0.24036297966797E+06 -0.48259679772102E+05  0.21881796520034E+05  0.33661423666602E+05  0.24657210420591E+06 -0.47678710922534E+05 -0.12208170832061E+05  0.19700403933703E+04 -0.92703211513967E+03 -0.93780160546039E+02  0.74460874829215E+01 -0.14247777450193E+04  0.14912711481931E+03 -0.15358847850878E+04 -0.80500554163008E+03 -0.24306677404295E+07 -0.52811199062388E+03 -0.97460161787978E+05  0.32639819794042E+05  0.88268785098474E+05  0.41323131975188E+06  0.25310462392974E+03 -0.27148857880021E+05 -0.63853556219079E+01  0.38049848286521E+05 -0.48563011031810E+06  0.00000000000000E+00 -0.21842482179492E+04  0.00000000000000E+00  0.16191023260942E+05 -0.80432553813016E+05  0.00000000000000E+00  0.00000000000000E+00  0.00000000000000E+00  0.20020542526798E+05  0.15685041108604E+04 -0.29910711422041E+05
  -0.12689793095765E+06  0.16572825106942E+05 -0.55422921772813E+04 -0.12786790555165E+05  0.20020846000629E+04 -0.27998121358662E+04 -0.24855955871779E+04 -0.60211747993310E+05  0.11429371974857E+05  0.27321595465307E+04 -0.48748008207638E+03 -0.11730929965292E+04 -0.17327145378259E+03  0.72482534710375E-01 -0.25757979902986E+04  0.47291396817506E+03 -0.25892095468186E+04 -0.18008288611987E+04  0.33120028027032E+05  0.00000000000000E+00  0.00000000000000E+00 -0.51821214032102E+02 -0.16394734265834E+03  0.25310462392974E+03  0.11624326533879E+06  0.00000000000000E+00  0.00000000000000E+00  0.00000000000000E+00  0.00000000000000E+00  0.00000000000000E+00  0.00000000000000E+00  0.00000000000000E+00  0.00000000000000E+00  0.00000000000000E+00  0.00000000000000E+00  0.00000000000000E+00  0.00000000000000E+00  0.00000000000000E+00  0.00000000000000E+00  0.00000000000000E+00
  -0.53820313761134E+05  0.81936355624540E+04 -0.23650017969104E+04 -0.21162717580961E+05  0.33754792349666E+04 -0.42971319337839E+04 -0.38988223807856E+04 -0.48444878034426E+05  0.10829883401925E+05  0.18932717675324E+04 -0.36813022642539E+03  0.12974185361895E-09  0.93441452895796E-11  0.88970185784522E-12 -0.16944548383771E+04  0.29667538289042E+03 -0.16678370384465E+04 -0.11289024320801E+04  0.73607234747636E+05 -0.24539336152650E+02  0.49381962264038E+04 -0.21119915835135E+04 -0.52669186951732E+04 -0.27148857880021E+05  0.00000000000000E+00  0.64560546274460E+05  0.00000000000000E+00  0.00000000000000E+00  0.00000000000000E+00  0.00000000000000E+00  0.00000000000000E+00  0.00000000000000E+00  0.00000000000000E+00  0.00000000000000E+00  0.00000000000000E+00  0.00000000000000E+00  0.00000000000000E+00  0.00000000000000E+00  0.00000000000000E+00  0.00000000000000E+00
  -0.43589021606418E+04 -0.24155100708672E+03  0.51652474592391E+02 -0.67129799132632E+02 -0.56331921044073E+02  0.15126154279796E+03  0.13482683026606E+03 -0.66543803098307E+05  0.24108881282538E+05  0.72658181176569E+03 -0.34190528064218E+03 -0.77566741186522E+03 -0.29771085307542E+02 -0.65416513985050E+01 -0.24512629968331E+04  0.28039785047132E+03 -0.24222165977706E+04 -0.12169801700801E+04 -0.11469477785164E+04  0.00000000000000E+00  0.00000000000000E+00  0.26366075644056E+01 -0.45564344396118E+02 -0.63853556219079E+01  0.00000000000000E+00  0.00000000000000E+00  0.30654229022107E+05  0.00000000000000E+00  0.00000000000000E+00  0.00000000000000E+00  0.00000000000000E+00  0.00000000000000E+00  0.00000000000000E+00  0.00000000000000E+00  0.00000000000000E+00  0.00000000000000E+00  0.00000000000000E+00  0.00000000000000E+00  0.00000000000000E+00  0.00000000000000E+00
  -0.83715812770161E+06  0.20909818431934E+06 -0.38976100229665E+05 -0.65717684988318E+05  0.12008984329536E+05 -0.88423398915221E+04 -0.10068839510468E+05 -0.27960984542084E+06  0.65456420969081E+05  0.10925464494663E+05 -0.20838336946210E+04 -0.52369542687737E+04 -0.61495134334771E+03 -0.92290006721112E+00  0.19802273570705E+04 -0.16208960018913E+03  0.20468034217911E+04  0.95562255688923E+03  0.55059640748668E+06  0.00000000000000E+00  0.00000000000000E+00  0.45961320347400E+03 -0.67791890713252E+04  0.38049848286521E+05  0.00000000000000E+00  0.00000000000000E+00  0.00000000000000E+00  0.57748588582101E+06  0.00000000000000E+00  0.00000000000000E+00  0.00000000000000E+00  0.00000000000000E+00  0.00000000000000E+00  0.00000000000000E+00  0.00000000000000E+00  0.00000000000000E+00  0.00000000000000E+00  0.00000000000000E+00  0.00000000000000E+00  0.00000000000000E+00
  -0.10832861473290E+07  0.26309830539636E+06 -0.50612003956676E+05 -0.34066852170340E+06  0.63320957773276E+05 -0.43753769010465E+05 -0.52548718594353E+05 -0.55507779076593E+06  0.12579588413858E+06  0.22863294952672E+05 -0.41896421559002E+04  0.52472787150129E-09  0.32995713764805E-10  0.15894676861391E-11  0.42090855660960E+04 -0.47558349116601E+03  0.43763687240378E+04  0.23870188445709E+04  0.26852947719667E+07  0.44147365914334E+03  0.11238730712371E+06 -0.42044184454146E+05 -0.11557552409196E+06 -0.48563011031810E+06  0.00000000000000E+00  0.00000000000000E+00  0.00000000000000E+00  0.00000000000000E+00  0.91756381849329E+06  0.00000000000000E+00  0.00000000000000E+00  0.00000000000000E+00  0.00000000000000E+00  0.00000000000000E+00  0.00000000000000E+00  0.00000000000000E+00  0.00000000000000E+00  0.00000000000000E+00  0.00000000000000E+00  0.00000000000000E+00
  -0.20566546807790E+05  0.58054439314852E+04 -0.10039374855426E+04 -0.14166537575720E+04  0.34192310631342E+03 -0.47050678016907E+01 -0.17240092308443E+03 -0.72309315196457E+05  0.23159669943612E+05  0.15288548132111E+04 -0.44521531224061E+03 -0.25412701558444E+04 -0.15753837379647E+03 -0.37773423990340E+01 -0.15212154917515E+04  0.15590114542948E+03 -0.12561267146035E+04 -0.63578275443444E+03  0.17303741349597E+05  0.00000000000000E+00  0.00000000000000E+00  0.00000000000000E+00  0.00000000000000E+00  0.00000000000000E+00  0.00000000000000E+00  0.00000000000000E+00  0.00000000000000E+00  0.00000000000000E+00  0.00000000000000E+00  0.14775944837623E+05  0.00000000000000E+00  0.00000000000000E+00  0.00000000000000E+00  0.00000000000000E+00  0.00000000000000E+00  0.00000000000000E+00  0.00000000000000E+00  0.00000000000000E+00  0.00000000000000E+00  0.00000000000000E+00
  -0.46329633673883E+05  0.13223471595187E+05 -0.22714270015376E+04 -0.24875538344994E+04  0.58108978487709E+03 -0.37071321539534E+02 -0.29303922482352E+03 -0.16163733527460E+06  0.51882088576398E+05  0.33454959292918E+04 -0.99528789238756E+03 -0.74692078023546E+02 -0.19707284930647E+02 -0.25704239279388E-04 -0.29552731712765E+04  0.30197735770782E+03 -0.24500800209916E+04 -0.12413062592206E+04  0.30739857407958E+05 -0.75054662794948E+01 -0.11239432321941E+04 -0.16668711315212E+03 -0.41277393157139E+03 -0.21842482179492E+04  0.00000000000000E+00  0.00000000000000E+00  0.00000000000000E+00  0.00000000000000E+00  0.00000000000000E+00  0.00000000000000E+00  0.31782603076944E+05  0.00000000000000E+00  0.00000000000000E+00  0.00000000000000E+00  0.00000000000000E+00  0.00000000000000E+00  0.00000000000000E+00  0.00000000000000E+00  0.00000000000000E+00  0.00000000000000E+00
  -0.30758935548692E+04  0.42058730840060E+03 -0.11867506078390E+03 -0.73754858210401E+02  0.95353656616413E+01 -0.19400078249781E+02 -0.13649606885126E+02 -0.13202481247293E+04  0.17768364791874E+03  0.43011012211507E+02 -0.11175429510090E+02 -0.83568644769988E+02 -0.66882131886811E+01 -0.15270464773175E+00 -0.71346252136520E+03  0.77904784197558E+02 -0.59644965266571E+03 -0.32753167448765E+03  0.22326135442468E+03  0.00000000000000E+00  0.00000000000000E+00  0.00000000000000E+00  0.00000000000000E+00  0.00000000000000E+00  0.00000000000000E+00  0.00000000000000E+00  0.00000000000000E+00  0.00000000000000E+00  0.00000000000000E+00  0.00000000000000E+00  0.00000000000000E+00  0.37856628302118E+04  0.00000000000000E+00  0.00000000000000E+00  0.00000000000000E+00  0.00000000000000E+00  0.00000000000000E+00  0.00000000000000E+00  0.00000000000000E+00  0.00000000000000E+00
  -0.19826941372006E+06  0.63429434151029E+05 -0.99124098366226E+04 -0.11735006172593E+05  0.29998485288460E+04  0.31933706383253E+03 -0.10831821839419E+04 -0.56646960561909E+04  0.61087061119510E+03  0.57603247938507E+03 -0.49717444940704E+02 -0.22046949950097E+00 -0.15886979374675E+00  0.38913446121469E-13  0.22849278700598E+03 -0.61231627442233E+02  0.80973119745414E+02  0.10597430035694E+03  0.17899639198391E+06  0.00000000000000E+00  0.00000000000000E+00  0.22364185259628E+04  0.31436577873823E+04  0.16191023260942E+05  0.00000000000000E+00  0.00000000000000E+00  0.00000000000000E+00  0.00000000000000E+00  0.00000000000000E+00  0.00000000000000E+00  0.00000000000000E+00  0.00000000000000E+00  0.10556600482121E+06  0.00000000000000E+00  0.00000000000000E+00  0.00000000000000E+00  0.00000000000000E+00  0.00000000000000E+00  0.00000000000000E+00  0.00000000000000E+00
  -0.22359492973550E+06  0.70956628280517E+05 -0.11145816942678E+05 -0.52617452584995E+05  0.13237099390455E+05  0.10665467673559E+04 -0.50130708357196E+04 -0.11124614543482E+05  0.12355550614340E+04  0.10927020296097E+04 -0.97432240121278E+02  0.26011112551678E-10  0.84164415066850E-11 -0.31732301327497E-13  0.40927217030104E+03 -0.10820039701682E+03  0.15760405022478E+03  0.19635868357618E+03  0.78153559505706E+06  0.22335741274749E+03  0.22368801062312E+05 -0.49155828448222E+04 -0.15286129625448E+05 -0.80432553813016E+05  0.00000000000000E+00  0.00000000000000E+00  0.00000000000000E+00  0.00000000000000E+00  0.00000000000000E+00  0.00000000000000E+00  0.00000000000000E+00  0.00000000000000E+00  0.00000000000000E+00  0.13867094488494E+06  0.00000000000000E+00  0.00000000000000E+00  0.00000000000000E+00  0.00000000000000E+00  0.00000000000000E+00  0.00000000000000E+00
  -0.91068192314763E+04  0.24670078445314E+04 -0.43569775160030E+03 -0.25163793803911E+04  0.48571603965163E+03 -0.27446890011932E+03 -0.37530785595190E+03  0.56530130049145E+02 -0.11955329247129E+04  0.13543051800510E+03 -0.15517940316386E+02 -0.18475332219465E+01 -0.19390171100630E+00 -0.18718953659846E-02 -0.28025472631652E+04  0.42268222982845E+03 -0.25877449805258E+04 -0.16559175946278E+04  0.24160469344615E+05  0.00000000000000E+00  0.00000000000000E+00  0.00000000000000E+00  0.00000000000000E+00  0.00000000000000E+00  0.00000000000000E+00  0.00000000000000E+00  0.00000000000000E+00  0.00000000000000E+00  0.00000000000000E+00  0.00000000000000E+00  0.00000000000000E+00  0.00000000000000E+00  0.00000000000000E+00  0.00000000000000E+00  0.83238165896099E+04  0.00000000000000E+00  0.00000000000000E+00  0.00000000000000E+00  0.00000000000000E+00  0.00000000000000E+00
  -0.32249284381434E+04  0.78339135326706E+03 -0.15166160224735E+03 -0.98186462885782E+03  0.17994028903085E+03 -0.13769841884656E+03 -0.15776873075827E+03  0.16463275187019E+03 -0.67039674168432E+03  0.60398869014130E+02 -0.73026763144973E+01 -0.79524787492287E+00 -0.75465879199001E-01 -0.10276121684644E-02 -0.14950963100177E+04  0.20974487262696E+03 -0.13910395695937E+04 -0.85564774356183E+03  0.76242563740122E+04  0.00000000000000E+00  0.00000000000000E+00  0.00000000000000E+00  0.00000000000000E+00  0.00000000000000E+00  0.00000000000000E+00  0.00000000000000E+00  0.00000000000000E+00  0.00000000000000E+00  0.00000000000000E+00  0.00000000000000E+00  0.00000000000000E+00  0.00000000000000E+00  0.00000000000000E+00  0.00000000000000E+00  0.00000000000000E+00  0.42657616340082E+04  0.00000000000000E+00  0.00000000000000E+00  0.00000000000000E+00  0.00000000000000E+00
  -0.14905421649274E+05 -0.23691358954723E+04  0.54212268179926E+02 -0.95076938501857E+04  0.33217771945113E+03 -0.30151856144664E+04 -0.12660022921177E+04 -0.26097675749974E+06  0.11160554995663E+06  0.30831309571897E+04 -0.11612057415215E+04  0.30061448256356E+03  0.29935079631441E+02 -0.16424400803002E+01 -0.24877862341535E+04 -0.28124869614335E+03  0.12635754502488E+04  0.13780671389630E+04 -0.18295671468740E+05  0.00000000000000E+00  0.00000000000000E+00  0.00000000000000E+00  0.00000000000000E+00  0.00000000000000E+00  0.00000000000000E+00  0.00000000000000E+00  0.00000000000000E+00  0.00000000000000E+00  0.00000000000000E+00  0.00000000000000E+00  0.00000000000000E+00  0.00000000000000E+00  0.00000000000000E+00  0.00000000000000E+00  0.00000000000000E+00  0.00000000000000E+00  0.12382782120211E+06  0.00000000000000E+00  0.00000000000000E+00  0.00000000000000E+00
   0.16567380749395E+05 -0.22358864117703E+04  0.72483154563714E+03 -0.15679468757423E+05  0.24952386109887E+04 -0.33511032131252E+04 -0.31411135803738E+04 -0.85479952485567E+04  0.15781533938754E+04  0.43948203755092E+03 -0.69245037997454E+02  0.32207734921955E+03  0.72257734742842E+02  0.80174868075747E-04  0.18015532115119E+03 -0.32330243205257E+02  0.21829202134847E+03  0.15180994338638E+03  0.43067667925722E+05  0.10792698333311E+02 -0.41086689767436E+04  0.15074797289568E+04  0.37579736163062E+04  0.20020542526798E+05  0.00000000000000E+00  0.00000000000000E+00  0.00000000000000E+00  0.00000000000000E+00  0.00000000000000E+00  0.00000000000000E+00  0.00000000000000E+00  0.00000000000000E+00  0.00000000000000E+00  0.00000000000000E+00  0.00000000000000E+00  0.00000000000000E+00  0.00000000000000E+00  0.39244746338884E+05  0.00000000000000E+00  0.00000000000000E+00
  -0.70508141120293E+05  0.85312860129956E+04 -0.25613485688943E+04 -0.71959671417344E+04  0.82065970308360E+03 -0.18382785104324E+04 -0.11426901716374E+04 -0.13619677409795E+06  0.44156444415736E+05  0.27811658836816E+04 -0.83638190210776E+03 -0.28792308167716E+04 -0.20544296456005E+03 -0.35431205733076E+01 -0.82869121280353E+03  0.23740904820076E+03 -0.16079518810808E+04 -0.11089761995449E+04  0.20065900165686E+05  0.00000000000000E+00  0.00000000000000E+00 -0.38601292570134E+03 -0.21324805813897E+04  0.15685041108604E+04  0.00000000000000E+00  0.00000000000000E+00  0.00000000000000E+00  0.00000000000000E+00  0.00000000000000E+00  0.00000000000000E+00  0.00000000000000E+00  0.00000000000000E+00  0.00000000000000E+00  0.00000000000000E+00  0.00000000000000E+00  0.00000000000000E+00  0.00000000000000E+00  0.00000000000000E+00  0.94906107673724E+05  0.00000000000000E+00
  -0.55642530780750E+05  0.71573120140860E+04 -0.20774604847692E+04 -0.21297199925021E+05  0.25212018506289E+04 -0.53001183756510E+04 -0.34047084108042E+04 -0.16948071742268E+06  0.54405642894673E+05  0.35453391185017E+04 -0.10490310283708E+04 -0.66734810413427E-10 -0.82180878281231E-11 -0.63198096973662E-12 -0.93318029152165E+03  0.26591185920220E+03 -0.17861203694001E+04 -0.12326193006160E+04  0.61766204612352E+05 -0.26006035423966E+02  0.40551674024357E+04 -0.28102442018320E+04 -0.81767325304592E+04 -0.29910711422041E+05  0.00000000000000E+00  0.00000000000000E+00  0.00000000000000E+00  0.00000000000000E+00  0.00000000000000E+00  0.00000000000000E+00  0.00000000000000E+00  0.00000000000000E+00  0.00000000000000E+00  0.00000000000000E+00  0.00000000000000E+00  0.00000000000000E+00  0.00000000000000E+00  0.00000000000000E+00  0.00000000000000E+00  0.99567693985461E+05

 # Covariance matrix (Bevington epsilon)
