# fitpack15: fit parameters                                                                         
# CJ15 AV18 final data choices                                                                      
# Created on 01/23/2020 at 22:32:06                                                                 

 # QCD setup
  INS                           0
  NVL                          11
  IORD                          1
  Q02                   1.6899999999999999     
  IPARAMC                       7
  FLAVOR                4.0000000000000000     
  xmc                   1.3000000000000000     
  xmb                   4.5000000000000000     
  ncb                          12
  ihq                           1
  ias                           0

 # Theory corrections
  inuke                     10814
  itmc                          1
  iht                           1

 # fit parameters
 LAMBDA       0.22680        0.0000    
 a0uv          2.3317        0.0000    
 a1uv         0.60804       0.20343E-01
 a2uv          3.5456       0.12152E-01
 a3uv          0.0000        0.0000    
 a4uv          3.6158       0.45279    
 a5uv          0.0000        0.0000    
 a0dv          26.126        0.0000    
 a1dv          1.1712       0.32752E-01
 a2dv          6.6078       0.15667    
 a3dv         -3.5321       0.82297E-01
 a4dv          4.6909       0.13781    
 a5dv          0.0000        0.0000    
 a0ud         0.14620       0.50264E-02
 a1ud        -0.20811       0.37543E-02
 a2ud          8.3372       0.19264    
 a3ud          0.0000        0.0000    
 a4ud          14.617        1.2290    
 a5ud          0.0000        0.0000    
 a0du          35712.        0.0000    
 a1du          4.0456       0.78113E-01
 a2du          20.046       0.89036    
 a3du          17.000        0.0000    
 a4du          52.161        10.943    
 a0g           49.474        0.0000    
 a1g          0.61852       0.31699E-01
 a2g           6.7093       0.89969    
 a3g          -3.3994       0.13522    
 a4g           3.3717       0.33723    
 a5g           0.0000        0.0000    
 kappa        0.40000        0.0000    
 a6dv        -0.36039E-02   0.62702E-03
 a7dv          2.0000        0.0000    
 off1         -3.5844        1.5191    
 off2         0.55186E-01   0.61247E-01
 ht1          -3.2928       0.26148    
 ht2           1.9485       0.10684    
 ht3          -2.0680       0.18775E-01
 ht4           0.0000        0.0000    
 dummy40       0.0000        0.0000    
 dummy41       0.0000        0.0000    
 dummy42       0.0000        0.0000    
 dummy43       0.0000        0.0000    
 dummy44       0.0000        0.0000    
 dummy45       0.0000        0.0000    
 dummy46       0.0000        0.0000    
 dummy47       0.0000        0.0000    
 dummy48       0.0000        0.0000    
 dummy49       0.0000        0.0000    
 bcdmsh2      0.97235       0.48223E-02
 bcdmsd2      0.99227       0.58269E-02
 ccfr          1.0000        0.0000    
 nutev         1.0000        0.0000    
 zeus         0.97998        0.0000    
 h1            1.0162        0.0000    
 e605          1.0319        0.0000    
 NmcH2         1.0084       0.71213E-02
 ntv_nu        1.0000        0.0000    
 ntv_nubar     1.0000        0.0000    
 cdf_jet      0.98910        0.0000    
 d0_jet       0.83504        0.0000    
 slac_p        1.0040       0.48070E-02
 slac_d        1.0029       0.52665E-02
 e866pp       0.96634       0.19326E-01
 e866pd       0.96132       0.15822E-01
 d0_gamjet     1.0389       0.16483E-01
 h1b          0.97608        0.0000    
 jlab_p       0.99319       0.57808E-02
 jlab_d       0.97394       0.58906E-02
 blank         1.0000        0.0000    
 d0run2       0.94465       0.14108E-01
 cdfrun2      0.93006       0.17247E-01
 HERA_el       1.0000        0.0000    
 HERA_ps       1.0000        0.0000    
 CDF_Z        0.96398       0.65086E-02
 NmcRat        1.0000        0.0000    
 BNS_F2nd     0.98257       0.69111E-02
 HERMES_F2p   0.99762       0.55634E-02
 HERMES_F2d   0.97950       0.58158E-02
 END 0. 0.

 # Hessian matrix (Bevington alpha)
   0.49353127954585E+07 -0.12955353544005E+07  0.22828169612888E+06  0.48293530314014E+06 -0.12539478026748E+06 -0.25464193102236E+05  0.55107687215403E+05  0.90736570946182E+06 -0.17432556959844E+06 -0.48317416867101E+05  0.73654473546350E+04  0.15450697797400E+05  0.17500925646216E+04 -0.10937216776238E+03  0.79167043032390E+04 -0.19817310139926E+04  0.10007870938100E+05  0.72875823650678E+04 -0.79029868844818E+07 -0.15021763239623E+04 -0.19166661528401E+06  0.53142923880965E+05  0.16915574101138E+06  0.69910260129539E+06 -0.12766246523238E+06 -0.54179592153369E+05 -0.45157049208146E+04 -0.84268731530356E+06 -0.10921008862699E+07 -0.20679399376772E+05 -0.46676518680334E+05 -0.30951256956408E+04 -0.19946480104894E+06 -0.22553235842384E+06 -0.90421961421185E+04 -0.32018668228420E+04 -0.15451351965157E+05  0.16645290681224E+05 -0.71084179523623E+05 -0.56104760837972E+05
  -0.12955353544005E+07  0.41433912713451E+06 -0.61852942341121E+05 -0.13546071805186E+06  0.34773937482237E+05  0.95940113821333E+04 -0.12035628770013E+05 -0.12132118630552E+06  0.26455302714610E+05  0.74274903042733E+04 -0.92966343544198E+03 -0.12438010458320E+04 -0.14572400680405E+03  0.13179811342045E+02  0.69695941193072E+03 -0.58581863643109E+02  0.18058198835285E+03  0.10184152628974E+03  0.27028507277484E+07  0.59377220985923E+03  0.54470191407069E+05 -0.11463216457421E+05 -0.40226554315120E+05 -0.19168441406774E+06  0.16602016203528E+05  0.82148955379601E+04 -0.23229435970130E+03  0.20958265075018E+06  0.26428510505568E+06  0.58124141041663E+04  0.13271321176037E+05  0.42108406303013E+03  0.63569366497582E+05  0.71322627781028E+05  0.24456107902912E+04  0.77663615971513E+03 -0.23399596920279E+04 -0.22384384954540E+04  0.85584189989083E+04  0.71841764004104E+04
   0.22828169612888E+06 -0.61852942341121E+05  0.10670018210447E+05  0.22520355592150E+05 -0.59404614311474E+04 -0.14274429350305E+04  0.24863623510575E+04  0.30851654233027E+05 -0.57834228847522E+04 -0.19380883689681E+04  0.25439682103161E+03  0.47528156343142E+03  0.62175279613548E+02 -0.48258229445672E+01 -0.37828586932806E+03 -0.98750266012290E+00 -0.20106329962189E+03 -0.35396693825306E+02 -0.38095806652345E+06 -0.74221407978491E+02 -0.89992065035820E+04  0.23880409999989E+04  0.76211445484732E+04  0.32474558781966E+05 -0.54233140954236E+04 -0.23142760226969E+04  0.45945041010922E+02 -0.38011593237239E+05 -0.49446993833223E+05 -0.97672001114719E+03 -0.22141586546188E+04 -0.11624121557942E+03 -0.96353039718723E+04 -0.10865197143427E+05 -0.41915302753253E+03 -0.14604896366727E+03  0.32228267320129E+02  0.70901855341996E+03 -0.25162300583718E+04 -0.20401826685812E+04
   0.48293530314014E+06 -0.13546071805186E+06  0.22520355592150E+05  0.39444755537250E+06 -0.62000774491565E+05  0.77173387043162E+05  0.65782830614388E+05  0.34375626370202E+06 -0.25094180006583E+05 -0.18155922838535E+05  0.33300437371970E+04 -0.13839759461503E+04 -0.15525475955594E+03  0.56963230436100E+02  0.30826375549409E+05 -0.37676838758494E+04  0.26782962551879E+05  0.14957589736566E+05 -0.23414984116476E+07 -0.23889992924962E+03 -0.55822629696034E+05  0.19147939147081E+05  0.53346719266172E+05  0.22568897771499E+06 -0.12739350769346E+05 -0.21120484722539E+05 -0.59936918162261E+02 -0.65721706845754E+05 -0.34078505302187E+06 -0.14028378171735E+04 -0.24947555977929E+04 -0.72706043445689E+02 -0.11730146316057E+05 -0.52627246310561E+05 -0.24786184047309E+04 -0.96691166104452E+03 -0.94526090116231E+04 -0.15720901024435E+05 -0.71635220824654E+04 -0.21231315878925E+05
  -0.12539478026748E+06  0.34773937482237E+05 -0.59404614311474E+04 -0.62000774491565E+05  0.11547129662466E+05 -0.79682088068803E+04 -0.95229095795696E+04 -0.32064865746247E+05  0.34043716722595E+03  0.23702929174239E+04 -0.33794788886711E+03 -0.34095430337548E+02  0.48012951554156E+01 -0.50922632902962E+01 -0.26147747897349E+04  0.32479532157372E+03 -0.22117453372216E+04 -0.12519762977095E+04  0.51027650705820E+06  0.71787694384089E+02  0.11508196111561E+05 -0.35582548903747E+04 -0.99013254122985E+04 -0.44639990983924E+05  0.19938372024600E+04  0.33608894568029E+04 -0.56583125696180E+02  0.11867407791360E+05  0.62683375832700E+05  0.33367556140086E+03  0.57345101447605E+03  0.93623807819809E+01  0.29425942793599E+04  0.13002899207621E+05  0.47287923757418E+03  0.17561944659564E+03  0.34044393123470E+03  0.24989654091709E+04  0.81389433165714E+03  0.25050990566384E+04
  -0.25464193102236E+05  0.95940113821333E+04 -0.14274429350305E+04  0.77173387043162E+05 -0.79682088068803E+04  0.25790454753711E+05  0.15543568548569E+05  0.10759633064873E+06 -0.95650240877204E+04 -0.47073328676103E+04  0.10239195369583E+04 -0.73022556126387E+03 -0.70860272819254E+02  0.19875481666357E+02  0.96757017599294E+04 -0.12148532801503E+04  0.85103940133898E+04  0.48250584330039E+04 -0.64900092359928E+05  0.53974425356373E+02 -0.41334357260957E+04  0.24438944798881E+04  0.67010076235234E+04  0.20586142954779E+05 -0.28820778833937E+04 -0.44192917427447E+04  0.16369947356439E+03 -0.89841752907048E+04 -0.44361116667996E+05  0.29581657865506E+01 -0.26151971666022E+02 -0.19857519906489E+02  0.39678513224595E+03  0.14097186672305E+04 -0.27022393718439E+03 -0.13744028928886E+03 -0.31218790967970E+04 -0.34653924077671E+04 -0.18942551088438E+04 -0.54645185866833E+04
   0.55107687215403E+05 -0.12035628770013E+05  0.24863623510575E+04  0.65782830614388E+05 -0.95229095795696E+04  0.15543568548569E+05  0.12082355412241E+05  0.59447444354461E+05 -0.30278149234414E+04 -0.33444314933596E+04  0.59646514123082E+03 -0.22686172833521E+03 -0.28122694537250E+02  0.10402167957160E+02  0.49782483513214E+04 -0.63407285917360E+03  0.42540682834628E+04  0.24424677462455E+04 -0.26413787113558E+06 -0.38920967008980E+01 -0.77234209685337E+04  0.30175955115816E+04  0.82299377668059E+04  0.31922705921423E+05 -0.25492109814772E+04 -0.39968908180160E+04  0.14194896562465E+03 -0.10230578691588E+05 -0.53401190815842E+05 -0.16944308521552E+03 -0.29187663902074E+03 -0.13888410652837E+02 -0.10540798698308E+04 -0.48942324145993E+04 -0.37386832303862E+03 -0.15800926551934E+03 -0.13151067642586E+04 -0.32392232535536E+04 -0.11707762547000E+04 -0.34918121283285E+04
   0.90736570946182E+06 -0.12132118630552E+06  0.30851654233027E+05  0.34375626370202E+06 -0.32064865746247E+05  0.10759633064873E+06  0.59447444354461E+05  0.49854365897799E+07 -0.23173796400364E+07 -0.84963000635279E+05  0.25819775851045E+05  0.26698102082437E+05  0.17882250299054E+04  0.99694749876988E+02  0.83342086610230E+05 -0.10636750907233E+05  0.83880644158303E+05  0.45119535879128E+05 -0.59852594381185E+06  0.36141667877815E+03 -0.25463262307986E+05  0.27363741745373E+05  0.85803241520891E+05  0.23477526691483E+06 -0.60260316518887E+05 -0.48504037817875E+05 -0.67159376422363E+05 -0.28118852281706E+06 -0.55777950093178E+06 -0.72720575197458E+05 -0.16293207759432E+06 -0.13276421920503E+04 -0.56687668817306E+04 -0.11148542619649E+05  0.19409398008150E+03  0.22457301994969E+03 -0.26279577794101E+06 -0.86208003695011E+04 -0.13720670929723E+06 -0.17038650552281E+06
  -0.17432556959844E+06  0.26455302714610E+05 -0.57834228847522E+04 -0.25094180006583E+05  0.34043716722595E+03 -0.95650240877204E+04 -0.30278149234414E+04 -0.23173796400364E+07  0.19313200776204E+07  0.18915262465035E+05 -0.64991415619719E+04 -0.57265251258050E+04 -0.31362128537564E+03 -0.13653966466431E+02  0.49371641842413E+05 -0.23807151270142E+04  0.16770192141526E+05  0.81118357835186E+04 -0.28513747095691E+05 -0.91437837628299E+02  0.68219301330429E+03 -0.55684697057634E+04 -0.18497904960275E+05 -0.45462928396933E+05  0.11340469652116E+05  0.10763730194458E+05  0.24198050923277E+05  0.65503659634234E+05  0.12576370170467E+06  0.23169281559742E+05  0.52001681153390E+05  0.17778480288689E+03  0.61521057737419E+03  0.12445186691917E+04 -0.12354009737291E+04 -0.68729231684096E+03  0.11172546749870E+06  0.15861004752926E+04  0.44230473034727E+05  0.54381246543422E+05
  -0.48317416867101E+05  0.74274903042733E+04 -0.19380883689681E+04 -0.18155922838535E+05  0.23702929174239E+04 -0.47073328676103E+04 -0.33444314933596E+04 -0.84963000635279E+05  0.18915262465035E+05  0.26222019163671E+04 -0.63577075744099E+03 -0.68660976677887E+03 -0.60493987324927E+02 -0.18813440349472E+01 -0.40063584381582E+04  0.49044860795983E+03 -0.35097874758840E+04 -0.19746313179248E+04  0.59681077932157E+05 -0.77622375540300E+01  0.22387531134025E+04 -0.12379978148722E+04 -0.36163134290283E+04 -0.11463216640995E+05  0.27201471783478E+04  0.18853134312069E+04  0.72873538041410E+03  0.10898538349697E+05  0.22803462504147E+05  0.15240560152584E+04  0.33476932432085E+04  0.42916349802085E+02  0.57064133755926E+03  0.10842427347850E+04  0.13107279830634E+03  0.58558217774182E+02  0.30856913969157E+04  0.43995102923190E+03  0.27808379029095E+04  0.35393161336732E+04
   0.73654473546350E+04 -0.92966343544198E+03  0.25439682103161E+03  0.33300437371970E+04 -0.33794788886711E+03  0.10239195369583E+04  0.59646514123082E+03  0.25819775851045E+05 -0.64991415619719E+04 -0.63577075744099E+03  0.17969697515945E+03  0.20296183301611E+03  0.14750911994000E+02  0.72331674140575E+00  0.12699184178780E+04 -0.14137290693635E+03  0.10749893366484E+04  0.58223497674543E+03 -0.67721481224376E+04  0.26193759668351E+01 -0.25874897749267E+03  0.21244715977422E+03  0.65242170805550E+03  0.18497236971536E+04 -0.48268197841283E+03 -0.36462303671461E+03 -0.34181236877883E+03 -0.20711477657133E+04 -0.41610457086142E+04 -0.44288324289634E+03 -0.99263332465187E+03 -0.11113964896180E+02 -0.49058187666323E+02 -0.96293102302606E+02 -0.14502808315852E+02 -0.68577192267878E+01 -0.11577907488930E+04 -0.68972345972310E+02 -0.83364259870066E+03 -0.10434559444511E+04
   0.15450697797400E+05 -0.12438010458320E+04  0.47528156343142E+03 -0.13839759461503E+04 -0.34095430337548E+02 -0.73022556126387E+03 -0.22686172833521E+03  0.26698102082437E+05 -0.57265251258050E+04 -0.68660976677887E+03  0.20296183301611E+03  0.17486337404494E+04  0.11471713766624E+03 -0.10821209090401E+01  0.14693720788087E+04 -0.20454461954610E+03  0.15668183312794E+04  0.89689099023488E+03 -0.69332592776512E+04 -0.50812399275060E+01 -0.10097491263780E+03 -0.86381225628831E+01  0.13728261622611E+03 -0.88638019499904E+03 -0.11597332103641E+04 -0.16698438868329E-10 -0.74466582518050E+03 -0.51582714391691E+04 -0.14091212164273E-10 -0.24605303735332E+04 -0.74745179231192E+02 -0.81438988312800E+02 -0.22753078839747E+00  0.70800672538569E-10 -0.17935667964061E+01 -0.77197180547181E+00  0.29473566260974E+03  0.32129507029105E+03 -0.28058177382298E+04  0.21518207025761E-10
   0.17500925646216E+04 -0.14572400680405E+03  0.62175279613548E+02 -0.15525475955594E+03  0.48012951554156E+01 -0.70860272819254E+02 -0.28122694537250E+02  0.17882250299054E+04 -0.31362128537564E+03 -0.60493987324927E+02  0.14750911994000E+02  0.11471713766624E+03  0.10327066805907E+02 -0.17908821487535E+00  0.80932814824658E+02 -0.13587577836908E+02  0.92179085359540E+02  0.57478987873990E+02 -0.32848617449087E+03 -0.42469262356530E+00  0.60436357170245E+01  0.11573441702366E+01  0.18577595820186E+02 -0.88506093699393E+02 -0.17167979056626E+03  0.83294061844600E-12 -0.28884939028126E+02 -0.60853611734698E+03 -0.15551861711548E-10 -0.15369778775360E+03 -0.19763084539048E+02 -0.65731679301547E+01 -0.16403496483912E+00  0.47242121234261E-11 -0.18965150624595E+00 -0.73847576422238E-01  0.29468759859793E+02  0.72161144671377E+02 -0.20164001109883E+03  0.85040621661302E-12
  -0.10937216776238E+03  0.13179811342045E+02 -0.48258229445672E+01  0.56963230436100E+02 -0.50922632902962E+01  0.19875481666357E+02  0.10402167957160E+02  0.99694749876988E+02 -0.13653966466431E+02 -0.18813440349472E+01  0.72331674140575E+00 -0.10821209090401E+01 -0.17908821487535E+00  0.53280594768639E-01  0.14857124278626E+02 -0.11582397466277E+01  0.96156077365270E+01  0.45320062280371E+01 -0.86721157816068E+02  0.23964010642074E-01 -0.40916328296896E+01  0.50749087969280E+00  0.12888848038941E+01  0.67294209133194E+01  0.70927222970274E-01  0.31142922832196E-12 -0.62449590220288E+01 -0.83279551553391E+00 -0.88693420029578E-13 -0.35051205322299E+01 -0.19462204796806E-04 -0.14436834677509E+00  0.91547156376073E-13  0.98686262743411E-13 -0.17481681559719E-02 -0.96270906650359E-03 -0.16354865641905E+01  0.57581215040329E-04 -0.32989932436019E+01  0.49148771096906E-12
   0.79167043032390E+04  0.69695941193072E+03 -0.37828586932806E+03  0.30826375549409E+05 -0.26147747897349E+04  0.96757017599294E+04  0.49782483513214E+04  0.83342086610230E+05  0.49371641842413E+05 -0.40063584381582E+04  0.12699184178780E+04  0.14693720788087E+04  0.80932814824658E+02  0.14857124278626E+02  0.49262967351130E+05 -0.46002929945176E+04  0.35568271380651E+05  0.18474544829291E+05 -0.58105952634940E+05  0.27580494256784E+01  0.70065333911836E+03 -0.19609181658551E+03 -0.56741428406536E+03 -0.13159212998394E+04 -0.26891845220339E+04 -0.17620761191894E+04 -0.24738240299223E+04  0.19726941455015E+04  0.42735165951715E+04 -0.15254479106647E+04 -0.29842084618696E+04 -0.72153210716387E+03  0.24512795951548E+03  0.43966491142613E+03 -0.28610261177367E+04 -0.15210240079042E+04 -0.23427847126925E+04  0.19025845964547E+03 -0.87686802174025E+03 -0.98815347699201E+03
  -0.19817310139926E+04 -0.58581863643109E+02 -0.98750266012290E+00 -0.37676838758494E+04  0.32479532157372E+03 -0.12148532801503E+04 -0.63407285917360E+03 -0.10636750907233E+05 -0.23807151270142E+04  0.49044860795983E+03 -0.14137290693635E+03 -0.20454461954610E+03 -0.13587577836908E+02 -0.11582397466277E+01 -0.46002929945176E+04  0.49987030523119E+03 -0.37743556942027E+04 -0.20397699797175E+04  0.68543181452689E+04 -0.96892254011672E+00 -0.10384352572281E+03  0.19621521109943E+02  0.48696514539937E+02  0.13494402830262E+03  0.49835627982940E+03  0.31210503414941E+03  0.28630574100940E+03 -0.16066999429794E+03 -0.48862600432463E+03  0.15875143147776E+03  0.30953452404143E+03  0.80131361350504E+02 -0.65849927406675E+02 -0.11650715524620E+03  0.43808640443656E+03  0.21674452578407E+03 -0.30646477228809E+03 -0.34209094369900E+02  0.24804705272965E+03  0.27811876900596E+03
   0.10007870938100E+05  0.18058198835285E+03 -0.20106329962189E+03  0.26782962551879E+05 -0.22117453372216E+04  0.85103940133898E+04  0.42540682834628E+04  0.83880644158303E+05  0.16770192141526E+05 -0.35097874758840E+04  0.10749893366484E+04  0.15668183312794E+04  0.92179085359540E+02  0.96156077365270E+01  0.35568271380651E+05 -0.37743556942027E+04  0.29113326645507E+05  0.15540800100874E+05 -0.50805178551286E+05  0.98330964799939E+00  0.72301783980598E+03 -0.23773428283277E+03 -0.65691434921787E+03 -0.14609083101713E+04 -0.25302613026547E+04 -0.16394255884250E+04 -0.25163523362734E+04  0.21481212221679E+04  0.44886201463682E+04 -0.12933550871093E+04 -0.25399788488479E+04 -0.60726003506061E+03  0.63170535736683E+02  0.12620698812044E+03 -0.25507322292661E+04 -0.13828557441148E+04  0.11721714848824E+04  0.21468127942285E+03 -0.15885085353740E+04 -0.17655700034914E+04
   0.72875823650678E+04  0.10184152628974E+03 -0.35396693825306E+02  0.14957589736566E+05 -0.12519762977095E+04  0.48250584330039E+04  0.24424677462455E+04  0.45119535879128E+05  0.81118357835186E+04 -0.19746313179248E+04  0.58223497674543E+03  0.89689099023488E+03  0.57478987873990E+02  0.45320062280371E+01  0.18474544829291E+05 -0.20397699797175E+04  0.15540800100874E+05  0.84103485790419E+04 -0.28169329677964E+05  0.19270919385777E+01  0.43793461122081E+03 -0.12512985949334E+03 -0.32298868289221E+03 -0.75847625601325E+03 -0.17848937685406E+04 -0.11223658687064E+04 -0.12607880739492E+04  0.10042457155945E+04  0.24508350782050E+04 -0.65258266850896E+03 -0.12829906445832E+04 -0.33329396777829E+03  0.97475977908824E+02  0.18169830533237E+03 -0.16421631224971E+04 -0.85382139392461E+03  0.13563053017926E+04  0.15181532093831E+03 -0.11093354178124E+04 -0.12336821283451E+04
  -0.79029868844818E+07  0.27028507277484E+07 -0.38095806652345E+06 -0.23414984116476E+07  0.51027650705820E+06 -0.64900092359928E+05 -0.26413787113558E+06 -0.59852594381185E+06 -0.28513747095691E+05  0.59681077932157E+05 -0.67721481224376E+04 -0.69332592776512E+04 -0.32848617449087E+03 -0.86721157816068E+02 -0.58105952634940E+05  0.68543181452689E+04 -0.50805178551286E+05 -0.28169329677964E+05  0.36461172205835E+08  0.71762957983500E+04  0.63888280638024E+06 -0.16128884618633E+06 -0.48731337286450E+06 -0.24547889258971E+07  0.35636323341304E+05  0.79397235762914E+05 -0.12385224982318E+04  0.59358581557054E+06  0.28970400852763E+07  0.18474165108969E+05  0.33190741236260E+05  0.23618576744385E+03  0.19299701327138E+06  0.84357921706316E+06  0.25724585593878E+05  0.81209774831826E+04 -0.19652336024817E+05  0.46607998835790E+05  0.21560335425180E+05  0.66528306040958E+05
  -0.15021763239623E+04  0.59377220985923E+03 -0.74221407978491E+02 -0.23889992924962E+03  0.71787694384089E+02  0.53974425356373E+02 -0.38920967008980E+01  0.36141667877815E+03 -0.91437837628299E+02 -0.77622375540300E+01  0.26193759668351E+01 -0.50812399275060E+01 -0.42469262356530E+00  0.23964010642074E-01  0.27580494256784E+01 -0.96892254011672E+00  0.98330964799939E+00  0.19270919385777E+01  0.71762957983500E+04  0.25118140953142E+01  0.13729357630506E+03 -0.28539319084786E+02 -0.87389587033182E+02 -0.51480139859699E+03  0.00000000000000E+00 -0.23452326095039E+02  0.00000000000000E+00  0.00000000000000E+00  0.46688248985954E+03  0.00000000000000E+00 -0.78304266199892E+01  0.00000000000000E+00  0.00000000000000E+00  0.22861334847025E+03  0.00000000000000E+00  0.00000000000000E+00  0.00000000000000E+00  0.98901637586506E+01  0.00000000000000E+00 -0.25162249826338E+02
  -0.19166661528401E+06  0.54470191407069E+05 -0.89992065035820E+04 -0.55822629696034E+05  0.11508196111561E+05 -0.41334357260957E+04 -0.77234209685337E+04 -0.25463262307986E+05  0.68219301330429E+03  0.22387531134025E+04 -0.25874897749267E+03 -0.10097491263780E+03  0.60436357170245E+01 -0.40916328296896E+01  0.70065333911836E+03 -0.10384352572281E+03  0.72301783980598E+03  0.43793461122081E+03  0.63888280638024E+06  0.13729357630506E+03  0.21467963518440E+05 -0.65620367857192E+04 -0.18084392858559E+05 -0.85047877765127E+05  0.00000000000000E+00  0.46060196235909E+04  0.00000000000000E+00  0.00000000000000E+00  0.10451690998884E+06  0.00000000000000E+00 -0.10399893660556E+04  0.00000000000000E+00  0.00000000000000E+00  0.20777870843885E+05  0.00000000000000E+00  0.00000000000000E+00  0.00000000000000E+00 -0.38268514311628E+04  0.00000000000000E+00  0.37861089638283E+04
   0.53142923880965E+05 -0.11463216457421E+05  0.23880409999989E+04  0.19147939147081E+05 -0.35582548903747E+04  0.24438944798881E+04  0.30175955115816E+04  0.27363741745373E+05 -0.55684697057634E+04 -0.12379978148722E+04  0.21244715977422E+03 -0.86381225628831E+01  0.11573441702366E+01  0.50749087969280E+00 -0.19609181658551E+03  0.19621521109943E+02 -0.23773428283277E+03 -0.12512985949334E+03 -0.16128884618633E+06 -0.28539319084786E+02 -0.65620367857192E+04  0.25278158724081E+04  0.67263873946991E+04  0.28927729802251E+05 -0.51464737068933E+02 -0.20068390724513E+04  0.26105551258637E+01  0.52619335207728E+03 -0.39751084658505E+05  0.00000000000000E+00 -0.16522794415762E+03  0.00000000000000E+00  0.22676016549246E+04 -0.44656815756168E+04  0.00000000000000E+00  0.00000000000000E+00  0.00000000000000E+00  0.14288625428687E+04 -0.38406063721403E+03 -0.26930849301059E+04
   0.16915574101138E+06 -0.40226554315120E+05  0.76211445484732E+04  0.53346719266172E+05 -0.99013254122985E+04  0.67010076235234E+04  0.82299377668059E+04  0.85803241520891E+05 -0.18497904960275E+05 -0.36163134290283E+04  0.65242170805550E+03  0.13728261622611E+03  0.18577595820186E+02  0.12888848038941E+01 -0.56741428406536E+03  0.48696514539937E+02 -0.65691434921787E+03 -0.32298868289221E+03 -0.48731337286450E+06 -0.87389587033182E+02 -0.18084392858559E+05  0.67263873946991E+04  0.18530920148830E+05  0.78597970977595E+05 -0.16019159226229E+03 -0.50046645580980E+04 -0.45350130045111E+02 -0.65483165510271E+04 -0.10976152678274E+06  0.00000000000000E+00 -0.40916053332305E+03  0.00000000000000E+00  0.31412703602027E+04 -0.14270637590581E+05  0.00000000000000E+00  0.00000000000000E+00  0.00000000000000E+00  0.35641224646984E+04 -0.20963168735276E+04 -0.78539349918748E+04
   0.69910260129539E+06 -0.19168441406774E+06  0.32474558781966E+05  0.22568897771499E+06 -0.44639990983924E+05  0.20586142954779E+05  0.31922705921423E+05  0.23477526691483E+06 -0.45462928396933E+05 -0.11463216640995E+05  0.18497236971536E+04 -0.88638019499904E+03 -0.88506093699393E+02  0.67294209133194E+01 -0.13159212998394E+04  0.13494402830262E+03 -0.14609083101713E+04 -0.75847625601325E+03 -0.24547889258971E+07 -0.51480139859699E+03 -0.85047877765127E+05  0.28927729802251E+05  0.78597970977595E+05  0.36669420896512E+06  0.24960019997752E+03 -0.25775071142306E+05 -0.63203440042189E+01  0.37511608755261E+05 -0.45789536556525E+06  0.00000000000000E+00 -0.21651274400099E+04  0.00000000000000E+00  0.15965815181253E+05 -0.75349301733037E+05  0.00000000000000E+00  0.00000000000000E+00  0.00000000000000E+00  0.18992323943958E+05  0.15459220323535E+04 -0.28426071540120E+05
  -0.12766246523238E+06  0.16602016203528E+05 -0.54233140954236E+04 -0.12739350769346E+05  0.19938372024600E+04 -0.28820778833937E+04 -0.25492109814772E+04 -0.60260316518887E+05  0.11340469652116E+05  0.27201471783478E+04 -0.48268197841283E+03 -0.11597332103641E+04 -0.17167979056626E+03  0.70927222970274E-01 -0.26891845220339E+04  0.49835627982940E+03 -0.25302613026547E+04 -0.17848937685406E+04  0.35636323341304E+05  0.00000000000000E+00  0.00000000000000E+00 -0.51464737068933E+02 -0.16019159226229E+03  0.24960019997752E+03  0.11641639910815E+06  0.00000000000000E+00  0.00000000000000E+00  0.00000000000000E+00  0.00000000000000E+00  0.00000000000000E+00  0.00000000000000E+00  0.00000000000000E+00  0.00000000000000E+00  0.00000000000000E+00  0.00000000000000E+00  0.00000000000000E+00  0.00000000000000E+00  0.00000000000000E+00  0.00000000000000E+00  0.00000000000000E+00
  -0.54179592153369E+05  0.82148955379601E+04 -0.23142760226969E+04 -0.21120484722539E+05  0.33608894568029E+04 -0.44192917427447E+04 -0.39968908180160E+04 -0.48504037817875E+05  0.10763730194458E+05  0.18853134312069E+04 -0.36462303671461E+03 -0.16698438868329E-10  0.83294061844600E-12  0.31142922832196E-12 -0.17620761191894E+04  0.31210503414941E+03 -0.16394255884250E+04 -0.11223658687064E+04  0.79397235762914E+05 -0.23452326095039E+02  0.46060196235909E+04 -0.20068390724513E+04 -0.50046645580980E+04 -0.25775071142306E+05  0.00000000000000E+00  0.64676981198214E+05  0.00000000000000E+00  0.00000000000000E+00  0.00000000000000E+00  0.00000000000000E+00  0.00000000000000E+00  0.00000000000000E+00  0.00000000000000E+00  0.00000000000000E+00  0.00000000000000E+00  0.00000000000000E+00  0.00000000000000E+00  0.00000000000000E+00  0.00000000000000E+00  0.00000000000000E+00
  -0.45157049208146E+04 -0.23229435970130E+03  0.45945041010922E+02 -0.59936918162261E+02 -0.56583125696180E+02  0.16369947356439E+03  0.14194896562465E+03 -0.67159376422363E+05  0.24198050923277E+05  0.72873538041410E+03 -0.34181236877883E+03 -0.74466582518050E+03 -0.28884939028126E+02 -0.62449590220288E+01 -0.24738240299223E+04  0.28630574100940E+03 -0.25163523362734E+04 -0.12607880739492E+04 -0.12385224982318E+04  0.00000000000000E+00  0.00000000000000E+00  0.26105551258637E+01 -0.45350130045111E+02 -0.63203440042189E+01  0.00000000000000E+00  0.00000000000000E+00  0.30709300299154E+05  0.00000000000000E+00  0.00000000000000E+00  0.00000000000000E+00  0.00000000000000E+00  0.00000000000000E+00  0.00000000000000E+00  0.00000000000000E+00  0.00000000000000E+00  0.00000000000000E+00  0.00000000000000E+00  0.00000000000000E+00  0.00000000000000E+00  0.00000000000000E+00
  -0.84268731530356E+06  0.20958265075018E+06 -0.38011593237239E+05 -0.65721706845754E+05  0.11867407791360E+05 -0.89841752907048E+04 -0.10230578691588E+05 -0.28118852281706E+06  0.65503659634234E+05  0.10898538349697E+05 -0.20711477657133E+04 -0.51582714391691E+04 -0.60853611734698E+03 -0.83279551553391E+00  0.19726941455015E+04 -0.16066999429794E+03  0.21481212221679E+04  0.10042457155945E+04  0.59358581557054E+06  0.00000000000000E+00  0.00000000000000E+00  0.52619335207728E+03 -0.65483165510271E+04  0.37511608755261E+05  0.00000000000000E+00  0.00000000000000E+00  0.00000000000000E+00  0.57846710546558E+06  0.00000000000000E+00  0.00000000000000E+00  0.00000000000000E+00  0.00000000000000E+00  0.00000000000000E+00  0.00000000000000E+00  0.00000000000000E+00  0.00000000000000E+00  0.00000000000000E+00  0.00000000000000E+00  0.00000000000000E+00  0.00000000000000E+00
  -0.10921008862699E+07  0.26428510505568E+06 -0.49446993833223E+05 -0.34078505302187E+06  0.62683375832700E+05 -0.44361116667996E+05 -0.53401190815842E+05 -0.55777950093178E+06  0.12576370170467E+06  0.22803462504147E+05 -0.41610457086142E+04 -0.14091212164273E-10 -0.15551861711548E-10 -0.88693420029578E-13  0.42735165951715E+04 -0.48862600432463E+03  0.44886201463682E+04  0.24508350782050E+04  0.28970400852763E+07  0.46688248985954E+03  0.10451690998884E+06 -0.39751084658505E+05 -0.10976152678274E+06 -0.45789536556525E+06  0.00000000000000E+00  0.00000000000000E+00  0.00000000000000E+00  0.00000000000000E+00  0.91972740388011E+06  0.00000000000000E+00  0.00000000000000E+00  0.00000000000000E+00  0.00000000000000E+00  0.00000000000000E+00  0.00000000000000E+00  0.00000000000000E+00  0.00000000000000E+00  0.00000000000000E+00  0.00000000000000E+00  0.00000000000000E+00
  -0.20679399376772E+05  0.58124141041663E+04 -0.97672001114719E+03 -0.14028378171735E+04  0.33367556140086E+03  0.29581657865506E+01 -0.16944308521552E+03 -0.72720575197458E+05  0.23169281559742E+05  0.15240560152584E+04 -0.44288324289634E+03 -0.24605303735332E+04 -0.15369778775360E+03 -0.35051205322299E+01 -0.15254479106647E+04  0.15875143147776E+03 -0.12933550871093E+04 -0.65258266850896E+03  0.18474165108969E+05  0.00000000000000E+00  0.00000000000000E+00  0.00000000000000E+00  0.00000000000000E+00  0.00000000000000E+00  0.00000000000000E+00  0.00000000000000E+00  0.00000000000000E+00  0.00000000000000E+00  0.00000000000000E+00  0.14747731143261E+05  0.00000000000000E+00  0.00000000000000E+00  0.00000000000000E+00  0.00000000000000E+00  0.00000000000000E+00  0.00000000000000E+00  0.00000000000000E+00  0.00000000000000E+00  0.00000000000000E+00  0.00000000000000E+00
  -0.46676518680334E+05  0.13271321176037E+05 -0.22141586546188E+04 -0.24947555977929E+04  0.57345101447605E+03 -0.26151971666022E+02 -0.29187663902074E+03 -0.16293207759432E+06  0.52001681153390E+05  0.33476932432085E+04 -0.99263332465187E+03 -0.74745179231192E+02 -0.19763084539048E+02 -0.19462204796806E-04 -0.29842084618696E+04  0.30953452404143E+03 -0.25399788488479E+04 -0.12829906445832E+04  0.33190741236260E+05 -0.78304266199892E+01 -0.10399893660556E+04 -0.16522794415762E+03 -0.40916053332305E+03 -0.21651274400099E+04  0.00000000000000E+00  0.00000000000000E+00  0.00000000000000E+00  0.00000000000000E+00  0.00000000000000E+00  0.00000000000000E+00  0.31945137818244E+05  0.00000000000000E+00  0.00000000000000E+00  0.00000000000000E+00  0.00000000000000E+00  0.00000000000000E+00  0.00000000000000E+00  0.00000000000000E+00  0.00000000000000E+00  0.00000000000000E+00
  -0.30951256956408E+04  0.42108406303013E+03 -0.11624121557942E+03 -0.72706043445689E+02  0.93623807819809E+01 -0.19857519906489E+02 -0.13888410652837E+02 -0.13276421920503E+04  0.17778480288689E+03  0.42916349802085E+02 -0.11113964896180E+02 -0.81438988312800E+02 -0.65731679301547E+01 -0.14436834677509E+00 -0.72153210716387E+03  0.80131361350504E+02 -0.60726003506061E+03 -0.33329396777829E+03  0.23618576744385E+03  0.00000000000000E+00  0.00000000000000E+00  0.00000000000000E+00  0.00000000000000E+00  0.00000000000000E+00  0.00000000000000E+00  0.00000000000000E+00  0.00000000000000E+00  0.00000000000000E+00  0.00000000000000E+00  0.00000000000000E+00  0.00000000000000E+00  0.37859062314340E+04  0.00000000000000E+00  0.00000000000000E+00  0.00000000000000E+00  0.00000000000000E+00  0.00000000000000E+00  0.00000000000000E+00  0.00000000000000E+00  0.00000000000000E+00
  -0.19946480104894E+06  0.63569366497582E+05 -0.96353039718723E+04 -0.11730146316057E+05  0.29425942793599E+04  0.39678513224595E+03 -0.10540798698308E+04 -0.56687668817306E+04  0.61521057737419E+03  0.57064133755926E+03 -0.49058187666323E+02 -0.22753078839747E+00 -0.16403496483912E+00  0.91547156376073E-13  0.24512795951548E+03 -0.65849927406675E+02  0.63170535736683E+02  0.97475977908824E+02  0.19299701327138E+06  0.00000000000000E+00  0.00000000000000E+00  0.22676016549246E+04  0.31412703602027E+04  0.15965815181253E+05  0.00000000000000E+00  0.00000000000000E+00  0.00000000000000E+00  0.00000000000000E+00  0.00000000000000E+00  0.00000000000000E+00  0.00000000000000E+00  0.00000000000000E+00  0.10575710960936E+06  0.00000000000000E+00  0.00000000000000E+00  0.00000000000000E+00  0.00000000000000E+00  0.00000000000000E+00  0.00000000000000E+00  0.00000000000000E+00
  -0.22553235842384E+06  0.71322627781028E+05 -0.10865197143427E+05 -0.52627246310561E+05  0.13002899207621E+05  0.14097186672305E+04 -0.48942324145993E+04 -0.11148542619649E+05  0.12445186691917E+04  0.10842427347850E+04 -0.96293102302606E+02  0.70800672538569E-10  0.47242121234261E-11  0.98686262743411E-13  0.43966491142613E+03 -0.11650715524620E+03  0.12620698812044E+03  0.18169830533237E+03  0.84357921706316E+06  0.22861334847025E+03  0.20777870843885E+05 -0.44656815756168E+04 -0.14270637590581E+05 -0.75349301733037E+05  0.00000000000000E+00  0.00000000000000E+00  0.00000000000000E+00  0.00000000000000E+00  0.00000000000000E+00  0.00000000000000E+00  0.00000000000000E+00  0.00000000000000E+00  0.00000000000000E+00  0.13909929923233E+06  0.00000000000000E+00  0.00000000000000E+00  0.00000000000000E+00  0.00000000000000E+00  0.00000000000000E+00  0.00000000000000E+00
  -0.90421961421185E+04  0.24456107902912E+04 -0.41915302753253E+03 -0.24786184047309E+04  0.47287923757418E+03 -0.27022393718439E+03 -0.37386832303862E+03  0.19409398008150E+03 -0.12354009737291E+04  0.13107279830634E+03 -0.14502808315852E+02 -0.17935667964061E+01 -0.18965150624595E+00 -0.17481681559719E-02 -0.28610261177367E+04  0.43808640443656E+03 -0.25507322292661E+04 -0.16421631224971E+04  0.25724585593878E+05  0.00000000000000E+00  0.00000000000000E+00  0.00000000000000E+00  0.00000000000000E+00  0.00000000000000E+00  0.00000000000000E+00  0.00000000000000E+00  0.00000000000000E+00  0.00000000000000E+00  0.00000000000000E+00  0.00000000000000E+00  0.00000000000000E+00  0.00000000000000E+00  0.00000000000000E+00  0.00000000000000E+00  0.82463742693897E+04  0.00000000000000E+00  0.00000000000000E+00  0.00000000000000E+00  0.00000000000000E+00  0.00000000000000E+00
  -0.32018668228420E+04  0.77663615971513E+03 -0.14604896366727E+03 -0.96691166104452E+03  0.17561944659564E+03 -0.13744028928886E+03 -0.15800926551934E+03  0.22457301994969E+03 -0.68729231684096E+03  0.58558217774182E+02 -0.68577192267878E+01 -0.77197180547181E+00 -0.73847576422238E-01 -0.96270906650359E-03 -0.15210240079042E+04  0.21674452578407E+03 -0.13828557441148E+04 -0.85382139392461E+03  0.81209774831826E+04  0.00000000000000E+00  0.00000000000000E+00  0.00000000000000E+00  0.00000000000000E+00  0.00000000000000E+00  0.00000000000000E+00  0.00000000000000E+00  0.00000000000000E+00  0.00000000000000E+00  0.00000000000000E+00  0.00000000000000E+00  0.00000000000000E+00  0.00000000000000E+00  0.00000000000000E+00  0.00000000000000E+00  0.00000000000000E+00  0.42341620741280E+04  0.00000000000000E+00  0.00000000000000E+00  0.00000000000000E+00  0.00000000000000E+00
  -0.15451351965157E+05 -0.23399596920279E+04  0.32228267320129E+02 -0.94526090116231E+04  0.34044393123470E+03 -0.31218790967970E+04 -0.13151067642586E+04 -0.26279577794101E+06  0.11172546749870E+06  0.30856913969157E+04 -0.11577907488930E+04  0.29473566260974E+03  0.29468759859793E+02 -0.16354865641905E+01 -0.23427847126925E+04 -0.30646477228809E+03  0.11721714848824E+04  0.13563053017926E+04 -0.19652336024817E+05  0.00000000000000E+00  0.00000000000000E+00  0.00000000000000E+00  0.00000000000000E+00  0.00000000000000E+00  0.00000000000000E+00  0.00000000000000E+00  0.00000000000000E+00  0.00000000000000E+00  0.00000000000000E+00  0.00000000000000E+00  0.00000000000000E+00  0.00000000000000E+00  0.00000000000000E+00  0.00000000000000E+00  0.00000000000000E+00  0.00000000000000E+00  0.12430122524638E+06  0.00000000000000E+00  0.00000000000000E+00  0.00000000000000E+00
   0.16645290681224E+05 -0.22384384954540E+04  0.70901855341996E+03 -0.15720901024435E+05  0.24989654091709E+04 -0.34653924077671E+04 -0.32392232535536E+04 -0.86208003695011E+04  0.15861004752926E+04  0.43995102923190E+03 -0.68972345972310E+02  0.32129507029105E+03  0.72161144671377E+02  0.57581215040329E-04  0.19025845964547E+03 -0.34209094369900E+02  0.21468127942285E+03  0.15181532093831E+03  0.46607998835790E+05  0.98901637586506E+01 -0.38268514311628E+04  0.14288625428687E+04  0.35641224646984E+04  0.18992323943958E+05  0.00000000000000E+00  0.00000000000000E+00  0.00000000000000E+00  0.00000000000000E+00  0.00000000000000E+00  0.00000000000000E+00  0.00000000000000E+00  0.00000000000000E+00  0.00000000000000E+00  0.00000000000000E+00  0.00000000000000E+00  0.00000000000000E+00  0.00000000000000E+00  0.39310107193302E+05  0.00000000000000E+00  0.00000000000000E+00
  -0.71084179523623E+05  0.85584189989083E+04 -0.25162300583718E+04 -0.71635220824654E+04  0.81389433165714E+03 -0.18942551088438E+04 -0.11707762547000E+04 -0.13720670929723E+06  0.44230473034727E+05  0.27808379029095E+04 -0.83364259870066E+03 -0.28058177382298E+04 -0.20164001109883E+03 -0.32989932436019E+01 -0.87686802174025E+03  0.24804705272965E+03 -0.15885085353740E+04 -0.11093354178124E+04  0.21560335425180E+05  0.00000000000000E+00  0.00000000000000E+00 -0.38406063721403E+03 -0.20963168735276E+04  0.15459220323535E+04  0.00000000000000E+00  0.00000000000000E+00  0.00000000000000E+00  0.00000000000000E+00  0.00000000000000E+00  0.00000000000000E+00  0.00000000000000E+00  0.00000000000000E+00  0.00000000000000E+00  0.00000000000000E+00  0.00000000000000E+00  0.00000000000000E+00  0.00000000000000E+00  0.00000000000000E+00  0.95039760042455E+05  0.00000000000000E+00
  -0.56104760837972E+05  0.71841764004104E+04 -0.20401826685812E+04 -0.21231315878925E+05  0.25050990566384E+04 -0.54645185866833E+04 -0.34918121283285E+04 -0.17038650552281E+06  0.54381246543422E+05  0.35393161336732E+04 -0.10434559444511E+04  0.21518207025761E-10  0.85040621661302E-12  0.49148771096906E-12 -0.98815347699201E+03  0.27811876900596E+03 -0.17655700034914E+04 -0.12336821283451E+04  0.66528306040958E+05 -0.25162249826338E+02  0.37861089638283E+04 -0.26930849301059E+04 -0.78539349918748E+04 -0.28426071540120E+05  0.00000000000000E+00  0.00000000000000E+00  0.00000000000000E+00  0.00000000000000E+00  0.00000000000000E+00  0.00000000000000E+00  0.00000000000000E+00  0.00000000000000E+00  0.00000000000000E+00  0.00000000000000E+00  0.00000000000000E+00  0.00000000000000E+00  0.00000000000000E+00  0.00000000000000E+00  0.00000000000000E+00  0.99759217387266E+05

 # Covariance matrix (Bevington epsilon)
