 Correlated errors added in quadrature with statistical errors
 jl00106F2p           DIS data with   1.69< Q2 < 0.500D+03 and 0.000 < xB < 1.000 and   3.00< W2 < 0.100D+04 and 0.000 < y < 1.000
   GP TMC applied
   HT corrections, multiplicative C=C(xB)
 Correlated errors added in quadrature with statistical errors
 jl00106F2d           DIS data with   1.69< Q2 < 0.500D+03 and 0.000 < xB < 1.000 and   3.00< W2 < 0.100D+04 and 0.000 < y < 1.000
   WBArel smearing  (AV18) - KP-like (baryon conserv.)0 nuke corrections
   GP TMC applied
   HT corrections, multiplicative C=C(xB)
 Correlated errors added in quadrature with statistical errors
 HerF2pCut            DIS data with   1.69< Q2 < 0.500D+03 and 0.000 < xB < 1.000 and   3.00< W2 < 0.100D+04 and 0.000 < y < 1.000
   GP TMC applied
   HT corrections, multiplicative C=C(xB)
 Correlated errors added in quadrature with statistical errors
 HerF2dCut            DIS data with   1.69< Q2 < 0.500D+03 and 0.000 < xB < 1.000 and   3.00< W2 < 0.100D+04 and 0.000 < y < 1.000
   WBArel smearing  (AV18) - KP-like (baryon conserv.)0 nuke corrections
   GP TMC applied
   HT corrections, multiplicative C=C(xB)
 Correlated errors added in quadrature with statistical errors
 slac_p               DIS data with   1.69< Q2 < 0.500D+03 and 0.000 < xB < 1.000 and   3.00< W2 < 0.100D+04 and 0.000 < y < 1.000
   GP TMC applied
   HT corrections, multiplicative C=C(xB)
 Correlated errors added in quadrature with statistical errors
 slac_d               DIS data with   1.69< Q2 < 0.500D+03 and 0.000 < xB < 1.000 and   3.00< W2 < 0.100D+04 and 0.000 < y < 1.000
   WBArel smearing  (AV18) - KP-like (baryon conserv.)0 nuke corrections
   GP TMC applied
   HT corrections, multiplicative C=C(xB)
 Correlated errors treated separately from statistical errors
 BcdF2pCor            DIS data with   1.69< Q2 < 0.500D+03 and 0.000 < xB < 1.000 and   3.00< W2 < 0.100D+04 and 0.000 < y < 1.000
   GP TMC applied
   HT corrections, multiplicative C=C(xB)
 Correlated errors treated separately from statistical errors
 BcdF2dCor            DIS data with   1.69< Q2 < 0.500D+03 and 0.000 < xB < 1.000 and   3.00< W2 < 0.100D+04 and 0.000 < y < 1.000
   WBArel smearing  (AV18) - KP-like (baryon conserv.)0 nuke corrections
   GP TMC applied
   HT corrections, multiplicative C=C(xB)
 Correlated errors treated separately from statistical errors
 NmcF2pCor            DIS data with   1.69< Q2 < 0.500D+03 and 0.000 < xB < 1.000 and   3.00< W2 < 0.100D+04 and 0.000 < y < 1.000
   GP TMC applied
   HT corrections, multiplicative C=C(xB)
 Correlated errors treated separately from statistical errors
 NmcRatCor            DIS data with   1.69< Q2 < 0.500D+03 and 0.000 < xB < 1.000 and   3.00< W2 < 0.100D+04 and 0.000 < y < 1.000
   WBArel smearing  (AV18) - KP-like (baryon conserv.)0 nuke corrections
   GP TMC applied
   HT corrections, multiplicative C=C(xB)
 Correlated errors treated separately from statistical errors
 H2_NC_em             DIS data with   1.69< Q2 < 0.100D+06 and 0.000 < xB < 1.000 and   3.00< W2 < 0.100D+08 and 0.000 < y < 1.000
   GP TMC applied
   HT corrections, multiplicative C=C(xB)
 Correlated errors treated separately from statistical errors
 H2_NC_ep_1           DIS data with   1.69< Q2 < 0.100D+06 and 0.000 < xB < 1.000 and   3.00< W2 < 0.100D+08 and 0.000 < y < 1.000
   GP TMC applied
   HT corrections, multiplicative C=C(xB)
 Correlated errors treated separately from statistical errors
 H2_NC_ep_2           DIS data with   1.69< Q2 < 0.100D+06 and 0.000 < xB < 1.000 and   3.00< W2 < 0.100D+08 and 0.000 < y < 1.000
   GP TMC applied
   HT corrections, multiplicative C=C(xB)
 Correlated errors treated separately from statistical errors
 H2_NC_ep_3           DIS data with   1.69< Q2 < 0.100D+06 and 0.000 < xB < 1.000 and   3.00< W2 < 0.100D+08 and 0.000 < y < 1.000
   GP TMC applied
   HT corrections, multiplicative C=C(xB)
 Correlated errors treated separately from statistical errors
 H2_NC_ep_4           DIS data with   1.69< Q2 < 0.100D+06 and 0.000 < xB < 1.000 and   3.00< W2 < 0.100D+08 and 0.000 < y < 1.000
   GP TMC applied
   HT corrections, multiplicative C=C(xB)
 Correlated errors treated separately from statistical errors
 H2_CC_em             DIS data with   1.69< Q2 < 0.100D+06 and 0.000 < xB < 1.000 and   3.00< W2 < 0.100D+08 and 0.000 < y < 1.000
   GP TMC applied
   HT corrections, multiplicative C=C(xB)
 Correlated errors treated separately from statistical errors
 H2_CC_ep             DIS data with   1.69< Q2 < 0.100D+06 and 0.000 < xB < 1.000 and   3.00< W2 < 0.100D+08 and 0.000 < y < 1.000
   GP TMC applied
   HT corrections, multiplicative C=C(xB)
 Correlated errors added in quadrature with statistical errors
 BNS_F2nd             DIS data with   1.69< Q2 < 0.100D+06 and 0.000 < xB < 1.000 and   3.00< W2 < 0.100D+08 and 0.000 < y < 1.000
   WBArel smearing  (AV18) - KP-like (baryon conserv.)0 nuke corrections
   GP TMC applied
   HT corrections, multiplicative C=C(xB)
 Correlated errors added in quadrature with statistical errors
 e866pp06xf           vector boson data with Q2 >=  36.00
 Correlated errors added in quadrature with statistical errors
 e866pd06xf           vector boson data with Q2 >=  36.00
 Correlated errors added in quadrature with statistical errors
 cdfLasy05            vector boson data with Q2 >=   0.00
 Correlated errors added in quadrature with statistical errors
 d0Lasy_e15           vector boson data with Q2 >=   0.00
 Correlated errors added in quadrature with statistical errors
 d0Lasy13             vector boson data with Q2 >=   0.00
 Correlated errors added in quadrature with statistical errors
 CDF_Wasy             vector boson data with Q2 >=   0.00
 Correlated errors added in quadrature with statistical errors
 D0_Wasy              vector boson data with Q2 >=   0.00
 Correlated errors added in quadrature with statistical errors
 CDF_Z                vector boson data with Q2 >=   0.00
 Correlated errors added in quadrature with statistical errors
 D0_Z                 vector boson data with Q2 >=   0.00
 Correlated errors added in quadrature with statistical errors
 d0run2cone          Jet data - errors added in quadrature
 Correlated errors added in quadrature with statistical errors
 CDFrun2jet          Jet data - errors added in quadrature
 Correlated errors added in quadrature with statistical errors
 d0_gamjet1           Photon data -- cuts to be written yet ...
 Correlated errors added in quadrature with statistical errors
 d0_gamjet2           Photon data -- cuts to be written yet ...
 Correlated errors added in quadrature with statistical errors
 d0_gamjet3           Photon data -- cuts to be written yet ...
 Correlated errors added in quadrature with statistical errors
 d0_gamjet4           Photon data -- cuts to be written yet ...

# fitpack15: fit output
# CJ15 AV18 final data choices                                                 

Parametrization   7 used here

 S-ACOT scheme used  for NC DIS

 charm mass =     1.30 GeV     bottom mass =     4.50 GeV



 THIS IS A NEXT TO LEADING ORDER FIT

 Q02=    1.69
         1  LAMBDA      VALUE=   0.22680      WEIGHT=    0.0000    
         2  a0uv        VALUE=    2.4073      WEIGHT=    0.0000    
         3  a1uv        VALUE=   0.61535      WEIGHT=   0.19856E-01
         4  a2uv        VALUE=    3.5448      WEIGHT=   0.12414E-01
         5  a3uv        VALUE=    0.0000      WEIGHT=    0.0000    
         6  a4uv        VALUE=    3.4607      WEIGHT=   0.42903    
         7  a5uv        VALUE=    0.0000      WEIGHT=    0.0000    
         8  a0dv        VALUE=    24.720      WEIGHT=    0.0000    
         9  a1dv        VALUE=    1.1596      WEIGHT=   0.33533E-01
        10  a2dv        VALUE=    6.5507      WEIGHT=   0.15936    
        11  a3dv        VALUE=   -3.5043      WEIGHT=   0.86332E-01
        12  a4dv        VALUE=    4.6785      WEIGHT=   0.14209    
        13  a5dv        VALUE=    0.0000      WEIGHT=    0.0000    
        14  a0ud        VALUE=   0.14712      WEIGHT=   0.50348E-02
        15  a1ud        VALUE=  -0.20735      WEIGHT=   0.37551E-02
        16  a2ud        VALUE=    8.3290      WEIGHT=   0.19114    
        17  a3ud        VALUE=    0.0000      WEIGHT=    0.0000    
        18  a4ud        VALUE=    14.606      WEIGHT=    1.2151    
        19  a5ud        VALUE=    0.0000      WEIGHT=    0.0000    
        20  a0du        VALUE=    35712.      WEIGHT=    0.0000    
        21  a1du        VALUE=    4.0275      WEIGHT=   0.74070E-01
        22  a2du        VALUE=    20.154      WEIGHT=   0.87862    
        23  a3du        VALUE=    17.000      WEIGHT=    0.0000    
        24  a4du        VALUE=    51.156      WEIGHT=    10.239    
        25  a0g         VALUE=    45.564      WEIGHT=    0.0000    
        26  a1g         VALUE=   0.60294      WEIGHT=   0.31164E-01
        27  a2g         VALUE=    6.4814      WEIGHT=   0.96748    
        28  a3g         VALUE=   -3.3070      WEIGHT=   0.13418    
        29  a4g         VALUE=    3.1714      WEIGHT=   0.31376    
        30  a5g         VALUE=    0.0000      WEIGHT=    0.0000    
        31  kappa       VALUE=   0.40000      WEIGHT=    0.0000    
        32  a6dv        VALUE=  -0.35177E-02  WEIGHT=   0.66324E-03
        33  a7dv        VALUE=    2.0000      WEIGHT=    0.0000    
        34  off1        VALUE=   -3.6735      WEIGHT=    1.5278    
        35  off2        VALUE=   0.46522E-01  WEIGHT=   0.14842E-01
        36  ht1         VALUE=   -3.2884      WEIGHT=   0.26061    
        37  ht2         VALUE=    1.9251      WEIGHT=   0.10524    
        38  ht3         VALUE=   -2.0809      WEIGHT=   0.19888E-01
        39  ht4         VALUE=    0.0000      WEIGHT=    0.0000    
        40  dummy40     VALUE=    0.0000      WEIGHT=    0.0000    
        41  dummy41     VALUE=    0.0000      WEIGHT=    0.0000    
        42  dummy42     VALUE=    0.0000      WEIGHT=    0.0000    
        43  dummy43     VALUE=    0.0000      WEIGHT=    0.0000    
        44  dummy44     VALUE=    0.0000      WEIGHT=    0.0000    
        45  dummy45     VALUE=    0.0000      WEIGHT=    0.0000    
        46  dummy46     VALUE=    0.0000      WEIGHT=    0.0000    
        47  dummy47     VALUE=    0.0000      WEIGHT=    0.0000    
        48  dummy48     VALUE=    0.0000      WEIGHT=    0.0000    
        49  dummy49     VALUE=    0.0000      WEIGHT=    0.0000    
        50  bcdmsh2     VALUE=   0.97307      WEIGHT=   0.48289E-02
        51  bcdmsd2     VALUE=   0.99317      WEIGHT=   0.58269E-02
        52  ccfr        VALUE=    1.0000      WEIGHT=    0.0000    
        53  nutev       VALUE=    1.0000      WEIGHT=    0.0000    
        54  zeus        VALUE=   0.97998      WEIGHT=    0.0000    
        55  h1          VALUE=    1.0162      WEIGHT=    0.0000    
        56  e605        VALUE=    1.0319      WEIGHT=    0.0000    
        57  NmcH2       VALUE=    1.0095      WEIGHT=   0.71247E-02
        58  ntv_nu      VALUE=    1.0000      WEIGHT=    0.0000    
        59  ntv_nubar   VALUE=    1.0000      WEIGHT=    0.0000    
        60  cdf_jet     VALUE=   0.98910      WEIGHT=    0.0000    
        61  d0_jet      VALUE=   0.83504      WEIGHT=    0.0000    
        62  slac_p      VALUE=    1.0049      WEIGHT=   0.48124E-02
        63  slac_d      VALUE=    1.0042      WEIGHT=   0.52781E-02
        64  e866pp      VALUE=   0.96586      WEIGHT=   0.19263E-01
        65  e866pd      VALUE=   0.96369      WEIGHT=   0.15783E-01
        66  d0_gamjet   VALUE=    1.0389      WEIGHT=   0.16474E-01
        67  h1b         VALUE=   0.97608      WEIGHT=    0.0000    
        68  jlab_p      VALUE=   0.99446      WEIGHT=   0.57943E-02
        69  jlab_d      VALUE=   0.97557      WEIGHT=   0.59019E-02
        70  blank       VALUE=    1.0000      WEIGHT=    0.0000    
        71  d0run2      VALUE=   0.94087      WEIGHT=   0.14167E-01
        72  cdfrun2     VALUE=   0.92649      WEIGHT=   0.17233E-01
        73  HERA_el     VALUE=    1.0000      WEIGHT=    0.0000    
        74  HERA_ps     VALUE=    1.0000      WEIGHT=    0.0000    
        75  CDF_Z       VALUE=   0.96581      WEIGHT=   0.64944E-02
        76  NmcRat      VALUE=    1.0000      WEIGHT=    0.0000    
        77  BNS_F2nd    VALUE=   0.98310      WEIGHT=   0.68314E-02
        78  HERMES_F2p  VALUE=   0.99832      WEIGHT=   0.55693E-02
        79  HERMES_F2d  VALUE=   0.98039      WEIGHT=   0.58259E-02
0THE TOLERANCE IS    0.1000
 THE MAXIMUM NUMBER OF STEPS IS 100
0THE INITIAL CHI SQUARED IS  4.70754E+03
0  STEP  CHI SQUARED    PARAMETER      VALUE         ERROR
 ------------------------------------------------------------
     1    4.70635E+03
                       1  LAMBDA     2.2680E-01       FIX 
                       2  a0uv       2.4061E+00       FIX 
                       3  a1uv       6.1524E-01           
                       4  a2uv       3.5444E+00           
                       5  a3uv       0.0000E+00       FIX 
                       6  a4uv       3.4622E+00           
                       7  a5uv       0.0000E+00       FIX 
                       8  a0dv       2.4701E+01       FIX 
                       9  a1dv       1.1596E+00           
                      10  a2dv       6.5528E+00           
                      11  a3dv      -3.5031E+00           
                      12  a4dv       4.6781E+00           
                      13  a5dv       0.0000E+00       FIX 
                      14  a0ud       1.4699E-01           
                      15  a1ud      -2.0743E-01           
                      16  a2ud       8.3297E+00           
                      17  a3ud       0.0000E+00       FIX 
                      18  a4ud       1.4581E+01           
                      19  a5ud       0.0000E+00       FIX 
                      20  a0du       3.5712E+04       FIX 
                      21  a1du       4.0239E+00           
                      22  a2du       2.0159E+01           
                      23  a3du       1.7000E+01       FIX 
                      24  a4du       5.0488E+01           
                      25  a0g        4.5488E+01       FIX 
                      26  a1g        6.0287E-01           
                      27  a2g        6.4749E+00           
                      28  a3g       -3.3074E+00           
                      29  a4g        3.1740E+00           
                      30  a5g        0.0000E+00       FIX 
                      31  kappa      4.0000E-01       FIX 
                      32  a6dv      -3.5754E-03           
                      33  a7dv       2.0000E+00       FIX 
                      34  off1      -3.6439E+00           
                      35  off2       5.1509E-02           
                      36  ht1       -3.2920E+00           
                      37  ht2        1.9255E+00           
                      38  ht3       -2.0800E+00           
                      39  ht4        0.0000E+00       FIX 
                      40  dummy40    0.0000E+00       FIX 
                      41  dummy41    0.0000E+00       FIX 
                      42  dummy42    0.0000E+00       FIX 
                      43  dummy43    0.0000E+00       FIX 
                      44  dummy44    0.0000E+00       FIX 
                      45  dummy45    0.0000E+00       FIX 
                      46  dummy46    0.0000E+00       FIX 
                      47  dummy47    0.0000E+00       FIX 
                      48  dummy48    0.0000E+00       FIX 
                      49  dummy49    0.0000E+00       FIX 
                      50  bcdmsh2    9.7290E-01           
                      51  bcdmsd2    9.9314E-01           
                      52  ccfr       1.0000E+00       FIX 
                      53  nutev      1.0000E+00       FIX 
                      54  zeus       9.7998E-01       FIX 
                      55  h1         1.0162E+00       FIX 
                      56  e605       1.0319E+00       FIX 
                      57  NmcH2      1.0097E+00           
                      58  ntv_nu     1.0000E+00       FIX 
                      59  ntv_nuba   1.0000E+00       FIX 
                      60  cdf_jet    9.8910E-01       FIX 
                      61  d0_jet     8.3504E-01       FIX 
                      62  slac_p     1.0051E+00           
                      63  slac_d     1.0045E+00           
                      64  e866pp     9.6564E-01           
                      65  e866pd     9.6365E-01           
                      66  d0_gamje   1.0388E+00           
                      67  h1b        9.7608E-01       FIX 
                      68  jlab_p     9.9520E-01           
                      69  jlab_d     9.7646E-01           
                      70  blank      1.0000E+00       FIX 
                      71  d0run2     9.4051E-01           
                      72  cdfrun2    9.2631E-01           
                      73  HERA_el    1.0000E+00       FIX 
                      74  HERA_ps    1.0000E+00       FIX 
                      75  CDF_Z      9.6607E-01           
                      76  NmcRat     1.0000E+00       FIX 
                      77  BNS_F2nd   9.8283E-01           
                      78  HERMES_F   9.9838E-01           
                      79  HERMES_F   9.8059E-01           
 ------------------------------------------------------------
     2    4.70631E+03
                       1  LAMBDA     2.2680E-01    0.0000E+00
                       2  a0uv       2.4060E+00    0.0000E+00
                       3  a1uv       6.1523E-01    1.9853E-02
                       4  a2uv       3.5443E+00    1.2411E-02
                       5  a3uv       0.0000E+00    0.0000E+00
                       6  a4uv       3.4625E+00    4.2886E-01
                       7  a5uv       0.0000E+00    0.0000E+00
                       8  a0dv       2.4699E+01    0.0000E+00
                       9  a1dv       1.1596E+00    3.3565E-02
                      10  a2dv       6.5528E+00    1.5908E-01
                      11  a3dv      -3.5030E+00    8.6064E-02
                      12  a4dv       4.6782E+00    1.4284E-01
                      13  a5dv       0.0000E+00    0.0000E+00
                      14  a0ud       1.4699E-01    5.0452E-03
                      15  a1ud      -2.0744E-01    3.7529E-03
                      16  a2ud       8.3295E+00    1.9150E-01
                      17  a3ud       0.0000E+00    0.0000E+00
                      18  a4ud       1.4580E+01    1.2241E+00
                      19  a5ud       0.0000E+00    0.0000E+00
                      20  a0du       3.5712E+04    0.0000E+00
                      21  a1du       4.0237E+00    7.5254E-02
                      22  a2du       2.0157E+01    8.7763E-01
                      23  a3du       1.7000E+01    0.0000E+00
                      24  a4du       5.0489E+01    1.0371E+01
                      25  a0g        4.5490E+01    0.0000E+00
                      26  a1g        6.0284E-01    3.1051E-02
                      27  a2g        6.4751E+00    9.5089E-01
                      28  a3g       -3.3075E+00    1.3283E-01
                      29  a4g        3.1741E+00    3.1717E-01
                      30  a5g        0.0000E+00    0.0000E+00
                      31  kappa      4.0000E-01    0.0000E+00
                      32  a6dv      -3.5841E-03    6.6795E-04
                      33  a7dv       2.0000E+00    0.0000E+00
                      34  off1      -3.6561E+00    1.5236E+00
                      35  off2       5.1527E-02    6.3653E-02
                      36  ht1       -3.2913E+00    2.5490E-01
                      37  ht2        1.9259E+00    1.0447E-01
                      38  ht3       -2.0799E+00    1.8375E-02
                      39  ht4        0.0000E+00    0.0000E+00
                      40  dummy40    0.0000E+00    0.0000E+00
                      41  dummy41    0.0000E+00    0.0000E+00
                      42  dummy42    0.0000E+00    0.0000E+00
                      43  dummy43    0.0000E+00    0.0000E+00
                      44  dummy44    0.0000E+00    0.0000E+00
                      45  dummy45    0.0000E+00    0.0000E+00
                      46  dummy46    0.0000E+00    0.0000E+00
                      47  dummy47    0.0000E+00    0.0000E+00
                      48  dummy48    0.0000E+00    0.0000E+00
                      49  dummy49    0.0000E+00    0.0000E+00
                      50  bcdmsh2    9.7291E-01    4.8176E-03
                      51  bcdmsd2    9.9311E-01    5.8310E-03
                      52  ccfr       1.0000E+00    0.0000E+00
                      53  nutev      1.0000E+00    0.0000E+00
                      54  zeus       9.7998E-01    0.0000E+00
                      55  h1         1.0162E+00    0.0000E+00
                      56  e605       1.0319E+00    0.0000E+00
                      57  NmcH2      1.0096E+00    7.1236E-03
                      58  ntv_nu     1.0000E+00    0.0000E+00
                      59  ntv_nuba   1.0000E+00    0.0000E+00
                      60  cdf_jet    9.8910E-01    0.0000E+00
                      61  d0_jet     8.3504E-01    0.0000E+00
                      62  slac_p     1.0051E+00    4.8133E-03
                      63  slac_d     1.0045E+00    5.2787E-03
                      64  e866pp     9.6557E-01    1.9260E-02
                      65  e866pd     9.6365E-01    1.5818E-02
                      66  d0_gamje   1.0388E+00    1.6479E-02
                      67  h1b        9.7608E-01    0.0000E+00
                      68  jlab_p     9.9525E-01    5.7977E-03
                      69  jlab_d     9.7647E-01    5.9144E-03
                      70  blank      1.0000E+00    0.0000E+00
                      71  d0run2     9.4057E-01    1.4117E-02
                      72  cdfrun2    9.2635E-01    1.7213E-02
                      73  HERA_el    1.0000E+00    0.0000E+00
                      74  HERA_ps    1.0000E+00    0.0000E+00
                      75  CDF_Z      9.6608E-01    6.5184E-03
                      76  NmcRat     1.0000E+00    0.0000E+00
                      77  BNS_F2nd   9.8289E-01    6.9246E-03
                      78  HERMES_F   9.9839E-01    5.5652E-03
                      79  HERMES_F   9.8057E-01    5.8222E-03
0 MINIMIZATION TERMINATED WITH STEP  2
  TOLERANCE CRITERION      SATISFIED
0 CHI SQUARED PER DEGREE OF FREEDOM IS  1.045E+00
   1.000 -0.432 -0.979  0.273 -0.019  0.158 -0.355  0.458  0.396 -0.296 -0.494 -0.175 -0.267  0.005  0.175  0.133  0.065 -0.033  0.292 -0.108  0.075  0.091 -0.239  0.159  0.325  0.250  0.154  0.310  0.274 -0.381 -0.186  0.083  0.196  0.215 -0.163 -0.132  0.434  0.131  0.268  0.238
  -0.432  1.000  0.582  0.216  0.363 -0.240  0.225 -0.177 -0.164  0.372  0.277  0.244  0.084  0.161 -0.009  0.067  0.020  0.037 -0.297  0.084  0.101 -0.545  0.370  0.299  0.093  0.058  0.031  0.002  0.038  0.208  0.019  0.008  0.117  0.126 -0.032 -0.008 -0.109 -0.182  0.047  0.051
  -0.979  0.582  1.000 -0.183  0.104 -0.197  0.368 -0.441 -0.387  0.359  0.523  0.213  0.277  0.042 -0.148 -0.092 -0.047  0.031 -0.314  0.121 -0.036 -0.167  0.271 -0.083 -0.211 -0.160 -0.090 -0.192 -0.164  0.447  0.235 -0.068 -0.084 -0.112  0.120  0.098 -0.361 -0.152 -0.164 -0.139
   0.273  0.216 -0.183  1.000  0.822 -0.630  0.004  0.149  0.101 -0.111 -0.226  0.350 -0.196  0.269  0.337  0.238 -0.215  0.235  0.210  0.144  0.240 -0.266  0.142  0.295  0.289  0.225  0.123  0.289  0.235  0.053 -0.112  0.062  0.248  0.153 -0.049 -0.049  0.157 -0.072  0.270  0.226
  -0.019  0.363  0.104  0.822  1.000 -0.881  0.529 -0.089 -0.104  0.169  0.117  0.173 -0.008  0.218  0.225  0.183 -0.216  0.227 -0.192  0.094  0.081 -0.170  0.027  0.198  0.179  0.116  0.120  0.133  0.076  0.126  0.005  0.024  0.137 -0.018 -0.020 -0.025  0.086 -0.012  0.149  0.106
   0.158 -0.240 -0.197 -0.630 -0.881  1.000 -0.733  0.272  0.263 -0.161 -0.275 -0.055 -0.006 -0.298 -0.175 -0.203  0.240 -0.274  0.074  0.054 -0.093  0.179 -0.090 -0.126 -0.081 -0.055 -0.134 -0.061 -0.035 -0.167 -0.129  0.008 -0.076  0.041 -0.007 -0.002 -0.021 -0.102 -0.096 -0.077
  -0.355  0.225  0.368  0.004  0.529 -0.733  1.000 -0.412 -0.371  0.468  0.600 -0.288  0.257  0.036 -0.062  0.039 -0.078  0.091 -0.410 -0.172 -0.166  0.034 -0.104 -0.075 -0.036 -0.042  0.111 -0.071 -0.072  0.171  0.278 -0.051 -0.022 -0.121 -0.002 -0.002  0.020  0.193 -0.028 -0.022
   0.458 -0.177 -0.441  0.149 -0.089  0.272 -0.412  1.000  0.967 -0.398 -0.780  0.073 -0.152 -0.100 -0.090 -0.048  0.190 -0.153  0.143  0.065  0.021 -0.026 -0.031  0.075  0.226  0.191  0.150  0.222  0.206 -0.085 -0.073  0.085  0.161  0.179  0.019  0.011  0.309 -0.012  0.201  0.180
   0.396 -0.164 -0.387  0.101 -0.104  0.263 -0.371  0.967  1.000 -0.352 -0.728  0.053 -0.129 -0.104 -0.197 -0.113  0.225 -0.200  0.119  0.059  0.007 -0.021 -0.025  0.056  0.175  0.148  0.126  0.164  0.151 -0.096 -0.084  0.072  0.115  0.133  0.034  0.022  0.247 -0.014  0.150  0.132
  -0.296  0.372  0.359 -0.111  0.169 -0.161  0.468 -0.398 -0.352  1.000  0.760 -0.346  0.454 -0.245 -0.080 -0.184 -0.205  0.047 -0.317  0.105 -0.332  0.124 -0.054 -0.239 -0.069 -0.029  0.025 -0.057 -0.016 -0.007  0.040 -0.027 -0.007 -0.017  0.114  0.058 -0.036 -0.111 -0.017  0.021
  -0.494  0.277  0.523 -0.226  0.117 -0.275  0.600 -0.780 -0.728  0.760  1.000 -0.312  0.352 -0.184 -0.063 -0.136 -0.127 -0.013 -0.289 -0.103 -0.353  0.184 -0.163 -0.252 -0.023 -0.009  0.072  0.018  0.047  0.279  0.403 -0.090  0.055  0.042 -0.037 -0.057  0.043  0.078  0.035  0.076
  -0.175  0.244  0.213  0.350  0.173 -0.055 -0.288  0.073  0.053 -0.346 -0.312  1.000 -0.576  0.331  0.151  0.110 -0.080  0.116  0.135  0.141  0.472 -0.276  0.301  0.313  0.019  0.039 -0.013  0.033  0.012  0.286 -0.116  0.039  0.027 -0.008  0.042  0.038 -0.218 -0.127  0.067 -0.002
  -0.267  0.084  0.277 -0.196 -0.008 -0.006  0.257 -0.152 -0.129  0.454  0.352 -0.576  1.000 -0.006 -0.191 -0.095  0.154 -0.144 -0.242  0.274 -0.105  0.118 -0.117  0.001  0.024  0.010  0.028  0.002 -0.014  0.171  0.128 -0.004 -0.006 -0.030 -0.040 -0.031 -0.040 -0.233 -0.011 -0.006
   0.005  0.161  0.042  0.269  0.218 -0.298  0.036 -0.100 -0.104 -0.245 -0.184  0.331 -0.006  1.000  0.139  0.359 -0.076  0.282  0.145  0.061  0.748 -0.308  0.326  0.484  0.130  0.074  0.143  0.108  0.035  0.191 -0.079  0.075  0.045 -0.010 -0.011  0.017 -0.240 -0.173  0.127  0.055
   0.175 -0.009 -0.148  0.337  0.225 -0.175 -0.062 -0.090 -0.197 -0.080 -0.063  0.151 -0.191  0.139  1.000  0.704 -0.685  0.801  0.130  0.017  0.134 -0.044  0.102  0.024  0.105  0.095 -0.042  0.153  0.148 -0.064 -0.093  0.040  0.117  0.117  0.007  0.026  0.053 -0.011  0.138  0.134
   0.133  0.067 -0.092  0.238  0.183 -0.203  0.039 -0.048 -0.113 -0.184 -0.136  0.110 -0.095  0.359  0.704  1.000 -0.241  0.727  0.070  0.060  0.356 -0.239  0.304  0.174  0.108  0.123  0.036  0.216  0.237 -0.001 -0.036  0.051  0.193  0.214 -0.197 -0.072  0.003 -0.028  0.178  0.201
   0.065  0.020 -0.047 -0.215 -0.216  0.240 -0.078  0.190  0.225 -0.205 -0.127 -0.080  0.154 -0.076 -0.685 -0.241  1.000 -0.821 -0.081  0.021  0.063 -0.126 -0.051  0.227  0.132  0.116  0.152  0.167  0.172  0.190  0.233 -0.010  0.172  0.184 -0.394 -0.273  0.228  0.056  0.094  0.105
  -0.033  0.037  0.031  0.235  0.227 -0.274  0.091 -0.153 -0.200  0.047 -0.013  0.116 -0.144  0.282  0.801  0.727 -0.821  1.000  0.076  0.045  0.180 -0.075  0.273 -0.077 -0.115 -0.077 -0.127 -0.086 -0.068 -0.182 -0.253  0.037 -0.085 -0.076  0.216  0.198 -0.265 -0.088 -0.043 -0.032
   0.292 -0.297 -0.314  0.210 -0.192  0.074 -0.410  0.143  0.119 -0.317 -0.289  0.135 -0.242  0.145  0.130  0.070 -0.081  0.076  1.000 -0.292  0.219 -0.232  0.238  0.147  0.089  0.111  0.028  0.140  0.181 -0.082 -0.078  0.028  0.105  0.208 -0.022 -0.014  0.061  0.016  0.128  0.143
  -0.108  0.084  0.121  0.144  0.094  0.054 -0.172  0.065  0.059  0.105 -0.103  0.141  0.274  0.061  0.017  0.060  0.021  0.045 -0.292  1.000  0.113 -0.108  0.120  0.214 -0.085  0.085 -0.087 -0.075 -0.030  0.024 -0.196  0.038 -0.015 -0.097  0.065  0.056 -0.219 -0.425 -0.088 -0.010
   0.075  0.101 -0.036  0.240  0.081 -0.093 -0.166  0.021  0.007 -0.332 -0.353  0.472 -0.105  0.748  0.134  0.356  0.063  0.180  0.219  0.113  1.000 -0.352  0.361  0.700  0.081  0.127  0.026  0.038  0.061  0.099 -0.166  0.079 -0.036 -0.009 -0.053 -0.004 -0.269 -0.210  0.052  0.080
   0.091 -0.545 -0.167 -0.266 -0.170  0.179  0.034 -0.026 -0.021  0.124  0.184 -0.276  0.118 -0.308 -0.044 -0.239 -0.126 -0.075 -0.232 -0.108 -0.352  1.000 -0.806 -0.477 -0.014 -0.054  0.032 -0.029 -0.080  0.027  0.188 -0.032 -0.190 -0.227  0.080  0.014  0.173  0.134 -0.033 -0.062
  -0.239  0.370  0.271  0.142  0.027 -0.090 -0.104 -0.031 -0.025 -0.054 -0.163  0.301 -0.117  0.326  0.102  0.304 -0.051  0.273  0.238  0.120  0.361 -0.806  1.000  0.082 -0.162 -0.080 -0.133  0.004  0.062 -0.095 -0.293  0.031  0.077  0.152  0.086  0.115 -0.393 -0.194 -0.021  0.010
   0.159  0.299 -0.083  0.295  0.198 -0.126 -0.075  0.075  0.056 -0.239 -0.252  0.313  0.001  0.484  0.024  0.174  0.227 -0.077  0.147  0.214  0.700 -0.477  0.082  1.000  0.209  0.307  0.107 -0.004  0.137  0.143 -0.033  0.060  0.031  0.129 -0.198 -0.126 -0.001 -0.255  0.066  0.162
   0.325  0.093 -0.211  0.289  0.179 -0.081 -0.036  0.226  0.175 -0.069 -0.023  0.019  0.024  0.130  0.105  0.108  0.132 -0.115  0.089 -0.085  0.081 -0.014 -0.162  0.209  1.000  0.491  0.387  0.690  0.614  0.394  0.457  0.058  0.565  0.520 -0.233 -0.206  0.572  0.099  0.595  0.551
   0.250  0.058 -0.160  0.225  0.116 -0.055 -0.042  0.191  0.148 -0.029 -0.009  0.039  0.010  0.074  0.095  0.123  0.116 -0.077  0.111  0.085  0.127 -0.054 -0.080  0.307  0.491  1.000  0.320  0.534  0.663  0.329  0.400  0.047  0.416  0.545 -0.198 -0.169  0.465 -0.054  0.485  0.577
   0.154  0.031 -0.090  0.123  0.120 -0.134  0.111  0.150  0.126  0.025  0.072 -0.013  0.028  0.143 -0.042  0.036  0.152 -0.127  0.028 -0.087  0.026  0.032 -0.133  0.107  0.387  0.320  1.000  0.437  0.409  0.345  0.410  0.030  0.347  0.336 -0.165 -0.144  0.420  0.092  0.419  0.396
   0.310  0.002 -0.192  0.289  0.133 -0.061 -0.071  0.222  0.164 -0.057  0.018  0.033  0.002  0.108  0.153  0.216  0.167 -0.086  0.140 -0.075  0.038 -0.029  0.004 -0.004  0.690  0.534  0.437  1.000  0.803  0.480  0.564  0.058  0.764  0.687 -0.284 -0.241  0.644  0.155  0.750  0.688
   0.274  0.038 -0.164  0.235  0.076 -0.035 -0.072  0.206  0.151 -0.016  0.047  0.012 -0.014  0.035  0.148  0.237  0.172 -0.068  0.181 -0.030  0.061 -0.080  0.062  0.137  0.614  0.663  0.409  0.803  1.000  0.430  0.558  0.046  0.623  0.825 -0.289 -0.236  0.618 -0.005  0.692  0.794
  -0.381  0.208  0.447  0.053  0.126 -0.167  0.171 -0.085 -0.096 -0.007  0.279  0.286  0.171  0.191 -0.064 -0.001  0.190 -0.182 -0.082  0.024  0.099  0.027 -0.095  0.143  0.394  0.329  0.345  0.480  0.430  1.000  0.687 -0.007  0.398  0.345 -0.189 -0.167  0.304  0.021  0.443  0.401
  -0.186  0.019  0.235 -0.112  0.005 -0.129  0.278 -0.073 -0.084  0.040  0.403 -0.116  0.128 -0.079 -0.093 -0.036  0.233 -0.253 -0.078 -0.196 -0.166  0.188 -0.293 -0.033  0.457  0.400  0.410  0.564  0.558  0.687  1.000 -0.037  0.468  0.467 -0.256 -0.226  0.576  0.230  0.498  0.527
   0.083  0.008 -0.068  0.062  0.024  0.008 -0.051  0.085  0.072 -0.027 -0.090  0.039 -0.004  0.075  0.040  0.051 -0.010  0.037  0.028  0.038  0.079 -0.032  0.031  0.060  0.058  0.047  0.030  0.058  0.046 -0.007 -0.037  1.000  0.041  0.034  0.011  0.011  0.013 -0.039  0.052  0.041
   0.196  0.117 -0.084  0.248  0.137 -0.076 -0.022  0.161  0.115 -0.007  0.055  0.027 -0.006  0.045  0.117  0.193  0.172 -0.085  0.105 -0.015 -0.036 -0.190  0.077  0.031  0.565  0.416  0.347  0.764  0.623  0.398  0.468  0.041  1.000  0.591 -0.255 -0.210  0.530  0.159  0.598  0.536
   0.215  0.126 -0.112  0.153 -0.018  0.041 -0.121  0.179  0.133 -0.017  0.042 -0.008 -0.030 -0.010  0.117  0.214  0.184 -0.076  0.208 -0.097 -0.009 -0.227  0.152  0.129  0.520  0.545  0.336  0.687  0.825  0.345  0.467  0.034  0.591  1.000 -0.270 -0.212  0.534  0.017  0.584  0.664
  -0.163 -0.032  0.120 -0.049 -0.020 -0.007 -0.002  0.019  0.034  0.114 -0.037  0.042 -0.040 -0.011  0.007 -0.197 -0.394  0.216 -0.022  0.065 -0.053  0.080  0.086 -0.198 -0.233 -0.198 -0.165 -0.284 -0.289 -0.189 -0.256  0.011 -0.255 -0.270  1.000  0.279 -0.323 -0.092 -0.232 -0.238
  -0.132 -0.008  0.098 -0.049 -0.025 -0.002 -0.002  0.011  0.022  0.058 -0.057  0.038 -0.031  0.017  0.026 -0.072 -0.273  0.198 -0.014  0.056 -0.004  0.014  0.115 -0.126 -0.206 -0.169 -0.144 -0.241 -0.236 -0.167 -0.226  0.011 -0.210 -0.212  0.279  1.000 -0.279 -0.082 -0.201 -0.200
   0.434 -0.109 -0.361  0.157  0.086 -0.021  0.020  0.309  0.247 -0.036  0.043 -0.218 -0.040 -0.240  0.053  0.003  0.228 -0.265  0.061 -0.219 -0.269  0.173 -0.393 -0.001  0.572  0.465  0.420  0.644  0.618  0.304  0.576  0.013  0.530  0.534 -0.323 -0.279  1.000  0.271  0.571  0.568
   0.131 -0.182 -0.152 -0.072 -0.012 -0.102  0.193 -0.012 -0.014 -0.111  0.078 -0.127 -0.233 -0.173 -0.011 -0.028  0.056 -0.088  0.016 -0.425 -0.210  0.134 -0.194 -0.255  0.099 -0.054  0.092  0.155 -0.005  0.021  0.230 -0.039  0.159  0.017 -0.092 -0.082  0.271  1.000  0.103  0.013
   0.268  0.047 -0.164  0.270  0.149 -0.096 -0.028  0.201  0.150 -0.017  0.035  0.067 -0.011  0.127  0.138  0.178  0.094 -0.043  0.128 -0.088  0.052 -0.033 -0.021  0.066  0.595  0.485  0.419  0.750  0.692  0.443  0.498  0.052  0.598  0.584 -0.232 -0.201  0.571  0.103  1.000  0.618
   0.238  0.051 -0.139  0.226  0.106 -0.077 -0.022  0.180  0.132  0.021  0.076 -0.002 -0.006  0.055  0.134  0.201  0.105 -0.032  0.143 -0.010  0.080 -0.062  0.010  0.162  0.551  0.577  0.396  0.688  0.794  0.401  0.527  0.041  0.536  0.664 -0.238 -0.200  0.568  0.013  0.618  1.000

0                ***   ***   ***  ***   ***   ***



     X        Q2         W2       THEORY        error         DATA           ERROR        chi^2     _w    ITYPE
.4831E+00     3.585  0.472E+01   0.17935E+00   0.66483E-03   0.18590E+00    0.56080E-02   -1.36         jl00106F2p          
.4904E+00     3.624  0.465E+01   0.17445E+00   0.64072E-03   0.18170E+00    0.55227E-02   -1.72         jl00106F2p          
.4978E+00     3.663  0.458E+01   0.16952E+00   0.61661E-03   0.17590E+00    0.53000E-02   -1.45         jl00106F2p          
.5052E+00     3.702  0.451E+01   0.16464E+00   0.59284E-03   0.16780E+00    0.50774E-02   -0.39         jl00106F2p          
.5127E+00     3.740  0.444E+01   0.15975E+00   0.56916E-03   0.16030E+00    0.48549E-02   -0.01         jl00106F2p          
.5202E+00     3.779  0.437E+01   0.15491E+00   0.54589E-03   0.15490E+00    0.47707E-02    0.00         jl00106F2p          
.5278E+00     3.818  0.430E+01   0.15007E+00   0.52280E-03   0.15390E+00    0.46872E-02   -0.67         jl00106F2p          
.5355E+00     3.857  0.423E+01   0.14523E+00   0.49996E-03   0.14960E+00    0.45486E-02   -0.92         jl00106F2p          
.5433E+00     3.895  0.416E+01   0.14040E+00   0.47743E-03   0.13750E+00    0.42438E-02    0.47         jl00106F2p          
.5511E+00     3.934  0.409E+01   0.13564E+00   0.45558E-03   0.13020E+00    0.40224E-02    1.83         jl00106F2p          
.5590E+00     3.973  0.402E+01   0.13090E+00   0.43420E-03   0.12690E+00    0.40224E-02    0.99         jl00106F2p          
.5669E+00     4.012  0.395E+01   0.12623E+00   0.41366E-03   0.12380E+00    0.39408E-02    0.38         jl00106F2p          
.5749E+00     4.051  0.388E+01   0.12159E+00   0.39379E-03   0.12040E+00    0.38013E-02    0.10         jl00106F2p          
.5830E+00     4.089  0.381E+01   0.11698E+00   0.37476E-03   0.11930E+00    0.38013E-02   -0.37         jl00106F2p          
.5912E+00     4.128  0.374E+01   0.11242E+00   0.35666E-03   0.11430E+00    0.35805E-02   -0.28         jl00106F2p          
.5995E+00     4.167  0.367E+01   0.10790E+00   0.33964E-03   0.10560E+00    0.33601E-02    0.47         jl00106F2p          
.6000E+00     4.169  0.366E+01   0.10762E+00   0.33865E-03   0.10820E+00    0.31765E-02   -0.03         jl00106F2p          
.6097E+00     4.214  0.358E+01   0.10246E+00   0.32059E-03   0.10210E+00    0.30017E-02    0.01         jl00106F2p          
.6195E+00     4.259  0.350E+01   0.97387E-01   0.30438E-03   0.97600E-01    0.28653E-02   -0.01         jl00106F2p          
.6293E+00     4.304  0.342E+01   0.92447E-01   0.29028E-03   0.89300E-01    0.26420E-02    1.42         jl00106F2p          
.6393E+00     4.349  0.334E+01   0.87554E-01   0.27813E-03   0.86400E-01    0.25554E-02    0.20         jl00106F2p          
.6494E+00     4.395  0.325E+01   0.82761E-01   0.26809E-03   0.79900E-01    0.24187E-02    1.40         jl00106F2p          
.6597E+00     4.440  0.317E+01   0.78037E-01   0.26010E-03   0.76600E-01    0.23324E-02    0.38         jl00106F2p          
.6700E+00     4.485  0.309E+01   0.73466E-01   0.25408E-03   0.76100E-01    0.23324E-02   -1.28         jl00106F2p          
.6804E+00     4.530  0.301E+01   0.69011E-01   0.24977E-03   0.73900E-01    0.22472E-02   -4.73         jl00106F2p          
.5300E+00     3.995  0.442E+01   0.14705E+00   0.51078E-03   0.15580E+00    0.52498E-02   -2.78         jl00106F2p          
.5379E+00     4.039  0.435E+01   0.14207E+00   0.48771E-03   0.14340E+00    0.48918E-02   -0.07         jl00106F2p          
.5458E+00     4.082  0.428E+01   0.13716E+00   0.46527E-03   0.13850E+00    0.47508E-02   -0.08         jl00106F2p          
.5538E+00     4.125  0.421E+01   0.13228E+00   0.44326E-03   0.13450E+00    0.46755E-02   -0.22         jl00106F2p          
.5619E+00     4.168  0.413E+01   0.12743E+00   0.42174E-03   0.13210E+00    0.45343E-02   -1.06         jl00106F2p          
.5700E+00     4.211  0.406E+01   0.12265E+00   0.40105E-03   0.12320E+00    0.43186E-02   -0.02         jl00106F2p          
.5782E+00     4.255  0.399E+01   0.11791E+00   0.38105E-03   0.11910E+00    0.41773E-02   -0.08         jl00106F2p          
.5865E+00     4.298  0.391E+01   0.11321E+00   0.36185E-03   0.11650E+00    0.41037E-02   -0.64         jl00106F2p          
.5948E+00     4.341  0.384E+01   0.10860E+00   0.34378E-03   0.11300E+00    0.40311E-02   -1.19         jl00106F2p          
.6032E+00     4.384  0.377E+01   0.10404E+00   0.32673E-03   0.10210E+00    0.36770E-02    0.28         jl00106F2p          
.6117E+00     4.427  0.369E+01   0.99524E-01   0.31081E-03   0.99200E-01    0.36069E-02    0.01         jl00106F2p          
.6203E+00     4.471  0.362E+01   0.95069E-01   0.29616E-03   0.96700E-01    0.36069E-02   -0.20         jl00106F2p          
.6289E+00     4.514  0.355E+01   0.90722E-01   0.28301E-03   0.88900E-01    0.33971E-02    0.29         jl00106F2p          
.6376E+00     4.557  0.347E+01   0.86439E-01   0.27127E-03   0.84700E-01    0.32558E-02    0.29         jl00106F2p          
.6463E+00     4.600  0.340E+01   0.82267E-01   0.26107E-03   0.78900E-01    0.30480E-02    1.22         jl00106F2p          
.6552E+00     4.643  0.333E+01   0.78126E-01   0.25225E-03   0.79600E-01    0.30480E-02   -0.23         jl00106F2p          
.6556E+00     4.646  0.332E+01   0.77940E-01   0.25187E-03   0.77000E-01    0.23854E-02    0.16         jl00106F2p          
.6660E+00     4.696  0.324E+01   0.73259E-01   0.24354E-03   0.71900E-01    0.21633E-02    0.39         jl00106F2p          
.6765E+00     4.746  0.315E+01   0.68701E-01   0.23699E-03   0.69900E-01    0.21633E-02   -0.31         jl00106F2p          
.6871E+00     4.796  0.307E+01   0.64274E-01   0.23203E-03   0.68400E-01    0.21633E-02   -3.64         jl00106F2p          
.5472E+00     4.282  0.442E+01   0.13458E+00   0.45652E-03   0.13960E+00    0.47508E-02   -1.12         jl00106F2p          
.5551E+00     4.328  0.435E+01   0.12974E+00   0.43503E-03   0.13540E+00    0.46098E-02   -1.51         jl00106F2p          
.5629E+00     4.374  0.428E+01   0.12503E+00   0.41448E-03   0.13390E+00    0.44688E-02   -3.94         jl00106F2p          
