# fitpack15: fit parameters                                                                         
# CJ15 AV18 final data choices                                                                      
# Created on 01/23/2020 at 22:46:43                                                                 

 # QCD setup
  INS                           0
  NVL                          11
  IORD                          1
  Q02                   1.6899999999999999     
  IPARAMC                       7
  FLAVOR                4.0000000000000000     
  xmc                   1.3000000000000000     
  xmb                   4.5000000000000000     
  ncb                          12
  ihq                           1
  ias                           0

 # Theory corrections
  inuke                     10814
  itmc                          1
  iht                           1

 # fit parameters
 LAMBDA       0.22680        0.0000    
 a0uv          2.3435        0.0000    
 a1uv         0.60950       0.20392E-01
 a2uv          3.5473       0.12241E-01
 a3uv          0.0000        0.0000    
 a4uv          3.6051       0.45332    
 a5uv          0.0000        0.0000    
 a0dv          25.730        0.0000    
 a1dv          1.1687       0.32760E-01
 a2dv          6.5725       0.15687    
 a3dv         -3.5182       0.83112E-01
 a4dv          4.6683       0.13871    
 a5dv          0.0000        0.0000    
 a0ud         0.14684       0.50359E-02
 a1ud        -0.20764       0.37503E-02
 a2ud          8.2815       0.19306    
 a3ud          0.0000        0.0000    
 a4ud          14.386        1.2156    
 a5ud          0.0000        0.0000    
 a0du          35712.        0.0000    
 a1du          4.0448       0.77298E-01
 a2du          19.995       0.88005    
 a3du          17.000        0.0000    
 a4du          52.032        10.839    
 a0g           47.280        0.0000    
 a1g          0.61068       0.32822E-01
 a2g           6.9201        1.0371    
 a3g          -3.3231       0.14919    
 a4g           3.2878       0.37709    
 a5g           0.0000        0.0000    
 kappa        0.40000        0.0000    
 a6dv        -0.34470E-02   0.63636E-03
 a7dv          2.0000        0.0000    
 off1         -3.7225        1.5166    
 off2         0.58466E-01   0.55483E-01
 ht1          -3.4706       0.27740    
 ht2           1.9973       0.10740    
 ht3          -2.0493       0.18606E-01
 ht4           0.0000        0.0000    
 dummy40       0.0000        0.0000    
 dummy41       0.0000        0.0000    
 dummy42       0.0000        0.0000    
 dummy43       0.0000        0.0000    
 dummy44       0.0000        0.0000    
 dummy45       0.0000        0.0000    
 dummy46       0.0000        0.0000    
 dummy47       0.0000        0.0000    
 dummy48       0.0000        0.0000    
 dummy49       0.0000        0.0000    
 bcdmsh2      0.97308       0.48266E-02
 bcdmsd2      0.99307       0.58237E-02
 ccfr          1.0000        0.0000    
 nutev         1.0000        0.0000    
 zeus         0.97998        0.0000    
 h1            1.0162        0.0000    
 e605          1.0319        0.0000    
 NmcH2         1.0089       0.71191E-02
 ntv_nu        1.0000        0.0000    
 ntv_nubar     1.0000        0.0000    
 cdf_jet      0.98910        0.0000    
 d0_jet       0.83504        0.0000    
 slac_p        1.0047       0.47991E-02
 slac_d        1.0039       0.52534E-02
 e866pp       0.96787       0.19343E-01
 e866pd       0.96355       0.15819E-01
 d0_gamjet     1.0389       0.16480E-01
 h1b          0.97608        0.0000    
 jlab_p       0.99384       0.57643E-02
 jlab_d       0.97515       0.58698E-02
 blank         1.0000        0.0000    
 d0run2       0.93855       0.13996E-01
 cdfrun2      0.92544       0.17166E-01
 HERA_el       1.0000        0.0000    
 HERA_ps       1.0000        0.0000    
 CDF_Z        0.96517       0.65054E-02
 NmcRat        1.0000        0.0000    
 BNS_F2nd     0.98342       0.69173E-02
 HERMES_F2p   0.99833       0.55613E-02
 HERMES_F2d   0.98033       0.58099E-02
 END 0. 0.

 # Hessian matrix (Bevington alpha)
   0.49114389999058E+07 -0.12901777196584E+07  0.22783811446255E+06  0.48075941512196E+06 -0.12646205529286E+06 -0.22724908922643E+05  0.56494954003014E+05  0.91038851099775E+06 -0.17507000302007E+06 -0.48916197036880E+05  0.75237760417360E+04  0.15552031596438E+05  0.17706787830945E+04 -0.10958470074375E+03  0.72970732521230E+04 -0.18256940726066E+04  0.89585841485555E+04  0.65471326423059E+04 -0.77503929332557E+07 -0.13522798556723E+04 -0.21744825073974E+06  0.58891270204970E+05  0.18118557947284E+06  0.75126674234080E+06 -0.12744919469864E+06 -0.54085067333570E+05 -0.44615450677513E+04 -0.83997018654828E+06 -0.10874541500904E+07 -0.20591400271840E+05 -0.46458517154447E+05 -0.30884914973713E+04 -0.19885654125752E+06 -0.22438786344097E+06 -0.91632436090322E+04 -0.32398198177297E+04 -0.15192109551347E+05  0.16642695400909E+05 -0.70871994391214E+05 -0.55948821304750E+05
  -0.12901777196584E+07  0.41300694688588E+06 -0.61785923745875E+05 -0.13485725428141E+06  0.35199924347417E+05  0.88181987048625E+04 -0.12476678442269E+05 -0.12212958615343E+06  0.26516537465788E+05  0.75688126295408E+04 -0.95490185442540E+03 -0.12513972092604E+04 -0.14778780318330E+03  0.13216958871039E+02  0.65626473243945E+03 -0.49288727504474E+02  0.15883345882423E+03  0.80448547066690E+02  0.26530970769837E+07  0.55131434029020E+03  0.62014060490942E+05 -0.13246350350934E+05 -0.43644550155696E+05 -0.20649944293515E+06  0.16601745188710E+05  0.82092516698729E+04 -0.23591010288896E+03  0.20918356125056E+06  0.26329213890074E+06  0.57934457208561E+04  0.13220679378139E+05  0.42056396147207E+03  0.63467203193858E+05  0.71024174919987E+05  0.24733334984556E+04  0.78425010492784E+03 -0.23589358916149E+04 -0.22387399672218E+04  0.85419015017926E+04  0.71686275663377E+04
   0.22783811446255E+06 -0.61785923745875E+05  0.10680814689580E+05  0.22486822862100E+05 -0.60105372374954E+04 -0.12989128870583E+04  0.25613611678885E+04  0.31138330907130E+05 -0.58374187662896E+04 -0.19713729609041E+04  0.26156856478317E+03  0.47975965813871E+03  0.63124607370326E+02 -0.48455975043286E+01 -0.39252155067015E+03  0.24249814567454E+01 -0.18774808580176E+03 -0.35075278743540E+02 -0.37474599777910E+06 -0.67388097315703E+02 -0.10242837389291E+05  0.26701537389585E+04  0.82124339070931E+04  0.35014531686014E+05 -0.54299265908624E+04 -0.23164181342957E+04  0.47248749836644E+02 -0.38004584142194E+05 -0.49373708067668E+05 -0.97560300971221E+03 -0.22107094295998E+04 -0.11629266265411E+03 -0.96374720063034E+04 -0.10842896967904E+05 -0.42566898718902E+03 -0.14807859801398E+03  0.39811291510843E+02  0.71057924739391E+03 -0.25154160865899E+04 -0.20397061940831E+04
   0.48075941512196E+06 -0.13485725428141E+06  0.22486822862100E+05  0.39380250146456E+06 -0.62346226072358E+05  0.77574810756524E+05  0.66025546178649E+05  0.34516560493414E+06 -0.25491405955182E+05 -0.18354265055285E+05  0.33964601643065E+04 -0.13822825568066E+04 -0.15504299934430E+03  0.57015838298531E+02  0.30212714826155E+05 -0.35987098058205E+04  0.24370397005655E+05  0.13601422880506E+05 -0.23008552838599E+07 -0.19586244533976E+03 -0.63289661209723E+05  0.20615704290999E+05  0.56836157919608E+05  0.24178814824352E+06 -0.12762392971219E+05 -0.21123795025915E+05 -0.54811346341343E+02 -0.65578949736864E+05 -0.34003636584537E+06 -0.14013356447818E+04 -0.24856391067236E+04 -0.73176740419699E+02 -0.11710836944087E+05 -0.52541802905375E+05 -0.25209699118268E+04 -0.98171203706377E+03 -0.93873140772590E+04 -0.15634623126637E+05 -0.71655734714141E+04 -0.21219892714606E+05
  -0.12646205529286E+06  0.35199924347417E+05 -0.60105372374954E+04 -0.62346226072358E+05  0.11731876443233E+05 -0.81078622811745E+04 -0.96482850646195E+04 -0.32493243297277E+05  0.39665031074863E+03  0.24157403688426E+04 -0.34769487873629E+03 -0.36751445010201E+02  0.46021362979745E+01 -0.51094632278986E+01 -0.25666760506824E+04  0.30952832766403E+03 -0.20237020272874E+04 -0.11434943954305E+04  0.50901818353286E+06  0.64403586630765E+02  0.13211063069280E+05 -0.39096068100232E+04 -0.10725723880033E+05 -0.48444836520241E+05  0.20025599461116E+04  0.33738582345152E+04 -0.57351587597343E+02  0.11960078616310E+05  0.63089353639909E+05  0.33716654017710E+03  0.57835568483360E+03  0.94501839924404E+01  0.29820323255055E+04  0.13161838467423E+05  0.48508431940011E+03  0.17954557734837E+03  0.32756605046837E+03  0.24915466621724E+04  0.81807668552298E+03  0.25146266989472E+04
  -0.22724908922643E+05  0.88181987048625E+04 -0.12989128870583E+04  0.77574810756524E+05 -0.81078622811745E+04  0.25631136979684E+05  0.15542316709856E+05  0.10742049240821E+06 -0.95911592855533E+04 -0.47443978601652E+04  0.10389433347154E+04 -0.72404159511211E+03 -0.70425274807496E+02  0.19816540931077E+02  0.94298179877023E+04 -0.11547756810995E+04  0.76986206584837E+04  0.43620441056302E+04 -0.72869198760049E+05  0.55526595010375E+02 -0.48414811558256E+04  0.25635446331782E+04  0.71008516133997E+04  0.22592349244938E+05 -0.29001433684832E+04 -0.44472742480199E+04  0.16428904627359E+03 -0.91212769944509E+04 -0.45150427339947E+05 -0.30930398384202E+01 -0.35799962193096E+02 -0.20009305677009E+02  0.34995211281995E+03  0.11770933877769E+04 -0.28464308818177E+03 -0.14267296699863E+03 -0.30838551174205E+04 -0.34715287810586E+04 -0.18927856882049E+04 -0.54608525577592E+04
   0.56494954003014E+05 -0.12476678442269E+05  0.25613611678885E+04  0.66025546178649E+05 -0.96482850646195E+04  0.15542316709856E+05  0.12129700620549E+05  0.59641008347737E+05 -0.30885619360500E+04 -0.33824115153956E+04  0.60798196853805E+03 -0.22307772296136E+03 -0.27821426077004E+02  0.10381822410562E+02  0.48454598738794E+04 -0.60011286313581E+03  0.38577075888952E+04  0.22107394584563E+04 -0.26569558666763E+06  0.88911190243270E+00 -0.88650622206906E+04  0.32351451437383E+04  0.88054712391633E+04  0.34623908374401E+05 -0.25590590330441E+04 -0.40104736409742E+04  0.14209953507325E+03 -0.10308119957612E+05 -0.53808849135673E+05 -0.17315399133454E+03 -0.29731000581971E+03 -0.13979910027812E+02 -0.10868201280637E+04 -0.50443541157421E+04 -0.38544234701894E+03 -0.16200831042008E+03 -0.12931183613865E+04 -0.32324877292995E+04 -0.11717272276178E+04 -0.34930611175571E+04
   0.91038851099775E+06 -0.12212958615343E+06  0.31138330907130E+05  0.34516560493414E+06 -0.32493243297277E+05  0.10742049240821E+06  0.59641008347737E+05  0.49479185912800E+07 -0.23063038939229E+07 -0.85195482245769E+05  0.26037158992225E+05  0.26755370790307E+05  0.18037589597911E+04  0.99395333103993E+02  0.81778246023521E+05 -0.10275415067761E+05  0.76041233446031E+05  0.41052929378610E+05 -0.60027217744231E+06  0.38066749791778E+03 -0.28914923140893E+05  0.27912461164442E+05  0.87563416184044E+05  0.24687255271573E+06 -0.60581565876758E+05 -0.48679026780950E+05 -0.66680369902371E+05 -0.28145316969927E+06 -0.55847588627967E+06 -0.72318235987149E+05 -0.16192212970441E+06 -0.13289084119124E+04 -0.57498439336669E+04 -0.11284652909167E+05 -0.16678683677088E+01  0.14621321745562E+03 -0.26115571972216E+06 -0.86468709302916E+04 -0.13667385793014E+06 -0.16978329749046E+06
  -0.17507000302007E+06  0.26516537465788E+05 -0.58374187662896E+04 -0.25491405955182E+05  0.39665031074863E+03 -0.95911592855533E+04 -0.30885619360500E+04 -0.23063038939229E+07  0.19301719986249E+07  0.18999153491999E+05 -0.65621860263360E+04 -0.57523512453044E+04 -0.31755498078379E+03 -0.13550686224889E+02  0.49552829470545E+05 -0.23102443679714E+04  0.15723631562816E+05  0.74963984112121E+04 -0.26992523355914E+05 -0.92547637721803E+02  0.75850879785028E+03 -0.55914788489393E+04 -0.18617112609545E+05 -0.47143283685454E+05  0.11483799865979E+05  0.10855545895672E+05  0.24111399496047E+05  0.65726422854960E+05  0.12619575297598E+06  0.23111964462575E+05  0.51842730269172E+05  0.17953197219855E+03  0.60661105786082E+03  0.12298905758018E+04 -0.11798849522038E+04 -0.66540865500344E+03  0.11148176168885E+06  0.15938436298809E+04  0.44220363371111E+05  0.54383331461672E+05
  -0.48916197036880E+05  0.75688126295408E+04 -0.19713729609041E+04 -0.18354265055285E+05  0.24157403688426E+04 -0.47443978601652E+04 -0.33824115153956E+04 -0.85195482245769E+05  0.18999153491999E+05  0.26558236384420E+04 -0.64815259743971E+03 -0.69385101676952E+03 -0.61482051353034E+02 -0.18922844774084E+01 -0.39470346011495E+04  0.47135004010732E+03 -0.32034397836188E+04 -0.18023050357821E+04  0.60050614486592E+05 -0.94118556874241E+01  0.25681653276023E+04 -0.13022548661042E+04 -0.38007051029060E+04 -0.12339532571607E+05  0.27470015597001E+04  0.19033035420431E+04  0.72784089851950E+03  0.11002050352393E+05  0.23024937011828E+05  0.15298401484053E+04  0.33564004694299E+04  0.43186978079708E+02  0.58769590847754E+03  0.11134740983380E+04  0.13771985153574E+03  0.61143948227450E+02  0.30839389950944E+04  0.44390484076362E+03  0.27901515442823E+04  0.35525786616206E+04
   0.75237760417360E+04 -0.95490185442540E+03  0.26156856478317E+03  0.33964601643065E+04 -0.34769487873629E+03  0.10389433347154E+04  0.60798196853805E+03  0.26037158992225E+05 -0.65621860263360E+04 -0.64815259743971E+03  0.18422863596575E+03  0.20664192201594E+03  0.15121270819219E+02  0.73189412507287E+00  0.12676397926143E+04 -0.13814306499200E+03  0.99111565911086E+03  0.53741489240111E+03 -0.68867464223758E+04  0.28578643202193E+01 -0.29953417769854E+03  0.22184136146199E+03  0.68150783555741E+03  0.19899358469107E+04 -0.49299653053564E+03 -0.37186313185615E+03 -0.34359100012494E+03 -0.21086075468986E+04 -0.42385342755826E+04 -0.44717276369889E+03 -0.10015399698879E+04 -0.11285618481143E+02 -0.50924512996049E+02 -0.99695365224308E+02 -0.16062546350086E+02 -0.74989178625254E+01 -0.11657074034024E+04 -0.70425603757876E+02 -0.84284809551000E+03 -0.10554811184296E+04
   0.15552031596438E+05 -0.12513972092604E+04  0.47975965813871E+03 -0.13822825568066E+04 -0.36751445010201E+02 -0.72404159511211E+03 -0.22307772296136E+03  0.26755370790307E+05 -0.57523512453044E+04 -0.69385101676952E+03  0.20664192201594E+03  0.17683336848125E+04  0.11635499315717E+03 -0.10867741878973E+01  0.14531517336159E+04 -0.19833744974355E+03  0.14261327057602E+04  0.81936193509292E+03 -0.68834891056761E+04 -0.50385669511853E+01 -0.11783897111446E+03 -0.12686945362397E+02  0.12979770008132E+03 -0.89037372968777E+03 -0.11722600957984E+04 -0.22889276185575E-10 -0.74709715801194E+03 -0.52074578407822E+04 -0.19995617897802E-09 -0.24699258045721E+04 -0.76398290199081E+02 -0.82071531356201E+02 -0.24116789506390E+00  0.23316405439990E-10 -0.18319811575469E+01 -0.78514684832723E+00  0.29711608833948E+03  0.32706626718092E+03 -0.28217529850580E+04 -0.39938742401179E-10
   0.17706787830945E+04 -0.14778780318330E+03  0.63124607370326E+02 -0.15504299934430E+03  0.46021362979745E+01 -0.70425274807496E+02 -0.27821426077004E+02  0.18037589597911E+04 -0.31755498078379E+03 -0.61482051353034E+02  0.15121270819219E+02  0.11635499315717E+03  0.10520778131938E+02 -0.18078078899765E+00  0.79147010303570E+02 -0.13043584480880E+02  0.83655946938101E+02  0.52349982646263E+02 -0.32910088918247E+03 -0.43295533686698E+00  0.66455340648914E+01  0.56358768024360E+00  0.17844354103406E+02 -0.91822163850169E+02 -0.17418701587852E+03 -0.17090600232664E-11 -0.29065125428688E+02 -0.61686394353471E+03  0.10571264979797E-11 -0.15471558975408E+03 -0.20263161384059E+02 -0.66441366797705E+01 -0.17397875392644E+00  0.94794212765150E-11 -0.19443503148421E+00 -0.75358896215882E-01  0.29779635565303E+02  0.73580664842320E+02 -0.20335664446860E+03 -0.66760755453725E-11
  -0.10958470074375E+03  0.13216958871039E+02 -0.48455975043286E+01  0.57015838298531E+02 -0.51094632278986E+01  0.19816540931077E+02  0.10381822410562E+02  0.99395333103993E+02 -0.13550686224889E+02 -0.18922844774084E+01  0.73189412507287E+00 -0.10867741878973E+01 -0.18078078899765E+00  0.53588476441567E-01  0.14842258763081E+02 -0.11378032712034E+01  0.88936736753023E+01  0.41889494697562E+01 -0.85468048650185E+02  0.27199001508138E-01 -0.46324060759690E+01  0.57400599832582E+00  0.14468805203612E+01  0.76062404281879E+01  0.71119746479756E-01 -0.34817679272743E-12 -0.62683010299766E+01 -0.84081877267780E+00 -0.19576110172465E-11 -0.35214887760506E+01 -0.20019404284380E-04 -0.14523372159840E+00  0.28376320199445E-12  0.97779032525268E-13 -0.17826117067502E-02 -0.97771923933720E-03 -0.16282077446639E+01  0.59764282197867E-04 -0.33194010381026E+01 -0.30330557657469E-12
   0.72970732521230E+04  0.65626473243945E+03 -0.39252155067015E+03  0.30212714826155E+05 -0.25666760506824E+04  0.94298179877023E+04  0.48454598738794E+04  0.81778246023521E+05  0.49552829470545E+05 -0.39470346011495E+04  0.12676397926143E+04  0.14531517336159E+04  0.79147010303570E+02  0.14842258763081E+02  0.48368726013561E+05 -0.43955622419113E+04  0.32171761907866E+05  0.16666721261431E+05 -0.56429673871879E+05  0.16265722796680E+01  0.77306919049035E+03 -0.21364769766212E+03 -0.62551177060042E+03 -0.14939468220027E+04 -0.25310857791657E+04 -0.16666712772634E+04 -0.24584058631142E+04  0.20196052922625E+04  0.42642149764944E+04 -0.15088269363093E+04 -0.29491057741937E+04 -0.71205531317544E+03  0.20176379969832E+03  0.36382382104264E+03 -0.27699548448907E+04 -0.14830484768547E+04 -0.25120577801270E+04  0.18218013898982E+03 -0.82131883613173E+03 -0.92436534694213E+03
  -0.18256940726066E+04 -0.49288727504474E+02  0.24249814567454E+01 -0.35987098058205E+04  0.30952832766403E+03 -0.11547756810995E+04 -0.60011286313581E+03 -0.10275415067761E+05 -0.23102443679714E+04  0.47135004010732E+03 -0.13814306499200E+03 -0.19833744974355E+03 -0.13043584480880E+02 -0.11378032712034E+01 -0.43955622419113E+04  0.46447992000737E+03 -0.33251224484628E+04 -0.17931924925335E+04  0.65013207363864E+04 -0.74353792528115E+00 -0.11275250609222E+03  0.23428372399045E+02  0.59957802673770E+02  0.16161283585499E+03  0.45941586248970E+03  0.28821579938949E+03  0.28018801282881E+03 -0.17130489099561E+03 -0.48879752654189E+03  0.15318533856249E+03  0.29871847308301E+03  0.77176795972451E+02 -0.53909456739318E+02 -0.95817276900572E+02  0.41148932619817E+03  0.20539371782872E+03 -0.26865928201872E+03 -0.32734558301820E+02  0.23335208615620E+03  0.26122835967265E+03
   0.89585841485555E+04  0.15883345882423E+03 -0.18774808580176E+03  0.24370397005655E+05 -0.20237020272874E+04  0.76986206584837E+04  0.38577075888952E+04  0.76041233446031E+05  0.15723631562816E+05 -0.32034397836188E+04  0.99111565911086E+03  0.14261327057602E+04  0.83655946938101E+02  0.88936736753023E+01  0.32171761907866E+05 -0.33251224484628E+04  0.24217488884624E+05  0.12913322537355E+05 -0.45661332640007E+05  0.33010176293744E+00  0.73683484748045E+03 -0.22503628246248E+03 -0.63724805643213E+03 -0.14771015056217E+04 -0.22644552898768E+04 -0.14708197943103E+04 -0.22939081934002E+04  0.19523425358368E+04  0.40465551904096E+04 -0.11808945549636E+04 -0.23153541876327E+04 -0.55279775625575E+03  0.58865807129151E+02  0.11638861877524E+03 -0.23258731957703E+04 -0.12596069729036E+04  0.95514775080032E+03  0.18961860415956E+03 -0.14092182981856E+04 -0.15661463706205E+04
   0.65471326423059E+04  0.80448547066690E+02 -0.35075278743540E+02  0.13601422880506E+05 -0.11434943954305E+04  0.43620441056302E+04  0.22107394584563E+04  0.41052929378610E+05  0.74963984112121E+04 -0.18023050357821E+04  0.53741489240111E+03  0.81936193509292E+03  0.52349982646263E+02  0.41889494697562E+01  0.16666721261431E+05 -0.17931924925335E+04  0.12913322537355E+05  0.69820737428562E+04 -0.25345360232767E+05  0.13429586953877E+01  0.44804586390889E+03 -0.12231397087347E+03 -0.32506060355136E+03 -0.78570314671850E+03 -0.15943098224243E+04 -0.10042212241178E+04 -0.11539262924775E+04  0.92462698722398E+03  0.22245130167913E+04 -0.59621907631756E+03 -0.11706563675355E+04 -0.30329116629781E+03  0.83167518054734E+02  0.15526486920618E+03 -0.14906777010945E+04 -0.77575365903026E+03  0.11748256798207E+04  0.13520229878189E+03 -0.99360078803293E+03 -0.11044773281254E+04
  -0.77503929332557E+07  0.26530970769837E+07 -0.37474599777910E+06 -0.23008552838599E+07  0.50901818353286E+06 -0.72869198760049E+05 -0.26569558666763E+06 -0.60027217744231E+06 -0.26992523355914E+05  0.60050614486592E+05 -0.68867464223758E+04 -0.68834891056761E+04 -0.32910088918247E+03 -0.85468048650185E+02 -0.56429673871879E+05  0.65013207363864E+04 -0.45661332640007E+05 -0.25345360232767E+05  0.35335676028183E+08  0.65922586876962E+04  0.71782773060414E+06 -0.17767632983647E+06 -0.51897295901170E+06 -0.25997430825208E+07  0.35218543399669E+05  0.78168973976347E+05 -0.12454805216385E+04  0.58383326353213E+06  0.28466779330044E+07  0.18164519923448E+05  0.32562668583329E+05  0.23401430558617E+03  0.18981662202031E+06  0.82868684852450E+06  0.25658980187245E+05  0.80863531368772E+04 -0.19544519734462E+05  0.45667371328012E+05  0.21248751294417E+05  0.65433503582873E+05
  -0.13522798556723E+04  0.55131434029020E+03 -0.67388097315703E+02 -0.19586244533976E+03  0.64403586630765E+02  0.55526595010375E+02  0.88911190243270E+00  0.38066749791778E+03 -0.92547637721803E+02 -0.94118556874241E+01  0.28578643202193E+01 -0.50385669511853E+01 -0.43295533686698E+00  0.27199001508138E-01  0.16265722796680E+01 -0.74353792528115E+00  0.33010176293744E+00  0.13429586953877E+01  0.65922586876962E+04  0.23208594954557E+01  0.13919075058895E+03 -0.27508901666699E+02 -0.81354754918804E+02 -0.48667516979918E+03  0.00000000000000E+00 -0.26985194151566E+02  0.00000000000000E+00  0.00000000000000E+00  0.38684258228875E+03  0.00000000000000E+00 -0.70022691751683E+01  0.00000000000000E+00  0.00000000000000E+00  0.21277675892138E+03  0.00000000000000E+00  0.00000000000000E+00  0.00000000000000E+00  0.12820156942605E+02  0.00000000000000E+00 -0.28053226201171E+02
  -0.21744825073974E+06  0.62014060490942E+05 -0.10242837389291E+05 -0.63289661209723E+05  0.13211063069280E+05 -0.48414811558256E+04 -0.88650622206906E+04 -0.28914923140893E+05  0.75850879785028E+03  0.25681653276023E+04 -0.29953417769854E+03 -0.11783897111446E+03  0.66455340648914E+01 -0.46324060759690E+01  0.77306919049035E+03 -0.11275250609222E+03  0.73683484748045E+03  0.44804586390889E+03  0.71782773060414E+06  0.13919075058895E+03  0.27763208147224E+05 -0.80980073749350E+04 -0.22033707731858E+05 -0.10379513051173E+06  0.00000000000000E+00  0.51841610901249E+04  0.00000000000000E+00  0.00000000000000E+00  0.11850720466683E+06  0.00000000000000E+00 -0.11812466556313E+04  0.00000000000000E+00  0.00000000000000E+00  0.23666825419007E+05  0.00000000000000E+00  0.00000000000000E+00  0.00000000000000E+00 -0.43168253059121E+04  0.00000000000000E+00  0.42587584487692E+04
   0.58891270204970E+05 -0.13246350350934E+05  0.26701537389585E+04  0.20615704290999E+05 -0.39096068100232E+04  0.25635446331782E+04  0.32351451437383E+04  0.27912461164442E+05 -0.55914788489393E+04 -0.13022548661042E+04  0.22184136146199E+03 -0.12686945362397E+02  0.56358768024360E+00  0.57400599832582E+00 -0.21364769766212E+03  0.23428372399045E+02 -0.22503628246248E+03 -0.12231397087347E+03 -0.17767632983647E+06 -0.27508901666699E+02 -0.80980073749350E+04  0.28640752978247E+04  0.76247943564229E+04  0.33298193161004E+05 -0.50372413762488E+02 -0.21160278709449E+04  0.33926145171878E+01  0.42045719962237E+03 -0.42372851599005E+05  0.00000000000000E+00 -0.15501653991736E+03  0.00000000000000E+00  0.21325413535183E+04 -0.51235146849221E+04  0.00000000000000E+00  0.00000000000000E+00  0.00000000000000E+00  0.15160117870181E+04 -0.35949037679318E+03 -0.27751705914436E+04
   0.18118557947284E+06 -0.43644550155696E+05  0.82124339070931E+04  0.56836157919608E+05 -0.10725723880033E+05  0.71008516133997E+04  0.88054712391633E+04  0.87563416184044E+05 -0.18617112609545E+05 -0.38007051029060E+04  0.68150783555741E+03  0.12979770008132E+03  0.17844354103406E+02  0.14468805203612E+01 -0.62551177060042E+03  0.59957802673770E+02 -0.63724805643213E+03 -0.32506060355136E+03 -0.51897295901170E+06 -0.81354754918804E+02 -0.22033707731858E+05  0.76247943564229E+04  0.20859636319894E+05  0.89676959113593E+05 -0.16420798631483E+03 -0.52781382607062E+04 -0.35323972431843E+02 -0.67173963634455E+04 -0.11623524100365E+06  0.00000000000000E+00 -0.38387362664255E+03  0.00000000000000E+00  0.31012315831503E+04 -0.15535052361898E+05  0.00000000000000E+00  0.00000000000000E+00  0.00000000000000E+00  0.37762189129750E+04 -0.20427063135349E+04 -0.80651215038132E+04
   0.75126674234080E+06 -0.20649944293515E+06  0.35014531686014E+05  0.24178814824352E+06 -0.48444836520241E+05  0.22592349244938E+05  0.34623908374401E+05  0.24687255271573E+06 -0.47143283685454E+05 -0.12339532571607E+05  0.19899358469107E+04 -0.89037372968777E+03 -0.91822163850169E+02  0.76062404281879E+01 -0.14939468220027E+04  0.16161283585499E+03 -0.14771015056217E+04 -0.78570314671850E+03 -0.25997430825208E+07 -0.48667516979918E+03 -0.10379513051173E+06  0.33298193161004E+05  0.89676959113593E+05  0.41965353807635E+06  0.25067696677414E+03 -0.27217993830058E+05 -0.57482284943955E+01  0.38297870253306E+05 -0.48891476540571E+06  0.00000000000000E+00 -0.20313184064693E+04  0.00000000000000E+00  0.16453796921419E+05 -0.81117125535779E+05  0.00000000000000E+00  0.00000000000000E+00  0.00000000000000E+00  0.20118028825907E+05  0.15566680137072E+04 -0.29826533409717E+05
  -0.12744919469864E+06  0.16601745188710E+05 -0.54299265908624E+04 -0.12762392971219E+05  0.20025599461116E+04 -0.29001433684832E+04 -0.25590590330441E+04 -0.60581565876758E+05  0.11483799865979E+05  0.27470015597001E+04 -0.49299653053564E+03 -0.11722600957984E+04 -0.17418701587852E+03  0.71119746479756E-01 -0.25310857791657E+04  0.45941586248970E+03 -0.22644552898768E+04 -0.15943098224243E+04  0.35218543399669E+05  0.00000000000000E+00  0.00000000000000E+00 -0.50372413762488E+02 -0.16420798631483E+03  0.25067696677414E+03  0.11625032472266E+06  0.00000000000000E+00  0.00000000000000E+00  0.00000000000000E+00  0.00000000000000E+00  0.00000000000000E+00  0.00000000000000E+00  0.00000000000000E+00  0.00000000000000E+00  0.00000000000000E+00  0.00000000000000E+00  0.00000000000000E+00  0.00000000000000E+00  0.00000000000000E+00  0.00000000000000E+00  0.00000000000000E+00
  -0.54085067333570E+05  0.82092516698729E+04 -0.23164181342957E+04 -0.21123795025915E+05  0.33738582345152E+04 -0.44472742480199E+04 -0.40104736409742E+04 -0.48679026780950E+05  0.10855545895672E+05  0.19033035420431E+04 -0.37186313185615E+03 -0.22889276185575E-10 -0.17090600232664E-11 -0.34817679272743E-12 -0.16666712772634E+04  0.28821579938949E+03 -0.14708197943103E+04 -0.10042212241178E+04  0.78168973976347E+05 -0.26985194151566E+02  0.51841610901249E+04 -0.21160278709449E+04 -0.52781382607062E+04 -0.27217993830058E+05  0.00000000000000E+00  0.64564869138956E+05  0.00000000000000E+00  0.00000000000000E+00  0.00000000000000E+00  0.00000000000000E+00  0.00000000000000E+00  0.00000000000000E+00  0.00000000000000E+00  0.00000000000000E+00  0.00000000000000E+00  0.00000000000000E+00  0.00000000000000E+00  0.00000000000000E+00  0.00000000000000E+00  0.00000000000000E+00
  -0.44615450677513E+04 -0.23591010288896E+03  0.47248749836644E+02 -0.54811346341343E+02 -0.57351587597343E+02  0.16428904627359E+03  0.14209953507325E+03 -0.66680369902371E+05  0.24111399496047E+05  0.72784089851950E+03 -0.34359100012494E+03 -0.74709715801194E+03 -0.29065125428688E+02 -0.62683010299766E+01 -0.24584058631142E+04  0.28018801282881E+03 -0.22939081934002E+04 -0.11539262924775E+04 -0.12454805216385E+04  0.00000000000000E+00  0.00000000000000E+00  0.33926145171878E+01 -0.35323972431843E+02 -0.57482284943955E+01  0.00000000000000E+00  0.00000000000000E+00  0.30682507409144E+05  0.00000000000000E+00  0.00000000000000E+00  0.00000000000000E+00  0.00000000000000E+00  0.00000000000000E+00  0.00000000000000E+00  0.00000000000000E+00  0.00000000000000E+00  0.00000000000000E+00  0.00000000000000E+00  0.00000000000000E+00  0.00000000000000E+00  0.00000000000000E+00
  -0.83997018654828E+06  0.20918356125056E+06 -0.38004584142194E+05 -0.65578949736864E+05  0.11960078616310E+05 -0.91212769944509E+04 -0.10308119957612E+05 -0.28145316969927E+06  0.65726422854960E+05  0.11002050352393E+05 -0.21086075468986E+04 -0.52074578407822E+04 -0.61686394353471E+03 -0.84081877267780E+00  0.20196052922625E+04 -0.17130489099561E+03  0.19523425358368E+04  0.92462698722398E+03  0.58383326353213E+06  0.00000000000000E+00  0.00000000000000E+00  0.42045719962237E+03 -0.67173963634455E+04  0.38297870253306E+05  0.00000000000000E+00  0.00000000000000E+00  0.00000000000000E+00  0.57763046965536E+06  0.00000000000000E+00  0.00000000000000E+00  0.00000000000000E+00  0.00000000000000E+00  0.00000000000000E+00  0.00000000000000E+00  0.00000000000000E+00  0.00000000000000E+00  0.00000000000000E+00  0.00000000000000E+00  0.00000000000000E+00  0.00000000000000E+00
  -0.10874541500904E+07  0.26329213890074E+06 -0.49373708067668E+05 -0.34003636584537E+06  0.63089353639909E+05 -0.45150427339947E+05 -0.53808849135673E+05 -0.55847588627967E+06  0.12619575297598E+06  0.23024937011828E+05 -0.42385342755826E+04 -0.19995617897802E-09  0.10571264979797E-11 -0.19576110172465E-11  0.42642149764944E+04 -0.48879752654189E+03  0.40465551904096E+04  0.22245130167913E+04  0.28466779330044E+07  0.38684258228875E+03  0.11850720466683E+06 -0.42372851599005E+05 -0.11623524100365E+06 -0.48891476540571E+06  0.00000000000000E+00  0.00000000000000E+00  0.00000000000000E+00  0.00000000000000E+00  0.91767635966423E+06  0.00000000000000E+00  0.00000000000000E+00  0.00000000000000E+00  0.00000000000000E+00  0.00000000000000E+00  0.00000000000000E+00  0.00000000000000E+00  0.00000000000000E+00  0.00000000000000E+00  0.00000000000000E+00  0.00000000000000E+00
  -0.20591400271840E+05  0.57934457208561E+04 -0.97560300971221E+03 -0.14013356447818E+04  0.33716654017710E+03 -0.30930398384202E+01 -0.17315399133454E+03 -0.72318235987149E+05  0.23111964462575E+05  0.15298401484053E+04 -0.44717276369889E+03 -0.24699258045721E+04 -0.15471558975408E+03 -0.35214887760506E+01 -0.15088269363093E+04  0.15318533856249E+03 -0.11808945549636E+04 -0.59621907631756E+03  0.18164519923448E+05  0.00000000000000E+00  0.00000000000000E+00  0.00000000000000E+00  0.00000000000000E+00  0.00000000000000E+00  0.00000000000000E+00  0.00000000000000E+00  0.00000000000000E+00  0.00000000000000E+00  0.00000000000000E+00  0.14704625716864E+05  0.00000000000000E+00  0.00000000000000E+00  0.00000000000000E+00  0.00000000000000E+00  0.00000000000000E+00  0.00000000000000E+00  0.00000000000000E+00  0.00000000000000E+00  0.00000000000000E+00  0.00000000000000E+00
  -0.46458517154447E+05  0.13220679378139E+05 -0.22107094295998E+04 -0.24856391067236E+04  0.57835568483360E+03 -0.35799962193096E+02 -0.29731000581971E+03 -0.16192212970441E+06  0.51842730269172E+05  0.33564004694299E+04 -0.10015399698879E+04 -0.76398290199081E+02 -0.20263161384059E+02 -0.20019404284380E-04 -0.29491057741937E+04  0.29871847308301E+03 -0.23153541876327E+04 -0.11706563675355E+04  0.32562668583329E+05 -0.70022691751683E+01 -0.11812466556313E+04 -0.15501653991736E+03 -0.38387362664255E+03 -0.20313184064693E+04  0.00000000000000E+00  0.00000000000000E+00  0.00000000000000E+00  0.00000000000000E+00  0.00000000000000E+00  0.00000000000000E+00  0.31801356481579E+05  0.00000000000000E+00  0.00000000000000E+00  0.00000000000000E+00  0.00000000000000E+00  0.00000000000000E+00  0.00000000000000E+00  0.00000000000000E+00  0.00000000000000E+00  0.00000000000000E+00
  -0.30884914973713E+04  0.42056396147207E+03 -0.11629266265411E+03 -0.73176740419699E+02  0.94501839924404E+01 -0.20009305677009E+02 -0.13979910027812E+02 -0.13289084119124E+04  0.17953197219855E+03  0.43186978079708E+02 -0.11285618481143E+02 -0.82071531356201E+02 -0.66441366797705E+01 -0.14523372159840E+00 -0.71205531317544E+03  0.77176795972451E+02 -0.55279775625575E+03 -0.30329116629781E+03  0.23401430558617E+03  0.00000000000000E+00  0.00000000000000E+00  0.00000000000000E+00  0.00000000000000E+00  0.00000000000000E+00  0.00000000000000E+00  0.00000000000000E+00  0.00000000000000E+00  0.00000000000000E+00  0.00000000000000E+00  0.00000000000000E+00  0.00000000000000E+00  0.37867776475478E+04  0.00000000000000E+00  0.00000000000000E+00  0.00000000000000E+00  0.00000000000000E+00  0.00000000000000E+00  0.00000000000000E+00  0.00000000000000E+00  0.00000000000000E+00
  -0.19885654125752E+06  0.63467203193858E+05 -0.96374720063034E+04 -0.11710836944087E+05  0.29820323255055E+04  0.34995211281995E+03 -0.10868201280637E+04 -0.57498439336669E+04  0.60661105786082E+03  0.58769590847754E+03 -0.50924512996049E+02 -0.24116789506390E+00 -0.17397875392644E+00  0.28376320199445E-12  0.20176379969832E+03 -0.53909456739318E+02  0.58865807129151E+02  0.83167518054734E+02  0.18981662202031E+06  0.00000000000000E+00  0.00000000000000E+00  0.21325413535183E+04  0.31012315831503E+04  0.16453796921419E+05  0.00000000000000E+00  0.00000000000000E+00  0.00000000000000E+00  0.00000000000000E+00  0.00000000000000E+00  0.00000000000000E+00  0.00000000000000E+00  0.00000000000000E+00  0.10563802979843E+06  0.00000000000000E+00  0.00000000000000E+00  0.00000000000000E+00  0.00000000000000E+00  0.00000000000000E+00  0.00000000000000E+00  0.00000000000000E+00
  -0.22438786344097E+06  0.71024174919987E+05 -0.10842896967904E+05 -0.52541802905375E+05  0.13161838467423E+05  0.11770933877769E+04 -0.50443541157421E+04 -0.11284652909167E+05  0.12298905758018E+04  0.11134740983380E+04 -0.99695365224308E+02  0.23316405439990E-10  0.94794212765150E-11  0.97779032525268E-13  0.36382382104264E+03 -0.95817276900572E+02  0.11638861877524E+03  0.15526486920618E+03  0.82868684852450E+06  0.21277675892138E+03  0.23666825419007E+05 -0.51235146849221E+04 -0.15535052361898E+05 -0.81117125535779E+05  0.00000000000000E+00  0.00000000000000E+00  0.00000000000000E+00  0.00000000000000E+00  0.00000000000000E+00  0.00000000000000E+00  0.00000000000000E+00  0.00000000000000E+00  0.00000000000000E+00  0.13873207218023E+06  0.00000000000000E+00  0.00000000000000E+00  0.00000000000000E+00  0.00000000000000E+00  0.00000000000000E+00  0.00000000000000E+00
  -0.91632436090322E+04  0.24733334984556E+04 -0.42566898718902E+03 -0.25209699118268E+04  0.48508431940011E+03 -0.28464308818177E+03 -0.38544234701894E+03 -0.16678683677088E+01 -0.11798849522038E+04  0.13771985153574E+03 -0.16062546350086E+02 -0.18319811575469E+01 -0.19443503148421E+00 -0.17826117067502E-02 -0.27699548448907E+04  0.41148932619817E+03 -0.23258731957703E+04 -0.14906777010945E+04  0.25658980187245E+05  0.00000000000000E+00  0.00000000000000E+00  0.00000000000000E+00  0.00000000000000E+00  0.00000000000000E+00  0.00000000000000E+00  0.00000000000000E+00  0.00000000000000E+00  0.00000000000000E+00  0.00000000000000E+00  0.00000000000000E+00  0.00000000000000E+00  0.00000000000000E+00  0.00000000000000E+00  0.00000000000000E+00  0.83477045585968E+04  0.00000000000000E+00  0.00000000000000E+00  0.00000000000000E+00  0.00000000000000E+00  0.00000000000000E+00
  -0.32398198177297E+04  0.78425010492784E+03 -0.14807859801398E+03 -0.98171203706377E+03  0.17954557734837E+03 -0.14267296699863E+03 -0.16200831042008E+03  0.14621321745562E+03 -0.66540865500344E+03  0.61143948227450E+02 -0.74989178625254E+01 -0.78514684832723E+00 -0.75358896215882E-01 -0.97771923933720E-03 -0.14830484768547E+04  0.20539371782872E+03 -0.12596069729036E+04 -0.77575365903026E+03  0.80863531368772E+04  0.00000000000000E+00  0.00000000000000E+00  0.00000000000000E+00  0.00000000000000E+00  0.00000000000000E+00  0.00000000000000E+00  0.00000000000000E+00  0.00000000000000E+00  0.00000000000000E+00  0.00000000000000E+00  0.00000000000000E+00  0.00000000000000E+00  0.00000000000000E+00  0.00000000000000E+00  0.00000000000000E+00  0.00000000000000E+00  0.42713510698235E+04  0.00000000000000E+00  0.00000000000000E+00  0.00000000000000E+00  0.00000000000000E+00
  -0.15192109551347E+05 -0.23589358916149E+04  0.39811291510843E+02 -0.93873140772590E+04  0.32756605046837E+03 -0.30838551174205E+04 -0.12931183613865E+04 -0.26115571972216E+06  0.11148176168885E+06  0.30839389950944E+04 -0.11657074034024E+04  0.29711608833948E+03  0.29779635565303E+02 -0.16282077446639E+01 -0.25120577801270E+04 -0.26865928201872E+03  0.95514775080032E+03  0.11748256798207E+04 -0.19544519734462E+05  0.00000000000000E+00  0.00000000000000E+00  0.00000000000000E+00  0.00000000000000E+00  0.00000000000000E+00  0.00000000000000E+00  0.00000000000000E+00  0.00000000000000E+00  0.00000000000000E+00  0.00000000000000E+00  0.00000000000000E+00  0.00000000000000E+00  0.00000000000000E+00  0.00000000000000E+00  0.00000000000000E+00  0.00000000000000E+00  0.00000000000000E+00  0.12399618751947E+06  0.00000000000000E+00  0.00000000000000E+00  0.00000000000000E+00
   0.16642695400909E+05 -0.22387399672218E+04  0.71057924739391E+03 -0.15634623126637E+05  0.24915466621724E+04 -0.34715287810586E+04 -0.32324877292995E+04 -0.86468709302916E+04  0.15938436298809E+04  0.44390484076362E+03 -0.70425603757876E+02  0.32706626718092E+03  0.73580664842320E+02  0.59764282197867E-04  0.18218013898982E+03 -0.32734558301820E+02  0.18961860415956E+03  0.13520229878189E+03  0.45667371328012E+05  0.12820156942605E+02 -0.43168253059121E+04  0.15160117870181E+04  0.37762189129750E+04  0.20118028825907E+05  0.00000000000000E+00  0.00000000000000E+00  0.00000000000000E+00  0.00000000000000E+00  0.00000000000000E+00  0.00000000000000E+00  0.00000000000000E+00  0.00000000000000E+00  0.00000000000000E+00  0.00000000000000E+00  0.00000000000000E+00  0.00000000000000E+00  0.00000000000000E+00  0.39253909028615E+05  0.00000000000000E+00  0.00000000000000E+00
  -0.70871994391214E+05  0.85419015017926E+04 -0.25154160865899E+04 -0.71655734714141E+04  0.81807668552298E+03 -0.18927856882049E+04 -0.11717272276178E+04 -0.13667385793014E+06  0.44220363371111E+05  0.27901515442823E+04 -0.84284809551000E+03 -0.28217529850580E+04 -0.20335664446860E+03 -0.33194010381026E+01 -0.82131883613173E+03  0.23335208615620E+03 -0.14092182981856E+04 -0.99360078803293E+03  0.21248751294417E+05  0.00000000000000E+00  0.00000000000000E+00 -0.35949037679318E+03 -0.20427063135349E+04  0.15566680137072E+04  0.00000000000000E+00  0.00000000000000E+00  0.00000000000000E+00  0.00000000000000E+00  0.00000000000000E+00  0.00000000000000E+00  0.00000000000000E+00  0.00000000000000E+00  0.00000000000000E+00  0.00000000000000E+00  0.00000000000000E+00  0.00000000000000E+00  0.00000000000000E+00  0.00000000000000E+00  0.94908016751696E+05  0.00000000000000E+00
  -0.55948821304750E+05  0.71686275663377E+04 -0.20397061940831E+04 -0.21219892714606E+05  0.25146266989472E+04 -0.54608525577592E+04 -0.34930611175571E+04 -0.16978329749046E+06  0.54383331461672E+05  0.35525786616206E+04 -0.10554811184296E+04 -0.39938742401179E-10 -0.66760755453725E-11 -0.30330557657469E-12 -0.92436534694213E+03  0.26122835967265E+03 -0.15661463706205E+04 -0.11044773281254E+04  0.65433503582873E+05 -0.28053226201171E+02  0.42587584487692E+04 -0.27751705914436E+04 -0.80651215038132E+04 -0.29826533409717E+05  0.00000000000000E+00  0.00000000000000E+00  0.00000000000000E+00  0.00000000000000E+00  0.00000000000000E+00  0.00000000000000E+00  0.00000000000000E+00  0.00000000000000E+00  0.00000000000000E+00  0.00000000000000E+00  0.00000000000000E+00  0.00000000000000E+00  0.00000000000000E+00  0.00000000000000E+00  0.00000000000000E+00  0.99576244772934E+05

 # Covariance matrix (Bevington epsilon)
