# fitpack15: fit parameters                                                                         
# CJ15 AV18 final data choices                                                                      
# Created on 01/23/2020 at 22:11:34                                                                 

 # QCD setup
  INS                           0
  NVL                          11
  IORD                          1
  Q02                   1.6899999999999999     
  IPARAMC                       7
  FLAVOR                4.0000000000000000     
  xmc                   1.3000000000000000     
  xmb                   4.5000000000000000     
  ncb                          12
  ihq                           1
  ias                           0

 # Theory corrections
  inuke                     10814
  itmc                          1
  iht                           1

 # fit parameters
 LAMBDA       0.22680        0.0000    
 a0uv          2.3979        0.0000    
 a1uv         0.61454       0.19917E-01
 a2uv          3.5440       0.12394E-01
 a3uv          0.0000        0.0000    
 a4uv          3.4802       0.43174    
 a5uv          0.0000        0.0000    
 a0dv          24.530        0.0000    
 a1dv          1.1581       0.33517E-01
 a2dv          6.5417       0.15911    
 a3dv         -3.4990       0.86335E-01
 a4dv          4.6727       0.14301    
 a5dv          0.0000        0.0000    
 a0ud         0.14652       0.50335E-02
 a1ud        -0.20781       0.37550E-02
 a2ud          8.3228       0.19196    
 a3ud          0.0000        0.0000    
 a4ud          14.577        1.2241    
 a5ud          0.0000        0.0000    
 a0du          35712.        0.0000    
 a1du          4.0272       0.75611E-01
 a2du          20.106       0.87697    
 a3du          17.000        0.0000    
 a4du          51.234        10.640    
 a0g           45.894        0.0000    
 a1g          0.60470       0.31291E-01
 a2g           6.5411       0.96044    
 a3g          -3.3120       0.13500    
 a4g           3.1937       0.32496    
 a5g           0.0000        0.0000    
 kappa        0.40000        0.0000    
 a6dv        -0.35845E-02   0.67323E-03
 a7dv          2.0000        0.0000    
 off1         -3.7201        1.5189    
 off2         0.57747E-01   0.57093E-01
 ht1          -3.3166       0.26069    
 ht2           1.9409       0.10553    
 ht3          -2.0670       0.18389E-01
 ht4           0.0000        0.0000    
 dummy40       0.0000        0.0000    
 dummy41       0.0000        0.0000    
 dummy42       0.0000        0.0000    
 dummy43       0.0000        0.0000    
 dummy44       0.0000        0.0000    
 dummy45       0.0000        0.0000    
 dummy46       0.0000        0.0000    
 dummy47       0.0000        0.0000    
 dummy48       0.0000        0.0000    
 dummy49       0.0000        0.0000    
 bcdmsh2      0.97296       0.48223E-02
 bcdmsd2      0.99300       0.58307E-02
 ccfr          1.0000        0.0000    
 nutev         1.0000        0.0000    
 zeus         0.97998        0.0000    
 h1            1.0162        0.0000    
 e605          1.0319        0.0000    
 NmcH2         1.0092       0.71217E-02
 ntv_nu        1.0000        0.0000    
 ntv_nubar     1.0000        0.0000    
 cdf_jet      0.98910        0.0000    
 d0_jet       0.83504        0.0000    
 slac_p        1.0048       0.48121E-02
 slac_d        1.0040       0.52747E-02
 e866pp       0.96527       0.19254E-01
 e866pd       0.96317       0.15812E-01
 d0_gamjet     1.0389       0.16481E-01
 h1b          0.97608        0.0000    
 jlab_p       0.99419       0.57890E-02
 jlab_d       0.97540       0.59040E-02
 blank         1.0000        0.0000    
 d0run2       0.94088       0.14120E-01
 cdfrun2      0.92667       0.17221E-01
 HERA_el       1.0000        0.0000    
 HERA_ps       1.0000        0.0000    
 CDF_Z        0.96550       0.65153E-02
 NmcRat        1.0000        0.0000    
 BNS_F2nd     0.98320       0.69230E-02
 HERMES_F2p   0.99818       0.55661E-02
 HERMES_F2d   0.98023       0.58210E-02
 END 0. 0.

 # Hessian matrix (Bevington alpha)
   0.48853614134596E+07 -0.12867590989131E+07  0.23337655853363E+06  0.47967216123033E+06 -0.12638392604771E+06 -0.22117627802585E+05  0.55508780085459E+05  0.90085518237144E+06 -0.17329507371023E+06 -0.48227229489057E+05  0.73473296853058E+04  0.15561138510064E+05  0.17613268929707E+04 -0.11104087429549E+03  0.74575151999223E+04 -0.19080552190027E+04  0.10572780076287E+05  0.75909225167927E+04 -0.73693408338572E+07 -0.13855430935975E+04 -0.21163090842050E+06  0.56908420168172E+05  0.17835224369636E+06  0.74510489050350E+06 -0.12692706919236E+06 -0.53843179748405E+05 -0.43785004261693E+04 -0.83750769934575E+06 -0.10841333028307E+07 -0.20577188562581E+05 -0.46368111800784E+05 -0.30774316939488E+04 -0.19834268955187E+06 -0.22379257853545E+06 -0.90895818286883E+04 -0.32208076027691E+04 -0.14943459950109E+05  0.16585163184626E+05 -0.70545476884659E+05 -0.55685473301224E+05
  -0.12867590989131E+07  0.41286559936445E+06 -0.63556662321646E+05 -0.13503616439043E+06  0.35307663004145E+05  0.84971228983363E+04 -0.12385046349245E+05 -0.12124278470585E+06  0.26414626381638E+05  0.74609374806269E+04 -0.93391342498176E+03 -0.12567944423942E+04 -0.14705502435246E+03  0.13390887272539E+02  0.67370607635164E+03 -0.53676361446096E+02  0.18122559246045E+03  0.10127255687743E+03  0.25286252112035E+07  0.56138679822541E+03  0.60473629133978E+05 -0.12586559478419E+05 -0.42934995342563E+05 -0.20556488437449E+06  0.16573700262946E+05  0.81949291976219E+04 -0.24016684760514E+03  0.20916012727464E+06  0.26324371166047E+06  0.58069760704778E+04  0.13232184549730E+05  0.42081206366622E+03  0.63441975069813E+05  0.70997708656536E+05  0.24634983575843E+04  0.78274024095030E+03 -0.23672690165767E+04 -0.22382553585896E+04  0.85358402117340E+04  0.71620909549540E+04
   0.23337655853363E+06 -0.63556662321646E+05  0.11272794927447E+05  0.23163626638770E+05 -0.61958355874447E+04 -0.12929271800771E+04  0.25983634746127E+04  0.31519014810569E+05 -0.59139750226626E+04 -0.19922021548075E+04  0.26103329638738E+03  0.48631109407709E+03  0.63846014050736E+02 -0.50194407661944E+01 -0.39436611364093E+03  0.23726803479025E+00 -0.18662378808135E+03 -0.26796712097019E+02 -0.36784828367469E+06 -0.71258246929360E+02 -0.10275584551097E+05  0.26457183750197E+04  0.83078445252111E+04  0.35789107394756E+05 -0.55453918783516E+04 -0.23667182527457E+04  0.51164668986164E+02 -0.39008913250310E+05 -0.50670244262097E+05 -0.10048555284197E+04 -0.22742700487433E+04 -0.11877728225123E+03 -0.99206374286579E+04 -0.11160119817632E+05 -0.43513612099561E+03 -0.15155542662741E+03  0.53486793786147E+02  0.72578855931456E+03 -0.25635731180048E+04 -0.20797084147556E+04
   0.47967216123033E+06 -0.13503616439043E+06  0.23163626638770E+05  0.39534391140852E+06 -0.62524344094047E+05  0.75750383381748E+05  0.64761727671730E+05  0.34537739824516E+06 -0.25286591245372E+05 -0.18279591934277E+05  0.33593139619329E+04 -0.13713479171617E+04 -0.15652600833648E+03  0.58129219112666E+02  0.30599443858437E+05 -0.37040281699033E+04  0.27276022112163E+05  0.15253050666612E+05 -0.21966730726583E+07 -0.20688500352157E+03 -0.61920650473272E+05  0.20348498114625E+05  0.56381767915536E+05  0.24058695204540E+06 -0.12774827395542E+05 -0.21152252696601E+05 -0.68192846972150E+02 -0.65707927436871E+05 -0.34070380045637E+06 -0.14148111268059E+04 -0.24899780198908E+04 -0.73767403310420E+02 -0.11736734534240E+05 -0.52636287912298E+05 -0.25090713167821E+04 -0.97961373088864E+03 -0.94983011013389E+04 -0.15683297281396E+05 -0.71920345446744E+04 -0.21292097381498E+05
  -0.12638392604771E+06  0.35307663004145E+05 -0.61958355874447E+04 -0.62524344094047E+05  0.11763566759891E+05 -0.79088751025036E+04 -0.94684805072133E+04 -0.32285519333137E+05  0.34181496002896E+03  0.23942315524686E+04 -0.34172452107071E+03 -0.41742102362633E+02  0.45629690416222E+01 -0.52090515429874E+01 -0.26055720734273E+04  0.32066538072888E+03 -0.22680824894454E+04 -0.12857931165943E+04  0.48654376480894E+06  0.66924842067596E+02  0.12926671835068E+05 -0.38338981163914E+04 -0.10607375488463E+05 -0.48221717951083E+05  0.19997830306115E+04  0.33715313584953E+04 -0.56153033386766E+02  0.11982684499968E+05  0.63199948158351E+05  0.34055483571909E+03  0.57986475884015E+03  0.95352728464503E+01  0.29900513714007E+04  0.13195493667194E+05  0.48338090708364E+03  0.17925558908961E+03  0.33336604132350E+03  0.24955700694168E+04  0.81967766586664E+03  0.25187327920038E+04
  -0.22117627802585E+05  0.84971228983363E+04 -0.12929271800771E+04  0.75750383381748E+05 -0.79088751025036E+04  0.24246807447319E+05  0.14753101464145E+05  0.10461965462478E+06 -0.92871404106885E+04 -0.46019834577061E+04  0.10001279878597E+04 -0.70676689319038E+03 -0.69268535898448E+02  0.19644716402704E+02  0.92917838432142E+04 -0.11543362402116E+04  0.84231928344934E+04  0.47753747723013E+04 -0.68779142862805E+05  0.52792287486958E+02 -0.46321231948239E+04  0.25216603225795E+04  0.69205065127495E+04  0.21876633969932E+05 -0.28159752247699E+04 -0.43228141270289E+04  0.15266982723074E+03 -0.88782016720249E+04 -0.43966755401520E+05 -0.41732494028413E+01 -0.36577530604416E+02 -0.19510185801871E+02  0.32727621171734E+03  0.10953146495938E+04 -0.27418749045295E+03 -0.13790205868663E+03 -0.30301058679175E+04 -0.33735280270072E+04 -0.18474550655184E+04 -0.53286610214352E+04
   0.55508780085459E+05 -0.12385046349245E+05  0.25983634746127E+04  0.64761727671730E+05 -0.94684805072133E+04  0.14753101464145E+05  0.11587142227926E+05  0.58065045177404E+05 -0.29417177895211E+04 -0.32848303111790E+04  0.58531452136223E+03 -0.21430246095067E+03 -0.27357192622692E+02  0.10327207033213E+02  0.48015203526597E+04 -0.60517153226154E+03  0.42423198534867E+04  0.24358704887495E+04 -0.24977271485566E+06 -0.11934671560113E+01 -0.85141513429346E+04  0.31466373438550E+04  0.85621543170653E+04  0.33751493248795E+05 -0.24966528373686E+04 -0.39164689005972E+04  0.13558916917953E+03 -0.10100749848899E+05 -0.52737437149735E+05 -0.17231393404990E+03 -0.29355935172977E+03 -0.13718525756100E+02 -0.10812411266731E+04 -0.50082617565495E+04 -0.37520008468792E+03 -0.15794930811671E+03 -0.12727112487799E+04 -0.31585846257175E+04 -0.11474760277246E+04 -0.34200275160402E+04
   0.90085518237144E+06 -0.12124278470585E+06  0.31519014810569E+05  0.34537739824516E+06 -0.32285519333137E+05  0.10461965462478E+06  0.58065045177404E+05  0.49655528413289E+07 -0.23101105337202E+07 -0.85049605010401E+05  0.25846597576372E+05  0.27248698497725E+05  0.18173338417506E+04  0.10266357577487E+03  0.82297718080329E+05 -0.10448869981747E+05  0.84321805589556E+05  0.45446668102845E+05 -0.56540550089576E+06  0.37536813651840E+03 -0.27903167784010E+05  0.28270687702436E+05  0.88549385677151E+05  0.24494857616407E+06 -0.60402914529257E+05 -0.48606731923852E+05 -0.66789115882072E+05 -0.28059144407361E+06 -0.55701648287685E+06 -0.72609780635948E+05 -0.16236214159539E+06 -0.13269835041243E+04 -0.56970463887742E+04 -0.11182397975479E+05  0.81343045950181E+02  0.17311785330184E+03 -0.26190330096885E+06 -0.85932501109003E+04 -0.13671866464951E+06 -0.17008838540967E+06
  -0.17329507371023E+06  0.26414626381638E+05 -0.59139750226626E+04 -0.25286591245372E+05  0.34181496002896E+03 -0.92871404106885E+04 -0.29417177895211E+04 -0.23101105337202E+07  0.19286164077985E+07  0.18943734863444E+05 -0.65096318476859E+04 -0.58617174386926E+04 -0.32086643585408E+03 -0.14080035216865E+02  0.49918884749454E+05 -0.23567402789625E+04  0.17070278793944E+05  0.82861852125346E+04 -0.26639366551852E+05 -0.91851458089573E+02  0.66098847309606E+03 -0.57083843528088E+04 -0.18986144391764E+05 -0.46870734959481E+05  0.11416688864626E+05  0.10822577737614E+05  0.24095623219196E+05  0.65434038613180E+05  0.12575058446407E+06  0.23168657496288E+05  0.51915365866462E+05  0.17853938908739E+03  0.61633395827441E+03  0.12445121739861E+04 -0.12021270759486E+04 -0.67227854537582E+03  0.11156023775445E+06  0.15806171044842E+04  0.44155503674990E+05  0.54390642554052E+05
  -0.48227229489057E+05  0.74609374806269E+04 -0.19922021548075E+04 -0.18279591934277E+05  0.23942315524686E+04 -0.46019834577061E+04 -0.32848303111790E+04 -0.85049605010401E+05  0.18943734863444E+05  0.26364884336084E+04 -0.63943083061507E+03 -0.70086921631229E+03 -0.61435099698972E+02 -0.19501819778071E+01 -0.39745976615792E+04  0.48155271054574E+03 -0.35773215024329E+04 -0.20135624003875E+04  0.56416537053408E+05 -0.90262294419171E+01  0.24820763897916E+04 -0.12970389579143E+04 -0.37785098220646E+04 -0.12154454354574E+05  0.27308507310420E+04  0.18924217429068E+04  0.72713104981168E+03  0.10921502090280E+05  0.22855013116344E+05  0.15290072480544E+04  0.33477138122446E+04  0.43023099624948E+02  0.57581154659643E+03  0.10920919712674E+04  0.13463993367469E+03  0.60134172258940E+02  0.30833500203185E+04  0.44010899233998E+03  0.27810949769623E+04  0.35445512415076E+04
   0.73473296853058E+04 -0.93391342498176E+03  0.26103329638738E+03  0.33593139619329E+04 -0.34172452107071E+03  0.10001279878597E+04  0.58531452136223E+03  0.25846597576372E+05 -0.65096318476859E+04 -0.63943083061507E+03  0.18074401971128E+03  0.20781470246547E+03  0.15030538611381E+02  0.74971920808078E+00  0.12636233170093E+04 -0.13921052220920E+03  0.10887323868530E+04  0.59055916100028E+03 -0.64183580453110E+04  0.27751153078911E+01 -0.28603325562174E+03  0.22119076001103E+03  0.67810431607114E+03  0.19472017421169E+04 -0.48556554495879E+03 -0.36677206687388E+03 -0.34132423199272E+03 -0.20763982656369E+04 -0.41744573435369E+04 -0.44412926469010E+03 -0.99323659612011E+03 -0.11148342908143E+02 -0.49568087732826E+02 -0.97104309080288E+02 -0.15278029989043E+02 -0.72120835839998E+01 -0.11584115300563E+04 -0.69103228070569E+02 -0.83411073110495E+03 -0.10459088087184E+04
   0.15561138510064E+05 -0.12567944423942E+04  0.48631109407709E+03 -0.13713479171617E+04 -0.41742102362633E+02 -0.70676689319038E+03 -0.21430246095067E+03  0.27248698497725E+05 -0.58617174386926E+04 -0.70086921631229E+03  0.20781470246547E+03  0.18287678476268E+04  0.11895127572557E+03 -0.99889189060617E+00  0.14959205723054E+04 -0.20560047764089E+03  0.16370856579798E+04  0.93382407604438E+03 -0.67591394818289E+04 -0.50965467531877E+01 -0.12292037935848E+03 -0.82423488723771E+01  0.14547672673874E+03 -0.90263061414385E+03 -0.11724570797430E+04 -0.25644603715045E-10 -0.77062551195995E+03 -0.52262473809331E+04  0.14701615211094E-09 -0.25292807021262E+04 -0.74939434474151E+02 -0.83243325255582E+02 -0.22307539752627E+00  0.25404642573396E-09 -0.18392123634084E+01 -0.79201890198893E+00  0.29926972498267E+03  0.32265324586769E+03 -0.28672227155872E+04  0.57358631171083E-10
   0.17613268929707E+04 -0.14705502435246E+03  0.63846014050736E+02 -0.15652600833648E+03  0.45629690416222E+01 -0.69268535898448E+02 -0.27357192622692E+02  0.18173338417506E+04 -0.32086643585408E+03 -0.61435099698972E+02  0.15030538611381E+02  0.11895127572557E+03  0.10639454985788E+02 -0.18267641210468E+00  0.80901341401564E+02 -0.13467802123861E+02  0.97291189982719E+02  0.60186344207240E+02 -0.31950445863555E+03 -0.43506844617266E+00  0.63962303345396E+01  0.10281952349346E+01  0.18921538538212E+02 -0.92637886025199E+02 -0.17330127947974E+03 -0.19976623974899E-11 -0.29659115902024E+02 -0.61452099464916E+03  0.54560435952724E-10 -0.15706905004278E+03 -0.19786634674568E+02 -0.66747336694349E+01 -0.16077037510689E+00  0.19192846490033E-10 -0.19340655566048E+00 -0.75311359339164E-01  0.29852206773721E+02  0.72418529765112E+02 -0.20493096450514E+03  0.28927599488781E-11
  -0.11104087429549E+03  0.13390887272539E+02 -0.50194407661944E+01  0.58129219112666E+02 -0.52090515429874E+01  0.19644716402704E+02  0.10327207033213E+02  0.10266357577487E+03 -0.14080035216865E+02 -0.19501819778071E+01  0.74971920808078E+00 -0.99889189060617E+00 -0.18267641210468E+00  0.55987691844103E-01  0.15252881994690E+02 -0.11806705459093E+01  0.98259368377205E+01  0.46526422316156E+01 -0.83214104848102E+02  0.26847427488164E-01 -0.46440154025087E+01  0.57407009045738E+00  0.14589261568824E+01  0.75966739248497E+01  0.72207672901497E-01 -0.53722611232537E-13 -0.64800657336998E+01 -0.90480570109987E+00 -0.57500830628567E-12 -0.37261945614662E+01 -0.24429090399810E-04 -0.15109024273157E+00 -0.48450729704040E-13 -0.18949358810978E-12 -0.18471630358155E-02 -0.10152032413813E-02 -0.16420720243407E+01  0.75446303950143E-04 -0.34945451060017E+01  0.23935113199536E-12
   0.74575151999223E+04  0.67370607635164E+03 -0.39436611364093E+03  0.30599443858437E+05 -0.26055720734273E+04  0.92917838432142E+04  0.48015203526597E+04  0.82297718080329E+05  0.49918884749454E+05 -0.39745976615792E+04  0.12636233170093E+04  0.14959205723054E+04  0.80901341401564E+02  0.15252881994690E+02  0.48745650881421E+05 -0.44791025615709E+04  0.35410893850934E+05  0.18421342495919E+05 -0.54292748504447E+05  0.21648237384005E+01  0.76071013214295E+03 -0.20505262522686E+03 -0.59459006605992E+03 -0.14393823640865E+04 -0.26056229781627E+04 -0.17129782720920E+04 -0.24538035602833E+04  0.19664303484368E+04  0.41977727975182E+04 -0.15246131194177E+04 -0.29645712665486E+04 -0.71514598287512E+03  0.23983333172881E+03  0.42858334181468E+03 -0.28221195684918E+04 -0.15030518544006E+04 -0.24559765558857E+04  0.18095487674192E+03 -0.83717986309448E+03 -0.94328823258602E+03
  -0.19080552190027E+04 -0.53676361446096E+02  0.23726803479025E+00 -0.37040281699033E+04  0.32066538072888E+03 -0.11543362402116E+04 -0.60517153226154E+03 -0.10448869981747E+05 -0.23567402789625E+04  0.48155271054574E+03 -0.13921052220920E+03 -0.20560047764089E+03 -0.13467802123861E+02 -0.11806705459093E+01 -0.44791025615709E+04  0.48008349035585E+03 -0.37334322806927E+04 -0.20191145950959E+04  0.63553412264311E+04 -0.86790135529081E+00 -0.11190359344773E+03  0.20703954066094E+02  0.51813695226674E+02  0.15129819764112E+03  0.48081435859060E+03  0.30159849581888E+03  0.28153226779002E+03 -0.15880810287731E+03 -0.47241506438950E+03  0.15709327032986E+03  0.30448699799950E+03  0.78459414510035E+02 -0.64342934339355E+02 -0.11346562071820E+03  0.42865454304140E+03  0.21221729028511E+03 -0.28932063370706E+03 -0.32464673170900E+02  0.24020149487884E+03  0.26918451321022E+03
   0.10572780076287E+05  0.18122559246045E+03 -0.18662378808135E+03  0.27276022112163E+05 -0.22680824894454E+04  0.84231928344934E+04  0.42423198534867E+04  0.84321805589556E+05  0.17070278793944E+05 -0.35773215024329E+04  0.10887323868530E+04  0.16370856579798E+04  0.97291189982719E+02  0.98259368377205E+01  0.35410893850934E+05 -0.37334322806927E+04  0.29490163148920E+05  0.15801141790513E+05 -0.48543893174620E+05  0.10656305677488E+01  0.82296480588223E+03 -0.25038385672601E+03 -0.68156534071906E+03 -0.16038843488877E+04 -0.26945501453551E+04 -0.17333915917441E+04 -0.24857986407454E+04  0.20983037484939E+04  0.45118807779451E+04 -0.12884401587501E+04 -0.25160704094886E+04 -0.61395480536792E+03  0.86002529257988E+02  0.16712984129275E+03 -0.26761057847190E+04 -0.14372348521674E+04  0.13607435812945E+04  0.22804305689721E+03 -0.16753977447265E+04 -0.18613883819637E+04
   0.75909225167927E+04  0.10127255687743E+03 -0.26796712097019E+02  0.15253050666612E+05 -0.12857931165943E+04  0.47753747723013E+04  0.24358704887495E+04  0.45446668102845E+05  0.82861852125346E+04 -0.20135624003875E+04  0.59055916100028E+03  0.93382407604438E+03  0.60186344207240E+02  0.46526422316156E+01  0.18421342495919E+05 -0.20191145950959E+04  0.15801141790513E+05  0.85768527001972E+04 -0.26959374418080E+05  0.19573424553006E+01  0.49663176574115E+03 -0.13178856223335E+03 -0.33554092459000E+03 -0.84110420447447E+03 -0.18706295550838E+04 -0.11717694154850E+04 -0.12478071917148E+04  0.97529011032066E+03  0.24541943017710E+04 -0.65226324879678E+03 -0.12748446757302E+04 -0.33712688942103E+03  0.11262539391761E+03  0.20830421149396E+03 -0.17127234495698E+04 -0.88399623513534E+03  0.14477944513780E+04  0.15776319590347E+03 -0.11498730135144E+04 -0.12784164497114E+04
  -0.73693408338572E+07  0.25286252112035E+07 -0.36784828367469E+06 -0.21966730726583E+07  0.48654376480894E+06 -0.68779142862805E+05 -0.24977271485566E+06 -0.56540550089576E+06 -0.26639366551852E+05  0.56416537053408E+05 -0.64183580453110E+04 -0.67591394818289E+04 -0.31950445863555E+03 -0.83214104848102E+02 -0.54292748504447E+05  0.63553412264311E+04 -0.48543893174620E+05 -0.26959374418080E+05  0.32100869623554E+08  0.63974614050643E+04  0.66751396747934E+06 -0.16396647935782E+06 -0.48813016531751E+06 -0.24639577760088E+07  0.33467642126762E+05  0.74405301135207E+05 -0.11544430032725E+04  0.55656440283703E+06  0.27143349420276E+07  0.17466525573386E+05  0.31087125841426E+05  0.22618253769284E+03  0.18092382380492E+06  0.78994234573182E+06  0.24374150539156E+05  0.76968303625501E+04 -0.18481768280701E+05  0.43590465859749E+05  0.20284728792817E+05  0.62448488385170E+05
  -0.13855430935975E+04  0.56138679822541E+03 -0.71258246929360E+02 -0.20688500352157E+03  0.66924842067596E+02  0.52792287486958E+02 -0.11934671560113E+01  0.37536813651840E+03 -0.91851458089573E+02 -0.90262294419171E+01  0.27751153078911E+01 -0.50965467531877E+01 -0.43506844617266E+00  0.26847427488164E-01  0.21648237384005E+01 -0.86790135529081E+00  0.10656305677488E+01  0.19573424553006E+01  0.63974614050643E+04  0.23659011228020E+01  0.14003758797009E+03 -0.27463650804840E+02 -0.83440317389208E+02 -0.50095612283837E+03  0.00000000000000E+00 -0.26086550574754E+02  0.00000000000000E+00  0.00000000000000E+00  0.40699522690174E+03  0.00000000000000E+00 -0.71688428336190E+01  0.00000000000000E+00  0.00000000000000E+00  0.21655603136503E+03  0.00000000000000E+00  0.00000000000000E+00  0.00000000000000E+00  0.12071195857237E+02  0.00000000000000E+00 -0.27275064568656E+02
  -0.21163090842050E+06  0.60473629133978E+05 -0.10275584551097E+05 -0.61920650473272E+05  0.12926671835068E+05 -0.46321231948239E+04 -0.85141513429346E+04 -0.27903167784010E+05  0.66098847309606E+03  0.24820763897916E+04 -0.28603325562174E+03 -0.12292037935848E+03  0.63962303345396E+01 -0.46440154025087E+01  0.76071013214295E+03 -0.11190359344773E+03  0.82296480588223E+03  0.49663176574115E+03  0.66751396747934E+06  0.14003758797009E+03  0.26466161602133E+05 -0.77667620612163E+04 -0.21278437647436E+05 -0.10062966530910E+06  0.00000000000000E+00  0.50682000679977E+04  0.00000000000000E+00  0.00000000000000E+00  0.11574044172060E+06  0.00000000000000E+00 -0.11569124626474E+04  0.00000000000000E+00  0.00000000000000E+00  0.23081409970361E+05  0.00000000000000E+00  0.00000000000000E+00  0.00000000000000E+00 -0.42227686463957E+04  0.00000000000000E+00  0.41643921769753E+04
   0.56908420168172E+05 -0.12586559478419E+05  0.26457183750197E+04  0.20348498114625E+05 -0.38338981163914E+04  0.25216603225795E+04  0.31466373438550E+04  0.28270687702436E+05 -0.57083843528088E+04 -0.12970389579143E+04  0.22119076001103E+03 -0.82423488723771E+01  0.10281952349346E+01  0.57407009045738E+00 -0.20505262522686E+03  0.20703954066094E+02 -0.25038385672601E+03 -0.13178856223335E+03 -0.16396647935782E+06 -0.27463650804840E+02 -0.77667620612163E+04  0.28176335904010E+04  0.74954522899637E+04  0.32609650210579E+05 -0.51916813297035E+02 -0.21053316144127E+04  0.24534566158705E+01  0.49387398369654E+03 -0.41974595789578E+05  0.00000000000000E+00 -0.15824357332777E+03  0.00000000000000E+00  0.22667225475450E+04 -0.48896431712028E+04  0.00000000000000E+00  0.00000000000000E+00  0.00000000000000E+00  0.15057304607500E+04 -0.39003219515654E+03 -0.27988173922980E+04
   0.17835224369636E+06 -0.42934995342563E+05  0.83078445252111E+04  0.56381767915536E+05 -0.10607375488463E+05  0.69205065127495E+04  0.85621543170653E+04  0.88549385677151E+05 -0.18986144391764E+05 -0.37785098220646E+04  0.67810431607114E+03  0.14547672673874E+03  0.18921538538212E+02  0.14589261568824E+01 -0.59459006605992E+03  0.51813695226674E+02 -0.68156534071906E+03 -0.33554092459000E+03 -0.48813016531751E+06 -0.83440317389208E+02 -0.21278437647436E+05  0.74954522899637E+04  0.20571347454814E+05  0.88266422543514E+05 -0.16304720901689E+03 -0.52499308748126E+04 -0.47640130007074E+02 -0.67231844588748E+04 -0.11542420094970E+06  0.00000000000000E+00 -0.39186485789577E+03  0.00000000000000E+00  0.31624892512042E+04 -0.15291421882855E+05  0.00000000000000E+00  0.00000000000000E+00  0.00000000000000E+00  0.37543350846584E+04 -0.21428439211922E+04 -0.81486848654919E+04
   0.74510489050350E+06 -0.20556488437449E+06  0.35789107394756E+05  0.24058695204540E+06 -0.48221717951083E+05  0.21876633969932E+05  0.33751493248795E+05  0.24494857616407E+06 -0.46870734959481E+05 -0.12154454354574E+05  0.19472017421169E+04 -0.90263061414385E+03 -0.92637886025199E+02  0.75966739248497E+01 -0.14393823640865E+04  0.15129819764112E+03 -0.16038843488877E+04 -0.84110420447447E+03 -0.24639577760088E+07 -0.50095612283837E+03 -0.10062966530910E+06  0.32609650210579E+05  0.88266422543514E+05  0.41396062225193E+06  0.25317743797043E+03 -0.27060044745904E+05 -0.64585190076724E+01  0.37940395074479E+05 -0.48560840787596E+06  0.00000000000000E+00 -0.20736050706431E+04  0.00000000000000E+00  0.16112851679088E+05 -0.80693351440105E+05  0.00000000000000E+00  0.00000000000000E+00  0.00000000000000E+00  0.20000831565636E+05  0.15682326971501E+04 -0.29706999148499E+05
  -0.12692706919236E+06  0.16573700262946E+05 -0.55453918783516E+04 -0.12774827395542E+05  0.19997830306115E+04 -0.28159752247699E+04 -0.24966528373686E+04 -0.60402914529257E+05  0.11416688864626E+05  0.27308507310420E+04 -0.48556554495879E+03 -0.11724570797430E+04 -0.17330127947974E+03  0.72207672901497E-01 -0.26056229781627E+04  0.48081435859060E+03 -0.26945501453551E+04 -0.18706295550838E+04  0.33467642126762E+05  0.00000000000000E+00  0.00000000000000E+00 -0.51916813297035E+02 -0.16304720901689E+03  0.25317743797043E+03  0.11627583165598E+06  0.00000000000000E+00  0.00000000000000E+00  0.00000000000000E+00  0.00000000000000E+00  0.00000000000000E+00  0.00000000000000E+00  0.00000000000000E+00  0.00000000000000E+00  0.00000000000000E+00  0.00000000000000E+00  0.00000000000000E+00  0.00000000000000E+00  0.00000000000000E+00  0.00000000000000E+00  0.00000000000000E+00
  -0.53843179748405E+05  0.81949291976219E+04 -0.23667182527457E+04 -0.21152252696601E+05  0.33715313584953E+04 -0.43228141270289E+04 -0.39164689005972E+04 -0.48606731923852E+05  0.10822577737614E+05  0.18924217429068E+04 -0.36677206687388E+03 -0.25644603715045E-10 -0.19976623974899E-11 -0.53722611232537E-13 -0.17129782720920E+04  0.30159849581888E+03 -0.17333915917441E+04 -0.11717694154850E+04  0.74405301135207E+05 -0.26086550574754E+02  0.50682000679977E+04 -0.21053316144127E+04 -0.52499308748126E+04 -0.27060044745904E+05  0.00000000000000E+00  0.64575037142023E+05  0.00000000000000E+00  0.00000000000000E+00  0.00000000000000E+00  0.00000000000000E+00  0.00000000000000E+00  0.00000000000000E+00  0.00000000000000E+00  0.00000000000000E+00  0.00000000000000E+00  0.00000000000000E+00  0.00000000000000E+00  0.00000000000000E+00  0.00000000000000E+00  0.00000000000000E+00
  -0.43785004261693E+04 -0.24016684760514E+03  0.51164668986164E+02 -0.68192846972150E+02 -0.56153033386766E+02  0.15266982723074E+03  0.13558916917953E+03 -0.66789115882072E+05  0.24095623219196E+05  0.72713104981168E+03 -0.34132423199272E+03 -0.77062551195995E+03 -0.29659115902024E+02 -0.64800657336998E+01 -0.24538035602833E+04  0.28153226779002E+03 -0.24857986407454E+04 -0.12478071917148E+04 -0.11544430032725E+04  0.00000000000000E+00  0.00000000000000E+00  0.24534566158705E+01 -0.47640130007074E+02 -0.64585190076724E+01  0.00000000000000E+00  0.00000000000000E+00  0.30666423540413E+05  0.00000000000000E+00  0.00000000000000E+00  0.00000000000000E+00  0.00000000000000E+00  0.00000000000000E+00  0.00000000000000E+00  0.00000000000000E+00  0.00000000000000E+00  0.00000000000000E+00  0.00000000000000E+00  0.00000000000000E+00  0.00000000000000E+00  0.00000000000000E+00
  -0.83750769934575E+06  0.20916012727464E+06 -0.39008913250310E+05 -0.65707927436871E+05  0.11982684499968E+05 -0.88782016720249E+04 -0.10100749848899E+05 -0.28059144407361E+06  0.65434038613180E+05  0.10921502090280E+05 -0.20763982656369E+04 -0.52262473809331E+04 -0.61452099464916E+03 -0.90480570109987E+00  0.19664303484368E+04 -0.15880810287731E+03  0.20983037484939E+04  0.97529011032066E+03  0.55656440283703E+06  0.00000000000000E+00  0.00000000000000E+00  0.49387398369654E+03 -0.67231844588748E+04  0.37940395074479E+05  0.00000000000000E+00  0.00000000000000E+00  0.00000000000000E+00  0.57756382867682E+06  0.00000000000000E+00  0.00000000000000E+00  0.00000000000000E+00  0.00000000000000E+00  0.00000000000000E+00  0.00000000000000E+00  0.00000000000000E+00  0.00000000000000E+00  0.00000000000000E+00  0.00000000000000E+00  0.00000000000000E+00  0.00000000000000E+00
  -0.10841333028307E+07  0.26324371166047E+06 -0.50670244262097E+05 -0.34070380045637E+06  0.63199948158351E+05 -0.43966755401520E+05 -0.52737437149735E+05 -0.55701648287685E+06  0.12575058446407E+06  0.22855013116344E+05 -0.41744573435369E+04  0.14701615211094E-09  0.54560435952724E-10 -0.57500830628567E-12  0.41977727975182E+04 -0.47241506438950E+03  0.45118807779451E+04  0.24541943017710E+04  0.27143349420276E+07  0.40699522690174E+03  0.11574044172060E+06 -0.41974595789578E+05 -0.11542420094970E+06 -0.48560840787596E+06  0.00000000000000E+00  0.00000000000000E+00  0.00000000000000E+00  0.00000000000000E+00  0.91763796675919E+06  0.00000000000000E+00  0.00000000000000E+00  0.00000000000000E+00  0.00000000000000E+00  0.00000000000000E+00  0.00000000000000E+00  0.00000000000000E+00  0.00000000000000E+00  0.00000000000000E+00  0.00000000000000E+00  0.00000000000000E+00
  -0.20577188562581E+05  0.58069760704778E+04 -0.10048555284197E+04 -0.14148111268059E+04  0.34055483571909E+03 -0.41732494028413E+01 -0.17231393404990E+03 -0.72609780635948E+05  0.23168657496288E+05  0.15290072480544E+04 -0.44412926469010E+03 -0.25292807021262E+04 -0.15706905004278E+03 -0.37261945614662E+01 -0.15246131194177E+04  0.15709327032986E+03 -0.12884401587501E+04 -0.65226324879678E+03  0.17466525573386E+05  0.00000000000000E+00  0.00000000000000E+00  0.00000000000000E+00  0.00000000000000E+00  0.00000000000000E+00  0.00000000000000E+00  0.00000000000000E+00  0.00000000000000E+00  0.00000000000000E+00  0.00000000000000E+00  0.14779881496030E+05  0.00000000000000E+00  0.00000000000000E+00  0.00000000000000E+00  0.00000000000000E+00  0.00000000000000E+00  0.00000000000000E+00  0.00000000000000E+00  0.00000000000000E+00  0.00000000000000E+00  0.00000000000000E+00
  -0.46368111800784E+05  0.13232184549730E+05 -0.22742700487433E+04 -0.24899780198908E+04  0.57986475884015E+03 -0.36577530604416E+02 -0.29355935172977E+03 -0.16236214159539E+06  0.51915365866462E+05  0.33477138122446E+04 -0.99323659612011E+03 -0.74939434474151E+02 -0.19786634674568E+02 -0.24429090399810E-04 -0.29645712665486E+04  0.30448699799950E+03 -0.25160704094886E+04 -0.12748446757302E+04  0.31087125841426E+05 -0.71688428336190E+01 -0.11569124626474E+04 -0.15824357332777E+03 -0.39186485789577E+03 -0.20736050706431E+04  0.00000000000000E+00  0.00000000000000E+00  0.00000000000000E+00  0.00000000000000E+00  0.00000000000000E+00  0.00000000000000E+00  0.31824181946967E+05  0.00000000000000E+00  0.00000000000000E+00  0.00000000000000E+00  0.00000000000000E+00  0.00000000000000E+00  0.00000000000000E+00  0.00000000000000E+00  0.00000000000000E+00  0.00000000000000E+00
  -0.30774316939488E+04  0.42081206366622E+03 -0.11877728225123E+03 -0.73767403310420E+02  0.95352728464503E+01 -0.19510185801871E+02 -0.13718525756100E+02 -0.13269835041243E+04  0.17853938908739E+03  0.43023099624948E+02 -0.11148342908143E+02 -0.83243325255582E+02 -0.66747336694349E+01 -0.15109024273157E+00 -0.71514598287512E+03  0.78459414510035E+02 -0.61395480536792E+03 -0.33712688942103E+03  0.22618253769284E+03  0.00000000000000E+00  0.00000000000000E+00  0.00000000000000E+00  0.00000000000000E+00  0.00000000000000E+00  0.00000000000000E+00  0.00000000000000E+00  0.00000000000000E+00  0.00000000000000E+00  0.00000000000000E+00  0.00000000000000E+00  0.00000000000000E+00  0.37861693085611E+04  0.00000000000000E+00  0.00000000000000E+00  0.00000000000000E+00  0.00000000000000E+00  0.00000000000000E+00  0.00000000000000E+00  0.00000000000000E+00  0.00000000000000E+00
  -0.19834268955187E+06  0.63441975069813E+05 -0.99206374286579E+04 -0.11736734534240E+05  0.29900513714007E+04  0.32727621171734E+03 -0.10812411266731E+04 -0.56970463887742E+04  0.61633395827441E+03  0.57581154659643E+03 -0.49568087732826E+02 -0.22307539752627E+00 -0.16077037510689E+00 -0.48450729704040E-13  0.23983333172881E+03 -0.64342934339355E+02  0.86002529257988E+02  0.11262539391761E+03  0.18092382380492E+06  0.00000000000000E+00  0.00000000000000E+00  0.22667225475450E+04  0.31624892512042E+04  0.16112851679088E+05  0.00000000000000E+00  0.00000000000000E+00  0.00000000000000E+00  0.00000000000000E+00  0.00000000000000E+00  0.00000000000000E+00  0.00000000000000E+00  0.00000000000000E+00  0.10555694260005E+06  0.00000000000000E+00  0.00000000000000E+00  0.00000000000000E+00  0.00000000000000E+00  0.00000000000000E+00  0.00000000000000E+00  0.00000000000000E+00
  -0.22379257853545E+06  0.70997708656536E+05 -0.11160119817632E+05 -0.52636287912298E+05  0.13195493667194E+05  0.10953146495938E+04 -0.50082617565495E+04 -0.11182397975479E+05  0.12445121739861E+04  0.10920919712674E+04 -0.97104309080288E+02  0.25404642573396E-09  0.19192846490033E-10 -0.18949358810978E-12  0.42858334181468E+03 -0.11346562071820E+03  0.16712984129275E+03  0.20830421149396E+03  0.78994234573182E+06  0.21655603136503E+03  0.23081409970361E+05 -0.48896431712028E+04 -0.15291421882855E+05 -0.80693351440105E+05  0.00000000000000E+00  0.00000000000000E+00  0.00000000000000E+00  0.00000000000000E+00  0.00000000000000E+00  0.00000000000000E+00  0.00000000000000E+00  0.00000000000000E+00  0.00000000000000E+00  0.13866161518669E+06  0.00000000000000E+00  0.00000000000000E+00  0.00000000000000E+00  0.00000000000000E+00  0.00000000000000E+00  0.00000000000000E+00
  -0.90895818286883E+04  0.24634983575843E+04 -0.43513612099561E+03 -0.25090713167821E+04  0.48338090708364E+03 -0.27418749045295E+03 -0.37520008468792E+03  0.81343045950181E+02 -0.12021270759486E+04  0.13463993367469E+03 -0.15278029989043E+02 -0.18392123634084E+01 -0.19340655566048E+00 -0.18471630358155E-02 -0.28221195684918E+04  0.42865454304140E+03 -0.26761057847190E+04 -0.17127234495698E+04  0.24374150539156E+05  0.00000000000000E+00  0.00000000000000E+00  0.00000000000000E+00  0.00000000000000E+00  0.00000000000000E+00  0.00000000000000E+00  0.00000000000000E+00  0.00000000000000E+00  0.00000000000000E+00  0.00000000000000E+00  0.00000000000000E+00  0.00000000000000E+00  0.00000000000000E+00  0.00000000000000E+00  0.00000000000000E+00  0.83083142215267E+04  0.00000000000000E+00  0.00000000000000E+00  0.00000000000000E+00  0.00000000000000E+00  0.00000000000000E+00
  -0.32208076027691E+04  0.78274024095030E+03 -0.15155542662741E+03 -0.97961373088864E+03  0.17925558908961E+03 -0.13790205868663E+03 -0.15794930811671E+03  0.17311785330184E+03 -0.67227854537582E+03  0.60134172258940E+02 -0.72120835839998E+01 -0.79201890198893E+00 -0.75311359339164E-01 -0.10152032413813E-02 -0.15030518544006E+04  0.21221729028511E+03 -0.14372348521674E+04 -0.88399623513534E+03  0.76968303625501E+04  0.00000000000000E+00  0.00000000000000E+00  0.00000000000000E+00  0.00000000000000E+00  0.00000000000000E+00  0.00000000000000E+00  0.00000000000000E+00  0.00000000000000E+00  0.00000000000000E+00  0.00000000000000E+00  0.00000000000000E+00  0.00000000000000E+00  0.00000000000000E+00  0.00000000000000E+00  0.00000000000000E+00  0.00000000000000E+00  0.42611477890544E+04  0.00000000000000E+00  0.00000000000000E+00  0.00000000000000E+00  0.00000000000000E+00
  -0.14943459950109E+05 -0.23672690165767E+04  0.53486793786147E+02 -0.94983011013389E+04  0.33336604132350E+03 -0.30301058679175E+04 -0.12727112487799E+04 -0.26190330096885E+06  0.11156023775445E+06  0.30833500203185E+04 -0.11584115300563E+04  0.29926972498267E+03  0.29852206773721E+02 -0.16420720243407E+01 -0.24559765558857E+04 -0.28932063370706E+03  0.13607435812945E+04  0.14477944513780E+04 -0.18481768280701E+05  0.00000000000000E+00  0.00000000000000E+00  0.00000000000000E+00  0.00000000000000E+00  0.00000000000000E+00  0.00000000000000E+00  0.00000000000000E+00  0.00000000000000E+00  0.00000000000000E+00  0.00000000000000E+00  0.00000000000000E+00  0.00000000000000E+00  0.00000000000000E+00  0.00000000000000E+00  0.00000000000000E+00  0.00000000000000E+00  0.00000000000000E+00  0.12391179143249E+06  0.00000000000000E+00  0.00000000000000E+00  0.00000000000000E+00
   0.16585163184626E+05 -0.22382553585896E+04  0.72578855931456E+03 -0.15683297281396E+05  0.24955700694168E+04 -0.33735280270072E+04 -0.31585846257175E+04 -0.85932501109003E+04  0.15806171044842E+04  0.44010899233998E+03 -0.69103228070569E+02  0.32265324586769E+03  0.72418529765112E+02  0.75446303950143E-04  0.18095487674192E+03 -0.32464673170900E+02  0.22804305689721E+03  0.15776319590347E+03  0.43590465859749E+05  0.12071195857237E+02 -0.42227686463957E+04  0.15057304607500E+04  0.37543350846584E+04  0.20000831565636E+05  0.00000000000000E+00  0.00000000000000E+00  0.00000000000000E+00  0.00000000000000E+00  0.00000000000000E+00  0.00000000000000E+00  0.00000000000000E+00  0.00000000000000E+00  0.00000000000000E+00  0.00000000000000E+00  0.00000000000000E+00  0.00000000000000E+00  0.00000000000000E+00  0.39268322485955E+05  0.00000000000000E+00  0.00000000000000E+00
  -0.70545476884659E+05  0.85358402117340E+04 -0.25635731180048E+04 -0.71920345446744E+04  0.81967766586664E+03 -0.18474550655184E+04 -0.11474760277246E+04 -0.13671866464951E+06  0.44155503674990E+05  0.27810949769623E+04 -0.83411073110495E+03 -0.28672227155872E+04 -0.20493096450514E+03 -0.34945451060017E+01 -0.83717986309448E+03  0.24020149487884E+03 -0.16753977447265E+04 -0.11498730135144E+04  0.20284728792817E+05  0.00000000000000E+00  0.00000000000000E+00 -0.39003219515654E+03 -0.21428439211922E+04  0.15682326971501E+04  0.00000000000000E+00  0.00000000000000E+00  0.00000000000000E+00  0.00000000000000E+00  0.00000000000000E+00  0.00000000000000E+00  0.00000000000000E+00  0.00000000000000E+00  0.00000000000000E+00  0.00000000000000E+00  0.00000000000000E+00  0.00000000000000E+00  0.00000000000000E+00  0.00000000000000E+00  0.94932627115777E+05  0.00000000000000E+00
  -0.55685473301224E+05  0.71620909549540E+04 -0.20797084147556E+04 -0.21292097381498E+05  0.25187327920038E+04 -0.53286610214352E+04 -0.34200275160402E+04 -0.17008838540967E+06  0.54390642554052E+05  0.35445512415076E+04 -0.10459088087184E+04  0.57358631171083E-10  0.28927599488781E-11  0.23935113199536E-12 -0.94328823258602E+03  0.26918451321022E+03 -0.18613883819637E+04 -0.12784164497114E+04  0.62448488385170E+05 -0.27275064568656E+02  0.41643921769753E+04 -0.27988173922980E+04 -0.81486848654919E+04 -0.29706999148499E+05  0.00000000000000E+00  0.00000000000000E+00  0.00000000000000E+00  0.00000000000000E+00  0.00000000000000E+00  0.00000000000000E+00  0.00000000000000E+00  0.00000000000000E+00  0.00000000000000E+00  0.00000000000000E+00  0.00000000000000E+00  0.00000000000000E+00  0.00000000000000E+00  0.00000000000000E+00  0.00000000000000E+00  0.99597635537389E+05

 # Covariance matrix (Bevington epsilon)
