# fitpack15: fit parameters                                                                         
# CJ15 AV18 final data choices                                                                      
# Created on 01/23/2020 at 22:45:45                                                                 

 # QCD setup
  INS                           0
  NVL                          11
  IORD                          1
  Q02                   1.6899999999999999     
  IPARAMC                       7
  FLAVOR                4.0000000000000000     
  xmc                   1.3000000000000000     
  xmb                   4.5000000000000000     
  ncb                          12
  ihq                           1
  ias                           0

 # Theory corrections
  inuke                     10814
  itmc                          1
  iht                           1

 # fit parameters
 LAMBDA       0.22680        0.0000    
 a0uv          1.9845        0.0000    
 a1uv         0.57201       0.23137E-01
 a2uv          3.5582       0.11064E-01
 a3uv          0.0000        0.0000    
 a4uv          4.4917       0.60687    
 a5uv          0.0000        0.0000    
 a0dv          25.224        0.0000    
 a1dv          1.1597       0.32106E-01
 a2dv          6.6016       0.15533    
 a3dv         -3.5521       0.81709E-01
 a4dv          4.7551       0.13689    
 a5dv          0.0000        0.0000    
 a0ud         0.14247       0.49707E-02
 a1ud        -0.21057       0.38023E-02
 a2ud          8.4072       0.18770    
 a3ud          0.0000        0.0000    
 a4ud          15.600        1.2712    
 a5ud          0.0000        0.0000    
 a0du          35712.        0.0000    
 a1du          4.0751       0.85213E-01
 a2du          20.322       0.93124    
 a3du          17.000        0.0000    
 a4du          53.347        11.289    
 a0g           48.208        0.0000    
 a1g          0.61301       0.33430E-01
 a2g           7.0453       0.99527    
 a3g          -3.3812       0.15512    
 a4g           3.4403       0.40558    
 a5g           0.0000        0.0000    
 kappa        0.40000        0.0000    
 a6dv        -0.37297E-02   0.64408E-03
 a7dv          2.0000        0.0000    
 off1         -3.4851        1.5084    
 off2         0.46201E-01   0.69118E-01
 ht1          -3.6035       0.29154    
 ht2           2.0753       0.11113    
 ht3          -2.0499       0.19512E-01
 ht4           0.0000        0.0000    
 dummy40       0.0000        0.0000    
 dummy41       0.0000        0.0000    
 dummy42       0.0000        0.0000    
 dummy43       0.0000        0.0000    
 dummy44       0.0000        0.0000    
 dummy45       0.0000        0.0000    
 dummy46       0.0000        0.0000    
 dummy47       0.0000        0.0000    
 dummy48       0.0000        0.0000    
 dummy49       0.0000        0.0000    
 bcdmsh2      0.97049       0.48370E-02
 bcdmsd2      0.99060       0.58239E-02
 ccfr          1.0000        0.0000    
 nutev         1.0000        0.0000    
 zeus         0.97998        0.0000    
 h1            1.0162        0.0000    
 e605          1.0319        0.0000    
 NmcH2         1.0067       0.71263E-02
 ntv_nu        1.0000        0.0000    
 ntv_nubar     1.0000        0.0000    
 cdf_jet      0.98910        0.0000    
 d0_jet       0.83504        0.0000    
 slac_p        1.0024       0.48237E-02
 slac_d        1.0017       0.52665E-02
 e866pp       0.98136       0.19913E-01
 e866pd       0.96841       0.15932E-01
 d0_gamjet     1.0366       0.16471E-01
 h1b          0.97608        0.0000    
 jlab_p       0.99212       0.57756E-02
 jlab_d       0.97333       0.58691E-02
 blank         1.0000        0.0000    
 d0run2       0.94179       0.13994E-01
 cdfrun2      0.92928       0.17205E-01
 HERA_el       1.0000        0.0000    
 HERA_ps       1.0000        0.0000    
 CDF_Z        0.95983       0.65074E-02
 NmcRat        1.0000        0.0000    
 BNS_F2nd     0.98193       0.68566E-02
 HERMES_F2p   0.99603       0.55811E-02
 HERMES_F2d   0.97825       0.58206E-02
 END 0. 0.

 # Hessian matrix (Bevington alpha)
   0.51598370337643E+07 -0.13254639553811E+07  0.19705368632053E+06  0.49825914611624E+06 -0.12832746718053E+06 -0.27511646763479E+05  0.54698520852649E+05  0.98249334598523E+06 -0.18359094826161E+06 -0.50136556676840E+05  0.73593830590442E+04  0.15114301538622E+05  0.16858515106110E+04 -0.10747754215604E+03  0.92411205601827E+04 -0.20616509826693E+04  0.92225683191497E+04  0.66991173920558E+04 -0.77923491268429E+07 -0.18566394810506E+04 -0.15435453189643E+06  0.49998614854543E+05  0.15817576896203E+06  0.63356425912722E+06 -0.13178843162881E+06 -0.55857817030310E+05 -0.51944187076629E+04 -0.86578949432744E+06 -0.11205525134157E+07 -0.20919911513572E+05 -0.47441117043127E+05 -0.31954801072216E+04 -0.20397691977733E+06 -0.23038884447628E+06 -0.92589382950106E+04 -0.32647542455590E+04 -0.17823876226230E+05  0.17072439686198E+05 -0.74067834441058E+05 -0.58291450503465E+05
  -0.13254639553811E+07  0.41555666677250E+06 -0.51749920007660E+05 -0.13603799111131E+06  0.34820130524541E+05  0.10146757814162E+05 -0.11552729702791E+05 -0.12508152645663E+06  0.26424829183393E+05  0.74223319757758E+04 -0.88713736968288E+03 -0.11818192570666E+04 -0.13610751252515E+03  0.12893598731966E+02  0.63634235833116E+03 -0.49684594439659E+02  0.13323023871360E+03  0.67597323278860E+02  0.26134495944563E+07  0.68435016478664E+03  0.42601599116252E+05 -0.10479139690439E+05 -0.36188969382505E+05 -0.16786440972666E+06  0.16772981474531E+05  0.82856667675909E+04 -0.19840876200549E+03  0.21043476505449E+06  0.26532290921774E+06  0.57425925550339E+04  0.13193580414511E+05  0.42206142512244E+03  0.63766623640318E+05  0.71526915345741E+05  0.24465654729350E+04  0.77380859460749E+03 -0.22265892772198E+04 -0.22444684686137E+04  0.86782361322718E+04  0.72684062313662E+04
   0.19705368632053E+06 -0.51749920007660E+05  0.75818150767508E+04  0.18852760255578E+05 -0.49688325322765E+04 -0.13003787566147E+04  0.20097076124255E+04  0.28271793633534E+05 -0.51341191932270E+04 -0.16908454341973E+04  0.21533836743130E+03  0.41311176436979E+03  0.52400881381612E+02 -0.41336025268429E+01 -0.29447153285386E+03 -0.49001650017175E+01 -0.13844458371642E+03 -0.14891482205272E+02 -0.30547382086278E+06 -0.73685008935811E+02 -0.59430389630061E+04  0.18681802604232E+04  0.59010469119722E+04  0.24169937098792E+05 -0.47329449439902E+04 -0.20086503988942E+04  0.20702097989044E+02 -0.32305303215871E+05 -0.41993449844506E+05 -0.81114726300733E+03 -0.18466050273002E+04 -0.10193285007310E+03 -0.80225335686498E+04 -0.90449789395276E+04 -0.35346401045495E+03 -0.12333303610528E+03 -0.58235925008614E+02  0.61766781714050E+03 -0.22446367929433E+04 -0.18082888825197E+04
   0.49825914611624E+06 -0.13603799111131E+06  0.18852760255578E+05  0.39896235348879E+06 -0.62411426482468E+05  0.75928153321250E+05  0.65007677650375E+05  0.36081210051832E+06 -0.27723227443904E+05 -0.18324450588144E+05  0.32094793878575E+04 -0.13689160858443E+04 -0.14949126423402E+03  0.55650454621713E+02  0.30731651575758E+05 -0.36903205463980E+04  0.23333452111048E+05  0.13058427173413E+05 -0.22722950038746E+07 -0.33364168664373E+03 -0.44485576610254E+05  0.17695777260011E+05  0.49390403229128E+05  0.20494113116842E+06 -0.12868421046310E+05 -0.21303367917052E+05 -0.65549310935330E+02 -0.66283208189708E+05 -0.34293975764839E+06 -0.13653712412863E+04 -0.24955162579432E+04 -0.70900292933406E+02 -0.11775586611891E+05 -0.52752374487897E+05 -0.24978386614817E+04 -0.96959504329833E+03 -0.97709859289737E+04 -0.15870133880142E+05 -0.72539674603125E+04 -0.21464424199503E+05
  -0.12832746718053E+06  0.34820130524541E+05 -0.49688325322765E+04 -0.62411426482468E+05  0.11567802434284E+05 -0.77015915839072E+04 -0.93285143730793E+04 -0.33294582016360E+05  0.50039724540866E+03  0.23722132095882E+04 -0.32168333709709E+03 -0.24953738928857E+02  0.48935346927081E+01 -0.49681527773580E+01 -0.25857112268762E+04  0.31431871703546E+03 -0.19150343540606E+04 -0.10850103967622E+04  0.49342933909678E+06  0.91150149604400E+02  0.91005267730173E+04 -0.32714953829765E+04 -0.90784676779260E+04 -0.40067278195010E+05  0.20052044825184E+04  0.33759896533770E+04 -0.57650691777271E+02  0.11904566316958E+05  0.62803326429687E+05  0.32376260320570E+03  0.57114194759699E+03  0.90144269454537E+01  0.29421216405476E+04  0.12994948372797E+05  0.47401183168730E+03  0.17521328328234E+03  0.36011812116810E+03  0.25082090081556E+04  0.81907203079476E+03  0.25180631745287E+04
  -0.27511646763479E+05  0.10146757814162E+05 -0.13003787566147E+04  0.75928153321250E+05 -0.77015915839072E+04  0.25116558625834E+05  0.15044594616100E+05  0.11163462971050E+06 -0.10479054531252E+05 -0.46616572140479E+04  0.97416632428160E+03 -0.70798260997752E+03 -0.67311076155640E+02  0.19141418217167E+02  0.95234845858691E+04 -0.11756987645032E+04  0.72978101078875E+04  0.41481543839124E+04 -0.54216880736790E+05  0.47660493964153E+02 -0.31873401901772E+04  0.21631292722998E+04  0.60656236425468E+04  0.18423890135737E+05 -0.28073586394593E+04 -0.42977849382469E+04  0.15722269167768E+03 -0.87204788275850E+04 -0.42702646962228E+05  0.92540604741751E+01 -0.17618810713604E+02 -0.19137217051615E+02  0.42988284445184E+03  0.15924712535806E+04 -0.26031217973938E+03 -0.13250495609475E+03 -0.31732131732357E+04 -0.33698612956903E+04 -0.18850213604424E+04 -0.54211967141821E+04
   0.54698520852649E+05 -0.11552729702791E+05  0.20097076124255E+04  0.65007677650375E+05 -0.93285143730793E+04  0.15044594616100E+05  0.11683514351708E+05  0.61475836696117E+05 -0.34676493759945E+04 -0.33102444146948E+04  0.56486579920094E+03 -0.22705106474798E+03 -0.27006859959583E+02  0.10028785982996E+02  0.48785043338708E+04 -0.60931078347062E+03  0.36373481359314E+04  0.20915833248349E+04 -0.24810696569291E+06 -0.16020510914034E+02 -0.60202881576469E+04  0.27132945026194E+04  0.74693205966160E+04  0.28387181791412E+05 -0.25061227724307E+04 -0.39246360884916E+04  0.14026789263263E+03 -0.10043820234049E+05 -0.52245112543155E+05 -0.15907323113988E+03 -0.28295643511762E+03 -0.13320821671966E+02 -0.10188115534613E+04 -0.47187094190029E+04 -0.36650972887562E+03 -0.15427889900615E+03 -0.13426242170065E+04 -0.31805116771014E+04 -0.11635772329946E+04 -0.34616685218029E+04
   0.98249334598523E+06 -0.12508152645663E+06  0.28271793633534E+05  0.36081210051832E+06 -0.33294582016360E+05  0.11163462971050E+06  0.61475836696117E+05  0.53397696343575E+07 -0.23984101262122E+07 -0.89098346826340E+05  0.26024410723695E+05  0.26386101071667E+05  0.17692640732609E+04  0.99329470296276E+02  0.88231802369949E+05 -0.11110884624623E+05  0.77409283130782E+05  0.41914396983439E+05 -0.59050773321465E+06  0.33559036603344E+03 -0.21968050962226E+05  0.26489914113990E+05  0.83614870327644E+05  0.23600969913889E+06 -0.63149818769213E+05 -0.50373649746364E+05 -0.69982658064130E+05 -0.29469094488764E+06 -0.57914885629102E+06 -0.73757320719233E+05 -0.16605481772071E+06 -0.14101209678594E+04 -0.56519469744916E+04 -0.11158741016303E+05  0.16021063413285E+03  0.22463014901086E+03 -0.27277121284533E+06 -0.87111934092165E+04 -0.14391096899635E+06 -0.17732671457877E+06
  -0.18359094826161E+06  0.26424829183393E+05 -0.51341191932270E+04 -0.27723227443904E+05  0.50039724540866E+03 -0.10479054531252E+05 -0.34676493759945E+04 -0.23984101262122E+07  0.19301801484277E+07  0.19443958429746E+05 -0.64297320520290E+04 -0.55614099367607E+04 -0.30526761577938E+03 -0.13911257860492E+02  0.47991267318471E+05 -0.21996338558821E+04  0.14135935592193E+05  0.66595536780682E+04 -0.26601211850891E+05 -0.93013425064562E+02  0.84301671368163E+03 -0.53372890732447E+04 -0.17685925294638E+05 -0.46468263418153E+05  0.11635865053480E+05  0.10918338997903E+05  0.24658118277475E+05  0.67089330140583E+05  0.12754586949677E+06  0.22900719951698E+05  0.51653066682023E+05  0.19160607625960E+03  0.58510904606571E+03  0.11932776776815E+04 -0.12259298372950E+04 -0.68576373089902E+03  0.11281855447289E+06  0.15621299738252E+04  0.45188179123151E+05  0.55152905389963E+05
  -0.50136556676840E+05  0.74223319757758E+04 -0.16908454341973E+04 -0.18324450588144E+05  0.23722132095882E+04 -0.46616572140479E+04 -0.33102444146948E+04 -0.89098346826340E+05  0.19443958429746E+05  0.26667035924803E+04 -0.61918154200375E+03 -0.65725014580168E+03 -0.57834308197850E+02 -0.17873726026761E+01 -0.40004800240723E+04  0.48314577605020E+03 -0.30544430559193E+04 -0.17269028966564E+04  0.57134341881702E+05 -0.42323243567975E+01  0.18110411431682E+04 -0.11515515530915E+04 -0.34058029657642E+04 -0.10739872542021E+05  0.27649362496505E+04  0.19023962206886E+04  0.73679316954926E+03  0.11057072786863E+05  0.22962605166536E+05  0.15013685506586E+04  0.33177632716863E+04  0.43909714141469E+02  0.55774732349911E+03  0.10622086719712E+04  0.13220218849638E+03  0.58691667957319E+02  0.31311156663816E+04  0.43377610111419E+03  0.28395813701054E+04  0.35845762218856E+04
   0.73593830590442E+04 -0.88713736968288E+03  0.21533836743130E+03  0.32094793878575E+04 -0.32168333709709E+03  0.97416632428160E+03  0.56486579920094E+03  0.26024410723695E+05 -0.64297320520290E+04 -0.61918154200375E+03  0.16845158564155E+03  0.18657086608659E+03  0.13519486610384E+02  0.66909951268402E+00  0.12254419581182E+04 -0.13454746522982E+03  0.90757075812742E+03  0.49302557736485E+03 -0.61412793221575E+04  0.21388426456535E+01 -0.20164099113297E+03  0.18930621813108E+03  0.58768442922044E+03  0.16968086988461E+04 -0.46740473378351E+03 -0.35087043755934E+03 -0.33555821881216E+03 -0.20114928687679E+04 -0.40023115245649E+04 -0.42015137024368E+03 -0.94599966429721E+03 -0.10914561250628E+02 -0.45151043548277E+02 -0.88941032898137E+02 -0.13805208291985E+02 -0.64409079836573E+01 -0.11335771045707E+04 -0.64431157973668E+02 -0.81774490530953E+03 -0.10149018554436E+04
   0.15114301538622E+05 -0.11818192570666E+04  0.41311176436979E+03 -0.13689160858443E+04 -0.24953738928857E+02 -0.70798260997752E+03 -0.22705106474798E+03  0.26386101071667E+05 -0.55614099367607E+04 -0.65725014580168E+03  0.18657086608659E+03  0.15623764794767E+04  0.10296166496927E+03 -0.11118711144585E+01  0.13709328560320E+04 -0.18964176170240E+03  0.12625845028065E+04  0.73217438472925E+03 -0.61439013371243E+04 -0.50462795761129E+01 -0.63989144290092E+02 -0.23460204976579E+02  0.81762296806413E+02 -0.89705877938844E+03 -0.10949936783549E+04 -0.17116567211128E-10 -0.69344395138852E+03 -0.49023925273010E+04 -0.29180266391936E-09 -0.22496156716235E+04 -0.66551898681612E+02 -0.77186788751726E+02 -0.18279869789170E+00 -0.37424339369455E-11 -0.16966599216310E+01 -0.72710185560597E+00  0.28684527916127E+03  0.29660068382001E+03 -0.26628953802515E+04  0.61576999959966E-10
   0.16858515106110E+04 -0.13610751252515E+03  0.52400881381612E+02 -0.14949126423402E+03  0.48935346927081E+01 -0.67311076155640E+02 -0.27006859959583E+02  0.17692640732609E+04 -0.30526761577938E+03 -0.57834308197850E+02  0.13519486610384E+02  0.10296166496927E+03  0.92351976808816E+01 -0.16782544947448E+00  0.75392375586118E+02 -0.12527892190406E+02  0.72865357528491E+02  0.46235232429396E+02 -0.29156018750626E+03 -0.39589329839265E+00  0.52866453859898E+01 -0.10953140105656E+00  0.14272997027398E+02 -0.82619262303744E+02 -0.16023720395727E+03 -0.32314106873791E-11 -0.26994130503668E+02 -0.57231533360399E+03 -0.37940245397710E-10 -0.14059585158164E+03 -0.17392855726892E+02 -0.62161021938864E+01 -0.13155053358582E+00 -0.10892493750439E-11 -0.17775091490290E+00 -0.69065404504733E-01  0.28244296153499E+02  0.66104945038984E+02 -0.19140817353027E+03  0.77639233749406E-11
  -0.10747754215604E+03  0.12893598731966E+02 -0.41336025268429E+01  0.55650454621713E+02 -0.49681527773580E+01  0.19141418217167E+02  0.10028785982996E+02  0.99329470296276E+02 -0.13911257860492E+02 -0.17873726026761E+01  0.66909951268402E+00 -0.11118711144585E+01 -0.16782544947448E+00  0.50022026462056E-01  0.14315818093303E+02 -0.11021658864229E+01  0.83258884384892E+01  0.39083462470291E+01 -0.81527574386398E+02  0.16067571119647E-01 -0.31756292372453E+01  0.38091778317906E+00  0.95639006113888E+00  0.50798513361534E+01  0.69318856651902E-01 -0.39614341639154E-12 -0.60212960053847E+01 -0.77166430135740E+00  0.91294852899270E-12 -0.31880880213400E+01 -0.15070400022140E-04 -0.13830261992039E+00  0.17857793532278E-12 -0.38236899562195E-13 -0.16738599512143E-02 -0.91756274455290E-03 -0.16008021708402E+01  0.42781339968148E-04 -0.31237831063730E+01  0.87947068597422E-12
   0.92411205601827E+04  0.63634235833116E+03 -0.29447153285386E+03  0.30731651575758E+05 -0.25857112268762E+04  0.95234845858691E+04  0.48785043338708E+04  0.88231802369949E+05  0.47991267318471E+05 -0.40004800240723E+04  0.12254419581182E+04  0.13709328560320E+04  0.75392375586118E+02  0.14315818093303E+02  0.49284037146915E+05 -0.45416179517976E+04  0.31452495705739E+05  0.16318166904509E+05 -0.55565726504777E+05  0.35435235412642E+01  0.55487987978647E+03 -0.18031086963144E+03 -0.54519706132144E+03 -0.11020789289852E+04 -0.26293054108168E+04 -0.17250168412600E+04 -0.24872956521077E+04  0.20513312771274E+04  0.43855742949003E+04 -0.14747572876982E+04 -0.29313147909774E+04 -0.72381428152231E+03  0.20514038128385E+03  0.37169256360816E+03 -0.28214116283733E+04 -0.15057516196271E+04 -0.24676121809116E+04  0.19299440995382E+03 -0.87410245024125E+03 -0.98287176830947E+03
  -0.20616509826693E+04 -0.49684594439659E+02 -0.49001650017175E+01 -0.36903205463980E+04  0.31431871703546E+03 -0.11756987645032E+04 -0.60931078347062E+03 -0.11110884624623E+05 -0.21996338558821E+04  0.48314577605020E+03 -0.13454746522982E+03 -0.18964176170240E+03 -0.12527892190406E+02 -0.11021658864229E+01 -0.45416179517976E+04  0.48586380123751E+03 -0.32651055026079E+04 -0.17662310921384E+04  0.64452556006869E+04 -0.10370251460474E+01 -0.80696458097666E+02  0.19188417977541E+02  0.50551385972414E+02  0.10337384467164E+03  0.47909411869541E+03  0.29993508799459E+03  0.28574365183877E+03 -0.17540338630582E+03 -0.50994312638454E+03  0.15119629791240E+03  0.29957664560146E+03  0.79314045479178E+02 -0.55011075933587E+02 -0.98193769422276E+02  0.42211650115007E+03  0.21025281989707E+03 -0.28409354161660E+03 -0.34780411450870E+02  0.24334788203763E+03  0.27233414583254E+03
   0.92225683191497E+04  0.13323023871360E+03 -0.13844458371642E+03  0.23333452111048E+05 -0.19150343540606E+04  0.72978101078875E+04  0.36373481359314E+04  0.77409283130782E+05  0.14135935592193E+05 -0.30544430559193E+04  0.90757075812742E+03  0.12625845028065E+04  0.72865357528491E+02  0.83258884384892E+01  0.31452495705739E+05 -0.32651055026079E+04  0.22456653169064E+05  0.11969930199805E+05 -0.42424240787709E+05  0.15520907652598E+01  0.48956862971144E+03 -0.18130170885311E+03 -0.54002022448437E+03 -0.10656333416596E+04 -0.20768476519533E+04 -0.13579617522881E+04 -0.22437175551702E+04  0.19296688345373E+04  0.39102575634914E+04 -0.11168239159053E+04 -0.22242679930287E+04 -0.53174211629154E+03  0.43741193038404E+02  0.88798311726419E+02 -0.21597194209295E+04 -0.11767417780855E+04  0.73598844406573E+03  0.17356288795983E+03 -0.12908425816157E+04 -0.14345202451514E+04
   0.66991173920558E+04  0.67597323278860E+02 -0.14891482205272E+02  0.13058427173413E+05 -0.10850103967622E+04  0.41481543839124E+04  0.20915833248349E+04  0.41914396983439E+05  0.66595536780682E+04 -0.17269028966564E+04  0.49302557736485E+03  0.73217438472925E+03  0.46235232429396E+02  0.39083462470291E+01  0.16318166904509E+05 -0.17662310921384E+04  0.11969930199805E+05  0.64773060370257E+04 -0.23605245968073E+05  0.20846209846876E+01  0.29885035883816E+03 -0.98206251774269E+02 -0.27408663817655E+03 -0.53939518735967E+03 -0.14944799634610E+04 -0.94424393265761E+03 -0.11307344666510E+04  0.91982046580905E+03  0.21657256558387E+04 -0.56465820432847E+03 -0.11258607000362E+04 -0.29270359999834E+03  0.72404823038455E+02  0.13615403531326E+03 -0.13992605766783E+04 -0.73100794874616E+03  0.10636098722028E+04  0.12734796678810E+03 -0.93537449669405E+03 -0.10395192176319E+04
  -0.77923491268429E+07  0.26134495944563E+07 -0.30547382086278E+06 -0.22722950038746E+07  0.49342933909678E+06 -0.54216880736790E+05 -0.24810696569291E+06 -0.59050773321465E+06 -0.26601211850891E+05  0.57134341881702E+05 -0.61412793221575E+04 -0.61439013371243E+04 -0.29156018750626E+03 -0.81527574386398E+02 -0.55565726504777E+05  0.64452556006869E+04 -0.42424240787709E+05 -0.23605245968073E+05  0.34030421165221E+08  0.79488376739526E+04  0.48118941164111E+06 -0.14174168055343E+06 -0.42373380287392E+06 -0.21036223299578E+07  0.34680343076327E+05  0.77071710626745E+05 -0.12409806665718E+04  0.57428080556315E+06  0.28025362420447E+07  0.17282563813417E+05  0.31811251360547E+05  0.21421133900014E+03  0.18664466230446E+06  0.81582762877620E+06  0.24809625024413E+05  0.77987127512340E+04 -0.18728506059812E+05  0.45062010939084E+05  0.20902642712171E+05  0.64488203022916E+05
  -0.18566394810506E+04  0.68435016478664E+03 -0.73685008935811E+02 -0.33364168664373E+03  0.91150149604400E+02  0.47660493964153E+02 -0.16020510914034E+02  0.33559036603344E+03 -0.93013425064562E+02 -0.42323243567975E+01  0.21388426456535E+01 -0.50462795761129E+01 -0.39589329839265E+00  0.16067571119647E-01  0.35435235412642E+01 -0.10370251460474E+01  0.15520907652598E+01  0.20846209846876E+01  0.79488376739526E+04  0.30152568142431E+01  0.13379336991984E+03 -0.35720971843503E+02 -0.10466961987422E+03 -0.57887149018493E+03  0.00000000000000E+00 -0.15500144747350E+02  0.00000000000000E+00  0.00000000000000E+00  0.64375854346580E+03  0.00000000000000E+00 -0.98050057842579E+01  0.00000000000000E+00  0.00000000000000E+00  0.26344622731233E+03  0.00000000000000E+00  0.00000000000000E+00  0.00000000000000E+00  0.32976036730361E+01  0.00000000000000E+00 -0.18994410324108E+02
  -0.15435453189643E+06  0.42601599116252E+05 -0.59430389630061E+04 -0.44485576610254E+05  0.91005267730173E+04 -0.31873401901772E+04 -0.60202881576469E+04 -0.21968050962226E+05  0.84301671368163E+03  0.18110411431682E+04 -0.20164099113297E+03 -0.63989144290092E+02  0.52866453859898E+01 -0.31756292372453E+01  0.55487987978647E+03 -0.80696458097666E+02  0.48956862971144E+03  0.29885035883816E+03  0.48118941164111E+06  0.13379336991984E+03  0.13369072537091E+05 -0.47577118663769E+04 -0.13077115184224E+05 -0.60419161519863E+05  0.00000000000000E+00  0.37541915896254E+04  0.00000000000000E+00  0.00000000000000E+00  0.83074049748362E+05  0.00000000000000E+00 -0.79748326838479E+03  0.00000000000000E+00  0.00000000000000E+00  0.16258323673914E+05  0.00000000000000E+00  0.00000000000000E+00  0.00000000000000E+00 -0.30899392629892E+04  0.00000000000000E+00  0.31043205587617E+04
   0.49998614854543E+05 -0.10479139690439E+05  0.18681802604232E+04  0.17695777260011E+05 -0.32714953829765E+04  0.21631292722998E+04  0.27132945026194E+04  0.26489914113990E+05 -0.53372890732447E+04 -0.11515515530915E+04  0.18930621813108E+03 -0.23460204976579E+02 -0.10953140105656E+00  0.38091778317906E+00 -0.18031086963144E+03  0.19188417977541E+02 -0.18130170885311E+03 -0.98206251774269E+02 -0.14174168055343E+06 -0.35720971843503E+02 -0.47577118663769E+04  0.21370234837884E+04  0.57104329040077E+04  0.24276763859629E+05 -0.46607684214412E+02 -0.18879631538002E+04  0.42701545892706E+01  0.58518725429591E+03 -0.36637357592805E+05  0.00000000000000E+00 -0.19857074523142E+03  0.00000000000000E+00  0.20677910673855E+04 -0.40781451144275E+04  0.00000000000000E+00  0.00000000000000E+00  0.00000000000000E+00  0.13307776672050E+04 -0.31208334626719E+03 -0.25273773429918E+04
   0.15817576896203E+06 -0.36188969382505E+05  0.59010469119722E+04  0.49390403229128E+05 -0.90784676779260E+04  0.60656236425468E+04  0.74693205966160E+04  0.83614870327644E+05 -0.17685925294638E+05 -0.34058029657642E+04  0.58768442922044E+03  0.81762296806413E+02  0.14272997027398E+02  0.95639006113888E+00 -0.54519706132144E+03  0.50551385972414E+02 -0.54002022448437E+03 -0.27408663817655E+03 -0.42373380287392E+06 -0.10466961987422E+03 -0.13077115184224E+05  0.57104329040077E+04  0.15768458770366E+05  0.65801500871965E+05 -0.15580183649260E+03 -0.47121750949480E+04 -0.20854696368803E+02 -0.59816192637618E+04 -0.10160104798403E+06  0.00000000000000E+00 -0.49172863849070E+03  0.00000000000000E+00  0.31189625170963E+04 -0.12724730689241E+05  0.00000000000000E+00  0.00000000000000E+00  0.00000000000000E+00  0.33147746786676E+04 -0.18385581208684E+04 -0.73615648762256E+04
   0.63356425912722E+06 -0.16786440972666E+06  0.24169937098792E+05  0.20494113116842E+06 -0.40067278195010E+05  0.18423890135737E+05  0.28387181791412E+05  0.23600969913889E+06 -0.46468263418153E+05 -0.10739872542021E+05  0.16968086988461E+04 -0.89705877938844E+03 -0.82619262303744E+02  0.50798513361534E+01 -0.11020789289852E+04  0.10337384467164E+03 -0.10656333416596E+04 -0.53939518735967E+03 -0.21036223299578E+07 -0.57887149018493E+03 -0.60419161519863E+05  0.24276763859629E+05  0.65801500871965E+05  0.30298508209439E+06  0.24174408551526E+03 -0.24267275422769E+05 -0.46914431006030E+01  0.37877937809242E+05 -0.41844882962509E+06  0.00000000000000E+00 -0.26020475620857E+04  0.00000000000000E+00  0.16496163971522E+05 -0.66331113676781E+05  0.00000000000000E+00  0.00000000000000E+00  0.00000000000000E+00  0.17675060532968E+05  0.15054148593793E+04 -0.27282830191949E+05
  -0.13178843162881E+06  0.16772981474531E+05 -0.47329449439902E+04 -0.12868421046310E+05  0.20052044825184E+04 -0.28073586394593E+04 -0.25061227724307E+04 -0.63149818769213E+05  0.11635865053480E+05  0.27649362496505E+04 -0.46740473378351E+03 -0.10949936783549E+04 -0.16023720395727E+03  0.69318856651902E-01 -0.26293054108168E+04  0.47909411869541E+03 -0.20768476519533E+04 -0.14944799634610E+04  0.34680343076327E+05  0.00000000000000E+00  0.00000000000000E+00 -0.46607684214412E+02 -0.15580183649260E+03  0.24174408551526E+03  0.11685433184193E+06  0.00000000000000E+00  0.00000000000000E+00  0.00000000000000E+00  0.00000000000000E+00  0.00000000000000E+00  0.00000000000000E+00  0.00000000000000E+00  0.00000000000000E+00  0.00000000000000E+00  0.00000000000000E+00  0.00000000000000E+00  0.00000000000000E+00  0.00000000000000E+00  0.00000000000000E+00  0.00000000000000E+00
  -0.55857817030310E+05  0.82856667675909E+04 -0.20086503988942E+04 -0.21303367917052E+05  0.33759896533770E+04 -0.42977849382469E+04 -0.39246360884916E+04 -0.50373649746364E+05  0.10918338997903E+05  0.19023962206886E+04 -0.35087043755934E+03 -0.17116567211128E-10 -0.32314106873791E-11 -0.39614341639154E-12 -0.17250168412600E+04  0.29993508799459E+03 -0.13579617522881E+04 -0.94424393265761E+03  0.77071710626745E+05 -0.15500144747350E+02  0.37541915896254E+04 -0.18879631538002E+04 -0.47121750949480E+04 -0.24267275422769E+05  0.00000000000000E+00  0.64898608666516E+05  0.00000000000000E+00  0.00000000000000E+00  0.00000000000000E+00  0.00000000000000E+00  0.00000000000000E+00  0.00000000000000E+00  0.00000000000000E+00  0.00000000000000E+00  0.00000000000000E+00  0.00000000000000E+00  0.00000000000000E+00  0.00000000000000E+00  0.00000000000000E+00  0.00000000000000E+00
  -0.51944187076629E+04 -0.19840876200549E+03  0.20702097989044E+02 -0.65549310935330E+02 -0.57650691777271E+02  0.15722269167768E+03  0.14026789263263E+03 -0.69982658064130E+05  0.24658118277475E+05  0.73679316954926E+03 -0.33555821881216E+03 -0.69344395138852E+03 -0.26994130503668E+02 -0.60212960053847E+01 -0.24872956521077E+04  0.28574365183877E+03 -0.22437175551702E+04 -0.11307344666510E+04 -0.12409806665718E+04  0.00000000000000E+00  0.00000000000000E+00  0.42701545892706E+01 -0.20854696368803E+02 -0.46914431006030E+01  0.00000000000000E+00  0.00000000000000E+00  0.30790250584088E+05  0.00000000000000E+00  0.00000000000000E+00  0.00000000000000E+00  0.00000000000000E+00  0.00000000000000E+00  0.00000000000000E+00  0.00000000000000E+00  0.00000000000000E+00  0.00000000000000E+00  0.00000000000000E+00  0.00000000000000E+00  0.00000000000000E+00  0.00000000000000E+00
  -0.86578949432744E+06  0.21043476505449E+06 -0.32305303215871E+05 -0.66283208189708E+05  0.11904566316958E+05 -0.87204788275850E+04 -0.10043820234049E+05 -0.29469094488764E+06  0.67089330140583E+05  0.11057072786863E+05 -0.20114928687679E+04 -0.49023925273010E+04 -0.57231533360399E+03 -0.77166430135740E+00  0.20513312771274E+04 -0.17540338630582E+03  0.19296688345373E+04  0.91982046580905E+03  0.57428080556315E+06  0.00000000000000E+00  0.00000000000000E+00  0.58518725429591E+03 -0.59816192637618E+04  0.37877937809242E+05  0.00000000000000E+00  0.00000000000000E+00  0.00000000000000E+00  0.58031241969259E+06  0.00000000000000E+00  0.00000000000000E+00  0.00000000000000E+00  0.00000000000000E+00  0.00000000000000E+00  0.00000000000000E+00  0.00000000000000E+00  0.00000000000000E+00  0.00000000000000E+00  0.00000000000000E+00  0.00000000000000E+00  0.00000000000000E+00
  -0.11205525134157E+07  0.26532290921774E+06 -0.41993449844506E+05 -0.34293975764839E+06  0.62803326429687E+05 -0.42702646962228E+05 -0.52245112543155E+05 -0.57914885629102E+06  0.12754586949677E+06  0.22962605166536E+05 -0.40023115245649E+04 -0.29180266391936E-09 -0.37940245397710E-10  0.91294852899270E-12  0.43855742949003E+04 -0.50994312638454E+03  0.39102575634914E+04  0.21657256558387E+04  0.28025362420447E+07  0.64375854346580E+03  0.83074049748362E+05 -0.36637357592805E+05 -0.10160104798403E+06 -0.41844882962509E+06  0.00000000000000E+00  0.00000000000000E+00  0.00000000000000E+00  0.00000000000000E+00  0.92221618647783E+06  0.00000000000000E+00  0.00000000000000E+00  0.00000000000000E+00  0.00000000000000E+00  0.00000000000000E+00  0.00000000000000E+00  0.00000000000000E+00  0.00000000000000E+00  0.00000000000000E+00  0.00000000000000E+00  0.00000000000000E+00
  -0.20919911513572E+05  0.57425925550339E+04 -0.81114726300733E+03 -0.13653712412863E+04  0.32376260320570E+03  0.92540604741751E+01 -0.15907323113988E+03 -0.73757320719233E+05  0.22900719951698E+05  0.15013685506586E+04 -0.42015137024368E+03 -0.22496156716235E+04 -0.14059585158164E+03 -0.31880880213400E+01 -0.14747572876982E+04  0.15119629791240E+03 -0.11168239159053E+04 -0.56465820432847E+03  0.17282563813417E+05  0.00000000000000E+00  0.00000000000000E+00  0.00000000000000E+00  0.00000000000000E+00  0.00000000000000E+00  0.00000000000000E+00  0.00000000000000E+00  0.00000000000000E+00  0.00000000000000E+00  0.00000000000000E+00  0.14311680679041E+05  0.00000000000000E+00  0.00000000000000E+00  0.00000000000000E+00  0.00000000000000E+00  0.00000000000000E+00  0.00000000000000E+00  0.00000000000000E+00  0.00000000000000E+00  0.00000000000000E+00  0.00000000000000E+00
  -0.47441117043127E+05  0.13193580414511E+05 -0.18466050273002E+04 -0.24955162579432E+04  0.57114194759699E+03 -0.17618810713604E+02 -0.28295643511762E+03 -0.16605481772071E+06  0.51653066682023E+05  0.33177632716863E+04 -0.94599966429721E+03 -0.66551898681612E+02 -0.17392855726892E+02 -0.15070400022140E-04 -0.29313147909774E+04  0.29957664560146E+03 -0.22242679930287E+04 -0.11258607000362E+04  0.31811251360547E+05 -0.98050057842579E+01 -0.79748326838479E+03 -0.19857074523142E+03 -0.49172863849070E+03 -0.26020475620857E+04  0.00000000000000E+00  0.00000000000000E+00  0.00000000000000E+00  0.00000000000000E+00  0.00000000000000E+00  0.00000000000000E+00  0.31486255963170E+05  0.00000000000000E+00  0.00000000000000E+00  0.00000000000000E+00  0.00000000000000E+00  0.00000000000000E+00  0.00000000000000E+00  0.00000000000000E+00  0.00000000000000E+00  0.00000000000000E+00
  -0.31954801072216E+04  0.42206142512244E+03 -0.10193285007310E+03 -0.70900292933406E+02  0.90144269454537E+01 -0.19137217051615E+02 -0.13320821671966E+02 -0.14101209678594E+04  0.19160607625960E+03  0.43909714141469E+02 -0.10914561250628E+02 -0.77186788751726E+02 -0.62161021938864E+01 -0.13830261992039E+00 -0.72381428152231E+03  0.79314045479178E+02 -0.53174211629154E+03 -0.29270359999834E+03  0.21421133900014E+03  0.00000000000000E+00  0.00000000000000E+00  0.00000000000000E+00  0.00000000000000E+00  0.00000000000000E+00  0.00000000000000E+00  0.00000000000000E+00  0.00000000000000E+00  0.00000000000000E+00  0.00000000000000E+00  0.00000000000000E+00  0.00000000000000E+00  0.37971612747400E+04  0.00000000000000E+00  0.00000000000000E+00  0.00000000000000E+00  0.00000000000000E+00  0.00000000000000E+00  0.00000000000000E+00  0.00000000000000E+00  0.00000000000000E+00
  -0.20397691977733E+06  0.63766623640318E+05 -0.80225335686498E+04 -0.11775586611891E+05  0.29421216405476E+04  0.42988284445184E+03 -0.10188115534613E+04 -0.56519469744916E+04  0.58510904606571E+03  0.55774732349911E+03 -0.45151043548277E+02 -0.18279869789170E+00 -0.13155053358582E+00  0.17857793532278E-12  0.20514038128385E+03 -0.55011075933587E+02  0.43741193038404E+02  0.72404823038455E+02  0.18664466230446E+06  0.00000000000000E+00  0.00000000000000E+00  0.20677910673855E+04  0.31189625170963E+04  0.16496163971522E+05  0.00000000000000E+00  0.00000000000000E+00  0.00000000000000E+00  0.00000000000000E+00  0.00000000000000E+00  0.00000000000000E+00  0.00000000000000E+00  0.00000000000000E+00  0.10597610984702E+06  0.00000000000000E+00  0.00000000000000E+00  0.00000000000000E+00  0.00000000000000E+00  0.00000000000000E+00  0.00000000000000E+00  0.00000000000000E+00
  -0.23038884447628E+06  0.71526915345741E+05 -0.90449789395276E+04 -0.52752374487897E+05  0.12994948372797E+05  0.15924712535806E+04 -0.47187094190029E+04 -0.11158741016303E+05  0.11932776776815E+04  0.10622086719712E+04 -0.88941032898137E+02 -0.37424339369455E-11 -0.10892493750439E-11 -0.38236899562195E-13  0.37169256360816E+03 -0.98193769422276E+02  0.88798311726419E+02  0.13615403531326E+03  0.81582762877620E+06  0.26344622731233E+03  0.16258323673914E+05 -0.40781451144275E+04 -0.12724730689241E+05 -0.66331113676781E+05  0.00000000000000E+00  0.00000000000000E+00  0.00000000000000E+00  0.00000000000000E+00  0.00000000000000E+00  0.00000000000000E+00  0.00000000000000E+00  0.00000000000000E+00  0.00000000000000E+00  0.13931497266947E+06  0.00000000000000E+00  0.00000000000000E+00  0.00000000000000E+00  0.00000000000000E+00  0.00000000000000E+00  0.00000000000000E+00
  -0.92589382950106E+04  0.24465654729350E+04 -0.35346401045495E+03 -0.24978386614817E+04  0.47401183168730E+03 -0.26031217973938E+03 -0.36650972887562E+03  0.16021063413285E+03 -0.12259298372950E+04  0.13220218849638E+03 -0.13805208291985E+02 -0.16966599216310E+01 -0.17775091490290E+00 -0.16738599512143E-02 -0.28214116283733E+04  0.42211650115007E+03 -0.21597194209295E+04 -0.13992605766783E+04  0.24809625024413E+05  0.00000000000000E+00  0.00000000000000E+00  0.00000000000000E+00  0.00000000000000E+00  0.00000000000000E+00  0.00000000000000E+00  0.00000000000000E+00  0.00000000000000E+00  0.00000000000000E+00  0.00000000000000E+00  0.00000000000000E+00  0.00000000000000E+00  0.00000000000000E+00  0.00000000000000E+00  0.00000000000000E+00  0.82944920959947E+04  0.00000000000000E+00  0.00000000000000E+00  0.00000000000000E+00  0.00000000000000E+00  0.00000000000000E+00
  -0.32647542455590E+04  0.77380859460749E+03 -0.12333303610528E+03 -0.96959504329833E+03  0.17521328328234E+03 -0.13250495609475E+03 -0.15427889900615E+03  0.22463014901086E+03 -0.68576373089902E+03  0.58691667957319E+02 -0.64409079836573E+01 -0.72710185560597E+00 -0.69065404504733E-01 -0.91756274455290E-03 -0.15057516196271E+04  0.21025281989707E+03 -0.11767417780855E+04 -0.73100794874616E+03  0.77987127512340E+04  0.00000000000000E+00  0.00000000000000E+00  0.00000000000000E+00  0.00000000000000E+00  0.00000000000000E+00  0.00000000000000E+00  0.00000000000000E+00  0.00000000000000E+00  0.00000000000000E+00  0.00000000000000E+00  0.00000000000000E+00  0.00000000000000E+00  0.00000000000000E+00  0.00000000000000E+00  0.00000000000000E+00  0.00000000000000E+00  0.42401010033684E+04  0.00000000000000E+00  0.00000000000000E+00  0.00000000000000E+00  0.00000000000000E+00
  -0.17823876226230E+05 -0.22265892772198E+04 -0.58235925008614E+02 -0.97709859289737E+04  0.36011812116810E+03 -0.31732131732357E+04 -0.13426242170065E+04 -0.27277121284533E+06  0.11281855447289E+06  0.31311156663816E+04 -0.11335771045707E+04  0.28684527916127E+03  0.28244296153499E+02 -0.16008021708402E+01 -0.24676121809116E+04 -0.28409354161660E+03  0.73598844406573E+03  0.10636098722028E+04 -0.18728506059812E+05  0.00000000000000E+00  0.00000000000000E+00  0.00000000000000E+00  0.00000000000000E+00  0.00000000000000E+00  0.00000000000000E+00  0.00000000000000E+00  0.00000000000000E+00  0.00000000000000E+00  0.00000000000000E+00  0.00000000000000E+00  0.00000000000000E+00  0.00000000000000E+00  0.00000000000000E+00  0.00000000000000E+00  0.00000000000000E+00  0.00000000000000E+00  0.12536800201028E+06  0.00000000000000E+00  0.00000000000000E+00  0.00000000000000E+00
   0.17072439686198E+05 -0.22444684686137E+04  0.61766781714050E+03 -0.15870133880142E+05  0.25082090081556E+04 -0.33698612956903E+04 -0.31805116771014E+04 -0.87111934092165E+04  0.15621299738252E+04  0.43377610111419E+03 -0.64431157973668E+02  0.29660068382001E+03  0.66104945038984E+02  0.42781339968148E-04  0.19299440995382E+03 -0.34780411450870E+02  0.17356288795983E+03  0.12734796678810E+03  0.45062010939084E+05  0.32976036730361E+01 -0.30899392629892E+04  0.13307776672050E+04  0.33147746786676E+04  0.17675060532968E+05  0.00000000000000E+00  0.00000000000000E+00  0.00000000000000E+00  0.00000000000000E+00  0.00000000000000E+00  0.00000000000000E+00  0.00000000000000E+00  0.00000000000000E+00  0.00000000000000E+00  0.00000000000000E+00  0.00000000000000E+00  0.00000000000000E+00  0.00000000000000E+00  0.39350978448733E+05  0.00000000000000E+00  0.00000000000000E+00
  -0.74067834441058E+05  0.86782361322718E+04 -0.22446367929433E+04 -0.72539674603125E+04  0.81907203079476E+03 -0.18850213604424E+04 -0.11635772329946E+04 -0.14391096899635E+06  0.45188179123151E+05  0.28395813701054E+04 -0.81774490530953E+03 -0.26628953802515E+04 -0.19140817353027E+03 -0.31237831063730E+01 -0.87410245024125E+03  0.24334788203763E+03 -0.12908425816157E+04 -0.93537449669405E+03  0.20902642712171E+05  0.00000000000000E+00  0.00000000000000E+00 -0.31208334626719E+03 -0.18385581208684E+04  0.15054148593793E+04  0.00000000000000E+00  0.00000000000000E+00  0.00000000000000E+00  0.00000000000000E+00  0.00000000000000E+00  0.00000000000000E+00  0.00000000000000E+00  0.00000000000000E+00  0.00000000000000E+00  0.00000000000000E+00  0.00000000000000E+00  0.00000000000000E+00  0.00000000000000E+00  0.00000000000000E+00  0.95341432156364E+05  0.00000000000000E+00
  -0.58291450503465E+05  0.72684062313662E+04 -0.18082888825197E+04 -0.21464424199503E+05  0.25180631745287E+04 -0.54211967141821E+04 -0.34616685218029E+04 -0.17732671457877E+06  0.55152905389963E+05  0.35845762218856E+04 -0.10149018554436E+04  0.61576999959966E-10  0.77639233749406E-11  0.87947068597422E-12 -0.98287176830947E+03  0.27233414583254E+03 -0.14345202451514E+04 -0.10395192176319E+04  0.64488203022916E+05 -0.18994410324108E+02  0.31043205587617E+04 -0.25273773429918E+04 -0.73615648762256E+04 -0.27282830191949E+05  0.00000000000000E+00  0.00000000000000E+00  0.00000000000000E+00  0.00000000000000E+00  0.00000000000000E+00  0.00000000000000E+00  0.00000000000000E+00  0.00000000000000E+00  0.00000000000000E+00  0.00000000000000E+00  0.00000000000000E+00  0.00000000000000E+00  0.00000000000000E+00  0.00000000000000E+00  0.00000000000000E+00  0.10002521278629E+06

 # Covariance matrix (Bevington epsilon)
