# fitpack15: fit parameters                                                                         
# CJ15 AV18 final data choices                                                                      
# Created on 01/23/2020 at 22:02:32                                                                 

 # QCD setup
  INS                           0
  NVL                          11
  IORD                          1
  Q02                   1.6899999999999999     
  IPARAMC                       7
  FLAVOR                4.0000000000000000     
  xmc                   1.3000000000000000     
  xmb                   4.5000000000000000     
  ncb                          12
  ihq                           1
  ias                           0

 # Theory corrections
  inuke                     10814
  itmc                          1
  iht                           1

 # fit parameters
 LAMBDA       0.22680        0.0000    
 a0uv          2.3949        0.0000    
 a1uv         0.61428       0.19948E-01
 a2uv          3.5438       0.12385E-01
 a3uv          0.0000        0.0000    
 a4uv          3.4863       0.43292    
 a5uv          0.0000        0.0000    
 a0dv          24.873        0.0000    
 a1dv          1.1612       0.33374E-01
 a2dv          6.5524       0.15863    
 a3dv         -3.5047       0.85525E-01
 a4dv          4.6729       0.14195    
 a5dv          0.0000        0.0000    
 a0ud         0.14682       0.50388E-02
 a1ud        -0.20759       0.37521E-02
 a2ud          8.3124       0.19215    
 a3ud          0.0000        0.0000    
 a4ud          14.516        1.2215    
 a5ud          0.0000        0.0000    
 a0du          35712.        0.0000    
 a1du          4.0300       0.75873E-01
 a2du          20.094       0.87771    
 a3du          17.000        0.0000    
 a4du          51.275        10.649    
 a0g           45.837        0.0000    
 a1g          0.60450       0.31342E-01
 a2g           6.5541       0.96688    
 a3g          -3.3092       0.13571    
 a4g           3.1910       0.32661    
 a5g           0.0000        0.0000    
 kappa        0.40000        0.0000    
 a6dv        -0.35553E-02   0.66221E-03
 a7dv          2.0000        0.0000    
 off1         -3.7299        1.5195    
 off2         0.57260E-01   0.57394E-01
 ht1          -3.3191       0.26139    
 ht2           1.9418       0.10555    
 ht3          -2.0644       0.18333E-01
 ht4           0.0000        0.0000    
 dummy40       0.0000        0.0000    
 dummy41       0.0000        0.0000    
 dummy42       0.0000        0.0000    
 dummy43       0.0000        0.0000    
 dummy44       0.0000        0.0000    
 dummy45       0.0000        0.0000    
 dummy46       0.0000        0.0000    
 dummy47       0.0000        0.0000    
 dummy48       0.0000        0.0000    
 dummy49       0.0000        0.0000    
 bcdmsh2      0.97311       0.48229E-02
 bcdmsd2      0.99312       0.58304E-02
 ccfr          1.0000        0.0000    
 nutev         1.0000        0.0000    
 zeus         0.97998        0.0000    
 h1            1.0162        0.0000    
 e605          1.0319        0.0000    
 NmcH2         1.0094       0.71222E-02
 ntv_nu        1.0000        0.0000    
 ntv_nubar     1.0000        0.0000    
 cdf_jet      0.98910        0.0000    
 d0_jet       0.83504        0.0000    
 slac_p        1.0049       0.48111E-02
 slac_d        1.0040       0.52733E-02
 e866pp       0.96624       0.19269E-01
 e866pd       0.96373       0.15823E-01
 d0_gamjet     1.0390       0.16481E-01
 h1b          0.97608        0.0000    
 jlab_p       0.99413       0.57867E-02
 jlab_d       0.97529       0.59011E-02
 blank         1.0000        0.0000    
 d0run2       0.94067       0.14117E-01
 cdfrun2      0.92648       0.17218E-01
 HERA_el       1.0000        0.0000    
 HERA_ps       1.0000        0.0000    
 CDF_Z        0.96571       0.65188E-02
 NmcRat        1.0000        0.0000    
 BNS_F2nd     0.98333       0.69266E-02
 HERMES_F2p   0.99832       0.55657E-02
 HERMES_F2d   0.98034       0.58202E-02
 END 0. 0.

 # Hessian matrix (Bevington alpha)
   0.48865284273575E+07 -0.12870675398439E+07  0.23310064613673E+06  0.47949888546640E+06 -0.12622755422638E+06 -0.22479144489471E+05  0.55598795106101E+05  0.90116589687252E+06 -0.17355278614622E+06 -0.48381387607289E+05  0.73913245899407E+04  0.15548269594905E+05  0.17614098438464E+04 -0.11100666482962E+03  0.74576860232401E+04 -0.19032294652241E+04  0.10540054378158E+05  0.75636390983974E+04 -0.74752425807932E+07 -0.14083817256152E+04 -0.20919217535154E+06  0.56997716196702E+05  0.17845094748139E+06  0.74396248237845E+06 -0.12692613311834E+06 -0.53853828096318E+05 -0.43785882901006E+04 -0.83746698673270E+06 -0.10843214725736E+07 -0.20559499166292E+05 -0.46341224938695E+05 -0.30783378997487E+04 -0.19836927727714E+06 -0.22390373055284E+06 -0.91005710777293E+04 -0.32246225555948E+04 -0.14942403530772E+05  0.16575216759001E+05 -0.70541674464901E+05 -0.55689693091947E+05
  -0.12870675398439E+07  0.41297187488287E+06 -0.63476518895330E+05 -0.13497410099661E+06  0.35246118516195E+05  0.86307097873277E+04 -0.12375878152724E+05 -0.12132013174997E+06  0.26439575229534E+05  0.74917316655007E+04 -0.94017146922352E+03 -0.12554955060223E+04 -0.14709864228835E+03  0.13387449514216E+02  0.66725423118113E+03 -0.52648427760252E+02  0.17564084328023E+03  0.97576932711147E+02  0.25649948337448E+07  0.56792589718506E+03  0.59751385560279E+05 -0.12609828858952E+05 -0.42941329936957E+05 -0.20516884369266E+06  0.16571647856934E+05  0.81961377785950E+04 -0.23995028163511E+03  0.20913546255456E+06  0.26329223479848E+06  0.58007843966139E+04  0.13222803893933E+05  0.42092026711921E+03  0.63443665562422E+05  0.71029358454966E+05  0.24661742765293E+04  0.78356460794601E+03 -0.23676529417594E+04 -0.22365379798326E+04  0.85342595560279E+04  0.71623512686275E+04
   0.23310064613673E+06 -0.63476518895330E+05  0.11243123381733E+05  0.23120236442611E+05 -0.61787221755660E+04 -0.13108639541283E+04  0.25978037530258E+04  0.31509220094614E+05 -0.59175150925998E+04 -0.19967655595289E+04  0.26248284801497E+03  0.48583918121656E+03  0.63813678415713E+02 -0.50125419228372E+01 -0.39332122144602E+03  0.25638421788083E+00 -0.18474584129097E+03 -0.26187773599851E+02 -0.37255988247679E+06 -0.72252067791422E+02 -0.10141864511603E+05  0.26464288157810E+04  0.83006808324240E+04  0.35680047616289E+05 -0.55385646489412E+04 -0.23642778317708E+04  0.51020604298582E+02 -0.38951692923715E+05 -0.50608751665873E+05 -0.10024641852912E+04 -0.22695231463489E+04 -0.11867224604558E+03 -0.99065941436208E+04 -0.11148683570652E+05 -0.43501129007163E+03 -0.15151484748224E+03  0.53089342148424E+02  0.72449751512533E+03 -0.25605012678679E+04 -0.20774974071818E+04
   0.47949888546640E+06 -0.13497410099661E+06  0.23120236442611E+05  0.39474849510251E+06 -0.62428960816233E+05  0.76137167808870E+05  0.65032306896004E+05  0.34479949321144E+06 -0.25276506999371E+05 -0.18303556230741E+05  0.33715716436499E+04 -0.13715194555603E+04 -0.15615084594831E+03  0.58057622358713E+02  0.30526361351446E+05 -0.36902288635543E+04  0.27116045881185E+05  0.15161882529943E+05 -0.22259573269120E+07 -0.21333316871295E+03 -0.61183160866673E+05  0.20340165770317E+05  0.56342063952938E+05  0.24008809342877E+06 -0.12765744501354E+05 -0.21137536678486E+05 -0.64687359547890E+02 -0.65648862615123E+05 -0.34045084235712E+06 -0.14115228614990E+04 -0.24877761354088E+04 -0.73808474989416E+02 -0.11727475534462E+05 -0.52608140238826E+05 -0.25102012139737E+04 -0.98002788721427E+03 -0.94622121296674E+04 -0.15664738820622E+05 -0.71822005313319E+04 -0.21264280171062E+05
  -0.12622755422638E+06  0.35246118516195E+05 -0.61787221755660E+04 -0.62428960816233E+05  0.11740586193883E+05 -0.79456101901855E+04 -0.95027066139631E+04 -0.32290276175739E+05  0.34893803141028E+03  0.24002523633321E+04 -0.34355166137839E+03 -0.40927479147103E+02  0.45661913832594E+01 -0.52034423719350E+01 -0.25999475590539E+04  0.31948090963461E+03 -0.22555891830642E+04 -0.12785131949726E+04  0.49251165122482E+06  0.68115504582144E+02  0.12762400112441E+05 -0.38311006425601E+04 -0.10593847108066E+05 -0.48080934087402E+05  0.19995085408237E+04  0.33708132724089E+04 -0.56360222448472E+02  0.11966739010592E+05  0.63136070133098E+05  0.33946579806087E+03  0.57870496704460E+03  0.95446631193668E+01  0.29849128446731E+04  0.13177333080408E+05  0.48325916241668E+03  0.17924990463110E+03  0.33195314562270E+03  0.24935766320029E+04  0.81892121060884E+03  0.25166692264696E+04
  -0.22479144489471E+05  0.86307097873277E+04 -0.13108639541283E+04  0.76137167808870E+05 -0.79456101901855E+04  0.24588011502557E+05  0.14942071307951E+05  0.10518113817891E+06 -0.93510386218200E+04 -0.46383280900999E+04  0.10108039048694E+04 -0.71110636703500E+03 -0.69616623240136E+02  0.19767365919605E+02  0.93353757406484E+04 -0.11584108533424E+04  0.84324638744473E+04  0.47806650050040E+04 -0.69244048337815E+05  0.52863109062213E+02 -0.45999003734786E+04  0.25351186021269E+04  0.69598645405737E+04  0.21955747427435E+05 -0.28352521573838E+04 -0.43507979963107E+04  0.15559442404133E+03 -0.89251849105961E+04 -0.44188226459801E+05 -0.36308851788415E+01 -0.36021431555046E+02 -0.19664938966019E+02  0.33574217833860E+03  0.11323218347660E+04 -0.27593218034519E+03 -0.13887862868771E+03 -0.30429469197542E+04 -0.33952477460579E+04 -0.18580892008570E+04 -0.53592273904568E+04
   0.55598795106101E+05 -0.12375878152724E+05  0.25978037530258E+04  0.65032306896004E+05 -0.95027066139631E+04  0.14942071307951E+05  0.11714871189774E+05  0.58381382225854E+05 -0.29686726940757E+04 -0.33101835409972E+04  0.59158664760906E+03 -0.21616238341212E+03 -0.27489879100609E+02  0.10383121046639E+02  0.48204340308708E+04 -0.60673854660980E+03  0.42443657225847E+04  0.24368874826145E+04 -0.25373052401681E+06 -0.18890681975467E+01 -0.84504234163205E+04  0.31610921102625E+04  0.86004716866075E+04  0.33835780873924E+05 -0.25111776123705E+04 -0.39384208604580E+04  0.13716401406692E+03 -0.10143901469680E+05 -0.52966920448433E+05 -0.17234496515072E+03 -0.29403669280802E+03 -0.13814866850229E+02 -0.10805217956496E+04 -0.50076948742042E+04 -0.37718030696209E+03 -0.15885958225166E+03 -0.12776660028745E+04 -0.31755564654257E+04 -0.11531997818377E+04 -0.34371204931241E+04
   0.90116589687252E+06 -0.12132013174997E+06  0.31509220094614E+05  0.34479949321144E+06 -0.32290276175739E+05  0.10518113817891E+06  0.58381382225854E+05  0.49486805655119E+07 -0.23060347701222E+07 -0.85020804483362E+05  0.25887367675722E+05  0.27128512890853E+05  0.18126386186249E+04  0.10236749625224E+03  0.82075802029794E+05 -0.10411933757322E+05  0.83782883317460E+05  0.45162519402860E+05 -0.57453493444742E+06  0.37163663688390E+03 -0.27698777828374E+05  0.28320071608263E+05  0.88666118447986E+05  0.24551306084398E+06 -0.60380575505782E+05 -0.48568102572297E+05 -0.66671520928872E+05 -0.28041577530866E+06 -0.55672697271423E+06 -0.72416644514517E+05 -0.16196928628802E+06 -0.13267557600130E+04 -0.57149708196888E+04 -0.11220167404456E+05  0.66400126024638E+02  0.16679406574569E+03 -0.26138084990455E+06 -0.85866698466366E+04 -0.13651700514005E+06 -0.16980678113207E+06
  -0.17355278614622E+06  0.26439575229534E+05 -0.59175150925998E+04 -0.25276506999371E+05  0.34893803141028E+03 -0.93510386218200E+04 -0.29686726940757E+04 -0.23060347701222E+07  0.19287749554346E+07  0.18966304385604E+05 -0.65294368542880E+04 -0.58447755835127E+04 -0.32043649415413E+03 -0.14058050670331E+02  0.49950490034234E+05 -0.23555462765735E+04  0.17038051383836E+05  0.82640265676639E+04 -0.26902889619986E+05 -0.91829082411272E+02  0.67961238751318E+03 -0.57347038857155E+04 -0.19057639039465E+05 -0.47166705719977E+05  0.11437140918185E+05  0.10833661925502E+05  0.24105547616142E+05  0.65506772349909E+05  0.12589057464215E+06  0.23150171007024E+05  0.51885916092875E+05  0.17914555069512E+03  0.61798819135474E+03  0.12485623895495E+04 -0.11985829375545E+04 -0.67094496348653E+03  0.11156680908066E+06  0.15822968392369E+04  0.44176375776071E+05  0.54405488193958E+05
  -0.48381387607289E+05  0.74917316655007E+04 -0.19967655595289E+04 -0.18303556230741E+05  0.24002523633321E+04 -0.46383280900999E+04 -0.33101835409972E+04 -0.85020804483362E+05  0.18966304385604E+05  0.26437229714324E+04 -0.64253486841558E+03 -0.70000953212505E+03 -0.61467391097633E+02 -0.19489437379727E+01 -0.39735903532799E+04  0.48079115979048E+03 -0.35633354489873E+04 -0.20055198794029E+04  0.57454416459438E+05 -0.87400455122173E+01  0.24648539280141E+04 -0.13016078513794E+04 -0.37912901759656E+04 -0.12191299102416E+05  0.27360910012327E+04  0.18959792729887E+04  0.72738780250004E+03  0.10944845444966E+05  0.22908949894752E+05  0.15292644928823E+04  0.33492206742993E+04  0.43105837726562E+02  0.57934066006997E+03  0.10989693562589E+04  0.13528973806424E+03  0.60397911836123E+02  0.30842928855189E+04  0.44077358397557E+03  0.27839538354367E+04  0.35478283050566E+04
   0.73913245899407E+04 -0.94017146922352E+03  0.26248284801497E+03  0.33715716436499E+04 -0.34355166137839E+03  0.10108039048694E+04  0.59158664760906E+03  0.25887367675722E+05 -0.65294368542880E+04 -0.64253486841558E+03  0.18196011319623E+03  0.20796712515880E+03  0.15072841505980E+02  0.75073877045867E+00  0.12664745008873E+04 -0.13939308192251E+03  0.10872543946408E+04  0.58978288915086E+03 -0.65549551806495E+04  0.27524172859850E+01 -0.28528770709478E+03  0.22268533220679E+03  0.68245463739729E+03  0.19608484643627E+04 -0.48796221231899E+03 -0.36842272071130E+03 -0.34205639181519E+03 -0.20861413162055E+04 -0.41947870149119E+04 -0.44508618289083E+03 -0.99562038352446E+03 -0.11198201748155E+02 -0.50027565463297E+02 -0.98021951685136E+02 -0.15451577016522E+02 -0.72882262867970E+01 -0.11610645830427E+04 -0.69428042885548E+02 -0.83686282884152E+03 -0.10492023753951E+04
   0.15548269594905E+05 -0.12554955060223E+04  0.48583918121656E+03 -0.13715194555603E+04 -0.40927479147103E+02 -0.71110636703500E+03 -0.21616238341212E+03  0.27128512890853E+05 -0.58447755835127E+04 -0.70000953212505E+03  0.20796712515880E+03  0.18181322838300E+04  0.11847735317097E+03 -0.10081234563316E+01  0.14880606715122E+04 -0.20446083835487E+03  0.16230168321389E+04  0.92615809279308E+03 -0.68244319263066E+04 -0.51012257220441E+01 -0.11990381778474E+03 -0.88119362956231E+01  0.14388359711662E+03 -0.90919083920820E+03 -0.11720681553678E+04 -0.10274748463758E-09 -0.76638562400959E+03 -0.52208829503793E+04 -0.46274989896585E-09 -0.25172735722632E+04 -0.75078198262525E+02 -0.83043833990841E+02 -0.22558794908181E+00  0.55375960654413E-10 -0.18378613415536E+01 -0.79109500164128E+00  0.29904045813702E+03  0.32307261031658E+03 -0.28588360887901E+04  0.13939057931377E-09
   0.17614098438464E+04 -0.14709864228835E+03  0.63813678415713E+02 -0.15615084594831E+03  0.45661913832594E+01 -0.69616623240136E+02 -0.27489879100609E+02  0.18126386186249E+04 -0.32043649415413E+03 -0.61467391097633E+02  0.15072841505980E+02  0.11847735317097E+03  0.10614999780172E+02 -0.18258151148171E+00  0.80578430549527E+02 -0.13407229855111E+02  0.96565560730197E+02  0.59758406852546E+02 -0.32326594970115E+03 -0.43372091991694E+00  0.63894043375613E+01  0.10187389101062E+01  0.18906770356029E+02 -0.92815037584489E+02 -0.17336715675242E+03 -0.44122980610778E-11 -0.29542279582012E+02 -0.61456654867335E+03 -0.21698828269841E-10 -0.15653838840103E+03 -0.19835112253296E+02 -0.66685620603243E+01 -0.16260304313266E+00 -0.34587495475055E-12 -0.19354748993589E+00 -0.75335395525617E-01  0.29842436508599E+02  0.72534712376706E+02 -0.20459501088187E+03  0.33444780103082E-11
  -0.11100666482962E+03  0.13387449514216E+02 -0.50125419228372E+01  0.58057622358713E+02 -0.52034423719350E+01  0.19767365919605E+02  0.10383121046639E+02  0.10236749625224E+03 -0.14058050670331E+02 -0.19489437379727E+01  0.75073877045867E+00 -0.10081234563316E+01 -0.18258151148171E+00  0.55907933286289E-01  0.15234220658314E+02 -0.11778846481771E+01  0.97774908151663E+01  0.46288358733633E+01 -0.84301846434322E+02  0.26336068603150E-01 -0.45928924016937E+01  0.56806016479010E+00  0.14437692099243E+01  0.75183129874106E+01  0.72141382280034E-01 -0.85226760207462E-12 -0.64720095230528E+01 -0.90254355577949E+00 -0.80447585822795E-11 -0.37133968970033E+01 -0.24200018179764E-04 -0.15089332118544E+00  0.18160262189101E-12 -0.91774004140838E-13 -0.18460436354409E-02 -0.10145491500722E-02 -0.16415910718277E+01  0.74634855326213E-04 -0.34880100238510E+01  0.39045548188157E-12
   0.74576860232401E+04  0.66725423118113E+03 -0.39332122144602E+03  0.30526361351446E+05 -0.25999475590539E+04  0.93353757406484E+04  0.48204340308708E+04  0.82075802029794E+05  0.49950490034234E+05 -0.39735903532799E+04  0.12664745008873E+04  0.14880606715122E+04  0.80578430549527E+02  0.15234220658314E+02  0.48681039410812E+05 -0.44666335346083E+04  0.35227515643223E+05  0.18321661559041E+05 -0.55001428453635E+05  0.22134422329510E+01  0.75103330815742E+03 -0.20498678912204E+03 -0.59478094691353E+03 -0.14301425643649E+04 -0.25961087513430E+04 -0.17072601057469E+04 -0.24522501158199E+04  0.19679459566075E+04  0.41970610930157E+04 -0.15209742277463E+04 -0.29599509995180E+04 -0.71449300022321E+03  0.23729090737765E+03  0.42437572371042E+03 -0.28160644570552E+04 -0.15005851947099E+04 -0.24630363762297E+04  0.18043630490719E+03 -0.83382870363496E+03 -0.93959877282852E+03
  -0.19032294652241E+04 -0.52648427760252E+02  0.25638421788083E+00 -0.36902288635543E+04  0.31948090963461E+03 -0.11584108533424E+04 -0.60673854660980E+03 -0.10411933757322E+05 -0.23555462765735E+04  0.48079115979048E+03 -0.13939308192251E+03 -0.20446083835487E+03 -0.13407229855111E+02 -0.11778846481771E+01 -0.44666335346083E+04  0.47801989293136E+03 -0.37086693128785E+04 -0.20052936738376E+04  0.64302564847804E+04 -0.87143359616793E+00 -0.11031550414586E+03  0.20756662797281E+02  0.51975881276076E+02  0.14984418377027E+03  0.47851195950285E+03  0.30020874036956E+03  0.28111107568712E+03 -0.15930318904981E+03 -0.47250944917062E+03  0.15651663212379E+03  0.30363552893051E+03  0.78287933368477E+02 -0.63637077383833E+02 -0.11230337538119E+03  0.42703250107025E+03  0.21154258367258E+03 -0.28724645521486E+03 -0.32369324557276E+02  0.23930989466000E+03  0.26819896786571E+03
   0.10540054378158E+05  0.17564084328023E+03 -0.18474584129097E+03  0.27116045881185E+05 -0.22555891830642E+04  0.84324638744473E+04  0.42443657225847E+04  0.83782883317460E+05  0.17038051383836E+05 -0.35633354489873E+04  0.10872543946408E+04  0.16230168321389E+04  0.96565560730197E+02  0.97774908151663E+01  0.35227515643223E+05 -0.37086693128785E+04  0.29220974224205E+05  0.15654224194064E+05 -0.49000495505201E+05  0.11381770048274E+01  0.80960605137346E+03 -0.24870366217132E+03 -0.67778685966902E+03 -0.15856728916073E+04 -0.26771190530848E+04 -0.17225514903828E+04 -0.24744969858216E+04  0.20884881533413E+04  0.44887575717360E+04 -0.12809003218913E+04 -0.25032940981970E+04 -0.61105796226799E+03  0.85342963961050E+02  0.16592558904254E+03 -0.26622316577125E+04 -0.14300280116959E+04  0.13465429617226E+04  0.22635410932114E+03 -0.16645149485958E+04 -0.18495354716002E+04
   0.75636390983974E+04  0.97576932711147E+02 -0.26187773599851E+02  0.15161882529943E+05 -0.12785131949726E+04  0.47806650050040E+04  0.24368874826145E+04  0.45162519402860E+05  0.82640265676639E+04 -0.20055198794029E+04  0.58978288915086E+03  0.92615809279308E+03  0.59758406852546E+02  0.46288358733633E+01  0.18321661559041E+05 -0.20052936738376E+04  0.15654224194064E+05  0.84957153443678E+04 -0.27213091376416E+05  0.19903496116867E+01  0.48846912780421E+03 -0.13103730763837E+03 -0.33398355984113E+03 -0.83072834679409E+03 -0.18584387390656E+04 -0.11643367930571E+04 -0.12422560794316E+04  0.97136529205735E+03  0.24424592610015E+04 -0.64839997152524E+03 -0.12683085416400E+04 -0.33550365145102E+03  0.11150287062748E+03  0.20637063335008E+03 -0.17033604859055E+04 -0.87939020386896E+03  0.14364539196561E+04  0.15667581977599E+03 -0.11429363193468E+04 -0.12708345009129E+04
  -0.74752425807932E+07  0.25649948337448E+07 -0.37255988247679E+06 -0.22259573269120E+07  0.49251165122482E+06 -0.69244048337815E+05 -0.25373052401681E+06 -0.57453493444742E+06 -0.26902889619986E+05  0.57454416459438E+05 -0.65549551806495E+04 -0.68244319263066E+04 -0.32326594970115E+03 -0.84301846434322E+02 -0.55001428453635E+05  0.64302564847804E+04 -0.49000495505201E+05 -0.27213091376416E+05  0.33014388269230E+08  0.65590374224078E+04  0.66867419133601E+06 -0.16627488629019E+06 -0.49461235289736E+06 -0.24935157718323E+07  0.33941056311542E+05  0.75458414089127E+05 -0.11753592158506E+04  0.56428615907221E+06  0.27525490483333E+07  0.17675875846977E+05  0.31498271590822E+05  0.22985911586894E+03  0.18346003506635E+06  0.80126677443187E+06  0.24738521648514E+05  0.78118852314896E+04 -0.18778798348527E+05  0.44168266353869E+05  0.20562033020987E+05  0.63307952962024E+05
  -0.14083817256152E+04  0.56792589718506E+03 -0.72252067791422E+02 -0.21333316871295E+03  0.68115504582144E+02  0.52863109062213E+02 -0.18890681975467E+01  0.37163663688390E+03 -0.91829082411272E+02 -0.87400455122173E+01  0.27524172859850E+01 -0.51012257220441E+01 -0.43372091991694E+00  0.26336068603150E-01  0.22134422329510E+01 -0.87143359616793E+00  0.11381770048274E+01  0.19903496116867E+01  0.65590374224078E+04  0.23952200186059E+01  0.14096385239529E+03 -0.28262336345119E+02 -0.85528294380553E+02 -0.51019590696749E+03  0.00000000000000E+00 -0.25532908427009E+02  0.00000000000000E+00  0.00000000000000E+00  0.41932703519292E+03  0.00000000000000E+00 -0.72893463812705E+01  0.00000000000000E+00  0.00000000000000E+00  0.21903922017723E+03  0.00000000000000E+00  0.00000000000000E+00  0.00000000000000E+00  0.11615077930415E+02  0.00000000000000E+00 -0.26819248716223E+02
  -0.20919217535154E+06  0.59751385560279E+05 -0.10141864511603E+05 -0.61183160866673E+05  0.12762400112441E+05 -0.45999003734786E+04 -0.84504234163205E+04 -0.27698777828374E+05  0.67961238751318E+03  0.24648539280141E+04 -0.28528770709478E+03 -0.11990381778474E+03  0.63894043375613E+01 -0.45928924016937E+01  0.75103330815742E+03 -0.11031550414586E+03  0.80960605137346E+03  0.48846912780421E+03  0.66867419133601E+06  0.14096385239529E+03  0.25858734590683E+05 -0.76759890818837E+04 -0.21022070900002E+05 -0.99293644120084E+05  0.00000000000000E+00  0.50174195743991E+04  0.00000000000000E+00  0.00000000000000E+00  0.11443583756932E+06  0.00000000000000E+00 -0.11430960149792E+04  0.00000000000000E+00  0.00000000000000E+00  0.22811052221770E+05  0.00000000000000E+00  0.00000000000000E+00  0.00000000000000E+00 -0.41767872036527E+04  0.00000000000000E+00  0.41212127419231E+04
   0.56997716196702E+05 -0.12609828858952E+05  0.26464288157810E+04  0.20340165770317E+05 -0.38311006425601E+04  0.25351186021269E+04  0.31610921102625E+04  0.28320071608263E+05 -0.57347038857155E+04 -0.13016078513794E+04  0.22268533220679E+03 -0.88119362956231E+01  0.10187389101062E+01  0.56806016479010E+00 -0.20498678912204E+03  0.20756662797281E+02 -0.24870366217132E+03 -0.13103730763837E+03 -0.16627488629019E+06 -0.28262336345119E+02 -0.76759890818837E+04  0.28163651675830E+04  0.74930557326486E+04  0.32561897727081E+05 -0.52074536264951E+02 -0.21058094662057E+04  0.24800429929149E+01  0.46704894359343E+03 -0.41984091091734E+05  0.00000000000000E+00 -0.16108069588276E+03  0.00000000000000E+00  0.22544187853786E+04 -0.48947613709783E+04  0.00000000000000E+00  0.00000000000000E+00  0.00000000000000E+00  0.15044117399522E+04 -0.39057259804945E+03 -0.28023954486941E+04
   0.17845094748139E+06 -0.42941329936957E+05  0.83006808324240E+04  0.56342063952938E+05 -0.10593847108066E+05  0.69598645405737E+04  0.86004716866075E+04  0.88666118447986E+05 -0.19057639039465E+05 -0.37912901759656E+04  0.68245463739729E+03  0.14388359711662E+03  0.18906770356029E+02  0.14437692099243E+01 -0.59478094691353E+03  0.51975881276076E+02 -0.67778685966902E+03 -0.33398355984113E+03 -0.49461235289736E+06 -0.85528294380553E+02 -0.21022070900002E+05  0.74930557326486E+04  0.20563578700570E+05  0.88116725477087E+05 -0.16362935027614E+03 -0.52512024311705E+04 -0.47378848227128E+02 -0.67771431906811E+04 -0.11543525364539E+06  0.00000000000000E+00 -0.39889053738127E+03  0.00000000000000E+00  0.31462861620940E+04 -0.15287019556450E+05  0.00000000000000E+00  0.00000000000000E+00  0.00000000000000E+00  0.37509086412874E+04 -0.21443363586623E+04 -0.81578574345312E+04
   0.74396248237845E+06 -0.20516884369266E+06  0.35680047616289E+05  0.24008809342877E+06 -0.48080934087402E+05  0.21955747427435E+05  0.33835780873924E+05  0.24551306084398E+06 -0.47166705719977E+05 -0.12191299102416E+05  0.19608484643627E+04 -0.90919083920820E+03 -0.92815037584489E+02  0.75183129874106E+01 -0.14301425643649E+04  0.14984418377027E+03 -0.15856728916073E+04 -0.83072834679409E+03 -0.24935157718323E+07 -0.51019590696749E+03 -0.99293644120084E+05  0.32561897727081E+05  0.88116725477087E+05  0.41283077905831E+06  0.25313533476385E+03 -0.27065182720685E+05 -0.64536839007066E+01  0.37950644014319E+05 -0.48511888659426E+06  0.00000000000000E+00 -0.21107823890791E+04  0.00000000000000E+00  0.16125520484897E+05 -0.80542305911090E+05  0.00000000000000E+00  0.00000000000000E+00  0.00000000000000E+00  0.19982517445810E+05  0.15681257674867E+04 -0.29745702209705E+05
  -0.12692613311834E+06  0.16571647856934E+05 -0.55385646489412E+04 -0.12765744501354E+05  0.19995085408237E+04 -0.28352521573838E+04 -0.25111776123705E+04 -0.60380575505782E+05  0.11437140918185E+05  0.27360910012327E+04 -0.48796221231899E+03 -0.11720681553678E+04 -0.17336715675242E+03  0.72141382280034E-01 -0.25961087513430E+04  0.47851195950285E+03 -0.26771190530848E+04 -0.18584387390656E+04  0.33941056311542E+05  0.00000000000000E+00  0.00000000000000E+00 -0.52074536264951E+02 -0.16362935027614E+03  0.25313533476385E+03  0.11624100786952E+06  0.00000000000000E+00  0.00000000000000E+00  0.00000000000000E+00  0.00000000000000E+00  0.00000000000000E+00  0.00000000000000E+00  0.00000000000000E+00  0.00000000000000E+00  0.00000000000000E+00  0.00000000000000E+00  0.00000000000000E+00  0.00000000000000E+00  0.00000000000000E+00  0.00000000000000E+00  0.00000000000000E+00
  -0.53853828096318E+05  0.81961377785950E+04 -0.23642778317708E+04 -0.21137536678486E+05  0.33708132724089E+04 -0.43507979963107E+04 -0.39384208604580E+04 -0.48568102572297E+05  0.10833661925502E+05  0.18959792729887E+04 -0.36842272071130E+03 -0.10274748463758E-09 -0.44122980610778E-11 -0.85226760207462E-12 -0.17072601057469E+04  0.30020874036956E+03 -0.17225514903828E+04 -0.11643367930571E+04  0.75458414089127E+05 -0.25532908427009E+02  0.50174195743991E+04 -0.21058094662057E+04 -0.52512024311705E+04 -0.27065182720685E+05  0.00000000000000E+00  0.64568917840625E+05  0.00000000000000E+00  0.00000000000000E+00  0.00000000000000E+00  0.00000000000000E+00  0.00000000000000E+00  0.00000000000000E+00  0.00000000000000E+00  0.00000000000000E+00  0.00000000000000E+00  0.00000000000000E+00  0.00000000000000E+00  0.00000000000000E+00  0.00000000000000E+00  0.00000000000000E+00
  -0.43785882901006E+04 -0.23995028163511E+03  0.51020604298582E+02 -0.64687359547890E+02 -0.56360222448472E+02  0.15559442404133E+03  0.13716401406692E+03 -0.66671520928872E+05  0.24105547616142E+05  0.72738780250004E+03 -0.34205639181519E+03 -0.76638562400959E+03 -0.29542279582012E+02 -0.64720095230528E+01 -0.24522501158199E+04  0.28111107568712E+03 -0.24744969858216E+04 -0.12422560794316E+04 -0.11753592158506E+04  0.00000000000000E+00  0.00000000000000E+00  0.24800429929149E+01 -0.47378848227128E+02 -0.64536839007066E+01  0.00000000000000E+00  0.00000000000000E+00  0.30658292211075E+05  0.00000000000000E+00  0.00000000000000E+00  0.00000000000000E+00  0.00000000000000E+00  0.00000000000000E+00  0.00000000000000E+00  0.00000000000000E+00  0.00000000000000E+00  0.00000000000000E+00  0.00000000000000E+00  0.00000000000000E+00  0.00000000000000E+00  0.00000000000000E+00
  -0.83746698673270E+06  0.20913546255456E+06 -0.38951692923715E+05 -0.65648862615123E+05  0.11966739010592E+05 -0.89251849105961E+04 -0.10143901469680E+05 -0.28041577530866E+06  0.65506772349909E+05  0.10944845444966E+05 -0.20861413162055E+04 -0.52208829503793E+04 -0.61456654867335E+03 -0.90254355577949E+00  0.19679459566075E+04 -0.15930318904981E+03  0.20884881533413E+04  0.97136529205735E+03  0.56428615907221E+06  0.00000000000000E+00  0.00000000000000E+00  0.46704894359343E+03 -0.67771431906811E+04  0.37950644014319E+05  0.00000000000000E+00  0.00000000000000E+00  0.00000000000000E+00  0.57744395849157E+06  0.00000000000000E+00  0.00000000000000E+00  0.00000000000000E+00  0.00000000000000E+00  0.00000000000000E+00  0.00000000000000E+00  0.00000000000000E+00  0.00000000000000E+00  0.00000000000000E+00  0.00000000000000E+00  0.00000000000000E+00  0.00000000000000E+00
  -0.10843214725736E+07  0.26329223479848E+06 -0.50608751665873E+05 -0.34045084235712E+06  0.63136070133098E+05 -0.44188226459801E+05 -0.52966920448433E+05 -0.55672697271423E+06  0.12589057464215E+06  0.22908949894752E+05 -0.41947870149119E+04 -0.46274989896585E-09 -0.21698828269841E-10 -0.80447585822795E-11  0.41970610930157E+04 -0.47250944917062E+03  0.44887575717360E+04  0.24424592610015E+04  0.27525490483333E+07  0.41932703519292E+03  0.11443583756932E+06 -0.41984091091734E+05 -0.11543525364539E+06 -0.48511888659426E+06  0.00000000000000E+00  0.00000000000000E+00  0.00000000000000E+00  0.00000000000000E+00  0.91771319214894E+06  0.00000000000000E+00  0.00000000000000E+00  0.00000000000000E+00  0.00000000000000E+00  0.00000000000000E+00  0.00000000000000E+00  0.00000000000000E+00  0.00000000000000E+00  0.00000000000000E+00  0.00000000000000E+00  0.00000000000000E+00
  -0.20559499166292E+05  0.58007843966139E+04 -0.10024641852912E+04 -0.14115228614990E+04  0.33946579806087E+03 -0.36308851788415E+01 -0.17234496515072E+03 -0.72416644514517E+05  0.23150171007024E+05  0.15292644928823E+04 -0.44508618289083E+03 -0.25172735722632E+04 -0.15653838840103E+03 -0.37133968970033E+01 -0.15209742277463E+04  0.15651663212379E+03 -0.12809003218913E+04 -0.64839997152524E+03  0.17675875846977E+05  0.00000000000000E+00  0.00000000000000E+00  0.00000000000000E+00  0.00000000000000E+00  0.00000000000000E+00  0.00000000000000E+00  0.00000000000000E+00  0.00000000000000E+00  0.00000000000000E+00  0.00000000000000E+00  0.14750816543335E+05  0.00000000000000E+00  0.00000000000000E+00  0.00000000000000E+00  0.00000000000000E+00  0.00000000000000E+00  0.00000000000000E+00  0.00000000000000E+00  0.00000000000000E+00  0.00000000000000E+00  0.00000000000000E+00
  -0.46341224938695E+05  0.13222803893933E+05 -0.22695231463489E+04 -0.24877761354088E+04  0.57870496704460E+03 -0.36021431555046E+02 -0.29403669280802E+03 -0.16196928628802E+06  0.51885916092875E+05  0.33492206742993E+04 -0.99562038352446E+03 -0.75078198262525E+02 -0.19835112253296E+02 -0.24200018179764E-04 -0.29599509995180E+04  0.30363552893051E+03 -0.25032940981970E+04 -0.12683085416400E+04  0.31498271590822E+05 -0.72893463812705E+01 -0.11430960149792E+04 -0.16108069588276E+03 -0.39889053738127E+03 -0.21107823890791E+04  0.00000000000000E+00  0.00000000000000E+00  0.00000000000000E+00  0.00000000000000E+00  0.00000000000000E+00  0.00000000000000E+00  0.31787201120603E+05  0.00000000000000E+00  0.00000000000000E+00  0.00000000000000E+00  0.00000000000000E+00  0.00000000000000E+00  0.00000000000000E+00  0.00000000000000E+00  0.00000000000000E+00  0.00000000000000E+00
  -0.30783378997487E+04  0.42092026711921E+03 -0.11867224604558E+03 -0.73808474989416E+02  0.95446631193668E+01 -0.19664938966019E+02 -0.13814866850229E+02 -0.13267557600130E+04  0.17914555069512E+03  0.43105837726562E+02 -0.11198201748155E+02 -0.83043833990841E+02 -0.66685620603243E+01 -0.15089332118544E+00 -0.71449300022321E+03  0.78287933368477E+02 -0.61105796226799E+03 -0.33550365145102E+03  0.22985911586894E+03  0.00000000000000E+00  0.00000000000000E+00  0.00000000000000E+00  0.00000000000000E+00  0.00000000000000E+00  0.00000000000000E+00  0.00000000000000E+00  0.00000000000000E+00  0.00000000000000E+00  0.00000000000000E+00  0.00000000000000E+00  0.00000000000000E+00  0.37860134631336E+04  0.00000000000000E+00  0.00000000000000E+00  0.00000000000000E+00  0.00000000000000E+00  0.00000000000000E+00  0.00000000000000E+00  0.00000000000000E+00  0.00000000000000E+00
  -0.19836927727714E+06  0.63443665562422E+05 -0.99065941436208E+04 -0.11727475534462E+05  0.29849128446731E+04  0.33574217833860E+03 -0.10805217956496E+04 -0.57149708196888E+04  0.61798819135474E+03  0.57934066006997E+03 -0.50027565463297E+02 -0.22558794908181E+00 -0.16260304313266E+00  0.18160262189101E-12  0.23729090737765E+03 -0.63637077383833E+02  0.85342963961050E+02  0.11150287062748E+03  0.18346003506635E+06  0.00000000000000E+00  0.00000000000000E+00  0.22544187853786E+04  0.31462861620940E+04  0.16125520484897E+05  0.00000000000000E+00  0.00000000000000E+00  0.00000000000000E+00  0.00000000000000E+00  0.00000000000000E+00  0.00000000000000E+00  0.00000000000000E+00  0.00000000000000E+00  0.10556749814226E+06  0.00000000000000E+00  0.00000000000000E+00  0.00000000000000E+00  0.00000000000000E+00  0.00000000000000E+00  0.00000000000000E+00  0.00000000000000E+00
  -0.22390373055284E+06  0.71029358454966E+05 -0.11148683570652E+05 -0.52608140238826E+05  0.13177333080408E+05  0.11323218347660E+04 -0.50076948742042E+04 -0.11220167404456E+05  0.12485623895495E+04  0.10989693562589E+04 -0.98021951685136E+02  0.55375960654413E-10 -0.34587495475055E-12 -0.91774004140838E-13  0.42437572371042E+03 -0.11230337538119E+03  0.16592558904254E+03  0.20637063335008E+03  0.80126677443187E+06  0.21903922017723E+03  0.22811052221770E+05 -0.48947613709783E+04 -0.15287019556450E+05 -0.80542305911090E+05  0.00000000000000E+00  0.00000000000000E+00  0.00000000000000E+00  0.00000000000000E+00  0.00000000000000E+00  0.00000000000000E+00  0.00000000000000E+00  0.00000000000000E+00  0.00000000000000E+00  0.13872866623600E+06  0.00000000000000E+00  0.00000000000000E+00  0.00000000000000E+00  0.00000000000000E+00  0.00000000000000E+00  0.00000000000000E+00
  -0.91005710777293E+04  0.24661742765293E+04 -0.43501129007163E+03 -0.25102012139737E+04  0.48325916241668E+03 -0.27593218034519E+03 -0.37718030696209E+03  0.66400126024638E+02 -0.11985829375545E+04  0.13528973806424E+03 -0.15451577016522E+02 -0.18378613415536E+01 -0.19354748993589E+00 -0.18460436354409E-02 -0.28160644570552E+04  0.42703250107025E+03 -0.26622316577125E+04 -0.17033604859055E+04  0.24738521648514E+05  0.00000000000000E+00  0.00000000000000E+00  0.00000000000000E+00  0.00000000000000E+00  0.00000000000000E+00  0.00000000000000E+00  0.00000000000000E+00  0.00000000000000E+00  0.00000000000000E+00  0.00000000000000E+00  0.00000000000000E+00  0.00000000000000E+00  0.00000000000000E+00  0.00000000000000E+00  0.00000000000000E+00  0.83116724330873E+04  0.00000000000000E+00  0.00000000000000E+00  0.00000000000000E+00  0.00000000000000E+00  0.00000000000000E+00
  -0.32246225555948E+04  0.78356460794601E+03 -0.15151484748224E+03 -0.98002788721427E+03  0.17924990463110E+03 -0.13887862868771E+03 -0.15885958225166E+03  0.16679406574569E+03 -0.67094496348653E+03  0.60397911836123E+02 -0.72882262867970E+01 -0.79109500164128E+00 -0.75335395525617E-01 -0.10145491500722E-02 -0.15005851947099E+04  0.21154258367258E+03 -0.14300280116959E+04 -0.87939020386896E+03  0.78118852314896E+04  0.00000000000000E+00  0.00000000000000E+00  0.00000000000000E+00  0.00000000000000E+00  0.00000000000000E+00  0.00000000000000E+00  0.00000000000000E+00  0.00000000000000E+00  0.00000000000000E+00  0.00000000000000E+00  0.00000000000000E+00  0.00000000000000E+00  0.00000000000000E+00  0.00000000000000E+00  0.00000000000000E+00  0.00000000000000E+00  0.42626850207734E+04  0.00000000000000E+00  0.00000000000000E+00  0.00000000000000E+00  0.00000000000000E+00
  -0.14942403530772E+05 -0.23676529417594E+04  0.53089342148424E+02 -0.94622121296674E+04  0.33195314562270E+03 -0.30429469197542E+04 -0.12776660028745E+04 -0.26138084990455E+06  0.11156680908066E+06  0.30842928855189E+04 -0.11610645830427E+04  0.29904045813702E+03  0.29842436508599E+02 -0.16415910718277E+01 -0.24630363762297E+04 -0.28724645521486E+03  0.13465429617226E+04  0.14364539196561E+04 -0.18778798348527E+05  0.00000000000000E+00  0.00000000000000E+00  0.00000000000000E+00  0.00000000000000E+00  0.00000000000000E+00  0.00000000000000E+00  0.00000000000000E+00  0.00000000000000E+00  0.00000000000000E+00  0.00000000000000E+00  0.00000000000000E+00  0.00000000000000E+00  0.00000000000000E+00  0.00000000000000E+00  0.00000000000000E+00  0.00000000000000E+00  0.00000000000000E+00  0.12385751322329E+06  0.00000000000000E+00  0.00000000000000E+00  0.00000000000000E+00
   0.16575216759001E+05 -0.22365379798326E+04  0.72449751512533E+03 -0.15664738820622E+05  0.24935766320029E+04 -0.33952477460579E+04 -0.31755564654257E+04 -0.85866698466366E+04  0.15822968392369E+04  0.44077358397557E+03 -0.69428042885548E+02  0.32307261031658E+03  0.72534712376706E+02  0.74634855326213E-04  0.18043630490719E+03 -0.32369324557276E+02  0.22635410932114E+03  0.15667581977599E+03  0.44168266353869E+05  0.11615077930415E+02 -0.41767872036527E+04  0.15044117399522E+04  0.37509086412874E+04  0.19982517445810E+05  0.00000000000000E+00  0.00000000000000E+00  0.00000000000000E+00  0.00000000000000E+00  0.00000000000000E+00  0.00000000000000E+00  0.00000000000000E+00  0.00000000000000E+00  0.00000000000000E+00  0.00000000000000E+00  0.00000000000000E+00  0.00000000000000E+00  0.00000000000000E+00  0.39251234309409E+05  0.00000000000000E+00  0.00000000000000E+00
  -0.70541674464901E+05  0.85342595560279E+04 -0.25605012678679E+04 -0.71822005313319E+04  0.81892121060884E+03 -0.18580892008570E+04 -0.11531997818377E+04 -0.13651700514005E+06  0.44176375776071E+05  0.27839538354367E+04 -0.83686282884152E+03 -0.28588360887901E+04 -0.20459501088187E+03 -0.34880100238510E+01 -0.83382870363496E+03  0.23930989466000E+03 -0.16645149485958E+04 -0.11429363193468E+04  0.20562033020987E+05  0.00000000000000E+00  0.00000000000000E+00 -0.39057259804945E+03 -0.21443363586623E+04  0.15681257674867E+04  0.00000000000000E+00  0.00000000000000E+00  0.00000000000000E+00  0.00000000000000E+00  0.00000000000000E+00  0.00000000000000E+00  0.00000000000000E+00  0.00000000000000E+00  0.00000000000000E+00  0.00000000000000E+00  0.00000000000000E+00  0.00000000000000E+00  0.00000000000000E+00  0.00000000000000E+00  0.94905704841301E+05  0.00000000000000E+00
  -0.55689693091947E+05  0.71623512686275E+04 -0.20774974071818E+04 -0.21264280171062E+05  0.25166692264696E+04 -0.53592273904568E+04 -0.34371204931241E+04 -0.16980678113207E+06  0.54405488193958E+05  0.35478283050566E+04 -0.10492023753951E+04  0.13939057931377E-09  0.33444780103082E-11  0.39045548188157E-12 -0.93959877282852E+03  0.26819896786571E+03 -0.18495354716002E+04 -0.12708345009129E+04  0.63307952962024E+05 -0.26819248716223E+02  0.41212127419231E+04 -0.28023954486941E+04 -0.81578574345312E+04 -0.29745702209705E+05  0.00000000000000E+00  0.00000000000000E+00  0.00000000000000E+00  0.00000000000000E+00  0.00000000000000E+00  0.00000000000000E+00  0.00000000000000E+00  0.00000000000000E+00  0.00000000000000E+00  0.00000000000000E+00  0.00000000000000E+00  0.00000000000000E+00  0.00000000000000E+00  0.00000000000000E+00  0.00000000000000E+00  0.99587335312453E+05

 # Covariance matrix (Bevington epsilon)
