# fitpack15: fit parameters                                                                         
# CJ15 AV18 final data choices                                                                      
# Created on 01/27/2020 at 06:12:19                                                                 

 # QCD setup
  INS                           0
  NVL                          11
  IORD                          1
  Q02                   1.6899999999999999     
  IPARAMC                       7
  FLAVOR                4.0000000000000000     
  xmc                   1.3000000000000000     
  xmb                   4.5000000000000000     
  ncb                          12
  ihq                           1
  ias                           0

 # Theory corrections
  inuke                     10814
  itmc                          1
  iht                           1

 # fit parameters
 LAMBDA       0.22680        0.0000    
 a0uv          2.3983        0.0000    
 a1uv         0.61461       0.19926E-01
 a2uv          3.5436       0.12397E-01
 a3uv          0.0000        0.0000    
 a4uv          3.4792       0.43182    
 a5uv          0.0000        0.0000    
 a0dv          24.849        0.0000    
 a1dv          1.1610       0.33375E-01
 a2dv          6.5505       0.15858    
 a3dv         -3.5045       0.85522E-01
 a4dv          4.6728       0.14197    
 a5dv          0.0000        0.0000    
 a0ud         0.14664       0.50352E-02
 a1ud        -0.20773       0.37538E-02
 a2ud          8.3126       0.19199    
 a3ud          0.0000        0.0000    
 a4ud          14.543        1.2226    
 a5ud          0.0000        0.0000    
 a0du          35712.        0.0000    
 a1du          4.0290       0.75722E-01
 a2du          20.091       0.87631    
 a3du          17.000        0.0000    
 a4du          51.309        10.667    
 a0g           45.877        0.0000    
 a1g          0.60464       0.31369E-01
 a2g           6.5663       0.97087    
 a3g          -3.3081       0.13610    
 a4g           3.1905       0.32757    
 a5g           0.0000        0.0000    
 kappa        0.40000        0.0000    
 a6dv        -0.35439E-02   0.66276E-03
 a7dv          2.0000        0.0000    
 off1         -3.7498        1.5196    
 off2         0.57529E-01   0.56919E-01
 ht1          -3.3204       0.26151    
 ht2           1.9419       0.10550    
 ht3          -2.0639       0.18297E-01
 ht4           0.0000        0.0000    
 dummy40       0.0000        0.0000    
 dummy41       0.0000        0.0000    
 dummy42       0.0000        0.0000    
 dummy43       0.0000        0.0000    
 dummy44       0.0000        0.0000    
 dummy45       0.0000        0.0000    
 dummy46       0.0000        0.0000    
 dummy47       0.0000        0.0000    
 dummy48       0.0000        0.0000    
 dummy49       0.0000        0.0000    
 bcdmsh2      0.97313       0.48228E-02
 bcdmsd2      0.99315       0.58303E-02
 ccfr          1.0000        0.0000    
 nutev         1.0000        0.0000    
 zeus         0.97998        0.0000    
 h1            1.0162        0.0000    
 e605          1.0319        0.0000    
 NmcH2         1.0094       0.71220E-02
 ntv_nu        1.0000        0.0000    
 ntv_nubar     1.0000        0.0000    
 cdf_jet      0.98910        0.0000    
 d0_jet       0.83504        0.0000    
 slac_p        1.0049       0.48105E-02
 slac_d        1.0041       0.52726E-02
 e866pp       0.96613       0.19265E-01
 e866pd       0.96383       0.15824E-01
 d0_gamjet     1.0389       0.16481E-01
 h1b          0.97608        0.0000    
 jlab_p       0.99415       0.57859E-02
 jlab_d       0.97533       0.59005E-02
 blank         1.0000        0.0000    
 d0run2       0.94034       0.14110E-01
 cdfrun2      0.92620       0.17213E-01
 HERA_el       1.0000        0.0000    
 HERA_ps       1.0000        0.0000    
 CDF_Z        0.96576       0.65195E-02
 NmcRat        1.0000        0.0000    
 BNS_F2nd     0.98341       0.69292E-02
 HERMES_F2p   0.99835       0.55654E-02
 HERMES_F2d   0.98038       0.58198E-02
 END 0. 0.

 # Hessian matrix (Bevington alpha)
   0.48840842011711E+07 -0.12866312004174E+07  0.23337810802391E+06  0.47937331853906E+06 -0.12629427437137E+06 -0.22367151725478E+05  0.55648285471936E+05  0.90207988422314E+06 -0.17350105898015E+06 -0.48375041524080E+05  0.73787470094611E+04  0.15568886916781E+05  0.17640612004446E+04 -0.11089729066537E+03  0.74287709253771E+04 -0.18960646232596E+04  0.10496773928637E+05  0.75327071765932E+04 -0.74654548595188E+07 -0.13960638108624E+04 -0.21184555568089E+06  0.57562872528231E+05  0.17981802561383E+06  0.75088162191261E+06 -0.12689251763388E+06 -0.53840270049355E+05 -0.43759235186897E+04 -0.83720517224457E+06 -0.10839585314160E+07 -0.20556115412916E+05 -0.46327341664667E+05 -0.30777517200193E+04 -0.19831533696358E+06 -0.22382530873837E+06 -0.91062020374658E+04 -0.32266354595404E+04 -0.14914992742028E+05  0.16573294643180E+05 -0.70514273975213E+05 -0.55669926386246E+05
  -0.12866312004174E+07  0.41289716624853E+06 -0.63568186767672E+05 -0.13495240313550E+06  0.35275912156477E+05  0.85940865513865E+04 -0.12396569804735E+05 -0.12147130364816E+06  0.26433991379792E+05  0.74924394033867E+04 -0.93880836371682E+03 -0.12574918733920E+04 -0.14736317339111E+03  0.13375130416125E+02  0.66449076542917E+03 -0.52151855268375E+02  0.17319304043634E+03  0.95832497985972E+02  0.25620325055248E+07  0.56445452954808E+03  0.60531491407481E+05 -0.12774373881285E+05 -0.43336217563163E+05 -0.20717384012758E+06  0.16570791571933E+05  0.81955008641764E+04 -0.24001256353764E+03  0.20911455832441E+06  0.26324130234161E+06  0.58011375914720E+04  0.13221187894954E+05  0.42095649145259E+03  0.63438178250201E+05  0.71013686736439E+05  0.24678155783212E+04  0.78408514997153E+03 -0.23694934581556E+04 -0.22365193514921E+04  0.85329921951513E+04  0.71611560512956E+04
   0.23337810802391E+06 -0.63568186767672E+05  0.11275938134527E+05  0.23156226266383E+05 -0.61930334885039E+04 -0.13071068063935E+04  0.26049288443164E+04  0.31586100930217E+05 -0.59233544615336E+04 -0.19995262038412E+04  0.26239159103178E+03  0.48693542861084E+03  0.63982928233718E+02 -0.50130281720493E+01 -0.39449021281328E+03  0.44295854807414E+00 -0.18505501759492E+03 -0.26552435448422E+02 -0.37275160743628E+06 -0.71790019859036E+02 -0.10288636045975E+05  0.26781568109912E+04  0.83805886416799E+04  0.36076381072425E+05 -0.55452535917365E+04 -0.23672107716711E+04  0.51164744978526E+02 -0.39005203121177E+05 -0.50675632977981E+05 -0.10040642702933E+04 -0.22728316578197E+04 -0.11882055482437E+03 -0.99220888914509E+04 -0.11164906528222E+05 -0.43600937635881E+03 -0.15185446420859E+03  0.54301265952778E+02  0.72541972194868E+03 -0.25630225614089E+04 -0.20796425582914E+04
   0.47937331853906E+06 -0.13495240313550E+06  0.23156226266383E+05  0.39480441286329E+06 -0.62464455461224E+05  0.76157516935500E+05  0.65048446401237E+05  0.34549310457131E+06 -0.25361618769942E+05 -0.18311229165095E+05  0.33684014775506E+04 -0.13720015537860E+04 -0.15633811202859E+03  0.57999842276385E+02  0.30513621635775E+05 -0.36843328217521E+04  0.27051767057586E+05  0.15122236565335E+05 -0.22237132393146E+07 -0.20979793843069E+03 -0.61966201866611E+05  0.20505673441814E+05  0.56750857400918E+05  0.24216305605006E+06 -0.12768197658002E+05 -0.21140396455665E+05 -0.65614646349899E+02 -0.65645969576731E+05 -0.34045905191387E+06 -0.14126955264006E+04 -0.24879926243991E+04 -0.73921740314939E+02 -0.11727288167824E+05 -0.52611099676482E+05 -0.25127207830907E+04 -0.98102229840329E+03 -0.94602426496593E+04 -0.15660384848423E+05 -0.71830932575317E+04 -0.21266511634068E+05
  -0.12629427437137E+06  0.35275912156477E+05 -0.61930334885039E+04 -0.62464455461224E+05  0.11754546815948E+05 -0.79516013422833E+04 -0.95096196100334E+04 -0.32361630449689E+05  0.35617018659867E+03  0.24017690543390E+04 -0.34325673004899E+03 -0.41357021267183E+02  0.45565147677660E+01 -0.51987815966806E+01 -0.25994395506708E+04  0.31897268233284E+03 -0.22510960280532E+04 -0.12755510215897E+04  0.49246148339639E+06  0.67475013379790E+02  0.12935755731794E+05 -0.38672900433497E+04 -0.10683878550066E+05 -0.48540312540823E+05  0.20001425105737E+04  0.33718966865253E+04 -0.56284164243631E+02  0.11973582471685E+05  0.63169994838506E+05  0.33995731856266E+03  0.57917175986177E+03  0.95630716041727E+01  0.29876595129988E+04  0.13189071465839E+05  0.48400956911973E+03  0.17951026812576E+03  0.33127391285104E+03  0.24932538273787E+04  0.81927497027975E+03  0.25175975333758E+04
  -0.22367151725478E+05  0.85940865513865E+04 -0.13071068063935E+04  0.76157516935500E+05 -0.79516013422833E+04  0.24578971429411E+05  0.14940272291624E+05  0.10536994635716E+06 -0.93746499677620E+04 -0.46398603656893E+04  0.10096807396525E+04 -0.71152466014654E+03 -0.69693142183600E+02  0.19743051110844E+02  0.93284734743341E+04 -0.11562343534492E+04  0.84092703837305E+04  0.47663786073572E+04 -0.69584169866173E+05  0.53042950420964E+02 -0.46625686167507E+04  0.25495814279109E+04  0.69977693615669E+04  0.22146813300747E+05 -0.28354755577380E+04 -0.43513680629785E+04  0.15528518879400E+03 -0.89293672335866E+04 -0.44217695254670E+05 -0.39367414704062E+01 -0.36463138031020E+02 -0.19686895533614E+02  0.33369742419996E+03  0.11211842554570E+04 -0.27656571341458E+03 -0.13911993019788E+03 -0.30413545080607E+04 -0.33940614794481E+04 -0.18580138336213E+04 -0.53591331642298E+04
   0.55648285471936E+05 -0.12396569804735E+05  0.26049288443164E+04  0.65048446401237E+05 -0.95096196100334E+04  0.14940272291624E+05  0.11715887009459E+05  0.58490356763013E+05 -0.29818860479235E+04 -0.33113054687470E+04  0.59091986499617E+03 -0.21603951553652E+03 -0.27510694011390E+02  0.10370600915315E+02  0.48168792069710E+04 -0.60550624934163E+03  0.42331799927264E+04  0.24297178116055E+04 -0.25373592253463E+06 -0.14604296163238E+01 -0.85615111928514E+04  0.31846802570013E+04  0.86598529507659E+04  0.34137635522334E+05 -0.25113436500468E+04 -0.39386896464695E+04  0.13699253954246E+03 -0.10146581152529E+05 -0.52983639559424E+05 -0.17265547643624E+03 -0.29434167834477E+03 -0.13832670372887E+02 -0.10820311920171E+04 -0.50151626325461E+04 -0.37773886253725E+03 -0.15906596409637E+03 -0.12766708006497E+04 -0.31744240743273E+04 -0.11532621350469E+04 -0.34372592546023E+04
   0.90207988422314E+06 -0.12147130364816E+06  0.31586100930217E+05  0.34549310457131E+06 -0.32361630449689E+05  0.10536994635716E+06  0.58490356763013E+05  0.49618857322748E+07 -0.23090771896028E+07 -0.85160497431464E+05  0.25897483125539E+05  0.27215914296505E+05  0.18182703415310E+04  0.10235772256844E+03  0.82251769891571E+05 -0.10424459002384E+05  0.83777100363851E+05  0.45156626859604E+05 -0.57515564057930E+06  0.37387499338909E+03 -0.28061673020697E+05  0.28482485598101E+05  0.89107983342015E+05  0.24740982373275E+06 -0.60473080195166E+05 -0.48647522422129E+05 -0.66738986777706E+05 -0.28077063772276E+06 -0.55750340395980E+06 -0.72518326633788E+05 -0.16217333823235E+06 -0.13290438944920E+04 -0.57207657773592E+04 -0.11231320141012E+05  0.56088484394579E+02  0.16236761841156E+03 -0.26166867092742E+06 -0.86002496353809E+04 -0.13667856268303E+06 -0.17003302853015E+06
  -0.17350105898015E+06  0.26433991379792E+05 -0.59233544615336E+04 -0.25361618769942E+05  0.35617018659867E+03 -0.93746499677620E+04 -0.29818860479235E+04 -0.23090771896028E+07  0.19288258679570E+07  0.18975294498981E+05 -0.65244997335609E+04 -0.58571712584146E+04 -0.32110115771047E+03 -0.14043243185240E+02  0.49874078171875E+05 -0.23446716637609E+04  0.16944706340903E+05  0.82106726330866E+04 -0.26733413156815E+05 -0.91910701282065E+02  0.68200419280123E+03 -0.57536048344188E+04 -0.19108267211037E+05 -0.47403408410990E+05  0.11442184175995E+05  0.10838895516560E+05  0.24094905048948E+05  0.65503542890615E+05  0.12590246628628E+06  0.23153013302270E+05  0.51884301048179E+05  0.17944934126357E+03  0.61706280790981E+03  0.12468909923547E+04 -0.11951957482164E+04 -0.66940871207779E+03  0.11154025366654E+06  0.15826820477552E+04  0.44171553139868E+05  0.54407231626749E+05
  -0.48375041524080E+05  0.74924394033867E+04 -0.19995262038412E+04 -0.18311229165095E+05  0.24017690543390E+04 -0.46398603656893E+04 -0.33113054687470E+04 -0.85160497431464E+05  0.18975294498981E+05  0.26447757317068E+04 -0.64193498954150E+03 -0.70129347444371E+03 -0.61576229041392E+02 -0.19465453426582E+01 -0.39722510303316E+04  0.48009251805668E+03 -0.35548573299319E+04 -0.20003416205731E+04  0.57413631451926E+05 -0.88868738464773E+01  0.24955463303057E+04 -0.13092661960263E+04 -0.38107763777499E+04 -0.12286964071835E+05  0.27365977305950E+04  0.18965017400727E+04  0.72743516977696E+03  0.10945508780062E+05  0.22912310158769E+05  0.15295815482183E+04  0.33493789451196E+04  0.43115530161775E+02  0.57941316270815E+03  0.10990406190674E+04  0.13557970484879E+03  0.60522323268066E+02  0.30841977227267E+04  0.44091164233032E+03  0.27839041179183E+04  0.35482793125840E+04
   0.73787470094611E+04 -0.93880836371682E+03  0.26239159103178E+03  0.33684014775506E+04 -0.34325673004899E+03  0.10096807396525E+04  0.59091986499617E+03  0.25897483125539E+05 -0.65244997335609E+04 -0.64193498954150E+03  0.18157258591842E+03  0.20809678177066E+03  0.15078793427103E+02  0.74892616342381E+00  0.12648117612279E+04 -0.13906342656036E+03  0.10835053773206E+04  0.58764293324868E+03 -0.65411698202543E+04  0.27664369741263E+01 -0.28824929505874E+03  0.22344516847548E+03  0.68428552843694E+03  0.19715363425677E+04 -0.48735499758758E+03 -0.36802965086859E+03 -0.34173838673483E+03 -0.20832970163676E+04 -0.41895164808132E+04 -0.44463543993658E+03 -0.99448106804119E+03 -0.11186463523523E+02 -0.49943800437971E+02 -0.97854231628152E+02 -0.15486416422167E+02 -0.73026430611962E+01 -0.11598414686148E+04 -0.69349519800160E+02 -0.83583644540061E+03 -0.10480691613514E+04
   0.15568886916781E+05 -0.12574918733920E+04  0.48693542861084E+03 -0.13720015537860E+04 -0.41357021267183E+02 -0.71152466014654E+03 -0.21603951553652E+03  0.27215914296505E+05 -0.58571712584146E+04 -0.70129347444371E+03  0.20809678177066E+03  0.18249018999711E+04  0.11888305587798E+03 -0.10100897293366E+01  0.14903948814391E+04 -0.20456220490764E+03  0.16217824733912E+04  0.92535305881465E+03 -0.68359410621277E+04 -0.51020351234020E+01 -0.12217864797447E+03 -0.89341279511343E+01  0.14396888313131E+03 -0.91211295212199E+03 -0.11739790916034E+04 -0.10815336428576E-10 -0.76843430914450E+03 -0.52293586587687E+04  0.32310613007287E-09 -0.25228449238217E+04 -0.75225861319280E+02 -0.83202525701004E+02 -0.22625046753042E+00  0.87065993709907E-10 -0.18422813479114E+01 -0.79291185489708E+00  0.29948265813221E+03  0.32361825233336E+03 -0.28641153446598E+04  0.29668051090073E-10
   0.17640612004446E+04 -0.14736317339111E+03  0.63982928233718E+02 -0.15633811202859E+03  0.45565147677660E+01 -0.69693142183600E+02 -0.27510694011390E+02  0.18182703415310E+04 -0.32110115771047E+03 -0.61576229041392E+02  0.15078793427103E+02  0.11888305587798E+03  0.10650348037640E+02 -0.18275077098252E+00  0.80626677840230E+02 -0.13402776192787E+02  0.96418353645862E+02  0.59663783176759E+02 -0.32379951044302E+03 -0.43480228036642E+00  0.64492989829208E+01  0.99180963828130E+00  0.18881151516464E+02 -0.93367787012385E+02 -0.17367265951537E+03 -0.12613501745310E-11 -0.29615379618500E+02 -0.61560805161902E+03 -0.36606348739780E-10 -0.15685949544141E+03 -0.19876782508022E+02 -0.66803485973817E+01 -0.16308257440380E+00 -0.71473352251992E-11 -0.19400734043215E+00 -0.75502686607506E-01  0.29887606293356E+02  0.72664112523645E+02 -0.20494386678506E+03  0.31209387629680E-12
  -0.11089729066537E+03  0.13375130416125E+02 -0.50130281720493E+01  0.57999842276385E+02 -0.51987815966806E+01  0.19743051110844E+02  0.10370600915315E+02  0.10235772256844E+03 -0.14043243185240E+02 -0.19465453426582E+01  0.74892616342381E+00 -0.10100897293366E+01 -0.18275077098252E+00  0.55771044651662E-01  0.15212682628142E+02 -0.11752145699824E+01  0.97439956839674E+01  0.46120817784284E+01 -0.84125830040059E+02  0.26586779268668E-01 -0.46432695790522E+01  0.57448069546984E+00  0.14594543165200E+01  0.76027547099334E+01  0.72089037200293E-01 -0.56344286026269E-13 -0.64592174851676E+01 -0.89864872529682E+00 -0.47177744662722E-12 -0.37041049137937E+01 -0.23974503192138E-04 -0.15057188659210E+00  0.15520054008275E-12 -0.11131389017775E-12 -0.18431224885787E-02 -0.10128339183491E-02 -0.16392193461389E+01  0.73843508373307E-04 -0.34776683080350E+01 -0.84532022497303E-13
   0.74287709253771E+04  0.66449076542917E+03 -0.39449021281328E+03  0.30513621635775E+05 -0.25994395506708E+04  0.93284734743341E+04  0.48168792069710E+04  0.82251769891571E+05  0.49874078171875E+05 -0.39722510303316E+04  0.12648117612279E+04  0.14903948814391E+04  0.80626677840230E+02  0.15212682628142E+02  0.48654920609916E+05 -0.44590177830723E+04  0.35131551642530E+05  0.18266635301170E+05 -0.54950510229218E+05  0.21450541429718E+01  0.75975188483996E+03 -0.20674886287421E+03 -0.59941795449348E+03 -0.14498966231956E+04 -0.25897407654625E+04 -0.17034343527095E+04 -0.24517851838319E+04  0.19700625749165E+04  0.41973560015298E+04 -0.15209064763263E+04 -0.29587024068432E+04 -0.71417535387514E+03  0.23540764900032E+03  0.42111363153049E+03 -0.28125977928858E+04 -0.14992291990515E+04 -0.24703319392507E+04  0.18011621914226E+03 -0.83104251250830E+03 -0.93641538303723E+03
  -0.18960646232596E+04 -0.52151855268375E+02  0.44295854807414E+00 -0.36843328217521E+04  0.31897268233284E+03 -0.11562343534492E+04 -0.60550624934163E+03 -0.10424459002384E+05 -0.23446716637609E+04  0.48009251805668E+03 -0.13906342656036E+03 -0.20456220490764E+03 -0.13402776192787E+02 -0.11752145699824E+01 -0.44590177830723E+04  0.47661884644446E+03 -0.36942036405284E+04 -0.19969205802344E+04  0.64169608328017E+04 -0.85879011146675E+00 -0.11154204651265E+03  0.21048550601174E+02  0.52727803844227E+02  0.15278972840655E+03  0.47688536371936E+03  0.29920967521338E+03  0.28092235895015E+03 -0.15982939196517E+03 -0.47272610100380E+03  0.15634251198421E+03  0.30320136352913E+03  0.78169649079174E+02 -0.63108390972635E+02 -0.11139473382163E+03  0.42593210859004E+03  0.21108537506339E+03 -0.28564223549359E+03 -0.32309320800831E+02  0.23863660595477E+03  0.26742557550426E+03
   0.10496773928637E+05  0.17319304043634E+03 -0.18505501759492E+03  0.27051767057586E+05 -0.22510960280532E+04  0.84092703837305E+04  0.42331799927264E+04  0.83777100363851E+05  0.16944706340903E+05 -0.35548573299319E+04  0.10835053773206E+04  0.16217824733912E+04  0.96418353645862E+02  0.97439956839674E+01  0.35131551642530E+05 -0.36942036405284E+04  0.29075610949939E+05  0.15572531081963E+05 -0.48857967896604E+05  0.10758860474517E+01  0.81705056401081E+03 -0.24962435902302E+03 -0.68031703293418E+03 -0.16013858922612E+04 -0.26660903500432E+04 -0.17158288954892E+04 -0.24693045009509E+04  0.20841830490825E+04  0.44754697858075E+04 -0.12784745186892E+04 -0.24975711336670E+04 -0.60945840199499E+03  0.84720739874231E+02  0.16473646002622E+03 -0.26543324693956E+04 -0.14259774845516E+04  0.13361358735031E+04  0.22526668480982E+03 -0.16575497856997E+04 -0.18417628108126E+04
   0.75327071765932E+04  0.95832497985972E+02 -0.26552435448422E+02  0.15122236565335E+05 -0.12755510215897E+04  0.47663786073572E+04  0.24297178116055E+04  0.45156626859604E+05  0.82106726330866E+04 -0.20003416205731E+04  0.58764293324868E+03  0.92535305881465E+03  0.59663783176759E+02  0.46120817784284E+01  0.18266635301170E+05 -0.19969205802344E+04  0.15572531081963E+05  0.84493160305984E+04 -0.27129038049405E+05  0.19457033579060E+01  0.49301109105789E+03 -0.13173593368765E+03 -0.33590723798183E+03 -0.84081082535220E+03 -0.18505593596389E+04 -0.11595576287420E+04 -0.12396884253248E+04  0.96999746488056E+03  0.24357963444578E+04 -0.64705325705788E+03 -0.12652121189423E+04 -0.33456149884676E+03  0.11059135607211E+03  0.20472622929159E+03 -0.16977325152350E+04 -0.87666319627817E+03  0.14285232174320E+04  0.15598762492089E+03 -0.11384939799925E+04 -0.12658524325393E+04
  -0.74654548595188E+07  0.25620325055248E+07 -0.37275160743628E+06 -0.22237132393146E+07  0.49246148339639E+06 -0.69584169866173E+05 -0.25373592253463E+06 -0.57515564057930E+06 -0.26733413156815E+05  0.57413631451926E+05 -0.65411698202543E+04 -0.68359410621277E+04 -0.32379951044302E+03 -0.84125830040059E+02 -0.54950510229218E+05  0.64169608328017E+04 -0.48857967896604E+05 -0.27129038049405E+05  0.32949443715862E+08  0.65147804825522E+04  0.67683440289456E+06 -0.16791066028159E+06 -0.49849814840452E+06 -0.25135997235886E+07  0.33910724869865E+05  0.75380010555859E+05 -0.11724595142310E+04  0.56369839105172E+06  0.27495916365281E+07  0.17668804177184E+05  0.31465844068426E+05  0.23014251006244E+03  0.18326816038254E+06  0.80039192503235E+06  0.24733193544033E+05  0.78100898084052E+04 -0.18770007628855E+05  0.44108497780629E+05  0.20544001305344E+05  0.63244433803013E+05
  -0.13960638108624E+04  0.56445452954808E+03 -0.71790019859036E+02 -0.20979793843069E+03  0.67475013379790E+02  0.53042950420964E+02 -0.14604296163238E+01  0.37387499338909E+03 -0.91910701282065E+02 -0.88868738464773E+01  0.27664369741263E+01 -0.51020351234020E+01 -0.43480228036642E+00  0.26586779268668E-01  0.21450541429718E+01 -0.85879011146675E+00  0.10758860474517E+01  0.19457033579060E+01  0.65147804825522E+04  0.23796176116561E+01  0.14140796979964E+03 -0.28200815953453E+02 -0.85235632692744E+02 -0.50927527192007E+03  0.00000000000000E+00 -0.25825140716444E+02  0.00000000000000E+00  0.00000000000000E+00  0.41273618998732E+03  0.00000000000000E+00 -0.72211183694255E+01  0.00000000000000E+00  0.00000000000000E+00  0.21773563763153E+03  0.00000000000000E+00  0.00000000000000E+00  0.00000000000000E+00  0.11857251086760E+02  0.00000000000000E+00 -0.27057964677610E+02
  -0.21184555568089E+06  0.60531491407481E+05 -0.10288636045975E+05 -0.61966201866611E+05  0.12935755731794E+05 -0.46625686167507E+04 -0.85615111928514E+04 -0.28061673020697E+05  0.68200419280123E+03  0.24955463303057E+04 -0.28824929505874E+03 -0.12217864797447E+03  0.64492989829208E+01 -0.46432695790522E+01  0.75975188483996E+03 -0.11154204651265E+03  0.81705056401081E+03  0.49301109105789E+03  0.67683440289456E+06  0.14140796979964E+03  0.26529998126651E+05 -0.78419449501694E+04 -0.21458339570573E+05 -0.10143378215336E+06  0.00000000000000E+00  0.50779035547646E+04  0.00000000000000E+00  0.00000000000000E+00  0.11588972711225E+06  0.00000000000000E+00 -0.11578023418379E+04  0.00000000000000E+00  0.00000000000000E+00  0.23109940819056E+05  0.00000000000000E+00  0.00000000000000E+00  0.00000000000000E+00 -0.42277558727264E+04  0.00000000000000E+00  0.41707262166342E+04
   0.57562872528231E+05 -0.12774373881285E+05  0.26781568109912E+04  0.20505673441814E+05 -0.38672900433497E+04  0.25495814279109E+04  0.31846802570013E+04  0.28482485598101E+05 -0.57536048344188E+04 -0.13092661960263E+04  0.22344516847548E+03 -0.89341279511343E+01  0.99180963828130E+00  0.57448069546984E+00 -0.20674886287421E+03  0.21048550601174E+02 -0.24962435902302E+03 -0.13173593368765E+03 -0.16791066028159E+06 -0.28200815953453E+02 -0.78419449501694E+04  0.28574256719185E+04  0.76008145969619E+04  0.33089749880716E+05 -0.52106140102411E+02 -0.21197465215002E+04  0.24764004302835E+01  0.46194525972681E+03 -0.42294362658276E+05  0.00000000000000E+00 -0.16056934467319E+03  0.00000000000000E+00  0.22521498050515E+04 -0.49562263533604E+04  0.00000000000000E+00  0.00000000000000E+00  0.00000000000000E+00  0.15149754016053E+04 -0.39072325697893E+03 -0.28169845743316E+04
   0.17981802561383E+06 -0.43336217563163E+05  0.83805886416799E+04  0.56750857400918E+05 -0.10683878550066E+05  0.69977693615669E+04  0.86598529507659E+04  0.89107983342015E+05 -0.19108267211037E+05 -0.38107763777499E+04  0.68428552843694E+03  0.14396888313131E+03  0.18881151516464E+02  0.14594543165200E+01 -0.59941795449348E+03  0.52727803844227E+02 -0.68031703293418E+03 -0.33590723798183E+03 -0.49849814840452E+06 -0.85235632692744E+02 -0.21458339570573E+05  0.76008145969619E+04  0.20844986255482E+05  0.89493038768883E+05 -0.16379567080626E+03 -0.52857692404101E+04 -0.47389233304625E+02 -0.67896804763209E+04 -0.11620529747436E+06  0.00000000000000E+00 -0.39762425803192E+03  0.00000000000000E+00  0.31441105366251E+04 -0.15435120097911E+05  0.00000000000000E+00  0.00000000000000E+00  0.00000000000000E+00  0.37770397522632E+04 -0.21454322173866E+04 -0.81947664014163E+04
   0.75088162191261E+06 -0.20717384012758E+06  0.36076381072425E+05  0.24216305605006E+06 -0.48540312540823E+05  0.22146813300747E+05  0.34137635522334E+05  0.24740982373275E+06 -0.47403408410990E+05 -0.12286964071835E+05  0.19715363425677E+04 -0.91211295212199E+03 -0.93367787012385E+02  0.76027547099334E+01 -0.14498966231956E+04  0.15278972840655E+03 -0.16013858922612E+04 -0.84081082535220E+03 -0.25135997235886E+07 -0.50927527192007E+03 -0.10143378215336E+06  0.33089749880716E+05  0.89493038768883E+05  0.41960253577748E+06  0.25320768943705E+03 -0.27247557140917E+05 -0.64419763763474E+01  0.37963279558787E+05 -0.48905116616225E+06  0.00000000000000E+00 -0.21040817033025E+04  0.00000000000000E+00  0.16131778852560E+05 -0.81302364055041E+05  0.00000000000000E+00  0.00000000000000E+00  0.00000000000000E+00  0.20120867450115E+05  0.15686278233496E+04 -0.29934135714082E+05
  -0.12689251763388E+06  0.16570791571933E+05 -0.55452535917365E+04 -0.12768197658002E+05  0.20001425105737E+04 -0.28354755577380E+04 -0.25113436500468E+04 -0.60473080195166E+05  0.11442184175995E+05  0.27365977305950E+04 -0.48735499758758E+03 -0.11739790916034E+04 -0.17367265951537E+03  0.72089037200293E-01 -0.25897407654625E+04  0.47688536371936E+03 -0.26660903500432E+04 -0.18505593596389E+04  0.33910724869865E+05  0.00000000000000E+00  0.00000000000000E+00 -0.52106140102411E+02 -0.16379567080626E+03  0.25320768943705E+03  0.11623600941070E+06  0.00000000000000E+00  0.00000000000000E+00  0.00000000000000E+00  0.00000000000000E+00  0.00000000000000E+00  0.00000000000000E+00  0.00000000000000E+00  0.00000000000000E+00  0.00000000000000E+00  0.00000000000000E+00  0.00000000000000E+00  0.00000000000000E+00  0.00000000000000E+00  0.00000000000000E+00  0.00000000000000E+00
  -0.53840270049355E+05  0.81955008641764E+04 -0.23672107716711E+04 -0.21140396455665E+05  0.33718966865253E+04 -0.43513680629785E+04 -0.39386896464695E+04 -0.48647522422129E+05  0.10838895516560E+05  0.18965017400727E+04 -0.36802965086859E+03 -0.10815336428576E-10 -0.12613501745310E-11 -0.56344286026269E-13 -0.17034343527095E+04  0.29920967521338E+03 -0.17158288954892E+04 -0.11595576287420E+04  0.75380010555859E+05 -0.25825140716444E+02  0.50779035547646E+04 -0.21197465215002E+04 -0.52857692404101E+04 -0.27247557140917E+05  0.00000000000000E+00  0.64565693106003E+05  0.00000000000000E+00  0.00000000000000E+00  0.00000000000000E+00  0.00000000000000E+00  0.00000000000000E+00  0.00000000000000E+00  0.00000000000000E+00  0.00000000000000E+00  0.00000000000000E+00  0.00000000000000E+00  0.00000000000000E+00  0.00000000000000E+00  0.00000000000000E+00  0.00000000000000E+00
  -0.43759235186897E+04 -0.24001256353764E+03  0.51164744978526E+02 -0.65614646349899E+02 -0.56284164243631E+02  0.15528518879400E+03  0.13699253954246E+03 -0.66738986777706E+05  0.24094905048948E+05  0.72743516977696E+03 -0.34173838673483E+03 -0.76843430914450E+03 -0.29615379618500E+02 -0.64592174851676E+01 -0.24517851838319E+04  0.28092235895015E+03 -0.24693045009509E+04 -0.12396884253248E+04 -0.11724595142310E+04  0.00000000000000E+00  0.00000000000000E+00  0.24764004302835E+01 -0.47389233304625E+02 -0.64419763763474E+01  0.00000000000000E+00  0.00000000000000E+00  0.30657977136498E+05  0.00000000000000E+00  0.00000000000000E+00  0.00000000000000E+00  0.00000000000000E+00  0.00000000000000E+00  0.00000000000000E+00  0.00000000000000E+00  0.00000000000000E+00  0.00000000000000E+00  0.00000000000000E+00  0.00000000000000E+00  0.00000000000000E+00  0.00000000000000E+00
  -0.83720517224457E+06  0.20911455832441E+06 -0.39005203121177E+05 -0.65645969576731E+05  0.11973582471685E+05 -0.89293672335866E+04 -0.10146581152529E+05 -0.28077063772276E+06  0.65503542890615E+05  0.10945508780062E+05 -0.20832970163676E+04 -0.52293586587687E+04 -0.61560805161902E+03 -0.89864872529682E+00  0.19700625749165E+04 -0.15982939196517E+03  0.20841830490825E+04  0.96999746488056E+03  0.56369839105172E+06  0.00000000000000E+00  0.00000000000000E+00  0.46194525972681E+03 -0.67896804763209E+04  0.37963279558787E+05  0.00000000000000E+00  0.00000000000000E+00  0.00000000000000E+00  0.57740605078035E+06  0.00000000000000E+00  0.00000000000000E+00  0.00000000000000E+00  0.00000000000000E+00  0.00000000000000E+00  0.00000000000000E+00  0.00000000000000E+00  0.00000000000000E+00  0.00000000000000E+00  0.00000000000000E+00  0.00000000000000E+00  0.00000000000000E+00
  -0.10839585314160E+07  0.26324130234161E+06 -0.50675632977981E+05 -0.34045905191387E+06  0.63169994838506E+05 -0.44217695254670E+05 -0.52983639559424E+05 -0.55750340395980E+06  0.12590246628628E+06  0.22912310158769E+05 -0.41895164808132E+04  0.32310613007287E-09 -0.36606348739780E-10 -0.47177744662722E-12  0.41973560015298E+04 -0.47272610100380E+03  0.44754697858075E+04  0.24357963444578E+04  0.27495916365281E+07  0.41273618998732E+03  0.11588972711225E+06 -0.42294362658276E+05 -0.11620529747436E+06 -0.48905116616225E+06  0.00000000000000E+00  0.00000000000000E+00  0.00000000000000E+00  0.00000000000000E+00  0.91763231449458E+06  0.00000000000000E+00  0.00000000000000E+00  0.00000000000000E+00  0.00000000000000E+00  0.00000000000000E+00  0.00000000000000E+00  0.00000000000000E+00  0.00000000000000E+00  0.00000000000000E+00  0.00000000000000E+00  0.00000000000000E+00
  -0.20556115412916E+05  0.58011375914720E+04 -0.10040642702933E+04 -0.14126955264006E+04  0.33995731856266E+03 -0.39367414704062E+01 -0.17265547643624E+03 -0.72518326633788E+05  0.23153013302270E+05  0.15295815482183E+04 -0.44463543993658E+03 -0.25228449238217E+04 -0.15685949544141E+03 -0.37041049137937E+01 -0.15209064763263E+04  0.15634251198421E+03 -0.12784745186892E+04 -0.64705325705788E+03  0.17668804177184E+05  0.00000000000000E+00  0.00000000000000E+00  0.00000000000000E+00  0.00000000000000E+00  0.00000000000000E+00  0.00000000000000E+00  0.00000000000000E+00  0.00000000000000E+00  0.00000000000000E+00  0.00000000000000E+00  0.14754121908468E+05  0.00000000000000E+00  0.00000000000000E+00  0.00000000000000E+00  0.00000000000000E+00  0.00000000000000E+00  0.00000000000000E+00  0.00000000000000E+00  0.00000000000000E+00  0.00000000000000E+00  0.00000000000000E+00
  -0.46327341664667E+05  0.13221187894954E+05 -0.22728316578197E+04 -0.24879926243991E+04  0.57917175986177E+03 -0.36463138031020E+02 -0.29434167834477E+03 -0.16217333823235E+06  0.51884301048179E+05  0.33493789451196E+04 -0.99448106804119E+03 -0.75225861319280E+02 -0.19876782508022E+02 -0.23974503192138E-04 -0.29587024068432E+04  0.30320136352913E+03 -0.24975711336670E+04 -0.12652121189423E+04  0.31465844068426E+05 -0.72211183694255E+01 -0.11578023418379E+04 -0.16056934467319E+03 -0.39762425803192E+03 -0.21040817033025E+04  0.00000000000000E+00  0.00000000000000E+00  0.00000000000000E+00  0.00000000000000E+00  0.00000000000000E+00  0.00000000000000E+00  0.31781107043306E+05  0.00000000000000E+00  0.00000000000000E+00  0.00000000000000E+00  0.00000000000000E+00  0.00000000000000E+00  0.00000000000000E+00  0.00000000000000E+00  0.00000000000000E+00  0.00000000000000E+00
  -0.30777517200193E+04  0.42095649145259E+03 -0.11882055482437E+03 -0.73921740314939E+02  0.95630716041727E+01 -0.19686895533614E+02 -0.13832670372887E+02 -0.13290438944920E+04  0.17944934126357E+03  0.43115530161775E+02 -0.11186463523523E+02 -0.83202525701004E+02 -0.66803485973817E+01 -0.15057188659210E+00 -0.71417535387514E+03  0.78169649079174E+02 -0.60945840199499E+03 -0.33456149884676E+03  0.23014251006244E+03  0.00000000000000E+00  0.00000000000000E+00  0.00000000000000E+00  0.00000000000000E+00  0.00000000000000E+00  0.00000000000000E+00  0.00000000000000E+00  0.00000000000000E+00  0.00000000000000E+00  0.00000000000000E+00  0.00000000000000E+00  0.00000000000000E+00  0.37862315349019E+04  0.00000000000000E+00  0.00000000000000E+00  0.00000000000000E+00  0.00000000000000E+00  0.00000000000000E+00  0.00000000000000E+00  0.00000000000000E+00  0.00000000000000E+00
  -0.19831533696358E+06  0.63438178250201E+05 -0.99220888914509E+04 -0.11727288167824E+05  0.29876595129988E+04  0.33369742419996E+03 -0.10820311920171E+04 -0.57207657773592E+04  0.61706280790981E+03  0.57941316270815E+03 -0.49943800437971E+02 -0.22625046753042E+00 -0.16308257440380E+00  0.15520054008275E-12  0.23540764900032E+03 -0.63108390972635E+02  0.84720739874231E+02  0.11059135607211E+03  0.18326816038254E+06  0.00000000000000E+00  0.00000000000000E+00  0.22521498050515E+04  0.31441105366251E+04  0.16131778852560E+05  0.00000000000000E+00  0.00000000000000E+00  0.00000000000000E+00  0.00000000000000E+00  0.00000000000000E+00  0.00000000000000E+00  0.00000000000000E+00  0.00000000000000E+00  0.10556454540635E+06  0.00000000000000E+00  0.00000000000000E+00  0.00000000000000E+00  0.00000000000000E+00  0.00000000000000E+00  0.00000000000000E+00  0.00000000000000E+00
  -0.22382530873837E+06  0.71013686736439E+05 -0.11164906528222E+05 -0.52611099676482E+05  0.13189071465839E+05  0.11211842554570E+04 -0.50151626325461E+04 -0.11231320141012E+05  0.12468909923547E+04  0.10990406190674E+04 -0.97854231628152E+02  0.87065993709907E-10 -0.71473352251992E-11 -0.11131389017775E-12  0.42111363153049E+03 -0.11139473382163E+03  0.16473646002622E+03  0.20472622929159E+03  0.80039192503235E+06  0.21773563763153E+03  0.23109940819056E+05 -0.49562263533604E+04 -0.15435120097911E+05 -0.81302364055041E+05  0.00000000000000E+00  0.00000000000000E+00  0.00000000000000E+00  0.00000000000000E+00  0.00000000000000E+00  0.00000000000000E+00  0.00000000000000E+00  0.00000000000000E+00  0.00000000000000E+00  0.13871679275780E+06  0.00000000000000E+00  0.00000000000000E+00  0.00000000000000E+00  0.00000000000000E+00  0.00000000000000E+00  0.00000000000000E+00
  -0.91062020374658E+04  0.24678155783212E+04 -0.43600937635881E+03 -0.25127207830907E+04  0.48400956911973E+03 -0.27656571341458E+03 -0.37773886253725E+03  0.56088484394579E+02 -0.11951957482164E+04  0.13557970484879E+03 -0.15486416422167E+02 -0.18422813479114E+01 -0.19400734043215E+00 -0.18431224885787E-02 -0.28125977928858E+04  0.42593210859004E+03 -0.26543324693956E+04 -0.16977325152350E+04  0.24733193544033E+05  0.00000000000000E+00  0.00000000000000E+00  0.00000000000000E+00  0.00000000000000E+00  0.00000000000000E+00  0.00000000000000E+00  0.00000000000000E+00  0.00000000000000E+00  0.00000000000000E+00  0.00000000000000E+00  0.00000000000000E+00  0.00000000000000E+00  0.00000000000000E+00  0.00000000000000E+00  0.00000000000000E+00  0.83171529352790E+04  0.00000000000000E+00  0.00000000000000E+00  0.00000000000000E+00  0.00000000000000E+00  0.00000000000000E+00
  -0.32266354595404E+04  0.78408514997153E+03 -0.15185446420859E+03 -0.98102229840329E+03  0.17951026812576E+03 -0.13911993019788E+03 -0.15906596409637E+03  0.16236761841156E+03 -0.66940871207779E+03  0.60522323268066E+02 -0.73026430611962E+01 -0.79291185489708E+00 -0.75502686607506E-01 -0.10128339183491E-02 -0.14992291990515E+04  0.21108537506339E+03 -0.14259774845516E+04 -0.87666319627817E+03  0.78100898084052E+04  0.00000000000000E+00  0.00000000000000E+00  0.00000000000000E+00  0.00000000000000E+00  0.00000000000000E+00  0.00000000000000E+00  0.00000000000000E+00  0.00000000000000E+00  0.00000000000000E+00  0.00000000000000E+00  0.00000000000000E+00  0.00000000000000E+00  0.00000000000000E+00  0.00000000000000E+00  0.00000000000000E+00  0.00000000000000E+00  0.42649392952588E+04  0.00000000000000E+00  0.00000000000000E+00  0.00000000000000E+00  0.00000000000000E+00
  -0.14914992742028E+05 -0.23694934581556E+04  0.54301265952778E+02 -0.94602426496593E+04  0.33127391285104E+03 -0.30413545080607E+04 -0.12766708006497E+04 -0.26166867092742E+06  0.11154025366654E+06  0.30841977227267E+04 -0.11598414686148E+04  0.29948265813221E+03  0.29887606293356E+02 -0.16392193461389E+01 -0.24703319392507E+04 -0.28564223549359E+03  0.13361358735031E+04  0.14285232174320E+04 -0.18770007628855E+05  0.00000000000000E+00  0.00000000000000E+00  0.00000000000000E+00  0.00000000000000E+00  0.00000000000000E+00  0.00000000000000E+00  0.00000000000000E+00  0.00000000000000E+00  0.00000000000000E+00  0.00000000000000E+00  0.00000000000000E+00  0.00000000000000E+00  0.00000000000000E+00  0.00000000000000E+00  0.00000000000000E+00  0.00000000000000E+00  0.00000000000000E+00  0.12384360367011E+06  0.00000000000000E+00  0.00000000000000E+00  0.00000000000000E+00
   0.16573294643180E+05 -0.22365193514921E+04  0.72541972194868E+03 -0.15660384848423E+05  0.24932538273787E+04 -0.33940614794481E+04 -0.31744240743273E+04 -0.86002496353809E+04  0.15826820477552E+04  0.44091164233032E+03 -0.69349519800160E+02  0.32361825233336E+03  0.72664112523645E+02  0.73843508373307E-04  0.18011621914226E+03 -0.32309320800831E+02  0.22526668480982E+03  0.15598762492089E+03  0.44108497780629E+05  0.11857251086760E+02 -0.42277558727264E+04  0.15149754016053E+04  0.37770397522632E+04  0.20120867450115E+05  0.00000000000000E+00  0.00000000000000E+00  0.00000000000000E+00  0.00000000000000E+00  0.00000000000000E+00  0.00000000000000E+00  0.00000000000000E+00  0.00000000000000E+00  0.00000000000000E+00  0.00000000000000E+00  0.00000000000000E+00  0.00000000000000E+00  0.00000000000000E+00  0.39245198970826E+05  0.00000000000000E+00  0.00000000000000E+00
  -0.70514273975213E+05  0.85329921951513E+04 -0.25630225614089E+04 -0.71830932575317E+04  0.81927497027975E+03 -0.18580138336213E+04 -0.11532621350469E+04 -0.13667856268303E+06  0.44171553139868E+05  0.27839041179183E+04 -0.83583644540061E+03 -0.28641153446598E+04 -0.20494386678506E+03 -0.34776683080350E+01 -0.83104251250830E+03  0.23863660595477E+03 -0.16575497856997E+04 -0.11384939799925E+04  0.20544001305344E+05  0.00000000000000E+00  0.00000000000000E+00 -0.39072325697893E+03 -0.21454322173866E+04  0.15686278233496E+04  0.00000000000000E+00  0.00000000000000E+00  0.00000000000000E+00  0.00000000000000E+00  0.00000000000000E+00  0.00000000000000E+00  0.00000000000000E+00  0.00000000000000E+00  0.00000000000000E+00  0.00000000000000E+00  0.00000000000000E+00  0.00000000000000E+00  0.00000000000000E+00  0.00000000000000E+00  0.94900495505850E+05  0.00000000000000E+00
  -0.55669926386246E+05  0.71611560512956E+04 -0.20796425582914E+04 -0.21266511634068E+05  0.25175975333758E+04 -0.53591331642298E+04 -0.34372592546023E+04 -0.17003302853015E+06  0.54407231626749E+05  0.35482793125840E+04 -0.10480691613514E+04  0.29668051090073E-10  0.31209387629680E-12 -0.84532022497303E-13 -0.93641538303723E+03  0.26742557550426E+03 -0.18417628108126E+04 -0.12658524325393E+04  0.63244433803013E+05 -0.27057964677610E+02  0.41707262166342E+04 -0.28169845743316E+04 -0.81947664014163E+04 -0.29934135714082E+05  0.00000000000000E+00  0.00000000000000E+00  0.00000000000000E+00  0.00000000000000E+00  0.00000000000000E+00  0.00000000000000E+00  0.00000000000000E+00  0.00000000000000E+00  0.00000000000000E+00  0.00000000000000E+00  0.00000000000000E+00  0.00000000000000E+00  0.00000000000000E+00  0.00000000000000E+00  0.00000000000000E+00  0.99579599982948E+05

 # Covariance matrix (Bevington epsilon)
