# fitpack15: fit parameters                                                                         
# CJ15 AV18 final data choices                                                                      
# Created on 01/23/2020 at 21:46:16                                                                 

 # QCD setup
  INS                           0
  NVL                          11
  IORD                          1
  Q02                   1.6899999999999999     
  IPARAMC                       7
  FLAVOR                4.0000000000000000     
  xmc                   1.3000000000000000     
  xmb                   4.5000000000000000     
  ncb                          12
  ihq                           1
  ias                           0

 # Theory corrections
  inuke                     10814
  itmc                          1
  iht                           1

 # fit parameters
 LAMBDA       0.22680        0.0000    
 a0uv          2.4303        0.0000    
 a1uv         0.61744       0.19673E-01
 a2uv          3.5425       0.12561E-01
 a3uv          0.0000        0.0000    
 a4uv          3.4073       0.42062    
 a5uv          0.0000        0.0000    
 a0dv          23.575        0.0000    
 a1dv          1.1502       0.33769E-01
 a2dv          6.4581       0.16011    
 a3dv         -3.4635       0.88320E-01
 a4dv          4.6090       0.14443    
 a5dv          0.0000        0.0000    
 a0ud         0.14621       0.50196E-02
 a1ud        -0.20814       0.37492E-02
 a2ud          8.3306       0.19299    
 a3ud          0.0000        0.0000    
 a4ud          14.555        1.2239    
 a5ud          0.0000        0.0000    
 a0du          35712.        0.0000    
 a1du          4.0247       0.74607E-01
 a2du          19.948       0.86379    
 a3du          17.000        0.0000    
 a4du          51.009        10.591    
 a0g           48.531        0.0000    
 a1g          0.61567       0.30918E-01
 a2g           6.4825       0.86987    
 a3g          -3.3788       0.12794    
 a4g           3.2898       0.30991    
 a5g           0.0000        0.0000    
 kappa        0.40000        0.0000    
 a6dv        -0.31511E-02   0.70867E-03
 a7dv          2.0000        0.0000    
 off1         -3.8212        1.5251    
 off2         0.56783E-01   0.56745E-01
 ht1          -3.3968       0.26693    
 ht2           1.9757       0.10701    
 ht3          -2.0678       0.18428E-01
 ht4           0.0000        0.0000    
 dummy40       0.0000        0.0000    
 dummy41       0.0000        0.0000    
 dummy42       0.0000        0.0000    
 dummy43       0.0000        0.0000    
 dummy44       0.0000        0.0000    
 dummy45       0.0000        0.0000    
 dummy46       0.0000        0.0000    
 dummy47       0.0000        0.0000    
 dummy48       0.0000        0.0000    
 dummy49       0.0000        0.0000    
 bcdmsh2      0.97261       0.48207E-02
 bcdmsd2      0.99312       0.58330E-02
 ccfr          1.0000        0.0000    
 nutev         1.0000        0.0000    
 zeus         0.97998        0.0000    
 h1            1.0162        0.0000    
 e605          1.0319        0.0000    
 NmcH2         1.0082       0.71144E-02
 ntv_nu        1.0000        0.0000    
 ntv_nubar     1.0000        0.0000    
 cdf_jet      0.98910        0.0000    
 d0_jet       0.83504        0.0000    
 slac_p        1.0044       0.48150E-02
 slac_d        1.0041       0.52805E-02
 e866pp       0.95994       0.19151E-01
 e866pd       0.95989       0.15756E-01
 d0_gamjet     1.0391       0.16481E-01
 h1b          0.97608        0.0000    
 jlab_p       0.99412       0.57908E-02
 jlab_d       0.97639       0.59148E-02
 blank         1.0000        0.0000    
 d0run2       0.94547       0.14220E-01
 cdfrun2      0.93031       0.17294E-01
 HERA_el       1.0000        0.0000    
 HERA_ps       1.0000        0.0000    
 CDF_Z        0.96459       0.65101E-02
 NmcRat        1.0000        0.0000    
 BNS_F2nd     0.98248       0.69540E-02
 HERMES_F2p   0.99807       0.55689E-02
 HERMES_F2d   0.98050       0.58264E-02
 END 0. 0.

 # Hessian matrix (Bevington alpha)
   0.48536290234225E+07 -0.12790347803508E+07  0.23587029175002E+06  0.47403734952091E+06 -0.12905819542932E+06 -0.15831554533647E+05  0.59032051930257E+05  0.89283608334594E+06 -0.17210691487696E+06 -0.47671102427551E+05  0.72695538112599E+04  0.15820420057157E+05  0.18016522252230E+04 -0.11148602219113E+03  0.75365160571894E+04 -0.19782828325203E+04  0.10753682376024E+05  0.77965976661026E+04 -0.70352240334748E+07 -0.14201133369076E+04 -0.21002754279330E+06  0.57967418874225E+05  0.17993490281593E+06  0.75776109550671E+06 -0.12665063923315E+06 -0.53591049607042E+05 -0.43619828164068E+04 -0.83601135861013E+06 -0.10785889464132E+07 -0.20615735810326E+05 -0.46398689372292E+05 -0.30701475539160E+04 -0.19791494681224E+06 -0.22209266487716E+06 -0.89373667140974E+04 -0.31716241263647E+04 -0.14902370729636E+05  0.16619443753834E+05 -0.70330102708638E+05 -0.55411832962581E+05
  -0.12790347803508E+07  0.41070118040382E+06 -0.64336122321398E+05 -0.13349781025101E+06  0.36345511298489E+05  0.66660356115181E+04 -0.13500259312489E+05 -0.12064241324294E+06  0.26431324442843E+05  0.73836610040227E+04 -0.92607603164529E+03 -0.12793195260812E+04 -0.15103261879536E+03  0.13445492565269E+02  0.74339099232385E+03 -0.64268202471580E+02  0.23264820449552E+03  0.13449938023733E+03  0.24171342959284E+07  0.57059046552735E+03  0.60010343391059E+05 -0.12970593248372E+05 -0.43492049119729E+05 -0.20891871226883E+06  0.16563085413097E+05  0.81679909525236E+04 -0.24055965712781E+03  0.20905521283009E+06  0.26204048184665E+06  0.58279713492831E+04  0.13257224979104E+05  0.42062966632582E+03  0.63391682277023E+05  0.70544088891251E+05  0.24269324637100E+04  0.77241505585031E+03 -0.23540207448776E+04 -0.22453797829393E+04  0.85139661248510E+04  0.71269859973996E+04
   0.23587029175002E+06 -0.64336122321398E+05  0.11595059797159E+05  0.23323301540637E+05 -0.64475731582207E+04 -0.99413123065653E+03  0.28256885747954E+04  0.31673792649368E+05 -0.59674684042579E+04 -0.19985133596569E+04  0.26170255095597E+03  0.50027961152533E+03  0.66185138274643E+02 -0.51019226411150E+01 -0.40259525382408E+03 -0.48976755797415E+00 -0.21615306651686E+03 -0.37615174281944E+02 -0.35784630422356E+06 -0.74347004736219E+02 -0.10379920736269E+05  0.27453008647879E+04  0.85336021232729E+04  0.37034164453965E+05 -0.56162709166050E+04 -0.23918706059394E+04  0.52772884125820E+02 -0.39606486605765E+05 -0.51267727350025E+05 -0.10249258957768E+04 -0.23168140124312E+04 -0.12023724989456E+03 -0.10085741621814E+05 -0.11283037883562E+05 -0.43564753030954E+03 -0.15188253944680E+03  0.58112680184133E+02  0.73788945600570E+03 -0.25898635881106E+04 -0.20974832656055E+04
   0.47403734952091E+06 -0.13349781025101E+06  0.23323301540637E+05  0.39461870449760E+06 -0.63351456429573E+05  0.77478678260184E+05  0.65742199507116E+05  0.34445199808456E+06 -0.25026997917468E+05 -0.18176928399552E+05  0.33498673905884E+04 -0.14008788312157E+04 -0.15967677868811E+03  0.58422693154221E+02  0.31038506273875E+05 -0.38248263990853E+04  0.28725372966614E+05  0.16058917033300E+05 -0.21010237372458E+07 -0.21795639886741E+03 -0.61670949042714E+05  0.20656762892401E+05  0.57028544442416E+05  0.24509205557797E+06 -0.12759990190995E+05 -0.21123286687433E+05 -0.81889503324805E+02 -0.65604288601251E+05 -0.33988693460734E+06 -0.14254072542682E+04 -0.24900442894541E+04 -0.73222282113971E+02 -0.11739082881858E+05 -0.52491651102744E+05 -0.24680583041986E+04 -0.96570698352927E+03 -0.95935524820166E+04 -0.15716555793466E+05 -0.71943524160499E+04 -0.21291626280438E+05
  -0.12905819542932E+06  0.36345511298489E+05 -0.64475731582207E+04 -0.63351456429573E+05  0.12206796651853E+05 -0.83393181056703E+04 -0.98231189320144E+04 -0.32280803612784E+05  0.30365229050777E+03  0.23972702101023E+04 -0.34201555593019E+03 -0.45401590718983E+02  0.44786507537733E+01 -0.52584891873211E+01 -0.26616500293633E+04  0.33401271459984E+03 -0.23999385252839E+04 -0.13604933685485E+04  0.48212931522944E+06  0.72908659303160E+02  0.13210879629773E+05 -0.39853081625066E+04 -0.10994208332902E+05 -0.50372143998939E+05  0.20069140806040E+04  0.33935639777285E+04 -0.55312747708978E+02  0.12233611423497E+05  0.64342831679631E+05  0.35223673906291E+03  0.59625719532455E+03  0.95522534039113E+01  0.30904384875620E+04  0.13593155067813E+05  0.48825143602344E+03  0.18062738619930E+03  0.32910909494318E+03  0.25118035776194E+04  0.82637078739307E+03  0.25392761185942E+04
  -0.15831554533647E+05  0.66660356115181E+04 -0.99413123065653E+03  0.77478678260184E+05 -0.83393181056703E+04  0.24226503090974E+05  0.14952950119261E+05  0.10396860120907E+06 -0.89686798112346E+04 -0.46220446799985E+04  0.99641401953696E+03 -0.70271546699553E+03 -0.69353865650119E+02  0.19622348091296E+02  0.93879131025844E+04 -0.11869798889400E+04  0.88156360091984E+04  0.49987317604063E+04 -0.87291999902480E+05  0.47602063679770E+02 -0.51869747861670E+04  0.26816514294831E+04  0.73747815475480E+04  0.24421769601844E+05 -0.28676905030834E+04 -0.44143185908545E+04  0.15023178662989E+03 -0.93325956126154E+04 -0.46329485148158E+05 -0.20535215216398E+02 -0.62977530658702E+02 -0.19521846870675E+02  0.19613399947996E+03  0.51849259868158E+03 -0.28854891835235E+03 -0.14233139400085E+03 -0.30066849646173E+04 -0.34675679441099E+04 -0.18534832755862E+04 -0.53520074739866E+04
   0.59032051930257E+05 -0.13500259312489E+05  0.28256885747954E+04  0.65742199507116E+05 -0.98231189320144E+04  0.14952950119261E+05  0.11824874146322E+05  0.57694859723435E+05 -0.27915658176219E+04 -0.32878068650833E+04  0.58289476683069E+03 -0.21043921236163E+03 -0.27294946573291E+02  0.10329490117084E+02  0.48665141331106E+04 -0.62514982891458E+03  0.44423158562604E+04  0.25520321835529E+04 -0.25371652563028E+06 -0.59041786002945E+01 -0.88464911571100E+04  0.32755068549388E+04  0.89104099207949E+04  0.35733228956987E+05 -0.25194233484882E+04 -0.39602988508998E+04  0.13343011346164E+03 -0.10373283136346E+05 -0.54109925685189E+05 -0.18418536280866E+03 -0.31119005074464E+03 -0.13710658913487E+02 -0.11750040838834E+04 -0.54026678559177E+04 -0.38168069896142E+03 -0.15982801686267E+03 -0.12616971891559E+04 -0.32028786864058E+04 -0.11519979134806E+04 -0.34362653805636E+04
   0.89283608334594E+06 -0.12064241324294E+06  0.31673792649368E+05  0.34445199808456E+06 -0.32280803612784E+05  0.10396860120907E+06  0.57694859723435E+05  0.49647985511481E+07 -0.23121572028067E+07 -0.84527674782128E+05  0.25751505987084E+05  0.27535935942663E+05  0.18390822922626E+04  0.10350798394968E+03  0.82645376773288E+05 -0.10617259070229E+05  0.88416580561035E+05  0.47524433237541E+05 -0.53948544230805E+06  0.36839598304783E+03 -0.27807777391800E+05  0.28302228259302E+05  0.88296700119410E+05  0.25159573440903E+06 -0.59839486504036E+05 -0.48335584749485E+05 -0.66823899239920E+05 -0.27943574603934E+06 -0.55562559757442E+06 -0.73015918470925E+05 -0.16308617826176E+06 -0.13081875387092E+04 -0.56990674452260E+04 -0.11157291814129E+05  0.21273535042742E+03  0.22701456983572E+03 -0.26225861049898E+06 -0.87052841077590E+04 -0.13631305121358E+06 -0.16977061678387E+06
  -0.17210691487696E+06  0.26431324442843E+05 -0.59674684042579E+04 -0.25026997917468E+05  0.30365229050777E+03 -0.89686798112346E+04 -0.27915658176219E+04 -0.23121572028067E+07  0.19307102202920E+07  0.18805146030689E+05 -0.64773207927744E+04 -0.58982603575359E+04 -0.32237169676336E+03 -0.14115954963883E+02  0.49653380887168E+05 -0.24180123457272E+04  0.17787093398581E+05  0.87023262364441E+04 -0.25679362822471E+05 -0.91132969285840E+02  0.65102416548821E+03 -0.56953864437378E+04 -0.18823746416254E+05 -0.48292248730326E+05  0.11243174773029E+05  0.10723569685954E+05  0.24046669898873E+05  0.65060386723962E+05  0.12526416216035E+06  0.23264309688879E+05  0.52053694223645E+05  0.17216386662722E+03  0.62683872434622E+03  0.12592838210639E+04 -0.12401617114475E+04 -0.68758327534830E+03  0.11151383068792E+06  0.16009630372263E+04  0.43949469344596E+05  0.54181947014384E+05
  -0.47671102427551E+05  0.73836610040227E+04 -0.19985133596569E+04 -0.18176928399552E+05  0.23972702101023E+04 -0.46220446799985E+04 -0.32878068650833E+04 -0.84527674782128E+05  0.18805146030689E+05  0.26102578797919E+04 -0.63462187318786E+03 -0.70815144316739E+03 -0.62283852392402E+02 -0.19672193658327E+01 -0.40056646749243E+04  0.49386354648255E+03 -0.37459241682607E+04 -0.21074544274129E+04  0.53764831786765E+05 -0.84744210034086E+01  0.24665766594052E+04 -0.12992394194043E+04 -0.37783697451716E+04 -0.12393663979526E+05  0.27055328808908E+04  0.18791505943491E+04  0.72635212476549E+03  0.10844481127486E+05  0.22721654729590E+05  0.15317241919349E+04  0.33515232077412E+04  0.42481292775179E+02  0.57138636583491E+03  0.10815016370913E+04  0.13048903617183E+03  0.58461079812222E+02  0.30788183288836E+04  0.44407141089421E+03  0.27634435714795E+04  0.35277201581831E+04
   0.72695538112599E+04 -0.92607603164529E+03  0.26170255095597E+03  0.33498673905884E+04 -0.34201555593019E+03  0.99641401953696E+03  0.58289476683069E+03  0.25751505987084E+05 -0.64773207927744E+04 -0.63462187318786E+03  0.17979710656189E+03  0.20993519773391E+03  0.15216644343488E+02  0.75612028701160E+00  0.12701310866500E+04 -0.14219090846734E+03  0.11423524144836E+04  0.61896161944867E+03 -0.61272575901756E+04  0.27056303709113E+01 -0.28498442799427E+03  0.22130509242978E+03  0.67643958838841E+03  0.19948442052146E+04 -0.48119377060492E+03 -0.36459858249561E+03 -0.34117367847801E+03 -0.20653943043431E+04 -0.41588994270992E+04 -0.44584634895362E+03 -0.99625862828571E+03 -0.11018736531228E+02 -0.49405472048916E+02 -0.96562870036303E+02 -0.14434040388433E+02 -0.68656764910821E+01 -0.11578848917418E+04 -0.69904925940970E+02 -0.83039789114467E+03 -0.10426515917678E+04
   0.15820420057157E+05 -0.12793195260812E+04  0.50027961152533E+03 -0.14008788312157E+04 -0.45401590718983E+02 -0.70271546699553E+03 -0.21043921236163E+03  0.27535935942663E+05 -0.58982603575359E+04 -0.70815144316739E+03  0.20993519773391E+03  0.18832811734705E+04  0.12282174338778E+03 -0.10056609286787E+01  0.15355346796758E+04 -0.21418765712010E+03  0.17522604812212E+04  0.99810152357304E+03 -0.65840122360452E+04 -0.51932973229323E+01 -0.12310022653616E+03 -0.14152202305703E+02  0.12987220173728E+03 -0.94922755231176E+03 -0.11975953085000E+04 -0.13169302696214E-09 -0.78266151962505E+03 -0.53328097129703E+04  0.26844462547276E-09 -0.25883067507117E+04 -0.78495364200506E+02 -0.84421484526167E+02 -0.24607538970376E+00 -0.30246493413565E-10 -0.18528397723801E+01 -0.79856862222275E+00  0.30395251750115E+03  0.33460008187184E+03 -0.29105139208559E+04 -0.18029174902420E-09
   0.18016522252230E+04 -0.15103261879536E+03  0.66185138274643E+02 -0.15967677868811E+03  0.44786507537733E+01 -0.69353865650119E+02 -0.27294946573291E+02  0.18390822922626E+04 -0.32237169676336E+03 -0.62283852392402E+02  0.15216644343488E+02  0.12282174338778E+03  0.11040878498744E+02 -0.18619283413938E+00  0.84222082992310E+02 -0.14210210659910E+02  0.10426799222266E+03  0.64505105340971E+02 -0.31076973166197E+03 -0.43985795320998E+00  0.66147258256254E+01  0.56336518978552E+00  0.17967479911104E+02 -0.96198889542159E+02 -0.17805727121358E+03 -0.13028997646624E-11 -0.30225592814417E+02 -0.63071582699796E+03  0.36018115129584E-10 -0.16121230843744E+03 -0.20842913668805E+02 -0.67997663729432E+01 -0.17751131552557E+00 -0.13109003865150E-10 -0.19616671548574E+00 -0.76403166036584E-01  0.30468181227650E+02  0.75368255689257E+02 -0.20863542650498E+03  0.22081371926556E-11
  -0.11148602219113E+03  0.13445492565269E+02 -0.51019226411150E+01  0.58422693154221E+02 -0.52584891873211E+01  0.19622348091296E+02  0.10329490117084E+02  0.10350798394968E+03 -0.14115954963883E+02 -0.19672193658327E+01  0.75612028701160E+00 -0.10056609286787E+01 -0.18619283413938E+00  0.56607167836933E-01  0.15367146607710E+02 -0.12065394196630E+01  0.10403141418778E+02  0.49241922361036E+01 -0.80409536070824E+02  0.25966274164928E-01 -0.46755392740158E+01  0.57738089283159E+00  0.14620411643135E+01  0.76439345092566E+01  0.72810492129042E-01 -0.29760797217701E-12 -0.65288876978800E+01 -0.91875795054625E+00  0.10978995282294E-11 -0.38043517188671E+01 -0.25395971615878E-04 -0.15216223686521E+00 -0.42704797178817E-12 -0.39110775646073E-12 -0.18415926252818E-02 -0.10143495368919E-02 -0.16419243160431E+01  0.79063441317015E-04 -0.35321639157175E+01  0.35982249101794E-13
   0.75365160571894E+04  0.74339099232385E+03 -0.40259525382408E+03  0.31038506273875E+05 -0.26616500293633E+04  0.93879131025844E+04  0.48665141331106E+04  0.82645376773288E+05  0.49653380887168E+05 -0.40056646749243E+04  0.12701310866500E+04  0.15355346796758E+04  0.84222082992310E+02  0.15367146607710E+02  0.49171413749902E+05 -0.46155863542339E+04  0.37486611451315E+05  0.19520998607528E+05 -0.52567509175205E+05  0.27294991125034E+01  0.77412480342565E+03 -0.20207558409527E+03 -0.58714291936857E+03 -0.14576482579753E+04 -0.27136778706809E+04 -0.17754259351696E+04 -0.24684740731080E+04  0.19343167089579E+04  0.41970605233016E+04 -0.15473805439062E+04 -0.29958868798591E+04 -0.72071045410602E+03  0.26797352480966E+03  0.47653354803016E+03 -0.28820496764526E+04 -0.15277760341255E+04 -0.22955452576840E+04  0.18715460447970E+03 -0.87805419930648E+03 -0.98858596027081E+03
  -0.19782828325203E+04 -0.64268202471580E+02 -0.48976755797415E+00 -0.38248263990853E+04  0.33401271459984E+03 -0.11869798889400E+04 -0.62514982891458E+03 -0.10617259070229E+05 -0.24180123457272E+04  0.49386354648255E+03 -0.14219090846734E+03 -0.21418765712010E+03 -0.14210210659910E+02 -0.12065394196630E+01 -0.46155863542339E+04  0.50509980405802E+03 -0.40235843626270E+04 -0.21779731772798E+04  0.62604478480854E+04 -0.99072427657531E+00 -0.11528546867395E+03  0.20200521301498E+02  0.50660310187967E+02  0.15199940421163E+03  0.50764426528995E+03  0.31758563042768E+03  0.28633920074970E+03 -0.15144738152998E+03 -0.47160224907678E+03  0.16219353551083E+03  0.31299717206060E+03  0.80492053254730E+02 -0.72152956362405E+02 -0.12666048062699E+03  0.44667896855493E+03  0.21995401503254E+03 -0.31833894947719E+03 -0.33612693311369E+02  0.25071002872671E+03  0.28083563073229E+03
   0.10753682376024E+05  0.23264820449552E+03 -0.21615306651686E+03  0.28725372966614E+05 -0.23999385252839E+04  0.88156360091984E+04  0.44423158562604E+04  0.88416580561035E+05  0.17787093398581E+05 -0.37459241682607E+04  0.11423524144836E+04  0.17522604812212E+04  0.10426799222266E+03  0.10403141418778E+02  0.37486611451315E+05 -0.40235843626270E+04  0.32683204248353E+05  0.17502777214343E+05 -0.48937232972624E+05  0.11915587163710E+01  0.86729429418643E+03 -0.26458632089719E+03 -0.72951786863274E+03 -0.17315144565224E+04 -0.28215846470231E+04 -0.18141713506769E+04 -0.26334126493601E+04  0.22338377014657E+04  0.47745215373844E+04 -0.13715220771516E+04 -0.26687805869698E+04 -0.64597432155604E+03  0.82457893309378E+02  0.16168659062002E+03 -0.27861116456822E+04 -0.15012302852881E+04  0.14768691408698E+04  0.24100591749214E+03 -0.17699193002328E+04 -0.19635413076891E+04
   0.77965976661026E+04  0.13449938023733E+03 -0.37615174281944E+02  0.16058917033300E+05 -0.13604933685485E+04  0.49987317604063E+04  0.25520321835529E+04  0.47524433237541E+05  0.87023262364441E+04 -0.21074544274129E+04  0.61896161944867E+03  0.99810152357304E+03  0.64505105340971E+02  0.49241922361036E+01  0.19520998607528E+05 -0.21779731772798E+04  0.17502777214343E+05  0.94962713671858E+04 -0.27150095985767E+05  0.21555798486410E+01  0.52271591628651E+03 -0.13895125976529E+03 -0.35915516867679E+03 -0.90364178088833E+03 -0.19681442288589E+04 -0.12315615049610E+04 -0.13181980092906E+04  0.10306872419262E+04  0.25857344724058E+04 -0.69323718636838E+03 -0.13503026590779E+04 -0.35465515692618E+03  0.11766570967671E+03  0.21728938351735E+03 -0.17897338723247E+04 -0.92527914653780E+03  0.15510836888610E+04  0.16681455794039E+03 -0.12135233673063E+04 -0.13475118835249E+04
  -0.70352240334748E+07  0.24171342959284E+07 -0.35784630422356E+06 -0.21010237372458E+07  0.48212931522944E+06 -0.87291999902480E+05 -0.25371652563028E+06 -0.53948544230805E+06 -0.25679362822471E+05  0.53764831786765E+05 -0.61272575901756E+04 -0.65840122360452E+04 -0.31076973166197E+03 -0.80409536070824E+02 -0.52567509175205E+05  0.62604478480854E+04 -0.48937232972624E+05 -0.27150095985767E+05  0.29671072292494E+08  0.62806028477013E+04  0.63941111282611E+06 -0.16195311297686E+06 -0.47743231593499E+06 -0.24140044448201E+07  0.32060424307206E+05  0.71364576351658E+05 -0.10852054056211E+04  0.53521561934621E+06  0.26069352570354E+07  0.16940471579508E+05  0.29948701426529E+05  0.21553074533461E+03  0.17390033272657E+06  0.75742523653861E+06  0.23182713574344E+05  0.73292883859240E+04 -0.17610321140592E+05  0.42067881896459E+05  0.19439366220174E+05  0.59875901100759E+05
  -0.14201133369076E+04  0.57059046552735E+03 -0.74347004736219E+02 -0.21795639886741E+03  0.72908659303160E+02  0.47602063679770E+02 -0.59041786002945E+01  0.36839598304783E+03 -0.91132969285840E+02 -0.84744210034086E+01  0.27056303709113E+01 -0.51932973229323E+01 -0.43985795320998E+00  0.25966274164928E-01  0.27294991125034E+01 -0.99072427657531E+00  0.11915587163710E+01  0.21555798486410E+01  0.62806028477013E+04  0.24213196703308E+01  0.14480279613394E+03 -0.30177443298369E+02 -0.89872480657792E+02 -0.53099682306572E+03  0.00000000000000E+00 -0.24931777694182E+02  0.00000000000000E+00  0.00000000000000E+00  0.43112755845636E+03  0.00000000000000E+00 -0.74303734237240E+01  0.00000000000000E+00  0.00000000000000E+00  0.22094968642103E+03  0.00000000000000E+00  0.00000000000000E+00  0.00000000000000E+00  0.11160429915634E+02  0.00000000000000E+00 -0.26339670402020E+02
  -0.21002754279330E+06  0.60010343391059E+05 -0.10379920736269E+05 -0.61670949042714E+05  0.13210879629773E+05 -0.51869747861670E+04 -0.88464911571100E+04 -0.27807777391800E+05  0.65102416548821E+03  0.24665766594052E+04 -0.28498442799427E+03 -0.12310022653616E+03  0.66147258256254E+01 -0.46755392740158E+01  0.77412480342565E+03 -0.11528546867395E+03  0.86729429418643E+03  0.52271591628651E+03  0.63941111282611E+06  0.14480279613394E+03  0.26367632652246E+05 -0.79099796328797E+04 -0.21581576690056E+05 -0.10241954506078E+06  0.00000000000000E+00  0.50726875654796E+04  0.00000000000000E+00  0.00000000000000E+00  0.11550601831507E+06  0.00000000000000E+00 -0.11593692821514E+04  0.00000000000000E+00  0.00000000000000E+00  0.22973718852470E+05  0.00000000000000E+00  0.00000000000000E+00  0.00000000000000E+00 -0.42343148997865E+04  0.00000000000000E+00  0.41656028095753E+04
   0.57967418874225E+05 -0.12970593248372E+05  0.27453008647879E+04  0.20656762892401E+05 -0.39853081625066E+04  0.26816514294831E+04  0.32755068549388E+04  0.28302228259302E+05 -0.56953864437378E+04 -0.12992394194043E+04  0.22130509242978E+03 -0.14152202305703E+02  0.56336518978552E+00  0.57738089283159E+00 -0.20207558409527E+03  0.20200521301498E+02 -0.26458632089719E+03 -0.13895125976529E+03 -0.16195311297686E+06 -0.30177443298369E+02 -0.79099796328797E+04  0.29022420043659E+04  0.77151385991005E+04  0.33905414299495E+05 -0.50054891946445E+02 -0.21469365316867E+04  0.30309827610631E+01  0.57870653424481E+03 -0.42592706098180E+05  0.00000000000000E+00 -0.16798141914527E+03  0.00000000000000E+00  0.22356324011584E+04 -0.50538696025075E+04  0.00000000000000E+00  0.00000000000000E+00  0.00000000000000E+00  0.15395757205602E+04 -0.36559372216685E+03 -0.28281073577776E+04
   0.17993490281593E+06 -0.43492049119729E+05  0.85336021232729E+04  0.57028544442416E+05 -0.10994208332902E+05  0.73747815475480E+04  0.89104099207949E+04  0.88296700119410E+05 -0.18823746416254E+05 -0.37783697451716E+04  0.67643958838841E+03  0.12987220173728E+03  0.17967479911104E+02  0.14620411643135E+01 -0.58714291936857E+03  0.50660310187967E+02 -0.72951786863274E+03 -0.35915516867679E+03 -0.47743231593499E+06 -0.89872480657792E+02 -0.21581576690056E+05  0.77151385991005E+04  0.21108502377227E+05  0.91501788976563E+05 -0.16023620742218E+03 -0.53532205888387E+04 -0.39975329945009E+02 -0.64164896120589E+04 -0.11683578947098E+06  0.00000000000000E+00 -0.41597907300882E+03  0.00000000000000E+00  0.31930656965633E+04 -0.15559169072638E+05  0.00000000000000E+00  0.00000000000000E+00  0.00000000000000E+00  0.38367525615398E+04 -0.20565520660818E+04 -0.81939722642534E+04
   0.75776109550671E+06 -0.20891871226883E+06  0.37034164453965E+05  0.24509205557797E+06 -0.50372143998939E+05  0.24421769601844E+05  0.35733228956987E+05  0.25159573440903E+06 -0.48292248730326E+05 -0.12393663979526E+05  0.19948442052146E+04 -0.94922755231176E+03 -0.96198889542159E+02  0.76439345092566E+01 -0.14576482579753E+04  0.15199940421163E+03 -0.17315144565224E+04 -0.90364178088833E+03 -0.24140044448201E+07 -0.53099682306572E+03 -0.10241954506078E+06  0.33905414299495E+05  0.91501788976563E+05  0.43070398943743E+06  0.25034370080849E+03 -0.27623895257272E+05 -0.60156837640121E+01  0.37966096758495E+05 -0.49573404975235E+06  0.00000000000000E+00 -0.22012086506159E+04  0.00000000000000E+00  0.16225591398255E+05 -0.82171121668140E+05  0.00000000000000E+00  0.00000000000000E+00  0.00000000000000E+00  0.20438489602871E+05  0.15524244851653E+04 -0.30444860462808E+05
  -0.12665063923315E+06  0.16563085413097E+05 -0.56162709166050E+04 -0.12759990190995E+05  0.20069140806040E+04 -0.28676905030834E+04 -0.25194233484882E+04 -0.59839486504036E+05  0.11243174773029E+05  0.27055328808908E+04 -0.48119377060492E+03 -0.11975953085000E+04 -0.17805727121358E+03  0.72810492129042E-01 -0.27136778706809E+04  0.50764426528995E+03 -0.28215846470231E+04 -0.19681442288589E+04  0.32060424307206E+05  0.00000000000000E+00  0.00000000000000E+00 -0.50054891946445E+02 -0.16023620742218E+03  0.25034370080849E+03  0.11635370246176E+06  0.00000000000000E+00  0.00000000000000E+00  0.00000000000000E+00  0.00000000000000E+00  0.00000000000000E+00  0.00000000000000E+00  0.00000000000000E+00  0.00000000000000E+00  0.00000000000000E+00  0.00000000000000E+00  0.00000000000000E+00  0.00000000000000E+00  0.00000000000000E+00  0.00000000000000E+00  0.00000000000000E+00
  -0.53591049607042E+05  0.81679909525236E+04 -0.23918706059394E+04 -0.21123286687433E+05  0.33935639777285E+04 -0.44143185908545E+04 -0.39602988508998E+04 -0.48335584749485E+05  0.10723569685954E+05  0.18791505943491E+04 -0.36459858249561E+03 -0.13169302696214E-09 -0.13028997646624E-11 -0.29760797217701E-12 -0.17754259351696E+04  0.31758563042768E+03 -0.18141713506769E+04 -0.12315615049610E+04  0.71364576351658E+05 -0.24931777694182E+02  0.50726875654796E+04 -0.21469365316867E+04 -0.53532205888387E+04 -0.27623895257272E+05  0.00000000000000E+00  0.64522754603783E+05  0.00000000000000E+00  0.00000000000000E+00  0.00000000000000E+00  0.00000000000000E+00  0.00000000000000E+00  0.00000000000000E+00  0.00000000000000E+00  0.00000000000000E+00  0.00000000000000E+00  0.00000000000000E+00  0.00000000000000E+00  0.00000000000000E+00  0.00000000000000E+00  0.00000000000000E+00
  -0.43619828164068E+04 -0.24055965712781E+03  0.52772884125820E+02 -0.81889503324805E+02 -0.55312747708978E+02  0.15023178662989E+03  0.13343011346164E+03 -0.66823899239920E+05  0.24046669898873E+05  0.72635212476549E+03 -0.34117367847801E+03 -0.78266151962505E+03 -0.30225592814417E+02 -0.65288876978800E+01 -0.24684740731080E+04  0.28633920074970E+03 -0.26334126493601E+04 -0.13181980092906E+04 -0.10852054056211E+04  0.00000000000000E+00  0.00000000000000E+00  0.30309827610631E+01 -0.39975329945009E+02 -0.60156837640121E+01  0.00000000000000E+00  0.00000000000000E+00  0.30715277568051E+05  0.00000000000000E+00  0.00000000000000E+00  0.00000000000000E+00  0.00000000000000E+00  0.00000000000000E+00  0.00000000000000E+00  0.00000000000000E+00  0.00000000000000E+00  0.00000000000000E+00  0.00000000000000E+00  0.00000000000000E+00  0.00000000000000E+00  0.00000000000000E+00
  -0.83601135861013E+06  0.20905521283009E+06 -0.39606486605765E+05 -0.65604288601251E+05  0.12233611423497E+05 -0.93325956126154E+04 -0.10373283136346E+05 -0.27943574603934E+06  0.65060386723962E+05  0.10844481127486E+05 -0.20653943043431E+04 -0.53328097129703E+04 -0.63071582699796E+03 -0.91875795054625E+00  0.19343167089579E+04 -0.15144738152998E+03  0.22338377014657E+04  0.10306872419262E+04  0.53521561934621E+06  0.00000000000000E+00  0.00000000000000E+00  0.57870653424481E+03 -0.64164896120589E+04  0.37966096758495E+05  0.00000000000000E+00  0.00000000000000E+00  0.00000000000000E+00  0.57793644389267E+06  0.00000000000000E+00  0.00000000000000E+00  0.00000000000000E+00  0.00000000000000E+00  0.00000000000000E+00  0.00000000000000E+00  0.00000000000000E+00  0.00000000000000E+00  0.00000000000000E+00  0.00000000000000E+00  0.00000000000000E+00  0.00000000000000E+00
  -0.10785889464132E+07  0.26204048184665E+06 -0.51267727350025E+05 -0.33988693460734E+06  0.64342831679631E+05 -0.46329485148158E+05 -0.54109925685189E+05 -0.55562559757442E+06  0.12526416216035E+06  0.22721654729590E+05 -0.41588994270992E+04  0.26844462547276E-09  0.36018115129584E-10  0.10978995282294E-11  0.41970605233016E+04 -0.47160224907678E+03  0.47745215373844E+04  0.25857344724058E+04  0.26069352570354E+07  0.43112755845636E+03  0.11550601831507E+06 -0.42592706098180E+05 -0.11683578947098E+06 -0.49573404975235E+06  0.00000000000000E+00  0.00000000000000E+00  0.00000000000000E+00  0.00000000000000E+00  0.91667826180268E+06  0.00000000000000E+00  0.00000000000000E+00  0.00000000000000E+00  0.00000000000000E+00  0.00000000000000E+00  0.00000000000000E+00  0.00000000000000E+00  0.00000000000000E+00  0.00000000000000E+00  0.00000000000000E+00  0.00000000000000E+00
  -0.20615735810326E+05  0.58279713492831E+04 -0.10249258957768E+04 -0.14254072542682E+04  0.35223673906291E+03 -0.20535215216398E+02 -0.18418536280866E+03 -0.73015918470925E+05  0.23264309688879E+05  0.15317241919349E+04 -0.44584634895362E+03 -0.25883067507117E+04 -0.16121230843744E+03 -0.38043517188671E+01 -0.15473805439062E+04  0.16219353551083E+03 -0.13715220771516E+04 -0.69323718636838E+03  0.16940471579508E+05  0.00000000000000E+00  0.00000000000000E+00  0.00000000000000E+00  0.00000000000000E+00  0.00000000000000E+00  0.00000000000000E+00  0.00000000000000E+00  0.00000000000000E+00  0.00000000000000E+00  0.00000000000000E+00  0.14936483040137E+05  0.00000000000000E+00  0.00000000000000E+00  0.00000000000000E+00  0.00000000000000E+00  0.00000000000000E+00  0.00000000000000E+00  0.00000000000000E+00  0.00000000000000E+00  0.00000000000000E+00  0.00000000000000E+00
  -0.46398689372292E+05  0.13257224979104E+05 -0.23168140124312E+04 -0.24900442894541E+04  0.59625719532455E+03 -0.62977530658702E+02 -0.31119005074464E+03 -0.16308617826176E+06  0.52053694223645E+05  0.33515232077412E+04 -0.99625862828571E+03 -0.78495364200506E+02 -0.20842913668805E+02 -0.25395971615878E-04 -0.29958868798591E+04  0.31299717206060E+03 -0.26687805869698E+04 -0.13503026590779E+04  0.29948701426529E+05 -0.74303734237240E+01 -0.11593692821514E+04 -0.16798141914527E+03 -0.41597907300882E+03 -0.22012086506159E+04  0.00000000000000E+00  0.00000000000000E+00  0.00000000000000E+00  0.00000000000000E+00  0.00000000000000E+00  0.00000000000000E+00  0.32029308759483E+05  0.00000000000000E+00  0.00000000000000E+00  0.00000000000000E+00  0.00000000000000E+00  0.00000000000000E+00  0.00000000000000E+00  0.00000000000000E+00  0.00000000000000E+00  0.00000000000000E+00
  -0.30701475539160E+04  0.42062966632582E+03 -0.12023724989456E+03 -0.73222282113971E+02  0.95522534039113E+01 -0.19521846870675E+02 -0.13710658913487E+02 -0.13081875387092E+04  0.17216386662722E+03  0.42481292775179E+02 -0.11018736531228E+02 -0.84421484526167E+02 -0.67997663729432E+01 -0.15216223686521E+00 -0.72071045410602E+03  0.80492053254730E+02 -0.64597432155604E+03 -0.35465515692618E+03  0.21553074533461E+03  0.00000000000000E+00  0.00000000000000E+00  0.00000000000000E+00  0.00000000000000E+00  0.00000000000000E+00  0.00000000000000E+00  0.00000000000000E+00  0.00000000000000E+00  0.00000000000000E+00  0.00000000000000E+00  0.00000000000000E+00  0.00000000000000E+00  0.37853333311393E+04  0.00000000000000E+00  0.00000000000000E+00  0.00000000000000E+00  0.00000000000000E+00  0.00000000000000E+00  0.00000000000000E+00  0.00000000000000E+00  0.00000000000000E+00
  -0.19791494681224E+06  0.63391682277023E+05 -0.10085741621814E+05 -0.11739082881858E+05  0.30904384875620E+04  0.19613399947996E+03 -0.11750040838834E+04 -0.56990674452260E+04  0.62683872434622E+03  0.57138636583491E+03 -0.49405472048916E+02 -0.24607538970376E+00 -0.17751131552557E+00 -0.42704797178817E-12  0.26797352480966E+03 -0.72152956362405E+02  0.82457893309378E+02  0.11766570967671E+03  0.17390033272657E+06  0.00000000000000E+00  0.00000000000000E+00  0.22356324011584E+04  0.31930656965633E+04  0.16225591398255E+05  0.00000000000000E+00  0.00000000000000E+00  0.00000000000000E+00  0.00000000000000E+00  0.00000000000000E+00  0.00000000000000E+00  0.00000000000000E+00  0.00000000000000E+00  0.10556468808853E+06  0.00000000000000E+00  0.00000000000000E+00  0.00000000000000E+00  0.00000000000000E+00  0.00000000000000E+00  0.00000000000000E+00  0.00000000000000E+00
  -0.22209266487716E+06  0.70544088891251E+05 -0.11283037883562E+05 -0.52491651102744E+05  0.13593155067813E+05  0.51849259868158E+03 -0.54026678559177E+04 -0.11157291814129E+05  0.12592838210639E+04  0.10815016370913E+04 -0.96562870036303E+02 -0.30246493413565E-10 -0.13109003865150E-10 -0.39110775646073E-12  0.47653354803016E+03 -0.12666048062699E+03  0.16168659062002E+03  0.21728938351735E+03  0.75742523653861E+06  0.22094968642103E+03  0.22973718852470E+05 -0.50538696025075E+04 -0.15559169072638E+05 -0.82171121668140E+05  0.00000000000000E+00  0.00000000000000E+00  0.00000000000000E+00  0.00000000000000E+00  0.00000000000000E+00  0.00000000000000E+00  0.00000000000000E+00  0.00000000000000E+00  0.00000000000000E+00  0.13825759586591E+06  0.00000000000000E+00  0.00000000000000E+00  0.00000000000000E+00  0.00000000000000E+00  0.00000000000000E+00  0.00000000000000E+00
  -0.89373667140974E+04  0.24269324637100E+04 -0.43564753030954E+03 -0.24680583041986E+04  0.48825143602344E+03 -0.28854891835235E+03 -0.38168069896142E+03  0.21273535042742E+03 -0.12401617114475E+04  0.13048903617183E+03 -0.14434040388433E+02 -0.18528397723801E+01 -0.19616671548574E+00 -0.18415926252818E-02 -0.28820496764526E+04  0.44667896855493E+03 -0.27861116456822E+04 -0.17897338723247E+04  0.23182713574344E+05  0.00000000000000E+00  0.00000000000000E+00  0.00000000000000E+00  0.00000000000000E+00  0.00000000000000E+00  0.00000000000000E+00  0.00000000000000E+00  0.00000000000000E+00  0.00000000000000E+00  0.00000000000000E+00  0.00000000000000E+00  0.00000000000000E+00  0.00000000000000E+00  0.00000000000000E+00  0.00000000000000E+00  0.82340135715382E+04  0.00000000000000E+00  0.00000000000000E+00  0.00000000000000E+00  0.00000000000000E+00  0.00000000000000E+00
  -0.31716241263647E+04  0.77241505585031E+03 -0.15188253944680E+03 -0.96570698352927E+03  0.18062738619930E+03 -0.14233139400085E+03 -0.15982801686267E+03  0.22701456983572E+03 -0.68758327534830E+03  0.58461079812222E+02 -0.68656764910821E+01 -0.79856862222275E+00 -0.76403166036584E-01 -0.10143495368919E-02 -0.15277760341255E+04  0.21995401503254E+03 -0.15012302852881E+04 -0.92527914653780E+03  0.73292883859240E+04  0.00000000000000E+00  0.00000000000000E+00  0.00000000000000E+00  0.00000000000000E+00  0.00000000000000E+00  0.00000000000000E+00  0.00000000000000E+00  0.00000000000000E+00  0.00000000000000E+00  0.00000000000000E+00  0.00000000000000E+00  0.00000000000000E+00  0.00000000000000E+00  0.00000000000000E+00  0.00000000000000E+00  0.00000000000000E+00  0.42331970126597E+04  0.00000000000000E+00  0.00000000000000E+00  0.00000000000000E+00  0.00000000000000E+00
  -0.14902370729636E+05 -0.23540207448776E+04  0.58112680184133E+02 -0.95935524820166E+04  0.32910909494318E+03 -0.30066849646173E+04 -0.12616971891559E+04 -0.26225861049898E+06  0.11151383068792E+06  0.30788183288836E+04 -0.11578848917418E+04  0.30395251750115E+03  0.30468181227650E+02 -0.16419243160431E+01 -0.22955452576840E+04 -0.31833894947719E+03  0.14768691408698E+04  0.15510836888610E+04 -0.17610321140592E+05  0.00000000000000E+00  0.00000000000000E+00  0.00000000000000E+00  0.00000000000000E+00  0.00000000000000E+00  0.00000000000000E+00  0.00000000000000E+00  0.00000000000000E+00  0.00000000000000E+00  0.00000000000000E+00  0.00000000000000E+00  0.00000000000000E+00  0.00000000000000E+00  0.00000000000000E+00  0.00000000000000E+00  0.00000000000000E+00  0.00000000000000E+00  0.12413785691828E+06  0.00000000000000E+00  0.00000000000000E+00  0.00000000000000E+00
   0.16619443753834E+05 -0.22453797829393E+04  0.73788945600570E+03 -0.15716555793466E+05  0.25118035776194E+04 -0.34675679441099E+04 -0.32028786864058E+04 -0.87052841077590E+04  0.16009630372263E+04  0.44407141089421E+03 -0.69904925940970E+02  0.33460008187184E+03  0.75368255689257E+02  0.79063441317015E-04  0.18715460447970E+03 -0.33612693311369E+02  0.24100591749214E+03  0.16681455794039E+03  0.42067881896459E+05  0.11160429915634E+02 -0.42343148997865E+04  0.15395757205602E+04  0.38367525615398E+04  0.20438489602871E+05  0.00000000000000E+00  0.00000000000000E+00  0.00000000000000E+00  0.00000000000000E+00  0.00000000000000E+00  0.00000000000000E+00  0.00000000000000E+00  0.00000000000000E+00  0.00000000000000E+00  0.00000000000000E+00  0.00000000000000E+00  0.00000000000000E+00  0.00000000000000E+00  0.39351892888343E+05  0.00000000000000E+00  0.00000000000000E+00
  -0.70330102708638E+05  0.85139661248510E+04 -0.25898635881106E+04 -0.71943524160499E+04  0.82637078739307E+03 -0.18534832755862E+04 -0.11519979134806E+04 -0.13631305121358E+06  0.43949469344596E+05  0.27634435714795E+04 -0.83039789114467E+03 -0.29105139208559E+04 -0.20863542650498E+03 -0.35321639157175E+01 -0.87805419930648E+03  0.25071002872671E+03 -0.17699193002328E+04 -0.12135233673063E+04  0.19439366220174E+05  0.00000000000000E+00  0.00000000000000E+00 -0.36559372216685E+03 -0.20565520660818E+04  0.15524244851653E+04  0.00000000000000E+00  0.00000000000000E+00  0.00000000000000E+00  0.00000000000000E+00  0.00000000000000E+00  0.00000000000000E+00  0.00000000000000E+00  0.00000000000000E+00  0.00000000000000E+00  0.00000000000000E+00  0.00000000000000E+00  0.00000000000000E+00  0.00000000000000E+00  0.00000000000000E+00  0.94949714905694E+05  0.00000000000000E+00
  -0.55411832962581E+05  0.71269859973996E+04 -0.20974832656055E+04 -0.21291626280438E+05  0.25392761185942E+04 -0.53520074739866E+04 -0.34362653805636E+04 -0.16977061678387E+06  0.54181947014384E+05  0.35277201581831E+04 -0.10426515917678E+04 -0.18029174902420E-09  0.22081371926556E-11  0.35982249101794E-13 -0.98858596027081E+03  0.28083563073229E+03 -0.19635413076891E+04 -0.13475118835249E+04  0.59875901100759E+05 -0.26339670402020E+02  0.41656028095753E+04 -0.28281073577776E+04 -0.81939722642534E+04 -0.30444860462808E+05  0.00000000000000E+00  0.00000000000000E+00  0.00000000000000E+00  0.00000000000000E+00  0.00000000000000E+00  0.00000000000000E+00  0.00000000000000E+00  0.00000000000000E+00  0.00000000000000E+00  0.00000000000000E+00  0.00000000000000E+00  0.00000000000000E+00  0.00000000000000E+00  0.00000000000000E+00  0.00000000000000E+00  0.99500280052732E+05

 # Covariance matrix (Bevington epsilon)
