# fitpack15: fit parameters                                                                         
# CJ15 AV18 final data choices                                                                      
# Created on 01/23/2020 at 21:58:17                                                                 

 # QCD setup
  INS                           0
  NVL                          11
  IORD                          1
  Q02                   1.6899999999999999     
  IPARAMC                       7
  FLAVOR                4.0000000000000000     
  xmc                   1.3000000000000000     
  xmb                   4.5000000000000000     
  ncb                          12
  ihq                           1
  ias                           0

 # Theory corrections
  inuke                     10814
  itmc                          1
  iht                           1

 # fit parameters
 LAMBDA       0.22680        0.0000    
 a0uv          2.5432        0.0000    
 a1uv         0.62780       0.18880E-01
 a2uv          3.5330       0.12856E-01
 a3uv          0.0000        0.0000    
 a4uv          3.1717       0.38430    
 a5uv          0.0000        0.0000    
 a0dv          23.699        0.0000    
 a1dv          1.1515       0.34050E-01
 a2dv          6.4882       0.16057    
 a3dv         -3.4717       0.88661E-01
 a4dv          4.6371       0.14612    
 a5dv          0.0000        0.0000    
 a0ud         0.14663       0.50184E-02
 a1ud        -0.20787       0.37418E-02
 a2ud          8.2978       0.19180    
 a3ud          0.0000        0.0000    
 a4ud          14.471        1.2197    
 a5ud          0.0000        0.0000    
 a0du          35712.        0.0000    
 a1du          4.0050       0.72019E-01
 a2du          20.026       0.85066    
 a3du          17.000        0.0000    
 a4du          50.439        10.462    
 a0g           47.694        0.0000    
 a1g          0.61188       0.30973E-01
 a2g           6.5357       0.92079    
 a3g          -3.3423       0.13005    
 a4g           3.2272       0.31101    
 a5g           0.0000        0.0000    
 kappa        0.40000        0.0000    
 a6dv        -0.34204E-02   0.70095E-03
 a7dv          2.0000        0.0000    
 off1         -3.8978        1.5297    
 off2         0.56084E-01   0.57356E-01
 ht1          -3.1167       0.24292    
 ht2           1.8610       0.10221    
 ht3          -2.0723       0.17570E-01
 ht4           0.0000        0.0000    
 dummy40       0.0000        0.0000    
 dummy41       0.0000        0.0000    
 dummy42       0.0000        0.0000    
 dummy43       0.0000        0.0000    
 dummy44       0.0000        0.0000    
 dummy45       0.0000        0.0000    
 dummy46       0.0000        0.0000    
 dummy47       0.0000        0.0000    
 dummy48       0.0000        0.0000    
 dummy49       0.0000        0.0000    
 bcdmsh2      0.97322       0.48136E-02
 bcdmsd2      0.99354       0.58308E-02
 ccfr          1.0000        0.0000    
 nutev         1.0000        0.0000    
 zeus         0.97998        0.0000    
 h1            1.0162        0.0000    
 e605          1.0319        0.0000    
 NmcH2         1.0095       0.71203E-02
 ntv_nu        1.0000        0.0000    
 ntv_nubar     1.0000        0.0000    
 cdf_jet      0.98910        0.0000    
 d0_jet       0.83504        0.0000    
 slac_p        1.0047       0.48010E-02
 slac_d        1.0041       0.52698E-02
 e866pp       0.95967       0.19085E-01
 e866pd       0.96261       0.15858E-01
 d0_gamjet     1.0391       0.16481E-01
 h1b          0.97608        0.0000    
 jlab_p       0.99337       0.57836E-02
 jlab_d       0.97503       0.59081E-02
 blank         1.0000        0.0000    
 d0run2       0.94091       0.14095E-01
 cdfrun2      0.92610       0.17200E-01
 HERA_el       1.0000        0.0000    
 HERA_ps       1.0000        0.0000    
 CDF_Z        0.96715       0.65381E-02
 NmcRat        1.0000        0.0000    
 BNS_F2nd     0.98386       0.69852E-02
 HERMES_F2p   0.99816       0.55547E-02
 HERMES_F2d   0.98043       0.58143E-02
 END 0. 0.

 # Hessian matrix (Bevington alpha)
   0.48028756373516E+07 -0.12739327357441E+07  0.24738547382464E+06  0.47304973220845E+06 -0.12691965087575E+06 -0.18763375685002E+05  0.56560672520507E+05  0.88735039619144E+06 -0.17093714451049E+06 -0.47842655351701E+05  0.72895510520707E+04  0.15895788241800E+05  0.18092915479439E+04 -0.11229282074975E+03  0.70160978961448E+04 -0.18688092726224E+04  0.10560111932101E+05  0.76113667163618E+04 -0.70503094574997E+07 -0.14584324696586E+04 -0.20749447359081E+06  0.58140154923248E+05  0.18344656851031E+06  0.77180524546596E+06 -0.12554397894280E+06 -0.53222469261624E+05 -0.41754790424719E+04 -0.83019283630697E+06 -0.10735806520561E+07 -0.20488334255848E+05 -0.46026132745157E+05 -0.30463408905279E+04 -0.19696114427020E+06 -0.22183330293201E+06 -0.90272277200275E+04 -0.32038073620573E+04 -0.14142426519327E+05  0.16412748315741E+05 -0.69591130839301E+05 -0.54924860695715E+05
  -0.12739327357441E+07  0.41147407606077E+06 -0.68132219457098E+05 -0.13427249137358E+06  0.35844188183922E+05  0.74423778397386E+04 -0.12922056554965E+05 -0.12142582385975E+06  0.26478579134369E+05  0.75012986741684E+04 -0.94154666898971E+03 -0.12966317845994E+04 -0.15266106774077E+03  0.13552317449235E+02  0.68445065253044E+03 -0.55038448165658E+02  0.18658521766729E+03  0.10529430829549E+03  0.24358831981026E+07  0.58400214128909E+03  0.59616175428671E+05 -0.12842052330050E+05 -0.44567732859407E+05 -0.21478676926815E+06  0.16505445691766E+05  0.81614729343303E+04 -0.25065792668485E+03  0.20895119497449E+06  0.26262149888144E+06  0.58286226896861E+04  0.13230114266234E+05  0.42084158407703E+03  0.63392348316916E+05  0.70813786740879E+05  0.24648450841539E+04  0.78427080179889E+03 -0.24053262852263E+04 -0.22311678515939E+04  0.84987071959775E+04  0.71284472441712E+04
   0.24738547382464E+06 -0.68132219457098E+05  0.12905991352162E+05  0.24798895099777E+05 -0.67390577268080E+04 -0.11914472433836E+04  0.28740541228360E+04  0.33160959635664E+05 -0.62362450905322E+04 -0.21152862691109E+04  0.27630258844061E+03  0.51842751637974E+03  0.68936666515234E+02 -0.53517966421607E+01 -0.42904139874364E+03  0.23793659776201E+01 -0.21938231730204E+03 -0.40181114285158E+02 -0.38197357474305E+06 -0.81368116709572E+02 -0.10890359875557E+05  0.29001207945018E+04  0.91963934716916E+04  0.40051894156384E+05 -0.58495436190174E+04 -0.25002694271321E+04  0.61210149646735E+02 -0.41660701476524E+05 -0.54047028318245E+05 -0.10813034033467E+04 -0.24400663884342E+04 -0.12525449568813E+03 -0.10685479047691E+05 -0.11996029825934E+05 -0.46638865303612E+03 -0.16229360101648E+03  0.96535567132196E+02  0.76468918412955E+03 -0.26856530744875E+04 -0.21816457147661E+04
   0.47304973220845E+06 -0.13427249137358E+06  0.24798895099777E+05  0.39487151508593E+06 -0.62950259133559E+05  0.75840198927826E+05  0.64740884509660E+05  0.34653830565288E+06 -0.25388209497836E+05 -0.18373703936709E+05  0.33927732547962E+04 -0.13785048650336E+04 -0.16065334262312E+03  0.59066486722278E+02  0.30732043436504E+05 -0.37289517412974E+04  0.28328041874025E+05  0.15800440622480E+05 -0.21165196680890E+07 -0.23131036569509E+03 -0.61354499520929E+05  0.21045448354443E+05  0.58300687474603E+05  0.24976456098005E+06 -0.12766042696570E+05 -0.21130802860779E+05 -0.83401539153037E+02 -0.65639365196946E+05 -0.34045782405527E+06 -0.14417143704969E+04 -0.24919974576041E+04 -0.75060926806111E+02 -0.11752824209502E+05 -0.52686539085740E+05 -0.25102166011171E+04 -0.98224775018874E+03 -0.94953439465443E+04 -0.15636598681443E+05 -0.71948922303775E+04 -0.21292839004049E+05
  -0.12691965087575E+06  0.35844188183922E+05 -0.67390577268080E+04 -0.62950259133559E+05  0.11992196248931E+05 -0.80484307829000E+04 -0.95813746714014E+04 -0.32582184564851E+05  0.36206005529865E+03  0.24212390749778E+04 -0.34701780081888E+03 -0.50826087298666E+02  0.43919502900006E+01 -0.53085134375973E+01 -0.26297309846360E+04  0.32442992513478E+03 -0.23663083360767E+04 -0.13376554292504E+04  0.47744522275288E+06  0.73917109858063E+02  0.12975871756196E+05 -0.39897013345857E+04 -0.11087627236036E+05 -0.50756649004666E+05  0.20018729236349E+04  0.33804665148390E+04 -0.54630855693167E+02  0.12112167538935E+05  0.63840053827355E+05  0.35115831169453E+03  0.58798489183104E+03  0.97799237510464E+01  0.30453936823615E+04  0.13432146776839E+05  0.48977557415149E+03  0.18159753960142E+03  0.32552669546840E+03  0.24939693240893E+04  0.82409658789365E+03  0.25315646038278E+04
  -0.18763375685002E+05  0.74423778397386E+04 -0.11914472433836E+04  0.75840198927826E+05 -0.80484307829000E+04  0.23711087795081E+05  0.14560222957297E+05  0.10347386990406E+06 -0.90749495124817E+04 -0.45886657093019E+04  0.99717702592876E+03 -0.70388067242463E+03 -0.70027354995060E+02  0.19699978993833E+02  0.92113436290665E+04 -0.11468528647361E+04  0.86305065258093E+04  0.48800829677689E+04 -0.76853253888980E+05  0.48031132328065E+02 -0.48582925608629E+04  0.27027372867368E+04  0.73198467464682E+04  0.23506429784523E+05 -0.28164545940033E+04 -0.43281633993407E+04  0.14617943179336E+03 -0.90119542763068E+04 -0.44731681718150E+05 -0.14301037689186E+02 -0.51784457335925E+02 -0.19628228989899E+02  0.25359198658028E+03  0.77574339036412E+03 -0.28209007075365E+03 -0.14045237243509E+03 -0.29768112110389E+04 -0.33732158635653E+04 -0.18315641681468E+04 -0.52852991883091E+04
   0.56560672520507E+05 -0.12922056554965E+05  0.28740541228360E+04  0.64740884509660E+05 -0.95813746714014E+04  0.14560222957297E+05  0.11511813022454E+05  0.57646996513137E+05 -0.28792300260332E+04 -0.32824104515177E+04  0.58558899845671E+03 -0.20723291195371E+03 -0.27465154380566E+02  0.10379368048837E+02  0.47757945336821E+04 -0.60334560336529E+03  0.43582845238941E+04  0.24955635349058E+04 -0.24694809804250E+06 -0.63691816148940E+01 -0.85788768153325E+04  0.32913485136855E+04  0.89180478107289E+04  0.35462189916987E+05 -0.24877775575896E+04 -0.39065175389720E+04  0.13127729989679E+03 -0.10162461953329E+05 -0.53080722550816E+05 -0.18050299193155E+03 -0.30159482482216E+03 -0.13856313525232E+02 -0.11281597832311E+04 -0.52091253216416E+04 -0.37926543779926E+03 -0.15932079965090E+03 -0.12471580899203E+04 -0.31422552594619E+04 -0.11407116983896E+04 -0.34008364417804E+04
   0.88735039619144E+06 -0.12142582385975E+06  0.33160959635664E+05  0.34653830565288E+06 -0.32582184564851E+05  0.10347386990406E+06  0.57646996513137E+05  0.49484987123820E+07 -0.23069252720419E+07 -0.84954696265597E+05  0.25884827910575E+05  0.28128730965128E+05  0.18707771675360E+04  0.10535315693027E+03  0.82404102772160E+05 -0.10467886977804E+05  0.87358458316259E+05  0.46940827181768E+05 -0.55313623283211E+06  0.36151874824355E+03 -0.27867255684109E+05  0.30216866395974E+05  0.93612871941042E+05  0.25711790364574E+06 -0.60273399533773E+05 -0.48665770405924E+05 -0.66412929872505E+05 -0.27940371556987E+06 -0.55730252163698E+06 -0.72919546554574E+05 -0.16251938327686E+06 -0.13143146158715E+04 -0.57864343332250E+04 -0.11353009551079E+05  0.53668499095469E+02  0.15569930821824E+03 -0.26101904600262E+06 -0.86795725156272E+04 -0.13583207363172E+06 -0.16967473835545E+06
  -0.17093714451049E+06  0.26478579134369E+05 -0.62362450905322E+04 -0.25388209497836E+05  0.36206005529865E+03 -0.90749495124817E+04 -0.28792300260332E+04 -0.23069252720419E+07  0.19311498721823E+07  0.18907926784878E+05 -0.65137687222011E+04 -0.60428783408837E+04 -0.33007696763858E+03 -0.14387038357488E+02  0.49632753480156E+05 -0.23485863128041E+04  0.17426950179325E+05  0.84711427885235E+04 -0.24620358737098E+05 -0.90979221805151E+02  0.64336310983600E+03 -0.61715523898446E+04 -0.20287254744995E+05 -0.49488583955870E+05  0.11391366406732E+05  0.10837327908029E+05  0.23932703397812E+05  0.65093141068179E+05  0.12573300992341E+06  0.23275012867848E+05  0.51984704327057E+05  0.17525721663271E+03  0.62778106479192E+03  0.12666250939916E+04 -0.11940322189156E+04 -0.66725307172180E+03  0.11125237251623E+06  0.15974799626609E+04  0.43893716006681E+05  0.54274917745045E+05
  -0.47842655351701E+05  0.75012986741684E+04 -0.21152862691109E+04 -0.18373703936709E+05  0.24212390749778E+04 -0.45886657093019E+04 -0.32824104515177E+04 -0.84954696265597E+05  0.18907926784878E+05  0.26432621648059E+04 -0.64293722389819E+03 -0.72469886707977E+03 -0.63417939643054E+02 -0.20184265843978E+01 -0.39886192000832E+04  0.48417528394933E+03 -0.37123238922853E+04 -0.20836458001199E+04  0.55038548691686E+05 -0.79099551777955E+01  0.24848307162956E+04 -0.13705328572880E+04 -0.39547519226530E+04 -0.12733511810865E+05  0.27304149106201E+04  0.18980765733334E+04  0.72619111478739E+03  0.10922196047239E+05  0.22942972955748E+05  0.15412236408024E+04  0.33600285779833E+04  0.42826175348426E+02  0.58498869238481E+03  0.11091834151520E+04  0.13576510940755E+03  0.60759646185231E+02  0.30775870654709E+04  0.44467905312047E+03  0.27691797112124E+04  0.35444147983645E+04
   0.72895510520707E+04 -0.94154666898971E+03  0.27630258844061E+03  0.33927732547962E+04 -0.34701780081888E+03  0.99717702592876E+03  0.58558899845671E+03  0.25884827910575E+05 -0.65137687222011E+04 -0.64293722389819E+03  0.18218988970944E+03  0.21578383837148E+03  0.15569175782127E+02  0.77588571246230E+00  0.12705775671706E+04 -0.14027585969189E+03  0.11330280693009E+04  0.61310975890108E+03 -0.63034351070871E+04  0.26577927967606E+01 -0.28803450896521E+03  0.23706884882500E+03  0.71858530199784E+03  0.20535552186547E+04 -0.48781173286018E+03 -0.36962746668442E+03 -0.34144241469946E+03 -0.20819692854748E+04 -0.42052812790737E+04 -0.44850928644480E+03 -0.99980923186995E+03 -0.11125464347191E+02 -0.50692331903805E+02 -0.99266584477393E+02 -0.15572969197365E+02 -0.73802581986900E+01 -0.11600684228770E+04 -0.70267895626256E+02 -0.83327482098102E+03 -0.10493942894359E+04
   0.15895788241800E+05 -0.12966317845994E+04  0.51842751637974E+03 -0.13785048650336E+04 -0.50826087298666E+02 -0.70388067242463E+03 -0.20723291195371E+03  0.28128730965128E+05 -0.60428783408837E+04 -0.72469886707977E+03  0.21578383837148E+03  0.19718358092674E+04  0.12744032965232E+03 -0.93125531826922E+00  0.15671749797830E+04 -0.21485617217671E+03  0.17731436283172E+04  0.10065615055784E+04 -0.69035906070247E+04 -0.52849314291747E+01 -0.13235685492463E+03 -0.35203834784759E+01  0.16887629415774E+03 -0.98928428034301E+03 -0.12145661843301E+04  0.42734196739792E-10 -0.81233877125739E+03 -0.53982719222406E+04  0.48127651488342E-09 -0.26622111077875E+04 -0.78782650918008E+02 -0.86392399647429E+02 -0.24250770508195E+00  0.29990898462572E-10 -0.19071770639156E+01 -0.82242498447187E+00  0.30861460275857E+03  0.33533127809655E+03 -0.29755348474048E+04 -0.64273839856880E-10
   0.18092915479439E+04 -0.15266106774077E+03  0.68936666515234E+02 -0.16065334262312E+03  0.43919502900006E+01 -0.70027354995060E+02 -0.27465154380566E+02  0.18707771675360E+04 -0.33007696763858E+03 -0.63417939643054E+02  0.15569175782127E+02  0.12744032965232E+03  0.11381468064991E+02 -0.18923135279668E+00  0.84258135086795E+02 -0.14022377178346E+02  0.10483546713478E+03  0.64561541487266E+02 -0.32499564594012E+03 -0.44521576140963E+00  0.65203906946916E+01  0.17701609627129E+01  0.21258564191247E+02 -0.10018306324695E+03 -0.18012105005834E+03 -0.21914476609954E-11 -0.31103531856322E+02 -0.63646279557088E+03 -0.13379362525728E-10 -0.16483754801966E+03 -0.20881031374844E+02 -0.69112593901920E+01 -0.17485510139887E+00  0.19507490850011E-11 -0.20076340838268E+00 -0.78195970664597E-01  0.30855355325855E+02  0.75478389559832E+02 -0.21204228582401E+03  0.41769001613134E-11
  -0.11229282074975E+03  0.13552317449235E+02 -0.53517966421607E+01  0.59066486722278E+02 -0.53085134375973E+01  0.19699978993833E+02  0.10379368048837E+02  0.10535315693027E+03 -0.14387038357488E+02 -0.20184265843978E+01  0.77588571246230E+00 -0.93125531826922E+00 -0.18923135279668E+00  0.58313952689432E-01  0.15617249341324E+02 -0.12142900159577E+01  0.10421217950482E+02  0.49326733879576E+01 -0.81962981397639E+02  0.25434299987794E-01 -0.47351763451969E+01  0.58660021753115E+00  0.15080404649772E+01  0.77407462517911E+01  0.73168116906611E-01 -0.34751149641797E-12 -0.66594953481645E+01 -0.96114419922832E+00  0.21684156453185E-11 -0.39438936712953E+01 -0.29292529469554E-04 -0.15624655422750E+00  0.90553554549492E-13 -0.24003517832446E-13 -0.19130443872372E-02 -0.10519658674124E-02 -0.16391894414043E+01  0.93341665869046E-04 -0.36471851255625E+01  0.10115653503848E-11
   0.70160978961448E+04  0.68445065253044E+03 -0.42904139874364E+03  0.30732043436504E+05 -0.26297309846360E+04  0.92113436290665E+04  0.47757945336821E+04  0.82404102772160E+05  0.49632753480156E+05 -0.39886192000832E+04  0.12705775671706E+04  0.15671749797830E+04  0.84258135086795E+02  0.15617249341324E+02  0.48683612881436E+05 -0.44856208142543E+04  0.36580110544244E+05  0.18999986638783E+05 -0.52787483617188E+05  0.25528578667111E+01  0.75587278172672E+03 -0.21008272352911E+03 -0.59557471770665E+03 -0.14702063926394E+04 -0.26168519604376E+04 -0.17187713084829E+04 -0.24511963204410E+04  0.19477396448738E+04  0.41740070461680E+04 -0.15423868368853E+04 -0.29686425408898E+04 -0.71433327577121E+03  0.24728228229521E+03  0.44166501408328E+03 -0.28286017033793E+04 -0.15060054960652E+04 -0.24214682346734E+04  0.17975093213194E+03 -0.83275005901511E+03 -0.93802816487388E+03
  -0.18688092726224E+04 -0.55038448165658E+02  0.23793659776201E+01 -0.37289517412974E+04  0.32442992513478E+03 -0.11468528647361E+04 -0.60334560336529E+03 -0.10467886977804E+05 -0.23485863128041E+04  0.48417528394933E+03 -0.14027585969189E+03 -0.21485617217671E+03 -0.14022377178346E+02 -0.12142900159577E+01 -0.44856208142543E+04  0.48212109638680E+03 -0.38692389004330E+04 -0.20884068730060E+04  0.61926906937314E+04 -0.93047733499616E+00 -0.11128262074381E+03  0.20293470464313E+02  0.49086303293304E+02  0.15539360997172E+03  0.48404412053600E+03  0.30349191800179E+03  0.28187015688596E+03 -0.15612399074583E+03 -0.46921092804537E+03  0.15938082420753E+03  0.30588673413107E+03  0.78554222302112E+02 -0.66250927783948E+02 -0.11678465168157E+03  0.43132976643686E+03  0.21338482632472E+03 -0.29324733944425E+03 -0.32221376616168E+02  0.24028095279281E+03  0.26918889216849E+03
   0.10560111932101E+05  0.18658521766729E+03 -0.21938231730204E+03  0.28328041874025E+05 -0.23663083360767E+04  0.86305065258093E+04  0.43582845238941E+04  0.87358458316259E+05  0.17426950179325E+05 -0.37123238922853E+04  0.11330280693009E+04  0.17731436283172E+04  0.10483546713478E+03  0.10421217950482E+02  0.36580110544244E+05 -0.38692389004330E+04  0.31565577409661E+05  0.16880266917877E+05 -0.48854290329389E+05  0.14021519021252E+01  0.84820558991104E+03 -0.26921169680959E+03 -0.70709754628883E+03 -0.16986250197242E+04 -0.27865809801544E+04 -0.17917543231953E+04 -0.25761713295112E+04  0.21741421232396E+04  0.46713124065443E+04 -0.13486983036900E+04 -0.26085819875375E+04 -0.63484344988915E+03  0.86219880952127E+02  0.16832176319735E+03 -0.27655281820920E+04 -0.14877753737925E+04  0.14370352998618E+04  0.23506676309629E+03 -0.17384972708709E+04 -0.19298035138396E+04
   0.76113667163618E+04  0.10529430829549E+03 -0.40181114285158E+02  0.15800440622480E+05 -0.13376554292504E+04  0.48800829677689E+04  0.24955635349058E+04  0.46940827181768E+05  0.84711427885235E+04 -0.20836458001199E+04  0.61310975890108E+03  0.10065615055784E+04  0.64561541487266E+02  0.49326733879576E+01  0.18999986638783E+05 -0.20884068730060E+04  0.16880266917877E+05  0.91427897874508E+04 -0.27056190934808E+05  0.22028088137901E+01  0.50987382356312E+03 -0.13956341514565E+03 -0.34154346984159E+03 -0.89128120519185E+03 -0.19292055028556E+04 -0.12079871003660E+04 -0.12901376427833E+04  0.10083387061018E+04  0.25346391907465E+04 -0.68122097616778E+03 -0.13190269972908E+04 -0.34783048943836E+03  0.11521327106439E+03  0.21337078408513E+03 -0.17661940901595E+04 -0.91294895117462E+03  0.15025709154700E+04  0.16207540756271E+03 -0.11872089681703E+04 -0.13189558607746E+04
  -0.70503094574997E+07  0.24358831981026E+07 -0.38197357474305E+06 -0.21165196680890E+07  0.47744522275288E+06 -0.76853253888980E+05 -0.24694809804250E+06 -0.55313623283211E+06 -0.24620358737098E+05  0.55038548691686E+05 -0.63034351070871E+04 -0.69035906070247E+04 -0.32499564594012E+03 -0.81962981397639E+02 -0.52787483617188E+05  0.61926906937314E+04 -0.48854290329389E+05 -0.27056190934808E+05  0.29962405239023E+08  0.64401354054807E+04  0.63742138408106E+06 -0.16241930484667E+06 -0.48882852820163E+06 -0.24765210237418E+07  0.32206326302151E+05  0.71693501078335E+05 -0.10748208292592E+04  0.53772981759299E+06  0.26227593441327E+07  0.17169470974642E+05  0.30062178744186E+05  0.22527605469750E+03  0.17477763566894E+06  0.76298985789952E+06  0.23619400430356E+05  0.74675769555580E+04 -0.17878392458722E+05  0.42000215916633E+05  0.19603012143763E+05  0.60327426296479E+05
  -0.14584324696586E+04  0.58400214128909E+03 -0.81368116709572E+02 -0.23131036569509E+03  0.73917109858063E+02  0.48031132328065E+02 -0.63691816148940E+01  0.36151874824355E+03 -0.90979221805151E+02 -0.79099551777955E+01  0.26577927967606E+01 -0.52849314291747E+01 -0.44521576140963E+00  0.25434299987794E-01  0.25528578667111E+01 -0.93047733499616E+00  0.14021519021252E+01  0.22028088137901E+01  0.64401354054807E+04  0.24795478975945E+01  0.14848608956447E+03 -0.31047709133846E+02 -0.95272084816838E+02 -0.56273904417890E+03  0.00000000000000E+00 -0.23934645373128E+02  0.00000000000000E+00  0.00000000000000E+00  0.45466857739368E+03  0.00000000000000E+00 -0.75627916427224E+01  0.00000000000000E+00  0.00000000000000E+00  0.22584251211050E+03  0.00000000000000E+00  0.00000000000000E+00  0.00000000000000E+00  0.10312344348604E+02  0.00000000000000E+00 -0.25406894894881E+02
  -0.20749447359081E+06  0.59616175428671E+05 -0.10890359875557E+05 -0.61354499520929E+05  0.12975871756196E+05 -0.48582925608629E+04 -0.85788768153325E+04 -0.27867255684109E+05  0.64336310983600E+03  0.24848307162956E+04 -0.28803450896521E+03 -0.13235685492463E+03  0.65203906946916E+01 -0.47351763451969E+01  0.75587278172672E+03 -0.11128262074381E+03  0.84820558991104E+03  0.50987382356312E+03  0.63742138408106E+06  0.14848608956447E+03  0.25995303108099E+05 -0.79383073757793E+04 -0.21801409483177E+05 -0.10339374157232E+06  0.00000000000000E+00  0.50400620905861E+04  0.00000000000000E+00  0.00000000000000E+00  0.11479740942334E+06  0.00000000000000E+00 -0.11548176563296E+04  0.00000000000000E+00  0.00000000000000E+00  0.22853030151811E+05  0.00000000000000E+00  0.00000000000000E+00  0.00000000000000E+00 -0.41933745553902E+04  0.00000000000000E+00  0.41364959351211E+04
   0.58140154923248E+05 -0.12842052330050E+05  0.29001207945018E+04  0.21045448354443E+05 -0.39897013345857E+04  0.27027372867368E+04  0.32913485136855E+04  0.30216866395974E+05 -0.61715523898446E+04 -0.13705328572880E+04  0.23706884882500E+03 -0.35203834784759E+01  0.17701609627129E+01  0.58660021753115E+00 -0.21008272352911E+03  0.20293470464313E+02 -0.26921169680959E+03 -0.13956341514565E+03 -0.16241930484667E+06 -0.31047709133846E+02 -0.79383073757793E+04  0.30296407245392E+04  0.80411869597529E+04  0.34909747631932E+05 -0.55848050146390E+02 -0.21830173876577E+04  0.57419463830598E+00  0.36847162836029E+03 -0.43593633471087E+05  0.00000000000000E+00 -0.17432318775572E+03  0.00000000000000E+00  0.23779002989330E+04 -0.49930851103275E+04  0.00000000000000E+00  0.00000000000000E+00  0.00000000000000E+00  0.15540357757258E+04 -0.44927566280741E+03 -0.29586585389512E+04
   0.18344656851031E+06 -0.44567732859407E+05  0.91963934716916E+04  0.58300687474603E+05 -0.11087627236036E+05  0.73198467464682E+04  0.89180478107289E+04  0.93612871941042E+05 -0.20287254744995E+05 -0.39547519226530E+04  0.71858530199784E+03  0.16887629415774E+03  0.21258564191247E+02  0.15080404649772E+01 -0.59557471770665E+03  0.49086303293304E+02 -0.70709754628883E+03 -0.34154346984159E+03 -0.48882852820163E+06 -0.95272084816838E+02 -0.21801409483177E+05  0.80411869597529E+04  0.22061991003351E+05  0.94706707696977E+05 -0.16667959481897E+03 -0.54404715653865E+04 -0.68502944342740E+02 -0.72390178572983E+04 -0.11962040084512E+06  0.00000000000000E+00 -0.43168344698801E+03  0.00000000000000E+00  0.31243175614869E+04 -0.15935782625244E+05  0.00000000000000E+00  0.00000000000000E+00  0.00000000000000E+00  0.38783138371968E+04 -0.23323060496351E+04 -0.85887027505239E+04
   0.77180524546596E+06 -0.21478676926815E+06  0.40051894156384E+05  0.24976456098005E+06 -0.50756649004666E+05  0.23506429784523E+05  0.35462189916987E+05  0.25711790364574E+06 -0.49488583955870E+05 -0.12733511810865E+05  0.20535552186547E+04 -0.98928428034301E+03 -0.10018306324695E+03  0.77407462517911E+01 -0.14702063926394E+04  0.15539360997172E+03 -0.16986250197242E+04 -0.89128120519185E+03 -0.24765210237418E+07 -0.56273904417890E+03 -0.10339374157232E+06  0.34909747631932E+05  0.94706707696977E+05  0.44486755200541E+06  0.25706570334496E+03 -0.28038872079519E+05 -0.74469630652598E+01  0.37604714996791E+05 -0.50424076632913E+06  0.00000000000000E+00 -0.22843104364953E+04  0.00000000000000E+00  0.15746932328904E+05 -0.84318268336206E+05  0.00000000000000E+00  0.00000000000000E+00  0.00000000000000E+00  0.20653471757122E+05  0.15913290948067E+04 -0.30965810062945E+05
  -0.12554397894280E+06  0.16505445691766E+05 -0.58495436190174E+04 -0.12766042696570E+05  0.20018729236349E+04 -0.28164545940033E+04 -0.24877775575896E+04 -0.60273399533773E+05  0.11391366406732E+05  0.27304149106201E+04 -0.48781173286018E+03 -0.12145661843301E+04 -0.18012105005834E+03  0.73168116906611E-01 -0.26168519604376E+04  0.48404412053600E+03 -0.27865809801544E+04 -0.19292055028556E+04  0.32206326302151E+05  0.00000000000000E+00  0.00000000000000E+00 -0.55848050146390E+02 -0.16667959481897E+03  0.25706570334496E+03  0.11621784735453E+06  0.00000000000000E+00  0.00000000000000E+00  0.00000000000000E+00  0.00000000000000E+00  0.00000000000000E+00  0.00000000000000E+00  0.00000000000000E+00  0.00000000000000E+00  0.00000000000000E+00  0.00000000000000E+00  0.00000000000000E+00  0.00000000000000E+00  0.00000000000000E+00  0.00000000000000E+00  0.00000000000000E+00
  -0.53222469261624E+05  0.81614729343303E+04 -0.25002694271321E+04 -0.21130802860779E+05  0.33804665148390E+04 -0.43281633993407E+04 -0.39065175389720E+04 -0.48665770405924E+05  0.10837327908029E+05  0.18980765733334E+04 -0.36962746668442E+03  0.42734196739792E-10 -0.21914476609954E-11 -0.34751149641797E-12 -0.17187713084829E+04  0.30349191800179E+03 -0.17917543231953E+04 -0.12079871003660E+04  0.71693501078335E+05 -0.23934645373128E+02  0.50400620905861E+04 -0.21830173876577E+04 -0.54404715653865E+04 -0.28038872079519E+05  0.00000000000000E+00  0.64540875862267E+05  0.00000000000000E+00  0.00000000000000E+00  0.00000000000000E+00  0.00000000000000E+00  0.00000000000000E+00  0.00000000000000E+00  0.00000000000000E+00  0.00000000000000E+00  0.00000000000000E+00  0.00000000000000E+00  0.00000000000000E+00  0.00000000000000E+00  0.00000000000000E+00  0.00000000000000E+00
  -0.41754790424719E+04 -0.25065792668485E+03  0.61210149646735E+02 -0.83401539153037E+02 -0.54630855693167E+02  0.14617943179336E+03  0.13127729989679E+03 -0.66412929872505E+05  0.23932703397812E+05  0.72619111478739E+03 -0.34144241469946E+03 -0.81233877125739E+03 -0.31103531856322E+02 -0.66594953481645E+01 -0.24511963204410E+04  0.28187015688596E+03 -0.25761713295112E+04 -0.12901376427833E+04 -0.10748208292592E+04  0.00000000000000E+00  0.00000000000000E+00  0.57419463830598E+00 -0.68502944342740E+02 -0.74469630652598E+01  0.00000000000000E+00  0.00000000000000E+00  0.30654045400933E+05  0.00000000000000E+00  0.00000000000000E+00  0.00000000000000E+00  0.00000000000000E+00  0.00000000000000E+00  0.00000000000000E+00  0.00000000000000E+00  0.00000000000000E+00  0.00000000000000E+00  0.00000000000000E+00  0.00000000000000E+00  0.00000000000000E+00  0.00000000000000E+00
  -0.83019283630697E+06  0.20895119497449E+06 -0.41660701476524E+05 -0.65639365196946E+05  0.12112167538935E+05 -0.90119542763068E+04 -0.10162461953329E+05 -0.27940371556987E+06  0.65093141068179E+05  0.10922196047239E+05 -0.20819692854748E+04 -0.53982719222406E+04 -0.63646279557088E+03 -0.96114419922832E+00  0.19477396448738E+04 -0.15612399074583E+03  0.21741421232396E+04  0.10083387061018E+04  0.53772981759299E+06  0.00000000000000E+00  0.00000000000000E+00  0.36847162836029E+03 -0.72390178572983E+04  0.37604714996791E+05  0.00000000000000E+00  0.00000000000000E+00  0.00000000000000E+00  0.57768673781278E+06  0.00000000000000E+00  0.00000000000000E+00  0.00000000000000E+00  0.00000000000000E+00  0.00000000000000E+00  0.00000000000000E+00  0.00000000000000E+00  0.00000000000000E+00  0.00000000000000E+00  0.00000000000000E+00  0.00000000000000E+00  0.00000000000000E+00
  -0.10735806520561E+07  0.26262149888144E+06 -0.54047028318245E+05 -0.34045782405527E+06  0.63840053827355E+05 -0.44731681718150E+05 -0.53080722550816E+05 -0.55730252163698E+06  0.12573300992341E+06  0.22942972955748E+05 -0.42052812790737E+04  0.48127651488342E-09 -0.13379362525728E-10  0.21684156453185E-11  0.41740070461680E+04 -0.46921092804537E+03  0.46713124065443E+04  0.25346391907465E+04  0.26227593441327E+07  0.45466857739368E+03  0.11479740942334E+06 -0.43593633471087E+05 -0.11962040084512E+06 -0.50424076632913E+06  0.00000000000000E+00  0.00000000000000E+00  0.00000000000000E+00  0.00000000000000E+00  0.91813192995032E+06  0.00000000000000E+00  0.00000000000000E+00  0.00000000000000E+00  0.00000000000000E+00  0.00000000000000E+00  0.00000000000000E+00  0.00000000000000E+00  0.00000000000000E+00  0.00000000000000E+00  0.00000000000000E+00  0.00000000000000E+00
  -0.20488334255848E+05  0.58286226896861E+04 -0.10813034033467E+04 -0.14417143704969E+04  0.35115831169453E+03 -0.14301037689186E+02 -0.18050299193155E+03 -0.72919546554574E+05  0.23275012867848E+05  0.15412236408024E+04 -0.44850928644480E+03 -0.26622111077875E+04 -0.16483754801966E+03 -0.39438936712953E+01 -0.15423868368853E+04  0.15938082420753E+03 -0.13486983036900E+04 -0.68122097616778E+03  0.17169470974642E+05  0.00000000000000E+00  0.00000000000000E+00  0.00000000000000E+00  0.00000000000000E+00  0.00000000000000E+00  0.00000000000000E+00  0.00000000000000E+00  0.00000000000000E+00  0.00000000000000E+00  0.00000000000000E+00  0.14947969659856E+05  0.00000000000000E+00  0.00000000000000E+00  0.00000000000000E+00  0.00000000000000E+00  0.00000000000000E+00  0.00000000000000E+00  0.00000000000000E+00  0.00000000000000E+00  0.00000000000000E+00  0.00000000000000E+00
  -0.46026132745157E+05  0.13230114266234E+05 -0.24400663884342E+04 -0.24919974576041E+04  0.58798489183104E+03 -0.51784457335925E+02 -0.30159482482216E+03 -0.16251938327686E+06  0.51984704327057E+05  0.33600285779833E+04 -0.99980923186995E+03 -0.78782650918008E+02 -0.20881031374844E+02 -0.29292529469554E-04 -0.29686425408898E+04  0.30588673413107E+03 -0.26085819875375E+04 -0.13190269972908E+04  0.30062178744186E+05 -0.75627916427224E+01 -0.11548176563296E+04 -0.17432318775572E+03 -0.43168344698801E+03 -0.22843104364953E+04  0.00000000000000E+00  0.00000000000000E+00  0.00000000000000E+00  0.00000000000000E+00  0.00000000000000E+00  0.00000000000000E+00  0.31860365153908E+05  0.00000000000000E+00  0.00000000000000E+00  0.00000000000000E+00  0.00000000000000E+00  0.00000000000000E+00  0.00000000000000E+00  0.00000000000000E+00  0.00000000000000E+00  0.00000000000000E+00
  -0.30463408905279E+04  0.42084158407703E+03 -0.12525449568813E+03 -0.75060926806111E+02  0.97799237510464E+01 -0.19628228989899E+02 -0.13856313525232E+02 -0.13143146158715E+04  0.17525721663271E+03  0.42826175348426E+02 -0.11125464347191E+02 -0.86392399647429E+02 -0.69112593901920E+01 -0.15624655422750E+00 -0.71433327577121E+03  0.78554222302112E+02 -0.63484344988915E+03 -0.34783048943836E+03  0.22527605469750E+03  0.00000000000000E+00  0.00000000000000E+00  0.00000000000000E+00  0.00000000000000E+00  0.00000000000000E+00  0.00000000000000E+00  0.00000000000000E+00  0.00000000000000E+00  0.00000000000000E+00  0.00000000000000E+00  0.00000000000000E+00  0.00000000000000E+00  0.37851488314994E+04  0.00000000000000E+00  0.00000000000000E+00  0.00000000000000E+00  0.00000000000000E+00  0.00000000000000E+00  0.00000000000000E+00  0.00000000000000E+00  0.00000000000000E+00
  -0.19696114427020E+06  0.63392348316916E+05 -0.10685479047691E+05 -0.11752824209502E+05  0.30453936823615E+04  0.25359198658028E+03 -0.11281597832311E+04 -0.57864343332250E+04  0.62778106479192E+03  0.58498869238481E+03 -0.50692331903805E+02 -0.24250770508195E+00 -0.17485510139887E+00  0.90553554549492E-13  0.24728228229521E+03 -0.66250927783948E+02  0.86219880952127E+02  0.11521327106439E+03  0.17477763566894E+06  0.00000000000000E+00  0.00000000000000E+00  0.23779002989330E+04  0.31243175614869E+04  0.15746932328904E+05  0.00000000000000E+00  0.00000000000000E+00  0.00000000000000E+00  0.00000000000000E+00  0.00000000000000E+00  0.00000000000000E+00  0.00000000000000E+00  0.00000000000000E+00  0.10572284904685E+06  0.00000000000000E+00  0.00000000000000E+00  0.00000000000000E+00  0.00000000000000E+00  0.00000000000000E+00  0.00000000000000E+00  0.00000000000000E+00
  -0.22183330293201E+06  0.70813786740879E+05 -0.11996029825934E+05 -0.52686539085740E+05  0.13432146776839E+05  0.77574339036412E+03 -0.52091253216416E+04 -0.11353009551079E+05  0.12666250939916E+04  0.11091834151520E+04 -0.99266584477393E+02  0.29990898462572E-10  0.19507490850011E-11 -0.24003517832446E-13  0.44166501408328E+03 -0.11678465168157E+03  0.16832176319735E+03  0.21337078408513E+03  0.76298985789952E+06  0.22584251211050E+03  0.22853030151811E+05 -0.49930851103275E+04 -0.15935782625244E+05 -0.84318268336206E+05  0.00000000000000E+00  0.00000000000000E+00  0.00000000000000E+00  0.00000000000000E+00  0.00000000000000E+00  0.00000000000000E+00  0.00000000000000E+00  0.00000000000000E+00  0.00000000000000E+00  0.13889368013384E+06  0.00000000000000E+00  0.00000000000000E+00  0.00000000000000E+00  0.00000000000000E+00  0.00000000000000E+00  0.00000000000000E+00
  -0.90272277200275E+04  0.24648450841539E+04 -0.46638865303612E+03 -0.25102166011171E+04  0.48977557415149E+03 -0.28209007075365E+03 -0.37926543779926E+03  0.53668499095469E+02 -0.11940322189156E+04  0.13576510940755E+03 -0.15572969197365E+02 -0.19071770639156E+01 -0.20076340838268E+00 -0.19130443872372E-02 -0.28286017033793E+04  0.43132976643686E+03 -0.27655281820920E+04 -0.17661940901595E+04  0.23619400430356E+05  0.00000000000000E+00  0.00000000000000E+00  0.00000000000000E+00  0.00000000000000E+00  0.00000000000000E+00  0.00000000000000E+00  0.00000000000000E+00  0.00000000000000E+00  0.00000000000000E+00  0.00000000000000E+00  0.00000000000000E+00  0.00000000000000E+00  0.00000000000000E+00  0.00000000000000E+00  0.00000000000000E+00  0.83076277338971E+04  0.00000000000000E+00  0.00000000000000E+00  0.00000000000000E+00  0.00000000000000E+00  0.00000000000000E+00
  -0.32038073620573E+04  0.78427080179889E+03 -0.16229360101648E+03 -0.98224775018874E+03  0.18159753960142E+03 -0.14045237243509E+03 -0.15932079965090E+03  0.15569930821824E+03 -0.66725307172180E+03  0.60759646185231E+02 -0.73802581986900E+01 -0.82242498447187E+00 -0.78195970664597E-01 -0.10519658674124E-02 -0.15060054960652E+04  0.21338482632472E+03 -0.14877753737925E+04 -0.91294895117462E+03  0.74675769555580E+04  0.00000000000000E+00  0.00000000000000E+00  0.00000000000000E+00  0.00000000000000E+00  0.00000000000000E+00  0.00000000000000E+00  0.00000000000000E+00  0.00000000000000E+00  0.00000000000000E+00  0.00000000000000E+00  0.00000000000000E+00  0.00000000000000E+00  0.00000000000000E+00  0.00000000000000E+00  0.00000000000000E+00  0.00000000000000E+00  0.42659406632843E+04  0.00000000000000E+00  0.00000000000000E+00  0.00000000000000E+00  0.00000000000000E+00
  -0.14142426519327E+05 -0.24053262852263E+04  0.96535567132196E+02 -0.94953439465443E+04  0.32552669546840E+03 -0.29768112110389E+04 -0.12471580899203E+04 -0.26101904600262E+06  0.11125237251623E+06  0.30775870654709E+04 -0.11600684228770E+04  0.30861460275857E+03  0.30855355325855E+02 -0.16391894414043E+01 -0.24214682346734E+04 -0.29324733944425E+03  0.14370352998618E+04  0.15025709154700E+04 -0.17878392458722E+05  0.00000000000000E+00  0.00000000000000E+00  0.00000000000000E+00  0.00000000000000E+00  0.00000000000000E+00  0.00000000000000E+00  0.00000000000000E+00  0.00000000000000E+00  0.00000000000000E+00  0.00000000000000E+00  0.00000000000000E+00  0.00000000000000E+00  0.00000000000000E+00  0.00000000000000E+00  0.00000000000000E+00  0.00000000000000E+00  0.00000000000000E+00  0.12349112742522E+06  0.00000000000000E+00  0.00000000000000E+00  0.00000000000000E+00
   0.16412748315741E+05 -0.22311678515939E+04  0.76468918412955E+03 -0.15636598681443E+05  0.24939693240893E+04 -0.33732158635653E+04 -0.31422552594619E+04 -0.86795725156272E+04  0.15974799626609E+04  0.44467905312047E+03 -0.70267895626256E+02  0.33533127809655E+03  0.75478389559832E+02  0.93341665869046E-04  0.17975093213194E+03 -0.32221376616168E+02  0.23506676309629E+03  0.16207540756271E+03  0.42000215916633E+05  0.10312344348604E+02 -0.41933745553902E+04  0.15540357757258E+04  0.38783138371968E+04  0.20653471757122E+05  0.00000000000000E+00  0.00000000000000E+00  0.00000000000000E+00  0.00000000000000E+00  0.00000000000000E+00  0.00000000000000E+00  0.00000000000000E+00  0.00000000000000E+00  0.00000000000000E+00  0.00000000000000E+00  0.00000000000000E+00  0.00000000000000E+00  0.00000000000000E+00  0.39191603198992E+05  0.00000000000000E+00  0.00000000000000E+00
  -0.69591130839301E+05  0.84987071959775E+04 -0.26856530744875E+04 -0.71948922303775E+04  0.82409658789365E+03 -0.18315641681468E+04 -0.11407116983896E+04 -0.13583207363172E+06  0.43893716006681E+05  0.27691797112124E+04 -0.83327482098102E+03 -0.29755348474048E+04 -0.21204228582401E+03 -0.36471851255625E+01 -0.83275005901511E+03  0.24028095279281E+03 -0.17384972708709E+04 -0.11872089681703E+04  0.19603012143763E+05  0.00000000000000E+00  0.00000000000000E+00 -0.44927566280741E+03 -0.23323060496351E+04  0.15913290948067E+04  0.00000000000000E+00  0.00000000000000E+00  0.00000000000000E+00  0.00000000000000E+00  0.00000000000000E+00  0.00000000000000E+00  0.00000000000000E+00  0.00000000000000E+00  0.00000000000000E+00  0.00000000000000E+00  0.00000000000000E+00  0.00000000000000E+00  0.00000000000000E+00  0.00000000000000E+00  0.94937333621361E+05  0.00000000000000E+00
  -0.54924860695715E+05  0.71284472441712E+04 -0.21816457147661E+04 -0.21292839004049E+05  0.25315646038278E+04 -0.52852991883091E+04 -0.34008364417804E+04 -0.16967473835545E+06  0.54274917745045E+05  0.35444147983645E+04 -0.10493942894359E+04 -0.64273839856880E-10  0.41769001613134E-11  0.10115653503848E-11 -0.93802816487388E+03  0.26918889216849E+03 -0.19298035138396E+04 -0.13189558607746E+04  0.60327426296479E+05 -0.25406894894881E+02  0.41364959351211E+04 -0.29586585389512E+04 -0.85887027505239E+04 -0.30965810062945E+05  0.00000000000000E+00  0.00000000000000E+00  0.00000000000000E+00  0.00000000000000E+00  0.00000000000000E+00  0.00000000000000E+00  0.00000000000000E+00  0.00000000000000E+00  0.00000000000000E+00  0.00000000000000E+00  0.00000000000000E+00  0.00000000000000E+00  0.00000000000000E+00  0.00000000000000E+00  0.00000000000000E+00  0.99596986110906E+05

 # Covariance matrix (Bevington epsilon)
