# fitpack15: fit parameters                                                                         
# CJ15 AV18 final data choices                                                                      
# Created on 01/23/2020 at 22:08:13                                                                 

 # QCD setup
  INS                           0
  NVL                          11
  IORD                          1
  Q02                   1.6899999999999999     
  IPARAMC                       7
  FLAVOR                4.0000000000000000     
  xmc                   1.3000000000000000     
  xmb                   4.5000000000000000     
  ncb                          12
  ihq                           1
  ias                           0

 # Theory corrections
  inuke                     10814
  itmc                          1
  iht                           1

 # fit parameters
 LAMBDA       0.22680        0.0000    
 a0uv          2.3719        0.0000    
 a1uv         0.61225       0.20143E-01
 a2uv          3.5450       0.12257E-01
 a3uv          0.0000        0.0000    
 a4uv          3.5411       0.44156    
 a5uv          0.0000        0.0000    
 a0dv          25.788        0.0000    
 a1dv          1.1684       0.33185E-01
 a2dv          6.6223       0.15762    
 a3dv         -3.5371       0.83664E-01
 a4dv          4.7287       0.14035    
 a5dv          0.0000        0.0000    
 a0ud         0.14683       0.50484E-02
 a1ud        -0.20752       0.37601E-02
 a2ud          8.3098       0.19026    
 a3ud          0.0000        0.0000    
 a4ud          14.655        1.2253    
 a5ud          0.0000        0.0000    
 a0du          35712.        0.0000    
 a1du          4.0293       0.76415E-01
 a2du          20.269       0.88862    
 a3du          17.000        0.0000    
 a4du          51.493        10.674    
 a0g           43.807        0.0000    
 a1g          0.59564       0.31179E-01
 a2g           6.5121        1.0330    
 a3g          -3.2528       0.13905    
 a4g           3.0862       0.32292    
 a5g           0.0000        0.0000    
 kappa        0.40000        0.0000    
 a6dv        -0.37979E-02   0.63956E-03
 a7dv          2.0000        0.0000    
 off1         -3.6331        1.5136    
 off2         0.57635E-01   0.58111E-01
 ht1          -3.2700       0.25565    
 ht2           1.9056       0.10334    
 ht3          -2.0642       0.18222E-01
 ht4           0.0000        0.0000    
 dummy40       0.0000        0.0000    
 dummy41       0.0000        0.0000    
 dummy42       0.0000        0.0000    
 dummy43       0.0000        0.0000    
 dummy44       0.0000        0.0000    
 dummy45       0.0000        0.0000    
 dummy46       0.0000        0.0000    
 dummy47       0.0000        0.0000    
 dummy48       0.0000        0.0000    
 dummy49       0.0000        0.0000    
 bcdmsh2      0.97388       0.48250E-02
 bcdmsd2      0.99375       0.58322E-02
 ccfr          1.0000        0.0000    
 nutev         1.0000        0.0000    
 zeus         0.97998        0.0000    
 h1            1.0162        0.0000    
 e605          1.0319        0.0000    
 NmcH2         1.0107       0.71303E-02
 ntv_nu        1.0000        0.0000    
 ntv_nubar     1.0000        0.0000    
 cdf_jet      0.98910        0.0000    
 d0_jet       0.83504        0.0000    
 slac_p        1.0055       0.48121E-02
 slac_d        1.0045       0.52741E-02
 e866pp       0.97291       0.19379E-01
 e866pd       0.96885       0.15887E-01
 d0_gamjet     1.0387       0.16479E-01
 h1b          0.97608        0.0000    
 jlab_p       0.99492       0.57920E-02
 jlab_d       0.97532       0.59008E-02
 blank         1.0000        0.0000    
 d0run2       0.93702       0.14075E-01
 cdfrun2      0.92318       0.17167E-01
 HERA_el       1.0000        0.0000    
 HERA_ps       1.0000        0.0000    
 CDF_Z        0.96722       0.65249E-02
 NmcRat        1.0000        0.0000    
 BNS_F2nd     0.98387       0.68882E-02
 HERMES_F2p   0.99889       0.55664E-02
 HERMES_F2d   0.98081       0.58210E-02
 END 0. 0.

 # Hessian matrix (Bevington alpha)
   0.49059121837968E+07 -0.12921466766521E+07  0.23108483413073E+06  0.48276814264951E+06 -0.12414906438018E+06 -0.27651522517579E+05  0.52747842415763E+05  0.91087951395752E+06 -0.17461660141429E+06 -0.48946768253645E+05  0.74219124232748E+04  0.15333326093769E+05  0.17253615238072E+04 -0.11056565102162E+03  0.75514415445973E+04 -0.18794258791719E+04  0.11041808016950E+05  0.77989906980775E+04 -0.77856149333060E+07 -0.13974993092394E+04 -0.20668677828788E+06  0.55465537710282E+05  0.17562414820123E+06  0.72326547847119E+06 -0.12698014243367E+06 -0.53948013699658E+05 -0.43915260754168E+04 -0.83785974006833E+06 -0.10867377744019E+07 -0.20465298528381E+05 -0.46170679749298E+05 -0.30864180069720E+04 -0.19852319408541E+06 -0.22487139120281E+06 -0.92280709768259E+04 -0.32701693842546E+04 -0.14925774730557E+05  0.16543472589226E+05 -0.70605605353625E+05 -0.55787640461340E+05
  -0.12921466766521E+07  0.41447877632375E+06 -0.62875909135097E+05 -0.13587711716669E+06  0.34459444530007E+05  0.10098597518140E+05 -0.11497149207620E+05 -0.12217042429628E+06  0.26399974180580E+05  0.75728691507277E+04 -0.94219738068671E+03 -0.12363325487015E+04 -0.14348320027149E+03  0.13335362972577E+02  0.59687545363674E+03 -0.42678529792199E+02  0.12261945947270E+03  0.66206669696531E+02  0.26696518884140E+07  0.56523513940420E+03  0.59038685099002E+05 -0.12092293658667E+05 -0.41973931796063E+05 -0.19955263603178E+06  0.16559328338750E+05  0.82022026106482E+04 -0.23811572821109E+03  0.20912181074572E+06  0.26386482087957E+06  0.57644058625478E+04  0.13158285087293E+05  0.42172143114714E+03  0.63439604610334E+05  0.71288312667571E+05  0.24974181594371E+04  0.79343937985665E+03 -0.23773733216200E+04 -0.22312493687752E+04  0.85422438423290E+04  0.71774114617156E+04
   0.23108483413073E+06 -0.62875909135097E+05  0.11002517207038E+05  0.22959682101096E+05 -0.59929682154888E+04 -0.15492845930628E+04  0.24228636404959E+04  0.31514211357169E+05 -0.58745951324907E+04 -0.19981675037791E+04  0.26091711588140E+03  0.47439016398423E+03  0.61838566074911E+02 -0.49469271656475E+01 -0.37956874344472E+03 -0.50465643754446E+00 -0.15518734274910E+03 -0.11965958204358E+02 -0.38267410697524E+06 -0.70711091994526E+02 -0.98902272599531E+04  0.25379871869806E+04  0.80538033166929E+04  0.34243141244491E+05 -0.54802014260196E+04 -0.23418757774895E+04  0.49485387368335E+02 -0.38485924405389E+05 -0.50096900282804E+05 -0.98460918057597E+03 -0.22312610697073E+04 -0.11772945657382E+03 -0.97784552893639E+04 -0.11044476786794E+05 -0.43525110088877E+03 -0.15166666681339E+03  0.50477135825084E+02  0.71547913010645E+03 -0.25380136001359E+04 -0.20607215681765E+04
   0.48276814264951E+06 -0.13587711716669E+06  0.22959682101096E+05  0.39472806656433E+06 -0.61761267991139E+05  0.74839552378230E+05  0.64301148136927E+05  0.34755502195470E+06 -0.25871393296958E+05 -0.18436082101324E+05  0.33676778444395E+04 -0.13425046164199E+04 -0.15357802268202E+03  0.57767581773818E+02  0.30203057490999E+05 -0.36091102412131E+04  0.26898448032921E+05  0.15039299618666E+05 -0.23129877377667E+07 -0.20922725435514E+03 -0.60284815265932E+05  0.19911013045504E+05  0.55411210565945E+05  0.23359041302275E+06 -0.12766231337250E+05 -0.21127637269523E+05 -0.57162340021918E+02 -0.65631399788207E+05 -0.34042403208091E+06 -0.14013854628326E+04 -0.24844436088165E+04 -0.74921866442426E+02 -0.11704433811434E+05 -0.52595465639499E+05 -0.25436654577141E+04 -0.99285687817573E+03 -0.93699198307464E+04 -0.15631692214762E+05 -0.71720575465419E+04 -0.21223018029263E+05
  -0.12414906438018E+06  0.34459444530007E+05 -0.59929682154888E+04 -0.61761267991139E+05  0.11422943765722E+05 -0.76259327354932E+04 -0.92469767275803E+04 -0.32506416932383E+05  0.40653889017804E+03  0.24065130080798E+04 -0.34227458910069E+03 -0.39408538078656E+02  0.45915770149452E+01 -0.51626699299141E+01 -0.25647821215894E+04  0.31144451693540E+03 -0.22349371315108E+04 -0.12668492459922E+04  0.49886432878927E+06  0.64676034609355E+02  0.12343481632431E+05 -0.36820302334287E+04 -0.10219222820083E+05 -0.45930729681126E+05  0.19932156247123E+04  0.33511265230345E+04 -0.56506619300731E+02  0.11775921908925E+05  0.62233077022029E+05  0.33038047416529E+03  0.56570692088961E+03  0.96458639067610E+01  0.29088786406896E+04  0.12869340214807E+05  0.48048402580491E+03  0.17876391956515E+03  0.33377107672119E+03  0.24813961734730E+04  0.81364970750485E+03  0.24983934109389E+04
  -0.27651522517579E+05  0.10098597518140E+05 -0.15492845930628E+04  0.74839552378230E+05 -0.76259327354932E+04  0.24726075251186E+05  0.14847579198668E+05  0.10660682516003E+06 -0.97709893954719E+04 -0.46450590543277E+04  0.10130807718396E+04 -0.71486901143600E+03 -0.69722497713544E+02  0.19821832341024E+02  0.92857438469274E+04 -0.11387383861571E+04  0.84353520417912E+04  0.47786989131836E+04 -0.53665679603378E+05  0.56477311086874E+02 -0.41036887700899E+04  0.24110780761173E+04  0.66265973362977E+04  0.19839849743075E+05 -0.27957058973616E+04 -0.42778006118143E+04  0.15720511188176E+03 -0.85705738748678E+04 -0.42298088513147E+05  0.84028312279215E+01 -0.16985046176344E+02 -0.19824389274476E+02  0.43821961778738E+03  0.15884880676299E+04 -0.26500079434163E+03 -0.13583198790692E+03 -0.30641531342326E+04 -0.33220263886468E+04 -0.18557966016184E+04 -0.53433492310979E+04
   0.52747842415763E+05 -0.11497149207620E+05  0.24228636404959E+04  0.64301148136927E+05 -0.92469767275803E+04  0.14847579198668E+05  0.11568943645953E+05  0.59163726963556E+05 -0.31624447352306E+04 -0.33236351257294E+04  0.59280765175758E+03 -0.21853359284355E+03 -0.27585530402366E+02  0.10397783844557E+02  0.47879718244467E+04 -0.59531850318856E+03  0.42485541857279E+04  0.24374719219115E+04 -0.25162860429536E+06  0.10203164349739E+01 -0.80659482399944E+04  0.30465741036349E+04  0.83051324194037E+04  0.31994140453954E+05 -0.24949389840703E+04 -0.39044183667635E+04  0.13856294207188E+03 -0.99362821391885E+04 -0.51886275578208E+05 -0.16346280135391E+03 -0.28093003903638E+03 -0.13962350337225E+02 -0.10080786377708E+04 -0.46977084802431E+04 -0.37294711245154E+03 -0.15796414881883E+03 -0.12870170998986E+04 -0.31434423381615E+04 -0.11509744076292E+04 -0.34253079123779E+04
   0.91087951395752E+06 -0.12217042429628E+06  0.31514211357169E+05  0.34755502195470E+06 -0.32506416932383E+05  0.10660682516003E+06  0.59163726963556E+05  0.49855938966180E+07 -0.23134181086884E+07 -0.86085743495167E+05  0.26013690126757E+05  0.27100787796670E+05  0.18054156422094E+04  0.10214444346091E+03  0.82680027372708E+05 -0.10394477251331E+05  0.84056271315662E+05  0.45363219019132E+05 -0.60317990356705E+06  0.37619187735667E+03 -0.27489808875505E+05  0.28441640976860E+05  0.89761646499810E+05  0.23950315179308E+06 -0.61159175802828E+05 -0.48981194633021E+05 -0.66868739212613E+05 -0.28257848170792E+06 -0.55987004234243E+06 -0.72130287461907E+05 -0.16142905782830E+06 -0.13547878435342E+04 -0.57479421277000E+04 -0.11301291606915E+05 -0.52509197510912E+02  0.11332814461236E+03 -0.26183073858972E+06 -0.85144937765605E+04 -0.13737736506578E+06 -0.17062765612776E+06
  -0.17461660141429E+06  0.26399974180580E+05 -0.58745951324907E+04 -0.25871393296958E+05  0.40653889017804E+03 -0.97709893954719E+04 -0.31624447352306E+04 -0.23134181086884E+07  0.19286007620946E+07  0.19193733784880E+05 -0.65602075257383E+04 -0.58567589663899E+04 -0.32106892292939E+03 -0.14164295754522E+02  0.49860863663771E+05 -0.22786746064835E+04  0.16626539351302E+05  0.80350794982513E+04 -0.27379579410345E+05 -0.92539041135209E+02  0.68994937470313E+03 -0.57806049902614E+04 -0.19414176428725E+05 -0.45918887894672E+05  0.11624037966331E+05  0.10939669170429E+05  0.24190535293440E+05  0.65974450423330E+05  0.12651256340803E+06  0.23042135910251E+05  0.51693380319679E+05  0.18768785773421E+03  0.61600755435533E+03  0.12476182882502E+04 -0.11651156629429E+04 -0.65613899427739E+03  0.11169842807222E+06  0.15656692381578E+04  0.44436200405414E+05  0.54660002163186E+05
  -0.48946768253645E+05  0.75728691507277E+04 -0.19981675037791E+04 -0.18436082101324E+05  0.24065130080798E+04 -0.46450590543277E+04 -0.33236351257294E+04 -0.86085743495167E+05  0.19193733784880E+05  0.26813157914421E+04 -0.64648152573978E+03 -0.69731272224911E+03 -0.60938857608087E+02 -0.19385450972580E+01 -0.39646400622319E+04  0.47417308810268E+03 -0.35664173483150E+04 -0.20066728803208E+04  0.60155184704063E+05 -0.89861840437262E+01  0.24451542850613E+04 -0.13001266745919E+04 -0.38054683538750E+04 -0.11916938006806E+05  0.27661984487826E+04  0.19113071081668E+04  0.72974684652488E+03  0.11039026362745E+05  0.23065423706488E+05  0.15264966734663E+04  0.33433175095821E+04  0.43816273058745E+02  0.58435015183781E+03  0.11098679964569E+04  0.13932406954591E+03  0.62180508959917E+02  0.30941907316077E+04  0.43799646475071E+03  0.28056077536620E+04  0.35683014146102E+04
   0.74219124232748E+04 -0.94219738068671E+03  0.26091711588140E+03  0.33676778444395E+04 -0.34227458910069E+03  0.10130807718396E+04  0.59280765175758E+03  0.26013690126757E+05 -0.65602075257383E+04 -0.64648152573978E+03  0.18175684077299E+03  0.20620402512908E+03  0.14883935593068E+02  0.74346782270925E+00  0.12586376839096E+04 -0.13696588761331E+03  0.10776799681502E+04  0.58476758189836E+03 -0.68101561205075E+04  0.27726966547526E+01 -0.28045201152644E+03  0.22174356311150E+03  0.68431291197760E+03  0.18998855216804E+04 -0.49005574245540E+03 -0.36873439090560E+03 -0.34144515327523E+03 -0.20879366517356E+04 -0.41895239189812E+04 -0.44100868614111E+03 -0.98681235750752E+03 -0.11306395169926E+02 -0.49968179120871E+02 -0.98039674467050E+02 -0.16103174264218E+02 -0.75814310847903E+01 -0.11583271032575E+04 -0.68364719346782E+02 -0.83747707074802E+03 -0.10481538960190E+04
   0.15333326093769E+05 -0.12363325487015E+04  0.47439016398423E+03 -0.13425046164199E+04 -0.39408538078656E+02 -0.71486901143600E+03 -0.21853359284355E+03  0.27100787796670E+05 -0.58567589663899E+04 -0.69731272224911E+03  0.20620402512908E+03  0.17841731394880E+04  0.11575961120106E+03 -0.99759316915731E+00  0.14608275339602E+04 -0.19860660369954E+03  0.15973552895132E+04  0.91024386924040E+03 -0.70372664554621E+04 -0.50420257627288E+01 -0.11908821165624E+03 -0.32953200081285E+01  0.16248626583828E+03 -0.87485919491064E+03 -0.11503633396871E+04  0.47745008536081E-10 -0.76061388287600E+03 -0.51344741224274E+04  0.25945123272094E-09 -0.24690650073819E+04 -0.71573894450188E+02 -0.82335396867274E+02 -0.20274025826019E+00  0.11126742050105E-09 -0.18304276198272E+01 -0.78846605520432E+00  0.29602437072426E+03  0.31200891216624E+03 -0.28302260038854E+04  0.38339751190871E-10
   0.17253615238072E+04 -0.14348320027149E+03  0.61838566074911E+02 -0.15357802268202E+03  0.45915770149452E+01 -0.69722497713544E+02 -0.27585530402366E+02  0.18054156422094E+04 -0.32106892292939E+03 -0.60938857608087E+02  0.14883935593068E+02  0.11575961120106E+03  0.10305360734667E+02 -0.17984411214723E+00  0.78033273732248E+02 -0.12871074112577E+02  0.95309458395601E+02  0.58747862114398E+02 -0.33321396126164E+03 -0.42990903988093E+00  0.61150814176453E+01  0.14846681959851E+01  0.20264302250107E+02 -0.89968518623457E+02 -0.16908944518893E+03 -0.10015967377705E-11 -0.29181684753278E+02 -0.60023944190528E+03  0.26879877132501E-10 -0.15293832127864E+03 -0.18792346980988E+02 -0.65737360490425E+01 -0.14598872467795E+00 -0.32889951878797E-12 -0.19128427983344E+00 -0.74551452511933E-01  0.29357561554856E+02  0.69789465658611E+02 -0.20170502349392E+03 -0.38475513751714E-11
  -0.11056565102162E+03  0.13335362972577E+02 -0.49469271656475E+01  0.57767581773818E+02 -0.51626699299141E+01  0.19821832341024E+02  0.10397783844557E+02  0.10214444346091E+03 -0.14164295754522E+02 -0.19385450972580E+01  0.74346782270925E+00 -0.99759316915731E+00 -0.17984411214723E+00  0.55370939893978E-01  0.15128985924419E+02 -0.11566018718128E+01  0.95412382986043E+01  0.45214870912623E+01 -0.86979607334633E+02  0.26639805694728E-01 -0.44975897148413E+01  0.55724919774456E+00  0.14230818170118E+01  0.73717637270609E+01  0.71551252957272E-01 -0.15600852828255E-12 -0.64255215167394E+01 -0.88968034912569E+00  0.28887217936844E-11 -0.36317336026603E+01 -0.23316192750993E-04 -0.15003478241735E+00  0.27906728289325E-12  0.12968250253559E-13 -0.18503815909498E-02 -0.10162307354586E-02 -0.16365426993312E+01  0.71526088912836E-04 -0.34524608936444E+01  0.30888424105642E-12
   0.75514415445973E+04  0.59687545363674E+03 -0.37956874344472E+03  0.30203057490999E+05 -0.25647821215894E+04  0.92857438469274E+04  0.47879718244467E+04  0.82680027372708E+05  0.49860863663771E+05 -0.39646400622319E+04  0.12586376839096E+04  0.14608275339602E+04  0.78033273732248E+02  0.15128985924419E+02  0.48307750061048E+05 -0.43622757197911E+04  0.34595631680531E+05  0.17985546113712E+05 -0.56864139974536E+05  0.19251488549906E+01  0.72604428443913E+03 -0.20348378304473E+03 -0.59181807649303E+03 -0.13727801999868E+04 -0.25158842730905E+04 -0.16603261499869E+04 -0.24351271216605E+04  0.19723337265322E+04  0.41575091461293E+04 -0.14972029544338E+04 -0.29223044457580E+04 -0.70977093385110E+03  0.22464158142753E+03  0.40228725309499E+03 -0.27759003399110E+04 -0.14835920889415E+04 -0.25767151741378E+04  0.17373944804540E+03 -0.79748524190151E+03 -0.89924704049032E+03
  -0.18794258791719E+04 -0.42678529792199E+02 -0.50465643754446E+00 -0.36091102412131E+04  0.31144451693540E+03 -0.11387383861571E+04 -0.59531850318856E+03 -0.10394477251331E+05 -0.22786746064835E+04  0.47417308810268E+03 -0.13696588761331E+03 -0.19860660369954E+03 -0.12871074112577E+02 -0.11566018718128E+01 -0.43622757197911E+04  0.46004612876819E+03 -0.36044789748926E+04 -0.19474192417138E+04  0.65782981425217E+04 -0.80772826253838E+00 -0.10565953989512E+03  0.20278630315990E+02  0.50504768400316E+02  0.14181582031239E+03  0.46013485562661E+03  0.28924340160621E+03  0.27700247658503E+03 -0.16081896452015E+03 -0.46498111460991E+03  0.15249623607992E+03  0.29665621799176E+03  0.76796339803963E+02 -0.60080182422359E+02 -0.10616859646515E+03  0.41594362142589E+03  0.20662887152370E+03 -0.26820517205030E+03 -0.31103454914581E+02  0.23132483140662E+03  0.25930550859959E+03
   0.11041808016950E+05  0.12261945947270E+03 -0.15518734274910E+03  0.26898448032921E+05 -0.22349371315108E+04  0.84353520417912E+04  0.42485541857279E+04  0.84056271315662E+05  0.16626539351302E+05 -0.35664173483150E+04  0.10776799681502E+04  0.15973552895132E+04  0.95309458395601E+02  0.95412382986043E+01  0.34595631680531E+05 -0.36044789748926E+04  0.28588848654651E+05  0.15330799605684E+05 -0.50686496638121E+05  0.12891155960458E+01  0.79343382283353E+03 -0.24417615822478E+03 -0.65583057661632E+03 -0.15050383205324E+04 -0.27063908150685E+04 -0.17371189876430E+04 -0.24225854365075E+04  0.20296609813650E+04  0.44239374445506E+04 -0.12455297846615E+04 -0.24405753057954E+04 -0.60584534470361E+03  0.95670083285828E+02  0.18434255414934E+03 -0.26876102648969E+04 -0.14373987047982E+04  0.13843212240044E+04  0.22764841362400E+03 -0.16722147952476E+04 -0.18592793679204E+04
   0.77989906980775E+04  0.66206669696531E+02 -0.11965958204358E+02  0.15039299618666E+05 -0.12668492459922E+04  0.47786989131836E+04  0.24374719219115E+04  0.45363219019132E+05  0.80350794982513E+04 -0.20066728803208E+04  0.58476758189836E+03  0.91024386924040E+03  0.58747862114398E+02  0.45214870912623E+01  0.17985546113712E+05 -0.19474192417138E+04  0.15330799605684E+05  0.83252936412944E+04 -0.28159810087815E+05  0.20339370321131E+01  0.47765938708344E+03 -0.12778952200726E+03 -0.31960375448441E+03 -0.78474866902512E+03 -0.18628619928456E+04 -0.11659358522455E+04 -0.12177325587725E+04  0.94411256540333E+03  0.24061893500059E+04 -0.63155620070307E+03 -0.12382796747138E+04 -0.33250903348897E+03  0.11587629795626E+03  0.21422745555049E+03 -0.17121110379418E+04 -0.88128293135247E+03  0.14394342068178E+04  0.15614017986535E+03 -0.11400011836119E+04 -0.12682984861942E+04
  -0.77856149333060E+07  0.26696518884140E+07 -0.38267410697524E+06 -0.23129877377667E+07  0.49886432878927E+06 -0.53665679603378E+05 -0.25162860429536E+06 -0.60317990356705E+06 -0.27379579410345E+05  0.60155184704063E+05 -0.68101561205075E+04 -0.70372664554621E+04 -0.33321396126164E+03 -0.86979607334633E+02 -0.56864139974536E+05  0.65782981425217E+04 -0.50686496638121E+05 -0.28159810087815E+05  0.35479740553951E+08  0.67437732481613E+04  0.68299407514045E+06 -0.16638014724375E+06 -0.50008681911139E+06 -0.25154117278742E+07  0.35231516761000E+05  0.78218124368346E+05 -0.12227870808434E+04  0.58462546868295E+06  0.28526211766912E+07  0.18149868211237E+05  0.32503768823493E+05  0.24402185737499E+03  0.19010873485285E+06  0.83153270661966E+06  0.25892742746199E+05  0.81786247184437E+04 -0.19605990518418E+05  0.45614075250573E+05  0.21360354374667E+05  0.65674830085260E+05
  -0.13974993092394E+04  0.56523513940420E+03 -0.70711091994526E+02 -0.20922725435514E+03  0.64676034609355E+02  0.56477311086874E+02  0.10203164349739E+01  0.37619187735667E+03 -0.92539041135209E+02 -0.89861840437262E+01  0.27726966547526E+01 -0.50420257627288E+01 -0.42990903988093E+00  0.26639805694728E-01  0.19251488549906E+01 -0.80772826253838E+00  0.12891155960458E+01  0.20339370321131E+01  0.67437732481613E+04  0.23737143150399E+01  0.13685715385363E+03 -0.26288372406022E+02 -0.80910952987392E+02 -0.48905167196994E+03  0.00000000000000E+00 -0.25992390103461E+02  0.00000000000000E+00  0.00000000000000E+00  0.40960985910285E+03  0.00000000000000E+00 -0.71692403265788E+01  0.00000000000000E+00  0.00000000000000E+00  0.21722290295465E+03  0.00000000000000E+00  0.00000000000000E+00  0.00000000000000E+00  0.11964910238572E+02  0.00000000000000E+00 -0.27176204442132E+02
  -0.20668677828788E+06  0.59038685099002E+05 -0.98902272599531E+04 -0.60284815265932E+05  0.12343481632431E+05 -0.41036887700899E+04 -0.80659482399944E+04 -0.27489808875505E+05  0.68994937470313E+03  0.24451542850613E+04 -0.28045201152644E+03 -0.11908821165624E+03  0.61150814176453E+01 -0.44975897148413E+01  0.72604428443913E+03 -0.10565953989512E+03  0.79343382283353E+03  0.47765938708344E+03  0.68299407514045E+06  0.13685715385363E+03  0.25071934697436E+05 -0.73670468764923E+04 -0.20269028726723E+05 -0.95214258055850E+05  0.00000000000000E+00  0.49309090257969E+04  0.00000000000000E+00  0.00000000000000E+00  0.11262093671772E+06  0.00000000000000E+00 -0.11188085415528E+04  0.00000000000000E+00  0.00000000000000E+00  0.22476691574305E+05  0.00000000000000E+00  0.00000000000000E+00  0.00000000000000E+00 -0.41041720336987E+04  0.00000000000000E+00  0.40495371730224E+04
   0.55465537710282E+05 -0.12092293658667E+05  0.25379871869806E+04  0.19911013045504E+05 -0.36820302334287E+04  0.24110780761173E+04  0.30465741036349E+04  0.28441640976860E+05 -0.57806049902614E+04 -0.13001266745919E+04  0.22174356311150E+03 -0.32953200081285E+01  0.14846681959851E+01  0.55724919774456E+00 -0.20348378304473E+03  0.20278630315990E+02 -0.24417615822478E+03 -0.12778952200726E+03 -0.16638014724375E+06 -0.26288372406022E+02 -0.73670468764923E+04  0.27138727338213E+04  0.72324283334934E+04  0.30981834457509E+05 -0.54000362700239E+02 -0.20571787505214E+04  0.17612304711693E+01  0.37922710362586E+03 -0.41175192670396E+05  0.00000000000000E+00 -0.15451361549178E+03  0.00000000000000E+00  0.22870284263403E+04 -0.46834196284928E+04  0.00000000000000E+00  0.00000000000000E+00  0.00000000000000E+00  0.14673634479893E+04 -0.41735634020042E+03 -0.27704279754067E+04
   0.17562414820123E+06 -0.41973931796063E+05  0.80538033166929E+04  0.55411210565945E+05 -0.10219222820083E+05  0.66265973362977E+04  0.83051324194037E+04  0.89761646499810E+05 -0.19414176428725E+05 -0.38054683538750E+04  0.68431291197760E+03  0.16248626583828E+03  0.20264302250107E+02  0.14230818170118E+01 -0.59181807649303E+03  0.50504768400316E+02 -0.65583057661632E+03 -0.31960375448441E+03 -0.50008681911139E+06 -0.80910952987392E+02 -0.20269028726723E+05  0.72324283334934E+04  0.19938563517511E+05  0.84126550402417E+05 -0.16802193497706E+03 -0.51315335997732E+04 -0.56734740285910E+02 -0.71602452100543E+04 -0.11365586694347E+06  0.00000000000000E+00 -0.38262821487375E+03  0.00000000000000E+00  0.31464114442772E+04 -0.14866026394646E+05  0.00000000000000E+00  0.00000000000000E+00  0.00000000000000E+00  0.36602898121841E+04 -0.22596478657603E+04 -0.81294188879849E+04
   0.72326547847119E+06 -0.19955263603178E+06  0.34243141244491E+05  0.23359041302275E+06 -0.45930729681126E+05  0.19839849743075E+05  0.31994140453954E+05  0.23950315179308E+06 -0.45918887894672E+05 -0.11916938006806E+05  0.18998855216804E+04 -0.87485919491064E+03 -0.89968518623457E+02  0.73717637270609E+01 -0.13727801999868E+04  0.14181582031239E+03 -0.15050383205324E+04 -0.78474866902512E+03 -0.25154117278742E+07 -0.48905167196994E+03 -0.95214258055850E+05  0.30981834457509E+05  0.84126550402417E+05  0.39194310167688E+06  0.25846613009863E+03 -0.26407289763591E+05 -0.70095550678177E+01  0.38282697851474E+05 -0.47185564374119E+06  0.00000000000000E+00 -0.20247281442736E+04  0.00000000000000E+00  0.16144609434007E+05 -0.78283001815923E+05  0.00000000000000E+00  0.00000000000000E+00  0.00000000000000E+00  0.19503007318421E+05  0.15993795510775E+04 -0.28928273880690E+05
  -0.12698014243367E+06  0.16559328338750E+05 -0.54802014260196E+04 -0.12766231337250E+05  0.19932156247123E+04 -0.27957058973616E+04 -0.24949389840703E+04 -0.61159175802828E+05  0.11624037966331E+05  0.27661984487826E+04 -0.49005574245540E+03 -0.11503633396871E+04 -0.16908944518893E+03  0.71551252957272E-01 -0.25158842730905E+04  0.46013485562661E+03 -0.27063908150685E+04 -0.18628619928456E+04  0.35231516761000E+05  0.00000000000000E+00  0.00000000000000E+00 -0.54000362700239E+02 -0.16802193497706E+03  0.25846613009863E+03  0.11606009266709E+06  0.00000000000000E+00  0.00000000000000E+00  0.00000000000000E+00  0.00000000000000E+00  0.00000000000000E+00  0.00000000000000E+00  0.00000000000000E+00  0.00000000000000E+00  0.00000000000000E+00  0.00000000000000E+00  0.00000000000000E+00  0.00000000000000E+00  0.00000000000000E+00  0.00000000000000E+00  0.00000000000000E+00
  -0.53948013699658E+05  0.82022026106482E+04 -0.23418757774895E+04 -0.21127637269523E+05  0.33511265230345E+04 -0.42778006118143E+04 -0.39044183667635E+04 -0.48981194633021E+05  0.10939669170429E+05  0.19113071081668E+04 -0.36873439090560E+03  0.47745008536081E-10 -0.10015967377705E-11 -0.15600852828255E-12 -0.16603261499869E+04  0.28924340160621E+03 -0.17371189876430E+04 -0.11659358522455E+04  0.78218124368346E+05 -0.25992390103461E+02  0.49309090257969E+04 -0.20571787505214E+04 -0.51315335997732E+04 -0.26407289763591E+05  0.00000000000000E+00  0.64503759129648E+05  0.00000000000000E+00  0.00000000000000E+00  0.00000000000000E+00  0.00000000000000E+00  0.00000000000000E+00  0.00000000000000E+00  0.00000000000000E+00  0.00000000000000E+00  0.00000000000000E+00  0.00000000000000E+00  0.00000000000000E+00  0.00000000000000E+00  0.00000000000000E+00  0.00000000000000E+00
  -0.43915260754168E+04 -0.23811572821109E+03  0.49485387368335E+02 -0.57162340021918E+02 -0.56506619300731E+02  0.15720511188176E+03  0.13856294207188E+03 -0.66868739212613E+05  0.24190535293440E+05  0.72974684652488E+03 -0.34144515327523E+03 -0.76061388287600E+03 -0.29181684753278E+02 -0.64255215167394E+01 -0.24351271216605E+04  0.27700247658503E+03 -0.24225854365075E+04 -0.12177325587725E+04 -0.12227870808434E+04  0.00000000000000E+00  0.00000000000000E+00  0.17612304711693E+01 -0.56734740285910E+02 -0.70095550678177E+01  0.00000000000000E+00  0.00000000000000E+00  0.30589184382271E+05  0.00000000000000E+00  0.00000000000000E+00  0.00000000000000E+00  0.00000000000000E+00  0.00000000000000E+00  0.00000000000000E+00  0.00000000000000E+00  0.00000000000000E+00  0.00000000000000E+00  0.00000000000000E+00  0.00000000000000E+00  0.00000000000000E+00  0.00000000000000E+00
  -0.83785974006833E+06  0.20912181074572E+06 -0.38485924405389E+05 -0.65631399788207E+05  0.11775921908925E+05 -0.85705738748678E+04 -0.99362821391885E+04 -0.28257848170792E+06  0.65974450423330E+05  0.11039026362745E+05 -0.20879366517356E+04 -0.51344741224274E+04 -0.60023944190528E+03 -0.88968034912569E+00  0.19723337265322E+04 -0.16081896452015E+03  0.20296609813650E+04  0.94411256540333E+03  0.58462546868295E+06  0.00000000000000E+00  0.00000000000000E+00  0.37922710362586E+03 -0.71602452100543E+04  0.38282697851474E+05  0.00000000000000E+00  0.00000000000000E+00  0.00000000000000E+00  0.57667745578524E+06  0.00000000000000E+00  0.00000000000000E+00  0.00000000000000E+00  0.00000000000000E+00  0.00000000000000E+00  0.00000000000000E+00  0.00000000000000E+00  0.00000000000000E+00  0.00000000000000E+00  0.00000000000000E+00  0.00000000000000E+00  0.00000000000000E+00
  -0.10867377744019E+07  0.26386482087957E+06 -0.50096900282804E+05 -0.34042403208091E+06  0.62233077022029E+05 -0.42298088513147E+05 -0.51886275578208E+05 -0.55987004234243E+06  0.12651256340803E+06  0.23065423706488E+05 -0.41895239189812E+04  0.25945123272094E-09  0.26879877132501E-10  0.28887217936844E-11  0.41575091461293E+04 -0.46498111460991E+03  0.44239374445506E+04  0.24061893500059E+04  0.28526211766912E+07  0.40960985910285E+03  0.11262093671772E+06 -0.41175192670396E+05 -0.11365586694347E+06 -0.47185564374119E+06  0.00000000000000E+00  0.00000000000000E+00  0.00000000000000E+00  0.00000000000000E+00  0.91706026195715E+06  0.00000000000000E+00  0.00000000000000E+00  0.00000000000000E+00  0.00000000000000E+00  0.00000000000000E+00  0.00000000000000E+00  0.00000000000000E+00  0.00000000000000E+00  0.00000000000000E+00  0.00000000000000E+00  0.00000000000000E+00
  -0.20465298528381E+05  0.57644058625478E+04 -0.98460918057597E+03 -0.14013854628326E+04  0.33038047416529E+03  0.84028312279215E+01 -0.16346280135391E+03 -0.72130287461907E+05  0.23042135910251E+05  0.15264966734663E+04 -0.44100868614111E+03 -0.24690650073819E+04 -0.15293832127864E+03 -0.36317336026603E+01 -0.14972029544338E+04  0.15249623607992E+03 -0.12455297846615E+04 -0.63155620070307E+03  0.18149868211237E+05  0.00000000000000E+00  0.00000000000000E+00  0.00000000000000E+00  0.00000000000000E+00  0.00000000000000E+00  0.00000000000000E+00  0.00000000000000E+00  0.00000000000000E+00  0.00000000000000E+00  0.00000000000000E+00  0.14554530880087E+05  0.00000000000000E+00  0.00000000000000E+00  0.00000000000000E+00  0.00000000000000E+00  0.00000000000000E+00  0.00000000000000E+00  0.00000000000000E+00  0.00000000000000E+00  0.00000000000000E+00  0.00000000000000E+00
  -0.46170679749298E+05  0.13158285087293E+05 -0.22312610697073E+04 -0.24844436088165E+04  0.56570692088961E+03 -0.16985046176344E+02 -0.28093003903638E+03 -0.16142905782830E+06  0.51693380319679E+05  0.33433175095821E+04 -0.98681235750752E+03 -0.71573894450188E+02 -0.18792346980988E+02 -0.23316192750993E-04 -0.29223044457580E+04  0.29665621799176E+03 -0.24405753057954E+04 -0.12382796747138E+04  0.32503768823493E+05 -0.71692403265788E+01 -0.11188085415528E+04 -0.15451361549178E+03 -0.38262821487375E+03 -0.20247281442736E+04  0.00000000000000E+00  0.00000000000000E+00  0.00000000000000E+00  0.00000000000000E+00  0.00000000000000E+00  0.00000000000000E+00  0.31457181180112E+05  0.00000000000000E+00  0.00000000000000E+00  0.00000000000000E+00  0.00000000000000E+00  0.00000000000000E+00  0.00000000000000E+00  0.00000000000000E+00  0.00000000000000E+00  0.00000000000000E+00
  -0.30864180069720E+04  0.42172143114714E+03 -0.11772945657382E+03 -0.74921866442426E+02  0.96458639067610E+01 -0.19824389274476E+02 -0.13962350337225E+02 -0.13547878435342E+04  0.18768785773421E+03  0.43816273058745E+02 -0.11306395169926E+02 -0.82335396867274E+02 -0.65737360490425E+01 -0.15003478241735E+00 -0.70977093385110E+03  0.76796339803963E+02 -0.60584534470361E+03 -0.33250903348897E+03  0.24402185737499E+03  0.00000000000000E+00  0.00000000000000E+00  0.00000000000000E+00  0.00000000000000E+00  0.00000000000000E+00  0.00000000000000E+00  0.00000000000000E+00  0.00000000000000E+00  0.00000000000000E+00  0.00000000000000E+00  0.00000000000000E+00  0.00000000000000E+00  0.37875278572817E+04  0.00000000000000E+00  0.00000000000000E+00  0.00000000000000E+00  0.00000000000000E+00  0.00000000000000E+00  0.00000000000000E+00  0.00000000000000E+00  0.00000000000000E+00
  -0.19852319408541E+06  0.63439604610334E+05 -0.97784552893639E+04 -0.11704433811434E+05  0.29088786406896E+04  0.43821961778738E+03 -0.10080786377708E+04 -0.57479421277000E+04  0.61600755435533E+03  0.58435015183781E+03 -0.49968179120871E+02 -0.20274025826019E+00 -0.14598872467795E+00  0.27906728289325E-12  0.22464158142753E+03 -0.60080182422359E+02  0.95670083285828E+02  0.11587629795626E+03  0.19010873485285E+06  0.00000000000000E+00  0.00000000000000E+00  0.22870284263403E+04  0.31464114442772E+04  0.16144609434007E+05  0.00000000000000E+00  0.00000000000000E+00  0.00000000000000E+00  0.00000000000000E+00  0.00000000000000E+00  0.00000000000000E+00  0.00000000000000E+00  0.00000000000000E+00  0.10541274524781E+06  0.00000000000000E+00  0.00000000000000E+00  0.00000000000000E+00  0.00000000000000E+00  0.00000000000000E+00  0.00000000000000E+00  0.00000000000000E+00
  -0.22487139120281E+06  0.71288312667571E+05 -0.11044476786794E+05 -0.52595465639499E+05  0.12869340214807E+05  0.15884880676299E+04 -0.46977084802431E+04 -0.11301291606915E+05  0.12476182882502E+04  0.11098679964569E+04 -0.98039674467050E+02  0.11126742050105E-09 -0.32889951878797E-12  0.12968250253559E-13  0.40228725309499E+03 -0.10616859646515E+03  0.18434255414934E+03  0.21422745555049E+03  0.83153270661966E+06  0.21722290295465E+03  0.22476691574305E+05 -0.46834196284928E+04 -0.14866026394646E+05 -0.78283001815923E+05  0.00000000000000E+00  0.00000000000000E+00  0.00000000000000E+00  0.00000000000000E+00  0.00000000000000E+00  0.00000000000000E+00  0.00000000000000E+00  0.00000000000000E+00  0.00000000000000E+00  0.13876890936661E+06  0.00000000000000E+00  0.00000000000000E+00  0.00000000000000E+00  0.00000000000000E+00  0.00000000000000E+00  0.00000000000000E+00
  -0.92280709768259E+04  0.24974181594371E+04 -0.43525110088877E+03 -0.25436654577141E+04  0.48048402580491E+03 -0.26500079434163E+03 -0.37294711245154E+03 -0.52509197510912E+02 -0.11651156629429E+04  0.13932406954591E+03 -0.16103174264218E+02 -0.18304276198272E+01 -0.19128427983344E+00 -0.18503815909498E-02 -0.27759003399110E+04  0.41594362142589E+03 -0.26876102648969E+04 -0.17121110379418E+04  0.25892742746199E+05  0.00000000000000E+00  0.00000000000000E+00  0.00000000000000E+00  0.00000000000000E+00  0.00000000000000E+00  0.00000000000000E+00  0.00000000000000E+00  0.00000000000000E+00  0.00000000000000E+00  0.00000000000000E+00  0.00000000000000E+00  0.00000000000000E+00  0.00000000000000E+00  0.00000000000000E+00  0.00000000000000E+00  0.83722110828056E+04  0.00000000000000E+00  0.00000000000000E+00  0.00000000000000E+00  0.00000000000000E+00  0.00000000000000E+00
  -0.32701693842546E+04  0.79343937985665E+03 -0.15166666681339E+03 -0.99285687817573E+03  0.17876391956515E+03 -0.13583198790692E+03 -0.15796414881883E+03  0.11332814461236E+03 -0.65613899427739E+03  0.62180508959917E+02 -0.75814310847903E+01 -0.78846605520432E+00 -0.74551452511933E-01 -0.10162307354586E-02 -0.14835920889415E+04  0.20662887152370E+03 -0.14373987047982E+04 -0.88128293135247E+03  0.81786247184437E+04  0.00000000000000E+00  0.00000000000000E+00  0.00000000000000E+00  0.00000000000000E+00  0.00000000000000E+00  0.00000000000000E+00  0.00000000000000E+00  0.00000000000000E+00  0.00000000000000E+00  0.00000000000000E+00  0.00000000000000E+00  0.00000000000000E+00  0.00000000000000E+00  0.00000000000000E+00  0.00000000000000E+00  0.00000000000000E+00  0.42891569793694E+04  0.00000000000000E+00  0.00000000000000E+00  0.00000000000000E+00  0.00000000000000E+00
  -0.14925774730557E+05 -0.23773733216200E+04  0.50477135825084E+02 -0.93699198307464E+04  0.33377107672119E+03 -0.30641531342326E+04 -0.12870170998986E+04 -0.26183073858972E+06  0.11169842807222E+06  0.30941907316077E+04 -0.11583271032575E+04  0.29602437072426E+03  0.29357561554856E+02 -0.16365426993312E+01 -0.25767151741378E+04 -0.26820517205030E+03  0.13843212240044E+04  0.14394342068178E+04 -0.19605990518418E+05  0.00000000000000E+00  0.00000000000000E+00  0.00000000000000E+00  0.00000000000000E+00  0.00000000000000E+00  0.00000000000000E+00  0.00000000000000E+00  0.00000000000000E+00  0.00000000000000E+00  0.00000000000000E+00  0.00000000000000E+00  0.00000000000000E+00  0.00000000000000E+00  0.00000000000000E+00  0.00000000000000E+00  0.00000000000000E+00  0.00000000000000E+00  0.12347176398564E+06  0.00000000000000E+00  0.00000000000000E+00  0.00000000000000E+00
   0.16543472589226E+05 -0.22312493687752E+04  0.71547913010645E+03 -0.15631692214762E+05  0.24813961734730E+04 -0.33220263886468E+04 -0.31434423381615E+04 -0.85144937765605E+04  0.15656692381578E+04  0.43799646475071E+03 -0.68364719346782E+02  0.31200891216624E+03  0.69789465658611E+02  0.71526088912836E-04  0.17373944804540E+03 -0.31103454914581E+02  0.22764841362400E+03  0.15614017986535E+03  0.45614075250573E+05  0.11964910238572E+02 -0.41041720336987E+04  0.14673634479893E+04  0.36602898121841E+04  0.19503007318421E+05  0.00000000000000E+00  0.00000000000000E+00  0.00000000000000E+00  0.00000000000000E+00  0.00000000000000E+00  0.00000000000000E+00  0.00000000000000E+00  0.00000000000000E+00  0.00000000000000E+00  0.00000000000000E+00  0.00000000000000E+00  0.00000000000000E+00  0.00000000000000E+00  0.39200546345097E+05  0.00000000000000E+00  0.00000000000000E+00
  -0.70605605353625E+05  0.85422438423290E+04 -0.25380136001359E+04 -0.71720575465419E+04  0.81364970750485E+03 -0.18557966016184E+04 -0.11509744076292E+04 -0.13737736506578E+06  0.44436200405414E+05  0.28056077536620E+04 -0.83747707074802E+03 -0.28302260038854E+04 -0.20170502349392E+03 -0.34524608936444E+01 -0.79748524190151E+03  0.23132483140662E+03 -0.16722147952476E+04 -0.11400011836119E+04  0.21360354374667E+05  0.00000000000000E+00  0.00000000000000E+00 -0.41735634020042E+03 -0.22596478657603E+04  0.15993795510775E+04  0.00000000000000E+00  0.00000000000000E+00  0.00000000000000E+00  0.00000000000000E+00  0.00000000000000E+00  0.00000000000000E+00  0.00000000000000E+00  0.00000000000000E+00  0.00000000000000E+00  0.00000000000000E+00  0.00000000000000E+00  0.00000000000000E+00  0.00000000000000E+00  0.00000000000000E+00  0.94797755705991E+05  0.00000000000000E+00
  -0.55787640461340E+05  0.71774114617156E+04 -0.20607215681765E+04 -0.21223018029263E+05  0.24983934109389E+04 -0.53433492310979E+04 -0.34253079123779E+04 -0.17062765612776E+06  0.54660002163186E+05  0.35683014146102E+04 -0.10481538960190E+04  0.38339751190871E-10 -0.38475513751714E-11  0.30888424105642E-12 -0.89924704049032E+03  0.25930550859959E+03 -0.18592793679204E+04 -0.12682984861942E+04  0.65674830085260E+05 -0.27176204442132E+02  0.40495371730224E+04 -0.27704279754067E+04 -0.81294188879849E+04 -0.28928273880690E+05  0.00000000000000E+00  0.00000000000000E+00  0.00000000000000E+00  0.00000000000000E+00  0.00000000000000E+00  0.00000000000000E+00  0.00000000000000E+00  0.00000000000000E+00  0.00000000000000E+00  0.00000000000000E+00  0.00000000000000E+00  0.00000000000000E+00  0.00000000000000E+00  0.00000000000000E+00  0.00000000000000E+00  0.99505032835176E+05

 # Covariance matrix (Bevington epsilon)
