 Correlated errors added in quadrature with statistical errors
 jl00106F2p           DIS data with   1.69< Q2 < 0.500D+03 and 0.000 < xB < 1.000 and   3.00< W2 < 0.100D+04 and 0.000 < y < 1.000
   GP TMC applied
   HT corrections, multiplicative C=C(xB)
 Correlated errors added in quadrature with statistical errors
 jl00106F2d           DIS data with   1.69< Q2 < 0.500D+03 and 0.000 < xB < 1.000 and   3.00< W2 < 0.100D+04 and 0.000 < y < 1.000
   WBArel smearing  (AV18) - KP-like (baryon conserv.)0 nuke corrections
   GP TMC applied
   HT corrections, multiplicative C=C(xB)
 Correlated errors added in quadrature with statistical errors
 HerF2pCut            DIS data with   1.69< Q2 < 0.500D+03 and 0.000 < xB < 1.000 and   3.00< W2 < 0.100D+04 and 0.000 < y < 1.000
   GP TMC applied
   HT corrections, multiplicative C=C(xB)
 Correlated errors added in quadrature with statistical errors
 HerF2dCut            DIS data with   1.69< Q2 < 0.500D+03 and 0.000 < xB < 1.000 and   3.00< W2 < 0.100D+04 and 0.000 < y < 1.000
   WBArel smearing  (AV18) - KP-like (baryon conserv.)0 nuke corrections
   GP TMC applied
   HT corrections, multiplicative C=C(xB)
 Correlated errors added in quadrature with statistical errors
 slac_p               DIS data with   1.69< Q2 < 0.500D+03 and 0.000 < xB < 1.000 and   3.00< W2 < 0.100D+04 and 0.000 < y < 1.000
   GP TMC applied
   HT corrections, multiplicative C=C(xB)
 Correlated errors added in quadrature with statistical errors
 slac_d               DIS data with   1.69< Q2 < 0.500D+03 and 0.000 < xB < 1.000 and   3.00< W2 < 0.100D+04 and 0.000 < y < 1.000
   WBArel smearing  (AV18) - KP-like (baryon conserv.)0 nuke corrections
   GP TMC applied
   HT corrections, multiplicative C=C(xB)
 Correlated errors treated separately from statistical errors
 BcdF2pCor            DIS data with   1.69< Q2 < 0.500D+03 and 0.000 < xB < 1.000 and   3.00< W2 < 0.100D+04 and 0.000 < y < 1.000
   GP TMC applied
   HT corrections, multiplicative C=C(xB)
 Correlated errors treated separately from statistical errors
 BcdF2dCor            DIS data with   1.69< Q2 < 0.500D+03 and 0.000 < xB < 1.000 and   3.00< W2 < 0.100D+04 and 0.000 < y < 1.000
   WBArel smearing  (AV18) - KP-like (baryon conserv.)0 nuke corrections
   GP TMC applied
   HT corrections, multiplicative C=C(xB)
 Correlated errors treated separately from statistical errors
 NmcF2pCor            DIS data with   1.69< Q2 < 0.500D+03 and 0.000 < xB < 1.000 and   3.00< W2 < 0.100D+04 and 0.000 < y < 1.000
   GP TMC applied
   HT corrections, multiplicative C=C(xB)
 Correlated errors treated separately from statistical errors
 NmcRatCor            DIS data with   1.69< Q2 < 0.500D+03 and 0.000 < xB < 1.000 and   3.00< W2 < 0.100D+04 and 0.000 < y < 1.000
   WBArel smearing  (AV18) - KP-like (baryon conserv.)0 nuke corrections
   GP TMC applied
   HT corrections, multiplicative C=C(xB)
 Correlated errors treated separately from statistical errors
 H2_NC_em             DIS data with   1.69< Q2 < 0.100D+06 and 0.000 < xB < 1.000 and   3.00< W2 < 0.100D+08 and 0.000 < y < 1.000
   GP TMC applied
   HT corrections, multiplicative C=C(xB)
 Correlated errors treated separately from statistical errors
 H2_NC_ep_1           DIS data with   1.69< Q2 < 0.100D+06 and 0.000 < xB < 1.000 and   3.00< W2 < 0.100D+08 and 0.000 < y < 1.000
   GP TMC applied
   HT corrections, multiplicative C=C(xB)
 Correlated errors treated separately from statistical errors
 H2_NC_ep_2           DIS data with   1.69< Q2 < 0.100D+06 and 0.000 < xB < 1.000 and   3.00< W2 < 0.100D+08 and 0.000 < y < 1.000
   GP TMC applied
   HT corrections, multiplicative C=C(xB)
 Correlated errors treated separately from statistical errors
 H2_NC_ep_3           DIS data with   1.69< Q2 < 0.100D+06 and 0.000 < xB < 1.000 and   3.00< W2 < 0.100D+08 and 0.000 < y < 1.000
   GP TMC applied
   HT corrections, multiplicative C=C(xB)
 Correlated errors treated separately from statistical errors
 H2_NC_ep_4           DIS data with   1.69< Q2 < 0.100D+06 and 0.000 < xB < 1.000 and   3.00< W2 < 0.100D+08 and 0.000 < y < 1.000
   GP TMC applied
   HT corrections, multiplicative C=C(xB)
 Correlated errors treated separately from statistical errors
 H2_CC_em             DIS data with   1.69< Q2 < 0.100D+06 and 0.000 < xB < 1.000 and   3.00< W2 < 0.100D+08 and 0.000 < y < 1.000
   GP TMC applied
   HT corrections, multiplicative C=C(xB)
 Correlated errors treated separately from statistical errors
 H2_CC_ep             DIS data with   1.69< Q2 < 0.100D+06 and 0.000 < xB < 1.000 and   3.00< W2 < 0.100D+08 and 0.000 < y < 1.000
   GP TMC applied
   HT corrections, multiplicative C=C(xB)
 Correlated errors added in quadrature with statistical errors
 BNS_F2nd             DIS data with   1.69< Q2 < 0.100D+06 and 0.000 < xB < 1.000 and   3.00< W2 < 0.100D+08 and 0.000 < y < 1.000
   WBArel smearing  (AV18) - KP-like (baryon conserv.)0 nuke corrections
   GP TMC applied
   HT corrections, multiplicative C=C(xB)
 Correlated errors added in quadrature with statistical errors
 e866pp06xf           vector boson data with Q2 >=  36.00
 Correlated errors added in quadrature with statistical errors
 e866pd06xf           vector boson data with Q2 >=  36.00
 Correlated errors added in quadrature with statistical errors
 cdfLasy05            vector boson data with Q2 >=   0.00
 Correlated errors added in quadrature with statistical errors
 d0Lasy_e15           vector boson data with Q2 >=   0.00
 Correlated errors added in quadrature with statistical errors
 d0Lasy13             vector boson data with Q2 >=   0.00
 Correlated errors added in quadrature with statistical errors
 CDF_Wasy             vector boson data with Q2 >=   0.00
 Correlated errors added in quadrature with statistical errors
 D0_Wasy              vector boson data with Q2 >=   0.00
 Correlated errors added in quadrature with statistical errors
 CDF_Z                vector boson data with Q2 >=   0.00
 Correlated errors added in quadrature with statistical errors
 D0_Z                 vector boson data with Q2 >=   0.00
 Correlated errors added in quadrature with statistical errors
 d0run2cone          Jet data - errors added in quadrature
 Correlated errors added in quadrature with statistical errors
 CDFrun2jet          Jet data - errors added in quadrature
 Correlated errors added in quadrature with statistical errors
 d0_gamjet1           Photon data -- cuts to be written yet ...
 Correlated errors added in quadrature with statistical errors
 d0_gamjet2           Photon data -- cuts to be written yet ...
 Correlated errors added in quadrature with statistical errors
 d0_gamjet3           Photon data -- cuts to be written yet ...
 Correlated errors added in quadrature with statistical errors
 d0_gamjet4           Photon data -- cuts to be written yet ...

# fitpack15: fit output
# CJ15 AV18 final data choices                                                 

Parametrization   7 used here

 S-ACOT scheme used  for NC DIS

 charm mass =     1.30 GeV     bottom mass =     4.50 GeV



 THIS IS A NEXT TO LEADING ORDER FIT

 Q02=    1.69
         1  LAMBDA      VALUE=   0.22680      WEIGHT=    0.0000    
         2  a0uv        VALUE=    2.4122      WEIGHT=    0.0000    
         3  a1uv        VALUE=   0.61608      WEIGHT=   0.19856E-01
         4  a2uv        VALUE=    3.5455      WEIGHT=   0.12414E-01
         5  a3uv        VALUE=    0.0000      WEIGHT=    0.0000    
         6  a4uv        VALUE=    3.4607      WEIGHT=   0.42903    
         7  a5uv        VALUE=    0.0000      WEIGHT=    0.0000    
         8  a0dv        VALUE=    24.024      WEIGHT=    0.0000    
         9  a1dv        VALUE=    1.1544      WEIGHT=   0.33533E-01
        10  a2dv        VALUE=    6.5597      WEIGHT=   0.15936    
        11  a3dv        VALUE=   -3.4850      WEIGHT=   0.86332E-01
        12  a4dv        VALUE=    4.6828      WEIGHT=   0.14209    
        13  a5dv        VALUE=    0.0000      WEIGHT=    0.0000    
        14  a0ud        VALUE=   0.14621      WEIGHT=   0.50348E-02
        15  a1ud        VALUE=  -0.20835      WEIGHT=   0.37551E-02
        16  a2ud        VALUE=    8.3276      WEIGHT=   0.19114    
        17  a3ud        VALUE=    0.0000      WEIGHT=    0.0000    
        18  a4ud        VALUE=    14.606      WEIGHT=    1.2151    
        19  a5ud        VALUE=    0.0000      WEIGHT=    0.0000    
        20  a0du        VALUE=    35712.      WEIGHT=    0.0000    
        21  a1du        VALUE=    4.0189      WEIGHT=   0.74070E-01
        22  a2du        VALUE=    20.154      WEIGHT=   0.87862    
        23  a3du        VALUE=    17.000      WEIGHT=    0.0000    
        24  a4du        VALUE=    51.156      WEIGHT=    10.239    
        25  a0g         VALUE=    48.344      WEIGHT=    0.0000    
        26  a1g         VALUE=   0.61703      WEIGHT=   0.31164E-01
        27  a2g         VALUE=    6.4825      WEIGHT=   0.96748    
        28  a3g         VALUE=   -3.3187      WEIGHT=   0.13418    
        29  a4g         VALUE=    3.1633      WEIGHT=   0.31376    
        30  a5g         VALUE=    0.0000      WEIGHT=    0.0000    
        31  kappa       VALUE=   0.40000      WEIGHT=    0.0000    
        32  a6dv        VALUE=  -0.40188E-02  WEIGHT=   0.66324E-03
        33  a7dv        VALUE=    2.0000      WEIGHT=    0.0000    
        34  off1        VALUE=   -3.6735      WEIGHT=    1.5278    
        35  off2        VALUE=   0.56359E-01  WEIGHT=   0.14842E-01
        36  ht1         VALUE=   -3.2857      WEIGHT=   0.26061    
        37  ht2         VALUE=    1.9356      WEIGHT=   0.10524    
        38  ht3         VALUE=   -2.0737      WEIGHT=   0.19888E-01
        39  ht4         VALUE=    0.0000      WEIGHT=    0.0000    
        40  dummy40     VALUE=    0.0000      WEIGHT=    0.0000    
        41  dummy41     VALUE=    0.0000      WEIGHT=    0.0000    
        42  dummy42     VALUE=    0.0000      WEIGHT=    0.0000    
        43  dummy43     VALUE=    0.0000      WEIGHT=    0.0000    
        44  dummy44     VALUE=    0.0000      WEIGHT=    0.0000    
        45  dummy45     VALUE=    0.0000      WEIGHT=    0.0000    
        46  dummy46     VALUE=    0.0000      WEIGHT=    0.0000    
        47  dummy47     VALUE=    0.0000      WEIGHT=    0.0000    
        48  dummy48     VALUE=    0.0000      WEIGHT=    0.0000    
        49  dummy49     VALUE=    0.0000      WEIGHT=    0.0000    
        50  bcdmsh2     VALUE=   0.97307      WEIGHT=   0.48289E-02
        51  bcdmsd2     VALUE=   0.99317      WEIGHT=   0.58269E-02
        52  ccfr        VALUE=    1.0000      WEIGHT=    0.0000    
        53  nutev       VALUE=    1.0000      WEIGHT=    0.0000    
        54  zeus        VALUE=   0.97998      WEIGHT=    0.0000    
        55  h1          VALUE=    1.0162      WEIGHT=    0.0000    
        56  e605        VALUE=    1.0319      WEIGHT=    0.0000    
        57  NmcH2       VALUE=    1.0095      WEIGHT=   0.71247E-02
        58  ntv_nu      VALUE=    1.0000      WEIGHT=    0.0000    
        59  ntv_nubar   VALUE=    1.0000      WEIGHT=    0.0000    
        60  cdf_jet     VALUE=   0.98910      WEIGHT=    0.0000    
        61  d0_jet      VALUE=   0.83504      WEIGHT=    0.0000    
        62  slac_p      VALUE=    1.0049      WEIGHT=   0.48124E-02
        63  slac_d      VALUE=    1.0042      WEIGHT=   0.52781E-02
        64  e866pp      VALUE=   0.96586      WEIGHT=   0.19263E-01
        65  e866pd      VALUE=   0.96369      WEIGHT=   0.15783E-01
        66  d0_gamjet   VALUE=    1.0389      WEIGHT=   0.16474E-01
        67  h1b         VALUE=   0.97608      WEIGHT=    0.0000    
        68  jlab_p      VALUE=   0.99446      WEIGHT=   0.57943E-02
        69  jlab_d      VALUE=   0.97557      WEIGHT=   0.59019E-02
        70  blank       VALUE=    1.0000      WEIGHT=    0.0000    
        71  d0run2      VALUE=   0.94087      WEIGHT=   0.14167E-01
        72  cdfrun2     VALUE=   0.92649      WEIGHT=   0.17233E-01
        73  HERA_el     VALUE=    1.0000      WEIGHT=    0.0000    
        74  HERA_ps     VALUE=    1.0000      WEIGHT=    0.0000    
        75  CDF_Z       VALUE=   0.96581      WEIGHT=   0.64944E-02
        76  NmcRat      VALUE=    1.0000      WEIGHT=    0.0000    
        77  BNS_F2nd    VALUE=   0.98310      WEIGHT=   0.68314E-02
        78  HERMES_F2p  VALUE=   0.99832      WEIGHT=   0.55693E-02
        79  HERMES_F2d  VALUE=   0.98039      WEIGHT=   0.58259E-02
0THE TOLERANCE IS    0.1000
 THE MAXIMUM NUMBER OF STEPS IS 100
0THE INITIAL CHI SQUARED IS  4.71116E+03
0  STEP  CHI SQUARED    PARAMETER      VALUE         ERROR
 ------------------------------------------------------------
     1    4.70944E+03
                       1  LAMBDA     2.2680E-01       FIX 
                       2  a0uv       2.4012E+00       FIX 
                       3  a1uv       6.1488E-01           
                       4  a2uv       3.5446E+00           
                       5  a3uv       0.0000E+00       FIX 
                       6  a4uv       3.4754E+00           
                       7  a5uv       0.0000E+00       FIX 
                       8  a0dv       2.4461E+01       FIX 
                       9  a1dv       1.1574E+00           
                      10  a2dv       6.5436E+00           
                      11  a3dv      -3.4977E+00           
                      12  a4dv       4.6736E+00           
                      13  a5dv       0.0000E+00       FIX 
                      14  a0ud       1.4645E-01           
                      15  a1ud      -2.0791E-01           
                      16  a2ud       8.3258E+00           
                      17  a3ud       0.0000E+00       FIX 
                      18  a4ud       1.4586E+01           
                      19  a5ud       0.0000E+00       FIX 
                      20  a0du       3.5712E+04       FIX 
                      21  a1du       4.0288E+00           
                      22  a2du       2.0126E+01           
                      23  a3du       1.7000E+01       FIX 
                      24  a4du       5.1425E+01           
                      25  a0g        4.5788E+01       FIX 
                      26  a1g        6.0522E-01           
                      27  a2g        6.5147E+00           
                      28  a3g       -3.3112E+00           
                      29  a4g        3.1913E+00           
                      30  a5g        0.0000E+00       FIX 
                      31  kappa      4.0000E-01       FIX 
                      32  a6dv      -3.6434E-03           
                      33  a7dv       2.0000E+00       FIX 
                      34  off1      -3.6336E+00           
                      35  off2       6.0687E-02           
                      36  ht1       -3.3168E+00           
                      37  ht2        1.9362E+00           
                      38  ht3       -2.0693E+00           
                      39  ht4        0.0000E+00       FIX 
                      40  dummy40    0.0000E+00       FIX 
                      41  dummy41    0.0000E+00       FIX 
                      42  dummy42    0.0000E+00       FIX 
                      43  dummy43    0.0000E+00       FIX 
                      44  dummy44    0.0000E+00       FIX 
                      45  dummy45    0.0000E+00       FIX 
                      46  dummy46    0.0000E+00       FIX 
                      47  dummy47    0.0000E+00       FIX 
                      48  dummy48    0.0000E+00       FIX 
                      49  dummy49    0.0000E+00       FIX 
                      50  bcdmsh2    9.7299E-01           
                      51  bcdmsd2    9.9321E-01           
                      52  ccfr       1.0000E+00       FIX 
                      53  nutev      1.0000E+00       FIX 
                      54  zeus       9.7998E-01       FIX 
                      55  h1         1.0162E+00       FIX 
                      56  e605       1.0319E+00       FIX 
                      57  NmcH2      1.0093E+00           
                      58  ntv_nu     1.0000E+00       FIX 
                      59  ntv_nuba   1.0000E+00       FIX 
                      60  cdf_jet    9.8910E-01       FIX 
                      61  d0_jet     8.3504E-01       FIX 
                      62  slac_p     1.0048E+00           
                      63  slac_d     1.0042E+00           
                      64  e866pp     9.6531E-01           
                      65  e866pd     9.6299E-01           
                      66  d0_gamje   1.0389E+00           
                      67  h1b        9.7608E-01       FIX 
                      68  jlab_p     9.9440E-01           
                      69  jlab_d     9.7573E-01           
                      70  blank      1.0000E+00       FIX 
                      71  d0run2     9.4115E-01           
                      72  cdfrun2    9.2687E-01           
                      73  HERA_el    1.0000E+00       FIX 
                      74  HERA_ps    1.0000E+00       FIX 
                      75  CDF_Z      9.6549E-01           
                      76  NmcRat     1.0000E+00       FIX 
                      77  BNS_F2nd   9.8277E-01           
                      78  HERMES_F   9.9817E-01           
                      79  HERMES_F   9.8036E-01           
 ------------------------------------------------------------
     2    4.70824E+03
                       1  LAMBDA     2.2680E-01       FIX 
                       2  a0uv       2.4001E+00       FIX 
                       3  a1uv       6.1476E-01           
                       4  a2uv       3.5444E+00           
                       5  a3uv       0.0000E+00       FIX 
                       6  a4uv       3.4770E+00           
                       7  a5uv       0.0000E+00       FIX 
                       8  a0dv       2.4483E+01       FIX 
                       9  a1dv       1.1577E+00           
                      10  a2dv       6.5426E+00           
                      11  a3dv      -3.4980E+00           
                      12  a4dv       4.6736E+00           
                      13  a5dv       0.0000E+00       FIX 
                      14  a0ud       1.4648E-01           
                      15  a1ud      -2.0786E-01           
                      16  a2ud       8.3248E+00           
                      17  a3ud       0.0000E+00       FIX 
                      18  a4ud       1.4583E+01           
                      19  a5ud       0.0000E+00       FIX 
                      20  a0du       3.5712E+04       FIX 
                      21  a1du       4.0274E+00           
                      22  a2du       2.0115E+01           
                      23  a3du       1.7000E+01       FIX 
                      24  a4du       5.1344E+01           
                      25  a0g        4.5894E+01       FIX 
                      26  a1g        6.0461E-01           
                      27  a2g        6.5285E+00           
                      28  a3g       -3.3122E+00           
                      29  a4g        3.1908E+00           
                      30  a5g        0.0000E+00       FIX 
                      31  kappa      4.0000E-01       FIX 
                      32  a6dv      -3.6188E-03           
                      33  a7dv       2.0000E+00       FIX 
                      34  off1      -3.6669E+00           
                      35  off2       5.9604E-02           
                      36  ht1       -3.3154E+00           
                      37  ht2        1.9382E+00           
                      38  ht3       -2.0684E+00           
                      39  ht4        0.0000E+00       FIX 
                      40  dummy40    0.0000E+00       FIX 
                      41  dummy41    0.0000E+00       FIX 
                      42  dummy42    0.0000E+00       FIX 
                      43  dummy43    0.0000E+00       FIX 
                      44  dummy44    0.0000E+00       FIX 
                      45  dummy45    0.0000E+00       FIX 
                      46  dummy46    0.0000E+00       FIX 
                      47  dummy47    0.0000E+00       FIX 
                      48  dummy48    0.0000E+00       FIX 
                      49  dummy49    0.0000E+00       FIX 
                      50  bcdmsh2    9.7298E-01           
                      51  bcdmsd2    9.9307E-01           
                      52  ccfr       1.0000E+00       FIX 
                      53  nutev      1.0000E+00       FIX 
                      54  zeus       9.7998E-01       FIX 
                      55  h1         1.0162E+00       FIX 
                      56  e605       1.0319E+00       FIX 
                      57  NmcH2      1.0092E+00           
                      58  ntv_nu     1.0000E+00       FIX 
                      59  ntv_nuba   1.0000E+00       FIX 
                      60  cdf_jet    9.8910E-01       FIX 
                      61  d0_jet     8.3504E-01       FIX 
                      62  slac_p     1.0048E+00           
                      63  slac_d     1.0040E+00           
                      64  e866pp     9.6524E-01           
                      65  e866pd     9.6303E-01           
                      66  d0_gamje   1.0390E+00           
                      67  h1b        9.7608E-01       FIX 
                      68  jlab_p     9.9434E-01           
                      69  jlab_d     9.7556E-01           
                      70  blank      1.0000E+00       FIX 
                      71  d0run2     9.4099E-01           
                      72  cdfrun2    9.2674E-01           
                      73  HERA_el    1.0000E+00       FIX 
                      74  HERA_ps    1.0000E+00       FIX 
                      75  CDF_Z      9.6547E-01           
                      76  NmcRat     1.0000E+00       FIX 
                      77  BNS_F2nd   9.8301E-01           
                      78  HERMES_F   9.9818E-01           
                      79  HERMES_F   9.8027E-01           
 ------------------------------------------------------------
     3    4.70798E+03
                       1  LAMBDA     2.2680E-01       FIX 
                       2  a0uv       2.3990E+00       FIX 
                       3  a1uv       6.1465E-01           
                       4  a2uv       3.5442E+00           
                       5  a3uv       0.0000E+00       FIX 
                       6  a4uv       3.4786E+00           
                       7  a5uv       0.0000E+00       FIX 
                       8  a0dv       2.4508E+01       FIX 
                       9  a1dv       1.1579E+00           
                      10  a2dv       6.5420E+00           
                      11  a3dv      -3.4985E+00           
                      12  a4dv       4.6732E+00           
                      13  a5dv       0.0000E+00       FIX 
                      14  a0ud       1.4650E-01           
                      15  a1ud      -2.0783E-01           
                      16  a2ud       8.3238E+00           
                      17  a3ud       0.0000E+00       FIX 
                      18  a4ud       1.4580E+01           
                      19  a5ud       0.0000E+00       FIX 
                      20  a0du       3.5712E+04       FIX 
                      21  a1du       4.0273E+00           
                      22  a2du       2.0110E+01           
                      23  a3du       1.7000E+01       FIX 
                      24  a4du       5.1288E+01           
                      25  a0g        4.5888E+01       FIX 
                      26  a1g        6.0468E-01           
                      27  a2g        6.5344E+00           
                      28  a3g       -3.3121E+00           
                      29  a4g        3.1923E+00           
                      30  a5g        0.0000E+00       FIX 
                      31  kappa      4.0000E-01       FIX 
                      32  a6dv      -3.6000E-03           
                      33  a7dv       2.0000E+00       FIX 
                      34  off1      -3.7019E+00           
                      35  off2       5.8593E-02           
                      36  ht1       -3.3156E+00           
                      37  ht2        1.9397E+00           
                      38  ht3       -2.0677E+00           
                      39  ht4        0.0000E+00       FIX 
                      40  dummy40    0.0000E+00       FIX 
                      41  dummy41    0.0000E+00       FIX 
                      42  dummy42    0.0000E+00       FIX 
                      43  dummy43    0.0000E+00       FIX 
                      44  dummy44    0.0000E+00       FIX 
                      45  dummy45    0.0000E+00       FIX 
                      46  dummy46    0.0000E+00       FIX 
                      47  dummy47    0.0000E+00       FIX 
                      48  dummy48    0.0000E+00       FIX 
                      49  dummy49    0.0000E+00       FIX 
                      50  bcdmsh2    9.7297E-01           
                      51  bcdmsd2    9.9302E-01           
                      52  ccfr       1.0000E+00       FIX 
                      53  nutev      1.0000E+00       FIX 
                      54  zeus       9.7998E-01       FIX 
                      55  h1         1.0162E+00       FIX 
                      56  e605       1.0319E+00       FIX 
                      57  NmcH2      1.0092E+00           
                      58  ntv_nu     1.0000E+00       FIX 
                      59  ntv_nuba   1.0000E+00       FIX 
                      60  cdf_jet    9.8910E-01       FIX 
                      61  d0_jet     8.3504E-01       FIX 
                      62  slac_p     1.0048E+00           
                      63  slac_d     1.0040E+00           
                      64  e866pp     9.6525E-01           
                      65  e866pd     9.6311E-01           
                      66  d0_gamje   1.0389E+00           
                      67  h1b        9.7608E-01       FIX 
                      68  jlab_p     9.9426E-01           
                      69  jlab_d     9.7546E-01           
                      70  blank      1.0000E+00       FIX 
                      71  d0run2     9.4090E-01           
                      72  cdfrun2    9.2668E-01           
                      73  HERA_el    1.0000E+00       FIX 
                      74  HERA_ps    1.0000E+00       FIX 
                      75  CDF_Z      9.6549E-01           
                      76  NmcRat     1.0000E+00       FIX 
                      77  BNS_F2nd   9.8315E-01           
                      78  HERMES_F   9.9818E-01           
                      79  HERMES_F   9.8024E-01           
 ------------------------------------------------------------
     4    4.70789E+03
                       1  LAMBDA     2.2680E-01    0.0000E+00
                       2  a0uv       2.3979E+00    0.0000E+00
                       3  a1uv       6.1454E-01    1.9917E-02
                       4  a2uv       3.5440E+00    1.2394E-02
                       5  a3uv       0.0000E+00    0.0000E+00
                       6  a4uv       3.4802E+00    4.3174E-01
                       7  a5uv       0.0000E+00    0.0000E+00
                       8  a0dv       2.4530E+01    0.0000E+00
                       9  a1dv       1.1581E+00    3.3517E-02
                      10  a2dv       6.5417E+00    1.5911E-01
                      11  a3dv      -3.4990E+00    8.6335E-02
                      12  a4dv       4.6727E+00    1.4301E-01
                      13  a5dv       0.0000E+00    0.0000E+00
                      14  a0ud       1.4652E-01    5.0335E-03
                      15  a1ud      -2.0781E-01    3.7550E-03
                      16  a2ud       8.3228E+00    1.9196E-01
                      17  a3ud       0.0000E+00    0.0000E+00
                      18  a4ud       1.4577E+01    1.2241E+00
                      19  a5ud       0.0000E+00    0.0000E+00
                      20  a0du       3.5712E+04    0.0000E+00
                      21  a1du       4.0272E+00    7.5611E-02
                      22  a2du       2.0106E+01    8.7697E-01
                      23  a3du       1.7000E+01    0.0000E+00
                      24  a4du       5.1234E+01    1.0640E+01
                      25  a0g        4.5894E+01    0.0000E+00
                      26  a1g        6.0470E-01    3.1291E-02
                      27  a2g        6.5411E+00    9.6044E-01
                      28  a3g       -3.3120E+00    1.3500E-01
                      29  a4g        3.1937E+00    3.2496E-01
                      30  a5g        0.0000E+00    0.0000E+00
                      31  kappa      4.0000E-01    0.0000E+00
                      32  a6dv      -3.5845E-03    6.7323E-04
                      33  a7dv       2.0000E+00    0.0000E+00
                      34  off1      -3.7201E+00    1.5189E+00
                      35  off2       5.7747E-02    5.7093E-02
                      36  ht1       -3.3166E+00    2.6069E-01
                      37  ht2        1.9409E+00    1.0553E-01
                      38  ht3       -2.0670E+00    1.8389E-02
                      39  ht4        0.0000E+00    0.0000E+00
                      40  dummy40    0.0000E+00    0.0000E+00
                      41  dummy41    0.0000E+00    0.0000E+00
                      42  dummy42    0.0000E+00    0.0000E+00
                      43  dummy43    0.0000E+00    0.0000E+00
                      44  dummy44    0.0000E+00    0.0000E+00
                      45  dummy45    0.0000E+00    0.0000E+00
                      46  dummy46    0.0000E+00    0.0000E+00
                      47  dummy47    0.0000E+00    0.0000E+00
                      48  dummy48    0.0000E+00    0.0000E+00
                      49  dummy49    0.0000E+00    0.0000E+00
                      50  bcdmsh2    9.7296E-01    4.8223E-03
                      51  bcdmsd2    9.9300E-01    5.8307E-03
                      52  ccfr       1.0000E+00    0.0000E+00
                      53  nutev      1.0000E+00    0.0000E+00
                      54  zeus       9.7998E-01    0.0000E+00
                      55  h1         1.0162E+00    0.0000E+00
                      56  e605       1.0319E+00    0.0000E+00
                      57  NmcH2      1.0092E+00    7.1217E-03
                      58  ntv_nu     1.0000E+00    0.0000E+00
                      59  ntv_nuba   1.0000E+00    0.0000E+00
                      60  cdf_jet    9.8910E-01    0.0000E+00
                      61  d0_jet     8.3504E-01    0.0000E+00
                      62  slac_p     1.0048E+00    4.8121E-03
                      63  slac_d     1.0040E+00    5.2747E-03
                      64  e866pp     9.6527E-01    1.9254E-02
                      65  e866pd     9.6317E-01    1.5812E-02
                      66  d0_gamje   1.0389E+00    1.6481E-02
                      67  h1b        9.7608E-01    0.0000E+00
                      68  jlab_p     9.9419E-01    5.7890E-03
                      69  jlab_d     9.7540E-01    5.9040E-03
                      70  blank      1.0000E+00    0.0000E+00
                      71  d0run2     9.4088E-01    1.4120E-02
                      72  cdfrun2    9.2667E-01    1.7221E-02
                      73  HERA_el    1.0000E+00    0.0000E+00
                      74  HERA_ps    1.0000E+00    0.0000E+00
                      75  CDF_Z      9.6550E-01    6.5153E-03
                      76  NmcRat     1.0000E+00    0.0000E+00
                      77  BNS_F2nd   9.8320E-01    6.9230E-03
                      78  HERMES_F   9.9818E-01    5.5661E-03
                      79  HERMES_F   9.8023E-01    5.8210E-03
0 MINIMIZATION TERMINATED WITH STEP  4
  TOLERANCE CRITERION      SATISFIED
0 CHI SQUARED PER DEGREE OF FREEDOM IS  1.046E+00
   1.000 -0.430 -0.979  0.274 -0.018  0.154 -0.352  0.458  0.396 -0.301 -0.498 -0.177 -0.266  0.009  0.177  0.140  0.065 -0.028  0.291 -0.115  0.068  0.092 -0.237  0.157  0.326  0.250  0.155  0.311  0.274 -0.382 -0.186  0.083  0.196  0.215 -0.163 -0.132  0.434  0.133  0.270  0.238
  -0.430  1.000  0.580  0.216  0.361 -0.239  0.224 -0.176 -0.163  0.373  0.279  0.244  0.077  0.156 -0.006  0.072  0.019  0.040 -0.297  0.078  0.100 -0.545  0.371  0.302  0.095  0.058  0.031  0.003  0.038  0.207  0.021  0.008  0.116  0.126 -0.034 -0.010 -0.105 -0.177  0.048  0.051
  -0.979  0.580  1.000 -0.184  0.102 -0.194  0.366 -0.441 -0.386  0.363  0.527  0.215  0.275  0.037 -0.149 -0.098 -0.046  0.027 -0.314  0.125 -0.030 -0.168  0.269 -0.080 -0.211 -0.160 -0.091 -0.193 -0.165  0.448  0.235 -0.068 -0.085 -0.112  0.120  0.098 -0.360 -0.153 -0.165 -0.140
   0.274  0.216 -0.184  1.000  0.822 -0.632  0.008  0.148  0.101 -0.109 -0.224  0.348 -0.200  0.262  0.335  0.234 -0.215  0.231  0.201  0.130  0.235 -0.264  0.139  0.293  0.289  0.224  0.123  0.288  0.234  0.051 -0.109  0.061  0.247  0.152 -0.049 -0.050  0.161 -0.067  0.270  0.225
  -0.018  0.361  0.102  0.822  1.000 -0.881  0.532 -0.089 -0.104  0.169  0.118  0.173 -0.012  0.215  0.224  0.181 -0.215  0.223 -0.200  0.087  0.079 -0.167  0.025  0.197  0.180  0.115  0.120  0.133  0.075  0.125  0.007  0.023  0.136 -0.020 -0.021 -0.026  0.089 -0.008  0.149  0.106
   0.154 -0.239 -0.194 -0.632 -0.881  1.000 -0.734  0.271  0.263 -0.159 -0.274 -0.057 -0.001 -0.297 -0.174 -0.200  0.240 -0.271  0.080  0.062 -0.087  0.180 -0.089 -0.129 -0.082 -0.055 -0.134 -0.061 -0.034 -0.166 -0.129  0.008 -0.075  0.042 -0.006 -0.001 -0.023 -0.105 -0.096 -0.077
  -0.352  0.224  0.366  0.008  0.532 -0.734  1.000 -0.412 -0.371  0.465  0.597 -0.284  0.256  0.041 -0.060  0.041 -0.077  0.091 -0.410 -0.166 -0.170  0.032 -0.103 -0.071 -0.034 -0.041  0.112 -0.070 -0.072  0.172  0.277 -0.051 -0.022 -0.122 -0.004 -0.003  0.019  0.193 -0.027 -0.021
   0.458 -0.176 -0.441  0.148 -0.089  0.271 -0.412  1.000  0.967 -0.397 -0.779  0.070 -0.150 -0.103 -0.089 -0.046  0.189 -0.150  0.142  0.063  0.019 -0.023 -0.033  0.072  0.226  0.191  0.150  0.223  0.206 -0.086 -0.072  0.084  0.161  0.179  0.019  0.011  0.311 -0.011  0.201  0.180
   0.396 -0.163 -0.386  0.101 -0.104  0.263 -0.371  0.967  1.000 -0.352 -0.728  0.050 -0.128 -0.107 -0.196 -0.111  0.224 -0.198  0.119  0.058  0.006 -0.018 -0.028  0.053  0.175  0.148  0.126  0.165  0.152 -0.096 -0.083  0.072  0.116  0.133  0.034  0.022  0.249 -0.013  0.150  0.132
  -0.301  0.373  0.363 -0.109  0.169 -0.159  0.465 -0.397 -0.352  1.000  0.760 -0.343  0.458 -0.244 -0.082 -0.187 -0.200  0.040 -0.315  0.126 -0.318  0.122 -0.050 -0.241 -0.071 -0.030  0.024 -0.057 -0.016 -0.004  0.038 -0.027 -0.007 -0.017  0.114  0.059 -0.040 -0.116 -0.018  0.021
  -0.498  0.279  0.527 -0.224  0.118 -0.274  0.597 -0.779 -0.728  0.760  1.000 -0.308  0.356 -0.182 -0.065 -0.137 -0.120 -0.019 -0.286 -0.084 -0.349  0.180 -0.159 -0.251 -0.024 -0.008  0.071  0.018  0.047  0.282  0.402 -0.089  0.056  0.043 -0.038 -0.057  0.040  0.074  0.035  0.076
  -0.177  0.244  0.215  0.348  0.173 -0.057 -0.284  0.070  0.050 -0.343 -0.308  1.000 -0.579  0.339  0.149  0.107 -0.084  0.117  0.130  0.119  0.477 -0.276  0.303  0.315  0.018  0.038 -0.013  0.032  0.011  0.287 -0.115  0.039  0.024 -0.010  0.045  0.039 -0.220 -0.126  0.066 -0.004
  -0.266  0.077  0.275 -0.200 -0.012 -0.001  0.256 -0.150 -0.128  0.458  0.356 -0.579  1.000 -0.022 -0.190 -0.096  0.155 -0.145 -0.242  0.281 -0.100  0.125 -0.123 -0.010  0.022  0.009  0.026  0.001 -0.013  0.168  0.130 -0.005 -0.006 -0.029 -0.040 -0.031 -0.036 -0.231 -0.012 -0.006
   0.009  0.156  0.037  0.262  0.215 -0.297  0.041 -0.103 -0.107 -0.244 -0.182  0.339 -0.022  1.000  0.140  0.359 -0.087  0.290  0.139  0.023  0.745 -0.306  0.326  0.485  0.129  0.072  0.143  0.108  0.033  0.188 -0.078  0.074  0.042 -0.012 -0.008  0.019 -0.240 -0.168  0.126  0.054
   0.177 -0.006 -0.149  0.335  0.224 -0.174 -0.060 -0.089 -0.196 -0.082 -0.065  0.149 -0.190  0.140  1.000  0.705 -0.691  0.802  0.127  0.011  0.135 -0.052  0.106  0.030  0.104  0.095 -0.042  0.152  0.148 -0.067 -0.094  0.040  0.117  0.118  0.006  0.026  0.053 -0.011  0.137  0.134
   0.140  0.072 -0.098  0.234  0.181 -0.200  0.041 -0.046 -0.111 -0.187 -0.137  0.107 -0.096  0.359  0.705  1.000 -0.252  0.733  0.066  0.041  0.357 -0.251  0.303  0.191  0.114  0.127  0.040  0.218  0.240  0.001 -0.030  0.051  0.196  0.217 -0.202 -0.076  0.011 -0.024  0.181  0.203
   0.065  0.019 -0.046 -0.215 -0.215  0.240 -0.077  0.189  0.224 -0.200 -0.120 -0.084  0.155 -0.087 -0.691 -0.252  1.000 -0.822 -0.079  0.013  0.048 -0.116 -0.066  0.224  0.137  0.118  0.155  0.167  0.170  0.195  0.241 -0.011  0.171  0.182 -0.392 -0.274  0.237  0.061  0.096  0.105
  -0.028  0.040  0.027  0.231  0.223 -0.271  0.091 -0.150 -0.198  0.040 -0.019  0.117 -0.145  0.290  0.802  0.733 -0.822  1.000  0.072  0.039  0.194 -0.090  0.282 -0.062 -0.114 -0.074 -0.126 -0.083 -0.063 -0.182 -0.253  0.038 -0.081 -0.070  0.209  0.194 -0.264 -0.090 -0.042 -0.029
   0.291 -0.297 -0.314  0.201 -0.200  0.080 -0.410  0.142  0.119 -0.315 -0.286  0.130 -0.242  0.139  0.127  0.066 -0.079  0.072  1.000 -0.303  0.200 -0.232  0.238  0.146  0.087  0.109  0.027  0.138  0.180 -0.084 -0.076  0.027  0.104  0.209 -0.022 -0.014  0.063  0.018  0.126  0.142
  -0.115  0.078  0.125  0.130  0.087  0.062 -0.166  0.063  0.058  0.126 -0.084  0.119  0.281  0.023  0.011  0.041  0.013  0.039 -0.303  1.000  0.113 -0.089  0.104  0.181 -0.092  0.081 -0.090 -0.079 -0.030  0.018 -0.189  0.034 -0.018 -0.096  0.070  0.058 -0.209 -0.422 -0.092 -0.013
   0.068  0.100 -0.030  0.235  0.079 -0.087 -0.170  0.019  0.006 -0.318 -0.349  0.477 -0.100  0.745  0.135  0.357  0.048  0.194  0.200  0.113  1.000 -0.351  0.367  0.709  0.072  0.134  0.020  0.029  0.066  0.095 -0.173  0.080 -0.047 -0.010 -0.045  0.002 -0.279 -0.234  0.046  0.083
   0.092 -0.545 -0.168 -0.264 -0.167  0.180  0.032 -0.023 -0.018  0.122  0.180 -0.276  0.125 -0.306 -0.052 -0.251 -0.116 -0.090 -0.232 -0.089 -0.351  1.000 -0.809 -0.483 -0.015 -0.053  0.031 -0.030 -0.080  0.027  0.183 -0.031 -0.187 -0.225  0.081  0.015  0.169  0.127 -0.033 -0.062
  -0.237  0.371  0.269  0.139  0.025 -0.089 -0.103 -0.033 -0.028 -0.050 -0.159  0.303 -0.123  0.326  0.106  0.303 -0.066  0.282  0.238  0.104  0.367 -0.809  1.000  0.095 -0.161 -0.080 -0.132  0.003  0.061 -0.095 -0.290  0.031  0.075  0.150  0.087  0.116 -0.391 -0.192 -0.022  0.009
   0.157  0.302 -0.080  0.293  0.197 -0.129 -0.071  0.072  0.053 -0.241 -0.251  0.315 -0.010  0.485  0.030  0.191  0.224 -0.062  0.146  0.181  0.709 -0.483  0.095  1.000  0.208  0.305  0.106 -0.002  0.139  0.140 -0.032  0.060  0.029  0.129 -0.200 -0.126 -0.001 -0.248  0.068  0.163
   0.326  0.095 -0.211  0.289  0.180 -0.082 -0.034  0.226  0.175 -0.071 -0.024  0.018  0.022  0.129  0.104  0.114  0.137 -0.114  0.087 -0.092  0.072 -0.015 -0.161  0.208  1.000  0.491  0.387  0.691  0.614  0.393  0.458  0.058  0.566  0.521 -0.235 -0.206  0.573  0.102  0.595  0.551
   0.250  0.058 -0.160  0.224  0.115 -0.055 -0.041  0.191  0.148 -0.030 -0.008  0.038  0.009  0.072  0.095  0.127  0.118 -0.074  0.109  0.081  0.134 -0.053 -0.080  0.305  0.491  1.000  0.320  0.534  0.663  0.329  0.401  0.047  0.415  0.545 -0.198 -0.169  0.466 -0.052  0.485  0.577
   0.155  0.031 -0.091  0.123  0.120 -0.134  0.112  0.150  0.126  0.024  0.071 -0.013  0.026  0.143 -0.042  0.040  0.155 -0.126  0.027 -0.090  0.020  0.031 -0.132  0.106  0.387  0.320  1.000  0.438  0.409  0.345  0.410  0.030  0.348  0.336 -0.166 -0.144  0.421  0.093  0.419  0.396
   0.311  0.003 -0.193  0.288  0.133 -0.061 -0.070  0.223  0.165 -0.057  0.018  0.032  0.001  0.108  0.152  0.218  0.167 -0.083  0.138 -0.079  0.029 -0.030  0.003 -0.002  0.691  0.534  0.438  1.000  0.803  0.480  0.565  0.058  0.765  0.687 -0.283 -0.241  0.645  0.156  0.750  0.688
