# fitpack15: fit parameters                                                                         
# CJ15 AV18 final data choices                                                                      
# Created on 02/13/2020 at 13:22:43                                                                 

 # QCD setup
  INS                           0
  NVL                          11
  IORD                          1
  Q02                   1.6899999999999999     
  IPARAMC                      -7
  FLAVOR                5.0000000000000000     
  xmc                   1.3000000000000000     
  xmb                   4.5000000000000000     
  ncb                          12
  ihq                           1
  ias                           0

 # Theory corrections
  inuke                     10114
  itmc                          1
  iht                           2

 # fit parameters
 LAMBDA       0.22680        0.0000    
 a0uv          1.4016        0.0000    
 a1uv         0.50404       0.31849E-01
 a2uv          3.6390       0.13538E-01
 a3uv          0.0000        0.0000    
 a4uv          7.2647        1.2647    
 a5uv          0.0000        0.0000    
 a0dv          16.318        0.0000    
 a1dv          1.0607       0.41322E-01
 a2dv          6.3110       0.22669    
 a3dv         -3.4047       0.14153    
 a4dv          4.8874       0.20276    
 a5dv          0.0000        0.0000    
 a0ud         0.13604       0.48845E-02
 a1ud        -0.21491       0.38872E-02
 a2ud          9.0983       0.18498    
 a3ud          0.0000        0.0000    
 a4ud          19.561        1.4970    
 a5ud          0.0000        0.0000    
 a0du          35712.        0.0000    
 a1du          4.1934       0.13247    
 a2du          21.197        1.3134    
 a3du          17.000        0.0000    
 a4du          61.695        16.557    
 a0g           42.662        0.0000    
 a1g          0.58812       0.28131E-01
 a2g           5.6475       0.79559    
 a3g          -3.3402       0.11886    
 a4g           3.1234       0.24941    
 a5g           0.0000        0.0000    
 kappa        0.40000        0.0000    
 a6dv         0.28331E-02   0.14884E-02
 a7dv          2.0000        0.0000    
 off1        -0.66151E-01   0.12784    
 off2        -0.29649       0.87997    
 off3         0.12099        1.4632    
 ht1          -4.8882        1.3650    
 ht2           2.3751       0.22185    
 ht3          -2.0594       0.38880E-01
 ht4           2.6241       0.15898    
 ht1n         -6.3919        6.3772    
 ht2n          2.6212       0.69998    
 ht3n         -2.2820       0.10223    
 ht4n          3.3402       0.67736    
 dummy45       0.0000        0.0000    
 dummy46       0.0000        0.0000    
 dummy47       0.0000        0.0000    
 dummy48       0.0000        0.0000    
 dummy49       0.0000        0.0000    
 bcdmsh2      0.97202       0.49681E-02
 bcdmsd2      0.99295       0.59668E-02
 ccfr          1.0000        0.0000    
 nutev         1.0000        0.0000    
 zeus         0.97998        0.0000    
 h1            1.0162        0.0000    
 e605          1.0319        0.0000    
 NmcH2         1.0086       0.72210E-02
 ntv_nu        1.0000        0.0000    
 ntv_nubar     1.0000        0.0000    
 cdf_jet      0.98910        0.0000    
 d0_jet       0.83504        0.0000    
 slac_p       0.99913       0.53208E-02
 slac_d        1.0044       0.54835E-02
 e866pp        1.0116       0.20816E-01
 e866pd       0.97375       0.18281E-01
 d0_gamjet     1.0371       0.16546E-01
 h1b          0.97608        0.0000    
 jlab_p       0.98521       0.65225E-02
 jlab_d       0.97786       0.62582E-02
 blank         1.0000        0.0000    
 d0run2       0.94703       0.15291E-01
 cdfrun2      0.93337       0.17746E-01
 HERA_el       1.0000        0.0000    
 HERA_ps       1.0000        0.0000    
 CDF_Z        0.94753       0.68027E-02
 NmcRat        1.0000        0.0000    
 BNS_F2nd      0.0000        0.0000    
 HERMES_F2p   0.99365       0.58394E-02
 HERMES_F2d   0.97967       0.59629E-02
 END 0. 0.

 # Hessian matrix (Bevington alpha)
   0.51464272574651E+07 -0.12051164134016E+07  0.12347881982184E+06  0.46768923491724E+06 -0.13001926404184E+06 -0.12401660879130E+05  0.52264180795774E+05  0.10467852503074E+07 -0.19406311135996E+06 -0.47125383010617E+05  0.61476080312713E+04  0.12585662062626E+05  0.13159902668748E+04 -0.10010976572213E+03  0.15278412887704E+05 -0.33460056029569E+04  0.20526250259841E+05  0.14004168868396E+05  0.44476735055051E+07 -0.64376343314723E+05 -0.27312091682724E+05 -0.12769708167619E+05 -0.11229000664383E+05 -0.34880697587607E+04 -0.21602812912668E+06 -0.78219292150525E+05 -0.35168889895831E+04 -0.63167096960720E+04 -0.55263125576256E+05 -0.26020672468893E+05 -0.13850861187323E+06 -0.58460397106165E+05 -0.63164061879747E+04 -0.88521461055861E+06 -0.11313450778291E+07 -0.21355741014339E+05 -0.49160333398221E+05 -0.33866606810774E+04 -0.19471658486134E+06 -0.21310038631921E+06 -0.91677566617599E+04 -0.32664814819852E+04 -0.23353419690739E+05 -0.79858368052960E+05 -0.62348867993190E+05
  -0.12051164134016E+07  0.35000716069074E+06 -0.28975738715536E+05 -0.11631433586035E+06  0.33307875354844E+05  0.45378160507640E+04 -0.11000517114948E+05 -0.11580971442848E+06  0.24845065161993E+05  0.59930588467983E+04 -0.63966635855582E+03 -0.88841005268644E+03 -0.94966366238334E+02  0.11424453417142E+02  0.92173480368710E+02  0.50840522623992E+02 -0.24850012833192E+03 -0.15962074557529E+03 -0.13932013551259E+07  0.15246666398363E+05  0.73640825668832E+04  0.37785696342267E+04  0.53561542592832E+04  0.80519956181568E+04  0.62337331221832E+05  0.31941899209787E+05  0.13147747641099E+04  0.31362310540751E+04  0.14750841866469E+05  0.92651218952243E+04  0.17015034094571E+05  0.83382152731649E+04 -0.12927512567948E+03  0.20057257717529E+06  0.24987109897244E+06  0.56045552038796E+04  0.13104732653779E+05  0.42370404493069E+03  0.58489745716835E+05  0.63410778619510E+05  0.23134946937400E+04  0.74010127702932E+03 -0.19333201784046E+04  0.87542657174594E+04  0.72957566575570E+04
   0.12347881982184E+06 -0.28975738715536E+05  0.29753662575508E+04  0.10673221516547E+05 -0.30917759135809E+04 -0.46127626565930E+03  0.11850089383961E+04  0.19848872831349E+05 -0.35797551784517E+04 -0.10328974491346E+04  0.11830984172729E+03  0.25360950296042E+03  0.28965007702460E+02 -0.26343863357197E+01 -0.38986621715171E+02 -0.37506026488508E+02  0.89643137108631E+02  0.12316864907730E+03  0.10606791362392E+06 -0.15303462501590E+04 -0.65098013928151E+03 -0.30446485093478E+03 -0.26984631485559E+03 -0.11856339924188E+03 -0.51621841857078E+04 -0.18525105310076E+04 -0.84594467867984E+02 -0.15874327314467E+03 -0.13229701855195E+04 -0.62000914904846E+03 -0.32750279704042E+04 -0.13744020438318E+04 -0.17707796147891E+02 -0.20844165314965E+05 -0.26777949176861E+05 -0.51373439161885E+03 -0.11850727078322E+04 -0.72626146549555E+02 -0.46623845857536E+04 -0.51041969069495E+04 -0.21904887360973E+03 -0.78106221701067E+02 -0.18966588206036E+03 -0.16544457194578E+04 -0.13120278164303E+04
   0.46768923491724E+06 -0.11631433586035E+06  0.10673221516547E+05  0.40243461276104E+06 -0.62254610274263E+05  0.65141644438793E+05  0.55245662077279E+05  0.38360600976065E+06 -0.30185498952644E+05 -0.17267125852511E+05  0.26981068660418E+04 -0.13099606048378E+04 -0.11631981946941E+03  0.51699785890087E+02  0.32953286174408E+05 -0.42365159881647E+04  0.34564710554924E+05  0.19587718207989E+05  0.13277024702419E+07 -0.19396901480502E+05 -0.74908659839494E+04 -0.31229547111260E+04 -0.51628373645179E+03  0.26900401908128E+04 -0.30033443171396E+05 -0.61744010315805E+04 -0.54059872703776E+03 -0.15309955478254E+03 -0.14477676684814E+05 -0.45564143885352E+04 -0.13029388814220E+05 -0.21651962791516E+05 -0.17225008071314E+03 -0.66307140699462E+05 -0.34081160353634E+06 -0.12263129115037E+04 -0.24468327003779E+04 -0.69964085963130E+02 -0.10753551316238E+05 -0.47231263490173E+05 -0.23847957611073E+04 -0.93834075226080E+03 -0.10894529646337E+05 -0.76294253354615E+04 -0.22469506840865E+05
  -0.13001926404184E+06  0.33307875354844E+05 -0.30917759135809E+04 -0.62254610274263E+05  0.11879116929379E+05 -0.66711465908645E+04 -0.80306053055944E+04 -0.31905762167025E+05  0.11861933085472E+03  0.20885088071249E+04 -0.24678036245559E+03 -0.61226896197701E+01  0.30875016136219E+01 -0.44704758327245E+01 -0.28294371205164E+04  0.37791824739676E+03 -0.28622865320433E+04 -0.16558229722622E+04 -0.31191201912875E+06  0.36828443207830E+04  0.16105157900070E+04  0.73086069413733E+03  0.31270978227824E+03  0.19615540238542E+03  0.70930979572250E+04  0.20490125706088E+04  0.19690667660336E+03  0.43955504780660E+03  0.33081258128169E+04  0.13558825184551E+04  0.20126062637017E+04  0.34357351950099E+04 -0.51119811218747E+02  0.12323640166559E+05  0.64502396503213E+05  0.31609774426870E+03  0.61023550227257E+03  0.89761335977965E+01  0.29335401852396E+04  0.12714600222703E+05  0.48286132865412E+03  0.17794059822650E+03  0.38459989821787E+03  0.85310365208670E+03  0.26193039814503E+04
  -0.12401660879130E+05  0.45378160507640E+04 -0.46127626565930E+03  0.65141644438793E+05 -0.66711465908645E+04  0.15982205737665E+05  0.98825995849966E+04  0.96545752979572E+05 -0.94306387946207E+04 -0.36409791207444E+04  0.66432762166261E+03 -0.49849657189599E+03 -0.40814024986886E+02  0.13929357218234E+02  0.80112082605914E+04 -0.10405266268284E+04  0.86629382594853E+04  0.49379909466414E+04  0.54002964755732E+05 -0.20075620945250E+04 -0.51192069692779E+03 -0.12323527060041E+03  0.26467778544114E+03  0.13791426532369E+04 -0.10904667998644E+04  0.62755537407182E+03  0.85218489290671E+02  0.63071653585350E+03 -0.68089623214250E+03  0.23644534783762E+03 -0.21563852675451E+04 -0.33712510388718E+04  0.74805819498570E+02 -0.75722028443464E+04 -0.36548071037518E+05 -0.49087988860541E+01 -0.40280302729700E+02 -0.14575228776766E+02  0.99578434964313E+02  0.26741574350045E+03 -0.21117428306488E+03 -0.10438480480334E+03 -0.27127843866204E+04 -0.15831976302422E+04 -0.45283584961384E+04
   0.52264180795774E+05 -0.11000517114948E+05  0.11850089383961E+04  0.55245662077279E+05 -0.80306053055944E+04  0.98825995849966E+04  0.79615358332470E+04  0.51713320972164E+05 -0.28839987976933E+04 -0.25315662889359E+04  0.37566097920375E+03 -0.16873695261040E+03 -0.15854460147769E+02  0.73905286505874E+01  0.42535778726556E+04 -0.56908160472441E+03  0.44437929420269E+04  0.25814586248536E+04  0.14298327661470E+06 -0.24440556008891E+04 -0.88846155247422E+03 -0.33996387043920E+03  0.51783194927321E+02  0.70443354620408E+03 -0.32688005672088E+04 -0.28732657294523E+03 -0.22192695431450E+02  0.16541098270525E+03 -0.16527854733579E+04 -0.32564224946895E+03 -0.20212794283215E+04 -0.32207590333810E+04  0.94747534507541E+02 -0.87163705878311E+04 -0.44910181087062E+05 -0.13413346186880E+03 -0.26354941926659E+03 -0.10589497787768E+02 -0.97235924281665E+03 -0.43620504785058E+04 -0.30526160374480E+03 -0.12690501531570E+03 -0.11557524221815E+04 -0.99711622989199E+03 -0.29571775815582E+04
   0.10467852503074E+07 -0.11580971442848E+06  0.19848872831349E+05  0.38360600976065E+06 -0.31905762167025E+05  0.96545752979572E+05  0.51713320972164E+05  0.61301461257222E+07 -0.25968328659283E+07 -0.94034447890092E+05  0.24683172439619E+05  0.23010935917700E+05  0.15129316291587E+04  0.87096324227610E+02  0.10067803685704E+06 -0.13098083623311E+05  0.12148197364184E+06  0.65481781982777E+05  0.31205197702639E+06 -0.38910644998213E+05 -0.73431017213863E+04 -0.18716217462043E+04  0.45389873157425E+04  0.33759014927056E+05 -0.21635111567148E+05  0.48176453887777E+04  0.10232469904900E+04  0.10487533819724E+05 -0.87073839023490E+04  0.10406108114443E+04 -0.62888328745313E+05 -0.50181469400630E+05 -0.77299887097512E+05 -0.30923468576728E+06 -0.58507926168956E+06 -0.75654762918399E+05 -0.17303609247407E+06 -0.15836426284046E+04 -0.43041350119153E+04 -0.85231019192986E+04  0.93375168512479E+03  0.52149476117492E+03 -0.29616724716337E+06 -0.15892430441385E+06 -0.19071248674958E+06
  -0.19406311135996E+06  0.24845065161993E+05 -0.35797551784517E+04 -0.30185498952644E+05  0.11861933085472E+03 -0.94306387946207E+04 -0.28839987976933E+04 -0.25968328659283E+07  0.19465412676360E+07  0.20197381070663E+05 -0.60161071655800E+04 -0.48554250682395E+04 -0.26375143544283E+03 -0.12268634104525E+02  0.46470517278895E+05 -0.21564262711894E+04  0.16408816334036E+05  0.83091181438622E+04  0.25800106287276E+05  0.94087881206706E+04  0.14353780476667E+04  0.31703724592132E+03 -0.99786802596883E+03 -0.78585503309446E+04  0.34075944580424E+04 -0.99500455788159E+03 -0.24516886215596E+03 -0.25423690981605E+04  0.14031740686840E+04 -0.28306474244905E+03  0.11133429238092E+05  0.10528157461919E+05  0.26371679394475E+05  0.68960524592299E+05  0.12628758043161E+06  0.22705290250747E+05  0.51997875365699E+05  0.23007999726577E+03  0.52187344454890E+03  0.10377342593757E+04 -0.14277095418678E+04 -0.75919990434854E+03  0.11770710684259E+06  0.47981729301724E+05  0.57100646766150E+05
  -0.47125383010617E+05  0.59930588467983E+04 -0.10328974491346E+04 -0.17267125852511E+05  0.20885088071249E+04 -0.36409791207444E+04 -0.25315662889359E+04 -0.94034447890092E+05  0.20197381070663E+05  0.25225539487679E+04 -0.52305251957633E+03 -0.52536153611668E+03 -0.45113596460453E+02 -0.14273746445058E+01 -0.40970664730458E+04  0.53034506730364E+03 -0.44670396850333E+04 -0.25425145103518E+04 -0.28706836050677E+05  0.12117424291580E+04  0.31259626267313E+03  0.96915849781623E+02 -0.13700211133700E+03 -0.96372497009701E+03  0.12134588527087E+04 -0.13204979346429E+03 -0.24169056118979E+02 -0.27117615130848E+03  0.47770029621076E+03  0.21933848738846E+01  0.25683663474485E+04  0.17529034619792E+04  0.75635744484800E+03  0.10460414893923E+05  0.21005169064107E+05  0.13936419375246E+04  0.31495445584448E+04  0.44445446667984E+02  0.37303833821943E+03  0.71553771142081E+03  0.10471295977808E+03  0.48319042412961E+02  0.31623260548187E+04  0.29064841310875E+04  0.35701448247627E+04
   0.61476080312713E+04 -0.63966635855582E+03  0.11830984172729E+03  0.26981068660418E+04 -0.24678036245559E+03  0.66432762166261E+03  0.37566097920375E+03  0.24683172439619E+05 -0.60161071655800E+04 -0.52305251957633E+03  0.12841794048351E+03  0.13016634476923E+03  0.91391128999179E+01  0.48144741241678E+00  0.10974689420427E+04 -0.12572774084808E+03  0.11279041661114E+04  0.61370064942824E+03  0.26856237386918E+04 -0.20334985118687E+03 -0.41400574347014E+02 -0.10923704099542E+02  0.24974316976013E+02  0.18133978304933E+03 -0.12823359021640E+03  0.27319078272665E+02  0.54664088264260E+01  0.55456569222481E+02 -0.51322355772566E+02  0.54392965380429E+01 -0.36943477497588E+03 -0.27849930812797E+03 -0.31190389365052E+03 -0.16766508156168E+04 -0.32060395002616E+04 -0.35197509333386E+03 -0.80492373668984E+03 -0.97201719073444E+01 -0.26032440555750E+02 -0.51669032850817E+02 -0.70056898731965E+01 -0.35821098947082E+01 -0.10277614365935E+04 -0.73867109644731E+03 -0.89119641529960E+03
   0.12585662062626E+05 -0.88841005268644E+03  0.25360950296042E+03 -0.13099606048378E+04 -0.61226896197701E+01 -0.49849657189599E+03 -0.16873695261040E+03  0.23010935917700E+05 -0.48554250682395E+04 -0.52536153611668E+03  0.13016634476923E+03  0.96639144595596E+03  0.63365859133918E+02 -0.11986891541252E+01  0.10598239537867E+04 -0.15790546026723E+03  0.14623012494320E+04  0.83797619608944E+03  0.27952162948227E+04  0.21349447272524E+03  0.22103091524954E+02  0.69484071112245E+00  0.37312906464814E+02  0.31527852035650E+03 -0.45590871270713E+02  0.30142552153180E+02 -0.27652404268122E+01 -0.36574643929557E+02 -0.43945686483097E+01 -0.11529014777049E+01 -0.81514367133963E+03  0.35813165081949E-10 -0.51687959578637E+03 -0.38557369946094E+04  0.17348225213471E-10 -0.16425402398771E+04 -0.41265637217309E+02 -0.59635253836475E+02 -0.70120869252422E-01 -0.68475501016498E-10 -0.12945955482149E+01 -0.56278919059763E+00  0.13626347132086E+03 -0.21052870402052E+04  0.31893732077318E-10
   0.13159902668748E+04 -0.94966366238334E+02  0.28965007702460E+02 -0.11631981946941E+03  0.30875016136219E+01 -0.40814024986886E+02 -0.15854460147769E+02  0.15129316291587E+04 -0.26375143544283E+03 -0.45113596460453E+02  0.91391128999179E+01  0.63365859133918E+02  0.54607541837415E+01 -0.12391389912113E+00  0.60199381723079E+02 -0.10715058144351E+02  0.91571031930827E+02  0.56304050883662E+02  0.13739182064480E+03  0.12913479201512E+02  0.19236570722343E+01  0.14962157572746E+00  0.43635020991192E+01  0.32256399877816E+02 -0.87423808637814E+01  0.45933962956988E+01 -0.27204752002792E+00 -0.29730135177369E+01 -0.17140353803965E+00 -0.25275667750032E+00 -0.11420969618978E+03 -0.43882749458170E-12 -0.20176561248970E+02 -0.43172939634306E+03  0.75506551747476E-11 -0.10134179396547E+03 -0.10342200213927E+02 -0.47062655001309E+01 -0.50001316871510E-01 -0.88447833186310E-11 -0.13026804686381E+00 -0.51711594562281E-01  0.15392355398816E+02 -0.15002300170905E+03 -0.41522555408532E-11
  -0.10010976572213E+03  0.11424453417142E+02 -0.26343863357197E+01  0.51699785890087E+02 -0.44704758327245E+01  0.13929357218234E+02  0.73905286505874E+01  0.87096324227610E+02 -0.12268634104525E+02 -0.14273746445058E+01  0.48144741241678E+00 -0.11986891541252E+01 -0.12391389912113E+00  0.35480766259341E-01  0.11550905177775E+02 -0.87471541113017E+00  0.81001282331418E+01  0.38269816905026E+01  0.44419577582171E+02  0.11141933863331E+01 -0.34854997477344E-01 -0.16123507549225E-01 -0.22198774102221E-01 -0.13295558295003E+00  0.57380258261711E-01 -0.18455709366040E-01  0.96222702682476E-02  0.10486346697552E+00 -0.38887827150378E-01  0.11833458271395E-02  0.52475863661898E-01 -0.46694057292896E-12 -0.44205913444739E+01 -0.38073446691057E+00  0.97528740069896E-12 -0.18150591487075E+01 -0.20317085067280E-05 -0.96556764480341E-01  0.00000000000000E+00 -0.25727127666872E-13 -0.11538512887090E-02 -0.64022622431190E-03 -0.19911080148736E+01 -0.19279587476782E+01  0.21679602547952E-12
   0.15278412887704E+05  0.92173480368710E+02 -0.38986621715171E+02  0.32953286174408E+05 -0.28294371205164E+04  0.80112082605914E+04  0.42535778726556E+04  0.10067803685704E+06  0.46470517278895E+05 -0.40970664730458E+04  0.10974689420427E+04  0.10598239537867E+04  0.60199381723079E+02  0.11550905177775E+02  0.51371436290477E+05 -0.50071472122368E+04  0.44562363701206E+05  0.23557926929129E+05  0.38206864825415E+05  0.50982277771037E+02  0.61742228521862E+02  0.29052376387893E+02 -0.12579134789998E+02 -0.11746574621830E+03  0.63064825118717E+03  0.41771732055223E+02  0.34849588652204E+01 -0.10819366988963E+02  0.23062025237217E+03  0.41746278822895E+02 -0.30120508198012E+04 -0.19666687635000E+04 -0.24930551011500E+04  0.18642980155384E+04  0.41795140165698E+04 -0.14308314406481E+04 -0.29740966783729E+04 -0.74590890556000E+03  0.36967207154072E+03  0.63719232115450E+03 -0.31449229529855E+04 -0.16260671294665E+04 -0.20454249390168E+04 -0.98229762215203E+03 -0.11019058796022E+04
  -0.33460056029569E+04  0.50840522623992E+02 -0.37506026488508E+02 -0.42365159881647E+04  0.37791824739676E+03 -0.10405266268284E+04 -0.56908160472441E+03 -0.13098083623311E+05 -0.21564262711894E+04  0.53034506730364E+03 -0.12572774084808E+03 -0.15790546026723E+03 -0.10715058144351E+02 -0.87471541113017E+00 -0.50071472122368E+04  0.57452688612819E+03 -0.50413491436287E+04 -0.27692145224051E+04 -0.49463819920579E+04  0.77132602541259E+01 -0.88225277214076E+01 -0.55025204137744E+01 -0.48512919675622E+01 -0.19228606066394E+02 -0.13482356681766E+03 -0.24034888125301E+02 -0.25064422531240E+01 -0.10664209245774E+02 -0.48505644444592E+02 -0.14032271670384E+02  0.58988212870245E+03  0.37051478704002E+03  0.29569639362499E+03 -0.10841034361414E+03 -0.41956047563125E+03  0.15880488832931E+03  0.32691811118598E+03  0.86830531329688E+02 -0.10041722395745E+03 -0.17095997815170E+03  0.51904769770386E+03  0.24783724774462E+03 -0.41609387472670E+03  0.28568739502258E+03  0.31975049576703E+03
   0.20526250259841E+05 -0.24850012833192E+03  0.89643137108631E+02  0.34564710554924E+05 -0.28622865320433E+04  0.86629382594853E+04  0.44437929420269E+04  0.12148197364184E+06  0.16408816334036E+05 -0.44670396850333E+04  0.11279041661114E+04  0.14623012494320E+04  0.91571031930827E+02  0.81001282331418E+01  0.44562363701206E+05 -0.50413491436287E+04  0.45178198613870E+05  0.24584647769151E+05  0.39714754773838E+05  0.28102027760614E+02  0.80214046735469E+02  0.34378320441959E+02 -0.56857582513646E+02 -0.24689736067227E+03  0.69043192471405E+03 -0.99638922881063E+02 -0.77397294941872E+01 -0.57705797776610E+02  0.27069641573473E+03 -0.55756085268078E+01 -0.38677248540669E+04 -0.24513671770509E+04 -0.29830134723957E+04  0.26498401624835E+04  0.61374773039658E+04 -0.14089836611931E+04 -0.29409759919628E+04 -0.77745669173733E+03  0.16390232614475E+03  0.30890266472592E+03 -0.36176217237068E+04 -0.18999696354549E+04  0.26187634387677E+04 -0.23977231393658E+04 -0.26478049213456E+04
   0.14004168868396E+05 -0.15962074557529E+03  0.12316864907730E+03  0.19587718207989E+05 -0.16558229722622E+04  0.49379909466414E+04  0.25814586248536E+04  0.65481781982777E+05  0.83091181438622E+04 -0.25425145103518E+04  0.61370064942824E+03  0.83797619608944E+03  0.56304050883662E+02  0.38269816905026E+01  0.23557926929129E+05 -0.27692145224051E+04  0.24584647769151E+05  0.13544729869071E+05  0.22517438614006E+05 -0.10135357239719E+02  0.48416750032376E+02  0.23992609259854E+02 -0.16962772680737E+02 -0.53350066380469E+02  0.52383524991288E+03 -0.18857251729046E+02  0.68989170303768E+00 -0.11408915693501E+01  0.20253610041748E+03  0.16192428819752E+02 -0.26616278077503E+04 -0.16552494143476E+04 -0.14953617674418E+04  0.11593366908584E+04  0.32285294243332E+04 -0.72533053565887E+03 -0.15102208298536E+04 -0.43080916372186E+03  0.20306039877773E+03  0.36428888261413E+03 -0.23474352792733E+04 -0.11811936039468E+04  0.23428512158700E+04 -0.15973395690534E+04 -0.17682097311711E+04
   0.44476735055051E+07 -0.13932013551259E+07  0.10606791362392E+06  0.13277024702419E+07 -0.31191201912875E+06  0.54002964755732E+05  0.14298327661470E+06  0.31205197702639E+06  0.25800106287276E+05 -0.28706836050677E+05  0.26856237386918E+04  0.27952162948227E+04  0.13739182064480E+03  0.44419577582171E+02  0.38206864825415E+05 -0.49463819920579E+04  0.39714754773838E+05  0.22517438614006E+05  0.12196489701505E+08 -0.10688100076389E+06 -0.54189094016479E+05 -0.28229468283420E+05 -0.23023056411006E+05 -0.36746180897228E+05 -0.25744867236864E+06 -0.13472549338649E+06 -0.10140252148933E+05 -0.25586661305524E+05 -0.10746981771409E+06 -0.70266992032486E+05 -0.22613162956155E+05 -0.50274570757343E+05  0.67241141671443E+03 -0.35254276459180E+06 -0.17180205946111E+07 -0.10315473591103E+05 -0.20579849796726E+05 -0.13430824324862E+03 -0.11093923915331E+06 -0.47378879722368E+06 -0.15391714181009E+05 -0.48828064722032E+04  0.11460951997957E+05 -0.13498732736848E+05 -0.41783902562181E+05
  -0.64376343314723E+05  0.15246666398363E+05 -0.15303462501590E+04 -0.19396901480502E+05  0.36828443207830E+04 -0.20075620945250E+04 -0.24440556008891E+04 -0.38910644998213E+05  0.94087881206706E+04  0.12117424291580E+04 -0.20334985118687E+03  0.21349447272524E+03  0.12913479201512E+02  0.11141933863331E+01  0.50982277771037E+02  0.77132602541259E+01  0.28102027760614E+02 -0.10135357239719E+02 -0.10688100076389E+06  0.28705770740584E+04  0.94663227857647E+03  0.40524246031906E+03  0.99578492143747E+02 -0.18107228838405E+03  0.27770169702411E+04  0.90432574466118E+03  0.78422079786168E+02 -0.13175909427576E+02  0.16773742829944E+04  0.70624378791056E+03  0.00000000000000E+00  0.25987823566074E+04  0.00000000000000E+00  0.00000000000000E+00  0.40747343810850E+05  0.00000000000000E+00  0.00000000000000E+00  0.00000000000000E+00  0.00000000000000E+00  0.57436323498021E+04  0.00000000000000E+00  0.00000000000000E+00  0.00000000000000E+00  0.00000000000000E+00  0.42299308327690E+04
  -0.27312091682724E+05  0.73640825668832E+04 -0.65098013928151E+03 -0.74908659839494E+04  0.16105157900070E+04 -0.51192069692779E+03 -0.88846155247422E+03 -0.73431017213863E+04  0.14353780476667E+04  0.31259626267313E+03 -0.41400574347014E+02  0.22103091524954E+02  0.19236570722343E+01 -0.34854997477344E-01  0.61742228521862E+02 -0.88225277214076E+01  0.80214046735469E+02  0.48416750032376E+02 -0.54189094016479E+05  0.94663227857647E+03  0.40276630288496E+03  0.19165061315522E+03  0.80154334657422E+02  0.53769581361875E+02  0.12931856321203E+04  0.54480108578235E+03  0.52592145046699E+02  0.89529707679041E+02  0.75909711015380E+03  0.40051994890523E+03  0.00000000000000E+00  0.67427311438678E+03  0.00000000000000E+00  0.00000000000000E+00  0.15090201063989E+05  0.00000000000000E+00  0.00000000000000E+00  0.00000000000000E+00  0.00000000000000E+00  0.28770719034760E+04  0.00000000000000E+00  0.00000000000000E+00  0.00000000000000E+00  0.00000000000000E+00  0.87679355843115E+03
  -0.12769708167619E+05  0.37785696342267E+04 -0.30446485093478E+03 -0.31229547111260E+04  0.73086069413733E+03 -0.12323527060041E+03 -0.33996387043920E+03 -0.18716217462043E+04  0.31703724592132E+03  0.96915849781623E+02 -0.10923704099542E+02  0.69484071112245E+00  0.14962157572746E+00 -0.16123507549225E-01  0.29052376387893E+02 -0.55025204137744E+01  0.34378320441959E+02  0.23992609259854E+02 -0.28229468283420E+05  0.40524246031906E+03  0.19165061315522E+03  0.97321755160955E+02  0.51423909916685E+02  0.63570203183618E+02  0.64411159847844E+03  0.32352349345362E+03  0.31160108981453E+02  0.67883572623869E+02  0.36585658626597E+03  0.22724929095206E+03  0.00000000000000E+00  0.19708870554365E+03  0.00000000000000E+00  0.00000000000000E+00  0.64616924684735E+04  0.00000000000000E+00  0.00000000000000E+00  0.00000000000000E+00  0.00000000000000E+00  0.14783743188111E+04  0.00000000000000E+00  0.00000000000000E+00  0.00000000000000E+00  0.00000000000000E+00  0.25845213288075E+03
  -0.11229000664383E+05  0.53561542592832E+04 -0.26984631485559E+03 -0.51628373645179E+03  0.31270978227824E+03  0.26467778544114E+03  0.51783194927321E+02  0.45389873157425E+04 -0.99786802596883E+03 -0.13700211133700E+03  0.24974316976013E+02  0.37312906464814E+02  0.43635020991192E+01 -0.22198774102221E-01 -0.12579134789998E+02 -0.48512919675622E+01 -0.56857582513646E+02 -0.16962772680737E+02 -0.23023056411006E+05  0.99578492143747E+02  0.80154334657422E+02  0.51423909916685E+02  0.18030153077543E+03  0.43208389562866E+03  0.11110307251666E+04  0.91995214420126E+03  0.30232503280075E+02  0.93436722470028E+02  0.18270402012206E+03  0.19651996163471E+03 -0.71596661363242E+02 -0.21513239949344E+02  0.29666334952328E+01  0.87193045718614E+03  0.59665121751874E+03  0.00000000000000E+00  0.00000000000000E+00  0.00000000000000E+00  0.17090572224779E+04  0.13694353494545E+04  0.00000000000000E+00  0.00000000000000E+00  0.00000000000000E+00 -0.30944023861454E+03 -0.17057624294107E+03
  -0.34880697587607E+04  0.80519956181568E+04 -0.11856339924188E+03  0.26900401908128E+04  0.19615540238542E+03  0.13791426532369E+04  0.70443354620408E+03  0.33759014927056E+05 -0.78585503309446E+04 -0.96372497009701E+03  0.18133978304933E+03  0.31527852035650E+03  0.32256399877816E+02 -0.13295558295003E+00 -0.11746574621830E+03 -0.19228606066394E+02 -0.24689736067227E+03 -0.53350066380469E+02 -0.36746180897228E+05 -0.18107228838405E+03  0.53769581361875E+02  0.63570203183618E+02  0.43208389562866E+03  0.15785819776882E+04  0.15399621085514E+04  0.16574330177091E+04  0.69972089837337E+02  0.30168934594810E+03  0.21874768547159E+03  0.36903190817312E+03 -0.27175535601003E+03 -0.94913334341254E+02 -0.40128133169998E+02 -0.72041340284153E+04 -0.65033069155163E+04  0.00000000000000E+00  0.00000000000000E+00  0.00000000000000E+00  0.35064275831223E+04  0.27472889584541E+04  0.00000000000000E+00  0.00000000000000E+00  0.00000000000000E+00 -0.25581904542747E+04 -0.14062001298541E+04
  -0.21602812912668E+06  0.62337331221832E+05 -0.51621841857078E+04 -0.30033443171396E+05  0.70930979572250E+04 -0.10904667998644E+04 -0.32688005672088E+04 -0.21635111567148E+05  0.34075944580424E+04  0.12134588527087E+04 -0.12823359021640E+03 -0.45590871270713E+02 -0.87423808637814E+01  0.57380258261711E-01  0.63064825118717E+03 -0.13482356681766E+03  0.69043192471405E+03  0.52383524991288E+03 -0.25744867236864E+06  0.27770169702411E+04  0.12931856321203E+04  0.64411159847844E+03  0.11110307251666E+04  0.15399621085514E+04  0.14726710293251E+05  0.66407762339721E+04  0.24292336627972E+03  0.57649575929860E+03  0.30452126028836E+04  0.16861184175916E+04  0.26036422160911E+03  0.10042135387317E+03  0.11077729825943E+01  0.46715419375196E+05  0.45738858343893E+05  0.00000000000000E+00  0.00000000000000E+00  0.00000000000000E+00  0.18126780590086E+05  0.14602410874810E+05  0.00000000000000E+00  0.00000000000000E+00  0.00000000000000E+00  0.19440717544553E+04  0.11829851567248E+04
  -0.78219292150525E+05  0.31941899209787E+05 -0.18525105310076E+04 -0.61744010315805E+04  0.20490125706088E+04  0.62755537407182E+03 -0.28732657294523E+03  0.48176453887777E+04 -0.99500455788159E+03 -0.13204979346429E+03  0.27319078272665E+02  0.30142552153180E+02  0.45933962956988E+01 -0.18455709366040E-01  0.41771732055223E+02 -0.24034888125301E+02 -0.99638922881063E+02 -0.18857251729046E+02 -0.13472549338649E+06  0.90432574466118E+03  0.54480108578235E+03  0.32352349345362E+03  0.91995214420126E+03  0.16574330177091E+04  0.66407762339721E+04  0.53352871291994E+04  0.15304191775860E+03  0.38540615589589E+03  0.11149991057081E+04  0.10942973187810E+04 -0.26610651469844E+03 -0.71876491972038E+02  0.12833581115719E+02  0.13312935809323E+05  0.10740093436059E+05  0.00000000000000E+00  0.00000000000000E+00  0.00000000000000E+00  0.84716407908382E+04  0.69416639632064E+04  0.00000000000000E+00  0.00000000000000E+00  0.00000000000000E+00 -0.20448482216038E+03 -0.10721829604184E+03
  -0.35168889895831E+04  0.13147747641099E+04 -0.84594467867984E+02 -0.54059872703776E+03  0.19690667660336E+03  0.85218489290671E+02 -0.22192695431450E+02  0.10232469904900E+04 -0.24516886215596E+03 -0.24169056118979E+02  0.54664088264260E+01 -0.27652404268122E+01 -0.27204752002792E+00  0.96222702682476E-02  0.34849588652204E+01 -0.25064422531240E+01 -0.77397294941872E+01  0.68989170303768E+00 -0.10140252148933E+05  0.78422079786168E+02  0.52592145046699E+02  0.31160108981453E+02  0.30232503280075E+02  0.69972089837337E+02  0.24292336627972E+03  0.15304191775860E+03  0.17433488200308E+02  0.56903045152467E+02  0.12970327405282E+03  0.10834944031613E+03  0.00000000000000E+00 -0.75402881532306E+01  0.00000000000000E+00  0.00000000000000E+00  0.87105754971156E+03  0.00000000000000E+00  0.00000000000000E+00  0.00000000000000E+00  0.00000000000000E+00  0.85444242828406E+03  0.00000000000000E+00  0.00000000000000E+00  0.00000000000000E+00  0.00000000000000E+00 -0.70484747400070E+02
  -0.63167096960720E+04  0.31362310540751E+04 -0.15874327314467E+03 -0.15309955478254E+03  0.43955504780660E+03  0.63071653585350E+03  0.16541098270525E+03  0.10487533819724E+05 -0.25423690981605E+04 -0.27117615130848E+03  0.55456569222481E+02 -0.36574643929557E+02 -0.29730135177369E+01  0.10486346697552E+00 -0.10819366988963E+02 -0.10664209245774E+02 -0.57705797776610E+02 -0.11408915693501E+01 -0.25586661305524E+05 -0.13175909427576E+02  0.89529707679041E+02  0.67883572623869E+02  0.93436722470028E+02  0.30168934594810E+03  0.57649575929860E+03  0.38540615589589E+03  0.56903045152467E+02  0.25616730847459E+03  0.30486445347433E+03  0.28876477881452E+03  0.00000000000000E+00 -0.49052607573102E+02  0.00000000000000E+00  0.00000000000000E+00 -0.16076700808781E+04  0.00000000000000E+00  0.00000000000000E+00  0.00000000000000E+00  0.00000000000000E+00  0.23755636899816E+04  0.00000000000000E+00  0.00000000000000E+00  0.00000000000000E+00  0.00000000000000E+00 -0.86681206234957E+03
  -0.55263125576256E+05  0.14750841866469E+05 -0.13229701855195E+04 -0.14477676684814E+05  0.33081258128169E+04 -0.68089623214250E+03 -0.16527854733579E+04 -0.87073839023490E+04  0.14031740686840E+04  0.47770029621076E+03 -0.51322355772566E+02 -0.43945686483097E+01 -0.17140353803965E+00 -0.38887827150378E-01  0.23062025237217E+03 -0.48505644444592E+02  0.27069641573473E+03  0.20253610041748E+03 -0.10746981771409E+06  0.16773742829944E+04  0.75909711015380E+03  0.36585658626597E+03  0.18270402012206E+03  0.21874768547159E+03  0.30452126028836E+04  0.11149991057081E+04  0.12970327405282E+03  0.30486445347433E+03  0.18165780611196E+04  0.89059933504044E+03  0.00000000000000E+00  0.83826947570029E+02  0.00000000000000E+00  0.00000000000000E+00  0.28285840318181E+05  0.00000000000000E+00  0.00000000000000E+00  0.00000000000000E+00  0.00000000000000E+00  0.82572802524354E+04  0.00000000000000E+00  0.00000000000000E+00  0.00000000000000E+00  0.00000000000000E+00  0.80496368178758E+03
  -0.26020672468893E+05  0.92651218952243E+04 -0.62000914904846E+03 -0.45564143885352E+04  0.13558825184551E+04  0.23644534783762E+03 -0.32564224946895E+03  0.10406108114443E+04 -0.28306474244905E+03  0.21933848738846E+01  0.54392965380429E+01 -0.11529014777049E+01 -0.25275667750032E+00  0.11833458271395E-02  0.41746278822895E+02 -0.14032271670384E+02 -0.55756085268078E+01  0.16192428819752E+02 -0.70266992032486E+05  0.70624378791056E+03  0.40051994890523E+03  0.22724929095206E+03  0.19651996163471E+03  0.36903190817312E+03  0.16861184175916E+04  0.10942973187810E+04  0.10834944031613E+03  0.28876477881452E+03  0.89059933504044E+03  0.74230131000342E+03  0.00000000000000E+00 -0.31372515467847E+02  0.00000000000000E+00  0.00000000000000E+00  0.91260551285368E+04  0.00000000000000E+00  0.00000000000000E+00  0.00000000000000E+00  0.00000000000000E+00  0.54334470805121E+04  0.00000000000000E+00  0.00000000000000E+00  0.00000000000000E+00  0.00000000000000E+00 -0.11628912778078E+01
  -0.13850861187323E+06  0.17015034094571E+05 -0.32750279704042E+04 -0.13029388814220E+05  0.20126062637017E+04 -0.21563852675451E+04 -0.20212794283215E+04 -0.62888328745313E+05  0.11133429238092E+05  0.25683663474485E+04 -0.36943477497588E+03 -0.81514367133963E+03 -0.11420969618978E+03  0.52475863661898E-01 -0.30120508198012E+04  0.58988212870245E+03 -0.38677248540669E+04 -0.26616278077503E+04 -0.22613162956155E+05  0.00000000000000E+00  0.00000000000000E+00  0.00000000000000E+00 -0.71596661363242E+02 -0.27175535601003E+03  0.26036422160911E+03 -0.26610651469844E+03  0.00000000000000E+00  0.00000000000000E+00  0.00000000000000E+00  0.00000000000000E+00  0.11649471696461E+06  0.00000000000000E+00  0.00000000000000E+00  0.00000000000000E+00  0.00000000000000E+00  0.00000000000000E+00  0.00000000000000E+00  0.00000000000000E+00  0.00000000000000E+00  0.00000000000000E+00  0.00000000000000E+00  0.00000000000000E+00  0.00000000000000E+00  0.00000000000000E+00  0.00000000000000E+00
  -0.58460397106165E+05  0.83382152731649E+04 -0.13744020438318E+04 -0.21651962791516E+05  0.34357351950099E+04 -0.33712510388718E+04 -0.32207590333810E+04 -0.50181469400630E+05  0.10528157461919E+05  0.17529034619792E+04 -0.27849930812797E+03  0.35813165081949E-10 -0.43882749458170E-12 -0.46694057292896E-12 -0.19666687635000E+04  0.37051478704002E+03 -0.24513671770509E+04 -0.16552494143476E+04 -0.50274570757343E+05  0.25987823566074E+04  0.67427311438678E+03  0.19708870554365E+03 -0.21513239949344E+02 -0.94913334341254E+02  0.10042135387317E+03 -0.71876491972038E+02 -0.75402881532306E+01 -0.49052607573102E+02  0.83826947570029E+02 -0.31372515467847E+02  0.00000000000000E+00  0.64634952576786E+05  0.00000000000000E+00  0.00000000000000E+00  0.00000000000000E+00  0.00000000000000E+00  0.00000000000000E+00  0.00000000000000E+00  0.00000000000000E+00  0.00000000000000E+00  0.00000000000000E+00  0.00000000000000E+00  0.00000000000000E+00  0.00000000000000E+00  0.00000000000000E+00
  -0.63164061879747E+04 -0.12927512567948E+03 -0.17707796147891E+02 -0.17225008071314E+03 -0.51119811218747E+02  0.74805819498570E+02  0.94747534507541E+02 -0.77299887097512E+05  0.26371679394475E+05  0.75635744484800E+03 -0.31190389365052E+03 -0.51687959578637E+03 -0.20176561248970E+02 -0.44205913444739E+01 -0.24930551011500E+04  0.29569639362499E+03 -0.29830134723957E+04 -0.14953617674418E+04  0.67241141671443E+03  0.00000000000000E+00  0.00000000000000E+00  0.00000000000000E+00  0.29666334952328E+01 -0.40128133169998E+02  0.11077729825943E+01  0.12833581115719E+02  0.00000000000000E+00  0.00000000000000E+00  0.00000000000000E+00  0.00000000000000E+00  0.00000000000000E+00  0.00000000000000E+00  0.30698626670436E+05  0.00000000000000E+00  0.00000000000000E+00  0.00000000000000E+00  0.00000000000000E+00  0.00000000000000E+00  0.00000000000000E+00  0.00000000000000E+00  0.00000000000000E+00  0.00000000000000E+00  0.00000000000000E+00  0.00000000000000E+00  0.00000000000000E+00
  -0.88521461055861E+06  0.20057257717529E+06 -0.20844165314965E+05 -0.66307140699462E+05  0.12323640166559E+05 -0.75722028443464E+04 -0.87163705878311E+04 -0.30923468576728E+06  0.68960524592299E+05  0.10460414893923E+05 -0.16766508156168E+04 -0.38557369946094E+04 -0.43172939634306E+03 -0.38073446691057E+00  0.18642980155384E+04 -0.10841034361414E+03  0.26498401624835E+04  0.11593366908584E+04 -0.35254276459180E+06  0.00000000000000E+00  0.00000000000000E+00  0.00000000000000E+00  0.87193045718614E+03 -0.72041340284153E+04  0.46715419375196E+05  0.13312935809323E+05  0.00000000000000E+00  0.00000000000000E+00  0.00000000000000E+00  0.00000000000000E+00  0.00000000000000E+00  0.00000000000000E+00  0.00000000000000E+00  0.58406525188778E+06  0.00000000000000E+00  0.00000000000000E+00  0.00000000000000E+00  0.00000000000000E+00  0.00000000000000E+00  0.00000000000000E+00  0.00000000000000E+00  0.00000000000000E+00  0.00000000000000E+00  0.00000000000000E+00  0.00000000000000E+00
  -0.11313450778291E+07  0.24987109897244E+06 -0.26777949176861E+05 -0.34081160353634E+06  0.64502396503213E+05 -0.36548071037518E+05 -0.44910181087062E+05 -0.58507926168956E+06  0.12628758043161E+06  0.21005169064107E+05 -0.32060395002616E+04  0.17348225213471E-10  0.75506551747476E-11  0.97528740069896E-12  0.41795140165698E+04 -0.41956047563125E+03  0.61374773039658E+04  0.32285294243332E+04 -0.17180205946111E+07  0.40747343810850E+05  0.15090201063989E+05  0.64616924684735E+04  0.59665121751874E+03 -0.65033069155163E+04  0.45738858343893E+05  0.10740093436059E+05  0.87105754971156E+03 -0.16076700808781E+04  0.28285840318181E+05  0.91260551285368E+04  0.00000000000000E+00  0.00000000000000E+00  0.00000000000000E+00  0.00000000000000E+00  0.91781497546001E+06  0.00000000000000E+00  0.00000000000000E+00  0.00000000000000E+00  0.00000000000000E+00  0.00000000000000E+00  0.00000000000000E+00  0.00000000000000E+00  0.00000000000000E+00  0.00000000000000E+00  0.00000000000000E+00
  -0.21355741014339E+05  0.56045552038796E+04 -0.51373439161885E+03 -0.12263129115037E+04  0.31609774426870E+03 -0.49087988860541E+01 -0.13413346186880E+03 -0.75654762918399E+05  0.22705290250747E+05  0.13936419375246E+04 -0.35197509333386E+03 -0.16425402398771E+04 -0.10134179396547E+03 -0.18150591487075E+01 -0.14308314406481E+04  0.15880488832931E+03 -0.14089836611931E+04 -0.72533053565887E+03 -0.10315473591103E+05  0.00000000000000E+00  0.00000000000000E+00  0.00000000000000E+00  0.00000000000000E+00  0.00000000000000E+00  0.00000000000000E+00  0.00000000000000E+00  0.00000000000000E+00  0.00000000000000E+00  0.00000000000000E+00  0.00000000000000E+00  0.00000000000000E+00  0.00000000000000E+00  0.00000000000000E+00  0.00000000000000E+00  0.00000000000000E+00  0.13496107438225E+05  0.00000000000000E+00  0.00000000000000E+00  0.00000000000000E+00  0.00000000000000E+00  0.00000000000000E+00  0.00000000000000E+00  0.00000000000000E+00  0.00000000000000E+00  0.00000000000000E+00
