# fitpack15: fit parameters                                                                         
# CJ15 AV18 final data choices                                                                      
# Created on 03/21/2019 at 15:21:15                                                                 

 # QCD setup
  INS                           0
  NVL                          11
  IORD                          1
  Q02                   1.6899999999999999     
  IPARAMC                       7
  FLAVOR                5.0000000000000000     
  xmc                   1.3000000000000000     
  xmb                   4.5000000000000000     
  ncb                          12
  ihq                           1
  ias                           0

 # Theory corrections
  inuke                     10814
  itmc                          1
  iht                           1

 # fit parameters
 LAMBDA       0.22680        0.0000    
 a0uv          2.1568        0.0000    
 a1uv         0.59073       0.30321E-01
 a2uv          3.5590       0.15335E-01
 a3uv          0.0000        0.0000    
 a4uv          4.0523       0.75299    
 a5uv          0.0000        0.0000    
 a0dv          19.489        0.0000    
 a1dv          1.0920       0.71462E-01
 a2dv          6.5358       0.20561    
 a3dv         -3.5961       0.12372    
 a4dv          5.1261       0.36984    
 a5dv          0.0000        0.0000    
 a0ud         0.13970       0.57730E-02
 a1ud        -0.21252       0.43906E-02
 a2ud          8.7262       0.25385    
 a3ud          0.0000        0.0000    
 a4ud          17.302        2.0231    
 a5ud          0.0000        0.0000    
 a0du          35712.        0.0000    
 a1du          3.9723       0.10088    
 a2du          20.527       0.97869    
 a3du          17.000        0.0000    
 a4du          44.573        11.693    
 a0g           49.046        0.0000    
 a1g          0.61375       0.33398E-01
 a2g           6.8010       0.94154    
 a3g          -3.4332       0.14824    
 a4g           3.4722       0.37677    
 a5g           0.0000        0.0000    
 kappa        0.40000        0.0000    
 a6dv        -0.38136E-02   0.27099E-02
 a7dv          2.0000        0.0000    
 off1         -4.8592        3.8879    
 off2         0.12331E-01   0.64362E-01
 ht1          -3.4022       0.25772    
 ht2           1.9607       0.11045    
 ht3          -2.0839       0.18761E-01
 ht4           0.0000        0.0000    
 dummy40       0.0000        0.0000    
 dummy41       0.0000        0.0000    
 dummy42       0.0000        0.0000    
 dummy43       0.0000        0.0000    
 dummy44       0.0000        0.0000    
 dummy45       0.0000        0.0000    
 dummy46       0.0000        0.0000    
 dummy47       0.0000        0.0000    
 dummy48       0.0000        0.0000    
 dummy49       0.0000        0.0000    
 bcdmsh2      0.96997       0.49886E-02
 bcdmsd2      0.99134       0.59792E-02
 ccfr          1.0000        0.0000    
 nutev         1.0000        0.0000    
 zeus         0.97998        0.0000    
 h1            1.0162        0.0000    
 e605          1.0319        0.0000    
 NmcH2         1.0078       0.73018E-02
 ntv_nu        1.0000        0.0000    
 ntv_nubar     1.0000        0.0000    
 cdf_jet      0.98910        0.0000    
 d0_jet       0.83504        0.0000    
 slac_p        1.0011       0.50517E-02
 slac_d        1.0025       0.55577E-02
 e866pp       0.96269       0.24198E-01
 e866pd       0.96923       0.20361E-01
 d0_gamjet     1.0368       0.16682E-01
 h1b          0.97608        0.0000    
 jlab_p       0.99439        0.0000    
 jlab_d       0.97560        0.0000    
 blank         1.0000        0.0000    
 d0run2       0.94258       0.14210E-01
 cdfrun2      0.92983       0.17338E-01
 HERA_el       1.0000        0.0000    
 HERA_ps       1.0000        0.0000    
 CDF_Z        0.96161       0.74766E-02
 NmcRat        1.0000        0.0000    
 BNS_F2nd     0.98244        0.0000    
 HERMES_F2p   0.99515       0.57514E-02
 HERMES_F2d   0.97860       0.60351E-02
 e03103_p     0.99626       0.55238E-02
 e03103_d     0.97851       0.58495E-02
 END 0. 0.

 # Hessian matrix (Bevington alpha)
   0.51587356884248E+07 -0.13505491174135E+07  0.21676948527111E+06  0.92119222656327E+06 -0.18990643612597E+06  0.43995346531790E+05  0.10363929817734E+06  0.12165643138845E+07 -0.17328593128890E+06 -0.60458034752026E+05  0.87737285344574E+04  0.12022841638679E+05  0.13674258289109E+04 -0.20839476849994E+02  0.45526330591336E+05 -0.58780217585771E+04  0.40705189323004E+05  0.23232047096963E+05 -0.72193504951023E+07 -0.31195120413507E+04 -0.21139858385634E+06  0.69329186602494E+05  0.21307554422713E+06  0.74900607749702E+06 -0.12980582458253E+06 -0.54718694117310E+05 -0.47895667434560E+04 -0.85660497594124E+06 -0.11021154901644E+07 -0.21035293347152E+05 -0.47072362896626E+05 -0.31438398579506E+04 -0.90458450561793E+04 -0.31943160947620E+04 -0.16566440988046E+05 -0.72572455655007E+05 -0.56854380508422E+05 -0.31489068837952E+06 -0.53232207773608E+06
  -0.13505491174135E+07  0.42323612730238E+06 -0.58139701758999E+05 -0.20832068889267E+06  0.47241421227024E+05 -0.46491356481194E+03 -0.19482996421698E+05 -0.16133135834755E+06  0.25284901437707E+05  0.90513545411974E+04 -0.11219765711282E+04 -0.78502972829318E+03 -0.93638362792657E+02  0.13408104616545E+01 -0.43330181666992E+04  0.42540439770530E+03 -0.40564653710839E+04 -0.20421074291250E+04  0.22941002266162E+07  0.10065804897543E+04  0.56305361956305E+05 -0.14467149356785E+05 -0.48146751419383E+05 -0.19144757027494E+06  0.16709396762713E+05  0.82155398394143E+04 -0.21885984520947E+03  0.21070539101176E+06  0.26442598031830E+06  0.58580640023942E+04  0.13248132708970E+05  0.42149648474160E+03  0.24146509918742E+04  0.76501454781059E+03 -0.22676214335325E+04  0.86325888023748E+04  0.72009282537310E+04  0.80635003839924E+05  0.13505541789326E+06
   0.21676948527111E+06 -0.58139701758999E+05  0.91826714481066E+04  0.38215853101265E+05 -0.80393898631232E+04  0.15033462731507E+04  0.42166956452075E+04  0.40316930549645E+05 -0.51643991245721E+04 -0.22677328849260E+04  0.29769540256409E+03  0.29329326912434E+03  0.42104569539362E+02 -0.11133908885801E+01  0.11968593404186E+04 -0.16097690514162E+03  0.11123499024959E+04  0.63810460594011E+03 -0.31122590716914E+06 -0.13507121884108E+03 -0.89581089819269E+04  0.28449506945131E+04  0.87428630902823E+04  0.31396451062033E+05 -0.50608026316789E+04 -0.21414223453413E+04  0.34312921922570E+02 -0.35049948735812E+05 -0.45311697322530E+05 -0.89832270821715E+03 -0.20174356094207E+04 -0.10862772480226E+03 -0.37947337597820E+03 -0.13226229833856E+03 -0.17833680138657E+02 -0.23734391761714E+04 -0.19071861169593E+04 -0.13418428793590E+05 -0.22736683976947E+05
   0.92119222656327E+06 -0.20832068889267E+06  0.38215853101265E+05  0.26365875491213E+06 -0.50599861540114E+05  0.20952241705963E+05  0.33265103954824E+05  0.30115833528680E+06 -0.43543683417911E+05 -0.15488104543234E+05  0.21709740103908E+04  0.10105921059975E+04  0.10347120065854E+03  0.47595911577080E+01  0.92605429648765E+04 -0.11546154998372E+04  0.76526870105462E+04  0.43810542800096E+04 -0.15014291823544E+07 -0.73925852177931E+03 -0.66444313299468E+05  0.25793833707595E+05  0.71205069827997E+05  0.26341609653196E+06 -0.13181585642779E+05 -0.21735315234321E+05 -0.17192252145241E+03 -0.67041314371868E+05 -0.34573855095684E+06 -0.14647027888388E+04 -0.24704553432933E+04 -0.72972003263662E+02 -0.24841015174307E+04 -0.97060434066020E+03 -0.10956524375981E+05 -0.75094433782381E+04 -0.22119878097798E+05 -0.23607566578872E+05 -0.15830597937854E+06
  -0.18990643612597E+06  0.47241421227024E+05 -0.80393898631232E+04 -0.50599861540114E+05  0.10578889031336E+05 -0.22709872214165E+04 -0.58525465107717E+04 -0.31110360107934E+05  0.25570237709192E+04  0.22287997612123E+04 -0.24479175661366E+03 -0.20516376566201E+03 -0.16243739043545E+02 -0.72222043355303E+00 -0.80005233977316E+03  0.83615324880666E+02 -0.68173396484652E+03 -0.35405026794643E+03  0.34835145904519E+06  0.17961235505393E+03  0.13674069251399E+05 -0.47783000637340E+04 -0.13209110605305E+05 -0.51413178019147E+05  0.20229482349328E+04  0.34042796523471E+04 -0.50036827391409E+02  0.12085347983029E+05  0.63591869527754E+05  0.35271905806584E+03  0.57954274747728E+03  0.92470758078912E+01  0.47587259953571E+03  0.17606385477333E+03  0.43018416910102E+03  0.83674993532564E+03  0.25645306473971E+04  0.51037735876578E+04  0.35084612081249E+05
   0.43995346531790E+05 -0.46491356481194E+03  0.15033462731507E+04  0.20952241705963E+05 -0.22709872214165E+04  0.54832175211572E+04  0.38680056527373E+04  0.70212006153919E+05 -0.12266723782807E+05 -0.27013847116422E+04  0.48769806241575E+03  0.11298635608710E+03  0.16940638217439E+02  0.15353260934732E+01  0.21189991613583E+04 -0.32440013432437E+03  0.17290563219123E+04  0.11225890328005E+04  0.10995995577068E+05  0.23668793867421E+02 -0.33824717168994E+04  0.23214901340307E+04  0.63713588142853E+04  0.18285447827453E+05 -0.21848002338205E+04 -0.33524384146618E+04  0.82968056643891E+02 -0.67358937686129E+04 -0.32030542433015E+05  0.28279793292098E+02  0.20541592934340E+02 -0.15868871720818E+02 -0.18804649062121E+03 -0.99254460301043E+02 -0.30153378769052E+04 -0.16418412561660E+04 -0.46714399020489E+04 -0.70945600246130E+03 -0.31666526035881E+04
   0.10363929817734E+06 -0.19482996421698E+05  0.42166956452075E+04  0.33265103954824E+05 -0.58525465107717E+04  0.38680056527373E+04  0.47144849863102E+04  0.42824575610368E+05 -0.53107235868951E+04 -0.23103002305497E+04  0.32020258380119E+03  0.16268456703185E+03  0.16411202196759E+02  0.10153123157844E+01  0.11140101797548E+04 -0.16174799470019E+03  0.85995243188395E+03  0.54409117528925E+03 -0.13501948779339E+06 -0.61458739086238E+02 -0.76916410183333E+04  0.33101336417384E+04  0.90182826082783E+04  0.31385437987684E+05 -0.20947041960665E+04 -0.32848933829115E+04  0.10286252600942E+03 -0.84929486279546E+04 -0.43763584059120E+05 -0.14215947332132E+03 -0.23421850856740E+03 -0.11496742456540E+02 -0.30431294277897E+03 -0.12842352551193E+03 -0.13004635891592E+04 -0.10269408821908E+04 -0.30313627362068E+04 -0.25768069268741E+04 -0.16712718183037E+05
   0.12165643138845E+07 -0.16133135834755E+06  0.40316930549645E+05  0.30115833528680E+06 -0.31110360107934E+05  0.70212006153919E+05  0.42824575610368E+05  0.54830950269645E+07 -0.24615842514349E+07 -0.87030427952597E+05  0.23985499267306E+05  0.33068879555376E+05  0.21886739433156E+04  0.99950793557241E+02  0.70482906497859E+05 -0.91308384369933E+04  0.68921273390447E+05  0.37548541693252E+05 -0.49613837121272E+06  0.15160469517402E+03 -0.32054390666764E+05  0.38022141571117E+05  0.11488758889941E+06  0.31772707969393E+06 -0.61698196343583E+05 -0.50010726901892E+05 -0.71376938908462E+05 -0.29022700859518E+06 -0.57245508236400E+06 -0.76119128210034E+05 -0.16929622566470E+06 -0.13714985161245E+04  0.44389302607599E+03  0.33722538668545E+03 -0.28044496103674E+06 -0.14525062599389E+06 -0.18102647199027E+06 -0.31383728237673E+05 -0.73243333245484E+05
  -0.17328593128890E+06  0.25284901437707E+05 -0.51643991245721E+04 -0.43543683417911E+05  0.25570237709192E+04 -0.12266723782807E+05 -0.53107235868951E+04 -0.24615842514349E+07  0.19314543573158E+07  0.19690783441222E+05 -0.61444652089305E+04 -0.63431787872131E+04 -0.33144081978248E+03 -0.25507711031133E+02  0.46586421055653E+05 -0.21150081166826E+04  0.13861534702715E+05  0.66920842378362E+04  0.24964503085273E+05 -0.80163058388210E+02  0.17407549550549E+04 -0.78990039315114E+04 -0.24665752011709E+05 -0.66159709297836E+05  0.11136382949821E+05  0.10695775812640E+05  0.24698711961709E+05  0.65405240376482E+05  0.12506519924950E+06  0.23300143942599E+05  0.51975408311548E+05  0.17405052246495E+03 -0.12968963451269E+04 -0.71291415514950E+03  0.11372108152720E+06  0.44900577153636E+05  0.55446375119094E+05  0.44633340836767E+04  0.10117695346361E+05
  -0.60458034752026E+05  0.90513545411974E+04 -0.22677328849260E+04 -0.15488104543234E+05  0.22287997612123E+04 -0.27013847116422E+04 -0.23103002305497E+04 -0.87030427952597E+05  0.19690783441222E+05  0.25104797754271E+04 -0.53723503236861E+03 -0.81404321884057E+03 -0.70221615712682E+02 -0.72062876281479E+00 -0.32312664666170E+04  0.39763304818136E+03 -0.26596729174723E+04 -0.15282650847339E+04  0.43126699321680E+05  0.10171143131206E+02  0.25016749608020E+04 -0.15572587079715E+04 -0.44776990986578E+04 -0.13242368583878E+05  0.26339900684907E+04  0.18273104575771E+04  0.73087693061727E+03  0.10477856622447E+05  0.21790866726725E+05  0.14892698718388E+04  0.32391939693575E+04  0.42078285721712E+02  0.12065815941039E+03  0.54305094666456E+02  0.31388688964948E+04  0.27737118281606E+04  0.35364149221640E+04  0.20599628859655E+04  0.50911442400567E+04
   0.87737285344574E+04 -0.11219765711282E+04  0.29769540256409E+03  0.21709740103908E+04 -0.24479175661366E+03  0.48769806241575E+03  0.32020258380119E+03  0.23985499267306E+05 -0.61444652089305E+04 -0.53723503236861E+03  0.13766685783989E+03  0.21897605644211E+03  0.15619153578029E+02  0.45752296641423E+00  0.95508331410074E+03 -0.10463065382033E+03  0.75360615339222E+03  0.41344746430572E+03 -0.40797010329779E+04  0.49773585970513E+00 -0.25588759947528E+03  0.24076150860040E+03  0.71956812666312E+03  0.20066587037843E+04 -0.41221770069707E+03 -0.31465343241750E+03 -0.31833284658726E+03 -0.17879085575458E+04 -0.35652311900611E+04 -0.39608100752663E+03 -0.88041633559316E+03 -0.97672633710466E+01 -0.10742231469804E+02 -0.51317921364044E+01 -0.10797654264293E+04 -0.75421631770844E+03 -0.94621872493933E+03 -0.21684283836442E+03 -0.50700629682733E+03
   0.12022841638679E+05 -0.78502972829318E+03  0.29329326912434E+03  0.10105921059975E+04 -0.20516376566201E+03  0.11298635608710E+03  0.16268456703185E+03  0.33068879555376E+05 -0.63431787872131E+04 -0.81404321884057E+03  0.21897605644211E+03  0.20024366862131E+04  0.12272893035727E+03  0.14792025244702E+01  0.21432895905719E+04 -0.28128146444276E+03  0.20504517212152E+04  0.11686601940402E+04 -0.62378792260893E+04 -0.61838334161427E+01 -0.86352813752972E+02 -0.80722249297928E+02 -0.29879345179345E+02 -0.16475307287124E+04 -0.11686224624125E+04  0.51107597948292E-10 -0.85610620554929E+03 -0.53503429486850E+04  0.11657757007620E-10 -0.27169421062416E+04 -0.66271651768251E+02 -0.87943546822196E+02 -0.18895520541830E+01 -0.81690411035742E+00  0.33332849452147E+03 -0.30624846716187E+04 -0.96559986812653E-10 -0.67770534332520E+02 -0.56623934725472E-10
   0.13674258289109E+04 -0.93638362792657E+02  0.42104569539362E+02  0.10347120065854E+03 -0.16243739043545E+02  0.16940638217439E+02  0.16411202196759E+02  0.21886739433156E+04 -0.33144081978248E+03 -0.70221615712682E+02  0.15619153578029E+02  0.12272893035727E+03  0.10363825991464E+02 -0.58954775780395E-01  0.12951292444706E+03 -0.19219995446994E+02  0.12691316762801E+03  0.77050255781042E+02 -0.40958531424094E+03 -0.40060200699836E+00  0.11801352695863E+02 -0.43179423900687E+01  0.59909555362263E+01 -0.14490201391663E+03 -0.16861187744510E+03 -0.24457274247779E-11 -0.31573311531124E+02 -0.60787962872639E+03 -0.96452225840368E-11 -0.16324873189340E+03 -0.17146010653277E+02 -0.67994665285629E+01 -0.19064451117863E+00 -0.74589310280190E-01  0.31852429041191E+02 -0.21194448719016E+03 -0.11893739988006E-10 -0.23298856302842E+02  0.46004780454117E-11
  -0.20839476849994E+02  0.13408104616545E+01 -0.11133908885801E+01  0.47595911577080E+01 -0.72222043355303E+00  0.15353260934732E+01  0.10153123157844E+01  0.99950793557241E+02 -0.25507711031133E+02 -0.72062876281479E+00  0.45752296641423E+00  0.14792025244702E+01 -0.58954775780395E-01  0.55667223465305E-01  0.95701579234670E+01 -0.43703060231242E+00  0.42142195337427E+01  0.15061722757751E+01 -0.17230913446845E+02 -0.94672217878076E-02 -0.50759674790007E+01  0.12037212237921E+00  0.38401915820849E+00  0.14064971091976E+01  0.66265565536693E-01  0.38854608250012E-12 -0.90573297240691E+01 -0.19319103235320E+01 -0.50222421180361E-12 -0.62300138992200E+01 -0.14215118104338E-03 -0.22632843477602E+00 -0.28116589819714E-02 -0.15247710081590E-02 -0.17148722018016E+01 -0.59241191442076E+01 -0.19539783299457E-11 -0.43536627653923E-05  0.88524630331739E-12
   0.45526330591336E+05 -0.43330181666992E+04  0.11968593404186E+04  0.92605429648765E+04 -0.80005233977316E+03  0.21189991613583E+04  0.11140101797548E+04  0.70482906497859E+05  0.46586421055653E+05 -0.32312664666170E+04  0.95508331410074E+03  0.21432895905719E+04  0.12951292444706E+03  0.95701579234670E+01  0.45605681460439E+05 -0.41955356612944E+04  0.30654724891437E+05  0.16112594514519E+05 -0.22733336575894E+05  0.10232029107789E+02  0.92950693880905E+03 -0.26901243383566E+03 -0.77358580614360E+03 -0.16431286639496E+04 -0.27632574066004E+04 -0.17990217961351E+04 -0.24910302360297E+04  0.20061458363123E+04  0.43870459787484E+04 -0.15409613970021E+04 -0.29395260809054E+04 -0.73261568894478E+03 -0.29201016958031E+04 -0.15463371903095E+04 -0.24100663737356E+04 -0.91240806984245E+03 -0.10231593208777E+04  0.79379852824090E+03  0.25215619993189E+04
  -0.58780217585771E+04  0.42540439770530E+03 -0.16097690514162E+03 -0.11546154998372E+04  0.83615324880666E+02 -0.32440013432437E+03 -0.16174799470019E+03 -0.91308384369933E+04 -0.21150081166826E+04  0.39763304818136E+03 -0.10463065382033E+03 -0.28128146444276E+03 -0.19219995446994E+02 -0.43703060231242E+00 -0.41955356612944E+04  0.45575951566838E+03 -0.32227586283031E+04 -0.17737766500420E+04  0.19053164827385E+04 -0.22828724013517E+01 -0.15622816920491E+03  0.36316409393954E+02  0.94491107952349E+02  0.23673997492249E+03  0.50877146941395E+03  0.31722284302193E+03  0.28976477340263E+03 -0.16635533142860E+03 -0.51097628697269E+03  0.16067275418403E+03  0.30538448345353E+03  0.81535567049398E+02  0.44484076628574E+03  0.21964876204465E+03 -0.30332542993362E+03  0.25308638260410E+03  0.28246849499725E+03 -0.17179296835170E+03 -0.57817541631740E+03
   0.40705189323004E+05 -0.40564653710839E+04  0.11123499024959E+04  0.76526870105462E+04 -0.68173396484652E+03  0.17290563219123E+04  0.85995243188395E+03  0.68921273390447E+05  0.13861534702715E+05 -0.26596729174723E+04  0.75360615339222E+03  0.20504517212152E+04  0.12691316762801E+03  0.42142195337427E+01  0.30654724891437E+05 -0.32227586283031E+04  0.23442888371647E+05  0.12692226927897E+05 -0.21976420300330E+05  0.63855893771655E+01  0.78722808808403E+03 -0.25791904777125E+03 -0.73126772364937E+03 -0.13558305205138E+04 -0.23348349181228E+04 -0.15131888809723E+04 -0.24342471331020E+04  0.20940493315539E+04  0.42984178932511E+04 -0.12529478151226E+04 -0.23975205358656E+04 -0.58152616935138E+03 -0.23922358652719E+04 -0.12998829902322E+04  0.89907772267902E+03 -0.14597397625189E+04 -0.16146815121691E+04  0.49330211237784E+03  0.12435493233602E+04
   0.23232047096963E+05 -0.20421074291250E+04  0.63810460594011E+03  0.43810542800096E+04 -0.35405026794643E+03  0.11225890328005E+04  0.54409117528925E+03  0.37548541693252E+05  0.66920842378362E+04 -0.15282650847339E+04  0.41344746430572E+03  0.11686601940402E+04  0.77050255781042E+02  0.15061722757751E+01  0.16112594514519E+05 -0.17737766500420E+04  0.12692226927897E+05  0.69858712935414E+04 -0.10728419976546E+05  0.57911418642513E+01  0.53564253326197E+03 -0.15839915642191E+03 -0.42320680726763E+03 -0.86574608906939E+03 -0.16958965640303E+04 -0.10646012689189E+04 -0.12379371324784E+04  0.99868941485436E+03  0.24010486035007E+04 -0.64089391633733E+03 -0.12274587015326E+04 -0.32399954762278E+03 -0.15708233739342E+04 -0.81733749207760E+03  0.12163241653454E+04 -0.10547133683394E+04 -0.11673729404150E+04  0.45045865093428E+03  0.12790901465593E+04
  -0.72193504951023E+07  0.22941002266162E+07 -0.31122590716914E+06 -0.15014291823544E+07  0.34835145904519E+06  0.10995995577068E+05 -0.13501948779339E+06 -0.49613837121272E+06  0.24964503085273E+05  0.43126699321680E+05 -0.40797010329779E+04 -0.62378792260893E+04 -0.40958531424094E+03 -0.17230913446845E+02 -0.22733336575894E+05  0.19053164827385E+04 -0.21976420300330E+05 -0.10728419976546E+05  0.17228904023712E+08  0.90329855804111E+04  0.49605626919714E+06 -0.14419229188292E+06 -0.42879574220011E+06 -0.18402916791826E+07  0.26621806467410E+05  0.59285440560296E+05 -0.82192854543976E+03  0.44618434124025E+06  0.21771021017792E+07  0.14406644212089E+05  0.24810504025467E+05  0.16950687221896E+03  0.19068694626526E+05  0.60001416168100E+04 -0.13424548691341E+05  0.16381599617215E+05  0.50446554341534E+05  0.17403575284385E+06  0.11477235317369E+07
  -0.31195120413507E+04  0.10065804897543E+04 -0.13507121884108E+03 -0.73925852177931E+03  0.17961235505393E+03  0.23668793867421E+02 -0.61458739086238E+02  0.15160469517402E+03 -0.80163058388210E+02  0.10171143131206E+02  0.49773585970513E+00 -0.61838334161427E+01 -0.40060200699836E+00 -0.94672217878076E-02  0.10232029107789E+02 -0.22828724013517E+01  0.63855893771655E+01  0.57911418642513E+01  0.90329855804111E+04  0.53214229872983E+01  0.27891712227647E+03 -0.80852428432417E+02 -0.23152859697873E+03 -0.10218885767173E+04  0.00000000000000E+00  0.83496981709136E+01  0.00000000000000E+00  0.00000000000000E+00  0.11328530492951E+04  0.00000000000000E+00 -0.14533595076017E+02  0.00000000000000E+00  0.00000000000000E+00  0.00000000000000E+00  0.00000000000000E+00  0.00000000000000E+00  0.69513590461116E+00  0.00000000000000E+00  0.66919297616065E+03
  -0.21139858385634E+06  0.56305361956305E+05 -0.89581089819269E+04 -0.66444313299468E+05  0.13674069251399E+05 -0.33824717168994E+04 -0.76916410183333E+04 -0.32054390666764E+05  0.17407549550549E+04  0.25016749608020E+04 -0.25588759947528E+03 -0.86352813752972E+02  0.11801352695863E+02 -0.50759674790007E+01  0.92950693880905E+03 -0.15622816920491E+03  0.78722808808403E+03  0.53564253326197E+03  0.49605626919714E+06  0.27891712227647E+03  0.21162906948642E+05 -0.72520804709045E+04 -0.19961030265748E+05 -0.80173547843692E+05  0.00000000000000E+00  0.44796068474188E+04  0.00000000000000E+00  0.00000000000000E+00  0.96908242246660E+05  0.00000000000000E+00 -0.94343848679158E+03  0.00000000000000E+00  0.00000000000000E+00  0.00000000000000E+00  0.00000000000000E+00  0.00000000000000E+00  0.36965466495185E+04  0.00000000000000E+00  0.47050823663272E+05
   0.69329186602494E+05 -0.14467149356785E+05  0.28449506945131E+04  0.25793833707595E+05 -0.47783000637340E+04  0.23214901340307E+04  0.33101336417384E+04  0.38022141571117E+05 -0.78990039315114E+04 -0.15572587079715E+04  0.24076150860040E+03 -0.80722249297928E+02 -0.43179423900687E+01  0.12037212237921E+00 -0.26901243383566E+03  0.36316409393954E+02 -0.25791904777125E+03 -0.15839915642191E+03 -0.14419229188292E+06 -0.80852428432417E+02 -0.72520804709045E+04  0.32222425017088E+04  0.86343114784352E+04  0.32271286946644E+05 -0.49542612669180E+02 -0.23175946411300E+04  0.28717182317707E+01  0.72520473814661E+03 -0.42257757588412E+05  0.00000000000000E+00 -0.41296318500960E+03  0.00000000000000E+00  0.00000000000000E+00  0.00000000000000E+00  0.00000000000000E+00 -0.36901038224952E+03 -0.32661160699316E+04  0.15362547455366E+04 -0.14820038764927E+05
   0.21307554422713E+06 -0.48146751419383E+05  0.87428630902823E+04  0.71205069827997E+05 -0.13209110605305E+05  0.63713588142853E+04  0.90182826082783E+04  0.11488758889941E+06 -0.24665752011709E+05 -0.44776990986578E+04  0.71956812666312E+03 -0.29879345179345E+02  0.59909555362263E+01  0.38401915820849E+00 -0.77358580614360E+03  0.94491107952349E+02 -0.73126772364937E+03 -0.42320680726763E+03 -0.42879574220011E+06 -0.23152859697873E+03 -0.19961030265748E+05  0.86343114784352E+04  0.23761425762704E+05  0.87698342970809E+05 -0.15916619232323E+03 -0.58210241556166E+04 -0.43454178034573E+02 -0.62362599086326E+04 -0.11708002725548E+06  0.00000000000000E+00 -0.10306497679963E+04  0.00000000000000E+00  0.00000000000000E+00  0.00000000000000E+00  0.00000000000000E+00 -0.20966745557497E+04 -0.93679266054205E+04  0.14194145825348E+04 -0.41805366886486E+05
   0.74900607749702E+06 -0.19144757027494E+06  0.31396451062033E+05  0.26341609653196E+06 -0.51413178019147E+05  0.18285447827453E+05  0.31385437987684E+05  0.31772707969393E+06 -0.66159709297836E+05 -0.13242368583878E+05  0.20066587037843E+04 -0.16475307287124E+04 -0.14490201391663E+03  0.14064971091976E+01 -0.16431286639496E+04  0.23673997492249E+03 -0.13558305205138E+04 -0.86574608906939E+03 -0.18402916791826E+07 -0.10218885767173E+04 -0.80173547843692E+05  0.32271286946644E+05  0.87698342970809E+05  0.35161914444744E+06  0.25573651670521E+03 -0.26611878903016E+05 -0.64852731394677E+01  0.38509275398146E+05 -0.43318138108677E+06  0.00000000000000E+00 -0.48258649099965E+04  0.00000000000000E+00  0.00000000000000E+00  0.00000000000000E+00  0.00000000000000E+00  0.15801531724197E+04 -0.32016943209401E+05  0.20959686618214E+05 -0.16634230176463E+06
  -0.12980582458253E+06  0.16709396762713E+05 -0.50608026316789E+04 -0.13181585642779E+05  0.20229482349328E+04 -0.21848002338205E+04 -0.20947041960665E+04 -0.61698196343583E+05  0.11136382949821E+05  0.26339900684907E+04 -0.41221770069707E+03 -0.11686224624125E+04 -0.16861187744510E+03  0.66265565536693E-01 -0.27632574066004E+04  0.50877146941395E+03 -0.23348349181228E+04 -0.16958965640303E+04  0.26621806467410E+05  0.00000000000000E+00  0.00000000000000E+00 -0.49542612669180E+02 -0.15916619232323E+03  0.25573651670521E+03  0.11698594082738E+06  0.00000000000000E+00  0.00000000000000E+00  0.00000000000000E+00  0.00000000000000E+00  0.00000000000000E+00  0.00000000000000E+00  0.00000000000000E+00  0.00000000000000E+00  0.00000000000000E+00  0.00000000000000E+00  0.00000000000000E+00  0.00000000000000E+00  0.00000000000000E+00  0.00000000000000E+00
  -0.54718694117310E+05  0.82155398394143E+04 -0.21414223453413E+04 -0.21735315234321E+05  0.34042796523471E+04 -0.33524384146618E+04 -0.32848933829115E+04 -0.50010726901892E+05  0.10695775812640E+05  0.18273104575771E+04 -0.31465343241750E+03  0.51107597948292E-10 -0.24457274247779E-11  0.38854608250012E-12 -0.17990217961351E+04  0.31722284302193E+03 -0.15131888809723E+04 -0.10646012689189E+04  0.59285440560296E+05  0.83496981709136E+01  0.44796068474188E+04 -0.23175946411300E+04 -0.58210241556166E+04 -0.26611878903016E+05  0.00000000000000E+00  0.64798669298275E+05  0.00000000000000E+00  0.00000000000000E+00  0.00000000000000E+00  0.00000000000000E+00  0.00000000000000E+00  0.00000000000000E+00  0.00000000000000E+00  0.00000000000000E+00  0.00000000000000E+00  0.00000000000000E+00  0.00000000000000E+00  0.00000000000000E+00  0.00000000000000E+00
  -0.47895667434560E+04 -0.21885984520947E+03  0.34312921922570E+02 -0.17192252145241E+03 -0.50036827391409E+02  0.82968056643891E+02  0.10286252600942E+03 -0.71376938908462E+05  0.24698711961709E+05  0.73087693061727E+03 -0.31833284658726E+03 -0.85610620554929E+03 -0.31573311531124E+02 -0.90573297240691E+01 -0.24910302360297E+04  0.28976477340263E+03 -0.24342471331020E+04 -0.12379371324784E+04 -0.82192854543976E+03  0.00000000000000E+00  0.00000000000000E+00  0.28717182317707E+01 -0.43454178034573E+02 -0.64852731394677E+01  0.00000000000000E+00  0.00000000000000E+00  0.30737389321157E+05  0.00000000000000E+00  0.00000000000000E+00  0.00000000000000E+00  0.00000000000000E+00  0.00000000000000E+00  0.00000000000000E+00  0.00000000000000E+00  0.00000000000000E+00  0.00000000000000E+00  0.00000000000000E+00  0.00000000000000E+00  0.00000000000000E+00
  -0.85660497594124E+06  0.21070539101176E+06 -0.35049948735812E+05 -0.67041314371868E+05  0.12085347983029E+05 -0.67358937686129E+04 -0.84929486279546E+04 -0.29022700859518E+06  0.65405240376482E+05  0.10477856622447E+05 -0.17879085575458E+04 -0.53503429486850E+04 -0.60787962872639E+03 -0.19319103235320E+01  0.20061458363123E+04 -0.16635533142860E+03  0.20940493315539E+04  0.99868941485436E+03  0.44618434124025E+06  0.00000000000000E+00  0.00000000000000E+00  0.72520473814661E+03 -0.62362599086326E+04  0.38509275398146E+05  0.00000000000000E+00  0.00000000000000E+00  0.00000000000000E+00  0.58181151413250E+06  0.00000000000000E+00  0.00000000000000E+00  0.00000000000000E+00  0.00000000000000E+00  0.00000000000000E+00  0.00000000000000E+00  0.00000000000000E+00  0.00000000000000E+00  0.00000000000000E+00  0.00000000000000E+00  0.00000000000000E+00
  -0.11021154901644E+07  0.26442598031830E+06 -0.45311697322530E+05 -0.34573855095684E+06  0.63591869527754E+05 -0.32030542433015E+05 -0.43763584059120E+05 -0.57245508236400E+06  0.12506519924950E+06  0.21790866726725E+05 -0.35652311900611E+04  0.11657757007620E-10 -0.96452225840368E-11 -0.50222421180361E-12  0.43870459787484E+04 -0.51097628697269E+03  0.42984178932511E+04  0.24010486035007E+04  0.21771021017792E+07  0.11328530492951E+04  0.96908242246660E+05 -0.42257757588412E+05 -0.11708002725548E+06 -0.43318138108677E+06  0.00000000000000E+00  0.00000000000000E+00  0.00000000000000E+00  0.00000000000000E+00  0.92058646967561E+06  0.00000000000000E+00  0.00000000000000E+00  0.00000000000000E+00  0.00000000000000E+00  0.00000000000000E+00  0.00000000000000E+00  0.00000000000000E+00  0.00000000000000E+00  0.00000000000000E+00  0.00000000000000E+00
  -0.21035293347152E+05  0.58580640023942E+04 -0.89832270821715E+03 -0.14647027888388E+04  0.35271905806584E+03  0.28279793292098E+02 -0.14215947332132E+03 -0.76119128210034E+05  0.23300143942599E+05  0.14892698718388E+04 -0.39608100752663E+03 -0.27169421062416E+04 -0.16324873189340E+03 -0.62300138992200E+01 -0.15409613970021E+04  0.16067275418403E+03 -0.12529478151226E+04 -0.64089391633733E+03  0.14406644212089E+05  0.00000000000000E+00  0.00000000000000E+00  0.00000000000000E+00  0.00000000000000E+00  0.00000000000000E+00  0.00000000000000E+00  0.00000000000000E+00  0.00000000000000E+00  0.00000000000000E+00  0.00000000000000E+00  0.14859027938310E+05  0.00000000000000E+00  0.00000000000000E+00  0.00000000000000E+00  0.00000000000000E+00  0.00000000000000E+00  0.00000000000000E+00  0.00000000000000E+00  0.00000000000000E+00  0.00000000000000E+00
  -0.47072362896626E+05  0.13248132708970E+05 -0.20174356094207E+04 -0.24704553432933E+04  0.57954274747728E+03  0.20541592934340E+02 -0.23421850856740E+03 -0.16929622566470E+06  0.51975408311548E+05  0.32391939693575E+04 -0.88041633559316E+03 -0.66271651768251E+02 -0.17146010653277E+02 -0.14215118104338E-03 -0.29395260809054E+04  0.30538448345353E+03 -0.23975205358656E+04 -0.12274587015326E+04  0.24810504025467E+05 -0.14533595076017E+02 -0.94343848679158E+03 -0.41296318500960E+03 -0.10306497679963E+04 -0.48258649099965E+04  0.00000000000000E+00  0.00000000000000E+00  0.00000000000000E+00  0.00000000000000E+00  0.00000000000000E+00  0.00000000000000E+00  0.31439558419892E+05  0.00000000000000E+00  0.00000000000000E+00  0.00000000000000E+00  0.00000000000000E+00  0.00000000000000E+00  0.00000000000000E+00  0.00000000000000E+00  0.00000000000000E+00
  -0.31438398579506E+04  0.42149648474160E+03 -0.10862772480226E+03 -0.72972003263662E+02  0.92470758078912E+01 -0.15868871720818E+02 -0.11496742456540E+02 -0.13714985161245E+04  0.17405052246495E+03  0.42078285721712E+02 -0.97672633710466E+01 -0.87943546822196E+02 -0.67994665285629E+01 -0.22632843477602E+00 -0.73261568894478E+03  0.81535567049398E+02 -0.58152616935138E+03 -0.32399954762278E+03  0.16950687221896E+03  0.00000000000000E+00  0.00000000000000E+00  0.00000000000000E+00  0.00000000000000E+00  0.00000000000000E+00  0.00000000000000E+00  0.00000000000000E+00  0.00000000000000E+00  0.00000000000000E+00  0.00000000000000E+00  0.00000000000000E+00  0.00000000000000E+00  0.37962795507539E+04  0.00000000000000E+00  0.00000000000000E+00  0.00000000000000E+00  0.00000000000000E+00  0.00000000000000E+00  0.00000000000000E+00  0.00000000000000E+00
  -0.90458450561793E+04  0.24146509918742E+04 -0.37947337597820E+03 -0.24841015174307E+04  0.47587259953571E+03 -0.18804649062121E+03 -0.30431294277897E+03  0.44389302607599E+03 -0.12968963451269E+04  0.12065815941039E+03 -0.10742231469804E+02 -0.18895520541830E+01 -0.19064451117863E+00 -0.28116589819714E-02 -0.29201016958031E+04  0.44484076628574E+03 -0.23922358652719E+04 -0.15708233739342E+04  0.19068694626526E+05  0.00000000000000E+00  0.00000000000000E+00  0.00000000000000E+00  0.00000000000000E+00  0.00000000000000E+00  0.00000000000000E+00  0.00000000000000E+00  0.00000000000000E+00  0.00000000000000E+00  0.00000000000000E+00  0.00000000000000E+00  0.00000000000000E+00  0.00000000000000E+00  0.82821485371251E+04  0.00000000000000E+00  0.00000000000000E+00  0.00000000000000E+00  0.00000000000000E+00  0.00000000000000E+00  0.00000000000000E+00
  -0.31943160947620E+04  0.76501454781059E+03 -0.13226229833856E+03 -0.97060434066020E+03  0.17606385477333E+03 -0.99254460301043E+02 -0.12842352551193E+03  0.33722538668545E+03 -0.71291415514950E+03  0.54305094666456E+02 -0.51317921364044E+01 -0.81690411035742E+00 -0.74589310280190E-01 -0.15247710081590E-02 -0.15463371903095E+04  0.21964876204465E+03 -0.12998829902322E+04 -0.81733749207760E+03  0.60001416168100E+04  0.00000000000000E+00  0.00000000000000E+00  0.00000000000000E+00  0.00000000000000E+00  0.00000000000000E+00  0.00000000000000E+00  0.00000000000000E+00  0.00000000000000E+00  0.00000000000000E+00  0.00000000000000E+00  0.00000000000000E+00  0.00000000000000E+00  0.00000000000000E+00  0.00000000000000E+00  0.42360996637176E+04  0.00000000000000E+00  0.00000000000000E+00  0.00000000000000E+00  0.00000000000000E+00  0.00000000000000E+00
  -0.16566440988046E+05 -0.22676214335325E+04 -0.17833680138657E+02 -0.10956524375981E+05  0.43018416910102E+03 -0.30153378769052E+04 -0.13004635891592E+04 -0.28044496103674E+06  0.11372108152720E+06  0.31388688964948E+04 -0.10797654264293E+04  0.33332849452147E+03  0.31852429041191E+02 -0.17148722018016E+01 -0.24100663737356E+04 -0.30332542993362E+03  0.89907772267902E+03  0.12163241653454E+04 -0.13424548691341E+05  0.00000000000000E+00  0.00000000000000E+00  0.00000000000000E+00  0.00000000000000E+00  0.00000000000000E+00  0.00000000000000E+00  0.00000000000000E+00  0.00000000000000E+00  0.00000000000000E+00  0.00000000000000E+00  0.00000000000000E+00  0.00000000000000E+00  0.00000000000000E+00  0.00000000000000E+00  0.00000000000000E+00  0.12490877036693E+06  0.00000000000000E+00  0.00000000000000E+00  0.00000000000000E+00  0.00000000000000E+00
  -0.72572455655007E+05  0.86325888023748E+04 -0.23734391761714E+04 -0.75094433782381E+04  0.83674993532564E+03 -0.16418412561660E+04 -0.10269408821908E+04 -0.14525062599389E+06  0.44900577153636E+05  0.27737118281606E+04 -0.75421631770844E+03 -0.30624846716187E+04 -0.21194448719016E+03 -0.59241191442076E+01 -0.91240806984245E+03  0.25308638260410E+03 -0.14597397625189E+04 -0.10547133683394E+04  0.16381599617215E+05  0.00000000000000E+00  0.00000000000000E+00 -0.36901038224952E+03 -0.20966745557497E+04  0.15801531724197E+04  0.00000000000000E+00  0.00000000000000E+00  0.00000000000000E+00  0.00000000000000E+00  0.00000000000000E+00  0.00000000000000E+00  0.00000000000000E+00  0.00000000000000E+00  0.00000000000000E+00  0.00000000000000E+00  0.00000000000000E+00  0.95511246769859E+05  0.00000000000000E+00  0.00000000000000E+00  0.00000000000000E+00
  -0.56854380508422E+05  0.72009282537310E+04 -0.19071861169593E+04 -0.22119878097798E+05  0.25645306473971E+04 -0.46714399020489E+04 -0.30313627362068E+04 -0.18102647199027E+06  0.55446375119094E+05  0.35364149221640E+04 -0.94621872493933E+03 -0.96559986812653E-10 -0.11893739988006E-10 -0.19539783299457E-11 -0.10231593208777E+04  0.28246849499725E+03 -0.16146815121691E+04 -0.11673729404150E+04  0.50446554341534E+05  0.69513590461116E+00  0.36965466495185E+04 -0.32661160699316E+04 -0.93679266054205E+04 -0.32016943209401E+05  0.00000000000000E+00  0.00000000000000E+00  0.00000000000000E+00  0.00000000000000E+00  0.00000000000000E+00  0.00000000000000E+00  0.00000000000000E+00  0.00000000000000E+00  0.00000000000000E+00  0.00000000000000E+00  0.00000000000000E+00  0.00000000000000E+00  0.99939776990752E+05  0.00000000000000E+00  0.00000000000000E+00
  -0.31489068837952E+06  0.80635003839924E+05 -0.13418428793590E+05 -0.23607566578872E+05  0.51037735876578E+04 -0.70945600246130E+03 -0.25768069268741E+04 -0.31383728237673E+05  0.44633340836767E+04  0.20599628859655E+04 -0.21684283836442E+03 -0.67770534332520E+02 -0.23298856302842E+02 -0.43536627653923E-05  0.79379852824090E+03 -0.17179296835170E+03  0.49330211237784E+03  0.45045865093428E+03  0.17403575284385E+06  0.00000000000000E+00  0.00000000000000E+00  0.15362547455366E+04  0.14194145825348E+04  0.20959686618214E+05  0.00000000000000E+00  0.00000000000000E+00  0.00000000000000E+00  0.00000000000000E+00  0.00000000000000E+00  0.00000000000000E+00  0.00000000000000E+00  0.00000000000000E+00  0.00000000000000E+00  0.00000000000000E+00  0.00000000000000E+00  0.00000000000000E+00  0.00000000000000E+00  0.18329879444702E+06  0.00000000000000E+00
  -0.53232207773608E+06  0.13505541789326E+06 -0.22736683976947E+05 -0.15830597937854E+06  0.35084612081249E+05 -0.31666526035881E+04 -0.16712718183037E+05 -0.73243333245484E+05  0.10117695346361E+05  0.50911442400567E+04 -0.50700629682733E+03 -0.56623934725472E-10  0.46004780454117E-11  0.88524630331739E-12  0.25215619993189E+04 -0.57817541631740E+03  0.12435493233602E+04  0.12790901465593E+04  0.11477235317369E+07  0.66919297616065E+03  0.47050823663272E+05 -0.14820038764927E+05 -0.41805366886486E+05 -0.16634230176463E+06  0.00000000000000E+00  0.00000000000000E+00  0.00000000000000E+00  0.00000000000000E+00  0.00000000000000E+00  0.00000000000000E+00  0.00000000000000E+00  0.00000000000000E+00  0.00000000000000E+00  0.00000000000000E+00  0.00000000000000E+00  0.00000000000000E+00  0.00000000000000E+00  0.00000000000000E+00  0.37370954230998E+06

 # Covariance matrix (Bevington epsilon)
   0.91938151082677E-03 -0.14264601602136E-03 -0.22490933912869E-01  0.21957569230402E-03 -0.61889397844690E-04 -0.19720279601667E-03 -0.12038432443207E-02  0.81299573475533E-04  0.55263820003515E-04 -0.22616187510488E-02 -0.26083762223396E-01 -0.95716993174326E-03 -0.11261546447932E-01 -0.89648295378469E-01  0.23640421852228E-03  0.43097073092184E-02 -0.58627850329522E-04  0.31618071212970E-03 -0.12311007622799E-04  0.27382231565312E-01 -0.27098789068480E-03  0.89802622327691E-03 -0.81616159873723E-03  0.30771115607786E-04  0.31267329461041E-04  0.34797731341579E-04  0.21480522401644E-04  0.28758426572495E-04  0.29406986502733E-04 -0.46655881161586E-03 -0.16406181304767E-03  0.42272013827383E-04 -0.37888432537226E-04 -0.48329980322181E-04  0.97130045671494E-04  0.30755566283891E-04  0.29961342491585E-04  0.22736220360862E-04  0.31048055094190E-04
  -0.14264601602135E-03  0.23514737361526E-03  0.50166043551229E-02  0.85010172441036E-04  0.12941020943779E-02 -0.52462239219448E-03  0.66695876461862E-03 -0.11907247077266E-04 -0.94178281069301E-05  0.11014165211115E-02  0.49708802601620E-02  0.29095376376026E-03  0.32697601939444E-02  0.42510289578861E-01  0.56588117771080E-04  0.38554652102792E-02 -0.16351111357313E-03  0.11769558569351E-02 -0.20182667703481E-04  0.27151700897493E-01 -0.74318538196539E-04 -0.16298670446816E-02  0.52351856974912E-03  0.84499986245512E-04  0.12225061399778E-04  0.99122526574016E-05  0.78733331837835E-05  0.74082093324104E-05  0.48755586306665E-05  0.97235259279376E-04  0.13250253119714E-04  0.13875627961388E-04 -0.57105270016518E-05 -0.21403476947296E-05 -0.22546984258604E-04  0.94103106753443E-05  0.71168330687178E-05  0.13245223167382E-04  0.29646169511338E-05
