# fitpack15: fit parameters                                                                         
# CJ15 AV18 final data choices                                                                      
# Created on 02/27/2020 at 22:31:18                                                                 

 # QCD setup
  INS                           0
  NVL                          11
  IORD                          1
  Q02                   1.6899999999999999     
  IPARAMC                      -7
  FLAVOR                5.0000000000000000     
  xmc                   1.3000000000000000     
  xmb                   4.5000000000000000     
  ncb                          12
  ihq                           1
  ias                           0

 # Theory corrections
  inuke                     10114
  itmc                          1
  iht                           1

 # fit parameters
 LAMBDA       0.22680        0.0000    
 a0uv          1.7039        0.0000    
 a1uv         0.53977       0.27138E-01
 a2uv          3.5734       0.10720E-01
 a3uv          0.0000        0.0000    
 a4uv          5.4691       0.83584    
 a5uv          0.0000        0.0000    
 a0dv          16.176        0.0000    
 a1dv          1.0500       0.36248E-01
 a2dv          6.3832       0.17306    
 a3dv         -3.5054       0.10483    
 a4dv          5.1018       0.17277    
 a5dv          0.0000        0.0000    
 a0ud         0.13378       0.56852E-02
 a1ud        -0.21529       0.41176E-02
 a2ud          8.7468       0.18587    
 a3ud          0.0000        0.0000    
 a4ud          18.212        1.4269    
 a5ud          0.0000        0.0000    
 a0du          35712.        0.0000    
 a1du          4.0423       0.97363E-01
 a2du          21.705        1.0806    
 a3du          17.000        0.0000    
 a4du          53.211        13.540    
 a0g           40.667        0.0000    
 a1g          0.57816       0.32376E-01
 a2g           6.2680        1.0383    
 a3g          -3.2566       0.17274    
 a4g           3.1168       0.38166    
 a5g           0.0000        0.0000    
 kappa        0.40000        0.0000    
 a6dv         0.38983E-02   0.12069E-02
 a7dv          2.0000        0.0000    
 off1        -0.51298E-01   0.12245    
 off2        -0.68355E-01   0.74018    
 off3        -0.75175        1.0457    
 ht1          -4.0070       0.33750    
 ht2           2.0165       0.15054    
 ht3          -2.0340       0.48626E-01
 ht4          0.22377E-01   0.19306E-01
 dummy41       0.0000        0.0000    
 dummy42       0.0000        0.0000    
 dummy43       0.0000        0.0000    
 dummy44       0.0000        0.0000    
 dummy45       0.0000        0.0000    
 dummy46       0.0000        0.0000    
 dummy47       0.0000        0.0000    
 dummy48       0.0000        0.0000    
 dummy49       0.0000        0.0000    
 bcdmsh2      0.96791       0.51023E-02
 bcdmsd2      0.99022       0.60807E-02
 ccfr          1.0000        0.0000    
 nutev         1.0000        0.0000    
 zeus         0.97998        0.0000    
 h1            1.0162        0.0000    
 e605          1.0319        0.0000    
 NmcH2         1.0054       0.72802E-02
 ntv_nu        1.0000        0.0000    
 ntv_nuba      1.0000        0.0000    
 cdf_jet      0.98910        0.0000    
 d0_jet       0.83504        0.0000    
 slac_p        1.0012       0.54029E-02
 slac_d        1.0024       0.58650E-02
 e866pp       0.98637       0.21481E-01
 e866pd       0.96727       0.18645E-01
 d0_gamje      1.0351       0.16510E-01
 h1b          0.97608        0.0000    
 blank         1.0000        0.0000    
 d0run2       0.94178       0.16155E-01
 cdfrun2      0.93006       0.18431E-01
 HERA_el       1.0000        0.0000    
 HERA_ps       1.0000        0.0000    
 CDF_Z        0.94308       0.70555E-02
 NmcRat        1.0000        0.0000    
 HERMES_F     0.99448       0.60904E-02
 HERMES_F     0.97836       0.63111E-02
 END 0. 0.

 # Hessian matrix (Bevington alpha)
   0.45583151996342E+07 -0.10958994078121E+07  0.14390997312777E+06  0.38876521576912E+06 -0.10638976153830E+06 -0.25375626639565E+05  0.36821724247070E+05  0.10198777325301E+07 -0.18770007905850E+06 -0.45922393013407E+05  0.62356132392072E+04  0.13813520758915E+05  0.14143360561423E+04 -0.10797633246049E+03  0.13116234312251E+05 -0.29358479859521E+04  0.14686592023990E+05  0.10435300649268E+05  0.39611514198201E+07 -0.57144434985486E+05 -0.24362344350998E+05 -0.11543624085677E+05 -0.64603181442309E+04  0.11867235771330E+05 -0.19342294821950E+06  0.44841462096068E+06 -0.13574272706210E+06 -0.57463341184991E+05 -0.57400952354423E+04 -0.88860068253176E+06 -0.11471097697949E+07 -0.21360048086738E+05 -0.48661520256063E+05 -0.32911574282745E+04 -0.92857801733845E+04 -0.32755336450423E+04 -0.21104426658544E+05 -0.76845184893995E+05 -0.60445443944606E+05
  -0.10958994078121E+07  0.33451557558412E+06 -0.35160952495209E+05 -0.10055619079455E+06  0.27629910160158E+05  0.71701320973132E+04 -0.76240364908691E+04 -0.11925036456761E+06  0.25322414930637E+05  0.60898768466723E+04 -0.68544420220727E+03 -0.10369173631781E+04 -0.10706013776178E+03  0.12422101553101E+02 -0.66821142843703E+02  0.95546872733627E+02 -0.31096395232640E+03 -0.26365623678976E+03 -0.13182760794222E+07  0.13904337375711E+05  0.68344998057225E+04  0.35889240569366E+04  0.44272835069946E+04  0.42801018888082E+04  0.53141347072727E+05 -0.76926552812993E+05  0.16927214138718E+05  0.83683728696726E+04 -0.17615777935674E+03  0.21172306047027E+06  0.26658824532749E+06  0.57410979109548E+04  0.13277617465099E+05  0.42318772658520E+03  0.23998247938286E+04  0.75948983598438E+03 -0.21034021153821E+04  0.87767083903381E+04  0.73813785205116E+04
   0.14390997312777E+06 -0.35160952495209E+05  0.45729880555403E+04  0.11897563719056E+05 -0.33816964291803E+04 -0.98029424057235E+03  0.11002113967279E+04  0.24485722769643E+05 -0.44020320443601E+04 -0.12911303433357E+04  0.15174492010737E+03  0.32860197391049E+03  0.37769954831180E+02 -0.35708680278138E+01 -0.12930490494720E+03 -0.32899592218758E+02  0.10701855712583E+02  0.82302853196880E+02  0.12707634628590E+06 -0.17899391243212E+04 -0.77197506631638E+03 -0.36786131897236E+03 -0.22712125353725E+03  0.26496186943755E+03 -0.61652654048773E+04  0.13350857812907E+05 -0.41262369955514E+04 -0.17449677797222E+04  0.33692488099236E+01 -0.27561966462138E+05 -0.35771350979754E+05 -0.68381124450077E+03 -0.15630112589449E+04 -0.89467583517008E+02 -0.29363897463825E+03 -0.10299653606480E+03 -0.13760173452911E+03 -0.19976686814323E+04 -0.16053030164618E+04
   0.38876521576912E+06 -0.10055619079455E+06  0.11897563719056E+05  0.39753317389234E+06 -0.58459860402152E+05  0.62746752594013E+05  0.52382573617910E+05  0.39529394836040E+06 -0.29499803228903E+05 -0.17745598900907E+05  0.29077706680481E+04 -0.14862324459015E+04 -0.14327476693873E+03  0.57872747543280E+02  0.33159355123470E+05 -0.40773693971393E+04  0.28148942227432E+05  0.15983540636681E+05  0.12359767403866E+07 -0.17856486600268E+05 -0.68460398317436E+04 -0.28443563319616E+04  0.50016564526682E+03  0.66458360592837E+04 -0.35261366323960E+05  0.10888610474602E+06 -0.13308001776845E+05 -0.22062688388506E+05 -0.19737684228854E+03 -0.67335471612652E+05 -0.34883941881721E+06 -0.13157127162329E+04 -0.24627017280573E+04 -0.69230272202780E+02 -0.24751470673339E+04 -0.96616680106146E+03 -0.11333371180318E+05 -0.76732749681676E+04 -0.22691068565147E+05
  -0.10638976153830E+06  0.27629910160158E+05 -0.33816964291803E+04 -0.58459860402152E+05  0.10479186419417E+05 -0.60007514690844E+04 -0.71498435450383E+04 -0.33325222675631E+05  0.23677790888785E+03  0.21351029550335E+04 -0.26820313271161E+03 -0.14272676449483E+02  0.43064189500044E+01 -0.50006452564230E+01 -0.27939224127450E+04  0.35583139624645E+03 -0.23066650395451E+04 -0.13381148301377E+04 -0.27176009973266E+06  0.31823384729087E+04  0.13805835051772E+04  0.62231647382142E+03  0.14393005279260E+03 -0.42267084123636E+03  0.74886312604078E+04 -0.16973995882923E+05  0.20252870268694E+04  0.34371828956919E+04 -0.50951546652328E+02  0.12214474709908E+05  0.64523875149397E+05  0.32436804941284E+03  0.58745506418204E+03  0.86383938141621E+01  0.47899916915446E+03  0.17632229850234E+03  0.42136056380747E+03  0.84492553721297E+03  0.26067649988881E+04
  -0.25375626639565E+05  0.71701320973132E+04 -0.98029424057235E+03  0.62746752594013E+05 -0.60007514690844E+04  0.15726377600348E+05  0.93940337996219E+04  0.97366088035416E+05 -0.92904331754844E+04 -0.35647578099485E+04  0.69843319728490E+03 -0.59442625324296E+03 -0.50837939145355E+02  0.15535138854234E+02  0.80096309884431E+04 -0.99407466695632E+03  0.69827622351720E+04  0.39810754714667E+04  0.34798746414722E+05 -0.17182253905769E+04 -0.39683636097146E+03 -0.74721043485592E+02  0.46650129616288E+03  0.20345041880336E+04 -0.13989546697661E+04  0.15024223105530E+05 -0.20427237361790E+04 -0.31677611105171E+04  0.63761820136428E+02 -0.65211984124943E+04 -0.31334704673458E+05  0.17356226114452E+02  0.22128384654782E+00 -0.14047417505402E+02 -0.18504927517628E+03 -0.94815892899286E+02 -0.28285922967698E+04 -0.15454441164102E+04 -0.44156317615462E+04
   0.36821724247070E+05 -0.76240364908691E+04  0.11002113967279E+04  0.52382573617910E+05 -0.71498435450383E+04  0.93940337996219E+04  0.73236006251334E+04  0.52685412029321E+05 -0.29415427128418E+04 -0.25134563594558E+04  0.39890603407003E+03 -0.19753085648201E+03 -0.20135675091858E+02  0.82410028193975E+01  0.42008090205486E+04 -0.53462794447997E+03  0.35649967546366E+04  0.20689652949013E+04  0.11870484683081E+06 -0.21087964275266E+04 -0.74577761227143E+03 -0.27653729065203E+03  0.22520696266842E+03  0.12772648478059E+04 -0.37352633907023E+04  0.14478143819166E+05 -0.19642972800981E+04 -0.31121226901348E+04  0.92002184427246E+02 -0.81118776436074E+04 -0.42087910583091E+05 -0.12628980544664E+03 -0.23296243438886E+03 -0.10166421586140E+02 -0.29088266201519E+03 -0.12145424956794E+03 -0.12077590827148E+04 -0.96995398744118E+03 -0.28799798384364E+04
   0.10198777325301E+07 -0.11925036456761E+06  0.24485722769643E+05  0.39529394836040E+06 -0.33325222675631E+05  0.97366088035416E+05  0.52685412029321E+05  0.60908350014833E+07 -0.25525048613856E+07 -0.93752933436362E+05  0.25274657121604E+05  0.26715900547352E+05  0.17097842286209E+04  0.10322403413469E+03  0.98302825747836E+05 -0.12565476282778E+05  0.96309039217142E+05  0.52538653122405E+05  0.33591802144039E+06 -0.38839539514474E+05 -0.73878552505460E+04 -0.19046052810102E+04  0.76585028793603E+04  0.44634546783696E+05 -0.30505334798076E+05  0.54601724993456E+06 -0.66349886888867E+05 -0.52322273425993E+05 -0.75996641047779E+05 -0.31056309581960E+06 -0.60115908193581E+06 -0.77940203007237E+05 -0.17631312136654E+06 -0.15406062769102E+04  0.46300297165711E+03  0.34949832863446E+03 -0.29575405973849E+06 -0.15570334605877E+06 -0.19035902670547E+06
  -0.18770007905850E+06  0.25322414930637E+05 -0.44020320443601E+04 -0.29499803228903E+05  0.23677790888785E+03 -0.92904331754844E+04 -0.29415427128418E+04 -0.25525048613856E+07  0.19059991821652E+07  0.19508585889077E+05 -0.59711356244301E+04 -0.55806390509284E+04 -0.30078785880342E+03 -0.14051849335607E+02  0.47580840205121E+05 -0.20947928931038E+04  0.14253010699939E+05  0.69027908706132E+04  0.22368605492816E+05  0.92139385710095E+04  0.14041911789113E+04  0.31161717362727E+03 -0.16280765407790E+04 -0.10078716101097E+05  0.47091731901888E+04 -0.19869628879778E+06  0.11546612660020E+05  0.10699388228474E+05  0.25406954920634E+05  0.67197727465711E+05  0.12594293612909E+06  0.22817630692197E+05  0.51792739718020E+05  0.20779538123552E+03 -0.12829484122880E+04 -0.70350390499993E+03  0.11524296875316E+06  0.46046565243359E+05  0.55836226031259E+05
  -0.45922393013407E+05  0.60898768466723E+04 -0.12911303433357E+04 -0.17745598900907E+05  0.21351029550335E+04 -0.35647578099485E+04 -0.25134563594558E+04 -0.93752933436362E+05  0.19508585889077E+05  0.25483210713333E+04 -0.54366713857366E+03 -0.59080474480986E+03 -0.49221788598772E+02 -0.17232837190705E+01 -0.40301951063262E+04  0.50048856574813E+03 -0.35131566997500E+04 -0.20100005512065E+04 -0.29580366854762E+05  0.12017645618340E+04  0.31408891230760E+03  0.98553182777545E+02 -0.24285303745414E+03 -0.13105458643656E+04  0.16653312614627E+04 -0.12461109472729E+05  0.26935283083227E+04  0.18330196089582E+04  0.73821595071846E+03  0.10655652103929E+05  0.21831762155115E+05  0.14584640062303E+04  0.32332659180449E+04  0.44031084412134E+02  0.11932023054985E+03  0.53599572014045E+02  0.31504799395865E+04  0.28470978040463E+04  0.35574952566781E+04
   0.62356132392072E+04 -0.68544420220727E+03  0.15174492010737E+03  0.29077706680481E+04 -0.26820313271161E+03  0.69843319728490E+03  0.39890603407003E+03  0.25274657121604E+05 -0.59711356244301E+04 -0.54366713857366E+03  0.13691630803372E+03  0.15573342598669E+03  0.10645166278089E+02  0.59595835074407E+00  0.11261104492821E+04 -0.12508860095393E+03  0.93240432587522E+03  0.51073847715608E+03  0.29742963995468E+04 -0.21093412267377E+03 -0.43559938342477E+02 -0.11661890949177E+02  0.43985804953300E+02  0.25010968888247E+03 -0.18925812129481E+03  0.24834441934337E+04 -0.40632892214388E+03 -0.30302304408818E+03 -0.31377966886604E+03 -0.17591615160865E+04 -0.34423511025584E+04 -0.37591497048609E+03 -0.84931219365202E+03 -0.99219888003525E+01 -0.99870758342290E+01 -0.47582385919058E+01 -0.10551847989898E+04 -0.74884490576725E+03 -0.92062391772929E+03
   0.13813520758915E+05 -0.10369173631781E+04  0.32860197391049E+03 -0.14862324459015E+04 -0.14272676449483E+02 -0.59442625324296E+03 -0.19753085648201E+03  0.26715900547352E+05 -0.55806390509284E+04 -0.59080474480986E+03  0.15573342598669E+03  0.13532896865726E+04  0.84327495507178E+02 -0.10412475225517E+01  0.13022580478914E+04 -0.18148606332552E+03  0.13769861599735E+04  0.79214167220119E+03  0.34937728685223E+04  0.25948302805567E+03  0.25421210132162E+02  0.70641184214707E+00  0.38676354522349E+02  0.26080189200100E+03 -0.44706820726787E+02  0.24902252164432E+04 -0.89891802967869E+03 -0.30832279065403E-10 -0.67324945773603E+03 -0.42254161535816E+04  0.16460953628808E-09 -0.20747104858210E+04 -0.43814432694986E+02 -0.70395310182925E+02 -0.14989095258182E+01 -0.65225259460178E+00  0.15375458582231E+03 -0.24680134487827E+04 -0.10151562912122E-09
   0.14143360561423E+04 -0.10706013776178E+03  0.37769954831180E+02 -0.14327476693873E+03  0.43064189500044E+01 -0.50837939145355E+02 -0.20135675091858E+02  0.17097842286209E+04 -0.30078785880342E+03 -0.49221788598772E+02  0.10645166278089E+02  0.84327495507178E+02  0.69664080487997E+01 -0.14753206073834E+00  0.68399566320990E+02 -0.11546485244950E+02  0.80108105897322E+02  0.49847536674456E+02  0.15964174739784E+03  0.14905351103664E+02  0.21383280836936E+01  0.15916333456593E+00  0.47473577351451E+01  0.28199844045084E+02 -0.83537288655731E+01  0.21549127084155E+03 -0.12485709714399E+03  0.40007041022848E-13 -0.25068168729231E+02 -0.46136722794642E+03  0.27313189234397E-11 -0.12436006206316E+03 -0.10843481830390E+02 -0.53546742815243E+01 -0.14592881535869E+00 -0.57858598370016E-01  0.17541446500457E+02 -0.16952009310458E+03 -0.85236849894393E-11
  -0.10797633246049E+03  0.12422101553101E+02 -0.35708680278138E+01  0.57872747543280E+02 -0.50006452564230E+01  0.15535138854234E+02  0.82410028193975E+01  0.10322403413469E+03 -0.14051849335607E+02 -0.17232837190705E+01  0.59595835074407E+00 -0.10412475225517E+01 -0.14753206073834E+00  0.45867351311872E-01  0.13632805128601E+02 -0.10347252389734E+01  0.82733334724237E+01  0.39189143614312E+01  0.50725629851246E+02  0.13682065106728E+01 -0.31577485480626E-01 -0.18240128321239E-01 -0.59431894654450E-02  0.65280883834161E-03  0.15056964636825E-01  0.43721281088097E+01  0.63957829287302E-01 -0.91949548347711E-13 -0.56078742219879E+01 -0.67034909963429E+00 -0.46085942874781E-13 -0.27888566453127E+01 -0.12162202261863E-04 -0.12623975596774E+00 -0.15348381645120E-02 -0.84080961253478E-03 -0.21325414171111E+01 -0.28049890333050E+01 -0.30064992853227E-12
   0.13116234312251E+05 -0.66821142843703E+02 -0.12930490494720E+03  0.33159355123470E+05 -0.27939224127450E+04  0.80096309884431E+04  0.42008090205486E+04  0.98302825747836E+05  0.47580840205121E+05 -0.40301951063262E+04  0.11261104492821E+04  0.13022580478914E+04  0.68399566320990E+02  0.13632805128601E+02  0.51055429506990E+05 -0.47573411106589E+04  0.35781372648967E+05  0.18842620214247E+05  0.38783901857680E+05  0.38661550257634E+02  0.51588884224286E+02  0.22782790999840E+02 -0.56254547640374E+02 -0.25651781775143E+03  0.67461401352521E+03 -0.10518339535556E+04 -0.27841524555936E+04 -0.18168253797538E+04 -0.25282551697523E+04  0.20027974533050E+04  0.43712533099531E+04 -0.14862175131458E+04 -0.29874160208684E+04 -0.73992802700130E+03 -0.29580447143847E+04 -0.15595715685049E+04 -0.23950458302361E+04 -0.92764133674837E+03 -0.10415315891140E+04
  -0.29358479859521E+04  0.95546872733627E+02 -0.32899592218758E+02 -0.40773693971393E+04  0.35583139624645E+03 -0.99407466695632E+03 -0.53462794447997E+03 -0.12565476282778E+05 -0.20947928931038E+04  0.50048856574813E+03 -0.12508860095393E+03 -0.18148606332552E+03 -0.11546485244950E+02 -0.10347252389734E+01 -0.47573411106589E+04  0.52005486599388E+03 -0.38340276052563E+04 -0.21030808246064E+04 -0.48885342313285E+04  0.86900074963571E+01 -0.66071546637372E+01 -0.39710991842290E+01  0.22640761519637E+01  0.41093664294457E+01 -0.13554914092668E+03 -0.91033137734953E+02  0.52584856133437E+03  0.32868052231731E+03  0.29278758861435E+03 -0.15380449317899E+03 -0.48939698657011E+03  0.15622268945312E+03  0.31182127104811E+03  0.82735052194792E+02  0.46166411169353E+03  0.22579631095930E+03 -0.34429748849317E+03  0.26350065779868E+03  0.29508947731353E+03
   0.14686592023990E+05 -0.31096395232640E+03  0.10701855712583E+02  0.28148942227432E+05 -0.23066650395451E+04  0.69827622351720E+04  0.35649967546366E+04  0.96309039217142E+05  0.14253010699939E+05 -0.35131566997500E+04  0.93240432587522E+03  0.13769861599735E+04  0.80108105897322E+02  0.82733334724237E+01  0.35781372648967E+05 -0.38340276052563E+04  0.28738083404020E+05  0.15599911401299E+05  0.32461544564398E+05  0.85990595300020E+01  0.52914123834110E+02  0.22282516964613E+02 -0.83648327497198E+02 -0.31990023266817E+03  0.63592104964234E+03 -0.17271237293444E+03 -0.28015498551451E+04 -0.17862873107936E+04 -0.24623801679329E+04  0.20501794975401E+04  0.45598512923072E+04 -0.12100107160825E+04 -0.24377681962960E+04 -0.61450977621583E+03 -0.27188610154011E+04 -0.14440025359388E+04  0.15438316399012E+04 -0.17293771479242E+04 -0.19181275085934E+04
   0.10435300649268E+05 -0.26365623678976E+03  0.82302853196880E+02  0.15983540636681E+05 -0.13381148301377E+04  0.39810754714667E+04  0.20689652949013E+04  0.52538653122405E+05  0.69027908706132E+04 -0.20100005512065E+04  0.51073847715608E+03  0.79214167220119E+03  0.49847536674456E+02  0.39189143614312E+01  0.18842620214247E+05 -0.21030808246064E+04  0.15599911401299E+05  0.85844531696934E+04  0.18702373757143E+05 -0.17822563633375E+02  0.31202263827318E+02  0.15316264259808E+02 -0.37853891746530E+02 -0.12133034912989E+03  0.47960975446665E+03  0.17041012967118E+03 -0.19685011186403E+04 -0.12261079786723E+04 -0.12476466138556E+04  0.94414376004879E+03  0.24933459149473E+04 -0.62139167781566E+03 -0.12503776268408E+04 -0.34164152802241E+03 -0.17668010300484E+04 -0.90103102726342E+03  0.16001253558545E+04 -0.11979249019039E+04 -0.13306444136405E+04
   0.39611514198201E+07 -0.13182760794222E+07  0.12707634628590E+06  0.12359767403866E+07 -0.27176009973266E+06  0.34798746414722E+05  0.11870484683081E+06  0.33591802144039E+06  0.22368605492816E+05 -0.29580366854762E+05  0.29742963995468E+04  0.34937728685223E+04  0.15964174739784E+03  0.50725629851246E+02  0.38783901857680E+05 -0.48885342313285E+04  0.32461544564398E+05  0.18702373757143E+05  0.11584562339304E+08 -0.95817334656940E+05 -0.49557748452035E+05 -0.26403953415189E+05 -0.21986315701242E+05 -0.25164662536553E+05 -0.24860556319803E+06  0.33677446079861E+06 -0.22352691927529E+05 -0.50025060614932E+05  0.70677312257884E+03 -0.37111396573891E+06 -0.18211556948232E+07 -0.10928565276369E+05 -0.20586634232511E+05 -0.12745978011497E+03 -0.15744520696381E+05 -0.49450597016952E+04  0.11465070764993E+05 -0.13677585839367E+05 -0.42579616516327E+05
  -0.57144434985486E+05  0.13904337375711E+05 -0.17899391243212E+04 -0.17856486600268E+05  0.31823384729087E+04 -0.17182253905769E+04 -0.21087964275266E+04 -0.38839539514474E+05  0.92139385710095E+04  0.12017645618340E+04 -0.21093412267377E+03  0.25948302805567E+03  0.14905351103664E+02  0.13682065106728E+01  0.38661550257634E+02  0.86900074963571E+01  0.85990595300020E+01 -0.17822563633375E+02 -0.95817334656940E+05  0.26523612328729E+04  0.85932965866502E+03  0.36833873805371E+03  0.33693205095891E+01 -0.65107948429247E+03  0.33390827461024E+04 -0.11268893785902E+05  0.00000000000000E+00  0.26019683766769E+04  0.00000000000000E+00  0.00000000000000E+00  0.41052806507246E+05  0.00000000000000E+00  0.00000000000000E+00  0.00000000000000E+00  0.00000000000000E+00  0.00000000000000E+00  0.00000000000000E+00  0.00000000000000E+00  0.41810378805492E+04
  -0.24362344350998E+05  0.68344998057225E+04 -0.77197506631638E+03 -0.68460398317436E+04  0.13805835051772E+04 -0.39683636097146E+03 -0.74577761227143E+03 -0.73878552505460E+04  0.14041911789113E+04  0.31408891230760E+03 -0.43559938342477E+02  0.25421210132162E+02  0.21383280836936E+01 -0.31577485480626E-01  0.51588884224286E+02 -0.66071546637372E+01  0.52914123834110E+02  0.31202263827318E+02 -0.49557748452035E+05  0.85932965866502E+03  0.36613331619654E+03  0.17616614025307E+03  0.58879583010234E+02 -0.74799239643281E+02  0.14834061881748E+04 -0.34218911197306E+04  0.00000000000000E+00  0.67680177458906E+03  0.00000000000000E+00  0.00000000000000E+00  0.15481964928536E+05  0.00000000000000E+00  0.00000000000000E+00  0.00000000000000E+00  0.00000000000000E+00  0.00000000000000E+00  0.00000000000000E+00  0.00000000000000E+00  0.87208473454058E+03
  -0.11543624085677E+05  0.35889240569366E+04 -0.36786131897236E+03 -0.28443563319616E+04  0.62231647382142E+03 -0.74721043485592E+02 -0.27653729065203E+03 -0.19046052810102E+04  0.31161717362727E+03  0.98553182777545E+02 -0.11661890949177E+02  0.70641184214707E+00  0.15916333456593E+00 -0.18240128321239E-01  0.22782790999840E+02 -0.39710991842290E+01  0.22282516964613E+02  0.15316264259808E+02 -0.26403953415189E+05  0.36833873805371E+03  0.17616614025307E+03  0.91048039903285E+02  0.48097976398350E+02  0.22603747618076E+02  0.71116342129994E+03 -0.12652655786584E+04  0.00000000000000E+00  0.19816059005964E+03  0.00000000000000E+00  0.00000000000000E+00  0.67590529792902E+04  0.00000000000000E+00  0.00000000000000E+00  0.00000000000000E+00  0.00000000000000E+00  0.00000000000000E+00  0.00000000000000E+00  0.00000000000000E+00  0.25997793969920E+03
  -0.64603181442309E+04  0.44272835069946E+04 -0.22712125353725E+03  0.50016564526682E+03  0.14393005279260E+03  0.46650129616288E+03  0.22520696266842E+03  0.76585028793603E+04 -0.16280765407790E+04 -0.24285303745414E+03  0.43985804953300E+02  0.38676354522349E+02  0.47473577351451E+01 -0.59431894654450E-02 -0.56254547640374E+02  0.22640761519637E+01 -0.83648327497198E+02 -0.37853891746530E+02 -0.21986315701242E+05  0.33693205095891E+01  0.58879583010234E+02  0.48097976398350E+02  0.20595808932422E+03  0.53663095367554E+03  0.62622044115166E+03  0.19082505320261E+04 -0.50352165700396E+02 -0.28634513491444E+02  0.39162738519592E+01  0.29649842686272E+03 -0.48433944631047E+03  0.00000000000000E+00  0.00000000000000E+00  0.00000000000000E+00  0.00000000000000E+00  0.00000000000000E+00  0.00000000000000E+00 -0.35346144877097E+03 -0.36800078112023E+03
   0.11867235771330E+05  0.42801018888082E+04  0.26496186943755E+03  0.66458360592837E+04 -0.42267084123636E+03  0.20345041880336E+04  0.12772648478059E+04  0.44634546783696E+05 -0.10078716101097E+05 -0.13105458643656E+04  0.25010968888247E+03  0.26080189200100E+03  0.28199844045084E+02  0.65280883834161E-03 -0.25651781775143E+03  0.41093664294457E+01 -0.31990023266817E+03 -0.12133034912989E+03 -0.25164662536553E+05 -0.65107948429247E+03 -0.74799239643281E+02  0.22603747618076E+02  0.53663095367554E+03  0.20116519350298E+04  0.44287383687005E+02  0.12282432868732E+05 -0.19019970962779E+03 -0.12551583767773E+03 -0.34800556405937E+02 -0.78995286290539E+04 -0.14019383865358E+05  0.00000000000000E+00  0.00000000000000E+00  0.00000000000000E+00  0.00000000000000E+00  0.00000000000000E+00  0.00000000000000E+00 -0.23077328297135E+04 -0.23860802964792E+04
  -0.19342294821950E+06  0.53141347072727E+05 -0.61652654048773E+04 -0.35261366323960E+05  0.74886312604078E+04 -0.13989546697661E+04 -0.37352633907023E+04 -0.30505334798076E+05  0.47091731901888E+04  0.16653312614627E+04 -0.18925812129481E+03 -0.44706820726787E+02 -0.83537288655731E+01  0.15056964636825E-01  0.67461401352521E+03 -0.13554914092668E+03  0.63592104964234E+03  0.47960975446665E+03 -0.24860556319803E+06  0.33390827461024E+04  0.14834061881748E+04  0.71116342129994E+03  0.62622044115166E+03  0.44287383687005E+02  0.14401913405286E+05 -0.28344206646879E+05  0.28728155834654E+03  0.14892529689880E+03 -0.67218756643771E+01  0.43658505753751E+05  0.70710670527326E+05  0.00000000000000E+00  0.00000000000000E+00  0.00000000000000E+00  0.00000000000000E+00  0.00000000000000E+00  0.00000000000000E+00  0.17644101925811E+04  0.17997505942743E+04
   0.44841462096068E+06 -0.76926552812993E+05  0.13350857812907E+05  0.10888610474602E+06 -0.16973995882923E+05  0.15024223105530E+05  0.14478143819166E+05  0.54601724993456E+06 -0.19869628879778E+06 -0.12461109472729E+05  0.24834441934337E+04  0.24902252164432E+04  0.21549127084155E+03  0.43721281088097E+01 -0.10518339535556E+04 -0.91033137734953E+02 -0.17271237293444E+03  0.17041012967118E+03  0.33677446079861E+06 -0.11268893785902E+05 -0.34218911197306E+04 -0.12652655786584E+04  0.19082505320261E+04  0.12282432868732E+05 -0.28344206646879E+05  0.15445209698863E+06 -0.14683039420927E+04 -0.11666481971300E+04 -0.49718366280731E+04 -0.13997877979128E+06 -0.23116611227958E+06  0.00000000000000E+00  0.00000000000000E+00  0.00000000000000E+00  0.00000000000000E+00  0.00000000000000E+00  0.00000000000000E+00 -0.28131128032741E+05 -0.29095074932845E+05
  -0.13574272706210E+06  0.16927214138718E+05 -0.41262369955514E+04 -0.13308001776845E+05  0.20252870268694E+04 -0.20427237361790E+04 -0.19642972800981E+04 -0.66349886888867E+05  0.11546612660020E+05  0.26935283083227E+04 -0.40632892214388E+03 -0.89891802967869E+03 -0.12485709714399E+03  0.63957829287302E-01 -0.27841524555936E+04  0.52584856133437E+03 -0.28015498551451E+04 -0.19685011186403E+04 -0.22352691927529E+05  0.00000000000000E+00  0.00000000000000E+00  0.00000000000000E+00 -0.50352165700396E+02 -0.19019970962779E+03  0.28728155834654E+03 -0.14683039420927E+04  0.11746495096305E+06  0.00000000000000E+00  0.00000000000000E+00  0.00000000000000E+00  0.00000000000000E+00  0.00000000000000E+00  0.00000000000000E+00  0.00000000000000E+00  0.00000000000000E+00  0.00000000000000E+00  0.00000000000000E+00  0.00000000000000E+00  0.00000000000000E+00
  -0.57463341184991E+05  0.83683728696726E+04 -0.17449677797222E+04 -0.22062688388506E+05  0.34371828956919E+04 -0.31677611105171E+04 -0.31121226901348E+04 -0.52322273425993E+05  0.10699388228474E+05  0.18330196089582E+04 -0.30302304408818E+03 -0.30832279065403E-10  0.40007041022848E-13 -0.91949548347711E-13 -0.18168253797538E+04  0.32868052231731E+03 -0.17862873107936E+04 -0.12261079786723E+04 -0.50025060614932E+05  0.26019683766769E+04  0.67680177458906E+03  0.19816059005964E+03 -0.28634513491444E+02 -0.12551583767773E+03  0.14892529689880E+03 -0.11666481971300E+04  0.00000000000000E+00  0.64977322208341E+05  0.00000000000000E+00  0.00000000000000E+00  0.00000000000000E+00  0.00000000000000E+00  0.00000000000000E+00  0.00000000000000E+00  0.00000000000000E+00  0.00000000000000E+00  0.00000000000000E+00  0.00000000000000E+00  0.00000000000000E+00
  -0.57400952354423E+04 -0.17615777935674E+03  0.33692488099236E+01 -0.19737684228854E+03 -0.50951546652328E+02  0.63761820136428E+02  0.92002184427246E+02 -0.75996641047779E+05  0.25406954920634E+05  0.73821595071846E+03 -0.31377966886604E+03 -0.67324945773603E+03 -0.25068168729231E+02 -0.56078742219879E+01 -0.25282551697523E+04  0.29278758861435E+03 -0.24623801679329E+04 -0.12476466138556E+04  0.70677312257884E+03  0.00000000000000E+00  0.00000000000000E+00  0.00000000000000E+00  0.39162738519592E+01 -0.34800556405937E+02 -0.67218756643771E+01 -0.49718366280731E+04  0.00000000000000E+00  0.00000000000000E+00  0.30851624085940E+05  0.00000000000000E+00  0.00000000000000E+00  0.00000000000000E+00  0.00000000000000E+00  0.00000000000000E+00  0.00000000000000E+00  0.00000000000000E+00  0.00000000000000E+00  0.00000000000000E+00  0.00000000000000E+00
  -0.88860068253176E+06  0.21172306047027E+06 -0.27561966462138E+05 -0.67335471612652E+05  0.12214474709908E+05 -0.65211984124943E+04 -0.81118776436074E+04 -0.31056309581960E+06  0.67197727465711E+05  0.10655652103929E+05 -0.17591615160865E+04 -0.42254161535816E+04 -0.46136722794642E+03 -0.67034909963429E+00  0.20027974533050E+04 -0.15380449317899E+03  0.20501794975401E+04  0.94414376004879E+03 -0.37111396573891E+06  0.00000000000000E+00  0.00000000000000E+00  0.00000000000000E+00  0.29649842686272E+03 -0.78995286290539E+04  0.43658505753751E+05 -0.13997877979128E+06  0.00000000000000E+00  0.00000000000000E+00  0.00000000000000E+00  0.58164231260620E+06  0.00000000000000E+00  0.00000000000000E+00  0.00000000000000E+00  0.00000000000000E+00  0.00000000000000E+00  0.00000000000000E+00  0.00000000000000E+00  0.00000000000000E+00  0.00000000000000E+00
  -0.11471097697949E+07  0.26658824532749E+06 -0.35771350979754E+05 -0.34883941881721E+06  0.64523875149397E+05 -0.31334704673458E+05 -0.42087910583091E+05 -0.60115908193581E+06  0.12594293612909E+06  0.21831762155115E+05 -0.34423511025584E+04  0.16460953628808E-09  0.27313189234397E-11 -0.46085942874781E-13  0.43712533099531E+04 -0.48939698657011E+03  0.45598512923072E+04  0.24933459149473E+04 -0.18211556948232E+07  0.41052806507246E+05  0.15481964928536E+05  0.67590529792902E+04 -0.48433944631047E+03 -0.14019383865358E+05  0.70710670527326E+05 -0.23116611227958E+06  0.00000000000000E+00  0.00000000000000E+00  0.00000000000000E+00  0.00000000000000E+00  0.92157124270612E+06  0.00000000000000E+00  0.00000000000000E+00  0.00000000000000E+00  0.00000000000000E+00  0.00000000000000E+00  0.00000000000000E+00  0.00000000000000E+00  0.00000000000000E+00
  -0.21360048086738E+05  0.57410979109548E+04 -0.68381124450077E+03 -0.13157127162329E+04  0.32436804941284E+03  0.17356226114452E+02 -0.12628980544664E+03 -0.77940203007237E+05  0.22817630692197E+05  0.14584640062303E+04 -0.37591497048609E+03 -0.20747104858210E+04 -0.12436006206316E+03 -0.27888566453127E+01 -0.14862175131458E+04  0.15622268945312E+03 -0.12100107160825E+04 -0.62139167781566E+03 -0.10928565276369E+05  0.00000000000000E+00  0.00000000000000E+00  0.00000000000000E+00  0.00000000000000E+00  0.00000000000000E+00  0.00000000000000E+00  0.00000000000000E+00  0.00000000000000E+00  0.00000000000000E+00  0.00000000000000E+00  0.00000000000000E+00  0.00000000000000E+00  0.14163391174591E+05  0.00000000000000E+00  0.00000000000000E+00  0.00000000000000E+00  0.00000000000000E+00  0.00000000000000E+00  0.00000000000000E+00  0.00000000000000E+00
  -0.48661520256063E+05  0.13277617465099E+05 -0.15630112589449E+04 -0.24627017280573E+04  0.58745506418204E+03  0.22128384654782E+00 -0.23296243438886E+03 -0.17631312136654E+06  0.51792739718020E+05  0.32332659180449E+04 -0.84931219365202E+03 -0.43814432694986E+02 -0.10843481830390E+02 -0.12162202261863E-04 -0.29874160208684E+04  0.31182127104811E+03 -0.24377681962960E+04 -0.12503776268408E+04 -0.20586634232511E+05  0.00000000000000E+00  0.00000000000000E+00  0.00000000000000E+00  0.00000000000000E+00  0.00000000000000E+00  0.00000000000000E+00  0.00000000000000E+00  0.00000000000000E+00  0.00000000000000E+00  0.00000000000000E+00  0.00000000000000E+00  0.00000000000000E+00  0.00000000000000E+00  0.31567406108869E+05  0.00000000000000E+00  0.00000000000000E+00  0.00000000000000E+00  0.00000000000000E+00  0.00000000000000E+00  0.00000000000000E+00
  -0.32911574282745E+04  0.42318772658520E+03 -0.89467583517008E+02 -0.69230272202780E+02  0.86383938141621E+01 -0.14047417505402E+02 -0.10166421586140E+02 -0.15406062769102E+04  0.20779538123552E+03  0.44031084412134E+02 -0.99219888003525E+01 -0.70395310182925E+02 -0.53546742815243E+01 -0.12623975596774E+00 -0.73992802700130E+03  0.82735052194792E+02 -0.61450977621583E+03 -0.34164152802241E+03 -0.12745978011497E+03  0.00000000000000E+00  0.00000000000000E+00  0.00000000000000E+00  0.00000000000000E+00  0.00000000000000E+00  0.00000000000000E+00  0.00000000000000E+00  0.00000000000000E+00  0.00000000000000E+00  0.00000000000000E+00  0.00000000000000E+00  0.00000000000000E+00  0.00000000000000E+00  0.00000000000000E+00  0.38045234186531E+04  0.00000000000000E+00  0.00000000000000E+00  0.00000000000000E+00  0.00000000000000E+00  0.00000000000000E+00
  -0.92857801733845E+04  0.23998247938286E+04 -0.29363897463825E+03 -0.24751470673339E+04  0.47899916915446E+03 -0.18504927517628E+03 -0.29088266201519E+03  0.46300297165711E+03 -0.12829484122880E+04  0.11932023054985E+03 -0.99870758342290E+01 -0.14989095258182E+01 -0.14592881535869E+00 -0.15348381645120E-02 -0.29580447143847E+04  0.46166411169353E+03 -0.27188610154011E+04 -0.17668010300484E+04 -0.15744520696381E+05  0.00000000000000E+00  0.00000000000000E+00  0.00000000000000E+00  0.00000000000000E+00  0.00000000000000E+00  0.00000000000000E+00  0.00000000000000E+00  0.00000000000000E+00  0.00000000000000E+00  0.00000000000000E+00  0.00000000000000E+00  0.00000000000000E+00  0.00000000000000E+00  0.00000000000000E+00  0.00000000000000E+00  0.82933043752175E+04  0.00000000000000E+00  0.00000000000000E+00  0.00000000000000E+00  0.00000000000000E+00
  -0.32755336450423E+04  0.75948983598438E+03 -0.10299653606480E+03 -0.96616680106146E+03  0.17632229850234E+03 -0.94815892899286E+02 -0.12145424956794E+03  0.34949832863446E+03 -0.70350390499993E+03  0.53599572014045E+02 -0.47582385919058E+01 -0.65225259460178E+00 -0.57858598370016E-01 -0.84080961253478E-03 -0.15595715685049E+04  0.22579631095930E+03 -0.14440025359388E+04 -0.90103102726342E+03 -0.49450597016952E+04  0.00000000000000E+00  0.00000000000000E+00  0.00000000000000E+00  0.00000000000000E+00  0.00000000000000E+00  0.00000000000000E+00  0.00000000000000E+00  0.00000000000000E+00  0.00000000000000E+00  0.00000000000000E+00  0.00000000000000E+00  0.00000000000000E+00  0.00000000000000E+00  0.00000000000000E+00  0.00000000000000E+00  0.00000000000000E+00  0.42328594379538E+04  0.00000000000000E+00  0.00000000000000E+00  0.00000000000000E+00
  -0.21104426658544E+05 -0.21034021153821E+04 -0.13760173452911E+03 -0.11333371180318E+05  0.42136056380747E+03 -0.28285922967698E+04 -0.12077590827148E+04 -0.29575405973849E+06  0.11524296875316E+06  0.31504799395865E+04 -0.10551847989898E+04  0.15375458582231E+03  0.17541446500457E+02 -0.21325414171111E+01 -0.23950458302361E+04 -0.34429748849317E+03  0.15438316399012E+04  0.16001253558545E+04  0.11465070764993E+05  0.00000000000000E+00  0.00000000000000E+00  0.00000000000000E+00  0.00000000000000E+00  0.00000000000000E+00  0.00000000000000E+00  0.00000000000000E+00  0.00000000000000E+00  0.00000000000000E+00  0.00000000000000E+00  0.00000000000000E+00  0.00000000000000E+00  0.00000000000000E+00  0.00000000000000E+00  0.00000000000000E+00  0.00000000000000E+00  0.00000000000000E+00  0.12984386024164E+06  0.00000000000000E+00  0.00000000000000E+00
  -0.76845184893995E+05  0.87767083903381E+04 -0.19976686814323E+04 -0.76732749681676E+04  0.84492553721297E+03 -0.15454441164102E+04 -0.96995398744118E+03 -0.15570334605877E+06  0.46046565243359E+05  0.28470978040463E+04 -0.74884490576725E+03 -0.24680134487827E+04 -0.16952009310458E+03 -0.28049890333050E+01 -0.92764133674837E+03  0.26350065779868E+03 -0.17293771479242E+04 -0.11979249019039E+04 -0.13677585839367E+05  0.00000000000000E+00  0.00000000000000E+00  0.00000000000000E+00 -0.35346144877097E+03 -0.23077328297135E+04  0.17644101925811E+04 -0.28131128032741E+05  0.00000000000000E+00  0.00000000000000E+00  0.00000000000000E+00  0.00000000000000E+00  0.00000000000000E+00  0.00000000000000E+00  0.00000000000000E+00  0.00000000000000E+00  0.00000000000000E+00  0.00000000000000E+00  0.00000000000000E+00  0.95633962188295E+05  0.00000000000000E+00
  -0.60445443944606E+05  0.73813785205116E+04 -0.16053030164618E+04 -0.22691068565147E+05  0.26067649988881E+04 -0.44156317615462E+04 -0.28799798384364E+04 -0.19035902670547E+06  0.55836226031259E+05  0.35574952566781E+04 -0.92062391772929E+03 -0.10151562912122E-09 -0.85236849894393E-11 -0.30064992853227E-12 -0.10415315891140E+04  0.29508947731353E+03 -0.19181275085934E+04 -0.13306444136405E+04 -0.42579616516327E+05  0.41810378805492E+04  0.87208473454058E+03  0.25997793969920E+03 -0.36800078112023E+03 -0.23860802964792E+04  0.17997505942743E+04 -0.29095074932845E+05  0.00000000000000E+00  0.00000000000000E+00  0.00000000000000E+00  0.00000000000000E+00  0.00000000000000E+00  0.00000000000000E+00  0.00000000000000E+00  0.00000000000000E+00  0.00000000000000E+00  0.00000000000000E+00  0.00000000000000E+00  0.00000000000000E+00  0.10004026801863E+06

 # Covariance matrix (Bevington epsilon)
   0.73644749352253E-03 -0.24160405974063E-04 -0.22405506002908E-01  0.11069837620629E-03 -0.35481034510109E-03  0.59232167378234E-03 -0.13263586566514E-02  0.43293417881768E-04  0.34966498248714E-04 -0.17468215321734E-02 -0.20129050640574E-01 -0.80395844798503E-03 -0.21675599305443E-02 -0.36287594756339E-01  0.77721944980050E-04  0.34427002297278E-02  0.55211436462241E-03 -0.71736687041416E-03 -0.44359178782228E-05 -0.61790002235683E-03  0.34721468599603E-02 -0.38369301813644E-02  0.93166769168412E-03 -0.10681756927029E-02  0.24715686710905E-03  0.10311856335213E-03  0.43347653922407E-04  0.41807724750779E-04  0.35406002366007E-04  0.51499812939211E-04  0.50332474044856E-04 -0.28939758319445E-03 -0.15391908251599E-03  0.43406265681105E-04 -0.81982744361865E-04 -0.78681344614577E-04  0.67204894580262E-04  0.51548795554768E-04  0.48110768809040E-04
  -0.24160405974064E-04  0.11492538871649E-03  0.18580612433797E-02  0.14293794377726E-03  0.69131918736945E-03 -0.20833830056467E-03  0.26531898595715E-04  0.31026974256013E-05  0.10272959779185E-05  0.57043460991189E-03  0.88556417752250E-03  0.23051924850776E-03 -0.84028823825513E-03  0.30471493338307E-01  0.30776548758139E-04  0.16371400877981E-02  0.12765334975248E-04  0.27623966119370E-03  0.29159251114699E-05 -0.14171240539193E-03  0.33353788921758E-03 -0.29118440528011E-03 -0.19752747134115E-02  0.45101841873455E-03  0.35317047991116E-04 -0.15407895622167E-04  0.12865533425953E-04  0.10295372867488E-04  0.77991933588914E-05  0.66429124716904E-05  0.80809434724183E-05  0.17827803580768E-04 -0.13455137100224E-04  0.86943811034965E-05 -0.14215790438721E-04 -0.98935439127609E-05  0.67924886618601E-05  0.92718469678041E-05  0.87061402668239E-05
