# fitpack15: fit parameters                                                                         
# CJ15 AV18 final data choices                                                                      
# Created on 02/13/2020 at 10:43:23                                                                 

 # QCD setup
  INS                           0
  NVL                          11
  IORD                          1
  Q02                   1.6899999999999999     
  IPARAMC                      -7
  FLAVOR                5.0000000000000000     
  xmc                   1.3000000000000000     
  xmb                   4.5000000000000000     
  ncb                          12
  ihq                           1
  ias                           0

 # Theory corrections
  inuke                     10114
  itmc                          1
  iht                           1

 # fit parameters
 LAMBDA       0.22680        0.0000    
 a0uv          2.4117        0.0000    
 a1uv         0.61601       0.25547E-01
 a2uv          3.5522       0.16464E-01
 a3uv          0.0000        0.0000    
 a4uv          3.4764       0.57287    
 a5uv          0.0000        0.0000    
 a0dv          21.027        0.0000    
 a1dv          1.1090       0.44005E-01
 a2dv          6.5577       0.22930    
 a3dv         -3.5613       0.10792    
 a4dv          4.9342       0.19271    
 a5dv          0.0000        0.0000    
 a0ud         0.14433       0.53919E-02
 a1ud        -0.20931       0.40162E-02
 a2ud          8.5998       0.21843    
 a3ud          0.0000        0.0000    
 a4ud          15.519        1.5267    
 a5ud          0.0000        0.0000    
 a0du          35712.        0.0000    
 a1du          3.9993       0.80427E-01
 a2du          20.523        1.0224    
 a3du          17.000        0.0000    
 a4du          46.930        10.968    
 a0g           47.888        0.0000    
 a1g          0.61133       0.31248E-01
 a2g           6.2102       0.85782    
 a3g          -3.4232       0.12585    
 a4g           3.3484       0.30007    
 a5g           0.0000        0.0000    
 kappa        0.40000        0.0000    
 a6dv         0.33617E-02   0.25503E-02
 a7dv          2.0000        0.0000    
 off1         0.62963E-02   0.12076    
 off2        -0.65390       0.86620    
 off3        -0.11657        1.6504    
 ht1          -3.2701       0.27403    
 ht2           1.8980       0.11486    
 ht3          -2.1096       0.29335E-01
 ht4           0.0000        0.0000    
 dummy41       0.0000        0.0000    
 dummy42       0.0000        0.0000    
 dummy43       0.0000        0.0000    
 dummy44       0.0000        0.0000    
 dummy45       0.0000        0.0000    
 dummy46       0.0000        0.0000    
 dummy47       0.0000        0.0000    
 dummy48       0.0000        0.0000    
 dummy49       0.0000        0.0000    
 bcdmsh2      0.97002       0.48844E-02
 bcdmsd2      0.99299       0.58722E-02
 ccfr          1.0000        0.0000    
 nutev         1.0000        0.0000    
 zeus         0.97998        0.0000    
 h1            1.0162        0.0000    
 e605          1.0319        0.0000    
 NmcH2         1.0073       0.71488E-02
 ntv_nu        1.0000        0.0000    
 ntv_nuba      1.0000        0.0000    
 cdf_jet      0.98910        0.0000    
 d0_jet       0.83504        0.0000    
 slac_p        1.0008       0.49042E-02
 slac_d        1.0029       0.53447E-02
 e866pp       0.95094       0.21913E-01
 e866pd       0.95199       0.19253E-01
 d0_gamje      1.0413       0.16584E-01
 h1b          0.97608        0.0000    
 jlab_p       0.99352       0.59039E-02
 jlab_d       0.97572       0.60172E-02
 blank         1.0000        0.0000    
 d0run2       0.95012       0.15003E-01
 cdfrun2      0.93553       0.17646E-01
 HERA_el       1.0000        0.0000    
 HERA_ps       1.0000        0.0000    
 CDF_Z        0.95318       0.68200E-02
 NmcRat        1.0000        0.0000    
 BNS_F2nd      0.0000        0.0000    
 HERMES_F     0.99450       0.56347E-02
 HERMES_F     0.97890       0.58681E-02
 END 0. 0.

 # Hessian matrix (Bevington alpha)
   0.47882623784593E+07 -0.12771294057352E+07  0.22987278153120E+06  0.57650851237712E+06 -0.14095237936954E+06 -0.43952226722624E+04  0.65706253359772E+05  0.89505839576482E+06 -0.16737299363409E+06 -0.46637557649436E+05  0.68942662704774E+04  0.14449372112492E+05  0.15425807117308E+04 -0.90120537086643E+02  0.12822514419271E+05 -0.30188309841026E+04  0.16911473640494E+05  0.11731405406385E+05  0.68277484825092E+07 -0.64543072823777E+05 -0.28427526336611E+05 -0.13753447677488E+05 -0.20054141180787E+05 -0.95284094867214E+04 -0.22772949402806E+06 -0.12718191315799E+06 -0.53956800263946E+05 -0.43104263843139E+04 -0.84353365202548E+06 -0.10916585731235E+07 -0.20931453762167E+05 -0.47089030614325E+05 -0.30558726746015E+04 -0.19908198512588E+06 -0.22506851356595E+06 -0.87136200306531E+04 -0.30830413638244E+04 -0.15795742064296E+05 -0.70804590997427E+05 -0.55943709589825E+05
  -0.12771294057352E+07  0.41256567478077E+06 -0.63304471667722E+05 -0.14788542069432E+06  0.37858695853124E+05  0.64506659994824E+04 -0.13318198922951E+05 -0.11911800697632E+06  0.25537436466514E+05  0.70248171549449E+04 -0.86287805790662E+03 -0.11929138086886E+04 -0.12712801192783E+03  0.11197080449297E+02  0.76832090727547E+02  0.41652913883017E+02 -0.51182485451662E+03 -0.30294675580349E+03 -0.23048184494543E+07  0.17125391378393E+05  0.85057112959973E+04  0.44767587559089E+04  0.91456438264901E+04  0.98688157650113E+04  0.67344818416110E+05  0.16606203694807E+05  0.82528494786221E+04 -0.24939448676750E+03  0.21076805540070E+06  0.26607561950318E+06  0.59164217777804E+04  0.13462884007842E+05  0.41731144743365E+03  0.63734899339944E+05  0.71645970685286E+05  0.23698388151420E+04  0.75218460093146E+03 -0.23517110135750E+04  0.85746154392943E+04  0.72556716898873E+04
   0.22987278153120E+06 -0.63304471667722E+05  0.11154136604138E+05  0.27313833687482E+05 -0.68557110844046E+04 -0.59291836487469E+03  0.30002647021679E+04  0.31164325652911E+05 -0.56684536795483E+04 -0.19166606624264E+04  0.24350802348355E+03  0.44502870297824E+03  0.55143886108494E+02 -0.43090993786832E+01 -0.17308814637024E+03 -0.42167690053314E+02  0.22114336858400E+02  0.11409997728283E+03  0.34033168622456E+06 -0.30751488324238E+04 -0.13861639571107E+04 -0.67910878814240E+03 -0.10772071908037E+04 -0.77312854990209E+03 -0.11184090355416E+05 -0.55637720542541E+04 -0.23803295794772E+04  0.54408726239216E+02 -0.39355380890431E+05 -0.51203742075980E+05 -0.10245660911543E+04 -0.23149690881850E+04 -0.11810199133453E+03 -0.99732718672296E+04 -0.11260711839605E+05 -0.41863091165413E+03 -0.14561780803080E+03  0.38160676575700E+02 -0.25764944108844E+04 -0.20986096217300E+04
   0.57650851237712E+06 -0.14788542069432E+06  0.27313833687482E+05  0.30426134006207E+06 -0.47548520816647E+05  0.50845049557998E+05  0.44521263060329E+05  0.32428646507814E+06 -0.26951804304176E+05 -0.15971547930760E+05  0.29049461342770E+04 -0.94146992874344E+03 -0.70527482034587E+02  0.41103383439888E+02  0.29355075497439E+05 -0.35395920236713E+04  0.27010564800779E+05  0.14920239185483E+05  0.14509597131650E+07 -0.19705789707665E+05 -0.78419598690391E+04 -0.33732505869916E+04 -0.13652865012819E+04  0.28431561561809E+04 -0.40005949027552E+05 -0.12907258563413E+05 -0.21461970542615E+05 -0.15979080998526E+03 -0.65837439775194E+05 -0.34178748469840E+06 -0.13984986667634E+04 -0.24328195109533E+04 -0.68312496575221E+02 -0.11349036497476E+05 -0.51139494772881E+05 -0.23719901853861E+04 -0.93086621921030E+03 -0.10519656699603E+05 -0.74266037249754E+04 -0.22039935962746E+05
  -0.14095237936954E+06  0.37858695853124E+05 -0.68557110844046E+04 -0.47548520816647E+05  0.90578953072968E+04 -0.47801830295614E+04 -0.63860418376807E+04 -0.28717583734811E+05  0.76027579586883E+03  0.20098501644031E+04 -0.27818769858962E+03 -0.58712055140397E+02 -0.27514749869710E+01 -0.32731580272078E+01 -0.23464186425686E+04  0.28096675492582E+03 -0.21068863570113E+04 -0.11635914008962E+04 -0.33058032308784E+06  0.36813285063063E+04  0.16326157636091E+04  0.75222155265518E+03  0.61665929690098E+03  0.34620714126483E+03  0.88202158250877E+04  0.19859288229869E+04  0.33745663364520E+04 -0.51785121343406E+02  0.11907341230359E+05  0.63137072168267E+05  0.34079827140874E+03  0.57556113576361E+03  0.86588152946152E+01  0.29170999594230E+04  0.12987753821495E+05  0.45800784108883E+03  0.17001301926361E+03  0.38874208525121E+03  0.82705071147588E+03  0.25652107157630E+04
  -0.43952226722624E+04  0.64506659994824E+04 -0.59291836487469E+03  0.50845049557998E+05 -0.47801830295614E+04  0.15123223397369E+05  0.88911731996879E+04  0.90646478632548E+05 -0.86815479743861E+04 -0.36675180142044E+04  0.80046307711320E+03 -0.46858045443841E+03 -0.34258292645917E+02  0.13096945223619E+02  0.83717686990141E+04 -0.10452570775505E+04  0.77831418899824E+04  0.43878075061801E+04  0.22077128184499E+05 -0.19844824414554E+04 -0.45211928825625E+03 -0.76731153594719E+02  0.65672988557948E+03  0.22313971450858E+04 -0.13851155642932E+04 -0.24563530444337E+04 -0.37964115038966E+04  0.10547972719812E+03 -0.78447563027025E+04 -0.37933086484322E+05  0.14096709527810E+02 -0.49663990523069E+01 -0.16537519963863E+02  0.33618276920147E+03  0.13009791457561E+04 -0.21914900407622E+03 -0.11260754597039E+03 -0.30759409148957E+04 -0.17615925450556E+04 -0.50543088359018E+04
   0.65706253359772E+05 -0.13318198922951E+05  0.30002647021679E+04  0.44521263060329E+05 -0.63860418376807E+04  0.88911731996879E+04  0.71091641355931E+04  0.49200590803943E+05 -0.29481993118933E+04 -0.25963298439671E+04  0.45701605668678E+03 -0.11986281953688E+03 -0.92008935467067E+01  0.65610137524567E+01  0.42272113781488E+04 -0.53227634557404E+03  0.37988834423646E+04  0.21618349280683E+04  0.14742278650982E+06 -0.25739649155224E+04 -0.93261289962765E+03 -0.35506295947322E+03  0.13159415415579E+03  0.10540867237809E+04 -0.45411013677817E+04 -0.22490287355128E+04 -0.35568816453457E+04  0.11435213734985E+03 -0.91847211179238E+04 -0.47764886767964E+05 -0.15173903417749E+03 -0.25745567363228E+03 -0.11690465853939E+02 -0.95456235944739E+03 -0.44220925148079E+04 -0.32115404040943E+03 -0.13569629282893E+03 -0.13056654434200E+04 -0.10880352098135E+04 -0.32452605330993E+04
   0.89505839576482E+06 -0.11911800697632E+06  0.31164325652911E+05  0.32428646507814E+06 -0.28717583734811E+05  0.90646478632548E+05  0.49200590803943E+05  0.50299377195032E+07 -0.23321144166829E+07 -0.82074722735116E+05  0.24507327536434E+05  0.27879777337762E+05  0.18219956693137E+04  0.11606166502392E+03  0.81739667145982E+05 -0.10722789183701E+05  0.90367662959203E+05  0.48527026087624E+05  0.43920604626939E+06 -0.35950395051294E+05 -0.70000490104821E+04 -0.18667845007429E+04  0.74438201672478E+04  0.37505598290464E+05 -0.28246380995367E+05 -0.58482501315978E+05 -0.47334746003627E+05 -0.67770560007099E+05 -0.27592412326380E+06 -0.54666416214256E+06 -0.74078038312729E+05 -0.16564296871935E+06 -0.12768061405251E+04 -0.50733640637608E+04 -0.10182077084043E+05  0.68411375703237E+03  0.43189259243133E+03 -0.26872094623013E+06 -0.13766087889396E+06 -0.17136178635186E+06
  -0.16737299363409E+06  0.25537436466514E+05 -0.56684536795483E+04 -0.26951804304176E+05  0.76027579586883E+03 -0.86815479743861E+04 -0.29481993118933E+04 -0.23321144166829E+07  0.19261299154682E+07  0.18305190392144E+05 -0.61650486234521E+04 -0.60195113472591E+04 -0.32285881152195E+03 -0.18169461843655E+02  0.51237148532473E+05 -0.26615862932471E+04  0.19495389620930E+05  0.97139322713554E+04  0.97055065841014E+03  0.91333773833812E+04  0.14101921995374E+04  0.32135766881661E+03 -0.17971933385340E+04 -0.94412634783159E+04  0.46462067638900E+04  0.10823875684565E+05  0.10379585274206E+05  0.24131081989645E+05  0.64044755128181E+05  0.12292513402899E+06  0.23399181261753E+05  0.52473625027668E+05  0.15810129426394E+03  0.59247071020110E+03  0.12124309031749E+04 -0.13739374171807E+04 -0.74423358491267E+03  0.11331285423955E+06  0.43950563139864E+05  0.54179084968820E+05
  -0.46637557649436E+05  0.70248171549449E+04 -0.19166606624264E+04 -0.15971547930760E+05  0.20098501644031E+04 -0.36675180142044E+04 -0.25963298439671E+04 -0.82074722735116E+05  0.18305190392144E+05  0.24249127555814E+04 -0.57729068763053E+03 -0.69021231021567E+03 -0.59519272185883E+02 -0.18201894593609E+01 -0.39579413904546E+04  0.50095123649474E+03 -0.37830230730463E+04 -0.21376862438570E+04 -0.40031970275717E+05  0.12329460969601E+04  0.33414752466546E+03  0.10933739628893E+03 -0.21793321130483E+03 -0.10958119745706E+04  0.17282290738927E+04  0.25911257364126E+04  0.18005939576450E+04  0.71952265804964E+03  0.10353202890525E+05  0.21642109808350E+05  0.15035165301235E+04  0.32885847906404E+04  0.40949596322609E+02  0.48848585193998E+03  0.94635110977271E+03  0.11349641028585E+03  0.51298881990455E+02  0.30660027903891E+04  0.27201730971638E+04  0.34695204320688E+04
   0.68942662704774E+04 -0.86287805790662E+03  0.24350802348355E+03  0.29049461342770E+04 -0.27818769858962E+03  0.80046307711320E+03  0.45701605668678E+03  0.24507327536434E+05 -0.61650486234521E+04 -0.57729068763053E+03  0.16057045557209E+03  0.19943633356762E+03  0.14117330926772E+02  0.76987903235860E+00  0.12178686501641E+04 -0.13897241985184E+03  0.11225142765703E+04  0.60890995669690E+03  0.44272109351775E+04 -0.23797053506886E+03 -0.50839879607835E+02 -0.14147742270167E+02  0.51256489931423E+02  0.25221564574449E+03 -0.21645813430520E+03 -0.44171675909471E+03 -0.33562369914699E+03 -0.33046343794551E+03 -0.19109963905801E+04 -0.38318201333900E+04 -0.42756094320528E+03 -0.95550653716195E+03 -0.10248409696166E+02 -0.40573373359288E+02 -0.81388234960282E+02 -0.10585395063246E+02 -0.51487135359123E+01 -0.11251777077150E+04 -0.79290706634472E+03 -0.99444221726415E+03
   0.14449372112492E+05 -0.11929138086886E+04  0.44502870297824E+03 -0.94146992874344E+03 -0.58712055140397E+02 -0.46858045443841E+03 -0.11986281953688E+03  0.27879777337762E+05 -0.60195113472591E+04 -0.69021231021567E+03  0.19943633356762E+03  0.18095849208733E+04  0.11310615745371E+03 -0.33163691448133E-01  0.16118780967910E+04 -0.22913059665080E+03  0.18965879870234E+04  0.10765468355435E+04  0.52087608157514E+04  0.30266587238633E+03  0.30004725131732E+02  0.96470055566277E+00  0.57190803904397E+02  0.31117958787230E+03 -0.58256524568730E+02 -0.11110812748349E+04  0.37988320913870E-10 -0.79165911959105E+03 -0.50452099590297E+04 -0.22946469160035E-09 -0.26027783531901E+04 -0.65673548328731E+02 -0.82078502661305E+02 -0.15041047731564E+00 -0.47182549060310E-10 -0.17801688787745E+01 -0.77431319595599E+00  0.18678528278734E+03 -0.28643242344708E+04  0.14916334822480E-10
   0.15425807117308E+04 -0.12712801192783E+03  0.55143886108494E+02 -0.70527482034587E+02 -0.27514749869710E+01 -0.34258292645917E+02 -0.92008935467067E+01  0.18219956693137E+04 -0.32285881152195E+03 -0.59519272185883E+02  0.14117330926772E+02  0.11310615745371E+03  0.96131962170251E+01 -0.13577601766067E+00  0.89833669496258E+02 -0.15368708774292E+02  0.11369234396409E+03  0.69947378438841E+02  0.30318384662921E+03  0.17512773032425E+02  0.25973115137718E+01  0.21730815507887E+00  0.70116832908759E+01  0.33429253680064E+02 -0.11212706981477E+02 -0.16046581571848E+03  0.53913606035359E-11 -0.29612970369141E+02 -0.57584497169473E+03  0.26807000899846E-10 -0.15762268892708E+03 -0.17000141227513E+02 -0.63953030234799E+01 -0.10800051554560E+00 -0.25703904615079E-11 -0.18091023972145E+00 -0.71258654667143E-01  0.21713797349344E+02 -0.19972812484279E+03 -0.33632878990196E-11
  -0.90120537086643E+02  0.11197080449297E+02 -0.43090993786832E+01  0.41103383439888E+02 -0.32731580272078E+01  0.13096945223619E+02  0.65610137524567E+01  0.11606166502392E+03 -0.18169461843655E+02 -0.18201894593609E+01  0.76987903235860E+00 -0.33163691448133E-01 -0.13577601766067E+00  0.60500556061384E-01  0.16513171325556E+02 -0.12306224583455E+01  0.11017523605467E+02  0.50570603501347E+01  0.40024072144451E+02  0.18904088719519E+01 -0.25886546099165E-01 -0.22406375559001E-01 -0.13318751050088E-03  0.74139815400803E-01  0.16914663439383E-01  0.73001912117498E-01  0.45288672436767E-12 -0.78579080165465E+01 -0.14156810291189E+01 -0.74244526119119E-11 -0.51575777198580E+01 -0.72849288905503E-04 -0.18978809005602E+00 -0.14451525116414E-12 -0.43875212068579E-12 -0.23428814904509E-02 -0.12843313970521E-02 -0.24975986993653E+01 -0.47559847504614E+01 -0.82153561489909E-12
   0.12822514419271E+05  0.76832090727547E+02 -0.17308814637024E+03  0.29355075497439E+05 -0.23464186425686E+04  0.83717686990141E+04  0.42272113781488E+04  0.81739667145982E+05  0.51237148532473E+05 -0.39579413904546E+04  0.12178686501641E+04  0.16118780967910E+04  0.89833669496258E+02  0.16513171325556E+02  0.50833266836454E+05 -0.49331964395849E+04  0.40104657804022E+05  0.21024894221933E+05  0.40658652949954E+05  0.55374241853512E+02  0.64997255378581E+02  0.30808515956989E+02 -0.20882353398171E+02 -0.12840076933226E+03  0.80277904145142E+03 -0.29786785149672E+04 -0.19298191179557E+04 -0.25064962902225E+04  0.18943504750441E+04  0.43159223923177E+04 -0.16012812251653E+04 -0.30921149665530E+04 -0.73891175715645E+03  0.33540016251393E+03  0.60214925135902E+03 -0.30603787331521E+04 -0.16004069065366E+04 -0.20451558799248E+04 -0.98757517850958E+03 -0.11092544031437E+04
  -0.30188309841026E+04  0.41652913883017E+02 -0.42167690053314E+02 -0.35395920236713E+04  0.28096675492582E+03 -0.10452570775505E+04 -0.53227634557404E+03 -0.10722789183701E+05 -0.26615862932471E+04  0.50095123649474E+03 -0.13897241985184E+03 -0.22913059665080E+03 -0.15368708774292E+02 -0.12306224583455E+01 -0.49331964395849E+04  0.55907615490831E+03 -0.44358982665362E+04 -0.24192779650412E+04 -0.43470149401764E+04  0.35767939819979E+01 -0.10282170017731E+02 -0.60972605151047E+01 -0.81242231667136E+01 -0.21457634996660E+02 -0.17073615413226E+03  0.57184081718508E+03  0.35643655735630E+03  0.29678824414841E+03 -0.13750299838555E+03 -0.48561211694245E+03  0.17382352771908E+03  0.33370710886816E+03  0.85343311297302E+02 -0.91326883538112E+02 -0.16183543850157E+03  0.49265601089545E+03  0.23903237138357E+03 -0.38452122784148E+03  0.27741135156026E+03  0.31079936679736E+03
   0.16911473640494E+05 -0.51182485451662E+03  0.22114336858400E+02  0.27010564800779E+05 -0.21068863570113E+04  0.77831418899824E+04  0.37988834423646E+04  0.90367662959203E+05  0.19495389620930E+05 -0.37830230730463E+04  0.11225142765703E+04  0.18965879870234E+04  0.11369234396409E+03  0.11017523605467E+02  0.40104657804022E+05 -0.44358982665362E+04  0.36097201902300E+05  0.19432701431194E+05  0.40071883708147E+05  0.22453661096200E+02  0.63407785944261E+02  0.26334655811731E+02 -0.91913334435618E+02 -0.28287539085813E+03  0.66768157819607E+03 -0.30754744981274E+04 -0.19609453881897E+04 -0.27823989191814E+04  0.23725702195686E+04  0.52066174442766E+04 -0.14655920607486E+04 -0.28456506425622E+04 -0.68461207667484E+03  0.88706790144324E+02  0.17923506591136E+03 -0.29695344191360E+04 -0.15943372397836E+04  0.17174431951169E+04 -0.19296648287460E+04 -0.21352031254574E+04
   0.11731405406385E+05 -0.30294675580349E+03  0.11409997728283E+03  0.14920239185483E+05 -0.11635914008962E+04  0.43878075061801E+04  0.21618349280683E+04  0.48527026087624E+05  0.97139322713554E+04 -0.21376862438570E+04  0.60890995669690E+03  0.10765468355435E+04  0.69947378438841E+02  0.50570603501347E+01  0.21024894221933E+05 -0.24192779650412E+04  0.19432701431194E+05  0.10604280110363E+05  0.21127826222254E+05 -0.59833421727792E+01  0.40499975215762E+02  0.19680284683799E+02 -0.29508154816827E+02 -0.74069866983663E+02  0.53364175593540E+03 -0.21668671827620E+04 -0.13482142336359E+04 -0.13931133194301E+04  0.10801637072427E+04  0.28205546314506E+04 -0.74475626610471E+03 -0.14457244200830E+04 -0.37804919715566E+03  0.13898134325766E+03  0.26030426615839E+03 -0.19320806333842E+04 -0.99253773253747E+03  0.17642864457437E+04 -0.13235798908048E+04 -0.14675251727878E+04
   0.68277484825092E+07 -0.23048184494543E+07  0.34033168622456E+06  0.14509597131650E+07 -0.33058032308784E+06  0.22077128184499E+05  0.14742278650982E+06  0.43920604626939E+06  0.97055065841014E+03 -0.40031970275717E+05  0.44272109351775E+04  0.52087608157514E+04  0.30318384662921E+03  0.40024072144451E+02  0.40658652949954E+05 -0.43470149401764E+04  0.40071883708147E+05  0.21127826222254E+05  0.19081052257356E+08 -0.15595939749033E+06 -0.80642199358775E+05 -0.42916098980259E+05 -0.57711712937716E+05 -0.65831423574156E+05 -0.41189480989231E+06 -0.28805098191061E+05 -0.64942786678372E+05  0.94541601470445E+03 -0.48290671771644E+06 -0.23728481396093E+07 -0.15397811396359E+05 -0.27201930914381E+05 -0.17243420418108E+03 -0.15629438891973E+06 -0.68822940334549E+06 -0.20262909703080E+05 -0.63917995673586E+04  0.15284870505836E+05 -0.17743053054792E+05 -0.55592311027759E+05
  -0.64543072823777E+05  0.17125391378393E+05 -0.30751488324238E+04 -0.19705789707665E+05  0.36813285063063E+04 -0.19844824414554E+04 -0.25739649155224E+04 -0.35950395051294E+05  0.91333773833812E+04  0.12329460969601E+04 -0.23797053506886E+03  0.30266587238633E+03  0.17512773032425E+02  0.18904088719519E+01  0.55374241853512E+02  0.35767939819979E+01  0.22453661096200E+02 -0.59833421727792E+01 -0.15595939749033E+06  0.29181308339584E+04  0.99480653102293E+03  0.43933967610954E+03  0.19006084826287E+03 -0.32145686969708E+03  0.38586215192221E+04  0.00000000000000E+00  0.25897236444237E+04  0.00000000000000E+00  0.00000000000000E+00  0.40910879333562E+05  0.00000000000000E+00  0.00000000000000E+00  0.00000000000000E+00  0.00000000000000E+00  0.61120219584537E+04  0.00000000000000E+00  0.00000000000000E+00  0.00000000000000E+00  0.00000000000000E+00  0.41738256914712E+04
  -0.28427526336611E+05  0.85057112959973E+04 -0.13861639571107E+04 -0.78419598690391E+04  0.16326157636091E+04 -0.45211928825625E+03 -0.93261289962765E+03 -0.70000490104821E+04  0.14101921995374E+04  0.33414752466546E+03 -0.50839879607835E+02  0.30004725131732E+02  0.25973115137718E+01 -0.25886546099165E-01  0.64997255378581E+02 -0.10282170017731E+02  0.63407785944261E+02  0.40499975215762E+02 -0.80642199358775E+05  0.99480653102293E+03  0.43578964172797E+03  0.21284004803741E+03  0.16032300773324E+03  0.70228672555992E+02  0.17651499778391E+04  0.00000000000000E+00  0.67250022659543E+03  0.00000000000000E+00  0.00000000000000E+00  0.15417737624684E+05  0.00000000000000E+00  0.00000000000000E+00  0.00000000000000E+00  0.00000000000000E+00  0.31007697050825E+04  0.00000000000000E+00  0.00000000000000E+00  0.00000000000000E+00  0.00000000000000E+00  0.87007938130605E+03
  -0.13753447677488E+05  0.44767587559089E+04 -0.67910878814240E+03 -0.33732505869916E+04  0.75222155265518E+03 -0.76731153594719E+02 -0.35506295947322E+03 -0.18667845007429E+04  0.32135766881661E+03  0.10933739628893E+03 -0.14147742270167E+02  0.96470055566277E+00  0.21730815507887E+00 -0.22406375559001E-01  0.30808515956989E+02 -0.60972605151047E+01  0.26334655811731E+02  0.19680284683799E+02 -0.42916098980259E+05  0.43933967610954E+03  0.21284004803741E+03  0.11045699518341E+03  0.10286954305889E+03  0.90717310442222E+02  0.86353953993953E+03  0.00000000000000E+00  0.19668441227413E+03  0.00000000000000E+00  0.00000000000000E+00  0.67252597874733E+04  0.00000000000000E+00  0.00000000000000E+00  0.00000000000000E+00  0.00000000000000E+00  0.16148512154144E+04  0.00000000000000E+00  0.00000000000000E+00  0.00000000000000E+00  0.00000000000000E+00  0.25921348438844E+03
  -0.20054141180787E+05  0.91456438264901E+04 -0.10772071908037E+04 -0.13652865012819E+04  0.61665929690098E+03  0.65672988557948E+03  0.13159415415579E+03  0.74438201672478E+04 -0.17971933385340E+04 -0.21793321130483E+03  0.51256489931423E+02  0.57190803904397E+02  0.70116832908759E+01 -0.13318751050088E-03 -0.20882353398171E+02 -0.81242231667136E+01 -0.91913334435618E+02 -0.29508154816827E+02 -0.57711712937716E+05  0.19006084826287E+03  0.16032300773324E+03  0.10286954305889E+03  0.43131291804399E+03  0.76933772694632E+03  0.16721104279648E+04 -0.50638239042725E+02 -0.29718620692777E+02  0.15595779472451E+01  0.89036917617226E+03  0.44915713406000E+03  0.00000000000000E+00  0.00000000000000E+00  0.00000000000000E+00  0.25044567554840E+04  0.30958361517298E+04  0.00000000000000E+00  0.00000000000000E+00  0.00000000000000E+00 -0.40255398804202E+03 -0.41883331356004E+03
  -0.95284094867214E+04  0.98688157650113E+04 -0.77312854990209E+03  0.28431561561809E+04  0.34620714126483E+03  0.22313971450858E+04  0.10540867237809E+04  0.37505598290464E+05 -0.94412634783159E+04 -0.10958119745706E+04  0.25221564574449E+03  0.31117958787230E+03  0.33429253680064E+02  0.74139815400803E-01 -0.12840076933226E+03 -0.21457634996660E+02 -0.28287539085813E+03 -0.74069866983663E+02 -0.65831423574156E+05 -0.32145686969708E+03  0.70228672555992E+02  0.90717310442222E+02  0.76933772694632E+03  0.19821714503011E+04  0.15574270752464E+04 -0.15804342123129E+03 -0.10999746307586E+03 -0.59825784978168E+02 -0.61900646120217E+04 -0.10806470716710E+05  0.00000000000000E+00  0.00000000000000E+00  0.00000000000000E+00  0.34702069617943E+04  0.41812192364408E+04  0.00000000000000E+00  0.00000000000000E+00  0.00000000000000E+00 -0.22361894834839E+04 -0.23098218010641E+04
  -0.22772949402806E+06  0.67344818416110E+05 -0.11184090355416E+05 -0.40005949027552E+05  0.88202158250877E+04 -0.13851155642932E+04 -0.45411013677817E+04 -0.28246380995367E+05  0.46462067638900E+04  0.17282290738927E+04 -0.21645813430520E+03 -0.58256524568730E+02 -0.11212706981477E+02  0.16914663439383E-01  0.80277904145142E+03 -0.17073615413226E+03  0.66768157819607E+03  0.53364175593540E+03 -0.41189480989231E+06  0.38586215192221E+04  0.17651499778391E+04  0.86353953993953E+03  0.16721104279648E+04  0.15574270752464E+04  0.16739418294169E+05  0.26065266167048E+03  0.13565824923532E+03 -0.74786831392149E+01  0.38520506244038E+05  0.62533982797096E+05  0.00000000000000E+00  0.00000000000000E+00  0.00000000000000E+00  0.16103490876671E+05  0.20271799430973E+05  0.00000000000000E+00  0.00000000000000E+00  0.00000000000000E+00  0.16113752301383E+04  0.16453760799364E+04
  -0.12718191315799E+06  0.16606203694807E+05 -0.55637720542541E+04 -0.12907258563413E+05  0.19859288229869E+04 -0.24563530444337E+04 -0.22490287355128E+04 -0.58482501315978E+05  0.10823875684565E+05  0.25911257364126E+04 -0.44171675909471E+03 -0.11110812748349E+04 -0.16046581571848E+03  0.73001912117498E-01 -0.29786785149672E+04  0.57184081718508E+03 -0.30754744981274E+04 -0.21668671827620E+04 -0.28805098191061E+05  0.00000000000000E+00  0.00000000000000E+00  0.00000000000000E+00 -0.50638239042725E+02 -0.15804342123129E+03  0.26065266167048E+03  0.11696865375239E+06  0.00000000000000E+00  0.00000000000000E+00  0.00000000000000E+00  0.00000000000000E+00  0.00000000000000E+00  0.00000000000000E+00  0.00000000000000E+00  0.00000000000000E+00  0.00000000000000E+00  0.00000000000000E+00  0.00000000000000E+00  0.00000000000000E+00  0.00000000000000E+00  0.00000000000000E+00
  -0.53956800263946E+05  0.82528494786221E+04 -0.23803295794772E+04 -0.21461970542615E+05  0.33745663364520E+04 -0.37964115038966E+04 -0.35568816453457E+04 -0.47334746003627E+05  0.10379585274206E+05  0.18005939576450E+04 -0.33562369914699E+03  0.37988320913870E-10  0.53913606035359E-11  0.45288672436767E-12 -0.19298191179557E+04  0.35643655735630E+03 -0.19609453881897E+04 -0.13482142336359E+04 -0.64942786678372E+05  0.25897236444237E+04  0.67250022659543E+03  0.19668441227413E+03 -0.29718620692777E+02 -0.10999746307586E+03  0.13565824923532E+03  0.00000000000000E+00  0.64631158308191E+05  0.00000000000000E+00  0.00000000000000E+00  0.00000000000000E+00  0.00000000000000E+00  0.00000000000000E+00  0.00000000000000E+00  0.00000000000000E+00  0.00000000000000E+00  0.00000000000000E+00  0.00000000000000E+00  0.00000000000000E+00  0.00000000000000E+00  0.00000000000000E+00
  -0.43104263843139E+04 -0.24939448676750E+03  0.54408726239216E+02 -0.15979080998526E+03 -0.51785121343406E+02  0.10547972719812E+03  0.11435213734985E+03 -0.67770560007099E+05  0.24131081989645E+05  0.71952265804964E+03 -0.33046343794551E+03 -0.79165911959105E+03 -0.29612970369141E+02 -0.78579080165465E+01 -0.25064962902225E+04  0.29678824414841E+03 -0.27823989191814E+04 -0.13931133194301E+04  0.94541601470445E+03  0.00000000000000E+00  0.00000000000000E+00  0.00000000000000E+00  0.15595779472451E+01 -0.59825784978168E+02 -0.74786831392149E+01  0.00000000000000E+00  0.00000000000000E+00  0.30755894371861E+05  0.00000000000000E+00  0.00000000000000E+00  0.00000000000000E+00  0.00000000000000E+00  0.00000000000000E+00  0.00000000000000E+00  0.00000000000000E+00  0.00000000000000E+00  0.00000000000000E+00  0.00000000000000E+00  0.00000000000000E+00  0.00000000000000E+00
  -0.84353365202548E+06  0.21076805540070E+06 -0.39355380890431E+05 -0.65837439775194E+05  0.11907341230359E+05 -0.78447563027025E+04 -0.91847211179238E+04 -0.27592412326380E+06  0.64044755128181E+05  0.10353202890525E+05 -0.19109963905801E+04 -0.50452099590297E+04 -0.57584497169473E+03 -0.14156810291189E+01  0.18943504750441E+04 -0.13750299838555E+03  0.23725702195686E+04  0.10801637072427E+04 -0.48290671771644E+06  0.00000000000000E+00  0.00000000000000E+00  0.00000000000000E+00  0.89036917617226E+03 -0.61900646120217E+04  0.38520506244038E+05  0.00000000000000E+00  0.00000000000000E+00  0.00000000000000E+00  0.58215768584579E+06  0.00000000000000E+00  0.00000000000000E+00  0.00000000000000E+00  0.00000000000000E+00  0.00000000000000E+00  0.00000000000000E+00  0.00000000000000E+00  0.00000000000000E+00  0.00000000000000E+00  0.00000000000000E+00  0.00000000000000E+00
  -0.10916585731235E+07  0.26607561950318E+06 -0.51203742075980E+05 -0.34178748469840E+06  0.63137072168267E+05 -0.37933086484322E+05 -0.47764886767964E+05 -0.54666416214256E+06  0.12292513402899E+06  0.21642109808350E+05 -0.38318201333900E+04 -0.22946469160035E-09  0.26807000899846E-10 -0.74244526119119E-11  0.43159223923177E+04 -0.48561211694245E+03  0.52066174442766E+04  0.28205546314506E+04 -0.23728481396093E+07  0.40910879333562E+05  0.15417737624684E+05  0.67252597874733E+04  0.44915713406000E+03 -0.10806470716710E+05  0.62533982797096E+05  0.00000000000000E+00  0.00000000000000E+00  0.00000000000000E+00  0.00000000000000E+00  0.92055247909410E+06  0.00000000000000E+00  0.00000000000000E+00  0.00000000000000E+00  0.00000000000000E+00  0.00000000000000E+00  0.00000000000000E+00  0.00000000000000E+00  0.00000000000000E+00  0.00000000000000E+00  0.00000000000000E+00
  -0.20931453762167E+05  0.59164217777804E+04 -0.10245660911543E+04 -0.13984986667634E+04  0.34079827140874E+03  0.14096709527810E+02 -0.15173903417749E+03 -0.74078038312729E+05  0.23399181261753E+05  0.15035165301235E+04 -0.42756094320528E+03 -0.26027783531901E+04 -0.15762268892708E+03 -0.51575777198580E+01 -0.16012812251653E+04  0.17382352771908E+03 -0.14655920607486E+04 -0.74475626610471E+03 -0.15397811396359E+05  0.00000000000000E+00  0.00000000000000E+00  0.00000000000000E+00  0.00000000000000E+00  0.00000000000000E+00  0.00000000000000E+00  0.00000000000000E+00  0.00000000000000E+00  0.00000000000000E+00  0.00000000000000E+00  0.00000000000000E+00  0.15204075318489E+05  0.00000000000000E+00  0.00000000000000E+00  0.00000000000000E+00  0.00000000000000E+00  0.00000000000000E+00  0.00000000000000E+00  0.00000000000000E+00  0.00000000000000E+00  0.00000000000000E+00
  -0.47089030614325E+05  0.13462884007842E+05 -0.23149690881850E+04 -0.24328195109533E+04  0.57556113576361E+03 -0.49663990523069E+01 -0.25745567363228E+03 -0.16564296871935E+06  0.52473625027668E+05  0.32885847906404E+04 -0.95550653716195E+03 -0.65673548328731E+02 -0.17000141227513E+02 -0.72849288905503E-04 -0.30921149665530E+04  0.33370710886816E+03 -0.28456506425622E+04 -0.14457244200830E+04 -0.27201930914381E+05  0.00000000000000E+00  0.00000000000000E+00  0.00000000000000E+00  0.00000000000000E+00  0.00000000000000E+00  0.00000000000000E+00  0.00000000000000E+00  0.00000000000000E+00  0.00000000000000E+00  0.00000000000000E+00  0.00000000000000E+00  0.00000000000000E+00  0.32571248199324E+05  0.00000000000000E+00  0.00000000000000E+00  0.00000000000000E+00  0.00000000000000E+00  0.00000000000000E+00  0.00000000000000E+00  0.00000000000000E+00  0.00000000000000E+00
  -0.30558726746015E+04  0.41731144743365E+03 -0.11810199133453E+03 -0.68312496575221E+02  0.86588152946152E+01 -0.16537519963863E+02 -0.11690465853939E+02 -0.12768061405251E+04  0.15810129426394E+03  0.40949596322609E+02 -0.10248409696166E+02 -0.82078502661305E+02 -0.63953030234799E+01 -0.18978809005602E+00 -0.73891175715645E+03  0.85343311297302E+02 -0.68461207667484E+03 -0.37804919715566E+03 -0.17243420418108E+03  0.00000000000000E+00  0.00000000000000E+00  0.00000000000000E+00  0.00000000000000E+00  0.00000000000000E+00  0.00000000000000E+00  0.00000000000000E+00  0.00000000000000E+00  0.00000000000000E+00  0.00000000000000E+00  0.00000000000000E+00  0.00000000000000E+00  0.00000000000000E+00  0.37735394926436E+04  0.00000000000000E+00  0.00000000000000E+00  0.00000000000000E+00  0.00000000000000E+00  0.00000000000000E+00  0.00000000000000E+00  0.00000000000000E+00
  -0.19908198512588E+06  0.63734899339944E+05 -0.99732718672296E+04 -0.11349036497476E+05  0.29170999594230E+04  0.33618276920147E+03 -0.95456235944739E+03 -0.50733640637608E+04  0.59247071020110E+03  0.48848585193998E+03 -0.40573373359288E+02 -0.15041047731564E+00 -0.10800051554560E+00 -0.14451525116414E-12  0.33540016251393E+03 -0.91326883538112E+02  0.88706790144324E+02  0.13898134325766E+03 -0.15629438891973E+06  0.00000000000000E+00  0.00000000000000E+00  0.00000000000000E+00  0.25044567554840E+04  0.34702069617943E+04  0.16103490876671E+05  0.00000000000000E+00  0.00000000000000E+00  0.00000000000000E+00  0.00000000000000E+00  0.00000000000000E+00  0.00000000000000E+00  0.00000000000000E+00  0.00000000000000E+00  0.10569358891097E+06  0.00000000000000E+00  0.00000000000000E+00  0.00000000000000E+00  0.00000000000000E+00  0.00000000000000E+00  0.00000000000000E+00
  -0.22506851356595E+06  0.71645970685286E+05 -0.11260711839605E+05 -0.51139494772881E+05  0.12987753821495E+05  0.13009791457561E+04 -0.44220925148079E+04 -0.10182077084043E+05  0.12124309031749E+04  0.94635110977271E+03 -0.81388234960282E+02 -0.47182549060310E-10 -0.25703904615079E-11 -0.43875212068579E-12  0.60214925135902E+03 -0.16183543850157E+03  0.17923506591136E+03  0.26030426615839E+03 -0.68822940334549E+06  0.61120219584537E+04  0.31007697050825E+04  0.16148512154144E+04  0.30958361517298E+04  0.41812192364408E+04  0.20271799430973E+05  0.00000000000000E+00  0.00000000000000E+00  0.00000000000000E+00  0.00000000000000E+00  0.00000000000000E+00  0.00000000000000E+00  0.00000000000000E+00  0.00000000000000E+00  0.00000000000000E+00  0.13877536726028E+06  0.00000000000000E+00  0.00000000000000E+00  0.00000000000000E+00  0.00000000000000E+00  0.00000000000000E+00
  -0.87136200306531E+04  0.23698388151420E+04 -0.41863091165413E+03 -0.23719901853861E+04  0.45800784108883E+03 -0.21914900407622E+03 -0.32115404040943E+03  0.68411375703237E+03 -0.13739374171807E+04  0.11349641028585E+03 -0.10585395063246E+02 -0.17801688787745E+01 -0.18091023972145E+00 -0.23428814904509E-02 -0.30603787331521E+04  0.49265601089545E+03 -0.29695344191360E+04 -0.19320806333842E+04 -0.20262909703080E+05  0.00000000000000E+00  0.00000000000000E+00  0.00000000000000E+00  0.00000000000000E+00  0.00000000000000E+00  0.00000000000000E+00  0.00000000000000E+00  0.00000000000000E+00  0.00000000000000E+00  0.00000000000000E+00  0.00000000000000E+00  0.00000000000000E+00  0.00000000000000E+00  0.00000000000000E+00  0.00000000000000E+00  0.00000000000000E+00  0.81562554534077E+04  0.00000000000000E+00  0.00000000000000E+00  0.00000000000000E+00  0.00000000000000E+00
  -0.30830413638244E+04  0.75218460093146E+03 -0.14561780803080E+03 -0.93086621921030E+03  0.17001301926361E+03 -0.11260754597039E+03 -0.13569629282893E+03  0.43189259243133E+03 -0.74423358491267E+03  0.51298881990455E+02 -0.51487135359123E+01 -0.77431319595599E+00 -0.71258654667143E-01 -0.12843313970521E-02 -0.16004069065366E+04  0.23903237138357E+03 -0.15943372397836E+04 -0.99253773253747E+03 -0.63917995673586E+04  0.00000000000000E+00  0.00000000000000E+00  0.00000000000000E+00  0.00000000000000E+00  0.00000000000000E+00  0.00000000000000E+00  0.00000000000000E+00  0.00000000000000E+00  0.00000000000000E+00  0.00000000000000E+00  0.00000000000000E+00  0.00000000000000E+00  0.00000000000000E+00  0.00000000000000E+00  0.00000000000000E+00  0.00000000000000E+00  0.00000000000000E+00  0.41897887273281E+04  0.00000000000000E+00  0.00000000000000E+00  0.00000000000000E+00
  -0.15795742064296E+05 -0.23517110135750E+04  0.38160676575700E+02 -0.10519656699603E+05  0.38874208525121E+03 -0.30759409148957E+04 -0.13056654434200E+04 -0.26872094623013E+06  0.11331285423955E+06  0.30660027903891E+04 -0.11251777077150E+04  0.18678528278734E+03  0.21713797349344E+02 -0.24975986993653E+01 -0.20451558799248E+04 -0.38452122784148E+03  0.17174431951169E+04  0.17642864457437E+04  0.15284870505836E+05  0.00000000000000E+00  0.00000000000000E+00  0.00000000000000E+00  0.00000000000000E+00  0.00000000000000E+00  0.00000000000000E+00  0.00000000000000E+00  0.00000000000000E+00  0.00000000000000E+00  0.00000000000000E+00  0.00000000000000E+00  0.00000000000000E+00  0.00000000000000E+00  0.00000000000000E+00  0.00000000000000E+00  0.00000000000000E+00  0.00000000000000E+00  0.00000000000000E+00  0.12712317623265E+06  0.00000000000000E+00  0.00000000000000E+00
  -0.70804590997427E+05  0.85746154392943E+04 -0.25764944108844E+04 -0.74266037249754E+04  0.82705071147588E+03 -0.17615925450556E+04 -0.10880352098135E+04 -0.13766087889396E+06  0.43950563139864E+05  0.27201730971638E+04 -0.79290706634472E+03 -0.28643242344708E+04 -0.19972812484279E+03 -0.47559847504614E+01 -0.98757517850958E+03  0.27741135156026E+03 -0.19296648287460E+04 -0.13235798908048E+04 -0.17743053054792E+05  0.00000000000000E+00  0.00000000000000E+00  0.00000000000000E+00 -0.40255398804202E+03 -0.22361894834839E+04  0.16113752301383E+04  0.00000000000000E+00  0.00000000000000E+00  0.00000000000000E+00  0.00000000000000E+00  0.00000000000000E+00  0.00000000000000E+00  0.00000000000000E+00  0.00000000000000E+00  0.00000000000000E+00  0.00000000000000E+00  0.00000000000000E+00  0.00000000000000E+00  0.00000000000000E+00  0.95619178507743E+05  0.00000000000000E+00
  -0.55943709589825E+05  0.72556716898873E+04 -0.20986096217300E+04 -0.22039935962746E+05  0.25652107157630E+04 -0.50543088359018E+04 -0.32452605330993E+04 -0.17136178635186E+06  0.54179084968820E+05  0.34695204320688E+04 -0.99444221726415E+03  0.14916334822480E-10 -0.33632878990196E-11 -0.82153561489909E-12 -0.11092544031437E+04  0.31079936679736E+03 -0.21352031254574E+04 -0.14675251727878E+04 -0.55592311027759E+05  0.41738256914712E+04  0.87007938130605E+03  0.25921348438844E+03 -0.41883331356004E+03 -0.23098218010641E+04  0.16453760799364E+04  0.00000000000000E+00  0.00000000000000E+00  0.00000000000000E+00  0.00000000000000E+00  0.00000000000000E+00  0.00000000000000E+00  0.00000000000000E+00  0.00000000000000E+00  0.00000000000000E+00  0.00000000000000E+00  0.00000000000000E+00  0.00000000000000E+00  0.00000000000000E+00  0.00000000000000E+00  0.99921285919877E+05

 # Covariance matrix (Bevington epsilon)
