# fitpack15: fit parameters                                                                         
# CJ15 AV18 final data choices                                                                      
# Created on 02/13/2020 at 10:07:24                                                                 

 # QCD setup
  INS                           0
  NVL                          11
  IORD                          1
  Q02                   1.6899999999999999     
  IPARAMC                      -7
  FLAVOR                4.0000000000000000     
  xmc                   1.3000000000000000     
  xmb                   4.5000000000000000     
  ncb                          12
  ihq                           1
  ias                           0

 # Theory corrections
  inuke                     10114
  itmc                          1
  iht                           1

 # fit parameters
 LAMBDA       0.22680        0.0000    
 a0uv          2.3814        0.0000    
 a1uv         0.61331       0.27202E-01
 a2uv          3.5544       0.18289E-01
 a3uv          0.0000        0.0000    
 a4uv          3.5487       0.63219    
 a5uv          0.0000        0.0000    
 a0dv          21.745        0.0000    
 a1dv          1.1158       0.43470E-01
 a2dv          6.6416       0.22585    
 a3dv         -3.5833       0.10859    
 a4dv          4.9687       0.20194    
 a5dv          0.0000        0.0000    
 a0ud         0.14401       0.54544E-02
 a1ud        -0.20952       0.40631E-02
 a2ud          8.5807       0.22363    
 a3ud          0.0000        0.0000    
 a4ud          15.510        1.5865    
 a5ud          0.0000        0.0000    
 a0du          35712.        0.0000    
 a1du          4.0104       0.82736E-01
 a2du          20.372        1.0192    
 a3du          17.000        0.0000    
 a4du          48.501        11.502    
 a0g           48.128        0.0000    
 a1g          0.61211       0.31166E-01
 a2g           6.2782       0.84021    
 a3g          -3.4256       0.12761    
 a4g           3.3637       0.30538    
 a5g           0.0000        0.0000    
 kappa        0.40000        0.0000    
 a6dv         0.47865E-02   0.23549E-02
 a7dv          2.0000        0.0000    
 off1        -0.95383E-02   0.12263    
 off2        -0.72503       0.86767    
 off3         0.62109        1.5599    
 ht1          -3.2751       0.32101    
 ht2           1.9073       0.12689    
 ht3          -2.0705       0.35804E-01
 ht4           0.0000        0.0000    
 ht1n         -3.4615        1.0357    
 ht2n          1.8545       0.33660    
 ht3n         -2.2436       0.92291E-01
 ht4n          0.0000        0.0000    
 dummy45       0.0000        0.0000    
 dummy46       0.0000        0.0000    
 dummy47       0.0000        0.0000    
 dummy48       0.0000        0.0000    
 dummy49       0.0000        0.0000    
 bcdmsh2      0.97013       0.48861E-02
 bcdmsd2      0.99241       0.58974E-02
 ccfr          1.0000        0.0000    
 nutev         1.0000        0.0000    
 zeus         0.97998        0.0000    
 h1            1.0162        0.0000    
 e605          1.0319        0.0000    
 NmcH2         1.0072       0.71546E-02
 ntv_nu        1.0000        0.0000    
 ntv_nubar     1.0000        0.0000    
 cdf_jet      0.98910        0.0000    
 d0_jet       0.83504        0.0000    
 slac_p       0.99922       0.51784E-02
 slac_d        1.0027       0.53874E-02
 e866pp       0.95310       0.22308E-01
 e866pd       0.95330       0.19820E-01
 d0_gamjet     1.0412       0.16592E-01
 h1b          0.97608        0.0000    
 jlab_p       0.98903       0.63602E-02
 jlab_d       0.97729       0.62018E-02
 blank         1.0000        0.0000    
 d0run2       0.95086       0.15020E-01
 cdfrun2      0.93573       0.17642E-01
 HERA_el       1.0000        0.0000    
 HERA_ps       1.0000        0.0000    
 CDF_Z        0.95289       0.68239E-02
 NmcRat        1.0000        0.0000    
 BNS_F2nd     0.97456       0.12733E-01
 HERMES_F2p   0.99406       0.57473E-02
 HERMES_F2d   0.97820       0.58940E-02
 END 0. 0.

 # Hessian matrix (Bevington alpha)
   0.48306244216880E+07 -0.12879927660458E+07  0.22489256448084E+06  0.59092591240600E+06 -0.13519037529812E+06 -0.14655494888640E+05  0.59885852903376E+05  0.89702161724943E+06 -0.16654407280646E+06 -0.46863284377089E+05  0.69087435237228E+04  0.14589593332881E+05  0.15774196456920E+04 -0.87927890780607E+02  0.12962751716050E+05 -0.31077007426000E+04  0.17065761090239E+05  0.11899604582504E+05  0.71242564752522E+07 -0.65862334235345E+05 -0.28973015173852E+05 -0.14007194134595E+05 -0.15096015897675E+05 -0.53930100559415E+04 -0.18869824039808E+06 -0.45218281356522E+04 -0.38731414544687E+04 -0.42901640764291E+05 -0.12741504798236E+06 -0.54164179984087E+05 -0.43066577673089E+04 -0.84649276133458E+06 -0.10971509743880E+07 -0.20974077618338E+05 -0.47144120714824E+05 -0.30628364581205E+04 -0.20062369790566E+06 -0.22611173994489E+06 -0.88190693452856E+04 -0.31172801173252E+04 -0.15634592575872E+05  0.16433929348573E+05 -0.70852919004712E+05 -0.56073253317283E+05
  -0.12879927660458E+07  0.41570242566764E+06 -0.61822546201424E+05 -0.15393238761901E+06  0.36026535331847E+05  0.94676224621878E+04 -0.11639091916220E+05 -0.11954697130153E+06  0.25431308235549E+05  0.70763618323534E+04 -0.86640127707492E+03 -0.12078671890093E+04 -0.13056028025373E+03  0.10931913223656E+02  0.11503184656657E+02  0.52108897537801E+02 -0.57605263173115E+03 -0.34546818738073E+03 -0.24037240977441E+07  0.17405255762435E+05  0.86424791606153E+04  0.45493615889650E+04  0.71687770047686E+04  0.74844232168192E+04  0.56364585601606E+05  0.18195217427874E+04  0.22366735140766E+04  0.12017623823418E+05  0.16630610885779E+05  0.82738697261061E+04 -0.24646082263910E+03  0.21123418512409E+06  0.26743600393110E+06  0.59271941885931E+04  0.13468837639121E+05  0.41813800243515E+03  0.64104726677998E+05  0.71902317959886E+05  0.24002613248942E+04  0.76135339331058E+03 -0.23717959985933E+04 -0.22641628200715E+04  0.85784856345964E+04  0.72770311282920E+04
   0.22489256448084E+06 -0.61822546201424E+05  0.10576356578137E+05  0.27215787099366E+05 -0.63709330587048E+04 -0.10546146943588E+04  0.26386870589356E+04  0.30436184496366E+05 -0.54770990060052E+04 -0.18760816894813E+04  0.23808468600929E+03  0.44299451099776E+03  0.55355009328000E+02 -0.40705072647864E+01 -0.15414292839817E+03 -0.45518115298935E+02  0.35075711708984E+02  0.12089680666744E+03  0.34382644314234E+06 -0.30417656813802E+04 -0.13683360226023E+04 -0.66959318576838E+03 -0.78892153387986E+03 -0.49137800480306E+03 -0.89879688241551E+04 -0.23007377972550E+03 -0.23202833659608E+03 -0.20305626876459E+04 -0.54256698911601E+04 -0.23240450776904E+04  0.51324533620838E+02 -0.38314969090874E+05 -0.49942449756169E+05 -0.99442048592787E+03 -0.22447006258751E+04 -0.11545305415897E+03 -0.97281728353378E+04 -0.10951865131126E+05 -0.41138793385311E+03 -0.14299273069673E+03  0.39691332560729E+02  0.70190634281428E+03 -0.25145302254329E+04 -0.20509974658101E+04
   0.59092591240600E+06 -0.15393238761901E+06  0.27215787099366E+05  0.31845115598924E+06 -0.48416228842805E+05  0.49947160388900E+05  0.45013599527315E+05  0.33024797207629E+06 -0.27901255177502E+05 -0.16298112180994E+05  0.29451922466717E+04 -0.10287017871151E+04 -0.90613622786471E+02  0.39825509647433E+02  0.29254703171446E+05 -0.35509787489641E+04  0.27027703829999E+05  0.14963194134884E+05  0.15861856873309E+07 -0.19470239431354E+05 -0.78770471324792E+04 -0.34381164562363E+04 -0.11062684606074E+04  0.15369048354892E+04 -0.28244455927850E+05 -0.59262023581517E+03  0.55130937054770E+03 -0.13841472457570E+05 -0.12912061799785E+05 -0.21505875936498E+05 -0.15245165743994E+03 -0.66871038921895E+05 -0.34803683462839E+06 -0.14215118394256E+04 -0.24833970644796E+04 -0.68918056820209E+02 -0.11701494650278E+05 -0.53119013724775E+05 -0.24203435195890E+04 -0.94569864619341E+03 -0.10410496982526E+05 -0.16526492776417E+05 -0.74430136914478E+04 -0.22123105993068E+05
  -0.13519037529812E+06  0.36026535331847E+05 -0.63709330587048E+04 -0.48416228842805E+05  0.87630794798455E+04 -0.44972860892282E+04 -0.62361917328424E+04 -0.29125551125509E+05  0.88155479684252E+03  0.20203843038747E+04 -0.28001309891552E+03 -0.41658737076556E+02 -0.68197340988289E-01 -0.31185010997676E+01 -0.22946073895144E+04  0.27660247433469E+03 -0.20659932316934E+04 -0.11422425394292E+04 -0.33285693226373E+06  0.34685210809136E+04  0.15431787819932E+04  0.71092874037511E+03  0.38762126262072E+03  0.18907082309310E+03  0.59261948674449E+04  0.21565503119193E+03  0.19662702079476E+03  0.27673113898430E+04  0.19591316041922E+04  0.33103769678592E+04 -0.51654929007556E+02  0.11488057569025E+05  0.61415074613245E+05  0.32481603860322E+03  0.54931974123936E+03  0.85682036208879E+01  0.27724246448243E+04  0.12460049507020E+05  0.44150875892244E+03  0.16484422089191E+03  0.40099306941707E+03  0.25583019314751E+04  0.81046363015308E+03  0.25217515744838E+04
  -0.14655494888640E+05  0.94676224621878E+04 -0.10546146943588E+04  0.49947160388900E+05 -0.44972860892282E+04  0.15399369536181E+05  0.89302615572403E+04  0.91759304767522E+05 -0.90318228635016E+04 -0.36627720636828E+04  0.80518093630933E+03 -0.50830009667245E+03 -0.40947364384489E+02  0.12721774425071E+02  0.83384040011508E+04 -0.10517667434423E+04  0.77748443838947E+04  0.43996102971647E+04  0.20197026956382E+03 -0.16541393028263E+04 -0.31392027765450E+03 -0.12635716995071E+02  0.46498673425136E+03  0.14146180383863E+04 -0.30009780181135E+03  0.24841246981362E+03  0.82444132502947E+03 -0.59892442406430E+03 -0.23979774408868E+04 -0.36896898404418E+04  0.10574629932788E+03 -0.72480593543680E+04 -0.34705480337642E+05  0.34704551163539E+02  0.30075985181408E+02 -0.16399080991559E+02  0.52268734088086E+03  0.21648131271098E+04 -0.19319741815204E+03 -0.10423440095921E+03 -0.30957960476093E+04 -0.29097504160249E+04 -0.17455396509082E+04 -0.49947012790802E+04
   0.59885852903376E+05 -0.11639091916220E+05  0.26386870589356E+04  0.45013599527315E+05 -0.62361917328424E+04  0.89302615572403E+04  0.71299699931060E+04  0.50122470897096E+05 -0.31758689369615E+04 -0.26164027718229E+04  0.46223427076526E+03 -0.14711597378442E+03 -0.13963930285487E+02  0.63511008770371E+01  0.41968592265088E+04 -0.53394528070129E+03  0.37812723246778E+04  0.21577995935406E+04  0.14308390640440E+06 -0.23477210253203E+04 -0.84329853629925E+03 -0.31569217365969E+03  0.10479288538867E+03  0.68523008796942E+03 -0.27747157835432E+04  0.42979823962813E+02  0.33430188349996E+03 -0.15911167308557E+04 -0.22190047853406E+04 -0.34967273453401E+04  0.11507394072101E+03 -0.88475556425955E+04 -0.46110714394885E+05 -0.13863690405365E+03 -0.23593445117568E+03 -0.11637723746348E+02 -0.84273733145599E+03 -0.39472107769440E+04 -0.30683571779375E+03 -0.13115452235648E+03 -0.13186743014796E+04 -0.28924350390875E+04 -0.10777229644674E+04 -0.32129896390533E+04
   0.89702161724943E+06 -0.11954697130153E+06  0.30436184496366E+05  0.33024797207629E+06 -0.29125551125509E+05  0.91759304767522E+05  0.50122470897096E+05  0.50621510619156E+07 -0.23386280542333E+07 -0.82683700854864E+05  0.24646296094706E+05  0.27659721623040E+05  0.18089760802867E+04  0.10922321019903E+03  0.82258561860789E+05 -0.10851264274947E+05  0.91280025082519E+05  0.49255398635224E+05  0.46609578973103E+06 -0.35727962295115E+05 -0.69505410822806E+04 -0.18551453801616E+04  0.53979114706147E+04  0.26654646528257E+05 -0.20362625271525E+05  0.20780070987037E+04  0.10121374347445E+05 -0.87358864547804E+04 -0.58715107852587E+05 -0.47692887135716E+05 -0.68040719372106E+05 -0.27801595890774E+06 -0.54921650468785E+06 -0.74180385720834E+05 -0.16582167840470E+06 -0.12861217618750E+04 -0.51445725642703E+04 -0.10247182192632E+05  0.64155884633479E+03  0.41521833699265E+03 -0.26930098432653E+06 -0.85279878359328E+04 -0.13830593033192E+06 -0.17202978045701E+06
  -0.16654407280646E+06  0.25431308235549E+05 -0.54770990060052E+04 -0.27901255177502E+05  0.88155479684252E+03 -0.90318228635016E+04 -0.31758689369615E+04 -0.23386280542333E+07  0.19248963518145E+07  0.18395406861506E+05 -0.61857258565489E+04 -0.59533418867324E+04 -0.31845128983819E+03 -0.16895034158627E+02  0.51071166030643E+05 -0.26446090641483E+04  0.19391821934690E+05  0.96715666866048E+04 -0.48438390879123E+03  0.90669895303197E+04  0.13967762887944E+04  0.31791808018786E+03 -0.12741722357325E+04 -0.65930163223641E+04  0.32815161946886E+04 -0.53278902873995E+03 -0.26373766954520E+04  0.14933726825988E+04  0.10843538287339E+05  0.10437926297152E+05  0.24180137053088E+05  0.64376076546676E+05  0.12309595944637E+06  0.23387559778127E+05  0.52398279121161E+05  0.16073145833336E+03  0.59351010194672E+03  0.12063519136375E+04 -0.13575612864908E+04 -0.73800268147002E+03  0.11330006630369E+06  0.15520583735985E+04  0.44057858641112E+05  0.54254725796662E+05
  -0.46863284377089E+05  0.70763618323534E+04 -0.18760816894813E+04 -0.16298112180994E+05  0.20203843038747E+04 -0.36627720636828E+04 -0.26164027718229E+04 -0.82683700854864E+05  0.18395406861506E+05  0.24447186965665E+04 -0.58060250726580E+03 -0.68517862482738E+03 -0.59026483832417E+02 -0.17014623092993E+01 -0.39572696694448E+04  0.50575885035656E+03 -0.37938004629939E+04 -0.21529428616607E+04 -0.42318807078631E+05  0.12220459559074E+04  0.33197959803632E+03  0.10897876093738E+03 -0.16370892511063E+03 -0.79733859057788E+03  0.12709146374337E+04 -0.52965116426901E+02 -0.27410353794466E+03  0.50793696423072E+03  0.25999561473273E+04  0.18115953678439E+04  0.72099198635177E+03  0.10423245737837E+05  0.21759859306177E+05  0.15029722840856E+04  0.32909336296771E+04  0.41084212060621E+02  0.49698643197559E+03  0.95633433196666E+03  0.11479306098887E+03  0.51856782531250E+02  0.30694802258522E+04  0.42826657556391E+03  0.27288652785907E+04  0.34804911504592E+04
   0.69087435237228E+04 -0.86640127707492E+03  0.23808468600929E+03  0.29451922466717E+04 -0.28001309891552E+03  0.80518093630933E+03  0.46223427076526E+03  0.24646296094706E+05 -0.61857258565489E+04 -0.58060250726580E+03  0.16120742615215E+03  0.19769249932278E+03  0.14015112341594E+02  0.72105452733542E+00  0.12186888537183E+04 -0.14002607189625E+03  0.11275399153804E+04  0.61436857131984E+03  0.46663491981868E+04 -0.23593254189569E+03 -0.50390720114914E+02 -0.14041665538666E+02  0.37435363380901E+02  0.18025480479950E+03 -0.15639782331810E+03  0.13881513397471E+02  0.66750162125168E+02 -0.66214105310213E+02 -0.44266993806750E+03 -0.33752978074240E+03 -0.33107004998770E+03 -0.19221765559081E+04 -0.38443233532705E+04 -0.42726739939780E+03 -0.95503746745149E+03 -0.10282083269967E+02 -0.41139877969005E+02 -0.81887346986584E+02 -0.10819735706934E+02 -0.52475661507173E+01 -0.11257507894430E+04 -0.63954614829842E+02 -0.79514429754808E+03 -0.99666332754735E+03
   0.14589593332881E+05 -0.12078671890093E+04  0.44299451099776E+03 -0.10287017871151E+04 -0.41658737076556E+02 -0.50830009667245E+03 -0.14711597378442E+03  0.27659721623040E+05 -0.59533418867324E+04 -0.68517862482738E+03  0.19769249932278E+03  0.17826672636720E+04  0.11341912511989E+03 -0.29118874573396E+00  0.15864357216836E+04 -0.22889767723375E+03  0.18776043726409E+04  0.10737069231725E+04  0.52360711285317E+04  0.28521254943707E+03  0.26732200700853E+02  0.18279679270588E+00  0.68683360307050E+02  0.37222035902373E+03 -0.66121751107779E+02 -0.12282141403382E+02 -0.66044033654964E+02  0.80036332312202E+01 -0.11197872312233E+04 -0.44348231003037E-01 -0.77541344452878E+03 -0.50813564760681E+04 -0.81611076392978E+01 -0.25655724543080E+04 -0.67529447953413E+02 -0.81577356171314E+02 -0.16691516972915E+00  0.77414731489770E-02 -0.17718121434173E+01 -0.77078737997962E+00  0.18489470087436E+03  0.29723312454539E+03 -0.28452657066362E+04 -0.34203941487164E+01
   0.15774196456920E+04 -0.13056028025373E+03  0.55355009328000E+02 -0.90613622786471E+02 -0.68197340988289E-01 -0.40947364384489E+02 -0.13963930285487E+02  0.18089760802867E+04 -0.31845128983819E+03 -0.59026483832417E+02  0.14015112341594E+02  0.11341912511989E+03  0.98381712133702E+01 -0.13796307811893E+00  0.89567759817599E+02 -0.15595189563186E+02  0.11361534472637E+03  0.70417350047758E+02  0.29492761464755E+03  0.14595558717109E+02  0.19007303305156E+01  0.31204959732727E-01  0.85578068725223E+01  0.39978844410546E+02 -0.13777818207134E+02 -0.14532893759345E+01 -0.63550122605737E+01  0.26474288949608E+01 -0.16210025867119E+03 -0.41296095003573E-02 -0.29371721641603E+02 -0.58281575442560E+03 -0.37785669189492E+00 -0.15666850765385E+03 -0.17412778979588E+02 -0.64110193601069E+01 -0.11710118969685E+00  0.44871227586432E-02 -0.18146321304085E+00 -0.71518756117789E-01  0.21643468295241E+02  0.65782645728563E+02 -0.19994794612841E+03 -0.21823136458370E+00
  -0.87927890780607E+02  0.10931913223656E+02 -0.40705072647864E+01  0.39825509647433E+02 -0.31185010997676E+01  0.12721774425071E+02  0.63511008770371E+01  0.10922321019903E+03 -0.16895034158627E+02 -0.17014623092993E+01  0.72105452733542E+00 -0.29118874573396E+00 -0.13796307811893E+00  0.54908466225459E-01  0.15653320809279E+02 -0.11508463708998E+01  0.10425154017081E+02  0.47895622274347E+01  0.38994954535206E+02  0.17681053879680E+01 -0.28202724152584E-01 -0.21634846116448E-01 -0.23010119131244E-01 -0.13176156388118E-01  0.59352121149266E-01  0.19667291438789E-01  0.61069014329109E-01 -0.48475766821181E-01  0.74295014369294E-01 -0.30973906364805E-04 -0.73278106435090E+01 -0.12053468843769E+01 -0.25048046334271E-02 -0.45996266342261E+01 -0.48174250401555E-04 -0.17398011600570E+00 -0.11336481651276E-12  0.73576181946291E-11 -0.21276929146748E-02 -0.11713418002821E-02 -0.24265929471711E+01  0.16458202567747E-03 -0.42553673973453E+01 -0.42895284275602E-02
   0.12962751716050E+05  0.11503184656657E+02 -0.15414292839817E+03  0.29254703171446E+05 -0.22946073895144E+04  0.83384040011508E+04  0.41968592265088E+04  0.82258561860789E+05  0.51071166030643E+05 -0.39572696694448E+04  0.12186888537183E+04  0.15864357216836E+04  0.89567759817599E+02  0.15653320809279E+02  0.50827008808772E+05 -0.49503591622963E+04  0.40252622258798E+05  0.21179809264362E+05  0.41748169033632E+05  0.47830816526557E+02  0.62251896415302E+02  0.29687173184506E+02 -0.21310685054369E+02 -0.10819037208473E+03  0.58271277990679E+03 -0.94470869916919E+00 -0.22433313041849E+02  0.22431570200322E+03 -0.29513800824451E+04 -0.19182770147207E+04 -0.25063019981008E+04  0.19047524371947E+04  0.43385174330515E+04 -0.15933627241673E+04 -0.30828478022164E+04 -0.73809682732170E+03  0.32426884369477E+03  0.58101996349414E+03 -0.30346600662043E+04 -0.15916598708988E+04 -0.20736646713898E+04  0.20926436400533E+03 -0.97915327129427E+03 -0.10988225201549E+04
  -0.31077007426000E+04  0.52108897537801E+02 -0.45518115298935E+02 -0.35509787489641E+04  0.27660247433469E+03 -0.10517667434423E+04 -0.53394528070129E+03 -0.10851264274947E+05 -0.26446090641483E+04  0.50575885035656E+03 -0.14002607189625E+03 -0.22889767723375E+03 -0.15595189563186E+02 -0.11508463708998E+01 -0.49503591622963E+04  0.56637586124393E+03 -0.44735729749865E+04 -0.24517957324225E+04 -0.44475388036021E+04  0.52531179908783E+01 -0.99660916821377E+01 -0.60487906435102E+01 -0.54426025228842E+01 -0.14714072145573E+02 -0.12893260418180E+03 -0.32043403421201E+01 -0.79030660714400E+01 -0.47816651279414E+02  0.58035296565423E+03  0.36226768382105E+03  0.29740747360317E+03 -0.13336562844202E+03 -0.49030585678472E+03  0.17356236656594E+03  0.33396459815818E+03  0.86010245973103E+02 -0.92956722793085E+02 -0.16432888783618E+03  0.49950160467998E+03  0.24226428910348E+03 -0.39971748202631E+03 -0.38454302400801E+02  0.28257910067332E+03  0.31629897206932E+03
   0.17065761090239E+05 -0.57605263173115E+03  0.35075711708984E+02  0.27027703829999E+05 -0.20659932316934E+04  0.77748443838947E+04  0.37812723246778E+04  0.91280025082519E+05  0.19391821934690E+05 -0.37938004629939E+04  0.11275399153804E+04  0.18776043726409E+04  0.11361534472637E+03  0.10425154017081E+02  0.40252622258798E+05 -0.44735729749865E+04  0.36331863919129E+05  0.19631463339054E+05  0.41374909892519E+05  0.12082722312935E+02  0.59926688101914E+02  0.25088648921929E+02 -0.72348502196499E+02 -0.22044587152634E+03  0.47031311862950E+03 -0.19448978583419E+02 -0.64030889631992E+02  0.20029754856874E+03 -0.30419653299005E+04 -0.19496642128977E+04 -0.28021562458366E+04  0.23912833216505E+04  0.52059390520772E+04 -0.14691041645248E+04 -0.28582216270038E+04 -0.68570133930959E+03  0.84922966040477E+02  0.17038309929256E+03 -0.29465080817915E+04 -0.15863795067069E+04  0.16649034689029E+04  0.27233043041077E+03 -0.19144526092720E+04 -0.21179352975130E+04
   0.11899604582504E+05 -0.34546818738073E+03  0.12089680666744E+03  0.14963194134884E+05 -0.11422425394292E+04  0.43996102971647E+04  0.21577995935406E+04  0.49255398635224E+05  0.96715666866048E+04 -0.21529428616607E+04  0.61436857131984E+03  0.10737069231725E+04  0.70417350047758E+02  0.47895622274347E+01  0.21179809264362E+05 -0.24517957324225E+04  0.19631463339054E+05  0.10753459995390E+05  0.21832888867111E+05 -0.13192633808226E+02  0.38287597589880E+02  0.18886909483040E+02 -0.25406805554671E+02 -0.63925042047075E+02  0.38235567325282E+03 -0.43565462328564E+01 -0.13051151338893E+02  0.15747453313138E+03 -0.21585358142923E+04 -0.13484272848332E+04 -0.14102867949635E+04  0.10945699476027E+04  0.28444684765401E+04 -0.74918367927589E+03 -0.14578357385187E+04 -0.38028798708843E+03  0.13542555865672E+03  0.25249680847852E+03 -0.19246083009213E+04 -0.99157472220776E+03  0.17425823156357E+04  0.19032797992638E+03 -0.13249100157933E+04 -0.14681920681707E+04
   0.71242564752522E+07 -0.24037240977441E+07  0.34382644314234E+06  0.15861856873309E+07 -0.33285693226373E+06  0.20197026956382E+03  0.14308390640440E+06  0.46609578973103E+06 -0.48438390879123E+03 -0.42318807078631E+05  0.46663491981868E+04  0.52360711285317E+04  0.29492761464755E+03  0.38994954535206E+02  0.41748169033632E+05 -0.44475388036021E+04  0.41374909892519E+05  0.21832888867111E+05  0.20746769993529E+08 -0.16161828708089E+06 -0.83882612210045E+05 -0.44755812923071E+05 -0.42290515363585E+05 -0.46673985768667E+05 -0.31551757001923E+06 -0.18826009590328E+05 -0.24673930874400E+05 -0.12170921263330E+06 -0.29896441157304E+05 -0.67128205850984E+05  0.98088621853967E+03 -0.49834649005380E+06 -0.24699558668389E+07 -0.15826630256108E+05 -0.28032555744435E+05 -0.18003600049173E+03 -0.16185210421834E+06 -0.72075345097572E+06 -0.20973457006035E+05 -0.66202302117768E+04  0.15790630124166E+05 -0.40507459913664E+05 -0.18303775625582E+05 -0.57730883252890E+05
  -0.65862334235345E+05  0.17405255762435E+05 -0.30417656813802E+04 -0.19470239431354E+05  0.34685210809136E+04 -0.16541393028263E+04 -0.23477210253203E+04 -0.35727962295115E+05  0.90669895303197E+04  0.12220459559074E+04 -0.23593254189569E+03  0.28521254943707E+03  0.14595558717109E+02  0.17681053879680E+01  0.47830816526557E+02  0.52531179908783E+01  0.12082722312935E+02 -0.13192633808226E+02 -0.16161828708089E+06  0.30083035097582E+04  0.10258806861543E+04  0.45170916320589E+03  0.11796173156773E+03 -0.20824836300444E+03  0.26866332365198E+04  0.90324703668825E+02 -0.61578600910727E+02  0.12800194302169E+04  0.00000000000000E+00  0.25936106872150E+04  0.00000000000000E+00  0.00000000000000E+00  0.41046230894397E+05  0.00000000000000E+00  0.00000000000000E+00  0.00000000000000E+00  0.00000000000000E+00  0.61325493699392E+04  0.00000000000000E+00  0.00000000000000E+00  0.00000000000000E+00 -0.17071418260264E+04  0.00000000000000E+00  0.41789958664190E+04
  -0.28973015173852E+05  0.86424791606153E+04 -0.13683360226023E+04 -0.78770471324792E+04  0.15431787819932E+04 -0.31392027765450E+03 -0.84329853629925E+03 -0.69505410822806E+04  0.13967762887944E+04  0.33197959803632E+03 -0.50390720114914E+02  0.26732200700853E+02  0.19007303305156E+01 -0.28202724152584E-01  0.62251896415302E+02 -0.99660916821377E+01  0.59926688101914E+02  0.38287597589880E+02 -0.83882612210045E+05  0.10258806861543E+04  0.44761191323218E+03  0.21804762919302E+03  0.10255967415550E+03  0.37058520933603E+02  0.12310146586198E+04  0.67102663193530E+02  0.54101210683228E+02  0.58372001161034E+03  0.00000000000000E+00  0.67308529735345E+03  0.00000000000000E+00  0.00000000000000E+00  0.15493081795305E+05  0.00000000000000E+00  0.00000000000000E+00  0.00000000000000E+00  0.00000000000000E+00  0.31133125002808E+04  0.00000000000000E+00  0.00000000000000E+00  0.00000000000000E+00 -0.50758658178279E+03  0.00000000000000E+00  0.87214481171204E+03
  -0.14007194134595E+05  0.45493615889650E+04 -0.66959318576838E+03 -0.34381164562363E+04  0.71092874037511E+03 -0.12635716995071E+02 -0.31569217365969E+03 -0.18551453801616E+04  0.31791808018786E+03  0.10897876093738E+03 -0.14041665538666E+02  0.18279679270588E+00  0.31204959732727E-01 -0.21634846116448E-01  0.29687173184506E+02 -0.60487906435102E+01  0.25088648921929E+02  0.18886909483040E+02 -0.44755812923071E+05  0.45170916320589E+03  0.21804762919302E+03  0.11296530227643E+03  0.66889333641920E+02  0.54423005961488E+02  0.60518673263743E+03  0.40756643188577E+02  0.45775328172556E+02  0.28278072306042E+03  0.00000000000000E+00  0.19667794914702E+03  0.00000000000000E+00  0.00000000000000E+00  0.67674776563285E+04  0.00000000000000E+00  0.00000000000000E+00  0.00000000000000E+00  0.00000000000000E+00  0.16224954316913E+04  0.00000000000000E+00  0.00000000000000E+00  0.00000000000000E+00 -0.16722289983162E+03  0.00000000000000E+00  0.26015815833635E+03
  -0.15096015897675E+05  0.71687770047686E+04 -0.78892153387986E+03 -0.11062684606074E+04  0.38762126262072E+03  0.46498673425136E+03  0.10479288538867E+03  0.53979114706147E+04 -0.12741722357325E+04 -0.16370892511063E+03  0.37435363380901E+02  0.68683360307050E+02  0.85578068725223E+01 -0.23010119131244E-01 -0.21310685054369E+02 -0.54426025228842E+01 -0.72348502196499E+02 -0.25406805554671E+02 -0.42290515363585E+05  0.11796173156773E+03  0.10255967415550E+03  0.66889333641920E+02  0.28115841709132E+03  0.50216351580133E+03  0.10909950310787E+04  0.51398023896846E+02  0.87550979721507E+02  0.18406480362561E+03 -0.53376521972603E+02 -0.19379050133607E+02  0.18726041508671E+01  0.45520158500148E+03  0.33535414871832E+03  0.00000000000000E+00  0.00000000000000E+00  0.00000000000000E+00  0.23268704941908E+04  0.19859463266776E+04  0.00000000000000E+00  0.00000000000000E+00  0.00000000000000E+00  0.32205906352118E+03 -0.41499622235947E+03 -0.24127844990677E+03
  -0.53930100559415E+04  0.74844232168192E+04 -0.49137800480306E+03  0.15369048354892E+04  0.18907082309310E+03  0.14146180383863E+04  0.68523008796942E+03  0.26654646528257E+05 -0.65930163223641E+04 -0.79733859057788E+03  0.18025480479950E+03  0.37222035902373E+03  0.39978844410546E+02 -0.13176156388118E-01 -0.10819037208473E+03 -0.14714072145573E+02 -0.22044587152634E+03 -0.63925042047075E+02 -0.46673985768667E+05 -0.20824836300444E+03  0.37058520933603E+02  0.54423005961488E+02  0.50216351580133E+03  0.12970261522775E+04  0.96574013513640E+03  0.85013987395138E+02  0.20050611574914E+03  0.15945160799262E+03 -0.16512834697365E+03 -0.68044704234961E+02 -0.54262687930953E+02 -0.69516167464910E+04 -0.65295276904782E+04  0.00000000000000E+00  0.00000000000000E+00  0.00000000000000E+00  0.31985044712935E+04  0.26384287992773E+04  0.00000000000000E+00  0.00000000000000E+00  0.00000000000000E+00  0.11551487579866E+04 -0.22283249740686E+04 -0.12918422199679E+04
  -0.18869824039808E+06  0.56364585601606E+05 -0.89879688241551E+04 -0.28244455927850E+05  0.59261948674449E+04 -0.30009780181135E+03 -0.27747157835432E+04 -0.20362625271525E+05  0.32815161946886E+04  0.12709146374337E+04 -0.15639782331810E+03 -0.66121751107779E+02 -0.13777818207134E+02  0.59352121149266E-01  0.58271277990679E+03 -0.12893260418180E+03  0.47031311862950E+03  0.38235567325282E+03 -0.31551757001923E+06  0.26866332365198E+04  0.12310146586198E+04  0.60518673263743E+03  0.10909950310787E+04  0.96574013513640E+03  0.11516721104796E+05  0.27754626983533E+03  0.34771947404423E+03  0.21239068403835E+04  0.25829737623404E+03  0.84527883012970E+02 -0.73191063765802E+01  0.38472061202146E+05  0.41097975827228E+05  0.00000000000000E+00  0.00000000000000E+00  0.00000000000000E+00  0.16229205263838E+05  0.13927185777898E+05  0.00000000000000E+00  0.00000000000000E+00  0.00000000000000E+00 -0.24061434285673E+04  0.16014236386020E+04  0.10352822848728E+04
  -0.45218281356522E+04  0.18195217427874E+04 -0.23007377972550E+03 -0.59262023581517E+03  0.21565503119193E+03  0.24841246981362E+03  0.42979823962813E+02  0.20780070987037E+04 -0.53278902873995E+03 -0.52965116426901E+02  0.13881513397471E+02 -0.12282141403382E+02 -0.14532893759345E+01  0.19667291438789E-01 -0.94470869916919E+00 -0.32043403421201E+01 -0.19448978583419E+02 -0.43565462328564E+01 -0.18826009590328E+05  0.90324703668825E+02  0.67102663193530E+02  0.40756643188577E+02  0.51398023896846E+02  0.85013987395138E+02  0.27754626983533E+03  0.37858330988353E+02  0.81161089462782E+02  0.11232863136381E+03  0.00000000000000E+00 -0.96801248798635E+01  0.00000000000000E+00  0.00000000000000E+00  0.45701297513337E+03  0.00000000000000E+00  0.00000000000000E+00  0.00000000000000E+00  0.00000000000000E+00  0.11975761030576E+04  0.00000000000000E+00  0.00000000000000E+00  0.00000000000000E+00 -0.24044101671559E+03  0.00000000000000E+00 -0.17645698956038E+03
  -0.38731414544687E+04  0.22366735140766E+04 -0.23202833659608E+03  0.55130937054770E+03  0.19662702079476E+03  0.82444132502947E+03  0.33430188349996E+03  0.10121374347445E+05 -0.26373766954520E+04 -0.27410353794466E+03  0.66750162125168E+02 -0.66044033654964E+02 -0.63550122605737E+01  0.61069014329109E-01 -0.22433313041849E+02 -0.79030660714400E+01 -0.64030889631992E+02 -0.13051151338893E+02 -0.24673930874400E+05 -0.61578600910727E+02  0.54101210683228E+02  0.45775328172556E+02  0.87550979721507E+02  0.20050611574914E+03  0.34771947404423E+03  0.81161089462782E+02  0.23372637671893E+03  0.93166045654629E+02  0.00000000000000E+00 -0.37974286108442E+02  0.00000000000000E+00  0.00000000000000E+00 -0.31405278007617E+04  0.00000000000000E+00  0.00000000000000E+00  0.00000000000000E+00  0.00000000000000E+00  0.17206123871092E+04  0.00000000000000E+00  0.00000000000000E+00  0.00000000000000E+00 -0.87758063574023E+03  0.00000000000000E+00 -0.94763988635790E+03
  -0.42901640764291E+05  0.12017623823418E+05 -0.20305626876459E+04 -0.13841472457570E+05  0.27673113898430E+04 -0.59892442406430E+03 -0.15911167308557E+04 -0.87358864547804E+04  0.14933726825988E+04  0.50793696423072E+03 -0.66214105310213E+02  0.80036332312202E+01  0.26474288949608E+01 -0.48475766821181E-01  0.22431570200322E+03 -0.47816651279414E+02  0.20029754856874E+03  0.15747453313138E+03 -0.12170921263330E+06  0.12800194302169E+04  0.58372001161034E+03  0.28278072306042E+03  0.18406480362561E+03  0.15945160799262E+03  0.21239068403835E+04  0.11232863136381E+03  0.93166045654629E+02  0.14489069825128E+04  0.00000000000000E+00  0.55445217485576E+02  0.00000000000000E+00  0.00000000000000E+00  0.23150595451167E+05  0.00000000000000E+00  0.00000000000000E+00  0.00000000000000E+00  0.00000000000000E+00  0.67001729593476E+04  0.00000000000000E+00  0.00000000000000E+00  0.00000000000000E+00  0.25423643750218E+04  0.00000000000000E+00  0.66550732648326E+03
  -0.12741504798236E+06  0.16630610885779E+05 -0.54256698911601E+04 -0.12912061799785E+05  0.19591316041922E+04 -0.23979774408868E+04 -0.22190047853406E+04 -0.58715107852587E+05  0.10843538287339E+05  0.25999561473273E+04 -0.44266993806750E+03 -0.11197872312233E+04 -0.16210025867119E+03  0.74295014369294E-01 -0.29513800824451E+04  0.58035296565423E+03 -0.30419653299005E+04 -0.21585358142923E+04 -0.29896441157304E+05  0.00000000000000E+00  0.00000000000000E+00  0.00000000000000E+00 -0.53376521972603E+02 -0.16512834697365E+03  0.25829737623404E+03  0.00000000000000E+00  0.00000000000000E+00  0.00000000000000E+00  0.11694692233540E+06  0.00000000000000E+00  0.00000000000000E+00  0.00000000000000E+00  0.00000000000000E+00  0.00000000000000E+00  0.00000000000000E+00  0.00000000000000E+00  0.00000000000000E+00  0.00000000000000E+00  0.00000000000000E+00  0.00000000000000E+00  0.00000000000000E+00  0.00000000000000E+00  0.00000000000000E+00  0.00000000000000E+00
  -0.54164179984087E+05  0.82738697261061E+04 -0.23240450776904E+04 -0.21505875936498E+05  0.33103769678592E+04 -0.36896898404418E+04 -0.34967273453401E+04 -0.47692887135716E+05  0.10437926297152E+05  0.18115953678439E+04 -0.33752978074240E+03 -0.44348231003037E-01 -0.41296095003573E-02 -0.30973906364805E-04 -0.19182770147207E+04  0.36226768382105E+03 -0.19496642128977E+04 -0.13484272848332E+04 -0.67128205850984E+05  0.25936106872150E+04  0.67308529735345E+03  0.19667794914702E+03 -0.19379050133607E+02 -0.68044704234961E+02  0.84527883012970E+02 -0.96801248798635E+01 -0.37974286108442E+02  0.55445217485576E+02  0.00000000000000E+00  0.64705267789165E+05  0.00000000000000E+00  0.00000000000000E+00  0.00000000000000E+00  0.00000000000000E+00  0.00000000000000E+00  0.00000000000000E+00  0.00000000000000E+00  0.00000000000000E+00  0.00000000000000E+00  0.00000000000000E+00  0.00000000000000E+00  0.00000000000000E+00  0.00000000000000E+00  0.00000000000000E+00
  -0.43066577673089E+04 -0.24646082263910E+03  0.51324533620838E+02 -0.15245165743994E+03 -0.51654929007556E+02  0.10574629932788E+03  0.11507394072101E+03 -0.68040719372106E+05  0.24180137053088E+05  0.72099198635177E+03 -0.33107004998770E+03 -0.77541344452878E+03 -0.29371721641603E+02 -0.73278106435090E+01 -0.25063019981008E+04  0.29740747360317E+03 -0.28021562458366E+04 -0.14102867949635E+04  0.98088621853967E+03  0.00000000000000E+00  0.00000000000000E+00  0.00000000000000E+00  0.18726041508671E+01 -0.54262687930953E+02 -0.73191063765802E+01  0.00000000000000E+00  0.00000000000000E+00  0.00000000000000E+00  0.00000000000000E+00  0.00000000000000E+00  0.30766573318698E+05  0.00000000000000E+00  0.00000000000000E+00  0.00000000000000E+00  0.00000000000000E+00  0.00000000000000E+00  0.00000000000000E+00  0.00000000000000E+00  0.00000000000000E+00  0.00000000000000E+00  0.00000000000000E+00  0.00000000000000E+00  0.00000000000000E+00  0.00000000000000E+00
  -0.84649276133458E+06  0.21123418512409E+06 -0.38314969090874E+05 -0.66871038921895E+05  0.11488057569025E+05 -0.72480593543680E+04 -0.88475556425955E+04 -0.27801595890774E+06  0.64376076546676E+05  0.10423245737837E+05 -0.19221765559081E+04 -0.50813564760681E+04 -0.58281575442560E+03 -0.12053468843769E+01  0.19047524371947E+04 -0.13336562844202E+03  0.23912833216505E+04  0.10945699476027E+04 -0.49834649005380E+06  0.00000000000000E+00  0.00000000000000E+00  0.00000000000000E+00  0.45520158500148E+03 -0.69516167464910E+04  0.38472061202146E+05  0.00000000000000E+00  0.00000000000000E+00  0.00000000000000E+00  0.00000000000000E+00  0.00000000000000E+00  0.00000000000000E+00  0.58394531377142E+06  0.00000000000000E+00  0.00000000000000E+00  0.00000000000000E+00  0.00000000000000E+00  0.00000000000000E+00  0.00000000000000E+00  0.00000000000000E+00  0.00000000000000E+00  0.00000000000000E+00  0.00000000000000E+00  0.00000000000000E+00  0.00000000000000E+00
  -0.10971509743880E+07  0.26743600393110E+06 -0.49942449756169E+05 -0.34803683462839E+06  0.61415074613245E+05 -0.34705480337642E+05 -0.46110714394885E+05 -0.54921650468785E+06  0.12309595944637E+06  0.21759859306177E+05 -0.38443233532705E+04 -0.81611076392978E+01 -0.37785669189492E+00 -0.25048046334271E-02  0.43385174330515E+04 -0.49030585678472E+03  0.52059390520772E+04  0.28444684765401E+04 -0.24699558668389E+07  0.41046230894397E+05  0.15493081795305E+05  0.67674776563285E+04  0.33535414871832E+03 -0.65295276904782E+04  0.41097975827228E+05  0.45701297513337E+03 -0.31405278007617E+04  0.23150595451167E+05  0.00000000000000E+00  0.00000000000000E+00  0.00000000000000E+00  0.00000000000000E+00  0.92095116221562E+06  0.00000000000000E+00  0.00000000000000E+00  0.00000000000000E+00  0.00000000000000E+00  0.00000000000000E+00  0.00000000000000E+00  0.00000000000000E+00  0.00000000000000E+00  0.00000000000000E+00  0.00000000000000E+00  0.00000000000000E+00
  -0.20974077618338E+05  0.59271941885931E+04 -0.99442048592787E+03 -0.14215118394256E+04  0.32481603860322E+03  0.34704551163539E+02 -0.13863690405365E+03 -0.74180385720834E+05  0.23387559778127E+05  0.15029722840856E+04 -0.42726739939780E+03 -0.25655724543080E+04 -0.15666850765385E+03 -0.45996266342261E+01 -0.15933627241673E+04  0.17356236656594E+03 -0.14691041645248E+04 -0.74918367927589E+03 -0.15826630256108E+05  0.00000000000000E+00  0.00000000000000E+00  0.00000000000000E+00  0.00000000000000E+00  0.00000000000000E+00  0.00000000000000E+00  0.00000000000000E+00  0.00000000000000E+00  0.00000000000000E+00  0.00000000000000E+00  0.00000000000000E+00  0.00000000000000E+00  0.00000000000000E+00  0.00000000000000E+00  0.15146561492498E+05  0.00000000000000E+00  0.00000000000000E+00  0.00000000000000E+00  0.00000000000000E+00  0.00000000000000E+00  0.00000000000000E+00  0.00000000000000E+00  0.00000000000000E+00  0.00000000000000E+00  0.00000000000000E+00
  -0.47144120714824E+05  0.13468837639121E+05 -0.22447006258751E+04 -0.24833970644796E+04  0.54931974123936E+03  0.30075985181408E+02 -0.23593445117568E+03 -0.16582167840470E+06  0.52398279121161E+05  0.32909336296771E+04 -0.95503746745149E+03 -0.67529447953413E+02 -0.17412778979588E+02 -0.48174250401555E-04 -0.30828478022164E+04  0.33396459815818E+03 -0.28582216270038E+04 -0.14578357385187E+04 -0.28032555744435E+05  0.00000000000000E+00  0.00000000000000E+00  0.00000000000000E+00  0.00000000000000E+00  0.00000000000000E+00  0.00000000000000E+00  0.00000000000000E+00  0.00000000000000E+00  0.00000000000000E+00  0.00000000000000E+00  0.00000000000000E+00  0.00000000000000E+00  0.00000000000000E+00  0.00000000000000E+00  0.00000000000000E+00  0.32480562770014E+05  0.00000000000000E+00  0.00000000000000E+00  0.00000000000000E+00  0.00000000000000E+00  0.00000000000000E+00  0.00000000000000E+00  0.00000000000000E+00  0.00000000000000E+00  0.00000000000000E+00
  -0.30628364581205E+04  0.41813800243515E+03 -0.11545305415897E+03 -0.68918056820209E+02  0.85682036208879E+01 -0.16399080991559E+02 -0.11637723746348E+02 -0.12861217618750E+04  0.16073145833336E+03  0.41084212060621E+02 -0.10282083269967E+02 -0.81577356171314E+02 -0.64110193601069E+01 -0.17398011600570E+00 -0.73809682732170E+03  0.86010245973103E+02 -0.68570133930959E+03 -0.38028798708843E+03 -0.18003600049173E+03  0.00000000000000E+00  0.00000000000000E+00  0.00000000000000E+00  0.00000000000000E+00  0.00000000000000E+00  0.00000000000000E+00  0.00000000000000E+00  0.00000000000000E+00  0.00000000000000E+00  0.00000000000000E+00  0.00000000000000E+00  0.00000000000000E+00  0.00000000000000E+00  0.00000000000000E+00  0.00000000000000E+00  0.00000000000000E+00  0.37742111726796E+04  0.00000000000000E+00  0.00000000000000E+00  0.00000000000000E+00  0.00000000000000E+00  0.00000000000000E+00  0.00000000000000E+00  0.00000000000000E+00  0.00000000000000E+00
  -0.20062369790566E+06  0.64104726677998E+05 -0.97281728353378E+04 -0.11701494650278E+05  0.27724246448243E+04  0.52268734088086E+03 -0.84273733145599E+03 -0.51445725642703E+04  0.59351010194672E+03  0.49698643197559E+03 -0.41139877969005E+02 -0.16691516972915E+00 -0.11710118969685E+00 -0.11336481651276E-12  0.32426884369477E+03 -0.92956722793085E+02  0.84922966040477E+02  0.13542555865672E+03 -0.16185210421834E+06  0.00000000000000E+00  0.00000000000000E+00  0.00000000000000E+00  0.23268704941908E+04  0.31985044712935E+04  0.16229205263838E+05  0.00000000000000E+00  0.00000000000000E+00  0.00000000000000E+00  0.00000000000000E+00  0.00000000000000E+00  0.00000000000000E+00  0.00000000000000E+00  0.00000000000000E+00  0.00000000000000E+00  0.00000000000000E+00  0.00000000000000E+00  0.10659269532151E+06  0.00000000000000E+00  0.00000000000000E+00  0.00000000000000E+00  0.00000000000000E+00  0.00000000000000E+00  0.00000000000000E+00  0.00000000000000E+00
