# fitpack15: fit parameters                                                                         
# CJ15 AV18 final data choices                                                                      
# Created on 03/21/2019 at 15:22:01                                                                 

 # QCD setup
  INS                           0
  NVL                          11
  IORD                          1
  Q02                   1.6899999999999999     
  IPARAMC                       7
  FLAVOR                5.0000000000000000     
  xmc                   1.3000000000000000     
  xmb                   4.5000000000000000     
  ncb                          12
  ihq                           1
  ias                           0

 # Theory corrections
  inuke                     10814
  itmc                          1
  iht                           1

 # fit parameters
 LAMBDA       0.22680        0.0000    
 a0uv          2.0580        0.0000    
 a1uv         0.57976       0.22485E-01
 a2uv          3.5574       0.11109E-01
 a3uv          0.0000        0.0000    
 a4uv          4.2799       0.56668    
 a5uv          0.0000        0.0000    
 a0dv          24.573        0.0000    
 a1dv          1.1540       0.32610E-01
 a2dv          6.5888       0.15488    
 a3dv         -3.5374       0.83082E-01
 a4dv          4.7508       0.13849    
 a5dv          0.0000        0.0000    
 a0ud         0.14270       0.49863E-02
 a1ud        -0.21041       0.38039E-02
 a2ud          8.3982       0.18800    
 a3ud          0.0000        0.0000    
 a4ud          15.498        1.2651    
 a5ud          0.0000        0.0000    
 a0du          35712.        0.0000    
 a1du          4.0763       0.81121E-01
 a2du          19.990       0.90788    
 a3du          17.000        0.0000    
 a4du          52.173        10.807    
 a0g           47.962        0.0000    
 a1g          0.61181       0.32118E-01
 a2g           6.7267       0.92580    
 a3g          -3.3916       0.14068    
 a4g           3.3870       0.35203    
 a5g           0.0000        0.0000    
 kappa        0.40000        0.0000    
 a6dv        -0.37161E-02   0.65143E-03
 a7dv          2.0000        0.0000    
 off1         -4.0652        1.5328    
 off2         0.53357E-01   0.16996E-01
 ht1          -3.4488       0.26069    
 ht2           1.9974       0.10580    
 ht3          -2.0706       0.19478E-01
 ht4           0.0000        0.0000    
 dummy40       0.0000        0.0000    
 dummy41       0.0000        0.0000    
 dummy42       0.0000        0.0000    
 dummy43       0.0000        0.0000    
 dummy44       0.0000        0.0000    
 dummy45       0.0000        0.0000    
 dummy46       0.0000        0.0000    
 dummy47       0.0000        0.0000    
 dummy48       0.0000        0.0000    
 dummy49       0.0000        0.0000    
 bcdmsh2      0.97009       0.49273E-02
 bcdmsd2      0.99009       0.59102E-02
 ccfr          1.0000        0.0000    
 nutev         1.0000        0.0000    
 zeus         0.97998        0.0000    
 h1            1.0162        0.0000    
 e605          1.0319        0.0000    
 NmcH2         1.0066       0.71813E-02
 ntv_nu        1.0000        0.0000    
 ntv_nubar     1.0000        0.0000    
 cdf_jet      0.98910        0.0000    
 d0_jet       0.83504        0.0000    
 slac_p        1.0015       0.49743E-02
 slac_d        1.0010       0.54463E-02
 e866pp       0.97501       0.19910E-01
 e866pd       0.96550       0.16136E-01
 d0_gamjet     1.0366       0.16469E-01
 h1b          0.97608        0.0000    
 jlab_p       0.99439        0.0000    
 jlab_d       0.97560        0.0000    
 blank         1.0000        0.0000    
 d0run2       0.94420       0.14165E-01
 cdfrun2      0.93087       0.17303E-01
 HERA_el       1.0000        0.0000    
 HERA_ps       1.0000        0.0000    
 CDF_Z        0.96036       0.66430E-02
 NmcRat        1.0000        0.0000    
 BNS_F2nd     0.98244        0.0000    
 HERMES_F2p   0.99514       0.56980E-02
 HERMES_F2d   0.97743       0.59545E-02
 e03103_p     0.99631       0.54415E-02
 e03103_d     0.97618       0.56813E-02
 END 0. 0.

 # Hessian matrix (Bevington alpha)
   0.56856592597832E+07 -0.14281550163243E+07  0.22672552599472E+06  0.65736569259770E+06 -0.16130712080821E+06 -0.13084472041045E+05  0.78483139942540E+05  0.10933381325493E+07 -0.19948627946294E+06 -0.58162577316017E+05  0.82736798856143E+04  0.15619128918042E+05  0.17769472102978E+04 -0.11059143019880E+03  0.58101114918378E+04 -0.13675282092695E+04  0.81738066327248E+04  0.55407366305697E+04 -0.85191943862609E+07 -0.17553031495878E+04 -0.85504110001881E+06  0.75970484512238E+05  0.22857679299899E+06  0.81500196207851E+06 -0.13098566345041E+06 -0.55504008570921E+05 -0.50484411562185E+04 -0.86267565376077E+06 -0.11167362969968E+07 -0.20927824131800E+05 -0.47355647178959E+05 -0.31745124278213E+04 -0.91454690173804E+04 -0.32296789545421E+04 -0.17356505067008E+05 -0.73541410303185E+05 -0.57920825146889E+05 -0.31680411317107E+06 -0.53907080980164E+06
  -0.14281550163243E+07  0.43484376684914E+06 -0.58237103018144E+05 -0.16829761430979E+06  0.41758545314424E+05  0.73715770676235E+04 -0.16343770246557E+05 -0.14679524435247E+06  0.29537436850886E+05  0.89845715921686E+04 -0.10618896548073E+04 -0.12384054168788E+04 -0.14737326315874E+03  0.13268898527647E+02  0.13381120551941E+04 -0.20587569941167E+03  0.54098606649673E+03  0.46099913140802E+03  0.27365662341878E+07  0.64588094906530E+03  0.23371706168991E+06 -0.16571569384388E+05 -0.52925873478814E+05 -0.21195840753844E+06  0.16746315545068E+05  0.82587989852684E+04 -0.20552391770805E+03  0.21064865890562E+06  0.26535027441989E+06  0.57708054002026E+04  0.13220196812698E+05  0.42179852138794E+03  0.24290678465417E+04  0.76953273016020E+03 -0.22354823332719E+04  0.86740910977082E+04  0.72591190303541E+04  0.80527398979732E+05  0.13545471215576E+06
   0.22672552599472E+06 -0.58237103018144E+05  0.91068328254257E+04  0.26104603555038E+05 -0.65201069281331E+04 -0.77754428846806E+03  0.30515952382274E+04  0.33835661186375E+05 -0.59763203698443E+04 -0.20775697170965E+04  0.25986202506164E+03  0.44126057088075E+03  0.57321199668441E+02 -0.44058727598560E+01 -0.44184908047129E+03  0.24196174672691E+02 -0.23357440049091E+03 -0.93005111794170E+02 -0.34894065312717E+06 -0.73178240759579E+02 -0.34478948906186E+05  0.29847699893265E+04  0.89662423950108E+04  0.32566271004248E+05 -0.48867361166231E+04 -0.20740961146672E+04  0.25943222606183E+02 -0.33593411643052E+05 -0.43652213058361E+05 -0.84818174999976E+03 -0.19268064158736E+04 -0.10505997810495E+03 -0.36480222014892E+03 -0.12733389895967E+03 -0.42952652767375E+02 -0.23088485584497E+04 -0.18620760817401E+04 -0.12827528649056E+05 -0.21853720868222E+05
   0.65736569259770E+06 -0.16829761430979E+06  0.26104603555038E+05  0.44040850272265E+06 -0.71206397947435E+05  0.77543597745862E+05  0.70085930824380E+05  0.39047304207731E+06 -0.31687565047889E+05 -0.20463176767525E+05  0.34654755485807E+04 -0.13245887485030E+04 -0.12811702867676E+03  0.57823106098875E+02  0.30256862951561E+05 -0.36000973899226E+04  0.25229462930994E+05  0.14109557912090E+05 -0.24878464148660E+07 -0.30780159846617E+03 -0.25509686300715E+06  0.26827828196853E+05  0.73575360482631E+05  0.27571563210725E+06 -0.12851433627807E+05 -0.21293065525587E+05 -0.75476979475883E+02 -0.66226751671904E+05 -0.34299477135554E+06 -0.13802350104420E+04 -0.24956270459464E+04 -0.71119092830657E+02 -0.24702808841868E+04 -0.96130952748433E+03 -0.98369877791987E+04 -0.72625719123842E+04 -0.21512400862995E+05 -0.23444988074883E+05 -0.15809938253398E+06
  -0.16130712080821E+06  0.41758545314424E+05 -0.65201069281331E+04 -0.71206397947435E+05  0.13463397502415E+05 -0.81464853502069E+04 -0.10460139313934E+05 -0.39130086105182E+05  0.12963157216913E+04  0.27941497469955E+04 -0.36969519373147E+03 -0.35841557018773E+02  0.17946704844675E+01 -0.51716532443474E+01 -0.24463205306763E+04  0.28448035807900E+03 -0.20138214887502E+04 -0.11167176515332E+04  0.54197876432655E+06  0.88173095009275E+02  0.52876033998132E+05 -0.50790473734285E+04 -0.13893878267541E+05 -0.54528401272937E+05  0.20012869035129E+04  0.33691922235471E+04 -0.56704362747749E+02  0.11922222657325E+05  0.62871241415009E+05  0.32805444559039E+03  0.57251596677490E+03  0.90555719933451E+01  0.47055465528377E+03  0.17419921360793E+03  0.36471952162705E+03  0.81975989759342E+03  0.25209287836832E+04  0.50452105685911E+04  0.34775054039260E+05
  -0.13084472041045E+05  0.73715770676235E+04 -0.77754428846806E+03  0.77543597745862E+05 -0.81464853502069E+04  0.24454283915537E+05  0.14966323220710E+05  0.11242839398069E+06 -0.10595737676228E+05 -0.47847503720924E+04  0.98634014159382E+03 -0.68728859015983E+03 -0.60240451093654E+02  0.19570007597222E+02  0.94356363675042E+04 -0.11756104276403E+04  0.79060843152667E+04  0.45369513927759E+04 -0.71194730193407E+05  0.51285505787625E+02 -0.16983442713776E+05  0.30052514042610E+04  0.82270990405964E+04  0.24291641994549E+05 -0.27634972139051E+04 -0.42469506678321E+04  0.15033556178593E+03 -0.86403791377478E+04 -0.42516531513025E+05  0.58401017228929E+01 -0.23262899655704E+02 -0.18857608351184E+02 -0.25534346881822E+03 -0.12996704263652E+03 -0.31336835080718E+04 -0.18589323754984E+04 -0.53566721433258E+04 -0.12064628562135E+04 -0.64580253629516E+04
   0.78483139942540E+05 -0.16343770246557E+05  0.30515952382274E+04  0.70085930824380E+05 -0.10460139313934E+05  0.14966323220710E+05  0.12204368095136E+05  0.65157199162871E+05 -0.40179767009714E+04 -0.35923279580247E+04  0.59679377898026E+03 -0.20820394587478E+03 -0.21356181516491E+02  0.10280498193679E+02  0.47576708867379E+04 -0.59188237874054E+03  0.38944443957888E+04  0.22421892225034E+04 -0.27937348389691E+06 -0.12293230147316E+02 -0.34219610438820E+05  0.40456925812038E+04  0.10958581718320E+05  0.38574898101017E+05 -0.24706677655884E+04 -0.38753334175074E+04  0.13625560708796E+03 -0.99509778178529E+04 -0.51826178292192E+05 -0.16104092177863E+03 -0.28322003717864E+03 -0.13173085053655E+02 -0.35980698495943E+03 -0.15158993371906E+03 -0.13279447957040E+04 -0.11493628087430E+04 -0.34240604856305E+04 -0.30755576587920E+04 -0.20116545452470E+05
   0.10933381325493E+07 -0.14679524435247E+06  0.33835661186375E+05  0.39047304207731E+06 -0.39130086105182E+05  0.11242839398069E+06  0.65157199162871E+05  0.53354288201893E+07 -0.23943312649896E+07 -0.90616889929435E+05  0.26215262074166E+05  0.27030691506016E+05  0.18543637005683E+04  0.10576330705290E+03  0.87289510500725E+05 -0.11053507881462E+05  0.83624297905584E+05  0.45569959340259E+05 -0.73490054094746E+06  0.35695827635157E+03 -0.11921473103851E+06  0.33847998052975E+05  0.10365252930091E+06  0.27239713737968E+06 -0.62509410046922E+05 -0.50215810284575E+05 -0.69661744285454E+05 -0.29239931589187E+06 -0.57703812753320E+06 -0.74014654077082E+05 -0.16627308646845E+06 -0.13886281178538E+04  0.25424783176955E+03  0.25710665377602E+03 -0.27187229573648E+06 -0.14301459048573E+06 -0.17675295622442E+06 -0.33489456699143E+05 -0.78893898718407E+05
  -0.19948627946294E+06  0.29537436850886E+05 -0.59763203698443E+04 -0.31687565047889E+05  0.12963157216913E+04 -0.10595737676228E+05 -0.40179767009714E+04 -0.23943312649896E+07  0.19298304912654E+07  0.19646065305894E+05 -0.64580584537056E+04 -0.56816015051561E+04 -0.31821156563620E+03 -0.14986388664437E+02  0.48562453400884E+05 -0.23019452164070E+04  0.15433841465598E+05  0.75369985718587E+04 -0.43769527467834E+04 -0.92314753151275E+02  0.61863883176870E+04 -0.65163195946960E+04 -0.21041912088760E+05 -0.50621049371642E+05  0.11497797663538E+05  0.10891143059795E+05  0.24568045147401E+05  0.66620367323179E+05  0.12720240128473E+06  0.23023851785676E+05  0.51800016878140E+05  0.18631756970573E+03 -0.12569053204680E+04 -0.69649422780319E+03  0.11261892640943E+06  0.44995787514041E+05  0.55063193036942E+05  0.47943811463674E+04  0.10923933341683E+05
  -0.58162577316017E+05  0.89845715921686E+04 -0.20775697170965E+04 -0.20463176767525E+05  0.27941497469955E+04 -0.47847503720924E+04 -0.35923279580247E+04 -0.90616889929435E+05  0.19646065305894E+05  0.27906194570452E+04 -0.63539176350175E+03 -0.68208225044065E+03 -0.61843084695960E+02 -0.19160580158808E+01 -0.39894963730330E+04  0.48410344190681E+03 -0.33319855717659E+04 -0.18962765026249E+04  0.67610521491453E+05 -0.58641958365519E+01  0.99143464225221E+04 -0.15859119110183E+04 -0.45566430765413E+04 -0.13472964907689E+05  0.27507528092945E+04  0.19021108417009E+04  0.73529220074564E+03  0.11022147732273E+05  0.22969461914630E+05  0.15103530395136E+04  0.33313662288718E+04  0.43467456459615E+02  0.13017535936453E+03  0.58004587403433E+02  0.31288824888282E+04  0.28265997889716E+04  0.35813000716978E+04  0.22771994877455E+04  0.56859658887255E+04
   0.82736798856143E+04 -0.10618896548073E+04  0.25986202506164E+03  0.34654755485807E+04 -0.36969519373147E+03  0.98634014159382E+03  0.59679377898026E+03  0.26215262074166E+05 -0.64580584537056E+04 -0.63539176350175E+03  0.17105918549316E+03  0.19262621490129E+03  0.14284528886276E+02  0.71826879981896E+00  0.12306822440515E+04 -0.13625011967650E+03  0.99278014346707E+03  0.54478572736165E+03 -0.72749861458361E+04  0.23774649971536E+01 -0.10760068774718E+04  0.24693520072831E+03  0.74327646356165E+03  0.20061425798629E+04 -0.46632455862514E+03 -0.35223475465552E+03 -0.33580302867222E+03 -0.20095873515169E+04 -0.40152369792554E+04 -0.42394357229337E+03 -0.95278981997733E+03 -0.10843371857875E+02 -0.13373515053264E+02 -0.63012428070517E+01 -0.11357794627634E+04 -0.81712882909956E+03 -0.10175327528211E+04 -0.26045638050845E+03 -0.61548837394239E+03
   0.15619128918042E+05 -0.12384054168788E+04  0.44126057088075E+03 -0.13245887485030E+04 -0.35841557018773E+02 -0.68728859015983E+03 -0.20820394587478E+03  0.27030691506016E+05 -0.56816015051561E+04 -0.68208225044065E+03  0.19262621490129E+03  0.16447229106252E+04  0.10863026660398E+03 -0.10860137963683E+01  0.14130238099290E+04 -0.19822943740866E+03  0.14348007246249E+04  0.83904465823604E+03 -0.62296405760547E+04 -0.52710546765944E+01 -0.28412177784767E+03 -0.32184486812090E+02  0.73687900134217E+02 -0.10228396034914E+04 -0.11511456829513E+04 -0.15062960266806E-10 -0.70736882369609E+03 -0.51010409522342E+04  0.87025879307439E-10 -0.23353226850677E+04 -0.73448245835532E+02 -0.79517771274442E+02 -0.17522356760811E+01 -0.74972818031558E+00  0.29734340913506E+03 -0.27387555833669E+04 -0.91196483820920E-10 -0.79974704305634E+02 -0.25736441804547E-09
   0.17769472102978E+04 -0.14737326315874E+03  0.57321199668441E+02 -0.12811702867676E+03  0.17946704844675E+01 -0.60240451093654E+02 -0.21356181516491E+02  0.18543637005683E+04 -0.31821156563620E+03 -0.61843084695960E+02  0.14284528886276E+02  0.10863026660398E+03  0.97616255506687E+01 -0.17778014455683E+00  0.78812533936742E+02 -0.13270152715196E+02  0.84524990849953E+02  0.53897197624627E+02 -0.32495211112561E+03 -0.45946553561394E+00  0.35861327592983E+02 -0.23081454872086E+01  0.10058495894798E+02 -0.11852706873089E+03 -0.17055955359152E+03 -0.18929791529449E-11 -0.27759111755584E+02 -0.60417440590957E+03 -0.51920168102876E-10 -0.14719164381084E+03 -0.19453450240825E+02 -0.64771134731779E+01 -0.18652198151168E+00 -0.72266577889501E-01  0.29554571353793E+02 -0.19850033407222E+03 -0.16279648302527E-11 -0.27740477223213E+02 -0.25117914982861E-10
  -0.11059143019880E+03  0.13268898527647E+02 -0.44058727598560E+01  0.57823106098875E+02 -0.51716532443474E+01  0.19570007597222E+02  0.10280498193679E+02  0.10576330705290E+03 -0.14986388664437E+02 -0.19160580158808E+01  0.71826879981896E+00 -0.10860137963683E+01 -0.17778014455683E+00  0.55010408020798E-01  0.15160334610621E+02 -0.11874865877480E+01  0.94776625332241E+01  0.45300333932496E+01 -0.83071086735917E+02  0.22665290875496E-01 -0.14207069899523E+02  0.54696113936832E+00  0.13936177588623E+01  0.64634917460022E+01  0.72867003123436E-01 -0.42595239019149E-12 -0.64718242043458E+01 -0.90469350520850E+00 -0.12637795282238E-11 -0.36086076926556E+01 -0.21542636241009E-04 -0.15062108711192E+00 -0.18175661207351E-02 -0.99683802773472E-03 -0.16186986717521E+01 -0.35012655204215E+01  0.66646811342494E-12 -0.15546926958568E-06 -0.21011889976401E-12
   0.58101114918378E+04  0.13381120551941E+04 -0.44184908047129E+03  0.30256862951561E+05 -0.24463205306763E+04  0.94356363675042E+04  0.47576708867379E+04  0.87289510500725E+05  0.48562453400884E+05 -0.39894963730330E+04  0.12306822440515E+04  0.14130238099290E+04  0.78812533936742E+02  0.15160334610621E+02  0.49792171383000E+05 -0.46598680977968E+04  0.34407085661374E+05  0.18150246906053E+05 -0.49381053848898E+05  0.38916485129242E+01  0.34835724942649E+04 -0.31851010551658E+03 -0.89890597226324E+03 -0.22383470009536E+04 -0.27309612924957E+04 -0.17879302769510E+04 -0.24894832526190E+04  0.19996914021631E+04  0.43371988211263E+04 -0.15009680569267E+04 -0.29619802983768E+04 -0.72877642417831E+03 -0.28919861267492E+04 -0.15336705794956E+04 -0.23629068340577E+04 -0.90437365792989E+03 -0.10179230520050E+04  0.78187789394343E+03  0.24783887767459E+04
  -0.13675282092695E+04 -0.20587569941167E+03  0.24196174672691E+02 -0.36000973899226E+04  0.28448035807900E+03 -0.11756104276403E+04 -0.59188237874054E+03 -0.11053507881462E+05 -0.23019452164070E+04  0.48410344190681E+03 -0.13625011967650E+03 -0.19822943740866E+03 -0.13270152715196E+02 -0.11874865877480E+01 -0.46598680977968E+04  0.50688940184680E+03 -0.36454691318998E+04 -0.20026175796696E+04  0.52038220580908E+04 -0.12291343618184E+01 -0.59907051578814E+03  0.45552950149629E+02  0.11818402635425E+03  0.34114437415503E+03  0.50324959339023E+03  0.31497351512874E+03  0.28845015854539E+03 -0.16469818734883E+03 -0.49900901540701E+03  0.15635669589200E+03  0.30749326552032E+03  0.80915991281294E+02  0.44054044046530E+03  0.21770712367886E+03 -0.30623961099190E+03  0.25152018675871E+03  0.28171475812827E+03 -0.16946235521388E+03 -0.56911374554516E+03
   0.81738066327248E+04  0.54098606649673E+03 -0.23357440049091E+03  0.25229462930994E+05 -0.20138214887502E+04  0.79060843152667E+04  0.38944443957888E+04  0.83624297905584E+05  0.15433841465598E+05 -0.33319855717659E+04  0.99278014346707E+03  0.14348007246249E+04  0.84524990849953E+02  0.94776625332241E+01  0.34407085661374E+05 -0.36454691318998E+04  0.26825543352249E+05  0.14538158187886E+05 -0.42859086971634E+05  0.13135249276219E+01  0.29802875491480E+04 -0.30841326345829E+03 -0.85885281039385E+03 -0.19497980532169E+04 -0.24093280458775E+04 -0.15640699329356E+04 -0.24249303529184E+04  0.20764353858309E+04  0.43124252494116E+04 -0.12204066614768E+04 -0.24162610634623E+04 -0.58438027702917E+03 -0.24370816975581E+04 -0.13197624962882E+04  0.10477091794160E+04 -0.15076903326251E+04 -0.16746062967225E+04  0.52595652493450E+03  0.13420986023711E+04
   0.55407366305697E+04  0.46099913140802E+03 -0.93005111794170E+02  0.14109557912090E+05 -0.11167176515332E+04  0.45369513927759E+04  0.22421892225034E+04  0.45569959340259E+05  0.75369985718587E+04 -0.18962765026249E+04  0.54478572736165E+03  0.83904465823604E+03  0.53897197624627E+02  0.45300333932496E+01  0.18150246906053E+05 -0.20026175796696E+04  0.14538158187886E+05  0.79932577902274E+04 -0.22865762392418E+05  0.23489750596522E+01  0.20568038525499E+04 -0.19318278638703E+03 -0.51200407072248E+03 -0.12644519211466E+04 -0.17368251384755E+04 -0.10929934742715E+04 -0.12342868037377E+04  0.98697081167544E+03  0.23972198938803E+04 -0.62563619506746E+03 -0.12399408772923E+04 -0.32579790146453E+03 -0.15968505317610E+04 -0.82883183880455E+03  0.12942989419323E+04 -0.10788402696873E+04 -0.11988338374290E+04  0.46916904761235E+03  0.13365898792078E+04
  -0.85191943862609E+07  0.27365662341878E+07 -0.34894065312717E+06 -0.24878464148660E+07  0.54197876432655E+06 -0.71194730193407E+05 -0.27937348389691E+06 -0.73490054094746E+06 -0.43769527467834E+04  0.67610521491453E+05 -0.72749861458361E+04 -0.62296405760547E+04 -0.32495211112561E+03 -0.83071086735917E+02 -0.49381053848898E+05  0.52038220580908E+04 -0.42859086971634E+05 -0.22865762392418E+05  0.34128145089050E+08  0.73219850274543E+04  0.25838948476034E+07 -0.20460515173485E+06 -0.59339892644817E+06 -0.25531272702587E+07  0.33698934180647E+05  0.74897234515155E+05 -0.11791997491344E+04  0.56048879801086E+06  0.27341789174301E+07  0.17061940720142E+05  0.31080338820746E+05  0.21044587584493E+03  0.24032322037356E+05  0.75663931661996E+04 -0.18105320137038E+05  0.20404852387804E+05  0.62919155954661E+05  0.21848699848749E+06  0.14419063665508E+07
  -0.17553031495878E+04  0.64588094906530E+03 -0.73178240759579E+02 -0.30780159846617E+03  0.88173095009275E+02  0.51285505787625E+02 -0.12293230147316E+02  0.35695827635157E+03 -0.92314753151275E+02 -0.58641958365519E+01  0.23774649971536E+01 -0.52710546765944E+01 -0.45946553561394E+00  0.22665290875496E-01  0.38916485129242E+01 -0.12291343618184E+01  0.13135249276219E+01  0.23489750596522E+01  0.73219850274543E+04  0.26669176925812E+01  0.62018650491996E+03 -0.40515681190676E+02 -0.11799498489587E+03 -0.57573874064185E+03  0.00000000000000E+00 -0.22429821804753E+02  0.00000000000000E+00  0.00000000000000E+00  0.49268412729536E+03  0.00000000000000E+00 -0.83292020580484E+01  0.00000000000000E+00  0.00000000000000E+00  0.00000000000000E+00  0.00000000000000E+00  0.00000000000000E+00 -0.24632976354016E+02  0.00000000000000E+00  0.35987550421171E+03
  -0.85504110001881E+06  0.23371706168991E+06 -0.34478948906186E+05 -0.25509686300715E+06  0.52876033998132E+05 -0.16983442713776E+05 -0.34219610438820E+05 -0.11921473103851E+06  0.61863883176870E+04  0.99143464225221E+04 -0.10760068774718E+04 -0.28412177784767E+03  0.35861327592983E+02 -0.14207069899523E+02  0.34835724942649E+04 -0.59907051578814E+03  0.29802875491480E+04  0.20568038525499E+04  0.25838948476034E+07  0.62018650491996E+03  0.33109496682873E+06 -0.30652268075158E+05 -0.83876774685160E+05 -0.34370209813204E+06  0.00000000000000E+00  0.15723873078940E+05  0.00000000000000E+00  0.00000000000000E+00  0.37773077619872E+06  0.00000000000000E+00 -0.36493643218860E+04  0.00000000000000E+00  0.00000000000000E+00  0.00000000000000E+00  0.00000000000000E+00  0.00000000000000E+00  0.13056006200431E+05  0.00000000000000E+00  0.18559662752095E+06
   0.75970484512238E+05 -0.16571569384388E+05  0.29847699893265E+04  0.26827828196853E+05 -0.50790473734285E+04  0.30052514042610E+04  0.40456925812038E+04  0.33847998052975E+05 -0.65163195946960E+04 -0.15859119110183E+04  0.24693520072831E+03 -0.32184486812090E+02 -0.23081454872086E+01  0.54696113936832E+00 -0.31851010551658E+03  0.45552950149629E+02 -0.30841326345829E+03 -0.19318278638703E+03 -0.20460515173485E+06 -0.40515681190676E+02 -0.30652268075158E+05  0.34586684023476E+04  0.92502014787008E+04  0.35328391898328E+05 -0.48814555628674E+02 -0.22148553635126E+04  0.34150900822386E+01  0.65634453274670E+03 -0.43555261128127E+05  0.00000000000000E+00 -0.19340615918103E+03  0.00000000000000E+00  0.00000000000000E+00  0.00000000000000E+00  0.00000000000000E+00 -0.35037570773468E+03 -0.29129825972702E+04  0.14416300592643E+04 -0.16226800491332E+05
   0.22857679299899E+06 -0.52925873478814E+05  0.89662423950108E+04  0.73575360482631E+05 -0.13893878267541E+05  0.82270990405964E+04  0.10958581718320E+05  0.10365252930091E+06 -0.21041912088760E+05 -0.45566430765413E+04  0.74327646356165E+03  0.73687900134217E+02  0.10058495894798E+02  0.13936177588623E+01 -0.89890597226324E+03  0.11818402635425E+03 -0.85885281039385E+03 -0.51200407072248E+03 -0.59339892644817E+06 -0.11799498489587E+03 -0.83876774685160E+05  0.92502014787008E+04  0.25312828815532E+05  0.95481322446865E+05 -0.15778693037368E+03 -0.55639064299556E+04 -0.35130900919375E+02 -0.61624813217342E+04 -0.12002412961887E+06  0.00000000000000E+00 -0.48269196946538E+03  0.00000000000000E+00  0.00000000000000E+00  0.00000000000000E+00  0.00000000000000E+00 -0.20010754270621E+04 -0.84364453965601E+04  0.12890772920281E+04 -0.45081244820384E+05
   0.81500196207851E+06 -0.21195840753844E+06  0.32566271004248E+05  0.27571563210725E+06 -0.54528401272937E+05  0.24291641994549E+05  0.38574898101017E+05  0.27239713737968E+06 -0.50621049371642E+05 -0.13472964907689E+05  0.20061425798629E+04 -0.10228396034914E+04 -0.11852706873089E+03  0.64634917460022E+01 -0.22383470009536E+04  0.34114437415503E+03 -0.19497980532169E+04 -0.12644519211466E+04 -0.25531272702587E+07 -0.57573874064185E+03 -0.34370209813204E+06  0.35328391898328E+05  0.95481322446865E+05  0.38874745377773E+06  0.25020445623974E+03 -0.25423339944769E+05 -0.58055483033433E+01  0.38127683132782E+05 -0.44788539284644E+06  0.00000000000000E+00 -0.22601336652982E+04  0.00000000000000E+00  0.00000000000000E+00  0.00000000000000E+00  0.00000000000000E+00  0.15494216484347E+04 -0.28151765250619E+05  0.20815741380796E+05 -0.18028612294672E+06
  -0.13098566345041E+06  0.16746315545068E+05 -0.48867361166231E+04 -0.12851433627807E+05  0.20012869035129E+04 -0.27634972139051E+04 -0.24706677655884E+04 -0.62509410046922E+05  0.11497797663538E+05  0.27507528092945E+04 -0.46632455862514E+03 -0.11511456829513E+04 -0.17055955359152E+03  0.72867003123436E-01 -0.27309612924957E+04  0.50324959339023E+03 -0.24093280458775E+04 -0.17368251384755E+04  0.33698934180647E+05  0.00000000000000E+00  0.00000000000000E+00 -0.48814555628674E+02 -0.15778693037368E+03  0.25020445623974E+03  0.11694411502904E+06  0.00000000000000E+00  0.00000000000000E+00  0.00000000000000E+00  0.00000000000000E+00  0.00000000000000E+00  0.00000000000000E+00  0.00000000000000E+00  0.00000000000000E+00  0.00000000000000E+00  0.00000000000000E+00  0.00000000000000E+00  0.00000000000000E+00  0.00000000000000E+00  0.00000000000000E+00
  -0.55504008570921E+05  0.82587989852684E+04 -0.20740961146672E+04 -0.21293065525587E+05  0.33691922235471E+04 -0.42469506678321E+04 -0.38753334175074E+04 -0.50215810284575E+05  0.10891143059795E+05  0.19021108417009E+04 -0.35223475465552E+03 -0.15062960266806E-10 -0.18929791529449E-11 -0.42595239019149E-12 -0.17879302769510E+04  0.31497351512874E+03 -0.15640699329356E+04 -0.10929934742715E+04  0.74897234515155E+05 -0.22429821804753E+02  0.15723873078940E+05 -0.22148553635126E+04 -0.55639064299556E+04 -0.25423339944769E+05  0.00000000000000E+00  0.64920687535487E+05  0.00000000000000E+00  0.00000000000000E+00  0.00000000000000E+00  0.00000000000000E+00  0.00000000000000E+00  0.00000000000000E+00  0.00000000000000E+00  0.00000000000000E+00  0.00000000000000E+00  0.00000000000000E+00  0.00000000000000E+00  0.00000000000000E+00  0.00000000000000E+00
  -0.50484411562185E+04 -0.20552391770805E+03  0.25943222606183E+02 -0.75476979475883E+02 -0.56704362747749E+02  0.15033556178593E+03  0.13625560708796E+03 -0.69661744285454E+05  0.24568045147401E+05  0.73529220074564E+03 -0.33580302867222E+03 -0.70736882369609E+03 -0.27759111755584E+02 -0.64718242043458E+01 -0.24894832526190E+04  0.28845015854539E+03 -0.24249303529184E+04 -0.12342868037377E+04 -0.11791997491344E+04  0.00000000000000E+00  0.00000000000000E+00  0.34150900822386E+01 -0.35130900919375E+02 -0.58055483033433E+01  0.00000000000000E+00  0.00000000000000E+00  0.30785985303352E+05  0.00000000000000E+00  0.00000000000000E+00  0.00000000000000E+00  0.00000000000000E+00  0.00000000000000E+00  0.00000000000000E+00  0.00000000000000E+00  0.00000000000000E+00  0.00000000000000E+00  0.00000000000000E+00  0.00000000000000E+00  0.00000000000000E+00
  -0.86267565376077E+06  0.21064865890562E+06 -0.33593411643052E+05 -0.66226751671904E+05  0.11922222657325E+05 -0.86403791377478E+04 -0.99509778178529E+04 -0.29239931589187E+06  0.66620367323179E+05  0.11022147732273E+05 -0.20095873515169E+04 -0.51010409522342E+04 -0.60417440590957E+03 -0.90469350520850E+00  0.19996914021631E+04 -0.16469818734883E+03  0.20764353858309E+04  0.98697081167544E+03  0.56048879801086E+06  0.00000000000000E+00  0.00000000000000E+00  0.65634453274670E+03 -0.61624813217342E+04  0.38127683132782E+05  0.00000000000000E+00  0.00000000000000E+00  0.00000000000000E+00  0.58131850966349E+06  0.00000000000000E+00  0.00000000000000E+00  0.00000000000000E+00  0.00000000000000E+00  0.00000000000000E+00  0.00000000000000E+00  0.00000000000000E+00  0.00000000000000E+00  0.00000000000000E+00  0.00000000000000E+00  0.00000000000000E+00
  -0.11167362969968E+07  0.26535027441989E+06 -0.43652213058361E+05 -0.34299477135554E+06  0.62871241415009E+05 -0.42516531513025E+05 -0.51826178292192E+05 -0.57703812753320E+06  0.12720240128473E+06  0.22969461914630E+05 -0.40152369792554E+04  0.87025879307439E-10 -0.51920168102876E-10 -0.12637795282238E-11  0.43371988211263E+04 -0.49900901540701E+03  0.43124252494116E+04  0.23972198938803E+04  0.27341789174301E+07  0.49268412729536E+03  0.37773077619872E+06 -0.43555261128127E+05 -0.12002412961887E+06 -0.44788539284644E+06  0.00000000000000E+00  0.00000000000000E+00  0.00000000000000E+00  0.00000000000000E+00  0.92250362405062E+06  0.00000000000000E+00  0.00000000000000E+00  0.00000000000000E+00  0.00000000000000E+00  0.00000000000000E+00  0.00000000000000E+00  0.00000000000000E+00  0.00000000000000E+00  0.00000000000000E+00  0.00000000000000E+00
  -0.20927824131800E+05  0.57708054002026E+04 -0.84818174999976E+03 -0.13802350104420E+04  0.32805444559039E+03  0.58401017228929E+01 -0.16104092177863E+03 -0.74014654077082E+05  0.23023851785676E+05  0.15103530395136E+04 -0.42394357229337E+03 -0.23353226850677E+04 -0.14719164381084E+03 -0.36086076926556E+01 -0.15009680569267E+04  0.15635669589200E+03 -0.12204066614768E+04 -0.62563619506746E+03  0.17061940720142E+05  0.00000000000000E+00  0.00000000000000E+00  0.00000000000000E+00  0.00000000000000E+00  0.00000000000000E+00  0.00000000000000E+00  0.00000000000000E+00  0.00000000000000E+00  0.00000000000000E+00  0.00000000000000E+00  0.14493444918527E+05  0.00000000000000E+00  0.00000000000000E+00  0.00000000000000E+00  0.00000000000000E+00  0.00000000000000E+00  0.00000000000000E+00  0.00000000000000E+00  0.00000000000000E+00  0.00000000000000E+00
  -0.47355647178959E+05  0.13220196812698E+05 -0.19268064158736E+04 -0.24956270459464E+04  0.57251596677490E+03 -0.23262899655704E+02 -0.28322003717864E+03 -0.16627308646845E+06  0.51800016878140E+05  0.33313662288718E+04 -0.95278981997733E+03 -0.73448245835532E+02 -0.19453450240825E+02 -0.21542636241009E-04 -0.29619802983768E+04  0.30749326552032E+03 -0.24162610634623E+04 -0.12399408772923E+04  0.31080338820746E+05 -0.83292020580484E+01 -0.36493643218860E+04 -0.19340615918103E+03 -0.48269196946538E+03 -0.22601336652982E+04  0.00000000000000E+00  0.00000000000000E+00  0.00000000000000E+00  0.00000000000000E+00  0.00000000000000E+00  0.00000000000000E+00  0.31669869023553E+05  0.00000000000000E+00  0.00000000000000E+00  0.00000000000000E+00  0.00000000000000E+00  0.00000000000000E+00  0.00000000000000E+00  0.00000000000000E+00  0.00000000000000E+00
  -0.31745124278213E+04  0.42179852138794E+03 -0.10505997810495E+03 -0.71119092830657E+02  0.90555719933451E+01 -0.18857608351184E+02 -0.13173085053655E+02 -0.13886281178538E+04  0.18631756970573E+03  0.43467456459615E+02 -0.10843371857875E+02 -0.79517771274442E+02 -0.64771134731779E+01 -0.15062108711192E+00 -0.72877642417831E+03  0.80915991281294E+02 -0.58438027702917E+03 -0.32579790146453E+03  0.21044587584493E+03  0.00000000000000E+00  0.00000000000000E+00  0.00000000000000E+00  0.00000000000000E+00  0.00000000000000E+00  0.00000000000000E+00  0.00000000000000E+00  0.00000000000000E+00  0.00000000000000E+00  0.00000000000000E+00  0.00000000000000E+00  0.00000000000000E+00  0.37975792127125E+04  0.00000000000000E+00  0.00000000000000E+00  0.00000000000000E+00  0.00000000000000E+00  0.00000000000000E+00  0.00000000000000E+00  0.00000000000000E+00
  -0.91454690173804E+04  0.24290678465417E+04 -0.36480222014892E+03 -0.24702808841868E+04  0.47055465528377E+03 -0.25534346881822E+03 -0.35980698495943E+03  0.25424783176955E+03 -0.12569053204680E+04  0.13017535936453E+03 -0.13373515053264E+02 -0.17522356760811E+01 -0.18652198151168E+00 -0.18175661207351E-02 -0.28919861267492E+04  0.44054044046530E+03 -0.24370816975581E+04 -0.15968505317610E+04  0.24032322037356E+05  0.00000000000000E+00  0.00000000000000E+00  0.00000000000000E+00  0.00000000000000E+00  0.00000000000000E+00  0.00000000000000E+00  0.00000000000000E+00  0.00000000000000E+00  0.00000000000000E+00  0.00000000000000E+00  0.00000000000000E+00  0.00000000000000E+00  0.00000000000000E+00  0.82625841759202E+04  0.00000000000000E+00  0.00000000000000E+00  0.00000000000000E+00  0.00000000000000E+00  0.00000000000000E+00  0.00000000000000E+00
  -0.32296789545421E+04  0.76953273016020E+03 -0.12733389895967E+03 -0.96130952748433E+03  0.17419921360793E+03 -0.12996704263652E+03 -0.15158993371906E+03  0.25710665377602E+03 -0.69649422780319E+03  0.58004587403433E+02 -0.63012428070517E+01 -0.74972818031558E+00 -0.72266577889501E-01 -0.99683802773472E-03 -0.15336705794956E+04  0.21770712367886E+03 -0.13197624962882E+04 -0.82883183880455E+03  0.75663931661996E+04  0.00000000000000E+00  0.00000000000000E+00  0.00000000000000E+00  0.00000000000000E+00  0.00000000000000E+00  0.00000000000000E+00  0.00000000000000E+00  0.00000000000000E+00  0.00000000000000E+00  0.00000000000000E+00  0.00000000000000E+00  0.00000000000000E+00  0.00000000000000E+00  0.00000000000000E+00  0.42309314439203E+04  0.00000000000000E+00  0.00000000000000E+00  0.00000000000000E+00  0.00000000000000E+00  0.00000000000000E+00
  -0.17356505067008E+05 -0.22354823332719E+04 -0.42952652767375E+02 -0.98369877791987E+04  0.36471952162705E+03 -0.31336835080718E+04 -0.13279447957040E+04 -0.27187229573648E+06  0.11261892640943E+06  0.31288824888282E+04 -0.11357794627634E+04  0.29734340913506E+03  0.29554571353793E+02 -0.16186986717521E+01 -0.23629068340577E+04 -0.30623961099190E+03  0.10477091794160E+04  0.12942989419323E+04 -0.18105320137038E+05  0.00000000000000E+00  0.00000000000000E+00  0.00000000000000E+00  0.00000000000000E+00  0.00000000000000E+00  0.00000000000000E+00  0.00000000000000E+00  0.00000000000000E+00  0.00000000000000E+00  0.00000000000000E+00  0.00000000000000E+00  0.00000000000000E+00  0.00000000000000E+00  0.00000000000000E+00  0.00000000000000E+00  0.12516857143347E+06  0.00000000000000E+00  0.00000000000000E+00  0.00000000000000E+00  0.00000000000000E+00
  -0.73541410303185E+05  0.86740910977082E+04 -0.23088485584497E+04 -0.72625719123842E+04  0.81975989759342E+03 -0.18589323754984E+04 -0.11493628087430E+04 -0.14301459048573E+06  0.44995787514041E+05  0.28265997889716E+04 -0.81712882909956E+03 -0.27387555833669E+04 -0.19850033407222E+03 -0.35012655204215E+01 -0.90437365792989E+03  0.25152018675871E+03 -0.15076903326251E+04 -0.10788402696873E+04  0.20404852387804E+05  0.00000000000000E+00  0.00000000000000E+00 -0.35037570773468E+03 -0.20010754270621E+04  0.15494216484347E+04  0.00000000000000E+00  0.00000000000000E+00  0.00000000000000E+00  0.00000000000000E+00  0.00000000000000E+00  0.00000000000000E+00  0.00000000000000E+00  0.00000000000000E+00  0.00000000000000E+00  0.00000000000000E+00  0.00000000000000E+00  0.95495187480612E+05  0.00000000000000E+00  0.00000000000000E+00  0.00000000000000E+00
  -0.57920825146889E+05  0.72591190303541E+04 -0.18620760817401E+04 -0.21512400862995E+05  0.25209287836832E+04 -0.53566721433258E+04 -0.34240604856305E+04 -0.17675295622442E+06  0.55063193036942E+05  0.35813000716978E+04 -0.10175327528211E+04 -0.91196483820920E-10 -0.16279648302527E-11  0.66646811342494E-12 -0.10179230520050E+04  0.28171475812827E+03 -0.16746062967225E+04 -0.11988338374290E+04  0.62919155954661E+05 -0.24632976354016E+02  0.13056006200431E+05 -0.29129825972702E+04 -0.84364453965601E+04 -0.28151765250619E+05  0.00000000000000E+00  0.00000000000000E+00  0.00000000000000E+00  0.00000000000000E+00  0.00000000000000E+00  0.00000000000000E+00  0.00000000000000E+00  0.00000000000000E+00  0.00000000000000E+00  0.00000000000000E+00  0.00000000000000E+00  0.00000000000000E+00  0.10013778861540E+06  0.00000000000000E+00  0.00000000000000E+00
  -0.31680411317107E+06  0.80527398979732E+05 -0.12827528649056E+05 -0.23444988074883E+05  0.50452105685911E+04 -0.12064628562135E+04 -0.30755576587920E+04 -0.33489456699143E+05  0.47943811463674E+04  0.22771994877455E+04 -0.26045638050845E+03 -0.79974704305634E+02 -0.27740477223213E+02 -0.15546926958568E-06  0.78187789394343E+03 -0.16946235521388E+03  0.52595652493450E+03  0.46916904761235E+03  0.21848699848749E+06  0.00000000000000E+00  0.00000000000000E+00  0.14416300592643E+04  0.12890772920281E+04  0.20815741380796E+05  0.00000000000000E+00  0.00000000000000E+00  0.00000000000000E+00  0.00000000000000E+00  0.00000000000000E+00  0.00000000000000E+00  0.00000000000000E+00  0.00000000000000E+00  0.00000000000000E+00  0.00000000000000E+00  0.00000000000000E+00  0.00000000000000E+00  0.00000000000000E+00  0.18327276403703E+06  0.00000000000000E+00
  -0.53907080980164E+06  0.13545471215576E+06 -0.21853720868222E+05 -0.15809938253398E+06  0.34775054039260E+05 -0.64580253629516E+04 -0.20116545452470E+05 -0.78893898718407E+05  0.10923933341683E+05  0.56859658887255E+04 -0.61548837394239E+03 -0.25736441804547E-09 -0.25117914982861E-10 -0.21011889976401E-12  0.24783887767459E+04 -0.56911374554516E+03  0.13420986023711E+04  0.13365898792078E+04  0.14419063665508E+07  0.35987550421171E+03  0.18559662752095E+06 -0.16226800491332E+05 -0.45081244820384E+05 -0.18028612294672E+06  0.00000000000000E+00  0.00000000000000E+00  0.00000000000000E+00  0.00000000000000E+00  0.00000000000000E+00  0.00000000000000E+00  0.00000000000000E+00  0.00000000000000E+00  0.00000000000000E+00  0.00000000000000E+00  0.00000000000000E+00  0.00000000000000E+00  0.00000000000000E+00  0.00000000000000E+00  0.37507572490670E+06

 # Covariance matrix (Bevington epsilon)
   0.50555833378642E-03 -0.76186623220464E-04 -0.12530758103417E-01  0.15864260782110E-03 -0.14922160560350E-03  0.32509736388422E-03 -0.10159973218482E-02  0.51373710685836E-04  0.33802516400948E-04 -0.13360262400956E-02 -0.14943454042331E-01 -0.48484385192494E-03 -0.37981957518826E-02 -0.15390758096486E-01  0.13362417388935E-03  0.35623292009101E-02  0.93351229430574E-04  0.13603093260385E-03  0.36637451351571E-05 -0.32447607592462E-02  0.32214808017726E-04  0.44083380989604E-03 -0.48450152096693E-03  0.71150055309967E-04  0.35482487760800E-04  0.33278677793574E-04  0.26148048390769E-04  0.35863912297579E-04  0.34240944581877E-04 -0.19084539484188E-03 -0.76319409718060E-04  0.33909212384138E-04 -0.49304660715454E-04 -0.48878724164302E-04  0.65107877454223E-04  0.35480853921474E-04  0.32681664271438E-04  0.32505964694584E-04  0.33209891461008E-04
  -0.76186623220466E-04  0.12341607934557E-03  0.28027887082152E-02  0.11595646361885E-03  0.72263771187081E-03 -0.23839084268033E-03  0.28154347178928E-03 -0.62217371376861E-05 -0.46491237859002E-05  0.74313191973305E-03  0.31806712797911E-02  0.23049803283476E-03 -0.84271968151121E-04  0.22530764468043E-01  0.15837705759812E-04  0.12399435241914E-02  0.22455697681661E-05  0.25564141051137E-03 -0.17630651757625E-05  0.26081241413032E-03  0.17981480999740E-04 -0.15840719538546E-02  0.39068572358843E-03  0.73567421371999E-04  0.83636702006128E-05  0.66971888285939E-05  0.46920073617429E-05  0.27902637216384E-05  0.50855294539743E-05  0.37450027897314E-04  0.14659478005570E-05  0.34855660116855E-05 -0.10851616730217E-04 -0.68157908187305E-05 -0.22391394327294E-05  0.59659506943896E-05  0.61295466845971E-05  0.65800903309229E-05  0.71649029787344E-05
