 Correlated errors added in quadrature with statistical errors
 jl00106F2p DIS data with   1.69< Q2 < 0.500D+03 and 0.000 < xB < 1.000 and   3.00< W2 < 0.100D+04 and 0.000 < y < 1.000
   GP TMC applied
   HT corrections, multiplicative C=C(xB)
 Correlated errors added in quadrature with statistical errors
 jl00106F2d DIS data with   1.69< Q2 < 0.500D+03 and 0.000 < xB < 1.000 and   3.00< W2 < 0.100D+04 and 0.000 < y < 1.000
   WBArel smearing  (AV18) - KP free floating0 nuke corrections
   GP TMC applied
   HT corrections, multiplicative C=C(xB)
 Correlated errors added in quadrature with statistical errors
 HerF2pCut  DIS data with   1.69< Q2 < 0.500D+03 and 0.000 < xB < 1.000 and   3.00< W2 < 0.100D+04 and 0.000 < y < 1.000
   GP TMC applied
   HT corrections, multiplicative C=C(xB)
 Correlated errors added in quadrature with statistical errors
 HerF2dCut  DIS data with   1.69< Q2 < 0.500D+03 and 0.000 < xB < 1.000 and   3.00< W2 < 0.100D+04 and 0.000 < y < 1.000
   WBArel smearing  (AV18) - KP free floating0 nuke corrections
   GP TMC applied
   HT corrections, multiplicative C=C(xB)
 Correlated errors added in quadrature with statistical errors
 slac_p     DIS data with   1.69< Q2 < 0.500D+03 and 0.000 < xB < 1.000 and   3.00< W2 < 0.100D+04 and 0.000 < y < 1.000
   GP TMC applied
   HT corrections, multiplicative C=C(xB)
 Correlated errors added in quadrature with statistical errors
 slac_d     DIS data with   1.69< Q2 < 0.500D+03 and 0.000 < xB < 1.000 and   3.00< W2 < 0.100D+04 and 0.000 < y < 1.000
   WBArel smearing  (AV18) - KP free floating0 nuke corrections
   GP TMC applied
   HT corrections, multiplicative C=C(xB)
 Correlated errors treated separately from statistical errors
 BcdF2pCor  DIS data with   1.69< Q2 < 0.500D+03 and 0.000 < xB < 1.000 and   3.00< W2 < 0.100D+04 and 0.000 < y < 1.000
   GP TMC applied
   HT corrections, multiplicative C=C(xB)
 Correlated errors treated separately from statistical errors
 BcdF2dCor  DIS data with   1.69< Q2 < 0.500D+03 and 0.000 < xB < 1.000 and   3.00< W2 < 0.100D+04 and 0.000 < y < 1.000
   WBArel smearing  (AV18) - KP free floating0 nuke corrections
   GP TMC applied
   HT corrections, multiplicative C=C(xB)
 Correlated errors treated separately from statistical errors
 NmcF2pCor  DIS data with   1.69< Q2 < 0.500D+03 and 0.000 < xB < 1.000 and   3.00< W2 < 0.100D+04 and 0.000 < y < 1.000
   GP TMC applied
   HT corrections, multiplicative C=C(xB)
 Correlated errors treated separately from statistical errors
 NmcRatCor  DIS data with   1.69< Q2 < 0.500D+03 and 0.000 < xB < 1.000 and   3.00< W2 < 0.100D+04 and 0.000 < y < 1.000
   WBArel smearing  (AV18) - KP free floating0 nuke corrections
   GP TMC applied
   HT corrections, multiplicative C=C(xB)
 Correlated errors treated separately from statistical errors
 H2_NC_em   DIS data with   1.69< Q2 < 0.100D+06 and 0.000 < xB < 1.000 and   3.00< W2 < 0.100D+08 and 0.000 < y < 1.000
   GP TMC applied
   HT corrections, multiplicative C=C(xB)
 Correlated errors treated separately from statistical errors
 H2_NC_ep_1 DIS data with   1.69< Q2 < 0.100D+06 and 0.000 < xB < 1.000 and   3.00< W2 < 0.100D+08 and 0.000 < y < 1.000
   GP TMC applied
   HT corrections, multiplicative C=C(xB)
 Correlated errors treated separately from statistical errors
 H2_NC_ep_2 DIS data with   1.69< Q2 < 0.100D+06 and 0.000 < xB < 1.000 and   3.00< W2 < 0.100D+08 and 0.000 < y < 1.000
   GP TMC applied
   HT corrections, multiplicative C=C(xB)
 Correlated errors treated separately from statistical errors
 H2_NC_ep_3 DIS data with   1.69< Q2 < 0.100D+06 and 0.000 < xB < 1.000 and   3.00< W2 < 0.100D+08 and 0.000 < y < 1.000
   GP TMC applied
   HT corrections, multiplicative C=C(xB)
 Correlated errors treated separately from statistical errors
 H2_NC_ep_4 DIS data with   1.69< Q2 < 0.100D+06 and 0.000 < xB < 1.000 and   3.00< W2 < 0.100D+08 and 0.000 < y < 1.000
   GP TMC applied
   HT corrections, multiplicative C=C(xB)
 Correlated errors treated separately from statistical errors
 H2_CC_em   DIS data with   1.69< Q2 < 0.100D+06 and 0.000 < xB < 1.000 and   3.00< W2 < 0.100D+08 and 0.000 < y < 1.000
   GP TMC applied
   HT corrections, multiplicative C=C(xB)
 Correlated errors treated separately from statistical errors
 H2_CC_ep   DIS data with   1.69< Q2 < 0.100D+06 and 0.000 < xB < 1.000 and   3.00< W2 < 0.100D+08 and 0.000 < y < 1.000
   GP TMC applied
   HT corrections, multiplicative C=C(xB)
 Correlated errors added in quadrature with statistical errors
 e866pp06xf vector boson data with Q2 >=  36.00
 Correlated errors added in quadrature with statistical errors
 e866pd06xf vector boson data with Q2 >=  36.00
 Correlated errors added in quadrature with statistical errors
 cdfLasy05  vector boson data with Q2 >=   0.00
 Correlated errors added in quadrature with statistical errors
 d0Lasy_e15 vector boson data with Q2 >=   0.00
 Correlated errors added in quadrature with statistical errors
 d0Lasy13   vector boson data with Q2 >=   0.00
 Correlated errors added in quadrature with statistical errors
 CDF_Wasy   vector boson data with Q2 >=   0.00
 Correlated errors added in quadrature with statistical errors
 D0_Wasy    vector boson data with Q2 >=   0.00
 Correlated errors added in quadrature with statistical errors
 CDF_Z      vector boson data with Q2 >=   0.00
 Correlated errors added in quadrature with statistical errors
 D0_Z       vector boson data with Q2 >=   0.00
 Correlated errors added in quadrature with statistical errors
 d0run2coneJet data - errors added in quadrature
 Correlated errors added in quadrature with statistical errors
 CDFrun2jetJet data - errors added in quadrature
 Correlated errors added in quadrature with statistical errors
 d0_gamjet1 Photon data -- cuts to be written yet ...
 Correlated errors added in quadrature with statistical errors
 d0_gamjet2 Photon data -- cuts to be written yet ...
 Correlated errors added in quadrature with statistical errors
 d0_gamjet3 Photon data -- cuts to be written yet ...
 Correlated errors added in quadrature with statistical errors
 d0_gamjet4 Photon data -- cuts to be written yet ...

# fitpack15: fit output
# CJ15 AV18 final data choices                                                 

Parametrization   7 used here

 S-ACOT scheme used  for NC DIS

 charm mass =     1.30 GeV     bottom mass =     4.50 GeV



 THIS IS A NEXT TO LEADING ORDER FIT

 Q02=    1.69
         1  LAMBDA      VALUE=   0.22680      WEIGHT=    0.0000    
         2  a0uv        VALUE=    2.4169      WEIGHT=    0.0000    
         3  a1uv        VALUE=   0.61635      WEIGHT=   0.20395E-01
         4  a2uv        VALUE=    3.5428      WEIGHT=   0.12297E-01
         5  a3uv        VALUE=    0.0000      WEIGHT=    0.0000    
         6  a4uv        VALUE=    3.4395      WEIGHT=   0.43683    
         7  a5uv        VALUE=    0.0000      WEIGHT=    0.0000    
         8  a0dv        VALUE=    24.544      WEIGHT=    0.0000    
         9  a1dv        VALUE=    1.1585      WEIGHT=   0.33842E-01
        10  a2dv        VALUE=    6.5538      WEIGHT=   0.15967    
        11  a3dv        VALUE=   -3.5001      WEIGHT=   0.87255E-01
        12  a4dv        VALUE=    4.6830      WEIGHT=   0.14394    
        13  a5dv        VALUE=    0.0000      WEIGHT=    0.0000    
        14  a0ud        VALUE=   0.14662      WEIGHT=   0.50263E-02
        15  a1ud        VALUE=  -0.20771      WEIGHT=   0.37519E-02
        16  a2ud        VALUE=    8.3632      WEIGHT=   0.18523    
        17  a3ud        VALUE=    0.0000      WEIGHT=    0.0000    
        18  a4ud        VALUE=    14.678      WEIGHT=    1.2107    
        19  a5ud        VALUE=    0.0000      WEIGHT=    0.0000    
        20  a0du        VALUE=    35712.      WEIGHT=    0.0000    
        21  a1du        VALUE=    4.0198      WEIGHT=   0.71322E-01
        22  a2du        VALUE=    20.251      WEIGHT=   0.86082    
        23  a3du        VALUE=    17.000      WEIGHT=    0.0000    
        24  a4du        VALUE=    50.601      WEIGHT=    9.0827    
        25  a0g         VALUE=    45.217      WEIGHT=    0.0000    
        26  a1g         VALUE=   0.60182      WEIGHT=   0.31731E-01
        27  a2g         VALUE=    6.4148      WEIGHT=    1.0043    
        28  a3g         VALUE=   -3.3037      WEIGHT=   0.13891    
        29  a4g         VALUE=    3.1575      WEIGHT=   0.30059    
        30  a5g         VALUE=    0.0000      WEIGHT=    0.0000    
        31  kappa       VALUE=   0.40000      WEIGHT=    0.0000    
        32  a6dv        VALUE=  -0.36574E-02  WEIGHT=   0.67517E-03
        33  a7dv        VALUE=    2.0000      WEIGHT=    0.0000    
        34  off1        VALUE=   -3.5009      WEIGHT=    1.4769    
        35  off2        VALUE=   0.56166E-01  WEIGHT=   0.58667E-01
        36  ht1         VALUE=   -3.2479      WEIGHT=   0.26672    
        37  ht2         VALUE=    1.9154      WEIGHT=   0.10687    
        38  ht3         VALUE=   -2.0748      WEIGHT=   0.22824E-01
        39  ht4         VALUE=    0.0000      WEIGHT=    0.0000    
        40  dummy40     VALUE=    0.0000      WEIGHT=    0.0000    
        41  dummy41     VALUE=    0.0000      WEIGHT=    0.0000    
        42  dummy42     VALUE=    0.0000      WEIGHT=    0.0000    
        43  dummy43     VALUE=    0.0000      WEIGHT=    0.0000    
        44  dummy44     VALUE=    0.0000      WEIGHT=    0.0000    
        45  dummy45     VALUE=    0.0000      WEIGHT=    0.0000    
        46  dummy46     VALUE=    0.0000      WEIGHT=    0.0000    
        47  dummy47     VALUE=    0.0000      WEIGHT=    0.0000    
        48  dummy48     VALUE=    0.0000      WEIGHT=    0.0000    
        49  dummy49     VALUE=    0.0000      WEIGHT=    0.0000    
        50  bcdmsh2     VALUE=   0.97285      WEIGHT=   0.48427E-02
        51  bcdmsd2     VALUE=   0.99317      WEIGHT=   0.57972E-02
        52  ccfr        VALUE=    1.0000      WEIGHT=    0.0000    
        53  nutev       VALUE=    1.0000      WEIGHT=    0.0000    
        54  zeus        VALUE=   0.97998      WEIGHT=    0.0000    
        55  h1          VALUE=    1.0162      WEIGHT=    0.0000    
        56  e605        VALUE=    1.0319      WEIGHT=    0.0000    
        57  NmcH2       VALUE=    1.0095      WEIGHT=   0.71200E-02
        58  ntv_nu      VALUE=    1.0000      WEIGHT=    0.0000    
        59  ntv_nubar   VALUE=    1.0000      WEIGHT=    0.0000    
        60  cdf_jet     VALUE=   0.98910      WEIGHT=    0.0000    
        61  d0_jet      VALUE=   0.83504      WEIGHT=    0.0000    
        62  slac_p      VALUE=    1.0048      WEIGHT=   0.48232E-02
        63  slac_d      VALUE=    1.0042      WEIGHT=   0.52625E-02
        64  e866pp      VALUE=   0.96438      WEIGHT=   0.19188E-01
        65  e866pd      VALUE=   0.96857      WEIGHT=   0.16516E-01
        66  d0_gamjet   VALUE=    1.0391      WEIGHT=   0.16482E-01
        67  h1b         VALUE=   0.97608      WEIGHT=    0.0000    
        68  jlab_p      VALUE=   0.99439      WEIGHT=   0.57989E-02
        69  jlab_d      VALUE=   0.97560      WEIGHT=   0.58777E-02
        70  blank       VALUE=    1.0000      WEIGHT=    0.0000    
        71  d0run2      VALUE=   0.94153      WEIGHT=   0.14203E-01
        72  cdfrun2     VALUE=   0.92693      WEIGHT=   0.17236E-01
        73  HERA_el     VALUE=    1.0000      WEIGHT=    0.0000    
        74  HERA_ps     VALUE=    1.0000      WEIGHT=    0.0000    
        75  CDF_Z       VALUE=   0.96573      WEIGHT=   0.64152E-02
        76  NmcRat      VALUE=    1.0000      WEIGHT=    0.0000    
        77  BNS_F2nd    VALUE=   0.98244      WEIGHT=    0.0000    
        78  HERMES_F2p  VALUE=   0.99812      WEIGHT=   0.55759E-02
        79  HERMES_F2d  VALUE=   0.98034      WEIGHT=   0.58160E-02
0THE TOLERANCE IS    0.1000
 THE MAXIMUM NUMBER OF STEPS IS 100
0THE INITIAL CHI SQUARED IS  4.49531E+03
0  STEP  CHI SQUARED    PARAMETER      VALUE         ERROR
 ------------------------------------------------------------
     1    4.49369E+03
                       1  LAMBDA     2.2680E-01       FIX 
                       2  a0uv       2.3436E+00       FIX 
                       3  a1uv       6.0942E-01           
                       4  a2uv       3.5480E+00           
                       5  a3uv       0.0000E+00       FIX 
                       6  a4uv       3.6034E+00           
                       7  a5uv       0.0000E+00       FIX 
                       8  a0dv       2.4989E+01       FIX 
                       9  a1dv       1.1614E+00           
                      10  a2dv       6.5774E+00           
                      11  a3dv      -3.5139E+00           
                      12  a4dv       4.6948E+00           
                      13  a5dv       0.0000E+00       FIX 
                      14  a0ud       1.4629E-01           
                      15  a1ud      -2.0799E-01           
                      16  a2ud       8.3070E+00           
                      17  a3ud       0.0000E+00       FIX 
                      18  a4ud       1.4596E+01           
                      19  a5ud       0.0000E+00       FIX 
                      20  a0du       3.5712E+04       FIX 
                      21  a1du       4.0526E+00           
                      22  a2du       1.9853E+01           
                      23  a3du       1.7000E+01       FIX 
                      24  a4du       5.2049E+01           
                      25  a0g        4.6660E+01       FIX 
                      26  a1g        6.0847E-01           
                      27  a2g        6.6506E+00           
                      28  a3g       -3.3237E+00           
                      29  a4g        3.2356E+00           
                      30  a5g        0.0000E+00       FIX 
                      31  kappa      4.0000E-01       FIX 
                      32  a6dv      -3.5651E-03           
                      33  a7dv       2.0000E+00       FIX 
                      34  off1      -4.1147E+00           
                      35  off2       5.8931E-02           
                      36  ht1       -3.3719E+00           
                      37  ht2        1.9555E+00           
                      38  ht3       -2.0681E+00           
                      39  ht4        0.0000E+00       FIX 
                      40  dummy40    0.0000E+00       FIX 
                      41  dummy41    0.0000E+00       FIX 
                      42  dummy42    0.0000E+00       FIX 
                      43  dummy43    0.0000E+00       FIX 
                      44  dummy44    0.0000E+00       FIX 
                      45  dummy45    0.0000E+00       FIX 
                      46  dummy46    0.0000E+00       FIX 
                      47  dummy47    0.0000E+00       FIX 
                      48  dummy48    0.0000E+00       FIX 
                      49  dummy49    0.0000E+00       FIX 
                      50  bcdmsh2    9.7282E-01           
                      51  bcdmsd2    9.9328E-01           
                      52  ccfr       1.0000E+00       FIX 
                      53  nutev      1.0000E+00       FIX 
                      54  zeus       9.7998E-01       FIX 
                      55  h1         1.0162E+00       FIX 
                      56  e605       1.0319E+00       FIX 
                      57  NmcH2      1.0091E+00           
                      58  ntv_nu     1.0000E+00       FIX 
                      59  ntv_nuba   1.0000E+00       FIX 
                      60  cdf_jet    9.8910E-01       FIX 
                      61  d0_jet     8.3504E-01       FIX 
                      62  slac_p     1.0045E+00           
                      63  slac_d     1.0044E+00           
                      64  e866pp     9.6773E-01           
                      65  e866pd     9.6416E-01           
                      66  d0_gamje   1.0387E+00           
                      67  h1b        9.7608E-01       FIX 
                      68  jlab_p     9.9437E-01           
                      69  jlab_d     9.7611E-01           
                      70  blank      1.0000E+00       FIX 
                      71  d0run2     9.4128E-01           
                      72  cdfrun2    9.2728E-01           
                      73  HERA_el    1.0000E+00       FIX 
                      74  HERA_ps    1.0000E+00       FIX 
                      75  CDF_Z      9.6505E-01           
                      76  NmcRat     1.0000E+00       FIX 
                      77  BNS_F2nd   9.8244E-01       FIX 
                      78  HERMES_F   9.9802E-01           
                      79  HERMES_F   9.8052E-01           
 ------------------------------------------------------------
     2    4.49281E+03
                       1  LAMBDA     2.2680E-01       FIX 
                       2  a0uv       2.3428E+00       FIX 
                       3  a1uv       6.0932E-01           
                       4  a2uv       3.5480E+00           
                       5  a3uv       0.0000E+00       FIX 
                       6  a4uv       3.6045E+00           
                       7  a5uv       0.0000E+00       FIX 
                       8  a0dv       2.4990E+01       FIX 
                       9  a1dv       1.1615E+00           
                      10  a2dv       6.5769E+00           
                      11  a3dv      -3.5137E+00           
                      12  a4dv       4.6952E+00           
                      13  a5dv       0.0000E+00       FIX 
                      14  a0ud       1.4631E-01           
                      15  a1ud      -2.0798E-01           
                      16  a2ud       8.3056E+00           
                      17  a3ud       0.0000E+00       FIX 
                      18  a4ud       1.4601E+01           
                      19  a5ud       0.0000E+00       FIX 
                      20  a0du       3.5712E+04       FIX 
                      21  a1du       4.0484E+00           
                      22  a2du       1.9844E+01           
                      23  a3du       1.7000E+01       FIX 
                      24  a4du       5.1230E+01           
                      25  a0g        4.6650E+01       FIX 
                      26  a1g        6.0777E-01           
                      27  a2g        6.6535E+00           
                      28  a3g       -3.3247E+00           
                      29  a4g        3.2359E+00           
                      30  a5g        0.0000E+00       FIX 
                      31  kappa      4.0000E-01       FIX 
                      32  a6dv      -3.5839E-03           
                      33  a7dv       2.0000E+00       FIX 
                      34  off1      -4.1672E+00           
                      35  off2       5.8748E-02           
                      36  ht1       -3.3680E+00           
                      37  ht2        1.9577E+00           
                      38  ht3       -2.0673E+00           
                      39  ht4        0.0000E+00       FIX 
                      40  dummy40    0.0000E+00       FIX 
                      41  dummy41    0.0000E+00       FIX 
                      42  dummy42    0.0000E+00       FIX 
                      43  dummy43    0.0000E+00       FIX 
                      44  dummy44    0.0000E+00       FIX 
                      45  dummy45    0.0000E+00       FIX 
                      46  dummy46    0.0000E+00       FIX 
                      47  dummy47    0.0000E+00       FIX 
                      48  dummy48    0.0000E+00       FIX 
                      49  dummy49    0.0000E+00       FIX 
                      50  bcdmsh2    9.7283E-01           
                      51  bcdmsd2    9.9301E-01           
                      52  ccfr       1.0000E+00       FIX 
                      53  nutev      1.0000E+00       FIX 
                      54  zeus       9.7998E-01       FIX 
                      55  h1         1.0162E+00       FIX 
                      56  e605       1.0319E+00       FIX 
                      57  NmcH2      1.0091E+00           
                      58  ntv_nu     1.0000E+00       FIX 
                      59  ntv_nuba   1.0000E+00       FIX 
                      60  cdf_jet    9.8910E-01       FIX 
                      61  d0_jet     8.3504E-01       FIX 
                      62  slac_p     1.0046E+00           
                      63  slac_d     1.0043E+00           
                      64  e866pp     9.6768E-01           
                      65  e866pd     9.6446E-01           
                      66  d0_gamje   1.0386E+00           
                      67  h1b        9.7608E-01       FIX 
                      68  jlab_p     9.9437E-01           
                      69  jlab_d     9.7590E-01           
                      70  blank      1.0000E+00       FIX 
                      71  d0run2     9.4022E-01           
                      72  cdfrun2    9.2650E-01           
                      73  HERA_el    1.0000E+00       FIX 
                      74  HERA_ps    1.0000E+00       FIX 
                      75  CDF_Z      9.6529E-01           
                      76  NmcRat     1.0000E+00       FIX 
                      77  BNS_F2nd   9.8244E-01       FIX 
                      78  HERMES_F   9.9811E-01           
                      79  HERMES_F   9.8040E-01           
 ------------------------------------------------------------
     3    4.49264E+03
                       1  LAMBDA     2.2680E-01       FIX 
                       2  a0uv       2.3419E+00       FIX 
                       3  a1uv       6.0924E-01           
                       4  a2uv       3.5478E+00           
                       5  a3uv       0.0000E+00       FIX 
                       6  a4uv       3.6061E+00           
                       7  a5uv       0.0000E+00       FIX 
                       8  a0dv       2.4997E+01       FIX 
                       9  a1dv       1.1616E+00           
                      10  a2dv       6.5767E+00           
                      11  a3dv      -3.5139E+00           
                      12  a4dv       4.6951E+00           
                      13  a5dv       0.0000E+00       FIX 
                      14  a0ud       1.4633E-01           
                      15  a1ud      -2.0796E-01           
                      16  a2ud       8.3055E+00           
                      17  a3ud       0.0000E+00       FIX 
                      18  a4ud       1.4604E+01           
                      19  a5ud       0.0000E+00       FIX 
                      20  a0du       3.5712E+04       FIX 
                      21  a1du       4.0480E+00           
                      22  a2du       1.9837E+01           
                      23  a3du       1.7000E+01       FIX 
                      24  a4du       5.1239E+01           
                      25  a0g        4.6628E+01       FIX 
                      26  a1g        6.0770E-01           
                      27  a2g        6.6539E+00           
                      28  a3g       -3.3251E+00           
                      29  a4g        3.2370E+00           
                      30  a5g        0.0000E+00       FIX 
                      31  kappa      4.0000E-01       FIX 
                      32  a6dv      -3.5876E-03           
                      33  a7dv       2.0000E+00       FIX 
                      34  off1      -4.2015E+00           
                      35  off2       5.8474E-02           
                      36  ht1       -3.3656E+00           
                      37  ht2        1.9594E+00           
                      38  ht3       -2.0666E+00           
                      39  ht4        0.0000E+00       FIX 
                      40  dummy40    0.0000E+00       FIX 
                      41  dummy41    0.0000E+00       FIX 
                      42  dummy42    0.0000E+00       FIX 
                      43  dummy43    0.0000E+00       FIX 
                      44  dummy44    0.0000E+00       FIX 
                      45  dummy45    0.0000E+00       FIX 
                      46  dummy46    0.0000E+00       FIX 
                      47  dummy47    0.0000E+00       FIX 
                      48  dummy48    0.0000E+00       FIX 
                      49  dummy49    0.0000E+00       FIX 
                      50  bcdmsh2    9.7285E-01           
                      51  bcdmsd2    9.9295E-01           
                      52  ccfr       1.0000E+00       FIX 
                      53  nutev      1.0000E+00       FIX 
                      54  zeus       9.7998E-01       FIX 
                      55  h1         1.0162E+00       FIX 
                      56  e605       1.0319E+00       FIX 
                      57  NmcH2      1.0091E+00           
                      58  ntv_nu     1.0000E+00       FIX 
                      59  ntv_nuba   1.0000E+00       FIX 
                      60  cdf_jet    9.8910E-01       FIX 
                      61  d0_jet     8.3504E-01       FIX 
                      62  slac_p     1.0047E+00           
                      63  slac_d     1.0043E+00           
                      64  e866pp     9.6760E-01           
                      65  e866pd     9.6462E-01           
                      66  d0_gamje   1.0385E+00           
                      67  h1b        9.7608E-01       FIX 
                      68  jlab_p     9.9428E-01           
                      69  jlab_d     9.7578E-01           
                      70  blank      1.0000E+00       FIX 
                      71  d0run2     9.4020E-01           
                      72  cdfrun2    9.2647E-01           
                      73  HERA_el    1.0000E+00       FIX 
                      74  HERA_ps    1.0000E+00       FIX 
                      75  CDF_Z      9.6533E-01           
                      76  NmcRat     1.0000E+00       FIX 
                      77  BNS_F2nd   9.8244E-01       FIX 
                      78  HERMES_F   9.9814E-01           
                      79  HERMES_F   9.8040E-01           
 ------------------------------------------------------------
     4    4.49261E+03
                       1  LAMBDA     2.2680E-01    0.0000E+00
                       2  a0uv       2.3410E+00    0.0000E+00
                       3  a1uv       6.0916E-01    2.0413E-02
                       4  a2uv       3.5477E+00    1.2222E-02
                       5  a3uv       0.0000E+00    0.0000E+00
                       6  a4uv       3.6076E+00    4.5428E-01
                       7  a5uv       0.0000E+00    0.0000E+00
                       8  a0dv       2.5004E+01    0.0000E+00
                       9  a1dv       1.1617E+00    3.3453E-02
                      10  a2dv       6.5764E+00    1.5991E-01
                      11  a3dv      -3.5142E+00    8.6163E-02
                      12  a4dv       4.6950E+00    1.4258E-01
                      13  a5dv       0.0000E+00    0.0000E+00
                      14  a0ud       1.4634E-01    5.0353E-03
                      15  a1ud      -2.0795E-01    3.7602E-03
                      16  a2ud       8.3058E+00    1.9236E-01
                      17  a3ud       0.0000E+00    0.0000E+00
                      18  a4ud       1.4605E+01    1.2267E+00
                      19  a5ud       0.0000E+00    0.0000E+00
                      20  a0du       3.5712E+04    0.0000E+00
                      21  a1du       4.0480E+00    7.5546E-02
                      22  a2du       1.9831E+01    8.7638E-01
                      23  a3du       1.7000E+01    0.0000E+00
                      24  a4du       5.1242E+01    1.0602E+01
                      25  a0g        4.6620E+01    0.0000E+00
                      26  a1g        6.0765E-01    3.1861E-02
                      27  a2g        6.6552E+00    9.8560E-01
                      28  a3g       -3.3254E+00    1.3934E-01
                      29  a4g        3.2381E+00    3.3669E-01
                      30  a5g        0.0000E+00    0.0000E+00
                      31  kappa      4.0000E-01    0.0000E+00
                      32  a6dv      -3.5852E-03    6.4898E-04
                      33  a7dv       2.0000E+00    0.0000E+00
                      34  off1      -4.2215E+00    1.5555E+00
                      35  off2       5.8170E-02    1.3105E-02
                      36  ht1       -3.3641E+00    2.6732E-01
                      37  ht2        1.9608E+00    1.0612E-01
                      38  ht3       -2.0659E+00    1.9356E-02
                      39  ht4        0.0000E+00    0.0000E+00
                      40  dummy40    0.0000E+00    0.0000E+00
                      41  dummy41    0.0000E+00    0.0000E+00
                      42  dummy42    0.0000E+00    0.0000E+00
                      43  dummy43    0.0000E+00    0.0000E+00
                      44  dummy44    0.0000E+00    0.0000E+00
                      45  dummy45    0.0000E+00    0.0000E+00
                      46  dummy46    0.0000E+00    0.0000E+00
                      47  dummy47    0.0000E+00    0.0000E+00
                      48  dummy48    0.0000E+00    0.0000E+00
                      49  dummy49    0.0000E+00    0.0000E+00
                      50  bcdmsh2    9.7286E-01    4.8343E-03
                      51  bcdmsd2    9.9294E-01    5.8318E-03
                      52  ccfr       1.0000E+00    0.0000E+00
                      53  nutev      1.0000E+00    0.0000E+00
                      54  zeus       9.7998E-01    0.0000E+00
                      55  h1         1.0162E+00    0.0000E+00
                      56  e605       1.0319E+00    0.0000E+00
                      57  NmcH2      1.0091E+00    7.1275E-03
                      58  ntv_nu     1.0000E+00    0.0000E+00
                      59  ntv_nuba   1.0000E+00    0.0000E+00
                      60  cdf_jet    9.8910E-01    0.0000E+00
                      61  d0_jet     8.3504E-01    0.0000E+00
                      62  slac_p     1.0047E+00    4.8163E-03
                      63  slac_d     1.0042E+00    5.2759E-03
                      64  e866pp     9.6761E-01    1.9380E-02
                      65  e866pd     9.6469E-01    1.5905E-02
                      66  d0_gamje   1.0385E+00    1.6480E-02
                      67  h1b        9.7608E-01    0.0000E+00
                      68  jlab_p     9.9419E-01    5.7866E-03
                      69  jlab_d     9.7570E-01    5.8952E-03
                      70  blank      1.0000E+00    0.0000E+00
                      71  d0run2     9.4029E-01    1.4112E-02
                      72  cdfrun2    9.2654E-01    1.7223E-02
                      73  HERA_el    1.0000E+00    0.0000E+00
                      74  HERA_ps    1.0000E+00    0.0000E+00
                      75  CDF_Z      9.6532E-01    6.5577E-03
                      76  NmcRat     1.0000E+00    0.0000E+00
                      77  BNS_F2nd   9.8244E-01    0.0000E+00
                      78  HERMES_F   9.9816E-01    5.5732E-03
                      79  HERMES_F   9.8041E-01    5.8249E-03
0 MINIMIZATION TERMINATED WITH STEP  4
  TOLERANCE CRITERION      SATISFIED
0 CHI SQUARED PER DEGREE OF FREEDOM IS  1.042E+00
   1.000 -0.416 -0.980  0.264 -0.024  0.159 -0.351  0.460  0.397 -0.314 -0.509 -0.203 -0.247 -0.003  0.182  0.155  0.063 -0.014  0.288 -0.125  0.067  0.087 -0.226  0.159  0.321  0.247  0.152  0.312  0.273 -0.394 -0.192  0.084  0.196  0.213 -0.161 -0.130  0.430  0.270  0.237
  -0.416  1.000  0.563  0.227  0.365 -0.240  0.222 -0.170 -0.158  0.376  0.281  0.247  0.052  0.147  0.001  0.078  0.019  0.042 -0.284  0.038  0.078 -0.546  0.367  0.308  0.103  0.062  0.035  0.006  0.041  0.201  0.025  0.008  0.115  0.129 -0.042 -0.015 -0.087  0.053  0.054
  -0.980  0.563  1.000 -0.176  0.107 -0.198  0.367 -0.443 -0.388  0.375  0.539  0.238  0.254  0.046 -0.155 -0.113 -0.044  0.014 -0.309  0.124 -0.034 -0.162  0.257 -0.083 -0.209 -0.159 -0.090 -0.197 -0.167  0.457  0.242 -0.070 -0.088 -0.113  0.119  0.096 -0.356 -0.168 -0.141
   0.264  0.227 -0.176  1.000  0.827 -0.634  0.020  0.139  0.092 -0.098 -0.212  0.331 -0.179  0.265  0.334  0.238 -0.217  0.234  0.212  0.074  0.232 -0.268  0.145  0.298  0.289  0.224  0.125  0.287  0.231  0.053 -0.106  0.061  0.244  0.147 -0.050 -0.050  0.160  0.270  0.224
  -0.024  0.365  0.107  0.827  1.000 -0.882  0.535 -0.094 -0.109  0.171  0.121  0.176 -0.007  0.228  0.226  0.188 -0.212  0.225 -0.175  0.056  0.093 -0.171  0.031  0.218  0.182  0.117  0.122  0.133  0.073  0.130  0.009  0.024  0.130 -0.026 -0.025 -0.028  0.084  0.150  0.106
   0.159 -0.240 -0.198 -0.634 -0.882  1.000 -0.740  0.276  0.268 -0.167 -0.282 -0.052 -0.014 -0.304 -0.175 -0.201  0.238 -0.268  0.061  0.089 -0.094  0.181 -0.088 -0.147 -0.086 -0.057 -0.137 -0.060 -0.032 -0.173 -0.133  0.008 -0.070  0.048 -0.001  0.003 -0.023 -0.097 -0.076
  -0.351  0.222  0.367  0.020  0.535 -0.740  1.000 -0.410 -0.370  0.461  0.595 -0.269  0.249  0.050 -0.057  0.045 -0.070  0.087 -0.388 -0.137 -0.155  0.030 -0.108 -0.042 -0.026 -0.037  0.115 -0.068 -0.071  0.182  0.279 -0.050 -0.024 -0.125 -0.011 -0.008  0.021 -0.024 -0.019
   0.460 -0.170 -0.443  0.139 -0.094  0.276 -0.410  1.000  0.967 -0.397 -0.779  0.056 -0.146 -0.115 -0.088 -0.044  0.186 -0.145  0.137  0.061  0.007 -0.020 -0.034  0.065  0.225  0.190  0.149  0.224  0.206 -0.093 -0.072  0.084  0.163  0.180  0.020  0.012  0.313  0.202  0.179
   0.397 -0.158 -0.388  0.092 -0.109  0.268 -0.370  0.967  1.000 -0.351 -0.727  0.039 -0.125 -0.119 -0.195 -0.111  0.222 -0.194  0.114  0.059 -0.006 -0.014 -0.030  0.045  0.174  0.146  0.126  0.165  0.151 -0.103 -0.083  0.072  0.117  0.133  0.036  0.023  0.251  0.150  0.131
  -0.314  0.376  0.375 -0.098  0.171 -0.167  0.461 -0.397 -0.351  1.000  0.758 -0.319  0.453 -0.233 -0.087 -0.193 -0.187  0.025 -0.297  0.209 -0.304  0.121 -0.048 -0.235 -0.071 -0.031  0.022 -0.058 -0.017  0.008  0.035 -0.026 -0.006 -0.019  0.112  0.058 -0.049 -0.019  0.019
  -0.509  0.281  0.539 -0.212  0.121 -0.282  0.595 -0.779 -0.727  0.758  1.000 -0.282  0.343 -0.172 -0.072 -0.141 -0.101 -0.036 -0.266 -0.003 -0.338  0.174 -0.160 -0.234 -0.021 -0.008  0.071  0.017  0.046  0.294  0.403 -0.090  0.056  0.041 -0.043 -0.059  0.034  0.034  0.075
  -0.203  0.247  0.238  0.331  0.176 -0.052 -0.269  0.056  0.039 -0.319 -0.282  1.000 -0.575  0.328  0.136  0.084 -0.092  0.110  0.102 -0.002  0.451 -0.266  0.304  0.279  0.005  0.029 -0.018  0.022  0.004  0.291 -0.107  0.035  0.015 -0.015  0.055  0.045 -0.225  0.057 -0.012
  -0.247  0.052  0.254 -0.179 -0.007 -0.014  0.249 -0.146 -0.125  0.453  0.343 -0.575  1.000 -0.001 -0.172 -0.064  0.150 -0.121 -0.229  0.323 -0.076  0.119 -0.114 -0.001  0.027  0.013  0.030  0.010 -0.009  0.165  0.118 -0.000 -0.002 -0.028 -0.044 -0.032 -0.042 -0.006 -0.001
  -0.003  0.147  0.046  0.265  0.228 -0.304  0.050 -0.115 -0.119 -0.233 -0.172  0.328 -0.001  1.000  0.158  0.371 -0.121  0.321  0.110 -0.148  0.752 -0.311  0.347  0.463  0.117  0.069  0.139  0.103  0.033  0.188 -0.081  0.074  0.032 -0.014  0.002  0.026 -0.253  0.122  0.053
   0.182  0.001 -0.155  0.334  0.226 -0.175 -0.057 -0.088 -0.195 -0.087 -0.072  0.136 -0.172  0.158  1.000  0.710 -0.698  0.806  0.128 -0.021  0.155 -0.069  0.118  0.045  0.105  0.098 -0.039  0.151  0.149 -0.071 -0.099  0.042  0.118  0.120  0.002  0.023  0.049  0.137  0.136
   0.155  0.078 -0.113  0.238  0.188 -0.201  0.045 -0.044 -0.111 -0.193 -0.141  0.084 -0.064  0.371  0.710  1.000 -0.269  0.745  0.055 -0.040  0.374 -0.272  0.302  0.222  0.125  0.139  0.051  0.222  0.244  0.005 -0.025  0.053  0.200  0.223 -0.211 -0.085  0.021  0.186  0.209
   0.063  0.019 -0.044 -0.217 -0.212  0.238 -0.070  0.186  0.222 -0.187 -0.101 -0.092  0.150 -0.121 -0.698 -0.269  1.000 -0.823 -0.089  0.001  0.006 -0.099 -0.095  0.223  0.145  0.120  0.159  0.169  0.166  0.201  0.258 -0.015  0.171  0.178 -0.387 -0.274  0.256  0.099  0.104
  -0.014  0.042  0.014  0.234  0.225 -0.268  0.087 -0.145 -0.194  0.025 -0.036  0.110 -0.121  0.321  0.806  0.745 -0.823  1.000  0.070 -0.004  0.236 -0.114  0.299 -0.041 -0.110 -0.065 -0.119 -0.078 -0.054 -0.180 -0.257  0.042 -0.074 -0.060  0.194  0.185 -0.267 -0.038 -0.022
   0.288 -0.284 -0.309  0.212 -0.175  0.061 -0.388  0.137  0.114 -0.297 -0.266  0.102 -0.229  0.110  0.128  0.055 -0.089  0.070  1.000 -0.342  0.156 -0.230  0.229  0.121  0.091  0.110  0.032  0.143  0.183 -0.086 -0.065  0.024  0.114  0.215 -0.022 -0.016  0.082  0.130  0.144
  -0.125  0.038  0.124  0.074  0.056  0.089 -0.137  0.061  0.059  0.209 -0.003 -0.002  0.323 -0.148 -0.021 -0.040  0.001 -0.004 -0.342  1.000 -0.123  0.000  0.020 -0.002 -0.110  0.043 -0.096 -0.083 -0.050 -0.008 -0.156  0.017 -0.006 -0.095  0.082  0.059 -0.148 -0.102 -0.037
   0.067  0.078 -0.034  0.232  0.093 -0.094 -0.155  0.007 -0.006 -0.304 -0.338  0.451 -0.076  0.752  0.155  0.374  0.006  0.236  0.156 -0.123  1.000 -0.347  0.389  0.665  0.059  0.130  0.018  0.028  0.069  0.085 -0.178  0.081 -0.058 -0.010 -0.030  0.013 -0.291  0.044  0.083
   0.087 -0.546 -0.162 -0.268 -0.171  0.181  0.030 -0.020 -0.014  0.121  0.174 -0.266  0.119 -0.311 -0.069 -0.272 -0.099 -0.114 -0.230  0.000 -0.347  1.000 -0.811 -0.499 -0.022 -0.058  0.026 -0.031 -0.081  0.023  0.174 -0.032 -0.182 -0.224  0.087  0.019  0.160 -0.037 -0.065
  -0.226  0.367  0.257  0.145  0.031 -0.088 -0.108 -0.034 -0.030 -0.048 -0.160  0.304 -0.114  0.347  0.118  0.302 -0.095  0.299  0.229  0.020  0.389 -0.811  1.000  0.099 -0.159 -0.073 -0.129 -0.002  0.061 -0.093 -0.292  0.033  0.071  0.153  0.092  0.117 -0.391 -0.025  0.010
   0.159  0.308 -0.083  0.298  0.218 -0.147 -0.042  0.065  0.045 -0.235 -0.234  0.279 -0.001  0.463  0.045  0.222  0.223 -0.041  0.121 -0.002  0.665 -0.499  0.099  1.000  0.219  0.307  0.114  0.007  0.140  0.140 -0.012  0.058  0.034  0.132 -0.215 -0.136  0.024  0.077  0.167
   0.321  0.103 -0.209  0.289  0.182 -0.086 -0.026  0.225  0.174 -0.071 -0.021  0.005  0.027  0.117  0.105  0.125  0.145 -0.110  0.091 -0.110  0.059 -0.022 -0.159  0.219  1.000  0.491  0.389  0.692  0.614  0.389  0.460  0.058  0.566  0.520 -0.239 -0.209  0.577  0.597  0.552
   0.247  0.062 -0.159  0.224  0.117 -0.057 -0.037  0.190  0.146 -0.031 -0.008  0.029  0.013  0.069  0.098  0.139  0.120 -0.065  0.110  0.043  0.130 -0.058 -0.073  0.307  0.491  1.000  0.321  0.536  0.664  0.325  0.400  0.047  0.414  0.544 -0.199 -0.169  0.465  0.487  0.578
   0.152  0.035 -0.090  0.125  0.122 -0.137  0.115  0.149  0.126  0.022  0.071 -0.018  0.030  0.139 -0.039  0.051  0.159 -0.119  0.032 -0.096  0.018  0.026 -0.129  0.114  0.389  0.321  1.000  0.440  0.410  0.343  0.409  0.030  0.349  0.336 -0.168 -0.145  0.420  0.421  0.397
   0.312  0.006 -0.197  0.287  0.133 -0.060 -0.068  0.224  0.165 -0.058  0.017  0.022  0.010  0.103  0.151  0.222  0.169 -0.078  0.143 -0.083  0.028 -0.031 -0.002  0.007  0.692  0.536  0.440  1.000  0.803  0.476  0.563  0.058  0.766  0.687 -0.282 -0.241  0.645  0.750  0.688
   0.273  0.041 -0.167  0.231  0.073 -0.032 -0.071  0.206  0.151 -0.017  0.046  0.004 -0.009  0.033  0.149  0.244  0.166 -0.054  0.183 -0.050  0.069 -0.081  0.061  0.140  0.614  0.664  0.410  0.803  1.000  0.426  0.556  0.047  0.621  0.824 -0.284 -0.233  0.615  0.691  0.794
  -0.394  0.201  0.457  0.053  0.130 -0.173  0.182 -0.093 -0.103  0.008  0.294  0.291  0.165  0.188 -0.071  0.005  0.201 -0.180 -0.086 -0.008  0.085  0.023 -0.093  0.140  0.389  0.325  0.343  0.476  0.426  1.000  0.690 -0.009  0.394  0.342 -0.190 -0.166  0.299  0.439  0.397
  -0.192  0.025  0.242 -0.106  0.009 -0.133  0.279 -0.072 -0.083  0.035  0.403 -0.107  0.118 -0.081 -0.099 -0.025  0.258 -0.257 -0.065 -0.156 -0.178  0.174 -0.292 -0.012  0.460  0.400  0.409  0.563  0.556  0.690  1.000 -0.038  0.470  0.467 -0.263 -0.230  0.575  0.498  0.526
