# fitpack15: fit parameters                                                                         
# CJ15 AV18 final data choices                                                                      
# Created on 02/11/2019 at 16:27:28                                                                 

 # QCD setup
  INS                           0
  NVL                          11
  IORD                          1
  Q02                   1.6899999999999999     
  IPARAMC                       7
  FLAVOR                4.0000000000000000     
  xmc                   1.3000000000000000     
  xmb                   4.5000000000000000     
  ncb                          12
  ihq                           1
  ias                           0

 # Theory corrections
  inuke                     10814
  itmc                          1
  iht                           1

 # fit parameters
 LAMBDA       0.22680        0.0000    
 a0uv          2.4067        0.0000    
 a1uv         0.61537       0.19856E-01
 a2uv          3.5433       0.12414E-01
 a3uv          0.0000        0.0000    
 a4uv          3.4609       0.42903    
 a5uv          0.0000        0.0000    
 a0dv          24.684        0.0000    
 a1dv          1.1595       0.33533E-01
 a2dv          6.5514       0.15936    
 a3dv         -3.5030       0.86332E-01
 a4dv          4.6787       0.14209    
 a5dv          0.0000        0.0000    
 a0ud         0.14658       0.50348E-02
 a1ud        -0.20775       0.37551E-02
 a2ud          8.3286       0.19114    
 a3ud          0.0000        0.0000    
 a4ud          14.606        1.2151    
 a5ud          0.0000        0.0000    
 a0du          35712.        0.0000    
 a1du          4.0249       0.74070E-01
 a2du          20.154       0.87862    
 a3du          17.000        0.0000    
 a4du          51.156        10.239    
 a0g           45.542        0.0000    
 a1g          0.60307       0.31164E-01
 a2g           6.4812       0.96748    
 a3g          -3.3064       0.13418    
 a4g           3.1721       0.31376    
 a5g           0.0000        0.0000    
 kappa        0.40000        0.0000    
 a6dv        -0.36005E-02   0.66324E-03
 a7dv          2.0000        0.0000    
 off1         -3.6735        1.5278    
 off2         0.57717E-01   0.14842E-01
 ht1          -3.2874       0.26061    
 ht2           1.9274       0.10524    
 ht3          -2.0701       0.19888E-01
 ht4           0.0000        0.0000    
 dummy40       0.0000        0.0000    
 dummy41       0.0000        0.0000    
 dummy42       0.0000        0.0000    
 dummy43       0.0000        0.0000    
 dummy44       0.0000        0.0000    
 dummy45       0.0000        0.0000    
 dummy46       0.0000        0.0000    
 dummy47       0.0000        0.0000    
 dummy48       0.0000        0.0000    
 dummy49       0.0000        0.0000    
 bcdmsh2      0.97307       0.48289E-02
 bcdmsd2      0.99317       0.58269E-02
 ccfr          1.0000        0.0000    
 nutev         1.0000        0.0000    
 zeus         0.97998        0.0000    
 h1            1.0162        0.0000    
 e605          1.0319        0.0000    
 NmcH2         1.0095       0.71247E-02
 ntv_nu        1.0000        0.0000    
 ntv_nubar     1.0000        0.0000    
 cdf_jet      0.98910        0.0000    
 d0_jet       0.83504        0.0000    
 slac_p        1.0049       0.48124E-02
 slac_d        1.0042       0.52781E-02
 e866pp       0.96586       0.19263E-01
 e866pd       0.96369       0.15783E-01
 d0_gamjet     1.0389       0.16474E-01
 h1b          0.97608        0.0000    
 jlab_p       0.99446       0.57943E-02
 jlab_d       0.97557       0.59019E-02
 blank         1.0000        0.0000    
 d0run2       0.94087       0.14167E-01
 cdfrun2      0.92649       0.17233E-01
 HERA_el       1.0000        0.0000    
 HERA_ps       1.0000        0.0000    
 CDF_Z        0.96581       0.64944E-02
 NmcRat        1.0000        0.0000    
 BNS_F2nd     0.98310       0.68314E-02
 HERMES_F2p   0.99832       0.55693E-02
 HERMES_F2d   0.98039       0.58259E-02
 END 0. 0.

 # Hessian matrix (Bevington alpha)
   0.48820067123366E+07 -0.12868105233079E+07  0.23414796296468E+06  0.47960199264164E+06 -0.12605828778293E+06 -0.22712502965069E+05  0.55138261150300E+05  0.89906451026755E+06 -0.17296262610114E+06 -0.48223307738258E+05  0.73246056798218E+04  0.15513984150174E+05  0.17525904124898E+04 -0.11226621692593E+03  0.74879889234620E+04 -0.19047069197661E+04  0.10824282368661E+05  0.78463764712194E+04 -0.74171168573315E+07 -0.13883372816854E+04 -0.80691952181822E+06  0.54008279569257E+05  0.17301751272352E+06  0.60917082937959E+06 -0.12679419950566E+06 -0.53782683297326E+05 -0.43524310389204E+04 -0.83698059941979E+06 -0.10833888382909E+07 -0.20555146139638E+05 -0.46327669230672E+05 -0.30755309939939E+04 -0.19826694714371E+06 -0.22375080024101E+06 -0.90931906778218E+04 -0.32232505102281E+04 -0.14843094447088E+05  0.16562870190302E+05 -0.70442335796306E+05 -0.55602987147546E+05
  -0.12868105233079E+07  0.41307337807801E+06 -0.63821132691151E+05 -0.13508175390077E+06  0.35207153887856E+05  0.86605857864249E+04 -0.12282504956243E+05 -0.12110545770076E+06  0.26393634829500E+05  0.74650204383464E+04 -0.93167368298813E+03 -0.12543860554637E+04 -0.14634358418346E+03  0.13536792174052E+02  0.66627882423469E+03 -0.52778380027983E+02  0.17652928278049E+03  0.10101948578879E+03  0.25458665924536E+07  0.56230993843638E+03  0.23562960507659E+06 -0.11748796371187E+05 -0.41448366094119E+05 -0.16758558768170E+06  0.16565160132141E+05  0.81909965362520E+04 -0.24081508458956E+03  0.20916335064892E+06  0.26323997937523E+06  0.58033202878571E+04  0.13227294783264E+05  0.42098299844628E+03  0.63434965381944E+05  0.71008307958005E+05  0.24657668597569E+04  0.78378002343127E+03 -0.23705469216537E+04 -0.22385226275348E+04  0.85338207631519E+04  0.71602884278058E+04
   0.23414796296468E+06 -0.63821132691151E+05  0.11355758485419E+05  0.23260372663233E+05 -0.62050315655669E+04 -0.13260685687733E+04  0.25908929578500E+04  0.31562987714561E+05 -0.59216641762226E+04 -0.19992687327263E+04  0.26107782661318E+03  0.48548456170688E+03  0.63662208433702E+02 -0.50958270136652E+01 -0.39237955917798E+03  0.86854030893959E-01 -0.18192524672158E+03 -0.23840007444353E+02 -0.37179327031015E+06 -0.71702662585715E+02 -0.39440182811761E+05  0.25140787877059E+04  0.80798659976210E+04  0.29349364776635E+05 -0.55588195822702E+04 -0.23726073865500E+04  0.51785496755559E+02 -0.39138637779061E+05 -0.50836411820627E+05 -0.10078331635483E+04 -0.22815063599350E+04 -0.11912198521217E+03 -0.99582214991553E+04 -0.11204812626712E+05 -0.43702638132332E+03 -0.15225281913878E+03  0.56492416048524E+02  0.72746202031229E+03 -0.25688236317129E+04 -0.20840874896487E+04
   0.47960199264164E+06 -0.13508175390077E+06  0.23260372663233E+05  0.39508657166410E+06 -0.62423342606430E+05  0.75577504148169E+05  0.64659833088468E+05  0.34496640216390E+06 -0.25218156767159E+05 -0.18284598440704E+05  0.33520199808743E+04 -0.13623113310794E+04 -0.15620074635872E+03  0.58920924964282E+02  0.30596083363226E+05 -0.36977323779642E+04  0.27560874030631E+05  0.15624576938860E+05 -0.22101323446701E+07 -0.20760201847688E+03 -0.23049570615649E+06  0.19555325744848E+05  0.54860664294278E+05  0.20118454801537E+06 -0.12769794426763E+05 -0.21138789355129E+05 -0.67058710960500E+02 -0.65680410925653E+05 -0.34052064555222E+06 -0.14140645405608E+04 -0.24892906469131E+04 -0.74028800600729E+02 -0.11729908391088E+05 -0.52602626982113E+05 -0.25097693812195E+04 -0.98039119711416E+03 -0.94754100633898E+04 -0.15684905248817E+05 -0.71862458326075E+04 -0.21270420902338E+05
  -0.12605828778293E+06  0.35207153887856E+05 -0.62050315655669E+04 -0.62423342606430E+05  0.11724203537254E+05 -0.78722296091495E+04 -0.94384714243921E+04 -0.32230277034862E+05  0.33402773274023E+03  0.23938331701917E+04 -0.34079477148281E+03 -0.42637214426187E+02  0.45580312619199E+01 -0.52850991854156E+01 -0.26072481521346E+04  0.32039892819318E+03 -0.22933700030092E+04 -0.13182114978026E+04  0.48819555784097E+06  0.66769559548628E+02  0.48533357127263E+05 -0.36632057279167E+04 -0.10276303311664E+05 -0.40140738227907E+05  0.19985681607389E+04  0.33680163500526E+04 -0.56080282461470E+02  0.11958506298458E+05  0.63076739974276E+05  0.33962039223735E+03  0.57835567470884E+03  0.95704609189198E+01  0.29804421965029E+04  0.13154197402534E+05  0.48258997158605E+03  0.17911783939989E+03  0.33349650509839E+03  0.24958693596642E+04  0.81888373219079E+03  0.25156871658259E+04
  -0.22712502965069E+05  0.86605857864249E+04 -0.13260685687733E+04  0.75577504148169E+05 -0.78722296091495E+04  0.24259489410874E+05  0.14742230407047E+05  0.10462789995225E+06 -0.92980958772887E+04 -0.46026238022232E+04  0.99897887051474E+03 -0.70605747577741E+03 -0.69296456924781E+02  0.19937842692511E+02  0.92985948905384E+04 -0.11529728932028E+04  0.85266688243422E+04  0.48997380031946E+04 -0.67254971087724E+05  0.53079552903012E+02 -0.15458828785333E+05  0.24539281831557E+04  0.67717612547968E+04  0.18406379824351E+05 -0.28116567346132E+04 -0.43135323093312E+04  0.15291446177090E+03 -0.88373366747175E+04 -0.43740838084575E+05 -0.28452272285175E+01 -0.34449259158163E+02 -0.19553720088325E+02  0.33833241866392E+03  0.11466422721800E+04 -0.27257231560275E+03 -0.13747205066513E+03 -0.30304418933582E+04 -0.33675572371582E+04 -0.18465059689548E+04 -0.53239094024218E+04
   0.55138261150300E+05 -0.12282504956243E+05  0.25908929578500E+04  0.64659833088468E+05 -0.94384714243921E+04  0.14742230407047E+05  0.11570978525373E+05  0.58046125463022E+05 -0.29394891430988E+04 -0.32858832105889E+04  0.58444276684312E+03 -0.21341416442401E+03 -0.27370532087549E+02  0.10484932457590E+02  0.48076232416040E+04 -0.60479801155462E+03  0.42970548000589E+04  0.25012221326549E+04 -0.25005745021199E+06 -0.10389736525244E+01 -0.30876285685838E+05  0.30347181579431E+04  0.83363870565537E+04  0.28224500226989E+05 -0.24947579362938E+04 -0.39117297562513E+04  0.13570558823248E+03 -0.10076462942878E+05 -0.52604103381857E+05 -0.17137764870967E+03 -0.29207824494469E+03 -0.13761126671568E+02 -0.10728664396441E+04 -0.49706793080813E+04 -0.37433368762188E+03 -0.15777736743692E+03 -0.12728841247591E+04 -0.31569453768776E+04 -0.11469536071945E+04 -0.34173160972658E+04
   0.89906451026755E+06 -0.12110545770076E+06  0.31562987714561E+05  0.34496640216390E+06 -0.32230277034862E+05  0.10462789995225E+06  0.58046125463022E+05  0.49649205018671E+07 -0.23097686009165E+07 -0.85126577174287E+05  0.25827097503817E+05  0.27317123239888E+05  0.18158537276636E+04  0.10521871252895E+03  0.82401571857127E+05 -0.10445665914502E+05  0.85201212876243E+05  0.46542501232289E+05 -0.56801612494383E+06  0.37468186452727E+03 -0.94605787292014E+05  0.27646404049777E+05  0.87445400711313E+05  0.20630270782231E+06 -0.60426751360490E+05 -0.48588752536549E+05 -0.66775845292860E+05 -0.28048140666935E+06 -0.55650154601759E+06 -0.72553874815223E+05 -0.16225558206259E+06 -0.13297782446938E+04 -0.56880413149896E+04 -0.11164841264051E+05  0.80820489644375E+02  0.17088137707411E+03 -0.26185575728322E+06 -0.85660162763565E+04 -0.13671737242624E+06 -0.17004932523944E+06
  -0.17296262610114E+06  0.26393634829500E+05 -0.59216641762226E+04 -0.25218156767159E+05  0.33402773274023E+03 -0.92980958772887E+04 -0.29394891430988E+04 -0.23097686009165E+07  0.19283752696222E+07  0.18966677598565E+05 -0.65078023987186E+04 -0.58840426334702E+04 -0.32119796621418E+03 -0.14582915532808E+02  0.49932288567532E+05 -0.23536080329744E+04  0.17166758910766E+05  0.84624446723583E+04 -0.26987867871207E+05 -0.91750062474553E+02  0.75960629657257E+03 -0.56049843280347E+04 -0.18833211652360E+05 -0.39616778285988E+05  0.11429635039533E+05  0.10825868230438E+05  0.24100540502887E+05  0.65437847201146E+05  0.12569712099955E+06  0.23159836594416E+05  0.51906664435673E+05  0.17961837945678E+03  0.61780210404433E+03  0.12467373499125E+04 -0.12016494867505E+04 -0.67154554339892E+03  0.11158067500785E+06  0.15758024545446E+04  0.44172567920315E+05  0.54403846529205E+05
  -0.48223307738258E+05  0.74650204383464E+04 -0.19992687327263E+04 -0.18284598440704E+05  0.23938331701917E+04 -0.46026238022232E+04 -0.32858832105889E+04 -0.85126577174287E+05  0.18966677598565E+05  0.26415302820985E+04 -0.63936455266391E+03 -0.70222950106625E+03 -0.61363277768926E+02 -0.19973077543065E+01 -0.39805723626626E+04  0.48138494009622E+03 -0.36225111859039E+04 -0.20667155194453E+04  0.56792633662360E+05 -0.90006465369627E+01  0.88678602206382E+04 -0.12629720376828E+04 -0.37140519022076E+04 -0.10191916513690E+05  0.27346074399839E+04  0.18935260139903E+04  0.72752261746032E+03  0.10930279369559E+05  0.22861853992023E+05  0.15294520747858E+04  0.33482611511774E+04  0.43130672654788E+02  0.57573518585476E+03  0.10920366369025E+04  0.13477557308515E+03  0.60254428727864E+02  0.30852380868427E+04  0.43937614201324E+03  0.27836829572482E+04  0.35464799545670E+04
   0.73246056798218E+04 -0.93167368298813E+03  0.26107782661318E+03  0.33520199808743E+04 -0.34079477148281E+03  0.99897887051474E+03  0.58444276684312E+03  0.25827097503817E+05 -0.65078023987186E+04 -0.63936455266391E+03  0.18042466266930E+03  0.20803577033379E+03  0.14994879935398E+02  0.76746157670318E+00  0.12629780224562E+04 -0.13891261137612E+03  0.10986929006552E+04  0.60410456113822E+03 -0.64420384440131E+04  0.27666884467470E+01 -0.98749996977404E+03  0.21580297931049E+03  0.66788287349440E+03  0.16366987333719E+04 -0.48511750637251E+03 -0.36617452522830E+03 -0.34106476281360E+03 -0.20731838080549E+04 -0.41656089016248E+04 -0.44339856211917E+03 -0.99163161432822E+03 -0.11153242465814E+02 -0.49394098734470E+02 -0.96772444082469E+02 -0.15245372443819E+02 -0.72101152877758E+01 -0.11574625579540E+04 -0.68804600644160E+02 -0.83335584243669E+03 -0.10446570699023E+04
   0.15513984150174E+05 -0.12543860554637E+04  0.48548456170688E+03 -0.13623113310794E+04 -0.42637214426187E+02 -0.70605747577741E+03 -0.21341416442401E+03  0.27317123239888E+05 -0.58840426334702E+04 -0.70222950106625E+03  0.20803577033379E+03  0.18349389649978E+04  0.11888843886501E+03 -0.94493772117222E+00  0.15005752894800E+04 -0.20556805666609E+03  0.16610751457385E+04  0.95907882322765E+03 -0.68357717745279E+04 -0.50958539495420E+01 -0.53112391091167E+03 -0.47187122617116E+01  0.15392866150641E+03 -0.78485903205168E+03 -0.11689535266368E+04  0.27430233178311E-10 -0.77439928103743E+03 -0.52156001206222E+04 -0.48448554042855E-09 -0.25327580594608E+04 -0.74135139447670E+02 -0.83342139784859E+02 -0.21621913660500E+00 -0.85542709643211E-10 -0.18390215691913E+01 -0.79277275084191E+00  0.29938238961953E+03  0.32019185801131E+03 -0.28711117935256E+04  0.23268149769412E-10
   0.17525904124898E+04 -0.14634358418346E+03  0.63662208433702E+02 -0.15620074635872E+03  0.45580312619199E+01 -0.69296456924781E+02 -0.27370532087549E+02  0.18158537276636E+04 -0.32119796621418E+03 -0.61363277768926E+02  0.14994879935398E+02  0.11888843886501E+03  0.10600742954770E+02 -0.18349296369430E+00  0.80802976043707E+02 -0.13403416897657E+02  0.98759979706604E+02  0.61793376875335E+02 -0.32192354505544E+03 -0.43451609375210E+00  0.15896704099614E+02  0.13595617811951E+01  0.19586036426690E+02 -0.81377212297359E+02 -0.17248288013156E+03 -0.28108921908453E-11 -0.29671058031639E+02 -0.61176621873392E+03 -0.75323201952223E-10 -0.15679183898561E+03 -0.19565711787814E+02 -0.66612621840809E+01 -0.15646598229106E+00 -0.51552385069461E-11 -0.19280596401087E+00 -0.75151677970561E-01  0.29779024427780E+02  0.71854977464641E+02 -0.20460187495126E+03  0.60546801230301E-11
  -0.11226621692593E+03  0.13536792174052E+02 -0.50958270136652E+01  0.58920924964282E+02 -0.52850991854156E+01  0.19937842692511E+02  0.10484932457590E+02  0.10521871252895E+03 -0.14582915532808E+02 -0.19973077543065E+01  0.76746157670318E+00 -0.94493772117222E+00 -0.18349296369430E+00  0.58035117849265E-01  0.15568227437568E+02 -0.12080221044654E+01  0.10099046852234E+02  0.48534953324866E+01 -0.85151558528862E+02  0.27134616773507E-01 -0.16825386961627E+02  0.56187559900318E+00  0.14448005777945E+01  0.66285869141956E+01  0.73344840418113E-01 -0.31640756857038E-12 -0.66561611447397E+01 -0.95869512352209E+00 -0.14943015565689E-11 -0.38784799492936E+01 -0.27388308952499E-04 -0.15601987546818E+00  0.13254733093494E-12  0.14577646853740E-12 -0.19099633154448E-02 -0.10496689663427E-02 -0.16555056188635E+01  0.85555440969298E-04 -0.36426762640774E+01 -0.71186196179759E-12
   0.74879889234620E+04  0.66627882423469E+03 -0.39237955917798E+03  0.30596083363226E+05 -0.26072481521346E+04  0.92985948905384E+04  0.48076232416040E+04  0.82401571857127E+05  0.49932288567532E+05 -0.39805723626626E+04  0.12629780224562E+04  0.15005752894800E+04  0.80802976043707E+02  0.15568227437568E+02  0.48740575009018E+05 -0.44727397314785E+04  0.35682784148335E+05  0.18824217394648E+05 -0.54707137777279E+05  0.22176765374856E+01  0.28004515326664E+04 -0.19808015219712E+03 -0.57880097531771E+03 -0.11380949499638E+04 -0.26089015002101E+04 -0.17149812630533E+04 -0.24506209168681E+04  0.19569207750001E+04  0.41793455701523E+04 -0.15235375294664E+04 -0.29626250267772E+04 -0.71495561320848E+03  0.24496699807834E+03  0.43715240900291E+03 -0.28261167046896E+04 -0.15043963292193E+04 -0.24559247340796E+04  0.18003823168861E+03 -0.83574960717422E+03 -0.94189665546005E+03
  -0.19047069197661E+04 -0.52778380027983E+02  0.86854030893959E-01 -0.36977323779642E+04  0.32039892819318E+03 -0.11529728932028E+04 -0.60479801155462E+03 -0.10445665914502E+05 -0.23536080329744E+04  0.48138494009622E+03 -0.13891261137612E+03 -0.20556805666609E+03 -0.13403416897657E+02 -0.12080221044654E+01 -0.44727397314785E+04  0.47841386439110E+03 -0.37619846786406E+04 -0.20622048015504E+04  0.63944613536474E+04 -0.87053910010653E+00 -0.42137798774090E+03  0.19503857555938E+02  0.49125335804584E+02  0.10987806170923E+03  0.47935866467951E+03  0.30075766298514E+03  0.28100892860826E+03 -0.15756842850794E+03 -0.46843521605766E+03  0.15695415922475E+03  0.30418731633411E+03  0.78287020074152E+02 -0.64956216095584E+02 -0.11444135415551E+03  0.42780118665580E+03  0.21174399457943E+03 -0.28674180785129E+03 -0.32140372105001E+02  0.23895603326707E+03  0.26782008948918E+03
   0.10824282368661E+05  0.17652928278049E+03 -0.18192524672158E+03  0.27560874030631E+05 -0.22933700030092E+04  0.85266688243422E+04  0.42970548000589E+04  0.85201212876243E+05  0.17166758910766E+05 -0.36225111859039E+04  0.10986929006552E+04  0.16610751457385E+04  0.98759979706604E+02  0.10099046852234E+02  0.35682784148335E+05 -0.37619846786406E+04  0.30022469989096E+05  0.16315870391825E+05 -0.49417909324726E+05  0.11950310958211E+01  0.30419551453652E+04 -0.24709211977365E+03 -0.67146567320856E+03 -0.13056329705424E+04 -0.27537509979359E+04 -0.17682889547266E+04 -0.24979602579214E+04  0.21039675018326E+04  0.45551616478470E+04 -0.12947934956557E+04 -0.25288833039377E+04 -0.62020028801805E+03  0.91319543633670E+02  0.17687360802927E+03 -0.27225985238195E+04 -0.14599847083928E+04  0.14251227476204E+04  0.23336888602137E+03 -0.17101816991169E+04 -0.19000313265532E+04
   0.78463764712194E+04  0.10101948578879E+03 -0.23840007444353E+02  0.15624576938860E+05 -0.13182114978026E+04  0.48997380031946E+04  0.25012221326549E+04  0.46542501232289E+05  0.84624446723583E+04 -0.20667155194453E+04  0.60410456113822E+03  0.95907882322765E+03  0.61793376875335E+02  0.48534953324866E+01  0.18824217394648E+05 -0.20622048015504E+04  0.16315870391825E+05  0.89808441692402E+04 -0.27812169327835E+05  0.20789705134451E+01  0.18841463660549E+04 -0.13061515886005E+03 -0.33156666475795E+03 -0.67144917004789E+03 -0.19321265403154E+04 -0.12089767406487E+04 -0.12706991770804E+04  0.98821848077657E+03  0.25069387044485E+04 -0.66475733010409E+03 -0.12992940778006E+04 -0.34505412741223E+03  0.11912854353490E+03  0.21998553533851E+03 -0.17633249114266E+04 -0.90881003810631E+03  0.15020616927177E+04  0.16272766365225E+03 -0.11844154748468E+04 -0.13168837113058E+04
  -0.74171168573315E+07  0.25458665924536E+07 -0.37179327031015E+06 -0.22101323446701E+07  0.48819555784097E+06 -0.67254971087724E+05 -0.25005745021199E+06 -0.56801612494383E+06 -0.26987867871207E+05  0.56792633662360E+05 -0.64420384440131E+04 -0.68357717745279E+04 -0.32192354505544E+03 -0.85151558528862E+02 -0.54707137777279E+05  0.63944613536474E+04 -0.49417909324726E+05 -0.27812169327835E+05  0.32510846993192E+08  0.64453919937005E+04  0.26203249488010E+07 -0.15621341256925E+06 -0.47510776449013E+06 -0.20662426907128E+07  0.33661654765787E+05  0.74833883400764E+05 -0.11585299895574E+04  0.56004750352858E+06  0.27307637405036E+07  0.17567967565810E+05  0.31275840060179E+05  0.22914877590482E+03  0.18204114752879E+06  0.79483752101853E+06  0.24542373463123E+05  0.77535009555684E+04 -0.18611758035189E+05  0.43867404900149E+05  0.20414929158043E+05  0.62829452646051E+05
  -0.13883372816854E+04  0.56230993843638E+03 -0.71702662585715E+02 -0.20760201847688E+03  0.66769559548628E+02  0.53079552903012E+02 -0.10389736525244E+01  0.37468186452727E+03 -0.91750062474553E+02 -0.90006465369627E+01  0.27666884467470E+01 -0.50958539495420E+01 -0.43451609375210E+00  0.27134616773507E-01  0.22176765374856E+01 -0.87053910010653E+00  0.11950310958211E+01  0.20789705134451E+01  0.64453919937005E+04  0.23687696991477E+01  0.57427309097479E+03 -0.25716794465983E+02 -0.80373833851935E+02 -0.41886808977376E+03  0.00000000000000E+00 -0.26017976458004E+02  0.00000000000000E+00  0.00000000000000E+00  0.40827584673160E+03  0.00000000000000E+00 -0.71685606347451E+01  0.00000000000000E+00  0.00000000000000E+00  0.21674794633889E+03  0.00000000000000E+00  0.00000000000000E+00  0.00000000000000E+00  0.12019362631698E+02  0.00000000000000E+00 -0.27201641289857E+02
  -0.80691952181822E+06  0.23562960507659E+06 -0.39440182811761E+05 -0.23049570615649E+06  0.48533357127263E+05 -0.15458828785333E+05 -0.30876285685838E+05 -0.94605787292014E+05  0.75960629657257E+03  0.88678602206382E+04 -0.98749996977404E+03 -0.53112391091167E+03  0.15896704099614E+02 -0.16825386961627E+02  0.28004515326664E+04 -0.42137798774090E+03  0.30419551453652E+04  0.18841463660549E+04  0.26203249488010E+07  0.57427309097479E+03  0.38054096053444E+06 -0.27832615156169E+05 -0.77566093309887E+05 -0.32012975682564E+06  0.00000000000000E+00  0.17824734467518E+05  0.00000000000000E+00  0.00000000000000E+00  0.43262877543190E+06  0.00000000000000E+00 -0.43256501255562E+04  0.00000000000000E+00  0.00000000000000E+00  0.89350507261968E+05  0.00000000000000E+00  0.00000000000000E+00  0.00000000000000E+00 -0.15428159713544E+05  0.00000000000000E+00  0.14682380195099E+05
   0.54008279569257E+05 -0.11748796371187E+05  0.25140787877059E+04  0.19555325744848E+05 -0.36632057279167E+04  0.24539281831557E+04  0.30347181579431E+04  0.27646404049777E+05 -0.56049843280347E+04 -0.12629720376828E+04  0.21580297931049E+03 -0.47187122617116E+01  0.13595617811951E+01  0.56187559900318E+00 -0.19808015219712E+03  0.19503857555938E+02 -0.24709211977365E+03 -0.13061515886005E+03 -0.15621341256925E+06 -0.25716794465983E+02 -0.27832615156169E+05  0.26284042726295E+04  0.70470402254925E+04  0.26535795472628E+05 -0.52373314920938E+02 -0.20312615622746E+04  0.21890450493973E+01  0.49963316177544E+03 -0.40470434023226E+05  0.00000000000000E+00 -0.15268054730347E+03  0.00000000000000E+00  0.22941716128144E+04 -0.45787476369804E+04  0.00000000000000E+00  0.00000000000000E+00  0.00000000000000E+00  0.14516498424315E+04 -0.39828664495379E+03 -0.27219040762642E+04
   0.17301751272352E+06 -0.41448366094119E+05  0.80798659976210E+04  0.54860664294278E+05 -0.10276303311664E+05  0.67717612547968E+04  0.83363870565537E+04  0.87445400711313E+05 -0.18833211652360E+05 -0.37140519022076E+04  0.66788287349440E+03  0.15392866150641E+03  0.19586036426690E+02  0.14448005777945E+01 -0.57880097531771E+03  0.49125335804584E+02 -0.67146567320856E+03 -0.33156666475795E+03 -0.47510776449013E+06 -0.80373833851935E+02 -0.77566093309887E+05  0.70470402254925E+04  0.19556390043903E+05  0.72447366045871E+05 -0.16319725302433E+03 -0.51050196714931E+04 -0.50719569575256E+02 -0.67540981068377E+04 -0.11252395219383E+06  0.00000000000000E+00 -0.38105132943560E+03  0.00000000000000E+00  0.31737680200539E+04 -0.14735296611343E+05  0.00000000000000E+00  0.00000000000000E+00  0.00000000000000E+00  0.36498295054616E+04 -0.21703939607719E+04 -0.80099983167869E+04
   0.60917082937959E+06 -0.16758558768170E+06  0.29349364776635E+05  0.20118454801537E+06 -0.40140738227907E+05  0.18406379824351E+05  0.28224500226989E+05  0.20630270782231E+06 -0.39616778285988E+05 -0.10191916513690E+05  0.16366987333719E+04 -0.78485903205168E+03 -0.81377212297359E+02  0.66285869141956E+01 -0.11380949499638E+04  0.10987806170923E+03 -0.13056329705424E+04 -0.67144917004789E+03 -0.20662426907128E+07 -0.41886808977376E+03 -0.32012975682564E+06  0.26535795472628E+05  0.72447366045871E+05  0.29611336981609E+06  0.25427513451598E+03 -0.23247261009022E+05 -0.66453789227634E+01  0.37933438244510E+05 -0.40878794977356E+06  0.00000000000000E+00 -0.17842164202937E+04  0.00000000000000E+00  0.16063155567927E+05 -0.66563478202615E+05  0.00000000000000E+00  0.00000000000000E+00  0.00000000000000E+00  0.17198999492652E+05  0.15742160391127E+04 -0.25312754812237E+05
  -0.12679419950566E+06  0.16565160132141E+05 -0.55588195822702E+04 -0.12769794426763E+05  0.19985681607389E+04 -0.28116567346132E+04 -0.24947579362938E+04 -0.60426751360490E+05  0.11429635039533E+05  0.27346074399839E+04 -0.48511750637251E+03 -0.11689535266368E+04 -0.17248288013156E+03  0.73344840418113E-01 -0.26089015002101E+04  0.47935866467951E+03 -0.27537509979359E+04 -0.19321265403154E+04  0.33661654765787E+05  0.00000000000000E+00  0.00000000000000E+00 -0.52373314920938E+02 -0.16319725302433E+03  0.25427513451598E+03  0.11624954350735E+06  0.00000000000000E+00  0.00000000000000E+00  0.00000000000000E+00  0.00000000000000E+00  0.00000000000000E+00  0.00000000000000E+00  0.00000000000000E+00  0.00000000000000E+00  0.00000000000000E+00  0.00000000000000E+00  0.00000000000000E+00  0.00000000000000E+00  0.00000000000000E+00  0.00000000000000E+00  0.00000000000000E+00
  -0.53782683297326E+05  0.81909965362520E+04 -0.23726073865500E+04 -0.21138789355129E+05  0.33680163500526E+04 -0.43135323093312E+04 -0.39117297562513E+04 -0.48588752536549E+05  0.10825868230438E+05  0.18935260139903E+04 -0.36617452522830E+03  0.27430233178311E-10 -0.28108921908453E-11 -0.31640756857038E-12 -0.17149812630533E+04  0.30075766298514E+03 -0.17682889547266E+04 -0.12089767406487E+04  0.74833883400764E+05 -0.26017976458004E+02  0.17824734467518E+05 -0.20312615622746E+04 -0.51050196714931E+04 -0.23247261009022E+05  0.00000000000000E+00  0.64546900764982E+05  0.00000000000000E+00  0.00000000000000E+00  0.00000000000000E+00  0.00000000000000E+00  0.00000000000000E+00  0.00000000000000E+00  0.00000000000000E+00  0.00000000000000E+00  0.00000000000000E+00  0.00000000000000E+00  0.00000000000000E+00  0.00000000000000E+00  0.00000000000000E+00  0.00000000000000E+00
  -0.43524310389204E+04 -0.24081508458956E+03  0.51785496755559E+02 -0.67058710960500E+02 -0.56080282461470E+02  0.15291446177090E+03  0.13570558823248E+03 -0.66775845292860E+05  0.24100540502887E+05  0.72752261746032E+03 -0.34106476281360E+03 -0.77439928103743E+03 -0.29671058031639E+02 -0.66561611447397E+01 -0.24506209168681E+04  0.28100892860826E+03 -0.24979602579214E+04 -0.12706991770804E+04 -0.11585299895574E+04  0.00000000000000E+00  0.00000000000000E+00  0.21890450493973E+01 -0.50719569575256E+02 -0.66453789227634E+01  0.00000000000000E+00  0.00000000000000E+00  0.30649476774310E+05  0.00000000000000E+00  0.00000000000000E+00  0.00000000000000E+00  0.00000000000000E+00  0.00000000000000E+00  0.00000000000000E+00  0.00000000000000E+00  0.00000000000000E+00  0.00000000000000E+00  0.00000000000000E+00  0.00000000000000E+00  0.00000000000000E+00  0.00000000000000E+00
  -0.83698059941979E+06  0.20916335064892E+06 -0.39138637779061E+05 -0.65680410925653E+05  0.11958506298458E+05 -0.88373366747175E+04 -0.10076462942878E+05 -0.28048140666935E+06  0.65437847201146E+05  0.10930279369559E+05 -0.20731838080549E+04 -0.52156001206222E+04 -0.61176621873392E+03 -0.95869512352209E+00  0.19569207750001E+04 -0.15756842850794E+03  0.21039675018326E+04  0.98821848077657E+03  0.56004750352858E+06  0.00000000000000E+00  0.00000000000000E+00  0.49963316177544E+03 -0.67540981068377E+04  0.37933438244510E+05  0.00000000000000E+00  0.00000000000000E+00  0.00000000000000E+00  0.57738487347896E+06  0.00000000000000E+00  0.00000000000000E+00  0.00000000000000E+00  0.00000000000000E+00  0.00000000000000E+00  0.00000000000000E+00  0.00000000000000E+00  0.00000000000000E+00  0.00000000000000E+00  0.00000000000000E+00  0.00000000000000E+00  0.00000000000000E+00
  -0.10833888382909E+07  0.26323997937523E+06 -0.50836411820627E+05 -0.34052064555222E+06  0.63076739974276E+05 -0.43740838084575E+05 -0.52604103381857E+05 -0.55650154601759E+06  0.12569712099955E+06  0.22861853992023E+05 -0.41656089016248E+04 -0.48448554042855E-09 -0.75323201952223E-10 -0.14943015565689E-11  0.41793455701523E+04 -0.46843521605766E+03  0.45551616478470E+04  0.25069387044485E+04  0.27307637405036E+07  0.40827584673160E+03  0.43262877543190E+06 -0.40470434023226E+05 -0.11252395219383E+06 -0.40878794977356E+06  0.00000000000000E+00  0.00000000000000E+00  0.00000000000000E+00  0.00000000000000E+00  0.91720162432646E+06  0.00000000000000E+00  0.00000000000000E+00  0.00000000000000E+00  0.00000000000000E+00  0.00000000000000E+00  0.00000000000000E+00  0.00000000000000E+00  0.00000000000000E+00  0.00000000000000E+00  0.00000000000000E+00  0.00000000000000E+00
  -0.20555146139638E+05  0.58033202878571E+04 -0.10078331635483E+04 -0.14140645405608E+04  0.33962039223735E+03 -0.28452272285175E+01 -0.17137764870967E+03 -0.72553874815223E+05  0.23159836594416E+05  0.15294520747858E+04 -0.44339856211917E+03 -0.25327580594608E+04 -0.15679183898561E+03 -0.38784799492936E+01 -0.15235375294664E+04  0.15695415922475E+03 -0.12947934956557E+04 -0.66475733010409E+03  0.17567967565810E+05  0.00000000000000E+00  0.00000000000000E+00  0.00000000000000E+00  0.00000000000000E+00  0.00000000000000E+00  0.00000000000000E+00  0.00000000000000E+00  0.00000000000000E+00  0.00000000000000E+00  0.00000000000000E+00  0.14760168310941E+05  0.00000000000000E+00  0.00000000000000E+00  0.00000000000000E+00  0.00000000000000E+00  0.00000000000000E+00  0.00000000000000E+00  0.00000000000000E+00  0.00000000000000E+00  0.00000000000000E+00  0.00000000000000E+00
  -0.46327669230672E+05  0.13227294783264E+05 -0.22815063599350E+04 -0.24892906469131E+04  0.57835567470884E+03 -0.34449259158163E+02 -0.29207824494469E+03 -0.16225558206259E+06  0.51906664435673E+05  0.33482611511774E+04 -0.99163161432822E+03 -0.74135139447670E+02 -0.19565711787814E+02 -0.27388308952499E-04 -0.29626250267772E+04  0.30418731633411E+03 -0.25288833039377E+04 -0.12992940778006E+04  0.31275840060179E+05 -0.71685606347451E+01 -0.43256501255562E+04 -0.15268054730347E+03 -0.38105132943560E+03 -0.17842164202937E+04  0.00000000000000E+00  0.00000000000000E+00  0.00000000000000E+00  0.00000000000000E+00  0.00000000000000E+00  0.00000000000000E+00  0.31789147791414E+05  0.00000000000000E+00  0.00000000000000E+00  0.00000000000000E+00  0.00000000000000E+00  0.00000000000000E+00  0.00000000000000E+00  0.00000000000000E+00  0.00000000000000E+00  0.00000000000000E+00
  -0.30755309939939E+04  0.42098299844628E+03 -0.11912198521217E+03 -0.74028800600729E+02  0.95704609189198E+01 -0.19553720088325E+02 -0.13761126671568E+02 -0.13297782446938E+04  0.17961837945678E+03  0.43130672654788E+02 -0.11153242465814E+02 -0.83342139784859E+02 -0.66612621840809E+01 -0.15601987546818E+00 -0.71495561320848E+03  0.78287020074152E+02 -0.62020028801805E+03 -0.34505412741223E+03  0.22914877590482E+03  0.00000000000000E+00  0.00000000000000E+00  0.00000000000000E+00  0.00000000000000E+00  0.00000000000000E+00  0.00000000000000E+00  0.00000000000000E+00  0.00000000000000E+00  0.00000000000000E+00  0.00000000000000E+00  0.00000000000000E+00  0.00000000000000E+00  0.37858595808204E+04  0.00000000000000E+00  0.00000000000000E+00  0.00000000000000E+00  0.00000000000000E+00  0.00000000000000E+00  0.00000000000000E+00  0.00000000000000E+00  0.00000000000000E+00
  -0.19826694714371E+06  0.63434965381944E+05 -0.99582214991553E+04 -0.11729908391088E+05  0.29804421965029E+04  0.33833241866392E+03 -0.10728664396441E+04 -0.56880413149896E+04  0.61780210404433E+03  0.57573518585476E+03 -0.49394098734470E+02 -0.21621913660500E+00 -0.15646598229106E+00  0.13254733093494E-12  0.24496699807834E+03 -0.64956216095584E+02  0.91319543633670E+02  0.11912854353490E+03  0.18204114752879E+06  0.00000000000000E+00  0.00000000000000E+00  0.22941716128144E+04  0.31737680200539E+04  0.16063155567927E+05  0.00000000000000E+00  0.00000000000000E+00  0.00000000000000E+00  0.00000000000000E+00  0.00000000000000E+00  0.00000000000000E+00  0.00000000000000E+00  0.00000000000000E+00  0.10550397324118E+06  0.00000000000000E+00  0.00000000000000E+00  0.00000000000000E+00  0.00000000000000E+00  0.00000000000000E+00  0.00000000000000E+00  0.00000000000000E+00
  -0.22375080024101E+06  0.71008307958005E+05 -0.11204812626712E+05 -0.52602626982113E+05  0.13154197402534E+05  0.11466422721800E+04 -0.49706793080813E+04 -0.11164841264051E+05  0.12467373499125E+04  0.10920366369025E+04 -0.96772444082469E+02 -0.85542709643211E-10 -0.51552385069461E-11  0.14577646853740E-12  0.43715240900291E+03 -0.11444135415551E+03  0.17687360802927E+03  0.21998553533851E+03  0.79483752101853E+06  0.21674794633889E+03  0.89350507261968E+05 -0.45787476369804E+04 -0.14735296611343E+05 -0.66563478202615E+05  0.00000000000000E+00  0.00000000000000E+00  0.00000000000000E+00  0.00000000000000E+00  0.00000000000000E+00  0.00000000000000E+00  0.00000000000000E+00  0.00000000000000E+00  0.00000000000000E+00  0.13859662355750E+06  0.00000000000000E+00  0.00000000000000E+00  0.00000000000000E+00  0.00000000000000E+00  0.00000000000000E+00  0.00000000000000E+00
  -0.90931906778218E+04  0.24657668597569E+04 -0.43702638132332E+03 -0.25097693812195E+04  0.48258997158605E+03 -0.27257231560275E+03 -0.37433368762188E+03  0.80820489644375E+02 -0.12016494867505E+04  0.13477557308515E+03 -0.15245372443819E+02 -0.18390215691913E+01 -0.19280596401087E+00 -0.19099633154448E-02 -0.28261167046896E+04  0.42780118665580E+03 -0.27225985238195E+04 -0.17633249114266E+04  0.24542373463123E+05  0.00000000000000E+00  0.00000000000000E+00  0.00000000000000E+00  0.00000000000000E+00  0.00000000000000E+00  0.00000000000000E+00  0.00000000000000E+00  0.00000000000000E+00  0.00000000000000E+00  0.00000000000000E+00  0.00000000000000E+00  0.00000000000000E+00  0.00000000000000E+00  0.00000000000000E+00  0.00000000000000E+00  0.83073306776324E+04  0.00000000000000E+00  0.00000000000000E+00  0.00000000000000E+00  0.00000000000000E+00  0.00000000000000E+00
  -0.32232505102281E+04  0.78378002343127E+03 -0.15225281913878E+03 -0.98039119711416E+03  0.17911783939989E+03 -0.13747205066513E+03 -0.15777736743692E+03  0.17088137707411E+03 -0.67154554339892E+03  0.60254428727864E+02 -0.72101152877758E+01 -0.79277275084191E+00 -0.75151677970561E-01 -0.10496689663427E-02 -0.15043963292193E+04  0.21174399457943E+03 -0.14599847083928E+04 -0.90881003810631E+03  0.77535009555684E+04  0.00000000000000E+00  0.00000000000000E+00  0.00000000000000E+00  0.00000000000000E+00  0.00000000000000E+00  0.00000000000000E+00  0.00000000000000E+00  0.00000000000000E+00  0.00000000000000E+00  0.00000000000000E+00  0.00000000000000E+00  0.00000000000000E+00  0.00000000000000E+00  0.00000000000000E+00  0.00000000000000E+00  0.00000000000000E+00  0.42621382895711E+04  0.00000000000000E+00  0.00000000000000E+00  0.00000000000000E+00  0.00000000000000E+00
  -0.14843094447088E+05 -0.23705469216537E+04  0.56492416048524E+02 -0.94754100633898E+04  0.33349650509839E+03 -0.30304418933582E+04 -0.12728841247591E+04 -0.26185575728322E+06  0.11158067500785E+06  0.30852380868427E+04 -0.11574625579540E+04  0.29938238961953E+03  0.29779024427780E+02 -0.16555056188635E+01 -0.24559247340796E+04 -0.28674180785129E+03  0.14251227476204E+04  0.15020616927177E+04 -0.18611758035189E+05  0.00000000000000E+00  0.00000000000000E+00  0.00000000000000E+00  0.00000000000000E+00  0.00000000000000E+00  0.00000000000000E+00  0.00000000000000E+00  0.00000000000000E+00  0.00000000000000E+00  0.00000000000000E+00  0.00000000000000E+00  0.00000000000000E+00  0.00000000000000E+00  0.00000000000000E+00  0.00000000000000E+00  0.00000000000000E+00  0.00000000000000E+00  0.12383387823477E+06  0.00000000000000E+00  0.00000000000000E+00  0.00000000000000E+00
   0.16562870190302E+05 -0.22385226275348E+04  0.72746202031229E+03 -0.15684905248817E+05  0.24958693596642E+04 -0.33675572371582E+04 -0.31569453768776E+04 -0.85660162763565E+04  0.15758024545446E+04  0.43937614201324E+03 -0.68804600644160E+02  0.32019185801131E+03  0.71854977464641E+02  0.85555440969298E-04  0.18003823168861E+03 -0.32140372105001E+02  0.23336888602137E+03  0.16272766365225E+03  0.43867404900149E+05  0.12019362631698E+02 -0.15428159713544E+05  0.14516498424315E+04  0.36498295054616E+04  0.17198999492652E+05  0.00000000000000E+00  0.00000000000000E+00  0.00000000000000E+00  0.00000000000000E+00  0.00000000000000E+00  0.00000000000000E+00  0.00000000000000E+00  0.00000000000000E+00  0.00000000000000E+00  0.00000000000000E+00  0.00000000000000E+00  0.00000000000000E+00  0.00000000000000E+00  0.39283500275958E+05  0.00000000000000E+00  0.00000000000000E+00
  -0.70442335796306E+05  0.85338207631519E+04 -0.25688236317129E+04 -0.71862458326075E+04  0.81888373219079E+03 -0.18465059689548E+04 -0.11469536071945E+04 -0.13671737242624E+06  0.44172567920315E+05  0.27836829572482E+04 -0.83335584243669E+03 -0.28711117935256E+04 -0.20460187495126E+03 -0.36426762640774E+01 -0.83574960717422E+03  0.23895603326707E+03 -0.17101816991169E+04 -0.11844154748468E+04  0.20414929158043E+05  0.00000000000000E+00  0.00000000000000E+00 -0.39828664495379E+03 -0.21703939607719E+04  0.15742160391127E+04  0.00000000000000E+00  0.00000000000000E+00  0.00000000000000E+00  0.00000000000000E+00  0.00000000000000E+00  0.00000000000000E+00  0.00000000000000E+00  0.00000000000000E+00  0.00000000000000E+00  0.00000000000000E+00  0.00000000000000E+00  0.00000000000000E+00  0.00000000000000E+00  0.00000000000000E+00  0.94905812972564E+05  0.00000000000000E+00
  -0.55602987147546E+05  0.71602884278058E+04 -0.20840874896487E+04 -0.21270420902338E+05  0.25156871658259E+04 -0.53239094024218E+04 -0.34173160972658E+04 -0.17004932523944E+06  0.54403846529205E+05  0.35464799545670E+04 -0.10446570699023E+04  0.23268149769412E-10  0.60546801230301E-11 -0.71186196179759E-12 -0.94189665546005E+03  0.26782008948918E+03 -0.19000313265532E+04 -0.13168837113058E+04  0.62829452646051E+05 -0.27201641289857E+02  0.14682380195099E+05 -0.27219040762642E+04 -0.80099983167869E+04 -0.25312754812237E+05  0.00000000000000E+00  0.00000000000000E+00  0.00000000000000E+00  0.00000000000000E+00  0.00000000000000E+00  0.00000000000000E+00  0.00000000000000E+00  0.00000000000000E+00  0.00000000000000E+00  0.00000000000000E+00  0.00000000000000E+00  0.00000000000000E+00  0.00000000000000E+00  0.00000000000000E+00  0.00000000000000E+00  0.99557043744676E+05

 # Covariance matrix (Bevington epsilon)
