# fitpack15: fit parameters                                                                         
# CJ15 AV18 final data choices                                                                      
# Created on 03/01/2019 at 10:44:38                                                                 

 # QCD setup
  INS                           0
  NVL                          11
  IORD                          1
  Q02                   1.6899999999999999     
  IPARAMC                       7
  FLAVOR                5.0000000000000000     
  xmc                   1.3000000000000000     
  xmb                   4.5000000000000000     
  ncb                          12
  ihq                           1
  ias                           0

 # Theory corrections
  inuke                     10814
  itmc                          1
  iht                           1

 # fit parameters
 LAMBDA       0.22680        0.0000    
 a0uv          1.8869        0.0000    
 a1uv         0.56060       0.24227E-01
 a2uv          3.5657       0.11097E-01
 a3uv          0.0000        0.0000    
 a4uv          4.7847       0.66907    
 a5uv          0.0000        0.0000    
 a0dv          24.136        0.0000    
 a1dv          1.1484       0.32945E-01
 a2dv          6.5907       0.15900    
 a3dv         -3.5436       0.85491E-01
 a4dv          4.7786       0.14090    
 a5dv          0.0000        0.0000    
 a0ud         0.14136       0.49737E-02
 a1ud        -0.21114       0.38239E-02
 a2ud          8.4443       0.18863    
 a3ud          0.0000        0.0000    
 a4ud          15.808        1.2815    
 a5ud          0.0000        0.0000    
 a0du          35712.        0.0000    
 a1du          4.0922       0.86012E-01
 a2du          20.193       0.95250    
 a3du          17.000        0.0000    
 a4du          52.748        10.861    
 a0g           45.247        0.0000    
 a1g          0.60163       0.32314E-01
 a2g           6.5851       0.96435    
 a3g          -3.3482       0.14369    
 a4g           3.3130       0.35871    
 a5g           0.0000        0.0000    
 kappa        0.40000        0.0000    
 a6dv        -0.38175E-02   0.67542E-03
 a7dv          2.0000        0.0000    
 off1         -3.4911        1.5724    
 off2         0.42300E-01   0.30386E-01
 ht1          -3.9812       0.35445    
 ht2           2.1536       0.12008    
 ht3          -2.0607       0.21958E-01
 ht4           0.0000        0.0000    
 dummy40       0.0000        0.0000    
 dummy41       0.0000        0.0000    
 dummy42       0.0000        0.0000    
 dummy43       0.0000        0.0000    
 dummy44       0.0000        0.0000    
 dummy45       0.0000        0.0000    
 dummy46       0.0000        0.0000    
 dummy47       0.0000        0.0000    
 dummy48       0.0000        0.0000    
 dummy49       0.0000        0.0000    
 bcdmsh2      0.96811       0.50504E-02
 bcdmsd2      0.98795       0.60037E-02
 ccfr          1.0000        0.0000    
 nutev         1.0000        0.0000    
 zeus         0.97998        0.0000    
 h1            1.0162        0.0000    
 e605          1.0319        0.0000    
 NmcH2         1.0044       0.72475E-02
 ntv_nu        1.0000        0.0000    
 ntv_nubar     1.0000        0.0000    
 cdf_jet      0.98910        0.0000    
 d0_jet       0.83504        0.0000    
 slac_p        1.0001       0.52114E-02
 slac_d       0.99899       0.56705E-02
 e866pp       0.97736       0.20314E-01
 e866pd       0.96280       0.16308E-01
 d0_gamjet     1.0355       0.16464E-01
 h1b          0.97608        0.0000    
 jlab_p       0.99439        0.0000    
 jlab_d       0.97560        0.0000    
 blank         1.0000        0.0000    
 d0run2       0.94591       0.14412E-01
 cdfrun2      0.93325       0.17459E-01
 HERA_el       1.0000        0.0000    
 HERA_ps       1.0000        0.0000    
 CDF_Z        0.95628       0.67699E-02
 NmcRat        1.0000        0.0000    
 BNS_F2nd     0.98244        0.0000    
 HERMES_F2p   0.99336       0.58777E-02
 HERMES_F2d   0.97549       0.61268E-02
 END 0. 0.

 # Hessian matrix (Bevington alpha)
   0.44326026764785E+07 -0.10842241588078E+07  0.15876507336999E+06  0.39760123024040E+06 -0.10272444199435E+06 -0.22144649776224E+05  0.45880346769096E+05  0.97368553018994E+06 -0.18337442460111E+06 -0.47705827706911E+05  0.71329817213560E+04  0.15129532976175E+05  0.16788533482546E+04 -0.10981717320695E+03  0.11204985129306E+05 -0.25546646306995E+04  0.11242481351710E+05  0.83995029380751E+04 -0.58332654736013E+07 -0.15192717710245E+04 -0.28334527369730E+06  0.44345759556316E+05  0.13578942645761E+06  0.43671250416617E+06 -0.13346980030460E+06 -0.56529563674845E+05 -0.54209686365630E+04 -0.87709725519714E+06 -0.11358289398177E+07 -0.21185539319471E+05 -0.48105825252002E+05 -0.32246756103564E+04 -0.91610422566718E+04 -0.32293809603337E+04 -0.18834308526377E+05 -0.75365770515737E+05 -0.59266226190898E+05
  -0.10842241588078E+07  0.33545503393067E+06 -0.39716252074745E+05 -0.10291828927649E+06  0.26540637686755E+05  0.84641726163287E+04 -0.87624339815166E+04 -0.11774167216572E+06  0.25649223474333E+05  0.65865523089604E+04 -0.81096990301698E+03 -0.11740866002927E+04 -0.13477499004697E+03  0.13136691325040E+02  0.36650767213825E+03  0.31059503404354E+02  0.11323608160622E+03 -0.19090968232935E+02  0.19614435507336E+07  0.56546224307535E+03  0.77734227312549E+05 -0.91108523312850E+04 -0.29426225211747E+05 -0.11136308230807E+06  0.16852477857344E+05  0.83115515787272E+04 -0.19047624288475E+03  0.21169147584724E+06  0.26710005004335E+06  0.57664918351560E+04  0.13268248147260E+05  0.42101516802866E+03  0.24041991401260E+04  0.76042139077857E+03 -0.21680344583960E+04  0.87471945746846E+04  0.73188710480492E+04
   0.15876507336999E+06 -0.39716252074745E+05  0.57318541280428E+04  0.13931846594143E+05 -0.37202702621789E+04 -0.10395710697154E+04  0.15591326497670E+04  0.26344442462714E+05 -0.48467250721647E+04 -0.15105744946721E+04  0.19621942460060E+03  0.39913098124939E+03  0.50086621818670E+02 -0.40569588942669E+01 -0.21960544790913E+03 -0.20894565182408E+02 -0.10197703438597E+03  0.20119716574425E+02 -0.21426060362008E+06 -0.56501606120688E+02 -0.10239898706250E+05  0.15609062377633E+04  0.47502279085491E+04  0.15604135833076E+05 -0.45457772059336E+04 -0.19254980539888E+04  0.14100905422199E+02 -0.30851591989377E+05 -0.40129924338927E+05 -0.77261775508916E+03 -0.17608303498203E+04 -0.97704050693396E+02 -0.32947312719631E+03 -0.11512774278439E+03 -0.87428719112808E+02 -0.21750500759576E+04 -0.17488181006550E+04
   0.39760123024040E+06 -0.10291828927649E+06  0.13931846594143E+05  0.37193482237274E+06 -0.55916890885435E+05  0.73731754951247E+05  0.60531667610868E+05  0.35459915941365E+06 -0.26604473200726E+05 -0.17592819752492E+05  0.31060051209688E+04 -0.13124767649579E+04 -0.12876026014655E+03  0.57176725704569E+02  0.31565059068620E+05 -0.39117655510813E+04  0.25704101074085E+05  0.14732100068698E+05 -0.18411614201344E+07 -0.26793719111410E+03 -0.86252937962676E+05  0.15989809484315E+05  0.44451715216939E+05  0.15534337864955E+06 -0.12917877459447E+05 -0.21411159411690E+05 -0.71502336640431E+02 -0.66536572438993E+05 -0.34451445900197E+06 -0.13595098946268E+04 -0.24999360393373E+04 -0.68654385211069E+02 -0.24493345198170E+04 -0.95118683706198E+03 -0.10053395074892E+05 -0.73189050499539E+04 -0.21664575906848E+05
  -0.10272444199435E+06  0.26540637686755E+05 -0.37202702621789E+04 -0.55916890885435E+05  0.10016702453004E+05 -0.74805749972174E+04 -0.84411359426353E+04 -0.31526095065985E+05  0.25687211264127E+03  0.22070663195036E+04 -0.30229788298314E+03 -0.28720166068186E+02  0.26194737700097E+01 -0.51050740848266E+01 -0.26892076311396E+04  0.34415943650008E+03 -0.21156242858031E+04 -0.12396193754507E+04  0.39025799383706E+06  0.73493972822793E+02  0.17116805275206E+05 -0.28599837935053E+04 -0.78167054098501E+04 -0.28933660989056E+05  0.20059855310452E+04  0.33805188038732E+04 -0.58234453330319E+02  0.11926811093121E+05  0.62978699165001E+05  0.32280911266422E+03  0.57250373827576E+03  0.86443092113683E+01  0.46515857194589E+03  0.17188881501767E+03  0.37943716871467E+03  0.82194334696680E+03  0.25283278453228E+04
  -0.22144649776224E+05  0.84641726163287E+04 -0.10395710697154E+04  0.73731754951247E+05 -0.74805749972174E+04  0.23573408497827E+05  0.14113132831224E+05  0.10879644810225E+06 -0.10112841856699E+05 -0.44883916044763E+04  0.93282823130837E+03 -0.66822163324584E+03 -0.58760800082993E+02  0.19174588879024E+02  0.94881376368131E+04 -0.11953663418186E+04  0.78772525477904E+04  0.45589868677236E+04 -0.60696064065098E+05  0.40082902346869E+02 -0.70813133903106E+04  0.21205628333636E+04  0.61456047055767E+04  0.17009430401387E+05 -0.27267805172266E+04 -0.41878516923175E+04  0.14847786288877E+03 -0.85013514660130E+04 -0.41611597861282E+05  0.10216079827093E+02 -0.16532179561963E+02 -0.18176442373955E+02 -0.24610312086511E+03 -0.12560798250817E+03 -0.31674502295080E+04 -0.18557031054596E+04 -0.53378892815745E+04
   0.45880346769096E+05 -0.87624339815166E+04  0.15591326497670E+04  0.60531667610868E+05 -0.84411359426353E+04  0.14113132831224E+05  0.10727822582040E+05  0.59059267292515E+05 -0.31887896318183E+04 -0.31315495671322E+04  0.53462524273681E+03 -0.20753722000140E+03 -0.21577544017131E+02  0.10078033227784E+02  0.49052645427170E+04 -0.63116708365366E+03  0.39479640999779E+04  0.23229919477844E+04 -0.20425573309599E+06 -0.12529408972032E+02 -0.11930444360124E+05  0.24893807106735E+04  0.69229391995809E+04  0.22481733374006E+05 -0.24484415602629E+04 -0.38426354348801E+04  0.13643467601144E+03 -0.98447639742710E+04 -0.51238530776894E+05 -0.15526891066078E+03 -0.27827982343996E+03 -0.12623815693762E+02 -0.35122951121354E+03 -0.14779542439161E+03 -0.13466346132705E+04 -0.11457545017791E+04 -0.34098465732319E+04
   0.97368553018994E+06 -0.11774167216572E+06  0.26344442462714E+05  0.35459915941365E+06 -0.31526095065985E+05  0.10879644810225E+06  0.59059267292515E+05  0.54030375595087E+07 -0.24102160506363E+07 -0.88971033472601E+05  0.25874916591251E+05  0.26283352968659E+05  0.17865841997007E+04  0.10439077316777E+03  0.88804488893731E+05 -0.11398286899321E+05  0.83892584340048E+05  0.46133831378353E+05 -0.49212644723087E+06  0.34036025928937E+03 -0.42947706086922E+05  0.25288384184942E+05  0.81654085097883E+05  0.20194422076798E+06 -0.63200160271898E+05 -0.50576149784942E+05 -0.70728463064926E+05 -0.29629269672594E+06 -0.58298968986771E+06 -0.74461861950570E+05 -0.16795080459179E+06 -0.14067285016661E+04  0.36091067539696E+03  0.30923251428492E+03 -0.27576998307711E+06 -0.14548823921453E+06 -0.17916692800702E+06
  -0.18337442460111E+06  0.25649223474333E+05 -0.48467250721647E+04 -0.26604473200726E+05  0.25687211264127E+03 -0.10112841856699E+05 -0.31887896318183E+04 -0.24102160506363E+07  0.19233284855660E+07  0.19332560251658E+05 -0.63639021707336E+04 -0.54960194260334E+04 -0.30545930566826E+03 -0.14838780961896E+02  0.48663807543387E+05 -0.22981389281324E+04  0.15266375433619E+05  0.74601726387453E+04 -0.33664320303112E+05 -0.94579003707594E+02  0.11454465154389E+04 -0.51071158805797E+04 -0.17264735780583E+05 -0.40522263584786E+05  0.11518825637389E+05  0.10864435601187E+05  0.24757299605196E+05  0.67043752937959E+05  0.12760308016682E+06  0.22954275970286E+05  0.51858132889926E+05  0.18734454874465E+03 -0.12843560710059E+04 -0.70902824720215E+03  0.11315055637264E+06  0.45354396801856E+05  0.55317078534897E+05
  -0.47705827706911E+05  0.65865523089604E+04 -0.15105744946721E+04 -0.17592819752492E+05  0.22070663195036E+04 -0.44883916044763E+04 -0.31315495671322E+04 -0.88971033472601E+05  0.19332560251658E+05  0.26226638078563E+04 -0.60688828026256E+03 -0.65292422276601E+03 -0.58378297189264E+02 -0.18527100865934E+01 -0.40380872536206E+04  0.49916892849358E+03 -0.33329757916401E+04 -0.19200450502228E+04  0.47555817542442E+05 -0.46730345609361E+01  0.35812125693762E+04 -0.10738591494462E+04 -0.32444204387840E+04 -0.87342136065573E+04  0.27506028367380E+04  0.18963321657655E+04  0.73671740950865E+03  0.11005705511759E+05  0.22891418765912E+05  0.15002842679419E+04  0.33244420322085E+04  0.43485349573177E+02  0.12644150273262E+03  0.56263047904107E+02  0.31423331874719E+04  0.28433788574118E+04  0.35890142816626E+04
   0.71329817213560E+04 -0.81096990301698E+03  0.19621942460060E+03  0.31060051209688E+04 -0.30229788298314E+03  0.93282823130837E+03  0.53462524273681E+03  0.25874916591251E+05 -0.63639021707336E+04 -0.60688828026256E+03  0.16442254692809E+03  0.18281294965592E+03  0.13416647431189E+02  0.69134647234064E+00  0.12209714159772E+04 -0.13654195350713E+03  0.97262959493126E+03  0.53762378159160E+03 -0.51989981544029E+04  0.21132945637801E+01 -0.39303879268968E+03  0.17689145920741E+03  0.56242668856206E+03  0.14141886877256E+04 -0.45974611221335E+03 -0.34619962631098E+03 -0.33394914558251E+03 -0.19853669911101E+04 -0.39548096004295E+04 -0.41715905970315E+03 -0.94112181680216E+03 -0.10730443132714E+02 -0.12446442438654E+02 -0.58525674280867E+01 -0.11293179943853E+04 -0.81299685890499E+03 -0.10084605092205E+04
   0.15129532976175E+05 -0.11740866002927E+04  0.39913098124939E+03 -0.13124767649579E+04 -0.28720166068186E+02 -0.66822163324584E+03 -0.20753722000140E+03  0.26283352968659E+05 -0.54960194260334E+04 -0.65292422276601E+03  0.18281294965592E+03  0.15160816249050E+04  0.10005792496277E+03 -0.10786193584301E+01  0.13574036785897E+04 -0.19176449289892E+03  0.13660139465727E+04  0.80218361680774E+03 -0.57459853852207E+04 -0.51914697117399E+01 -0.11548232050240E+03 -0.37873277659034E+02  0.46105006317126E+02 -0.90834106454405E+03 -0.10978578567506E+04  0.18303299188114E-10 -0.67543532934421E+03 -0.48958514385077E+04  0.18522955409350E-09 -0.22205539085744E+04 -0.67985006195402E+02 -0.76246975287396E+02 -0.16617120514241E+01 -0.71105774536888E+00  0.28825090526231E+03 -0.26373457228875E+04  0.19952355843956E-09
   0.16788533482546E+04 -0.13477499004697E+03  0.50086621818670E+02 -0.12876026014655E+03  0.26194737700097E+01 -0.58760800082993E+02 -0.21577544017131E+02  0.17865841997007E+04 -0.30545930566826E+03 -0.58378297189264E+02  0.13416647431189E+02  0.10005792496277E+03  0.89304689055353E+01 -0.16919441970353E+00  0.76041541396638E+02 -0.12877470020481E+02  0.81309688028382E+02  0.51996617946638E+02 -0.28957889300827E+03 -0.41469576756051E+00  0.17880472255627E+02 -0.25607884422948E+01  0.88099447338719E+01 -0.96215212934307E+02 -0.16137919795883E+03 -0.21625496095814E-12 -0.26502463293144E+02 -0.57467241199517E+03 -0.16589068987808E-10 -0.13962902067733E+03 -0.17855349273812E+02 -0.61842034945625E+01 -0.17540519918533E+00 -0.68056280395206E-01  0.28416315177071E+02 -0.19072493574944E+03  0.11572178406119E-10
  -0.10981717320695E+03  0.13136691325040E+02 -0.40569588942669E+01  0.57176725704569E+02 -0.51050740848266E+01  0.19174588879024E+02  0.10078033227784E+02  0.10439077316777E+03 -0.14838780961896E+02 -0.18527100865934E+01  0.69134647234064E+00 -0.10786193584301E+01 -0.16919441970353E+00  0.53224847330721E-01  0.14865397712724E+02 -0.11653021460058E+01  0.91062929546937E+01  0.43646385133066E+01 -0.80373647485371E+02  0.13259246798073E-01 -0.68557453221852E+01  0.34115988341812E+00  0.86001764440404E+00  0.40645008095768E+01  0.72143123935065E-01  0.35593830477160E-12 -0.63614276877362E+01 -0.87079391195495E+00 -0.16374425156379E-12 -0.34615013297879E+01 -0.19205143436436E-04 -0.14713619839356E+00 -0.17598520167526E-02 -0.96427467248419E-03 -0.16203036600306E+01 -0.34070279739541E+01  0.71987431714218E-12
   0.11204985129306E+05  0.36650767213825E+03 -0.21960544790913E+03  0.31565059068620E+05 -0.26892076311396E+04  0.94881376368131E+04  0.49052645427170E+04  0.88804488893731E+05  0.48663807543387E+05 -0.40380872536206E+04  0.12209714159772E+04  0.13574036785897E+04  0.76041541396638E+02  0.14865397712724E+02  0.50024403964868E+05 -0.47054246636107E+04  0.34135385867833E+05  0.18087436487751E+05 -0.56165237503254E+05  0.38368644173425E+01  0.11411497473407E+04 -0.15580738649470E+03 -0.48874901671373E+03 -0.69146002197126E+03 -0.27779608236074E+04 -0.18180080153119E+04 -0.25048306932086E+04  0.20040176273610E+04  0.43710080176508E+04 -0.14958095606195E+04 -0.29810931815246E+04 -0.73309084468811E+03 -0.29150627597611E+04 -0.15412781479066E+04 -0.23577084241873E+04 -0.93308365444871E+03 -0.10505230623569E+04
  -0.25546646306995E+04  0.31059503404354E+02 -0.20894565182408E+02 -0.39117655510813E+04  0.34415943650008E+03 -0.11953663418186E+04 -0.63116708365366E+03 -0.11398286899321E+05 -0.22981389281324E+04  0.49916892849358E+03 -0.13654195350713E+03 -0.19176449289892E+03 -0.12877470020481E+02 -0.11653021460058E+01 -0.47054246636107E+04  0.51455251418151E+03 -0.36411334454187E+04 -0.20089884232507E+04  0.70873382172699E+04 -0.10440405601677E+01 -0.15968214496936E+03  0.14440709372628E+02  0.37489843402914E+02  0.25556754627468E+02  0.51493054104324E+03  0.32242086091352E+03  0.29052086139130E+03 -0.16211307866242E+03 -0.49982533834387E+03  0.15665631819868E+03  0.31097465611877E+03  0.81803628966115E+02  0.44719814644167E+03  0.22021332731297E+03 -0.31601431923057E+03  0.25792664286033E+03  0.28909546392992E+03
   0.11242481351710E+05  0.11323608160622E+03 -0.10197703438597E+03  0.25704101074085E+05 -0.21156242858031E+04  0.78772525477904E+04  0.39479640999779E+04  0.83892584340048E+05  0.15266375433619E+05 -0.33329757916401E+04  0.97262959493126E+03  0.13660139465727E+04  0.81309688028382E+02  0.91062929546937E+01  0.34135385867833E+05 -0.36411334454187E+04  0.26305989961272E+05  0.14329543393855E+05 -0.44659886182478E+05  0.25815573593411E+01  0.11775144536799E+04 -0.18566789294196E+03 -0.57192107985258E+03 -0.88964109227939E+03 -0.24706237995130E+04 -0.15975984713554E+04 -0.23893665673989E+04  0.20392956673288E+04  0.43155226143109E+04 -0.11929373150594E+04 -0.23851931335076E+04 -0.58132166191072E+03 -0.24534746162271E+04 -0.13208752933834E+04  0.11194333827469E+04 -0.15390530608681E+04 -0.17103104162905E+04
   0.83995029380751E+04 -0.19090968232935E+02  0.20119716574425E+02  0.14732100068698E+05 -0.12396193754507E+04  0.45589868677236E+04  0.23229919477844E+04  0.46133831378353E+05  0.74601726387453E+04 -0.19200450502228E+04  0.53762378159160E+03  0.80218361680774E+03  0.51996617946638E+02  0.43646385133066E+01  0.18087436487751E+05 -0.20089884232507E+04  0.14329543393855E+05  0.79180099813739E+04 -0.26002302636559E+05  0.27372051480267E+01  0.71138672345849E+03 -0.98077347903767E+02 -0.28131067820074E+03 -0.39164093235702E+03 -0.17807092585788E+04 -0.11183998917811E+04 -0.12195602471725E+04  0.96338128923918E+03  0.23966448829473E+04 -0.61455143847430E+03 -0.12295110616794E+04 -0.32542450132607E+03 -0.16139182950625E+04 -0.83289576171674E+03  0.13420407183743E+04 -0.10987992816491E+04 -0.12218986075284E+04
  -0.58332654736013E+07  0.19614435507336E+07 -0.21426060362008E+06 -0.18411614201344E+07  0.39025799383706E+06 -0.60696064065098E+05 -0.20425573309599E+06 -0.49212644723087E+06 -0.33664320303112E+05  0.47555817542442E+05 -0.51989981544029E+04 -0.57459853852207E+04 -0.28957889300827E+03 -0.80373647485371E+02 -0.56165237503254E+05  0.70873382172699E+04 -0.44659886182478E+05 -0.26002302636559E+05  0.26069050334987E+08  0.63294605125895E+04  0.85333703182093E+06 -0.11211438019573E+06 -0.32388319810734E+06 -0.13623513096094E+07  0.33202422776713E+05  0.73890488474326E+05 -0.12077225191619E+04  0.55263676104805E+06  0.27002696720757E+07  0.16530131024632E+05  0.30572158126512E+05  0.19237563784857E+03  0.23339930671578E+05  0.73355179813073E+04 -0.17605921178386E+05  0.20079780054487E+05  0.62020700722714E+05
  -0.15192717710245E+04  0.56546224307535E+03 -0.56501606120688E+02 -0.26793719111410E+03  0.73493972822793E+02  0.40082902346869E+02 -0.12529408972032E+02  0.34036025928937E+03 -0.94579003707594E+02 -0.46730345609361E+01  0.21132945637801E+01 -0.51914697117399E+01 -0.41469576756051E+00  0.13259246798073E-01  0.38368644173425E+01 -0.10440405601677E+01  0.25815573593411E+01  0.27372051480267E+01  0.63294605125895E+04  0.26274446719909E+01  0.26369973578352E+03 -0.29791272167900E+02 -0.83761868294278E+02 -0.39717201659092E+03  0.00000000000000E+00 -0.12342505409564E+02  0.00000000000000E+00  0.00000000000000E+00  0.71796242205100E+03  0.00000000000000E+00 -0.10611808942236E+02  0.00000000000000E+00  0.00000000000000E+00  0.00000000000000E+00  0.00000000000000E+00  0.00000000000000E+00 -0.16440563574248E+02
  -0.28334527369730E+06  0.77734227312549E+05 -0.10239898706250E+05 -0.86252937962676E+05  0.17116805275206E+05 -0.70813133903106E+04 -0.11930444360124E+05 -0.42947706086922E+05  0.11454465154389E+04  0.35812125693762E+04 -0.39303879268968E+03 -0.11548232050240E+03  0.17880472255627E+02 -0.68557453221852E+01  0.11411497473407E+04 -0.15968214496936E+03  0.11775144536799E+04  0.71138672345849E+03  0.85333703182093E+06  0.26369973578352E+03  0.55089855033385E+05 -0.86321602329694E+04 -0.23683431022349E+05 -0.93025285855564E+05  0.00000000000000E+00  0.78279196583735E+04  0.00000000000000E+00  0.00000000000000E+00  0.18364506519638E+06  0.00000000000000E+00 -0.17489814083642E+04  0.00000000000000E+00  0.00000000000000E+00  0.00000000000000E+00  0.00000000000000E+00  0.00000000000000E+00  0.65188416139569E+04
   0.44345759556316E+05 -0.91108523312850E+04  0.15609062377633E+04  0.15989809484315E+05 -0.28599837935053E+04  0.21205628333636E+04  0.24893807106735E+04  0.25288384184942E+05 -0.51071158805797E+04 -0.10738591494462E+04  0.17689145920741E+03 -0.37873277659034E+02 -0.25607884422948E+01  0.34115988341812E+00 -0.15580738649470E+03  0.14440709372628E+02 -0.18566789294196E+03 -0.98077347903767E+02 -0.11211438019573E+06 -0.29791272167900E+02 -0.86321602329694E+04  0.17205658351745E+04  0.46915463796997E+04  0.16863211103387E+05 -0.42485959393346E+02 -0.18235419342846E+04  0.47863252047405E+01  0.82614770314622E+03 -0.34780043494167E+05  0.00000000000000E+00 -0.21025960671028E+03  0.00000000000000E+00  0.00000000000000E+00  0.00000000000000E+00  0.00000000000000E+00 -0.26764244604560E+03 -0.24275749187621E+04
   0.13578942645761E+06 -0.29426225211747E+05  0.47502279085491E+04  0.44451715216939E+05 -0.78167054098501E+04  0.61456047055767E+04  0.69229391995809E+04  0.81654085097883E+05 -0.17264735780583E+05 -0.32444204387840E+04  0.56242668856206E+03  0.46105006317126E+02  0.88099447338719E+01  0.86001764440404E+00 -0.48874901671373E+03  0.37489843402914E+02 -0.57192107985258E+03 -0.28131067820074E+03 -0.32388319810734E+06 -0.83761868294278E+02 -0.23683431022349E+05  0.46915463796997E+04  0.13157324321926E+05  0.45874256079140E+05 -0.15487381989857E+03 -0.45920751518004E+04 -0.10154053121274E+02 -0.53907433566294E+04 -0.97863704427505E+05  0.00000000000000E+00 -0.52475383458188E+03  0.00000000000000E+00  0.00000000000000E+00  0.00000000000000E+00  0.00000000000000E+00 -0.17498350998116E+04 -0.71797124936216E+04
   0.43671250416617E+06 -0.11136308230807E+06  0.15604135833076E+05  0.15534337864955E+06 -0.28933660989056E+05  0.17009430401387E+05  0.22481733374006E+05  0.20194422076798E+06 -0.40522263584786E+05 -0.87342136065573E+04  0.14141886877256E+04 -0.90834106454405E+03 -0.96215212934307E+02  0.40645008095768E+01 -0.69146002197126E+03  0.25556754627468E+02 -0.88964109227939E+03 -0.39164093235702E+03 -0.13623513096094E+07 -0.39717201659092E+03 -0.93025285855564E+05  0.16863211103387E+05  0.45874256079140E+05  0.18006191719049E+06  0.24750981505141E+03 -0.20902252302793E+05 -0.40404221870006E+01  0.39817906736985E+05 -0.34651214627968E+06  0.00000000000000E+00 -0.24570821197759E+04  0.00000000000000E+00  0.00000000000000E+00  0.00000000000000E+00  0.00000000000000E+00  0.15496395248107E+04 -0.23488476422513E+05
  -0.13346980030460E+06  0.16852477857344E+05 -0.45457772059336E+04 -0.12917877459447E+05  0.20059855310452E+04 -0.27267805172266E+04 -0.24484415602629E+04 -0.63200160271898E+05  0.11518825637389E+05  0.27506028367380E+04 -0.45974611221335E+03 -0.10978578567506E+04 -0.16137919795883E+03  0.72143123935065E-01 -0.27779608236074E+04  0.51493054104324E+03 -0.24706237995130E+04 -0.17807092585788E+04  0.33202422776713E+05  0.00000000000000E+00  0.00000000000000E+00 -0.42485959393346E+02 -0.15487381989857E+03  0.24750981505141E+03  0.11741713904975E+06  0.00000000000000E+00  0.00000000000000E+00  0.00000000000000E+00  0.00000000000000E+00  0.00000000000000E+00  0.00000000000000E+00  0.00000000000000E+00  0.00000000000000E+00  0.00000000000000E+00  0.00000000000000E+00  0.00000000000000E+00  0.00000000000000E+00
  -0.56529563674845E+05  0.83115515787272E+04 -0.19254980539888E+04 -0.21411159411690E+05  0.33805188038732E+04 -0.41878516923175E+04 -0.38426354348801E+04 -0.50576149784942E+05  0.10864435601187E+05  0.18963321657655E+04 -0.34619962631098E+03  0.18303299188114E-10 -0.21625496095814E-12  0.35593830477160E-12 -0.18180080153119E+04  0.32242086091352E+03 -0.15975984713554E+04 -0.11183998917811E+04  0.73890488474326E+05 -0.12342505409564E+02  0.78279196583735E+04 -0.18235419342846E+04 -0.45920751518004E+04 -0.20902252302793E+05  0.00000000000000E+00  0.65252792503319E+05  0.00000000000000E+00  0.00000000000000E+00  0.00000000000000E+00  0.00000000000000E+00  0.00000000000000E+00  0.00000000000000E+00  0.00000000000000E+00  0.00000000000000E+00  0.00000000000000E+00  0.00000000000000E+00  0.00000000000000E+00
  -0.54209686365630E+04 -0.19047624288475E+03  0.14100905422199E+02 -0.71502336640431E+02 -0.58234453330319E+02  0.14847786288877E+03  0.13643467601144E+03 -0.70728463064926E+05  0.24757299605196E+05  0.73671740950865E+03 -0.33394914558251E+03 -0.67543532934421E+03 -0.26502463293144E+02 -0.63614276877362E+01 -0.25048306932086E+04  0.29052086139130E+03 -0.23893665673989E+04 -0.12195602471725E+04 -0.12077225191619E+04  0.00000000000000E+00  0.00000000000000E+00  0.47863252047405E+01 -0.10154053121274E+02 -0.40404221870006E+01  0.00000000000000E+00  0.00000000000000E+00  0.30909088416336E+05  0.00000000000000E+00  0.00000000000000E+00  0.00000000000000E+00  0.00000000000000E+00  0.00000000000000E+00  0.00000000000000E+00  0.00000000000000E+00  0.00000000000000E+00  0.00000000000000E+00  0.00000000000000E+00
  -0.87709725519714E+06  0.21169147584724E+06 -0.30851591989377E+05 -0.66536572438993E+05  0.11926811093121E+05 -0.85013514660130E+04 -0.98447639742710E+04 -0.29629269672594E+06  0.67043752937959E+05  0.11005705511759E+05 -0.19853669911101E+04 -0.48958514385077E+04 -0.57467241199517E+03 -0.87079391195495E+00  0.20040176273610E+04 -0.16211307866242E+03  0.20392956673288E+04  0.96338128923918E+03  0.55263676104805E+06  0.00000000000000E+00  0.00000000000000E+00  0.82614770314622E+03 -0.53907433566294E+04  0.39817906736985E+05  0.00000000000000E+00  0.00000000000000E+00  0.00000000000000E+00  0.58287395443980E+06  0.00000000000000E+00  0.00000000000000E+00  0.00000000000000E+00  0.00000000000000E+00  0.00000000000000E+00  0.00000000000000E+00  0.00000000000000E+00  0.00000000000000E+00  0.00000000000000E+00
  -0.11358289398177E+07  0.26710005004335E+06 -0.40129924338927E+05 -0.34451445900197E+06  0.62978699165001E+05 -0.41611597861282E+05 -0.51238530776894E+05 -0.58298968986771E+06  0.12760308016682E+06  0.22891418765912E+05 -0.39548096004295E+04  0.18522955409350E-09 -0.16589068987808E-10 -0.16374425156379E-12  0.43710080176508E+04 -0.49982533834387E+03  0.43155226143109E+04  0.23966448829473E+04  0.27002696720757E+07  0.71796242205100E+03  0.18364506519638E+06 -0.34780043494167E+05 -0.97863704427505E+05 -0.34651214627968E+06  0.00000000000000E+00  0.00000000000000E+00  0.00000000000000E+00  0.00000000000000E+00  0.92743219337801E+06  0.00000000000000E+00  0.00000000000000E+00  0.00000000000000E+00  0.00000000000000E+00  0.00000000000000E+00  0.00000000000000E+00  0.00000000000000E+00  0.00000000000000E+00
  -0.21185539319471E+05  0.57664918351560E+04 -0.77261775508916E+03 -0.13595098946268E+04  0.32280911266422E+03  0.10216079827093E+02 -0.15526891066078E+03 -0.74461861950570E+05  0.22954275970286E+05  0.15002842679419E+04 -0.41715905970315E+03 -0.22205539085744E+04 -0.13962902067733E+03 -0.34615013297879E+01 -0.14958095606195E+04  0.15665631819868E+03 -0.11929373150594E+04 -0.61455143847430E+03  0.16530131024632E+05  0.00000000000000E+00  0.00000000000000E+00  0.00000000000000E+00  0.00000000000000E+00  0.00000000000000E+00  0.00000000000000E+00  0.00000000000000E+00  0.00000000000000E+00  0.00000000000000E+00  0.00000000000000E+00  0.14426922259909E+05  0.00000000000000E+00  0.00000000000000E+00  0.00000000000000E+00  0.00000000000000E+00  0.00000000000000E+00  0.00000000000000E+00  0.00000000000000E+00
  -0.48105825252002E+05  0.13268248147260E+05 -0.17608303498203E+04 -0.24999360393373E+04  0.57250373827576E+03 -0.16532179561963E+02 -0.27827982343996E+03 -0.16795080459179E+06  0.51858132889926E+05  0.33244420322085E+04 -0.94112181680216E+03 -0.67985006195402E+02 -0.17855349273812E+02 -0.19205143436436E-04 -0.29810931815246E+04  0.31097465611877E+03 -0.23851931335076E+04 -0.12295110616794E+04  0.30572158126512E+05 -0.10611808942236E+02 -0.17489814083642E+04 -0.21025960671028E+03 -0.52475383458188E+03 -0.24570821197759E+04  0.00000000000000E+00  0.00000000000000E+00  0.00000000000000E+00  0.00000000000000E+00  0.00000000000000E+00  0.00000000000000E+00  0.31857929071066E+05  0.00000000000000E+00  0.00000000000000E+00  0.00000000000000E+00  0.00000000000000E+00  0.00000000000000E+00  0.00000000000000E+00
  -0.32246756103564E+04  0.42101516802866E+03 -0.97704050693396E+02 -0.68654385211069E+02  0.86443092113683E+01 -0.18176442373955E+02 -0.12623815693762E+02 -0.14067285016661E+04  0.18734454874465E+03  0.43485349573177E+02 -0.10730443132714E+02 -0.76246975287396E+02 -0.61842034945625E+01 -0.14713619839356E+00 -0.73309084468811E+03  0.81803628966115E+02 -0.58132166191072E+03 -0.32542450132607E+03  0.19237563784857E+03  0.00000000000000E+00  0.00000000000000E+00  0.00000000000000E+00  0.00000000000000E+00  0.00000000000000E+00  0.00000000000000E+00  0.00000000000000E+00  0.00000000000000E+00  0.00000000000000E+00  0.00000000000000E+00  0.00000000000000E+00  0.00000000000000E+00  0.38026857546926E+04  0.00000000000000E+00  0.00000000000000E+00  0.00000000000000E+00  0.00000000000000E+00  0.00000000000000E+00
  -0.91610422566718E+04  0.24041991401260E+04 -0.32947312719631E+03 -0.24493345198170E+04  0.46515857194589E+03 -0.24610312086511E+03 -0.35122951121354E+03  0.36091067539696E+03 -0.12843560710059E+04  0.12644150273262E+03 -0.12446442438654E+02 -0.16617120514241E+01 -0.17540519918533E+00 -0.17598520167526E-02 -0.29150627597611E+04  0.44719814644167E+03 -0.24534746162271E+04 -0.16139182950625E+04  0.23339930671578E+05  0.00000000000000E+00  0.00000000000000E+00  0.00000000000000E+00  0.00000000000000E+00  0.00000000000000E+00  0.00000000000000E+00  0.00000000000000E+00  0.00000000000000E+00  0.00000000000000E+00  0.00000000000000E+00  0.00000000000000E+00  0.00000000000000E+00  0.00000000000000E+00  0.82269743025135E+04  0.00000000000000E+00  0.00000000000000E+00  0.00000000000000E+00  0.00000000000000E+00
  -0.32293809603337E+04  0.76042139077857E+03 -0.11512774278439E+03 -0.95118683706198E+03  0.17188881501767E+03 -0.12560798250817E+03 -0.14779542439161E+03  0.30923251428492E+03 -0.70902824720215E+03  0.56263047904107E+02 -0.58525674280867E+01 -0.71105774536888E+00 -0.68056280395206E-01 -0.96427467248419E-03 -0.15412781479066E+04  0.22021332731297E+03 -0.13208752933834E+04 -0.83289576171674E+03  0.73355179813073E+04  0.00000000000000E+00  0.00000000000000E+00  0.00000000000000E+00  0.00000000000000E+00  0.00000000000000E+00  0.00000000000000E+00  0.00000000000000E+00  0.00000000000000E+00  0.00000000000000E+00  0.00000000000000E+00  0.00000000000000E+00  0.00000000000000E+00  0.00000000000000E+00  0.00000000000000E+00  0.42085996089140E+04  0.00000000000000E+00  0.00000000000000E+00  0.00000000000000E+00
  -0.18834308526377E+05 -0.21680344583960E+04 -0.87428719112808E+02 -0.10053395074892E+05  0.37943716871467E+03 -0.31674502295080E+04 -0.13466346132705E+04 -0.27576998307711E+06  0.11315055637264E+06  0.31423331874719E+04 -0.11293179943853E+04  0.28825090526231E+03  0.28416315177071E+02 -0.16203036600306E+01 -0.23577084241873E+04 -0.31601431923057E+03  0.11194333827469E+04  0.13420407183743E+04 -0.17605921178386E+05  0.00000000000000E+00  0.00000000000000E+00  0.00000000000000E+00  0.00000000000000E+00  0.00000000000000E+00  0.00000000000000E+00  0.00000000000000E+00  0.00000000000000E+00  0.00000000000000E+00  0.00000000000000E+00  0.00000000000000E+00  0.00000000000000E+00  0.00000000000000E+00  0.00000000000000E+00  0.00000000000000E+00  0.12629955736269E+06  0.00000000000000E+00  0.00000000000000E+00
  -0.75365770515737E+05  0.87471945746846E+04 -0.21750500759576E+04 -0.73189050499539E+04  0.82194334696680E+03 -0.18557031054596E+04 -0.11457545017791E+04 -0.14548823921453E+06  0.45354396801856E+05  0.28433788574118E+04 -0.81299685890499E+03 -0.26373457228875E+04 -0.19072493574944E+03 -0.34070279739541E+01 -0.93308365444871E+03  0.25792664286033E+03 -0.15390530608681E+04 -0.10987992816491E+04  0.20079780054487E+05  0.00000000000000E+00  0.00000000000000E+00 -0.26764244604560E+03 -0.17498350998116E+04  0.15496395248107E+04  0.00000000000000E+00  0.00000000000000E+00  0.00000000000000E+00  0.00000000000000E+00  0.00000000000000E+00  0.00000000000000E+00  0.00000000000000E+00  0.00000000000000E+00  0.00000000000000E+00  0.00000000000000E+00  0.00000000000000E+00  0.95853974772122E+05  0.00000000000000E+00
  -0.59266226190898E+05  0.73188710480492E+04 -0.17488181006550E+04 -0.21664575906848E+05  0.25283278453228E+04 -0.53378892815745E+04 -0.34098465732319E+04 -0.17916692800702E+06  0.55317078534897E+05  0.35890142816626E+04 -0.10084605092205E+04  0.19952355843956E-09  0.11572178406119E-10  0.71987431714218E-12 -0.10505230623569E+04  0.28909546392992E+03 -0.17103104162905E+04 -0.12218986075284E+04  0.62020700722714E+05 -0.16440563574248E+02  0.65188416139569E+04 -0.24275749187621E+04 -0.71797124936216E+04 -0.23488476422513E+05  0.00000000000000E+00  0.00000000000000E+00  0.00000000000000E+00  0.00000000000000E+00  0.00000000000000E+00  0.00000000000000E+00  0.00000000000000E+00  0.00000000000000E+00  0.00000000000000E+00  0.00000000000000E+00  0.00000000000000E+00  0.00000000000000E+00  0.10061430497497E+06

 # Covariance matrix (Bevington epsilon)
   0.58693441853402E-03 -0.61596459192935E-04 -0.15964914050793E-01  0.13768813951788E-03 -0.19801401973178E-03  0.34709084294804E-03 -0.97387934214595E-03  0.54733744544561E-04  0.36148587816210E-04 -0.14984664429640E-02 -0.16618352855140E-01 -0.65715062372283E-03 -0.31275481413273E-02 -0.30028918718433E-01  0.14013890384802E-03  0.39788496519409E-02  0.81906767506406E-04  0.22893471746343E-03  0.33868407053585E-05 -0.28204285985131E-02  0.75746165900322E-04  0.98699730374189E-03 -0.59953435633590E-03  0.56024910330383E-04  0.39299523624814E-04  0.37421183920364E-04  0.30769635048363E-04  0.41619490509358E-04  0.40192278318972E-04 -0.21615291194617E-03 -0.82270402587249E-04  0.38356947043778E-04 -0.52764670453883E-04 -0.52796623377404E-04  0.72807519368957E-04  0.41019827873364E-04  0.38085751801862E-04
  -0.61596459192934E-04  0.12314462129288E-03  0.27202466741474E-02  0.12187822060150E-03  0.63339965119560E-03 -0.18627058883758E-03  0.15018901977473E-03 -0.30098786959931E-05 -0.25255849518917E-05  0.67980349027464E-03  0.25469944945397E-02  0.22046696022170E-03 -0.79233570869087E-03  0.18788870939642E-01  0.23451966877859E-04  0.17267030288354E-02  0.60639521823280E-04  0.24368014480944E-03 -0.11415709230558E-05 -0.34001083261634E-03  0.95290228763881E-05 -0.23411684965389E-02  0.49859688571743E-03  0.10239416959532E-03  0.10522833565273E-04  0.74639171917799E-05  0.53463418659432E-05  0.48419929439121E-05  0.62221324687288E-05  0.27660582473504E-04 -0.53018023331030E-06  0.42342788383265E-05 -0.17572648952025E-04 -0.11945900178081E-04  0.24796200475980E-05  0.78402262937154E-05  0.71843380053384E-05
  -0.15964914050793E-01  0.27202466741474E-02  0.44765665384510E+00 -0.20596948348182E-02  0.12562255305030E-01 -0.11320251126709E-01  0.27435028923621E-01 -0.14481432740533E-02 -0.96867029232706E-03  0.47333158042388E-01  0.47837825675273E+00  0.19755516571530E-01  0.85891733758789E-01  0.10791947604590E+01 -0.32632814538672E-02 -0.79727157446509E-01 -0.71664940098684E-03 -0.50121526646031E-02 -0.95701349987235E-04  0.75039141157367E-01 -0.16271230253779E-02 -0.44296365692363E-01  0.19374509631465E-01 -0.46737194382772E-03 -0.73823186959294E-03 -0.71063273720467E-03 -0.56417291570281E-03 -0.78332960294431E-03 -0.74134946843208E-03  0.67428377570426E-02  0.28181035412556E-02 -0.91581902667986E-03  0.10310220964028E-02  0.10581918936220E-02 -0.16762782709476E-02 -0.76114772718478E-03 -0.68747569367004E-03
   0.13768813951787E-03  0.12187822060149E-03 -0.20596948348180E-02  0.10853958168060E-02  0.43575417077280E-02 -0.18144365533910E-02  0.11113252912728E-03  0.18458516959747E-04  0.84352152788247E-05 -0.46303286110635E-03 -0.68735537011186E-02  0.90548476041487E-03 -0.53731254640193E-02  0.88735556795289E-01  0.35499189281326E-03  0.83194736172478E-02 -0.10619622848598E-02  0.28851349173098E-02  0.51187713073962E-05  0.47460105826397E-02  0.19345082837058E-03 -0.32135976830969E-02  0.64030100854943E-03  0.22413948142580E-03  0.49579895316689E-04  0.44542757301551E-04  0.33735387723509E-04  0.50591459143008E-04  0.43190162175767E-04  0.66030110377928E-04 -0.24269139426781E-04  0.30661718313002E-04 -0.31914998844891E-04 -0.35391831780513E-04  0.40184728946280E-04  0.54059369977198E-04  0.46363972818196E-04
  -0.19801401973182E-03  0.63339965119560E-03  0.12562255305031E-01  0.43575417077279E-02  0.25281707917978E-01 -0.11944837194728E-01  0.11832351156909E-01 -0.76421503531219E-04 -0.67690906052642E-04  0.51860990256404E-02  0.28756942483022E-01  0.21893069000077E-02 -0.25885441467781E-02  0.36411308312223E+00  0.11076272993150E-02  0.27554099875938E-01 -0.47171172066288E-02  0.11784871426639E-01 -0.16312681266242E-04  0.12351450793721E-01  0.19578233857042E-03 -0.69750196891025E-02 -0.24958151260919E-03  0.67048959555569E-03  0.14566078582937E-03  0.10343133463375E-03  0.14486173726849E-03  0.10612131926579E-03  0.57113152943031E-04  0.46059071467910E-03  0.10357949533259E-03  0.47811502077508E-04 -0.83637630383372E-04 -0.10204833464735E-03  0.11361279033741E-03  0.13634682725301E-03  0.95418081510397E-04
   0.34709084294807E-03 -0.18627058883757E-03 -0.11320251126709E-01 -0.18144365533910E-02 -0.11944837194728E-01  0.73086557517619E-02 -0.88016504171700E-02  0.11636640622912E-03  0.86823028471115E-04 -0.25155830835924E-02 -0.32263117257764E-01 -0.37217203550375E-03  0.52115627845685E-03 -0.28479734350347E+00 -0.46169733392799E-03 -0.16196055646098E-01  0.28149535943464E-02 -0.76339078876759E-02  0.15422570499408E-05  0.13665212467822E-01 -0.20001049458335E-03  0.43858563622268E-02 -0.45817576908112E-03 -0.27661519356832E-03 -0.37516780593586E-04 -0.25963196298140E-04 -0.85845929093763E-04 -0.23438987899810E-04 -0.92200458029946E-05 -0.32131093508103E-03 -0.22057870545147E-03  0.19432640819325E-04  0.18120549559640E-04  0.20235403592100E-04 -0.23650230579256E-04 -0.44800517657862E-04 -0.34345542949404E-04
