# fitpack15: fit parameters                                                                         
# CJ15 AV18 final data choices                                                                      
# Created on 03/20/2020 at 15:53:34                                                                 

 # QCD setup
  INS                           0
  NVL                          11
  IORD                          1
  Q02                   1.6899999999999999     
  IPARAMC                       7
  FLAVOR                5.0000000000000000     
  xmc                   1.3000000000000000     
  xmb                   4.5000000000000000     
  ncb                          12
  ihq                           1
  ias                           0

 # Theory corrections
  inuke                     10114
  itmc                          1
  iht                           2

 # fit parameters
 LAMBDA       0.22680        0.0000    
 a0uv          1.4464        0.0000    
 a1uv         0.50812       0.30443E-01
 a2uv          3.6152       0.11997E-01
 a3uv          0.0000        0.0000    
 a4uv          6.8361        1.1404    
 a5uv          0.0000        0.0000    
 a0dv          15.735        0.0000    
 a1dv          1.0503       0.39081E-01
 a2dv          6.2350       0.20292    
 a3dv         -3.4024       0.13052    
 a4dv          4.8753       0.19075    
 a5dv          0.0000        0.0000    
 a0ud         0.13632       0.49138E-02
 a1ud        -0.21458       0.38972E-02
 a2ud          9.0428       0.18470    
 a3ud          0.0000        0.0000    
 a4ud          19.031        1.4587    
 a5ud          0.0000        0.0000    
 a0du          35712.        0.0000    
 a1du          4.1575       0.12903    
 a2du          22.013        1.3394    
 a3du          17.000        0.0000    
 a4du          58.090        15.582    
 a0g           41.201        0.0000    
 a1g          0.58223       0.28239E-01
 a2g           5.6037       0.79361    
 a3g          -3.3222       0.11895    
 a4g           3.1077       0.25473    
 a5g           0.0000        0.0000    
 kappa        0.40000        0.0000    
 a6dv        -0.19414E-02   0.15147E-02
 a7dv          2.0000        0.0000    
 off1         0.21215E-01   0.12315    
 off2         -2.0744       0.75923    
 off3          4.1444        1.0980    
 ht1          -5.1311        1.4245    
 ht2           2.4648       0.22765    
 ht3          -2.1140       0.30417E-01
 ht4           2.7441       0.16181    
 dummy41       0.0000        0.0000    
 dummy42       0.0000        0.0000    
 dummy43       0.0000        0.0000    
 dummy44       0.0000        0.0000    
 dummy45       0.0000        0.0000    
 dummy46       0.0000        0.0000    
 dummy47       0.0000        0.0000    
 dummy48       0.0000        0.0000    
 dummy49       0.0000        0.0000    
 bcdmsh2      0.96865       0.51472E-02
 bcdmsd2      0.99189       0.61356E-02
 ccfr          1.0000        0.0000    
 nutev         1.0000        0.0000    
 zeus         0.97998        0.0000    
 h1            1.0162        0.0000    
 e605          1.0319        0.0000    
 NmcH2         1.0059       0.73243E-02
 ntv_nu        1.0000        0.0000    
 ntv_nuba      1.0000        0.0000    
 cdf_jet      0.98910        0.0000    
 d0_jet       0.83504        0.0000    
 slac_p       0.99976       0.53905E-02
 slac_d       0.99963       0.58320E-02
 e866pp        1.0059       0.20974E-01
 e866pd       0.96738       0.17978E-01
 d0_gamje      1.0367       0.16526E-01
 h1b          0.97608        0.0000    
 blank         1.0000        0.0000    
 d0run2       0.95145       0.15469E-01
 cdfrun2      0.93750       0.17902E-01
 HERA_el       1.0000        0.0000    
 HERA_ps       1.0000        0.0000    
 CDF_Z        0.94356       0.69717E-02
 NmcRat        1.0000        0.0000    
 HERMES_F     0.99270       0.60043E-02
 HERMES_F     0.97595       0.62324E-02
 END 0. 0.

 # Hessian matrix (Bevington alpha)
   0.44288022017471E+07 -0.98817449275029E+06  0.11253260853136E+06  0.36918749548398E+06 -0.10597438065283E+06 -0.89938051382933E+04  0.45231505929220E+05  0.10320719107787E+07 -0.19483749280187E+06 -0.45606739832667E+05  0.61905550689867E+04  0.11674098240900E+05  0.11865517444101E+04 -0.10208287228858E+03  0.16641805300229E+05 -0.38701024622654E+04  0.20394364813944E+05  0.14602961326943E+05 -0.33081353400521E+07 -0.55176602497063E+05 -0.22650141405372E+05 -0.10351458052528E+05 -0.89703756290220E+04  0.28438148508246E+04 -0.20399485154024E+06 -0.72193227785226E+05 -0.13890512428916E+06 -0.58494577090452E+05 -0.63041668518171E+04 -0.88455566690133E+06 -0.11323463159638E+07 -0.21467634510082E+05 -0.49500659695718E+05 -0.33742046064238E+04 -0.90449499117924E+04 -0.32142365894940E+04 -0.23601331620622E+05 -0.79968461644628E+05 -0.62635095428624E+05
  -0.98817449275029E+06  0.28277927239403E+06 -0.25266993793737E+05 -0.87089700203732E+05  0.26196282017098E+05  0.34707360137859E+04 -0.89746094017737E+04 -0.11139359138862E+06  0.24695908254394E+05  0.55544143979170E+04 -0.62525793825673E+03 -0.82999928804718E+03 -0.85175049379835E+02  0.11685125906782E+02 -0.30739479067441E+03  0.18169972848128E+03 -0.33812495009202E+03 -0.36524127313486E+03  0.10379574757772E+07  0.12456955031280E+05  0.59366469114491E+04  0.30299329095997E+04  0.47739852816462E+04  0.69846479410751E+04  0.56550525413222E+05  0.30930317856829E+05  0.17064119810637E+05  0.83254973010461E+04 -0.13885397377960E+03  0.20065765088170E+06  0.24901201237318E+06  0.56380271915095E+04  0.13226425313762E+05  0.42240045836116E+03  0.22894869063230E+04  0.73048402033825E+03 -0.19138639594240E+04  0.87854350285480E+04  0.72866174174233E+04
   0.11253260853136E+06 -0.25266993793737E+05  0.28745809759171E+04  0.88415606464251E+04 -0.26729107492961E+04 -0.40010196885589E+03  0.10793180934737E+04  0.20466324580539E+05 -0.37808100263141E+04 -0.10481455460366E+04  0.12452524214855E+03  0.24193060216057E+03  0.27039364124873E+02 -0.28224071612560E+01 -0.15560003826691E+02 -0.50903562570873E+02  0.87005028002008E+02  0.14018012603175E+03 -0.83904053781549E+05 -0.13871726365147E+04 -0.57238680363124E+03 -0.26205802367967E+03 -0.23226457288770E+03  0.18948921936608E+02 -0.51782130508450E+04 -0.18230792936299E+04 -0.34606081232553E+04 -0.14504700512351E+04 -0.14776583087118E+02 -0.22053951053568E+05 -0.28375125387467E+05 -0.54831277071004E+03 -0.12673621380168E+04 -0.75971144923861E+02 -0.22930876970434E+03 -0.81449108250734E+02 -0.19201227245369E+03 -0.17360883330316E+04 -0.13814787244271E+04
   0.36918749548398E+06 -0.87089700203732E+05  0.88415606464251E+04  0.38892716566226E+06 -0.58582439945539E+05  0.67387041605833E+05  0.54802643202949E+05  0.38043650412685E+06 -0.29219333216681E+05 -0.17102334495065E+05  0.27512089721355E+04 -0.12581269263304E+04 -0.11546402165351E+03  0.53120521314712E+02  0.33625669859460E+05 -0.44224835600470E+04  0.34384750335185E+05  0.19738311647451E+05 -0.11124991761841E+07 -0.17493120926181E+05 -0.65147882963042E+04 -0.26166457592157E+04 -0.20594401478674E+03  0.49964877850838E+04 -0.37300324925800E+05 -0.62042198478653E+04 -0.13141260201849E+05 -0.21854201362915E+05 -0.18158951539881E+03 -0.66386415168680E+05 -0.34381924266139E+06 -0.12211149900120E+04 -0.24470369091869E+04 -0.66756803182662E+02 -0.23533268681585E+04 -0.92533355437154E+03 -0.11250051242124E+05 -0.76932805251830E+04 -0.22810951501261E+05
  -0.10597438065283E+06  0.26196282017098E+05 -0.26729107492961E+04 -0.58582439945539E+05  0.10989257981600E+05 -0.70532878959467E+04 -0.78659768211343E+04 -0.31187850177268E+05 -0.39474403041064E+02  0.20394393794541E+04 -0.24956046468113E+03 -0.93148750017565E+01  0.32639310049768E+01 -0.46188301638671E+01 -0.29466551428325E+04  0.41065651683662E+03 -0.28787498812762E+04 -0.17031485393554E+04  0.26204655904581E+06  0.32094398414919E+04  0.13728898985399E+04  0.60885558838383E+03  0.31463308718466E+03  0.72405404103036E+02  0.85681829321537E+04  0.23178286932411E+04  0.20344081066362E+04  0.34816688461413E+04 -0.52421879384512E+02  0.12576527325114E+05  0.66004514721648E+05  0.32387406560694E+03  0.62768728209714E+03  0.85329745708034E+01  0.48822828405537E+03  0.17903624348322E+03  0.39938669990224E+03  0.86605950699896E+03  0.26668615493654E+04
  -0.89938051382933E+04  0.34707360137859E+04 -0.40010196885589E+03  0.67387041605833E+05 -0.70532878959467E+04  0.16398519238034E+05  0.10193877173475E+05  0.96669059164723E+05 -0.91823679635635E+04 -0.36938481369385E+04  0.68413028712368E+03 -0.47540214304000E+03 -0.39855056803099E+02  0.14356951883240E+02  0.81519414148984E+04 -0.10730742548658E+04  0.86282019280239E+04  0.49615704192994E+04 -0.62294602860994E+05 -0.21192983772191E+04 -0.56198531236438E+03 -0.14752941903418E+03  0.35002388888370E+03  0.20610933325407E+04 -0.21595416053490E+04  0.74432351473899E+03 -0.22088664484602E+04 -0.34726797002564E+04  0.74992149247798E+02 -0.78915675593523E+04 -0.38718010693889E+05 -0.11384500161225E+02 -0.54356915174267E+02 -0.14241463441650E+02 -0.22017143936595E+03 -0.10692568688179E+03 -0.27706508786057E+04 -0.16077133781816E+04 -0.46490071155983E+04
   0.45231505929220E+05 -0.89746094017737E+04  0.10793180934737E+04  0.54802643202949E+05 -0.78659768211343E+04  0.10193877173475E+05  0.80286099254914E+04  0.51458153122522E+05 -0.27345684594104E+04 -0.25332108684235E+04  0.38483411461677E+03 -0.15887361820864E+03 -0.15690516096712E+02  0.76065790066417E+01  0.43393478753403E+04 -0.59309521848664E+03  0.44231927464401E+04  0.26011098065643E+04 -0.12828610174915E+06 -0.23201793755511E+04 -0.82469869203749E+03 -0.30698197844523E+03  0.10138531127692E+03  0.11037947201867E+04 -0.44592170691705E+04 -0.27552762205584E+03 -0.20496268784409E+04 -0.32797685753000E+04  0.95615078024280E+02 -0.89069348520458E+04 -0.46293264214327E+05 -0.13882519973632E+03 -0.27394812825587E+03 -0.10220787580742E+02 -0.30915939267498E+03 -0.12769747810259E+03 -0.11805715604902E+04 -0.10096803149358E+04 -0.30192683046580E+04
   0.10320719107787E+07 -0.11139359138862E+06  0.20466324580539E+05  0.38043650412685E+06 -0.31187850177268E+05  0.96669059164723E+05  0.51458153122522E+05  0.60358453737702E+07 -0.25692764569509E+07 -0.92973262303967E+05  0.24770948946368E+05  0.21917826535032E+05  0.14143040056975E+04  0.88751735065899E+02  0.97752304351454E+05 -0.12959768968902E+05  0.11634897072762E+06  0.63314757337044E+05 -0.27384672267986E+06 -0.38476643318900E+05 -0.71841561031601E+04 -0.17974985792070E+04  0.56179972068741E+04  0.43154393685709E+05 -0.28796532470487E+05  0.65369530049015E+04 -0.63378176230450E+05 -0.49912790175048E+05 -0.76490514476060E+05 -0.30801265144342E+06 -0.58869382170900E+06 -0.75602812728341E+05 -0.17304145934277E+06 -0.15561606742548E+04  0.10268218130497E+04  0.57151322276951E+03 -0.29475274859987E+06 -0.15749895563286E+06 -0.19037794011949E+06
  -0.19483749280187E+06  0.24695908254394E+05 -0.37808100263141E+04 -0.29219333216681E+05 -0.39474403041064E+02 -0.91823679635635E+04 -0.27345684594104E+04 -0.25692764569509E+07  0.19375477337668E+07  0.19946842624686E+05 -0.60271965777403E+04 -0.46780637231141E+04 -0.25337180664145E+03 -0.12218961372461E+02  0.48003729666349E+05 -0.23154881478117E+04  0.17440009214157E+05  0.88827635848202E+04 -0.28472586979313E+05  0.93566241437348E+04  0.14177609421003E+04  0.30870291204471E+03 -0.12415594904323E+04 -0.10056397427831E+05  0.46221460886815E+04 -0.13613418542150E+04  0.11238763392397E+05  0.10444837010433E+05  0.26111152001638E+05  0.68690188163387E+05  0.12719067965640E+06  0.22690003314691E+05  0.52082900475869E+05  0.22020364514704E+03 -0.14524343205821E+04 -0.77256286943213E+03  0.11739446664274E+06  0.47578762210705E+05  0.57069533729819E+05
  -0.45606739832667E+05  0.55544143979170E+04 -0.10481455460366E+04 -0.17102334495065E+05  0.20394393794541E+04 -0.36938481369385E+04 -0.25332108684235E+04 -0.92973262303967E+05  0.19946842624686E+05  0.25104581220082E+04 -0.52954048217143E+03 -0.49263718754584E+03 -0.41175853316213E+02 -0.14668799330549E+01 -0.40911118212541E+04  0.53809751482351E+03 -0.43651622653698E+04 -0.25096972534333E+04  0.25444916670608E+05  0.11856119049657E+04  0.30020817711358E+03  0.90699920124046E+02 -0.17206239724191E+03 -0.12449364991798E+04  0.15634498959511E+04 -0.19328502857102E+03  0.25945971491864E+04  0.17575650660263E+04  0.75107834693684E+03  0.10483460519442E+05  0.21228774209806E+05  0.14041104022211E+04  0.31639037550682E+04  0.44257665161270E+02  0.10221217531539E+03  0.46992289716361E+02  0.31568455976833E+04  0.28987861864599E+04  0.35805181834421E+04
   0.61905550689867E+04 -0.62525793825673E+03  0.12452524214855E+03  0.27512089721355E+04 -0.24956046468113E+03  0.68413028712368E+03  0.38483411461677E+03  0.24770948946368E+05 -0.60271965777403E+04 -0.52954048217143E+03  0.13190091744700E+03  0.12625080788414E+03  0.86853170119455E+01  0.50334244016579E+00  0.11118453474328E+04 -0.12917411873549E+03  0.11213434049386E+04  0.61570415110297E+03 -0.24938007459849E+04 -0.20555689090636E+03 -0.41451771516644E+02 -0.10743437520077E+02  0.31583141929567E+02  0.23729585714326E+03 -0.17469202057312E+03  0.37744664718272E+02 -0.38175472793631E+03 -0.28419658053551E+03 -0.31414194694379E+03 -0.17114398218165E+04 -0.33053959722825E+04 -0.35957379527256E+03 -0.82196785393923E+03 -0.98308079089661E+01 -0.67668380765513E+01 -0.34451494765714E+01 -0.10412520348449E+04 -0.74823742991643E+03 -0.90900215062410E+03
   0.11674098240900E+05 -0.82999928804718E+03  0.24193060216057E+03 -0.12581269263304E+04 -0.93148750017565E+01 -0.47540214304000E+03 -0.15887361820864E+03  0.21917826535032E+05 -0.46780637231141E+04 -0.49263718754584E+03  0.12625080788414E+03  0.89151198296721E+03  0.56998722202184E+02 -0.10625691298453E+01  0.10420865618460E+04 -0.15471603119131E+03  0.13895673786585E+04  0.79889005837799E+03 -0.26177722829223E+04  0.20656784893712E+03  0.20794371405286E+02  0.58521728385864E+00  0.24106707971982E+02  0.20824969734649E+03 -0.39283845733330E+02  0.22354934064700E+02 -0.73836330129441E+03  0.19767325906956E-10 -0.51666938704785E+03 -0.35346957767292E+04  0.78974271129251E-09 -0.15987912810254E+04 -0.33684785798781E+02 -0.56736090358921E+02 -0.11938712905372E+01 -0.52344860549063E+00  0.12354019419016E+03 -0.20146337190799E+04  0.30653595216691E-10
   0.11865517444101E+04 -0.85175049379835E+02  0.27039364124873E+02 -0.11546402165351E+03  0.32639310049768E+01 -0.39855056803099E+02 -0.15690516096712E+02  0.14143040056975E+04 -0.25337180664145E+03 -0.41175853316213E+02  0.86853170119455E+01  0.56998722202184E+02  0.47522945877389E+01 -0.11724208483971E+00  0.57501801164156E+02 -0.10244625711566E+02  0.85061378434677E+02  0.52491664762533E+02 -0.12332446061851E+03  0.12165077275986E+02  0.17585296160616E+01  0.12688456312660E+00  0.28335672412346E+01  0.21863464274612E+02 -0.67113577639930E+01  0.32031882251726E+01 -0.10078339278044E+03 -0.42876065279057E-11 -0.19734139032502E+02 -0.38445378053837E+03  0.21997150205455E-10 -0.96853379636179E+02 -0.82230280458896E+01 -0.43528769411849E+01 -0.11605408687829E+00 -0.46552789023096E-01  0.13999450508774E+02 -0.14053349763289E+03  0.11317852965213E-11
  -0.10208287228858E+03  0.11685125906782E+02 -0.28224071612560E+01  0.53120521314712E+02 -0.46188301638671E+01  0.14356951883240E+02  0.76065790066417E+01  0.88751735065899E+02 -0.12218961372461E+02 -0.14668799330549E+01  0.50334244016579E+00 -0.10625691298453E+01 -0.11724208483971E+00  0.37366396044203E-01  0.11975371061943E+02 -0.91778968781907E+00  0.83347064805534E+01  0.39657983798017E+01 -0.44329864406211E+02  0.11675134024955E+01 -0.33732744020890E-01 -0.16423421877883E-01 -0.43331893108284E-02  0.15495403240034E-02 -0.40883788152278E-02 -0.15274624664244E-01  0.55111804687905E-01  0.49097907387043E-13 -0.46770693297012E+01 -0.44572287552596E+00  0.11745164802172E-11 -0.20128080108625E+01 -0.37650053970463E-05 -0.10298646853890E+00 -0.12195068422066E-02 -0.67564442803344E-03 -0.20704763212429E+01 -0.21191822941626E+01 -0.13300477635125E-12
   0.16641805300229E+05 -0.30739479067441E+03 -0.15560003826691E+02  0.33625669859460E+05 -0.29466551428325E+04  0.81519414148984E+04  0.43393478753403E+04  0.97752304351454E+05  0.48003729666349E+05 -0.40911118212541E+04  0.11118453474328E+04  0.10420865618460E+04  0.57501801164156E+02  0.11975371061943E+02  0.51876719448639E+05 -0.51176854603670E+04  0.44265799277641E+05  0.23584652193604E+05 -0.39524735358613E+05  0.21530738236288E+02  0.48525618445683E+02  0.22470076156624E+02 -0.22661790912258E+02 -0.16611134149294E+03  0.72376138156497E+03  0.10897531242952E+02 -0.30881634391433E+04 -0.20058605720888E+04 -0.25141598036259E+04  0.18705518537477E+04  0.42138166253464E+04 -0.14518258218562E+04 -0.30204566733145E+04 -0.75164971626868E+03 -0.31659121862311E+04 -0.16356376971211E+04 -0.20100636357245E+04 -0.10193654971666E+04 -0.11513394842616E+04
  -0.38701024622654E+04  0.18169972848128E+03 -0.50903562570873E+02 -0.44224835600470E+04  0.41065651683662E+03 -0.10730742548658E+04 -0.59309521848664E+03 -0.12959768968902E+05 -0.23154881478117E+04  0.53809751482351E+03 -0.12917411873549E+03 -0.15471603119131E+03 -0.10244625711566E+02 -0.91778968781907E+00 -0.51176854603670E+04  0.59542381976548E+03 -0.50619398204644E+04 -0.28047444157596E+04  0.55808809005166E+04  0.16369007640398E+02 -0.50835915531588E+01 -0.36911906278459E+01 -0.37153990594011E+01 -0.19789019503910E+02 -0.14656708790041E+03 -0.18503451027589E+02  0.61359246179474E+03  0.38413804128013E+03  0.29943575048948E+03 -0.10480263191135E+03 -0.41092209395061E+03  0.16263766111251E+03  0.33446056146472E+03  0.88512770280407E+02  0.53149988964111E+03  0.25322726289944E+03 -0.43827172691239E+03  0.29606368688947E+03  0.33398809245639E+03
   0.20394364813944E+05 -0.33812495009202E+03  0.87005028002008E+02  0.34384750335185E+05 -0.28787498812762E+04  0.86282019280239E+04  0.44231927464401E+04  0.11634897072762E+06  0.17440009214157E+05 -0.43651622653698E+04  0.11213434049386E+04  0.13895673786585E+04  0.85061378434677E+02  0.83347064805534E+01  0.44265799277641E+05 -0.50619398204644E+04  0.43980013545475E+05  0.24119572605969E+05 -0.38682862380282E+05  0.14307844563510E+02  0.73252920513146E+02  0.31136340011541E+02 -0.69427089639542E+02 -0.32732248893482E+03  0.89882147077459E+03 -0.12993962028958E+03 -0.38670712550972E+04 -0.24389543836924E+04 -0.29450700085009E+04  0.26030087543072E+04  0.60868266445902E+04 -0.14021618478334E+04 -0.29255111492787E+04 -0.76726538093522E+03 -0.35552690846711E+04 -0.18659024550083E+04  0.25826571521335E+04 -0.23709405789074E+04 -0.26399365016618E+04
   0.14602961326943E+05 -0.36524127313486E+03  0.14018012603175E+03  0.19738311647451E+05 -0.17031485393554E+04  0.49615704192994E+04  0.26011098065643E+04  0.63314757337044E+05  0.88827635848202E+04 -0.25096972534333E+04  0.61570415110297E+03  0.79889005837799E+03  0.52491664762533E+02  0.39657983798017E+01  0.23584652193604E+05 -0.28047444157596E+04  0.24119572605969E+05  0.13396270991802E+05 -0.22887161450957E+05 -0.26967487407208E+02  0.40564758021794E+02  0.20228163857231E+02 -0.23516960964006E+02 -0.82525943609976E+02  0.65251157937906E+03 -0.38669967718186E+02 -0.26859442138137E+04 -0.16643680729568E+04 -0.14858676897183E+04  0.11418107420248E+04  0.31995556339269E+04 -0.72734068655997E+03 -0.15123624770439E+04 -0.42843253268237E+03 -0.23285553062935E+04 -0.11703262193748E+04  0.23433503595870E+04 -0.15951024235070E+04 -0.17806070263021E+04
  -0.33081353400521E+07  0.10379574757772E+07 -0.83904053781549E+05 -0.11124991761841E+07  0.26204655904581E+06 -0.62294602860994E+05 -0.12828610174915E+06 -0.27384672267986E+06 -0.28472586979313E+05  0.25444916670608E+05 -0.24938007459849E+04 -0.26177722829223E+04 -0.12332446061851E+03 -0.44329864406211E+02 -0.39524735358613E+05  0.55808809005166E+04 -0.38682862380282E+05 -0.22887161450957E+05  0.95919201844230E+07  0.83437728741078E+05  0.42216786780014E+05  0.21961652627389E+05  0.24825575868753E+05  0.40577576494457E+05  0.27733368599522E+06  0.15579262428939E+06  0.21814793839168E+05  0.48421572611349E+05 -0.68617351248652E+03  0.34111272727664E+06  0.16589062299793E+07  0.10014016346925E+05  0.20049353325631E+05  0.11895536113028E+03  0.14778387560653E+05  0.46743351480479E+04 -0.10835323508709E+05  0.13087850172341E+05  0.40315949807677E+05
  -0.55176602497063E+05  0.12456955031280E+05 -0.13871726365147E+04 -0.17493120926181E+05  0.32094398414919E+04 -0.21192983772191E+04 -0.23201793755511E+04 -0.38476643318900E+05  0.93566241437348E+04  0.11856119049657E+04 -0.20555689090636E+03  0.20656784893712E+03  0.12165077275986E+02  0.11675134024955E+01  0.21530738236288E+02  0.16369007640398E+02  0.14307844563510E+02 -0.26967487407208E+02  0.83437728741078E+05  0.26315219811086E+04  0.82819268897312E+03  0.34469654526026E+03  0.10301006487980E+03 -0.45493540779621E+03  0.39007510169191E+04  0.12306769017173E+04  0.00000000000000E+00  0.25929625977970E+04  0.00000000000000E+00  0.00000000000000E+00  0.41021390368751E+05  0.00000000000000E+00  0.00000000000000E+00  0.00000000000000E+00  0.00000000000000E+00  0.00000000000000E+00  0.00000000000000E+00  0.00000000000000E+00  0.42414903961380E+04
  -0.22650141405372E+05  0.59366469114491E+04 -0.57238680363124E+03 -0.65147882963042E+04  0.13728898985399E+04 -0.56198531236438E+03 -0.82469869203749E+03 -0.71841561031601E+04  0.14177609421003E+04  0.30020817711358E+03 -0.41451771516644E+02  0.20794371405286E+02  0.17585296160616E+01 -0.33732744020890E-01  0.48525618445683E+02 -0.50835915531588E+01  0.73252920513146E+02  0.40564758021794E+02  0.42216786780014E+05  0.82819268897312E+03  0.34331693024741E+03  0.16103044219735E+03  0.10078522470164E+03  0.31385121396456E+02  0.17721146775629E+04  0.76776551847107E+03  0.00000000000000E+00  0.67256863899300E+03  0.00000000000000E+00  0.00000000000000E+00  0.15212350098900E+05  0.00000000000000E+00  0.00000000000000E+00  0.00000000000000E+00  0.00000000000000E+00  0.00000000000000E+00  0.00000000000000E+00  0.00000000000000E+00  0.87971851309737E+03
  -0.10351458052528E+05  0.30299329095997E+04 -0.26205802367967E+03 -0.26166457592157E+04  0.60885558838383E+03 -0.14752941903418E+03 -0.30698197844523E+03 -0.17974985792070E+04  0.30870291204471E+03  0.90699920124046E+02 -0.10743437520077E+02  0.58521728385864E+00  0.12688456312660E+00 -0.16423421877883E-01  0.22470076156624E+02 -0.36911906278459E+01  0.31136340011541E+02  0.20228163857231E+02  0.21961652627389E+05  0.34469654526026E+03  0.16103044219735E+03  0.81459088897117E+02  0.68274880853025E+02  0.79853738059698E+02  0.86699283053137E+03  0.46662075929174E+03  0.00000000000000E+00  0.19617492043638E+03  0.00000000000000E+00  0.00000000000000E+00  0.65228980155591E+04  0.00000000000000E+00  0.00000000000000E+00  0.00000000000000E+00  0.00000000000000E+00  0.00000000000000E+00  0.00000000000000E+00  0.00000000000000E+00  0.25953205760119E+03
  -0.89703756290220E+04  0.47739852816462E+04 -0.23226457288770E+03 -0.20594401478674E+03  0.31463308718466E+03  0.35002388888370E+03  0.10138531127692E+03  0.56179972068741E+04 -0.12415594904323E+04 -0.17206239724191E+03  0.31583141929567E+02  0.24106707971982E+02  0.28335672412346E+01 -0.43331893108284E-02 -0.22661790912258E+02 -0.37153990594011E+01 -0.69427089639542E+02 -0.23516960964006E+02  0.24825575868753E+05  0.10301006487980E+03  0.10078522470164E+03  0.68274880853025E+02  0.19972376865736E+03  0.51499854632989E+03  0.10972735038371E+04  0.10733199180919E+04 -0.58023502733460E+02 -0.34449929563949E+02  0.34516540443842E+01  0.11254980273508E+04  0.18229423627704E+04  0.00000000000000E+00  0.00000000000000E+00  0.00000000000000E+00  0.00000000000000E+00  0.00000000000000E+00  0.00000000000000E+00 -0.23979781266484E+03 -0.26441196623506E+03
   0.28438148508246E+04  0.69846479410751E+04  0.18948921936608E+02  0.49964877850838E+04  0.72405404103036E+02  0.20610933325407E+04  0.11037947201867E+04  0.43154393685709E+05 -0.10056397427831E+05 -0.12449364991798E+04  0.23729585714326E+03  0.20824969734649E+03  0.21863464274612E+02  0.15495403240034E-02 -0.16611134149294E+03 -0.19789019503910E+02 -0.32732248893482E+03 -0.82525943609976E+02  0.40577576494457E+05 -0.45493540779621E+03  0.31385121396456E+02  0.79853738059698E+02  0.51499854632989E+03  0.20598099608151E+04  0.13287265519331E+04  0.20100502546793E+04 -0.22801739002058E+03 -0.15839451825238E+03 -0.23720095932779E+02 -0.51117080184191E+04 -0.90193121751678E+04  0.00000000000000E+00  0.00000000000000E+00  0.00000000000000E+00  0.00000000000000E+00  0.00000000000000E+00  0.00000000000000E+00 -0.21460272425919E+04 -0.23688951602032E+04
  -0.20399485154024E+06  0.56550525413222E+05 -0.51782130508450E+04 -0.37300324925800E+05  0.85681829321537E+04 -0.21595416053490E+04 -0.44592170691705E+04 -0.28796532470487E+05  0.46221460886815E+04  0.15634498959511E+04 -0.17469202057312E+03 -0.39283845733330E+02 -0.67113577639930E+01 -0.40883788152278E-02  0.72376138156497E+03 -0.14656708790041E+03  0.89882147077459E+03  0.65251157937906E+03  0.27733368599522E+06  0.39007510169191E+04  0.17721146775629E+04  0.86699283053137E+03  0.10972735038371E+04  0.13287265519331E+04  0.16658535157410E+05  0.72697755950108E+04  0.24687225158417E+03  0.18632622397337E+03  0.13867634930204E+01  0.41660548829132E+05  0.82691746646106E+05  0.00000000000000E+00  0.00000000000000E+00  0.00000000000000E+00  0.00000000000000E+00  0.00000000000000E+00  0.00000000000000E+00  0.17541546743450E+04  0.21422460886756E+04
  -0.72193227785226E+05  0.30930317856829E+05 -0.18230792936299E+04 -0.62042198478653E+04  0.23178286932411E+04  0.74432351473899E+03 -0.27552762205584E+03  0.65369530049015E+04 -0.13613418542150E+04 -0.19328502857102E+03  0.37744664718272E+02  0.22354934064700E+02  0.32031882251726E+01 -0.15274624664244E-01  0.10897531242952E+02 -0.18503451027589E+02 -0.12993962028958E+03 -0.38669967718186E+02  0.15579262428939E+06  0.12306769017173E+04  0.76776551847107E+03  0.46662075929174E+03  0.10733199180919E+04  0.20100502546793E+04  0.72697755950108E+04  0.66578220182529E+04 -0.23380315558518E+03 -0.12434457514272E+03  0.12106107593274E+02  0.13349976515695E+05  0.22412103170164E+05  0.00000000000000E+00  0.00000000000000E+00  0.00000000000000E+00  0.00000000000000E+00  0.00000000000000E+00  0.00000000000000E+00 -0.12577592089988E+03 -0.12410496832932E+03
  -0.13890512428916E+06  0.17064119810637E+05 -0.34606081232553E+04 -0.13141260201849E+05  0.20344081066362E+04 -0.22088664484602E+04 -0.20496268784409E+04 -0.63378176230450E+05  0.11238763392397E+05  0.25945971491864E+04 -0.38175472793631E+03 -0.73836330129441E+03 -0.10078339278044E+03  0.55111804687905E-01 -0.30881634391433E+04  0.61359246179474E+03 -0.38670712550972E+04 -0.26859442138137E+04  0.21814793839168E+05  0.00000000000000E+00  0.00000000000000E+00  0.00000000000000E+00 -0.58023502733460E+02 -0.22801739002058E+03  0.24687225158417E+03 -0.23380315558518E+03  0.11729183792848E+06  0.00000000000000E+00  0.00000000000000E+00  0.00000000000000E+00  0.00000000000000E+00  0.00000000000000E+00  0.00000000000000E+00  0.00000000000000E+00  0.00000000000000E+00  0.00000000000000E+00  0.00000000000000E+00  0.00000000000000E+00  0.00000000000000E+00
  -0.58494577090452E+05  0.83254973010461E+04 -0.14504700512351E+04 -0.21854201362915E+05  0.34816688461413E+04 -0.34726797002564E+04 -0.32797685753000E+04 -0.49912790175048E+05  0.10444837010433E+05  0.17575650660263E+04 -0.28419658053551E+03  0.19767325906956E-10 -0.42876065279057E-11  0.49097907387043E-13 -0.20058605720888E+04  0.38413804128013E+03 -0.24389543836924E+04 -0.16643680729568E+04  0.48421572611349E+05  0.25929625977970E+04  0.67256863899300E+03  0.19617492043638E+03 -0.34449929563949E+02 -0.15839451825238E+03  0.18632622397337E+03 -0.12434457514272E+03  0.00000000000000E+00  0.64770291198471E+05  0.00000000000000E+00  0.00000000000000E+00  0.00000000000000E+00  0.00000000000000E+00  0.00000000000000E+00  0.00000000000000E+00  0.00000000000000E+00  0.00000000000000E+00  0.00000000000000E+00  0.00000000000000E+00  0.00000000000000E+00
  -0.63041668518171E+04 -0.13885397377960E+03 -0.14776583087118E+02 -0.18158951539881E+03 -0.52421879384512E+02  0.74992149247798E+02  0.95615078024280E+02 -0.76490514476060E+05  0.26111152001638E+05  0.75107834693684E+03 -0.31414194694379E+03 -0.51666938704785E+03 -0.19734139032502E+02 -0.46770693297012E+01 -0.25141598036259E+04  0.29943575048948E+03 -0.29450700085009E+04 -0.14858676897183E+04 -0.68617351248652E+03  0.00000000000000E+00  0.00000000000000E+00  0.00000000000000E+00  0.34516540443842E+01 -0.23720095932779E+02  0.13867634930204E+01  0.12106107593274E+02  0.00000000000000E+00  0.00000000000000E+00  0.30836892487498E+05  0.00000000000000E+00  0.00000000000000E+00  0.00000000000000E+00  0.00000000000000E+00  0.00000000000000E+00  0.00000000000000E+00  0.00000000000000E+00  0.00000000000000E+00  0.00000000000000E+00  0.00000000000000E+00
  -0.88455566690133E+06  0.20065765088170E+06 -0.22053951053568E+05 -0.66386415168680E+05  0.12576527325114E+05 -0.78915675593523E+04 -0.89069348520458E+04 -0.30801265144342E+06  0.68690188163387E+05  0.10483460519442E+05 -0.17114398218165E+04 -0.35346957767292E+04 -0.38445378053837E+03 -0.44572287552596E+00  0.18705518537477E+04 -0.10480263191135E+03  0.26030087543072E+04  0.11418107420248E+04  0.34111272727664E+06  0.00000000000000E+00  0.00000000000000E+00  0.00000000000000E+00  0.11254980273508E+04 -0.51117080184191E+04  0.41660548829132E+05  0.13349976515695E+05  0.00000000000000E+00  0.00000000000000E+00  0.00000000000000E+00  0.58335365940255E+06  0.00000000000000E+00  0.00000000000000E+00  0.00000000000000E+00  0.00000000000000E+00  0.00000000000000E+00  0.00000000000000E+00  0.00000000000000E+00  0.00000000000000E+00  0.00000000000000E+00
  -0.11323463159638E+07  0.24901201237318E+06 -0.28375125387467E+05 -0.34381924266139E+06  0.66004514721648E+05 -0.38718010693889E+05 -0.46293264214327E+05 -0.58869382170900E+06  0.12719067965640E+06  0.21228774209806E+05 -0.33053959722825E+04  0.78974271129251E-09  0.21997150205455E-10  0.11745164802172E-11  0.42138166253464E+04 -0.41092209395061E+03  0.60868266445902E+04  0.31995556339269E+04  0.16589062299793E+07  0.41021390368751E+05  0.15212350098900E+05  0.65228980155591E+04  0.18229423627704E+04 -0.90193121751678E+04  0.82691746646106E+05  0.22412103170164E+05  0.00000000000000E+00  0.00000000000000E+00  0.00000000000000E+00  0.00000000000000E+00  0.92661453615024E+06  0.00000000000000E+00  0.00000000000000E+00  0.00000000000000E+00  0.00000000000000E+00  0.00000000000000E+00  0.00000000000000E+00  0.00000000000000E+00  0.00000000000000E+00
  -0.21467634510082E+05  0.56380271915095E+04 -0.54831277071004E+03 -0.12211149900120E+04  0.32387406560694E+03 -0.11384500161225E+02 -0.13882519973632E+03 -0.75602812728341E+05  0.22690003314691E+05  0.14041104022211E+04 -0.35957379527256E+03 -0.15987912810254E+04 -0.96853379636179E+02 -0.20128080108625E+01 -0.14518258218562E+04  0.16263766111251E+03 -0.14021618478334E+04 -0.72734068655997E+03  0.10014016346925E+05  0.00000000000000E+00  0.00000000000000E+00  0.00000000000000E+00  0.00000000000000E+00  0.00000000000000E+00  0.00000000000000E+00  0.00000000000000E+00  0.00000000000000E+00  0.00000000000000E+00  0.00000000000000E+00  0.00000000000000E+00  0.00000000000000E+00  0.13644959068081E+05  0.00000000000000E+00  0.00000000000000E+00  0.00000000000000E+00  0.00000000000000E+00  0.00000000000000E+00  0.00000000000000E+00  0.00000000000000E+00
  -0.49500659695718E+05  0.13226425313762E+05 -0.12673621380168E+04 -0.24470369091869E+04  0.62768728209714E+03 -0.54356915174267E+02 -0.27394812825587E+03 -0.17304145934277E+06  0.52082900475869E+05  0.31639037550682E+04 -0.82196785393923E+03 -0.33684785798781E+02 -0.82230280458896E+01 -0.37650053970463E-05 -0.30204566733145E+04  0.33446056146472E+03 -0.29255111492787E+04 -0.15123624770439E+04  0.20049353325631E+05  0.00000000000000E+00  0.00000000000000E+00  0.00000000000000E+00  0.00000000000000E+00  0.00000000000000E+00  0.00000000000000E+00  0.00000000000000E+00  0.00000000000000E+00  0.00000000000000E+00  0.00000000000000E+00  0.00000000000000E+00  0.00000000000000E+00  0.00000000000000E+00  0.31571533111980E+05  0.00000000000000E+00  0.00000000000000E+00  0.00000000000000E+00  0.00000000000000E+00  0.00000000000000E+00  0.00000000000000E+00
  -0.33742046064238E+04  0.42240045836116E+03 -0.75971144923861E+02 -0.66756803182662E+02  0.85329745708034E+01 -0.14241463441650E+02 -0.10220787580742E+02 -0.15561606742548E+04  0.22020364514704E+03  0.44257665161270E+02 -0.98308079089661E+01 -0.56736090358921E+02 -0.43528769411849E+01 -0.10298646853890E+00 -0.75164971626868E+03  0.88512770280407E+02 -0.76726538093522E+03 -0.42843253268237E+03  0.11895536113028E+03  0.00000000000000E+00  0.00000000000000E+00  0.00000000000000E+00  0.00000000000000E+00  0.00000000000000E+00  0.00000000000000E+00  0.00000000000000E+00  0.00000000000000E+00  0.00000000000000E+00  0.00000000000000E+00  0.00000000000000E+00  0.00000000000000E+00  0.00000000000000E+00  0.00000000000000E+00  0.37968332402488E+04  0.00000000000000E+00  0.00000000000000E+00  0.00000000000000E+00  0.00000000000000E+00  0.00000000000000E+00
  -0.90449499117924E+04  0.22894869063230E+04 -0.22930876970434E+03 -0.23533268681585E+04  0.48822828405537E+03 -0.22017143936595E+03 -0.30915939267498E+03  0.10268218130497E+04 -0.14524343205821E+04  0.10221217531539E+03 -0.67668380765513E+01 -0.11938712905372E+01 -0.11605408687829E+00 -0.12195068422066E-02 -0.31659121862311E+04  0.53149988964111E+03 -0.35552690846711E+04 -0.23285553062935E+04  0.14778387560653E+05  0.00000000000000E+00  0.00000000000000E+00  0.00000000000000E+00  0.00000000000000E+00  0.00000000000000E+00  0.00000000000000E+00  0.00000000000000E+00  0.00000000000000E+00  0.00000000000000E+00  0.00000000000000E+00  0.00000000000000E+00  0.00000000000000E+00  0.00000000000000E+00  0.00000000000000E+00  0.00000000000000E+00  0.81379462802156E+04  0.00000000000000E+00  0.00000000000000E+00  0.00000000000000E+00  0.00000000000000E+00
  -0.32142365894940E+04  0.73048402033825E+03 -0.81449108250734E+02 -0.92533355437154E+03  0.17903624348322E+03 -0.10692568688179E+03 -0.12769747810259E+03  0.57151322276951E+03 -0.77256286943213E+03  0.46992289716361E+02 -0.34451494765714E+01 -0.52344860549063E+00 -0.46552789023096E-01 -0.67564442803344E-03 -0.16356376971211E+04  0.25322726289944E+03 -0.18659024550083E+04 -0.11703262193748E+04  0.46743351480479E+04  0.00000000000000E+00  0.00000000000000E+00  0.00000000000000E+00  0.00000000000000E+00  0.00000000000000E+00  0.00000000000000E+00  0.00000000000000E+00  0.00000000000000E+00  0.00000000000000E+00  0.00000000000000E+00  0.00000000000000E+00  0.00000000000000E+00  0.00000000000000E+00  0.00000000000000E+00  0.00000000000000E+00  0.00000000000000E+00  0.41752658663777E+04  0.00000000000000E+00  0.00000000000000E+00  0.00000000000000E+00
  -0.23601331620622E+05 -0.19138639594240E+04 -0.19201227245369E+03 -0.11250051242124E+05  0.39938669990224E+03 -0.27706508786057E+04 -0.11805715604902E+04 -0.29475274859987E+06  0.11739446664274E+06  0.31568455976833E+04 -0.10412520348449E+04  0.12354019419016E+03  0.13999450508774E+02 -0.20704763212429E+01 -0.20100636357245E+04 -0.43827172691239E+03  0.25826571521335E+04  0.23433503595870E+04 -0.10835323508709E+05  0.00000000000000E+00  0.00000000000000E+00  0.00000000000000E+00  0.00000000000000E+00  0.00000000000000E+00  0.00000000000000E+00  0.00000000000000E+00  0.00000000000000E+00  0.00000000000000E+00  0.00000000000000E+00  0.00000000000000E+00  0.00000000000000E+00  0.00000000000000E+00  0.00000000000000E+00  0.00000000000000E+00  0.00000000000000E+00  0.00000000000000E+00  0.12970726487472E+06  0.00000000000000E+00  0.00000000000000E+00
  -0.79968461644628E+05  0.87854350285480E+04 -0.17360883330316E+04 -0.76932805251830E+04  0.86605950699896E+03 -0.16077133781816E+04 -0.10096803149358E+04 -0.15749895563286E+06  0.47578762210705E+05  0.28987861864599E+04 -0.74823742991643E+03 -0.20146337190799E+04 -0.14053349763289E+03 -0.21191822941626E+01 -0.10193654971666E+04  0.29606368688947E+03 -0.23709405789074E+04 -0.15951024235070E+04  0.13087850172341E+05  0.00000000000000E+00  0.00000000000000E+00  0.00000000000000E+00 -0.23979781266484E+03 -0.21460272425919E+04  0.17541546743450E+04 -0.12577592089988E+03  0.00000000000000E+00  0.00000000000000E+00  0.00000000000000E+00  0.00000000000000E+00  0.00000000000000E+00  0.00000000000000E+00  0.00000000000000E+00  0.00000000000000E+00  0.00000000000000E+00  0.00000000000000E+00  0.00000000000000E+00  0.95980802757323E+05  0.00000000000000E+00
  -0.62635095428624E+05  0.72866174174233E+04 -0.13814787244271E+04 -0.22810951501261E+05  0.26668615493654E+04 -0.46490071155983E+04 -0.30192683046580E+04 -0.19037794011949E+06  0.57069533729819E+05  0.35805181834421E+04 -0.90900215062410E+03  0.30653595216691E-10  0.11317852965213E-11 -0.13300477635125E-12 -0.11513394842616E+04  0.33398809245639E+03 -0.26399365016618E+04 -0.17806070263021E+04  0.40315949807677E+05  0.42414903961380E+04  0.87971851309737E+03  0.25953205760119E+03 -0.26441196623506E+03 -0.23688951602032E+04  0.21422460886756E+04 -0.12410496832932E+03  0.00000000000000E+00  0.00000000000000E+00  0.00000000000000E+00  0.00000000000000E+00  0.00000000000000E+00  0.00000000000000E+00  0.00000000000000E+00  0.00000000000000E+00  0.00000000000000E+00  0.00000000000000E+00  0.00000000000000E+00  0.00000000000000E+00  0.10052676081885E+06

 # Covariance matrix (Bevington epsilon)
   0.92677073598704E-03  0.80225284152157E-04 -0.34362695958017E-01  0.29625980134738E-04 -0.53950040670717E-03  0.57897420650895E-03 -0.10318810387618E-02  0.60551840253483E-04  0.40774716315484E-04 -0.15822572008890E-02 -0.23175580227676E-01 -0.13420637144107E-02  0.10915653459347E-02 -0.74954678715569E-01  0.12019998290408E-03  0.34389385509916E-02 -0.11508599324660E-03  0.44864970976485E-03  0.42421913273228E-05 -0.69805093827815E-03  0.30727942285872E-02 -0.30062734541548E-02  0.34560813689583E-02 -0.74233738647395E-03  0.59340645995713E-04 -0.36415760424866E-03  0.48765354104010E-04  0.47908236865463E-04  0.45679324540804E-04  0.54128731924834E-04  0.50921134291566E-04 -0.31045161153915E-03 -0.15302160144664E-03  0.59163143802029E-04 -0.50773492114284E-04 -0.52078028021345E-04  0.87301084170807E-04  0.52572063561580E-04  0.47919632365911E-04
   0.80225284152151E-04  0.14393385445884E-03 -0.14619826636325E-02  0.96952897032730E-04  0.17641437193640E-03  0.16513101579444E-03 -0.51616480968765E-03  0.85306769566541E-05  0.55170822856838E-05  0.53790893614940E-03 -0.11776590092785E-02  0.18362014832518E-03 -0.82640378932987E-03  0.21923119862742E-01  0.20989747557235E-04  0.38552067379177E-03  0.22340402937268E-04 -0.65123882825535E-04 -0.13188570405962E-05 -0.19099409235185E-03 -0.29489762178980E-03  0.15201345225183E-02  0.84289095527080E-03 -0.23133898273506E-03  0.73414594326938E-04 -0.40665884620444E-03  0.18639060320321E-04  0.16590501621030E-04  0.12499107170878E-04  0.10978992512225E-04  0.11731397673443E-04 -0.24608710842349E-04 -0.42608604272330E-04  0.15191133357138E-04 -0.21511764533112E-04 -0.18685531730647E-04  0.15612642803777E-04  0.13445176904868E-04  0.12466512204924E-04
