# fitpack15: fit parameters                                                                         
# CJ15 AV18 final data choices                                                                      
# Created on 03/18/2020 at 15:22:34                                                                 

 # QCD setup
  INS                           0
  NVL                          11
  IORD                          1
  Q02                   1.6899999999999999     
  IPARAMC                       7
  FLAVOR                5.0000000000000000     
  xmc                   1.3000000000000000     
  xmb                   4.5000000000000000     
  ncb                          12
  ihq                           1
  ias                           0

 # Theory corrections
  inuke                     10114
  itmc                          1
  iht                           1

 # fit parameters
 LAMBDA       0.22680        0.0000    
 a0uv          1.6133        0.0000    
 a1uv         0.52818       0.27633E-01
 a2uv          3.5757       0.10593E-01
 a3uv          0.0000        0.0000    
 a4uv          5.8291       0.90125    
 a5uv          0.0000        0.0000    
 a0dv          16.286        0.0000    
 a1dv          1.0501       0.35504E-01
 a2dv          6.3762       0.17095    
 a3dv         -3.5170       0.10231    
 a4dv          5.1021       0.16966    
 a5dv          0.0000        0.0000    
 a0ud         0.13684       0.49369E-02
 a1ud        -0.21420       0.39058E-02
 a2ud          8.8213       0.17847    
 a3ud          0.0000        0.0000    
 a4ud          18.182        1.3996    
 a5ud          0.0000        0.0000    
 a0du          35712.        0.0000    
 a1du          4.0627       0.10012    
 a2du          21.547        1.0761    
 a3du          17.000        0.0000    
 a4du          55.190        14.220    
 a0g           42.787        0.0000    
 a1g          0.58819       0.31488E-01
 a2g           6.3370       0.93903    
 a3g          -3.3523       0.14022    
 a4g           3.3058       0.35129    
 a5g           0.0000        0.0000    
 kappa        0.40000        0.0000    
 a6dv        -0.36690E-02   0.11847E-02
 a7dv          2.0000        0.0000    
 off1        -0.36211E-01   0.12240    
 off2        -0.12309       0.74148    
 off3        -0.71118        1.0463    
 ht1          -4.0523       0.35642    
 ht2           2.1707       0.12159    
 ht3          -2.0856       0.28091E-01
 ht4           0.0000        0.0000    
 dummy41       0.0000        0.0000    
 dummy42       0.0000        0.0000    
 dummy43       0.0000        0.0000    
 dummy44       0.0000        0.0000    
 dummy45       0.0000        0.0000    
 dummy46       0.0000        0.0000    
 dummy47       0.0000        0.0000    
 dummy48       0.0000        0.0000    
 dummy49       0.0000        0.0000    
 bcdmsh2      0.96733       0.50989E-02
 bcdmsd2      0.98971       0.60769E-02
 ccfr          1.0000        0.0000    
 nutev         1.0000        0.0000    
 zeus         0.97998        0.0000    
 h1            1.0162        0.0000    
 e605          1.0319        0.0000    
 NmcH2         1.0050       0.72785E-02
 ntv_nu        1.0000        0.0000    
 ntv_nuba      1.0000        0.0000    
 cdf_jet      0.98910        0.0000    
 d0_jet       0.83504        0.0000    
 slac_p       0.99981       0.52982E-02
 slac_d        1.0009       0.57613E-02
 e866pp       0.99403       0.20864E-01
 e866pd       0.97303       0.18001E-01
 d0_gamje      1.0358       0.16505E-01
 h1b          0.97608        0.0000    
 blank         1.0000        0.0000    
 d0run2       0.94900       0.14873E-01
 cdfrun2      0.93654       0.17679E-01
 HERA_el       1.0000        0.0000    
 HERA_ps       1.0000        0.0000    
 CDF_Z        0.94418       0.68735E-02
 NmcRat        1.0000        0.0000    
 HERMES_F     0.99274       0.59453E-02
 HERMES_F     0.97676       0.61916E-02
 END 0. 0.

 # Hessian matrix (Bevington alpha)
   0.46316857140560E+07 -0.11046273618043E+07  0.13739293845992E+06  0.39414226514756E+06 -0.10814346225895E+06 -0.24862397152980E+05  0.38057086371349E+05  0.10033632540026E+07 -0.18863529415332E+06 -0.45943352334513E+05  0.62863714558173E+04  0.13925582833902E+05  0.14307563587656E+04 -0.10594857785254E+03  0.14209624738209E+05 -0.31470870783464E+04  0.14176824765343E+05  0.10214202585664E+05 -0.40264388003669E+07 -0.57625120654342E+05 -0.24557905641246E+05 -0.11631197327732E+05 -0.91864109517080E+04  0.25090543482212E+04 -0.17974527116148E+06 -0.13701206897277E+06 -0.57919484604065E+05 -0.59948789196850E+04 -0.89832270594196E+06 -0.11592159959494E+07 -0.21431256621675E+05 -0.48823489564818E+05 -0.33205162386010E+04 -0.91498727495997E+04 -0.32249959410949E+04 -0.22108967644529E+05 -0.78009593578554E+05 -0.61273900556883E+05
  -0.11046273618043E+07  0.33470516041734E+06 -0.33193458962947E+05 -0.10071742107917E+06  0.27889377738967E+05  0.70728757307196E+04 -0.78057420072078E+04 -0.11549020884662E+06  0.25267548352650E+05  0.59855356560280E+04 -0.67850675600705E+03 -0.10340519334900E+04 -0.10730724005870E+03  0.12161230526224E+02 -0.53300622241884E+02  0.95393247353387E+02 -0.25781873619084E+03 -0.23100385602249E+03  0.13302113931494E+07  0.13908956296807E+05  0.68351631379949E+04  0.35886656146595E+04  0.48898550853770E+04  0.55580059001044E+04  0.49737452994636E+05  0.16936345656904E+05  0.83611938122623E+04 -0.16013331652237E+03  0.21229396749101E+06  0.26717644668908E+06  0.57165815543665E+04  0.13219010176419E+05  0.42236526230821E+03  0.23518391546175E+04  0.74395520778212E+03 -0.20284628116991E+04  0.88361888732460E+04  0.74182842587260E+04
   0.13739293845992E+06 -0.33193458962947E+05  0.40999132946059E+04  0.11253688224896E+05 -0.32166915458221E+04 -0.91944089707711E+03  0.10619379819429E+04  0.22769583609596E+05 -0.41894893362424E+04 -0.12188245591565E+04  0.14467913334479E+03  0.31902214200916E+03  0.36583068029158E+02 -0.33264310783303E+01 -0.96472645805577E+02 -0.36246466824154E+02 -0.17788792819505E+01  0.73851366392545E+02 -0.12071977950604E+06 -0.16951506828591E+04 -0.72929943252015E+03 -0.34694547340073E+03 -0.28735025950496E+03  0.22170777938614E+01 -0.53712769588149E+04 -0.39332451319513E+04 -0.16592604679153E+04 -0.41145861681739E+01 -0.26175113304845E+05 -0.33955861250136E+05 -0.64307790653947E+03 -0.14694794138975E+04 -0.85471603710992E+02 -0.27168814657545E+03 -0.95379699683479E+02 -0.16084921088476E+03 -0.19263139163187E+04 -0.15437377812926E+04
   0.39414226514756E+06 -0.10071742107917E+06  0.11253688224896E+05  0.39804786743696E+06 -0.58745080282164E+05  0.63718332645254E+05  0.53062516984573E+05  0.38479389959048E+06 -0.29022761602978E+05 -0.17626778308209E+05  0.29030594246412E+04 -0.15042212892179E+04 -0.14286356948606E+03  0.56249844174529E+02  0.33420592054139E+05 -0.41958824627992E+04  0.27665395108364E+05  0.15736509259033E+05 -0.12499134185826E+07 -0.17889755932094E+05 -0.68567168066778E+04 -0.28477617513376E+04 -0.15006807580438E+03  0.41879837370957E+04 -0.32094795262232E+05 -0.13289544979283E+05 -0.22062208423857E+05 -0.20021648104693E+03 -0.67559586820408E+05 -0.35012485142027E+06 -0.13062578824877E+04 -0.24604506324135E+04 -0.66774038040662E+02 -0.24191012622843E+04 -0.94360304957562E+03 -0.11434357552957E+05 -0.76853899490694E+04 -0.22767893403866E+05
  -0.10814346225895E+06  0.27889377738967E+05 -0.32166915458221E+04 -0.58745080282164E+05  0.10584729674110E+05 -0.61177011945661E+04 -0.72658961375018E+04 -0.32179267575329E+05  0.14424405894956E+03  0.21122430294743E+04 -0.26635380485111E+03 -0.10487987521706E+02  0.43618560590213E+01 -0.48554825684088E+01 -0.28191771211473E+04  0.36712716960007E+03 -0.22557795002710E+04 -0.13115785758020E+04  0.27692924847272E+06  0.32027261966926E+04  0.13905672380617E+04  0.62748498325838E+03  0.25110691810710E+03 -0.77477833578479E+02  0.69098664463611E+04  0.20235925348842E+04  0.34413567765810E+04 -0.51089917853422E+02  0.12311164857134E+05  0.65025948228377E+05  0.32360781451413E+03  0.59009311493318E+03  0.83113400271985E+01  0.47196464475773E+03  0.17343306511916E+03  0.42985233027901E+03  0.84851303015733E+03  0.26242982196298E+04
  -0.24862397152980E+05  0.70728757307196E+04 -0.91944089707711E+03  0.63718332645254E+05 -0.61177011945661E+04  0.16137216662890E+05  0.96386302941781E+04  0.96397217578282E+05 -0.93284971494650E+04 -0.36104866609130E+04  0.70896529784313E+03 -0.60227059171340E+03 -0.51130554557853E+02  0.15285355412185E+02  0.81904129703204E+04 -0.10376296948816E+04  0.69537070768530E+04  0.39748801113480E+04 -0.37035467668824E+05 -0.17573035181379E+04 -0.40972793579629E+03 -0.79440246711859E+02  0.37880014765498E+03  0.16246850319457E+04 -0.12182171912363E+04 -0.20714584977941E+04 -0.32172883784337E+04  0.64682573989886E+02 -0.66831084967783E+04 -0.32126724882938E+05  0.15777407108486E+02 -0.27104945111057E+01 -0.13863921850212E+02 -0.18340603829962E+03 -0.93841347992434E+02 -0.28763500837684E+04 -0.15686548363535E+04 -0.44879235249063E+04
   0.38057086371349E+05 -0.78057420072078E+04  0.10619379819429E+04  0.53062516984573E+05 -0.72658961375018E+04  0.96386302941781E+04  0.75005215344210E+04  0.51823284144945E+05 -0.28909004824609E+04 -0.25277931352648E+04  0.40266291478402E+03 -0.20252067064295E+03 -0.20273369016658E+02  0.80869701750134E+01  0.42911381993006E+04 -0.55820618804212E+03  0.35268825227710E+04  0.20533361077894E+04 -0.12197176805771E+06 -0.21409841573954E+04 -0.75790848186287E+03 -0.28148014543370E+03  0.13546481791559E+03  0.92950677961100E+03 -0.34042257827218E+04 -0.19835765945043E+04 -0.31463701325247E+04  0.93005055134526E+02 -0.82493568715702E+04 -0.42796957424067E+05 -0.12729522853200E+03 -0.23649993445196E+03 -0.99728447063768E+01 -0.28803958376901E+03 -0.12013173904748E+03 -0.12314561640576E+04 -0.98316716622025E+03 -0.29244938719552E+04
   0.10033632540026E+07 -0.11549020884662E+06  0.22769583609596E+05  0.38479389959048E+06 -0.32179267575329E+05  0.96397217578282E+05  0.51823284144945E+05  0.58837242664021E+07 -0.25243454570935E+07 -0.91839691011595E+05  0.24947912482214E+05  0.25845554527465E+05  0.16572740430496E+04  0.96160204660672E+02  0.96131147110300E+05 -0.12421600188521E+05  0.92798473781771E+05  0.50533682640063E+05 -0.32210869210001E+06 -0.37947207974887E+05 -0.71971797087939E+04 -0.18494006716918E+04  0.55684176498942E+04  0.32885159152263E+05 -0.25585901586749E+05 -0.64460243484796E+05 -0.51054929596578E+05 -0.75075040160285E+05 -0.30414553001477E+06 -0.58810481966405E+06 -0.75816111309007E+05 -0.17156101133490E+06 -0.14965627173566E+04  0.73684938701029E+03  0.47172753434151E+03 -0.29278892235092E+06 -0.15345817746793E+06 -0.18719904904569E+06
  -0.18863529415332E+06  0.25267548352650E+05 -0.41894893362424E+04 -0.29022761602978E+05  0.14424405894956E+03 -0.93284971494650E+04 -0.28909004824609E+04 -0.25243454570935E+07  0.19268031779763E+07  0.19558450828051E+05 -0.60340125815356E+04 -0.54737986785105E+04 -0.29318450736582E+03 -0.13169823147300E+02  0.48334230896420E+05 -0.22899801842052E+04  0.15045742452907E+05  0.73707118337536E+04 -0.24257428115870E+05  0.92218195654844E+04  0.14050745953105E+04  0.31158027989233E+03 -0.12114869889356E+04 -0.75270862185352E+04  0.40166366710504E+04  0.11433575070543E+05  0.10687139211420E+05  0.25647833470003E+05  0.67495559722056E+05  0.12638859008953E+06  0.22755345649060E+05  0.51631699986811E+05  0.20159592516173E+03 -0.13777983928985E+04 -0.74821583273945E+03  0.11681736199143E+06  0.46451050805229E+05  0.56191967728717E+05
  -0.45943352334513E+05  0.59855356560280E+04 -0.12188245591565E+04 -0.17626778308209E+05  0.21122430294743E+04 -0.36104866609130E+04 -0.25277931352648E+04 -0.91839691011595E+05  0.19558450828051E+05  0.25377343268450E+04 -0.54524577403232E+03 -0.58725841632426E+03 -0.49192740076271E+02 -0.16329996467424E+01 -0.40784491880288E+04  0.51649767280615E+03 -0.34620825453736E+04 -0.19852110645750E+04  0.29226201743903E+05  0.11951465361148E+04  0.31093487638488E+03  0.97140681593830E+02 -0.17635269311033E+03 -0.99071915465565E+03  0.14443617258217E+04  0.26749315577901E+04  0.18222107737501E+04  0.74476737335721E+03  0.10613704038829E+05  0.21726875541919E+05  0.14390005744620E+04  0.31979022619569E+04  0.43802953889803E+02  0.11246366644749E+03  0.50653103120343E+02  0.31775559692416E+04  0.28602770501030E+04  0.35682165071425E+04
   0.62863714558173E+04 -0.67850675600705E+03  0.14467913334479E+03  0.29030594246412E+04 -0.26635380485111E+03  0.70896529784313E+03  0.40266291478402E+03  0.24947912482214E+05 -0.60340125815356E+04 -0.54524577403232E+03  0.13828634431944E+03  0.15491342619085E+03  0.10628165290835E+02  0.56730343962798E+00  0.11395707876095E+04 -0.12885652812728E+03  0.92973009208100E+03  0.50929122333904E+03 -0.29498875277472E+04 -0.21093992920933E+03 -0.43411111962743E+02 -0.11580471009960E+02  0.32798581720117E+02  0.18960879759900E+03 -0.16269527410918E+03 -0.40483137074769E+03 -0.30277892060166E+03 -0.31761565896451E+03 -0.17627821952508E+04 -0.34457125288997E+04 -0.37388862452096E+03 -0.84536103769903E+03 -0.99194156018870E+01 -0.87093557766613E+01 -0.41873200467522E+01 -0.10681463810552E+04 -0.75541057287168E+03 -0.92676887468987E+03
   0.13925582833902E+05 -0.10340519334900E+04  0.31902214200916E+03 -0.15042212892179E+04 -0.10487987521706E+02 -0.60227059171340E+03 -0.20252067064295E+03  0.25845554527465E+05 -0.54737986785105E+04 -0.58725841632426E+03  0.15491342619085E+03  0.13235567898217E+04  0.83209416817043E+02 -0.11539991697576E+01  0.13023345872504E+04 -0.18515038381593E+03  0.13458183957359E+04  0.77809839208917E+03 -0.34173912045352E+04  0.25588079730877E+03  0.25366657523118E+02  0.74614665859242E+00  0.28808108364256E+02  0.19405769353414E+03 -0.35704511987604E+02 -0.90697899575915E+03  0.23429453596049E-10 -0.65904306097352E+03 -0.42285606496766E+04  0.83115788215034E-10 -0.20203197435193E+04 -0.44062265708537E+02 -0.69863182357107E+02 -0.14719752009420E+01 -0.64044456865234E+00  0.15711942791761E+03 -0.24463823091297E+04 -0.32446300701778E-10
   0.14307563587656E+04 -0.10730724005870E+03  0.36583068029158E+02 -0.14286356948606E+03  0.43618560590213E+01 -0.51130554557853E+02 -0.20273369016658E+02  0.16572740430496E+04 -0.29318450736582E+03 -0.49192740076271E+02  0.10628165290835E+02  0.83209416817043E+02  0.69296344236122E+01 -0.14622412496639E+00  0.70141778386722E+02 -0.12014149949259E+02  0.77866452310531E+02  0.48919491363068E+02 -0.15678607849304E+03  0.14824204992381E+02  0.21449919218486E+01  0.16250673857635E+00  0.36526704960716E+01  0.21740100794908E+02 -0.69303628644261E+01 -0.12618005577945E+03  0.29473246280548E-11 -0.24757182988193E+02 -0.46475030178896E+03  0.15112396525364E-10 -0.12174895614600E+03 -0.10942954759601E+02 -0.53542692285866E+01 -0.14434949522637E+00 -0.57237910397829E-01  0.17744959239935E+02 -0.16933769007530E+03 -0.83695807715768E-11
  -0.10594857785254E+03  0.12161230526224E+02 -0.33264310783303E+01  0.56249844174529E+02 -0.48554825684088E+01  0.15285355412185E+02  0.80869701750134E+01  0.96160204660672E+02 -0.13169823147300E+02 -0.16329996467424E+01  0.56730343962798E+00 -0.11539991697576E+01 -0.14622412496639E+00  0.42362589773738E-01  0.12913752805382E+02 -0.98695873626984E+00  0.78701692887201E+01  0.37088325880103E+01 -0.49556541875844E+02  0.12849025116033E+01 -0.32776617351244E-01 -0.17599753264567E-01 -0.57625706842510E-02 -0.16286943390507E-01  0.11528798677769E-01  0.60363852769488E-01  0.26361174681483E-12 -0.52066272499455E+01 -0.55567895191693E+00 -0.22680041981226E-11 -0.24427348083886E+01 -0.73101965347861E-05 -0.11601564630064E+00 -0.13838089025336E-02 -0.76074466288124E-03 -0.20687018669488E+01 -0.24772698336516E+01 -0.11447432598073E-12
   0.14209624738209E+05 -0.53300622241884E+02 -0.96472645805577E+02  0.33420592054139E+05 -0.28191771211473E+04  0.81904129703204E+04  0.42911381993006E+04  0.96131147110300E+05  0.48334230896420E+05 -0.40784491880288E+04  0.11395707876095E+04  0.13023345872504E+04  0.70141778386722E+02  0.12913752805382E+02  0.51405297998717E+05 -0.49236395406964E+04  0.35990591660805E+05  0.18982974172366E+05 -0.39239102652197E+05  0.34464405586776E+02  0.52848229988393E+02  0.23894363615719E+02 -0.37087636784754E+02 -0.18775714395733E+03  0.63947809118280E+03 -0.29277318939610E+04 -0.19012522412508E+04 -0.25173695402659E+04  0.19810436450060E+04  0.44286037924323E+04 -0.14648106819325E+04 -0.29538584677130E+04 -0.74712380836654E+03 -0.30202896363742E+04 -0.15847323135961E+04 -0.21998086692298E+04 -0.98955864244796E+03 -0.11104459707634E+04
  -0.31470870783464E+04  0.95393247353387E+02 -0.36246466824154E+02 -0.41958824627992E+04  0.36712716960007E+03 -0.10376296948816E+04 -0.55820618804212E+03 -0.12421600188521E+05 -0.22899801842052E+04  0.51649767280615E+03 -0.12885652812728E+03 -0.18515038381593E+03 -0.12014149949259E+02 -0.98695873626984E+00 -0.49236395406964E+04  0.55206927244903E+03 -0.39200678478439E+04 -0.21561779657099E+04  0.50510206277856E+04  0.95762837490175E+01 -0.69058548662597E+01 -0.42352027743709E+01 -0.33384003685065E-01 -0.15070748344454E+00 -0.13159236145458E+03  0.55964732956354E+03  0.34885897858938E+03  0.29582748471535E+03 -0.15056501833931E+03 -0.50367079953210E+03  0.15705973411627E+03  0.31444874714593E+03  0.85432140755123E+02  0.48079584525519E+03  0.23416708490352E+03 -0.37571280945308E+03  0.27636451140527E+03  0.30947453800352E+03
   0.14176824765343E+05 -0.25781873619084E+03 -0.17788792819505E+01  0.27665395108364E+05 -0.22557795002710E+04  0.69537070768530E+04  0.35268825227710E+04  0.92798473781771E+05  0.15045742452907E+05 -0.34620825453736E+04  0.92973009208100E+03  0.13458183957359E+04  0.77866452310531E+02  0.78701692887201E+01  0.35990591660805E+05 -0.39200678478439E+04  0.28521957840538E+05  0.15464973015406E+05 -0.31937951885659E+05  0.16527900010982E+02  0.52295616534559E+02  0.21306969974531E+02 -0.66859006513444E+02 -0.27733592723188E+03  0.51910922680023E+03 -0.26672332968482E+04 -0.17093634844742E+04 -0.24767527989812E+04  0.21158988894080E+04  0.45772787766903E+04 -0.11986829572163E+04 -0.24239224802094E+04 -0.61062165984442E+03 -0.25992696332949E+04 -0.13929291001878E+04  0.13611414312559E+04 -0.16488025425247E+04 -0.18269993707687E+04
   0.10214202585664E+05 -0.23100385602249E+03  0.73851366392545E+02  0.15736509259033E+05 -0.13115785758020E+04  0.39748801113480E+04  0.20533361077894E+04  0.50533682640063E+05  0.73707118337536E+04 -0.19852110645750E+04  0.50929122333904E+03  0.77809839208917E+03  0.48919491363068E+02  0.37088325880103E+01  0.18982974172366E+05 -0.21561779657099E+04  0.15464973015406E+05  0.85089432685518E+04 -0.18430806646255E+05 -0.13866430599436E+02  0.31073945739487E+02  0.14921311099647E+02 -0.29097115424150E+02 -0.10774397872228E+03  0.40896371889010E+03 -0.19115222740634E+04 -0.11930411043135E+04 -0.12533330676495E+04  0.97920644952176E+03  0.25143190099789E+04 -0.61473735816633E+03 -0.12418597975140E+04 -0.34024016131412E+03 -0.17079493191784E+04 -0.87620173552357E+03  0.15229590685932E+04 -0.11639701681434E+04 -0.12918688707754E+04
  -0.40264388003669E+07  0.13302113931494E+07 -0.12071977950604E+06 -0.12499134185826E+07  0.27692924847272E+06 -0.37035467668824E+05 -0.12197176805771E+06 -0.32210869210001E+06 -0.24257428115870E+05  0.29226201743903E+05 -0.29498875277472E+04 -0.34173912045352E+04 -0.15678607849304E+03 -0.49556541875844E+02 -0.39239102652197E+05  0.50510206277856E+04 -0.31937951885659E+05 -0.18430806646255E+05  0.11855826062070E+08  0.96789573413319E+05  0.50053755751812E+05  0.26668210885996E+05  0.24202232772098E+05  0.30600341511836E+05  0.23517407721441E+06  0.22443795165151E+05  0.50402625445209E+05 -0.72421154369079E+03  0.37538050040313E+06  0.18424798756898E+07  0.10925234218265E+05  0.20705397506072E+05  0.12080065127139E+03  0.15574804403863E+05  0.48903645575352E+04 -0.11302738797102E+05  0.13804497454980E+05  0.43128057896630E+05
  -0.57625120654342E+05  0.13908956296807E+05 -0.16951506828591E+04 -0.17889755932094E+05  0.32027261966926E+04 -0.17573035181379E+04 -0.21409841573954E+04 -0.37947207974887E+05  0.92218195654844E+04  0.11951465361148E+04 -0.21093992920933E+03  0.25588079730877E+03  0.14824204992381E+02  0.12849025116033E+01  0.34464405586776E+02  0.95762837490175E+01  0.16527900010982E+02 -0.13866430599436E+02  0.96789573413319E+05  0.26526581439899E+04  0.85915905107035E+03  0.36825936005311E+03  0.66052660660682E+02 -0.39693257571968E+03  0.30518507389655E+04  0.00000000000000E+00  0.26022157931814E+04  0.00000000000000E+00  0.00000000000000E+00  0.41108775462799E+05  0.00000000000000E+00  0.00000000000000E+00  0.00000000000000E+00  0.00000000000000E+00  0.00000000000000E+00  0.00000000000000E+00  0.00000000000000E+00  0.41884421148020E+04
  -0.24557905641246E+05  0.68351631379949E+04 -0.72929943252015E+03 -0.68567168066778E+04  0.13905672380617E+04 -0.40972793579629E+03 -0.75790848186287E+03 -0.71971797087939E+04  0.14050745953105E+04  0.31093487638488E+03 -0.43411111962743E+02  0.25366657523118E+02  0.21449919218486E+01 -0.32776617351244E-01  0.52848229988393E+02 -0.69058548662597E+01  0.52295616534559E+02  0.31073945739487E+02  0.50053755751812E+05  0.85915905107035E+03  0.36604315573974E+03  0.17612113303014E+03  0.78899859528565E+02 -0.44132023382859E+01  0.13697599748787E+04  0.00000000000000E+00  0.67634144349091E+03  0.00000000000000E+00  0.00000000000000E+00  0.15503331914585E+05  0.00000000000000E+00  0.00000000000000E+00  0.00000000000000E+00  0.00000000000000E+00  0.00000000000000E+00  0.00000000000000E+00  0.00000000000000E+00  0.87382508638771E+03
  -0.11631197327732E+05  0.35886656146595E+04 -0.34694547340073E+03 -0.28477617513376E+04  0.62748498325838E+03 -0.79440246711859E+02 -0.28148014543370E+03 -0.18494006716918E+04  0.31158027989233E+03  0.97140681593830E+02 -0.11580471009960E+02  0.74614665859242E+00  0.16250673857635E+00 -0.17599753264567E-01  0.23894363615719E+02 -0.42352027743709E+01  0.21306969974531E+02  0.14921311099647E+02  0.26668210885996E+05  0.36825936005311E+03  0.17612113303014E+03  0.91024753840822E+02  0.55560925538209E+02  0.45957274226962E+02  0.66212283190459E+03  0.00000000000000E+00  0.19797204974198E+03  0.00000000000000E+00  0.00000000000000E+00  0.67685026292206E+04  0.00000000000000E+00  0.00000000000000E+00  0.00000000000000E+00  0.00000000000000E+00  0.00000000000000E+00  0.00000000000000E+00  0.00000000000000E+00  0.26051962925687E+03
  -0.91864109517080E+04  0.48898550853770E+04 -0.28735025950496E+03 -0.15006807580438E+03  0.25110691810710E+03  0.37880014765498E+03  0.13546481791559E+03  0.55684176498942E+04 -0.12114869889356E+04 -0.17635269311033E+03  0.32798581720117E+02  0.28808108364256E+02  0.36526704960716E+01 -0.57625706842510E-02 -0.37087636784754E+02 -0.33384003685065E-01 -0.66859006513444E+02 -0.29097115424150E+02  0.24202232772098E+05  0.66052660660682E+02  0.78899859528565E+02  0.55560925538209E+02  0.18589116539413E+03  0.41513660498276E+03  0.77494634797693E+03 -0.39995689200504E+02 -0.22266311603614E+02  0.49000344778431E+01  0.10957789251298E+04  0.85419575635910E+03  0.00000000000000E+00  0.00000000000000E+00  0.00000000000000E+00  0.00000000000000E+00  0.00000000000000E+00  0.00000000000000E+00 -0.24987402620028E+03 -0.26106278153077E+03
   0.25090543482212E+04  0.55580059001044E+04  0.22170777938614E+01  0.41879837370957E+04 -0.77477833578479E+02  0.16246850319457E+04  0.92950677961100E+03  0.32885159152263E+05 -0.75270862185352E+04 -0.99071915465565E+03  0.18960879759900E+03  0.19405769353414E+03  0.21740100794908E+02 -0.16286943390507E-01 -0.18775714395733E+03 -0.15070748344454E+00 -0.27733592723188E+03 -0.10774397872228E+03  0.30600341511836E+05 -0.39693257571968E+03 -0.44132023382859E+01  0.45957274226962E+02  0.41513660498276E+03  0.13665772937730E+04  0.63256022796784E+03 -0.14810066801614E+03 -0.95962326388046E+02 -0.80606645452933E+01 -0.46848722235175E+04 -0.87477275735342E+04  0.00000000000000E+00  0.00000000000000E+00  0.00000000000000E+00  0.00000000000000E+00  0.00000000000000E+00  0.00000000000000E+00 -0.16960335823687E+04 -0.17551054139022E+04
  -0.17974527116148E+06  0.49737452994636E+05 -0.53712769588149E+04 -0.32094795262232E+05  0.69098664463611E+04 -0.12182171912363E+04 -0.34042257827218E+04 -0.25585901586749E+05  0.40166366710504E+04  0.14443617258217E+04 -0.16269527410918E+03 -0.35704511987604E+02 -0.69303628644261E+01  0.11528798677769E-01  0.63947809118280E+03 -0.13159236145458E+03  0.51910922680023E+03  0.40896371889010E+03  0.23517407721441E+06  0.30518507389655E+04  0.13697599748787E+04  0.66212283190459E+03  0.77494634797693E+03  0.63256022796784E+03  0.12278539116836E+05  0.24832593113008E+03  0.12864966087002E+03 -0.40382045043202E+01  0.40037912764776E+05  0.64519517932891E+05  0.00000000000000E+00  0.00000000000000E+00  0.00000000000000E+00  0.00000000000000E+00  0.00000000000000E+00  0.00000000000000E+00  0.15518634027069E+04  0.15808105166992E+04
  -0.13701206897277E+06  0.16936345656904E+05 -0.39332451319513E+04 -0.13289544979283E+05  0.20235925348842E+04 -0.20714584977941E+04 -0.19835765945043E+04 -0.64460243484796E+05  0.11433575070543E+05  0.26749315577901E+04 -0.40483137074769E+03 -0.90697899575915E+03 -0.12618005577945E+03  0.60363852769488E-01 -0.29277318939610E+04  0.55964732956354E+03 -0.26672332968482E+04 -0.19115222740634E+04  0.22443795165151E+05  0.00000000000000E+00  0.00000000000000E+00  0.00000000000000E+00 -0.39995689200504E+02 -0.14810066801614E+03  0.24832593113008E+03  0.11760378838144E+06  0.00000000000000E+00  0.00000000000000E+00  0.00000000000000E+00  0.00000000000000E+00  0.00000000000000E+00  0.00000000000000E+00  0.00000000000000E+00  0.00000000000000E+00  0.00000000000000E+00  0.00000000000000E+00  0.00000000000000E+00  0.00000000000000E+00
  -0.57919484604065E+05  0.83611938122623E+04 -0.16592604679153E+04 -0.22062208423857E+05  0.34413567765810E+04 -0.32172883784337E+04 -0.31463701325247E+04 -0.51054929596578E+05  0.10687139211420E+05  0.18222107737501E+04 -0.30277892060166E+03  0.23429453596049E-10  0.29473246280548E-11  0.26361174681483E-12 -0.19012522412508E+04  0.34885897858938E+03 -0.17093634844742E+04 -0.11930411043135E+04  0.50402625445209E+05  0.26022157931814E+04  0.67634144349091E+03  0.19797204974198E+03 -0.22266311603614E+02 -0.95962326388046E+02  0.12864966087002E+03  0.00000000000000E+00  0.65043086532168E+05  0.00000000000000E+00  0.00000000000000E+00  0.00000000000000E+00  0.00000000000000E+00  0.00000000000000E+00  0.00000000000000E+00  0.00000000000000E+00  0.00000000000000E+00  0.00000000000000E+00  0.00000000000000E+00  0.00000000000000E+00
  -0.59948789196850E+04 -0.16013331652237E+03 -0.41145861681739E+01 -0.20021648104693E+03 -0.51089917853422E+02  0.64682573989886E+02  0.93005055134526E+02 -0.75075040160285E+05  0.25647833470003E+05  0.74476737335721E+03 -0.31761565896451E+03 -0.65904306097352E+03 -0.24757182988193E+02 -0.52066272499455E+01 -0.25173695402659E+04  0.29582748471535E+03 -0.24767527989812E+04 -0.12533330676495E+04 -0.72421154369079E+03  0.00000000000000E+00  0.00000000000000E+00  0.00000000000000E+00  0.49000344778431E+01 -0.80606645452933E+01 -0.40382045043202E+01  0.00000000000000E+00  0.00000000000000E+00  0.30879537619458E+05  0.00000000000000E+00  0.00000000000000E+00  0.00000000000000E+00  0.00000000000000E+00  0.00000000000000E+00  0.00000000000000E+00  0.00000000000000E+00  0.00000000000000E+00  0.00000000000000E+00  0.00000000000000E+00
  -0.89832270594196E+06  0.21229396749101E+06 -0.26175113304845E+05 -0.67559586820408E+05  0.12311164857134E+05 -0.66831084967783E+04 -0.82493568715702E+04 -0.30414553001477E+06  0.67495559722056E+05  0.10613704038829E+05 -0.17627821952508E+04 -0.42285606496766E+04 -0.46475030178896E+03 -0.55567895191693E+00  0.19810436450060E+04 -0.15056501833931E+03  0.21158988894080E+04  0.97920644952176E+03  0.37538050040313E+06  0.00000000000000E+00  0.00000000000000E+00  0.00000000000000E+00  0.10957789251298E+04 -0.46848722235175E+04  0.40037912764776E+05  0.00000000000000E+00  0.00000000000000E+00  0.00000000000000E+00  0.58327824196371E+06  0.00000000000000E+00  0.00000000000000E+00  0.00000000000000E+00  0.00000000000000E+00  0.00000000000000E+00  0.00000000000000E+00  0.00000000000000E+00  0.00000000000000E+00  0.00000000000000E+00
  -0.11592159959494E+07  0.26717644668908E+06 -0.33955861250136E+05 -0.35012485142027E+06  0.65025948228377E+05 -0.32126724882938E+05 -0.42796957424067E+05 -0.58810481966405E+06  0.12638859008953E+06  0.21726875541919E+05 -0.34457125288997E+04  0.83115788215034E-10  0.15112396525364E-10 -0.22680041981226E-11  0.44286037924323E+04 -0.50367079953210E+03  0.45772787766903E+04  0.25143190099789E+04  0.18424798756898E+07  0.41108775462799E+05  0.15503331914585E+05  0.67685026292206E+04  0.85419575635910E+03 -0.87477275735342E+04  0.64519517932891E+05  0.00000000000000E+00  0.00000000000000E+00  0.00000000000000E+00  0.00000000000000E+00  0.92417839022180E+06  0.00000000000000E+00  0.00000000000000E+00  0.00000000000000E+00  0.00000000000000E+00  0.00000000000000E+00  0.00000000000000E+00  0.00000000000000E+00  0.00000000000000E+00
  -0.21431256621675E+05  0.57165815543665E+04 -0.64307790653947E+03 -0.13062578824877E+04  0.32360781451413E+03  0.15777407108486E+02 -0.12729522853200E+03 -0.75816111309007E+05  0.22755345649060E+05  0.14390005744620E+04 -0.37388862452096E+03 -0.20203197435193E+04 -0.12174895614600E+03 -0.24427348083886E+01 -0.14648106819325E+04  0.15705973411627E+03 -0.11986829572163E+04 -0.61473735816633E+03  0.10925234218265E+05  0.00000000000000E+00  0.00000000000000E+00  0.00000000000000E+00  0.00000000000000E+00  0.00000000000000E+00  0.00000000000000E+00  0.00000000000000E+00  0.00000000000000E+00  0.00000000000000E+00  0.00000000000000E+00  0.00000000000000E+00  0.13960688331717E+05  0.00000000000000E+00  0.00000000000000E+00  0.00000000000000E+00  0.00000000000000E+00  0.00000000000000E+00  0.00000000000000E+00  0.00000000000000E+00
  -0.48823489564818E+05  0.13219010176419E+05 -0.14694794138975E+04 -0.24604506324135E+04  0.59009311493318E+03 -0.27104945111057E+01 -0.23649993445196E+03 -0.17156101133490E+06  0.51631699986811E+05  0.31979022619569E+04 -0.84536103769903E+03 -0.44062265708537E+02 -0.10942954759601E+02 -0.73101965347861E-05 -0.29538584677130E+04  0.31444874714593E+03 -0.24239224802094E+04 -0.12418597975140E+04  0.20705397506072E+05  0.00000000000000E+00  0.00000000000000E+00  0.00000000000000E+00  0.00000000000000E+00  0.00000000000000E+00  0.00000000000000E+00  0.00000000000000E+00  0.00000000000000E+00  0.00000000000000E+00  0.00000000000000E+00  0.00000000000000E+00  0.00000000000000E+00  0.31202260265307E+05  0.00000000000000E+00  0.00000000000000E+00  0.00000000000000E+00  0.00000000000000E+00  0.00000000000000E+00  0.00000000000000E+00
  -0.33205162386010E+04  0.42236526230821E+03 -0.85471603710992E+02 -0.66774038040662E+02  0.83113400271985E+01 -0.13863921850212E+02 -0.99728447063768E+01 -0.14965627173566E+04  0.20159592516173E+03  0.43802953889803E+02 -0.99194156018870E+01 -0.69863182357107E+02 -0.53542692285866E+01 -0.11601564630064E+00 -0.74712380836654E+03  0.85432140755123E+02 -0.61062165984442E+03 -0.34024016131412E+03  0.12080065127139E+03  0.00000000000000E+00  0.00000000000000E+00  0.00000000000000E+00  0.00000000000000E+00  0.00000000000000E+00  0.00000000000000E+00  0.00000000000000E+00  0.00000000000000E+00  0.00000000000000E+00  0.00000000000000E+00  0.00000000000000E+00  0.00000000000000E+00  0.00000000000000E+00  0.38011736411638E+04  0.00000000000000E+00  0.00000000000000E+00  0.00000000000000E+00  0.00000000000000E+00  0.00000000000000E+00
  -0.91498727495997E+04  0.23518391546175E+04 -0.27168814657545E+03 -0.24191012622843E+04  0.47196464475773E+03 -0.18340603829962E+03 -0.28803958376901E+03  0.73684938701029E+03 -0.13777983928985E+04  0.11246366644749E+03 -0.87093557766613E+01 -0.14719752009420E+01 -0.14434949522637E+00 -0.13838089025336E-02 -0.30202896363742E+04  0.48079584525519E+03 -0.25992696332949E+04 -0.17079493191784E+04  0.15574804403863E+05  0.00000000000000E+00  0.00000000000000E+00  0.00000000000000E+00  0.00000000000000E+00  0.00000000000000E+00  0.00000000000000E+00  0.00000000000000E+00  0.00000000000000E+00  0.00000000000000E+00  0.00000000000000E+00  0.00000000000000E+00  0.00000000000000E+00  0.00000000000000E+00  0.00000000000000E+00  0.81772159151499E+04  0.00000000000000E+00  0.00000000000000E+00  0.00000000000000E+00  0.00000000000000E+00
  -0.32249959410949E+04  0.74395520778212E+03 -0.95379699683479E+02 -0.94360304957562E+03  0.17343306511916E+03 -0.93841347992434E+02 -0.12013173904748E+03  0.47172753434151E+03 -0.74821583273945E+03  0.50653103120343E+02 -0.41873200467522E+01 -0.64044456865234E+00 -0.57237910397829E-01 -0.76074466288124E-03 -0.15847323135961E+04  0.23416708490352E+03 -0.13929291001878E+04 -0.87620173552357E+03  0.48903645575352E+04  0.00000000000000E+00  0.00000000000000E+00  0.00000000000000E+00  0.00000000000000E+00  0.00000000000000E+00  0.00000000000000E+00  0.00000000000000E+00  0.00000000000000E+00  0.00000000000000E+00  0.00000000000000E+00  0.00000000000000E+00  0.00000000000000E+00  0.00000000000000E+00  0.00000000000000E+00  0.00000000000000E+00  0.41827550690706E+04  0.00000000000000E+00  0.00000000000000E+00  0.00000000000000E+00
  -0.22108967644529E+05 -0.20284628116991E+04 -0.16084921088476E+03 -0.11434357552957E+05  0.42985233027901E+03 -0.28763500837684E+04 -0.12314561640576E+04 -0.29278892235092E+06  0.11681736199143E+06  0.31775559692416E+04 -0.10681463810552E+04  0.15711942791761E+03  0.17744959239935E+02 -0.20687018669488E+01 -0.21998086692298E+04 -0.37571280945308E+03  0.13611414312559E+04  0.15229590685932E+04 -0.11302738797102E+05  0.00000000000000E+00  0.00000000000000E+00  0.00000000000000E+00  0.00000000000000E+00  0.00000000000000E+00  0.00000000000000E+00  0.00000000000000E+00  0.00000000000000E+00  0.00000000000000E+00  0.00000000000000E+00  0.00000000000000E+00  0.00000000000000E+00  0.00000000000000E+00  0.00000000000000E+00  0.00000000000000E+00  0.00000000000000E+00  0.12954315628833E+06  0.00000000000000E+00  0.00000000000000E+00
  -0.78009593578554E+05  0.88361888732460E+04 -0.19263139163187E+04 -0.76853899490694E+04  0.84851303015733E+03 -0.15686548363535E+04 -0.98316716622025E+03 -0.15345817746793E+06  0.46451050805229E+05  0.28602770501030E+04 -0.75541057287168E+03 -0.24463823091297E+04 -0.16933769007530E+03 -0.24772698336516E+01 -0.98955864244796E+03  0.27636451140527E+03 -0.16488025425247E+04 -0.11639701681434E+04  0.13804497454980E+05  0.00000000000000E+00  0.00000000000000E+00  0.00000000000000E+00 -0.24987402620028E+03 -0.16960335823687E+04  0.15518634027069E+04  0.00000000000000E+00  0.00000000000000E+00  0.00000000000000E+00  0.00000000000000E+00  0.00000000000000E+00  0.00000000000000E+00  0.00000000000000E+00  0.00000000000000E+00  0.00000000000000E+00  0.00000000000000E+00  0.00000000000000E+00  0.95972537180915E+05  0.00000000000000E+00
  -0.61273900556883E+05  0.74182842587260E+04 -0.15437377812926E+04 -0.22767893403866E+05  0.26242982196298E+04 -0.44879235249063E+04 -0.29244938719552E+04 -0.18719904904569E+06  0.56191967728717E+05  0.35682165071425E+04 -0.92676887468987E+03 -0.32446300701778E-10 -0.83695807715768E-11 -0.11447432598073E-12 -0.11104459707634E+04  0.30947453800352E+03 -0.18269993707687E+04 -0.12918688707754E+04  0.43128057896630E+05  0.41884421148020E+04  0.87382508638771E+03  0.26051962925687E+03 -0.26106278153077E+03 -0.17551054139022E+04  0.15808105166992E+04  0.00000000000000E+00  0.00000000000000E+00  0.00000000000000E+00  0.00000000000000E+00  0.00000000000000E+00  0.00000000000000E+00  0.00000000000000E+00  0.00000000000000E+00  0.00000000000000E+00  0.00000000000000E+00  0.00000000000000E+00  0.00000000000000E+00  0.10036384964397E+06

 # Covariance matrix (Bevington epsilon)
   0.76359623803699E-03  0.28445681708466E-05 -0.24616341055350E-01  0.91043346355935E-04 -0.38610694086511E-03  0.52908370923628E-03 -0.11945247345658E-02  0.59804103597836E-04  0.40594916025053E-04 -0.15574097626615E-02 -0.21534515473274E-01 -0.85092378193149E-03 -0.20507061119283E-02 -0.38437932562774E-01  0.13319909857411E-03  0.37813713469062E-02 -0.60509633710016E-04  0.46839526055616E-03  0.44925614843413E-05 -0.62102550989636E-03  0.33689577336023E-02 -0.36512517727561E-02  0.10357422462437E-02 -0.54253743761056E-03  0.36581582340798E-04  0.43697700889011E-04  0.42531255659383E-04  0.37473583200251E-04  0.48339677416801E-04  0.46785318725524E-04 -0.27888248286773E-03 -0.13883830201912E-03  0.51148574053019E-04 -0.48619423478563E-04 -0.49834828599627E-04  0.78159338018248E-04  0.47030264128813E-04  0.43786604361782E-04
   0.28445681708404E-05  0.11221199178488E-03  0.10761643747549E-02  0.14073915219915E-03  0.63923623118491E-03 -0.16024779133968E-03 -0.45907277898261E-04  0.25782505996208E-05  0.13127065898815E-05  0.49173157280982E-03  0.35019983369413E-03  0.21044315300621E-03 -0.10222980765551E-02  0.30410366671109E-01  0.30600064744497E-04  0.15982297338740E-02  0.22011424826489E-04  0.24364357623162E-03 -0.27200970159647E-05 -0.17392598164572E-03  0.49998389647203E-03 -0.48188480858251E-03 -0.20864724184308E-02  0.37274111666688E-03  0.91161086365804E-04  0.13973118954491E-04  0.11352114711906E-04  0.86554897179378E-05  0.84266110737843E-05  0.98660589411399E-05  0.34969085602756E-05 -0.22723433470023E-04  0.96578681378868E-05 -0.19783582735461E-04 -0.14863565783580E-04  0.75475938507548E-05  0.11162489605678E-04  0.10457356085678E-04
  -0.24616341055350E-01  0.10761643747547E-02  0.81225549662789E+00 -0.85490525259603E-03  0.21053018724736E-01 -0.19618815574202E-01  0.38641470180109E-01 -0.18772516452049E-02 -0.12895889307042E-02  0.56958837260764E-01  0.72334680843624E+00  0.29889053314775E-01  0.64404049145113E-01  0.16302567270589E+01 -0.35766924236816E-02 -0.85213992657707E-01  0.33514500967058E-02 -0.12382097438520E-01 -0.16770765151327E-03  0.18377693526503E-01 -0.99399248878816E-01  0.10759285239924E+00 -0.54694902940904E-01  0.21273953048853E-01  0.34026059747293E-03 -0.10003105482642E-02 -0.10068362771892E-02 -0.87195565466028E-03 -0.11284608696915E-02 -0.10901250531067E-02  0.10030227914652E-01  0.51407298711552E-02 -0.14924089564093E-02  0.10198871421429E-02  0.11096634119831E-02 -0.21334258847968E-02 -0.10800966554468E-02 -0.99492422998571E-03
   0.91043346355908E-04  0.14073915219915E-03 -0.85490525259513E-03  0.12605163683651E-02  0.50482464287112E-02 -0.24143119805839E-02 -0.66112944459864E-03  0.12716261386217E-04  0.46633083301008E-05 -0.55996449795421E-03 -0.71289863518812E-02  0.12491234046712E-02 -0.73691743840335E-02  0.14500834520453E+00  0.36131330096522E-03  0.89262495547022E-02 -0.12794746035939E-02  0.34727395609653E-02 -0.33591614502402E-05 -0.75939010104516E-03  0.23227476527795E-02 -0.37657419558640E-03 -0.35459535741254E-02  0.73209875983401E-03  0.23362651202495E-03  0.49282250874233E-04  0.44088542003173E-04  0.37262726350631E-04  0.49678733213248E-04  0.42131620652061E-04  0.93678498613181E-04 -0.47797065570625E-04  0.30657794550239E-04 -0.29395062738750E-04 -0.30804401110330E-04  0.36946559176822E-04  0.53761615188652E-04  0.45615930794107E-04
