# fitpack15: fit parameters                                                                         
# CJ15 AV18 final data choices                                                                      
# Created on 01/03/2020 at 17:25:11                                                                 

 # QCD setup
  INS                           0
  NVL                          11
  IORD                          1
  Q02                   1.6899999999999999     
  IPARAMC                       7
  FLAVOR                4.0000000000000000     
  xmc                   1.3000000000000000     
  xmb                   4.5000000000000000     
  ncb                          12
  ihq                           1
  ias                           0

 # Theory corrections
  inuke                     10814
  itmc                          1
  iht                           1

 # fit parameters
 LAMBDA       0.22680        0.0000    
 a0uv          2.4066        0.0000    
 a1uv         0.61536       0.20094E-01
 a2uv          3.5433       0.13055E-01
 a3uv          0.0000        0.0000    
 a4uv          3.4611       0.43661    
 a5uv          0.0000        0.0000    
 a0dv          24.686        0.0000    
 a1dv          1.1595       0.34654E-01
 a2dv          6.5513       0.16245    
 a3dv         -3.5030       0.88887E-01
 a4dv          4.6787       0.14600    
 a5dv          0.0000        0.0000    
 a0ud         0.14658       0.50606E-02
 a1ud        -0.20775       0.37697E-02
 a2ud          8.3284       0.19375    
 a3ud          0.0000        0.0000    
 a4ud          14.605        1.2744    
 a5ud          0.0000        0.0000    
 a0du          35712.        0.0000    
 a1du          4.0249       0.78893E-01
 a2du          20.151       0.91058    
 a3du          17.000        0.0000    
 a4du          51.146        11.684    
 a0g           45.542        0.0000    
 a1g          0.60308       0.31053E-01
 a2g           6.4818       0.97424    
 a3g          -3.3064       0.13701    
 a4g           3.1722       0.31652    
 a5g           0.0000        0.0000    
 kappa        0.40000        0.0000    
 a6dv        -0.36021E-02   0.69382E-03
 a7dv          2.0000        0.0000    
 off1         -3.6857        1.8283    
 off2         0.57500E-01   0.70238E-01
 ht1          -3.2858       0.30201    
 ht2           1.9282       0.11458    
 ht3          -2.0699       0.35646E-01
 ht4           0.0000        0.0000    
 ht1n         -3.2856       0.96530    
 ht2n          1.9280       0.30490    
 ht3n         -2.0699       0.51943E-01
 ht4n          0.0000        0.0000    
 dummy44       0.0000        0.0000    
 dummy45       0.0000        0.0000    
 dummy46       0.0000        0.0000    
 dummy47       0.0000        0.0000    
 dummy48       0.0000        0.0000    
 dummy49       0.0000        0.0000    
 bcdmsh2      0.97308       0.48387E-02
 bcdmsd2      0.99316       0.58557E-02
 ccfr          1.0000        0.0000    
 nutev         1.0000        0.0000    
 zeus         0.97998        0.0000    
 h1            1.0162        0.0000    
 e605          1.0319        0.0000    
 NmcH2         1.0095       0.71283E-02
 ntv_nu        1.0000        0.0000    
 ntv_nubar     1.0000        0.0000    
 cdf_jet      0.98910        0.0000    
 d0_jet       0.83504        0.0000    
 slac_p        1.0049       0.50059E-02
 slac_d        1.0042       0.53243E-02
 e866pp       0.96583       0.19318E-01
 e866pd       0.96371       0.16662E-01
 d0_gamjet     1.0389       0.16515E-01
 h1b          0.97608        0.0000    
 jlab_p       0.99444       0.61930E-02
 jlab_d       0.97554       0.60063E-02
 blank         1.0000        0.0000    
 d0run2       0.94085       0.14371E-01
 cdfrun2      0.92648       0.17345E-01
 HERA_el       1.0000        0.0000    
 HERA_ps       1.0000        0.0000    
 CDF_Z        0.96582       0.68068E-02
 NmcRat        1.0000        0.0000    
 BNS_F2nd     0.98315       0.11560E-01
 HERMES_F2p   0.99833       0.56545E-02
 HERMES_F2d   0.98039       0.58335E-02
 END 0. 0.

 # Hessian matrix (Bevington alpha)
   0.48816775250065E+07 -0.12866000191263E+07  0.23427514225470E+06  0.47940593474814E+06 -0.12605085831326E+06 -0.22748097597646E+05  0.55151229038533E+05  0.89944800987169E+06 -0.17306677957050E+06 -0.48168048283740E+05  0.73279169781396E+04  0.15508608861544E+05  0.17520481253697E+04 -0.11121290951648E+03  0.74965378249878E+04 -0.19194067987571E+04  0.10898439856099E+05  0.77918846834999E+04 -0.74157643454627E+07 -0.13978493114316E+04 -0.20789408342003E+06  0.58261991849156E+05  0.17596860532638E+06  0.77399408921680E+06  0.70877102955126E+05  0.18170104004033E+06  0.92106478982172E+06 -0.12681704634313E+06 -0.53794988315854E+05 -0.43619692061285E+04 -0.83699223786452E+06 -0.10833907311994E+07 -0.20556157688946E+05 -0.46325714912190E+05 -0.30763187946923E+04 -0.19822501742132E+06 -0.22373218217392E+06 -0.90926318056279E+04 -0.32232783017996E+04 -0.14884029805526E+05  0.16570291138245E+05 -0.70469800717766E+05 -0.55625597347966E+05
  -0.12866000191263E+07  0.41303897202992E+06 -0.63856520903805E+05 -0.13505730751573E+06  0.35211078872690E+05  0.86713682231630E+04 -0.12286922518811E+05 -0.12110438754828E+06  0.26394228609541E+05  0.74525303251570E+04 -0.93174815122124E+03 -0.12532101739129E+04 -0.14621430580497E+03  0.13412131149270E+02  0.66642623556851E+03 -0.52935183014927E+02  0.17741473560832E+03  0.10026139086334E+03  0.25458806526316E+07  0.56509580660788E+03  0.59428259353753E+05 -0.13468205049481E+05 -0.43505271148047E+05 -0.21386509185978E+06 -0.19375629299669E+05 -0.49787453766449E+05 -0.25860731774750E+06  0.16565845265630E+05  0.81919498360406E+04 -0.24075144155003E+03  0.20915541772834E+06  0.26323776521705E+06  0.58036187248583E+04  0.13226826764494E+05  0.42102906240112E+03  0.63429217889074E+05  0.71011723741329E+05  0.24660785509977E+04  0.78385907714755E+03 -0.23704787580938E+04 -0.22379589634668E+04  0.85336551459892E+04  0.71607065006691E+04
   0.23427514225470E+06 -0.63856520903805E+05  0.11369346536900E+05  0.23267698232291E+05 -0.62091472833849E+04 -0.13289029270587E+04  0.25932164265963E+04  0.31582583100207E+05 -0.59262424865835E+04 -0.19975102279755E+04  0.26125414328107E+03  0.48547707691415E+03  0.63649384536909E+02 -0.50441160866219E+01 -0.39315059090762E+03 -0.25115289983088E+00 -0.18336093942785E+03 -0.23853465123747E+02 -0.37201273960651E+06 -0.72225686087201E+02 -0.10142159236911E+05  0.27390345311703E+04  0.82808521391898E+04  0.37378400163006E+05  0.34195330128526E+04  0.87573913114120E+04  0.44643425895984E+05 -0.55622848674407E+04 -0.23742666694284E+04  0.51795021967781E+02 -0.39162294451885E+05 -0.50867015610631E+05 -0.10085373301074E+04 -0.22829123684023E+04 -0.11919775710909E+03 -0.99635486522059E+04 -0.11212241284982E+05 -0.43730638554839E+03 -0.15235211110918E+03  0.56197954104667E+02  0.72796940733735E+03 -0.25703925389211E+04 -0.20854812855589E+04
   0.47940593474814E+06 -0.13505730751573E+06  0.23267698232291E+05  0.39509428695310E+06 -0.62424835574687E+05  0.75628646882430E+05  0.64695992077401E+05  0.34500088820681E+06 -0.25224796807498E+05 -0.18266696423629E+05  0.33525516147233E+04 -0.13629813502791E+04 -0.15613180593237E+03  0.58238128888786E+02  0.30601315504571E+05 -0.37093069266002E+04  0.27723941013366E+05  0.15507381923013E+05 -0.22100102861673E+07 -0.21047465613806E+03 -0.60843912086720E+05  0.20056804721789E+05  0.53873794298835E+05  0.24995141407683E+06  0.21226664392884E+05  0.54392031941194E+05  0.26530556651849E+06 -0.12769822957897E+05 -0.21140223923760E+05 -0.67389492126509E+02 -0.65681302871471E+05 -0.34050833173230E+06 -0.14141956846281E+04 -0.24890254076433E+04 -0.74033910550979E+02 -0.11728533478523E+05 -0.52601756899081E+05 -0.25099202526047E+04 -0.98043645913734E+03 -0.94795061256091E+04 -0.15683783029741E+05 -0.71870095103937E+04 -0.21273356358348E+05
  -0.12605085831326E+06  0.35211078872690E+05 -0.62091472833849E+04 -0.62424835574687E+05  0.11725932394224E+05 -0.78763037991449E+04 -0.94438434373836E+04 -0.32229620691064E+05  0.33353341461314E+03  0.23908160533041E+04 -0.34082193117015E+03 -0.42331067306841E+02  0.45510887989384E+01 -0.52185394333214E+01 -0.26073154324790E+04  0.32153044457898E+03 -0.23065151613185E+04 -0.13082063079253E+04  0.48825300057122E+06  0.67386162042825E+02  0.12677912351810E+05 -0.38670644783479E+04 -0.10398725105285E+05 -0.50149994988672E+05 -0.42054193230931E+04 -0.10714921146000E+05 -0.53722715409342E+05  0.19987361554952E+04  0.33685767616715E+04 -0.56080688568954E+02  0.11959909748286E+05  0.63082932986123E+05  0.33971984477311E+03  0.57840186115690E+03  0.95731131181992E+01  0.29807663160948E+04  0.13157182105641E+05  0.48270807276424E+03  0.17915367923331E+03  0.33330649536661E+03  0.24954659819079E+04  0.81892272147709E+03  0.25159633158947E+04
  -0.22748097597646E+05  0.86713682231630E+04 -0.13289029270587E+04  0.75628646882430E+05 -0.78763037991449E+04  0.24291249043571E+05  0.14759690771102E+05  0.10469187983726E+06 -0.93032814183034E+04 -0.46022256340833E+04  0.99967218862240E+03 -0.70624615430772E+03 -0.69300135327144E+02  0.19715644136398E+02  0.93045950330050E+04 -0.11572250630481E+04  0.85813813707186E+04  0.48652261804525E+04 -0.67231703567397E+05  0.52907916265320E+02 -0.45113347387872E+04  0.22277209899725E+04  0.58739680453825E+04  0.22278365099010E+05  0.20415450194049E+04  0.53608137057482E+04  0.22361121112871E+05 -0.28134834971404E+04 -0.43164695153153E+04  0.15303917394721E+03 -0.88432851997865E+04 -0.43764738357412E+05 -0.28244063047952E+01 -0.34415401816266E+02 -0.19567263414237E+02  0.33880304348623E+03  0.11492548937957E+04 -0.27274359195008E+03 -0.13756157484144E+03 -0.30325495729333E+04 -0.33695275778458E+04 -0.18477013843517E+04 -0.53274870520692E+04
   0.55151229038533E+05 -0.12286922518811E+05  0.25932164265963E+04  0.64695992077401E+05 -0.94438434373836E+04  0.14759690771102E+05  0.11583752526211E+05  0.58075908298697E+05 -0.29406650029227E+04 -0.32844684406240E+04  0.58479241367863E+03 -0.21367270872279E+03 -0.27367048732130E+02  0.10362916867643E+02  0.48101437728808E+04 -0.60720724207362E+03  0.43240020906080E+04  0.24833500581687E+04 -0.25017680076577E+06 -0.14361475499007E+01 -0.83458360904743E+04  0.29984217078696E+04  0.79262536906045E+04  0.34936667433332E+05  0.30303330821182E+04  0.77698146575397E+04  0.36558446491581E+05 -0.24961756757580E+04 -0.39141737532962E+04  0.13578645432222E+03 -0.10082411824912E+05 -0.52631923400653E+05 -0.17149927690688E+03 -0.29221535386948E+03 -0.13769094515232E+02 -0.10733642653106E+04 -0.49732961080244E+04 -0.37456794054032E+03 -0.15787367422136E+03 -0.12737862849631E+04 -0.31586047792976E+04 -0.11475810582573E+04 -0.34193200147111E+04
   0.89944800987169E+06 -0.12110438754828E+06  0.31582583100207E+05  0.34500088820681E+06 -0.32229620691064E+05  0.10469187983726E+06  0.58075908298697E+05  0.49646421196810E+07 -0.23096755262859E+07 -0.85070968566462E+05  0.25827515485605E+05  0.27267496296091E+05  0.18147207690278E+04  0.10305063536384E+03  0.82385574778104E+05 -0.10466148690288E+05  0.85695083483226E+05  0.46177565120409E+05 -0.56799941749367E+06  0.37335616060758E+03 -0.27379315962916E+05  0.25916875700103E+05  0.77434374175251E+05  0.25011466169854E+06  0.22956256194643E+05  0.62193765053825E+05  0.26305298691056E+06 -0.60419864774463E+05 -0.48589144853337E+05 -0.66775501363622E+05 -0.28048275036062E+06 -0.55651333811381E+06 -0.72555750692259E+05 -0.16224911477512E+06 -0.13296484344010E+04 -0.56880390145709E+04 -0.11166736065893E+05  0.80637408494042E+02  0.17083222417485E+03 -0.26184625149705E+06 -0.85657145368035E+04 -0.13670893173054E+06 -0.17005298626947E+06
  -0.17306677957050E+06  0.26394228609541E+05 -0.59262424865835E+04 -0.25224796807498E+05  0.33353341461314E+03 -0.93032814183034E+04 -0.29406650029227E+04 -0.23096755262859E+07  0.19283050166408E+07  0.18956197320893E+05 -0.65080822491462E+04 -0.58727976679782E+04 -0.32103469801584E+03 -0.14165880727899E+02  0.49979416724593E+05 -0.23570755810828E+04  0.17266978553482E+05  0.84010490416942E+04 -0.26998219791404E+05 -0.91721184368194E+02  0.63860255463091E+03 -0.51569216787973E+04 -0.16228045275348E+05 -0.47756443271693E+05 -0.44522705978095E+04 -0.12449724222394E+05 -0.49744897315718E+05  0.11428293408013E+05  0.10825873108465E+05  0.24100997963472E+05  0.65439643633791E+05  0.12570177999624E+06  0.23161236382033E+05  0.51906018435753E+05  0.17957616532967E+03  0.61778379213855E+03  0.12469377903002E+04 -0.12016970771603E+04 -0.67157340790320E+03  0.11157927330277E+06  0.15758099512032E+04  0.44170984685039E+05  0.54405960926850E+05
  -0.48168048283740E+05  0.74525303251570E+04 -0.19975102279755E+04 -0.18266696423629E+05  0.23908160533041E+04 -0.46022256340833E+04 -0.32844684406240E+04 -0.85070968566462E+05  0.18956197320893E+05  0.26373611488458E+04 -0.63897315102728E+03 -0.70072661964066E+03 -0.61272725557423E+02 -0.19575834339624E+01 -0.39785633683801E+04  0.48251022220962E+03 -0.36414983798940E+04 -0.20496043956653E+04  0.56697785162642E+05 -0.88849045624519E+01  0.24378909156467E+04 -0.12163534914617E+04 -0.34200379138057E+04 -0.12491206748039E+05 -0.11299146962028E+04 -0.29563737821967E+04 -0.13368916244736E+05  0.27316827017908E+04  0.18918334926843E+04  0.72730048823754E+03  0.10919024206932E+05  0.22837987789747E+05  0.15282724560241E+04  0.33456459923224E+04  0.43098046456128E+02  0.57445189840432E+03  0.10898530383497E+04  0.13461053717078E+03  0.60184509708500E+02  0.30837438051768E+04  0.43898102003462E+03  0.27818675695755E+04  0.35444906440247E+04
   0.73279169781396E+04 -0.93174815122124E+03  0.26125414328107E+03  0.33525516147233E+04 -0.34082193117015E+03  0.99967218862240E+03  0.58479241367863E+03  0.25827515485605E+05 -0.65080822491462E+04 -0.63897315102728E+03  0.18044102381487E+03  0.20769162957633E+03  0.14986464648679E+02  0.75197774007996E+00  0.12631780769784E+04 -0.13923043075630E+03  0.11051367400991E+04  0.59947467349140E+03 -0.64425384476908E+04  0.27533199199481E+01 -0.28042931956713E+03  0.20349137755630E+03  0.59714469075883E+03  0.19870243936386E+04  0.18145685842180E+03  0.48655890793020E+03  0.20948368595619E+04 -0.48510665474272E+03 -0.36621197810850E+03 -0.34108428549824E+03 -0.20733632052702E+04 -0.41660517339864E+04 -0.44344019920510E+03 -0.99166601450682E+03 -0.11153379891519E+02 -0.49398884938969E+02 -0.96798035886178E+02 -0.15249125824808E+02 -0.72115427113115E+01 -0.11574952837222E+04 -0.68806318330808E+02 -0.83336458823689E+03 -0.10447625585294E+04
   0.15508608861544E+05 -0.12532101739129E+04  0.48547707691415E+03 -0.13629813502791E+04 -0.42331067306841E+02 -0.70624615430772E+03 -0.21367270872279E+03  0.27267496296091E+05 -0.58727976679782E+04 -0.70072661964066E+03  0.20769162957633E+03  0.18290439444464E+04  0.11869598551499E+03 -0.98263863636992E+00  0.14971983769570E+04 -0.20577240378556E+03  0.16674428454571E+04  0.94995693135995E+03 -0.68206947566562E+04 -0.50953765844315E+01 -0.12193405104825E+03  0.48096625990748E+01  0.21661195877228E+03 -0.90293912951093E+03 -0.75095583421977E+02 -0.22411520460721E+03 -0.82679092828330E+03 -0.11679850861205E+04 -0.13641853582296E-03 -0.77239947586775E+03 -0.52106369713995E+04 -0.29692558510393E-01 -0.25284747902738E+04 -0.74109397975549E+02 -0.83221093013104E+02 -0.21651821707916E+00  0.34935735633588E-06 -0.18369421059876E+01 -0.79179178135509E+00  0.29884247763327E+03  0.31999880667307E+03 -0.28664198792637E+04 -0.84448148084287E-02
   0.17520481253697E+04 -0.14621430580497E+03  0.63649384536909E+02 -0.15613180593237E+03  0.45510887989384E+01 -0.69300135327144E+02 -0.27367048732130E+02  0.18147207690278E+04 -0.32103469801584E+03 -0.61272725557423E+02  0.14986464648679E+02  0.11869598551499E+03  0.10589096530835E+02 -0.18237571913585E+00  0.80748195401681E+02 -0.13451307500174E+02  0.99282345758788E+02  0.61287324669881E+02 -0.32186016532761E+03 -0.43397311565948E+00  0.62526552328301E+01  0.26983798983700E+01  0.26128636359482E+02 -0.94285019073185E+02 -0.75781145304354E+01 -0.21893212012393E+02 -0.76983065520114E+02 -0.17231877888096E+03 -0.17543259287756E-04 -0.29660219796485E+02 -0.61132614848833E+03 -0.35056602350316E-02 -0.15672565727132E+03 -0.19534649421396E+02 -0.66577936293921E+01 -0.15599710836308E+00  0.51729119920518E-06 -0.19267547723897E+00 -0.75104662524506E-01  0.29757062316762E+02  0.71753775458214E+02 -0.20449614657624E+03 -0.63805480360941E-03
  -0.11121290951648E+03  0.13412131149270E+02 -0.50441160866219E+01  0.58238128888786E+02 -0.52185394333214E+01  0.19715644136398E+02  0.10362916867643E+02  0.10305063536384E+03 -0.14165880727899E+02 -0.19575834339624E+01  0.75197774007996E+00 -0.98263863636992E+00 -0.18237571913585E+00  0.56296414278119E-01  0.15305748782618E+02 -0.11850526976967E+01  0.99600978226151E+01  0.47201678200790E+01 -0.83946541667037E+02  0.26636076251360E-01 -0.45824920308454E+01  0.54618047972760E+00  0.13697872659647E+01  0.75342790511335E+01  0.59123770190666E+00  0.14872313987565E+01  0.74409884049985E+01  0.72252826460698E-01 -0.55608416949528E-07 -0.65052643541404E+01 -0.91315016555326E+00 -0.41921321979856E-05 -0.37468308100552E+01 -0.25049947038341E-04 -0.15187369295056E+00 -0.10218210535851E-13  0.16189260693468E-12 -0.18575460555515E-02 -0.10212570534201E-02 -0.16444340637389E+01  0.77687938606827E-04 -0.35163766999418E+01 -0.76301539550738E-05
   0.74965378249878E+04  0.66642623556851E+03 -0.39315059090762E+03  0.30601315504571E+05 -0.26073154324790E+04  0.93045950330050E+04  0.48101437728808E+04  0.82385574778104E+05  0.49979416724593E+05 -0.39785633683801E+04  0.12631780769784E+04  0.14971983769570E+04  0.80748195401681E+02  0.15305748782618E+02  0.48768670404952E+05 -0.44810987895810E+04  0.35896745372464E+05  0.18683517545672E+05 -0.54712312154127E+05  0.22505596915624E+01  0.74700852314088E+03 -0.18822457137015E+03 -0.52858275383495E+03 -0.15792850381774E+04 -0.17128105424915E+03 -0.44708238846663E+03 -0.18929431002332E+04 -0.26082214844906E+04 -0.17146808920693E+04 -0.24506856234669E+04  0.19576184082381E+04  0.41802041591818E+04 -0.15239316414705E+04 -0.29630282362060E+04 -0.71510300712965E+03  0.24478085010488E+03  0.43691067303991E+03 -0.28259815728021E+04 -0.15043671386411E+04 -0.24601597323140E+04  0.17995222506722E+03 -0.83501958908349E+03 -0.94110839607894E+03
  -0.19194067987571E+04 -0.52935183014927E+02 -0.25115289983088E+00 -0.37093069266002E+04  0.32153044457898E+03 -0.11572250630481E+04 -0.60720724207362E+03 -0.10466148690288E+05 -0.23570755810828E+04  0.48251022220962E+03 -0.13923043075630E+03 -0.20577240378556E+03 -0.13451307500174E+02 -0.11850526976967E+01 -0.44810987895810E+04  0.48060028308114E+03 -0.37918189060649E+04 -0.20512538020219E+04  0.64142695071551E+04 -0.88542768846620E+00 -0.10988803088589E+03  0.19761533270901E+02  0.49189194649278E+02  0.18131226825678E+03  0.21744988263630E+02  0.53941824933515E+02  0.24732877033435E+03  0.48213585237375E+03  0.30244876077037E+03  0.28125083978627E+03 -0.15680922944471E+03 -0.46845008582778E+03  0.15722877240895E+03  0.30466840010770E+03  0.78497824339768E+02 -0.65682914889596E+02 -0.11571256635076E+03  0.43021351018317E+03  0.21277901244097E+03 -0.29042783719585E+03 -0.32262681538458E+02  0.24031199901025E+03  0.26935767082069E+03
   0.10898439856099E+05  0.17741473560832E+03 -0.18336093942785E+03  0.27723941013366E+05 -0.23065151613185E+04  0.85813813707186E+04  0.43240020906080E+04  0.85695083483226E+05  0.17266978553482E+05 -0.36414983798940E+04  0.11051367400991E+04  0.16674428454571E+04  0.99282345758788E+02  0.99600978226151E+01  0.35896745372464E+05 -0.37918189060649E+04  0.30372805834242E+05  0.16285869106546E+05 -0.49701087678178E+05  0.12404884343892E+01  0.82573996440740E+03 -0.22843233041335E+03 -0.60450721725852E+03 -0.17612213540824E+04 -0.19116177440411E+03 -0.49141166674516E+03 -0.20260170371641E+04 -0.27694176073073E+04 -0.17784596412498E+04 -0.25127537013996E+04  0.21166795605367E+04  0.45822907363777E+04 -0.13024994706896E+04 -0.25436338506716E+04 -0.62376287715998E+03  0.91810546575437E+02  0.17786477246760E+03 -0.27375567968660E+04 -0.14679516750404E+04  0.14311980508050E+04  0.23460725267842E+03 -0.17199580326959E+04 -0.19109435639897E+04
   0.77918846834999E+04  0.10026139086334E+03 -0.23853465123747E+02  0.15507381923013E+05 -0.13082063079253E+04  0.48652261804525E+04  0.24833500581687E+04  0.46177565120409E+05  0.84010490416942E+04 -0.20496043956653E+04  0.59947467349140E+03  0.94995693135995E+03  0.61287324669881E+02  0.47201678200790E+01  0.18683517545672E+05 -0.20512538020219E+04  0.16285869106546E+05  0.88448320582880E+04 -0.27605528771443E+05  0.20860254801184E+01  0.49754555082541E+03 -0.12150656704782E+03 -0.30367888896410E+03 -0.95921673105905E+03 -0.10914002175910E+03 -0.27370252884717E+03 -0.11680486690127E+04 -0.19170712069543E+04 -0.11996317492277E+04 -0.12610573521109E+04  0.98086487827146E+03  0.24880736074333E+04 -0.65976474057979E+03 -0.12893924198178E+04 -0.34252101180341E+03  0.11816996246078E+03  0.21826054491337E+03 -0.17509066400054E+04 -0.90241721308346E+03  0.14931012040564E+04  0.16145022274331E+03 -0.11752390582957E+04 -0.13067174713811E+04
  -0.74157643454627E+07  0.25458806526316E+07 -0.37201273960651E+06 -0.22100102861673E+07  0.48825300057122E+06 -0.67231703567397E+05 -0.25017680076577E+06 -0.56799941749367E+06 -0.26998219791404E+05  0.56697785162642E+05 -0.64425384476908E+04 -0.68206947566562E+04 -0.32186016532761E+03 -0.83946541667037E+02 -0.54712312154127E+05  0.64142695071551E+04 -0.49701087678178E+05 -0.27605528771443E+05  0.32511411340759E+08  0.64768262645497E+04  0.65995935440787E+06 -0.17587801127239E+06 -0.50029592728815E+06 -0.25734714827045E+07 -0.20913328077664E+06 -0.53713933545078E+06 -0.27997481816373E+07  0.33663765178198E+05  0.74845355650926E+05 -0.11585733847160E+04  0.56006118920466E+06  0.27308994634823E+07  0.17571829831090E+05  0.31276327694228E+05  0.22922262315030E+03  0.18203765685051E+06  0.79492907966345E+06  0.24547529499454E+05  0.77548286465085E+04 -0.18615554220543E+05  0.43859324301351E+05  0.20415022672374E+05  0.62834988714860E+05
  -0.13978493114316E+04  0.56509580660788E+03 -0.72225686087201E+02 -0.21047465613806E+03  0.67386162042825E+02  0.52907916265320E+02 -0.14361475499007E+01  0.37335616060758E+03 -0.91721184368194E+02 -0.88849045624519E+01  0.27533199199481E+01 -0.50953765844315E+01 -0.43397311565948E+00  0.26636076251360E-01  0.22505596915624E+01 -0.88542768846620E+00  0.12404884343892E+01  0.20860254801184E+01  0.64768262645497E+04  0.23816195210531E+01  0.13900798597456E+03 -0.32756955853704E+02 -0.93480527163035E+02 -0.52839948803350E+03 -0.39836068681725E+02 -0.10220717126164E+03 -0.56690194985209E+03  0.00000000000000E+00 -0.25775831482030E+02  0.00000000000000E+00  0.00000000000000E+00  0.41371495772463E+03  0.00000000000000E+00 -0.72229630657133E+01  0.00000000000000E+00  0.00000000000000E+00  0.21783632259417E+03  0.00000000000000E+00  0.00000000000000E+00  0.00000000000000E+00  0.11817005666474E+02  0.00000000000000E+00 -0.27004384423672E+02
  -0.20789408342003E+06  0.59428259353753E+05 -0.10142159236911E+05 -0.60843912086720E+05  0.12677912351810E+05 -0.45113347387872E+04 -0.83458360904743E+04 -0.27379315962916E+05  0.63860255463091E+03  0.24378909156467E+04 -0.28042931956713E+03 -0.12193405104825E+03  0.62526552328301E+01 -0.45824920308454E+01  0.74700852314088E+03 -0.10988803088589E+03  0.82573996440740E+03  0.49754555082541E+03  0.65995935440787E+06  0.13900798597456E+03  0.25562811336001E+05 -0.77823567512372E+04 -0.20703215443341E+05 -0.10172852925593E+06 -0.81997459907059E+04 -0.20906707124438E+05 -0.10675557665587E+06  0.00000000000000E+00  0.49828124184798E+04  0.00000000000000E+00  0.00000000000000E+00  0.11373167651376E+06  0.00000000000000E+00 -0.11374272262688E+04  0.00000000000000E+00  0.00000000000000E+00  0.22674907037976E+05  0.00000000000000E+00  0.00000000000000E+00  0.00000000000000E+00 -0.41528736368472E+04  0.00000000000000E+00  0.40930979971391E+04
   0.58261991849156E+05 -0.13468205049481E+05  0.27390345311703E+04  0.20056804721789E+05 -0.38670644783479E+04  0.22277209899725E+04  0.29984217078696E+04  0.25916875700103E+05 -0.51569216787973E+04 -0.12163534914617E+04  0.20349137755630E+03  0.48096625990748E+01  0.26983798983700E+01  0.54618047972760E+00 -0.18822457137015E+03  0.19761533270901E+02 -0.22843233041335E+03 -0.12150656704782E+03 -0.17587801127239E+06 -0.32756955853704E+02 -0.77823567512372E+04  0.27991514494394E+04  0.72589800396423E+04  0.33794207025639E+05  0.26995439149941E+04  0.68923105236680E+04  0.34603826326818E+05 -0.52352353906683E+02 -0.20713838206109E+04  0.22038273227817E+01  0.49892364972302E+03 -0.40933216714291E+05  0.00000000000000E+00 -0.15785170140142E+03  0.00000000000000E+00  0.22924564635608E+04 -0.56324042793448E+04  0.00000000000000E+00  0.00000000000000E+00  0.00000000000000E+00  0.18256173793417E+04 -0.39780829872192E+03 -0.25973164190297E+04
   0.17596860532638E+06 -0.43505271148047E+05  0.82808521391898E+04  0.53873794298835E+05 -0.10398725105285E+05  0.58739680453825E+04  0.79262536906045E+04  0.77434374175251E+05 -0.16228045275348E+05 -0.34200379138057E+04  0.59714469075883E+03  0.21661195877228E+03  0.26128636359482E+02  0.13697872659647E+01 -0.52858275383495E+03  0.49189194649278E+02 -0.60450721725852E+03 -0.30367888896410E+03 -0.50029592728815E+06 -0.93480527163035E+02 -0.20703215443341E+05  0.72589800396423E+04  0.19315858828422E+05  0.88786444745460E+05  0.71773840283028E+04  0.18364761830572E+05  0.92236940137323E+05 -0.16318124821931E+03 -0.51494759420954E+04 -0.50692324043660E+02 -0.67564447326953E+04 -0.10875771192872E+06  0.00000000000000E+00 -0.39089444985009E+03  0.00000000000000E+00  0.31708907330969E+04 -0.16234585787489E+05  0.00000000000000E+00  0.00000000000000E+00  0.00000000000000E+00  0.48795956170048E+04 -0.21696138399587E+04 -0.71195629281178E+04
   0.77399408921680E+06 -0.21386509185978E+06  0.37378400163006E+05  0.24995141407683E+06 -0.50149994988672E+05  0.22278365099010E+05  0.34936667433332E+05  0.25011466169854E+06 -0.47756443271693E+05 -0.12491206748039E+05  0.19870243936386E+04 -0.90293912951093E+03 -0.94285019073185E+02  0.75342790511335E+01 -0.15792850381774E+04  0.18131226825678E+03 -0.17612213540824E+04 -0.95921673105905E+03 -0.25734714827045E+07 -0.52839948803350E+03 -0.10172852925593E+06  0.33794207025639E+05  0.88786444745460E+05  0.43532118148780E+06  0.34652758514321E+05  0.88618483919095E+05  0.44852105569642E+06  0.25395914065093E+03 -0.26810805293189E+05 -0.66238046791188E+01  0.37897509182296E+05 -0.50073984176856E+06  0.00000000000000E+00 -0.20684700272638E+04  0.00000000000000E+00  0.16050526482120E+05 -0.85961531562137E+05  0.00000000000000E+00  0.00000000000000E+00  0.00000000000000E+00  0.17551080314273E+05  0.15723135059613E+04 -0.29977108658948E+05
   0.70877102955126E+05 -0.19375629299669E+05  0.34195330128526E+04  0.21226664392884E+05 -0.42054193230931E+04  0.20415450194049E+04  0.30303330821182E+04  0.22956256194643E+05 -0.44522705978095E+04 -0.11299146962028E+04  0.18145685842180E+03 -0.75095583421977E+02 -0.75781145304354E+01  0.59123770190666E+00 -0.17128105424915E+03  0.21744988263630E+02 -0.19116177440411E+03 -0.10914002175910E+03 -0.20913328077664E+06 -0.39836068681725E+02 -0.81997459907059E+04  0.26995439149941E+04  0.71773840283028E+04  0.34652758514321E+05  0.28215071377627E+04  0.72244593214767E+04  0.36250309543138E+05  0.00000000000000E+00 -0.20638691939770E+04  0.00000000000000E+00  0.00000000000000E+00 -0.41901600154998E+05  0.00000000000000E+00 -0.15785170140142E+03  0.00000000000000E+00  0.00000000000000E+00 -0.67705569332409E+04  0.00000000000000E+00  0.00000000000000E+00  0.00000000000000E+00  0.11787965507285E+04  0.00000000000000E+00 -0.25507600064771E+04
   0.18170104004033E+06 -0.49787453766449E+05  0.87573913114120E+04  0.54392031941194E+05 -0.10714921146000E+05  0.53608137057482E+04  0.77698146575397E+04  0.62193765053825E+05 -0.12449724222394E+05 -0.29563737821967E+04  0.48655890793020E+03 -0.22411520460721E+03 -0.21893212012393E+02  0.14872313987565E+01 -0.44708238846663E+03  0.53941824933515E+02 -0.49141166674516E+03 -0.27370252884717E+03 -0.53713933545078E+06 -0.10220717126164E+03 -0.20906707124438E+05  0.68923105236680E+04  0.18364761830572E+05  0.88618483919095E+05  0.72244593214767E+04  0.18536156947148E+05  0.92704127514602E+05  0.00000000000000E+00 -0.51269498809994E+04  0.00000000000000E+00  0.00000000000000E+00 -0.10789483348573E+06  0.00000000000000E+00 -0.39089444985009E+03  0.00000000000000E+00  0.00000000000000E+00 -0.17730663103081E+05  0.00000000000000E+00  0.00000000000000E+00  0.00000000000000E+00  0.25859246726389E+04  0.00000000000000E+00 -0.68543922974964E+04
   0.92106478982172E+06 -0.25860731774750E+06  0.44643425895984E+05  0.26530556651849E+06 -0.53722715409342E+05  0.22361121112871E+05  0.36558446491581E+05  0.26305298691056E+06 -0.49744897315718E+05 -0.13368916244736E+05  0.20948368595619E+04 -0.82679092828330E+03 -0.76983065520114E+02  0.74409884049985E+01 -0.18929431002332E+04  0.24732877033435E+03 -0.20260170371641E+04 -0.11680486690127E+04 -0.27997481816373E+07 -0.56690194985209E+03 -0.10675557665587E+06  0.34603826326818E+05  0.92236940137323E+05  0.44852105569642E+06  0.36250309543138E+05  0.92704127514602E+05  0.47040902659992E+06  0.00000000000000E+00 -0.26844226370230E+05  0.00000000000000E+00  0.00000000000000E+00 -0.52041450681560E+06  0.00000000000000E+00 -0.20684700272638E+04  0.00000000000000E+00  0.00000000000000E+00 -0.93686271131012E+05  0.00000000000000E+00  0.00000000000000E+00  0.00000000000000E+00  0.22096540104764E+05  0.00000000000000E+00 -0.30403691082068E+05
  -0.12681704634313E+06  0.16565845265630E+05 -0.55622848674407E+04 -0.12769822957897E+05  0.19987361554952E+04 -0.28134834971404E+04 -0.24961756757580E+04 -0.60419864774463E+05  0.11428293408013E+05  0.27316827017908E+04 -0.48510665474272E+03 -0.11679850861205E+04 -0.17231877888096E+03  0.72252826460698E-01 -0.26082214844906E+04  0.48213585237375E+03 -0.27694176073073E+04 -0.19170712069543E+04  0.33663765178198E+05  0.00000000000000E+00  0.00000000000000E+00 -0.52352353906683E+02 -0.16318124821931E+03  0.25395914065093E+03  0.00000000000000E+00  0.00000000000000E+00  0.00000000000000E+00  0.11625008829735E+06  0.00000000000000E+00  0.00000000000000E+00  0.00000000000000E+00  0.00000000000000E+00  0.00000000000000E+00  0.00000000000000E+00  0.00000000000000E+00  0.00000000000000E+00  0.00000000000000E+00  0.00000000000000E+00  0.00000000000000E+00  0.00000000000000E+00  0.00000000000000E+00  0.00000000000000E+00  0.00000000000000E+00
  -0.53794988315854E+05  0.81919498360406E+04 -0.23742666694284E+04 -0.21140223923760E+05  0.33685767616715E+04 -0.43164695153153E+04 -0.39141737532962E+04 -0.48589144853337E+05  0.10825873108465E+05  0.18918334926843E+04 -0.36621197810850E+03 -0.13641853582296E-03 -0.17543259287756E-04 -0.55608416949528E-07 -0.17146808920693E+04  0.30244876077037E+03 -0.17784596412498E+04 -0.11996317492277E+04  0.74845355650926E+05 -0.25775831482030E+02  0.49828124184798E+04 -0.20713838206109E+04 -0.51494759420954E+04 -0.26810805293189E+05 -0.20638691939770E+04 -0.51269498809994E+04 -0.26844226370230E+05  0.00000000000000E+00  0.64554003233064E+05  0.00000000000000E+00  0.00000000000000E+00  0.00000000000000E+00  0.00000000000000E+00  0.00000000000000E+00  0.00000000000000E+00  0.00000000000000E+00  0.00000000000000E+00  0.00000000000000E+00  0.00000000000000E+00  0.00000000000000E+00  0.00000000000000E+00  0.00000000000000E+00  0.00000000000000E+00
  -0.43619692061285E+04 -0.24075144155003E+03  0.51795021967781E+02 -0.67389492126509E+02 -0.56080688568954E+02  0.15303917394721E+03  0.13578645432222E+03 -0.66775501363622E+05  0.24100997963472E+05  0.72730048823754E+03 -0.34108428549824E+03 -0.77239947586775E+03 -0.29660219796485E+02 -0.65052643541404E+01 -0.24506856234669E+04  0.28125083978627E+03 -0.25127537013996E+04 -0.12610573521109E+04 -0.11585733847160E+04  0.00000000000000E+00  0.00000000000000E+00  0.22038273227817E+01 -0.50692324043660E+02 -0.66238046791188E+01  0.00000000000000E+00  0.00000000000000E+00  0.00000000000000E+00  0.00000000000000E+00  0.00000000000000E+00  0.30651515772251E+05  0.00000000000000E+00  0.00000000000000E+00  0.00000000000000E+00  0.00000000000000E+00  0.00000000000000E+00  0.00000000000000E+00  0.00000000000000E+00  0.00000000000000E+00  0.00000000000000E+00  0.00000000000000E+00  0.00000000000000E+00  0.00000000000000E+00  0.00000000000000E+00
  -0.83699223786452E+06  0.20915541772834E+06 -0.39162294451885E+05 -0.65681302871471E+05  0.11959909748286E+05 -0.88432851997865E+04 -0.10082411824912E+05 -0.28048275036062E+06  0.65439643633791E+05  0.10919024206932E+05 -0.20733632052702E+04 -0.52106369713995E+04 -0.61132614848833E+03 -0.91315016555326E+00  0.19576184082381E+04 -0.15680922944471E+03  0.21166795605367E+04  0.98086487827146E+03  0.56006118920466E+06  0.00000000000000E+00  0.00000000000000E+00  0.49892364972302E+03 -0.67564447326953E+04  0.37897509182296E+05  0.00000000000000E+00  0.00000000000000E+00  0.00000000000000E+00  0.00000000000000E+00  0.00000000000000E+00  0.00000000000000E+00  0.57740973544311E+06  0.00000000000000E+00  0.00000000000000E+00  0.00000000000000E+00  0.00000000000000E+00  0.00000000000000E+00  0.00000000000000E+00  0.00000000000000E+00  0.00000000000000E+00  0.00000000000000E+00  0.00000000000000E+00  0.00000000000000E+00  0.00000000000000E+00
  -0.10833907311994E+07  0.26323776521705E+06 -0.50867015610631E+05 -0.34050833173230E+06  0.63082932986123E+05 -0.43764738357412E+05 -0.52631923400653E+05 -0.55651333811381E+06  0.12570177999624E+06  0.22837987789747E+05 -0.41660517339864E+04 -0.29692558510393E-01 -0.35056602350316E-02 -0.41921321979856E-05  0.41802041591818E+04 -0.46845008582778E+03  0.45822907363777E+04  0.24880736074333E+04  0.27308994634823E+07  0.41371495772463E+03  0.11373167651376E+06 -0.40933216714291E+05 -0.10875771192872E+06 -0.50073984176856E+06 -0.41901600154998E+05 -0.10789483348573E+06 -0.52041450681560E+06  0.00000000000000E+00  0.00000000000000E+00  0.00000000000000E+00  0.00000000000000E+00  0.91723581716352E+06  0.00000000000000E+00  0.00000000000000E+00  0.00000000000000E+00  0.00000000000000E+00  0.00000000000000E+00  0.00000000000000E+00  0.00000000000000E+00  0.00000000000000E+00  0.00000000000000E+00  0.00000000000000E+00  0.00000000000000E+00
  -0.20556157688946E+05  0.58036187248583E+04 -0.10085373301074E+04 -0.14141956846281E+04  0.33971984477311E+03 -0.28244063047952E+01 -0.17149927690688E+03 -0.72555750692259E+05  0.23161236382033E+05  0.15282724560241E+04 -0.44344019920510E+03 -0.25284747902738E+04 -0.15672565727132E+03 -0.37468308100552E+01 -0.15239316414705E+04  0.15722877240895E+03 -0.13024994706896E+04 -0.65976474057979E+03  0.17571829831090E+05  0.00000000000000E+00  0.00000000000000E+00  0.00000000000000E+00  0.00000000000000E+00  0.00000000000000E+00  0.00000000000000E+00  0.00000000000000E+00  0.00000000000000E+00  0.00000000000000E+00  0.00000000000000E+00  0.00000000000000E+00  0.00000000000000E+00  0.00000000000000E+00  0.14761775300426E+05  0.00000000000000E+00  0.00000000000000E+00  0.00000000000000E+00  0.00000000000000E+00  0.00000000000000E+00  0.00000000000000E+00  0.00000000000000E+00  0.00000000000000E+00  0.00000000000000E+00  0.00000000000000E+00
  -0.46325714912190E+05  0.13226826764494E+05 -0.22829123684023E+04 -0.24890254076433E+04  0.57840186115690E+03 -0.34415401816266E+02 -0.29221535386948E+03 -0.16224911477512E+06  0.51906018435753E+05  0.33456459923224E+04 -0.99166601450682E+03 -0.74109397975549E+02 -0.19534649421396E+02 -0.25049947038341E-04 -0.29630282362060E+04  0.30466840010770E+03 -0.25436338506716E+04 -0.12893924198178E+04  0.31276327694228E+05 -0.72229630657133E+01 -0.11374272262688E+04 -0.15785170140142E+03 -0.39089444985009E+03 -0.20684700272638E+04 -0.15785170140142E+03 -0.39089444985009E+03 -0.20684700272638E+04  0.00000000000000E+00  0.00000000000000E+00  0.00000000000000E+00  0.00000000000000E+00  0.00000000000000E+00  0.00000000000000E+00  0.31788214120477E+05  0.00000000000000E+00  0.00000000000000E+00  0.00000000000000E+00  0.00000000000000E+00  0.00000000000000E+00  0.00000000000000E+00  0.00000000000000E+00  0.00000000000000E+00  0.00000000000000E+00
  -0.30763187946923E+04  0.42102906240112E+03 -0.11919775710909E+03 -0.74033910550979E+02  0.95731131181992E+01 -0.19567263414237E+02 -0.13769094515232E+02 -0.13296484344010E+04  0.17957616532967E+03  0.43098046456128E+02 -0.11153379891519E+02 -0.83221093013104E+02 -0.66577936293921E+01 -0.15187369295056E+00 -0.71510300712965E+03  0.78497824339768E+02 -0.62376287715998E+03 -0.34252101180341E+03  0.22922262315030E+03  0.00000000000000E+00  0.00000000000000E+00  0.00000000000000E+00  0.00000000000000E+00  0.00000000000000E+00  0.00000000000000E+00  0.00000000000000E+00  0.00000000000000E+00  0.00000000000000E+00  0.00000000000000E+00  0.00000000000000E+00  0.00000000000000E+00  0.00000000000000E+00  0.00000000000000E+00  0.00000000000000E+00  0.37862230686041E+04  0.00000000000000E+00  0.00000000000000E+00  0.00000000000000E+00  0.00000000000000E+00  0.00000000000000E+00  0.00000000000000E+00  0.00000000000000E+00  0.00000000000000E+00
  -0.19822501742132E+06  0.63429217889074E+05 -0.99635486522059E+04 -0.11728533478523E+05  0.29807663160948E+04  0.33880304348623E+03 -0.10733642653106E+04 -0.56880390145709E+04  0.61778379213855E+03  0.57445189840432E+03 -0.49398884938969E+02 -0.21651821707916E+00 -0.15599710836308E+00 -0.10218210535851E-13  0.24478085010488E+03 -0.65682914889596E+02  0.91810546575437E+02  0.11816996246078E+03  0.18203765685051E+06  0.00000000000000E+00  0.00000000000000E+00  0.22924564635608E+04  0.31708907330969E+04  0.16050526482120E+05  0.00000000000000E+00  0.00000000000000E+00  0.00000000000000E+00  0.00000000000000E+00  0.00000000000000E+00  0.00000000000000E+00  0.00000000000000E+00  0.00000000000000E+00  0.00000000000000E+00  0.00000000000000E+00  0.00000000000000E+00  0.10550215437752E+06  0.00000000000000E+00  0.00000000000000E+00  0.00000000000000E+00  0.00000000000000E+00  0.00000000000000E+00  0.00000000000000E+00  0.00000000000000E+00
  -0.22373218217392E+06  0.71011723741329E+05 -0.11212241284982E+05 -0.52601756899081E+05  0.13157182105641E+05  0.11492548937957E+04 -0.49732961080244E+04 -0.11166736065893E+05  0.12469377903002E+04  0.10898530383497E+04 -0.96798035886178E+02  0.34935735633588E-06  0.51729119920518E-06  0.16189260693468E-12  0.43691067303991E+03 -0.11571256635076E+03  0.17786477246760E+03  0.21826054491337E+03  0.79492907966345E+06  0.21783632259417E+03  0.22674907037976E+05 -0.56324042793448E+04 -0.16234585787489E+05 -0.85961531562137E+05 -0.67705569332409E+04 -0.17730663103081E+05 -0.93686271131012E+05  0.00000000000000E+00  0.00000000000000E+00  0.00000000000000E+00  0.00000000000000E+00  0.00000000000000E+00  0.00000000000000E+00  0.00000000000000E+00  0.00000000000000E+00  0.00000000000000E+00  0.13861788644195E+06  0.00000000000000E+00  0.00000000000000E+00  0.00000000000000E+00  0.00000000000000E+00  0.00000000000000E+00  0.00000000000000E+00
