# fitpack15: fit parameters                                                                         
# CJ15 AV18 final data choices                                                                      
# Created on 02/20/2020 at 17:18:25                                                                 

 # QCD setup
  INS                           0
  NVL                          11
  IORD                          1
  Q02                   1.6899999999999999     
  IPARAMC                      -7
  FLAVOR                5.0000000000000000     
  xmc                   1.3000000000000000     
  xmb                   4.5000000000000000     
  ncb                          12
  ihq                           1
  ias                           0

 # Theory corrections
  inuke                     10114
  itmc                          1
  iht                           1

 # fit parameters
 LAMBDA       0.22680        0.0000    
 a0uv          1.6929        0.0000    
 a1uv         0.53852       0.26475E-01
 a2uv          3.5707       0.10589E-01
 a3uv          0.0000        0.0000    
 a4uv          5.5077       0.82316    
 a5uv          0.0000        0.0000    
 a0dv          17.317        0.0000    
 a1dv          1.0646       0.34610E-01
 a2dv          6.4816       0.16852    
 a3dv         -3.5422       0.10033    
 a4dv          5.1246       0.16460    
 a5dv          0.0000        0.0000    
 a0ud         0.13412       0.56919E-02
 a1ud        -0.21510       0.41075E-02
 a2ud          8.7130       0.17525    
 a3ud          0.0000        0.0000    
 a4ud          18.022        1.3306    
 a5ud          0.0000        0.0000    
 a0du          35712.        0.0000    
 a1du          4.0401       0.87572E-01
 a2du          21.755        1.0477    
 a3du          17.000        0.0000    
 a4du          52.913        8.7174    
 a0g           41.295        0.0000    
 a1g          0.58166       0.33365E-01
 a2g           6.5109        1.0882    
 a3g          -3.2526       0.18330    
 a4g           3.1557       0.41140    
 a5g           0.0000        0.0000    
 kappa        0.40000        0.0000    
 a6dv         0.56212E-02   0.97749E-03
 a7dv          2.0000        0.0000    
 off1         0.52442       0.69640    
 off2          9.8847        3.7196    
 off3         -2.1482       0.96506E+06
 ht1          -3.9965       0.33340    
 ht2           2.0084       0.14905    
 ht3          -2.0353       0.48526E-01
 ht4          0.22140E-01   0.19314E-01
 dummy41       0.0000        0.0000    
 dummy42       0.0000        0.0000    
 dummy43       0.0000        0.0000    
 dummy44       0.0000        0.0000    
 dummy45       0.0000        0.0000    
 dummy46       0.0000        0.0000    
 dummy47       0.0000        0.0000    
 dummy48       0.0000        0.0000    
 dummy49       0.0000        0.0000    
 bcdmsh2      0.96826       0.50305E-02
 bcdmsd2      0.98571       0.58058E-02
 ccfr          1.0000        0.0000    
 nutev         1.0000        0.0000    
 zeus         0.97998        0.0000    
 h1            1.0162        0.0000    
 e605          1.0319        0.0000    
 NmcH2         1.0048       0.72446E-02
 ntv_nu        1.0000        0.0000    
 ntv_nuba      1.0000        0.0000    
 cdf_jet      0.98910        0.0000    
 d0_jet       0.83504        0.0000    
 slac_p        1.0029       0.52908E-02
 slac_d       0.99617       0.55363E-02
 e866pp       0.98792       0.21487E-01
 e866pd       0.96900       0.16563E-01
 d0_gamje      1.0350       0.16439E-01
 h1b          0.97608        0.0000    
 blank         1.0000        0.0000    
 d0run2       0.94119       0.15884E-01
 cdfrun2      0.92926       0.18274E-01
 HERA_el       1.0000        0.0000    
 HERA_ps       1.0000        0.0000    
 CDF_Z        0.94334       0.66156E-02
 NmcRat        1.0000        0.0000    
 HERMES_F     0.99437       0.60225E-02
 HERMES_F     0.97390       0.61345E-02
 END 0. 0.

 # Hessian matrix (Bevington alpha)
   0.10928373208813E+08  0.12958161874646E+08  0.57719603958927E+06  0.66496391653222E+07  0.11927839958916E+07  0.24775770220689E+07  0.15025461489921E+07  0.46452091267532E+08  0.61425808011842E+08  0.11948223929248E+07  0.19640073632303E+06  0.27271444999559E+07  0.25553313409470E+06  0.15950570463932E+05  0.80330588566598E+07  0.26552956226447E+06  0.19362111703833E+07  0.84850275333229E+06  0.32045905594132E+09  0.24660878235088E+07  0.24716804993093E+06  0.24767873327822E+06  0.24748817370667E+07  0.24976095814913E+07  0.22949690067192E+07  0.29430607169058E+07 -0.13596268309500E+06 -0.57861738544026E+05 -0.57814333819163E+04 -0.88963531788310E+06 -0.11587861765657E+07 -0.21384162299209E+05 -0.48663862435210E+05 -0.32975217995983E+04 -0.94282217030955E+04 -0.33215049808862E+04 -0.21009214064093E+05 -0.77087659030548E+05 -0.60767282913247E+05
   0.12958161874646E+08  0.31512931770703E+08  0.92567111005142E+06  0.13743914472748E+08  0.28975311131592E+07  0.55731065747555E+07  0.32490791632479E+07  0.10058735008017E+09  0.13662302347526E+09  0.27578537988935E+07  0.42063657579969E+06  0.60144245266187E+07  0.56327990654915E+06  0.35614719107904E+05  0.17779534716537E+08  0.59509502123430E+06  0.42618276761190E+07  0.18593586721991E+07  0.69961651410788E+09  0.54672306913432E+07  0.54796294585288E+06  0.54909511302197E+06  0.55058311091067E+07  0.55152458377868E+07  0.55732245069929E+07  0.54507230910481E+07  0.16944769289574E+05  0.84105701514137E+04 -0.17314943935227E+03  0.21236555227733E+06  0.26922772034945E+06  0.57509375089220E+04  0.13286983795408E+05  0.42394794121373E+03  0.24424178025458E+04  0.77177156039722E+03 -0.21388021844671E+04  0.88235171509296E+04  0.74025570380215E+04
   0.57719603958927E+06  0.92567111005142E+06  0.34151604012062E+05  0.43908836663749E+06  0.85266354132508E+05  0.17028620746416E+06  0.10134174171996E+06  0.31284274863559E+07  0.42055776531554E+07  0.83510801462220E+05  0.13139993241332E+05  0.18572505932720E+06  0.17401228970187E+05  0.10937056755997E+04  0.54785914947030E+06  0.18306664928586E+05  0.13137416298830E+06  0.57390893563237E+05  0.21741284545694E+08  0.16850235171996E+06  0.16888448694475E+05  0.16923342563291E+05  0.16932390559403E+06  0.17010979294994E+06  0.16395421245896E+06  0.18367446203886E+06 -0.41078604189657E+04 -0.17458029463900E+04  0.21123195809487E+01 -0.27413264619169E+05 -0.35891371945863E+05 -0.67980296665528E+03 -0.15521345668780E+04 -0.89123279720879E+02 -0.29602014631732E+03 -0.10372101758036E+03 -0.13488185805696E+03 -0.19940234910668E+04 -0.16038578204580E+04
   0.66496391653222E+07  0.13743914472748E+08  0.43908836663749E+06  0.65528423792837E+07  0.12181422317190E+07  0.25336955244975E+07  0.14985752549690E+07  0.45132224166808E+08  0.60651887202188E+08  0.12045659462347E+07  0.19010909936390E+06  0.26708078238902E+07  0.25013343831919E+06  0.15873794705432E+05  0.79312720590771E+07  0.26032867195251E+06  0.19196805572780E+07  0.84098932156186E+06  0.31276724615353E+09  0.24287242817102E+07  0.24342322232308E+06  0.24392616833903E+06  0.24443026397627E+07  0.24546872243973E+07  0.24161066865578E+07  0.25649448862966E+07 -0.13302567689289E+05 -0.22148553415646E+05 -0.18000952178596E+03 -0.68097710878519E+05 -0.35452298835663E+06 -0.13417542477252E+04 -0.25101930359015E+04 -0.69834887260394E+02 -0.25366239636809E+04 -0.98499348916461E+03 -0.11086489412769E+05 -0.76713445935328E+04 -0.22716049915221E+05
   0.11927839958916E+07  0.28975311131592E+07  0.85266354132508E+05  0.12181422317190E+07  0.27426410123743E+06  0.50673454777001E+06  0.29296881482414E+06  0.92420697147683E+07  0.12581088849243E+08  0.25555226078295E+06  0.38535811243214E+05  0.55402110657901E+06  0.51893083011339E+05  0.32740353798947E+04  0.16347810893146E+07  0.55142411026015E+05  0.39041964357996E+06  0.17004440841709E+06  0.64291950810766E+08  0.50353849162192E+06  0.50468043292257E+05  0.50572317243874E+05  0.50679645958195E+06  0.50710019801954E+06  0.51557393606792E+06  0.49254308830173E+06  0.20025012888749E+04  0.33875129377247E+04 -0.51372588941089E+02  0.11783157943467E+05  0.62666324260898E+05  0.31088459195454E+03  0.56169681724553E+03  0.85680754644533E+01  0.46479785453818E+03  0.17195342267442E+03  0.42527037170318E+03  0.83106077566122E+03  0.25554749210425E+04
   0.24775770220689E+07  0.55731065747555E+07  0.17028620746416E+06  0.25336955244975E+07  0.50673454777001E+06  0.10094085026230E+07  0.59066468401531E+06  0.18072435553045E+08  0.24368849573848E+08  0.48747939550116E+06  0.75914288063129E+05  0.10729618932687E+07  0.10049488069437E+06  0.63698656661658E+04  0.31812149283200E+07  0.10519683990902E+06  0.76728506369917E+06  0.33565465104584E+06  0.12513312294838E+09  0.97573147109335E+06  0.97794426730203E+05  0.97996483530032E+05  0.98232764391367E+06  0.98565335454414E+06  0.98404559789015E+06  0.10013727597786E+07 -0.20432156891010E+04 -0.31617852265061E+04  0.69665089816723E+02 -0.60701439276040E+04 -0.29456907219122E+05  0.35429880079155E+02  0.32808107094606E+02 -0.14289287695574E+02 -0.16708257627472E+03 -0.90064192074600E+02 -0.28869598211300E+04 -0.15600635803243E+04 -0.44720079470250E+04
   0.15025461489921E+07  0.32490791632479E+07  0.10134174171996E+06  0.14985752549690E+07  0.29296881482414E+06  0.59066468401531E+06  0.34739748617640E+06  0.10570877397299E+08  0.14262124396912E+08  0.28481504534493E+06  0.44411983081216E+05  0.62800398520755E+06  0.58815087116598E+05  0.37264627012211E+04  0.18610154504844E+07  0.61606161178967E+05  0.44848643562311E+06  0.19615940049856E+06  0.73328216811389E+08  0.57095563894660E+06  0.57225047109112E+05  0.57343281964364E+05  0.57476713522171E+06  0.57684960587716E+06  0.57285917652045E+06  0.59171642451211E+06 -0.19770280373050E+04 -0.31280546575562E+04  0.95856020995259E+02 -0.79091637320765E+04 -0.41416736925362E+05 -0.11743003795631E+03 -0.21646456567832E+03 -0.10331363953569E+02 -0.28437387010805E+03 -0.12006521782028E+03 -0.12323475024250E+04 -0.97771525299255E+03 -0.29038958045904E+04
   0.46452091267532E+08  0.10058735008017E+09  0.31284274863559E+07  0.45132224166808E+08  0.92420697147683E+07  0.18072435553045E+08  0.10570877397299E+08  0.33138203979290E+09  0.43871247698293E+09  0.87951806451333E+07  0.13864580066771E+07  0.19458687187250E+08  0.18216423269112E+07  0.11511191377359E+06  0.57531704348476E+08  0.19097422914762E+07  0.13857869903834E+08  0.60561821158877E+07  0.22649427295785E+10  0.17661115604575E+08  0.17701168068607E+07  0.17737741127960E+07  0.17779033669941E+08  0.17847243181278E+08  0.17799882530710E+08  0.18402804483162E+08 -0.66495747881382E+05 -0.52768412814013E+05 -0.75725331448598E+05 -0.30919567203957E+06 -0.60664291107064E+06 -0.77690229654754E+05 -0.17558665815776E+06 -0.15402110165763E+04  0.36150328225096E+03  0.31175379309304E+03 -0.29461984126028E+06 -0.15523191761997E+06 -0.19110422709420E+06
   0.61425808011842E+08  0.13662302347526E+09  0.42055776531554E+07  0.60651887202188E+08  0.12581088849243E+08  0.24368849573848E+08  0.14262124396912E+08  0.43871247698293E+09  0.60042101770348E+09  0.12076296584784E+08  0.18401208691607E+07  0.26351678893444E+08  0.24682251364202E+07  0.15598003077749E+06  0.77950850995477E+08  0.26049393249121E+07  0.18688931128514E+08  0.81547572606224E+07  0.30716440177182E+10  0.23955123090539E+08  0.24009449313607E+07  0.24059056153753E+07  0.24102876518310E+08  0.24136149592230E+08  0.24189742177603E+08  0.24021812986823E+08  0.11610750277356E+05  0.10831785017265E+05  0.25366203284641E+05  0.66974658338682E+05  0.12734129193248E+06  0.22789333783338E+05  0.51688486486649E+05  0.20818276782910E+03 -0.12523871844240E+04 -0.69292397945117E+03  0.11510096414104E+06  0.45994658686819E+05  0.56189935433132E+05
   0.11948223929248E+07  0.27578537988935E+07  0.83510801462220E+05  0.12045659462347E+07  0.25555226078295E+06  0.48747939550116E+06  0.28481504534493E+06  0.87951806451333E+07  0.12076296584784E+08  0.24543998903471E+06  0.36639781219395E+05  0.53036364934311E+06  0.49678101065501E+05  0.31406847572191E+04  0.15653335937873E+07  0.53006507444787E+05  0.37294383928885E+06  0.16227829626820E+06  0.61844360226801E+08  0.48256396263082E+06  0.48365833719860E+05  0.48465764215997E+05  0.48532725489617E+06  0.48509024004883E+06  0.48887878626827E+06  0.47540116636923E+06  0.27076887698840E+04  0.18514610940582E+04  0.73860830090335E+03  0.10667647706740E+05  0.22108611257627E+05  0.14605525806477E+04  0.32337172108257E+04  0.44208277935552E+02  0.12192616113196E+03  0.54617598086623E+02  0.31473629527978E+04  0.28515217721765E+04  0.35820962170013E+04
   0.19640073632303E+06  0.42063657579969E+06  0.13139993241332E+05  0.19010909936390E+06  0.38535811243214E+05  0.75914288063129E+05  0.44411983081216E+05  0.13864580066771E+07  0.18401208691607E+07  0.36639781219395E+05  0.58333648216631E+04  0.81456042242499E+05  0.76249209520667E+04  0.48177272663986E+03  0.24141735322249E+06  0.79177382779946E+04  0.58479069471311E+05  0.25612477030824E+05  0.94777340474540E+07  0.73890057700062E+05  0.74057628024871E+04  0.74210641318388E+04  0.74395970788702E+05  0.74735402745916E+05  0.74406281403982E+05  0.77218693143095E+05 -0.41162263458561E+03 -0.30875074308934E+03 -0.31527054104396E+03 -0.17710471490064E+04 -0.35119519659880E+04 -0.37839424783149E+03 -0.85404157833578E+03 -0.10021036537788E+02 -0.10584423816323E+02 -0.49986507130102E+01 -0.10598565470161E+04 -0.75401782457444E+03 -0.93315874537148E+03
   0.27271444999559E+07  0.60144245266187E+07  0.18572505932720E+06  0.26708078238902E+07  0.55402110657901E+06  0.10729618932687E+07  0.62800398520755E+06  0.19458687187250E+08  0.26351678893444E+08  0.53036364934311E+06  0.81456042242499E+05  0.11620611732068E+07  0.10879222679287E+06  0.68686273415500E+04  0.34319940943148E+07  0.11462821593066E+06  0.82369932782089E+06  0.35956893621243E+06  0.13527124169811E+09  0.10549318243836E+07  0.10573242337817E+06  0.10595088117602E+06  0.10615504850828E+07  0.10636164865423E+07  0.10650103738761E+07  0.10691064544969E+07 -0.89325404984736E+03  0.78819637729086E-11 -0.67358377852705E+03 -0.41856631265858E+04 -0.19951490912117E-09 -0.20670649464557E+04 -0.43307921148975E+02 -0.70255715005949E+02 -0.14927142206791E+01 -0.65062742988597E+00  0.15562004794112E+03 -0.24615026477951E+04 -0.26668041444690E-10
   0.25553313409470E+06  0.56327990654915E+06  0.17401228970187E+05  0.25013343831919E+06  0.51893083011339E+05  0.10049488069437E+06  0.58815087116598E+05  0.18216423269112E+07  0.24682251364202E+07  0.49678101065501E+05  0.76249209520667E+04  0.10879222679287E+06  0.10188157931241E+05  0.64323938507114E+03  0.32137453026911E+06  0.10741116842111E+05  0.77098303059460E+05  0.33652732376449E+05  0.12668842979229E+08  0.98801150443129E+05  0.99025214970707E+04  0.99229814749124E+04  0.99422149360825E+05  0.99618231186650E+05  0.99740918369655E+05  0.10011074414411E+06 -0.12404427235275E+03 -0.35128745197859E-11 -0.25064934538655E+02 -0.45664247059248E+03  0.51129011430345E-10 -0.12379383162129E+03 -0.10708225388241E+02 -0.53377944877071E+01 -0.14512211403999E+00 -0.57631459668970E-01  0.17614371392704E+02 -0.16893266304337E+03  0.32980133847884E-11
   0.15950570463932E+05  0.35614719107904E+05  0.10937056755997E+04  0.15873794705432E+05  0.32740353798947E+04  0.63698656661658E+04  0.37264627012211E+04  0.11511191377359E+06  0.15598003077749E+06  0.31406847572191E+04  0.48177272663986E+03  0.68686273415500E+04  0.64323938507114E+03  0.40704188923257E+02  0.20318181485015E+05  0.67844070290574E+03  0.48754516052065E+04  0.21275054096746E+04  0.80062940282024E+06  0.62435678231661E+04  0.62577271934612E+03  0.62706565225977E+03  0.62825035269404E+04  0.62934178551963E+04  0.63034976364905E+04  0.63172271079027E+04  0.64401013580328E-01  0.42467684513616E-14 -0.56757579992935E+01 -0.68600294309939E+00 -0.41537617584171E-12 -0.28369342728615E+01 -0.13113673024913E-04 -0.12799503996158E+00 -0.15550315518881E-02 -0.85277190176000E-03 -0.21351413928179E+01 -0.28570361481764E+01  0.13828918842323E-12
   0.80330588566598E+07  0.17779534716537E+08  0.54785914947030E+06  0.79312720590771E+07  0.16347810893146E+07  0.31812149283200E+07  0.18610154504844E+07  0.57531704348476E+08  0.77950850995477E+08  0.15653335937873E+07  0.24141735322249E+06  0.34319940943148E+07  0.32137453026911E+06  0.20318181485015E+05  0.10190411812176E+08  0.33468852097309E+06  0.24641390610230E+07  0.10780859392841E+07  0.39984897037275E+09  0.31180356499662E+07  0.31251068346816E+06  0.31315637372604E+06  0.31374225767489E+07  0.31426576450253E+07  0.31486095355856E+07  0.31515242478074E+07 -0.27059396749761E+04 -0.17874621058195E+04 -0.25273294134566E+04  0.20326960162229E+04  0.44070655489287E+04 -0.14750574303818E+04 -0.29643916038636E+04 -0.73519937869997E+03 -0.28962408110349E+04 -0.15365689448532E+04 -0.24417519969919E+04 -0.90448018161704E+03 -0.10248918666698E+04
   0.26552956226447E+06  0.59509502123430E+06  0.18306664928586E+05  0.26032867195251E+06  0.55142411026015E+05  0.10519683990902E+06  0.61606161178967E+05  0.19097422914762E+07  0.26049393249121E+07  0.53006507444787E+05  0.79177382779946E+04  0.11462821593066E+06  0.10741116842111E+05  0.67844070290574E+03  0.33468852097309E+06  0.11856582765999E+05  0.77829865689997E+05  0.33568354193249E+05  0.13374163592300E+08  0.10434352181476E+06  0.10458015551605E+05  0.10479623256927E+05  0.10499758657618E+06  0.10518412802531E+06  0.10521489948946E+06  0.10542354199715E+06  0.50453548922426E+03  0.31840695593653E+03  0.29076413765624E+03 -0.16412326016454E+03 -0.49635381989296E+03  0.15288543085261E+03  0.30527479804378E+03  0.81289384790927E+02  0.44405460582641E+03  0.21895483167546E+03 -0.32477598727226E+03  0.25577238245354E+03  0.28866662346677E+03
   0.19362111703833E+07  0.42618276761190E+07  0.13137416298830E+06  0.19196805572780E+07  0.39041964357996E+06  0.76728506369917E+06  0.44848643562311E+06  0.13857869903834E+08  0.18688931128514E+08  0.37294383928885E+06  0.58479069471311E+05  0.82369932782089E+06  0.77098303059460E+05  0.48754516052065E+04  0.24641390610230E+07  0.77829865689997E+05  0.60781886730289E+06  0.26782628484325E+06  0.95876588631923E+08  0.74746931951288E+06  0.74916445523959E+05  0.75071233253109E+05  0.75205145959300E+06  0.75312693806460E+06  0.75520359336014E+06  0.75555045906921E+06 -0.25057467720544E+04 -0.16240798194873E+04 -0.23316639583369E+04  0.19445550369170E+04  0.42466055142844E+04 -0.11415085688087E+04 -0.22979549476798E+04 -0.57286840112219E+03 -0.24762921619166E+04 -0.13242249405044E+04  0.12735728655960E+04 -0.15494619578895E+04 -0.17348645885487E+04
   0.84850275333229E+06  0.18593586721991E+07  0.57390893563237E+05  0.84098932156186E+06  0.17004440841709E+06  0.33565465104584E+06  0.19615940049856E+06  0.60561821158877E+07  0.81547572606224E+07  0.16227829626820E+06  0.25612477030824E+05  0.35956893621243E+06  0.33652732376449E+05  0.21275054096746E+04  0.10780859392841E+07  0.33568354193249E+05  0.26782628484325E+06  0.11838193186081E+06  0.41836624271785E+08  0.32612987132855E+06  0.32686947947300E+05  0.32754483698766E+05  0.32812669520692E+06  0.32861132388917E+06  0.32968700529795E+06  0.32987553630358E+06 -0.17721134600768E+04 -0.11185973881439E+04 -0.11827220012694E+04  0.91049628186558E+03  0.23309144561026E+04 -0.58455446970281E+03 -0.11757206249218E+04 -0.31810429393936E+03 -0.16079427615847E+04 -0.82587515697119E+03  0.14080691548113E+04 -0.10885209984415E+04 -0.12196757679343E+04
   0.32045905594132E+09  0.69961651410788E+09  0.21741284545694E+08  0.31276724615353E+09  0.64291950810766E+08  0.12513312294838E+09  0.73328216811389E+08  0.22649427295785E+10  0.30716440177182E+10  0.61844360226801E+08  0.94777340474540E+07  0.13527124169811E+09  0.12668842979229E+08  0.80062940282024E+06  0.39984897037275E+09  0.13374163592300E+08  0.95876588631923E+08  0.41836624271785E+08  0.15776830956199E+11  0.12293965161227E+09  0.12321845823380E+08  0.12347304459607E+08  0.12368287487299E+09  0.12389422083650E+09  0.12385415042760E+09  0.12466175791552E+09 -0.24013081716031E+05 -0.53622329692994E+05  0.77104574197801E+03 -0.39700784835014E+06 -0.19465294797712E+07 -0.11671163105256E+05 -0.21967952970936E+05 -0.13781891559355E+03 -0.16950701533148E+05 -0.53223839165848E+04  0.12396195847154E+05 -0.14686940403665E+05 -0.45319472206180E+05
   0.24660878235088E+07  0.54672306913432E+07  0.16850235171996E+06  0.24287242817102E+07  0.50353849162192E+06  0.97573147109335E+06  0.57095563894660E+06  0.17661115604575E+08  0.23955123090539E+08  0.48256396263082E+06  0.73890057700062E+05  0.10549318243836E+07  0.98801150443129E+05  0.62435678231661E+04  0.31180356499662E+07  0.10434352181476E+06  0.74746931951288E+06  0.32612987132855E+06  0.12293965161227E+09  0.95878856237371E+06  0.96096293489176E+05  0.96294841711064E+05  0.96476859810868E+06  0.96644329611992E+06  0.96798928306676E+06  0.96942084822009E+06  0.00000000000000E+00  0.00000000000000E+00  0.00000000000000E+00  0.00000000000000E+00  0.00000000000000E+00  0.00000000000000E+00  0.00000000000000E+00  0.00000000000000E+00  0.00000000000000E+00  0.00000000000000E+00  0.00000000000000E+00  0.00000000000000E+00  0.00000000000000E+00
   0.24716804993093E+06  0.54796294585288E+06  0.16888448694475E+05  0.24342322232308E+06  0.50468043292257E+05  0.97794426730203E+05  0.57225047109112E+05  0.17701168068607E+07  0.24009449313607E+07  0.48365833719860E+05  0.74057628024871E+04  0.10573242337817E+06  0.99025214970707E+04  0.62577271934612E+03  0.31251068346816E+06  0.10458015551605E+05  0.74916445523959E+05  0.32686947947300E+05  0.12321845823380E+08  0.96096293489176E+05  0.96314223852396E+04  0.96513222348531E+04  0.96695653235022E+05  0.96863502829717E+05  0.97018452128452E+05  0.97161933298880E+05  0.00000000000000E+00  0.00000000000000E+00  0.00000000000000E+00  0.00000000000000E+00  0.00000000000000E+00  0.00000000000000E+00  0.00000000000000E+00  0.00000000000000E+00  0.00000000000000E+00  0.00000000000000E+00  0.00000000000000E+00  0.00000000000000E+00  0.00000000000000E+00
   0.24767873327822E+06  0.54909511302197E+06  0.16923342563291E+05  0.24392616833903E+06  0.50572317243874E+05  0.97996483530032E+05  0.57343281964364E+05  0.17737741127960E+07  0.24059056153753E+07  0.48465764215997E+05  0.74210641318388E+04  0.10595088117602E+06  0.99229814749124E+04  0.62706565225977E+03  0.31315637372604E+06  0.10479623256927E+05  0.75071233253109E+05  0.32754483698766E+05  0.12347304459607E+08  0.96294841711064E+05  0.96513222348531E+04  0.96712632003058E+04  0.96895439816970E+05  0.97063636212124E+05  0.97218905657522E+05  0.97362683279876E+05  0.00000000000000E+00  0.00000000000000E+00  0.00000000000000E+00  0.00000000000000E+00  0.00000000000000E+00  0.00000000000000E+00  0.00000000000000E+00  0.00000000000000E+00  0.00000000000000E+00  0.00000000000000E+00  0.00000000000000E+00  0.00000000000000E+00  0.00000000000000E+00
   0.24748817370667E+07  0.55058311091067E+07  0.16932390559403E+06  0.24443026397627E+07  0.50679645958195E+06  0.98232764391367E+06  0.57476713522171E+06  0.17779033669941E+08  0.24102876518310E+08  0.48532725489617E+06  0.74395970788702E+05  0.10615504850828E+07  0.99422149360825E+05  0.62825035269404E+04  0.31374225767489E+07  0.10499758657618E+06  0.75205145959300E+06  0.32812669520692E+06  0.12368287487299E+09  0.96476859810868E+06  0.96695653235022E+05  0.96895439816970E+05  0.97099567517351E+06  0.97301677406450E+06  0.97465957664463E+06  0.97739710955667E+06 -0.50741133898777E+02 -0.28974640639520E+02  0.37917482177462E+01  0.31820763276475E+03 -0.51394267570090E+03  0.00000000000000E+00  0.00000000000000E+00  0.00000000000000E+00  0.00000000000000E+00  0.00000000000000E+00  0.00000000000000E+00 -0.35763592556528E+03 -0.37487480046660E+03
   0.24976095814913E+07  0.55152458377868E+07  0.17010979294994E+06  0.24546872243973E+07  0.50710019801954E+06  0.98565335454414E+06  0.57684960587716E+06  0.17847243181278E+08  0.24136149592230E+08  0.48509024004883E+06  0.74735402745916E+05  0.10636164865423E+07  0.99618231186650E+05  0.62934178551963E+04  0.31426576450253E+07  0.10518412802531E+06  0.75312693806460E+06  0.32861132388917E+06  0.12389422083650E+09  0.96644329611992E+06  0.96863502829717E+05  0.97063636212124E+05  0.97301677406450E+06  0.97620231859585E+06  0.97576291284567E+06  0.98954520196638E+06 -0.19119579255132E+03 -0.12688313822626E+03 -0.36793991994629E+02 -0.78861856971329E+04 -0.14256793677497E+05  0.00000000000000E+00  0.00000000000000E+00  0.00000000000000E+00  0.00000000000000E+00  0.00000000000000E+00  0.00000000000000E+00 -0.23320254627454E+04 -0.24258018661650E+04
   0.22949690067192E+07  0.55732245069929E+07  0.16395421245896E+06  0.24161066865578E+07  0.51557393606792E+06  0.98404559789015E+06  0.57285917652045E+06  0.17799882530710E+08  0.24189742177603E+08  0.48887878626827E+06  0.74406281403982E+05  0.10650103738761E+07  0.99740918369655E+05  0.63034976364905E+04  0.31486095355856E+07  0.10521489948946E+06  0.75520359336014E+06  0.32968700529795E+06  0.12385415042760E+09  0.96798928306676E+06  0.97018452128452E+05  0.97218905657522E+05  0.97465957664463E+06  0.97576291284567E+06  0.99175964908479E+06  0.95027388856835E+06  0.28905345981747E+03  0.14981797206965E+03 -0.67244476178006E+01  0.43798614708934E+05  0.71304580389166E+05  0.00000000000000E+00  0.00000000000000E+00  0.00000000000000E+00  0.00000000000000E+00  0.00000000000000E+00  0.00000000000000E+00  0.17790896663166E+04  0.18104278879565E+04
   0.29430607169058E+07  0.54507230910481E+07  0.18367446203886E+06  0.25649448862966E+07  0.49254308830173E+06  0.10013727597786E+07  0.59171642451211E+06  0.18402804483162E+08  0.24021812986823E+08  0.47540116636923E+06  0.77218693143095E+05  0.10691064544969E+07  0.10011074414411E+06  0.63172271079027E+04  0.31515242478074E+07  0.10542354199715E+06  0.75555045906921E+06  0.32987553630358E+06  0.12466175791552E+09  0.96942084822009E+06  0.97161933298880E+05  0.97362683279876E+05  0.97739710955667E+06  0.98954520196638E+06  0.95027388856835E+06  0.11347093248159E+07 -0.14690837801380E+04 -0.11726889385819E+04 -0.49721758933028E+04 -0.13953437938369E+06 -0.23290467580449E+06  0.00000000000000E+00  0.00000000000000E+00  0.00000000000000E+00  0.00000000000000E+00  0.00000000000000E+00  0.00000000000000E+00 -0.28119530632592E+05 -0.29257066687973E+05
  -0.13596268309500E+06  0.16944769289574E+05 -0.41078604189657E+04 -0.13302567689289E+05  0.20025012888749E+04 -0.20432156891010E+04 -0.19770280373050E+04 -0.66495747881382E+05  0.11610750277356E+05  0.27076887698840E+04 -0.41162263458561E+03 -0.89325404984736E+03 -0.12404427235275E+03  0.64401013580328E-01 -0.27059396749761E+04  0.50453548922426E+03 -0.25057467720544E+04 -0.17721134600768E+04 -0.24013081716031E+05  0.00000000000000E+00  0.00000000000000E+00  0.00000000000000E+00 -0.50741133898777E+02 -0.19119579255132E+03  0.28905345981747E+03 -0.14690837801380E+04  0.11738433010641E+06  0.00000000000000E+00  0.00000000000000E+00  0.00000000000000E+00  0.00000000000000E+00  0.00000000000000E+00  0.00000000000000E+00  0.00000000000000E+00  0.00000000000000E+00  0.00000000000000E+00  0.00000000000000E+00  0.00000000000000E+00  0.00000000000000E+00
  -0.57861738544026E+05  0.84105701514137E+04 -0.17458029463900E+04 -0.22148553415646E+05  0.33875129377247E+04 -0.31617852265061E+04 -0.31280546575562E+04 -0.52768412814013E+05  0.10831785017265E+05  0.18514610940582E+04 -0.30875074308934E+03  0.78819637729086E-11 -0.35128745197859E-11  0.42467684513616E-14 -0.17874621058195E+04  0.31840695593653E+03 -0.16240798194873E+04 -0.11185973881439E+04 -0.53622329692994E+05  0.00000000000000E+00  0.00000000000000E+00  0.00000000000000E+00 -0.28974640639520E+02 -0.12688313822626E+03  0.14981797206965E+03 -0.11726889385819E+04  0.00000000000000E+00  0.65558005980931E+05  0.00000000000000E+00  0.00000000000000E+00  0.00000000000000E+00  0.00000000000000E+00  0.00000000000000E+00  0.00000000000000E+00  0.00000000000000E+00  0.00000000000000E+00  0.00000000000000E+00  0.00000000000000E+00  0.00000000000000E+00
  -0.57814333819163E+04 -0.17314943935227E+03  0.21123195809487E+01 -0.18000952178596E+03 -0.51372588941089E+02  0.69665089816723E+02  0.95856020995259E+02 -0.75725331448598E+05  0.25366203284641E+05  0.73860830090335E+03 -0.31527054104396E+03 -0.67358377852705E+03 -0.25064934538655E+02 -0.56757579992935E+01 -0.25273294134566E+04  0.29076413765624E+03 -0.23316639583369E+04 -0.11827220012694E+04  0.77104574197801E+03  0.00000000000000E+00  0.00000000000000E+00  0.00000000000000E+00  0.37917482177462E+01 -0.36793991994629E+02 -0.67244476178006E+01 -0.49721758933028E+04  0.00000000000000E+00  0.00000000000000E+00  0.30887603677822E+05  0.00000000000000E+00  0.00000000000000E+00  0.00000000000000E+00  0.00000000000000E+00  0.00000000000000E+00  0.00000000000000E+00  0.00000000000000E+00  0.00000000000000E+00  0.00000000000000E+00  0.00000000000000E+00
  -0.88963531788310E+06  0.21236555227733E+06 -0.27413264619169E+05 -0.68097710878519E+05  0.11783157943467E+05 -0.60701439276040E+04 -0.79091637320765E+04 -0.30919567203957E+06  0.66974658338682E+05  0.10667647706740E+05 -0.17710471490064E+04 -0.41856631265858E+04 -0.45664247059248E+03 -0.68600294309939E+00  0.20326960162229E+04 -0.16412326016454E+03  0.19445550369170E+04  0.91049628186558E+03 -0.39700784835014E+06  0.00000000000000E+00  0.00000000000000E+00  0.00000000000000E+00  0.31820763276475E+03 -0.78861856971329E+04  0.43798614708934E+05 -0.13953437938369E+06  0.00000000000000E+00  0.00000000000000E+00  0.00000000000000E+00  0.57971970554259E+06  0.00000000000000E+00  0.00000000000000E+00  0.00000000000000E+00  0.00000000000000E+00  0.00000000000000E+00  0.00000000000000E+00  0.00000000000000E+00  0.00000000000000E+00  0.00000000000000E+00
  -0.11587861765657E+07  0.26922772034945E+06 -0.35891371945863E+05 -0.35452298835663E+06  0.62666324260898E+05 -0.29456907219122E+05 -0.41416736925362E+05 -0.60664291107064E+06  0.12734129193248E+06  0.22108611257627E+05 -0.35119519659880E+04 -0.19951490912117E-09  0.51129011430345E-10 -0.41537617584171E-12  0.44070655489287E+04 -0.49635381989296E+03  0.42466055142844E+04  0.23309144561026E+04 -0.19465294797712E+07  0.00000000000000E+00  0.00000000000000E+00  0.00000000000000E+00 -0.51394267570090E+03 -0.14256793677497E+05  0.71304580389166E+05 -0.23290467580449E+06  0.00000000000000E+00  0.00000000000000E+00  0.00000000000000E+00  0.00000000000000E+00  0.93302653143945E+06  0.00000000000000E+00  0.00000000000000E+00  0.00000000000000E+00  0.00000000000000E+00  0.00000000000000E+00  0.00000000000000E+00  0.00000000000000E+00  0.00000000000000E+00
  -0.21384162299209E+05  0.57509375089220E+04 -0.67980296665528E+03 -0.13417542477252E+04  0.31088459195454E+03  0.35429880079155E+02 -0.11743003795631E+03 -0.77690229654754E+05  0.22789333783338E+05  0.14605525806477E+04 -0.37839424783149E+03 -0.20670649464557E+04 -0.12379383162129E+03 -0.28369342728615E+01 -0.14750574303818E+04  0.15288543085261E+03 -0.11415085688087E+04 -0.58455446970281E+03 -0.11671163105256E+05  0.00000000000000E+00  0.00000000000000E+00  0.00000000000000E+00  0.00000000000000E+00  0.00000000000000E+00  0.00000000000000E+00  0.00000000000000E+00  0.00000000000000E+00  0.00000000000000E+00  0.00000000000000E+00  0.00000000000000E+00  0.00000000000000E+00  0.14128752961106E+05  0.00000000000000E+00  0.00000000000000E+00  0.00000000000000E+00  0.00000000000000E+00  0.00000000000000E+00  0.00000000000000E+00  0.00000000000000E+00
  -0.48663862435210E+05  0.13286983795408E+05 -0.15521345668780E+04 -0.25101930359015E+04  0.56169681724553E+03  0.32808107094606E+02 -0.21646456567832E+03 -0.17558665815776E+06  0.51688486486649E+05  0.32337172108257E+04 -0.85404157833578E+03 -0.43307921148975E+02 -0.10708225388241E+02 -0.13113673024913E-04 -0.29643916038636E+04  0.30527479804378E+03 -0.22979549476798E+04 -0.11757206249218E+04 -0.21967952970936E+05  0.00000000000000E+00  0.00000000000000E+00  0.00000000000000E+00  0.00000000000000E+00  0.00000000000000E+00  0.00000000000000E+00  0.00000000000000E+00  0.00000000000000E+00  0.00000000000000E+00  0.00000000000000E+00  0.00000000000000E+00  0.00000000000000E+00  0.00000000000000E+00  0.31457908038584E+05  0.00000000000000E+00  0.00000000000000E+00  0.00000000000000E+00  0.00000000000000E+00  0.00000000000000E+00  0.00000000000000E+00
  -0.32975217995983E+04  0.42394794121373E+03 -0.89123279720879E+02 -0.69834887260394E+02  0.85680754644533E+01 -0.14289287695574E+02 -0.10331363953569E+02 -0.15402110165763E+04  0.20818276782910E+03  0.44208277935552E+02 -0.10021036537788E+02 -0.70255715005949E+02 -0.53377944877071E+01 -0.12799503996158E+00 -0.73519937869997E+03  0.81289384790927E+02 -0.57286840112219E+03 -0.31810429393936E+03 -0.13781891559355E+03  0.00000000000000E+00  0.00000000000000E+00  0.00000000000000E+00  0.00000000000000E+00  0.00000000000000E+00  0.00000000000000E+00  0.00000000000000E+00  0.00000000000000E+00  0.00000000000000E+00  0.00000000000000E+00  0.00000000000000E+00  0.00000000000000E+00  0.00000000000000E+00  0.00000000000000E+00  0.38052379916101E+04  0.00000000000000E+00  0.00000000000000E+00  0.00000000000000E+00  0.00000000000000E+00  0.00000000000000E+00
  -0.94282217030955E+04  0.24424178025458E+04 -0.29602014631732E+03 -0.25366239636809E+04  0.46479785453818E+03 -0.16708257627472E+03 -0.28437387010805E+03  0.36150328225096E+03 -0.12523871844240E+04  0.12192616113196E+03 -0.10584423816323E+02 -0.14927142206791E+01 -0.14512211403999E+00 -0.15550315518881E-02 -0.28962408110349E+04  0.44405460582641E+03 -0.24762921619166E+04 -0.16079427615847E+04 -0.16950701533148E+05  0.00000000000000E+00  0.00000000000000E+00  0.00000000000000E+00  0.00000000000000E+00  0.00000000000000E+00  0.00000000000000E+00  0.00000000000000E+00  0.00000000000000E+00  0.00000000000000E+00  0.00000000000000E+00  0.00000000000000E+00  0.00000000000000E+00  0.00000000000000E+00  0.00000000000000E+00  0.00000000000000E+00  0.83053277192661E+04  0.00000000000000E+00  0.00000000000000E+00  0.00000000000000E+00  0.00000000000000E+00
  -0.33215049808862E+04  0.77177156039722E+03 -0.10372101758036E+03 -0.98499348916461E+03  0.17195342267442E+03 -0.90064192074600E+02 -0.12006521782028E+03  0.31175379309304E+03 -0.69292397945117E+03  0.54617598086623E+02 -0.49986507130102E+01 -0.65062742988597E+00 -0.57631459668970E-01 -0.85277190176000E-03 -0.15365689448532E+04  0.21895483167546E+03 -0.13242249405044E+04 -0.82587515697119E+03 -0.53223839165848E+04  0.00000000000000E+00  0.00000000000000E+00  0.00000000000000E+00  0.00000000000000E+00  0.00000000000000E+00  0.00000000000000E+00  0.00000000000000E+00  0.00000000000000E+00  0.00000000000000E+00  0.00000000000000E+00  0.00000000000000E+00  0.00000000000000E+00  0.00000000000000E+00  0.00000000000000E+00  0.00000000000000E+00  0.00000000000000E+00  0.42405887398083E+04  0.00000000000000E+00  0.00000000000000E+00  0.00000000000000E+00
  -0.21009214064093E+05 -0.21388021844671E+04 -0.13488185805696E+03 -0.11086489412769E+05  0.42527037170318E+03 -0.28869598211300E+04 -0.12323475024250E+04 -0.29461984126028E+06  0.11510096414104E+06  0.31473629527978E+04 -0.10598565470161E+04  0.15562004794112E+03  0.17614371392704E+02 -0.21351413928179E+01 -0.24417519969919E+04 -0.32477598727226E+03  0.12735728655960E+04  0.14080691548113E+04  0.12396195847154E+05  0.00000000000000E+00  0.00000000000000E+00  0.00000000000000E+00  0.00000000000000E+00  0.00000000000000E+00  0.00000000000000E+00  0.00000000000000E+00  0.00000000000000E+00  0.00000000000000E+00  0.00000000000000E+00  0.00000000000000E+00  0.00000000000000E+00  0.00000000000000E+00  0.00000000000000E+00  0.00000000000000E+00  0.00000000000000E+00  0.00000000000000E+00  0.12976869511752E+06  0.00000000000000E+00  0.00000000000000E+00
  -0.77087659030548E+05  0.88235171509296E+04 -0.19940234910668E+04 -0.76713445935328E+04  0.83106077566122E+03 -0.15600635803243E+04 -0.97771525299255E+03 -0.15523191761997E+06  0.45994658686819E+05  0.28515217721765E+04 -0.75401782457444E+03 -0.24615026477951E+04 -0.16893266304337E+03 -0.28570361481764E+01 -0.90448018161704E+03  0.25577238245354E+03 -0.15494619578895E+04 -0.10885209984415E+04 -0.14686940403665E+05  0.00000000000000E+00  0.00000000000000E+00  0.00000000000000E+00 -0.35763592556528E+03 -0.23320254627454E+04  0.17790896663166E+04 -0.28119530632592E+05  0.00000000000000E+00  0.00000000000000E+00  0.00000000000000E+00  0.00000000000000E+00  0.00000000000000E+00  0.00000000000000E+00  0.00000000000000E+00  0.00000000000000E+00  0.00000000000000E+00  0.00000000000000E+00  0.00000000000000E+00  0.95659007965319E+05  0.00000000000000E+00
  -0.60767282913247E+05  0.74025570380215E+04 -0.16038578204580E+04 -0.22716049915221E+05  0.25554749210425E+04 -0.44720079470250E+04 -0.29038958045904E+04 -0.19110422709420E+06  0.56189935433132E+05  0.35820962170013E+04 -0.93315874537148E+03 -0.26668041444690E-10  0.32980133847884E-11  0.13828918842323E-12 -0.10248918666698E+04  0.28866662346677E+03 -0.17348645885487E+04 -0.12196757679343E+04 -0.45319472206180E+05  0.00000000000000E+00  0.00000000000000E+00  0.00000000000000E+00 -0.37487480046660E+03 -0.24258018661650E+04  0.18104278879565E+04 -0.29257066687973E+05  0.00000000000000E+00  0.00000000000000E+00  0.00000000000000E+00  0.00000000000000E+00  0.00000000000000E+00  0.00000000000000E+00  0.00000000000000E+00  0.00000000000000E+00  0.00000000000000E+00  0.00000000000000E+00  0.00000000000000E+00  0.00000000000000E+00  0.10095285019691E+06

 # Covariance matrix (Bevington epsilon)
   0.70092016587914E-03 -0.23732259107454E-04 -0.21520011390983E-01  0.70754168073576E-04 -0.40431416040251E-03  0.61536653131380E-03 -0.11252314360126E-02  0.43201095193322E-04  0.34395132226780E-04 -0.14130016318849E-02 -0.17435218656154E-01 -0.99472728250827E-03 -0.13901117876592E-02 -0.85092638512117E-01  0.72472488546051E-04  0.31375346856388E-02  0.57171516812992E-03 -0.79917492700487E-03 -0.30855271799779E-05 -0.51710103246427E-02 -0.12339276447315E-01  0.10098693018225E+00  0.10281671571134E-02 -0.10467935165864E-02  0.21779622971105E-03  0.92539344260467E-04  0.39451101000054E-04  0.40597953449511E-04  0.32014487770380E-04  0.46624220750689E-04  0.49620629751655E-04 -0.28960504261745E-03 -0.12220131093597E-03  0.36537462869461E-04 -0.77695317327123E-04 -0.75816931050692E-04  0.73091184725002E-04  0.47296239672151E-04  0.46541795151655E-04
  -0.23732259107812E-04  0.11211775100646E-03  0.18370911078331E-02  0.13603677007357E-03  0.68294002051643E-03 -0.19973788995760E-03  0.75840532754535E-04  0.35113951517926E-05  0.12374755117465E-05  0.60470610392957E-03  0.12848859006312E-02  0.16611112246292E-03 -0.83125623559176E-03  0.17327174082995E-01  0.33532897510719E-04  0.17647436889411E-02  0.21074994338599E-04  0.29401911038738E-03  0.16578338846749E-05  0.31274797577030E-02  0.22222010198397E-02 -0.46511142764380E-01 -0.19018296873689E-02  0.42975864699652E-03  0.32517832556484E-04 -0.16389347530344E-04  0.12990645026524E-04  0.87048773455952E-05  0.76367377605354E-05  0.69879585595242E-05  0.66965141170558E-05  0.15211278205270E-04 -0.40806071981056E-05  0.71715041094799E-05 -0.15784934240036E-04 -0.11606663721257E-04  0.99687702487604E-05  0.93351401816620E-05  0.75990391014099E-05
