# fitpack15: fit parameters                                                                         
# CJ15 AV18 final data choices                                                                      
# Created on 06/13/2019 at 21:55:02                                                                 

 # QCD setup
  INS                           0
  NVL                          11
  IORD                          1
  Q02                   1.6899999999999999     
  IPARAMC                       7
  FLAVOR                4.0000000000000000     
  xmc                   1.3000000000000000     
  xmb                   4.5000000000000000     
  ncb                          12
  ihq                           1
  ias                           0

 # Theory corrections
  inuke                     10814
  itmc                          1
  iht                           1

 # fit parameters
 LAMBDA       0.22680        0.0000    
 a0uv          2.4170        0.0000    
 a1uv         0.61645       0.25479E-01
 a2uv          3.5427       0.15741E-01
 a3uv          0.0000        0.0000    
 a4uv          3.4417       0.56781    
 a5uv          0.0000        0.0000    
 a0dv          24.624        0.0000    
 a1dv          1.1580       0.40642E-01
 a2dv          6.5550       0.19360    
 a3dv         -3.5044       0.98545E-01
 a4dv          4.6791       0.17585    
 a5dv          0.0000        0.0000    
 a0ud         0.14667       0.54346E-02
 a1ud        -0.20770       0.39913E-02
 a2ud          8.3577       0.21836    
 a3ud          0.0000        0.0000    
 a4ud          14.689        1.4575    
 a5ud          0.0000        0.0000    
 a0du          35712.        0.0000    
 a1du          4.0187       0.79070E-01
 a2du          20.228       0.96060    
 a3du          17.000        0.0000    
 a4du          49.124        10.355    
 a0g           45.259        0.0000    
 a1g          0.60223       0.31571E-01
 a2g           6.4151       0.98080    
 a3g          -3.3037       0.13378    
 a4g           3.1577       0.30940    
 a5g           0.0000        0.0000    
 kappa        0.40000        0.0000    
 a6dv        -0.36257E-02   0.15483E-02
 a7dv          2.0000        0.0000    
 off1         -3.4930        2.4988    
 off2         0.55265E-01   0.19110E-01
 ht1          -3.2402       0.26330    
 ht2           1.9186       0.10961    
 ht3          -2.0738       0.20974E-01
 ht4           0.0000        0.0000    
 dummy40       0.0000        0.0000    
 dummy41       0.0000        0.0000    
 dummy42       0.0000        0.0000    
 dummy43       0.0000        0.0000    
 dummy44       0.0000        0.0000    
 dummy45       0.0000        0.0000    
 dummy46       0.0000        0.0000    
 dummy47       0.0000        0.0000    
 dummy48       0.0000        0.0000    
 dummy49       0.0000        0.0000    
 bcdmsh2      0.97296       0.48620E-02
 bcdmsd2      0.99287       0.58352E-02
 ccfr          1.0000        0.0000    
 nutev         1.0000        0.0000    
 zeus         0.97998        0.0000    
 h1            1.0162        0.0000    
 e605          1.0319        0.0000    
 NmcH2         1.0095       0.71548E-02
 ntv_nu        1.0000        0.0000    
 ntv_nubar     1.0000        0.0000    
 cdf_jet      0.98910        0.0000    
 d0_jet       0.83504        0.0000    
 slac_p        1.0050       0.48600E-02
 slac_d        1.0039       0.53306E-02
 e866pp       0.96479       0.22153E-01
 e866pd       0.96496       0.17297E-01
 d0_gamjet     1.0392       0.16536E-01
 h1b          0.97608        0.0000    
 jlab_p       0.99443       0.58620E-02
 jlab_d       0.97522       0.59942E-02
 blank         1.0000        0.0000    
 d0run2       0.94139       0.14262E-01
 cdfrun2      0.92686       0.17251E-01
 HERA_el       1.0000        0.0000    
 HERA_ps       1.0000        0.0000    
 CDF_Z        0.96584       0.66579E-02
 NmcRat        1.0000        0.0000    
 BNS_F2nd     0.98184       0.79254E-02
 HERMES_F2p   0.99830       0.55950E-02
 HERMES_F2d   0.98033       0.58560E-02
 END 0. 0.

 # Hessian matrix (Bevington alpha)
   0.47489075009970E+07 -0.12690285727305E+07  0.22966434729876E+06  0.58751545828647E+06 -0.14076347810877E+06  0.41884382158859E+04  0.74394949535381E+05  0.92211068443630E+06 -0.16804335514847E+06 -0.49848032920459E+05  0.76194711745241E+04  0.14604898362138E+05  0.16258882828273E+04 -0.84425378881327E+02  0.11554771021907E+05 -0.25886220768014E+04  0.15610546191270E+05  0.10861994470565E+05 -0.78647690731642E+07 -0.14953769508939E+04 -0.63713461831125E+06  0.48887531503197E+05  0.16065658974578E+06  0.55468701250315E+06 -0.12671450851030E+06 -0.53722118977319E+05 -0.43251518950587E+04 -0.83663363367346E+06 -0.10827048067610E+07 -0.20571483377520E+05 -0.46163399230414E+05 -0.30715625630583E+04 -0.19819055680117E+06 -0.22363272454558E+06 -0.90759458539031E+04 -0.32169807615462E+04 -0.14745805334467E+05  0.16528113345543E+05 -0.70372556526346E+05 -0.55507348767682E+05
  -0.12690285727305E+07  0.41025266629491E+06 -0.63359855199989E+05 -0.15085882485700E+06  0.37771833187024E+05  0.59541889457179E+04 -0.14799543778220E+05 -0.12267616583193E+06  0.25455172733091E+05  0.76335713609435E+04 -0.95820630016483E+03 -0.12162333757641E+04 -0.13688575980923E+03  0.10934582512034E+02  0.23173386447921E+03  0.23765052002464E+02 -0.27029482143044E+03 -0.19534720623015E+03  0.26554430562060E+07  0.59317141913571E+03  0.18600607055378E+06 -0.10279077350842E+05 -0.38018878199350E+05 -0.15227011939952E+06  0.16566743897551E+05  0.81922330902649E+04 -0.24302678548055E+03  0.20923175556222E+06  0.26337148050079E+06  0.58135963520240E+04  0.13195455958414E+05  0.42086974738003E+03  0.63449062067275E+05  0.71046071488415E+05  0.24644316678029E+04  0.78329253873959E+03 -0.23807142027986E+04 -0.22369286166172E+04  0.85339156366096E+04  0.71557728533789E+04
   0.22966434729876E+06 -0.63359855199989E+05  0.11227065288658E+05  0.27961260839361E+05 -0.68846813157448E+04 -0.25503420895753E+03  0.34103562056848E+04  0.32561002159393E+05 -0.57208998121879E+04 -0.20727828406038E+04  0.27374482766959E+03  0.45519656005493E+03  0.59059789304635E+02 -0.40818862441496E+01 -0.23003778731103E+03 -0.27574856339928E+02 -0.15729876789960E+01  0.91968085527895E+02 -0.39454757261256E+06 -0.77338063424558E+02 -0.31297351624452E+05  0.22750710455131E+04  0.75165222715473E+04  0.26838936813177E+05 -0.55782175944769E+04 -0.23803545170835E+04  0.52841952320369E+02 -0.39307377735412E+05 -0.51053783484495E+05 -0.10136811903144E+04 -0.22848188625529E+04 -0.11945606095870E+03 -0.10005204395955E+05 -0.11258364240861E+05 -0.43837379847442E+03 -0.15269446333441E+03  0.60905732785714E+02  0.72913385657583E+03 -0.25763894736982E+04 -0.20888498241479E+04
   0.58751545828647E+06 -0.15085882485700E+06  0.27961260839361E+05  0.29933622740644E+06 -0.48130598734805E+05  0.53897173262699E+05  0.48063785570285E+05  0.32005470403462E+06 -0.28933678218267E+05 -0.16479211167149E+05  0.30183184466104E+04 -0.74349855738685E+03 -0.70131285893724E+02  0.36158553722266E+02  0.27328802004328E+05 -0.31672725926132E+04  0.24320589869549E+05  0.13565884489361E+05 -0.17260916542284E+07 -0.23853576712682E+03 -0.18207603785715E+06  0.18109261827941E+05  0.51256199699416E+05  0.18506344502833E+06 -0.12759660350522E+05 -0.21114881997587E+05 -0.70795429338938E+02 -0.65637208195192E+05 -0.34012266244198E+06 -0.14163612229299E+04 -0.24730097033276E+04 -0.73544772185438E+02 -0.11707486426736E+05 -0.52468706811843E+05 -0.25015678255683E+04 -0.97749008600455E+03 -0.95543970977987E+04 -0.15754242340727E+05 -0.71955843214584E+04 -0.21279437115442E+05
  -0.14076347810877E+06  0.37771833187024E+05 -0.68846813157448E+04 -0.48130598734805E+05  0.92479486297817E+04 -0.54715450643751E+04 -0.71479032934982E+04 -0.29660589867739E+05  0.10453569707501E+04  0.21516076020112E+04 -0.30227141369334E+03 -0.72310069901889E+02 -0.23701037272680E+01 -0.28966351278313E+01 -0.22186028505911E+04  0.25392695465364E+03 -0.19260941714805E+04 -0.10732405925859E+04  0.38770452083784E+06  0.72895064649694E+02  0.38217830329817E+05 -0.33557084630356E+04 -0.95167394926019E+04 -0.36741294805943E+05  0.19938538513414E+04  0.33587365772155E+04 -0.56032501884843E+02  0.11916745308763E+05  0.62859196935823E+05  0.33949657533481E+03  0.57363800851894E+03  0.94894056637340E+01  0.29649739809895E+04  0.13086895039506E+05  0.47988838877858E+03  0.17820584946800E+03  0.33933706540554E+03  0.25026963941521E+04  0.81793588209062E+03  0.25104924444808E+04
   0.41884382158859E+04  0.59541889457179E+04 -0.25503420895753E+03  0.53897173262699E+05 -0.54715450643751E+04  0.17256913525300E+05  0.10480287210822E+05  0.96153631569935E+05 -0.97639100555939E+04 -0.41210587310183E+04  0.89585616894890E+03 -0.42626825917756E+03 -0.35890111385955E+02  0.12431431965789E+02  0.83163060668335E+04 -0.10009340300132E+04  0.74829384022738E+04  0.42658570949096E+04 -0.35487030979527E+05  0.50784707088258E+02 -0.12299238930710E+05  0.23524179513735E+04  0.64900470474604E+04  0.17158149425451E+05 -0.28146890056238E+04 -0.43151056336574E+04  0.15227918100978E+03 -0.88532082658058E+04 -0.43754358103646E+05 -0.24152218119145E+01 -0.32960380822581E+02 -0.19471991409189E+02  0.33707677056166E+03  0.11585684462866E+04 -0.27184825331964E+03 -0.13723228036549E+03 -0.30539579857167E+04 -0.33885036508140E+04 -0.18518133864909E+04 -0.53344088535703E+04
   0.74394949535381E+05 -0.14799543778220E+05  0.34103562056848E+04  0.48063785570285E+05 -0.71479032934982E+04  0.10480287210822E+05  0.85249216079201E+04  0.53170906700614E+05 -0.35437307393857E+04 -0.29519023355704E+04  0.52083815878319E+03 -0.95755868531676E+02 -0.10498644226135E+02  0.61984184009878E+01  0.41948902645562E+04 -0.50565000470140E+03  0.36644769800188E+04  0.21027561552645E+04 -0.19083867084594E+06 -0.52468010744446E+01 -0.24416098005567E+05  0.28402774473926E+04  0.78391609338689E+04  0.26013684366331E+05 -0.24939417475994E+04 -0.39081887445622E+04  0.13562010880705E+03 -0.10070552690080E+05 -0.52543470721511E+05 -0.17139029662790E+03 -0.28960675644077E+03 -0.13685539563404E+02 -0.10689527306447E+04 -0.49458531323420E+04 -0.37296047336768E+03 -0.15730830715887E+03 -0.12838479591902E+04 -0.31717558363984E+04 -0.11487866928591E+04 -0.34192435974939E+04
   0.92211068443630E+06 -0.12267616583193E+06  0.32561002159393E+05  0.32005470403462E+06 -0.29660589867739E+05  0.96153631569935E+05  0.53170906700614E+05  0.49428751026739E+07 -0.23081751925865E+07 -0.84215492603926E+05  0.25550613129514E+05  0.27756226156965E+05  0.18537097233641E+04  0.10308475567036E+03  0.80825850916191E+05 -0.10249746711633E+05  0.84564748214132E+05  0.46148513964728E+05 -0.53420207342316E+06  0.35961695236404E+03 -0.74441885241089E+05  0.26556517585708E+05  0.84418598779575E+05  0.19326312258193E+06 -0.60186110599258E+05 -0.48459740199915E+05 -0.66666325035612E+05 -0.27947546820136E+06 -0.55454765516132E+06 -0.72530706335731E+05 -0.16150484983880E+06 -0.13211305512653E+04 -0.56052598032723E+04 -0.11014182686218E+05  0.12577510354769E+03  0.18997665928143E+03 -0.26191291571121E+06 -0.85505771979286E+04 -0.13651367597821E+06 -0.16996727868040E+06
  -0.16804335514847E+06  0.25455172733091E+05 -0.57208998121879E+04 -0.28933678218267E+05  0.10453569707501E+04 -0.97639100555939E+04 -0.35437307393857E+04 -0.23081751925865E+07  0.19285271482025E+07  0.18966037758950E+05 -0.64840385060274E+04 -0.59281551980118E+04 -0.32160095643641E+03 -0.16428456690342E+02  0.50021209418767E+05 -0.23630916568048E+04  0.17422930232845E+05  0.86021210300897E+04  0.58974662021540E+03 -0.91186589539375E+02  0.54250690331055E+03 -0.54529382603176E+04 -0.18392762190320E+05 -0.37661098047155E+05  0.11393315307684E+05  0.10818766234465E+05  0.24070698206811E+05  0.65311046418467E+05  0.12549966871231E+06  0.23174546135041E+05  0.51736078014954E+05  0.17681017047930E+03  0.61406162942288E+03  0.12392706319587E+04 -0.12146890571312E+04 -0.67733996642089E+03  0.11166381180559E+06  0.15748206763315E+04  0.44145687757582E+05  0.54441588183799E+05
  -0.49848032920459E+05  0.76335713609435E+04 -0.20727828406038E+04 -0.16479211167149E+05  0.21516076020112E+04 -0.41210587310183E+04 -0.29519023355704E+04 -0.84215492603926E+05  0.18966037758950E+05  0.25908180254739E+04 -0.62758092701647E+03 -0.71636678705113E+03 -0.62972395784239E+02 -0.16106725802756E+01 -0.39080664054649E+04  0.47154188450839E+03 -0.35922811144037E+04 -0.20473622286931E+04  0.50860452460087E+05 -0.77646129990445E+01  0.69754585416322E+04 -0.11945191718382E+04 -0.35313996597890E+04 -0.94083931925533E+04  0.27225528270251E+04  0.18851236416162E+04  0.72651540110331E+03  0.10873798798736E+05  0.22740181596338E+05  0.15271021359976E+04  0.33261050204204E+04  0.42948610380926E+02  0.56606958528199E+03  0.10749586137060E+04  0.13306340874547E+03  0.59572909108064E+02  0.30856336373010E+04  0.43866488535905E+03  0.27781487840960E+04  0.35405406452125E+04
   0.76194711745241E+04 -0.95820630016483E+03  0.27374482766959E+03  0.30183184466104E+04 -0.30227141369334E+03  0.89585616894890E+03  0.52083815878319E+03  0.25550613129514E+05 -0.64840385060274E+04 -0.62758092701647E+03  0.17728001871645E+03  0.21169287937720E+03  0.15362638589779E+02  0.70605334007770E+00  0.12433810351181E+04 -0.13647085579104E+03  0.10917571523446E+04  0.59980492958123E+03 -0.57002255846354E+04  0.26067032429839E+01 -0.77448269868963E+03  0.20567736709602E+03  0.63978471579749E+03  0.15205058024474E+04 -0.48133133610710E+03 -0.36367572396431E+03 -0.33987880723881E+03 -0.20574815502250E+04 -0.41337571030236E+04 -0.44186852909220E+03 -0.98363781964675E+03 -0.11067091387490E+02 -0.48406867398104E+02 -0.94954090230870E+02 -0.14862123145760E+02 -0.70452382040290E+01 -0.11551326659010E+04 -0.68400386884649E+02 -0.82951612420978E+03 -0.10406233042573E+04
   0.14604898362138E+05 -0.12162333757641E+04  0.45519656005493E+03 -0.74349855738685E+03 -0.72310069901889E+02 -0.42626825917756E+03 -0.95755868531676E+02  0.27756226156965E+05 -0.59281551980118E+04 -0.71636678705113E+03  0.21169287937720E+03  0.18166361952936E+04  0.11673191724581E+03 -0.25054962713495E+00  0.15545851466558E+04 -0.21320542381936E+03  0.17501684991861E+04  0.10080773416194E+04 -0.63781096231396E+04 -0.51535049127512E+01 -0.42231459752878E+03 -0.27207243927689E+01  0.15684618634492E+03 -0.76764249818782E+03 -0.11623589613469E+04  0.18152317565659E-10 -0.77932931928704E+03 -0.51967618044295E+04 -0.23961315770427E-10 -0.25466706768703E+04 -0.72358322010614E+02 -0.83383356459424E+02 -0.20414312243945E+00  0.49497782611722E-10 -0.18377807940547E+01 -0.79345869239021E+00  0.30326864103125E+03  0.31641509083318E+03 -0.28754069508878E+04  0.15146004818968E-09
   0.16258882828273E+04 -0.13688575980923E+03  0.59059789304635E+02 -0.70131285893724E+02 -0.23701037272680E+01 -0.35890111385955E+02 -0.10498644226135E+02  0.18537097233641E+04 -0.32160095643641E+03 -0.62972395784239E+02  0.15362638589779E+02  0.11673191724581E+03  0.10335312597973E+02 -0.13679444634156E+00  0.86097235508729E+02 -0.14208060765182E+02  0.10696179405993E+03  0.66522613405532E+02 -0.37361358526359E+03 -0.43005093120275E+00  0.12837619071365E+02  0.16712784133956E+01  0.20008660111179E+02 -0.77799214101792E+02 -0.17083228677212E+03 -0.43461497388650E-11 -0.29741957671671E+02 -0.60685435915019E+03 -0.76082355309721E-11 -0.15705715717929E+03 -0.19039351304804E+02 -0.66353591839119E+01 -0.14763452921144E+00  0.15843529751046E-10 -0.19167725973141E+00 -0.74838059033311E-01  0.29960407273346E+02  0.70880651881513E+02 -0.20417465841745E+03  0.13101366198299E-10
  -0.84425378881327E+02  0.10934582512034E+02 -0.40818862441496E+01  0.36158553722266E+02 -0.28966351278313E+01  0.12431431965789E+02  0.61984184009878E+01  0.10308475567036E+03 -0.16428456690342E+02 -0.16106725802756E+01  0.70605334007770E+00 -0.25054962713495E+00 -0.13679444634156E+00  0.53521877873490E-01  0.15364872044668E+02 -0.11121760057137E+01  0.94901557516708E+01  0.44162767433058E+01 -0.40457324651768E+02  0.25476978752021E-01 -0.14258532810401E+02  0.52532244558842E+00  0.13666382877102E+01  0.61836369610605E+01  0.74676923793277E-01 -0.33436352155352E-13 -0.72803460663947E+01 -0.11827534732561E+01 -0.20757216473770E-11 -0.44804194592515E+01 -0.45531735069039E-04 -0.17401972259068E+00  0.47417023062805E-13 -0.12857640222394E-13 -0.21442200915305E-02 -0.11764399781584E-02 -0.17022764179906E+01  0.15542914386306E-03 -0.42060769969973E+01  0.72308386984760E-12
   0.11554771021907E+05  0.23173386447921E+03 -0.23003778731103E+03  0.27328802004328E+05 -0.22186028505911E+04  0.83163060668335E+04  0.41948902645562E+04  0.80825850916191E+05  0.50021209418767E+05 -0.39080664054649E+04  0.12433810351181E+04  0.15545851466558E+04  0.86097235508729E+02  0.15364872044668E+02  0.48620257419029E+05 -0.44681476181332E+04  0.35987240379999E+05  0.18998803866417E+05 -0.46123242461425E+05  0.27024944918417E+01  0.22212203835317E+04 -0.18372705479848E+03 -0.54007263763720E+03 -0.98807512603986E+03 -0.26285855836986E+04 -0.17283874140334E+04 -0.24510282075676E+04  0.19473029051668E+04  0.41714558154385E+04 -0.15287712486370E+04 -0.29540008180259E+04 -0.71550206356170E+03  0.25278273818388E+03  0.45054155480330E+03 -0.28392419267164E+04 -0.15095217816068E+04 -0.24466721698875E+04  0.18155592448252E+03 -0.84328952477364E+03 -0.95134143074242E+03
  -0.25886220768014E+04  0.23765052002464E+02 -0.27574856339928E+02 -0.31672725926132E+04  0.25392695465364E+03 -0.10009340300132E+04 -0.50565000470140E+03 -0.10249746711633E+05 -0.23630916568048E+04  0.47154188450839E+03 -0.13647085579104E+03 -0.21320542381936E+03 -0.14208060765182E+02 -0.11121760057137E+01 -0.44681476181332E+04  0.47860421589613E+03 -0.38030508847663E+04 -0.20856704747827E+04  0.48414201718459E+04 -0.95056038981696E+00 -0.33473299890988E+03  0.17138096382593E+02  0.43073441303775E+02  0.88046955795029E+02  0.48471052742740E+03  0.30419517644122E+03  0.28148243015127E+03 -0.15513428699998E+03 -0.46577312823434E+03  0.15804258386717E+03  0.30423171575869E+03  0.78610029333972E+02 -0.67123886700927E+02 -0.11813199714479E+03  0.43194177713001E+03  0.21342628393077E+03 -0.29052055404112E+03 -0.32410976636330E+02  0.24102595730158E+03  0.27036106271061E+03
   0.15610546191270E+05 -0.27029482143044E+03 -0.15729876789960E+01  0.24320589869549E+05 -0.19260941714805E+04  0.74829384022738E+04  0.36644769800188E+04  0.84564748214132E+05  0.17422930232845E+05 -0.35922811144037E+04  0.10917571523446E+04  0.17501684991861E+04  0.10696179405993E+03  0.94901557516708E+01  0.35987240379999E+05 -0.38030508847663E+04  0.30658576533168E+05  0.16674834629377E+05 -0.42641699821869E+05  0.17650127325032E+01  0.24600645117303E+04 -0.23691360842259E+03 -0.63997485411780E+03 -0.11652271351250E+04 -0.28301250509739E+04 -0.18157550920911E+04 -0.25248059237478E+04  0.21236345038149E+04  0.46311010549584E+04 -0.13121843394223E+04 -0.25466163144171E+04 -0.62945547282616E+03  0.96982193095533E+02  0.18742669835961E+03 -0.27811089184297E+04 -0.14890918493496E+04  0.14867006039356E+04  0.24197007093091E+03 -0.17558019364611E+04 -0.19522286463223E+04
   0.10861994470565E+05 -0.19534720623015E+03  0.91968085527895E+02  0.13565884489361E+05 -0.10732405925859E+04  0.42658570949096E+04  0.21027561552645E+04  0.46148513964728E+05  0.86021210300897E+04 -0.20473622286931E+04  0.59980492958123E+03  0.10080773416194E+04  0.66522613405532E+02  0.44162767433058E+01  0.18998803866417E+05 -0.20856704747827E+04  0.16674834629377E+05  0.91843760966623E+04 -0.22905658674126E+05  0.24580603860855E+01  0.15220309058244E+04 -0.12331797982819E+03 -0.31008362372215E+03 -0.58337036945169E+03 -0.19831898953225E+04 -0.12403580447321E+04 -0.12845659073815E+04  0.99407914912299E+03  0.25447700073493E+04 -0.67440894002802E+03 -0.13094960284522E+04 -0.35050154787374E+03  0.12532007521693E+03  0.23112301003773E+03 -0.18026071723441E+04 -0.92757513824246E+03  0.15464646637838E+04  0.16803004000375E+03 -0.12121973724238E+04 -0.13487841454994E+04
  -0.78647690731642E+07  0.26554430562060E+07 -0.39454757261256E+06 -0.17260916542284E+07  0.38770452083784E+06 -0.35487030979527E+05 -0.19083867084594E+06 -0.53420207342316E+06  0.58974662021540E+03  0.50860452460087E+05 -0.57002255846354E+04 -0.63781096231396E+04 -0.37361358526359E+03 -0.40457324651768E+02 -0.46123242461425E+05  0.48414201718459E+04 -0.42641699821869E+05 -0.22905658674126E+05  0.25645173508252E+08  0.67720222159653E+04  0.20643325723292E+07 -0.14024820178743E+06 -0.43685424768322E+06 -0.18923137034302E+07  0.33655988720817E+05  0.74820909471106E+05 -0.11626776947131E+04  0.55929343120999E+06  0.27276532898685E+07  0.17625395639332E+05  0.31141737100188E+05  0.22727601985685E+03  0.18171832650990E+06  0.79363171767247E+06  0.24481309986976E+05  0.77352437523350E+04 -0.18507605872713E+05  0.44064729162397E+05  0.20414216030385E+05  0.62789544846745E+05
  -0.14953769508939E+04  0.59317141913571E+03 -0.77338063424558E+02 -0.23853576712682E+03  0.72895064649694E+02  0.50784707088258E+02 -0.52468010744446E+01  0.35961695236404E+03 -0.91186589539375E+02 -0.77646129990445E+01  0.26067032429839E+01 -0.51535049127512E+01 -0.43005093120275E+00  0.25476978752021E-01  0.27024944918417E+01 -0.95056038981696E+00  0.17650127325032E+01  0.24580603860855E+01  0.67720222159653E+04  0.25140573230775E+01  0.49207175116767E+03 -0.25895579683065E+02 -0.82438487120775E+02 -0.42290307822973E+03  0.00000000000000E+00 -0.23319930089837E+02  0.00000000000000E+00  0.00000000000000E+00  0.46778574654852E+03  0.00000000000000E+00 -0.77292677956958E+01  0.00000000000000E+00  0.00000000000000E+00  0.22838144863521E+03  0.00000000000000E+00  0.00000000000000E+00  0.00000000000000E+00  0.98162150214020E+01  0.00000000000000E+00 -0.25010692647228E+02
  -0.63713461831125E+06  0.18600607055378E+06 -0.31297351624452E+05 -0.18207603785715E+06  0.38217830329817E+05 -0.12299238930710E+05 -0.24416098005567E+05 -0.74441885241089E+05  0.54250690331055E+03  0.69754585416322E+04 -0.77448269868963E+03 -0.42231459752878E+03  0.12837619071365E+02 -0.14258532810401E+02  0.22212203835317E+04 -0.33473299890988E+03  0.24600645117303E+04  0.15220309058244E+04  0.20643325723292E+07  0.49207175116767E+03  0.23767105674438E+06 -0.20239408485260E+05 -0.56982824152875E+05 -0.23324711433629E+06  0.00000000000000E+00  0.14156591952681E+05  0.00000000000000E+00  0.00000000000000E+00  0.34228218066133E+06  0.00000000000000E+00 -0.34120945159261E+04  0.00000000000000E+00  0.00000000000000E+00  0.70521389200342E+05  0.00000000000000E+00  0.00000000000000E+00  0.00000000000000E+00 -0.12194194820846E+05  0.00000000000000E+00  0.11657106736157E+05
   0.48887531503197E+05 -0.10279077350842E+05  0.22750710455131E+04  0.18109261827941E+05 -0.33557084630356E+04  0.23524179513735E+04  0.28402774473926E+04  0.26556517585708E+05 -0.54529382603176E+04 -0.11945191718382E+04  0.20567736709602E+03 -0.27207243927689E+01  0.16712784133956E+01  0.52532244558842E+00 -0.18372705479848E+03  0.17138096382593E+02 -0.23691360842259E+03 -0.12331797982819E+03 -0.14024820178743E+06 -0.25895579683065E+02 -0.20239408485260E+05  0.23036510287969E+04  0.61776706103833E+04  0.22808652489595E+05 -0.52548467340732E+02 -0.19079179126163E+04  0.19990969418869E+01  0.52363053915197E+03 -0.37774110584046E+05  0.00000000000000E+00 -0.15540592366472E+03  0.00000000000000E+00  0.23214622816050E+04 -0.40319186926439E+04  0.00000000000000E+00  0.00000000000000E+00  0.00000000000000E+00  0.13589234590466E+04 -0.40302816879833E+03 -0.25975140382834E+04
   0.16065658974578E+06 -0.38018878199350E+05  0.75165222715473E+04  0.51256199699416E+05 -0.95167394926019E+04  0.64900470474604E+04  0.78391609338689E+04  0.84418598779575E+05 -0.18392762190320E+05 -0.35313996597890E+04  0.63978471579749E+03  0.15684618634492E+03  0.20008660111179E+02  0.13666382877102E+01 -0.54007263763720E+03  0.43073441303775E+02 -0.63997485411780E+03 -0.31008362372215E+03 -0.43685424768322E+06 -0.82438487120775E+02 -0.56982824152875E+05  0.61776706103833E+04  0.17251825929246E+05  0.62617477453523E+05 -0.16158560679349E+03 -0.47960415562751E+04 -0.52538867817526E+02 -0.66830329231760E+04 -0.10573705440807E+06  0.00000000000000E+00 -0.38785316702400E+03  0.00000000000000E+00  0.31677023822783E+04 -0.13458197858557E+05  0.00000000000000E+00  0.00000000000000E+00  0.00000000000000E+00  0.34192366697101E+04 -0.21697700180879E+04 -0.76862549779709E+04
   0.55468701250315E+06 -0.15227011939952E+06  0.26838936813177E+05  0.18506344502833E+06 -0.36741294805943E+05  0.17158149425451E+05  0.26013684366331E+05  0.19326312258193E+06 -0.37661098047155E+05 -0.94083931925533E+04  0.15205058024474E+04 -0.76764249818782E+03 -0.77799214101792E+02  0.61836369610605E+01 -0.98807512603986E+03  0.88046955795029E+02 -0.11652271351250E+04 -0.58337036945169E+03 -0.18923137034302E+07 -0.42290307822973E+03 -0.23324711433629E+06  0.22808652489595E+05  0.62617477453523E+05  0.25391683676434E+06  0.25278724951416E+03 -0.21805456836118E+05 -0.67110616289908E+01  0.37607834800628E+05 -0.37828217033568E+06  0.00000000000000E+00 -0.18160650175190E+04  0.00000000000000E+00  0.15900895042336E+05 -0.60768979492553E+05  0.00000000000000E+00  0.00000000000000E+00  0.00000000000000E+00  0.16117758389783E+05  0.15648014787390E+04 -0.23815980225013E+05
  -0.12671450851030E+06  0.16566743897551E+05 -0.55782175944769E+04 -0.12759660350522E+05  0.19938538513414E+04 -0.28146890056238E+04 -0.24939417475994E+04 -0.60186110599258E+05  0.11393315307684E+05  0.27225528270251E+04 -0.48133133610710E+03 -0.11623589613469E+04 -0.17083228677212E+03  0.74676923793277E-01 -0.26285855836986E+04  0.48471052742740E+03 -0.28301250509739E+04 -0.19831898953225E+04  0.33655988720817E+05  0.00000000000000E+00  0.00000000000000E+00 -0.52548467340732E+02 -0.16158560679349E+03  0.25278724951416E+03  0.11628684060666E+06  0.00000000000000E+00  0.00000000000000E+00  0.00000000000000E+00  0.00000000000000E+00  0.00000000000000E+00  0.00000000000000E+00  0.00000000000000E+00  0.00000000000000E+00  0.00000000000000E+00  0.00000000000000E+00  0.00000000000000E+00  0.00000000000000E+00  0.00000000000000E+00  0.00000000000000E+00  0.00000000000000E+00
  -0.53722118977319E+05  0.81922330902649E+04 -0.23803545170835E+04 -0.21114881997587E+05  0.33587365772155E+04 -0.43151056336574E+04 -0.39081887445622E+04 -0.48459740199915E+05  0.10818766234465E+05  0.18851236416162E+04 -0.36367572396431E+03  0.18152317565659E-10 -0.43461497388650E-11 -0.33436352155352E-13 -0.17283874140334E+04  0.30419517644122E+03 -0.18157550920911E+04 -0.12403580447321E+04  0.74820909471106E+05 -0.23319930089837E+02  0.14156591952681E+05 -0.19079179126163E+04 -0.47960415562751E+04 -0.21805456836118E+05  0.00000000000000E+00  0.64562049861878E+05  0.00000000000000E+00  0.00000000000000E+00  0.00000000000000E+00  0.00000000000000E+00  0.00000000000000E+00  0.00000000000000E+00  0.00000000000000E+00  0.00000000000000E+00  0.00000000000000E+00  0.00000000000000E+00  0.00000000000000E+00  0.00000000000000E+00  0.00000000000000E+00  0.00000000000000E+00
  -0.43251518950587E+04 -0.24302678548055E+03  0.52841952320369E+02 -0.70795429338938E+02 -0.56032501884843E+02  0.15227918100978E+03  0.13562010880705E+03 -0.66666325035612E+05  0.24070698206811E+05  0.72651540110331E+03 -0.33987880723881E+03 -0.77932931928704E+03 -0.29741957671671E+02 -0.72803460663947E+01 -0.24510282075676E+04  0.28148243015127E+03 -0.25248059237478E+04 -0.12845659073815E+04 -0.11626776947131E+04  0.00000000000000E+00  0.00000000000000E+00  0.19990969418869E+01 -0.52538867817526E+02 -0.67110616289908E+01  0.00000000000000E+00  0.00000000000000E+00  0.30649866356849E+05  0.00000000000000E+00  0.00000000000000E+00  0.00000000000000E+00  0.00000000000000E+00  0.00000000000000E+00  0.00000000000000E+00  0.00000000000000E+00  0.00000000000000E+00  0.00000000000000E+00  0.00000000000000E+00  0.00000000000000E+00  0.00000000000000E+00  0.00000000000000E+00
  -0.83663363367346E+06  0.20923175556222E+06 -0.39307377735412E+05 -0.65637208195192E+05  0.11916745308763E+05 -0.88532082658058E+04 -0.10070552690080E+05 -0.27947546820136E+06  0.65311046418467E+05  0.10873798798736E+05 -0.20574815502250E+04 -0.51967618044295E+04 -0.60685435915019E+03 -0.11827534732561E+01  0.19473029051668E+04 -0.15513428699998E+03  0.21236345038149E+04  0.99407914912299E+03  0.55929343120999E+06  0.00000000000000E+00  0.00000000000000E+00  0.52363053915197E+03 -0.66830329231760E+04  0.37607834800628E+05  0.00000000000000E+00  0.00000000000000E+00  0.00000000000000E+00  0.57740593963422E+06  0.00000000000000E+00  0.00000000000000E+00  0.00000000000000E+00  0.00000000000000E+00  0.00000000000000E+00  0.00000000000000E+00  0.00000000000000E+00  0.00000000000000E+00  0.00000000000000E+00  0.00000000000000E+00  0.00000000000000E+00  0.00000000000000E+00
  -0.10827048067610E+07  0.26337148050079E+06 -0.51053783484495E+05 -0.34012266244198E+06  0.62859196935823E+05 -0.43754358103646E+05 -0.52543470721511E+05 -0.55454765516132E+06  0.12549966871231E+06  0.22740181596338E+05 -0.41337571030236E+04 -0.23961315770427E-10 -0.76082355309721E-11 -0.20757216473770E-11  0.41714558154385E+04 -0.46577312823434E+03  0.46311010549584E+04  0.25447700073493E+04  0.27276532898685E+07  0.46778574654852E+03  0.34228218066133E+06 -0.37774110584046E+05 -0.10573705440807E+06 -0.37828217033568E+06  0.00000000000000E+00  0.00000000000000E+00  0.00000000000000E+00  0.00000000000000E+00  0.91722898085417E+06  0.00000000000000E+00  0.00000000000000E+00  0.00000000000000E+00  0.00000000000000E+00  0.00000000000000E+00  0.00000000000000E+00  0.00000000000000E+00  0.00000000000000E+00  0.00000000000000E+00  0.00000000000000E+00  0.00000000000000E+00
  -0.20571483377520E+05  0.58135963520240E+04 -0.10136811903144E+04 -0.14163612229299E+04  0.33949657533481E+03 -0.24152218119145E+01 -0.17139029662790E+03 -0.72530706335731E+05  0.23174546135041E+05  0.15271021359976E+04 -0.44186852909220E+03 -0.25466706768703E+04 -0.15705715717929E+03 -0.44804194592515E+01 -0.15287712486370E+04  0.15804258386717E+03 -0.13121843394223E+04 -0.67440894002802E+03  0.17625395639332E+05  0.00000000000000E+00  0.00000000000000E+00  0.00000000000000E+00  0.00000000000000E+00  0.00000000000000E+00  0.00000000000000E+00  0.00000000000000E+00  0.00000000000000E+00  0.00000000000000E+00  0.00000000000000E+00  0.14795333254636E+05  0.00000000000000E+00  0.00000000000000E+00  0.00000000000000E+00  0.00000000000000E+00  0.00000000000000E+00  0.00000000000000E+00  0.00000000000000E+00  0.00000000000000E+00  0.00000000000000E+00  0.00000000000000E+00
  -0.46163399230414E+05  0.13195455958414E+05 -0.22848188625529E+04 -0.24730097033276E+04  0.57363800851894E+03 -0.32960380822581E+02 -0.28960675644077E+03 -0.16150484983880E+06  0.51736078014954E+05  0.33261050204204E+04 -0.98363781964675E+03 -0.72358322010614E+02 -0.19039351304804E+02 -0.45531735069039E-04 -0.29540008180259E+04  0.30423171575869E+03 -0.25466163144171E+04 -0.13094960284522E+04  0.31141737100188E+05 -0.77292677956958E+01 -0.34120945159261E+04 -0.15540592366472E+03 -0.38785316702400E+03 -0.18160650175190E+04  0.00000000000000E+00  0.00000000000000E+00  0.00000000000000E+00  0.00000000000000E+00  0.00000000000000E+00  0.00000000000000E+00  0.31637937766179E+05  0.00000000000000E+00  0.00000000000000E+00  0.00000000000000E+00  0.00000000000000E+00  0.00000000000000E+00  0.00000000000000E+00  0.00000000000000E+00  0.00000000000000E+00  0.00000000000000E+00
  -0.30715625630583E+04  0.42086974738003E+03 -0.11945606095870E+03 -0.73544772185438E+02  0.94894056637340E+01 -0.19471991409189E+02 -0.13685539563404E+02 -0.13211305512653E+04  0.17681017047930E+03  0.42948610380926E+02 -0.11067091387490E+02 -0.83383356459424E+02 -0.66353591839119E+01 -0.17401972259068E+00 -0.71550206356170E+03  0.78610029333972E+02 -0.62945547282616E+03 -0.35050154787374E+03  0.22727601985685E+03  0.00000000000000E+00  0.00000000000000E+00  0.00000000000000E+00  0.00000000000000E+00  0.00000000000000E+00  0.00000000000000E+00  0.00000000000000E+00  0.00000000000000E+00  0.00000000000000E+00  0.00000000000000E+00  0.00000000000000E+00  0.00000000000000E+00  0.37849734510189E+04  0.00000000000000E+00  0.00000000000000E+00  0.00000000000000E+00  0.00000000000000E+00  0.00000000000000E+00  0.00000000000000E+00  0.00000000000000E+00  0.00000000000000E+00
  -0.19819055680117E+06  0.63449062067275E+05 -0.10005204395955E+05 -0.11707486426736E+05  0.29649739809895E+04  0.33707677056166E+03 -0.10689527306447E+04 -0.56052598032723E+04  0.61406162942288E+03  0.56606958528199E+03 -0.48406867398104E+02 -0.20414312243945E+00 -0.14763452921144E+00  0.47417023062805E-13  0.25278273818388E+03 -0.67123886700927E+02  0.96982193095533E+02  0.12532007521693E+03  0.18171832650990E+06  0.00000000000000E+00  0.00000000000000E+00  0.23214622816050E+04  0.31677023822783E+04  0.15900895042336E+05  0.00000000000000E+00  0.00000000000000E+00  0.00000000000000E+00  0.00000000000000E+00  0.00000000000000E+00  0.00000000000000E+00  0.00000000000000E+00  0.00000000000000E+00  0.10550497734824E+06  0.00000000000000E+00  0.00000000000000E+00  0.00000000000000E+00  0.00000000000000E+00  0.00000000000000E+00  0.00000000000000E+00  0.00000000000000E+00
  -0.22363272454558E+06  0.71046071488415E+05 -0.11258364240861E+05 -0.52468706811843E+05  0.13086895039506E+05  0.11585684462866E+04 -0.49458531323420E+04 -0.11014182686218E+05  0.12392706319587E+04  0.10749586137060E+04 -0.94954090230870E+02  0.49497782611722E-10  0.15843529751046E-10 -0.12857640222394E-13  0.45054155480330E+03 -0.11813199714479E+03  0.18742669835961E+03  0.23112301003773E+03  0.79363171767247E+06  0.22838144863521E+03  0.70521389200342E+05 -0.40319186926439E+04 -0.13458197858557E+05 -0.60768979492553E+05  0.00000000000000E+00  0.00000000000000E+00  0.00000000000000E+00  0.00000000000000E+00  0.00000000000000E+00  0.00000000000000E+00  0.00000000000000E+00  0.00000000000000E+00  0.00000000000000E+00  0.13860091303245E+06  0.00000000000000E+00  0.00000000000000E+00  0.00000000000000E+00  0.00000000000000E+00  0.00000000000000E+00  0.00000000000000E+00
  -0.90759458539031E+04  0.24644316678029E+04 -0.43837379847442E+03 -0.25015678255683E+04  0.47988838877858E+03 -0.27184825331964E+03 -0.37296047336768E+03  0.12577510354769E+03 -0.12146890571312E+04  0.13306340874547E+03 -0.14862123145760E+02 -0.18377807940547E+01 -0.19167725973141E+00 -0.21442200915305E-02 -0.28392419267164E+04  0.43194177713001E+03 -0.27811089184297E+04 -0.18026071723441E+04  0.24481309986976E+05  0.00000000000000E+00  0.00000000000000E+00  0.00000000000000E+00  0.00000000000000E+00  0.00000000000000E+00  0.00000000000000E+00  0.00000000000000E+00  0.00000000000000E+00  0.00000000000000E+00  0.00000000000000E+00  0.00000000000000E+00  0.00000000000000E+00  0.00000000000000E+00  0.00000000000000E+00  0.00000000000000E+00  0.82994246625342E+04  0.00000000000000E+00  0.00000000000000E+00  0.00000000000000E+00  0.00000000000000E+00  0.00000000000000E+00
  -0.32169807615462E+04  0.78329253873959E+03 -0.15269446333441E+03 -0.97749008600455E+03  0.17820584946800E+03 -0.13723228036549E+03 -0.15730830715887E+03  0.18997665928143E+03 -0.67733996642089E+03  0.59572909108064E+02 -0.70452382040290E+01 -0.79345869239021E+00 -0.74838059033311E-01 -0.11764399781584E-02 -0.15095217816068E+04  0.21342628393077E+03 -0.14890918493496E+04 -0.92757513824246E+03  0.77352437523350E+04  0.00000000000000E+00  0.00000000000000E+00  0.00000000000000E+00  0.00000000000000E+00  0.00000000000000E+00  0.00000000000000E+00  0.00000000000000E+00  0.00000000000000E+00  0.00000000000000E+00  0.00000000000000E+00  0.00000000000000E+00  0.00000000000000E+00  0.00000000000000E+00  0.00000000000000E+00  0.00000000000000E+00  0.00000000000000E+00  0.42596531883224E+04  0.00000000000000E+00  0.00000000000000E+00  0.00000000000000E+00  0.00000000000000E+00
  -0.14745805334467E+05 -0.23807142027986E+04  0.60905732785714E+02 -0.95543970977987E+04  0.33933706540554E+03 -0.30539579857167E+04 -0.12838479591902E+04 -0.26191291571121E+06  0.11166381180559E+06  0.30856336373010E+04 -0.11551326659010E+04  0.30326864103125E+03  0.29960407273346E+02 -0.17022764179906E+01 -0.24466721698875E+04 -0.29052055404112E+03  0.14867006039356E+04  0.15464646637838E+04 -0.18507605872713E+05  0.00000000000000E+00  0.00000000000000E+00  0.00000000000000E+00  0.00000000000000E+00  0.00000000000000E+00  0.00000000000000E+00  0.00000000000000E+00  0.00000000000000E+00  0.00000000000000E+00  0.00000000000000E+00  0.00000000000000E+00  0.00000000000000E+00  0.00000000000000E+00  0.00000000000000E+00  0.00000000000000E+00  0.00000000000000E+00  0.00000000000000E+00  0.12383287893475E+06  0.00000000000000E+00  0.00000000000000E+00  0.00000000000000E+00
   0.16528113345543E+05 -0.22369286166172E+04  0.72913385657583E+03 -0.15754242340727E+05  0.25026963941521E+04 -0.33885036508140E+04 -0.31717558363984E+04 -0.85505771979286E+04  0.15748206763315E+04  0.43866488535905E+03 -0.68400386884649E+02  0.31641509083318E+03  0.70880651881513E+02  0.15542914386306E-03  0.18155592448252E+03 -0.32410976636330E+02  0.24197007093091E+03  0.16803004000375E+03  0.44064729162397E+05  0.98162150214020E+01 -0.12194194820846E+05  0.13589234590466E+04  0.34192366697101E+04  0.16117758389783E+05  0.00000000000000E+00  0.00000000000000E+00  0.00000000000000E+00  0.00000000000000E+00  0.00000000000000E+00  0.00000000000000E+00  0.00000000000000E+00  0.00000000000000E+00  0.00000000000000E+00  0.00000000000000E+00  0.00000000000000E+00  0.00000000000000E+00  0.00000000000000E+00  0.39360181274855E+05  0.00000000000000E+00  0.00000000000000E+00
  -0.70372556526346E+05  0.85339156366096E+04 -0.25763894736982E+04 -0.71955843214584E+04  0.81793588209062E+03 -0.18518133864909E+04 -0.11487866928591E+04 -0.13651367597821E+06  0.44145687757582E+05  0.27781487840960E+04 -0.82951612420978E+03 -0.28754069508878E+04 -0.20417465841745E+03 -0.42060769969973E+01 -0.84328952477364E+03  0.24102595730158E+03 -0.17558019364611E+04 -0.12121973724238E+04  0.20414216030385E+05  0.00000000000000E+00  0.00000000000000E+00 -0.40302816879833E+03 -0.21697700180879E+04  0.15648014787390E+04  0.00000000000000E+00  0.00000000000000E+00  0.00000000000000E+00  0.00000000000000E+00  0.00000000000000E+00  0.00000000000000E+00  0.00000000000000E+00  0.00000000000000E+00  0.00000000000000E+00  0.00000000000000E+00  0.00000000000000E+00  0.00000000000000E+00  0.00000000000000E+00  0.00000000000000E+00  0.94921322156515E+05  0.00000000000000E+00
  -0.55507348767682E+05  0.71557728533789E+04 -0.20888498241479E+04 -0.21279437115442E+05  0.25104924444808E+04 -0.53344088535703E+04 -0.34192435974939E+04 -0.16996727868040E+06  0.54441588183799E+05  0.35405406452125E+04 -0.10406233042573E+04  0.15146004818968E-09  0.13101366198299E-10  0.72308386984760E-12 -0.95134143074242E+03  0.27036106271061E+03 -0.19522286463223E+04 -0.13487841454994E+04  0.62789544846745E+05 -0.25010692647228E+02  0.11657106736157E+05 -0.25975140382834E+04 -0.76862549779709E+04 -0.23815980225013E+05  0.00000000000000E+00  0.00000000000000E+00  0.00000000000000E+00  0.00000000000000E+00  0.00000000000000E+00  0.00000000000000E+00  0.00000000000000E+00  0.00000000000000E+00  0.00000000000000E+00  0.00000000000000E+00  0.00000000000000E+00  0.00000000000000E+00  0.00000000000000E+00  0.00000000000000E+00  0.00000000000000E+00  0.99566214377703E+05

 # Covariance matrix (Bevington epsilon)
