 Correlated errors added in quadrature with statistical errors
 jl00106F2p DIS data with   1.69< Q2 < 0.500D+03 and 0.000 < xB < 1.000 and   3.00< W2 < 0.100D+04 and 0.000 < y < 1.000
   GP TMC applied
   HT corrections, multiplicative C=C(xB)
 Correlated errors added in quadrature with statistical errors
 jl00106F2d DIS data with   1.69< Q2 < 0.500D+03 and 0.000 < xB < 1.000 and   3.00< W2 < 0.100D+04 and 0.000 < y < 1.000
   WBArel smearing  (AV18) - KP-like (baryon conserv.)0 nuke corrections
   GP TMC applied
   HT corrections, multiplicative C=C(xB)
 Correlated errors added in quadrature with statistical errors
 HerF2pCut  DIS data with   1.69< Q2 < 0.500D+03 and 0.000 < xB < 1.000 and   3.00< W2 < 0.100D+04 and 0.000 < y < 1.000
   GP TMC applied
   HT corrections, multiplicative C=C(xB)
 Correlated errors added in quadrature with statistical errors
 HerF2dCut  DIS data with   1.69< Q2 < 0.500D+03 and 0.000 < xB < 1.000 and   3.00< W2 < 0.100D+04 and 0.000 < y < 1.000
   WBArel smearing  (AV18) - KP-like (baryon conserv.)0 nuke corrections
   GP TMC applied
   HT corrections, multiplicative C=C(xB)
 Correlated errors added in quadrature with statistical errors
 slac_p     DIS data with   1.69< Q2 < 0.500D+03 and 0.000 < xB < 1.000 and   3.00< W2 < 0.100D+04 and 0.000 < y < 1.000
   GP TMC applied
   HT corrections, multiplicative C=C(xB)
 Correlated errors added in quadrature with statistical errors
 slac_d     DIS data with   1.69< Q2 < 0.500D+03 and 0.000 < xB < 1.000 and   3.00< W2 < 0.100D+04 and 0.000 < y < 1.000
   WBArel smearing  (AV18) - KP-like (baryon conserv.)0 nuke corrections
   GP TMC applied
   HT corrections, multiplicative C=C(xB)
 Correlated errors treated separately from statistical errors
 BcdF2pCor  DIS data with   1.69< Q2 < 0.500D+03 and 0.000 < xB < 1.000 and   3.00< W2 < 0.100D+04 and 0.000 < y < 1.000
   GP TMC applied
   HT corrections, multiplicative C=C(xB)
 Correlated errors treated separately from statistical errors
 BcdF2dCor  DIS data with   1.69< Q2 < 0.500D+03 and 0.000 < xB < 1.000 and   3.00< W2 < 0.100D+04 and 0.000 < y < 1.000
   WBArel smearing  (AV18) - KP-like (baryon conserv.)0 nuke corrections
   GP TMC applied
   HT corrections, multiplicative C=C(xB)
 Correlated errors treated separately from statistical errors
 NmcF2pCor  DIS data with   1.69< Q2 < 0.500D+03 and 0.000 < xB < 1.000 and   3.00< W2 < 0.100D+04 and 0.000 < y < 1.000
   GP TMC applied
   HT corrections, multiplicative C=C(xB)
 Correlated errors treated separately from statistical errors
 NmcRatCor  DIS data with   1.69< Q2 < 0.500D+03 and 0.000 < xB < 1.000 and   3.00< W2 < 0.100D+04 and 0.000 < y < 1.000
   WBArel smearing  (AV18) - KP-like (baryon conserv.)0 nuke corrections
   GP TMC applied
   HT corrections, multiplicative C=C(xB)
 Correlated errors treated separately from statistical errors
 H2_NC_em   DIS data with   1.69< Q2 < 0.100D+06 and 0.000 < xB < 1.000 and   3.00< W2 < 0.100D+08 and 0.000 < y < 1.000
   GP TMC applied
   HT corrections, multiplicative C=C(xB)
 Correlated errors treated separately from statistical errors
 H2_NC_ep_1 DIS data with   1.69< Q2 < 0.100D+06 and 0.000 < xB < 1.000 and   3.00< W2 < 0.100D+08 and 0.000 < y < 1.000
   GP TMC applied
   HT corrections, multiplicative C=C(xB)
 Correlated errors treated separately from statistical errors
 H2_NC_ep_2 DIS data with   1.69< Q2 < 0.100D+06 and 0.000 < xB < 1.000 and   3.00< W2 < 0.100D+08 and 0.000 < y < 1.000
   GP TMC applied
   HT corrections, multiplicative C=C(xB)
 Correlated errors treated separately from statistical errors
 H2_NC_ep_3 DIS data with   1.69< Q2 < 0.100D+06 and 0.000 < xB < 1.000 and   3.00< W2 < 0.100D+08 and 0.000 < y < 1.000
   GP TMC applied
   HT corrections, multiplicative C=C(xB)
 Correlated errors treated separately from statistical errors
 H2_NC_ep_4 DIS data with   1.69< Q2 < 0.100D+06 and 0.000 < xB < 1.000 and   3.00< W2 < 0.100D+08 and 0.000 < y < 1.000
   GP TMC applied
   HT corrections, multiplicative C=C(xB)
 Correlated errors treated separately from statistical errors
 H2_CC_em   DIS data with   1.69< Q2 < 0.100D+06 and 0.000 < xB < 1.000 and   3.00< W2 < 0.100D+08 and 0.000 < y < 1.000
   GP TMC applied
   HT corrections, multiplicative C=C(xB)
 Correlated errors treated separately from statistical errors
 H2_CC_ep   DIS data with   1.69< Q2 < 0.100D+06 and 0.000 < xB < 1.000 and   3.00< W2 < 0.100D+08 and 0.000 < y < 1.000
   GP TMC applied
   HT corrections, multiplicative C=C(xB)
 Correlated errors added in quadrature with statistical errors
 BNS_F2nd   DIS data with   1.69< Q2 < 0.100D+06 and 0.000 < xB < 1.000 and   3.00< W2 < 0.100D+08 and 0.000 < y < 1.000
   WBArel smearing  (AV18) - KP-like (baryon conserv.)0 nuke corrections
   GP TMC applied
   HT corrections, multiplicative C=C(xB)
 Correlated errors added in quadrature with statistical errors
 e866pp06xf vector boson data with Q2 >=  36.00
 Correlated errors added in quadrature with statistical errors
 e866pd06xf vector boson data with Q2 >=  36.00
 Correlated errors added in quadrature with statistical errors
 cdfLasy05  vector boson data with Q2 >=   0.00
 Correlated errors added in quadrature with statistical errors
 d0Lasy_e15 vector boson data with Q2 >=   0.00
 Correlated errors added in quadrature with statistical errors
 d0Lasy13   vector boson data with Q2 >=   0.00
 Correlated errors added in quadrature with statistical errors
 CDF_Z      vector boson data with Q2 >=   0.00
 Correlated errors added in quadrature with statistical errors
 D0_Z       vector boson data with Q2 >=   0.00
 Correlated errors added in quadrature with statistical errors
 d0run2coneJet data - errors added in quadrature
 Correlated errors added in quadrature with statistical errors
 CDFrun2jetJet data - errors added in quadrature
 Correlated errors added in quadrature with statistical errors
 d0_gamjet1 Photon data -- cuts to be written yet ...
 Correlated errors added in quadrature with statistical errors
 d0_gamjet2 Photon data -- cuts to be written yet ...
 Correlated errors added in quadrature with statistical errors
 d0_gamjet3 Photon data -- cuts to be written yet ...
 Correlated errors added in quadrature with statistical errors
 d0_gamjet4 Photon data -- cuts to be written yet ...

# fitpack15: fit output
# CJ15 AV18 final data choices                                                 

Parametrization   7 used here

 S-ACOT scheme used  for NC DIS

 charm mass =     1.30 GeV     bottom mass =     4.50 GeV



 THIS IS A NEXT TO LEADING ORDER FIT

 Q02=    1.69
         1  LAMBDA      VALUE=   0.22680      WEIGHT=    0.0000    
         2  a0uv        VALUE=    2.4169      WEIGHT=    0.0000    
         3  a1uv        VALUE=   0.61635      WEIGHT=   0.20395E-01
         4  a2uv        VALUE=    3.5428      WEIGHT=   0.12297E-01
         5  a3uv        VALUE=    0.0000      WEIGHT=    0.0000    
         6  a4uv        VALUE=    3.4395      WEIGHT=   0.43683    
         7  a5uv        VALUE=    0.0000      WEIGHT=    0.0000    
         8  a0dv        VALUE=    24.544      WEIGHT=    0.0000    
         9  a1dv        VALUE=    1.1585      WEIGHT=   0.33842E-01
        10  a2dv        VALUE=    6.5538      WEIGHT=   0.15967    
        11  a3dv        VALUE=   -3.5001      WEIGHT=   0.87255E-01
        12  a4dv        VALUE=    4.6830      WEIGHT=   0.14394    
        13  a5dv        VALUE=    0.0000      WEIGHT=    0.0000    
        14  a0ud        VALUE=   0.14662      WEIGHT=   0.50263E-02
        15  a1ud        VALUE=  -0.20771      WEIGHT=   0.37519E-02
        16  a2ud        VALUE=    8.3632      WEIGHT=   0.18523    
        17  a3ud        VALUE=    0.0000      WEIGHT=    0.0000    
        18  a4ud        VALUE=    14.678      WEIGHT=    1.2107    
        19  a5ud        VALUE=    0.0000      WEIGHT=    0.0000    
        20  a0du        VALUE=    35712.      WEIGHT=    0.0000    
        21  a1du        VALUE=    4.0198      WEIGHT=   0.71322E-01
        22  a2du        VALUE=    20.251      WEIGHT=   0.86082    
        23  a3du        VALUE=    17.000      WEIGHT=    0.0000    
        24  a4du        VALUE=    50.601      WEIGHT=    9.0827    
        25  a0g         VALUE=    45.217      WEIGHT=    0.0000    
        26  a1g         VALUE=   0.60182      WEIGHT=   0.31731E-01
        27  a2g         VALUE=    6.4148      WEIGHT=    1.0043    
        28  a3g         VALUE=   -3.3037      WEIGHT=   0.13891    
        29  a4g         VALUE=    3.1575      WEIGHT=   0.30059    
        30  a5g         VALUE=    0.0000      WEIGHT=    0.0000    
        31  kappa       VALUE=   0.40000      WEIGHT=    0.0000    
        32  a6dv        VALUE=  -0.36574E-02  WEIGHT=   0.67517E-03
        33  a7dv        VALUE=    2.0000      WEIGHT=    0.0000    
        34  off1        VALUE=   -3.5009      WEIGHT=    1.4769    
        35  off2        VALUE=   0.56166E-01  WEIGHT=   0.58667E-01
        36  ht1         VALUE=   -3.2479      WEIGHT=   0.26672    
        37  ht2         VALUE=    1.9154      WEIGHT=   0.10687    
        38  ht3         VALUE=   -2.0748      WEIGHT=   0.22824E-01
        39  ht4         VALUE=    0.0000      WEIGHT=    0.0000    
        40  dummy40     VALUE=    0.0000      WEIGHT=    0.0000    
        41  dummy41     VALUE=    0.0000      WEIGHT=    0.0000    
        42  dummy42     VALUE=    0.0000      WEIGHT=    0.0000    
        43  dummy43     VALUE=    0.0000      WEIGHT=    0.0000    
        44  dummy44     VALUE=    0.0000      WEIGHT=    0.0000    
        45  dummy45     VALUE=    0.0000      WEIGHT=    0.0000    
        46  dummy46     VALUE=    0.0000      WEIGHT=    0.0000    
        47  dummy47     VALUE=    0.0000      WEIGHT=    0.0000    
        48  dummy48     VALUE=    0.0000      WEIGHT=    0.0000    
        49  dummy49     VALUE=    0.0000      WEIGHT=    0.0000    
        50  bcdmsh2     VALUE=   0.97285      WEIGHT=   0.48427E-02
        51  bcdmsd2     VALUE=   0.99317      WEIGHT=   0.57972E-02
        52  ccfr        VALUE=    1.0000      WEIGHT=    0.0000    
        53  nutev       VALUE=    1.0000      WEIGHT=    0.0000    
        54  zeus        VALUE=   0.97998      WEIGHT=    0.0000    
        55  h1          VALUE=    1.0162      WEIGHT=    0.0000    
        56  e605        VALUE=    1.0319      WEIGHT=    0.0000    
        57  NmcH2       VALUE=    1.0095      WEIGHT=   0.71200E-02
        58  ntv_nu      VALUE=    1.0000      WEIGHT=    0.0000    
        59  ntv_nubar   VALUE=    1.0000      WEIGHT=    0.0000    
        60  cdf_jet     VALUE=   0.98910      WEIGHT=    0.0000    
        61  d0_jet      VALUE=   0.83504      WEIGHT=    0.0000    
        62  slac_p      VALUE=    1.0048      WEIGHT=   0.48232E-02
        63  slac_d      VALUE=    1.0042      WEIGHT=   0.52625E-02
        64  e866pp      VALUE=   0.96438      WEIGHT=   0.19188E-01
        65  e866pd      VALUE=   0.96857      WEIGHT=   0.16516E-01
        66  d0_gamjet   VALUE=    1.0391      WEIGHT=   0.16482E-01
        67  h1b         VALUE=   0.97608      WEIGHT=    0.0000    
        68  jlab_p      VALUE=   0.99439      WEIGHT=   0.57989E-02
        69  jlab_d      VALUE=   0.97560      WEIGHT=   0.58777E-02
        70  blank       VALUE=    1.0000      WEIGHT=    0.0000    
        71  d0run2      VALUE=   0.94153      WEIGHT=   0.14203E-01
        72  cdfrun2     VALUE=   0.92693      WEIGHT=   0.17236E-01
        73  HERA_el     VALUE=    1.0000      WEIGHT=    0.0000    
        74  HERA_ps     VALUE=    1.0000      WEIGHT=    0.0000    
        75  CDF_Z       VALUE=   0.96573      WEIGHT=   0.64152E-02
        76  NmcRat      VALUE=    1.0000      WEIGHT=    0.0000    
        77  BNS_F2nd    VALUE=   0.98244      WEIGHT=   0.67043E-02
        78  HERMES_F2p  VALUE=   0.99812      WEIGHT=   0.55759E-02
        79  HERMES_F2d  VALUE=   0.98034      WEIGHT=   0.58160E-02
0THE TOLERANCE IS    0.5000
 THE MAXIMUM NUMBER OF STEPS IS 100
0THE INITIAL CHI SQUARED IS  4.67969E+03
0  STEP  CHI SQUARED    PARAMETER      VALUE         ERROR
 ------------------------------------------------------------
     1    4.67753E+03
                       1  LAMBDA     2.2680E-01       FIX 
                       2  a0uv       2.4170E+00       FIX 
                       3  a1uv       6.1642E-01           
                       4  a2uv       3.5427E+00           
                       5  a3uv       0.0000E+00       FIX 
                       6  a4uv       3.4410E+00           
                       7  a5uv       0.0000E+00       FIX 
                       8  a0dv       2.4597E+01       FIX 
                       9  a1dv       1.1581E+00           
                      10  a2dv       6.5548E+00           
                      11  a3dv      -3.5030E+00           
                      12  a4dv       4.6802E+00           
                      13  a5dv       0.0000E+00       FIX 
                      14  a0ud       1.4666E-01           
                      15  a1ud      -2.0772E-01           
                      16  a2ud       8.3597E+00           
                      17  a3ud       0.0000E+00       FIX 
                      18  a4ud       1.4687E+01           
                      19  a5ud       0.0000E+00       FIX 
                      20  a0du       3.5712E+04       FIX 
                      21  a1du       4.0193E+00           
                      22  a2du       2.0246E+01           
                      23  a3du       1.7000E+01       FIX 
                      24  a4du       4.9365E+01           
                      25  a0g        4.5244E+01       FIX 
                      26  a1g        6.0202E-01           
                      27  a2g        6.4152E+00           
                      28  a3g       -3.3037E+00           
                      29  a4g        3.1575E+00           
                      30  a5g        0.0000E+00       FIX 
                      31  kappa      4.0000E-01       FIX 
                      32  a6dv      -3.6391E-03           
                      33  a7dv       2.0000E+00       FIX 
                      34  off1      -3.4949E+00           
                      35  off2       5.5755E-02           
                      36  ht1       -3.2438E+00           
                      37  ht2        1.9171E+00           
                      38  ht3       -2.0743E+00           
                      39  ht4        0.0000E+00       FIX 
                      40  dummy40    0.0000E+00       FIX 
                      41  dummy41    0.0000E+00       FIX 
                      42  dummy42    0.0000E+00       FIX 
                      43  dummy43    0.0000E+00       FIX 
                      44  dummy44    0.0000E+00       FIX 
                      45  dummy45    0.0000E+00       FIX 
                      46  dummy46    0.0000E+00       FIX 
                      47  dummy47    0.0000E+00       FIX 
                      48  dummy48    0.0000E+00       FIX 
                      49  dummy49    0.0000E+00       FIX 
                      50  bcdmsh2    9.7291E-01           
                      51  bcdmsd2    9.9300E-01           
                      52  ccfr       1.0000E+00       FIX 
                      53  nutev      1.0000E+00       FIX 
                      54  zeus       9.7998E-01       FIX 
                      55  h1         1.0162E+00       FIX 
                      56  e605       1.0319E+00       FIX 
                      57  NmcH2      1.0095E+00           
                      58  ntv_nu     1.0000E+00       FIX 
                      59  ntv_nuba   1.0000E+00       FIX 
                      60  cdf_jet    9.8910E-01       FIX 
                      61  d0_jet     8.3504E-01       FIX 
                      62  slac_p     1.0049E+00           
                      63  slac_d     1.0040E+00           
                      64  e866pp     9.6470E-01           
                      65  e866pd     9.6604E-01           
                      66  d0_gamje   1.0392E+00           
                      67  h1b        9.7608E-01       FIX 
                      68  jlab_p     9.9445E-01           
                      69  jlab_d     9.7541E-01           
                      70  blank      1.0000E+00       FIX 
                      71  d0run2     9.4141E-01           
                      72  cdfrun2    9.2686E-01           
                      73  HERA_el    1.0000E+00       FIX 
                      74  HERA_ps    1.0000E+00       FIX 
                      75  CDF_Z      9.6580E-01           
                      76  NmcRat     1.0000E+00       FIX 
                      77  BNS_F2nd   9.8213E-01           
                      78  HERMES_F   9.9823E-01           
                      79  HERMES_F   9.8033E-01           
 ------------------------------------------------------------
     2    4.67718E+03
                       1  LAMBDA     2.2680E-01    0.0000E+00
                       2  a0uv       2.4170E+00    0.0000E+00
                       3  a1uv       6.1645E-01    2.5479E-02
                       4  a2uv       3.5427E+00    1.5741E-02
                       5  a3uv       0.0000E+00    0.0000E+00
                       6  a4uv       3.4417E+00    5.6781E-01
                       7  a5uv       0.0000E+00    0.0000E+00
                       8  a0dv       2.4624E+01    0.0000E+00
                       9  a1dv       1.1580E+00    4.0642E-02
                      10  a2dv       6.5550E+00    1.9360E-01
                      11  a3dv      -3.5044E+00    9.8545E-02
                      12  a4dv       4.6791E+00    1.7585E-01
                      13  a5dv       0.0000E+00    0.0000E+00
                      14  a0ud       1.4667E-01    5.4346E-03
                      15  a1ud      -2.0770E-01    3.9913E-03
                      16  a2ud       8.3577E+00    2.1836E-01
                      17  a3ud       0.0000E+00    0.0000E+00
                      18  a4ud       1.4689E+01    1.4575E+00
                      19  a5ud       0.0000E+00    0.0000E+00
                      20  a0du       3.5712E+04    0.0000E+00
                      21  a1du       4.0187E+00    7.9070E-02
                      22  a2du       2.0228E+01    9.6060E-01
                      23  a3du       1.7000E+01    0.0000E+00
                      24  a4du       4.9124E+01    1.0355E+01
                      25  a0g        4.5259E+01    0.0000E+00
                      26  a1g        6.0223E-01    3.1571E-02
                      27  a2g        6.4151E+00    9.8080E-01
                      28  a3g       -3.3037E+00    1.3378E-01
                      29  a4g        3.1577E+00    3.0940E-01
                      30  a5g        0.0000E+00    0.0000E+00
                      31  kappa      4.0000E-01    0.0000E+00
                      32  a6dv      -3.6257E-03    1.5483E-03
                      33  a7dv       2.0000E+00    0.0000E+00
                      34  off1      -3.4930E+00    2.4988E+00
                      35  off2       5.5265E-02    1.9110E-02
                      36  ht1       -3.2402E+00    2.6330E-01
                      37  ht2        1.9186E+00    1.0961E-01
                      38  ht3       -2.0738E+00    2.0974E-02
                      39  ht4        0.0000E+00    0.0000E+00
                      40  dummy40    0.0000E+00    0.0000E+00
                      41  dummy41    0.0000E+00    0.0000E+00
                      42  dummy42    0.0000E+00    0.0000E+00
                      43  dummy43    0.0000E+00    0.0000E+00
                      44  dummy44    0.0000E+00    0.0000E+00
                      45  dummy45    0.0000E+00    0.0000E+00
                      46  dummy46    0.0000E+00    0.0000E+00
                      47  dummy47    0.0000E+00    0.0000E+00
                      48  dummy48    0.0000E+00    0.0000E+00
                      49  dummy49    0.0000E+00    0.0000E+00
                      50  bcdmsh2    9.7296E-01    4.8620E-03
                      51  bcdmsd2    9.9287E-01    5.8352E-03
                      52  ccfr       1.0000E+00    0.0000E+00
                      53  nutev      1.0000E+00    0.0000E+00
                      54  zeus       9.7998E-01    0.0000E+00
                      55  h1         1.0162E+00    0.0000E+00
                      56  e605       1.0319E+00    0.0000E+00
                      57  NmcH2      1.0095E+00    7.1548E-03
                      58  ntv_nu     1.0000E+00    0.0000E+00
                      59  ntv_nuba   1.0000E+00    0.0000E+00
                      60  cdf_jet    9.8910E-01    0.0000E+00
                      61  d0_jet     8.3504E-01    0.0000E+00
                      62  slac_p     1.0050E+00    4.8600E-03
                      63  slac_d     1.0039E+00    5.3306E-03
                      64  e866pp     9.6479E-01    2.2153E-02
                      65  e866pd     9.6496E-01    1.7297E-02
                      66  d0_gamje   1.0392E+00    1.6536E-02
                      67  h1b        9.7608E-01    0.0000E+00
                      68  jlab_p     9.9443E-01    5.8620E-03
                      69  jlab_d     9.7522E-01    5.9942E-03
                      70  blank      1.0000E+00    0.0000E+00
                      71  d0run2     9.4139E-01    1.4262E-02
                      72  cdfrun2    9.2686E-01    1.7251E-02
                      73  HERA_el    1.0000E+00    0.0000E+00
                      74  HERA_ps    1.0000E+00    0.0000E+00
                      75  CDF_Z      9.6584E-01    6.6579E-03
                      76  NmcRat     1.0000E+00    0.0000E+00
                      77  BNS_F2nd   9.8184E-01    7.9254E-03
                      78  HERMES_F   9.9830E-01    5.5950E-03
                      79  HERMES_F   9.8033E-01    5.8560E-03
0 MINIMIZATION TERMINATED WITH STEP  2
  TOLERANCE CRITERION      SATISFIED
0 CHI SQUARED PER DEGREE OF FREEDOM IS  1.045E+00
   1.000 -0.482 -0.983  0.388  0.035  0.031 -0.414  0.537  0.479 -0.464 -0.611 -0.215 -0.436 -0.149  0.209  0.055  0.018 -0.049  0.091  0.092 -0.046  0.089 -0.238  0.069  0.221  0.179  0.079  0.184  0.171 -0.566 -0.331  0.082  0.073  0.140 -0.098 -0.094  0.436  0.120  0.172  0.154
  -0.482  1.000  0.609  0.238  0.442 -0.177  0.160 -0.167 -0.162  0.348  0.227  0.379  0.180  0.281  0.017  0.182  0.082  0.068 -0.463  0.283  0.207 -0.426  0.318  0.290  0.117  0.051  0.027  0.046  0.013  0.323  0.027  0.020  0.136  0.056 -0.041 -0.013 -0.188 -0.248  0.060  0.033
  -0.983  0.609  1.000 -0.301  0.047 -0.048  0.399 -0.508 -0.458  0.505  0.611  0.266  0.447  0.207 -0.175 -0.001  0.007  0.053 -0.126 -0.064  0.094 -0.150  0.265  0.009 -0.117 -0.103 -0.028 -0.080 -0.084  0.615  0.349 -0.063  0.021 -0.064  0.056  0.063 -0.383 -0.166 -0.082 -0.074
   0.388  0.238 -0.301  1.000  0.819 -0.591 -0.129  0.274  0.219 -0.254 -0.393  0.342 -0.280  0.214  0.379  0.267 -0.170  0.223 -0.214  0.381  0.214 -0.210  0.084  0.258  0.253  0.182  0.075  0.223  0.143 -0.113 -0.266  0.080  0.167  0.063 -0.028 -0.039  0.150 -0.120  0.214  0.156
   0.035  0.442  0.047  0.819  1.000 -0.831  0.395 -0.009 -0.033  0.084 -0.007  0.224 -0.037  0.200  0.262  0.236 -0.172  0.232 -0.439  0.364  0.094 -0.105 -0.031  0.172  0.165  0.090  0.090  0.099  0.006  0.062 -0.087  0.035  0.093 -0.100 -0.003 -0.017  0.061 -0.048  0.116  0.055
   0.031 -0.177 -0.048 -0.591 -0.831  1.000 -0.674  0.213  0.211 -0.092 -0.193  0.007  0.044 -0.177 -0.185 -0.174  0.239 -0.254  0.250 -0.124 -0.025  0.095  0.014 -0.049 -0.056 -0.044 -0.126 -0.019  0.006 -0.073 -0.098  0.019 -0.030  0.087 -0.035 -0.009 -0.074 -0.206 -0.068 -0.049
  -0.414  0.160  0.399 -0.129  0.395 -0.674  1.000 -0.483 -0.439  0.524  0.665 -0.299  0.312 -0.010 -0.106 -0.005 -0.098  0.083 -0.166 -0.181 -0.189  0.082 -0.149 -0.118 -0.045 -0.034  0.131 -0.072 -0.057  0.261  0.385 -0.078 -0.010 -0.115  0.011  0.002  0.028  0.299 -0.025 -0.012
   0.537 -0.167 -0.508  0.274 -0.009  0.213 -0.483  1.000  0.971 -0.484 -0.811  0.084 -0.262 -0.122 -0.025 -0.032  0.178 -0.148 -0.015  0.193  0.010 -0.025 -0.039  0.070  0.205  0.170  0.108  0.186  0.163 -0.226 -0.207  0.099  0.114  0.144  0.025  0.013  0.309 -0.060  0.171  0.145
   0.479 -0.162 -0.458  0.219 -0.033  0.211 -0.439  0.971  1.000 -0.437 -0.759  0.061 -0.233 -0.127 -0.132 -0.096  0.211 -0.195 -0.014  0.175 -0.004 -0.020 -0.035  0.050  0.159  0.132  0.091  0.136  0.117 -0.223 -0.202  0.086  0.076  0.106  0.040  0.024  0.255 -0.053  0.126  0.105
  -0.464  0.348  0.505 -0.254  0.084 -0.092  0.524 -0.484 -0.437  1.000  0.800 -0.269  0.546 -0.137 -0.127 -0.153 -0.188  0.065 -0.002 -0.099 -0.266  0.105 -0.033 -0.178 -0.044 -0.021  0.052 -0.025  0.005  0.190  0.174 -0.036  0.042 -0.012  0.079  0.046 -0.089 -0.113  0.002  0.033
  -0.611  0.227  0.611 -0.393 -0.007 -0.193  0.665 -0.811 -0.759  0.800  1.000 -0.271  0.460 -0.099 -0.136 -0.135 -0.120 -0.001  0.025 -0.249 -0.280  0.158 -0.129 -0.207 -0.016  0.002  0.103  0.035  0.072  0.423  0.513 -0.104  0.091  0.056 -0.043 -0.051 -0.007  0.119  0.046  0.089
  -0.215  0.379  0.266  0.342  0.224  0.007 -0.299  0.084  0.061 -0.269 -0.271  1.000 -0.457  0.358  0.168  0.180 -0.029  0.127 -0.124  0.156  0.483 -0.269  0.316  0.314  0.045  0.035 -0.023  0.065  0.009  0.301 -0.123  0.049  0.053 -0.017  0.023  0.028 -0.248 -0.204  0.079 -0.004
  -0.436  0.180  0.447 -0.280 -0.037  0.044  0.312 -0.262 -0.233  0.546  0.460 -0.457  1.000  0.098 -0.215 -0.059  0.147 -0.110 -0.025  0.023 -0.042  0.079 -0.054  0.037  0.045  0.014  0.052  0.039  0.010  0.325  0.225 -0.010  0.046 -0.017 -0.057 -0.033 -0.102 -0.227  0.016  0.012
  -0.149  0.281  0.207  0.214  0.200 -0.177 -0.010 -0.122 -0.127 -0.137 -0.099  0.358  0.098  1.000  0.140  0.408 -0.029  0.290  0.014 -0.074  0.756 -0.337  0.389  0.495  0.159  0.079  0.144  0.157  0.060  0.280 -0.033  0.077  0.089  0.011 -0.039  0.004 -0.276 -0.230  0.157  0.073
   0.209  0.017 -0.175  0.379  0.262 -0.185 -0.106 -0.025 -0.132 -0.127 -0.136  0.168 -0.215  0.140  1.000  0.696 -0.649  0.790 -0.008  0.079  0.147 -0.049  0.091  0.053  0.113  0.097 -0.049  0.145  0.131 -0.107 -0.151  0.052  0.102  0.096  0.006  0.024  0.057 -0.052  0.134  0.124
   0.055  0.182 -0.001  0.267  0.236 -0.174 -0.005 -0.032 -0.096 -0.153 -0.135  0.180 -0.059  0.408  0.696  1.000 -0.182  0.709 -0.075  0.067  0.415 -0.257  0.317  0.239  0.131  0.134  0.034  0.224  0.229  0.043 -0.055  0.062  0.194  0.195 -0.204 -0.077 -0.033 -0.102  0.185  0.199
   0.018  0.082  0.007 -0.170 -0.172  0.239 -0.098  0.178  0.211 -0.188 -0.120 -0.029  0.147 -0.029 -0.649 -0.182  1.000 -0.802 -0.090  0.047  0.106 -0.149 -0.011  0.247  0.139  0.123  0.147  0.176  0.177  0.192  0.210 -0.005  0.177  0.188 -0.401 -0.275  0.199  0.022  0.101  0.111
  -0.049  0.068  0.053  0.223  0.232 -0.254  0.083 -0.148 -0.195  0.065 -0.001  0.127 -0.110  0.290  0.790  0.709 -0.802  1.000  0.017  0.007  0.194 -0.072  0.260 -0.049 -0.105 -0.074 -0.125 -0.082 -0.071 -0.140 -0.238  0.040 -0.082 -0.085  0.216  0.199 -0.272 -0.112 -0.040 -0.033
   0.091 -0.463 -0.126 -0.214 -0.439  0.250 -0.166 -0.015 -0.014 -0.002  0.025 -0.124 -0.025  0.014 -0.008 -0.075 -0.090  0.017  1.000 -0.761 -0.008 -0.196  0.190  0.121  0.050  0.065  0.033  0.082  0.159 -0.047  0.043  0.012  0.075  0.186 -0.068 -0.025  0.064 -0.074  0.078  0.114
   0.092  0.283 -0.064  0.381  0.364 -0.124 -0.181  0.193  0.175 -0.099 -0.249  0.156  0.023 -0.074  0.079  0.067  0.047  0.007 -0.761  1.000 -0.026  0.067 -0.064 -0.036 -0.072  0.011 -0.095 -0.075 -0.108 -0.103 -0.248  0.026 -0.044 -0.143  0.097  0.051 -0.094 -0.182 -0.087 -0.074
  -0.046  0.207  0.094  0.214  0.094 -0.025 -0.189  0.010 -0.004 -0.266 -0.280  0.483 -0.042  0.756  0.147  0.415  0.106  0.194 -0.008 -0.026  1.000 -0.382  0.435  0.688  0.097  0.126  0.023  0.077  0.080  0.158 -0.133  0.080 -0.012  0.008 -0.068 -0.010 -0.297 -0.228  0.077  0.093
   0.089 -0.426 -0.150 -0.210 -0.105  0.095  0.082 -0.025 -0.020  0.105  0.158 -0.269  0.079 -0.337 -0.049 -0.257 -0.149 -0.072 -0.196  0.067 -0.382  1.000 -0.816 -0.513 -0.041 -0.071  0.024 -0.053 -0.104 -0.002  0.166 -0.040 -0.197 -0.241  0.107  0.028  0.175  0.176 -0.053 -0.083
  -0.238  0.318  0.265  0.084 -0.031  0.014 -0.149 -0.039 -0.035 -0.033 -0.129  0.316 -0.054  0.389  0.091  0.317 -0.011  0.260  0.190 -0.064  0.435 -0.816  1.000  0.166 -0.126 -0.053 -0.119  0.037  0.097 -0.021 -0.247  0.039  0.102  0.183  0.053  0.098 -0.405 -0.244  0.005  0.038
   0.069  0.290  0.009  0.258  0.172 -0.049 -0.118  0.070  0.050 -0.178 -0.207  0.314  0.037  0.495  0.053  0.239  0.247 -0.049  0.121 -0.036  0.688 -0.513  0.166  1.000  0.234  0.304  0.103  0.030  0.150  0.156 -0.036  0.071  0.040  0.126 -0.230 -0.138 -0.020 -0.307  0.090  0.172
   0.221  0.117 -0.117  0.253  0.165 -0.056 -0.045  0.205  0.159 -0.044 -0.016  0.045  0.045  0.159  0.113  0.131  0.139 -0.105  0.050 -0.072  0.097 -0.041 -0.126  0.234  1.000  0.493  0.384  0.692  0.610  0.367  0.413  0.064  0.565  0.510 -0.244 -0.210  0.541  0.041  0.598  0.550
   0.179  0.051 -0.103  0.182  0.090 -0.044 -0.034  0.170  0.132 -0.021  0.002  0.035  0.014  0.079  0.097  0.134  0.123 -0.074  0.065  0.011  0.126 -0.071 -0.053  0.304  0.493  1.000  0.322  0.538  0.662  0.299  0.378  0.046  0.415  0.541 -0.205 -0.173  0.457 -0.043  0.491  0.579
   0.079  0.027 -0.028  0.075  0.090 -0.126  0.131  0.108  0.091  0.052  0.103 -0.023  0.052  0.144 -0.049  0.034  0.147 -0.125  0.033 -0.095  0.023  0.024 -0.119  0.103  0.384  0.322  1.000  0.437  0.411  0.332  0.408  0.025  0.349  0.335 -0.167 -0.145  0.408  0.100  0.421  0.399
   0.184  0.046 -0.080  0.223  0.099 -0.019 -0.072  0.186  0.136 -0.025  0.035  0.065  0.039  0.157  0.145  0.224  0.176 -0.082  0.082 -0.075  0.077 -0.053  0.037  0.030  0.692  0.538  0.437  1.000  0.803  0.463  0.527  0.061  0.768  0.685 -0.289 -0.243  0.599  0.096  0.752  0.690
   0.171  0.013 -0.084  0.143  0.006  0.006 -0.057  0.163  0.117  0.005  0.072  0.009  0.010  0.060  0.131  0.229  0.177 -0.071  0.159 -0.108  0.080 -0.104  0.097  0.150  0.610  0.662  0.411  0.803  1.000  0.404  0.538  0.044  0.624  0.826 -0.295 -0.238  0.591 -0.002  0.694  0.796
  -0.566  0.323  0.615 -0.113  0.062 -0.073  0.261 -0.226 -0.223  0.190  0.423  0.301  0.325  0.280 -0.107  0.043  0.192 -0.140 -0.047 -0.103  0.158 -0.002 -0.021  0.156  0.367  0.299  0.332  0.463  0.404  1.000  0.705 -0.020  0.404  0.318 -0.187 -0.153  0.182  0.003  0.417  0.373
  -0.331  0.027  0.349 -0.266 -0.087 -0.098  0.385 -0.207 -0.202  0.174  0.513 -0.123  0.225 -0.033 -0.151 -0.055  0.210 -0.238  0.043 -0.248 -0.133  0.166 -0.247 -0.036  0.413  0.378  0.408  0.527  0.538  0.705  1.000 -0.060  0.454  0.451 -0.238 -0.210  0.495  0.274  0.468  0.505
   0.082  0.020 -0.063  0.080  0.035  0.019 -0.078  0.099  0.086 -0.036 -0.104  0.049 -0.010  0.077  0.052  0.062 -0.005  0.040  0.012  0.026  0.080 -0.040  0.039  0.071  0.064  0.046  0.025  0.061  0.044 -0.020 -0.060  1.000  0.041  0.031  0.006  0.009  0.009 -0.069  0.054  0.039
   0.073  0.136  0.021  0.167  0.093 -0.030 -0.010  0.114  0.076  0.042  0.091  0.053  0.046  0.089  0.102  0.194  0.177 -0.082  0.075 -0.044 -0.012 -0.197  0.102  0.040  0.565  0.415  0.349  0.768  0.624  0.404  0.454  0.041  1.000  0.588 -0.259 -0.209  0.486  0.106  0.601  0.536
   0.140  0.056 -0.064  0.063 -0.100  0.087 -0.115  0.144  0.106 -0.012  0.056 -0.017 -0.017  0.011  0.096  0.195  0.188 -0.085  0.186 -0.143  0.008 -0.241  0.183  0.126  0.510  0.541  0.335  0.685  0.826  0.318  0.451  0.031  0.588  1.000 -0.271 -0.211  0.510  0.028  0.584  0.665
  -0.098 -0.041  0.056 -0.028 -0.003 -0.035  0.011  0.025  0.040  0.079 -0.043  0.023 -0.057 -0.039  0.006 -0.204 -0.401  0.216 -0.068  0.097 -0.068  0.107  0.053 -0.230 -0.244 -0.205 -0.167 -0.289 -0.295 -0.187 -0.238  0.006 -0.259 -0.271  1.000  0.284 -0.303 -0.039 -0.238 -0.245
  -0.094 -0.013  0.063 -0.039 -0.017 -0.009  0.002  0.013  0.024  0.046 -0.051  0.028 -0.033  0.004  0.024 -0.077 -0.275  0.199 -0.025  0.051 -0.010  0.028  0.098 -0.138 -0.210 -0.173 -0.145 -0.243 -0.238 -0.153 -0.210  0.009 -0.209 -0.211  0.284  1.000 -0.270 -0.060 -0.204 -0.203
   0.436 -0.188 -0.383  0.150  0.061 -0.074  0.028  0.309  0.255 -0.089 -0.007 -0.248 -0.102 -0.276  0.057 -0.033  0.199 -0.272  0.064 -0.094 -0.297  0.175 -0.405 -0.020  0.541  0.457  0.408  0.599  0.591  0.182  0.495  0.009  0.486  0.510 -0.303 -0.270  1.000  0.291  0.542  0.549
   0.120 -0.248 -0.166 -0.120 -0.048 -0.206  0.299 -0.060 -0.053 -0.113  0.119 -0.204 -0.227 -0.230 -0.052 -0.102  0.022 -0.112 -0.074 -0.182 -0.228  0.176 -0.244 -0.307  0.041 -0.043  0.100  0.096 -0.002  0.003  0.274 -0.069  0.106  0.028 -0.039 -0.060  0.291  1.000  0.070  0.016
   0.172  0.060 -0.082  0.214  0.116 -0.068 -0.025  0.171  0.126  0.002  0.046  0.079  0.016  0.157  0.134  0.185  0.101 -0.040  0.078 -0.087  0.077 -0.053  0.005  0.090  0.598  0.491  0.421  0.752  0.694  0.417  0.468  0.054  0.601  0.584 -0.238 -0.204  0.542  0.070  1.000  0.622
   0.154  0.033 -0.074  0.156  0.055 -0.049 -0.012  0.145  0.105  0.033  0.089 -0.004  0.012  0.073  0.124  0.199  0.111 -0.033  0.114 -0.074  0.093 -0.083  0.038  0.172  0.550  0.579  0.399  0.690  0.796  0.373  0.505  0.039  0.536  0.665 -0.245 -0.203  0.549  0.016  0.622  1.000

0                ***   ***   ***  ***   ***   ***



     X        Q2         W2       THEORY        error         DATA           ERROR        chi^2     _w    ITYPE
.4831E+00     3.585  0.472E+01   0.17943E+00   0.67091E-03   0.18590E+00    0.56080E-02   -1.33         jl00106F2p
.4904E+00     3.624  0.465E+01   0.17451E+00   0.64632E-03   0.18170E+00    0.55227E-02   -1.69         jl00106F2p
.4978E+00     3.663  0.458E+01   0.16958E+00   0.62174E-03   0.17590E+00    0.53000E-02   -1.42         jl00106F2p
.5052E+00     3.702  0.451E+01   0.16469E+00   0.59753E-03   0.16780E+00    0.50774E-02   -0.37         jl00106F2p
.5127E+00     3.740  0.444E+01   0.15980E+00   0.57342E-03   0.16030E+00    0.48549E-02   -0.01         jl00106F2p
.5202E+00     3.779  0.437E+01   0.15495E+00   0.54976E-03   0.15490E+00    0.47707E-02    0.00         jl00106F2p
.5278E+00     3.818  0.430E+01   0.15010E+00   0.52628E-03   0.15390E+00    0.46872E-02   -0.66         jl00106F2p
.5355E+00     3.857  0.423E+01   0.14526E+00   0.50306E-03   0.14960E+00    0.45486E-02   -0.91         jl00106F2p
.5433E+00     3.895  0.416E+01   0.14042E+00   0.48018E-03   0.13750E+00    0.42438E-02    0.47         jl00106F2p
.5511E+00     3.934  0.409E+01   0.13566E+00   0.45799E-03   0.13020E+00    0.40224E-02    1.84         jl00106F2p
.5590E+00     3.973  0.402E+01   0.13091E+00   0.43628E-03   0.12690E+00    0.40224E-02    0.99         jl00106F2p
.5669E+00     4.012  0.395E+01   0.12623E+00   0.41543E-03   0.12380E+00    0.39408E-02    0.38         jl00106F2p
.5749E+00     4.051  0.388E+01   0.12158E+00   0.39527E-03   0.12040E+00    0.38013E-02    0.10         jl00106F2p
.5830E+00     4.089  0.381E+01   0.11698E+00   0.37596E-03   0.11930E+00    0.38013E-02   -0.37         jl00106F2p
.5912E+00     4.128  0.374E+01   0.11240E+00   0.35760E-03   0.11430E+00    0.35805E-02   -0.28         jl00106F2p
.5995E+00     4.167  0.367E+01   0.10788E+00   0.34034E-03   0.10560E+00    0.33601E-02    0.46         jl00106F2p
.6000E+00     4.169  0.366E+01   0.10761E+00   0.33934E-03   0.10820E+00    0.31765E-02   -0.04         jl00106F2p
.6097E+00     4.214  0.358E+01   0.10244E+00   0.32104E-03   0.10210E+00    0.30017E-02    0.01         jl00106F2p
.6195E+00     4.259  0.350E+01   0.97357E-01   0.30464E-03   0.97600E-01    0.28653E-02   -0.01         jl00106F2p
.6293E+00     4.304  0.342E+01   0.92412E-01   0.29042E-03   0.89300E-01    0.26420E-02    1.39         jl00106F2p
.6393E+00     4.349  0.334E+01   0.87514E-01   0.27821E-03   0.86400E-01    0.25554E-02    0.19         jl00106F2p
.6494E+00     4.395  0.325E+01   0.82717E-01   0.26818E-03   0.79900E-01    0.24187E-02    1.36         jl00106F2p
.6597E+00     4.440  0.317E+01   0.77990E-01   0.26028E-03   0.76600E-01    0.23324E-02    0.35         jl00106F2p
.6700E+00     4.485  0.309E+01   0.73415E-01   0.25443E-03   0.76100E-01    0.23324E-02   -1.33         jl00106F2p
.6804E+00     4.530  0.301E+01   0.68957E-01   0.25036E-03   0.73900E-01    0.22472E-02   -4.84         jl00106F2p
.5300E+00     3.995  0.442E+01   0.14709E+00   0.51381E-03   0.15580E+00    0.52498E-02   -2.75         jl00106F2p
.5379E+00     4.039  0.435E+01   0.14210E+00   0.49039E-03   0.14340E+00    0.48918E-02   -0.07         jl00106F2p
.5458E+00     4.082  0.428E+01   0.13719E+00   0.46762E-03   0.13850E+00    0.47508E-02   -0.08         jl00106F2p
.5538E+00     4.125  0.421E+01   0.13231E+00   0.44529E-03   0.13450E+00    0.46755E-02   -0.22         jl00106F2p
.5619E+00     4.168  0.413E+01   0.12744E+00   0.42348E-03   0.13210E+00    0.45343E-02   -1.05         jl00106F2p
.5700E+00     4.211  0.406E+01   0.12266E+00   0.40252E-03   0.12320E+00    0.43186E-02   -0.02         jl00106F2p
.5782E+00     4.255  0.399E+01   0.11792E+00   0.38225E-03   0.11910E+00    0.41773E-02   -0.08         jl00106F2p
.5865E+00     4.298  0.391E+01   0.11321E+00   0.36281E-03   0.11650E+00    0.41037E-02   -0.64         jl00106F2p
.5948E+00     4.341  0.384E+01   0.10859E+00   0.34451E-03   0.11300E+00    0.40311E-02   -1.19         jl00106F2p
.6032E+00     4.384  0.377E+01   0.10403E+00   0.32726E-03   0.10210E+00    0.36770E-02    0.27         jl00106F2p
.6117E+00     4.427  0.369E+01   0.99509E-01   0.31118E-03   0.99200E-01    0.36069E-02    0.01         jl00106F2p
.6203E+00     4.471  0.362E+01   0.95049E-01   0.29639E-03   0.96700E-01    0.36069E-02   -0.21         jl00106F2p
.6289E+00     4.514  0.355E+01   0.90698E-01   0.28315E-03   0.88900E-01    0.33971E-02    0.28         jl00106F2p
.6376E+00     4.557  0.347E+01   0.86411E-01   0.27136E-03   0.84700E-01    0.32558E-02    0.28         jl00106F2p
.6463E+00     4.600  0.340E+01   0.82235E-01   0.26116E-03   0.78900E-01    0.30480E-02    1.20         jl00106F2p
.6552E+00     4.643  0.333E+01   0.78091E-01   0.25240E-03   0.79600E-01    0.30480E-02   -0.25         jl00106F2p
.6556E+00     4.646  0.332E+01   0.77904E-01   0.25203E-03   0.77000E-01    0.23854E-02    0.14         jl00106F2p
.6660E+00     4.696  0.324E+01   0.73220E-01   0.24383E-03   0.71900E-01    0.21633E-02    0.37         jl00106F2p
.6765E+00     4.746  0.315E+01   0.68659E-01   0.23749E-03   0.69900E-01    0.21633E-02   -0.33         jl00106F2p
.6871E+00     4.796  0.307E+01   0.64229E-01   0.23281E-03   0.68400E-01    0.21633E-02   -3.72         jl00106F2p
.5472E+00     4.282  0.442E+01   0.13461E+00   0.45861E-03   0.13960E+00    0.47508E-02   -1.10         jl00106F2p
.5551E+00     4.328  0.435E+01   0.12977E+00   0.43684E-03   0.13540E+00    0.46098E-02   -1.49         jl00106F2p
.5629E+00     4.374  0.428E+01   0.12506E+00   0.41604E-03   0.13390E+00    0.44688E-02   -3.91         jl00106F2p
.5709E+00     4.421  0.420E+01   0.12032E+00   0.39550E-03   0.11770E+00    0.41037E-02    0.41         jl00106F2p
.5789E+00     4.467  0.413E+01   0.11567E+00   0.37581E-03   0.11710E+00    0.41037E-02   -0.12         jl00106F2p
.5869E+00     4.513  0.406E+01   0.11111E+00   0.35702E-03   0.11210E+00    0.39623E-02   -0.06         jl00106F2p
.5950E+00     4.559  0.399E+01   0.10659E+00   0.33901E-03   0.10440E+00    0.37483E-02    0.34         jl00106F2p
.6032E+00     4.606  0.391E+01   0.10211E+00   0.32189E-03   0.98400E-01    0.35355E-02    1.10         jl00106F2p
.6114E+00     4.652  0.384E+01   0.97726E-01   0.30592E-03   0.97100E-01    0.35355E-02    0.03         jl00106F2p
.6197E+00     4.698  0.376E+01   0.93399E-01   0.29102E-03   0.89200E-01    0.33242E-02    1.60         jl00106F2p
.6281E+00     4.745  0.369E+01   0.89129E-01   0.27728E-03   0.90300E-01    0.33242E-02   -0.12         jl00106F2p
.6365E+00     4.791  0.362E+01   0.84965E-01   0.26491E-03   0.82200E-01    0.31145E-02    0.79         jl00106F2p
