# fitpack15: fit parameters                                                                         
# CJ15 AV18 final data choices                                                                      
# Created on 06/14/2019 at 00:54:26                                                                 

 # QCD setup
  INS                           0
  NVL                          11
  IORD                          1
  Q02                   1.6899999999999999     
  IPARAMC                       7
  FLAVOR                4.0000000000000000     
  xmc                   1.3000000000000000     
  xmb                   4.5000000000000000     
  ncb                          12
  ihq                           1
  ias                           0

 # Theory corrections
  inuke                     10914
  itmc                          1
  iht                           1

 # fit parameters
 LAMBDA       0.22680        0.0000    
 a0uv          2.2642        0.0000    
 a1uv         0.59923       0.20362E-01
 a2uv          3.5330       0.11355E-01
 a3uv          0.0000        0.0000    
 a4uv          3.6614       0.45790    
 a5uv          0.0000        0.0000    
 a0dv          17.605        0.0000    
 a1dv          1.0834       0.29602E-01
 a2dv          6.0503       0.98445E-01
 a3dv         -3.3052       0.83052E-01
 a4dv          4.4302       0.13590    
 a5dv          0.0000        0.0000    
 a0ud         0.14527       0.49575E-02
 a1ud        -0.20845       0.37281E-02
 a2ud          8.1860       0.18933    
 a3ud          0.0000        0.0000    
 a4ud          14.180        1.1995    
 a5ud          0.0000        0.0000    
 a0du          35712.        0.0000    
 a1du          4.0515       0.80177E-01
 a2du          20.137       0.89193    
 a3du          17.000        0.0000    
 a4du          55.241        12.593    
 a0g           43.881        0.0000    
 a1g          0.59632       0.30758E-01
 a2g           6.2275       0.95128    
 a3g          -3.3255       0.13103    
 a4g           3.2022       0.30549    
 a5g           0.0000        0.0000    
 kappa        0.40000        0.0000    
 a6dv          0.0000        0.0000    
 a7dv          0.0000        0.0000    
 off1         -3.8678       0.94890    
 off2         0.26461       0.18988    
 off3         0.16121       0.16675    
 ht1          -3.3960       0.29435    
 ht2           2.0324       0.12143    
 ht3          -2.0985       0.30452E-01
 ht4           0.0000        0.0000    
 dummy41       0.0000        0.0000    
 dummy42       0.0000        0.0000    
 dummy43       0.0000        0.0000    
 dummy44       0.0000        0.0000    
 dummy45       0.0000        0.0000    
 dummy46       0.0000        0.0000    
 dummy47       0.0000        0.0000    
 dummy48       0.0000        0.0000    
 dummy49       0.0000        0.0000    
 bcdmsh2      0.96832       0.48490E-02
 bcdmsd2      0.99078       0.58302E-02
 ccfr          1.0000        0.0000    
 nutev         1.0000        0.0000    
 zeus         0.97998        0.0000    
 h1            1.0162        0.0000    
 e605          1.0319        0.0000    
 NmcH2         1.0054       0.70925E-02
 ntv_nu        1.0000        0.0000    
 ntv_nubar     1.0000        0.0000    
 cdf_jet      0.98910        0.0000    
 d0_jet       0.83504        0.0000    
 slac_p        1.0016       0.48739E-02
 slac_d        1.0033       0.53318E-02
 e866pp       0.96520       0.19179E-01
 e866pd       0.96042       0.15959E-01
 d0_gamjet     1.0377       0.16470E-01
 h1b          0.97608        0.0000    
 jlab_p       0.99276       0.58302E-02
 jlab_d       0.97856       0.59855E-02
 blank         1.0000        0.0000    
 d0run2       0.94859       0.14786E-01
 cdfrun2      0.93478       0.17563E-01
 HERA_el       1.0000        0.0000    
 HERA_ps       1.0000        0.0000    
 CDF_Z        0.95734       0.66022E-02
 NmcRat        1.0000        0.0000    
 BNS_F2nd     0.97925       0.73183E-02
 HERMES_F2p   0.99459       0.56124E-02
 HERMES_F2d   0.97850       0.58525E-02
 END 0. 0.

 # Hessian matrix (Bevington alpha)
   0.49085124578908E+07 -0.12724179636377E+07  0.22349361266540E+06  0.45604202101287E+06 -0.14521785559637E+06  0.96816645943806E+04  0.71985148303038E+05  0.95135284859274E+06 -0.18054955993613E+06 -0.50670951060561E+05  0.78585276801515E+04  0.15501284363883E+05  0.17576162407374E+04 -0.10450103176803E+03  0.79952276068411E+04 -0.20653959373769E+04  0.10917770637607E+05  0.80704232717428E+04 -0.31068650430674E+04 -0.38955483680752E+05 -0.29484220835697E+05 -0.18791284807435E+05 -0.10264273960241E+05 -0.21855485923528E+06 -0.12914499773058E+06 -0.54144135567793E+05 -0.46972728490654E+04 -0.84992211483416E+06 -0.10827944501520E+07 -0.20698733270497E+05 -0.46739400489864E+05 -0.31116084348244E+04 -0.20003558522773E+06 -0.21998222305835E+06 -0.87504610801603E+04 -0.30964948981592E+04 -0.16812984127758E+05  0.17023252935342E+05 -0.72328012398593E+05 -0.56588871801835E+05
  -0.12724179636377E+07  0.40265601633356E+06 -0.59807818775770E+05 -0.12533819138671E+06  0.41596623646693E+05 -0.11956017746390E+04 -0.17675610851222E+05 -0.12705481303910E+06  0.27080609018853E+05  0.78512370400839E+04 -0.99534698419265E+03 -0.12226763544326E+04 -0.14476993400495E+03  0.12637166315363E+02  0.93656929013694E+03 -0.91806773549861E+02  0.42112281149088E+03  0.25135140696532E+03  0.10643118328777E+04  0.10804846204451E+05  0.10101492568928E+05  0.83799766937492E+04  0.93311903271113E+04  0.64453731589991E+05  0.16678585325769E+05  0.81867900210438E+04 -0.23253375043535E+03  0.20938237744795E+06  0.25947311232369E+06  0.57539839037216E+04  0.13167110388939E+05  0.41836983991048E+03  0.63261182513250E+05  0.69165234858872E+05  0.23364396607987E+04  0.74187029565735E+03 -0.21943378480152E+04 -0.22986505701869E+04  0.86086461351777E+04  0.71865404498708E+04
   0.22349361266540E+06 -0.59807818775770E+05  0.10283993439340E+05  0.20877703341354E+05 -0.67985051163916E+04  0.26829598019192E+03  0.32637511036751E+04  0.32144170197500E+05 -0.59408398684355E+04 -0.20140699607557E+04  0.27012299130016E+03  0.47164466258473E+03  0.61739372250128E+02 -0.45411002676204E+01 -0.39341446152957E+03 -0.77149589932236E+00 -0.20449975508885E+03 -0.33763086539103E+02 -0.14686629253030E+03 -0.18076289545298E+04 -0.14188420498987E+04 -0.94801351482989E+03 -0.71828592760242E+03 -0.10208583656358E+05 -0.54057070591178E+04 -0.22810359434604E+04  0.43541899391284E+02 -0.37731951983863E+05 -0.48309851072849E+05 -0.96142046054983E+03 -0.21818092021462E+04 -0.11502205324405E+03 -0.95072399434273E+04 -0.10442632645416E+05 -0.39941530868929E+03 -0.13913359953929E+03 -0.58598655063039E+01  0.71834191543074E+03 -0.25221850203714E+04 -0.20282171518482E+04
   0.45604202101287E+06 -0.12533819138671E+06  0.20877703341354E+05  0.39816850458166E+06 -0.67915684343442E+05  0.81095111239116E+05  0.67188033203761E+05  0.36599433997231E+06 -0.29237235408411E+05 -0.18994633431889E+05  0.35620160657650E+04 -0.14954525141106E+04 -0.16261516538382E+03  0.54350732097077E+02  0.32062005954243E+05 -0.39941365643283E+04  0.28911470475662E+05  0.16526249633975E+05 -0.62081990123258E+03 -0.11952221437270E+05 -0.76296037073913E+04 -0.13918270360354E+04  0.21046627774651E+04 -0.38115332832165E+05 -0.12942324482759E+05 -0.21336929147879E+05 -0.13956456334726E+03 -0.65552274863285E+05 -0.33895848938522E+06 -0.13557400405293E+04 -0.24374380306537E+04 -0.68223873267620E+02 -0.11636245801333E+05 -0.51686609666091E+05 -0.23850748696661E+04 -0.93496797886252E+03 -0.10637378712949E+05 -0.15964666358511E+05 -0.74086075489615E+04 -0.21865981945762E+05
  -0.14521785559637E+06  0.41596623646693E+05 -0.67985051163916E+04 -0.67915684343442E+05  0.14724208187957E+05 -0.99231787992554E+04 -0.11111833239384E+05 -0.35592711894580E+05  0.67093712708957E+03  0.26300582665518E+04 -0.37715789587041E+03 -0.43955363342865E+02  0.43710044350996E+01 -0.49513432470281E+01 -0.28062059547072E+04  0.35555681972017E+03 -0.24717440511974E+04 -0.14316588289590E+04  0.19151448223289E+03  0.29139933612263E+04  0.23347654687329E+04  0.79396976162216E+03  0.64469505937842E+03  0.99130163395870E+04  0.20603616386721E+04  0.35394741635746E+04 -0.55751356733736E+02  0.13528402160108E+05  0.70711132658495E+05  0.38063949881756E+03  0.66449307483462E+03  0.90516812131650E+01  0.35679949278054E+04  0.15639732761839E+05  0.53062274499843E+03  0.19231379447635E+03  0.34239603662902E+03  0.25749045022755E+04  0.87708608147289E+03  0.27036970720105E+04
   0.96816645943806E+04 -0.11956017746390E+04  0.26829598019192E+03  0.81095111239116E+05 -0.99231787992554E+04  0.21909575587283E+05  0.14374322433199E+05  0.10113111839776E+06 -0.88234453754921E+04 -0.46072780771970E+04  0.97829773271695E+03 -0.61761068704970E+03 -0.60975414265082E+02  0.16740525272302E+02  0.89718474826277E+04 -0.11455426315132E+04  0.82047766694342E+04  0.47542960115616E+04 -0.20116881944999E+02 -0.13889153029115E+04 -0.36908559834096E+03  0.38818905140878E+03  0.17570892318257E+04 -0.33829035371996E+04 -0.28789722002722E+04 -0.44752792666728E+04  0.12371642314571E+03 -0.10662649633829E+05 -0.52829033386148E+05 -0.81618736343152E+02 -0.17081271932317E+03 -0.17776147795038E+02 -0.40182005075772E+03 -0.19787851168793E+04 -0.34255534448180E+03 -0.15548673467342E+03 -0.28828312600859E+04 -0.35589412406164E+04 -0.18141638646115E+04 -0.52381097773443E+04
   0.71985148303038E+05 -0.17675610851222E+05  0.32637511036751E+04  0.67188033203761E+05 -0.11111833239384E+05  0.14374322433199E+05  0.11749855598931E+05  0.57313415447334E+05 -0.29922096650255E+04 -0.33128974055741E+04  0.58280809997765E+03 -0.18551685075745E+03 -0.24210493905744E+02  0.88926477306947E+01  0.46959986937194E+04 -0.60923818469004E+03  0.41825621215318E+04  0.24552970292305E+04 -0.81329928584558E+02 -0.19750389612290E+04 -0.11834813417994E+04 -0.54578565079156E+02  0.71495623955890E+03 -0.58085713166992E+04 -0.24749338763731E+04 -0.39294871592782E+04  0.11844049076301E+03 -0.11027638888424E+05 -0.57275606354770E+05 -0.21022412005862E+03 -0.36638957537094E+03 -0.12358358535306E+02 -0.15391571855215E+04 -0.69267745799440E+04 -0.40316999701691E+03 -0.16324715469222E+03 -0.12136466936621E+04 -0.31640557147205E+04 -0.11361498707514E+04 -0.33936573949817E+04
   0.95135284859274E+06 -0.12705481303910E+06  0.32144170197500E+05  0.36599433997231E+06 -0.35592711894580E+05  0.10113111839776E+06  0.57313415447334E+05  0.50483116433944E+07 -0.23211327032600E+07 -0.86914053862822E+05  0.26588938220447E+05  0.26425058162252E+05  0.17882059119524E+04  0.89735137911001E+02  0.83139826284390E+05 -0.10874389179174E+05  0.86788039674865E+05  0.47761061478509E+05 -0.54226808787438E+03  0.37694819156191E+03  0.17370999719679E+05  0.61142621868176E+04  0.31715280545460E+05 -0.28554167883547E+05 -0.62317452647111E+05 -0.49709143877996E+05 -0.67514310299260E+05 -0.28978110483269E+06 -0.57331734419162E+06 -0.73153830924481E+05 -0.16373171303980E+06 -0.13324208432994E+04 -0.62762272986305E+04 -0.12253443373187E+05  0.30138275014586E+03  0.27457800253114E+03 -0.26534920330113E+06 -0.89464729385026E+04 -0.13906152360915E+06 -0.17220542438449E+06
  -0.18054955993613E+06  0.27080609018853E+05 -0.59408398684355E+04 -0.29237235408411E+05  0.67093712708957E+03 -0.88234453754921E+04 -0.29922096650255E+04 -0.23211327032600E+07  0.19191000377631E+07  0.19115447530836E+05 -0.66125094835691E+04 -0.56235632152376E+04 -0.31172586912759E+03 -0.11769226451963E+02  0.50936801886556E+05 -0.25227063014833E+04  0.18047145787394E+05  0.90212359931833E+04  0.15976255602591E+03 -0.19729262282831E+04 -0.64789632878857E+04 -0.14732955605365E+04 -0.78651783901226E+04  0.45188579514113E+04  0.11607691987272E+05  0.10901707400697E+05  0.24187157986996E+05  0.66650461521347E+05  0.12756446645379E+06  0.23053099310019E+05  0.51714622832021E+05  0.17410960548999E+03  0.68502039615763E+03  0.13729273905885E+04 -0.12835581416535E+04 -0.70645464527470E+03  0.11194533623127E+06  0.16313199385632E+04  0.44414358205229E+05  0.54448458999254E+05
  -0.50670951060561E+05  0.78512370400839E+04 -0.20140699607557E+04 -0.18994633431889E+05  0.26300582665518E+04 -0.46072780771970E+04 -0.33128974055741E+04 -0.86914053862822E+05  0.19115447530836E+05  0.27111993621103E+04 -0.66148478280890E+03 -0.67982922096509E+03 -0.60462194092730E+02 -0.16947884819755E+01 -0.40644267939626E+04  0.50836300272923E+03 -0.37069851317287E+04 -0.21359319270546E+04  0.20772465708941E+02  0.41414664702255E+03 -0.10983304791645E+03 -0.17542164762946E+03 -0.95821565989490E+03  0.18563360380655E+04  0.28128261624602E+04  0.19374875393431E+04  0.72852868093293E+03  0.11310248840591E+05  0.23614367529474E+05  0.15486854544707E+04  0.33925541707301E+04  0.43231025518575E+02  0.62782820511412E+03  0.11848412280207E+04  0.13178325598769E+03  0.58440058844720E+02  0.31204177724785E+04  0.45567295979224E+03  0.28276188623333E+04  0.35898488082848E+04
   0.78585276801515E+04 -0.99534698419265E+03  0.27012299130016E+03  0.35620160657650E+04 -0.37715789587041E+03  0.97829773271695E+03  0.58280809997765E+03  0.26588938220447E+05 -0.66125094835691E+04 -0.66148478280890E+03  0.18815647138996E+03  0.20383242701241E+03  0.14985402515508E+02  0.65731587619062E+00  0.13010302272339E+04 -0.14784916979149E+03  0.11410141202222E+04  0.63288709102541E+03 -0.34589129527451E+01 -0.24226461961367E+02  0.94559004384355E+02  0.45562607592448E+02  0.23183149175728E+03 -0.23958061024139E+03 -0.50848088996942E+03 -0.38066165601409E+03 -0.34590824091380E+03 -0.21748954696746E+04 -0.43593788478120E+04 -0.45264713999319E+03 -0.10130429002081E+04 -0.11355870147173E+02 -0.55309488151719E+02 -0.10779200490040E+03 -0.14493864878644E+02 -0.68223617137225E+01 -0.11824280347059E+04 -0.72918801422096E+02 -0.85753076024179E+03 -0.10705429225497E+04
   0.15501284363883E+05 -0.12226763544326E+04  0.47164466258473E+03 -0.14954525141106E+04 -0.43955363342865E+02 -0.61761068704970E+03 -0.18551685075745E+03  0.26425058162252E+05 -0.56235632152376E+04 -0.67982922096509E+03  0.20383242701241E+03  0.16991652273762E+04  0.11183102102091E+03 -0.12114844597720E+01  0.14594749967420E+04 -0.20641602635616E+03  0.16255677384124E+04  0.94717056761387E+03  0.77020500187589E+00 -0.79929497403540E+02 -0.20064063923766E+03  0.45930713176990E+02  0.25398462219312E+03 -0.53991229209291E+02 -0.11608659421768E+04  0.62677152285752E-10 -0.73260289338292E+03 -0.51320941653827E+04 -0.60828810555612E-09 -0.24144673457327E+04 -0.74584400524472E+02 -0.80474166252598E+02 -0.22916197889672E+00 -0.16311387036875E-09 -0.17556199321161E+01 -0.75298627349746E+00  0.27662657622209E+03  0.32206265380554E+03 -0.27817555799911E+04  0.12167024876357E-09
   0.17576162407374E+04 -0.14476993400495E+03  0.61739372250128E+02 -0.16261516538382E+03  0.43710044350996E+01 -0.60975414265082E+02 -0.24210493905744E+02  0.17882059119524E+04 -0.31172586912759E+03 -0.60462194092730E+02  0.14985402515508E+02  0.11183102102091E+03  0.10113846155017E+02 -0.17203963307801E+00  0.81261777502819E+02 -0.13866443214650E+02  0.98531489881011E+02  0.62314649307854E+02 -0.19228684458530E+00 -0.40710128681248E+00 -0.71356698015238E+01  0.59959456466729E+01  0.29109342512678E+02 -0.11063496093781E+02 -0.17175671108951E+03  0.15907923170681E-11 -0.28434621833652E+02 -0.60689922324792E+03  0.42846966864274E-11 -0.15135084492529E+03 -0.19733844221948E+02 -0.65061561774869E+01 -0.16600456458196E+00 -0.94106200768027E-11 -0.18605746931177E+00 -0.72217203390115E-01  0.28350159017700E+02  0.72367134338012E+02 -0.20039239648079E+03  0.94925023845020E-11
  -0.10450103176803E+03  0.12637166315363E+02 -0.45411002676204E+01  0.54350732097077E+02 -0.49513432470281E+01  0.16740525272302E+02  0.88926477306947E+01  0.89735137911001E+02 -0.11769226451963E+02 -0.16947884819755E+01  0.65731587619062E+00 -0.12114844597720E+01 -0.17203963307801E+00  0.45680300850842E-01  0.13576437370678E+02 -0.10596628910301E+01  0.87565866611321E+01  0.42137166315837E+01  0.68311602375851E-01 -0.14587975214951E+01 -0.18977845978845E+01 -0.59573241864972E-02 -0.17662368618255E-02  0.12634265308234E-01  0.65935094214840E-01  0.27781367966071E-12 -0.55886698856238E+01 -0.64111445378421E+00  0.10519047346755E-11 -0.29066629124371E+01 -0.10133826309724E-04 -0.12608917525167E+00 -0.36026263241133E-13 -0.15753902808965E-12 -0.15021287956421E-02 -0.82583465860063E-03 -0.16362763268471E+01  0.26482237515699E-04 -0.27582218833417E+01  0.56336090940365E-12
   0.79952276068411E+04  0.93656929013694E+03 -0.39341446152957E+03  0.32062005954243E+05 -0.28062059547072E+04  0.89718474826277E+04  0.46959986937194E+04  0.83139826284390E+05  0.50936801886556E+05 -0.40644267939626E+04  0.13010302272339E+04  0.14594749967420E+04  0.81261777502819E+02  0.13576437370678E+02  0.50221551307948E+05 -0.47764517864991E+04  0.37313978595028E+05  0.19875725947611E+05  0.56718160919444E+00  0.22817850115609E+03  0.28342685896485E+03 -0.24899078986327E+02 -0.14558473672937E+03  0.69720499078613E+03 -0.28440784925569E+04 -0.18515861265450E+04 -0.24948000602430E+04  0.19462981984995E+04  0.42797139404878E+04 -0.15424385803565E+04 -0.30242033048438E+04 -0.73246471938767E+03  0.29634418992432E+03  0.52685483618755E+03 -0.29617355145535E+04 -0.15577125011351E+04 -0.22494663461122E+04  0.19429397490359E+03 -0.94157990101049E+03 -0.10578505137916E+04
  -0.20653959373769E+04 -0.91806773549861E+02 -0.77149589932236E+00 -0.39941365643283E+04  0.35555681972017E+03 -0.11455426315132E+04 -0.60923818469004E+03 -0.10874389179174E+05 -0.25227063014833E+04  0.50836300272923E+03 -0.14784916979149E+03 -0.20641602635616E+03 -0.13866443214650E+02 -0.10596628910301E+01 -0.47764517864991E+04  0.52970222734873E+03 -0.40602279038442E+04 -0.22488747323667E+04 -0.71271051169733E+00 -0.34265516577677E+02 -0.48503027295020E+02 -0.47612303765142E+01 -0.97481943957102E+01 -0.14740795778200E+03  0.53516734530227E+03  0.33367832451570E+03  0.29069029648751E+03 -0.14850114269965E+03 -0.48016012901215E+03  0.16389676178487E+03  0.31980366078456E+03  0.82644949172262E+02 -0.79588137705260E+02 -0.13976455944797E+03  0.46399223553647E+03  0.22663434194791E+03 -0.34008259053596E+03 -0.34826395124895E+02  0.26333568480684E+03  0.29487291024345E+03
   0.10917770637607E+05  0.42112281149088E+03 -0.20449975508885E+03  0.28911470475662E+05 -0.24717440511974E+04  0.82047766694342E+04  0.41825621215318E+04  0.86788039674865E+05  0.18047145787394E+05 -0.37069851317287E+04  0.11410141202222E+04  0.16255677384124E+04  0.98531489881011E+02  0.87565866611321E+01  0.37313978595028E+05 -0.40602279038442E+04  0.31710255474338E+05  0.17377885769720E+05 -0.20923134376139E+01  0.25808734947344E+03  0.31008667758707E+03 -0.72401568517181E+02 -0.24428791326327E+03  0.59133307349048E+03 -0.29316892330581E+04 -0.18698985027335E+04 -0.25637808972791E+04  0.21763857009202E+04  0.47752680199702E+04 -0.13198953838413E+04 -0.25999018977948E+04 -0.63996316131676E+03  0.10120041986755E+03  0.19618893715723E+03 -0.28129921606792E+04 -0.15005797466544E+04  0.15969145865152E+04  0.25207063325140E+03 -0.18107883109310E+04 -0.20074567182759E+04
   0.80704232717428E+04  0.25135140696532E+03 -0.33763086539103E+02  0.16526249633975E+05 -0.14316588289590E+04  0.47542960115616E+04  0.24552970292305E+04  0.47761061478509E+05  0.90212359931833E+04 -0.21359319270546E+04  0.63288709102541E+03  0.94717056761387E+03  0.62314649307854E+02  0.42137166315837E+01  0.19875725947611E+05 -0.22488747323667E+04  0.17377885769720E+05  0.96508357784111E+04  0.40395919902542E+00  0.15764107283379E+03  0.20178564540180E+03 -0.24939658782293E+02 -0.76032279603783E+02  0.47677862366639E+03 -0.20806647656729E+04 -0.12941189222353E+04 -0.13073691148507E+04  0.10101203385725E+04  0.26294094388835E+04 -0.68305249203594E+03 -0.13455194470925E+04 -0.35881937670392E+03  0.13842271327658E+03  0.25478292961998E+03 -0.18476974494343E+04 -0.94516767041876E+03  0.16562470140156E+04  0.17576190215143E+03 -0.12600287406964E+04 -0.13987694798242E+04
  -0.31068650430674E+04  0.10643118328777E+04 -0.14686629253030E+03 -0.62081990123258E+03  0.19151448223289E+03 -0.20116881944999E+02 -0.81329928584558E+02 -0.54226808787438E+03  0.15976255602591E+03  0.20772465708941E+02 -0.34589129527451E+01  0.77020500187589E+00 -0.19228684458530E+00  0.68311602375851E-01  0.56718160919444E+00 -0.71271051169733E+00 -0.20923134376139E+01  0.40395919902542E+00  0.70408827799087E+01  0.51629864638592E+02  0.49743341524231E+02  0.26903994221615E+02  0.30863407297603E+02  0.19264944636091E+03  0.00000000000000E+00  0.21598988194381E+02  0.00000000000000E+00  0.00000000000000E+00  0.13719527363266E+04  0.00000000000000E+00  0.24174873021212E+02  0.00000000000000E+00  0.00000000000000E+00  0.39691885688119E+03  0.00000000000000E+00  0.00000000000000E+00  0.00000000000000E+00 -0.17196749512478E+02  0.00000000000000E+00  0.61118449515446E+02
  -0.38955483680752E+05  0.10804846204451E+05 -0.18076289545298E+04 -0.11952221437270E+05  0.29139933612263E+04 -0.13889153029115E+04 -0.19750389612290E+04  0.37694819156191E+03 -0.19729262282831E+04  0.41414664702255E+03 -0.24226461961367E+02 -0.79929497403540E+02 -0.40710128681248E+00 -0.14587975214951E+01  0.22817850115609E+03 -0.34265516577677E+02  0.25808734947344E+03  0.15764107283379E+03  0.51629864638592E+02  0.11480626071657E+04  0.10460865816411E+04  0.19062371215289E+03  0.13701865150642E+03  0.24661897964242E+04  0.00000000000000E+00  0.89034307007163E+03  0.00000000000000E+00  0.00000000000000E+00  0.21543880982210E+05  0.00000000000000E+00 -0.57582052822489E+03  0.00000000000000E+00  0.00000000000000E+00  0.43797028246131E+04  0.00000000000000E+00  0.00000000000000E+00  0.00000000000000E+00 -0.83552511630389E+03  0.00000000000000E+00  0.30133666767839E+03
  -0.29484220835697E+05  0.10101492568928E+05 -0.14188420498987E+04 -0.76296037073913E+04  0.23347654687329E+04 -0.36908559834096E+03 -0.11834813417994E+04  0.17370999719679E+05 -0.64789632878857E+04 -0.10983304791645E+03  0.94559004384355E+02 -0.20064063923766E+03 -0.71356698015238E+01 -0.18977845978845E+01  0.28342685896485E+03 -0.48503027295020E+02  0.31008667758707E+03  0.20178564540180E+03  0.49743341524231E+02  0.10460865816411E+04  0.12647879011094E+04  0.28115259046879E+03  0.43837625803920E+03  0.20694194638556E+04  0.00000000000000E+00 -0.13407514103488E+03  0.00000000000000E+00  0.00000000000000E+00  0.12327419561072E+05  0.00000000000000E+00 -0.10941756219253E+04  0.00000000000000E+00  0.00000000000000E+00  0.41952333059414E+04  0.00000000000000E+00  0.00000000000000E+00  0.00000000000000E+00 -0.23680298018553E+03  0.00000000000000E+00 -0.12531113730135E+04
  -0.18791284807435E+05  0.83799766937492E+04 -0.94801351482989E+03 -0.13918270360354E+04  0.79396976162216E+03  0.38818905140878E+03 -0.54578565079156E+02  0.61142621868176E+04 -0.14732955605365E+04 -0.17542164762946E+03  0.45562607592448E+02  0.45930713176990E+02  0.59959456466729E+01 -0.59573241864972E-02 -0.24899078986327E+02 -0.47612303765142E+01 -0.72401568517181E+02 -0.24939658782293E+02  0.26903994221615E+02  0.19062371215289E+03  0.28115259046879E+03  0.36358467406469E+03  0.63386642638495E+03  0.15655311603370E+04 -0.45163365234974E+02 -0.25447043940097E+02  0.37832440909133E+01  0.10284997848951E+04  0.73549162016008E+03  0.00000000000000E+00  0.00000000000000E+00  0.00000000000000E+00  0.23227652694210E+04  0.28708508922729E+04  0.00000000000000E+00  0.00000000000000E+00  0.00000000000000E+00 -0.25897327659027E+02 -0.31665797200440E+03 -0.32915179618985E+03
  -0.10264273960241E+05  0.93311903271113E+04 -0.71828592760242E+03  0.21046627774651E+04  0.64469505937842E+03  0.17570892318257E+04  0.71495623955890E+03  0.31715280545460E+05 -0.78651783901226E+04 -0.95821565989490E+03  0.23183149175728E+03  0.25398462219312E+03  0.29109342512678E+02 -0.17662368618255E-02 -0.14558473672937E+03 -0.97481943957102E+01 -0.24428791326327E+03 -0.76032279603783E+02  0.30863407297603E+02  0.13701865150642E+03  0.43837625803920E+03  0.63386642638495E+03  0.15724664880246E+04  0.15989163572832E+04 -0.14303337142506E+03 -0.94954260037648E+02 -0.27825764501354E+02 -0.50169571493728E+04 -0.89356926636199E+04  0.00000000000000E+00  0.00000000000000E+00  0.00000000000000E+00  0.33282109662344E+04  0.40068728695321E+04  0.00000000000000E+00  0.00000000000000E+00  0.00000000000000E+00 -0.39962217644870E+02 -0.18119574983069E+04 -0.18707713110100E+04
  -0.21855485923528E+06  0.64453731589991E+05 -0.10208583656358E+05 -0.38115332832165E+05  0.99130163395870E+04 -0.33829035371996E+04 -0.58085713166992E+04 -0.28554167883547E+05  0.45188579514113E+04  0.18563360380655E+04 -0.23958061024139E+03 -0.53991229209291E+02 -0.11063496093781E+02  0.12634265308234E-01  0.69720499078613E+03 -0.14740795778200E+03  0.59133307349048E+03  0.47677862366639E+03  0.19264944636091E+03  0.24661897964242E+04  0.20694194638556E+04  0.15655311603370E+04  0.15989163572832E+04  0.15675021251082E+05  0.23748845829392E+03  0.12429370378098E+03 -0.51753512809669E+01  0.36640078266700E+05  0.59379151765769E+05  0.00000000000000E+00  0.00000000000000E+00  0.00000000000000E+00  0.15785536341098E+05  0.19818771757950E+05  0.00000000000000E+00  0.00000000000000E+00  0.00000000000000E+00 -0.81352176393557E+02  0.14751371510280E+04  0.15081684280065E+04
  -0.12914499773058E+06  0.16678585325769E+05 -0.54057070591178E+04 -0.12942324482759E+05  0.20603616386721E+04 -0.28789722002722E+04 -0.24749338763731E+04 -0.62317452647111E+05  0.11607691987272E+05  0.28128261624602E+04 -0.50848088996942E+03 -0.11608659421768E+04 -0.17175671108951E+03  0.65935094214840E-01 -0.28440784925569E+04  0.53516734530227E+03 -0.29316892330581E+04 -0.20806647656729E+04  0.00000000000000E+00  0.00000000000000E+00  0.00000000000000E+00 -0.45163365234974E+02 -0.14303337142506E+03  0.23748845829392E+03  0.11740037857758E+06  0.00000000000000E+00  0.00000000000000E+00  0.00000000000000E+00  0.00000000000000E+00  0.00000000000000E+00  0.00000000000000E+00  0.00000000000000E+00  0.00000000000000E+00  0.00000000000000E+00  0.00000000000000E+00  0.00000000000000E+00  0.00000000000000E+00  0.00000000000000E+00  0.00000000000000E+00  0.00000000000000E+00
  -0.54144135567793E+05  0.81867900210438E+04 -0.22810359434604E+04 -0.21336929147879E+05  0.35394741635746E+04 -0.44752792666728E+04 -0.39294871592782E+04 -0.49709143877996E+05  0.10901707400697E+05  0.19374875393431E+04 -0.38066165601409E+03  0.62677152285752E-10  0.15907923170681E-11  0.27781367966071E-12 -0.18515861265450E+04  0.33367832451570E+03 -0.18698985027335E+04 -0.12941189222353E+04  0.21598988194381E+02  0.89034307007163E+03 -0.13407514103488E+03 -0.25447043940097E+02 -0.94954260037648E+02  0.12429370378098E+03  0.00000000000000E+00  0.64911266451692E+05  0.00000000000000E+00  0.00000000000000E+00  0.00000000000000E+00  0.00000000000000E+00  0.00000000000000E+00  0.00000000000000E+00  0.00000000000000E+00  0.00000000000000E+00  0.00000000000000E+00  0.00000000000000E+00  0.00000000000000E+00  0.00000000000000E+00  0.00000000000000E+00  0.00000000000000E+00
  -0.46972728490654E+04 -0.23253375043535E+03  0.43541899391284E+02 -0.13956456334726E+03 -0.55751356733736E+02  0.12371642314571E+03  0.11844049076301E+03 -0.67514310299260E+05  0.24187157986996E+05  0.72852868093293E+03 -0.34590824091380E+03 -0.73260289338292E+03 -0.28434621833652E+02 -0.55886698856238E+01 -0.24948000602430E+04  0.29069029648751E+03 -0.25637808972791E+04 -0.13073691148507E+04  0.00000000000000E+00  0.00000000000000E+00  0.00000000000000E+00  0.37832440909133E+01 -0.27825764501354E+02 -0.51753512809669E+01  0.00000000000000E+00  0.00000000000000E+00  0.30847642651397E+05  0.00000000000000E+00  0.00000000000000E+00  0.00000000000000E+00  0.00000000000000E+00  0.00000000000000E+00  0.00000000000000E+00  0.00000000000000E+00  0.00000000000000E+00  0.00000000000000E+00  0.00000000000000E+00  0.00000000000000E+00  0.00000000000000E+00  0.00000000000000E+00
  -0.84992211483416E+06  0.20938237744795E+06 -0.37731951983863E+05 -0.65552274863285E+05  0.13528402160108E+05 -0.10662649633829E+05 -0.11027638888424E+05 -0.28978110483269E+06  0.66650461521347E+05  0.11310248840591E+05 -0.21748954696746E+04 -0.51320941653827E+04 -0.60689922324792E+03 -0.64111445378421E+00  0.19462981984995E+04 -0.14850114269965E+03  0.21763857009202E+04  0.10101203385725E+04  0.00000000000000E+00  0.00000000000000E+00  0.00000000000000E+00  0.10284997848951E+04 -0.50169571493728E+04  0.36640078266700E+05  0.00000000000000E+00  0.00000000000000E+00  0.00000000000000E+00  0.58138153544472E+06  0.00000000000000E+00  0.00000000000000E+00  0.00000000000000E+00  0.00000000000000E+00  0.00000000000000E+00  0.00000000000000E+00  0.00000000000000E+00  0.00000000000000E+00  0.00000000000000E+00  0.00000000000000E+00  0.00000000000000E+00  0.00000000000000E+00
  -0.10827944501520E+07  0.25947311232369E+06 -0.48309851072849E+05 -0.33895848938522E+06  0.70711132658495E+05 -0.52829033386148E+05 -0.57275606354770E+05 -0.57331734419162E+06  0.12756446645379E+06  0.23614367529474E+05 -0.43593788478120E+04 -0.60828810555612E-09  0.42846966864274E-11  0.10519047346755E-11  0.42797139404878E+04 -0.48016012901215E+03  0.47752680199702E+04  0.26294094388835E+04  0.13719527363266E+04  0.21543880982210E+05  0.12327419561072E+05  0.73549162016008E+03 -0.89356926636199E+04  0.59379151765769E+05  0.00000000000000E+00  0.00000000000000E+00  0.00000000000000E+00  0.00000000000000E+00  0.92024746263885E+06  0.00000000000000E+00  0.00000000000000E+00  0.00000000000000E+00  0.00000000000000E+00  0.00000000000000E+00  0.00000000000000E+00  0.00000000000000E+00  0.00000000000000E+00  0.00000000000000E+00  0.00000000000000E+00  0.00000000000000E+00
  -0.20698733270497E+05  0.57539839037216E+04 -0.96142046054983E+03 -0.13557400405293E+04  0.38063949881756E+03 -0.81618736343152E+02 -0.21022412005862E+03 -0.73153830924481E+05  0.23053099310019E+05  0.15486854544707E+04 -0.45264713999319E+03 -0.24144673457327E+04 -0.15135084492529E+03 -0.29066629124371E+01 -0.15424385803565E+04  0.16389676178487E+03 -0.13198953838413E+04 -0.68305249203594E+03  0.00000000000000E+00  0.00000000000000E+00  0.00000000000000E+00  0.00000000000000E+00  0.00000000000000E+00  0.00000000000000E+00  0.00000000000000E+00  0.00000000000000E+00  0.00000000000000E+00  0.00000000000000E+00  0.00000000000000E+00  0.14783351105792E+05  0.00000000000000E+00  0.00000000000000E+00  0.00000000000000E+00  0.00000000000000E+00  0.00000000000000E+00  0.00000000000000E+00  0.00000000000000E+00  0.00000000000000E+00  0.00000000000000E+00  0.00000000000000E+00
  -0.46739400489864E+05  0.13167110388939E+05 -0.21818092021462E+04 -0.24374380306537E+04  0.66449307483462E+03 -0.17081271932317E+03 -0.36638957537094E+03 -0.16373171303980E+06  0.51714622832021E+05  0.33925541707301E+04 -0.10130429002081E+04 -0.74584400524472E+02 -0.19733844221948E+02 -0.10133826309724E-04 -0.30242033048438E+04  0.31980366078456E+03 -0.25999018977948E+04 -0.13455194470925E+04  0.24174873021212E+02 -0.57582052822489E+03 -0.10941756219253E+04  0.00000000000000E+00  0.00000000000000E+00  0.00000000000000E+00  0.00000000000000E+00  0.00000000000000E+00  0.00000000000000E+00  0.00000000000000E+00  0.00000000000000E+00  0.00000000000000E+00  0.32006933036544E+05  0.00000000000000E+00  0.00000000000000E+00  0.00000000000000E+00  0.00000000000000E+00  0.00000000000000E+00  0.00000000000000E+00  0.00000000000000E+00  0.00000000000000E+00  0.00000000000000E+00
  -0.31116084348244E+04  0.41836983991048E+03 -0.11502205324405E+03 -0.68223873267620E+02  0.90516812131650E+01 -0.17776147795038E+02 -0.12358358535306E+02 -0.13324208432994E+04  0.17410960548999E+03  0.43231025518575E+02 -0.11355870147173E+02 -0.80474166252598E+02 -0.65061561774869E+01 -0.12608917525167E+00 -0.73246471938767E+03  0.82644949172262E+02 -0.63996316131676E+03 -0.35881937670392E+03  0.00000000000000E+00  0.00000000000000E+00  0.00000000000000E+00  0.00000000000000E+00  0.00000000000000E+00  0.00000000000000E+00  0.00000000000000E+00  0.00000000000000E+00  0.00000000000000E+00  0.00000000000000E+00  0.00000000000000E+00  0.00000000000000E+00  0.00000000000000E+00  0.37924877832059E+04  0.00000000000000E+00  0.00000000000000E+00  0.00000000000000E+00  0.00000000000000E+00  0.00000000000000E+00  0.00000000000000E+00  0.00000000000000E+00  0.00000000000000E+00
  -0.20003558522773E+06  0.63261182513250E+05 -0.95072399434273E+04 -0.11636245801333E+05  0.35679949278054E+04 -0.40182005075772E+03 -0.15391571855215E+04 -0.62762272986305E+04  0.68502039615763E+03  0.62782820511412E+03 -0.55309488151719E+02 -0.22916197889672E+00 -0.16600456458196E+00 -0.36026263241133E-13  0.29634418992432E+03 -0.79588137705260E+02  0.10120041986755E+03  0.13842271327658E+03  0.00000000000000E+00  0.00000000000000E+00  0.00000000000000E+00  0.23227652694210E+04  0.33282109662344E+04  0.15785536341098E+05  0.00000000000000E+00  0.00000000000000E+00  0.00000000000000E+00  0.00000000000000E+00  0.00000000000000E+00  0.00000000000000E+00  0.00000000000000E+00  0.00000000000000E+00  0.10591275658496E+06  0.00000000000000E+00  0.00000000000000E+00  0.00000000000000E+00  0.00000000000000E+00  0.00000000000000E+00  0.00000000000000E+00  0.00000000000000E+00
  -0.21998222305835E+06  0.69165234858872E+05 -0.10442632645416E+05 -0.51686609666091E+05  0.15639732761839E+05 -0.19787851168793E+04 -0.69267745799440E+04 -0.12253443373187E+05  0.13729273905885E+04  0.11848412280207E+04 -0.10779200490040E+03 -0.16311387036875E-09 -0.94106200768027E-11 -0.15753902808965E-12  0.52685483618755E+03 -0.13976455944797E+03  0.19618893715723E+03  0.25478292961998E+03  0.39691885688119E+03  0.43797028246131E+04  0.41952333059414E+04  0.28708508922729E+04  0.40068728695321E+04  0.19818771757950E+05  0.00000000000000E+00  0.00000000000000E+00  0.00000000000000E+00  0.00000000000000E+00  0.00000000000000E+00  0.00000000000000E+00  0.00000000000000E+00  0.00000000000000E+00  0.00000000000000E+00  0.13811285512288E+06  0.00000000000000E+00  0.00000000000000E+00  0.00000000000000E+00  0.00000000000000E+00  0.00000000000000E+00  0.00000000000000E+00
  -0.87504610801603E+04  0.23364396607987E+04 -0.39941530868929E+03 -0.23850748696661E+04  0.53062274499843E+03 -0.34255534448180E+03 -0.40316999701691E+03  0.30138275014586E+03 -0.12835581416535E+04  0.13178325598769E+03 -0.14493864878644E+02 -0.17556199321161E+01 -0.18605746931177E+00 -0.15021287956421E-02 -0.29617355145535E+04  0.46399223553647E+03 -0.28129921606792E+04 -0.18476974494343E+04  0.00000000000000E+00  0.00000000000000E+00  0.00000000000000E+00  0.00000000000000E+00  0.00000000000000E+00  0.00000000000000E+00  0.00000000000000E+00  0.00000000000000E+00  0.00000000000000E+00  0.00000000000000E+00  0.00000000000000E+00  0.00000000000000E+00  0.00000000000000E+00  0.00000000000000E+00  0.00000000000000E+00  0.00000000000000E+00  0.81935524749478E+04  0.00000000000000E+00  0.00000000000000E+00  0.00000000000000E+00  0.00000000000000E+00  0.00000000000000E+00
  -0.30964948981592E+04  0.74187029565735E+03 -0.13913359953929E+03 -0.93496797886252E+03  0.19231379447635E+03 -0.15548673467342E+03 -0.16324715469222E+03  0.27457800253114E+03 -0.70645464527470E+03  0.58440058844720E+02 -0.68223617137225E+01 -0.75298627349746E+00 -0.72217203390115E-01 -0.82583465860063E-03 -0.15577125011351E+04  0.22663434194791E+03 -0.15005797466544E+04 -0.94516767041876E+03  0.00000000000000E+00  0.00000000000000E+00  0.00000000000000E+00  0.00000000000000E+00  0.00000000000000E+00  0.00000000000000E+00  0.00000000000000E+00  0.00000000000000E+00  0.00000000000000E+00  0.00000000000000E+00  0.00000000000000E+00  0.00000000000000E+00  0.00000000000000E+00  0.00000000000000E+00  0.00000000000000E+00  0.00000000000000E+00  0.00000000000000E+00  0.42004435996046E+04  0.00000000000000E+00  0.00000000000000E+00  0.00000000000000E+00  0.00000000000000E+00
  -0.16812984127758E+05 -0.21943378480152E+04 -0.58598655063039E+01 -0.10637378712949E+05  0.34239603662902E+03 -0.28828312600859E+04 -0.12136466936621E+04 -0.26534920330113E+06  0.11194533623127E+06  0.31204177724785E+04 -0.11824280347059E+04  0.27662657622209E+03  0.28350159017700E+02 -0.16362763268471E+01 -0.22494663461122E+04 -0.34008259053596E+03  0.15969145865152E+04  0.16562470140156E+04  0.00000000000000E+00  0.00000000000000E+00  0.00000000000000E+00  0.00000000000000E+00  0.00000000000000E+00  0.00000000000000E+00  0.00000000000000E+00  0.00000000000000E+00  0.00000000000000E+00  0.00000000000000E+00  0.00000000000000E+00  0.00000000000000E+00  0.00000000000000E+00  0.00000000000000E+00  0.00000000000000E+00  0.00000000000000E+00  0.00000000000000E+00  0.00000000000000E+00  0.12597608764038E+06  0.00000000000000E+00  0.00000000000000E+00  0.00000000000000E+00
   0.17023252935342E+05 -0.22986505701869E+04  0.71834191543074E+03 -0.15964666358511E+05  0.25749045022755E+04 -0.35589412406164E+04 -0.31640557147205E+04 -0.89464729385026E+04  0.16313199385632E+04  0.45567295979224E+03 -0.72918801422096E+02  0.32206265380554E+03  0.72367134338012E+02  0.26482237515699E-04  0.19429397490359E+03 -0.34826395124895E+02  0.25207063325140E+03  0.17576190215143E+03 -0.17196749512478E+02 -0.83552511630389E+03 -0.23680298018553E+03 -0.25897327659027E+02 -0.39962217644870E+02 -0.81352176393557E+02  0.00000000000000E+00  0.00000000000000E+00  0.00000000000000E+00  0.00000000000000E+00  0.00000000000000E+00  0.00000000000000E+00  0.00000000000000E+00  0.00000000000000E+00  0.00000000000000E+00  0.00000000000000E+00  0.00000000000000E+00  0.00000000000000E+00  0.00000000000000E+00  0.39544297811862E+05  0.00000000000000E+00  0.00000000000000E+00
  -0.72328012398593E+05  0.86086461351777E+04 -0.25221850203714E+04 -0.74086075489615E+04  0.87708608147289E+03 -0.18141638646115E+04 -0.11361498707514E+04 -0.13906152360915E+06  0.44414358205229E+05  0.28276188623333E+04 -0.85753076024179E+03 -0.27817555799911E+04 -0.20039239648079E+03 -0.27582218833417E+01 -0.94157990101049E+03  0.26333568480684E+03 -0.18107883109310E+04 -0.12600287406964E+04  0.00000000000000E+00  0.00000000000000E+00  0.00000000000000E+00 -0.31665797200440E+03 -0.18119574983069E+04  0.14751371510280E+04  0.00000000000000E+00  0.00000000000000E+00  0.00000000000000E+00  0.00000000000000E+00  0.00000000000000E+00  0.00000000000000E+00  0.00000000000000E+00  0.00000000000000E+00  0.00000000000000E+00  0.00000000000000E+00  0.00000000000000E+00  0.00000000000000E+00  0.00000000000000E+00  0.00000000000000E+00  0.95614884899041E+05  0.00000000000000E+00
  -0.56588871801835E+05  0.71865404498708E+04 -0.20282171518482E+04 -0.21865981945762E+05  0.27036970720105E+04 -0.52381097773443E+04 -0.33936573949817E+04 -0.17220542438449E+06  0.54448458999254E+05  0.35898488082848E+04 -0.10705429225497E+04  0.12167024876357E-09  0.94925023845020E-11  0.56336090940365E-12 -0.10578505137916E+04  0.29487291024345E+03 -0.20074567182759E+04 -0.13987694798242E+04  0.61118449515446E+02  0.30133666767839E+03 -0.12531113730135E+04 -0.32915179618985E+03 -0.18707713110100E+04  0.15081684280065E+04  0.00000000000000E+00  0.00000000000000E+00  0.00000000000000E+00  0.00000000000000E+00  0.00000000000000E+00  0.00000000000000E+00  0.00000000000000E+00  0.00000000000000E+00  0.00000000000000E+00  0.00000000000000E+00  0.00000000000000E+00  0.00000000000000E+00  0.00000000000000E+00  0.00000000000000E+00  0.00000000000000E+00  0.99998555507553E+05

 # Covariance matrix (Bevington epsilon)
