# fitpack15: fit parameters                                                                         
# CJ15 AV18 final data choices                                                                      
# Created on 08/20/2020 at 11:57:52                                                                 

 # QCD setup
  INS                           0
  NVL                          11
  IORD                          1
  Q02                   1.6899999999999999     
  IPARAMC                       7
  FLAVOR                4.0000000000000000     
  xmc                   1.3000000000000000     
  xmb                   4.5000000000000000     
  ncb                          12
  ihq                           1
  ias                           0

 # Theory corrections
  inuke                     10814
  itmc                          1
  iht                           1

 # fit parameters
 LAMBDA       0.22680        0.0000    
 a0uv          1.9334        0.0000    
 a1uv         0.56752       0.24176E-01
 a2uv          3.5682       0.10866E-01
 a3uv          0.0000        0.0000    
 a4uv          4.7107       0.65799    
 a5uv          0.0000        0.0000    
 a0dv          26.187        0.0000    
 a1dv          1.1700       0.31449E-01
 a2dv          6.5921       0.15465    
 a3dv         -3.5549       0.79498E-01
 a4dv          4.7235       0.13350    
 a5dv          0.0000        0.0000    
 a0ud         0.14258       0.49656E-02
 a1ud        -0.21060       0.38007E-02
 a2ud          8.3698       0.18873    
 a3ud          0.0000        0.0000    
 a4ud          15.492        1.2664    
 a5ud          0.0000        0.0000    
 a0du          35712.        0.0000    
 a1du          4.0856       0.86478E-01
 a2du          19.983       0.89818    
 a3du          17.000        0.0000    
 a4du          53.895        11.806    
 a0g           50.645        0.0000    
 a1g          0.62293       0.37487E-01
 a2g           7.9724        1.1549    
 a3g          -3.3871       0.20163    
 a4g           3.6713       0.55364    
 a5g           0.0000        0.0000    
 kappa        0.40000        0.0000    
 a6dv        -0.33201E-02   0.60347E-03
 a7dv          2.0000        0.0000    
 off1         -5.3033        1.5506    
 off2         0.35172E-01   0.29270E-01
 off3          0.30831      0.00000
 ht1          -3.5775       0.28439    
 ht2           2.3795       0.13945    
 ht3          -2.1712       0.25098E-01
 ht4           0.0000        0.0000    
 dummy40       0.0000        0.0000    
 dummy41       0.0000        0.0000    
 dummy42       0.0000        0.0000    
 dummy43       0.0000        0.0000    
 dummy44       0.0000        0.0000    
 dummy45       0.0000        0.0000    
 dummy46       0.0000        0.0000    
 dummy47       0.0000        0.0000    
 dummy48       0.0000        0.0000    
 dummy49       0.0000        0.0000    
 bcdmsh2      0.97201       0.48121E-02
 bcdmsd2      0.99159       0.58288E-02
 ccfr          1.0000        0.0000    
 nutev         1.0000        0.0000    
 zeus         0.97998        0.0000    
 h1            1.0162        0.0000    
 e605          1.0319        0.0000    
 NmcH2         1.0067       0.71098E-02
 ntv_nu        1.0000        0.0000    
 ntv_nubar     1.0000        0.0000    
 cdf_jet      0.98910        0.0000    
 d0_jet       0.83504        0.0000    
 slac_p        1.0011       0.47790E-02
 slac_d        1.0008       0.52173E-02
 e866pp       0.98359       0.20024E-01
 e866pd       0.97123       0.15998E-01
 d0_gamjet     1.0366       0.16477E-01
 h1b          0.97608        0.0000    
 jlab_p       0.98844       0.57091E-02
 jlab_d       0.97136       0.58244E-02
 blank         1.0000        0.0000    
 d0run2       0.93371       0.13558E-01
 cdfrun2      0.92348       0.16974E-01
 HERA_el       1.0000        0.0000    
 HERA_ps       1.0000        0.0000    
 CDF_Z        0.96132       0.65088E-02
 NmcRat        1.0000        0.0000    
 BNS_F2nd     0.98371       0.71293E-02
 HERMES_F2p   0.99570       0.55546E-02
 HERMES_F2d   0.97797       0.57890E-02
 END 0. 0.

 # Hessian matrix (Bevington alpha)
   0.51480070834446E+07 -0.13209306198346E+07  0.18842369525213E+06  0.49426638303846E+06 -0.12977756945423E+06 -0.25156725457722E+05  0.57140250423274E+05  0.98579032011358E+06 -0.18393101450587E+06 -0.50538961917115E+05  0.74371650156726E+04  0.15621332478747E+05  0.17722896746176E+04 -0.10768554421597E+03  0.83704495468763E+04 -0.17918793398273E+04  0.60850916033928E+04  0.46995225114402E+04 -0.80641715985555E+07 -0.22053918564674E+04 -0.38004515461335E+06  0.69426953267996E+05  0.20644563892674E+06  0.87578942198003E+06 -0.13202240770294E+06 -0.55971818080066E+05 -0.52293205716721E+04 -0.86632148053854E+06 -0.11190593074253E+07 -0.20873759994241E+05 -0.47295078737172E+05 -0.32030287810092E+04 -0.20446915009322E+06 -0.23004290076216E+06 -0.94581032025808E+04 -0.33262616075585E+04 -0.17664066578333E+05  0.17043090414493E+05 -0.74148774686872E+05 -0.58322836581366E+05
  -0.13209306198346E+07  0.41404752135225E+06 -0.49316800342686E+05 -0.13459032903874E+06  0.35303355285494E+05  0.96522799180162E+04 -0.12113737488377E+05 -0.12507929130027E+06  0.26301159618601E+05  0.74901068464938E+04 -0.89490874891480E+03 -0.12184188002895E+04 -0.14375779564438E+03  0.12911265778354E+02  0.57348411976000E+03 -0.35397939678880E+02  0.10431597184224E+03  0.36007583653026E+02  0.27056200931238E+07  0.77828387738542E+03  0.10646864703461E+06 -0.15965623279441E+05 -0.50846528515908E+05 -0.23128504585430E+06  0.16799727148205E+05  0.83038529424032E+04 -0.19484757849200E+03  0.21026778101707E+06  0.26480542054645E+06  0.57254076005130E+04  0.13128895450499E+05  0.42191057596310E+03  0.63902084720148E+05  0.71501566830106E+05  0.24818972134263E+04  0.78314785508875E+03 -0.22445397795564E+04 -0.22349943924782E+04  0.86569166419773E+04  0.72510928183023E+04
   0.18842369525213E+06 -0.49316800342686E+05  0.69441501530875E+04  0.17860504409747E+05 -0.48060344157468E+04 -0.11684207791963E+04  0.20108312857632E+04  0.27429744501976E+05 -0.49736649318612E+04 -0.16434485130602E+04  0.21056373949086E+03  0.41824935247711E+03  0.53776409105082E+02 -0.40114867120817E+01 -0.30101802093111E+03  0.49149159055665E+00 -0.13737388257507E+03 -0.28371773519428E+02 -0.30189541279223E+06 -0.83132660420771E+02 -0.14018484857806E+05  0.25110812650145E+04  0.74742515852693E+04  0.32013016129574E+05 -0.45708994431541E+04 -0.19383475419040E+04  0.17099729951070E+02 -0.30998686412108E+05 -0.40215344244312E+05 -0.77500292443012E+03 -0.17620813888320E+04 -0.98641730643401E+02 -0.76831039380063E+04 -0.86285735229404E+04 -0.34547092093547E+03 -0.12038118938740E+03 -0.61814654638695E+02  0.59483516259444E+03 -0.21724984570947E+04 -0.17476836907050E+04
   0.49426638303846E+06 -0.13459032903874E+06  0.17860504409747E+05  0.39456311951172E+06 -0.62539709608582E+05  0.77832576894136E+05  0.66326243026143E+05  0.35972578838965E+06 -0.27800595090227E+05 -0.18354716143150E+05  0.32186281990900E+04 -0.13813641018614E+04 -0.14963539047151E+03  0.55356636344136E+02  0.29618089721095E+05 -0.33929593399376E+04  0.17746460149981E+05  0.10017864437726E+05 -0.23413454093767E+07 -0.43507268736117E+03 -0.10745726735172E+06  0.23550194771743E+05  0.63537743225602E+05  0.26990999818943E+06 -0.12870902233458E+05 -0.21247724268291E+05 -0.45500613788085E+02 -0.66032460649890E+05 -0.34104784066050E+06 -0.13651448569639E+04 -0.24759946457389E+04 -0.71580368956558E+02 -0.11762663080525E+05 -0.52500566825808E+05 -0.25524261871254E+04 -0.98755542144208E+03 -0.94925408146759E+04 -0.15698144087083E+05 -0.72166606949156E+04 -0.21316955998977E+05
  -0.12977756945423E+06  0.35303355285494E+05 -0.48060344157468E+04 -0.62539709608582E+05  0.11790157668765E+05 -0.80207880881334E+04 -0.96470672607583E+04 -0.33509414976308E+05  0.52351376155437E+03  0.24021411548751E+04 -0.32571505469991E+03 -0.27813413156438E+02  0.45869087851048E+01 -0.49701683724143E+01 -0.24992119917405E+04  0.28731250086844E+03 -0.14650920209995E+04 -0.83473193663926E+03  0.52011110006546E+06  0.11453457713622E+03  0.22534196044494E+05 -0.45153909442124E+04 -0.12238646379616E+05 -0.53664268395494E+05  0.20210815920786E+04  0.34014829263123E+04 -0.59425753133723E+02  0.12042039888240E+05  0.63389682540884E+05  0.32921474515860E+03  0.57741369280974E+03  0.91637094053537E+01  0.30041858418529E+04  0.13215682123974E+05  0.49071014409500E+03  0.18048423253564E+03  0.33127487889823E+03  0.24941466410998E+04  0.82281589132157E+03  0.25248866518947E+04
  -0.25156725457722E+05  0.96522799180162E+04 -0.11684207791963E+04  0.77832576894136E+05 -0.80207880881334E+04  0.26263808143674E+05  0.15794659815632E+05  0.11427303321034E+06 -0.10727431870707E+05 -0.48122920380584E+04  0.10035017904587E+04 -0.72872453406276E+03 -0.69196265030466E+02  0.19513246873394E+02  0.93761050140596E+04 -0.11063814876836E+04  0.56208517435903E+04  0.32288251772747E+04 -0.65984322958875E+05  0.38404028405593E+02 -0.77529099423737E+04  0.27418631744295E+04  0.71695899353689E+04  0.25868537125735E+05 -0.29098196285855E+04 -0.44388462461326E+04  0.17046009029622E+03 -0.91544943954542E+04 -0.44660936886918E+05  0.33292428347283E+01 -0.26411667658148E+02 -0.19951553521633E+02  0.39908790679117E+03  0.14530410925033E+04 -0.28699109956052E+03 -0.14319981828159E+03 -0.31644944433874E+04 -0.34821539831863E+04 -0.19283062916373E+04 -0.55402032797774E+04
   0.57140250423274E+05 -0.12113737488377E+05  0.20108312857632E+04  0.66326243026143E+05 -0.96470672607583E+04  0.15794659815632E+05  0.12262066834138E+05  0.62958234348731E+05 -0.35819800013443E+04 -0.34113478428652E+04  0.58188995566991E+03 -0.23244900768173E+03 -0.27509550011663E+02  0.10209454031956E+02  0.47736456592355E+04 -0.56584873258341E+03  0.27932599222853E+04  0.16175427866924E+04 -0.26728724625856E+06 -0.32245164560791E+02 -0.14877458417374E+05  0.36096594678882E+04  0.95646228493836E+04  0.38820244580031E+05 -0.25813643220866E+04 -0.40322713419626E+04  0.14712334171635E+03 -0.10378028869333E+05 -0.53803292295519E+05 -0.16638184259300E+03 -0.29302542920427E+03 -0.13823124783501E+02 -0.10698669527580E+04 -0.49188862548207E+04 -0.39011997206488E+03 -0.16305742839089E+03 -0.13269684833926E+04 -0.32496810183184E+04 -0.11890094494775E+04 -0.35318330901775E+04
   0.98579032011358E+06 -0.12507929130027E+06  0.27429744501976E+05  0.35972578838965E+06 -0.33509414976308E+05  0.11427303321034E+06  0.62958234348731E+05  0.53375057275270E+07 -0.23991623914057E+07 -0.89447502912523E+05  0.26163413815095E+05  0.26819344282813E+05  0.18243142868870E+04  0.99453688844095E+02  0.87080836317526E+05 -0.10596968000949E+05  0.60154970579542E+05  0.33165288623773E+05 -0.61518352178337E+06  0.28210852855946E+03 -0.50406652134986E+05  0.33121740054548E+05  0.92708187390849E+05  0.32956787407601E+06 -0.63237690075702E+05 -0.50510103155824E+05 -0.69878270221830E+05 -0.29556519290702E+06 -0.58079559993939E+06 -0.73535968906034E+05 -0.16549667368258E+06 -0.14108864256979E+04 -0.56532496849209E+04 -0.11121127070345E+05 -0.11421420101973E+03  0.12034973246683E+03 -0.27197734400559E+06 -0.88878467202399E+04 -0.14400742521441E+06 -0.17740431864521E+06
  -0.18393101450587E+06  0.26301159618601E+05 -0.49736649318612E+04 -0.27800595090227E+05  0.52351376155437E+03 -0.10727431870707E+05 -0.35819800013443E+04 -0.23991623914057E+07  0.19332733463539E+07  0.19529032160224E+05 -0.64629501018954E+04 -0.56293938415007E+04 -0.31216861867997E+03 -0.13984757209554E+02  0.46880151375095E+05 -0.20392580384722E+04  0.11601055516217E+05  0.52548582463565E+04 -0.27699872734795E+05 -0.91381344086403E+02  0.14668182376697E+04 -0.67381601540580E+04 -0.19204208173115E+05 -0.66666267545010E+05  0.11704752914915E+05  0.10968707185403E+05  0.24629306001824E+05  0.67339684347668E+05  0.12786952784346E+06  0.22850578712867E+05  0.51484583978983E+05  0.19255960971250E+03  0.55394941115255E+03  0.11355085169982E+04 -0.11452686383401E+04 -0.65539658821500E+03  0.11257742813450E+06  0.15965280106357E+04  0.45265004119712E+05  0.55187834037326E+05
  -0.50538961917115E+05  0.74901068464938E+04 -0.16434485130602E+04 -0.18354716143150E+05  0.24021411548751E+04 -0.48122920380584E+04 -0.34113478428652E+04 -0.89447502912523E+05  0.19529032160224E+05  0.26885519758047E+04 -0.62537470297262E+03 -0.67459713785752E+03 -0.60360056645443E+02 -0.17939086717908E+01 -0.38999161640760E+04  0.45030426796995E+03 -0.23293755441583E+04 -0.13326429051352E+04  0.59989317786517E+05  0.27009647123542E+00  0.43151035806376E+04 -0.14496221275630E+04 -0.39600591640210E+04 -0.14739647149035E+05  0.27738302340223E+04  0.19142244051098E+04  0.73710964005059E+03  0.11124202743762E+05  0.23125713261051E+05  0.15009480460242E+04  0.33199016414530E+04  0.43964169156242E+02  0.56940681222830E+03  0.10787109669504E+04  0.14044101408273E+03  0.61782562919830E+02  0.31268962920856E+04  0.44152451714830E+03  0.28463456793437E+04  0.35988864083086E+04
   0.74371650156726E+04 -0.89490874891480E+03  0.21056373949086E+03  0.32186281990900E+04 -0.32571505469991E+03  0.10035017904587E+04  0.58188995566991E+03  0.26163413815095E+05 -0.64629501018954E+04 -0.62537470297262E+03  0.17039532897051E+03  0.19110546418592E+03  0.14059823035578E+02  0.67238773915641E+00  0.12087912379739E+04 -0.12785444528568E+03  0.70739466212630E+03  0.38883873325230E+03 -0.64432818092760E+04  0.16523209562319E+01 -0.47143352305592E+03  0.23712332394565E+03  0.65978229671176E+03  0.23610540582270E+04 -0.47040098548065E+03 -0.35377945332649E+03 -0.33658464730566E+03 -0.20296220845839E+04 -0.40398774968404E+04 -0.42103542517961E+03 -0.94821241824363E+03 -0.10972249538492E+02 -0.45831137776600E+02 -0.89869165868226E+02 -0.15554185606251E+02 -0.71181786580643E+01 -0.11353645906634E+04 -0.66163603993236E+02 -0.82243356285949E+03 -0.10211896727816E+04
   0.15621332478747E+05 -0.12184188002895E+04  0.41824935247711E+03 -0.13813641018614E+04 -0.27813413156438E+02 -0.72872453406276E+03 -0.23244900768173E+03  0.26819344282813E+05 -0.56293938415007E+04 -0.67459713785752E+03  0.19110546418592E+03  0.16170284842641E+04  0.10800499291701E+03 -0.11773617562725E+01  0.13575036127572E+04 -0.18189019336973E+03  0.95235606676546E+03  0.56961994958626E+03 -0.65047455665198E+04 -0.52967280065362E+01 -0.17266107611438E+03 -0.83538392934884E+02 -0.13155496650249E+03 -0.12858144509710E+04 -0.11389003458877E+04 -0.24495273738688E-10 -0.69605838202569E+03 -0.50979617706947E+04 -0.39543338510080E-09 -0.22791573990848E+04 -0.72667778360273E+02 -0.78889307194454E+02 -0.23123410203113E+00 -0.47871704199356E-10 -0.17758142315987E+01 -0.75378722872931E+00  0.29926042158954E+03  0.31898239277439E+03 -0.27161396990878E+04 -0.53087242322823E-10
   0.17722896746176E+04 -0.14375779564438E+03  0.53776409105082E+02 -0.14963539047151E+03  0.45869087851048E+01 -0.69196265030466E+02 -0.27509550011663E+02  0.18243142868870E+04 -0.31216861867997E+03 -0.60360056645443E+02  0.14059823035578E+02  0.10800499291701E+03  0.98623274120977E+01 -0.17334177604967E+00  0.74129677317086E+02 -0.11889208126873E+02  0.52680556992576E+02  0.34892325625621E+02 -0.31673406139321E+03 -0.39094988089868E+00  0.11176251461746E+02 -0.52468718620655E+01 -0.45502026455944E+01 -0.10718429261762E+03 -0.16914807226825E+03 -0.56653105877064E-12 -0.27440342424284E+02 -0.60471720428848E+03  0.81345495481080E-10 -0.14401122449763E+03 -0.19264689020687E+02 -0.64460473457611E+01 -0.16751118232092E+00  0.92759202427302E-11 -0.18929272254874E+00 -0.72762401043106E-01  0.29589995862713E+02  0.71651727331472E+02 -0.19745498878928E+03 -0.15152083609422E-11
  -0.10768554421597E+03  0.12911265778354E+02 -0.40114867120817E+01  0.55356636344136E+02 -0.49701683724143E+01  0.19513246873394E+02  0.10209454031956E+02  0.99453688844095E+02 -0.13984757209554E+02 -0.17939086717908E+01  0.67238773915641E+00 -0.11773617562725E+01 -0.17334177604967E+00  0.50123236505074E-01  0.14222411983579E+02 -0.10694313455863E+01  0.69334882742186E+01  0.32622013377948E+01 -0.84337153039767E+02  0.82870986844082E-02 -0.75128604921657E+01  0.41502122217251E+00  0.10324523583574E+01  0.49126956953767E+01  0.69872224923767E-01  0.17099961615424E-12 -0.60172262891197E+01 -0.76780364916645E+00  0.31313588095712E-12 -0.31745405968540E+01 -0.13972903540520E-04 -0.13805164142922E+00  0.94005289352444E-13  0.90464493501340E-14 -0.17007153311145E-02 -0.92672444524386E-03 -0.15604882262422E+01  0.39240176781750E-04 -0.31210102712134E+01  0.15602222656796E-12
   0.83704495468763E+04  0.57348411976000E+03 -0.30101802093111E+03  0.29618089721095E+05 -0.24992119917405E+04  0.93761050140596E+04  0.47736456592355E+04  0.87080836317526E+05  0.46880151375095E+05 -0.38999161640760E+04  0.12087912379739E+04  0.13575036127572E+04  0.74129677317086E+02  0.14222411983579E+02  0.47808563201209E+05 -0.42372017330960E+04  0.24584619818639E+05  0.12779525743709E+05 -0.56316106344907E+05  0.37296231622456E+01  0.12934169208227E+04 -0.19508858819884E+03 -0.56086605664725E+03 -0.15663253151074E+04 -0.23726252887570E+04 -0.15663004049700E+04 -0.24790390979957E+04  0.21601897884709E+04  0.44463536794515E+04 -0.14494142967916E+04 -0.28791018189678E+04 -0.70933967772682E+03  0.12819634946986E+03  0.23825243855144E+03 -0.26667424920976E+04 -0.14426361955032E+04 -0.26679132001009E+04  0.18290847304323E+03 -0.79476218307871E+03 -0.88671267335543E+03
  -0.17918793398273E+04 -0.35397939678880E+02  0.49149159055665E+00 -0.33929593399376E+04  0.28731250086844E+03 -0.11063814876836E+04 -0.56584873258341E+03 -0.10596968000949E+05 -0.20392580384722E+04  0.45030426796995E+03 -0.12785444528568E+03 -0.18189019336973E+03 -0.11889208126873E+02 -0.10694313455863E+01 -0.42372017330960E+04  0.43319251523345E+03 -0.24126706468652E+04 -0.13121868666737E+04  0.62596699112932E+04 -0.93565888126093E+00 -0.18483774402234E+03  0.22225454256764E+02  0.61078803306964E+02  0.17298593924883E+03  0.41232071250136E+03  0.25862105287359E+03  0.27843846995364E+03 -0.19894257288304E+03 -0.52447119809009E+03  0.14263388064563E+03  0.28319543288657E+03  0.74695114670478E+02 -0.33549174057749E+02 -0.61285645980519E+02  0.37512205869610E+03  0.19059280922531E+03 -0.22274855272933E+03 -0.32628500657339E+02  0.21921025088990E+03  0.24389542139350E+03
   0.60850916033928E+04  0.10431597184224E+03 -0.13737388257507E+03  0.17746460149981E+05 -0.14650920209995E+04  0.56208517435903E+04  0.27932599222853E+04  0.60154970579542E+05  0.11601055516217E+05 -0.23293755441583E+04  0.70739466212630E+03  0.95235606676546E+03  0.52680556992576E+02  0.69334882742186E+01  0.24584619818639E+05 -0.24126706468652E+04  0.13827941429356E+05  0.73744501542414E+04 -0.33762648899525E+05  0.13096565744911E+01  0.84432718747655E+03 -0.13820595426005E+03 -0.39961779976564E+03 -0.10743654713772E+04 -0.13499998410192E+04 -0.90537762399591E+03 -0.18078348077042E+04  0.15684125054530E+04  0.29650549826224E+04 -0.89828020394208E+03 -0.17835223041565E+04 -0.40946119951635E+03  0.16561516133388E+02  0.35602161750698E+02 -0.15480268825675E+04 -0.85854235245280E+03  0.10139209096392E+03  0.10741124112386E+03 -0.81232720666430E+03 -0.89960758404787E+03
   0.46995225114402E+04  0.36007583653026E+02 -0.28371773519428E+02  0.10017864437726E+05 -0.83473193663926E+03  0.32288251772747E+04  0.16175427866924E+04  0.33165288623773E+05  0.52548582463565E+04 -0.13326429051352E+04  0.38883873325230E+03  0.56961994958626E+03  0.34892325625621E+02  0.32622013377948E+01  0.12779525743709E+05 -0.13121868666737E+04  0.73744501542414E+04  0.40035185033672E+04 -0.19028295756022E+05  0.16298612558043E+01  0.53745013390997E+03 -0.79033124428799E+02 -0.22184743772893E+03 -0.59715679178930E+03 -0.10200864186009E+04 -0.65333454351450E+03 -0.92998215373464E+03  0.78641446071640E+03  0.17035656582263E+04 -0.45887443042032E+03 -0.91332065011561E+03 -0.22778842673551E+03  0.34906326942322E+02  0.67323608066241E+02 -0.10187162973357E+04 -0.54163983558872E+03  0.61069778861898E+03  0.86327070334908E+02 -0.65243903197011E+03 -0.72223281214979E+03
  -0.80641715985555E+07  0.27056200931238E+07 -0.30189541279223E+06 -0.23413454093767E+07  0.52011110006546E+06 -0.65984322958875E+05 -0.26728724625856E+06 -0.61518352178337E+06 -0.27699872734795E+05  0.59989317786517E+05 -0.64432818092760E+04 -0.65047455665198E+04 -0.31673406139321E+03 -0.84337153039767E+02 -0.56316106344907E+05  0.62596699112932E+04 -0.33762648899525E+05 -0.19028295756022E+05  0.36712663877129E+08  0.93814987923757E+04  0.12534650823386E+07 -0.21468401580264E+06 -0.61849766109262E+06 -0.28645860590494E+07  0.36247804842507E+05  0.80263231259038E+05 -0.13350923694829E+04  0.59619607542588E+06  0.29101912732861E+07  0.17933511766759E+05  0.32823780087403E+05  0.22502409973387E+03  0.19427109111090E+06  0.84886100587999E+06  0.26176746293792E+05  0.82069694063337E+04 -0.19980690307206E+05  0.46310493899490E+05  0.21652311512495E+05  0.66713520825689E+05
  -0.22053918564674E+04  0.77828387738542E+03 -0.83132660420771E+02 -0.43507268736117E+03  0.11453457713622E+03  0.38404028405593E+02 -0.32245164560791E+02  0.28210852855946E+03 -0.91381344086403E+02  0.27009647123542E+00  0.16523209562319E+01 -0.52967280065362E+01 -0.39094988089868E+00  0.82870986844082E-02  0.37296231622456E+01 -0.93565888126093E+00  0.13096565744911E+01  0.16298612558043E+01  0.93814987923757E+04  0.36740314203356E+01  0.41868668933641E+03 -0.68829260603104E+02 -0.19457437136520E+03 -0.92594753980873E+03  0.00000000000000E+00 -0.60609928884718E+01  0.00000000000000E+00  0.00000000000000E+00  0.84001383855661E+03  0.00000000000000E+00 -0.11675269738560E+02  0.00000000000000E+00  0.00000000000000E+00  0.30139483061311E+03  0.00000000000000E+00  0.00000000000000E+00  0.00000000000000E+00 -0.42386183005994E+01  0.00000000000000E+00 -0.11412149873162E+02
  -0.38004515461335E+06  0.10646864703461E+06 -0.14018484857806E+05 -0.10745726735172E+06  0.22534196044494E+05 -0.77529099423737E+04 -0.14877458417374E+05 -0.50406652134986E+05  0.14668182376697E+04  0.43151035806376E+04 -0.47143352305592E+03 -0.17266107611438E+03  0.11176251461746E+02 -0.75128604921657E+01  0.12934169208227E+04 -0.18483774402234E+03  0.84432718747655E+03  0.53745013390997E+03  0.12534650823386E+07  0.41868668933641E+03  0.80757355934931E+05 -0.15934131705091E+05 -0.42947145005158E+05 -0.19162554554749E+06  0.00000000000000E+00  0.88132109546733E+04  0.00000000000000E+00  0.00000000000000E+00  0.20266334352991E+06  0.00000000000000E+00 -0.19625739353782E+04  0.00000000000000E+00  0.00000000000000E+00  0.40679882635825E+05  0.00000000000000E+00  0.00000000000000E+00  0.00000000000000E+00 -0.73646118616647E+04  0.00000000000000E+00  0.72686410121750E+04
   0.69426953267996E+05 -0.15965623279441E+05  0.25110812650145E+04  0.23550194771743E+05 -0.45153909442124E+04  0.27418631744295E+04  0.36096594678882E+04  0.33121740054548E+05 -0.67381601540580E+04 -0.14496221275630E+04  0.23712332394565E+03 -0.83538392934884E+02 -0.52468718620655E+01  0.41502122217251E+00 -0.19508858819884E+03  0.22225454256764E+02 -0.13820595426005E+03 -0.79033124428799E+02 -0.21468401580264E+06 -0.68829260603104E+02 -0.15934131705091E+05  0.37867617967520E+04  0.99145968419369E+04  0.42892369789504E+05 -0.28924518688013E+02 -0.26780019359700E+04  0.48035971009998E+01  0.20516605268040E+04 -0.48752334675684E+05  0.00000000000000E+00 -0.35318876224442E+03  0.00000000000000E+00  0.22912508123903E+04 -0.62740790481061E+04  0.00000000000000E+00  0.00000000000000E+00  0.00000000000000E+00  0.18756592500147E+04 -0.14102730735711E+03 -0.33662374603340E+04
   0.20644563892674E+06 -0.50846528515908E+05  0.74742515852693E+04  0.63537743225602E+05 -0.12238646379616E+05  0.71695899353689E+04  0.95646228493836E+04  0.92708187390849E+05 -0.19204208173115E+05 -0.39600591640210E+04  0.65978229671176E+03 -0.13155496650249E+03 -0.45502026455944E+01  0.10324523583574E+01 -0.56086605664725E+03  0.61078803306964E+02 -0.39961779976564E+03 -0.22184743772893E+03 -0.61849766109262E+06 -0.19457437136520E+03 -0.42947145005158E+05  0.99145968419369E+04  0.26411078815423E+05  0.11417621048046E+06 -0.88466648391419E+02 -0.67011811064963E+04  0.68018105743758E+01 -0.87263262840685E+03 -0.13027471096990E+06  0.00000000000000E+00 -0.88146820123357E+03  0.00000000000000E+00  0.34689615279757E+04 -0.18631947965964E+05  0.00000000000000E+00  0.00000000000000E+00  0.00000000000000E+00  0.47028912996332E+04 -0.93509768657848E+03 -0.90065101309699E+04
   0.87578942198003E+06 -0.23128504585430E+06  0.32013016129574E+05  0.26990999818943E+06 -0.53664268395494E+05  0.25868537125735E+05  0.38820244580031E+05  0.32956787407601E+06 -0.66666267545010E+05 -0.14739647149035E+05  0.23610540582270E+04 -0.12858144509710E+04 -0.10718429261762E+03  0.49126956953767E+01 -0.15663253151074E+04  0.17298593924883E+03 -0.10743654713772E+04 -0.59715679178930E+03 -0.28645860590494E+07 -0.92594753980873E+03 -0.19162554554749E+06  0.42892369789504E+05  0.11417621048046E+06  0.50427263979195E+06  0.17574881569147E+03 -0.31018437415870E+05 -0.72451563925674E+00  0.30763566383532E+05 -0.54931581600650E+06  0.00000000000000E+00 -0.41273443158882E+04  0.00000000000000E+00  0.14175509682568E+05 -0.89166041858143E+05  0.00000000000000E+00  0.00000000000000E+00  0.00000000000000E+00  0.22126058789131E+05  0.11301089642271E+04 -0.36421487493419E+05
  -0.13202240770294E+06  0.16799727148205E+05 -0.45708994431541E+04 -0.12870902233458E+05  0.20210815920786E+04 -0.29098196285855E+04 -0.25813643220866E+04 -0.63237690075702E+05  0.11704752914915E+05  0.27738302340223E+04 -0.47040098548065E+03 -0.11389003458877E+04 -0.16914807226825E+03  0.69872224923767E-01 -0.23726252887570E+04  0.41232071250136E+03 -0.13499998410192E+04 -0.10200864186009E+04  0.36247804842507E+05  0.00000000000000E+00  0.00000000000000E+00 -0.28924518688013E+02 -0.88466648391419E+02  0.17574881569147E+03  0.11648634922354E+06  0.00000000000000E+00  0.00000000000000E+00  0.00000000000000E+00  0.00000000000000E+00  0.00000000000000E+00  0.00000000000000E+00  0.00000000000000E+00  0.00000000000000E+00  0.00000000000000E+00  0.00000000000000E+00  0.00000000000000E+00  0.00000000000000E+00  0.00000000000000E+00  0.00000000000000E+00  0.00000000000000E+00
  -0.55971818080066E+05  0.83038529424032E+04 -0.19383475419040E+04 -0.21247724268291E+05  0.34014829263123E+04 -0.44388462461326E+04 -0.40322713419626E+04 -0.50510103155824E+05  0.10968707185403E+05  0.19142244051098E+04 -0.35377945332649E+03 -0.24495273738688E-10 -0.56653105877064E-12  0.17099961615424E-12 -0.15663004049700E+04  0.25862105287359E+03 -0.90537762399591E+03 -0.65333454351450E+03  0.80263231259038E+05 -0.60609928884718E+01  0.88132109546733E+04 -0.26780019359700E+04 -0.67011811064963E+04 -0.31018437415870E+05  0.00000000000000E+00  0.64786350038702E+05  0.00000000000000E+00  0.00000000000000E+00  0.00000000000000E+00  0.00000000000000E+00  0.00000000000000E+00  0.00000000000000E+00  0.00000000000000E+00  0.00000000000000E+00  0.00000000000000E+00  0.00000000000000E+00  0.00000000000000E+00  0.00000000000000E+00  0.00000000000000E+00  0.00000000000000E+00
  -0.52293205716721E+04 -0.19484757849200E+03  0.17099729951070E+02 -0.45500613788085E+02 -0.59425753133723E+02  0.17046009029622E+03  0.14712334171635E+03 -0.69878270221830E+05  0.24629306001824E+05  0.73710964005059E+03 -0.33658464730566E+03 -0.69605838202569E+03 -0.27440342424284E+02 -0.60172262891197E+01 -0.24790390979957E+04  0.27843846995364E+03 -0.18078348077042E+04 -0.92998215373464E+03 -0.13350923694829E+04  0.00000000000000E+00  0.00000000000000E+00  0.48035971009998E+01  0.68018105743758E+01 -0.72451563925674E+00  0.00000000000000E+00  0.00000000000000E+00  0.30799904421366E+05  0.00000000000000E+00  0.00000000000000E+00  0.00000000000000E+00  0.00000000000000E+00  0.00000000000000E+00  0.00000000000000E+00  0.00000000000000E+00  0.00000000000000E+00  0.00000000000000E+00  0.00000000000000E+00  0.00000000000000E+00  0.00000000000000E+00  0.00000000000000E+00
  -0.86632148053854E+06  0.21026778101707E+06 -0.30998686412108E+05 -0.66032460649890E+05  0.12042039888240E+05 -0.91544943954542E+04 -0.10378028869333E+05 -0.29556519290702E+06  0.67339684347668E+05  0.11124202743762E+05 -0.20296220845839E+04 -0.50979617706947E+04 -0.60471720428848E+03 -0.76780364916645E+00  0.21601897884709E+04 -0.19894257288304E+03  0.15684125054530E+04  0.78641446071640E+03  0.59619607542588E+06  0.00000000000000E+00  0.00000000000000E+00  0.20516605268040E+04 -0.87263262840685E+03  0.30763566383532E+05  0.00000000000000E+00  0.00000000000000E+00  0.00000000000000E+00  0.58170647997220E+06  0.00000000000000E+00  0.00000000000000E+00  0.00000000000000E+00  0.00000000000000E+00  0.00000000000000E+00  0.00000000000000E+00  0.00000000000000E+00  0.00000000000000E+00  0.00000000000000E+00  0.00000000000000E+00  0.00000000000000E+00  0.00000000000000E+00
  -0.11190593074253E+07  0.26480542054645E+06 -0.40215344244312E+05 -0.34104784066050E+06  0.63389682540884E+05 -0.44660936886918E+05 -0.53803292295519E+05 -0.58079559993939E+06  0.12786952784346E+06  0.23125713261051E+05 -0.40398774968404E+04 -0.39543338510080E-09  0.81345495481080E-10  0.31313588095712E-12  0.44463536794515E+04 -0.52447119809009E+03  0.29650549826224E+04  0.17035656582263E+04  0.29101912732861E+07  0.84001383855661E+03  0.20266334352991E+06 -0.48752334675684E+05 -0.13027471096990E+06 -0.54931581600650E+06  0.00000000000000E+00  0.00000000000000E+00  0.00000000000000E+00  0.00000000000000E+00  0.92428703353151E+06  0.00000000000000E+00  0.00000000000000E+00  0.00000000000000E+00  0.00000000000000E+00  0.00000000000000E+00  0.00000000000000E+00  0.00000000000000E+00  0.00000000000000E+00  0.00000000000000E+00  0.00000000000000E+00  0.00000000000000E+00
  -0.20873759994241E+05  0.57254076005130E+04 -0.77500292443012E+03 -0.13651448569639E+04  0.32921474515860E+03  0.33292428347283E+01 -0.16638184259300E+03 -0.73535968906034E+05  0.22850578712867E+05  0.15009480460242E+04 -0.42103542517961E+03 -0.22791573990848E+04 -0.14401122449763E+03 -0.31745405968540E+01 -0.14494142967916E+04  0.14263388064563E+03 -0.89828020394208E+03 -0.45887443042032E+03  0.17933511766759E+05  0.00000000000000E+00  0.00000000000000E+00  0.00000000000000E+00  0.00000000000000E+00  0.00000000000000E+00  0.00000000000000E+00  0.00000000000000E+00  0.00000000000000E+00  0.00000000000000E+00  0.00000000000000E+00  0.14254106718529E+05  0.00000000000000E+00  0.00000000000000E+00  0.00000000000000E+00  0.00000000000000E+00  0.00000000000000E+00  0.00000000000000E+00  0.00000000000000E+00  0.00000000000000E+00  0.00000000000000E+00  0.00000000000000E+00
  -0.47295078737172E+05  0.13128895450499E+05 -0.17620813888320E+04 -0.24759946457389E+04  0.57741369280974E+03 -0.26411667658148E+02 -0.29302542920427E+03 -0.16549667368258E+06  0.51484583978983E+05  0.33199016414530E+04 -0.94821241824363E+03 -0.72667778360273E+02 -0.19264689020687E+02 -0.13972903540520E-04 -0.28791018189678E+04  0.28319543288657E+03 -0.17835223041565E+04 -0.91332065011561E+03  0.32823780087403E+05 -0.11675269738560E+02 -0.19625739353782E+04 -0.35318876224442E+03 -0.88146820123357E+03 -0.41273443158882E+04  0.00000000000000E+00  0.00000000000000E+00  0.00000000000000E+00  0.00000000000000E+00  0.00000000000000E+00  0.00000000000000E+00  0.31312252684419E+05  0.00000000000000E+00  0.00000000000000E+00  0.00000000000000E+00  0.00000000000000E+00  0.00000000000000E+00  0.00000000000000E+00  0.00000000000000E+00  0.00000000000000E+00  0.00000000000000E+00
  -0.32030287810092E+04  0.42191057596310E+03 -0.98641730643401E+02 -0.71580368956558E+02  0.91637094053537E+01 -0.19951553521633E+02 -0.13823124783501E+02 -0.14108864256979E+04  0.19255960971250E+03  0.43964169156242E+02 -0.10972249538492E+02 -0.78889307194454E+02 -0.64460473457611E+01 -0.13805164142922E+00 -0.70933967772682E+03  0.74695114670478E+02 -0.40946119951635E+03 -0.22778842673551E+03  0.22502409973387E+03  0.00000000000000E+00  0.00000000000000E+00  0.00000000000000E+00  0.00000000000000E+00  0.00000000000000E+00  0.00000000000000E+00  0.00000000000000E+00  0.00000000000000E+00  0.00000000000000E+00  0.00000000000000E+00  0.00000000000000E+00  0.00000000000000E+00  0.37979063019433E+04  0.00000000000000E+00  0.00000000000000E+00  0.00000000000000E+00  0.00000000000000E+00  0.00000000000000E+00  0.00000000000000E+00  0.00000000000000E+00  0.00000000000000E+00
  -0.20446915009322E+06  0.63902084720148E+05 -0.76831039380063E+04 -0.11762663080525E+05  0.30041858418529E+04  0.39908790679117E+03 -0.10698669527580E+04 -0.56532496849209E+04  0.55394941115255E+03  0.56940681222830E+03 -0.45831137776600E+02 -0.23123410203113E+00 -0.16751118232092E+00  0.94005289352444E-13  0.12819634946986E+03 -0.33549174057749E+02  0.16561516133388E+02  0.34906326942322E+02  0.19427109111090E+06  0.00000000000000E+00  0.00000000000000E+00  0.22912508123903E+04  0.34689615279757E+04  0.14175509682568E+05  0.00000000000000E+00  0.00000000000000E+00  0.00000000000000E+00  0.00000000000000E+00  0.00000000000000E+00  0.00000000000000E+00  0.00000000000000E+00  0.00000000000000E+00  0.10670848002832E+06  0.00000000000000E+00  0.00000000000000E+00  0.00000000000000E+00  0.00000000000000E+00  0.00000000000000E+00  0.00000000000000E+00  0.00000000000000E+00
  -0.23004290076216E+06  0.71501566830106E+05 -0.86285735229404E+04 -0.52500566825808E+05  0.13215682123974E+05  0.14530410925033E+04 -0.49188862548207E+04 -0.11121127070345E+05  0.11355085169982E+04  0.10787109669504E+04 -0.89869165868226E+02 -0.47871704199356E-10  0.92759202427302E-11  0.90464493501340E-14  0.23825243855144E+03 -0.61285645980519E+02  0.35602161750698E+02  0.67323608066241E+02  0.84886100587999E+06  0.30139483061311E+03  0.40679882635825E+05 -0.62740790481061E+04 -0.18631947965964E+05 -0.89166041858143E+05  0.00000000000000E+00  0.00000000000000E+00  0.00000000000000E+00  0.00000000000000E+00  0.00000000000000E+00  0.00000000000000E+00  0.00000000000000E+00  0.00000000000000E+00  0.00000000000000E+00  0.13991730219586E+06  0.00000000000000E+00  0.00000000000000E+00  0.00000000000000E+00  0.00000000000000E+00  0.00000000000000E+00  0.00000000000000E+00
  -0.94581032025808E+04  0.24818972134263E+04 -0.34547092093547E+03 -0.25524261871254E+04  0.49071014409500E+03 -0.28699109956052E+03 -0.39011997206488E+03 -0.11421420101973E+03 -0.11452686383401E+04  0.14044101408273E+03 -0.15554185606251E+02 -0.17758142315987E+01 -0.18929272254874E+00 -0.17007153311145E-02 -0.26667424920976E+04  0.37512205869610E+03 -0.15480268825675E+04 -0.10187162973357E+04  0.26176746293792E+05  0.00000000000000E+00  0.00000000000000E+00  0.00000000000000E+00  0.00000000000000E+00  0.00000000000000E+00  0.00000000000000E+00  0.00000000000000E+00  0.00000000000000E+00  0.00000000000000E+00  0.00000000000000E+00  0.00000000000000E+00  0.00000000000000E+00  0.00000000000000E+00  0.00000000000000E+00  0.00000000000000E+00  0.84263097512744E+04  0.00000000000000E+00  0.00000000000000E+00  0.00000000000000E+00  0.00000000000000E+00  0.00000000000000E+00
  -0.33262616075585E+04  0.78314785508875E+03 -0.12038118938740E+03 -0.98755542144208E+03  0.18048423253564E+03 -0.14319981828159E+03 -0.16305742839089E+03  0.12034973246683E+03 -0.65539658821500E+03  0.61782562919830E+02 -0.71181786580643E+01 -0.75378722872931E+00 -0.72762401043106E-01 -0.92672444524386E-03 -0.14426361955032E+04  0.19059280922531E+03 -0.85854235245280E+03 -0.54163983558872E+03  0.82069694063337E+04  0.00000000000000E+00  0.00000000000000E+00  0.00000000000000E+00  0.00000000000000E+00  0.00000000000000E+00  0.00000000000000E+00  0.00000000000000E+00  0.00000000000000E+00  0.00000000000000E+00  0.00000000000000E+00  0.00000000000000E+00  0.00000000000000E+00  0.00000000000000E+00  0.00000000000000E+00  0.00000000000000E+00  0.00000000000000E+00  0.42857121579541E+04  0.00000000000000E+00  0.00000000000000E+00  0.00000000000000E+00  0.00000000000000E+00
  -0.17664066578333E+05 -0.22445397795564E+04 -0.61814654638695E+02 -0.94925408146759E+04  0.33127487889823E+03 -0.31644944433874E+04 -0.13269684833926E+04 -0.27197734400559E+06  0.11257742813450E+06  0.31268962920856E+04 -0.11353645906634E+04  0.29926042158954E+03  0.29589995862713E+02 -0.15604882262422E+01 -0.26679132001009E+04 -0.22274855272933E+03  0.10139209096392E+03  0.61069778861898E+03 -0.19980690307206E+05  0.00000000000000E+00  0.00000000000000E+00  0.00000000000000E+00  0.00000000000000E+00  0.00000000000000E+00  0.00000000000000E+00  0.00000000000000E+00  0.00000000000000E+00  0.00000000000000E+00  0.00000000000000E+00  0.00000000000000E+00  0.00000000000000E+00  0.00000000000000E+00  0.00000000000000E+00  0.00000000000000E+00  0.00000000000000E+00  0.00000000000000E+00  0.12499615751525E+06  0.00000000000000E+00  0.00000000000000E+00  0.00000000000000E+00
   0.17043090414493E+05 -0.22349943924782E+04  0.59483516259444E+03 -0.15698144087083E+05  0.24941466410998E+04 -0.34821539831863E+04 -0.32496810183184E+04 -0.88878467202399E+04  0.15965280106357E+04  0.44152451714830E+03 -0.66163603993236E+02  0.31898239277439E+03  0.71651727331472E+02  0.39240176781750E-04  0.18290847304323E+03 -0.32628500657339E+02  0.10741124112386E+03  0.86327070334908E+02  0.46310493899490E+05 -0.42386183005994E+01 -0.73646118616647E+04  0.18756592500147E+04  0.47028912996332E+04  0.22126058789131E+05  0.00000000000000E+00  0.00000000000000E+00  0.00000000000000E+00  0.00000000000000E+00  0.00000000000000E+00  0.00000000000000E+00  0.00000000000000E+00  0.00000000000000E+00  0.00000000000000E+00  0.00000000000000E+00  0.00000000000000E+00  0.00000000000000E+00  0.00000000000000E+00  0.39198170914280E+05  0.00000000000000E+00  0.00000000000000E+00
  -0.74148774686872E+05  0.86569166419773E+04 -0.21724984570947E+04 -0.72166606949156E+04  0.82281589132157E+03 -0.19283062916373E+04 -0.11890094494775E+04 -0.14400742521441E+06  0.45265004119712E+05  0.28463456793437E+04 -0.82243356285949E+03 -0.27161396990878E+04 -0.19745498878928E+03 -0.31210102712134E+01 -0.79476218307871E+03  0.21921025088990E+03 -0.81232720666430E+03 -0.65243903197011E+03  0.21652311512495E+05  0.00000000000000E+00  0.00000000000000E+00 -0.14102730735711E+03 -0.93509768657848E+03  0.11301089642271E+04  0.00000000000000E+00  0.00000000000000E+00  0.00000000000000E+00  0.00000000000000E+00  0.00000000000000E+00  0.00000000000000E+00  0.00000000000000E+00  0.00000000000000E+00  0.00000000000000E+00  0.00000000000000E+00  0.00000000000000E+00  0.00000000000000E+00  0.00000000000000E+00  0.00000000000000E+00  0.95406671001878E+05  0.00000000000000E+00
  -0.58322836581366E+05  0.72510928183023E+04 -0.17476836907050E+04 -0.21316955998977E+05  0.25248866518947E+04 -0.55402032797774E+04 -0.35318330901775E+04 -0.17740431864521E+06  0.55187834037326E+05  0.35988864083086E+04 -0.10211896727816E+04 -0.53087242322823E-10 -0.15152083609422E-11  0.15602222656796E-12 -0.88671267335543E+03  0.24389542139350E+03 -0.89960758404787E+03 -0.72223281214979E+03  0.66713520825689E+05 -0.11412149873162E+02  0.72686410121750E+04 -0.33662374603340E+04 -0.90065101309699E+04 -0.36421487493419E+05  0.00000000000000E+00  0.00000000000000E+00  0.00000000000000E+00  0.00000000000000E+00  0.00000000000000E+00  0.00000000000000E+00  0.00000000000000E+00  0.00000000000000E+00  0.00000000000000E+00  0.00000000000000E+00  0.00000000000000E+00  0.00000000000000E+00  0.00000000000000E+00  0.00000000000000E+00  0.00000000000000E+00  0.10010320324206E+06

 # Covariance matrix (Bevington epsilon)
