# fitpack15: fit parameters                                                                         
# CJ15 AV18 final data choices                                                                      
# Created on 02/04/2020 at 20:59:09                                                                 

 # QCD setup
  INS                           0
  NVL                          11
  IORD                          1
  Q02                   1.6899999999999999     
  IPARAMC                       7
  FLAVOR                4.0000000000000000     
  xmc                   1.3000000000000000     
  xmb                   4.5000000000000000     
  ncb                          12
  ihq                           1
  ias                           0

 # Theory corrections
  inuke                     10114
  itmc                          1
  iht                           1

 # fit parameters
 LAMBDA       0.22680        0.0000    
 a0uv          2.0538        0.0000    
 a1uv         0.57891       0.22474E-01
 a2uv          3.5569       0.11264E-01
 a3uv          0.0000        0.0000    
 a4uv          4.2755       0.56669    
 a5uv          0.0000        0.0000    
 a0dv          24.988        0.0000    
 a1dv          1.1562       0.32486E-01
 a2dv          6.6675       0.16526    
 a3dv         -3.5536       0.86448E-01
 a4dv          4.7888       0.15187    
 a5dv          0.0000        0.0000    
 a0ud         0.14191       0.50143E-02
 a1ud        -0.21086       0.38387E-02
 a2ud          8.4437       0.18509    
 a3ud          0.0000        0.0000    
 a4ud          15.554        1.2997    
 a5ud          0.0000        0.0000    
 a0du          35712.        0.0000    
 a1du          4.0929       0.96547E-01
 a2du          20.602        1.0149    
 a3du          17.000        0.0000    
 a4du          60.872        15.472    
 a0g           47.059        0.0000    
 a1g          0.60682       0.30464E-01
 a2g           6.2877       0.86617    
 a3g          -3.4110       0.12679    
 a4g           3.3447       0.30382    
 a5g           0.0000        0.0000    
 kappa        0.40000        0.0000    
 a6dv        -0.44316E-02   0.77170E-03
 a7dv          2.0000        0.0000    
 off1        -0.19616       0.12913    
 off2          2.1133        1.4498    
 off3         -8.2545        5.2623    
 off4          7.5572        5.2487    
 ht1          -3.3418       0.28015    
 ht2           1.9691       0.11521    
 ht3          -2.1031       0.29638E-01
 ht4           0.0000        0.0000    
 dummy42       0.0000        0.0000    
 dummy43       0.0000        0.0000    
 dummy44       0.0000        0.0000    
 dummy45       0.0000        0.0000    
 dummy46       0.0000        0.0000    
 dummy47       0.0000        0.0000    
 dummy48       0.0000        0.0000    
 dummy49       0.0000        0.0000    
 bcdmsh2      0.96925       0.48698E-02
 bcdmsd2      0.99215       0.58613E-02
 ccfr          1.0000        0.0000    
 nutev         1.0000        0.0000    
 zeus         0.97998        0.0000    
 h1            1.0162        0.0000    
 e605          1.0319        0.0000    
 NmcH2         1.0070       0.71484E-02
 ntv_nu        1.0000        0.0000    
 ntv_nuba      1.0000        0.0000    
 cdf_jet      0.98910        0.0000    
 d0_jet       0.83504        0.0000    
 slac_p        1.0014       0.48784E-02
 slac_d        1.0033       0.53483E-02
 e866pp       0.97840       0.19581E-01
 e866pd       0.95892       0.17749E-01
 d0_gamje      1.0378       0.16508E-01
 h1b          0.97608        0.0000    
 jlab_p       0.99336       0.58505E-02
 jlab_d       0.97642       0.60110E-02
 blank         1.0000        0.0000    
 d0run2       0.95164       0.14837E-01
 cdfrun2      0.93624       0.17599E-01
 HERA_el       1.0000        0.0000    
 HERA_ps       1.0000        0.0000    
 CDF_Z        0.95691       0.67024E-02
 NmcRat        1.0000        0.0000    
 BNS_F2nd     0.97422       0.73479E-02
 HERMES_F     0.99495       0.56302E-02
 HERMES_F     0.97909       0.58713E-02
 END 0. 0.

 # Hessian matrix (Bevington alpha)
   0.51600232523924E+07 -0.13324964979630E+07  0.20605633258004E+06  0.49987857339813E+06 -0.12397777422809E+06 -0.33401719397554E+05  0.50062516093825E+05  0.96552872752401E+06 -0.17863708159915E+06 -0.49196960667824E+05  0.72404674588653E+04  0.14113156022594E+05  0.15535545478243E+04 -0.93355296133494E+02  0.99764341839417E+04 -0.23467061346197E+04  0.12429203739071E+05  0.88505582525305E+04 -0.77719915264603E+07 -0.67343751860001E+05 -0.29579177830889E+05 -0.14283096355879E+05 -0.73769657418995E+04 -0.19922228574438E+05 -0.10249703303866E+05 -0.22951956147512E+06 -0.13114051314268E+06 -0.55618325130159E+05 -0.50700071384406E+04 -0.86544191792640E+06 -0.11214306015898E+07 -0.20973331756816E+05 -0.47767518944053E+05 -0.31743229013598E+04 -0.20378835891828E+06 -0.23087536073699E+06 -0.90105493678807E+04 -0.31896211880326E+04 -0.17892522072090E+05  0.17033635603947E+05 -0.73730244074298E+05 -0.58118682426536E+05
  -0.13324964979630E+07  0.41924715177312E+06 -0.54513382425314E+05 -0.13807144446087E+06  0.33581886979577E+05  0.11649836463777E+05 -0.10431969784119E+05 -0.12435767583582E+06  0.26171373219146E+05  0.73238166718324E+04 -0.88096082132154E+03 -0.11083248496497E+04 -0.12523784871898E+03  0.11252902296133E+02  0.75003094544679E+03 -0.73212602949942E+02  0.22580431624295E+03  0.14584934161363E+03  0.26136140608852E+07  0.17412371429948E+05  0.86393727774210E+04  0.45452924055656E+04  0.25074701166717E+04  0.88548901204618E+04  0.97392636707072E+04  0.66815167870748E+05  0.16728307180096E+05  0.83202504075069E+04 -0.20666026673428E+03  0.21122573731569E+06  0.26728392523697E+06  0.57740761301519E+04  0.13332551233017E+05  0.42133667389408E+03  0.63883019056492E+05  0.71998358139320E+05  0.24038047217181E+04  0.76312933640755E+03 -0.22145097989459E+04 -0.22778481344762E+04  0.86853579679938E+04  0.73368696693178E+04
   0.20605633258004E+06 -0.54513382425314E+05  0.82948623423516E+04  0.19875448540179E+05 -0.50309987554714E+04 -0.15828865991381E+04  0.19229974580576E+04  0.28771213153581E+05 -0.51594744066025E+04 -0.17251089554008E+04  0.21950992715261E+03  0.39557440541379E+03  0.49597542720474E+02 -0.36515986746170E+01 -0.29141493516664E+03 -0.10810934848226E+02 -0.14777932151125E+03 -0.37721534191028E+01 -0.31979762730008E+06 -0.26716776439409E+04 -0.11939238434906E+04 -0.58177167872149E+03 -0.30203636615074E+03 -0.86281314444352E+03 -0.60657819380763E+03 -0.93323963704022E+04 -0.48936174780119E+04 -0.20838945312552E+04  0.26199729146704E+02 -0.33730773501605E+05 -0.43957469143351E+05 -0.85068710418121E+03 -0.19458148419534E+04 -0.10509791170299E+03 -0.84017662203595E+04 -0.95110002925123E+04 -0.36020139367111E+03 -0.12601801698112E+03 -0.53733491431130E+02  0.64190636798888E+03 -0.23150953482556E+04 -0.18737398525477E+04
   0.49987857339813E+06 -0.13807144446087E+06  0.19875448540179E+05  0.40186437692671E+06 -0.61321324215337E+05  0.73351116646160E+05  0.63146424339427E+05  0.35982625928787E+06 -0.27900882158242E+05 -0.18082559565517E+05  0.31900834416025E+04 -0.13477068057556E+04 -0.14597654447881E+03  0.47683485368353E+02  0.32112646489044E+05 -0.40597687207156E+04  0.29621906168820E+05  0.16661686059698E+05 -0.22741976142508E+07 -0.19226146911860E+05 -0.78141827856313E+04 -0.34172148967969E+04 -0.16236029014215E+04 -0.15508875536663E+04  0.22054721600132E+04 -0.39840573396187E+05 -0.12798498941231E+05 -0.21235386670118E+05 -0.76293125417131E+02 -0.66512879498944E+05 -0.34346363443278E+06 -0.13357990350574E+04 -0.25120381632196E+04 -0.69516806806082E+02 -0.11784812957827E+05 -0.52681794420494E+05 -0.24252427701258E+04 -0.94549388100177E+03 -0.99753573329089E+04 -0.16168759664806E+05 -0.72675185875150E+04 -0.21524010891489E+05
  -0.12397777422809E+06  0.33581886979577E+05 -0.50309987554714E+04 -0.61321324215337E+05  0.10998249237052E+05 -0.72278008359394E+04 -0.88304023612983E+04 -0.32795751157586E+05  0.54057212551151E+03  0.23045815101196E+04 -0.31573019486112E+03 -0.14425990389120E+02  0.53468376880969E+01 -0.41793327686163E+01 -0.26847273275543E+04  0.34738615224086E+03 -0.23974568599763E+04 -0.13703430839831E+04  0.47127086042348E+06  0.34612424624136E+04  0.15427975437283E+04  0.71085496866193E+03  0.34671019167855E+03  0.55123577067011E+03  0.30545897943834E+03  0.83302037719614E+04  0.19717941450208E+04  0.33233786207573E+04 -0.56378665297962E+02  0.11569863418951E+05  0.61250707008268E+05  0.30628440665771E+03  0.55401382725260E+03  0.87230923925319E+01  0.28073191687036E+04  0.12423742517524E+05  0.44643051768579E+03  0.16652851907754E+03  0.39497270243426E+03  0.25270574543944E+04  0.80595035106731E+03  0.24911365017111E+04
  -0.33401719397554E+05  0.11649836463777E+05 -0.15828865991381E+04  0.73351116646160E+05 -0.72278008359394E+04  0.24186380079720E+05  0.14325968593180E+05  0.10879060173217E+06 -0.10385691260178E+05 -0.44584575266834E+04  0.94478586915846E+03 -0.68063627812407E+03 -0.64180892876769E+02  0.16031902632679E+02  0.97647291822667E+04 -0.12641270481200E+04  0.91666093629310E+04  0.52251953570032E+04 -0.33688353343238E+05 -0.18712843443892E+04 -0.38456037587457E+03 -0.33221638092618E+02  0.30032333077357E+02  0.72395168204229E+03  0.23399152359860E+04 -0.10535809307943E+04 -0.26946430209368E+04 -0.41020320307917E+04  0.14720545683422E+03 -0.81513689182772E+04 -0.39472959687532E+05  0.22428660395086E+02  0.42486230585061E+01 -0.18193968154891E+02  0.51466232613202E+03  0.20518076539282E+04 -0.22590243854058E+03 -0.11939282929940E+03 -0.31805849346876E+04 -0.32949572673236E+04 -0.18410603435727E+04 -0.52730186382591E+04
   0.50062516093825E+05 -0.10431969784119E+05  0.19229974580576E+04  0.63146424339427E+05 -0.88304023612983E+04  0.14325968593180E+05  0.11064466316750E+05  0.59821808419071E+05 -0.34490825355739E+04 -0.31732759425419E+04  0.54759716648669E+03 -0.22392287574338E+03 -0.26147931514980E+02  0.83722846987775E+01  0.50345692691190E+04 -0.66454983246041E+03  0.45739348061874E+04  0.26466926767020E+04 -0.23033158203875E+06 -0.25370288312073E+04 -0.91723914672222E+03 -0.34385506267409E+03 -0.13999867724689E+03  0.16396503389539E+03  0.11029922265119E+04 -0.44815978510712E+04 -0.24226351291331E+04 -0.37906081310819E+04  0.13523680187616E+03 -0.96122260286821E+04 -0.49950332103411E+05 -0.14425916831623E+03 -0.26487321269434E+03 -0.12718286967481E+02 -0.92663162214084E+03 -0.42888246131869E+04 -0.33668276452736E+03 -0.14358625430416E+03 -0.13603325483579E+04 -0.31397964887123E+04 -0.11350672875206E+04 -0.33764696348268E+04
   0.96552872752401E+06 -0.12435767583582E+06  0.28771213153581E+05  0.35982625928787E+06 -0.32795751157586E+05  0.10879060173217E+06  0.59821808419071E+05  0.53306726887116E+07 -0.23931671100494E+07 -0.87942518568395E+05  0.25846396559940E+05  0.24927775743532E+05  0.16532126640336E+04  0.75823913692463E+02  0.89661498185007E+05 -0.11698479052865E+05  0.95920439351106E+05  0.51722417284481E+05 -0.58606356283893E+06 -0.36893730439938E+05 -0.72919340350422E+04 -0.19701229113451E+04 -0.67035588999301E+03  0.69370903818850E+04  0.35484600127154E+05 -0.28841552348991E+05 -0.62652526294645E+05 -0.49637685925475E+05 -0.70242565351845E+05 -0.29312329030490E+06 -0.57269485579245E+06 -0.74220061811481E+05 -0.16795652340233E+06 -0.14161007156771E+04 -0.56612365912676E+04 -0.11214162456845E+05  0.49252848695758E+03  0.35025628561281E+03 -0.27306320022419E+06 -0.86126133733756E+04 -0.14394581819440E+06 -0.17631622088229E+06
  -0.17863708159915E+06  0.26171373219146E+05 -0.51594744066025E+04 -0.27900882158242E+05  0.54057212551151E+03 -0.10385691260178E+05 -0.34490825355739E+04 -0.23931671100494E+07  0.19229481216319E+07  0.19147155204870E+05 -0.63702917000513E+04 -0.52481012117032E+04 -0.28465095353826E+03 -0.98857012675915E+01  0.49056934275074E+05 -0.23904947528416E+04  0.17014049308445E+05  0.83702619922872E+04 -0.24480513269548E+05  0.91342282748752E+04  0.14294134290990E+04  0.32947935310479E+03  0.10304978570396E+03 -0.16355421480705E+04 -0.86826476719207E+04  0.45733046919635E+04  0.11449655982907E+05  0.10686784634053E+05  0.24664269257896E+05  0.66551453177138E+05  0.12574179753604E+06  0.22977883480778E+05  0.52068680214749E+05  0.19362743404174E+03  0.62779932105369E+03  0.12717573390447E+04 -0.13167868823657E+04 -0.71886008030679E+03  0.11259803187573E+06  0.15392129008650E+04  0.45048732433222E+05  0.54662135553737E+05
  -0.49196960667824E+05  0.73238166718324E+04 -0.17251089554008E+04 -0.18082559565517E+05  0.23045815101196E+04 -0.44584575266834E+04 -0.31732759425419E+04 -0.87942518568395E+05  0.19147155204870E+05  0.26084040819634E+04 -0.60945534142049E+03 -0.61502476421249E+03 -0.53481088903336E+02 -0.13574706997526E+01 -0.41051495691795E+04  0.51993785533342E+03 -0.38369903279248E+04 -0.21735487325846E+04  0.55902301754034E+05  0.12653003523403E+04  0.34795963633565E+03  0.11532885126373E+03  0.44125982612881E+02 -0.19926970597780E+03 -0.10357745868632E+04  0.17750636776844E+04  0.27314664328208E+04  0.18682175914389E+04  0.73504219088368E+03  0.10919174173778E+05  0.22576977575304E+05  0.14982164974652E+04  0.33335495800712E+04  0.43678017244566E+02  0.54324254460542E+03  0.10393389384982E+04  0.12164721196519E+03  0.54699964426893E+02  0.31145691217492E+04  0.42772277138024E+03  0.28213131948993E+04  0.35417334991797E+04
   0.72404674588653E+04 -0.88096082132154E+03  0.21950992715261E+03  0.31900834416025E+04 -0.31573019486112E+03  0.94478586915846E+03  0.54759716648669E+03  0.25846396559940E+05 -0.63702917000513E+04 -0.60945534142049E+03  0.16677442981920E+03  0.17573683920335E+03  0.12607191656460E+02  0.50642781142722E+00  0.12500805671818E+04 -0.14293970201344E+03  0.11276969219239E+04  0.61343992132398E+03 -0.60618622293698E+04 -0.24073163004925E+03 -0.52136920988247E+02 -0.14691273123912E+02 -0.50779360933250E+01  0.47064055872202E+02  0.23562147941198E+03 -0.21779159157110E+03 -0.46371151163410E+03 -0.34556372450163E+03 -0.33576893448372E+03 -0.19966033694127E+04 -0.39498976810552E+04 -0.42163152286761E+03 -0.95449790415996E+03 -0.10914856595271E+02 -0.44673149068076E+02 -0.88406526946687E+02 -0.11789949810430E+02 -0.56717419540992E+01 -0.11306943376036E+04 -0.63588107659078E+02 -0.81591721975973E+03 -0.10065268250602E+04
   0.14113156022594E+05 -0.11083248496497E+04  0.39557440541379E+03 -0.13477068057556E+04 -0.14425990389120E+02 -0.68063627812407E+03 -0.22392287574338E+03  0.24927775743532E+05 -0.52481012117032E+04 -0.61502476421249E+03  0.17573683920335E+03  0.13918822576723E+04  0.91247094454643E+02 -0.12495927161447E+01  0.13239533598671E+04 -0.19002414586929E+03  0.15212914933041E+04  0.87259318794152E+03 -0.56436925405870E+04  0.24844238209243E+03  0.23863476567527E+02  0.19772295884247E+00 -0.76852046017674E+00  0.45688907479479E+02  0.25155850781447E+03 -0.49826859736280E+02 -0.10219557615634E+04 -0.32064891158619E-10 -0.65462729388196E+03 -0.45742776353357E+04  0.13236766145887E-09 -0.21283155650155E+04 -0.60579045568522E+02 -0.72469338812331E+02 -0.14583356474242E+00 -0.37816495862885E-10 -0.15624767255385E+01 -0.67705646178340E+00  0.24935265344232E+03  0.27164572999031E+03 -0.25086656173512E+04  0.80087004945363E-10
   0.15535545478243E+04 -0.12523784871898E+03  0.49597542720474E+02 -0.14597654447881E+03  0.53468376880969E+01 -0.64180892876769E+02 -0.26147931514980E+02  0.16532126640336E+04 -0.28465095353826E+03 -0.53481088903336E+02  0.12607191656460E+02  0.91247094454643E+02  0.80980152775931E+01 -0.14204007192486E+00  0.73888927821832E+02 -0.12747176361384E+02  0.90858594857379E+02  0.56607826014607E+02 -0.26139255754696E+03  0.12964497377967E+02  0.17143806867868E+01  0.27650306392986E-01 -0.75784406533514E-01  0.57384275696770E+01  0.27818431030826E+02 -0.97600570855344E+01 -0.14776024484587E+03 -0.11775730258258E-11 -0.25344518713369E+02 -0.52770283110515E+03  0.12392864670667E-10 -0.13226237663652E+03 -0.15657956705291E+02 -0.57883425575705E+01 -0.10478557325022E+00 -0.30770444824700E-12 -0.16189918355540E+00 -0.63701595720057E-01  0.25048688780707E+02  0.60164249352978E+02 -0.17920808651105E+03 -0.56257528931722E-11
  -0.93355296133494E+02  0.11252902296133E+02 -0.36515986746170E+01  0.47683485368353E+02 -0.41793327686163E+01  0.16031902632679E+02  0.83722846987775E+01  0.75823913692463E+02 -0.98857012675915E+01 -0.13574706997526E+01  0.50642781142722E+00 -0.12495927161447E+01 -0.14204007192486E+00  0.33499071654090E-01  0.11383765541377E+02 -0.87568550278977E+00  0.74766763527587E+01  0.35189879397081E+01 -0.67463658820174E+02  0.11013740970620E+01 -0.34515669627635E-01 -0.16162289180335E-01 -0.55968719995069E-02 -0.64864318294647E-02 -0.92712964504449E-02  0.12168302353727E-01  0.51128935234702E-01  0.88915389831780E-13 -0.43447465935747E+01 -0.36339514748489E+00  0.24993976111403E-11 -0.19228942287100E+01 -0.23911450684538E-05 -0.94669641891602E-01  0.23496214700386E-15  0.52263456301198E-13 -0.11142517857219E-02 -0.61909200163744E-03 -0.15336752829498E+01  0.44407361680118E-05 -0.18633236850433E+01  0.36425767654203E-12
   0.99764341839417E+04  0.75003094544679E+03 -0.29141493516664E+03  0.32112646489044E+05 -0.26847273275543E+04  0.97647291822667E+04  0.50345692691190E+04  0.89661498185007E+05  0.49056934275074E+05 -0.41051495691795E+04  0.12500805671818E+04  0.13239533598671E+04  0.73888927821832E+02  0.11383765541377E+02  0.51240091695996E+05 -0.49404010363131E+04  0.39405430684660E+05  0.20645275614365E+05 -0.56687698976408E+05  0.46419326112724E+02  0.61498656816278E+02  0.29108586403174E+02  0.13147573140826E+02 -0.23749710570392E+02 -0.13894144672766E+03  0.75235267884852E+03 -0.29284855943339E+04 -0.18992524009556E+04 -0.25021783591568E+04  0.19238355232006E+04  0.43114609664680E+04 -0.15125847657506E+04 -0.30459696332562E+04 -0.74056320870610E+03  0.31540587697292E+03  0.56109998582311E+03 -0.30107756878191E+04 -0.15821670632573E+04 -0.22214351140976E+04  0.20272744725787E+03 -0.96545378285882E+03 -0.10860757312142E+04
  -0.23467061346197E+04 -0.73212602949942E+02 -0.10810934848226E+02 -0.40597687207156E+04  0.34738615224086E+03 -0.12641270481200E+04 -0.66454983246041E+03 -0.11698479052865E+05 -0.23904947528416E+04  0.51993785533342E+03 -0.14293970201344E+03 -0.19002414586929E+03 -0.12747176361384E+02 -0.87568550278977E+00 -0.49404010363131E+04  0.55595410678585E+03 -0.43275624458177E+04 -0.23587823353958E+04  0.69075743157357E+04  0.50102442802935E+01 -0.95106269446070E+01 -0.56924293821666E+01 -0.28846286927503E+01 -0.61805982039784E+01 -0.15071200107542E+02 -0.15987860763647E+03  0.55776930918596E+03  0.34724983754604E+03  0.29500098925795E+03 -0.14363360161838E+03 -0.48543192121256E+03  0.16298744968093E+03  0.32645858018783E+03  0.84728984402697E+02 -0.85637796826690E+02 -0.15030923511711E+03  0.47943703711429E+03  0.23385758995975E+03 -0.35872942049568E+03 -0.36442399559478E+02  0.27160302854241E+03  0.30449734307933E+03
   0.12429203739071E+05  0.22580431624295E+03 -0.14777932151125E+03  0.29621906168820E+05 -0.23974568599763E+04  0.91666093629310E+04  0.45739348061874E+04  0.95920439351106E+05  0.17014049308445E+05 -0.38369903279248E+04  0.11276969219239E+04  0.15212914933041E+04  0.90858594857379E+02  0.74766763527587E+01  0.39405430684660E+05 -0.43275624458177E+04  0.34518771251310E+05  0.18573329554399E+05 -0.52650395474475E+05  0.11303884935729E+02  0.57927834242401E+02  0.24237454334446E+02  0.90649233755684E+01 -0.84413556240112E+02 -0.27550489717327E+03  0.60552088436142E+03 -0.29425330340328E+04 -0.18798047021734E+04 -0.27050107334897E+04  0.23126406526343E+04  0.50025057425693E+04 -0.13523967448196E+04 -0.27364449507958E+04 -0.66604974195288E+03  0.84069553231436E+02  0.16772346197313E+03 -0.28462340436582E+04 -0.15327030609948E+04  0.15159808626086E+04  0.25772197309963E+03 -0.18384581469403E+04 -0.20390821051280E+04
   0.88505582525305E+04  0.14584934161363E+03 -0.37721534191028E+01  0.16661686059698E+05 -0.13703430839831E+04  0.52251953570032E+04  0.26466926767020E+04  0.51722417284481E+05  0.83702619922872E+04 -0.21735487325846E+04  0.61343992132398E+03  0.87259318794152E+03  0.56607826014607E+02  0.35189879397081E+01  0.20645275614365E+05 -0.23587823353958E+04  0.18573329554399E+05  0.10130394936186E+05 -0.29323179343198E+05 -0.13276580030497E+02  0.36630091743219E+02  0.18047053330242E+02  0.77012391331573E+01 -0.29050942530956E+02 -0.82732743510295E+02  0.48756709911871E+03 -0.20757312209403E+04 -0.12918198719521E+04 -0.13556356929933E+04  0.10591009534605E+04  0.27141307580989E+04 -0.68760378597233E+03 -0.13913632090079E+04 -0.36758422725143E+03  0.13001413067831E+03  0.24107368730446E+03 -0.18500238433102E+04 -0.95361041644915E+03  0.16292642170172E+04  0.17879737415320E+03 -0.12680427562133E+04 -0.14082446145039E+04
  -0.77719915264603E+07  0.26136140608852E+07 -0.31979762730008E+06 -0.22741976142508E+07  0.47127086042348E+06 -0.33688353343238E+05 -0.23033158203875E+06 -0.58606356283893E+06 -0.24480513269548E+05  0.55902301754034E+05 -0.60618622293698E+04 -0.56436925405870E+04 -0.26139255754696E+03 -0.67463658820174E+02 -0.56687698976408E+05  0.69075743157357E+04 -0.52650395474475E+05 -0.29323179343198E+05  0.33468473356101E+08  0.18234743309842E+06  0.94683997599721E+05  0.50499578874435E+05  0.28025977792579E+05  0.65415044653348E+05  0.76168511357957E+05  0.47973625842440E+06  0.34180649532474E+05  0.76891509115498E+05 -0.11944258083324E+04  0.57072697109940E+06  0.27881518161594E+07  0.16880696613396E+05  0.31845288302255E+05  0.20813129764954E+03  0.18516582719566E+06  0.80979505144176E+06  0.24048810504894E+05  0.75939038255252E+04 -0.17987920174622E+05  0.45348519076116E+05  0.20743081372236E+05  0.64749186131415E+05
  -0.67343751860001E+05  0.17412371429948E+05 -0.26716776439409E+04 -0.19226146911860E+05  0.34612424624136E+04 -0.18712843443892E+04 -0.25370288312073E+04 -0.36893730439938E+05  0.91342282748752E+04  0.12653003523403E+04 -0.24073163004925E+03  0.24844238209243E+03  0.12964497377967E+02  0.11013740970620E+01  0.46419326112724E+02  0.50102442802935E+01  0.11303884935729E+02 -0.13276580030497E+02  0.18234743309842E+06  0.30164720997561E+04  0.10278702610917E+04  0.45216477628216E+03  0.22449878204246E+03  0.19407881195440E+03 -0.27232264067179E+03  0.38008979780212E+04  0.00000000000000E+00  0.25995886468222E+04  0.00000000000000E+00  0.00000000000000E+00  0.41078081774865E+05  0.00000000000000E+00  0.00000000000000E+00  0.00000000000000E+00  0.00000000000000E+00  0.61383283101589E+04  0.00000000000000E+00  0.00000000000000E+00  0.00000000000000E+00 -0.17422373010093E+04  0.00000000000000E+00  0.41811271706289E+04
  -0.29579177830889E+05  0.86393727774210E+04 -0.11939238434906E+04 -0.78141827856313E+04  0.15427975437283E+04 -0.38456037587457E+03 -0.91723914672222E+03 -0.72919340350422E+04  0.14294134290990E+04  0.34795963633565E+03 -0.52136920988247E+02  0.23863476567527E+02  0.17143806867868E+01 -0.34515669627635E-01  0.61498656816278E+02 -0.95106269446070E+01  0.57927834242401E+02  0.36630091743219E+02  0.94683997599721E+05  0.10278702610917E+04  0.44792984382466E+03  0.21806794814501E+03  0.11475766472069E+03  0.15751290983623E+03  0.77729444381023E+02  0.17467178730216E+04  0.00000000000000E+00  0.67557996035390E+03  0.00000000000000E+00  0.00000000000000E+00  0.15493186182768E+05  0.00000000000000E+00  0.00000000000000E+00  0.00000000000000E+00  0.00000000000000E+00  0.31149571393736E+04  0.00000000000000E+00  0.00000000000000E+00  0.00000000000000E+00 -0.50634433088475E+03  0.00000000000000E+00  0.87282698373968E+03
  -0.14283096355879E+05  0.45452924055656E+04 -0.58177167872149E+03 -0.34172148967969E+04  0.71085496866193E+03 -0.33221638092618E+02 -0.34385506267409E+03 -0.19701229113451E+04  0.32947935310479E+03  0.11532885126373E+03 -0.14691273123912E+02  0.19772295884247E+00  0.27650306392986E-01 -0.16162289180335E-01  0.29108586403174E+02 -0.56924293821666E+01  0.24237454334446E+02  0.18047053330242E+02  0.50499578874435E+05  0.45216477628216E+03  0.21806794814501E+03  0.11292618894518E+03  0.61960530139808E+02  0.10037307927218E+03  0.91530505905819E+02  0.85764331729145E+03  0.00000000000000E+00  0.19777750064679E+03  0.00000000000000E+00  0.00000000000000E+00  0.67630147750453E+04  0.00000000000000E+00  0.00000000000000E+00  0.00000000000000E+00  0.00000000000000E+00  0.16227212531707E+04  0.00000000000000E+00  0.00000000000000E+00  0.00000000000000E+00 -0.16636461842555E+03  0.00000000000000E+00  0.26035028256335E+03
  -0.73769657418995E+04  0.25074701166717E+04 -0.30203636615074E+03 -0.16236029014215E+04  0.34671019167855E+03  0.30032333077357E+02 -0.13999867724689E+03 -0.67035588999301E+03  0.10304978570396E+03  0.44125982612881E+02 -0.50779360933250E+01 -0.76852046017674E+00 -0.75784406533514E-01 -0.55968719995069E-02  0.13147573140826E+02 -0.28846286927503E+01  0.90649233755684E+01  0.77012391331573E+01  0.28025977792579E+05  0.22449878204246E+03  0.11475766472069E+03  0.61960530139808E+02  0.35063986538089E+02  0.60833023203407E+02  0.63598143064611E+02  0.44467461033043E+03  0.00000000000000E+00  0.60694799702015E+02  0.00000000000000E+00  0.00000000000000E+00  0.32724442188511E+04  0.00000000000000E+00  0.00000000000000E+00  0.00000000000000E+00  0.00000000000000E+00  0.86611405510145E+03  0.00000000000000E+00  0.00000000000000E+00  0.00000000000000E+00 -0.58017271621643E+02  0.00000000000000E+00  0.97374612669773E+02
  -0.19922228574438E+05  0.88548901204618E+04 -0.86281314444352E+03 -0.15508875536663E+04  0.55123577067011E+03  0.72395168204229E+03  0.16396503389539E+03  0.69370903818850E+04 -0.16355421480705E+04 -0.19926970597780E+03  0.47064055872202E+02  0.45688907479479E+02  0.57384275696770E+01 -0.64864318294647E-02 -0.23749710570392E+02 -0.61805982039784E+01 -0.84413556240112E+02 -0.29050942530956E+02  0.65415044653348E+05  0.19407881195440E+03  0.15751290983623E+03  0.10037307927218E+03  0.60833023203407E+02  0.39291420519193E+03  0.69364352306914E+03  0.16131925393937E+04 -0.47707834472134E+02 -0.27476640792395E+02  0.29568138344628E+01  0.96313494483450E+03  0.58883674729957E+03  0.00000000000000E+00  0.00000000000000E+00  0.00000000000000E+00  0.24020440338007E+04  0.29692299660293E+04  0.00000000000000E+00  0.00000000000000E+00  0.00000000000000E+00 -0.26398750651040E+02 -0.35442828004625E+03 -0.36878206240566E+03
  -0.10249703303866E+05  0.97392636707072E+04 -0.60657819380763E+03  0.22054721600132E+04  0.30545897943834E+03  0.23399152359860E+04  0.11029922265119E+04  0.35484600127154E+05 -0.86826476719207E+04 -0.10357745868632E+04  0.23562147941198E+03  0.25155850781447E+03  0.27818431030826E+02 -0.92712964504449E-02 -0.13894144672766E+03 -0.15071200107542E+02 -0.27550489717327E+03 -0.82732743510295E+02  0.76168511357957E+05 -0.27232264067179E+03  0.77729444381023E+02  0.91530505905819E+02  0.63598143064611E+02  0.69364352306914E+03  0.17564042874180E+04  0.15811456941003E+04 -0.15034772569109E+03 -0.10210681589202E+03 -0.41208041681723E+02 -0.55671908019478E+04 -0.98378796636850E+04  0.00000000000000E+00  0.00000000000000E+00  0.00000000000000E+00  0.33939166265759E+04  0.40901619133040E+04  0.00000000000000E+00  0.00000000000000E+00  0.00000000000000E+00 -0.40151272312147E+02 -0.20042317976943E+04 -0.20695389491212E+04
  -0.22951956147512E+06  0.66815167870748E+05 -0.93323963704022E+04 -0.39840573396187E+05  0.83302037719614E+04 -0.10535809307943E+04 -0.44815978510712E+04 -0.28841552348991E+05  0.45733046919635E+04  0.17750636776844E+04 -0.21779159157110E+03 -0.49826859736280E+02 -0.97600570855344E+01  0.12168302353727E-01  0.75235267884852E+03 -0.15987860763647E+03  0.60552088436142E+03  0.48756709911871E+03  0.47973625842440E+06  0.38008979780212E+04  0.17467178730216E+04  0.85764331729145E+03  0.44467461033043E+03  0.16131925393937E+04  0.15811456941003E+04  0.16205002752221E+05  0.24856588155857E+03  0.12946609846177E+03 -0.62326890551794E+01  0.37556155608664E+05  0.60891062102091E+05  0.00000000000000E+00  0.00000000000000E+00  0.00000000000000E+00  0.15951325407778E+05  0.20063229931728E+05  0.00000000000000E+00  0.00000000000000E+00  0.00000000000000E+00 -0.78925172168367E+02  0.15382307292738E+04  0.15704864137635E+04
  -0.13114051314268E+06  0.16728307180096E+05 -0.48936174780119E+04 -0.12798498941231E+05  0.19717941450208E+04 -0.26946430209368E+04 -0.24226351291331E+04 -0.62652526294645E+05  0.11449655982907E+05  0.27314664328208E+04 -0.46371151163410E+03 -0.10219557615634E+04 -0.14776024484587E+03  0.51128935234702E-01 -0.29284855943339E+04  0.55776930918596E+03 -0.29425330340328E+04 -0.20757312209403E+04  0.34180649532474E+05  0.00000000000000E+00  0.00000000000000E+00  0.00000000000000E+00  0.00000000000000E+00 -0.47707834472134E+02 -0.15034772569109E+03  0.24856588155857E+03  0.11714614586909E+06  0.00000000000000E+00  0.00000000000000E+00  0.00000000000000E+00  0.00000000000000E+00  0.00000000000000E+00  0.00000000000000E+00  0.00000000000000E+00  0.00000000000000E+00  0.00000000000000E+00  0.00000000000000E+00  0.00000000000000E+00  0.00000000000000E+00  0.00000000000000E+00  0.00000000000000E+00  0.00000000000000E+00
  -0.55618325130159E+05  0.83202504075069E+04 -0.20838945312552E+04 -0.21235386670118E+05  0.33233786207573E+04 -0.41020320307917E+04 -0.37906081310819E+04 -0.49637685925475E+05  0.10686784634053E+05  0.18682175914389E+04 -0.34556372450163E+03 -0.32064891158619E-10 -0.11775730258258E-11  0.88915389831780E-13 -0.18992524009556E+04  0.34724983754604E+03 -0.18798047021734E+04 -0.12918198719521E+04  0.76891509115498E+05  0.25995886468222E+04  0.67557996035390E+03  0.19777750064679E+03  0.60694799702015E+02 -0.27476640792395E+02 -0.10210681589202E+03  0.12946609846177E+03  0.00000000000000E+00  0.64729931964225E+05  0.00000000000000E+00  0.00000000000000E+00  0.00000000000000E+00  0.00000000000000E+00  0.00000000000000E+00  0.00000000000000E+00  0.00000000000000E+00  0.00000000000000E+00  0.00000000000000E+00  0.00000000000000E+00  0.00000000000000E+00  0.00000000000000E+00  0.00000000000000E+00  0.00000000000000E+00
  -0.50700071384406E+04 -0.20666026673428E+03  0.26199729146704E+02 -0.76293125417131E+02 -0.56378665297962E+02  0.14720545683422E+03  0.13523680187616E+03 -0.70242565351845E+05  0.24664269257896E+05  0.73504219088368E+03 -0.33576893448372E+03 -0.65462729388196E+03 -0.25344518713369E+02 -0.43447465935747E+01 -0.25021783591568E+04  0.29500098925795E+03 -0.27050107334897E+04 -0.13556356929933E+04 -0.11944258083324E+04  0.00000000000000E+00  0.00000000000000E+00  0.00000000000000E+00  0.00000000000000E+00  0.29568138344628E+01 -0.41208041681723E+02 -0.62326890551794E+01  0.00000000000000E+00  0.00000000000000E+00  0.30770781510728E+05  0.00000000000000E+00  0.00000000000000E+00  0.00000000000000E+00  0.00000000000000E+00  0.00000000000000E+00  0.00000000000000E+00  0.00000000000000E+00  0.00000000000000E+00  0.00000000000000E+00  0.00000000000000E+00  0.00000000000000E+00  0.00000000000000E+00  0.00000000000000E+00
  -0.86544191792640E+06  0.21122573731569E+06 -0.33730773501605E+05 -0.66512879498944E+05  0.11569863418951E+05 -0.81513689182772E+04 -0.96122260286821E+04 -0.29312329030490E+06  0.66551453177138E+05  0.10919174173778E+05 -0.19966033694127E+04 -0.45742776353357E+04 -0.52770283110515E+03 -0.36339514748489E+00  0.19238355232006E+04 -0.14363360161838E+03  0.23126406526343E+04  0.10591009534605E+04  0.57072697109940E+06  0.00000000000000E+00  0.00000000000000E+00  0.00000000000000E+00  0.00000000000000E+00  0.96313494483450E+03 -0.55671908019478E+04  0.37556155608664E+05  0.00000000000000E+00  0.00000000000000E+00  0.00000000000000E+00  0.58139119926453E+06  0.00000000000000E+00  0.00000000000000E+00  0.00000000000000E+00  0.00000000000000E+00  0.00000000000000E+00  0.00000000000000E+00  0.00000000000000E+00  0.00000000000000E+00  0.00000000000000E+00  0.00000000000000E+00  0.00000000000000E+00  0.00000000000000E+00
  -0.11214306015898E+07  0.26728392523697E+06 -0.43957469143351E+05 -0.34346363443278E+06  0.61250707008268E+05 -0.39472959687532E+05 -0.49950332103411E+05 -0.57269485579245E+06  0.12574179753604E+06  0.22576977575304E+05 -0.39498976810552E+04  0.13236766145887E-09  0.12392864670667E-10  0.24993976111403E-11  0.43114609664680E+04 -0.48543192121256E+03  0.50025057425693E+04  0.27141307580989E+04  0.27881518161594E+07  0.41078081774865E+05  0.15493186182768E+05  0.67630147750453E+04  0.32724442188511E+04  0.58883674729957E+03 -0.98378796636850E+04  0.60891062102091E+05  0.00000000000000E+00  0.00000000000000E+00  0.00000000000000E+00  0.00000000000000E+00  0.91993206501384E+06  0.00000000000000E+00  0.00000000000000E+00  0.00000000000000E+00  0.00000000000000E+00  0.00000000000000E+00  0.00000000000000E+00  0.00000000000000E+00  0.00000000000000E+00  0.00000000000000E+00  0.00000000000000E+00  0.00000000000000E+00
  -0.20973331756816E+05  0.57740761301519E+04 -0.85068710418121E+03 -0.13357990350574E+04  0.30628440665771E+03  0.22428660395086E+02 -0.14425916831623E+03 -0.74220061811481E+05  0.22977883480778E+05  0.14982164974652E+04 -0.42163152286761E+03 -0.21283155650155E+04 -0.13226237663652E+03 -0.19228942287100E+01 -0.15125847657506E+04  0.16298744968093E+03 -0.13523967448196E+04 -0.68760378597233E+03  0.16880696613396E+05  0.00000000000000E+00  0.00000000000000E+00  0.00000000000000E+00  0.00000000000000E+00  0.00000000000000E+00  0.00000000000000E+00  0.00000000000000E+00  0.00000000000000E+00  0.00000000000000E+00  0.00000000000000E+00  0.00000000000000E+00  0.00000000000000E+00  0.14389361476487E+05  0.00000000000000E+00  0.00000000000000E+00  0.00000000000000E+00  0.00000000000000E+00  0.00000000000000E+00  0.00000000000000E+00  0.00000000000000E+00  0.00000000000000E+00  0.00000000000000E+00  0.00000000000000E+00
  -0.47767518944053E+05  0.13332551233017E+05 -0.19458148419534E+04 -0.25120381632196E+04  0.55401382725260E+03  0.42486230585061E+01 -0.26487321269434E+03 -0.16795652340233E+06  0.52068680214749E+05  0.33335495800712E+04 -0.95449790415996E+03 -0.60579045568522E+02 -0.15657956705291E+02 -0.23911450684538E-05 -0.30459696332562E+04  0.32645858018783E+03 -0.27364449507958E+04 -0.13913632090079E+04  0.31845288302255E+05  0.00000000000000E+00  0.00000000000000E+00  0.00000000000000E+00  0.00000000000000E+00  0.00000000000000E+00  0.00000000000000E+00  0.00000000000000E+00  0.00000000000000E+00  0.00000000000000E+00  0.00000000000000E+00  0.00000000000000E+00  0.00000000000000E+00  0.00000000000000E+00  0.32101720762436E+05  0.00000000000000E+00  0.00000000000000E+00  0.00000000000000E+00  0.00000000000000E+00  0.00000000000000E+00  0.00000000000000E+00  0.00000000000000E+00  0.00000000000000E+00  0.00000000000000E+00
  -0.31743229013598E+04  0.42133667389408E+03 -0.10509791170299E+03 -0.69516806806082E+02  0.87230923925319E+01 -0.18193968154891E+02 -0.12718286967481E+02 -0.14161007156771E+04  0.19362743404174E+03  0.43678017244566E+02 -0.10914856595271E+02 -0.72469338812331E+02 -0.57883425575705E+01 -0.94669641891602E-01 -0.74056320870610E+03  0.84728984402697E+02 -0.66604974195288E+03 -0.36758422725143E+03  0.20813129764954E+03  0.00000000000000E+00  0.00000000000000E+00  0.00000000000000E+00  0.00000000000000E+00  0.00000000000000E+00  0.00000000000000E+00  0.00000000000000E+00  0.00000000000000E+00  0.00000000000000E+00  0.00000000000000E+00  0.00000000000000E+00  0.00000000000000E+00  0.00000000000000E+00  0.00000000000000E+00  0.37904844307767E+04  0.00000000000000E+00  0.00000000000000E+00  0.00000000000000E+00  0.00000000000000E+00  0.00000000000000E+00  0.00000000000000E+00  0.00000000000000E+00  0.00000000000000E+00
  -0.20378835891828E+06  0.63883019056492E+05 -0.84017662203595E+04 -0.11784812957827E+05  0.28073191687036E+04  0.51466232613202E+03 -0.92663162214084E+03 -0.56612365912676E+04  0.62779932105369E+03  0.54324254460542E+03 -0.44673149068076E+02 -0.14583356474242E+00 -0.10478557325022E+00  0.23496214700386E-15  0.31540587697292E+03 -0.85637796826690E+02  0.84069553231436E+02  0.13001413067831E+03  0.18516582719566E+06  0.00000000000000E+00  0.00000000000000E+00  0.00000000000000E+00  0.00000000000000E+00  0.24020440338007E+04  0.33939166265759E+04  0.15951325407778E+05  0.00000000000000E+00  0.00000000000000E+00  0.00000000000000E+00  0.00000000000000E+00  0.00000000000000E+00  0.00000000000000E+00  0.00000000000000E+00  0.00000000000000E+00  0.10571973246901E+06  0.00000000000000E+00  0.00000000000000E+00  0.00000000000000E+00  0.00000000000000E+00  0.00000000000000E+00  0.00000000000000E+00  0.00000000000000E+00
  -0.23087536073699E+06  0.71998358139320E+05 -0.95110002925123E+04 -0.52681794420494E+05  0.12423742517524E+05  0.20518076539282E+04 -0.42888246131869E+04 -0.11214162456845E+05  0.12717573390447E+04  0.10393389384982E+04 -0.88406526946687E+02 -0.37816495862885E-10 -0.30770444824700E-12  0.52263456301198E-13  0.56109998582311E+03 -0.15030923511711E+03  0.16772346197313E+03  0.24107368730446E+03  0.80979505144176E+06  0.61383283101589E+04  0.31149571393736E+04  0.16227212531707E+04  0.86611405510145E+03  0.29692299660293E+04  0.40901619133040E+04  0.20063229931728E+05  0.00000000000000E+00  0.00000000000000E+00  0.00000000000000E+00  0.00000000000000E+00  0.00000000000000E+00  0.00000000000000E+00  0.00000000000000E+00  0.00000000000000E+00  0.00000000000000E+00  0.13857213695290E+06  0.00000000000000E+00  0.00000000000000E+00  0.00000000000000E+00  0.00000000000000E+00  0.00000000000000E+00  0.00000000000000E+00
  -0.90105493678807E+04  0.24038047217181E+04 -0.36020139367111E+03 -0.24252427701258E+04  0.44643051768579E+03 -0.22590243854058E+03 -0.33668276452736E+03  0.49252848695758E+03 -0.13167868823657E+04  0.12164721196519E+03 -0.11789949810430E+02 -0.15624767255385E+01 -0.16189918355540E+00 -0.11142517857219E-02 -0.30107756878191E+04  0.47943703711429E+03 -0.28462340436582E+04 -0.18500238433102E+04  0.24048810504894E+05  0.00000000000000E+00  0.00000000000000E+00  0.00000000000000E+00  0.00000000000000E+00  0.00000000000000E+00  0.00000000000000E+00  0.00000000000000E+00  0.00000000000000E+00  0.00000000000000E+00  0.00000000000000E+00  0.00000000000000E+00  0.00000000000000E+00  0.00000000000000E+00  0.00000000000000E+00  0.00000000000000E+00  0.00000000000000E+00  0.00000000000000E+00  0.81319069057689E+04  0.00000000000000E+00  0.00000000000000E+00  0.00000000000000E+00  0.00000000000000E+00  0.00000000000000E+00
  -0.31896211880326E+04  0.76312933640755E+03 -0.12601801698112E+03 -0.94549388100177E+03  0.16652851907754E+03 -0.11939282929940E+03 -0.14358625430416E+03  0.35025628561281E+03 -0.71886008030679E+03  0.54699964426893E+02 -0.56717419540992E+01 -0.67705646178340E+00 -0.63701595720057E-01 -0.61909200163744E-03 -0.15821670632573E+04  0.23385758995975E+03 -0.15327030609948E+04 -0.95361041644915E+03  0.75939038255252E+04  0.00000000000000E+00  0.00000000000000E+00  0.00000000000000E+00  0.00000000000000E+00  0.00000000000000E+00  0.00000000000000E+00  0.00000000000000E+00  0.00000000000000E+00  0.00000000000000E+00  0.00000000000000E+00  0.00000000000000E+00  0.00000000000000E+00  0.00000000000000E+00  0.00000000000000E+00  0.00000000000000E+00  0.00000000000000E+00  0.00000000000000E+00  0.00000000000000E+00  0.41841448162817E+04  0.00000000000000E+00  0.00000000000000E+00  0.00000000000000E+00  0.00000000000000E+00
