# fitpack15: fit parameters                                                                         
# CJ15 AV18 final data choices                                                                      
# Created on 06/12/2019 at 17:38:01                                                                 

 # QCD setup
  INS                           0
  NVL                          11
  IORD                          1
  Q02                   1.6899999999999999     
  IPARAMC                       7
  FLAVOR                4.0000000000000000     
  xmc                   1.3000000000000000     
  xmb                   4.5000000000000000     
  ncb                          12
  ihq                           1
  ias                           0

 # Theory corrections
  inuke                     10914
  itmc                          1
  iht                           1

 # fit parameters
 LAMBDA       0.22680        0.0000    
 a0uv          2.1875        0.0000    
 a1uv         0.59314       0.21647E-01
 a2uv          3.5533       0.11690E-01
 a3uv          0.0000        0.0000    
 a4uv          3.9392       0.51730    
 a5uv          0.0000        0.0000    
 a0dv          25.312        0.0000    
 a1dv          1.1619       0.32693E-01
 a2dv          6.6014       0.15948    
 a3dv         -3.5273       0.84886E-01
 a4dv          4.6998       0.14242    
 a5dv          0.0000        0.0000    
 a0ud         0.14443       0.50059E-02
 a1ud        -0.20918       0.37779E-02
 a2ud          8.3514       0.19454    
 a3ud          0.0000        0.0000    
 a4ud          14.796        1.2607    
 a5ud          0.0000        0.0000    
 a0du          35712.        0.0000    
 a1du          4.0967       0.95791E-01
 a2du          20.298        1.0263    
 a3du          17.000        0.0000    
 a4du          59.491        14.097    
 a0g           47.326        0.0000    
 a1g          0.60939       0.30433E-01
 a2g           6.3109       0.86358    
 a3g          -3.3946       0.12600    
 a4g           3.3105       0.30006    
 a5g           0.0000        0.0000    
 kappa        0.40000        0.0000    
 a6dv        -0.37910E-02   0.65066E-03
 a7dv          2.0000        0.0000    
 off1         -2.8351        2.2332    
 off2         0.18102       0.32586    
 off3         0.27067       0.37020    
 ht1          -3.3080       0.27691    
 ht2           1.9471       0.11480    
 ht3          -2.1037       0.29512E-01
 ht4           0.0000        0.0000    
 dummy41       0.0000        0.0000    
 dummy42       0.0000        0.0000    
 dummy43       0.0000        0.0000    
 dummy44       0.0000        0.0000    
 dummy45       0.0000        0.0000    
 dummy46       0.0000        0.0000    
 dummy47       0.0000        0.0000    
 dummy48       0.0000        0.0000    
 dummy49       0.0000        0.0000    
 bcdmsh2      0.97067       0.48655E-02
 bcdmsd2      0.99111       0.58192E-02
 ccfr          1.0000        0.0000    
 nutev         1.0000        0.0000    
 zeus         0.97998        0.0000    
 h1            1.0162        0.0000    
 e605          1.0319        0.0000    
 NmcH2         1.0074       0.71336E-02
 ntv_nu        1.0000        0.0000    
 ntv_nubar     1.0000        0.0000    
 cdf_jet      0.98910        0.0000    
 d0_jet       0.83504        0.0000    
 slac_p        1.0029       0.48695E-02
 slac_d        1.0021       0.52767E-02
 e866pp       0.97385       0.19419E-01
 e866pd       0.95939       0.16309E-01
 d0_gamjet     1.0388       0.16504E-01
 h1b          0.97608        0.0000    
 jlab_p       0.99483       0.58277E-02
 jlab_d       0.97515       0.59308E-02
 blank         1.0000        0.0000    
 d0run2       0.95020       0.14892E-01
 cdfrun2      0.93477       0.17602E-01
 HERA_el       1.0000        0.0000    
 HERA_ps       1.0000        0.0000    
 CDF_Z        0.95907       0.67276E-02
 NmcRat        1.0000        0.0000    
 BNS_F2nd     0.97861       0.73623E-02
 HERMES_F2p   0.99600       0.56248E-02
 HERMES_F2d   0.97829       0.58256E-02
 END 0. 0.

 # Hessian matrix (Bevington alpha)
   0.50408110877547E+07 -0.13126050905108E+07  0.21492077442901E+06  0.48839880171226E+06 -0.12490718800336E+06 -0.26809926519405E+05  0.54451430991298E+05  0.93274099120927E+06 -0.17544845791687E+06 -0.48604413300622E+05  0.74211213539585E+04  0.14133801729075E+05  0.15583803763328E+04 -0.98610288371113E+02  0.88974566329116E+04 -0.22799555904217E+04  0.12081781316196E+05  0.87433098556995E+04 -0.77775851300288E+07 -0.26302620669912E+04 -0.10011091592415E+05 -0.31989587912835E+05 -0.19888535926477E+05 -0.10005636632581E+05 -0.22738736674579E+06 -0.12922510539493E+06 -0.54744694164612E+05 -0.47233970067923E+04 -0.85411772032246E+06 -0.11060793124134E+07 -0.20811725378377E+05 -0.47203331707373E+05 -0.31284406908833E+04 -0.20157787490456E+06 -0.22796809256886E+06 -0.89689635998757E+04 -0.31759882638566E+04 -0.16510482175463E+05  0.16735716768157E+05 -0.72272814207846E+05 -0.56941589453629E+05
  -0.13126050905108E+07  0.41576106314152E+06 -0.57500382001768E+05 -0.13585498211486E+06  0.34293789062947E+05  0.99027065448891E+04 -0.11771980716522E+05 -0.12320967251870E+06  0.26334994574324E+05  0.73829491155777E+04 -0.92597135069952E+03 -0.11257562475949E+04 -0.12771603830411E+03  0.11925597993016E+02  0.77640782784975E+03 -0.75159934995993E+02  0.25958938424280E+03  0.16204693880045E+03  0.26348047767957E+07  0.90035051208665E+03  0.33535766906388E+04  0.97143176121602E+04  0.89062526278898E+04  0.96802645475472E+04  0.66570512540482E+05  0.16664003557948E+05  0.82598456943886E+04 -0.22024006443215E+03  0.21020616700478E+06  0.26594033590408E+06  0.57775500887313E+04  0.13283325515833E+05  0.42040708682891E+03  0.63577243015650E+05  0.71574740160271E+05  0.24025706343100E+04  0.76380494095377E+03 -0.22539627381223E+04 -0.22739465017647E+04  0.86317813339882E+04  0.72671458575042E+04
   0.21492077442901E+06 -0.57500382001768E+05  0.92451116910077E+04  0.20867553079208E+05 -0.54333494591116E+04 -0.13842561254724E+04  0.22573728166520E+04  0.29595816686124E+05 -0.54078252492110E+04 -0.18128001163393E+04  0.23961048453708E+03  0.41587354769781E+03  0.52221452096322E+02 -0.40570352165757E+01 -0.32888178102077E+03 -0.96077116713713E+01 -0.17329594097782E+03 -0.14438710696512E+02 -0.34336400188147E+06 -0.11557278206010E+03 -0.45750555862263E+03 -0.13967506645106E+04 -0.92965977392585E+03 -0.65702385801795E+03 -0.98960078337243E+04 -0.51116039307079E+04 -0.21764542800697E+04  0.35665979870524E+02 -0.35525685680590E+05 -0.46259758595361E+05 -0.90280466747241E+03 -0.20569152402041E+04 -0.10965765308143E+03 -0.89114731814764E+04 -0.10069268456314E+05 -0.38290399043918E+03 -0.13376316460609E+03 -0.14167987504267E+02  0.66789113246857E+03 -0.23979599797366E+04 -0.19401514930228E+04
   0.48839880171226E+06 -0.13585498211486E+06  0.20867553079208E+05  0.39720776100100E+06 -0.61689500063184E+05  0.76847741369275E+05  0.65173255688940E+05  0.35063890966099E+06 -0.26644248014686E+05 -0.18029626923410E+05  0.33033465108287E+04 -0.13662483877740E+04 -0.14520315536843E+03  0.50699351228495E+02  0.31670541450004E+05 -0.40470587881178E+04  0.30130676892687E+05  0.17057854058621E+05 -0.22852793870232E+07 -0.51832304861987E+03 -0.33207709195706E+04 -0.87517719648870E+04 -0.15334551118888E+04  0.22594474761138E+04 -0.39800353822082E+05 -0.12750908982705E+05 -0.21135793365255E+05 -0.66622744798373E+02 -0.66031689040182E+05 -0.34151370354052E+06 -0.13433705861299E+04 -0.24944585587015E+04 -0.70101179919622E+02 -0.11747193059252E+05 -0.52534062915943E+05 -0.24300726489692E+04 -0.94875341750659E+03 -0.97388692068399E+04 -0.15970792388996E+05 -0.72160238258506E+04 -0.21357334346203E+05
  -0.12490718800336E+06  0.34293789062947E+05 -0.54333494591116E+04 -0.61689500063184E+05  0.11322715110406E+05 -0.78702442383153E+04 -0.93366856553501E+04 -0.32535377029034E+05  0.49081225445392E+03  0.23332701859386E+04 -0.33308557878923E+03 -0.14745377202382E+02  0.51285223158329E+01 -0.44855783860596E+01 -0.26749586533721E+04  0.35061848535720E+03 -0.24684631425888E+04 -0.14194495288724E+04  0.49000899849391E+06  0.12058466917916E+03  0.84489666711026E+03  0.18790869903826E+04  0.58447919159487E+03  0.33777472858919E+03  0.85372436192979E+04  0.19784245856421E+04  0.33376768423752E+04 -0.56833038954157E+02  0.11750470975601E+05  0.62150061483785E+05  0.31542353964343E+03  0.56459012937422E+03  0.88866695993670E+01  0.28856619163743E+04  0.12773750485328E+05  0.45749980039085E+03  0.17029853433625E+03  0.37550175517862E+03  0.25200958343402E+04  0.81137820139835E+03  0.25006632979950E+04
  -0.26809926519405E+05  0.99027065448891E+04 -0.13842561254724E+04  0.76847741369275E+05 -0.78702442383153E+04  0.25457382484118E+05  0.15239214400972E+05  0.10846658351248E+06 -0.99722354468778E+04 -0.46179430589666E+04  0.10035498644284E+04 -0.68940561611667E+03 -0.64709050130192E+02  0.17479427082431E+02  0.98562283150334E+04 -0.12913115191086E+04  0.95313995166904E+04  0.54725212221954E+04 -0.59592762851761E+05  0.25487333549986E+02  0.63368977841744E+02 -0.35828321574764E+03  0.72556728112923E+03  0.23989992836681E+04 -0.15291869870737E+04 -0.28458320152047E+04 -0.43507417731196E+04  0.15860103989144E+03 -0.88862289676619E+04 -0.43369425533916E+05  0.58178910574204E+01 -0.23804123221495E+02 -0.19050831683418E+02  0.39138622268316E+03  0.15104873098233E+04 -0.25806865367585E+03 -0.13205254971514E+03 -0.31658849552326E+04 -0.34802447629436E+04 -0.18875718728176E+04 -0.54230835458394E+04
   0.54451430991298E+05 -0.11771980716522E+05  0.22573728166520E+04  0.65173255688940E+05 -0.93366856553501E+04  0.15239214400972E+05  0.11778688457100E+05  0.59680127986097E+05 -0.32466448794494E+04 -0.32678928956777E+04  0.58212258838654E+03 -0.22483065083971E+03 -0.26037581449498E+02  0.90885454073213E+01  0.50631827013945E+04 -0.67732657897304E+03  0.47461445081338E+04  0.27645079635399E+04 -0.25283254993110E+06 -0.39597943205168E+02 -0.43578968673444E+03 -0.11029976977028E+04  0.14863339965944E+03  0.11106102474969E+04 -0.48560953423390E+04 -0.25090516083121E+04 -0.39332515384801E+04  0.13957712744691E+03 -0.10095942365459E+05 -0.52538420415207E+05 -0.15877921917283E+03 -0.28651195016876E+03 -0.13229322262628E+02 -0.10371887656663E+04 -0.47753627905558E+04 -0.35962529963658E+03 -0.15227357115329E+03 -0.13378883111945E+04 -0.32315221079174E+04 -0.11607084328859E+04 -0.34546329628980E+04
   0.93274099120927E+06 -0.12320967251870E+06  0.29595816686124E+05  0.35063890966099E+06 -0.32535377029034E+05  0.10846658351248E+06  0.59680127986097E+05  0.51124976349786E+07 -0.23429576288940E+07 -0.85766972457994E+05  0.25985310012969E+05  0.24309654144597E+05  0.16273092916202E+04  0.82211012573261E+02  0.85829819138343E+05 -0.11307221256115E+05  0.94703325304558E+05  0.51454943989897E+05 -0.59410066811161E+06 -0.57417733458700E+03  0.15583028647776E+05  0.17669034430937E+04  0.70262432323760E+04  0.35488285670892E+05 -0.28991726511900E+05 -0.61397355517991E+05 -0.49003140321968E+05 -0.68490060640678E+05 -0.28671037058673E+06 -0.56440456260992E+06 -0.73246404082098E+05 -0.16490623968866E+06 -0.13743720544169E+04 -0.57631196941514E+04 -0.11345085150302E+05  0.39190087845693E+03  0.30632447945382E+03 -0.26669394836547E+06 -0.85798655952417E+04 -0.14019532848783E+06 -0.17265999627221E+06
  -0.17544845791687E+06  0.26334994574324E+05 -0.54078252492110E+04 -0.26644248014686E+05  0.49081225445392E+03 -0.99722354468778E+04 -0.32466448794494E+04 -0.23429576288940E+07  0.19239803446001E+07  0.18918051784913E+05 -0.64786958897638E+04 -0.51644604036746E+04 -0.28312986686096E+03 -0.10881683700130E+02  0.49696352187215E+05 -0.24635523761430E+04  0.18080864511475E+05  0.89671631164712E+04 -0.24801355217801E+05  0.18012838811812E+03 -0.55196214286046E+04 -0.16298301688378E+04 -0.16914025796982E+04 -0.88564938886547E+04  0.46571282535959E+04  0.11404086032082E+05  0.10729241717506E+05  0.24425094392091E+05  0.66035585906358E+05  0.12575505552239E+06  0.23049070678852E+05  0.51974920748003E+05  0.18781081102077E+03  0.64032376183613E+03  0.12898420251887E+04 -0.12923401001446E+04 -0.70923181519382E+03  0.11197244131777E+06  0.15592767550197E+04  0.44628612062255E+05  0.54440265908396E+05
  -0.48604413300622E+05  0.73829491155777E+04 -0.18128001163393E+04 -0.18029626923410E+05  0.23332701859386E+04 -0.46179430589666E+04 -0.32678928956777E+04 -0.85766972457994E+05  0.18918051784913E+05  0.25953422599844E+04 -0.62771314117090E+03 -0.61626442633974E+03 -0.53817356485345E+02 -0.15094738092278E+01 -0.40591860683854E+04  0.51888506039685E+03 -0.39103401794162E+04 -0.22284862491870E+04  0.57441774860494E+05  0.17459958193316E+02 -0.18192625651601E+03  0.21812302388765E+03 -0.20315762003254E+03 -0.10462606078039E+04  0.18103207719236E+04  0.27194847190525E+04  0.18718934264687E+04  0.73072906472180E+03  0.10889573364674E+05  0.22646217694931E+05  0.15073210924195E+04  0.33338934731214E+04  0.43282292639631E+02  0.55984429672278E+03  0.10663788667031E+04  0.12434464393733E+03  0.55788027090926E+02  0.30869488026446E+04  0.43173938552563E+03  0.27963320443775E+04  0.35287994426777E+04
   0.74211213539585E+04 -0.92597135069952E+03  0.23961048453708E+03  0.33033465108287E+04 -0.33308557878923E+03  0.10035498644284E+04  0.58212258838654E+03  0.25985310012969E+05 -0.64786958897638E+04 -0.62771314117090E+03  0.17695227576046E+03  0.18110145684034E+03  0.13133411201070E+02  0.57834535088541E+00  0.12766909758282E+04 -0.14724108265918E+03  0.11855253971824E+04  0.64983017736973E+03 -0.65226221622554E+04 -0.33943516754841E+01  0.85610961227721E+02 -0.37293942400272E+01  0.50280276699380E+02  0.24847004945013E+03 -0.23249593763519E+03 -0.48133592978693E+03 -0.36073583326439E+03 -0.34178812870931E+03 -0.20664868968728E+04 -0.41203087626916E+04 -0.43742463711869E+03 -0.98507477763204E+03 -0.11200532376560E+02 -0.48475310403427E+02 -0.95308183476197E+02 -0.13073853122693E+02 -0.62523345185439E+01 -0.11530800553607E+04 -0.67146297004255E+02 -0.83522274492396E+03 -0.10363486464894E+04
   0.14133801729075E+05 -0.11257562475949E+04  0.41587354769781E+03 -0.13662483877740E+04 -0.14745377202382E+02 -0.68940561611667E+03 -0.22483065083971E+03  0.24309654144597E+05 -0.51644604036746E+04 -0.61626442633974E+03  0.18110145684034E+03  0.13967845540700E+04  0.92675042495161E+02 -0.12548122123128E+01  0.13063119999052E+04 -0.19044176338984E+03  0.15516294054404E+04  0.89745923457576E+03 -0.57065933195518E+04  0.14725805483320E+01 -0.14134565666583E+03 -0.57695529105078E+02  0.48672045961888E+02  0.26248119706041E+03 -0.53764240639984E+02 -0.10516983455273E+04  0.18662599488952E-10 -0.64556045425164E+03 -0.46542954462225E+04 -0.33896202649388E-09 -0.21491259320778E+04 -0.65671638469012E+02 -0.72849407623401E+02 -0.18242919046370E+00 -0.43481849475569E-10 -0.15938644326633E+01 -0.68816821900086E+00  0.24945050943946E+03  0.28684256058499E+03 -0.25094419815138E+04  0.15281132643414E-09
   0.15583803763328E+04 -0.12771603830411E+03  0.52221452096322E+02 -0.14520315536843E+03  0.51285223158329E+01 -0.64709050130192E+02 -0.26037581449498E+02  0.16273092916202E+04 -0.28312986686096E+03 -0.53817356485345E+02  0.13133411201070E+02  0.92675042495161E+02  0.82563557689744E+01 -0.15060064145878E+00  0.73568575378222E+02 -0.12931888781827E+02  0.93824004657926E+02  0.58802589350192E+02 -0.26900715426749E+03 -0.12782579729066E+00 -0.47605037932339E+01 -0.12778228852724E+01  0.60593485103601E+01  0.28848537408026E+02 -0.10335417603862E+02 -0.15094303963586E+03  0.24424473068765E-11 -0.25423165640842E+02 -0.53661714742661E+03 -0.12685016343481E-10 -0.13456209043633E+03 -0.16519407854307E+02 -0.58516850211968E+01 -0.12023121081442E+00  0.21311008738187E-11 -0.16569670554932E+00 -0.65054032065648E-01  0.25164318973508E+02  0.62033482914999E+02 -0.18028927305081E+03  0.18995876426201E-10
  -0.98610288371113E+02  0.11925597993016E+02 -0.40570352165757E+01  0.50699351228495E+02 -0.44855783860596E+01  0.17479427082431E+02  0.90885454073213E+01  0.82211012573261E+02 -0.10881683700130E+02 -0.15094738092278E+01  0.57834535088541E+00 -0.12548122123128E+01 -0.15060064145878E+00  0.39229511830123E-01  0.12464507318346E+02 -0.96619527430476E+00  0.84686191903552E+01  0.40265349110799E+01 -0.73298567195975E+02  0.68666065750596E-01 -0.14728934484820E+01 -0.82697251472704E+00 -0.63045166847967E-02 -0.11458656973858E-02  0.13260569214258E-01  0.58787688928637E-01 -0.22488556371219E-12 -0.49167457262520E+01 -0.47752333329348E+00 -0.28429448601156E-11 -0.23558978881226E+01 -0.44201295172366E-05 -0.10896287390495E+00 -0.23676289062327E-13 -0.59923025577315E-13 -0.12913786662446E-02 -0.71642298275352E-03 -0.16066811103511E+01  0.92595495967081E-05 -0.22574828316517E+01  0.62397826395390E-12
   0.88974566329116E+04  0.77640782784975E+03 -0.32888178102077E+03  0.31670541450004E+05 -0.26749586533721E+04  0.98562283150334E+04  0.50631827013945E+04  0.85829819138343E+05  0.49696352187215E+05 -0.40591860683854E+04  0.12766909758282E+04  0.13063119999052E+04  0.73568575378222E+02  0.12464507318346E+02  0.50550000683006E+05 -0.48858285392651E+04  0.39869242561366E+05  0.21025683249191E+05 -0.57031022408720E+05 -0.12392262475064E+01  0.21144053411912E+03  0.15938098578344E+03 -0.26025532637896E+02 -0.14386263669809E+03  0.73671746022417E+03 -0.28619203062645E+04 -0.18693072649457E+04 -0.24922831427195E+04  0.19218741835399E+04  0.42653643265770E+04 -0.15210082811853E+04 -0.30382263999758E+04 -0.73380678862189E+03  0.30368313234312E+03  0.54078954573698E+03 -0.29715744671570E+04 -0.15652506576722E+04 -0.22274144690024E+04  0.19744586594726E+03 -0.93905055622358E+03 -0.10603852614773E+04
  -0.22799555904217E+04 -0.75159934995993E+02 -0.96077116713713E+01 -0.40470587881178E+04  0.35061848535720E+03 -0.12913115191086E+04 -0.67732657897304E+03 -0.11307221256115E+05 -0.24635523761430E+04  0.51888506039685E+03 -0.14724108265918E+03 -0.19044176338984E+03 -0.12931888781827E+02 -0.96619527430476E+00 -0.48858285392651E+04  0.55462972874228E+03 -0.44075736714350E+04 -0.24198284445872E+04  0.70342400883511E+04 -0.40602040696496E+00 -0.35284310995193E+02 -0.26736943923176E+02 -0.67395745719644E+01 -0.16875866866704E+02 -0.16167802742544E+03  0.55983809333500E+03  0.35009509374240E+03  0.29355282829964E+03 -0.13987619522307E+03 -0.47578452410677E+03  0.16438388069780E+03  0.32629824995873E+03  0.84607543858203E+02 -0.87240464239846E+02 -0.15321298957376E+03  0.48466923976851E+03  0.23599679227198E+03 -0.37100505640850E+03 -0.36156065479129E+02  0.27340066807664E+03  0.30758110449145E+03
   0.12081781316196E+05  0.25958938424280E+03 -0.17329594097782E+03  0.30130676892687E+05 -0.24684631425888E+04  0.95313995166904E+04  0.47461445081338E+04  0.94703325304558E+05  0.18080864511475E+05 -0.39103401794162E+04  0.11855253971824E+04  0.15516294054404E+04  0.93824004657926E+02  0.84686191903552E+01  0.39869242561366E+05 -0.44075736714350E+04  0.35914360695737E+05  0.19462250991859E+05 -0.54581568092500E+05 -0.44175232868607E+01  0.25347142090294E+03  0.17996216445284E+03 -0.86882768158563E+02 -0.27679843007746E+03  0.62906607167549E+03 -0.30150856908731E+04 -0.19373795103321E+04 -0.27528593507641E+04  0.23418608351258E+04  0.50735617711312E+04 -0.13921706077961E+04 -0.27931059489334E+04 -0.67851484873481E+03  0.89705504481850E+02  0.17693160475585E+03 -0.29209756276944E+04 -0.15711508132723E+04  0.15934135402541E+04  0.26267446970544E+03 -0.18861485246973E+04 -0.21000055465559E+04
   0.87433098556995E+04  0.16204693880045E+03 -0.14438710696512E+02  0.17057854058621E+05 -0.14194495288724E+04  0.54725212221954E+04  0.27645079635399E+04  0.51454943989897E+05  0.89671631164712E+04 -0.22284862491870E+04  0.64983017736973E+03  0.89745923457576E+03  0.58802589350192E+02  0.40265349110799E+01  0.21025683249191E+05 -0.24198284445872E+04  0.19462250991859E+05  0.10687818829884E+05 -0.30611400829267E+05 -0.11395464756234E+01  0.15777596592475E+03  0.11398367600127E+03 -0.30024704531357E+02 -0.81972003968037E+02  0.50500790060960E+03 -0.21324483040974E+04 -0.13345510607492E+04 -0.13899517838177E+04  0.10825961082951E+04  0.27683151846995E+04 -0.71255846509905E+03 -0.14293173783809E+04 -0.37678758278357E+03  0.13396157191507E+03  0.24785082727428E+03 -0.19042116998498E+04 -0.98132264068581E+03  0.16807158264520E+04  0.18279864109357E+03 -0.13049728589085E+04 -0.14545236200481E+04
  -0.77775851300288E+07  0.26348047767957E+07 -0.34336400188147E+06 -0.22852793870232E+07  0.49000899849391E+06 -0.59592762851761E+05 -0.25283254993110E+06 -0.59410066811161E+06 -0.24801355217801E+05  0.57441774860494E+05 -0.65226221622554E+04 -0.57065933195518E+04 -0.26900715426749E+03 -0.73298567195975E+02 -0.57031022408720E+05  0.70342400883511E+04 -0.54581568092500E+05 -0.30611400829267E+05  0.34539524096728E+08  0.10053764186982E+05  0.46537812222865E+05  0.11339600298803E+06  0.67200969989337E+05  0.77329734836758E+05  0.48692094013024E+06  0.34582628640750E+05  0.77520579478166E+05 -0.12180756981755E+04  0.57741556992242E+06  0.28286156738834E+07  0.17244831402183E+05  0.32214974245024E+05  0.21536592119806E+03  0.18725796785089E+06  0.82107307682360E+06  0.24508684056321E+05  0.77461173845382E+04 -0.18453564194046E+05  0.45708515688069E+05  0.21002197477537E+05  0.65299059739708E+05
  -0.26302620669912E+04  0.90035051208665E+03 -0.11557278206010E+03 -0.51832304861987E+03  0.12058466917916E+03  0.25487333549986E+02 -0.39597943205168E+02 -0.57417733458700E+03  0.18012838811812E+03  0.17459958193316E+02 -0.33943516754841E+01  0.14725805483320E+01 -0.12782579729066E+00  0.68666065750596E-01 -0.12392262475064E+01 -0.40602040696496E+00 -0.44175232868607E+01 -0.11395464756234E+01  0.10053764186982E+05  0.49772935807129E+01  0.28629055575345E+01  0.38301259815598E+02  0.22873211715826E+02  0.24858008681162E+02  0.15896161259530E+03  0.00000000000000E+00  0.19267312436961E+02  0.00000000000000E+00  0.00000000000000E+00  0.11276416306633E+04  0.00000000000000E+00  0.28672069742467E+02  0.00000000000000E+00  0.00000000000000E+00  0.32578563520232E+03  0.00000000000000E+00  0.00000000000000E+00  0.00000000000000E+00 -0.13357973598697E+02  0.00000000000000E+00  0.61427644666988E+02
  -0.10011091592415E+05  0.33535766906388E+04 -0.45750555862263E+03 -0.33207709195706E+04  0.84489666711026E+03  0.63368977841744E+02 -0.43578968673444E+03  0.15583028647776E+05 -0.55196214286046E+04 -0.18192625651601E+03  0.85610961227721E+02 -0.14134565666583E+03 -0.47605037932339E+01 -0.14728934484820E+01  0.21144053411912E+03 -0.35284310995193E+02  0.25347142090294E+03  0.15777596592475E+03  0.46537812222865E+05  0.28629055575345E+01  0.51372634727780E+03  0.42109546485452E+03  0.11032263052981E+03  0.23240803877354E+03  0.79904280832976E+03  0.00000000000000E+00 -0.20267574375448E+03  0.00000000000000E+00  0.00000000000000E+00  0.35856966308646E+04  0.00000000000000E+00 -0.91524132415062E+03  0.00000000000000E+00  0.00000000000000E+00  0.16129743702436E+04  0.00000000000000E+00  0.00000000000000E+00  0.00000000000000E+00 -0.99875372601637E+02  0.00000000000000E+00 -0.12120754533844E+04
  -0.31989587912835E+05  0.97143176121602E+04 -0.13967506645106E+04 -0.87517719648870E+04  0.18790869903826E+04 -0.35828321574764E+03 -0.11029976977028E+04  0.17669034430937E+04 -0.16298301688378E+04  0.21812302388765E+03 -0.37293942400272E+01 -0.57695529105078E+02 -0.12778228852724E+01 -0.82697251472704E+00  0.15938098578344E+03 -0.26736943923176E+02  0.17996216445284E+03  0.11398367600127E+03  0.11339600298803E+06  0.38301259815598E+02  0.42109546485452E+03  0.67428429463121E+03  0.20932709332936E+03  0.20676737530188E+03  0.20233255320732E+04  0.00000000000000E+00  0.47365350228475E+03  0.00000000000000E+00  0.00000000000000E+00  0.15830342022159E+05  0.00000000000000E+00 -0.40583097858719E+03  0.00000000000000E+00  0.00000000000000E+00  0.37264254163142E+04  0.00000000000000E+00  0.00000000000000E+00  0.00000000000000E+00 -0.49423069168490E+03  0.00000000000000E+00  0.99182327670476E+02
  -0.19888535926477E+05  0.89062526278898E+04 -0.92965977392585E+03 -0.15334551118888E+04  0.58447919159487E+03  0.72556728112923E+03  0.14863339965944E+03  0.70262432323760E+04 -0.16914025796982E+04 -0.20315762003254E+03  0.50280276699380E+02  0.48672045961888E+02  0.60593485103601E+01 -0.63045166847967E-02 -0.26025532637896E+02 -0.67395745719644E+01 -0.86882768158563E+02 -0.30024704531357E+02  0.67200969989337E+05  0.22873211715826E+02  0.11032263052981E+03  0.20932709332936E+03  0.40436615221838E+03  0.71193082319156E+03  0.16255904924088E+04 -0.48703786675876E+02 -0.28186568214204E+02  0.25562224460466E+01  0.92463715998303E+03  0.54081071680773E+03  0.00000000000000E+00  0.00000000000000E+00  0.00000000000000E+00  0.24240779033700E+04  0.30123415421687E+04  0.00000000000000E+00  0.00000000000000E+00  0.00000000000000E+00 -0.26381573984761E+02 -0.36882028826746E+03 -0.38424125928709E+03
  -0.10005636632581E+05  0.96802645475472E+04 -0.65702385801795E+03  0.22594474761138E+04  0.33777472858919E+03  0.23989992836681E+04  0.11106102474969E+04  0.35488285670892E+05 -0.88564938886547E+04 -0.10462606078039E+04  0.24847004945013E+03  0.26248119706041E+03  0.28848537408026E+02 -0.11458656973858E-02 -0.14386263669809E+03 -0.16875866866704E+02 -0.27679843007746E+03 -0.81972003968037E+02  0.77329734836758E+05  0.24858008681162E+02  0.23240803877354E+03  0.20676737530188E+03  0.71193082319156E+03  0.17991862607851E+04  0.15611334393569E+04 -0.15181402732666E+03 -0.10382918112147E+03 -0.45645739297478E+02 -0.57177074888540E+04 -0.10076926806768E+05  0.00000000000000E+00  0.00000000000000E+00  0.00000000000000E+00  0.33876511363798E+04  0.41021189715243E+04  0.00000000000000E+00  0.00000000000000E+00  0.00000000000000E+00 -0.39288842182918E+02 -0.20536078201463E+04 -0.21247436842587E+04
  -0.22738736674579E+06  0.66570512540482E+05 -0.98960078337243E+04 -0.39800353822082E+05  0.85372436192979E+04 -0.15291869870737E+04 -0.48560953423390E+04 -0.28991726511900E+05  0.46571282535959E+04  0.18103207719236E+04 -0.23249593763519E+03 -0.53764240639984E+02 -0.10335417603862E+02  0.13260569214258E-01  0.73671746022417E+03 -0.16167802742544E+03  0.62906607167549E+03  0.50500790060960E+03  0.48692094013024E+06  0.15896161259530E+03  0.79904280832976E+03  0.20233255320732E+04  0.16255904924088E+04  0.15611334393569E+04  0.16285566494920E+05  0.25156769104327E+03  0.13081078759650E+03 -0.64946770481508E+01  0.37673247377385E+05  0.61277430041201E+05  0.00000000000000E+00  0.00000000000000E+00  0.00000000000000E+00  0.15929618916483E+05  0.20110599595830E+05  0.00000000000000E+00  0.00000000000000E+00  0.00000000000000E+00 -0.77454874371628E+02  0.15550218247734E+04  0.15871360312525E+04
  -0.12922510539493E+06  0.16664003557948E+05 -0.51116039307079E+04 -0.12750908982705E+05  0.19784245856421E+04 -0.28458320152047E+04 -0.25090516083121E+04 -0.61397355517991E+05  0.11404086032082E+05  0.27194847190525E+04 -0.48133592978693E+03 -0.10516983455273E+04 -0.15094303963586E+03  0.58787688928637E-01 -0.28619203062645E+04  0.55983809333500E+03 -0.30150856908731E+04 -0.21324483040974E+04  0.34582628640750E+05  0.00000000000000E+00  0.00000000000000E+00  0.00000000000000E+00 -0.48703786675876E+02 -0.15181402732666E+03  0.25156769104327E+03  0.11681264887932E+06  0.00000000000000E+00  0.00000000000000E+00  0.00000000000000E+00  0.00000000000000E+00  0.00000000000000E+00  0.00000000000000E+00  0.00000000000000E+00  0.00000000000000E+00  0.00000000000000E+00  0.00000000000000E+00  0.00000000000000E+00  0.00000000000000E+00  0.00000000000000E+00  0.00000000000000E+00  0.00000000000000E+00
  -0.54744694164612E+05  0.82598456943886E+04 -0.21764542800697E+04 -0.21135793365255E+05  0.33376768423752E+04 -0.43507417731196E+04 -0.39332515384801E+04 -0.49003140321968E+05  0.10729241717506E+05  0.18718934264687E+04 -0.36073583326439E+03  0.18662599488952E-10  0.24424473068765E-11 -0.22488556371219E-12 -0.18693072649457E+04  0.35009509374240E+03 -0.19373795103321E+04 -0.13345510607492E+04  0.77520579478166E+05  0.19267312436961E+02 -0.20267574375448E+03  0.47365350228475E+03 -0.28186568214204E+02 -0.10382918112147E+03  0.13081078759650E+03  0.00000000000000E+00  0.64843468470672E+05  0.00000000000000E+00  0.00000000000000E+00  0.00000000000000E+00  0.00000000000000E+00  0.00000000000000E+00  0.00000000000000E+00  0.00000000000000E+00  0.00000000000000E+00  0.00000000000000E+00  0.00000000000000E+00  0.00000000000000E+00  0.00000000000000E+00  0.00000000000000E+00  0.00000000000000E+00
  -0.47233970067923E+04 -0.22024006443215E+03  0.35665979870524E+02 -0.66622744798373E+02 -0.56833038954157E+02  0.15860103989144E+03  0.13957712744691E+03 -0.68490060640678E+05  0.24425094392091E+05  0.73072906472180E+03 -0.34178812870931E+03 -0.64556045425164E+03 -0.25423165640842E+02 -0.49167457262520E+01 -0.24922831427195E+04  0.29355282829964E+03 -0.27528593507641E+04 -0.13899517838177E+04 -0.12180756981755E+04  0.00000000000000E+00  0.00000000000000E+00  0.00000000000000E+00  0.25562224460466E+01 -0.45645739297478E+02 -0.64946770481508E+01  0.00000000000000E+00  0.00000000000000E+00  0.30761496700201E+05  0.00000000000000E+00  0.00000000000000E+00  0.00000000000000E+00  0.00000000000000E+00  0.00000000000000E+00  0.00000000000000E+00  0.00000000000000E+00  0.00000000000000E+00  0.00000000000000E+00  0.00000000000000E+00  0.00000000000000E+00  0.00000000000000E+00  0.00000000000000E+00
  -0.85411772032246E+06  0.21020616700478E+06 -0.35525685680590E+05 -0.66031689040182E+05  0.11750470975601E+05 -0.88862289676619E+04 -0.10095942365459E+05 -0.28671037058673E+06  0.66035585906358E+05  0.10889573364674E+05 -0.20664868968728E+04 -0.46542954462225E+04 -0.53661714742661E+03 -0.47752333329348E+00  0.19218741835399E+04 -0.13987619522307E+03  0.23418608351258E+04  0.10825961082951E+04  0.57741556992242E+06  0.00000000000000E+00  0.00000000000000E+00  0.00000000000000E+00  0.92463715998303E+03 -0.57177074888540E+04  0.37673247377385E+05  0.00000000000000E+00  0.00000000000000E+00  0.00000000000000E+00  0.57973557373951E+06  0.00000000000000E+00  0.00000000000000E+00  0.00000000000000E+00  0.00000000000000E+00  0.00000000000000E+00  0.00000000000000E+00  0.00000000000000E+00  0.00000000000000E+00  0.00000000000000E+00  0.00000000000000E+00  0.00000000000000E+00  0.00000000000000E+00
  -0.11060793124134E+07  0.26594033590408E+06 -0.46259758595361E+05 -0.34151370354052E+06  0.62150061483785E+05 -0.43369425533916E+05 -0.52538420415207E+05 -0.56440456260992E+06  0.12575505552239E+06  0.22646217694931E+05 -0.41203087626916E+04 -0.33896202649388E-09 -0.12685016343481E-10 -0.28429448601156E-11  0.42653643265770E+04 -0.47578452410677E+03  0.50735617711312E+04  0.27683151846995E+04  0.28286156738834E+07  0.11276416306633E+04  0.35856966308646E+04  0.15830342022159E+05  0.54081071680773E+03 -0.10076926806768E+05  0.61277430041201E+05  0.00000000000000E+00  0.00000000000000E+00  0.00000000000000E+00  0.00000000000000E+00  0.92169721974070E+06  0.00000000000000E+00  0.00000000000000E+00  0.00000000000000E+00  0.00000000000000E+00  0.00000000000000E+00  0.00000000000000E+00  0.00000000000000E+00  0.00000000000000E+00  0.00000000000000E+00  0.00000000000000E+00  0.00000000000000E+00
  -0.20811725378377E+05  0.57775500887313E+04 -0.90280466747241E+03 -0.13433705861299E+04  0.31542353964343E+03  0.58178910574204E+01 -0.15877921917283E+03 -0.73246404082098E+05  0.23049070678852E+05  0.15073210924195E+04 -0.43742463711869E+03 -0.21491259320778E+04 -0.13456209043633E+03 -0.23558978881226E+01 -0.15210082811853E+04  0.16438388069780E+03 -0.13921706077961E+04 -0.71255846509905E+03  0.17244831402183E+05  0.00000000000000E+00  0.00000000000000E+00  0.00000000000000E+00  0.00000000000000E+00  0.00000000000000E+00  0.00000000000000E+00  0.00000000000000E+00  0.00000000000000E+00  0.00000000000000E+00  0.00000000000000E+00  0.00000000000000E+00  0.14531106147624E+05  0.00000000000000E+00  0.00000000000000E+00  0.00000000000000E+00  0.00000000000000E+00  0.00000000000000E+00  0.00000000000000E+00  0.00000000000000E+00  0.00000000000000E+00  0.00000000000000E+00  0.00000000000000E+00
  -0.47203331707373E+05  0.13283325515833E+05 -0.20569152402041E+04 -0.24944585587015E+04  0.56459012937422E+03 -0.23804123221495E+02 -0.28651195016876E+03 -0.16490623968866E+06  0.51974920748003E+05  0.33338934731214E+04 -0.98507477763204E+03 -0.65671638469012E+02 -0.16519407854307E+02 -0.44201295172366E-05 -0.30382263999758E+04  0.32629824995873E+03 -0.27931059489334E+04 -0.14293173783809E+04  0.32214974245024E+05  0.28672069742467E+02 -0.91524132415062E+03 -0.40583097858719E+03  0.00000000000000E+00  0.00000000000000E+00  0.00000000000000E+00  0.00000000000000E+00  0.00000000000000E+00  0.00000000000000E+00  0.00000000000000E+00  0.00000000000000E+00  0.00000000000000E+00  0.32071751622333E+05  0.00000000000000E+00  0.00000000000000E+00  0.00000000000000E+00  0.00000000000000E+00  0.00000000000000E+00  0.00000000000000E+00  0.00000000000000E+00  0.00000000000000E+00  0.00000000000000E+00
  -0.31284406908833E+04  0.42040708682891E+03 -0.10965765308143E+03 -0.70101179919622E+02  0.88866695993670E+01 -0.19050831683418E+02 -0.13229322262628E+02 -0.13743720544169E+04  0.18781081102077E+03  0.43282292639631E+02 -0.11200532376560E+02 -0.72849407623401E+02 -0.58516850211968E+01 -0.10896287390495E+00 -0.73380678862189E+03  0.84607543858203E+02 -0.67851484873481E+03 -0.37678758278357E+03  0.21536592119806E+03  0.00000000000000E+00  0.00000000000000E+00  0.00000000000000E+00  0.00000000000000E+00  0.00000000000000E+00  0.00000000000000E+00  0.00000000000000E+00  0.00000000000000E+00  0.00000000000000E+00  0.00000000000000E+00  0.00000000000000E+00  0.00000000000000E+00  0.00000000000000E+00  0.37869010334277E+04  0.00000000000000E+00  0.00000000000000E+00  0.00000000000000E+00  0.00000000000000E+00  0.00000000000000E+00  0.00000000000000E+00  0.00000000000000E+00  0.00000000000000E+00
  -0.20157787490456E+06  0.63577243015650E+05 -0.89114731814764E+04 -0.11747193059252E+05  0.28856619163743E+04  0.39138622268316E+03 -0.10371887656663E+04 -0.57631196941514E+04  0.64032376183613E+03  0.55984429672278E+03 -0.48475310403427E+02 -0.18242919046370E+00 -0.12023121081442E+00 -0.23676289062327E-13  0.30368313234312E+03 -0.87240464239846E+02  0.89705504481850E+02  0.13396157191507E+03  0.18725796785089E+06  0.00000000000000E+00  0.00000000000000E+00  0.00000000000000E+00  0.24240779033700E+04  0.33876511363798E+04  0.15929618916483E+05  0.00000000000000E+00  0.00000000000000E+00  0.00000000000000E+00  0.00000000000000E+00  0.00000000000000E+00  0.00000000000000E+00  0.00000000000000E+00  0.00000000000000E+00  0.10543673718248E+06  0.00000000000000E+00  0.00000000000000E+00  0.00000000000000E+00  0.00000000000000E+00  0.00000000000000E+00  0.00000000000000E+00  0.00000000000000E+00
  -0.22796809256886E+06  0.71574740160271E+05 -0.10069268456314E+05 -0.52534062915943E+05  0.12773750485328E+05  0.15104873098233E+04 -0.47753627905558E+04 -0.11345085150302E+05  0.12898420251887E+04  0.10663788667031E+04 -0.95308183476197E+02 -0.43481849475569E-10  0.21311008738187E-11 -0.59923025577315E-13  0.54078954573698E+03 -0.15321298957376E+03  0.17693160475585E+03  0.24785082727428E+03  0.82107307682360E+06  0.32578563520232E+03  0.16129743702436E+04  0.37264254163142E+04  0.30123415421687E+04  0.41021189715243E+04  0.20110599595830E+05  0.00000000000000E+00  0.00000000000000E+00  0.00000000000000E+00  0.00000000000000E+00  0.00000000000000E+00  0.00000000000000E+00  0.00000000000000E+00  0.00000000000000E+00  0.00000000000000E+00  0.13885494428182E+06  0.00000000000000E+00  0.00000000000000E+00  0.00000000000000E+00  0.00000000000000E+00  0.00000000000000E+00  0.00000000000000E+00
  -0.89689635998757E+04  0.24025706343100E+04 -0.38290399043918E+03 -0.24300726489692E+04  0.45749980039085E+03 -0.25806865367585E+03 -0.35962529963658E+03  0.39190087845693E+03 -0.12923401001446E+04  0.12434464393733E+03 -0.13073853122693E+02 -0.15938644326633E+01 -0.16569670554932E+00 -0.12913786662446E-02 -0.29715744671570E+04  0.48466923976851E+03 -0.29209756276944E+04 -0.19042116998498E+04  0.24508684056321E+05  0.00000000000000E+00  0.00000000000000E+00  0.00000000000000E+00  0.00000000000000E+00  0.00000000000000E+00  0.00000000000000E+00  0.00000000000000E+00  0.00000000000000E+00  0.00000000000000E+00  0.00000000000000E+00  0.00000000000000E+00  0.00000000000000E+00  0.00000000000000E+00  0.00000000000000E+00  0.00000000000000E+00  0.00000000000000E+00  0.81552981997398E+04  0.00000000000000E+00  0.00000000000000E+00  0.00000000000000E+00  0.00000000000000E+00  0.00000000000000E+00
  -0.31759882638566E+04  0.76380494095377E+03 -0.13376316460609E+03 -0.94875341750659E+03  0.17029853433625E+03 -0.13205254971514E+03 -0.15227357115329E+03  0.30632447945382E+03 -0.70923181519382E+03  0.55788027090926E+02 -0.62523345185439E+01 -0.68816821900086E+00 -0.65054032065648E-01 -0.71642298275352E-03 -0.15652506576722E+04  0.23599679227198E+03 -0.15711508132723E+04 -0.98132264068581E+03  0.77461173845382E+04  0.00000000000000E+00  0.00000000000000E+00  0.00000000000000E+00  0.00000000000000E+00  0.00000000000000E+00  0.00000000000000E+00  0.00000000000000E+00  0.00000000000000E+00  0.00000000000000E+00  0.00000000000000E+00  0.00000000000000E+00  0.00000000000000E+00  0.00000000000000E+00  0.00000000000000E+00  0.00000000000000E+00  0.00000000000000E+00  0.00000000000000E+00  0.41966441594496E+04  0.00000000000000E+00  0.00000000000000E+00  0.00000000000000E+00  0.00000000000000E+00
  -0.16510482175463E+05 -0.22539627381223E+04 -0.14167987504267E+02 -0.97388692068399E+04  0.37550175517862E+03 -0.31658849552326E+04 -0.13378883111945E+04 -0.26669394836547E+06  0.11197244131777E+06  0.30869488026446E+04 -0.11530800553607E+04  0.24945050943946E+03  0.25164318973508E+02 -0.16066811103511E+01 -0.22274144690024E+04 -0.37100505640850E+03  0.15934135402541E+04  0.16807158264520E+04 -0.18453564194046E+05  0.00000000000000E+00  0.00000000000000E+00  0.00000000000000E+00  0.00000000000000E+00  0.00000000000000E+00  0.00000000000000E+00  0.00000000000000E+00  0.00000000000000E+00  0.00000000000000E+00  0.00000000000000E+00  0.00000000000000E+00  0.00000000000000E+00  0.00000000000000E+00  0.00000000000000E+00  0.00000000000000E+00  0.00000000000000E+00  0.00000000000000E+00  0.00000000000000E+00  0.12557614590310E+06  0.00000000000000E+00  0.00000000000000E+00  0.00000000000000E+00
   0.16735716768157E+05 -0.22739465017647E+04  0.66789113246857E+03 -0.15970792388996E+05  0.25200958343402E+04 -0.34802447629436E+04 -0.32315221079174E+04 -0.85798655952417E+04  0.15592767550197E+04  0.43173938552563E+03 -0.67146297004255E+02  0.28684256058499E+03  0.62033482914999E+02  0.92595495967081E-05  0.19744586594726E+03 -0.36156065479129E+02  0.26267446970544E+03  0.18279864109357E+03  0.45708515688069E+05 -0.13357973598697E+02 -0.99875372601637E+02 -0.49423069168490E+03 -0.26381573984761E+02 -0.39288842182918E+02 -0.77454874371628E+02  0.00000000000000E+00  0.00000000000000E+00  0.00000000000000E+00  0.00000000000000E+00  0.00000000000000E+00  0.00000000000000E+00  0.00000000000000E+00  0.00000000000000E+00  0.00000000000000E+00  0.00000000000000E+00  0.00000000000000E+00  0.00000000000000E+00  0.00000000000000E+00  0.39611201203599E+05  0.00000000000000E+00  0.00000000000000E+00
