# fitpack15: fit parameters                                                                         
# CJ15 AV18 final data choices                                                                      
# Created on 06/04/2019 at 14:09:15                                                                 

 # QCD setup
  INS                           0
  NVL                          11
  IORD                          1
  Q02                   1.6899999999999999     
  IPARAMC                       7
  FLAVOR                4.0000000000000000     
  xmc                   1.3000000000000000     
  xmb                   4.5000000000000000     
  ncb                          12
  ihq                           1
  ias                           0

 # Theory corrections
  inuke                     10914
  itmc                          1
  iht                           1

 # fit parameters
 LAMBDA       0.22680        0.0000    
 a0uv          1.9518        0.0000    
 a1uv         0.56741       0.22416E-01
 a2uv          3.5555       0.10753E-01
 a3uv          0.0000        0.0000    
 a4uv          4.5428       0.59623    
 a5uv          0.0000        0.0000    
 a0dv          29.156        0.0000    
 a1dv          1.1977       0.32226E-01
 a2dv          6.8564       0.16558    
 a3dv         -3.5155       0.84226E-01
 a4dv          4.6060       0.13398    
 a5dv          0.0000        0.0000    
 a0ud         0.14606       0.49887E-02
 a1ud        -0.20797       0.37278E-02
 a2ud          8.6220       0.18184    
 a3ud          0.0000        0.0000    
 a4ud          14.483        1.1503    
 a5ud          0.0000        0.0000    
 a0du          35712.        0.0000    
 a1du          4.1567       0.11985    
 a2du          23.179        1.5730    
 a3du          17.000        0.0000    
 a4du          52.943        7.5137    
 a0g           46.522        0.0000    
 a1g          0.60829       0.30467E-01
 a2g           6.0767       0.79250    
 a3g          -3.4171       0.12298    
 a4g           3.3506       0.29110    
 a5g           0.0000        0.0000    
 kappa        0.40000        0.0000    
 a6dv        -0.69052E-02   0.84319E-03
 a7dv          2.0000        0.0000    
 off1          8.1000        0.0000    
 off2         0.44800        0.0000    
 off3         0.50000E-01    0.0000    
 ht1          -3.2598       0.26673    
 ht2           1.9349       0.11284    
 ht3          -2.1281       0.30067E-01
 ht4           0.0000        0.0000    
 dummy41       0.0000        0.0000    
 dummy42       0.0000        0.0000    
 dummy43       0.0000        0.0000    
 dummy44       0.0000        0.0000    
 dummy45       0.0000        0.0000    
 dummy46       0.0000        0.0000    
 dummy47       0.0000        0.0000    
 dummy48       0.0000        0.0000    
 dummy49       0.0000        0.0000    
 bcdmsh2      0.96456       0.47831E-02
 bcdmsd2      0.99026       0.56458E-02
 ccfr          1.0000        0.0000    
 nutev         1.0000        0.0000    
 zeus         0.97998        0.0000    
 h1            1.0162        0.0000    
 e605          1.0319        0.0000    
 NmcH2         1.0002       0.70655E-02
 ntv_nu        1.0000        0.0000    
 ntv_nubar     1.0000        0.0000    
 cdf_jet      0.98910        0.0000    
 d0_jet       0.83504        0.0000    
 slac_p       0.99948       0.47761E-02
 slac_d       0.99480       0.50526E-02
 e866pp       0.97394       0.19503E-01
 e866pd       0.93412       0.15127E-01
 d0_gamjet     1.0413       0.16469E-01
 h1b          0.97608        0.0000    
 jlab_p       0.99770       0.57623E-02
 jlab_d       0.96487       0.56487E-02
 blank         1.0000        0.0000    
 d0run2       0.96567       0.14862E-01
 cdfrun2      0.94763       0.17645E-01
 HERA_el       1.0000        0.0000    
 HERA_ps       1.0000        0.0000    
 CDF_Z        0.94746       0.61290E-02
 NmcRat        1.0000        0.0000    
 BNS_F2nd     0.95771       0.53265E-02
 HERMES_F2p   0.98935       0.55533E-02
 HERMES_F2d   0.97279       0.57274E-02
 END 0. 0.

 # Hessian matrix (Bevington alpha)
   0.53512764468665E+07 -0.13741439187762E+07  0.20198328404402E+06  0.55059718802848E+06 -0.11199229861428E+06 -0.46752557688227E+05  0.46246054515025E+05  0.91035067486737E+06 -0.17987470464836E+06 -0.46122184822258E+05  0.73666539565207E+04  0.87892054769480E+04  0.87503138947617E+03 -0.10949955579169E+03  0.10452724866827E+05 -0.25601311676109E+04  0.12403295780084E+05  0.92144667393313E+04 -0.91843515966227E+07 -0.22128897389377E+05 -0.12685093608406E+05 -0.23260619081742E+06 -0.13345434563771E+06 -0.57164011819014E+05 -0.53116297744251E+04 -0.88346589652761E+06 -0.11578654313113E+07 -0.21512893049374E+05 -0.49656937502747E+05 -0.31810028032622E+04 -0.20574409143809E+06 -0.23992882512412E+06 -0.89806873574042E+04 -0.31642685095249E+04 -0.19085885416762E+05  0.17258292281878E+05 -0.75697177538741E+05 -0.60016324761515E+05
  -0.13741439187762E+07  0.43007505744450E+06 -0.52983607404384E+05 -0.15379884128092E+06  0.29214840111731E+05  0.17232303163267E+05 -0.81204963175805E+04 -0.11444124589768E+06  0.26384279730942E+05  0.65952687131796E+04 -0.86634861384565E+03 -0.68998525260679E+03 -0.67829902847459E+02  0.13140949466781E+02  0.85519607169496E+03 -0.82171046501356E+02  0.33961884335234E+03  0.21085649103102E+03  0.30558499389255E+07  0.95987527412603E+04  0.10511982916926E+05  0.67115108492848E+05  0.16902388737164E+05  0.84503138031258E+04 -0.20892399044272E+03  0.21524563875721E+06  0.27252325813476E+06  0.58947539791157E+04  0.13867541144005E+05  0.41776574174114E+03  0.64090978715038E+05  0.74313812960461E+05  0.24142484170994E+04  0.76270423486133E+03 -0.22224072640592E+04 -0.23127330090749E+04  0.88919943906405E+04  0.74645854974484E+04
   0.20198328404402E+06 -0.52983607404384E+05  0.76790067258149E+04  0.20651611646969E+05 -0.42744383723392E+04 -0.20441805645523E+04  0.16503262675453E+04  0.25726292084888E+05 -0.50286223008906E+04 -0.15258043597021E+04  0.21162252975254E+03  0.23086135533957E+03  0.26095362425273E+02 -0.41896618863121E+01 -0.27485208444826E+03 -0.15262464239492E+02 -0.15252770418821E+03 -0.20363980320733E+01 -0.35559831407566E+06 -0.89549758978996E+03 -0.65750051290450E+03 -0.89133913458848E+04 -0.47347657990440E+04 -0.20350499025948E+04  0.20027691278146E+02 -0.32577483460659E+05 -0.42892169463525E+05 -0.82405295913236E+03 -0.19103979403926E+04 -0.10030530722573E+03 -0.79836571649045E+04 -0.93045204623779E+04 -0.33971128318772E+03 -0.11853422456721E+03 -0.82236344552751E+02  0.61959716932841E+03 -0.22727924662296E+04 -0.18458527595871E+04
   0.55059718802848E+06 -0.15379884128092E+06  0.20651611646969E+05  0.41250864219669E+06 -0.57746237232280E+05  0.73370640855893E+05  0.64055246558290E+05  0.30797046793708E+06 -0.17913015584467E+05 -0.16428573242776E+05  0.30684171892287E+04 -0.85477619307582E+03 -0.94956944913328E+02  0.57213692881194E+02  0.32240872390583E+05 -0.42073246711554E+04  0.29518374121504E+05  0.17033328469908E+05 -0.27870939922887E+07 -0.21555431972783E+04  0.13747045385711E+04 -0.41381783396004E+05 -0.12607858567256E+05 -0.21246860076879E+05  0.94613254406904E+01 -0.68695225826716E+05 -0.35541327164157E+06 -0.12806350678413E+04 -0.26391707269386E+04 -0.61908003049775E+02 -0.12552508108155E+05 -0.56561773887382E+05 -0.24292893786911E+04 -0.93307814014649E+03 -0.95846915622941E+04 -0.16787147190250E+05 -0.72273841454003E+04 -0.21583952676575E+05
  -0.11199229861428E+06  0.29214840111731E+05 -0.42744383723392E+04 -0.57746237232280E+05  0.91793217269098E+04 -0.70754014551122E+04 -0.83789330636166E+04 -0.26562279013393E+05 -0.23898804253462E+03  0.19677204736405E+04 -0.28982266922377E+03 -0.44705977744053E+01  0.40524519046845E+01 -0.49222208711546E+01 -0.25877680754802E+04  0.34940710891527E+03 -0.22706648655847E+04 -0.13393956099247E+04  0.47026631786712E+06  0.47431207671954E+03  0.22590729022851E+03  0.73024808844818E+04  0.18829089990051E+04  0.31627186690937E+04 -0.62409287408267E+02  0.10522304115893E+05  0.56212505799444E+05  0.25261745935011E+03  0.49577689218828E+03  0.73131175139730E+01  0.24140018922244E+04  0.10825857681895E+05  0.38840175267961E+03  0.14670418791735E+03  0.42759315034317E+03  0.25560419824973E+04  0.76247980284102E+03  0.23620688642244E+04
  -0.46752557688227E+05  0.17232303163267E+05 -0.20441805645523E+04  0.73370640855893E+05 -0.70754014551122E+04  0.27473091193463E+05  0.15910063814775E+05  0.99340422991285E+05 -0.76999413226233E+04 -0.43435918408256E+04  0.96697630113994E+03 -0.46586179841320E+03 -0.44030061102904E+02  0.20151870179102E+02  0.10235762850185E+05 -0.13684430158568E+04  0.95155098153130E+04  0.55752866134059E+04  0.22250173365561E+05  0.94389127392418E+03  0.26987234051205E+04 -0.36625713230941E+03 -0.28720530373860E+04 -0.43783258464307E+04  0.18424239598903E+03 -0.76165205433987E+04 -0.39030267766005E+05  0.66006711941988E+02  0.87101565484721E+02 -0.17477414880542E+02  0.89913589321939E+03  0.37344898121966E+04 -0.18506759508636E+03 -0.10846870172424E+03 -0.33336716531547E+04 -0.36795371000411E+04 -0.18889577165109E+04 -0.55153618973529E+04
   0.46246054515025E+05 -0.81204963175805E+04  0.16503262675453E+04  0.64055246558290E+05 -0.83789330636166E+04  0.15910063814775E+05  0.11928402323824E+05  0.53458464264163E+05 -0.19232108002816E+04 -0.30181919865768E+04  0.55154607486214E+03 -0.15184334354657E+03 -0.18165258178802E+02  0.10500897214694E+02  0.52415689483779E+04 -0.71770581545479E+03  0.46929061528604E+04  0.27987829204194E+04 -0.23780513068293E+06  0.25116282742103E+03  0.12453456734776E+04 -0.41451412842316E+04 -0.25249781797986E+04 -0.39695280309323E+04  0.15565914431554E+03 -0.94425908353853E+04 -0.50436204466570E+05 -0.11364096251032E+03 -0.23068924761201E+03 -0.11909188704814E+02 -0.73038284684098E+03 -0.34939731544452E+04 -0.31242938111725E+03 -0.13660348237733E+03 -0.14365389430430E+04 -0.34458926506047E+04 -0.11590100499085E+04 -0.35002985645101E+04
   0.91035067486737E+06 -0.11444124589768E+06  0.25726292084888E+05  0.30797046793708E+06 -0.26562279013393E+05  0.99340422991285E+05  0.53458464264163E+05  0.48017355120481E+07 -0.22734791237394E+07 -0.78467001049669E+05  0.24551002961206E+05  0.16347532551279E+05  0.10129155213702E+04  0.94660394376387E+02  0.78017654063759E+05 -0.10586110653541E+05  0.85310350523289E+05  0.46911569729757E+05 -0.54001425671051E+06  0.67127712615197E+04  0.33770250743082E+05 -0.25657504213249E+05 -0.58526295690602E+05 -0.44851929317797E+05 -0.67417949718562E+05 -0.27259454440377E+06 -0.52888270551132E+06 -0.71750811427392E+05 -0.16454295153176E+06 -0.13361312318251E+04 -0.47037230644216E+04 -0.94664256394409E+04  0.97999294979125E+03  0.57617602549243E+03 -0.26140646267026E+06 -0.73083528235154E+04 -0.13802399702179E+06 -0.16608711580648E+06
  -0.17987470464836E+06  0.26384279730942E+05 -0.50286223008906E+04 -0.17913015584467E+05 -0.23898804253462E+03 -0.76999413226233E+04 -0.19232108002816E+04 -0.22734791237394E+07  0.19156800785662E+07  0.17628152350652E+05 -0.62219177607642E+04 -0.36483625528416E+04 -0.19242916215176E+03 -0.12683079436452E+02  0.52917197229150E+05 -0.29286914448774E+04  0.20588499495011E+05  0.10544724156664E+05 -0.47905802875146E+05 -0.16431122607967E+04 -0.85992424683106E+04  0.43011605003648E+04  0.11055522050706E+05  0.99055261161496E+04  0.24322004748058E+05  0.64429056792731E+05  0.12092784093599E+06  0.22936360190191E+05  0.52821264032913E+05  0.17820478701997E+03  0.57329470371340E+03  0.11652245195314E+04 -0.14354979120622E+04 -0.77751583130087E+03  0.11164912706966E+06  0.13493768784578E+04  0.44547693796124E+05  0.53202499475238E+05
  -0.46122184822258E+05  0.65952687131796E+04 -0.15258043597021E+04 -0.16428573242776E+05  0.19677204736405E+04 -0.43435918408256E+04 -0.30181919865768E+04 -0.78467001049669E+05  0.17628152350652E+05  0.23453330732892E+04 -0.58750056949101E+03 -0.39444894553703E+03 -0.31196095322296E+02 -0.17079816794692E+01 -0.39771603513302E+04  0.51916579486795E+03 -0.37134601688132E+04 -0.21546207054827E+04  0.56524970887255E+05 -0.19671685193208E+03 -0.99493222911170E+03  0.15816718173544E+04  0.25895823110563E+04  0.17307941336630E+04  0.72346275040119E+03  0.10220516184177E+05  0.21027389759624E+05  0.14611474407373E+04  0.32891003450884E+04  0.42500696808666E+02  0.45450499135848E+03  0.88549922507945E+03  0.10004003444607E+03  0.45326135018521E+02  0.30048607457490E+04  0.37611181489749E+03  0.27563522311762E+04  0.33898533546973E+04
   0.73666539565207E+04 -0.86634861384565E+03  0.21162252975254E+03  0.30684171892287E+04 -0.28982266922377E+03  0.96697630113994E+03  0.55154607486214E+03  0.24551002961206E+05 -0.62219177607642E+04 -0.58750056949101E+03  0.17081437287327E+03  0.12288443330400E+03  0.82009907838382E+01  0.68581854613445E+00  0.12709114555532E+04 -0.14961603888215E+03  0.11501893633577E+04  0.63976469878643E+03 -0.64956723803619E+04  0.49208360740381E+02  0.24176580804410E+03 -0.21031749472728E+03 -0.47143332370060E+03 -0.33982731971085E+03 -0.34347524851972E+03 -0.20077990263713E+04 -0.39471199215874E+04 -0.43801071672586E+03 -0.10019343076881E+04 -0.11260194264737E+02 -0.40221485423410E+02 -0.81023849412846E+02 -0.90719735139418E+01 -0.44377830298416E+01 -0.11466726190349E+04 -0.58723327256608E+02 -0.84146085657145E+03 -0.10185067583859E+04
   0.87892054769480E+04 -0.68998525260679E+03  0.23086135533957E+03 -0.85477619307582E+03 -0.44705977744053E+01 -0.46586179841320E+03 -0.15184334354657E+03  0.16347532551279E+05 -0.36483625528416E+04 -0.39444894553703E+03  0.12288443330400E+03  0.63571336603159E+03  0.39023349623548E+02 -0.55946127399324E+00  0.91999758863181E+03 -0.13243393711845E+03  0.10489928980132E+04  0.60829631203555E+03 -0.44519703840279E+04  0.28514281814475E+02  0.15885200423432E+03 -0.25079897600865E+02 -0.58997175433988E+03  0.75277407224245E-10 -0.46046022238579E+03 -0.27626728022826E+04 -0.69856713593443E-09 -0.14419847533783E+04 -0.25339318055225E+02 -0.47047493278341E+02 -0.21447791144391E-01  0.38199367342998E-10 -0.94330185742123E+00 -0.42321912575975E+00  0.15361448844989E+03  0.12348896735747E+03 -0.16747342157632E+04  0.29563745146786E-10
   0.87503138947617E+03 -0.67829902847459E+02  0.26095362425273E+02 -0.94956944913328E+02  0.40524519046845E+01 -0.44030061102904E+02 -0.18165258178802E+02  0.10129155213702E+04 -0.19242916215176E+03 -0.31196095322296E+02  0.82009907838382E+01  0.39023349623548E+02  0.31322248822307E+01 -0.97903771074162E-01  0.48344680937320E+02 -0.83217756485234E+01  0.59444600036855E+02  0.37315957432605E+02 -0.19351212269016E+03  0.32236233876998E+01  0.15946477816894E+02 -0.43779273232074E+01 -0.77570612535736E+02  0.61150176825331E-12 -0.17012731133733E+02 -0.28802565452323E+03 -0.99235643098114E-10 -0.84495289742640E+02 -0.60451635665586E+01 -0.34637494277622E+01 -0.15306927591473E-01 -0.58697658629707E-11 -0.87744557586952E-01 -0.36049303604114E-01  0.14614301258365E+02  0.26191117317315E+02 -0.11234519720909E+03 -0.31748835021938E-11
  -0.10949955579169E+03  0.13140949466781E+02 -0.41896618863121E+01  0.57213692881194E+02 -0.49222208711546E+01  0.20151870179102E+02  0.10500897214694E+02  0.94660394376387E+02 -0.12683079436452E+02 -0.17079816794692E+01  0.68581854613445E+00 -0.55946127399324E+00 -0.97903771074162E-01  0.52507485163496E-01  0.14993848988045E+02 -0.12246332110690E+01  0.10298860495406E+02  0.49843558695180E+01 -0.96374912121991E+02 -0.40134392846387E-02  0.27561021456123E-01  0.14539455005461E-01  0.68360428784136E-01 -0.30347924663466E-12 -0.62949941040203E+01 -0.90021985153318E+00 -0.66706634049493E-11 -0.34771150732743E+01 -0.22683372505231E-04 -0.14566306657925E+00  0.17782442031062E-12 -0.12015125354130E-12 -0.16945405023438E-02 -0.94661467680516E-03 -0.20112623504829E+01  0.60990073887893E-04 -0.34241710659275E+01  0.96153251745173E-12
   0.10452724866827E+05  0.85519607169496E+03 -0.27485208444826E+03  0.32240872390583E+05 -0.25877680754802E+04  0.10235762850185E+05  0.52415689483779E+04  0.78017654063759E+05  0.52917197229150E+05 -0.39771603513302E+04  0.12709114555532E+04  0.91999758863181E+03  0.48344680937320E+02  0.14993848988045E+02  0.52147102071609E+05 -0.52193193297323E+04  0.40519549486996E+05  0.21752031785932E+05 -0.64847223931856E+05 -0.12580591002288E+02 -0.10393461484654E+03  0.81320279983338E+03 -0.31697990157423E+04 -0.20369979289226E+04 -0.25603433858645E+04  0.18805526586162E+04  0.43696253579855E+04 -0.15429208069757E+04 -0.32464579848917E+04 -0.74947236260399E+03  0.36548989830536E+03  0.63907263523283E+03 -0.30983370714163E+04 -0.16194411304318E+04 -0.19915601859307E+04  0.23224813952602E+03 -0.10817226695964E+04 -0.12177584580800E+04
  -0.25601311676109E+04 -0.82171046501356E+02 -0.15262464239492E+02 -0.42073246711554E+04  0.34940710891527E+03 -0.13684430158568E+04 -0.71770581545479E+03 -0.10586110653541E+05 -0.29286914448774E+04  0.51916579486795E+03 -0.14961603888215E+03 -0.13243393711845E+03 -0.83217756485234E+01 -0.12246332110690E+01 -0.52193193297323E+04  0.60782935250737E+03 -0.45906429567078E+04 -0.25643210892421E+04  0.82548755713324E+04 -0.97247871187811E+01 -0.24924346336948E+02 -0.17386859376723E+03  0.61351686645362E+03  0.38130086063383E+03  0.30564124769323E+03 -0.13235269150455E+03 -0.47407475673962E+03  0.17077659499841E+03  0.35586909179610E+03  0.88185252483428E+02 -0.99528713043115E+02 -0.17161799806273E+03  0.50732512634512E+03  0.24608040995801E+03 -0.40620151160303E+03 -0.41798110930817E+02  0.29662223595189E+03  0.33409435959434E+03
   0.12403295780084E+05  0.33961884335234E+03 -0.15252770418821E+03  0.29518374121504E+05 -0.22706648655847E+04  0.95155098153130E+04  0.46929061528604E+04  0.85310350523289E+05  0.20588499495011E+05 -0.37134601688132E+04  0.11501893633577E+04  0.10489928980132E+04  0.59444600036855E+02  0.10298860495406E+02  0.40519549486996E+05 -0.45906429567078E+04  0.35667658398512E+05  0.19635198466099E+05 -0.59364408982752E+05 -0.85237560383482E+02 -0.26356019836100E+03  0.64546021085274E+03 -0.31228237501765E+04 -0.19730944058189E+04 -0.27567717730287E+04  0.23324131486480E+04  0.52706109354987E+04 -0.13748298698979E+04 -0.29032032921601E+04 -0.67514078701465E+03  0.90023986243782E+02  0.17878620677381E+03 -0.28768599836402E+04 -0.15507607765420E+04  0.16574458466679E+04  0.29741637701534E+03 -0.19441164399149E+04 -0.21600020028430E+04
   0.92144667393313E+04  0.21085649103102E+03 -0.20363980320733E+01  0.17033328469908E+05 -0.13393956099247E+04  0.55752866134059E+04  0.27987829204194E+04  0.46911569729757E+05  0.10544724156664E+05 -0.21546207054827E+04  0.63976469878643E+03  0.60829631203555E+03  0.37315957432605E+02  0.49843558695180E+01  0.21752031785932E+05 -0.25643210892421E+04  0.19635198466099E+05  0.10962670313203E+05 -0.34024496646986E+05 -0.25387062279806E+02 -0.64628040017520E+02  0.53005207148877E+03 -0.22541181094495E+04 -0.13945712359308E+04 -0.14051162056858E+04  0.10705483718518E+04  0.28654708335851E+04 -0.71368849223542E+03 -0.15038934193494E+04 -0.38078356904674E+03  0.14846880882702E+03  0.27138916153968E+03 -0.19219306125194E+04 -0.98929739676626E+03  0.17813126964963E+04  0.20883912706834E+03 -0.13632673640665E+04 -0.15193550176175E+04
  -0.91843515966227E+07  0.30558499389255E+07 -0.35559831407566E+06 -0.27870939922887E+07  0.47026631786712E+06  0.22250173365561E+05 -0.23780513068293E+06 -0.54001425671051E+06 -0.47905802875146E+05  0.56524970887255E+05 -0.64956723803619E+04 -0.44519703840279E+04 -0.19351212269016E+03 -0.96374912121991E+02 -0.64847223931856E+05  0.82548755713324E+04 -0.59364408982752E+05 -0.34024496646986E+05  0.43471824232722E+08  0.79653734987101E+05  0.92025285261114E+05  0.54667837184924E+06  0.40407750718091E+05  0.90333771825432E+05 -0.16206486907180E+04  0.67203728540513E+06  0.32202684917727E+07  0.18723946838412E+05  0.38118906528835E+05  0.20222200446085E+03  0.21436825309658E+06  0.94437788162447E+06  0.27349030462262E+05  0.86249300566040E+04 -0.20844709391807E+05  0.56866129062197E+05  0.24313076629790E+05  0.74628554290940E+05
  -0.22128897389377E+05  0.95987527412603E+04 -0.89549758978996E+03 -0.21555431972783E+04  0.47431207671954E+03  0.94389127392418E+03  0.25116282742103E+03  0.67127712615197E+04 -0.16431122607967E+04 -0.19671685193208E+03  0.49208360740381E+02  0.28514281814475E+02  0.32236233876998E+01 -0.40134392846387E-02 -0.12580591002288E+02 -0.97247871187811E+01 -0.85237560383482E+02 -0.25387062279806E+02  0.79653734987101E+05  0.43406667667812E+03  0.74056397734816E+03  0.17213395342693E+04 -0.47255409147660E+02 -0.27965163705143E+02  0.23596243947428E+01  0.12716147607625E+04  0.82488989373850E+03  0.00000000000000E+00  0.00000000000000E+00  0.00000000000000E+00  0.25468289879659E+04  0.31878249612216E+04  0.00000000000000E+00  0.00000000000000E+00  0.00000000000000E+00 -0.23481164812406E+02 -0.36655551794902E+03 -0.38665731281778E+03
  -0.12685093608406E+05  0.10511982916926E+05 -0.65750051290450E+03  0.13747045385711E+04  0.22590729022851E+03  0.26987234051205E+04  0.12453456734776E+04  0.33770250743082E+05 -0.85992424683106E+04 -0.99493222911170E+03  0.24176580804410E+03  0.15885200423432E+03  0.15946477816894E+02  0.27561021456123E-01 -0.10393461484654E+03 -0.24924346336948E+02 -0.26356019836100E+03 -0.64628040017520E+02  0.92025285261114E+05  0.74056397734816E+03  0.18100779883262E+04  0.17078386500290E+04 -0.14597796878373E+03 -0.10210332020953E+03 -0.49115530368123E+02 -0.50919454705083E+04 -0.95509210521649E+04  0.00000000000000E+00  0.00000000000000E+00  0.00000000000000E+00  0.35193626036613E+04  0.43137643066152E+04  0.00000000000000E+00  0.00000000000000E+00  0.00000000000000E+00 -0.33153894131746E+02 -0.20549898525432E+04 -0.21357532267207E+04
  -0.23260619081742E+06  0.67115108492848E+05 -0.89133913458848E+04 -0.41381783396004E+05  0.73024808844818E+04 -0.36625713230941E+03 -0.41451412842316E+04 -0.25657504213249E+05  0.43011605003648E+04  0.15816718173544E+04 -0.21031749472728E+03 -0.25079897600865E+02 -0.43779273232074E+01  0.14539455005461E-01  0.81320279983338E+03 -0.17386859376723E+03  0.64546021085274E+03  0.53005207148877E+03  0.54667837184924E+06  0.17213395342693E+04  0.17078386500290E+04  0.15912697270076E+05  0.25101793930094E+03  0.13005387428478E+03 -0.69777487601347E+01  0.37680228256547E+05  0.60876811214130E+05  0.00000000000000E+00  0.00000000000000E+00  0.00000000000000E+00  0.15705245601511E+05  0.20048071415689E+05  0.00000000000000E+00  0.00000000000000E+00  0.00000000000000E+00 -0.60268670339704E+02  0.15656450825280E+04  0.15835400654304E+04
  -0.13345434563771E+06  0.16902388737164E+05 -0.47347657990440E+04 -0.12607858567256E+05  0.18829089990051E+04 -0.28720530373860E+04 -0.25249781797986E+04 -0.58526295690602E+05  0.11055522050706E+05  0.25895823110563E+04 -0.47143332370060E+03 -0.58997175433988E+03 -0.77570612535736E+02  0.68360428784136E-01 -0.31697990157423E+04  0.61351686645362E+03 -0.31228237501765E+04 -0.22541181094495E+04  0.40407750718091E+05 -0.47255409147660E+02 -0.14597796878373E+03  0.25101793930094E+03  0.11825655092579E+06  0.00000000000000E+00  0.00000000000000E+00  0.00000000000000E+00  0.00000000000000E+00  0.00000000000000E+00  0.00000000000000E+00  0.00000000000000E+00  0.00000000000000E+00  0.00000000000000E+00  0.00000000000000E+00  0.00000000000000E+00  0.00000000000000E+00  0.00000000000000E+00  0.00000000000000E+00  0.00000000000000E+00
  -0.57164011819014E+05  0.84503138031258E+04 -0.20350499025948E+04 -0.21246860076879E+05  0.31627186690937E+04 -0.43783258464307E+04 -0.39695280309323E+04 -0.44851929317797E+05  0.99055261161496E+04  0.17307941336630E+04 -0.33982731971085E+03  0.75277407224245E-10  0.61150176825331E-12 -0.30347924663466E-12 -0.20369979289226E+04  0.38130086063383E+03 -0.19730944058189E+04 -0.13945712359308E+04  0.90333771825432E+05 -0.27965163705143E+02 -0.10210332020953E+03  0.13005387428478E+03  0.00000000000000E+00  0.64979327572788E+05  0.00000000000000E+00  0.00000000000000E+00  0.00000000000000E+00  0.00000000000000E+00  0.00000000000000E+00  0.00000000000000E+00  0.00000000000000E+00  0.00000000000000E+00  0.00000000000000E+00  0.00000000000000E+00  0.00000000000000E+00  0.00000000000000E+00  0.00000000000000E+00  0.00000000000000E+00
  -0.53116297744251E+04 -0.20892399044272E+03  0.20027691278146E+02  0.94613254406904E+01 -0.62409287408267E+02  0.18424239598903E+03  0.15565914431554E+03 -0.67417949718562E+05  0.24322004748058E+05  0.72346275040119E+03 -0.34347524851972E+03 -0.46046022238579E+03 -0.17012731133733E+02 -0.62949941040203E+01 -0.25603433858645E+04  0.30564124769323E+03 -0.27567717730287E+04 -0.14051162056858E+04 -0.16206486907180E+04  0.23596243947428E+01 -0.49115530368123E+02 -0.69777487601347E+01  0.00000000000000E+00  0.00000000000000E+00  0.31106961488444E+05  0.00000000000000E+00  0.00000000000000E+00  0.00000000000000E+00  0.00000000000000E+00  0.00000000000000E+00  0.00000000000000E+00  0.00000000000000E+00  0.00000000000000E+00  0.00000000000000E+00  0.00000000000000E+00  0.00000000000000E+00  0.00000000000000E+00  0.00000000000000E+00
  -0.88346589652761E+06  0.21524563875721E+06 -0.32577483460659E+05 -0.68695225826716E+05  0.10522304115893E+05 -0.76165205433987E+04 -0.94425908353853E+04 -0.27259454440377E+06  0.64429056792731E+05  0.10220516184177E+05 -0.20077990263713E+04 -0.27626728022826E+04 -0.28802565452323E+03 -0.90021985153318E+00  0.18805526586162E+04 -0.13235269150455E+03  0.23324131486480E+04  0.10705483718518E+04  0.67203728540513E+06  0.12716147607625E+04 -0.50919454705083E+04  0.37680228256547E+05  0.00000000000000E+00  0.00000000000000E+00  0.00000000000000E+00  0.58366096805347E+06  0.00000000000000E+00  0.00000000000000E+00  0.00000000000000E+00  0.00000000000000E+00  0.00000000000000E+00  0.00000000000000E+00  0.00000000000000E+00  0.00000000000000E+00  0.00000000000000E+00  0.00000000000000E+00  0.00000000000000E+00  0.00000000000000E+00
  -0.11578654313113E+07  0.27252325813476E+06 -0.42892169463525E+05 -0.35541327164157E+06  0.56212505799444E+05 -0.39030267766005E+05 -0.50436204466570E+05 -0.52888270551132E+06  0.12092784093599E+06  0.21027389759624E+05 -0.39471199215874E+04 -0.69856713593443E-09 -0.99235643098114E-10 -0.66706634049493E-11  0.43696253579855E+04 -0.47407475673962E+03  0.52706109354987E+04  0.28654708335851E+04  0.32202684917727E+07  0.82488989373850E+03 -0.95509210521649E+04  0.60876811214130E+05  0.00000000000000E+00  0.00000000000000E+00  0.00000000000000E+00  0.00000000000000E+00  0.93552958967059E+06  0.00000000000000E+00  0.00000000000000E+00  0.00000000000000E+00  0.00000000000000E+00  0.00000000000000E+00  0.00000000000000E+00  0.00000000000000E+00  0.00000000000000E+00  0.00000000000000E+00  0.00000000000000E+00  0.00000000000000E+00
  -0.21512893049374E+05  0.58947539791157E+04 -0.82405295913236E+03 -0.12806350678413E+04  0.25261745935011E+03  0.66006711941988E+02 -0.11364096251032E+03 -0.71750811427392E+05  0.22936360190191E+05  0.14611474407373E+04 -0.43801071672586E+03 -0.14419847533783E+04 -0.84495289742640E+02 -0.34771150732743E+01 -0.15429208069757E+04  0.17077659499841E+03 -0.13748298698979E+04 -0.71368849223542E+03  0.18723946838412E+05  0.00000000000000E+00  0.00000000000000E+00  0.00000000000000E+00  0.00000000000000E+00  0.00000000000000E+00  0.00000000000000E+00  0.00000000000000E+00  0.00000000000000E+00  0.14510869094982E+05  0.00000000000000E+00  0.00000000000000E+00  0.00000000000000E+00  0.00000000000000E+00  0.00000000000000E+00  0.00000000000000E+00  0.00000000000000E+00  0.00000000000000E+00  0.00000000000000E+00  0.00000000000000E+00
  -0.49656937502747E+05  0.13867541144005E+05 -0.19103979403926E+04 -0.26391707269386E+04  0.49577689218828E+03  0.87101565484721E+02 -0.23068924761201E+03 -0.16454295153176E+06  0.52821264032913E+05  0.32891003450884E+04 -0.10019343076881E+04 -0.25339318055225E+02 -0.60451635665586E+01 -0.22683372505231E-04 -0.32464579848917E+04  0.35586909179610E+03 -0.29032032921601E+04 -0.15038934193494E+04  0.38118906528835E+05  0.00000000000000E+00  0.00000000000000E+00  0.00000000000000E+00  0.00000000000000E+00  0.00000000000000E+00  0.00000000000000E+00  0.00000000000000E+00  0.00000000000000E+00  0.00000000000000E+00  0.33785072783022E+05  0.00000000000000E+00  0.00000000000000E+00  0.00000000000000E+00  0.00000000000000E+00  0.00000000000000E+00  0.00000000000000E+00  0.00000000000000E+00  0.00000000000000E+00  0.00000000000000E+00
  -0.31810028032622E+04  0.41776574174114E+03 -0.10030530722573E+03 -0.61908003049775E+02  0.73131175139730E+01 -0.17477414880542E+02 -0.11909188704814E+02 -0.13361312318251E+04  0.17820478701997E+03  0.42500696808666E+02 -0.11260194264737E+02 -0.47047493278341E+02 -0.34637494277622E+01 -0.14566306657925E+00 -0.74947236260399E+03  0.88185252483428E+02 -0.67514078701465E+03 -0.38078356904674E+03  0.20222200446085E+03  0.00000000000000E+00  0.00000000000000E+00  0.00000000000000E+00  0.00000000000000E+00  0.00000000000000E+00  0.00000000000000E+00  0.00000000000000E+00  0.00000000000000E+00  0.00000000000000E+00  0.00000000000000E+00  0.37703146368793E+04  0.00000000000000E+00  0.00000000000000E+00  0.00000000000000E+00  0.00000000000000E+00  0.00000000000000E+00  0.00000000000000E+00  0.00000000000000E+00  0.00000000000000E+00
  -0.20574409143809E+06  0.64090978715038E+05 -0.79836571649045E+04 -0.12552508108155E+05  0.24140018922244E+04  0.89913589321939E+03 -0.73038284684098E+03 -0.47037230644216E+04  0.57329470371340E+03  0.45450499135848E+03 -0.40221485423410E+02 -0.21447791144391E-01 -0.15306927591473E-01  0.17782442031062E-12  0.36548989830536E+03 -0.99528713043115E+02  0.90023986243782E+02  0.14846880882702E+03  0.21436825309658E+06  0.25468289879659E+04  0.35193626036613E+04  0.15705245601511E+05  0.00000000000000E+00  0.00000000000000E+00  0.00000000000000E+00  0.00000000000000E+00  0.00000000000000E+00  0.00000000000000E+00  0.00000000000000E+00  0.00000000000000E+00  0.10484025393558E+06  0.00000000000000E+00  0.00000000000000E+00  0.00000000000000E+00  0.00000000000000E+00  0.00000000000000E+00  0.00000000000000E+00  0.00000000000000E+00
  -0.23992882512412E+06  0.74313812960461E+05 -0.93045204623779E+04 -0.56561773887382E+05  0.10825857681895E+05  0.37344898121966E+04 -0.34939731544452E+04 -0.94664256394409E+04  0.11652245195314E+04  0.88549922507945E+03 -0.81023849412846E+02  0.38199367342998E-10 -0.58697658629707E-11 -0.12015125354130E-12  0.63907263523283E+03 -0.17161799806273E+03  0.17878620677381E+03  0.27138916153968E+03  0.94437788162447E+06  0.31878249612216E+04  0.43137643066152E+04  0.20048071415689E+05  0.00000000000000E+00  0.00000000000000E+00  0.00000000000000E+00  0.00000000000000E+00  0.00000000000000E+00  0.00000000000000E+00  0.00000000000000E+00  0.00000000000000E+00  0.00000000000000E+00  0.14174250210709E+06  0.00000000000000E+00  0.00000000000000E+00  0.00000000000000E+00  0.00000000000000E+00  0.00000000000000E+00  0.00000000000000E+00
  -0.89806873574042E+04  0.24142484170994E+04 -0.33971128318772E+03 -0.24292893786911E+04  0.38840175267961E+03 -0.18506759508636E+03 -0.31242938111725E+03  0.97999294979125E+03 -0.14354979120622E+04  0.10004003444607E+03 -0.90719735139418E+01 -0.94330185742123E+00 -0.87744557586952E-01 -0.16945405023438E-02 -0.30983370714163E+04  0.50732512634512E+03 -0.28768599836402E+04 -0.19219306125194E+04  0.27349030462262E+05  0.00000000000000E+00  0.00000000000000E+00  0.00000000000000E+00  0.00000000000000E+00  0.00000000000000E+00  0.00000000000000E+00  0.00000000000000E+00  0.00000000000000E+00  0.00000000000000E+00  0.00000000000000E+00  0.00000000000000E+00  0.00000000000000E+00  0.00000000000000E+00  0.79155688424176E+04  0.00000000000000E+00  0.00000000000000E+00  0.00000000000000E+00  0.00000000000000E+00  0.00000000000000E+00
  -0.31642685095249E+04  0.76270423486133E+03 -0.11853422456721E+03 -0.93307814014649E+03  0.14670418791735E+03 -0.10846870172424E+03 -0.13660348237733E+03  0.57617602549243E+03 -0.77751583130087E+03  0.45326135018521E+02 -0.44377830298416E+01 -0.42321912575975E+00 -0.36049303604114E-01 -0.94661467680516E-03 -0.16194411304318E+04  0.24608040995801E+03 -0.15507607765420E+04 -0.98929739676626E+03  0.86249300566040E+04  0.00000000000000E+00  0.00000000000000E+00  0.00000000000000E+00  0.00000000000000E+00  0.00000000000000E+00  0.00000000000000E+00  0.00000000000000E+00  0.00000000000000E+00  0.00000000000000E+00  0.00000000000000E+00  0.00000000000000E+00  0.00000000000000E+00  0.00000000000000E+00  0.00000000000000E+00  0.40962660659354E+04  0.00000000000000E+00  0.00000000000000E+00  0.00000000000000E+00  0.00000000000000E+00
  -0.19085885416762E+05 -0.22224072640592E+04 -0.82236344552751E+02 -0.95846915622941E+04  0.42759315034317E+03 -0.33336716531547E+04 -0.14365389430430E+04 -0.26140646267026E+06  0.11164912706966E+06  0.30048607457490E+04 -0.11466726190349E+04  0.15361448844989E+03  0.14614301258365E+02 -0.20112623504829E+01 -0.19915601859307E+04 -0.40620151160303E+03  0.16574458466679E+04  0.17813126964963E+04 -0.20844709391807E+05  0.00000000000000E+00  0.00000000000000E+00  0.00000000000000E+00  0.00000000000000E+00  0.00000000000000E+00  0.00000000000000E+00  0.00000000000000E+00  0.00000000000000E+00  0.00000000000000E+00  0.00000000000000E+00  0.00000000000000E+00  0.00000000000000E+00  0.00000000000000E+00  0.00000000000000E+00  0.00000000000000E+00  0.12861987292288E+06  0.00000000000000E+00  0.00000000000000E+00  0.00000000000000E+00
   0.17258292281878E+05 -0.23127330090749E+04  0.61959716932841E+03 -0.16787147190250E+05  0.25560419824973E+04 -0.36795371000411E+04 -0.34458926506047E+04 -0.73083528235154E+04  0.13493768784578E+04  0.37611181489749E+03 -0.58723327256608E+02  0.12348896735747E+03  0.26191117317315E+02  0.60990073887893E-04  0.23224813952602E+03 -0.41798110930817E+02  0.29741637701534E+03  0.20883912706834E+03  0.56866129062197E+05 -0.23481164812406E+02 -0.33153894131746E+02 -0.60268670339704E+02  0.00000000000000E+00  0.00000000000000E+00  0.00000000000000E+00  0.00000000000000E+00  0.00000000000000E+00  0.00000000000000E+00  0.00000000000000E+00  0.00000000000000E+00  0.00000000000000E+00  0.00000000000000E+00  0.00000000000000E+00  0.00000000000000E+00  0.00000000000000E+00  0.41301302230233E+05  0.00000000000000E+00  0.00000000000000E+00
  -0.75697177538741E+05  0.88919943906405E+04 -0.22727924662296E+04 -0.72273841454003E+04  0.76247980284102E+03 -0.18889577165109E+04 -0.11590100499085E+04 -0.13802399702179E+06  0.44547693796124E+05  0.27563522311762E+04 -0.84146085657145E+03 -0.16747342157632E+04 -0.11234519720909E+03 -0.34241710659275E+01 -0.10817226695964E+04  0.29662223595189E+03 -0.19441164399149E+04 -0.13632673640665E+04  0.24313076629790E+05 -0.36655551794902E+03 -0.20549898525432E+04  0.15656450825280E+04  0.00000000000000E+00  0.00000000000000E+00  0.00000000000000E+00  0.00000000000000E+00  0.00000000000000E+00  0.00000000000000E+00  0.00000000000000E+00  0.00000000000000E+00  0.00000000000000E+00  0.00000000000000E+00  0.00000000000000E+00  0.00000000000000E+00  0.00000000000000E+00  0.00000000000000E+00  0.96616123628158E+05  0.00000000000000E+00
  -0.60016324761515E+05  0.74645854974484E+04 -0.18458527595871E+04 -0.21583952676575E+05  0.23620688642244E+04 -0.55153618973529E+04 -0.35002985645101E+04 -0.16608711580648E+06  0.53202499475238E+05  0.33898533546973E+04 -0.10185067583859E+04  0.29563745146786E-10 -0.31748835021938E-11  0.96153251745173E-12 -0.12177584580800E+04  0.33409435959434E+03 -0.21600020028430E+04 -0.15193550176175E+04  0.74628554290940E+05 -0.38665731281778E+03 -0.21357532267207E+04  0.15835400654304E+04  0.00000000000000E+00  0.00000000000000E+00  0.00000000000000E+00  0.00000000000000E+00  0.00000000000000E+00  0.00000000000000E+00  0.00000000000000E+00  0.00000000000000E+00  0.00000000000000E+00  0.00000000000000E+00  0.00000000000000E+00  0.00000000000000E+00  0.00000000000000E+00  0.00000000000000E+00  0.00000000000000E+00  0.10117133564472E+06

 # Covariance matrix (Bevington epsilon)
   0.50246853918254E-03 -0.63831280638309E-04 -0.13152176674766E-01  0.13582797829827E-03 -0.16086115788325E-03  0.32400940401681E-03 -0.88094747319775E-03  0.50625494556319E-04  0.32743116618402E-04 -0.98403157607118E-03 -0.13045867211165E-01 -0.77597956609507E-03 -0.50262619004526E-02 -0.44232905932979E-01  0.99303390880400E-04  0.12316869669956E-02 -0.99983327357351E-05 -0.11178632397955E-03  0.37554764603937E-05  0.82789153335840E-03 -0.63225475948543E-03  0.28311753895946E-04  0.32156623881785E-04  0.33892890859737E-04  0.25008725131752E-04  0.31766419540151E-04  0.34836720826439E-04 -0.19796234452207E-03 -0.83562041702867E-04  0.32529379201012E-04  0.26130526278244E-04  0.31544205250188E-04 -0.39343590303375E-04 -0.42363032054513E-04  0.63934706889978E-04  0.42665425966462E-05  0.32013000566370E-04  0.32106254951563E-04
  -0.63831280638304E-04  0.11563200808437E-03  0.25765922666107E-02  0.10986736435193E-03  0.68347008584324E-03 -0.21128631215744E-03  0.27115698142036E-03 -0.44102374918760E-05 -0.32768690219134E-05  0.70119960086004E-03  0.27826707060260E-02  0.23349144885993E-03  0.22065446134114E-03  0.15425725692644E-01  0.10141862494398E-04  0.92883302439454E-03  0.63370277707625E-04  0.59870278458902E-04  0.48517872612808E-06 -0.15919363262209E-02  0.39292535536219E-03  0.97778176764343E-04  0.89952158358025E-05  0.49590919800511E-05  0.43879189912653E-05  0.34647055765375E-05  0.30977294463586E-05  0.29013092521852E-04  0.22344621367355E-05  0.26061243494796E-05  0.97711122286438E-05  0.89660979746940E-05 -0.16521169730217E-04 -0.11360006913691E-04  0.14089412539602E-05 -0.42797616915121E-05  0.61902243102113E-05  0.45889894405062E-05
  -0.13152176674766E-01  0.25765922666108E-02  0.35548729973257E+00 -0.20509201315934E-02  0.11142380756536E-01 -0.10406830187429E-01  0.24850061304952E-01 -0.12895579745303E-02 -0.84495697991979E-03  0.32223358758636E-01  0.36733895879414E+00  0.21578472696363E-01  0.13992257739728E+00  0.12939271547629E+01 -0.21337918567316E-02 -0.11566526690018E-01  0.13218155785886E-02  0.34307349517182E-02 -0.79045955243476E-04 -0.33513775995708E-01  0.19193061855442E-01  0.55783838957917E-03 -0.55841689207180E-03 -0.62743061432637E-03 -0.42787242105755E-03 -0.54071256435018E-03 -0.61998402486183E-03  0.58863179340532E-02  0.26963376052404E-02 -0.75124092314473E-03 -0.36840444956060E-03 -0.52657861625224E-03  0.62715495267381E-03  0.74704783593016E-03 -0.13955974296334E-02 -0.11545815288118E-03 -0.53741937569787E-03 -0.54699278997722E-03
   0.13582797829829E-03  0.10986736435193E-03 -0.20509201315937E-02  0.10385373546550E-02  0.44314415227870E-02 -0.18718508885359E-02  0.80997885528603E-03  0.19322757538910E-04  0.87179944488123E-05 -0.23778891019835E-03 -0.44520984458765E-02  0.10405587811420E-02 -0.97138211374522E-02  0.25162954533405E-01  0.33680046940475E-03  0.65414312546258E-02 -0.95398361616203E-03  0.22660321434364E-02  0.22564721507510E-04 -0.20986330011537E-02  0.46364486018116E-03  0.23534493131107E-03  0.47091394292646E-04  0.43098538490217E-04  0.30856954162033E-04  0.46203950441362E-04  0.46055310560164E-04  0.44602230972691E-04 -0.74436999217085E-05  0.21822937097575E-04  0.44027291914056E-04  0.35819299966493E-04 -0.42722697892490E-04 -0.44020537693539E-04  0.52195245028841E-04 -0.54409129881728E-06  0.51997421475472E-04  0.46968083849383E-04
