# fitpack15: fit parameters                                                                         
# CJ15 AV18 final data choices                                                                      
# Created on 06/04/2019 at 15:24:42                                                                 

 # QCD setup
  INS                           0
  NVL                          11
  IORD                          1
  Q02                   1.6899999999999999     
  IPARAMC                       7
  FLAVOR                4.0000000000000000     
  xmc                   1.3000000000000000     
  xmb                   4.5000000000000000     
  ncb                          12
  ihq                           1
  ias                           0

 # Theory corrections
  inuke                     10914
  itmc                          1
  iht                           1

 # fit parameters
 LAMBDA       0.22680        0.0000    
 a0uv          1.9525        0.0000    
 a1uv         0.56749       0.22702E-01
 a2uv          3.5555       0.10747E-01
 a3uv          0.0000        0.0000    
 a4uv          4.5408       0.61069    
 a5uv          0.0000        0.0000    
 a0dv          29.208        0.0000    
 a1dv          1.1980       0.32202E-01
 a2dv          6.8567       0.16590    
 a3dv         -3.5168       0.84017E-01
 a4dv          4.6059       0.13336    
 a5dv          0.0000        0.0000    
 a0ud         0.14600       0.49912E-02
 a1ud        -0.20802       0.37291E-02
 a2ud          8.6165       0.18149    
 a3ud          0.0000        0.0000    
 a4ud          14.476        1.1506    
 a5ud          0.0000        0.0000    
 a0du          35712.        0.0000    
 a1du          4.1621       0.12946    
 a2du          23.056        1.6959    
 a3du          17.000        0.0000    
 a4du          53.337        7.4582    
 a0g           46.566        0.0000    
 a1g          0.61006       0.30672E-01
 a2g           6.1464       0.77732    
 a3g          -3.4128       0.12714    
 a4g           3.3613       0.30870    
 a5g           0.0000        0.0000    
 kappa        0.40000        0.0000    
 a6dv        -0.68881E-02   0.83864E-03
 a7dv          2.0000        0.0000    
 off1          8.1000        0.0000    
 off2         0.44800        0.0000    
 off3         0.50000E-01    0.0000    
 ht1          -3.2663       0.26761    
 ht2           1.9378       0.11358    
 ht3          -2.1277       0.30049E-01
 ht4           0.0000        0.0000    
 dummy41       0.0000        0.0000    
 dummy42       0.0000        0.0000    
 dummy43       0.0000        0.0000    
 dummy44       0.0000        0.0000    
 dummy45       0.0000        0.0000    
 dummy46       0.0000        0.0000    
 dummy47       0.0000        0.0000    
 dummy48       0.0000        0.0000    
 dummy49       0.0000        0.0000    
 bcdmsh2      0.96457       0.47821E-02
 bcdmsd2      0.99029       0.56476E-02
 ccfr          1.0000        0.0000    
 nutev         1.0000        0.0000    
 zeus         0.97998        0.0000    
 h1            1.0162        0.0000    
 e605          1.0319        0.0000    
 NmcH2         1.0003       0.70632E-02
 ntv_nu        1.0000        0.0000    
 ntv_nubar     1.0000        0.0000    
 cdf_jet      0.98910        0.0000    
 d0_jet       0.83504        0.0000    
 slac_p       0.99951       0.47750E-02
 slac_d       0.99485       0.50552E-02
 e866pp       0.97398       0.19519E-01
 e866pd       0.93423       0.15121E-01
 d0_gamjet     1.0414       0.16456E-01
 h1b          0.97608        0.0000    
 jlab_p       0.99772       0.57617E-02
 jlab_d       0.96490       0.56508E-02
 blank         1.0000        0.0000    
 d0run2       0.96614       0.14911E-01
 cdfrun2      0.94802       0.17662E-01
 HERA_el       1.0000        0.0000    
 HERA_ps       1.0000        0.0000    
 CDF_Z        0.94741       0.61429E-02
 NmcRat        1.0000        0.0000    
 BNS_F2nd     0.95773       0.53261E-02
 HERMES_F2p   0.98939       0.55532E-02
 HERMES_F2d   0.97285       0.57290E-02
 END 0. 0.

 # Hessian matrix (Bevington alpha)
   0.53506391901988E+07 -0.13750789127418E+07  0.19972266728529E+06  0.55008791514392E+06 -0.11185414745127E+06 -0.46863303094566E+05  0.46460939635071E+05  0.90961562595612E+06 -0.17971984686155E+06 -0.46169473496062E+05  0.73600482007287E+04  0.85537849899033E+04  0.83425605028003E+03 -0.11012002744332E+03  0.10093611086254E+05 -0.26048726943350E+04  0.11958174847910E+05  0.88167488247399E+04 -0.92095068297958E+07 -0.22113880967517E+05 -0.12799648039535E+05 -0.23274800322390E+06 -0.13333443055418E+06 -0.57107762843864E+05 -0.52447349781180E+04 -0.88334997236692E+06 -0.11576355374209E+07 -0.21529562850242E+05 -0.49684245100665E+05 -0.31780711883463E+04 -0.20584088518479E+06 -0.24002476711052E+06 -0.89679538595914E+04 -0.31591220109349E+04 -0.18839471310303E+05  0.17209957574514E+05 -0.75563571477877E+05 -0.59914755989819E+05
  -0.13750789127418E+07  0.43050635605965E+06 -0.52415975689964E+05 -0.15362996640844E+06  0.29170335682821E+05  0.17291414477466E+05 -0.81545451883181E+04 -0.11464326538814E+06  0.26440453084133E+05  0.66151765112309E+04 -0.86756040714414E+03 -0.67258766455893E+03 -0.64665867943410E+02  0.13226013782700E+02  0.88238164125837E+03 -0.86386649047456E+02  0.36049079442151E+03  0.21831829506030E+03  0.30641159855457E+07  0.95864600071848E+04  0.10507614819019E+05  0.67183041796980E+05  0.16896076121519E+05  0.84470728264652E+04 -0.21379397148466E+03  0.21533677156775E+06  0.27260439771982E+06  0.59031639378562E+04  0.13881364897479E+05  0.41740844419611E+03  0.64119905290309E+05  0.74343769412340E+05  0.24101520176109E+04  0.76153240390770E+03 -0.22414970053920E+04 -0.23118166520859E+04  0.88903829143404E+04  0.74628369105847E+04
   0.19972266728529E+06 -0.52415975689964E+05  0.75080873102784E+04  0.20424227207383E+05 -0.42244553052665E+04 -0.20202830407362E+04  0.16441726981212E+04  0.25476467353123E+05 -0.49743730241334E+04 -0.15129404304958E+04  0.20959943003664E+03  0.22391034717686E+03  0.24586624378880E+02 -0.41682140994389E+01 -0.27644927185590E+03 -0.16821417760108E+02 -0.15596833715867E+03 -0.52448038347167E+01 -0.35262782896501E+06 -0.88407279592287E+03 -0.65152182416812E+03 -0.88191599896934E+04 -0.46819099479949E+04 -0.20119441065603E+04  0.21006655048338E+02 -0.32220795043623E+05 -0.42419381170232E+05 -0.81513110949999E+03 -0.18892412718950E+04 -0.99296142611217E+02 -0.78966216390984E+04 -0.92025187226290E+04 -0.33584207028077E+03 -0.11712955679043E+03 -0.73267062761847E+02  0.60927394261105E+03 -0.22471838980938E+04 -0.18249778662313E+04
   0.55008791514392E+06 -0.15362996640844E+06  0.20424227207383E+05  0.41241272952886E+06 -0.57680881846822E+05  0.73719619757660E+05  0.64353287196029E+05  0.30829945157841E+06 -0.17979289531098E+05 -0.16452019778032E+05  0.30714093680093E+04 -0.85685419817426E+03 -0.91666513593119E+02  0.57682740301050E+02  0.32072214550133E+05 -0.42575062010322E+04  0.29222511798203E+05  0.16606641650619E+05 -0.27921944877611E+07 -0.21471820186553E+04  0.13591451171878E+04 -0.41351746927379E+05 -0.12602179936945E+05 -0.21234032609142E+05  0.14246884011067E+02 -0.68663593262495E+05 -0.35519938954096E+06 -0.12790114486845E+04 -0.26350971884879E+04 -0.60773943793903E+02 -0.12537653250376E+05 -0.56501621388190E+05 -0.24225472152507E+04 -0.93079085931209E+03 -0.95867014895022E+04 -0.16793642840028E+05 -0.72286617912209E+04 -0.21589005523641E+05
  -0.11185414745127E+06  0.29170335682821E+05 -0.42244553052665E+04 -0.57680881846822E+05  0.91622220279943E+04 -0.71082717118458E+04 -0.84132767956999E+04 -0.26589619873501E+05 -0.22862664121837E+03  0.19706107202334E+04 -0.29002493778398E+03 -0.76009550106690E+00  0.39100731906570E+01 -0.49616125031857E+01 -0.25648290697854E+04  0.35363183165330E+03 -0.22417439453828E+04 -0.13020871443916E+04  0.47078834513235E+06  0.47193809797959E+03  0.22518698575833E+03  0.72933916403599E+04  0.18812065664317E+04  0.31590184393642E+04 -0.63358008697694E+02  0.10510970999430E+05  0.56147439853459E+05  0.25231756554435E+03  0.49502547962736E+03  0.71570367968527E+01  0.24096275056931E+04  0.10807338124758E+05  0.38714714771486E+03  0.14629392630091E+03  0.42336164339792E+03  0.25555446951911E+04  0.76173459972141E+03  0.23600968296507E+04
  -0.46863303094566E+05  0.17291414477466E+05 -0.20202830407362E+04  0.73719619757660E+05 -0.71082717118458E+04  0.27691988693150E+05  0.16049125099835E+05  0.99740213216617E+05 -0.77246717589504E+04 -0.43636689684530E+04  0.97107547386426E+03 -0.46148244646918E+03 -0.42606383111801E+02  0.20385491496257E+02  0.10224339636084E+05 -0.13911658916713E+04  0.94478839517879E+04  0.54535657080020E+04  0.22092355798002E+05  0.94467793959060E+03  0.26958838680871E+04 -0.36694094481850E+03 -0.28840694385298E+04 -0.43961918321625E+04  0.18713296879207E+03 -0.76530934609690E+04 -0.39210299777032E+05  0.66501029531350E+02  0.88059217021554E+02 -0.17360699293693E+02  0.90191725575876E+03  0.37444643409782E+04 -0.18591353800375E+03 -0.10884029410614E+03 -0.33429886618280E+04 -0.36970436285462E+04 -0.18959340438625E+04 -0.55365187754886E+04
   0.46460939635071E+05 -0.81545451883181E+04  0.16441726981212E+04  0.64353287196029E+05 -0.84132767956999E+04  0.16049125099835E+05  0.12038679364269E+05  0.53735168585087E+05 -0.19406688975962E+04 -0.30355278345200E+04  0.55437745210356E+03 -0.15350686359176E+03 -0.17589572799393E+02  0.10631065227530E+02  0.52290315807878E+04 -0.73060248409521E+03  0.46565115763775E+04  0.27354682771711E+04 -0.23952869319181E+06  0.25158142371227E+03  0.12444169015140E+04 -0.41616424053325E+04 -0.25357202638256E+04 -0.39856831115320E+04  0.15789688081258E+03 -0.94854542579041E+04 -0.50657183910506E+05 -0.11403370829288E+03 -0.23134073435859E+03 -0.11784395090399E+02 -0.73323783094583E+03 -0.35087688578239E+04 -0.31331555262402E+03 -0.13700609635169E+03 -0.14393016605845E+04 -0.34643151328044E+04 -0.11636520789106E+04 -0.35148896492028E+04
   0.90961562595612E+06 -0.11464326538814E+06  0.25476467353123E+05  0.30829945157841E+06 -0.26589619873501E+05  0.99740213216617E+05  0.53735168585087E+05  0.48047464857019E+07 -0.22749171584465E+07 -0.78519082192324E+05  0.24556800700737E+05  0.15669444862079E+05  0.97508606558049E+03  0.95948401194124E+02  0.77490273037458E+05 -0.10630098326609E+05  0.84337702520659E+05  0.45690751487721E+05 -0.54210528613960E+06  0.66896536526607E+04  0.33533733642334E+05 -0.25672934358721E+05 -0.58582867535683E+05 -0.44928865589432E+05 -0.67481324370200E+05 -0.27280598163750E+06 -0.52960269670379E+06 -0.71804997693522E+05 -0.16463950524104E+06 -0.13314348911712E+04 -0.47041896533107E+04 -0.94718813430103E+04  0.98276712193445E+03  0.58361227051328E+03 -0.26161436381021E+06 -0.73458419642848E+04 -0.13809994287197E+06 -0.16619546947986E+06
  -0.17971984686155E+06  0.26440453084133E+05 -0.49743730241334E+04 -0.17979289531098E+05 -0.22862664121837E+03 -0.77246717589504E+04 -0.19406688975962E+04 -0.22749171584465E+07  0.19166816282190E+07  0.17635426686626E+05 -0.62217400598587E+04 -0.34841709597363E+04 -0.18576551835261E+03 -0.12920810693125E+02  0.52729470636918E+05 -0.29526449203824E+04  0.20569518401573E+05  0.10352606153743E+05 -0.47788582261444E+05 -0.16370827620269E+04 -0.85311965391797E+04  0.42973685387744E+04  0.11063568189455E+05  0.99209324427858E+04  0.24335719528600E+05  0.64453228893080E+05  0.12103826727877E+06  0.22944554335258E+05  0.52822055823809E+05  0.17574159799056E+03  0.56839548432368E+03  0.11576063128730E+04 -0.14366120591074E+04 -0.78091055467432E+03  0.11169243541599E+06  0.13565267096517E+04  0.44558294841954E+05  0.53214429590479E+05
  -0.46169473496062E+05  0.66151765112309E+04 -0.15129404304958E+04 -0.16452019778032E+05  0.19706107202334E+04 -0.43636689684530E+04 -0.30355278345200E+04 -0.78519082192324E+05  0.17635426686626E+05  0.23485326079435E+04 -0.58785108851595E+03 -0.38069354281624E+03 -0.29897450035695E+02 -0.17289511516332E+01 -0.39560237668016E+04  0.52516808757940E+03 -0.36722198277874E+04 -0.20992314172512E+04  0.56824215654255E+05 -0.19595120975766E+03 -0.98885590115377E+03  0.15851523595192E+04  0.25924411262433E+04  0.17336882144787E+04  0.72336321507184E+03  0.10233940309890E+05  0.21067320248263E+05  0.14626507583691E+04  0.32930143121441E+04  0.42433669342650E+02  0.45637242227562E+03  0.88905366495426E+03  0.10010566652935E+03  0.45287879725214E+02  0.30064542853221E+04  0.37787415367731E+03  0.27575875832795E+04  0.33926204863395E+04
   0.73600482007287E+04 -0.86756040714414E+03  0.20959943003664E+03  0.30714093680093E+04 -0.29002493778398E+03  0.97107547386426E+03  0.55437745210356E+03  0.24556800700737E+05 -0.62217400598587E+04 -0.58785108851595E+03  0.17083678060433E+03  0.11800281739232E+03  0.78844248516648E+01  0.69498939241627E+00  0.12650970216504E+04 -0.15081226878928E+03  0.11392540171409E+04  0.62415603157045E+03 -0.65181883501531E+04  0.49034152298975E+02  0.24013224317390E+03 -0.21049747163250E+03 -0.47185254988373E+03 -0.34036593740163E+03 -0.34371052143797E+03 -0.20092646417381E+04 -0.39524285860247E+04 -0.43826912375438E+03 -0.10025096122046E+04 -0.11241483157331E+02 -0.40284433067482E+02 -0.81168812746699E+02 -0.90657713686269E+01 -0.44096865952894E+01 -0.11473391802989E+04 -0.59035111737626E+02 -0.84179504571370E+03 -0.10191164221428E+04
   0.85537849899033E+04 -0.67258766455893E+03  0.22391034717686E+03 -0.85685419817426E+03 -0.76009550106690E+00 -0.46148244646918E+03 -0.15350686359176E+03  0.15669444862079E+05 -0.34841709597363E+04 -0.38069354281624E+03  0.11800281739232E+03  0.58746140037530E+03  0.36552985764716E+02 -0.57235128486619E+00  0.87403028697922E+03 -0.12852487780924E+03  0.99187198353829E+03  0.56861846539069E+03 -0.42149289440276E+04  0.27723607083837E+02  0.15330881262370E+03 -0.24800336075077E+02 -0.58079353217662E+03  0.18542109468812E-10 -0.43435187659246E+03 -0.26942486883122E+04  0.87522771921879E-10 -0.13824959864189E+04 -0.25450361933444E+02 -0.45416977803670E+02 -0.22831181211532E-01 -0.38506704335197E-10 -0.91490272448440E+00 -0.40978886916291E+00  0.14809230474114E+03  0.12343388994164E+03 -0.16104137814059E+04 -0.54130883511022E-10
   0.83425605028003E+03 -0.64665867943410E+02  0.24586624378880E+02 -0.91666513593119E+02  0.39100731906570E+01 -0.42606383111801E+02 -0.17589572799393E+02  0.97508606558049E+03 -0.18576551835261E+03 -0.29897450035695E+02  0.78844248516648E+01  0.36552985764716E+02  0.29008237763505E+01 -0.94428309506481E-01  0.46533249486774E+02 -0.81641987936055E+01  0.56569276894414E+02  0.35017421301778E+02 -0.18701980985150E+03  0.30562621795560E+01  0.15117772000261E+02 -0.41074604532934E+01 -0.73735160473234E+02 -0.10025205028987E-12 -0.16455074888679E+02 -0.27482127904785E+03 -0.51921689629683E-11 -0.81550336513269E+02 -0.56230026244781E+01 -0.33329999725091E+01 -0.13514900399581E-01  0.16250410373100E-11 -0.83796899997638E-01 -0.34535754387770E-01  0.13920149788104E+02  0.24519078210123E+02 -0.10814507760385E+03 -0.60595749999113E-11
  -0.11012002744332E+03  0.13226013782700E+02 -0.41682140994389E+01  0.57682740301050E+02 -0.49616125031857E+01  0.20385491496257E+02  0.10631065227530E+02  0.95948401194124E+02 -0.12920810693125E+02 -0.17289511516332E+01  0.69498939241627E+00 -0.57235128486619E+00 -0.94428309506481E-01  0.53549378177295E-01  0.15106019058739E+02 -0.12359686487000E+01  0.10396418534155E+02  0.49500157043285E+01 -0.97521755245230E+02 -0.39116737687337E-02  0.28163858913852E-01  0.14592057880726E-01  0.69226706412030E-01  0.16574375754174E-12 -0.63975201994270E+01 -0.92644632775603E+00 -0.17540156078435E-11 -0.35557137584783E+01 -0.23403380784837E-04 -0.14838269625416E+00  0.94047228243816E-13  0.43582387885587E-12 -0.17231022286831E-02 -0.96290300880971E-03 -0.20192320849704E+01  0.62676062279438E-04 -0.35029653693098E+01 -0.96451677523940E-12
   0.10093611086254E+05  0.88238164125837E+03 -0.27644927185590E+03  0.32072214550133E+05 -0.25648290697854E+04  0.10224339636084E+05  0.52290315807878E+04  0.77490273037458E+05  0.52729470636918E+05 -0.39560237668016E+04  0.12650970216504E+04  0.87403028697922E+03  0.46533249486774E+02  0.15106019058739E+02  0.51764803020654E+05 -0.52350605453302E+04  0.40115700671269E+05  0.21197797649855E+05 -0.64378052409513E+05 -0.15328607673490E+02 -0.11029196780492E+03  0.80330013230402E+03 -0.31492859841374E+04 -0.20236385026547E+04 -0.25616403717175E+04  0.18963444582733E+04  0.43980510850014E+04 -0.15376550707202E+04 -0.32356934609727E+04 -0.74828227966037E+03  0.35225727757749E+03  0.61721267012058E+03 -0.30744282766563E+04 -0.16115681240008E+04 -0.19901075717925E+04  0.23347662073214E+03 -0.10828858618948E+04 -0.12182868735575E+04
  -0.26048726943350E+04 -0.86386649047456E+02 -0.16821417760108E+02 -0.42575062010322E+04  0.35363183165330E+03 -0.13911658916713E+04 -0.73060248409521E+03 -0.10630098326609E+05 -0.29526449203824E+04  0.52516808757940E+03 -0.15081226878928E+03 -0.12852487780924E+03 -0.81641987936055E+01 -0.12359686487000E+01 -0.52350605453302E+04  0.62009278189157E+03 -0.45921629469468E+04 -0.25293867760338E+04  0.83517808437033E+04 -0.10237732606787E+02 -0.26500158092597E+02 -0.17886158542752E+03  0.62954686421212E+03  0.39079896778745E+03  0.30654662535842E+03 -0.12894425305320E+03 -0.47623018553544E+03  0.17160363691136E+03  0.35751992196753E+03  0.89341797460887E+02 -0.10265162434945E+03 -0.17699713568438E+03  0.51956362730343E+03  0.25167125387800E+03 -0.43075003270589E+03 -0.42974055063749E+02  0.30538774458478E+03  0.34393703806376E+03
   0.11958174847910E+05  0.36049079442151E+03 -0.15596833715867E+03  0.29222511798203E+05 -0.22417439453828E+04  0.94478839517879E+04  0.46565115763775E+04  0.84337702520659E+05  0.20569518401573E+05 -0.36722198277874E+04  0.11392540171409E+04  0.99187198353829E+03  0.56569276894414E+02  0.10396418534155E+02  0.40115700671269E+05 -0.45921629469468E+04  0.35118275761166E+05  0.19028839984780E+05 -0.58688760015235E+05 -0.85193179128952E+02 -0.26538112371494E+03  0.62946143173449E+03 -0.30660104544150E+04 -0.19396589725606E+04 -0.27489399382170E+04  0.23244546045141E+04  0.52215443885379E+04 -0.13686694904968E+04 -0.28901774192147E+04 -0.66993782364217E+03  0.85654791128353E+02  0.17059826984660E+03 -0.28297286931766E+04 -0.15290885445895E+04  0.15809569071581E+04  0.29127426440946E+03 -0.19103142772109E+04 -0.21219755918321E+04
   0.88167488247399E+04  0.21831829506030E+03 -0.52448038347167E+01  0.16606641650619E+05 -0.13020871443916E+04  0.54535657080020E+04  0.27354682771711E+04  0.45690751487721E+05  0.10352606153743E+05 -0.20992314172512E+04  0.62415603157045E+03  0.56861846539069E+03  0.35017421301778E+02  0.49500157043285E+01  0.21197797649855E+05 -0.25293867760338E+04  0.19028839984780E+05  0.10460041926389E+05 -0.33138738782757E+05 -0.25752873856627E+02 -0.66910490376067E+02  0.51163993542494E+03 -0.21864968404089E+04 -0.13534282747638E+04 -0.13799808966904E+04  0.10550080679010E+04  0.28050836509783E+04 -0.69907585963521E+03 -0.14733922945299E+04 -0.37230197844940E+03  0.14099835068983E+03  0.25813310527751E+03 -0.18645234099339E+04 -0.96219766861750E+03  0.17158020426783E+04  0.20283799799814E+03 -0.13258261145030E+04 -0.14772723338593E+04
  -0.92095068297958E+07  0.30641159855457E+07 -0.35262782896501E+06 -0.27921944877611E+07  0.47078834513235E+06  0.22092355798002E+05 -0.23952869319181E+06 -0.54210528613960E+06 -0.47788582261444E+05  0.56824215654255E+05 -0.65181883501531E+04 -0.42149289440276E+04 -0.18701980985150E+03 -0.97521755245230E+02 -0.64378052409513E+05  0.83517808437033E+04 -0.58688760015235E+05 -0.33138738782757E+05  0.43700464118664E+08  0.79676557308544E+05  0.92098251496122E+05  0.54823426107146E+06  0.40493104965412E+05  0.90511375908259E+05 -0.16599300567739E+04  0.67361582200817E+06  0.32274682872904E+07  0.18774165966634E+05  0.38212174751649E+05  0.19554931119830E+03  0.21484458106952E+06  0.94650277352953E+06  0.27345297887469E+05  0.86268948195190E+04 -0.21097381303665E+05  0.57025474045308E+05  0.24357569815021E+05  0.74780797471251E+05
  -0.22113880967517E+05  0.95864600071848E+04 -0.88407279592287E+03 -0.21471820186553E+04  0.47193809797959E+03  0.94467793959060E+03  0.25158142371227E+03  0.66896536526607E+04 -0.16370827620269E+04 -0.19595120975766E+03  0.49034152298975E+02  0.27723607083837E+02  0.30562621795560E+01 -0.39116737687337E-02 -0.15328607673490E+02 -0.10237732606787E+02 -0.85193179128952E+02 -0.25752873856627E+02  0.79676557308544E+05  0.43221784915200E+03  0.73626522700398E+03  0.17198835475565E+04 -0.47119613426959E+02 -0.27859814292887E+02  0.24494077497250E+01  0.12732485206178E+04  0.82858833024187E+03  0.00000000000000E+00  0.00000000000000E+00  0.00000000000000E+00  0.25418460916160E+04  0.31816579455451E+04  0.00000000000000E+00  0.00000000000000E+00  0.00000000000000E+00 -0.23447557601949E+02 -0.36459309934468E+03 -0.38461656797174E+03
  -0.12799648039535E+05  0.10507614819019E+05 -0.65152182416812E+03  0.13591451171878E+04  0.22518698575833E+03  0.26958838680871E+04  0.12444169015140E+04  0.33533733642334E+05 -0.85311965391797E+04 -0.98885590115377E+03  0.24013224317390E+03  0.15330881262370E+03  0.15117772000261E+02  0.28163858913852E-01 -0.11029196780492E+03 -0.26500158092597E+02 -0.26538112371494E+03 -0.66910490376067E+02  0.92098251496122E+05  0.73626522700398E+03  0.17929064036082E+04  0.17107468686212E+04 -0.14529299582737E+03 -0.10146095586398E+03 -0.47627123367435E+02 -0.50392689250324E+04 -0.94693576647294E+04  0.00000000000000E+00  0.00000000000000E+00  0.00000000000000E+00  0.35144621189821E+04  0.43077559533105E+04  0.00000000000000E+00  0.00000000000000E+00  0.00000000000000E+00 -0.33188480309708E+02 -0.20368057985891E+04 -0.21169447507215E+04
  -0.23274800322390E+06  0.67183041796980E+05 -0.88191599896934E+04 -0.41351746927379E+05  0.72933916403599E+04 -0.36694094481850E+03 -0.41616424053325E+04 -0.25672934358721E+05  0.42973685387744E+04  0.15851523595192E+04 -0.21049747163250E+03 -0.24800336075077E+02 -0.41074604532934E+01  0.14592057880726E-01  0.80330013230402E+03 -0.17886158542752E+03  0.62946143173449E+03  0.51163993542494E+03  0.54823426107146E+06  0.17198835475565E+04  0.17107468686212E+04  0.15926475059405E+05  0.25070997026431E+03  0.12985742327120E+03 -0.70112970145682E+01  0.37682942999561E+05  0.60872623942690E+05  0.00000000000000E+00  0.00000000000000E+00  0.00000000000000E+00  0.15716742998273E+05  0.20062858748623E+05  0.00000000000000E+00  0.00000000000000E+00  0.00000000000000E+00 -0.60443934196233E+02  0.15641583279108E+04  0.15819431088496E+04
  -0.13333443055418E+06  0.16896076121519E+05 -0.46819099479949E+04 -0.12602179936945E+05  0.18812065664317E+04 -0.28840694385298E+04 -0.25357202638256E+04 -0.58582867535683E+05  0.11063568189455E+05  0.25924411262433E+04 -0.47185254988373E+03 -0.58079353217662E+03 -0.73735160473234E+02  0.69226706412030E-01 -0.31492859841374E+04  0.62954686421212E+03 -0.30660104544150E+04 -0.21864968404089E+04  0.40493104965412E+05 -0.47119613426959E+02 -0.14529299582737E+03  0.25070997026431E+03  0.11825549998781E+06  0.00000000000000E+00  0.00000000000000E+00  0.00000000000000E+00  0.00000000000000E+00  0.00000000000000E+00  0.00000000000000E+00  0.00000000000000E+00  0.00000000000000E+00  0.00000000000000E+00  0.00000000000000E+00  0.00000000000000E+00  0.00000000000000E+00  0.00000000000000E+00  0.00000000000000E+00  0.00000000000000E+00
  -0.57107762843864E+05  0.84470728264652E+04 -0.20119441065603E+04 -0.21234032609142E+05  0.31590184393642E+04 -0.43961918321625E+04 -0.39856831115320E+04 -0.44928865589432E+05  0.99209324427858E+04  0.17336882144787E+04 -0.34036593740163E+03  0.18542109468812E-10 -0.10025205028987E-12  0.16574375754174E-12 -0.20236385026547E+04  0.39079896778745E+03 -0.19396589725606E+04 -0.13534282747638E+04  0.90511375908259E+05 -0.27859814292887E+02 -0.10146095586398E+03  0.12985742327120E+03  0.00000000000000E+00  0.64976326792945E+05  0.00000000000000E+00  0.00000000000000E+00  0.00000000000000E+00  0.00000000000000E+00  0.00000000000000E+00  0.00000000000000E+00  0.00000000000000E+00  0.00000000000000E+00  0.00000000000000E+00  0.00000000000000E+00  0.00000000000000E+00  0.00000000000000E+00  0.00000000000000E+00  0.00000000000000E+00
  -0.52447349781180E+04 -0.21379397148466E+03  0.21006655048338E+02  0.14246884011067E+02 -0.63358008697694E+02  0.18713296879207E+03  0.15789688081258E+03 -0.67481324370200E+05  0.24335719528600E+05  0.72336321507184E+03 -0.34371052143797E+03 -0.43435187659246E+03 -0.16455074888679E+02 -0.63975201994270E+01 -0.25616403717175E+04  0.30654662535842E+03 -0.27489399382170E+04 -0.13799808966904E+04 -0.16599300567739E+04  0.24494077497250E+01 -0.47627123367435E+02 -0.70112970145682E+01  0.00000000000000E+00  0.00000000000000E+00  0.31135440215651E+05  0.00000000000000E+00  0.00000000000000E+00  0.00000000000000E+00  0.00000000000000E+00  0.00000000000000E+00  0.00000000000000E+00  0.00000000000000E+00  0.00000000000000E+00  0.00000000000000E+00  0.00000000000000E+00  0.00000000000000E+00  0.00000000000000E+00  0.00000000000000E+00
  -0.88334997236692E+06  0.21533677156775E+06 -0.32220795043623E+05 -0.68663593262495E+05  0.10510970999430E+05 -0.76530934609690E+04 -0.94854542579041E+04 -0.27280598163750E+06  0.64453228893080E+05  0.10233940309890E+05 -0.20092646417381E+04 -0.26942486883122E+04 -0.27482127904785E+03 -0.92644632775603E+00  0.18963444582733E+04 -0.12894425305320E+03  0.23244546045141E+04  0.10550080679010E+04  0.67361582200817E+06  0.12732485206178E+04 -0.50392689250324E+04  0.37682942999561E+05  0.00000000000000E+00  0.00000000000000E+00  0.00000000000000E+00  0.58358441552833E+06  0.00000000000000E+00  0.00000000000000E+00  0.00000000000000E+00  0.00000000000000E+00  0.00000000000000E+00  0.00000000000000E+00  0.00000000000000E+00  0.00000000000000E+00  0.00000000000000E+00  0.00000000000000E+00  0.00000000000000E+00  0.00000000000000E+00
  -0.11576355374209E+07  0.27260439771982E+06 -0.42419381170232E+05 -0.35519938954096E+06  0.56147439853459E+05 -0.39210299777032E+05 -0.50657183910506E+05 -0.52960269670379E+06  0.12103826727877E+06  0.21067320248263E+05 -0.39524285860247E+04  0.87522771921879E-10 -0.51921689629683E-11 -0.17540156078435E-11  0.43980510850014E+04 -0.47623018553544E+03  0.52215443885379E+04  0.28050836509783E+04  0.32274682872904E+07  0.82858833024187E+03 -0.94693576647294E+04  0.60872623942690E+05  0.00000000000000E+00  0.00000000000000E+00  0.00000000000000E+00  0.00000000000000E+00  0.93535657089416E+06  0.00000000000000E+00  0.00000000000000E+00  0.00000000000000E+00  0.00000000000000E+00  0.00000000000000E+00  0.00000000000000E+00  0.00000000000000E+00  0.00000000000000E+00  0.00000000000000E+00  0.00000000000000E+00  0.00000000000000E+00
  -0.21529562850242E+05  0.59031639378562E+04 -0.81513110949999E+03 -0.12790114486845E+04  0.25231756554435E+03  0.66501029531350E+02 -0.11403370829288E+03 -0.71804997693522E+05  0.22944554335258E+05  0.14626507583691E+04 -0.43826912375438E+03 -0.13824959864189E+04 -0.81550336513269E+02 -0.35557137584783E+01 -0.15376550707202E+04  0.17160363691136E+03 -0.13686694904968E+04 -0.69907585963521E+03  0.18774165966634E+05  0.00000000000000E+00  0.00000000000000E+00  0.00000000000000E+00  0.00000000000000E+00  0.00000000000000E+00  0.00000000000000E+00  0.00000000000000E+00  0.00000000000000E+00  0.14525095979153E+05  0.00000000000000E+00  0.00000000000000E+00  0.00000000000000E+00  0.00000000000000E+00  0.00000000000000E+00  0.00000000000000E+00  0.00000000000000E+00  0.00000000000000E+00  0.00000000000000E+00  0.00000000000000E+00
  -0.49684245100665E+05  0.13881364897479E+05 -0.18892412718950E+04 -0.26350971884879E+04  0.49502547962736E+03  0.88059217021554E+02 -0.23134073435859E+03 -0.16463950524104E+06  0.52822055823809E+05  0.32930143121441E+04 -0.10025096122046E+04 -0.25450361933444E+02 -0.56230026244781E+01 -0.23403380784837E-04 -0.32356934609727E+04  0.35751992196753E+03 -0.28901774192147E+04 -0.14733922945299E+04  0.38212174751649E+05  0.00000000000000E+00  0.00000000000000E+00  0.00000000000000E+00  0.00000000000000E+00  0.00000000000000E+00  0.00000000000000E+00  0.00000000000000E+00  0.00000000000000E+00  0.00000000000000E+00  0.33808078070840E+05  0.00000000000000E+00  0.00000000000000E+00  0.00000000000000E+00  0.00000000000000E+00  0.00000000000000E+00  0.00000000000000E+00  0.00000000000000E+00  0.00000000000000E+00  0.00000000000000E+00
  -0.31780711883463E+04  0.41740844419611E+03 -0.99296142611217E+02 -0.60773943793903E+02  0.71570367968527E+01 -0.17360699293693E+02 -0.11784395090399E+02 -0.13314348911712E+04  0.17574159799056E+03  0.42433669342650E+02 -0.11241483157331E+02 -0.45416977803670E+02 -0.33329999725091E+01 -0.14838269625416E+00 -0.74828227966037E+03  0.89341797460887E+02 -0.66993782364217E+03 -0.37230197844940E+03  0.19554931119830E+03  0.00000000000000E+00  0.00000000000000E+00  0.00000000000000E+00  0.00000000000000E+00  0.00000000000000E+00  0.00000000000000E+00  0.00000000000000E+00  0.00000000000000E+00  0.00000000000000E+00  0.00000000000000E+00  0.37756821539296E+04  0.00000000000000E+00  0.00000000000000E+00  0.00000000000000E+00  0.00000000000000E+00  0.00000000000000E+00  0.00000000000000E+00  0.00000000000000E+00  0.00000000000000E+00
  -0.20584088518479E+06  0.64119905290309E+05 -0.78966216390984E+04 -0.12537653250376E+05  0.24096275056931E+04  0.90191725575876E+03 -0.73323783094583E+03 -0.47041896533107E+04  0.56839548432368E+03  0.45637242227562E+03 -0.40284433067482E+02 -0.22831181211532E-01 -0.13514900399581E-01  0.94047228243816E-13  0.35225727757749E+03 -0.10265162434945E+03  0.85654791128353E+02  0.14099835068983E+03  0.21484458106952E+06  0.25418460916160E+04  0.35144621189821E+04  0.15716742998273E+05  0.00000000000000E+00  0.00000000000000E+00  0.00000000000000E+00  0.00000000000000E+00  0.00000000000000E+00  0.00000000000000E+00  0.00000000000000E+00  0.00000000000000E+00  0.10484699705683E+06  0.00000000000000E+00  0.00000000000000E+00  0.00000000000000E+00  0.00000000000000E+00  0.00000000000000E+00  0.00000000000000E+00  0.00000000000000E+00
  -0.24002476711052E+06  0.74343769412340E+05 -0.92025187226290E+04 -0.56501621388190E+05  0.10807338124758E+05  0.37444643409782E+04 -0.35087688578239E+04 -0.94718813430103E+04  0.11576063128730E+04  0.88905366495426E+03 -0.81168812746699E+02 -0.38506704335197E-10  0.16250410373100E-11  0.43582387885587E-12  0.61721267012058E+03 -0.17699713568438E+03  0.17059826984660E+03  0.25813310527751E+03  0.94650277352953E+06  0.31816579455451E+04  0.43077559533105E+04  0.20062858748623E+05  0.00000000000000E+00  0.00000000000000E+00  0.00000000000000E+00  0.00000000000000E+00  0.00000000000000E+00  0.00000000000000E+00  0.00000000000000E+00  0.00000000000000E+00  0.00000000000000E+00  0.14175160803148E+06  0.00000000000000E+00  0.00000000000000E+00  0.00000000000000E+00  0.00000000000000E+00  0.00000000000000E+00  0.00000000000000E+00
  -0.89679538595914E+04  0.24101520176109E+04 -0.33584207028077E+03 -0.24225472152507E+04  0.38714714771486E+03 -0.18591353800375E+03 -0.31331555262402E+03  0.98276712193445E+03 -0.14366120591074E+04  0.10010566652935E+03 -0.90657713686269E+01 -0.91490272448440E+00 -0.83796899997638E-01 -0.17231022286831E-02 -0.30744282766563E+04  0.51956362730343E+03 -0.28297286931766E+04 -0.18645234099339E+04  0.27345297887469E+05  0.00000000000000E+00  0.00000000000000E+00  0.00000000000000E+00  0.00000000000000E+00  0.00000000000000E+00  0.00000000000000E+00  0.00000000000000E+00  0.00000000000000E+00  0.00000000000000E+00  0.00000000000000E+00  0.00000000000000E+00  0.00000000000000E+00  0.00000000000000E+00  0.79066133207966E+04  0.00000000000000E+00  0.00000000000000E+00  0.00000000000000E+00  0.00000000000000E+00  0.00000000000000E+00
  -0.31591220109349E+04  0.76153240390770E+03 -0.11712955679043E+03 -0.93079085931209E+03  0.14629392630091E+03 -0.10884029410614E+03 -0.13700609635169E+03  0.58361227051328E+03 -0.78091055467432E+03  0.45287879725214E+02 -0.44096865952894E+01 -0.40978886916291E+00 -0.34535754387770E-01 -0.96290300880971E-03 -0.16115681240008E+04  0.25167125387800E+03 -0.15290885445895E+04 -0.96219766861750E+03  0.86268948195190E+04  0.00000000000000E+00  0.00000000000000E+00  0.00000000000000E+00  0.00000000000000E+00  0.00000000000000E+00  0.00000000000000E+00  0.00000000000000E+00  0.00000000000000E+00  0.00000000000000E+00  0.00000000000000E+00  0.00000000000000E+00  0.00000000000000E+00  0.00000000000000E+00  0.00000000000000E+00  0.40973607260228E+04  0.00000000000000E+00  0.00000000000000E+00  0.00000000000000E+00  0.00000000000000E+00
  -0.18839471310303E+05 -0.22414970053920E+04 -0.73267062761847E+02 -0.95867014895022E+04  0.42336164339792E+03 -0.33429886618280E+04 -0.14393016605845E+04 -0.26161436381021E+06  0.11169243541599E+06  0.30064542853221E+04 -0.11473391802989E+04  0.14809230474114E+03  0.13920149788104E+02 -0.20192320849704E+01 -0.19901075717925E+04 -0.43075003270589E+03  0.15809569071581E+04  0.17158020426783E+04 -0.21097381303665E+05  0.00000000000000E+00  0.00000000000000E+00  0.00000000000000E+00  0.00000000000000E+00  0.00000000000000E+00  0.00000000000000E+00  0.00000000000000E+00  0.00000000000000E+00  0.00000000000000E+00  0.00000000000000E+00  0.00000000000000E+00  0.00000000000000E+00  0.00000000000000E+00  0.00000000000000E+00  0.00000000000000E+00  0.12867805030086E+06  0.00000000000000E+00  0.00000000000000E+00  0.00000000000000E+00
   0.17209957574514E+05 -0.23118166520859E+04  0.60927394261105E+03 -0.16793642840028E+05  0.25555446951911E+04 -0.36970436285462E+04 -0.34643151328044E+04 -0.73458419642848E+04  0.13565267096517E+04  0.37787415367731E+03 -0.59035111737626E+02  0.12343388994164E+03  0.24519078210123E+02  0.62676062279438E-04  0.23347662073214E+03 -0.42974055063749E+02  0.29127426440946E+03  0.20283799799814E+03  0.57025474045308E+05 -0.23447557601949E+02 -0.33188480309708E+02 -0.60443934196233E+02  0.00000000000000E+00  0.00000000000000E+00  0.00000000000000E+00  0.00000000000000E+00  0.00000000000000E+00  0.00000000000000E+00  0.00000000000000E+00  0.00000000000000E+00  0.00000000000000E+00  0.00000000000000E+00  0.00000000000000E+00  0.00000000000000E+00  0.00000000000000E+00  0.41297711329092E+05  0.00000000000000E+00  0.00000000000000E+00
  -0.75563571477877E+05  0.88903829143404E+04 -0.22471838980938E+04 -0.72286617912209E+04  0.76173459972141E+03 -0.18959340438625E+04 -0.11636520789106E+04 -0.13809994287197E+06  0.44558294841954E+05  0.27575875832795E+04 -0.84179504571370E+03 -0.16104137814059E+04 -0.10814507760385E+03 -0.35029653693098E+01 -0.10828858618948E+04  0.30538774458478E+03 -0.19103142772109E+04 -0.13258261145030E+04  0.24357569815021E+05 -0.36459309934468E+03 -0.20368057985891E+04  0.15641583279108E+04  0.00000000000000E+00  0.00000000000000E+00  0.00000000000000E+00  0.00000000000000E+00  0.00000000000000E+00  0.00000000000000E+00  0.00000000000000E+00  0.00000000000000E+00  0.00000000000000E+00  0.00000000000000E+00  0.00000000000000E+00  0.00000000000000E+00  0.00000000000000E+00  0.00000000000000E+00  0.96621999018920E+05  0.00000000000000E+00
  -0.59914755989819E+05  0.74628369105847E+04 -0.18249778662313E+04 -0.21589005523641E+05  0.23600968296507E+04 -0.55365187754886E+04 -0.35148896492028E+04 -0.16619546947986E+06  0.53214429590479E+05  0.33926204863395E+04 -0.10191164221428E+04 -0.54130883511022E-10 -0.60595749999113E-11 -0.96451677523940E-12 -0.12182868735575E+04  0.34393703806376E+03 -0.21219755918321E+04 -0.14772723338593E+04  0.74780797471251E+05 -0.38461656797174E+03 -0.21169447507215E+04  0.15819431088496E+04  0.00000000000000E+00  0.00000000000000E+00  0.00000000000000E+00  0.00000000000000E+00  0.00000000000000E+00  0.00000000000000E+00  0.00000000000000E+00  0.00000000000000E+00  0.00000000000000E+00  0.00000000000000E+00  0.00000000000000E+00  0.00000000000000E+00  0.00000000000000E+00  0.00000000000000E+00  0.00000000000000E+00  0.10117253206588E+06

 # Covariance matrix (Bevington epsilon)
   0.51538791409974E-03 -0.64400273460919E-04 -0.13648390036836E-01  0.13851486840487E-03 -0.16442594980431E-03  0.32435267849099E-03 -0.88382804443959E-03  0.51620882688833E-04  0.33410347867490E-04 -0.10068563785004E-02 -0.13300688639662E-01 -0.83925285525655E-03 -0.50665590381222E-02 -0.46259875644762E-01  0.10197992999855E-03  0.12303107436298E-02 -0.20318275807090E-04 -0.10145681066108E-03  0.37705693609942E-05  0.85531773350845E-03 -0.65118228907128E-03  0.28340341537874E-04  0.32430235070038E-04  0.34607669871120E-04  0.25286896759639E-04  0.31983342434547E-04  0.35605727828821E-04 -0.20178952262119E-03 -0.84819336271593E-04  0.32541008296232E-04  0.26192083699435E-04  0.32298473813597E-04 -0.40873924371428E-04 -0.43534237740017E-04  0.65549959511432E-04  0.43157454742343E-05  0.32384376749945E-04  0.32751501995457E-04
  -0.64400273460920E-04  0.11550323186702E-03  0.26226803403993E-02  0.10983245481312E-03  0.68484702955904E-03 -0.21063552300527E-03  0.27003086802279E-03 -0.44068006854479E-05 -0.32771159381356E-05  0.70184030636100E-03  0.27824075007229E-02  0.24980893132443E-03  0.13655449393335E-03  0.15666494276248E-01  0.10433689175305E-04  0.93213955150306E-03  0.48814561700610E-04  0.91182962955275E-04  0.49582273584657E-06 -0.15977597505815E-02  0.39624969789347E-03  0.97830232839447E-04  0.90666144490798E-05  0.49262917478229E-05  0.44242349508515E-05  0.35653620842898E-05  0.30746510154485E-05  0.29132504269583E-04  0.21644923599164E-05  0.27154078014051E-05  0.98743236840300E-05  0.89333839667636E-05 -0.16633607859648E-04 -0.11509896006859E-04  0.13413613662295E-05 -0.42698035868905E-05  0.62516959208253E-05  0.45766042268037E-05
  -0.13648390036836E-01  0.26226803403993E-02  0.37294480573048E+00 -0.21435830401194E-02  0.11396346595645E-01 -0.10542615844348E-01  0.25225332086261E-01 -0.13307835557103E-02 -0.87235551946579E-03  0.33212744026047E-01  0.37834912170715E+00  0.23590092000009E-01  0.14250078538410E+00  0.13634799970445E+01 -0.22225788796116E-02 -0.11726655101046E-01  0.13195552191461E-02  0.37813664877566E-02 -0.80342317617845E-04 -0.34665973313210E-01  0.19938718397166E-01  0.56283613931451E-03 -0.57176066332046E-03 -0.65385773357314E-03 -0.44011257554145E-03 -0.55215273856498E-03 -0.64764227126809E-03  0.60562327393228E-02  0.27598991206290E-02 -0.76007761622465E-03 -0.37367136377193E-03 -0.55276605065625E-03  0.67115625707213E-03  0.78320152534573E-03 -0.14546291698023E-02 -0.11790311333530E-03 -0.55312260941064E-03 -0.57046449342759E-03
   0.13851486840487E-03  0.10983245481313E-03 -0.21435830401194E-02  0.10369712742820E-02  0.44379091665872E-02 -0.18703553923127E-02  0.82478639425221E-03  0.19374983574208E-04  0.87443828429669E-05 -0.23466048827575E-03 -0.44597811992442E-02  0.11131785502685E-02 -0.10686580013835E-01  0.25582851399088E-01  0.34142026834442E-03  0.64370358716715E-02 -0.10453819808676E-02  0.24543112303326E-02  0.22422116930042E-04 -0.20833426885162E-02  0.46093182108085E-03  0.23410354240688E-03  0.47176719065496E-04  0.43171717678594E-04  0.30976998748153E-04  0.46308072874872E-04  0.46195178840676E-04  0.43615221076793E-04 -0.77444450066495E-05  0.21782141126285E-04  0.44046413337829E-04  0.35966219191858E-04 -0.44385286563473E-04 -0.45229330077861E-04  0.52679080580218E-04 -0.53497825235596E-06  0.52117109721774E-04  0.47118474382254E-04
