# fitpack15: fit parameters                                                                         
# CJ15 AV18 final data choices                                                                      
# Created on 02/15/2019 at 04:32:34                                                                 

 # QCD setup
  INS                           0
  NVL                          11
  IORD                          1
  Q02                   1.6899999999999999     
  IPARAMC                       7
  FLAVOR                4.0000000000000000     
  xmc                   1.3000000000000000     
  xmb                   4.5000000000000000     
  ncb                          12
  ihq                           1
  ias                           0

 # Theory corrections
  inuke                     10814
  itmc                          1
  iht                           1

 # fit parameters
 LAMBDA       0.22680        0.0000    
 a0uv          2.4044        0.0000    
 a1uv         0.61524       0.19993E-01
 a2uv          3.5428       0.13429E-01
 a3uv          0.0000        0.0000    
 a4uv          3.4669       0.43508    
 a5uv          0.0000        0.0000    
 a0dv          24.686        0.0000    
 a1dv          1.1596       0.34102E-01
 a2dv          6.5550       0.16330    
 a3dv         -3.5029       0.88495E-01
 a4dv          4.6810       0.14473    
 a5dv          0.0000        0.0000    
 a0ud         0.14663       0.50433E-02
 a1ud        -0.20773       0.37597E-02
 a2ud          8.3324       0.19247    
 a3ud          0.0000        0.0000    
 a4ud          14.622        1.2328    
 a5ud          0.0000        0.0000    
 a0du          35712.        0.0000    
 a1du          4.0278       0.75674E-01
 a2du          20.143       0.88709    
 a3du          17.000        0.0000    
 a4du          51.460        10.695    
 a0g           45.532        0.0000    
 a1g          0.60291       0.31321E-01
 a2g           6.4883       0.98891    
 a3g          -3.3066       0.13588    
 a4g           3.1733       0.31544    
 a5g           0.0000        0.0000    
 kappa        0.40000        0.0000    
 a6dv        -0.36112E-02   0.67536E-03
 a7dv          2.0000        0.0000    
 off1         -3.7289        1.5631    
 off2         0.60431E-01   0.12902E-01
 ht1          -3.2004       0.34812    
 ht2           1.9095       0.12806    
 ht3          -2.0710       0.21720E-01
 ht4           0.0000        0.0000    
 dummy40       0.0000        0.0000    
 dummy41       0.0000        0.0000    
 dummy42       0.0000        0.0000    
 dummy43       0.0000        0.0000    
 dummy44       0.0000        0.0000    
 dummy45       0.0000        0.0000    
 dummy46       0.0000        0.0000    
 dummy47       0.0000        0.0000    
 dummy48       0.0000        0.0000    
 dummy49       0.0000        0.0000    
 bcdmsh2      0.97331       0.48391E-02
 bcdmsd2      0.99334       0.58441E-02
 ccfr          1.0000        0.0000    
 nutev         1.0000        0.0000    
 zeus         0.97998        0.0000    
 h1            1.0162        0.0000    
 e605          1.0319        0.0000    
 NmcH2         1.0097       0.71352E-02
 ntv_nu        1.0000        0.0000    
 ntv_nubar     1.0000        0.0000    
 cdf_jet      0.98910        0.0000    
 d0_jet       0.83504        0.0000    
 slac_p        1.0048       0.48694E-02
 slac_d        1.0047       0.52948E-02
 e866pp       0.96707       0.19311E-01
 e866pd       0.96451       0.15975E-01
 d0_gamjet     1.0391       0.16484E-01
 h1b          0.97608        0.0000    
 jlab_p       0.98927       0.61783E-02
 jlab_d       0.97551       0.62288E-02
 blank         1.0000        0.0000    
 d0run2       0.94090       0.14267E-01
 cdfrun2      0.92644       0.17271E-01
 HERA_el       1.0000        0.0000    
 HERA_ps       1.0000        0.0000    
 CDF_Z        0.96594       0.66083E-02
 NmcRat        1.0000        0.0000    
 BNS_F2nd     0.98024       0.74440E-02
 HERMES_F2p   0.99855       0.55980E-02
 HERMES_F2d   0.98058       0.58381E-02
 END 0. 0.

 # Hessian matrix (Bevington alpha)
   0.42028787001547E+07 -0.10579491553006E+07  0.19989612318168E+06  0.37677869632883E+06 -0.10161797635052E+06 -0.21859052582245E+05  0.44837424457608E+05  0.86064102875849E+06 -0.16784370722727E+06 -0.45027349004506E+05  0.69960254332646E+04  0.15483481661868E+05  0.17478506883495E+04 -0.11169203097992E+03  0.92363601310470E+04 -0.23276565473444E+04  0.11803396096246E+05  0.88596169618969E+04 -0.57523170154734E+07 -0.89883261267981E+03 -0.83990681622926E+06  0.52102142702916E+05  0.15639654274230E+06  0.55050452805926E+06 -0.12676466601168E+06 -0.53785705309298E+05 -0.43528340530371E+04 -0.75736394491756E+06 -0.93824804565183E+06 -0.20534472965995E+05 -0.46292075108189E+05 -0.30761658689043E+04 -0.12730387154755E+06 -0.14050393098531E+06 -0.91008741364133E+04 -0.32262746329558E+04 -0.14832448630154E+05  0.13202901495968E+05 -0.70420249502680E+05 -0.55603358352308E+05
  -0.10579491553006E+07  0.33050792278898E+06 -0.52234083305766E+05 -0.10405777879249E+06  0.27656564128553E+05  0.77193860338135E+04 -0.96079179201567E+04 -0.11214596141061E+06  0.25260355732191E+05  0.66686248982337E+04 -0.85489870228640E+03 -0.12515491927584E+04 -0.14572276512563E+03  0.13470201096569E+02  0.23950103009880E+03  0.53923667994145E+02 -0.42173783444270E+02 -0.13567766829618E+03  0.19456346384835E+07  0.39014784621351E+03  0.23807901040680E+06 -0.11424585094545E+05 -0.36228266266211E+05 -0.14701698115633E+06  0.16562685166831E+05  0.81894081285253E+04 -0.24002457011761E+03  0.18454966580702E+06  0.22169980901224E+06  0.57986374837972E+04  0.13220248530319E+05  0.42121107173240E+03  0.37333447735692E+05  0.41087277596174E+05  0.24682813861375E+04  0.78463712015334E+03 -0.23724838629148E+04 -0.15995934158114E+04  0.85326037562228E+04  0.71583467626171E+04
   0.19989612318168E+06 -0.52234083305766E+05  0.96282083854843E+04  0.18130692198025E+05 -0.49822561260367E+04 -0.12733441380279E+04  0.20821553883625E+04  0.29661809782494E+05 -0.56668236845514E+04 -0.18407502648259E+04  0.24486100218513E+03  0.48434098911244E+03  0.63421238439064E+02 -0.50613402622445E+01 -0.30639100066581E+03 -0.20697426548495E+02 -0.13296649880056E+03  0.26260151336279E+02 -0.28764396796501E+06 -0.47162189560775E+02 -0.40799449509611E+05  0.24178841688607E+04  0.72424150198888E+04  0.26358923313841E+05 -0.55514165927430E+04 -0.23696165077215E+04  0.51486050818711E+02 -0.35143035748522E+05 -0.43631147104140E+05 -0.10054598414072E+04 -0.22766572874935E+04 -0.11902840616324E+03 -0.63536039983422E+04 -0.69913543615664E+04 -0.43679887654720E+03 -0.15219422707199E+03  0.56353387113549E+02  0.56813049233810E+03 -0.25656822224740E+04 -0.20818080419696E+04
   0.37677869632883E+06 -0.10405777879249E+06  0.18130692198025E+05  0.36868949319724E+06 -0.56435710749275E+05  0.74698253595873E+05  0.61370688753667E+05  0.33436958404145E+06 -0.23824765376249E+05 -0.17446568427277E+05  0.32600568718588E+04 -0.13620766320287E+04 -0.15528432955552E+03  0.58564013920583E+02  0.31042015197433E+05 -0.38025196366042E+04  0.27804552019842E+05  0.15882597309947E+05 -0.19007412596508E+07 -0.10178002135720E+03 -0.25290745697841E+06  0.18460960586856E+05  0.50592015938620E+05  0.18659300183360E+06 -0.12763044032699E+05 -0.21130785933172E+05 -0.66927217329532E+02 -0.60376811688791E+05 -0.29957078197194E+06 -0.14089379293773E+04 -0.24843405052224E+04 -0.74148938813762E+02 -0.83721858706530E+04 -0.36421226422275E+05 -0.25095764743357E+04 -0.98054105761264E+03 -0.94670305613229E+04 -0.12193534808602E+05 -0.71814146737884E+04 -0.21263282974999E+05
  -0.10161797635052E+06  0.27656564128553E+05 -0.49822561260367E+04 -0.56435710749275E+05  0.10344838507821E+05 -0.77398586760841E+04 -0.87286596402898E+04 -0.29995809474240E+05  0.39256079014209E+02  0.22132859753410E+04 -0.32158288526505E+03 -0.42017863263088E+02  0.44551863840689E+01 -0.52489988134534E+01 -0.27038522943483E+04  0.34341360293370E+03 -0.23495045314146E+04 -0.13759307126474E+04  0.41298626829742E+06  0.42035969402201E+02  0.52143354948347E+05 -0.34012987433331E+04 -0.92517009627148E+04 -0.36438958575966E+05  0.19975782925954E+04  0.33652319515330E+04 -0.55979275473677E+02  0.10766604673229E+05  0.54090267405793E+05  0.33820988784730E+03  0.57688670159784E+03  0.95895125662344E+01  0.20857101416823E+04  0.89388718907525E+04  0.48215801850252E+03  0.17902389617928E+03  0.33363544937764E+03  0.17931978389307E+04  0.81819592455091E+03  0.25136502741657E+04
  -0.21859052582245E+05  0.77193860338135E+04 -0.12733441380279E+04  0.74698253595873E+05 -0.77398586760841E+04  0.24005446119029E+05  0.14516667862573E+05  0.10373566252609E+06 -0.91981323897303E+04 -0.45446288523754E+04  0.99054211510625E+03 -0.70484766378360E+03 -0.68983304484351E+02  0.19787384284038E+02  0.93084551570347E+04 -0.11560548283114E+04  0.85212978353648E+04  0.49028874719389E+04 -0.75276924239434E+05  0.52469798261365E+02 -0.20092783026792E+05  0.24639726249653E+04  0.68395845371896E+04  0.19223180313219E+05 -0.28024295973965E+04 -0.43021311259698E+04  0.15237081668857E+03 -0.86959699683030E+04 -0.42045956389182E+05 -0.21716117240194E+01 -0.33228393909834E+02 -0.19529959107087E+02  0.98193967314874E+02  0.21070100713164E+03 -0.27147165188308E+03 -0.13704492910142E+03 -0.30245203901628E+04 -0.29952418136727E+04 -0.18420590362482E+04 -0.53139373764928E+04
   0.44837424457608E+05 -0.96079179201567E+04  0.20821553883625E+04  0.61370688753667E+05 -0.87286596402898E+04  0.14516667862573E+05  0.11098170549496E+05  0.56435892672443E+05 -0.27336208883872E+04 -0.31640176571645E+04  0.57026148416931E+03 -0.21346322045379E+03 -0.27180331544202E+02  0.10404638848789E+02  0.48637496391453E+04 -0.61830181288203E+03  0.43275260840456E+04  0.25349515615954E+04 -0.22256222717244E+06  0.91359588760551E+01 -0.35285684919759E+05  0.29133950011277E+04  0.79088058267915E+04  0.27078661687467E+05 -0.24887291474449E+04 -0.39028501929694E+04  0.13534101066516E+03 -0.94357261231952E+04 -0.47317223824805E+05 -0.17023304916890E+03 -0.29062975404764E+03 -0.13756832791112E+02 -0.86071761291745E+03 -0.38214327985489E+04 -0.37344590738758E+03 -0.15746555201794E+03 -0.12706088132666E+04 -0.25792475492555E+04 -0.11445406881886E+04 -0.34112726089447E+04
   0.86064102875849E+06 -0.11214596141061E+06  0.29661809782494E+05  0.33436958404145E+06 -0.29995809474240E+05  0.10373566252609E+06  0.56435892672443E+05  0.49575117286634E+07 -0.23089384549380E+07 -0.84641155855796E+05  0.25759934955155E+05  0.27246789526851E+05  0.18123987017234E+04  0.10411227902776E+03  0.82741236820225E+05 -0.10505500822950E+05  0.85327313641924E+05  0.46674992746456E+05 -0.49233027322794E+06  0.40344972687833E+03 -0.10649803989752E+06  0.27388381025178E+05  0.86113742227368E+05  0.20333646591165E+06 -0.60381269326597E+05 -0.48555751414093E+05 -0.66784970992656E+05 -0.27529244164767E+06 -0.53717774303615E+06 -0.72452127123038E+05 -0.16206299370641E+06 -0.13316957587772E+04 -0.48717567890726E+04 -0.91314051013249E+04  0.76670463098853E+02  0.16883914147432E+03 -0.26182682633643E+06 -0.78386721297146E+04 -0.13668953001224E+06 -0.16995349117803E+06
  -0.16784370722727E+06  0.25260355732191E+05 -0.56668236845514E+04 -0.23824765376249E+05  0.39256079014209E+02 -0.91981323897303E+04 -0.27336208883872E+04 -0.23089384549380E+07  0.19287000543057E+07  0.18905106285725E+05 -0.64998850833679E+04 -0.58708071920810E+04 -0.32052418033431E+03 -0.14409184855003E+02  0.49879260958874E+05 -0.23410594700285E+04  0.17097714676060E+05  0.84132728503605E+04 -0.36479756481969E+05 -0.93512728300688E+02 -0.11462476813071E+04 -0.55650805504609E+04 -0.18619666827306E+05 -0.38900718699687E+05  0.11427097745991E+05  0.10825800390940E+05  0.24114994570265E+05  0.64772125261841E+05  0.12299162709405E+06  0.23140716965686E+05  0.51871696046346E+05  0.18051612828793E+03  0.54094259638615E+03  0.10422990917094E+04 -0.11998932701346E+04 -0.67082697837523E+03  0.11161379678853E+06  0.14740194355626E+04  0.44180832671645E+05  0.54395734494976E+05
  -0.45027349004506E+05  0.66686248982337E+04 -0.18407502648259E+04 -0.17446568427277E+05  0.22132859753410E+04 -0.45446288523754E+04 -0.31640176571645E+04 -0.84641155855796E+05  0.18905106285725E+05  0.26056216393819E+04 -0.63499624933508E+03 -0.70081578920925E+03 -0.61285814429307E+02 -0.19760580285592E+01 -0.40008075417013E+04  0.48564927947834E+03 -0.36314956454362E+04 -0.20766388100228E+04  0.50055245966982E+05 -0.11673893643510E+02  0.10199503477881E+05 -0.12364323034221E+04 -0.36041556322762E+04 -0.99559110850763E+04  0.27329616280189E+04  0.18920163288197E+04  0.72775632073012E+03  0.10516047718943E+05  0.21410021442441E+05  0.15267186316016E+04  0.33437207428352E+04  0.43165118762337E+02  0.47577151216369E+03  0.86355878973969E+03  0.13480819856538E+03  0.60286491423168E+02  0.30853608805730E+04  0.38553854049981E+03  0.27835718597097E+04  0.35449009579380E+04
   0.69960254332646E+04 -0.85489870228640E+03  0.24486100218513E+03  0.32600568718588E+04 -0.32158288526505E+03  0.99054211510625E+03  0.57026148416931E+03  0.25759934955155E+05 -0.64998850833679E+04 -0.63499624933508E+03  0.17979560222909E+03  0.20743859545567E+03  0.14962519056497E+02  0.75888258111656E+00  0.12648451158604E+04 -0.13927545475589E+03  0.10983924527728E+04  0.60442661646306E+03 -0.57916133691399E+04  0.30412550094108E+01 -0.11416716134549E+04  0.21372542534651E+03  0.65700882839311E+03  0.16162560796169E+04 -0.48447946793647E+03 -0.36570592812675E+03 -0.34102458861588E+03 -0.20281010404098E+04 -0.40012241468618E+04 -0.44255330238435E+03 -0.98999587973375E+03 -0.11157794254949E+02 -0.42232596261024E+02 -0.78991224249988E+02 -0.15248624079981E+02 -0.72134699313881E+01 -0.11569734065356E+04 -0.62641146085624E+02 -0.83287526385382E+03 -0.10436541040520E+04
   0.15483481661868E+05 -0.12515491927584E+04  0.48434098911244E+03 -0.13620766320287E+04 -0.42017863263088E+02 -0.70484766378360E+03 -0.21346322045379E+03  0.27246789526851E+05 -0.58708071920810E+04 -0.70081578920925E+03  0.20743859545567E+03  0.18244771727996E+04  0.11836784800161E+03 -0.97319042926924E+00  0.14938388354778E+04 -0.20466070228806E+03  0.16520117310780E+04  0.95400762015114E+03 -0.68145406068321E+04 -0.50127471797070E+01 -0.68585033267614E+03 -0.17589722867218E+01  0.15833115541306E+03 -0.77101663871388E+03 -0.11671651225751E+04 -0.70577026241533E-10 -0.77043165828381E+03 -0.52083939310842E+04  0.26777137944217E-09 -0.25202862479766E+04 -0.74012295560989E+02 -0.83116980268010E+02 -0.22012474978988E+00  0.35427826928324E-10 -0.18370420883872E+01 -0.79178920245329E+00  0.29807189604998E+03  0.31849957280757E+03 -0.28615992578682E+04 -0.80762229630173E-10
   0.17478506883495E+04 -0.14572276512563E+03  0.63421238439064E+02 -0.15528432955552E+03  0.44551863840689E+01 -0.68983304484351E+02 -0.27180331544202E+02  0.18123987017234E+04 -0.32052418033431E+03 -0.61285814429307E+02  0.14962519056497E+02  0.11836784800161E+03  0.10565261700302E+02 -0.18292622884761E+00  0.80536020879039E+02 -0.13357536398184E+02  0.98294613083819E+02  0.61512588845856E+02 -0.32311444865688E+03 -0.43795816536980E+00  0.20723053704964E+02  0.14231732183736E+01  0.19271533535085E+02 -0.82680997833455E+02 -0.17227312436857E+03 -0.55425581891240E-11 -0.29557401151753E+02 -0.61041928126206E+03  0.47837159162906E-11 -0.15613576188537E+03 -0.19539788925531E+02 -0.66498460015769E+01 -0.15899895067880E+00 -0.10672934987246E-10 -0.19277332226988E+00 -0.75130565358392E-01  0.29686266556596E+02  0.70548239469413E+02 -0.20411889123919E+03  0.51172110342227E-13
  -0.11169203097992E+03  0.13470201096569E+02 -0.50613402622445E+01  0.58564013920583E+02 -0.52489988134534E+01  0.19787384284038E+02  0.10404638848789E+02  0.10411227902776E+03 -0.14409184855003E+02 -0.19760580285592E+01  0.75888258111656E+00 -0.97319042926924E+00 -0.18292622884761E+00  0.57119778614265E-01  0.15425643279403E+02 -0.11949744171334E+01  0.99827853694665E+01  0.47956097472363E+01 -0.84496725515271E+02  0.29912535450009E-01 -0.21465995531835E+02  0.60791848265865E+00  0.15610362489901E+01  0.71654007813316E+01  0.72974077025027E-01 -0.21254307924217E-12 -0.65709981433875E+01 -0.93130558230995E+00 -0.62758415460105E-12 -0.37973701938113E+01 -0.25339960902154E-04 -0.15365804444253E+00  0.75326324815702E-12 -0.43705968186544E-12 -0.18816971850186E-02 -0.10345595811935E-02 -0.16528588347219E+01  0.78981504417674E-04 -0.35683959362392E+01 -0.55754259597826E-12
   0.92363601310470E+04  0.23950103009880E+03 -0.30639100066581E+03  0.31042015197433E+05 -0.27038522943483E+04  0.93084551570347E+04  0.48637496391453E+04  0.82741236820225E+05  0.49879260958874E+05 -0.40008075417013E+04  0.12648451158604E+04  0.14938388354778E+04  0.80536020879039E+02  0.15425643279403E+02  0.48721746271926E+05 -0.44656304679552E+04  0.35616853995784E+05  0.18781435520493E+05 -0.58252465547533E+05  0.11743186091590E+01  0.29653083703769E+04 -0.17319312501903E+03 -0.49823761869682E+03 -0.92949570638367E+03 -0.26036137181393E+04 -0.17120313926010E+04 -0.24485365747047E+04  0.17097971284029E+04  0.33790420918232E+04 -0.15198111152584E+04 -0.29580322660173E+04 -0.71456662522232E+03  0.19312506945309E+03  0.33197220942539E+03 -0.28227448258370E+04 -0.15031576128596E+04 -0.24604300198974E+04  0.14549093907579E+03 -0.83316999197517E+03 -0.93912483591165E+03
  -0.23276565473444E+04  0.53923667994145E+02 -0.20697426548495E+02 -0.38025196366042E+04  0.34341360293370E+03 -0.11560548283114E+04 -0.61830181288203E+03 -0.10505500822950E+05 -0.23410594700285E+04  0.48564927947834E+03 -0.13927545475589E+03 -0.20466070228806E+03 -0.13357536398184E+02 -0.11949744171334E+01 -0.44656304679552E+04  0.47692726402449E+03 -0.37508652676221E+04 -0.20548895987112E+04  0.72765146991390E+04 -0.65100164850147E+00 -0.38750802890600E+03  0.12778103328563E+02  0.28323884235797E+02  0.49985249150312E+02  0.47811126161189E+03  0.30001220218222E+03  0.28070741507437E+03 -0.99212443873001E+02 -0.28249092434330E+03  0.15644783446023E+03  0.30346559219735E+03  0.78197858875332E+02 -0.49930522497185E+02 -0.84850577660326E+02  0.42695624684955E+03  0.21141214770005E+03 -0.28580984970852E+03 -0.24492822457478E+02  0.23833034332962E+03  0.26714007611067E+03
   0.11803396096246E+05 -0.42173783444270E+02 -0.13296649880056E+03  0.27804552019842E+05 -0.23495045314146E+04  0.85212978353648E+04  0.43275260840456E+04  0.85327313641924E+05  0.17097714676060E+05 -0.36314956454362E+04  0.10983924527728E+04  0.16520117310780E+04  0.98294613083819E+02  0.99827853694665E+01  0.35616853995784E+05 -0.37508652676221E+04  0.29922243045790E+05  0.16255328779266E+05 -0.51177326682572E+05  0.43296385768429E+00  0.35325864925605E+04 -0.23357801589317E+03 -0.62483198769506E+03 -0.12309231765118E+04 -0.27435438887155E+04 -0.17625376633685E+04 -0.24935059012496E+04  0.19425185754463E+04  0.40123148836102E+04 -0.12902368020488E+04 -0.25220948190028E+04 -0.61900803012006E+03  0.80825018366529E+02  0.14913102356990E+03 -0.27153319994996E+04 -0.14566013793642E+04  0.14169278357245E+04  0.20580258501041E+03 -0.17034475904190E+04 -0.18928368875819E+04
   0.88596169618969E+04 -0.13567766829618E+03  0.26260151336279E+02  0.15882597309947E+05 -0.13759307126474E+04  0.49028874719389E+04  0.25349515615954E+04  0.46674992746456E+05  0.84132728503605E+04 -0.20766388100228E+04  0.60442661646306E+03  0.95400762015114E+03  0.61512588845856E+02  0.47956097472363E+01  0.18781435520493E+05 -0.20548895987112E+04  0.16255328779266E+05  0.89433485951018E+04 -0.29747032631004E+05  0.14676981620878E+01  0.20384794869545E+04 -0.11399968692371E+03 -0.27981812166257E+03 -0.55260005941614E+03 -0.19250096430404E+04 -0.12048881371345E+04 -0.12683981832209E+04  0.83089861436266E+03  0.19893277739938E+04 -0.66225998701302E+03 -0.12954789931576E+04 -0.34434539585821E+03  0.99060345894574E+02  0.17552076914151E+03 -0.17583056600077E+04 -0.90655841805819E+03  0.14960616997891E+04  0.13772648787412E+03 -0.11801001034716E+04 -0.13122368332035E+04
  -0.57523170154734E+07  0.19456346384835E+07 -0.28764396796501E+06 -0.19007412596508E+07  0.41298626829742E+06 -0.75276924239434E+05 -0.22256222717244E+06 -0.49233027322794E+06 -0.36479756481969E+05  0.50055245966982E+05 -0.57916133691399E+04 -0.68145406068321E+04 -0.32311444865688E+03 -0.84496725515271E+02 -0.58252465547533E+05  0.72765146991390E+04 -0.51177326682572E+05 -0.29747032631004E+05  0.26656355669890E+08  0.45296672342568E+04  0.26706257781317E+07 -0.14187809652421E+06 -0.40647415020351E+06 -0.17752509851768E+07  0.33672414215261E+05  0.74833816327430E+05 -0.11552474571786E+04  0.49168308108031E+06  0.22861079432414E+07  0.17537556428641E+05  0.31274170795421E+05  0.23018560712990E+03  0.10574627483469E+06  0.45551402297098E+06  0.24570804562557E+05  0.77632877705960E+04 -0.18639269622997E+05  0.26693939204115E+05  0.20416273298267E+05  0.62810557519406E+05
  -0.89883261267981E+03  0.39014784621351E+03 -0.47162189560775E+02 -0.10178002135720E+03  0.42035969402201E+02  0.52469798261365E+02  0.91359588760551E+01  0.40344972687833E+03 -0.93512728300688E+02 -0.11673893643510E+02  0.30412550094108E+01 -0.50127471797070E+01 -0.43795816536980E+00  0.29912535450009E-01  0.11743186091590E+01 -0.65100164850147E+00  0.43296385768429E+00  0.14676981620878E+01  0.45296672342568E+04  0.17763217006712E+01  0.47327319240415E+03 -0.15790284393335E+02 -0.46869873489140E+02 -0.27304341303519E+03  0.00000000000000E+00 -0.29147720319430E+02  0.00000000000000E+00  0.00000000000000E+00  0.23417717586986E+03  0.00000000000000E+00 -0.64491416174894E+01  0.00000000000000E+00  0.00000000000000E+00  0.10951281099794E+03  0.00000000000000E+00  0.00000000000000E+00  0.00000000000000E+00  0.15562801182500E+02  0.00000000000000E+00 -0.29778289121315E+02
  -0.83990681622926E+06  0.23807901040680E+06 -0.40799449509611E+05 -0.25290745697841E+06  0.52143354948347E+05 -0.20092783026792E+05 -0.35285684919759E+05 -0.10649803989752E+06 -0.11462476813071E+04  0.10199503477881E+05 -0.11416716134549E+04 -0.68585033267614E+03  0.20723053704964E+02 -0.21465995531835E+02  0.29653083703769E+04 -0.38750802890600E+03  0.35325864925605E+04  0.20384794869545E+04  0.26706257781317E+07  0.47327319240415E+03  0.52533296415791E+06 -0.32771541719041E+05 -0.88762051659981E+05 -0.36756228387478E+06  0.00000000000000E+00  0.22905997399092E+05  0.00000000000000E+00  0.00000000000000E+00  0.47985575956391E+06  0.00000000000000E+00 -0.55871269968169E+04  0.00000000000000E+00  0.00000000000000E+00  0.72753743509223E+05  0.00000000000000E+00  0.00000000000000E+00  0.00000000000000E+00 -0.15426015121507E+05  0.00000000000000E+00  0.18869200312193E+05
   0.52102142702916E+05 -0.11424585094545E+05  0.24178841688607E+04  0.18460960586856E+05 -0.34012987433331E+04  0.24639726249653E+04  0.29133950011277E+04  0.27388381025178E+05 -0.55650805504609E+04 -0.12364323034221E+04  0.21372542534651E+03 -0.17589722867218E+01  0.14231732183736E+01  0.60791848265865E+00 -0.17319312501903E+03  0.12778103328563E+02 -0.23357801589317E+03 -0.11399968692371E+03 -0.14187809652421E+06 -0.15790284393335E+02 -0.32771541719041E+05  0.25239186026384E+04  0.67683613042907E+04  0.25548516258980E+05 -0.53270645236289E+02 -0.20914927179654E+04  0.18006579208588E+01 -0.30111260984146E+03 -0.37876104072136E+05  0.00000000000000E+00 -0.14103686074798E+03  0.00000000000000E+00  0.11317850247016E+04 -0.34814250583098E+04  0.00000000000000E+00  0.00000000000000E+00  0.00000000000000E+00  0.11922720826265E+04 -0.41103589935716E+03 -0.27877583040748E+04
   0.15639654274230E+06 -0.36228266266211E+05  0.72424150198888E+04  0.50592015938620E+05 -0.92517009627148E+04  0.68395845371896E+04  0.79088058267915E+04  0.86113742227368E+05 -0.18619666827306E+05 -0.36041556322762E+04  0.65700882839311E+03  0.15833115541306E+03  0.19271533535085E+02  0.15610362489901E+01 -0.49823761869682E+03  0.28323884235797E+02 -0.62483198769506E+03 -0.27981812166257E+03 -0.40647415020351E+06 -0.46869873489140E+02 -0.88762051659981E+05  0.67683613042907E+04  0.18540374601803E+05  0.68662310653950E+05 -0.16193392212932E+03 -0.52534788056391E+04 -0.54465911146058E+02 -0.76696929760471E+04 -0.10410957223045E+06  0.00000000000000E+00 -0.35199168614861E+03  0.00000000000000E+00  0.17329104703067E+04 -0.10184085107612E+05  0.00000000000000E+00  0.00000000000000E+00  0.00000000000000E+00  0.29878114998384E+04 -0.21828313696111E+04 -0.81540188135100E+04
   0.55050452805926E+06 -0.14701698115633E+06  0.26358923313841E+05  0.18659300183360E+06 -0.36438958575966E+05  0.19223180313219E+05  0.27078661687467E+05  0.20333646591165E+06 -0.38900718699687E+05 -0.99559110850763E+04  0.16162560796169E+04 -0.77101663871388E+03 -0.82680997833455E+02  0.71654007813316E+01 -0.92949570638367E+03  0.49985249150312E+02 -0.12309231765118E+04 -0.55260005941614E+03 -0.17752509851768E+07 -0.27304341303519E+03 -0.36756228387478E+06  0.25548516258980E+05  0.68662310653950E+05  0.28037868428293E+06  0.25204342898843E+03 -0.23945081126721E+05 -0.67425621712136E+01  0.29777788048852E+05 -0.37980321252890E+06  0.00000000000000E+00 -0.16481489440371E+04  0.00000000000000E+00  0.95677966160713E+04 -0.45318859760475E+05  0.00000000000000E+00  0.00000000000000E+00  0.00000000000000E+00  0.14095410112108E+05  0.15590807088553E+04 -0.25943392508929E+05
  -0.12676466601168E+06  0.16562685166831E+05 -0.55514165927430E+04 -0.12763044032699E+05  0.19975782925954E+04 -0.28024295973965E+04 -0.24887291474449E+04 -0.60381269326597E+05  0.11427097745991E+05  0.27329616280189E+04 -0.48447946793647E+03 -0.11671651225751E+04 -0.17227312436857E+03  0.72974077025027E-01 -0.26036137181393E+04  0.47811126161189E+03 -0.27435438887155E+04 -0.19250096430404E+04  0.33672414215261E+05  0.00000000000000E+00  0.00000000000000E+00 -0.53270645236289E+02 -0.16193392212932E+03  0.25204342898843E+03  0.11619284008488E+06  0.00000000000000E+00  0.00000000000000E+00  0.00000000000000E+00  0.00000000000000E+00  0.00000000000000E+00  0.00000000000000E+00  0.00000000000000E+00  0.00000000000000E+00  0.00000000000000E+00  0.00000000000000E+00  0.00000000000000E+00  0.00000000000000E+00  0.00000000000000E+00  0.00000000000000E+00  0.00000000000000E+00
  -0.53785705309298E+05  0.81894081285253E+04 -0.23696165077215E+04 -0.21130785933172E+05  0.33652319515330E+04 -0.43021311259698E+04 -0.39028501929694E+04 -0.48555751414093E+05  0.10825800390940E+05  0.18920163288197E+04 -0.36570592812675E+03 -0.70577026241533E-10 -0.55425581891240E-11 -0.21254307924217E-12 -0.17120313926010E+04  0.30001220218222E+03 -0.17625376633685E+04 -0.12048881371345E+04  0.74833816327430E+05 -0.29147720319430E+02  0.22905997399092E+05 -0.20914927179654E+04 -0.52534788056391E+04 -0.23945081126721E+05  0.00000000000000E+00  0.64503052873564E+05  0.00000000000000E+00  0.00000000000000E+00  0.00000000000000E+00  0.00000000000000E+00  0.00000000000000E+00  0.00000000000000E+00  0.00000000000000E+00  0.00000000000000E+00  0.00000000000000E+00  0.00000000000000E+00  0.00000000000000E+00  0.00000000000000E+00  0.00000000000000E+00  0.00000000000000E+00
  -0.43528340530371E+04 -0.24002457011761E+03  0.51486050818711E+02 -0.66927217329532E+02 -0.55979275473677E+02  0.15237081668857E+03  0.13534101066516E+03 -0.66784970992656E+05  0.24114994570265E+05  0.72775632073012E+03 -0.34102458861588E+03 -0.77043165828381E+03 -0.29557401151753E+02 -0.65709981433875E+01 -0.24485365747047E+04  0.28070741507437E+03 -0.24935059012496E+04 -0.12683981832209E+04 -0.11552474571786E+04  0.00000000000000E+00  0.00000000000000E+00  0.18006579208588E+01 -0.54465911146058E+02 -0.67425621712136E+01  0.00000000000000E+00  0.00000000000000E+00  0.30635973741422E+05  0.00000000000000E+00  0.00000000000000E+00  0.00000000000000E+00  0.00000000000000E+00  0.00000000000000E+00  0.00000000000000E+00  0.00000000000000E+00  0.00000000000000E+00  0.00000000000000E+00  0.00000000000000E+00  0.00000000000000E+00  0.00000000000000E+00  0.00000000000000E+00
  -0.75736394491756E+06  0.18454966580702E+06 -0.35143035748522E+05 -0.60376811688791E+05  0.10766604673229E+05 -0.86959699683030E+04 -0.94357261231952E+04 -0.27529244164767E+06  0.64772125261841E+05  0.10516047718943E+05 -0.20281010404098E+04 -0.52083939310842E+04 -0.61041928126206E+03 -0.93130558230995E+00  0.17097971284029E+04 -0.99212443873001E+02  0.19425185754463E+04  0.83089861436266E+03  0.49168308108031E+06  0.00000000000000E+00  0.00000000000000E+00 -0.30111260984146E+03 -0.76696929760471E+04  0.29777788048852E+05  0.00000000000000E+00  0.00000000000000E+00  0.00000000000000E+00  0.53455112201682E+06  0.00000000000000E+00  0.00000000000000E+00  0.00000000000000E+00  0.00000000000000E+00  0.00000000000000E+00  0.00000000000000E+00  0.00000000000000E+00  0.00000000000000E+00  0.00000000000000E+00  0.00000000000000E+00  0.00000000000000E+00  0.00000000000000E+00
  -0.93824804565183E+06  0.22169980901224E+06 -0.43631147104140E+05 -0.29957078197194E+06  0.54090267405793E+05 -0.42045956389182E+05 -0.47317223824805E+05 -0.53717774303615E+06  0.12299162709405E+06  0.21410021442441E+05 -0.40012241468618E+04  0.26777137944217E-09  0.47837159162906E-11 -0.62758415460105E-12  0.33790420918232E+04 -0.28249092434330E+03  0.40123148836102E+04  0.19893277739938E+04  0.22861079432414E+07  0.23417717586986E+03  0.47985575956391E+06 -0.37876104072136E+05 -0.10410957223045E+06 -0.37980321252890E+06  0.00000000000000E+00  0.00000000000000E+00  0.00000000000000E+00  0.00000000000000E+00  0.81995333737137E+06  0.00000000000000E+00  0.00000000000000E+00  0.00000000000000E+00  0.00000000000000E+00  0.00000000000000E+00  0.00000000000000E+00  0.00000000000000E+00  0.00000000000000E+00  0.00000000000000E+00  0.00000000000000E+00  0.00000000000000E+00
  -0.20534472965995E+05  0.57986374837972E+04 -0.10054598414072E+04 -0.14089379293773E+04  0.33820988784730E+03 -0.21716117240194E+01 -0.17023304916890E+03 -0.72452127123038E+05  0.23140716965686E+05  0.15267186316016E+04 -0.44255330238435E+03 -0.25202862479766E+04 -0.15613576188537E+03 -0.37973701938113E+01 -0.15198111152584E+04  0.15644783446023E+03 -0.12902368020488E+04 -0.66225998701302E+03  0.17537556428641E+05  0.00000000000000E+00  0.00000000000000E+00  0.00000000000000E+00  0.00000000000000E+00  0.00000000000000E+00  0.00000000000000E+00  0.00000000000000E+00  0.00000000000000E+00  0.00000000000000E+00  0.00000000000000E+00  0.14721995904796E+05  0.00000000000000E+00  0.00000000000000E+00  0.00000000000000E+00  0.00000000000000E+00  0.00000000000000E+00  0.00000000000000E+00  0.00000000000000E+00  0.00000000000000E+00  0.00000000000000E+00  0.00000000000000E+00
  -0.46292075108189E+05  0.13220248530319E+05 -0.22766572874935E+04 -0.24843405052224E+04  0.57688670159784E+03 -0.33228393909834E+02 -0.29062975404764E+03 -0.16206299370641E+06  0.51871696046346E+05  0.33437207428352E+04 -0.98999587973375E+03 -0.74012295560989E+02 -0.19539788925531E+02 -0.25339960902154E-04 -0.29580322660173E+04  0.30346559219735E+03 -0.25220948190028E+04 -0.12954789931576E+04  0.31274170795421E+05 -0.64491416174894E+01 -0.55871269968169E+04 -0.14103686074798E+03 -0.35199168614861E+03 -0.16481489440371E+04  0.00000000000000E+00  0.00000000000000E+00  0.00000000000000E+00  0.00000000000000E+00  0.00000000000000E+00  0.00000000000000E+00  0.31732360808498E+05  0.00000000000000E+00  0.00000000000000E+00  0.00000000000000E+00  0.00000000000000E+00  0.00000000000000E+00  0.00000000000000E+00  0.00000000000000E+00  0.00000000000000E+00  0.00000000000000E+00
  -0.30761658689043E+04  0.42121107173240E+03 -0.11902840616324E+03 -0.74148938813762E+02  0.95895125662344E+01 -0.19529959107087E+02 -0.13756832791112E+02 -0.13316957587772E+04  0.18051612828793E+03  0.43165118762337E+02 -0.11157794254949E+02 -0.83116980268010E+02 -0.66498460015769E+01 -0.15365804444253E+00 -0.71456662522232E+03  0.78197858875332E+02 -0.61900803012006E+03 -0.34434539585821E+03  0.23018560712990E+03  0.00000000000000E+00  0.00000000000000E+00  0.00000000000000E+00  0.00000000000000E+00  0.00000000000000E+00  0.00000000000000E+00  0.00000000000000E+00  0.00000000000000E+00  0.00000000000000E+00  0.00000000000000E+00  0.00000000000000E+00  0.00000000000000E+00  0.37849173171313E+04  0.00000000000000E+00  0.00000000000000E+00  0.00000000000000E+00  0.00000000000000E+00  0.00000000000000E+00  0.00000000000000E+00  0.00000000000000E+00  0.00000000000000E+00
  -0.12730387154755E+06  0.37333447735692E+05 -0.63536039983422E+04 -0.83721858706530E+04  0.20857101416823E+04  0.98193967314874E+02 -0.86071761291745E+03 -0.48717567890726E+04  0.54094259638615E+03  0.47577151216369E+03 -0.42232596261024E+02 -0.22012474978988E+00 -0.15899895067880E+00  0.75326324815702E-12  0.19312506945309E+03 -0.49930522497185E+02  0.80825018366529E+02  0.99060345894574E+02  0.10574627483469E+06  0.00000000000000E+00  0.00000000000000E+00  0.11317850247016E+04  0.17329104703067E+04  0.95677966160713E+04  0.00000000000000E+00  0.00000000000000E+00  0.00000000000000E+00  0.00000000000000E+00  0.00000000000000E+00  0.00000000000000E+00  0.00000000000000E+00  0.00000000000000E+00  0.71609490792305E+05  0.00000000000000E+00  0.00000000000000E+00  0.00000000000000E+00  0.00000000000000E+00  0.00000000000000E+00  0.00000000000000E+00  0.00000000000000E+00
  -0.14050393098531E+06  0.41087277596174E+05 -0.69913543615664E+04 -0.36421226422275E+05  0.89388718907525E+04  0.21070100713164E+03 -0.38214327985489E+04 -0.91314051013249E+04  0.10422990917094E+04  0.86355878973969E+03 -0.78991224249988E+02  0.35427826928324E-10 -0.10672934987246E-10 -0.43705968186544E-12  0.33197220942539E+03 -0.84850577660326E+02  0.14913102356990E+03  0.17552076914151E+03  0.45551402297098E+06  0.10951281099794E+03  0.72753743509223E+05 -0.34814250583098E+04 -0.10184085107612E+05 -0.45318859760475E+05  0.00000000000000E+00  0.00000000000000E+00  0.00000000000000E+00  0.00000000000000E+00  0.00000000000000E+00  0.00000000000000E+00  0.00000000000000E+00  0.00000000000000E+00  0.00000000000000E+00  0.92438735061191E+05  0.00000000000000E+00  0.00000000000000E+00  0.00000000000000E+00  0.00000000000000E+00  0.00000000000000E+00  0.00000000000000E+00
  -0.91008741364133E+04  0.24682813861375E+04 -0.43679887654720E+03 -0.25095764743357E+04  0.48215801850252E+03 -0.27147165188308E+03 -0.37344590738758E+03  0.76670463098853E+02 -0.11998932701346E+04  0.13480819856538E+03 -0.15248624079981E+02 -0.18370420883872E+01 -0.19277332226988E+00 -0.18816971850186E-02 -0.28227448258370E+04  0.42695624684955E+03 -0.27153319994996E+04 -0.17583056600077E+04  0.24570804562557E+05  0.00000000000000E+00  0.00000000000000E+00  0.00000000000000E+00  0.00000000000000E+00  0.00000000000000E+00  0.00000000000000E+00  0.00000000000000E+00  0.00000000000000E+00  0.00000000000000E+00  0.00000000000000E+00  0.00000000000000E+00  0.00000000000000E+00  0.00000000000000E+00  0.00000000000000E+00  0.00000000000000E+00  0.83063320861083E+04  0.00000000000000E+00  0.00000000000000E+00  0.00000000000000E+00  0.00000000000000E+00  0.00000000000000E+00
  -0.32262746329558E+04  0.78463712015334E+03 -0.15219422707199E+03 -0.98054105761264E+03  0.17902389617928E+03 -0.13704492910142E+03 -0.15746555201794E+03  0.16883914147432E+03 -0.67082697837523E+03  0.60286491423168E+02 -0.72134699313881E+01 -0.79178920245329E+00 -0.75130565358392E-01 -0.10345595811935E-02 -0.15031576128596E+04  0.21141214770005E+03 -0.14566013793642E+04 -0.90655841805819E+03  0.77632877705960E+04  0.00000000000000E+00  0.00000000000000E+00  0.00000000000000E+00  0.00000000000000E+00  0.00000000000000E+00  0.00000000000000E+00  0.00000000000000E+00  0.00000000000000E+00  0.00000000000000E+00  0.00000000000000E+00  0.00000000000000E+00  0.00000000000000E+00  0.00000000000000E+00  0.00000000000000E+00  0.00000000000000E+00  0.00000000000000E+00  0.42622893843215E+04  0.00000000000000E+00  0.00000000000000E+00  0.00000000000000E+00  0.00000000000000E+00
  -0.14832448630154E+05 -0.23724838629148E+04  0.56353387113549E+02 -0.94670305613229E+04  0.33363544937764E+03 -0.30245203901628E+04 -0.12706088132666E+04 -0.26182682633643E+06  0.11161379678853E+06  0.30853608805730E+04 -0.11569734065356E+04  0.29807189604998E+03  0.29686266556596E+02 -0.16528588347219E+01 -0.24604300198974E+04 -0.28580984970852E+03  0.14169278357245E+04  0.14960616997891E+04 -0.18639269622997E+05  0.00000000000000E+00  0.00000000000000E+00  0.00000000000000E+00  0.00000000000000E+00  0.00000000000000E+00  0.00000000000000E+00  0.00000000000000E+00  0.00000000000000E+00  0.00000000000000E+00  0.00000000000000E+00  0.00000000000000E+00  0.00000000000000E+00  0.00000000000000E+00  0.00000000000000E+00  0.00000000000000E+00  0.00000000000000E+00  0.00000000000000E+00  0.12380507103971E+06  0.00000000000000E+00  0.00000000000000E+00  0.00000000000000E+00
   0.13202901495968E+05 -0.15995934158114E+04  0.56813049233810E+03 -0.12193534808602E+05  0.17931978389307E+04 -0.29952418136727E+04 -0.25792475492555E+04 -0.78386721297146E+04  0.14740194355626E+04  0.38553854049981E+03 -0.62641146085624E+02  0.31849957280757E+03  0.70548239469413E+02  0.78981504417674E-04  0.14549093907579E+03 -0.24492822457478E+02  0.20580258501041E+03  0.13772648787412E+03  0.26693939204115E+05  0.15562801182500E+02 -0.15426015121507E+05  0.11922720826265E+04  0.29878114998384E+04  0.14095410112108E+05  0.00000000000000E+00  0.00000000000000E+00  0.00000000000000E+00  0.00000000000000E+00  0.00000000000000E+00  0.00000000000000E+00  0.00000000000000E+00  0.00000000000000E+00  0.00000000000000E+00  0.00000000000000E+00  0.00000000000000E+00  0.00000000000000E+00  0.00000000000000E+00  0.32621386573146E+05  0.00000000000000E+00  0.00000000000000E+00
  -0.70420249502680E+05  0.85326037562228E+04 -0.25656822224740E+04 -0.71814146737884E+04  0.81819592455091E+03 -0.18420590362482E+04 -0.11445406881886E+04 -0.13668953001224E+06  0.44180832671645E+05  0.27835718597097E+04 -0.83287526385382E+03 -0.28615992578682E+04 -0.20411889123919E+03 -0.35683959362392E+01 -0.83316999197517E+03  0.23833034332962E+03 -0.17034475904190E+04 -0.11801001034716E+04  0.20416273298267E+05  0.00000000000000E+00  0.00000000000000E+00 -0.41103589935716E+03 -0.21828313696111E+04  0.15590807088553E+04  0.00000000000000E+00  0.00000000000000E+00  0.00000000000000E+00  0.00000000000000E+00  0.00000000000000E+00  0.00000000000000E+00  0.00000000000000E+00  0.00000000000000E+00  0.00000000000000E+00  0.00000000000000E+00  0.00000000000000E+00  0.00000000000000E+00  0.00000000000000E+00  0.00000000000000E+00  0.94859775949266E+05  0.00000000000000E+00
  -0.55603358352308E+05  0.71583467626171E+04 -0.20818080419696E+04 -0.21263282974999E+05  0.25136502741657E+04 -0.53139373764928E+04 -0.34112726089447E+04 -0.16995349117803E+06  0.54395734494976E+05  0.35449009579380E+04 -0.10436541040520E+04 -0.80762229630173E-10  0.51172110342227E-13 -0.55754259597826E-12 -0.93912483591165E+03  0.26714007611067E+03 -0.18928368875819E+04 -0.13122368332035E+04  0.62810557519406E+05 -0.29778289121315E+02  0.18869200312193E+05 -0.27877583040748E+04 -0.81540188135100E+04 -0.25943392508929E+05  0.00000000000000E+00  0.00000000000000E+00  0.00000000000000E+00  0.00000000000000E+00  0.00000000000000E+00  0.00000000000000E+00  0.00000000000000E+00  0.00000000000000E+00  0.00000000000000E+00  0.00000000000000E+00  0.00000000000000E+00  0.00000000000000E+00  0.00000000000000E+00  0.00000000000000E+00  0.00000000000000E+00  0.99489948039191E+05

 # Covariance matrix (Bevington epsilon)
