 Correlated errors added in quadrature with statistical errors
 jl00106F2p DIS data with   1.69< Q2 < 0.500D+03 and 0.000 < xB < 1.000 and   3.50< W2 < 0.100D+04 and 0.000 < y < 1.000
   GP TMC applied
   HT corrections, multiplicative C=C(xB)
 Correlated errors added in quadrature with statistical errors
 jl00106F2d DIS data with   1.69< Q2 < 0.500D+03 and 0.000 < xB < 1.000 and   3.50< W2 < 0.100D+04 and 0.000 < y < 1.000
   WBArel smearing  (AV18) - KP free floating0 nuke corrections
   GP TMC applied
   HT corrections, multiplicative C=C(xB)
 Correlated errors added in quadrature with statistical errors
 HerF2pCut  DIS data with   1.69< Q2 < 0.500D+03 and 0.000 < xB < 1.000 and   3.50< W2 < 0.100D+04 and 0.000 < y < 1.000
   GP TMC applied
   HT corrections, multiplicative C=C(xB)
 Correlated errors added in quadrature with statistical errors
 HerF2dCut  DIS data with   1.69< Q2 < 0.500D+03 and 0.000 < xB < 1.000 and   3.50< W2 < 0.100D+04 and 0.000 < y < 1.000
   WBArel smearing  (AV18) - KP free floating0 nuke corrections
   GP TMC applied
   HT corrections, multiplicative C=C(xB)
 Correlated errors added in quadrature with statistical errors
 slac_p     DIS data with   1.69< Q2 < 0.500D+03 and 0.000 < xB < 1.000 and   3.50< W2 < 0.100D+04 and 0.000 < y < 1.000
   GP TMC applied
   HT corrections, multiplicative C=C(xB)
 Correlated errors added in quadrature with statistical errors
 slac_d     DIS data with   1.69< Q2 < 0.500D+03 and 0.000 < xB < 1.000 and   3.50< W2 < 0.100D+04 and 0.000 < y < 1.000
   WBArel smearing  (AV18) - KP free floating0 nuke corrections
   GP TMC applied
   HT corrections, multiplicative C=C(xB)
 Correlated errors treated separately from statistical errors
 BcdF2pCor  DIS data with   1.69< Q2 < 0.500D+03 and 0.000 < xB < 1.000 and   3.50< W2 < 0.100D+04 and 0.000 < y < 1.000
   GP TMC applied
   HT corrections, multiplicative C=C(xB)
 Correlated errors treated separately from statistical errors
 BcdF2dCor  DIS data with   1.69< Q2 < 0.500D+03 and 0.000 < xB < 1.000 and   3.50< W2 < 0.100D+04 and 0.000 < y < 1.000
   WBArel smearing  (AV18) - KP free floating0 nuke corrections
   GP TMC applied
   HT corrections, multiplicative C=C(xB)
 Correlated errors treated separately from statistical errors
 NmcF2pCor  DIS data with   1.69< Q2 < 0.500D+03 and 0.000 < xB < 1.000 and   3.50< W2 < 0.100D+04 and 0.000 < y < 1.000
   GP TMC applied
   HT corrections, multiplicative C=C(xB)
 Correlated errors treated separately from statistical errors
 NmcRatCor  DIS data with   1.69< Q2 < 0.500D+03 and 0.000 < xB < 1.000 and   3.50< W2 < 0.100D+04 and 0.000 < y < 1.000
   WBArel smearing  (AV18) - KP free floating0 nuke corrections
   GP TMC applied
   HT corrections, multiplicative C=C(xB)
 Correlated errors treated separately from statistical errors
 H2_NC_em   DIS data with   1.69< Q2 < 0.100D+06 and 0.000 < xB < 1.000 and   3.50< W2 < 0.100D+08 and 0.000 < y < 1.000
   GP TMC applied
   HT corrections, multiplicative C=C(xB)
 Correlated errors treated separately from statistical errors
 H2_NC_ep_1 DIS data with   1.69< Q2 < 0.100D+06 and 0.000 < xB < 1.000 and   3.50< W2 < 0.100D+08 and 0.000 < y < 1.000
   GP TMC applied
   HT corrections, multiplicative C=C(xB)
 Correlated errors treated separately from statistical errors
 H2_NC_ep_2 DIS data with   1.69< Q2 < 0.100D+06 and 0.000 < xB < 1.000 and   3.50< W2 < 0.100D+08 and 0.000 < y < 1.000
   GP TMC applied
   HT corrections, multiplicative C=C(xB)
 Correlated errors treated separately from statistical errors
 H2_NC_ep_3 DIS data with   1.69< Q2 < 0.100D+06 and 0.000 < xB < 1.000 and   3.50< W2 < 0.100D+08 and 0.000 < y < 1.000
   GP TMC applied
   HT corrections, multiplicative C=C(xB)
 Correlated errors treated separately from statistical errors
 H2_NC_ep_4 DIS data with   1.69< Q2 < 0.100D+06 and 0.000 < xB < 1.000 and   3.50< W2 < 0.100D+08 and 0.000 < y < 1.000
   GP TMC applied
   HT corrections, multiplicative C=C(xB)
 Correlated errors treated separately from statistical errors
 H2_CC_em   DIS data with   1.69< Q2 < 0.100D+06 and 0.000 < xB < 1.000 and   3.50< W2 < 0.100D+08 and 0.000 < y < 1.000
   GP TMC applied
   HT corrections, multiplicative C=C(xB)
 Correlated errors treated separately from statistical errors
 H2_CC_ep   DIS data with   1.69< Q2 < 0.100D+06 and 0.000 < xB < 1.000 and   3.50< W2 < 0.100D+08 and 0.000 < y < 1.000
   GP TMC applied
   HT corrections, multiplicative C=C(xB)
 Correlated errors added in quadrature with statistical errors
 BNS_F2nd   DIS data with   1.69< Q2 < 0.100D+06 and 0.000 < xB < 1.000 and   3.50< W2 < 0.100D+08 and 0.000 < y < 1.000
   WBArel smearing  (AV18) - KP free floating0 nuke corrections
   GP TMC applied
   HT corrections, multiplicative C=C(xB)
 Correlated errors added in quadrature with statistical errors
 e866pp06xf vector boson data with Q2 >=  36.00
 Correlated errors added in quadrature with statistical errors
 e866pd06xf vector boson data with Q2 >=  36.00
 Correlated errors added in quadrature with statistical errors
 cdfLasy05  vector boson data with Q2 >=   0.00
 Correlated errors added in quadrature with statistical errors
 d0Lasy_e15 vector boson data with Q2 >=   0.00
 Correlated errors added in quadrature with statistical errors
 d0Lasy13   vector boson data with Q2 >=   0.00
 Correlated errors added in quadrature with statistical errors
 CDF_Wasy   vector boson data with Q2 >=   0.00
 Correlated errors added in quadrature with statistical errors
 D0_Wasy    vector boson data with Q2 >=   0.00
 Correlated errors added in quadrature with statistical errors
 CDF_Z      vector boson data with Q2 >=   0.00
 Correlated errors added in quadrature with statistical errors
 D0_Z       vector boson data with Q2 >=   0.00
 Correlated errors added in quadrature with statistical errors
 d0run2coneJet data - errors added in quadrature
 Correlated errors added in quadrature with statistical errors
 CDFrun2jetJet data - errors added in quadrature
 Correlated errors added in quadrature with statistical errors
 d0_gamjet1 Photon data -- cuts to be written yet ...
 Correlated errors added in quadrature with statistical errors
 d0_gamjet2 Photon data -- cuts to be written yet ...
 Correlated errors added in quadrature with statistical errors
 d0_gamjet3 Photon data -- cuts to be written yet ...
 Correlated errors added in quadrature with statistical errors
 d0_gamjet4 Photon data -- cuts to be written yet ...

# fitpack15: fit output
# CJ15 AV18 final data choices                                                 

Parametrization   7 used here

 S-ACOT scheme used  for NC DIS

 charm mass =     1.30 GeV     bottom mass =     4.50 GeV



 THIS IS A NEXT TO LEADING ORDER FIT

 Q02=    1.69
         1  LAMBDA      VALUE=   0.22680      WEIGHT=    0.0000    
         2  a0uv        VALUE=    2.4169      WEIGHT=    0.0000    
         3  a1uv        VALUE=   0.61635      WEIGHT=   0.20395E-01
         4  a2uv        VALUE=    3.5428      WEIGHT=   0.12297E-01
         5  a3uv        VALUE=    0.0000      WEIGHT=    0.0000    
         6  a4uv        VALUE=    3.4395      WEIGHT=   0.43683    
         7  a5uv        VALUE=    0.0000      WEIGHT=    0.0000    
         8  a0dv        VALUE=    24.544      WEIGHT=    0.0000    
         9  a1dv        VALUE=    1.1585      WEIGHT=   0.33842E-01
        10  a2dv        VALUE=    6.5538      WEIGHT=   0.15967    
        11  a3dv        VALUE=   -3.5001      WEIGHT=   0.87255E-01
        12  a4dv        VALUE=    4.6830      WEIGHT=   0.14394    
        13  a5dv        VALUE=    0.0000      WEIGHT=    0.0000    
        14  a0ud        VALUE=   0.14662      WEIGHT=   0.50263E-02
        15  a1ud        VALUE=  -0.20771      WEIGHT=   0.37519E-02
        16  a2ud        VALUE=    8.3632      WEIGHT=   0.18523    
        17  a3ud        VALUE=    0.0000      WEIGHT=    0.0000    
        18  a4ud        VALUE=    14.678      WEIGHT=    1.2107    
        19  a5ud        VALUE=    0.0000      WEIGHT=    0.0000    
        20  a0du        VALUE=    35712.      WEIGHT=    0.0000    
        21  a1du        VALUE=    4.0198      WEIGHT=   0.71322E-01
        22  a2du        VALUE=    20.251      WEIGHT=   0.86082    
        23  a3du        VALUE=    17.000      WEIGHT=    0.0000    
        24  a4du        VALUE=    50.601      WEIGHT=    9.0827    
        25  a0g         VALUE=    45.217      WEIGHT=    0.0000    
        26  a1g         VALUE=   0.60182      WEIGHT=   0.31731E-01
        27  a2g         VALUE=    6.4148      WEIGHT=    1.0043    
        28  a3g         VALUE=   -3.3037      WEIGHT=   0.13891    
        29  a4g         VALUE=    3.1575      WEIGHT=   0.30059    
        30  a5g         VALUE=    0.0000      WEIGHT=    0.0000    
        31  kappa       VALUE=   0.40000      WEIGHT=    0.0000    
        32  a6dv        VALUE=  -0.36574E-02  WEIGHT=   0.67517E-03
        33  a7dv        VALUE=    2.0000      WEIGHT=    0.0000    
        34  off1        VALUE=   -3.5009      WEIGHT=    1.4769    
        35  off2        VALUE=   0.56166E-01  WEIGHT=   0.58667E-01
        36  ht1         VALUE=   -3.2479      WEIGHT=   0.26672    
        37  ht2         VALUE=    1.9154      WEIGHT=   0.10687    
        38  ht3         VALUE=   -2.0748      WEIGHT=   0.22824E-01
        39  ht4         VALUE=    0.0000      WEIGHT=    0.0000    
        40  dummy40     VALUE=    0.0000      WEIGHT=    0.0000    
        41  dummy41     VALUE=    0.0000      WEIGHT=    0.0000    
        42  dummy42     VALUE=    0.0000      WEIGHT=    0.0000    
        43  dummy43     VALUE=    0.0000      WEIGHT=    0.0000    
        44  dummy44     VALUE=    0.0000      WEIGHT=    0.0000    
        45  dummy45     VALUE=    0.0000      WEIGHT=    0.0000    
        46  dummy46     VALUE=    0.0000      WEIGHT=    0.0000    
        47  dummy47     VALUE=    0.0000      WEIGHT=    0.0000    
        48  dummy48     VALUE=    0.0000      WEIGHT=    0.0000    
        49  dummy49     VALUE=    0.0000      WEIGHT=    0.0000    
        50  bcdmsh2     VALUE=   0.97285      WEIGHT=   0.48427E-02
        51  bcdmsd2     VALUE=   0.99317      WEIGHT=   0.57972E-02
        52  ccfr        VALUE=    1.0000      WEIGHT=    0.0000    
        53  nutev       VALUE=    1.0000      WEIGHT=    0.0000    
        54  zeus        VALUE=   0.97998      WEIGHT=    0.0000    
        55  h1          VALUE=    1.0162      WEIGHT=    0.0000    
        56  e605        VALUE=    1.0319      WEIGHT=    0.0000    
        57  NmcH2       VALUE=    1.0095      WEIGHT=   0.71200E-02
        58  ntv_nu      VALUE=    1.0000      WEIGHT=    0.0000    
        59  ntv_nubar   VALUE=    1.0000      WEIGHT=    0.0000    
        60  cdf_jet     VALUE=   0.98910      WEIGHT=    0.0000    
        61  d0_jet      VALUE=   0.83504      WEIGHT=    0.0000    
        62  slac_p      VALUE=    1.0048      WEIGHT=   0.48232E-02
        63  slac_d      VALUE=    1.0042      WEIGHT=   0.52625E-02
        64  e866pp      VALUE=   0.96438      WEIGHT=   0.19188E-01
        65  e866pd      VALUE=   0.96857      WEIGHT=   0.16516E-01
        66  d0_gamjet   VALUE=    1.0391      WEIGHT=   0.16482E-01
        67  h1b         VALUE=   0.97608      WEIGHT=    0.0000    
        68  jlab_p      VALUE=   0.99439      WEIGHT=   0.57989E-02
        69  jlab_d      VALUE=   0.97560      WEIGHT=   0.58777E-02
        70  blank       VALUE=    1.0000      WEIGHT=    0.0000    
        71  d0run2      VALUE=   0.94153      WEIGHT=   0.14203E-01
        72  cdfrun2     VALUE=   0.92693      WEIGHT=   0.17236E-01
        73  HERA_el     VALUE=    1.0000      WEIGHT=    0.0000    
        74  HERA_ps     VALUE=    1.0000      WEIGHT=    0.0000    
        75  CDF_Z       VALUE=   0.96573      WEIGHT=   0.64152E-02
        76  NmcRat      VALUE=    1.0000      WEIGHT=    0.0000    
        77  BNS_F2nd    VALUE=   0.98244      WEIGHT=   0.67043E-02
        78  HERMES_F2p  VALUE=   0.99812      WEIGHT=   0.55759E-02
        79  HERMES_F2d  VALUE=   0.98034      WEIGHT=   0.58160E-02
0THE TOLERANCE IS    0.5000
 THE MAXIMUM NUMBER OF STEPS IS 100
0THE INITIAL CHI SQUARED IS  4.47015E+03
0  STEP  CHI SQUARED    PARAMETER      VALUE         ERROR
 ------------------------------------------------------------
     1    4.46808E+03
                       1  LAMBDA     2.2680E-01       FIX 
                       2  a0uv       2.4056E+00       FIX 
                       3  a1uv       6.1536E-01           
                       4  a2uv       3.5429E+00           
                       5  a3uv       0.0000E+00       FIX 
                       6  a4uv       3.4648E+00           
                       7  a5uv       0.0000E+00       FIX 
                       8  a0dv       2.4675E+01       FIX 
                       9  a1dv       1.1594E+00           
                      10  a2dv       6.5552E+00           
                      11  a3dv      -3.5029E+00           
                      12  a4dv       4.6811E+00           
                      13  a5dv       0.0000E+00       FIX 
                      14  a0ud       1.4658E-01           
                      15  a1ud      -2.0775E-01           
                      16  a2ud       8.3352E+00           
                      17  a3ud       0.0000E+00       FIX 
                      18  a4ud       1.4619E+01           
                      19  a5ud       0.0000E+00       FIX 
                      20  a0du       3.5712E+04       FIX 
                      21  a1du       4.0308E+00           
                      22  a2du       2.0168E+01           
                      23  a3du       1.7000E+01       FIX 
                      24  a4du       5.2396E+01           
                      25  a0g        4.5486E+01       FIX 
                      26  a1g        6.0285E-01           
                      27  a2g        6.4805E+00           
                      28  a3g       -3.3061E+00           
                      29  a4g        3.1721E+00           
                      30  a5g        0.0000E+00       FIX 
                      31  kappa      4.0000E-01       FIX 
                      32  a6dv      -3.6078E-03           
                      33  a7dv       2.0000E+00       FIX 
                      34  off1      -3.7118E+00           
                      35  off2       6.0187E-02           
                      36  ht1       -3.2078E+00           
                      37  ht2        1.9083E+00           
                      38  ht3       -2.0719E+00           
                      39  ht4        0.0000E+00       FIX 
                      40  dummy40    0.0000E+00       FIX 
                      41  dummy41    0.0000E+00       FIX 
                      42  dummy42    0.0000E+00       FIX 
                      43  dummy43    0.0000E+00       FIX 
                      44  dummy44    0.0000E+00       FIX 
                      45  dummy45    0.0000E+00       FIX 
                      46  dummy46    0.0000E+00       FIX 
                      47  dummy47    0.0000E+00       FIX 
                      48  dummy48    0.0000E+00       FIX 
                      49  dummy49    0.0000E+00       FIX 
                      50  bcdmsh2    9.7327E-01           
                      51  bcdmsd2    9.9354E-01           
                      52  ccfr       1.0000E+00       FIX 
                      53  nutev      1.0000E+00       FIX 
                      54  zeus       9.7998E-01       FIX 
                      55  h1         1.0162E+00       FIX 
                      56  e605       1.0319E+00       FIX 
                      57  NmcH2      1.0098E+00           
                      58  ntv_nu     1.0000E+00       FIX 
                      59  ntv_nuba   1.0000E+00       FIX 
                      60  cdf_jet    9.8910E-01       FIX 
                      61  d0_jet     8.3504E-01       FIX 
                      62  slac_p     1.0047E+00           
                      63  slac_d     1.0048E+00           
                      64  e866pp     9.6709E-01           
                      65  e866pd     9.6428E-01           
                      66  d0_gamje   1.0392E+00           
                      67  h1b        9.7608E-01       FIX 
                      68  jlab_p     9.8937E-01           
                      69  jlab_d     9.7573E-01           
                      70  blank      1.0000E+00       FIX 
                      71  d0run2     9.4121E-01           
                      72  cdfrun2    9.2669E-01           
                      73  HERA_el    1.0000E+00       FIX 
                      74  HERA_ps    1.0000E+00       FIX 
                      75  CDF_Z      9.6573E-01           
                      76  NmcRat     1.0000E+00       FIX 
                      77  BNS_F2nd   9.7974E-01           
                      78  HERMES_F   9.9850E-01           
                      79  HERMES_F   9.8074E-01           
 ------------------------------------------------------------
     2    4.46764E+03
                       1  LAMBDA     2.2680E-01    0.0000E+00
                       2  a0uv       2.4044E+00    0.0000E+00
                       3  a1uv       6.1524E-01    1.9993E-02
                       4  a2uv       3.5428E+00    1.3429E-02
                       5  a3uv       0.0000E+00    0.0000E+00
                       6  a4uv       3.4669E+00    4.3508E-01
                       7  a5uv       0.0000E+00    0.0000E+00
                       8  a0dv       2.4686E+01    0.0000E+00
                       9  a1dv       1.1596E+00    3.4102E-02
                      10  a2dv       6.5550E+00    1.6330E-01
                      11  a3dv      -3.5029E+00    8.8495E-02
                      12  a4dv       4.6810E+00    1.4473E-01
                      13  a5dv       0.0000E+00    0.0000E+00
                      14  a0ud       1.4663E-01    5.0433E-03
                      15  a1ud      -2.0773E-01    3.7597E-03
                      16  a2ud       8.3324E+00    1.9247E-01
                      17  a3ud       0.0000E+00    0.0000E+00
                      18  a4ud       1.4622E+01    1.2328E+00
                      19  a5ud       0.0000E+00    0.0000E+00
                      20  a0du       3.5712E+04    0.0000E+00
                      21  a1du       4.0278E+00    7.5674E-02
                      22  a2du       2.0143E+01    8.8709E-01
                      23  a3du       1.7000E+01    0.0000E+00
                      24  a4du       5.1460E+01    1.0695E+01
                      25  a0g        4.5532E+01    0.0000E+00
                      26  a1g        6.0291E-01    3.1321E-02
                      27  a2g        6.4883E+00    9.8891E-01
                      28  a3g       -3.3066E+00    1.3588E-01
                      29  a4g        3.1733E+00    3.1544E-01
                      30  a5g        0.0000E+00    0.0000E+00
                      31  kappa      4.0000E-01    0.0000E+00
                      32  a6dv      -3.6112E-03    6.7536E-04
                      33  a7dv       2.0000E+00    0.0000E+00
                      34  off1      -3.7289E+00    1.5631E+00
                      35  off2       6.0431E-02    1.2902E-02
                      36  ht1       -3.2004E+00    3.4812E-01
                      37  ht2        1.9095E+00    1.2806E-01
                      38  ht3       -2.0710E+00    2.1720E-02
                      39  ht4        0.0000E+00    0.0000E+00
                      40  dummy40    0.0000E+00    0.0000E+00
                      41  dummy41    0.0000E+00    0.0000E+00
                      42  dummy42    0.0000E+00    0.0000E+00
                      43  dummy43    0.0000E+00    0.0000E+00
                      44  dummy44    0.0000E+00    0.0000E+00
                      45  dummy45    0.0000E+00    0.0000E+00
                      46  dummy46    0.0000E+00    0.0000E+00
                      47  dummy47    0.0000E+00    0.0000E+00
                      48  dummy48    0.0000E+00    0.0000E+00
                      49  dummy49    0.0000E+00    0.0000E+00
                      50  bcdmsh2    9.7331E-01    4.8391E-03
                      51  bcdmsd2    9.9334E-01    5.8441E-03
                      52  ccfr       1.0000E+00    0.0000E+00
                      53  nutev      1.0000E+00    0.0000E+00
                      54  zeus       9.7998E-01    0.0000E+00
                      55  h1         1.0162E+00    0.0000E+00
                      56  e605       1.0319E+00    0.0000E+00
                      57  NmcH2      1.0097E+00    7.1352E-03
                      58  ntv_nu     1.0000E+00    0.0000E+00
                      59  ntv_nuba   1.0000E+00    0.0000E+00
                      60  cdf_jet    9.8910E-01    0.0000E+00
                      61  d0_jet     8.3504E-01    0.0000E+00
                      62  slac_p     1.0048E+00    4.8694E-03
                      63  slac_d     1.0047E+00    5.2948E-03
                      64  e866pp     9.6707E-01    1.9311E-02
                      65  e866pd     9.6451E-01    1.5975E-02
                      66  d0_gamje   1.0391E+00    1.6484E-02
                      67  h1b        9.7608E-01    0.0000E+00
                      68  jlab_p     9.8927E-01    6.1783E-03
                      69  jlab_d     9.7551E-01    6.2288E-03
                      70  blank      1.0000E+00    0.0000E+00
                      71  d0run2     9.4090E-01    1.4267E-02
                      72  cdfrun2    9.2644E-01    1.7271E-02
                      73  HERA_el    1.0000E+00    0.0000E+00
                      74  HERA_ps    1.0000E+00    0.0000E+00
                      75  CDF_Z      9.6594E-01    6.6083E-03
                      76  NmcRat     1.0000E+00    0.0000E+00
                      77  BNS_F2nd   9.8024E-01    7.4440E-03
                      78  HERMES_F   9.9855E-01    5.5980E-03
                      79  HERMES_F   9.8058E-01    5.8381E-03
0 MINIMIZATION TERMINATED WITH STEP  2
  TOLERANCE CRITERION      SATISFIED
0 CHI SQUARED PER DEGREE OF FREEDOM IS  1.043E+00
   1.000 -0.431 -0.977  0.263 -0.027  0.157 -0.353  0.455  0.393 -0.293 -0.487 -0.185 -0.258  0.003  0.182  0.136  0.056 -0.023  0.292 -0.123  0.055  0.109 -0.224  0.127  0.322  0.248  0.155  0.307  0.271 -0.378 -0.177  0.083  0.171  0.200 -0.156 -0.129  0.431  0.116  0.266  0.236
  -0.431  1.000  0.586  0.232  0.367 -0.252  0.229 -0.160 -0.148  0.332  0.247  0.242  0.042  0.142 -0.018  0.095  0.078  0.015 -0.264  0.021  0.069 -0.598  0.467  0.314  0.098  0.048  0.024  0.021  0.044  0.181  0.004  0.006  0.140  0.137 -0.065 -0.025 -0.097 -0.126  0.059  0.055
  -0.977  0.586  1.000 -0.168  0.115 -0.200  0.369 -0.435 -0.381  0.351  0.512  0.222  0.260  0.041 -0.155 -0.089 -0.027  0.018 -0.311  0.118 -0.023 -0.197  0.276 -0.048 -0.204 -0.159 -0.090 -0.186 -0.159  0.440  0.224 -0.068 -0.061 -0.098  0.108  0.092 -0.354 -0.129 -0.159 -0.135
   0.263  0.232 -0.168  1.000  0.828 -0.644  0.032  0.147  0.099 -0.117 -0.226  0.343 -0.205  0.263  0.334  0.256 -0.184  0.232  0.210  0.058  0.221 -0.285  0.199  0.289  0.288  0.222  0.122  0.296  0.241  0.045 -0.112  0.061  0.233  0.159 -0.064 -0.056  0.158 -0.061  0.276  0.231
  -0.027  0.367  0.115  0.828  1.000 -0.885  0.542 -0.088 -0.104  0.151  0.103  0.187 -0.027  0.233  0.225  0.206 -0.188  0.229 -0.184  0.040  0.097 -0.207  0.102  0.212  0.180  0.115  0.118  0.141  0.085  0.122 -0.001  0.025  0.131 -0.011 -0.033 -0.030  0.078 -0.001  0.156  0.113
   0.157 -0.252 -0.200 -0.644 -0.885  1.000 -0.740  0.265  0.258 -0.143 -0.258 -0.063  0.012 -0.301 -0.180 -0.229  0.209 -0.275  0.063  0.098 -0.085  0.212 -0.149 -0.135 -0.087 -0.056 -0.134 -0.077 -0.046 -0.160 -0.121  0.007 -0.083  0.020  0.012  0.008 -0.024 -0.106 -0.108 -0.086
  -0.353  0.229  0.369  0.032  0.542 -0.740  1.000 -0.409 -0.370  0.452  0.585 -0.267  0.240  0.055 -0.050  0.064 -0.068  0.101 -0.393 -0.138 -0.153 -0.007 -0.055 -0.056 -0.027 -0.039  0.115 -0.059 -0.064  0.175  0.272 -0.049 -0.004 -0.108 -0.013 -0.008  0.019  0.197 -0.017 -0.014
   0.455 -0.160 -0.435  0.147 -0.088  0.265 -0.409  1.000  0.967 -0.395 -0.776  0.069 -0.149 -0.104 -0.089 -0.044  0.190 -0.154  0.146  0.064  0.014 -0.035 -0.011  0.067  0.224  0.190  0.148  0.222  0.205 -0.088 -0.073  0.084  0.147  0.172  0.017  0.011  0.305 -0.014  0.201  0.179
   0.393 -0.148 -0.381  0.099 -0.104  0.258 -0.370  0.967  1.000 -0.350 -0.725  0.050 -0.126 -0.106 -0.197 -0.110  0.223 -0.201  0.122  0.063  0.005 -0.031 -0.007  0.053  0.173  0.147  0.124  0.163  0.151 -0.098 -0.085  0.072  0.104  0.127  0.034  0.022  0.242 -0.017  0.148  0.131
  -0.293  0.332  0.351 -0.117  0.151 -0.143  0.452 -0.395 -0.350  1.000  0.760 -0.346  0.457 -0.252 -0.080 -0.192 -0.214  0.045 -0.305  0.201 -0.312  0.142 -0.094 -0.245 -0.067 -0.032  0.026 -0.060 -0.022 -0.000  0.044 -0.028 -0.000 -0.023  0.116  0.059 -0.030 -0.098 -0.020  0.016
  -0.487  0.247  0.512 -0.226  0.103 -0.258  0.585 -0.776 -0.725  0.760  1.000 -0.312  0.352 -0.192 -0.057 -0.133 -0.134 -0.010 -0.273 -0.002 -0.351  0.190 -0.189 -0.261 -0.016 -0.009  0.077  0.019  0.043  0.287  0.409 -0.090  0.067  0.038 -0.040 -0.060  0.055  0.090  0.037  0.074
  -0.185  0.242  0.222  0.343  0.187 -0.063 -0.267  0.069  0.050 -0.346 -0.312  1.000 -0.578  0.338  0.133  0.090 -0.072  0.104  0.100 -0.010  0.472 -0.257  0.299  0.327  0.010  0.039 -0.019  0.022  0.015  0.277 -0.124  0.038  0.001 -0.021  0.050  0.043 -0.229 -0.121  0.059 -0.004
  -0.258  0.042  0.260 -0.205 -0.027  0.012  0.240 -0.149 -0.126  0.457  0.352 -0.578  1.000 -0.019 -0.190 -0.109  0.137 -0.144 -0.235  0.312 -0.081  0.139 -0.140 -0.014  0.018  0.010  0.026 -0.005 -0.019  0.170  0.127 -0.004 -0.022 -0.039 -0.028 -0.025 -0.040 -0.244 -0.018 -0.011
   0.003  0.142  0.041  0.263  0.233 -0.301  0.055 -0.104 -0.106 -0.252 -0.192  0.338 -0.019  1.000  0.125  0.335 -0.069  0.274  0.097 -0.170  0.748 -0.270  0.319  0.497  0.115  0.077  0.134  0.095  0.040  0.177 -0.092  0.075 -0.000 -0.028  0.003  0.027 -0.257 -0.190  0.116  0.056
   0.182 -0.018 -0.155  0.334  0.225 -0.180 -0.050 -0.089 -0.197 -0.080 -0.057  0.133 -0.190  0.125  1.000  0.700 -0.660  0.801  0.130 -0.031  0.106 -0.020  0.073  0.001  0.109  0.095 -0.037  0.160  0.150 -0.066 -0.083  0.038  0.121  0.123 -0.003  0.019  0.069 -0.000  0.144  0.138
   0.136  0.095 -0.089  0.256  0.206 -0.229  0.064 -0.044 -0.110 -0.192 -0.133  0.090 -0.109  0.335  0.700  1.000 -0.187  0.710  0.074 -0.062  0.302 -0.251  0.309  0.160  0.121  0.124  0.044  0.236  0.245 -0.006 -0.024  0.048  0.209  0.236 -0.223 -0.089  0.030 -0.009  0.196  0.211
   0.056  0.078 -0.027 -0.184 -0.188  0.209 -0.068  0.190  0.223 -0.214 -0.134 -0.072  0.137 -0.069 -0.660 -0.187  1.000 -0.804 -0.064  0.001  0.051 -0.203  0.051  0.242  0.142  0.120  0.152  0.181  0.181  0.187  0.227 -0.009  0.178  0.195 -0.409 -0.280  0.229  0.059  0.108  0.115
  -0.023  0.015  0.018  0.232  0.229 -0.275  0.101 -0.154 -0.201  0.045 -0.010  0.104 -0.144  0.274  0.801  0.710 -0.804  1.000  0.067 -0.019  0.169 -0.031  0.205 -0.088 -0.115 -0.077 -0.124 -0.081 -0.067 -0.186 -0.247  0.036 -0.073 -0.065  0.212  0.195 -0.254 -0.082 -0.040 -0.030
   0.292 -0.264 -0.311  0.210 -0.184  0.063 -0.393  0.146  0.122 -0.305 -0.273  0.100 -0.235  0.097  0.130  0.074 -0.064  0.067  1.000 -0.319  0.127 -0.208  0.221  0.107  0.093  0.107  0.030  0.155  0.182 -0.091 -0.066  0.023  0.106  0.229 -0.037 -0.024  0.088  0.034  0.136  0.146
  -0.123  0.021  0.118  0.058  0.040  0.098 -0.138  0.064  0.063  0.201 -0.002 -0.010  0.312 -0.170 -0.031 -0.062  0.001 -0.019 -0.319  1.000 -0.120  0.005  0.003 -0.004 -0.113  0.043 -0.097 -0.089 -0.051 -0.010 -0.147  0.014 -0.023 -0.089  0.086  0.060 -0.137 -0.359 -0.106 -0.039
   0.055  0.069 -0.023  0.221  0.097 -0.085 -0.153  0.014  0.005 -0.312 -0.351  0.472 -0.081  0.748  0.106  0.302  0.051  0.169  0.127 -0.120  1.000 -0.278  0.336  0.713  0.045  0.141  0.007 -0.001  0.069  0.083 -0.190  0.080 -0.116 -0.047 -0.013  0.022 -0.312 -0.275  0.022  0.078
   0.109 -0.598 -0.197 -0.285 -0.207  0.212 -0.007 -0.035 -0.031  0.142  0.190 -0.257  0.139 -0.270 -0.020 -0.251 -0.203 -0.031 -0.208  0.005 -0.278  1.000 -0.872 -0.490 -0.027 -0.042  0.034 -0.062 -0.084  0.043  0.186 -0.027 -0.177 -0.223  0.118  0.037  0.150  0.087 -0.054 -0.069
  -0.224  0.467  0.276  0.199  0.102 -0.149 -0.055 -0.011 -0.007 -0.094 -0.189  0.299 -0.140  0.319  0.073  0.309  0.051  0.205  0.221  0.003  0.336 -0.872  1.000  0.210 -0.121 -0.060 -0.118  0.040  0.078 -0.100 -0.287  0.030  0.099  0.178  0.022  0.074 -0.346 -0.158  0.009  0.032
   0.127  0.314 -0.048  0.289  0.212 -0.135 -0.056  0.067  0.053 -0.245 -0.261  0.327 -0.014  0.497  0.001  0.160  0.242 -0.088  0.107 -0.004  0.713 -0.490  0.210  1.000  0.187  0.297  0.089 -0.019  0.133  0.126 -0.057  0.060 -0.029  0.091 -0.181 -0.112 -0.040 -0.256  0.051  0.153
   0.322  0.098 -0.204  0.288  0.180 -0.087 -0.027  0.224  0.173 -0.067 -0.016  0.010  0.018  0.115  0.109  0.121  0.142 -0.115  0.093 -0.113  0.045 -0.027 -0.121  0.187  1.000  0.489  0.389  0.688  0.613  0.394  0.462  0.057  0.529  0.496 -0.241 -0.211  0.576  0.105  0.597  0.551
   0.248  0.048 -0.159  0.222  0.115 -0.056 -0.039  0.190  0.147 -0.032 -0.009  0.039  0.010  0.077  0.095  0.124  0.120 -0.077  0.107  0.043  0.141 -0.042 -0.060  0.297  0.489  1.000  0.319  0.526  0.661  0.330  0.398  0.047  0.369  0.506 -0.195 -0.168  0.457 -0.052  0.481  0.576
   0.155  0.024 -0.090  0.122  0.118 -0.134  0.115  0.148  0.124  0.026  0.077 -0.019  0.026  0.134 -0.037  0.044  0.152 -0.124  0.030 -0.097  0.007  0.034 -0.118  0.089  0.389  0.319  1.000  0.436  0.408  0.347  0.413  0.029  0.323  0.317 -0.167 -0.145  0.422  0.094  0.420  0.396
   0.307  0.021 -0.186  0.296  0.141 -0.077 -0.059  0.222  0.163 -0.060  0.019  0.022 -0.005  0.095  0.160  0.236  0.181 -0.081  0.155 -0.089 -0.001 -0.062  0.040 -0.019  0.688  0.526  0.436  1.000  0.800  0.472  0.558  0.056  0.718  0.664 -0.293 -0.247  0.642  0.155  0.752  0.688
   0.271  0.044 -0.159  0.241  0.085 -0.046 -0.064  0.205  0.151 -0.022  0.043  0.015 -0.019  0.040  0.150  0.245  0.181 -0.067  0.182 -0.051  0.069 -0.084  0.078  0.133  0.613  0.661  0.408  0.800  1.000  0.428  0.551  0.047  0.575  0.777 -0.290 -0.236  0.608  0.000  0.692  0.794
  -0.378  0.181  0.440  0.045  0.122 -0.160  0.175 -0.088 -0.098 -0.000  0.287  0.277  0.170  0.177 -0.066 -0.006  0.187 -0.186 -0.091 -0.010  0.083  0.043 -0.100  0.126  0.394  0.330  0.347  0.472  0.428  1.000  0.689 -0.008  0.362  0.318 -0.186 -0.167  0.308  0.026  0.439  0.399
  -0.177  0.004  0.224 -0.112 -0.001 -0.121  0.272 -0.073 -0.085  0.044  0.409 -0.124  0.127 -0.092 -0.083 -0.024  0.227 -0.247 -0.066 -0.147 -0.190  0.186 -0.287 -0.057  0.462  0.398  0.413  0.558  0.551  0.689  1.000 -0.038  0.443  0.439 -0.259 -0.230  0.582  0.234  0.497  0.523
   0.083  0.006 -0.068  0.061  0.025  0.007 -0.049  0.084  0.072 -0.028 -0.090  0.038 -0.004  0.075  0.038  0.048 -0.009  0.036  0.023  0.014  0.080 -0.027  0.030  0.060  0.057  0.047  0.029  0.056  0.047 -0.008 -0.038  1.000  0.033  0.031  0.012  0.011  0.011 -0.040  0.051  0.041
   0.171  0.140 -0.061  0.233  0.131 -0.083 -0.004  0.147  0.104 -0.000  0.067  0.001 -0.022 -0.000  0.121  0.209  0.178 -0.073  0.106 -0.023 -0.116 -0.177  0.099 -0.029  0.529  0.369  0.323  0.718  0.575  0.362  0.443  0.033  1.000  0.537 -0.256 -0.206  0.512  0.174  0.566  0.496
   0.200  0.137 -0.098  0.159 -0.011  0.020 -0.108  0.172  0.127 -0.023  0.038 -0.021 -0.039 -0.028  0.123  0.236  0.195 -0.065  0.229 -0.089 -0.047 -0.223  0.178  0.091  0.496  0.506  0.317  0.664  0.777  0.318  0.439  0.031  0.537  1.000 -0.273 -0.210  0.512  0.043  0.563  0.630
  -0.156 -0.065  0.108 -0.064 -0.033  0.012 -0.013  0.017  0.034  0.116 -0.040  0.050 -0.028  0.003 -0.003 -0.223 -0.409  0.212 -0.037  0.086 -0.013  0.118  0.022 -0.181 -0.241 -0.195 -0.167 -0.293 -0.290 -0.186 -0.259  0.012 -0.256 -0.273  1.000  0.287 -0.332 -0.104 -0.242 -0.242
  -0.129 -0.025  0.092 -0.056 -0.030  0.008 -0.008  0.011  0.022  0.059 -0.060  0.043 -0.025  0.027  0.019 -0.089 -0.280  0.195 -0.024  0.060  0.022  0.037  0.074 -0.112 -0.211 -0.168 -0.145 -0.247 -0.236 -0.167 -0.230  0.011 -0.206 -0.210  0.287  1.000 -0.286 -0.089 -0.207 -0.202
   0.431 -0.097 -0.354  0.158  0.078 -0.024  0.019  0.305  0.242 -0.030  0.055 -0.229 -0.040 -0.257  0.069  0.030  0.229 -0.254  0.088 -0.137 -0.312  0.150 -0.346 -0.040  0.576  0.457  0.422  0.642  0.608  0.308  0.582  0.011  0.512  0.512 -0.332 -0.286  1.000  0.279  0.572  0.563
   0.116 -0.126 -0.129 -0.061 -0.001 -0.106  0.197 -0.014 -0.017 -0.098  0.090 -0.121 -0.244 -0.190 -0.000 -0.009  0.059 -0.082  0.034 -0.359 -0.275  0.087 -0.158 -0.256  0.105 -0.052  0.094  0.155  0.000  0.026  0.234 -0.040  0.174  0.043 -0.104 -0.089  0.279  1.000  0.108  0.019
   0.266  0.059 -0.159  0.276  0.156 -0.108 -0.017  0.201  0.148 -0.020  0.037  0.059 -0.018  0.116  0.144  0.196  0.108 -0.040  0.136 -0.106  0.022 -0.054  0.009  0.051  0.597  0.481  0.420  0.752  0.692  0.439  0.497  0.051  0.566  0.563 -0.242 -0.207  0.572  0.108  1.000  0.620
   0.236  0.055 -0.135  0.231  0.113 -0.086 -0.014  0.179  0.131  0.016  0.074 -0.004 -0.011  0.056  0.138  0.211  0.115 -0.030  0.146 -0.039  0.078 -0.069  0.032  0.153  0.551  0.576  0.396  0.688  0.794  0.399  0.523  0.041  0.496  0.630 -0.242 -0.202  0.563  0.019  0.620  1.000

0                ***   ***   ***  ***   ***   ***



     X        Q2         W2       THEORY        error         DATA           ERROR        chi^2     _w    ITYPE
.4831E+00     3.585  0.472E+01   0.18043E+00   0.76319E-03   0.18590E+00    0.56080E-02   -0.95         jl00106F2p
.4904E+00     3.624  0.465E+01   0.17548E+00   0.73595E-03   0.18170E+00    0.55227E-02   -1.27         jl00106F2p
.4978E+00     3.663  0.458E+01   0.17051E+00   0.70866E-03   0.17590E+00    0.53000E-02   -1.03         jl00106F2p
.5052E+00     3.702  0.451E+01   0.16559E+00   0.68176E-03   0.16780E+00    0.50774E-02   -0.19         jl00106F2p
.5127E+00     3.740  0.444E+01   0.16066E+00   0.65499E-03   0.16030E+00    0.48549E-02    0.01         jl00106F2p
.5202E+00     3.779  0.437E+01   0.15578E+00   0.62880E-03   0.15490E+00    0.47707E-02    0.03         jl00106F2p
.5278E+00     3.818  0.430E+01   0.15090E+00   0.60294E-03   0.15390E+00    0.46872E-02   -0.41         jl00106F2p
.5355E+00     3.857  0.423E+01   0.14602E+00   0.57757E-03   0.14960E+00    0.45486E-02   -0.62         jl00106F2p
.5433E+00     3.895  0.416E+01   0.14115E+00   0.55285E-03   0.13750E+00    0.42438E-02    0.74         jl00106F2p
.5511E+00     3.934  0.409E+01   0.13635E+00   0.52922E-03   0.13020E+00    0.40224E-02    2.34         jl00106F2p
.5590E+00     3.973  0.402E+01   0.13157E+00   0.50654E-03   0.12690E+00    0.40224E-02    1.35         jl00106F2p
.5669E+00     4.012  0.395E+01   0.12687E+00   0.48527E-03   0.12380E+00    0.39408E-02    0.61         jl00106F2p
.5749E+00     4.051  0.388E+01   0.12219E+00   0.46532E-03   0.12040E+00    0.38013E-02    0.22         jl00106F2p
.5830E+00     4.089  0.381E+01   0.11755E+00   0.44691E-03   0.11930E+00    0.38013E-02   -0.21         jl00106F2p
.5912E+00     4.128  0.374E+01   0.11295E+00   0.43021E-03   0.11430E+00    0.35805E-02   -0.14         jl00106F2p
.5995E+00     4.167  0.367E+01   0.10839E+00   0.41538E-03   0.10560E+00    0.33601E-02    0.69         jl00106F2p
.6000E+00     4.169  0.366E+01   0.10812E+00   0.41455E-03   0.10820E+00    0.31765E-02   -0.00         jl00106F2p
.6097E+00     4.214  0.358E+01   0.10292E+00   0.40006E-03   0.10210E+00    0.30017E-02    0.07         jl00106F2p
.5300E+00     3.995  0.442E+01   0.14787E+00   0.58933E-03   0.15580E+00    0.52498E-02   -2.28         jl00106F2p
.5379E+00     4.039  0.435E+01   0.14285E+00   0.56367E-03   0.14340E+00    0.48918E-02   -0.01         jl00106F2p
.5458E+00     4.082  0.428E+01   0.13791E+00   0.53897E-03   0.13850E+00    0.47508E-02   -0.02         jl00106F2p
.5538E+00     4.125  0.421E+01   0.13299E+00   0.51509E-03   0.13450E+00    0.46755E-02   -0.10         jl00106F2p
.5619E+00     4.168  0.413E+01   0.12809E+00   0.49217E-03   0.13210E+00    0.45343E-02   -0.78         jl00106F2p
.5700E+00     4.211  0.406E+01   0.12328E+00   0.47063E-03   0.12320E+00    0.43186E-02    0.00         jl00106F2p
.5782E+00     4.255  0.399E+01   0.11850E+00   0.45038E-03   0.11910E+00    0.41773E-02   -0.02         jl00106F2p
.5865E+00     4.298  0.391E+01   0.11376E+00   0.43160E-03   0.11650E+00    0.41037E-02   -0.45         jl00106F2p
.5948E+00     4.341  0.384E+01   0.10912E+00   0.41465E-03   0.11300E+00    0.40311E-02   -0.93         jl00106F2p
.6032E+00     4.384  0.377E+01   0.10452E+00   0.39945E-03   0.10210E+00    0.36770E-02    0.43         jl00106F2p
.6117E+00     4.427  0.369E+01   0.99974E-01   0.38610E-03   0.99200E-01    0.36069E-02    0.05         jl00106F2p
.6203E+00     4.471  0.362E+01   0.95486E-01   0.37470E-03   0.96700E-01    0.36069E-02   -0.11         jl00106F2p
.6289E+00     4.514  0.355E+01   0.91108E-01   0.36535E-03   0.88900E-01    0.33971E-02    0.42         jl00106F2p
.5472E+00     4.282  0.442E+01   0.13531E+00   0.52883E-03   0.13960E+00    0.47508E-02   -0.81         jl00106F2p
.5551E+00     4.328  0.435E+01   0.13044E+00   0.50538E-03   0.13540E+00    0.46098E-02   -1.16         jl00106F2p
.5629E+00     4.374  0.428E+01   0.12570E+00   0.48329E-03   0.13390E+00    0.44688E-02   -3.37         jl00106F2p
.5709E+00     4.421  0.420E+01   0.12093E+00   0.46188E-03   0.11770E+00    0.41037E-02    0.62         jl00106F2p
.5789E+00     4.467  0.413E+01   0.11625E+00   0.44182E-03   0.11710E+00    0.41037E-02   -0.04         jl00106F2p
.5869E+00     4.513  0.406E+01   0.11166E+00   0.42320E-03   0.11210E+00    0.39623E-02   -0.01         jl00106F2p
.5950E+00     4.559  0.399E+01   0.10710E+00   0.40592E-03   0.10440E+00    0.37483E-02    0.52         jl00106F2p
.6032E+00     4.606  0.391E+01   0.10260E+00   0.39012E-03   0.98400E-01    0.35355E-02    1.41         jl00106F2p
.6114E+00     4.652  0.384E+01   0.98188E-01   0.37603E-03   0.97100E-01    0.35355E-02    0.09         jl00106F2p
.6197E+00     4.698  0.376E+01   0.93833E-01   0.36357E-03   0.89200E-01    0.33242E-02    1.94         jl00106F2p
.6281E+00     4.745  0.369E+01   0.89537E-01   0.35277E-03   0.90300E-01    0.33242E-02   -0.05         jl00106F2p
.6365E+00     4.791  0.362E+01   0.85347E-01   0.34369E-03   0.82200E-01    0.31145E-02    1.02         jl00106F2p
.6449E+00     4.837  0.355E+01   0.81266E-01   0.33621E-03   0.76000E-01    0.29732E-02    3.14         jl00106F2p
.6032E+00     5.015  0.418E+01   0.99395E-01   0.37661E-03   0.10560E+00    0.36125E-02   -2.95         jl00106F2p
.6113E+00     5.069  0.411E+01   0.95023E-01   0.36114E-03   0.96100E-01    0.33971E-02   -0.10         jl00106F2p
.6195E+00     5.123  0.403E+01   0.90710E-01   0.34700E-03   0.90600E-01    0.32527E-02    0.00         jl00106F2p
.6277E+00     5.178  0.395E+01   0.86502E-01   0.33433E-03   0.87400E-01    0.31113E-02   -0.08         jl00106F2p
.6359E+00     5.232  0.388E+01   0.82400E-01   0.32311E-03   0.82300E-01    0.29698E-02    0.00         jl00106F2p
.6442E+00     5.286  0.380E+01   0.78364E-01   0.31321E-03   0.75500E-01    0.27586E-02    1.08         jl00106F2p
.6526E+00     5.340  0.372E+01   0.74399E-01   0.30458E-03   0.73600E-01    0.27586E-02    0.08         jl00106F2p
.6609E+00     5.394  0.365E+01   0.70590E-01   0.29723E-03   0.71400E-01    0.26173E-02   -0.10         jl00106F2p
.6694E+00     5.449  0.357E+01   0.66813E-01   0.29087E-03   0.61300E-01    0.24083E-02    5.24         jl00106F2p
.5156E+00     4.525  0.513E+01   0.15205E+00   0.61830E-03   0.16440E+00    0.70803E-02   -3.04         jl00106F2p
.5222E+00     4.574  0.507E+01   0.14764E+00   0.59623E-03   0.16940E+00    0.71400E-02   -9.29         jl00106F2p
