 Correlated errors added in quadrature with statistical errors
 HerF2pCut  DIS data with   1.69< Q2 < 0.500D+03 and 0.000 < xB < 1.000 and   3.50< W2 < 0.100D+04 and 0.000 < y < 1.000
   GP TMC applied
   HT corrections, multiplicative C=C(xB)
 Correlated errors added in quadrature with statistical errors
 HerF2dCut  DIS data with   1.69< Q2 < 0.500D+03 and 0.000 < xB < 1.000 and   3.50< W2 < 0.100D+04 and 0.000 < y < 1.000
   WBArel smearing  (AV18) - KP free floating0 nuke corrections
   GP TMC applied
   HT corrections, multiplicative C=C(xB)
 Correlated errors added in quadrature with statistical errors
 slac_p     DIS data with   1.69< Q2 < 0.500D+03 and 0.000 < xB < 1.000 and   3.50< W2 < 0.100D+04 and 0.000 < y < 1.000
   GP TMC applied
   HT corrections, multiplicative C=C(xB)
 Correlated errors added in quadrature with statistical errors
 slac_d     DIS data with   1.69< Q2 < 0.500D+03 and 0.000 < xB < 1.000 and   3.50< W2 < 0.100D+04 and 0.000 < y < 1.000
   WBArel smearing  (AV18) - KP free floating0 nuke corrections
   GP TMC applied
   HT corrections, multiplicative C=C(xB)
 Correlated errors treated separately from statistical errors
 BcdF2pCor  DIS data with   1.69< Q2 < 0.500D+03 and 0.000 < xB < 1.000 and   3.50< W2 < 0.100D+04 and 0.000 < y < 1.000
   GP TMC applied
   HT corrections, multiplicative C=C(xB)
 Correlated errors treated separately from statistical errors
 BcdF2dCor  DIS data with   1.69< Q2 < 0.500D+03 and 0.000 < xB < 1.000 and   3.50< W2 < 0.100D+04 and 0.000 < y < 1.000
   WBArel smearing  (AV18) - KP free floating0 nuke corrections
   GP TMC applied
   HT corrections, multiplicative C=C(xB)
 Correlated errors treated separately from statistical errors
 NmcF2pCor  DIS data with   1.69< Q2 < 0.500D+03 and 0.000 < xB < 1.000 and   3.50< W2 < 0.100D+04 and 0.000 < y < 1.000
   GP TMC applied
   HT corrections, multiplicative C=C(xB)
 Correlated errors treated separately from statistical errors
 NmcRatCor  DIS data with   1.69< Q2 < 0.500D+03 and 0.000 < xB < 1.000 and   3.50< W2 < 0.100D+04 and 0.000 < y < 1.000
   WBArel smearing  (AV18) - KP free floating0 nuke corrections
   GP TMC applied
   HT corrections, multiplicative C=C(xB)
 Correlated errors treated separately from statistical errors
 H2_NC_em   DIS data with   1.69< Q2 < 0.100D+06 and 0.000 < xB < 1.000 and   3.50< W2 < 0.100D+08 and 0.000 < y < 1.000
   GP TMC applied
   HT corrections, multiplicative C=C(xB)
 Correlated errors treated separately from statistical errors
 H2_NC_ep_1 DIS data with   1.69< Q2 < 0.100D+06 and 0.000 < xB < 1.000 and   3.50< W2 < 0.100D+08 and 0.000 < y < 1.000
   GP TMC applied
   HT corrections, multiplicative C=C(xB)
 Correlated errors treated separately from statistical errors
 H2_NC_ep_2 DIS data with   1.69< Q2 < 0.100D+06 and 0.000 < xB < 1.000 and   3.50< W2 < 0.100D+08 and 0.000 < y < 1.000
   GP TMC applied
   HT corrections, multiplicative C=C(xB)
 Correlated errors treated separately from statistical errors
 H2_NC_ep_3 DIS data with   1.69< Q2 < 0.100D+06 and 0.000 < xB < 1.000 and   3.50< W2 < 0.100D+08 and 0.000 < y < 1.000
   GP TMC applied
   HT corrections, multiplicative C=C(xB)
 Correlated errors treated separately from statistical errors
 H2_NC_ep_4 DIS data with   1.69< Q2 < 0.100D+06 and 0.000 < xB < 1.000 and   3.50< W2 < 0.100D+08 and 0.000 < y < 1.000
   GP TMC applied
   HT corrections, multiplicative C=C(xB)
 Correlated errors treated separately from statistical errors
 H2_CC_em   DIS data with   1.69< Q2 < 0.100D+06 and 0.000 < xB < 1.000 and   3.50< W2 < 0.100D+08 and 0.000 < y < 1.000
   GP TMC applied
   HT corrections, multiplicative C=C(xB)
 Correlated errors treated separately from statistical errors
 H2_CC_ep   DIS data with   1.69< Q2 < 0.100D+06 and 0.000 < xB < 1.000 and   3.50< W2 < 0.100D+08 and 0.000 < y < 1.000
   GP TMC applied
   HT corrections, multiplicative C=C(xB)
 Correlated errors added in quadrature with statistical errors
 BNS_F2nd   DIS data with   1.69< Q2 < 0.100D+06 and 0.000 < xB < 1.000 and   3.50< W2 < 0.100D+08 and 0.000 < y < 1.000
   WBArel smearing  (AV18) - KP free floating0 nuke corrections
   GP TMC applied
   HT corrections, multiplicative C=C(xB)
 Correlated errors added in quadrature with statistical errors
 e866pp06xf vector boson data with Q2 >=  36.00
 Correlated errors added in quadrature with statistical errors
 e866pd06xf vector boson data with Q2 >=  36.00
 Correlated errors added in quadrature with statistical errors
 cdfLasy05  vector boson data with Q2 >=   0.00
 Correlated errors added in quadrature with statistical errors
 d0Lasy_e15 vector boson data with Q2 >=   0.00
 Correlated errors added in quadrature with statistical errors
 d0Lasy13   vector boson data with Q2 >=   0.00
 Correlated errors added in quadrature with statistical errors
 CDF_Wasy   vector boson data with Q2 >=   0.00
 Correlated errors added in quadrature with statistical errors
 D0_Wasy    vector boson data with Q2 >=   0.00
 Correlated errors added in quadrature with statistical errors
 CDF_Z      vector boson data with Q2 >=   0.00
 Correlated errors added in quadrature with statistical errors
 D0_Z       vector boson data with Q2 >=   0.00
 Correlated errors added in quadrature with statistical errors
 d0run2coneJet data - errors added in quadrature
 Correlated errors added in quadrature with statistical errors
 CDFrun2jetJet data - errors added in quadrature
 Correlated errors added in quadrature with statistical errors
 d0_gamjet1 Photon data -- cuts to be written yet ...
 Correlated errors added in quadrature with statistical errors
 d0_gamjet2 Photon data -- cuts to be written yet ...
 Correlated errors added in quadrature with statistical errors
 d0_gamjet3 Photon data -- cuts to be written yet ...
 Correlated errors added in quadrature with statistical errors
 d0_gamjet4 Photon data -- cuts to be written yet ...

# fitpack15: fit output
# CJ15 AV18 final data choices                                                 

Parametrization   7 used here

 S-ACOT scheme used  for NC DIS

 charm mass =     1.30 GeV     bottom mass =     4.50 GeV



 THIS IS A NEXT TO LEADING ORDER FIT

 Q02=    1.69
         1  LAMBDA      VALUE=   0.22680      WEIGHT=    0.0000    
         2  a0uv        VALUE=    2.4169      WEIGHT=    0.0000    
         3  a1uv        VALUE=   0.61635      WEIGHT=   0.20395E-01
         4  a2uv        VALUE=    3.5428      WEIGHT=   0.12297E-01
         5  a3uv        VALUE=    0.0000      WEIGHT=    0.0000    
         6  a4uv        VALUE=    3.4395      WEIGHT=   0.43683    
         7  a5uv        VALUE=    0.0000      WEIGHT=    0.0000    
         8  a0dv        VALUE=    24.544      WEIGHT=    0.0000    
         9  a1dv        VALUE=    1.1585      WEIGHT=   0.33842E-01
        10  a2dv        VALUE=    6.5538      WEIGHT=   0.15967    
        11  a3dv        VALUE=   -3.5001      WEIGHT=   0.87255E-01
        12  a4dv        VALUE=    4.6830      WEIGHT=   0.14394    
        13  a5dv        VALUE=    0.0000      WEIGHT=    0.0000    
        14  a0ud        VALUE=   0.14662      WEIGHT=   0.50263E-02
        15  a1ud        VALUE=  -0.20771      WEIGHT=   0.37519E-02
        16  a2ud        VALUE=    8.3632      WEIGHT=   0.18523    
        17  a3ud        VALUE=    0.0000      WEIGHT=    0.0000    
        18  a4ud        VALUE=    14.678      WEIGHT=    1.2107    
        19  a5ud        VALUE=    0.0000      WEIGHT=    0.0000    
        20  a0du        VALUE=    35712.      WEIGHT=    0.0000    
        21  a1du        VALUE=    4.0198      WEIGHT=   0.71322E-01
        22  a2du        VALUE=    20.251      WEIGHT=   0.86082    
        23  a3du        VALUE=    17.000      WEIGHT=    0.0000    
        24  a4du        VALUE=    50.601      WEIGHT=    9.0827    
        25  a0g         VALUE=    45.217      WEIGHT=    0.0000    
        26  a1g         VALUE=   0.60182      WEIGHT=   0.31731E-01
        27  a2g         VALUE=    6.4148      WEIGHT=    1.0043    
        28  a3g         VALUE=   -3.3037      WEIGHT=   0.13891    
        29  a4g         VALUE=    3.1575      WEIGHT=   0.30059    
        30  a5g         VALUE=    0.0000      WEIGHT=    0.0000    
        31  kappa       VALUE=   0.40000      WEIGHT=    0.0000    
        32  a6dv        VALUE=  -0.36574E-02  WEIGHT=   0.67517E-03
        33  a7dv        VALUE=    2.0000      WEIGHT=    0.0000    
        34  off1        VALUE=   -3.5009      WEIGHT=    1.4769    
        35  off2        VALUE=   0.56166E-01  WEIGHT=   0.58667E-01
        36  ht1         VALUE=   -3.2479      WEIGHT=   0.26672    
        37  ht2         VALUE=    1.9154      WEIGHT=   0.10687    
        38  ht3         VALUE=   -2.0748      WEIGHT=   0.22824E-01
        39  ht4         VALUE=    0.0000      WEIGHT=    0.0000    
        40  dummy40     VALUE=    0.0000      WEIGHT=    0.0000    
        41  dummy41     VALUE=    0.0000      WEIGHT=    0.0000    
        42  dummy42     VALUE=    0.0000      WEIGHT=    0.0000    
        43  dummy43     VALUE=    0.0000      WEIGHT=    0.0000    
        44  dummy44     VALUE=    0.0000      WEIGHT=    0.0000    
        45  dummy45     VALUE=    0.0000      WEIGHT=    0.0000    
        46  dummy46     VALUE=    0.0000      WEIGHT=    0.0000    
        47  dummy47     VALUE=    0.0000      WEIGHT=    0.0000    
        48  dummy48     VALUE=    0.0000      WEIGHT=    0.0000    
        49  dummy49     VALUE=    0.0000      WEIGHT=    0.0000    
        50  bcdmsh2     VALUE=   0.97285      WEIGHT=   0.48427E-02
        51  bcdmsd2     VALUE=   0.99317      WEIGHT=   0.57972E-02
        52  ccfr        VALUE=    1.0000      WEIGHT=    0.0000    
        53  nutev       VALUE=    1.0000      WEIGHT=    0.0000    
        54  zeus        VALUE=   0.97998      WEIGHT=    0.0000    
        55  h1          VALUE=    1.0162      WEIGHT=    0.0000    
        56  e605        VALUE=    1.0319      WEIGHT=    0.0000    
        57  NmcH2       VALUE=    1.0095      WEIGHT=   0.71200E-02
        58  ntv_nu      VALUE=    1.0000      WEIGHT=    0.0000    
        59  ntv_nubar   VALUE=    1.0000      WEIGHT=    0.0000    
        60  cdf_jet     VALUE=   0.98910      WEIGHT=    0.0000    
        61  d0_jet      VALUE=   0.83504      WEIGHT=    0.0000    
        62  slac_p      VALUE=    1.0048      WEIGHT=   0.48232E-02
        63  slac_d      VALUE=    1.0042      WEIGHT=   0.52625E-02
        64  e866pp      VALUE=   0.96438      WEIGHT=   0.19188E-01
        65  e866pd      VALUE=   0.96857      WEIGHT=   0.16516E-01
        66  d0_gamjet   VALUE=    1.0391      WEIGHT=   0.16482E-01
        67  h1b         VALUE=   0.97608      WEIGHT=    0.0000    
        68  jlab_p      VALUE=   0.99439      WEIGHT=    0.0000    
        69  jlab_d      VALUE=   0.97560      WEIGHT=    0.0000    
        70  blank       VALUE=    1.0000      WEIGHT=    0.0000    
        71  d0run2      VALUE=   0.94153      WEIGHT=   0.14203E-01
        72  cdfrun2     VALUE=   0.92693      WEIGHT=   0.17236E-01
        73  HERA_el     VALUE=    1.0000      WEIGHT=    0.0000    
        74  HERA_ps     VALUE=    1.0000      WEIGHT=    0.0000    
        75  CDF_Z       VALUE=   0.96573      WEIGHT=   0.64152E-02
        76  NmcRat      VALUE=    1.0000      WEIGHT=    0.0000    
        77  BNS_F2nd    VALUE=   0.98244      WEIGHT=   0.67043E-02
        78  HERMES_F2p  VALUE=   0.99812      WEIGHT=   0.55759E-02
        79  HERMES_F2d  VALUE=   0.98034      WEIGHT=   0.58160E-02
0THE TOLERANCE IS    0.5000
 THE MAXIMUM NUMBER OF STEPS IS 100
0THE INITIAL CHI SQUARED IS  4.29300E+03
0  STEP  CHI SQUARED    PARAMETER      VALUE         ERROR
 ------------------------------------------------------------
     1    4.28709E+03
                       1  LAMBDA     2.2680E-01       FIX 
                       2  a0uv       2.3141E+00       FIX 
                       3  a1uv       6.0637E-01           
                       4  a2uv       3.5532E+00           
                       5  a3uv       0.0000E+00       FIX 
                       6  a4uv       3.6731E+00           
                       7  a5uv       0.0000E+00       FIX 
                       8  a0dv       2.4969E+01       FIX 
                       9  a1dv       1.1608E+00           
                      10  a2dv       6.5759E+00           
                      11  a3dv      -3.5140E+00           
                      12  a4dv       4.6913E+00           
                      13  a5dv       0.0000E+00       FIX 
                      14  a0ud       1.4598E-01           
                      15  a1ud      -2.0813E-01           
                      16  a2ud       8.3015E+00           
                      17  a3ud       0.0000E+00       FIX 
                      18  a4ud       1.4395E+01           
                      19  a5ud       0.0000E+00       FIX 
                      20  a0du       3.5712E+04       FIX 
                      21  a1du       4.0497E+00           
                      22  a2du       2.0048E+01           
                      23  a3du       1.7000E+01       FIX 
                      24  a4du       5.3716E+01           
                      25  a0g        4.5495E+01       FIX 
                      26  a1g        6.0456E-01           
                      27  a2g        6.6395E+00           
                      28  a3g       -3.3033E+00           
                      29  a4g        3.2179E+00           
                      30  a5g        0.0000E+00       FIX 
                      31  kappa      4.0000E-01       FIX 
                      32  a6dv      -3.6614E-03           
                      33  a7dv       2.0000E+00       FIX 
                      34  off1      -3.5412E+00           
                      35  off2       6.1117E-02           
                      36  ht1       -3.7508E+00           
                      37  ht2        2.0632E+00           
                      38  ht3       -2.0589E+00           
                      39  ht4        0.0000E+00       FIX 
                      40  dummy40    0.0000E+00       FIX 
                      41  dummy41    0.0000E+00       FIX 
                      42  dummy42    0.0000E+00       FIX 
                      43  dummy43    0.0000E+00       FIX 
                      44  dummy44    0.0000E+00       FIX 
                      45  dummy45    0.0000E+00       FIX 
                      46  dummy46    0.0000E+00       FIX 
                      47  dummy47    0.0000E+00       FIX 
                      48  dummy48    0.0000E+00       FIX 
                      49  dummy49    0.0000E+00       FIX 
                      50  bcdmsh2    9.7152E-01           
                      51  bcdmsd2    9.9103E-01           
                      52  ccfr       1.0000E+00       FIX 
                      53  nutev      1.0000E+00       FIX 
                      54  zeus       9.7998E-01       FIX 
                      55  h1         1.0162E+00       FIX 
                      56  e605       1.0319E+00       FIX 
                      57  NmcH2      1.0074E+00           
                      58  ntv_nu     1.0000E+00       FIX 
                      59  ntv_nuba   1.0000E+00       FIX 
                      60  cdf_jet    9.8910E-01       FIX 
                      61  d0_jet     8.3504E-01       FIX 
                      62  slac_p     1.0028E+00           
                      63  slac_d     1.0018E+00           
                      64  e866pp     9.6226E-01           
                      65  e866pd     9.5670E-01           
                      66  d0_gamje   1.0388E+00           
                      67  h1b        9.7608E-01       FIX 
                      68  jlab_p     9.9439E-01       FIX 
                      69  jlab_d     9.7560E-01       FIX 
                      70  blank      1.0000E+00       FIX 
                      71  d0run2     9.4204E-01           
                      72  cdfrun2    9.2866E-01           
                      73  HERA_el    1.0000E+00       FIX 
                      74  HERA_ps    1.0000E+00       FIX 
                      75  CDF_Z      9.6226E-01           
                      76  NmcRat     1.0000E+00       FIX 
                      77  BNS_F2nd   9.7949E-01           
                      78  HERMES_F   9.9640E-01           
                      79  HERMES_F   9.7807E-01           
 ------------------------------------------------------------
     2    4.28547E+03
                       1  LAMBDA     2.2680E-01       FIX 
                       2  a0uv       2.2312E+00       FIX 
                       3  a1uv       5.9809E-01           
                       4  a2uv       3.5566E+00           
                       5  a3uv       0.0000E+00       FIX 
                       6  a4uv       3.8630E+00           
                       7  a5uv       0.0000E+00       FIX 
                       8  a0dv       2.5090E+01       FIX 
                       9  a1dv       1.1613E+00           
                      10  a2dv       6.5801E+00           
                      11  a3dv      -3.5207E+00           
                      12  a4dv       4.6979E+00           
                      13  a5dv       0.0000E+00       FIX 
                      14  a0ud       1.4554E-01           
                      15  a1ud      -2.0839E-01           
                      16  a2ud       8.3134E+00           
                      17  a3ud       0.0000E+00       FIX 
                      18  a4ud       1.4490E+01           
                      19  a5ud       0.0000E+00       FIX 
                      20  a0du       3.5712E+04       FIX 
                      21  a1du       4.0571E+00           
                      22  a2du       2.0049E+01           
                      23  a3du       1.7000E+01       FIX 
                      24  a4du       5.3105E+01           
                      25  a0g        4.5760E+01       FIX 
                      26  a1g        6.0497E-01           
                      27  a2g        6.7598E+00           
                      28  a3g       -3.3168E+00           
                      29  a4g        3.2733E+00           
                      30  a5g        0.0000E+00       FIX 
                      31  kappa      4.0000E-01       FIX 
                      32  a6dv      -3.6612E-03           
                      33  a7dv       2.0000E+00       FIX 
                      34  off1      -3.4731E+00           
                      35  off2       6.2299E-02           
                      36  ht1       -3.9020E+00           
                      37  ht2        2.1076E+00           
                      38  ht3       -2.0529E+00           
                      39  ht4        0.0000E+00       FIX 
                      40  dummy40    0.0000E+00       FIX 
                      41  dummy41    0.0000E+00       FIX 
                      42  dummy42    0.0000E+00       FIX 
                      43  dummy43    0.0000E+00       FIX 
                      44  dummy44    0.0000E+00       FIX 
                      45  dummy45    0.0000E+00       FIX 
                      46  dummy46    0.0000E+00       FIX 
                      47  dummy47    0.0000E+00       FIX 
                      48  dummy48    0.0000E+00       FIX 
                      49  dummy49    0.0000E+00       FIX 
                      50  bcdmsh2    9.7081E-01           
                      51  bcdmsd2    9.9015E-01           
                      52  ccfr       1.0000E+00       FIX 
                      53  nutev      1.0000E+00       FIX 
                      54  zeus       9.7998E-01       FIX 
                      55  h1         1.0162E+00       FIX 
                      56  e605       1.0319E+00       FIX 
                      57  NmcH2      1.0065E+00           
                      58  ntv_nu     1.0000E+00       FIX 
                      59  ntv_nuba   1.0000E+00       FIX 
                      60  cdf_jet    9.8910E-01       FIX 
                      61  d0_jet     8.3504E-01       FIX 
                      62  slac_p     1.0023E+00           
                      63  slac_d     1.0012E+00           
                      64  e866pp     9.6368E-01           
                      65  e866pd     9.5651E-01           
                      66  d0_gamje   1.0383E+00           
                      67  h1b        9.7608E-01       FIX 
                      68  jlab_p     9.9439E-01       FIX 
                      69  jlab_d     9.7560E-01       FIX 
                      70  blank      1.0000E+00       FIX 
                      71  d0run2     9.4186E-01           
                      72  cdfrun2    9.2914E-01           
                      73  HERA_el    1.0000E+00       FIX 
                      74  HERA_ps    1.0000E+00       FIX 
                      75  CDF_Z      9.6097E-01           
                      76  NmcRat     1.0000E+00       FIX 
                      77  BNS_F2nd   9.7960E-01           
                      78  HERMES_F   9.9585E-01           
                      79  HERMES_F   9.7741E-01           
 ------------------------------------------------------------
     3    4.28496E+03
                       1  LAMBDA     2.2680E-01       FIX 
                       2  a0uv       2.1674E+00       FIX 
                       3  a1uv       5.9154E-01           
                       4  a2uv       3.5588E+00           
                       5  a3uv       0.0000E+00       FIX 
                       6  a4uv       4.0166E+00           
                       7  a5uv       0.0000E+00       FIX 
                       8  a0dv       2.5087E+01       FIX 
                       9  a1dv       1.1606E+00           
                      10  a2dv       6.5851E+00           
                      11  a3dv      -3.5271E+00           
                      12  a4dv       4.7103E+00           
                      13  a5dv       0.0000E+00       FIX 
                      14  a0ud       1.4490E-01           
                      15  a1ud      -2.0882E-01           
                      16  a2ud       8.3308E+00           
                      17  a3ud       0.0000E+00       FIX 
                      18  a4ud       1.4651E+01           
                      19  a5ud       0.0000E+00       FIX 
                      20  a0du       3.5712E+04       FIX 
                      21  a1du       4.0643E+00           
                      22  a2du       2.0070E+01           
                      23  a3du       1.7000E+01       FIX 
                      24  a4du       5.3491E+01           
                      25  a0g        4.6082E+01       FIX 
                      26  a1g        6.0580E-01           
                      27  a2g        6.8092E+00           
                      28  a3g       -3.3312E+00           
                      29  a4g        3.3124E+00           
                      30  a5g        0.0000E+00       FIX 
                      31  kappa      4.0000E-01       FIX 
                      32  a6dv      -3.6899E-03           
                      33  a7dv       2.0000E+00       FIX 
                      34  off1      -3.4244E+00           
                      35  off2       6.2721E-02           
                      36  ht1       -3.9611E+00           
                      37  ht2        2.1316E+00           
                      38  ht3       -2.0509E+00           
                      39  ht4        0.0000E+00       FIX 
                      40  dummy40    0.0000E+00       FIX 
                      41  dummy41    0.0000E+00       FIX 
                      42  dummy42    0.0000E+00       FIX 
                      43  dummy43    0.0000E+00       FIX 
                      44  dummy44    0.0000E+00       FIX 
                      45  dummy45    0.0000E+00       FIX 
                      46  dummy46    0.0000E+00       FIX 
                      47  dummy47    0.0000E+00       FIX 
                      48  dummy48    0.0000E+00       FIX 
                      49  dummy49    0.0000E+00       FIX 
                      50  bcdmsh2    9.7032E-01           
                      51  bcdmsd2    9.8958E-01           
                      52  ccfr       1.0000E+00       FIX 
                      53  nutev      1.0000E+00       FIX 
                      54  zeus       9.7998E-01       FIX 
                      55  h1         1.0162E+00       FIX 
                      56  e605       1.0319E+00       FIX 
                      57  NmcH2      1.0060E+00           
                      58  ntv_nu     1.0000E+00       FIX 
                      59  ntv_nuba   1.0000E+00       FIX 
                      60  cdf_jet    9.8910E-01       FIX 
                      61  d0_jet     8.3504E-01       FIX 
                      62  slac_p     1.0019E+00           
                      63  slac_d     1.0007E+00           
                      64  e866pp     9.6557E-01           
                      65  e866pd     9.5689E-01           
                      66  d0_gamje   1.0379E+00           
                      67  h1b        9.7608E-01       FIX 
                      68  jlab_p     9.9439E-01       FIX 
                      69  jlab_d     9.7560E-01       FIX 
                      70  blank      1.0000E+00       FIX 
                      71  d0run2     9.4219E-01           
                      72  cdfrun2    9.2972E-01           
                      73  HERA_el    1.0000E+00       FIX 
                      74  HERA_ps    1.0000E+00       FIX 
                      75  CDF_Z      9.5997E-01           
                      76  NmcRat     1.0000E+00       FIX 
                      77  BNS_F2nd   9.7949E-01           
                      78  HERMES_F   9.9543E-01           
                      79  HERMES_F   9.7695E-01           
 ------------------------------------------------------------
     4    4.28466E+03
                       1  LAMBDA     2.2680E-01    0.0000E+00
                       2  a0uv       2.1168E+00    0.0000E+00
                       3  a1uv       5.8622E-01    2.2409E-02
                       4  a2uv       3.5604E+00    1.2822E-02
                       5  a3uv       0.0000E+00    0.0000E+00
                       6  a4uv       4.1434E+00    5.5622E-01
                       7  a5uv       0.0000E+00    0.0000E+00
                       8  a0dv       2.5058E+01    0.0000E+00
                       9  a1dv       1.1597E+00    3.3073E-02
                      10  a2dv       6.5897E+00    1.6026E-01
                      11  a3dv      -3.5323E+00    8.5388E-02
                      12  a4dv       4.7219E+00    1.4088E-01
                      13  a5dv       0.0000E+00    0.0000E+00
                      14  a0ud       1.4432E-01    5.0239E-03
                      15  a1ud      -2.0920E-01    3.7924E-03
                      16  a2ud       8.3490E+00    1.9354E-01
                      17  a3ud       0.0000E+00    0.0000E+00
                      18  a4ud       1.4815E+01    1.2423E+00
                      19  a5ud       0.0000E+00    0.0000E+00
                      20  a0du       3.5712E+04    0.0000E+00
                      21  a1du       4.0682E+00    8.2284E-02
                      22  a2du       2.0103E+01    9.2482E-01
                      23  a3du       1.7000E+01    0.0000E+00
                      24  a4du       5.3480E+01    1.1140E+01
                      25  a0g        4.6271E+01    0.0000E+00
                      26  a1g        6.0640E-01    3.3355E-02
                      27  a2g        6.8363E+00    1.0506E+00
                      28  a3g       -3.3404E+00    1.5293E-01
                      29  a4g        3.3376E+00    3.8775E-01
                      30  a5g        0.0000E+00    0.0000E+00
                      31  kappa      4.0000E-01    0.0000E+00
                      32  a6dv      -3.7216E-03    6.7014E-04
                      33  a7dv       2.0000E+00    0.0000E+00
                      34  off1      -3.3814E+00    1.5686E+00
                      35  off2       6.2549E-02    9.8446E-03
                      36  ht1       -3.9946E+00    4.6512E-01
                      37  ht2        2.1467E+00    1.4169E-01
                      38  ht3       -2.0500E+00    2.5509E-02
                      39  ht4        0.0000E+00    0.0000E+00
                      40  dummy40    0.0000E+00    0.0000E+00
                      41  dummy41    0.0000E+00    0.0000E+00
                      42  dummy42    0.0000E+00    0.0000E+00
                      43  dummy43    0.0000E+00    0.0000E+00
                      44  dummy44    0.0000E+00    0.0000E+00
                      45  dummy45    0.0000E+00    0.0000E+00
                      46  dummy46    0.0000E+00    0.0000E+00
                      47  dummy47    0.0000E+00    0.0000E+00
                      48  dummy48    0.0000E+00    0.0000E+00
                      49  dummy49    0.0000E+00    0.0000E+00
                      50  bcdmsh2    9.6991E-01    5.0449E-03
                      51  bcdmsd2    9.8914E-01    5.9919E-03
                      52  ccfr       1.0000E+00    0.0000E+00
                      53  nutev      1.0000E+00    0.0000E+00
                      54  zeus       9.7998E-01    0.0000E+00
                      55  h1         1.0162E+00    0.0000E+00
                      56  e605       1.0319E+00    0.0000E+00
                      57  NmcH2      1.0057E+00    7.2400E-03
                      58  ntv_nu     1.0000E+00    0.0000E+00
                      59  ntv_nuba   1.0000E+00    0.0000E+00
                      60  cdf_jet    9.8910E-01    0.0000E+00
                      61  d0_jet     8.3504E-01    0.0000E+00
                      62  slac_p     1.0015E+00    5.2193E-03
                      63  slac_d     1.0003E+00    5.6296E-03
                      64  e866pp     9.6715E-01    1.9902E-02
                      65  e866pd     9.5738E-01    1.6284E-02
                      66  d0_gamje   1.0376E+00    1.6472E-02
                      67  h1b        9.7608E-01    0.0000E+00
                      68  jlab_p     9.9439E-01    0.0000E+00
                      69  jlab_d     9.7560E-01    0.0000E+00
                      70  blank      1.0000E+00    0.0000E+00
                      71  d0run2     9.4262E-01    1.4375E-02
                      72  cdfrun2    9.3027E-01    1.7413E-02
                      73  HERA_el    1.0000E+00    0.0000E+00
                      74  HERA_ps    1.0000E+00    0.0000E+00
                      75  CDF_Z      9.5920E-01    6.8117E-03
                      76  NmcRat     1.0000E+00    0.0000E+00
                      77  BNS_F2nd   9.7941E-01    7.3454E-03
                      78  HERMES_F   9.9506E-01    5.8727E-03
                      79  HERMES_F   9.7658E-01    6.1001E-03
0 MINIMIZATION TERMINATED WITH STEP  4
  TOLERANCE CRITERION      SATISFIED
0 CHI SQUARED PER DEGREE OF FREEDOM IS  1.044E+00
   1.000 -0.356 -0.981  0.215 -0.035  0.162 -0.309  0.456  0.392 -0.327 -0.515 -0.270 -0.183 -0.058  0.182  0.152  0.031  0.012  0.237 -0.107  0.063  0.156 -0.247  0.054  0.324  0.259  0.174  0.322  0.289 -0.399 -0.175  0.089 -0.151 -0.128  0.442  0.107  0.283  0.254
  -0.356  1.000  0.506  0.286  0.337 -0.216  0.143 -0.105 -0.103  0.330  0.226  0.245 -0.058  0.129  0.042  0.175  0.059  0.072 -0.145 -0.019 -0.014 -0.640  0.489  0.422  0.147  0.068  0.038  0.059  0.063  0.158  0.017  0.010 -0.108 -0.053 -0.019 -0.063  0.092  0.074
  -0.981  0.506  1.000 -0.125  0.110 -0.197  0.317 -0.433 -0.378  0.377  0.539  0.301  0.176  0.092 -0.150 -0.094 -0.008 -0.003 -0.237  0.098 -0.047 -0.245  0.302  0.029 -0.209 -0.171 -0.110 -0.205 -0.182  0.460  0.228 -0.075  0.099  0.088 -0.360 -0.109 -0.178 -0.156
   0.215  0.286 -0.125  1.000  0.826 -0.639  0.041  0.134  0.086 -0.083 -0.178  0.311 -0.203  0.211  0.326  0.243 -0.202  0.222  0.237  0.052  0.155 -0.262  0.170  0.289  0.303  0.226  0.136  0.298  0.236  0.073 -0.055  0.056 -0.073 -0.067  0.198 -0.027  0.283  0.233
  -0.035  0.337  0.110  0.826  1.000 -0.880  0.548 -0.092 -0.107  0.171  0.135  0.159 -0.030  0.194  0.214  0.170 -0.201  0.200 -0.159  0.035  0.032 -0.127  0.020  0.175  0.181  0.107  0.122  0.129  0.066  0.129  0.031  0.019 -0.035 -0.036  0.106  0.032  0.147  0.100
   0.162 -0.216 -0.197 -0.639 -0.880  1.000 -0.748  0.272  0.265 -0.164 -0.293 -0.047  0.019 -0.282 -0.172 -0.193  0.230 -0.251  0.034  0.109 -0.032  0.154 -0.082 -0.131 -0.087 -0.048 -0.135 -0.060 -0.023 -0.170 -0.149  0.013  0.014  0.013 -0.044 -0.139 -0.094 -0.070
  -0.309  0.143  0.317  0.041  0.548 -0.748  1.000 -0.396 -0.358  0.441  0.577 -0.265  0.236  0.065 -0.049  0.042 -0.070  0.080 -0.374 -0.141 -0.170  0.056 -0.125 -0.073 -0.026 -0.040  0.112 -0.066 -0.072  0.167  0.263 -0.050 -0.016 -0.012  0.025  0.209 -0.024 -0.022
   0.456 -0.105 -0.433  0.134 -0.092  0.272 -0.396  1.000  0.967 -0.396 -0.778  0.025 -0.123 -0.148 -0.082 -0.023  0.187 -0.129  0.129  0.069 -0.001 -0.025 -0.019  0.057  0.244  0.209  0.167  0.244  0.228 -0.087 -0.052  0.087  0.007  0.001  0.333 -0.009  0.222  0.201
   0.392 -0.103 -0.378  0.086 -0.107  0.265 -0.358  0.967  1.000 -0.349 -0.728  0.015 -0.103 -0.146 -0.191 -0.094  0.226 -0.182  0.103  0.069 -0.010 -0.016 -0.019  0.040  0.187  0.161  0.139  0.180  0.167 -0.098 -0.068  0.074  0.027  0.016  0.264 -0.014  0.165  0.147
  -0.327  0.330  0.377 -0.083  0.171 -0.164  0.441 -0.396 -0.349  1.000  0.754 -0.285  0.448 -0.209 -0.088 -0.197 -0.161 -0.004 -0.278  0.215 -0.285  0.082 -0.022 -0.230 -0.085 -0.040  0.010 -0.062 -0.020  0.014  0.020 -0.028  0.119  0.066 -0.074 -0.128 -0.028  0.012
  -0.515  0.226  0.539 -0.178  0.135 -0.293  0.577 -0.778 -0.728  0.754  1.000 -0.239  0.335 -0.125 -0.066 -0.128 -0.073 -0.051 -0.241  0.006 -0.320  0.126 -0.120 -0.242 -0.024 -0.006  0.066  0.024  0.056  0.312  0.391 -0.090 -0.045 -0.058  0.012  0.066  0.038  0.080
  -0.270  0.245  0.301  0.311  0.159 -0.047 -0.265  0.025  0.015 -0.285 -0.239  1.000 -0.603  0.349  0.109  0.064 -0.088  0.098  0.107 -0.028  0.439 -0.258  0.305  0.325 -0.017 -0.001 -0.037 -0.019 -0.038  0.301 -0.090  0.027  0.066  0.055 -0.246 -0.095  0.021 -0.047
  -0.183 -0.058  0.176 -0.203 -0.030  0.019  0.236 -0.123 -0.103  0.448  0.335 -0.603  1.000 -0.056 -0.178 -0.105  0.146 -0.143 -0.233  0.313 -0.109  0.191 -0.194 -0.090  0.020  0.015  0.027  0.006 -0.005  0.130  0.116 -0.004 -0.034 -0.031 -0.011 -0.234 -0.011  0.000
  -0.058  0.129  0.092  0.211  0.194 -0.282  0.065 -0.148 -0.146 -0.209 -0.125  0.349 -0.056  1.000  0.141  0.322 -0.170  0.327  0.094 -0.206  0.721 -0.237  0.292  0.466  0.091  0.037  0.122  0.055 -0.014  0.193 -0.052  0.065  0.023  0.038 -0.254 -0.146  0.082  0.011
   0.182  0.042 -0.150  0.326  0.214 -0.172 -0.049 -0.082 -0.191 -0.088 -0.066  0.109 -0.178  0.141  1.000  0.714 -0.732  0.815  0.147 -0.040  0.129 -0.095  0.136  0.062  0.121  0.108 -0.022  0.170  0.165 -0.067 -0.073  0.043 -0.022  0.008  0.079  0.000  0.155  0.153
   0.152  0.175 -0.094  0.243  0.170 -0.193  0.042 -0.023 -0.094 -0.197 -0.128  0.064 -0.105  0.322  0.714  1.000 -0.328  0.783  0.117 -0.087  0.293 -0.344  0.345  0.300  0.178  0.165  0.082  0.263  0.268  0.024  0.033  0.052 -0.261 -0.122  0.101  0.021  0.226  0.239
   0.031  0.059 -0.008 -0.202 -0.201  0.230 -0.070  0.187  0.226 -0.161 -0.073 -0.088  0.146 -0.170 -0.732 -0.328  1.000 -0.824 -0.076  0.008 -0.061 -0.093 -0.080  0.191  0.160  0.125  0.162  0.163  0.154  0.218  0.273 -0.020 -0.360 -0.267  0.266  0.086  0.105  0.103
   0.012  0.072 -0.003  0.222  0.200 -0.251  0.080 -0.129 -0.182 -0.004 -0.051  0.098 -0.143  0.327  0.815  0.783 -0.824  1.000  0.096 -0.040  0.238 -0.169  0.307  0.056 -0.080 -0.048 -0.098 -0.040 -0.024 -0.171 -0.223  0.043  0.128  0.145 -0.214 -0.074 -0.014  0.000
   0.237 -0.145 -0.237  0.237 -0.159  0.034 -0.374  0.129  0.103 -0.278 -0.241  0.107 -0.233  0.094  0.147  0.117 -0.076  0.096  1.000 -0.315  0.115 -0.290  0.294  0.188  0.118  0.124  0.046  0.174  0.196 -0.054 -0.032  0.024 -0.052 -0.033  0.104  0.041  0.156  0.163
  -0.107 -0.019  0.098  0.052  0.035  0.109 -0.141  0.069  0.069  0.215  0.006 -0.028  0.313 -0.206 -0.040 -0.087  0.008 -0.040 -0.315  1.000 -0.151  0.033 -0.023 -0.048 -0.119  0.030 -0.103 -0.092 -0.059 -0.025 -0.147  0.010  0.090  0.062 -0.126 -0.354 -0.111 -0.048
   0.063 -0.014 -0.047  0.155  0.032 -0.032 -0.170 -0.001 -0.010 -0.285 -0.320  0.439 -0.109  0.721  0.129  0.293 -0.061  0.238  0.115 -0.151  1.000 -0.185  0.259  0.645  0.023  0.104 -0.005 -0.040  0.012  0.059 -0.172  0.076  0.014  0.037 -0.292 -0.235 -0.011  0.033
   0.156 -0.640 -0.245 -0.262 -0.127  0.154  0.056 -0.025 -0.016  0.082  0.126 -0.258  0.191 -0.237 -0.095 -0.344 -0.093 -0.169 -0.290  0.033 -0.185  1.000 -0.886 -0.630 -0.050 -0.040  0.029 -0.067 -0.071  0.004  0.120 -0.023  0.129  0.043  0.103  0.033 -0.059 -0.062
  -0.247  0.489  0.302  0.170  0.020 -0.082 -0.125 -0.019 -0.019 -0.022 -0.120  0.305 -0.194  0.292  0.136  0.345 -0.080  0.307  0.294 -0.023  0.259 -0.886  1.000  0.379 -0.097 -0.061 -0.111  0.026  0.049 -0.063 -0.225  0.025  0.022  0.072 -0.291 -0.113  0.000  0.013
   0.054  0.422  0.029  0.289  0.175 -0.131 -0.073  0.057  0.040 -0.230 -0.242  0.325 -0.090  0.466  0.062  0.300  0.191  0.056  0.188 -0.048  0.645 -0.630  0.379  1.000  0.175  0.254  0.067 -0.001  0.115  0.104 -0.050  0.056 -0.201 -0.113 -0.037 -0.186  0.059  0.136
   0.324  0.147 -0.209  0.303  0.181 -0.087 -0.026  0.244  0.187 -0.085 -0.024 -0.017  0.020  0.091  0.121  0.178  0.160 -0.080  0.118 -0.119  0.023 -0.050 -0.097  0.175  1.000  0.525  0.419  0.722  0.654  0.399  0.493  0.062 -0.273 -0.234  0.618  0.127  0.636  0.594
   0.259  0.068 -0.171  0.226  0.107 -0.048 -0.040  0.209  0.161 -0.040 -0.006 -0.001  0.015  0.037  0.108  0.165  0.125 -0.048  0.124  0.030  0.104 -0.040 -0.061  0.254  0.525  1.000  0.350  0.567  0.687  0.339  0.438  0.051 -0.222 -0.190  0.510 -0.021  0.522  0.608
   0.174  0.038 -0.110  0.136  0.122 -0.135  0.112  0.167  0.139  0.010  0.066 -0.037  0.027  0.122 -0.022  0.082  0.162 -0.098  0.046 -0.103 -0.005  0.029 -0.111  0.067  0.419  0.350  1.000  0.472  0.446  0.349  0.433  0.034 -0.189 -0.162  0.455  0.108  0.454  0.431
   0.322  0.059 -0.205  0.298  0.129 -0.060 -0.066  0.244  0.180 -0.062  0.024 -0.019  0.006  0.055  0.170  0.263  0.163 -0.040  0.174 -0.092 -0.040 -0.067  0.026 -0.001  0.722  0.567  0.472  1.000  0.825  0.478  0.596  0.061 -0.315 -0.267  0.697  0.175  0.779  0.720
   0.289  0.063 -0.182  0.236  0.066 -0.023 -0.072  0.228  0.167 -0.020  0.056 -0.038 -0.005 -0.014  0.165  0.268  0.154 -0.024  0.196 -0.059  0.012 -0.071  0.049  0.115  0.654  0.687  0.446  0.825  1.000  0.440  0.598  0.050 -0.310 -0.258  0.672  0.035  0.725  0.815
  -0.399  0.158  0.460  0.073  0.129 -0.170  0.167 -0.087 -0.098  0.014  0.312  0.301  0.130  0.193 -0.067  0.024  0.218 -0.171 -0.054 -0.025  0.059  0.004 -0.063  0.104  0.399  0.339  0.349  0.478  0.440  1.000  0.710 -0.011 -0.204 -0.177  0.313  0.048  0.447  0.412
  -0.175  0.017  0.228 -0.055  0.031 -0.149  0.263 -0.052 -0.068  0.020  0.391 -0.090  0.116 -0.052 -0.073  0.033  0.273 -0.223 -0.032 -0.147 -0.172  0.120 -0.225 -0.050  0.493  0.438  0.433  0.596  0.598  0.710  1.000 -0.032 -0.289 -0.249  0.586  0.232  0.536  0.566
   0.089  0.010 -0.075  0.056  0.019  0.013 -0.050  0.087  0.074 -0.028 -0.090  0.027 -0.004  0.065  0.043  0.052 -0.020  0.043  0.024  0.010  0.076 -0.023  0.025  0.056  0.062  0.051  0.034  0.061  0.050 -0.011 -0.032  1.000  0.009  0.009  0.023 -0.034  0.056  0.045
  -0.151 -0.108  0.099 -0.073 -0.035  0.014 -0.016  0.007  0.027  0.119 -0.045  0.066 -0.034  0.023 -0.022 -0.261 -0.360  0.128 -0.052  0.090  0.014  0.129  0.022 -0.201 -0.273 -0.222 -0.189 -0.315 -0.310 -0.204 -0.289  0.009  1.000  0.295 -0.361 -0.121 -0.269 -0.267
