# fitpack15: fit parameters                                                                         
# CJ15 AV18 final data choices                                                                      
# Created on 02/15/2019 at 04:48:47                                                                 

 # QCD setup
  INS                           0
  NVL                          11
  IORD                          1
  Q02                   1.6899999999999999     
  IPARAMC                       7
  FLAVOR                4.0000000000000000     
  xmc                   1.3000000000000000     
  xmb                   4.5000000000000000     
  ncb                          12
  ihq                           1
  ias                           0

 # Theory corrections
  inuke                     10814
  itmc                          1
  iht                           1

 # fit parameters
 LAMBDA       0.22680        0.0000    
 a0uv          2.1168        0.0000    
 a1uv         0.58622       0.22409E-01
 a2uv          3.5604       0.12822E-01
 a3uv          0.0000        0.0000    
 a4uv          4.1434       0.55622    
 a5uv          0.0000        0.0000    
 a0dv          25.058        0.0000    
 a1dv          1.1597       0.33073E-01
 a2dv          6.5897       0.16026    
 a3dv         -3.5323       0.85388E-01
 a4dv          4.7219       0.14088    
 a5dv          0.0000        0.0000    
 a0ud         0.14432       0.50239E-02
 a1ud        -0.20920       0.37924E-02
 a2ud          8.3490       0.19354    
 a3ud          0.0000        0.0000    
 a4ud          14.815        1.2423    
 a5ud          0.0000        0.0000    
 a0du          35712.        0.0000    
 a1du          4.0682       0.82284E-01
 a2du          20.103       0.92482    
 a3du          17.000        0.0000    
 a4du          53.480        11.140    
 a0g           46.271        0.0000    
 a1g          0.60640       0.33355E-01
 a2g           6.8363        1.0506    
 a3g          -3.3404       0.15293    
 a4g           3.3376       0.38775    
 a5g           0.0000        0.0000    
 kappa        0.40000        0.0000    
 a6dv        -0.37216E-02   0.67014E-03
 a7dv          2.0000        0.0000    
 off1         -3.3814        1.5686    
 off2         0.62549E-01   0.98446E-02
 ht1          -3.9946       0.46512    
 ht2           2.1467       0.14169    
 ht3          -2.0500       0.25509E-01
 ht4           0.0000        0.0000    
 dummy40       0.0000        0.0000    
 dummy41       0.0000        0.0000    
 dummy42       0.0000        0.0000    
 dummy43       0.0000        0.0000    
 dummy44       0.0000        0.0000    
 dummy45       0.0000        0.0000    
 dummy46       0.0000        0.0000    
 dummy47       0.0000        0.0000    
 dummy48       0.0000        0.0000    
 dummy49       0.0000        0.0000    
 bcdmsh2      0.96991       0.50449E-02
 bcdmsd2      0.98914       0.59919E-02
 ccfr          1.0000        0.0000    
 nutev         1.0000        0.0000    
 zeus         0.97998        0.0000    
 h1            1.0162        0.0000    
 e605          1.0319        0.0000    
 NmcH2         1.0057       0.72400E-02
 ntv_nu        1.0000        0.0000    
 ntv_nubar     1.0000        0.0000    
 cdf_jet      0.98910        0.0000    
 d0_jet       0.83504        0.0000    
 slac_p        1.0015       0.52193E-02
 slac_d        1.0003       0.56296E-02
 e866pp       0.96715       0.19902E-01
 e866pd       0.95738       0.16284E-01
 d0_gamjet     1.0376       0.16472E-01
 h1b          0.97608        0.0000    
 jlab_p       0.99439        0.0000    
 jlab_d       0.97560        0.0000    
 blank         1.0000        0.0000    
 d0run2       0.94262       0.14375E-01
 cdfrun2      0.93027       0.17413E-01
 HERA_el       1.0000        0.0000    
 HERA_ps       1.0000        0.0000    
 CDF_Z        0.95920       0.68117E-02
 NmcRat        1.0000        0.0000    
 BNS_F2nd     0.97941       0.73454E-02
 HERMES_F2p   0.99506       0.58727E-02
 HERMES_F2d   0.97658       0.61001E-02
 END 0. 0.

 # Hessian matrix (Bevington alpha)
   0.38979164142675E+07 -0.94367191091499E+06  0.15853442351607E+06  0.31497150970071E+06 -0.85065836762610E+05 -0.22965848434237E+05  0.37714699997535E+05  0.88371258942109E+06 -0.17183209004106E+06 -0.43931344083170E+05  0.69674186443740E+04  0.15278315068101E+05  0.17210985812323E+04 -0.10798283360166E+03  0.10819047568384E+05 -0.25990169436547E+04  0.10053145907417E+05  0.79076609558703E+04 -0.50071769642831E+07 -0.63083717082997E+03 -0.94784038061100E+06  0.46198319424528E+05  0.13590144626467E+06  0.45543535825087E+06 -0.13045314186351E+06 -0.55413867461755E+05 -0.48984225582257E+04 -0.77764148755619E+06 -0.96567652408495E+06 -0.20984545266715E+05 -0.47508662244435E+05 -0.31454436071568E+04 -0.91281614507200E+04 -0.32169285111221E+04 -0.16953501696973E+05  0.13554656503681E+05 -0.73089545890413E+05 -0.57706184273031E+05
  -0.94367191091499E+06  0.29182186283941E+06 -0.39632684938166E+05 -0.84012337724838E+05  0.22336646474678E+05  0.80562474976521E+04 -0.72603644606754E+04 -0.10806662758758E+06  0.24712597387136E+05  0.60552469721065E+04 -0.79520845704282E+03 -0.12082067635962E+04 -0.14083810000942E+03  0.12985979847551E+02  0.11213910055947E+03  0.95500850700369E+02  0.53567901415181E+00 -0.15168362381683E+03  0.17019662008708E+07  0.31044699331701E+03  0.26272867588174E+06 -0.10043164835557E+05 -0.30033142058432E+05 -0.11727107523881E+06  0.16752304172610E+05  0.82804706111771E+04 -0.21710327695295E+03  0.18617693415645E+06  0.22418384042632E+06  0.58152344172242E+04  0.13327569792357E+05  0.41943191617825E+03  0.24311372688553E+04  0.76870739446742E+03 -0.22657710978043E+04 -0.16146469263240E+04  0.86534872155310E+04  0.72604776595750E+04
   0.15853442351607E+06 -0.39632684938166E+05  0.65175092224272E+04  0.12669107655228E+05 -0.35351966838680E+04 -0.11826877452398E+04  0.14592377900903E+04  0.26463987932610E+05 -0.50614576613647E+04 -0.15524133450575E+04  0.21222057853740E+03  0.43790251456751E+03  0.56415933849040E+02 -0.43765912483537E+01 -0.23552737205980E+03 -0.27642339309184E+02 -0.12292494122534E+03  0.22921433624428E+02 -0.21204419142649E+06 -0.28370775474523E+02 -0.39154772862103E+05  0.18505894660513E+04  0.53984684680891E+04  0.18574802477283E+05 -0.49967688742557E+04 -0.21271866961102E+04  0.31156069291792E+02 -0.31019222782931E+05 -0.38621553398294E+05 -0.87701092642316E+03 -0.19935746655029E+04 -0.10674094784289E+03 -0.37508925204463E+03 -0.13055638971983E+03 -0.28056617648371E+02  0.51384963831236E+03 -0.23502106258767E+04 -0.19011894168101E+04
   0.31497150970071E+06 -0.84012337724838E+05  0.12669107655228E+05  0.35650728519911E+06 -0.52704619861241E+05  0.75778811976414E+05  0.60363244089057E+05  0.33559665348704E+06 -0.24084006850868E+05 -0.16973355053187E+05  0.31824592548940E+04 -0.13923205012509E+04 -0.15219169931214E+03  0.56101090807139E+02  0.31380643827074E+05 -0.38617737614009E+04  0.24283372385472E+05  0.13945933024986E+05 -0.17459511564310E+07 -0.26351706649550E+02 -0.28644973257367E+06  0.15839787355402E+05  0.43622610504627E+05  0.15560622605385E+06 -0.12853273969385E+05 -0.21336842747366E+05 -0.56649593818303E+02 -0.60940996338130E+05 -0.30280220909429E+06 -0.13828613583205E+04 -0.25034281831794E+04 -0.69628441349703E+02 -0.24814633331201E+04 -0.96286268933937E+03 -0.97258953658686E+04 -0.12309047273105E+05 -0.72511692716839E+04 -0.21520219264691E+05
  -0.85065836762610E+05  0.22336646474678E+05 -0.35351966838680E+04 -0.52704619861241E+05  0.93232561991981E+04 -0.77671866641180E+04 -0.83213973444934E+04 -0.29254332860081E+05 -0.97086559045213E+01  0.20931021347234E+04 -0.30653524091353E+03 -0.26473784293901E+02  0.48640965337621E+01 -0.50052014348566E+01 -0.27198645466686E+04  0.34885912528229E+03 -0.20253504095871E+04 -0.11971761195843E+04  0.36805582557210E+06  0.24333781972566E+02  0.56945834892483E+05 -0.28569437581231E+04 -0.76956137995479E+04 -0.29225472613389E+05  0.20041403972518E+04  0.33799873235520E+04 -0.58631784776504E+02  0.10758213895411E+05  0.54157390260075E+05  0.32948853123905E+03  0.57612371455954E+03  0.88299737173676E+01  0.47226680347329E+03  0.17442868875604E+03  0.35670030362041E+03  0.18029075310558E+04  0.81924623493119E+03  0.25236458653420E+04
  -0.22965848434237E+05  0.80562474976521E+04 -0.11826877452398E+04  0.75778811976414E+05 -0.77671866641180E+04  0.24759632099891E+05  0.14864872761317E+05  0.10694371831401E+06 -0.96406550193443E+04 -0.45676069602717E+04  0.99083912517334E+03 -0.71260400787272E+03 -0.68069379014206E+02  0.19189977713169E+02  0.95214799627872E+04 -0.11837588409273E+04  0.75143379359130E+04  0.43424669292816E+04 -0.74295965707294E+05  0.56711247706248E+02 -0.25218225362217E+05  0.21628913177881E+04  0.63358938607295E+04  0.17665054167303E+05 -0.28195919286987E+04 -0.43390782202349E+04  0.15860725468565E+03 -0.87092862849824E+04 -0.42121717029992E+05  0.66601806704619E+01 -0.20747150896793E+02 -0.18861116677554E+02 -0.26297446428561E+03 -0.13304415525864E+03 -0.31380521707063E+04 -0.30251389620834E+04 -0.18796654291786E+04 -0.54303122782371E+04
   0.37714699997535E+05 -0.72603644606754E+04  0.14592377900903E+04  0.60363244089057E+05 -0.83213973444934E+04  0.14864872761317E+05  0.11096211617270E+05  0.57474482529497E+05 -0.28845270381255E+04 -0.31254258878506E+04  0.56392981762603E+03 -0.22705346417190E+03 -0.27184291057678E+02  0.10058789761922E+02  0.49485050799667E+04 -0.63061562092849E+03  0.37798261392971E+04  0.22263927511522E+04 -0.20425592796621E+06  0.19113438480858E+02 -0.40821030205489E+05  0.25185185946659E+04  0.69972436394061E+04  0.23133893708559E+05 -0.25090800461543E+04 -0.39417078281364E+04  0.14076705004084E+03 -0.94726737032461E+04 -0.47571241767550E+05 -0.16300301000711E+03 -0.28650170273485E+03 -0.13091876058610E+02 -0.36650579828036E+03 -0.15397619329256E+03 -0.13266727658708E+04 -0.26089785066583E+04 -0.11611393285591E+04 -0.34669644302009E+04
   0.88371258942109E+06 -0.10806662758758E+06  0.26463987932610E+05  0.33559665348704E+06 -0.29254332860081E+05  0.10694371831401E+06  0.57474482529497E+05  0.50993778778845E+07 -0.23403001257785E+07 -0.85367607570778E+05  0.25840942434208E+05  0.26136744164164E+05  0.17584628144256E+04  0.97541201750032E+02  0.83877709114221E+05 -0.10700671556698E+05  0.75748625431737E+05  0.41671806484694E+05 -0.45262854436846E+06  0.44098734431135E+03 -0.13098702148622E+06  0.23371660045132E+05  0.76584506997929E+05  0.18373868854615E+06 -0.61295201438007E+05 -0.49230246426128E+05 -0.68231349680026E+05 -0.28150996138170E+06 -0.54787840645359E+06 -0.73476147337438E+05 -0.16518286737712E+06 -0.13451063561476E+04  0.21695913396161E+03  0.24995314509790E+03 -0.26681011450919E+06 -0.79327123823939E+04 -0.14000910325247E+06 -0.17333959559016E+06
  -0.17183209004106E+06  0.24712597387136E+05 -0.50614576613647E+04 -0.24084006850868E+05 -0.97086559045213E+01 -0.96406550193443E+04 -0.28845270381255E+04 -0.23403001257785E+07  0.19231017436834E+07  0.18861265334318E+05 -0.64445509715535E+04 -0.55459822869109E+04 -0.30505241417981E+03 -0.13305761742270E+02  0.49620969218922E+05 -0.23579142564875E+04  0.15484427426235E+05  0.74986916131616E+04 -0.41687269822960E+05 -0.96499208790127E+02 -0.12319871569821E+04 -0.45810385314412E+04 -0.15982225352283E+05 -0.34693800500147E+05  0.11395393898448E+05  0.10790190679830E+05  0.24303207635807E+05  0.65350233711854E+05  0.12370635533247E+06  0.23104167216140E+05  0.52030036716832E+05  0.17735403357641E+03 -0.12423026609249E+04 -0.69313953160937E+03  0.11193568178619E+06  0.14726211524514E+04  0.44548431997930E+05  0.54620393238271E+05
  -0.43931344083170E+05  0.60552469721065E+04 -0.15524133450575E+04 -0.16973355053187E+05  0.20931021347234E+04 -0.45676069602717E+04 -0.31254258878506E+04 -0.85367607570778E+05  0.18861265334318E+05  0.25695728013862E+04 -0.62343099880177E+03 -0.66388302556929E+03 -0.58706421551438E+02 -0.18010960038167E+01 -0.39892718324287E+04  0.48634499569657E+03 -0.31278458124881E+04 -0.17994773546810E+04  0.45606837032803E+05 -0.14130731557798E+02  0.12077655505846E+05 -0.10577421905866E+04 -0.32029635669977E+04 -0.87099416642650E+04  0.27321757314242E+04  0.18892868051955E+04  0.72847551394956E+03  0.10539731428984E+05  0.21429354413804E+05  0.15196934144412E+04  0.33520017410674E+04  0.42871314051118E+02  0.13053663528148E+03  0.57835539720780E+02  0.30959812190348E+04  0.38358976475625E+03  0.28013016775541E+04  0.35534616679847E+04
   0.69674186443740E+04 -0.79520845704282E+03  0.21222057853740E+03  0.31824592548940E+04 -0.30653524091353E+03  0.99083912517334E+03  0.56392981762603E+03  0.25840942434208E+05 -0.64445509715535E+04 -0.62343099880177E+03  0.17564036816124E+03  0.19431998025909E+03  0.14172943387804E+02  0.69027431596398E+00  0.12534424386287E+04 -0.13865775885530E+03  0.95173696219359E+03  0.52557611970558E+03 -0.53266736798029E+04  0.32878670510522E+01 -0.13663010589632E+04  0.17896539712002E+03  0.57407729759290E+03  0.14230618481129E+04 -0.47942082108044E+03 -0.36154452537699E+03 -0.34011639909873E+03 -0.20194568160109E+04 -0.39742448990485E+04 -0.43811717196921E+03 -0.98521131539280E+03 -0.11019335466715E+02 -0.14183516794363E+02 -0.66093342458331E+01 -0.11525617100293E+04 -0.61692860798121E+02 -0.83271260391307E+03 -0.10388316245383E+04
   0.15278315068101E+05 -0.12082067635962E+04  0.43790251456751E+03 -0.13923205012509E+04 -0.26473784293901E+02 -0.71260400787272E+03 -0.22705346417190E+03  0.26136744164164E+05 -0.55459822869109E+04 -0.66388302556929E+03  0.19431998025909E+03  0.16254580655597E+04  0.10727471345520E+03 -0.11182443088964E+01  0.14051343655197E+04 -0.19457130181673E+03  0.13344282308874E+04  0.78228545382434E+03 -0.62408773529560E+04 -0.47878450887103E+01 -0.74338638023885E+03 -0.15021136432205E+02  0.11000341487054E+03 -0.66182585214564E+03 -0.11251201385563E+04  0.15772903993696E-10 -0.70865696746192E+03 -0.50233405299931E+04  0.35892426190397E-09 -0.23518121895857E+04 -0.72081903554091E+02 -0.78598398989394E+02 -0.17296081374335E+01 -0.74052245669104E+00  0.28685207697747E+03  0.30944143377166E+03 -0.27170538283899E+04  0.37039276743186E-10
   0.17210985812323E+04 -0.14083810000942E+03  0.56415933849040E+02 -0.15219169931214E+03  0.48640965337621E+01 -0.68069379014206E+02 -0.27184291057678E+02  0.17584628144256E+04 -0.30505241417981E+03 -0.58706421551438E+02  0.14172943387804E+02  0.10727471345520E+03  0.96853210288716E+01 -0.17198911505519E+00  0.77618733710398E+02 -0.12917339413516E+02  0.78308411807612E+02  0.50109019840222E+02 -0.29713742696363E+03 -0.42583425249197E+00  0.27037352969145E+02 -0.24777204498582E+00  0.15340980570890E+02 -0.72203946286297E+02 -0.16638266140693E+03  0.15757801032019E-11 -0.27625280552923E+02 -0.59090598848975E+03  0.21235246264743E-10 -0.14735746017347E+03 -0.19035258597531E+02 -0.63601107199485E+01 -0.18282580518683E+00 -0.70875451852072E-01  0.28633360854472E+02  0.68491222670825E+02 -0.19587219088863E+03  0.58461276585029E-11
  -0.10798283360166E+03  0.12985979847551E+02 -0.43765912483537E+01  0.56101090807139E+02 -0.50052014348566E+01  0.19189977713169E+02  0.10058789761922E+02  0.97541201750032E+02 -0.13305761742270E+02 -0.18010960038167E+01  0.69027431596398E+00 -0.11182443088964E+01 -0.17198911505519E+00  0.50789422356384E-01  0.14434040081065E+02 -0.11172333776773E+01  0.84841976775444E+01  0.40507836309587E+01 -0.81472823510291E+02  0.31213129412844E-01 -0.25388562193234E+02  0.55433531451076E+00  0.13895427174409E+01  0.65585800158479E+01  0.70132538153208E-01 -0.21012806153038E-13 -0.60722076802573E+01 -0.78070938484505E+00 -0.51331419637538E-12 -0.33085217561683E+01 -0.15644332601024E-04 -0.13916848129393E+00 -0.16816859666356E-02 -0.92177691044289E-03 -0.16294289953181E+01  0.44235846300743E-04 -0.31569131008771E+01  0.53562993963511E-13
   0.10819047568384E+05  0.11213910055947E+03 -0.23552737205980E+03  0.31380643827074E+05 -0.27198645466686E+04  0.95214799627872E+04  0.49485050799667E+04  0.83877709114221E+05  0.49620969218922E+05 -0.39892718324287E+04  0.12534424386287E+04  0.14051343655197E+04  0.77618733710398E+02  0.14434040081065E+02  0.49308553970545E+05 -0.45623188292020E+04  0.32129442154665E+05  0.16939371404762E+05 -0.59971467662575E+05  0.38080947476832E+00  0.35871104439561E+04 -0.15607985485182E+03 -0.49174660834560E+03 -0.80414550547264E+03 -0.26622817879189E+04 -0.17494421933120E+04 -0.24919020383574E+04  0.17909400325841E+04  0.35754229512883E+04 -0.15183928101774E+04 -0.30006920710967E+04 -0.72381143513514E+03 -0.28449117032021E+04 -0.15135849062712E+04 -0.24272805401561E+04  0.15791367054643E+03 -0.88966497965381E+03 -0.10025904104529E+04
  -0.25990169436547E+04  0.95500850700369E+02 -0.27642339309184E+02 -0.38617737614009E+04  0.34885912528229E+03 -0.11837588409273E+04 -0.63061562092849E+03 -0.10700671556698E+05 -0.23579142564875E+04  0.48634499569657E+03 -0.13865775885530E+03 -0.19457130181673E+03 -0.12917339413516E+02 -0.11172333776773E+01 -0.45623188292020E+04  0.48980790967229E+03 -0.33631429033966E+04 -0.18466744830485E+04  0.76866174147854E+04 -0.50369522650731E+00 -0.43669003288962E+03  0.12364509381990E+02  0.32271722603246E+02  0.25934072128212E+02  0.48614137268178E+03  0.30495263192849E+03  0.28640176071167E+03 -0.11342228692755E+03 -0.31848083709385E+03  0.15624840974623E+03  0.30781803780794E+03  0.79547653445505E+02  0.42739465060080E+03  0.21211317688201E+03 -0.29014150548061E+03 -0.26836274424191E+02  0.24640930830535E+03  0.27635526747053E+03
   0.10053145907417E+05  0.53567901415181E+00 -0.12292494122534E+03  0.24283372385472E+05 -0.20253504095871E+04  0.75143379359130E+04  0.37798261392971E+04  0.75748625431737E+05  0.15484427426235E+05 -0.31278458124881E+04  0.95173696219359E+03  0.13344282308874E+04  0.78308411807612E+02  0.84841976775444E+01  0.32129442154665E+05 -0.33631429033966E+04  0.23546364344415E+05  0.12764962540449E+05 -0.44815378982563E+05 -0.65493192581179E+00  0.37817885915371E+04 -0.18461492754321E+03 -0.56831895471566E+03 -0.10273156890682E+04 -0.22380502005888E+04 -0.14571739696792E+04 -0.22739230042744E+04  0.18314164414170E+04  0.36494860433196E+04 -0.11624212000659E+04 -0.23036614746784E+04 -0.54615747935026E+03 -0.22771725720812E+04 -0.12318361924257E+04  0.91861369754409E+03  0.16962586566150E+03 -0.13928195544203E+04 -0.15507614061007E+04
   0.79076609558703E+04 -0.15168362381683E+03  0.22921433624428E+02  0.13945933024986E+05 -0.11971761195843E+04  0.43424669292816E+04  0.22263927511522E+04  0.41671806484694E+05  0.74986916131616E+04 -0.17994773546810E+04  0.52557611970558E+03  0.78228545382434E+03  0.50109019840222E+02  0.40507836309587E+01  0.16939371404762E+05 -0.18466744830485E+04  0.12764962540449E+05  0.70209482052715E+04 -0.26520610701629E+05  0.63549798188181E+00  0.21470304148081E+04 -0.92798053994853E+02 -0.26829318777009E+03 -0.44070478370111E+03 -0.16165652667015E+04 -0.10198032349825E+04 -0.11609179133750E+04  0.80792868818595E+03  0.18479813024532E+04 -0.59654798978557E+03 -0.11834544025606E+04 -0.30488489922109E+03 -0.14918983820792E+04 -0.77421511936688E+03  0.11859029676879E+04  0.11835888122906E+03 -0.10054997131348E+04 -0.11197585903616E+04
  -0.50071769642831E+07  0.17019662008708E+07 -0.21204419142649E+06 -0.17459511564310E+07  0.36805582557210E+06 -0.74295965707294E+05 -0.20425592796621E+06 -0.45262854436846E+06 -0.41687269822960E+05  0.45606837032803E+05 -0.53266736798029E+04 -0.62408773529560E+04 -0.29713742696363E+03 -0.81472823510291E+02 -0.59971467662575E+05  0.76866174147854E+04 -0.44815378982563E+05 -0.26520610701629E+05  0.24846538399235E+08  0.36855598597475E+04  0.29857450896993E+07 -0.12160403703502E+06 -0.33580133259761E+06 -0.14368052165677E+07  0.34437296515612E+05  0.76573308402526E+05 -0.12616665934612E+04  0.50260392714532E+06  0.23397811905463E+07  0.17470114138968E+05  0.31894199085829E+05  0.20641088951416E+03  0.24508477246895E+05  0.77020539058520E+04 -0.18591730465857E+05  0.27297022370499E+05  0.20777802529101E+05  0.64157758505262E+05
  -0.63083717082997E+03  0.31044699331701E+03 -0.28370775474523E+02 -0.26351706649550E+02  0.24333781972566E+02  0.56711247706248E+02  0.19113438480858E+02  0.44098734431135E+03 -0.96499208790127E+02 -0.14130731557798E+02  0.32878670510522E+01 -0.47878450887103E+01 -0.42583425249197E+00  0.31213129412844E-01  0.38080947476832E+00 -0.50369522650731E+00 -0.65493192581179E+00  0.63549798188181E+00  0.36855598597475E+04  0.15491269375503E+01  0.41021029121748E+03 -0.80415722183658E+01 -0.21033912558906E+02 -0.15321067248542E+03  0.00000000000000E+00 -0.32981927833847E+02  0.00000000000000E+00  0.00000000000000E+00  0.16720273111486E+03  0.00000000000000E+00 -0.59926205008075E+01  0.00000000000000E+00  0.00000000000000E+00  0.00000000000000E+00  0.00000000000000E+00  0.17859770830090E+02  0.00000000000000E+00 -0.33247456673488E+02
  -0.94784038061100E+06  0.26272867588174E+06 -0.39154772862103E+05 -0.28644973257367E+06  0.56945834892483E+05 -0.25218225362217E+05 -0.40821030205489E+05 -0.13098702148622E+06 -0.12319871569821E+04  0.12077655505846E+05 -0.13663010589632E+04 -0.74338638023885E+03  0.27037352969145E+02 -0.25388562193234E+02  0.35871104439561E+04 -0.43669003288962E+03  0.37817885915371E+04  0.21470304148081E+04  0.29857450896993E+07  0.41021029121748E+03  0.75862197506224E+06 -0.35588216294656E+05 -0.95571245612123E+05 -0.38706218603319E+06  0.00000000000000E+00  0.29337447512237E+05  0.00000000000000E+00  0.00000000000000E+00  0.61587501020692E+06  0.00000000000000E+00 -0.70251103204847E+04  0.00000000000000E+00  0.00000000000000E+00  0.00000000000000E+00  0.00000000000000E+00 -0.19843886871970E+05  0.00000000000000E+00  0.24334343579867E+05
   0.46198319424528E+05 -0.10043164835557E+05  0.18505894660513E+04  0.15839787355402E+05 -0.28569437581231E+04  0.21628913177881E+04  0.25185185946659E+04  0.23371660045132E+05 -0.45810385314412E+04 -0.10577421905866E+04  0.17896539712002E+03 -0.15021136432205E+02 -0.24777204498582E+00  0.55433531451076E+00 -0.15607985485182E+03  0.12364509381990E+02 -0.18461492754321E+03 -0.92798053994853E+02 -0.12160403703502E+06 -0.80415722183658E+01 -0.35588216294656E+05  0.19843080841279E+04  0.53805770569897E+04  0.20073565935317E+05 -0.43454940932692E+02 -0.19376838390159E+04  0.47269210897272E+01  0.45357844181040E+02 -0.34806098474789E+05  0.00000000000000E+00 -0.11973720637988E+03  0.00000000000000E+00  0.00000000000000E+00  0.00000000000000E+00  0.00000000000000E+00  0.11090242088395E+04 -0.27497914429686E+03 -0.24653789963200E+04
   0.13590144626467E+06 -0.30033142058432E+05  0.53984684680891E+04  0.43622610504627E+05 -0.76956137995479E+04  0.63358938607295E+04  0.69972436394061E+04  0.76584506997929E+05 -0.15982225352283E+05 -0.32029635669977E+04  0.57407729759290E+03  0.11000341487054E+03  0.15340980570890E+02  0.13895427174409E+01 -0.49174660834560E+03  0.32271722603246E+02 -0.56831895471566E+03 -0.26829318777009E+03 -0.33580133259761E+06 -0.21033912558906E+02 -0.95571245612123E+05  0.53805770569897E+04  0.14888052171193E+05  0.53845462219686E+05 -0.15929490543386E+03 -0.48781762631076E+04 -0.11141367338241E+02 -0.66631843052039E+04 -0.96741870170649E+05  0.00000000000000E+00 -0.29883323370115E+03  0.00000000000000E+00  0.00000000000000E+00  0.00000000000000E+00  0.00000000000000E+00  0.27694476667852E+04 -0.17905938271549E+04 -0.72972771567036E+04
   0.45543535825087E+06 -0.11727107523881E+06  0.18574802477283E+05  0.15560622605385E+06 -0.29225472613389E+05  0.17665054167303E+05  0.23133893708559E+05  0.18373868854615E+06 -0.34693800500147E+05 -0.87099416642650E+04  0.14230618481129E+04 -0.66182585214564E+03 -0.72203946286297E+02  0.65585800158479E+01 -0.80414550547264E+03  0.25934072128212E+02 -0.10273156890682E+04 -0.44070478370111E+03 -0.14368052165677E+07 -0.15321067248542E+03 -0.38706218603319E+06  0.20073565935317E+05  0.53845462219686E+05  0.21603513305671E+06  0.24950493945186E+03 -0.22228867059249E+05 -0.40930268395604E+01  0.31751987367942E+05 -0.34895239678559E+06  0.00000000000000E+00 -0.13992423626727E+04  0.00000000000000E+00  0.00000000000000E+00  0.00000000000000E+00  0.00000000000000E+00  0.13074279013623E+05  0.15641112725368E+04 -0.23827131176305E+05
  -0.13045314186351E+06  0.16752304172610E+05 -0.49967688742557E+04 -0.12853273969385E+05  0.20041403972518E+04 -0.28195919286987E+04 -0.25090800461543E+04 -0.61295201438007E+05  0.11395393898448E+05  0.27321757314242E+04 -0.47942082108044E+03 -0.11251201385563E+04 -0.16638266140693E+03  0.70132538153208E-01 -0.26622817879189E+04  0.48614137268178E+03 -0.22380502005888E+04 -0.16165652667015E+04  0.34437296515612E+05  0.00000000000000E+00  0.00000000000000E+00 -0.43454940932692E+02 -0.15929490543386E+03  0.24950493945186E+03  0.11701012693296E+06  0.00000000000000E+00  0.00000000000000E+00  0.00000000000000E+00  0.00000000000000E+00  0.00000000000000E+00  0.00000000000000E+00  0.00000000000000E+00  0.00000000000000E+00  0.00000000000000E+00  0.00000000000000E+00  0.00000000000000E+00  0.00000000000000E+00  0.00000000000000E+00
  -0.55413867461755E+05  0.82804706111771E+04 -0.21271866961102E+04 -0.21336842747366E+05  0.33799873235520E+04 -0.43390782202349E+04 -0.39417078281364E+04 -0.49230246426128E+05  0.10790190679830E+05  0.18892868051955E+04 -0.36154452537699E+03  0.15772903993696E-10  0.15757801032019E-11 -0.21012806153038E-13 -0.17494421933120E+04  0.30495263192849E+03 -0.14571739696792E+04 -0.10198032349825E+04  0.76573308402526E+05 -0.32981927833847E+02  0.29337447512237E+05 -0.19376838390159E+04 -0.48781762631076E+04 -0.22228867059249E+05  0.00000000000000E+00  0.65052986033609E+05  0.00000000000000E+00  0.00000000000000E+00  0.00000000000000E+00  0.00000000000000E+00  0.00000000000000E+00  0.00000000000000E+00  0.00000000000000E+00  0.00000000000000E+00  0.00000000000000E+00  0.00000000000000E+00  0.00000000000000E+00  0.00000000000000E+00
  -0.48984225582257E+04 -0.21710327695295E+03  0.31156069291792E+02 -0.56649593818303E+02 -0.58631784776504E+02  0.15860725468565E+03  0.14076705004084E+03 -0.68231349680026E+05  0.24303207635807E+05  0.72847551394956E+03 -0.34011639909873E+03 -0.70865696746192E+03 -0.27625280552923E+02 -0.60722076802573E+01 -0.24919020383574E+04  0.28640176071167E+03 -0.22739230042744E+04 -0.11609179133750E+04 -0.12616665934612E+04  0.00000000000000E+00  0.00000000000000E+00  0.47269210897272E+01 -0.11141367338241E+02 -0.40930268395604E+01  0.00000000000000E+00  0.00000000000000E+00  0.30843946273605E+05  0.00000000000000E+00  0.00000000000000E+00  0.00000000000000E+00  0.00000000000000E+00  0.00000000000000E+00  0.00000000000000E+00  0.00000000000000E+00  0.00000000000000E+00  0.00000000000000E+00  0.00000000000000E+00  0.00000000000000E+00
  -0.77764148755619E+06  0.18617693415645E+06 -0.31019222782931E+05 -0.60940996338130E+05  0.10758213895411E+05 -0.87092862849824E+04 -0.94726737032461E+04 -0.28150996138170E+06  0.65350233711854E+05  0.10539731428984E+05 -0.20194568160109E+04 -0.50233405299931E+04 -0.59090598848975E+03 -0.78070938484505E+00  0.17909400325841E+04 -0.11342228692755E+03  0.18314164414170E+04  0.80792868818595E+03  0.50260392714532E+06  0.00000000000000E+00  0.00000000000000E+00  0.45357844181040E+02 -0.66631843052039E+04  0.31751987367942E+05  0.00000000000000E+00  0.00000000000000E+00  0.00000000000000E+00  0.53821599152236E+06  0.00000000000000E+00  0.00000000000000E+00  0.00000000000000E+00  0.00000000000000E+00  0.00000000000000E+00  0.00000000000000E+00  0.00000000000000E+00  0.00000000000000E+00  0.00000000000000E+00  0.00000000000000E+00
  -0.96567652408495E+06  0.22418384042632E+06 -0.38621553398294E+05 -0.30280220909429E+06  0.54157390260075E+05 -0.42121717029992E+05 -0.47571241767550E+05 -0.54787840645359E+06  0.12370635533247E+06  0.21429354413804E+05 -0.39742448990485E+04  0.35892426190397E-09  0.21235246264743E-10 -0.51331419637538E-12  0.35754229512883E+04 -0.31848083709385E+03  0.36494860433196E+04  0.18479813024532E+04  0.23397811905463E+07  0.16720273111486E+03  0.61587501020692E+06 -0.34806098474789E+05 -0.96741870170649E+05 -0.34895239678559E+06  0.00000000000000E+00  0.00000000000000E+00  0.00000000000000E+00  0.00000000000000E+00  0.82738324446179E+06  0.00000000000000E+00  0.00000000000000E+00  0.00000000000000E+00  0.00000000000000E+00  0.00000000000000E+00  0.00000000000000E+00  0.00000000000000E+00  0.00000000000000E+00  0.00000000000000E+00
  -0.20984545266715E+05  0.58152344172242E+04 -0.87701092642316E+03 -0.13828613583205E+04  0.32948853123905E+03  0.66601806704619E+01 -0.16300301000711E+03 -0.73476147337438E+05  0.23104167216140E+05  0.15196934144412E+04 -0.43811717196921E+03 -0.23518121895857E+04 -0.14735746017347E+03 -0.33085217561683E+01 -0.15183928101774E+04  0.15624840974623E+03 -0.11624212000659E+04 -0.59654798978557E+03  0.17470114138968E+05  0.00000000000000E+00  0.00000000000000E+00  0.00000000000000E+00  0.00000000000000E+00  0.00000000000000E+00  0.00000000000000E+00  0.00000000000000E+00  0.00000000000000E+00  0.00000000000000E+00  0.00000000000000E+00  0.14729600813220E+05  0.00000000000000E+00  0.00000000000000E+00  0.00000000000000E+00  0.00000000000000E+00  0.00000000000000E+00  0.00000000000000E+00  0.00000000000000E+00  0.00000000000000E+00
  -0.47508662244435E+05  0.13327569792357E+05 -0.19935746655029E+04 -0.25034281831794E+04  0.57612371455954E+03 -0.20747150896793E+02 -0.28650170273485E+03 -0.16518286737712E+06  0.52030036716832E+05  0.33520017410674E+04 -0.98521131539280E+03 -0.72081903554091E+02 -0.19035258597531E+02 -0.15644332601024E-04 -0.30006920710967E+04  0.30781803780794E+03 -0.23036614746784E+04 -0.11834544025606E+04  0.31894199085829E+05 -0.59926205008075E+01 -0.70251103204847E+04 -0.11973720637988E+03 -0.29883323370115E+03 -0.13992423626727E+04  0.00000000000000E+00  0.00000000000000E+00  0.00000000000000E+00  0.00000000000000E+00  0.00000000000000E+00  0.00000000000000E+00  0.32216650596626E+05  0.00000000000000E+00  0.00000000000000E+00  0.00000000000000E+00  0.00000000000000E+00  0.00000000000000E+00  0.00000000000000E+00  0.00000000000000E+00
  -0.31454436071568E+04  0.41943191617825E+03 -0.10674094784289E+03 -0.69628441349703E+02  0.88299737173676E+01 -0.18861116677554E+02 -0.13091876058610E+02 -0.13451063561476E+04  0.17735403357641E+03  0.42871314051118E+02 -0.11019335466715E+02 -0.78598398989394E+02 -0.63601107199485E+01 -0.13916848129393E+00 -0.72381143513514E+03  0.79547653445505E+02 -0.54615747935026E+03 -0.30488489922109E+03  0.20641088951416E+03  0.00000000000000E+00  0.00000000000000E+00  0.00000000000000E+00  0.00000000000000E+00  0.00000000000000E+00  0.00000000000000E+00  0.00000000000000E+00  0.00000000000000E+00  0.00000000000000E+00  0.00000000000000E+00  0.00000000000000E+00  0.00000000000000E+00  0.37934259713161E+04  0.00000000000000E+00  0.00000000000000E+00  0.00000000000000E+00  0.00000000000000E+00  0.00000000000000E+00  0.00000000000000E+00
  -0.91281614507200E+04  0.24311372688553E+04 -0.37508925204463E+03 -0.24814633331201E+04  0.47226680347329E+03 -0.26297446428561E+03 -0.36650579828036E+03  0.21695913396161E+03 -0.12423026609249E+04  0.13053663528148E+03 -0.14183516794363E+02 -0.17296081374335E+01 -0.18282580518683E+00 -0.16816859666356E-02 -0.28449117032021E+04  0.42739465060080E+03 -0.22771725720812E+04 -0.14918983820792E+04  0.24508477246895E+05  0.00000000000000E+00  0.00000000000000E+00  0.00000000000000E+00  0.00000000000000E+00  0.00000000000000E+00  0.00000000000000E+00  0.00000000000000E+00  0.00000000000000E+00  0.00000000000000E+00  0.00000000000000E+00  0.00000000000000E+00  0.00000000000000E+00  0.00000000000000E+00  0.82835990308745E+04  0.00000000000000E+00  0.00000000000000E+00  0.00000000000000E+00  0.00000000000000E+00  0.00000000000000E+00
  -0.32169285111221E+04  0.76870739446742E+03 -0.13055638971983E+03 -0.96286268933937E+03  0.17442868875604E+03 -0.13304415525864E+03 -0.15397619329256E+03  0.24995314509790E+03 -0.69313953160937E+03  0.57835539720780E+02 -0.66093342458331E+01 -0.74052245669104E+00 -0.70875451852072E-01 -0.92177691044289E-03 -0.15135849062712E+04  0.21211317688201E+03 -0.12318361924257E+04 -0.77421511936688E+03  0.77020539058520E+04  0.00000000000000E+00  0.00000000000000E+00  0.00000000000000E+00  0.00000000000000E+00  0.00000000000000E+00  0.00000000000000E+00  0.00000000000000E+00  0.00000000000000E+00  0.00000000000000E+00  0.00000000000000E+00  0.00000000000000E+00  0.00000000000000E+00  0.00000000000000E+00  0.00000000000000E+00  0.42335380153871E+04  0.00000000000000E+00  0.00000000000000E+00  0.00000000000000E+00  0.00000000000000E+00
  -0.16953501696973E+05 -0.22657710978043E+04 -0.28056617648371E+02 -0.97258953658686E+04  0.35670030362041E+03 -0.31380521707063E+04 -0.13266727658708E+04 -0.26681011450919E+06  0.11193568178619E+06  0.30959812190348E+04 -0.11525617100293E+04  0.28685207697747E+03  0.28633360854472E+02 -0.16294289953181E+01 -0.24272805401561E+04 -0.29014150548061E+03  0.91861369754409E+03  0.11859029676879E+04 -0.18591730465857E+05  0.00000000000000E+00  0.00000000000000E+00  0.00000000000000E+00  0.00000000000000E+00  0.00000000000000E+00  0.00000000000000E+00  0.00000000000000E+00  0.00000000000000E+00  0.00000000000000E+00  0.00000000000000E+00  0.00000000000000E+00  0.00000000000000E+00  0.00000000000000E+00  0.00000000000000E+00  0.00000000000000E+00  0.12551715104057E+06  0.00000000000000E+00  0.00000000000000E+00  0.00000000000000E+00
   0.13554656503681E+05 -0.16146469263240E+04  0.51384963831236E+03 -0.12309047273105E+05  0.18029075310558E+04 -0.30251389620834E+04 -0.26089785066583E+04 -0.79327123823939E+04  0.14726211524514E+04  0.38358976475625E+03 -0.61692860798121E+02  0.30944143377166E+03  0.68491222670825E+02  0.44235846300743E-04  0.15791367054643E+03 -0.26836274424191E+02  0.16962586566150E+03  0.11835888122906E+03  0.27297022370499E+05  0.17859770830090E+02 -0.19843886871970E+05  0.11090242088395E+04  0.27694476667852E+04  0.13074279013623E+05  0.00000000000000E+00  0.00000000000000E+00  0.00000000000000E+00  0.00000000000000E+00  0.00000000000000E+00  0.00000000000000E+00  0.00000000000000E+00  0.00000000000000E+00  0.00000000000000E+00  0.00000000000000E+00  0.00000000000000E+00  0.32665891716953E+05  0.00000000000000E+00  0.00000000000000E+00
  -0.73089545890413E+05  0.86534872155310E+04 -0.23502106258767E+04 -0.72511692716839E+04  0.81924623493119E+03 -0.18796654291786E+04 -0.11611393285591E+04 -0.14000910325247E+06  0.44548431997930E+05  0.28013016775541E+04 -0.83271260391307E+03 -0.27170538283899E+04 -0.19587219088863E+03 -0.31569131008771E+01 -0.88966497965381E+03  0.24640930830535E+03 -0.13928195544203E+04 -0.10054997131348E+04  0.20777802529101E+05  0.00000000000000E+00  0.00000000000000E+00 -0.27497914429686E+03 -0.17905938271549E+04  0.15641112725368E+04  0.00000000000000E+00  0.00000000000000E+00  0.00000000000000E+00  0.00000000000000E+00  0.00000000000000E+00  0.00000000000000E+00  0.00000000000000E+00  0.00000000000000E+00  0.00000000000000E+00  0.00000000000000E+00  0.00000000000000E+00  0.00000000000000E+00  0.95533253266043E+05  0.00000000000000E+00
  -0.57706184273031E+05  0.72604776595750E+04 -0.19011894168101E+04 -0.21520219264691E+05  0.25236458653420E+04 -0.54303122782371E+04 -0.34669644302009E+04 -0.17333959559016E+06  0.54620393238271E+05  0.35534616679847E+04 -0.10388316245383E+04  0.37039276743186E-10  0.58461276585029E-11  0.53562993963511E-13 -0.10025904104529E+04  0.27635526747053E+03 -0.15507614061007E+04 -0.11197585903616E+04  0.64157758505262E+05 -0.33247456673488E+02  0.24334343579867E+05 -0.24653789963200E+04 -0.72972771567036E+04 -0.23827131176305E+05  0.00000000000000E+00  0.00000000000000E+00  0.00000000000000E+00  0.00000000000000E+00  0.00000000000000E+00  0.00000000000000E+00  0.00000000000000E+00  0.00000000000000E+00  0.00000000000000E+00  0.00000000000000E+00  0.00000000000000E+00  0.00000000000000E+00  0.00000000000000E+00  0.10032884436915E+06

 # Covariance matrix (Bevington epsilon)
   0.50218418282747E-03 -0.10236795783634E-03 -0.12223237217886E-01  0.15946446540576E-03 -0.12727462189942E-03  0.30905423348060E-03 -0.97635467731118E-03  0.51363632385542E-04  0.33349941717382E-04 -0.14164384056325E-02 -0.14346431286765E-01 -0.49846574811316E-03 -0.37837983795664E-02 -0.14494642583554E-01  0.13585478781207E-03  0.35882001904857E-02  0.10636470658333E-03  0.10211424645313E-03  0.35569897744438E-05 -0.37662151106495E-02  0.13832269757245E-04  0.16245431592148E-02 -0.78480664608440E-03  0.30803267330766E-04  0.36602236955193E-04  0.34771288679005E-04  0.28163619316471E-04  0.37635168902264E-04  0.36448618040397E-04 -0.17817398929105E-03 -0.63884881694883E-04  0.32957950589728E-04 -0.48559917211374E-04 -0.49882248254384E-04  0.67536912277692E-04  0.17667067742648E-04  0.37302289532652E-04  0.34759014743356E-04
  -0.10236795783634E-03  0.16441040475837E-03  0.36095816486514E-02  0.12117008477205E-03  0.69172744964691E-03 -0.23681836715026E-03  0.25859392740009E-03 -0.67887242386561E-05 -0.50243792612360E-05  0.81816190509176E-03  0.36069002590839E-02  0.25840901220260E-03 -0.68977201727154E-03  0.18393104307686E-01  0.17890707196101E-04  0.23597177297443E-02  0.11617430462560E-03  0.35672686671753E-03 -0.12423793143978E-05 -0.38818048104890E-03 -0.17764236606379E-05 -0.38191156562121E-02  0.88794876633850E-03  0.13801355738429E-03  0.94919596781370E-05  0.52279265567565E-05  0.35594518666944E-05  0.39583815360275E-05  0.45418772780887E-05  0.40320644463088E-04  0.35736535526336E-05  0.21629819859848E-05 -0.19824233888173E-04 -0.11765816718592E-04 -0.16249262545226E-05 -0.59241640163781E-05  0.69114197726528E-05  0.57740269633315E-05
  -0.12223237217886E-01  0.36095816486514E-02  0.30937766574898E+00 -0.23036276819442E-02  0.97722616711171E-02 -0.93489634377945E-02  0.24823897911779E-01 -0.12104848336105E-02 -0.79734202347176E-03  0.40613876262476E-01  0.37271514039884E+00  0.13764015050394E-01  0.90790529692855E-01  0.57298774150950E+00 -0.27800391171656E-02 -0.55005636514549E-01 -0.65998386662493E-03 -0.69521495388183E-03 -0.88360796116199E-04  0.85395720704165E-01 -0.25628336356940E-03 -0.63283624196840E-01  0.23771731966523E-01  0.41099850249934E-03 -0.58567094928974E-03 -0.57141553567523E-03 -0.44157464703827E-03 -0.59476913373702E-03 -0.56885010444408E-03  0.50899864732946E-02  0.20694167837946E-02 -0.68776295834450E-03  0.78772099730291E-03  0.85543204969319E-03 -0.13629839475112E-02 -0.44426091580636E-03 -0.58135878801656E-03 -0.52949586425282E-03
   0.15946446540577E-03  0.12117008477205E-03 -0.23036276819445E-02  0.10938553337193E-02  0.43803375654772E-02 -0.18048019776916E-02  0.19258708401973E-03  0.22299436903910E-04  0.10841472152248E-04 -0.53036048229256E-03 -0.73011319743165E-02  0.84594476097562E-03 -0.62024853723498E-02  0.77611068098861E-01  0.35997711275915E-03  0.84478451962197E-02 -0.10214723110109E-02  0.28419300637296E-02  0.52571523649360E-05  0.26893891463441E-02  0.50480193314228E-04 -0.40241472654478E-02  0.79837840454186E-03  0.24352503443622E-03  0.50540558166359E-04  0.44838249156440E-04  0.32658054235898E-04  0.51480158020870E-04  0.44002019299457E-04  0.47823160980416E-04 -0.29843812687338E-04  0.30336103810789E-04 -0.34782709793994E-04 -0.38534845858473E-04  0.44589865569913E-04 -0.64482552886183E-05  0.54923632202708E-04  0.47087230237858E-04
