# fitpack15: fit parameters                                                                         
# CJ15 AV18 final data choices                                                                      
# Created on 02/14/2019 at 14:45:44                                                                 

 # QCD setup
  INS                           0
  NVL                          11
  IORD                          1
  Q02                   1.6899999999999999     
  IPARAMC                       7
  FLAVOR                4.0000000000000000     
  xmc                   1.3000000000000000     
  xmb                   4.5000000000000000     
  ncb                          12
  ihq                           1
  ias                           0

 # Theory corrections
  inuke                     10814
  itmc                          1
  iht                           1

 # fit parameters
 LAMBDA       0.22680        0.0000    
 a0uv          2.0123        0.0000    
 a1uv         0.57464       0.23021E-01
 a2uv          3.5613       0.11500E-01
 a3uv          0.0000        0.0000    
 a4uv          4.4072       0.59554    
 a5uv          0.0000        0.0000    
 a0dv          24.460        0.0000    
 a1dv          1.1530       0.32565E-01
 a2dv          6.5606       0.15743    
 a3dv         -3.5303       0.84188E-01
 a4dv          4.7258       0.13833    
 a5dv          0.0000        0.0000    
 a0ud         0.14296       0.49947E-02
 a1ud        -0.21012       0.38029E-02
 a2ud          8.3881       0.19046    
 a3ud          0.0000        0.0000    
 a4ud          15.198        1.2408    
 a5ud          0.0000        0.0000    
 a0du          35712.        0.0000    
 a1du          4.0742       0.82462E-01
 a2du          20.279       0.93770    
 a3du          17.000        0.0000    
 a4du          53.274        10.480    
 a0g           46.193        0.0000    
 a1g          0.60554       0.33086E-01
 a2g           6.7886        1.0048    
 a3g          -3.3560       0.15051    
 a4g           3.3637       0.38318    
 a5g           0.0000        0.0000    
 kappa        0.40000        0.0000    
 a6dv        -0.36415E-02   0.67156E-03
 a7dv          2.0000        0.0000    
 off1         -2.9809        1.5369    
 off2         0.58788E-01   0.13338E-01
 ht1          -3.9980       0.35917    
 ht2           2.1626       0.12118    
 ht3          -2.0549       0.22854E-01
 ht4           0.0000        0.0000    
 dummy40       0.0000        0.0000    
 dummy41       0.0000        0.0000    
 dummy42       0.0000        0.0000    
 dummy43       0.0000        0.0000    
 dummy44       0.0000        0.0000    
 dummy45       0.0000        0.0000    
 dummy46       0.0000        0.0000    
 dummy47       0.0000        0.0000    
 dummy48       0.0000        0.0000    
 dummy49       0.0000        0.0000    
 bcdmsh2      0.96885       0.50391E-02
 bcdmsd2      0.98839       0.59789E-02
 ccfr          1.0000        0.0000    
 nutev         1.0000        0.0000    
 zeus         0.97998        0.0000    
 h1            1.0162        0.0000    
 e605          1.0319        0.0000    
 NmcH2         1.0049       0.72353E-02
 ntv_nu        1.0000        0.0000    
 ntv_nubar     1.0000        0.0000    
 cdf_jet      0.98910        0.0000    
 d0_jet       0.83504        0.0000    
 slac_p        1.0012       0.51799E-02
 slac_d       0.99933       0.56333E-02
 e866pp       0.97123       0.20062E-01
 e866pd       0.95890       0.16136E-01
 d0_gamjet     1.0367       0.16459E-01
 h1b          0.97608        0.0000    
 jlab_p       0.99439        0.0000    
 jlab_d       0.97560        0.0000    
 blank         1.0000        0.0000    
 d0run2       0.94413       0.14312E-01
 cdfrun2      0.93179       0.17396E-01
 HERA_el       1.0000        0.0000    
 HERA_ps       1.0000        0.0000    
 CDF_Z        0.95749       0.66745E-02
 NmcRat        1.0000        0.0000    
 BNS_F2nd     0.98150       0.66728E-02
 HERMES_F2p   0.99422       0.58557E-02
 HERMES_F2d   0.97590       0.61018E-02
 END 0. 0.

 # Hessian matrix (Bevington alpha)
   0.43561830698545E+07 -0.10733682833726E+07  0.16813723129415E+06  0.38640144496963E+06 -0.10165487111670E+06 -0.21036751788280E+05  0.46219451284854E+05  0.94067219422401E+06 -0.17932937226626E+06 -0.46932969932553E+05  0.72000905629354E+04  0.15073266650468E+05  0.16840511544624E+04 -0.10854273700080E+03  0.10148273203572E+05 -0.23788136451375E+04  0.98127322654687E+04  0.74817887834551E+04 -0.58183831354079E+07 -0.95772555775804E+03 -0.67908698881479E+06  0.42508296733789E+05  0.13074905949975E+06  0.41390046542773E+06 -0.13181129498359E+06 -0.55897815843043E+05 -0.51366793417988E+04 -0.86674076818688E+06 -0.11227573901093E+07 -0.21071424805859E+05 -0.47786144958894E+05 -0.31792289733157E+04 -0.91334037824219E+04 -0.32173924650225E+04 -0.17860353728982E+05  0.17173983584434E+05 -0.74125284827693E+05 -0.58409249068809E+05
  -0.10733682833726E+07  0.33445475121090E+06 -0.42548168221442E+05 -0.10197659569615E+06  0.26697663455259E+05  0.80255173194429E+04 -0.91222806893237E+04 -0.11609039712095E+06  0.25636093019743E+05  0.65884080518982E+04 -0.83454328887957E+03 -0.11801567782473E+04 -0.13633913576314E+03  0.13029774821755E+02  0.41058713982129E+03  0.23521906491919E+02  0.13647729986320E+03 -0.31539720834024E+01  0.19741372296388E+07  0.41832555373516E+03  0.18921939018387E+06 -0.88113594525890E+04 -0.28586404230929E+05 -0.10695743373647E+06  0.16796271417461E+05  0.82923002145980E+04 -0.20573125194725E+03  0.21115477841708E+06  0.26596674134095E+06  0.57904739296712E+04  0.13303125252211E+05  0.41972538907770E+03  0.24156473550110E+04  0.76352960215059E+03 -0.22109580359157E+04 -0.22667259619355E+04  0.86934464348208E+04  0.72823879506181E+04
   0.16813723129415E+06 -0.42548168221442E+05  0.65481546882036E+04  0.14715058940761E+05 -0.39882407161880E+04 -0.10583522532399E+04  0.17070444987769E+04  0.27179047157377E+05 -0.50734733004955E+04 -0.15910758048039E+04  0.21153197768691E+03  0.41635181241617E+03  0.52981911072365E+02 -0.42298482651137E+01 -0.26471845956927E+03 -0.16313147278493E+02 -0.13543417738178E+03  0.80975818278961E+00 -0.23189018050959E+06 -0.39501007761417E+02 -0.26539606930902E+05  0.16106970295045E+04  0.49231737007064E+04  0.15974345240876E+05 -0.48025462310070E+04 -0.20393719790434E+04  0.23477627944318E+02 -0.32868114315961E+05 -0.42746261531275E+05 -0.83094646356066E+03 -0.18919006444665E+04 -0.10278488555388E+03 -0.35460537656545E+03 -0.12357017533025E+03 -0.57413742694173E+02  0.63023307749665E+03 -0.22758280837235E+04 -0.18357250996551E+04
   0.38640144496963E+06 -0.10197659569615E+06  0.14715058940761E+05  0.37852030493226E+06 -0.57451089676184E+05  0.76975624838685E+05  0.63197072449790E+05  0.35045219761272E+06 -0.26086473534286E+05 -0.17712019359430E+05  0.32076785395978E+04 -0.13831881732514E+04 -0.15086994592497E+03  0.56422846117139E+02  0.31251707605493E+05 -0.38265344838335E+04  0.24326115886516E+05  0.13895789060020E+05 -0.18886388506807E+07 -0.10143335307717E+03 -0.19738499579513E+06  0.14794168652908E+05  0.41436304904771E+05  0.14102235017715E+06 -0.12890300541362E+05 -0.21387528687973E+05 -0.64417581247188E+02 -0.66419591562299E+05 -0.34452861943257E+06 -0.13719668847861E+04 -0.25068973880940E+04 -0.68801348137070E+02 -0.24687848921760E+04 -0.95759590865736E+03 -0.98967569295326E+04 -0.15918838706867E+05 -0.72869746774511E+04 -0.21609428929903E+05
  -0.10165487111670E+06  0.26697663455259E+05 -0.39882407161880E+04 -0.57451089676184E+05  0.10385931665024E+05 -0.79899553225753E+04 -0.89284361769625E+04 -0.31578883813712E+05  0.28118210400286E+03  0.22420374597792E+04 -0.31616862068775E+03 -0.24671216938880E+02  0.49823185771021E+01 -0.50431550764589E+01 -0.26623226523568E+04  0.33505309846049E+03 -0.20045945773701E+04 -0.11679825241498E+04  0.40469063600711E+06  0.41165963545724E+02  0.39966545161126E+05 -0.26918779718354E+04 -0.73986520183986E+04 -0.26881165638245E+05  0.20091231332784E+04  0.33919566415798E+04 -0.58622596439480E+02  0.12021888551696E+05  0.63469777068620E+05  0.32913297978669E+03  0.58073973034346E+03  0.87094546860646E+01  0.47309444387182E+03  0.17442373313655E+03  0.36560792504603E+03  0.25188875813865E+04  0.82362003038818E+03  0.25365369541013E+04
  -0.21036751788280E+05  0.80255173194429E+04 -0.10583522532399E+04  0.76975624838685E+05 -0.79899553225753E+04  0.24749933495964E+05  0.14983081793333E+05  0.10888182518302E+06 -0.99226106504468E+04 -0.46110085108716E+04  0.97700477922602E+03 -0.69919809384638E+03 -0.66651841062011E+02  0.19199508622207E+02  0.95371376297591E+04 -0.11904491163367E+04  0.75403434138696E+04  0.43574052482635E+04 -0.73928449101419E+05  0.53753346589159E+02 -0.15961808330134E+05  0.19875585118311E+04  0.58424173181149E+04  0.15248722229246E+05 -0.28151470768476E+04 -0.43303178772461E+04  0.15571292288189E+03 -0.88549962526044E+04 -0.43728185168832E+05  0.39622587548392E+01 -0.26436912875672E+02 -0.18631516731628E+02 -0.26287118464324E+03 -0.13240414330307E+03 -0.31600786743610E+04 -0.33890457908077E+04 -0.18814330795788E+04 -0.54296055158193E+04
   0.46219451284854E+05 -0.91222806893237E+04  0.17070444987769E+04  0.63197072449790E+05 -0.89284361769625E+04  0.14983081793333E+05  0.11452687357507E+05  0.59459773180102E+05 -0.31555493789086E+04 -0.32208427802411E+04  0.56292752558155E+03 -0.22411731764906E+03 -0.26799363296149E+02  0.10074027614778E+02  0.49146222052721E+04 -0.62453630233485E+03  0.37691234081639E+04  0.22106088628451E+04 -0.21890211056912E+06  0.10171250859599E+02 -0.27538407958282E+05  0.23462605107125E+04  0.65823701556277E+04  0.20631369148571E+05 -0.25039879490788E+04 -0.39344665973197E+04  0.13959783109010E+03 -0.10107738209878E+05 -0.52770892461872E+05 -0.16289083119963E+03 -0.28944247503470E+03 -0.12904179836063E+02 -0.36509044706697E+03 -0.15305818470759E+03 -0.13392411563717E+04 -0.31833352300856E+04 -0.11618589902336E+04 -0.34665987642349E+04
   0.94067219422401E+06 -0.11609039712095E+06  0.27179047157377E+05  0.35045219761272E+06 -0.31578883813712E+05  0.10888182518302E+06  0.59459773180102E+05  0.52287503207871E+07 -0.23696507339070E+07 -0.87062076247948E+05  0.25887875252088E+05  0.25982033196113E+05  0.17407729698914E+04  0.99679202142485E+02  0.85654756877066E+05 -0.10948254254194E+05  0.77631738851592E+05  0.42682952055716E+05 -0.50154172390734E+06  0.41986182198799E+03 -0.91706816270571E+05  0.21961303049207E+05  0.72895953593295E+05  0.16521000021412E+06 -0.62187397496685E+05 -0.49759354842298E+05 -0.69251410274652E+05 -0.29082686011055E+06 -0.57333112926878E+06 -0.73890147450629E+05 -0.16637899638234E+06 -0.13707751304241E+04  0.29257282953211E+03  0.28372928702737E+03 -0.27043786338886E+06 -0.86726809214558E+04 -0.14231741106298E+06 -0.17573221410942E+06
  -0.17932937226626E+06  0.25636093019743E+05 -0.50734733004955E+04 -0.26086473534286E+05  0.28118210400286E+03 -0.99226106504468E+04 -0.31555493789086E+04 -0.23696507339070E+07  0.19229777780463E+07  0.19060149442326E+05 -0.64084468569945E+04 -0.54831909299044E+04 -0.30072360817065E+03 -0.13772834674556E+02  0.49363026683546E+05 -0.23518093955188E+04  0.15312030041978E+05  0.74305693120093E+04 -0.33082257694778E+05 -0.96173388459557E+02  0.10064337575503E+04 -0.43015003375556E+04 -0.15181589803809E+05 -0.31403542225603E+05  0.11457677329046E+05  0.10807288279445E+05  0.24465854663293E+05  0.66436972812043E+05  0.12674319438523E+06  0.23017234680991E+05  0.51928351563703E+05  0.18094426688920E+03 -0.12649607226944E+04 -0.70257957875248E+03  0.11232765562024E+06  0.15619391501727E+04  0.44852116911848E+05  0.54861649627983E+05
  -0.46932969932553E+05  0.65884080518982E+04 -0.15910758048039E+04 -0.17712019359430E+05  0.22420374597792E+04 -0.46110085108716E+04 -0.32208427802411E+04 -0.87062076247948E+05  0.19060149442326E+05  0.26079911050401E+04 -0.61844545637801E+03 -0.65068902142498E+03 -0.57240973768376E+02 -0.18083964077809E+01 -0.39976150598354E+04  0.48902481204634E+03 -0.31452996559070E+04 -0.18087016142046E+04  0.48856957738238E+05 -0.11780141628596E+02  0.81127496261119E+04 -0.98289057579773E+03 -0.30125437488928E+04 -0.76932712717391E+04  0.27411303148206E+04  0.18889875879664E+04  0.73117397325547E+03  0.10967156734148E+05  0.22831709395035E+05  0.15110958886565E+04  0.33385795979151E+04  0.43135674933002E+02  0.12835806720431E+03  0.56915917187697E+02  0.31111003041664E+04  0.43343171009485E+03  0.28181962698490E+04  0.35641148067370E+04
   0.72000905629354E+04 -0.83454328887957E+03  0.21153197768691E+03  0.32076785395978E+04 -0.31616862068775E+03  0.97700477922602E+03  0.56292752558155E+03  0.25887875252088E+05 -0.64084468569945E+04 -0.61844545637801E+03  0.17119297960103E+03  0.18779576222062E+03  0.13617998746468E+02  0.68639179484930E+00  0.12399417285556E+04 -0.13770901897350E+03  0.94485384608271E+03  0.52178248188952E+03 -0.55228762439531E+04  0.29791136055854E+01 -0.89864060328002E+03  0.16266176104774E+03  0.52892730958445E+03  0.12347130879536E+04 -0.47210394824597E+03 -0.35498250865255E+03 -0.33748338783037E+03 -0.20317693126493E+04 -0.40556570631285E+04 -0.42945989315309E+03 -0.96705605108072E+03 -0.10909143406527E+02 -0.13372338281681E+02 -0.62434309297300E+01 -0.11423910373174E+04 -0.65729468959891E+02 -0.82501197941788E+03 -0.10261613235718E+04
   0.15073266650468E+05 -0.11801567782473E+04  0.41635181241617E+03 -0.13831881732514E+04 -0.24671216938880E+02 -0.69919809384638E+03 -0.22411731764906E+03  0.25982033196113E+05 -0.54831909299044E+04 -0.65068902142498E+03  0.18779576222062E+03  0.15585178127417E+04  0.10257092071790E+03 -0.10796654624362E+01  0.13822290932319E+04 -0.19260385705001E+03  0.13163174320499E+04  0.77272840155560E+03 -0.59057663290011E+04 -0.47999888923469E+01 -0.42914348360595E+03 -0.12321829055346E+02  0.10894665959934E+03 -0.60252256195926E+03 -0.10945303669441E+04  0.49178789304904E-10 -0.69370241009300E+03 -0.48975752446910E+04  0.60945812022539E-09 -0.22797757561853E+04 -0.67864402866244E+02 -0.76918982800944E+02 -0.16788794780366E+01 -0.71966837625534E+00  0.28303336335107E+03  0.29791481350253E+03 -0.26636935618647E+04  0.67140345858996E-10
   0.16840511544624E+04 -0.13633913576314E+03  0.52981911072365E+02 -0.15086994592497E+03  0.49823185771021E+01 -0.66651841062011E+02 -0.26799363296149E+02  0.17407729698914E+04 -0.30072360817065E+03 -0.57240973768376E+02  0.13617998746468E+02  0.10257092071790E+03  0.92036177622657E+01 -0.16825783855156E+00  0.76421875202205E+02 -0.12784386638126E+02  0.77005364046267E+02  0.49364826677512E+02 -0.27770580815662E+03 -0.41233829458903E+00  0.16430514177086E+02  0.18846225459436E+00  0.15561130635993E+02 -0.62990997982573E+02 -0.16058270310007E+03 -0.26723513432988E-11 -0.26963243661649E+02 -0.57252532482347E+03  0.65564380804170E-10 -0.14239183593297E+03 -0.17793482849253E+02 -0.61938798503642E+01 -0.17609399798533E+00 -0.68414394476228E-01  0.28018913266838E+02  0.66534913670981E+02 -0.19136412199820E+03  0.73383412790992E-12
  -0.10854273700080E+03  0.13029774821755E+02 -0.42298482651137E+01  0.56422846117139E+02 -0.50431550764589E+01  0.19199508622207E+02  0.10074027614778E+02  0.99679202142485E+02 -0.13772834674556E+02 -0.18083964077809E+01  0.68639179484930E+00 -0.10796654624362E+01 -0.16825783855156E+00  0.51399364157554E-01  0.14565992797331E+02 -0.11341123351150E+01  0.86269555357706E+01  0.41217407233029E+01 -0.80105839353178E+02  0.27452565848177E-01 -0.15561557425210E+02  0.44697775287068E+00  0.11212542776438E+01  0.53025611440297E+01  0.70626316816702E-01 -0.25277723947354E-14 -0.61579413624852E+01 -0.80833328592416E+00  0.33514873942908E-11 -0.33407340787381E+01 -0.16797509419004E-04 -0.14151781932886E+00 -0.17015369992100E-02 -0.93236248301020E-03 -0.16332245340608E+01  0.47675198377491E-04 -0.32330294282536E+01  0.10698120789143E-11
   0.10148273203572E+05  0.41058713982129E+03 -0.26471845956927E+03  0.31251707605493E+05 -0.26623226523568E+04  0.95371376297591E+04  0.49146222052721E+04  0.85654756877066E+05  0.49363026683546E+05 -0.39976150598354E+04  0.12399417285556E+04  0.13822290932319E+04  0.76421875202205E+02  0.14565992797331E+02  0.49765576455016E+05 -0.46419291490473E+04  0.32594574455271E+05  0.17215692860082E+05 -0.56293350548191E+05  0.13821733787748E+01  0.26122169336952E+04 -0.16298084103210E+03 -0.51037808771555E+03 -0.75981038290957E+03 -0.27189867783221E+04 -0.17825574929577E+04 -0.25014266325434E+04  0.20303841844841E+04  0.43860601531448E+04 -0.15095653287271E+04 -0.29975122512924E+04 -0.72894229095120E+03 -0.28791318406326E+04 -0.15280197234939E+04 -0.23956276642537E+04  0.19705668936902E+03 -0.91344324765935E+03 -0.10291380769953E+04
  -0.23788136451375E+04  0.23521906491919E+02 -0.16313147278493E+02 -0.38265344838335E+04  0.33505309846049E+03 -0.11904491163367E+04 -0.62453630233485E+03 -0.10948254254194E+05 -0.23518093955188E+04  0.48902481204634E+03 -0.13770901897350E+03 -0.19260385705001E+03 -0.12784386638126E+02 -0.11341123351150E+01 -0.46419291490473E+04  0.50260050652249E+03 -0.34345136812994E+04 -0.18900170174268E+04  0.69827998411395E+04 -0.68614966303601E+00 -0.36625840620880E+03  0.16399545049856E+02  0.43280254176791E+02  0.43251188440444E+02  0.49904455164971E+03  0.31261777438735E+03  0.28878084680519E+03 -0.16922384442082E+03 -0.50505208749876E+03  0.15647967361410E+03  0.30957154969351E+03  0.80658014729358E+02  0.43585132865808E+03  0.21572779803660E+03 -0.30072068238383E+03 -0.35416052738196E+02  0.25186942871895E+03  0.28248641721958E+03
   0.98127322654687E+04  0.13647729986320E+03 -0.13543417738178E+03  0.24326115886516E+05 -0.20045945773701E+04  0.75403434138696E+04  0.37691234081639E+04  0.77631738851592E+05  0.15312030041978E+05 -0.31452996559070E+04  0.94485384608271E+03  0.13163174320499E+04  0.77005364046267E+02  0.86269555357706E+01  0.32594574455271E+05 -0.34345136812994E+04  0.23980838979907E+05  0.13017269340806E+05 -0.42871884507602E+05  0.19441148079604E-01  0.25172228370465E+04 -0.17878244643890E+03 -0.55527664159618E+03 -0.89072156007424E+03 -0.22636245041672E+04 -0.14723637593390E+04 -0.22977906883551E+04  0.19678206970386E+04  0.40811555172061E+04 -0.11622424010992E+04 -0.23140029464618E+04 -0.55183884269060E+03 -0.22935015322249E+04 -0.12407019980197E+04  0.92479225318702E+03  0.19195748829250E+03 -0.14081896777960E+04 -0.15674807626147E+04
   0.74817887834551E+04 -0.31539720834024E+01  0.80975818278961E+00  0.13895789060020E+05 -0.11679825241498E+04  0.43574052482635E+04  0.22106088628451E+04  0.42682952055716E+05  0.74305693120093E+04 -0.18087016142046E+04  0.52178248188952E+03  0.77272840155560E+03  0.49364826677512E+02  0.41217407233029E+01  0.17215692860082E+05 -0.18900170174268E+04  0.13017269340806E+05  0.71708764407620E+04 -0.24839886213137E+05  0.11314163874979E+01  0.15276286738930E+04 -0.96279910142917E+02 -0.27913642657239E+03 -0.40896681125905E+03 -0.16414110290645E+04 -0.10343831325474E+04 -0.11733220545057E+04  0.93915394858891E+03  0.22759392430443E+04 -0.59722431244337E+03 -0.11899914828561E+04 -0.30849020844372E+03 -0.15078067854435E+04 -0.78192566725909E+03  0.12036078497869E+04  0.14019350715580E+03 -0.10189231061502E+04 -0.11345283480856E+04
  -0.58183831354079E+07  0.19741372296388E+07 -0.23189018050959E+06 -0.18886388506807E+07  0.40469063600711E+06 -0.73928449101419E+05 -0.21890211056912E+06 -0.50154172390734E+06 -0.33082257694778E+05  0.48856957738238E+05 -0.55228762439531E+04 -0.59057663290011E+04 -0.27770580815662E+03 -0.80105839353178E+02 -0.56293350548191E+05  0.69827998411395E+04 -0.42871884507602E+05 -0.24839886213137E+05  0.26784415167016E+08  0.47814817704289E+04  0.20749169400693E+07 -0.10869311715250E+06 -0.31523187056103E+06 -0.13159524575741E+07  0.33597971032792E+05  0.74775235950283E+05 -0.12343695254123E+04  0.55899587089791E+06  0.27271643215864E+07  0.16882105780427E+05  0.31067161426562E+05  0.19619050663624E+03  0.23789007009352E+05  0.74712511108772E+04 -0.17907651747983E+05  0.43877616365127E+05  0.20291479362168E+05  0.62690617492452E+05
  -0.95772555775804E+03  0.41832555373516E+03 -0.39501007761417E+02 -0.10143335307717E+03  0.41165963545724E+02  0.53753346589159E+02  0.10171250859599E+02  0.41986182198799E+03 -0.96173388459557E+02 -0.11780141628596E+02  0.29791136055854E+01 -0.47999888923469E+01 -0.41233829458903E+00  0.27452565848177E-01  0.13821733787748E+01 -0.68614966303601E+00  0.19441148079604E-01  0.11314163874979E+01  0.47814817704289E+04  0.18981947466769E+01  0.39102018700772E+03 -0.12710882492001E+02 -0.36890091613041E+02 -0.21361047477099E+03  0.00000000000000E+00 -0.28769098560684E+02  0.00000000000000E+00  0.00000000000000E+00  0.35594204381605E+03  0.00000000000000E+00 -0.70543716605228E+01  0.00000000000000E+00  0.00000000000000E+00  0.00000000000000E+00  0.00000000000000E+00  0.14050696579254E+02  0.00000000000000E+00 -0.29924776899875E+02
  -0.67908698881479E+06  0.18921939018387E+06 -0.26539606930902E+05 -0.19738499579513E+06  0.39966545161126E+05 -0.15961808330134E+05 -0.27538407958282E+05 -0.91706816270571E+05  0.10064337575503E+04  0.81127496261119E+04 -0.89864060328002E+03 -0.42914348360595E+03  0.16430514177086E+02 -0.15561557425210E+02  0.26122169336952E+04 -0.36625840620880E+03  0.25172228370465E+04  0.15276286738930E+04  0.20749169400693E+07  0.39102018700772E+03  0.32152668298773E+06 -0.20369512526946E+05 -0.55932550271995E+05 -0.22018674315416E+06  0.00000000000000E+00  0.17948238874175E+05  0.00000000000000E+00  0.00000000000000E+00  0.43558423188202E+06  0.00000000000000E+00 -0.42121035773552E+04  0.00000000000000E+00  0.00000000000000E+00  0.00000000000000E+00  0.00000000000000E+00 -0.15488871765338E+05  0.00000000000000E+00  0.14931944265026E+05
   0.42508296733789E+05 -0.88113594525890E+04  0.16106970295045E+04  0.14794168652908E+05 -0.26918779718354E+04  0.19875585118311E+04  0.23462605107125E+04  0.21961303049207E+05 -0.43015003375556E+04 -0.98289057579773E+03  0.16266176104774E+03 -0.12321829055346E+02  0.18846225459436E+00  0.44697775287068E+00 -0.16298084103210E+03  0.16399545049856E+02 -0.17878244643890E+03 -0.96279910142917E+02 -0.10869311715250E+06 -0.12710882492001E+02 -0.20369512526946E+05  0.16127048340274E+04  0.43988059264455E+04  0.15757777428117E+05 -0.42451639021084E+02 -0.16784944496749E+04  0.48052725585046E+01  0.78577628038661E+03 -0.33089783899345E+05  0.00000000000000E+00 -0.12162450971913E+03  0.00000000000000E+00  0.00000000000000E+00  0.00000000000000E+00  0.00000000000000E+00  0.12024577833657E+04 -0.26524746299626E+03 -0.21795704178592E+04
   0.13074905949975E+06 -0.28586404230929E+05  0.49231737007064E+04  0.41436304904771E+05 -0.73986520183986E+04  0.58424173181149E+04  0.65823701556277E+04  0.72895953593295E+05 -0.15181589803809E+05 -0.30125437488928E+04  0.52892730958445E+03  0.10894665959934E+03  0.15561130635993E+02  0.11212542776438E+01 -0.51037808771555E+03  0.43280254176791E+02 -0.55527664159618E+03 -0.27913642657239E+03 -0.31523187056103E+06 -0.36890091613041E+02 -0.55932550271995E+05  0.43988059264455E+04  0.12361617569127E+05  0.42817077784243E+05 -0.15526351893215E+03 -0.42300087861437E+04 -0.89879101262602E+01 -0.54398535143514E+04 -0.93565850213679E+05  0.00000000000000E+00 -0.30354345683809E+03  0.00000000000000E+00  0.00000000000000E+00  0.00000000000000E+00  0.00000000000000E+00  0.30152794321114E+04 -0.17345464903959E+04 -0.65502221245602E+04
   0.41390046542773E+06 -0.10695743373647E+06  0.15974345240876E+05  0.14102235017715E+06 -0.26881165638245E+05  0.15248722229246E+05  0.20631369148571E+05  0.16521000021412E+06 -0.31403542225603E+05 -0.76932712717391E+04  0.12347130879536E+04 -0.60252256195926E+03 -0.62990997982573E+02  0.53025611440297E+01 -0.75981038290957E+03  0.43251188440444E+02 -0.89072156007424E+03 -0.40896681125905E+03 -0.13159524575741E+07 -0.21361047477099E+03 -0.22018674315416E+06  0.15757777428117E+05  0.42817077784243E+05  0.16877431463699E+06  0.24588998992584E+03 -0.19209430156755E+05 -0.38818093954426E+01  0.39731415424683E+05 -0.32617844407693E+06  0.00000000000000E+00 -0.14212972849758E+04  0.00000000000000E+00  0.00000000000000E+00  0.00000000000000E+00  0.00000000000000E+00  0.14234368579735E+05  0.15426035211276E+04 -0.20631806359688E+05
  -0.13181129498359E+06  0.16796271417461E+05 -0.48025462310070E+04 -0.12890300541362E+05  0.20091231332784E+04 -0.28151470768476E+04 -0.25039879490788E+04 -0.62187397496685E+05  0.11457677329046E+05  0.27411303148206E+04 -0.47210394824597E+03 -0.10945303669441E+04 -0.16058270310007E+03  0.70626316816702E-01 -0.27189867783221E+04  0.49904455164971E+03 -0.22636245041672E+04 -0.16414110290645E+04  0.33597971032792E+05  0.00000000000000E+00  0.00000000000000E+00 -0.42451639021084E+02 -0.15526351893215E+03  0.24588998992584E+03  0.11721417632721E+06  0.00000000000000E+00  0.00000000000000E+00  0.00000000000000E+00  0.00000000000000E+00  0.00000000000000E+00  0.00000000000000E+00  0.00000000000000E+00  0.00000000000000E+00  0.00000000000000E+00  0.00000000000000E+00  0.00000000000000E+00  0.00000000000000E+00  0.00000000000000E+00
  -0.55897815843043E+05  0.82923002145980E+04 -0.20393719790434E+04 -0.21387528687973E+05  0.33919566415798E+04 -0.43303178772461E+04 -0.39344665973197E+04 -0.49759354842298E+05  0.10807288279445E+05  0.18889875879664E+04 -0.35498250865255E+03  0.49178789304904E-10 -0.26723513432988E-11 -0.25277723947354E-14 -0.17825574929577E+04  0.31261777438735E+03 -0.14723637593390E+04 -0.10343831325474E+04  0.74775235950283E+05 -0.28769098560684E+02  0.17948238874175E+05 -0.16784944496749E+04 -0.42300087861437E+04 -0.19209430156755E+05  0.00000000000000E+00  0.65131093393713E+05  0.00000000000000E+00  0.00000000000000E+00  0.00000000000000E+00  0.00000000000000E+00  0.00000000000000E+00  0.00000000000000E+00  0.00000000000000E+00  0.00000000000000E+00  0.00000000000000E+00  0.00000000000000E+00  0.00000000000000E+00  0.00000000000000E+00
  -0.51366793417988E+04 -0.20573125194725E+03  0.23477627944318E+02 -0.64417581247188E+02 -0.58622596439480E+02  0.15571292288189E+03  0.13959783109010E+03 -0.69251410274652E+05  0.24465854663293E+05  0.73117397325547E+03 -0.33748338783037E+03 -0.69370241009300E+03 -0.26963243661649E+02 -0.61579413624852E+01 -0.25014266325434E+04  0.28878084680519E+03 -0.22977906883551E+04 -0.11733220545057E+04 -0.12343695254123E+04  0.00000000000000E+00  0.00000000000000E+00  0.48052725585046E+01 -0.89879101262602E+01 -0.38818093954426E+01  0.00000000000000E+00  0.00000000000000E+00  0.30872248280943E+05  0.00000000000000E+00  0.00000000000000E+00  0.00000000000000E+00  0.00000000000000E+00  0.00000000000000E+00  0.00000000000000E+00  0.00000000000000E+00  0.00000000000000E+00  0.00000000000000E+00  0.00000000000000E+00  0.00000000000000E+00
  -0.86674076818688E+06  0.21115477841708E+06 -0.32868114315961E+05 -0.66419591562299E+05  0.12021888551696E+05 -0.88549962526044E+04 -0.10107738209878E+05 -0.29082686011055E+06  0.66436972812043E+05  0.10967156734148E+05 -0.20317693126493E+04 -0.48975752446910E+04 -0.57252532482347E+03 -0.80833328592416E+00  0.20303841844841E+04 -0.16922384442082E+03  0.19678206970386E+04  0.93915394858891E+03  0.55899587089791E+06  0.00000000000000E+00  0.00000000000000E+00  0.78577628038661E+03 -0.54398535143514E+04  0.39731415424683E+05  0.00000000000000E+00  0.00000000000000E+00  0.00000000000000E+00  0.58154525871333E+06  0.00000000000000E+00  0.00000000000000E+00  0.00000000000000E+00  0.00000000000000E+00  0.00000000000000E+00  0.00000000000000E+00  0.00000000000000E+00  0.00000000000000E+00  0.00000000000000E+00  0.00000000000000E+00
  -0.11227573901093E+07  0.26596674134095E+06 -0.42746261531275E+05 -0.34452861943257E+06  0.63469777068620E+05 -0.43728185168832E+05 -0.52770892461872E+05 -0.57333112926878E+06  0.12674319438523E+06  0.22831709395035E+05 -0.40556570631285E+04  0.60945812022539E-09  0.65564380804170E-10  0.33514873942908E-11  0.43860601531448E+04 -0.50505208749876E+03  0.40811555172061E+04  0.22759392430443E+04  0.27271643215864E+07  0.35594204381605E+03  0.43558423188202E+06 -0.33089783899345E+05 -0.93565850213679E+05 -0.32617844407693E+06  0.00000000000000E+00  0.00000000000000E+00  0.00000000000000E+00  0.00000000000000E+00  0.92542894976506E+06  0.00000000000000E+00  0.00000000000000E+00  0.00000000000000E+00  0.00000000000000E+00  0.00000000000000E+00  0.00000000000000E+00  0.00000000000000E+00  0.00000000000000E+00  0.00000000000000E+00
  -0.21071424805859E+05  0.57904739296712E+04 -0.83094646356066E+03 -0.13719668847861E+04  0.32913297978669E+03  0.39622587548392E+01 -0.16289083119963E+03 -0.73890147450629E+05  0.23017234680991E+05  0.15110958886565E+04 -0.42945989315309E+03 -0.22797757561853E+04 -0.14239183593297E+03 -0.33407340787381E+01 -0.15095653287271E+04  0.15647967361410E+03 -0.11622424010992E+04 -0.59722431244337E+03  0.16882105780427E+05  0.00000000000000E+00  0.00000000000000E+00  0.00000000000000E+00  0.00000000000000E+00  0.00000000000000E+00  0.00000000000000E+00  0.00000000000000E+00  0.00000000000000E+00  0.00000000000000E+00  0.00000000000000E+00  0.14597994447396E+05  0.00000000000000E+00  0.00000000000000E+00  0.00000000000000E+00  0.00000000000000E+00  0.00000000000000E+00  0.00000000000000E+00  0.00000000000000E+00  0.00000000000000E+00
  -0.47786144958894E+05  0.13303125252211E+05 -0.18919006444665E+04 -0.25068973880940E+04  0.58073973034346E+03 -0.26436912875672E+02 -0.28944247503470E+03 -0.16637899638234E+06  0.51928351563703E+05  0.33385795979151E+04 -0.96705605108072E+03 -0.67864402866244E+02 -0.17793482849253E+02 -0.16797509419004E-04 -0.29975122512924E+04  0.30957154969351E+03 -0.23140029464618E+04 -0.11899914828561E+04  0.31067161426562E+05 -0.70543716605228E+01 -0.42121035773552E+04 -0.12162450971913E+03 -0.30354345683809E+03 -0.14212972849758E+04  0.00000000000000E+00  0.00000000000000E+00  0.00000000000000E+00  0.00000000000000E+00  0.00000000000000E+00  0.00000000000000E+00  0.32090963499312E+05  0.00000000000000E+00  0.00000000000000E+00  0.00000000000000E+00  0.00000000000000E+00  0.00000000000000E+00  0.00000000000000E+00  0.00000000000000E+00
  -0.31792289733157E+04  0.41972538907770E+03 -0.10278488555388E+03 -0.68801348137070E+02  0.87094546860646E+01 -0.18631516731628E+02 -0.12904179836063E+02 -0.13707751304241E+04  0.18094426688920E+03  0.43135674933002E+02 -0.10909143406527E+02 -0.76918982800944E+02 -0.61938798503642E+01 -0.14151781932886E+00 -0.72894229095120E+03  0.80658014729358E+02 -0.55183884269060E+03 -0.30849020844372E+03  0.19619050663624E+03  0.00000000000000E+00  0.00000000000000E+00  0.00000000000000E+00  0.00000000000000E+00  0.00000000000000E+00  0.00000000000000E+00  0.00000000000000E+00  0.00000000000000E+00  0.00000000000000E+00  0.00000000000000E+00  0.00000000000000E+00  0.00000000000000E+00  0.37965154194980E+04  0.00000000000000E+00  0.00000000000000E+00  0.00000000000000E+00  0.00000000000000E+00  0.00000000000000E+00  0.00000000000000E+00
  -0.91334037824219E+04  0.24156473550110E+04 -0.35460537656545E+03 -0.24687848921760E+04  0.47309444387182E+03 -0.26287118464324E+03 -0.36509044706697E+03  0.29257282953211E+03 -0.12649607226944E+04  0.12835806720431E+03 -0.13372338281681E+02 -0.16788794780366E+01 -0.17609399798533E+00 -0.17015369992100E-02 -0.28791318406326E+04  0.43585132865808E+03 -0.22935015322249E+04 -0.15078067854435E+04  0.23789007009352E+05  0.00000000000000E+00  0.00000000000000E+00  0.00000000000000E+00  0.00000000000000E+00  0.00000000000000E+00  0.00000000000000E+00  0.00000000000000E+00  0.00000000000000E+00  0.00000000000000E+00  0.00000000000000E+00  0.00000000000000E+00  0.00000000000000E+00  0.00000000000000E+00  0.82626007322632E+04  0.00000000000000E+00  0.00000000000000E+00  0.00000000000000E+00  0.00000000000000E+00  0.00000000000000E+00
  -0.32173924650225E+04  0.76352960215059E+03 -0.12357017533025E+03 -0.95759590865736E+03  0.17442373313655E+03 -0.13240414330307E+03 -0.15305818470759E+03  0.28372928702737E+03 -0.70257957875248E+03  0.56915917187697E+02 -0.62434309297300E+01 -0.71966837625534E+00 -0.68414394476228E-01 -0.93236248301020E-03 -0.15280197234939E+04  0.21572779803660E+03 -0.12407019980197E+04 -0.78192566725909E+03  0.74712511108772E+04  0.00000000000000E+00  0.00000000000000E+00  0.00000000000000E+00  0.00000000000000E+00  0.00000000000000E+00  0.00000000000000E+00  0.00000000000000E+00  0.00000000000000E+00  0.00000000000000E+00  0.00000000000000E+00  0.00000000000000E+00  0.00000000000000E+00  0.00000000000000E+00  0.00000000000000E+00  0.42231372105172E+04  0.00000000000000E+00  0.00000000000000E+00  0.00000000000000E+00  0.00000000000000E+00
  -0.17860353728982E+05 -0.22109580359157E+04 -0.57413742694173E+02 -0.98967569295326E+04  0.36560792504603E+03 -0.31600786743610E+04 -0.13392411563717E+04 -0.27043786338886E+06  0.11232765562024E+06  0.31111003041664E+04 -0.11423910373174E+04  0.28303336335107E+03  0.28018913266838E+02 -0.16332245340608E+01 -0.23956276642537E+04 -0.30072068238383E+03  0.92479225318702E+03  0.12036078497869E+04 -0.17907651747983E+05  0.00000000000000E+00  0.00000000000000E+00  0.00000000000000E+00  0.00000000000000E+00  0.00000000000000E+00  0.00000000000000E+00  0.00000000000000E+00  0.00000000000000E+00  0.00000000000000E+00  0.00000000000000E+00  0.00000000000000E+00  0.00000000000000E+00  0.00000000000000E+00  0.00000000000000E+00  0.00000000000000E+00  0.12590010643015E+06  0.00000000000000E+00  0.00000000000000E+00  0.00000000000000E+00
   0.17173983584434E+05 -0.22667259619355E+04  0.63023307749665E+03 -0.15918838706867E+05  0.25188875813865E+04 -0.33890457908077E+04 -0.31833352300856E+04 -0.86726809214558E+04  0.15619391501727E+04  0.43343171009485E+03 -0.65729468959891E+02  0.29791481350253E+03  0.66534913670981E+02  0.47675198377491E-04  0.19705668936902E+03 -0.35416052738196E+02  0.19195748829250E+03  0.14019350715580E+03  0.43877616365127E+05  0.14050696579254E+02 -0.15488871765338E+05  0.12024577833657E+04  0.30152794321114E+04  0.14234368579735E+05  0.00000000000000E+00  0.00000000000000E+00  0.00000000000000E+00  0.00000000000000E+00  0.00000000000000E+00  0.00000000000000E+00  0.00000000000000E+00  0.00000000000000E+00  0.00000000000000E+00  0.00000000000000E+00  0.00000000000000E+00  0.39422520104507E+05  0.00000000000000E+00  0.00000000000000E+00
  -0.74125284827693E+05  0.86934464348208E+04 -0.22758280837235E+04 -0.72869746774511E+04  0.82362003038818E+03 -0.18814330795788E+04 -0.11618589902336E+04 -0.14231741106298E+06  0.44852116911848E+05  0.28181962698490E+04 -0.82501197941788E+03 -0.26636935618647E+04 -0.19136412199820E+03 -0.32330294282536E+01 -0.91344324765935E+03  0.25186942871895E+03 -0.14081896777960E+04 -0.10189231061502E+04  0.20291479362168E+05  0.00000000000000E+00  0.00000000000000E+00 -0.26524746299626E+03 -0.17345464903959E+04  0.15426035211276E+04  0.00000000000000E+00  0.00000000000000E+00  0.00000000000000E+00  0.00000000000000E+00  0.00000000000000E+00  0.00000000000000E+00  0.00000000000000E+00  0.00000000000000E+00  0.00000000000000E+00  0.00000000000000E+00  0.00000000000000E+00  0.00000000000000E+00  0.95658311111821E+05  0.00000000000000E+00
  -0.58409249068809E+05  0.72823879506181E+04 -0.18357250996551E+04 -0.21609428929903E+05  0.25365369541013E+04 -0.54296055158193E+04 -0.34665987642349E+04 -0.17573221410942E+06  0.54861649627983E+05  0.35641148067370E+04 -0.10261613235718E+04  0.67140345858996E-10  0.73383412790992E-12  0.10698120789143E-11 -0.10291380769953E+04  0.28248641721958E+03 -0.15674807626147E+04 -0.11345283480856E+04  0.62690617492452E+05 -0.29924776899875E+02  0.14931944265026E+05 -0.21795704178592E+04 -0.65502221245602E+04 -0.20631806359688E+05  0.00000000000000E+00  0.00000000000000E+00  0.00000000000000E+00  0.00000000000000E+00  0.00000000000000E+00  0.00000000000000E+00  0.00000000000000E+00  0.00000000000000E+00  0.00000000000000E+00  0.00000000000000E+00  0.00000000000000E+00  0.00000000000000E+00  0.00000000000000E+00  0.10044722258203E+06

 # Covariance matrix (Bevington epsilon)
   0.52996197802169E-03 -0.79007884253450E-04 -0.13477395024294E-01  0.15320495742960E-03 -0.13065211338150E-03  0.31159801508827E-03 -0.94802987690876E-03  0.52541076610533E-04  0.34396258407521E-04 -0.14318886894238E-02 -0.15115960952885E-01 -0.55685568010515E-03 -0.38126108580488E-02 -0.22346725066816E-01  0.13709772262747E-03  0.38271412534995E-02  0.10495287972106E-03  0.16910715907158E-03  0.34840333042361E-05 -0.37607625033209E-02  0.21864453623065E-04  0.10303287267428E-02 -0.64108188909371E-03  0.50046552228491E-04  0.37807353215354E-04  0.35458708853866E-04  0.29003903544076E-04  0.39203913863149E-04  0.37835564432901E-04 -0.19380255502937E-03 -0.71244865131377E-04  0.34692276428259E-04 -0.51375055005963E-04 -0.51704080819718E-04  0.69871205589371E-04  0.19098909342914E-04  0.38845583200146E-04  0.35966923590165E-04
  -0.79007884253446E-04  0.13225617322618E-03  0.30177700716339E-02  0.11290651463663E-03  0.63914089851550E-03 -0.20142845190115E-03  0.21203762320631E-03 -0.53203775396868E-05 -0.40769169703341E-05  0.76632487992454E-03  0.32502797583673E-02  0.22214572559070E-03 -0.42721800431074E-03  0.17831667518366E-01  0.21035287890551E-04  0.17654273263621E-02  0.41633459490258E-04  0.31662152557151E-03 -0.14671583018718E-05 -0.79499662325680E-04  0.19194059783387E-05 -0.24439783861135E-02  0.53854948426318E-03  0.10137420083973E-03  0.94695849171819E-05  0.62374261098941E-05  0.46140221291631E-05  0.38820620297331E-05  0.50463417796093E-05  0.35509833733844E-04  0.35568464946378E-05  0.29913443627071E-05 -0.15664195578007E-04 -0.10158872541110E-04  0.37714523116743E-06 -0.73153784527694E-05  0.68539598734581E-05  0.61256504420219E-05
  -0.13477395024294E-01  0.30177700716340E-02  0.35467243492800E+00 -0.23588364711630E-02  0.99533006675995E-02 -0.96672021249615E-02  0.25166688518035E-01 -0.13009820446406E-02 -0.86348881315099E-03  0.42848326655378E-01  0.41051150794065E+00  0.15802803639485E-01  0.98624110524275E-01  0.80162580716640E+00 -0.29539249379107E-02 -0.68625547791907E-01 -0.12765636065874E-02 -0.25281758706094E-02 -0.93703042050619E-04  0.92236574768207E-01 -0.38170276892622E-03 -0.42946702488877E-01  0.19263906766266E-01 -0.25962669304743E-03 -0.65228418254195E-03 -0.61613122470199E-03 -0.48325306270408E-03 -0.67166653171563E-03 -0.63493970160611E-03  0.57397334099590E-02  0.23665264855874E-02 -0.76517292324066E-03  0.93399815565026E-03  0.96457891982251E-03 -0.14915108019814E-02 -0.51703224637214E-03 -0.65668019307487E-03 -0.58988383475835E-03
   0.15320495742959E-03  0.11290651463663E-03 -0.23588364711629E-02  0.10604943916884E-02  0.42525934948580E-02 -0.17519421892392E-02  0.15933235545566E-03  0.20704480470706E-04  0.99394823984728E-05 -0.47876356445945E-03 -0.67897274923779E-02  0.83736279727709E-03 -0.59388644398737E-02  0.72308226736601E-01  0.35129899772556E-03  0.76353467978145E-02 -0.10713244672089E-02  0.27488456220307E-02  0.41003520192632E-05  0.30402281618583E-02  0.74134593784709E-04 -0.30194920785793E-02  0.54803282290932E-03  0.21381060757631E-03  0.49473493690444E-04  0.43663250849755E-04  0.32772907155443E-04  0.49998320065003E-04  0.42567120587724E-04  0.53361560328181E-04 -0.23435196183966E-04  0.28923141466645E-04 -0.30826632839024E-04 -0.36263232571482E-04  0.44677202145959E-04 -0.49678897101776E-05  0.53561659392381E-04  0.45685223522919E-04
