# fitpack15: fit parameters                                                                         
# CJ15 AV18 final data choices                                                                      
# Created on 02/21/2020 at 17:28:06                                                                 

 # QCD setup
  INS                           0
  NVL                          11
  IORD                          1
  Q02                   1.6899999999999999     
  IPARAMC                      -7
  FLAVOR                5.0000000000000000     
  xmc                   1.3000000000000000     
  xmb                   4.5000000000000000     
  ncb                          12
  ihq                           1
  ias                           0

 # Theory corrections
  inuke                     10114
  itmc                          1
  iht                           1

 # fit parameters
 LAMBDA       0.22680        0.0000    
 a0uv          1.7087        0.0000    
 a1uv         0.54039       0.26245E-01
 a2uv          3.5699       0.10637E-01
 a3uv          0.0000        0.0000    
 a4uv          5.4426       0.80753    
 a5uv          0.0000        0.0000    
 a0dv          17.248        0.0000    
 a1dv          1.0639       0.34308E-01
 a2dv          6.4495       0.16660    
 a3dv         -3.5338       0.99254E-01
 a4dv          5.0942       0.16271    
 a5dv          0.0000        0.0000    
 a0ud         0.13464       0.56734E-02
 a1ud        -0.21482       0.40906E-02
 a2ud          8.7016       0.17560    
 a3ud          0.0000        0.0000    
 a4ud          17.863        1.3174    
 a5ud          0.0000        0.0000    
 a0du          35712.        0.0000    
 a1du          4.0308       0.86192E-01
 a2du          21.830        1.0334    
 a3du          17.000        0.0000    
 a4du          53.232        8.7421    
 a0g           41.836        0.0000    
 a1g          0.58411       0.33943E-01
 a2g           6.6537        1.1021    
 a3g          -3.2651       0.18866    
 a4g           3.2094       0.43070    
 a5g           0.0000        0.0000    
 kappa        0.40000        0.0000    
 a6dv         0.53503E-02   0.96837E-03
 a7dv          2.0000        0.0000    
 off1         0.54601       0.27089    
 off2          10.100       0.38682E+06
 off3         -1.9333      -0.47278E+06
 ht1          -4.0462       0.33978    
 ht2           2.0403       0.15099    
 ht3          -2.0363       0.48744E-01
 ht4          0.20312E-01   0.19083E-01
 dummy41       0.0000        0.0000    
 dummy42       0.0000        0.0000    
 dummy43       0.0000        0.0000    
 dummy44       0.0000        0.0000    
 dummy45       0.0000        0.0000    
 dummy46       0.0000        0.0000    
 dummy47       0.0000        0.0000    
 dummy48       0.0000        0.0000    
 dummy49       0.0000        0.0000    
 bcdmsh2      0.96818       0.50233E-02
 bcdmsd2      0.98576       0.57997E-02
 ccfr          1.0000        0.0000    
 nutev         1.0000        0.0000    
 zeus         0.97998        0.0000    
 h1            1.0162        0.0000    
 e605          1.0319        0.0000    
 NmcH2         1.0048       0.72374E-02
 ntv_nu        1.0000        0.0000    
 ntv_nuba      1.0000        0.0000    
 cdf_jet      0.98910        0.0000    
 d0_jet       0.83504        0.0000    
 slac_p        1.0030       0.52781E-02
 slac_d       0.99644       0.55204E-02
 e866pp       0.98666       0.21443E-01
 e866pd       0.96844       0.16555E-01
 d0_gamje      1.0352       0.16438E-01
 h1b          0.97608        0.0000    
 blank         1.0000        0.0000    
 d0run2       0.94087       0.15776E-01
 cdfrun2      0.92927       0.18219E-01
 HERA_el       1.0000        0.0000    
 HERA_ps       1.0000        0.0000    
 CDF_Z        0.94353       0.66027E-02
 NmcRat        1.0000        0.0000    
 HERMES_F     0.99446       0.60107E-02
 HERMES_F     0.97402       0.61232E-02
 BNS_F2nd     0.97713       0.54447E-02
 END 0. 0.

 # Hessian matrix (Bevington alpha)
   0.10919549425281E+08  0.12960587352027E+08  0.57854740341399E+06  0.66407359626833E+07  0.11930437419222E+07  0.24781454224880E+07  0.15026047077544E+07  0.46443369338200E+08  0.61427645832551E+08  0.11950601352627E+07  0.19641438950926E+06  0.27272563261802E+07  0.25555064295811E+06  0.15951359140714E+05  0.80329399232982E+07  0.26559069720264E+06  0.19352719882437E+07  0.84790568268831E+06  0.32041493495620E+09  0.24661284862719E+07  0.24717210265138E+06  0.24768277452177E+06  0.24747819933539E+07  0.24966777264441E+07  0.22967177112420E+07  0.29421781312162E+07 -0.13576570583699E+06 -0.57750418207032E+05 -0.57427351485406E+04 -0.88824006388566E+06 -0.11556455260109E+07 -0.21374596127841E+05 -0.48620285285753E+05 -0.32898103197801E+04 -0.94110831025034E+04 -0.33127088657319E+04 -0.20895217775210E+05 -0.76929719192259E+05 -0.60627470452004E+05  0.17528594643802E+05
   0.12960587352027E+08  0.31512326836068E+08  0.92532429182863E+06  0.13745290743592E+08  0.28977237186632E+07  0.55728268560332E+07  0.32489117057848E+07  0.10058896257667E+09  0.13662326490191E+09  0.27578453906096E+07  0.42063288181536E+06  0.60144348282347E+07  0.56328033100829E+06  0.35614764512484E+05  0.17779601791600E+08  0.59509343793655E+06  0.42618246533050E+07  0.18593567649112E+07  0.69963165734323E+09  0.54672509268087E+07  0.54796492349225E+06  0.54909705074038E+06  0.55058223301796E+07  0.55153390002693E+07  0.55729839589121E+07  0.54508170523297E+07  0.16940801486799E+05  0.84061975926588E+04 -0.17559821536949E+03  0.21224934563033E+06  0.26870076047771E+06  0.57549832096026E+04  0.13289299763842E+05  0.42339632676163E+03  0.24389704671959E+04  0.77011495686639E+03 -0.21381939284636E+04  0.88139900096312E+04  0.73930609031178E+04 -0.22870589127723E+04
   0.57854740341399E+06  0.92532429182863E+06  0.34246634412942E+05  0.43896539735446E+06  0.85234326125600E+05  0.17029353583971E+06  0.10135729674819E+06  0.31284586419778E+07  0.42055762184298E+07  0.83504257947702E+05  0.13141755595437E+05  0.18572975154505E+06  0.17401993210812E+05  0.10937023098437E+04  0.54785392627295E+06  0.18308207001969E+05  0.13135950719321E+06  0.57380704815391E+05  0.21741520758129E+08  0.16850347689496E+06  0.16888559910826E+05  0.16923452653111E+05  0.16931803847165E+06  0.17008495957189E+06  0.16393574584021E+06  0.18379008723249E+06 -0.41443420164461E+04 -0.17608434245089E+04  0.32878082476009E+01 -0.27682173726008E+05 -0.36201986182510E+05 -0.68757045836892E+03 -0.15692380053343E+04 -0.89788070384004E+02 -0.29891603963757E+03 -0.10462112083663E+03 -0.13223939876033E+03 -0.20086416854670E+04 -0.16155267015808E+04  0.54241171589334E+03
   0.66407359626833E+07  0.13745290743592E+08  0.43896539735446E+06  0.65605808717148E+07  0.12165127642105E+07  0.25357323286116E+07  0.15003873070953E+07  0.45134092112128E+08  0.60651750900041E+08  0.12044019055788E+07  0.19014971243464E+06  0.26707614965726E+07  0.25011913773899E+06  0.15873499023566E+05  0.79311490918912E+07  0.26037430406416E+06  0.19184996679968E+07  0.84029312243255E+06  0.31277929664560E+09  0.24287382918676E+07  0.24342460408394E+06  0.24392753340538E+06  0.24442624824399E+07  0.24544475064585E+07  0.24164708192259E+07  0.25650025244400E+07 -0.13312258495239E+05 -0.22160999169627E+05 -0.17982256901736E+03 -0.68137106297138E+05 -0.35464422421900E+06 -0.13476352023161E+04 -0.25144534033654E+04 -0.69492321064878E+02 -0.25397448284852E+04 -0.98524093533307E+03 -0.11080211323857E+05 -0.76727583006701E+04 -0.22724525960981E+05 -0.16715418901499E+05
   0.11930437419222E+07  0.28977237186632E+07  0.85234326125600E+05  0.12165127642105E+07  0.27464397802499E+06  0.50643943555653E+06  0.29264856848541E+06  0.92417906662382E+07  0.12581201693466E+08  0.25558560391904E+06  0.38530289710972E+05  0.55402733516090E+06  0.51894884670464E+05  0.32740753831361E+04  0.16348028047698E+07  0.55137858390745E+05  0.39051267305021E+06  0.17010202256599E+06  0.64286466074803E+08  0.50354162170694E+06  0.50468352359833E+05  0.50572622896915E+05  0.50681154412508E+06  0.50714025059801E+06  0.51559730545116E+06  0.49244379294001E+06  0.20087512157396E+04  0.34029295335704E+04 -0.51628546263658E+02  0.11904845943903E+05  0.63245945514083E+05  0.31567606545934E+03  0.56928786359690E+03  0.85490735958495E+01  0.47018419832339E+03  0.17349004058462E+03  0.42012949899798E+03  0.83504054706681E+03  0.25687953206972E+04  0.25624299148679E+04
   0.24781454224880E+07  0.55728268560332E+07  0.17029353583971E+06  0.25357323286116E+07  0.50643943555653E+06  0.10098684895918E+07  0.59103454657201E+06  0.18073447979207E+08  0.24368874065103E+08  0.48740925648831E+06  0.75928643350196E+05  0.10729487257148E+07  0.10049117782065E+06  0.63698957996024E+04  0.31812572431141E+07  0.10519775189964E+06  0.76702479829041E+06  0.33550500249649E+06  0.12513917547576E+09  0.97573668247278E+06  0.97794940037967E+05  0.97996990044454E+05  0.98231647992376E+06  0.98561604316744E+06  0.98398113253185E+06  0.10016871455937E+07 -0.20845843674760E+04 -0.32263464576945E+04  0.71984882851407E+02 -0.62819612997144E+04 -0.30539802375935E+05  0.31045815777952E+02  0.25006296892709E+02 -0.14429858609189E+02 -0.17564037609328E+03 -0.93209878104903E+02 -0.28945934433337E+04 -0.15754043172236E+04 -0.45185212726208E+04 -0.25031967382896E+04
   0.15026047077544E+07  0.32489117057848E+07  0.10135729674819E+06  0.15003873070953E+07  0.29264856848541E+06  0.59103454657201E+06  0.34773645055417E+06  0.10571645461394E+08  0.14262118949629E+08  0.28476377496066E+06  0.44421376879920E+05  0.62799672061651E+06  0.58812539429504E+05  0.37264759988482E+04  0.18610276744672E+07  0.61609480470248E+05  0.44834288149345E+06  0.19607307929766E+06  0.73333621699374E+08  0.57095904591392E+06  0.57225383305034E+05  0.57343614259145E+05  0.57475829964944E+06  0.57681975784602E+06  0.57282508441814E+06  0.59192513135594E+06 -0.20027002361708E+04 -0.31698580430279E+04  0.96939151385812E+02 -0.80610837694960E+04 -0.42197887199152E+05 -0.12163750528303E+03 -0.22339740296808E+03 -0.10395834337104E+02 -0.29073885765956E+03 -0.12226972848307E+03 -0.12339630340872E+04 -0.98691103226867E+03 -0.29327052597959E+04 -0.25684996396423E+04
   0.46443369338200E+08  0.10058896257667E+09  0.31284586419778E+07  0.45134092112128E+08  0.92417906662382E+07  0.18073447979207E+08  0.10571645461394E+08  0.33133421244003E+09  0.43872800190217E+09  0.87956790765156E+07  0.13864802661594E+07  0.19458891883986E+08  0.18216447369488E+07  0.11511139221003E+06  0.57531378051486E+08  0.19099226570724E+07  0.13853667518470E+08  0.60538876015942E+07  0.22649730473910E+10  0.17661339198174E+08  0.17701390538054E+07  0.17737962635462E+07  0.17778838175247E+08  0.17845431744999E+08  0.17800835028975E+08  0.18400635368820E+08 -0.66265521983467E+05 -0.52543017514614E+05 -0.75304698412404E+05 -0.30804544223469E+06 -0.60406400104183E+06 -0.77459359149136E+05 -0.17496521336308E+06 -0.15276036509792E+04  0.35270515697562E+03  0.31174605576706E+03 -0.29325727752416E+06 -0.15438873356280E+06 -0.19013209875586E+06 -0.84562310936662E+04
   0.61427645832551E+08  0.13662326490191E+09  0.42055762184298E+07  0.60651750900041E+08  0.12581201693466E+08  0.24368874065103E+08  0.14262118949629E+08  0.43872800190217E+09  0.60042524368651E+09  0.12076320488973E+08  0.18401039705774E+07  0.26351798707546E+08  0.24682399729435E+07  0.15598120905938E+06  0.77951423979536E+08  0.26049401504833E+07  0.18688633127993E+08  0.81545510327594E+07  0.30716630167960E+10  0.23955273999202E+08  0.24009598351965E+07  0.24059203571834E+07  0.24103110057797E+08  0.24136756130301E+08  0.24189773065598E+08  0.24021955837588E+08  0.11614598330528E+05  0.10827563881993E+05  0.25311481722051E+05  0.66966867206585E+05  0.12726663441254E+06  0.22804803055789E+05  0.51700361927329E+05  0.20567489788173E+03 -0.12519431366825E+04 -0.69406144515208E+03  0.11504610092180E+06  0.45916050664877E+05  0.56116823366006E+05  0.14345629603596E+04
   0.11950601352627E+07  0.27578453906096E+07  0.83504257947702E+05  0.12044019055788E+07  0.25558560391904E+06  0.48740925648831E+06  0.28476377496066E+06  0.87956790765156E+07  0.12076320488973E+08  0.24544460915990E+06  0.36636221843845E+05  0.53036650790550E+06  0.49678940510506E+05  0.31407213000798E+04  0.15653532273411E+07  0.53003439647946E+05  0.37308678773713E+06  0.16235968293442E+06  0.61844588644296E+08  0.48256691695455E+06  0.48366125365174E+05  0.48466052579608E+05  0.48534156789025E+06  0.48513998938566E+06  0.48885573502234E+06  0.47540615123215E+06  0.27096410052488E+04  0.18513065558929E+04  0.73769280210530E+03  0.10677329889716E+05  0.22115214795919E+05  0.14634138294641E+04  0.32368491784413E+04  0.44130130675253E+02  0.12229710020463E+03  0.54662623279629E+02  0.31438452127718E+04  0.28489864710768E+04  0.35794654203202E+04  0.39902150234558E+03
   0.19641438950926E+06  0.42063288181536E+06  0.13141755595437E+05  0.19014971243464E+06  0.38530289710972E+05  0.75928643350196E+05  0.44421376879920E+05  0.13864802661594E+07  0.18401039705774E+07  0.36636221843845E+05  0.58349064555663E+04  0.81457669544454E+05  0.76249320590475E+04  0.48176897049020E+03  0.24142189281340E+06  0.79176420509350E+04  0.58448531679056E+05  0.25595678175130E+05  0.94778028392147E+07  0.73890268149979E+05  0.74057832127451E+04  0.74210839895091E+04  0.74394269567052E+05  0.74727163928878E+05  0.74408768472588E+05  0.77233324661361E+05 -0.41482138360364E+03 -0.31079707286406E+03 -0.31630973060400E+03 -0.17838812572807E+04 -0.35356475160821E+04 -0.38105544440563E+03 -0.85949296802308E+03 -0.10058784664175E+02 -0.10745489273261E+02 -0.50517555975275E+01 -0.10640937345567E+04 -0.75745330968341E+03 -0.93772576224848E+03 -0.52853909163374E+02
   0.27272563261802E+07  0.60144348282347E+07  0.18572975154505E+06  0.26707614965726E+07  0.55402733516090E+06  0.10729487257148E+07  0.62799672061651E+06  0.19458891883986E+08  0.26351798707546E+08  0.53036650790550E+06  0.81457669544454E+05  0.11620913594150E+07  0.10879422582327E+06  0.68686673823965E+04  0.34320310738771E+07  0.11462789182139E+06  0.82365376751697E+06  0.35954283701598E+06  0.13527219700037E+09  0.10549391087604E+07  0.10573314372426E+06  0.10595159451902E+06  0.10615552579085E+07  0.10636113001686E+07  0.10650188617860E+07  0.10691256355795E+07 -0.89178444126404E+03  0.98059083562342E-11 -0.68431814929518E+03 -0.41931551220630E+04 -0.26288114309856E-09 -0.20896937591138E+04 -0.42864265145267E+02 -0.70704947597006E+02 -0.14982275568343E+01 -0.65339829652419E+00  0.15461649243278E+03 -0.24796343204862E+04  0.10109998958575E-09  0.20930898277711E+03
   0.25555064295811E+06  0.56328033100829E+06  0.17401993210812E+05  0.25011913773899E+06  0.51894884670464E+05  0.10049117782065E+06  0.58812539429504E+05  0.18216447369488E+07  0.24682399729435E+07  0.49678940510506E+05  0.76249320590475E+04  0.10879422582327E+06  0.10188359694653E+05  0.64324351250010E+03  0.32137693185280E+06  0.10741185081039E+05  0.77094685641981E+05  0.33650578858265E+05  0.12668924931660E+08  0.98801835338335E+05  0.99025892293674E+04  0.99230485518767E+04  0.99422545366913E+05  0.99617667196259E+05  0.99741800840275E+05  0.10011143979159E+06 -0.12354784586416E+03  0.58550770296348E-11 -0.25320591837811E+02 -0.45588851204410E+03  0.25859319758309E-11 -0.12466139538863E+03 -0.10576483080112E+02 -0.53461957451800E+01 -0.14494130504287E+00 -0.57588949685499E-01  0.17546684405680E+02 -0.16949123378430E+03 -0.75575615057510E-12  0.45189719207196E+02
   0.15951359140714E+05  0.35614764512484E+05  0.10937023098437E+04  0.15873499023566E+05  0.32740753831361E+04  0.63698957996024E+04  0.37264759988482E+04  0.11511139221003E+06  0.15598120905938E+06  0.31407213000798E+04  0.48176897049020E+03  0.68686673823965E+04  0.64324351250010E+03  0.40703628177631E+02  0.20318149224672E+05  0.67846027885928E+03  0.48751361595688E+04  0.21273411981456E+04  0.80063452204580E+06  0.62436118408413E+04  0.62577707342929E+03  0.62706996508295E+03  0.62825461685718E+04  0.62934546896690E+04  0.63035391656142E+04  0.63172043036831E+04  0.63590986866629E-01 -0.23773905980465E-12 -0.55875841932998E+01 -0.66073168160510E+00 -0.19707407222610E-11 -0.27729435366195E+01 -0.12130356311636E-04 -0.12561760263655E+00 -0.15261925400479E-02 -0.83650161841692E-03 -0.21244099780938E+01 -0.27830656866578E+01  0.43432683646769E-12  0.33936103277770E-04
   0.80329399232982E+07  0.17779601791600E+08  0.54785392627295E+06  0.79311490918912E+07  0.16348028047698E+07  0.31812572431141E+07  0.18610276744672E+07  0.57531378051486E+08  0.77951423979536E+08  0.15653532273411E+07  0.24142189281340E+06  0.34320310738771E+07  0.32137693185280E+06  0.20318149224672E+05  0.10190394652757E+08  0.33470805859299E+06  0.24629635055854E+07  0.10774416492564E+07  0.39985125577861E+09  0.31180569759420E+07  0.31251279210333E+06  0.31315846162005E+06  0.31374438205272E+07  0.31426770122720E+07  0.31486152211304E+07  0.31515291730689E+07 -0.26906221848816E+04 -0.17766156463275E+04 -0.25272819360880E+04  0.20523769479810E+04  0.44388788061686E+04 -0.14762741582868E+04 -0.29633227844352E+04 -0.73461516545338E+03 -0.28827886710156E+04 -0.15316530129021E+04 -0.24516797594785E+04 -0.90260413832304E+03 -0.10221378995573E+04  0.19890299080914E+03
   0.26559069720264E+06  0.59509343793655E+06  0.18308207001969E+05  0.26037430406416E+06  0.55137858390745E+05  0.10519775189964E+06  0.61609480470248E+05  0.19099226570724E+07  0.26049401504833E+07  0.53003439647946E+05  0.79176420509350E+04  0.11462789182139E+06  0.10741185081039E+05  0.67846027885928E+03  0.33470805859299E+06  0.11853229270199E+05  0.77974059592607E+05  0.33648548279052E+05  0.13374403545689E+08  0.10434452120986E+06  0.10458114754021E+05  0.10479721824418E+05  0.10499893659204E+06  0.10518729551846E+06  0.10521876395900E+06  0.10543075983370E+06  0.49909342851164E+03  0.31472739961837E+03  0.29041144274010E+03 -0.16894457768005E+03 -0.50465589379885E+03  0.15238642011216E+03  0.30399112821287E+03  0.80999321504618E+02  0.43908069439179E+03  0.21705627418590E+03 -0.31851207581050E+03  0.25398325877469E+03  0.28649487635753E+03 -0.36085764403706E+02
   0.19352719882437E+07  0.42618246533050E+07  0.13135950719321E+06  0.19184996679968E+07  0.39051267305021E+06  0.76702479829041E+06  0.44834288149345E+06  0.13853667518470E+08  0.18688633127993E+08  0.37308678773713E+06  0.58448531679056E+05  0.82365376751697E+06  0.77094685641981E+05  0.48751361595688E+04  0.24629635055854E+07  0.77974059592607E+05  0.60598727430868E+06  0.26681089826379E+06  0.95874578474781E+08  0.74746638897765E+06  0.74916144902141E+05  0.75070925993653E+05  0.75205306492829E+06  0.75313151175465E+06  0.75514679469965E+06  0.75551560390031E+06 -0.23368900464163E+04 -0.15196652875411E+04 -0.22614442214689E+04  0.18986394506825E+04  0.40770938980848E+04 -0.11093354995270E+04 -0.22299911851862E+04 -0.55001475701510E+03 -0.23388895940892E+04 -0.12556703898656E+04  0.11019780586881E+04 -0.14436708819696E+04 -0.16162825492102E+04  0.20310200776160E+03
   0.84790568268831E+06  0.18593567649112E+07  0.57380704815391E+05  0.84029312243255E+06  0.17010202256599E+06  0.33550500249649E+06  0.19607307929766E+06  0.60538876015942E+07  0.81545510327594E+07  0.16235968293442E+06  0.25595678175130E+05  0.35954283701598E+06  0.33650578858265E+05  0.21273411981456E+04  0.10774416492564E+07  0.33648548279052E+05  0.26681089826379E+06  0.11781489295153E+06  0.41835309529264E+08  0.32612735954488E+06  0.32686693187146E+05  0.32754225787176E+05  0.32812549841916E+06  0.32860692735361E+06  0.32964900917848E+06  0.32984447939475E+06 -0.16647701038493E+04 -0.10524252500040E+04 -0.11480335884281E+04  0.89622485746478E+03  0.22490463630111E+04 -0.56747898345765E+03 -0.11399278355048E+04 -0.30540490954501E+03 -0.15213606050050E+04 -0.78421261224551E+03  0.12953433899088E+04 -0.10267871362693E+04 -0.11502066847067E+04  0.14512660348159E+03
   0.32041493495620E+09  0.69963165734323E+09  0.21741520758129E+08  0.31277929664560E+09  0.64286466074803E+08  0.12513917547576E+09  0.73333621699374E+08  0.22649730473910E+10  0.30716630167960E+10  0.61844588644296E+08  0.94778028392147E+07  0.13527219700037E+09  0.12668924931660E+08  0.80063452204580E+06  0.39985125577861E+09  0.13374403545689E+08  0.95874578474781E+08  0.41835309529264E+08  0.15776905819556E+11  0.12294065254683E+09  0.12321945008336E+08  0.12347402859917E+08  0.12368412716530E+09  0.12389505158103E+09  0.12385724494514E+09  0.12466116465814E+09 -0.23904692879565E+05 -0.53396067602359E+05  0.77497563872651E+03 -0.39530731169393E+06 -0.19373031039430E+07 -0.11650416108338E+05 -0.21881172217261E+05 -0.13583272333311E+03 -0.16882727983357E+05 -0.52961147233529E+04  0.12321720351904E+05 -0.14613660990025E+05 -0.45125482595051E+05 -0.31267616081986E+05
   0.24661284862719E+07  0.54672509268087E+07  0.16850347689496E+06  0.24287382918676E+07  0.50354162170694E+06  0.97573668247278E+06  0.57095904591392E+06  0.17661339198174E+08  0.23955273999202E+08  0.48256691695455E+06  0.73890268149979E+05  0.10549391087604E+07  0.98801835338335E+05  0.62436118408413E+04  0.31180569759420E+07  0.10434452120986E+06  0.74746638897765E+06  0.32612735954488E+06  0.12294065254683E+09  0.95879627242085E+06  0.96097057386832E+05  0.96295599469487E+05  0.96477612235080E+06  0.96645077376671E+06  0.96799671981195E+06  0.96942824889942E+06  0.00000000000000E+00  0.00000000000000E+00  0.00000000000000E+00  0.00000000000000E+00  0.00000000000000E+00  0.00000000000000E+00  0.00000000000000E+00  0.00000000000000E+00  0.00000000000000E+00  0.00000000000000E+00  0.00000000000000E+00  0.00000000000000E+00  0.00000000000000E+00  0.00000000000000E+00
   0.24717210265138E+06  0.54796492349225E+06  0.16888559910826E+05  0.24342460408394E+06  0.50468352359833E+05  0.97794940037967E+05  0.57225383305034E+05  0.17701390538054E+07  0.24009598351965E+07  0.48366125365174E+05  0.74057832127451E+04  0.10573314372426E+06  0.99025892293674E+04  0.62577707342929E+03  0.31251279210333E+06  0.10458114754021E+05  0.74916144902141E+05  0.32686693187146E+05  0.12321945008336E+08  0.96097057386832E+05  0.96314980606794E+04  0.96513972931435E+04  0.96696398454807E+05  0.96864243363936E+05  0.97019188548955E+05  0.97162666091397E+05  0.00000000000000E+00  0.00000000000000E+00  0.00000000000000E+00  0.00000000000000E+00  0.00000000000000E+00  0.00000000000000E+00  0.00000000000000E+00  0.00000000000000E+00  0.00000000000000E+00  0.00000000000000E+00  0.00000000000000E+00  0.00000000000000E+00  0.00000000000000E+00  0.00000000000000E+00
   0.24768277452177E+06  0.54909705074038E+06  0.16923452653111E+05  0.24392753340538E+06  0.50572622896915E+05  0.97996990044454E+05  0.57343614259145E+05  0.17737962635462E+07  0.24059203571834E+07  0.48466052579608E+05  0.74210839895091E+04  0.10595159451902E+06  0.99230485518767E+04  0.62706996508295E+03  0.31315846162005E+06  0.10479721824418E+05  0.75070925993653E+05  0.32754225787176E+05  0.12347402859917E+08  0.96295599469487E+05  0.96513972931435E+04  0.96713376385737E+04  0.96896178810799E+05  0.97064370497225E+05  0.97219635807964E+05  0.97363409783314E+05  0.00000000000000E+00  0.00000000000000E+00  0.00000000000000E+00  0.00000000000000E+00  0.00000000000000E+00  0.00000000000000E+00  0.00000000000000E+00  0.00000000000000E+00  0.00000000000000E+00  0.00000000000000E+00  0.00000000000000E+00  0.00000000000000E+00  0.00000000000000E+00  0.00000000000000E+00
   0.24747819933539E+07  0.55058223301796E+07  0.16931803847165E+06  0.24442624824399E+07  0.50681154412508E+06  0.98231647992376E+06  0.57475829964944E+06  0.17778838175247E+08  0.24103110057797E+08  0.48534156789025E+06  0.74394269567052E+05  0.10615552579085E+07  0.99422545366913E+05  0.62825461685718E+04  0.31374438205272E+07  0.10499893659204E+06  0.75205306492829E+06  0.32812549841916E+06  0.12368412716530E+09  0.96477612235080E+06  0.96696398454807E+05  0.96896178810799E+05  0.97099438052254E+06  0.97299682334972E+06  0.97467734696176E+06  0.97729044375408E+06 -0.49081957718871E+02 -0.27865304270529E+02  0.41305742283324E+01  0.39610267191951E+03 -0.37317259280793E+03  0.00000000000000E+00  0.00000000000000E+00  0.00000000000000E+00  0.00000000000000E+00  0.00000000000000E+00  0.00000000000000E+00 -0.33734750760967E+03 -0.35360425698067E+03 -0.22960883771152E+02
   0.24966777264441E+07  0.55153390002693E+07  0.17008495957189E+06  0.24544475064585E+07  0.50714025059801E+06  0.98561604316744E+06  0.57681975784602E+06  0.17845431744999E+08  0.24136756130301E+08  0.48513998938566E+06  0.74727163928878E+05  0.10636113001686E+07  0.99617667196259E+05  0.62934546896690E+04  0.31426770122720E+07  0.10518729551846E+06  0.75313151175465E+06  0.32860692735361E+06  0.12389505158103E+09  0.96645077376671E+06  0.96864243363936E+05  0.97064370497225E+05  0.97299682334972E+06  0.97609830181643E+06  0.97583970154134E+06  0.98907306395479E+06 -0.18639808074301E+03 -0.12273682010591E+03 -0.29808039056988E+02 -0.74951533528806E+04 -0.13617859377265E+05  0.00000000000000E+00  0.00000000000000E+00  0.00000000000000E+00  0.00000000000000E+00  0.00000000000000E+00  0.00000000000000E+00 -0.22257813593479E+04 -0.23146778144280E+04 -0.44567217244807E+02
   0.22967177112420E+07  0.55729839589121E+07  0.16393574584021E+06  0.24164708192259E+07  0.51559730545116E+06  0.98398113253185E+06  0.57282508441814E+06  0.17800835028975E+08  0.24189773065598E+08  0.48885573502234E+06  0.74408768472588E+05  0.10650188617860E+07  0.99741800840275E+05  0.63035391656142E+04  0.31486152211304E+07  0.10521876395900E+06  0.75514679469965E+06  0.32964900917848E+06  0.12385724494514E+09  0.96799671981195E+06  0.97019188548955E+05  0.97219635807964E+05  0.97467734696176E+06  0.97583970154134E+06  0.99158620051111E+06  0.95063032178748E+06  0.28340112011015E+03  0.14703845448047E+03 -0.61644269952782E+01  0.43440119246937E+05  0.70652796761043E+05  0.00000000000000E+00  0.00000000000000E+00  0.00000000000000E+00  0.00000000000000E+00  0.00000000000000E+00  0.00000000000000E+00  0.17483016818638E+04  0.17795176761158E+04 -0.88516772015745E+02
   0.29421781312162E+07  0.54508170523297E+07  0.18379008723249E+06  0.25650025244400E+07  0.49244379294001E+06  0.10016871455937E+07  0.59192513135594E+06  0.18400635368820E+08  0.24021955837588E+08  0.47540615123215E+06  0.77233324661361E+05  0.10691256355795E+07  0.10011143979159E+06  0.63172043036831E+04  0.31515291730689E+07  0.10543075983370E+06  0.75551560390031E+06  0.32984447939475E+06  0.12466116465814E+09  0.96942824889942E+06  0.97162666091397E+05  0.97363409783314E+05  0.97729044375408E+06  0.98907306395479E+06  0.95063032178748E+06  0.11346650379968E+07 -0.14693765088192E+04 -0.11729384788181E+04 -0.49731294024911E+04 -0.13952394804633E+06 -0.23280009309207E+06  0.00000000000000E+00  0.00000000000000E+00  0.00000000000000E+00  0.00000000000000E+00  0.00000000000000E+00  0.00000000000000E+00 -0.28115914296944E+05 -0.29248840329408E+05 -0.66286527583355E+01
  -0.13576570583699E+06  0.16940801486799E+05 -0.41443420164461E+04 -0.13312258495239E+05  0.20087512157396E+04 -0.20845843674760E+04 -0.20027002361708E+04 -0.66265521983467E+05  0.11614598330528E+05  0.27096410052488E+04 -0.41482138360364E+03 -0.89178444126404E+03 -0.12354784586416E+03  0.63590986866629E-01 -0.26906221848816E+04  0.49909342851164E+03 -0.23368900464163E+04 -0.16647701038493E+04 -0.23904692879565E+05  0.00000000000000E+00  0.00000000000000E+00  0.00000000000000E+00 -0.49081957718871E+02 -0.18639808074301E+03  0.28340112011015E+03 -0.14693765088192E+04  0.11740947422929E+06  0.00000000000000E+00  0.00000000000000E+00  0.00000000000000E+00  0.00000000000000E+00  0.00000000000000E+00  0.00000000000000E+00  0.00000000000000E+00  0.00000000000000E+00  0.00000000000000E+00  0.00000000000000E+00  0.00000000000000E+00  0.00000000000000E+00  0.00000000000000E+00
  -0.57750418207032E+05  0.84061975926588E+04 -0.17608434245089E+04 -0.22160999169627E+05  0.34029295335704E+04 -0.32263464576945E+04 -0.31698580430279E+04 -0.52543017514614E+05  0.10827563881993E+05  0.18513065558929E+04 -0.31079707286406E+03  0.98059083562342E-11  0.58550770296348E-11 -0.23773905980465E-12 -0.17766156463275E+04  0.31472739961837E+03 -0.15196652875411E+04 -0.10524252500040E+04 -0.53396067602359E+05  0.00000000000000E+00  0.00000000000000E+00  0.00000000000000E+00 -0.27865304270529E+02 -0.12273682010591E+03  0.14703845448047E+03 -0.11729384788181E+04  0.00000000000000E+00  0.65553838992257E+05  0.00000000000000E+00  0.00000000000000E+00  0.00000000000000E+00  0.00000000000000E+00  0.00000000000000E+00  0.00000000000000E+00  0.00000000000000E+00  0.00000000000000E+00  0.00000000000000E+00  0.00000000000000E+00  0.00000000000000E+00  0.00000000000000E+00
  -0.57427351485406E+04 -0.17559821536949E+03  0.32878082476009E+01 -0.17982256901736E+03 -0.51628546263658E+02  0.71984882851407E+02  0.96939151385812E+02 -0.75304698412404E+05  0.25311481722051E+05  0.73769280210530E+03 -0.31630973060400E+03 -0.68431814929518E+03 -0.25320591837811E+02 -0.55875841932998E+01 -0.25272819360880E+04  0.29041144274010E+03 -0.22614442214689E+04 -0.11480335884281E+04  0.77497563872651E+03  0.00000000000000E+00  0.00000000000000E+00  0.00000000000000E+00  0.41305742283324E+01 -0.29808039056988E+02 -0.61644269952782E+01 -0.49731294024911E+04  0.00000000000000E+00  0.00000000000000E+00  0.30890221039620E+05  0.00000000000000E+00  0.00000000000000E+00  0.00000000000000E+00  0.00000000000000E+00  0.00000000000000E+00  0.00000000000000E+00  0.00000000000000E+00  0.00000000000000E+00  0.00000000000000E+00  0.00000000000000E+00  0.00000000000000E+00
  -0.88824006388566E+06  0.21224934563033E+06 -0.27682173726008E+05 -0.68137106297138E+05  0.11904845943903E+05 -0.62819612997144E+04 -0.80610837694960E+04 -0.30804544223469E+06  0.66966867206585E+05  0.10677329889716E+05 -0.17838812572807E+04 -0.41931551220630E+04 -0.45588851204410E+03 -0.66073168160510E+00  0.20523769479810E+04 -0.16894457768005E+03  0.18986394506825E+04  0.89622485746478E+03 -0.39530731169393E+06  0.00000000000000E+00  0.00000000000000E+00  0.00000000000000E+00  0.39610267191951E+03 -0.74951533528806E+04  0.43440119246937E+05 -0.13952394804633E+06  0.00000000000000E+00  0.00000000000000E+00  0.00000000000000E+00  0.57972324422013E+06  0.00000000000000E+00  0.00000000000000E+00  0.00000000000000E+00  0.00000000000000E+00  0.00000000000000E+00  0.00000000000000E+00  0.00000000000000E+00  0.00000000000000E+00  0.00000000000000E+00  0.00000000000000E+00
  -0.11556455260109E+07  0.26870076047771E+06 -0.36201986182510E+05 -0.35464422421900E+06  0.63245945514083E+05 -0.30539802375935E+05 -0.42197887199152E+05 -0.60406400104183E+06  0.12726663441254E+06  0.22115214795919E+05 -0.35356475160821E+04 -0.26288114309856E-09  0.25859319758309E-11 -0.19707407222610E-11  0.44388788061686E+04 -0.50465589379885E+03  0.40770938980848E+04  0.22490463630111E+04 -0.19373031039430E+07  0.00000000000000E+00  0.00000000000000E+00  0.00000000000000E+00 -0.37317259280793E+03 -0.13617859377265E+05  0.70652796761043E+05 -0.23280009309207E+06  0.00000000000000E+00  0.00000000000000E+00  0.00000000000000E+00  0.00000000000000E+00  0.93261936821918E+06  0.00000000000000E+00  0.00000000000000E+00  0.00000000000000E+00  0.00000000000000E+00  0.00000000000000E+00  0.00000000000000E+00  0.00000000000000E+00  0.00000000000000E+00  0.00000000000000E+00
  -0.21374596127841E+05  0.57549832096026E+04 -0.68757045836892E+03 -0.13476352023161E+04  0.31567606545934E+03  0.31045815777952E+02 -0.12163750528303E+03 -0.77459359149136E+05  0.22804803055789E+05  0.14634138294641E+04 -0.38105544440563E+03 -0.20896937591138E+04 -0.12466139538863E+03 -0.27729435366195E+01 -0.14762741582868E+04  0.15238642011216E+03 -0.11093354995270E+04 -0.56747898345765E+03 -0.11650416108338E+05  0.00000000000000E+00  0.00000000000000E+00  0.00000000000000E+00  0.00000000000000E+00  0.00000000000000E+00  0.00000000000000E+00  0.00000000000000E+00  0.00000000000000E+00  0.00000000000000E+00  0.00000000000000E+00  0.00000000000000E+00  0.00000000000000E+00  0.14167010678417E+05  0.00000000000000E+00  0.00000000000000E+00  0.00000000000000E+00  0.00000000000000E+00  0.00000000000000E+00  0.00000000000000E+00  0.00000000000000E+00  0.00000000000000E+00
  -0.48620285285753E+05  0.13289299763842E+05 -0.15692380053343E+04 -0.25144534033654E+04  0.56928786359690E+03  0.25006296892709E+02 -0.22339740296808E+03 -0.17496521336308E+06  0.51700361927329E+05  0.32368491784413E+04 -0.85949296802308E+03 -0.42864265145267E+02 -0.10576483080112E+02 -0.12130356311636E-04 -0.29633227844352E+04  0.30399112821287E+03 -0.22299911851862E+04 -0.11399278355048E+04 -0.21881172217261E+05  0.00000000000000E+00  0.00000000000000E+00  0.00000000000000E+00  0.00000000000000E+00  0.00000000000000E+00  0.00000000000000E+00  0.00000000000000E+00  0.00000000000000E+00  0.00000000000000E+00  0.00000000000000E+00  0.00000000000000E+00  0.00000000000000E+00  0.00000000000000E+00  0.31497368212648E+05  0.00000000000000E+00  0.00000000000000E+00  0.00000000000000E+00  0.00000000000000E+00  0.00000000000000E+00  0.00000000000000E+00  0.00000000000000E+00
  -0.32898103197801E+04  0.42339632676163E+03 -0.89788070384004E+02 -0.69492321064878E+02  0.85490735958495E+01 -0.14429858609189E+02 -0.10395834337104E+02 -0.15276036509792E+04  0.20567489788173E+03  0.44130130675253E+02 -0.10058784664175E+02 -0.70704947597006E+02 -0.53461957451800E+01 -0.12561760263655E+00 -0.73461516545338E+03  0.80999321504618E+02 -0.55001475701510E+03 -0.30540490954501E+03 -0.13583272333311E+03  0.00000000000000E+00  0.00000000000000E+00  0.00000000000000E+00  0.00000000000000E+00  0.00000000000000E+00  0.00000000000000E+00  0.00000000000000E+00  0.00000000000000E+00  0.00000000000000E+00  0.00000000000000E+00  0.00000000000000E+00  0.00000000000000E+00  0.00000000000000E+00  0.00000000000000E+00  0.38045282781123E+04  0.00000000000000E+00  0.00000000000000E+00  0.00000000000000E+00  0.00000000000000E+00  0.00000000000000E+00  0.00000000000000E+00
  -0.94110831025034E+04  0.24389704671959E+04 -0.29891603963757E+03 -0.25397448284852E+04  0.47018419832339E+03 -0.17564037609328E+03 -0.29073885765956E+03  0.35270515697562E+03 -0.12519431366825E+04  0.12229710020463E+03 -0.10745489273261E+02 -0.14982275568343E+01 -0.14494130504287E+00 -0.15261925400479E-02 -0.28827886710156E+04  0.43908069439179E+03 -0.23388895940892E+04 -0.15213606050050E+04 -0.16882727983357E+05  0.00000000000000E+00  0.00000000000000E+00  0.00000000000000E+00  0.00000000000000E+00  0.00000000000000E+00  0.00000000000000E+00  0.00000000000000E+00  0.00000000000000E+00  0.00000000000000E+00  0.00000000000000E+00  0.00000000000000E+00  0.00000000000000E+00  0.00000000000000E+00  0.00000000000000E+00  0.00000000000000E+00  0.83128988588590E+04  0.00000000000000E+00  0.00000000000000E+00  0.00000000000000E+00  0.00000000000000E+00  0.00000000000000E+00
  -0.33127088657319E+04  0.77011495686639E+03 -0.10462112083663E+03 -0.98524093533307E+03  0.17349004058462E+03 -0.93209878104903E+02 -0.12226972848307E+03  0.31174605576706E+03 -0.69406144515208E+03  0.54662623279629E+02 -0.50517555975275E+01 -0.65339829652419E+00 -0.57588949685499E-01 -0.83650161841692E-03 -0.15316530129021E+04  0.21705627418590E+03 -0.12556703898656E+04 -0.78421261224551E+03 -0.52961147233529E+04  0.00000000000000E+00  0.00000000000000E+00  0.00000000000000E+00  0.00000000000000E+00  0.00000000000000E+00  0.00000000000000E+00  0.00000000000000E+00  0.00000000000000E+00  0.00000000000000E+00  0.00000000000000E+00  0.00000000000000E+00  0.00000000000000E+00  0.00000000000000E+00  0.00000000000000E+00  0.00000000000000E+00  0.00000000000000E+00  0.42413157568493E+04  0.00000000000000E+00  0.00000000000000E+00  0.00000000000000E+00  0.00000000000000E+00
  -0.20895217775210E+05 -0.21381939284636E+04 -0.13223939876033E+03 -0.11080211323857E+05  0.42012949899798E+03 -0.28945934433337E+04 -0.12339630340872E+04 -0.29325727752416E+06  0.11504610092180E+06  0.31438452127718E+04 -0.10640937345567E+04  0.15461649243278E+03  0.17546684405680E+02 -0.21244099780938E+01 -0.24516797594785E+04 -0.31851207581050E+03  0.11019780586881E+04  0.12953433899088E+04  0.12321720351904E+05  0.00000000000000E+00  0.00000000000000E+00  0.00000000000000E+00  0.00000000000000E+00  0.00000000000000E+00  0.00000000000000E+00  0.00000000000000E+00  0.00000000000000E+00  0.00000000000000E+00  0.00000000000000E+00  0.00000000000000E+00  0.00000000000000E+00  0.00000000000000E+00  0.00000000000000E+00  0.00000000000000E+00  0.00000000000000E+00  0.00000000000000E+00  0.12970555706934E+06  0.00000000000000E+00  0.00000000000000E+00  0.00000000000000E+00
  -0.76929719192259E+05  0.88139900096312E+04 -0.20086416854670E+04 -0.76727583006701E+04  0.83504054706681E+03 -0.15754043172236E+04 -0.98691103226867E+03 -0.15438873356280E+06  0.45916050664877E+05  0.28489864710768E+04 -0.75745330968341E+03 -0.24796343204862E+04 -0.16949123378430E+03 -0.27830656866578E+01 -0.90260413832304E+03  0.25398325877469E+03 -0.14436708819696E+04 -0.10267871362693E+04 -0.14613660990025E+05  0.00000000000000E+00  0.00000000000000E+00  0.00000000000000E+00 -0.33734750760967E+03 -0.22257813593479E+04  0.17483016818638E+04 -0.28115914296944E+05  0.00000000000000E+00  0.00000000000000E+00  0.00000000000000E+00  0.00000000000000E+00  0.00000000000000E+00  0.00000000000000E+00  0.00000000000000E+00  0.00000000000000E+00  0.00000000000000E+00  0.00000000000000E+00  0.00000000000000E+00  0.95648338890592E+05  0.00000000000000E+00  0.00000000000000E+00
  -0.60627470452004E+05  0.73930609031178E+04 -0.16155267015808E+04 -0.22724525960981E+05  0.25687953206972E+04 -0.45185212726208E+04 -0.29327052597959E+04 -0.19013209875586E+06  0.56116823366006E+05  0.35794654203202E+04 -0.93772576224848E+03  0.10109998958575E-09 -0.75575615057510E-12  0.43432683646769E-12 -0.10221378995573E+04  0.28649487635753E+03 -0.16162825492102E+04 -0.11502066847067E+04 -0.45125482595051E+05  0.00000000000000E+00  0.00000000000000E+00  0.00000000000000E+00 -0.35360425698067E+03 -0.23146778144280E+04  0.17795176761158E+04 -0.29248840329408E+05  0.00000000000000E+00  0.00000000000000E+00  0.00000000000000E+00  0.00000000000000E+00  0.00000000000000E+00  0.00000000000000E+00  0.00000000000000E+00  0.00000000000000E+00  0.00000000000000E+00  0.00000000000000E+00  0.00000000000000E+00  0.00000000000000E+00  0.10093090041610E+06  0.00000000000000E+00
   0.17528594643802E+05 -0.22870589127723E+04  0.54241171589334E+03 -0.16715418901499E+05  0.25624299148679E+04 -0.25031967382896E+04 -0.25684996396423E+04 -0.84562310936662E+04  0.14345629603596E+04  0.39902150234558E+03 -0.52853909163374E+02  0.20930898277711E+03  0.45189719207196E+02  0.33936103277770E-04  0.19890299080914E+03 -0.36085764403706E+02  0.20310200776160E+03  0.14512660348159E+03 -0.31267616081986E+05  0.00000000000000E+00  0.00000000000000E+00  0.00000000000000E+00 -0.22960883771152E+02 -0.44567217244807E+02 -0.88516772015745E+02 -0.66286527583355E+01  0.00000000000000E+00  0.00000000000000E+00  0.00000000000000E+00  0.00000000000000E+00  0.00000000000000E+00  0.00000000000000E+00  0.00000000000000E+00  0.00000000000000E+00  0.00000000000000E+00  0.00000000000000E+00  0.00000000000000E+00  0.00000000000000E+00  0.00000000000000E+00  0.39707502688033E+05

 # Covariance matrix (Bevington epsilon)
