# fitpack15: fit parameters                                                                         
# CJ15 AV18 final data choices                                                                      
# Created on 02/24/2020 at 07:00:45                                                                 

 # QCD setup
  INS                           0
  NVL                          11
  IORD                          1
  Q02                   1.6899999999999999     
  IPARAMC                      -7
  FLAVOR                4.0000000000000000     
  xmc                   1.3000000000000000     
  xmb                   4.5000000000000000     
  ncb                          12
  ihq                           1
  ias                           0

 # Theory corrections
  inuke                     10114
  itmc                          1
  iht                           1

 # fit parameters
 LAMBDA       0.22680        0.0000    
 a0uv         0.28185        0.0000    
 a1uv         0.24199       0.12999E-01
 a2uv          3.4948       0.12789E-01
 a3uv          0.0000        0.0000    
 a4uv          32.622        2.8947    
 a5uv          0.0000        0.0000    
 a0dv          22.490        0.0000    
 a1dv          1.1372       0.32145E-01
 a2dv          6.6058       0.15703    
 a3dv         -3.5207       0.87860E-01
 a4dv          4.8805       0.15289    
 a5dv          0.0000        0.0000    
 a0ud         0.13064       0.56556E-02
 a1ud        -0.21564       0.41529E-02
 a2ud          9.1752       0.15048    
 a3ud          0.0000        0.0000    
 a4ud          23.831        1.3861    
 a5ud          0.0000        0.0000    
 a0du          35712.        0.0000    
 a1du          4.2554       0.10228    
 a2du          19.345        1.1084    
 a3du          17.000        0.0000    
 a4du          89.199        29.118    
 a0g           44.968        0.0000    
 a1g          0.60807       0.29694E-01
 a2g           5.8339       0.89755    
 a3g          -3.2419       0.14097    
 a4g           2.9308       0.27815    
 a5g           0.0000        0.0000    
 kappa        0.40000        0.0000    
 a6dv         0.37129E-02   0.86775E-03
 a7dv          2.0000        0.0000    
 off1         0.53499       0.11971    
 off2         -1.9378       0.84237    
 off3         0.79378        1.2411    
 ht1          -3.6219       0.24746    
 ht2           1.7803       0.12757    
 ht3          -1.9517       0.42907E-01
 ht4          0.40928E-01   0.21403E-01
 ht1n         -3.1182       0.41528    
 ht2n          1.2262       0.12392    
 ht3n         -1.9727       0.65495E-01
 ht4n         0.12746       0.31180E-01
 dummy45       0.0000        0.0000    
 dummy46       0.0000        0.0000    
 dummy47       0.0000        0.0000    
 dummy48       0.0000        0.0000    
 dummy49       0.0000        0.0000    
 bcdmsh2      0.96493       0.37136E-02
 bcdmsd2      0.98664       0.46576E-02
 ccfr          1.0000        0.0000    
 nutev         1.0000        0.0000    
 zeus         0.97998        0.0000    
 h1            1.0162        0.0000    
 e605          1.0319        0.0000    
 NmcH2        0.99826       0.63584E-02
 ntv_nu        1.0000        0.0000    
 ntv_nuba      1.0000        0.0000    
 cdf_jet      0.98910        0.0000    
 d0_jet       0.83504        0.0000    
 slac_p       0.99359       0.28874E-02
 slac_d       0.99702       0.28496E-02
 e866pp        1.0760       0.14930E-01
 e866pd        1.0436       0.14042E-01
 d0_gamje      1.0167       0.16292E-01
 h1b          0.97608        0.0000    
 jlab_p       0.98186       0.45183E-02
 jlab_d       0.97087       0.40836E-02
 blank         1.0000        0.0000    
 d0run2       0.93455       0.15289E-01
 cdfrun2      0.92199       0.17600E-01
 HERA_el       1.0000        0.0000    
 HERA_ps       1.0000        0.0000    
 CDF_Z        0.93650       0.55180E-02
 NmcRat        1.0000        0.0000    
 BNS_F2nd     0.99127       0.11074E-01
 HERMES_F     0.98911        0.0000    
 HERMES_F     0.97441        0.0000    
 e03103_p     0.98644       0.37733E-02
 e03103_d     0.97486       0.34662E-02
 e06009_d_c   0.95960       0.73555E-02
 e94110_p     0.99736       0.44976E-02
 jlcee96_p     1.0068       0.46196E-02
 jlcee96_d     1.0197       0.43168E-02
 END 0. 0.

 # Hessian matrix (Bevington alpha)
   0.20037745973540E+08  0.11455690379732E+08  0.48451743897263E+06  0.75244005831094E+07  0.98794992219549E+06  0.25039518326362E+07  0.16102792737240E+07  0.47492865795847E+08  0.61123844160307E+08  0.11397207775404E+07  0.20011630257298E+06  0.27292053241689E+07  0.25611517789335E+06  0.15953492936154E+05  0.80202885778180E+07  0.26595615904633E+06  0.19454092889108E+07  0.84966657839684E+06  0.32930299003460E+09  0.23277401994889E+07  0.18887488926041E+06  0.21992855836505E+06  0.24620055104394E+07  0.25073038912624E+07  0.18564441348055E+07  0.36468036402258E+07  0.24911415021817E+07  0.25123657435521E+07  0.23484761823507E+07  0.27469278238727E+07 -0.18838217017235E+06 -0.79044282514073E+05 -0.14503581155640E+05 -0.11908642125720E+07 -0.15298191937571E+07 -0.25966316826587E+05 -0.59029443249280E+05 -0.48880939208718E+04 -0.26907243254051E+06 -0.30155616977559E+06 -0.12445070492441E+05 -0.44393786463233E+04 -0.50142856972720E+05  0.23796093711398E+05 -0.42851853937241E+06 -0.72017197529457E+06 -0.23597808647907E+05 -0.46056186946817E+06 -0.30397145824876E+06 -0.23406319637053E+06
   0.11455690379732E+08  0.31816813867686E+08  0.95264425366339E+06  0.13627095122658E+08  0.29328838169929E+07  0.55767793172736E+07  0.32367276499327E+07  0.10059169283981E+09  0.13676129948012E+09  0.27649871990327E+07  0.42083947387810E+06  0.60197244546707E+07  0.56374119582703E+06  0.35640680307829E+05  0.17797047779562E+08  0.59503702201857E+06  0.42675719330923E+07  0.18630152348940E+07  0.69830742758325E+09  0.54970571972320E+07  0.56061210726494E+06  0.55579663825729E+06  0.55137285287886E+07  0.55227571040859E+07  0.56504320814374E+07  0.53580943622262E+07  0.55417412139298E+07  0.55479817993485E+07  0.55814336211991E+07  0.55249732678194E+07  0.17371663711678E+05  0.85504438634334E+04  0.13152586857167E+03  0.21515341255468E+06  0.27134162582334E+06  0.54331520811133E+04  0.12519284194343E+05  0.44704597529922E+03  0.65093726735369E+05  0.72513683714158E+05  0.24862155441588E+04  0.79008560247915E+03 -0.15099009458484E+04 -0.23180504830313E+04  0.82380004882892E+05  0.13771879900302E+06  0.11044958656581E+04  0.79521825770631E+05  0.44066270174298E+05  0.34197276110738E+05
   0.48451743897263E+06  0.95264425366339E+06  0.29839333321859E+05  0.43178696136702E+06  0.87437864104658E+05  0.17154339772412E+06  0.10092357163424E+06  0.31134533374259E+07  0.42111178726452E+07  0.84468063155639E+05  0.13034427066455E+05  0.18559559792299E+06  0.17384284062897E+05  0.10975099165712E+04  0.54831197452385E+06  0.18339381225525E+05  0.13154643498390E+06  0.57404380074689E+05  0.21666018139480E+08  0.16808621924230E+06  0.16684105895721E+05  0.16832824427390E+05  0.16960001166038E+06  0.17007320843548E+06  0.16788397761927E+06  0.17490229602068E+06  0.17069301149157E+06  0.17098725389326E+06  0.17055305134482E+06  0.17226402996052E+06 -0.76354652012841E+03 -0.31613677512605E+03 -0.50656491781591E+02 -0.45251581504002E+04 -0.58120870504981E+04 -0.96267034418493E+02 -0.21834236119910E+03 -0.19542773140261E+02 -0.96046811927241E+03 -0.10783096560448E+04 -0.46509699977400E+02 -0.16968611561014E+02 -0.17649915990388E+03  0.99221431999714E+02 -0.15912232544905E+04 -0.26690521526545E+04 -0.98706222093450E+02 -0.17262575645120E+04 -0.11673880620227E+04 -0.89864394658742E+03
   0.75244005831094E+07  0.13627095122658E+08  0.43178696136702E+06  0.66607656246487E+07  0.11907311969536E+07  0.25438759753019E+07  0.15188118195043E+07  0.45254926887211E+08  0.60652931888421E+08  0.12002810644921E+07  0.18997854920969E+06  0.26721134532671E+07  0.25026213936501E+06  0.15849266198657E+05  0.79271542160774E+07  0.26152606768929E+06  0.19222931367488E+07  0.84150614768904E+06  0.31427782321174E+09  0.24005407298190E+07  0.23162559778011E+06  0.23882932162189E+06  0.24448354197622E+07  0.24558616545443E+07  0.23819332583124E+07  0.26077714003816E+07  0.24615961964736E+07  0.24711665530688E+07  0.24296244675276E+07  0.25345062082898E+07 -0.13095805656482E+05 -0.21480742456581E+05 -0.96090467336075E+02 -0.66449324620820E+05 -0.34371315939439E+06 -0.12275485763176E+04 -0.23826084334264E+04 -0.77585356502655E+02 -0.11620767927689E+05 -0.52453500964297E+05 -0.25008504202031E+04 -0.98029953615732E+03 -0.97550454451544E+04 -0.15639690361164E+05 -0.23506435616732E+05 -0.15893707922617E+06 -0.83678817411806E+04 -0.27665482068375E+05 -0.20294668046803E+05 -0.61841302277640E+05
   0.98794992219549E+06  0.29328838169929E+07  0.87437864104658E+05  0.11907311969536E+07  0.28124633744038E+06  0.50520606805788E+06  0.28874794369693E+06  0.92246846637084E+07  0.12587165675813E+08  0.25660716142579E+06  0.38528573846154E+05  0.55411224811251E+06  0.51898960930938E+05  0.32771679436437E+04  0.16358828810140E+07  0.54993237994781E+05  0.39065898219617E+06  0.17033581378884E+06  0.63955169418658E+08  0.50933891690071E+06  0.53006707597698E+05  0.51739816863043E+05  0.50706608586186E+06  0.50721916199937E+06  0.52413388276947E+06  0.48105008443344E+06  0.50984460423218E+06  0.50986958975616E+06  0.51868167658504E+06  0.50017038462759E+06  0.20418486123411E+04  0.34206755091628E+04 -0.55233305686967E+02  0.12009150581427E+05  0.63877704411625E+05  0.29272513868774E+03  0.55093905188662E+03  0.98837851389922E+01  0.29555133424229E+04  0.13195070980068E+05  0.47854830215385E+03  0.17805643339268E+03  0.29011366504578E+03  0.24881547762754E+04  0.50994515409863E+04  0.35450938019367E+05  0.12073780275423E+04  0.60442327927310E+04  0.40230968369223E+04  0.12267081970360E+05
   0.25039518326362E+07  0.55767793172736E+07  0.17154339772412E+06  0.25438759753019E+07  0.50520606805788E+06  0.10134084904594E+07  0.59375173010110E+06  0.18105630367058E+08  0.24367729207839E+08  0.48653964595708E+06  0.75914433604718E+05  0.10732072242032E+07  0.10051675720133E+06  0.63633575905494E+04  0.31812897660913E+07  0.10526973810909E+06  0.76941515401462E+06  0.33679338942270E+06  0.12516658421562E+09  0.97368093417277E+06  0.97303337745739E+05  0.97929082792833E+05  0.98272284926290E+06  0.98630361811682E+06  0.98318817400372E+06  0.10026065578176E+07  0.98882019683965E+06  0.99194705716753E+06  0.98828250842521E+06  0.99985234614985E+06 -0.24439858719479E+04 -0.37105407379719E+04  0.11902917211921E+03 -0.75879167338888E+04 -0.35787229406823E+05  0.82637846083591E+01 -0.12601543305115E+02 -0.18196468339582E+02  0.40785045979142E+03  0.16291834199271E+04 -0.22299483747828E+03 -0.11548827420201E+03 -0.29203403775032E+04 -0.27911954398468E+04 -0.95894397693810E+03 -0.46161182919412E+04 -0.15282280943143E+04 -0.10752170215156E+04 -0.15767056025081E+04 -0.48217335144336E+04
   0.16102792737240E+07  0.32367276499327E+07  0.10092357163424E+06  0.15188118195043E+07  0.28874794369693E+06  0.59375173010110E+06  0.35125575830291E+06  0.10594823099464E+08  0.14261135328727E+08  0.28379536682585E+06  0.44436742283916E+05  0.62812831783809E+06  0.58827591808789E+05  0.37230022558025E+04  0.18607779584961E+07  0.61703038847312E+05  0.44923667305913E+06  0.19648405471326E+06  0.73498404765818E+08  0.56738632205255E+06  0.55860763788536E+05  0.56810054932352E+05  0.57493905254349E+06  0.57731163834856E+06  0.56844856035238E+06  0.59857998011900E+06  0.57861441658633E+06  0.58056317542864E+06  0.57493334992697E+06  0.58994060875090E+06 -0.22686498596324E+04 -0.35360446032309E+04  0.11974715729288E+03 -0.91246619880825E+04 -0.47128909724648E+05 -0.13261591453207E+03 -0.25297616193935E+03 -0.12974920603176E+02 -0.94273178804350E+03 -0.43761573178905E+04 -0.33307092415902E+03 -0.14090228064933E+03 -0.11847112834872E+04 -0.27669778727737E+04 -0.28171498034156E+04 -0.18412049283779E+05 -0.15735701956328E+04 -0.33847496216716E+04 -0.28483531549123E+04 -0.86785497559913E+04
   0.47492865795847E+08  0.10059169283981E+09  0.31134533374259E+07  0.45254926887211E+08  0.92246846637084E+07  0.18105630367058E+08  0.10594823099464E+08  0.33277901192491E+09  0.43836399562927E+09  0.87719565901937E+07  0.13871899139653E+07  0.19460610495373E+08  0.18219140795343E+07  0.11504725781156E+06  0.57553775530434E+08  0.19074473139026E+07  0.13913887999258E+08  0.60846972865123E+07  0.22652073594163E+10  0.17611750361268E+08  0.17598009956094E+07  0.17707509418350E+07  0.17781259684680E+08  0.17858120363364E+08  0.17772018791631E+08  0.18394674778656E+08  0.17890538341994E+08  0.17951502248230E+08  0.17895906472931E+08  0.18110515233356E+08 -0.72481412387594E+05 -0.57817213969769E+05 -0.89750332752231E+05 -0.34563720638694E+06 -0.65408002885261E+06 -0.75532754578928E+05 -0.17139923895425E+06 -0.19180546595655E+04 -0.49724386042815E+04 -0.10003600640474E+05  0.26615521072238E+03  0.22352182387569E+03 -0.33698009927947E+06 -0.90625218719026E+04 -0.33730493689854E+05 -0.77435798732447E+05 -0.12418531717166E+05 -0.34105734679368E+05 -0.37470444341603E+05 -0.48027075091360E+05
   0.61123844160307E+08  0.13676129948012E+09  0.42111178726452E+07  0.60652931888421E+08  0.12587165675813E+08  0.24367729207839E+08  0.14261135328727E+08  0.43836399562927E+09  0.60061352539721E+09  0.12083950401708E+08  0.18402869024760E+07  0.26356216800291E+08  0.24686328791252E+07  0.15601239862875E+06  0.77948661700381E+08  0.26063136077696E+07  0.18687322721731E+08  0.81543507413935E+07  0.30720217093260E+10  0.23968826803276E+08  0.24030588423653E+07  0.24066711036026E+07  0.24105538293358E+08  0.24137284799641E+08  0.24196375291499E+08  0.24039001819349E+08  0.24254933164958E+08  0.24276514795661E+08  0.24321537034571E+08  0.24304952943619E+08  0.12485494653200E+05  0.11685830996640E+05  0.29849878387194E+05  0.74098273225385E+05  0.13508913113225E+06  0.21877418166586E+05  0.49442665509177E+05  0.30714056269109E+03  0.54342317417584E+03  0.11079953680748E+04 -0.12581283238567E+04 -0.68459959014779E+03  0.12750832931732E+06  0.14841816922529E+04  0.45232604827926E+04  0.10151772531074E+05  0.18395142691174E+04  0.44560228610594E+04  0.52120728306155E+04  0.67682069333467E+04
   0.11397207775404E+07  0.27649871990327E+07  0.84468063155639E+05  0.12002810644921E+07  0.25660716142579E+06  0.48653964595708E+06  0.28379536682585E+06  0.87719565901937E+07  0.12083950401708E+08  0.24609206496637E+06  0.36662712610890E+05  0.53035844468032E+06  0.49670831199934E+05  0.31422977558969E+04  0.15655983848394E+07  0.53002751756093E+05  0.37177193951227E+06  0.16166653228681E+06  0.61819643194884E+08  0.48425939607281E+06  0.48839808219265E+05  0.48630147092596E+05  0.48524885931348E+06  0.48472124962322E+06  0.49061573788579E+06  0.47359325119191E+06  0.48833836471438E+06  0.48800796566486E+06  0.49130621298811E+06  0.48538411338799E+06  0.28292341459234E+04  0.19428262025139E+04  0.83944881209185E+03  0.11230723938442E+05  0.22715888155490E+05  0.13232359058140E+04  0.30055878007695E+04  0.49425580085991E+02  0.42493553448312E+03  0.82671120421894E+03  0.12789936683815E+03  0.58766548239797E+02  0.35196167013331E+04  0.41457057156125E+03  0.20403239369100E+04  0.49539595877734E+04  0.64460751410439E+03  0.22351628297450E+04  0.22065065960224E+04  0.27762525693455E+04
   0.20011630257298E+06  0.42083947387810E+06  0.13034427066455E+05  0.18997854920969E+06  0.38528573846154E+05  0.75914433604718E+05  0.44436742283916E+05  0.13871899139653E+07  0.18402869024760E+07  0.36662712610890E+05  0.58074666115725E+04  0.81453280908923E+05  0.76259411564426E+04  0.48143067667732E+03  0.24129224724537E+06  0.79386023415843E+04  0.58633816501061E+05  0.25686362626881E+05  0.94804481259740E+07  0.73689120748121E+05  0.73593923079014E+04  0.74082476014578E+04  0.74412317788156E+05  0.74744608040169E+05  0.74332537266758E+05  0.76714003206508E+05  0.74867431703016E+05  0.75124446809322E+05  0.74871908981388E+05  0.75799578206699E+05 -0.34469519999184E+03 -0.26213598425549E+03 -0.30802040124023E+03 -0.15345189385221E+04 -0.29344878224865E+04 -0.29310403744205E+03 -0.66715714059296E+03 -0.94274601738078E+01 -0.24409408559903E+02 -0.49154427288566E+02 -0.83467374504008E+01 -0.41261842810213E+01 -0.10090356905522E+04 -0.43091508533962E+02 -0.16430670662263E+03 -0.37704179462047E+03 -0.59774494593615E+02 -0.16562881410412E+03 -0.18120238777731E+03 -0.23197831404913E+03
   0.27292053241689E+07  0.60197244546707E+07  0.18559559792299E+06  0.26721134532671E+07  0.55411224811251E+06  0.10732072242032E+07  0.62812831783809E+06  0.19460610495373E+08  0.26356216800291E+08  0.53035844468032E+06  0.81453280908923E+05  0.11621317982290E+07  0.10881234469618E+06  0.68693256362074E+04  0.34322017410949E+07  0.11463861541857E+06  0.82436770521479E+06  0.35994323856136E+06  0.13528206504256E+09  0.10552406699701E+07  0.10576382520084E+06  0.10595874057680E+06  0.10616802470001E+07  0.10639675792047E+07  0.10650115448118E+07  0.10697841846996E+07  0.10681295241162E+07  0.10693187341741E+07  0.10708314043414E+07  0.10716965751575E+07 -0.11423036531294E+04 -0.20942260367236E+00 -0.57064607898600E+03 -0.49856262293338E+04 -0.57394475320444E+02 -0.16719379087566E+04 -0.63586272363343E+02 -0.73505978469126E+02 -0.25220174868407E+00  0.10118572040921E-01 -0.16307131539798E+01 -0.67869390175191E+00  0.30136214947320E+03  0.31147069549949E+03 -0.83411469100127E+02  0.98297343641803E-01  0.12573730241884E+00 -0.30396818013595E+02 -0.73434549221796E+02  0.30061526770015E+00
   0.25611517789335E+06  0.56374119582703E+06  0.17384284062897E+05  0.25026213936501E+06  0.51898960930938E+05  0.10051675720133E+06  0.58827591808789E+05  0.18219140795343E+07  0.24686328791252E+07  0.49670831199934E+05  0.76259411564426E+04  0.10881234469618E+06  0.10191185467956E+05  0.64336522339373E+03  0.32140781968464E+06  0.10740331016733E+05  0.77162023336758E+05  0.33689266339651E+05  0.12669802556858E+08  0.98820688404070E+05  0.99049401226143E+04  0.99236584501107E+04  0.99436767327765E+05  0.99659804048499E+05  0.99726911691347E+05  0.10022711734572E+06  0.10003616649405E+06  0.10015063989213E+06  0.10029336240646E+06  0.10037337995192E+06 -0.17112578370081E+03 -0.33574363715706E-01 -0.24860768023855E+02 -0.60402713477601E+03 -0.65613971351481E+01 -0.11096798047523E+03 -0.16867389210330E+02 -0.63227946166423E+01 -0.17921295384957E+00  0.63859422540231E-02 -0.18084117825617E+00 -0.68460789596341E-01  0.29468626116092E+02  0.70050131525671E+02 -0.28788900208858E+02  0.10043890334042E+00  0.57620356831893E-01 -0.13324378338575E+02 -0.27183377981056E+02  0.16127982415830E+00
   0.15953492936154E+05  0.35640680307829E+05  0.10975099165712E+04  0.15849266198657E+05  0.32771679436437E+04  0.63633575905494E+04  0.37230022558025E+04  0.11504725781156E+06  0.15601239862875E+06  0.31422977558969E+04  0.48143067667732E+03  0.68693256362074E+04  0.64336522339373E+03  0.40671620066799E+02  0.20310973562029E+05  0.67922757536754E+03  0.48711490305580E+04  0.21254546442509E+04  0.80066107916830E+06  0.62444467767825E+04  0.62578633425782E+03  0.62709782764286E+03  0.62828992996392E+04  0.62937282867591E+04  0.63039234856493E+04  0.63172911227655E+04  0.63218989939666E+04  0.63299388490383E+04  0.63374226938856E+04  0.63418662221518E+04  0.87158005382766E-02  0.36656585392245E-05 -0.13843155570479E+01 -0.22956233122739E-01 -0.32859786012518E-04 -0.26097489624532E+00  0.60493846452463E-09 -0.28725029796619E-01  0.00000000000000E+00  0.00000000000000E+00 -0.34162598037789E-03 -0.18783545064926E-03 -0.93533286057178E+00 -0.34277381694327E-08  0.12482301962650E-11  0.13205259178631E-11  0.27657299455022E-12  0.00000000000000E+00 -0.10218596437449E-12  0.12617845109975E-11
   0.80202885778180E+07  0.17797047779562E+08  0.54831197452385E+06  0.79271542160774E+07  0.16358828810140E+07  0.31812897660913E+07  0.18607779584961E+07  0.57553775530434E+08  0.77948661700381E+08  0.15655983848394E+07  0.24129224724537E+06  0.34322017410949E+07  0.32140781968464E+06  0.20310973562029E+05  0.10187397661566E+08  0.33501337980879E+06  0.24726920213633E+07  0.10826811460183E+07  0.39986186507580E+09  0.31184527982705E+07  0.31266079140376E+06  0.31323102446774E+06  0.31375618789329E+07  0.31427291213415E+07  0.31499105123241E+07  0.31495609388428E+07  0.31570501040135E+07  0.31609582062701E+07  0.31655512513412E+07  0.31672181863746E+07 -0.26632083461467E+04 -0.17419500849218E+04 -0.25280065988314E+04  0.18742036284466E+04  0.39846955348693E+04 -0.12196850088581E+04 -0.25115864904081E+04 -0.72851840336115E+03  0.31361917846160E+03  0.55777937223478E+03 -0.28892585283989E+04 -0.15176295541858E+04 -0.23078912111272E+04  0.15831509253443E+03  0.77282473322484E+03  0.25925126817608E+04  0.33951429090817E+03  0.15789427174412E+04  0.13705420776898E+04  0.16767693989213E+04
   0.26595615904633E+06  0.59503702201857E+06  0.18339381225525E+05  0.26152606768929E+06  0.54993237994781E+05  0.10526973810909E+06  0.61703038847312E+05  0.19074473139026E+07  0.26063136077696E+07  0.53002751756093E+05  0.79386023415843E+04  0.11463861541857E+06  0.10740331016733E+05  0.67922757536754E+03  0.33501337980879E+06  0.11832628737103E+05  0.76812715379626E+05  0.33007987433031E+05  0.13377725814255E+08  0.10430737169636E+06  0.10431811233091E+05  0.10467257466012E+05  0.10500411882113E+06  0.10520331705557E+06  0.10494461329211E+06  0.10600274843889E+06  0.10565232900862E+06  0.10578305913192E+06  0.10576937211683E+06  0.10619183705224E+06  0.51203617946365E+03  0.32044764691123E+03  0.28980071852464E+03 -0.12469716696916E+03 -0.42119997777226E+03  0.12843296850852E+03  0.26433862073196E+03  0.81140224160520E+02 -0.86582085658630E+02 -0.15229451144588E+03  0.45950934460987E+03  0.22258536214797E+03 -0.36226206049622E+03 -0.28760186384376E+02 -0.17405890832678E+03 -0.61867781722150E+03 -0.65462241694530E+02 -0.37471150255186E+03 -0.29989456210835E+03 -0.36533853005029E+03
   0.19454092889108E+07  0.42675719330923E+07  0.13154643498390E+06  0.19222931367488E+07  0.39065898219617E+06  0.76941515401462E+06  0.44923667305913E+06  0.13913887999258E+08  0.18687322721731E+08  0.37177193951227E+06  0.58633816501061E+05  0.82436770521479E+06  0.77162023336758E+05  0.48711490305580E+04  0.24726920213633E+07  0.76812715379626E+05  0.62688155907795E+06  0.27831712039058E+06  0.95897874202601E+08  0.74783147831726E+06  0.75093647171426E+05  0.75151355701936E+05  0.75203715816530E+06  0.75290976917409E+06  0.75700793310143E+06  0.75234555843320E+06  0.75680291115818E+06  0.75766440775108E+06  0.75970971362007E+06  0.75818917163308E+06 -0.40223394138533E+04 -0.25221028232253E+04 -0.30248455295412E+04  0.23811642440756E+04  0.56792237221733E+04 -0.12173615207363E+04 -0.25272937062320E+04 -0.79133889582009E+03  0.20142730191974E+03  0.38213986412560E+03 -0.37503859524870E+04 -0.19565535838373E+04  0.30002398636877E+04  0.31998845449895E+03  0.10725345278926E+04  0.30191901507804E+04  0.64076875213549E+03  0.18566552398979E+04  0.20137653001153E+04  0.24858406496942E+04
   0.84966657839684E+06  0.18630152348940E+07  0.57404380074689E+05  0.84150614768904E+06  0.17033581378884E+06  0.33679338942270E+06  0.19648405471326E+06  0.60846972865123E+07  0.81543507413935E+07  0.16166653228681E+06  0.25686362626881E+05  0.35994323856136E+06  0.33689266339651E+05  0.21254546442509E+04  0.10826811460183E+07  0.33007987433031E+05  0.27831712039058E+06  0.12420506507259E+06  0.41842958048799E+08  0.32636791127359E+06  0.32814253958961E+05  0.32813965446791E+05  0.32811430205498E+06  0.32847602920136E+06  0.33109237724836E+06  0.32723819746535E+06  0.33020665639699E+06  0.33060882310941E+06  0.33176734230983E+06  0.33051577995078E+06 -0.27109735959443E+04 -0.16711524716110E+04 -0.15209460141449E+04  0.10399299776577E+04  0.30374328489321E+04 -0.62329366662115E+03 -0.12964250428291E+04 -0.43665746423645E+03  0.21942339051546E+03  0.40302454425694E+03 -0.23913674006929E+04 -0.12011276967246E+04  0.25193621903943E+04  0.21010641345440E+03  0.82584618088478E+03  0.25099981411318E+04  0.44801487098834E+03  0.15528483020985E+04  0.15369051185550E+04  0.18833250359679E+04
   0.32930299003460E+09  0.69830742758325E+09  0.21666018139480E+08  0.31427782321174E+09  0.63955169418658E+08  0.12516658421562E+09  0.73498404765818E+08  0.22652073594163E+10  0.30720217093260E+10  0.61819643194884E+08  0.94804481259740E+07  0.13528206504256E+09  0.12669802556858E+08  0.80066107916830E+06  0.39986186507580E+09  0.13377725814255E+08  0.95897874202601E+08  0.41842958048799E+08  0.15799025142044E+11  0.12270504215954E+09  0.12201949994539E+08  0.12285253561137E+08  0.12366177908748E+09  0.12387004124392E+09  0.12344539373502E+09  0.12518245700642E+09  0.12445940700740E+09  0.12461801066246E+09  0.12451033703969E+09  0.12523779262556E+09 -0.30898411436340E+05 -0.68874789596609E+05  0.99169504321073E+03 -0.51519147122819E+06 -0.25470435906342E+07 -0.13835522735705E+05 -0.27058762414914E+05 -0.21051376484253E+03 -0.16849929176775E+06 -0.74406662793309E+06 -0.22335169614074E+05 -0.70381805445519E+04  0.20010272614357E+05 -0.39047609708549E+05 -0.20197912074174E+06 -0.13502477529804E+07 -0.11382894951575E+04 -0.19032273576461E+06 -0.98980989977741E+05 -0.30875912456603E+06
   0.23277401994889E+07  0.54970571972320E+07  0.16808621924230E+06  0.24005407298190E+07  0.50933891690071E+06  0.97368093417277E+06  0.56738632205255E+06  0.17611750361268E+08  0.23968826803276E+08  0.48425939607281E+06  0.73689120748121E+05  0.10552406699701E+07  0.98820688404070E+05  0.62444467767825E+04  0.31184527982705E+07  0.10430737169636E+06  0.74783147831726E+06  0.32636791127359E+06  0.12270504215954E+09  0.96284703891474E+06  0.97549068615715E+05  0.96936700716663E+05  0.96483328525945E+06  0.96584109316907E+06  0.97376397653130E+06  0.95756661207634E+06  0.97063745951902E+06  0.97095938474404E+06  0.97660870476700E+06  0.96642902504979E+06  0.00000000000000E+00  0.26388849852777E+04  0.00000000000000E+00  0.00000000000000E+00  0.41522811445570E+05  0.00000000000000E+00  0.00000000000000E+00  0.00000000000000E+00  0.00000000000000E+00  0.61781486198184E+04  0.00000000000000E+00  0.00000000000000E+00  0.00000000000000E+00 -0.16220134894106E+04  0.00000000000000E+00  0.16113203807359E+05  0.75616845487305E+03  0.00000000000000E+00  0.00000000000000E+00  0.57894560415365E+04
   0.18887488926041E+06  0.56061210726494E+06  0.16684105895721E+05  0.23162559778011E+06  0.53006707597698E+05  0.97303337745739E+05  0.55860763788536E+05  0.17598009956094E+07  0.24030588423653E+07  0.48839808219265E+05  0.73593923079014E+04  0.10576382520084E+06  0.99049401226143E+04  0.62578633425782E+03  0.31266079140376E+06  0.10431811233091E+05  0.75093647171426E+05  0.32814253958961E+05  0.12201949994539E+08  0.97549068615715E+05  0.10264446326843E+05  0.99539290249620E+04  0.96785369217599E+05  0.96803065394219E+05  0.99596716331695E+05  0.92613097150093E+05  0.97311790594187E+05  0.97266435781095E+05  0.99004386221414E+05  0.95329176716670E+05  0.00000000000000E+00  0.68516897533382E+03  0.00000000000000E+00  0.00000000000000E+00  0.15636871479347E+05  0.00000000000000E+00  0.00000000000000E+00  0.00000000000000E+00  0.00000000000000E+00  0.31330083272655E+04  0.00000000000000E+00  0.00000000000000E+00  0.00000000000000E+00 -0.50863608490846E+03  0.00000000000000E+00  0.71334098394579E+04  0.21895789099419E+03  0.00000000000000E+00  0.00000000000000E+00  0.22604143454951E+04
   0.21992855836505E+06  0.55579663825729E+06  0.16832824427390E+05  0.23882932162189E+06  0.51739816863043E+05  0.97929082792833E+05  0.56810054932352E+05  0.17707509418350E+07  0.24066711036026E+07  0.48630147092596E+05  0.74082476014578E+04  0.10595874057680E+06  0.99236584501107E+04  0.62709782764286E+03  0.31323102446774E+06  0.10467257466012E+05  0.75151355701936E+05  0.32813965446791E+05  0.12285253561137E+08  0.96936700716663E+05  0.99539290249620E+04  0.98239009480191E+04  0.96965805188500E+05  0.97102948318390E+05  0.98445183724145E+05  0.95512521822470E+05  0.97527664895496E+05  0.97616231638255E+05  0.98406124317226E+05  0.96953824256351E+05  0.00000000000000E+00  0.20032863736159E+03  0.00000000000000E+00  0.00000000000000E+00  0.68174220107640E+04  0.00000000000000E+00  0.00000000000000E+00  0.00000000000000E+00  0.00000000000000E+00  0.16308469239130E+04  0.00000000000000E+00  0.00000000000000E+00  0.00000000000000E+00 -0.16609318683054E+03  0.00000000000000E+00  0.32896959884170E+04  0.56655018608356E+02  0.00000000000000E+00  0.00000000000000E+00  0.91270470476772E+03
   0.24620055104394E+07  0.55137285287886E+07  0.16960001166038E+06  0.24448354197622E+07  0.50706608586186E+06  0.98272284926290E+06  0.57493905254349E+06  0.17781259684680E+08  0.24105538293358E+08  0.48524885931348E+06  0.74412317788156E+05  0.10616802470001E+07  0.99436767327765E+05  0.62828992996392E+04  0.31375618789329E+07  0.10500411882113E+06  0.75203715816530E+06  0.32811430205498E+06  0.12366177908748E+09  0.96483328525945E+06  0.96785369217599E+05  0.96965805188500E+05  0.97126730036822E+06  0.97359863337143E+06  0.97521010919102E+06  0.97834628523772E+06  0.97694947205597E+06  0.97835247505540E+06  0.97935849552422E+06  0.98086454511949E+06 -0.72349898994307E+02 -0.26076915222542E+02 -0.13686165962690E+01 -0.14289216421359E+04 -0.15696919080562E+04  0.00000000000000E+00  0.00000000000000E+00  0.00000000000000E+00  0.18464415129340E+04  0.15733875773955E+04  0.00000000000000E+00  0.00000000000000E+00  0.00000000000000E+00  0.46527129192820E+03  0.70290321970507E+03  0.14133376156905E+04 -0.35971916493060E+03  0.41908109577422E+03 -0.10867370492634E+04 -0.57282527980576E+03
   0.25073038912624E+07  0.55227571040859E+07  0.17007320843548E+06  0.24558616545443E+07  0.50721916199937E+06  0.98630361811682E+06  0.57731163834856E+06  0.17858120363364E+08  0.24137284799641E+08  0.48472124962322E+06  0.74744608040169E+05  0.10639675792047E+07  0.99659804048499E+05  0.62937282867591E+04  0.31427291213415E+07  0.10520331705557E+06  0.75290976917409E+06  0.32847602920136E+06  0.12387004124392E+09  0.96584109316907E+06  0.96803065394219E+05  0.97102948318390E+05  0.97359863337143E+06  0.97766544917548E+06  0.97559470664055E+06  0.99298156744688E+06  0.97884044168955E+06  0.98071100420499E+06  0.98061911470580E+06  0.98478822617792E+06 -0.25354382480409E+03 -0.10323348717184E+03 -0.11261386689128E+03 -0.13603926435477E+05 -0.12991460853166E+05  0.00000000000000E+00  0.00000000000000E+00  0.00000000000000E+00  0.27503598855549E+04  0.22362274430503E+04  0.00000000000000E+00  0.00000000000000E+00  0.00000000000000E+00  0.17729553300469E+04 -0.45518561394155E+03  0.85468236194345E+03 -0.10341950225487E+04 -0.28122600697990E+03 -0.37386614221063E+04 -0.22096049947626E+04
   0.18564441348055E+07  0.56504320814374E+07  0.16788397761927E+06  0.23819332583124E+07  0.52413388276947E+06  0.98318817400372E+06  0.56844856035238E+06  0.17772018791631E+08  0.24196375291499E+08  0.49061573788579E+06  0.74332537266758E+05  0.10650115448118E+07  0.99726911691347E+05  0.63039234856493E+04  0.31499105123241E+07  0.10494461329211E+06  0.75700793310143E+06  0.33109237724836E+06  0.12344539373502E+09  0.97376397653130E+06  0.99596716331695E+05  0.98445183724145E+05  0.97521010919102E+06  0.97559470664055E+06  0.10178726258351E+07  0.91046332601726E+06  0.98027818354943E+06  0.98112161401077E+06  0.99023353565948E+06  0.97255615305787E+06  0.32818081195909E+03  0.10705973868957E+03 -0.10910117061587E+02  0.46563611202715E+05  0.49849177641606E+05  0.00000000000000E+00  0.00000000000000E+00  0.00000000000000E+00  0.19198512283543E+05  0.16491556721891E+05  0.00000000000000E+00  0.00000000000000E+00  0.00000000000000E+00 -0.29583492301626E+04  0.25146161945225E+05  0.40992599328154E+05  0.14176034737901E+04  0.40982686703094E+05  0.25654402811216E+05  0.15672684455219E+05
   0.36468036402258E+07  0.53580943622262E+07  0.17490229602068E+06  0.26077714003816E+07  0.48105008443344E+06  0.10026065578176E+07  0.59857998011900E+06  0.18394674778656E+08  0.24039001819349E+08  0.47359325119191E+06  0.76714003206508E+05  0.10697841846996E+07  0.10022711734572E+06  0.63172911227655E+04  0.31495609388428E+07  0.10600274843889E+06  0.75234555843320E+06  0.32723819746535E+06  0.12518245700642E+09  0.95756661207634E+06  0.92613097150093E+05  0.95512521822470E+05  0.97834628523772E+06  0.99298156744688E+06  0.91046332601726E+06  0.11861321933510E+07  0.98263368459975E+06  0.98739324220900E+06  0.96960780572617E+06  0.10118908106140E+07 -0.14753968247842E+04 -0.70101749465216E+03 -0.49082085777313E+04 -0.14191190744775E+06 -0.14243284326397E+06  0.00000000000000E+00  0.00000000000000E+00  0.00000000000000E+00 -0.20212107320918E+05 -0.17628597251167E+05  0.00000000000000E+00  0.00000000000000E+00  0.00000000000000E+00  0.11663863084226E+05 -0.43241203608564E+05 -0.65321730963367E+05 -0.64379328708025E+04 -0.71849676319154E+05 -0.58883722268712E+05 -0.35500388841270E+05
   0.24911415021817E+07  0.55417412139298E+07  0.17069301149157E+06  0.24615961964736E+07  0.50984460423218E+06  0.98882019683965E+06  0.57861441658633E+06  0.17890538341994E+08  0.24254933164958E+08  0.48833836471438E+06  0.74867431703016E+05  0.10681295241162E+07  0.10003616649405E+06  0.63218989939666E+04  0.31570501040135E+07  0.10565232900862E+06  0.75680291115818E+06  0.33020665639699E+06  0.12445940700740E+09  0.97063745951902E+06  0.97311790594187E+05  0.97527664895496E+05  0.97694947205597E+06  0.97884044168955E+06  0.98027818354943E+06  0.98263368459975E+06  0.98306030436875E+06  0.98469934902982E+06  0.98512102037652E+06  0.98799319206509E+06  0.00000000000000E+00 -0.33002255782776E+02  0.00000000000000E+00  0.00000000000000E+00 -0.40783858761494E+04  0.00000000000000E+00  0.00000000000000E+00  0.00000000000000E+00  0.00000000000000E+00  0.88213566058356E+03  0.00000000000000E+00  0.00000000000000E+00  0.00000000000000E+00 -0.87675590412754E+03  0.00000000000000E+00  0.58166399523840E+03 -0.33641908317540E+03  0.00000000000000E+00  0.00000000000000E+00 -0.64363721864079E+03
   0.25123657435521E+07  0.55479817993485E+07  0.17098725389326E+06  0.24711665530688E+07  0.50986958975616E+06  0.99194705716753E+06  0.58056317542864E+06  0.17951502248230E+08  0.24276514795661E+08  0.48800796566486E+06  0.75124446809322E+05  0.10693187341741E+07  0.10015063989213E+06  0.63299388490383E+04  0.31609582062701E+07  0.10578305913192E+06  0.75766440775108E+06  0.33060882310941E+06  0.12461801066246E+09  0.97095938474404E+06  0.97266435781095E+05  0.97616231638255E+05  0.97835247505540E+06  0.98071100420499E+06  0.98112161401077E+06  0.98739324220900E+06  0.98469934902982E+06  0.98756274722355E+06  0.98557369201854E+06  0.99442592828499E+06  0.00000000000000E+00 -0.13328252266197E+03  0.00000000000000E+00  0.00000000000000E+00 -0.18929288439126E+05  0.00000000000000E+00  0.00000000000000E+00  0.00000000000000E+00  0.00000000000000E+00  0.11156697132713E+04  0.00000000000000E+00  0.00000000000000E+00  0.00000000000000E+00 -0.28551273169415E+04  0.00000000000000E+00 -0.30114131350250E+03 -0.86981107789516E+03  0.00000000000000E+00  0.00000000000000E+00 -0.20254803862743E+04
   0.23484761823507E+07  0.55814336211991E+07  0.17055305134482E+06  0.24296244675276E+07  0.51868167658504E+06  0.98828250842521E+06  0.57493334992697E+06  0.17895906472931E+08  0.24321537034571E+08  0.49130621298811E+06  0.74871908981388E+05  0.10708314043414E+07  0.10029336240646E+06  0.63374226938856E+04  0.31655512513412E+07  0.10576937211683E+06  0.75970971362007E+06  0.33176734230983E+06  0.12451033703969E+09  0.97660870476700E+06  0.99004386221414E+05  0.98406124317226E+05  0.97935849552422E+06  0.98061911470580E+06  0.99023353565948E+06  0.96960780572617E+06  0.98512102037652E+06  0.98557369201854E+06  0.99354274684330E+06  0.97863239887689E+06  0.00000000000000E+00  0.97944666990787E+02  0.00000000000000E+00  0.00000000000000E+00  0.34240757013697E+05  0.00000000000000E+00  0.00000000000000E+00  0.00000000000000E+00  0.00000000000000E+00  0.82932603365486E+04  0.00000000000000E+00  0.00000000000000E+00  0.00000000000000E+00  0.41013881719108E+04  0.00000000000000E+00  0.25034269480479E+05  0.15242180880890E+04  0.00000000000000E+00  0.00000000000000E+00  0.11532440710413E+05
   0.27469278238727E+07  0.55249732678194E+07  0.17226402996052E+06  0.25345062082898E+07  0.50017038462759E+06  0.99985234614985E+06  0.58994060875090E+06  0.18110515233356E+08  0.24304952943619E+08  0.48538411338799E+06  0.75799578206699E+05  0.10716965751575E+07  0.10037337995192E+06  0.63418662221518E+04  0.31672181863746E+07  0.10619183705224E+06  0.75818917163308E+06  0.33051577995078E+06  0.12523779262556E+09  0.96642902504979E+06  0.95329176716670E+05  0.96953824256351E+05  0.98086454511949E+06  0.98478822617792E+06  0.97255615305787E+06  0.10118908106140E+07  0.98799319206509E+06  0.99442592828499E+06  0.97863239887689E+06  0.10249199756537E+07  0.00000000000000E+00 -0.46967602062212E+03  0.00000000000000E+00  0.00000000000000E+00 -0.91039606233944E+05  0.00000000000000E+00  0.00000000000000E+00  0.00000000000000E+00  0.00000000000000E+00 -0.81794184714459E+04  0.00000000000000E+00  0.00000000000000E+00  0.00000000000000E+00 -0.11779517061648E+05  0.00000000000000E+00 -0.35064033189359E+05 -0.41844205566162E+04  0.00000000000000E+00  0.00000000000000E+00 -0.20965769258588E+05
  -0.18838217017235E+06  0.17371663711678E+05 -0.76354652012841E+03 -0.13095805656482E+05  0.20418486123411E+04 -0.24439858719479E+04 -0.22686498596324E+04 -0.72481412387594E+05  0.12485494653200E+05  0.28292341459234E+04 -0.34469519999184E+03 -0.11423036531294E+04 -0.17112578370081E+03  0.87158005382766E-02 -0.26632083461467E+04  0.51203617946365E+03 -0.40223394138533E+04 -0.27109735959443E+04 -0.30898411436340E+05  0.00000000000000E+00  0.00000000000000E+00  0.00000000000000E+00 -0.72349898994307E+02 -0.25354382480409E+03  0.32818081195909E+03 -0.14753968247842E+04  0.00000000000000E+00  0.00000000000000E+00  0.00000000000000E+00  0.00000000000000E+00  0.11816871557342E+06  0.00000000000000E+00  0.00000000000000E+00  0.00000000000000E+00  0.00000000000000E+00  0.00000000000000E+00  0.00000000000000E+00  0.00000000000000E+00  0.00000000000000E+00  0.00000000000000E+00  0.00000000000000E+00  0.00000000000000E+00  0.00000000000000E+00  0.00000000000000E+00  0.00000000000000E+00  0.00000000000000E+00  0.00000000000000E+00  0.00000000000000E+00  0.00000000000000E+00  0.00000000000000E+00
  -0.79044282514073E+05  0.85504438634334E+04 -0.31613677512605E+03 -0.21480742456581E+05  0.34206755091628E+04 -0.37105407379719E+04 -0.35360446032309E+04 -0.57817213969769E+05  0.11685830996640E+05  0.19428262025139E+04 -0.26213598425549E+03 -0.20942260367236E+00 -0.33574363715706E-01  0.36656585392245E-05 -0.17419500849218E+04  0.32044764691123E+03 -0.25221028232253E+04 -0.16711524716110E+04 -0.68874789596609E+05  0.26388849852777E+04  0.68516897533382E+03  0.20032863736159E+03 -0.26076915222542E+02 -0.10323348717184E+03  0.10705973868957E+03 -0.70101749465216E+03 -0.33002255782776E+02 -0.13328252266197E+03  0.97944666990787E+02 -0.46967602062212E+03  0.00000000000000E+00  0.65431296637422E+05  0.00000000000000E+00  0.00000000000000E+00  0.00000000000000E+00  0.00000000000000E+00  0.00000000000000E+00  0.00000000000000E+00  0.00000000000000E+00  0.00000000000000E+00  0.00000000000000E+00  0.00000000000000E+00  0.00000000000000E+00  0.00000000000000E+00  0.00000000000000E+00  0.00000000000000E+00  0.00000000000000E+00  0.00000000000000E+00  0.00000000000000E+00  0.00000000000000E+00
