# fitpack15: fit parameters                                                                         
# CJ15 AV18 final data choices                                                                      
# Created on 02/20/2020 at 22:11:37                                                                 

 # QCD setup
  INS                           0
  NVL                          11
  IORD                          1
  Q02                   1.6899999999999999     
  IPARAMC                      -7
  FLAVOR                5.0000000000000000     
  xmc                   1.3000000000000000     
  xmb                   4.5000000000000000     
  ncb                          12
  ihq                           1
  ias                           0

 # Theory corrections
  inuke                     10114
  itmc                          1
  iht                           1

 # fit parameters
 LAMBDA       0.22680        0.0000    
 a0uv          1.5559        0.0000    
 a1uv         0.52094       0.27761E-01
 a2uv          3.5700       0.10903E-01
 a3uv          0.0000        0.0000    
 a4uv          6.0709       0.94306    
 a5uv          0.0000        0.0000    
 a0dv          16.911        0.0000    
 a1dv          1.0564       0.34582E-01
 a2dv          6.4990       0.16601    
 a3dv         -3.5683       0.10096    
 a4dv          5.2116       0.16845    
 a5dv          0.0000        0.0000    
 a0ud         0.13299       0.56722E-02
 a1ud        -0.21621       0.41385E-02
 a2ud          8.7389       0.17599    
 a3ud          0.0000        0.0000    
 a4ud          18.609        1.3785    
 a5ud          0.0000        0.0000    
 a0du          35712.        0.0000    
 a1du          4.0667       0.89680E-01
 a2du          21.117        1.0185    
 a3du          17.000        0.0000    
 a4du          57.619        11.545    
 a0g           41.483        0.0000    
 a1g          0.58179       0.33086E-01
 a2g           6.4790        1.0435    
 a3g          -3.2857       0.17858    
 a4g           3.2145       0.40426    
 a5g           0.0000        0.0000    
 kappa        0.40000        0.0000    
 a6dv         0.55721E-02   0.10495E-02
 a7dv          2.0000        0.0000    
 off1          1.9675       -32308.    
 off2          24.283        2.5971    
 off3          12.220       0.45494E+06
 ht1          -4.1686       0.40042    
 ht2           2.1299       0.16568    
 ht3          -2.0040       0.49498E-01
 ht4          0.14401E-01   0.18657E-01
 ht1n         -4.2233       0.84358    
 ht2n          1.8418       0.23762    
 ht3n         -2.1519       0.83248E-01
 ht4n         0.35572E-01   0.23187E-01
 dummy45       0.0000        0.0000    
 dummy46       0.0000        0.0000    
 dummy47       0.0000        0.0000    
 dummy48       0.0000        0.0000    
 dummy49       0.0000        0.0000    
 bcdmsh2      0.96772       0.50481E-02
 bcdmsd2      0.98583       0.58301E-02
 ccfr          1.0000        0.0000    
 nutev         1.0000        0.0000    
 zeus         0.97998        0.0000    
 h1            1.0162        0.0000    
 e605          1.0319        0.0000    
 NmcH2         1.0046       0.72774E-02
 ntv_nu        1.0000        0.0000    
 ntv_nuba      1.0000        0.0000    
 cdf_jet      0.98910        0.0000    
 d0_jet       0.83504        0.0000    
 slac_p       0.99999       0.56472E-02
 slac_d       0.99701       0.55943E-02
 e866pp       0.99583       0.21640E-01
 e866pd       0.97750       0.16920E-01
 d0_gamje      1.0340       0.16448E-01
 h1b          0.97608        0.0000    
 blank         1.0000        0.0000    
 d0run2       0.94422       0.15919E-01
 cdfrun2      0.93198       0.18285E-01
 HERA_el       1.0000        0.0000    
 HERA_ps       1.0000        0.0000    
 CDF_Z        0.94252       0.67038E-02
 NmcRat        1.0000        0.0000    
 HERMES_F     0.99332       0.61917E-02
 HERMES_F     0.97393       0.61598E-02
 BNS_F2nd     0.98348       0.97598E-02
 END 0. 0.

 # Hessian matrix (Bevington alpha)
   0.11039940247791E+08  0.12943560775788E+08  0.56722739412750E+06  0.66495998510627E+07  0.11920941739349E+07  0.24747065864312E+07  0.15004964599106E+07  0.46475532766737E+08  0.61416209465887E+08  0.11937676717927E+07  0.19635548744264E+06  0.27280006598379E+07  0.25566843254069E+06  0.15956367848952E+05  0.80334400313892E+07  0.26528128914159E+06  0.19367529801068E+07  0.84891024275470E+06  0.32041156685019E+09  0.24657622187725E+07  0.24713539258550E+06  0.24764598838769E+06  0.24761209064821E+07  0.24946723385367E+07  0.23322818408995E+07  0.28558123008809E+07  0.24948744113132E+07  0.25014254346568E+07  0.24614551114058E+07  0.25990175830587E+07 -0.13810890595164E+06 -0.58619936318172E+05 -0.61596870656111E+04 -0.90309926165229E+06 -0.11727517915564E+07 -0.21506233043678E+05 -0.48852797374361E+05 -0.33580548849182E+04 -0.94550884213712E+04 -0.33306533129906E+04 -0.22377189854713E+05 -0.78617267646218E+05 -0.61863308252301E+05  0.17656932006393E+05
   0.12943560775788E+08  0.31515217416011E+08  0.92867562511703E+06  0.13744904174394E+08  0.28975534832359E+07  0.55736219220842E+07  0.32495718841141E+07  0.10058635669660E+09  0.13662686243730E+09  0.27579602743592E+07  0.42066539700872E+06  0.60144935925809E+07  0.56328101310295E+06  0.35614625017637E+05  0.17779884916901E+08  0.59511217634923E+06  0.42618871763783E+07  0.18593823117589E+07  0.69964503513703E+09  0.54673484646340E+07  0.54797469882626E+06  0.54910684577616E+06  0.55048919943439E+07  0.55143663583273E+07  0.55636095557075E+07  0.54658580418162E+07  0.55364704166324E+07  0.55437129123936E+07  0.55595506286667E+07  0.55402664573966E+07  0.17000538120954E+05  0.84067177743239E+04 -0.15080859351088E+03  0.21269844642663E+06  0.26950236798074E+06  0.57228981683685E+04  0.13181041118883E+05  0.42559493255391E+03  0.24243300058691E+04  0.76597711602958E+03 -0.20713994518446E+04  0.88474385826784E+04  0.74334559859905E+04 -0.22819027353813E+04
   0.56722739412750E+06  0.92867562511703E+06  0.33449491784066E+05  0.43785251273247E+06  0.85564017885634E+05  0.17030531012124E+06  0.10118532709651E+06  0.31269745402028E+07  0.42058791554178E+07  0.83595550280897E+05  0.13126971188611E+05  0.18573303842527E+06  0.17402932747210E+05  0.10942119712400E+04  0.54789410247120E+06  0.18303076897056E+05  0.13139105203592E+06  0.57398303811144E+05  0.21727418421933E+08  0.16849959879278E+06  0.16888171203662E+05  0.16923063127611E+05  0.16939774063953E+06  0.17005084568170E+06  0.16561320502289E+06  0.18014404105707E+06  0.17055097080838E+06  0.17084784393409E+06  0.16984324441281E+06  0.17376680161530E+06 -0.38221047674262E+04 -0.16172925200670E+04 -0.80943494860135E+01 -0.25274064063639E+05 -0.32996901430906E+05 -0.61890387306137E+03 -0.14099296223152E+04 -0.83463826526903E+02 -0.26923866007188E+03 -0.94549308317539E+02 -0.16387278679111E+03 -0.18761274904320E+04 -0.15043589308524E+04  0.49625680055052E+03
   0.66495998510627E+07  0.13744904174394E+08  0.43785251273247E+06  0.65638357360008E+07  0.12164704530656E+07  0.25331883228182E+07  0.14988423238405E+07  0.45147555130932E+08  0.60648043659295E+08  0.12041255433588E+07  0.19010288705451E+06  0.26705886323081E+07  0.25010760118860E+06  0.15868610952830E+05  0.79313850176370E+07  0.26026697540773E+06  0.19198166341705E+07  0.84106936276638E+06  0.31276577743482E+09  0.24286858913389E+07  0.24341935189586E+06  0.24392227014625E+06  0.24439222967705E+07  0.24516307747691E+07  0.24285997135478E+07  0.25284335648972E+07  0.24591691612398E+07  0.24648955874996E+07  0.24509509081342E+07  0.25048764808901E+07 -0.13350368061351E+05 -0.22191453743239E+05 -0.19732978821197E+03 -0.68232903923477E+05 -0.35670579074520E+06 -0.13316985472864E+04 -0.24870654498444E+04 -0.69491604368960E+02 -0.25061362825590E+04 -0.97430876982604E+03 -0.11327326020737E+05 -0.77171664142836E+04 -0.22850750016683E+05 -0.16653352659529E+05
   0.11920941739349E+07  0.28975534832359E+07  0.85564017885634E+05  0.12164704530656E+07  0.27454692087433E+06  0.50683821878363E+06  0.29294316085482E+06  0.92403158322559E+07  0.12581421575104E+08  0.25560434215257E+06  0.38536713170007E+05  0.55403518437271E+06  0.51895027046046E+05  0.32744823324328E+04  0.16347717776646E+07  0.55144633969439E+05  0.39041918256148E+06  0.17004611422678E+06  0.64290949141106E+08  0.50353661755119E+06  0.50467850757173E+05  0.50572120212360E+05  0.50677153010051E+06  0.50731349866000E+06  0.51315663957734E+06  0.49789612263106E+06  0.50987286873587E+06  0.51034429769402E+06  0.51378528843272E+06  0.50620635806884E+06  0.20042233291017E+04  0.33822111876273E+04 -0.50341958642215E+02  0.11754263333108E+05  0.63072212703283E+05  0.30788364199625E+03  0.55525067593859E+03  0.85024522745273E+01  0.45886260570241E+03  0.16987535658016E+03  0.44130068841331E+03  0.83087580006876E+03  0.25679628906119E+04  0.25530705747709E+04
   0.24747065864312E+07  0.55736219220842E+07  0.17030531012124E+06  0.25331883228182E+07  0.50683821878363E+06  0.10090268388005E+07  0.59043491576170E+06  0.18074141990897E+08  0.24367972697171E+08  0.48749409314450E+06  0.75898815462020E+05  0.10729024050351E+07  0.10048832571193E+06  0.63682171546101E+04  0.31811401702589E+07  0.10519333157983E+06  0.76724286742439E+06  0.33563248780653E+06  0.12512809607713E+09  0.97572057352969E+06  0.97793325389278E+05  0.97995371971533E+05  0.98208419419684E+06  0.98464767359803E+06  0.98474900929594E+06  0.99573561973889E+06  0.98810344550874E+06  0.99015627683083E+06  0.98967005704900E+06  0.99652562538612E+06 -0.19659010060107E+04 -0.30467255175854E+04  0.61295055069153E+02 -0.58747548013935E+04 -0.27844170847511E+05  0.38025933924624E+02  0.37003190221026E+02 -0.13878519870258E+02 -0.15499159849514E+03 -0.84721476360291E+02 -0.28958125695710E+04 -0.15442813428617E+04 -0.43943670864718E+04 -0.23028858163453E+04
   0.15004964599106E+07  0.32495718841141E+07  0.10118532709651E+06  0.14988423238405E+07  0.29294316085482E+06  0.59043491576170E+06  0.34727662981992E+06  0.10571993782804E+08  0.14261604816624E+08  0.28480736516339E+06  0.44404134638260E+05  0.62796802898208E+06  0.58810827682560E+05  0.37255749425144E+04  0.18609665322649E+07  0.61604562857093E+05  0.44845308242423E+06  0.19614101255143E+06  0.73324267051170E+08  0.57094815937309E+06  0.57224292122895E+05  0.57342520770907E+05  0.57463884198832E+06  0.57623617079243E+06  0.57430368305237E+06  0.58650523689770E+06  0.57816638270370E+06  0.57937317728701E+06  0.57798982624281E+06  0.58502807958645E+06 -0.19296738990016E+04 -0.30507694929193E+04  0.92141172307705E+02 -0.77389796650875E+04 -0.40417454300086E+05 -0.11286813759472E+03 -0.20827266547021E+03 -0.10078740052333E+02 -0.27334588081245E+03 -0.11563568144030E+03 -0.12406452770194E+04 -0.96627387465938E+03 -0.28605553008789E+04 -0.24446990028793E+04
   0.46475532766737E+08  0.10058635669660E+09  0.31269745402028E+07  0.45147555130932E+08  0.92403158322559E+07  0.18074141990897E+08  0.10571993782804E+08  0.33156152421574E+09  0.43865234182992E+09  0.87924324534752E+07  0.13865678869601E+07  0.19459026594031E+08  0.18216697012775E+07  0.11509503376754E+06  0.57533349140697E+08  0.19091712027331E+07  0.13860641653598E+08  0.60577193586814E+07  0.22648633113977E+10  0.17660430929097E+08  0.17700480190925E+07  0.17737050391526E+07  0.17775338734315E+08  0.17829815103862E+08  0.17809223142165E+08  0.18278790476131E+08  0.17883464694468E+08  0.17920811935467E+08  0.17913687898455E+08  0.18077851133750E+08 -0.67196409541137E+05 -0.53763634520784E+05 -0.77315585637291E+05 -0.31630594021322E+06 -0.61654016336279E+06 -0.77908795018387E+05 -0.17596022575063E+06 -0.15656634432311E+04  0.44124153527898E+03  0.34591062359635E+03 -0.30049687863996E+06 -0.15841591733339E+06 -0.19470415524633E+06 -0.86862613220417E+04
   0.61416209465887E+08  0.13662686243730E+09  0.42058791554178E+07  0.60648043659295E+08  0.12581421575104E+08  0.24367972697171E+08  0.14261604816624E+08  0.43865234182992E+09  0.60042674433340E+09  0.12076716098832E+08  0.18401105218239E+07  0.26351391322241E+08  0.24682022015119E+07  0.15598088772558E+06  0.77949507380430E+08  0.26049419349063E+07  0.18688303413535E+08  0.81544870212780E+07  0.30716149584383E+10  0.23954918443823E+08  0.24009241965411E+07  0.24058846427294E+07  0.24103343899465E+08  0.24139960438261E+08  0.24187878564429E+08  0.24054376677324E+08  0.24253151355191E+08  0.24280593394656E+08  0.24315350184766E+08  0.24306265000269E+08  0.11602761664451E+05  0.10938797662827E+05  0.25723328917228E+05  0.68015249484743E+05  0.12831729121079E+06  0.22704670020764E+05  0.51367157418985E+05  0.21228437840750E+03 -0.12803400464178E+04 -0.70467802293183E+03  0.11630620956760E+06  0.46566523832250E+05  0.56769650912474E+05  0.14549276480316E+04
   0.11937676717927E+07  0.27579602743592E+07  0.83595550280897E+05  0.12041255433588E+07  0.25560434215257E+06  0.48749409314450E+06  0.28480736516339E+06  0.87924324534752E+07  0.12076716098832E+08  0.24548195626092E+06  0.36643695627323E+05  0.53033501022730E+06  0.49674559077504E+05  0.31409002618800E+04  0.15652692845478E+07  0.53016616291380E+05  0.37289827593758E+06  0.16225089334907E+06  0.61843882305124E+08  0.48256027947936E+06  0.48365460062352E+05  0.48465385858575E+05  0.48541368564145E+06  0.48555018869168E+06  0.48834565761136E+06  0.47878259928637E+06  0.48850371032507E+06  0.48874325101129E+06  0.49035681195166E+06  0.48682459488181E+06  0.27193731522959E+04  0.18702743642904E+04  0.74583338766140E+03  0.10796803463727E+05  0.22288596496830E+05  0.14457057445112E+04  0.32114703912118E+04  0.44316768271755E+02  0.12088624484086E+03  0.54222916578647E+02  0.31913232545169E+04  0.28807058648557E+04  0.36178227895100E+04  0.40520601927816E+03
   0.19635548744264E+06  0.42066539700872E+06  0.13126971188611E+05  0.19010288705451E+06  0.38536713170007E+05  0.75898815462020E+05  0.44404134638260E+05  0.13865678869601E+07  0.18401105218239E+07  0.36643695627323E+05  0.58296846666634E+04  0.81457294672211E+05  0.76251740220728E+04  0.48167654331266E+03  0.24140668409620E+06  0.79178353949315E+04  0.58473551762431E+05  0.25609514976256E+05  0.94775630819079E+07  0.73889401575174E+05  0.74056963510775E+04  0.74209969416955E+04  0.74377265840390E+05  0.74636638850511E+05  0.74472624949103E+05  0.76507049110871E+05  0.74826033491627E+05  0.74998900394188E+05  0.74928868571972E+05  0.75756995217517E+05 -0.40205320474134E+03 -0.30420284103704E+03 -0.31354691133042E+03 -0.17513742830082E+04 -0.34507469728416E+04 -0.36781070309704E+03 -0.83069573449189E+03 -0.98424266391020E+01 -0.99026705050288E+01 -0.46959219687449E+01 -0.10538818958050E+04 -0.74648083606601E+03 -0.92248462413178E+03 -0.51831928728282E+02
   0.27280006598379E+07  0.60144935925809E+07  0.18573303842527E+06  0.26705886323081E+07  0.55403518437271E+06  0.10729024050351E+07  0.62796802898208E+06  0.19459026594031E+08  0.26351391322241E+08  0.53033501022730E+06  0.81457294672211E+05  0.11621273771806E+07  0.10879867947180E+06  0.68682814972110E+04  0.34319761600330E+07  0.11461842072279E+06  0.82372443021747E+06  0.35959044249068E+06  0.13526914674599E+09  0.10549162734076E+07  0.10573085490101E+06  0.10594930087149E+06  0.10615361180395E+07  0.10636218617258E+07  0.10649909775516E+07  0.10695311186211E+07  0.10680656657100E+07  0.10693535602939E+07  0.10707170329154E+07  0.10715854784609E+07 -0.97002919294496E+03 -0.62810394136661E-01 -0.67236860954279E+03 -0.45014002579131E+04 -0.20600489688364E+02 -0.20867477006336E+04 -0.50274086739578E+02 -0.72964607824525E+02 -0.15646855629517E+01 -0.67645655596830E+00  0.16947910948086E+03 -0.25469494273077E+04 -0.34275013843627E+01  0.23774850959698E+03
   0.25566843254069E+06  0.56328101310295E+06  0.17402932747210E+05  0.25010760118860E+06  0.51895027046046E+05  0.10048832571193E+06  0.58810827682560E+05  0.18216697012775E+07  0.24682022015119E+07  0.49674559077504E+05  0.76251740220728E+04  0.10879867947180E+06  0.10188982535193E+05  0.64323040113278E+03  0.32137438942792E+06  0.10739996195638E+05  0.77101236974408E+05  0.33655208189919E+05  0.12668644696410E+08  0.98799661093539E+05  0.99023713015690E+04  0.99228301648885E+04  0.99421175532124E+05  0.99620590088322E+05  0.99737380332132E+05  0.10014812880999E+06  0.10003091504308E+06  0.10015184658604E+06  0.10028132468536E+06  0.10036972757195E+06 -0.13768071024359E+03 -0.11438946238385E-01 -0.25607267934926E+02 -0.50442586581137E+03 -0.23887914154701E+01 -0.12747986368116E+03 -0.12675326025894E+02 -0.56958969824818E+01 -0.15698139737291E+00 -0.61761481276525E-01  0.19146460328572E+02 -0.17878455159383E+03 -0.39676665044789E+00  0.52002242102010E+02
   0.15956367848952E+05  0.35614625017637E+05  0.10942119712400E+04  0.15868610952830E+05  0.32744823324328E+04  0.63682171546101E+04  0.37255749425144E+04  0.11509503376754E+06  0.15598088772558E+06  0.31409002618800E+04  0.48167654331266E+03  0.68682814972110E+04  0.64323040113278E+03  0.40694103949921E+02  0.20316083371686E+05  0.67857652554837E+03  0.48742454283153E+04  0.21269255914977E+04  0.80061134404421E+06  0.62434765441244E+04  0.62576351242767E+03  0.62705637549867E+03  0.62823963099486E+04  0.62932193169303E+04  0.63034292568477E+04  0.63214086438556E+04  0.63213848155572E+04  0.63295149810345E+04  0.63369064086550E+04  0.63388252510025E+04  0.54372448933563E-01  0.21690983114284E-04 -0.46817781586443E+01 -0.43283634861353E+00 -0.10886948131189E-03 -0.20587939986627E+01 -0.38690030923744E-05 -0.10209257906595E+00 -0.12227014816021E-02 -0.67256152129384E-03 -0.19211588745858E+01 -0.20911555478941E+01  0.41931516744038E-02  0.86443141894074E-05
   0.80334400313892E+07  0.17779884916901E+08  0.54789410247120E+06  0.79313850176370E+07  0.16347717776646E+07  0.31811401702589E+07  0.18609665322649E+07  0.57533349140697E+08  0.77949507380430E+08  0.15652692845478E+07  0.24140668409620E+06  0.34319761600330E+07  0.32137438942792E+06  0.20316083371686E+05  0.10190644378771E+08  0.33459818924876E+06  0.24645725334082E+07  0.10783409268265E+07  0.39984190706404E+09  0.31179871352068E+07  0.31250579186807E+06  0.31315144663981E+06  0.31373933098688E+07  0.31426901703984E+07  0.31483674487172E+07  0.31519979060874E+07  0.31568709932870E+07  0.31608394005081E+07  0.31648909342822E+07  0.31676886700527E+07 -0.27672689488147E+04 -0.18247178809631E+04 -0.25234640606529E+04  0.20241086548188E+04  0.44248387906974E+04 -0.14543826037960E+04 -0.29211824020252E+04 -0.74036816308098E+03 -0.29285804867892E+04 -0.15495657000603E+04 -0.23776151770332E+04 -0.93104912885237E+03 -0.10557792947717E+04  0.19881497582981E+03
   0.26528128914159E+06  0.59511217634923E+06  0.18303076897056E+05  0.26026697540773E+06  0.55144633969439E+05  0.10519333157983E+06  0.61604562857093E+05  0.19091712027331E+07  0.26049419349063E+07  0.53016616291380E+05  0.79178353949315E+04  0.11461842072279E+06  0.10739996195638E+05  0.67857652554837E+03  0.33459818924876E+06  0.11870488603298E+05  0.77750807357662E+05  0.33522150514357E+05  0.13373931823694E+08  0.10434103975345E+06  0.10457765808045E+05  0.10479372148060E+05  0.10499415242549E+06  0.10518104915184E+06  0.10524876711540E+06  0.10539656770082E+06  0.10564277331888E+06  0.10577570872900E+06  0.10585926429016E+06  0.10603827911921E+06  0.51955572023653E+03  0.32754893383682E+03  0.29228164752168E+03 -0.15916478011464E+03 -0.50348229330224E+03  0.15190779945817E+03  0.30364709280181E+03  0.82627647443617E+02  0.45349661656847E+03  0.22295808679852E+03 -0.34060920110420E+03  0.26207862506005E+03  0.29542085471281E+03 -0.36255481532761E+02
   0.19367529801068E+07  0.42618871763783E+07  0.13139105203592E+06  0.19198166341705E+07  0.39041918256148E+06  0.76724286742439E+06  0.44845308242423E+06  0.13860641653598E+08  0.18688303413535E+08  0.37289827593758E+06  0.58473551762431E+05  0.82372443021747E+06  0.77101236974408E+05  0.48742454283153E+04  0.24645725334082E+07  0.77750807357662E+05  0.60826112357789E+06  0.26807311987053E+06  0.95874311952878E+08  0.74745671690150E+06  0.74915175423556E+05  0.75069954444446E+05  0.75206375465448E+06  0.75319651274016E+06  0.75500376098924E+06  0.75585176104760E+06  0.75676039662116E+06  0.75766058973544E+06  0.75884155250137E+06  0.75916554099316E+06 -0.25048851167913E+04 -0.16267236087819E+04 -0.23548582318672E+04  0.19863718812792E+04  0.42802576364767E+04 -0.11343248600311E+04 -0.22848803452005E+04 -0.57868250158363E+03 -0.24736978028081E+04 -0.13252568870164E+04  0.12663881288775E+04 -0.15525437227187E+04 -0.17387938949451E+04  0.21429069652601E+03
   0.84891024275470E+06  0.18593823117589E+07  0.57398303811144E+05  0.84106936276638E+06  0.17004611422678E+06  0.33563248780653E+06  0.19614101255143E+06  0.60577193586814E+07  0.81544870212780E+07  0.16225089334907E+06  0.25609514976256E+05  0.35959044249068E+06  0.33655208189919E+05  0.21269255914977E+04  0.10783409268265E+07  0.33522150514357E+05  0.26807311987053E+06  0.11852353987091E+06  0.41835581821743E+08  0.32612499261630E+06  0.32686455923676E+05  0.32753988004000E+05  0.32813275855444E+06  0.32863339416452E+06  0.32954586670154E+06  0.32999204142740E+06  0.33018487784946E+06  0.33058718253384E+06  0.33115468450451E+06  0.33125334793970E+06 -0.17832222952840E+04 -0.11266885241395E+04 -0.11940567142643E+04  0.92421523787007E+03  0.23581777150231E+04 -0.58071861979941E+03 -0.11698064038374E+04 -0.32174543201704E+03 -0.16132371232040E+04 -0.82919180177805E+03  0.14214039844633E+04 -0.10962437288480E+04 -0.12274312418185E+04  0.15244226852403E+03
   0.32041156685019E+09  0.69964503513703E+09  0.21727418421933E+08  0.31276577743482E+09  0.64290949141106E+08  0.12512809607713E+09  0.73324267051170E+08  0.22648633113977E+10  0.30716149584383E+10  0.61843882305124E+08  0.94775630819079E+07  0.13526914674599E+09  0.12668644696410E+08  0.80061134404421E+06  0.39984190706404E+09  0.13373931823694E+08  0.95874311952878E+08  0.41835581821743E+08  0.15776385056118E+11  0.12293756649980E+09  0.12321635691035E+08  0.12347092892426E+08  0.12368806202285E+09  0.12390015426990E+09  0.12392814416489E+09  0.12455572449944E+09  0.12446363850924E+09  0.12461877126841E+09  0.12469617187711E+09  0.12501669237993E+09 -0.23477839585025E+05 -0.52331326684166E+05  0.74094184489845E+03 -0.38831614920223E+06 -0.19347021633046E+07 -0.11345292650150E+05 -0.21316380700058E+05 -0.13327886338333E+03 -0.16453124311313E+05 -0.51651747835497E+04  0.11985650245156E+05 -0.14326988210660E+05 -0.44862492917361E+05 -0.30869288243261E+05
   0.24657622187725E+07  0.54673484646340E+07  0.16849959879278E+06  0.24286858913389E+07  0.50353661755119E+06  0.97572057352969E+06  0.57094815937309E+06  0.17660430929097E+08  0.23954918443823E+08  0.48256027947936E+06  0.73889401575174E+05  0.10549162734076E+07  0.98799661093539E+05  0.62434765441244E+04  0.31179871352068E+07  0.10434103975345E+06  0.74745671690150E+06  0.32612499261630E+06  0.12293756649980E+09  0.95877223931915E+06  0.96094648527047E+05  0.96293185546119E+05  0.96475193672992E+06  0.96642654549411E+06  0.96797245218936E+06  0.96940394485951E+06  0.97073327207658E+06  0.97197099429485E+06  0.97312626498805E+06  0.97420705741319E+06  0.00000000000000E+00  0.00000000000000E+00  0.00000000000000E+00  0.00000000000000E+00  0.00000000000000E+00  0.00000000000000E+00  0.00000000000000E+00  0.00000000000000E+00  0.00000000000000E+00  0.00000000000000E+00  0.00000000000000E+00  0.00000000000000E+00  0.00000000000000E+00  0.00000000000000E+00
   0.24713539258550E+06  0.54797469882626E+06  0.16888171203662E+05  0.24341935189586E+06  0.50467850757173E+05  0.97793325389278E+05  0.57224292122895E+05  0.17700480190925E+07  0.24009241965411E+07  0.48365460062352E+05  0.74056963510775E+04  0.10573085490101E+06  0.99023713015690E+04  0.62576351242767E+03  0.31250579186807E+06  0.10457765808045E+05  0.74915175423556E+05  0.32686455923676E+05  0.12321635691035E+08  0.96094648527047E+05  0.96312566184583E+04  0.96511553433951E+04  0.96693974307895E+05  0.96861814942006E+05  0.97016756182943E+05  0.97160230075246E+05  0.97293464253774E+05  0.97417517158793E+05  0.97533306213444E+05  0.97641630551556E+05  0.00000000000000E+00  0.00000000000000E+00  0.00000000000000E+00  0.00000000000000E+00  0.00000000000000E+00  0.00000000000000E+00  0.00000000000000E+00  0.00000000000000E+00  0.00000000000000E+00  0.00000000000000E+00  0.00000000000000E+00  0.00000000000000E+00  0.00000000000000E+00  0.00000000000000E+00
   0.24764598838769E+06  0.54910684577616E+06  0.16923063127611E+05  0.24392227014625E+06  0.50572120212360E+05  0.97995371971533E+05  0.57342520770907E+05  0.17737050391526E+07  0.24058846427294E+07  0.48465385858575E+05  0.74209969416955E+04  0.10594930087149E+06  0.99228301648885E+04  0.62705637549867E+03  0.31315144663981E+06  0.10479372148060E+05  0.75069954444446E+05  0.32753988004000E+05  0.12347092892426E+08  0.96293185546119E+05  0.96511553433951E+04  0.96710951802315E+04  0.96893749568178E+05  0.97061936970602E+05  0.97217198328970E+05  0.97360968646510E+05  0.97494478094442E+05  0.97618787299832E+05  0.97734815581267E+05  0.97843363723633E+05  0.00000000000000E+00  0.00000000000000E+00  0.00000000000000E+00  0.00000000000000E+00  0.00000000000000E+00  0.00000000000000E+00  0.00000000000000E+00  0.00000000000000E+00  0.00000000000000E+00  0.00000000000000E+00  0.00000000000000E+00  0.00000000000000E+00  0.00000000000000E+00  0.00000000000000E+00
   0.24761209064821E+07  0.55048919943439E+07  0.16939774063953E+06  0.24439222967705E+07  0.50677153010051E+06  0.98208419419684E+06  0.57463884198832E+06  0.17775338734315E+08  0.24103343899465E+08  0.48541368564145E+06  0.74377265840390E+05  0.10615361180395E+07  0.99421175532124E+05  0.62823963099486E+04  0.31373933098688E+07  0.10499415242549E+06  0.75206375465448E+06  0.32813275855444E+06  0.12368806202285E+09  0.96475193672992E+06  0.96693974307895E+05  0.96893749568178E+05  0.97088998711164E+06  0.97275989356960E+06  0.97443417054575E+06  0.97653833058480E+06  0.97681090198593E+06  0.97809424624741E+06  0.97926250333820E+06  0.98045470408615E+06 -0.47171797959596E+02 -0.16486055598678E+02  0.48171024428969E+01  0.22948806522941E+03  0.26397941266184E+02  0.00000000000000E+00  0.00000000000000E+00  0.00000000000000E+00  0.00000000000000E+00  0.00000000000000E+00  0.00000000000000E+00 -0.30091544665546E+03 -0.17735991280504E+03  0.28438520580525E+03
   0.24946723385367E+07  0.55143663583273E+07  0.17005084568170E+06  0.24516307747691E+07  0.50731349866000E+06  0.98464767359803E+06  0.57623617079243E+06  0.17829815103862E+08  0.24139960438261E+08  0.48555018869168E+06  0.74636638850511E+05  0.10636218617258E+07  0.99620590088322E+05  0.62932193169303E+04  0.31426901703984E+07  0.10518104915184E+06  0.75319651274016E+06  0.32863339416452E+06  0.12390015426990E+09  0.96642654549411E+06  0.96861814942006E+05  0.97061936970602E+05  0.97275989356960E+06  0.97527020456775E+06  0.97581573533648E+06  0.98437136875491E+06  0.97854191630809E+06  0.97995723245633E+06  0.98088147079145E+06  0.98315823871795E+06 -0.18213410979008E+03 -0.70618009077268E+02 -0.13141233454743E+02 -0.74034148303080E+04 -0.73927467533614E+04  0.00000000000000E+00  0.00000000000000E+00  0.00000000000000E+00  0.00000000000000E+00  0.00000000000000E+00  0.00000000000000E+00 -0.19990310306526E+04 -0.11716020431675E+04  0.12676838992391E+04
   0.23322818408995E+07  0.55636095557075E+07  0.16561320502289E+06  0.24285997135478E+07  0.51315663957734E+06  0.98474900929594E+06  0.57430368305237E+06  0.17809223142165E+08  0.24187878564429E+08  0.48834565761136E+06  0.74472624949103E+05  0.10649909775516E+07  0.99737380332132E+05  0.63034292568477E+04  0.31483674487172E+07  0.10524876711540E+06  0.75500376098924E+06  0.32954586670154E+06  0.12392814416489E+09  0.96797245218936E+06  0.97016756182943E+05  0.97217198328970E+05  0.97443417054575E+06  0.97581573533648E+06  0.98655992091429E+06  0.96107129529011E+06  0.98017970185845E+06  0.98144369116883E+06  0.98441115033283E+06  0.98033238960686E+06  0.26642368026916E+03  0.86556201770232E+02 -0.46359339265422E+01  0.42407184271874E+05  0.45334992317701E+05  0.00000000000000E+00  0.00000000000000E+00  0.00000000000000E+00  0.00000000000000E+00  0.00000000000000E+00  0.00000000000000E+00  0.16594823049099E+04  0.10739001599840E+04 -0.25096953765752E+04
   0.28558123008809E+07  0.54658580418162E+07  0.18014404105707E+06  0.25284335648972E+07  0.49789612263106E+06  0.99573561973889E+06  0.58650523689770E+06  0.18278790476131E+08  0.24054376677324E+08  0.47878259928637E+06  0.76507049110871E+05  0.10695311186211E+07  0.10014812880999E+06  0.63214086438556E+04  0.31519979060874E+07  0.10539656770082E+06  0.75585176104760E+06  0.32999204142740E+06  0.12455572449944E+09  0.96940394485951E+06  0.97160230075246E+05  0.97360968646510E+05  0.97653833058480E+06  0.98437136875491E+06  0.96107129529011E+06  0.10880434276120E+07  0.98163693476196E+06  0.98412312197333E+06  0.97985501193739E+06  0.99581067091269E+06 -0.14692462839682E+04 -0.70722174083836E+03 -0.49744249513852E+04 -0.14024447072821E+06 -0.14279906271267E+06  0.00000000000000E+00  0.00000000000000E+00  0.00000000000000E+00  0.00000000000000E+00  0.00000000000000E+00  0.00000000000000E+00 -0.28165816088246E+05 -0.16416715593614E+05  0.11699714916215E+05
   0.24948744113132E+07  0.55364704166324E+07  0.17055097080838E+06  0.24591691612398E+07  0.50987286873587E+06  0.98810344550874E+06  0.57816638270370E+06  0.17883464694468E+08  0.24253151355191E+08  0.48850371032507E+06  0.74826033491627E+05  0.10680656657100E+07  0.10003091504308E+06  0.63213848155572E+04  0.31568709932870E+07  0.10564277331888E+06  0.75676039662116E+06  0.33018487784946E+06  0.12446363850924E+09  0.97073327207658E+06  0.97293464253774E+05  0.97494478094442E+05  0.97681090198593E+06  0.97854191630809E+06  0.98017970185845E+06  0.98163693476196E+06  0.98286838385720E+06  0.98418776218046E+06  0.98529215078975E+06  0.98672149692514E+06  0.00000000000000E+00 -0.11422601538681E+02  0.00000000000000E+00  0.00000000000000E+00 -0.18107072379455E+03  0.00000000000000E+00  0.00000000000000E+00  0.00000000000000E+00  0.00000000000000E+00  0.00000000000000E+00  0.00000000000000E+00  0.00000000000000E+00 -0.19897302393113E+03 -0.30997110182271E+03
   0.25014254346568E+07  0.55437129123936E+07  0.17084784393409E+06  0.24648955874996E+07  0.51034429769402E+06  0.99015627683083E+06  0.57937317728701E+06  0.17920811935467E+08  0.24280593394656E+08  0.48874325101129E+06  0.74998900394188E+05  0.10693535602939E+07  0.10015184658604E+06  0.63295149810345E+04  0.31608394005081E+07  0.10577570872900E+06  0.75766058973544E+06  0.33058718253384E+06  0.12461877126841E+09  0.97197099429485E+06  0.97417517158793E+05  0.97618787299832E+05  0.97809424624741E+06  0.97995723245633E+06  0.98144369116883E+06  0.98412312197333E+06  0.98418776218046E+06  0.98577960847299E+06  0.98641249231542E+06  0.98988815504285E+06  0.00000000000000E+00 -0.59435396120034E+02  0.00000000000000E+00  0.00000000000000E+00 -0.65090121324886E+04  0.00000000000000E+00  0.00000000000000E+00  0.00000000000000E+00  0.00000000000000E+00  0.00000000000000E+00  0.00000000000000E+00  0.00000000000000E+00 -0.14377543680023E+04 -0.14299306990453E+04
   0.24614551114058E+07  0.55595506286667E+07  0.16984324441281E+06  0.24509509081342E+07  0.51378528843272E+06  0.98967005704900E+06  0.57798982624281E+06  0.17913687898455E+08  0.24315350184766E+08  0.49035681195166E+06  0.74928868571972E+05  0.10707170329154E+07  0.10028132468536E+06  0.63369064086550E+04  0.31648909342822E+07  0.10585926429016E+06  0.75884155250137E+06  0.33115468450451E+06  0.12469617187711E+09  0.97312626498805E+06  0.97533306213444E+05  0.97734815581267E+05  0.97926250333820E+06  0.98088147079145E+06  0.98441115033283E+06  0.97985501193739E+06  0.98529215078975E+06  0.98641249231542E+06  0.98939263252376E+06  0.98501024155847E+06  0.00000000000000E+00  0.69527619974102E+02  0.00000000000000E+00  0.00000000000000E+00  0.28734286721248E+05  0.00000000000000E+00  0.00000000000000E+00  0.00000000000000E+00  0.00000000000000E+00  0.00000000000000E+00  0.00000000000000E+00  0.00000000000000E+00  0.82507529736569E+03  0.31295867907387E+04
   0.25990175830587E+07  0.55402664573966E+07  0.17376680161530E+06  0.25048764808901E+07  0.50620635806884E+06  0.99652562538612E+06  0.58502807958645E+06  0.18077851133750E+08  0.24306265000269E+08  0.48682459488181E+06  0.75756995217517E+05  0.10715854784609E+07  0.10036972757195E+06  0.63388252510025E+04  0.31676886700527E+07  0.10603827911921E+06  0.75916554099316E+06  0.33125334793970E+06  0.12501669237993E+09  0.97420705741319E+06  0.97641630551556E+05  0.97843363723633E+05  0.98045470408615E+06  0.98315823871795E+06  0.98033238960686E+06  0.99581067091269E+06  0.98672149692514E+06  0.98988815504285E+06  0.98501024155847E+06  0.10149829921820E+07  0.00000000000000E+00 -0.46460014534144E+03  0.00000000000000E+00  0.00000000000000E+00 -0.89542840624252E+05  0.00000000000000E+00  0.00000000000000E+00  0.00000000000000E+00  0.00000000000000E+00  0.00000000000000E+00  0.00000000000000E+00  0.00000000000000E+00 -0.12853252672950E+05 -0.11748460270028E+05
  -0.13810890595164E+06  0.17000538120954E+05 -0.38221047674262E+04 -0.13350368061351E+05  0.20042233291017E+04 -0.19659010060107E+04 -0.19296738990016E+04 -0.67196409541137E+05  0.11602761664451E+05  0.27193731522959E+04 -0.40205320474134E+03 -0.97002919294496E+03 -0.13768071024359E+03  0.54372448933563E-01 -0.27672689488147E+04  0.51955572023653E+03 -0.25048851167913E+04 -0.17832222952840E+04 -0.23477839585025E+05  0.00000000000000E+00  0.00000000000000E+00  0.00000000000000E+00 -0.47171797959596E+02 -0.18213410979008E+03  0.26642368026916E+03 -0.14692462839682E+04  0.00000000000000E+00  0.00000000000000E+00  0.00000000000000E+00  0.00000000000000E+00  0.11750958888582E+06  0.00000000000000E+00  0.00000000000000E+00  0.00000000000000E+00  0.00000000000000E+00  0.00000000000000E+00  0.00000000000000E+00  0.00000000000000E+00  0.00000000000000E+00  0.00000000000000E+00  0.00000000000000E+00  0.00000000000000E+00  0.00000000000000E+00  0.00000000000000E+00
  -0.58619936318172E+05  0.84067177743239E+04 -0.16172925200670E+04 -0.22191453743239E+05  0.33822111876273E+04 -0.30467255175854E+04 -0.30507694929193E+04 -0.53763634520784E+05  0.10938797662827E+05  0.18702743642904E+04 -0.30420284103704E+03 -0.62810394136661E-01 -0.11438946238385E-01  0.21690983114284E-04 -0.18247178809631E+04  0.32754893383682E+03 -0.16267236087819E+04 -0.11266885241395E+04 -0.52331326684166E+05  0.00000000000000E+00  0.00000000000000E+00  0.00000000000000E+00 -0.16486055598678E+02 -0.70618009077268E+02  0.86556201770232E+02 -0.70722174083836E+03 -0.11422601538681E+02 -0.59435396120034E+02  0.69527619974102E+02 -0.46460014534144E+03  0.00000000000000E+00  0.65540889651183E+05  0.00000000000000E+00  0.00000000000000E+00  0.00000000000000E+00  0.00000000000000E+00  0.00000000000000E+00  0.00000000000000E+00  0.00000000000000E+00  0.00000000000000E+00  0.00000000000000E+00  0.00000000000000E+00  0.00000000000000E+00  0.00000000000000E+00
  -0.61596870656111E+04 -0.15080859351088E+03 -0.80943494860135E+01 -0.19732978821197E+03 -0.50341958642215E+02  0.61295055069153E+02  0.92141172307705E+02 -0.77315585637291E+05  0.25723328917228E+05  0.74583338766140E+03 -0.31354691133042E+03 -0.67236860954279E+03 -0.25607267934926E+02 -0.46817781586443E+01 -0.25234640606529E+04  0.29228164752168E+03 -0.23548582318672E+04 -0.11940567142643E+04  0.74094184489845E+03  0.00000000000000E+00  0.00000000000000E+00  0.00000000000000E+00  0.48171024428969E+01 -0.13141233454743E+02 -0.46359339265422E+01 -0.49744249513852E+04  0.00000000000000E+00  0.00000000000000E+00  0.00000000000000E+00  0.00000000000000E+00  0.00000000000000E+00  0.00000000000000E+00  0.30897537761050E+05  0.00000000000000E+00  0.00000000000000E+00  0.00000000000000E+00  0.00000000000000E+00  0.00000000000000E+00  0.00000000000000E+00  0.00000000000000E+00  0.00000000000000E+00  0.00000000000000E+00  0.00000000000000E+00  0.00000000000000E+00
  -0.90309926165229E+06  0.21269844642663E+06 -0.25274064063639E+05 -0.68232903923477E+05  0.11754263333108E+05 -0.58747548013935E+04 -0.77389796650875E+04 -0.31630594021322E+06  0.68015249484743E+05  0.10796803463727E+05 -0.17513742830082E+04 -0.45014002579131E+04 -0.50442586581137E+03 -0.43283634861353E+00  0.20241086548188E+04 -0.15916478011464E+03  0.19863718812792E+04  0.92421523787007E+03 -0.38831614920223E+06  0.00000000000000E+00  0.00000000000000E+00  0.00000000000000E+00  0.22948806522941E+03 -0.74034148303080E+04  0.42407184271874E+05 -0.14024447072821E+06  0.00000000000000E+00  0.00000000000000E+00  0.00000000000000E+00  0.00000000000000E+00  0.00000000000000E+00  0.00000000000000E+00  0.00000000000000E+00  0.58307818550561E+06  0.00000000000000E+00  0.00000000000000E+00  0.00000000000000E+00  0.00000000000000E+00  0.00000000000000E+00  0.00000000000000E+00  0.00000000000000E+00  0.00000000000000E+00  0.00000000000000E+00  0.00000000000000E+00
  -0.11727517915564E+07  0.26950236798074E+06 -0.32996901430906E+05 -0.35670579074520E+06  0.63072212703283E+05 -0.27844170847511E+05 -0.40417454300086E+05 -0.61654016336279E+06  0.12831729121079E+06  0.22288596496830E+05 -0.34507469728416E+04 -0.20600489688364E+02 -0.23887914154701E+01 -0.10886948131189E-03  0.44248387906974E+04 -0.50348229330224E+03  0.42802576364767E+04  0.23581777150231E+04 -0.19347021633046E+07  0.00000000000000E+00  0.00000000000000E+00  0.00000000000000E+00  0.26397941266184E+02 -0.73927467533614E+04  0.45334992317701E+05 -0.14279906271267E+06 -0.18107072379455E+03 -0.65090121324886E+04  0.28734286721248E+05 -0.89542840624252E+05  0.00000000000000E+00  0.00000000000000E+00  0.00000000000000E+00  0.00000000000000E+00  0.93142661818820E+06  0.00000000000000E+00  0.00000000000000E+00  0.00000000000000E+00  0.00000000000000E+00  0.00000000000000E+00  0.00000000000000E+00  0.00000000000000E+00  0.00000000000000E+00  0.00000000000000E+00
  -0.21506233043678E+05  0.57228981683685E+04 -0.61890387306137E+03 -0.13316985472864E+04  0.30788364199625E+03  0.38025933924624E+02 -0.11286813759472E+03 -0.77908795018387E+05  0.22704670020764E+05  0.14457057445112E+04 -0.36781070309704E+03 -0.20867477006336E+04 -0.12747986368116E+03 -0.20587939986627E+01 -0.14543826037960E+04  0.15190779945817E+03 -0.11343248600311E+04 -0.58071861979941E+03 -0.11345292650150E+05  0.00000000000000E+00  0.00000000000000E+00  0.00000000000000E+00  0.00000000000000E+00  0.00000000000000E+00  0.00000000000000E+00  0.00000000000000E+00  0.00000000000000E+00  0.00000000000000E+00  0.00000000000000E+00  0.00000000000000E+00  0.00000000000000E+00  0.00000000000000E+00  0.00000000000000E+00  0.00000000000000E+00  0.00000000000000E+00  0.13910918243927E+05  0.00000000000000E+00  0.00000000000000E+00  0.00000000000000E+00  0.00000000000000E+00  0.00000000000000E+00  0.00000000000000E+00  0.00000000000000E+00  0.00000000000000E+00
  -0.48852797374361E+05  0.13181041118883E+05 -0.14099296223152E+04 -0.24870654498444E+04  0.55525067593859E+03  0.37003190221026E+02 -0.20827266547021E+03 -0.17596022575063E+06  0.51367157418985E+05  0.32114703912118E+04 -0.83069573449189E+03 -0.50274086739578E+02 -0.12675326025894E+02 -0.38690030923744E-05 -0.29211824020252E+04  0.30364709280181E+03 -0.22848803452005E+04 -0.11698064038374E+04 -0.21316380700058E+05  0.00000000000000E+00  0.00000000000000E+00  0.00000000000000E+00  0.00000000000000E+00  0.00000000000000E+00  0.00000000000000E+00  0.00000000000000E+00  0.00000000000000E+00  0.00000000000000E+00  0.00000000000000E+00  0.00000000000000E+00  0.00000000000000E+00  0.00000000000000E+00  0.00000000000000E+00  0.00000000000000E+00  0.00000000000000E+00  0.00000000000000E+00  0.30917261871320E+05  0.00000000000000E+00  0.00000000000000E+00  0.00000000000000E+00  0.00000000000000E+00  0.00000000000000E+00  0.00000000000000E+00  0.00000000000000E+00
