# fitpack15: fit parameters                                                                         
# CJ15 AV18 final data choices                                                                      
# Created on 02/24/2020 at 09:51:06                                                                 

 # QCD setup
  INS                           0
  NVL                          11
  IORD                          1
  Q02                   1.6899999999999999     
  IPARAMC                      -7
  FLAVOR                4.0000000000000000     
  xmc                   1.3000000000000000     
  xmb                   4.5000000000000000     
  ncb                          12
  ihq                           1
  ias                           0

 # Theory corrections
  inuke                     10114
  itmc                          1
  iht                           1

 # fit parameters
 LAMBDA       0.22680        0.0000    
 a0uv          2.0825        0.0000    
 a1uv         0.58077       0.20188E-01
 a2uv          3.5411       0.10275E-01
 a3uv          0.0000        0.0000    
 a4uv          4.1184       0.49909    
 a5uv          0.0000        0.0000    
 a0dv          11.226        0.0000    
 a1dv         0.97333       0.32071E-01
 a2dv          5.8451       0.10882    
 a3dv         -3.2488       0.10291    
 a4dv          4.8164       0.18894    
 a5dv          0.0000        0.0000    
 a0ud         0.13896       0.48258E-02
 a1ud        -0.21279       0.38127E-02
 a2ud          8.4353       0.17058    
 a3ud          0.0000        0.0000    
 a4ud          16.476        1.3465    
 a5ud          0.0000        0.0000    
 a0du          35712.        0.0000    
 a1du          3.9976       0.75011E-01
 a2du          20.205       0.83946    
 a3du          17.000        0.0000    
 a4du          48.123        11.372    
 a0g           39.151        0.0000    
 a1g          0.57234       0.27223E-01
 a2g           5.7103       0.77750    
 a3g          -3.2630       0.12065    
 a4g           3.0283       0.25150    
 a5g           0.0000        0.0000    
 kappa        0.40000        0.0000    
 a6dv        -0.24193E-02   0.14038E-02
 a7dv          2.0000        0.0000    
 off1        -0.16945       0.11973    
 off2          1.5666       0.71501    
 off3         -3.3895        1.0302    
 ht1          -3.3279       0.27018    
 ht2           1.9327       0.10927    
 ht3          -2.0292       0.30035E-01
 ht4           0.0000        0.0000    
 ht1n         -2.8724       0.61476    
 ht2n          1.7712       0.27753    
 ht3n         -2.3047       0.84256E-01
 ht4n          0.0000        0.0000    
 dummy45       0.0000        0.0000    
 dummy46       0.0000        0.0000    
 dummy47       0.0000        0.0000    
 dummy48       0.0000        0.0000    
 dummy49       0.0000        0.0000    
 bcdmsh2      0.96705       0.36584E-02
 bcdmsd2      0.98884       0.46197E-02
 ccfr          1.0000        0.0000    
 nutev         1.0000        0.0000    
 zeus         0.97998        0.0000    
 h1            1.0162        0.0000    
 e605          1.0319        0.0000    
 NmcH2         1.0041       0.62899E-02
 ntv_nu        1.0000        0.0000    
 ntv_nuba      1.0000        0.0000    
 cdf_jet      0.98910        0.0000    
 d0_jet       0.83504        0.0000    
 slac_p       0.99436       0.28847E-02
 slac_d        1.0001       0.28689E-02
 e866pp       0.96909       0.17400E-01
 e866pd       0.97392       0.15971E-01
 d0_gamje      1.0354       0.16453E-01
 h1b          0.97608        0.0000    
 jlab_p       0.98253       0.45239E-02
 jlab_d       0.97606       0.41583E-02
 blank         1.0000        0.0000    
 d0run2       0.95040       0.14465E-01
 cdfrun2      0.93593       0.17165E-01
 HERA_el       1.0000        0.0000    
 HERA_ps       1.0000        0.0000    
 CDF_Z        0.94781       0.51146E-02
 NmcRat        1.0000        0.0000    
 BNS_F2nd     0.99413       0.10791E-01
 HERMES_F     0.98911        0.0000    
 HERMES_F     0.97441        0.0000    
 e03103_p     0.98724       0.37641E-02
 e03103_d     0.97824       0.34944E-02
 e06009_d_c   0.96171       0.73626E-02
 e94110_p     0.99679       0.45002E-02
 e99118_p      1.0022       0.17193E-01
 e99118_d      1.0219       0.17467E-01
 jlcee96_p     1.0067       0.46237E-02
 jlcee96_d     1.0225       0.43203E-02
 END 0. 0.

 # Hessian matrix (Bevington alpha)
   0.13878697291447E+08  0.12180250099667E+08  0.74441205716063E+06  0.71430091418188E+07  0.10378887319029E+07  0.25392521674951E+07  0.15792482063632E+07  0.46778524293770E+08  0.61393561395711E+08  0.11685062842623E+07  0.19944088970275E+06  0.27315975834620E+07  0.25618998230333E+06  0.15945136670790E+05  0.80189981727316E+07  0.26898855783514E+06  0.19262049216560E+07  0.83927728419795E+06  0.32136914253638E+09  0.23703619626102E+07  0.20511160769547E+06  0.22782019963199E+06  0.75419813349557E+06  0.20566818141681E+07  0.66421552675760E+07  0.33659794643777E+06  0.97428979479803E+06  0.30532997341500E+07 -0.13126231252322E+06 -0.54854742702022E+05 -0.50516875534859E+04 -0.86613344526699E+06 -0.10952631076060E+07 -0.20835284344531E+05 -0.46769641220908E+05 -0.31733582657283E+04 -0.20402985919140E+06 -0.22132719229018E+06 -0.87272199313787E+04 -0.30974975977788E+04 -0.18616231350917E+05  0.16938730296116E+05 -0.31854645302935E+06 -0.52425909890720E+06 -0.16493150666889E+05 -0.34161521233999E+06 -0.44504295826638E+04 -0.33566355743947E+04 -0.22237121435152E+06 -0.16856456449715E+06
   0.12180250099667E+08  0.31727935823521E+08  0.88143939148198E+06  0.13622844497457E+08  0.29402956311991E+07  0.55578966893747E+07  0.32293305184470E+07  0.10051441418217E+09  0.13662503869356E+09  0.27634980672243E+07  0.41999693386844E+06  0.60138033268588E+07  0.56319450987738E+06  0.35614041061015E+05  0.17781983843775E+08  0.59426161642296E+06  0.42644798094488E+07  0.18617643140001E+07  0.69939407632508E+09  0.54909839718807E+07  0.55957342970918E+06  0.55500783300515E+06  0.17284691631243E+07  0.45881888103272E+07  0.15692189863122E+08  0.77137854267611E+06  0.21859591742110E+07  0.69413709306624E+07  0.16774497732681E+05  0.81840812495281E+04 -0.21260013536756E+03  0.21065085327389E+06  0.25930564137012E+06  0.57302568157203E+04  0.13012575197859E+05  0.42116022904943E+03  0.63860499755314E+05  0.68865590203229E+05  0.23030784476669E+04  0.73340823978856E+03 -0.21308521820615E+04 -0.22629618321091E+04  0.80719108845551E+05  0.13179259062453E+06  0.11316118564586E+04  0.77964828945879E+05  0.58950123460837E+03  0.46018092942254E+03  0.43121887228274E+05  0.32933963070776E+05
   0.74441205716063E+06  0.88143939148198E+06  0.42525576877614E+05  0.46379560550239E+06  0.77690328951435E+05  0.17255529968946E+06  0.10488904024417E+06  0.31485116468309E+07  0.42025703874218E+07  0.82065521866734E+05  0.13299394754500E+05  0.18590744891650E+06  0.17430186021062E+05  0.10925523291060E+04  0.54720392679057E+06  0.18444225849155E+05  0.13081785385296E+06  0.56943237711624E+05  0.21822024370446E+08  0.16455030104843E+06  0.15134160850368E+05  0.16087251610544E+05  0.52017164423432E+05  0.14050750607561E+06  0.46409020670645E+06  0.23240578352453E+05  0.66787603163175E+05  0.21045993532416E+06 -0.50231072013298E+04 -0.21061342411158E+04  0.29670454741724E+02 -0.34729784904764E+05 -0.44146886172326E+05 -0.87090831456246E+03 -0.19633293105688E+04 -0.10756211913663E+03 -0.86834720542722E+04 -0.94102281100650E+04 -0.35920888084495E+03 -0.12586098699436E+03 -0.61469685902234E+02  0.65475683660303E+03 -0.13302503677647E+05 -0.21956578245254E+05 -0.63481508971237E+03 -0.14266795589218E+05 -0.17062589988806E+03 -0.12927520132449E+03 -0.91458573538108E+04 -0.69252263850348E+04
   0.71430091418188E+07  0.13622844497457E+08  0.46379560550239E+06  0.67015302033326E+07  0.11766953337977E+07  0.25461688819743E+07  0.15171580407812E+07  0.45238592280338E+08  0.60631251587762E+08  0.11968494053375E+07  0.19118920562756E+06  0.26701333832800E+07  0.25006810002509E+06  0.15879464432562E+05  0.79288374521941E+07  0.26070670458669E+06  0.19239852725824E+07  0.84267185728920E+06  0.31279467118673E+09  0.23986916852858E+07  0.23134722256190E+06  0.23870016097401E+06  0.76213061629402E+06  0.20359557748416E+07  0.68642435642714E+07  0.33917107078518E+06  0.96796887399236E+06  0.30523081631084E+07 -0.13459789711533E+05 -0.22189922952940E+05 -0.30177969178962E+03 -0.67646794575522E+05 -0.35175901633208E+06 -0.14089937481736E+04 -0.24326285966437E+04 -0.69604663177455E+02 -0.11752831455303E+05 -0.52861403637196E+05 -0.23953672295661E+04 -0.94590106429453E+03 -0.12203417412938E+05 -0.16265962501224E+05 -0.23971728677587E+05 -0.16245041131273E+06 -0.86796743932114E+04 -0.28456445329481E+05 -0.48775678022427E+03 -0.14463775735150E+04 -0.20866709772660E+05 -0.63720462583394E+05
   0.10378887319029E+07  0.29402956311991E+07  0.77690328951435E+05  0.11766953337977E+07  0.28663593398910E+06  0.50312655053070E+06  0.28746846862001E+06  0.92211201358196E+07  0.12583969090808E+08  0.25718576117221E+06  0.38344965598185E+05  0.55401435595782E+06  0.51894638171061E+05  0.32733215708588E+04  0.16352485184763E+07  0.55028184657585E+05  0.39030527214919E+06  0.17015632371496E+06  0.64181724798291E+08  0.51022113133060E+06  0.53481922548622E+05  0.51988374742759E+05  0.15924132283749E+06  0.42235357935682E+06  0.14512623914495E+07  0.71504083890061E+05  0.20187071115258E+06  0.64326975530897E+06  0.20821483172351E+04  0.35864138662343E+04 -0.45956141729745E+02  0.13948316988961E+05  0.73416727926575E+05  0.40156473552115E+03  0.67596868050425E+03  0.91071523071245E+01  0.36933647344863E+04  0.16399108011080E+05  0.53847366797974E+03  0.19492934917611E+03  0.39314057389180E+03  0.25678148568196E+04  0.58717126096969E+04  0.40575113815421E+05  0.11349356676463E+04  0.67051970162615E+04  0.73566127689043E+02  0.22367157976493E+03  0.42957152706360E+04  0.13164587459711E+05
   0.25392521674951E+07  0.55578966893747E+07  0.17255529968946E+06  0.25461688819743E+07  0.50312655053070E+06  0.10072938202652E+07  0.59105070941612E+06  0.18071900860942E+08  0.24369726911665E+08  0.48697568863844E+06  0.75977078572921E+05  0.10729831157665E+07  0.10049430328389E+06  0.63695352412125E+04  0.31803481333737E+07  0.10530563582544E+06  0.76789039989581E+06  0.33594725302807E+06  0.12519969641477E+09  0.97298117323262E+06  0.96906616787642E+05  0.97692524386554E+05  0.30708701398851E+06  0.81829753798691E+06  0.27784874713818E+07  0.13716141713233E+06  0.38988800984999E+06  0.12340083557935E+07 -0.20688549185156E+04 -0.32637359129959E+04  0.36755375322434E+02 -0.79517778013381E+04 -0.38945678117528E+05 -0.56140971671914E+02 -0.12012142727195E+03 -0.13259330990062E+02 -0.31605671697454E+03 -0.15421128878065E+04 -0.24388592666536E+03 -0.11117941638148E+03 -0.25470119028388E+04 -0.24577132231363E+04 -0.16642037126425E+04 -0.99788402788304E+04 -0.13192863121199E+04 -0.18741750403449E+04 -0.76326686147008E+02 -0.21927780195427E+03 -0.18573311292543E+04 -0.56970953348222E+04
   0.15792482063632E+07  0.32293305184470E+07  0.10488904024417E+06  0.15171580407812E+07  0.28746846862001E+06  0.59105070941612E+06  0.34934606478546E+06  0.10579621140281E+08  0.14261034668094E+08  0.28399814902181E+06  0.44511897807284E+05  0.62801913885372E+06  0.58814865171678E+05  0.37264612228205E+04  0.18603844154297E+07  0.61710534757145E+05  0.44863360060121E+06  0.19614957747464E+06  0.73377683434777E+08  0.56724809673218E+06  0.55745684011152E+05  0.56721568705830E+05  0.17944950518586E+06  0.47864650536182E+06  0.16207300230082E+07  0.80018747890069E+05  0.22782532168881E+06  0.72019371130116E+06 -0.19124976299736E+04 -0.30617470542465E+04  0.72538493006920E+02 -0.88079726232874E+04 -0.45784920309090E+05 -0.17311034975814E+03 -0.29266385738561E+03 -0.96636922922390E+01 -0.12834738040070E+04 -0.58235415202169E+04 -0.31483722507859E+03 -0.12710193626290E+03 -0.10796945572062E+04 -0.23771989619737E+04 -0.29536011214882E+04 -0.19646318163066E+05 -0.13034686111169E+04 -0.34857579261322E+04 -0.69807287185438E+02 -0.20610529353997E+03 -0.27109285292882E+04 -0.82915728692240E+04
   0.46778524293770E+08  0.10051441418217E+09  0.31485116468309E+07  0.45238592280338E+08  0.92211201358196E+07  0.18071900860942E+08  0.10579621140281E+08  0.33111503180632E+09  0.43879900668855E+09  0.87903483463567E+07  0.13879257413030E+07  0.19463540829011E+08  0.18220957095509E+07  0.11513202712105E+06  0.57525321757790E+08  0.19107372294507E+07  0.13869896739475E+08  0.60618953711047E+07  0.22651423698175E+10  0.17616472224628E+08  0.17601913438064E+07  0.17709027037316E+07  0.55603013813233E+07  0.14822516843991E+08  0.50311560575215E+08  0.24835108775499E+07  0.70596346060061E+07  0.22352125893324E+08 -0.64922003728529E+05 -0.52560252279465E+05 -0.71862323036271E+05 -0.30571995351134E+06 -0.60287304251205E+06 -0.76084092685814E+05 -0.16939345605359E+06 -0.13984414476427E+04 -0.61286055405882E+04 -0.12013932509271E+05  0.46632226916103E+03  0.33359562013871E+03 -0.28540558776113E+06 -0.90667150995559E+04 -0.35372061942792E+05 -0.82938402221558E+05 -0.12449114550971E+05 -0.37167038107391E+05 -0.23323503390892E+04 -0.29413060993424E+04 -0.39169073453865E+05 -0.49938975250675E+05
   0.61393561395711E+08  0.13662503869356E+09  0.42025703874218E+07  0.60631251587762E+08  0.12583969090808E+08  0.24369726911665E+08  0.14261034668094E+08  0.43879900668855E+09  0.60044323798755E+09  0.12077560595856E+08  0.18396336246195E+07  0.26351242324623E+08  0.24682073914042E+07  0.15598022476896E+06  0.77956138236059E+08  0.26044028850611E+07  0.18696287943229E+08  0.81590974927631E+07  0.30716295390416E+10  0.23965718220823E+08  0.24027642544583E+07  0.24063860016791E+07  0.75302451785117E+07  0.20051079792651E+08  0.68311551788612E+08  0.33646742836639E+07  0.95587133763453E+07  0.30339900923877E+08  0.11585387771024E+05  0.11089881478400E+05  0.24744320373670E+05  0.67730720883337E+05  0.12923168554660E+06  0.23011550191495E+05  0.51348550324338E+05  0.17739229412970E+03  0.67550475383016E+03  0.13510184529238E+04 -0.13214909546024E+04 -0.71740452415573E+03  0.11534115854218E+06  0.15812140051815E+04  0.49615645725124E+04  0.11333816541372E+05  0.19713252596869E+04  0.50786876039954E+04  0.45450504427162E+03  0.57262528012204E+03  0.57458606076887E+04  0.74251830276089E+04
   0.11685062842623E+07  0.27634980672243E+07  0.82065521866734E+05  0.11968494053375E+07  0.25718576117221E+06  0.48697568863844E+06  0.28399814902181E+06  0.87903483463567E+07  0.12077560595856E+08  0.24597678313053E+06  0.36538001066881E+05  0.53023568233958E+06  0.49662864459545E+05  0.31403373165893E+04  0.15654472672178E+07  0.53000856980510E+05  0.37229043750858E+06  0.16194541060139E+06  0.61837597171075E+08  0.48429831701733E+06  0.48884695246489E+05  0.48648557268620E+05  0.15149440903202E+06  0.40299763884862E+06  0.13791336237081E+07  0.67758365530823E+05  0.19237536420008E+06  0.61206718944297E+06  0.27865893291999E+04  0.19355473650411E+04  0.73552063083186E+03  0.11226826732516E+05  0.23383813840196E+05  0.15181146151098E+04  0.33064574382886E+04  0.43054433948556E+02  0.57294996479784E+03  0.10871785767232E+04  0.12557765149022E+03  0.56430555991433E+02  0.31916145135342E+04  0.44155473256437E+03  0.23301738992084E+04  0.57787703926737E+04  0.68231849596494E+03  0.26315341499450E+04  0.97565704836450E+02  0.12295938568276E+03  0.24793599280623E+04  0.31042566705224E+04
   0.19944088970275E+06  0.41999693386844E+06  0.13299394754500E+05  0.19118920562756E+06  0.38344965598185E+05  0.75977078572921E+05  0.44511897807284E+05  0.13879257413030E+07  0.18396336246195E+07  0.36538001066881E+05  0.58580450854052E+04  0.81496246348189E+05  0.76284869613442E+04  0.48191715934551E+03  0.24146581098457E+06  0.79075240062735E+04  0.58736909654799E+05  0.25751625248058E+05  0.94780681904823E+07  0.73602426888397E+05  0.73374266571716E+04  0.73999812298400E+04  0.23277851594501E+05  0.62081998643031E+05  0.21033146243143E+06  0.10393760256373E+05  0.29552116489268E+05  0.93464179044289E+05 -0.44951518833645E+03 -0.34268958826009E+03 -0.32649425131958E+03 -0.19536624290440E+04 -0.38982134498329E+04 -0.40838225313327E+03 -0.90929100525826E+03 -0.10248594250929E+02 -0.44904989291673E+02 -0.87967966372867E+02 -0.11439017067039E+02 -0.55180890676198E+01 -0.11207880226852E+04 -0.62598785845938E+02 -0.25390462569831E+03 -0.59610501621285E+03 -0.87670491096990E+02 -0.26653756320071E+03 -0.15660412171151E+02 -0.19756328462931E+02 -0.27857652846501E+03 -0.35449220707296E+03
   0.27315975834620E+07  0.60138033268588E+07  0.18590744891650E+06  0.26701333832800E+07  0.55401435595782E+06  0.10729831157665E+07  0.62801913885372E+06  0.19463540829011E+08  0.26351242324623E+08  0.53023568233958E+06  0.81496246348189E+05  0.11627653688228E+07  0.10884246510162E+06  0.68687332669404E+04  0.34323861072051E+07  0.11457574706553E+06  0.82449761503152E+06  0.36002423475527E+06  0.13527258870008E+09  0.10552534628121E+07  0.10576295210276E+06  0.10595300432867E+06  0.33176218824365E+06  0.88375152812039E+06  0.30079185057242E+07  0.14818608727166E+06  0.42099567829719E+06  0.13360194855963E+07 -0.12207245213165E+04 -0.19433618855082E-01 -0.81579854887363E+03 -0.55190038583684E+04  0.11986632095780E+01 -0.26170843033723E+04 -0.73846604286106E+02 -0.87376390424146E+02 -0.21296416011474E+00  0.14518212321411E-01 -0.18785109886920E+01 -0.80862163590607E+00  0.20007979136997E+03  0.32098851093852E+03 -0.81213096389442E+02  0.10555314918665E+01  0.47438754321279E+00 -0.28400448282516E+02 -0.34655205156707E+02  0.10092161638522E+00 -0.70979897947989E+02  0.15404961817833E+01
   0.25618998230333E+06  0.56319450987738E+06  0.17430186021062E+05  0.25006810002509E+06  0.51894638171061E+05  0.10049430328389E+06  0.58814865171678E+05  0.18220957095509E+07  0.24682073914042E+07  0.49662864459545E+05  0.76284869613442E+04  0.10884246510162E+06  0.10193191709767E+05  0.64320240473088E+03  0.32140365755759E+06  0.10736910253980E+05  0.77155993062680E+05  0.33687619736160E+05  0.12669026362533E+08  0.98818913178322E+05  0.99047978716828E+04  0.99232135441406E+04  0.31074970362333E+05  0.82778200985637E+05  0.28169756937935E+06  0.13878286573745E+05  0.39429067063592E+05  0.12512892728959E+06 -0.17961267080971E+03  0.24631518012244E-02 -0.31338254257467E+02 -0.64512182976811E+03  0.16297704489487E+01 -0.16242493198013E+03 -0.19326003959043E+02 -0.69760754749836E+01 -0.15095590518624E+00  0.81535163001531E-02 -0.19626903128353E+00 -0.76466070209573E-01  0.23624751837851E+02  0.71888550745326E+02 -0.27871535812011E+02  0.40336929250483E+00  0.17522902318688E+00 -0.12383895706638E+02 -0.60536962053332E+01  0.21794590535306E-01 -0.26123168682580E+02  0.55604139264206E+00
   0.15945136670790E+05  0.35614041061015E+05  0.10925523291060E+04  0.15879464432562E+05  0.32733215708588E+04  0.63695352412125E+04  0.37264612228205E+04  0.11513202712105E+06  0.15598022476896E+06  0.31403373165893E+04  0.48191715934551E+03  0.68687332669404E+04  0.64320240473088E+03  0.40718559564855E+02  0.20320793404229E+05  0.67821942998807E+03  0.48789304762817E+04  0.21292770454449E+04  0.80062517806350E+06  0.62452944028253E+04  0.62575141440372E+03  0.62705407090415E+03  0.19630444761022E+04  0.52280016057304E+04  0.17802767000642E+05  0.87714160438558E+03  0.24920879707926E+04  0.79070530642483E+04  0.71635220466266E-01 -0.38154803191383E-04 -0.68700999676996E+01 -0.10529879957565E+01 -0.25170010756211E-02 -0.39727595838286E+01 -0.38188611986207E-04 -0.16108323792996E+00 -0.17254936840932E-12  0.18020572485871E-10 -0.19294620140511E-02 -0.10562598658324E-02 -0.22149829934185E+01  0.13072209927167E-03 -0.62576935458733E-06  0.14767040827111E-07  0.44323795201252E-08 -0.20918356197987E-07 -0.26320175557925E-04  0.61020384007590E-07 -0.29783118311526E-06  0.20753516286496E-07
   0.80189981727316E+07  0.17781983843775E+08  0.54720392679057E+06  0.79288374521941E+07  0.16352485184763E+07  0.31803481333737E+07  0.18603844154297E+07  0.57525321757790E+08  0.77956138236059E+08  0.15654472672178E+07  0.24146581098457E+06  0.34323861072051E+07  0.32140365755759E+06  0.20320793404229E+05  0.10191331588753E+08  0.33441805178574E+06  0.24723117318534E+07  0.10826945671686E+07  0.39983274308514E+09  0.31183673131770E+07  0.31266639051816E+06  0.31322794923788E+06  0.98031932728040E+06  0.26106768826619E+07  0.88923812272653E+07  0.43805517528808E+06  0.12445374189564E+07  0.39492719252545E+07 -0.29323218763779E+04 -0.19154569768232E+04 -0.24947170073132E+04  0.18600602522272E+04  0.41813331788026E+04 -0.15477884781434E+04 -0.29666596133294E+04 -0.74149788591510E+03  0.35676560388616E+03  0.63540155070421E+03 -0.30402246439171E+04 -0.15868093107474E+04 -0.21463184869289E+04  0.18548897081118E+03  0.87696564534125E+03  0.29505251403494E+04  0.38813639002536E+03  0.18026793495441E+04  0.52282975888427E+02  0.61558370732919E+02  0.15624132628382E+04  0.19140513837938E+04
   0.26898855783514E+06  0.59426161642296E+06  0.18444225849155E+05  0.26070670458669E+06  0.55028184657585E+05  0.10530563582544E+06  0.61710534757145E+05  0.19107372294507E+07  0.26044028850611E+07  0.53000856980510E+05  0.79075240062735E+04  0.11457574706553E+06  0.10736910253980E+05  0.67821942998807E+03  0.33441805178574E+06  0.11913726027068E+05  0.76730025983664E+05  0.32934147069995E+05  0.13377838479005E+08  0.10429546723658E+06  0.10427377914247E+05  0.10464790351745E+05  0.32801769269234E+05  0.87370870216970E+05  0.29712809592332E+06  0.14648896149373E+05  0.41630961701485E+05  0.13204039198807E+06  0.57211074078064E+03  0.35810035715581E+03  0.29321992552453E+03 -0.11685359316468E+03 -0.44712831925079E+03  0.16821762853648E+03  0.32112408901235E+03  0.85261723414437E+02 -0.99356613370882E+02 -0.17517295398011E+03  0.49677617787395E+03  0.23927415206157E+03 -0.39779932384724E+03 -0.33570281099775E+02 -0.19858605835276E+03 -0.70923037952030E+03 -0.74946915424845E+02 -0.43040536497025E+03 -0.82436059213175E+01 -0.99049142443737E+01 -0.34344103834929E+03 -0.41886283602193E+03
   0.19262049216560E+07  0.42644798094488E+07  0.13081785385296E+06  0.19239852725824E+07  0.39030527214919E+06  0.76789039989581E+06  0.44863360060121E+06  0.13869896739475E+08  0.18696287943229E+08  0.37229043750858E+06  0.58736909654799E+05  0.82449761503152E+06  0.77155993062680E+05  0.48789304762817E+04  0.24723117318534E+07  0.76730025983664E+05  0.62179359172134E+06  0.27569358816008E+06  0.95872457386957E+08  0.74776767479074E+06  0.75074372653002E+05  0.75139572018426E+05  0.23489904842978E+06  0.62552798878127E+06  0.21330976005630E+07  0.10500427420038E+06  0.29832734510831E+06  0.94717400937294E+06 -0.36166295785131E+04 -0.22911621081120E+04 -0.27643497556954E+04  0.22669422205056E+04  0.53611403678050E+04 -0.14193424598324E+04 -0.27397295405757E+04 -0.71998468397110E+03  0.17300179900453E+03  0.32831101583120E+03 -0.33337416356984E+04 -0.17513127962874E+04  0.23876448857830E+04  0.30284515316682E+03  0.95368254499807E+03  0.26658224571866E+04  0.57838579633837E+03  0.16444193211309E+04  0.85694456158120E+02  0.98645902262832E+02  0.17976816959884E+04  0.22273021431588E+04
   0.83927728419795E+06  0.18617643140001E+07  0.56943237711624E+05  0.84267185728920E+06  0.17015632371496E+06  0.33594725302807E+06  0.19614957747464E+06  0.60618953711047E+07  0.81590974927631E+07  0.16194541060139E+06  0.25751625248058E+05  0.36002423475527E+06  0.33687619736160E+05  0.21292770454449E+04  0.10826945671686E+07  0.32934147069995E+05  0.27569358816008E+06  0.12285715698455E+06  0.41831761524795E+08  0.32633940843163E+06  0.32805111838293E+05  0.32808370331570E+05  0.10249074860034E+06  0.27292788946961E+06  0.93136198337163E+06  0.45829431138802E+05  0.13019531846634E+06  0.41344731038841E+06 -0.25037688399405E+04 -0.15540888191140E+04 -0.13979867855440E+04  0.99403466166451E+03  0.28868896186680E+04 -0.73438453498451E+03 -0.14176317665733E+04 -0.40165016666161E+03  0.20573064898361E+03  0.37697099352346E+03 -0.21724410856930E+04 -0.10948857924503E+04  0.21681775116639E+04  0.20266863041598E+03  0.76399404002704E+03  0.23277739351408E+04  0.41552682024679E+03  0.14435427182890E+04  0.51412708387123E+02  0.59977595075319E+02  0.14242402594261E+04  0.17497625584889E+04
   0.32136914253638E+09  0.69939407632508E+09  0.21822024370446E+08  0.31279467118673E+09  0.64181724798291E+08  0.12519969641477E+09  0.73377683434777E+08  0.22651423698175E+10  0.30716295390416E+10  0.61837597171075E+08  0.94780681904823E+07  0.13527258870008E+09  0.12669026362533E+08  0.80062517806350E+06  0.39983274308514E+09  0.13377838479005E+08  0.95872457386957E+08  0.41831761524795E+08  0.15772739280949E+11  0.12282029691155E+09  0.12261426052193E+08  0.12315988075994E+08  0.38623387818772E+08  0.10290705179305E+09  0.35025376548178E+09  0.17252367577959E+08  0.49047162179445E+08  0.15560049083847E+09 -0.15341860304131E+05 -0.34374098678304E+05  0.44765520580696E+03 -0.25854444348106E+06 -0.12820453395861E+07 -0.80654819535442E+04 -0.14079613838760E+05 -0.89704033409118E+02 -0.83931040926993E+05 -0.37111853420058E+06 -0.10814852424278E+05 -0.34073913566239E+04  0.75102795432757E+04 -0.19850237849400E+05 -0.10067287218140E+06 -0.67419420498832E+06 -0.86739282123424E+03 -0.94827429468658E+05 -0.58497429090631E+03 -0.18324800587188E+04 -0.49400981383065E+05 -0.15425036253404E+06
   0.23703619626102E+07  0.54909839718807E+07  0.16455030104843E+06  0.23986916852858E+07  0.51022113133060E+06  0.97298117323262E+06  0.56724809673218E+06  0.17616472224628E+08  0.23965718220823E+08  0.48429831701733E+06  0.73602426888397E+05  0.10552534628121E+07  0.98818913178322E+05  0.62452944028253E+04  0.31183673131770E+07  0.10429546723658E+06  0.74776767479074E+06  0.32633940843163E+06  0.12282029691155E+09  0.96279107340271E+06  0.97541669001649E+05  0.96932264714169E+05  0.30162648198083E+06  0.80261674021373E+06  0.27386515322579E+07  0.13493008366878E+06  0.38280681986181E+06  0.12164277969502E+07  0.00000000000000E+00  0.26159449397385E+04  0.00000000000000E+00  0.00000000000000E+00  0.41254692093171E+05  0.00000000000000E+00  0.00000000000000E+00  0.00000000000000E+00  0.00000000000000E+00  0.61321190937833E+04  0.00000000000000E+00  0.00000000000000E+00  0.00000000000000E+00 -0.16133319072458E+04  0.00000000000000E+00  0.16042202055418E+05  0.75574635794083E+03  0.00000000000000E+00  0.00000000000000E+00  0.14860283494158E+03  0.00000000000000E+00  0.57754242812411E+04
   0.20511160769547E+06  0.55957342970918E+06  0.15134160850368E+05  0.23134722256190E+06  0.53481922548622E+05  0.96906616787642E+05  0.55745684011152E+05  0.17601913438064E+07  0.24027642544583E+07  0.48884695246489E+05  0.73374266571716E+04  0.10576295210276E+06  0.99047978716828E+04  0.62575141440372E+03  0.31266639051816E+06  0.10427377914247E+05  0.75074372653002E+05  0.32805111838293E+05  0.12261426052193E+08  0.97541669001649E+05  0.10262086266173E+05  0.99524400675645E+04  0.30354327878394E+05  0.80530921513323E+05  0.27617555937311E+06  0.13642581223637E+05  0.38497860568452E+05  0.12266160463363E+06  0.00000000000000E+00  0.67937319921703E+03  0.00000000000000E+00  0.00000000000000E+00  0.15548975631889E+05  0.00000000000000E+00  0.00000000000000E+00  0.00000000000000E+00  0.00000000000000E+00  0.31095601092835E+04  0.00000000000000E+00  0.00000000000000E+00  0.00000000000000E+00 -0.50624175229879E+03  0.00000000000000E+00  0.71031949505107E+04  0.21867996522312E+03  0.00000000000000E+00  0.00000000000000E+00  0.45878063381375E+02  0.00000000000000E+00  0.22533162618459E+04
   0.22782019963199E+06  0.55500783300515E+06  0.16087251610544E+05  0.23870016097401E+06  0.51988374742759E+05  0.97692524386554E+05  0.56721568705830E+05  0.17709027037316E+07  0.24063860016791E+07  0.48648557268620E+05  0.73999812298400E+04  0.10595300432867E+06  0.99232135441406E+04  0.62705407090415E+03  0.31322794923788E+06  0.10464790351745E+05  0.75139572018426E+05  0.32808370331570E+05  0.12315988075994E+08  0.96932264714169E+05  0.99524400675645E+04  0.98228598660593E+04  0.30366526914758E+05  0.80712475350534E+05  0.27560821890799E+06  0.13607138197696E+05  0.38523550042818E+05  0.12239830904067E+06  0.00000000000000E+00  0.19912977398564E+03  0.00000000000000E+00  0.00000000000000E+00  0.67774465176414E+04  0.00000000000000E+00  0.00000000000000E+00  0.00000000000000E+00  0.00000000000000E+00  0.16185152197512E+04  0.00000000000000E+00  0.00000000000000E+00  0.00000000000000E+00 -0.16538971888955E+03  0.00000000000000E+00  0.32763015131769E+04  0.56544907640358E+02  0.00000000000000E+00  0.00000000000000E+00  0.15319818477680E+02  0.00000000000000E+00  0.90925260033406E+03
   0.75419813349557E+06  0.17284691631243E+07  0.52017164423432E+05  0.76213061629402E+06  0.15924132283749E+06  0.30708701398851E+06  0.17944950518586E+06  0.55603013813233E+07  0.75302451785117E+07  0.15149440903202E+06  0.23277851594501E+05  0.33176218824365E+06  0.31074970362333E+05  0.19630444761022E+04  0.98031932728040E+06  0.32801769269234E+05  0.23489904842978E+06  0.10249074860034E+06  0.38623387818772E+08  0.30162648198083E+06  0.30354327878394E+05  0.30366526914758E+05  0.95213036578451E+05  0.25322741645584E+06  0.86129173818809E+06  0.42445872671652E+05  0.12045803341040E+06  0.38200405341765E+06 -0.55330265196661E+02 -0.19723932815566E+02  0.25239367647610E+01  0.38170583744380E+02 -0.55604304257392E+02  0.00000000000000E+00  0.00000000000000E+00  0.00000000000000E+00  0.21247795453272E+04  0.18099782347713E+04  0.00000000000000E+00  0.00000000000000E+00  0.00000000000000E+00  0.33250997988143E+03  0.12228185822191E+04  0.21961173148411E+04 -0.28989755742929E+03  0.12352671440207E+04 -0.47357519171548E+02 -0.25688998032077E+02 -0.43949085626875E+03 -0.17671449515647E+03
   0.20566818141681E+07  0.45881888103272E+07  0.14050750607561E+06  0.20359557748416E+07  0.42235357935682E+06  0.81829753798691E+06  0.47864650536182E+06  0.14822516843991E+08  0.20051079792651E+08  0.40299763884862E+06  0.62081998643031E+05  0.88375152812039E+06  0.82778200985637E+05  0.52280016057304E+04  0.26106768826619E+07  0.87370870216970E+05  0.62552798878127E+06  0.27292788946961E+06  0.10290705179305E+09  0.80261674021373E+06  0.80530921513323E+05  0.80712475350534E+05  0.25322741645584E+06  0.67423108413485E+06  0.22907027797914E+07  0.11294680778609E+06  0.32072818283996E+06  0.10168966221709E+07 -0.17314355135929E+03 -0.69547316584193E+02 -0.47024257289190E+02 -0.77519371955745E+04 -0.72912694801487E+04  0.00000000000000E+00  0.00000000000000E+00  0.00000000000000E+00  0.29451437520416E+04  0.24117349222456E+04  0.00000000000000E+00  0.00000000000000E+00  0.00000000000000E+00  0.11893755755664E+04  0.75082386657997E+03  0.24195697945302E+04 -0.73043914502925E+03  0.15252496276294E+04 -0.17162866959674E+03 -0.95764444486966E+02 -0.17872274137837E+04 -0.10248263067019E+04
   0.66421552675760E+07  0.15692189863122E+08  0.46409020670645E+06  0.68642435642714E+07  0.14512623914495E+07  0.27784874713818E+07  0.16207300230082E+07  0.50311560575215E+08  0.68311551788612E+08  0.13791336237081E+07  0.21033146243143E+06  0.30079185057242E+07  0.28169756937935E+06  0.17802767000642E+05  0.88923812272653E+07  0.29712809592332E+06  0.21330976005630E+07  0.93136198337163E+06  0.35025376548178E+09  0.27386515322579E+07  0.27617555937311E+06  0.27560821890799E+06  0.86129173818809E+06  0.22907027797914E+07  0.78238517688688E+07  0.38473663597993E+06  0.10919931136508E+07  0.34664813139107E+07  0.25776975071775E+03  0.83705887585467E+02 -0.69037157334782E+01  0.38705095035339E+05  0.41260910517129E+05  0.00000000000000E+00  0.00000000000000E+00  0.00000000000000E+00  0.16496075102400E+05  0.14077953498839E+05  0.00000000000000E+00  0.00000000000000E+00  0.00000000000000E+00 -0.23375844630109E+04  0.21153740888260E+05  0.34354163931111E+05  0.10847263101198E+04  0.34237684468044E+05  0.34833619426990E+03  0.21516466287358E+03  0.21068285541018E+05  0.12832525754641E+05
   0.33659794643777E+06  0.77137854267611E+06  0.23240578352453E+05  0.33917107078518E+06  0.71504083890061E+05  0.13716141713233E+06  0.80018747890069E+05  0.24835108775499E+07  0.33646742836639E+07  0.67758365530823E+05  0.10393760256373E+05  0.14818608727166E+06  0.13878286573745E+05  0.87714160438558E+03  0.43805517528808E+06  0.14648896149373E+05  0.10500427420038E+06  0.45829431138802E+05  0.17252367577959E+08  0.13493008366878E+06  0.13642581223637E+05  0.13607138197696E+05  0.42445872671652E+05  0.11294680778609E+06  0.38473663597993E+06  0.19006963769147E+05  0.53897473292996E+05  0.17085308311393E+06  0.00000000000000E+00 -0.95551002466453E+01  0.00000000000000E+00  0.00000000000000E+00  0.77802628039210E+03  0.00000000000000E+00  0.00000000000000E+00  0.00000000000000E+00  0.00000000000000E+00  0.13791851496007E+04  0.00000000000000E+00  0.00000000000000E+00  0.00000000000000E+00 -0.21015755227480E+03  0.00000000000000E+00  0.25101921103754E+04 -0.11673449472873E+03  0.00000000000000E+00  0.00000000000000E+00 -0.91439883660962E+01  0.00000000000000E+00  0.46431353516048E+03
   0.97428979479803E+06  0.21859591742110E+07  0.66787603163175E+05  0.96796887399236E+06  0.20187071115258E+06  0.38988800984999E+06  0.22782532168881E+06  0.70596346060061E+07  0.95587133763453E+07  0.19237536420008E+06  0.29552116489268E+05  0.42099567829719E+06  0.39429067063592E+05  0.24920879707926E+04  0.12445374189564E+07  0.41630961701485E+05  0.29832734510831E+06  0.13019531846634E+06  0.49047162179445E+08  0.38280681986181E+06  0.38497860568452E+05  0.38523550042818E+05  0.12045803341040E+06  0.32072818283996E+06  0.10919931136508E+07  0.53897473292996E+05  0.15302045533994E+06  0.48494658106411E+06  0.00000000000000E+00 -0.33032984768403E+02  0.00000000000000E+00  0.00000000000000E+00 -0.23159075731498E+04  0.00000000000000E+00  0.00000000000000E+00  0.00000000000000E+00  0.00000000000000E+00  0.16637660792267E+04  0.00000000000000E+00  0.00000000000000E+00  0.00000000000000E+00 -0.66642230772500E+03  0.00000000000000E+00  0.32688606404971E+04 -0.21367154997522E+03  0.00000000000000E+00  0.00000000000000E+00 -0.37018015336680E+02  0.00000000000000E+00  0.58426397506214E+03
   0.30532997341500E+07  0.69413709306624E+07  0.21045993532416E+06  0.30523081631084E+07  0.64326975530897E+06  0.12340083557935E+07  0.72019371130116E+06  0.22352125893324E+08  0.30339900923877E+08  0.61206718944297E+06  0.93464179044289E+05  0.13360194855963E+07  0.12512892728959E+06  0.79070530642483E+04  0.39492719252545E+07  0.13204039198807E+06  0.94717400937294E+06  0.41344731038841E+06  0.15560049083847E+09  0.12164277969502E+07  0.12266160463363E+06  0.12239830904067E+06  0.38200405341765E+06  0.10168966221709E+07  0.34664813139107E+07  0.17085308311393E+06  0.48494658106411E+06  0.15400666168623E+07  0.00000000000000E+00  0.51303711110671E+02  0.00000000000000E+00  0.00000000000000E+00  0.20570559478572E+05  0.00000000000000E+00  0.00000000000000E+00  0.00000000000000E+00  0.00000000000000E+00  0.58534721688667E+04  0.00000000000000E+00  0.00000000000000E+00  0.00000000000000E+00  0.21935802987649E+04  0.00000000000000E+00  0.16417364654710E+05  0.78608266902270E+03  0.00000000000000E+00  0.00000000000000E+00  0.12995314450774E+03  0.00000000000000E+00  0.70154732647378E+04
  -0.13126231252322E+06  0.16774497732681E+05 -0.50231072013298E+04 -0.13459789711533E+05  0.20821483172351E+04 -0.20688549185156E+04 -0.19124976299736E+04 -0.64922003728529E+05  0.11585387771024E+05  0.27865893291999E+04 -0.44951518833645E+03 -0.12207245213165E+04 -0.17961267080971E+03  0.71635220466266E-01 -0.29323218763779E+04  0.57211074078064E+03 -0.36166295785131E+04 -0.25037688399405E+04 -0.15341860304131E+05  0.00000000000000E+00  0.00000000000000E+00  0.00000000000000E+00 -0.55330265196661E+02 -0.17314355135929E+03  0.25776975071775E+03  0.00000000000000E+00  0.00000000000000E+00  0.00000000000000E+00  0.11767184579866E+06  0.00000000000000E+00  0.00000000000000E+00  0.00000000000000E+00  0.00000000000000E+00  0.00000000000000E+00  0.00000000000000E+00  0.00000000000000E+00  0.00000000000000E+00  0.00000000000000E+00  0.00000000000000E+00  0.00000000000000E+00  0.00000000000000E+00  0.00000000000000E+00  0.00000000000000E+00  0.00000000000000E+00  0.00000000000000E+00  0.00000000000000E+00  0.00000000000000E+00  0.00000000000000E+00  0.00000000000000E+00  0.00000000000000E+00
  -0.54854742702022E+05  0.81840812495281E+04 -0.21061342411158E+04 -0.22189922952940E+05  0.35864138662343E+04 -0.32637359129959E+04 -0.30617470542465E+04 -0.52560252279465E+05  0.11089881478400E+05  0.19355473650411E+04 -0.34268958826009E+03 -0.19433618855082E-01  0.24631518012244E-02 -0.38154803191383E-04 -0.19154569768232E+04  0.35810035715581E+03 -0.22911621081120E+04 -0.15540888191140E+04 -0.34374098678304E+05  0.26159449397385E+04  0.67937319921703E+03  0.19912977398564E+03 -0.19723932815566E+02 -0.69547316584193E+02  0.83705887585467E+02 -0.95551002466453E+01 -0.33032984768403E+02  0.51303711110671E+02  0.00000000000000E+00  0.65146322068570E+05  0.00000000000000E+00  0.00000000000000E+00  0.00000000000000E+00  0.00000000000000E+00  0.00000000000000E+00  0.00000000000000E+00  0.00000000000000E+00  0.00000000000000E+00  0.00000000000000E+00  0.00000000000000E+00  0.00000000000000E+00  0.00000000000000E+00  0.00000000000000E+00  0.00000000000000E+00  0.00000000000000E+00  0.00000000000000E+00  0.00000000000000E+00  0.00000000000000E+00  0.00000000000000E+00  0.00000000000000E+00
  -0.50516875534859E+04 -0.21260013536756E+03  0.29670454741724E+02 -0.30177969178962E+03 -0.45956141729745E+02  0.36755375322434E+02  0.72538493006920E+02 -0.71862323036271E+05  0.24744320373670E+05  0.73552063083186E+03 -0.32649425131958E+03 -0.81579854887363E+03 -0.31338254257467E+02 -0.68700999676996E+01 -0.24947170073132E+04  0.29321992552453E+03 -0.27643497556954E+04 -0.13979867855440E+04  0.44765520580696E+03  0.00000000000000E+00  0.00000000000000E+00  0.00000000000000E+00  0.25239367647610E+01 -0.47024257289190E+02 -0.69037157334782E+01  0.00000000000000E+00  0.00000000000000E+00  0.00000000000000E+00  0.00000000000000E+00  0.00000000000000E+00  0.30928718055086E+05  0.00000000000000E+00  0.00000000000000E+00  0.00000000000000E+00  0.00000000000000E+00  0.00000000000000E+00  0.00000000000000E+00  0.00000000000000E+00  0.00000000000000E+00  0.00000000000000E+00  0.00000000000000E+00  0.00000000000000E+00  0.00000000000000E+00  0.00000000000000E+00  0.00000000000000E+00  0.00000000000000E+00  0.00000000000000E+00  0.00000000000000E+00  0.00000000000000E+00  0.00000000000000E+00
  -0.86613344526699E+06  0.21065085327389E+06 -0.34729784904764E+05 -0.67646794575522E+05  0.13948316988961E+05 -0.79517778013381E+04 -0.88079726232874E+04 -0.30571995351134E+06  0.67730720883337E+05  0.11226826732516E+05 -0.19536624290440E+04 -0.55190038583684E+04 -0.64512182976811E+03 -0.10529879957565E+01  0.18600602522272E+04 -0.11685359316468E+03  0.22669422205056E+04  0.99403466166451E+03 -0.25854444348106E+06  0.00000000000000E+00  0.00000000000000E+00  0.00000000000000E+00  0.38170583744380E+02 -0.77519371955745E+04  0.38705095035339E+05  0.00000000000000E+00  0.00000000000000E+00  0.00000000000000E+00  0.00000000000000E+00  0.00000000000000E+00  0.00000000000000E+00  0.58961298481108E+06  0.00000000000000E+00  0.00000000000000E+00  0.00000000000000E+00  0.00000000000000E+00  0.00000000000000E+00  0.00000000000000E+00  0.00000000000000E+00  0.00000000000000E+00  0.00000000000000E+00  0.00000000000000E+00  0.00000000000000E+00  0.00000000000000E+00  0.00000000000000E+00  0.00000000000000E+00  0.00000000000000E+00  0.00000000000000E+00  0.00000000000000E+00  0.00000000000000E+00
