# fitpack15: fit parameters                                                                         
# CJ15 AV18 final data choices                                                                      
# Created on 02/20/2020 at 21:07:18                                                                 

 # QCD setup
  INS                           0
  NVL                          11
  IORD                          1
  Q02                   1.6899999999999999     
  IPARAMC                      -7
  FLAVOR                5.0000000000000000     
  xmc                   1.3000000000000000     
  xmb                   4.5000000000000000     
  ncb                          12
  ihq                           1
  ias                           0

 # Theory corrections
  inuke                     10114
  itmc                          1
  iht                           1

 # fit parameters
 LAMBDA       0.22680        0.0000    
 a0uv          1.5325        0.0000    
 a1uv         0.51764       0.27910E-01
 a2uv          3.5700       0.10869E-01
 a3uv          0.0000        0.0000    
 a4uv          6.1680       0.96317    
 a5uv          0.0000        0.0000    
 a0dv          16.813        0.0000    
 a1dv          1.0552       0.34747E-01
 a2dv          6.4795       0.16599    
 a3dv         -3.5635       0.10083    
 a4dv          5.1996       0.16831    
 a5dv          0.0000        0.0000    
 a0ud         0.13588       0.48976E-02
 a1ud        -0.21484       0.39037E-02
 a2ud          8.8089       0.16824    
 a3ud          0.0000        0.0000    
 a4ud          18.531        1.3366    
 a5ud          0.0000        0.0000    
 a0du          35712.        0.0000    
 a1du          4.0669       0.86482E-01
 a2du          21.120        1.0045    
 a3du          17.000        0.0000    
 a4du          53.886        8.9604    
 a0g           42.616        0.0000    
 a1g          0.58766       0.31668E-01
 a2g           6.3958       0.95420    
 a3g          -3.3437       0.14229    
 a4g           3.3014       0.35611    
 a5g           0.0000        0.0000    
 kappa        0.40000        0.0000    
 a6dv         0.53352E-02   0.10621E-02
 a7dv          2.0000        0.0000    
 off1        -0.81075        67152.    
 off2         -3.4368      -0.27353E+06
 off3         -15.442       0.54592E+06
 ht1          -4.1407       0.40996    
 ht2           2.2166       0.13437    
 ht3          -2.0390       0.33537E-01
 ht4           0.0000        0.0000    
 ht1n         -4.2189       0.95858    
 ht2n          2.0014       0.29304    
 ht3n         -2.2337       0.78737E-01
 ht4n          0.0000        0.0000    
 dummy45       0.0000        0.0000    
 dummy46       0.0000        0.0000    
 dummy47       0.0000        0.0000    
 dummy48       0.0000        0.0000    
 dummy49       0.0000        0.0000    
 bcdmsh2      0.96736       0.50440E-02
 bcdmsd2      0.98578       0.58312E-02
 ccfr          1.0000        0.0000    
 nutev         1.0000        0.0000    
 zeus         0.97998        0.0000    
 h1            1.0162        0.0000    
 e605          1.0319        0.0000    
 NmcH2         1.0044       0.72697E-02
 ntv_nu        1.0000        0.0000    
 ntv_nuba      1.0000        0.0000    
 cdf_jet      0.98910        0.0000    
 d0_jet       0.83504        0.0000    
 slac_p       0.99904       0.55328E-02
 slac_d       0.99604       0.55175E-02
 e866pp       0.99874       0.21090E-01
 e866pd       0.98151       0.16407E-01
 d0_gamje      1.0346       0.16422E-01
 h1b          0.97608        0.0000    
 blank         1.0000        0.0000    
 d0run2       0.94965       0.14725E-01
 cdfrun2      0.93653       0.17575E-01
 HERA_el       1.0000        0.0000    
 HERA_ps       1.0000        0.0000    
 CDF_Z        0.94429       0.65328E-02
 NmcRat        1.0000        0.0000    
 HERMES_F     0.99230       0.60339E-02
 HERMES_F     0.97250       0.60536E-02
 BNS_F2nd     0.98318       0.97903E-02
 END 0. 0.

 # Hessian matrix (Bevington alpha)
   0.11062251348013E+08  0.12941030610520E+08  0.56570635462771E+06  0.66509190440899E+07  0.11907707938943E+07  0.24758411996148E+07  0.15014298846093E+07  0.46449878318070E+08  0.61414267336054E+08  0.11941938545907E+07  0.19634153239808E+06  0.27279830073680E+07  0.25566366664481E+06  0.15948022554145E+05  0.80339706820858E+07  0.26509178551878E+06  0.19371644853544E+07  0.84928292241632E+06  0.32038987485655E+09  0.24657051666836E+07  0.24712967685298E+06  0.24764026295018E+06  0.76877103016481E+06  0.20688032806459E+07  0.68818365091757E+07  0.34396266908081E+06  0.98282205989946E+06  0.30853639182051E+07 -0.13843235055096E+06 -0.58658203173663E+05 -0.62432032911358E+04 -0.90681393872014E+06 -0.11770078965574E+07 -0.21512686358489E+05 -0.48831389775115E+05 -0.33644943327106E+04 -0.93238863400913E+04 -0.32853070869458E+04 -0.22661219229036E+05 -0.79009592264272E+05 -0.62198422502922E+05  0.17747563958332E+05
   0.12941030610520E+08  0.31515754381205E+08  0.92916120550872E+06  0.13745222844762E+08  0.28979167284167E+07  0.55733859350045E+07  0.32493932749467E+07  0.10059291578964E+09  0.13662907258666E+09  0.27578765301778E+07  0.42067279988312E+06  0.60145692523322E+07  0.56328836663210E+06  0.35615888933432E+05  0.17780135301538E+08  0.59511689385193E+06  0.42619672775766E+07  0.18594238691790E+07  0.69966092592965E+09  0.54674122653960E+07  0.54798109872423E+06  0.54911326356214E+06  0.17227316818452E+07  0.45820903072803E+07  0.15631030611517E+08  0.76912535288280E+06  0.21836685118458E+07  0.69334868203210E+07  0.16988744120415E+05  0.83865928950287E+04 -0.14496961360811E+03  0.21300843693234E+06  0.26973101239216E+06  0.57104151042872E+04  0.13146470360192E+05  0.42498277423840E+03  0.23893576996834E+04  0.75527395003693E+03 -0.20362310846318E+04  0.88730690100092E+04  0.74583178888747E+04 -0.22873249712668E+04
   0.56570635462771E+06  0.92916120550872E+06  0.33345060802162E+05  0.43769768164285E+06  0.85577843465402E+05  0.17035572402676E+06  0.10119760314955E+06  0.31261169394294E+07  0.42059351157098E+07  0.83627026150576E+05  0.13124372434924E+05  0.18573064635502E+06  0.17402505746865E+05  0.10939891426532E+04  0.54791520604705E+06  0.18299197545725E+05  0.13139156565613E+06  0.57401956316067E+05  0.21724949052697E+08  0.16849994051471E+06  0.16888205618335E+05  0.16923097757172E+05  0.52788670546276E+05  0.14116256653940E+06  0.47625731877317E+06  0.23600333439398E+05  0.67203112561683E+05  0.21234286849663E+06 -0.37737862667215E+04 -0.15937401624814E+04 -0.10408512257373E+02 -0.24970265241372E+05 -0.32583453185261E+05 -0.60883230045852E+03 -0.13858307831422E+04 -0.82440077068815E+02 -0.26130658465407E+03 -0.91829187065538E+02 -0.17032715926670E+03 -0.18607477743280E+04 -0.14924060189607E+04  0.49152576414124E+03
   0.66509190440899E+07  0.13745222844762E+08  0.43769768164285E+06  0.65631543000768E+07  0.12162291104341E+07  0.25334497376037E+07  0.14990514652060E+07  0.45134314519541E+08  0.60650222241830E+08  0.12043103095209E+07  0.19008904525612E+06  0.26706011536992E+07  0.25010870970310E+06  0.15873243314896E+05  0.79315521807536E+07  0.26016778721561E+06  0.19205414104827E+07  0.84151297863345E+06  0.31275624623367E+09  0.24286893026742E+07  0.24341969618104E+06  0.24392261721521E+06  0.76343644370315E+06  0.20361671101377E+07  0.69030299745622E+07  0.34102972143431E+06  0.97058077476212E+06  0.30632314094456E+07 -0.13329833490200E+05 -0.22163817525781E+05 -0.19898516393488E+03 -0.68316434468591E+05 -0.35728100443520E+06 -0.13350197027335E+04 -0.24812301821229E+04 -0.68144518615186E+02 -0.24624797145717E+04 -0.95798463883430E+03 -0.11381594293416E+05 -0.77161315400080E+04 -0.22897961930547E+05 -0.16693643244056E+05
   0.11907707938943E+07  0.28979167284167E+07  0.85577843465402E+05  0.12162291104341E+07  0.27467496320863E+06  0.50677536157814E+06  0.29287083830112E+06  0.92419342240378E+07  0.12581340884015E+08  0.25558040983523E+06  0.38538593546406E+05  0.55403779643931E+06  0.51895292098407E+05  0.32740787171140E+04  0.16347639567272E+07  0.55155047209237E+05  0.39036569346434E+06  0.17001160126709E+06  0.64290006629537E+08  0.50353969917735E+06  0.50468160111662E+05  0.50572430635675E+05  0.15845951490924E+06  0.42153806502046E+06  0.14403048890860E+07  0.70846035314874E+05  0.20104057558547E+06  0.64013233902917E+06  0.20048060529487E+04  0.33874883492397E+04 -0.50322195304433E+02  0.11860528735845E+05  0.63631657897505E+05  0.31133659425750E+03  0.55956139384212E+03  0.83532396328329E+01  0.45572839938525E+03  0.16856483375214E+03  0.44362376248027E+03  0.83416396472972E+03  0.25879206394261E+04  0.25634720850799E+04
   0.24758411996148E+07  0.55733859350045E+07  0.17035572402676E+06  0.25334497376037E+07  0.50677536157814E+06  0.10090300087930E+07  0.59047147206608E+06  0.18071551739549E+08  0.24368556696366E+08  0.48749695673546E+06  0.75899090380125E+05  0.10729087674663E+07  0.10048885975606E+06  0.63694987296303E+04  0.31812065606163E+07  0.10516773594848E+06  0.76744453047950E+06  0.33575550353814E+06  0.12513064417269E+09  0.97572252915762E+06  0.97793522350935E+05  0.97995570172729E+05  0.30702679330119E+06  0.81798517467963E+06  0.27817810820979E+07  0.13723346056062E+06  0.39012544263950E+06  0.12351126478462E+07 -0.19784827834144E+04 -0.30693483657956E+04  0.60872684989790E+02 -0.59916190411065E+04 -0.28444786955215E+05  0.35039511771834E+02  0.32372305022771E+02 -0.13722312968172E+02 -0.15490041767599E+03 -0.84247223390252E+02 -0.29039459918289E+04 -0.15488077977420E+04 -0.44149021782670E+04 -0.23304881588056E+04
   0.15014298846093E+07  0.32493932749467E+07  0.10119760314955E+06  0.14990514652060E+07  0.29287083830112E+06  0.59047147206608E+06  0.34732543136639E+06  0.10570359575845E+08  0.14261964732120E+08  0.28482183092000E+06  0.44402902592206E+05  0.62797122139293E+06  0.58811100366577E+05  0.37262678216293E+04  0.18610090163881E+07  0.61588588136918E+05  0.44855004063690E+06  0.19620330350471E+06  0.73325537477842E+08  0.57094927954918E+06  0.57224404953576E+05  0.57342634321906E+05  0.17960814809455E+06  0.47866180931112E+06  0.16259547400873E+07  0.80256242090131E+05  0.22821413667198E+06  0.72172827253664E+06 -0.19356019895033E+04 -0.30621634118205E+04  0.91894877947397E+02 -0.78258510869634E+04 -0.40878669413005E+05 -0.11535853157481E+03 -0.21167421235655E+03 -0.99474741494120E+01 -0.27139942668113E+03 -0.11467998940858E+03 -0.12456007987390E+04 -0.96980665910353E+03 -0.28800304312474E+04 -0.24625574431058E+04
   0.46449878318070E+08  0.10059291578964E+09  0.31261169394294E+07  0.45134314519541E+08  0.92419342240378E+07  0.18071551739549E+08  0.10570359575845E+08  0.33134016946971E+09  0.43869933671429E+09  0.87949285646692E+07  0.13861727571392E+07  0.19458911992268E+08  0.18216649952428E+07  0.11510872571837E+06  0.57531540056859E+08  0.19094165435376E+07  0.13860886830169E+08  0.60577619252130E+07  0.22648825304086E+10  0.17660757878288E+08  0.17700808054477E+07  0.17737379083165E+07  0.55566326282786E+07  0.14810929649811E+08  0.50338266424762E+08  0.24828863091813E+07  0.70596744557364E+07  0.22356759847801E+08 -0.65299898319877E+05 -0.52419380123126E+05 -0.76015801908069E+05 -0.30899403650493E+06 -0.60145192562801E+06 -0.76073438067014E+05 -0.17164883801142E+06 -0.15150890174789E+04  0.65989829016831E+03  0.43939631393776E+03 -0.29652328964262E+06 -0.15556028599254E+06 -0.19102953374473E+06 -0.84636889798567E+04
   0.61414267336054E+08  0.13662907258666E+09  0.42059351157098E+07  0.60650222241830E+08  0.12581340884015E+08  0.24368556696366E+08  0.14261964732120E+08  0.43869933671429E+09  0.60044744631667E+09  0.12076742386604E+08  0.18400680453438E+07  0.26351545457159E+08  0.24682179648384E+07  0.15597943028557E+06  0.77951081651925E+08  0.26047409595470E+07  0.18689718014845E+08  0.81553218789376E+07  0.30716337929829E+10  0.23955046362077E+08  0.24009370408306E+07  0.24058975339973E+07  0.75308763346403E+07  0.20053292636873E+08  0.68306320940629E+08  0.33648072884071E+07  0.95586207897650E+07  0.30338551716645E+08  0.11494898626856E+05  0.10912601129623E+05  0.25812297667414E+05  0.68048199263155E+05  0.12821506924611E+06  0.22682847123956E+05  0.51283790743663E+05  0.20410507253455E+03 -0.13540119133868E+04 -0.73858741425151E+03  0.11736544445708E+06  0.46748972694357E+05  0.56928364174225E+05  0.14535673588254E+04
   0.11941938545907E+07  0.27578765301778E+07  0.83627026150576E+05  0.12043103095209E+07  0.25558040983523E+06  0.48749695673546E+06  0.28482183092000E+06  0.87949285646692E+07  0.12076742386604E+08  0.24546312408671E+06  0.36643145538112E+05  0.53033625729793E+06  0.49674872973024E+05  0.31406909556201E+04  0.15652507822029E+07  0.53028703213044E+05  0.37279910357879E+06  0.16219175758178E+06  0.61845048823489E+08  0.48256213988343E+06  0.48365646997151E+05  0.48465573591372E+05  0.15159307049165E+06  0.40335289588998E+06  0.13769836231865E+07  0.67740396912362E+05  0.19231588111722E+06  0.61160945489199E+06  0.26966499162449E+04  0.18550287626967E+04  0.74888583125693E+03  0.10722028935312E+05  0.22108024899781E+05  0.14338438152657E+04  0.31812197820028E+04  0.44006145126237E+02  0.11508291983906E+03  0.51837196655121E+02  0.32054699836132E+04  0.28818713545733E+04  0.36185122067783E+04  0.40227818096003E+03
   0.19634153239808E+06  0.42067279988312E+06  0.13124372434924E+05  0.19008904525612E+06  0.38538593546406E+05  0.75899090380125E+05  0.44402902592206E+05  0.13861727571392E+07  0.18400680453438E+07  0.36643145538112E+05  0.58306985521614E+04  0.81457857846793E+05  0.76251518373583E+04  0.48175296285138E+03  0.24141407929888E+06  0.79147245350480E+04  0.58505446757707E+05  0.25627211460587E+05  0.94773983389687E+07  0.73888714092447E+05  0.74056275192496E+04  0.74209280307080E+04  0.23254137477949E+05  0.62000384624490E+05  0.21056675181208E+06  0.10390478738299E+05  0.29550318884685E+05  0.93517796465912E+05 -0.40093140871838E+03 -0.30393653968920E+03 -0.31599057835379E+03 -0.17524741890201E+04 -0.34482630991878E+04 -0.36769466165932E+03 -0.82941915187989E+03 -0.98206551381703E+01 -0.89132752245867E+01 -0.42736837822375E+01 -0.10640505335530E+04 -0.75081592925961E+03 -0.92723040469331E+03 -0.51726776699508E+02
   0.27279830073680E+07  0.60145692523322E+07  0.18573064635502E+06  0.26706011536992E+07  0.55403779643931E+06  0.10729087674663E+07  0.62797122139293E+06  0.19458911992268E+08  0.26351545457159E+08  0.53033625729793E+06  0.81457857846793E+05  0.11621376584654E+07  0.10879933231207E+06  0.68683754173703E+04  0.34320118453265E+07  0.11461181279756E+06  0.82378484761058E+06  0.35962662714719E+06  0.13526943782378E+09  0.10549187455170E+07  0.10573110370547E+06  0.10594955109019E+06  0.33171094695507E+06  0.88355352535039E+06  0.30078710369734E+07  0.14818885044431E+06  0.42099829209459E+06  0.13359714505549E+07 -0.97312847856923E+03 -0.12365452472651E+00 -0.67490567332931E+03 -0.45079582342240E+04 -0.27435228664791E+02 -0.20814346666286E+04 -0.49382452672697E+02 -0.73126377929925E+02 -0.15493407819316E+01 -0.67122771394587E+00  0.17857978033297E+03 -0.25541516987151E+04 -0.82704142350723E+01  0.23677849841721E+03
   0.25566366664481E+06  0.56328836663210E+06  0.17402505746865E+05  0.25010870970310E+06  0.51895292098407E+05  0.10048885975606E+06  0.58811100366577E+05  0.18216649952428E+07  0.24682179648384E+07  0.49674872973024E+05  0.76251518373583E+04  0.10879933231207E+06  0.10189022163806E+05  0.64322220969037E+03  0.32137766909724E+06  0.10739430720259E+05  0.77104855461293E+05  0.33657622614492E+05  0.12668669778610E+08  0.98799869137200E+05  0.99023922498539E+04  0.99228512407618E+04  0.31068197121197E+05  0.82755519007295E+05  0.28170110557184E+06  0.13878595290849E+05  0.39428803426707E+05  0.12512374973239E+06 -0.13759213786808E+03 -0.15012194874584E-01 -0.25712792648668E+02 -0.50435463317495E+03 -0.28336431327533E+01 -0.12694464662761E+03 -0.12434268891756E+02 -0.56994063705925E+01 -0.15509215473298E+00 -0.61159364949127E-01  0.19715866421962E+02 -0.17921134855193E+03 -0.61537034770374E+00  0.51751385040260E+02
   0.15948022554145E+05  0.35615888933432E+05  0.10939891426532E+04  0.15873243314896E+05  0.32740787171140E+04  0.63694987296303E+04  0.37262678216293E+04  0.11510872571837E+06  0.15597943028557E+06  0.31406909556201E+04  0.48175296285138E+03  0.68683754173703E+04  0.64322220969037E+03  0.40702646402239E+02  0.20317694498527E+05  0.67842656823518E+03  0.48755594805942E+04  0.21275641470727E+04  0.80061635406954E+06  0.62434811454990E+04  0.62576397972190E+03  0.62705684908606E+03  0.19629928275819E+04  0.52277900879673E+04  0.17802211752596E+05  0.87711038870608E+03  0.24920468487372E+04  0.79068082456368E+04  0.63736929171048E-01 -0.41511835206265E-04 -0.55328579915581E+01 -0.63550413098209E+00 -0.31093508592749E-02 -0.26632671964014E+01 -0.97393717242111E-05 -0.12437970030469E+00 -0.14788935224825E-02 -0.81326346443639E-03 -0.20513034585946E+01 -0.27234016148107E+01 -0.59368474867851E-02  0.26619499993204E-04
   0.80339706820858E+07  0.17780135301538E+08  0.54791520604705E+06  0.79315521807536E+07  0.16347639567272E+07  0.31812065606163E+07  0.18610090163881E+07  0.57531540056859E+08  0.77951081651925E+08  0.15652507822029E+07  0.24141407929888E+06  0.34320118453265E+07  0.32137766909724E+06  0.20317694498527E+05  0.10190853044507E+08  0.33447652054363E+06  0.24658604891538E+07  0.10790691742575E+07  0.39984334393953E+09  0.31179999094781E+07  0.31250707524506E+06  0.31315273532899E+06  0.98029878734407E+06  0.26106591007671E+07  0.88908682421536E+07  0.43801528735923E+06  0.12444510731707E+07  0.39488905146741E+07 -0.28810057255376E+04 -0.18922199990028E+04 -0.25127144333087E+04  0.19855065310269E+04  0.44249747549592E+04 -0.14475559824500E+04 -0.28990376960840E+04 -0.74460493444891E+03 -0.29820003155485E+04 -0.15701185111365E+04 -0.22219358453835E+04 -0.97485276631873E+03 -0.11021434855433E+04  0.20521330424936E+03
   0.26509178551878E+06  0.59511689385193E+06  0.18299197545725E+05  0.26016778721561E+06  0.55155047209237E+05  0.10516773594848E+06  0.61588588136918E+05  0.19094165435376E+07  0.26047409595470E+07  0.53028703213044E+05  0.79147245350480E+04  0.11461181279756E+06  0.10739430720259E+05  0.67842656823518E+03  0.33447652054363E+06  0.11894739426879E+05  0.77547226041325E+05  0.33405051947330E+05  0.13373697614986E+08  0.10433992575634E+06  0.10457654257872E+05  0.10479260456454E+05  0.32806434873890E+05  0.87370819263840E+05  0.29741394915416E+06  0.14656898652502E+05  0.41642144576985E+05  0.13209683349279E+06  0.54828786133186E+03  0.34488887887691E+03  0.29431909879188E+03 -0.15140784804007E+03 -0.50463903032547E+03  0.15400856074878E+03  0.30667542801345E+03  0.84677678758035E+02  0.47147125043240E+03  0.23050297066847E+03 -0.36776277460121E+03  0.27247528247540E+03  0.30654042665084E+03 -0.37470842509023E+02
   0.19371644853544E+07  0.42619672775766E+07  0.13139156565613E+06  0.19205414104827E+07  0.39036569346434E+06  0.76744453047950E+06  0.44855004063690E+06  0.13860886830169E+08  0.18689718014845E+08  0.37279910357879E+06  0.58505446757707E+05  0.82378484761058E+06  0.77104855461293E+05  0.48755594805942E+04  0.24658604891538E+07  0.77547226041325E+05  0.61005821106783E+06  0.26906264182488E+06  0.95875419692215E+08  0.74746119196845E+06  0.74915624676957E+05  0.75070405263855E+05  0.23495969339668E+06  0.62566767988347E+06  0.21316044726730E+07  0.10498910678594E+06  0.29827089954336E+06  0.94676914308400E+06 -0.25881048977773E+04 -0.16806388287188E+04 -0.24345480040847E+04  0.20781506252654E+04  0.44659619215328E+04 -0.11675377519680E+04 -0.23453131076997E+04 -0.59898908919317E+03 -0.25322615148180E+04 -0.13601652083562E+04  0.13130992377467E+04 -0.16041017538308E+04 -0.17900023622416E+04  0.22249244474389E+03
   0.84928292241632E+06  0.18594238691790E+07  0.57401956316067E+05  0.84151297863345E+06  0.17001160126709E+06  0.33575550353814E+06  0.19620330350471E+06  0.60577619252130E+07  0.81553218789376E+07  0.16219175758178E+06  0.25627211460587E+05  0.35962662714719E+06  0.33657622614492E+05  0.21275641470727E+04  0.10790691742575E+07  0.33405051947330E+05  0.26906264182488E+06  0.11907798011453E+06  0.41836386207693E+08  0.32612852999783E+06  0.32686810783343E+05  0.32754343875121E+05  0.10251525689892E+06  0.27299301996651E+06  0.93017694390803E+06  0.45809815273823E+05  0.13014845584755E+06  0.41314755819711E+06 -0.18557711715569E+04 -0.11715440175895E+04 -0.12324422113378E+04  0.96191109186160E+03  0.24574435245221E+04 -0.59788686863090E+03 -0.12007183175220E+04 -0.33358956758662E+03 -0.16619407974479E+04 -0.85485249603663E+03  0.14811374758942E+04 -0.11353962978144E+04 -0.12674761998802E+04  0.15868168250506E+03
   0.32038987485655E+09  0.69966092592965E+09  0.21724949052697E+08  0.31275624623367E+09  0.64290006629537E+08  0.12513064417269E+09  0.73325537477842E+08  0.22648825304086E+10  0.30716337929829E+10  0.61845048823489E+08  0.94773983389687E+07  0.13526943782378E+09  0.12668669778610E+08  0.80061635406954E+06  0.39984334393953E+09  0.13373697614986E+08  0.95875419692215E+08  0.41836386207693E+08  0.15776285439585E+11  0.12293775923352E+09  0.12321655128489E+08  0.12347112474945E+08  0.38635523181038E+08  0.10291882028468E+09  0.35035566910347E+09  0.17261898102365E+08  0.49055105091297E+08  0.15561574530307E+09 -0.23215711038272E+05 -0.51863125392070E+05  0.73920424118305E+03 -0.38655839672954E+06 -0.19275344428170E+07 -0.11300051631531E+05 -0.21156200567532E+05 -0.12838584436194E+03 -0.16144187413668E+05 -0.50692737565485E+04  0.11781076176596E+05 -0.14228224161937E+05 -0.44765431941339E+05 -0.30723038181119E+05
   0.24657051666836E+07  0.54674122653960E+07  0.16849994051471E+06  0.24286893026742E+07  0.50353969917735E+06  0.97572252915762E+06  0.57094927954918E+06  0.17660757878288E+08  0.23955046362077E+08  0.48256213988343E+06  0.73888714092447E+05  0.10549187455170E+07  0.98799869137200E+05  0.62434811454990E+04  0.31179999094781E+07  0.10433992575634E+06  0.74746119196845E+06  0.32612852999783E+06  0.12293775923352E+09  0.95877377737435E+06  0.96094803620141E+05  0.96293341777786E+05  0.30144779064269E+06  0.80281452649169E+06  0.27337721470284E+07  0.13469016740029E+06  0.38267626274230E+06  0.12142068756610E+07  0.00000000000000E+00  0.00000000000000E+00  0.00000000000000E+00  0.00000000000000E+00  0.00000000000000E+00  0.00000000000000E+00  0.00000000000000E+00  0.00000000000000E+00  0.00000000000000E+00  0.00000000000000E+00  0.00000000000000E+00  0.00000000000000E+00  0.00000000000000E+00  0.00000000000000E+00
   0.24712967685298E+06  0.54798109872423E+06  0.16888205618335E+05  0.24341969618104E+06  0.50468160111662E+05  0.97793522350935E+05  0.57224404953576E+05  0.17700808054477E+07  0.24009370408306E+07  0.48365646997151E+05  0.74056275192496E+04  0.10573110370547E+06  0.99023922498539E+04  0.62576397972190E+03  0.31250707524506E+06  0.10457654257872E+05  0.74915624676957E+05  0.32686810783343E+05  0.12321655128489E+08  0.96094803620141E+05  0.96312722570300E+04  0.96511710962768E+04  0.30213139874209E+05  0.80463510879370E+05  0.27399716576556E+06  0.13499561097030E+05  0.38354407667486E+05  0.12169603927883E+06  0.00000000000000E+00  0.00000000000000E+00  0.00000000000000E+00  0.00000000000000E+00  0.00000000000000E+00  0.00000000000000E+00  0.00000000000000E+00  0.00000000000000E+00  0.00000000000000E+00  0.00000000000000E+00  0.00000000000000E+00  0.00000000000000E+00  0.00000000000000E+00  0.00000000000000E+00
   0.24764026295018E+06  0.54911326356214E+06  0.16923097757172E+05  0.24392261721521E+06  0.50572430635675E+05  0.97995570172729E+05  0.57342634321906E+05  0.17737379083165E+07  0.24058975339973E+07  0.48465573591372E+05  0.74209280307080E+04  0.10594955109019E+06  0.99228512407618E+04  0.62705684908606E+03  0.31315273532899E+06  0.10479260456454E+05  0.75070405263855E+05  0.32754343875121E+05  0.12347112474945E+08  0.96293341777786E+05  0.96511710962768E+04  0.96711110478287E+04  0.30275562199884E+05  0.80629753762501E+05  0.27456326185444E+06  0.13527452074359E+05  0.38433650385604E+05  0.12194747126601E+06  0.00000000000000E+00  0.00000000000000E+00  0.00000000000000E+00  0.00000000000000E+00  0.00000000000000E+00  0.00000000000000E+00  0.00000000000000E+00  0.00000000000000E+00  0.00000000000000E+00  0.00000000000000E+00  0.00000000000000E+00  0.00000000000000E+00  0.00000000000000E+00  0.00000000000000E+00
   0.76877103016481E+06  0.17227316818452E+07  0.52788670546276E+05  0.76343644370315E+06  0.15845951490924E+06  0.30702679330119E+06  0.17960814809455E+06  0.55566326282786E+07  0.75308763346403E+07  0.15159307049165E+06  0.23254137477949E+05  0.33171094695507E+06  0.31068197121197E+05  0.19629928275819E+04  0.98029878734407E+06  0.32806434873890E+05  0.23495969339668E+06  0.10251525689892E+06  0.38635523181038E+08  0.30144779064269E+06  0.30213139874209E+05  0.30275562199884E+05  0.94894395746304E+05  0.25267433393101E+06  0.86001021040375E+06  0.42370480351798E+05  0.12036528769711E+06  0.38183864036690E+06 -0.41226122748354E+02 -0.14295956252316E+02  0.50452485381551E+01  0.72236897273806E+03  0.54238646316276E+03  0.00000000000000E+00  0.00000000000000E+00  0.00000000000000E+00  0.00000000000000E+00  0.00000000000000E+00  0.00000000000000E+00 -0.24657613240763E+03 -0.14485604100972E+03  0.23776412929884E+03
   0.20688032806459E+07  0.45820903072803E+07  0.14116256653940E+06  0.20361671101377E+07  0.42153806502046E+06  0.81798517467963E+06  0.47866180931112E+06  0.14810929649811E+08  0.20053292636873E+08  0.40335289588998E+06  0.62000384624490E+05  0.88355352535039E+06  0.82755519007295E+05  0.52277900879673E+04  0.26106591007671E+07  0.87370819263840E+05  0.62566767988347E+06  0.27299301996651E+06  0.10291882028468E+09  0.80281452649169E+06  0.80463510879370E+05  0.80629753762501E+05  0.25267433393101E+06  0.67309289384574E+06  0.22894322891956E+07  0.11282908213028E+06  0.32057634721967E+06  0.10167427402434E+07 -0.15372070228996E+03 -0.58984985614008E+02 -0.14022380537028E+01 -0.53337530155441E+04 -0.53115527090230E+04  0.00000000000000E+00  0.00000000000000E+00  0.00000000000000E+00  0.00000000000000E+00  0.00000000000000E+00  0.00000000000000E+00 -0.16324119984559E+04 -0.95723407899934E+03  0.10609458048518E+04
   0.68818365091757E+07  0.15631030611517E+08  0.47625731877317E+06  0.69030299745622E+07  0.14403048890860E+07  0.27817810820979E+07  0.16259547400873E+07  0.50338266424762E+08  0.68306320940629E+08  0.13769836231865E+07  0.21056675181208E+06  0.30078710369734E+07  0.28170110557184E+06  0.17802211752596E+05  0.88908682421536E+07  0.29741394915416E+06  0.21316044726730E+07  0.93017694390803E+06  0.35035566910347E+09  0.27337721470284E+07  0.27399716576556E+06  0.27456326185444E+06  0.86001021040375E+06  0.22894322891956E+07  0.78031722604077E+07  0.38419856748754E+06  0.10913541758570E+07  0.34637634593287E+07  0.24191819031875E+03  0.78486332115835E+02 -0.32759948773986E+01  0.39900441509895E+05  0.42596149319669E+05  0.00000000000000E+00  0.00000000000000E+00  0.00000000000000E+00  0.00000000000000E+00  0.00000000000000E+00  0.00000000000000E+00  0.15256651702976E+04  0.99015453722217E+03 -0.22944243895732E+04
   0.34396266908081E+06  0.76912535288280E+06  0.23600333439398E+05  0.34102972143431E+06  0.70846035314874E+05  0.13723346056062E+06  0.80256242090131E+05  0.24828863091813E+07  0.33648072884071E+07  0.67740396912362E+05  0.10390478738299E+05  0.14818885044431E+06  0.13878595290849E+05  0.87711038870608E+03  0.43801528735923E+06  0.14656898652502E+05  0.10498910678594E+06  0.45809815273823E+05  0.17261898102365E+08  0.13469016740029E+06  0.13499561097030E+05  0.13527452074359E+05  0.42370480351798E+05  0.11282908213028E+06  0.38419856748754E+06  0.18941982233491E+05  0.53816922727111E+05  0.17063202761271E+06  0.00000000000000E+00 -0.80964056728059E+01  0.00000000000000E+00  0.00000000000000E+00  0.54607997492174E+03  0.00000000000000E+00  0.00000000000000E+00  0.00000000000000E+00  0.00000000000000E+00  0.00000000000000E+00  0.00000000000000E+00  0.00000000000000E+00 -0.13462057526642E+03 -0.20452877924299E+03
   0.98282205989946E+06  0.21836685118458E+07  0.67203112561683E+05  0.97058077476212E+06  0.20104057558547E+06  0.39012544263950E+06  0.22821413667198E+06  0.70596744557364E+07  0.95586207897650E+07  0.19231588111722E+06  0.29550318884685E+05  0.42099829209459E+06  0.39428803426707E+05  0.24920468487372E+04  0.12444510731707E+07  0.41642144576985E+05  0.29827089954336E+06  0.13014845584755E+06  0.49055105091297E+08  0.38267626274230E+06  0.38354407667486E+05  0.38433650385604E+05  0.12036528769711E+06  0.32057634721967E+06  0.10913541758570E+07  0.53816922727111E+05  0.15295365229906E+06  0.48465683945194E+06  0.00000000000000E+00 -0.37773008095941E+02  0.00000000000000E+00  0.00000000000000E+00 -0.28785344196963E+04  0.00000000000000E+00  0.00000000000000E+00  0.00000000000000E+00  0.00000000000000E+00  0.00000000000000E+00  0.00000000000000E+00  0.00000000000000E+00 -0.88047690457076E+03 -0.90559020162711E+03
   0.30853639182051E+07  0.69334868203210E+07  0.21234286849663E+06  0.30632314094456E+07  0.64013233902917E+06  0.12351126478462E+07  0.72172827253664E+06  0.22356759847801E+08  0.30338551716645E+08  0.61160945489199E+06  0.93517796465912E+05  0.13359714505549E+07  0.12512374973239E+06  0.79068082456368E+04  0.39488905146741E+07  0.13209683349279E+06  0.94676914308400E+06  0.41314755819711E+06  0.15561574530307E+09  0.12142068756610E+07  0.12169603927883E+06  0.12194747126601E+06  0.38183864036690E+06  0.10167427402434E+07  0.34637634593287E+07  0.17063202761271E+06  0.48465683945194E+06  0.15390437457890E+07  0.00000000000000E+00  0.59044331278222E+02  0.00000000000000E+00  0.00000000000000E+00  0.25590749869130E+05  0.00000000000000E+00  0.00000000000000E+00  0.00000000000000E+00  0.00000000000000E+00  0.00000000000000E+00  0.00000000000000E+00  0.00000000000000E+00  0.70347122388870E+03  0.26925850328895E+04
  -0.13843235055096E+06  0.16988744120415E+05 -0.37737862667215E+04 -0.13329833490200E+05  0.20048060529487E+04 -0.19784827834144E+04 -0.19356019895033E+04 -0.65299898319877E+05  0.11494898626856E+05  0.26966499162449E+04 -0.40093140871838E+03 -0.97312847856923E+03 -0.13759213786808E+03  0.63736929171048E-01 -0.28810057255376E+04  0.54828786133186E+03 -0.25881048977773E+04 -0.18557711715569E+04 -0.23215711038272E+05  0.00000000000000E+00  0.00000000000000E+00  0.00000000000000E+00 -0.41226122748354E+02 -0.15372070228996E+03  0.24191819031875E+03  0.00000000000000E+00  0.00000000000000E+00  0.00000000000000E+00  0.11759774967530E+06  0.00000000000000E+00  0.00000000000000E+00  0.00000000000000E+00  0.00000000000000E+00  0.00000000000000E+00  0.00000000000000E+00  0.00000000000000E+00  0.00000000000000E+00  0.00000000000000E+00  0.00000000000000E+00  0.00000000000000E+00  0.00000000000000E+00  0.00000000000000E+00
  -0.58658203173663E+05  0.83865928950287E+04 -0.15937401624814E+04 -0.22163817525781E+05  0.33874883492397E+04 -0.30693483657956E+04 -0.30621634118205E+04 -0.52419380123126E+05  0.10912601129623E+05  0.18550287626967E+04 -0.30393653968920E+03 -0.12365452472651E+00 -0.15012194874584E-01 -0.41511835206265E-04 -0.18922199990028E+04  0.34488887887691E+03 -0.16806388287188E+04 -0.11715440175895E+04 -0.51863125392070E+05  0.00000000000000E+00  0.00000000000000E+00  0.00000000000000E+00 -0.14295956252316E+02 -0.58984985614008E+02  0.78486332115835E+02 -0.80964056728059E+01 -0.37773008095941E+02  0.59044331278222E+02  0.00000000000000E+00  0.65547662147628E+05  0.00000000000000E+00  0.00000000000000E+00  0.00000000000000E+00  0.00000000000000E+00  0.00000000000000E+00  0.00000000000000E+00  0.00000000000000E+00  0.00000000000000E+00  0.00000000000000E+00  0.00000000000000E+00  0.00000000000000E+00  0.00000000000000E+00
  -0.62432032911358E+04 -0.14496961360811E+03 -0.10408512257373E+02 -0.19898516393488E+03 -0.50322195304433E+02  0.60872684989790E+02  0.91894877947397E+02 -0.76015801908069E+05  0.25812297667414E+05  0.74888583125693E+03 -0.31599057835379E+03 -0.67490567332931E+03 -0.25712792648668E+02 -0.55328579915581E+01 -0.25127144333087E+04  0.29431909879188E+03 -0.24345480040847E+04 -0.12324422113378E+04  0.73920424118305E+03  0.00000000000000E+00  0.00000000000000E+00  0.00000000000000E+00  0.50452485381551E+01 -0.14022380537028E+01 -0.32759948773986E+01  0.00000000000000E+00  0.00000000000000E+00  0.00000000000000E+00  0.00000000000000E+00  0.00000000000000E+00  0.30909012921452E+05  0.00000000000000E+00  0.00000000000000E+00  0.00000000000000E+00  0.00000000000000E+00  0.00000000000000E+00  0.00000000000000E+00  0.00000000000000E+00  0.00000000000000E+00  0.00000000000000E+00  0.00000000000000E+00  0.00000000000000E+00
  -0.90681393872014E+06  0.21300843693234E+06 -0.24970265241372E+05 -0.68316434468591E+05  0.11860528735845E+05 -0.59916190411065E+04 -0.78258510869634E+04 -0.30899403650493E+06  0.68048199263155E+05  0.10722028935312E+05 -0.17524741890201E+04 -0.45079582342240E+04 -0.50435463317495E+03 -0.63550413098209E+00  0.19855065310269E+04 -0.15140784804007E+03  0.20781506252654E+04  0.96191109186160E+03 -0.38655839672954E+06  0.00000000000000E+00  0.00000000000000E+00  0.00000000000000E+00  0.72236897273806E+03 -0.53337530155441E+04  0.39900441509895E+05  0.00000000000000E+00  0.00000000000000E+00  0.00000000000000E+00  0.00000000000000E+00  0.00000000000000E+00  0.00000000000000E+00  0.58419164567965E+06  0.00000000000000E+00  0.00000000000000E+00  0.00000000000000E+00  0.00000000000000E+00  0.00000000000000E+00  0.00000000000000E+00  0.00000000000000E+00  0.00000000000000E+00  0.00000000000000E+00  0.00000000000000E+00
  -0.11770078965574E+07  0.26973101239216E+06 -0.32583453185261E+05 -0.35728100443520E+06  0.63631657897505E+05 -0.28444786955215E+05 -0.40878669413005E+05 -0.60145192562801E+06  0.12821506924611E+06  0.22108024899781E+05 -0.34482630991878E+04 -0.27435228664791E+02 -0.28336431327533E+01 -0.31093508592749E-02  0.44249747549592E+04 -0.50463903032547E+03  0.44659619215328E+04  0.24574435245221E+04 -0.19275344428170E+07  0.00000000000000E+00  0.00000000000000E+00  0.00000000000000E+00  0.54238646316276E+03 -0.53115527090230E+04  0.42596149319669E+05  0.54607997492174E+03 -0.28785344196963E+04  0.25590749869130E+05  0.00000000000000E+00  0.00000000000000E+00  0.00000000000000E+00  0.00000000000000E+00  0.93325671872800E+06  0.00000000000000E+00  0.00000000000000E+00  0.00000000000000E+00  0.00000000000000E+00  0.00000000000000E+00  0.00000000000000E+00  0.00000000000000E+00  0.00000000000000E+00  0.00000000000000E+00
  -0.21512686358489E+05  0.57104151042872E+04 -0.60883230045852E+03 -0.13350197027335E+04  0.31133659425750E+03  0.35039511771834E+02 -0.11535853157481E+03 -0.76073438067014E+05  0.22682847123956E+05  0.14338438152657E+04 -0.36769466165932E+03 -0.20814346666286E+04 -0.12694464662761E+03 -0.26632671964014E+01 -0.14475559824500E+04  0.15400856074878E+03 -0.11675377519680E+04 -0.59788686863090E+03 -0.11300051631531E+05  0.00000000000000E+00  0.00000000000000E+00  0.00000000000000E+00  0.00000000000000E+00  0.00000000000000E+00  0.00000000000000E+00  0.00000000000000E+00  0.00000000000000E+00  0.00000000000000E+00  0.00000000000000E+00  0.00000000000000E+00  0.00000000000000E+00  0.00000000000000E+00  0.00000000000000E+00  0.13832646251212E+05  0.00000000000000E+00  0.00000000000000E+00  0.00000000000000E+00  0.00000000000000E+00  0.00000000000000E+00  0.00000000000000E+00  0.00000000000000E+00  0.00000000000000E+00
  -0.48831389775115E+05  0.13146470360192E+05 -0.13858307831422E+04 -0.24812301821229E+04  0.55956139384212E+03  0.32372305022771E+02 -0.21167421235655E+03 -0.17164883801142E+06  0.51283790743663E+05  0.31812197820028E+04 -0.82941915187989E+03 -0.49382452672697E+02 -0.12434268891756E+02 -0.97393717242111E-05 -0.28990376960840E+04  0.30667542801345E+03 -0.23453131076997E+04 -0.12007183175220E+04 -0.21156200567532E+05  0.00000000000000E+00  0.00000000000000E+00  0.00000000000000E+00  0.00000000000000E+00  0.00000000000000E+00  0.00000000000000E+00  0.00000000000000E+00  0.00000000000000E+00  0.00000000000000E+00  0.00000000000000E+00  0.00000000000000E+00  0.00000000000000E+00  0.00000000000000E+00  0.00000000000000E+00  0.00000000000000E+00  0.30669238710602E+05  0.00000000000000E+00  0.00000000000000E+00  0.00000000000000E+00  0.00000000000000E+00  0.00000000000000E+00  0.00000000000000E+00  0.00000000000000E+00
  -0.33644943327106E+04  0.42498277423840E+03 -0.82440077068815E+02 -0.68144518615186E+02  0.83532396328329E+01 -0.13722312968172E+02 -0.99474741494120E+01 -0.15150890174789E+04  0.20410507253455E+03  0.44006145126237E+02 -0.98206551381703E+01 -0.73126377929925E+02 -0.56994063705925E+01 -0.12437970030469E+00 -0.74460493444891E+03  0.84677678758035E+02 -0.59898908919317E+03 -0.33358956758662E+03 -0.12838584436194E+03  0.00000000000000E+00  0.00000000000000E+00  0.00000000000000E+00  0.00000000000000E+00  0.00000000000000E+00  0.00000000000000E+00  0.00000000000000E+00  0.00000000000000E+00  0.00000000000000E+00  0.00000000000000E+00  0.00000000000000E+00  0.00000000000000E+00  0.00000000000000E+00  0.00000000000000E+00  0.00000000000000E+00  0.00000000000000E+00  0.38065301818535E+04  0.00000000000000E+00  0.00000000000000E+00  0.00000000000000E+00  0.00000000000000E+00  0.00000000000000E+00  0.00000000000000E+00
  -0.93238863400913E+04  0.23893576996834E+04 -0.26130658465407E+03 -0.24624797145717E+04  0.45572839938525E+03 -0.15490041767599E+03 -0.27139942668113E+03  0.65989829016831E+03 -0.13540119133868E+04  0.11508291983906E+03 -0.89132752245867E+01 -0.15493407819316E+01 -0.15509215473298E+00 -0.14788935224825E-02 -0.29820003155485E+04  0.47147125043240E+03 -0.25322615148180E+04 -0.16619407974479E+04 -0.16144187413668E+05  0.00000000000000E+00  0.00000000000000E+00  0.00000000000000E+00  0.00000000000000E+00  0.00000000000000E+00  0.00000000000000E+00  0.00000000000000E+00  0.00000000000000E+00  0.00000000000000E+00  0.00000000000000E+00  0.00000000000000E+00  0.00000000000000E+00  0.00000000000000E+00  0.00000000000000E+00  0.00000000000000E+00  0.00000000000000E+00  0.00000000000000E+00  0.81669820075837E+04  0.00000000000000E+00  0.00000000000000E+00  0.00000000000000E+00  0.00000000000000E+00  0.00000000000000E+00
  -0.32853070869458E+04  0.75527395003693E+03 -0.91829187065538E+02 -0.95798463883430E+03  0.16856483375214E+03 -0.84247223390252E+02 -0.11467998940858E+03  0.43939631393776E+03 -0.73858741425151E+03  0.51837196655121E+02 -0.42736837822375E+01 -0.67122771394587E+00 -0.61159364949127E-01 -0.81326346443639E-03 -0.15701185111365E+04  0.23050297066847E+03 -0.13601652083562E+04 -0.85485249603663E+03 -0.50692737565485E+04  0.00000000000000E+00  0.00000000000000E+00  0.00000000000000E+00  0.00000000000000E+00  0.00000000000000E+00  0.00000000000000E+00  0.00000000000000E+00  0.00000000000000E+00  0.00000000000000E+00  0.00000000000000E+00  0.00000000000000E+00  0.00000000000000E+00  0.00000000000000E+00  0.00000000000000E+00  0.00000000000000E+00  0.00000000000000E+00  0.00000000000000E+00  0.00000000000000E+00  0.41830355661731E+04  0.00000000000000E+00  0.00000000000000E+00  0.00000000000000E+00  0.00000000000000E+00
