# fitpack15: fit parameters                                                                         
# CJ15 AV18 final data choices                                                                      
# Created on 02/24/2020 at 08:45:47                                                                 

 # QCD setup
  INS                           0
  NVL                          11
  IORD                          1
  Q02                   1.6899999999999999     
  IPARAMC                      -7
  FLAVOR                4.0000000000000000     
  xmc                   1.3000000000000000     
  xmb                   4.5000000000000000     
  ncb                          12
  ihq                           1
  ias                           0

 # Theory corrections
  inuke                     10114
  itmc                          1
  iht                           1

 # fit parameters
 LAMBDA       0.22680        0.0000    
 a0uv          2.1098        0.0000    
 a1uv         0.58351       0.20664E-01
 a2uv          3.5416       0.88246E-02
 a3uv          0.0000        0.0000    
 a4uv          4.0463       0.49016    
 a5uv          0.0000        0.0000    
 a0dv          12.418        0.0000    
 a1dv         0.99449       0.30302E-01
 a2dv          5.9062       0.10805    
 a3dv         -3.3031       0.94350E-01
 a4dv          4.7988       0.17118    
 a5dv          0.0000        0.0000    
 a0ud         0.13945       0.49006E-02
 a1ud        -0.21249       0.38333E-02
 a2ud          8.4420       0.16957    
 a3ud          0.0000        0.0000    
 a4ud          16.166        1.2862    
 a5ud          0.0000        0.0000    
 a0du          35712.        0.0000    
 a1du          4.0048       0.80119E-01
 a2du          20.710       0.88341    
 a3du          17.000        0.0000    
 a4du          53.002        12.910    
 a0g           40.341        0.0000    
 a1g          0.57726       0.27539E-01
 a2g           5.8971       0.77224    
 a3g          -3.2919       0.12347    
 a4g           3.1121       0.26605    
 a5g           0.0000        0.0000    
 kappa        0.40000        0.0000    
 a6dv        -0.18988E-02   0.13122E-02
 a7dv          2.0000        0.0000    
 off1        -0.19021       0.11947    
 off2          1.2665       0.70935    
 off3         -2.9958       0.97954    
 ht1          -3.2026       0.21755    
 ht2           1.9216       0.10025    
 ht3          -2.0900       0.24622E-01
 ht4           0.0000        0.0000    
 dummy41       0.0000        0.0000    
 dummy42       0.0000        0.0000    
 dummy43       0.0000        0.0000    
 dummy44       0.0000        0.0000    
 dummy45       0.0000        0.0000    
 dummy46       0.0000        0.0000    
 dummy47       0.0000        0.0000    
 dummy48       0.0000        0.0000    
 dummy49       0.0000        0.0000    
 bcdmsh2      0.96694       0.44046E-02
 bcdmsd2      0.99023       0.53970E-02
 ccfr          1.0000        0.0000    
 nutev         1.0000        0.0000    
 zeus         0.97998        0.0000    
 h1            1.0162        0.0000    
 e605          1.0319        0.0000    
 NmcH2         1.0046       0.68251E-02
 ntv_nu        1.0000        0.0000    
 ntv_nuba      1.0000        0.0000    
 cdf_jet      0.98910        0.0000    
 d0_jet       0.83504        0.0000    
 slac_p       0.99722       0.40627E-02
 slac_d        1.0002       0.43946E-02
 e866pp       0.96988       0.18495E-01
 e866pd       0.96585       0.16762E-01
 d0_gamje      1.0366       0.16461E-01
 h1b          0.97608        0.0000    
 jlab_p       0.98817       0.50178E-02
 jlab_d       0.97470       0.51317E-02
 blank         1.0000        0.0000    
 d0run2       0.95017       0.14717E-01
 cdfrun2      0.93629       0.17458E-01
 HERA_el       1.0000        0.0000    
 HERA_ps       1.0000        0.0000    
 CDF_Z        0.94661       0.60794E-02
 NmcRat        1.0000        0.0000    
 BNS_F2nd     0.97493       0.72629E-02
 HERMES_F     0.99076       0.49733E-02
 HERMES_F     0.97561       0.51577E-02
 e03103_p     0.99201       0.45305E-02
 e03103_d     0.97662       0.46589E-02
 e06009_d_c   0.96012       0.76532E-02
 e94110_p      1.0051       0.47367E-02
 e99118_p      1.0084       0.17415E-01
 e99118_d      1.0206       0.17719E-01
 jlcee96_p     1.0145       0.48510E-02
 jlcee96_d     1.0200       0.52086E-02
 END 0. 0.

 # Hessian matrix (Bevington alpha)
   0.13884836576676E+08  0.12176093372247E+08  0.74955605348894E+06  0.71342818212221E+07  0.10409465874454E+07  0.25389356138754E+07  0.15822804537289E+07  0.46759649323335E+08  0.61396373269671E+08  0.11693879537124E+07  0.19949286859654E+06  0.27302208379655E+07  0.25599152794110E+06  0.15954614113701E+05  0.80187024060210E+07  0.26904466337656E+06  0.19261782235284E+07  0.83936663703187E+06  0.32184924272777E+09  0.23703985269523E+07  0.20513456448543E+06  0.22783556973452E+06  0.91931338111742E+06  0.23391980236459E+07  0.12071664507921E+08 -0.13094512358610E+06 -0.54806431796790E+05 -0.49845321925429E+04 -0.86299970836845E+06 -0.10969049550464E+07 -0.20849753112143E+05 -0.47091035559212E+05 -0.31583951941654E+04 -0.20269883861200E+06 -0.22226758122482E+06 -0.87002975220279E+04 -0.30827953480578E+04 -0.18639198345213E+05  0.17370740751813E+05 -0.73902453935136E+05 -0.57763286888063E+05 -0.31679098216991E+06 -0.52692235773660E+06 -0.16616384880351E+05 -0.33845236424993E+06 -0.44242711523743E+04 -0.33746811031426E+04 -0.22058553268836E+06 -0.16978977938030E+06
   0.12176093372247E+08  0.31729863746062E+08  0.87996694182074E+06  0.13624857189768E+08  0.29394459874623E+07  0.55581270331011E+07  0.32287172151180E+07  0.10051882764886E+09  0.13662487781823E+09  0.27633419026466E+07  0.41999036523616E+06  0.60139237465191E+07  0.56321377759427E+06  0.35613154787987E+05  0.17782054579803E+08  0.59426855471820E+06  0.42641219798236E+07  0.18615095383624E+07  0.69924575276624E+09  0.54910316308883E+07  0.55958204509271E+06  0.55501240589916E+06  0.21243241292488E+07  0.52516951981236E+07  0.27871860215050E+08  0.16752435555287E+05  0.81948235371701E+04 -0.21768687835246E+03  0.21021210135729E+06  0.25996806500176E+06  0.57392590667873E+04  0.13128202370857E+05  0.41947791262860E+03  0.63527290535331E+05  0.69230582358945E+05  0.22987514513653E+04  0.73094184574555E+03 -0.21260508196984E+04 -0.23180795688953E+04  0.87025097875191E+04  0.72492770323214E+04  0.80431374393334E+05  0.13260562919797E+06  0.11488563957937E+04  0.77344140384753E+05  0.58837500830308E+03  0.46313943614251E+03  0.42844056332731E+05  0.33215611248631E+05
   0.74955605348894E+06  0.87996694182074E+06  0.42947746261782E+05  0.46404908307040E+06  0.77644592501120E+05  0.17255216616188E+06  0.10508654656495E+06  0.31484845939680E+07  0.42025602645852E+07  0.82061260107488E+05  0.13305420345530E+05  0.18586916310600E+06  0.17423872298396E+05  0.10929401035576E+04  0.54717999454594E+06  0.18448445738304E+05  0.13084186490318E+06  0.56959731071859E+05  0.21846355376203E+08  0.16449021861133E+06  0.15106896090190E+05  0.16074211691787E+05  0.63565707216201E+05  0.16013057260258E+06  0.83626949914735E+06 -0.50786712652594E+04 -0.21343834304993E+04  0.32276268175835E+02 -0.35143664877213E+05 -0.44892264279742E+05 -0.88552716838983E+03 -0.20090046660072E+04 -0.10844296140431E+03 -0.87717904396827E+04 -0.96084948711249E+04 -0.36377198755147E+03 -0.12719965309577E+03 -0.59734622350524E+02  0.68008521721490E+03 -0.24024243303611E+04 -0.19261540586615E+04 -0.13441493415539E+05 -0.22421140959803E+05 -0.64780955401689E+03 -0.14357772908568E+05 -0.17202761460936E+03 -0.13173666628359E+03 -0.92105306338237E+04 -0.70814433760343E+04
   0.71342818212221E+07  0.13624857189768E+08  0.46404908307040E+06  0.66936860397347E+07  0.11784673564748E+07  0.25500423924239E+07  0.15197413169632E+07  0.45227007561749E+08  0.60633492374679E+08  0.11974510633309E+07  0.19116722747458E+06  0.26702810671728E+07  0.25008083558821E+06  0.15873513674081E+05  0.79289809767063E+07  0.26071414002858E+06  0.19226752435148E+07  0.84195363270574E+06  0.31291679349638E+09  0.23992053565449E+07  0.23154306299462E+06  0.23878985671057E+06  0.93486237927319E+06  0.23281061774048E+07  0.12247587395883E+08 -0.13395347421774E+05 -0.22107450557862E+05 -0.27657876916897E+03 -0.67325976285871E+05 -0.34824113047683E+06 -0.13736850448695E+04 -0.24465976779278E+04 -0.68132827987598E+02 -0.11690662312673E+05 -0.52072027188503E+05 -0.23878564828925E+04 -0.94080241764950E+03 -0.11963212875026E+05 -0.16705251502179E+05 -0.78404721072251E+04 -0.23139774879322E+05 -0.23849059687351E+05 -0.16014232783823E+06 -0.85656403339492E+04 -0.28243053757701E+05 -0.48382307113269E+03 -0.14267376728008E+04 -0.20722967919196E+05 -0.62754693160954E+05
   0.10409465874454E+07  0.29394459874623E+07  0.77644592501120E+05  0.11784673564748E+07  0.28612460845954E+06  0.50272128301538E+06  0.28712562791998E+06  0.92227202722106E+07  0.12583805417321E+08  0.25709491647971E+06  0.38347497316445E+05  0.55401643675214E+06  0.51894700086194E+05  0.32739121199193E+04  0.16352309303200E+07  0.55031094865762E+05  0.39035670839627E+06  0.17017571633178E+06  0.64152290306698E+08  0.51009966696289E+06  0.53423560983915E+05  0.51959156925529E+05  0.19593593956918E+06  0.48368858032176E+06  0.25765921223530E+07  0.20812775849665E+04  0.35886900449682E+04 -0.47736494909918E+02  0.13882676776403E+05  0.72497226565374E+05  0.39176826408567E+03  0.67881300568698E+03  0.89001233375155E+01  0.36599842994277E+04  0.16078387417328E+05  0.53557061974408E+03  0.19375544911279E+03  0.38963223073056E+03  0.26367922351105E+04  0.90781968306981E+03  0.27989646327958E+04  0.58393691466912E+04  0.39914249573344E+05  0.11291036433074E+04  0.66572241594134E+04  0.73440496617715E+02  0.22065128071290E+03  0.42738519510640E+04  0.12973102952211E+05
   0.25389356138754E+07  0.55581270331011E+07  0.17255216616188E+06  0.25500423924239E+07  0.50272128301538E+06  0.10091637093229E+07  0.59219086607014E+06  0.18076127659150E+08  0.24369096542795E+08  0.48677796026834E+06  0.76025642641654E+05  0.10729704857611E+07  0.10049278388475E+06  0.63689250293644E+04  0.31807727062661E+07  0.10524881256833E+06  0.76794427155390E+06  0.33597905252793E+06  0.12520910827054E+09  0.97286549630456E+06  0.96879637101310E+05  0.97687264574313E+05  0.37720230659479E+06  0.93650887566517E+06  0.49478818163571E+07 -0.22072899443364E+04 -0.34721228654388E+04  0.50358852879025E+02 -0.83705216339356E+04 -0.40986600876802E+05 -0.53822574150867E+02 -0.12186278439331E+03 -0.13942698679298E+02 -0.29878586784899E+03 -0.14694022138359E+04 -0.25691023934466E+03 -0.11739660837880E+03 -0.26616145469329E+04 -0.27182123662574E+04 -0.15524471223323E+04 -0.44641680171203E+04 -0.17226636425086E+04 -0.10231636437910E+05 -0.13965758482117E+04 -0.19357075717934E+04 -0.80897366051315E+02 -0.23312401381015E+03 -0.19459794875486E+04 -0.59358807685434E+04
   0.15822804537289E+07  0.32287172151180E+07  0.10508654656495E+06  0.15197413169632E+07  0.28712562791998E+06  0.59219086607014E+06  0.35020934848966E+06  0.10581641386021E+08  0.14260835035183E+08  0.28388630552332E+06  0.44538345029212E+05  0.62801550400189E+06  0.58814246324248E+05  0.37260510594460E+04  0.18605815045028E+07  0.61686048500309E+05  0.44865306413826E+06  0.19616139658574E+06  0.73397922444222E+08  0.56713943172436E+06  0.55709124701985E+05  0.56709136885315E+05  0.22027768020800E+06  0.54755357804829E+06  0.28882168877813E+07 -0.20158893751836E+04 -0.32248738457711E+04  0.80835212154360E+02 -0.91940253321180E+04 -0.47559710203393E+05 -0.17461857716482E+03 -0.30455313378290E+03 -0.10028169209523E+02 -0.13099370196895E+04 -0.58943503813433E+04 -0.32848232603794E+03 -0.13273986816671E+03 -0.11280969056540E+04 -0.25888955619393E+04 -0.98470341998890E+03 -0.29340508297375E+04 -0.30600092958999E+04 -0.20155434140253E+05 -0.13659138901495E+04 -0.36055237041951E+04 -0.73321355428820E+02 -0.21553544908780E+03 -0.28223837526183E+04 -0.85655695684036E+04
   0.46759649323335E+08  0.10051882764886E+09  0.31484845939680E+07  0.45227007561749E+08  0.92227202722106E+07  0.18076127659150E+08  0.10581641386021E+08  0.33103154749704E+09  0.43882665126332E+09  0.87922963891871E+07  0.13878476546821E+07  0.19461988861280E+08  0.18219654022069E+07  0.11511360327334E+06  0.57525308883140E+08  0.19109216269783E+07  0.13864520921946E+08  0.60589439628287E+07  0.22652211255869E+10  0.17617700983179E+08  0.17604359162057E+07  0.17710041845837E+07  0.68286470446949E+07  0.16959897097912E+08  0.89600348409912E+08 -0.64551944606380E+05 -0.51573344832469E+05 -0.71419421541940E+05 -0.30210231609910E+06 -0.59444557531477E+06 -0.75787559757093E+05 -0.16975465208225E+06 -0.14037052911900E+04 -0.59484233675026E+04 -0.11719099371205E+05  0.51038566490741E+03  0.35935650283602E+03 -0.28271478586636E+06 -0.90361441198167E+04 -0.14724596395905E+06 -0.18254638407696E+06 -0.34601494783506E+05 -0.81332311759713E+05 -0.12231740431098E+05 -0.36216042501474E+05 -0.22974344699782E+04 -0.29067726981908E+04 -0.38299981243344E+05 -0.49029353463493E+05
   0.61396373269671E+08  0.13662487781823E+09  0.42025602645852E+07  0.60633492374679E+08  0.12583805417321E+08  0.24369096542795E+08  0.14260835035183E+08  0.43882665126332E+09  0.60044000912880E+09  0.12077212248609E+08  0.18396367368573E+07  0.26351566081873E+08  0.24682292084771E+07  0.15598392193830E+06  0.77956510991059E+08  0.26043677528384E+07  0.18695440860556E+08  0.81585707400213E+07  0.30716381363180E+10  0.23965627066446E+08  0.24027424014390E+07  0.24063836188495E+07  0.92473224010543E+07  0.22934297196406E+08  0.12161652483482E+09  0.11575712146688E+05  0.10911708808059E+05  0.24667150089547E+05  0.67211000274033E+05  0.12811604890835E+06  0.23004579021836E+05  0.51661968373799E+05  0.18061988548619E+03  0.65402740216022E+03  0.13161261378319E+04 -0.13304663696400E+04 -0.72308859650159E+03  0.11480578280365E+06  0.15848476493481E+04  0.45227844972724E+05  0.55545056805481E+05  0.48774362170829E+04  0.11168722213757E+05  0.19506248353997E+04  0.49737661309144E+04  0.44982161462487E+03  0.56931332149231E+03  0.56529066050029E+04  0.73363694810453E+04
   0.11693879537124E+07  0.27633419026466E+07  0.82061260107488E+05  0.11974510633309E+07  0.25709491647971E+06  0.48677796026834E+06  0.28388630552332E+06  0.87922963891871E+07  0.12077212248609E+08  0.24591786138462E+06  0.36538987179610E+05  0.53028246019896E+06  0.49668386466431E+05  0.31407025788169E+04  0.15654592059903E+07  0.52997837627061E+05  0.37248977695296E+06  0.16205879293843E+06  0.61834645061901E+08  0.48426685678978E+06  0.48874271837835E+05  0.48644645882160E+05  0.18606756053800E+06  0.46091159557096E+06  0.24536502562829E+07  0.27730309363089E+04  0.19070064009613E+04  0.73309803368287E+03  0.11115219940902E+05  0.23067002870201E+05  0.15150048783130E+04  0.33198758951940E+04  0.43195045227740E+02  0.55926276221915E+03  0.10651183916992E+04  0.12328869183346E+03  0.55256100922993E+02  0.31615469787748E+04  0.44103028261920E+03  0.28480427606883E+04  0.36138834221058E+04  0.22855079652654E+04  0.56779067171116E+04  0.67141239640067E+03  0.25710461895484E+04  0.96332783615852E+02  0.12154503165620E+03  0.24293839814852E+04  0.30524921759374E+04
   0.19949286859654E+06  0.41999036523616E+06  0.13305420345530E+05  0.19116722747458E+06  0.38347497316445E+05  0.76025642641654E+05  0.44538345029212E+05  0.13878476546821E+07  0.18396367368573E+07  0.36538987179610E+05  0.58601688370984E+04  0.81486929539677E+05  0.76275763378138E+04  0.48179320891080E+03  0.24147872875968E+06  0.79062284759285E+04  0.58696026302210E+05  0.25728797374094E+05  0.94784955645000E+07  0.73603243250003E+05  0.73376403710225E+04  0.74000876860963E+04  0.28587898983218E+05  0.71044639242427E+05  0.37464259899969E+06 -0.45532178592219E+03 -0.34252411664152E+03 -0.32878204522878E+03 -0.19654191599330E+04 -0.39120340395735E+04 -0.41330595890144E+03 -0.92546496403395E+03 -0.10441126698977E+02 -0.44520306643205E+02 -0.87642062290006E+02 -0.11373959003334E+02 -0.54574524426055E+01 -0.11237840254598E+04 -0.63549177741452E+02 -0.80057126280121E+03 -0.99946509389522E+03 -0.25326842118286E+03 -0.59618383197505E+03 -0.87760367371199E+02 -0.26486072671757E+03 -0.15712152138123E+02 -0.19879500877626E+02 -0.27766254926260E+03 -0.35474175394310E+03
   0.27302208379655E+07  0.60139237465191E+07  0.18586916310600E+06  0.26702810671728E+07  0.55401643675214E+06  0.10729704857611E+07  0.62801550400189E+06  0.19461988861280E+08  0.26351566081873E+08  0.53028246019896E+06  0.81486929539677E+05  0.11625410711814E+07  0.10882624716145E+06  0.68685453950305E+04  0.34323139337059E+07  0.11458917039578E+06  0.82427248754894E+06  0.35989465311247E+06  0.13527321180103E+09  0.10552405333006E+07  0.10576140983545E+06  0.10595327805103E+06  0.40738428070519E+06  0.10107313216383E+07  0.53553131467853E+07 -0.11147150519247E+04  0.52010303532574E-10 -0.77775458856362E+03 -0.50624713196523E+04  0.30588575140199E-09 -0.24639208314330E+04 -0.63745596820909E+02 -0.81910080027043E+02 -0.14814217899812E+00 -0.78129434497563E-10 -0.17474586408589E+01 -0.75652065320639E+00  0.16806131826784E+03  0.29185060645127E+03 -0.28577677892874E+04  0.35320734472982E-10 -0.65064163520183E+02 -0.89355844953341E-11 -0.55418935010027E-11 -0.21728678706242E+02 -0.30831564849938E+02 -0.45149845699764E-11 -0.56131687165307E+02 -0.45156058120772E-10
   0.25599152794110E+06  0.56321377759427E+06  0.17423872298396E+05  0.25008083558821E+06  0.51894700086194E+05  0.10049278388475E+06  0.58814246324248E+05  0.18219654022069E+07  0.24682292084771E+07  0.49668386466431E+05  0.76275763378138E+04  0.10882624716145E+06  0.10191532721332E+05  0.64322608456690E+03  0.32139855196672E+06  0.10738069164194E+05  0.77138515627829E+05  0.33677040521292E+05  0.12669077921918E+08  0.98818175736226E+05  0.99046489340345E+04  0.99232320172163E+04  0.38156405996996E+05  0.94667693249893E+05  0.50155069827858E+06 -0.16084431052284E+03 -0.85917464500882E-13 -0.29456374617057E+02 -0.57944949823525E+03  0.48466513167112E-10 -0.15095099752787E+03 -0.16381085872595E+02 -0.64250048681960E+01 -0.10472605420999E+00  0.28570214939977E-11 -0.17827579798612E+00 -0.69996319436034E-01  0.20552829800798E+02  0.64532507423521E+02 -0.20110457880894E+03 -0.12964433495167E-10 -0.22183087705101E+02  0.10475539615096E-10 -0.16106006512444E-11 -0.94290664839554E+01 -0.53687582582574E+01  0.73071287885796E-12 -0.20537761869692E+02 -0.78728283264737E-12
   0.15954614113701E+05  0.35613154787987E+05  0.10929401035576E+04  0.15873513674081E+05  0.32739121199193E+04  0.63689250293644E+04  0.37260510594460E+04  0.11511360327334E+06  0.15598392193830E+06  0.31407025788169E+04  0.48179320891080E+03  0.68685453950305E+04  0.64322608456690E+03  0.40704686076506E+02  0.20318617963919E+05  0.67842200217236E+03  0.48768184128134E+04  0.21282217819484E+04  0.80062950800107E+06  0.62450433571672E+04  0.62575225635477E+03  0.62706020791657E+03  0.24107391487308E+04  0.59802001833731E+04  0.31695602470252E+05  0.63509661761445E-01 -0.20039215487467E-13 -0.55397108794178E+01 -0.64011319779533E+00  0.10095543588337E-11 -0.28318544069917E+01 -0.11860679644084E-04 -0.12468628809416E+00  0.22132897090189E-13  0.21803573215115E-13 -0.14843159080947E-02 -0.81597351700650E-03 -0.21176503697761E+01  0.34036211305045E-04 -0.27344758266342E+01  0.10278192507922E-12 -0.63030167588827E-07  0.71422597425122E-12  0.21367249481416E-12 -0.13383573925437E-08 -0.61494399986592E-05 -0.45942661901618E-13 -0.30954650603142E-07 -0.21703149927326E-12
   0.80187024060210E+07  0.17782054579803E+08  0.54717999454594E+06  0.79289809767063E+07  0.16352309303200E+07  0.31807727062661E+07  0.18605815045028E+07  0.57525308883140E+08  0.77956510991059E+08  0.15654592059903E+07  0.24147872875968E+06  0.34323139337059E+07  0.32139855196672E+06  0.20318617963919E+05  0.10191760713864E+08  0.33437835368971E+06  0.24708676559173E+07  0.10818721626109E+07  0.39983747924753E+09  0.31183817352696E+07  0.31266653275264E+06  0.31322839698996E+06  0.12038979219308E+07  0.29862904534627E+07  0.15830889310534E+08 -0.29478829035836E+04 -0.19154446582866E+04 -0.25041289656302E+04  0.19083040332341E+04  0.42525337734089E+04 -0.15456290250561E+04 -0.30149978598950E+04 -0.74399703144637E+03  0.33967083430620E+03  0.60394970715092E+03 -0.30433151567532E+04 -0.15906138664666E+04 -0.21545398666691E+04  0.19702122229013E+03 -0.97865276666071E+03 -0.10985268613462E+04  0.87787213426255E+03  0.29132571314438E+04  0.40044004643209E+03  0.17868592139228E+04  0.53083549270564E+02  0.62864602713706E+02  0.15738810560410E+04  0.19308371013227E+04
   0.26904466337656E+06  0.59426855471820E+06  0.18448445738304E+05  0.26071414002858E+06  0.55031094865762E+05  0.10524881256833E+06  0.61686048500309E+05  0.19109216269783E+07  0.26043677528384E+07  0.52997837627061E+05  0.79062284759285E+04  0.11458917039578E+06  0.10738069164194E+05  0.67842200217236E+03  0.33437835368971E+06  0.11917645159210E+05  0.76915051434339E+05  0.33040586875459E+05  0.13377702705193E+08  0.10429681348109E+06  0.10427923890026E+05  0.10465206442810E+05  0.40276750772573E+05  0.99929066502659E+05  0.52921693527530E+06  0.57162218591922E+03  0.35626720888094E+03  0.29463757373338E+03 -0.13063214293326E+03 -0.46176072937831E+03  0.16754262866921E+03  0.32508732867863E+03  0.85472779139295E+02 -0.94530147023296E+02 -0.16609120962402E+03  0.49365571676561E+03  0.23854842535154E+03 -0.39292948205031E+03 -0.35564676682242E+02  0.27903849937845E+03  0.31257044592470E+03 -0.19831617912209E+03 -0.69766351166401E+03 -0.77793755400180E+02 -0.42623776743362E+03 -0.84220157814734E+01 -0.10116049827602E+02 -0.34604488003231E+03 -0.42199125292139E+03
   0.19261782235284E+07  0.42641219798236E+07  0.13084186490318E+06  0.19226752435148E+07  0.39035670839627E+06  0.76794427155390E+06  0.44865306413826E+06  0.13864520921946E+08  0.18695440860556E+08  0.37248977695296E+06  0.58696026302210E+05  0.82427248754894E+06  0.77138515627829E+05  0.48768184128134E+04  0.24708676559173E+07  0.76915051434339E+05  0.61852583037527E+06  0.27383364056500E+06  0.95872904649199E+08  0.74773002688262E+06  0.75056779830003E+05  0.75130842200032E+05  0.28848067499271E+06  0.71552996495458E+06  0.37965421051517E+07 -0.33164470052042E+04 -0.21001176781646E+04 -0.26843341489901E+04  0.22474096340591E+04  0.51211537705971E+04 -0.13721516570416E+04 -0.26919359151191E+04 -0.68642301429961E+03  0.13858886678189E+03  0.26590172195320E+03 -0.30991171785011E+04 -0.16383297483448E+04  0.20516234284383E+04  0.28848722860977E+03 -0.20314072579630E+04 -0.22497745526037E+04  0.83926975092209E+03  0.23063697314957E+04  0.52005804340214E+03  0.14120669831118E+04  0.79849805590495E+02  0.92753727690242E+02  0.15799375984414E+04  0.19705582619917E+04
   0.83936663703187E+06  0.18615095383624E+07  0.56959731071859E+05  0.84195363270574E+06  0.17017571633178E+06  0.33597905252793E+06  0.19616139658574E+06  0.60589439628287E+07  0.81585707400213E+07  0.16205879293843E+06  0.25728797374094E+05  0.35989465311247E+06  0.33677040521292E+05  0.21282217819484E+04  0.10818721626109E+07  0.33040586875459E+05  0.27383364056500E+06  0.12179265547505E+06  0.41831929698614E+08  0.32631440882730E+06  0.32793183580191E+05  0.32802286566828E+05  0.12587697547116E+06  0.31221549249342E+06  0.16572441255735E+07 -0.23175792582349E+04 -0.14358900655689E+04 -0.13573694692988E+04  0.10100373173258E+04  0.27678301510464E+04 -0.70798073967664E+03 -0.13883847888703E+04 -0.38265032732124E+03  0.17565345745662E+03  0.32256024624506E+03 -0.20238605601818E+04 -0.10257791670436E+04  0.19580716799408E+04  0.19556897740259E+03 -0.13839058880254E+04 -0.15356845491912E+04  0.68914080402490E+03  0.20720055866231E+04  0.38232980503999E+03  0.12816015503127E+04  0.48452988738628E+02  0.56843770915286E+02  0.12853060099746E+04  0.15859175833942E+04
   0.32184924272777E+09  0.69924575276624E+09  0.21846355376203E+08  0.31291679349638E+09  0.64152290306698E+08  0.12520910827054E+09  0.73397922444222E+08  0.22652211255869E+10  0.30716381363180E+10  0.61834645061901E+08  0.94784955645000E+07  0.13527321180103E+09  0.12669077921918E+08  0.80062950800107E+06  0.39983747924753E+09  0.13377702705193E+08  0.95872904649199E+08  0.41831929698614E+08  0.15774580328200E+11  0.12281086459466E+09  0.12256296749725E+08  0.12313367728353E+08  0.47417867487647E+08  0.11769184577342E+09  0.62369023918951E+09 -0.16923880029003E+05 -0.38015273767053E+05  0.51567701030282E+03 -0.28521716506969E+06 -0.14004441848931E+07 -0.87383314119746E+04 -0.15690753773084E+05 -0.95917627130038E+02 -0.92291419566038E+05 -0.40328949186593E+06 -0.11922026830701E+05 -0.37509737177820E+04  0.83113154933568E+04 -0.22425753843681E+05 -0.10593090468367E+05 -0.33040500873063E+05 -0.11089208665401E+06 -0.73245656727082E+06 -0.10772645031923E+04 -0.10394741814981E+06 -0.64647560153473E+03 -0.19887786119632E+04 -0.54237755419071E+05 -0.16754329513133E+06
   0.23703985269523E+07  0.54910316308883E+07  0.16449021861133E+06  0.23992053565449E+07  0.51009966696289E+06  0.97286549630456E+06  0.56713943172436E+06  0.17617700983179E+08  0.23965627066446E+08  0.48426685678978E+06  0.73603243250003E+05  0.10552405333006E+07  0.98818175736226E+05  0.62450433571672E+04  0.31183817352696E+07  0.10429681348109E+06  0.74773002688262E+06  0.32631440882730E+06  0.12281086459466E+09  0.96277633500645E+06  0.97533839376405E+05  0.96929091303915E+05  0.37054350253801E+06  0.91814731321239E+06  0.48741534775280E+07  0.00000000000000E+00  0.26044821579749E+04  0.00000000000000E+00  0.00000000000000E+00  0.41127294204056E+05  0.00000000000000E+00  0.00000000000000E+00  0.00000000000000E+00  0.00000000000000E+00  0.61248352210846E+04  0.00000000000000E+00  0.00000000000000E+00  0.00000000000000E+00 -0.16392173793407E+04  0.00000000000000E+00  0.41919685367938E+04  0.00000000000000E+00  0.16025442320114E+05  0.75402027397415E+03  0.00000000000000E+00  0.00000000000000E+00  0.14836617807055E+03  0.00000000000000E+00  0.57722269140077E+04
   0.20513456448543E+06  0.55958204509271E+06  0.15106896090190E+05  0.23154306299462E+06  0.53423560983915E+05  0.96879637101310E+05  0.55709124701985E+05  0.17604359162057E+07  0.24027424014390E+07  0.48874271837835E+05  0.73376403710225E+04  0.10576140983545E+06  0.99046489340345E+04  0.62575225635477E+03  0.31266653275264E+06  0.10427923890026E+05  0.75056779830003E+05  0.32793183580191E+05  0.12256296749725E+08  0.97533839376405E+05  0.10258341963538E+05  0.99506716446476E+04  0.37353972752560E+05  0.92209744243949E+05  0.49091296510002E+06  0.00000000000000E+00  0.67701704590805E+03  0.00000000000000E+00  0.00000000000000E+00  0.15495379716954E+05  0.00000000000000E+00  0.00000000000000E+00  0.00000000000000E+00  0.00000000000000E+00  0.31054697082082E+04  0.00000000000000E+00  0.00000000000000E+00  0.00000000000000E+00 -0.51276526692524E+03  0.00000000000000E+00  0.87632161021098E+03  0.00000000000000E+00  0.70937358338683E+04  0.21802218788476E+03  0.00000000000000E+00  0.00000000000000E+00  0.45747974684018E+02  0.00000000000000E+00  0.22511804319270E+04
   0.22783556973452E+06  0.55501240589916E+06  0.16074211691787E+05  0.23878985671057E+06  0.51959156925529E+05  0.97687264574313E+05  0.56709136885315E+05  0.17710041845837E+07  0.24063836188495E+07  0.48644645882160E+05  0.74000876860963E+04  0.10595327805103E+06  0.99232320172163E+04  0.62706020791657E+03  0.31322839698996E+06  0.10465206442810E+05  0.75130842200032E+05  0.32802286566828E+05  0.12313367728353E+08  0.96929091303915E+05  0.99506716446476E+04  0.98220017314046E+04  0.37334038911649E+05  0.92384329283380E+05  0.49030212750103E+06  0.00000000000000E+00  0.19853244881461E+03  0.00000000000000E+00  0.00000000000000E+00  0.67530752808921E+04  0.00000000000000E+00  0.00000000000000E+00  0.00000000000000E+00  0.00000000000000E+00  0.16162146023243E+04  0.00000000000000E+00  0.00000000000000E+00  0.00000000000000E+00 -0.16702182824306E+03  0.00000000000000E+00  0.26149254828213E+03  0.00000000000000E+00  0.32711768213337E+04  0.56307199670053E+02  0.00000000000000E+00  0.00000000000000E+00  0.15258783283261E+02  0.00000000000000E+00  0.90803933268200E+03
   0.91931338111742E+06  0.21243241292488E+07  0.63565707216201E+05  0.93486237927319E+06  0.19593593956918E+06  0.37720230659479E+06  0.22027768020800E+06  0.68286470446949E+07  0.92473224010543E+07  0.18606756053800E+06  0.28587898983218E+05  0.40738428070519E+06  0.38156405996996E+05  0.24107391487308E+04  0.12038979219308E+07  0.40276750772573E+05  0.28848067499271E+06  0.12587697547116E+06  0.47417867487647E+08  0.37054350253801E+06  0.37353972752560E+05  0.37334038911649E+05  0.14365124829404E+06  0.35581932524677E+06  0.18822659343313E+07 -0.51046844231380E+02 -0.29428398110606E+02  0.21349356754120E+01  0.71671535436867E+03  0.21223590641781E+03  0.00000000000000E+00  0.00000000000000E+00  0.00000000000000E+00  0.24074889925594E+04  0.29702782725309E+04  0.00000000000000E+00  0.00000000000000E+00  0.00000000000000E+00 -0.27730834817794E+02 -0.39524628183943E+03 -0.41009309421551E+03  0.15993384709651E+04  0.40665238685064E+04 -0.42951190152564E+03  0.18375681408965E+04 -0.40971272204085E+02 -0.37753307990874E+02 -0.56316240447005E+02  0.20124760444361E+02
   0.23391980236459E+07  0.52516951981236E+07  0.16013057260258E+06  0.23281061774048E+07  0.48368858032176E+06  0.93650887566517E+06  0.54755357804829E+06  0.16959897097912E+08  0.22934297196406E+08  0.46091159557096E+06  0.71044639242427E+05  0.10107313216383E+07  0.94667693249893E+05  0.59802001833731E+04  0.29862904534627E+07  0.99929066502659E+05  0.71552996495458E+06  0.31221549249342E+06  0.11769184577342E+09  0.91814731321239E+06  0.92209744243949E+05  0.92384329283380E+05  0.35581932524677E+06  0.88240717748809E+06  0.46649402126623E+07 -0.15530684638262E+03 -0.10612062672524E+03 -0.51311108143007E+02 -0.62367503373804E+04 -0.10816466619395E+05  0.00000000000000E+00  0.00000000000000E+00  0.00000000000000E+00  0.32571019312248E+04  0.39101443041811E+04  0.00000000000000E+00  0.00000000000000E+00  0.00000000000000E+00 -0.39598451030030E+02 -0.21258011801699E+04 -0.21930508666922E+04  0.14078740298364E+04  0.49063598330748E+04 -0.10341908706522E+04  0.26701515215145E+04 -0.14946801714880E+03 -0.14382080894295E+03 -0.86538389455583E+03 -0.91749296551114E+03
   0.12071664507921E+08  0.27871860215050E+08  0.83626949914735E+06  0.12247587395883E+08  0.25765921223530E+07  0.49478818163571E+07  0.28882168877813E+07  0.89600348409912E+08  0.12161652483482E+09  0.24536502562829E+07  0.37464259899969E+06  0.53553131467853E+07  0.50155069827858E+06  0.31695602470252E+05  0.15830889310534E+08  0.52921693527530E+06  0.37965421051517E+07  0.16572441255735E+07  0.62369023918951E+09  0.48741534775280E+07  0.49091296510002E+06  0.49030212750103E+06  0.18822659343313E+07  0.46649402126623E+07  0.24746087407039E+08  0.25095465848442E+03  0.13081348619608E+03 -0.67815278370854E+01  0.37318389190213E+05  0.60593676237724E+05  0.00000000000000E+00  0.00000000000000E+00  0.00000000000000E+00  0.15760005787726E+05  0.19777817198897E+05  0.00000000000000E+00  0.00000000000000E+00  0.00000000000000E+00 -0.79170463487068E+02  0.15522478537690E+04  0.15866325597944E+04  0.20279664176042E+05  0.50243415841658E+05  0.18141674019458E+04  0.32613875180076E+05  0.33457025901794E+03  0.33726456198725E+03  0.20119695898333E+05  0.19589934111824E+05
  -0.13094512358610E+06  0.16752435555287E+05 -0.50786712652594E+04 -0.13395347421774E+05  0.20812775849665E+04 -0.22072899443364E+04 -0.20158893751836E+04 -0.64551944606380E+05  0.11575712146688E+05  0.27730309363089E+04 -0.45532178592219E+03 -0.11147150519247E+04 -0.16084431052284E+03  0.63509661761445E-01 -0.29478829035836E+04  0.57162218591922E+03 -0.33164470052042E+04 -0.23175792582349E+04 -0.16923880029003E+05  0.00000000000000E+00  0.00000000000000E+00  0.00000000000000E+00 -0.51046844231380E+02 -0.15530684638262E+03  0.25095465848442E+03  0.11769778609103E+06  0.00000000000000E+00  0.00000000000000E+00  0.00000000000000E+00  0.00000000000000E+00  0.00000000000000E+00  0.00000000000000E+00  0.00000000000000E+00  0.00000000000000E+00  0.00000000000000E+00  0.00000000000000E+00  0.00000000000000E+00  0.00000000000000E+00  0.00000000000000E+00  0.00000000000000E+00  0.00000000000000E+00  0.00000000000000E+00  0.00000000000000E+00  0.00000000000000E+00  0.00000000000000E+00  0.00000000000000E+00  0.00000000000000E+00  0.00000000000000E+00  0.00000000000000E+00
  -0.54806431796790E+05  0.81948235371701E+04 -0.21343834304993E+04 -0.22107450557862E+05  0.35886900449682E+04 -0.34721228654388E+04 -0.32248738457711E+04 -0.51573344832469E+05  0.10911708808059E+05  0.19070064009613E+04 -0.34252411664152E+03  0.52010303532574E-10 -0.85917464500882E-13 -0.20039215487467E-13 -0.19154446582866E+04  0.35626720888094E+03 -0.21001176781646E+04 -0.14358900655689E+04 -0.38015273767053E+05  0.26044821579749E+04  0.67701704590805E+03  0.19853244881461E+03 -0.29428398110606E+02 -0.10612062672524E+03  0.13081348619608E+03  0.00000000000000E+00  0.64970026260163E+05  0.00000000000000E+00  0.00000000000000E+00  0.00000000000000E+00  0.00000000000000E+00  0.00000000000000E+00  0.00000000000000E+00  0.00000000000000E+00  0.00000000000000E+00  0.00000000000000E+00  0.00000000000000E+00  0.00000000000000E+00  0.00000000000000E+00  0.00000000000000E+00  0.00000000000000E+00  0.00000000000000E+00  0.00000000000000E+00  0.00000000000000E+00  0.00000000000000E+00  0.00000000000000E+00  0.00000000000000E+00  0.00000000000000E+00  0.00000000000000E+00
  -0.49845321925429E+04 -0.21768687835246E+03  0.32276268175835E+02 -0.27657876916897E+03 -0.47736494909918E+02  0.50358852879025E+02  0.80835212154360E+02 -0.71419421541940E+05  0.24667150089547E+05  0.73309803368287E+03 -0.32878204522878E+03 -0.77775458856362E+03 -0.29456374617057E+02 -0.55397108794178E+01 -0.25041289656302E+04  0.29463757373338E+03 -0.26843341489901E+04 -0.13573694692988E+04  0.51567701030282E+03  0.00000000000000E+00  0.00000000000000E+00  0.00000000000000E+00  0.21349356754120E+01 -0.51311108143007E+02 -0.67815278370854E+01  0.00000000000000E+00  0.00000000000000E+00  0.30901951128641E+05  0.00000000000000E+00  0.00000000000000E+00  0.00000000000000E+00  0.00000000000000E+00  0.00000000000000E+00  0.00000000000000E+00  0.00000000000000E+00  0.00000000000000E+00  0.00000000000000E+00  0.00000000000000E+00  0.00000000000000E+00  0.00000000000000E+00  0.00000000000000E+00  0.00000000000000E+00  0.00000000000000E+00  0.00000000000000E+00  0.00000000000000E+00  0.00000000000000E+00  0.00000000000000E+00  0.00000000000000E+00  0.00000000000000E+00
  -0.86299970836845E+06  0.21021210135729E+06 -0.35143664877213E+05 -0.67325976285871E+05  0.13882676776403E+05 -0.83705216339356E+04 -0.91940253321180E+04 -0.30210231609910E+06  0.67211000274033E+05  0.11115219940902E+05 -0.19654191599330E+04 -0.50624713196523E+04 -0.57944949823525E+03 -0.64011319779533E+00  0.19083040332341E+04 -0.13063214293326E+03  0.22474096340591E+04  0.10100373173258E+04 -0.28521716506969E+06  0.00000000000000E+00  0.00000000000000E+00  0.00000000000000E+00  0.71671535436867E+03 -0.62367503373804E+04  0.37318389190213E+05  0.00000000000000E+00  0.00000000000000E+00  0.00000000000000E+00  0.58625776951665E+06  0.00000000000000E+00  0.00000000000000E+00  0.00000000000000E+00  0.00000000000000E+00  0.00000000000000E+00  0.00000000000000E+00  0.00000000000000E+00  0.00000000000000E+00  0.00000000000000E+00  0.00000000000000E+00  0.00000000000000E+00  0.00000000000000E+00  0.00000000000000E+00  0.00000000000000E+00  0.00000000000000E+00  0.00000000000000E+00  0.00000000000000E+00  0.00000000000000E+00  0.00000000000000E+00  0.00000000000000E+00
  -0.10969049550464E+07  0.25996806500176E+06 -0.44892264279742E+05 -0.34824113047683E+06  0.72497226565374E+05 -0.40986600876802E+05 -0.47559710203393E+05 -0.59444557531477E+06  0.12811604890835E+06  0.23067002870201E+05 -0.39120340395735E+04  0.30588575140199E-09  0.48466513167112E-10  0.10095543588337E-11  0.42525337734089E+04 -0.46176072937831E+03  0.51211537705971E+04  0.27678301510464E+04 -0.14004441848931E+07  0.41127294204056E+05  0.15495379716954E+05  0.67530752808921E+04  0.21223590641781E+03 -0.10816466619395E+05  0.60593676237724E+05  0.00000000000000E+00  0.00000000000000E+00  0.00000000000000E+00  0.00000000000000E+00  0.92543505608487E+06  0.00000000000000E+00  0.00000000000000E+00  0.00000000000000E+00  0.00000000000000E+00  0.00000000000000E+00  0.00000000000000E+00  0.00000000000000E+00  0.00000000000000E+00  0.00000000000000E+00  0.00000000000000E+00  0.00000000000000E+00  0.00000000000000E+00  0.00000000000000E+00  0.00000000000000E+00  0.00000000000000E+00  0.00000000000000E+00  0.00000000000000E+00  0.00000000000000E+00  0.00000000000000E+00
  -0.20849753112143E+05  0.57392590667873E+04 -0.88552716838983E+03 -0.13736850448695E+04  0.39176826408567E+03 -0.53822574150867E+02 -0.17461857716482E+03 -0.75787559757093E+05  0.23004579021836E+05  0.15150048783130E+04 -0.41330595890144E+03 -0.24639208314330E+04 -0.15095099752787E+03 -0.28318544069917E+01 -0.15456290250561E+04  0.16754262866921E+03 -0.13721516570416E+04 -0.70798073967664E+03 -0.87383314119746E+04  0.00000000000000E+00  0.00000000000000E+00  0.00000000000000E+00  0.00000000000000E+00  0.00000000000000E+00  0.00000000000000E+00  0.00000000000000E+00  0.00000000000000E+00  0.00000000000000E+00  0.00000000000000E+00  0.00000000000000E+00  0.14642770168886E+05  0.00000000000000E+00  0.00000000000000E+00  0.00000000000000E+00  0.00000000000000E+00  0.00000000000000E+00  0.00000000000000E+00  0.00000000000000E+00  0.00000000000000E+00  0.00000000000000E+00  0.00000000000000E+00  0.00000000000000E+00  0.00000000000000E+00  0.00000000000000E+00  0.00000000000000E+00  0.00000000000000E+00  0.00000000000000E+00  0.00000000000000E+00  0.00000000000000E+00
  -0.47091035559212E+05  0.13128202370857E+05 -0.20090046660072E+04 -0.24465976779278E+04  0.67881300568698E+03 -0.12186278439331E+03 -0.30455313378290E+03 -0.16975465208225E+06  0.51661968373799E+05  0.33198758951940E+04 -0.92546496403395E+03 -0.63745596820909E+02 -0.16381085872595E+02 -0.11860679644084E-04 -0.30149978598950E+04  0.32508732867863E+03 -0.26919359151191E+04 -0.13883847888703E+04 -0.15690753773084E+05  0.00000000000000E+00  0.00000000000000E+00  0.00000000000000E+00  0.00000000000000E+00  0.00000000000000E+00  0.00000000000000E+00  0.00000000000000E+00  0.00000000000000E+00  0.00000000000000E+00  0.00000000000000E+00  0.00000000000000E+00  0.00000000000000E+00  0.31651191896361E+05  0.00000000000000E+00  0.00000000000000E+00  0.00000000000000E+00  0.00000000000000E+00  0.00000000000000E+00  0.00000000000000E+00  0.00000000000000E+00  0.00000000000000E+00  0.00000000000000E+00  0.00000000000000E+00  0.00000000000000E+00  0.00000000000000E+00  0.00000000000000E+00  0.00000000000000E+00  0.00000000000000E+00  0.00000000000000E+00  0.00000000000000E+00
