# fitpack15: fit parameters                                                                         
# CJ15 AV18 final data choices                                                                      
# Created on 02/20/2020 at 19:13:09                                                                 

 # QCD setup
  INS                           0
  NVL                          11
  IORD                          1
  Q02                   1.6899999999999999     
  IPARAMC                      -7
  FLAVOR                5.0000000000000000     
  xmc                   1.3000000000000000     
  xmb                   4.5000000000000000     
  ncb                          12
  ihq                           1
  ias                           0

 # Theory corrections
  inuke                     10114
  itmc                          1
  iht                           1

 # fit parameters
 LAMBDA       0.22680        0.0000    
 a0uv          1.5344        0.0000    
 a1uv         0.51821       0.28039E-01
 a2uv          3.5717       0.10925E-01
 a3uv          0.0000        0.0000    
 a4uv          6.1789       0.96799    
 a5uv          0.0000        0.0000    
 a0dv          16.851        0.0000    
 a1dv          1.0558       0.34830E-01
 a2dv          6.5089       0.16766    
 a3dv         -3.5646       0.10187    
 a4dv          5.2146       0.16941    
 a5dv          0.0000        0.0000    
 a0ud         0.13260       0.56887E-02
 a1ud        -0.21646       0.41551E-02
 a2ud          8.7587       0.17627    
 a3ud          0.0000        0.0000    
 a4ud          18.756        1.3948    
 a5ud          0.0000        0.0000    
 a0du          35712.        0.0000    
 a1du          4.0668       0.90996E-01
 a2du          21.150        1.0286    
 a3du          17.000        0.0000    
 a4du          57.888        11.694    
 a0g           41.244        0.0000    
 a1g          0.58093       0.32853E-01
 a2g           6.4101        1.0303    
 a3g          -3.2826       0.17608    
 a4g           3.1962       0.39634    
 a5g           0.0000        0.0000    
 kappa        0.40000        0.0000    
 a6dv         0.58497E-02   0.10735E-02
 a7dv          2.0000        0.0000    
 off1          1.8894       -48463.    
 off2          23.503       0.48353E+06
 off3          11.442        7.9225    
 ht1          -4.2347       0.40854    
 ht2           2.1203       0.16422    
 ht3          -1.9896       0.48346E-01
 ht4          0.14931E-01   0.18749E-01
 ht1n         -3.8918       0.82339    
 ht2n          1.7864       0.24901    
 ht3n         -2.2020       0.95588E-01
 ht4n         0.37141E-01   0.23450E-01
 dummy45       0.0000        0.0000    
 dummy46       0.0000        0.0000    
 dummy47       0.0000        0.0000    
 dummy48       0.0000        0.0000    
 dummy49       0.0000        0.0000    
 bcdmsh2      0.96761       0.50518E-02
 bcdmsd2      0.98562       0.58334E-02
 ccfr          1.0000        0.0000    
 nutev         1.0000        0.0000    
 zeus         0.97998        0.0000    
 h1            1.0162        0.0000    
 e605          1.0319        0.0000    
 NmcH2         1.0044       0.72825E-02
 ntv_nu        1.0000        0.0000    
 ntv_nuba      1.0000        0.0000    
 cdf_jet      0.98910        0.0000    
 d0_jet       0.83504        0.0000    
 slac_p       0.99870       0.56729E-02
 slac_d       0.99725       0.56130E-02
 e866pp       0.99599       0.21652E-01
 e866pd       0.97746       0.16952E-01
 d0_gamje      1.0339       0.16447E-01
 h1b          0.97608        0.0000    
 blank         1.0000        0.0000    
 d0run2       0.94491       0.15968E-01
 cdfrun2      0.93244       0.18309E-01
 HERA_el       1.0000        0.0000    
 HERA_ps       1.0000        0.0000    
 CDF_Z        0.94217       0.67167E-02
 NmcRat        1.0000        0.0000    
 HERMES_F     0.99259       0.62022E-02
 HERMES_F     0.97386       0.61652E-02
 END 0. 0.

 # Hessian matrix (Bevington alpha)
   0.11050883271836E+08  0.12941437980418E+08  0.56523550427314E+06  0.66607441620442E+07  0.11911182898874E+07  0.24751872921948E+07  0.15012662414217E+07  0.46482301871388E+08  0.61414518229270E+08  0.11936173231041E+07  0.19633843374868E+06  0.27278327851792E+07  0.25563669292098E+06  0.15956548158819E+05  0.80334904251621E+07  0.26523738207091E+06  0.19371604462502E+07  0.84917623740378E+06  0.32042302616042E+09  0.24657224182417E+07  0.24713141274880E+06  0.24764200838285E+06  0.24765128983618E+07  0.24957896109523E+07  0.23297001450883E+07  0.28514960745947E+07  0.24944675903790E+07  0.25008868312989E+07  0.24617271930479E+07  0.26043658924098E+07 -0.13844611980069E+06 -0.58788587932998E+05 -0.62119973809198E+04 -0.90635562920907E+06 -0.11752381608181E+07 -0.21561680026686E+05 -0.48965810290298E+05 -0.33677310883075E+04 -0.94640216105518E+04 -0.33348360420087E+04 -0.22562901143702E+05 -0.78886353890290E+05 -0.62055474663862E+05
   0.12941437980418E+08  0.31515869367890E+08  0.92920666710187E+06  0.13743167937560E+08  0.28975882589525E+07  0.55737197393318E+07  0.32495723204810E+07  0.10058605705446E+09  0.13662768089941E+09  0.27579653469638E+07  0.42067368284500E+06  0.60145357655078E+07  0.56328638352978E+06  0.35614752431740E+05  0.17779978729091E+08  0.59511481294337E+06  0.42619253042739E+07  0.18594021151949E+07  0.69964814660232E+09  0.54673737851276E+07  0.54797725711067E+06  0.54910942720563E+06  0.55047902732521E+07  0.55141984704772E+07  0.55643956330702E+07  0.54664715694083E+07  0.55366321589859E+07  0.55438825742879E+07  0.55592871083123E+07  0.55396560575524E+07  0.17011001922638E+05  0.84162574528467E+04 -0.14852781960209E+03  0.21316578158446E+06  0.26966036835611E+06  0.57289914342664E+04  0.13191512601938E+05  0.42589810740510E+03  0.24242156856913E+04  0.76615981099041E+03 -0.20682973849941E+04  0.88572971549768E+04  0.74448489233609E+04
   0.56523550427314E+06  0.92920666710187E+06  0.33327361395515E+05  0.43795531127820E+06  0.85590992132422E+05  0.17033780879857E+06  0.10119125454593E+06  0.31267943013872E+07  0.42059283810166E+07  0.83611192187066E+05  0.13124646896501E+05  0.18572595399849E+06  0.17401708102415E+05  0.10942678639584E+04  0.54790039854349E+06  0.18302487385974E+05  0.13139783380460E+06  0.57402302832641E+05  0.21725627950216E+08  0.16849964474609E+06  0.16888176440991E+05  0.16923068926175E+05  0.16941337054213E+06  0.17008083033425E+06  0.16562276079042E+06  0.17986588638177E+06  0.17054139251791E+06  0.17083351599725E+06  0.16987329128661E+06  0.17387455501817E+06 -0.37710011330208E+04 -0.15959347055735E+04 -0.94665924994652E+01 -0.24928101733996E+05 -0.32497604053206E+05 -0.60943020437902E+03 -0.13878808099952E+04 -0.82450558865986E+02 -0.26477488432597E+03 -0.93049852806266E+02 -0.16731280739059E+03 -0.18553240256503E+04 -0.14870799065884E+04
   0.66607441620442E+07  0.13743167937560E+08  0.43795531127820E+06  0.65574697841017E+07  0.12177654820382E+07  0.25317447645249E+07  0.14974865854071E+07  0.45145131827163E+08  0.60648623568923E+08  0.12043184746186E+07  0.19006324275173E+06  0.26706759671440E+07  0.25012554398684E+06  0.15868361399009E+05  0.79315261084574E+07  0.26022983307797E+06  0.19203850247993E+07  0.84141826812653E+06  0.31275136003437E+09  0.24286879275396E+07  0.24341956508098E+06  0.24392249170528E+06  0.24441271891906E+07  0.24524842611584E+07  0.24267589532308E+07  0.25335482191848E+07  0.24589352759511E+07  0.24639779317819E+07  0.24528969964053E+07  0.25000420389794E+07 -0.13341782063784E+05 -0.22192773064845E+05 -0.19628254453142E+03 -0.68381324748164E+05 -0.35784421860987E+06 -0.13318383193712E+04 -0.24895418996215E+04 -0.69337985161619E+02 -0.25039960556761E+04 -0.97345795210614E+03 -0.11333640347149E+05 -0.77219719586118E+04 -0.22890629439291E+05
   0.11911182898874E+07  0.28975882589525E+07  0.85590992132422E+05  0.12177654820382E+07  0.27425892239539E+06  0.50703323192884E+06  0.29317335433669E+06  0.92407395274606E+07  0.12581379467631E+08  0.25557079124280E+06  0.38542332407201E+05  0.55402845414775E+06  0.51893237709973E+05  0.32745178777236E+04  0.16347642251323E+07  0.55148387372981E+05  0.39037808931554E+06  0.17001855580673E+06  0.64296733784455E+08  0.50353679331551E+06  0.50467870260839E+05  0.50572141401154E+05  0.50673662265369E+06  0.50719117481583E+06  0.51344678356257E+06  0.49719041812506E+06  0.50991303475494E+06  0.51047110410665E+06  0.51341954678814E+06  0.50693576910348E+06  0.19985065104036E+04  0.33718688375117E+04 -0.50414072010907E+02  0.11694909296754E+05  0.62857651412408E+05  0.30540371452755E+03  0.55107929258986E+03  0.84573143607337E+01  0.45505026248558E+03  0.16867199728159E+03  0.44363779765428E+03  0.82803228041227E+03  0.25650522707980E+04
   0.24751872921948E+07  0.55737197393318E+07  0.17033780879857E+06  0.25317447645249E+07  0.50703323192884E+06  0.10086774175932E+07  0.59017135946112E+06  0.18073149544220E+08  0.24368159667861E+08  0.48755257565044E+06  0.75886457829226E+05  0.10729289299244E+07  0.10049301678463E+06  0.63680647087223E+04  0.31811175941822E+07  0.10519328226552E+06  0.76734256695432E+06  0.33569227913717E+06  0.12512528978237E+09  0.97572187548477E+06  0.97793459537271E+05  0.97995509583937E+05  0.98211154355654E+06  0.98478362263367E+06  0.98464895147212E+06  0.99637371649378E+06  0.98808657851460E+06  0.99000452682047E+06  0.98984157150155E+06  0.99574978608369E+06 -0.19467336695493E+04 -0.30165831554149E+04  0.60241211207892E+02 -0.57768697427184E+04 -0.27390015944110E+05  0.39903098524688E+02  0.40704453747191E+02 -0.13738263620516E+02 -0.15052241332396E+03 -0.83015793179791E+02 -0.28858118657176E+04 -0.15344133900560E+04 -0.43658306098338E+04
   0.15012662414217E+07  0.32495723204810E+07  0.10119125454593E+06  0.14974865854071E+07  0.29317335433669E+06  0.59017135946112E+06  0.34703487103153E+06  0.10571238266027E+08  0.14261724034819E+08  0.28485340650601E+06  0.44395864024779E+05  0.62798403844611E+06  0.58814058190184E+05  0.37254964880146E+04  0.18609632141337E+07  0.61602430812480E+05  0.44851202695450E+06  0.19617848611550E+06  0.73320643179717E+08  0.57094851389273E+06  0.57224329795305E+05  0.57342560386188E+05  0.57466813330885E+06  0.57636361701702E+06  0.57411454102614E+06  0.58718699341480E+06  0.57813811751179E+06  0.57922966423989E+06  0.57824640130147E+06  0.58426287542855E+06 -0.19154482395849E+04 -0.30284233389758E+04  0.91583767244713E+02 -0.76672708096131E+04 -0.40113717325937E+05 -0.11097985133969E+03 -0.20497836830222E+03 -0.99890679203330E+01 -0.26964501013999E+03 -0.11428325411779E+03 -0.12366825976547E+04 -0.96023943039892E+03 -0.28460451108942E+04
   0.46482301871388E+08  0.10058605705446E+09  0.31267943013872E+07  0.45145131827163E+08  0.92407395274606E+07  0.18073149544220E+08  0.10571238266027E+08  0.33159587627632E+09  0.43864262867650E+09  0.87922993580010E+07  0.13865021551410E+07  0.19459068254567E+08  0.18216765610146E+07  0.11509407972809E+06  0.57533677317912E+08  0.19090595225939E+07  0.13862652083862E+08  0.60588260092284E+07  0.22648461434670E+10  0.17660341153651E+08  0.17700390873844E+07  0.17736961466795E+07  0.17775484259808E+08  0.17831373719693E+08  0.17808168832330E+08  0.18282664352644E+08  0.17883409129718E+08  0.17920040731959E+08  0.17914385025669E+08  0.18075242555543E+08 -0.67264774943300E+05 -0.53850102628477E+05 -0.77669816842431E+05 -0.31739377916320E+06 -0.61721465180765E+06 -0.78155442671582E+05 -0.17649681948698E+06 -0.15710931445006E+04  0.47513020603672E+03  0.35977231723972E+03 -0.30160866078628E+06 -0.15915347966325E+06 -0.19529457795302E+06
   0.61414518229270E+08  0.13662768089941E+09  0.42059283810166E+07  0.60648623568923E+08  0.12581379467631E+08  0.24368159667861E+08  0.14261724034819E+08  0.43864262867650E+09  0.60042688920840E+09  0.12076713997334E+08  0.18401436756123E+07  0.26351392582945E+08  0.24682012799326E+07  0.15598104908899E+06  0.77949440350768E+08  0.26049400545511E+07  0.18688484107888E+08  0.81546112514731E+07  0.30716155797917E+10  0.23954919953540E+08  0.24009244376439E+07  0.24058849625804E+07  0.24103308342387E+08  0.24139647520629E+08  0.24188027921957E+08  0.24053927722670E+08  0.24253135086476E+08  0.24280690337620E+08  0.24315240366357E+08  0.24306763546387E+08  0.11579306242893E+05  0.10928446464106E+05  0.25777144021638E+05  0.68106762090671E+05  0.12813588258465E+06  0.22718066984087E+05  0.51390127364241E+05  0.21270380563040E+03 -0.12881959078350E+04 -0.70783505084898E+03  0.11639016288830E+06  0.46659352184927E+05  0.56784028401781E+05
   0.11936173231041E+07  0.27579653469638E+07  0.83611192187066E+05  0.12043184746186E+07  0.25557079124280E+06  0.48755257565044E+06  0.28485340650601E+06  0.87922993580010E+07  0.12076713997334E+08  0.24547074558295E+06  0.36648332871353E+05  0.53033395443713E+06  0.49674220134055E+05  0.31409158920807E+04  0.15652658862134E+07  0.53018883208569E+05  0.37283782658486E+06  0.16221529395596E+06  0.61844335623530E+08  0.48256015186643E+06  0.48365449080870E+05  0.48465376430715E+05  0.48540403507845E+06  0.48549450544300E+06  0.48839170944931E+06  0.47866830106764E+06  0.48850785681118E+06  0.48878334350465E+06  0.49030974115056E+06  0.48695847299495E+06  0.27127506434724E+04  0.18658611260887E+04  0.74633989915062E+03  0.10781968235146E+05  0.22225323357658E+05  0.14436451330524E+04  0.32071055585972E+04  0.44288807883101E+02  0.11977777587341E+03  0.53805357023278E+02  0.31921302473185E+04  0.28822578050827E+04  0.36154382482861E+04
   0.19633843374868E+06  0.42067368284500E+06  0.13124646896501E+05  0.19006324275173E+06  0.38542332407201E+05  0.75886457829226E+05  0.44395864024779E+05  0.13865021551410E+07  0.18401436756123E+07  0.36648332871353E+05  0.58281554240588E+04  0.81456918826358E+05  0.76251871103488E+04  0.48167150165194E+03  0.24140272141396E+06  0.79180802337818E+04  0.58484266957624E+05  0.25615532689952E+05  0.94775260445657E+07  0.73889639917929E+05  0.74057205163587E+04  0.74210213982684E+04  0.74378619850176E+05  0.74644679276687E+05  0.74468338513409E+05  0.76512875180253E+05  0.74826180832828E+05  0.74993932033893E+05  0.74934537002401E+05  0.75736106110753E+05 -0.39869626024840E+03 -0.30186477729300E+03 -0.31263137648850E+03 -0.17408773184488E+04 -0.34223335736153E+04 -0.36585281526123E+03 -0.82618289126161E+03 -0.97879453362290E+01 -0.96447944117085E+01 -0.45871696879848E+01 -0.10499108539711E+04 -0.74360416912901E+03 -0.91749048468195E+03
   0.27278327851792E+07  0.60145357655078E+07  0.18572595399849E+06  0.26706759671440E+07  0.55402845414775E+06  0.10729289299244E+07  0.62798403844611E+06  0.19459068254567E+08  0.26351392582945E+08  0.53033395443713E+06  0.81456918826358E+05  0.11621168648886E+07  0.10879738279432E+06  0.68682839777836E+04  0.34319752313319E+07  0.11461787361190E+06  0.82375086994815E+06  0.35960521354313E+06  0.13526906194986E+09  0.10549155643706E+07  0.10573078779059E+06  0.10594923706837E+06  0.10615338702034E+07  0.10636193729865E+07  0.10649971102987E+07  0.10694448882668E+07  0.10680670243488E+07  0.10693654936080E+07  0.10707070268425E+07  0.10716628800529E+07 -0.96425714845326E+03 -0.38867279249622E-01 -0.67163519080609E+03 -0.44900428520032E+04 -0.13623395939448E+02 -0.20816496601699E+04 -0.49655443806662E+02 -0.72762784740638E+02 -0.15564109365557E+01 -0.67362617588757E+00  0.16941784548519E+03 -0.25430347517112E+04 -0.25733336365519E+01
   0.25563669292098E+06  0.56328638352978E+06  0.17401708102415E+05  0.25012554398684E+06  0.51893237709973E+05  0.10049301678463E+06  0.58814058190184E+05  0.18216765610146E+07  0.24682012799326E+07  0.49674220134055E+05  0.76251871103488E+04  0.10879738279432E+06  0.10188775950411E+05  0.64323153655223E+03  0.32137414583684E+06  0.10739978349535E+05  0.77102902293932E+05  0.33656169802736E+05  0.12668642749143E+08  0.98799589582613E+05  0.99023645045838E+04  0.99228236765951E+04  0.99420682565466E+05  0.99619067616653E+05  0.99739042785855E+05  0.10012979957011E+06  0.10003143421715E+06  0.10015489455125E+06  0.10027887913585E+06  0.10038670989612E+06 -0.13666312648875E+03 -0.67929588598023E-02 -0.25547062644714E+02 -0.50202581109431E+03 -0.11375516209439E+01 -0.12699586740738E+03 -0.12502214160790E+02 -0.56709320747096E+01 -0.15583650921477E+00 -0.61385579373931E-01  0.19080928623332E+02 -0.17823343227779E+03 -0.28461843126283E+00
   0.15956548158819E+05  0.35614752431740E+05  0.10942678639584E+04  0.15868361399009E+05  0.32745178777236E+04  0.63680647087223E+04  0.37254964880146E+04  0.11509407972809E+06  0.15598104908899E+06  0.31409158920807E+04  0.48167150165194E+03  0.68682839777836E+04  0.64323153655223E+03  0.40693632301930E+02  0.20315989448720E+05  0.67858148637869E+03  0.48742798992849E+04  0.21269479120086E+04  0.80061035506823E+06  0.62434727114675E+04  0.62576315169485E+03  0.62705603441522E+03  0.62823927433472E+04  0.62932132395543E+04  0.63034272682179E+04  0.63213376952385E+04  0.63213826098707E+04  0.63295001679886E+04  0.63369044032867E+04  0.63388567134763E+04  0.53745072522719E-01  0.21018957517279E-04 -0.46348735494130E+01 -0.42324030690193E+00 -0.72544064207816E-04 -0.20236382732500E+01 -0.36220611882973E-05 -0.10085683219358E+00 -0.12056857334485E-02 -0.66384715075075E-03 -0.19111192787711E+01 -0.20589091287539E+01  0.41232861541283E-02
   0.80334904251621E+07  0.17779978729091E+08  0.54790039854349E+06  0.79315261084574E+07  0.16347642251323E+07  0.31811175941822E+07  0.18609632141337E+07  0.57533677317912E+08  0.77949440350768E+08  0.15652658862134E+07  0.24140272141396E+06  0.34319752313319E+07  0.32137414583684E+06  0.20315989448720E+05  0.10190692199552E+08  0.33457797169687E+06  0.24651263742969E+07  0.10786537799238E+07  0.39984175257547E+09  0.31179858929180E+07  0.31250567904442E+06  0.31315134376815E+06  0.31373893144479E+07  0.31426745419450E+07  0.31483956186459E+07  0.31519449655860E+07  0.31568740493421E+07  0.31608579157040E+07  0.31648685729228E+07  0.31677528393875E+07 -0.27856067685840E+04 -0.18367512658903E+04 -0.25255780828416E+04  0.20096668064371E+04  0.44248220819959E+04 -0.14556099440328E+04 -0.29241006492902E+04 -0.74132483824123E+03 -0.29405835744628E+04 -0.15543791603634E+04 -0.23575833179420E+04 -0.93959145864154E+03 -0.10628370341447E+04
   0.26523738207091E+06  0.59511481294337E+06  0.18302487385974E+05  0.26022983307797E+06  0.55148387372981E+05  0.10519328226552E+06  0.61602430812480E+05  0.19090595225939E+07  0.26049400545511E+07  0.53018883208569E+05  0.79180802337818E+04  0.11461787361190E+06  0.10739978349535E+05  0.67858148637869E+03  0.33457797169687E+06  0.11874459525993E+05  0.77676595646604E+05  0.33479689131207E+05  0.13373846692776E+08  0.10434070109291E+06  0.10457732256285E+05  0.10479338867815E+05  0.10499426481958E+06  0.10518222857706E+06  0.10524241130830E+06  0.10540422281283E+06  0.10564153742224E+06  0.10577193208261E+06  0.10586340108256E+06  0.10602610687677E+06  0.52489181689389E+03  0.33098109159167E+03  0.29293688182385E+03 -0.15510643265638E+03 -0.50303949411024E+03  0.15255579174573E+03  0.30493265032619E+03  0.82990800258544E+02  0.45757914320026E+03  0.22462341082237E+03 -0.34644159556153E+03  0.26456538610991E+03  0.29764563095411E+03
   0.19371604462502E+07  0.42619253042739E+07  0.13139783380460E+06  0.19203850247993E+07  0.39037808931554E+06  0.76734256695432E+06  0.44851202695450E+06  0.13862652083862E+08  0.18688484107888E+08  0.37283782658486E+06  0.58484266957624E+05  0.82375086994815E+06  0.77102902293932E+05  0.48742798992849E+04  0.24651263742969E+07  0.77676595646604E+05  0.60912079629214E+06  0.26855620379372E+06  0.95875258259653E+08  0.74746002544459E+06  0.74915509829814E+05  0.75070291983229E+05  0.75206245076097E+06  0.75317840715663E+06  0.75504362621195E+06  0.75580003019052E+06  0.75676729404594E+06  0.75768674823585E+06  0.75883133098717E+06  0.75923788624522E+06 -0.25835554614548E+04 -0.16756347167394E+04 -0.23877031273163E+04  0.20047668048147E+04  0.43707716237091E+04 -0.11494777264940E+04 -0.23160942039949E+04 -0.58925736552798E+03 -0.25348419501221E+04 -0.13559624791149E+04  0.13468740452263E+04 -0.16042998916535E+04 -0.17924158231815E+04
   0.84917623740378E+06  0.18594021151949E+07  0.57402302832641E+05  0.84141826812653E+06  0.17001855580673E+06  0.33569227913717E+06  0.19617848611550E+06  0.60588260092284E+07  0.81546112514731E+07  0.16221529395596E+06  0.25615532689952E+05  0.35960521354313E+06  0.33656169802736E+05  0.21269479120086E+04  0.10786537799238E+07  0.33479689131207E+05  0.26855620379372E+06  0.11879723937680E+06  0.41836200534919E+08  0.32612710176554E+06  0.32686668539302E+05  0.32754202124216E+05  0.32813211918417E+06  0.32862424782546E+06  0.32957507188607E+06  0.32995777566063E+06  0.33019010301204E+06  0.33060509785190E+06  0.33114506464722E+06  0.33130497949606E+06 -0.18352188402135E+04 -0.11588083310996E+04 -0.12104633651058E+04  0.92675389161397E+03  0.24066671353572E+04 -0.58893139396068E+03 -0.11865667379738E+04 -0.32778294487904E+03 -0.16533538425820E+04 -0.84852089799728E+03  0.14766103396109E+04 -0.11274736654261E+04 -0.12596454958395E+04
   0.32042302616042E+09  0.69964814660232E+09  0.21725627950216E+08  0.31275136003437E+09  0.64296733784455E+08  0.12512528978237E+09  0.73320643179717E+08  0.22648461434670E+10  0.30716155797917E+10  0.61844335623530E+08  0.94775260445657E+07  0.13526906194986E+09  0.12668642749143E+08  0.80061035506823E+06  0.39984175257547E+09  0.13373846692776E+08  0.95875258259653E+08  0.41836200534919E+08  0.15776215580490E+11  0.12293741283953E+09  0.12321620750961E+08  0.12347078323068E+08  0.12368869332842E+09  0.12390151210452E+09  0.12392154244922E+09  0.12456323997639E+09  0.12446241132775E+09  0.12461719586333E+09  0.12470374071679E+09  0.12500862153872E+09 -0.23412811096689E+05 -0.52217536744537E+05  0.73926074018436E+03 -0.38764345287343E+06 -0.19304219832424E+07 -0.11303354920859E+05 -0.21250822680730E+05 -0.13240943845603E+03 -0.16371702430518E+05 -0.51420268845318E+04  0.11955286967767E+05 -0.14279167378199E+05 -0.44837204714528E+05
   0.24657224182417E+07  0.54673737851276E+07  0.16849964474609E+06  0.24286879275396E+07  0.50353679331551E+06  0.97572187548477E+06  0.57094851389273E+06  0.17660341153651E+08  0.23954919953540E+08  0.48256015186643E+06  0.73889639917929E+05  0.10549155643706E+07  0.98799589582613E+05  0.62434727114675E+04  0.31179858929180E+07  0.10434070109291E+06  0.74746002544459E+06  0.32612710176554E+06  0.12293741283953E+09  0.95877107769167E+06  0.96094535694573E+05  0.96293075612409E+05  0.96475086277442E+06  0.96642549388379E+06  0.96797142034955E+06  0.96940293059304E+06  0.97073227349725E+06  0.97197000977452E+06  0.97312529311410E+06  0.97420609695417E+06  0.00000000000000E+00  0.00000000000000E+00  0.00000000000000E+00  0.00000000000000E+00  0.00000000000000E+00  0.00000000000000E+00  0.00000000000000E+00  0.00000000000000E+00  0.00000000000000E+00  0.00000000000000E+00  0.00000000000000E+00  0.00000000000000E+00  0.00000000000000E+00
   0.24713141274880E+06  0.54797725711067E+06  0.16888176440991E+05  0.24341956508098E+06  0.50467870260839E+05  0.97793459537271E+05  0.57224329795305E+05  0.17700390873844E+07  0.24009244376439E+07  0.48365449080870E+05  0.74057205163587E+04  0.10573078779059E+06  0.99023645045838E+04  0.62576315169485E+03  0.31250567904442E+06  0.10457732256285E+05  0.74915509829814E+05  0.32686668539302E+05  0.12321620750961E+08  0.96094535694573E+05  0.96312456698086E+04  0.96511446860233E+04  0.96693870284916E+05  0.96861713164888E+05  0.97016656393154E+05  0.97160132052141E+05  0.97293367807924E+05  0.97417422126670E+05  0.97533212453157E+05  0.97641537939403E+05  0.00000000000000E+00  0.00000000000000E+00  0.00000000000000E+00  0.00000000000000E+00  0.00000000000000E+00  0.00000000000000E+00  0.00000000000000E+00  0.00000000000000E+00  0.00000000000000E+00  0.00000000000000E+00  0.00000000000000E+00  0.00000000000000E+00  0.00000000000000E+00
   0.24764200838285E+06  0.54910942720563E+06  0.16923068926175E+05  0.24392249170528E+06  0.50572141401154E+05  0.97995509583937E+05  0.57342560386188E+05  0.17736961466795E+07  0.24058849625804E+07  0.48465376430715E+05  0.74210213982684E+04  0.10594923706837E+06  0.99228236765951E+04  0.62705603441522E+03  0.31315134376815E+06  0.10479338867815E+05  0.75070291983229E+05  0.32754202124216E+05  0.12347078323068E+08  0.96293075612409E+05  0.96511446860233E+04  0.96710848153879E+04  0.96893648481696E+05  0.97061838140092E+05  0.97217101494946E+05  0.97360873587495E+05  0.97494384620284E+05  0.97618695246364E+05  0.97734724806037E+05  0.97843274102439E+05  0.00000000000000E+00  0.00000000000000E+00  0.00000000000000E+00  0.00000000000000E+00  0.00000000000000E+00  0.00000000000000E+00  0.00000000000000E+00  0.00000000000000E+00  0.00000000000000E+00  0.00000000000000E+00  0.00000000000000E+00  0.00000000000000E+00  0.00000000000000E+00
   0.24765128983618E+07  0.55047902732521E+07  0.16941337054213E+06  0.24441271891906E+07  0.50673662265369E+06  0.98211154355654E+06  0.57466813330885E+06  0.17775484259808E+08  0.24103308342387E+08  0.48540403507845E+06  0.74378619850176E+05  0.10615338702034E+07  0.99420682565466E+05  0.62823927433472E+04  0.31373893144479E+07  0.10499426481958E+06  0.75206245076097E+06  0.32813211918417E+06  0.12368869332842E+09  0.96475086277442E+06  0.96693870284916E+05  0.96893648481696E+05  0.97088475202840E+06  0.97275601392258E+06  0.97442309802951E+06  0.97652210729103E+06  0.97681476360130E+06  0.97810569618687E+06  0.97923097105162E+06  0.98056504347033E+06 -0.48545617158777E+02 -0.16962216552977E+02  0.48136191162864E+01  0.64498418051254E+02 -0.15141250087537E+03  0.00000000000000E+00  0.00000000000000E+00  0.00000000000000E+00  0.00000000000000E+00  0.00000000000000E+00  0.00000000000000E+00 -0.31214942305245E+03 -0.18408640053045E+03
   0.24957896109523E+07  0.55141984704772E+07  0.17008083033425E+06  0.24524842611584E+07  0.50719117481583E+06  0.98478362263367E+06  0.57636361701702E+06  0.17831373719693E+08  0.24139647520629E+08  0.48549450544300E+06  0.74644679276687E+05  0.10636193729865E+07  0.99619067616653E+05  0.62932132395543E+04  0.31426745419450E+07  0.10518222857706E+06  0.75317840715663E+06  0.32862424782546E+06  0.12390151210452E+09  0.96642549388379E+06  0.96861713164888E+05  0.97061838140092E+05  0.97275601392258E+06  0.97528965579373E+06  0.97579874236519E+06  0.98436085241920E+06  0.97856022548784E+06  0.98001774131192E+06  0.98077508215613E+06  0.98366186273508E+06 -0.19085920605210E+03 -0.73915069015452E+02 -0.14543268139751E+02 -0.80509505266803E+04 -0.80506880877045E+04  0.00000000000000E+00  0.00000000000000E+00  0.00000000000000E+00  0.00000000000000E+00  0.00000000000000E+00  0.00000000000000E+00 -0.20896597681247E+04 -0.12239858952270E+04
   0.23297001450883E+07  0.55643956330702E+07  0.16562276079042E+06  0.24267589532308E+07  0.51344678356257E+06  0.98464895147212E+06  0.57411454102614E+06  0.17808168832330E+08  0.24188027921957E+08  0.48839170944931E+06  0.74468338513409E+05  0.10649971102987E+07  0.99739042785855E+05  0.63034272682179E+04  0.31483956186459E+07  0.10524241130830E+06  0.75504362621195E+06  0.32957507188607E+06  0.12392154244922E+09  0.96797142034955E+06  0.97016656393154E+05  0.97217101494946E+05  0.97442309802951E+06  0.97579874236519E+06  0.98675021220781E+06  0.96139390407218E+06  0.98019723555760E+06  0.98143879865966E+06  0.98460836543307E+06  0.97951445186496E+06  0.27324677154734E+03  0.88825364552968E+02 -0.49643598951327E+01  0.43437839828892E+05  0.46321485004277E+05  0.00000000000000E+00  0.00000000000000E+00  0.00000000000000E+00  0.00000000000000E+00  0.00000000000000E+00  0.00000000000000E+00  0.17024308122129E+04  0.11005529322189E+04
   0.28514960745947E+07  0.54664715694083E+07  0.17986588638177E+06  0.25335482191848E+07  0.49719041812506E+06  0.99637371649378E+06  0.58718699341480E+06  0.18282664352644E+08  0.24053927722670E+08  0.47866830106764E+06  0.76512875180253E+05  0.10694448882668E+07  0.10012979957011E+06  0.63213376952385E+04  0.31519449655860E+07  0.10540422281283E+06  0.75580003019052E+06  0.32995777566063E+06  0.12456323997639E+09  0.96940293059304E+06  0.97160132052141E+05  0.97360873587495E+05  0.97652210729103E+06  0.98436085241920E+06  0.96139390407218E+06  0.10845000821731E+07  0.98170550550897E+06  0.98441159530757E+06  0.97912235699708E+06  0.99944246215129E+06 -0.14690794488606E+04 -0.70748260049723E+03 -0.49762710928551E+04 -0.14055586345159E+06 -0.14273876736313E+06  0.00000000000000E+00  0.00000000000000E+00  0.00000000000000E+00  0.00000000000000E+00  0.00000000000000E+00  0.00000000000000E+00 -0.28202637325424E+05 -0.16415206342504E+05
   0.24944675903790E+07  0.55366321589859E+07  0.17054139251791E+06  0.24589352759511E+07  0.50991303475494E+06  0.98808657851460E+06  0.57813811751179E+06  0.17883409129718E+08  0.24253135086476E+08  0.48850785681118E+06  0.74826180832828E+05  0.10680670243488E+07  0.10003143421715E+06  0.63213826098707E+04  0.31568740493421E+07  0.10564153742224E+06  0.75676729404594E+06  0.33019010301204E+06  0.12446241132775E+09  0.97073227349725E+06  0.97293367807924E+05  0.97494384620284E+05  0.97681476360130E+06  0.97856022548784E+06  0.98019723555760E+06  0.98170550550897E+06  0.98286653103851E+06  0.98417148532041E+06  0.98531991547223E+06  0.98660611087923E+06  0.00000000000000E+00 -0.11432374449060E+02  0.00000000000000E+00  0.00000000000000E+00  0.76859713529842E+02  0.00000000000000E+00  0.00000000000000E+00  0.00000000000000E+00  0.00000000000000E+00  0.00000000000000E+00  0.00000000000000E+00  0.00000000000000E+00 -0.21049957092132E+03
   0.25008868312989E+07  0.55438825742879E+07  0.17083351599725E+06  0.24639779317819E+07  0.51047110410665E+06  0.99000452682047E+06  0.57922966423989E+06  0.17920040731959E+08  0.24280690337620E+08  0.48878334350465E+06  0.74993932033893E+05  0.10693654936080E+07  0.10015489455125E+06  0.63295001679886E+04  0.31608579157040E+07  0.10577193208261E+06  0.75768674823585E+06  0.33060509785190E+06  0.12461719586333E+09  0.97197000977452E+06  0.97417422126670E+05  0.97618695246364E+05  0.97810569618687E+06  0.98001774131192E+06  0.98143879865966E+06  0.98441159530757E+06  0.98417148532041E+06  0.98568025627098E+06  0.98651996870526E+06  0.98931778094599E+06  0.00000000000000E+00 -0.56258825164188E+02  0.00000000000000E+00  0.00000000000000E+00 -0.56498397706685E+04  0.00000000000000E+00  0.00000000000000E+00  0.00000000000000E+00  0.00000000000000E+00  0.00000000000000E+00  0.00000000000000E+00  0.00000000000000E+00 -0.14344646819947E+04
   0.24617271930479E+07  0.55592871083123E+07  0.16987329128661E+06  0.24528969964053E+07  0.51341954678814E+06  0.98984157150155E+06  0.57824640130147E+06  0.17914385025669E+08  0.24315240366357E+08  0.49030974115056E+06  0.74934537002401E+05  0.10707070268425E+07  0.10027887913585E+06  0.63369044032867E+04  0.31648685729228E+07  0.10586340108256E+06  0.75883133098717E+06  0.33114506464722E+06  0.12470374071679E+09  0.97312529311410E+06  0.97533212453157E+05  0.97734724806037E+05  0.97923097105162E+06  0.98077508215613E+06  0.98460836543307E+06  0.97912235699708E+06  0.98531991547223E+06  0.98651996870526E+06  0.98895930574508E+06  0.98602776964116E+06  0.00000000000000E+00  0.67687566320096E+02  0.00000000000000E+00  0.00000000000000E+00  0.27550632245289E+05  0.00000000000000E+00  0.00000000000000E+00  0.00000000000000E+00  0.00000000000000E+00  0.00000000000000E+00  0.00000000000000E+00  0.00000000000000E+00  0.80474042660264E+03
   0.26043658924098E+07  0.55396560575524E+07  0.17387455501817E+06  0.25000420389794E+07  0.50693576910348E+06  0.99574978608369E+06  0.58426287542855E+06  0.18075242555543E+08  0.24306763546387E+08  0.48695847299495E+06  0.75736106110753E+05  0.10716628800529E+07  0.10038670989612E+06  0.63388567134763E+04  0.31677528393875E+07  0.10602610687677E+06  0.75923788624522E+06  0.33130497949606E+06  0.12500862153872E+09  0.97420609695417E+06  0.97641537939403E+05  0.97843274102439E+05  0.98056504347033E+06  0.98366186273508E+06  0.97951445186496E+06  0.99944246215129E+06  0.98660611087923E+06  0.98931778094599E+06  0.98602776964116E+06  0.10112843495379E+07  0.00000000000000E+00 -0.46457562926024E+03  0.00000000000000E+00  0.00000000000000E+00 -0.89460581053533E+05  0.00000000000000E+00  0.00000000000000E+00  0.00000000000000E+00  0.00000000000000E+00  0.00000000000000E+00  0.00000000000000E+00  0.00000000000000E+00 -0.12853739804690E+05
  -0.13844611980069E+06  0.17011001922638E+05 -0.37710011330208E+04 -0.13341782063784E+05  0.19985065104036E+04 -0.19467336695493E+04 -0.19154482395849E+04 -0.67264774943300E+05  0.11579306242893E+05  0.27127506434724E+04 -0.39869626024840E+03 -0.96425714845326E+03 -0.13666312648875E+03  0.53745072522719E-01 -0.27856067685840E+04  0.52489181689389E+03 -0.25835554614548E+04 -0.18352188402135E+04 -0.23412811096689E+05  0.00000000000000E+00  0.00000000000000E+00  0.00000000000000E+00 -0.48545617158777E+02 -0.19085920605210E+03  0.27324677154734E+03 -0.14690794488606E+04  0.00000000000000E+00  0.00000000000000E+00  0.00000000000000E+00  0.00000000000000E+00  0.11754319031897E+06  0.00000000000000E+00  0.00000000000000E+00  0.00000000000000E+00  0.00000000000000E+00  0.00000000000000E+00  0.00000000000000E+00  0.00000000000000E+00  0.00000000000000E+00  0.00000000000000E+00  0.00000000000000E+00  0.00000000000000E+00  0.00000000000000E+00
  -0.58788587932998E+05  0.84162574528467E+04 -0.15959347055735E+04 -0.22192773064845E+05  0.33718688375117E+04 -0.30165831554149E+04 -0.30284233389758E+04 -0.53850102628477E+05  0.10928446464106E+05  0.18658611260887E+04 -0.30186477729300E+03 -0.38867279249622E-01 -0.67929588598023E-02  0.21018957517279E-04 -0.18367512658903E+04  0.33098109159167E+03 -0.16756347167394E+04 -0.11588083310996E+04 -0.52217536744537E+05  0.00000000000000E+00  0.00000000000000E+00  0.00000000000000E+00 -0.16962216552977E+02 -0.73915069015452E+02  0.88825364552968E+02 -0.70748260049723E+03 -0.11432374449060E+02 -0.56258825164188E+02  0.67687566320096E+02 -0.46457562926024E+03  0.00000000000000E+00  0.65570917156406E+05  0.00000000000000E+00  0.00000000000000E+00  0.00000000000000E+00  0.00000000000000E+00  0.00000000000000E+00  0.00000000000000E+00  0.00000000000000E+00  0.00000000000000E+00  0.00000000000000E+00  0.00000000000000E+00  0.00000000000000E+00
  -0.62119973809198E+04 -0.14852781960209E+03 -0.94665924994652E+01 -0.19628254453142E+03 -0.50414072010907E+02  0.60241211207892E+02  0.91583767244713E+02 -0.77669816842431E+05  0.25777144021638E+05  0.74633989915062E+03 -0.31263137648850E+03 -0.67163519080609E+03 -0.25547062644714E+02 -0.46348735494130E+01 -0.25255780828416E+04  0.29293688182385E+03 -0.23877031273163E+04 -0.12104633651058E+04  0.73926074018436E+03  0.00000000000000E+00  0.00000000000000E+00  0.00000000000000E+00  0.48136191162864E+01 -0.14543268139751E+02 -0.49643598951327E+01 -0.49762710928551E+04  0.00000000000000E+00  0.00000000000000E+00  0.00000000000000E+00  0.00000000000000E+00  0.00000000000000E+00  0.00000000000000E+00  0.30911513749892E+05  0.00000000000000E+00  0.00000000000000E+00  0.00000000000000E+00  0.00000000000000E+00  0.00000000000000E+00  0.00000000000000E+00  0.00000000000000E+00  0.00000000000000E+00  0.00000000000000E+00  0.00000000000000E+00
  -0.90635562920907E+06  0.21316578158446E+06 -0.24928101733996E+05 -0.68381324748164E+05  0.11694909296754E+05 -0.57768697427184E+04 -0.76672708096131E+04 -0.31739377916320E+06  0.68106762090671E+05  0.10781968235146E+05 -0.17408773184488E+04 -0.44900428520032E+04 -0.50202581109431E+03 -0.42324030690193E+00  0.20096668064371E+04 -0.15510643265638E+03  0.20047668048147E+04  0.92675389161397E+03 -0.38764345287343E+06  0.00000000000000E+00  0.00000000000000E+00  0.00000000000000E+00  0.64498418051254E+02 -0.80509505266803E+04  0.43437839828892E+05 -0.14055586345159E+06  0.00000000000000E+00  0.00000000000000E+00  0.00000000000000E+00  0.00000000000000E+00  0.00000000000000E+00  0.00000000000000E+00  0.00000000000000E+00  0.58465393101182E+06  0.00000000000000E+00  0.00000000000000E+00  0.00000000000000E+00  0.00000000000000E+00  0.00000000000000E+00  0.00000000000000E+00  0.00000000000000E+00  0.00000000000000E+00  0.00000000000000E+00
  -0.11752381608181E+07  0.26966036835611E+06 -0.32497604053206E+05 -0.35784421860987E+06  0.62857651412408E+05 -0.27390015944110E+05 -0.40113717325937E+05 -0.61721465180765E+06  0.12813588258465E+06  0.22225323357658E+05 -0.34223335736153E+04 -0.13623395939448E+02 -0.11375516209439E+01 -0.72544064207816E-04  0.44248220819959E+04 -0.50303949411024E+03  0.43707716237091E+04  0.24066671353572E+04 -0.19304219832424E+07  0.00000000000000E+00  0.00000000000000E+00  0.00000000000000E+00 -0.15141250087537E+03 -0.80506880877045E+04  0.46321485004277E+05 -0.14273876736313E+06  0.76859713529842E+02 -0.56498397706685E+04  0.27550632245289E+05 -0.89460581053533E+05  0.00000000000000E+00  0.00000000000000E+00  0.00000000000000E+00  0.00000000000000E+00  0.93106634513508E+06  0.00000000000000E+00  0.00000000000000E+00  0.00000000000000E+00  0.00000000000000E+00  0.00000000000000E+00  0.00000000000000E+00  0.00000000000000E+00  0.00000000000000E+00
  -0.21561680026686E+05  0.57289914342664E+04 -0.60943020437902E+03 -0.13318383193712E+04  0.30540371452755E+03  0.39903098524688E+02 -0.11097985133969E+03 -0.78155442671582E+05  0.22718066984087E+05  0.14436451330524E+04 -0.36585281526123E+03 -0.20816496601699E+04 -0.12699586740738E+03 -0.20236382732500E+01 -0.14556099440328E+04  0.15255579174573E+03 -0.11494777264940E+04 -0.58893139396068E+03 -0.11303354920859E+05  0.00000000000000E+00  0.00000000000000E+00  0.00000000000000E+00  0.00000000000000E+00  0.00000000000000E+00  0.00000000000000E+00  0.00000000000000E+00  0.00000000000000E+00  0.00000000000000E+00  0.00000000000000E+00  0.00000000000000E+00  0.00000000000000E+00  0.00000000000000E+00  0.00000000000000E+00  0.00000000000000E+00  0.00000000000000E+00  0.13913194166902E+05  0.00000000000000E+00  0.00000000000000E+00  0.00000000000000E+00  0.00000000000000E+00  0.00000000000000E+00  0.00000000000000E+00  0.00000000000000E+00
  -0.48965810290298E+05  0.13191512601938E+05 -0.13878808099952E+04 -0.24895418996215E+04  0.55107929258986E+03  0.40704453747191E+02 -0.20497836830222E+03 -0.17649681948698E+06  0.51390127364241E+05  0.32071055585972E+04 -0.82618289126161E+03 -0.49655443806662E+02 -0.12502214160790E+02 -0.36220611882973E-05 -0.29241006492902E+04  0.30493265032619E+03 -0.23160942039949E+04 -0.11865667379738E+04 -0.21250822680730E+05  0.00000000000000E+00  0.00000000000000E+00  0.00000000000000E+00  0.00000000000000E+00  0.00000000000000E+00  0.00000000000000E+00  0.00000000000000E+00  0.00000000000000E+00  0.00000000000000E+00  0.00000000000000E+00  0.00000000000000E+00  0.00000000000000E+00  0.00000000000000E+00  0.00000000000000E+00  0.00000000000000E+00  0.00000000000000E+00  0.00000000000000E+00  0.30927827087943E+05  0.00000000000000E+00  0.00000000000000E+00  0.00000000000000E+00  0.00000000000000E+00  0.00000000000000E+00  0.00000000000000E+00
