# fitpack15: fit parameters                                                                         
# CJ15 AV18 final data choices                                                                      
# Created on 01/29/2020 at 04:54:23                                                                 

 # QCD setup
  INS                           0
  NVL                          11
  IORD                          1
  Q02                   1.6899999999999999     
  IPARAMC                       7
  FLAVOR                4.0000000000000000     
  xmc                   1.3000000000000000     
  xmb                   4.5000000000000000     
  ncb                          12
  ihq                           1
  ias                           0

 # Theory corrections
  inuke                     10814
  itmc                          1
  iht                           2

 # fit parameters
 LAMBDA       0.22680        0.0000    
 a0uv          2.3468        0.0000    
 a1uv         0.61103       0.21034E-01
 a2uv          3.5815       0.14251E-01
 a3uv          0.0000        0.0000    
 a4uv          3.7187       0.48405    
 a5uv          0.0000        0.0000    
 a0dv          20.743        0.0000    
 a1dv          1.1272       0.35912E-01
 a2dv          6.2167       0.18008    
 a3dv         -3.3429       0.10352    
 a4dv          4.4346       0.15887    
 a5dv          0.0000        0.0000    
 a0ud         0.14585       0.51141E-02
 a1ud        -0.20852       0.38086E-02
 a2ud          8.7134       0.20574    
 a3ud          0.0000        0.0000    
 a4ud          16.607        1.3528    
 a5ud          0.0000        0.0000    
 a0du          35712.        0.0000    
 a1du          4.1175       0.74422E-01
 a2du          19.540       0.91656    
 a3du          17.000        0.0000    
 a4du          50.275        7.6590    
 a0g           53.633        0.0000    
 a1g          0.62976       0.27135E-01
 a2g           5.7282       0.60281    
 a3g          -3.5465       0.10903    
 a4g           3.4203       0.22417    
 a5g           0.0000        0.0000    
 kappa        0.40000        0.0000    
 a6dv        -0.70608E-03   0.11074E-02
 a7dv          2.0000        0.0000    
 off1        -0.34456        1.4101    
 off2         0.11582       0.41999E-05
 ht1          -1.8677       0.46442    
 ht2           1.6791       0.18053    
 ht3          -2.1713       0.37125E-01
 ht4           2.3355       0.15008    
 dummy40       0.0000        0.0000    
 dummy41       0.0000        0.0000    
 dummy42       0.0000        0.0000    
 dummy43       0.0000        0.0000    
 dummy44       0.0000        0.0000    
 dummy45       0.0000        0.0000    
 dummy46       0.0000        0.0000    
 dummy47       0.0000        0.0000    
 dummy48       0.0000        0.0000    
 dummy49       0.0000        0.0000    
 bcdmsh2      0.97562       0.48789E-02
 bcdmsd2      0.99442       0.57461E-02
 ccfr          1.0000        0.0000    
 nutev         1.0000        0.0000    
 zeus         0.97998        0.0000    
 h1            1.0162        0.0000    
 e605          1.0319        0.0000    
 NmcH2         1.0138       0.71695E-02
 ntv_nu        1.0000        0.0000    
 ntv_nubar     1.0000        0.0000    
 cdf_jet      0.98910        0.0000    
 d0_jet       0.83504        0.0000    
 slac_p        1.0050       0.49195E-02
 slac_d        1.0029       0.52975E-02
 e866pp       0.98354       0.19966E-01
 e866pd       0.97474       0.16112E-01
 d0_gamjet     1.0397       0.16448E-01
 h1b          0.97608        0.0000    
 jlab_p       0.98226       0.57785E-02
 jlab_d       0.97467       0.59398E-02
 blank         1.0000        0.0000    
 d0run2       0.95797       0.15722E-01
 cdfrun2      0.93727       0.17904E-01
 HERA_el       1.0000        0.0000    
 HERA_ps       1.0000        0.0000    
 CDF_Z        0.97082       0.64434E-02
 NmcRat        1.0000        0.0000    
 BNS_F2nd     0.97181       0.12447E-01
 HERMES_F2p   0.99846       0.56660E-02
 HERMES_F2d   0.97888       0.58339E-02
 END 0. 0.

 # Hessian matrix (Bevington alpha)
   0.45385705058662E+07 -0.11374752665820E+07  0.20458022422445E+06  0.43758922475348E+06 -0.13148543035247E+06  0.12164383812817E+05  0.71104578306798E+05  0.89614619892592E+06 -0.17456901245677E+06 -0.45733337675341E+05  0.65202234044526E+04  0.15518815349259E+05  0.17904149550623E+04 -0.11443965234175E+03  0.10898633446571E+05 -0.28819585694068E+04  0.16048716598906E+05  0.11626466856910E+05 -0.53626475517716E+07  0.10104842260059E+05 -0.39487049751155E+10  0.16618244527143E+05  0.45567218438836E+05 -0.16165368314818E+06 -0.40042997989522E+05 -0.12621087442866E+06 -0.53683770690347E+05 -0.44146211459625E+04 -0.81684192344982E+06 -0.10621933063061E+07 -0.20253757378670E+05 -0.45678669340735E+05 -0.31012063868695E+04 -0.18524977814477E+06 -0.20272354354232E+06 -0.85043012048955E+04 -0.30696578501487E+04 -0.15457777546353E+05  0.17914355600510E+05 -0.71113920345395E+05 -0.56402644510365E+05
  -0.11374752665820E+07  0.35036164081450E+06 -0.52968321844636E+05 -0.11570277067657E+06  0.36255200304775E+05 -0.10405304849727E+04 -0.16473154028459E+05 -0.11315825337116E+06  0.25439693622124E+05  0.65651220443387E+04 -0.77193171159278E+03 -0.12079272561297E+04 -0.14655270973533E+03  0.13766835552082E+02  0.55415184192661E+03 -0.99258291710691E+01  0.33848932953248E+03  0.16457086281658E+03  0.17750122360343E+07 -0.26766830507977E+04  0.11159407152944E+10  0.24741836359769E+04 -0.41258026941730E+04  0.48765362477821E+05  0.23701698141820E+05  0.16534798770264E+05  0.81743984742088E+04 -0.22150080130589E+03  0.19801253360356E+06  0.24937750672116E+06  0.56713827412439E+04  0.12962105977524E+05  0.42463411054129E+03  0.58776393622381E+05  0.63267253752777E+05  0.22974959500512E+04  0.74418595339281E+03 -0.22019773812049E+04 -0.24442575274100E+04  0.84346387406353E+04  0.71192468280831E+04
   0.20458022422445E+06 -0.52968321844636E+05  0.93215337372020E+04  0.19777410192064E+05 -0.60851683044107E+04  0.35225383820236E+03  0.31757659250604E+04  0.29153588511808E+05 -0.55011361782559E+04 -0.17704450739739E+04  0.21510358180331E+03  0.47632180241005E+03  0.63058905870465E+02 -0.50087722447425E+01 -0.25600034764846E+03 -0.32234124617242E+02 -0.23422290797007E+03 -0.82595962298673E+01 -0.25202455525603E+06  0.46002101857397E+03 -0.18129761569360E+09  0.56640975832846E+03  0.17055419865168E+04 -0.74905305185422E+04 -0.20486251808596E+04 -0.52758254488944E+04 -0.22519053836760E+04  0.44699214259494E+02 -0.35998681120570E+05 -0.46938353625060E+05 -0.93680927077751E+03 -0.21228642798477E+04 -0.11493648750688E+03 -0.87514060192083E+04 -0.95314333148859E+04 -0.38704650306801E+03 -0.13750990143525E+03  0.10295605362179E+02  0.75163595740729E+03 -0.24744096049075E+04 -0.20143558410332E+04
   0.43758922475348E+06 -0.11570277067657E+06  0.19777410192064E+05  0.38756530566817E+06 -0.65086147785490E+05  0.82608778997048E+05  0.68090329495914E+05  0.35136894860472E+06 -0.27579908831019E+05 -0.17845663483225E+05  0.30501536126587E+04 -0.14352038274893E+04 -0.15335965440812E+03  0.60605989416839E+02  0.32802675957901E+05 -0.44272653042412E+04  0.39549017256025E+05  0.22155839782968E+05 -0.17022901588938E+07  0.31587318263008E+04 -0.12026984373521E+10  0.13018310313629E+05  0.19279094988155E+05 -0.25461992983466E+05  0.53977598941180E+04 -0.12574134623844E+05 -0.21107459255439E+05 -0.12564342769929E+03 -0.64129851139072E+05 -0.33880609022324E+06 -0.13524806957144E+04 -0.23959900586473E+04 -0.77392331296788E+02 -0.10887206981054E+05 -0.48472511966871E+05 -0.23118459206673E+04 -0.92381083534290E+03 -0.97530617241380E+04 -0.16632498746081E+05 -0.72507986908712E+04 -0.21709608270703E+05
  -0.13148543035247E+06  0.36255200304775E+05 -0.60851683044107E+04 -0.65086147785490E+05  0.13616373502189E+05 -0.10056920634358E+05 -0.11031410543700E+05 -0.31915535249710E+05  0.11370816360356E+03  0.23391744188490E+04 -0.30470308374631E+03 -0.39960893871430E+02  0.39762217600031E+01 -0.55917021812041E+01 -0.29820851465652E+04  0.41868250551641E+03 -0.34053408538764E+04 -0.19461047525701E+04  0.44118653274575E+06 -0.71083622600736E+03  0.28300403542816E+09 -0.20412027881705E+04 -0.29407963691475E+04  0.65370248096468E+04  0.77884540132957E+02  0.20211335771799E+04  0.35056591584286E+04 -0.49886191684146E+02  0.12900321374724E+05  0.68661746104132E+05  0.37089999672331E+03  0.64573082236986E+03  0.10715553249465E+02  0.32572765100657E+04  0.14122675043889E+05  0.51029271420762E+03  0.18906754720347E+03  0.30752529918024E+03  0.26968579224182E+04  0.85838513321509E+03  0.26767527601238E+04
   0.12164383812817E+05 -0.10405304849727E+04  0.35225383820236E+03  0.82608778997048E+05 -0.10056920634358E+05  0.23595115769830E+05  0.15418100936205E+05  0.10506208625637E+06 -0.92827059398007E+04 -0.47315827268749E+04  0.90367195998236E+03 -0.63244138787388E+03 -0.61239674265814E+02  0.19573026383581E+02  0.95428154427475E+04 -0.13103741134510E+04  0.11732028898903E+05  0.66531494536223E+04 -0.14886820334151E+06  0.42737540546754E+03 -0.14440155180909E+09  0.30295509351677E+04  0.47131729669369E+04 -0.21027868967546E+04  0.24393878500732E+04 -0.29164140912257E+04 -0.46289175361202E+04  0.13570226960141E+03 -0.10864436468146E+05 -0.55646745713760E+05 -0.75704303354461E+02 -0.14649904875231E+03 -0.20306390386232E+02 -0.28499962949253E+03 -0.17637356026995E+04 -0.32865518372974E+03 -0.15498721925821E+03 -0.28276571223335E+04 -0.38819423337484E+04 -0.18638774566428E+04 -0.54757848836388E+04
   0.71104578306798E+05 -0.16473154028459E+05  0.31757659250604E+04  0.68090329495914E+05 -0.11031410543700E+05  0.15418100936205E+05  0.12462216244708E+05  0.57252224959121E+05 -0.27316516139345E+04 -0.32678123836173E+04  0.51896375572158E+03 -0.19256230508200E+03 -0.24152368187767E+02  0.10402953030764E+02  0.50890277741918E+04 -0.71872444664225E+03  0.59571018431189E+04  0.34364490454304E+04 -0.25567651318046E+06  0.53630056641024E+03 -0.19901884158780E+09  0.25936444098601E+04  0.37137706886228E+04 -0.38470165151864E+04  0.15739629311928E+04 -0.25129716961103E+04 -0.40484848287712E+04  0.12110642323256E+03 -0.11151891078911E+05 -0.59197377446685E+05 -0.21028907555400E+03 -0.36071377942614E+03 -0.14498436731132E+02 -0.14200128421358E+04 -0.64769417875736E+04 -0.39771966000957E+03 -0.16526622501230E+03 -0.11840011243140E+04 -0.34591144606553E+04 -0.11637075430387E+04 -0.35275643618267E+04
   0.89614619892592E+06 -0.11315825337116E+06  0.29153588511808E+05  0.35136894860472E+06 -0.31915535249710E+05  0.10506208625637E+06  0.57252224959121E+05  0.52952512889857E+07 -0.24178423448311E+07 -0.88823913627335E+05  0.25421589516383E+05  0.26902975311920E+05  0.18324898034436E+04  0.11643508085550E+03  0.92944468458796E+05 -0.12509410484228E+05  0.13192424012599E+06  0.70163255964191E+05 -0.41686531764598E+06  0.17436903883976E+04 -0.46955285468321E+09  0.28814144476387E+05  0.71077973784387E+05 -0.23179597407515E+05  0.15332878454062E+05 -0.58589673720245E+05 -0.48257387872012E+05 -0.69805689685662E+05 -0.28516284971141E+06 -0.56374889875614E+06 -0.72564163445349E+05 -0.16271107606246E+06 -0.13945796559828E+04 -0.50230901011810E+04 -0.95834828635879E+04  0.78399314964430E+03  0.41541915698282E+03 -0.26854845190642E+06 -0.96083684259509E+04 -0.14320740585128E+06 -0.17793997529635E+06
  -0.17456901245677E+06  0.25439693622124E+05 -0.55011361782559E+04 -0.27579908831019E+05  0.11370816360356E+03 -0.92827059398007E+04 -0.27316516139345E+04 -0.24178423448311E+07  0.19657205410143E+07  0.20105527360554E+05 -0.65152534732409E+04 -0.58346620019839E+04 -0.32138849899768E+03 -0.17828185843219E+02  0.47663924546708E+05 -0.24084238897724E+04  0.20015683524205E+05  0.10170651009897E+05 -0.30497822845851E+05 -0.95343099505600E+02 -0.10667350206063E+07 -0.60161832842767E+04 -0.17986323926598E+05  0.49141933412643E+04 -0.24143393939859E+04  0.10978374503824E+05  0.10782127936847E+05  0.25262957647844E+05  0.67114604098815E+05  0.12860821457910E+06  0.23240480244732E+05  0.52120939223656E+05  0.20225467905604E+03  0.65002522935541E+03  0.12423514204916E+04 -0.14169980109838E+04 -0.74673599200527E+03  0.11392717895140E+06  0.17824206887253E+04  0.46230915117420E+05  0.56871589125250E+05
  -0.45733337675341E+05  0.65651220443387E+04 -0.17704450739739E+04 -0.17845663483225E+05  0.23391744188490E+04 -0.47315827268749E+04 -0.32678123836173E+04 -0.88823913627335E+05  0.20105527360554E+05  0.26410192192707E+04 -0.60127835105777E+03 -0.68767741998259E+03 -0.61790784584738E+02 -0.21255764575651E+01 -0.42787103381375E+04  0.57229009851204E+03 -0.53169789427469E+04 -0.29838067787587E+04  0.41500895267768E+05 -0.13459111004868E+03  0.43746800760824E+08 -0.11708182497661E+04 -0.22338475961233E+04  0.11856985873784E+04 -0.76062393319478E+03  0.26118535605929E+04  0.18307072596271E+04  0.74773533698931E+03  0.10695458038223E+05  0.22293354882143E+05  0.14722340438822E+04  0.32561449284535E+04  0.43451368413465E+02  0.46922601952027E+03  0.87174353092130E+03  0.11208466016517E+03  0.52442243134484E+02  0.31253882253995E+04  0.48238722957030E+03  0.28477891143341E+04  0.36280894096233E+04
   0.65202234044526E+04 -0.77193171159278E+03  0.21510358180331E+03  0.30501536126587E+04 -0.30470308374631E+03  0.90367195998236E+03  0.51896375572158E+03  0.25421589516383E+05 -0.65152534732409E+04 -0.60127835105777E+03  0.16043289706489E+03  0.18629620551076E+03  0.13702126187249E+02  0.77339860481246E+00  0.12420698196584E+04 -0.14840636253680E+03  0.14942014803484E+04  0.80482958208873E+03 -0.43620834396774E+04  0.15245442611052E+02 -0.43960377552388E+07  0.20105540754392E+03  0.45838330951259E+03 -0.15744137567398E+03  0.11654923926858E+03 -0.42335353434760E+03 -0.32724765693148E+03 -0.33166405042373E+03 -0.18932959638947E+04 -0.37856533618722E+04 -0.40441610123061E+03 -0.90797059186991E+03 -0.10480936442503E+02 -0.37668852272447E+02 -0.72025953528127E+02 -0.92946157464576E+01 -0.49058842372495E+01 -0.11017688478963E+04 -0.68954381285822E+02 -0.79757624146607E+03 -0.99833975126911E+03
   0.15518815349259E+05 -0.12079272561297E+04  0.47632180241005E+03 -0.14352038274893E+04 -0.39960893871430E+02 -0.63244138787388E+03 -0.19256230508200E+03  0.26902975311920E+05 -0.58346620019839E+04 -0.68767741998259E+03  0.18629620551076E+03  0.16416194288847E+04  0.11204841600403E+03 -0.11310210708297E+01  0.14107435728515E+04 -0.21682744260554E+03  0.22562429981709E+04  0.12776809174041E+04 -0.51260047443916E+04  0.10560530057357E+01 -0.17144269841445E+07  0.16914578872273E+03  0.51140920855504E+03 -0.77777864568239E+02  0.63289629643980E+02 -0.11759470186202E+04 -0.98930979429427E-11 -0.67390371953731E+03 -0.52711203254900E+04  0.39732530058036E-09 -0.22696557113238E+04 -0.76732033444812E+02 -0.78593802183366E+02 -0.26851301613916E+00  0.80237793470966E-11 -0.17271423057885E+01 -0.74951061398392E+00  0.28628876174765E+03  0.35894947302422E+03 -0.27458003374692E+04  0.15228159550456E-09
   0.17904149550623E+04 -0.14655270973533E+03  0.63058905870465E+02 -0.15335965440812E+03  0.39762217600031E+01 -0.61239674265814E+02 -0.24152368187767E+02  0.18324898034436E+04 -0.32138849899768E+03 -0.61790784584738E+02  0.13702126187249E+02  0.11204841600403E+03  0.10423629454043E+02 -0.18790483279405E+00  0.84486336000068E+02 -0.15501912444548E+02  0.14276655745555E+03  0.87270590980650E+02 -0.24949879396935E+03 -0.70380482909461E+00  0.21995172200781E+06  0.14600534053190E+02  0.44424836553324E+02 -0.16510275788088E+02  0.48986279359871E+01 -0.17484221897431E+03 -0.37551699681526E-11 -0.27031091148779E+02 -0.63482032177257E+03  0.40615442162527E-10 -0.14536386886170E+03 -0.20491760037893E+02 -0.65217601717530E+01 -0.19331080526250E+00 -0.32107902153262E-11 -0.18764053813907E+00 -0.73784882930252E-01  0.29120276517734E+02  0.80924875135106E+02 -0.20289956159782E+03  0.99762358952057E-11
  -0.11443965234175E+03  0.13766835552082E+02 -0.50087722447425E+01  0.60605989416839E+02 -0.55917021812041E+01  0.19573026383581E+02  0.10402953030764E+02  0.11643508085550E+03 -0.17828185843219E+02 -0.21255764575651E+01  0.77339860481246E+00 -0.11310210708297E+01 -0.18790483279405E+00  0.62589609525498E-01  0.16499284311262E+02 -0.13704525124565E+01  0.14664550454955E+02  0.69862833978992E+01 -0.73863978208773E+02  0.29589092081334E+00 -0.92796662938123E+05  0.11296036499308E+01  0.14560143173165E+01  0.10674654954713E+01  0.10560035755953E+01  0.76680058761760E-01 -0.75496709639871E-13 -0.70133208543635E+01 -0.10940457106287E+01  0.52309113990183E-11 -0.40538859175368E+01 -0.30611520997123E-04 -0.16660409432670E+00  0.14345280383549E-12 -0.13428401265949E-12 -0.19716766299989E-02 -0.11011036238117E-02 -0.17119746585134E+01  0.10572795734915E-03 -0.40194477588073E+01 -0.11120381498541E-12
   0.10898633446571E+05  0.55415184192661E+03 -0.25600034764846E+03  0.32802675957901E+05 -0.29820851465652E+04  0.95428154427475E+04  0.50890277741918E+04  0.92944468458796E+05  0.47663924546708E+05 -0.42787103381375E+04  0.12420698196584E+04  0.14107435728515E+04  0.84486336000068E+02  0.16499284311262E+02  0.51888688053635E+05 -0.52687865646547E+04  0.52734648714158E+05  0.27631880853485E+05 -0.50715375900378E+05 -0.39743440868251E+02  0.16004152039239E+08 -0.14392412195964E+03 -0.12029964843318E+03  0.65216619550889E+03 -0.61550119496001E+02 -0.31786317944335E+04 -0.20769385404849E+04 -0.24590865692735E+04  0.16807586112697E+04  0.39110328098410E+04 -0.15252504593153E+04 -0.29987360290021E+04 -0.74525593147264E+03  0.45252493543227E+03  0.76191123388027E+03 -0.32226937358023E+04 -0.16615725627050E+04 -0.18251944605372E+04  0.21184513402762E+03 -0.98644111102501E+03 -0.11239948808851E+04
  -0.28819585694068E+04 -0.99258291710691E+01 -0.32234124617242E+02 -0.44272653042412E+04  0.41868250551641E+03 -0.13103741134510E+04 -0.71872444664225E+03 -0.12509410484228E+05 -0.24084238897724E+04  0.57229009851204E+03 -0.14840636253680E+03 -0.21682744260554E+03 -0.15501912444548E+02 -0.13704525124565E+01 -0.52687865646547E+04  0.62927638161128E+03 -0.61585526818602E+04 -0.33481386521619E+04  0.68922960413840E+04  0.53196933739040E+01 -0.24938298618614E+07 -0.11885684109115E+02 -0.55387889670516E+02 -0.14581196386984E+03 -0.21719833434320E+02  0.63564237339616E+03  0.40018567045186E+03  0.30050896525006E+03 -0.78328446198821E+02 -0.36930557756477E+03  0.17590320457527E+03  0.34341549639861E+03  0.89767604179829E+02 -0.12191125502554E+03 -0.20309222125600E+03  0.55180751422733E+03  0.26274452180365E+03 -0.44553725728935E+03 -0.36959595385395E+02  0.29576304717367E+03  0.33524600305779E+03
   0.16048716598906E+05  0.33848932953248E+03 -0.23422290797007E+03  0.39549017256025E+05 -0.34053408538764E+04  0.11732028898903E+05  0.59571018431189E+04  0.13192424012599E+06  0.20015683524205E+05 -0.53169789427469E+04  0.14942014803484E+04  0.22562429981709E+04  0.14276655745555E+03  0.14664550454955E+02  0.52734648714158E+05 -0.61585526818602E+04  0.62523364555006E+05  0.33545285190385E+05 -0.59822319966665E+05 -0.70902797093596E+02  0.26135501524947E+08 -0.47637573034680E+03 -0.39317601568931E+03  0.64592819134746E+03 -0.46538331936787E+03 -0.42102044453753E+04 -0.27035916152202E+04 -0.35678084954744E+04  0.33064493218294E+04  0.72564989035295E+04 -0.17702514118598E+04 -0.35130517015707E+04 -0.90090140627722E+03  0.10992381490984E+03  0.21442851562853E+03 -0.39478473215058E+04 -0.21308607399572E+04  0.27002650878699E+04  0.43273549653205E+03 -0.26923227724479E+04 -0.30042263820976E+04
   0.11626466856910E+05  0.16457086281658E+03 -0.82595962298673E+01  0.22155839782968E+05 -0.19461047525701E+04  0.66531494536223E+04  0.34364490454304E+04  0.70163255964191E+05  0.10170651009897E+05 -0.29838067787587E+04  0.80482958208873E+03  0.12776809174041E+04  0.87270590980650E+02  0.69862833978992E+01  0.27631880853485E+05 -0.33481386521619E+04  0.33545285190385E+05  0.18212922706858E+05 -0.33547819588729E+05 -0.39474408615858E+02  0.15540096395597E+08 -0.19013970893892E+03 -0.39113181753422E+02  0.52439785201113E+03 -0.19650327389058E+03 -0.28997090500257E+04 -0.18192161757905E+04 -0.17665344551207E+04  0.14551783288042E+04  0.37566328448222E+04 -0.89871240003854E+03 -0.17827196683183E+04 -0.49361482464304E+03  0.19198194837827E+03  0.33987790336981E+03 -0.25549893212241E+04 -0.13156470701968E+04  0.24608062082053E+04  0.28104842273024E+03 -0.17758084643676E+04 -0.19858006649610E+04
  -0.53626475517716E+07  0.17750122360343E+07 -0.25202455525603E+06 -0.17022901588938E+07  0.44118653274575E+06 -0.14886820334151E+06 -0.25567651318046E+06 -0.41686531764598E+06 -0.30497822845851E+05  0.41500895267768E+05 -0.43620834396774E+04 -0.51260047443916E+04 -0.24949879396935E+03 -0.73863978208773E+02 -0.50715375900378E+05  0.68922960413840E+04 -0.59822319966665E+05 -0.33547819588729E+05  0.20605536650920E+08 -0.25324027106358E+05  0.10812443145693E+11 -0.23093745530761E+05 -0.63479765902897E+05  0.27550629315707E+06  0.11671741523475E+06  0.27882593428307E+05  0.63040659982953E+05 -0.76331794966443E+03  0.44542146827552E+06  0.22055495532673E+07  0.14301078416796E+05  0.25977058358322E+05  0.21343346892762E+03  0.14250283655396E+06  0.60773796659610E+06  0.19699627154488E+05  0.63229119650475E+04 -0.14809520831466E+05  0.38446707524700E+05  0.16792152722816E+05  0.52602205724333E+05
   0.10104842260059E+05 -0.26766830507977E+04  0.46002101857397E+03  0.31587318263008E+04 -0.71083622600736E+03  0.42737540546754E+03  0.53630056641024E+03  0.17436903883976E+04 -0.95343099505600E+02 -0.13459111004868E+03  0.15245442611052E+02  0.10560530057357E+01 -0.70380482909461E+00  0.29589092081334E+00 -0.39743440868251E+02  0.53196933739040E+01 -0.70902797093596E+02 -0.39474408615858E+02 -0.25324027106358E+05  0.69471215021509E+02 -0.25905428248919E+08  0.23538359104776E+03  0.32643419022911E+03 -0.37352780732710E+03  0.50800118621167E+02  0.00000000000000E+00 -0.29317570617926E+03  0.00000000000000E+00  0.00000000000000E+00 -0.60921510959258E+04  0.00000000000000E+00  0.57462385996590E+02  0.00000000000000E+00  0.00000000000000E+00 -0.10737937747667E+04  0.00000000000000E+00  0.00000000000000E+00  0.00000000000000E+00  0.24646613454110E+03  0.00000000000000E+00 -0.25112647537174E+03
  -0.39487049751155E+10  0.11159407152944E+10 -0.18129761569360E+09 -0.12026984373521E+10  0.28300403542816E+09 -0.14440155180909E+09 -0.19901884158780E+09 -0.46955285468321E+09 -0.10667350206063E+07  0.43746800760824E+08 -0.43960377552388E+07 -0.17144269841445E+07  0.21995172200781E+06 -0.92796662938123E+05  0.16004152039239E+08 -0.24938298618614E+07  0.26135501524947E+08  0.15540096395597E+08  0.10812443145693E+11 -0.25905428248919E+08  0.10166527813235E+14 -0.76596772037185E+08 -0.11069663151924E+09  0.16394817317697E+09  0.58331442585569E+07  0.00000000000000E+00  0.92345606528545E+08  0.00000000000000E+00  0.00000000000000E+00  0.22791880155892E+10  0.00000000000000E+00 -0.22811831479756E+08  0.00000000000000E+00  0.00000000000000E+00  0.45446216019806E+09  0.00000000000000E+00  0.00000000000000E+00  0.00000000000000E+00  0.26866564797904E+07  0.00000000000000E+00  0.76862545511824E+08
   0.16618244527143E+05  0.24741836359769E+04  0.56640975832846E+03  0.13018310313629E+05 -0.20412027881705E+04  0.30295509351677E+04  0.25936444098601E+04  0.28814144476387E+05 -0.60161832842767E+04 -0.11708182497661E+04  0.20105540754392E+03  0.16914578872273E+03  0.14600534053190E+02  0.11296036499308E+01 -0.14392412195964E+03 -0.11885684109115E+02 -0.47637573034680E+03 -0.19013970893892E+03 -0.23093745530761E+05  0.23538359104776E+03 -0.76596772037185E+08  0.21619582041641E+04  0.27357099320105E+04  0.68175141957834E+03  0.25971438131733E+04 -0.14530603775532E+03 -0.14335766725798E+04 -0.47434796138691E+02  0.17090711657923E+04 -0.28107023410949E+05  0.00000000000000E+00  0.20572746608771E+03  0.00000000000000E+00  0.39182324166876E+04  0.26398182703901E+03  0.00000000000000E+00  0.00000000000000E+00  0.00000000000000E+00  0.84118422178506E+03 -0.10835946217358E+04 -0.24349272547157E+04
   0.45567218438836E+05 -0.41258026941730E+04  0.17055419865168E+04  0.19279094988155E+05 -0.29407963691475E+04  0.47131729669369E+04  0.37137706886228E+04  0.71077973784387E+05 -0.17986323926598E+05 -0.22338475961233E+04  0.45838330951259E+03  0.51140920855504E+03  0.44424836553324E+02  0.14560143173165E+01 -0.12029964843318E+03 -0.55387889670516E+02 -0.39317601568931E+03 -0.39113181753422E+02 -0.63479765902897E+05  0.32643419022911E+03 -0.11069663151924E+09  0.27357099320105E+04  0.45314800145019E+04 -0.61047169829344E+03  0.21749621370118E+04 -0.21697625595417E+03 -0.15222239971761E+04 -0.32876332169292E+03 -0.76484826099620E+04 -0.43724488064305E+05  0.00000000000000E+00  0.20572746608771E+03  0.00000000000000E+00  0.31325765614748E+04 -0.10994497418313E+04  0.00000000000000E+00  0.00000000000000E+00  0.00000000000000E+00  0.54114170327739E+03 -0.36830499001519E+04 -0.52873139980035E+04
  -0.16165368314818E+06  0.48765362477821E+05 -0.74905305185422E+04 -0.25461992983466E+05  0.65370248096468E+04 -0.21027868967546E+04 -0.38470165151864E+04 -0.23179597407515E+05  0.49141933412643E+04  0.11856985873784E+04 -0.15744137567398E+03 -0.77777864568239E+02 -0.16510275788088E+02  0.10674654954713E+01  0.65216619550889E+03 -0.14581196386984E+03  0.64592819134746E+03  0.52439785201113E+03  0.27550629315707E+06 -0.37352780732710E+03  0.16394817317697E+09  0.68175141957834E+03 -0.61047169829344E+03  0.10284905350709E+05  0.41413772375062E+04  0.24363870333081E+03 -0.11575102183230E+04 -0.30576439516107E+01  0.35419046863417E+05  0.39413405300840E+05  0.00000000000000E+00  0.20572746608771E+03  0.00000000000000E+00  0.12880668996140E+05  0.14787362097155E+05  0.00000000000000E+00  0.00000000000000E+00  0.00000000000000E+00  0.25416940613698E+04  0.17223333215545E+04  0.84206875129116E+03
  -0.40042997989522E+05  0.23701698141820E+05 -0.20486251808596E+04  0.53977598941180E+04  0.77884540132957E+02  0.24393878500732E+04  0.15739629311928E+04  0.15332878454062E+05 -0.24143393939859E+04 -0.76062393319478E+03  0.11654923926858E+03  0.63289629643980E+02  0.48986279359871E+01  0.10560035755953E+01 -0.61550119496001E+02 -0.21719833434320E+02 -0.46538331936787E+03 -0.19650327389058E+03  0.11671741523475E+06  0.50800118621167E+02  0.58331442585569E+07  0.25971438131733E+04  0.21749621370118E+04  0.41413772375062E+04  0.54041282600996E+04 -0.20149622748353E+03 -0.14475427579093E+04  0.10853817420814E+02  0.11409403441247E+05 -0.11539181132063E+05  0.00000000000000E+00  0.20572746608771E+03  0.00000000000000E+00  0.73249362130878E+04  0.60052703171930E+04  0.00000000000000E+00  0.00000000000000E+00  0.00000000000000E+00  0.92524178653515E+03 -0.23780552150732E+03 -0.14918521512515E+04
  -0.12621087442866E+06  0.16534798770264E+05 -0.52758254488944E+04 -0.12574134623844E+05  0.20211335771799E+04 -0.29164140912257E+04 -0.25129716961103E+04 -0.58589673720245E+05  0.10978374503824E+05  0.26118535605929E+04 -0.42335353434760E+03 -0.11759470186202E+04 -0.17484221897431E+03  0.76680058761760E-01 -0.31786317944335E+04  0.63564237339616E+03 -0.42102044453753E+04 -0.28997090500257E+04  0.27882593428307E+05  0.00000000000000E+00  0.00000000000000E+00 -0.14530603775532E+03 -0.21697625595417E+03  0.24363870333081E+03 -0.20149622748353E+03  0.11565379570986E+06  0.00000000000000E+00  0.00000000000000E+00  0.00000000000000E+00  0.00000000000000E+00  0.00000000000000E+00  0.00000000000000E+00  0.00000000000000E+00  0.00000000000000E+00  0.00000000000000E+00  0.00000000000000E+00  0.00000000000000E+00  0.00000000000000E+00  0.00000000000000E+00  0.00000000000000E+00  0.00000000000000E+00
  -0.53683770690347E+05  0.81743984742088E+04 -0.22519053836760E+04 -0.21107459255439E+05  0.35056591584286E+04 -0.46289175361202E+04 -0.40484848287712E+04 -0.48257387872012E+05  0.10782127936847E+05  0.18307072596271E+04 -0.32724765693148E+03 -0.98930979429427E-11 -0.37551699681526E-11 -0.75496709639871E-13 -0.20769385404849E+04  0.40018567045186E+03 -0.27035916152202E+04 -0.18192161757905E+04  0.63040659982953E+05 -0.29317570617926E+03  0.92345606528545E+08 -0.14335766725798E+04 -0.15222239971761E+04 -0.11575102183230E+04 -0.14475427579093E+04  0.00000000000000E+00  0.64472493316147E+05  0.00000000000000E+00  0.00000000000000E+00  0.00000000000000E+00  0.00000000000000E+00  0.00000000000000E+00  0.00000000000000E+00  0.00000000000000E+00  0.00000000000000E+00  0.00000000000000E+00  0.00000000000000E+00  0.00000000000000E+00  0.00000000000000E+00  0.00000000000000E+00  0.00000000000000E+00
  -0.44146211459625E+04 -0.22150080130589E+03  0.44699214259494E+02 -0.12564342769929E+03 -0.49886191684146E+02  0.13570226960141E+03  0.12110642323256E+03 -0.69805689685662E+05  0.25262957647844E+05  0.74773533698931E+03 -0.33166405042373E+03 -0.67390371953731E+03 -0.27031091148779E+02 -0.70133208543635E+01 -0.24590865692735E+04  0.30050896525006E+03 -0.35678084954744E+04 -0.17665344551207E+04 -0.76331794966443E+03  0.00000000000000E+00  0.00000000000000E+00 -0.47434796138691E+02 -0.32876332169292E+03 -0.30576439516107E+01  0.10853817420814E+02  0.00000000000000E+00  0.00000000000000E+00  0.30437592203493E+05  0.00000000000000E+00  0.00000000000000E+00  0.00000000000000E+00  0.00000000000000E+00  0.00000000000000E+00  0.00000000000000E+00  0.00000000000000E+00  0.00000000000000E+00  0.00000000000000E+00  0.00000000000000E+00  0.00000000000000E+00  0.00000000000000E+00  0.00000000000000E+00
  -0.81684192344982E+06  0.19801253360356E+06 -0.35998681120570E+05 -0.64129851139072E+05  0.12900321374724E+05 -0.10864436468146E+05 -0.11151891078911E+05 -0.28516284971141E+06  0.67114604098815E+05  0.10695458038223E+05 -0.18932959638947E+04 -0.52711203254900E+04 -0.63482032177257E+03 -0.10940457106287E+01  0.16807586112697E+04 -0.78328446198821E+02  0.33064493218294E+04  0.14551783288042E+04  0.44542146827552E+06  0.00000000000000E+00  0.00000000000000E+00  0.17090711657923E+04 -0.76484826099620E+04  0.35419046863417E+05  0.11409403441247E+05  0.00000000000000E+00  0.00000000000000E+00  0.00000000000000E+00  0.57721152342622E+06  0.00000000000000E+00  0.00000000000000E+00  0.00000000000000E+00  0.00000000000000E+00  0.00000000000000E+00  0.00000000000000E+00  0.00000000000000E+00  0.00000000000000E+00  0.00000000000000E+00  0.00000000000000E+00  0.00000000000000E+00  0.00000000000000E+00
  -0.10621933063061E+07  0.24937750672116E+06 -0.46938353625060E+05 -0.33880609022324E+06  0.68661746104132E+05 -0.55646745713760E+05 -0.59197377446685E+05 -0.56374889875614E+06  0.12860821457910E+06  0.22293354882143E+05 -0.37856533618722E+04  0.39732530058036E-09  0.40615442162527E-10  0.52309113990183E-11  0.39110328098410E+04 -0.36930557756477E+03  0.72564989035295E+04  0.37566328448222E+04  0.22055495532673E+07 -0.60921510959258E+04  0.22791880155892E+10 -0.28107023410949E+05 -0.43724488064305E+05  0.39413405300840E+05 -0.11539181132063E+05  0.00000000000000E+00  0.00000000000000E+00  0.00000000000000E+00  0.00000000000000E+00  0.92108630851917E+06  0.00000000000000E+00  0.00000000000000E+00  0.00000000000000E+00  0.00000000000000E+00  0.00000000000000E+00  0.00000000000000E+00  0.00000000000000E+00  0.00000000000000E+00  0.00000000000000E+00  0.00000000000000E+00  0.00000000000000E+00
  -0.20253757378670E+05  0.56713827412439E+04 -0.93680927077751E+03 -0.13524806957144E+04  0.37089999672331E+03 -0.75704303354461E+02 -0.21028907555400E+03 -0.72564163445349E+05  0.23240480244732E+05  0.14722340438822E+04 -0.40441610123061E+03 -0.22696557113238E+04 -0.14536386886170E+03 -0.40538859175368E+01 -0.15252504593153E+04  0.17590320457527E+03 -0.17702514118598E+04 -0.89871240003854E+03  0.14301078416796E+05  0.00000000000000E+00  0.00000000000000E+00  0.00000000000000E+00  0.00000000000000E+00  0.00000000000000E+00  0.00000000000000E+00  0.00000000000000E+00  0.00000000000000E+00  0.00000000000000E+00  0.00000000000000E+00  0.00000000000000E+00  0.14252084454491E+05  0.00000000000000E+00  0.00000000000000E+00  0.00000000000000E+00  0.00000000000000E+00  0.00000000000000E+00  0.00000000000000E+00  0.00000000000000E+00  0.00000000000000E+00  0.00000000000000E+00  0.00000000000000E+00
  -0.45678669340735E+05  0.12962105977524E+05 -0.21228642798477E+04 -0.23959900586473E+04  0.64573082236986E+03 -0.14649904875231E+03 -0.36071377942614E+03 -0.16271107606246E+06  0.52120939223656E+05  0.32561449284535E+04 -0.90797059186991E+03 -0.76732033444812E+02 -0.20491760037893E+02 -0.30611520997123E-04 -0.29987360290021E+04  0.34341549639861E+03 -0.35130517015707E+04 -0.17827196683183E+04  0.25977058358322E+05  0.57462385996590E+02 -0.22811831479756E+08  0.20572746608771E+03  0.20572746608771E+03  0.20572746608771E+03  0.20572746608771E+03  0.00000000000000E+00  0.00000000000000E+00  0.00000000000000E+00  0.00000000000000E+00  0.00000000000000E+00  0.00000000000000E+00  0.31086838375220E+05  0.00000000000000E+00  0.00000000000000E+00  0.00000000000000E+00  0.00000000000000E+00  0.00000000000000E+00  0.00000000000000E+00  0.00000000000000E+00  0.00000000000000E+00  0.00000000000000E+00
  -0.31012063868695E+04  0.42463411054129E+03 -0.11493648750688E+03 -0.77392331296788E+02  0.10715553249465E+02 -0.20306390386232E+02 -0.14498436731132E+02 -0.13945796559828E+04  0.20225467905604E+03  0.43451368413465E+02 -0.10480936442503E+02 -0.78593802183366E+02 -0.65217601717530E+01 -0.16660409432670E+00 -0.74525593147264E+03  0.89767604179829E+02 -0.90090140627722E+03 -0.49361482464304E+03  0.21343346892762E+03  0.00000000000000E+00  0.00000000000000E+00  0.00000000000000E+00  0.00000000000000E+00  0.00000000000000E+00  0.00000000000000E+00  0.00000000000000E+00  0.00000000000000E+00  0.00000000000000E+00  0.00000000000000E+00  0.00000000000000E+00  0.00000000000000E+00  0.00000000000000E+00  0.37810254512264E+04  0.00000000000000E+00  0.00000000000000E+00  0.00000000000000E+00  0.00000000000000E+00  0.00000000000000E+00  0.00000000000000E+00  0.00000000000000E+00  0.00000000000000E+00
  -0.18524977814477E+06  0.58776393622381E+05 -0.87514060192083E+04 -0.10887206981054E+05  0.32572765100657E+04 -0.28499962949253E+03 -0.14200128421358E+04 -0.50230901011810E+04  0.65002522935541E+03  0.46922601952027E+03 -0.37668852272447E+02 -0.26851301613916E+00 -0.19331080526250E+00  0.14345280383549E-12  0.45252493543227E+03 -0.12191125502554E+03  0.10992381490984E+03  0.19198194837827E+03  0.14250283655396E+06  0.00000000000000E+00  0.00000000000000E+00  0.39182324166876E+04  0.31325765614748E+04  0.12880668996140E+05  0.73249362130878E+04  0.00000000000000E+00  0.00000000000000E+00  0.00000000000000E+00  0.00000000000000E+00  0.00000000000000E+00  0.00000000000000E+00  0.00000000000000E+00  0.00000000000000E+00  0.10798814637441E+06  0.00000000000000E+00  0.00000000000000E+00  0.00000000000000E+00  0.00000000000000E+00  0.00000000000000E+00  0.00000000000000E+00  0.00000000000000E+00
  -0.20272354354232E+06  0.63267253752777E+05 -0.95314333148859E+04 -0.48472511966871E+05  0.14122675043889E+05 -0.17637356026995E+04 -0.64769417875736E+04 -0.95834828635879E+04  0.12423514204916E+04  0.87174353092130E+03 -0.72025953528127E+02  0.80237793470966E-11 -0.32107902153262E-11 -0.13428401265949E-12  0.76191123388027E+03 -0.20309222125600E+03  0.21442851562853E+03  0.33987790336981E+03  0.60773796659610E+06 -0.10737937747667E+04  0.45446216019806E+09  0.26398182703901E+03 -0.10994497418313E+04  0.14787362097155E+05  0.60052703171930E+04  0.00000000000000E+00  0.00000000000000E+00  0.00000000000000E+00  0.00000000000000E+00  0.00000000000000E+00  0.00000000000000E+00  0.00000000000000E+00  0.00000000000000E+00  0.00000000000000E+00  0.13917006248306E+06  0.00000000000000E+00  0.00000000000000E+00  0.00000000000000E+00  0.00000000000000E+00  0.00000000000000E+00  0.00000000000000E+00
  -0.85043012048955E+04  0.22974959500512E+04 -0.38704650306801E+03 -0.23118459206673E+04  0.51029271420762E+03 -0.32865518372974E+03 -0.39771966000957E+03  0.78399314964430E+03 -0.14169980109838E+04  0.11208466016517E+03 -0.92946157464576E+01 -0.17271423057885E+01 -0.18764053813907E+00 -0.19716766299989E-02 -0.32226937358023E+04  0.55180751422733E+03 -0.39478473215058E+04 -0.25549893212241E+04  0.19699627154488E+05  0.00000000000000E+00  0.00000000000000E+00  0.00000000000000E+00  0.00000000000000E+00  0.00000000000000E+00  0.00000000000000E+00  0.00000000000000E+00  0.00000000000000E+00  0.00000000000000E+00  0.00000000000000E+00  0.00000000000000E+00  0.00000000000000E+00  0.00000000000000E+00  0.00000000000000E+00  0.00000000000000E+00  0.00000000000000E+00  0.80292626719636E+04  0.00000000000000E+00  0.00000000000000E+00  0.00000000000000E+00  0.00000000000000E+00  0.00000000000000E+00
  -0.30696578501487E+04  0.74418595339281E+03 -0.13750990143525E+03 -0.92381083534290E+03  0.18906754720347E+03 -0.15498721925821E+03 -0.16526622501230E+03  0.41541915698282E+03 -0.74673599200527E+03  0.52442243134484E+02 -0.49058842372495E+01 -0.74951061398392E+00 -0.73784882930252E-01 -0.11011036238117E-02 -0.16615725627050E+04  0.26274452180365E+03 -0.21308607399572E+04 -0.13156470701968E+04  0.63229119650475E+04  0.00000000000000E+00  0.00000000000000E+00  0.00000000000000E+00  0.00000000000000E+00  0.00000000000000E+00  0.00000000000000E+00  0.00000000000000E+00  0.00000000000000E+00  0.00000000000000E+00  0.00000000000000E+00  0.00000000000000E+00  0.00000000000000E+00  0.00000000000000E+00  0.00000000000000E+00  0.00000000000000E+00  0.00000000000000E+00  0.00000000000000E+00  0.41762231548584E+04  0.00000000000000E+00  0.00000000000000E+00  0.00000000000000E+00  0.00000000000000E+00
  -0.15457777546353E+05 -0.22019773812049E+04  0.10295605362179E+02 -0.97530617241380E+04  0.30752529918024E+03 -0.28276571223335E+04 -0.11840011243140E+04 -0.26854845190642E+06  0.11392717895140E+06  0.31253882253995E+04 -0.11017688478963E+04  0.28628876174765E+03  0.29120276517734E+02 -0.17119746585134E+01 -0.18251944605372E+04 -0.44553725728935E+03  0.27002650878699E+04  0.24608062082053E+04 -0.14809520831466E+05  0.00000000000000E+00  0.00000000000000E+00  0.00000000000000E+00  0.00000000000000E+00  0.00000000000000E+00  0.00000000000000E+00  0.00000000000000E+00  0.00000000000000E+00  0.00000000000000E+00  0.00000000000000E+00  0.00000000000000E+00  0.00000000000000E+00  0.00000000000000E+00  0.00000000000000E+00  0.00000000000000E+00  0.00000000000000E+00  0.00000000000000E+00  0.00000000000000E+00  0.12255918668735E+06  0.00000000000000E+00  0.00000000000000E+00  0.00000000000000E+00
   0.17914355600510E+05 -0.24442575274100E+04  0.75163595740729E+03 -0.16632498746081E+05  0.26968579224182E+04 -0.38819423337484E+04 -0.34591144606553E+04 -0.96083684259509E+04  0.17824206887253E+04  0.48238722957030E+03 -0.68954381285822E+02  0.35894947302422E+03  0.80924875135106E+02  0.10572795734915E-03  0.21184513402762E+03 -0.36959595385395E+02  0.43273549653205E+03  0.28104842273024E+03  0.38446707524700E+05  0.24646613454110E+03  0.26866564797904E+07  0.84118422178506E+03  0.54114170327739E+03  0.25416940613698E+04  0.92524178653515E+03  0.00000000000000E+00  0.00000000000000E+00  0.00000000000000E+00  0.00000000000000E+00  0.00000000000000E+00  0.00000000000000E+00  0.00000000000000E+00  0.00000000000000E+00  0.00000000000000E+00  0.00000000000000E+00  0.00000000000000E+00  0.00000000000000E+00  0.00000000000000E+00  0.40132759346669E+05  0.00000000000000E+00  0.00000000000000E+00
