# fitpack15: fit parameters                                                                         
# CJ15 AV18 final data choices                                                                      
# Created on 07/02/2020 at 16:09:59                                                                 

 # QCD setup
  INS                           0
  NVL                          11
  IORD                          1
  Q02                   1.6899999999999999     
  IPARAMC                       7
  FLAVOR                4.0000000000000000     
  xmc                   1.3000000000000000     
  xmb                   4.5000000000000000     
  ncb                          12
  ihq                           1
  ias                           0

 # Theory corrections
  inuke                     10854
  itmc                          1
  iht                           1

 # fit parameters
 LAMBDA       0.22680        0.0000    
 a0uv          2.3947        0.0000    
 a1uv         0.61425       0.19921E-01
 a2uv          3.5404       0.12378E-01
 a3uv          0.0000        0.0000    
 a4uv          3.4783       0.43183    
 a5uv          0.0000        0.0000    
 a0dv          24.722        0.0000    
 a1dv          1.1598       0.33400E-01
 a2dv          6.5449       0.15913    
 a3dv         -3.5032       0.85946E-01
 a4dv          4.6730       0.14205    
 a5dv          0.0000        0.0000    
 a0ud         0.14662       0.50367E-02
 a1ud        -0.20770       0.37562E-02
 a2ud          8.3184       0.19137    
 a3ud          0.0000        0.0000    
 a4ud          14.578        1.2198    
 a5ud          0.0000        0.0000    
 a0du          35712.        0.0000    
 a1du          4.0237       0.74135E-01
 a2du          20.003       0.86057    
 a3du          17.000        0.0000    
 a4du          50.801        10.510    
 a0g           45.568        0.0000    
 a1g          0.60326       0.31574E-01
 a2g           6.5920       0.97025    
 a3g          -3.3052       0.13912    
 a4g           3.1945       0.32978    
 a5g           0.0000        0.0000    
 kappa        0.40000        0.0000    
 a6dv        -0.35996E-02   0.66010E-03
 a7dv          2.0000        0.0000    
 off1         -5.1658        1.5378    
 off2         0.49242E-01   0.18446E-01
 off3          0.33896      0.00000
 ht1          -3.2712       0.26069    
 ht2           1.9550       0.10513    
 ht3          -2.0544       0.17701E-01
 ht4           0.0000        0.0000    
 dummy40       0.0000        0.0000    
 dummy41       0.0000        0.0000    
 dummy42       0.0000        0.0000    
 dummy43       0.0000        0.0000    
 dummy44       0.0000        0.0000    
 dummy45       0.0000        0.0000    
 dummy46       0.0000        0.0000    
 dummy47       0.0000        0.0000    
 dummy48       0.0000        0.0000    
 dummy49       0.0000        0.0000    
 bcdmsh2      0.97300       0.48321E-02
 bcdmsd2      0.99249       0.58329E-02
 ccfr          1.0000        0.0000    
 nutev         1.0000        0.0000    
 zeus         0.97998        0.0000    
 h1            1.0162        0.0000    
 e605          1.0319        0.0000    
 NmcH2         1.0092       0.71232E-02
 ntv_nu        1.0000        0.0000    
 ntv_nubar     1.0000        0.0000    
 cdf_jet      0.98910        0.0000    
 d0_jet       0.83504        0.0000    
 slac_p        1.0049       0.48136E-02
 slac_d        1.0041       0.52766E-02
 e866pp       0.96520       0.19280E-01
 e866pd       0.96429       0.15906E-01
 d0_gamjet     1.0388       0.16480E-01
 h1b          0.97608        0.0000    
 jlab_p       0.99260       0.57661E-02
 jlab_d       0.97439       0.58977E-02
 blank         1.0000        0.0000    
 d0run2       0.94113       0.14152E-01
 cdfrun2      0.92679       0.17248E-01
 HERA_el       1.0000        0.0000    
 HERA_ps       1.0000        0.0000    
 CDF_Z        0.96571       0.65952E-02
 NmcRat        1.0000        0.0000    
 BNS_F2nd     0.98394       0.70577E-02
 HERMES_F2p   0.99844       0.55701E-02
 HERMES_F2d   0.98026       0.58214E-02
 END 0. 0.

 # Hessian matrix (Bevington alpha)
   0.48824011674025E+07 -0.12862626785504E+07  0.23313096140039E+06  0.47914490474604E+06 -0.12596758710403E+06 -0.22594571190431E+05  0.55277123861913E+05  0.89927860095195E+06 -0.17305418203816E+06 -0.48279295298006E+05  0.73390578869017E+04  0.15847169126924E+05  0.18020293050761E+04 -0.11302690343832E+03  0.73948501535830E+04 -0.18706687228787E+04  0.10198229077564E+05  0.74350052298039E+04 -0.74206764742742E+07 -0.17360541506055E+04 -0.64664050130782E+06  0.77968727591335E+05  0.23172053142484E+06  0.88150045673969E+06 -0.12698415972676E+06 -0.53870794569229E+05 -0.43696144111793E+04 -0.83730961612378E+06 -0.10826327523423E+07 -0.20576529680372E+05 -0.46332339486143E+05 -0.30795248238961E+04 -0.19865215964173E+06 -0.22371535116719E+06 -0.91121397551065E+04 -0.32277555845782E+04 -0.14861414560847E+05  0.16571162402568E+05 -0.70522793060988E+05 -0.55644740395429E+05
  -0.12862626785504E+07  0.41285137146641E+06 -0.63501212648975E+05 -0.13493842923612E+06  0.35184491543969E+05  0.86653638678813E+04 -0.12296513826718E+05 -0.12104492008541E+06  0.26388402223599E+05  0.74726635473777E+04 -0.93285847351064E+03 -0.12833896168273E+04 -0.15098944012445E+03  0.13617674065481E+02  0.66125620374923E+03 -0.52025235708880E+02  0.17085421797263E+03  0.95693907139282E+02  0.25475952058324E+07  0.66062665840516E+03  0.18769939790731E+06 -0.18402901052101E+05 -0.57754866051441E+05 -0.24232856473239E+06  0.16585742904203E+05  0.82092422568176E+04 -0.23994262751954E+03  0.20905092555890E+06  0.26299384682733E+06  0.58120932963758E+04  0.13227355541112E+05  0.42138126804142E+03  0.63515173145264E+05  0.71039187036721E+05  0.24704786491073E+04  0.78472374831018E+03 -0.23748576232448E+04 -0.22363217845513E+04  0.85318242454500E+04  0.71559667520564E+04
   0.23313096140039E+06 -0.63501212648975E+05  0.11255679330640E+05  0.23124013614974E+05 -0.61717159939759E+04 -0.13174753195218E+04  0.25845994261285E+04  0.31453646441896E+05 -0.59045695075608E+04 -0.19939664485882E+04  0.26064026012524E+03  0.49572836483537E+03  0.65418007971390E+02 -0.51187992398472E+01 -0.39501838752598E+03  0.12106594810110E+01 -0.18465701326658E+03 -0.28217522338369E+02 -0.37020430964196E+06 -0.88200748286786E+02 -0.31437080870393E+05  0.36573496038422E+04  0.10875865977420E+05  0.42296047154800E+05 -0.55468523993965E+04 -0.23674663445602E+04  0.51169968897065E+02 -0.38981539028254E+05 -0.50574452727689E+05 -0.10045665515416E+04 -0.22715472962021E+04 -0.11884423780768E+03 -0.99312835672112E+04 -0.11150186150845E+05 -0.43600644673521E+03 -0.15181785111139E+03  0.55478314587842E+02  0.72499037880763E+03 -0.25622542021962E+04 -0.20773728519094E+04
   0.47914490474604E+06 -0.13493842923612E+06  0.23124013614974E+05  0.39475509203260E+06 -0.62382347244976E+05  0.75861819247157E+05  0.64827297282132E+05  0.34496182360837E+06 -0.25186545741733E+05 -0.18305153868657E+05  0.33585036569320E+04 -0.13852178587859E+04 -0.15840975502204E+03  0.59340310956746E+02  0.30482758564055E+05 -0.36646773936707E+04  0.26500739310491E+05  0.15012676535162E+05 -0.22119835928943E+07 -0.31080685503606E+03 -0.18595887654219E+06  0.26407495656626E+05  0.71775667377224E+05  0.28040173656005E+06 -0.12782283405651E+05 -0.21148330639869E+05 -0.64752164575351E+02 -0.65732246201629E+05 -0.34015510808913E+06 -0.14231030253122E+04 -0.24882252157354E+04 -0.73976993983574E+02 -0.11768612427246E+05 -0.52570499842615E+05 -0.25148747858346E+04 -0.98157416006042E+03 -0.94610708680740E+04 -0.15664632997705E+05 -0.71889641799868E+04 -0.21268207865295E+05
  -0.12596758710403E+06  0.35184491543969E+05 -0.61717159939759E+04 -0.62382347244976E+05  0.11719399691437E+05 -0.79092422905490E+04 -0.94642503304296E+04 -0.32231222313562E+05  0.32996726266243E+03  0.23969068656895E+04 -0.34150065341539E+03 -0.43271863043245E+02  0.45712807377130E+01 -0.53285204158657E+01 -0.25951583431391E+04  0.31670157081059E+03 -0.22042271940689E+04 -0.12653274128160E+04  0.48874378191633E+06  0.88212817337267E+02  0.39042980245543E+05 -0.50394609075005E+04 -0.13681032793341E+05 -0.55940561599438E+05  0.20014976219581E+04  0.33726314762437E+04 -0.56373037725678E+02  0.11967317489331E+05  0.63012285877998E+05  0.34180110916516E+03  0.57810585839580E+03  0.95644710314903E+01  0.29909514260693E+04  0.13149472559930E+05  0.48368485990889E+03  0.17939215846208E+03  0.33090460893695E+03  0.24905755662631E+04  0.81922167119032E+03  0.25145263415363E+04
  -0.22594571190431E+05  0.86653638678813E+04 -0.13174753195218E+04  0.75861819247157E+05 -0.79092422905490E+04  0.24437542976724E+05  0.14850362291387E+05  0.10503101179733E+06 -0.93202831873680E+04 -0.46279704104205E+04  0.10048199983778E+04 -0.72051634334304E+03 -0.70614184843652E+02  0.20148863283299E+02  0.92948868277748E+04 -0.11472193362047E+04  0.82128761477163E+04  0.47181210895686E+04 -0.67988421732571E+05  0.45266767049543E+02 -0.12940754247991E+05  0.30749533798693E+04  0.82932102903353E+04  0.25821228229089E+05 -0.28278764143852E+04 -0.43299685901997E+04  0.15501471902505E+03 -0.89066309256607E+04 -0.43952412630971E+05 -0.35221676132593E+01 -0.35311043997696E+02 -0.19632065280239E+02  0.33671812829305E+03  0.11453106202695E+04 -0.27486144191882E+03 -0.13840818810833E+03 -0.30362110928431E+04 -0.33907373069266E+04 -0.18544512967134E+04 -0.53464373734582E+04
   0.55277123861913E+05 -0.12296513826718E+05  0.25845994261285E+04  0.64827297282132E+05 -0.94642503304296E+04  0.14850362291387E+05  0.11644336743822E+05  0.58254318917126E+05 -0.29474709306460E+04 -0.33014338019351E+04  0.58765282813318E+03 -0.21809821686259E+03 -0.27852402621249E+02  0.10596914581546E+02  0.47995364808024E+04 -0.60030231268039E+03  0.41348564742432E+04  0.24049470336489E+04 -0.25101061211704E+06 -0.15339934554329E+02 -0.25157070123280E+05  0.39981525188989E+04  0.10716476108432E+05  0.39433533762325E+05 -0.25068622923607E+04 -0.39252923321456E+04  0.13683188509749E+03 -0.10126745619757E+05 -0.52727544790228E+05 -0.17315717285525E+03 -0.29286363679669E+03 -0.13803491027132E+02 -0.10810507525232E+04 -0.49761370057085E+04 -0.37645740584568E+03 -0.15854941513027E+03 -0.12737748729646E+04 -0.31689715297216E+04 -0.11513124004800E+04 -0.34282343083376E+04
   0.89927860095195E+06 -0.12104492008541E+06  0.31453646441896E+05  0.34496182360837E+06 -0.32231222313562E+05  0.10503101179733E+06  0.58254318917126E+05  0.49582427990202E+07 -0.23076336758536E+07 -0.85072572204194E+05  0.25828750261004E+05  0.27658432871268E+05  0.18466979813522E+04  0.10666194451357E+03  0.82067491155634E+05 -0.10367513087281E+05  0.81950538743705E+05  0.44778899456871E+05 -0.56811313249777E+06  0.32786259648957E+03 -0.78460339673415E+05  0.35538090222168E+05  0.10616224498387E+06  0.30164937687515E+06 -0.60300849542889E+05 -0.48559898673978E+05 -0.66729091259475E+05 -0.28044135617781E+06 -0.55616361969075E+06 -0.72521290099655E+05 -0.16207150685370E+06 -0.13208275754323E+04 -0.57093454917484E+04 -0.11151845362137E+05  0.58866470830456E+02  0.16489582966993E+03 -0.26189547518353E+06 -0.87204351837577E+04 -0.13653385056351E+06 -0.16992300066808E+06
  -0.17305418203816E+06  0.26388402223599E+05 -0.59045695075608E+04 -0.25186545741733E+05  0.32996726266243E+03 -0.93202831873680E+04 -0.29474709306460E+04 -0.23076336758536E+07  0.19275031199776E+07  0.18953509399482E+05 -0.65080441865443E+04 -0.59501144616960E+04 -0.32551824782782E+03 -0.14868046260694E+02  0.49954859005522E+05 -0.23521603003195E+04  0.16768510414999E+05  0.82245417804427E+04 -0.27375479937207E+05 -0.90836877098497E+02  0.99502590552359E+03 -0.72564916974424E+04 -0.22677863545939E+05 -0.59781078240727E+05  0.11402278668671E+05  0.10820507215533E+05  0.24093182172522E+05  0.65435351652695E+05  0.12558924456898E+06  0.23163567725837E+05  0.51866027269419E+05  0.17693780793847E+03  0.61482539524359E+03  0.12367005354137E+04 -0.11943898953001E+04 -0.66971246871248E+03  0.11162656266578E+06  0.16093505243606E+04  0.44127817179262E+05  0.54356022960313E+05
  -0.48279295298006E+05  0.74726635473777E+04 -0.19939664485882E+04 -0.18305153868657E+05  0.23969068656895E+04 -0.46279704104205E+04 -0.33014338019351E+04 -0.85072572204194E+05  0.18953509399482E+05  0.26429192339711E+04 -0.64010094768613E+03 -0.71276760194657E+03 -0.62668082041778E+02 -0.20272827979981E+01 -0.39684478387586E+04  0.47758019603448E+03 -0.34804366626552E+04 -0.19851043715420E+04  0.56951523669343E+05 -0.48030874523067E+01  0.72583639486970E+04 -0.16320935823515E+04 -0.46104653051726E+04 -0.14567459401011E+05  0.27329038505405E+04  0.18948519066624E+04  0.72690062945804E+03  0.10939163890516E+05  0.22879003561634E+05  0.15289272059397E+04  0.33459129082587E+04  0.42944723312507E+02  0.57968801226620E+03  0.10940953644865E+04  0.13546446070416E+03  0.60468033527877E+02  0.30877898711132E+04  0.44543169529234E+03  0.27813386856926E+04  0.35487001185811E+04
   0.73390578869017E+04 -0.93285847351064E+03  0.26064026012524E+03  0.33585036569320E+04 -0.34150065341539E+03  0.10048199983778E+04  0.58765282813318E+03  0.25828750261004E+05 -0.65080441865443E+04 -0.64010094768613E+03  0.18074925696807E+03  0.21109331177334E+03  0.15291968944742E+02  0.77888512738690E+00  0.12615531456876E+04 -0.13822446228149E+03  0.10596073479772E+04  0.58243284795226E+03 -0.64605693787366E+04  0.22889822386045E+01 -0.81592944556115E+03  0.27694489314371E+03  0.81413524477919E+03  0.23711282331720E+04 -0.48506254816413E+03 -0.36661392146777E+03 -0.34117727101442E+03 -0.20766445024818E+04 -0.41713029868756E+04 -0.44373556261052E+03 -0.99194740180330E+03 -0.11113904157760E+02 -0.49744720006991E+02 -0.96959198424060E+02 -0.15408426159144E+02 -0.72622819286810E+01 -0.11592556255828E+04 -0.70126625979426E+02 -0.83347023744238E+03 -0.10458477172364E+04
   0.15847169126924E+05 -0.12833896168273E+04  0.49572836483537E+03 -0.13852178587859E+04 -0.43271863043245E+02 -0.72051634334304E+03 -0.21809821686259E+03  0.27658432871268E+05 -0.59501144616960E+04 -0.71276760194657E+03  0.21109331177334E+03  0.18898526932174E+04  0.12294504421980E+03 -0.94414445796167E+00  0.15203114793287E+04 -0.20771403345681E+03  0.16186713743512E+04  0.93645115106541E+03 -0.69643949914833E+04 -0.54034974355177E+01 -0.41542743876128E+03 -0.42066817299650E+02  0.54134377372659E+02 -0.12049692294542E+04 -0.11960515971027E+04  0.21557106054444E-10 -0.78362839808891E+03 -0.53315249133252E+04  0.13604194820932E-09 -0.25736738726610E+04 -0.77280830282505E+02 -0.84682949568010E+02 -0.24110312202885E+00 -0.69206848081544E-10 -0.18726822019817E+01 -0.80554577787356E+00  0.30815054248440E+03  0.33255064019731E+03 -0.29159513213129E+04 -0.37535195946507E-10
   0.18020293050761E+04 -0.15098944012445E+03  0.65418007971390E+02 -0.15840975502204E+03  0.45712807377130E+01 -0.70614184843652E+02 -0.27852402621249E+02  0.18466979813522E+04 -0.32551824782782E+03 -0.62668082041778E+02  0.15291968944742E+02  0.12294504421980E+03  0.11033209825523E+02 -0.18761581407267E+00  0.82114446998308E+02 -0.13577501407632E+02  0.95926933667884E+02  0.60238024477364E+02 -0.32987588148067E+03 -0.43115199675165E+00  0.15120028997446E+02 -0.13754330563115E+01  0.12306046139048E+02 -0.11273165823908E+03 -0.17758660944856E+03 -0.22088508299554E-11 -0.30115207969477E+02 -0.62964669224537E+03  0.17159000965966E-10 -0.15989613595117E+03 -0.20516345671847E+02 -0.68043601956731E+01 -0.17461891131557E+00 -0.23746211839478E-11 -0.19774836306967E+00 -0.76861830227667E-01  0.30657086358709E+02  0.74881087046919E+02 -0.20863997030063E+03 -0.20064473111595E-11
  -0.11302690343832E+03  0.13617674065481E+02 -0.51187992398472E+01  0.59340310956746E+02 -0.53285204158657E+01  0.20148863283299E+02  0.10596914581546E+02  0.10666194451357E+03 -0.14868046260694E+02 -0.20272827979981E+01  0.77888512738690E+00 -0.94414445796167E+00 -0.18761581407267E+00  0.59205172785472E-01  0.15732379564283E+02 -0.12195806762346E+01  0.99587383764152E+01  0.47793244446673E+01 -0.86129491089599E+02  0.19166851737629E-01 -0.13938222261948E+02  0.63990495573873E+00  0.16352813821577E+01  0.75418348776077E+01  0.73990124893209E-01  0.69974129804245E-13 -0.67610148519528E+01 -0.98992938058019E+00 -0.51566327640568E-11 -0.39797603493965E+01 -0.29366456865710E-04 -0.15870024440506E+00 -0.38079034590949E-12  0.88349116207957E-13 -0.19426816247702E-02 -0.10667647351960E-02 -0.16374337192520E+01  0.93673735484183E-04 -0.37268196471077E+01  0.18600014758992E-12
   0.73948501535830E+04  0.66125620374923E+03 -0.39501838752598E+03  0.30482758564055E+05 -0.25951583431391E+04  0.92948868277748E+04  0.47995364808024E+04  0.82067491155634E+05  0.49954859005522E+05 -0.39684478387586E+04  0.12615531456876E+04  0.15203114793287E+04  0.82114446998308E+02  0.15732379564283E+02  0.48619768319626E+05 -0.44455849994050E+04  0.34472595328351E+05  0.18160428726515E+05 -0.54644221855031E+05  0.33493943558765E+01  0.22703497305443E+04 -0.24150014425007E+03 -0.68622117432331E+03 -0.16257035623594E+04 -0.25843490063280E+04 -0.16969293454596E+04 -0.24511380554402E+04  0.19761226550589E+04  0.42128962373969E+04 -0.15230180014704E+04 -0.29528815515949E+04 -0.71389196874771E+03  0.23199571887077E+03  0.41489664105163E+03 -0.28042278525945E+04 -0.14962482979829E+04 -0.24723725559084E+04  0.18031887538590E+03 -0.83152531881616E+03 -0.93278388066620E+03
  -0.18706687228787E+04 -0.52025235708880E+02  0.12106594810110E+01 -0.36646773936707E+04  0.31670157081059E+03 -0.11472193362047E+04 -0.60030231268039E+03 -0.10367513087281E+05 -0.23521603003195E+04  0.47758019603448E+03 -0.13822446228149E+03 -0.20771403345681E+03 -0.13577501407632E+02 -0.12195806762346E+01 -0.44455849994050E+04  0.47336665159315E+03 -0.36113691720451E+04 -0.19777921984024E+04  0.63490881446395E+04 -0.10198647953014E+01 -0.33888608556238E+03  0.25753202426730E+02  0.65281390358600E+02  0.17334247966700E+03  0.47243503778800E+03  0.29593261551840E+03  0.28052905197118E+03 -0.16161099870912E+03 -0.47724920718198E+03  0.15599546419138E+03  0.30164227863768E+03  0.77884373715117E+02 -0.61443377011444E+02 -0.10849183335589E+03  0.42153722451287E+03  0.20932271236002E+03 -0.28054081928077E+03 -0.32085166341637E+02  0.23686177749252E+03  0.26478703485548E+03
   0.10198229077564E+05  0.17085421797263E+03 -0.18465701326658E+03  0.26500739310491E+05 -0.22042271940689E+04  0.82128761477163E+04  0.41348564742432E+04  0.81950538743705E+05  0.16768510414999E+05 -0.34804366626552E+04  0.10596073479772E+04  0.16186713743512E+04  0.95926933667884E+02  0.99587383764152E+01  0.34472595328351E+05 -0.36113691720451E+04  0.27969331553680E+05  0.15176796935473E+05 -0.47651357027847E+05  0.23099715189537E+01  0.23686813307264E+04 -0.27769863459767E+03 -0.75081522961103E+03 -0.17341979026830E+04 -0.25975186327406E+04 -0.16696920646684E+04 -0.24247959883982E+04  0.20509693127370E+04  0.43909281151077E+04 -0.12575754262260E+04 -0.24485589258974E+04 -0.59747743717688E+03  0.81716124060102E+02  0.15855782520715E+03 -0.25903558343394E+04 -0.13933236192364E+04  0.12832737024339E+04  0.22020220318783E+03 -0.16139359165365E+04 -0.17883366401967E+04
   0.74350052298039E+04  0.95693907139282E+02 -0.28217522338369E+02  0.15012676535162E+05 -0.12653274128160E+04  0.47181210895686E+04  0.24049470336489E+04  0.44778899456871E+05  0.82245417804427E+04 -0.19851043715420E+04  0.58243284795226E+03  0.93645115106541E+03  0.60238024477364E+02  0.47793244446673E+01  0.18160428726515E+05 -0.19777921984024E+04  0.15176796935473E+05  0.83435982819858E+04 -0.26802428861830E+05  0.26978788928839E+01  0.14657495891133E+04 -0.15079203185495E+03 -0.38587234513927E+03 -0.92898805627874E+03 -0.18303890238225E+04 -0.11450735400132E+04 -0.12342116332989E+04  0.96867777670196E+03  0.24285397457027E+04 -0.64471654595537E+03 -0.12566855717103E+04 -0.33233683104806E+03  0.10851147917051E+03  0.20059970351556E+03 -0.16784837736022E+04 -0.86770433563087E+03  0.14047170053338E+04  0.15442295726055E+03 -0.11268538910296E+04 -0.12500841529649E+04
  -0.74206764742742E+07  0.25475952058324E+07 -0.37020430964196E+06 -0.22119835928943E+07  0.48874378191633E+06 -0.67988421732571E+05 -0.25101061211704E+06 -0.56811313249777E+06 -0.27375479937207E+05  0.56951523669343E+05 -0.64605693787366E+04 -0.69643949914833E+04 -0.32987588148067E+03 -0.86129491089599E+02 -0.54644221855031E+05  0.63490881446395E+04 -0.47651357027847E+05 -0.26802428861830E+05  0.32580777446692E+08  0.75472018199305E+04  0.20895121962627E+07 -0.22662930489009E+06 -0.64907208527512E+06 -0.28679110588719E+07  0.33775659906889E+05  0.75168882556440E+05 -0.11707296740772E+04  0.56053833011453E+06  0.27322029399926E+07  0.17692411220497E+05  0.31294028894105E+05  0.22925325164945E+03  0.18252041259174E+06  0.79639568345709E+06  0.24625664869132E+05  0.77746076818345E+04 -0.18720541513755E+05  0.43811948953440E+05  0.20431678509879E+05  0.62862923790472E+05
  -0.17360541506055E+04  0.66062665840516E+03 -0.88200748286786E+02 -0.31080685503606E+03  0.88212817337267E+02  0.45266767049543E+02 -0.15339934554329E+02  0.32786259648957E+03 -0.90836877098497E+02 -0.48030874523067E+01  0.22889822386045E+01 -0.54034974355177E+01 -0.43115199675165E+00  0.19166851737629E-01  0.33493943558765E+01 -0.10198647953014E+01  0.23099715189537E+01  0.26978788928839E+01  0.75472018199305E+04  0.28867725538755E+01  0.58461072206925E+03 -0.56096189829622E+02 -0.15929021758382E+03 -0.76280777489430E+03  0.00000000000000E+00 -0.17250407674353E+02  0.00000000000000E+00  0.00000000000000E+00  0.60075522744853E+03  0.00000000000000E+00 -0.91337233666964E+01  0.00000000000000E+00  0.00000000000000E+00  0.25487394884771E+03  0.00000000000000E+00  0.00000000000000E+00  0.00000000000000E+00  0.48518807075680E+01  0.00000000000000E+00 -0.20177844044147E+02
  -0.64664050130782E+06  0.18769939790731E+06 -0.31437080870393E+05 -0.18595887654219E+06  0.39042980245543E+05 -0.12940754247991E+05 -0.25157070123280E+05 -0.78460339673415E+05  0.99502590552359E+03  0.72583639486970E+04 -0.81592944556115E+03 -0.41542743876128E+03  0.15120028997446E+02 -0.13938222261948E+02  0.22703497305443E+04 -0.33888608556238E+03  0.23686813307264E+04  0.14657495891133E+04  0.20895121962627E+07  0.58461072206925E+03  0.24539172949993E+06 -0.30659867391985E+05 -0.82834312524575E+05 -0.35200135518693E+06  0.00000000000000E+00  0.14673393984045E+05  0.00000000000000E+00  0.00000000000000E+00  0.34880990611231E+06  0.00000000000000E+00 -0.34982664285141E+04  0.00000000000000E+00  0.00000000000000E+00  0.71384637858617E+05  0.00000000000000E+00  0.00000000000000E+00  0.00000000000000E+00 -0.12561080125881E+05  0.00000000000000E+00  0.12058197861012E+05
   0.77968727591335E+05 -0.18402901052101E+05  0.36573496038422E+04  0.26407495656626E+05 -0.50394609075005E+04  0.30749533798693E+04  0.39981525188989E+04  0.35538090222168E+05 -0.72564916974424E+04 -0.16320935823515E+04  0.27694489314371E+03 -0.42066817299650E+02 -0.13754330563115E+01  0.63990495573873E+00 -0.24150014425007E+03  0.25753202426730E+02 -0.27769863459767E+03 -0.15079203185495E+03 -0.22662930489009E+06 -0.56096189829622E+02 -0.30659867391985E+05  0.45899932308057E+04  0.12170126982675E+05  0.48990028029483E+05 -0.52233373611173E+02 -0.27457690386752E+04  0.27182585776770E+01  0.38730802469937E+03 -0.53911489363932E+05  0.00000000000000E+00 -0.26929176199770E+03  0.00000000000000E+00  0.22030641571457E+04 -0.70103325555920E+04  0.00000000000000E+00  0.00000000000000E+00  0.00000000000000E+00  0.19481255095552E+04 -0.38561868015411E+03 -0.35923284476749E+04
   0.23172053142484E+06 -0.57754866051441E+05  0.10875865977420E+05  0.71775667377224E+05 -0.13681032793341E+05  0.82932102903353E+04  0.10716476108432E+05  0.10616224498387E+06 -0.22677863545939E+05 -0.46104653051726E+04  0.81413524477919E+03  0.54134377372659E+02  0.12306046139048E+02  0.16352813821577E+01 -0.68622117432331E+03  0.65281390358600E+02 -0.75081522961103E+03 -0.38587234513927E+03 -0.64907208527512E+06 -0.15929021758382E+03 -0.82834312524575E+05  0.12170126982675E+05  0.32865219161732E+05  0.13110780207808E+06 -0.16121018138334E+03 -0.68863570759516E+04 -0.43017968971825E+02 -0.67288004290334E+04 -0.14568249549258E+06  0.00000000000000E+00 -0.67208289286073E+03  0.00000000000000E+00  0.30232588978442E+04 -0.20740713584463E+05  0.00000000000000E+00  0.00000000000000E+00  0.00000000000000E+00  0.48876588687482E+04 -0.20713502106992E+04 -0.10116033867883E+05
   0.88150045673969E+06 -0.24232856473239E+06  0.42296047154800E+05  0.28040173656005E+06 -0.55940561599438E+05  0.25821228229089E+05  0.39433533762325E+05  0.30164937687515E+06 -0.59781078240727E+05 -0.14567459401011E+05  0.23711282331720E+04 -0.12049692294542E+04 -0.11273165823908E+03  0.75418348776077E+01 -0.16257035623594E+04  0.17334247966700E+03 -0.17341979026830E+04 -0.92898805627874E+03 -0.28679110588719E+07 -0.76280777489430E+03 -0.35200135518693E+06  0.48990028029483E+05  0.13110780207808E+06  0.55150900310751E+06  0.24619698910222E+03 -0.31603766178728E+05 -0.60519225368640E+01  0.37105791921667E+05 -0.56525390857827E+06  0.00000000000000E+00 -0.31469286172462E+04  0.00000000000000E+00  0.15866656518595E+05 -0.94037662547748E+05  0.00000000000000E+00  0.00000000000000E+00  0.00000000000000E+00  0.23005747271464E+05  0.15267974396837E+04 -0.35670562756065E+05
  -0.12698415972676E+06  0.16585742904203E+05 -0.55468523993965E+04 -0.12782283405651E+05  0.20014976219581E+04 -0.28278764143852E+04 -0.25068622923607E+04 -0.60300849542889E+05  0.11402278668671E+05  0.27329038505405E+04 -0.48506254816413E+03 -0.11960515971027E+04 -0.17758660944856E+03  0.73990124893209E-01 -0.25843490063280E+04  0.47243503778800E+03 -0.25975186327406E+04 -0.18303890238225E+04  0.33775659906889E+05  0.00000000000000E+00  0.00000000000000E+00 -0.52233373611173E+02 -0.16121018138334E+03  0.24619698910222E+03  0.11626487902284E+06  0.00000000000000E+00  0.00000000000000E+00  0.00000000000000E+00  0.00000000000000E+00  0.00000000000000E+00  0.00000000000000E+00  0.00000000000000E+00  0.00000000000000E+00  0.00000000000000E+00  0.00000000000000E+00  0.00000000000000E+00  0.00000000000000E+00  0.00000000000000E+00  0.00000000000000E+00  0.00000000000000E+00
  -0.53870794569229E+05  0.82092422568176E+04 -0.23674663445602E+04 -0.21148330639869E+05  0.33726314762437E+04 -0.43299685901997E+04 -0.39252923321456E+04 -0.48559898673978E+05  0.10820507215533E+05  0.18948519066624E+04 -0.36661392146777E+03  0.21557106054444E-10 -0.22088508299554E-11  0.69974129804245E-13 -0.16969293454596E+04  0.29593261551840E+03 -0.16696920646684E+04 -0.11450735400132E+04  0.75168882556440E+05 -0.17250407674353E+02  0.14673393984045E+05 -0.27457690386752E+04 -0.68863570759516E+04 -0.31603766178728E+05  0.00000000000000E+00  0.64599617355657E+05  0.00000000000000E+00  0.00000000000000E+00  0.00000000000000E+00  0.00000000000000E+00  0.00000000000000E+00  0.00000000000000E+00  0.00000000000000E+00  0.00000000000000E+00  0.00000000000000E+00  0.00000000000000E+00  0.00000000000000E+00  0.00000000000000E+00  0.00000000000000E+00  0.00000000000000E+00
  -0.43696144111793E+04 -0.23994262751954E+03  0.51169968897065E+02 -0.64752164575351E+02 -0.56373037725678E+02  0.15501471902505E+03  0.13683188509749E+03 -0.66729091259475E+05  0.24093182172522E+05  0.72690062945804E+03 -0.34117727101442E+03 -0.78362839808891E+03 -0.30115207969477E+02 -0.67610148519528E+01 -0.24511380554402E+04  0.28052905197118E+03 -0.24247959883982E+04 -0.12342116332989E+04 -0.11707296740772E+04  0.00000000000000E+00  0.00000000000000E+00  0.27182585776770E+01 -0.43017968971825E+02 -0.60519225368640E+01  0.00000000000000E+00  0.00000000000000E+00  0.30664697191335E+05  0.00000000000000E+00  0.00000000000000E+00  0.00000000000000E+00  0.00000000000000E+00  0.00000000000000E+00  0.00000000000000E+00  0.00000000000000E+00  0.00000000000000E+00  0.00000000000000E+00  0.00000000000000E+00  0.00000000000000E+00  0.00000000000000E+00  0.00000000000000E+00
  -0.83730961612378E+06  0.20905092555890E+06 -0.38981539028254E+05 -0.65732246201629E+05  0.11967317489331E+05 -0.89066309256607E+04 -0.10126745619757E+05 -0.28044135617781E+06  0.65435351652695E+05  0.10939163890516E+05 -0.20766445024818E+04 -0.53315249133252E+04 -0.62964669224537E+03 -0.98992938058019E+00  0.19761226550589E+04 -0.16161099870912E+03  0.20509693127370E+04  0.96867777670196E+03  0.56053833011453E+06  0.00000000000000E+00  0.00000000000000E+00  0.38730802469937E+03 -0.67288004290334E+04  0.37105791921667E+05  0.00000000000000E+00  0.00000000000000E+00  0.00000000000000E+00  0.57739532239245E+06  0.00000000000000E+00  0.00000000000000E+00  0.00000000000000E+00  0.00000000000000E+00  0.00000000000000E+00  0.00000000000000E+00  0.00000000000000E+00  0.00000000000000E+00  0.00000000000000E+00  0.00000000000000E+00  0.00000000000000E+00  0.00000000000000E+00
  -0.10826327523423E+07  0.26299384682733E+06 -0.50574452727689E+05 -0.34015510808913E+06  0.63012285877998E+05 -0.43952412630971E+05 -0.52727544790228E+05 -0.55616361969075E+06  0.12558924456898E+06  0.22879003561634E+05 -0.41713029868756E+04  0.13604194820932E-09  0.17159000965966E-10 -0.51566327640568E-11  0.42128962373969E+04 -0.47724920718198E+03  0.43909281151077E+04  0.24285397457027E+04  0.27322029399926E+07  0.60075522744853E+03  0.34880990611231E+06 -0.53911489363932E+05 -0.14568249549258E+06 -0.56525390857827E+06  0.00000000000000E+00  0.00000000000000E+00  0.00000000000000E+00  0.00000000000000E+00  0.91662354701733E+06  0.00000000000000E+00  0.00000000000000E+00  0.00000000000000E+00  0.00000000000000E+00  0.00000000000000E+00  0.00000000000000E+00  0.00000000000000E+00  0.00000000000000E+00  0.00000000000000E+00  0.00000000000000E+00  0.00000000000000E+00
  -0.20576529680372E+05  0.58120932963758E+04 -0.10045665515416E+04 -0.14231030253122E+04  0.34180110916516E+03 -0.35221676132593E+01 -0.17315717285525E+03 -0.72521290099655E+05  0.23163567725837E+05  0.15289272059397E+04 -0.44373556261052E+03 -0.25736738726610E+04 -0.15989613595117E+03 -0.39797603493965E+01 -0.15230180014704E+04  0.15599546419138E+03 -0.12575754262260E+04 -0.64471654595537E+03  0.17692411220497E+05  0.00000000000000E+00  0.00000000000000E+00  0.00000000000000E+00  0.00000000000000E+00  0.00000000000000E+00  0.00000000000000E+00  0.00000000000000E+00  0.00000000000000E+00  0.00000000000000E+00  0.00000000000000E+00  0.14781842467865E+05  0.00000000000000E+00  0.00000000000000E+00  0.00000000000000E+00  0.00000000000000E+00  0.00000000000000E+00  0.00000000000000E+00  0.00000000000000E+00  0.00000000000000E+00  0.00000000000000E+00  0.00000000000000E+00
  -0.46332339486143E+05  0.13227355541112E+05 -0.22715472962021E+04 -0.24882252157354E+04  0.57810585839580E+03 -0.35311043997696E+02 -0.29286363679669E+03 -0.16207150685370E+06  0.51866027269419E+05  0.33459129082587E+04 -0.99194740180330E+03 -0.77280830282505E+02 -0.20516345671847E+02 -0.29366456865710E-04 -0.29528815515949E+04  0.30164227863768E+03 -0.24485589258974E+04 -0.12566855717103E+04  0.31294028894105E+05 -0.91337233666964E+01 -0.34982664285141E+04 -0.26929176199770E+03 -0.67208289286073E+03 -0.31469286172462E+04  0.00000000000000E+00  0.00000000000000E+00  0.00000000000000E+00  0.00000000000000E+00  0.00000000000000E+00  0.00000000000000E+00  0.31749863816577E+05  0.00000000000000E+00  0.00000000000000E+00  0.00000000000000E+00  0.00000000000000E+00  0.00000000000000E+00  0.00000000000000E+00  0.00000000000000E+00  0.00000000000000E+00  0.00000000000000E+00
  -0.30795248238961E+04  0.42138126804142E+03 -0.11884423780768E+03 -0.73976993983574E+02  0.95644710314903E+01 -0.19632065280239E+02 -0.13803491027132E+02 -0.13208275754323E+04  0.17693780793847E+03  0.42944723312507E+02 -0.11113904157760E+02 -0.84682949568010E+02 -0.68043601956731E+01 -0.15870024440506E+00 -0.71389196874771E+03  0.77884373715117E+02 -0.59747743717688E+03 -0.33233683104806E+03  0.22925325164945E+03  0.00000000000000E+00  0.00000000000000E+00  0.00000000000000E+00  0.00000000000000E+00  0.00000000000000E+00  0.00000000000000E+00  0.00000000000000E+00  0.00000000000000E+00  0.00000000000000E+00  0.00000000000000E+00  0.00000000000000E+00  0.00000000000000E+00  0.37864919378193E+04  0.00000000000000E+00  0.00000000000000E+00  0.00000000000000E+00  0.00000000000000E+00  0.00000000000000E+00  0.00000000000000E+00  0.00000000000000E+00  0.00000000000000E+00
  -0.19865215964173E+06  0.63515173145264E+05 -0.99312835672112E+04 -0.11768612427246E+05  0.29909514260693E+04  0.33671812829305E+03 -0.10810507525232E+04 -0.57093454917484E+04  0.61482539524359E+03  0.57968801226620E+03 -0.49744720006991E+02 -0.24110312202885E+00 -0.17461891131557E+00 -0.38079034590949E-12  0.23199571887077E+03 -0.61443377011444E+02  0.81716124060102E+02  0.10851147917051E+03  0.18252041259174E+06  0.00000000000000E+00  0.00000000000000E+00  0.22030641571457E+04  0.30232588978442E+04  0.15866656518595E+05  0.00000000000000E+00  0.00000000000000E+00  0.00000000000000E+00  0.00000000000000E+00  0.00000000000000E+00  0.00000000000000E+00  0.00000000000000E+00  0.00000000000000E+00  0.10587574548113E+06  0.00000000000000E+00  0.00000000000000E+00  0.00000000000000E+00  0.00000000000000E+00  0.00000000000000E+00  0.00000000000000E+00  0.00000000000000E+00
  -0.22371535116719E+06  0.71039187036721E+05 -0.11150186150845E+05 -0.52570499842615E+05  0.13149472559930E+05  0.11453106202695E+04 -0.49761370057085E+04 -0.11151845362137E+05  0.12367005354137E+04  0.10940953644865E+04 -0.96959198424060E+02 -0.69206848081544E-10 -0.23746211839478E-11  0.88349116207957E-13  0.41489664105163E+03 -0.10849183335589E+03  0.15855782520715E+03  0.20059970351556E+03  0.79639568345709E+06  0.25487394884771E+03  0.71384637858617E+05 -0.70103325555920E+04 -0.20740713584463E+05 -0.94037662547748E+05  0.00000000000000E+00  0.00000000000000E+00  0.00000000000000E+00  0.00000000000000E+00  0.00000000000000E+00  0.00000000000000E+00  0.00000000000000E+00  0.00000000000000E+00  0.00000000000000E+00  0.13878123464481E+06  0.00000000000000E+00  0.00000000000000E+00  0.00000000000000E+00  0.00000000000000E+00  0.00000000000000E+00  0.00000000000000E+00
  -0.91121397551065E+04  0.24704786491073E+04 -0.43600644673521E+03 -0.25148747858346E+04  0.48368485990889E+03 -0.27486144191882E+03 -0.37645740584568E+03  0.58866470830456E+02 -0.11943898953001E+04  0.13546446070416E+03 -0.15408426159144E+02 -0.18726822019817E+01 -0.19774836306967E+00 -0.19426816247702E-02 -0.28042278525945E+04  0.42153722451287E+03 -0.25903558343394E+04 -0.16784837736022E+04  0.24625664869132E+05  0.00000000000000E+00  0.00000000000000E+00  0.00000000000000E+00  0.00000000000000E+00  0.00000000000000E+00  0.00000000000000E+00  0.00000000000000E+00  0.00000000000000E+00  0.00000000000000E+00  0.00000000000000E+00  0.00000000000000E+00  0.00000000000000E+00  0.00000000000000E+00  0.00000000000000E+00  0.00000000000000E+00  0.83037199594162E+04  0.00000000000000E+00  0.00000000000000E+00  0.00000000000000E+00  0.00000000000000E+00  0.00000000000000E+00
  -0.32277555845782E+04  0.78472374831018E+03 -0.15181785111139E+03 -0.98157416006042E+03  0.17939215846208E+03 -0.13840818810833E+03 -0.15854941513027E+03  0.16489582966993E+03 -0.66971246871248E+03  0.60468033527877E+02 -0.72622819286810E+01 -0.80554577787356E+00 -0.76861830227667E-01 -0.10667647351960E-02 -0.14962482979829E+04  0.20932271236002E+03 -0.13933236192364E+04 -0.86770433563087E+03  0.77746076818345E+04  0.00000000000000E+00  0.00000000000000E+00  0.00000000000000E+00  0.00000000000000E+00  0.00000000000000E+00  0.00000000000000E+00  0.00000000000000E+00  0.00000000000000E+00  0.00000000000000E+00  0.00000000000000E+00  0.00000000000000E+00  0.00000000000000E+00  0.00000000000000E+00  0.00000000000000E+00  0.00000000000000E+00  0.00000000000000E+00  0.42602157295546E+04  0.00000000000000E+00  0.00000000000000E+00  0.00000000000000E+00  0.00000000000000E+00
  -0.14861414560847E+05 -0.23748576232448E+04  0.55478314587842E+02 -0.94610708680740E+04  0.33090460893695E+03 -0.30362110928431E+04 -0.12737748729646E+04 -0.26189547518353E+06  0.11162656266578E+06  0.30877898711132E+04 -0.11592556255828E+04  0.30815054248440E+03  0.30657086358709E+02 -0.16374337192520E+01 -0.24723725559084E+04 -0.28054081928077E+03  0.12832737024339E+04  0.14047170053338E+04 -0.18720541513755E+05  0.00000000000000E+00  0.00000000000000E+00  0.00000000000000E+00  0.00000000000000E+00  0.00000000000000E+00  0.00000000000000E+00  0.00000000000000E+00  0.00000000000000E+00  0.00000000000000E+00  0.00000000000000E+00  0.00000000000000E+00  0.00000000000000E+00  0.00000000000000E+00  0.00000000000000E+00  0.00000000000000E+00  0.00000000000000E+00  0.00000000000000E+00  0.12385912469477E+06  0.00000000000000E+00  0.00000000000000E+00  0.00000000000000E+00
   0.16571162402568E+05 -0.22363217845513E+04  0.72499037880763E+03 -0.15664632997705E+05  0.24905755662631E+04 -0.33907373069266E+04 -0.31689715297216E+04 -0.87204351837577E+04  0.16093505243606E+04  0.44543169529234E+03 -0.70126625979426E+02  0.33255064019731E+03  0.74881087046919E+02  0.93673735484183E-04  0.18031887538590E+03 -0.32085166341637E+02  0.22020220318783E+03  0.15442295726055E+03  0.43811948953440E+05  0.48518807075680E+01 -0.12561080125881E+05  0.19481255095552E+04  0.48876588687482E+04  0.23005747271464E+05  0.00000000000000E+00  0.00000000000000E+00  0.00000000000000E+00  0.00000000000000E+00  0.00000000000000E+00  0.00000000000000E+00  0.00000000000000E+00  0.00000000000000E+00  0.00000000000000E+00  0.00000000000000E+00  0.00000000000000E+00  0.00000000000000E+00  0.00000000000000E+00  0.39240561570439E+05  0.00000000000000E+00  0.00000000000000E+00
  -0.70522793060988E+05  0.85318242454500E+04 -0.25622542021962E+04 -0.71889641799868E+04  0.81922167119032E+03 -0.18544512967134E+04 -0.11513124004800E+04 -0.13653385056351E+06  0.44127817179262E+05  0.27813386856926E+04 -0.83347023744238E+03 -0.29159513213129E+04 -0.20863997030063E+03 -0.37268196471077E+01 -0.83152531881616E+03  0.23686177749252E+03 -0.16139359165365E+04 -0.11268538910296E+04  0.20431678509879E+05  0.00000000000000E+00  0.00000000000000E+00 -0.38561868015411E+03 -0.20713502106992E+04  0.15267974396837E+04  0.00000000000000E+00  0.00000000000000E+00  0.00000000000000E+00  0.00000000000000E+00  0.00000000000000E+00  0.00000000000000E+00  0.00000000000000E+00  0.00000000000000E+00  0.00000000000000E+00  0.00000000000000E+00  0.00000000000000E+00  0.00000000000000E+00  0.00000000000000E+00  0.00000000000000E+00  0.94883476193925E+05  0.00000000000000E+00
  -0.55644740395429E+05  0.71559667520564E+04 -0.20773728519094E+04 -0.21268207865295E+05  0.25145263415363E+04 -0.53464373734582E+04 -0.34282343083376E+04 -0.16992300066808E+06  0.54356022960313E+05  0.35487001185811E+04 -0.10458477172364E+04 -0.37535195946507E-10 -0.20064473111595E-11  0.18600014758992E-12 -0.93278388066620E+03  0.26478703485548E+03 -0.17883366401967E+04 -0.12500841529649E+04  0.62862923790472E+05 -0.20177844044147E+02  0.12058197861012E+05 -0.35923284476749E+04 -0.10116033867883E+05 -0.35670562756065E+05  0.00000000000000E+00  0.00000000000000E+00  0.00000000000000E+00  0.00000000000000E+00  0.00000000000000E+00  0.00000000000000E+00  0.00000000000000E+00  0.00000000000000E+00  0.00000000000000E+00  0.00000000000000E+00  0.00000000000000E+00  0.00000000000000E+00  0.00000000000000E+00  0.00000000000000E+00  0.00000000000000E+00  0.99550600732863E+05

 # Covariance matrix (Bevington epsilon)
