 Correlated errors added in quadrature with statistical errors
 jl00106F2p DIS data with   1.69< Q2 < 0.500D+03 and 0.000 < xB < 1.000 and   3.00< W2 < 0.100D+04 and 0.000 < y < 1.000
   GP TMC applied
   HT corrections, multiplicative C=C(xB)
 Correlated errors added in quadrature with statistical errors
 jl00106F2d DIS data with   1.69< Q2 < 0.500D+03 and 0.000 < xB < 1.000 and   3.00< W2 < 0.100D+04 and 0.000 < y < 1.000
   WBArel smearing  (AV18) - freepar off-shell nuke corrections
   GP TMC applied
   HT corrections, multiplicative C=C(xB)
 Correlated errors added in quadrature with statistical errors
 HerF2pCut  DIS data with   1.69< Q2 < 0.500D+03 and 0.000 < xB < 1.000 and   3.00< W2 < 0.100D+04 and 0.000 < y < 1.000
   GP TMC applied
   HT corrections, multiplicative C=C(xB)
 Correlated errors added in quadrature with statistical errors
 HerF2dCut  DIS data with   1.69< Q2 < 0.500D+03 and 0.000 < xB < 1.000 and   3.00< W2 < 0.100D+04 and 0.000 < y < 1.000
   WBArel smearing  (AV18) - freepar off-shell nuke corrections
   GP TMC applied
   HT corrections, multiplicative C=C(xB)
 Correlated errors added in quadrature with statistical errors
 slac_p     DIS data with   1.69< Q2 < 0.500D+03 and 0.000 < xB < 1.000 and   3.00< W2 < 0.100D+04 and 0.000 < y < 1.000
   GP TMC applied
   HT corrections, multiplicative C=C(xB)
 Correlated errors added in quadrature with statistical errors
 slac_d     DIS data with   1.69< Q2 < 0.500D+03 and 0.000 < xB < 1.000 and   3.00< W2 < 0.100D+04 and 0.000 < y < 1.000
   WBArel smearing  (AV18) - freepar off-shell nuke corrections
   GP TMC applied
   HT corrections, multiplicative C=C(xB)
 Correlated errors treated separately from statistical errors
 BcdF2pCor  DIS data with   1.69< Q2 < 0.500D+03 and 0.000 < xB < 1.000 and   3.00< W2 < 0.100D+04 and 0.000 < y < 1.000
   GP TMC applied
   HT corrections, multiplicative C=C(xB)
 Correlated errors treated separately from statistical errors
 BcdF2dCor  DIS data with   1.69< Q2 < 0.500D+03 and 0.000 < xB < 1.000 and   3.00< W2 < 0.100D+04 and 0.000 < y < 1.000
   WBArel smearing  (AV18) - freepar off-shell nuke corrections
   GP TMC applied
   HT corrections, multiplicative C=C(xB)
 Correlated errors treated separately from statistical errors
 NmcF2pCor  DIS data with   1.69< Q2 < 0.500D+03 and 0.000 < xB < 1.000 and   3.00< W2 < 0.100D+04 and 0.000 < y < 1.000
   GP TMC applied
   HT corrections, multiplicative C=C(xB)
 Correlated errors treated separately from statistical errors
 NmcRatCor  DIS data with   1.69< Q2 < 0.500D+03 and 0.000 < xB < 1.000 and   3.00< W2 < 0.100D+04 and 0.000 < y < 1.000
   WBArel smearing  (AV18) - freepar off-shell nuke corrections
   GP TMC applied
   HT corrections, multiplicative C=C(xB)
 Correlated errors treated separately from statistical errors
 H2_NC_em   DIS data with   1.69< Q2 < 0.100D+06 and 0.000 < xB < 1.000 and   3.00< W2 < 0.100D+08 and 0.000 < y < 1.000
   GP TMC applied
   HT corrections, multiplicative C=C(xB)
 Correlated errors treated separately from statistical errors
 H2_NC_ep_1 DIS data with   1.69< Q2 < 0.100D+06 and 0.000 < xB < 1.000 and   3.00< W2 < 0.100D+08 and 0.000 < y < 1.000
   GP TMC applied
   HT corrections, multiplicative C=C(xB)
 Correlated errors treated separately from statistical errors
 H2_NC_ep_2 DIS data with   1.69< Q2 < 0.100D+06 and 0.000 < xB < 1.000 and   3.00< W2 < 0.100D+08 and 0.000 < y < 1.000
   GP TMC applied
   HT corrections, multiplicative C=C(xB)
 Correlated errors treated separately from statistical errors
 H2_NC_ep_3 DIS data with   1.69< Q2 < 0.100D+06 and 0.000 < xB < 1.000 and   3.00< W2 < 0.100D+08 and 0.000 < y < 1.000
   GP TMC applied
   HT corrections, multiplicative C=C(xB)
 Correlated errors treated separately from statistical errors
 H2_NC_ep_4 DIS data with   1.69< Q2 < 0.100D+06 and 0.000 < xB < 1.000 and   3.00< W2 < 0.100D+08 and 0.000 < y < 1.000
   GP TMC applied
   HT corrections, multiplicative C=C(xB)
 Correlated errors treated separately from statistical errors
 H2_CC_em   DIS data with   1.69< Q2 < 0.100D+06 and 0.000 < xB < 1.000 and   3.00< W2 < 0.100D+08 and 0.000 < y < 1.000
   GP TMC applied
   HT corrections, multiplicative C=C(xB)
 Correlated errors treated separately from statistical errors
 H2_CC_ep   DIS data with   1.69< Q2 < 0.100D+06 and 0.000 < xB < 1.000 and   3.00< W2 < 0.100D+08 and 0.000 < y < 1.000
   GP TMC applied
   HT corrections, multiplicative C=C(xB)
 Correlated errors added in quadrature with statistical errors
 BNS_F2nd   DIS data with   1.69< Q2 < 0.100D+06 and 0.000 < xB < 1.000 and   3.00< W2 < 0.100D+08 and 0.000 < y < 1.000
   WBArel smearing  (AV18) - freepar off-shell nuke corrections
   GP TMC applied
   HT corrections, multiplicative C=C(xB)
 Correlated errors added in quadrature with statistical errors
 e866pp06xf vector boson data with Q2 >=  36.00
 Correlated errors added in quadrature with statistical errors
 e866pd06xf vector boson data with Q2 >=  36.00
 Correlated errors added in quadrature with statistical errors
 cdfLasy05  vector boson data with Q2 >=   0.00
 Correlated errors added in quadrature with statistical errors
 d0Lasy_e15 vector boson data with Q2 >=   0.00
 Correlated errors added in quadrature with statistical errors
 d0Lasy13   vector boson data with Q2 >=   0.00
 Correlated errors added in quadrature with statistical errors
 CDF_Z      vector boson data with Q2 >=   0.00
 Correlated errors added in quadrature with statistical errors
 D0_Z       vector boson data with Q2 >=   0.00
 Correlated errors added in quadrature with statistical errors
 d0run2coneJet data - errors added in quadrature
 Correlated errors added in quadrature with statistical errors
 CDFrun2jetJet data - errors added in quadrature
 Correlated errors added in quadrature with statistical errors
 d0_gamjet1 Photon data -- cuts to be written yet ...
 Correlated errors added in quadrature with statistical errors
 d0_gamjet2 Photon data -- cuts to be written yet ...
 Correlated errors added in quadrature with statistical errors
 d0_gamjet3 Photon data -- cuts to be written yet ...
 Correlated errors added in quadrature with statistical errors
 d0_gamjet4 Photon data -- cuts to be written yet ...

# fitpack15: fit output
# CJ15 AV18 final data choices                                                 

Parametrization   7 used here

 S-ACOT scheme used  for NC DIS

 charm mass =     1.30 GeV     bottom mass =     4.50 GeV



 THIS IS A NEXT TO LEADING ORDER FIT

 Q02=    1.69
         1  LAMBDA      VALUE=   0.22680      WEIGHT=    0.0000    
         2  a0uv        VALUE=    2.4067      WEIGHT=    0.0000    
         3  a1uv        VALUE=   0.61537      WEIGHT=   0.19856E-01
         4  a2uv        VALUE=    3.5433      WEIGHT=   0.12414E-01
         5  a3uv        VALUE=    0.0000      WEIGHT=    0.0000    
         6  a4uv        VALUE=    3.4609      WEIGHT=   0.42903    
         7  a5uv        VALUE=    0.0000      WEIGHT=    0.0000    
         8  a0dv        VALUE=    24.684      WEIGHT=    0.0000    
         9  a1dv        VALUE=    1.1595      WEIGHT=   0.33533E-01
        10  a2dv        VALUE=    6.5514      WEIGHT=   0.15936    
        11  a3dv        VALUE=   -3.5030      WEIGHT=   0.86332E-01
        12  a4dv        VALUE=    4.6787      WEIGHT=   0.14209    
        13  a5dv        VALUE=    0.0000      WEIGHT=    0.0000    
        14  a0ud        VALUE=   0.14658      WEIGHT=   0.50348E-02
        15  a1ud        VALUE=  -0.20775      WEIGHT=   0.37551E-02
        16  a2ud        VALUE=    8.3286      WEIGHT=   0.19114    
        17  a3ud        VALUE=    0.0000      WEIGHT=    0.0000    
        18  a4ud        VALUE=    14.606      WEIGHT=    1.2151    
        19  a5ud        VALUE=    0.0000      WEIGHT=    0.0000    
        20  a0du        VALUE=    35712.      WEIGHT=    0.0000    
        21  a1du        VALUE=    4.0249      WEIGHT=   0.74070E-01
        22  a2du        VALUE=    20.154      WEIGHT=   0.87862    
        23  a3du        VALUE=    17.000      WEIGHT=    0.0000    
        24  a4du        VALUE=    51.156      WEIGHT=    10.239    
        25  a0g         VALUE=    45.541      WEIGHT=    0.0000    
        26  a1g         VALUE=   0.60307      WEIGHT=   0.31164E-01
        27  a2g         VALUE=    6.4812      WEIGHT=   0.96748    
        28  a3g         VALUE=   -3.3064      WEIGHT=   0.13418    
        29  a4g         VALUE=    3.1721      WEIGHT=   0.31376    
        30  a5g         VALUE=    0.0000      WEIGHT=    0.0000    
        31  kappa       VALUE=   0.40000      WEIGHT=    0.0000    
        32  a6dv        VALUE=  -0.36005E-02  WEIGHT=   0.66324E-03
        33  a7dv        VALUE=    2.0000      WEIGHT=    0.0000    
        34  off1        VALUE=   -3.5009      WEIGHT=    1.4769    
        35  off2        VALUE=   0.56166E-01  WEIGHT=   0.58667E-01
        36  off3        VALUE=   0.35901      WEIGHT=   0.10000    
        37  ht1         VALUE=   -3.2874      WEIGHT=   0.26061    
        38  ht2         VALUE=    1.9274      WEIGHT=   0.10524    
        39  ht3         VALUE=   -2.0701      WEIGHT=   0.19888E-01
        40  ht4         VALUE=    0.0000      WEIGHT=    0.0000    
        41  dummy41     VALUE=    0.0000      WEIGHT=    0.0000    
        42  dummy42     VALUE=    0.0000      WEIGHT=    0.0000    
        43  dummy43     VALUE=    0.0000      WEIGHT=    0.0000    
        44  dummy44     VALUE=    0.0000      WEIGHT=    0.0000    
        45  dummy45     VALUE=    0.0000      WEIGHT=    0.0000    
        46  dummy46     VALUE=    0.0000      WEIGHT=    0.0000    
        47  dummy47     VALUE=    0.0000      WEIGHT=    0.0000    
        48  dummy48     VALUE=    0.0000      WEIGHT=    0.0000    
        49  dummy49     VALUE=    0.0000      WEIGHT=    0.0000    
        50  bcdmsh2     VALUE=   0.97307      WEIGHT=   0.48289E-02
        51  bcdmsd2     VALUE=   0.99317      WEIGHT=   0.58269E-02
        52  ccfr        VALUE=    1.0000      WEIGHT=    0.0000    
        53  nutev       VALUE=    1.0000      WEIGHT=    0.0000    
        54  zeus        VALUE=   0.97998      WEIGHT=    0.0000    
        55  h1          VALUE=    1.0162      WEIGHT=    0.0000    
        56  e605        VALUE=    1.0319      WEIGHT=    0.0000    
        57  NmcH2       VALUE=    1.0095      WEIGHT=   0.71247E-02
        58  ntv_nu      VALUE=    1.0000      WEIGHT=    0.0000    
        59  ntv_nuba    VALUE=    1.0000      WEIGHT=    0.0000    
        60  cdf_jet     VALUE=   0.98910      WEIGHT=    0.0000    
        61  d0_jet      VALUE=   0.83504      WEIGHT=    0.0000    
        62  slac_p      VALUE=    1.0049      WEIGHT=   0.48124E-02
        63  slac_d      VALUE=    1.0042      WEIGHT=   0.52781E-02
        64  e866pp      VALUE=   0.96586      WEIGHT=   0.19263E-01
        65  e866pd      VALUE=   0.96369      WEIGHT=   0.15783E-01
        66  d0_gamje    VALUE=    1.0389      WEIGHT=   0.16474E-01
        67  h1b         VALUE=   0.97608      WEIGHT=    0.0000    
        68  jlab_p      VALUE=   0.99446      WEIGHT=   0.57943E-02
        69  jlab_d      VALUE=   0.97557      WEIGHT=   0.59019E-02
        70  blank       VALUE=    1.0000      WEIGHT=    0.0000    
        71  d0run2      VALUE=   0.94087      WEIGHT=   0.14167E-01
        72  cdfrun2     VALUE=   0.92649      WEIGHT=   0.17233E-01
        73  HERA_el     VALUE=    1.0000      WEIGHT=    0.0000    
        74  HERA_ps     VALUE=    1.0000      WEIGHT=    0.0000    
        75  CDF_Z       VALUE=   0.96581      WEIGHT=   0.64944E-02
        76  NmcRat      VALUE=    1.0000      WEIGHT=    0.0000    
        77  BNS_F2nd    VALUE=   0.98310      WEIGHT=   0.68314E-02
        78  HERMES_F    VALUE=   0.99832      WEIGHT=   0.55693E-02
        79  HERMES_F    VALUE=   0.98039      WEIGHT=   0.58259E-02
0THE TOLERANCE IS    0.5000
 THE MAXIMUM NUMBER OF STEPS IS 100
0THE INITIAL CHI SQUARED IS  4.71662E+03
0  STEP  CHI SQUARED    PARAMETER      VALUE         ERROR
 ------------------------------------------------------------
     1    4.68823E+03
                       1  LAMBDA     2.2680E-01       FIX 
                       2  a0uv       2.4047E+00       FIX 
                       3  a1uv       6.1495E-01           
                       4  a2uv       3.5459E+00           
                       5  a3uv       0.0000E+00       FIX 
                       6  a4uv       3.4639E+00           
                       7  a5uv       0.0000E+00       FIX 
                       8  a0dv       2.5333E+01       FIX 
                       9  a1dv       1.1627E+00           
                      10  a2dv       6.5657E+00           
                      11  a3dv      -3.5108E+00           
                      12  a4dv       4.6504E+00           
                      13  a5dv       0.0000E+00       FIX 
                      14  a0ud       1.4598E-01           
                      15  a1ud      -2.0814E-01           
                      16  a2ud       8.3181E+00           
                      17  a3ud       0.0000E+00       FIX 
                      18  a4ud       1.4326E+01           
                      19  a5ud       0.0000E+00       FIX 
                      20  a0du       3.5712E+04       FIX 
                      21  a1du       4.0560E+00           
                      22  a2du       2.0464E+01           
                      23  a3du       1.7000E+01       FIX 
                      24  a4du       5.6502E+01           
                      25  a0g        4.5317E+01       FIX 
                      26  a1g        6.0200E-01           
                      27  a2g        6.3453E+00           
                      28  a3g       -3.3203E+00           
                      29  a4g        3.1872E+00           
                      30  a5g        0.0000E+00       FIX 
                      31  kappa      4.0000E-01       FIX 
                      32  a6dv      -3.0683E-03           
                      33  a7dv       2.0000E+00       FIX 
                      34  off1      -1.3862E+00           
                      35  off2       1.3942E-01           
                      36  off3       2.6461E-01           
                      37  ht1       -3.3119E+00           
                      38  ht2        1.9190E+00           
                      39  ht3       -2.0948E+00           
                      40  ht4        0.0000E+00       FIX 
                      41  dummy41    0.0000E+00       FIX 
                      42  dummy42    0.0000E+00       FIX 
                      43  dummy43    0.0000E+00       FIX 
                      44  dummy44    0.0000E+00       FIX 
                      45  dummy45    0.0000E+00       FIX 
                      46  dummy46    0.0000E+00       FIX 
                      47  dummy47    0.0000E+00       FIX 
                      48  dummy48    0.0000E+00       FIX 
                      49  dummy49    0.0000E+00       FIX 
                      50  bcdmsh2    9.7162E-01           
                      51  bcdmsd2    9.9324E-01           
                      52  ccfr       1.0000E+00       FIX 
                      53  nutev      1.0000E+00       FIX 
                      54  zeus       9.7998E-01       FIX 
                      55  h1         1.0162E+00       FIX 
                      56  e605       1.0319E+00       FIX 
                      57  NmcH2      1.0086E+00           
                      58  ntv_nu     1.0000E+00       FIX 
                      59  ntv_nuba   1.0000E+00       FIX 
                      60  cdf_jet    9.8910E-01       FIX 
                      61  d0_jet     8.3504E-01       FIX 
                      62  slac_p     1.0036E+00           
                      63  slac_d     1.0040E+00           
                      64  e866pp     9.6451E-01           
                      65  e866pd     9.5320E-01           
                      66  d0_gamje   1.0405E+00           
                      67  h1b        9.7608E-01       FIX 
                      68  jlab_p     9.9551E-01           
                      69  jlab_d     9.7652E-01           
                      70  blank      1.0000E+00       FIX 
                      71  d0run2     9.4167E-01           
                      72  cdfrun2    9.2808E-01           
                      73  HERA_el    1.0000E+00       FIX 
                      74  HERA_ps    1.0000E+00       FIX 
                      75  CDF_Z      9.6195E-01           
                      76  NmcRat     1.0000E+00       FIX 
                      77  BNS_F2nd   9.7455E-01           
                      78  HERMES_F   9.9673E-01           
                      79  HERMES_F   9.8007E-01           
 ------------------------------------------------------------
     2    4.67254E+03
                       1  LAMBDA     2.2680E-01       FIX 
                       2  a0uv       2.4043E+00       FIX 
                       3  a1uv       6.1487E-01           
                       4  a2uv       3.5459E+00           
                       5  a3uv       0.0000E+00       FIX 
                       6  a4uv       3.4633E+00           
                       7  a5uv       0.0000E+00       FIX 
                       8  a0dv       2.5398E+01       FIX 
                       9  a1dv       1.1637E+00           
                      10  a2dv       6.5629E+00           
                      11  a3dv      -3.5114E+00           
                      12  a4dv       4.6500E+00           
                      13  a5dv       0.0000E+00       FIX 
                      14  a0ud       1.4616E-01           
                      15  a1ud      -2.0806E-01           
                      16  a2ud       8.3115E+00           
                      17  a3ud       0.0000E+00       FIX 
                      18  a4ud       1.4349E+01           
                      19  a5ud       0.0000E+00       FIX 
                      20  a0du       3.5712E+04       FIX 
                      21  a1du       4.0432E+00           
                      22  a2du       2.0322E+01           
                      23  a3du       1.7000E+01       FIX 
                      24  a4du       5.2120E+01           
                      25  a0g        4.5551E+01       FIX 
                      26  a1g        6.0340E-01           
                      27  a2g        6.3430E+00           
                      28  a3g       -3.3220E+00           
                      29  a4g        3.1860E+00           
                      30  a5g        0.0000E+00       FIX 
                      31  kappa      4.0000E-01       FIX 
                      32  a6dv      -3.1023E-03           
                      33  a7dv       2.0000E+00       FIX 
                      34  off1      -1.5578E+00           
                      35  off2       2.0022E-01           
                      36  off3       1.9038E-01           
                      37  ht1       -3.3144E+00           
                      38  ht2        1.9242E+00           
                      39  ht3       -2.0976E+00           
                      40  ht4        0.0000E+00       FIX 
                      41  dummy41    0.0000E+00       FIX 
                      42  dummy42    0.0000E+00       FIX 
                      43  dummy43    0.0000E+00       FIX 
                      44  dummy44    0.0000E+00       FIX 
                      45  dummy45    0.0000E+00       FIX 
                      46  dummy46    0.0000E+00       FIX 
                      47  dummy47    0.0000E+00       FIX 
                      48  dummy48    0.0000E+00       FIX 
                      49  dummy49    0.0000E+00       FIX 
                      50  bcdmsh2    9.7171E-01           
                      51  bcdmsd2    9.9185E-01           
                      52  ccfr       1.0000E+00       FIX 
                      53  nutev      1.0000E+00       FIX 
                      54  zeus       9.7998E-01       FIX 
                      55  h1         1.0162E+00       FIX 
                      56  e605       1.0319E+00       FIX 
                      57  NmcH2      1.0083E+00           
                      58  ntv_nu     1.0000E+00       FIX 
                      59  ntv_nuba   1.0000E+00       FIX 
                      60  cdf_jet    9.8910E-01       FIX 
                      61  d0_jet     8.3504E-01       FIX 
                      62  slac_p     1.0039E+00           
                      63  slac_d     1.0028E+00           
                      64  e866pp     9.6294E-01           
                      65  e866pd     9.5500E-01           
                      66  d0_gamje   1.0400E+00           
                      67  h1b        9.7608E-01       FIX 
                      68  jlab_p     9.9584E-01           
                      69  jlab_d     9.7560E-01           
                      70  blank      1.0000E+00       FIX 
                      71  d0run2     9.4287E-01           
                      72  cdfrun2    9.2896E-01           
                      73  HERA_el    1.0000E+00       FIX 
                      74  HERA_ps    1.0000E+00       FIX 
                      75  CDF_Z      9.6253E-01           
                      76  NmcRat     1.0000E+00       FIX 
                      77  BNS_F2nd   9.7724E-01           
                      78  HERMES_F   9.9678E-01           
                      79  HERMES_F   9.7895E-01           
 ------------------------------------------------------------
     3    4.67206E+03
                       1  LAMBDA     2.2680E-01    0.0000E+00
                       2  a0uv       2.4017E+00    0.0000E+00
                       3  a1uv       6.1441E-01    2.5422E-02
                       4  a2uv       3.5454E+00    1.6431E-02
                       5  a3uv       0.0000E+00    0.0000E+00
                       6  a4uv       3.4609E+00    5.6911E-01
                       7  a5uv       0.0000E+00    0.0000E+00
                       8  a0dv       2.5744E+01    0.0000E+00
                       9  a1dv       1.1665E+00    4.0442E-02
                      10  a2dv       6.5663E+00    2.1848E-01
                      11  a3dv      -3.5161E+00    9.7152E-02
                      12  a4dv       4.6432E+00    1.6622E-01
                      13  a5dv       0.0000E+00    0.0000E+00
                      14  a0ud       1.4635E-01    5.3456E-03
                      15  a1ud      -2.0790E-01    3.9406E-03
                      16  a2ud       8.3018E+00    2.1785E-01
                      17  a3ud       0.0000E+00    0.0000E+00
                      18  a4ud       1.4287E+01    1.4308E+00
                      19  a5ud       0.0000E+00    0.0000E+00
                      20  a0du       3.5712E+04    0.0000E+00
                      21  a1du       4.0467E+00    8.8190E-02
                      22  a2du       2.0212E+01    9.9360E-01
                      23  a3du       1.7000E+01    0.0000E+00
                      24  a4du       5.1183E+01    1.2399E+01
                      25  a0g        4.5882E+01    0.0000E+00
                      26  a1g        6.0493E-01    3.1117E-02
                      27  a2g        6.2738E+00    9.5820E-01
                      28  a3g       -3.3334E+00    1.3181E-01
                      29  a4g        3.1920E+00    2.9898E-01
                      30  a5g        0.0000E+00    0.0000E+00
                      31  kappa      4.0000E-01    0.0000E+00
                      32  a6dv      -2.9241E-03    1.9620E-03
                      33  a7dv       2.0000E+00    0.0000E+00
                      34  off1      -1.6051E+00    1.5811E+00
                      35  off2       1.5417E-01    9.5180E-01
                      36  off3       2.1502E-01    9.7898E-01
                      37  ht1       -3.3252E+00    2.8104E-01
                      38  ht2        1.9266E+00    1.1638E-01
                      39  ht3       -2.0979E+00    2.9066E-02
                      40  ht4        0.0000E+00    0.0000E+00
                      41  dummy41    0.0000E+00    0.0000E+00
                      42  dummy42    0.0000E+00    0.0000E+00
                      43  dummy43    0.0000E+00    0.0000E+00
                      44  dummy44    0.0000E+00    0.0000E+00
                      45  dummy45    0.0000E+00    0.0000E+00
                      46  dummy46    0.0000E+00    0.0000E+00
                      47  dummy47    0.0000E+00    0.0000E+00
                      48  dummy48    0.0000E+00    0.0000E+00
                      49  dummy49    0.0000E+00    0.0000E+00
                      50  bcdmsh2    9.7116E-01    4.8767E-03
                      51  bcdmsd2    9.9119E-01    5.8508E-03
                      52  ccfr       1.0000E+00    0.0000E+00
                      53  nutev      1.0000E+00    0.0000E+00
                      54  zeus       9.7998E-01    0.0000E+00
                      55  h1         1.0162E+00    0.0000E+00
                      56  e605       1.0319E+00    0.0000E+00
                      57  NmcH2      1.0076E+00    7.1292E-03
                      58  ntv_nu     1.0000E+00    0.0000E+00
                      59  ntv_nuba   1.0000E+00    0.0000E+00
                      60  cdf_jet    9.8910E-01    0.0000E+00
                      61  d0_jet     8.3504E-01    0.0000E+00
                      62  slac_p     1.0032E+00    4.8935E-03
                      63  slac_d     1.0021E+00    5.3243E-03
                      64  e866pp     9.6053E-01    2.1941E-02
                      65  e866pd     9.5430E-01    1.8938E-02
                      66  d0_gamje   1.0396E+00    1.6569E-02
                      67  h1b        9.7608E-01    0.0000E+00
                      68  jlab_p     9.9516E-01    5.8960E-03
                      69  jlab_d     9.7498E-01    6.0056E-03
                      70  blank      1.0000E+00    0.0000E+00
                      71  d0run2     9.4374E-01    1.4858E-02
                      72  cdfrun2    9.2973E-01    1.7533E-02
                      73  HERA_el    1.0000E+00    0.0000E+00
                      74  HERA_ps    1.0000E+00    0.0000E+00
                      75  CDF_Z      9.6240E-01    6.8807E-03
                      76  NmcRat     1.0000E+00    0.0000E+00
                      77  BNS_F2nd   9.7761E-01    8.9599E-03
                      78  HERMES_F   9.9613E-01    5.6193E-03
                      79  HERMES_F   9.7832E-01    5.8491E-03
0 MINIMIZATION TERMINATED WITH STEP  3
  TOLERANCE CRITERION      SATISFIED
0 CHI SQUARED PER DEGREE OF FREEDOM IS  1.044E+00
   1.000 -0.461 -0.982  0.374  0.039  0.031 -0.401  0.532  0.474 -0.472 -0.618 -0.193 -0.412 -0.085  0.206  0.029 -0.019 -0.036  0.065  0.002 -0.019  0.046  0.099 -0.239  0.015  0.223  0.185  0.089  0.184  0.182 -0.561 -0.312  0.087  0.083  0.156 -0.081 -0.084  0.400  0.071  0.173  0.160
  -0.461  1.000  0.592  0.293  0.513 -0.237  0.217 -0.168 -0.162  0.334  0.215  0.387  0.137  0.283  0.029  0.158  0.031  0.088 -0.537  0.370  0.316 -0.314 -0.329  0.224  0.144  0.102  0.062  0.026  0.031  0.013  0.308 -0.039  0.020  0.125  0.055 -0.009  0.001 -0.187 -0.267  0.046  0.031
  -0.982  0.592  1.000 -0.281  0.047 -0.057  0.394 -0.503 -0.454  0.511  0.617  0.247  0.416  0.141 -0.170  0.025  0.038  0.044 -0.115  0.031  0.066 -0.089 -0.155  0.262  0.043 -0.119 -0.109 -0.038 -0.080 -0.095  0.610  0.320 -0.068  0.012 -0.081  0.041  0.053 -0.348 -0.112 -0.083 -0.079
   0.374  0.293 -0.281  1.000  0.829 -0.624 -0.028  0.251  0.198 -0.239 -0.371  0.340 -0.293  0.228  0.383  0.240 -0.221  0.249 -0.364  0.358  0.281 -0.253 -0.138  0.017  0.118  0.245  0.196  0.082  0.213  0.158 -0.108 -0.285  0.079  0.167  0.082 -0.003 -0.026  0.135 -0.167  0.206  0.165
   0.039  0.513  0.047  0.829  1.000 -0.810  0.430 -0.000 -0.023  0.069 -0.037  0.258 -0.046  0.225  0.257  0.180 -0.227  0.247 -0.649  0.516  0.295 -0.290  0.012 -0.130 -0.015  0.119  0.105  0.071  0.056  0.006  0.043 -0.162  0.038  0.075 -0.086  0.061  0.019  0.006 -0.170  0.073  0.047
   0.031 -0.237 -0.057 -0.624 -0.810  1.000 -0.715  0.202  0.203 -0.098 -0.186 -0.001  0.057 -0.139 -0.204 -0.198  0.235 -0.272  0.369 -0.186  0.008 -0.035  0.080  0.018 -0.054 -0.049 -0.051 -0.117 -0.014  0.006 -0.061 -0.077  0.019 -0.019  0.093 -0.039 -0.010 -0.074 -0.152 -0.063 -0.049
  -0.401  0.217  0.394 -0.028  0.430 -0.715  1.000 -0.453 -0.414  0.515  0.632 -0.269  0.304 -0.044 -0.070  0.051 -0.073  0.099 -0.252  0.006 -0.209  0.202  0.053 -0.115 -0.025 -0.051 -0.033  0.114 -0.077 -0.079  0.243  0.361 -0.077 -0.024 -0.152  0.011  0.001  0.029  0.271 -0.031 -0.022
   0.532 -0.168 -0.503  0.251 -0.000  0.202 -0.453  1.000  0.970 -0.495 -0.800  0.064 -0.264 -0.098 -0.022 -0.035  0.155 -0.138 -0.009  0.106  0.053 -0.056 -0.021 -0.042  0.045  0.215  0.175  0.123  0.195  0.179 -0.216 -0.173  0.098  0.120  0.163  0.020  0.010  0.311 -0.053  0.182  0.158
   0.474 -0.162 -0.454  0.198 -0.023  0.203 -0.414  0.970  1.000 -0.446 -0.750  0.046 -0.232 -0.098 -0.130 -0.098  0.188 -0.185 -0.005  0.095  0.046 -0.050 -0.014 -0.040  0.025  0.167  0.137  0.104  0.143  0.132 -0.214 -0.171  0.085  0.083  0.125  0.036  0.022  0.254 -0.050  0.135  0.116
  -0.472  0.334  0.511 -0.239  0.069 -0.098  0.515 -0.495 -0.446  1.000  0.802 -0.239  0.549 -0.107 -0.126 -0.140 -0.169  0.062  0.006  0.017 -0.071 -0.006  0.103 -0.038 -0.144 -0.046 -0.029  0.050 -0.025 -0.009  0.204  0.193 -0.037  0.047 -0.025  0.083  0.049 -0.097 -0.078 -0.002  0.025
  -0.618  0.215  0.617 -0.371 -0.037 -0.186  0.632 -0.800 -0.750  0.802  1.000 -0.278  0.457 -0.153 -0.124 -0.079 -0.058 -0.012  0.044 -0.119 -0.276  0.221  0.100 -0.069 -0.060 -0.015 -0.012  0.090  0.039  0.050  0.424  0.538 -0.109  0.081  0.023 -0.066 -0.065  0.015  0.173  0.048  0.077
  -0.193  0.387  0.247  0.340  0.258 -0.001 -0.269  0.064  0.046 -0.239 -0.278  1.000 -0.425  0.470  0.139  0.081 -0.118  0.141 -0.169  0.106  0.516 -0.435 -0.143  0.183  0.029  0.029  0.061 -0.014  0.046  0.028  0.297 -0.278  0.064  0.073  0.021  0.087  0.067 -0.310 -0.322  0.058  0.003
  -0.412  0.137  0.416 -0.293 -0.046  0.057  0.304 -0.264 -0.232  0.549  0.457 -0.425  1.000  0.099 -0.238 -0.126  0.114 -0.131  0.009  0.067  0.117 -0.165  0.133 -0.117 -0.073  0.031  0.014  0.050  0.022  0.009  0.312  0.184 -0.010  0.048 -0.005 -0.027 -0.018 -0.110 -0.218 -0.002  0.007
  -0.085  0.283  0.141  0.228  0.225 -0.139 -0.044 -0.098 -0.098 -0.107 -0.153  0.470  0.099  1.000  0.075  0.197 -0.143  0.254 -0.082 -0.060  0.642 -0.500 -0.136  0.177  0.043  0.111  0.103  0.125  0.108  0.064  0.236 -0.302  0.098  0.109  0.044  0.070  0.067 -0.360 -0.392  0.101  0.063
   0.206  0.029 -0.170  0.383  0.257 -0.204 -0.070 -0.022 -0.130 -0.126 -0.124  0.139 -0.238  0.075  1.000  0.682 -0.636  0.786 -0.071  0.079  0.057 -0.042 -0.048  0.091  0.071  0.117  0.095 -0.049  0.151  0.132 -0.112 -0.129  0.045  0.096  0.091 -0.009  0.013  0.086 -0.019  0.139  0.126
   0.029  0.158  0.025  0.240  0.180 -0.198  0.051 -0.035 -0.098 -0.140 -0.079  0.081 -0.126  0.197  0.682  1.000 -0.138  0.678 -0.069 -0.005  0.029  0.013 -0.323  0.393  0.376  0.146  0.101  0.030  0.239  0.204  0.031  0.008  0.038  0.156  0.148 -0.262 -0.118  0.068  0.062  0.205  0.188
  -0.019  0.031  0.038 -0.221 -0.227  0.235 -0.073  0.155  0.188 -0.169 -0.058 -0.118  0.114 -0.143 -0.636 -0.138  1.000 -0.802  0.041 -0.088 -0.143  0.150 -0.236  0.097  0.368  0.147  0.082  0.143  0.179  0.148  0.190  0.276 -0.024  0.138  0.145 -0.435 -0.300  0.257  0.158  0.114  0.095
  -0.036  0.088  0.044  0.249  0.247 -0.272  0.099 -0.138 -0.185  0.062 -0.012  0.141 -0.131  0.254  0.786  0.678 -0.802  1.000 -0.069  0.065  0.154 -0.135 -0.037  0.217 -0.068 -0.105 -0.065 -0.128 -0.079 -0.068 -0.149 -0.257  0.041 -0.078 -0.084  0.217  0.200 -0.258 -0.115 -0.040 -0.030
   0.065 -0.537 -0.115 -0.364 -0.649  0.369 -0.252 -0.009 -0.005  0.006  0.044 -0.169  0.009 -0.082 -0.071 -0.069  0.041 -0.069  1.000 -0.770 -0.297  0.294 -0.236  0.244  0.185  0.050  0.007  0.021  0.084  0.107 -0.032  0.110  0.001  0.064  0.133 -0.116 -0.052  0.082  0.109  0.075  0.075
   0.002  0.370  0.031  0.358  0.516 -0.186  0.006  0.106  0.095  0.017 -0.119  0.106  0.067 -0.060  0.079 -0.005 -0.088  0.065 -0.770  1.000  0.431 -0.553  0.174 -0.178 -0.172 -0.106  0.077 -0.082 -0.131 -0.016 -0.075 -0.202  0.015 -0.084 -0.043  0.143  0.078 -0.102 -0.370 -0.113 -0.020
  -0.019  0.316  0.066  0.281  0.295  0.008 -0.209  0.053  0.046 -0.071 -0.276  0.516  0.117  0.642  0.057  0.029 -0.143  0.154 -0.297  0.431  1.000 -0.966  0.010  0.020 -0.091 -0.042  0.212 -0.036 -0.085  0.134  0.065 -0.492  0.099 -0.037  0.100  0.152  0.116 -0.418 -0.696 -0.064  0.095
   0.046 -0.314 -0.089 -0.253 -0.290 -0.035  0.202 -0.056 -0.050 -0.006  0.221 -0.435 -0.165 -0.500 -0.042  0.013  0.150 -0.135  0.294 -0.553 -0.966  1.000 -0.036  0.008  0.111  0.072 -0.225  0.056  0.124 -0.156 -0.041  0.456 -0.088  0.069 -0.120 -0.159 -0.120  0.389  0.747  0.090 -0.103
   0.099 -0.329 -0.155 -0.138  0.012  0.080  0.053 -0.021 -0.014  0.103  0.100 -0.143  0.133 -0.136 -0.048 -0.323 -0.236 -0.037 -0.236  0.174  0.010 -0.036  1.000 -0.834 -0.597 -0.074 -0.040  0.015 -0.089 -0.088 -0.002  0.064 -0.017 -0.169 -0.195  0.195  0.086  0.047 -0.034 -0.090 -0.081
  -0.239  0.224  0.262  0.017 -0.130  0.018 -0.115 -0.042 -0.040 -0.038 -0.069  0.183 -0.117  0.177  0.091  0.393  0.097  0.217  0.244 -0.178  0.020  0.008 -0.834  1.000  0.352 -0.079 -0.079 -0.104  0.079  0.081 -0.019 -0.133  0.015  0.080  0.140 -0.056  0.028 -0.249 -0.011  0.049  0.040
   0.015  0.144  0.043  0.118 -0.015 -0.054 -0.025  0.045  0.025 -0.144 -0.060  0.029 -0.073  0.043  0.071  0.376  0.368 -0.068  0.185 -0.172 -0.091  0.111 -0.597  0.352  1.000  0.238  0.176  0.089  0.092  0.093  0.117  0.147  0.012 -0.000  0.038 -0.344 -0.212  0.196  0.127  0.140  0.134
   0.223  0.102 -0.119  0.245  0.119 -0.049 -0.051  0.215  0.167 -0.046 -0.015  0.029  0.031  0.111  0.117  0.146  0.147 -0.105  0.050 -0.106 -0.042  0.072 -0.074 -0.079  0.238  1.000  0.485  0.383  0.695  0.605  0.362  0.380  0.062  0.559  0.499 -0.258 -0.220  0.541  0.075  0.602  0.549
   0.185  0.062 -0.109  0.196  0.105 -0.051 -0.033  0.175  0.137 -0.029 -0.012  0.061  0.014  0.103  0.095  0.101  0.082 -0.065  0.007  0.077  0.212 -0.225 -0.040 -0.079  0.176  0.485  1.000  0.321  0.526  0.664  0.300  0.290  0.050  0.416  0.546 -0.180 -0.161  0.420 -0.076  0.480  0.579
   0.089  0.026 -0.038  0.082  0.071 -0.117  0.114  0.123  0.104  0.050  0.090 -0.014  0.050  0.125 -0.049  0.030  0.143 -0.128  0.021 -0.082 -0.036  0.056  0.015 -0.104  0.089  0.383  0.321  1.000  0.435  0.409  0.327  0.358  0.027  0.348  0.330 -0.163 -0.144  0.393  0.089  0.418  0.398
   0.184  0.031 -0.080  0.213  0.056 -0.014 -0.077  0.195  0.143 -0.025  0.039  0.046  0.022  0.108  0.151  0.239  0.179 -0.079  0.084 -0.131 -0.085  0.124 -0.089  0.079  0.092  0.695  0.526  0.435  1.000  0.797  0.458  0.489  0.058  0.759  0.671 -0.306 -0.255  0.597  0.130  0.755  0.687
   0.182  0.013 -0.095  0.158  0.006  0.006 -0.079  0.179  0.132 -0.009  0.050  0.028  0.009  0.064  0.132  0.204  0.148 -0.068  0.107 -0.016  0.134 -0.156 -0.088  0.081  0.093  0.605  0.664  0.409  0.797  1.000  0.404  0.451  0.047  0.625  0.825 -0.281 -0.232  0.560 -0.015  0.687  0.796
  -0.561  0.308  0.610 -0.108  0.043 -0.061  0.243 -0.216 -0.214  0.204  0.424  0.297  0.312  0.236 -0.112  0.031  0.190 -0.149 -0.032 -0.075  0.065 -0.041 -0.002 -0.019  0.117  0.362  0.300  0.327  0.458  0.404  1.000  0.613 -0.019  0.402  0.315 -0.182 -0.153  0.178  0.003  0.412  0.373
  -0.312 -0.039  0.320 -0.285 -0.162 -0.077  0.361 -0.173 -0.171  0.193  0.538 -0.278  0.184 -0.302 -0.129  0.008  0.276 -0.257  0.110 -0.202 -0.492  0.456  0.064 -0.133  0.147  0.380  0.290  0.358  0.489  0.451  0.613  1.000 -0.085  0.388  0.359 -0.285 -0.238  0.569  0.425  0.437  0.435
   0.087  0.020 -0.068  0.079  0.038  0.019 -0.077  0.098  0.085 -0.037 -0.109  0.064 -0.010  0.098  0.045  0.038 -0.024  0.041  0.001  0.015  0.099 -0.088 -0.017  0.015  0.012  0.062  0.050  0.027  0.058  0.047 -0.019 -0.085  1.000  0.046  0.038  0.018  0.016 -0.005 -0.084  0.050  0.040
   0.083  0.125  0.012  0.167  0.075 -0.019 -0.024  0.120  0.083  0.047  0.081  0.073  0.048  0.109  0.096  0.156  0.138 -0.078  0.064 -0.084 -0.037  0.069 -0.169  0.080 -0.000  0.559  0.416  0.348  0.759  0.625  0.402  0.388  0.046  1.000  0.592 -0.239 -0.200  0.449  0.071  0.593  0.536
   0.156  0.055 -0.081  0.082 -0.086  0.093 -0.152  0.163  0.125 -0.025  0.023  0.021 -0.005  0.044  0.091  0.148  0.145 -0.084  0.133 -0.043  0.100 -0.120 -0.195  0.140  0.038  0.499  0.546  0.330  0.671  0.825  0.315  0.359  0.038  0.592  1.000 -0.241 -0.196  0.462 -0.017  0.569  0.662
  -0.081 -0.009  0.041 -0.003  0.061 -0.039  0.011  0.020  0.036  0.083 -0.066  0.087 -0.027  0.070 -0.009 -0.262 -0.435  0.217 -0.116  0.143  0.152 -0.159  0.195 -0.056 -0.344 -0.258 -0.180 -0.163 -0.306 -0.281 -0.182 -0.285  0.018 -0.239 -0.241  1.000  0.314 -0.352 -0.155 -0.257 -0.240
  -0.084  0.001  0.053 -0.026  0.019 -0.010  0.001  0.010  0.022  0.049 -0.065  0.067 -0.018  0.067  0.013 -0.118 -0.300  0.200 -0.052  0.078  0.116 -0.120  0.086  0.028 -0.212 -0.220 -0.161 -0.144 -0.255 -0.232 -0.153 -0.238  0.016 -0.200 -0.196  0.314  1.000 -0.300 -0.123 -0.216 -0.203
   0.400 -0.187 -0.348  0.135  0.006 -0.074  0.029  0.311  0.254 -0.097  0.015 -0.310 -0.110 -0.360  0.086  0.068  0.257 -0.258  0.082 -0.102 -0.418  0.389  0.047 -0.249  0.196  0.541  0.420  0.393  0.597  0.560  0.178  0.569 -0.005  0.449  0.462 -0.352 -0.300  1.000  0.374  0.546  0.530
   0.071 -0.267 -0.112 -0.167 -0.170 -0.152  0.271 -0.053 -0.050 -0.078  0.173 -0.322 -0.218 -0.392 -0.019  0.062  0.158 -0.115  0.109 -0.370 -0.696  0.747 -0.034 -0.011  0.127  0.075 -0.076  0.089  0.130 -0.015  0.003  0.425 -0.084  0.071 -0.017 -0.155 -0.123  0.374  1.000  0.109  0.015
   0.173  0.046 -0.083  0.206  0.073 -0.063 -0.031  0.182  0.135 -0.002  0.048  0.058 -0.002  0.101  0.139  0.205  0.114 -0.040  0.075 -0.113 -0.064  0.090 -0.090  0.049  0.140  0.602  0.480  0.418  0.755  0.687  0.412  0.437  0.050  0.593  0.569 -0.257 -0.216  0.546  0.109  1.000  0.619
   0.160  0.031 -0.079  0.165  0.047 -0.049 -0.022  0.158  0.116  0.025  0.077  0.003  0.007  0.063  0.126  0.188  0.095 -0.030  0.075 -0.020  0.095 -0.103 -0.081  0.040  0.134  0.549  0.579  0.398  0.687  0.796  0.373  0.435  0.040  0.536  0.662 -0.240 -0.203  0.530  0.015  0.619  1.000

0                ***   ***   ***  ***   ***   ***



     X        Q2         W2       THEORY        error         DATA           ERROR        chi^2     _w    ITYPE
.4831E+00     3.585  0.472E+01   0.17915E+00   0.67135E-03   0.18590E+00    0.56080E-02   -1.45         jl00106F2p
.4904E+00     3.624  0.465E+01   0.17426E+00   0.64644E-03   0.18170E+00    0.55227E-02   -1.81         jl00106F2p
.4978E+00     3.663  0.458E+01   0.16935E+00   0.62167E-03   0.17590E+00    0.53000E-02   -1.53         jl00106F2p
.5052E+00     3.702  0.451E+01   0.16449E+00   0.59740E-03   0.16780E+00    0.50774E-02   -0.43         jl00106F2p
.5127E+00     3.740  0.444E+01   0.15961E+00   0.57334E-03   0.16030E+00    0.48549E-02   -0.02         jl00106F2p
.5202E+00     3.779  0.437E+01   0.15479E+00   0.54981E-03   0.15490E+00    0.47707E-02   -0.00         jl00106F2p
.5278E+00     3.818  0.430E+01   0.14997E+00   0.52654E-03   0.15390E+00    0.46872E-02   -0.70         jl00106F2p
.5355E+00     3.857  0.423E+01   0.14514E+00   0.50358E-03   0.14960E+00    0.45486E-02   -0.96         jl00106F2p
.5433E+00     3.895  0.416E+01   0.14033E+00   0.48099E-03   0.13750E+00    0.42438E-02    0.45         jl00106F2p
.5511E+00     3.934  0.409E+01   0.13558E+00   0.45909E-03   0.13020E+00    0.40224E-02    1.79         jl00106F2p
.5590E+00     3.973  0.402E+01   0.13085E+00   0.43769E-03   0.12690E+00    0.40224E-02    0.97         jl00106F2p
