# fitpack15: fit parameters                                                                         
# CJ15 AV18 final data choices                                                                      
# Created on 03/16/2019 at 10:16:21                                                                 

 # QCD setup
  INS                           0
  NVL                          11
  IORD                          1
  Q02                   1.6899999999999999     
  IPARAMC                       7
  FLAVOR                4.0000000000000000     
  xmc                   1.3000000000000000     
  xmb                   4.5000000000000000     
  ncb                          12
  ihq                           1
  ias                           0

 # Theory corrections
  inuke                     10814
  itmc                          1
  iht                           1

 # fit parameters
 LAMBDA       0.22680        0.0000    
 a0uv          1.0183        0.0000    
 a1uv         0.41488       0.26676E-01
 a2uv          3.5017       0.96778E-02
 a3uv          0.0000        0.0000    
 a4uv          7.9373        1.2458    
 a5uv          0.0000        0.0000    
 a0dv          12.496        0.0000    
 a1dv         0.96792       0.32337E-01
 a2dv          6.0262       0.16427    
 a3dv         -3.4242       0.10142    
 a4dv          4.8082       0.15643    
 a5dv          0.0000        0.0000    
 a0ud         0.11763       0.40499E-02
 a1ud        -0.22580       0.37994E-02
 a2ud          8.6805       0.22455    
 a3ud          0.0000        0.0000    
 a4ud          14.930        1.2825    
 a5ud          0.0000        0.0000    
 a0du          35712.        0.0000    
 a1du          4.1324       0.11051    
 a2du          18.745       0.96359    
 a3du          17.000        0.0000    
 a4du          56.057        16.042    
 a0g           36.571        0.0000    
 a1g          0.56241       0.31140E-01
 a2g           5.8713       0.44228    
 a3g          -3.7229       0.16033    
 a4g           4.3539       0.36490    
 a5g           0.0000        0.0000    
 kappa        0.40000        0.0000    
 a6dv        -0.56241E-02   0.14192E-02
 a7dv          2.0000        0.0000    
 off1         -4.6175        1.5355    
 off2         0.71850E-01   0.14216E-01
 ht1          -2.6419       0.29974    
 ht2           2.7828       0.22034    
 ht3          -1.9827       0.38354E-01
 ht4           0.0000        0.0000    
 dummy40       0.0000        0.0000    
 dummy41       0.0000        0.0000    
 dummy42       0.0000        0.0000    
 dummy43       0.0000        0.0000    
 dummy44       0.0000        0.0000    
 dummy45       0.0000        0.0000    
 dummy46       0.0000        0.0000    
 dummy47       0.0000        0.0000    
 dummy48       0.0000        0.0000    
 dummy49       0.0000        0.0000    
 bcdmsh2      0.88967       0.44230E-02
 bcdmsd2      0.90757       0.53779E-02
 ccfr          1.0000        0.0000    
 nutev         1.0000        0.0000    
 zeus         0.97998        0.0000    
 h1            1.0162        0.0000    
 e605          1.0319        0.0000    
 NmcH2        0.92745       0.67132E-02
 ntv_nu        1.0000        0.0000    
 ntv_nubar     1.0000        0.0000    
 cdf_jet      0.98910        0.0000    
 d0_jet       0.83504        0.0000    
 slac_p       0.90147       0.43451E-02
 slac_d       0.89805       0.48192E-02
 e866pp       0.79259       0.18437E-01
 e866pd       0.77904       0.13547E-01
 d0_gamjet     1.0136       0.16249E-01
 h1b          0.97608        0.0000    
 jlab_p       0.87028       0.49781E-02
 jlab_d       0.85717       0.52733E-02
 blank         1.0000        0.0000    
 d0run2        1.0517       0.15477E-01
 cdfrun2       1.0418       0.18794E-01
 HERA_el       1.0000        0.0000    
 HERA_ps       1.0000        0.0000    
 CDF_Z        0.85284       0.58037E-02
 NmcRat        1.0000        0.0000    
 BNS_F2nd     0.97344       0.77046E-02
 HERMES_F2p   0.90075       0.51165E-02
 HERMES_F2d   0.88123       0.53408E-02
 e03103_p     0.88712       0.46829E-02
 e03103_d      2.2451       0.11251E-01
 END 0. 0.

 # Hessian matrix (Bevington alpha)
   0.10030513813919E+08 -0.21763187349636E+07  0.20635284077404E+06  0.90009716609990E+06 -0.21341971006079E+06  0.10025601341563E+05  0.99192668821111E+05  0.15528260604339E+07 -0.25516539634475E+06 -0.61261005555309E+05  0.95698062608249E+04  0.19590629864290E+05  0.23338506296980E+04 -0.10070730355625E+03  0.18198506542391E+04 -0.54025126277480E+03  0.19438358602848E+04  0.15284437962129E+04 -0.53178981013803E+07  0.52942366051142E+03  0.21130453899150E+07  0.12793935314015E+06  0.35899353628537E+06  0.15107280418031E+07 -0.17752579140200E+06 -0.74994175308210E+05 -0.10688581495138E+05 -0.11891942029680E+07 -0.15564120755522E+07 -0.30430439566767E+05 -0.69365986546642E+05 -0.36892014435079E+04 -0.27438280589744E+06 -0.30898195417754E+06 -0.70105517580164E+04 -0.23388149464079E+04 -0.45263408716260E+05  0.22968091139453E+05 -0.11182389388912E+06 -0.88001366176763E+05 -0.43175918161224E+06 -0.35352030817803E+06
  -0.21763187349636E+07  0.56249938270183E+06 -0.44844343933007E+05 -0.19705306311711E+06  0.49172291568740E+05  0.24391494634849E+04 -0.18586624272585E+05 -0.17248071331096E+06  0.32719380927510E+05  0.78540376011438E+04 -0.10019392038340E+04 -0.13644357322152E+04 -0.17741547455667E+03  0.11497027209235E+02  0.55952753896278E+04 -0.11706561985593E+04  0.11642309903431E+04  0.12944281445126E+04  0.14770924809604E+07  0.59896449715112E+02 -0.50677206765705E+06 -0.26976722127178E+05 -0.79566903114008E+05 -0.34504993002023E+06  0.19326107786055E+05  0.94046857672694E+04 -0.11631404380074E+03  0.24124782197545E+06  0.30574129465715E+06  0.73034370602189E+04  0.16863919493923E+05  0.38554917624164E+03  0.73775677620212E+05  0.81464746652536E+05  0.16824755386442E+04  0.50769986180669E+03 -0.10401618421120E+04 -0.25709766923834E+04  0.10706742843980E+05  0.89054608172444E+04  0.92457616867104E+05  0.76486510227057E+05
   0.20635284077404E+06 -0.44844343933007E+05  0.42612223432609E+04  0.17552105965998E+05 -0.43218236538754E+04 -0.57781958472558E+02  0.19153252834531E+04  0.26545983015168E+05 -0.43976330618313E+04 -0.11724793175315E+04  0.16569529051595E+03  0.35218289358730E+03  0.45595140377805E+02 -0.24319643305401E+01 -0.45730981668666E+03  0.49491551468287E+02 -0.21764563848381E+03 -0.11461471534000E+03 -0.10834650488408E+06  0.10485786310622E+02  0.43004505598714E+05  0.26007235184855E+04  0.72958794282669E+04  0.30695505680750E+05 -0.35867690840843E+04 -0.15013491667342E+04 -0.50963201655221E+02 -0.23962500863033E+05 -0.31415607170754E+05 -0.62904762417266E+03 -0.14368195073952E+04 -0.67008176742501E+02 -0.56354728469073E+04 -0.63248531591174E+04 -0.14573806201739E+03 -0.48983548135843E+02 -0.43973859616981E+03  0.47138089176429E+03 -0.19779924292098E+04 -0.15759835492622E+04 -0.88998682278816E+04 -0.72984784404984E+04
   0.90009716609990E+06 -0.19705306311711E+06  0.17552105965998E+05  0.53255708065488E+06 -0.80323078256307E+05  0.86266672464996E+05  0.72787515091594E+05  0.42983922889248E+06 -0.29097448110044E+05 -0.17580745893188E+05  0.32310312254734E+04 -0.19961370656506E+04 -0.18636475438521E+03  0.53400313049311E+02  0.39387136384906E+05 -0.59396713033243E+04  0.19124087977767E+05  0.11998600617778E+05 -0.13509651231535E+07  0.34230600486530E+03  0.55661460176562E+06  0.38385601878229E+05  0.99857384930253E+05  0.43683160034453E+06 -0.15079312463001E+05 -0.26034171279617E+05 -0.21902736069766E+03 -0.85993204927580E+05 -0.44975667244493E+06 -0.16431292419084E+04 -0.30680860879733E+04 -0.57803419144421E+01 -0.15537582115894E+05 -0.69761403024623E+05 -0.17343160419442E+04 -0.63693307027209E+03 -0.17578161961802E+05 -0.18989176814007E+05 -0.96697298236713E+04 -0.29636422851827E+05 -0.30539665912419E+05 -0.24913334512788E+05
  -0.21341971006079E+06  0.49172291568740E+05 -0.43218236538754E+04 -0.80323078256307E+05  0.14526845095252E+05 -0.89413006899826E+04 -0.10271534307158E+05 -0.36909705474860E+05  0.71553162685625E+03  0.21335813490521E+04 -0.30120143782066E+03  0.36550239908030E+02  0.78322376172354E+01 -0.46390621057631E+01 -0.27948207628487E+04  0.42653698829485E+03 -0.13138292432910E+04 -0.82491690654011E+03  0.29139662517413E+06 -0.36883265395959E+02 -0.11230561076331E+06 -0.72807265112419E+04 -0.19137102345645E+05 -0.84617852489141E+05  0.21818993063800E+04  0.38252638351814E+04 -0.81803688861992E+02  0.14859151230390E+05  0.78300881319673E+05  0.41117895319931E+03  0.74050780532204E+03 -0.97269692155260E+00  0.38426103405024E+04  0.16788477645487E+05  0.34405804034408E+03  0.11946845906723E+03  0.81885152707156E+03  0.28102900377939E+04  0.99379960059325E+03  0.31752058740824E+04  0.62777756059057E+04  0.53101703575051E+04
   0.10025601341563E+05  0.24391494634849E+04 -0.57781958472558E+02  0.86266672464996E+05 -0.89413006899826E+04  0.21295574105956E+05  0.13287393765248E+05  0.10574613509129E+06 -0.78402763225953E+04 -0.36679714584882E+04  0.79034043365055E+03 -0.72432782734955E+03 -0.64310003517611E+02  0.14875909469928E+02  0.10678824572180E+05 -0.16645985031393E+04  0.50469533871686E+04  0.32801109287078E+04 -0.64335913194753E+05  0.85232342105840E+02  0.40539109750698E+05  0.35538011227154E+04  0.89070544544331E+04  0.37396338116054E+05 -0.27268454882789E+04 -0.44338126624469E+04  0.98998116049434E+02 -0.10531874305769E+05 -0.53511838258218E+05  0.76717936077049E+01 -0.25130920342884E+02 -0.56033053505610E+01 -0.18319456474317E+02 -0.71019885925716E+03 -0.14410785314622E+03 -0.69055487003866E+02 -0.41785455169924E+04 -0.33471762793966E+04 -0.20902120920526E+04 -0.62372238801597E+04 -0.19812965580422E+04 -0.12889783005091E+04
   0.99192668821111E+05 -0.18586624272585E+05  0.19153252834531E+04  0.72787515091594E+05 -0.10271534307158E+05  0.13287393765248E+05  0.10551643520271E+05  0.58143193675867E+05 -0.26640200108357E+04 -0.25881287663314E+04  0.45629752353232E+03 -0.27191342078620E+03 -0.27132659061072E+02  0.79056719759702E+01  0.52395115609268E+04 -0.83847186360699E+03  0.23346754795426E+04  0.15501858028815E+04 -0.14236639230798E+06  0.61930953299564E+02  0.65661013503993E+05  0.47668002076204E+04  0.12232516100187E+05  0.52861696408577E+05 -0.23968933565479E+04 -0.39144901415488E+04  0.13236326848722E+03 -0.11265534027176E+05 -0.59221380780003E+05 -0.17433541615682E+03 -0.31701023475911E+03 -0.22103333413528E+01 -0.14016720850585E+04 -0.64783239774202E+04 -0.22005670001209E+03 -0.86954319576794E+02 -0.18863695059763E+04 -0.30954296042034E+04 -0.12602306361669E+04 -0.38916484183116E+04 -0.36594979106153E+04 -0.28688324857593E+04
   0.15528260604339E+07 -0.17248071331096E+06  0.26545983015168E+05  0.42983922889248E+06 -0.36909705474860E+05  0.10574613509129E+06  0.58143193675867E+05  0.62256733941896E+07 -0.24863991593186E+07 -0.78264598143865E+05  0.24187052014779E+05  0.24355641016210E+05  0.16900022627285E+04  0.84803731892924E+02  0.67790083566307E+05 -0.11083236031215E+05  0.46622941195149E+05  0.27247515907196E+05 -0.30847952184018E+06  0.75586513737011E+03  0.24581589338614E+06  0.33762322275181E+05  0.87194192343001E+05  0.35051532292796E+06 -0.61546762398108E+05 -0.52664098909076E+05 -0.81257715027070E+05 -0.33758231667212E+06 -0.67233597316360E+06 -0.97653210957891E+05 -0.22398678576466E+06 -0.96236783159895E+03 -0.64470763254095E+04 -0.12408294705614E+05  0.34229394973921E+04  0.17376493592020E+04 -0.32766626603731E+06 -0.10720950563986E+05 -0.16822985997354E+06 -0.21030325591776E+06 -0.38388545641280E+05 -0.25339986633055E+05
  -0.25516539634475E+06  0.32719380927510E+05 -0.43976330618313E+04 -0.29097448110044E+05  0.71553162685625E+03 -0.78402763225953E+04 -0.26640200108357E+04 -0.24863991593186E+07  0.17330723899442E+07  0.14609784679518E+05 -0.50915621926438E+04 -0.41711134593609E+04 -0.23032768102266E+03 -0.90696106905708E+01  0.61978090871332E+05 -0.48907929643543E+04  0.17926236612426E+05  0.97622633571782E+04 -0.56035093878185E+04 -0.11551858565106E+03 -0.15512793371042E+05 -0.50144017229265E+04 -0.13071549333025E+05 -0.51505341179496E+05  0.85266904580454E+04  0.92118876816962E+04  0.23701238994399E+05  0.64752030531035E+05  0.12514846704149E+06  0.25318820694781E+05  0.58019282054366E+05  0.71748832227197E+01  0.74145581453820E+03  0.14228015279010E+04 -0.18918036170772E+04 -0.96998440918085E+03  0.11244506908897E+06  0.16701937383454E+04  0.43969299972553E+05  0.54401583063018E+05  0.49847733897974E+04  0.32745654626201E+04
  -0.61261005555309E+05  0.78540376011438E+04 -0.11724793175315E+04 -0.17580745893188E+05  0.21335813490521E+04 -0.36679714584882E+04 -0.25881287663314E+04 -0.78264598143865E+05  0.14609784679518E+05  0.18715548569229E+04 -0.45486093798046E+03 -0.50754341534277E+03 -0.47593724915469E+02 -0.12233250589174E+01 -0.36442787324584E+04  0.56069245331130E+03 -0.17309087861147E+04 -0.11226068282028E+04  0.23758203688811E+05 -0.26080936668666E+02 -0.15017990424267E+05 -0.13711449327916E+04 -0.35197239965094E+04 -0.14399547261946E+05  0.23059702723150E+04  0.16317122061232E+04  0.66909841156526E+03  0.10110108576756E+05  0.21221363477039E+05  0.15651334340516E+04  0.35540637268778E+04  0.28454671673617E+02  0.46905283817326E+03  0.88133448006664E+03  0.36873978668139E+02  0.15379223561459E+02  0.30539373780092E+04  0.42451387593012E+03  0.26568899230434E+04  0.34123448002228E+04  0.20353773403998E+04  0.14341947824890E+04
   0.95698062608249E+04 -0.10019392038340E+04  0.16569529051595E+03  0.32310312254734E+04 -0.30120143782066E+03  0.79034043365055E+03  0.45629752353232E+03  0.24187052014779E+05 -0.50915621926438E+04 -0.45486093798046E+03  0.13040662941113E+03  0.14753082369826E+03  0.11152455421227E+02  0.48337542936953E+00  0.11439115747674E+04 -0.15687012241922E+03  0.58087829306719E+03  0.34871932632832E+03 -0.26639689716798E+04  0.47962763422872E+01  0.18363643551256E+04  0.21396550005404E+03  0.55097212852703E+03  0.22281992933608E+04 -0.40096218753366E+03 -0.31600202691675E+03 -0.32531471063907E+03 -0.19508607486346E+04 -0.39323308920199E+04 -0.46778300506540E+03 -0.10755448963055E+04 -0.75023791525782E+01 -0.41965527322172E+02 -0.81005290870517E+02  0.35903605129334E+01  0.16954933284894E+01 -0.11409478078300E+04 -0.66904160227757E+02 -0.80628697123900E+03 -0.10162665915217E+04 -0.24853361023230E+03 -0.16335227069227E+03
   0.19590629864290E+05 -0.13644357322152E+04  0.35218289358730E+03 -0.19961370656506E+04  0.36550239908030E+02 -0.72432782734955E+03 -0.27191342078620E+03  0.24355641016210E+05 -0.41711134593609E+04 -0.50754341534277E+03  0.14753082369826E+03  0.13547115766099E+04  0.93611447154320E+02 -0.11311910303852E+01  0.15344578749529E+04 -0.26329645594617E+03  0.83058895611718E+03  0.56806988826601E+03 -0.20035298211497E+04 -0.47282601228667E+01  0.30321441371368E+03 -0.55219613243396E+02 -0.11822835844257E+03 -0.82503913504743E+03 -0.12126394846451E+04 -0.31491992038977E-10 -0.64148006584721E+03 -0.55293682660084E+04  0.87796573577153E-10 -0.26279916071440E+04 -0.98939829239851E+02 -0.69779059995734E+02 -0.43787908786744E+00  0.93727517262555E-10 -0.10983699047628E+01 -0.46431640556667E+00  0.30841752781896E+03  0.35391469426523E+03 -0.27853179112423E+04 -0.17834244663072E-09 -0.11414654112732E+03 -0.45715085485661E+02
   0.23338506296980E+04 -0.17741547455667E+03  0.45595140377805E+02 -0.18636475438521E+03  0.78322376172354E+01 -0.64310003517611E+02 -0.27132659061072E+02  0.16900022627285E+04 -0.23032768102266E+03 -0.47593724915469E+02  0.11152455421227E+02  0.93611447154320E+02  0.89284372528721E+01 -0.14225989348238E+00  0.10086653934214E+03 -0.20288656412127E+02  0.44430369182169E+02  0.36572390785797E+02 -0.86979108367737E+02 -0.45568978978319E+00 -0.47747200197905E+02 -0.47643212338521E+01 -0.96631087761396E+01 -0.89718384548392E+02 -0.18455450034695E+03  0.17673190292977E-12 -0.25509899913314E+02 -0.68437850280944E+03 -0.37510575373237E-10 -0.17081024021998E+03 -0.27251440384305E+02 -0.58896309475868E+01 -0.31860066228570E+00 -0.24612564245302E-11 -0.12176709964684E+00 -0.46583473127295E-01  0.31349289332048E+02  0.81368776102156E+02 -0.20816273408105E+03 -0.63416048368401E-11 -0.40201062722178E+02 -0.17075420795976E+02
  -0.10070730355625E+03  0.11497027209235E+02 -0.24319643305401E+01  0.53400313049311E+02 -0.46390621057631E+01  0.14875909469928E+02  0.79056719759702E+01  0.84803731892924E+02 -0.90696106905708E+01 -0.12233250589174E+01  0.48337542936953E+00 -0.11311910303852E+01 -0.14225989348238E+00  0.36077953178711E-01  0.12328267454085E+02 -0.11603878393985E+01  0.61250053866648E+01  0.29984537445486E+01 -0.37496092708505E+02  0.43970016446962E-01  0.23263245629609E+02  0.93918167668799E+00  0.23409300080824E+01  0.11009403975443E+02  0.66431206251201E-01  0.28779920647608E-12 -0.55470887391464E+01 -0.62001490894897E+00  0.71981680356945E-11 -0.31859585464913E+01 -0.76166207392951E-05 -0.10958206376172E+00  0.33944300757985E-12  0.19464747398150E-12 -0.91481500639291E-03 -0.49983630444077E-03 -0.15563309317232E+01  0.16165232285852E-04 -0.27438233967300E+01 -0.21858621483194E-11 -0.18445900497067E-07 -0.66139463095229E-08
   0.18198506542391E+04  0.55952753896278E+04 -0.45730981668666E+03  0.39387136384906E+05 -0.27948207628487E+04  0.10678824572180E+05  0.52395115609268E+04  0.67790083566307E+05  0.61978090871332E+05 -0.36442787324584E+04  0.11439115747674E+04  0.15344578749529E+04  0.10086653934214E+03  0.12328267454085E+02  0.65305418418934E+05 -0.80996913183625E+04  0.30733058476964E+05  0.17907636419033E+05 -0.21118825936781E+05  0.66977079529567E+00 -0.84496799492656E+04 -0.41666195831242E+03 -0.11117704058623E+04 -0.39268761698499E+04 -0.55097489434451E+04 -0.34715586340101E+04 -0.31210295059717E+04  0.21520813386861E+04  0.59749329012303E+04 -0.22949753128187E+04 -0.45964291006041E+04 -0.89845549851040E+03  0.75755736382782E+03  0.13152349246749E+04 -0.37331961321381E+04 -0.18538078255479E+04 -0.76487557365913E+03  0.38613566929232E+03 -0.22794095563125E+04 -0.25828548477887E+04  0.19524902900748E+04  0.19523162673544E+04
  -0.54025126277480E+03 -0.11706561985593E+04  0.49491551468287E+02 -0.59396713033243E+04  0.42653698829485E+03 -0.16645985031393E+04 -0.83847186360699E+03 -0.11083236031215E+05 -0.48907929643543E+04  0.56069245331130E+03 -0.15687012241922E+03 -0.26329645594617E+03 -0.20288656412127E+02 -0.11603878393985E+01 -0.80996913183625E+04  0.11512652002187E+04 -0.38971144853887E+04 -0.24270120184186E+04  0.26057390191092E+04 -0.14082404099799E+01  0.14995735527746E+04  0.56827530295316E+02  0.16116043034761E+03  0.53573480733927E+03  0.11887018451046E+04  0.72807921612369E+03  0.41084474944771E+03 -0.61716441622572E+02 -0.65141924689031E+03  0.29483624487954E+03  0.58532085222043E+03  0.12418641259947E+03 -0.22899999714730E+03 -0.39282970033524E+03  0.70343727887154E+03  0.32613733393422E+03 -0.84621515913489E+03 -0.72971820242699E+02  0.57466681001750E+03  0.65125612805879E+03 -0.47273532760785E+03 -0.51150683632694E+03
   0.19438358602848E+04  0.11642309903431E+04 -0.21764563848381E+03  0.19124087977767E+05 -0.13138292432910E+04  0.50469533871686E+04  0.23346754795426E+04  0.46622941195149E+05  0.17926236612426E+05 -0.17309087861147E+04  0.58087829306719E+03  0.83058895611718E+03  0.44430369182169E+02  0.61250053866648E+01  0.30733058476964E+05 -0.38971144853887E+04  0.15594075066888E+05  0.90021867370851E+04 -0.12341100205395E+05 -0.55278174273768E+01 -0.37961632834052E+04 -0.25476832565681E+03 -0.64204391136417E+03 -0.24088236299526E+04 -0.15583987690627E+04 -0.10614380617179E+04 -0.22184634414388E+04  0.23028085775438E+04  0.42411575413254E+04 -0.12991962308550E+04 -0.26172382393415E+04 -0.44339505170116E+03 -0.84817880364547E+02 -0.13226687804058E+03 -0.12893236715601E+04 -0.73422720890857E+03 -0.33291321636666E+03  0.14844949498280E+03 -0.10197597279474E+04 -0.11438812544014E+04  0.22630272806874E+03  0.47435342065415E+02
   0.15284437962129E+04  0.12944281445126E+04 -0.11461471534000E+03  0.11998600617778E+05 -0.82491690654011E+03  0.32801109287078E+04  0.15501858028815E+04  0.27247515907196E+05  0.97622633571782E+04 -0.11226068282028E+04  0.34871932632832E+03  0.56806988826601E+03  0.36572390785797E+02  0.29984537445486E+01  0.17907636419033E+05 -0.24270120184186E+04  0.90021867370851E+04  0.54031231511388E+04 -0.68778527278151E+04 -0.14660001766618E+01 -0.28738651747958E+04 -0.16592801401228E+03 -0.42479111991368E+03 -0.15260229053198E+04 -0.16414374787291E+04 -0.10362200998183E+04 -0.11720767201484E+04  0.10425460364316E+04  0.24433248978375E+04 -0.70746329062352E+03 -0.14244889167596E+04 -0.27351543681593E+03  0.95207156478741E+02  0.17364816689066E+03 -0.11007366866892E+04 -0.56791279780108E+03  0.95866509773910E+03  0.14169217377177E+03 -0.10120930131301E+04 -0.11364722626417E+04  0.47655317790515E+03  0.38898078547801E+03
  -0.53178981013803E+07  0.14770924809604E+07 -0.10834650488408E+06 -0.13509651231535E+07  0.29139662517413E+06 -0.64335913194753E+05 -0.14236639230798E+06 -0.30847952184018E+06 -0.56035093878185E+04  0.23758203688811E+05 -0.26639689716798E+04 -0.20035298211497E+04 -0.86979108367737E+02 -0.37496092708505E+02 -0.21118825936781E+05  0.26057390191092E+04 -0.12341100205395E+05 -0.68778527278151E+04  0.84861295324916E+07  0.48775817729396E+03 -0.27833022496699E+07 -0.16340167872188E+06 -0.44461833535968E+06 -0.20102094916470E+07  0.18004291876551E+05  0.42040125991911E+05 -0.10749331998733E+04  0.31782264481032E+06  0.15629539044239E+07  0.10238524581223E+05  0.19165597279383E+05 -0.67443156600687E+02  0.10486946247942E+06  0.45235227549440E+06  0.84392338003663E+04  0.25257060181330E+04 -0.50844764337948E+04  0.25227987002107E+05  0.11517817888299E+05  0.37366254407063E+05  0.12449054778227E+06  0.10363213816502E+06
   0.52942366051142E+03  0.59896449715112E+02  0.10485786310622E+02  0.34230600486530E+03 -0.36883265395959E+02  0.85232342105840E+02  0.61930953299564E+02  0.75586513737011E+03 -0.11551858565106E+03 -0.26080936668666E+02  0.47962763422872E+01 -0.47282601228667E+01 -0.45568978978319E+00  0.43970016446962E-01  0.66977079529567E+00 -0.14082404099799E+01 -0.55278174273768E+01 -0.14660001766618E+01  0.48775817729396E+03  0.17906260946211E+01  0.42038320166949E+03  0.42789879702439E+02  0.10202274304442E+03  0.43313879680342E+03  0.00000000000000E+00 -0.74277741048892E+02  0.00000000000000E+00  0.00000000000000E+00 -0.60860638039138E+03  0.00000000000000E+00 -0.41738565088766E+01  0.00000000000000E+00  0.00000000000000E+00  0.34821697911021E+02  0.00000000000000E+00  0.00000000000000E+00  0.00000000000000E+00  0.47714510405053E+02  0.00000000000000E+00 -0.77557757560464E+02  0.00000000000000E+00  0.00000000000000E+00
   0.21130453899150E+07 -0.50677206765705E+06  0.43004505598714E+05  0.55661460176562E+06 -0.11230561076331E+06  0.40539109750698E+05  0.65661013503993E+05  0.24581589338614E+06 -0.15512793371042E+05 -0.15017990424267E+05  0.18363643551256E+04  0.30321441371368E+03 -0.47747200197905E+02  0.23263245629609E+02 -0.84496799492656E+04  0.14995735527746E+04 -0.37961632834052E+04 -0.28738651747958E+04 -0.27833022496699E+07  0.42038320166949E+03  0.16145002403097E+07  0.10444048891284E+06  0.27173126469086E+06  0.12294672765217E+07  0.00000000000000E+00 -0.40512842064975E+05  0.00000000000000E+00  0.00000000000000E+00 -0.10081454836380E+07  0.00000000000000E+00  0.79482564432522E+04  0.00000000000000E+00  0.00000000000000E+00 -0.21110144090169E+06  0.00000000000000E+00  0.00000000000000E+00  0.00000000000000E+00  0.30112561936992E+05  0.00000000000000E+00 -0.38524277383414E+05  0.00000000000000E+00  0.00000000000000E+00
   0.12793935314015E+06 -0.26976722127178E+05  0.26007235184855E+04  0.38385601878229E+05 -0.72807265112419E+04  0.35538011227154E+04  0.47668002076204E+04  0.33762322275181E+05 -0.50144017229265E+04 -0.13711449327916E+04  0.21396550005404E+03 -0.55219613243396E+02 -0.47643212338521E+01  0.93918167668799E+00 -0.41666195831242E+03  0.56827530295316E+02 -0.25476832565681E+03 -0.16592801401228E+03 -0.16340167872188E+06  0.42789879702439E+02  0.10444048891284E+06  0.71805018154688E+04  0.18380990728201E+05  0.82732593482920E+05 -0.28635070704235E+02 -0.34153229672458E+04  0.39426920322390E+01  0.90202270933799E+03 -0.72729904780043E+05  0.00000000000000E+00 -0.12189500485764E+03  0.00000000000000E+00  0.15361576897667E+04 -0.12209509328550E+05  0.00000000000000E+00  0.00000000000000E+00  0.00000000000000E+00  0.23909400306353E+04 -0.11073657908191E+03 -0.40338197177812E+04  0.89986221518512E+03  0.92374345849630E+03
   0.35899353628537E+06 -0.79566903114008E+05  0.72958794282669E+04  0.99857384930253E+05 -0.19137102345645E+05  0.89070544544331E+04  0.12232516100187E+05  0.87194192343001E+05 -0.13071549333025E+05 -0.35197239965094E+04  0.55097212852703E+03 -0.11822835844257E+03 -0.96631087761396E+01  0.23409300080824E+01 -0.11117704058623E+04  0.16116043034761E+03 -0.64204391136417E+03 -0.42479111991368E+03 -0.44461833535968E+06  0.10202274304442E+03  0.27173126469086E+06  0.18380990728201E+05  0.47463041963839E+05  0.21358951100345E+06 -0.61023251596853E+02 -0.85222101735120E+04  0.11112888498371E+02 -0.15426620775088E+04 -0.18667041589572E+06  0.00000000000000E+00 -0.30421854304885E+03  0.00000000000000E+00  0.16597002542136E+04 -0.33320855645017E+05  0.00000000000000E+00  0.00000000000000E+00  0.00000000000000E+00  0.59877628323584E+04 -0.45309812039706E+03 -0.10250356684781E+05  0.55202989186325E+03  0.89255615997836E+03
   0.15107280418031E+07 -0.34504993002023E+06  0.30695505680750E+05  0.43683160034453E+06 -0.84617852489141E+05  0.37396338116054E+05  0.52861696408577E+05  0.35051532292796E+06 -0.51505341179496E+05 -0.14399547261946E+05  0.22281992933608E+04 -0.82503913504743E+03 -0.89718384548392E+02  0.11009403975443E+02 -0.39268761698499E+04  0.53573480733927E+03 -0.24088236299526E+04 -0.15260229053198E+04 -0.20102094916470E+07  0.43313879680342E+03  0.12294672765217E+07  0.82732593482920E+05  0.21358951100345E+06  0.96620325130263E+06  0.88622300065589E+02 -0.39696468574499E+05  0.93609602750593E+00  0.20001435299790E+05 -0.82657190138275E+06  0.00000000000000E+00 -0.14244582761843E+04  0.00000000000000E+00  0.10280631432208E+05 -0.15235356034505E+06  0.00000000000000E+00  0.00000000000000E+00  0.00000000000000E+00  0.28073808455450E+05  0.65777735863905E+03 -0.45098112969022E+05  0.11564157024913E+05  0.11875798209615E+05
  -0.17752579140200E+06  0.19326107786055E+05 -0.35867690840843E+04 -0.15079312463001E+05  0.21818993063800E+04 -0.27268454882789E+04 -0.23968933565479E+04 -0.61546762398108E+05  0.85266904580454E+04  0.23059702723150E+04 -0.40096218753366E+03 -0.12126394846451E+04 -0.18455450034695E+03  0.66431206251201E-01 -0.55097489434451E+04  0.11887018451046E+04 -0.15583987690627E+04 -0.16414374787291E+04  0.18004291876551E+05  0.00000000000000E+00  0.00000000000000E+00 -0.28635070704235E+02 -0.61023251596853E+02  0.88622300065589E+02  0.13879655362478E+06  0.00000000000000E+00  0.00000000000000E+00  0.00000000000000E+00  0.00000000000000E+00  0.00000000000000E+00  0.00000000000000E+00  0.00000000000000E+00  0.00000000000000E+00  0.00000000000000E+00  0.00000000000000E+00  0.00000000000000E+00  0.00000000000000E+00  0.00000000000000E+00  0.00000000000000E+00  0.00000000000000E+00  0.00000000000000E+00  0.00000000000000E+00
  -0.74994175308210E+05  0.94046857672694E+04 -0.15013491667342E+04 -0.26034171279617E+05  0.38252638351814E+04 -0.44338126624469E+04 -0.39144901415488E+04 -0.52664098909076E+05  0.92118876816962E+04  0.16317122061232E+04 -0.31600202691675E+03 -0.31491992038977E-10  0.17673190292977E-12  0.28779920647608E-12 -0.34715586340101E+04  0.72807921612369E+03 -0.10614380617179E+04 -0.10362200998183E+04  0.42040125991911E+05 -0.74277741048892E+02 -0.40512842064975E+05 -0.34153229672458E+04 -0.85222101735120E+04 -0.39696468574499E+05  0.00000000000000E+00  0.76661637186398E+05  0.00000000000000E+00  0.00000000000000E+00  0.00000000000000E+00  0.00000000000000E+00  0.00000000000000E+00  0.00000000000000E+00  0.00000000000000E+00  0.00000000000000E+00  0.00000000000000E+00  0.00000000000000E+00  0.00000000000000E+00  0.00000000000000E+00  0.00000000000000E+00  0.00000000000000E+00  0.00000000000000E+00  0.00000000000000E+00
  -0.10688581495138E+05 -0.11631404380074E+03 -0.50963201655221E+02 -0.21902736069766E+03 -0.81803688861992E+02  0.98998116049434E+02  0.13236326848722E+03 -0.81257715027070E+05  0.23701238994399E+05  0.66909841156526E+03 -0.32531471063907E+03 -0.64148006584721E+03 -0.25509899913314E+02 -0.55470887391464E+01 -0.31210295059717E+04  0.41084474944771E+03 -0.22184634414388E+04 -0.11720767201484E+04 -0.10749331998733E+04  0.00000000000000E+00  0.00000000000000E+00  0.39426920322390E+01  0.11112888498371E+02  0.93609602750593E+00  0.00000000000000E+00  0.00000000000000E+00  0.35394208062775E+05  0.00000000000000E+00  0.00000000000000E+00  0.00000000000000E+00  0.00000000000000E+00  0.00000000000000E+00  0.00000000000000E+00  0.00000000000000E+00  0.00000000000000E+00  0.00000000000000E+00  0.00000000000000E+00  0.00000000000000E+00  0.00000000000000E+00  0.00000000000000E+00  0.00000000000000E+00  0.00000000000000E+00
  -0.11891942029680E+07  0.24124782197545E+06 -0.23962500863033E+05 -0.85993204927580E+05  0.14859151230390E+05 -0.10531874305769E+05 -0.11265534027176E+05 -0.33758231667212E+06  0.64752030531035E+05  0.10110108576756E+05 -0.19508607486346E+04 -0.55293682660084E+04 -0.68437850280944E+03 -0.62001490894897E+00  0.21520813386861E+04 -0.61716441622572E+02  0.23028085775438E+04  0.10425460364316E+04  0.31782264481032E+06  0.00000000000000E+00  0.00000000000000E+00  0.90202270933799E+03 -0.15426620775088E+04  0.20001435299790E+05  0.00000000000000E+00  0.00000000000000E+00  0.00000000000000E+00  0.71768961202283E+06  0.00000000000000E+00  0.00000000000000E+00  0.00000000000000E+00  0.00000000000000E+00  0.00000000000000E+00  0.00000000000000E+00  0.00000000000000E+00  0.00000000000000E+00  0.00000000000000E+00  0.00000000000000E+00  0.00000000000000E+00  0.00000000000000E+00  0.00000000000000E+00  0.00000000000000E+00
  -0.15564120755522E+07  0.30574129465715E+06 -0.31415607170754E+05 -0.44975667244493E+06  0.78300881319673E+05 -0.53511838258218E+05 -0.59221380780003E+05 -0.67233597316360E+06  0.12514846704149E+06  0.21221363477039E+05 -0.39323308920199E+04  0.87796573577153E-10 -0.37510575373237E-10  0.71981680356945E-11  0.59749329012303E+04 -0.65141924689031E+03  0.42411575413254E+04  0.24433248978375E+04  0.15629539044239E+07 -0.60860638039138E+03 -0.10081454836380E+07 -0.72729904780043E+05 -0.18667041589572E+06 -0.82657190138275E+06  0.00000000000000E+00  0.00000000000000E+00  0.00000000000000E+00  0.00000000000000E+00  0.11406150852915E+07  0.00000000000000E+00  0.00000000000000E+00  0.00000000000000E+00  0.00000000000000E+00  0.00000000000000E+00  0.00000000000000E+00  0.00000000000000E+00  0.00000000000000E+00  0.00000000000000E+00  0.00000000000000E+00  0.00000000000000E+00  0.00000000000000E+00  0.00000000000000E+00
  -0.30430439566767E+05  0.73034370602189E+04 -0.62904762417266E+03 -0.16431292419084E+04  0.41117895319931E+03  0.76717936077049E+01 -0.17433541615682E+03 -0.97653210957891E+05  0.25318820694781E+05  0.15651334340516E+04 -0.46778300506540E+03 -0.26279916071440E+04 -0.17081024021998E+03 -0.31859585464913E+01 -0.22949753128187E+04  0.29483624487954E+03 -0.12991962308550E+04 -0.70746329062352E+03  0.10238524581223E+05  0.00000000000000E+00  0.00000000000000E+00  0.00000000000000E+00  0.00000000000000E+00  0.00000000000000E+00  0.00000000000000E+00  0.00000000000000E+00  0.00000000000000E+00  0.00000000000000E+00  0.00000000000000E+00  0.21778714712257E+05  0.00000000000000E+00  0.00000000000000E+00  0.00000000000000E+00  0.00000000000000E+00  0.00000000000000E+00  0.00000000000000E+00  0.00000000000000E+00  0.00000000000000E+00  0.00000000000000E+00  0.00000000000000E+00  0.00000000000000E+00  0.00000000000000E+00
  -0.69365986546642E+05  0.16863919493923E+05 -0.14368195073952E+04 -0.30680860879733E+04  0.74050780532204E+03 -0.25130920342884E+02 -0.31701023475911E+03 -0.22398678576466E+06  0.58019282054366E+05  0.35540637268778E+04 -0.10755448963055E+04 -0.98939829239851E+02 -0.27251440384305E+02 -0.76166207392951E-05 -0.45964291006041E+04  0.58532085222043E+03 -0.26172382393415E+04 -0.14244889167596E+04  0.19165597279383E+05 -0.41738565088766E+01  0.79482564432522E+04 -0.12189500485764E+03 -0.30421854304885E+03 -0.14244582761843E+04  0.00000000000000E+00  0.00000000000000E+00  0.00000000000000E+00  0.00000000000000E+00  0.00000000000000E+00  0.00000000000000E+00  0.48514347687828E+05  0.00000000000000E+00  0.00000000000000E+00  0.00000000000000E+00  0.00000000000000E+00  0.00000000000000E+00  0.00000000000000E+00  0.00000000000000E+00  0.00000000000000E+00  0.00000000000000E+00  0.00000000000000E+00  0.00000000000000E+00
  -0.36892014435079E+04  0.38554917624164E+03 -0.67008176742501E+02 -0.57803419144421E+01 -0.97269692155260E+00 -0.56033053505610E+01 -0.22103333413528E+01 -0.96236783159895E+03  0.71748832227197E+01  0.28454671673617E+02 -0.75023791525782E+01 -0.69779059995734E+02 -0.58896309475868E+01 -0.10958206376172E+00 -0.89845549851040E+03  0.12418641259947E+03 -0.44339505170116E+03 -0.27351543681593E+03 -0.67443156600687E+02  0.00000000000000E+00  0.00000000000000E+00  0.00000000000000E+00  0.00000000000000E+00  0.00000000000000E+00  0.00000000000000E+00  0.00000000000000E+00  0.00000000000000E+00  0.00000000000000E+00  0.00000000000000E+00  0.00000000000000E+00  0.00000000000000E+00  0.39136205441591E+04  0.00000000000000E+00  0.00000000000000E+00  0.00000000000000E+00  0.00000000000000E+00  0.00000000000000E+00  0.00000000000000E+00  0.00000000000000E+00  0.00000000000000E+00  0.00000000000000E+00  0.00000000000000E+00
  -0.27438280589744E+06  0.73775677620212E+05 -0.56354728469073E+04 -0.15537582115894E+05  0.38426103405024E+04 -0.18319456474317E+02 -0.14016720850585E+04 -0.64470763254095E+04  0.74145581453820E+03  0.46905283817326E+03 -0.41965527322172E+02 -0.43787908786744E+00 -0.31860066228570E+00  0.33944300757985E-12  0.75755736382782E+03 -0.22899999714730E+03 -0.84817880364547E+02  0.95207156478741E+02  0.10486946247942E+06  0.00000000000000E+00  0.00000000000000E+00  0.15361576897667E+04  0.16597002542136E+04  0.10280631432208E+05  0.00000000000000E+00  0.00000000000000E+00  0.00000000000000E+00  0.00000000000000E+00  0.00000000000000E+00  0.00000000000000E+00  0.00000000000000E+00  0.00000000000000E+00  0.13606385736201E+06  0.00000000000000E+00  0.00000000000000E+00  0.00000000000000E+00  0.00000000000000E+00  0.00000000000000E+00  0.00000000000000E+00  0.00000000000000E+00  0.00000000000000E+00  0.00000000000000E+00
  -0.30898195417754E+06  0.81464746652536E+05 -0.63248531591174E+04 -0.69761403024623E+05  0.16788477645487E+05 -0.71019885925716E+03 -0.64783239774202E+04 -0.12408294705614E+05  0.14228015279010E+04  0.88133448006664E+03 -0.81005290870517E+02  0.93727517262555E-10 -0.24612564245302E-11  0.19464747398150E-12  0.13152349246749E+04 -0.39282970033524E+03 -0.13226687804058E+03  0.17364816689066E+03  0.45235227549440E+06  0.34821697911021E+02 -0.21110144090169E+06 -0.12209509328550E+05 -0.33320855645017E+05 -0.15235356034505E+06  0.00000000000000E+00  0.00000000000000E+00  0.00000000000000E+00  0.00000000000000E+00  0.00000000000000E+00  0.00000000000000E+00  0.00000000000000E+00  0.00000000000000E+00  0.00000000000000E+00  0.17663186982336E+06  0.00000000000000E+00  0.00000000000000E+00  0.00000000000000E+00  0.00000000000000E+00  0.00000000000000E+00  0.00000000000000E+00  0.00000000000000E+00  0.00000000000000E+00
  -0.70105517580164E+04  0.16824755386442E+04 -0.14573806201739E+03 -0.17343160419442E+04  0.34405804034408E+03 -0.14410785314622E+03 -0.22005670001209E+03  0.34229394973921E+04 -0.18918036170772E+04  0.36873978668139E+02  0.35903605129334E+01 -0.10983699047628E+01 -0.12176709964684E+00 -0.91481500639291E-03 -0.37331961321381E+04  0.70343727887154E+03 -0.12893236715601E+04 -0.11007366866892E+04  0.84392338003663E+04  0.00000000000000E+00  0.00000000000000E+00  0.00000000000000E+00  0.00000000000000E+00  0.00000000000000E+00  0.00000000000000E+00  0.00000000000000E+00  0.00000000000000E+00  0.00000000000000E+00  0.00000000000000E+00  0.00000000000000E+00  0.00000000000000E+00  0.00000000000000E+00  0.00000000000000E+00  0.00000000000000E+00  0.67615094154106E+04  0.00000000000000E+00  0.00000000000000E+00  0.00000000000000E+00  0.00000000000000E+00  0.00000000000000E+00  0.00000000000000E+00  0.00000000000000E+00
  -0.23388149464079E+04  0.50769986180669E+03 -0.48983548135843E+02 -0.63693307027209E+03  0.11946845906723E+03 -0.69055487003866E+02 -0.86954319576794E+02  0.17376493592020E+04 -0.96998440918085E+03  0.15379223561459E+02  0.16954933284894E+01 -0.46431640556667E+00 -0.46583473127295E-01 -0.49983630444077E-03 -0.18538078255479E+04  0.32613733393422E+03 -0.73422720890857E+03 -0.56791279780108E+03  0.25257060181330E+04  0.00000000000000E+00  0.00000000000000E+00  0.00000000000000E+00  0.00000000000000E+00  0.00000000000000E+00  0.00000000000000E+00  0.00000000000000E+00  0.00000000000000E+00  0.00000000000000E+00  0.00000000000000E+00  0.00000000000000E+00  0.00000000000000E+00  0.00000000000000E+00  0.00000000000000E+00  0.00000000000000E+00  0.00000000000000E+00  0.34843174879593E+04  0.00000000000000E+00  0.00000000000000E+00  0.00000000000000E+00  0.00000000000000E+00  0.00000000000000E+00  0.00000000000000E+00
  -0.45263408716260E+05 -0.10401618421120E+04 -0.43973859616981E+03 -0.17578161961802E+05  0.81885152707156E+03 -0.41785455169924E+04 -0.18863695059763E+04 -0.32766626603731E+06  0.11244506908897E+06  0.30539373780092E+04 -0.11409478078300E+04  0.30841752781896E+03  0.31349289332048E+02 -0.15563309317232E+01 -0.76487557365913E+03 -0.84621515913489E+03 -0.33291321636666E+03  0.95866509773910E+03 -0.50844764337948E+04  0.00000000000000E+00  0.00000000000000E+00  0.00000000000000E+00  0.00000000000000E+00  0.00000000000000E+00  0.00000000000000E+00  0.00000000000000E+00  0.00000000000000E+00  0.00000000000000E+00  0.00000000000000E+00  0.00000000000000E+00  0.00000000000000E+00  0.00000000000000E+00  0.00000000000000E+00  0.00000000000000E+00  0.00000000000000E+00  0.00000000000000E+00  0.15865880511769E+06  0.00000000000000E+00  0.00000000000000E+00  0.00000000000000E+00  0.00000000000000E+00  0.00000000000000E+00
   0.22968091139453E+05 -0.25709766923834E+04  0.47138089176429E+03 -0.18989176814007E+05  0.28102900377939E+04 -0.33471762793966E+04 -0.30954296042034E+04 -0.10720950563986E+05  0.16701937383454E+04  0.42451387593012E+03 -0.66904160227757E+02  0.35391469426523E+03  0.81368776102156E+02  0.16165232285852E-04  0.38613566929232E+03 -0.72971820242699E+02  0.14844949498280E+03  0.14169217377177E+03  0.25227987002107E+05  0.47714510405053E+02  0.30112561936992E+05  0.23909400306353E+04  0.59877628323584E+04  0.28073808455450E+05  0.00000000000000E+00  0.00000000000000E+00  0.00000000000000E+00  0.00000000000000E+00  0.00000000000000E+00  0.00000000000000E+00  0.00000000000000E+00  0.00000000000000E+00  0.00000000000000E+00  0.00000000000000E+00  0.00000000000000E+00  0.00000000000000E+00  0.00000000000000E+00  0.40308021826280E+05  0.00000000000000E+00  0.00000000000000E+00  0.00000000000000E+00  0.00000000000000E+00
