 Correlated errors added in quadrature with statistical errors
 jl00106F2p DIS data with   1.69< Q2 < 0.500D+03 and 0.000 < xB < 1.000 and   3.00< W2 < 0.100D+04 and 0.000 < y < 1.000
   GP TMC applied
   HT corrections, multiplicative C=C(xB)
 Correlated errors added in quadrature with statistical errors
 jl00106F2d DIS data with   1.69< Q2 < 0.500D+03 and 0.000 < xB < 1.000 and   3.00< W2 < 0.100D+04 and 0.000 < y < 1.000
   WBArel smearing  (AV18) - KP free floating0 nuke corrections
   GP TMC applied
   HT corrections, multiplicative C=C(xB)
 Correlated errors added in quadrature with statistical errors
 HerF2pCut  DIS data with   1.69< Q2 < 0.500D+03 and 0.000 < xB < 1.000 and   3.00< W2 < 0.100D+04 and 0.000 < y < 1.000
   GP TMC applied
   HT corrections, multiplicative C=C(xB)
 Correlated errors added in quadrature with statistical errors
 HerF2dCut  DIS data with   1.69< Q2 < 0.500D+03 and 0.000 < xB < 1.000 and   3.00< W2 < 0.100D+04 and 0.000 < y < 1.000
   WBArel smearing  (AV18) - KP free floating0 nuke corrections
   GP TMC applied
   HT corrections, multiplicative C=C(xB)
 Correlated errors added in quadrature with statistical errors
 slac_p     DIS data with   1.69< Q2 < 0.500D+03 and 0.000 < xB < 1.000 and   3.00< W2 < 0.100D+04 and 0.000 < y < 1.000
   GP TMC applied
   HT corrections, multiplicative C=C(xB)
 Correlated errors added in quadrature with statistical errors
 slac_d     DIS data with   1.69< Q2 < 0.500D+03 and 0.000 < xB < 1.000 and   3.00< W2 < 0.100D+04 and 0.000 < y < 1.000
   WBArel smearing  (AV18) - KP free floating0 nuke corrections
   GP TMC applied
   HT corrections, multiplicative C=C(xB)
 Correlated errors treated separately from statistical errors
 BcdF2pCor  DIS data with   1.69< Q2 < 0.500D+03 and 0.000 < xB < 1.000 and   3.00< W2 < 0.100D+04 and 0.000 < y < 1.000
   GP TMC applied
   HT corrections, multiplicative C=C(xB)
 Correlated errors treated separately from statistical errors
 BcdF2dCor  DIS data with   1.69< Q2 < 0.500D+03 and 0.000 < xB < 1.000 and   3.00< W2 < 0.100D+04 and 0.000 < y < 1.000
   WBArel smearing  (AV18) - KP free floating0 nuke corrections
   GP TMC applied
   HT corrections, multiplicative C=C(xB)
 Correlated errors treated separately from statistical errors
 NmcF2pCor  DIS data with   1.69< Q2 < 0.500D+03 and 0.000 < xB < 1.000 and   3.00< W2 < 0.100D+04 and 0.000 < y < 1.000
   GP TMC applied
   HT corrections, multiplicative C=C(xB)
 Correlated errors treated separately from statistical errors
 NmcRatCor  DIS data with   1.69< Q2 < 0.500D+03 and 0.000 < xB < 1.000 and   3.00< W2 < 0.100D+04 and 0.000 < y < 1.000
   WBArel smearing  (AV18) - KP free floating0 nuke corrections
   GP TMC applied
   HT corrections, multiplicative C=C(xB)
 Correlated errors treated separately from statistical errors
 H2_NC_em   DIS data with   1.69< Q2 < 0.100D+06 and 0.000 < xB < 1.000 and   3.00< W2 < 0.100D+08 and 0.000 < y < 1.000
   GP TMC applied
   HT corrections, multiplicative C=C(xB)
 Correlated errors treated separately from statistical errors
 H2_NC_ep_1 DIS data with   1.69< Q2 < 0.100D+06 and 0.000 < xB < 1.000 and   3.00< W2 < 0.100D+08 and 0.000 < y < 1.000
   GP TMC applied
   HT corrections, multiplicative C=C(xB)
 Correlated errors treated separately from statistical errors
 H2_NC_ep_2 DIS data with   1.69< Q2 < 0.100D+06 and 0.000 < xB < 1.000 and   3.00< W2 < 0.100D+08 and 0.000 < y < 1.000
   GP TMC applied
   HT corrections, multiplicative C=C(xB)
 Correlated errors treated separately from statistical errors
 H2_NC_ep_3 DIS data with   1.69< Q2 < 0.100D+06 and 0.000 < xB < 1.000 and   3.00< W2 < 0.100D+08 and 0.000 < y < 1.000
   GP TMC applied
   HT corrections, multiplicative C=C(xB)
 Correlated errors treated separately from statistical errors
 H2_NC_ep_4 DIS data with   1.69< Q2 < 0.100D+06 and 0.000 < xB < 1.000 and   3.00< W2 < 0.100D+08 and 0.000 < y < 1.000
   GP TMC applied
   HT corrections, multiplicative C=C(xB)
 Correlated errors treated separately from statistical errors
 H2_CC_em   DIS data with   1.69< Q2 < 0.100D+06 and 0.000 < xB < 1.000 and   3.00< W2 < 0.100D+08 and 0.000 < y < 1.000
   GP TMC applied
   HT corrections, multiplicative C=C(xB)
 Correlated errors treated separately from statistical errors
 H2_CC_ep   DIS data with   1.69< Q2 < 0.100D+06 and 0.000 < xB < 1.000 and   3.00< W2 < 0.100D+08 and 0.000 < y < 1.000
   GP TMC applied
   HT corrections, multiplicative C=C(xB)
 Correlated errors added in quadrature with statistical errors
 BNS_F2nd   DIS data with   1.69< Q2 < 0.100D+06 and 0.000 < xB < 1.000 and   3.00< W2 < 0.100D+08 and 0.000 < y < 1.000
   WBArel smearing  (AV18) - KP free floating0 nuke corrections
   GP TMC applied
   HT corrections, multiplicative C=C(xB)
 Correlated errors added in quadrature with statistical errors
 e866pp06xf vector boson data with Q2 >=  36.00
 Correlated errors added in quadrature with statistical errors
 e866pd06xf vector boson data with Q2 >=  36.00
 Correlated errors added in quadrature with statistical errors
 cdfLasy05  vector boson data with Q2 >=   0.00
 Correlated errors added in quadrature with statistical errors
 d0Lasy_e15 vector boson data with Q2 >=   0.00
 Correlated errors added in quadrature with statistical errors
 d0Lasy13   vector boson data with Q2 >=   0.00
 Correlated errors added in quadrature with statistical errors
 CDF_Wasy   vector boson data with Q2 >=   0.00
 Correlated errors added in quadrature with statistical errors
 D0_Wasy    vector boson data with Q2 >=   0.00
 Correlated errors added in quadrature with statistical errors
 CDF_Z      vector boson data with Q2 >=   0.00
 Correlated errors added in quadrature with statistical errors
 D0_Z       vector boson data with Q2 >=   0.00
 Correlated errors added in quadrature with statistical errors
 d0run2coneJet data - errors added in quadrature
 Correlated errors added in quadrature with statistical errors
 CDFrun2jetJet data - errors added in quadrature
 Correlated errors added in quadrature with statistical errors
 d0_gamjet1 Photon data -- cuts to be written yet ...
 Correlated errors added in quadrature with statistical errors
 d0_gamjet2 Photon data -- cuts to be written yet ...
 Correlated errors added in quadrature with statistical errors
 d0_gamjet3 Photon data -- cuts to be written yet ...
 Correlated errors added in quadrature with statistical errors
 d0_gamjet4 Photon data -- cuts to be written yet ...

# fitpack15: fit output
# CJ15 AV18 final data choices                                                 

Parametrization   7 used here

 S-ACOT scheme used  for NC DIS

 charm mass =     1.30 GeV     bottom mass =     4.50 GeV



 THIS IS A NEXT TO LEADING ORDER FIT

 Q02=    1.69
         1  LAMBDA      VALUE=   0.22680      WEIGHT=    0.0000    
         2  a0uv        VALUE=    2.4169      WEIGHT=    0.0000    
         3  a1uv        VALUE=   0.61635      WEIGHT=   0.20395E-01
         4  a2uv        VALUE=    3.5428      WEIGHT=   0.12297E-01
         5  a3uv        VALUE=    0.0000      WEIGHT=    0.0000    
         6  a4uv        VALUE=    3.4395      WEIGHT=   0.43683    
         7  a5uv        VALUE=    0.0000      WEIGHT=    0.0000    
         8  a0dv        VALUE=    24.544      WEIGHT=    0.0000    
         9  a1dv        VALUE=    1.1585      WEIGHT=   0.33842E-01
        10  a2dv        VALUE=    6.5538      WEIGHT=   0.15967    
        11  a3dv        VALUE=   -3.5001      WEIGHT=   0.87255E-01
        12  a4dv        VALUE=    4.6830      WEIGHT=   0.14394    
        13  a5dv        VALUE=    0.0000      WEIGHT=    0.0000    
        14  a0ud        VALUE=   0.14662      WEIGHT=   0.50263E-02
        15  a1ud        VALUE=  -0.20771      WEIGHT=   0.37519E-02
        16  a2ud        VALUE=    8.3632      WEIGHT=   0.18523    
        17  a3ud        VALUE=    0.0000      WEIGHT=    0.0000    
        18  a4ud        VALUE=    14.678      WEIGHT=    1.2107    
        19  a5ud        VALUE=    0.0000      WEIGHT=    0.0000    
        20  a0du        VALUE=    35712.      WEIGHT=    0.0000    
        21  a1du        VALUE=    4.0198      WEIGHT=   0.71322E-01
        22  a2du        VALUE=    20.251      WEIGHT=   0.86082    
        23  a3du        VALUE=    17.000      WEIGHT=    0.0000    
        24  a4du        VALUE=    50.601      WEIGHT=    9.0827    
        25  a0g         VALUE=    45.217      WEIGHT=    0.0000    
        26  a1g         VALUE=   0.60182      WEIGHT=   0.31731E-01
        27  a2g         VALUE=    6.4148      WEIGHT=    1.0043    
        28  a3g         VALUE=   -3.3037      WEIGHT=   0.13891    
        29  a4g         VALUE=    3.1575      WEIGHT=   0.30059    
        30  a5g         VALUE=    0.0000      WEIGHT=    0.0000    
        31  kappa       VALUE=   0.40000      WEIGHT=    0.0000    
        32  a6dv        VALUE=  -0.36574E-02  WEIGHT=   0.67517E-03
        33  a7dv        VALUE=    2.0000      WEIGHT=    0.0000    
        34  off1        VALUE=   -3.5009      WEIGHT=    1.4769    
        35  off2        VALUE=   0.56166E-01  WEIGHT=   0.58667E-01
        36  ht1         VALUE=   -3.2479      WEIGHT=   0.26672    
        37  ht2         VALUE=    1.9154      WEIGHT=   0.10687    
        38  ht3         VALUE=   -2.0748      WEIGHT=   0.22824E-01
        39  ht4         VALUE=    0.0000      WEIGHT=    0.0000    
        40  dummy40     VALUE=    0.0000      WEIGHT=    0.0000    
        41  dummy41     VALUE=    0.0000      WEIGHT=    0.0000    
        42  dummy42     VALUE=    0.0000      WEIGHT=    0.0000    
        43  dummy43     VALUE=    0.0000      WEIGHT=    0.0000    
        44  dummy44     VALUE=    0.0000      WEIGHT=    0.0000    
        45  dummy45     VALUE=    0.0000      WEIGHT=    0.0000    
        46  dummy46     VALUE=    0.0000      WEIGHT=    0.0000    
        47  dummy47     VALUE=    0.0000      WEIGHT=    0.0000    
        48  dummy48     VALUE=    0.0000      WEIGHT=    0.0000    
        49  dummy49     VALUE=    0.0000      WEIGHT=    0.0000    
        50  bcdmsh2     VALUE=   0.97285      WEIGHT=   0.48427E-02
        51  bcdmsd2     VALUE=   0.99317      WEIGHT=   0.57972E-02
        52  ccfr        VALUE=    1.0000      WEIGHT=    0.0000    
        53  nutev       VALUE=    1.0000      WEIGHT=    0.0000    
        54  zeus        VALUE=   0.97998      WEIGHT=    0.0000    
        55  h1          VALUE=    1.0162      WEIGHT=    0.0000    
        56  e605        VALUE=    1.0319      WEIGHT=    0.0000    
        57  NmcH2       VALUE=    1.0095      WEIGHT=   0.71200E-02
        58  ntv_nu      VALUE=    1.0000      WEIGHT=    0.0000    
        59  ntv_nubar   VALUE=    1.0000      WEIGHT=    0.0000    
        60  cdf_jet     VALUE=   0.98910      WEIGHT=    0.0000    
        61  d0_jet      VALUE=   0.83504      WEIGHT=    0.0000    
        62  slac_p      VALUE=    1.0048      WEIGHT=   0.48232E-02
        63  slac_d      VALUE=    1.0042      WEIGHT=   0.52625E-02
        64  e866pp      VALUE=   0.96438      WEIGHT=   0.19188E-01
        65  e866pd      VALUE=   0.96857      WEIGHT=   0.16516E-01
        66  d0_gamjet   VALUE=    1.0391      WEIGHT=   0.16482E-01
        67  h1b         VALUE=   0.97608      WEIGHT=    0.0000    
        68  jlab_p      VALUE=   0.99439      WEIGHT=   0.57989E-02
        69  jlab_d      VALUE=   0.97560      WEIGHT=   0.58777E-02
        70  blank       VALUE=    1.0000      WEIGHT=    0.0000    
        71  d0run2      VALUE=   0.94153      WEIGHT=   0.14203E-01
        72  cdfrun2     VALUE=   0.92693      WEIGHT=   0.17236E-01
        73  HERA_el     VALUE=    1.0000      WEIGHT=    0.0000    
        74  HERA_ps     VALUE=    1.0000      WEIGHT=    0.0000    
        75  CDF_Z       VALUE=   0.96573      WEIGHT=   0.64152E-02
        76  NmcRat      VALUE=    1.0000      WEIGHT=    0.0000    
        77  BNS_F2nd    VALUE=   0.98244      WEIGHT=   0.67043E-02
        78  HERMES_F2p  VALUE=   0.99812      WEIGHT=   0.55759E-02
        79  HERMES_F2d  VALUE=   0.98034      WEIGHT=   0.58160E-02
0THE TOLERANCE IS    0.5000
 THE MAXIMUM NUMBER OF STEPS IS 100
0THE INITIAL CHI SQUARED IS  4.70965E+03
0  STEP  CHI SQUARED    PARAMETER      VALUE         ERROR
 ------------------------------------------------------------
     1    4.70812E+03
                       1  LAMBDA     2.2680E-01       FIX 
                       2  a0uv       2.4077E+00       FIX 
                       3  a1uv       6.1547E-01           
                       4  a2uv       3.5434E+00           
                       5  a3uv       0.0000E+00       FIX 
                       6  a4uv       3.4591E+00           
                       7  a5uv       0.0000E+00       FIX 
                       8  a0dv       2.4673E+01       FIX 
                       9  a1dv       1.1593E+00           
                      10  a2dv       6.5518E+00           
                      11  a3dv      -3.5030E+00           
                      12  a4dv       4.6789E+00           
                      13  a5dv       0.0000E+00       FIX 
                      14  a0ud       1.4656E-01           
                      15  a1ud      -2.0776E-01           
                      16  a2ud       8.3313E+00           
                      17  a3ud       0.0000E+00       FIX 
                      18  a4ud       1.4610E+01           
                      19  a5ud       0.0000E+00       FIX 
                      20  a0du       3.5712E+04       FIX 
                      21  a1du       4.0262E+00           
                      22  a2du       2.0172E+01           
                      23  a3du       1.7000E+01       FIX 
                      24  a4du       5.1569E+01           
                      25  a0g        4.5511E+01       FIX 
                      26  a1g        6.0307E-01           
                      27  a2g        6.4744E+00           
                      28  a3g       -3.3060E+00           
                      29  a4g        3.1709E+00           
                      30  a5g        0.0000E+00       FIX 
                      31  kappa      4.0000E-01       FIX 
                      32  a6dv      -3.6018E-03           
                      33  a7dv       2.0000E+00       FIX 
                      34  off1      -3.6444E+00           
                      35  off2       5.7746E-02           
                      36  ht1       -3.2868E+00           
                      37  ht2        1.9254E+00           
                      38  ht3       -2.0709E+00           
                      39  ht4        0.0000E+00       FIX 
                      40  dummy40    0.0000E+00       FIX 
                      41  dummy41    0.0000E+00       FIX 
                      42  dummy42    0.0000E+00       FIX 
                      43  dummy43    0.0000E+00       FIX 
                      44  dummy44    0.0000E+00       FIX 
                      45  dummy45    0.0000E+00       FIX 
                      46  dummy46    0.0000E+00       FIX 
                      47  dummy47    0.0000E+00       FIX 
                      48  dummy48    0.0000E+00       FIX 
                      49  dummy49    0.0000E+00       FIX 
                      50  bcdmsh2    9.7305E-01           
                      51  bcdmsd2    9.9330E-01           
                      52  ccfr       1.0000E+00       FIX 
                      53  nutev      1.0000E+00       FIX 
                      54  zeus       9.7998E-01       FIX 
                      55  h1         1.0162E+00       FIX 
                      56  e605       1.0319E+00       FIX 
                      57  NmcH2      1.0095E+00           
                      58  ntv_nu     1.0000E+00       FIX 
                      59  ntv_nuba   1.0000E+00       FIX 
                      60  cdf_jet    9.8910E-01       FIX 
                      61  d0_jet     8.3504E-01       FIX 
                      62  slac_p     1.0049E+00           
                      63  slac_d     1.0042E+00           
                      64  e866pp     9.6588E-01           
                      65  e866pd     9.6359E-01           
                      66  d0_gamje   1.0390E+00           
                      67  h1b        9.7608E-01       FIX 
                      68  jlab_p     9.9448E-01           
                      69  jlab_d     9.7569E-01           
                      70  blank      1.0000E+00       FIX 
                      71  d0run2     9.4112E-01           
                      72  cdfrun2    9.2668E-01           
                      73  HERA_el    1.0000E+00       FIX 
                      74  HERA_ps    1.0000E+00       FIX 
                      75  CDF_Z      9.6572E-01           
                      76  NmcRat     1.0000E+00       FIX 
                      77  BNS_F2nd   9.8277E-01           
                      78  HERMES_F   9.9828E-01           
                      79  HERMES_F   9.8048E-01           
 ------------------------------------------------------------
     2    4.70790E+03
                       1  LAMBDA     2.2680E-01    0.0000E+00
                       2  a0uv       2.4067E+00    0.0000E+00
                       3  a1uv       6.1537E-01    1.9856E-02
                       4  a2uv       3.5433E+00    1.2414E-02
                       5  a3uv       0.0000E+00    0.0000E+00
                       6  a4uv       3.4609E+00    4.2903E-01
                       7  a5uv       0.0000E+00    0.0000E+00
                       8  a0dv       2.4684E+01    0.0000E+00
                       9  a1dv       1.1595E+00    3.3533E-02
                      10  a2dv       6.5514E+00    1.5936E-01
                      11  a3dv      -3.5030E+00    8.6332E-02
                      12  a4dv       4.6787E+00    1.4209E-01
                      13  a5dv       0.0000E+00    0.0000E+00
                      14  a0ud       1.4658E-01    5.0348E-03
                      15  a1ud      -2.0775E-01    3.7551E-03
                      16  a2ud       8.3286E+00    1.9114E-01
                      17  a3ud       0.0000E+00    0.0000E+00
                      18  a4ud       1.4606E+01    1.2151E+00
                      19  a5ud       0.0000E+00    0.0000E+00
                      20  a0du       3.5712E+04    0.0000E+00
                      21  a1du       4.0249E+00    7.4070E-02
                      22  a2du       2.0154E+01    8.7862E-01
                      23  a3du       1.7000E+01    0.0000E+00
                      24  a4du       5.1156E+01    1.0239E+01
                      25  a0g        4.5542E+01    0.0000E+00
                      26  a1g        6.0307E-01    3.1164E-02
                      27  a2g        6.4812E+00    9.6748E-01
                      28  a3g       -3.3064E+00    1.3418E-01
                      29  a4g        3.1721E+00    3.1376E-01
                      30  a5g        0.0000E+00    0.0000E+00
                      31  kappa      4.0000E-01    0.0000E+00
                      32  a6dv      -3.6005E-03    6.6324E-04
                      33  a7dv       2.0000E+00    0.0000E+00
                      34  off1      -3.6735E+00    1.5278E+00
                      35  off2       5.7717E-02    1.4842E-02
                      36  ht1       -3.2874E+00    2.6061E-01
                      37  ht2        1.9274E+00    1.0524E-01
                      38  ht3       -2.0701E+00    1.9888E-02
                      39  ht4        0.0000E+00    0.0000E+00
                      40  dummy40    0.0000E+00    0.0000E+00
                      41  dummy41    0.0000E+00    0.0000E+00
                      42  dummy42    0.0000E+00    0.0000E+00
                      43  dummy43    0.0000E+00    0.0000E+00
                      44  dummy44    0.0000E+00    0.0000E+00
                      45  dummy45    0.0000E+00    0.0000E+00
                      46  dummy46    0.0000E+00    0.0000E+00
                      47  dummy47    0.0000E+00    0.0000E+00
                      48  dummy48    0.0000E+00    0.0000E+00
                      49  dummy49    0.0000E+00    0.0000E+00
                      50  bcdmsh2    9.7307E-01    4.8289E-03
                      51  bcdmsd2    9.9317E-01    5.8269E-03
                      52  ccfr       1.0000E+00    0.0000E+00
                      53  nutev      1.0000E+00    0.0000E+00
                      54  zeus       9.7998E-01    0.0000E+00
                      55  h1         1.0162E+00    0.0000E+00
                      56  e605       1.0319E+00    0.0000E+00
                      57  NmcH2      1.0095E+00    7.1247E-03
                      58  ntv_nu     1.0000E+00    0.0000E+00
                      59  ntv_nuba   1.0000E+00    0.0000E+00
                      60  cdf_jet    9.8910E-01    0.0000E+00
                      61  d0_jet     8.3504E-01    0.0000E+00
                      62  slac_p     1.0049E+00    4.8124E-03
                      63  slac_d     1.0042E+00    5.2781E-03
                      64  e866pp     9.6586E-01    1.9263E-02
                      65  e866pd     9.6369E-01    1.5783E-02
                      66  d0_gamje   1.0389E+00    1.6474E-02
                      67  h1b        9.7608E-01    0.0000E+00
                      68  jlab_p     9.9446E-01    5.7943E-03
                      69  jlab_d     9.7557E-01    5.9019E-03
                      70  blank      1.0000E+00    0.0000E+00
                      71  d0run2     9.4087E-01    1.4167E-02
                      72  cdfrun2    9.2649E-01    1.7233E-02
                      73  HERA_el    1.0000E+00    0.0000E+00
                      74  HERA_ps    1.0000E+00    0.0000E+00
                      75  CDF_Z      9.6581E-01    6.4944E-03
                      76  NmcRat     1.0000E+00    0.0000E+00
                      77  BNS_F2nd   9.8310E-01    6.8314E-03
                      78  HERMES_F   9.9832E-01    5.5693E-03
                      79  HERMES_F   9.8039E-01    5.8259E-03
0 MINIMIZATION TERMINATED WITH STEP  2
  TOLERANCE CRITERION      SATISFIED
0 CHI SQUARED PER DEGREE OF FREEDOM IS  1.046E+00
   1.000 -0.433 -0.978  0.272 -0.019  0.155 -0.353  0.457  0.395 -0.296 -0.495 -0.184 -0.271 -0.000  0.178  0.138  0.069 -0.032  0.293 -0.133  0.056  0.089 -0.233  0.151  0.325  0.248  0.154  0.311  0.273 -0.382 -0.183  0.082  0.195  0.214 -0.163 -0.132  0.439  0.142  0.270  0.237
  -0.433  1.000  0.583  0.216  0.363 -0.242  0.231 -0.177 -0.164  0.373  0.284  0.238  0.080  0.150 -0.006  0.077  0.028  0.036 -0.300  0.049  0.091 -0.545  0.376  0.297  0.096  0.058  0.032  0.004  0.039  0.207  0.027  0.007  0.115  0.126 -0.039 -0.013 -0.099 -0.171  0.050  0.052
  -0.978  0.583  1.000 -0.182  0.104 -0.195  0.369 -0.440 -0.386  0.358  0.526  0.220  0.279  0.046 -0.150 -0.095 -0.047  0.029 -0.316  0.133 -0.019 -0.167  0.267 -0.072 -0.209 -0.157 -0.089 -0.193 -0.163  0.448  0.234 -0.067 -0.083 -0.110  0.119  0.097 -0.363 -0.160 -0.164 -0.138
   0.272  0.216 -0.182  1.000  0.827 -0.635  0.015  0.146  0.098 -0.109 -0.219  0.342 -0.202  0.259  0.340  0.245 -0.207  0.235  0.205  0.063  0.230 -0.269  0.148  0.291  0.291  0.225  0.124  0.291  0.236  0.051 -0.102  0.060  0.245  0.154 -0.055 -0.053  0.170 -0.056  0.273  0.227
  -0.019  0.363  0.104  0.827  1.000 -0.882  0.531 -0.089 -0.105  0.161  0.113  0.181 -0.015  0.232  0.230  0.198 -0.206  0.232 -0.188  0.059  0.098 -0.180  0.043  0.210  0.182  0.117  0.121  0.135  0.077  0.127  0.006  0.024  0.134 -0.020 -0.025 -0.027  0.085 -0.007  0.152  0.108
   0.155 -0.242 -0.195 -0.635 -0.882  1.000 -0.737  0.271  0.263 -0.153 -0.272 -0.060 -0.000 -0.313 -0.178 -0.213  0.230 -0.276  0.072  0.088 -0.105  0.188 -0.100 -0.142 -0.084 -0.058 -0.135 -0.062 -0.037 -0.168 -0.129  0.007 -0.073  0.041 -0.001  0.001 -0.021 -0.106 -0.098 -0.080
  -0.353  0.231  0.369  0.015  0.531 -0.737  1.000 -0.412 -0.371  0.457  0.591 -0.271  0.257  0.070 -0.058  0.051 -0.072  0.097 -0.400 -0.123 -0.137  0.021 -0.092 -0.046 -0.032 -0.037  0.113 -0.071 -0.071  0.177  0.270 -0.048 -0.023 -0.123 -0.004 -0.002  0.007  0.183 -0.027 -0.019
   0.457 -0.177 -0.440  0.146 -0.089  0.271 -0.412  1.000  0.967 -0.394 -0.781  0.067 -0.151 -0.113 -0.090 -0.049  0.189 -0.155  0.142  0.059  0.007 -0.023 -0.033  0.065  0.226  0.190  0.149  0.223  0.205 -0.086 -0.069  0.084  0.161  0.179  0.018  0.011  0.315 -0.007  0.201  0.179
   0.395 -0.164 -0.386  0.098 -0.105  0.263 -0.371  0.967  1.000 -0.348 -0.729  0.047 -0.128 -0.116 -0.197 -0.114  0.222 -0.202  0.119  0.057 -0.006 -0.017 -0.029  0.046  0.174  0.146  0.126  0.165  0.150 -0.097 -0.081  0.071  0.116  0.133  0.034  0.022  0.252 -0.010  0.150  0.131
  -0.296  0.373  0.358 -0.109  0.161 -0.153  0.457 -0.394 -0.348  1.000  0.757 -0.339  0.460 -0.239 -0.083 -0.191 -0.210  0.047 -0.304  0.212 -0.317  0.129 -0.059 -0.240 -0.072 -0.030  0.023 -0.058 -0.019 -0.006  0.030 -0.025 -0.004 -0.019  0.118  0.061 -0.046 -0.129 -0.020  0.019
  -0.495  0.284  0.526 -0.219  0.113 -0.272  0.591 -0.781 -0.729  0.757  1.000 -0.297  0.360 -0.163 -0.065 -0.137 -0.128 -0.013 -0.273  0.010 -0.331  0.179 -0.164 -0.235 -0.022 -0.004  0.072  0.018  0.047  0.286  0.395 -0.087  0.058  0.041 -0.036 -0.056  0.030  0.057  0.034  0.077
  -0.184  0.238  0.220  0.342  0.181 -0.060 -0.271  0.067  0.047 -0.339 -0.297  1.000 -0.590  0.307  0.153  0.110 -0.083  0.119  0.111 -0.011  0.450 -0.270  0.305  0.288  0.016  0.032 -0.013  0.035  0.012  0.284 -0.102  0.034  0.024 -0.008  0.042  0.037 -0.204 -0.101  0.069 -0.004
  -0.271  0.080  0.279 -0.202 -0.015 -0.000  0.257 -0.151 -0.128  0.460  0.360 -0.590  1.000 -0.023 -0.193 -0.101  0.150 -0.147 -0.242  0.306 -0.115  0.126 -0.123 -0.020  0.020  0.005  0.026  0.002 -0.017  0.169  0.129 -0.005 -0.005 -0.032 -0.036 -0.029 -0.037 -0.232 -0.012 -0.010
  -0.000  0.150  0.046  0.259  0.232 -0.313  0.070 -0.113 -0.116 -0.239 -0.163  0.307 -0.023  1.000  0.147  0.373 -0.076  0.293  0.110 -0.185  0.734 -0.308  0.342  0.464  0.128  0.066  0.146  0.114  0.036  0.185 -0.061  0.070  0.039 -0.010 -0.014  0.016 -0.225 -0.135  0.132  0.056
   0.178 -0.006 -0.150  0.340  0.230 -0.178 -0.058 -0.090 -0.197 -0.083 -0.065  0.153 -0.193  0.147  1.000  0.704 -0.670  0.800  0.127 -0.027  0.146 -0.052  0.105  0.039  0.107  0.099 -0.040  0.152  0.150 -0.065 -0.093  0.040  0.115  0.119  0.004  0.023  0.056 -0.009  0.138  0.136
   0.138  0.077 -0.095  0.245  0.198 -0.213  0.051 -0.049 -0.114 -0.191 -0.137  0.110 -0.101  0.373  0.704  1.000 -0.213  0.717  0.058 -0.057  0.383 -0.260  0.310  0.215  0.117  0.135  0.042  0.215  0.243  0.003 -0.027  0.051  0.189  0.219 -0.206 -0.079  0.013 -0.021  0.182  0.208
   0.069  0.028 -0.047 -0.207 -0.206  0.230 -0.072  0.189  0.222 -0.210 -0.128 -0.083  0.150 -0.076 -0.670 -0.213  1.000 -0.813 -0.081 -0.002  0.063 -0.141 -0.042  0.245  0.142  0.125  0.157  0.173  0.180  0.195  0.242 -0.009  0.175  0.190 -0.404 -0.278  0.239  0.062  0.102  0.113
  -0.032  0.036  0.029  0.235  0.232 -0.276  0.097 -0.155 -0.202  0.047 -0.013  0.119 -0.147  0.293  0.800  0.717 -0.813  1.000  0.067 -0.013  0.200 -0.076  0.272 -0.065 -0.117 -0.076 -0.128 -0.090 -0.069 -0.185 -0.256  0.037 -0.089 -0.076  0.218  0.199 -0.269 -0.090 -0.046 -0.033
   0.293 -0.300 -0.316  0.205 -0.188  0.072 -0.400  0.142  0.119 -0.304 -0.273  0.111 -0.242  0.110  0.127  0.058 -0.081  0.067  1.000 -0.351  0.163 -0.223  0.224  0.125  0.090  0.110  0.030  0.141  0.183 -0.087 -0.065  0.023  0.107  0.214 -0.025 -0.018  0.083  0.033  0.129  0.144
  -0.133  0.049  0.133  0.063  0.059  0.088 -0.123  0.059  0.057  0.212  0.010 -0.011  0.306 -0.185 -0.027 -0.057 -0.002 -0.013 -0.351  1.000 -0.173  0.010  0.004 -0.021 -0.112  0.040 -0.096 -0.086 -0.051 -0.009 -0.143  0.012 -0.003 -0.095  0.083  0.058 -0.134 -0.360 -0.104 -0.038
   0.056  0.091 -0.019  0.230  0.098 -0.105 -0.137  0.007 -0.006 -0.317 -0.331  0.450 -0.115  0.734  0.146  0.383  0.063  0.200  0.163 -0.173  1.000 -0.361  0.400  0.689  0.070  0.124  0.021  0.037  0.069  0.090 -0.153  0.075 -0.054 -0.010 -0.052 -0.002 -0.265 -0.188  0.053  0.085
   0.089 -0.545 -0.167 -0.269 -0.180  0.188  0.021 -0.023 -0.017  0.129  0.179 -0.270  0.126 -0.308 -0.052 -0.260 -0.141 -0.076 -0.223  0.010 -0.361  1.000 -0.812 -0.497 -0.024 -0.061  0.026 -0.032 -0.086  0.024  0.172 -0.030 -0.183 -0.227  0.094  0.023  0.157  0.116 -0.039 -0.070
  -0.233  0.376  0.267  0.148  0.043 -0.100 -0.092 -0.033 -0.029 -0.059 -0.164  0.305 -0.123  0.342  0.105  0.310 -0.042  0.272  0.224  0.004  0.400 -0.812  1.000  0.119 -0.154 -0.069 -0.127  0.004  0.070 -0.092 -0.286  0.031  0.075  0.159  0.077  0.109 -0.386 -0.192 -0.018  0.018
   0.151  0.297 -0.072  0.291  0.210 -0.142 -0.046  0.065  0.046 -0.240 -0.235  0.288 -0.020  0.464  0.039  0.215  0.245 -0.065  0.125 -0.021  0.689 -0.497  0.119  1.000  0.214  0.305  0.110  0.003  0.143  0.141 -0.007  0.055  0.018  0.127 -0.216 -0.136  0.024 -0.210  0.076  0.168
   0.325  0.096 -0.209  0.291  0.182 -0.084 -0.032  0.226  0.174 -0.072 -0.022  0.016  0.020  0.128  0.107  0.117  0.142 -0.117  0.090 -0.112  0.070 -0.024 -0.154  0.214  1.000  0.493  0.388  0.690  0.614  0.395  0.463  0.058  0.563  0.520 -0.238 -0.209  0.579  0.108  0.596  0.552
   0.248  0.058 -0.157  0.225  0.117 -0.058 -0.037  0.190  0.146 -0.030 -0.004  0.032  0.005  0.066  0.099  0.135  0.125 -0.076  0.110  0.040  0.124 -0.061 -0.069  0.305  0.493  1.000  0.321  0.537  0.663  0.330  0.408  0.046  0.413  0.544 -0.203 -0.172  0.474 -0.040  0.488  0.578
   0.154  0.032 -0.089  0.124  0.121 -0.135  0.113  0.149  0.126  0.023  0.072 -0.013  0.026  0.146 -0.040  0.042  0.157 -0.128  0.030 -0.096  0.021  0.026 -0.127  0.110  0.388  0.321  1.000  0.438  0.409  0.346  0.412  0.030  0.347  0.336 -0.167 -0.145  0.423  0.097  0.420  0.396
   0.311  0.004 -0.193  0.291  0.135 -0.062 -0.071  0.223  0.165 -0.058  0.018  0.035  0.002  0.114  0.152  0.215  0.173 -0.090  0.141 -0.086  0.037 -0.032  0.004  0.003  0.690  0.537  0.438  1.000  0.805  0.482  0.567  0.058  0.764  0.690 -0.283 -0.242  0.646  0.156  0.750  0.689
   0.273  0.039 -0.163  0.236  0.077 -0.037 -0.071  0.205  0.150 -0.019  0.047  0.012 -0.017  0.036  0.150  0.243  0.180 -0.069  0.183 -0.051  0.069 -0.086  0.070  0.143  0.614  0.663  0.409  0.805  1.000  0.431  0.561  0.046  0.622  0.824 -0.290 -0.237  0.621  0.000  0.693  0.794
  -0.382  0.207  0.448  0.051  0.127 -0.168  0.177 -0.086 -0.097 -0.006  0.286  0.284  0.169  0.185 -0.065  0.003  0.195 -0.185 -0.087 -0.009  0.090  0.024 -0.092  0.141  0.395  0.330  0.346  0.482  0.431  1.000  0.694 -0.008  0.398  0.346 -0.192 -0.168  0.311  0.029  0.445  0.401
  -0.183  0.027  0.234 -0.102  0.006 -0.129  0.270 -0.069 -0.081  0.030  0.395 -0.102  0.129 -0.061 -0.093 -0.027  0.242 -0.256 -0.065 -0.143 -0.153  0.172 -0.286 -0.007  0.463  0.408  0.412  0.567  0.561  0.694  1.000 -0.035  0.471  0.469 -0.260 -0.229  0.573  0.222  0.500  0.531
   0.082  0.007 -0.067  0.060  0.024  0.007 -0.048  0.084  0.071 -0.025 -0.087  0.034 -0.005  0.070  0.040  0.051 -0.009  0.037  0.023  0.012  0.075 -0.030  0.031  0.055  0.058  0.046  0.030  0.058  0.046 -0.008 -0.035  1.000  0.040  0.035  0.010  0.010  0.016 -0.034  0.053  0.041
   0.195  0.115 -0.083  0.245  0.134 -0.073 -0.023  0.161  0.116 -0.004  0.058  0.024 -0.005  0.039  0.115  0.189  0.175 -0.089  0.107 -0.003 -0.054 -0.183  0.075  0.018  0.563  0.413  0.347  0.764  0.622  0.398  0.471  0.040  1.000  0.591 -0.252 -0.208  0.533  0.163  0.597  0.534
   0.214  0.126 -0.110  0.154 -0.020  0.041 -0.123  0.179  0.133 -0.019  0.041 -0.008 -0.032 -0.010  0.119  0.219  0.190 -0.076  0.214 -0.095 -0.010 -0.227  0.159  0.127  0.520  0.544  0.336  0.690  0.824  0.346  0.469  0.035  0.591  1.000 -0.270 -0.212  0.536  0.022  0.586  0.663
  -0.163 -0.039  0.119 -0.055 -0.025 -0.001 -0.004  0.018  0.034  0.118 -0.036  0.042 -0.036 -0.014  0.004 -0.206 -0.404  0.218 -0.025  0.083 -0.052  0.094  0.077 -0.216 -0.238 -0.203 -0.167 -0.283 -0.290 -0.192 -0.260  0.010 -0.252 -0.270  1.000  0.282 -0.328 -0.096 -0.234 -0.241
  -0.132 -0.013  0.097 -0.053 -0.027  0.001 -0.002  0.011  0.022  0.061 -0.056  0.037 -0.029  0.016  0.023 -0.079 -0.278  0.199 -0.018  0.058 -0.002  0.023  0.109 -0.136 -0.209 -0.172 -0.145 -0.242 -0.237 -0.168 -0.229  0.010 -0.208 -0.212  0.282  1.000 -0.282 -0.085 -0.202 -0.201
   0.439 -0.099 -0.363  0.170  0.085 -0.021  0.007  0.315  0.252 -0.046  0.030 -0.204 -0.037 -0.225  0.056  0.013  0.239 -0.269  0.083 -0.134 -0.265  0.157 -0.386  0.024  0.579  0.474  0.423  0.646  0.621  0.311  0.573  0.016  0.533  0.536 -0.328 -0.282  1.000  0.262  0.574  0.572
   0.142 -0.171 -0.160 -0.056 -0.007 -0.106  0.183 -0.007 -0.010 -0.129  0.057 -0.101 -0.232 -0.135 -0.009 -0.021  0.062 -0.090  0.033 -0.360 -0.188  0.116 -0.192 -0.210  0.108 -0.040  0.097  0.156  0.000  0.029  0.222 -0.034  0.163  0.022 -0.096 -0.085  0.262  1.000  0.106  0.020
   0.270  0.050 -0.164  0.273  0.152 -0.098 -0.027  0.201  0.150 -0.020  0.034  0.069 -0.012  0.132  0.138  0.182  0.102 -0.046  0.129 -0.104  0.053 -0.039 -0.018  0.076  0.596  0.488  0.420  0.750  0.693  0.445  0.500  0.053  0.597  0.586 -0.234 -0.202  0.574  0.106  1.000  0.619
   0.237  0.052 -0.138  0.227  0.108 -0.080 -0.019  0.179  0.131  0.019  0.077 -0.004 -0.010  0.056  0.136  0.208  0.113 -0.033  0.144 -0.038  0.085 -0.070  0.018  0.168  0.552  0.578  0.396  0.689  0.794  0.401  0.531  0.041  0.534  0.663 -0.241 -0.201  0.572  0.020  0.619  1.000

0                ***   ***   ***  ***   ***   ***



     X        Q2         W2       THEORY        error         DATA           ERROR        chi^2     _w    ITYPE
.4831E+00     3.585  0.472E+01   0.17940E+00   0.66439E-03   0.18590E+00    0.56080E-02   -1.35         jl00106F2p
.4904E+00     3.624  0.465E+01   0.17448E+00   0.64044E-03   0.18170E+00    0.55227E-02   -1.71         jl00106F2p
.4978E+00     3.663  0.458E+01   0.16955E+00   0.61649E-03   0.17590E+00    0.53000E-02   -1.44         jl00106F2p
.5052E+00     3.702  0.451E+01   0.16466E+00   0.59286E-03   0.16780E+00    0.50774E-02   -0.38         jl00106F2p
.5127E+00     3.740  0.444E+01   0.15977E+00   0.56930E-03   0.16030E+00    0.48549E-02   -0.01         jl00106F2p
.5202E+00     3.779  0.437E+01   0.15493E+00   0.54615E-03   0.15490E+00    0.47707E-02    0.00         jl00106F2p
.5278E+00     3.818  0.430E+01   0.15008E+00   0.52316E-03   0.15390E+00    0.46872E-02   -0.66         jl00106F2p
.5355E+00     3.857  0.423E+01   0.14524E+00   0.50039E-03   0.14960E+00    0.45486E-02   -0.92         jl00106F2p
.5433E+00     3.895  0.416E+01   0.14040E+00   0.47792E-03   0.13750E+00    0.42438E-02    0.47         jl00106F2p
.5511E+00     3.934  0.409E+01   0.13564E+00   0.45610E-03   0.13020E+00    0.40224E-02    1.83         jl00106F2p
.5590E+00     3.973  0.402E+01   0.13089E+00   0.43474E-03   0.12690E+00    0.40224E-02    0.98         jl00106F2p
.5669E+00     4.012  0.395E+01   0.12622E+00   0.41419E-03   0.12380E+00    0.39408E-02    0.38         jl00106F2p
.5749E+00     4.051  0.388E+01   0.12157E+00   0.39430E-03   0.12040E+00    0.38013E-02    0.10         jl00106F2p
.5830E+00     4.089  0.381E+01   0.11697E+00   0.37522E-03   0.11930E+00    0.38013E-02   -0.38         jl00106F2p
.5912E+00     4.128  0.374E+01   0.11240E+00   0.35705E-03   0.11430E+00    0.35805E-02   -0.28         jl00106F2p
.5995E+00     4.167  0.367E+01   0.10787E+00   0.33995E-03   0.10560E+00    0.33601E-02    0.46         jl00106F2p
.6000E+00     4.169  0.366E+01   0.10760E+00   0.33895E-03   0.10820E+00    0.31765E-02   -0.04         jl00106F2p
.6097E+00     4.214  0.358E+01   0.10244E+00   0.32079E-03   0.10210E+00    0.30017E-02    0.01         jl00106F2p
.6195E+00     4.259  0.350E+01   0.97359E-01   0.30447E-03   0.97600E-01    0.28653E-02   -0.01         jl00106F2p
.6293E+00     4.304  0.342E+01   0.92417E-01   0.29026E-03   0.89300E-01    0.26420E-02    1.39         jl00106F2p
.6393E+00     4.349  0.334E+01   0.87523E-01   0.27802E-03   0.86400E-01    0.25554E-02    0.19         jl00106F2p
.6494E+00     4.395  0.325E+01   0.82728E-01   0.26791E-03   0.79900E-01    0.24187E-02    1.37         jl00106F2p
.6597E+00     4.440  0.317E+01   0.78004E-01   0.25988E-03   0.76600E-01    0.23324E-02    0.36         jl00106F2p
.6700E+00     4.485  0.309E+01   0.73431E-01   0.25387E-03   0.76100E-01    0.23324E-02   -1.31         jl00106F2p
.6804E+00     4.530  0.301E+01   0.68976E-01   0.24960E-03   0.73900E-01    0.22472E-02   -4.80         jl00106F2p
.5300E+00     3.995  0.442E+01   0.14707E+00   0.51098E-03   0.15580E+00    0.52498E-02   -2.77         jl00106F2p
.5379E+00     4.039  0.435E+01   0.14208E+00   0.48799E-03   0.14340E+00    0.48918E-02   -0.07         jl00106F2p
.5458E+00     4.082  0.428E+01   0.13717E+00   0.46560E-03   0.13850E+00    0.47508E-02   -0.08         jl00106F2p
.5538E+00     4.125  0.421E+01   0.13229E+00   0.44362E-03   0.13450E+00    0.46755E-02   -0.22         jl00106F2p
.5619E+00     4.168  0.413E+01   0.12743E+00   0.42212E-03   0.13210E+00    0.45343E-02   -1.06         jl00106F2p
.5700E+00     4.211  0.406E+01   0.12265E+00   0.40143E-03   0.12320E+00    0.43186E-02   -0.02         jl00106F2p
.5782E+00     4.255  0.399E+01   0.11791E+00   0.38141E-03   0.11910E+00    0.41773E-02   -0.08         jl00106F2p
.5865E+00     4.298  0.391E+01   0.11320E+00   0.36217E-03   0.11650E+00    0.41037E-02   -0.65         jl00106F2p
.5948E+00     4.341  0.384E+01   0.10859E+00   0.34405E-03   0.11300E+00    0.40311E-02   -1.20         jl00106F2p
.6032E+00     4.384  0.377E+01   0.10402E+00   0.32693E-03   0.10210E+00    0.36770E-02    0.27         jl00106F2p
.6117E+00     4.427  0.369E+01   0.99507E-01   0.31095E-03   0.99200E-01    0.36069E-02    0.01         jl00106F2p
.6203E+00     4.471  0.362E+01   0.95050E-01   0.29623E-03   0.96700E-01    0.36069E-02   -0.21         jl00106F2p
.6289E+00     4.514  0.355E+01   0.90701E-01   0.28301E-03   0.88900E-01    0.33971E-02    0.28         jl00106F2p
.6376E+00     4.557  0.347E+01   0.86416E-01   0.27120E-03   0.84700E-01    0.32558E-02    0.28         jl00106F2p
.6463E+00     4.600  0.340E+01   0.82243E-01   0.26096E-03   0.78900E-01    0.30480E-02    1.20         jl00106F2p
.6552E+00     4.643  0.333E+01   0.78101E-01   0.25211E-03   0.79600E-01    0.30480E-02   -0.24         jl00106F2p
.6556E+00     4.646  0.332E+01   0.77915E-01   0.25174E-03   0.77000E-01    0.23854E-02    0.15         jl00106F2p
.6660E+00     4.696  0.324E+01   0.73233E-01   0.24340E-03   0.71900E-01    0.21633E-02    0.38         jl00106F2p
.6765E+00     4.746  0.315E+01   0.68674E-01   0.23688E-03   0.69900E-01    0.21633E-02   -0.32         jl00106F2p
.6871E+00     4.796  0.307E+01   0.64246E-01   0.23199E-03   0.68400E-01    0.21633E-02   -3.69         jl00106F2p
.5472E+00     4.282  0.442E+01   0.13459E+00   0.45671E-03   0.13960E+00    0.47508E-02   -1.11         jl00106F2p
.5551E+00     4.328  0.435E+01   0.12975E+00   0.43526E-03   0.13540E+00    0.46098E-02   -1.50         jl00106F2p
.5629E+00     4.374  0.428E+01   0.12504E+00   0.41473E-03   0.13390E+00    0.44688E-02   -3.93         jl00106F2p
.5709E+00     4.421  0.420E+01   0.12031E+00   0.39444E-03   0.11770E+00    0.41037E-02    0.40         jl00106F2p
.5789E+00     4.467  0.413E+01   0.11566E+00   0.37497E-03   0.11710E+00    0.41037E-02   -0.12         jl00106F2p
.5869E+00     4.513  0.406E+01   0.11110E+00   0.35637E-03   0.11210E+00    0.39623E-02   -0.06         jl00106F2p
.5950E+00     4.559  0.399E+01   0.10658E+00   0.33853E-03   0.10440E+00    0.37483E-02    0.34         jl00106F2p
.6032E+00     4.606  0.391E+01   0.10210E+00   0.32153E-03   0.98400E-01    0.35355E-02    1.10         jl00106F2p
.6114E+00     4.652  0.384E+01   0.97723E-01   0.30566E-03   0.97100E-01    0.35355E-02    0.03         jl00106F2p
.6197E+00     4.698  0.376E+01   0.93398E-01   0.29083E-03   0.89200E-01    0.33242E-02    1.59         jl00106F2p
