 Correlated errors added in quadrature with statistical errors
 HerF2pCut  DIS data with   1.69< Q2 < 0.500D+03 and 0.000 < xB < 1.000 and   3.00< W2 < 0.100D+04 and 0.000 < y < 1.000
   GP TMC applied
   HT corrections, multiplicative C=C(xB)
 Correlated errors added in quadrature with statistical errors
 HerF2dCut  DIS data with   1.69< Q2 < 0.500D+03 and 0.000 < xB < 1.000 and   3.00< W2 < 0.100D+04 and 0.000 < y < 1.000
   WBArel smearing  (AV18) - KP free floating0 nuke corrections
   GP TMC applied
   HT corrections, multiplicative C=C(xB)
 Correlated errors added in quadrature with statistical errors
 slac_p     DIS data with   1.69< Q2 < 0.500D+03 and 0.000 < xB < 1.000 and   3.00< W2 < 0.100D+04 and 0.000 < y < 1.000
   GP TMC applied
   HT corrections, multiplicative C=C(xB)
 Correlated errors added in quadrature with statistical errors
 slac_d     DIS data with   1.69< Q2 < 0.500D+03 and 0.000 < xB < 1.000 and   3.00< W2 < 0.100D+04 and 0.000 < y < 1.000
   WBArel smearing  (AV18) - KP free floating0 nuke corrections
   GP TMC applied
   HT corrections, multiplicative C=C(xB)
 Correlated errors treated separately from statistical errors
 BcdF2pCor  DIS data with   1.69< Q2 < 0.500D+03 and 0.000 < xB < 1.000 and   3.00< W2 < 0.100D+04 and 0.000 < y < 1.000
   GP TMC applied
   HT corrections, multiplicative C=C(xB)
 Correlated errors treated separately from statistical errors
 BcdF2dCor  DIS data with   1.69< Q2 < 0.500D+03 and 0.000 < xB < 1.000 and   3.00< W2 < 0.100D+04 and 0.000 < y < 1.000
   WBArel smearing  (AV18) - KP free floating0 nuke corrections
   GP TMC applied
   HT corrections, multiplicative C=C(xB)
 Correlated errors treated separately from statistical errors
 NmcF2pCor  DIS data with   1.69< Q2 < 0.500D+03 and 0.000 < xB < 1.000 and   3.00< W2 < 0.100D+04 and 0.000 < y < 1.000
   GP TMC applied
   HT corrections, multiplicative C=C(xB)
 Correlated errors treated separately from statistical errors
 NmcRatCor  DIS data with   1.69< Q2 < 0.500D+03 and 0.000 < xB < 1.000 and   3.00< W2 < 0.100D+04 and 0.000 < y < 1.000
   WBArel smearing  (AV18) - KP free floating0 nuke corrections
   GP TMC applied
   HT corrections, multiplicative C=C(xB)
 Correlated errors treated separately from statistical errors
 H2_NC_em   DIS data with   1.69< Q2 < 0.100D+06 and 0.000 < xB < 1.000 and   3.00< W2 < 0.100D+08 and 0.000 < y < 1.000
   GP TMC applied
   HT corrections, multiplicative C=C(xB)
 Correlated errors treated separately from statistical errors
 H2_NC_ep_1 DIS data with   1.69< Q2 < 0.100D+06 and 0.000 < xB < 1.000 and   3.00< W2 < 0.100D+08 and 0.000 < y < 1.000
   GP TMC applied
   HT corrections, multiplicative C=C(xB)
 Correlated errors treated separately from statistical errors
 H2_NC_ep_2 DIS data with   1.69< Q2 < 0.100D+06 and 0.000 < xB < 1.000 and   3.00< W2 < 0.100D+08 and 0.000 < y < 1.000
   GP TMC applied
   HT corrections, multiplicative C=C(xB)
 Correlated errors treated separately from statistical errors
 H2_NC_ep_3 DIS data with   1.69< Q2 < 0.100D+06 and 0.000 < xB < 1.000 and   3.00< W2 < 0.100D+08 and 0.000 < y < 1.000
   GP TMC applied
   HT corrections, multiplicative C=C(xB)
 Correlated errors treated separately from statistical errors
 H2_NC_ep_4 DIS data with   1.69< Q2 < 0.100D+06 and 0.000 < xB < 1.000 and   3.00< W2 < 0.100D+08 and 0.000 < y < 1.000
   GP TMC applied
   HT corrections, multiplicative C=C(xB)
 Correlated errors treated separately from statistical errors
 H2_CC_em   DIS data with   1.69< Q2 < 0.100D+06 and 0.000 < xB < 1.000 and   3.00< W2 < 0.100D+08 and 0.000 < y < 1.000
   GP TMC applied
   HT corrections, multiplicative C=C(xB)
 Correlated errors treated separately from statistical errors
 H2_CC_ep   DIS data with   1.69< Q2 < 0.100D+06 and 0.000 < xB < 1.000 and   3.00< W2 < 0.100D+08 and 0.000 < y < 1.000
   GP TMC applied
   HT corrections, multiplicative C=C(xB)
 Correlated errors added in quadrature with statistical errors
 BNS_F2nd   DIS data with   1.69< Q2 < 0.100D+06 and 0.000 < xB < 1.000 and   3.00< W2 < 0.100D+08 and 0.000 < y < 1.000
   WBArel smearing  (AV18) - KP free floating0 nuke corrections
   GP TMC applied
   HT corrections, multiplicative C=C(xB)
 Correlated errors added in quadrature with statistical errors
 e866pp06xf vector boson data with Q2 >=  36.00
 Correlated errors added in quadrature with statistical errors
 e866pd06xf vector boson data with Q2 >=  36.00
 Correlated errors added in quadrature with statistical errors
 cdfLasy05  vector boson data with Q2 >=   0.00
 Correlated errors added in quadrature with statistical errors
 d0Lasy_e15 vector boson data with Q2 >=   0.00
 Correlated errors added in quadrature with statistical errors
 d0Lasy13   vector boson data with Q2 >=   0.00
 Correlated errors added in quadrature with statistical errors
 CDF_Wasy   vector boson data with Q2 >=   0.00
 Correlated errors added in quadrature with statistical errors
 D0_Wasy    vector boson data with Q2 >=   0.00
 Correlated errors added in quadrature with statistical errors
 CDF_Z      vector boson data with Q2 >=   0.00
 Correlated errors added in quadrature with statistical errors
 D0_Z       vector boson data with Q2 >=   0.00
 Correlated errors added in quadrature with statistical errors
 d0run2coneJet data - errors added in quadrature
 Correlated errors added in quadrature with statistical errors
 CDFrun2jetJet data - errors added in quadrature
 Correlated errors added in quadrature with statistical errors
 d0_gamjet1 Photon data -- cuts to be written yet ...
 Correlated errors added in quadrature with statistical errors
 d0_gamjet2 Photon data -- cuts to be written yet ...
 Correlated errors added in quadrature with statistical errors
 d0_gamjet3 Photon data -- cuts to be written yet ...
 Correlated errors added in quadrature with statistical errors
 d0_gamjet4 Photon data -- cuts to be written yet ...

# fitpack15: fit output
# CJ15 AV18 final data choices                                                 

Parametrization   7 used here

 S-ACOT scheme used  for NC DIS

 charm mass =     1.30 GeV     bottom mass =     4.50 GeV



 THIS IS A NEXT TO LEADING ORDER FIT

 Q02=    1.69
         1  LAMBDA      VALUE=   0.22680      WEIGHT=    0.0000    
         2  a0uv        VALUE=    2.4169      WEIGHT=    0.0000    
         3  a1uv        VALUE=   0.61635      WEIGHT=   0.20395E-01
         4  a2uv        VALUE=    3.5428      WEIGHT=   0.12297E-01
         5  a3uv        VALUE=    0.0000      WEIGHT=    0.0000    
         6  a4uv        VALUE=    3.4395      WEIGHT=   0.43683    
         7  a5uv        VALUE=    0.0000      WEIGHT=    0.0000    
         8  a0dv        VALUE=    24.544      WEIGHT=    0.0000    
         9  a1dv        VALUE=    1.1585      WEIGHT=   0.33842E-01
        10  a2dv        VALUE=    6.5538      WEIGHT=   0.15967    
        11  a3dv        VALUE=   -3.5001      WEIGHT=   0.87255E-01
        12  a4dv        VALUE=    4.6830      WEIGHT=   0.14394    
        13  a5dv        VALUE=    0.0000      WEIGHT=    0.0000    
        14  a0ud        VALUE=   0.14662      WEIGHT=   0.50263E-02
        15  a1ud        VALUE=  -0.20771      WEIGHT=   0.37519E-02
        16  a2ud        VALUE=    8.3632      WEIGHT=   0.18523    
        17  a3ud        VALUE=    0.0000      WEIGHT=    0.0000    
        18  a4ud        VALUE=    14.678      WEIGHT=    1.2107    
        19  a5ud        VALUE=    0.0000      WEIGHT=    0.0000    
        20  a0du        VALUE=    35712.      WEIGHT=    0.0000    
        21  a1du        VALUE=    4.0198      WEIGHT=   0.71322E-01
        22  a2du        VALUE=    20.251      WEIGHT=   0.86082    
        23  a3du        VALUE=    17.000      WEIGHT=    0.0000    
        24  a4du        VALUE=    50.601      WEIGHT=    9.0827    
        25  a0g         VALUE=    45.217      WEIGHT=    0.0000    
        26  a1g         VALUE=   0.60182      WEIGHT=   0.31731E-01
        27  a2g         VALUE=    6.4148      WEIGHT=    1.0043    
        28  a3g         VALUE=   -3.3037      WEIGHT=   0.13891    
        29  a4g         VALUE=    3.1575      WEIGHT=   0.30059    
        30  a5g         VALUE=    0.0000      WEIGHT=    0.0000    
        31  kappa       VALUE=   0.40000      WEIGHT=    0.0000    
        32  a6dv        VALUE=  -0.36574E-02  WEIGHT=   0.67517E-03
        33  a7dv        VALUE=    2.0000      WEIGHT=    0.0000    
        34  off1        VALUE=   -3.5009      WEIGHT=    1.4769    
        35  off2        VALUE=   0.56166E-01  WEIGHT=   0.58667E-01
        36  ht1         VALUE=   -3.2479      WEIGHT=   0.26672    
        37  ht2         VALUE=    1.9154      WEIGHT=   0.10687    
        38  ht3         VALUE=   -2.0748      WEIGHT=   0.22824E-01
        39  ht4         VALUE=    0.0000      WEIGHT=    0.0000    
        40  dummy40     VALUE=    0.0000      WEIGHT=    0.0000    
        41  dummy41     VALUE=    0.0000      WEIGHT=    0.0000    
        42  dummy42     VALUE=    0.0000      WEIGHT=    0.0000    
        43  dummy43     VALUE=    0.0000      WEIGHT=    0.0000    
        44  dummy44     VALUE=    0.0000      WEIGHT=    0.0000    
        45  dummy45     VALUE=    0.0000      WEIGHT=    0.0000    
        46  dummy46     VALUE=    0.0000      WEIGHT=    0.0000    
        47  dummy47     VALUE=    0.0000      WEIGHT=    0.0000    
        48  dummy48     VALUE=    0.0000      WEIGHT=    0.0000    
        49  dummy49     VALUE=    0.0000      WEIGHT=    0.0000    
        50  bcdmsh2     VALUE=   0.97285      WEIGHT=   0.48427E-02
        51  bcdmsd2     VALUE=   0.99317      WEIGHT=   0.57972E-02
        52  ccfr        VALUE=    1.0000      WEIGHT=    0.0000    
        53  nutev       VALUE=    1.0000      WEIGHT=    0.0000    
        54  zeus        VALUE=   0.97998      WEIGHT=    0.0000    
        55  h1          VALUE=    1.0162      WEIGHT=    0.0000    
        56  e605        VALUE=    1.0319      WEIGHT=    0.0000    
        57  NmcH2       VALUE=    1.0095      WEIGHT=   0.71200E-02
        58  ntv_nu      VALUE=    1.0000      WEIGHT=    0.0000    
        59  ntv_nubar   VALUE=    1.0000      WEIGHT=    0.0000    
        60  cdf_jet     VALUE=   0.98910      WEIGHT=    0.0000    
        61  d0_jet      VALUE=   0.83504      WEIGHT=    0.0000    
        62  slac_p      VALUE=    1.0048      WEIGHT=   0.48232E-02
        63  slac_d      VALUE=    1.0042      WEIGHT=   0.52625E-02
        64  e866pp      VALUE=   0.96438      WEIGHT=   0.19188E-01
        65  e866pd      VALUE=   0.96857      WEIGHT=   0.16516E-01
        66  d0_gamjet   VALUE=    1.0391      WEIGHT=   0.16482E-01
        67  h1b         VALUE=   0.97608      WEIGHT=    0.0000    
        68  jlab_p      VALUE=   0.99439      WEIGHT=    0.0000    
        69  jlab_d      VALUE=   0.97560      WEIGHT=    0.0000    
        70  blank       VALUE=    1.0000      WEIGHT=    0.0000    
        71  d0run2      VALUE=   0.94153      WEIGHT=   0.14203E-01
        72  cdfrun2     VALUE=   0.92693      WEIGHT=   0.17236E-01
        73  HERA_el     VALUE=    1.0000      WEIGHT=    0.0000    
        74  HERA_ps     VALUE=    1.0000      WEIGHT=    0.0000    
        75  CDF_Z       VALUE=   0.96573      WEIGHT=   0.64152E-02
        76  NmcRat      VALUE=    1.0000      WEIGHT=    0.0000    
        77  BNS_F2nd    VALUE=   0.98244      WEIGHT=   0.67043E-02
        78  HERMES_F2p  VALUE=   0.99812      WEIGHT=   0.55759E-02
        79  HERMES_F2d  VALUE=   0.98034      WEIGHT=   0.58160E-02
0THE TOLERANCE IS    0.5000
 THE MAXIMUM NUMBER OF STEPS IS 100
0THE INITIAL CHI SQUARED IS  4.41914E+03
0  STEP  CHI SQUARED    PARAMETER      VALUE         ERROR
 ------------------------------------------------------------
     1    4.41172E+03
                       1  LAMBDA     2.2680E-01       FIX 
                       2  a0uv       2.3258E+00       FIX 
                       3  a1uv       6.0740E-01           
                       4  a2uv       3.5513E+00           
                       5  a3uv       0.0000E+00       FIX 
                       6  a4uv       3.6397E+00           
                       7  a5uv       0.0000E+00       FIX 
                       8  a0dv       2.4808E+01       FIX 
                       9  a1dv       1.1597E+00           
                      10  a2dv       6.5475E+00           
                      11  a3dv      -3.5045E+00           
                      12  a4dv       4.6657E+00           
                      13  a5dv       0.0000E+00       FIX 
                      14  a0ud       1.4611E-01           
                      15  a1ud      -2.0804E-01           
                      16  a2ud       8.2939E+00           
                      17  a3ud       0.0000E+00       FIX 
                      18  a4ud       1.4329E+01           
                      19  a5ud       0.0000E+00       FIX 
                      20  a0du       3.5712E+04       FIX 
                      21  a1du       4.0476E+00           
                      22  a2du       2.0114E+01           
                      23  a3du       1.7000E+01       FIX 
                      24  a4du       5.3630E+01           
                      25  a0g        4.5538E+01       FIX 
                      26  a1g        6.0485E-01           
                      27  a2g        6.6400E+00           
                      28  a3g       -3.3038E+00           
                      29  a4g        3.2192E+00           
                      30  a5g        0.0000E+00       FIX 
                      31  kappa      4.0000E-01       FIX 
                      32  a6dv      -3.5016E-03           
                      33  a7dv       2.0000E+00       FIX 
                      34  off1      -3.2248E+00           
                      35  off2       6.1378E-02           
                      36  ht1       -3.7553E+00           
                      37  ht2        2.0675E+00           
                      38  ht3       -2.0585E+00           
                      39  ht4        0.0000E+00       FIX 
                      40  dummy40    0.0000E+00       FIX 
                      41  dummy41    0.0000E+00       FIX 
                      42  dummy42    0.0000E+00       FIX 
                      43  dummy43    0.0000E+00       FIX 
                      44  dummy44    0.0000E+00       FIX 
                      45  dummy45    0.0000E+00       FIX 
                      46  dummy46    0.0000E+00       FIX 
                      47  dummy47    0.0000E+00       FIX 
                      48  dummy48    0.0000E+00       FIX 
                      49  dummy49    0.0000E+00       FIX 
                      50  bcdmsh2    9.7138E-01           
                      51  bcdmsd2    9.9126E-01           
                      52  ccfr       1.0000E+00       FIX 
                      53  nutev      1.0000E+00       FIX 
                      54  zeus       9.7998E-01       FIX 
                      55  h1         1.0162E+00       FIX 
                      56  e605       1.0319E+00       FIX 
                      57  NmcH2      1.0073E+00           
                      58  ntv_nu     1.0000E+00       FIX 
                      59  ntv_nuba   1.0000E+00       FIX 
                      60  cdf_jet    9.8910E-01       FIX 
                      61  d0_jet     8.3504E-01       FIX 
                      62  slac_p     1.0032E+00           
                      63  slac_d     1.0017E+00           
                      64  e866pp     9.6190E-01           
                      65  e866pd     9.5615E-01           
                      66  d0_gamje   1.0389E+00           
                      67  h1b        9.7608E-01       FIX 
                      68  jlab_p     9.9439E-01       FIX 
                      69  jlab_d     9.7560E-01       FIX 
                      70  blank      1.0000E+00       FIX 
                      71  d0run2     9.4218E-01           
                      72  cdfrun2    9.2879E-01           
                      73  HERA_el    1.0000E+00       FIX 
                      74  HERA_ps    1.0000E+00       FIX 
                      75  CDF_Z      9.6211E-01           
                      76  NmcRat     1.0000E+00       FIX 
                      77  BNS_F2nd   9.8191E-01           
                      78  HERMES_F   9.9638E-01           
                      79  HERMES_F   9.7822E-01           
 ------------------------------------------------------------
     2    4.40934E+03
                       1  LAMBDA     2.2680E-01       FIX 
                       2  a0uv       2.2517E+00       FIX 
                       3  a1uv       6.0000E-01           
                       4  a2uv       3.5542E+00           
                       5  a3uv       0.0000E+00       FIX 
                       6  a4uv       3.8059E+00           
                       7  a5uv       0.0000E+00       FIX 
                       8  a0dv       2.4776E+01       FIX 
                       9  a1dv       1.1590E+00           
                      10  a2dv       6.5424E+00           
                      11  a3dv      -3.5071E+00           
                      12  a4dv       4.6683E+00           
                      13  a5dv       0.0000E+00       FIX 
                      14  a0ud       1.4584E-01           
                      15  a1ud      -2.0820E-01           
                      16  a2ud       8.3039E+00           
                      17  a3ud       0.0000E+00       FIX 
                      18  a4ud       1.4417E+01           
                      19  a5ud       0.0000E+00       FIX 
                      20  a0du       3.5712E+04       FIX 
                      21  a1du       4.0500E+00           
                      22  a2du       2.0095E+01           
                      23  a3du       1.7000E+01       FIX 
                      24  a4du       5.1831E+01           
                      25  a0g        4.5872E+01       FIX 
                      26  a1g        6.0566E-01           
                      27  a2g        6.7653E+00           
                      28  a3g       -3.3166E+00           
                      29  a4g        3.2728E+00           
                      30  a5g        0.0000E+00       FIX 
                      31  kappa      4.0000E-01       FIX 
                      32  a6dv      -3.4652E-03           
                      33  a7dv       2.0000E+00       FIX 
                      34  off1      -3.1629E+00           
                      35  off2       6.1157E-02           
                      36  ht1       -3.8898E+00           
                      37  ht2        2.1075E+00           
                      38  ht3       -2.0545E+00           
                      39  ht4        0.0000E+00       FIX 
                      40  dummy40    0.0000E+00       FIX 
                      41  dummy41    0.0000E+00       FIX 
                      42  dummy42    0.0000E+00       FIX 
                      43  dummy43    0.0000E+00       FIX 
                      44  dummy44    0.0000E+00       FIX 
                      45  dummy45    0.0000E+00       FIX 
                      46  dummy46    0.0000E+00       FIX 
                      47  dummy47    0.0000E+00       FIX 
                      48  dummy48    0.0000E+00       FIX 
                      49  dummy49    0.0000E+00       FIX 
                      50  bcdmsh2    9.7069E-01           
                      51  bcdmsd2    9.9025E-01           
                      52  ccfr       1.0000E+00       FIX 
                      53  nutev      1.0000E+00       FIX 
                      54  zeus       9.7998E-01       FIX 
                      55  h1         1.0162E+00       FIX 
                      56  e605       1.0319E+00       FIX 
                      57  NmcH2      1.0064E+00           
                      58  ntv_nu     1.0000E+00       FIX 
                      59  ntv_nuba   1.0000E+00       FIX 
                      60  cdf_jet    9.8910E-01       FIX 
                      61  d0_jet     8.3504E-01       FIX 
                      62  slac_p     1.0029E+00           
                      63  slac_d     1.0011E+00           
                      64  e866pp     9.6265E-01           
                      65  e866pd     9.5616E-01           
                      66  d0_gamje   1.0383E+00           
                      67  h1b        9.7608E-01       FIX 
                      68  jlab_p     9.9439E-01       FIX 
                      69  jlab_d     9.7560E-01       FIX 
                      70  blank      1.0000E+00       FIX 
                      71  d0run2     9.4181E-01           
                      72  cdfrun2    9.2909E-01           
                      73  HERA_el    1.0000E+00       FIX 
                      74  HERA_ps    1.0000E+00       FIX 
                      75  CDF_Z      9.6119E-01           
                      76  NmcRat     1.0000E+00       FIX 
                      77  BNS_F2nd   9.8242E-01           
                      78  HERMES_F   9.9590E-01           
                      79  HERMES_F   9.7753E-01           
 ------------------------------------------------------------
     3    4.40871E+03
                       1  LAMBDA     2.2680E-01       FIX 
                       2  a0uv       2.1943E+00       FIX 
                       3  a1uv       5.9413E-01           
                       4  a2uv       3.5562E+00           
                       5  a3uv       0.0000E+00       FIX 
                       6  a4uv       3.9404E+00           
                       7  a5uv       0.0000E+00       FIX 
                       8  a0dv       2.4710E+01       FIX 
                       9  a1dv       1.1577E+00           
                      10  a2dv       6.5449E+00           
                      11  a3dv      -3.5123E+00           
                      12  a4dv       4.6796E+00           
                      13  a5dv       0.0000E+00       FIX 
                      14  a0ud       1.4523E-01           
                      15  a1ud      -2.0860E-01           
                      16  a2ud       8.3183E+00           
                      17  a3ud       0.0000E+00       FIX 
                      18  a4ud       1.4560E+01           
                      19  a5ud       0.0000E+00       FIX 
                      20  a0du       3.5712E+04       FIX 
                      21  a1du       4.0579E+00           
                      22  a2du       2.0113E+01           
                      23  a3du       1.7000E+01       FIX 
                      24  a4du       5.2692E+01           
                      25  a0g        4.6155E+01       FIX 
                      26  a1g        6.0619E-01           
                      27  a2g        6.7992E+00           
                      28  a3g       -3.3318E+00           
                      29  a4g        3.3100E+00           
                      30  a5g        0.0000E+00       FIX 
                      31  kappa      4.0000E-01       FIX 
                      32  a6dv      -3.4916E-03           
                      33  a7dv       2.0000E+00       FIX 
                      34  off1      -3.1345E+00           
                      35  off2       6.0877E-02           
                      36  ht1       -3.9308E+00           
                      37  ht2        2.1265E+00           
                      38  ht3       -2.0540E+00           
                      39  ht4        0.0000E+00       FIX 
                      40  dummy40    0.0000E+00       FIX 
                      41  dummy41    0.0000E+00       FIX 
                      42  dummy42    0.0000E+00       FIX 
                      43  dummy43    0.0000E+00       FIX 
                      44  dummy44    0.0000E+00       FIX 
                      45  dummy45    0.0000E+00       FIX 
                      46  dummy46    0.0000E+00       FIX 
                      47  dummy47    0.0000E+00       FIX 
                      48  dummy48    0.0000E+00       FIX 
                      49  dummy49    0.0000E+00       FIX 
                      50  bcdmsh2    9.7023E-01           
                      51  bcdmsd2    9.8974E-01           
                      52  ccfr       1.0000E+00       FIX 
                      53  nutev      1.0000E+00       FIX 
                      54  zeus       9.7998E-01       FIX 
                      55  h1         1.0162E+00       FIX 
                      56  e605       1.0319E+00       FIX 
                      57  NmcH2      1.0060E+00           
                      58  ntv_nu     1.0000E+00       FIX 
                      59  ntv_nuba   1.0000E+00       FIX 
                      60  cdf_jet    9.8910E-01       FIX 
                      61  d0_jet     8.3504E-01       FIX 
                      62  slac_p     1.0025E+00           
                      63  slac_d     1.0006E+00           
                      64  e866pp     9.6444E-01           
                      65  e866pd     9.5650E-01           
                      66  d0_gamje   1.0379E+00           
                      67  h1b        9.7608E-01       FIX 
                      68  jlab_p     9.9439E-01       FIX 
                      69  jlab_d     9.7560E-01       FIX 
                      70  blank      1.0000E+00       FIX 
                      71  d0run2     9.4219E-01           
                      72  cdfrun2    9.2968E-01           
                      73  HERA_el    1.0000E+00       FIX 
                      74  HERA_ps    1.0000E+00       FIX 
                      75  CDF_Z      9.6020E-01           
                      76  NmcRat     1.0000E+00       FIX 
                      77  BNS_F2nd   9.8223E-01           
                      78  HERMES_F   9.9552E-01           
                      79  HERMES_F   9.7712E-01           
 ------------------------------------------------------------
     4    4.40835E+03
                       1  LAMBDA     2.2680E-01    0.0000E+00
                       2  a0uv       2.1481E+00    0.0000E+00
                       3  a1uv       5.8931E-01    2.1946E-02
                       4  a2uv       3.5575E+00    1.1966E-02
                       5  a3uv       0.0000E+00    0.0000E+00
                       6  a4uv       4.0523E+00    5.3226E-01
                       7  a5uv       0.0000E+00    0.0000E+00
                       8  a0dv       2.4657E+01    0.0000E+00
                       9  a1dv       1.1566E+00    3.2806E-02
                      10  a2dv       6.5485E+00    1.5802E-01
                      11  a3dv      -3.5166E+00    8.4715E-02
                      12  a4dv       4.6902E+00    1.3915E-01
                      13  a5dv       0.0000E+00    0.0000E+00
                      14  a0ud       1.4469E-01    5.0230E-03
                      15  a1ud      -2.0896E-01    3.7836E-03
                      16  a2ud       8.3358E+00    1.9248E-01
                      17  a3ud       0.0000E+00    0.0000E+00
                      18  a4ud       1.4712E+01    1.2201E+00
                      19  a5ud       0.0000E+00    0.0000E+00
                      20  a0du       3.5712E+04    0.0000E+00
                      21  a1du       4.0608E+00    7.9167E-02
                      22  a2du       2.0155E+01    9.1419E-01
                      23  a3du       1.7000E+01    0.0000E+00
                      24  a4du       5.2570E+01    1.0262E+01
                      25  a0g        4.6349E+01    0.0000E+00
                      26  a1g        6.0684E-01    3.3158E-02
                      27  a2g        6.8168E+00    1.0287E+00
                      28  a3g       -3.3409E+00    1.5091E-01
                      29  a4g        3.3323E+00    3.8193E-01
                      30  a5g        0.0000E+00    0.0000E+00
                      31  kappa      4.0000E-01    0.0000E+00
                      32  a6dv      -3.5252E-03    6.6899E-04
                      33  a7dv       2.0000E+00    0.0000E+00
                      34  off1      -3.0883E+00    1.5355E+00
                      35  off2       6.0113E-02    1.2016E-02
                      36  ht1       -3.9510E+00    3.5406E-01
                      37  ht2        2.1375E+00    1.2001E-01
                      38  ht3       -2.0540E+00    2.2413E-02
                      39  ht4        0.0000E+00    0.0000E+00
                      40  dummy40    0.0000E+00    0.0000E+00
                      41  dummy41    0.0000E+00    0.0000E+00
                      42  dummy42    0.0000E+00    0.0000E+00
                      43  dummy43    0.0000E+00    0.0000E+00
                      44  dummy44    0.0000E+00    0.0000E+00
                      45  dummy45    0.0000E+00    0.0000E+00
                      46  dummy46    0.0000E+00    0.0000E+00
                      47  dummy47    0.0000E+00    0.0000E+00
                      48  dummy48    0.0000E+00    0.0000E+00
                      49  dummy49    0.0000E+00    0.0000E+00
                      50  bcdmsh2    9.6984E-01    5.0312E-03
                      51  bcdmsd2    9.8935E-01    5.9758E-03
                      52  ccfr       1.0000E+00    0.0000E+00
                      53  nutev      1.0000E+00    0.0000E+00
                      54  zeus       9.7998E-01    0.0000E+00
                      55  h1         1.0162E+00    0.0000E+00
                      56  e605       1.0319E+00    0.0000E+00
                      57  NmcH2      1.0057E+00    7.2282E-03
                      58  ntv_nu     1.0000E+00    0.0000E+00
                      59  ntv_nuba   1.0000E+00    0.0000E+00
                      60  cdf_jet    9.8910E-01    0.0000E+00
                      61  d0_jet     8.3504E-01    0.0000E+00
                      62  slac_p     1.0021E+00    5.1631E-03
                      63  slac_d     1.0003E+00    5.6212E-03
                      64  e866pp     9.6588E-01    1.9852E-02
                      65  e866pd     9.5692E-01    1.6100E-02
                      66  d0_gamje   1.0376E+00    1.6461E-02
                      67  h1b        9.7608E-01    0.0000E+00
                      68  jlab_p     9.9439E-01    0.0000E+00
                      69  jlab_d     9.7560E-01    0.0000E+00
                      70  blank      1.0000E+00    0.0000E+00
                      71  d0run2     9.4270E-01    1.4285E-02
                      72  cdfrun2    9.3027E-01    1.7373E-02
                      73  HERA_el    1.0000E+00    0.0000E+00
                      74  HERA_ps    1.0000E+00    0.0000E+00
                      75  CDF_Z      9.5948E-01    6.6692E-03
                      76  NmcRat     1.0000E+00    0.0000E+00
                      77  BNS_F2nd   9.8207E-01    6.7033E-03
                      78  HERMES_F   9.9516E-01    5.8421E-03
                      79  HERMES_F   9.7678E-01    6.0920E-03
0 MINIMIZATION TERMINATED WITH STEP  4
  TOLERANCE CRITERION      SATISFIED
0 CHI SQUARED PER DEGREE OF FREEDOM IS  1.042E+00
   1.000 -0.357 -0.981  0.232 -0.028  0.158 -0.316  0.461  0.397 -0.326 -0.521 -0.263 -0.208 -0.061  0.180  0.160  0.046  0.005  0.247 -0.119  0.060  0.125 -0.241  0.098  0.330  0.259  0.172  0.327  0.291 -0.398 -0.177  0.088 -0.162 -0.133  0.455  0.138  0.287  0.256
  -0.357  1.000  0.504  0.271  0.351 -0.222  0.169 -0.125 -0.121  0.363  0.260  0.240 -0.009  0.142  0.041  0.141  0.025  0.070 -0.221  0.009  0.018 -0.587  0.401  0.371  0.142  0.077  0.047  0.050  0.065  0.180  0.034  0.011 -0.082 -0.041 -0.024 -0.109  0.087  0.076
  -0.981  0.504  1.000 -0.145  0.103 -0.193  0.327 -0.441 -0.385  0.381  0.550  0.293  0.209  0.099 -0.148 -0.107 -0.027  0.003 -0.259  0.114 -0.035 -0.205  0.280 -0.018 -0.215 -0.170 -0.106 -0.210 -0.182  0.463  0.235 -0.074  0.113  0.096 -0.372 -0.145 -0.182 -0.157
   0.232  0.271 -0.145  1.000  0.826 -0.638  0.038  0.138  0.089 -0.084 -0.180  0.313 -0.199  0.214  0.329  0.232 -0.211  0.217  0.173  0.058  0.174 -0.256  0.136  0.288  0.305  0.228  0.139  0.300  0.237  0.074 -0.052  0.056 -0.068 -0.065  0.209 -0.021  0.284  0.233
  -0.028  0.351  0.103  0.826  1.000 -0.880  0.547 -0.090 -0.106  0.172  0.135  0.158 -0.020  0.202  0.216  0.166 -0.206  0.199 -0.221  0.053  0.039 -0.129 -0.005  0.182  0.182  0.108  0.123  0.130  0.064  0.129  0.030  0.019 -0.031 -0.035  0.110  0.026  0.147  0.099
   0.158 -0.222 -0.193 -0.638 -0.880  1.000 -0.747  0.272  0.265 -0.161 -0.291 -0.052  0.011 -0.307 -0.171 -0.183  0.238 -0.248  0.088  0.097 -0.065  0.159 -0.065 -0.145 -0.085 -0.051 -0.134 -0.053 -0.020 -0.171 -0.145  0.012  0.005  0.008 -0.038 -0.136 -0.090 -0.067
  -0.316  0.169  0.327  0.038  0.547 -0.747  1.000 -0.399 -0.360  0.440  0.575 -0.259  0.245  0.096 -0.054  0.037 -0.071  0.081 -0.395 -0.128 -0.144  0.048 -0.127 -0.046 -0.032 -0.037  0.108 -0.076 -0.076  0.166  0.253 -0.047 -0.009 -0.006  0.005  0.192 -0.032 -0.025
   0.461 -0.125 -0.441  0.138 -0.090  0.272 -0.399  1.000  0.967 -0.397 -0.785  0.031 -0.128 -0.153 -0.083 -0.028  0.187 -0.132  0.128  0.064 -0.005 -0.017 -0.036  0.058  0.245  0.210  0.168  0.246  0.228 -0.084 -0.049  0.087  0.007  0.001  0.341 -0.004  0.224  0.202
   0.397 -0.121 -0.385  0.089 -0.106  0.265 -0.360  0.967  1.000 -0.349 -0.733  0.017 -0.108 -0.154 -0.192 -0.099  0.226 -0.184  0.105  0.064 -0.019 -0.006 -0.035  0.035  0.189  0.161  0.141  0.183  0.168 -0.095 -0.065  0.074  0.027  0.015  0.273 -0.009  0.167  0.148
  -0.326  0.363  0.381 -0.084  0.172 -0.161  0.440 -0.397 -0.349  1.000  0.753 -0.282  0.452 -0.196 -0.091 -0.199 -0.163  0.000 -0.284  0.223 -0.293  0.080 -0.003 -0.230 -0.088 -0.035  0.007 -0.067 -0.019  0.009  0.008 -0.025  0.125  0.071 -0.090 -0.164 -0.032  0.013
  -0.521  0.260  0.550 -0.180  0.135 -0.291  0.575 -0.785 -0.733  0.753  1.000 -0.223  0.345 -0.089 -0.073 -0.133 -0.075 -0.049 -0.245  0.015 -0.294  0.121 -0.104 -0.214 -0.030  0.003  0.062  0.014  0.057  0.311  0.377 -0.086 -0.037 -0.052 -0.016  0.026  0.030  0.081
  -0.263  0.240  0.293  0.313  0.158 -0.052 -0.259  0.031  0.017 -0.282 -0.223  1.000 -0.612  0.295  0.128  0.075 -0.096  0.104  0.096 -0.025  0.401 -0.255  0.299  0.267 -0.007 -0.009 -0.028  0.006 -0.034  0.306 -0.064  0.022  0.054  0.045 -0.207 -0.065  0.040 -0.042
  -0.208 -0.009  0.209 -0.199 -0.020  0.011  0.245 -0.128 -0.108  0.452  0.345 -0.612  1.000 -0.047 -0.180 -0.095  0.155 -0.141 -0.228  0.306 -0.140  0.166 -0.165 -0.069  0.022  0.010  0.025  0.007 -0.007  0.136  0.117 -0.004 -0.041 -0.033 -0.017 -0.226 -0.009 -0.002
  -0.061  0.142  0.099  0.214  0.202 -0.307  0.096 -0.153 -0.154 -0.196 -0.089  0.295 -0.047  1.000  0.166  0.360 -0.176  0.345  0.091 -0.219  0.694 -0.266  0.311  0.429  0.112  0.022  0.141  0.092 -0.013  0.204 -0.011  0.058 -0.001  0.021 -0.205 -0.075  0.112  0.017
   0.180  0.041 -0.148  0.329  0.216 -0.171 -0.054 -0.083 -0.192 -0.091 -0.073  0.128 -0.180  0.166  1.000  0.717 -0.735  0.814  0.128 -0.038  0.181 -0.116  0.155  0.098  0.119  0.111 -0.026  0.161  0.163 -0.063 -0.079  0.044 -0.016  0.012  0.069 -0.006  0.149  0.150
   0.160  0.141 -0.107  0.232  0.166 -0.183  0.037 -0.028 -0.099 -0.199 -0.133  0.075 -0.095  0.360  0.717  1.000 -0.341  0.783  0.085 -0.084  0.391 -0.342  0.331  0.341  0.171  0.172  0.080  0.246  0.267  0.030  0.031  0.054 -0.248 -0.114  0.089  0.015  0.215  0.237
   0.046  0.025 -0.027 -0.211 -0.206  0.238 -0.071  0.187  0.226 -0.163 -0.075 -0.096  0.155 -0.176 -0.735 -0.341  1.000 -0.831 -0.073  0.004 -0.053 -0.051 -0.144  0.187  0.158  0.129  0.166  0.165  0.159  0.218  0.279 -0.019 -0.359 -0.266  0.274  0.088  0.105  0.106
   0.005  0.070  0.003  0.217  0.199 -0.248  0.081 -0.132 -0.184  0.000 -0.049  0.104 -0.141  0.345  0.814  0.783 -0.831  1.000  0.076 -0.035  0.283 -0.188  0.338  0.069 -0.085 -0.049 -0.102 -0.054 -0.031 -0.169 -0.227  0.043  0.137  0.150 -0.226 -0.078 -0.022 -0.006
   0.247 -0.221 -0.259  0.173 -0.221  0.088 -0.395  0.128  0.105 -0.284 -0.245  0.096 -0.228  0.091  0.128  0.085 -0.073  0.076  1.000 -0.344  0.152 -0.270  0.274  0.172  0.100  0.117  0.039  0.151  0.190 -0.061 -0.031  0.022 -0.038 -0.025  0.095  0.041  0.138  0.153
  -0.119  0.009  0.114  0.058  0.053  0.097 -0.128  0.064  0.064  0.223  0.015 -0.025  0.306 -0.219 -0.038 -0.084  0.004 -0.035 -0.344  1.000 -0.212  0.033 -0.018 -0.062 -0.118  0.028 -0.102 -0.088 -0.058 -0.022 -0.146  0.009  0.089  0.061 -0.126 -0.359 -0.109 -0.046
   0.060  0.018 -0.035  0.174  0.039 -0.065 -0.144 -0.005 -0.019 -0.293 -0.294  0.401 -0.140  0.694  0.181  0.391 -0.053  0.283  0.152 -0.212  1.000 -0.265  0.330  0.649  0.059  0.081  0.015  0.020  0.015  0.072 -0.119  0.068 -0.038  0.004 -0.226 -0.116  0.037  0.044
   0.125 -0.587 -0.205 -0.256 -0.129  0.159  0.048 -0.017 -0.006  0.080  0.121 -0.255  0.166 -0.266 -0.116 -0.342 -0.051 -0.188 -0.270  0.033 -0.265  1.000 -0.841 -0.583 -0.050 -0.056  0.015 -0.066 -0.089 -0.007  0.107 -0.026  0.114  0.036  0.099  0.050 -0.063 -0.075
  -0.241  0.401  0.280  0.136 -0.005 -0.065 -0.127 -0.036 -0.035 -0.003 -0.104  0.299 -0.165  0.311  0.155  0.331 -0.144  0.338  0.274 -0.018  0.330 -0.841  1.000  0.252 -0.123 -0.069 -0.114  0.014  0.054 -0.063 -0.227  0.026  0.064  0.097 -0.319 -0.139 -0.011  0.010
   0.098  0.371 -0.018  0.288  0.182 -0.145 -0.046  0.058  0.035 -0.230 -0.214  0.267 -0.069  0.429  0.098  0.341  0.187  0.069  0.172 -0.062  0.649 -0.583  0.252  1.000  0.212  0.273  0.100  0.034  0.139  0.126  0.014  0.051 -0.238 -0.143  0.044 -0.139  0.095  0.164
   0.330  0.142 -0.215  0.305  0.182 -0.085 -0.032  0.245  0.189 -0.088 -0.030 -0.007  0.022  0.112  0.119  0.171  0.158 -0.085  0.100 -0.118  0.059 -0.050 -0.123  0.212  1.000  0.530  0.418  0.724  0.656  0.403  0.494  0.064 -0.269 -0.231  0.621  0.127  0.635  0.594
   0.259  0.077 -0.170  0.228  0.108 -0.051 -0.037  0.210  0.161 -0.035  0.003 -0.009  0.010  0.022  0.111  0.172  0.129 -0.049  0.117  0.028  0.081 -0.056 -0.069  0.273  0.530  1.000  0.353  0.580  0.690  0.341  0.452  0.048 -0.229 -0.194  0.533 -0.006  0.530  0.610
   0.172  0.047 -0.106  0.139  0.123 -0.134  0.108  0.168  0.141  0.007  0.062 -0.028  0.025  0.141 -0.026  0.080  0.166 -0.102  0.039 -0.102  0.015  0.015 -0.114  0.100  0.418  0.353  1.000  0.472  0.446  0.351  0.433  0.035 -0.188 -0.161  0.456  0.111  0.452  0.431
   0.327  0.050 -0.210  0.300  0.130 -0.053 -0.076  0.246  0.183 -0.067  0.014  0.006  0.007  0.092  0.161  0.246  0.165 -0.054  0.151 -0.088  0.020 -0.066  0.014  0.034  0.724  0.580  0.472  1.000  0.831  0.487  0.597  0.064 -0.307 -0.263  0.696  0.171  0.777  0.723
   0.291  0.065 -0.182  0.237  0.064 -0.020 -0.076  0.228  0.168 -0.019  0.057 -0.034 -0.007 -0.013  0.163  0.267  0.159 -0.031  0.190 -0.058  0.015 -0.089  0.054  0.139  0.656  0.690  0.446  0.831  1.000  0.444  0.606  0.050 -0.312 -0.258  0.686  0.036  0.726  0.815
  -0.398  0.180  0.463  0.074  0.129 -0.171  0.166 -0.084 -0.095  0.009  0.311  0.306  0.136  0.204 -0.063  0.030  0.218 -0.169 -0.061 -0.022  0.072 -0.007 -0.063  0.126  0.403  0.341  0.351  0.487  0.444  1.000  0.716 -0.010 -0.206 -0.178  0.321  0.050  0.453  0.415
  -0.177  0.034  0.235 -0.052  0.030 -0.145  0.253 -0.049 -0.065  0.008  0.377 -0.064  0.117 -0.011 -0.079  0.031  0.279 -0.227 -0.031 -0.146 -0.119  0.107 -0.227  0.014  0.494  0.452  0.433  0.597  0.606  0.716  1.000 -0.027 -0.286 -0.245  0.577  0.214  0.535  0.572
   0.088  0.011 -0.074  0.056  0.019  0.012 -0.047  0.087  0.074 -0.025 -0.086  0.022 -0.004  0.058  0.044  0.054 -0.019  0.043  0.022  0.009  0.068 -0.026  0.026  0.051  0.064  0.048  0.035  0.064  0.050 -0.010 -0.027  1.000  0.007  0.007  0.030 -0.026  0.058  0.045
  -0.162 -0.082  0.113 -0.068 -0.031  0.005 -0.009  0.007  0.027  0.125 -0.037  0.054 -0.041 -0.001 -0.016 -0.248 -0.359  0.137 -0.038  0.089 -0.038  0.114  0.064 -0.238 -0.269 -0.229 -0.188 -0.307 -0.312 -0.206 -0.286  0.007  1.000  0.290 -0.355 -0.112 -0.263 -0.267
