# fitpack15: fit parameters                                                                         
# CJ15 AV18 final data choices                                                                      
# Created on 02/10/2020 at 01:04:51                                                                 

 # QCD setup
  INS                           0
  NVL                          11
  IORD                          1
  Q02                   1.6899999999999999     
  IPARAMC                      -7
  FLAVOR                4.0000000000000000     
  xmc                   1.3000000000000000     
  xmb                   4.5000000000000000     
  ncb                          12
  ihq                           1
  ias                           0

 # Theory corrections
  inuke                     10114
  itmc                          1
  iht                           2

 # fit parameters
 LAMBDA       0.22680        0.0000    
 a0uv          1.9558        0.0000    
 a1uv         0.57102       0.31866E-01
 a2uv          3.5897       0.16136E-01
 a3uv          0.0000        0.0000    
 a4uv          4.7383       0.89551    
 a5uv          0.0000        0.0000    
 a0dv          23.547        0.0000    
 a1dv          1.1537       0.43547E-01
 a2dv          6.3671       0.25271    
 a3dv         -3.3942       0.12889    
 a4dv          4.4633       0.19616    
 a5dv          0.0000        0.0000    
 a0ud         0.14346       0.53901E-02
 a1ud        -0.20986       0.40226E-02
 a2ud          8.7109       0.22868    
 a3ud          0.0000        0.0000    
 a4ud          15.750        1.5914    
 a5ud          0.0000        0.0000    
 a0du          35712.        0.0000    
 a1du          4.2124       0.13963    
 a2du          21.204        1.4049    
 a3du          17.000        0.0000    
 a4du          60.441        16.225    
 a0g           44.791        0.0000    
 a1g          0.60012       0.28628E-01
 a2g           5.5307       0.72253    
 a3g          -3.3699       0.11207    
 a4g           3.1488       0.23312    
 a5g           0.0000        0.0000    
 kappa        0.40000        0.0000    
 a6dv        -0.18435E-02   0.29322E-02
 a7dv          2.0000        0.0000    
 off1        -0.69022E-01   0.12417    
 off2         -1.2040       0.91431    
 off3          1.8759        1.6747    
 ht1          -4.7415        1.3904    
 ht2           2.3780       0.22953    
 ht3          -2.1211       0.31421E-01
 ht4           2.7513       0.17865    
 dummy41       0.0000        0.0000    
 dummy42       0.0000        0.0000    
 dummy43       0.0000        0.0000    
 dummy44       0.0000        0.0000    
 dummy45       0.0000        0.0000    
 dummy46       0.0000        0.0000    
 dummy47       0.0000        0.0000    
 dummy48       0.0000        0.0000    
 dummy49       0.0000        0.0000    
 bcdmsh2      0.97144       0.49280E-02
 bcdmsd2      0.99435       0.59157E-02
 ccfr          1.0000        0.0000    
 nutev         1.0000        0.0000    
 zeus         0.97998        0.0000    
 h1            1.0162        0.0000    
 e605          1.0319        0.0000    
 NmcH2         1.0070       0.71645E-02
 ntv_nu        1.0000        0.0000    
 ntv_nuba      1.0000        0.0000    
 cdf_jet      0.98910        0.0000    
 d0_jet       0.83504        0.0000    
 slac_p        1.0026       0.49768E-02
 slac_d        1.0025       0.53981E-02
 e866pp       0.98328       0.23402E-01
 e866pd       0.94345       0.19163E-01
 d0_gamje      1.0422       0.16618E-01
 h1b          0.97608        0.0000    
 jlab_p       0.98649       0.58892E-02
 jlab_d       0.97732       0.60968E-02
 blank         1.0000        0.0000    
 d0run2       0.95102       0.15488E-01
 cdfrun2      0.93677       0.17847E-01
 HERA_el       1.0000        0.0000    
 HERA_ps       1.0000        0.0000    
 CDF_Z        0.95533       0.68804E-02
 NmcRat        1.0000        0.0000    
 BNS_F2nd     0.94801       0.87928E-02
 HERMES_F     0.99536       0.56826E-02
 HERMES_F     0.97862       0.58991E-02
 END 0. 0.

 # Hessian matrix (Bevington alpha)
   0.45567625813907E+07 -0.11270922630727E+07  0.16626761467111E+06  0.48944255247702E+06 -0.14789959975533E+06  0.48331758967774E+05  0.96092138998471E+05  0.95866803655041E+06 -0.17546704219078E+06 -0.47604351652962E+05  0.72668332051089E+04  0.10286299810743E+05  0.11063053140557E+04 -0.70224012751666E+02  0.15482514551499E+05 -0.36925422166071E+04  0.22492339813474E+05  0.15657496627905E+05  0.66522934616903E+07 -0.61672903510011E+05 -0.26014483410031E+05 -0.12120284503511E+05 -0.16115913613748E+05 -0.11240650851556E+05 -0.25288285917402E+06 -0.10139103065856E+06 -0.13119552986967E+06 -0.55120398407599E+05 -0.51125719118818E+04 -0.84210869994546E+06 -0.10739804301077E+07 -0.20920420283375E+05 -0.48399549234193E+05 -0.31713367578241E+04 -0.18764241897563E+06 -0.20180162430327E+06 -0.85897153920040E+04 -0.30601107751171E+04 -0.18576435201410E+05  0.18364039102584E+05 -0.74424461932925E+05 -0.58367989340345E+05
  -0.11270922630727E+07  0.34199872823453E+06 -0.41986616701590E+05 -0.11002224080573E+06  0.38321248525686E+05 -0.61944015258079E+04 -0.19880046826369E+05 -0.11575062991889E+06  0.24711254729159E+05  0.65565084761819E+04 -0.82367431763290E+03 -0.79679624428546E+03 -0.86056954711334E+02  0.90669657656772E+01  0.22982484576621E+03  0.71951736201735E+02 -0.59189460119732E+02 -0.13492960200663E+03 -0.21289021455832E+07  0.15021413581649E+05  0.72229344437349E+04  0.36955073334163E+04  0.72922947830401E+04  0.11287817808080E+05  0.74219895994135E+05  0.41051780036517E+05  0.16798734542448E+05  0.81824728400013E+04 -0.19905800172196E+03  0.19938328513397E+06  0.24606390687086E+06  0.57207580544261E+04  0.13467172920168E+05  0.41933255031565E+03  0.58341474804615E+05  0.62118010180339E+05  0.22539018111201E+04  0.72101260575668E+03 -0.20809716692969E+04 -0.24183523018384E+04  0.85848637034062E+04  0.71280505999175E+04
   0.16626761467111E+06 -0.41986616701590E+05  0.61121560791218E+04  0.17283690788339E+05 -0.54360533959395E+04  0.14602306537133E+04  0.33950310079462E+04  0.26301936573271E+05 -0.46397391153339E+04 -0.15271287163248E+04  0.20339403918323E+03  0.27096052890927E+03  0.32930984825468E+02 -0.26795022366035E+01 -0.77898168328029E+02 -0.56068042847113E+02  0.86599762816215E+02  0.16608711814912E+03  0.24791922082839E+06 -0.22267999512971E+04 -0.95433965924921E+03 -0.44833610306694E+03 -0.62925996759480E+03 -0.59444132024331E+03 -0.93653216299305E+04 -0.38281693680550E+04 -0.45341137318215E+04 -0.19064659646780E+04  0.19427449238638E+02 -0.29998711573772E+05 -0.38446950252117E+05 -0.77489577429191E+03 -0.17999825558185E+04 -0.97623985671622E+02 -0.70302458666356E+04 -0.75547944489322E+04 -0.31401239579724E+03 -0.11082624768418E+03 -0.89152727009426E+02  0.64209106683123E+03 -0.21752589351443E+04 -0.17432326665467E+04
   0.48944255247702E+06 -0.11002224080573E+06  0.17283690788339E+05  0.27067903440777E+06 -0.46802938295906E+05  0.63979384247474E+05  0.51875570092034E+05  0.31126648579908E+06 -0.28609473788697E+05 -0.15049960456522E+05  0.27083535493084E+04 -0.65374091514878E+03 -0.57395560574137E+02  0.28274742418962E+02  0.28184418914536E+05 -0.35888232047278E+04  0.30451186104982E+05  0.17051912014329E+05  0.13151571727300E+07 -0.16871753476215E+05 -0.64633801020368E+04 -0.26469486801892E+04 -0.71298478713762E+03  0.38041207602953E+04 -0.41952205357543E+05 -0.81331487483883E+04 -0.12419315737074E+05 -0.20539618251613E+05 -0.56309813529482E+02 -0.60041881579345E+05 -0.31457354293868E+06 -0.10775377163805E+04 -0.21789911378402E+04 -0.64547010342327E+02 -0.93189884983893E+04 -0.41191572391453E+05 -0.21177190552555E+04 -0.84855732873007E+03 -0.10071287880740E+05 -0.17605183609930E+05 -0.71018491095650E+04 -0.21125856838650E+05
  -0.14789959975533E+06  0.38321248525686E+05 -0.54360533959395E+04 -0.46802938295906E+05  0.10662863734852E+05 -0.81226135024284E+04 -0.89007150985801E+04 -0.28664561932876E+05  0.80461375286162E+03  0.20277206807047E+04 -0.27260675038551E+03 -0.42524453492180E+02 -0.10617311541008E+01 -0.22196239526395E+01 -0.24079440844145E+04  0.30818673401310E+03 -0.24840120427989E+04 -0.13955035340529E+04 -0.39084521395157E+06  0.37575528538017E+04  0.16744215038002E+04  0.76996330604846E+03  0.67198670393620E+03  0.72311486293190E+03  0.11809423289941E+05  0.39302110412729E+04  0.20546823729269E+04  0.35360924493995E+04 -0.61110142702491E+02  0.12903523381282E+05  0.68197864343621E+05  0.33729439630362E+03  0.65855298734113E+03  0.89079353756736E+01  0.31738708162982E+04  0.13778272859654E+05  0.50582851102642E+03  0.18520842539699E+03  0.32542592007397E+03  0.29357176473896E+04  0.86190970592142E+03  0.26719897273035E+04
   0.48331758967774E+05 -0.61944015258079E+04  0.14602306537133E+04  0.63979384247474E+05 -0.81226135024284E+04  0.19228046126218E+05  0.12666809916376E+05  0.98756332461903E+05 -0.94987991892156E+04 -0.43092493903671E+04  0.85708912735299E+03 -0.28744493329207E+03 -0.24245596706569E+02  0.97832781981607E+01  0.88446344659223E+04 -0.11605061866942E+04  0.97203393843526E+04  0.55529075628402E+04  0.14766475474942E+06 -0.31039425331303E+04 -0.96524611102853E+03 -0.31675832563856E+03  0.37440051230188E+03  0.25887596090617E+04 -0.50013820305627E+04  0.20416054499551E+03 -0.31204522949598E+04 -0.49322172055496E+04  0.17053289042226E+03 -0.12136394994021E+05 -0.60536585959582E+05 -0.76631503322735E+02 -0.18769819558990E+03 -0.19096019716635E+02 -0.50587178302452E+03 -0.24152467126025E+04 -0.37609125965513E+03 -0.16992547558264E+03 -0.29999407139488E+04 -0.44495439102238E+04 -0.19880215089989E+04 -0.58062361291994E+04
   0.96092138998471E+05 -0.19880046826369E+05  0.33950310079462E+04  0.51875570092034E+05 -0.89007150985801E+04  0.12666809916376E+05  0.10332642810523E+05  0.53421512108985E+05 -0.32634630504233E+04 -0.29560321127303E+04  0.48700788969635E+03 -0.70425228323243E+02 -0.76834193860716E+01  0.47993768770572E+01  0.44976234222604E+04 -0.59892282074313E+03  0.47230856781781E+04  0.27297817882291E+04  0.23609562618528E+06 -0.31746280875513E+04 -0.12078399540680E+04 -0.48028517400556E+03 -0.18103778750233E+02  0.11331046662183E+04 -0.76100761290031E+04 -0.11687179093232E+04 -0.26526718323115E+04 -0.42583868081450E+04  0.14370654321447E+03 -0.11800666981529E+05 -0.61774719397163E+05 -0.19561479338597E+03 -0.38588148160341E+03 -0.13138952812411E+02 -0.14803726191023E+04 -0.66218585078367E+04 -0.42009647964665E+03 -0.17151810579740E+03 -0.12651224491313E+04 -0.39033739591935E+04 -0.12233127299487E+04 -0.36888870817280E+04
   0.95866803655041E+06 -0.11575062991889E+06  0.26301936573271E+05  0.31126648579908E+06 -0.28664561932876E+05  0.98756332461903E+05  0.53421512108985E+05  0.51861477385968E+07 -0.23745161961642E+07 -0.84000742199941E+05  0.24981364622047E+05  0.19678181189915E+05  0.13172599056208E+04  0.67733866802570E+02  0.84390728823949E+05 -0.11428436815474E+05  0.10961582402488E+06  0.59130988844637E+05  0.43244251760995E+06 -0.35882512832277E+05 -0.69032327597693E+04 -0.17989423199321E+04  0.57349629930428E+04  0.41981299615564E+05 -0.30695419467011E+05  0.53733995897365E+04 -0.59036784914271E+05 -0.46566597920923E+05 -0.69739376248994E+05 -0.28586002914775E+06 -0.55130635441761E+06 -0.72992755012874E+05 -0.16754176373957E+06 -0.14063003823588E+04 -0.47050335928735E+04 -0.92551145048966E+04  0.93317577659570E+03  0.52016837710420E+03 -0.26838540659088E+06 -0.89987342851970E+04 -0.14371159273518E+06 -0.17399173664604E+06
  -0.17546704219078E+06  0.24711254729159E+05 -0.46397391153339E+04 -0.28609473788697E+05  0.80461375286162E+03 -0.94987991892156E+04 -0.32634630504233E+04 -0.23745161961642E+07  0.19307743536250E+07  0.18857570918931E+05 -0.63098984861961E+04 -0.42099633033560E+04 -0.23036888714449E+03 -0.10038286641369E+02  0.50456382973410E+05 -0.26136665651814E+04  0.21299713761404E+05  0.10881176830286E+05  0.83234799230837E+04  0.90829271544696E+04  0.14012259223071E+04  0.31507049993308E+03 -0.13652245148022E+04 -0.10423421408089E+05  0.50604280743106E+04 -0.12765758770647E+04  0.10934543854494E+05  0.10166875384552E+05  0.24790859732034E+05  0.66472075537921E+05  0.12397535594785E+06  0.22967079626149E+05  0.52840089381391E+05  0.19794053632163E+03  0.58867860024561E+03  0.11649410472400E+04 -0.14457622132335E+04 -0.76675653306840E+03  0.11228507581449E+06  0.16369853760880E+04  0.45601560444592E+05  0.54744359338664E+05
  -0.47604351652962E+05  0.65565084761819E+04 -0.15271287163248E+04 -0.15049960456522E+05  0.20277206807047E+04 -0.43092493903671E+04 -0.29560321127303E+04 -0.84000742199941E+05  0.18857570918931E+05  0.24342662718877E+04 -0.57845629296444E+03 -0.48859803293071E+03 -0.42417559442777E+02 -0.94894286636903E+00 -0.39850809158988E+04  0.52556724514364E+03 -0.45548947848447E+04 -0.25913920440956E+04 -0.40728125203259E+05  0.12039107638514E+04  0.31859770271062E+03  0.10120337363945E+03 -0.16919521848686E+03 -0.12302922653990E+04  0.18447660536074E+04 -0.10041938681384E+03  0.25716985773130E+04  0.17510990283764E+04  0.73190618737209E+03  0.10451187734723E+05  0.21389257067536E+05  0.14513666178410E+04  0.32813686813048E+04  0.42970010443461E+02  0.43573666047567E+03  0.83030222568213E+03  0.10520548873875E+03  0.48117145416789E+02  0.30449077457627E+04  0.44868080747731E+03  0.28092231473804E+04  0.34825792130575E+04
   0.72668332051089E+04 -0.82367431763290E+03  0.20339403918323E+03  0.27083535493084E+04 -0.27260675038551E+03  0.85708912735299E+03  0.48700788969635E+03  0.24981364622047E+05 -0.63098984861961E+04 -0.57845629296444E+03  0.16037986158884E+03  0.13918464684645E+03  0.10068164434495E+02  0.42395634384833E+00  0.12169294382148E+04 -0.14356654642335E+03  0.13262319550520E+04  0.72409466748859E+03  0.43932910568273E+04 -0.23346461248062E+03 -0.49079295791518E+02 -0.13320574167405E+02  0.38971084119822E+02  0.27883850889567E+03 -0.23059134797646E+03  0.37183860314675E+02 -0.43727811838015E+03 -0.32432902719620E+03 -0.33459349072833E+03 -0.19407823774487E+04 -0.37902909800066E+04 -0.41451072046977E+03 -0.95062823327837E+03 -0.10822236050896E+02 -0.36462224750460E+02 -0.71849099531008E+02 -0.89362364999755E+01 -0.45140316359788E+01 -0.11102004008502E+04 -0.66356969597844E+02 -0.81534927715576E+03 -0.99337040934721E+03
   0.10286299810743E+05 -0.79679624428546E+03  0.27096052890927E+03 -0.65374091514878E+03 -0.42524453492180E+02 -0.28744493329207E+03 -0.70425228323243E+02  0.19678181189915E+05 -0.42099633033560E+04 -0.48859803293071E+03  0.13918464684645E+03  0.81522845688261E+03  0.54347239101549E+02 -0.75681429464284E+00  0.10276478329947E+04 -0.15500624965382E+03  0.14972724414867E+04  0.85487952571643E+03  0.37383544724852E+04  0.18565520922709E+03  0.18186406893996E+02  0.11705802918060E+00  0.27704617632968E+02  0.22087977781403E+03 -0.41651776178867E+02  0.23572620777372E+02 -0.77398806466524E+03 -0.16719339629775E-10 -0.47440618209305E+03 -0.35738857626462E+04  0.31868214955366E-09 -0.16058249895847E+04 -0.42846369303404E+02 -0.54792999576989E+02 -0.77130797867343E-01 -0.39170427798383E-10 -0.12267925831158E+01 -0.52961595811538E+00  0.18362306975275E+03  0.21649881981479E+03 -0.19308800450402E+04  0.17210962187586E-10
   0.11063053140557E+04 -0.86056954711334E+02  0.32930984825468E+02 -0.57395560574137E+02 -0.10617311541008E+01 -0.24245596706569E+02 -0.76834193860716E+01  0.13172599056208E+04 -0.23036888714449E+03 -0.42417559442777E+02  0.10068164434495E+02  0.54347239101549E+02  0.48048229813803E+01 -0.87052322575076E-01  0.60855493093309E+02 -0.10886777030128E+02  0.97261016221824E+02  0.59421848449598E+02  0.22056755668123E+03  0.98041352228659E+01  0.12932523337787E+01  0.12461210463667E-01  0.32061721405391E+01  0.22877485926847E+02 -0.70471735888445E+01  0.33260167963620E+01 -0.10891965506003E+03 -0.23638141879970E-11 -0.18794605163747E+02 -0.40489441261140E+03  0.34507056449608E-10 -0.10008187429646E+03 -0.10809539770746E+02 -0.43736415785719E+01 -0.55084303873644E-01  0.12604002355622E-10 -0.12514480467467E+00 -0.49324216380112E-01  0.18505243646755E+02  0.47157073207026E+02 -0.13905086137732E+03  0.66265243915740E-11
  -0.70224012751666E+02  0.90669657656772E+01 -0.26795022366035E+01  0.28274742418962E+02 -0.22196239526395E+01  0.97832781981607E+01  0.47993768770572E+01  0.67733866802570E+02 -0.10038286641369E+02 -0.94894286636903E+00  0.42395634384833E+00 -0.75681429464284E+00 -0.87052322575076E-01  0.28175252319531E-01  0.10664445263131E+02 -0.75330101057581E+00  0.72600830989199E+01  0.33098966483936E+01  0.25132430894406E+02  0.11309929254099E+01 -0.34216432533778E-01 -0.16115854283749E-01 -0.42573606467652E-02  0.83024787702648E-02 -0.27409309148616E-02 -0.14990322245307E-01  0.53670333179117E-01  0.19597710933823E-12 -0.44823648426574E+01 -0.40825881967396E+00 -0.78644786006774E-12 -0.20347162374269E+01 -0.29001927768943E-05 -0.98490166585633E-01  0.00000000000000E+00  0.43791234482242E-13 -0.12062063975321E-02 -0.66660639409386E-03 -0.17110926003529E+01  0.57356245663743E-05 -0.19957881284527E+01 -0.71957235708536E-12
   0.15482514551499E+05  0.22982484576621E+03 -0.77898168328029E+02  0.28184418914536E+05 -0.24079440844145E+04  0.88446344659223E+04  0.44976234222604E+04  0.84390728823949E+05  0.50456382973410E+05 -0.39850809158988E+04  0.12169294382148E+04  0.10276478329947E+04  0.60855493093309E+02  0.10664445263131E+02  0.51774191451166E+05 -0.51819058248297E+04  0.47679779390804E+05  0.25276573234541E+05  0.44466644186178E+05  0.33685908419282E+02  0.59155543147660E+02  0.29022004637915E+02 -0.15028592804253E+01 -0.10230450753260E+03  0.92254999944732E+03  0.10802430848803E+03 -0.31308781372576E+04 -0.20359175940822E+04 -0.25126667827379E+04  0.17846385248018E+04  0.41162537562121E+04 -0.15287201431871E+04 -0.31946980935077E+04 -0.74516959828217E+03  0.41143132502817E+03  0.70531895515189E+03 -0.32203088337032E+04 -0.16539909543898E+04 -0.20171694570078E+04  0.23154754902071E+03 -0.10242456201055E+04 -0.11603617340690E+04
  -0.36925422166071E+04  0.71951736201735E+02 -0.56068042847113E+02 -0.35888232047278E+04  0.30818673401310E+03 -0.11605061866942E+04 -0.59892282074313E+03 -0.11428436815474E+05 -0.26136665651814E+04  0.52556724514364E+03 -0.14356654642335E+03 -0.15500624965382E+03 -0.10886777030128E+02 -0.75330101057581E+00 -0.51819058248297E+04  0.60918182066185E+03 -0.55231873232834E+04 -0.30393408289386E+04 -0.51938499667933E+04  0.11555489436113E+02 -0.82928983441109E+01 -0.55428958926090E+01 -0.10424541553236E+02 -0.37784061326546E+02 -0.19824241116870E+03 -0.45414248912805E+02  0.62325833451638E+03  0.39104458812604E+03  0.30089161336192E+03 -0.89921510389488E+02 -0.39454030230379E+03  0.17313692327683E+03  0.35772787036808E+03  0.88460023283362E+02 -0.11234616371681E+03 -0.19022862388660E+03  0.54428585222903E+03  0.25792180121802E+03 -0.42752179830610E+03 -0.40743096981733E+02  0.29792487722469E+03  0.33691876633615E+03
   0.22492339813474E+05 -0.59189460119732E+02  0.86599762816215E+02  0.30451186104982E+05 -0.24840120427989E+04  0.97203393843526E+04  0.47230856781781E+04  0.10961582402488E+06  0.21299713761404E+05 -0.45548947848447E+04  0.13262319550520E+04  0.14972724414867E+04  0.97261016221824E+02  0.72600830989199E+01  0.47679779390804E+05 -0.55231873232834E+04  0.51279662536940E+05  0.27942289551465E+05  0.49419972576969E+05  0.72903064219963E+01  0.81332501513057E+02  0.35735307106312E+02 -0.75072537356830E+02 -0.32162770312424E+03  0.10743345969745E+04 -0.11784576277265E+03 -0.41969814841923E+04 -0.26457651038866E+04 -0.31620189234214E+04  0.27975560298660E+04  0.66266212930648E+04 -0.15755545601151E+04 -0.33074324079777E+04 -0.82024623842027E+03  0.17705641187369E+03  0.33499534672231E+03 -0.38644080078846E+04 -0.20274694841854E+04  0.27401077622890E+04  0.45581334463126E+03 -0.25982968464880E+04 -0.28966159492550E+04
   0.15657496627905E+05 -0.13492960200663E+03  0.16608711814912E+03  0.17051912014329E+05 -0.13955035340529E+04  0.55529075628402E+04  0.27297817882291E+04  0.59130988844637E+05  0.10881176830286E+05 -0.25913920440956E+04  0.72409466748859E+03  0.85487952571643E+03  0.59421848449598E+02  0.33098966483936E+01  0.25276573234541E+05 -0.30393408289386E+04  0.27942289551465E+05  0.15410360556276E+05  0.26532201042581E+05 -0.26143884220500E+02  0.48408245462238E+02  0.24856186064570E+02 -0.16751136447310E+02 -0.49757704303524E+02  0.80993136300207E+03 -0.35769260339061E+00 -0.28833484909627E+04 -0.17870365471239E+04 -0.15824204148683E+04  0.12078726318433E+04  0.34497012958194E+04 -0.81185765105406E+03 -0.16987721693282E+04 -0.45477004338050E+03  0.22488803233497E+03  0.40276299971879E+03 -0.25143791718135E+04 -0.12624445984919E+04  0.24568215398022E+04  0.29513477275166E+03 -0.17193732615019E+04 -0.19218327138848E+04
   0.66522934616903E+07 -0.21289021455832E+07  0.24791922082839E+06  0.13151571727300E+07 -0.39084521395157E+06  0.14766475474942E+06  0.23609562618528E+06  0.43244251760995E+06  0.83234799230837E+04 -0.40728125203259E+05  0.43932910568273E+04  0.37383544724852E+04  0.22056755668123E+03  0.25132430894406E+02  0.44466644186178E+05 -0.51938499667933E+04  0.49419972576969E+05  0.26532201042581E+05  0.20675476431868E+08 -0.15409278669473E+06 -0.78619752073364E+05 -0.41110086228885E+05 -0.57790674145442E+05 -0.95097036818385E+05 -0.56494699941407E+06 -0.31937830744088E+06 -0.32323450093265E+05 -0.72197970126943E+05  0.11535532048490E+04 -0.51385953608036E+06 -0.25250016026248E+07 -0.15247575167647E+05 -0.30769289916762E+05 -0.18862855135457E+03 -0.16216313677938E+06 -0.69509099041090E+06 -0.22442400646550E+05 -0.71002077183236E+04  0.17565171311455E+05 -0.47445746406076E+05 -0.19263089403184E+05 -0.59899539844582E+05
  -0.61672903510011E+05  0.15021413581649E+05 -0.22267999512971E+04 -0.16871753476215E+05  0.37575528538017E+04 -0.31039425331303E+04 -0.31746280875513E+04 -0.35882512832277E+05  0.90829271544696E+04  0.12039107638514E+04 -0.23346461248062E+03  0.18565520922709E+03  0.98041352228659E+01  0.11309929254099E+01  0.33685908419282E+02  0.11555489436113E+02  0.72903064219963E+01 -0.26143884220500E+02 -0.15409278669473E+06  0.29366164135870E+04  0.96353875958989E+03  0.40948714573962E+03  0.21690397623973E+03 -0.24166698262922E+03  0.47333816086888E+04  0.17222058699118E+04  0.00000000000000E+00  0.25834162258902E+04  0.00000000000000E+00  0.00000000000000E+00  0.40734834949952E+05  0.00000000000000E+00  0.00000000000000E+00  0.00000000000000E+00  0.00000000000000E+00  0.57187217870527E+04  0.00000000000000E+00  0.00000000000000E+00  0.00000000000000E+00 -0.18466380541245E+04  0.00000000000000E+00  0.42257839669928E+04
  -0.26014483410031E+05  0.72229344437349E+04 -0.95433965924921E+03 -0.64633801020368E+04  0.16744215038002E+04 -0.96524611102853E+03 -0.12078399540680E+04 -0.69032327597693E+04  0.14012259223071E+04  0.31859770271062E+03 -0.49079295791518E+02  0.18186406893996E+02  0.12932523337787E+01 -0.34216432533778E-01  0.59155543147660E+02 -0.82928983441109E+01  0.81332501513057E+02  0.48408245462238E+02 -0.78619752073364E+05  0.96353875958989E+03  0.40642038984040E+03  0.19218879969881E+03  0.16216837218901E+03  0.14111152417492E+03  0.22009726569250E+04  0.10155552120336E+04  0.00000000000000E+00  0.66999367281543E+03  0.00000000000000E+00  0.00000000000000E+00  0.15076044321563E+05  0.00000000000000E+00  0.00000000000000E+00  0.00000000000000E+00  0.00000000000000E+00  0.28638636470273E+04  0.00000000000000E+00  0.00000000000000E+00  0.00000000000000E+00 -0.52972374202876E+03  0.00000000000000E+00  0.87546151755058E+03
  -0.12120284503511E+05  0.36955073334163E+04 -0.44833610306694E+03 -0.26469486801892E+04  0.76996330604846E+03 -0.31675832563856E+03 -0.48028517400556E+03 -0.17989423199321E+04  0.31507049993308E+03  0.10120337363945E+03 -0.13320574167405E+02  0.11705802918060E+00  0.12461210463667E-01 -0.16115854283749E-01  0.29022004637915E+02 -0.55428958926090E+01  0.35735307106312E+02  0.24856186064570E+02 -0.41110086228885E+05  0.40948714573962E+03  0.19218879969881E+03  0.97122260957218E+02  0.10118507788885E+03  0.13598160816994E+03  0.10901776536522E+04  0.59449371408584E+03  0.00000000000000E+00  0.19556963082846E+03  0.00000000000000E+00  0.00000000000000E+00  0.64519964979310E+04  0.00000000000000E+00  0.00000000000000E+00  0.00000000000000E+00  0.00000000000000E+00  0.14711992639501E+04  0.00000000000000E+00  0.00000000000000E+00  0.00000000000000E+00 -0.17105048466124E+03  0.00000000000000E+00  0.25786844242801E+03
  -0.16115913613748E+05  0.72922947830401E+04 -0.62925996759480E+03 -0.71298478713762E+03  0.67198670393620E+03  0.37440051230188E+03 -0.18103778750233E+02  0.57349629930428E+04 -0.13652245148022E+04 -0.16919521848686E+03  0.38971084119822E+02  0.27704617632968E+02  0.32061721405391E+01 -0.42573606467652E-02 -0.15028592804253E+01 -0.10424541553236E+02 -0.75072537356830E+02 -0.16751136447310E+02 -0.57790674145442E+05  0.21690397623973E+03  0.16216837218901E+03  0.10118507788885E+03  0.31550131202403E+03  0.73260387574173E+03  0.18431422845004E+04  0.15402852220710E+04 -0.61170279798047E+02 -0.36808312385132E+02  0.25213088566669E+01  0.10496848507965E+04  0.17029175198149E+04  0.00000000000000E+00  0.00000000000000E+00  0.00000000000000E+00  0.16842661785219E+04  0.27084109042695E+04  0.00000000000000E+00  0.00000000000000E+00  0.00000000000000E+00 -0.14584658177076E+03 -0.27869959749174E+03 -0.30703640221728E+03
  -0.11240650851556E+05  0.11287817808080E+05 -0.59444132024331E+03  0.38041207602953E+04  0.72311486293190E+03  0.25887596090617E+04  0.11331046662183E+04  0.41981299615564E+05 -0.10423421408089E+05 -0.12302922653990E+04  0.27883850889567E+03  0.22087977781403E+03  0.22877485926847E+02  0.83024787702648E-02 -0.10230450753260E+03 -0.37784061326546E+02 -0.32162770312424E+03 -0.49757704303524E+02 -0.95097036818385E+05 -0.24166698262922E+03  0.14111152417492E+03  0.13598160816994E+03  0.73260387574173E+03  0.25021484035827E+04  0.26427734070906E+04  0.27800072790206E+04 -0.22731592812732E+03 -0.16116076496515E+03 -0.41997132980550E+02 -0.55989019774519E+04 -0.97583728678454E+04  0.00000000000000E+00  0.00000000000000E+00  0.00000000000000E+00  0.33974947824670E+04  0.53616139974555E+04  0.00000000000000E+00  0.00000000000000E+00  0.00000000000000E+00 -0.72351629009214E+03 -0.23081151091476E+04 -0.25434705503255E+04
  -0.25288285917402E+06  0.74219895994135E+05 -0.93653216299305E+04 -0.41952205357543E+05  0.11809423289941E+05 -0.50013820305627E+04 -0.76100761290031E+04 -0.30695419467011E+05  0.50604280743106E+04  0.18447660536074E+04 -0.23059134797646E+03 -0.41651776178867E+02 -0.70471735888445E+01 -0.27409309148616E-02  0.92254999944732E+03 -0.19824241116870E+03  0.10743345969745E+04  0.80993136300207E+03 -0.56494699941407E+06  0.47333816086888E+04  0.22009726569250E+04  0.10901776536522E+04  0.18431422845004E+04  0.26427734070906E+04  0.22461995486729E+05  0.10366252534098E+05  0.25349219886379E+03  0.18906895109221E+03  0.35082403278125E+00  0.40174124133479E+05  0.79888924405498E+05  0.00000000000000E+00  0.00000000000000E+00  0.00000000000000E+00  0.15393749720544E+05  0.24887337632232E+05  0.00000000000000E+00  0.00000000000000E+00  0.00000000000000E+00  0.16867047269140E+04  0.17410203638245E+04  0.21222806035660E+04
  -0.10139103065856E+06  0.41051780036517E+05 -0.38281693680550E+04 -0.81331487483883E+04  0.39302110412729E+04  0.20416054499551E+03 -0.11687179093232E+04  0.53733995897365E+04 -0.12765758770647E+04 -0.10041938681384E+03  0.37183860314675E+02  0.23572620777372E+02  0.33260167963620E+01 -0.14990322245307E-01  0.10802430848803E+03 -0.45414248912805E+02 -0.11784576277265E+03 -0.35769260339061E+00 -0.31937830744088E+06  0.17222058699118E+04  0.10155552120336E+04  0.59449371408584E+03  0.15402852220710E+04  0.27800072790206E+04  0.10366252534098E+05  0.84330866490342E+04 -0.22223837858453E+03 -0.11856656008406E+03  0.12353622860105E+02  0.12534719170763E+05  0.21066961096376E+05  0.00000000000000E+00  0.00000000000000E+00  0.00000000000000E+00  0.80248708483524E+04  0.13161446192807E+05  0.00000000000000E+00  0.00000000000000E+00  0.00000000000000E+00 -0.27509549856265E+03 -0.14382170972010E+03 -0.14506900832789E+03
  -0.13119552986967E+06  0.16798734542448E+05 -0.45341137318215E+04 -0.12419315737074E+05  0.20546823729269E+04 -0.31204522949598E+04 -0.26526718323115E+04 -0.59036784914271E+05  0.10934543854494E+05  0.25716985773130E+04 -0.43727811838015E+03 -0.77398806466524E+03 -0.10891965506003E+03  0.53670333179117E-01 -0.31308781372576E+04  0.62325833451638E+03 -0.41969814841923E+04 -0.28833484909627E+04 -0.32323450093265E+05  0.00000000000000E+00  0.00000000000000E+00  0.00000000000000E+00 -0.61170279798047E+02 -0.22731592812732E+03  0.25349219886379E+03 -0.22223837858453E+03  0.11662512903881E+06  0.00000000000000E+00  0.00000000000000E+00  0.00000000000000E+00  0.00000000000000E+00  0.00000000000000E+00  0.00000000000000E+00  0.00000000000000E+00  0.00000000000000E+00  0.00000000000000E+00  0.00000000000000E+00  0.00000000000000E+00  0.00000000000000E+00  0.00000000000000E+00  0.00000000000000E+00  0.00000000000000E+00
  -0.55120398407599E+05  0.81824728400013E+04 -0.19064659646780E+04 -0.20539618251613E+05  0.35360924493995E+04 -0.49322172055496E+04 -0.42583868081450E+04 -0.46566597920923E+05  0.10166875384552E+05  0.17510990283764E+04 -0.32432902719620E+03 -0.16719339629775E-10 -0.23638141879970E-11  0.19597710933823E-12 -0.20359175940822E+04  0.39104458812604E+03 -0.26457651038866E+04 -0.17870365471239E+04 -0.72197970126943E+05  0.25834162258902E+04  0.66999367281543E+03  0.19556963082846E+03 -0.36808312385132E+02 -0.16116076496515E+03  0.18906895109221E+03 -0.11856656008406E+03  0.00000000000000E+00  0.64460183125903E+05  0.00000000000000E+00  0.00000000000000E+00  0.00000000000000E+00  0.00000000000000E+00  0.00000000000000E+00  0.00000000000000E+00  0.00000000000000E+00  0.00000000000000E+00  0.00000000000000E+00  0.00000000000000E+00  0.00000000000000E+00  0.00000000000000E+00  0.00000000000000E+00  0.00000000000000E+00
  -0.51125719118818E+04 -0.19905800172196E+03  0.19427449238638E+02 -0.56309813529482E+02 -0.61110142702491E+02  0.17053289042226E+03  0.14370654321447E+03 -0.69739376248994E+05  0.24790859732034E+05  0.73190618737209E+03 -0.33459349072833E+03 -0.47440618209305E+03 -0.18794605163747E+02 -0.44823648426574E+01 -0.25126667827379E+04  0.30089161336192E+03 -0.31620189234214E+04 -0.15824204148683E+04  0.11535532048490E+04  0.00000000000000E+00  0.00000000000000E+00  0.00000000000000E+00  0.25213088566669E+01 -0.41997132980550E+02  0.35082403278125E+00  0.12353622860105E+02  0.00000000000000E+00  0.00000000000000E+00  0.30775199364392E+05  0.00000000000000E+00  0.00000000000000E+00  0.00000000000000E+00  0.00000000000000E+00  0.00000000000000E+00  0.00000000000000E+00  0.00000000000000E+00  0.00000000000000E+00  0.00000000000000E+00  0.00000000000000E+00  0.00000000000000E+00  0.00000000000000E+00  0.00000000000000E+00
  -0.84210869994546E+06  0.19938328513397E+06 -0.29998711573772E+05 -0.60041881579345E+05  0.12903523381282E+05 -0.12136394994021E+05 -0.11800666981529E+05 -0.28586002914775E+06  0.66472075537921E+05  0.10451187734723E+05 -0.19407823774487E+04 -0.35738857626462E+04 -0.40489441261140E+03 -0.40825881967396E+00  0.17846385248018E+04 -0.89921510389488E+02  0.27975560298660E+04  0.12078726318433E+04 -0.51385953608036E+06  0.00000000000000E+00  0.00000000000000E+00  0.00000000000000E+00  0.10496848507965E+04 -0.55989019774519E+04  0.40174124133479E+05  0.12534719170763E+05  0.00000000000000E+00  0.00000000000000E+00  0.00000000000000E+00  0.58006396109836E+06  0.00000000000000E+00  0.00000000000000E+00  0.00000000000000E+00  0.00000000000000E+00  0.00000000000000E+00  0.00000000000000E+00  0.00000000000000E+00  0.00000000000000E+00  0.00000000000000E+00  0.00000000000000E+00  0.00000000000000E+00  0.00000000000000E+00
  -0.10739804301077E+07  0.24606390687086E+06 -0.38446950252117E+05 -0.31457354293868E+06  0.68197864343621E+05 -0.60536585959582E+05 -0.61774719397163E+05 -0.55130635441761E+06  0.12397535594785E+06  0.21389257067536E+05 -0.37902909800066E+04  0.31868214955366E-09  0.34507056449608E-10 -0.78644786006774E-12  0.41162537562121E+04 -0.39454030230379E+03  0.66266212930648E+04  0.34497012958194E+04 -0.25250016026248E+07  0.40734834949952E+05  0.15076044321563E+05  0.64519964979310E+04  0.17029175198149E+04 -0.97583728678454E+04  0.79888924405498E+05  0.21066961096376E+05  0.00000000000000E+00  0.00000000000000E+00  0.00000000000000E+00  0.00000000000000E+00  0.92132148689388E+06  0.00000000000000E+00  0.00000000000000E+00  0.00000000000000E+00  0.00000000000000E+00  0.00000000000000E+00  0.00000000000000E+00  0.00000000000000E+00  0.00000000000000E+00  0.00000000000000E+00  0.00000000000000E+00  0.00000000000000E+00
  -0.20920420283375E+05  0.57207580544261E+04 -0.77489577429191E+03 -0.10775377163805E+04  0.33729439630362E+03 -0.76631503322735E+02 -0.19561479338597E+03 -0.72992755012874E+05  0.22967079626149E+05  0.14513666178410E+04 -0.41451072046977E+03 -0.16058249895847E+04 -0.10008187429646E+03 -0.20347162374269E+01 -0.15287201431871E+04  0.17313692327683E+03 -0.15755545601151E+04 -0.81185765105406E+03 -0.15247575167647E+05  0.00000000000000E+00  0.00000000000000E+00  0.00000000000000E+00  0.00000000000000E+00  0.00000000000000E+00  0.00000000000000E+00  0.00000000000000E+00  0.00000000000000E+00  0.00000000000000E+00  0.00000000000000E+00  0.00000000000000E+00  0.00000000000000E+00  0.14255574409831E+05  0.00000000000000E+00  0.00000000000000E+00  0.00000000000000E+00  0.00000000000000E+00  0.00000000000000E+00  0.00000000000000E+00  0.00000000000000E+00  0.00000000000000E+00  0.00000000000000E+00  0.00000000000000E+00
  -0.48399549234193E+05  0.13467172920168E+05 -0.17999825558185E+04 -0.21789911378402E+04  0.65855298734113E+03 -0.18769819558990E+03 -0.38588148160341E+03 -0.16754176373957E+06  0.52840089381391E+05  0.32813686813048E+04 -0.95062823327837E+03 -0.42846369303404E+02 -0.10809539770746E+02 -0.29001927768943E-05 -0.31946980935077E+04  0.35772787036808E+03 -0.33074324079777E+04 -0.16987721693282E+04 -0.30769289916762E+05  0.00000000000000E+00  0.00000000000000E+00  0.00000000000000E+00  0.00000000000000E+00  0.00000000000000E+00  0.00000000000000E+00  0.00000000000000E+00  0.00000000000000E+00  0.00000000000000E+00  0.00000000000000E+00  0.00000000000000E+00  0.00000000000000E+00  0.00000000000000E+00  0.33164313767869E+05  0.00000000000000E+00  0.00000000000000E+00  0.00000000000000E+00  0.00000000000000E+00  0.00000000000000E+00  0.00000000000000E+00  0.00000000000000E+00  0.00000000000000E+00  0.00000000000000E+00
  -0.31713367578241E+04  0.41933255031565E+03 -0.97623985671622E+02 -0.64547010342327E+02  0.89079353756736E+01 -0.19096019716635E+02 -0.13138952812411E+02 -0.14063003823588E+04  0.19794053632163E+03  0.42970010443461E+02 -0.10822236050896E+02 -0.54792999576989E+02 -0.43736415785719E+01 -0.98490166585633E-01 -0.74516959828217E+03  0.88460023283362E+02 -0.82024623842027E+03 -0.45477004338050E+03 -0.18862855135457E+03  0.00000000000000E+00  0.00000000000000E+00  0.00000000000000E+00  0.00000000000000E+00  0.00000000000000E+00  0.00000000000000E+00  0.00000000000000E+00  0.00000000000000E+00  0.00000000000000E+00  0.00000000000000E+00  0.00000000000000E+00  0.00000000000000E+00  0.00000000000000E+00  0.00000000000000E+00  0.37702517054048E+04  0.00000000000000E+00  0.00000000000000E+00  0.00000000000000E+00  0.00000000000000E+00  0.00000000000000E+00  0.00000000000000E+00  0.00000000000000E+00  0.00000000000000E+00
  -0.18764241897563E+06  0.58341474804615E+05 -0.70302458666356E+04 -0.93189884983893E+04  0.31738708162982E+04 -0.50587178302452E+03 -0.14803726191023E+04 -0.47050335928735E+04  0.58867860024561E+03  0.43573666047567E+03 -0.36462224750460E+02 -0.77130797867343E-01 -0.55084303873644E-01  0.00000000000000E+00  0.41143132502817E+03 -0.11234616371681E+03  0.17705641187369E+03  0.22488803233497E+03 -0.16216313677938E+06  0.00000000000000E+00  0.00000000000000E+00  0.00000000000000E+00  0.16842661785219E+04  0.33974947824670E+04  0.15393749720544E+05  0.80248708483524E+04  0.00000000000000E+00  0.00000000000000E+00  0.00000000000000E+00  0.00000000000000E+00  0.00000000000000E+00  0.00000000000000E+00  0.00000000000000E+00  0.00000000000000E+00  0.10711096411813E+06  0.00000000000000E+00  0.00000000000000E+00  0.00000000000000E+00  0.00000000000000E+00  0.00000000000000E+00  0.00000000000000E+00  0.00000000000000E+00
  -0.20180162430327E+06  0.62118010180339E+05 -0.75547944489322E+04 -0.41191572391453E+05  0.13778272859654E+05 -0.24152467126025E+04 -0.66218585078367E+04 -0.92551145048966E+04  0.11649410472400E+04  0.83030222568213E+03 -0.71849099531008E+02 -0.39170427798383E-10  0.12604002355622E-10  0.43791234482242E-13  0.70531895515189E+03 -0.19022862388660E+03  0.33499534672231E+03  0.40276299971879E+03 -0.69509099041090E+06  0.57187217870527E+04  0.28638636470273E+04  0.14711992639501E+04  0.27084109042695E+04  0.53616139974555E+04  0.24887337632232E+05  0.13161446192807E+05  0.00000000000000E+00  0.00000000000000E+00  0.00000000000000E+00  0.00000000000000E+00  0.00000000000000E+00  0.00000000000000E+00  0.00000000000000E+00  0.00000000000000E+00  0.00000000000000E+00  0.13832258975630E+06  0.00000000000000E+00  0.00000000000000E+00  0.00000000000000E+00  0.00000000000000E+00  0.00000000000000E+00  0.00000000000000E+00
  -0.85897153920040E+04  0.22539018111201E+04 -0.31401239579724E+03 -0.21177190552555E+04  0.50582851102642E+03 -0.37609125965513E+03 -0.42009647964665E+03  0.93317577659570E+03 -0.14457622132335E+04  0.10520548873875E+03 -0.89362364999755E+01 -0.12267925831158E+01 -0.12514480467467E+00 -0.12062063975321E-02 -0.32203088337032E+04  0.54428585222903E+03 -0.38644080078846E+04 -0.25143791718135E+04 -0.22442400646550E+05  0.00000000000000E+00  0.00000000000000E+00  0.00000000000000E+00  0.00000000000000E+00  0.00000000000000E+00  0.00000000000000E+00  0.00000000000000E+00  0.00000000000000E+00  0.00000000000000E+00  0.00000000000000E+00  0.00000000000000E+00  0.00000000000000E+00  0.00000000000000E+00  0.00000000000000E+00  0.00000000000000E+00  0.00000000000000E+00  0.00000000000000E+00  0.81422560748663E+04  0.00000000000000E+00  0.00000000000000E+00  0.00000000000000E+00  0.00000000000000E+00  0.00000000000000E+00
  -0.30601107751171E+04  0.72101260575668E+03 -0.11082624768418E+03 -0.84855732873007E+03  0.18520842539699E+03 -0.16992547558264E+03 -0.17151810579740E+03  0.52016837710420E+03 -0.76675653306840E+03  0.48117145416789E+02 -0.45140316359788E+01 -0.52961595811538E+00 -0.49324216380112E-01 -0.66660639409386E-03 -0.16539909543898E+04  0.25792180121802E+03 -0.20274694841854E+04 -0.12624445984919E+04 -0.71002077183236E+04  0.00000000000000E+00  0.00000000000000E+00  0.00000000000000E+00  0.00000000000000E+00  0.00000000000000E+00  0.00000000000000E+00  0.00000000000000E+00  0.00000000000000E+00  0.00000000000000E+00  0.00000000000000E+00  0.00000000000000E+00  0.00000000000000E+00  0.00000000000000E+00  0.00000000000000E+00  0.00000000000000E+00  0.00000000000000E+00  0.00000000000000E+00  0.00000000000000E+00  0.41797931887713E+04  0.00000000000000E+00  0.00000000000000E+00  0.00000000000000E+00  0.00000000000000E+00
