# fitpack15: fit parameters                                                                         
# CJ15 AV18 final data choices                                                                      
# Created on 02/05/2020 at 01:39:12                                                                 

 # QCD setup
  INS                           0
  NVL                          11
  IORD                          1
  Q02                   1.6899999999999999     
  IPARAMC                       7
  FLAVOR                4.0000000000000000     
  xmc                   1.3000000000000000     
  xmb                   4.5000000000000000     
  ncb                          12
  ihq                           1
  ias                           0

 # Theory corrections
  inuke                     10114
  itmc                          1
  iht                           2

 # fit parameters
 LAMBDA       0.22680        0.0000    
 a0uv          1.7389        0.0000    
 a1uv         0.54664       0.27067E-01
 a2uv          3.6281       0.13763E-01
 a3uv          0.0000        0.0000    
 a4uv          5.6030       0.85295    
 a5uv          0.0000        0.0000    
 a0dv          24.927        0.0000    
 a1dv          1.1618       0.37000E-01
 a2dv          6.6511       0.20109    
 a3dv         -3.4965       0.10889    
 a4dv          4.6983       0.17054    
 a5dv          0.0000        0.0000    
 a0ud         0.13964       0.50550E-02
 a1ud        -0.21245       0.39130E-02
 a2ud          8.7402       0.19545    
 a3ud          0.0000        0.0000    
 a4ud          17.109        1.4580    
 a5ud          0.0000        0.0000    
 a0du          35712.        0.0000    
 a1du          4.2138       0.12482    
 a2du          20.139        1.1757    
 a3du          17.000        0.0000    
 a4du          64.504        17.514    
 a0g           45.230        0.0000    
 a1g          0.59993       0.28071E-01
 a2g           5.6280       0.73881    
 a3g          -3.3841       0.11500    
 a4g           3.1774       0.23941    
 a5g           0.0000        0.0000    
 kappa        0.40000        0.0000    
 a6dv        -0.41499E-02   0.80009E-03
 a7dv          2.0000        0.0000    
 off1        -0.20343       0.13402    
 off2          2.3597        1.5192    
 off3         -10.444        5.6828    
 off4          11.593        6.0645    
 ht1          -4.8631        1.3589    
 ht2           2.3571       0.22273    
 ht3          -2.0785       0.38506E-01
 ht4           2.6660       0.16113    
 ht1n         -5.4514        5.1548    
 ht2n          2.5496       0.65400    
 ht3n         -2.2309       0.87879E-01
 ht4n          3.1482       0.66310    
 dummy46       0.0000        0.0000    
 dummy47       0.0000        0.0000    
 dummy48       0.0000        0.0000    
 dummy49       0.0000        0.0000    
 bcdmsh2      0.97138       0.49300E-02
 bcdmsd2      0.99308       0.59432E-02
 ccfr          1.0000        0.0000    
 nutev         1.0000        0.0000    
 zeus         0.97998        0.0000    
 h1            1.0162        0.0000    
 e605          1.0319        0.0000    
 NmcH2         1.0083       0.72040E-02
 ntv_nu        1.0000        0.0000    
 ntv_nuba      1.0000        0.0000    
 cdf_jet      0.98910        0.0000    
 d0_jet       0.83504        0.0000    
 slac_p       0.99952       0.52707E-02
 slac_d        1.0043       0.54664E-02
 e866pp       0.99110       0.20045E-01
 e866pd       0.95795       0.18513E-01
 d0_gamje      1.0376       0.16541E-01
 h1b          0.97608        0.0000    
 jlab_p       0.98460       0.64485E-02
 jlab_d       0.97754       0.62370E-02
 blank         1.0000        0.0000    
 d0run2       0.95126       0.15399E-01
 cdfrun2      0.93551       0.17800E-01
 HERA_el       1.0000        0.0000    
 HERA_ps       1.0000        0.0000    
 CDF_Z        0.95728       0.68294E-02
 NmcRat        1.0000        0.0000    
 BNS_F2nd     0.97730       0.12767E-01
 HERMES_F     0.99393       0.58023E-02
 HERMES_F     0.97976       0.59418E-02
 END 0. 0.

 # Hessian matrix (Bevington alpha)
   0.49251604106615E+07 -0.11913338604698E+07  0.15343041651326E+06  0.46450546175297E+06 -0.11684102775018E+06 -0.20015367659803E+05  0.53713348824612E+05  0.10013234142511E+07 -0.18413232261999E+06 -0.48101073494685E+05  0.68172413087585E+04  0.13332739026400E+05  0.15039818709299E+04 -0.88638324488033E+02  0.12785104828818E+05 -0.30258958449413E+04  0.18011140772959E+05  0.12642232144860E+05 -0.66833307372387E+07 -0.64119502582267E+05 -0.27193711941007E+05 -0.12719454189896E+05 -0.63821078251488E+04 -0.11225028748224E+05 -0.43859822703532E+04 -0.20600196644198E+06 -0.76567397419878E+05 -0.40489842794118E+04 -0.59916495954749E+04 -0.56099561012914E+05 -0.26034199130865E+05 -0.13406570157506E+06 -0.56807206935380E+05 -0.55480798585155E+04 -0.86125258276441E+06 -0.11078668429084E+07 -0.21138558863144E+05 -0.48546202193136E+05 -0.32576849153193E+04 -0.19093350331502E+06 -0.21098781936648E+06 -0.89981946587672E+04 -0.32100149587680E+04 -0.19749578008104E+05  0.18081208430772E+05 -0.76512044241836E+05 -0.59954390909453E+05
  -0.11913338604698E+07  0.35528318427318E+06 -0.37620438311363E+05 -0.11973585947443E+06  0.30110038172805E+05  0.82878045517033E+04 -0.10616207271085E+05 -0.11835458952702E+06  0.25063908586541E+05  0.65646585633465E+04 -0.75905784608974E+03 -0.99455233596869E+03 -0.11699805573616E+03  0.10620742107340E+02  0.50273117448589E+03 -0.26102496409959E+01  0.27258661732561E+03  0.12342837878261E+03  0.21448761785481E+07  0.15536351458944E+05  0.75039290369308E+04  0.38522486874488E+04  0.20779065290964E+04  0.53827587228304E+04  0.81964751558990E+04  0.60406641165942E+05  0.31677748232559E+05  0.15714566518767E+04  0.31027874626790E+04  0.15749419133203E+05  0.96282121325464E+04  0.16912165378256E+05  0.83565779511920E+04 -0.17157266299400E+03  0.20078022747020E+06  0.25191910152458E+06  0.56912117442640E+04  0.13259572986823E+05  0.42173049193901E+03  0.58660779186882E+05  0.64245208204123E+05  0.23450754070093E+04  0.75089422107238E+03 -0.20839618218830E+04 -0.23560835691987E+04  0.86667533148091E+04  0.72704150481847E+04
   0.15343041651326E+06 -0.37620438311363E+05  0.48071190011008E+04  0.14072896259269E+05 -0.36537819685055E+04 -0.84625845743020E+03  0.15931508796299E+04  0.23933107594181E+05 -0.42510326236100E+04 -0.13414921349898E+04  0.16590477995495E+03  0.32477870397209E+03  0.40692639972104E+02 -0.28674115336965E+01 -0.14304856756085E+03 -0.31959563293925E+02 -0.32676649458898E+02  0.72412097872378E+02 -0.21078480485021E+06 -0.19804455154143E+04 -0.84864283625931E+03 -0.39889131071109E+03 -0.20057179096912E+03 -0.36684207021901E+03 -0.23514854071826E+03 -0.64711489436468E+04 -0.24255449019075E+04 -0.13017722721034E+03 -0.20780146080460E+03 -0.17619415174895E+04 -0.82431012657788E+03 -0.40251848060576E+04 -0.17030466310151E+04  0.36009787374542E+01 -0.26266321261281E+05 -0.33983983171931E+05 -0.66546167522276E+03 -0.15332045727009E+04 -0.87649635974669E+02 -0.60425109996067E+04 -0.66755509432335E+04 -0.28037022210793E+03 -0.99497444776984E+02 -0.12618877472235E+03  0.55035045071830E+03 -0.19677008579697E+04 -0.15745635099800E+04
   0.46450546175297E+06 -0.11973585947443E+06  0.14072896259269E+05  0.38934654805430E+06 -0.59354782811623E+05  0.74376891681935E+05  0.62819951159189E+05  0.36049448620923E+06 -0.28813761980815E+05 -0.17380187859757E+05  0.29039488244160E+04 -0.12535102665580E+04 -0.12775068777567E+03  0.44282582437884E+02  0.32217102220385E+05 -0.42528380274181E+04  0.35656191445524E+05  0.20213752187206E+05 -0.20732065455555E+07 -0.18430507946281E+05 -0.72792870645599E+04 -0.30858527096308E+04 -0.14221677822102E+04 -0.74420564440344E+03  0.17609939784034E+04 -0.28371512782217E+05 -0.68504177148724E+04 -0.54975897845843E+03  0.39601465261238E+03 -0.16373703716696E+05 -0.45121288356962E+04 -0.12665264182448E+05 -0.21051639289143E+05 -0.54523190445394E+02 -0.65617510084754E+05 -0.33680160303442E+06 -0.12709924190775E+04 -0.25052941610872E+04 -0.70366690971657E+02 -0.10901104499135E+05 -0.47716687034389E+05 -0.23738767186242E+04 -0.93123719996217E+03 -0.97640626456563E+04 -0.16485489845877E+05 -0.72940991336128E+04 -0.21494713638379E+05
  -0.11684102775018E+06  0.30110038172805E+05 -0.36537819685055E+04 -0.59354782811623E+05  0.10691644346389E+05 -0.76300979034338E+04 -0.88905373757434E+04 -0.31722138015822E+05  0.40304195559115E+03  0.21653992783116E+04 -0.27908518922845E+03 -0.32122471597396E+01  0.46482050637945E+01 -0.38836440070708E+01 -0.27579091451885E+04  0.38001958030094E+03 -0.29123341928314E+04 -0.16901573757243E+04  0.43694517307927E+06  0.33095074633617E+04  0.14457231683617E+04  0.65117726435825E+03  0.31042931370510E+03  0.27479422218779E+03  0.19435881518713E+03  0.60944177290253E+04  0.17456609902913E+04  0.18357017838518E+03  0.27935309604063E+03  0.34109386828596E+04  0.11487410641774E+04  0.19634481688265E+04  0.33195245000765E+04 -0.57320496143271E+02  0.11485720861598E+05  0.60434435822185E+05  0.29792539445500E+03  0.56508597162735E+03  0.89328487625083E+01  0.26529100606726E+04  0.11495389261207E+05  0.44598552871244E+03  0.16674544277385E+03  0.37647927667410E+03  0.25820670788478E+04  0.80977796050129E+03  0.24887971034295E+04
  -0.20015367659803E+05  0.82878045517033E+04 -0.84625845743020E+03  0.74376891681935E+05 -0.76300979034338E+04  0.23571720818876E+05  0.14276889332276E+05  0.11043391548048E+06 -0.10790764207959E+05 -0.44517314183209E+04  0.87136751508827E+03 -0.59941325354739E+03 -0.54839645379199E+02  0.14639809147482E+02  0.95766525805146E+04 -0.12819596164132E+04  0.10928432577079E+05  0.62532605822687E+04 -0.63618862879430E+05 -0.21145455573664E+04 -0.49242470292116E+03 -0.85844306092524E+02  0.20292077710227E+01  0.35236675745833E+03  0.16645524876471E+04 -0.71370338020259E+03  0.99490330037855E+03  0.18158777353993E+03  0.10127786709165E+04 -0.82125547514687E+03  0.52207775847090E+03 -0.27011042855104E+04 -0.41374177905331E+04  0.15135543601133E+03 -0.87808899007992E+04 -0.42506948359535E+05  0.10064814997739E+02 -0.16986897217287E+02 -0.18263007452443E+02  0.36264953307039E+03  0.13424453344765E+04 -0.23590966341674E+03 -0.12254243765371E+03 -0.30610659426465E+04 -0.34632452511673E+04 -0.18528479695185E+04 -0.52985579949524E+04
   0.53713348824612E+05 -0.10616207271085E+05  0.15931508796299E+04  0.62819951159189E+05 -0.88905373757434E+04  0.14276889332276E+05  0.11091104810158E+05  0.59742127730218E+05 -0.35004609136431E+04 -0.30956071580484E+04  0.49687974021220E+03 -0.20400271006642E+03 -0.22355452856554E+02  0.76620148268025E+01  0.50071711142795E+04 -0.69065122683197E+03  0.54882554041086E+04  0.32007298805557E+04 -0.23019135992211E+06 -0.25896065994289E+04 -0.92754183651774E+03 -0.34361941611765E+03 -0.13797803955926E+03  0.80768786115043E+02  0.80297561134508E+03 -0.31844146115331E+04 -0.15923830737167E+03  0.19352887116179E+02  0.39861158245180E+03 -0.20567132344124E+04 -0.19425301073292E+03 -0.24147943528329E+04 -0.37954707408816E+04  0.13564152676866E+03 -0.98657846596823E+04 -0.50979094719468E+05 -0.14512171251666E+03 -0.27985292121308E+03 -0.12836006367038E+02 -0.93515715856445E+03 -0.42403146723958E+04 -0.33946814370833E+03 -0.14454558112846E+03 -0.13046923058185E+04 -0.32432296210290E+04 -0.11424712418427E+04 -0.33882371913003E+04
   0.10013234142511E+07 -0.11835458952702E+06  0.23933107594181E+05  0.36049448620923E+06 -0.31722138015822E+05  0.11043391548048E+06  0.59742127730218E+05  0.56646005808836E+07 -0.24826821771708E+07 -0.90769124366821E+05  0.25507588679084E+05  0.22912580640994E+05  0.15747938337535E+04  0.70551528442204E+02  0.94702228096402E+05 -0.12588976823932E+05  0.12110279249092E+06  0.65226511260024E+05 -0.51049456310719E+06 -0.37911711181358E+05 -0.73037658456720E+04 -0.19016222145017E+04 -0.62128116868371E+03  0.43131751811072E+04  0.32314136829146E+05 -0.21881879008068E+05  0.43188730223574E+04  0.12776778172287E+04  0.10908216699733E+05 -0.96238578393824E+04  0.11921059447572E+04 -0.61817562587778E+05 -0.49348311503763E+05 -0.73167321703427E+05 -0.30137235159566E+06 -0.57865040876942E+06 -0.74951583143708E+05 -0.17114143646367E+06 -0.14948009560881E+04 -0.49427875479737E+04 -0.96762633828177E+04  0.78195185197757E+03  0.44808608955633E+03 -0.28010057126476E+06 -0.86789723366209E+04 -0.15119317583306E+06 -0.18248295264965E+06
  -0.18413232261999E+06  0.25063908586541E+05 -0.42510326236100E+04 -0.28813761980815E+05  0.40304195559115E+03 -0.10790764207959E+05 -0.35004609136431E+04 -0.24826821771708E+07  0.19361964797404E+07  0.19777551807265E+05 -0.62889551786245E+04 -0.47673246914045E+04 -0.26555021704677E+03 -0.94382789568838E+01  0.47657003946135E+05 -0.22986569880649E+04  0.18297534620471E+05  0.92743460155407E+04 -0.33933516342232E+05  0.93213339983985E+04  0.14411996452350E+04  0.32361824970895E+03  0.98072590006647E+02 -0.98323533588109E+03 -0.77606008368050E+04  0.34783901104846E+04 -0.94829871073759E+03 -0.30796242880897E+03 -0.26689082574993E+04  0.15582733023178E+04 -0.32169470949313E+03  0.11145053727050E+05  0.10526013219787E+05  0.25428424061369E+05  0.68178300787584E+05  0.12650508224079E+06  0.22967663126965E+05  0.52444977163540E+05  0.21491488034288E+03  0.59365264278905E+03  0.11703544295600E+04 -0.13944001539327E+04 -0.74285039492316E+03  0.11376996397367E+06  0.15325518976935E+04  0.46717521305688E+05  0.55852391506470E+05
  -0.48101073494685E+05  0.65646585633465E+04 -0.13414921349898E+04 -0.17380187859757E+05  0.21653992783116E+04 -0.44517314183209E+04 -0.30956071580484E+04 -0.90769124366821E+05  0.19777551807265E+05  0.25743814076323E+04 -0.57440726083972E+03 -0.56156239247937E+03 -0.50533043335175E+02 -0.12049286173454E+01 -0.41317248548790E+04  0.54169077665722E+03 -0.47104077803382E+04 -0.26745933091842E+04  0.48693176281345E+05  0.12410318939700E+04  0.32839619801942E+03  0.10422754138108E+03  0.38129955353439E+02 -0.12873018744385E+03 -0.93248704121229E+03  0.12892933977511E+04 -0.10015872340777E+03 -0.32546324180171E+02 -0.30094258282519E+03  0.55717811720981E+03 -0.11242016607206E+01  0.26274042313767E+04  0.18018872940625E+04  0.74487081157125E+03  0.10737574580280E+05  0.21883060568147E+05  0.14514139248344E+04  0.32784207065198E+04  0.43914345955464E+02  0.44768407379961E+03  0.84896390511280E+03  0.11106109678761E+03  0.50985142510788E+02  0.31174465959593E+04  0.42119861794823E+03  0.28748756649728E+04  0.35607834396320E+04
   0.68172413087585E+04 -0.75905784608974E+03  0.16590477995495E+03  0.29039488244160E+04 -0.27908518922845E+03  0.87136751508827E+03  0.49687974021220E+03  0.25507588679084E+05 -0.62889551786245E+04 -0.57440726083972E+03  0.15062263401625E+03  0.14884395388970E+03  0.11017026570555E+02  0.43257803319741E+00  0.11902343247124E+04 -0.13914890349658E+03  0.12916731898819E+04  0.70319662164576E+03 -0.49561310614190E+04 -0.22601298259962E+03 -0.47336469323338E+02 -0.12805393117308E+02 -0.42402962966529E+01  0.26968591790884E+02  0.19701824565285E+03 -0.14964935187843E+03  0.27766072661645E+02  0.78208646599255E+01  0.65979658270407E+02 -0.65507062169442E+02  0.71478908573512E+01 -0.41685058588737E+03 -0.31336970638744E+03 -0.32690817323125E+03 -0.18696526604626E+04 -0.36336185197395E+04 -0.39255985755998E+03 -0.89727492392952E+03 -0.10453507334956E+02 -0.34757319439808E+02 -0.68155317609169E+02 -0.90261389883201E+01 -0.45655803103135E+01 -0.10818583543997E+04 -0.58273795688609E+02 -0.79081176226161E+03 -0.96090635426782E+03
   0.13332739026400E+05 -0.99455233596869E+03  0.32477870397209E+03 -0.12535102665580E+04 -0.32122471597396E+01 -0.59941325354739E+03 -0.20400271006642E+03  0.22912580640994E+05 -0.47673246914045E+04 -0.56156239247937E+03  0.14884395388970E+03  0.10714890581509E+04  0.74309372212671E+02 -0.12299384899153E+01  0.11079258709081E+04 -0.16859274091891E+03  0.16163019354010E+04  0.92865292069302E+03 -0.46464960781878E+04  0.20976640464791E+03  0.20958361562459E+02  0.14057173195896E+00 -0.72123748273958E+00  0.45112661109451E+02  0.36615412955295E+03 -0.66922755584526E+02  0.39779606340260E+02 -0.56356385351491E+01 -0.53033624748798E+02  0.57107284700926E+01 -0.50563389069675E+01 -0.95032038071843E+03 -0.79023997094145E-11 -0.52252052864709E+03 -0.43138710262694E+04 -0.13321591457513E-09 -0.17784911639378E+04 -0.59195119819933E+02 -0.63540318423248E+02 -0.16060797068009E+00 -0.33386556710715E-10 -0.14022761074341E+01 -0.60474560545557E+00  0.22641190854782E+03  0.27449808721763E+03 -0.22223766673755E+04 -0.18259873486409E-10
   0.15039818709299E+04 -0.11699805573616E+03  0.40692639972104E+02 -0.12775068777567E+03  0.46482050637945E+01 -0.54839645379199E+02 -0.22355452856554E+02  0.15747938337535E+04 -0.26555021704677E+03 -0.50533043335175E+02  0.11017026570555E+02  0.74309372212671E+02  0.68971414153239E+01 -0.12306912636545E+00  0.66372782475158E+02 -0.12024349429837E+02  0.10527125533282E+03  0.64975537184947E+02 -0.22973754069994E+03  0.11255255631162E+02  0.15133275000242E+01  0.12030794894414E-01 -0.74622006337686E-01  0.56955728277059E+01  0.40166849129299E+02 -0.13747414962386E+02  0.65459907227675E+01 -0.80370186335617E+00 -0.60798409471399E+01  0.23709794363374E+01 -0.11326930872160E+01 -0.13914727156565E+03  0.17149906321758E-11 -0.21334933372053E+02 -0.51035316998987E+03 -0.28070066466343E-10 -0.11456311520043E+03 -0.15446387588896E+02 -0.52753096362071E+01 -0.11530124113231E+00  0.55661014149475E-11 -0.15019611930384E+00 -0.58961443374549E-01  0.23044317474936E+02  0.60971059994409E+02 -0.16509347489826E+03 -0.14115856255843E-10
  -0.88638324488033E+02  0.10620742107340E+02 -0.28674115336965E+01  0.44282582437884E+02 -0.38836440070708E+01  0.14639809147482E+02  0.76620148268025E+01  0.70551528442204E+02 -0.94382789568838E+01 -0.12049286173454E+01  0.43257803319741E+00 -0.12299384899153E+01 -0.12306912636545E+00  0.28748995947672E-01  0.10375581967328E+02 -0.79786774541270E+00  0.76326908679003E+01  0.36215469830938E+01 -0.61523952796722E+02  0.98248696259042E+00 -0.35119281207192E-01 -0.14944013192531E-01 -0.50271100886180E-02 -0.21314401655417E-01 -0.13237097979031E+00  0.52446975105298E-01 -0.17045537074134E-01  0.10514007047355E-01  0.98631668762138E-01 -0.36516749927343E-01  0.87387346500582E-03  0.44325340692049E-01  0.11097010271611E-12 -0.38170799546259E+01 -0.27597155365325E+00 -0.53157017600967E-11 -0.15158644068260E+01 -0.96433126100578E-06 -0.82164632230632E-01  0.00000000000000E+00 -0.29189452457396E-13 -0.96308355629255E-03 -0.53796775615057E-03 -0.14842019518508E+01  0.13667930737361E-05 -0.15431809349606E+01 -0.18665232698827E-12
   0.12785104828818E+05  0.50273117448589E+03 -0.14304856756085E+03  0.32217102220385E+05 -0.27579091451885E+04  0.95766525805146E+04  0.50071711142795E+04  0.94702228096402E+05  0.47657003946135E+05 -0.41317248548790E+04  0.11902343247124E+04  0.11079258709081E+04  0.66372782475158E+02  0.10375581967328E+02  0.51667519805406E+05 -0.51122222122858E+04  0.47238505242865E+05  0.24955950530373E+05 -0.58570069432426E+05  0.37731692604803E+02  0.58939570344883E+02  0.28536538759550E+02  0.13067921527860E+02 -0.70117047869464E+01 -0.90771581259295E+02  0.61962760465884E+03  0.55807020059081E+02  0.28227831614665E+01 -0.17565427477192E+02  0.25711628515915E+03  0.39498346713246E+02 -0.30657871224366E+04 -0.19942671100952E+04 -0.24957302145970E+04  0.18155553519269E+04  0.40998555143550E+04 -0.14926947768460E+04 -0.30812794990331E+04 -0.74550952693763E+03  0.39349327470761E+03  0.67015198676752E+03 -0.31612873454504E+04 -0.16334324477404E+04 -0.20713071448556E+04  0.19626581529824E+03 -0.99123474165644E+03 -0.11143514839772E+04
  -0.30258958449413E+04 -0.26102496409959E+01 -0.31959563293925E+02 -0.42528380274181E+04  0.38001958030094E+03 -0.12819596164132E+04 -0.69065122683197E+03 -0.12588976823932E+05 -0.22986569880649E+04  0.54169077665722E+03 -0.13914890349658E+03 -0.16859274091891E+03 -0.12024349429837E+02 -0.79786774541270E+00 -0.51122222122858E+04  0.59473599873980E+03 -0.54136941231394E+04 -0.29692377936378E+04  0.78257706721203E+04  0.10390836991904E+02 -0.82672376766318E+01 -0.54094856050460E+01 -0.28290941816168E+01 -0.60752665950775E+01 -0.24770260100179E+02 -0.13261079497691E+03 -0.27212942874016E+02 -0.27978396567352E+01 -0.99589795521600E+01 -0.54364741891403E+02 -0.13896411924434E+02  0.60524062978386E+03  0.37898722455656E+03  0.29800180510991E+03 -0.98221954179364E+02 -0.40191454321732E+03  0.16759232391135E+03  0.34328320101852E+03  0.87592666934471E+02 -0.10686002750828E+03 -0.17959069974153E+03  0.52820236286137E+03  0.25189119547835E+03 -0.41309407870982E+03 -0.34649372171358E+02  0.29030867690419E+03  0.32518867815466E+03
   0.18011140772959E+05  0.27258661732561E+03 -0.32676649458898E+02  0.35656191445524E+05 -0.29123341928314E+04  0.10928432577079E+05  0.54882554041086E+04  0.12110279249092E+06  0.18297534620471E+05 -0.47104077803382E+04  0.12916731898819E+04  0.16163019354010E+04  0.10527125533282E+03  0.76326908679003E+01  0.47238505242865E+05 -0.54136941231394E+04  0.50472585639863E+05  0.27409432483042E+05 -0.63211804595402E+05  0.12556165050357E+02  0.79859803798567E+02  0.34600941681219E+02  0.13263243458661E+02 -0.55970464714625E+02 -0.23435134538849E+03  0.69094427170103E+03 -0.98738072123770E+02 -0.14427978183964E+02 -0.85554952540700E+02  0.30909690463281E+03 -0.18489596497370E+02 -0.40581903754779E+04 -0.25619828842227E+04 -0.31478931877847E+04  0.28098842055676E+04  0.64822020380837E+04 -0.15405651033830E+04 -0.32012480543268E+04 -0.81517374118035E+03  0.16222661540674E+03  0.30686209639993E+03 -0.37609792480179E+04 -0.19854911810363E+04  0.26337696537943E+04  0.37536395471767E+03 -0.25323651343475E+04 -0.27975606361318E+04
   0.12642232144860E+05  0.12342837878261E+03  0.72412097872378E+02  0.20213752187206E+05 -0.16901573757243E+04  0.62532605822687E+04  0.32007298805557E+04  0.65226511260024E+05  0.92743460155407E+04 -0.26745933091842E+04  0.70319662164576E+03  0.92865292069302E+03  0.64975537184947E+02  0.36215469830938E+01  0.24955950530373E+05 -0.29692377936378E+04  0.27409432483042E+05  0.15065375365581E+05 -0.35983413663328E+05 -0.21969521888755E+02  0.47587271125567E+02  0.24059089014241E+02  0.10361606795788E+02 -0.14747578882276E+02 -0.38119621289391E+02  0.52270454775797E+03 -0.14463888439294E+02 -0.21583687568278E+01 -0.16015668122482E+02  0.23175853874906E+03  0.89891197520433E+01 -0.27876927998117E+04 -0.17267868052002E+04 -0.15734788386958E+04  0.12244304371186E+04  0.33918526679567E+04 -0.79146911921101E+03 -0.16423563607179E+04 -0.45062223757022E+03  0.20949414852280E+03  0.37365051263964E+03 -0.24385182825948E+04 -0.12323451808352E+04  0.23747917633312E+04  0.24485641949831E+03 -0.16777813977682E+04 -0.18574718265996E+04
  -0.66833307372387E+07  0.21448761785481E+07 -0.21078480485021E+06 -0.20732065455555E+07  0.43694517307927E+06 -0.63618862879430E+05 -0.23019135992211E+06 -0.51049456310719E+06 -0.33933516342232E+05  0.48693176281345E+05 -0.49561310614190E+04 -0.46464960781878E+04 -0.22973754069994E+03 -0.61523952796722E+02 -0.58570069432426E+05  0.78257706721203E+04 -0.63211804595402E+05 -0.35983413663328E+05  0.28890476118665E+08  0.16064957434467E+06  0.81831566848796E+05  0.42732318767693E+05  0.23236370028257E+05  0.34875442572001E+05  0.56729736014053E+05  0.37201112224777E+06  0.20078043041211E+06  0.18184448738357E+05  0.37839194123408E+05  0.17998415726249E+06  0.10959581436043E+06  0.34477964011997E+05  0.76932275056174E+05 -0.11509707113152E+04  0.53782603649859E+06  0.26102214604163E+07  0.16079930037588E+05  0.31647177268486E+05  0.21359479952774E+03  0.16953886781140E+06  0.72151153646764E+06  0.23453786045574E+05  0.74651765270119E+04 -0.17894387674416E+05  0.46096729686516E+05  0.20314621352277E+05  0.62924845402661E+05
  -0.64119502582267E+05  0.15536351458944E+05 -0.19804455154143E+04 -0.18430507946281E+05  0.33095074633617E+04 -0.21145455573664E+04 -0.25896065994289E+04 -0.37911711181358E+05  0.93213339983985E+04  0.12410318939700E+04 -0.22601298259962E+03  0.20976640464791E+03  0.11255255631162E+02  0.98248696259042E+00  0.37731692604803E+02  0.10390836991904E+02  0.12556165050357E+02 -0.21969521888755E+02  0.16064957434467E+06  0.29638118437430E+04  0.97519687927755E+03  0.41554744080929E+03  0.20076984211405E+03  0.92042448568764E+02 -0.22187252981120E+03  0.27967836665076E+04  0.88238182725915E+03  0.95485353385479E+02  0.32160657606156E+01  0.16432153367338E+04  0.72640796375631E+03  0.00000000000000E+00  0.26007959284371E+04  0.00000000000000E+00  0.00000000000000E+00  0.40835687372705E+05  0.00000000000000E+00  0.00000000000000E+00  0.00000000000000E+00  0.00000000000000E+00  0.57562765275755E+04  0.00000000000000E+00  0.00000000000000E+00  0.00000000000000E+00 -0.17950398051355E+04  0.00000000000000E+00  0.42363766338934E+04
  -0.27193711941007E+05  0.75039290369308E+04 -0.84864283625931E+03 -0.72792870645599E+04  0.14457231683617E+04 -0.49242470292116E+03 -0.92754183651774E+03 -0.73037658456720E+04  0.14411996452350E+04  0.32839619801942E+03 -0.47336469323338E+02  0.20958361562459E+02  0.15133275000242E+01 -0.35119281207192E-01  0.58939570344883E+02 -0.82672376766318E+01  0.79859803798567E+02  0.47587271125567E+02  0.81831566848796E+05  0.97519687927755E+03  0.41244210046737E+03  0.19558607962558E+03  0.10061644094429E+03  0.78385196110771E+02  0.44962649655868E+02  0.12823008419931E+04  0.53549103206033E+03  0.62824333394354E+02  0.91277105344545E+02  0.76857631456302E+03  0.41270040134548E+03  0.00000000000000E+00  0.67475146101991E+03  0.00000000000000E+00  0.00000000000000E+00  0.15130211910012E+05  0.00000000000000E+00  0.00000000000000E+00  0.00000000000000E+00  0.00000000000000E+00  0.28841867545945E+04  0.00000000000000E+00  0.00000000000000E+00  0.00000000000000E+00 -0.51403610565428E+03  0.00000000000000E+00  0.87801790473489E+03
  -0.12719454189896E+05  0.38522486874488E+04 -0.39889131071109E+03 -0.30858527096308E+04  0.65117726435825E+03 -0.85844306092524E+02 -0.34361941611765E+03 -0.19016222145017E+04  0.32361824970895E+03  0.10422754138108E+03 -0.12805393117308E+02  0.14057173195896E+00  0.12030794894414E-01 -0.14944013192531E-01  0.28536538759550E+02 -0.54094856050460E+01  0.34600941681219E+02  0.24059089014241E+02  0.42732318767693E+05  0.41554744080929E+03  0.19558607962558E+03  0.99124694560620E+02  0.53367366386080E+02  0.50870350976519E+02  0.61413128983675E+02  0.63230310546199E+03  0.31847276952577E+03  0.37264748666392E+02  0.67887235231690E+02  0.37915274540076E+03  0.23568623406033E+03  0.00000000000000E+00  0.19712960603558E+03  0.00000000000000E+00  0.00000000000000E+00  0.64837657430800E+04  0.00000000000000E+00  0.00000000000000E+00  0.00000000000000E+00  0.00000000000000E+00  0.14824713788390E+04  0.00000000000000E+00  0.00000000000000E+00  0.00000000000000E+00 -0.16567185293382E+03  0.00000000000000E+00  0.25884397113725E+03
  -0.63821078251488E+04  0.20779065290964E+04 -0.20057179096912E+03 -0.14221677822102E+04  0.31042931370510E+03  0.20292077710227E+01 -0.13797803955926E+03 -0.62128116868371E+03  0.98072590006647E+02  0.38129955353439E+02 -0.42402962966529E+01 -0.72123748273958E+00 -0.74622006337686E-01 -0.50271100886180E-02  0.13067921527860E+02 -0.28290941816168E+01  0.13263243458661E+02  0.10361606795788E+02  0.23236370028257E+05  0.20076984211405E+03  0.10061644094429E+03  0.53367366386080E+02  0.29723253717887E+02  0.31286924773151E+02  0.44382818171062E+02  0.32976585204159E+03  0.19082053023192E+03  0.21711540980151E+02  0.41498112635762E+02  0.19688725058363E+03  0.13703025845151E+03  0.00000000000000E+00  0.60398833725348E+02  0.00000000000000E+00  0.00000000000000E+00  0.30815261017916E+04  0.00000000000000E+00  0.00000000000000E+00  0.00000000000000E+00  0.00000000000000E+00  0.78015268676680E+03  0.00000000000000E+00  0.00000000000000E+00  0.00000000000000E+00 -0.56175223224270E+02  0.00000000000000E+00  0.95541672073602E+02
  -0.11225028748224E+05  0.53827587228304E+04 -0.36684207021901E+03 -0.74420564440344E+03  0.27479422218779E+03  0.35236675745833E+03  0.80768786115043E+02  0.43131751811072E+04 -0.98323533588109E+03 -0.12873018744385E+03  0.26968591790884E+02  0.45112661109451E+02  0.56955728277059E+01 -0.21314401655417E-01 -0.70117047869464E+01 -0.60752665950775E+01 -0.55970464714625E+02 -0.14747578882276E+02  0.34875442572001E+05  0.92042448568764E+02  0.78385196110771E+02  0.50870350976519E+02  0.31286924773151E+02  0.17734864679699E+03  0.43349983749000E+03  0.10464446334429E+04  0.88575619603974E+03  0.34744148359795E+02  0.86383048194287E+02  0.21543205828317E+03  0.19901723280253E+03 -0.69241530079968E+02 -0.20858520028435E+02  0.25950504752478E+01  0.89986286160085E+03  0.64852464990917E+03  0.00000000000000E+00  0.00000000000000E+00  0.00000000000000E+00  0.17170726994933E+04  0.13742825985552E+04  0.00000000000000E+00  0.00000000000000E+00  0.00000000000000E+00  0.21196331064452E+03 -0.31036631953729E+03 -0.17069405532489E+03
  -0.43859822703532E+04  0.81964751558990E+04 -0.23514854071826E+03  0.17609939784034E+04  0.19435881518713E+03  0.16645524876471E+04  0.80297561134508E+03  0.32314136829146E+05 -0.77606008368050E+04 -0.93248704121229E+03  0.19701824565285E+03  0.36615412955295E+03  0.40166849129299E+02 -0.13237097979031E+00 -0.90771581259295E+02 -0.24770260100179E+02 -0.23435134538849E+03 -0.38119621289391E+02  0.56729736014053E+05 -0.22187252981120E+03  0.44962649655868E+02  0.61413128983675E+02  0.44382818171062E+02  0.43349983749000E+03  0.16087805360328E+04  0.14296461089439E+04  0.16191604457398E+04  0.75865827801816E+02  0.26151320637237E+03  0.32015332855382E+03  0.36108082726348E+03 -0.26411083735529E+03 -0.92720938292969E+02 -0.46243365597470E+02 -0.69904469507358E+04 -0.62225931168073E+04  0.00000000000000E+00  0.00000000000000E+00  0.00000000000000E+00  0.35212490406569E+04  0.27597352602440E+04  0.00000000000000E+00  0.00000000000000E+00  0.00000000000000E+00  0.11342254894881E+04 -0.25780258282961E+04 -0.14151892520318E+04
  -0.20600196644198E+06  0.60406641165942E+05 -0.64711489436468E+04 -0.28371512782217E+05  0.60944177290253E+04 -0.71370338020259E+03 -0.31844146115331E+04 -0.21881879008068E+05  0.34783901104846E+04  0.12892933977511E+04 -0.14964935187843E+03 -0.66922755584526E+02 -0.13747414962386E+02  0.52446975105298E-01  0.61962760465884E+03 -0.13261079497691E+03  0.69094427170103E+03  0.52270454775797E+03  0.37201112224777E+06  0.27967836665076E+04  0.12823008419931E+04  0.63230310546199E+03  0.32976585204159E+03  0.10464446334429E+04  0.14296461089439E+04  0.13805298500017E+05  0.62045324072201E+04  0.27303307842756E+03  0.54955918787152E+03  0.29249783627893E+04  0.16327585348096E+04  0.26635324879346E+03  0.10144240950130E+03  0.58350321384592E+00  0.45261722979125E+05  0.44442103801315E+05  0.00000000000000E+00  0.00000000000000E+00  0.00000000000000E+00  0.17449012116916E+05  0.14046457803966E+05  0.00000000000000E+00  0.00000000000000E+00  0.00000000000000E+00 -0.22583576853059E+04  0.19167626723712E+04  0.11661046840666E+04
  -0.76567397419878E+05  0.31677748232559E+05 -0.24255449019075E+04 -0.68504177148724E+04  0.17456609902913E+04  0.99490330037855E+03 -0.15923830737167E+03  0.43188730223574E+04 -0.94829871073759E+03 -0.10015872340777E+03  0.27766072661645E+02  0.39779606340260E+02  0.65459907227675E+01 -0.17045537074134E-01  0.55807020059081E+02 -0.27212942874016E+02 -0.98738072123770E+02 -0.14463888439294E+02  0.20078043041211E+06  0.88238182725915E+03  0.53549103206033E+03  0.31847276952577E+03  0.19082053023192E+03  0.88575619603974E+03  0.16191604457398E+04  0.62045324072201E+04  0.50527555747266E+04  0.17976498710262E+03  0.37235021449105E+03  0.12392627090580E+04  0.11167329718014E+04 -0.25424529192653E+03 -0.68709427710012E+02  0.13051720582191E+02  0.13157227947163E+05  0.10702170421203E+05  0.00000000000000E+00  0.00000000000000E+00  0.00000000000000E+00  0.84411802619396E+04  0.69014486633404E+04  0.00000000000000E+00  0.00000000000000E+00  0.00000000000000E+00  0.36919044382282E+03 -0.19457065715313E+03 -0.10096014899277E+03
  -0.40489842794118E+04  0.15714566518767E+04 -0.13017722721034E+03 -0.54975897845843E+03  0.18357017838518E+03  0.18158777353993E+03  0.19352887116179E+02  0.12776778172287E+04 -0.30796242880897E+03 -0.32546324180171E+02  0.78208646599255E+01 -0.56356385351491E+01 -0.80370186335617E+00  0.10514007047355E-01  0.28227831614665E+01 -0.27978396567352E+01 -0.14427978183964E+02 -0.21583687568278E+01  0.18184448738357E+05  0.95485353385479E+02  0.62824333394354E+02  0.37264748666392E+02  0.21711540980151E+02  0.34744148359795E+02  0.75865827801816E+02  0.27303307842756E+03  0.17976498710262E+03  0.26592342606775E+02  0.77522064914961E+02  0.15651558063451E+03  0.13857459229209E+03  0.00000000000000E+00 -0.10111640123722E+02  0.00000000000000E+00  0.00000000000000E+00  0.90794908510783E+03  0.00000000000000E+00  0.00000000000000E+00  0.00000000000000E+00  0.00000000000000E+00  0.99746825078951E+03  0.00000000000000E+00  0.00000000000000E+00  0.00000000000000E+00 -0.16114863696882E+03  0.00000000000000E+00 -0.89501425430482E+02
  -0.59916495954749E+04  0.31027874626790E+04 -0.20780146080460E+03  0.39601465261238E+03  0.27935309604063E+03  0.10127786709165E+04  0.39861158245180E+03  0.10908216699733E+05 -0.26689082574993E+04 -0.30094258282519E+03  0.65979658270407E+02 -0.53033624748798E+02 -0.60798409471399E+01  0.98631668762138E-01 -0.17565427477192E+02 -0.99589795521600E+01 -0.85554952540700E+02 -0.16015668122482E+02  0.37839194123408E+05  0.32160657606156E+01  0.91277105344545E+02  0.67887235231690E+02  0.41498112635762E+02  0.86383048194287E+02  0.26151320637237E+03  0.54955918787152E+03  0.37235021449105E+03  0.77522064914961E+02  0.31641026120372E+03  0.26897481924869E+03  0.31805392104275E+03  0.00000000000000E+00 -0.53823206759533E+02  0.00000000000000E+00  0.00000000000000E+00 -0.22716503043486E+04  0.00000000000000E+00  0.00000000000000E+00  0.00000000000000E+00  0.00000000000000E+00  0.23367688002343E+04  0.00000000000000E+00  0.00000000000000E+00  0.00000000000000E+00 -0.10239903073250E+04  0.00000000000000E+00 -0.90903450763220E+03
  -0.56099561012914E+05  0.15749419133203E+05 -0.17619415174895E+04 -0.16373703716696E+05  0.34109386828596E+04 -0.82125547514687E+03 -0.20567132344124E+04 -0.96238578393824E+04  0.15582733023178E+04  0.55717811720981E+03 -0.65507062169442E+02  0.57107284700926E+01  0.23709794363374E+01 -0.36516749927343E-01  0.25711628515915E+03 -0.54364741891403E+02  0.30909690463281E+03  0.23175853874906E+03  0.17998415726249E+06  0.16432153367338E+04  0.76857631456302E+03  0.37915274540076E+03  0.19688725058363E+03  0.21543205828317E+03  0.32015332855382E+03  0.29249783627893E+04  0.12392627090580E+04  0.15651558063451E+03  0.26897481924869E+03  0.22802674478046E+04  0.97142358278143E+03  0.00000000000000E+00  0.81994097284584E+02  0.00000000000000E+00  0.00000000000000E+00  0.29512016655939E+05  0.00000000000000E+00  0.00000000000000E+00  0.00000000000000E+00  0.00000000000000E+00  0.88351709291079E+04  0.00000000000000E+00  0.00000000000000E+00  0.00000000000000E+00  0.27851668602664E+04  0.00000000000000E+00  0.82113518533270E+03
  -0.26034199130865E+05  0.96282121325464E+04 -0.82431012657788E+03 -0.45121288356962E+04  0.11487410641774E+04  0.52207775847090E+03 -0.19425301073292E+03  0.11921059447572E+04 -0.32169470949313E+03 -0.11242016607206E+01  0.71478908573512E+01 -0.50563389069675E+01 -0.11326930872160E+01  0.87387346500582E-03  0.39498346713246E+02 -0.13896411924434E+02 -0.18489596497370E+02  0.89891197520433E+01  0.10959581436043E+06  0.72640796375631E+03  0.41270040134548E+03  0.23568623406033E+03  0.13703025845151E+03  0.19901723280253E+03  0.36108082726348E+03  0.16327585348096E+04  0.11167329718014E+04  0.13857459229209E+03  0.31805392104275E+03  0.97142358278143E+03  0.81433143373826E+03  0.00000000000000E+00 -0.36731994502806E+02  0.00000000000000E+00  0.00000000000000E+00  0.90147667554629E+04  0.00000000000000E+00  0.00000000000000E+00  0.00000000000000E+00  0.00000000000000E+00  0.54580827972675E+04  0.00000000000000E+00  0.00000000000000E+00  0.00000000000000E+00 -0.27778895102589E+03  0.00000000000000E+00 -0.17033489949959E+02
  -0.13406570157506E+06  0.16912165378256E+05 -0.40251848060576E+04 -0.12665264182448E+05  0.19634481688265E+04 -0.27011042855104E+04 -0.24147943528329E+04 -0.61817562587778E+05  0.11145053727050E+05  0.26274042313767E+04 -0.41685058588737E+03 -0.95032038071843E+03 -0.13914727156565E+03  0.44325340692049E-01 -0.30657871224366E+04  0.60524062978386E+03 -0.40581903754779E+04 -0.27876927998117E+04  0.34477964011997E+05  0.00000000000000E+00  0.00000000000000E+00  0.00000000000000E+00  0.00000000000000E+00 -0.69241530079968E+02 -0.26411083735529E+03  0.26635324879346E+03 -0.25424529192653E+03  0.00000000000000E+00  0.00000000000000E+00  0.00000000000000E+00  0.00000000000000E+00  0.11664408209827E+06  0.00000000000000E+00  0.00000000000000E+00  0.00000000000000E+00  0.00000000000000E+00  0.00000000000000E+00  0.00000000000000E+00  0.00000000000000E+00  0.00000000000000E+00  0.00000000000000E+00  0.00000000000000E+00  0.00000000000000E+00  0.00000000000000E+00  0.00000000000000E+00  0.00000000000000E+00  0.00000000000000E+00
  -0.56807206935380E+05  0.83565779511920E+04 -0.17030466310151E+04 -0.21051639289143E+05  0.33195245000765E+04 -0.41374177905331E+04 -0.37954707408816E+04 -0.49348311503763E+05  0.10526013219787E+05  0.18018872940625E+04 -0.31336970638744E+03 -0.79023997094145E-11  0.17149906321758E-11  0.11097010271611E-12 -0.19942671100952E+04  0.37898722455656E+03 -0.25619828842227E+04 -0.17267868052002E+04  0.76932275056174E+05  0.26007959284371E+04  0.67475146101991E+03  0.19712960603558E+03  0.60398833725348E+02 -0.20858520028435E+02 -0.92720938292969E+02  0.10144240950130E+03 -0.68709427710012E+02 -0.10111640123722E+02 -0.53823206759533E+02  0.81994097284584E+02 -0.36731994502806E+02  0.00000000000000E+00  0.64614626400458E+05  0.00000000000000E+00  0.00000000000000E+00  0.00000000000000E+00  0.00000000000000E+00  0.00000000000000E+00  0.00000000000000E+00  0.00000000000000E+00  0.00000000000000E+00  0.00000000000000E+00  0.00000000000000E+00  0.00000000000000E+00  0.00000000000000E+00  0.00000000000000E+00  0.00000000000000E+00
  -0.55480798585155E+04 -0.17157266299400E+03  0.36009787374542E+01 -0.54523190445394E+02 -0.57320496143271E+02  0.15135543601133E+03  0.13564152676866E+03 -0.73167321703427E+05  0.25428424061369E+05  0.74487081157125E+03 -0.32690817323125E+03 -0.52252052864709E+03 -0.21334933372053E+02 -0.38170799546259E+01 -0.24957302145970E+04  0.29800180510991E+03 -0.31478931877847E+04 -0.15734788386958E+04 -0.11509707113152E+04  0.00000000000000E+00  0.00000000000000E+00  0.00000000000000E+00  0.00000000000000E+00  0.25950504752478E+01 -0.46243365597470E+02  0.58350321384592E+00  0.13051720582191E+02  0.00000000000000E+00  0.00000000000000E+00  0.00000000000000E+00  0.00000000000000E+00  0.00000000000000E+00  0.00000000000000E+00  0.30710619264705E+05  0.00000000000000E+00  0.00000000000000E+00  0.00000000000000E+00  0.00000000000000E+00  0.00000000000000E+00  0.00000000000000E+00  0.00000000000000E+00  0.00000000000000E+00  0.00000000000000E+00  0.00000000000000E+00  0.00000000000000E+00  0.00000000000000E+00  0.00000000000000E+00
