# fitpack15: fit parameters                                                                         
# CJ15 AV18 final data choices                                                                      
# Created on 02/12/2019 at 10:50:22                                                                 

 # QCD setup
  INS                           0
  NVL                          11
  IORD                          1
  Q02                   1.6899999999999999     
  IPARAMC                       7
  FLAVOR                4.0000000000000000     
  xmc                   1.3000000000000000     
  xmb                   4.5000000000000000     
  ncb                          12
  ihq                           1
  ias                           0

 # Theory corrections
  inuke                     10814
  itmc                          1
  iht                           1

 # fit parameters
 LAMBDA       0.22680        0.0000    
 a0uv          2.1481        0.0000    
 a1uv         0.58931       0.21946E-01
 a2uv          3.5575       0.11966E-01
 a3uv          0.0000        0.0000    
 a4uv          4.0523       0.53226    
 a5uv          0.0000        0.0000    
 a0dv          24.657        0.0000    
 a1dv          1.1566       0.32806E-01
 a2dv          6.5485       0.15802    
 a3dv         -3.5166       0.84715E-01
 a4dv          4.6902       0.13915    
 a5dv          0.0000        0.0000    
 a0ud         0.14469       0.50230E-02
 a1ud        -0.20896       0.37836E-02
 a2ud          8.3358       0.19248    
 a3ud          0.0000        0.0000    
 a4ud          14.712        1.2201    
 a5ud          0.0000        0.0000    
 a0du          35712.        0.0000    
 a1du          4.0608       0.79167E-01
 a2du          20.155       0.91419    
 a3du          17.000        0.0000    
 a4du          52.570        10.262    
 a0g           46.349        0.0000    
 a1g          0.60684       0.33158E-01
 a2g           6.8168        1.0287    
 a3g          -3.3409       0.15091    
 a4g           3.3323       0.38193    
 a5g           0.0000        0.0000    
 kappa        0.40000        0.0000    
 a6dv        -0.35252E-02   0.66899E-03
 a7dv          2.0000        0.0000    
 off1         -3.0883        1.5355    
 off2         0.60113E-01   0.12016E-01
 ht1          -3.9510       0.35406    
 ht2           2.1375       0.12001    
 ht3          -2.0540       0.22413E-01
 ht4           0.0000        0.0000    
 dummy40       0.0000        0.0000    
 dummy41       0.0000        0.0000    
 dummy42       0.0000        0.0000    
 dummy43       0.0000        0.0000    
 dummy44       0.0000        0.0000    
 dummy45       0.0000        0.0000    
 dummy46       0.0000        0.0000    
 dummy47       0.0000        0.0000    
 dummy48       0.0000        0.0000    
 dummy49       0.0000        0.0000    
 bcdmsh2      0.96984       0.50312E-02
 bcdmsd2      0.98935       0.59758E-02
 ccfr          1.0000        0.0000    
 nutev         1.0000        0.0000    
 zeus         0.97998        0.0000    
 h1            1.0162        0.0000    
 e605          1.0319        0.0000    
 NmcH2         1.0057       0.72282E-02
 ntv_nu        1.0000        0.0000    
 ntv_nubar     1.0000        0.0000    
 cdf_jet      0.98910        0.0000    
 d0_jet       0.83504        0.0000    
 slac_p        1.0021       0.51631E-02
 slac_d        1.0003       0.56212E-02
 e866pp       0.96588       0.19852E-01
 e866pd       0.95692       0.16100E-01
 d0_gamjet     1.0376       0.16461E-01
 h1b          0.97608        0.0000    
 jlab_p       0.99439        0.0000    
 jlab_d       0.97560        0.0000    
 blank         1.0000        0.0000    
 d0run2       0.94270       0.14285E-01
 cdfrun2      0.93027       0.17373E-01
 HERA_el       1.0000        0.0000    
 HERA_ps       1.0000        0.0000    
 CDF_Z        0.95948       0.66692E-02
 NmcRat        1.0000        0.0000    
 BNS_F2nd     0.98207       0.67033E-02
 HERMES_F2p   0.99516       0.58421E-02
 HERMES_F2d   0.97678       0.60920E-02
 END 0. 0.

 # Hessian matrix (Bevington alpha)
   0.42714590135729E+07 -0.10623980312435E+07  0.17765645871725E+06  0.38040915820070E+06 -0.10100571472615E+06 -0.19562677999756E+05  0.46744666700603E+05  0.91279958458317E+06 -0.17618740570095E+06 -0.46465118412307E+05  0.72647223087110E+04  0.15266239918930E+05  0.17191434813112E+04 -0.10972339575445E+03  0.92465339552460E+04 -0.22487350585146E+04  0.93971205428779E+04  0.72085299221009E+04 -0.58103739553105E+07 -0.91251574832784E+03 -0.76089619990291E+06  0.44298172031267E+05  0.13535683751177E+06  0.43454034892821E+06 -0.13012935669852E+06 -0.55208413098326E+05 -0.48455064819471E+04 -0.85672892877257E+06 -0.11099158825363E+07 -0.20951315101083E+05 -0.47431897957598E+05 -0.31369210519794E+04 -0.90995472588975E+04 -0.32077706859779E+04 -0.16783576364619E+05  0.16963551251340E+05 -0.72857579421854E+05 -0.57467939439672E+05
  -0.10623980312435E+07  0.33392477510760E+06 -0.45574029555629E+05 -0.10160538197017E+06  0.26823125435988E+05  0.76264448394771E+04 -0.94081929096203E+04 -0.11503409936596E+06  0.25705201428035E+05  0.66399605273051E+04 -0.85946847808617E+03 -0.12092799906066E+04 -0.14102610468404E+03  0.13198165971994E+02  0.42899129782518E+03  0.20828744719324E+02  0.14215217338138E+03  0.41825056668837E+00  0.19885444781248E+07  0.40772724066186E+03  0.21412975527717E+06 -0.93719992148239E+04 -0.30103053782611E+05 -0.11375665587891E+06  0.16738762578719E+05  0.82692132299100E+04 -0.22049628911381E+03  0.21076900945311E+06  0.26540983148045E+06  0.58147228413858E+04  0.13326770788247E+05  0.41921948059680E+03  0.24267787381098E+04  0.76754934881955E+03 -0.22685234460668E+04 -0.22599536137302E+04  0.86426927549446E+04  0.72464294726088E+04
   0.17765645871725E+06 -0.45574029555629E+05  0.74646787281925E+04  0.15743600159599E+05 -0.42913009400266E+04 -0.10581595160518E+04  0.18748885085883E+04  0.28193130361366E+05 -0.53376259691485E+04 -0.16871077072978E+04  0.22810901400776E+03  0.44211653816739E+03  0.57070655146029E+02 -0.45185985884882E+01 -0.30390559067459E+03 -0.13214608780428E+02 -0.15667919792252E+03 -0.88097776183333E+01 -0.25128577666669E+06 -0.41123768950296E+02 -0.32151297636938E+05  0.18074432624584E+04  0.54889365822402E+04  0.18112429556462E+05 -0.50690787750633E+04 -0.21568567953498E+04  0.33546576545484E+02 -0.35020257002108E+05 -0.45541587847360E+05 -0.89320672975766E+03 -0.20305249501987E+04 -0.10819724839698E+03 -0.38130512315950E+03 -0.13268113686366E+03 -0.20629779232713E+02  0.66435492873484E+03 -0.23792839798892E+04 -0.19238152341773E+04
   0.38040915820070E+06 -0.10160538197017E+06  0.15743600159599E+05  0.37636121009473E+06 -0.57384529938706E+05  0.77563621832062E+05  0.63550134804160E+05  0.34439215222013E+06 -0.25229515537656E+05 -0.17726918538502E+05  0.32819832980396E+04 -0.13889899355710E+04 -0.15320189315233E+03  0.57178021512811E+02  0.30984586688667E+05 -0.37707857615213E+04  0.24287842296025E+05  0.13850279473556E+05 -0.18981558340075E+07 -0.89758550295593E+02 -0.22277307003970E+06  0.15442171767131E+05  0.43101405939573E+05  0.14804838060970E+06 -0.12853883870716E+05 -0.21321161330028E+05 -0.60052888903589E+02 -0.66160673361817E+05 -0.34340565880808E+06 -0.13874870491102E+04 -0.25040248411117E+04 -0.69672369482517E+02 -0.24789750788875E+04 -0.96238372171329E+03 -0.97441244721749E+04 -0.15822019963117E+05 -0.72533292864868E+04 -0.21510899282478E+05
  -0.10100571472615E+06  0.26823125435988E+05 -0.42913009400266E+04 -0.57384529938706E+05  0.10435791343771E+05 -0.81357145726623E+04 -0.90405144901930E+04 -0.31281164638935E+05  0.24365572566560E+03  0.22585184749330E+04 -0.32622529996103E+03 -0.29510180000522E+02  0.48703715987729E+01 -0.51203656847709E+01 -0.26466940017322E+04  0.33076850887980E+03 -0.20097217150589E+04 -0.11684856153462E+04  0.40986707515076E+06  0.39252889174694E+02  0.45410762750360E+05 -0.28303949984284E+04 -0.77576408327367E+04 -0.28444802007778E+05  0.20090586881620E+04  0.33929047189076E+04 -0.58548025139868E+02  0.12048114196108E+05  0.63613652516350E+05  0.33477449609680E+03  0.58393047431833E+03  0.88746495317069E+01  0.47756120819971E+03  0.17610077075765E+03  0.35209251899894E+03  0.25111437848229E+04  0.82341156979628E+03  0.25356613636799E+04
  -0.19562677999756E+05  0.76264448394771E+04 -0.10581595160518E+04  0.77563621832062E+05 -0.81357145726623E+04  0.24970745549398E+05  0.15181874066101E+05  0.10728880414720E+06 -0.95821527924378E+04 -0.46462313995457E+04  0.10031521182804E+04 -0.70610209489223E+03 -0.67946344627375E+02  0.19543830533296E+02  0.94892445427342E+04 -0.11779164741707E+04  0.75536852918324E+04  0.43584844149968E+04 -0.80057317385001E+05  0.54396295088696E+02 -0.18697088615230E+05  0.21097044813500E+04  0.61671554256608E+04  0.16354990378190E+05 -0.28545487741398E+04 -0.43914853032618E+04  0.15871145925329E+03 -0.90233972873718E+04 -0.44690161179661E+05 -0.10359837629774E+01 -0.33739846984432E+02 -0.18972726982473E+02 -0.27292919969222E+03 -0.13652612673500E+03 -0.31268272757917E+04 -0.34321610562064E+04 -0.18857090431710E+04 -0.54464162118856E+04
   0.46744666700603E+05 -0.94081929096203E+04  0.18748885085883E+04  0.63550134804160E+05 -0.90405144901930E+04  0.15181874066101E+05  0.11623676002046E+05  0.58782533104614E+05 -0.30128083627424E+04 -0.32504328027346E+04  0.58010359466235E+03 -0.22265579997817E+03 -0.27148601804751E+02  0.10255710201969E+02  0.48919954875376E+04 -0.61775683072890E+03  0.37816546971115E+04  0.22136719222232E+04 -0.22474617653699E+06  0.11441137524346E+02 -0.31625025285247E+05  0.24793389063146E+04  0.69284147033336E+04  0.21977750742399E+05 -0.25270044738986E+04 -0.39710629569940E+04  0.14045449399793E+03 -0.10220382645356E+05 -0.53412069678205E+05 -0.16870871561942E+03 -0.29541377729378E+03 -0.13158652218887E+02 -0.37285210885912E+03 -0.15615016969412E+03 -0.13201198789252E+04 -0.32047970572701E+04 -0.11657585362342E+04 -0.34800776357331E+04
   0.91279958458317E+06 -0.11503409936596E+06  0.28193130361366E+05  0.34439215222013E+06 -0.31281164638935E+05  0.10728880414720E+06  0.58782533104614E+05  0.50753818345383E+07 -0.23340780837983E+07 -0.85602082471487E+05  0.25913561729014E+05  0.26185773771350E+05  0.17578645152597E+04  0.10040485553654E+03  0.83103781131202E+05 -0.10591565937924E+05  0.75789082875441E+05  0.41627559811954E+05 -0.50536524513397E+06  0.41698220936781E+03 -0.10187271733705E+06  0.22495094632025E+05  0.74344583289649E+05  0.16964448038130E+06 -0.61229626665656E+05 -0.49128785163593E+05 -0.67945076218478E+05 -0.28578759096325E+06 -0.56569530856361E+06 -0.73360515488163E+05 -0.16488824127334E+06 -0.13383679630969E+04  0.21372436261158E+03  0.24779653488962E+03 -0.26596443792820E+06 -0.86479669771932E+04 -0.13947038761618E+06 -0.17279103652506E+06
  -0.17618740570095E+06  0.25705201428035E+05 -0.53376259691485E+04 -0.25229515537656E+05  0.24365572566560E+03 -0.95821527924378E+04 -0.30128083627424E+04 -0.23340780837983E+07  0.19235830673709E+07  0.18905398308791E+05 -0.64662413461238E+04 -0.55711942868944E+04 -0.30628103922823E+03 -0.13754732506715E+02  0.49811232863367E+05 -0.23827371195543E+04  0.15708114609613E+05  0.76286856487477E+04 -0.33257178013298E+05 -0.95222608166130E+02  0.77722704861544E+03 -0.44350839666191E+04 -0.15612869641198E+05 -0.32313645452925E+05  0.11411300196087E+05  0.10790465186170E+05  0.24252392969247E+05  0.65947499512221E+05  0.12632787410054E+06  0.23115102774442E+05  0.52055277149858E+05  0.17591055668830E+03 -0.12424740162942E+04 -0.69311443315963E+03  0.11186704263419E+06  0.15747126144634E+04  0.44480023802694E+05  0.54574950832910E+05
  -0.46465118412307E+05  0.66399605273051E+04 -0.16871077072978E+04 -0.17726918538502E+05  0.22585184749330E+04 -0.46462313995457E+04 -0.32504328027346E+04 -0.85602082471487E+05  0.18905398308791E+05  0.26065324339145E+04 -0.63046592123933E+03 -0.66627601986505E+03 -0.58757837663496E+02 -0.18628760033881E+01 -0.39714062696613E+04  0.48253532662847E+03 -0.31444191502338E+04 -0.18043546584556E+04  0.49873755525051E+05 -0.12156569016156E+02  0.92191327038717E+04 -0.10258034760958E+04 -0.31274872587937E+04 -0.80868145998671E+04  0.27368868116803E+04  0.18916411808080E+04  0.72789923244379E+03  0.10956375698889E+05  0.22887134009386E+05  0.15238338113927E+04  0.33582168147858E+04  0.42863750288546E+02  0.13083036175381E+03  0.57962598145294E+02  0.30945692228878E+04  0.43747784105618E+03  0.28000494029602E+04  0.35539093373195E+04
   0.72647223087110E+04 -0.85946847808617E+03  0.22810901400776E+03  0.32819832980396E+04 -0.32622529996103E+03  0.10031521182804E+04  0.58010359466235E+03  0.25913561729014E+05 -0.64662413461238E+04 -0.63046592123933E+03  0.17757418033531E+03  0.19604928224108E+03  0.14268579683281E+02  0.71644169520486E+00  0.12559704261491E+04 -0.13883192293475E+03  0.96178929530928E+03  0.53063025356124E+03 -0.57858464932322E+04  0.30870373824284E+01 -0.10457478282198E+04  0.17331632165441E+03  0.56058338541435E+03  0.13208276320893E+04 -0.48278002551866E+03 -0.36369028474056E+03 -0.34079513341138E+03 -0.20723464858643E+04 -0.41545943345583E+04 -0.44062211083154E+03 -0.99047823682399E+03 -0.11057335115605E+02 -0.14316178754708E+02 -0.66730519811683E+01 -0.11560842334564E+04 -0.68117566119364E+02 -0.83543607841146E+03 -0.10429618038127E+04
   0.15266239918930E+05 -0.12092799906066E+04  0.44211653816739E+03 -0.13889899355710E+04 -0.29510180000522E+02 -0.70610209489223E+03 -0.22265579997817E+03  0.26185773771350E+05 -0.55711942868944E+04 -0.66627601986505E+03  0.19604928224108E+03  0.16434215524448E+04  0.10804087487819E+03 -0.10574756780173E+01  0.14170820843247E+04 -0.19599407199725E+03  0.13564857218418E+04  0.79415172858794E+03 -0.61994887948583E+04 -0.48575929657008E+01 -0.51855052967214E+03 -0.11317122511317E+02  0.11919333625928E+03 -0.62543371101717E+03 -0.11259171234247E+04  0.86686599885090E-10 -0.71663632105241E+03 -0.50247422133995E+04 -0.63211861852699E-10 -0.23723224327629E+04 -0.71774458730346E+02 -0.78969634379077E+02 -0.17340700191644E+01 -0.74311364881422E+00  0.28807578389766E+03  0.30981741857573E+03 -0.27313704546682E+04 -0.12280959585525E-10
   0.17191434813112E+04 -0.14102610468404E+03  0.57070655146029E+02 -0.15320189315233E+03  0.48703715987729E+01 -0.67946344627375E+02 -0.27148601804751E+02  0.17578645152597E+04 -0.30628103922823E+03 -0.58757837663496E+02  0.14268579683281E+02  0.10804087487819E+03  0.97210707704049E+01 -0.17377894862749E+00  0.77948355616030E+02 -0.12966768043837E+02  0.79433201771971E+02  0.50749485280561E+02 -0.29240188575570E+03 -0.42246799165970E+00  0.18223551119194E+02  0.30613677135788E+00  0.16619343752608E+02 -0.66521905757168E+02 -0.16617182198802E+03  0.81327258721126E-11 -0.27835234315539E+02 -0.59061241260070E+03 -0.37042785595364E-10 -0.14825192754655E+03 -0.18925133917136E+02 -0.63698339137838E+01 -0.18273243097855E+00 -0.70900145014765E-01  0.28697657515910E+02  0.69438574065570E+02 -0.19636074953111E+03 -0.54842310392372E-11
  -0.10972339575445E+03  0.13198165971994E+02 -0.45185985884882E+01  0.57178021512811E+02 -0.51203656847709E+01  0.19543830533296E+02  0.10255710201969E+02  0.10040485553654E+03 -0.13754732506715E+02 -0.18628760033881E+01  0.71644169520486E+00 -0.10574756780173E+01 -0.17377894862749E+00  0.53358398069887E-01  0.14855652027583E+02 -0.11544793145100E+01  0.88171270674534E+01  0.42145960573881E+01 -0.82044323206384E+02  0.29061994388701E-01 -0.17988286011743E+02  0.48500171107374E+00  0.12197805877932E+01  0.57471373917586E+01  0.71692725695923E-01  0.11775190319199E-12 -0.63083837621825E+01 -0.85225892179733E+00 -0.56382144732801E-11 -0.35213651734041E+01 -0.19711706237090E-04 -0.14568459766798E+00 -0.17628649560952E-02 -0.96561296137360E-03 -0.16479216112742E+01  0.57504593918676E-04 -0.33548478051715E+01 -0.95353920309820E-12
   0.92465339552460E+04  0.42899129782518E+03 -0.30390559067459E+03  0.30984586688667E+05 -0.26466940017322E+04  0.94892445427342E+04  0.48919954875376E+04  0.83103781131202E+05  0.49811232863367E+05 -0.39714062696613E+04  0.12559704261491E+04  0.14170820843247E+04  0.77948355616030E+02  0.14855652027583E+02  0.49296263347469E+05 -0.45661091868340E+04  0.32354107560860E+05  0.17063349134303E+05 -0.56479089402941E+05  0.10940652602390E+01  0.29365287662923E+04 -0.17043193630789E+03 -0.52963054157287E+03 -0.83061839307288E+03 -0.26666590744384E+04 -0.17509632507453E+04 -0.24915616081366E+04  0.20282062234008E+04  0.43546576018014E+04 -0.15224337583023E+04 -0.30038468169102E+04 -0.72363089229790E+03 -0.28469392020725E+04 -0.15142431693320E+04 -0.24203244103001E+04  0.19290525230279E+03 -0.88962961895599E+03 -0.10022864363613E+04
  -0.22487350585146E+04  0.20828744719324E+02 -0.13214608780428E+02 -0.37707857615213E+04  0.33076850887980E+03 -0.11779164741707E+04 -0.61775683072890E+03 -0.10591565937924E+05 -0.23827371195543E+04  0.48253532662847E+03 -0.13883192293475E+03 -0.19599407199725E+03 -0.12966768043837E+02 -0.11544793145100E+01 -0.45661091868340E+04  0.49094250627146E+03 -0.33917197283386E+04 -0.18630343178500E+04  0.69578821157983E+04 -0.63403700272150E+00 -0.41074069215114E+03  0.17340089340636E+02  0.45511321762455E+02  0.53545532714283E+02  0.48734294861011E+03  0.30554098006609E+03  0.28643696817030E+03 -0.17009550434652E+03 -0.50065686448107E+03  0.15682066946671E+03  0.30843884085317E+03  0.79580121555337E+02  0.42823653495436E+03  0.21243724775606E+03 -0.29115110352155E+03 -0.34638640904163E+02  0.24662441956880E+03  0.27655585617488E+03
   0.93971205428779E+04  0.14215217338138E+03 -0.15667919792252E+03  0.24287842296025E+05 -0.20097217150589E+04  0.75536852918324E+04  0.37816546971115E+04  0.75789082875441E+05  0.15708114609613E+05 -0.31444191502338E+04  0.96178929530928E+03  0.13564857218418E+04  0.79433201771971E+02  0.88171270674534E+01  0.32354107560860E+05 -0.33917197283386E+04  0.23901971349975E+05  0.12961659175633E+05 -0.43351617148052E+05 -0.12430923977171E+00  0.28514120671820E+04 -0.18607397817046E+03 -0.57103744382875E+03 -0.95000104384168E+03 -0.22665612515800E+04 -0.14735979628185E+04 -0.22890041070194E+04  0.19548923418230E+04  0.40629668710368E+04 -0.11732198135968E+04 -0.23215340667427E+04 -0.55040373737132E+03 -0.23001742277536E+04 -0.12437126984071E+04  0.94382903053945E+03  0.19163997898301E+03 -0.14101421502315E+04 -0.15695177508368E+04
   0.72085299221009E+04  0.41825056668837E+00 -0.88097776183333E+01  0.13850279473556E+05 -0.11684856153462E+04  0.43584844149968E+04  0.22136719222232E+04  0.41627559811954E+05  0.76286856487477E+04 -0.18043546584556E+04  0.53063025356124E+03  0.79415172858794E+03  0.50749485280561E+02  0.42145960573881E+01  0.17063349134303E+05 -0.18630343178500E+04  0.12961659175633E+05  0.71313259804428E+04 -0.25068524935861E+05  0.10233179137228E+01  0.17279536781401E+04 -0.10036947870686E+03 -0.28747475071092E+03 -0.44514373911978E+03 -0.16350003722937E+04 -0.10303561025748E+04 -0.11683042558705E+04  0.93395388346834E+03  0.22644300810683E+04 -0.60214272880444E+03 -0.11927120987993E+04 -0.30721648594107E+03 -0.15064190670840E+04 -0.78142098833751E+03  0.12028162297750E+04  0.13937934291283E+03 -0.10157830075393E+04 -0.11309360561008E+04
  -0.58103739553105E+07  0.19885444781248E+07 -0.25128577666669E+06 -0.18981558340075E+07  0.40986707515076E+06 -0.80057317385001E+05 -0.22474617653699E+06 -0.50536524513397E+06 -0.33257178013298E+05  0.49873755525051E+05 -0.57858464932322E+04 -0.61994887948583E+04 -0.29240188575570E+03 -0.82044323206384E+02 -0.56479089402941E+05  0.69578821157983E+04 -0.43351617148052E+05 -0.25068524935861E+05  0.27222606083765E+08  0.47079114793375E+04  0.23709433553908E+07 -0.11588804338307E+06 -0.33445309519242E+06 -0.14026730635685E+07  0.33847330933964E+05  0.75296221310266E+05 -0.12384830457204E+04  0.56310372769878E+06  0.27476055383088E+07  0.17241652277995E+05  0.31387150067678E+05  0.20342743663512E+03  0.24119731387301E+05  0.75802987590438E+04 -0.18260632015267E+05  0.44105977119628E+05  0.20438268274209E+05  0.63114504702466E+05
  -0.91251574832784E+03  0.40772724066186E+03 -0.41123768950296E+02 -0.89758550295593E+02  0.39252889174694E+02  0.54396295088696E+02  0.11441137524346E+02  0.41698220936781E+03 -0.95222608166130E+02 -0.12156569016156E+02  0.30870373824284E+01 -0.48575929657008E+01 -0.42246799165970E+00  0.29061994388701E-01  0.10940652602390E+01 -0.63403700272150E+00 -0.12430923977171E+00  0.10233179137228E+01  0.47079114793375E+04  0.18609401366469E+01  0.42313818694269E+03 -0.12463509227150E+02 -0.36138734994632E+02 -0.21379671736121E+03  0.00000000000000E+00 -0.29835053624976E+02  0.00000000000000E+00  0.00000000000000E+00  0.33096183358161E+03  0.00000000000000E+00 -0.66757338986410E+01  0.00000000000000E+00  0.00000000000000E+00  0.00000000000000E+00  0.00000000000000E+00  0.14956660912097E+02  0.00000000000000E+00 -0.30628675553293E+02
  -0.76089619990291E+06  0.21412975527717E+06 -0.32151297636938E+05 -0.22277307003970E+06  0.45410762750360E+05 -0.18697088615230E+05 -0.31625025285247E+05 -0.10187271733705E+06  0.77722704861544E+03  0.92191327038717E+04 -0.10457478282198E+04 -0.51855052967214E+03  0.18223551119194E+02 -0.17988286011743E+02  0.29365287662923E+04 -0.41074069215114E+03  0.28514120671820E+04  0.17279536781401E+04  0.23709433553908E+07  0.42313818694269E+03  0.41243927402813E+06 -0.24199152443114E+05 -0.66252120369530E+05 -0.26237102882641E+06  0.00000000000000E+00  0.20231195700321E+05  0.00000000000000E+00  0.00000000000000E+00  0.49257230336076E+06  0.00000000000000E+00 -0.48315995518835E+04  0.00000000000000E+00  0.00000000000000E+00  0.00000000000000E+00  0.00000000000000E+00 -0.17526130839086E+05  0.00000000000000E+00  0.16779206848726E+05
   0.44298172031267E+05 -0.93719992148239E+04  0.18074432624584E+04  0.15442171767131E+05 -0.28303949984284E+04  0.21097044813500E+04  0.24793389063146E+04  0.22495094632025E+05 -0.44350839666191E+04 -0.10258034760958E+04  0.17331632165441E+03 -0.11317122511317E+02  0.30613677135788E+00  0.48500171107374E+00 -0.17043193630789E+03  0.17340089340636E+02 -0.18607397817046E+03 -0.10036947870686E+03 -0.11588804338307E+06 -0.12463509227150E+02 -0.24199152443114E+05  0.17593729339689E+04  0.47901188204735E+04  0.17299207118521E+05 -0.43573675264935E+02 -0.17456120640369E+04  0.46770212316617E+01  0.73783032243702E+03 -0.34613568973717E+05  0.00000000000000E+00 -0.12019216272483E+03  0.00000000000000E+00  0.00000000000000E+00  0.00000000000000E+00  0.00000000000000E+00  0.12517557917392E+04 -0.27791534645134E+03 -0.22624951380742E+04
   0.13535683751177E+06 -0.30103053782611E+05  0.54889365822402E+04  0.43101405939573E+05 -0.77576408327367E+04  0.61671554256608E+04  0.69284147033336E+04  0.74344583289649E+05 -0.15612869641198E+05 -0.31274872587937E+04  0.56058338541435E+03  0.11919333625928E+03  0.16619343752608E+02  0.12197805877932E+01 -0.52963054157287E+03  0.45511321762455E+02 -0.57103744382875E+03 -0.28747475071092E+03 -0.33445309519242E+06 -0.36138734994632E+02 -0.66252120369530E+05  0.47901188204735E+04  0.13416679202254E+05  0.46922017885763E+05 -0.15820199110327E+03 -0.43981145321529E+04 -0.12402703243190E+02 -0.56831987551261E+04 -0.97542430118584E+05  0.00000000000000E+00 -0.29996868758274E+03  0.00000000000000E+00  0.00000000000000E+00  0.00000000000000E+00  0.00000000000000E+00  0.31390943226486E+04 -0.17951444485107E+04 -0.67874321047514E+04
   0.43454034892821E+06 -0.11375665587891E+06  0.18112429556462E+05  0.14804838060970E+06 -0.28444802007778E+05  0.16354990378190E+05  0.21977750742399E+05  0.16964448038130E+06 -0.32313645452925E+05 -0.80868145998671E+04  0.13208276320893E+04 -0.62543371101717E+03 -0.66521905757168E+02  0.57471373917586E+01 -0.83061839307288E+03  0.53545532714283E+02 -0.95000104384168E+03 -0.44514373911978E+03 -0.14026730635685E+07 -0.21379671736121E+03 -0.26237102882641E+06  0.17299207118521E+05  0.46922017885763E+05  0.18573731352759E+06  0.24896444133233E+03 -0.19983496988434E+05 -0.42025477996774E+01  0.39893148754504E+05 -0.34263318086979E+06  0.00000000000000E+00 -0.14045589573242E+04  0.00000000000000E+00  0.00000000000000E+00  0.00000000000000E+00  0.00000000000000E+00  0.14814678186280E+05  0.15595443866672E+04 -0.21427013656728E+05
  -0.13012935669852E+06  0.16738762578719E+05 -0.50690787750633E+04 -0.12853883870716E+05  0.20090586881620E+04 -0.28545487741398E+04 -0.25270044738986E+04 -0.61229626665656E+05  0.11411300196087E+05  0.27368868116803E+04 -0.48278002551866E+03 -0.11259171234247E+04 -0.16617182198802E+03  0.71692725695923E-01 -0.26666590744384E+04  0.48734294861011E+03 -0.22665612515800E+04 -0.16350003722937E+04  0.33847330933964E+05  0.00000000000000E+00  0.00000000000000E+00 -0.43573675264935E+02 -0.15820199110327E+03  0.24896444133233E+03  0.11702946956639E+06  0.00000000000000E+00  0.00000000000000E+00  0.00000000000000E+00  0.00000000000000E+00  0.00000000000000E+00  0.00000000000000E+00  0.00000000000000E+00  0.00000000000000E+00  0.00000000000000E+00  0.00000000000000E+00  0.00000000000000E+00  0.00000000000000E+00  0.00000000000000E+00
  -0.55208413098326E+05  0.82692132299100E+04 -0.21568567953498E+04 -0.21321161330028E+05  0.33929047189076E+04 -0.43914853032618E+04 -0.39710629569940E+04 -0.49128785163593E+05  0.10790465186170E+05  0.18916411808080E+04 -0.36369028474056E+03  0.86686599885090E-10  0.81327258721126E-11  0.11775190319199E-12 -0.17509632507453E+04  0.30554098006609E+03 -0.14735979628185E+04 -0.10303561025748E+04  0.75296221310266E+05 -0.29835053624976E+02  0.20231195700321E+05 -0.17456120640369E+04 -0.43981145321529E+04 -0.19983496988434E+05  0.00000000000000E+00  0.65043282721518E+05  0.00000000000000E+00  0.00000000000000E+00  0.00000000000000E+00  0.00000000000000E+00  0.00000000000000E+00  0.00000000000000E+00  0.00000000000000E+00  0.00000000000000E+00  0.00000000000000E+00  0.00000000000000E+00  0.00000000000000E+00  0.00000000000000E+00
  -0.48455064819471E+04 -0.22049628911381E+03  0.33546576545484E+02 -0.60052888903589E+02 -0.58548025139868E+02  0.15871145925329E+03  0.14045449399793E+03 -0.67945076218478E+05  0.24252392969247E+05  0.72789923244379E+03 -0.34079513341138E+03 -0.71663632105241E+03 -0.27835234315539E+02 -0.63083837621825E+01 -0.24915616081366E+04  0.28643696817030E+03 -0.22890041070194E+04 -0.11683042558705E+04 -0.12384830457204E+04  0.00000000000000E+00  0.00000000000000E+00  0.46770212316617E+01 -0.12402703243190E+02 -0.42025477996774E+01  0.00000000000000E+00  0.00000000000000E+00  0.30843590446200E+05  0.00000000000000E+00  0.00000000000000E+00  0.00000000000000E+00  0.00000000000000E+00  0.00000000000000E+00  0.00000000000000E+00  0.00000000000000E+00  0.00000000000000E+00  0.00000000000000E+00  0.00000000000000E+00  0.00000000000000E+00
  -0.85672892877257E+06  0.21076900945311E+06 -0.35020257002108E+05 -0.66160673361817E+05  0.12048114196108E+05 -0.90233972873718E+04 -0.10220382645356E+05 -0.28578759096325E+06  0.65947499512221E+05  0.10956375698889E+05 -0.20723464858643E+04 -0.50247422133995E+04 -0.59061241260070E+03 -0.85225892179733E+00  0.20282062234008E+04 -0.17009550434652E+03  0.19548923418230E+04  0.93395388346834E+03  0.56310372769878E+06  0.00000000000000E+00  0.00000000000000E+00  0.73783032243702E+03 -0.56831987551261E+04  0.39893148754504E+05  0.00000000000000E+00  0.00000000000000E+00  0.00000000000000E+00  0.58075492604015E+06  0.00000000000000E+00  0.00000000000000E+00  0.00000000000000E+00  0.00000000000000E+00  0.00000000000000E+00  0.00000000000000E+00  0.00000000000000E+00  0.00000000000000E+00  0.00000000000000E+00  0.00000000000000E+00
  -0.11099158825363E+07  0.26540983148045E+06 -0.45541587847360E+05 -0.34340565880808E+06  0.63613652516350E+05 -0.44690161179661E+05 -0.53412069678205E+05 -0.56569530856361E+06  0.12632787410054E+06  0.22887134009386E+05 -0.41545943345583E+04 -0.63211861852699E-10 -0.37042785595364E-10 -0.56382144732801E-11  0.43546576018014E+04 -0.50065686448107E+03  0.40629668710368E+04  0.22644300810683E+04  0.27476055383088E+07  0.33096183358161E+03  0.49257230336076E+06 -0.34613568973717E+05 -0.97542430118584E+05 -0.34263318086979E+06  0.00000000000000E+00  0.00000000000000E+00  0.00000000000000E+00  0.00000000000000E+00  0.92443848683364E+06  0.00000000000000E+00  0.00000000000000E+00  0.00000000000000E+00  0.00000000000000E+00  0.00000000000000E+00  0.00000000000000E+00  0.00000000000000E+00  0.00000000000000E+00  0.00000000000000E+00
  -0.20951315101083E+05  0.58147228413858E+04 -0.89320672975766E+03 -0.13874870491102E+04  0.33477449609680E+03 -0.10359837629774E+01 -0.16870871561942E+03 -0.73360515488163E+05  0.23115102774442E+05  0.15238338113927E+04 -0.44062211083154E+03 -0.23723224327629E+04 -0.14825192754655E+03 -0.35213651734041E+01 -0.15224337583023E+04  0.15682066946671E+03 -0.11732198135968E+04 -0.60214272880444E+03  0.17241652277995E+05  0.00000000000000E+00  0.00000000000000E+00  0.00000000000000E+00  0.00000000000000E+00  0.00000000000000E+00  0.00000000000000E+00  0.00000000000000E+00  0.00000000000000E+00  0.00000000000000E+00  0.00000000000000E+00  0.14766487746501E+05  0.00000000000000E+00  0.00000000000000E+00  0.00000000000000E+00  0.00000000000000E+00  0.00000000000000E+00  0.00000000000000E+00  0.00000000000000E+00  0.00000000000000E+00
  -0.47431897957598E+05  0.13326770788247E+05 -0.20305249501987E+04 -0.25040248411117E+04  0.58393047431833E+03 -0.33739846984432E+02 -0.29541377729378E+03 -0.16488824127334E+06  0.52055277149858E+05  0.33582168147858E+04 -0.99047823682399E+03 -0.71774458730346E+02 -0.18925133917136E+02 -0.19711706237090E-04 -0.30038468169102E+04  0.30843884085317E+03 -0.23215340667427E+04 -0.11927120987993E+04  0.31387150067678E+05 -0.66757338986410E+01 -0.48315995518835E+04 -0.12019216272483E+03 -0.29996868758274E+03 -0.14045589573242E+04  0.00000000000000E+00  0.00000000000000E+00  0.00000000000000E+00  0.00000000000000E+00  0.00000000000000E+00  0.00000000000000E+00  0.32252885050789E+05  0.00000000000000E+00  0.00000000000000E+00  0.00000000000000E+00  0.00000000000000E+00  0.00000000000000E+00  0.00000000000000E+00  0.00000000000000E+00
  -0.31369210519794E+04  0.41921948059680E+03 -0.10819724839698E+03 -0.69672369482517E+02  0.88746495317069E+01 -0.18972726982473E+02 -0.13158652218887E+02 -0.13383679630969E+04  0.17591055668830E+03  0.42863750288546E+02 -0.11057335115605E+02 -0.78969634379077E+02 -0.63698339137838E+01 -0.14568459766798E+00 -0.72363089229790E+03  0.79580121555337E+02 -0.55040373737132E+03 -0.30721648594107E+03  0.20342743663512E+03  0.00000000000000E+00  0.00000000000000E+00  0.00000000000000E+00  0.00000000000000E+00  0.00000000000000E+00  0.00000000000000E+00  0.00000000000000E+00  0.00000000000000E+00  0.00000000000000E+00  0.00000000000000E+00  0.00000000000000E+00  0.00000000000000E+00  0.37930801430776E+04  0.00000000000000E+00  0.00000000000000E+00  0.00000000000000E+00  0.00000000000000E+00  0.00000000000000E+00  0.00000000000000E+00
  -0.90995472588975E+04  0.24267787381098E+04 -0.38130512315950E+03 -0.24789750788875E+04  0.47756120819971E+03 -0.27292919969222E+03 -0.37285210885912E+03  0.21372436261158E+03 -0.12424740162942E+04  0.13083036175381E+03 -0.14316178754708E+02 -0.17340700191644E+01 -0.18273243097855E+00 -0.17628649560952E-02 -0.28469392020725E+04  0.42823653495436E+03 -0.23001742277536E+04 -0.15064190670840E+04  0.24119731387301E+05  0.00000000000000E+00  0.00000000000000E+00  0.00000000000000E+00  0.00000000000000E+00  0.00000000000000E+00  0.00000000000000E+00  0.00000000000000E+00  0.00000000000000E+00  0.00000000000000E+00  0.00000000000000E+00  0.00000000000000E+00  0.00000000000000E+00  0.00000000000000E+00  0.82824778467990E+04  0.00000000000000E+00  0.00000000000000E+00  0.00000000000000E+00  0.00000000000000E+00  0.00000000000000E+00
  -0.32077706859779E+04  0.76754934881955E+03 -0.13268113686366E+03 -0.96238372171329E+03  0.17610077075765E+03 -0.13652612673500E+03 -0.15615016969412E+03  0.24779653488962E+03 -0.69311443315963E+03  0.57962598145294E+02 -0.66730519811683E+01 -0.74311364881422E+00 -0.70900145014765E-01 -0.96561296137360E-03 -0.15142431693320E+04  0.21243724775606E+03 -0.12437126984071E+04 -0.78142098833751E+03  0.75802987590438E+04  0.00000000000000E+00  0.00000000000000E+00  0.00000000000000E+00  0.00000000000000E+00  0.00000000000000E+00  0.00000000000000E+00  0.00000000000000E+00  0.00000000000000E+00  0.00000000000000E+00  0.00000000000000E+00  0.00000000000000E+00  0.00000000000000E+00  0.00000000000000E+00  0.00000000000000E+00  0.42335420040359E+04  0.00000000000000E+00  0.00000000000000E+00  0.00000000000000E+00  0.00000000000000E+00
  -0.16783576364619E+05 -0.22685234460668E+04 -0.20629779232713E+02 -0.97441244721749E+04  0.35209251899894E+03 -0.31268272757917E+04 -0.13201198789252E+04 -0.26596443792820E+06  0.11186704263419E+06  0.30945692228878E+04 -0.11560842334564E+04  0.28807578389766E+03  0.28697657515910E+02 -0.16479216112742E+01 -0.24203244103001E+04 -0.29115110352155E+03  0.94382903053945E+03  0.12028162297750E+04 -0.18260632015267E+05  0.00000000000000E+00  0.00000000000000E+00  0.00000000000000E+00  0.00000000000000E+00  0.00000000000000E+00  0.00000000000000E+00  0.00000000000000E+00  0.00000000000000E+00  0.00000000000000E+00  0.00000000000000E+00  0.00000000000000E+00  0.00000000000000E+00  0.00000000000000E+00  0.00000000000000E+00  0.00000000000000E+00  0.12544474602695E+06  0.00000000000000E+00  0.00000000000000E+00  0.00000000000000E+00
   0.16963551251340E+05 -0.22599536137302E+04  0.66435492873484E+03 -0.15822019963117E+05  0.25111437848229E+04 -0.34321610562064E+04 -0.32047970572701E+04 -0.86479669771932E+04  0.15747126144634E+04  0.43747784105618E+03 -0.68117566119364E+02  0.30981741857573E+03  0.69438574065570E+02  0.57504593918676E-04  0.19290525230279E+03 -0.34638640904163E+02  0.19163997898301E+03  0.13937934291283E+03  0.44105977119628E+05  0.14956660912097E+02 -0.17526130839086E+05  0.12517557917392E+04  0.31390943226486E+04  0.14814678186280E+05  0.00000000000000E+00  0.00000000000000E+00  0.00000000000000E+00  0.00000000000000E+00  0.00000000000000E+00  0.00000000000000E+00  0.00000000000000E+00  0.00000000000000E+00  0.00000000000000E+00  0.00000000000000E+00  0.00000000000000E+00  0.39359827257021E+05  0.00000000000000E+00  0.00000000000000E+00
  -0.72857579421854E+05  0.86426927549446E+04 -0.23792839798892E+04 -0.72533292864868E+04  0.82341156979628E+03 -0.18857090431710E+04 -0.11657585362342E+04 -0.13947038761618E+06  0.44480023802694E+05  0.28000494029602E+04 -0.83543607841146E+03 -0.27313704546682E+04 -0.19636074953111E+03 -0.33548478051715E+01 -0.88962961895599E+03  0.24662441956880E+03 -0.14101421502315E+04 -0.10157830075393E+04  0.20438268274209E+05  0.00000000000000E+00  0.00000000000000E+00 -0.27791534645134E+03 -0.17951444485107E+04  0.15595443866672E+04  0.00000000000000E+00  0.00000000000000E+00  0.00000000000000E+00  0.00000000000000E+00  0.00000000000000E+00  0.00000000000000E+00  0.00000000000000E+00  0.00000000000000E+00  0.00000000000000E+00  0.00000000000000E+00  0.00000000000000E+00  0.00000000000000E+00  0.95513291441476E+05  0.00000000000000E+00
  -0.57467939439672E+05  0.72464294726088E+04 -0.19238152341773E+04 -0.21510899282478E+05  0.25356613636799E+04 -0.54464162118856E+04 -0.34800776357331E+04 -0.17279103652506E+06  0.54574950832910E+05  0.35539093373195E+04 -0.10429618038127E+04 -0.12280959585525E-10 -0.54842310392372E-11 -0.95353920309820E-12 -0.10022864363613E+04  0.27655585617488E+03 -0.15695177508368E+04 -0.11309360561008E+04  0.63114504702466E+05 -0.30628675553293E+02  0.16779206848726E+05 -0.22624951380742E+04 -0.67874321047514E+04 -0.21427013656728E+05  0.00000000000000E+00  0.00000000000000E+00  0.00000000000000E+00  0.00000000000000E+00  0.00000000000000E+00  0.00000000000000E+00  0.00000000000000E+00  0.00000000000000E+00  0.00000000000000E+00  0.00000000000000E+00  0.00000000000000E+00  0.00000000000000E+00  0.00000000000000E+00  0.10031264445854E+06

 # Covariance matrix (Bevington epsilon)
   0.48162911601276E-03 -0.93729332935144E-04 -0.11458926915486E-01  0.16720958123292E-03 -0.97029624368634E-04  0.29297410271018E-03 -0.96637120015436E-03  0.50792192919060E-04  0.32947890219819E-04 -0.13757823310412E-02 -0.13953964804947E-01 -0.45667404971898E-03 -0.41691555755932E-02 -0.13656237470050E-01  0.13081714799471E-03  0.36112624612086E-02  0.15323747566046E-03  0.39344420741629E-04  0.36202523919335E-05 -0.40173716858002E-02  0.15705639128635E-04  0.97069111383351E-03 -0.63397673752007E-03  0.48182420821176E-04  0.36401361031108E-04  0.33998786137253E-04  0.27239244523379E-04  0.37103486512768E-04  0.35896156564489E-04 -0.17341551413520E-03 -0.62489988838851E-04  0.31867808659264E-04 -0.50670822594035E-04 -0.50865444233304E-04  0.66625253185965E-04  0.20330838356279E-04  0.36860135284820E-04  0.34194765825072E-04
  -0.93729332935139E-04  0.14318483301013E-03  0.32086353672477E-02  0.10647936460155E-03  0.66417813531306E-03 -0.22483087045680E-03  0.28119663495701E-03 -0.75096657197023E-05 -0.54965329585021E-05  0.83660731698211E-03  0.37958067950844E-02  0.22711248728666E-03 -0.95384874616157E-04  0.17403140620883E-01  0.16267467233483E-04  0.17404204206780E-02  0.45136519180331E-04  0.32094760909034E-03 -0.17675002316761E-05  0.16601246452678E-03  0.25215029772328E-05 -0.24869402424690E-02  0.57558924914953E-03  0.99501896901455E-04  0.85329414467948E-05  0.54716250666814E-05  0.40884148322826E-05  0.30969880979738E-05  0.43832135813795E-05  0.42697219353680E-04  0.65100099668920E-05  0.21194800375732E-05 -0.13962116042886E-04 -0.84591694986065E-05 -0.19300852184973E-05 -0.87300909125502E-05  0.60808595748081E-05  0.55075106019240E-05
  -0.11458926915486E-01  0.32086353672478E-02  0.28329985522311E+00 -0.25312512791072E-02  0.86702821478969E-02 -0.86942785323817E-02  0.24191248305210E-01 -0.11777601954615E-02 -0.77520031520128E-03  0.38987964417733E-01  0.35725343343104E+00  0.12359916115809E-01  0.10165289003500E+00  0.53860908592046E+00 -0.26199536475487E-02 -0.58445852710393E-01 -0.21775497986167E-02  0.52484266168265E-03 -0.92110966992802E-04  0.92970617433003E-01 -0.22476546380325E-03 -0.38681789235045E-01  0.17910604637845E-01 -0.21541527345972E-03 -0.57605178280180E-03 -0.54029575282105E-03 -0.40914460996740E-03 -0.57705434334430E-03 -0.54585551277746E-03  0.48963011913547E-02  0.20116463125079E-02 -0.64871242655582E-03  0.85891094920824E-03  0.88348244670599E-03 -0.13195535361275E-02 -0.51670651149168E-03 -0.56575647025030E-03 -0.50774369508500E-03
   0.16720958123294E-03  0.10647936460155E-03 -0.25312512791077E-02  0.10762538483317E-02  0.42841447937634E-02 -0.17727345158015E-02  0.17345997620440E-03  0.22695447588303E-04  0.11090881393124E-04 -0.53247991030489E-03 -0.72170386245764E-02  0.81204288721685E-03 -0.59533411708846E-02  0.72157822442304E-01  0.35745118254020E-03  0.78452824222360E-02 -0.10467338452018E-02  0.27228912667494E-02  0.37913043207062E-05  0.29304078894655E-02  0.68473077218556E-04 -0.29706429056137E-02  0.53688942212345E-03  0.21206756206893E-03  0.50329479900233E-04  0.44684953978005E-04  0.33017157707480E-04  0.50884131128286E-04  0.43641420657301E-04  0.47923042023136E-04 -0.27526848036299E-04  0.29986742866955E-04 -0.31719274784446E-04 -0.37324017999843E-04  0.45815667629794E-04 -0.47224727819823E-05  0.54499928831030E-04  0.46652889781779E-04
