# fitpack15: fit parameters                                                                         
# CJ15 AV18 final data choices                                                                      
# Created on 01/15/2020 at 22:15:07                                                                 

 # QCD setup
  INS                           0
  NVL                          11
  IORD                          1
  Q02                   1.6899999999999999     
  IPARAMC                       7
  FLAVOR                4.0000000000000000     
  xmc                   1.3000000000000000     
  xmb                   4.5000000000000000     
  ncb                          12
  ihq                           1
  ias                           0

 # Theory corrections
  inuke                     10814
  itmc                          1
  iht                           1

 # fit parameters
 LAMBDA       0.22680        0.0000    
 a0uv          2.2810        0.0000    
 a1uv         0.60329       0.21012E-01
 a2uv          3.5469       0.12786E-01
 a3uv          0.0000        0.0000    
 a4uv          3.7348       0.48224    
 a5uv          0.0000        0.0000    
 a0dv          25.676        0.0000    
 a1dv          1.1674       0.33782E-01
 a2dv          6.5882       0.16031    
 a3dv         -3.5283       0.85699E-01
 a4dv          4.6965       0.14057    
 a5dv          0.0000        0.0000    
 a0ud         0.14624       0.50483E-02
 a1ud        -0.20801       0.37701E-02
 a2ud          8.3026       0.19456    
 a3ud          0.0000        0.0000    
 a4ud          14.550        1.2506    
 a5ud          0.0000        0.0000    
 a0du          35712.        0.0000    
 a1du          4.0530       0.78317E-01
 a2du          19.896       0.91085    
 a3du          17.000        0.0000    
 a4du          51.384        11.299    
 a0g           47.638        0.0000    
 a1g          0.61189       0.33114E-01
 a2g           6.9528        1.0443    
 a3g          -3.3411       0.15247    
 a4g           3.3313       0.38643    
 a5g           0.0000        0.0000    
 kappa        0.40000        0.0000    
 a6dv        -0.35641E-02   0.65849E-03
 a7dv          2.0000        0.0000    
 off1         -2.9903        1.7661    
 off2         0.70739E-01   0.15144E-01
 ht1          -3.4667       0.33568    
 ht2           2.0342       0.12182    
 ht3          -2.0443       0.34876E-01
 ht4           0.0000        0.0000    
 ht1n         -3.7966        1.0839    
 ht2n          2.0140       0.34876    
 ht3n         -2.0964       0.65803E-01
 ht4n          0.0000        0.0000    
 dummy44       0.0000        0.0000    
 dummy45       0.0000        0.0000    
 dummy46       0.0000        0.0000    
 dummy47       0.0000        0.0000    
 dummy48       0.0000        0.0000    
 dummy49       0.0000        0.0000    
 bcdmsh2      0.97246       0.48438E-02
 bcdmsd2      0.99223       0.58505E-02
 ccfr          1.0000        0.0000    
 nutev         1.0000        0.0000    
 zeus         0.97998        0.0000    
 h1            1.0162        0.0000    
 e605          1.0319        0.0000    
 NmcH2         1.0081       0.71219E-02
 ntv_nu        1.0000        0.0000    
 ntv_nubar     1.0000        0.0000    
 cdf_jet      0.98910        0.0000    
 d0_jet       0.83504        0.0000    
 slac_p        1.0045       0.50161E-02
 slac_d        1.0034       0.52877E-02
 e866pp       0.96862       0.19462E-01
 e866pd       0.96458       0.16337E-01
 d0_gamjet     1.0385       0.16496E-01
 h1b          0.97608        0.0000    
 jlab_p       0.99243       0.62710E-02
 jlab_d       0.97580       0.59895E-02
 blank         1.0000        0.0000    
 d0run2       0.94018       0.14131E-01
 cdfrun2      0.92698       0.17250E-01
 HERA_el       1.0000        0.0000    
 HERA_ps       1.0000        0.0000    
 CDF_Z        0.96413       0.66204E-02
 NmcRat        1.0000        0.0000    
 BNS_F2nd     0.98426       0.11987E-01
 HERMES_F2p   0.99808       0.56537E-02
 HERMES_F2d   0.97973       0.58301E-02
 END 0. 0.

 # Hessian matrix (Bevington alpha)
   0.49624792995117E+07 -0.12982589617594E+07  0.22314655905981E+06  0.48948326332970E+06 -0.12710708227882E+06 -0.24091196335473E+05  0.55963680294916E+05  0.92056555010988E+06 -0.17661719586681E+06 -0.49037201308267E+05  0.75014056944075E+04  0.15679228097683E+05  0.17899364599615E+04 -0.10950795080440E+03  0.75996051379681E+04 -0.18636785212657E+04  0.88536241262982E+04  0.65001912755180E+04 -0.78351583872998E+07 -0.65933906853094E+03  0.10472284209947E+07  0.45223230828666E+05  0.15018889344093E+06  0.31099271483136E+06  0.15635753945087E+05  0.57065732927598E+05  0.29801115260416E+06 -0.12823730761772E+06 -0.54490714789281E+05 -0.45846732637940E+04 -0.84425322727343E+06 -0.10958318764519E+07 -0.20682600570444E+05 -0.46651525773410E+05 -0.31067097715994E+04 -0.19995145045155E+06 -0.22551282828820E+06 -0.91730967552082E+04 -0.32406374302787E+04 -0.15577646470085E+05  0.16819466309229E+05 -0.71398211438739E+05 -0.56459200266691E+05
  -0.12982589617594E+07  0.41388675553104E+06 -0.60166367471107E+05 -0.13655013745236E+06  0.35157441103385E+05  0.92041443007591E+04 -0.12233722353872E+05 -0.12259313710208E+06  0.26586703138979E+05  0.75318270746607E+04 -0.94482996929634E+03 -0.12574931853408E+04 -0.14905583580487E+03  0.13194745306573E+02  0.65654563903143E+03 -0.50008317564301E+02  0.15696656529394E+03  0.79804358787662E+02  0.26704825940603E+07  0.35389361221965E+03 -0.30687608862177E+06 -0.10040792343042E+05 -0.36529819354051E+05 -0.83760619833765E+05 -0.38992731122357E+04 -0.14864279932381E+05 -0.83649651104637E+05  0.16647052674310E+05  0.82331991134191E+04 -0.22897331283790E+03  0.20933179430886E+06  0.26404727435280E+06  0.57997753617179E+04  0.13233773227076E+05  0.42114530691709E+03  0.63578345581459E+05  0.71059249670038E+05  0.24689040967296E+04  0.78227981110857E+03 -0.23397331941695E+04 -0.22619846260330E+04  0.85633081117893E+04  0.72004492139284E+04
   0.22314655905981E+06 -0.60166367471107E+05  0.10134162133583E+05  0.22127007533178E+05 -0.58441560101671E+04 -0.13307525199158E+04  0.24519138834647E+04  0.30633488549841E+05 -0.57312982558573E+04 -0.19205779790414E+04  0.25371047679968E+03  0.47607079747696E+03  0.62571090734471E+02 -0.47407562140182E+01 -0.37688933407383E+03  0.13046317862506E+01 -0.18197669543143E+03 -0.33273175448592E+02 -0.36622084127947E+06 -0.33486773869698E+02  0.47916071673116E+05  0.19889395349753E+04  0.66209963949593E+04  0.13990123700576E+05  0.69643578447342E+03  0.25491434883516E+04  0.13514166609144E+05 -0.53184883133754E+04 -0.22692740792504E+04  0.42444083773847E+02 -0.37040421723999E+05 -0.48238266937536E+05 -0.94923505675035E+03 -0.21502641088165E+04 -0.11395417006052E+03 -0.93728844324118E+04 -0.10537233210889E+05 -0.41307984686858E+03 -0.14371912953311E+03  0.23162211987858E+02  0.69945322508819E+03 -0.24712480585818E+04 -0.20060426072623E+04
   0.48948326332970E+06 -0.13655013745236E+06  0.22127007533178E+05  0.39664077592433E+06 -0.62593639114316E+05  0.76639306663907E+05  0.65620337717557E+05  0.34677637412947E+06 -0.25532831446763E+05 -0.18349893566559E+05  0.33678132912579E+04 -0.13975857844170E+04 -0.15479052337849E+03  0.57011612445369E+02  0.30300565911003E+05 -0.36170203617467E+04  0.24022123600920E+05  0.13440409453441E+05 -0.23238157080355E+07  0.57526312501909E+01  0.29506965627885E+06  0.15884870429259E+05  0.45892298296811E+05  0.11535334881965E+06  0.51501000115582E+04  0.18085215360684E+05  0.84416404227289E+05 -0.12793591644752E+05 -0.21209368670327E+05 -0.54967970671412E+02 -0.65754347322031E+05 -0.34246666670653E+06 -0.14022058334579E+04 -0.24856870071367E+04 -0.72836472280148E+02 -0.11738039137905E+05 -0.53103499596187E+05 -0.25152174594128E+04 -0.97864786449152E+03 -0.94289583053371E+04 -0.15635118018431E+05 -0.71797332731458E+04 -0.21306073489595E+05
  -0.12710708227882E+06  0.35157441103385E+05 -0.58441560101671E+04 -0.62593639114316E+05  0.11703545314598E+05 -0.79414961927015E+04 -0.95387180023143E+04 -0.32545591345558E+05  0.39613830192202E+03  0.24055542588068E+04 -0.34353689390636E+03 -0.32534090306983E+02  0.46964024298547E+01 -0.51078030225014E+01 -0.25668877470904E+04  0.31012969977028E+03 -0.19879179646746E+04 -0.11259391630478E+04  0.50891425255853E+06  0.21781351912722E+02 -0.62004684143146E+05 -0.30469660942209E+04 -0.88242944511505E+04 -0.22854655368389E+05 -0.95274907592070E+03 -0.33768394876225E+04 -0.17005047149034E+05  0.20033169088900E+04  0.33745498346254E+04 -0.57324646333970E+02  0.11904152652755E+05  0.63132195606580E+05  0.33482795377152E+03  0.57457631255954E+03  0.93634163243575E+01  0.29596916500362E+04  0.13159100061193E+05  0.48058972980277E+03  0.17794719574139E+03  0.33563451839560E+03  0.24921934481914E+04  0.81678940791746E+03  0.25184441652752E+04
  -0.24091196335473E+05  0.92041443007591E+04 -0.13307525199158E+04  0.76639306663907E+05 -0.79414961927015E+04  0.25261998919044E+05  0.15275972894680E+05  0.10725203154113E+06 -0.96167137369719E+04 -0.46928451552831E+04  0.10229757247409E+04 -0.72820042112939E+03 -0.70133590395255E+02  0.19699369286455E+02  0.94141666063372E+04 -0.11553921879976E+04  0.75483696174648E+04  0.42880374116040E+04 -0.66023916560378E+05  0.71203032914887E+02  0.18446236956143E+05  0.17797545190089E+04  0.49899083650138E+04  0.10656210612189E+05  0.66847784217363E+03  0.22303032840153E+04  0.69885640716829E+04 -0.28566408530202E+04 -0.43929334537912E+04  0.16175592542790E+03 -0.89348499032790E+04 -0.44257871617839E+05  0.20802630657153E+01 -0.25764786951045E+02 -0.19715284779592E+02  0.38347622148892E+03  0.13082352943796E+04 -0.27434248631155E+03 -0.13848244016989E+03 -0.30887637734991E+04 -0.33958610029995E+04 -0.18814267120558E+04 -0.54298236434892E+04
   0.55963680294916E+05 -0.12233722353872E+05  0.24519138834647E+04  0.65620337717557E+05 -0.95387180023143E+04  0.15275972894680E+05  0.11932976657552E+05  0.59532389228572E+05 -0.30984419547013E+04 -0.33498320898415E+04  0.59849885187881E+03 -0.22798754771741E+03 -0.27776397184445E+02  0.10332226445146E+02  0.48369518512639E+04 -0.60038280793199E+03  0.37794472491595E+04  0.21716476735878E+04 -0.26177978254876E+06  0.29517465551998E+02  0.39101456029585E+05  0.24047820854369E+04  0.68043689922962E+04  0.16380610810200E+05  0.81120028683333E+03  0.27618945850453E+04  0.11620074880399E+05 -0.25352721073224E+04 -0.39787972002515E+04  0.14115841341692E+03 -0.10180683892146E+05 -0.53310000405036E+05 -0.16898909827097E+03 -0.29001599098070E+03 -0.13793457603422E+02 -0.10575538340847E+04 -0.49601119966175E+04 -0.37778594312134E+03 -0.15899817819962E+03 -0.12988550198237E+04 -0.31905827652937E+04 -0.11649466283044E+04 -0.34770978898723E+04
   0.92056555010988E+06 -0.12259313710208E+06  0.30633488549841E+05  0.34677637412947E+06 -0.32545591345558E+05  0.10725203154113E+06  0.59532389228572E+05  0.49954272437976E+07 -0.23176585427719E+07 -0.85511627283792E+05  0.25997810901100E+05  0.26730907683336E+05  0.18146218508266E+04  0.99923861749544E+02  0.82500436442219E+05 -0.10379316789203E+05  0.75526523657116E+05  0.40870843462906E+05 -0.59982456654341E+06  0.47763647669060E+03  0.11629806289487E+06  0.19547243970032E+05  0.62953507640645E+05  0.10685965299772E+06  0.66113607455349E+04  0.24086810364145E+05  0.78507172685996E+05 -0.60682900808511E+05 -0.48925903666621E+05 -0.67102308543884E+05 -0.28280024392408E+06 -0.56084643813125E+06 -0.72556010404017E+05 -0.16244932484710E+06 -0.13315655604774E+04 -0.57277206454500E+04 -0.11211414430974E+05  0.42934414110806E+02  0.16745896344875E+03 -0.26275316386897E+06 -0.86761532174252E+04 -0.13748158977376E+06 -0.17089147337260E+06
  -0.17661719586681E+06  0.26586703138979E+05 -0.57312982558573E+04 -0.25532831446763E+05  0.39613830192202E+03 -0.96167137369719E+04 -0.30984419547013E+04 -0.23176585427719E+07  0.19293119883451E+07  0.19022243917989E+05 -0.65379234661290E+04 -0.57250005109996E+04 -0.31788393139996E+03 -0.13637292834885E+02  0.49406440353273E+05 -0.23114794625201E+04  0.15476205892051E+05  0.73844270037906E+04 -0.26950288249874E+05 -0.95499439629110E+02 -0.36758771003326E+03 -0.37031395419814E+04 -0.12682525321059E+05 -0.19121072893044E+05 -0.12917152716759E+04 -0.49225618338033E+04 -0.13848893912630E+05  0.11446839884847E+05  0.10871697880703E+05  0.24178238193626E+05  0.65834114461950E+05  0.12633404422976E+06  0.23108628307383E+05  0.51824058142060E+05  0.17875849033987E+03  0.60341045541756E+03  0.12190207733046E+04 -0.11919363348192E+04 -0.67093414085439E+03  0.11168924290083E+06  0.15933904054944E+04  0.44307069413388E+05  0.54530555604070E+05
  -0.49037201308267E+05  0.75318270746607E+04 -0.19205779790414E+04 -0.18349893566559E+05  0.24055542588068E+04 -0.46928451552831E+04 -0.33498320898415E+04 -0.85511627283792E+05  0.19022243917989E+05  0.26475161685136E+04 -0.64234886041545E+03 -0.69130251172624E+03 -0.61671530102015E+02 -0.18910599953625E+01 -0.39538924839199E+04  0.47341563920093E+03 -0.31528459534381E+04 -0.17789255274778E+04  0.59698582765914E+05 -0.17734801907367E+02 -0.11075084556639E+05 -0.95285745521223E+03 -0.28749360875091E+04 -0.55314329568388E+04 -0.31276477766428E+03 -0.10888829467820E+04 -0.41765860921382E+04  0.27394950210603E+04  0.19015371893618E+04  0.72853066761344E+03  0.10981814827963E+05  0.22975984595864E+05  0.15240844265534E+04  0.33458363446973E+04  0.43055522484673E+02  0.58177050219019E+03  0.11002737942126E+04  0.13602955114039E+03  0.60396168751766E+02  0.30896255534228E+04  0.44344821934058E+03  0.27914138205205E+04  0.35554188651892E+04
   0.75014056944075E+04 -0.94482996929634E+03  0.25371047679968E+03  0.33678132912579E+04 -0.34353689390636E+03  0.10229757247409E+04  0.59849885187881E+03  0.25997810901100E+05 -0.65379234661290E+04 -0.64234886041545E+03  0.18165225807477E+03  0.20413154064365E+03  0.15031497674119E+02  0.72762822383936E+00  0.12616539754746E+04 -0.13779480280535E+03  0.97122126788560E+03  0.52782797353157E+03 -0.67876342186730E+04  0.38021581580484E+01  0.12219350646812E+04  0.15606499329404E+03  0.49256097410576E+03  0.86754731889621E+03  0.52251810346294E+02  0.18742761467836E+03  0.63923128465913E+03 -0.48754540075887E+03 -0.36897034564273E+03 -0.34235818442634E+03 -0.20913169027751E+04 -0.42011373158263E+04 -0.44344603654873E+03 -0.99328793709032E+03 -0.11179479669455E+02 -0.50000536431038E+02 -0.97637299869381E+02 -0.15575045288721E+02 -0.72710661750477E+01 -0.11613755393118E+04 -0.69699324485735E+02 -0.83821443260133E+03 -0.10501542270822E+04
   0.15679228097683E+05 -0.12574931853408E+04  0.47607079747696E+03 -0.13975857844170E+04 -0.32534090306983E+02 -0.72820042112939E+03 -0.22798754771741E+03  0.26730907683336E+05 -0.57250005109996E+04 -0.69130251172624E+03  0.20413154064365E+03  0.17477845489680E+04  0.11600457074163E+03 -0.11058648934268E+01  0.14412756697083E+04 -0.19786651419399E+03  0.13905637250797E+04  0.80306658946756E+03 -0.67601508295322E+04 -0.46791600469308E+01  0.64142577872003E+03  0.20241921263462E+02  0.22520189279935E+03 -0.37613536427244E+03 -0.21140125881788E+02 -0.89483170730550E+02 -0.20689277945649E+03 -0.11773932290234E+04 -0.51417251200662E-01 -0.73536031469239E+03 -0.52240609196347E+04 -0.11717678508151E+02 -0.24464734485312E+04 -0.77327506260395E+02 -0.81668197593392E+02 -0.25411760154543E+00  0.21961460138060E-02 -0.18222363126808E+01 -0.77949158542546E+00  0.29989736525020E+03  0.32948369344100E+03 -0.28075001649890E+04 -0.28862451419585E+01
   0.17899364599615E+04 -0.14905583580487E+03  0.62571090734471E+02 -0.15479052337849E+03  0.46964024298547E+01 -0.70133590395255E+02 -0.27776397184445E+02  0.18146218508266E+04 -0.31788393139996E+03 -0.61671530102015E+02  0.15031497674119E+02  0.11600457074163E+03  0.10556039179925E+02 -0.18082678307122E+00  0.79477835656235E+02 -0.13141536474289E+02  0.81849494630967E+02  0.51540674185339E+02 -0.32558192422603E+03 -0.45466313319176E+00 -0.17639073942237E+02  0.34996951338672E+01  0.26281392960767E+02 -0.49458866273609E+02 -0.26294984087935E+01 -0.10101180934904E+02 -0.21540235502195E+02 -0.17544261678526E+03 -0.73008586865208E-02 -0.28885342811572E+02 -0.62166829060792E+03 -0.14617556654828E+01 -0.15423437721704E+03 -0.20521871917120E+02 -0.66567755802507E+01 -0.18195348701443E+00  0.16084525948873E-02 -0.19458171452963E+00 -0.75296392236474E-01  0.30088144841927E+02  0.74164040027966E+02 -0.20364932247095E+03 -0.24050583322020E+00
  -0.10950795080440E+03  0.13194745306573E+02 -0.47407562140182E+01  0.57011612445369E+02 -0.51078030225014E+01  0.19699369286455E+02  0.10332226445146E+02  0.99923861749544E+02 -0.13637292834885E+02 -0.18910599953625E+01  0.72762822383936E+00 -0.11058648934268E+01 -0.18082678307122E+00  0.53558440308567E-01  0.14854262132398E+02 -0.11424255314042E+01  0.88359617992234E+01  0.41679270244493E+01 -0.85427911493314E+02  0.42024080585324E-01  0.19824056097021E+02  0.52563507373577E+00  0.13762073450651E+01  0.46994041302541E+01  0.18961216506198E+00  0.62304144652043E+00  0.31525986317759E+01  0.70923197589819E-01 -0.14371734788307E-04 -0.62837253491339E+01 -0.85103272986776E+00 -0.11943763368164E-02 -0.35349446080834E+01 -0.20973355075548E-04 -0.14562186951521E+00  0.67765011944831E-13 -0.16494227156920E-11 -0.17802078240221E-02 -0.97608704465137E-03 -0.16126613875963E+01  0.63802783417734E-04 -0.33385689136317E+01 -0.19782138562698E-02
   0.75996051379681E+04  0.65654563903143E+03 -0.37688933407383E+03  0.30300565911003E+05 -0.25668877470904E+04  0.94141666063372E+04  0.48369518512639E+04  0.82500436442219E+05  0.49406440353273E+05 -0.39538924839199E+04  0.12616539754746E+04  0.14412756697083E+04  0.79477835656235E+02  0.14854262132398E+02  0.48569037615386E+05 -0.44316559989266E+04  0.31917634906483E+05  0.16572160930556E+05 -0.56323681165787E+05 -0.81629307014745E+00 -0.35140071466428E+04 -0.17287756269136E+03 -0.51787519874647E+03 -0.71347930963606E+03 -0.55642853787892E+02 -0.19116598610618E+03 -0.61654501477310E+03 -0.25566160192759E+04 -0.16849240222178E+04 -0.24650356062956E+04  0.20278331064604E+04  0.42882818685953E+04 -0.15084441511011E+04 -0.29490176339488E+04 -0.71455682028551E+03  0.20324451771433E+03  0.36619423762216E+03 -0.27806190353738E+04 -0.14877797086957E+04 -0.24842241718505E+04  0.18449021243584E+03 -0.83468398516700E+03 -0.94102807350977E+03
  -0.18636785212657E+04 -0.50008317564301E+02  0.13046317862506E+01 -0.36170203617467E+04  0.31012969977028E+03 -0.11553921879976E+04 -0.60038280793199E+03 -0.10379316789203E+05 -0.23114794625201E+04  0.47341563920093E+03 -0.13779480280535E+03 -0.19786651419399E+03 -0.13141536474289E+02 -0.11424255314042E+01 -0.44316559989266E+04  0.46990034587376E+03 -0.33035215624017E+04 -0.17861678091925E+04  0.64935048118074E+04 -0.39007473595264E+00  0.53320199909843E+03  0.19840462670698E+02  0.53908719736276E+02  0.70296830127218E+02  0.63988861914572E+01  0.20963262563394E+02  0.75195284537947E+02  0.46433612169886E+03  0.29158044413322E+03  0.28160566371231E+03 -0.17230051504205E+03 -0.49338431323118E+03  0.15344053524466E+03  0.29930792792576E+03  0.77688202574746E+02 -0.54242773567687E+02 -0.96389622180302E+02  0.41376104882046E+03  0.20646450745409E+03 -0.27350228392189E+03 -0.33196551493835E+02  0.23574805190814E+03  0.26421704196533E+03
   0.88536241262982E+04  0.15696656529394E+03 -0.18197669543143E+03  0.24022123600920E+05 -0.19879179646746E+04  0.75483696174648E+04  0.37794472491595E+04  0.75526523657116E+05  0.15476205892051E+05 -0.31528459534381E+04  0.97122126788560E+03  0.13905637250797E+04  0.81849494630967E+02  0.88359617992234E+01  0.31917634906483E+05 -0.33035215624017E+04  0.23663353046715E+05  0.12639524201037E+05 -0.44844906681372E+05 -0.20908938205405E+01 -0.32053509122049E+04 -0.17718780022395E+03 -0.51514270881085E+03 -0.73319505963323E+03 -0.57541104821903E+02 -0.19109611980607E+03 -0.58277667195225E+03 -0.22074333992258E+04 -0.14398552640376E+04 -0.22775037332647E+04  0.19476787738734E+04  0.39963949436888E+04 -0.11686371678601E+04 -0.22914758041860E+04 -0.54605207863451E+03  0.54368458076884E+02  0.10757682201557E+03 -0.22741565818059E+04 -0.12341524831079E+04  0.90323437771254E+03  0.18397795283184E+03 -0.13741953197433E+04 -0.15300414242850E+04
   0.65001912755180E+04  0.79804358787662E+02 -0.33273175448592E+02  0.13440409453441E+05 -0.11259391630478E+04  0.42880374116040E+04  0.21716476735878E+04  0.40870843462906E+05  0.73844270037906E+04 -0.17789255274778E+04  0.52782797353157E+03  0.80306658946756E+03  0.51540674185339E+02  0.41679270244493E+01  0.16572160930556E+05 -0.17861678091925E+04  0.12639524201037E+05  0.68477894283165E+04 -0.24940117331016E+05 -0.13384440307996E+00 -0.20006538125170E+04 -0.98053741922251E+02 -0.27113516800245E+03 -0.37695979661772E+03 -0.31907129778972E+02 -0.10303154130699E+03 -0.32558609206513E+03 -0.15661155949911E+04 -0.98936391234738E+03 -0.11482265101643E+04  0.92557170339946E+03  0.22046632679741E+04 -0.59101649516673E+03 -0.11606406152003E+04 -0.30039163516329E+03  0.80142544359526E+02  0.14938365492017E+03 -0.14643163640350E+04 -0.76313175217216E+03  0.11488172749301E+04  0.13253124005424E+03 -0.97749895325037E+03 -0.10881669582276E+04
  -0.78351583872998E+07  0.26704825940603E+07 -0.36622084127947E+06 -0.23238157080355E+07  0.50891425255853E+06 -0.66023916560378E+05 -0.26177978254876E+06 -0.59982456654341E+06 -0.26950288249874E+05  0.59698582765914E+05 -0.67876342186730E+04 -0.67601508295322E+04 -0.32558192422603E+03 -0.85427911493314E+02 -0.56323681165787E+05  0.64935048118074E+04 -0.44844906681372E+05 -0.24940117331016E+05  0.35616129564111E+08  0.43324616145517E+04 -0.35757961006655E+07 -0.14294698665014E+06 -0.44397332997848E+06 -0.12231371671704E+07 -0.43374954149135E+05 -0.16648681872113E+06 -0.94708992338309E+06  0.35191553777896E+05  0.78130112682765E+05 -0.12449578532099E+04  0.58279204930044E+06  0.28616084092456E+07  0.18134606045506E+05  0.32543686220293E+05  0.23106355356820E+03  0.18974358619568E+06  0.83526951443019E+06  0.25541636642520E+05  0.80436393535981E+04 -0.19460536054912E+05  0.45647115843372E+05  0.21202842786633E+05  0.65660057816268E+05
  -0.65933906853094E+03  0.35389361221965E+03 -0.33486773869698E+02  0.57526312501909E+01  0.21781351912722E+02  0.71203032914887E+02  0.29517465551998E+02  0.47763647669060E+03 -0.95499439629110E+02 -0.17734801907367E+02  0.38021581580484E+01 -0.46791600469308E+01 -0.45466313319176E+00  0.42024080585324E-01 -0.81629307014745E+00 -0.39007473595264E+00 -0.20908938205405E+01 -0.13384440307996E+00  0.43324616145517E+04  0.17239219155475E+01 -0.32247191855777E+03 -0.35610866663192E+01 -0.16957140408114E+02 -0.74651319616240E+02  0.44935255915317E+00 -0.30204948164718E+01 -0.59889154337102E+02  0.00000000000000E+00 -0.43854984467550E+02  0.00000000000000E+00  0.00000000000000E+00  0.62242841167687E+01  0.00000000000000E+00 -0.32646222142698E+01  0.00000000000000E+00  0.00000000000000E+00  0.13711880047382E+03  0.00000000000000E+00  0.00000000000000E+00  0.00000000000000E+00  0.26591262795913E+02  0.00000000000000E+00 -0.41949240665384E+02
   0.10472284209947E+07 -0.30687608862177E+06  0.47916071673116E+05  0.29506965627885E+06 -0.62004684143146E+05  0.18446236956143E+05  0.39101456029585E+05  0.11629806289487E+06 -0.36758771003326E+03 -0.11075084556639E+05  0.12219350646812E+04  0.64142577872003E+03 -0.17639073942237E+02  0.19824056097021E+02 -0.35140071466428E+04  0.53320199909843E+03 -0.32053509122049E+04 -0.20006538125170E+04 -0.35757961006655E+07 -0.32247191855777E+03  0.62476461747748E+06  0.29986482712078E+05  0.86219879274617E+05  0.23761531140302E+06  0.88236453519554E+04  0.31854711944073E+05  0.17172148194409E+06  0.00000000000000E+00 -0.21906842218542E+05  0.00000000000000E+00  0.00000000000000E+00 -0.55061780294761E+06  0.00000000000000E+00  0.54537408215187E+04  0.00000000000000E+00  0.00000000000000E+00 -0.11572245188951E+06  0.00000000000000E+00  0.00000000000000E+00  0.00000000000000E+00  0.17987045837826E+05  0.00000000000000E+00 -0.18105013075831E+05
   0.45223230828666E+05 -0.10040792343042E+05  0.19889395349753E+04  0.15884870429259E+05 -0.30469660942209E+04  0.17797545190089E+04  0.24047820854369E+04  0.19547243970032E+05 -0.37031395419814E+04 -0.95285745521223E+03  0.15606499329404E+03  0.20241921263462E+02  0.34996951338672E+01  0.52563507373577E+00 -0.17287756269136E+03  0.19840462670698E+02 -0.17718780022395E+03 -0.98053741922251E+02 -0.14294698665014E+06 -0.35610866663192E+01  0.29986482712078E+05  0.17799612529099E+04  0.49022078828550E+04  0.12971227267591E+05  0.49723123420395E+03  0.17426671660364E+04  0.88605489375506E+04 -0.49004882059801E+02 -0.15869465256369E+04  0.38328229421796E+01  0.44606174233154E+03 -0.32239764182996E+05  0.00000000000000E+00 -0.58043238704283E+02  0.00000000000000E+00  0.20829502350711E+04 -0.43177903206562E+04  0.00000000000000E+00  0.00000000000000E+00  0.00000000000000E+00  0.14684028369153E+04 -0.33827198301581E+03 -0.19431870343355E+04
   0.15018889344093E+06 -0.36529819354051E+05  0.66209963949593E+04  0.45892298296811E+05 -0.88242944511505E+04  0.49899083650138E+04  0.68043689922962E+04  0.62953507640645E+05 -0.12682525321059E+05 -0.28749360875091E+04  0.49256097410576E+03  0.22520189279935E+03  0.26281392960767E+02  0.13762073450651E+01 -0.51787519874647E+03  0.53908719736276E+02 -0.51514270881085E+03 -0.27113516800245E+03 -0.44397332997848E+06 -0.16957140408114E+02  0.86219879274617E+05  0.49022078828550E+04  0.13964931093431E+05  0.35877030991790E+05  0.14038783314786E+04  0.49773739098453E+04  0.25374958381835E+05 -0.15777413354521E+03 -0.41997076707356E+04 -0.26701593177873E+02 -0.63097652050686E+04 -0.91908516540694E+05  0.00000000000000E+00 -0.15299038681341E+03  0.00000000000000E+00  0.30150619224184E+04 -0.13627481793935E+05  0.00000000000000E+00  0.00000000000000E+00  0.00000000000000E+00  0.41965032208135E+04 -0.18967598035108E+04 -0.57071460540162E+04
   0.31099271483136E+06 -0.83760619833765E+05  0.13990123700576E+05  0.11535334881965E+06 -0.22854655368389E+05  0.10656210612189E+05  0.16380610810200E+05  0.10685965299772E+06 -0.19121072893044E+05 -0.55314329568388E+04  0.86754731889621E+03 -0.37613536427244E+03 -0.49458866273609E+02  0.46994041302541E+01 -0.71347930963606E+03  0.70296830127218E+02 -0.73319505963323E+03 -0.37695979661772E+03 -0.12231371671704E+07 -0.74651319616240E+02  0.23761531140302E+06  0.12971227267591E+05  0.35877030991790E+05  0.10299286966912E+06  0.37249407705793E+04  0.13257235579125E+05  0.69053166676285E+05  0.24149410421325E+03 -0.13218699783496E+05 -0.50522693335374E+01  0.37375869236168E+05 -0.23551501261663E+06  0.00000000000000E+00 -0.49177014310387E+03  0.00000000000000E+00  0.16211460539181E+05 -0.37779915635996E+05  0.00000000000000E+00  0.00000000000000E+00  0.00000000000000E+00  0.77694281871306E+04  0.15028183623311E+04 -0.13808600561265E+05
   0.15635753945087E+05 -0.38992731122357E+04  0.69643578447342E+03  0.51501000115582E+04 -0.95274907592070E+03  0.66847784217363E+03  0.81120028683333E+03  0.66113607455349E+04 -0.12917152716759E+04 -0.31276477766428E+03  0.52251810346294E+02 -0.21140125881788E+02 -0.26294984087935E+01  0.18961216506198E+00 -0.55642853787892E+02  0.63988861914572E+01 -0.57541104821903E+02 -0.31907129778972E+02 -0.43374954149135E+05  0.44935255915317E+00  0.88236453519554E+04  0.49723123420395E+03  0.14038783314786E+04  0.37249407705793E+04  0.16115479656106E+03  0.56082028096557E+03  0.26374712475358E+04  0.00000000000000E+00 -0.50097725616197E+03  0.00000000000000E+00  0.00000000000000E+00 -0.10434494791426E+05  0.00000000000000E+00 -0.18159782990863E+02  0.00000000000000E+00  0.00000000000000E+00 -0.10347896405225E+04  0.00000000000000E+00  0.00000000000000E+00  0.00000000000000E+00  0.81850142710864E+02  0.00000000000000E+00 -0.69984806946812E+03
   0.57065732927598E+05 -0.14864279932381E+05  0.25491434883516E+04  0.18085215360684E+05 -0.33768394876225E+04  0.22303032840153E+04  0.27618945850453E+04  0.24086810364145E+05 -0.49225618338033E+04 -0.10888829467820E+04  0.18742761467836E+03 -0.89483170730550E+02 -0.10101180934904E+02  0.62304144652043E+00 -0.19116598610618E+03  0.20963262563394E+02 -0.19109611980607E+03 -0.10303154130699E+03 -0.16648681872113E+06 -0.30204948164718E+01  0.31854711944073E+05  0.17426671660364E+04  0.49773739098453E+04  0.13257235579125E+05  0.56082028096557E+03  0.19929241362733E+04  0.94239417116312E+04  0.00000000000000E+00 -0.15932049037937E+04  0.00000000000000E+00  0.00000000000000E+00 -0.36586408884421E+05  0.00000000000000E+00 -0.57493074847755E+02  0.00000000000000E+00  0.00000000000000E+00 -0.47327753236204E+04  0.00000000000000E+00  0.00000000000000E+00  0.00000000000000E+00  0.12944754981321E+03  0.00000000000000E+00 -0.25399003200761E+04
   0.29801115260416E+06 -0.83649651104637E+05  0.13514166609144E+05  0.84416404227289E+05 -0.17005047149034E+05  0.69885640716829E+04  0.11620074880399E+05  0.78507172685996E+05 -0.13848893912630E+05 -0.41765860921382E+04  0.63923128465913E+03 -0.20689277945649E+03 -0.21540235502195E+02  0.31525986317759E+01 -0.61654501477310E+03  0.75195284537947E+02 -0.58277667195225E+03 -0.32558609206513E+03 -0.94708992338309E+06 -0.59889154337102E+02  0.17172148194409E+06  0.88605489375506E+04  0.25374958381835E+05  0.69053166676285E+05  0.26374712475358E+04  0.94239417116312E+04  0.50120690969875E+05  0.00000000000000E+00 -0.90724555864169E+04  0.00000000000000E+00  0.00000000000000E+00 -0.16609360155100E+06  0.00000000000000E+00 -0.33747836130143E+03  0.00000000000000E+00  0.00000000000000E+00 -0.28567071855639E+05  0.00000000000000E+00  0.00000000000000E+00  0.00000000000000E+00  0.92528347712431E+04  0.00000000000000E+00 -0.95142541870760E+04
  -0.12823730761772E+06  0.16647052674310E+05 -0.53184883133754E+04 -0.12793591644752E+05  0.20033169088900E+04 -0.28566408530202E+04 -0.25352721073224E+04 -0.60682900808511E+05  0.11446839884847E+05  0.27394950210603E+04 -0.48754540075887E+03 -0.11773932290234E+04 -0.17544261678526E+03  0.70923197589819E-01 -0.25566160192759E+04  0.46433612169886E+03 -0.22074333992258E+04 -0.15661155949911E+04  0.35191553777896E+05  0.00000000000000E+00  0.00000000000000E+00 -0.49004882059801E+02 -0.15777413354521E+03  0.24149410421325E+03  0.00000000000000E+00  0.00000000000000E+00  0.00000000000000E+00  0.11641095275245E+06  0.00000000000000E+00  0.00000000000000E+00  0.00000000000000E+00  0.00000000000000E+00  0.00000000000000E+00  0.00000000000000E+00  0.00000000000000E+00  0.00000000000000E+00  0.00000000000000E+00  0.00000000000000E+00  0.00000000000000E+00  0.00000000000000E+00  0.00000000000000E+00  0.00000000000000E+00  0.00000000000000E+00
  -0.54490714789281E+05  0.82331991134191E+04 -0.22692740792504E+04 -0.21209368670327E+05  0.33745498346254E+04 -0.43929334537912E+04 -0.39787972002515E+04 -0.48925903666621E+05  0.10871697880703E+05  0.19015371893618E+04 -0.36897034564273E+03 -0.51417251200662E-01 -0.73008586865208E-02 -0.14371734788307E-04 -0.16849240222178E+04  0.29158044413322E+03 -0.14398552640376E+04 -0.98936391234738E+03  0.78130112682765E+05 -0.43854984467550E+02 -0.21906842218542E+05 -0.15869465256369E+04 -0.41997076707356E+04 -0.13218699783496E+05 -0.50097725616197E+03 -0.15932049037937E+04 -0.90724555864169E+04  0.00000000000000E+00  0.64676423532829E+05  0.00000000000000E+00  0.00000000000000E+00  0.00000000000000E+00  0.00000000000000E+00  0.00000000000000E+00  0.00000000000000E+00  0.00000000000000E+00  0.00000000000000E+00  0.00000000000000E+00  0.00000000000000E+00  0.00000000000000E+00  0.00000000000000E+00  0.00000000000000E+00  0.00000000000000E+00
  -0.45846732637940E+04 -0.22897331283790E+03  0.42444083773847E+02 -0.54967970671412E+02 -0.57324646333970E+02  0.16175592542790E+03  0.14115841341692E+03 -0.67102308543884E+05  0.24178238193626E+05  0.72853066761344E+03 -0.34235818442634E+03 -0.73536031469239E+03 -0.28885342811572E+02 -0.62837253491339E+01 -0.24650356062956E+04  0.28160566371231E+03 -0.22775037332647E+04 -0.11482265101643E+04 -0.12449578532099E+04  0.00000000000000E+00  0.00000000000000E+00  0.38328229421796E+01 -0.26701593177873E+02 -0.50522693335374E+01  0.00000000000000E+00  0.00000000000000E+00  0.00000000000000E+00  0.00000000000000E+00  0.00000000000000E+00  0.30719501614964E+05  0.00000000000000E+00  0.00000000000000E+00  0.00000000000000E+00  0.00000000000000E+00  0.00000000000000E+00  0.00000000000000E+00  0.00000000000000E+00  0.00000000000000E+00  0.00000000000000E+00  0.00000000000000E+00  0.00000000000000E+00  0.00000000000000E+00  0.00000000000000E+00
  -0.84425322727343E+06  0.20933179430886E+06 -0.37040421723999E+05 -0.65754347322031E+05  0.11904152652755E+05 -0.89348499032790E+04 -0.10180683892146E+05 -0.28280024392408E+06  0.65834114461950E+05  0.10981814827963E+05 -0.20913169027751E+04 -0.52240609196347E+04 -0.62166829060792E+03 -0.85103272986776E+00  0.20278331064604E+04 -0.17230051504205E+03  0.19476787738734E+04  0.92557170339946E+03  0.58279204930044E+06  0.00000000000000E+00  0.00000000000000E+00  0.44606174233154E+03 -0.63097652050686E+04  0.37375869236168E+05  0.00000000000000E+00  0.00000000000000E+00  0.00000000000000E+00  0.00000000000000E+00  0.00000000000000E+00  0.00000000000000E+00  0.57809623018689E+06  0.00000000000000E+00  0.00000000000000E+00  0.00000000000000E+00  0.00000000000000E+00  0.00000000000000E+00  0.00000000000000E+00  0.00000000000000E+00  0.00000000000000E+00  0.00000000000000E+00  0.00000000000000E+00  0.00000000000000E+00  0.00000000000000E+00
  -0.10958318764519E+07  0.26404727435280E+06 -0.48238266937536E+05 -0.34246666670653E+06  0.63132195606580E+05 -0.44257871617839E+05 -0.53310000405036E+05 -0.56084643813125E+06  0.12633404422976E+06  0.22975984595864E+05 -0.42011373158263E+04 -0.11717678508151E+02 -0.14617556654828E+01 -0.11943763368164E-02  0.42882818685953E+04 -0.49338431323118E+03  0.39963949436888E+04  0.22046632679741E+04  0.28616084092456E+07  0.62242841167687E+01 -0.55061780294761E+06 -0.32239764182996E+05 -0.91908516540694E+05 -0.23551501261663E+06 -0.10434494791426E+05 -0.36586408884421E+05 -0.16609360155100E+06  0.00000000000000E+00  0.00000000000000E+00  0.00000000000000E+00  0.00000000000000E+00  0.91863969194089E+06  0.00000000000000E+00  0.00000000000000E+00  0.00000000000000E+00  0.00000000000000E+00  0.00000000000000E+00  0.00000000000000E+00  0.00000000000000E+00  0.00000000000000E+00  0.00000000000000E+00  0.00000000000000E+00  0.00000000000000E+00
  -0.20682600570444E+05  0.57997753617179E+04 -0.94923505675035E+03 -0.14022058334579E+04  0.33482795377152E+03  0.20802630657153E+01 -0.16898909827097E+03 -0.72556010404017E+05  0.23108628307383E+05  0.15240844265534E+04 -0.44344603654873E+03 -0.24464734485312E+04 -0.15423437721704E+03 -0.35349446080834E+01 -0.15084441511011E+04  0.15344053524466E+03 -0.11686371678601E+04 -0.59101649516673E+03  0.18134606045506E+05  0.00000000000000E+00  0.00000000000000E+00  0.00000000000000E+00  0.00000000000000E+00  0.00000000000000E+00  0.00000000000000E+00  0.00000000000000E+00  0.00000000000000E+00  0.00000000000000E+00  0.00000000000000E+00  0.00000000000000E+00  0.00000000000000E+00  0.00000000000000E+00  0.14687099505884E+05  0.00000000000000E+00  0.00000000000000E+00  0.00000000000000E+00  0.00000000000000E+00  0.00000000000000E+00  0.00000000000000E+00  0.00000000000000E+00  0.00000000000000E+00  0.00000000000000E+00  0.00000000000000E+00
  -0.46651525773410E+05  0.13233773227076E+05 -0.21502641088165E+04 -0.24856870071367E+04  0.57457631255954E+03 -0.25764786951045E+02 -0.29001599098070E+03 -0.16244932484710E+06  0.51824058142060E+05  0.33458363446973E+04 -0.99328793709032E+03 -0.77327506260395E+02 -0.20521871917120E+02 -0.20973355075548E-04 -0.29490176339488E+04  0.29930792792576E+03 -0.22914758041860E+04 -0.11606406152003E+04  0.32543686220293E+05 -0.32646222142698E+01  0.54537408215187E+04 -0.58043238704283E+02 -0.15299038681341E+03 -0.49177014310387E+03 -0.18159782990863E+02 -0.57493074847755E+02 -0.33747836130143E+03  0.00000000000000E+00  0.00000000000000E+00  0.00000000000000E+00  0.00000000000000E+00  0.00000000000000E+00  0.00000000000000E+00  0.31753596957130E+05  0.00000000000000E+00  0.00000000000000E+00  0.00000000000000E+00  0.00000000000000E+00  0.00000000000000E+00  0.00000000000000E+00  0.00000000000000E+00  0.00000000000000E+00  0.00000000000000E+00
  -0.31067097715994E+04  0.42114530691709E+03 -0.11395417006052E+03 -0.72836472280148E+02  0.93634163243575E+01 -0.19715284779592E+02 -0.13793457603422E+02 -0.13315655604774E+04  0.17875849033987E+03  0.43055522484673E+02 -0.11179479669455E+02 -0.81668197593392E+02 -0.66567755802507E+01 -0.14562186951521E+00 -0.71455682028551E+03  0.77688202574746E+02 -0.54605207863451E+03 -0.30039163516329E+03  0.23106355356820E+03  0.00000000000000E+00  0.00000000000000E+00  0.00000000000000E+00  0.00000000000000E+00  0.00000000000000E+00  0.00000000000000E+00  0.00000000000000E+00  0.00000000000000E+00  0.00000000000000E+00  0.00000000000000E+00  0.00000000000000E+00  0.00000000000000E+00  0.00000000000000E+00  0.00000000000000E+00  0.00000000000000E+00  0.37886113073570E+04  0.00000000000000E+00  0.00000000000000E+00  0.00000000000000E+00  0.00000000000000E+00  0.00000000000000E+00  0.00000000000000E+00  0.00000000000000E+00  0.00000000000000E+00
  -0.19995145045155E+06  0.63578345581459E+05 -0.93728844324118E+04 -0.11738039137905E+05  0.29596916500362E+04  0.38347622148892E+03 -0.10575538340847E+04 -0.57277206454500E+04  0.60341045541756E+03  0.58177050219019E+03 -0.50000536431038E+02 -0.25411760154543E+00 -0.18195348701443E+00  0.67765011944831E-13  0.20324451771433E+03 -0.54242773567687E+02  0.54368458076884E+02  0.80142544359526E+02  0.18974358619568E+06  0.00000000000000E+00  0.00000000000000E+00  0.20829502350711E+04  0.30150619224184E+04  0.16211460539181E+05  0.00000000000000E+00  0.00000000000000E+00  0.00000000000000E+00  0.00000000000000E+00  0.00000000000000E+00  0.00000000000000E+00  0.00000000000000E+00  0.00000000000000E+00  0.00000000000000E+00  0.00000000000000E+00  0.00000000000000E+00  0.10592711584221E+06  0.00000000000000E+00  0.00000000000000E+00  0.00000000000000E+00  0.00000000000000E+00  0.00000000000000E+00  0.00000000000000E+00  0.00000000000000E+00
  -0.22551282828820E+06  0.71059249670038E+05 -0.10537233210889E+05 -0.53103499596187E+05  0.13159100061193E+05  0.13082352943796E+04 -0.49601119966175E+04 -0.11211414430974E+05  0.12190207733046E+04  0.11002737942126E+04 -0.97637299869381E+02  0.21961460138060E-02  0.16084525948873E-02 -0.16494227156920E-11  0.36619423762216E+03 -0.96389622180302E+02  0.10757682201557E+03  0.14938365492017E+03  0.83526951443019E+06  0.13711880047382E+03 -0.11572245188951E+06 -0.43177903206562E+04 -0.13627481793935E+05 -0.37779915635996E+05 -0.10347896405225E+04 -0.47327753236204E+04 -0.28567071855639E+05  0.00000000000000E+00  0.00000000000000E+00  0.00000000000000E+00  0.00000000000000E+00  0.00000000000000E+00  0.00000000000000E+00  0.00000000000000E+00  0.00000000000000E+00  0.00000000000000E+00  0.13847302146951E+06  0.00000000000000E+00  0.00000000000000E+00  0.00000000000000E+00  0.00000000000000E+00  0.00000000000000E+00  0.00000000000000E+00
