# fitpack15: fit parameters                                                                         
# CJ15 AV18 final data choices                                                                      
# Created on 01/15/2020 at 22:33:41                                                                 

 # QCD setup
  INS                           0
  NVL                          11
  IORD                          1
  Q02                   1.6899999999999999     
  IPARAMC                       7
  FLAVOR                4.0000000000000000     
  xmc                   1.3000000000000000     
  xmb                   4.5000000000000000     
  ncb                          12
  ihq                           1
  ias                           0

 # Theory corrections
  inuke                     10814
  itmc                          1
  iht                           1

 # fit parameters
 LAMBDA       0.22680        0.0000    
 a0uv          2.3329        0.0000    
 a1uv         0.60850       0.20636E-01
 a2uv          3.5436       0.12951E-01
 a3uv          0.0000        0.0000    
 a4uv          3.6197       0.46276    
 a5uv          0.0000        0.0000    
 a0dv          25.499        0.0000    
 a1dv          1.1666       0.33778E-01
 a2dv          6.5720       0.16011    
 a3dv         -3.5214       0.86064E-01
 a4dv          4.6867       0.14130    
 a5dv          0.0000        0.0000    
 a0ud         0.14638       0.50461E-02
 a1ud        -0.20791       0.37664E-02
 a2ud          8.2917       0.19487    
 a3ud          0.0000        0.0000    
 a4ud          14.431        1.2395    
 a5ud          0.0000        0.0000    
 a0du          35712.        0.0000    
 a1du          4.0522       0.78435E-01
 a2du          19.979       0.92189    
 a3du          17.000        0.0000    
 a4du          52.987        11.821    
 a0g           46.704        0.0000    
 a1g          0.60835       0.32988E-01
 a2g           6.9253        1.0779    
 a3g          -3.3100       0.15308    
 a4g           3.2701       0.38351    
 a5g           0.0000        0.0000    
 kappa        0.40000        0.0000    
 a6dv        -0.36080E-02   0.67103E-03
 a7dv          2.0000        0.0000    
 off1         -2.9236        1.7223    
 off2         0.81753E-01   0.30339E-01
 ht1          -3.3660       0.32836    
 ht2           2.0065       0.12166    
 ht3          -2.0458       0.35133E-01
 ht4           0.0000        0.0000    
 ht1n         -3.8658        1.1455    
 ht2n          2.0728       0.36641    
 ht3n         -2.0773       0.67712E-01
 ht4n          0.0000        0.0000    
 dummy44       0.0000        0.0000    
 dummy45       0.0000        0.0000    
 dummy46       0.0000        0.0000    
 dummy47       0.0000        0.0000    
 dummy48       0.0000        0.0000    
 dummy49       0.0000        0.0000    
 bcdmsh2      0.97291       0.48441E-02
 bcdmsd2      0.99235       0.58470E-02
 ccfr          1.0000        0.0000    
 nutev         1.0000        0.0000    
 zeus         0.97998        0.0000    
 h1            1.0162        0.0000    
 e605          1.0319        0.0000    
 NmcH2         1.0087       0.71211E-02
 ntv_nu        1.0000        0.0000    
 ntv_nubar     1.0000        0.0000    
 cdf_jet      0.98910        0.0000    
 d0_jet       0.83504        0.0000    
 slac_p        1.0051       0.50224E-02
 slac_d        1.0034       0.52843E-02
 e866pp       0.96889       0.19373E-01
 e866pd       0.96387       0.16259E-01
 d0_gamjet     1.0390       0.16497E-01
 h1b          0.97608        0.0000    
 jlab_p       0.99275       0.62708E-02
 jlab_d       0.97501       0.59796E-02
 blank         1.0000        0.0000    
 d0run2       0.93900       0.14121E-01
 cdfrun2      0.92575       0.17232E-01
 HERA_el       1.0000        0.0000    
 HERA_ps       1.0000        0.0000    
 CDF_Z        0.96439       0.65779E-02
 NmcRat        1.0000        0.0000    
 BNS_F2nd     0.98444       0.11928E-01
 HERMES_F2p   0.99846       0.56542E-02
 HERMES_F2d   0.97997       0.58282E-02
 END 0. 0.

 # Hessian matrix (Bevington alpha)
   0.49413410127503E+07 -0.12954954314943E+07  0.22814558943341E+06  0.49339364202369E+06 -0.12767549122572E+06 -0.22586905453757E+05  0.56821321754814E+05  0.91349634747906E+06 -0.17510815988511E+06 -0.48832728549103E+05  0.75079824347845E+04  0.15404751276569E+05  0.17538695977971E+04 -0.10618278393256E+03  0.72460320211298E+04 -0.18119206287713E+04  0.88205434967577E+04  0.64672065029447E+04 -0.77623791895492E+07  0.23423683198694E+03  0.61201912231402E+06  0.51904790699349E+05  0.16844902862018E+06  0.37140728287285E+06  0.17975312344425E+05  0.64013963887569E+05  0.33814450654906E+06 -0.12769173609347E+06 -0.54422329778295E+05 -0.44861137241418E+04 -0.84074701269328E+06 -0.10942308945211E+07 -0.20614792784278E+05 -0.46525722778453E+05 -0.30924959485358E+04 -0.19921135171642E+06 -0.22530529617702E+06 -0.91990541760175E+04 -0.32501273930203E+04 -0.15235545502112E+05  0.16955994399710E+05 -0.70999666309697E+05 -0.56297862657589E+05
  -0.12954954314943E+07  0.41368269953052E+06 -0.61726118674221E+05 -0.13784826631160E+06  0.35372324623025E+05  0.88058551585590E+04 -0.12495432346080E+05 -0.12233138797963E+06  0.26528696875379E+05  0.75269134802887E+04 -0.95057748749007E+03 -0.12394448131458E+04 -0.14626150532237E+03  0.12824267060296E+02  0.64722492175190E+03 -0.47520352080702E+02  0.15666841796330E+03  0.78053675971660E+02  0.26470332694326E+07  0.98141838489719E+02 -0.17986889208086E+06 -0.11984408220563E+05 -0.41998927612809E+05 -0.10183688776404E+06 -0.46149850734509E+04 -0.16975041153273E+05 -0.95577013452750E+05  0.16632319795092E+05  0.82431325678520E+04 -0.23360434268788E+03  0.20916939944928E+06  0.26378476408570E+06  0.58025788755489E+04  0.13252497538826E+05  0.42118170273118E+03  0.63518760665988E+05  0.71005999526672E+05  0.24837392390894E+04  0.78698218624292E+03 -0.23617806711768E+04 -0.22856468762370E+04  0.85543213631949E+04  0.71997284519675E+04
   0.22814558943341E+06 -0.61726118674221E+05  0.10643511573844E+05  0.22942278644265E+05 -0.60329538470187E+04 -0.12901991021734E+04  0.25602974384706E+04  0.31107557358816E+05 -0.58137104043470E+04 -0.19585783350024E+04  0.25986452288526E+03  0.47465204471123E+03  0.62346651728446E+02 -0.46661453314706E+01 -0.39243463485668E+03  0.26469288322112E+01 -0.18496024630851E+03 -0.34564720565508E+02 -0.37315109128887E+06  0.73283701155428E+01  0.28772242466309E+05  0.23523987248496E+04  0.76513412852421E+04  0.17208289171565E+05  0.82570901166233E+03  0.29462042039200E+04  0.15768207434628E+05 -0.54210290838464E+04 -0.23199179117414E+04  0.46125919811289E+02 -0.37880471586402E+05 -0.49410822978239E+05 -0.97270946686721E+03 -0.22051652189014E+04 -0.11605236058451E+03 -0.96113586080517E+04 -0.10823069005380E+05 -0.42556930328923E+03 -0.14795412238396E+03  0.38343814754925E+02  0.72026912563198E+03 -0.25119658597033E+04 -0.20445198759654E+04
   0.49339364202369E+06 -0.13784826631160E+06  0.22942278644265E+05  0.39896190432890E+06 -0.63013826210030E+05  0.76925453913856E+05  0.65918031045531E+05  0.34643855830443E+06 -0.25558643563298E+05 -0.18358294349286E+05  0.33887874030394E+04 -0.13802311544878E+04 -0.15372680022976E+03  0.55123945538261E+02  0.30200659024737E+05 -0.35874787816148E+04  0.24068001858487E+05  0.13463672200668E+05 -0.23190463967266E+07  0.26417530238453E+03  0.17305536509999E+06  0.17901304938307E+05  0.51288911559708E+05  0.13272404324525E+06  0.58186087802519E+04  0.20123292553731E+05  0.96435999062673E+05 -0.12804817145088E+05 -0.21282883156151E+05 -0.55018689375451E+02 -0.65844968698413E+05 -0.34417349114157E+06 -0.13989669951180E+04 -0.24855763664514E+04 -0.73339784629265E+02 -0.11787217889441E+05 -0.53510698291952E+05 -0.25361234283114E+04 -0.98653071104228E+03 -0.93796788338034E+04 -0.15587448590478E+05 -0.71831175080015E+04 -0.21373068904634E+05
  -0.12767549122572E+06  0.35372324623025E+05 -0.60329538470187E+04 -0.63013826210030E+05  0.11780990137816E+05 -0.80142042788586E+04 -0.96015546637524E+04 -0.32535733429610E+05  0.40385384378243E+03  0.24067183303952E+04 -0.34602241104094E+03 -0.33599908532342E+02  0.46532116354833E+01 -0.49268135480348E+01 -0.25622038168457E+04  0.30803563916439E+03 -0.19964602616986E+04 -0.11306319875254E+04  0.50713265303982E+06 -0.31808323860646E+02 -0.36342273346225E+05 -0.34647644526202E+04 -0.99517668757981E+04 -0.26510504025906E+05 -0.10983651305793E+04 -0.38179054886023E+04 -0.19518802735927E+05  0.20058158355741E+04  0.33843510087323E+04 -0.57125108678907E+02  0.11936667304866E+05  0.63343516442418E+05  0.33464543767425E+03  0.57641720876768E+03  0.94474087595972E+01  0.29743718182844E+04  0.13222608140660E+05  0.48487818387530E+03  0.17948170932967E+03  0.33139689122727E+03  0.24865291624930E+04  0.81870494230164E+03  0.25260480213112E+04
  -0.22586905453757E+05  0.88058551585590E+04 -0.12901991021734E+04  0.76925453913856E+05 -0.80142042788586E+04  0.25189325381734E+05  0.15278627189033E+05  0.10684301960957E+06 -0.95910105414449E+04 -0.46873001989321E+04  0.10262987662321E+04 -0.71811664805594E+03 -0.69406753832443E+02  0.18979495013151E+02  0.93422084265717E+04 -0.11407319817311E+04  0.75395682090069E+04  0.42807394972745E+04 -0.69685598583418E+05  0.89534836613523E+02  0.10928940703640E+05  0.19299917826526E+04  0.53663558101260E+04  0.11796118603956E+05  0.69918155865212E+03  0.23347254221030E+04  0.78297933619871E+04 -0.28565852731352E+04 -0.44100192408270E+04  0.16075980613969E+03 -0.89283258866707E+04 -0.44830084179240E+05  0.20071322677365E+01 -0.23768356927749E+02 -0.19755522359946E+02  0.37731545614107E+03  0.11770311217469E+04 -0.27673642993076E+03 -0.13951684577339E+03 -0.30663286766988E+04 -0.33858772981520E+04 -0.18754682763451E+04 -0.54382598570345E+04
   0.56821321754814E+05 -0.12495432346080E+05  0.25602974384706E+04  0.65918031045531E+05 -0.96015546637524E+04  0.15278627189033E+05  0.11959823377328E+05  0.59349212555789E+05 -0.30971114641295E+04 -0.33461674667256E+04  0.60104372888693E+03 -0.22374134334840E+03 -0.27499053883805E+02  0.99488764083255E+01  0.48043581785827E+04 -0.59315718157740E+03  0.37822681053703E+04  0.21719454858002E+04 -0.26239349133027E+06  0.64672652392202E+02  0.22918103371160E+05  0.26787650205327E+04  0.75244596482094E+04  0.18684014250436E+05  0.89549318188671E+03  0.30253232532946E+04  0.13237168850353E+05 -0.25349466493690E+04 -0.39880423346886E+04  0.14031664453012E+03 -0.10185625737082E+05 -0.53627855037636E+05 -0.16865256305524E+03 -0.28962972024354E+03 -0.13847672582534E+02 -0.10659866857851E+04 -0.50449162274147E+04 -0.38065551782914E+03 -0.16011749769143E+03 -0.12882507632943E+04 -0.31819321114816E+04 -0.11634205750301E+04 -0.34836778172896E+04
   0.91349634747906E+06 -0.12233138797963E+06  0.31107557358816E+05  0.34643855830443E+06 -0.32535733429610E+05  0.10684301960957E+06  0.59349212555789E+05  0.49720585800572E+07 -0.23111370594483E+07 -0.85162386833371E+05  0.26019986764607E+05  0.26450172533008E+05  0.17896989708906E+04  0.93608358551528E+02  0.81876171367251E+05 -0.10271213446835E+05  0.75188571209504E+05  0.40695419793521E+05 -0.59477529395628E+06  0.58717482415439E+03  0.66119205028724E+05  0.19901555318458E+05  0.63711213767421E+05  0.10837726637933E+06  0.65232679820467E+04  0.23648082717743E+05  0.79836160314429E+05 -0.60609445802929E+05 -0.48774079942469E+05 -0.66842096829349E+05 -0.28182598625474E+06 -0.55889008027088E+06 -0.72477808703510E+05 -0.16237443782694E+06 -0.13341883272914E+04 -0.57220566929580E+04 -0.11154143323813E+05 -0.58007639529920E+01  0.14565702919830E+03 -0.26170501243994E+06 -0.86187040912463E+04 -0.13701171021551E+06 -0.17032177950911E+06
  -0.17510815988511E+06  0.26528696875379E+05 -0.58137104043470E+04 -0.25558643563298E+05  0.40385384378243E+03 -0.95910105414449E+04 -0.30971114641295E+04 -0.23111370594483E+07  0.19279009508689E+07  0.18954861971098E+05 -0.65445502855381E+04 -0.56722845624112E+04 -0.31426022803858E+03 -0.12464290526213E+02  0.49564049059539E+05 -0.22998236114720E+04  0.15519125219642E+05  0.74060395316972E+04 -0.26498477509475E+05 -0.97094612103731E+02  0.93749059622722E+02 -0.35793049256923E+04 -0.12334413681528E+05 -0.17667955481086E+05 -0.11990568926118E+04 -0.45801778442228E+04 -0.12915171602087E+05  0.11456891554121E+05  0.10858910040583E+05  0.24088505562421E+05  0.65642934820814E+05  0.12602785879733E+06  0.23108488878178E+05  0.51860637559751E+05  0.18058198936242E+03  0.60120946469715E+03  0.12091917313380E+04 -0.11744887929665E+04 -0.66321559724471E+03  0.11140480668682E+06  0.15834212316638E+04  0.44194489311197E+05  0.54409419285342E+05
  -0.48832728549103E+05  0.75269134802887E+04 -0.19585783350024E+04 -0.18358294349286E+05  0.24067183303952E+04 -0.46873001989321E+04 -0.33461674667256E+04 -0.85162386833371E+05  0.18954861971098E+05  0.26397607355330E+04 -0.64412000011156E+03 -0.68381548236871E+03 -0.60768616388192E+02 -0.17777277096012E+01 -0.39334653469376E+04  0.46850212988906E+03 -0.31542119615421E+04 -0.17787751985931E+04  0.59165304479857E+05 -0.27807441111258E+02 -0.63850457069407E+04 -0.10169128035570E+04 -0.30355596009595E+04 -0.60362531932174E+04 -0.32810598842349E+03 -0.11337134680333E+04 -0.45339137170020E+04  0.27373796920204E+04  0.18959177363858E+04  0.72711179075276E+03  0.10963139725164E+05  0.22913333509268E+05  0.15238973277286E+04  0.33468172228436E+04  0.43115516093427E+02  0.58242631321506E+03  0.10975249131926E+04  0.13715710822431E+03  0.60889689039932E+02  0.30771657865944E+04  0.44107172376361E+03  0.27860340207149E+04  0.35462690464845E+04
   0.75079824347845E+04 -0.95057748749007E+03  0.25986452288526E+03  0.33887874030394E+04 -0.34602241104094E+03  0.10262987662321E+04  0.60104372888693E+03  0.26019986764607E+05 -0.65445502855381E+04 -0.64412000011156E+03  0.18303873891979E+03  0.20324192139551E+03  0.14922798401196E+02  0.68572194261028E+00  0.12626485999470E+04 -0.13724805490837E+03  0.97467365216880E+03  0.52971719468546E+03 -0.67822866042222E+04  0.49762618502215E+01  0.70475547889542E+03  0.16279357107070E+03  0.50927267234246E+03  0.91063805769364E+03  0.52988704869458E+02  0.18890438508524E+03  0.67136950858186E+03 -0.49041290184895E+03 -0.37032021501081E+03 -0.34289623118432E+03 -0.20993960733204E+04 -0.42166259946622E+04 -0.44563545730805E+03 -0.99872049878604E+03 -0.11258734998413E+02 -0.50388830271349E+02 -0.97990877261929E+02 -0.15983016667231E+02 -0.74562704243377E+01 -0.11620814033678E+04 -0.69776833790069E+02 -0.84055690648676E+03 -0.10530314305289E+04
   0.15404751276569E+05 -0.12394448131458E+04  0.47465204471123E+03 -0.13802311544878E+04 -0.33599908532342E+02 -0.71811664805594E+03 -0.22374134334840E+03  0.26450172533008E+05 -0.56722845624112E+04 -0.68381548236871E+03  0.20324192139551E+03  0.17198374768311E+04  0.11375608526440E+03 -0.11729795401143E+01  0.14247007573378E+04 -0.19438556574423E+03  0.13819476659961E+04  0.79661365375420E+03 -0.66786718800292E+04 -0.41290906815547E+01  0.38468940864681E+03  0.31544193664592E+02  0.25241932019341E+03 -0.29727734347227E+03 -0.17154477915655E+02 -0.75159499411812E+02 -0.15400282164955E+03 -0.11599155073343E+04 -0.63299445880332E-02 -0.73192854527958E+03 -0.51523634596600E+04 -0.20649338270319E+01 -0.24289680040693E+04 -0.75506973803058E+02 -0.80916611625853E+02 -0.24087584431862E+00  0.12036508089578E-02 -0.18093986567940E+01 -0.77509410539180E+00  0.28980516367174E+03  0.32350486726151E+03 -0.27817545306634E+04 -0.81993408560390E-01
   0.17538695977971E+04 -0.14626150532237E+03  0.62346651728446E+02 -0.15372680022976E+03  0.46532116354833E+01 -0.69406753832443E+02 -0.27499053883805E+02  0.17896989708906E+04 -0.31426022803858E+03 -0.60768616388192E+02  0.14922798401196E+02  0.11375608526440E+03  0.10309753319662E+02 -0.17568625319114E+00  0.77920665310469E+02 -0.12823702437620E+02  0.81466850441579E+02  0.51124750857852E+02 -0.32049161758527E+03 -0.47318815360138E+00 -0.89572194586600E+01  0.38097343772051E+01  0.26512824700010E+02 -0.48190103566364E+02 -0.24751541385131E+01 -0.95533199721177E+01 -0.21057813261725E+02 -0.17234333805277E+03 -0.15786482573872E-02 -0.28667228580230E+02 -0.61110634282789E+03 -0.37848978759060E+00 -0.15264672116921E+03 -0.19984714736621E+02 -0.65717050292266E+01 -0.17238620459295E+00  0.92202349390395E-03 -0.19242874759449E+00 -0.74583548659444E-01  0.29247577370614E+02  0.72682992530593E+02 -0.20124501396781E+03 -0.29626622457536E-01
  -0.10618278393256E+03  0.12824267060296E+02 -0.46661453314706E+01  0.55123945538261E+02 -0.49268135480348E+01  0.18979495013151E+02  0.99488764083255E+01  0.93608358551528E+02 -0.12464290526213E+02 -0.17777277096012E+01  0.68572194261028E+00 -0.11729795401143E+01 -0.17568625319114E+00  0.48947873987903E-01  0.14081795030930E+02 -0.10713094953262E+01  0.82729634199606E+01  0.38998380105458E+01 -0.81311614378203E+02  0.58025786387104E-01  0.10907757734802E+02  0.66135556997509E+00  0.17336973779788E+01  0.58517244260459E+01  0.23059934377077E+00  0.75591949018402E+00  0.39486060214337E+01  0.67688846897692E-01  0.30347794848692E-05 -0.58405626051207E+01 -0.71945744653603E+00  0.12152671849095E-03 -0.31639771588169E+01 -0.14106682232285E-04 -0.13365140342326E+00  0.14492304190601E-12 -0.52219232236138E-12 -0.16356952043302E-02 -0.89825870791449E-03 -0.16070913007087E+01  0.40037558831190E-04 -0.29738569166815E+01  0.42062213705939E-03
   0.72460320211298E+04  0.64722492175190E+03 -0.39243463485668E+03  0.30200659024737E+05 -0.25622038168457E+04  0.93422084265717E+04  0.48043581785827E+04  0.81876171367251E+05  0.49564049059539E+05 -0.39334653469376E+04  0.12626485999470E+04  0.14247007573378E+04  0.77920665310469E+02  0.14081795030930E+02  0.48351980276579E+05 -0.43812745872439E+04  0.31736128633995E+05  0.16474965406461E+05 -0.55900575341018E+05 -0.40155361420646E+01 -0.20233392153715E+04 -0.19960262791151E+03 -0.58513364135531E+03 -0.93905565219195E+03 -0.63507262350922E+02 -0.21635931709690E+03 -0.77205533091265E+03 -0.25181937258046E+04 -0.16630037277041E+04 -0.24568540731980E+04  0.20285536451955E+04  0.42595069860101E+04 -0.15067420378659E+04 -0.29527729042852E+04 -0.71125475689938E+03  0.19855363678518E+03  0.35607749692531E+03 -0.27598353431646E+04 -0.14788100297582E+04 -0.25195138499547E+04  0.18177874413789E+03 -0.81635923462320E+03 -0.92113877093903E+03
  -0.18119206287713E+04 -0.47520352080702E+02  0.26469288322112E+01 -0.35874787816148E+04  0.30803563916439E+03 -0.11407319817311E+04 -0.59315718157740E+03 -0.10271213446835E+05 -0.22998236114720E+04  0.46850212988906E+03 -0.13724805490837E+03 -0.19438556574423E+03 -0.12823702437620E+02 -0.10713094953262E+01 -0.43812745872439E+04  0.46159086471308E+03 -0.32716164461847E+04 -0.17680378765937E+04  0.64230195581884E+04  0.85060962418509E-01  0.30595466326323E+03  0.23685371607202E+02  0.63732587518523E+02  0.10498698756386E+03  0.77511153085558E+01  0.25352195777626E+02  0.98703264723234E+02  0.45591335917446E+03  0.28656372209773E+03  0.27964945297738E+03 -0.17273046179267E+03 -0.48654882262052E+03  0.15245451337709E+03  0.29799607658394E+03  0.76895164810413E+02 -0.52920959240115E+02 -0.93620557270478E+02  0.40861902193182E+03  0.20415952714231E+03 -0.26661463247968E+03 -0.32652782480009E+02  0.23194677892505E+03  0.26024330422853E+03
   0.88205434967577E+04  0.15666841796330E+03 -0.18496024630851E+03  0.24068001858487E+05 -0.19964602616986E+04  0.75395682090069E+04  0.37822681053703E+04  0.75188571209504E+05  0.15519125219642E+05 -0.31542119615421E+04  0.97467365216880E+03  0.13819476659961E+04  0.81466850441579E+02  0.82729634199606E+01  0.31736128633995E+05 -0.32716164461847E+04  0.23577132456539E+05  0.12600686521876E+05 -0.44674246034024E+05 -0.49136552375150E+01 -0.18705466520836E+04 -0.20305668953099E+03 -0.57611968746884E+03 -0.93981879908470E+03 -0.64674828477589E+02 -0.21462490767922E+03 -0.73085012641335E+03 -0.22359618086551E+04 -0.14563597789273E+04 -0.22607476185718E+04  0.19289163623958E+04  0.39856939425987E+04 -0.11627902615331E+04 -0.22853415114412E+04 -0.54522096507159E+03  0.59149345942258E+02  0.11550756651133E+03 -0.22955772800927E+04 -0.12428528658183E+04  0.95077859970460E+03  0.18732633563252E+03 -0.13885940895786E+04 -0.15478782363264E+04
   0.64672065029447E+04  0.78053675971660E+02 -0.34564720565508E+02  0.13463672200668E+05 -0.11306319875254E+04  0.42807394972745E+04  0.21719454858002E+04  0.40695419793521E+05  0.74060395316972E+04 -0.17787751985931E+04  0.52971719468546E+03  0.79661365375420E+03  0.51124750857852E+02  0.38998380105458E+01  0.16474965406461E+05 -0.17680378765937E+04  0.12600686521876E+05  0.68287433725439E+04 -0.24856510890067E+05 -0.18755169339127E+01 -0.11655256266816E+04 -0.11364094418003E+03 -0.30842001410935E+03 -0.50666587615900E+03 -0.36676190912707E+02 -0.11888099672604E+03 -0.41782030202610E+03 -0.15769401278164E+04 -0.99558502210924E+03 -0.11402954231422E+04  0.91677543590690E+03  0.21935859878340E+04 -0.58824200418699E+03 -0.11575956901949E+04 -0.29981456792613E+03  0.82512795335565E+02  0.15283341306590E+03 -0.14739254285270E+04 -0.76694930953268E+03  0.11668307221684E+04  0.13387332117148E+03 -0.98179336626719E+03 -0.10943299339156E+04
  -0.77623791895492E+07  0.26470332694326E+07 -0.37315109128887E+06 -0.23190463967266E+07  0.50713265303982E+06 -0.69685598583418E+05 -0.26239349133027E+06 -0.59477529395628E+06 -0.26498477509475E+05  0.59165304479857E+05 -0.67822866042222E+04 -0.66786718800292E+04 -0.32049161758527E+03 -0.81311614378203E+02 -0.55900575341018E+05  0.64230195581884E+04 -0.44674246034024E+05 -0.24856510890067E+05  0.34998397519559E+08  0.13495622307843E+04 -0.20779667300431E+07 -0.16479013129588E+06 -0.50345376243393E+06 -0.14191586800032E+07 -0.51404358641698E+05 -0.18985798265670E+06 -0.10781572131239E+07  0.34953090190691E+05  0.77653830717542E+05 -0.12321803948084E+04  0.57828751915397E+06  0.28343533472379E+07  0.17950233035882E+05  0.32357808655525E+05  0.23232139802410E+03  0.18821953061460E+06  0.82701348847951E+06  0.25510362719430E+05  0.80339711136375E+04 -0.19356236387831E+05  0.45102503298595E+05  0.21080460992671E+05  0.65148727782493E+05
   0.23423683198694E+03  0.98141838489719E+02  0.73283701155428E+01  0.26417530238453E+03 -0.31808323860646E+02  0.89534836613523E+02  0.64672652392202E+02  0.58717482415439E+03 -0.97094612103731E+02 -0.27807441111258E+02  0.49762618502215E+01 -0.41290906815547E+01 -0.47318815360138E+00  0.58025786387104E-01 -0.40155361420646E+01  0.85060962418509E-01 -0.49136552375150E+01 -0.18755169339127E+01  0.13495622307843E+04  0.17384456600118E+01  0.11933194549208E+03  0.23849457305898E+02  0.60845640115292E+02  0.13996250162377E+03  0.83954765982907E+01  0.25506057196222E+02  0.95334465621243E+02  0.00000000000000E+00 -0.64265757886107E+02  0.00000000000000E+00  0.00000000000000E+00 -0.47372067517856E+03  0.00000000000000E+00  0.16001052475221E+01  0.00000000000000E+00  0.00000000000000E+00  0.40120937642345E+02  0.00000000000000E+00  0.00000000000000E+00  0.00000000000000E+00  0.43846909565372E+02  0.00000000000000E+00 -0.58699054502691E+02
   0.61201912231402E+06 -0.17986889208086E+06  0.28772242466309E+05  0.17305536509999E+06 -0.36342273346225E+05  0.10928940703640E+05  0.22918103371160E+05  0.66119205028724E+05  0.93749059622722E+02 -0.63850457069407E+04  0.70475547889542E+03  0.38468940864681E+03 -0.89572194586600E+01  0.10907757734802E+02 -0.20233392153715E+04  0.30595466326323E+03 -0.18705466520836E+04 -0.11655256266816E+04 -0.20779667300431E+07  0.11933194549208E+03  0.21335394891605E+06  0.19901872873639E+05  0.56773623343290E+05  0.15970906761134E+06  0.59742495570024E+04  0.21078143516643E+05  0.11461413073371E+06  0.00000000000000E+00 -0.12629913508383E+05  0.00000000000000E+00  0.00000000000000E+00 -0.32052420713946E+06  0.00000000000000E+00  0.31964862785500E+04  0.00000000000000E+00  0.00000000000000E+00 -0.67759583099289E+05  0.00000000000000E+00  0.00000000000000E+00  0.00000000000000E+00  0.10589107381741E+05  0.00000000000000E+00 -0.10428052973798E+05
   0.51904790699349E+05 -0.11984408220563E+05  0.23523987248496E+04  0.17901304938307E+05 -0.34647644526202E+04  0.19299917826526E+04  0.26787650205327E+04  0.19901555318458E+05 -0.35793049256923E+04 -0.10169128035570E+04  0.16279357107070E+03  0.31544193664592E+02  0.38097343772051E+01  0.66135556997509E+00 -0.19960262791151E+03  0.23685371607202E+02 -0.20305668953099E+03 -0.11364094418003E+03 -0.16479013129588E+06  0.23849457305898E+02  0.19901872873639E+05  0.22017725208696E+04  0.60550883120443E+04  0.16419066844096E+05  0.62815259126389E+03  0.21712640058028E+04  0.11285824119177E+05 -0.50295718819973E+02 -0.17091973408316E+04  0.34703412957525E+01  0.40770001411983E+03 -0.35733378137556E+05  0.00000000000000E+00  0.14959944661664E+01  0.00000000000000E+00  0.21169234633627E+04 -0.50593751479996E+04  0.00000000000000E+00  0.00000000000000E+00  0.00000000000000E+00  0.15919867118751E+04 -0.35488443190478E+03 -0.20240818310311E+04
   0.16844902862018E+06 -0.41998927612809E+05  0.76513412852421E+04  0.51288911559708E+05 -0.99517668757981E+04  0.53663558101260E+04  0.75244596482094E+04  0.63711213767421E+05 -0.12334413681528E+05 -0.30355596009595E+04  0.50927267234246E+03  0.25241932019341E+03  0.26512824700010E+02  0.17336973779788E+01 -0.58513364135531E+03  0.63732587518523E+02 -0.57611968746884E+03 -0.30842001410935E+03 -0.50345376243393E+06  0.60845640115292E+02  0.56773623343290E+05  0.60550883120443E+04  0.17133820415565E+05  0.45409494176954E+05  0.17657950396726E+04  0.61582754247777E+04  0.32084591512233E+05 -0.15780962701711E+03 -0.45209492006368E+04 -0.31483365192797E+02 -0.64187640770669E+04 -0.10111029124042E+06  0.00000000000000E+00  0.39431426839494E+01  0.00000000000000E+00  0.29773651557793E+04 -0.15691871936900E+05  0.00000000000000E+00  0.00000000000000E+00  0.00000000000000E+00  0.45006963437296E+04 -0.19354155171822E+04 -0.59168480688295E+04
   0.37140728287285E+06 -0.10183688776404E+06  0.17208289171565E+05  0.13272404324525E+06 -0.26510504025906E+05  0.11796118603956E+05  0.18684014250436E+05  0.10837726637933E+06 -0.17667955481086E+05 -0.60362531932174E+04  0.91063805769364E+03 -0.29727734347227E+03 -0.48190103566364E+02  0.58517244260459E+01 -0.93905565219195E+03  0.10498698756386E+03 -0.93981879908470E+03 -0.50666587615900E+03 -0.14191586800032E+07  0.13996250162377E+03  0.15970906761134E+06  0.16419066844096E+05  0.45409494176954E+05  0.13155808846667E+06  0.48137342752517E+04  0.16830616028218E+05  0.89254526619975E+05  0.24112682538279E+03 -0.14250282752038E+05 -0.52589963601594E+01  0.36962680245134E+05 -0.26523863373890E+06  0.00000000000000E+00  0.12674782268050E+02  0.00000000000000E+00  0.15959304875753E+05 -0.44530138753382E+05  0.00000000000000E+00  0.00000000000000E+00  0.00000000000000E+00  0.87489258620432E+04  0.14987948241547E+04 -0.14416869737422E+05
   0.17975312344425E+05 -0.46149850734509E+04  0.82570901166233E+03  0.58186087802519E+04 -0.10983651305793E+04  0.69918155865212E+03  0.89549318188671E+03  0.65232679820467E+04 -0.11990568926118E+04 -0.32810598842349E+03  0.52988704869458E+02 -0.17154477915655E+02 -0.24751541385131E+01  0.23059934377077E+00 -0.63507262350922E+02  0.77511153085558E+01 -0.64674828477589E+02 -0.36676190912707E+02 -0.51404358641698E+05  0.83954765982907E+01  0.59742495570024E+04  0.62815259126389E+03  0.17657950396726E+04  0.48137342752517E+04  0.20084308303520E+03  0.69234937072201E+03  0.34069095110421E+04  0.00000000000000E+00 -0.53860981349398E+03  0.00000000000000E+00  0.00000000000000E+00 -0.11543173578091E+05  0.00000000000000E+00  0.46804650235876E+00  0.00000000000000E+00  0.00000000000000E+00 -0.13292161029228E+04  0.00000000000000E+00  0.00000000000000E+00  0.00000000000000E+00  0.12461703364257E+03  0.00000000000000E+00 -0.70940288270803E+03
   0.64013963887569E+05 -0.16975041153273E+05  0.29462042039200E+04  0.20123292553731E+05 -0.38179054886023E+04  0.23347254221030E+04  0.30253232532946E+04  0.23648082717743E+05 -0.45801778442228E+04 -0.11337134680333E+04  0.18890438508524E+03 -0.75159499411812E+02 -0.95533199721177E+01  0.75591949018402E+00 -0.21635931709690E+03  0.25352195777626E+02 -0.21462490767922E+03 -0.11888099672604E+03 -0.18985798265670E+06  0.25506057196222E+02  0.21078143516643E+05  0.21712640058028E+04  0.61582754247777E+04  0.16830616028218E+05  0.69234937072201E+03  0.24217801604251E+04  0.11939026105639E+05  0.00000000000000E+00 -0.17121737213095E+04  0.00000000000000E+00  0.00000000000000E+00 -0.39923857684709E+05  0.00000000000000E+00  0.14818146563690E+01  0.00000000000000E+00  0.00000000000000E+00 -0.55618522630307E+04  0.00000000000000E+00  0.00000000000000E+00  0.00000000000000E+00  0.25716141330273E+03  0.00000000000000E+00 -0.25491940996618E+04
   0.33814450654906E+06 -0.95577013452750E+05  0.15768207434628E+05  0.96435999062673E+05 -0.19518802735927E+05  0.78297933619871E+04  0.13237168850353E+05  0.79836160314429E+05 -0.12915171602087E+05 -0.45339137170020E+04  0.67136950858186E+03 -0.15400282164955E+03 -0.21057813261725E+02  0.39486060214337E+01 -0.77205533091265E+03  0.98703264723234E+02 -0.73085012641335E+03 -0.41782030202610E+03 -0.10781572131239E+07  0.95334465621243E+02  0.11461413073371E+06  0.11285824119177E+05  0.32084591512233E+05  0.89254526619975E+05  0.34069095110421E+04  0.11939026105639E+05  0.64273882446534E+05  0.00000000000000E+00 -0.97823924204940E+04  0.00000000000000E+00  0.00000000000000E+00 -0.18669009856665E+06  0.00000000000000E+00  0.86980976979946E+01  0.00000000000000E+00  0.00000000000000E+00 -0.33096580919157E+05  0.00000000000000E+00  0.00000000000000E+00  0.00000000000000E+00  0.98383006543435E+04  0.00000000000000E+00 -0.99529349243200E+04
  -0.12769173609347E+06  0.16632319795092E+05 -0.54210290838464E+04 -0.12804817145088E+05  0.20058158355741E+04 -0.28565852731352E+04 -0.25349466493690E+04 -0.60609445802929E+05  0.11456891554121E+05  0.27373796920204E+04 -0.49041290184895E+03 -0.11599155073343E+04 -0.17234333805277E+03  0.67688846897692E-01 -0.25181937258046E+04  0.45591335917446E+03 -0.22359618086551E+04 -0.15769401278164E+04  0.34953090190691E+05  0.00000000000000E+00  0.00000000000000E+00 -0.50295718819973E+02 -0.15780962701711E+03  0.24112682538279E+03  0.00000000000000E+00  0.00000000000000E+00  0.00000000000000E+00  0.11634922412577E+06  0.00000000000000E+00  0.00000000000000E+00  0.00000000000000E+00  0.00000000000000E+00  0.00000000000000E+00  0.00000000000000E+00  0.00000000000000E+00  0.00000000000000E+00  0.00000000000000E+00  0.00000000000000E+00  0.00000000000000E+00  0.00000000000000E+00  0.00000000000000E+00  0.00000000000000E+00  0.00000000000000E+00
  -0.54422329778295E+05  0.82431325678520E+04 -0.23199179117414E+04 -0.21282883156151E+05  0.33843510087323E+04 -0.44100192408270E+04 -0.39880423346886E+04 -0.48774079942469E+05  0.10858910040583E+05  0.18959177363858E+04 -0.37032021501081E+03 -0.63299445880332E-02 -0.15786482573872E-02  0.30347794848692E-05 -0.16630037277041E+04  0.28656372209773E+03 -0.14563597789273E+04 -0.99558502210924E+03  0.77653830717542E+05 -0.64265757886107E+02 -0.12629913508383E+05 -0.17091973408316E+04 -0.45209492006368E+04 -0.14250282752038E+05 -0.53860981349398E+03 -0.17121737213095E+04 -0.97823924204940E+04  0.00000000000000E+00  0.64610785853205E+05  0.00000000000000E+00  0.00000000000000E+00  0.00000000000000E+00  0.00000000000000E+00  0.00000000000000E+00  0.00000000000000E+00  0.00000000000000E+00  0.00000000000000E+00  0.00000000000000E+00  0.00000000000000E+00  0.00000000000000E+00  0.00000000000000E+00  0.00000000000000E+00  0.00000000000000E+00
  -0.44861137241418E+04 -0.23360434268788E+03  0.46125919811289E+02 -0.55018689375451E+02 -0.57125108678907E+02  0.16075980613969E+03  0.14031664453012E+03 -0.66842096829349E+05  0.24088505562421E+05  0.72711179075276E+03 -0.34289623118432E+03 -0.73192854527958E+03 -0.28667228580230E+02 -0.58405626051207E+01 -0.24568540731980E+04  0.27964945297738E+03 -0.22607476185718E+04 -0.11402954231422E+04 -0.12321803948084E+04  0.00000000000000E+00  0.00000000000000E+00  0.34703412957525E+01 -0.31483365192797E+02 -0.52589963601594E+01  0.00000000000000E+00  0.00000000000000E+00  0.00000000000000E+00  0.00000000000000E+00  0.00000000000000E+00  0.30689658639713E+05  0.00000000000000E+00  0.00000000000000E+00  0.00000000000000E+00  0.00000000000000E+00  0.00000000000000E+00  0.00000000000000E+00  0.00000000000000E+00  0.00000000000000E+00  0.00000000000000E+00  0.00000000000000E+00  0.00000000000000E+00  0.00000000000000E+00  0.00000000000000E+00
  -0.84074701269328E+06  0.20916939944928E+06 -0.37880471586402E+05 -0.65844968698413E+05  0.11936667304866E+05 -0.89283258866707E+04 -0.10185625737082E+05 -0.28182598625474E+06  0.65642934820814E+05  0.10963139725164E+05 -0.20993960733204E+04 -0.51523634596600E+04 -0.61110634282789E+03 -0.71945744653603E+00  0.20285536451955E+04 -0.17273046179267E+03  0.19289163623958E+04  0.91677543590690E+03  0.57828751915397E+06  0.00000000000000E+00  0.00000000000000E+00  0.40770001411983E+03 -0.64187640770669E+04  0.36962680245134E+05  0.00000000000000E+00  0.00000000000000E+00  0.00000000000000E+00  0.00000000000000E+00  0.00000000000000E+00  0.00000000000000E+00  0.57766005963708E+06  0.00000000000000E+00  0.00000000000000E+00  0.00000000000000E+00  0.00000000000000E+00  0.00000000000000E+00  0.00000000000000E+00  0.00000000000000E+00  0.00000000000000E+00  0.00000000000000E+00  0.00000000000000E+00  0.00000000000000E+00  0.00000000000000E+00
  -0.10942308945211E+07  0.26378476408570E+06 -0.49410822978239E+05 -0.34417349114157E+06  0.63343516442418E+05 -0.44830084179240E+05 -0.53627855037636E+05 -0.55889008027088E+06  0.12602785879733E+06  0.22913333509268E+05 -0.42166259946622E+04 -0.20649338270319E+01 -0.37848978759060E+00  0.12152671849095E-03  0.42595069860101E+04 -0.48654882262052E+03  0.39856939425987E+04  0.21935859878340E+04  0.28343533472379E+07 -0.47372067517856E+03 -0.32052420713946E+06 -0.35733378137556E+05 -0.10111029124042E+06 -0.26523863373890E+06 -0.11543173578091E+05 -0.39923857684709E+05 -0.18669009856665E+06  0.00000000000000E+00  0.00000000000000E+00  0.00000000000000E+00  0.00000000000000E+00  0.91756231656436E+06  0.00000000000000E+00  0.00000000000000E+00  0.00000000000000E+00  0.00000000000000E+00  0.00000000000000E+00  0.00000000000000E+00  0.00000000000000E+00  0.00000000000000E+00  0.00000000000000E+00  0.00000000000000E+00  0.00000000000000E+00
  -0.20614792784278E+05  0.58025788755489E+04 -0.97270946686721E+03 -0.13989669951180E+04  0.33464543767425E+03  0.20071322677365E+01 -0.16865256305524E+03 -0.72477808703510E+05  0.23108488878178E+05  0.15238973277286E+04 -0.44563545730805E+03 -0.24289680040693E+04 -0.15264672116921E+03 -0.31639771588169E+01 -0.15067420378659E+04  0.15245451337709E+03 -0.11627902615331E+04 -0.58824200418699E+03  0.17950233035882E+05  0.00000000000000E+00  0.00000000000000E+00  0.00000000000000E+00  0.00000000000000E+00  0.00000000000000E+00  0.00000000000000E+00  0.00000000000000E+00  0.00000000000000E+00  0.00000000000000E+00  0.00000000000000E+00  0.00000000000000E+00  0.00000000000000E+00  0.00000000000000E+00  0.14682592947051E+05  0.00000000000000E+00  0.00000000000000E+00  0.00000000000000E+00  0.00000000000000E+00  0.00000000000000E+00  0.00000000000000E+00  0.00000000000000E+00  0.00000000000000E+00  0.00000000000000E+00  0.00000000000000E+00
  -0.46525722778453E+05  0.13252497538826E+05 -0.22051652189014E+04 -0.24855763664514E+04  0.57641720876768E+03 -0.23768356927749E+02 -0.28962972024354E+03 -0.16237443782694E+06  0.51860637559751E+05  0.33468172228436E+04 -0.99872049878604E+03 -0.75506973803058E+02 -0.19984714736621E+02 -0.14106682232285E-04 -0.29527729042852E+04  0.29799607658394E+03 -0.22853415114412E+04 -0.11575956901949E+04  0.32357808655525E+05  0.16001052475221E+01  0.31964862785500E+04  0.14959944661664E+01  0.39431426839494E+01  0.12674782268050E+02  0.46804650235876E+00  0.14818146563690E+01  0.86980976979946E+01  0.00000000000000E+00  0.00000000000000E+00  0.00000000000000E+00  0.00000000000000E+00  0.00000000000000E+00  0.00000000000000E+00  0.31811265416105E+05  0.00000000000000E+00  0.00000000000000E+00  0.00000000000000E+00  0.00000000000000E+00  0.00000000000000E+00  0.00000000000000E+00  0.00000000000000E+00  0.00000000000000E+00  0.00000000000000E+00
  -0.30924959485358E+04  0.42118170273118E+03 -0.11605236058451E+03 -0.73339784629265E+02  0.94474087595972E+01 -0.19755522359946E+02 -0.13847672582534E+02 -0.13341883272914E+04  0.18058198936242E+03  0.43115516093427E+02 -0.11258734998413E+02 -0.80916611625853E+02 -0.65717050292266E+01 -0.13365140342326E+00 -0.71125475689938E+03  0.76895164810413E+02 -0.54522096507159E+03 -0.29981456792613E+03  0.23232139802410E+03  0.00000000000000E+00  0.00000000000000E+00  0.00000000000000E+00  0.00000000000000E+00  0.00000000000000E+00  0.00000000000000E+00  0.00000000000000E+00  0.00000000000000E+00  0.00000000000000E+00  0.00000000000000E+00  0.00000000000000E+00  0.00000000000000E+00  0.00000000000000E+00  0.00000000000000E+00  0.00000000000000E+00  0.37861814707750E+04  0.00000000000000E+00  0.00000000000000E+00  0.00000000000000E+00  0.00000000000000E+00  0.00000000000000E+00  0.00000000000000E+00  0.00000000000000E+00  0.00000000000000E+00
  -0.19921135171642E+06  0.63518760665988E+05 -0.96113586080517E+04 -0.11787217889441E+05  0.29743718182844E+04  0.37731545614107E+03 -0.10659866857851E+04 -0.57220566929580E+04  0.60120946469715E+03  0.58242631321506E+03 -0.50388830271349E+02 -0.24087584431862E+00 -0.17238620459295E+00  0.14492304190601E-12  0.19855363678518E+03 -0.52920959240115E+02  0.59149345942258E+02  0.82512795335565E+02  0.18821953061460E+06  0.00000000000000E+00  0.00000000000000E+00  0.21169234633627E+04  0.29773651557793E+04  0.15959304875753E+05  0.00000000000000E+00  0.00000000000000E+00  0.00000000000000E+00  0.00000000000000E+00  0.00000000000000E+00  0.00000000000000E+00  0.00000000000000E+00  0.00000000000000E+00  0.00000000000000E+00  0.00000000000000E+00  0.00000000000000E+00  0.10588915626758E+06  0.00000000000000E+00  0.00000000000000E+00  0.00000000000000E+00  0.00000000000000E+00  0.00000000000000E+00  0.00000000000000E+00  0.00000000000000E+00
  -0.22530529617702E+06  0.71005999526672E+05 -0.10823069005380E+05 -0.53510698291952E+05  0.13222608140660E+05  0.11770311217469E+04 -0.50449162274147E+04 -0.11154143323813E+05  0.12091917313380E+04  0.10975249131926E+04 -0.97990877261929E+02  0.12036508089578E-02  0.92202349390395E-03 -0.52219232236138E-12  0.35607749692531E+03 -0.93620557270478E+02  0.11550756651133E+03  0.15283341306590E+03  0.82701348847951E+06  0.40120937642345E+02 -0.67759583099289E+05 -0.50593751479996E+04 -0.15691871936900E+05 -0.44530138753382E+05 -0.13292161029228E+04 -0.55618522630307E+04 -0.33096580919157E+05  0.00000000000000E+00  0.00000000000000E+00  0.00000000000000E+00  0.00000000000000E+00  0.00000000000000E+00  0.00000000000000E+00  0.00000000000000E+00  0.00000000000000E+00  0.00000000000000E+00  0.13839628662595E+06  0.00000000000000E+00  0.00000000000000E+00  0.00000000000000E+00  0.00000000000000E+00  0.00000000000000E+00  0.00000000000000E+00
