 Correlated errors added in quadrature with statistical errors
 jl00106F2p           DIS data with   1.69< Q2 < 0.500D+03 and 0.000 < xB < 1.000 and   3.00< W2 < 0.100D+04 and 0.000 < y < 1.000
   GP TMC applied
   HT corrections, multiplicative C=C(xB)
 Correlated errors added in quadrature with statistical errors
 jl00106F2d           DIS data with   1.69< Q2 < 0.500D+03 and 0.000 < xB < 1.000 and   3.00< W2 < 0.100D+04 and 0.000 < y < 1.000
   WBArel smearing  (AV18) - KP-like (baryon conserv.)0 nuke corrections
   GP TMC applied
   HT corrections, multiplicative C=C(xB)
 Correlated errors added in quadrature with statistical errors
 HerF2pCut            DIS data with   1.69< Q2 < 0.500D+03 and 0.000 < xB < 1.000 and   3.00< W2 < 0.100D+04 and 0.000 < y < 1.000
   GP TMC applied
   HT corrections, multiplicative C=C(xB)
 Correlated errors added in quadrature with statistical errors
 HerF2dCut            DIS data with   1.69< Q2 < 0.500D+03 and 0.000 < xB < 1.000 and   3.00< W2 < 0.100D+04 and 0.000 < y < 1.000
   WBArel smearing  (AV18) - KP-like (baryon conserv.)0 nuke corrections
   GP TMC applied
   HT corrections, multiplicative C=C(xB)
 Correlated errors added in quadrature with statistical errors
 slac_p               DIS data with   1.69< Q2 < 0.500D+03 and 0.000 < xB < 1.000 and   3.00< W2 < 0.100D+04 and 0.000 < y < 1.000
   GP TMC applied
   HT corrections, multiplicative C=C(xB)
 Correlated errors added in quadrature with statistical errors
 slac_d               DIS data with   1.69< Q2 < 0.500D+03 and 0.000 < xB < 1.000 and   3.00< W2 < 0.100D+04 and 0.000 < y < 1.000
   WBArel smearing  (AV18) - KP-like (baryon conserv.)0 nuke corrections
   GP TMC applied
   HT corrections, multiplicative C=C(xB)
 Correlated errors treated separately from statistical errors
 BcdF2pCor            DIS data with   1.69< Q2 < 0.500D+03 and 0.000 < xB < 1.000 and   3.00< W2 < 0.100D+04 and 0.000 < y < 1.000
   GP TMC applied
   HT corrections, multiplicative C=C(xB)
 Correlated errors treated separately from statistical errors
 BcdF2dCor            DIS data with   1.69< Q2 < 0.500D+03 and 0.000 < xB < 1.000 and   3.00< W2 < 0.100D+04 and 0.000 < y < 1.000
   WBArel smearing  (AV18) - KP-like (baryon conserv.)0 nuke corrections
   GP TMC applied
   HT corrections, multiplicative C=C(xB)
 Correlated errors treated separately from statistical errors
 NmcF2pCor            DIS data with   1.69< Q2 < 0.500D+03 and 0.000 < xB < 1.000 and   3.00< W2 < 0.100D+04 and 0.000 < y < 1.000
   GP TMC applied
   HT corrections, multiplicative C=C(xB)
 Correlated errors treated separately from statistical errors
 NmcRatCor            DIS data with   1.69< Q2 < 0.500D+03 and 0.000 < xB < 1.000 and   3.00< W2 < 0.100D+04 and 0.000 < y < 1.000
   WBArel smearing  (AV18) - KP-like (baryon conserv.)0 nuke corrections
   GP TMC applied
   HT corrections, multiplicative C=C(xB)
 Correlated errors treated separately from statistical errors
 H2_NC_em             DIS data with   1.69< Q2 < 0.100D+06 and 0.000 < xB < 1.000 and   3.00< W2 < 0.100D+08 and 0.000 < y < 1.000
   GP TMC applied
   HT corrections, multiplicative C=C(xB)
 Correlated errors treated separately from statistical errors
 H2_NC_ep_1           DIS data with   1.69< Q2 < 0.100D+06 and 0.000 < xB < 1.000 and   3.00< W2 < 0.100D+08 and 0.000 < y < 1.000
   GP TMC applied
   HT corrections, multiplicative C=C(xB)
 Correlated errors treated separately from statistical errors
 H2_NC_ep_2           DIS data with   1.69< Q2 < 0.100D+06 and 0.000 < xB < 1.000 and   3.00< W2 < 0.100D+08 and 0.000 < y < 1.000
   GP TMC applied
   HT corrections, multiplicative C=C(xB)
 Correlated errors treated separately from statistical errors
 H2_NC_ep_3           DIS data with   1.69< Q2 < 0.100D+06 and 0.000 < xB < 1.000 and   3.00< W2 < 0.100D+08 and 0.000 < y < 1.000
   GP TMC applied
   HT corrections, multiplicative C=C(xB)
 Correlated errors treated separately from statistical errors
 H2_NC_ep_4           DIS data with   1.69< Q2 < 0.100D+06 and 0.000 < xB < 1.000 and   3.00< W2 < 0.100D+08 and 0.000 < y < 1.000
   GP TMC applied
   HT corrections, multiplicative C=C(xB)
 Correlated errors treated separately from statistical errors
 H2_CC_em             DIS data with   1.69< Q2 < 0.100D+06 and 0.000 < xB < 1.000 and   3.00< W2 < 0.100D+08 and 0.000 < y < 1.000
   GP TMC applied
   HT corrections, multiplicative C=C(xB)
 Correlated errors treated separately from statistical errors
 H2_CC_ep             DIS data with   1.69< Q2 < 0.100D+06 and 0.000 < xB < 1.000 and   3.00< W2 < 0.100D+08 and 0.000 < y < 1.000
   GP TMC applied
   HT corrections, multiplicative C=C(xB)
 Correlated errors added in quadrature with statistical errors
 BNS_F2nd             DIS data with   1.69< Q2 < 0.100D+06 and 0.000 < xB < 1.000 and   3.00< W2 < 0.100D+08 and 0.000 < y < 1.000
   WBArel smearing  (AV18) - KP-like (baryon conserv.)0 nuke corrections
   GP TMC applied
   HT corrections, multiplicative C=C(xB)
 Correlated errors added in quadrature with statistical errors
 e866pp06xf           vector boson data with Q2 >=  36.00
 Correlated errors added in quadrature with statistical errors
 e866pd06xf           vector boson data with Q2 >=  36.00
 Correlated errors added in quadrature with statistical errors
 cdfLasy05            vector boson data with Q2 >=   0.00
 Correlated errors added in quadrature with statistical errors
 d0Lasy_e15           vector boson data with Q2 >=   0.00
 Correlated errors added in quadrature with statistical errors
 d0Lasy13             vector boson data with Q2 >=   0.00
 Correlated errors added in quadrature with statistical errors
 CDF_Wasy             vector boson data with Q2 >=   0.00
 Correlated errors added in quadrature with statistical errors
 D0_Wasy              vector boson data with Q2 >=   0.00
 Correlated errors added in quadrature with statistical errors
 CDF_Z                vector boson data with Q2 >=   0.00
 Correlated errors added in quadrature with statistical errors
 D0_Z                 vector boson data with Q2 >=   0.00
 Correlated errors added in quadrature with statistical errors
 d0run2cone          Jet data - errors added in quadrature
 Correlated errors added in quadrature with statistical errors
 CDFrun2jet          Jet data - errors added in quadrature
 Correlated errors added in quadrature with statistical errors
 d0_gamjet1           Photon data -- cuts to be written yet ...
 Correlated errors added in quadrature with statistical errors
 d0_gamjet2           Photon data -- cuts to be written yet ...
 Correlated errors added in quadrature with statistical errors
 d0_gamjet3           Photon data -- cuts to be written yet ...
 Correlated errors added in quadrature with statistical errors
 d0_gamjet4           Photon data -- cuts to be written yet ...

# fitpack15: fit output
# CJ15 AV18 final data choices                                                 

Parametrization   7 used here

 S-ACOT scheme used  for NC DIS

 charm mass =     1.30 GeV     bottom mass =     4.50 GeV



 THIS IS A NEXT TO LEADING ORDER FIT

 Q02=    1.69
         1  LAMBDA      VALUE=   0.22680      WEIGHT=    0.0000    
         2  a0uv        VALUE=    2.4078      WEIGHT=    0.0000    
         3  a1uv        VALUE=   0.61538      WEIGHT=   0.20094E-01
         4  a2uv        VALUE=    3.5464      WEIGHT=   0.13055E-01
         5  a3uv        VALUE=    0.0000      WEIGHT=    0.0000    
         6  a4uv        VALUE=    3.4628      WEIGHT=   0.43661    
         7  a5uv        VALUE=    0.0000      WEIGHT=    0.0000    
         8  a0dv        VALUE=    25.006      WEIGHT=    0.0000    
         9  a1dv        VALUE=    1.1618      WEIGHT=   0.34654E-01
        10  a2dv        VALUE=    6.5524      WEIGHT=   0.16245    
        11  a3dv        VALUE=   -3.5090      WEIGHT=   0.88887E-01
        12  a4dv        VALUE=    4.6704      WEIGHT=   0.14600    
        13  a5dv        VALUE=    0.0000      WEIGHT=    0.0000    
        14  a0ud        VALUE=   0.14691      WEIGHT=   0.50606E-02
        15  a1ud        VALUE=  -0.20734      WEIGHT=   0.37697E-02
        16  a2ud        VALUE=    8.3313      WEIGHT=   0.19375    
        17  a3ud        VALUE=    0.0000      WEIGHT=    0.0000    
        18  a4ud        VALUE=    14.605      WEIGHT=    1.2744    
        19  a5ud        VALUE=    0.0000      WEIGHT=    0.0000    
        20  a0du        VALUE=    35712.      WEIGHT=    0.0000    
        21  a1du        VALUE=    4.0014      WEIGHT=   0.78893E-01
        22  a2du        VALUE=    20.150      WEIGHT=   0.91058    
        23  a3du        VALUE=    17.000      WEIGHT=    0.0000    
        24  a4du        VALUE=    51.146      WEIGHT=    11.684    
        25  a0g         VALUE=    44.198      WEIGHT=    0.0000    
        26  a1g         VALUE=   0.59641      WEIGHT=   0.31053E-01
        27  a2g         VALUE=    6.4815      WEIGHT=   0.97424    
        28  a3g         VALUE=   -3.2989      WEIGHT=   0.13701    
        29  a4g         VALUE=    3.1762      WEIGHT=   0.31652    
        30  a5g         VALUE=    0.0000      WEIGHT=    0.0000    
        31  kappa       VALUE=   0.40000      WEIGHT=    0.0000    
        32  a6dv        VALUE=  -0.35881E-02  WEIGHT=   0.69382E-03
        33  a7dv        VALUE=    2.0000      WEIGHT=    0.0000    
        34  off1        VALUE=   -3.6856      WEIGHT=    1.8283    
        35  off2        VALUE=   0.67990E-01  WEIGHT=   0.70238E-01
        36  ht1         VALUE=   -3.2879      WEIGHT=   0.30201    
        37  ht2         VALUE=    1.9233      WEIGHT=   0.11458    
        38  ht3         VALUE=   -2.0879      WEIGHT=   0.35646E-01
        39  ht4         VALUE=    0.0000      WEIGHT=    0.0000    
        40  ht1n        VALUE=   -3.2847      WEIGHT=   0.96530    
        41  ht2n        VALUE=    1.9307      WEIGHT=   0.30490    
        42  ht3n        VALUE=   -2.0486      WEIGHT=   0.51943E-01
        43  ht4n        VALUE=    0.0000      WEIGHT=    0.0000    
        44  dummy44     VALUE=    0.0000      WEIGHT=    0.0000    
        45  dummy45     VALUE=    0.0000      WEIGHT=    0.0000    
        46  dummy46     VALUE=    0.0000      WEIGHT=    0.0000    
        47  dummy47     VALUE=    0.0000      WEIGHT=    0.0000    
        48  dummy48     VALUE=    0.0000      WEIGHT=    0.0000    
        49  dummy49     VALUE=    0.0000      WEIGHT=    0.0000    
        50  bcdmsh2     VALUE=   0.97308      WEIGHT=   0.48387E-02
        51  bcdmsd2     VALUE=   0.99316      WEIGHT=   0.58557E-02
        52  ccfr        VALUE=    1.0000      WEIGHT=    0.0000    
        53  nutev       VALUE=    1.0000      WEIGHT=    0.0000    
        54  zeus        VALUE=   0.97998      WEIGHT=    0.0000    
        55  h1          VALUE=    1.0162      WEIGHT=    0.0000    
        56  e605        VALUE=    1.0319      WEIGHT=    0.0000    
        57  NmcH2       VALUE=    1.0095      WEIGHT=   0.71283E-02
        58  ntv_nu      VALUE=    1.0000      WEIGHT=    0.0000    
        59  ntv_nubar   VALUE=    1.0000      WEIGHT=    0.0000    
        60  cdf_jet     VALUE=   0.98910      WEIGHT=    0.0000    
        61  d0_jet      VALUE=   0.83504      WEIGHT=    0.0000    
        62  slac_p      VALUE=    1.0049      WEIGHT=   0.50059E-02
        63  slac_d      VALUE=    1.0042      WEIGHT=   0.53243E-02
        64  e866pp      VALUE=   0.96583      WEIGHT=   0.19318E-01
        65  e866pd      VALUE=   0.96371      WEIGHT=   0.16662E-01
        66  d0_gamjet   VALUE=    1.0389      WEIGHT=   0.16515E-01
        67  h1b         VALUE=   0.97608      WEIGHT=    0.0000    
        68  jlab_p      VALUE=   0.99444      WEIGHT=   0.61930E-02
        69  jlab_d      VALUE=   0.97554      WEIGHT=   0.60063E-02
        70  blank       VALUE=    1.0000      WEIGHT=    0.0000    
        71  d0run2      VALUE=   0.94085      WEIGHT=   0.14371E-01
        72  cdfrun2     VALUE=   0.92648      WEIGHT=   0.17345E-01
        73  HERA_el     VALUE=    1.0000      WEIGHT=    0.0000    
        74  HERA_ps     VALUE=    1.0000      WEIGHT=    0.0000    
        75  CDF_Z       VALUE=   0.96582      WEIGHT=   0.68068E-02
        76  NmcRat      VALUE=    1.0000      WEIGHT=    0.0000    
        77  BNS_F2nd    VALUE=   0.98315      WEIGHT=   0.11560E-01
        78  HERMES_F2p  VALUE=   0.99833      WEIGHT=   0.56545E-02
        79  HERMES_F2d  VALUE=   0.98039      WEIGHT=   0.58335E-02
0THE TOLERANCE IS    0.1000
 THE MAXIMUM NUMBER OF STEPS IS 100
0THE INITIAL CHI SQUARED IS  4.71800E+03
0  STEP  CHI SQUARED    PARAMETER      VALUE         ERROR
 ------------------------------------------------------------
     1    4.70758E+03
                       1  LAMBDA     2.2680E-01       FIX 
                       2  a0uv       2.3337E+00       FIX 
                       3  a1uv       6.0842E-01           
                       4  a2uv       3.5453E+00           
                       5  a3uv       0.0000E+00       FIX 
                       6  a4uv       3.6167E+00           
                       7  a5uv       0.0000E+00       FIX 
                       8  a0dv       2.5478E+01       FIX 
                       9  a1dv       1.1658E+00           
                      10  a2dv       6.5791E+00           
                      11  a3dv      -3.5197E+00           
                      12  a4dv       4.6833E+00           
                      13  a5dv       0.0000E+00       FIX 
                      14  a0ud       1.4641E-01           
                      15  a1ud      -2.0792E-01           
                      16  a2ud       8.2928E+00           
                      17  a3ud       0.0000E+00       FIX 
                      18  a4ud       1.4425E+01           
                      19  a5ud       0.0000E+00       FIX 
                      20  a0du       3.5712E+04       FIX 
                      21  a1du       4.0576E+00           
                      22  a2du       1.9985E+01           
                      23  a3du       1.7000E+01       FIX 
                      24  a4du       5.3891E+01           
                      25  a0g        4.6950E+01       FIX 
                      26  a1g        6.1028E-01           
                      27  a2g        6.8570E+00           
                      28  a3g       -3.3179E+00           
                      29  a4g        3.2721E+00           
                      30  a5g        0.0000E+00       FIX 
                      31  kappa      4.0000E-01       FIX 
                      32  a6dv      -3.5247E-03           
                      33  a7dv       2.0000E+00       FIX 
                      34  off1      -3.0232E+00           
                      35  off2       6.5838E-02           
                      36  ht1       -3.3883E+00           
                      37  ht2        1.9964E+00           
                      38  ht3       -2.0571E+00           
                      39  ht4        0.0000E+00       FIX 
                      40  ht1n      -3.8185E+00           
                      41  ht2n       2.0396E+00           
                      42  ht3n      -2.0832E+00           
                      43  ht4n       0.0000E+00       FIX 
                      44  dummy44    0.0000E+00       FIX 
                      45  dummy45    0.0000E+00       FIX 
                      46  dummy46    0.0000E+00       FIX 
                      47  dummy47    0.0000E+00       FIX 
                      48  dummy48    0.0000E+00       FIX 
                      49  dummy49    0.0000E+00       FIX 
                      50  bcdmsh2    9.7264E-01           
                      51  bcdmsd2    9.9315E-01           
                      52  ccfr       1.0000E+00       FIX 
                      53  nutev      1.0000E+00       FIX 
                      54  zeus       9.7998E-01       FIX 
                      55  h1         1.0162E+00       FIX 
                      56  e605       1.0319E+00       FIX 
                      57  NmcH2      1.0087E+00           
                      58  ntv_nu     1.0000E+00       FIX 
                      59  ntv_nuba   1.0000E+00       FIX 
                      60  cdf_jet    9.8910E-01       FIX 
                      61  d0_jet     8.3504E-01       FIX 
                      62  slac_p     1.0046E+00           
                      63  slac_d     1.0040E+00           
                      64  e866pp     9.6834E-01           
                      65  e866pd     9.6287E-01           
                      66  d0_gamje   1.0392E+00           
                      67  h1b        9.7608E-01       FIX 
                      68  jlab_p     9.9317E-01           
                      69  jlab_d     9.7642E-01           
                      70  blank      1.0000E+00       FIX 
                      71  d0run2     9.4121E-01           
                      72  cdfrun2    9.2755E-01           
                      73  HERA_el    1.0000E+00       FIX 
                      74  HERA_ps    1.0000E+00       FIX 
                      75  CDF_Z      9.6395E-01           
                      76  NmcRat     1.0000E+00       FIX 
                      77  BNS_F2nd   9.8100E-01           
                      78  HERMES_F   9.9822E-01           
                      79  HERMES_F   9.8019E-01           
 ------------------------------------------------------------
     2    4.70444E+03
                       1  LAMBDA     2.2680E-01       FIX 
                       2  a0uv       2.2737E+00       FIX 
                       3  a1uv       6.0249E-01           
                       4  a2uv       3.5471E+00           
                       5  a3uv       0.0000E+00       FIX 
                       6  a4uv       3.7495E+00           
                       7  a5uv       0.0000E+00       FIX 
                       8  a0dv       2.5557E+01       FIX 
                       9  a1dv       1.1661E+00           
                      10  a2dv       6.5870E+00           
                      11  a3dv      -3.5270E+00           
                      12  a4dv       4.6971E+00           
                      13  a5dv       0.0000E+00       FIX 
                      14  a0ud       1.4612E-01           
                      15  a1ud      -2.0811E-01           
                      16  a2ud       8.3056E+00           
                      17  a3ud       0.0000E+00       FIX 
                      18  a4ud       1.4580E+01           
                      19  a5ud       0.0000E+00       FIX 
                      20  a0du       3.5712E+04       FIX 
                      21  a1du       4.0513E+00           
                      22  a2du       1.9917E+01           
                      23  a3du       1.7000E+01       FIX 
                      24  a4du       5.0459E+01           
                      25  a0g        4.7640E+01       FIX 
                      26  a1g        6.1202E-01           
                      27  a2g        6.9329E+00           
                      28  a3g       -3.3440E+00           
                      29  a4g        3.3340E+00           
                      30  a5g        0.0000E+00       FIX 
                      31  kappa      4.0000E-01       FIX 
                      32  a6dv      -3.5549E-03           
                      33  a7dv       2.0000E+00       FIX 
                      34  off1      -2.9123E+00           
                      35  off2       6.7043E-02           
                      36  ht1       -3.4683E+00           
                      37  ht2        2.0315E+00           
                      38  ht3       -2.0464E+00           
                      39  ht4        0.0000E+00       FIX 
                      40  ht1n      -3.7976E+00           
                      41  ht2n       2.0089E+00           
                      42  ht3n      -2.0999E+00           
                      43  ht4n       0.0000E+00       FIX 
                      44  dummy44    0.0000E+00       FIX 
                      45  dummy45    0.0000E+00       FIX 
                      46  dummy46    0.0000E+00       FIX 
                      47  dummy47    0.0000E+00       FIX 
                      48  dummy48    0.0000E+00       FIX 
                      49  dummy49    0.0000E+00       FIX 
                      50  bcdmsh2    9.7225E-01           
                      51  bcdmsd2    9.9217E-01           
                      52  ccfr       1.0000E+00       FIX 
                      53  nutev      1.0000E+00       FIX 
                      54  zeus       9.7998E-01       FIX 
                      55  h1         1.0162E+00       FIX 
                      56  e605       1.0319E+00       FIX 
                      57  NmcH2      1.0081E+00           
                      58  ntv_nu     1.0000E+00       FIX 
                      59  ntv_nuba   1.0000E+00       FIX 
                      60  cdf_jet    9.8910E-01       FIX 
                      61  d0_jet     8.3504E-01       FIX 
                      62  slac_p     1.0042E+00           
                      63  slac_d     1.0034E+00           
                      64  e866pp     9.6874E-01           
                      65  e866pd     9.6410E-01           
                      66  d0_gamje   1.0384E+00           
                      67  h1b        9.7608E-01       FIX 
                      68  jlab_p     9.9226E-01           
                      69  jlab_d     9.7607E-01           
                      70  blank      1.0000E+00       FIX 
                      71  d0run2     9.4053E-01           
                      72  cdfrun2    9.2730E-01           
                      73  HERA_el    1.0000E+00       FIX 
                      74  HERA_ps    1.0000E+00       FIX 
                      75  CDF_Z      9.6392E-01           
                      76  NmcRat     1.0000E+00       FIX 
                      77  BNS_F2nd   9.8399E-01           
                      78  HERMES_F   9.9789E-01           
                      79  HERMES_F   9.7959E-01           
 ------------------------------------------------------------
     3    4.70374E+03
                       1  LAMBDA     2.2680E-01       FIX 
                       2  a0uv       2.2258E+00       FIX 
                       3  a1uv       5.9766E-01           
                       4  a2uv       3.5488E+00           
                       5  a3uv       0.0000E+00       FIX 
                       6  a4uv       3.8597E+00           
                       7  a5uv       0.0000E+00       FIX 
                       8  a0dv       2.5542E+01       FIX 
                       9  a1dv       1.1651E+00           
                      10  a2dv       6.5951E+00           
                      11  a3dv      -3.5342E+00           
                      12  a4dv       4.7126E+00           
                      13  a5dv       0.0000E+00       FIX 
                      14  a0ud       1.4545E-01           
                      15  a1ud      -2.0856E-01           
                      16  a2ud       8.3204E+00           
                      17  a3ud       0.0000E+00       FIX 
                      18  a4ud       1.4738E+01           
                      19  a5ud       0.0000E+00       FIX 
                      20  a0du       3.5712E+04       FIX 
                      21  a1du       4.0606E+00           
                      22  a2du       1.9887E+01           
                      23  a3du       1.7000E+01       FIX 
                      24  a4du       5.2066E+01           
                      25  a0g        4.8025E+01       FIX 
                      26  a1g        6.1308E-01           
                      27  a2g        6.9519E+00           
                      28  a3g       -3.3607E+00           
                      29  a4g        3.3699E+00           
                      30  a5g        0.0000E+00       FIX 
                      31  kappa      4.0000E-01       FIX 
                      32  a6dv      -3.6082E-03           
                      33  a7dv       2.0000E+00       FIX 
                      34  off1      -2.8631E+00           
                      35  off2       6.8504E-02           
                      36  ht1       -3.4938E+00           
                      37  ht2        2.0462E+00           
                      38  ht3       -2.0456E+00           
                      39  ht4        0.0000E+00       FIX 
                      40  ht1n      -3.8100E+00           
                      41  ht2n       2.0158E+00           
                      42  ht3n      -2.1064E+00           
                      43  ht4n       0.0000E+00       FIX 
                      44  dummy44    0.0000E+00       FIX 
                      45  dummy45    0.0000E+00       FIX 
                      46  dummy46    0.0000E+00       FIX 
                      47  dummy47    0.0000E+00       FIX 
                      48  dummy48    0.0000E+00       FIX 
                      49  dummy49    0.0000E+00       FIX 
                      50  bcdmsh2    9.7190E-01           
                      51  bcdmsd2    9.9175E-01           
                      52  ccfr       1.0000E+00       FIX 
                      53  nutev      1.0000E+00       FIX 
                      54  zeus       9.7998E-01       FIX 
                      55  h1         1.0162E+00       FIX 
                      56  e605       1.0319E+00       FIX 
                      57  NmcH2      1.0078E+00           
                      58  ntv_nu     1.0000E+00       FIX 
                      59  ntv_nuba   1.0000E+00       FIX 
                      60  cdf_jet    9.8910E-01       FIX 
                      61  d0_jet     8.3504E-01       FIX 
                      62  slac_p     1.0039E+00           
                      63  slac_d     1.0030E+00           
                      64  e866pp     9.7023E-01           
                      65  e866pd     9.6464E-01           
                      66  d0_gamje   1.0381E+00           
                      67  h1b        9.7608E-01       FIX 
                      68  jlab_p     9.9192E-01           
                      69  jlab_d     9.7582E-01           
                      70  blank      1.0000E+00       FIX 
                      71  d0run2     9.4126E-01           
                      72  cdfrun2    9.2807E-01           
                      73  HERA_el    1.0000E+00       FIX 
                      74  HERA_ps    1.0000E+00       FIX 
                      75  CDF_Z      9.6309E-01           
                      76  NmcRat     1.0000E+00       FIX 
                      77  BNS_F2nd   9.8400E-01           
                      78  HERMES_F   9.9762E-01           
                      79  HERMES_F   9.7922E-01           
 ------------------------------------------------------------
     4    4.70372E+03
                       1  LAMBDA     2.2680E-01    0.0000E+00
                       2  a0uv       2.2258E+00    0.0000E+00
                       3  a1uv       5.9765E-01    2.1408E-02
                       4  a2uv       3.5488E+00    1.2601E-02
                       5  a3uv       0.0000E+00    0.0000E+00
                       6  a4uv       3.8598E+00    5.0317E-01
                       7  a5uv       0.0000E+00    0.0000E+00
                       8  a0dv       2.5544E+01    0.0000E+00
                       9  a1dv       1.1651E+00    3.3601E-02
                      10  a2dv       6.5947E+00    1.5997E-01
                      11  a3dv      -3.5343E+00    8.5453E-02
                      12  a4dv       4.7127E+00    1.4039E-01
                      13  a5dv       0.0000E+00    0.0000E+00
                      14  a0ud       1.4543E-01    5.0369E-03
                      15  a1ud      -2.0855E-01    3.7796E-03
                      16  a2ud       8.3211E+00    1.9406E-01
                      17  a3ud       0.0000E+00    0.0000E+00
                      18  a4ud       1.4735E+01    1.2601E+00
                      19  a5ud       0.0000E+00    0.0000E+00
                      20  a0du       3.5712E+04    0.0000E+00
                      21  a1du       4.0613E+00    7.9822E-02
                      22  a2du       1.9891E+01    9.1712E-01
                      23  a3du       1.7000E+01    0.0000E+00
                      24  a4du       5.2362E+01    1.1653E+01
                      25  a0g        4.8040E+01    0.0000E+00
                      26  a1g        6.1308E-01    3.3080E-02
                      27  a2g        6.9526E+00    1.0209E+00
                      28  a3g       -3.3608E+00    1.5165E-01
                      29  a4g        3.3698E+00    3.8692E-01
                      30  a5g        0.0000E+00    0.0000E+00
                      31  kappa      4.0000E-01    0.0000E+00
                      32  a6dv      -3.6201E-03    6.6075E-04
                      33  a7dv       2.0000E+00    0.0000E+00
                      34  off1      -2.9198E+00    1.7775E+00
                      35  off2       6.8689E-02    1.2789E-02
                      36  ht1       -3.4911E+00    3.3873E-01
                      37  ht2        2.0471E+00    1.2274E-01
                      38  ht3       -2.0452E+00    3.5039E-02
                      39  ht4        0.0000E+00    0.0000E+00
                      40  ht1n      -3.8037E+00    1.0785E+00
                      41  ht2n       2.0178E+00    3.4816E-01
                      42  ht3n      -2.1058E+00    6.6395E-02
                      43  ht4n       0.0000E+00    0.0000E+00
                      44  dummy44    0.0000E+00    0.0000E+00
                      45  dummy45    0.0000E+00    0.0000E+00
                      46  dummy46    0.0000E+00    0.0000E+00
                      47  dummy47    0.0000E+00    0.0000E+00
                      48  dummy48    0.0000E+00    0.0000E+00
                      49  dummy49    0.0000E+00    0.0000E+00
                      50  bcdmsh2    9.7194E-01    4.8458E-03
                      51  bcdmsd2    9.9176E-01    5.8512E-03
                      52  ccfr       1.0000E+00    0.0000E+00
                      53  nutev      1.0000E+00    0.0000E+00
                      54  zeus       9.7998E-01    0.0000E+00
                      55  h1         1.0162E+00    0.0000E+00
                      56  e605       1.0319E+00    0.0000E+00
                      57  NmcH2      1.0079E+00    7.1244E-03
                      58  ntv_nu     1.0000E+00    0.0000E+00
                      59  ntv_nuba   1.0000E+00    0.0000E+00
                      60  cdf_jet    9.8910E-01    0.0000E+00
                      61  d0_jet     8.3504E-01    0.0000E+00
                      62  slac_p     1.0039E+00    5.0196E-03
                      63  slac_d     1.0030E+00    5.2906E-03
                      64  e866pp     9.7039E-01    1.9526E-02
                      65  e866pd     9.6479E-01    1.6342E-02
                      66  d0_gamje   1.0382E+00    1.6495E-02
                      67  h1b        9.7608E-01    0.0000E+00
                      68  jlab_p     9.9198E-01    6.2729E-03
                      69  jlab_d     9.7569E-01    5.9943E-03
                      70  blank      1.0000E+00    0.0000E+00
                      71  d0run2     9.4138E-01    1.4142E-02
                      72  cdfrun2    9.2816E-01    1.7265E-02
                      73  HERA_el    1.0000E+00    0.0000E+00
                      74  HERA_ps    1.0000E+00    0.0000E+00
                      75  CDF_Z      9.6301E-01    6.6133E-03
                      76  NmcRat     1.0000E+00    0.0000E+00
                      77  BNS_F2nd   9.8409E-01    1.1992E-02
                      78  HERMES_F   9.9766E-01    5.6573E-03
                      79  HERMES_F   9.7927E-01    5.8322E-03
0 MINIMIZATION TERMINATED WITH STEP  4
  TOLERANCE CRITERION      SATISFIED
0 CHI SQUARED PER DEGREE OF FREEDOM IS  1.046E+00
   1.000 -0.385 -0.981  0.275 -0.007  0.128 -0.332  0.462  0.398 -0.335 -0.538 -0.201 -0.182  0.022  0.191  0.181  0.036  0.027  0.303 -0.099 -0.104  0.143 -0.262  0.032 -0.086  0.053  0.142  0.311  0.246  0.151  0.299  0.280 -0.405 -0.232  0.094  0.189  0.221 -0.151 -0.121  0.396  0.042  0.257  0.246
  -0.385  1.000  0.528  0.148  0.259 -0.125  0.140 -0.162 -0.152  0.378  0.302  0.169 -0.024  0.078  0.013  0.072 -0.003  0.048 -0.287 -0.135  0.035 -0.613  0.409  0.232  0.171 -0.115 -0.022  0.112  0.042  0.035 -0.003  0.038  0.151  0.054 -0.003  0.135  0.065 -0.052 -0.024 -0.027  0.022  0.053  0.044
  -0.981  0.528  1.000 -0.203  0.073 -0.152  0.340 -0.447 -0.390  0.393  0.571  0.222  0.177  0.005 -0.163 -0.137 -0.021 -0.023 -0.324  0.078  0.094 -0.224  0.300  0.029  0.101 -0.070 -0.139 -0.202 -0.166 -0.091 -0.197 -0.180  0.460  0.284 -0.081 -0.096 -0.134  0.108  0.087 -0.317 -0.033 -0.161 -0.156
   0.275  0.148 -0.203  1.000  0.828 -0.643  0.029  0.152  0.104 -0.110 -0.238  0.349 -0.136  0.264  0.317  0.214 -0.216  0.214  0.277  0.105 -0.262 -0.079  0.002  0.115 -0.304  0.266  0.180  0.275  0.223  0.117  0.255  0.230  0.057 -0.131  0.067  0.186  0.176 -0.040 -0.045  0.135 -0.074  0.241  0.226
  -0.007  0.259  0.073  0.828  1.000 -0.882  0.539 -0.078 -0.094  0.156  0.095  0.194  0.004  0.218  0.212  0.163 -0.207  0.200 -0.116  0.143 -0.113 -0.020 -0.048  0.063 -0.223  0.123  0.153  0.174  0.122  0.117  0.138  0.059  0.135 -0.001  0.027  0.096 -0.005 -0.017 -0.025  0.074 -0.084  0.147  0.101
   0.128 -0.125 -0.152 -0.643 -0.882  1.000 -0.737  0.255  0.249 -0.143 -0.238 -0.091 -0.031 -0.317 -0.164 -0.176  0.234 -0.243 -0.002 -0.021  0.134  0.012  0.019 -0.033  0.264 -0.184 -0.135 -0.079 -0.068 -0.133 -0.058 -0.023 -0.182 -0.111  0.002 -0.028  0.017 -0.008 -0.000 -0.003  0.014 -0.087 -0.075
  -0.332  0.140  0.340  0.029  0.539 -0.737  1.000 -0.398 -0.359  0.443  0.569 -0.246  0.226  0.055 -0.056  0.043 -0.061  0.076 -0.369 -0.003  0.141  0.070 -0.093 -0.029 -0.050 -0.062  0.012 -0.022 -0.022  0.117 -0.040 -0.087  0.190  0.284 -0.049 -0.038 -0.115 -0.013 -0.011  0.023  0.044 -0.004 -0.026
   0.462 -0.162 -0.447  0.152 -0.078  0.255 -0.398  1.000  0.967 -0.400 -0.778  0.051 -0.111 -0.112 -0.084 -0.033  0.178 -0.126  0.147  0.065 -0.027  0.030 -0.079  0.024 -0.071  0.062  0.044  0.225  0.192  0.150  0.209  0.213 -0.096 -0.087  0.088  0.143  0.190  0.022  0.013  0.304 -0.004  0.192  0.185
   0.398 -0.152 -0.390  0.104 -0.094  0.249 -0.359  0.967  1.000 -0.352 -0.725  0.035 -0.094 -0.116 -0.191 -0.102  0.219 -0.179  0.121  0.065 -0.012  0.031 -0.070  0.010 -0.059  0.052  0.035  0.173  0.148  0.127  0.155  0.157 -0.104 -0.095  0.075  0.104  0.142  0.038  0.024  0.243 -0.007  0.143  0.136
  -0.335  0.378  0.393 -0.110  0.156 -0.143  0.443 -0.400 -0.352  1.000  0.755 -0.306  0.416 -0.231 -0.100 -0.217 -0.151 -0.018 -0.311  0.211  0.272  0.040  0.038 -0.154  0.133 -0.136 -0.088 -0.080 -0.031  0.017 -0.041 -0.029  0.009  0.045 -0.031  0.020 -0.033  0.117  0.063 -0.054 -0.103 -0.008  0.009
  -0.538  0.302  0.571 -0.238  0.095 -0.238  0.569 -0.778 -0.725  0.755  1.000 -0.279  0.275 -0.187 -0.084 -0.147 -0.057 -0.070 -0.307  0.020  0.358  0.020 -0.010 -0.077  0.234 -0.265 -0.158 -0.023 -0.013  0.066  0.027  0.026  0.293  0.424 -0.098  0.062  0.009 -0.046 -0.060  0.044  0.050  0.050  0.056
  -0.201  0.169  0.222  0.349  0.194 -0.091 -0.246  0.051  0.035 -0.306 -0.279  1.000 -0.530  0.361  0.124  0.068 -0.106  0.109  0.149  0.000 -0.467 -0.124  0.209  0.074 -0.255  0.270  0.194 -0.010  0.021 -0.023  0.021 -0.008  0.301 -0.124  0.038  0.004 -0.003  0.070  0.055 -0.253 -0.141  0.042 -0.018
  -0.182 -0.024  0.177 -0.136  0.004 -0.031  0.226 -0.111 -0.094  0.416  0.275 -0.530  1.000  0.023 -0.159 -0.064  0.137 -0.108 -0.151  0.288 -0.013  0.227 -0.226 -0.134 -0.126  0.139  0.137  0.015  0.025  0.023  0.013  0.016  0.143  0.059  0.009  0.023  0.008 -0.037 -0.026 -0.061 -0.190 -0.020  0.021
   0.022  0.078  0.005  0.264  0.218 -0.317  0.055 -0.112 -0.116 -0.231 -0.187  0.361  0.023  1.000  0.163  0.341 -0.197  0.351  0.177 -0.206 -0.746 -0.122  0.197  0.077 -0.290  0.343  0.360  0.093  0.062  0.130  0.107  0.030  0.178 -0.122  0.080  0.061 -0.006  0.026  0.042 -0.282 -0.209  0.099  0.056
   0.191  0.013 -0.163  0.317  0.212 -0.164 -0.056 -0.084 -0.191 -0.100 -0.084  0.124 -0.159  0.163  1.000  0.715 -0.741  0.814  0.137 -0.052 -0.163 -0.076  0.102  0.071 -0.058  0.093  0.005  0.106  0.099 -0.038  0.127  0.158 -0.077 -0.101  0.045  0.089  0.127 -0.009  0.018  0.048  0.016  0.124  0.142
   0.181  0.072 -0.137  0.214  0.163 -0.176  0.043 -0.033 -0.102 -0.217 -0.147  0.068 -0.064  0.341  0.715  1.000 -0.350  0.783  0.077 -0.105 -0.336 -0.233  0.211  0.263 -0.147  0.185  0.017  0.154  0.151  0.067  0.181  0.263  0.018  0.006  0.054  0.126  0.239 -0.240 -0.109  0.063  0.066  0.172  0.224
   0.036 -0.003 -0.021 -0.216 -0.207  0.234 -0.061  0.178  0.219 -0.151 -0.057 -0.106  0.137 -0.197 -0.741 -0.350  1.000 -0.838 -0.093  0.020  0.097 -0.026 -0.160  0.172 -0.013 -0.056  0.000  0.149  0.105  0.155  0.130  0.137  0.214  0.279 -0.025  0.103  0.147 -0.353 -0.264  0.278  0.098  0.083  0.082
   0.027  0.048 -0.023  0.214  0.200 -0.243  0.076 -0.126 -0.179 -0.018 -0.070  0.109 -0.108  0.351  0.814  0.783 -0.838  1.000  0.085 -0.061 -0.285 -0.132  0.271  0.026 -0.089  0.169  0.009 -0.086 -0.040 -0.099 -0.062 -0.013 -0.169 -0.239  0.049 -0.057 -0.019  0.139  0.151 -0.242 -0.047 -0.029  0.009
   0.303 -0.287 -0.324  0.277 -0.116 -0.002 -0.369  0.147  0.121 -0.311 -0.307  0.149 -0.151  0.177  0.137  0.077 -0.093  0.085  1.000 -0.273 -0.226 -0.085  0.077  0.067 -0.294  0.347  0.093  0.089  0.115  0.030  0.098  0.206 -0.068 -0.117  0.038  0.065  0.250 -0.019 -0.012  0.038  0.034  0.094  0.163
  -0.099 -0.135  0.078  0.105  0.143 -0.021 -0.003  0.065  0.065  0.211  0.020  0.000  0.288 -0.206 -0.052 -0.105  0.020 -0.061 -0.273  1.000  0.081  0.255 -0.110 -0.174 -0.329  0.138  0.135 -0.104  0.057 -0.078 -0.013 -0.070  0.019 -0.101  0.009 -0.025 -0.015  0.084  0.052 -0.099 -0.374 -0.058 -0.042
  -0.104  0.035  0.094 -0.262 -0.113  0.134  0.141 -0.027 -0.012  0.272  0.358 -0.467 -0.013 -0.746 -0.163 -0.336  0.097 -0.285 -0.226  0.081  1.000  0.066 -0.203 -0.059  0.416 -0.433 -0.572 -0.019 -0.143 -0.006 -0.067 -0.069 -0.069  0.247 -0.091 -0.009 -0.013 -0.013 -0.040  0.335  0.391 -0.032 -0.095
   0.143 -0.613 -0.224 -0.079 -0.020  0.012  0.070  0.030  0.031  0.040  0.020 -0.124  0.227 -0.122 -0.076 -0.233 -0.026 -0.132 -0.085  0.255  0.066  1.000 -0.802 -0.455 -0.252  0.155  0.164 -0.032 -0.009  0.021  0.019 -0.053  0.043  0.038 -0.001 -0.125 -0.096  0.088  0.028  0.045 -0.159 -0.026 -0.028
  -0.262  0.409  0.300  0.002 -0.048  0.019 -0.093 -0.079 -0.070  0.038 -0.010  0.209 -0.226  0.197  0.102  0.211 -0.160  0.271  0.077 -0.110 -0.203 -0.802  1.000  0.111  0.164 -0.103 -0.095 -0.135 -0.071 -0.105  0.019  0.012 -0.086 -0.144  0.005  0.076  0.053  0.092  0.105 -0.273 -0.112  0.009 -0.027
   0.032  0.232  0.029  0.115  0.063 -0.033 -0.029  0.024  0.010 -0.154 -0.077  0.074 -0.134  0.077  0.071  0.263  0.172  0.026  0.067 -0.174 -0.059 -0.455  0.111  1.000  0.005  0.070 -0.519  0.159  0.087  0.045 -0.181  0.107  0.067  0.090  0.011 -0.269  0.100 -0.195 -0.122  0.116  0.526 -0.027  0.082
  -0.086  0.171  0.101 -0.304 -0.223  0.264 -0.050 -0.071 -0.059  0.133  0.234 -0.255 -0.126 -0.290 -0.058 -0.147 -0.013 -0.089 -0.294 -0.329  0.416 -0.252  0.164  0.005  1.000 -0.884 -0.290  0.002 -0.064  0.013  0.020 -0.064 -0.052  0.187 -0.052  0.105 -0.238  0.010 -0.008  0.166  0.172  0.032 -0.064
   0.053 -0.115 -0.070  0.266  0.123 -0.184 -0.062  0.062  0.052 -0.136 -0.265  0.270  0.139  0.343  0.093  0.185 -0.056  0.169  0.347  0.138 -0.433  0.155 -0.103  0.070 -0.884  1.000  0.086 -0.063 -0.009 -0.061 -0.124  0.104  0.000 -0.279  0.058 -0.158  0.222  0.037  0.051 -0.264  0.054 -0.112  0.065
