# fitpack15: fit parameters                                                                         
# CJ15 AV18 final data choices                                                                      
# Created on 01/16/2020 at 18:47:46                                                                 

 # QCD setup
  INS                           0
  NVL                          11
  IORD                          1
  Q02                   1.6899999999999999     
  IPARAMC                       7
  FLAVOR                4.0000000000000000     
  xmc                   1.3000000000000000     
  xmb                   4.5000000000000000     
  ncb                          12
  ihq                           1
  ias                           0

 # Theory corrections
  inuke                     10814
  itmc                          1
  iht                           1

 # fit parameters
 LAMBDA       0.22680        0.0000    
 a0uv          1.9571        0.0000    
 a1uv         0.56879       0.23535E-01
 a2uv          3.5569       0.11686E-01
 a3uv          0.0000        0.0000    
 a4uv          4.5601       0.62841    
 a5uv          0.0000        0.0000    
 a0dv          24.896        0.0000    
 a1dv          1.1558       0.33470E-01
 a2dv          6.6281       0.16031    
 a3dv         -3.5574       0.85700E-01
 a4dv          4.7910       0.14013    
 a5dv          0.0000        0.0000    
 a0ud         0.14191       0.49847E-02
 a1ud        -0.21088       0.38221E-02
 a2ud          8.4356       0.18910    
 a3ud          0.0000        0.0000    
 a4ud          15.855        1.3118    
 a5ud          0.0000        0.0000    
 a0du          35712.        0.0000    
 a1du          4.0814       0.85037E-01
 a2du          20.153       0.95579    
 a3du          17.000        0.0000    
 a4du          52.370        11.553    
 a0g           47.133        0.0000    
 a1g          0.60869       0.32235E-01
 a2g           6.7085       0.95518    
 a3g          -3.3775       0.14329    
 a4g           3.3654       0.36225    
 a5g           0.0000        0.0000    
 kappa        0.40000        0.0000    
 a6dv        -0.40043E-02   0.67770E-03
 a7dv          2.0000        0.0000    
 off1         -2.5573        1.7991    
 off2         0.60014E-01   0.15121E-02
 ht1          -3.5386       0.34323    
 ht2           2.0684       0.12451    
 ht3          -2.0503       0.35565E-01
 ht4           0.0000        0.0000    
 ht1n         -3.6487        1.0096    
 ht2n          1.9668       0.33799    
 ht3n         -2.1455       0.68027E-01
 ht4n          0.0000        0.0000    
 dummy44       0.0000        0.0000    
 dummy45       0.0000        0.0000    
 dummy46       0.0000        0.0000    
 dummy47       0.0000        0.0000    
 dummy48       0.0000        0.0000    
 dummy49       0.0000        0.0000    
 bcdmsh2      0.97001       0.48547E-02
 bcdmsd2      0.99006       0.58575E-02
 ccfr          1.0000        0.0000    
 nutev         1.0000        0.0000    
 zeus         0.97998        0.0000    
 h1            1.0162        0.0000    
 e605          1.0319        0.0000    
 NmcH2         1.0065       0.71360E-02
 ntv_nu        1.0000        0.0000    
 ntv_nubar     1.0000        0.0000    
 cdf_jet      0.98910        0.0000    
 d0_jet       0.83504        0.0000    
 slac_p        1.0017       0.50381E-02
 slac_d        1.0014       0.53207E-02
 e866pp       0.98188       0.19987E-01
 e866pd       0.97018       0.16411E-01
 d0_gamjet     1.0361       0.16485E-01
 h1b          0.97608        0.0000    
 jlab_p       0.99047       0.62867E-02
 jlab_d       0.97490       0.60355E-02
 blank         1.0000        0.0000    
 d0run2       0.94534       0.14264E-01
 cdfrun2      0.93170       0.17341E-01
 HERA_el       1.0000        0.0000    
 HERA_ps       1.0000        0.0000    
 CDF_Z        0.95942       0.66168E-02
 NmcRat        1.0000        0.0000    
 BNS_F2nd     0.98430       0.12436E-01
 HERMES_F2p   0.99571       0.56760E-02
 HERMES_F2d   0.97752       0.58519E-02
 END 0. 0.

 # Hessian matrix (Bevington alpha)
   0.51967743756243E+07 -0.13321565677910E+07  0.19553968280685E+06  0.50546977947350E+06 -0.12769888599657E+06 -0.29863583168804E+05  0.52822831773031E+05  0.98962883392371E+06 -0.18435919391041E+06 -0.50144724022919E+05  0.72840622213599E+04  0.15399453861539E+05  0.17270492373638E+04 -0.10801601256305E+03  0.98490101655233E+04 -0.21987599977853E+04  0.10825182964545E+05  0.77346833271389E+04 -0.77949592073800E+07 -0.12583825480767E+04  0.91639075759664E+07  0.32839405261074E+05  0.11774791784561E+06  0.20587950222943E+06  0.11280800161704E+05  0.44359077117829E+05  0.22860261878061E+06 -0.13220840267298E+06 -0.56040408430578E+05 -0.52639358196241E+04 -0.86894876427262E+06 -0.11259533535213E+07 -0.20975320762203E+05 -0.47549941088165E+05 -0.32090270001266E+04 -0.20498600803335E+06 -0.23093124542202E+06 -0.92157226792026E+04 -0.32544527043105E+04 -0.18066922447390E+05  0.17130635685641E+05 -0.74362777415805E+05 -0.58626807998791E+05
  -0.13321565677910E+07  0.41665039745692E+06 -0.51206590486356E+05 -0.13770535295215E+06  0.34449024797459E+05  0.10722892262377E+05 -0.11032365844115E+05 -0.12551852919896E+06  0.26466544156200E+05  0.73895435199161E+04 -0.87432947484906E+03 -0.12032118047958E+04 -0.13955657049658E+03  0.12942260260055E+02  0.64321709054548E+03 -0.53584468798088E+02  0.13514802468319E+03  0.77352554422137E+02  0.26071060818042E+07  0.51899579475761E+03 -0.26257947049196E+07 -0.63522942238097E+04 -0.26635589432427E+05 -0.52401408715862E+05 -0.25720402434810E+04 -0.11000810164940E+05 -0.62552440365609E+05  0.16786989022996E+05  0.82854227067892E+04 -0.19408242773875E+03  0.21064925790267E+06  0.26595337322253E+06  0.57458521807677E+04  0.13195200546372E+05  0.42301038032595E+03  0.63924733447299E+05  0.71504194096658E+05  0.24349740387440E+04  0.77130568631349E+03 -0.22137905006826E+04 -0.22590721599016E+04  0.86875314719720E+04  0.72964329394905E+04
   0.19553968280685E+06 -0.51206590486356E+05  0.74112516969854E+04  0.18820681000586E+05 -0.48663417686106E+04 -0.13717826786918E+04  0.19068033290145E+04  0.28081837840514E+05 -0.50817883623213E+04 -0.16675157658662E+04  0.21011256475625E+03  0.41845810239684E+03  0.53222656674634E+02 -0.41147894303983E+01 -0.27383039651219E+03 -0.85387576807589E+01 -0.12247463357367E+03 -0.14211657495532E+01 -0.30070580092051E+06 -0.49818556098366E+02  0.34843841693507E+06  0.12028115894557E+04  0.43229477336073E+04  0.76904183793770E+04  0.41716961576130E+03  0.16480457059154E+04  0.86268367782012E+04 -0.46856748644511E+04 -0.19877526070877E+04  0.18598030606564E+02 -0.31948739638248E+05 -0.41580061783479E+05 -0.80097859924232E+03 -0.18227660044510E+04 -0.10108356280251E+03 -0.79353144898936E+04 -0.89228774394475E+04 -0.34676038166291E+03 -0.12122365184106E+03 -0.65424048328618E+02  0.61201639251866E+03 -0.22260443750394E+04 -0.17964464188244E+04
   0.50546977947350E+06 -0.13770535295215E+06  0.18820681000586E+05  0.40152883115491E+06 -0.62300298913172E+05  0.73830600397769E+05  0.63748402770430E+05  0.36338728723881E+06 -0.27907600997351E+05 -0.18348067970266E+05  0.31772469245247E+04 -0.13979557771897E+04 -0.15089889137264E+03  0.56097893535588E+02  0.31075097553890E+05 -0.37959335226972E+04  0.25575072722225E+05  0.14366613733394E+05 -0.22720612501983E+07 -0.16188840595679E+03  0.25611187858818E+07  0.12177462748382E+05  0.36084960235804E+05  0.84413789401928E+05  0.38550939067633E+04  0.14150025149052E+05  0.63311753179010E+05 -0.12871624140744E+05 -0.21327306681789E+05 -0.71132730910063E+02 -0.66404944409033E+05 -0.34489473042896E+06 -0.13690994284650E+04 -0.24964416000935E+04 -0.71031898154496E+02 -0.11785905998716E+05 -0.53212875433534E+05 -0.24757727311681E+04 -0.96284131220862E+03 -0.98525172934402E+04 -0.15854120747854E+05 -0.72675238816750E+04 -0.21544384160567E+05
  -0.12769888599657E+06  0.34449024797459E+05 -0.48663417686106E+04 -0.62300298913172E+05  0.11402232151361E+05 -0.73809633561000E+04 -0.90579192142248E+04 -0.33360197829396E+05  0.50946791551680E+03  0.23591393401000E+04 -0.31652080661409E+03 -0.20294667816485E+02  0.50807990618972E+01 -0.49971375060940E+01 -0.26083324219230E+04  0.32375463818808E+03 -0.20907097331676E+04 -0.11904667731368E+04  0.48419564364056E+06  0.54373361324835E+02 -0.52480560883924E+06 -0.22462413358766E+04 -0.66782208400120E+04 -0.16129155790172E+05 -0.66873765120707E+03 -0.25135097189836E+04 -0.12386175995011E+05  0.19963149111855E+04  0.33554801550531E+04 -0.56928471826209E+02  0.11764278768416E+05  0.62445186306941E+05  0.31968662182171E+03  0.56257340569801E+03  0.89832489875247E+01  0.28894522081138E+04  0.12862832224568E+05  0.46382328693629E+03  0.17210029539390E+03  0.37331731485019E+03  0.25035477319735E+04  0.81431120592325E+03  0.25135819225091E+04
  -0.29863583168804E+05  0.10722892262377E+05 -0.13717826786918E+04  0.73830600397769E+05 -0.73809633561000E+04  0.24173123844537E+05  0.14419257614045E+05  0.11039687824838E+06 -0.10443347817627E+05 -0.45547974443127E+04  0.94610320763414E+03 -0.71291530902285E+03 -0.67100353143431E+02  0.18973890573655E+02  0.94817312987339E+04 -0.11889730353301E+04  0.79084269920086E+04  0.45070814693854E+04 -0.42822288158225E+05  0.60459838224505E+02  0.13839889359778E+06  0.13694439667067E+04  0.38761715242334E+04  0.75583332424414E+04  0.54633516085281E+03  0.17967697368951E+04  0.47903983320156E+04 -0.27198814345467E+04 -0.41726181902673E+04  0.14986087973516E+03 -0.83656826511040E+04 -0.40812819726082E+05  0.15155595220976E+02 -0.67549274656016E+01 -0.18669556040137E+02  0.47092171614923E+03  0.17901463133787E+04 -0.24203536588876E+03 -0.12527389954118E+03 -0.31577918444348E+04 -0.32331104547351E+04 -0.18523005490917E+04 -0.53206296212957E+04
   0.52822831773031E+05 -0.11032365844115E+05  0.19068033290145E+04  0.63748402770430E+05 -0.90579192142248E+04  0.14419257614045E+05  0.11215303475109E+05  0.60823270361203E+05 -0.34576920437091E+04 -0.32443598425417E+04  0.54888506316295E+03 -0.23238954623109E+03 -0.27010535783279E+02  0.99617482282977E+01  0.48739755031519E+04 -0.62017113713864E+03  0.39505140673648E+04  0.22808535632074E+04 -0.23745647501277E+06  0.82327857312160E+01  0.32049652028149E+06  0.18015538511419E+04  0.51846084731663E+04  0.11528417547922E+05  0.60973679255092E+03  0.21139639347275E+04  0.82468710734837E+04 -0.24489043841089E+04 -0.38372837903110E+04  0.13660519774267E+03 -0.97728534507034E+04 -0.50946091034679E+05 -0.15313164697753E+03 -0.27197433357873E+03 -0.13061592060206E+02 -0.97015403045694E+03 -0.45336277550186E+04 -0.35136225917260E+03 -0.14869740303150E+03 -0.13411055277852E+04 -0.30951003558333E+04 -0.11440534870753E+04 -0.34061658810592E+04
   0.98962883392371E+06 -0.12551852919896E+06  0.28081837840514E+05  0.36338728723881E+06 -0.33360197829396E+05  0.11039687824838E+06  0.60823270361203E+05  0.53996242808688E+07 -0.24122055056022E+07 -0.89616094388488E+05  0.25962602260345E+05  0.26673176468543E+05  0.18027645034124E+04  0.10151513849355E+03  0.89550065541859E+05 -0.11399001232269E+05  0.85053710834863E+05  0.46062662092813E+05 -0.58683779733139E+06  0.42469704276968E+03  0.10670090379622E+07  0.17482145896946E+05  0.57790633853365E+05  0.89895587642313E+05  0.61010311707283E+04  0.22466465471097E+05  0.66738348296359E+05 -0.63198615458576E+05 -0.50676606129807E+05 -0.70502987442340E+05 -0.29609873831483E+06 -0.58131642628325E+06 -0.74028897303631E+05 -0.16664138351461E+06 -0.14146160193683E+04 -0.56830562611987E+04 -0.11172316700906E+05  0.26181344988934E+03  0.26131285394511E+03 -0.27482281967542E+06 -0.87508534487544E+04 -0.14484874456921E+06 -0.17866191803984E+06
  -0.18435919391041E+06  0.26466544156200E+05 -0.50817883623213E+04 -0.27907600997351E+05  0.50946791551680E+03 -0.10443347817627E+05 -0.34576920437091E+04 -0.24122055056022E+07  0.19294289675302E+07  0.19510390819436E+05 -0.64033261114632E+04 -0.56005643051513E+04 -0.30920732125886E+03 -0.14338341775364E+02  0.48058788736751E+05 -0.22319973427248E+04  0.14937155037406E+05  0.71732921804484E+04 -0.25935857159673E+05 -0.96421174119333E+02 -0.15182471185439E+05 -0.33821688290946E+04 -0.11808116993967E+05 -0.16888423221390E+05 -0.12301705860591E+04 -0.47104823468954E+04 -0.12270368247138E+05  0.11577816519723E+05  0.10943320693521E+05  0.24765418212216E+05  0.67203087973728E+05  0.12760042307916E+06  0.22912947038832E+05  0.51658029468136E+05  0.19168378434632E+03  0.60174769523200E+03  0.12162215346194E+04 -0.12553276226064E+04 -0.69620023667305E+03  0.11317516194938E+06  0.15626423436995E+04  0.45322020160146E+05  0.55368914581492E+05
  -0.50144724022919E+05  0.73895435199161E+04 -0.16675157658662E+04 -0.18348067970266E+05  0.23591393401000E+04 -0.45547974443127E+04 -0.32443598425417E+04 -0.89616094388488E+05  0.19510390819436E+05  0.26639388509965E+04 -0.61284675642004E+03 -0.66329084977715E+03 -0.58861786772158E+02 -0.18164423202485E+01 -0.40418139665952E+04  0.49600411550195E+03 -0.33566286155500E+04 -0.19024481737781E+04  0.56369159256254E+05 -0.11423876781120E+02 -0.95174702837912E+05 -0.78113485641430E+03 -0.24205856839283E+04 -0.41698237754049E+04 -0.25936653633608E+03 -0.91646361426081E+03 -0.32254874785913E+04  0.27567779911434E+04  0.19025526656453E+04  0.73833902138656E+03  0.11040340751532E+05  0.22919114859731E+05  0.14966786419312E+04  0.33093197542852E+04  0.43804783650198E+02  0.55319835546551E+03  0.10509914515804E+04  0.12920796757548E+03  0.57656782795114E+02  0.31439994069201E+04  0.43425374349513E+03  0.28420911153613E+04  0.35919830859277E+04
   0.72840622213599E+04 -0.87432947484906E+03  0.21011256475625E+03  0.31772469245247E+04 -0.31652080661409E+03  0.94610320763414E+03  0.54888506316295E+03  0.25962602260345E+05 -0.64033261114632E+04 -0.61284675642004E+03  0.16539943671058E+03  0.18585636150112E+03  0.13566186945958E+02  0.67427936186008E+00  0.12222493334605E+04 -0.13591313233460E+03  0.98041544100000E+03  0.53377701799778E+03 -0.59868168379640E+04  0.29053982305667E+01  0.99047904679282E+04  0.12448915236881E+03  0.40417510847244E+03  0.64567915968607E+03  0.42858647167277E+02  0.15560932557354E+03  0.48177496331786E+03 -0.46023371449607E+03 -0.34726582560767E+03 -0.33387943497892E+03 -0.19879510205627E+04 -0.39512024670610E+04 -0.41552634449728E+03 -0.93565214016173E+03 -0.10781371005686E+02 -0.44408677889176E+02 -0.87154107776829E+02 -0.12977256697215E+02 -0.61200518869461E+01 -0.11285418418786E+04 -0.63609298192993E+02 -0.81112916044704E+03 -0.10076721717697E+04
   0.15399453861539E+05 -0.12032118047958E+04  0.41845810239684E+03 -0.13979557771897E+04 -0.20294667816485E+02 -0.71291530902285E+03 -0.23238954623109E+03  0.26673176468543E+05 -0.56005643051513E+04 -0.66329084977715E+03  0.18585636150112E+03  0.15769712361578E+04  0.10497474027828E+03 -0.11277833946992E+01  0.13781875461434E+04 -0.19398670378535E+03  0.13957009435419E+04  0.80838128706564E+03 -0.60358601601478E+04 -0.48380624932762E+01  0.45574053829408E+04  0.14798616215061E+02  0.19823854414475E+03 -0.36182274783445E+03 -0.21081108067933E+02 -0.87937744335588E+02 -0.20211850478398E+03 -0.11168497035710E+04 -0.76687489597446E-01 -0.68919761076388E+03 -0.49826351337065E+04 -0.16614551008970E+02 -0.22534800731439E+04 -0.68987196316651E+02 -0.77697620284255E+02 -0.20234006515454E+00  0.38637518226642E-02 -0.17037253469399E+01 -0.73006509446680E+00  0.29347509884816E+03  0.30319542953111E+03 -0.26781343818303E+04 -0.47501140036115E+01
   0.17270492373638E+04 -0.13955657049658E+03  0.53222656674634E+02 -0.15089889137264E+03  0.50807990618972E+01 -0.67100353143431E+02 -0.27010535783279E+02  0.18027645034124E+04 -0.30920732125886E+03 -0.58861786772158E+02  0.13566186945958E+02  0.10497474027828E+03  0.94989141739603E+01 -0.17068872819454E+00  0.77279157689171E+02 -0.13048773383148E+02  0.82927806921113E+02  0.52330324924980E+02 -0.28858498086122E+03 -0.42086271833992E+00 -0.21014066700317E+03  0.33067346732825E+01  0.24663169421414E+02 -0.42048555774971E+02 -0.23788298382749E+01 -0.90840598850732E+01 -0.17763102729778E+02 -0.16427403484983E+03 -0.97685239981905E-02 -0.27118804352345E+02 -0.58588423874444E+03 -0.18065964315960E+01 -0.14196579591883E+03 -0.18082038585096E+02 -0.63123984575623E+01 -0.14458233971626E+00  0.25266347240019E-02 -0.18017445224222E+00 -0.70000957240911E-01  0.28973480014014E+02  0.67741470553157E+02 -0.19401914597071E+03 -0.36338554937751E+00
  -0.10801601256305E+03  0.12942260260055E+02 -0.41147894303983E+01  0.56097893535588E+02 -0.49971375060940E+01  0.18973890573655E+02  0.99617482282977E+01  0.10151513849355E+03 -0.14338341775364E+02 -0.18164423202485E+01  0.67427936186008E+00 -0.11277833946992E+01 -0.17068872819454E+00  0.50979197817148E-01  0.14499244689168E+02 -0.11276687747877E+01  0.89480349078127E+01  0.42258558643026E+01 -0.81330558843759E+02  0.28746633872492E-01  0.16672236714736E+03  0.33163110741029E+00  0.85742774426896E+00  0.30443557444620E+01  0.12876695581439E+00  0.42547631630962E+00  0.20186593452634E+01  0.69808298066731E-01 -0.28454319953335E-04 -0.61275643021696E+01 -0.80717688295326E+00 -0.21603160427897E-02 -0.32760529669999E+01 -0.17051064383228E-04 -0.14122633885322E+00  0.51867177692230E-13 -0.88458667922214E-12 -0.16959716999057E-02 -0.93166712347160E-03 -0.15867078470497E+01  0.49844445062203E-04 -0.32163154786224E+01 -0.39138799029691E-02
   0.98490101655233E+04  0.64321709054548E+03 -0.27383039651219E+03  0.31075097553890E+05 -0.26083324219230E+04  0.94817312987339E+04  0.48739755031519E+04  0.89550065541859E+05  0.48058788736751E+05 -0.40418139665952E+04  0.12222493334605E+04  0.13781875461434E+04  0.77279157689171E+02  0.14499244689168E+02  0.49729878069158E+05 -0.46489635373894E+04  0.34157833805342E+05  0.17827254148438E+05 -0.55192602787675E+05  0.18144377359255E+01 -0.31379318050630E+05 -0.13200800534704E+03 -0.41040317806698E+03 -0.38403059233871E+03 -0.41704527219115E+02 -0.14667742306030E+03 -0.40283739663868E+03 -0.27228644228275E+04 -0.17854490273884E+04 -0.24884566153622E+04  0.20034804627694E+04  0.43394402573153E+04 -0.14809972455388E+04 -0.29377588507776E+04 -0.72874005968321E+03  0.24303608831345E+03  0.43621031850567E+03 -0.28792586574769E+04 -0.15284724101210E+04 -0.23814778476460E+04  0.19359844426807E+03 -0.90196725458269E+03 -0.10165562660927E+04
  -0.21987599977853E+04 -0.53584468798088E+02 -0.85387576807589E+01 -0.37959335226972E+04  0.32375463818808E+03 -0.11889730353301E+04 -0.62017113713864E+03 -0.11399001232269E+05 -0.22319973427248E+04  0.49600411550195E+03 -0.13591313233460E+03 -0.19398670378535E+03 -0.13048773383148E+02 -0.11276687747877E+01 -0.46489635373894E+04  0.50567639316041E+03 -0.36199138010397E+04 -0.19675348947518E+04  0.64964082556221E+04 -0.83274161746053E+00  0.48451948188655E+04  0.13631630857158E+02  0.37767943924531E+02  0.19357633599093E+02  0.39755524148918E+01  0.13577025075925E+02  0.43902194979572E+02  0.50407931909113E+03  0.31583458252702E+03  0.28823287661196E+03 -0.16345594935548E+03 -0.49925729605861E+03  0.15427900121254E+03  0.30493856612619E+03  0.80999831476873E+02 -0.65348775975079E+02 -0.11575743170023E+03  0.44032527655125E+03  0.21766803008423E+03 -0.30871157201542E+03 -0.34935264230936E+02  0.25225955355263E+03  0.28271688065564E+03
   0.10825182964545E+05  0.13514802468319E+03 -0.12247463357367E+03  0.25575072722225E+05 -0.20907097331676E+04  0.79084269920086E+04  0.39505140673648E+04  0.85053710834863E+05  0.14937155037406E+05 -0.33566286155500E+04  0.98041544100000E+03  0.13957009435419E+04  0.82927806921113E+02  0.89480349078127E+01  0.34157833805342E+05 -0.36199138010397E+04  0.26487612009937E+05  0.14207741559820E+05 -0.45777127948387E+05 -0.34664414355028E-02 -0.29760426423271E+05 -0.15072307958943E+03 -0.44995396296993E+03 -0.47722901062260E+03 -0.49282877871356E+02 -0.16213662075085E+03 -0.41148268610767E+03 -0.24072594795950E+04 -0.15640501046016E+04 -0.24068740694691E+04  0.20644129462023E+04  0.42891713988197E+04 -0.11962084088314E+04 -0.23803070672848E+04 -0.58148082129623E+03  0.60831931414397E+02  0.12076655632493E+03 -0.24240377671910E+04 -0.13123887917590E+04  0.10535614289723E+04  0.20246640604782E+03 -0.15032988918563E+04 -0.16720237071538E+04
   0.77346833271389E+04  0.77352554422137E+02 -0.14211657495532E+01  0.14366613733394E+05 -0.11904667731368E+04  0.45070814693854E+04  0.22808535632074E+04  0.46062662092813E+05  0.71732921804484E+04 -0.19024481737781E+04  0.53377701799778E+03  0.80838128706564E+03  0.52330324924980E+02  0.42258558643026E+01  0.17827254148438E+05 -0.19675348947518E+04  0.14207741559820E+05  0.77305355171162E+04 -0.25507664489542E+05  0.12924235312935E+01 -0.18616561988573E+05 -0.80574129881133E+02 -0.22709574575496E+03 -0.21048032116309E+03 -0.25707749064001E+02 -0.82205195766502E+02 -0.21772643032722E+03 -0.17156265620682E+04 -0.10807993336925E+04 -0.12125200767786E+04  0.96884962262521E+03  0.23599276882718E+04 -0.60704674371567E+03 -0.12090645334999E+04 -0.32097804177445E+03  0.94293098281646E+02  0.17533443927975E+03 -0.15727546554952E+04 -0.81629054646295E+03  0.12854244720882E+04  0.14509679129085E+03 -0.10640716540982E+04 -0.11836153358506E+04
  -0.77949592073800E+07  0.26071060818042E+07 -0.30070580092051E+06 -0.22720612501983E+07  0.48419564364056E+06 -0.42822288158225E+05 -0.23745647501277E+06 -0.58683779733139E+06 -0.25935857159673E+05  0.56369159256254E+05 -0.59868168379640E+04 -0.60358601601478E+04 -0.28858498086122E+03 -0.81330558843759E+02 -0.55192602787675E+05  0.64964082556221E+04 -0.45777127948387E+05 -0.25507664489542E+05  0.33629378683439E+08  0.60487356299657E+04 -0.29672513615747E+08 -0.97364312616928E+05 -0.32040929086444E+06 -0.83517879650908E+06 -0.27069059799250E+05 -0.11785287729717E+06 -0.68116506220917E+06  0.34206006389867E+05  0.76022564502172E+05 -0.12048318333119E+04  0.56724260790981E+06  0.27896527655243E+07  0.17112417431978E+05  0.31440079534629E+05  0.21249244886891E+03  0.18470654698122E+06  0.81460086488932E+06  0.24342871854037E+05  0.76649310528741E+04 -0.18389256969510E+05  0.44675481723190E+05  0.20634448256704E+05  0.64169322345314E+05
  -0.12583825480767E+04  0.51899579475761E+03 -0.49818556098366E+02 -0.16188840595679E+03  0.54373361324835E+02  0.60459838224505E+02  0.82327857312160E+01  0.42469704276968E+03 -0.96421174119333E+02 -0.11423876781120E+02  0.29053982305667E+01 -0.48380624932762E+01 -0.42086271833992E+00  0.28746633872492E-01  0.18144377359255E+01 -0.83274161746053E+00 -0.34664414355028E-02  0.12924235312935E+01  0.60487356299657E+04  0.21779065272819E+01 -0.56287472481850E+04 -0.12963246928653E+02 -0.45196375456166E+02 -0.14221842337625E+03 -0.16846685397456E+01 -0.12934779406742E+02 -0.11190415943940E+03  0.00000000000000E+00 -0.30448157257788E+02  0.00000000000000E+00  0.00000000000000E+00  0.31753117135240E+03  0.00000000000000E+00 -0.66905183924444E+01  0.00000000000000E+00  0.00000000000000E+00  0.19934810819429E+03  0.00000000000000E+00  0.00000000000000E+00  0.00000000000000E+00  0.15232820835518E+02  0.00000000000000E+00 -0.31318398825988E+02
   0.91639075759664E+07 -0.26257947049196E+07  0.34843841693507E+06  0.25611187858818E+07 -0.52480560883924E+06  0.13839889359778E+06  0.32049652028149E+06  0.10670090379622E+07 -0.15182471185439E+05 -0.95174702837912E+05  0.99047904679282E+04  0.45574053829408E+04 -0.21014066700317E+03  0.16672236714736E+03 -0.31379318050630E+05  0.48451948188655E+04 -0.29760426423271E+05 -0.18616561988573E+05 -0.29672513615747E+08 -0.56287472481850E+04  0.45491765455102E+08  0.19123142183413E+06  0.56392862361989E+06  0.14832259642766E+07  0.52895223941092E+05  0.20495163311913E+06  0.10908369454624E+07  0.00000000000000E+00 -0.19174606689019E+06  0.00000000000000E+00  0.00000000000000E+00 -0.47448978198290E+07  0.00000000000000E+00  0.45415964858532E+05  0.00000000000000E+00  0.00000000000000E+00 -0.98740803343041E+06  0.00000000000000E+00  0.00000000000000E+00  0.00000000000000E+00  0.12325209140001E+06  0.00000000000000E+00 -0.15980957172626E+06
   0.32839405261074E+05 -0.63522942238097E+04  0.12028115894557E+04  0.12177462748382E+05 -0.22462413358766E+04  0.13694439667067E+04  0.18015538511419E+04  0.17482145896946E+05 -0.33821688290946E+04 -0.78113485641430E+03  0.12448915236881E+03  0.14798616215061E+02  0.33067346732825E+01  0.33163110741029E+00 -0.13200800534704E+03  0.13631630857158E+02 -0.15072307958943E+03 -0.80574129881133E+02 -0.97364312616928E+05 -0.12963246928653E+02  0.19123142183413E+06  0.11115182277440E+04  0.30505813993452E+04  0.76335797245862E+04  0.28759157598502E+03  0.10415276022376E+04  0.50911202439821E+04 -0.46957104214569E+02 -0.12787679883217E+04  0.42222490950481E+01  0.57591732205054E+03 -0.25143834259967E+05  0.00000000000000E+00 -0.87792119529525E+02  0.00000000000000E+00  0.20807557702006E+04 -0.29329129122180E+04  0.00000000000000E+00  0.00000000000000E+00  0.00000000000000E+00  0.12096071419102E+04 -0.31594280658955E+03 -0.16308731508714E+04
   0.11774791784561E+06 -0.26635589432427E+05  0.43229477336073E+04  0.36084960235804E+05 -0.66782208400120E+04  0.38761715242334E+04  0.51846084731663E+04  0.57790633853365E+05 -0.11808116993967E+05 -0.24205856839283E+04  0.40417510847244E+03  0.19823854414475E+03  0.24663169421414E+02  0.85742774426896E+00 -0.41040317806698E+03  0.37767943924531E+02 -0.44995396296993E+03 -0.22709574575496E+03 -0.32040929086444E+06 -0.45196375456166E+02  0.56392862361989E+06  0.30505813993452E+04  0.88295789873250E+04  0.21044327557128E+05  0.81932102719763E+03  0.30339601510981E+04  0.14907368026684E+05 -0.15345601003883E+03 -0.33874819373510E+04 -0.20893928341613E+02 -0.59028480505696E+04 -0.73138024814771E+05  0.00000000000000E+00 -0.23140249623941E+03  0.00000000000000E+00  0.30761045271095E+04 -0.99111362289860E+04  0.00000000000000E+00  0.00000000000000E+00  0.00000000000000E+00  0.35214175275590E+04 -0.18137190886007E+04 -0.48701505057576E+04
   0.20587950222943E+06 -0.52401408715862E+05  0.76904183793770E+04  0.84413789401928E+05 -0.16129155790172E+05  0.75583332424414E+04  0.11528417547922E+05  0.89895587642313E+05 -0.16888423221390E+05 -0.41698237754049E+04  0.64567915968607E+03 -0.36182274783445E+03 -0.42048555774971E+02  0.30443557444620E+01 -0.38403059233871E+03  0.19357633599093E+02 -0.47722901062260E+03 -0.21048032116309E+03 -0.83517879650908E+06 -0.14221842337625E+03  0.14832259642766E+07  0.76335797245862E+04  0.21044327557128E+05  0.59832898777794E+05  0.20392617921288E+04  0.76152443189827E+04  0.38602392149512E+05  0.23882786271516E+03 -0.10615576135848E+05 -0.47298960037065E+01  0.37371087321098E+05 -0.17661565470699E+06  0.00000000000000E+00 -0.74381692249094E+03  0.00000000000000E+00  0.16291431189694E+05 -0.25964242747396E+05  0.00000000000000E+00  0.00000000000000E+00  0.00000000000000E+00  0.57269087254672E+04  0.14868858685533E+04 -0.11285432678410E+05
   0.11280800161704E+05 -0.25720402434810E+04  0.41716961576130E+03  0.38550939067633E+04 -0.66873765120707E+03  0.54633516085281E+03  0.60973679255092E+03  0.61010311707283E+04 -0.12301705860591E+04 -0.25936653633608E+03  0.42858647167277E+02 -0.21081108067933E+02 -0.23788298382749E+01  0.12876695581439E+00 -0.41704527219115E+02  0.39755524148918E+01 -0.49282877871356E+02 -0.25707749064001E+02 -0.27069059799250E+05 -0.16846685397456E+01  0.52895223941092E+05  0.28759157598502E+03  0.81932102719763E+03  0.20392617921288E+04  0.96684779811718E+02  0.34008163346762E+03  0.14461290550943E+04  0.00000000000000E+00 -0.40469783870216E+03  0.00000000000000E+00  0.00000000000000E+00 -0.80195233984459E+04  0.00000000000000E+00 -0.27467210213521E+02  0.00000000000000E+00  0.00000000000000E+00 -0.49498725155581E+03  0.00000000000000E+00  0.00000000000000E+00  0.00000000000000E+00  0.22889478355141E+02  0.00000000000000E+00 -0.61166899657788E+03
   0.44359077117829E+05 -0.11000810164940E+05  0.16480457059154E+04  0.14150025149052E+05 -0.25135097189836E+04  0.17967697368951E+04  0.21139639347275E+04  0.22466465471097E+05 -0.47104823468954E+04 -0.91646361426081E+03  0.15560932557354E+03 -0.87937744335588E+02 -0.90840598850732E+01  0.42547631630962E+00 -0.14667742306030E+03  0.13577025075925E+02 -0.16213662075085E+03 -0.82205195766502E+02 -0.11785287729717E+06 -0.12934779406742E+02  0.20495163311913E+06  0.10415276022376E+04  0.30339601510981E+04  0.76152443189827E+04  0.34008163346762E+03  0.12525258770411E+04  0.54593014294202E+04  0.00000000000000E+00 -0.12875331149279E+04  0.00000000000000E+00  0.00000000000000E+00 -0.29153893648613E+05  0.00000000000000E+00 -0.86959980384099E+02  0.00000000000000E+00  0.00000000000000E+00 -0.32378144004630E+04  0.00000000000000E+00  0.00000000000000E+00  0.00000000000000E+00 -0.30452159472211E+02  0.00000000000000E+00 -0.22579540230421E+04
   0.22860261878061E+06 -0.62552440365609E+05  0.86268367782012E+04  0.63311753179010E+05 -0.12386175995011E+05  0.47903983320156E+04  0.82468710734837E+04  0.66738348296359E+05 -0.12270368247138E+05 -0.32254874785913E+04  0.48177496331786E+03 -0.20211850478398E+03 -0.17763102729778E+02  0.20186593452634E+01 -0.40283739663868E+03  0.43902194979572E+02 -0.41148268610767E+03 -0.21772643032722E+03 -0.68116506220917E+06 -0.11190415943940E+03  0.10908369454624E+07  0.50911202439821E+04  0.14907368026684E+05  0.38602392149512E+05  0.14461290550943E+04  0.54593014294202E+04  0.28674116436573E+05  0.00000000000000E+00 -0.72851247517911E+04  0.00000000000000E+00  0.00000000000000E+00 -0.12581841838987E+06  0.00000000000000E+00 -0.51044602774410E+03  0.00000000000000E+00  0.00000000000000E+00 -0.20641866334851E+05  0.00000000000000E+00  0.00000000000000E+00  0.00000000000000E+00  0.78352886615327E+04  0.00000000000000E+00 -0.77728476369682E+04
  -0.13220840267298E+06  0.16786989022996E+05 -0.46856748644511E+04 -0.12871624140744E+05  0.19963149111855E+04 -0.27198814345467E+04 -0.24489043841089E+04 -0.63198615458576E+05  0.11577816519723E+05  0.27567779911434E+04 -0.46023371449607E+03 -0.11168497035710E+04 -0.16427403484983E+03  0.69808298066731E-01 -0.27228644228275E+04  0.50407931909113E+03 -0.24072594795950E+04 -0.17156265620682E+04  0.34206006389867E+05  0.00000000000000E+00  0.00000000000000E+00 -0.46957104214569E+02 -0.15345601003883E+03  0.23882786271516E+03  0.00000000000000E+00  0.00000000000000E+00  0.00000000000000E+00  0.11696509179311E+06  0.00000000000000E+00  0.00000000000000E+00  0.00000000000000E+00  0.00000000000000E+00  0.00000000000000E+00  0.00000000000000E+00  0.00000000000000E+00  0.00000000000000E+00  0.00000000000000E+00  0.00000000000000E+00  0.00000000000000E+00  0.00000000000000E+00  0.00000000000000E+00  0.00000000000000E+00  0.00000000000000E+00
  -0.56040408430578E+05  0.82854227067892E+04 -0.19877526070877E+04 -0.21327306681789E+05  0.33554801550531E+04 -0.41726181902673E+04 -0.38372837903110E+04 -0.50676606129807E+05  0.10943320693521E+05  0.19025526656453E+04 -0.34726582560767E+03 -0.76687489597446E-01 -0.97685239981905E-02 -0.28454319953335E-04 -0.17854490273884E+04  0.31583458252702E+03 -0.15640501046016E+04 -0.10807993336925E+04  0.76022564502172E+05 -0.30448157257788E+02 -0.19174606689019E+06 -0.12787679883217E+04 -0.33874819373510E+04 -0.10615576135848E+05 -0.40469783870216E+03 -0.12875331149279E+04 -0.72851247517911E+04  0.00000000000000E+00  0.64945104975005E+05  0.00000000000000E+00  0.00000000000000E+00  0.00000000000000E+00  0.00000000000000E+00  0.00000000000000E+00  0.00000000000000E+00  0.00000000000000E+00  0.00000000000000E+00  0.00000000000000E+00  0.00000000000000E+00  0.00000000000000E+00  0.00000000000000E+00  0.00000000000000E+00  0.00000000000000E+00
  -0.52639358196241E+04 -0.19408242773875E+03  0.18598030606564E+02 -0.71132730910063E+02 -0.56928471826209E+02  0.14986087973516E+03  0.13660519774267E+03 -0.70502987442340E+05  0.24765418212216E+05  0.73833902138656E+03 -0.33387943497892E+03 -0.68919761076388E+03 -0.27118804352345E+02 -0.61275643021696E+01 -0.24884566153622E+04  0.28823287661196E+03 -0.24068740694691E+04 -0.12125200767786E+04 -0.12048318333119E+04  0.00000000000000E+00  0.00000000000000E+00  0.42222490950481E+01 -0.20893928341613E+02 -0.47298960037065E+01  0.00000000000000E+00  0.00000000000000E+00  0.00000000000000E+00  0.00000000000000E+00  0.00000000000000E+00  0.30801893944124E+05  0.00000000000000E+00  0.00000000000000E+00  0.00000000000000E+00  0.00000000000000E+00  0.00000000000000E+00  0.00000000000000E+00  0.00000000000000E+00  0.00000000000000E+00  0.00000000000000E+00  0.00000000000000E+00  0.00000000000000E+00  0.00000000000000E+00  0.00000000000000E+00
  -0.86894876427262E+06  0.21064925790267E+06 -0.31948739638248E+05 -0.66404944409033E+05  0.11764278768416E+05 -0.83656826511040E+04 -0.97728534507034E+04 -0.29609873831483E+06  0.67203087973728E+05  0.11040340751532E+05 -0.19879510205627E+04 -0.49826351337065E+04 -0.58588423874444E+03 -0.80717688295326E+00  0.20034804627694E+04 -0.16345594935548E+03  0.20644129462023E+04  0.96884962262521E+03  0.56724260790981E+06  0.00000000000000E+00  0.00000000000000E+00  0.57591732205054E+03 -0.59028480505696E+04  0.37371087321098E+05  0.00000000000000E+00  0.00000000000000E+00  0.00000000000000E+00  0.00000000000000E+00  0.00000000000000E+00  0.00000000000000E+00  0.58107054833170E+06  0.00000000000000E+00  0.00000000000000E+00  0.00000000000000E+00  0.00000000000000E+00  0.00000000000000E+00  0.00000000000000E+00  0.00000000000000E+00  0.00000000000000E+00  0.00000000000000E+00  0.00000000000000E+00  0.00000000000000E+00  0.00000000000000E+00
  -0.11259533535213E+07  0.26595337322253E+06 -0.41580061783479E+05 -0.34489473042896E+06  0.62445186306941E+05 -0.40812819726082E+05 -0.50946091034679E+05 -0.58131642628325E+06  0.12760042307916E+06  0.22919114859731E+05 -0.39512024670610E+04 -0.16614551008970E+02 -0.18065964315960E+01 -0.21603160427897E-02  0.43394402573153E+04 -0.49925729605861E+03  0.42891713988197E+04  0.23599276882718E+04  0.27896527655243E+07  0.31753117135240E+03 -0.47448978198290E+07 -0.25143834259967E+05 -0.73138024814771E+05 -0.17661565470699E+06 -0.80195233984459E+04 -0.29153893648613E+05 -0.12581841838987E+06  0.00000000000000E+00  0.00000000000000E+00  0.00000000000000E+00  0.00000000000000E+00  0.92191026219511E+06  0.00000000000000E+00  0.00000000000000E+00  0.00000000000000E+00  0.00000000000000E+00  0.00000000000000E+00  0.00000000000000E+00  0.00000000000000E+00  0.00000000000000E+00  0.00000000000000E+00  0.00000000000000E+00  0.00000000000000E+00
  -0.20975320762203E+05  0.57458521807677E+04 -0.80097859924232E+03 -0.13690994284650E+04  0.31968662182171E+03  0.15155595220976E+02 -0.15313164697753E+03 -0.74028897303631E+05  0.22912947038832E+05  0.14966786419312E+04 -0.41552634449728E+03 -0.22534800731439E+04 -0.14196579591883E+03 -0.32760529669999E+01 -0.14809972455388E+04  0.15427900121254E+03 -0.11962084088314E+04 -0.60704674371567E+03  0.17112417431978E+05  0.00000000000000E+00  0.00000000000000E+00  0.00000000000000E+00  0.00000000000000E+00  0.00000000000000E+00  0.00000000000000E+00  0.00000000000000E+00  0.00000000000000E+00  0.00000000000000E+00  0.00000000000000E+00  0.00000000000000E+00  0.00000000000000E+00  0.00000000000000E+00  0.14297754446046E+05  0.00000000000000E+00  0.00000000000000E+00  0.00000000000000E+00  0.00000000000000E+00  0.00000000000000E+00  0.00000000000000E+00  0.00000000000000E+00  0.00000000000000E+00  0.00000000000000E+00  0.00000000000000E+00
  -0.47549941088165E+05  0.13195200546372E+05 -0.18227660044510E+04 -0.24964416000935E+04  0.56257340569801E+03 -0.67549274656016E+01 -0.27197433357873E+03 -0.16664138351461E+06  0.51658029468136E+05  0.33093197542852E+04 -0.93565214016173E+03 -0.68987196316651E+02 -0.18082038585096E+02 -0.17051064383228E-04 -0.29377588507776E+04  0.30493856612619E+03 -0.23803070672848E+04 -0.12090645334999E+04  0.31440079534629E+05 -0.66905183924444E+01  0.45415964858532E+05 -0.87792119529525E+02 -0.23140249623941E+03 -0.74381692249094E+03 -0.27467210213521E+02 -0.86959980384099E+02 -0.51044602774410E+03  0.00000000000000E+00  0.00000000000000E+00  0.00000000000000E+00  0.00000000000000E+00  0.00000000000000E+00  0.00000000000000E+00  0.31398006962887E+05  0.00000000000000E+00  0.00000000000000E+00  0.00000000000000E+00  0.00000000000000E+00  0.00000000000000E+00  0.00000000000000E+00  0.00000000000000E+00  0.00000000000000E+00  0.00000000000000E+00
  -0.32090270001266E+04  0.42301038032595E+03 -0.10108356280251E+03 -0.71031898154496E+02  0.89832489875247E+01 -0.18669556040137E+02 -0.13061592060206E+02 -0.14146160193683E+04  0.19168378434632E+03  0.43804783650198E+02 -0.10781371005686E+02 -0.77697620284255E+02 -0.63123984575623E+01 -0.14122633885322E+00 -0.72874005968321E+03  0.80999831476873E+02 -0.58148082129623E+03 -0.32097804177445E+03  0.21249244886891E+03  0.00000000000000E+00  0.00000000000000E+00  0.00000000000000E+00  0.00000000000000E+00  0.00000000000000E+00  0.00000000000000E+00  0.00000000000000E+00  0.00000000000000E+00  0.00000000000000E+00  0.00000000000000E+00  0.00000000000000E+00  0.00000000000000E+00  0.00000000000000E+00  0.00000000000000E+00  0.00000000000000E+00  0.37993195651216E+04  0.00000000000000E+00  0.00000000000000E+00  0.00000000000000E+00  0.00000000000000E+00  0.00000000000000E+00  0.00000000000000E+00  0.00000000000000E+00  0.00000000000000E+00
  -0.20498600803335E+06  0.63924733447299E+05 -0.79353144898936E+04 -0.11785905998716E+05  0.28894522081138E+04  0.47092171614923E+03 -0.97015403045694E+03 -0.56830562611987E+04  0.60174769523200E+03  0.55319835546551E+03 -0.44408677889176E+02 -0.20234006515454E+00 -0.14458233971626E+00  0.51867177692230E-13  0.24303608831345E+03 -0.65348775975079E+02  0.60831931414397E+02  0.94293098281646E+02  0.18470654698122E+06  0.00000000000000E+00  0.00000000000000E+00  0.20807557702006E+04  0.30761045271095E+04  0.16291431189694E+05  0.00000000000000E+00  0.00000000000000E+00  0.00000000000000E+00  0.00000000000000E+00  0.00000000000000E+00  0.00000000000000E+00  0.00000000000000E+00  0.00000000000000E+00  0.00000000000000E+00  0.00000000000000E+00  0.00000000000000E+00  0.10629695110241E+06  0.00000000000000E+00  0.00000000000000E+00  0.00000000000000E+00  0.00000000000000E+00  0.00000000000000E+00  0.00000000000000E+00  0.00000000000000E+00
  -0.23093124542202E+06  0.71504194096658E+05 -0.89228774394475E+04 -0.53212875433534E+05  0.12862832224568E+05  0.17901463133787E+04 -0.45336277550186E+04 -0.11172316700906E+05  0.12162215346194E+04  0.10509914515804E+04 -0.87154107776829E+02  0.38637518226642E-02  0.25266347240019E-02 -0.88458667922214E-12  0.43621031850567E+03 -0.11575743170023E+03  0.12076655632493E+03  0.17533443927975E+03  0.81460086488932E+06  0.19934810819429E+03 -0.98740803343041E+06 -0.29329129122180E+04 -0.99111362289860E+04 -0.25964242747396E+05 -0.49498725155581E+03 -0.32378144004630E+04 -0.20641866334851E+05  0.00000000000000E+00  0.00000000000000E+00  0.00000000000000E+00  0.00000000000000E+00  0.00000000000000E+00  0.00000000000000E+00  0.00000000000000E+00  0.00000000000000E+00  0.00000000000000E+00  0.13865142125010E+06  0.00000000000000E+00  0.00000000000000E+00  0.00000000000000E+00  0.00000000000000E+00  0.00000000000000E+00  0.00000000000000E+00
