# fitpack15: fit parameters                                                                         
# CJ15 AV18 final data choices                                                                      
# Created on 01/16/2020 at 18:47:38                                                                 

 # QCD setup
  INS                           0
  NVL                          11
  IORD                          1
  Q02                   1.6899999999999999     
  IPARAMC                       7
  FLAVOR                4.0000000000000000     
  xmc                   1.3000000000000000     
  xmb                   4.5000000000000000     
  ncb                          12
  ihq                           1
  ias                           0

 # Theory corrections
  inuke                     10814
  itmc                          1
  iht                           1

 # fit parameters
 LAMBDA       0.22680        0.0000    
 a0uv          2.3981        0.0000    
 a1uv         0.61489       0.20137E-01
 a2uv          3.5368       0.13143E-01
 a3uv          0.0000        0.0000    
 a4uv          3.4727       0.43825    
 a5uv          0.0000        0.0000    
 a0dv          25.014        0.0000    
 a1dv          1.1638       0.34263E-01
 a2dv          6.5342       0.16180    
 a3dv         -3.5127       0.87384E-01
 a4dv          4.6841       0.14243    
 a5dv          0.0000        0.0000    
 a0ud         0.14563       0.50301E-02
 a1ud        -0.20840       0.37708E-02
 a2ud          8.3227       0.19482    
 a3ud          0.0000        0.0000    
 a4ud          14.595        1.2491    
 a5ud          0.0000        0.0000    
 a0du          35712.        0.0000    
 a1du          4.0449       0.78292E-01
 a2du          20.040       0.92464    
 a3du          17.000        0.0000    
 a4du          53.669        12.117    
 a0g           45.849        0.0000    
 a1g          0.60462       0.31050E-01
 a2g           6.4922       0.98193    
 a3g          -3.3079       0.13574    
 a4g           3.1709       0.31658    
 a5g           0.0000        0.0000    
 kappa        0.40000        0.0000    
 a6dv        -0.38469E-02   0.70104E-03
 a7dv          2.0000        0.0000    
 off1         -2.6775        1.5631    
 off2         0.10954       0.71041E-01
 ht1          -3.2297       0.31721    
 ht2           1.9792       0.12363    
 ht3          -2.0704       0.36974E-01
 ht4           0.0000        0.0000    
 ht1n         -3.1438        1.0684    
 ht2n          1.9714       0.40366    
 ht3n         -2.0518       0.74950E-01
 ht4n          0.0000        0.0000    
 dummy44       0.0000        0.0000    
 dummy45       0.0000        0.0000    
 dummy46       0.0000        0.0000    
 dummy47       0.0000        0.0000    
 dummy48       0.0000        0.0000    
 dummy49       0.0000        0.0000    
 bcdmsh2      0.97329       0.48423E-02
 bcdmsd2      0.99176       0.58577E-02
 ccfr          1.0000        0.0000    
 nutev         1.0000        0.0000    
 zeus         0.97998        0.0000    
 h1            1.0162        0.0000    
 e605          1.0319        0.0000    
 NmcH2         1.0091       0.71209E-02
 ntv_nu        1.0000        0.0000    
 ntv_nubar     1.0000        0.0000    
 cdf_jet      0.98910        0.0000    
 d0_jet       0.83504        0.0000    
 slac_p        1.0064       0.50271E-02
 slac_d        1.0020       0.53122E-02
 e866pp       0.96724       0.19219E-01
 e866pd       0.96436       0.16243E-01
 d0_gamjet     1.0391       0.16491E-01
 h1b          0.97608        0.0000    
 jlab_p       0.99535       0.62760E-02
 jlab_d       0.97124       0.60223E-02
 blank         1.0000        0.0000    
 d0run2       0.94235       0.14310E-01
 cdfrun2      0.92738       0.17302E-01
 HERA_el       1.0000        0.0000    
 HERA_ps       1.0000        0.0000    
 CDF_Z        0.96495       0.65613E-02
 NmcRat        1.0000        0.0000    
 BNS_F2nd     0.98611       0.11838E-01
 HERMES_F2p   0.99902       0.56586E-02
 HERMES_F2d   0.97979       0.58501E-02
 END 0. 0.

 # Hessian matrix (Bevington alpha)
   0.50971701373858E+07 -0.13299919786513E+07  0.24272436996663E+06  0.56366968869432E+06 -0.13864333657967E+06 -0.99317746179687E+04  0.67353218606138E+05  0.91815626303846E+06 -0.17418679481158E+06 -0.49008836526410E+05  0.74538411804069E+04  0.15317063916847E+05  0.17313695100702E+04 -0.10323406552849E+03  0.72688000628130E+04 -0.18888717239662E+04  0.10641056433816E+05  0.76671806508987E+04 -0.78968498737461E+07  0.66690552330489E+04  0.58799698608064E+06  0.10282606928922E+06  0.30521973362257E+06  0.81855463686717E+06  0.34601861316274E+05  0.11708306841617E+06  0.64830476949663E+06 -0.12720213334324E+06 -0.56019553857234E+05 -0.44297935308328E+04 -0.83944441422525E+06 -0.11334787942227E+07 -0.20628444289490E+05 -0.46217468011352E+05 -0.30873816177347E+04 -0.19863772871023E+06 -0.23338471451491E+06 -0.91884176522745E+04 -0.32521657257954E+04 -0.14829282219453E+05  0.19073025399158E+05 -0.70666087074752E+05 -0.57674464944767E+05
  -0.13299919786513E+07  0.42016880804665E+06 -0.65388322988128E+05 -0.15419863073117E+06  0.37734309765198E+05  0.54867210214227E+04 -0.15018186136638E+05 -0.12374205109289E+06  0.26679721035373E+05  0.75312227278808E+04 -0.94821401160983E+03 -0.12404656178521E+04 -0.14449098003327E+03  0.12450219229864E+02  0.64857713773099E+03 -0.47954019227973E+02  0.18609303860025E+03  0.99420060047343E+02  0.26255056277332E+07 -0.17170418436155E+04 -0.16830181755956E+06 -0.26076731423398E+05 -0.80115281186211E+05 -0.22659418164889E+06 -0.92095392371269E+04 -0.31805528184310E+05 -0.18201414237767E+06  0.16637534135970E+05  0.84802827327380E+04 -0.23073739678873E+03  0.20993336480920E+06  0.26781122595152E+06  0.58356722937439E+04  0.13294382085095E+05  0.42372647986148E+03  0.63551977474177E+05  0.71783127812458E+05  0.24981048304840E+04  0.79281396313718E+03 -0.23766669580010E+04 -0.26126569350197E+04  0.85725636100839E+04  0.73963979303253E+04
   0.24272436996663E+06 -0.65388322988128E+05  0.11681718457514E+05  0.26929111179303E+05 -0.67267719065404E+04 -0.73527046688650E+03  0.31265988288117E+04  0.32165066339619E+05 -0.59500760915883E+04 -0.20200493946778E+04  0.26512055983818E+03  0.48089019808594E+03  0.62867693034915E+02 -0.46500351506257E+01 -0.39655960460386E+03  0.10939622011590E+00 -0.19092431404695E+03 -0.27635965168198E+02 -0.39018707212627E+06  0.31670538221383E+03  0.28329267278744E+05  0.48538900619882E+04  0.14424274904585E+05  0.39135516153744E+05  0.16454103693827E+04  0.55786974726243E+04  0.31113144519447E+05 -0.55664010353987E+04 -0.24487951154906E+04  0.48281104500488E+02 -0.39155002335609E+05 -0.52487829030041E+05 -0.10090091742618E+04 -0.22752719625090E+04 -0.11940231090426E+03 -0.99490492283958E+04 -0.11510226641305E+05 -0.44056497585023E+03 -0.15326397217056E+03  0.56347860427162E+02  0.82508716358235E+03 -0.25730829391071E+04 -0.21528549808399E+04
   0.56366968869432E+06 -0.15419863073117E+06  0.26929111179303E+05  0.42434174073077E+06 -0.67291073313187E+05  0.79918916907218E+05  0.69163905602797E+05  0.35081773081031E+06 -0.25354460711634E+05 -0.18625444858810E+05  0.33898473506381E+04 -0.13411114718214E+04 -0.15395715364447E+03  0.55011865683588E+02  0.30433790169104E+05 -0.36805516127681E+04  0.27632089696837E+05  0.15475134200449E+05 -0.24242867459714E+07  0.21704482815328E+04  0.17168044906229E+06  0.33553892896852E+05  0.93046146739832E+05  0.26711827111728E+06  0.10914524511091E+05  0.36113181966670E+05  0.19038960166125E+06 -0.12864484910271E+05 -0.22116184764229E+05 -0.66786773798336E+02 -0.66579004622976E+05 -0.36508597629398E+06 -0.14265269607965E+04 -0.23876841177509E+04 -0.75529991962625E+02 -0.12022289319229E+05 -0.57754780317439E+05 -0.25634850680346E+04 -0.99765603602433E+03 -0.92836894525068E+04 -0.14972863602041E+05 -0.72101291873309E+04 -0.22108374872258E+05
  -0.13864333657967E+06  0.37734309765198E+05 -0.67267719065404E+04 -0.67291073313187E+05  0.12462815295427E+05 -0.86453961158757E+04 -0.10179174841276E+05 -0.32923173148403E+05  0.36311575049402E+03  0.24300679300413E+04 -0.34574236128548E+03 -0.39897516586668E+02  0.46550805576390E+01 -0.49422916527889E+01 -0.25993282254959E+04  0.31992540148278E+03 -0.23022626956571E+04 -0.13079032969706E+04  0.51656581364814E+06 -0.41744989342577E+03 -0.34987153478508E+05 -0.65582619663548E+04 -0.18207287332676E+05 -0.53204601090833E+05 -0.21006683214455E+04 -0.69988006207671E+04 -0.38169049928043E+05  0.20160156111879E+04  0.34896159950260E+04 -0.55013377259105E+02  0.12077652941034E+05  0.65910285533823E+05  0.34033484887033E+03  0.56729119402320E+03  0.98032832740583E+01  0.30222797575618E+04  0.13723454715489E+05  0.49038835460690E+03  0.18166292185981E+03  0.32568401157902E+03  0.24050023939659E+04  0.82492904579314E+03  0.26175244858485E+04
  -0.99317746179687E+04  0.54867210214227E+04 -0.73527046688650E+03  0.79918916907218E+05 -0.86453961158757E+04  0.25097177234672E+05  0.15530213536433E+05  0.10712027822893E+06 -0.94666583979677E+04 -0.47249402486590E+04  0.10162171821791E+04 -0.70399238631090E+03 -0.68928958392819E+02  0.18684711053944E+02  0.92921051995046E+04 -0.11525938373288E+04  0.85929227413230E+04  0.48768253993209E+04 -0.10207553032957E+06  0.24358665762998E+03  0.13090142020895E+05  0.33347099642815E+04  0.90840294745857E+04  0.23545862833550E+05  0.11691794231554E+04  0.37018815695426E+04  0.16063094609178E+05 -0.28279100479314E+04 -0.45760607172421E+04  0.15424440616000E+03 -0.87734793619181E+04 -0.49817755864003E+05  0.40397393438630E+01  0.19728900892561E+02 -0.19855648783125E+02  0.39377190914108E+03  0.66906775680542E+02 -0.26926321273600E+03 -0.13698461809365E+03 -0.30169466017626E+04 -0.31769888037852E+04 -0.18542665964467E+04 -0.55777062600688E+04
   0.67353218606138E+05 -0.15018186136638E+05  0.31265988288117E+04  0.69163905602797E+05 -0.10179174841276E+05  0.15530213536433E+05  0.12323447051917E+05  0.59502159485115E+05 -0.30105262507262E+04 -0.33636335660955E+04  0.59518237260004E+03 -0.21493025901012E+03 -0.27320740147950E+02  0.98305621418861E+01  0.48088699135134E+04 -0.60540937794986E+03  0.43320680309492E+04  0.24908409390831E+04 -0.28061126370147E+06  0.32432811781787E+03  0.23066220245415E+05  0.48194873436840E+04  0.13209600659008E+05  0.36976603398092E+05  0.15976115177239E+04  0.51802188781779E+04  0.26027131064196E+05 -0.25217828253830E+04 -0.40943895869024E+04  0.13576176443681E+03 -0.10150098440027E+05 -0.56865215540913E+05 -0.16947399932064E+03 -0.26460071349419E+03 -0.14058299918761E+02 -0.10732857350286E+04 -0.57525131751073E+04 -0.37840323743673E+03 -0.15949811338843E+03 -0.12677970686270E+04 -0.30472425846888E+04 -0.11565111020933E+04 -0.35810545500561E+04
   0.91815626303846E+06 -0.12374205109289E+06  0.32165066339619E+05  0.35081773081031E+06 -0.32923173148403E+05  0.10712027822893E+06  0.59502159485115E+05  0.50224963384832E+07 -0.23234084285562E+07 -0.85238746039986E+05  0.25950776130858E+05  0.26744824525666E+05  0.17979181318039E+04  0.91386847851089E+02  0.82925762164939E+05 -0.10514009560359E+05  0.86520805930061E+05  0.46679073057239E+05 -0.58475398676886E+06  0.12718990370767E+04  0.58329789086415E+05  0.23401201724328E+05  0.72461238603462E+05  0.13782027801155E+06  0.79729183518527E+04  0.26881923545562E+05  0.10061873204714E+06 -0.60469828026476E+05 -0.48824316028468E+05 -0.67004784228167E+05 -0.28152399817965E+06 -0.55783630376486E+06 -0.73260871662040E+05 -0.16404145089763E+06 -0.13454947405303E+04 -0.57003935028435E+04 -0.10840579360295E+05  0.55475170613399E+02  0.15973853020060E+03 -0.26225474189319E+06 -0.86238348391490E+04 -0.13734085800852E+06 -0.17126480336824E+06
  -0.17418679481158E+06  0.26679721035373E+05 -0.59500760915883E+04 -0.25354460711634E+05  0.36311575049402E+03 -0.94666583979677E+04 -0.30105262507262E+04 -0.23234084285562E+07  0.19269378502710E+07  0.18921397347504E+05 -0.65104944124311E+04 -0.57312358895688E+04 -0.31598362063000E+03 -0.11872892872883E+02  0.49546740641209E+05 -0.23153628918262E+04  0.16986395553871E+05  0.82702497541245E+04 -0.26238071664340E+05 -0.95169156116943E+02  0.65344007460713E+03 -0.30616241156612E+04 -0.10859153848507E+05 -0.13136556428613E+05 -0.11169725927256E+04 -0.40041721085218E+04 -0.98982726797579E+04  0.11353372373864E+05  0.10870038992762E+05  0.23994086759731E+05  0.65257399932196E+05  0.12553548804516E+06  0.23266589234543E+05  0.52217796725285E+05  0.18332023415944E+03  0.61421854331445E+03  0.11953776352119E+04 -0.11887569785729E+04 -0.66499789422273E+03  0.11116971426746E+06  0.15769484141541E+04  0.44082358307599E+05  0.54519136169741E+05
  -0.49008836526410E+05  0.75312227278808E+04 -0.20200493946778E+04 -0.18625444858810E+05  0.24300679300413E+04 -0.47249402486590E+04 -0.33636335660955E+04 -0.85238746039986E+05  0.18921397347504E+05  0.26144755909343E+04 -0.63570584090202E+03 -0.68453891163833E+03 -0.60430937228414E+02 -0.17336784034523E+01 -0.39626842464982E+04  0.47955577702568E+03 -0.36395813186890E+04 -0.20508755527797E+04  0.57497297468826E+05 -0.92637999539260E+02 -0.57108861601811E+04 -0.14567691273916E+04 -0.41756802419194E+04 -0.98321018947983E+04 -0.47990029161075E+03 -0.15656638246817E+04 -0.71719623329107E+04  0.27189430094155E+04  0.18734254491405E+04  0.72694901781800E+03  0.10881976735721E+05  0.22615458617199E+05  0.15267543027852E+04  0.33472706742838E+04  0.43129725763623E+02  0.57162120665399E+03  0.10548507730901E+04  0.13476061701374E+03  0.60213016513094E+02  0.30616235929612E+04  0.43870813344442E+03  0.27764059655181E+04  0.35303685575977E+04
   0.74538411804069E+04 -0.94821401160983E+03  0.26512055983818E+03  0.33898473506381E+04 -0.34574236128548E+03  0.10162171821791E+04  0.59518237260004E+03  0.25950776130858E+05 -0.65104944124311E+04 -0.63570584090202E+03  0.18002496170840E+03  0.20250294171034E+03  0.14762864222222E+02  0.66386011644961E+00  0.12594270811793E+04 -0.13855324749602E+03  0.11053053747572E+04  0.60032890237538E+03 -0.65782779421087E+04  0.12108390576857E+02  0.62020671384858E+03  0.20408397399603E+03  0.61331011168848E+03  0.12672476029215E+04  0.68510139530606E+02  0.22771438971207E+03  0.92010338220812E+03 -0.48274410213660E+03 -0.36492578889957E+03 -0.34061239782700E+03 -0.20686592438292E+04 -0.41467859683184E+04 -0.44459230339879E+03 -0.99536186030360E+03 -0.11182578147357E+02 -0.49226867733825E+02 -0.93485201195256E+02 -0.15352193317970E+02 -0.72544773355822E+01 -0.11502761296938E+04 -0.68831867528451E+02 -0.83223191204720E+03 -0.10446567882024E+04
   0.15317063916847E+05 -0.12404656178521E+04  0.48089019808594E+03 -0.13411114718214E+04 -0.39897516586668E+02 -0.70399238631090E+03 -0.21493025901012E+03  0.26744824525666E+05 -0.57312358895688E+04 -0.68453891163833E+03  0.20250294171034E+03  0.17374156751161E+04  0.11416488271047E+03 -0.11862723676563E+01  0.14402705720714E+04 -0.19854216242460E+03  0.16154307802683E+04  0.92309719550509E+03 -0.66721744570327E+04 -0.30209501678430E+00  0.36779424971208E+03  0.77776809758336E+02  0.36854476879474E+03  0.75808857556633E+02 -0.52384902162097E+01 -0.31410164178628E+02  0.10130877475799E+03 -0.11507299924666E+04  0.30544328672472E-02 -0.74072532612541E+03 -0.51334666723120E+04  0.66758251798085E+00 -0.24565354303833E+04 -0.74117167428777E+02 -0.81147805173012E+02 -0.22867926479001E+00 -0.75816239828877E-03 -0.17986517975721E+01 -0.77409293368374E+00  0.28377862681117E+03  0.32140538278872E+03 -0.27921953081597E+04  0.17062964496920E+00
   0.17313695100702E+04 -0.14449098003327E+03  0.62867693034915E+02 -0.15395715364447E+03  0.46550805576390E+01 -0.68928958392819E+02 -0.27320740147950E+02  0.17979181318039E+04 -0.31598362063000E+03 -0.60430937228414E+02  0.14762864222222E+02  0.11416488271047E+03  0.10280227362570E+02 -0.17396146388261E+00  0.78646838040371E+02 -0.13114554524755E+02  0.97248090410135E+02  0.60167793818472E+02 -0.31245513848077E+03 -0.58561923596271E+00 -0.73851353122616E+01  0.38446150680058E+01  0.25596961341455E+02 -0.49069668214992E+02 -0.27192692434823E+01 -0.94326464305070E+01 -0.22063218876553E+02 -0.17071574643480E+03  0.41606445112024E-03 -0.28911540357963E+02 -0.60657733696042E+03  0.60456050824545E-01 -0.15358455256991E+03 -0.19577914918713E+02 -0.65575897826247E+01 -0.16356557572648E+00 -0.49167483240434E-03 -0.19049622436609E+00 -0.74180328962244E-01  0.28743671693554E+02  0.72157252670612E+02 -0.20119492303530E+03  0.14564968783970E-01
  -0.10323406552849E+03  0.12450219229864E+02 -0.46500351506257E+01  0.55011865683588E+02 -0.49422916527889E+01  0.18684711053944E+02  0.98305621418861E+01  0.91386847851089E+02 -0.11872892872883E+02 -0.17336784034523E+01  0.66386011644961E+00 -0.11862723676563E+01 -0.17396146388261E+00  0.47290232414450E-01  0.13796338216479E+02 -0.10541875902552E+01  0.88694980536275E+01  0.42002181496940E+01 -0.80038026756345E+02  0.16983770362455E+00  0.98236908669514E+01  0.15920009849849E+01  0.41911882428328E+01  0.13738164847222E+02  0.52429390603128E+00  0.16693928760395E+01  0.93645013766028E+01  0.66184478757494E-01  0.45923905710803E-06 -0.56436027078570E+01 -0.66597225928240E+00  0.47129990884543E-04 -0.30356357898582E+01 -0.11811130984446E-04 -0.12869456106388E+00  0.32573497955181E-13 -0.44485747865715E-14 -0.15596614039807E-02 -0.86030389600607E-03 -0.15964352242744E+01  0.32732044577251E-04 -0.28223525780597E+01  0.60817319270690E-04
   0.72688000628130E+04  0.64857713773099E+03 -0.39655960460386E+03  0.30433790169104E+05 -0.25993282254959E+04  0.92921051995046E+04  0.48088699135134E+04  0.82925762164939E+05  0.49546740641209E+05 -0.39626842464982E+04  0.12594270811793E+04  0.14402705720714E+04  0.78646838040371E+02  0.13796338216479E+02  0.48582505236935E+05 -0.44537746539444E+04  0.35829532990729E+05  0.18672321444899E+05 -0.55339180712078E+05 -0.24224575227418E+02 -0.18507716376015E+04 -0.35742758997573E+03 -0.99625852400015E+03 -0.23327803101016E+04 -0.11664424041920E+03 -0.37428600997214E+03 -0.17534125778144E+04 -0.25873941337969E+04 -0.17126908135486E+04 -0.24431181422037E+04  0.19643225949844E+04  0.41026452534290E+04 -0.15246151282764E+04 -0.29823192959302E+04 -0.71295403027998E+03  0.24217084038210E+03  0.41803785257748E+03 -0.28146360476754E+04 -0.14984489480513E+04 -0.24006980206163E+04  0.18048090286672E+03 -0.82382503073544E+03 -0.93675550035626E+03
  -0.18888717239662E+04 -0.47954019227973E+02  0.10939622011590E+00 -0.36805516127681E+04  0.31992540148278E+03 -0.11525938373288E+04 -0.60540937794986E+03 -0.10514009560359E+05 -0.23153628918262E+04  0.47955577702568E+03 -0.13855324749602E+03 -0.19854216242460E+03 -0.13114554524755E+02 -0.10541875902552E+01 -0.44537746539444E+04  0.47644997434216E+03 -0.37779761121166E+04 -0.20459270555140E+04  0.65014342481517E+04  0.30627557451783E+01  0.28157341008756E+03  0.46709420994449E+02  0.12454552759292E+03  0.31508893214053E+03  0.15505276668967E+02  0.49258483460787E+02  0.24875553063834E+03  0.47762285664009E+03  0.30038186647564E+03  0.28029613111083E+03 -0.15827688524305E+03 -0.44921824105135E+03  0.15667190912005E+03  0.30484580156326E+03  0.78123353565373E+02 -0.64777650551088E+02 -0.11049990235961E+03  0.42758894009069E+03  0.21147319470650E+03 -0.29417810687436E+03 -0.32296230836766E+02  0.23807737584788E+03  0.26877775906608E+03
   0.10641056433816E+05  0.18609303860025E+03 -0.19092431404695E+03  0.27632089696837E+05 -0.23022626956571E+04  0.85929227413230E+04  0.43320680309492E+04  0.86520805930061E+05  0.16986395553871E+05 -0.36395813186890E+04  0.11053053747572E+04  0.16154307802683E+04  0.97248090410135E+02  0.88694980536275E+01  0.35829532990729E+05 -0.37779761121166E+04  0.30403543676831E+05  0.16324067458093E+05 -0.50250816789673E+05 -0.27928052871430E+02 -0.20247541199257E+04 -0.41721706273249E+03 -0.11278296618361E+04 -0.26404003736090E+04 -0.13609403340861E+03 -0.42395086806742E+03 -0.19357659112885E+04 -0.27617971794803E+04 -0.17884115456927E+04 -0.25120332094370E+04  0.21317587291193E+04  0.45219556754593E+04 -0.13045427465057E+04 -0.25599384491323E+04 -0.62375140648435E+03  0.91485786728200E+02  0.17003977761718E+03 -0.27392427807330E+04 -0.14684563707308E+04  0.14993618815132E+04  0.23690854946075E+03 -0.17179044634155E+04 -0.19267931502739E+04
   0.76671806508987E+04  0.99420060047343E+02 -0.27635965168198E+02  0.15475134200449E+05 -0.13079032969706E+04  0.48768253993209E+04  0.24908409390831E+04  0.46679073057239E+05  0.82702497541245E+04 -0.20508755527797E+04  0.60032890237538E+03  0.92309719550509E+03  0.60167793818472E+02  0.42002181496940E+01  0.18672321444899E+05 -0.20459270555140E+04  0.16324067458093E+05  0.88764587005955E+04 -0.28007235946649E+05 -0.15638649548035E+02 -0.12444976218944E+04 -0.23951744514670E+03 -0.63283403734023E+03 -0.15296633235553E+04 -0.78768842222774E+02 -0.24369740390691E+03 -0.11489894276837E+04 -0.19138712674149E+04 -0.12041813289144E+04 -0.12628763229418E+04  0.99174722628888E+03  0.24356462174946E+04 -0.66099093385212E+03 -0.12968712983970E+04 -0.34299555913781E+03  0.11753202955355E+03  0.20929841301113E+03 -0.17535250439852E+04 -0.90356144818418E+03  0.15278403862969E+04  0.16305086527558E+03 -0.11750490372532E+04 -0.13174366871885E+04
  -0.78968498737461E+07  0.26255056277332E+07 -0.39018707212627E+06 -0.24242867459714E+07  0.51656581364814E+06 -0.10207553032957E+06 -0.28061126370147E+06 -0.58475398676886E+06 -0.26238071664340E+05  0.57497297468826E+05 -0.65782779421087E+04 -0.66721744570327E+04 -0.31245513848077E+03 -0.80038026756345E+02 -0.55339180712078E+05  0.65014342481517E+04 -0.50250816789673E+05 -0.28007235946649E+05  0.33434959293433E+08 -0.18880165143694E+05 -0.18743347624083E+07 -0.31861867402491E+06 -0.91340644652365E+06 -0.27551798753449E+07 -0.10086233010136E+06 -0.34893035419830E+06 -0.20059458969319E+07  0.34151101634236E+05  0.77905803679417E+05 -0.11479668838980E+04  0.56839626222374E+06  0.27809745305233E+07  0.17700665487704E+05  0.31523163014332E+05  0.23905023477472E+03  0.18447465489340E+06  0.80441009755101E+06  0.25112321816819E+05  0.79207222270317E+04 -0.18886799522138E+05  0.41833293765132E+05  0.20721673308496E+05  0.65106873023269E+05
   0.66690552330489E+04 -0.17170418436155E+04  0.31670538221383E+03  0.21704482815328E+04 -0.41744989342577E+03  0.24358665762998E+03  0.32432811781787E+03  0.12718990370767E+04 -0.95169156116943E+02 -0.92637999539260E+02  0.12108390576857E+02 -0.30209501678430E+00 -0.58561923596271E+00  0.16983770362455E+00 -0.24224575227418E+02  0.30627557451783E+01 -0.27928052871430E+02 -0.15638649548035E+02 -0.18880165143694E+05  0.25967738992148E+02  0.20673206452037E+04  0.39908328104282E+03  0.10943200144953E+04  0.32441367256644E+04  0.12498146073606E+03  0.41500818328457E+03  0.22882775031205E+04  0.00000000000000E+00 -0.19628339469519E+03  0.00000000000000E+00  0.00000000000000E+00 -0.37023763641869E+04  0.00000000000000E+00  0.34444359464318E+02  0.00000000000000E+00  0.00000000000000E+00 -0.62827272765767E+03  0.00000000000000E+00  0.00000000000000E+00  0.00000000000000E+00  0.15831434511901E+03  0.00000000000000E+00 -0.16727363132276E+03
   0.58799698608064E+06 -0.16830181755956E+06  0.28329267278744E+05  0.17168044906229E+06 -0.34987153478508E+05  0.13090142020895E+05  0.23066220245415E+05  0.58329789086415E+05  0.65344007460713E+03 -0.57108861601811E+04  0.62020671384858E+03  0.36779424971208E+03 -0.73851353122616E+01  0.98236908669514E+01 -0.18507716376015E+04  0.28157341008756E+03 -0.20247541199257E+04 -0.12444976218944E+04 -0.18743347624083E+07  0.20673206452037E+04  0.17938035008775E+06  0.33347638647700E+05  0.92128586760256E+05  0.27657855025454E+06  0.10318913798623E+05  0.34743334442430E+05  0.19557297143383E+06  0.00000000000000E+00 -0.11478815425751E+05  0.00000000000000E+00  0.00000000000000E+00 -0.29215149543110E+06  0.00000000000000E+00  0.29577295951869E+04  0.00000000000000E+00  0.00000000000000E+00 -0.61901746307690E+05  0.00000000000000E+00  0.00000000000000E+00  0.00000000000000E+00  0.98732808130138E+04  0.00000000000000E+00 -0.94598398296302E+04
   0.10282606928922E+06 -0.26076731423398E+05  0.48538900619882E+04  0.33553892896852E+05 -0.65582619663548E+04  0.33347099642815E+04  0.48194873436840E+04  0.23401201724328E+05 -0.30616241156612E+04 -0.14567691273916E+04  0.20408397399603E+03  0.77776809758336E+02  0.38446150680058E+01  0.15920009849849E+01 -0.35742758997573E+03  0.46709420994449E+02 -0.41721706273249E+03 -0.23951744514670E+03 -0.31861867402491E+06  0.39908328104282E+03  0.33347638647700E+05  0.65456840607689E+04  0.17840551375947E+05  0.52831636868228E+05  0.19876580387833E+04  0.66356688813736E+04  0.36841515136697E+05 -0.50051642905655E+02 -0.26336019519475E+04  0.29409761118933E+01  0.63897588305979E+03 -0.59841492822933E+05  0.00000000000000E+00  0.31935329572166E+03  0.00000000000000E+00  0.22599700361495E+04 -0.10169531983071E+05  0.00000000000000E+00  0.00000000000000E+00  0.00000000000000E+00  0.24246277498920E+04 -0.36177128201242E+03 -0.27074175530944E+04
   0.30521973362257E+06 -0.80115281186211E+05  0.14424274904585E+05  0.93046146739832E+05 -0.18207287332676E+05  0.90840294745857E+04  0.13209600659008E+05  0.72461238603462E+05 -0.10859153848507E+05 -0.41756802419194E+04  0.61331011168848E+03  0.36854476879474E+03  0.25596961341455E+02  0.41911882428328E+01 -0.99625852400015E+03  0.12454552759292E+03 -0.11278296618361E+04 -0.63283403734023E+03 -0.91340644652365E+06  0.10943200144953E+04  0.92128586760256E+05  0.17840551375947E+05  0.49140925237314E+05  0.14453317451990E+06  0.54653055876143E+04  0.18305636244592E+05  0.10168842204178E+06 -0.15096233032939E+03 -0.69554449728385E+04 -0.36601400673783E+02 -0.59182483417962E+04 -0.16471132645289E+06  0.00000000000000E+00  0.84175151720108E+03  0.00000000000000E+00  0.30635725389463E+04 -0.29411390470307E+05  0.00000000000000E+00  0.00000000000000E+00  0.00000000000000E+00  0.66586450446230E+04 -0.19219502211067E+04 -0.76993406538527E+04
   0.81855463686717E+06 -0.22659418164889E+06  0.39135516153744E+05  0.26711827111728E+06 -0.53204601090833E+05  0.23545862833550E+05  0.36976603398092E+05  0.13782027801155E+06 -0.13136556428613E+05 -0.98321018947983E+04  0.12672476029215E+04  0.75808857556633E+02 -0.49069668214992E+02  0.13738164847222E+02 -0.23327803101016E+04  0.31508893214053E+03 -0.26404003736090E+04 -0.15296633235553E+04 -0.27551798753449E+07  0.32441367256644E+04  0.27657855025454E+06  0.52831636868228E+05  0.14453317451990E+06  0.43692744310957E+06  0.16215115041625E+05  0.54400881132599E+05  0.30411704805707E+06  0.23851936292632E+03 -0.22084915726930E+05 -0.51889160827662E+01  0.36208257814345E+05 -0.47235771215269E+06  0.00000000000000E+00  0.27057142131207E+04  0.00000000000000E+00  0.15504618306038E+05 -0.89267893868565E+05  0.00000000000000E+00  0.00000000000000E+00  0.00000000000000E+00  0.15885841181998E+05  0.14800106500254E+04 -0.20197433921288E+05
   0.34601861316274E+05 -0.92095392371269E+04  0.16454103693827E+04  0.10914524511091E+05 -0.21006683214455E+04  0.11691794231554E+04  0.15976115177239E+04  0.79729183518527E+04 -0.11169725927256E+04 -0.47990029161075E+03  0.68510139530606E+02 -0.52384902162097E+01 -0.27192692434823E+01  0.52429390603128E+00 -0.11664424041920E+03  0.15505276668967E+02 -0.13609403340861E+03 -0.78768842222774E+02 -0.10086233010136E+06  0.12498146073606E+03  0.10318913798623E+05  0.19876580387833E+04  0.54653055876143E+04  0.16215115041625E+05  0.63010609825879E+03  0.20964357802183E+04  0.11415028117043E+05  0.00000000000000E+00 -0.82949495850128E+03  0.00000000000000E+00  0.00000000000000E+00 -0.19472868972200E+05  0.00000000000000E+00  0.99914937160364E+02  0.00000000000000E+00  0.00000000000000E+00 -0.29710562026124E+04  0.00000000000000E+00  0.00000000000000E+00  0.00000000000000E+00  0.33647772362818E+03  0.00000000000000E+00 -0.95495715148226E+03
   0.11708306841617E+06 -0.31805528184310E+05  0.55786974726243E+04  0.36113181966670E+05 -0.69988006207671E+04  0.37018815695426E+04  0.51802188781779E+04  0.26881923545562E+05 -0.40041721085218E+04 -0.15656638246817E+04  0.22771438971207E+03 -0.31410164178628E+02 -0.94326464305070E+01  0.16693928760395E+01 -0.37428600997214E+03  0.49258483460787E+02 -0.42395086806742E+03 -0.24369740390691E+03 -0.34893035419830E+06  0.41500818328457E+03  0.34743334442430E+05  0.66356688813736E+04  0.18305636244592E+05  0.54400881132599E+05  0.20964357802183E+04  0.70169819354349E+04  0.38348875248973E+05  0.00000000000000E+00 -0.26266309868134E+04  0.00000000000000E+00  0.00000000000000E+00 -0.64209715026917E+05  0.00000000000000E+00  0.31632629990456E+03  0.00000000000000E+00  0.00000000000000E+00 -0.10994689165832E+05  0.00000000000000E+00  0.00000000000000E+00  0.00000000000000E+00  0.11340750410419E+04  0.00000000000000E+00 -0.32197168077788E+04
   0.64830476949663E+06 -0.18201414237767E+06  0.31113144519447E+05  0.19038960166125E+06 -0.38169049928043E+05  0.16063094609178E+05  0.26027131064196E+05  0.10061873204714E+06 -0.98982726797579E+04 -0.71719623329107E+04  0.92010338220812E+03  0.10130877475799E+03 -0.22063218876553E+02  0.93645013766028E+01 -0.17534125778144E+04  0.24875553063834E+03 -0.19357659112885E+04 -0.11489894276837E+04 -0.20059458969319E+07  0.22882775031205E+04  0.19557297143383E+06  0.36841515136697E+05  0.10168842204178E+06  0.30411704805707E+06  0.11415028117043E+05  0.38348875248973E+05  0.21521049090057E+06  0.00000000000000E+00 -0.15163025428204E+05  0.00000000000000E+00  0.00000000000000E+00 -0.33090416099193E+06  0.00000000000000E+00  0.18568024342240E+04  0.00000000000000E+00  0.00000000000000E+00 -0.64508376968571E+05  0.00000000000000E+00  0.00000000000000E+00  0.00000000000000E+00  0.14474970852283E+05  0.00000000000000E+00 -0.13967756781981E+05
  -0.12720213334324E+06  0.16637534135970E+05 -0.55664010353987E+04 -0.12864484910271E+05  0.20160156111879E+04 -0.28279100479314E+04 -0.25217828253830E+04 -0.60469828026476E+05  0.11353372373864E+05  0.27189430094155E+04 -0.48274410213660E+03 -0.11507299924666E+04 -0.17071574643480E+03  0.66184478757494E-01 -0.25873941337969E+04  0.47762285664009E+03 -0.27617971794803E+04 -0.19138712674149E+04  0.34151101634236E+05  0.00000000000000E+00  0.00000000000000E+00 -0.50051642905655E+02 -0.15096233032939E+03  0.23851936292632E+03  0.00000000000000E+00  0.00000000000000E+00  0.00000000000000E+00  0.11648426815497E+06  0.00000000000000E+00  0.00000000000000E+00  0.00000000000000E+00  0.00000000000000E+00  0.00000000000000E+00  0.00000000000000E+00  0.00000000000000E+00  0.00000000000000E+00  0.00000000000000E+00  0.00000000000000E+00  0.00000000000000E+00  0.00000000000000E+00  0.00000000000000E+00  0.00000000000000E+00  0.00000000000000E+00
  -0.56019553857234E+05  0.84802827327380E+04 -0.24487951154906E+04 -0.22116184764229E+05  0.34896159950260E+04 -0.45760607172421E+04 -0.40943895869024E+04 -0.48824316028468E+05  0.10870038992762E+05  0.18734254491405E+04 -0.36492578889957E+03  0.30544328672472E-02  0.41606445112024E-03  0.45923905710803E-06 -0.17126908135486E+04  0.30038186647564E+03 -0.17884115456927E+04 -0.12041813289144E+04  0.77905803679417E+05 -0.19628339469519E+03 -0.11478815425751E+05 -0.26336019519475E+04 -0.69554449728385E+04 -0.22084915726930E+05 -0.82949495850128E+03 -0.26266309868134E+04 -0.15163025428204E+05  0.00000000000000E+00  0.64385127049746E+05  0.00000000000000E+00  0.00000000000000E+00  0.00000000000000E+00  0.00000000000000E+00  0.00000000000000E+00  0.00000000000000E+00  0.00000000000000E+00  0.00000000000000E+00  0.00000000000000E+00  0.00000000000000E+00  0.00000000000000E+00  0.00000000000000E+00  0.00000000000000E+00  0.00000000000000E+00
  -0.44297935308328E+04 -0.23073739678873E+03  0.48281104500488E+02 -0.66786773798336E+02 -0.55013377259105E+02  0.15424440616000E+03  0.13576176443681E+03 -0.67004784228167E+05  0.23994086759731E+05  0.72694901781800E+03 -0.34061239782700E+03 -0.74072532612541E+03 -0.28911540357963E+02 -0.56436027078570E+01 -0.24431181422037E+04  0.28029613111083E+03 -0.25120332094370E+04 -0.12628763229418E+04 -0.11479668838980E+04  0.00000000000000E+00  0.00000000000000E+00  0.29409761118933E+01 -0.36601400673783E+02 -0.51889160827662E+01  0.00000000000000E+00  0.00000000000000E+00  0.00000000000000E+00  0.00000000000000E+00  0.00000000000000E+00  0.30654479646128E+05  0.00000000000000E+00  0.00000000000000E+00  0.00000000000000E+00  0.00000000000000E+00  0.00000000000000E+00  0.00000000000000E+00  0.00000000000000E+00  0.00000000000000E+00  0.00000000000000E+00  0.00000000000000E+00  0.00000000000000E+00  0.00000000000000E+00  0.00000000000000E+00
  -0.83944441422525E+06  0.20993336480920E+06 -0.39155002335609E+05 -0.66579004622976E+05  0.12077652941034E+05 -0.87734793619181E+04 -0.10150098440027E+05 -0.28152399817965E+06  0.65257399932196E+05  0.10881976735721E+05 -0.20686592438292E+04 -0.51334666723120E+04 -0.60657733696042E+03 -0.66597225928240E+00  0.19643225949844E+04 -0.15827688524305E+03  0.21317587291193E+04  0.99174722628888E+03  0.56839626222374E+06  0.00000000000000E+00  0.00000000000000E+00  0.63897588305979E+03 -0.59182483417962E+04  0.36208257814345E+05  0.00000000000000E+00  0.00000000000000E+00  0.00000000000000E+00  0.00000000000000E+00  0.00000000000000E+00  0.00000000000000E+00  0.57856646384041E+06  0.00000000000000E+00  0.00000000000000E+00  0.00000000000000E+00  0.00000000000000E+00  0.00000000000000E+00  0.00000000000000E+00  0.00000000000000E+00  0.00000000000000E+00  0.00000000000000E+00  0.00000000000000E+00  0.00000000000000E+00  0.00000000000000E+00
  -0.11334787942227E+07  0.26781122595152E+06 -0.52487829030041E+05 -0.36508597629398E+06  0.65910285533823E+05 -0.49817755864003E+05 -0.56865215540913E+05 -0.55783630376486E+06  0.12553548804516E+06  0.22615458617199E+05 -0.41467859683184E+04  0.66758251798085E+00  0.60456050824545E-01  0.47129990884543E-04  0.41026452534290E+04 -0.44921824105135E+03  0.45219556754593E+04  0.24356462174946E+04  0.27809745305233E+07 -0.37023763641869E+04 -0.29215149543110E+06 -0.59841492822933E+05 -0.16471132645289E+06 -0.47235771215269E+06 -0.19472868972200E+05 -0.64209715026917E+05 -0.33090416099193E+06  0.00000000000000E+00  0.00000000000000E+00  0.00000000000000E+00  0.00000000000000E+00  0.91210956560303E+06  0.00000000000000E+00  0.00000000000000E+00  0.00000000000000E+00  0.00000000000000E+00  0.00000000000000E+00  0.00000000000000E+00  0.00000000000000E+00  0.00000000000000E+00  0.00000000000000E+00  0.00000000000000E+00  0.00000000000000E+00
  -0.20628444289490E+05  0.58356722937439E+04 -0.10090091742618E+04 -0.14265269607965E+04  0.34033484887033E+03  0.40397393438630E+01 -0.16947399932064E+03 -0.73260871662040E+05  0.23266589234543E+05  0.15267543027852E+04 -0.44459230339879E+03 -0.24565354303833E+04 -0.15358455256991E+03 -0.30356357898582E+01 -0.15246151282764E+04  0.15667190912005E+03 -0.13045427465057E+04 -0.66099093385212E+03  0.17700665487704E+05  0.00000000000000E+00  0.00000000000000E+00  0.00000000000000E+00  0.00000000000000E+00  0.00000000000000E+00  0.00000000000000E+00  0.00000000000000E+00  0.00000000000000E+00  0.00000000000000E+00  0.00000000000000E+00  0.00000000000000E+00  0.00000000000000E+00  0.00000000000000E+00  0.14784946891069E+05  0.00000000000000E+00  0.00000000000000E+00  0.00000000000000E+00  0.00000000000000E+00  0.00000000000000E+00  0.00000000000000E+00  0.00000000000000E+00  0.00000000000000E+00  0.00000000000000E+00  0.00000000000000E+00
  -0.46217468011352E+05  0.13294382085095E+05 -0.22752719625090E+04 -0.23876841177509E+04  0.56729119402320E+03  0.19728900892561E+02 -0.26460071349419E+03 -0.16404145089763E+06  0.52217796725285E+05  0.33472706742838E+04 -0.99536186030360E+03 -0.74117167428777E+02 -0.19577914918713E+02 -0.11811130984446E-04 -0.29823192959302E+04  0.30484580156326E+03 -0.25599384491323E+04 -0.12968712983970E+04  0.31523163014332E+05  0.34444359464318E+02  0.29577295951869E+04  0.31935329572166E+03  0.84175151720108E+03  0.27057142131207E+04  0.99914937160364E+02  0.31632629990456E+03  0.18568024342240E+04  0.00000000000000E+00  0.00000000000000E+00  0.00000000000000E+00  0.00000000000000E+00  0.00000000000000E+00  0.00000000000000E+00  0.31957164341698E+05  0.00000000000000E+00  0.00000000000000E+00  0.00000000000000E+00  0.00000000000000E+00  0.00000000000000E+00  0.00000000000000E+00  0.00000000000000E+00  0.00000000000000E+00  0.00000000000000E+00
  -0.30873816177347E+04  0.42372647986148E+03 -0.11940231090426E+03 -0.75529991962625E+02  0.98032832740583E+01 -0.19855648783125E+02 -0.14058299918761E+02 -0.13454947405303E+04  0.18332023415944E+03  0.43129725763623E+02 -0.11182578147357E+02 -0.81147805173012E+02 -0.65575897826247E+01 -0.12869456106388E+00 -0.71295403027998E+03  0.78123353565373E+02 -0.62375140648435E+03 -0.34299555913781E+03  0.23905023477472E+03  0.00000000000000E+00  0.00000000000000E+00  0.00000000000000E+00  0.00000000000000E+00  0.00000000000000E+00  0.00000000000000E+00  0.00000000000000E+00  0.00000000000000E+00  0.00000000000000E+00  0.00000000000000E+00  0.00000000000000E+00  0.00000000000000E+00  0.00000000000000E+00  0.00000000000000E+00  0.00000000000000E+00  0.37880867727794E+04  0.00000000000000E+00  0.00000000000000E+00  0.00000000000000E+00  0.00000000000000E+00  0.00000000000000E+00  0.00000000000000E+00  0.00000000000000E+00  0.00000000000000E+00
  -0.19863772871023E+06  0.63551977474177E+05 -0.99490492283958E+04 -0.12022289319229E+05  0.30222797575618E+04  0.39377190914108E+03 -0.10732857350286E+04 -0.57003935028435E+04  0.61421854331445E+03  0.57162120665399E+03 -0.49226867733825E+02 -0.22867926479001E+00 -0.16356557572648E+00  0.32573497955181E-13  0.24217084038210E+03 -0.64777650551088E+02  0.91485786728200E+02  0.11753202955355E+03  0.18447465489340E+06  0.00000000000000E+00  0.00000000000000E+00  0.22599700361495E+04  0.30635725389463E+04  0.15504618306038E+05  0.00000000000000E+00  0.00000000000000E+00  0.00000000000000E+00  0.00000000000000E+00  0.00000000000000E+00  0.00000000000000E+00  0.00000000000000E+00  0.00000000000000E+00  0.00000000000000E+00  0.00000000000000E+00  0.00000000000000E+00  0.10576294258604E+06  0.00000000000000E+00  0.00000000000000E+00  0.00000000000000E+00  0.00000000000000E+00  0.00000000000000E+00  0.00000000000000E+00  0.00000000000000E+00
  -0.23338471451491E+06  0.71783127812458E+05 -0.11510226641305E+05 -0.57754780317439E+05  0.13723454715489E+05  0.66906775680542E+02 -0.57525131751073E+04 -0.10840579360295E+05  0.11953776352119E+04  0.10548507730901E+04 -0.93485201195256E+02 -0.75816239828877E-03 -0.49167483240434E-03 -0.44485747865715E-14  0.41803785257748E+03 -0.11049990235961E+03  0.17003977761718E+03  0.20929841301113E+03  0.80441009755101E+06 -0.62827272765767E+03 -0.61901746307690E+05 -0.10169531983071E+05 -0.29411390470307E+05 -0.89267893868565E+05 -0.29710562026124E+04 -0.10994689165832E+05 -0.64508376968571E+05  0.00000000000000E+00  0.00000000000000E+00  0.00000000000000E+00  0.00000000000000E+00  0.00000000000000E+00  0.00000000000000E+00  0.00000000000000E+00  0.00000000000000E+00  0.00000000000000E+00  0.13726230319619E+06  0.00000000000000E+00  0.00000000000000E+00  0.00000000000000E+00  0.00000000000000E+00  0.00000000000000E+00  0.00000000000000E+00
