# fitpack15: fit parameters                                                                         
# CJ15 AV18 final data choices                                                                      
# Created on 01/16/2020 at 18:19:41                                                                 

 # QCD setup
  INS                           0
  NVL                          11
  IORD                          1
  Q02                   1.6899999999999999     
  IPARAMC                       7
  FLAVOR                4.0000000000000000     
  xmc                   1.3000000000000000     
  xmb                   4.5000000000000000     
  ncb                          12
  ihq                           1
  ias                           0

 # Theory corrections
  inuke                     10814
  itmc                          1
  iht                           1

 # fit parameters
 LAMBDA       0.22680        0.0000    
 a0uv          2.0771        0.0000    
 a1uv         0.58221       0.22559E-01
 a2uv          3.5528       0.12094E-01
 a3uv          0.0000        0.0000    
 a4uv          4.2320       0.56788    
 a5uv          0.0000        0.0000    
 a0dv          25.291        0.0000    
 a1dv          1.1611       0.33232E-01
 a2dv          6.6084       0.15936    
 a3dv         -3.5502       0.84862E-01
 a4dv          4.7560       0.13948    
 a5dv          0.0000        0.0000    
 a0ud         0.14337       0.50059E-02
 a1ud        -0.20988       0.38042E-02
 a2ud          8.3822       0.19177    
 a3ud          0.0000        0.0000    
 a4ud          15.296        1.2810    
 a5ud          0.0000        0.0000    
 a0du          35712.        0.0000    
 a1du          4.0765       0.82927E-01
 a2du          20.022       0.94326    
 a3du          17.000        0.0000    
 a4du          54.102        12.103    
 a0g           48.071        0.0000    
 a1g          0.61253       0.32884E-01
 a2g           6.9008       0.99154    
 a3g          -3.3819       0.14950    
 a4g           3.4046       0.38342    
 a5g           0.0000        0.0000    
 kappa        0.40000        0.0000    
 a6dv        -0.39067E-02   0.67474E-03
 a7dv          2.0000        0.0000    
 off1         -2.6058        1.7113    
 off2         0.82706E-01   0.35705E-01
 ht1          -3.5105       0.34591    
 ht2           2.0776       0.12633    
 ht3          -2.0443       0.35672E-01
 ht4           0.0000        0.0000    
 ht1n         -3.7356        1.0886    
 ht2n          2.0411       0.36269    
 ht3n         -2.1148       0.70858E-01
 ht4n          0.0000        0.0000    
 dummy44       0.0000        0.0000    
 dummy45       0.0000        0.0000    
 dummy46       0.0000        0.0000    
 dummy47       0.0000        0.0000    
 dummy48       0.0000        0.0000    
 dummy49       0.0000        0.0000    
 bcdmsh2      0.97106       0.48514E-02
 bcdmsd2      0.99053       0.58496E-02
 ccfr          1.0000        0.0000    
 nutev         1.0000        0.0000    
 zeus         0.97998        0.0000    
 h1            1.0162        0.0000    
 e605          1.0319        0.0000    
 NmcH2         1.0071       0.71285E-02
 ntv_nu        1.0000        0.0000    
 ntv_nubar     1.0000        0.0000    
 cdf_jet      0.98910        0.0000    
 d0_jet       0.83504        0.0000    
 slac_p        1.0031       0.50333E-02
 slac_d        1.0015       0.52966E-02
 e866pp       0.97683       0.19734E-01
 e866pd       0.96752       0.16320E-01
 d0_gamjet     1.0373       0.16486E-01
 h1b          0.97608        0.0000    
 jlab_p       0.99135       0.62796E-02
 jlab_d       0.97395       0.60008E-02
 blank         1.0000        0.0000    
 d0run2       0.94387       0.14181E-01
 cdfrun2      0.93041       0.17294E-01
 HERA_el       1.0000        0.0000    
 HERA_ps       1.0000        0.0000    
 CDF_Z        0.96062       0.65689E-02
 NmcRat        1.0000        0.0000    
 BNS_F2nd     0.98468       0.11915E-01
 HERMES_F2p   0.99684       0.56679E-02
 HERMES_F2d   0.97831       0.58401E-02
 END 0. 0.

 # Hessian matrix (Bevington alpha)
   0.51225362140967E+07 -0.13222304727159E+07  0.20628519342015E+06  0.50868848186327E+06 -0.12857099846813E+06 -0.26780339713781E+05  0.55160600295885E+05  0.96188415460908E+06 -0.18061968517007E+06 -0.49662110930918E+05  0.73760263978678E+04  0.15422133053895E+05  0.17433612997614E+04 -0.10437821830053E+03  0.88572594628230E+04 -0.20436455950215E+04  0.95029635551626E+04  0.69217884334951E+04 -0.78599829249358E+07  0.42554027565598E+03  0.53496483358739E+06  0.47459431004757E+05  0.15577473141317E+06  0.33007452603291E+06  0.16116527354706E+05  0.58909342971986E+05  0.31231034789026E+06 -0.13071134219947E+06 -0.55679195100911E+05 -0.50021962841133E+04 -0.85928530681673E+06 -0.11192675954219E+07 -0.20878830656943E+05 -0.47200282906721E+05 -0.31695875915914E+04 -0.20292689757526E+06 -0.22975326957138E+06 -0.92136407236614E+04 -0.32512285087330E+04 -0.17089663575461E+05  0.17296348080562E+05 -0.73199889569816E+05 -0.57986787179431E+05
  -0.13222304727159E+07  0.41604069653835E+06 -0.54567369356704E+05 -0.13947103793720E+06  0.34923697758919E+05  0.99833894702683E+04 -0.11708917171226E+05 -0.12433526915314E+06  0.26460162472814E+05  0.74264407901955E+04 -0.90168539999674E+03 -0.12178242040271E+04 -0.14261036640456E+03  0.12554087097989E+02  0.64700110362130E+03 -0.51333011624915E+02  0.14568053967369E+03  0.76638714407550E+02  0.26399573769368E+07  0.46885771125802E+02 -0.15480568122905E+06 -0.10641897307271E+05 -0.37892116445799E+05 -0.88506480856644E+05 -0.40091416457214E+04 -0.15308119959979E+05 -0.87015638411283E+05  0.16752249599204E+05  0.82929827784077E+04 -0.20594389113209E+03  0.21021383564808E+06  0.26549354739338E+06  0.57775185983123E+04  0.13227745242276E+05  0.42273151760224E+03  0.63782904263070E+05  0.71388922800994E+05  0.24540877549164E+04  0.77677274952322E+03 -0.22635939995620E+04 -0.22962804747096E+04  0.86444247181267E+04  0.72742293250502E+04
   0.20628519342015E+06 -0.54567369356704E+05  0.83748836477547E+04  0.20380766299929E+05 -0.52590757273850E+04 -0.13308271831802E+04  0.21429989912910E+04  0.28998075620983E+05 -0.52946743454324E+04 -0.17576435463184E+04  0.22610277603315E+03  0.43795532805594E+03  0.56447624844827E+02 -0.41591835796498E+01 -0.31642693780534E+03 -0.40919318843598E+01 -0.15370487633805E+03 -0.19183073350993E+02 -0.32596361783988E+06  0.14788823259923E+02  0.21814459053125E+05  0.18791717085593E+04  0.61708910749687E+04  0.13288020441837E+05  0.64374128201476E+03  0.23582202509442E+04  0.12653922954475E+05 -0.49233080159019E+04 -0.20993404442712E+04  0.26983679085280E+02 -0.33810442134797E+05 -0.44162548701159E+05 -0.85563223412436E+03 -0.19423010117659E+04 -0.10589305654326E+03 -0.84530198788428E+04 -0.95354592823160E+04 -0.37143596427821E+03 -0.12950669885426E+03 -0.34157709820203E+02  0.65412815594382E+03 -0.23177303625329E+04 -0.18802313062517E+04
   0.50868848186327E+06 -0.13947103793720E+06  0.20380766299929E+05  0.40355885379472E+06 -0.62968069872086E+05  0.75586586442544E+05  0.65121515375073E+05  0.35784318157368E+06 -0.27234614307268E+05 -0.18363318351967E+05  0.32581251393813E+04 -0.14022774708288E+04 -0.15245668914710E+03  0.54034716267291E+02  0.30820668225072E+05 -0.37241981512277E+04  0.24428507838982E+05  0.13694656565577E+05 -0.23215306250251E+07  0.31745007083138E+03  0.14920600185426E+06  0.16353907687488E+05  0.47078833480784E+05  0.11974515911967E+06  0.52233282366601E+04  0.18353227654405E+05  0.87711776788376E+05 -0.12864196513462E+05 -0.21407680969799E+05 -0.65258341455439E+02 -0.66385958795774E+05 -0.34714687955220E+06 -0.13821008293924E+04 -0.24956541661230E+04 -0.71779489287478E+02 -0.11839670927913E+05 -0.53828793183531E+05 -0.25032440387277E+04 -0.97217852781738E+03 -0.96619760706869E+04 -0.15730563698762E+05 -0.72404331909641E+04 -0.21565472036336E+05
  -0.12857099846813E+06  0.34923697758919E+05 -0.52590757273850E+04 -0.62968069872086E+05  0.11580656139127E+05 -0.76778746715285E+04 -0.93255794282072E+04 -0.33102033979009E+05  0.49183914445590E+03  0.23742532869196E+04 -0.32727736752452E+03 -0.23243200647130E+02  0.50156402490959E+01 -0.48090831455622E+01 -0.25947648322289E+04  0.31781961989459E+03 -0.20046885874487E+04 -0.11382780456411E+04  0.49657616443815E+06 -0.42840849591022E+02 -0.30757691168631E+05 -0.31139755540312E+04 -0.89703193198246E+04 -0.23463345493075E+05 -0.95934069526265E+03 -0.34038039106129E+04 -0.17447233995768E+05  0.20024029509402E+04  0.33756056280424E+04 -0.56884184607559E+02  0.11839045932664E+05  0.62968103095429E+05  0.32485907623459E+03  0.56784550848787E+03  0.91358557780898E+01  0.29237918637999E+04  0.13027483702931E+05  0.47159091445284E+03  0.17466532132822E+03  0.35878382791634E+03  0.24942745495198E+04  0.81619521894598E+03  0.25246070772762E+04
  -0.26780339713781E+05  0.99833894702683E+04 -0.13308271831802E+04  0.75586586442544E+05 -0.76778746715285E+04  0.24866535886052E+05  0.14920590127674E+05  0.10993153815931E+06 -0.10262464602459E+05 -0.46297747775170E+04  0.98147524680691E+03 -0.72275702408733E+03 -0.68525341944501E+02  0.18486190015095E+02  0.95020166690355E+04 -0.11798119533648E+04  0.76143914601789E+04  0.43335992888459E+04 -0.54056132263297E+05  0.91821481548064E+02  0.83739898320525E+04  0.16623423173942E+04  0.46542839949309E+04  0.99518880524099E+04  0.62517814081120E+03  0.20641072922295E+04  0.64912860589094E+04 -0.27814092916200E+04 -0.42970088980022E+04  0.15545052951381E+03 -0.85823255818846E+04 -0.42878435643879E+05  0.12473741398506E+02 -0.77167047326163E+01 -0.19120992212125E+02  0.45448965511130E+03  0.15392356089034E+04 -0.25362308119574E+03 -0.13020628183642E+03 -0.31386470903577E+04 -0.32917648381435E+04 -0.18692639734228E+04 -0.54117792949134E+04
   0.55160600295885E+05 -0.11708917171226E+05  0.21429989912910E+04  0.65121515375073E+05 -0.93255794282072E+04  0.14920590127674E+05  0.11623154137468E+05  0.60698029505271E+05 -0.33861805147974E+04 -0.32960704469225E+04  0.57090173235821E+03 -0.23331399427896E+03 -0.27468221338384E+02  0.96860627937237E+01  0.48796556454021E+04 -0.61358626193656E+03  0.38025921982892E+04  0.21904681972289E+04 -0.24984785605082E+06  0.70942198506047E+02  0.18943015676701E+05  0.23720303572347E+04  0.66942460282196E+04  0.16295105542323E+05  0.79088607273046E+03  0.26861015093280E+04  0.11566626951299E+05 -0.24917878745346E+04 -0.39206451010473E+04  0.13880489988904E+03 -0.99561411069585E+04 -0.52407162851665E+05 -0.15821798712798E+03 -0.27709451219592E+03 -0.13382596312894E+02 -0.10021785241972E+04 -0.47647540877903E+04 -0.36246036014871E+03 -0.15300039691975E+03 -0.13290282304517E+04 -0.31342324649946E+04 -0.11559658795728E+04 -0.34613053265798E+04
   0.96188415460908E+06 -0.12433526915314E+06  0.28998075620983E+05  0.35784318157368E+06 -0.33102033979009E+05  0.10993153815931E+06  0.60698029505271E+05  0.52424518584815E+07 -0.23749475968082E+07 -0.87818134284996E+05  0.25986793339899E+05  0.26478150921570E+05  0.17941372750180E+04  0.93261040213192E+02  0.86901149626133E+05 -0.10991418282284E+05  0.79617760149091E+05  0.43103190646470E+05 -0.59338872675204E+06  0.63225114057620E+03  0.58240537291332E+05  0.18341308156230E+05  0.59502883698104E+05  0.98647353891874E+05  0.62118288563935E+04  0.22594177949400E+05  0.72894950342746E+05 -0.62078122966445E+05 -0.49923925568198E+05 -0.69199195906901E+05 -0.29063986881257E+06 -0.57336774750928E+06 -0.73591864708917E+05 -0.16521976713004E+06 -0.13830650031125E+04 -0.56787020062087E+04 -0.11098496656513E+05  0.17802433222674E+03  0.22777602583115E+03 -0.26993513483212E+06 -0.87387173599586E+04 -0.14190775187034E+06 -0.17560344872113E+06
  -0.18061968517007E+06  0.26460162472814E+05 -0.52946743454324E+04 -0.27234614307268E+05  0.49183914445590E+03 -0.10262464602459E+05 -0.33861805147974E+04 -0.23749475968082E+07  0.19273798769179E+07  0.19266350549008E+05 -0.64518887236888E+04 -0.55903012206245E+04 -0.30899516829394E+03 -0.12720597429941E+02  0.48459541371026E+05 -0.22582125835335E+04  0.14892599946609E+05  0.71041857418259E+04 -0.25989663220911E+05 -0.10095656695502E+03 -0.24280452873585E+03 -0.32185037184243E+04 -0.11262879469060E+05 -0.15718114104054E+05 -0.11352080848776E+04 -0.43503814524513E+04 -0.11506926962159E+05  0.11479512110730E+05  0.10892695339340E+05  0.24510100242235E+05  0.66535322694229E+05  0.12703584523181E+06  0.23012743787642E+05  0.51736530555372E+05  0.18701888254332E+03  0.59642966283433E+03  0.12002358309928E+04 -0.12295121476374E+04 -0.68632324409088E+03  0.11243704043579E+06  0.15765321782022E+04  0.44854024013356E+05  0.54977791911508E+05
  -0.49662110930918E+05  0.74264407901955E+04 -0.17576435463184E+04 -0.18363318351967E+05  0.23742532869196E+04 -0.46297747775170E+04 -0.32960704469225E+04 -0.87818134284996E+05  0.19266350549008E+05  0.26453853032194E+04 -0.62296981885478E+03 -0.66814420828154E+03 -0.59507771021764E+02 -0.17041676304607E+01 -0.40024341027493E+04  0.48567663763497E+03 -0.31933756535054E+04 -0.18066377760339E+04  0.57589004789880E+05 -0.29959463607173E+02 -0.54166096399830E+04 -0.91845385804121E+03 -0.27711142734558E+04 -0.53587268861505E+04 -0.29979715556683E+03 -0.10399671928034E+04 -0.40506508121915E+04  0.27418587451529E+04  0.18952120831095E+04  0.73385892514036E+03  0.10990127977266E+05  0.22883326641198E+05  0.15055640464832E+04  0.33197934408852E+04  0.43437415090083E+02  0.56203819765102E+03  0.10619715801660E+04  0.13151064649526E+03  0.58498371335898E+02  0.31140659596842E+04  0.43771843041053E+03  0.28167981056421E+04  0.35696534377809E+04
   0.73760263978678E+04 -0.90168539999674E+03  0.22610277603315E+03  0.32581251393813E+04 -0.32727736752452E+03  0.98147524680691E+03  0.57090173235821E+03  0.25986793339899E+05 -0.64518887236888E+04 -0.62296981885478E+03  0.17161913274553E+03  0.19134765734937E+03  0.14034412954544E+02  0.64120442382467E+00  0.12389509114480E+04 -0.13667446261360E+03  0.95715509613717E+03  0.52061186319740E+03 -0.63044320229548E+04  0.50219569309922E+01  0.57197333208107E+03  0.14041094826877E+03  0.44531125876161E+03  0.77487114663683E+03  0.46984154090184E+02  0.16807284331932E+03  0.57312578895349E+03 -0.47007121589731E+03 -0.35520056496748E+03 -0.33735241766671E+03 -0.20269836545209E+04 -0.40485554481393E+04 -0.42690702975256E+03 -0.95893152011348E+03 -0.10942565116466E+02 -0.46397294124555E+02 -0.90498366090833E+02 -0.13952991850499E+02 -0.65386257019466E+01 -0.11398986735719E+04 -0.66072171392761E+02 -0.82157596368687E+03 -0.10241335848492E+04
   0.15422133053895E+05 -0.12178242040271E+04  0.43795532805594E+03 -0.14022774708288E+04 -0.23243200647130E+02 -0.72275702408733E+03 -0.23331399427896E+03  0.26478150921570E+05 -0.55903012206245E+04 -0.66814420828154E+03  0.19134765734937E+03  0.16171278810834E+04  0.10778452967567E+03 -0.12208723585019E+01  0.13905238472301E+04 -0.19370704939578E+03  0.13455924332565E+04  0.78006968580400E+03 -0.62465257191770E+04 -0.40810127817661E+01  0.29843786958018E+03  0.26391009015620E+02  0.22585301964178E+03 -0.26441980620584E+03 -0.16374859949490E+02 -0.71571418185753E+02 -0.13553991553432E+03 -0.11336824226757E+04 -0.42653500030927E-01 -0.69916127872665E+03 -0.50493621634585E+04 -0.93970433912590E+01 -0.23085010959255E+04 -0.72057355188935E+02 -0.78634624022480E+02 -0.22406457040033E+00  0.29930163368246E-02 -0.17380977337919E+01 -0.74401226814582E+00  0.28888107111963E+03  0.31370812945567E+03 -0.27069802617136E+04 -0.25341361393688E+01
   0.17433612997614E+04 -0.14261036640456E+03  0.56447624844827E+02 -0.15245668914710E+03  0.50156402490959E+01 -0.68525341944501E+02 -0.27468221338384E+02  0.17941372750180E+04 -0.30899516829394E+03 -0.59507771021764E+02  0.14034412954544E+02  0.10778452967567E+03  0.97962341073082E+01 -0.16959239673860E+00  0.77647191698261E+02 -0.12986795598273E+02  0.79198759800386E+02  0.50135072214995E+02 -0.29905182549687E+03 -0.47133833472860E+00 -0.81559499515743E+01  0.32735830469404E+01  0.24356485616717E+02 -0.43177521109167E+02 -0.23273792608553E+01 -0.89101512993649E+01 -0.18480045828043E+02 -0.16788319118454E+03 -0.56640669365020E-02 -0.27558055051293E+02 -0.59755404769405E+03 -0.10506657748636E+01 -0.14568807514108E+03 -0.18999547792958E+02 -0.64105655098724E+01 -0.16025870847818E+00  0.19850367559844E-02 -0.18490627136471E+00 -0.71706431080794E-01  0.28909182059309E+02  0.70327622374854E+02 -0.19658073287152E+03 -0.20120956701458E+00
  -0.10437821830053E+03  0.12554087097989E+02 -0.41591835796498E+01  0.54034716267291E+02 -0.48090831455622E+01  0.18486190015095E+02  0.96860627937237E+01  0.93261040213192E+02 -0.12720597429941E+02 -0.17041676304607E+01  0.64120442382467E+00 -0.12208723585019E+01 -0.16959239673860E+00  0.46238074611480E-01  0.13675366557374E+02 -0.10506424903987E+01  0.81518985934863E+01  0.38351769723236E+01 -0.78915984121068E+02  0.59325192336304E-01  0.90129120089443E+01  0.59640927531334E+00  0.15486044600322E+01  0.52825549886609E+01  0.20973981824808E+00  0.68678265536139E+00  0.35614562515930E+01  0.66006167978868E-01 -0.11673541146980E-04 -0.56357991979527E+01 -0.66362864173844E+00 -0.88554404698248E-03 -0.29218097769292E+01 -0.10838964133713E-04 -0.12790950222721E+00  0.13678757744342E-13 -0.13013743303839E-12 -0.15403652672118E-02 -0.84705879819280E-03 -0.15718008081098E+01  0.29316675222790E-04 -0.28127422824253E+01 -0.16204357344051E-02
   0.88572594628230E+04  0.64700110362130E+03 -0.31642693780534E+03  0.30820668225072E+05 -0.25947648322289E+04  0.95020166690355E+04  0.48796556454021E+04  0.86901149626133E+05  0.48459541371026E+05 -0.40024341027493E+04  0.12389509114480E+04  0.13905238472301E+04  0.77647191698261E+02  0.13675366557374E+02  0.49353487303650E+05 -0.45689264186486E+04  0.32722544553472E+05  0.17025646306194E+05 -0.55966952274692E+05 -0.43777539031410E+01 -0.17817749555275E+04 -0.18620548351110E+03 -0.55238692348001E+03 -0.84349841042845E+03 -0.59108244039955E+02 -0.20135706182928E+03 -0.71261598318160E+03 -0.26526308907703E+04 -0.17446383140668E+04 -0.24811301291888E+04  0.20271754027513E+04  0.43379462139252E+04 -0.14922292222938E+04 -0.29484341981577E+04 -0.72356787895989E+03  0.21987109764256E+03  0.39410393289469E+03 -0.28364809844044E+04 -0.15114803175541E+04 -0.24083399077590E+04  0.19226085848931E+03 -0.87665503249277E+03 -0.98919559110688E+03
  -0.20436455950215E+04 -0.51333011624915E+02 -0.40919318843598E+01 -0.37241981512277E+04  0.31781961989459E+03 -0.11798119533648E+04 -0.61358626193656E+03 -0.10991418282284E+05 -0.22582125835335E+04  0.48567663763497E+03 -0.13667446261360E+03 -0.19370704939578E+03 -0.12986795598273E+02 -0.10506424903987E+01 -0.45689264186486E+04  0.49146523563027E+03 -0.34243025261850E+04 -0.18562263625838E+04  0.65266894460561E+04  0.11657295873327E+00  0.27389810504841E+03  0.22307652966490E+02  0.60728137591007E+02  0.91681782684425E+02  0.69891787214655E+01  0.23003073677954E+02  0.91741238754454E+02  0.48620383547220E+03  0.30501943124167E+03  0.28592696951280E+03 -0.17017206644576E+03 -0.49992528230679E+03  0.15364381955193E+03  0.30261741642268E+03  0.79679553480267E+02 -0.58900384749862E+02 -0.10416225513856E+03  0.42783488278223E+03  0.21255225705351E+03 -0.29434979399738E+03 -0.34652287002470E+02  0.24522254978411E+03  0.27517732994185E+03
   0.95029635551626E+04  0.14568053967369E+03 -0.15370487633805E+03  0.24428507838982E+05 -0.20046885874487E+04  0.76143914601789E+04  0.38025921982892E+04  0.79617760149091E+05  0.14892599946609E+05 -0.31933756535054E+04  0.95715509613717E+03  0.13455924332565E+04  0.79198759800386E+02  0.81518985934863E+01  0.32722544553472E+05 -0.34243025261850E+04  0.24392579050475E+05  0.13042076072523E+05 -0.44621232141931E+05 -0.56620004398050E+01 -0.16051416593837E+04 -0.19092963408896E+03 -0.55522592930650E+03 -0.86797057426126E+03 -0.61461481885843E+02 -0.20274619927874E+03 -0.67430602867168E+03 -0.22235273965995E+04 -0.14543675896600E+04 -0.23229343420663E+04  0.19985415306667E+04  0.40795091711867E+04 -0.11689868300696E+04 -0.23159326596708E+04 -0.55507819073959E+03  0.50935142368766E+02  0.10122130575728E+03 -0.22838788758090E+04 -0.12414901721693E+04  0.90168526538434E+03  0.18665908905886E+03 -0.13873846236704E+04 -0.15465631862380E+04
   0.69217884334951E+04  0.76638714407550E+02 -0.19183073350993E+02  0.13694656565577E+05 -0.11382780456411E+04  0.43335992888459E+04  0.21904681972289E+04  0.43103190646470E+05  0.71041857418259E+04 -0.18066377760339E+04  0.52061186319740E+03  0.78006968580400E+03  0.50135072214995E+02  0.38351769723236E+01  0.17025646306194E+05 -0.18562263625838E+04  0.13042076072523E+05  0.70757171603483E+04 -0.24851930409348E+05 -0.22764755017842E+01 -0.10078508779639E+04 -0.10731907805868E+03 -0.29824739940795E+03 -0.46238010480502E+03 -0.34390510097951E+02 -0.11089610964999E+03 -0.38524322136550E+03 -0.15919413152990E+04 -0.10070671166201E+04 -0.11708941746267E+04  0.94717690944266E+03  0.22490685084763E+04 -0.59169093635625E+03 -0.11735895117261E+04 -0.30598268547341E+03  0.81461416724642E+02  0.15121503774146E+03 -0.14798668378685E+04 -0.77135340022572E+03  0.11730890210356E+04  0.13542919331815E+03 -0.99345057489002E+03 -0.11071750125097E+04
  -0.78599829249358E+07  0.26399573769368E+07 -0.32596361783988E+06 -0.23215306250251E+07  0.49657616443815E+06 -0.54056132263297E+05 -0.24984785605082E+06 -0.59338872675204E+06 -0.25989663220911E+05  0.57589004789880E+05 -0.63044320229548E+04 -0.62465257191770E+04 -0.29905182549687E+03 -0.78915984121068E+02 -0.55966952274692E+05  0.65266894460561E+04 -0.44621232141931E+05 -0.24851930409348E+05  0.34524615515370E+08  0.75260753040541E+03 -0.17694206837618E+07 -0.14742672815080E+06 -0.45304248727961E+06 -0.12577240574158E+07 -0.44018352715277E+05 -0.16915808621451E+06 -0.97141967387287E+06  0.34748769812451E+05  0.77296434132320E+05 -0.12222662897219E+04  0.57531017290744E+06  0.28238560295056E+07  0.17512618556055E+05  0.32011131704089E+05  0.22047082048076E+03  0.18722305552529E+06  0.82394584038104E+06  0.24931456454425E+05  0.78444176021554E+04 -0.18818118538997E+05  0.45032280760303E+05  0.20932622725624E+05  0.64981136957346E+05
   0.42554027565598E+03  0.46885771125802E+02  0.14788823259923E+02  0.31745007083138E+03 -0.42840849591022E+02  0.91821481548064E+02  0.70942198506047E+02  0.63225114057620E+03 -0.10095656695502E+03 -0.29959463607173E+02  0.50219569309922E+01 -0.40810127817661E+01 -0.47133833472860E+00  0.59325192336304E-01 -0.43777539031410E+01  0.11657295873327E+00 -0.56620004398050E+01 -0.22764755017842E+01  0.75260753040541E+03  0.18470264976754E+01  0.15475608690872E+03  0.27307743076692E+02  0.71580482144807E+02  0.16999722377728E+03  0.95362942783347E+01  0.29394857964091E+02  0.11678962778664E+03  0.00000000000000E+00 -0.68653390470040E+02  0.00000000000000E+00  0.00000000000000E+00 -0.57153649332926E+03  0.00000000000000E+00  0.20705404367272E+01  0.00000000000000E+00  0.00000000000000E+00  0.21009742412664E+02  0.00000000000000E+00  0.00000000000000E+00  0.00000000000000E+00  0.47302342275579E+02  0.00000000000000E+00 -0.62800736529842E+02
   0.53496483358739E+06 -0.15480568122905E+06  0.21814459053125E+05  0.14920600185426E+06 -0.30757691168631E+05  0.83739898320525E+04  0.18943015676701E+05  0.58240537291332E+05 -0.24280452873585E+03 -0.54166096399830E+04  0.57197333208107E+03  0.29843786958018E+03 -0.81559499515743E+01  0.90129120089443E+01 -0.17817749555275E+04  0.27389810504841E+03 -0.16051416593837E+04 -0.10078508779639E+04 -0.17694206837618E+07  0.15475608690872E+03  0.15650946497158E+06  0.15484861359580E+05  0.44334700762945E+05  0.12324081945106E+06  0.45069516675385E+04  0.16297573999604E+05  0.89108457098963E+05  0.00000000000000E+00 -0.10861861563937E+05  0.00000000000000E+00  0.00000000000000E+00 -0.27531028102163E+06  0.00000000000000E+00  0.26764263848812E+04  0.00000000000000E+00  0.00000000000000E+00 -0.58082324703249E+05  0.00000000000000E+00  0.00000000000000E+00  0.00000000000000E+00  0.91214962264880E+04  0.00000000000000E+00 -0.90221485187004E+04
   0.47459431004757E+05 -0.10641897307271E+05  0.18791717085593E+04  0.16353907687488E+05 -0.31139755540312E+04  0.16623423173942E+04  0.23720303572347E+04  0.18341308156230E+05 -0.32185037184243E+04 -0.91845385804121E+03  0.14041094826877E+03  0.26391009015620E+02  0.32735830469404E+01  0.59640927531334E+00 -0.18620548351110E+03  0.22307652966490E+02 -0.19092963408896E+03 -0.10731907805868E+03 -0.14742672815080E+06  0.27307743076692E+02  0.15484861359580E+05  0.18347643024629E+04  0.50495634361760E+04  0.13559690528150E+05  0.50926545564476E+03  0.17882993875277E+04  0.92967973124095E+04 -0.47019997644298E+02 -0.15592242308593E+04  0.42531683079214E+01  0.53523364679304E+03 -0.32556007013593E+05  0.00000000000000E+00  0.62440524032032E+01  0.00000000000000E+00  0.20483963368556E+04 -0.45383041306047E+04  0.00000000000000E+00  0.00000000000000E+00  0.00000000000000E+00  0.14578602244827E+04 -0.31294456431339E+03 -0.18346364628264E+04
   0.15577473141317E+06 -0.37892116445799E+05  0.61708910749687E+04  0.47078833480784E+05 -0.89703193198246E+04  0.46542839949309E+04  0.66942460282196E+04  0.59502883698104E+05 -0.11262879469060E+05 -0.27711142734558E+04  0.44531125876161E+03  0.22585301964178E+03  0.24356485616717E+02  0.15486044600322E+01 -0.55238692348001E+03  0.60728137591007E+02 -0.55522592930650E+03 -0.29824739940795E+03 -0.45304248727961E+06  0.71580482144807E+02  0.44334700762945E+05  0.50495634361760E+04  0.14333806332584E+05  0.37468111435169E+05  0.14343630984349E+04  0.50925706647741E+04  0.26529699476796E+05 -0.15214933434417E+03 -0.41259975206104E+04 -0.19290193790552E+02 -0.58746826182832E+04 -0.92559023364403E+05  0.00000000000000E+00  0.16458075286188E+02  0.00000000000000E+00  0.30005431962223E+04 -0.14139306942364E+05  0.00000000000000E+00  0.00000000000000E+00  0.00000000000000E+00  0.41657238334093E+04 -0.17752541894904E+04 -0.53897289832510E+04
   0.33007452603291E+06 -0.88506480856644E+05  0.13288020441837E+05  0.11974515911967E+06 -0.23463345493075E+05  0.99518880524099E+04  0.16295105542323E+05  0.98647353891874E+05 -0.15718114104054E+05 -0.53587268861505E+04  0.77487114663683E+03 -0.26441980620584E+03 -0.43177521109167E+02  0.52825549886609E+01 -0.84349841042845E+03  0.91681782684425E+02 -0.86797057426126E+03 -0.46238010480502E+03 -0.12577240574158E+07  0.16999722377728E+03  0.12324081945106E+06  0.13559690528150E+05  0.37468111435169E+05  0.10821726283072E+06  0.38538279087323E+04  0.13735586009955E+05  0.72967644255218E+05  0.23485714076581E+03 -0.12993345027924E+05 -0.43972183204125E+01  0.36872953431375E+05 -0.23950161001407E+06  0.00000000000000E+00  0.52902605237373E+02  0.00000000000000E+00  0.16117020005116E+05 -0.39485768570024E+05  0.00000000000000E+00  0.00000000000000E+00  0.00000000000000E+00  0.78535126349026E+04  0.14639686363489E+04 -0.13040730613762E+05
   0.16116527354706E+05 -0.40091416457214E+04  0.64374128201476E+03  0.52233282366601E+04 -0.95934069526265E+03  0.62517814081120E+03  0.79088607273046E+03  0.62118288563935E+04 -0.11352080848776E+04 -0.29979715556683E+03  0.46984154090184E+02 -0.16374859949490E+02 -0.23273792608553E+01  0.20973981824808E+00 -0.59108244039955E+02  0.69891787214655E+01 -0.61461481885843E+02 -0.34390510097951E+02 -0.44018352715277E+05  0.95362942783347E+01  0.45069516675385E+04  0.50926545564476E+03  0.14343630984349E+04  0.38538279087323E+04  0.16225030019403E+03  0.56430740024085E+03  0.27359076563737E+04  0.00000000000000E+00 -0.49198279820908E+03  0.00000000000000E+00  0.00000000000000E+00 -0.10406750796943E+05  0.00000000000000E+00  0.19535546113036E+01  0.00000000000000E+00  0.00000000000000E+00 -0.10695180413476E+04  0.00000000000000E+00  0.00000000000000E+00  0.00000000000000E+00  0.10355473541827E+03  0.00000000000000E+00 -0.65998928811949E+03
   0.58909342971986E+05 -0.15308119959979E+05  0.23582202509442E+04  0.18353227654405E+05 -0.34038039106129E+04  0.20641072922295E+04  0.26861015093280E+04  0.22594177949400E+05 -0.43503814524513E+04 -0.10399671928034E+04  0.16807284331932E+03 -0.71571418185753E+02 -0.89101512993649E+01  0.68678265536139E+00 -0.20135706182928E+03  0.23003073677954E+02 -0.20274619927874E+03 -0.11089610964999E+03 -0.16915808621451E+06  0.29394857964091E+02  0.16297573999604E+05  0.17882993875277E+04  0.50925706647741E+04  0.13735586009955E+05  0.56430740024085E+03  0.20050917028081E+04  0.97913344654264E+04  0.00000000000000E+00 -0.15636932704758E+04  0.00000000000000E+00  0.00000000000000E+00 -0.36448188215825E+05  0.00000000000000E+00  0.61848680429367E+01  0.00000000000000E+00  0.00000000000000E+00 -0.49004992825287E+04  0.00000000000000E+00  0.00000000000000E+00  0.00000000000000E+00  0.21647681828455E+03  0.00000000000000E+00 -0.23853083230163E+04
   0.31231034789026E+06 -0.87015638411283E+05  0.12653922954475E+05  0.87711776788376E+05 -0.17447233995768E+05  0.64912860589094E+04  0.11566626951299E+05  0.72894950342746E+05 -0.11506926962159E+05 -0.40506508121915E+04  0.57312578895349E+03 -0.13553991553432E+03 -0.18480045828043E+02  0.35614562515930E+01 -0.71261598318160E+03  0.91741238754454E+02 -0.67430602867168E+03 -0.38524322136550E+03 -0.97141967387287E+06  0.11678962778664E+03  0.89108457098963E+05  0.92967973124095E+04  0.26529699476796E+05  0.72967644255218E+05  0.27359076563737E+04  0.97913344654264E+04  0.52950714481193E+05  0.00000000000000E+00 -0.89184594678390E+04  0.00000000000000E+00  0.00000000000000E+00 -0.16919914233366E+06  0.00000000000000E+00  0.36304531241773E+02  0.00000000000000E+00  0.00000000000000E+00 -0.29865763951021E+05  0.00000000000000E+00  0.00000000000000E+00  0.00000000000000E+00  0.91749040137238E+04  0.00000000000000E+00 -0.89965649654260E+04
  -0.13071134219947E+06  0.16752249599204E+05 -0.49233080159019E+04 -0.12864196513462E+05  0.20024029509402E+04 -0.27814092916200E+04 -0.24917878745346E+04 -0.62078122966445E+05  0.11479512110730E+05  0.27418587451529E+04 -0.47007121589731E+03 -0.11336824226757E+04 -0.16788319118454E+03  0.66006167978868E-01 -0.26526308907703E+04  0.48620383547220E+03 -0.22235273965995E+04 -0.15919413152990E+04  0.34748769812451E+05  0.00000000000000E+00  0.00000000000000E+00 -0.47019997644298E+02 -0.15214933434417E+03  0.23485714076581E+03  0.00000000000000E+00  0.00000000000000E+00  0.00000000000000E+00  0.11679395231731E+06  0.00000000000000E+00  0.00000000000000E+00  0.00000000000000E+00  0.00000000000000E+00  0.00000000000000E+00  0.00000000000000E+00  0.00000000000000E+00  0.00000000000000E+00  0.00000000000000E+00  0.00000000000000E+00  0.00000000000000E+00  0.00000000000000E+00  0.00000000000000E+00  0.00000000000000E+00  0.00000000000000E+00
  -0.55679195100911E+05  0.82929827784077E+04 -0.20993404442712E+04 -0.21407680969799E+05  0.33756056280424E+04 -0.42970088980022E+04 -0.39206451010473E+04 -0.49923925568198E+05  0.10892695339340E+05  0.18952120831095E+04 -0.35520056496748E+03 -0.42653500030927E-01 -0.56640669365020E-02 -0.11673541146980E-04 -0.17446383140668E+04  0.30501943124167E+03 -0.14543675896600E+04 -0.10070671166201E+04  0.77296434132320E+05 -0.68653390470040E+02 -0.10861861563937E+05 -0.15592242308593E+04 -0.41259975206104E+04 -0.12993345027924E+05 -0.49198279820908E+03 -0.15636932704758E+04 -0.89184594678390E+04  0.00000000000000E+00  0.64837644893180E+05  0.00000000000000E+00  0.00000000000000E+00  0.00000000000000E+00  0.00000000000000E+00  0.00000000000000E+00  0.00000000000000E+00  0.00000000000000E+00  0.00000000000000E+00  0.00000000000000E+00  0.00000000000000E+00  0.00000000000000E+00  0.00000000000000E+00  0.00000000000000E+00  0.00000000000000E+00
  -0.50021962841133E+04 -0.20594389113209E+03  0.26983679085280E+02 -0.65258341455439E+02 -0.56884184607559E+02  0.15545052951381E+03  0.13880489988904E+03 -0.69199195906901E+05  0.24510100242235E+05  0.73385892514036E+03 -0.33735241766671E+03 -0.69916127872665E+03 -0.27558055051293E+02 -0.56357991979527E+01 -0.24811301291888E+04  0.28592696951280E+03 -0.23229343420663E+04 -0.11708941746267E+04 -0.12222662897219E+04  0.00000000000000E+00  0.00000000000000E+00  0.42531683079214E+01 -0.19290193790552E+02 -0.43972183204125E+01  0.00000000000000E+00  0.00000000000000E+00  0.00000000000000E+00  0.00000000000000E+00  0.00000000000000E+00  0.30770725890022E+05  0.00000000000000E+00  0.00000000000000E+00  0.00000000000000E+00  0.00000000000000E+00  0.00000000000000E+00  0.00000000000000E+00  0.00000000000000E+00  0.00000000000000E+00  0.00000000000000E+00  0.00000000000000E+00  0.00000000000000E+00  0.00000000000000E+00  0.00000000000000E+00
  -0.85928530681673E+06  0.21021383564808E+06 -0.33810442134797E+05 -0.66385958795774E+05  0.11839045932664E+05 -0.85823255818846E+04 -0.99561411069585E+04 -0.29063986881257E+06  0.66535322694229E+05  0.10990127977266E+05 -0.20269836545209E+04 -0.50493621634585E+04 -0.59755404769405E+03 -0.66362864173844E+00  0.20271754027513E+04 -0.17017206644576E+03  0.19985415306667E+04  0.94717690944266E+03  0.57531017290744E+06  0.00000000000000E+00  0.00000000000000E+00  0.53523364679304E+03 -0.58746826182832E+04  0.36872953431375E+05  0.00000000000000E+00  0.00000000000000E+00  0.00000000000000E+00  0.00000000000000E+00  0.00000000000000E+00  0.00000000000000E+00  0.57998540624607E+06  0.00000000000000E+00  0.00000000000000E+00  0.00000000000000E+00  0.00000000000000E+00  0.00000000000000E+00  0.00000000000000E+00  0.00000000000000E+00  0.00000000000000E+00  0.00000000000000E+00  0.00000000000000E+00  0.00000000000000E+00  0.00000000000000E+00
  -0.11192675954219E+07  0.26549354739338E+06 -0.44162548701159E+05 -0.34714687955220E+06  0.62968103095429E+05 -0.42878435643879E+05 -0.52407162851665E+05 -0.57336774750928E+06  0.12703584523181E+06  0.22883326641198E+05 -0.40485554481393E+04 -0.93970433912590E+01 -0.10506657748636E+01 -0.88554404698248E-03  0.43379462139252E+04 -0.49992528230679E+03  0.40795091711867E+04  0.22490685084763E+04  0.28238560295056E+07 -0.57153649332926E+03 -0.27531028102163E+06 -0.32556007013593E+05 -0.92559023364403E+05 -0.23950161001407E+06 -0.10406750796943E+05 -0.36448188215825E+05 -0.16919914233366E+06  0.00000000000000E+00  0.00000000000000E+00  0.00000000000000E+00  0.00000000000000E+00  0.92082848304006E+06  0.00000000000000E+00  0.00000000000000E+00  0.00000000000000E+00  0.00000000000000E+00  0.00000000000000E+00  0.00000000000000E+00  0.00000000000000E+00  0.00000000000000E+00  0.00000000000000E+00  0.00000000000000E+00  0.00000000000000E+00
  -0.20878830656943E+05  0.57775185983123E+04 -0.85563223412436E+03 -0.13821008293924E+04  0.32485907623459E+03  0.12473741398506E+02 -0.15821798712798E+03 -0.73591864708917E+05  0.23012743787642E+05  0.15055640464832E+04 -0.42690702975256E+03 -0.23085010959255E+04 -0.14568807514108E+03 -0.29218097769292E+01 -0.14922292222938E+04  0.15364381955193E+03 -0.11689868300696E+04 -0.59169093635625E+03  0.17512618556055E+05  0.00000000000000E+00  0.00000000000000E+00  0.00000000000000E+00  0.00000000000000E+00  0.00000000000000E+00  0.00000000000000E+00  0.00000000000000E+00  0.00000000000000E+00  0.00000000000000E+00  0.00000000000000E+00  0.00000000000000E+00  0.00000000000000E+00  0.00000000000000E+00  0.14456275263164E+05  0.00000000000000E+00  0.00000000000000E+00  0.00000000000000E+00  0.00000000000000E+00  0.00000000000000E+00  0.00000000000000E+00  0.00000000000000E+00  0.00000000000000E+00  0.00000000000000E+00  0.00000000000000E+00
  -0.47200282906721E+05  0.13227745242276E+05 -0.19423010117659E+04 -0.24956541661230E+04  0.56784550848787E+03 -0.77167047326163E+01 -0.27709451219592E+03 -0.16521976713004E+06  0.51736530555372E+05  0.33197934408852E+04 -0.95893152011348E+03 -0.72057355188935E+02 -0.18999547792958E+02 -0.10838964133713E-04 -0.29484341981577E+04  0.30261741642268E+03 -0.23159326596708E+04 -0.11735895117261E+04  0.32011131704089E+05  0.20705404367272E+01  0.26764263848812E+04  0.62440524032032E+01  0.16458075286188E+02  0.52902605237373E+02  0.19535546113036E+01  0.61848680429367E+01  0.36304531241773E+02  0.00000000000000E+00  0.00000000000000E+00  0.00000000000000E+00  0.00000000000000E+00  0.00000000000000E+00  0.00000000000000E+00  0.31573912956416E+05  0.00000000000000E+00  0.00000000000000E+00  0.00000000000000E+00  0.00000000000000E+00  0.00000000000000E+00  0.00000000000000E+00  0.00000000000000E+00  0.00000000000000E+00  0.00000000000000E+00
  -0.31695875915914E+04  0.42273151760224E+03 -0.10589305654326E+03 -0.71779489287478E+02  0.91358557780898E+01 -0.19120992212125E+02 -0.13382596312894E+02 -0.13830650031125E+04  0.18701888254332E+03  0.43437415090083E+02 -0.10942565116466E+02 -0.78634624022480E+02 -0.64105655098724E+01 -0.12790950222721E+00 -0.72356787895989E+03  0.79679553480267E+02 -0.55507819073959E+03 -0.30598268547341E+03  0.22047082048076E+03  0.00000000000000E+00  0.00000000000000E+00  0.00000000000000E+00  0.00000000000000E+00  0.00000000000000E+00  0.00000000000000E+00  0.00000000000000E+00  0.00000000000000E+00  0.00000000000000E+00  0.00000000000000E+00  0.00000000000000E+00  0.00000000000000E+00  0.00000000000000E+00  0.00000000000000E+00  0.00000000000000E+00  0.37947795361984E+04  0.00000000000000E+00  0.00000000000000E+00  0.00000000000000E+00  0.00000000000000E+00  0.00000000000000E+00  0.00000000000000E+00  0.00000000000000E+00  0.00000000000000E+00
  -0.20292689757526E+06  0.63782904263070E+05 -0.84530198788428E+04 -0.11839670927913E+05  0.29237918637999E+04  0.45448965511130E+03 -0.10021785241972E+04 -0.56787020062087E+04  0.59642966283433E+03  0.56203819765102E+03 -0.46397294124555E+02 -0.22406457040033E+00 -0.16025870847818E+00  0.13678757744342E-13  0.21987109764256E+03 -0.58900384749862E+02  0.50935142368766E+02  0.81461416724642E+02  0.18722305552529E+06  0.00000000000000E+00  0.00000000000000E+00  0.20483963368556E+04  0.30005431962223E+04  0.16117020005116E+05  0.00000000000000E+00  0.00000000000000E+00  0.00000000000000E+00  0.00000000000000E+00  0.00000000000000E+00  0.00000000000000E+00  0.00000000000000E+00  0.00000000000000E+00  0.00000000000000E+00  0.00000000000000E+00  0.00000000000000E+00  0.10617192793174E+06  0.00000000000000E+00  0.00000000000000E+00  0.00000000000000E+00  0.00000000000000E+00  0.00000000000000E+00  0.00000000000000E+00  0.00000000000000E+00
  -0.22975326957138E+06  0.71388922800994E+05 -0.95354592823160E+04 -0.53828793183531E+05  0.13027483702931E+05  0.15392356089034E+04 -0.47647540877903E+04 -0.11098496656513E+05  0.12002358309928E+04  0.10619715801660E+04 -0.90498366090833E+02  0.29930163368246E-02  0.19850367559844E-02 -0.13013743303839E-12  0.39410393289469E+03 -0.10416225513856E+03  0.10122130575728E+03  0.15121503774146E+03  0.82394584038104E+06  0.21009742412664E+02 -0.58082324703249E+05 -0.45383041306047E+04 -0.14139306942364E+05 -0.39485768570024E+05 -0.10695180413476E+04 -0.49004992825287E+04 -0.29865763951021E+05  0.00000000000000E+00  0.00000000000000E+00  0.00000000000000E+00  0.00000000000000E+00  0.00000000000000E+00  0.00000000000000E+00  0.00000000000000E+00  0.00000000000000E+00  0.00000000000000E+00  0.13860071936588E+06  0.00000000000000E+00  0.00000000000000E+00  0.00000000000000E+00  0.00000000000000E+00  0.00000000000000E+00  0.00000000000000E+00
