# fitpack15: fit parameters                                                                         
# CJ15 AV18 final data choices                                                                      
# Created on 01/15/2020 at 22:47:12                                                                 

 # QCD setup
  INS                           0
  NVL                          11
  IORD                          1
  Q02                   1.6899999999999999     
  IPARAMC                       7
  FLAVOR                4.0000000000000000     
  xmc                   1.3000000000000000     
  xmb                   4.5000000000000000     
  ncb                          12
  ihq                           1
  ias                           0

 # Theory corrections
  inuke                     10814
  itmc                          1
  iht                           1

 # fit parameters
 LAMBDA       0.22680        0.0000    
 a0uv          1.9523        0.0000    
 a1uv         0.56837       0.23417E-01
 a2uv          3.5564       0.11697E-01
 a3uv          0.0000        0.0000    
 a4uv          4.5766       0.62804    
 a5uv          0.0000        0.0000    
 a0dv          25.296        0.0000    
 a1dv          1.1597       0.31927E-01
 a2dv          6.6128       0.15765    
 a3dv         -3.5590       0.83388E-01
 a4dv          4.7685       0.13653    
 a5dv          0.0000        0.0000    
 a0ud         0.14218       0.49785E-02
 a1ud        -0.21074       0.38138E-02
 a2ud          8.4064       0.18236    
 a3ud          0.0000        0.0000    
 a4ud          15.611        1.2134    
 a5ud          0.0000        0.0000    
 a0du          35712.        0.0000    
 a1du          4.0888       0.77238E-01
 a2du          20.094       0.95997    
 a3du          17.000        0.0000    
 a4du          53.951        8.0704    
 a0g           48.513        0.0000    
 a1g          0.61411       0.33286E-01
 a2g           7.0965       0.95278    
 a3g          -3.3967       0.15762    
 a4g           3.4853       0.39793    
 a5g           0.0000        0.0000    
 kappa        0.40000        0.0000    
 a6dv        -0.37700E-02   0.63970E-03
 a7dv          2.0000        0.0000    
 off1         -2.8977        1.8028    
 off2         0.58749E-01   0.86795E-05
 ht1          -3.6381       0.35568    
 ht2           2.1322       0.12460    
 ht3          -2.0426       0.35662E-01
 ht4           0.0000        0.0000    
 ht1n         -3.8268        1.0321    
 ht2n          2.0541       0.32854    
 ht3n         -2.0889       0.55534E-01
 ht4n          0.0000        0.0000    
 dummy44       0.0000        0.0000    
 dummy45       0.0000        0.0000    
 dummy46       0.0000        0.0000    
 dummy47       0.0000        0.0000    
 dummy48       0.0000        0.0000    
 dummy49       0.0000        0.0000    
 bcdmsh2      0.97000       0.48516E-02
 bcdmsd2      0.98992       0.58028E-02
 ccfr          1.0000        0.0000    
 nutev         1.0000        0.0000    
 zeus         0.97998        0.0000    
 h1            1.0162        0.0000    
 e605          1.0319        0.0000    
 NmcH2         1.0062       0.71298E-02
 ntv_nu        1.0000        0.0000    
 ntv_nubar     1.0000        0.0000    
 cdf_jet      0.98910        0.0000    
 d0_jet       0.83504        0.0000    
 slac_p        1.0024       0.50294E-02
 slac_d        1.0011       0.52858E-02
 e866pp       0.98125       0.19937E-01
 e866pd       0.96846       0.15967E-01
 d0_gamjet     1.0365       0.16421E-01
 h1b          0.97608        0.0000    
 jlab_p       0.99059       0.62811E-02
 jlab_d       0.97359       0.59836E-02
 blank         1.0000        0.0000    
 d0run2       0.94333       0.14121E-01
 cdfrun2      0.93074       0.17272E-01
 HERA_el       1.0000        0.0000    
 HERA_ps       1.0000        0.0000    
 CDF_Z        0.95874       0.62840E-02
 NmcRat        1.0000        0.0000    
 BNS_F2nd     0.98137       0.11221E-01
 HERMES_F2p   0.99610       0.56716E-02
 HERMES_F2d   0.97757       0.58145E-02
 END 0. 0.

 # Hessian matrix (Bevington alpha)
   0.51926225505881E+07 -0.13302630777867E+07  0.19473723598344E+06  0.50370573283482E+06 -0.12870684396180E+06 -0.28155800296427E+05  0.54599558749369E+05  0.98787569405389E+06 -0.18415265442912E+06 -0.50244380943619E+05  0.73808928300805E+04  0.15332813221848E+05  0.17267421133394E+04 -0.10502431229743E+03  0.93501654108316E+04 -0.20730201805490E+04  0.89002037244454E+04  0.65239404705202E+04 -0.78880424893107E+07 -0.13209801757604E+04 -0.25529958869129E+08  0.38990346173399E+05  0.13243462229223E+06  0.25506429843260E+06  0.13738476156045E+05  0.50950522650252E+05  0.26153104390328E+06 -0.13232377016583E+06 -0.56118848309907E+05 -0.52638984058234E+04 -0.86814315197255E+06 -0.11261780439185E+07 -0.20983834824903E+05 -0.47574956738644E+05 -0.32056693006787E+04 -0.20477976237317E+06 -0.23106039952102E+06 -0.92531353912744E+04 -0.32602334541473E+04 -0.18086970904371E+05  0.17241961905195E+05 -0.74376767777238E+05 -0.58655292050975E+05
  -0.13302630777867E+07  0.41596602760778E+06 -0.50958645644389E+05 -0.13704380978925E+06  0.34782068139825E+05  0.10335149319779E+05 -0.11455441319188E+05 -0.12538156021158E+06  0.26446763591836E+05  0.74150371421937E+04 -0.88688628978486E+03 -0.11970779205567E+04 -0.13967775964926E+03  0.12598722217272E+02  0.64760826125885E+03 -0.51417980550066E+02  0.14126855661067E+03  0.71786677405482E+02  0.26383778387895E+07  0.53624387690176E+03  0.71103672646075E+07 -0.81277976125185E+04 -0.30782388827133E+05 -0.65475316151655E+05 -0.32709298015677E+04 -0.12795346616916E+05 -0.71381494347525E+05  0.16806417791141E+05  0.82986810234514E+04 -0.19509557908305E+03  0.21037045456886E+06  0.26580371753791E+06  0.57508920121585E+04  0.13206437693481E+05  0.42218046392051E+03  0.63860779373359E+05  0.71524146462443E+05  0.24408715273555E+04  0.77150104292115E+03 -0.22161960126209E+04 -0.22678423537442E+04  0.86829248369742E+04  0.72903135452813E+04
   0.19473723598344E+06 -0.50958645644389E+05  0.73562051203216E+04  0.18686555536072E+05 -0.48884199277308E+04 -0.13065316106560E+04  0.19662372771467E+04  0.27988968900771E+05 -0.50710866777338E+04 -0.16669790891714E+04  0.21268547519758E+03  0.41645030512972E+03  0.53154544900633E+02 -0.39759288349525E+01 -0.28910702764876E+03 -0.50054484872254E+01 -0.13913357636050E+03 -0.16558944701671E+02 -0.30321720354514E+06 -0.52001347719190E+02 -0.96545772386845E+06  0.14328484332789E+04  0.48688710939471E+04  0.95121026287494E+04  0.50924440665653E+03  0.18922970839893E+04  0.98349639871254E+04 -0.46768748180241E+04 -0.19847802193251E+04  0.18533640297383E+02 -0.31815959926539E+05 -0.41447904803450E+05 -0.79876429876075E+03 -0.18178349664967E+04 -0.10069012448215E+03 -0.79001555321321E+04 -0.88963290898680E+04 -0.34691450125910E+03 -0.12101986004946E+03 -0.65930390939096E+02  0.61405254102557E+03 -0.22206300683529E+04 -0.17921045424948E+04
   0.50370573283482E+06 -0.13704380978925E+06  0.18686555536072E+05  0.40063414635146E+06 -0.62559591404089E+05  0.75659069598256E+05  0.64954924332798E+05  0.36170836671256E+06 -0.27833812480815E+05 -0.18326543053349E+05  0.32073182681198E+04 -0.13984638877074E+04 -0.15013975670296E+03  0.54136841108176E+02  0.30780663044438E+05 -0.36995874834993E+04  0.22831866829909E+05  0.12812518638892E+05 -0.22985601678930E+07 -0.17946088027925E+03 -0.55498761817528E+07  0.13792025372236E+05  0.40157011997676E+05  0.98109568534356E+05  0.45168835622588E+04  0.16021739292951E+05  0.72633813746911E+05 -0.12884097671548E+05 -0.21347377023804E+05 -0.62989759296466E+02 -0.66329366901995E+05 -0.34440597385077E+06 -0.13629381871316E+04 -0.24929626521566E+04 -0.70300646447874E+02 -0.11787168515193E+05 -0.53157704331200E+05 -0.24889739837104E+04 -0.96552921951416E+03 -0.97893441467932E+04 -0.15905934295761E+05 -0.72572015489565E+04 -0.21515239392701E+05
  -0.12870684396180E+06  0.34782068139825E+05 -0.48884199277308E+04 -0.62559591404089E+05  0.11551381780816E+05 -0.76457217133755E+04 -0.92946161565501E+04 -0.33380018158241E+05  0.52239993234768E+03  0.23694439469274E+04 -0.32133457467315E+03 -0.19833045583224E+02  0.50146042133697E+01 -0.48238421256803E+01 -0.25841339048898E+04  0.31426196644969E+03 -0.18689987247400E+04 -0.10616785709981E+04  0.49608581416369E+06  0.59080086034987E+02  0.12063772274045E+07 -0.25931424079169E+04 -0.75634576276202E+04 -0.18985297186115E+05 -0.81459233677195E+03 -0.29211750925075E+04 -0.14346159077616E+05  0.20054054892117E+04  0.33746082507315E+04 -0.57941369368080E+02  0.11855540985981E+05  0.62831344894542E+05  0.32180711705605E+03  0.56837989520002E+03  0.89036886725629E+01  0.29271851144520E+04  0.13006416527565E+05  0.47031910918509E+03  0.17387346124192E+03  0.36525665924120E+03  0.25165346179380E+04  0.81744941556610E+03  0.25209772691261E+04
  -0.28155800296427E+05  0.10335149319779E+05 -0.13065316106560E+04  0.75659069598256E+05 -0.76457217133755E+04  0.25059128156226E+05  0.14989094532639E+05  0.11175935569091E+06 -0.10529267668066E+05 -0.46446197291400E+04  0.97181636193880E+03 -0.71765132317658E+03 -0.67572522693481E+02  0.18604529692972E+02  0.95433402330451E+04 -0.11794296116023E+04  0.71365682760193E+04  0.40686338458738E+04 -0.51489520472604E+05  0.59304982693538E+02 -0.16355914992035E+06  0.15254048234927E+04  0.43062711982777E+04  0.90361652380559E+04  0.59181499639740E+03  0.19772743952148E+04  0.58243975137500E+04 -0.27926150499422E+04 -0.42847046355706E+04  0.15740862211602E+03 -0.86634111414805E+04 -0.42389909270299E+05  0.11927874967297E+02 -0.12395602119112E+02 -0.18959497900067E+02  0.44595962982358E+03  0.16553286352770E+04 -0.25546470858805E+03 -0.13050384296726E+03 -0.31817833587395E+04 -0.33440512592056E+04 -0.18839055998579E+04 -0.54190122428508E+04
   0.54599558749369E+05 -0.11455441319188E+05  0.19662372771467E+04  0.64954924332798E+05 -0.92946161565501E+04  0.14989094532639E+05  0.11639566207229E+05  0.61579273677119E+05 -0.35021660871392E+04 -0.33014401008812E+04  0.56380448985817E+03 -0.23420878214402E+03 -0.27159694605877E+02  0.97443460480192E+01  0.48857828940661E+04 -0.61075389657871E+03  0.35533319814621E+04  0.20492901291834E+04 -0.24805761257009E+06  0.53895611878312E+01 -0.62804911852284E+06  0.20513214496312E+04  0.58439069911077E+04  0.13681083574862E+05  0.70446648341978E+03  0.24119716876563E+04  0.97353158055384E+04 -0.24995909992783E+04 -0.39177467593064E+04  0.14070795393451E+03 -0.99986417815024E+04 -0.52115796519426E+05 -0.15685173348584E+03 -0.27928793206356E+03 -0.13189302192791E+02 -0.10051230867986E+04 -0.46918581522798E+04 -0.36257841229962E+03 -0.15272054098103E+03 -0.13484814010981E+04 -0.31721981737118E+04 -0.11623300675674E+04 -0.34619610138774E+04
   0.98787569405389E+06 -0.12538156021158E+06  0.27988968900771E+05  0.36170836671256E+06 -0.33380018158241E+05  0.11175935569091E+06  0.61579273677119E+05  0.53553979309834E+07 -0.24016211143205E+07 -0.89053126297555E+05  0.26023890041219E+05  0.26283170957719E+05  0.17842134260593E+04  0.95002527888611E+02  0.88374962261128E+05 -0.11136350739032E+05  0.75870131011970E+05  0.41190671656857E+05 -0.59539509679026E+06  0.41477329217148E+03 -0.23741409186003E+07  0.18751394259808E+05  0.60479275489444E+05  0.10483681928114E+06  0.64757838863947E+04  0.23608543117017E+05  0.76870101979166E+05 -0.63024444482966E+05 -0.50487453115263E+05 -0.70165092396882E+05 -0.29506222722937E+06 -0.58021133236410E+06 -0.73837465511749E+05 -0.16624245521609E+06 -0.14048967097728E+04 -0.56652265711046E+04 -0.11156078175936E+05  0.19306209361506E+03  0.24184339331943E+03 -0.27352866631147E+06 -0.88150566617883E+04 -0.14411705786356E+06 -0.17775332634751E+06
  -0.18415265442912E+06  0.26446763591836E+05 -0.50710866777338E+04 -0.27833812480815E+05  0.52239993234768E+03 -0.10529267668066E+05 -0.35021660871392E+04 -0.24016211143205E+07  0.19288047122787E+07  0.19409107544624E+05 -0.64214973570939E+04 -0.55124415165595E+04 -0.30526045367181E+03 -0.13141144987228E+02  0.47988714233344E+05 -0.22126882510277E+04  0.13953683799795E+05  0.65782616403636E+04 -0.26138890555794E+05 -0.96253652977925E+02 -0.27739500681793E+05 -0.36080319569199E+04 -0.12210585444522E+05 -0.19772230467967E+05 -0.12840538477168E+04 -0.48597704521428E+04 -0.14230167151999E+05  0.11575422228764E+05  0.10920401596467E+05  0.24679299943395E+05  0.67065115437970E+05  0.12754042235082E+06  0.22895536042138E+05  0.51616532359790E+05  0.18953176715489E+03  0.58481585604278E+03  0.11891036511846E+04 -0.12341711952505E+04 -0.69009630536158E+03  0.11290460048106E+06  0.15780935776631E+04  0.45170487873489E+05  0.55178174722633E+05
  -0.50244380943619E+05  0.74150371421937E+04 -0.16669790891714E+04 -0.18326543053349E+05  0.23694439469274E+04 -0.46446197291400E+04 -0.33014401008812E+04 -0.89053126297555E+05  0.19409107544624E+05  0.26570578599364E+04 -0.61711264252025E+03 -0.65707583110938E+03 -0.58586589044801E+02 -0.17068469639326E+01 -0.39999651552739E+04  0.48358986635012E+03 -0.29805956872334E+04 -0.16903031786883E+04  0.57393634474628E+05 -0.10635867546289E+02  0.22535124047250E+06 -0.85184770972437E+03 -0.25945773047892E+04 -0.48919782849150E+04 -0.28464192004305E+03 -0.99572010784042E+03 -0.37150651095998E+04  0.27554467728466E+04  0.19014810601801E+04  0.73637679227907E+03  0.11037310379527E+05  0.22944695693690E+05  0.14966814819666E+04  0.33116601086488E+04  0.43646990035651E+02  0.55747941055074E+03  0.10597287306518E+04  0.13105352350313E+03  0.58137265523890E+02  0.31331797475771E+04  0.43785662242306E+03  0.28352683662762E+04  0.35838286457446E+04
   0.73808928300805E+04 -0.88688628978486E+03  0.21268547519758E+03  0.32073182681198E+04 -0.32133457467315E+03  0.97181636193880E+03  0.56380448985817E+03  0.26023890041219E+05 -0.64214973570939E+04 -0.61711264252025E+03  0.16796038372858E+03  0.18569353763672E+03  0.13627370313102E+02  0.63771909257767E+00  0.12251796578883E+04 -0.13469342943826E+03  0.88775751671856E+03  0.48352238074095E+03 -0.61666062883952E+04  0.28534475879610E+01 -0.23206940174911E+05  0.13568285124175E+03  0.43085085178365E+03  0.76295430692028E+03  0.46392762153085E+02  0.16694752730856E+03  0.56193285852839E+03 -0.46544596046093E+03 -0.35077839044144E+03 -0.33554519663157E+03 -0.20085769849647E+04 -0.39991895728647E+04 -0.41937051576514E+03 -0.94466461603428E+03 -0.10856816622457E+02 -0.45143960156946E+02 -0.88699079237810E+02 -0.13585630971048E+02 -0.63291464506952E+01 -0.11341030895410E+04 -0.65001880965037E+02 -0.81676898583264E+03 -0.10147686272160E+04
   0.15332813221848E+05 -0.11970779205567E+04  0.41645030512972E+03 -0.13984638877074E+04 -0.19833045583224E+02 -0.71765132317658E+03 -0.23420878214402E+03  0.26283170957719E+05 -0.55124415165595E+04 -0.65707583110938E+03  0.18569353763672E+03  0.15491358214732E+04  0.10359248862148E+03 -0.12030012869497E+01  0.13575156114024E+04 -0.18898041446722E+03  0.12197374110515E+04  0.71221322551323E+03 -0.60415059530756E+04 -0.48302894154314E+01 -0.18162141040001E+05  0.41528231876917E+01  0.15867716086982E+03 -0.40109770594062E+03 -0.21219880333853E+02 -0.87212799318792E+02 -0.23234174959161E+03 -0.11140694436592E+04 -0.69310134266798E-01 -0.67985787890184E+03 -0.49610238188156E+04 -0.15885119048183E+02 -0.22333271892016E+04 -0.69672417652514E+02 -0.77049763210153E+02 -0.21059713751963E+00  0.12767970562417E-02 -0.17005184780792E+01 -0.72639045943688E+00  0.28849831805590E+03  0.30739916986669E+03 -0.26539228356036E+04 -0.39884615269020E+01
   0.17267421133394E+04 -0.13967775964926E+03  0.53154544900633E+02 -0.15013975670296E+03  0.50146042133697E+01 -0.67572522693481E+02 -0.27159694605877E+02  0.17842134260593E+04 -0.30526045367181E+03 -0.58586589044801E+02  0.13627370313102E+02  0.10359248862148E+03  0.94195951242814E+01 -0.16675532654507E+00  0.75994120446313E+02 -0.12672516399970E+02  0.70926160119867E+02  0.45385188569209E+02 -0.29027078851211E+03 -0.41558993903385E+00 -0.14532910959434E+04  0.22781906534413E+01  0.21241437237631E+02 -0.45035571017965E+02 -0.23905022801409E+01 -0.91889175876144E+01 -0.20359448492728E+02 -0.16433324432440E+03 -0.96633069797810E-02 -0.26856433700299E+02 -0.58563115241275E+03 -0.19796896216292E+01 -0.14115684073170E+03 -0.18308064311229E+02 -0.62849571097182E+01 -0.15055339094627E+00  0.10482128334187E-02 -0.18054595678260E+00 -0.69921130223782E-01  0.28666489552257E+02  0.68737671478660E+02 -0.19295526127850E+03 -0.32737809793164E+00
  -0.10502431229743E+03  0.12598722217272E+02 -0.39759288349525E+01  0.54136841108176E+02 -0.48238421256803E+01  0.18604529692972E+02  0.97443460480192E+01  0.95002527888611E+02 -0.13141144987228E+02 -0.17068469639326E+01  0.63771909257767E+00 -0.12030012869497E+01 -0.16675532654507E+00  0.46617821030370E-01  0.13746670990929E+02 -0.10556755715407E+01  0.78521635140182E+01  0.36865516682841E+01 -0.79248972784184E+02  0.26552395905515E-01 -0.42051599138035E+03  0.35305213958295E+00  0.90091276443824E+00  0.32081697512866E+01  0.13314082525021E+00  0.44604827715545E+00  0.21384711660194E+01  0.66634821769814E-01 -0.18647695954937E-04 -0.57073024043859E+01 -0.68487340927149E+00 -0.14298312939809E-02 -0.29382078915740E+01 -0.11437973044852E-04 -0.12973706463018E+00  0.15641936656696E-12 -0.66971137280243E-12 -0.15617873301922E-02 -0.85679410672907E-03 -0.15682270077964E+01  0.31381271722884E-04 -0.28718038000094E+01 -0.25940066951104E-02
   0.93501654108316E+04  0.64760826125885E+03 -0.28910702764876E+03  0.30780663044438E+05 -0.25841339048898E+04  0.95433402330451E+04  0.48857828940661E+04  0.88374962261128E+05  0.47988714233344E+05 -0.39999651552739E+04  0.12251796578883E+04  0.13575156114024E+04  0.75994120446313E+02  0.13746670990929E+02  0.49430601491062E+05 -0.45676389241474E+04  0.30974029941459E+05  0.16105648944970E+05 -0.55701746536499E+05  0.16038523183821E+01  0.67274274384882E+05 -0.14660726277053E+03 -0.45188725457557E+03 -0.51714097281582E+03 -0.48510524355071E+02 -0.16812536896594E+03 -0.48001061098168E+03 -0.26454487068498E+04 -0.17371003241198E+04 -0.24929720327214E+04  0.20630199211746E+04  0.44080272929873E+04 -0.14756076566237E+04 -0.29347043072387E+04 -0.72551035817213E+03  0.20380578787350E+03  0.36931543628883E+03 -0.28251552224024E+04 -0.15078619852118E+04 -0.24471934981595E+04  0.19552850461620E+03 -0.88479616499793E+03 -0.99694502476859E+03
  -0.20730201805490E+04 -0.51417980550066E+02 -0.50054484872254E+01 -0.36995874834993E+04  0.31426196644969E+03 -0.11794296116023E+04 -0.61075389657871E+03 -0.11136350739032E+05 -0.22126882510277E+04  0.48358986635012E+03 -0.13469342943826E+03 -0.18898041446722E+03 -0.12672516399970E+02 -0.10556755715407E+01 -0.45676389241474E+04  0.48959590122164E+03 -0.32148211230231E+04 -0.17436742550548E+04  0.64603593263323E+04 -0.75508581984036E+00 -0.95105119502492E+04  0.16543435840321E+02  0.46225268248186E+02  0.40375242134185E+02  0.54457653204726E+01  0.17937096034166E+02  0.54764100178131E+02  0.48172288414662E+03  0.30182641343744E+03  0.28681447854810E+03 -0.17712211997972E+03 -0.51456792336099E+03  0.15130838403123E+03  0.30011542990710E+03  0.79639245598614E+02 -0.54583336495937E+02 -0.97485453140834E+02  0.42259846859000E+03  0.21061129565274E+03 -0.28699252639664E+03 -0.35288835034661E+02  0.24490610353877E+03  0.27443016930934E+03
   0.89002037244454E+04  0.14126855661067E+03 -0.13913357636050E+03  0.22831866829909E+05 -0.18689987247400E+04  0.71365682760193E+04  0.35533319814621E+04  0.75870131011970E+05  0.13953683799795E+05 -0.29805956872334E+04  0.88775751671856E+03  0.12197374110515E+04  0.70926160119867E+02  0.78521635140182E+01  0.30974029941459E+05 -0.32148211230231E+04  0.21641784147128E+05  0.11554952609344E+05 -0.41576311797461E+05 -0.26754842754035E+00  0.58673649401689E+05 -0.14107891307285E+03 -0.42957458118234E+03 -0.53175891312054E+03 -0.47170452812752E+02 -0.15927360738283E+03 -0.42936127883493E+03 -0.20022770904996E+04 -0.13151714827720E+04 -0.22121488668261E+04  0.19115212608533E+04  0.38281706940965E+04 -0.10992698736141E+04 -0.21904633478510E+04 -0.52116047950382E+03  0.39238739522536E+02  0.79977319611438E+02 -0.20928731400878E+04 -0.11432579651547E+04  0.67020760500049E+03  0.16677669606335E+03 -0.12431616636999E+04 -0.13846161579649E+04
   0.65239404705202E+04  0.71786677405482E+02 -0.16558944701671E+02  0.12812518638892E+05 -0.10616785709981E+04  0.40686338458738E+04  0.20492901291834E+04  0.41190671656857E+05  0.65782616403636E+04 -0.16903031786883E+04  0.48352238074095E+03  0.71221322551323E+03  0.45385188569209E+02  0.36865516682841E+01  0.16105648944970E+05 -0.17436742550548E+04  0.11554952609344E+05  0.62656191497488E+04 -0.23190705139148E+05  0.96312126428275E+00  0.34586998364763E+05 -0.78168968683039E+02 -0.22598654030874E+03 -0.25623582442038E+03 -0.26127550780482E+02 -0.85483137715425E+02 -0.23351468354910E+03 -0.14538029329922E+04 -0.92125895875477E+03 -0.11177306776156E+04  0.91515109638847E+03  0.21294273114219E+04 -0.55670473831990E+03 -0.11109216930074E+04 -0.28770561661599E+03  0.68672846261812E+02  0.12906424152263E+03 -0.13628062923178E+04 -0.71333519074384E+03  0.10264687830936E+04  0.12395097445338E+03 -0.91122670578897E+03 -0.10144159795017E+04
  -0.78880424893107E+07  0.26383778387895E+07 -0.30321720354514E+06 -0.22985601678930E+07  0.49608581416369E+06 -0.51489520472604E+05 -0.24805761257009E+06 -0.59539509679026E+06 -0.26138890555794E+05  0.57393634474628E+05 -0.61666062883952E+04 -0.60415059530756E+04 -0.29027078851211E+03 -0.79248972784184E+02 -0.55701746536499E+05  0.64603593263323E+04 -0.41576311797461E+05 -0.23190705139148E+05  0.34586603320509E+08  0.63348372967979E+04  0.77030165216171E+08 -0.11739674208982E+06 -0.37058981721224E+06 -0.99131426584556E+06 -0.35408264619018E+05 -0.13981433609853E+06 -0.78891887582199E+06  0.34835317844485E+05  0.77377874333795E+05 -0.12561177521837E+04  0.57575196754263E+06  0.28278230761139E+07  0.17332486737598E+05  0.31950389312969E+05  0.21153558652880E+03  0.18749087238688E+06  0.82522880342370E+06  0.24822096266794E+05  0.77977187346120E+04 -0.18780535443583E+05  0.45471451457628E+05  0.20941955521377E+05  0.64988117824726E+05
  -0.13209801757604E+04  0.53624387690176E+03 -0.52001347719190E+02 -0.17946088027925E+03  0.59080086034987E+02  0.59304982693538E+02  0.53895611878312E+01  0.41477329217148E+03 -0.96253652977925E+02 -0.10635867546289E+02  0.28534475879610E+01 -0.48302894154314E+01 -0.41558993903385E+00  0.26552395905515E-01  0.16038523183821E+01 -0.75508581984036E+00 -0.26754842754035E+00  0.96312126428275E+00  0.63348372967979E+04  0.22505561908863E+01  0.14742771018125E+05 -0.17800614159537E+02 -0.57650894810366E+02 -0.17791359035597E+03 -0.37138260206658E+01 -0.18256164518861E+02 -0.13669275292107E+03  0.00000000000000E+00 -0.28860383216271E+02  0.00000000000000E+00  0.00000000000000E+00  0.35215723199371E+03  0.00000000000000E+00 -0.70217565662276E+01  0.00000000000000E+00  0.00000000000000E+00  0.20659260436657E+03  0.00000000000000E+00  0.00000000000000E+00  0.00000000000000E+00  0.14090564447608E+02  0.00000000000000E+00 -0.30042547288708E+02
  -0.25529958869129E+08  0.71103672646075E+07 -0.96545772386845E+06 -0.55498761817528E+07  0.12063772274045E+07 -0.16355914992035E+06 -0.62804911852284E+06 -0.23741409186003E+07 -0.27739500681793E+05  0.22535124047250E+06 -0.23206940174911E+05 -0.18162141040001E+05 -0.14532910959434E+04 -0.42051599138035E+03  0.67274274384882E+05 -0.95105119502492E+04  0.58673649401689E+05  0.34586998364763E+05  0.77030165216171E+08  0.14742771018125E+05  0.13869646637549E+11 -0.67929144762350E+06 -0.19533197125033E+07 -0.50093113805616E+07 -0.16994261765013E+06 -0.63009418099513E+06 -0.39359649416455E+07  0.00000000000000E+00  0.50943133615735E+06  0.00000000000000E+00  0.00000000000000E+00  0.12569826564045E+08  0.00000000000000E+00 -0.12058748422195E+06  0.00000000000000E+00  0.00000000000000E+00  0.26174925689633E+07  0.00000000000000E+00  0.00000000000000E+00  0.00000000000000E+00 -0.30472572643962E+07  0.00000000000000E+00  0.42390627240213E+06
   0.38990346173399E+05 -0.81277976125185E+04  0.14328484332789E+04  0.13792025372236E+05 -0.25931424079169E+04  0.15254048234927E+04  0.20513214496312E+04  0.18751394259808E+05 -0.36080319569199E+04 -0.85184770972437E+03  0.13568285124175E+03  0.41528231876917E+01  0.22781906534413E+01  0.35305213958295E+00 -0.14660726277053E+03  0.16543435840321E+02 -0.14107891307285E+03 -0.78168968683039E+02 -0.11739674208982E+06 -0.17800614159537E+02 -0.67929144762350E+06  0.13629118335698E+04  0.37521736557828E+04  0.97551295331906E+04  0.37700683997395E+03  0.13306024202579E+04  0.66023924413779E+04 -0.44639448982987E+02 -0.14372563841725E+04  0.46465329625174E+01  0.61175655319603E+03 -0.28256794691966E+05  0.00000000000000E+00 -0.10386044082814E+03  0.00000000000000E+00  0.19924864718832E+04 -0.35791933526851E+04  0.00000000000000E+00  0.00000000000000E+00  0.00000000000000E+00  0.13129784808097E+04 -0.28427126742967E+03 -0.17990835535529E+04
   0.13243462229223E+06 -0.30782388827133E+05  0.48688710939471E+04  0.40157011997676E+05 -0.75634576276202E+04  0.43062711982777E+04  0.58439069911077E+04  0.60479275489444E+05 -0.12210585444522E+05 -0.25945773047892E+04  0.43085085178365E+03  0.15867716086982E+03  0.21241437237631E+02  0.90091276443824E+00 -0.45188725457557E+03  0.46225268248186E+02 -0.42957458118234E+03 -0.22598654030874E+03 -0.37058981721224E+06 -0.57650894810366E+02 -0.19533197125033E+07  0.37521736557828E+04  0.10737232645141E+05  0.26915532838135E+05  0.10684889614579E+04  0.38233216449244E+04  0.19032677721828E+05 -0.14844218145727E+03 -0.38049091378448E+04 -0.11593791632700E+02 -0.55074099459639E+04 -0.81109164082654E+05  0.00000000000000E+00 -0.27375538256682E+03  0.00000000000000E+00  0.30212884000592E+04 -0.11474038804389E+05  0.00000000000000E+00  0.00000000000000E+00  0.00000000000000E+00  0.38013363641022E+04 -0.16673746761478E+04 -0.52784838104664E+04
   0.25506429843260E+06 -0.65475316151655E+05  0.95121026287494E+04  0.98109568534356E+05 -0.18985297186115E+05  0.90361652380559E+04  0.13681083574862E+05  0.10483681928114E+06 -0.19772230467967E+05 -0.48919782849150E+04  0.76295430692028E+03 -0.40109770594062E+03 -0.45035571017965E+02  0.32081697512866E+01 -0.51714097281582E+03  0.40375242134185E+02 -0.53175891312054E+03 -0.25623582442038E+03 -0.99131426584556E+06 -0.17791359035597E+03 -0.50093113805616E+07  0.97551295331906E+04  0.26915532838135E+05  0.76833074859162E+05  0.27678931806257E+04  0.99473856498061E+04  0.50652730465432E+05  0.23048314198713E+03 -0.11968903585484E+05 -0.37917700799645E+01  0.36872789185229E+05 -0.20368869001397E+06  0.00000000000000E+00 -0.87995544337391E+03  0.00000000000000E+00  0.16279923129157E+05 -0.30816560491281E+05  0.00000000000000E+00  0.00000000000000E+00  0.00000000000000E+00  0.67796064139070E+04  0.14419501563038E+04 -0.12890429819590E+05
   0.13738476156045E+05 -0.32709298015677E+04  0.50924440665653E+03  0.45168835622588E+04 -0.81459233677195E+03  0.59181499639740E+03  0.70446648341978E+03  0.64757838863947E+04 -0.12840538477168E+04 -0.28464192004305E+03  0.46392762153085E+02 -0.21219880333853E+02 -0.23905022801409E+01  0.13314082525021E+00 -0.48510524355071E+02  0.54457653204726E+01 -0.47170452812752E+02 -0.26127550780482E+02 -0.35408264619018E+05 -0.37138260206658E+01 -0.16994261765013E+06  0.37700683997395E+03  0.10684889614579E+04  0.27678931806257E+04  0.12454949506151E+03  0.43519157765382E+03  0.19640169521843E+04  0.00000000000000E+00 -0.45430654667107E+03  0.00000000000000E+00  0.00000000000000E+00 -0.92236209255784E+04  0.00000000000000E+00 -0.32494449118933E+02  0.00000000000000E+00  0.00000000000000E+00 -0.80893684180195E+03  0.00000000000000E+00  0.00000000000000E+00  0.00000000000000E+00  0.49554077199206E+02  0.00000000000000E+00 -0.65482390767768E+03
   0.50950522650252E+05 -0.12795346616916E+05  0.18922970839893E+04  0.16021739292951E+05 -0.29211750925075E+04  0.19772743952148E+04  0.24119716876563E+04  0.23608543117017E+05 -0.48597704521428E+04 -0.99572010784042E+03  0.16694752730856E+03 -0.87212799318792E+02 -0.91889175876144E+01  0.44604827715545E+00 -0.16812536896594E+03  0.17937096034166E+02 -0.15927360738283E+03 -0.85483137715425E+02 -0.13981433609853E+06 -0.18256164518861E+02 -0.63009418099513E+06  0.13306024202579E+04  0.38233216449244E+04  0.99473856498061E+04  0.43519157765382E+03  0.15602946843216E+04  0.71006526857554E+04  0.00000000000000E+00 -0.14451358585073E+04  0.00000000000000E+00  0.00000000000000E+00 -0.32635654502590E+05  0.00000000000000E+00 -0.10287599781734E+03  0.00000000000000E+00  0.00000000000000E+00 -0.39635015693579E+04  0.00000000000000E+00  0.00000000000000E+00  0.00000000000000E+00  0.25589630378294E+02  0.00000000000000E+00 -0.23797053245822E+04
   0.26153104390328E+06 -0.71381494347525E+05  0.98349639871254E+04  0.72633813746911E+05 -0.14346159077616E+05  0.58243975137500E+04  0.97353158055384E+04  0.76870101979166E+05 -0.14230167151999E+05 -0.37150651095998E+04  0.56193285852839E+03 -0.23234174959161E+03 -0.20359448492728E+02  0.21384711660194E+01 -0.48001061098168E+03  0.54764100178131E+02 -0.42936127883493E+03 -0.23351468354910E+03 -0.78891887582199E+06 -0.13669275292107E+03 -0.39359649416455E+07  0.66023924413779E+04  0.19032677721828E+05  0.50652730465432E+05  0.19640169521843E+04  0.71006526857554E+04  0.37153668325749E+05  0.00000000000000E+00 -0.82138580737957E+04  0.00000000000000E+00  0.00000000000000E+00 -0.14433764538600E+06  0.00000000000000E+00 -0.60387139238216E+03  0.00000000000000E+00  0.00000000000000E+00 -0.23916484512720E+05  0.00000000000000E+00  0.00000000000000E+00  0.00000000000000E+00  0.84629041121788E+04  0.00000000000000E+00 -0.88788362178247E+04
  -0.13232377016583E+06  0.16806417791141E+05 -0.46768748180241E+04 -0.12884097671548E+05  0.20054054892117E+04 -0.27926150499422E+04 -0.24995909992783E+04 -0.63024444482966E+05  0.11575422228764E+05  0.27554467728466E+04 -0.46544596046093E+03 -0.11140694436592E+04 -0.16433324432440E+03  0.66634821769814E-01 -0.26454487068498E+04  0.48172288414662E+03 -0.20022770904996E+04 -0.14538029329922E+04  0.34835317844485E+05  0.00000000000000E+00  0.00000000000000E+00 -0.44639448982987E+02 -0.14844218145727E+03  0.23048314198713E+03  0.00000000000000E+00  0.00000000000000E+00  0.00000000000000E+00  0.11696625530124E+06  0.00000000000000E+00  0.00000000000000E+00  0.00000000000000E+00  0.00000000000000E+00  0.00000000000000E+00  0.00000000000000E+00  0.00000000000000E+00  0.00000000000000E+00  0.00000000000000E+00  0.00000000000000E+00  0.00000000000000E+00  0.00000000000000E+00  0.00000000000000E+00  0.00000000000000E+00  0.00000000000000E+00
  -0.56118848309907E+05  0.82986810234514E+04 -0.19847802193251E+04 -0.21347377023804E+05  0.33746082507315E+04 -0.42847046355706E+04 -0.39177467593064E+04 -0.50487453115263E+05  0.10920401596467E+05  0.19014810601801E+04 -0.35077839044144E+03 -0.69310134266798E-01 -0.96633069797810E-02 -0.18647695954937E-04 -0.17371003241198E+04  0.30182641343744E+03 -0.13151714827720E+04 -0.92125895875477E+03  0.77377874333795E+05 -0.28860383216271E+02  0.50943133615735E+06 -0.14372563841725E+04 -0.38049091378448E+04 -0.11968903585484E+05 -0.45430654667107E+03 -0.14451358585073E+04 -0.82138580737957E+04  0.00000000000000E+00  0.64968215710255E+05  0.00000000000000E+00  0.00000000000000E+00  0.00000000000000E+00  0.00000000000000E+00  0.00000000000000E+00  0.00000000000000E+00  0.00000000000000E+00  0.00000000000000E+00  0.00000000000000E+00  0.00000000000000E+00  0.00000000000000E+00  0.00000000000000E+00  0.00000000000000E+00  0.00000000000000E+00
  -0.52638984058234E+04 -0.19509557908305E+03  0.18533640297383E+02 -0.62989759296466E+02 -0.57941369368080E+02  0.15740862211602E+03  0.14070795393451E+03 -0.70165092396882E+05  0.24679299943395E+05  0.73637679227907E+03 -0.33554519663157E+03 -0.67985787890184E+03 -0.26856433700299E+02 -0.57073024043859E+01 -0.24929720327214E+04  0.28681447854810E+03 -0.22121488668261E+04 -0.11177306776156E+04 -0.12561177521837E+04  0.00000000000000E+00  0.00000000000000E+00  0.46465329625174E+01 -0.11593791632700E+02 -0.37917700799645E+01  0.00000000000000E+00  0.00000000000000E+00  0.00000000000000E+00  0.00000000000000E+00  0.00000000000000E+00  0.30816530955920E+05  0.00000000000000E+00  0.00000000000000E+00  0.00000000000000E+00  0.00000000000000E+00  0.00000000000000E+00  0.00000000000000E+00  0.00000000000000E+00  0.00000000000000E+00  0.00000000000000E+00  0.00000000000000E+00  0.00000000000000E+00  0.00000000000000E+00  0.00000000000000E+00
  -0.86814315197255E+06  0.21037045456886E+06 -0.31815959926539E+05 -0.66329366901995E+05  0.11855540985981E+05 -0.86634111414805E+04 -0.99986417815024E+04 -0.29506222722937E+06  0.67065115437970E+05  0.11037310379527E+05 -0.20085769849647E+04 -0.49610238188156E+04 -0.58563115241275E+03 -0.68487340927149E+00  0.20630199211746E+04 -0.17712211997972E+03  0.19115212608533E+04  0.91515109638847E+03  0.57575196754263E+06  0.00000000000000E+00  0.00000000000000E+00  0.61175655319603E+03 -0.55074099459639E+04  0.36872789185229E+05  0.00000000000000E+00  0.00000000000000E+00  0.00000000000000E+00  0.00000000000000E+00  0.00000000000000E+00  0.00000000000000E+00  0.58028223152780E+06  0.00000000000000E+00  0.00000000000000E+00  0.00000000000000E+00  0.00000000000000E+00  0.00000000000000E+00  0.00000000000000E+00  0.00000000000000E+00  0.00000000000000E+00  0.00000000000000E+00  0.00000000000000E+00  0.00000000000000E+00  0.00000000000000E+00
  -0.11261780439185E+07  0.26580371753791E+06 -0.41447904803450E+05 -0.34440597385077E+06  0.62831344894542E+05 -0.42389909270299E+05 -0.52115796519426E+05 -0.58021133236410E+06  0.12754042235082E+06  0.22944695693690E+05 -0.39991895728647E+04 -0.15885119048183E+02 -0.19796896216292E+01 -0.14298312939809E-02  0.44080272929873E+04 -0.51456792336099E+03  0.38281706940965E+04  0.21294273114219E+04  0.28278230761139E+07  0.35215723199371E+03  0.12569826564045E+08 -0.28256794691966E+05 -0.81109164082654E+05 -0.20368869001397E+06 -0.92236209255784E+04 -0.32635654502590E+05 -0.14433764538600E+06  0.00000000000000E+00  0.00000000000000E+00  0.00000000000000E+00  0.00000000000000E+00  0.92291290111652E+06  0.00000000000000E+00  0.00000000000000E+00  0.00000000000000E+00  0.00000000000000E+00  0.00000000000000E+00  0.00000000000000E+00  0.00000000000000E+00  0.00000000000000E+00  0.00000000000000E+00  0.00000000000000E+00  0.00000000000000E+00
  -0.20983834824903E+05  0.57508920121585E+04 -0.79876429876075E+03 -0.13629381871316E+04  0.32180711705605E+03  0.11927874967297E+02 -0.15685173348584E+03 -0.73837465511749E+05  0.22895536042138E+05  0.14966814819666E+04 -0.41937051576514E+03 -0.22333271892016E+04 -0.14115684073170E+03 -0.29382078915740E+01 -0.14756076566237E+04  0.15130838403123E+03 -0.10992698736141E+04 -0.55670473831990E+03  0.17332486737598E+05  0.00000000000000E+00  0.00000000000000E+00  0.00000000000000E+00  0.00000000000000E+00  0.00000000000000E+00  0.00000000000000E+00  0.00000000000000E+00  0.00000000000000E+00  0.00000000000000E+00  0.00000000000000E+00  0.00000000000000E+00  0.00000000000000E+00  0.00000000000000E+00  0.14312750520126E+05  0.00000000000000E+00  0.00000000000000E+00  0.00000000000000E+00  0.00000000000000E+00  0.00000000000000E+00  0.00000000000000E+00  0.00000000000000E+00  0.00000000000000E+00  0.00000000000000E+00  0.00000000000000E+00
  -0.47574956738644E+05  0.13206437693481E+05 -0.18178349664967E+04 -0.24929626521566E+04  0.56837989520002E+03 -0.12395602119112E+02 -0.27928793206356E+03 -0.16624245521609E+06  0.51616532359790E+05  0.33116601086488E+04 -0.94466461603428E+03 -0.69672417652514E+02 -0.18308064311229E+02 -0.11437973044852E-04 -0.29347043072387E+04  0.30011542990710E+03 -0.21904633478510E+04 -0.11109216930074E+04  0.31950389312969E+05 -0.70217565662276E+01 -0.12058748422195E+06 -0.10386044082814E+03 -0.27375538256682E+03 -0.87995544337391E+03 -0.32494449118933E+02 -0.10287599781734E+03 -0.60387139238216E+03  0.00000000000000E+00  0.00000000000000E+00  0.00000000000000E+00  0.00000000000000E+00  0.00000000000000E+00  0.00000000000000E+00  0.31483303484191E+05  0.00000000000000E+00  0.00000000000000E+00  0.00000000000000E+00  0.00000000000000E+00  0.00000000000000E+00  0.00000000000000E+00  0.00000000000000E+00  0.00000000000000E+00  0.00000000000000E+00
  -0.32056693006787E+04  0.42218046392051E+03 -0.10069012448215E+03 -0.70300646447874E+02  0.89036886725629E+01 -0.18959497900067E+02 -0.13189302192791E+02 -0.14048967097728E+04  0.18953176715489E+03  0.43646990035651E+02 -0.10856816622457E+02 -0.77049763210153E+02 -0.62849571097182E+01 -0.12973706463018E+00 -0.72551035817213E+03  0.79639245598614E+02 -0.52116047950382E+03 -0.28770561661599E+03  0.21153558652880E+03  0.00000000000000E+00  0.00000000000000E+00  0.00000000000000E+00  0.00000000000000E+00  0.00000000000000E+00  0.00000000000000E+00  0.00000000000000E+00  0.00000000000000E+00  0.00000000000000E+00  0.00000000000000E+00  0.00000000000000E+00  0.00000000000000E+00  0.00000000000000E+00  0.00000000000000E+00  0.00000000000000E+00  0.37975989840150E+04  0.00000000000000E+00  0.00000000000000E+00  0.00000000000000E+00  0.00000000000000E+00  0.00000000000000E+00  0.00000000000000E+00  0.00000000000000E+00  0.00000000000000E+00
  -0.20477976237317E+06  0.63860779373359E+05 -0.79001555321321E+04 -0.11787168515193E+05  0.29271851144520E+04  0.44595962982358E+03 -0.10051230867986E+04 -0.56652265711046E+04  0.58481585604278E+03  0.55747941055074E+03 -0.45143960156946E+02 -0.21059713751963E+00 -0.15055339094627E+00  0.15641936656696E-12  0.20380578787350E+03 -0.54583336495937E+02  0.39238739522536E+02  0.68672846261812E+02  0.18749087238688E+06  0.00000000000000E+00  0.00000000000000E+00  0.19924864718832E+04  0.30212884000592E+04  0.16279923129157E+05  0.00000000000000E+00  0.00000000000000E+00  0.00000000000000E+00  0.00000000000000E+00  0.00000000000000E+00  0.00000000000000E+00  0.00000000000000E+00  0.00000000000000E+00  0.00000000000000E+00  0.00000000000000E+00  0.00000000000000E+00  0.10627724751908E+06  0.00000000000000E+00  0.00000000000000E+00  0.00000000000000E+00  0.00000000000000E+00  0.00000000000000E+00  0.00000000000000E+00  0.00000000000000E+00
  -0.23106039952102E+06  0.71524146462443E+05 -0.88963290898680E+04 -0.53157704331200E+05  0.13006416527565E+05  0.16553286352770E+04 -0.46918581522798E+04 -0.11156078175936E+05  0.11891036511846E+04  0.10597287306518E+04 -0.88699079237810E+02  0.12767970562417E-02  0.10482128334187E-02 -0.66971137280243E-12  0.36931543628883E+03 -0.97485453140834E+02  0.79977319611438E+02  0.12906424152263E+03  0.82522880342370E+06  0.20659260436657E+03  0.26174925689633E+07 -0.35791933526851E+04 -0.11474038804389E+05 -0.30816560491281E+05 -0.80893684180195E+03 -0.39635015693579E+04 -0.23916484512720E+05  0.00000000000000E+00  0.00000000000000E+00  0.00000000000000E+00  0.00000000000000E+00  0.00000000000000E+00  0.00000000000000E+00  0.00000000000000E+00  0.00000000000000E+00  0.00000000000000E+00  0.13915757400654E+06  0.00000000000000E+00  0.00000000000000E+00  0.00000000000000E+00  0.00000000000000E+00  0.00000000000000E+00  0.00000000000000E+00
