# fitpack15: fit parameters                                                                         
# CJ15 AV18 final data choices                                                                      
# Created on 01/16/2020 at 18:50:26                                                                 

 # QCD setup
  INS                           0
  NVL                          11
  IORD                          1
  Q02                   1.6899999999999999     
  IPARAMC                       7
  FLAVOR                4.0000000000000000     
  xmc                   1.3000000000000000     
  xmb                   4.5000000000000000     
  ncb                          12
  ihq                           1
  ias                           0

 # Theory corrections
  inuke                     10814
  itmc                          1
  iht                           1

 # fit parameters
 LAMBDA       0.22680        0.0000    
 a0uv          1.9543        0.0000    
 a1uv         0.56853       0.23578E-01
 a2uv          3.5567       0.11681E-01
 a3uv          0.0000        0.0000    
 a4uv          4.5694       0.63055    
 a5uv          0.0000        0.0000    
 a0dv          25.067        0.0000    
 a1dv          1.1575       0.33184E-01
 a2dv          6.6247       0.15923    
 a3dv         -3.5591       0.84846E-01
 a4dv          4.7849       0.13961    
 a5dv          0.0000        0.0000    
 a0ud         0.14199       0.49836E-02
 a1ud        -0.21084       0.38199E-02
 a2ud          8.4262       0.18945    
 a3ud          0.0000        0.0000    
 a4ud          15.779        1.3094    
 a5ud          0.0000        0.0000    
 a0du          35712.        0.0000    
 a1du          4.0841       0.86103E-01
 a2du          20.135       0.95777    
 a3du          17.000        0.0000    
 a4du          52.967        11.887    
 a0g           47.569        0.0000    
 a1g          0.61045       0.32746E-01
 a2g           6.8469       0.97094    
 a3g          -3.3822       0.14896    
 a4g           3.4035       0.38076    
 a5g           0.0000        0.0000    
 kappa        0.40000        0.0000    
 a6dv        -0.39235E-02   0.67181E-03
 a7dv          2.0000        0.0000    
 off1         -2.6821        1.8351    
 off2         0.52131E-01   0.11102E-01
 ht1          -3.5710       0.34744    
 ht2           2.0907       0.12486    
 ht3          -2.0477       0.35544E-01
 ht4           0.0000        0.0000    
 ht1n         -3.7390        1.0420    
 ht2n          2.0004       0.34460    
 ht3n         -2.1241       0.67641E-01
 ht4n          0.0000        0.0000    
 dummy44       0.0000        0.0000    
 dummy45       0.0000        0.0000    
 dummy46       0.0000        0.0000    
 dummy47       0.0000        0.0000    
 dummy48       0.0000        0.0000    
 dummy49       0.0000        0.0000    
 bcdmsh2      0.97003       0.48543E-02
 bcdmsd2      0.99006       0.58555E-02
 ccfr          1.0000        0.0000    
 nutev         1.0000        0.0000    
 zeus         0.97998        0.0000    
 h1            1.0162        0.0000    
 e605          1.0319        0.0000    
 NmcH2         1.0064       0.71343E-02
 ntv_nu        1.0000        0.0000    
 ntv_nubar     1.0000        0.0000    
 cdf_jet      0.98910        0.0000    
 d0_jet       0.83504        0.0000    
 slac_p        1.0020       0.50386E-02
 slac_d        1.0013       0.53134E-02
 e866pp       0.98184       0.19978E-01
 e866pd       0.96973       0.16459E-01
 d0_gamjet     1.0363       0.16487E-01
 h1b          0.97608        0.0000    
 jlab_p       0.99055       0.62872E-02
 jlab_d       0.97452       0.60166E-02
 blank         1.0000        0.0000    
 d0run2       0.94450       0.14211E-01
 cdfrun2      0.93126       0.17322E-01
 HERA_el       1.0000        0.0000    
 HERA_ps       1.0000        0.0000    
 CDF_Z        0.95922       0.66368E-02
 NmcRat        1.0000        0.0000    
 BNS_F2nd     0.98289       0.11792E-01
 HERMES_F2p   0.99590       0.56745E-02
 HERMES_F2d   0.97757       0.58477E-02
 END 0. 0.

 # Hessian matrix (Bevington alpha)
   0.51942099270998E+07 -0.13316058056391E+07  0.19510115676160E+06  0.50411730526784E+06 -0.12794824183318E+06 -0.29700885475706E+05  0.53210632600129E+05  0.98904567520146E+06 -0.18423582254963E+06 -0.50181021071623E+05  0.73142283049692E+04  0.15373517408574E+05  0.17264846248777E+04 -0.10690304908098E+03  0.96657397011051E+04 -0.21502567515729E+04  0.10108280222549E+05  0.72798951379191E+04 -0.78401600614225E+07 -0.16304257133119E+04 -0.11663502396803E+07  0.32272574643057E+05  0.11571924199771E+06  0.20024187873261E+06  0.11319390839175E+05  0.43994095898860E+05  0.22410165374651E+06 -0.13225611569518E+06 -0.56066140144187E+05 -0.52649090322221E+04 -0.86866631337799E+06 -0.11262773980960E+07 -0.20979586073549E+05 -0.47538969617883E+05 -0.32082912082331E+04 -0.20491847285774E+06 -0.23108464334017E+06 -0.92333782013180E+04 -0.32579475126208E+04 -0.18074974140999E+05  0.17121224767579E+05 -0.74370310942145E+05 -0.58620235388805E+05
  -0.13316058056391E+07  0.41659368849852E+06 -0.51092625344900E+05 -0.13737880122546E+06  0.34556621635953E+05  0.10705810627461E+05 -0.11124967983060E+05 -0.12546541630470E+06  0.26444749439236E+05  0.74002518134807E+04 -0.87828151440543E+03 -0.12009174673031E+04 -0.13954880939981E+03  0.12812562430071E+02  0.64432377192516E+03 -0.52886876968130E+02  0.13637410983670E+03  0.74911168618182E+02  0.26240531719395E+07  0.62204586003209E+03  0.33269095817334E+06 -0.61867403888772E+04 -0.26018634794782E+05 -0.50357458106925E+05 -0.25791563233344E+04 -0.10849118340660E+05 -0.61004120524873E+05  0.16793680556121E+05  0.82940173817975E+04 -0.19440639578247E+03  0.21053848297350E+06  0.26618136049670E+06  0.57476978222513E+04  0.13192386953303E+05  0.42274844003576E+03  0.63900626181958E+05  0.71593452837963E+05  0.24380049454565E+04  0.77164676856697E+03 -0.22150882018746E+04 -0.22569080816513E+04  0.86856501815843E+04  0.72968422268671E+04
   0.19510115676160E+06 -0.51092625344900E+05  0.73815634151874E+04  0.18737462257787E+05 -0.48677569008525E+04 -0.13643948214115E+04  0.19179852115175E+04  0.28033840067067E+05 -0.50729531294342E+04 -0.16665075614343E+04  0.21078841652025E+03  0.41750407850294E+03  0.53157354536257E+02 -0.40606174146293E+01 -0.27922998011235E+03 -0.71837542720463E+01 -0.12841806362833E+03 -0.70653648860855E+01 -0.30191481247532E+06 -0.63812788100294E+02 -0.44257606224124E+05  0.11795784406123E+04  0.42398987573139E+04  0.74570621902445E+04  0.41804010022639E+03  0.16311710718344E+04  0.84365792330158E+04 -0.46799580528991E+04 -0.19858916054015E+04  0.18526542725820E+02 -0.31880113671260E+05 -0.41525135716822E+05 -0.79967756173581E+03 -0.18189467862432E+04 -0.10089972406939E+03 -0.79172277168053E+04 -0.89133688148962E+04 -0.34673417604854E+03 -0.12112138681767E+03 -0.65694058131915E+02  0.61089260246573E+03 -0.22229760198945E+04 -0.17937553738686E+04
   0.50411730526784E+06 -0.13737880122546E+06  0.18737462257787E+05  0.40090033007481E+06 -0.62343961627545E+05  0.74362535653915E+05  0.64105589694523E+05  0.36279300248694E+06 -0.27887632247717E+05 -0.18337454214478E+05  0.31857630034462E+04 -0.13967412344870E+04 -0.15047186874048E+03  0.55340045678427E+02  0.30955494277000E+05 -0.37575365860038E+04  0.24540120664413E+05  0.13778135649188E+05 -0.22835099248933E+07 -0.26856723759853E+03 -0.32365055169128E+06  0.11992908223983E+05  0.35530043573390E+05  0.82892527908077E+05  0.38595513382648E+04  0.14078688323836E+05  0.62148008698017E+05 -0.12876289722817E+05 -0.21331305082118E+05 -0.67921996699992E+02 -0.66374085911381E+05 -0.34461420170770E+06 -0.13667513024875E+04 -0.24936727094621E+04 -0.70793834161889E+02 -0.11784543235234E+05 -0.53183712455761E+05 -0.24815091429754E+04 -0.96416863713383E+03 -0.98262507454280E+04 -0.15887393035593E+05 -0.72631904784853E+04 -0.21521744010425E+05
  -0.12794824183318E+06  0.34556621635953E+05 -0.48677569008525E+04 -0.62343961627545E+05  0.11447184682319E+05 -0.74504085908802E+04 -0.91279737948216E+04 -0.33369277726819E+05  0.51448407266786E+03  0.23627486977497E+04 -0.31801677312776E+03 -0.20184558908023E+02  0.50460485786243E+01 -0.49295406869500E+01 -0.25978243589269E+04  0.31987108723240E+03 -0.20068717672401E+04 -0.11414828011994E+04  0.48890871745431E+06  0.76390762638409E+02  0.66540535852562E+05 -0.22110247652875E+04 -0.65748994357575E+04 -0.15807739750885E+05 -0.67250545994213E+03 -0.25029982753804E+04 -0.12145817233291E+05  0.19994885384648E+04  0.33631303740472E+04 -0.57306138557457E+02  0.11791829966068E+05  0.62589616116582E+05  0.32026698579633E+03  0.56398593221825E+03  0.89570882621949E+01  0.29009259058412E+04  0.12917479756935E+05  0.46611762346420E+03  0.17273439026678E+03  0.37034344373448E+03  0.25094161437322E+04  0.81527549460433E+03  0.25157119649326E+04
  -0.29700885475706E+05  0.10705810627461E+05 -0.13643948214115E+04  0.74362535653915E+05 -0.74504085908802E+04  0.24485120316681E+05  0.14608500718334E+05  0.11090974319270E+06 -0.10485718747728E+05 -0.45845218077386E+04  0.95470109322164E+03 -0.71466138072709E+03 -0.67256782384185E+02  0.18830099953421E+02  0.95027969434985E+04 -0.11849528659400E+04  0.76204936348613E+04  0.43430353044988E+04 -0.44527000749233E+05  0.53641294728815E+02 -0.17937907308731E+05  0.13827182446736E+04  0.39149217711827E+04  0.77318490397488E+04  0.54899365993865E+03  0.18231399754625E+04  0.49097670860285E+04 -0.27444824606513E+04 -0.42066215851568E+04  0.15262673991793E+03 -0.84614833060521E+04 -0.41201214886521E+05  0.14359466781000E+02 -0.82418050299574E+01 -0.18777317653558E+02  0.46502635289134E+03  0.17839551940378E+04 -0.24650947935658E+03 -0.12704738732900E+03 -0.31669737824375E+04 -0.32748811024267E+04 -0.18635357905126E+04 -0.53505348429656E+04
   0.53210632600129E+05 -0.11124967983060E+05  0.19179852115175E+04  0.64105589694523E+05 -0.91279737948216E+04  0.14608500718334E+05  0.11353828606927E+05  0.61107770005626E+05 -0.34783865890845E+04 -0.32639378805702E+04  0.55387598307284E+03 -0.23304307521614E+03 -0.27053690972678E+02  0.98768416805582E+01  0.48769221491231E+04 -0.61631128430650E+03  0.38019032877547E+04  0.21938625014990E+04 -0.24084173338395E+06 -0.58542711447975E+01 -0.40905036081302E+05  0.17934631874983E+04  0.51622049411336E+04  0.11477822445979E+05  0.61365831654091E+03  0.21270685051114E+04  0.82035879329810E+04 -0.24664788666784E+04 -0.38645428938125E+04  0.13813494116938E+03 -0.98473544976340E+04 -0.51294796346605E+05 -0.15423180947800E+03 -0.27405408075424E+03 -0.13111003611731E+02 -0.98049628646626E+03 -0.45725738907425E+04 -0.35525551555883E+03 -0.15010860583867E+03 -0.13439511039145E+04 -0.31243067736172E+04 -0.11505068437100E+04 -0.34238502472408E+04
   0.98904567520146E+06 -0.12546541630470E+06  0.28033840067067E+05  0.36279300248694E+06 -0.33369277726819E+05  0.11090974319270E+06  0.61107770005626E+05  0.53863645848010E+07 -0.24089864521693E+07 -0.89460589699515E+05  0.25984930276334E+05  0.26539693358971E+05  0.17963609122492E+04  0.99071332107388E+02  0.89161532863825E+05 -0.11304347770585E+05  0.81639999737615E+05  0.44249233418167E+05 -0.59077102568184E+06  0.37213885375543E+03 -0.13810587834036E+06  0.17839824372613E+05  0.58489526162923E+05  0.94430530153812E+05  0.61991121443700E+04  0.22818811072034E+05  0.69758525104394E+05 -0.63158804500106E+05 -0.50620403300341E+05 -0.70406238843996E+05 -0.29580323749374E+06 -0.58135835796668E+06 -0.73970074556864E+05 -0.16645984651143E+06 -0.14121295674695E+04 -0.56737406034039E+04 -0.11183619107892E+05  0.23385491055909E+03  0.25303893854420E+03 -0.27441322319487E+06 -0.87718923522008E+04 -0.14463216476207E+06 -0.17838194481968E+06
  -0.18423582254963E+06  0.26444749439236E+05 -0.50729531294342E+04 -0.27887632247717E+05  0.51448407266786E+03 -0.10485718747728E+05 -0.34783865890845E+04 -0.24089864521693E+07  0.19292436987856E+07  0.19481916031895E+05 -0.64093040186387E+04 -0.55700315667292E+04 -0.30781734563575E+03 -0.13901135231574E+02  0.48014584734385E+05 -0.22217770109175E+04  0.14552455251694E+05  0.69408357400113E+04 -0.26064199128246E+05 -0.94561150324415E+02  0.23382005405278E+04 -0.35232955085953E+04 -0.12108350296902E+05 -0.18434043550874E+05 -0.12663874286847E+04 -0.48313378327144E+04 -0.13316634514187E+05  0.11581057175490E+05  0.10932336653836E+05  0.24741109653169E+05  0.67165494274350E+05  0.12764718523645E+06  0.22907471589051E+05  0.51623568703343E+05  0.19116519115274E+03  0.59490086256354E+03  0.12077805622925E+04 -0.12468119320443E+04 -0.69366627253249E+03  0.11308578994201E+06  0.15675682634273E+04  0.45277030033644E+05  0.55303849032408E+05
  -0.50181021071623E+05  0.74002518134807E+04 -0.16665075614343E+04 -0.18337454214478E+05  0.23627486977497E+04 -0.45845218077386E+04 -0.32639378805702E+04 -0.89460589699515E+05  0.19481916031895E+05  0.26626597455481E+04 -0.61430581469349E+03 -0.66108470493038E+03 -0.58759020118039E+02 -0.17743863144452E+01 -0.40259287773024E+04  0.49120722280438E+03 -0.32153439517066E+04 -0.18225260818471E+04  0.56826294919958E+05 -0.70950620731008E+01  0.12216426190507E+05 -0.78295405199962E+03 -0.24207166456315E+04 -0.42297760888067E+04 -0.26104600094431E+03 -0.92314970336856E+03 -0.32613470441045E+04  0.27567038030168E+04  0.19033510414504E+04  0.73776276962340E+03  0.11039915287510E+05  0.22946756083367E+05  0.14965972170882E+04  0.33091458619893E+04  0.43765353803801E+02  0.55449249653806E+03  0.10556058666421E+04  0.12996274633696E+03  0.57867928780179E+02  0.31403966226267E+04  0.43540986645539E+03  0.28401286210981E+04  0.35903362088113E+04
   0.73142283049692E+04 -0.87828151440543E+03  0.21078841652025E+03  0.31857630034462E+04 -0.31801677312776E+03  0.95470109322164E+03  0.55387598307284E+03  0.25984930276334E+05 -0.64093040186387E+04 -0.61430581469349E+03  0.16621372482290E+03  0.18572746741826E+03  0.13580903188800E+02  0.66002539819096E+00  0.12226617115620E+04 -0.13534935941448E+03  0.94530649899339E+03  0.51468529399243E+03 -0.60552102434502E+04  0.24405190197347E+01 -0.12842339890941E+04  0.12670724658561E+03  0.40891687943215E+03  0.67272852906915E+03  0.43528417985322E+02  0.15815370338609E+03  0.49983338720374E+03 -0.46192343298801E+03 -0.34841645116412E+03 -0.33442727065169E+03 -0.19944737186663E+04 -0.39687917826395E+04 -0.41670950150070E+03 -0.93813668688745E+03 -0.10807750847074E+02 -0.44618203643808E+02 -0.87778289003334E+02 -0.13203923519157E+02 -0.61980655973729E+01 -0.11302077813621E+04 -0.64046472134307E+02 -0.81292815044901E+03 -0.10099396314884E+04
   0.15373517408574E+05 -0.12009174673031E+04  0.41750407850294E+03 -0.13967412344870E+04 -0.20184558908023E+02 -0.71466138072709E+03 -0.23304307521614E+03  0.26539693358971E+05 -0.55700315667292E+04 -0.66108470493038E+03  0.18572746741826E+03  0.15662754119760E+04  0.10442741877483E+03 -0.11581916023693E+01  0.13700402456925E+04 -0.19200670180542E+03  0.13292122657330E+04  0.77193927322571E+03 -0.60467086756761E+04 -0.49724780026230E+01 -0.58426374617817E+03  0.78761721720884E+01  0.17565927822449E+03 -0.40174204714674E+03 -0.22015871331753E+02 -0.90756747856737E+02 -0.23073119297793E+03 -0.11154366576139E+04 -0.75594235263984E-01 -0.68572716411981E+03 -0.49731761775478E+04 -0.16827653089896E+02 -0.22453201431000E+04 -0.69159231674478E+02 -0.77454389390542E+02 -0.20479567758749E+00  0.28419423540980E-02 -0.17026456682462E+01 -0.72875832562163E+00  0.29160352532327E+03  0.30450574584718E+03 -0.26688309510399E+04 -0.45376115599850E+01
   0.17264846248777E+04 -0.13954880939981E+03  0.53157354536257E+02 -0.15047186874048E+03  0.50460485786243E+01 -0.67256782384185E+02 -0.27053690972678E+02  0.17963609122492E+04 -0.30781734563575E+03 -0.58759020118039E+02  0.13580903188800E+02  0.10442741877483E+03  0.94648632012919E+01 -0.16922152110489E+00  0.76759116487901E+02 -0.12898450991266E+02  0.78388325100053E+02  0.49694774406595E+02 -0.28973941814683E+03 -0.40700037570524E+00  0.22420612513618E+02  0.29098690864518E+01  0.23340796952413E+02 -0.43301594950351E+02 -0.23845073118786E+01 -0.91635341816093E+01 -0.18822250029218E+02 -0.16420979955475E+03 -0.10049993083666E-01 -0.27016422439250E+02 -0.58550589894591E+03 -0.19506030503042E+01 -0.14160431973262E+03 -0.18140551442099E+02 -0.63009870849460E+01 -0.14635811554000E+00  0.19598343022774E-02 -0.18028526923686E+00 -0.69962995837931E-01  0.28851288927104E+02  0.68045273265711E+02 -0.19357697644677E+03 -0.35828148918675E+00
  -0.10690304908098E+03  0.12812562430071E+02 -0.40606174146293E+01  0.55340045678427E+02 -0.49295406869500E+01  0.18830099953421E+02  0.98768416805582E+01  0.99071332107388E+02 -0.13901135231574E+02 -0.17743863144452E+01  0.66002539819096E+00 -0.11581916023693E+01 -0.16922152110489E+00  0.49276329887888E-01  0.14209199044349E+02 -0.10995959484107E+01  0.85215189454327E+01  0.40157232475775E+01 -0.80598353890917E+02  0.20883139694229E-01 -0.21085123821730E+02  0.27715614139166E+00  0.70859976131928E+00  0.25767857298565E+01  0.11087985403735E+00  0.37228282360509E+00  0.17004545193216E+01  0.68684966373169E-01 -0.24475776499520E-04 -0.59665149422110E+01 -0.75879495235645E+00 -0.18776658638922E-02 -0.31438709408321E+01 -0.14671019165452E-04 -0.13679444452719E+00 -0.73355309045422E-12 -0.11823773191986E-11 -0.16444502300890E-02 -0.90291713637373E-03 -0.15795945301185E+01  0.41900834788557E-04 -0.30821556253025E+01 -0.33921215125041E-02
   0.96657397011051E+04  0.64432377192516E+03 -0.27922998011235E+03  0.30955494277000E+05 -0.25978243589269E+04  0.95027969434985E+04  0.48769221491231E+04  0.89161532863825E+05  0.48014584734385E+05 -0.40259287773024E+04  0.12226617115620E+04  0.13700402456925E+04  0.76759116487901E+02  0.14209199044349E+02  0.49603701353605E+05 -0.46156747090193E+04  0.32949534067965E+05  0.17172175084157E+05 -0.55409924620707E+05  0.29843018452855E+01  0.39712743416434E+04 -0.12676327476940E+03 -0.39759198423644E+03 -0.34193569370094E+03 -0.40966929618895E+02 -0.14446477215797E+03 -0.36737809735258E+03 -0.26924361662744E+04 -0.17662154413545E+04 -0.24897708595442E+04  0.20261665182148E+04  0.43709918095369E+04 -0.14782717864993E+04 -0.29343266945409E+04 -0.72743978501852E+03  0.22780012014133E+03  0.41104797546871E+03 -0.28581288705140E+04 -0.15204303316878E+04 -0.24080750470258E+04  0.19414629271883E+03 -0.89479821139301E+03 -0.10081634524680E+04
  -0.21502567515729E+04 -0.52886876968130E+02 -0.71837542720463E+01 -0.37575365860038E+04  0.31987108723240E+03 -0.11849528659400E+04 -0.61631128430650E+03 -0.11304347770585E+05 -0.22217770109175E+04  0.49120722280438E+03 -0.13534935941448E+03 -0.19200670180542E+03 -0.12898450991266E+02 -0.10995959484107E+01 -0.46156747090193E+04  0.49917379524655E+03 -0.34646523395820E+04 -0.18814894618117E+04  0.64818552078524E+04 -0.98688303852504E+00 -0.60591584776190E+03  0.13059679247797E+02  0.36532663032285E+02  0.12926711003659E+02  0.40292040092609E+01  0.13598945639437E+02  0.37876304436981E+02  0.49533483233998E+03  0.31039509047036E+03  0.28761771426747E+03 -0.16875332089090E+03 -0.50628718332465E+03  0.15304893311255E+03  0.30284655128924E+03  0.80460543720284E+02 -0.61160367600744E+02 -0.10885775299823E+03  0.43341466574090E+03  0.21491768860982E+03 -0.30014934472693E+03 -0.35039218952527E+02  0.24933212507166E+03  0.27937926219869E+03
   0.10108280222549E+05  0.13637410983670E+03 -0.12841806362833E+03  0.24540120664413E+05 -0.20068717672401E+04  0.76204936348613E+04  0.38019032877547E+04  0.81639999737615E+05  0.14552455251694E+05 -0.32153439517066E+04  0.94530649899339E+03  0.13292122657330E+04  0.78388325100053E+02  0.85215189454327E+01  0.32949534067965E+05 -0.34646523395820E+04  0.24600420890101E+05  0.13173258440563E+05 -0.44254426012851E+05  0.10618910176630E+01  0.36049072966878E+04 -0.13760098746386E+03 -0.41744882498089E+03 -0.41687791074455E+03 -0.45606357757383E+02 -0.15247405440215E+03 -0.36179994890370E+03 -0.22541625818916E+04 -0.14695012346838E+04 -0.23336844154997E+04  0.20074036632962E+04  0.41203529847085E+04 -0.11593830389734E+04 -0.23077064614987E+04 -0.55879606731404E+03  0.52404822850445E+02  0.10514744168258E+03 -0.22995136387600E+04 -0.12488215466093E+04  0.90870143313101E+03  0.18891632534898E+03 -0.14055657719791E+04 -0.15636586744142E+04
   0.72798951379191E+04  0.74911168618182E+02 -0.70653648860855E+01  0.13778135649188E+05 -0.11414828011994E+04  0.43430353044988E+04  0.21938625014990E+04  0.44249233418167E+05  0.69408357400113E+04 -0.18225260818471E+04  0.51468529399243E+03  0.77193927322571E+03  0.49694774406595E+02  0.40157232475775E+01  0.17172175084157E+05 -0.18814894618117E+04  0.13173258440563E+05  0.71584414925814E+04 -0.24660904061913E+05  0.18788488506109E+01  0.22509330817774E+04 -0.73694703502177E+02 -0.21102086899274E+03 -0.17655748976163E+03 -0.24086066459625E+02 -0.77980186767667E+02 -0.18778289970723E+03 -0.16162944297089E+04 -0.10201592253935E+04 -0.11768168992161E+04  0.94916501536971E+03  0.22769173973665E+04 -0.58783842593637E+03 -0.11714444952988E+04 -0.30843109526497E+03  0.84263651357232E+02  0.15759284974599E+03 -0.14933912067429E+04 -0.77742658812500E+03  0.11869496378638E+04  0.13706190307791E+03 -0.10064156450144E+04 -0.11195776585003E+04
  -0.78401600614225E+07  0.26240531719395E+07 -0.30191481247532E+06 -0.22835099248933E+07  0.48890871745431E+06 -0.44527000749233E+05 -0.24084173338395E+06 -0.59077102568184E+06 -0.26064199128246E+05  0.56826294919958E+05 -0.60552102434502E+04 -0.60467086756761E+04 -0.28973941814683E+03 -0.80598353890917E+02 -0.55409924620707E+05  0.64818552078524E+04 -0.44254426012851E+05 -0.24660904061913E+05  0.34086311918301E+08  0.72540401585959E+04  0.37679951378526E+07 -0.95458122668333E+05 -0.31462579898269E+06 -0.81466431766752E+06 -0.27287764839269E+05 -0.11671811526392E+06 -0.66646339078097E+06  0.34470927252083E+05  0.76640539353904E+05 -0.12247631941554E+04  0.57090531008010E+06  0.28102099700518E+07  0.17209167694247E+05  0.31635938140294E+05  0.21250816393163E+03  0.18591172030601E+06  0.82056875223632E+06  0.24549659539412E+05  0.77234752356433E+04 -0.18558626269099E+05  0.45027907500343E+05  0.20767948967590E+05  0.64577189569261E+05
  -0.16304257133119E+04  0.62204586003209E+03 -0.63812788100294E+02 -0.26856723759853E+03  0.76390762638409E+02  0.53641294728815E+02 -0.58542711447975E+01  0.37213885375543E+03 -0.94561150324415E+02 -0.70950620731008E+01  0.24405190197347E+01 -0.49724780026230E+01 -0.40700037570524E+00  0.20883139694229E-01  0.29843018452855E+01 -0.98688303852504E+00  0.10618910176630E+01  0.18788488506109E+01  0.72540401585959E+04  0.26509065038605E+01  0.94150905320352E+03 -0.20218160405826E+02 -0.66399587245284E+02 -0.19530387297785E+03 -0.39476789434349E+01 -0.20881800586660E+02 -0.15104949683193E+03  0.00000000000000E+00 -0.21497557351435E+02  0.00000000000000E+00  0.00000000000000E+00  0.51745274441266E+03  0.00000000000000E+00 -0.85907392659819E+01  0.00000000000000E+00  0.00000000000000E+00  0.23875274565261E+03  0.00000000000000E+00  0.00000000000000E+00  0.00000000000000E+00  0.79049314706836E+01  0.00000000000000E+00 -0.23901966826723E+02
  -0.11663502396803E+07  0.33269095817334E+06 -0.44257606224124E+05 -0.32365055169128E+06  0.66540535852562E+05 -0.17937907308731E+05 -0.40905036081302E+05 -0.13810587834036E+06  0.23382005405278E+04  0.12216426190507E+05 -0.12842339890941E+04 -0.58426374617817E+03  0.22420612513618E+02 -0.21085123821730E+02  0.39712743416434E+04 -0.60591584776190E+03  0.36049072966878E+04  0.22509330817774E+04  0.37679951378526E+07  0.94150905320352E+03  0.74163400163174E+06 -0.24048266253858E+05 -0.70879406321945E+05 -0.18501332705271E+06 -0.67526663560808E+04 -0.25835868758783E+05 -0.13669898756400E+06  0.00000000000000E+00  0.24799654784382E+05  0.00000000000000E+00  0.00000000000000E+00  0.60572331134120E+06  0.00000000000000E+00 -0.57940310574244E+04  0.00000000000000E+00  0.00000000000000E+00  0.12527010620800E+06  0.00000000000000E+00  0.00000000000000E+00  0.00000000000000E+00 -0.21779796096842E+05  0.00000000000000E+00  0.20642897848717E+05
   0.32272574643057E+05 -0.61867403888772E+04  0.11795784406123E+04  0.11992908223983E+05 -0.22110247652875E+04  0.13827182446736E+04  0.17934631874983E+04  0.17839824372613E+05 -0.35232955085953E+04 -0.78295405199962E+03  0.12670724658561E+03  0.78761721720884E+01  0.29098690864518E+01  0.27715614139166E+00 -0.12676327476940E+03  0.13059679247797E+02 -0.13760098746386E+03 -0.73694703502177E+02 -0.95458122668333E+05 -0.20218160405826E+02 -0.24048266253858E+05  0.10824054364706E+04  0.29702236296246E+04  0.74238169741726E+04  0.28430046681278E+03  0.10229752329292E+04  0.49388049406547E+04 -0.46120851555764E+02 -0.12870080721320E+04  0.43956718577908E+01  0.59076259167521E+03 -0.24893367738503E+05  0.00000000000000E+00 -0.11588536543563E+03  0.00000000000000E+00  0.20501004060586E+04 -0.28613346207788E+04  0.00000000000000E+00  0.00000000000000E+00  0.00000000000000E+00  0.12014991806610E+04 -0.30436192965790E+03 -0.16613963805552E+04
   0.11571924199771E+06 -0.26018634794782E+05  0.42398987573139E+04  0.35530043573390E+05 -0.65748994357575E+04  0.39149217711827E+04  0.51622049411336E+04  0.58489526162923E+05 -0.12108350296902E+05 -0.24207166456315E+04  0.40891687943215E+03  0.17565927822449E+03  0.23340796952413E+02  0.70859976131928E+00 -0.39759198423644E+03  0.36532663032285E+02 -0.41744882498089E+03 -0.21102086899274E+03 -0.31462579898269E+06 -0.66399587245284E+02 -0.70879406321945E+05  0.29702236296246E+04  0.85923804500352E+04  0.20445046431522E+05  0.81021707846048E+03  0.29776926386953E+04  0.14454505063479E+05 -0.15155873453907E+03 -0.34090594799428E+04 -0.17398443945951E+02 -0.57541199340014E+04 -0.72397231399186E+05  0.00000000000000E+00 -0.30545068262536E+03  0.00000000000000E+00  0.30561049570941E+04 -0.96762236563624E+04  0.00000000000000E+00  0.00000000000000E+00  0.00000000000000E+00  0.35022234786792E+04 -0.17595736676713E+04 -0.49375566441748E+04
   0.20024187873261E+06 -0.50357458106925E+05  0.74570621902445E+04  0.82892527908077E+05 -0.15807739750885E+05  0.77318490397488E+04  0.11477822445979E+05  0.94430530153812E+05 -0.18434043550874E+05 -0.42297760888067E+04  0.67272852906915E+03 -0.40174204714674E+03 -0.43301594950351E+02  0.25767857298565E+01 -0.34193569370094E+03  0.12926711003659E+02 -0.41687791074455E+03 -0.17655748976163E+03 -0.81466431766752E+06 -0.19530387297785E+03 -0.18501332705271E+06  0.74238169741726E+04  0.20445046431522E+05  0.58033057852060E+05  0.20136065438627E+04  0.74536821399406E+04  0.37276007794905E+05  0.23573963538490E+03 -0.10689021550056E+05 -0.43923082073292E+01  0.37170865198260E+05 -0.17476286817991E+06  0.00000000000000E+00 -0.98183636916381E+03  0.00000000000000E+00  0.16277732015530E+05 -0.25151136271637E+05  0.00000000000000E+00  0.00000000000000E+00  0.00000000000000E+00  0.57223847932709E+04  0.14699575105974E+04 -0.11609101911642E+05
   0.11319390839175E+05 -0.25791563233344E+04  0.41804010022639E+03  0.38595513382648E+04 -0.67250545994213E+03  0.54899365993865E+03  0.61365831654091E+03  0.61991121443700E+04 -0.12663874286847E+04 -0.26104600094431E+03  0.43528417985322E+02 -0.22015871331753E+02 -0.23845073118786E+01  0.11087985403735E+00 -0.40966929618895E+02  0.40292040092609E+01 -0.45606357757383E+02 -0.24086066459625E+02 -0.27287764839269E+05 -0.39476789434349E+01 -0.67526663560808E+04  0.28430046681278E+03  0.81021707846048E+03  0.20136065438627E+04  0.96058161008364E+02  0.33792432963023E+03  0.14264538511049E+04  0.00000000000000E+00 -0.40727639060361E+03  0.00000000000000E+00  0.00000000000000E+00 -0.80306147512011E+04  0.00000000000000E+00 -0.36256644789406E+02  0.00000000000000E+00  0.00000000000000E+00 -0.51673789267238E+03  0.00000000000000E+00  0.00000000000000E+00  0.00000000000000E+00  0.17827744100558E+02  0.00000000000000E+00 -0.61713212234106E+03
   0.43994095898860E+05 -0.10849118340660E+05  0.16311710718344E+04  0.14078688323836E+05 -0.25029982753804E+04  0.18231399754625E+04  0.21270685051114E+04  0.22818811072034E+05 -0.48313378327144E+04 -0.92314970336856E+03  0.15815370338609E+03 -0.90756747856737E+02 -0.91635341816093E+01  0.37228282360509E+00 -0.14446477215797E+03  0.13598945639437E+02 -0.15247405440215E+03 -0.77980186767667E+02 -0.11671811526392E+06 -0.20881800586660E+02 -0.25835868758783E+05  0.10229752329292E+04  0.29776926386953E+04  0.74536821399406E+04  0.33792432963023E+03  0.12387660489581E+04  0.53334881403647E+04  0.00000000000000E+00 -0.12961218907748E+04  0.00000000000000E+00  0.00000000000000E+00 -0.29081677036161E+05  0.00000000000000E+00 -0.11478694396593E+03  0.00000000000000E+00  0.00000000000000E+00 -0.31931192483706E+04  0.00000000000000E+00  0.00000000000000E+00  0.00000000000000E+00 -0.62856862717727E+02  0.00000000000000E+00 -0.22743787564317E+04
   0.22410165374651E+06 -0.61004120524873E+05  0.84365792330158E+04  0.62148008698017E+05 -0.12145817233291E+05  0.49097670860285E+04  0.82035879329810E+04  0.69758525104394E+05 -0.13316634514187E+05 -0.32613470441045E+04  0.49983338720374E+03 -0.23073119297793E+03 -0.18822250029218E+02  0.17004545193216E+01 -0.36737809735258E+03  0.37876304436981E+02 -0.36179994890370E+03 -0.18778289970723E+03 -0.66646339078097E+06 -0.15104949683193E+03 -0.13669898756400E+06  0.49388049406547E+04  0.14454505063479E+05  0.37276007794905E+05  0.14264538511049E+04  0.53334881403647E+04  0.27677027252969E+05  0.00000000000000E+00 -0.73352542952987E+04  0.00000000000000E+00  0.00000000000000E+00 -0.12438687969238E+06  0.00000000000000E+00 -0.67378740571806E+03  0.00000000000000E+00  0.00000000000000E+00 -0.20017564236180E+05  0.00000000000000E+00  0.00000000000000E+00  0.00000000000000E+00  0.78111245622589E+04  0.00000000000000E+00 -0.79933395775126E+04
  -0.13225611569518E+06  0.16793680556121E+05 -0.46799580528991E+04 -0.12876289722817E+05  0.19994885384648E+04 -0.27444824606513E+04 -0.24664788666784E+04 -0.63158804500106E+05  0.11581057175490E+05  0.27567038030168E+04 -0.46192343298801E+03 -0.11154366576139E+04 -0.16420979955475E+03  0.68684966373169E-01 -0.26924361662744E+04  0.49533483233998E+03 -0.22541625818916E+04 -0.16162944297089E+04  0.34470927252083E+05  0.00000000000000E+00  0.00000000000000E+00 -0.46120851555764E+02 -0.15155873453907E+03  0.23573963538490E+03  0.00000000000000E+00  0.00000000000000E+00  0.00000000000000E+00  0.11695981297396E+06  0.00000000000000E+00  0.00000000000000E+00  0.00000000000000E+00  0.00000000000000E+00  0.00000000000000E+00  0.00000000000000E+00  0.00000000000000E+00  0.00000000000000E+00  0.00000000000000E+00  0.00000000000000E+00  0.00000000000000E+00  0.00000000000000E+00  0.00000000000000E+00  0.00000000000000E+00  0.00000000000000E+00
  -0.56066140144187E+05  0.82940173817975E+04 -0.19858916054015E+04 -0.21331305082118E+05  0.33631303740472E+04 -0.42066215851568E+04 -0.38645428938125E+04 -0.50620403300341E+05  0.10932336653836E+05  0.19033510414504E+04 -0.34841645116412E+03 -0.75594235263984E-01 -0.10049993083666E-01 -0.24475776499520E-04 -0.17662154413545E+04  0.31039509047036E+03 -0.14695012346838E+04 -0.10201592253935E+04  0.76640539353904E+05 -0.21497557351435E+02  0.24799654784382E+05 -0.12870080721320E+04 -0.34090594799428E+04 -0.10689021550056E+05 -0.40727639060361E+03 -0.12961218907748E+04 -0.73352542952987E+04  0.00000000000000E+00  0.64988642586281E+05  0.00000000000000E+00  0.00000000000000E+00  0.00000000000000E+00  0.00000000000000E+00  0.00000000000000E+00  0.00000000000000E+00  0.00000000000000E+00  0.00000000000000E+00  0.00000000000000E+00  0.00000000000000E+00  0.00000000000000E+00  0.00000000000000E+00  0.00000000000000E+00  0.00000000000000E+00
  -0.52649090322221E+04 -0.19440639578247E+03  0.18526542725820E+02 -0.67921996699992E+02 -0.57306138557457E+02  0.15262673991793E+03  0.13813494116938E+03 -0.70406238843996E+05  0.24741109653169E+05  0.73776276962340E+03 -0.33442727065169E+03 -0.68572716411981E+03 -0.27016422439250E+02 -0.59665149422110E+01 -0.24897708595442E+04  0.28761771426747E+03 -0.23336844154997E+04 -0.11768168992161E+04 -0.12247631941554E+04  0.00000000000000E+00  0.00000000000000E+00  0.43956718577908E+01 -0.17398443945951E+02 -0.43923082073292E+01  0.00000000000000E+00  0.00000000000000E+00  0.00000000000000E+00  0.00000000000000E+00  0.00000000000000E+00  0.30806952625265E+05  0.00000000000000E+00  0.00000000000000E+00  0.00000000000000E+00  0.00000000000000E+00  0.00000000000000E+00  0.00000000000000E+00  0.00000000000000E+00  0.00000000000000E+00  0.00000000000000E+00  0.00000000000000E+00  0.00000000000000E+00  0.00000000000000E+00  0.00000000000000E+00
  -0.86866631337799E+06  0.21053848297350E+06 -0.31880113671260E+05 -0.66374085911381E+05  0.11791829966068E+05 -0.84614833060521E+04 -0.98473544976340E+04 -0.29580323749374E+06  0.67165494274350E+05  0.11039915287510E+05 -0.19944737186663E+04 -0.49731761775478E+04 -0.58550589894591E+03 -0.75879495235645E+00  0.20261665182148E+04 -0.16875332089090E+03  0.20074036632962E+04  0.94916501536971E+03  0.57090531008010E+06  0.00000000000000E+00  0.00000000000000E+00  0.59076259167521E+03 -0.57541199340014E+04  0.37170865198260E+05  0.00000000000000E+00  0.00000000000000E+00  0.00000000000000E+00  0.00000000000000E+00  0.00000000000000E+00  0.00000000000000E+00  0.58073157857279E+06  0.00000000000000E+00  0.00000000000000E+00  0.00000000000000E+00  0.00000000000000E+00  0.00000000000000E+00  0.00000000000000E+00  0.00000000000000E+00  0.00000000000000E+00  0.00000000000000E+00  0.00000000000000E+00  0.00000000000000E+00  0.00000000000000E+00
  -0.11262773980960E+07  0.26618136049670E+06 -0.41525135716822E+05 -0.34461420170770E+06  0.62589616116582E+05 -0.41201214886521E+05 -0.51294796346605E+05 -0.58135835796668E+06  0.12764718523645E+06  0.22946756083367E+05 -0.39687917826395E+04 -0.16827653089896E+02 -0.19506030503042E+01 -0.18776658638922E-02  0.43709918095369E+04 -0.50628718332465E+03  0.41203529847085E+04  0.22769173973665E+04  0.28102099700518E+07  0.51745274441266E+03  0.60572331134120E+06 -0.24893367738503E+05 -0.72397231399186E+05 -0.17476286817991E+06 -0.80306147512011E+04 -0.29081677036161E+05 -0.12438687969238E+06  0.00000000000000E+00  0.00000000000000E+00  0.00000000000000E+00  0.00000000000000E+00  0.92324031890860E+06  0.00000000000000E+00  0.00000000000000E+00  0.00000000000000E+00  0.00000000000000E+00  0.00000000000000E+00  0.00000000000000E+00  0.00000000000000E+00  0.00000000000000E+00  0.00000000000000E+00  0.00000000000000E+00  0.00000000000000E+00
  -0.20979586073549E+05  0.57476978222513E+04 -0.79967756173581E+03 -0.13667513024875E+04  0.32026698579633E+03  0.14359466781000E+02 -0.15423180947800E+03 -0.73970074556864E+05  0.22907471589051E+05  0.14965972170882E+04 -0.41670950150070E+03 -0.22453201431000E+04 -0.14160431973262E+03 -0.31438709408321E+01 -0.14782717864993E+04  0.15304893311255E+03 -0.11593830389734E+04 -0.58783842593637E+03  0.17209167694247E+05  0.00000000000000E+00  0.00000000000000E+00  0.00000000000000E+00  0.00000000000000E+00  0.00000000000000E+00  0.00000000000000E+00  0.00000000000000E+00  0.00000000000000E+00  0.00000000000000E+00  0.00000000000000E+00  0.00000000000000E+00  0.00000000000000E+00  0.00000000000000E+00  0.14299511328876E+05  0.00000000000000E+00  0.00000000000000E+00  0.00000000000000E+00  0.00000000000000E+00  0.00000000000000E+00  0.00000000000000E+00  0.00000000000000E+00  0.00000000000000E+00  0.00000000000000E+00  0.00000000000000E+00
  -0.47538969617883E+05  0.13192386953303E+05 -0.18189467862432E+04 -0.24936727094621E+04  0.56398593221825E+03 -0.82418050299574E+01 -0.27405408075424E+03 -0.16645984651143E+06  0.51623568703343E+05  0.33091458619893E+04 -0.93813668688745E+03 -0.69159231674478E+02 -0.18140551442099E+02 -0.14671019165452E-04 -0.29343266945409E+04  0.30284655128924E+03 -0.23077064614987E+04 -0.11714444952988E+04  0.31635938140294E+05 -0.85907392659819E+01 -0.57940310574244E+04 -0.11588536543563E+03 -0.30545068262536E+03 -0.98183636916381E+03 -0.36256644789406E+02 -0.11478694396593E+03 -0.67378740571806E+03  0.00000000000000E+00  0.00000000000000E+00  0.00000000000000E+00  0.00000000000000E+00  0.00000000000000E+00  0.00000000000000E+00  0.31409740812757E+05  0.00000000000000E+00  0.00000000000000E+00  0.00000000000000E+00  0.00000000000000E+00  0.00000000000000E+00  0.00000000000000E+00  0.00000000000000E+00  0.00000000000000E+00  0.00000000000000E+00
  -0.32082912082331E+04  0.42274844003576E+03 -0.10089972406939E+03 -0.70793834161889E+02  0.89570882621949E+01 -0.18777317653558E+02 -0.13111003611731E+02 -0.14121295674695E+04  0.19116519115274E+03  0.43765353803801E+02 -0.10807750847074E+02 -0.77454389390542E+02 -0.63009870849460E+01 -0.13679444452719E+00 -0.72743978501852E+03  0.80460543720284E+02 -0.55879606731404E+03 -0.30843109526497E+03  0.21250816393163E+03  0.00000000000000E+00  0.00000000000000E+00  0.00000000000000E+00  0.00000000000000E+00  0.00000000000000E+00  0.00000000000000E+00  0.00000000000000E+00  0.00000000000000E+00  0.00000000000000E+00  0.00000000000000E+00  0.00000000000000E+00  0.00000000000000E+00  0.00000000000000E+00  0.00000000000000E+00  0.00000000000000E+00  0.37988940089066E+04  0.00000000000000E+00  0.00000000000000E+00  0.00000000000000E+00  0.00000000000000E+00  0.00000000000000E+00  0.00000000000000E+00  0.00000000000000E+00  0.00000000000000E+00
  -0.20491847285774E+06  0.63900626181958E+05 -0.79172277168053E+04 -0.11784543235234E+05  0.29009259058412E+04  0.46502635289134E+03 -0.98049628646626E+03 -0.56737406034039E+04  0.59490086256354E+03  0.55449249653806E+03 -0.44618203643808E+02 -0.20479567758749E+00 -0.14635811554000E+00 -0.73355309045422E-12  0.22780012014133E+03 -0.61160367600744E+02  0.52404822850445E+02  0.84263651357232E+02  0.18591172030601E+06  0.00000000000000E+00  0.00000000000000E+00  0.20501004060586E+04  0.30561049570941E+04  0.16277732015530E+05  0.00000000000000E+00  0.00000000000000E+00  0.00000000000000E+00  0.00000000000000E+00  0.00000000000000E+00  0.00000000000000E+00  0.00000000000000E+00  0.00000000000000E+00  0.00000000000000E+00  0.00000000000000E+00  0.00000000000000E+00  0.10628320875836E+06  0.00000000000000E+00  0.00000000000000E+00  0.00000000000000E+00  0.00000000000000E+00  0.00000000000000E+00  0.00000000000000E+00  0.00000000000000E+00
  -0.23108464334017E+06  0.71593452837963E+05 -0.89133688148962E+04 -0.53183712455761E+05  0.12917479756935E+05  0.17839551940378E+04 -0.45725738907425E+04 -0.11183619107892E+05  0.12077805622925E+04  0.10556058666421E+04 -0.87778289003334E+02  0.28419423540980E-02  0.19598343022774E-02 -0.11823773191986E-11  0.41104797546871E+03 -0.10885775299823E+03  0.10514744168258E+03  0.15759284974599E+03  0.82056875223632E+06  0.23875274565261E+03  0.12527010620800E+06 -0.28613346207788E+04 -0.96762236563624E+04 -0.25151136271637E+05 -0.51673789267238E+03 -0.31931192483706E+04 -0.20017564236180E+05  0.00000000000000E+00  0.00000000000000E+00  0.00000000000000E+00  0.00000000000000E+00  0.00000000000000E+00  0.00000000000000E+00  0.00000000000000E+00  0.00000000000000E+00  0.00000000000000E+00  0.13902079745103E+06  0.00000000000000E+00  0.00000000000000E+00  0.00000000000000E+00  0.00000000000000E+00  0.00000000000000E+00  0.00000000000000E+00
