# fitpack15: fit parameters                                                                         
# CJ15 AV18 final data choices                                                                      
# Created on 01/15/2020 at 22:47:01                                                                 

 # QCD setup
  INS                           0
  NVL                          11
  IORD                          1
  Q02                   1.6899999999999999     
  IPARAMC                       7
  FLAVOR                4.0000000000000000     
  xmc                   1.3000000000000000     
  xmb                   4.5000000000000000     
  ncb                          12
  ihq                           1
  ias                           0

 # Theory corrections
  inuke                     10814
  itmc                          1
  iht                           1

 # fit parameters
 LAMBDA       0.22680        0.0000    
 a0uv          1.9540        0.0000    
 a1uv         0.56849       0.23582E-01
 a2uv          3.5568       0.11680E-01
 a3uv          0.0000        0.0000    
 a4uv          4.5705       0.63077    
 a5uv          0.0000        0.0000    
 a0dv          25.074        0.0000    
 a1dv          1.1575       0.33170E-01
 a2dv          6.6248       0.15915    
 a3dv         -3.5593       0.84795E-01
 a4dv          4.7850       0.13961    
 a5dv          0.0000        0.0000    
 a0ud         0.14199       0.49835E-02
 a1ud        -0.21085       0.38201E-02
 a2ud          8.4261       0.18946    
 a3ud          0.0000        0.0000    
 a4ud          15.779        1.3097    
 a5ud          0.0000        0.0000    
 a0du          35712.        0.0000    
 a1du          4.0843       0.86183E-01
 a2du          20.134       0.95789    
 a3du          17.000        0.0000    
 a4du          53.036        11.925    
 a0g           47.583        0.0000    
 a1g          0.61050       0.32764E-01
 a2g           6.8520       0.97132    
 a3g          -3.3825       0.14917    
 a4g           3.4053       0.38146    
 a5g           0.0000        0.0000    
 kappa        0.40000        0.0000    
 a6dv        -0.39206E-02   0.67151E-03
 a7dv          2.0000        0.0000    
 off1         -2.6942        1.8390    
 off2         0.50723E-01   0.13313E-01
 ht1          -3.5719       0.34757    
 ht2           2.0914       0.12488    
 ht3          -2.0477       0.35552E-01
 ht4           0.0000        0.0000    
 ht1n         -3.7452        1.0441    
 ht2n          2.0032       0.34487    
 ht3n         -2.1233       0.67473E-01
 ht4n          0.0000        0.0000    
 dummy44       0.0000        0.0000    
 dummy45       0.0000        0.0000    
 dummy46       0.0000        0.0000    
 dummy47       0.0000        0.0000    
 dummy48       0.0000        0.0000    
 dummy49       0.0000        0.0000    
 bcdmsh2      0.97003       0.48544E-02
 bcdmsd2      0.99006       0.58554E-02
 ccfr          1.0000        0.0000    
 nutev         1.0000        0.0000    
 zeus         0.97998        0.0000    
 h1            1.0162        0.0000    
 e605          1.0319        0.0000    
 NmcH2         1.0064       0.71342E-02
 ntv_nu        1.0000        0.0000    
 ntv_nubar     1.0000        0.0000    
 cdf_jet      0.98910        0.0000    
 d0_jet       0.83504        0.0000    
 slac_p        1.0020       0.50389E-02
 slac_d        1.0013       0.53131E-02
 e866pp       0.98184       0.19977E-01
 e866pd       0.96972       0.16462E-01
 d0_gamjet     1.0363       0.16488E-01
 h1b          0.97608        0.0000    
 jlab_p       0.99055       0.62871E-02
 jlab_d       0.97452       0.60159E-02
 blank         1.0000        0.0000    
 d0run2       0.94448       0.14210E-01
 cdfrun2      0.93126       0.17322E-01
 HERA_el       1.0000        0.0000    
 HERA_ps       1.0000        0.0000    
 CDF_Z        0.95921       0.66387E-02
 NmcRat        1.0000        0.0000    
 BNS_F2nd     0.98285       0.11806E-01
 HERMES_F2p   0.99590       0.56746E-02
 HERMES_F2d   0.97758       0.58473E-02
 END 0. 0.

 # Hessian matrix (Bevington alpha)
   0.51941372498044E+07 -0.13316149885858E+07  0.19505877285334E+06  0.50398603140132E+06 -0.12794821270349E+06 -0.29741987652571E+05  0.53198123732498E+05  0.98907382022601E+06 -0.18421610178835E+06 -0.50182449046819E+05  0.73142269314183E+04  0.15373028312635E+05  0.17265198115356E+04 -0.10677596701552E+03  0.96603478461293E+04 -0.21486952613278E+04  0.10080596568555E+05  0.72624722036930E+04 -0.78421761270174E+07 -0.16894454560590E+04 -0.95990001850124E+06  0.32007586973424E+05  0.11500545665664E+06  0.19799508357770E+06  0.11246145179218E+05  0.43736638257008E+05  0.22254158740644E+06 -0.13226069526671E+06 -0.56067945221620E+05 -0.52650127435983E+04 -0.86867486503564E+06 -0.11263414857469E+07 -0.20981753884727E+05 -0.47537022119303E+05 -0.32083728879272E+04 -0.20491941965183E+06 -0.23110655533200E+06 -0.92336385899208E+04 -0.32579475440669E+04 -0.18078165821221E+05  0.17113408914208E+05 -0.74372946951821E+05 -0.58619946861430E+05
  -0.13316149885858E+07  0.41661069492122E+06 -0.51082194357729E+05 -0.13735284486423E+06  0.34559787024319E+05  0.10717434274831E+05 -0.11122057600706E+05 -0.12546413958518E+06  0.26440425928372E+05  0.74005755856573E+04 -0.87825792425233E+03 -0.12008843880608E+04 -0.13955265908280E+03  0.12797420531855E+02  0.64482774272981E+03 -0.52954532985430E+02  0.13671865176667E+03  0.75051824106968E+02  0.26249518969344E+07  0.63831378943539E+03  0.27361247573834E+06 -0.61069849179994E+04 -0.25803659962747E+05 -0.49668571938200E+05 -0.25574357630566E+04 -0.10771209991100E+05 -0.60525582717470E+05  0.16793860540616E+05  0.82948372509676E+04 -0.19447307633302E+03  0.21053366106787E+06  0.26622243244133E+06  0.57481946037957E+04  0.13191461133182E+05  0.42273809271563E+03  0.63899532572028E+05  0.71606229268999E+05  0.24379765880071E+04  0.77161779581684E+03 -0.22150438944026E+04 -0.22558807190540E+04  0.86855655993260E+04  0.72971942798099E+04
   0.19505877285334E+06 -0.51082194357729E+05  0.73784442217832E+04  0.18728859164166E+05 -0.48668182149810E+04 -0.13657166020939E+04  0.19171406108585E+04  0.28029322939908E+05 -0.50712507139192E+04 -0.16662574908025E+04  0.21075126008313E+03  0.41744875638396E+03  0.53151355846550E+02 -0.40544433616124E+01 -0.27938454531581E+03 -0.71341864320489E+01 -0.12865128148693E+03 -0.72904394485073E+01 -0.30193163775658E+06 -0.66033120593626E+02 -0.36414973077132E+05  0.11692551155271E+04  0.42118934044964E+04  0.73696918535789E+04  0.41517946270563E+03  0.16210574696406E+04  0.83751781432396E+04 -0.46792104690897E+04 -0.19856372875955E+04  0.18530693495585E+02 -0.31873499795887E+05 -0.41520063297982E+05 -0.79958233597927E+03 -0.18184613009164E+04 -0.10088307225121E+03 -0.79154164885980E+04 -0.89124704989819E+04 -0.34666655240575E+03 -0.12109523379170E+03 -0.65778540911653E+02  0.61053184698792E+03 -0.22226492995993E+04 -0.17934660447721E+04
   0.50398603140132E+06 -0.13735284486423E+06  0.18728859164166E+05  0.40085805658383E+06 -0.62341709662412E+05  0.74372682081222E+05  0.64112180614147E+05  0.36282282152480E+06 -0.27899652667043E+05 -0.18337179875641E+05  0.31856919683269E+04 -0.13968981870196E+04 -0.15047028600261E+03  0.55257382213149E+02  0.30952780867440E+05 -0.37565568369121E+04  0.24501107179390E+05  0.13756220039555E+05 -0.22838450616872E+07 -0.28556737646389E+03 -0.26665133848341E+06  0.11920381300743E+05  0.35336439196542E+05  0.82283022504515E+05  0.38387010151997E+04  0.14008448841403E+05  0.61729119008198E+05 -0.12876487673604E+05 -0.21331475891411E+05 -0.67767957417262E+02 -0.66373201876183E+05 -0.34460090917592E+06 -0.13666575611016E+04 -0.24933215099523E+04 -0.70772555002772E+02 -0.11784202451375E+05 -0.53180339084954E+05 -0.24815517528495E+04 -0.96415822376400E+03 -0.98259551529509E+04 -0.15888960872037E+05 -0.72631541269389E+04 -0.21520824933756E+05
  -0.12794821270349E+06  0.34559787024319E+05 -0.48668182149810E+04 -0.62341709662412E+05  0.11448243959002E+05 -0.74505552662781E+04 -0.91290936697494E+04 -0.33373430122346E+05  0.51557594161319E+03  0.23628773814229E+04 -0.31802318555267E+03 -0.20155824900571E+02  0.50461503207396E+01 -0.49217965076309E+01 -0.25974890415618E+04  0.31975221634546E+03 -0.20036254933078E+04 -0.11396055593070E+04  0.48908343895729E+06  0.79851981647142E+02  0.54810787135078E+05 -0.21955691254464E+04 -0.65338489895251E+04 -0.15676766673957E+05 -0.66826966718918E+03 -0.24884470220083E+04 -0.12055796030998E+05  0.19995681879392E+04  0.33635420466871E+04 -0.57331661865653E+02  0.11792493764295E+05  0.62597232163565E+05  0.32027848343733E+03  0.56396125241796E+03  0.89540689564604E+01  0.29011802229791E+04  0.12919916478402E+05  0.46615927655407E+03  0.17274341035135E+03  0.37026955902344E+03  0.25095000795446E+04  0.81529761943725E+03  0.25158218878124E+04
  -0.29741987652571E+05  0.10717434274831E+05 -0.13657166020939E+04  0.74372682081222E+05 -0.74505552662781E+04  0.24496739488406E+05  0.14614232255434E+05  0.11094641335234E+06 -0.10492582053324E+05 -0.45854418620023E+04  0.95490997013924E+03 -0.71484583235529E+03 -0.67271291760679E+02  0.18806109831227E+02  0.95043443726055E+04 -0.11849766573115E+04  0.76097291445077E+04  0.43369993492610E+04 -0.44454687500639E+05  0.52522040048541E+02 -0.14851219328447E+05  0.13808406897597E+04  0.39098287441327E+04  0.77184136975239E+04  0.54792731441971E+03  0.18206236220456E+04  0.49011808899199E+04 -0.27451500226050E+04 -0.42071224264534E+04  0.15274341553874E+03 -0.84640283483955E+04 -0.41198633437274E+05  0.14367012336468E+02 -0.82431450657556E+01 -0.18778416939950E+02  0.46502532327526E+03  0.17879030616387E+04 -0.24660573136485E+03 -0.12708570360907E+03 -0.31675465936238E+04 -0.32763576150845E+04 -0.18639681924373E+04 -0.53513552319299E+04
   0.53198123732498E+05 -0.11122057600706E+05  0.19171406108585E+04  0.64112180614147E+05 -0.91290936697494E+04  0.14614232255434E+05  0.11357581837556E+05  0.61127141014848E+05 -0.34816874372686E+04 -0.32645765365390E+04  0.55398776744841E+03 -0.23313157188101E+03 -0.27059793938672E+02  0.98635559867714E+01  0.48773415954487E+04 -0.61624835267855E+03  0.37962599719515E+04  0.21906102585763E+04 -0.24090015052232E+06 -0.80958447527160E+01 -0.33742635942117E+05  0.17851686095098E+04  0.51401897775004E+04  0.11408643472312E+05  0.61110535060585E+03  0.21190387390375E+04  0.81564802752215E+04 -0.24669793634604E+04 -0.38653132160155E+04  0.13821092916187E+03 -0.98493938167327E+04 -0.51300971475084E+05 -0.15424757167460E+03 -0.27406230319892E+03 -0.13110437568306E+02 -0.98067085308903E+03 -0.45721089043331E+04 -0.35534294724600E+03 -0.15013984125755E+03 -0.13441537837087E+04 -0.31252239083275E+04 -0.11507321963835E+04 -0.34243795166497E+04
   0.98907382022601E+06 -0.12546413958518E+06  0.28029322939908E+05  0.36282282152480E+06 -0.33373430122346E+05  0.11094641335234E+06  0.61127141014848E+05  0.53868755728524E+07 -0.24090993644630E+07 -0.89466426768129E+05  0.25986023360752E+05  0.26535998016603E+05  0.17961699589712E+04  0.98830472767374E+02  0.89164265258913E+05 -0.11303242005008E+05  0.81521099689100E+05  0.44186610237110E+05 -0.59097500318927E+06  0.36368168916393E+03 -0.11428406973537E+06  0.17882020759929E+05  0.58593412175309E+05  0.94831749558095E+05  0.62067803074011E+04  0.22843551518373E+05  0.70038240729756E+05 -0.63162340794822E+05 -0.50621882483758E+05 -0.70414148275993E+05 -0.29581899252353E+06 -0.58145949561779E+06 -0.73977608352290E+05 -0.16645739453738E+06 -0.14122163280295E+04 -0.56732876763002E+04 -0.11186672190197E+05  0.23358673323034E+03  0.25309303348954E+03 -0.27442542703141E+06 -0.87724258415756E+04 -0.14464197839434E+06 -0.17839224230806E+06
  -0.18421610178835E+06  0.26440425928372E+05 -0.50712507139192E+04 -0.27899652667043E+05  0.51557594161319E+03 -0.10492582053324E+05 -0.34816874372686E+04 -0.24090993644630E+07  0.19292414433203E+07  0.19482497149327E+05 -0.64093281449504E+04 -0.55687258001390E+04 -0.30773311893590E+03 -0.13861596293556E+02  0.48008662274580E+05 -0.22212608994412E+04  0.14535276728244E+05  0.69309409101880E+04 -0.26061870386313E+05 -0.94233472818838E+02  0.20201799302568E+04 -0.35447029665781E+04 -0.12162434871275E+05 -0.18626206910137E+05 -0.12715262980664E+04 -0.48472108231247E+04 -0.13449467383387E+05  0.11581379221748E+05  0.10931453467251E+05  0.24743105272766E+05  0.67166652930818E+05  0.12766184055060E+06  0.22909003768302E+05  0.51620072896133E+05  0.19117290094317E+03  0.59464317900660E+03  0.12077912028851E+04 -0.12467431537238E+04 -0.69369142621544E+03  0.11308601751152E+06  0.15676199549490E+04  0.45278286195113E+05  0.55303683525326E+05
  -0.50182449046819E+05  0.74005755856573E+04 -0.16662574908025E+04 -0.18337179875641E+05  0.23628773814229E+04 -0.45854418620023E+04 -0.32645765365390E+04 -0.89466426768129E+05  0.19482497149327E+05  0.26627473707919E+04 -0.61430864325204E+03 -0.66099122715329E+03 -0.58754384470576E+02 -0.17698667235276E+01 -0.40254978286939E+04  0.49108078830205E+03 -0.32099511925565E+04 -0.18195181274531E+04  0.56844651288886E+05 -0.64013042821569E+01  0.10084805861812E+05 -0.78175197311225E+03 -0.24173901036044E+04 -0.42210638530186E+04 -0.26056719387072E+03 -0.92169840911602E+03 -0.32554896027242E+04  0.27567012918863E+04  0.19035034756283E+04  0.73777875009143E+03  0.11039899111602E+05  0.22950338516304E+05  0.14966481907127E+04  0.33090086410817E+04  0.43764764456503E+02  0.55447816996498E+03  0.10559005364018E+04  0.12997109388949E+03  0.57867714147304E+02  0.31403756576754E+04  0.43540791823689E+03  0.28401593000255E+04  0.35905362182139E+04
   0.73142269314183E+04 -0.87825792425233E+03  0.21075126008313E+03  0.31856919683269E+04 -0.31802318555267E+03  0.95490997013924E+03  0.55398776744841E+03  0.25986023360752E+05 -0.64093281449504E+04 -0.61430864325204E+03  0.16621083846792E+03  0.18569530896396E+03  0.13579189920029E+02  0.65831603406203E+00  0.12225813844382E+04 -0.13532463575251E+03  0.94385595541337E+03  0.51390362840520E+03 -0.60567886258651E+04  0.23638109585431E+01 -0.10616524105584E+04  0.12683514713126E+03  0.40920718166485E+03  0.67412810672414E+03  0.43534056566557E+02  0.15818003263018E+03  0.50082142725224E+03 -0.46191997865782E+03 -0.34841520480259E+03 -0.33444261674106E+03 -0.19944579212328E+04 -0.39692736491102E+04 -0.41672573277624E+03 -0.93807693098904E+03 -0.10807726529526E+02 -0.44613993113847E+02 -0.87800136534579E+02 -0.13205477984526E+02 -0.61978512556480E+01 -0.11301936270035E+04 -0.64046373674845E+02 -0.81293523110227E+03 -0.10099538209894E+04
   0.15373028312635E+05 -0.12008843880608E+04  0.41744875638396E+03 -0.13968981870196E+04 -0.20155824900571E+02 -0.71484583235529E+03 -0.23313157188101E+03  0.26535998016603E+05 -0.55687258001390E+04 -0.66099122715329E+03  0.18569530896396E+03  0.15657548291050E+04  0.10440204780230E+03 -0.11614631997501E+01  0.13697280010922E+04 -0.19194165695612E+03  0.13266135209423E+04  0.77052801228270E+03 -0.60466597813630E+04 -0.49945985748918E+01 -0.47752101910575E+03  0.70825065648385E+01  0.17341161563480E+03 -0.40785316548951E+03 -0.22194848347574E+02 -0.91290853888600E+02 -0.23498265674832E+03 -0.11154208644737E+04 -0.74587047423254E-01 -0.68556120748355E+03 -0.49728079532662E+04 -0.16623939577504E+02 -0.22449447998373E+04 -0.69167310384977E+02 -0.77444877066264E+02 -0.20491560740430E+00  0.28079355886393E-02 -0.17025302629091E+01 -0.72868391630021E+00  0.29145848800786E+03  0.30454539026972E+03 -0.26684223229459E+04 -0.44710213865934E+01
   0.17265198115356E+04 -0.13955265908280E+03  0.53151355846550E+02 -0.15047028600261E+03  0.50461503207396E+01 -0.67271291760679E+02 -0.27059793938672E+02  0.17961699589712E+04 -0.30773311893590E+03 -0.58754384470576E+02  0.13579189920029E+02  0.10440204780230E+03  0.94634031745923E+01 -0.16907757119176E+00  0.76744827754299E+02 -0.12894218216600E+02  0.78213613822299E+02  0.49594598281464E+02 -0.28976435631302E+03 -0.40485654378344E+00  0.18942122458136E+02  0.28812702450967E+01  0.23254707168001E+02 -0.43474232623286E+02 -0.23865674759350E+01 -0.91725928702044E+01 -0.18950951582435E+02 -0.16421170649815E+03 -0.99355648774552E-02 -0.27010417157069E+02 -0.58549667834169E+03 -0.19307303169163E+01 -0.14158869869297E+03 -0.18143211539645E+02 -0.63006470491887E+01 -0.14644480016704E+00  0.19394397841037E-02 -0.18028472392081E+00 -0.69960498268523E-01  0.28841524384722E+02  0.68054220517152E+02 -0.19355820146698E+03 -0.35357802599871E+00
  -0.10677596701552E+03  0.12797420531855E+02 -0.40544433616124E+01  0.55257382213149E+02 -0.49217965076309E+01  0.18806109831227E+02  0.98635559867714E+01  0.98830472767374E+02 -0.13861596293556E+02 -0.17698667235276E+01  0.65831603406203E+00 -0.11614631997501E+01 -0.16907757119176E+00  0.49088401808791E-01  0.14177253090141E+02 -0.10967680641427E+01  0.84913388251341E+01  0.40010073856541E+01 -0.80478478138081E+02  0.19653647790685E-01 -0.17367458941429E+02  0.26728996780880E+00  0.68229557615436E+00  0.24928767509808E+01  0.10771256065477E+00  0.36249620274639E+00  0.16431079660779E+01  0.68550977247391E-01 -0.23887765486512E-04 -0.59490741567321E+01 -0.75354386522712E+00 -0.18333283324046E-02 -0.31292860069945E+01 -0.14421420545677E-04 -0.13631287426302E+00  0.34124023071918E-12 -0.84531428155340E-12 -0.16385062276554E-02 -0.89968208160225E-03 -0.15785769420745E+01  0.41061403680031E-04 -0.30675687087548E+01 -0.33138007962792E-02
   0.96603478461293E+04  0.64482774272981E+03 -0.27938454531581E+03  0.30952780867440E+05 -0.25974890415618E+04  0.95043443726055E+04  0.48773415954487E+04  0.89164265258913E+05  0.48008662274580E+05 -0.40254978286939E+04  0.12225813844382E+04  0.13697280010922E+04  0.76744827754299E+02  0.14177253090141E+02  0.49601151532375E+05 -0.46149906729316E+04  0.32904817089223E+05  0.17148273002522E+05 -0.55417387598941E+05  0.31932440073946E+01  0.32741738758847E+04 -0.12539164892178E+03 -0.39400490789530E+03 -0.33034471477516E+03 -0.40547016328484E+02 -0.14317432976096E+03 -0.35932108190673E+03 -0.26917513221492E+04 -0.17657218146874E+04 -0.24899269559734E+04  0.20269369724146E+04  0.43732119978103E+04 -0.14782041845331E+04 -0.29340613319887E+04 -0.72743568107471E+03  0.22731396181514E+03  0.41035220267667E+03 -0.28575971237757E+04 -0.15202522571834E+04 -0.24087347588319E+04  0.19416588813394E+03 -0.89477017385736E+03 -0.10080682537697E+04
  -0.21486952613278E+04 -0.52954532985430E+02 -0.71341864320489E+01 -0.37565568369121E+04  0.31975221634546E+03 -0.11849766573115E+04 -0.61624835267855E+03 -0.11303242005008E+05 -0.22212608994412E+04  0.49108078830205E+03 -0.13532463575251E+03 -0.19194165695612E+03 -0.12894218216600E+02 -0.10967680641427E+01 -0.46149906729316E+04  0.49903020313452E+03 -0.34591244952171E+04 -0.18784689073694E+04  0.64813650963280E+04 -0.10169349789698E+01 -0.49904080873804E+03  0.12846371178567E+02  0.35979534643316E+02  0.11062933097955E+02  0.39712237845132E+01  0.13416952843107E+02  0.36563030732373E+02  0.49511248619615E+03  0.31025749327391E+03  0.28761819560728E+03 -0.16893059785888E+03 -0.50673052652059E+03  0.15301593598103E+03  0.30277795115903E+03  0.80450507607575E+02 -0.61027933236937E+02 -0.10866685617771E+03  0.43322511456411E+03  0.21484655677122E+03 -0.29991796220740E+03 -0.35043192718978E+02  0.24927187189151E+03  0.27930409271823E+03
   0.10080596568555E+05  0.13671865176667E+03 -0.12865128148693E+03  0.24501107179390E+05 -0.20036254933078E+04  0.76097291445077E+04  0.37962599719515E+04  0.81521099689100E+05  0.14535276728244E+05 -0.32099511925565E+04  0.94385595541337E+03  0.13266135209423E+04  0.78213613822299E+02  0.84913388251341E+01  0.32904817089223E+05 -0.34591244952171E+04  0.24530315031145E+05  0.13135054529938E+05 -0.44194224648840E+05  0.12516140023625E+01  0.29680358269231E+04 -0.13605607796893E+03 -0.41343341722195E+03 -0.40562357085842E+03 -0.45104580080209E+02 -0.15101400678871E+03 -0.35387785558622E+03 -0.22484089737373E+04 -0.14658730725879E+04 -0.23309839544500E+04  0.20052253380058E+04  0.41148054828586E+04 -0.11579895640756E+04 -0.23048176324517E+04 -0.55794929044564E+03  0.52085135667827E+02  0.10458748437779E+03 -0.22947470543548E+04 -0.12464005931354E+04  0.90310966584699E+03  0.18837860112570E+03 -0.14018854288013E+04 -0.15594975349889E+04
   0.72624722036930E+04  0.75051824106968E+02 -0.72904394485073E+01  0.13756220039555E+05 -0.11396055593070E+04  0.43369993492610E+04  0.21906102585763E+04  0.44186610237110E+05  0.69309409101880E+04 -0.18195181274531E+04  0.51390362840520E+03  0.77052801228270E+03  0.49594598281464E+02  0.40010073856541E+01  0.17148273002522E+05 -0.18784689073694E+04  0.13135054529938E+05  0.71374517581889E+04 -0.24627347679717E+05  0.19924832965149E+01  0.18525730621585E+04 -0.72757605825276E+02 -0.20861539035398E+03 -0.16951163289312E+03 -0.23799190017131E+02 -0.77143672231541E+02 -0.18277767005183E+03 -0.16126353935486E+04 -0.10179011913182E+04 -0.11755072734810E+04  0.94838746649497E+03  0.22743634669921E+04 -0.58712081672591E+03 -0.11699773154945E+04 -0.30796873267016E+03  0.83904642288304E+02  0.15699816720927E+03 -0.14904164033117E+04 -0.77597323619917E+03  0.11832687327462E+04  0.13674317527849E+03 -0.10042794620359E+04 -0.11171666426554E+04
  -0.78421761270174E+07  0.26249518969344E+07 -0.30193163775658E+06 -0.22838450616872E+07  0.48908343895729E+06 -0.44454687500639E+05 -0.24090015052232E+06 -0.59097500318927E+06 -0.26061870386313E+05  0.56844651288886E+05 -0.60567886258651E+04 -0.60466597813630E+04 -0.28976435631302E+03 -0.80478478138081E+02 -0.55417387598941E+05  0.64813650963280E+04 -0.44194224648840E+05 -0.24627347679717E+05  0.34107262126125E+08  0.74397911015349E+04  0.30998434378830E+07 -0.94534280908235E+05 -0.31217812276251E+06 -0.80674526033636E+06 -0.27040790566850E+05 -0.11583778429112E+06 -0.66101042932043E+06  0.34480309454159E+05  0.76670151497284E+05 -0.12257942927472E+04  0.57104056799815E+06  0.28113888322840E+07  0.17212853903454E+05  0.31640101417419E+05  0.21243797134330E+03  0.18595636635601E+06  0.82091163132749E+06  0.24555996801826E+05  0.77252573534885E+04 -0.18564803846299E+05  0.45037607956290E+05  0.20772791116414E+05  0.64597685507100E+05
  -0.16894454560590E+04  0.63831378943539E+03 -0.66033120593626E+02 -0.28556737646389E+03  0.79851981647142E+02  0.52522040048541E+02 -0.80958447527160E+01  0.36368168916393E+03 -0.94233472818838E+02 -0.64013042821569E+01  0.23638109585431E+01 -0.49945985748918E+01 -0.40485654378344E+00  0.19653647790685E-01  0.31932440073946E+01 -0.10169349789698E+01  0.12516140023625E+01  0.19924832965149E+01  0.74397911015349E+04  0.27386513080610E+01  0.80431403614081E+03 -0.21202403533055E+02 -0.69350912449073E+02 -0.20247137902890E+03 -0.42364050317962E+01 -0.21974995829039E+02 -0.15642299283758E+03  0.00000000000000E+00 -0.20054805164731E+02  0.00000000000000E+00  0.00000000000000E+00  0.54927990305564E+03  0.00000000000000E+00 -0.88936682602081E+01  0.00000000000000E+00  0.00000000000000E+00  0.24495752773617E+03  0.00000000000000E+00  0.00000000000000E+00  0.00000000000000E+00  0.67221797570514E+01  0.00000000000000E+00 -0.22707696012333E+02
  -0.95990001850124E+06  0.27361247573834E+06 -0.36414973077132E+05 -0.26665133848341E+06  0.54810787135078E+05 -0.14851219328447E+05 -0.33742635942117E+05 -0.11428406973537E+06  0.20201799302568E+04  0.10084805861812E+05 -0.10616524105584E+04 -0.47752101910575E+03  0.18942122458136E+02 -0.17367458941429E+02  0.32741738758847E+04 -0.49904080873804E+03  0.29680358269231E+04  0.18525730621585E+04  0.30998434378830E+07  0.80431403614081E+03  0.50244578466635E+06 -0.19654812609831E+05 -0.57964619190175E+05 -0.15104850770514E+06 -0.55216725181246E+04 -0.21135135628444E+05 -0.11164217579727E+06  0.00000000000000E+00  0.20482512406908E+05  0.00000000000000E+00  0.00000000000000E+00  0.49900679055102E+06  0.00000000000000E+00 -0.47720168472249E+04  0.00000000000000E+00  0.00000000000000E+00  0.10306025801706E+06  0.00000000000000E+00  0.00000000000000E+00  0.00000000000000E+00 -0.17836715785954E+05  0.00000000000000E+00  0.17047002734676E+05
   0.32007586973424E+05 -0.61069849179994E+04  0.11692551155271E+04  0.11920381300743E+05 -0.21955691254464E+04  0.13808406897597E+04  0.17851686095098E+04  0.17882020759929E+05 -0.35447029665781E+04 -0.78175197311225E+03  0.12683514713126E+03  0.70825065648385E+01  0.28812702450967E+01  0.26728996780880E+00 -0.12539164892178E+03  0.12846371178567E+02 -0.13605607796893E+03 -0.72757605825276E+02 -0.94534280908235E+05 -0.21202403533055E+02 -0.19654812609831E+05  0.10720123525769E+04  0.29411052695660E+04  0.73395384474094E+04  0.28143437876869E+03  0.10125858908877E+04  0.48786913513855E+04 -0.46090482527479E+02 -0.12844331667136E+04  0.44018461776863E+01  0.59161173959098E+03 -0.24771386536320E+05  0.00000000000000E+00 -0.12034569681412E+03  0.00000000000000E+00  0.20492672349009E+04 -0.28305341647592E+04  0.00000000000000E+00  0.00000000000000E+00  0.00000000000000E+00  0.11976842582490E+04 -0.30397822924509E+03 -0.16629315328569E+04
   0.11500545665664E+06 -0.25803659962747E+05  0.42118934044964E+04  0.35336439196542E+05 -0.65338489895251E+04  0.39098287441327E+04  0.51401897775004E+04  0.58593412175309E+05 -0.12162434871275E+05 -0.24173901036044E+04  0.40920718166485E+03  0.17341161563480E+03  0.23254707168001E+02  0.68229557615436E+00 -0.39400490789530E+03  0.35979534643316E+02 -0.41343341722195E+03 -0.20861539035398E+03 -0.31217812276251E+06 -0.69350912449073E+02 -0.57964619190175E+05  0.29411052695660E+04  0.85106178325651E+04  0.20208124121902E+05  0.80216697642865E+03  0.29484557586680E+04  0.14285298167305E+05 -0.15148075830410E+03 -0.34022663402345E+04 -0.17286889566290E+02 -0.57482498975300E+04 -0.72073779158009E+05  0.00000000000000E+00 -0.31720722547418E+03  0.00000000000000E+00  0.30556028502531E+04 -0.95940306293127E+04  0.00000000000000E+00  0.00000000000000E+00  0.00000000000000E+00  0.34921725974202E+04 -0.17577438897084E+04 -0.49411728882695E+04
   0.19799508357770E+06 -0.49668571938200E+05  0.73696918535789E+04  0.82283022504515E+05 -0.15676766673957E+05  0.77184136975239E+04  0.11408643472312E+05  0.94831749558095E+05 -0.18626206910137E+05 -0.42210638530186E+04  0.67412810672414E+03 -0.40785316548951E+03 -0.43474232623286E+02  0.24928767509808E+01 -0.33034471477516E+03  0.11062933097955E+02 -0.40562357085842E+03 -0.16951163289312E+03 -0.80674526033636E+06 -0.20247137902890E+03 -0.15104850770514E+06  0.73395384474094E+04  0.20208124121902E+05  0.57339659538918E+05  0.19903554799338E+04  0.73684232392949E+04  0.36780446321817E+05  0.23562857399441E+03 -0.10667302955133E+05 -0.43833392604103E+01  0.37162628196140E+05 -0.17374025831950E+06  0.00000000000000E+00 -0.10196264347986E+04  0.00000000000000E+00  0.16276480752744E+05 -0.24885372312032E+05  0.00000000000000E+00  0.00000000000000E+00  0.00000000000000E+00  0.56928692043495E+04  0.14693422096625E+04 -0.11624134151477E+05
   0.11246145179218E+05 -0.25574357630566E+04  0.41517946270563E+03  0.38387010151997E+04 -0.66826966718918E+03  0.54792731441971E+03  0.61110535060585E+03  0.62067803074011E+04 -0.12715262980664E+04 -0.26056719387072E+03  0.43534056566557E+02 -0.22194848347574E+02 -0.23865674759350E+01  0.10771256065477E+00 -0.40547016328484E+02  0.39712237845132E+01 -0.45104580080209E+02 -0.23799190017131E+02 -0.27040790566850E+05 -0.42364050317962E+01 -0.55216725181246E+04  0.28143437876869E+03  0.80216697642865E+03  0.19903554799338E+04  0.95192183335201E+02  0.33488133672436E+03  0.14099273632416E+04  0.00000000000000E+00 -0.40645182453856E+03  0.00000000000000E+00  0.00000000000000E+00 -0.79938067342111E+04  0.00000000000000E+00 -0.37652132906694E+02  0.00000000000000E+00  0.00000000000000E+00 -0.50946750212099E+03  0.00000000000000E+00  0.00000000000000E+00  0.00000000000000E+00  0.17067198027790E+02  0.00000000000000E+00 -0.61702385394580E+03
   0.43736638257008E+05 -0.10771209991100E+05  0.16210574696406E+04  0.14008448841403E+05 -0.24884470220083E+04  0.18206236220456E+04  0.21190387390375E+04  0.22843551518373E+05 -0.48472108231247E+04 -0.92169840911602E+03  0.15818003263018E+03 -0.91290853888600E+02 -0.91725928702044E+01  0.36249620274639E+00 -0.14317432976096E+03  0.13416952843107E+02 -0.15101400678871E+03 -0.77143672231541E+02 -0.11583778429112E+06 -0.21974995829039E+02 -0.21135135628444E+05  0.10125858908877E+04  0.29484557586680E+04  0.73684232392949E+04  0.33488133672436E+03  0.12278282106096E+04  0.52727219495445E+04  0.00000000000000E+00 -0.12935327540066E+04  0.00000000000000E+00  0.00000000000000E+00 -0.28960055541884E+05  0.00000000000000E+00 -0.11920499801519E+03  0.00000000000000E+00  0.00000000000000E+00 -0.31639444482879E+04  0.00000000000000E+00  0.00000000000000E+00  0.00000000000000E+00 -0.66396508682479E+02  0.00000000000000E+00 -0.22736762337887E+04
   0.22254158740644E+06 -0.60525582717470E+05  0.83751781432396E+04  0.61729119008198E+05 -0.12055796030998E+05  0.49011808899199E+04  0.81564802752215E+04  0.70038240729756E+05 -0.13449467383387E+05 -0.32554896027242E+04  0.50082142725224E+03 -0.23498265674832E+03 -0.18950951582435E+02  0.16431079660779E+01 -0.35932108190673E+03  0.36563030732373E+02 -0.35387785558622E+03 -0.18277767005183E+03 -0.66101042932043E+06 -0.15642299283758E+03 -0.11164217579727E+06  0.48786913513855E+04  0.14285298167305E+05  0.36780446321817E+05  0.14099273632416E+04  0.52727219495445E+04  0.27321823629944E+05  0.00000000000000E+00 -0.73203851966013E+04  0.00000000000000E+00  0.00000000000000E+00 -0.12368796659474E+06  0.00000000000000E+00 -0.69972092283525E+03  0.00000000000000E+00  0.00000000000000E+00 -0.19832702845029E+05  0.00000000000000E+00  0.00000000000000E+00  0.00000000000000E+00  0.77878907360667E+04  0.00000000000000E+00 -0.80041181429735E+04
  -0.13226069526671E+06  0.16793860540616E+05 -0.46792104690897E+04 -0.12876487673604E+05  0.19995681879392E+04 -0.27451500226050E+04 -0.24669793634604E+04 -0.63162340794822E+05  0.11581379221748E+05  0.27567012918863E+04 -0.46191997865782E+03 -0.11154208644737E+04 -0.16421170649815E+03  0.68550977247391E-01 -0.26917513221492E+04  0.49511248619615E+03 -0.22484089737373E+04 -0.16126353935486E+04  0.34480309454159E+05  0.00000000000000E+00  0.00000000000000E+00 -0.46090482527479E+02 -0.15148075830410E+03  0.23562857399441E+03  0.00000000000000E+00  0.00000000000000E+00  0.00000000000000E+00  0.11696014791398E+06  0.00000000000000E+00  0.00000000000000E+00  0.00000000000000E+00  0.00000000000000E+00  0.00000000000000E+00  0.00000000000000E+00  0.00000000000000E+00  0.00000000000000E+00  0.00000000000000E+00  0.00000000000000E+00  0.00000000000000E+00  0.00000000000000E+00  0.00000000000000E+00  0.00000000000000E+00  0.00000000000000E+00
  -0.56067945221620E+05  0.82948372509676E+04 -0.19856372875955E+04 -0.21331475891411E+05  0.33635420466871E+04 -0.42071224264534E+04 -0.38653132160155E+04 -0.50621882483758E+05  0.10931453467251E+05  0.19035034756283E+04 -0.34841520480259E+03 -0.74587047423254E-01 -0.99355648774552E-02 -0.23887765486512E-04 -0.17657218146874E+04  0.31025749327391E+03 -0.14658730725879E+04 -0.10179011913182E+04  0.76670151497284E+05 -0.20054805164731E+02  0.20482512406908E+05 -0.12844331667136E+04 -0.34022663402345E+04 -0.10667302955133E+05 -0.40645182453856E+03 -0.12935327540066E+04 -0.73203851966013E+04  0.00000000000000E+00  0.64995201516181E+05  0.00000000000000E+00  0.00000000000000E+00  0.00000000000000E+00  0.00000000000000E+00  0.00000000000000E+00  0.00000000000000E+00  0.00000000000000E+00  0.00000000000000E+00  0.00000000000000E+00  0.00000000000000E+00  0.00000000000000E+00  0.00000000000000E+00  0.00000000000000E+00  0.00000000000000E+00
  -0.52650127435983E+04 -0.19447307633302E+03  0.18530693495585E+02 -0.67767957417262E+02 -0.57331661865653E+02  0.15274341553874E+03  0.13821092916187E+03 -0.70414148275993E+05  0.24743105272766E+05  0.73777875009143E+03 -0.33444261674106E+03 -0.68556120748355E+03 -0.27010417157069E+02 -0.59490741567321E+01 -0.24899269559734E+04  0.28761819560728E+03 -0.23309839544500E+04 -0.11755072734810E+04 -0.12257942927472E+04  0.00000000000000E+00  0.00000000000000E+00  0.44018461776863E+01 -0.17286889566290E+02 -0.43833392604103E+01  0.00000000000000E+00  0.00000000000000E+00  0.00000000000000E+00  0.00000000000000E+00  0.00000000000000E+00  0.30808074123223E+05  0.00000000000000E+00  0.00000000000000E+00  0.00000000000000E+00  0.00000000000000E+00  0.00000000000000E+00  0.00000000000000E+00  0.00000000000000E+00  0.00000000000000E+00  0.00000000000000E+00  0.00000000000000E+00  0.00000000000000E+00  0.00000000000000E+00  0.00000000000000E+00
  -0.86867486503564E+06  0.21053366106787E+06 -0.31873499795887E+05 -0.66373201876183E+05  0.11792493764295E+05 -0.84640283483955E+04 -0.98493938167327E+04 -0.29581899252353E+06  0.67166652930818E+05  0.11039899111602E+05 -0.19944579212328E+04 -0.49728079532662E+04 -0.58549667834169E+03 -0.75354386522712E+00  0.20269369724146E+04 -0.16893059785888E+03  0.20052253380058E+04  0.94838746649497E+03  0.57104056799815E+06  0.00000000000000E+00  0.00000000000000E+00  0.59161173959098E+03 -0.57482498975300E+04  0.37162628196140E+05  0.00000000000000E+00  0.00000000000000E+00  0.00000000000000E+00  0.00000000000000E+00  0.00000000000000E+00  0.00000000000000E+00  0.58071895652538E+06  0.00000000000000E+00  0.00000000000000E+00  0.00000000000000E+00  0.00000000000000E+00  0.00000000000000E+00  0.00000000000000E+00  0.00000000000000E+00  0.00000000000000E+00  0.00000000000000E+00  0.00000000000000E+00  0.00000000000000E+00  0.00000000000000E+00
  -0.11263414857469E+07  0.26622243244133E+06 -0.41520063297982E+05 -0.34460090917592E+06  0.62597232163565E+05 -0.41198633437274E+05 -0.51300971475084E+05 -0.58145949561779E+06  0.12766184055060E+06  0.22950338516304E+05 -0.39692736491102E+04 -0.16623939577504E+02 -0.19307303169163E+01 -0.18333283324046E-02  0.43732119978103E+04 -0.50673052652059E+03  0.41148054828586E+04  0.22743634669921E+04  0.28113888322840E+07  0.54927990305564E+03  0.49900679055102E+06 -0.24771386536320E+05 -0.72073779158009E+05 -0.17374025831950E+06 -0.79938067342111E+04 -0.28960055541884E+05 -0.12368796659474E+06  0.00000000000000E+00  0.00000000000000E+00  0.00000000000000E+00  0.00000000000000E+00  0.92341022152444E+06  0.00000000000000E+00  0.00000000000000E+00  0.00000000000000E+00  0.00000000000000E+00  0.00000000000000E+00  0.00000000000000E+00  0.00000000000000E+00  0.00000000000000E+00  0.00000000000000E+00  0.00000000000000E+00  0.00000000000000E+00
  -0.20981753884727E+05  0.57481946037957E+04 -0.79958233597927E+03 -0.13666575611016E+04  0.32027848343733E+03  0.14367012336468E+02 -0.15424757167460E+03 -0.73977608352290E+05  0.22909003768302E+05  0.14966481907127E+04 -0.41672573277624E+03 -0.22449447998373E+04 -0.14158869869297E+03 -0.31292860069945E+01 -0.14782041845331E+04  0.15301593598103E+03 -0.11579895640756E+04 -0.58712081672591E+03  0.17212853903454E+05  0.00000000000000E+00  0.00000000000000E+00  0.00000000000000E+00  0.00000000000000E+00  0.00000000000000E+00  0.00000000000000E+00  0.00000000000000E+00  0.00000000000000E+00  0.00000000000000E+00  0.00000000000000E+00  0.00000000000000E+00  0.00000000000000E+00  0.00000000000000E+00  0.14300282665719E+05  0.00000000000000E+00  0.00000000000000E+00  0.00000000000000E+00  0.00000000000000E+00  0.00000000000000E+00  0.00000000000000E+00  0.00000000000000E+00  0.00000000000000E+00  0.00000000000000E+00  0.00000000000000E+00
  -0.47537022119303E+05  0.13191461133182E+05 -0.18184613009164E+04 -0.24933215099523E+04  0.56396125241796E+03 -0.82431450657556E+01 -0.27406230319892E+03 -0.16645739453738E+06  0.51620072896133E+05  0.33090086410817E+04 -0.93807693098904E+03 -0.69167310384977E+02 -0.18143211539645E+02 -0.14421420545677E-04 -0.29340613319887E+04  0.30277795115903E+03 -0.23048176324517E+04 -0.11699773154945E+04  0.31640101417419E+05 -0.88936682602081E+01 -0.47720168472249E+04 -0.12034569681412E+03 -0.31720722547418E+03 -0.10196264347986E+04 -0.37652132906694E+02 -0.11920499801519E+03 -0.69972092283525E+03  0.00000000000000E+00  0.00000000000000E+00  0.00000000000000E+00  0.00000000000000E+00  0.00000000000000E+00  0.00000000000000E+00  0.31408515347680E+05  0.00000000000000E+00  0.00000000000000E+00  0.00000000000000E+00  0.00000000000000E+00  0.00000000000000E+00  0.00000000000000E+00  0.00000000000000E+00  0.00000000000000E+00  0.00000000000000E+00
  -0.32083728879272E+04  0.42273809271563E+03 -0.10088307225121E+03 -0.70772555002772E+02  0.89540689564604E+01 -0.18778416939950E+02 -0.13110437568306E+02 -0.14122163280295E+04  0.19117290094317E+03  0.43764764456503E+02 -0.10807726529526E+02 -0.77444877066264E+02 -0.63006470491887E+01 -0.13631287426302E+00 -0.72743568107471E+03  0.80450507607575E+02 -0.55794929044564E+03 -0.30796873267016E+03  0.21243797134330E+03  0.00000000000000E+00  0.00000000000000E+00  0.00000000000000E+00  0.00000000000000E+00  0.00000000000000E+00  0.00000000000000E+00  0.00000000000000E+00  0.00000000000000E+00  0.00000000000000E+00  0.00000000000000E+00  0.00000000000000E+00  0.00000000000000E+00  0.00000000000000E+00  0.00000000000000E+00  0.00000000000000E+00  0.37989607707514E+04  0.00000000000000E+00  0.00000000000000E+00  0.00000000000000E+00  0.00000000000000E+00  0.00000000000000E+00  0.00000000000000E+00  0.00000000000000E+00  0.00000000000000E+00
  -0.20491941965183E+06  0.63899532572028E+05 -0.79154164885980E+04 -0.11784202451375E+05  0.29011802229791E+04  0.46502532327526E+03 -0.98067085308903E+03 -0.56732876763002E+04  0.59464317900660E+03  0.55447816996498E+03 -0.44613993113847E+02 -0.20491560740430E+00 -0.14644480016704E+00  0.34124023071918E-12  0.22731396181514E+03 -0.61027933236937E+02  0.52085135667827E+02  0.83904642288304E+02  0.18595636635601E+06  0.00000000000000E+00  0.00000000000000E+00  0.20492672349009E+04  0.30556028502531E+04  0.16276480752744E+05  0.00000000000000E+00  0.00000000000000E+00  0.00000000000000E+00  0.00000000000000E+00  0.00000000000000E+00  0.00000000000000E+00  0.00000000000000E+00  0.00000000000000E+00  0.00000000000000E+00  0.00000000000000E+00  0.00000000000000E+00  0.10628201944903E+06  0.00000000000000E+00  0.00000000000000E+00  0.00000000000000E+00  0.00000000000000E+00  0.00000000000000E+00  0.00000000000000E+00  0.00000000000000E+00
  -0.23110655533200E+06  0.71606229268999E+05 -0.89124704989819E+04 -0.53180339084954E+05  0.12919916478402E+05  0.17879030616387E+04 -0.45721089043331E+04 -0.11186672190197E+05  0.12077912028851E+04  0.10559005364018E+04 -0.87800136534579E+02  0.28079355886393E-02  0.19394397841037E-02 -0.84531428155340E-12  0.41035220267667E+03 -0.10866685617771E+03  0.10458748437779E+03  0.15699816720927E+03  0.82091163132749E+06  0.24495752773617E+03  0.10306025801706E+06 -0.28305341647592E+04 -0.95940306293127E+04 -0.24885372312032E+05 -0.50946750212099E+03 -0.31639444482879E+04 -0.19832702845029E+05  0.00000000000000E+00  0.00000000000000E+00  0.00000000000000E+00  0.00000000000000E+00  0.00000000000000E+00  0.00000000000000E+00  0.00000000000000E+00  0.00000000000000E+00  0.00000000000000E+00  0.13905622186059E+06  0.00000000000000E+00  0.00000000000000E+00  0.00000000000000E+00  0.00000000000000E+00  0.00000000000000E+00  0.00000000000000E+00
