# fitpack15: fit parameters                                                                         
# CJ15 AV18 final data choices                                                                      
# Created on 01/15/2020 at 22:45:40                                                                 

 # QCD setup
  INS                           0
  NVL                          11
  IORD                          1
  Q02                   1.6899999999999999     
  IPARAMC                       7
  FLAVOR                4.0000000000000000     
  xmc                   1.3000000000000000     
  xmb                   4.5000000000000000     
  ncb                          12
  ihq                           1
  ias                           0

 # Theory corrections
  inuke                     10814
  itmc                          1
  iht                           1

 # fit parameters
 LAMBDA       0.22680        0.0000    
 a0uv          1.9522        0.0000    
 a1uv         0.56831       0.23594E-01
 a2uv          3.5568       0.11675E-01
 a3uv          0.0000        0.0000    
 a4uv          4.5761       0.63168    
 a5uv          0.0000        0.0000    
 a0dv          24.936        0.0000    
 a1dv          1.1562       0.33264E-01
 a2dv          6.6222       0.15967    
 a3dv         -3.5581       0.85254E-01
 a4dv          4.7878       0.13974    
 a5dv          0.0000        0.0000    
 a0ud         0.14191       0.49835E-02
 a1ud        -0.21088       0.38219E-02
 a2ud          8.4340       0.18942    
 a3ud          0.0000        0.0000    
 a4ud          15.831        1.3111    
 a5ud          0.0000        0.0000    
 a0du          35712.        0.0000    
 a1du          4.0842       0.86008E-01
 a2du          20.147       0.95879    
 a3du          17.000        0.0000    
 a4du          53.359        12.004    
 a0g           47.349        0.0000    
 a1g          0.60956       0.32561E-01
 a2g           6.7964       0.96752    
 a3g          -3.3796       0.14696    
 a4g           3.3885       0.37448    
 a5g           0.0000        0.0000    
 kappa        0.40000        0.0000    
 a6dv        -0.39513E-02   0.67450E-03
 a7dv          2.0000        0.0000    
 off1         -2.6792        1.7973    
 off2         0.62065E-01   0.46765E-02
 ht1          -3.5647       0.34711    
 ht2           2.0871       0.12523    
 ht3          -2.0477       0.35602E-01
 ht4           0.0000        0.0000    
 ht1n         -3.6737        1.0287    
 ht2n          1.9809       0.34271    
 ht3n         -2.1289       0.67641E-01
 ht4n          0.0000        0.0000    
 dummy44       0.0000        0.0000    
 dummy45       0.0000        0.0000    
 dummy46       0.0000        0.0000    
 dummy47       0.0000        0.0000    
 dummy48       0.0000        0.0000    
 dummy49       0.0000        0.0000    
 bcdmsh2      0.97007       0.48554E-02
 bcdmsd2      0.99010       0.58578E-02
 ccfr          1.0000        0.0000    
 nutev         1.0000        0.0000    
 zeus         0.97998        0.0000    
 h1            1.0162        0.0000    
 e605          1.0319        0.0000    
 NmcH2         1.0066       0.71352E-02
 ntv_nu        1.0000        0.0000    
 ntv_nubar     1.0000        0.0000    
 cdf_jet      0.98910        0.0000    
 d0_jet       0.83504        0.0000    
 slac_p        1.0020       0.50398E-02
 slac_d        1.0013       0.53166E-02
 e866pp       0.98220       0.19972E-01
 e866pd       0.97032       0.16440E-01
 d0_gamjet     1.0362       0.16486E-01
 h1b          0.97608        0.0000    
 jlab_p       0.99057       0.62870E-02
 jlab_d       0.97445       0.60242E-02
 blank         1.0000        0.0000    
 d0run2       0.94485       0.14231E-01
 cdfrun2      0.93143       0.17327E-01
 HERA_el       1.0000        0.0000    
 HERA_ps       1.0000        0.0000    
 CDF_Z        0.95926       0.66238E-02
 NmcRat        1.0000        0.0000    
 BNS_F2nd     0.98326       0.12082E-01
 HERMES_F2p   0.99592       0.56765E-02
 HERMES_F2d   0.97762       0.58508E-02
 END 0. 0.

 # Hessian matrix (Bevington alpha)
   0.51990537983144E+07 -0.13321347737282E+07  0.19499451942022E+06  0.50579523333285E+06 -0.12809442821726E+06 -0.29374897736946E+05  0.53287828222251E+05  0.98915272056242E+06 -0.18408751291029E+06 -0.50131566204507E+05  0.72917928069842E+04  0.15356031035571E+05  0.17230017176450E+04 -0.10614625969726E+03  0.97429766590957E+04 -0.21688444235238E+04  0.10359285873635E+05  0.74396370593568E+04 -0.78015248049179E+07 -0.11472311125640E+04  0.30977113261840E+07  0.36155724845019E+05  0.12604683416158E+06  0.23310863190953E+06  0.12471540683500E+05  0.47828121671368E+05  0.24699605174988E+06 -0.13226537045973E+06 -0.56076309261206E+05 -0.52664133428915E+04 -0.86881283088949E+06 -0.11265303066761E+07 -0.20988952111092E+05 -0.47524458661491E+05 -0.32099765459569E+04 -0.20495302629950E+06 -0.23109120142292E+06 -0.92304263890262E+04 -0.32579822922151E+04 -0.18094067209304E+05  0.17198806081821E+05 -0.74380697225619E+05 -0.58652202169481E+05
  -0.13321347737282E+07  0.41649165446756E+06 -0.51032676771402E+05 -0.13766926347013E+06  0.34557900681745E+05  0.10600653790471E+05 -0.11142324261782E+05 -0.12535363982732E+06  0.26416522224559E+05  0.73818166020374E+04 -0.87448696992087E+03 -0.11993856403933E+04 -0.13919147762667E+03  0.12725033131340E+02  0.64181355138924E+03 -0.52724375958926E+02  0.13538352233096E+03  0.75099251471477E+02  0.26081508782940E+07  0.48803994738057E+03 -0.88734267724319E+06 -0.73006828683665E+04 -0.28980992706101E+05 -0.59861447929187E+05 -0.29056400385109E+04 -0.11953886129549E+05 -0.67619774753117E+05  0.16792551670243E+05  0.82880067772119E+04 -0.19420425230358E+03  0.21055633313145E+06  0.26590380078498E+06  0.57498289188795E+04  0.13188070575312E+05  0.42297616732495E+03  0.63904168463164E+05  0.71513149347481E+05  0.24375271756226E+04  0.77174270644208E+03 -0.22133662023939E+04 -0.22653262119356E+04  0.86858456095349E+04  0.72940057417234E+04
   0.19499451942022E+06 -0.51032676771402E+05  0.73664542372542E+04  0.18765417831974E+05 -0.48647658188129E+04 -0.13501960970780E+04  0.19174710976599E+04  0.27987534168963E+05 -0.50584919330012E+04 -0.16622101565961E+04  0.20976987614964E+03  0.41657177210042E+03  0.52988950782710E+02 -0.40245869310456E+01 -0.27633579853975E+03 -0.77418743503205E+01 -0.12570618631581E+03 -0.48015227907378E+01 -0.29989739371612E+06 -0.45433700074411E+02  0.11738092459125E+06  0.13248734390572E+04  0.46245456740890E+04  0.86913263482545E+04  0.46092269247806E+03  0.17737998854529E+04  0.92917076821509E+04 -0.46747853016888E+04 -0.19831807614141E+04  0.18449483663658E+02 -0.31843683988792E+05 -0.41464969550441E+05 -0.79894264504574E+03 -0.18159288287377E+04 -0.10084276866348E+03 -0.79072456878576E+04 -0.88976714081473E+04 -0.34617498118514E+03 -0.12096978712607E+03 -0.66402913280420E+02  0.61259994272498E+03 -0.22208902188424E+04 -0.17923224916860E+04
   0.50579523333285E+06 -0.13766926347013E+06  0.18765417831974E+05  0.40169410990312E+06 -0.62425520157915E+05  0.74229639096385E+05  0.64022905177716E+05  0.36330220877275E+06 -0.28001397323772E+05 -0.18334049658294E+05  0.31788085537072E+04 -0.13962665967790E+04 -0.15047681879205E+03  0.54919799861376E+02  0.31010255596022E+05 -0.37726084532766E+04  0.24899654577939E+05  0.13983617995471E+05 -0.22745324068267E+07 -0.13002084607486E+03  0.86011784418595E+06  0.13071162555576E+05  0.38388293575978E+05  0.91985373948839E+05  0.41865544876756E+04  0.15136113653222E+05  0.68465838178964E+05 -0.12878304021276E+05 -0.21339799406720E+05 -0.69283620226597E+02 -0.66399995288249E+05 -0.34496781599252E+06 -0.13667423005098E+04 -0.24941117722927E+04 -0.70877354613821E+02 -0.11790513813975E+05 -0.53246939946303E+05 -0.24808035913239E+04 -0.96422480017729E+03 -0.98390135289367E+04 -0.15878221545766E+05 -0.72666818045496E+04 -0.21542305137165E+05
  -0.12809442821726E+06  0.34557900681745E+05 -0.48647658188129E+04 -0.62425520157915E+05  0.11449803763349E+05 -0.74394091969870E+04 -0.91123742073168E+04 -0.33367778660770E+05  0.51797236022790E+03  0.23591570637718E+04 -0.31688092962127E+03 -0.20080482387151E+02  0.50606404485718E+01 -0.48880527071739E+01 -0.26034147443848E+04  0.32149012746218E+03 -0.20366895751045E+04 -0.11590262688103E+04  0.48623083028463E+06  0.48202142647083E+02 -0.17684726391182E+06 -0.24323036883398E+04 -0.71602970262535E+04 -0.17681598968750E+05 -0.73800054292767E+03 -0.27184514891173E+04 -0.13448196594038E+05  0.19990232593885E+04  0.33607340219222E+04 -0.57180617367574E+02  0.11790788811762E+05  0.62565524284287E+05  0.32012411544546E+03  0.56389868017579E+03  0.89681963292193E+01  0.29005649264996E+04  0.12907416835875E+05  0.46583797048814E+03  0.17268971067314E+03  0.37130764472810E+03  0.25087460397852E+04  0.81528912241662E+03  0.25157763493632E+04
  -0.29374897736946E+05  0.10600653790471E+05 -0.13501960970780E+04  0.74229639096385E+05 -0.74394091969870E+04  0.24337468965936E+05  0.14528346821153E+05  0.11074646292856E+06 -0.10499587737368E+05 -0.45705147416592E+04  0.94981227094229E+03 -0.71249148048286E+03 -0.67039686128266E+02  0.18626086306079E+02  0.94887095083890E+04 -0.11854592490702E+04  0.77126142253319E+04  0.43955988246400E+04 -0.44953164122644E+05  0.62425717267770E+02  0.46659478213366E+05  0.14322107457872E+04  0.40457760948594E+04  0.81473919498136E+04  0.56786142512267E+03  0.18719689223558E+04  0.51953501512285E+04 -0.27327662791048E+04 -0.41939081742305E+04  0.15137513913364E+03 -0.84221776181144E+04 -0.41164599426095E+05  0.14641150134842E+02 -0.76034637911805E+01 -0.18716236668098E+02  0.46531006947732E+03  0.17476230800352E+04 -0.24482706794626E+03 -0.12634455596359E+03 -0.31609735959227E+04 -0.32549766989397E+04 -0.18580594522159E+04 -0.53391975886920E+04
   0.53287828222251E+05 -0.11142324261782E+05  0.19174710976599E+04  0.64022905177716E+05 -0.91123742073168E+04  0.14528346821153E+05  0.11298604993990E+05  0.60994772261975E+05 -0.34841016900096E+04 -0.32530270368129E+04  0.55085235659300E+03 -0.23243061992153E+03 -0.26983308599783E+02  0.97704652878243E+01  0.48734163534561E+04 -0.61733138417830E+03  0.38504075274147E+04  0.22223620924650E+04 -0.23941557444582E+06  0.12236888205371E+02  0.10794409409853E+06  0.19218605667496E+04  0.55009776324554E+04  0.12566498430395E+05  0.65381479451041E+03  0.22510925104987E+04  0.89571667828177E+04 -0.24583019922077E+04 -0.38525319981341E+04  0.13745022031795E+03 -0.98167888197270E+04 -0.51195592260510E+05 -0.15369899947175E+03 -0.27320052967466E+03 -0.13080859540191E+02 -0.97799810352720E+03 -0.45749744311497E+04 -0.35384640037687E+03 -0.14957673228277E+03 -0.13418277673360E+04 -0.31116126141748E+04 -0.11474821244482E+04 -0.34166348658523E+04
   0.98915272056242E+06 -0.12535363982732E+06  0.27987534168963E+05  0.36330220877275E+06 -0.33367778660770E+05  0.11074646292856E+06  0.60994772261975E+05  0.53959123640193E+07 -0.24110599338557E+07 -0.89517656153614E+05  0.25962965304676E+05  0.26568123438358E+05  0.17963701737536E+04  0.97809367610208E+02  0.89432875005930E+05 -0.11349588845661E+05  0.82885553741985E+05  0.44909526148188E+05 -0.58681547213625E+06  0.43999469898110E+03  0.35632677174886E+06  0.18017784259027E+05  0.58997738320468E+05  0.95691838837797E+05  0.62985944387431E+04  0.23074431854071E+05  0.70626853111033E+05 -0.63173257544724E+05 -0.50629146833951E+05 -0.70520053702873E+05 -0.29595242032175E+06 -0.58097815651413E+06 -0.74038511847773E+05 -0.16646826676557E+06 -0.14151751388336E+04 -0.56646492453040E+04 -0.11139925781140E+05  0.24601641563581E+03  0.25707387120285E+03 -0.27466305926179E+06 -0.87671528269403E+04 -0.14480823436976E+06 -0.17849923673137E+06
  -0.18408751291029E+06  0.26416522224559E+05 -0.50584919330012E+04 -0.28001397323772E+05  0.51797236022790E+03 -0.10499587737368E+05 -0.34841016900096E+04 -0.24110599338557E+07  0.19287716706755E+07  0.19491086926404E+05 -0.64034597888665E+04 -0.55759741484682E+04 -0.30778854989709E+03 -0.13698933472339E+02  0.47978448971068E+05 -0.22212514188132E+04  0.14648055483379E+05  0.70038206794595E+04 -0.25899711889185E+05 -0.97016416754554E+02 -0.46290581206048E+04 -0.34478065920960E+04 -0.11920090337218E+05 -0.17741859348679E+05 -0.12546785553013E+04 -0.47827596048363E+04 -0.12840258056236E+05  0.11576607560750E+05  0.10935389415661E+05  0.24772522811486E+05  0.67175942342070E+05  0.12753972216990E+06  0.22919526090843E+05  0.51606192037083E+05  0.19195947850201E+03  0.59598082639516E+03  0.12061317194395E+04 -0.12501398843409E+04 -0.69477613324947E+03  0.11312205289310E+06  0.15658447245065E+04  0.45309389105523E+05  0.55318971927729E+05
  -0.50131566204507E+05  0.73818166020374E+04 -0.16622101565961E+04 -0.18334049658294E+05  0.23591570637718E+04 -0.45705147416592E+04 -0.32530270368129E+04 -0.89517656153614E+05  0.19491086926404E+05  0.26603959086597E+04 -0.61276814856555E+03 -0.66088318868151E+03 -0.58682898153442E+02 -0.17494899080049E+01 -0.40311630617845E+04  0.49282554478437E+03 -0.32628530096548E+04 -0.18494859836692E+04  0.56360717120998E+05 -0.12687863847576E+02 -0.31904900279866E+05 -0.81603919227189E+03 -0.25082563453587E+04 -0.45043852872220E+04 -0.27229199595287E+03 -0.95646917493003E+03 -0.34503500415323E+04  0.27551217241636E+04  0.19004100105711E+04  0.73816169557459E+03  0.11032432135957E+05  0.22900052413365E+05  0.14960274421280E+04  0.33050474912253E+04  0.43794029605566E+02  0.55251517815051E+03  0.10498044404798E+04  0.12956158946557E+03  0.57742893074719E+02  0.31409863665194E+04  0.43492089699787E+03  0.28408313582836E+04  0.35881221181437E+04
   0.72917928069842E+04 -0.87448696992087E+03  0.20976987614964E+03  0.31788085537072E+04 -0.31688092962127E+03  0.94981227094229E+03  0.55085235659300E+03  0.25962965304676E+05 -0.64034597888665E+04 -0.61276814856555E+03  0.16555667412177E+03  0.18534673734686E+03  0.13537225815956E+02  0.64959479317263E+00  0.12214551926417E+04 -0.13540797633158E+03  0.95621111969200E+03  0.52061338029313E+03 -0.59944039811947E+04  0.30462435082315E+01  0.33174202601911E+04  0.12888697872837E+03  0.41465495872375E+03  0.69085572748867E+03  0.44471228287087E+02  0.16064146156692E+03  0.51217612869730E+03 -0.46053578079801E+03 -0.34729037511162E+03 -0.33415237269599E+03 -0.19890706006841E+04 -0.39531222650481E+04 -0.41590214649132E+03 -0.93548612333642E+03 -0.10793782161745E+02 -0.44363662961270E+02 -0.87085183645384E+02 -0.13084518368210E+02 -0.61529017433044E+01 -0.11285189258919E+04 -0.63800110821025E+02 -0.81163224663312E+03 -0.10076627487321E+04
   0.15356031035571E+05 -0.11993856403933E+04  0.41657177210042E+03 -0.13962665967790E+04 -0.20080482387151E+02 -0.71249148048286E+03 -0.23243061992153E+03  0.26568123438358E+05 -0.55759741484682E+04 -0.66088318868151E+03  0.18534673734686E+03  0.15645767146320E+04  0.10424178863606E+03 -0.11730957611770E+01  0.13704726861615E+04 -0.19234232310166E+03  0.13492205884474E+04  0.78283766219530E+03 -0.60083830294148E+04 -0.47733760775556E+01  0.15734477748421E+04  0.12359580951204E+02  0.18789807704537E+03 -0.36590510552415E+03 -0.21012168468401E+02 -0.87451470406782E+02 -0.20599679524036E+03 -0.11134093108053E+04 -0.80574761526959E-01 -0.68571101586903E+03 -0.49667161009224E+04 -0.17746489001118E+02 -0.22436178812590E+04 -0.68773469556545E+02 -0.77417154771769E+02 -0.20255581655225E+00  0.30439581966724E-02 -0.17001484093039E+01 -0.72812989064647E+00  0.29050076924552E+03  0.30344761254875E+03 -0.26674935907059E+04 -0.48968108343060E+01
   0.17230017176450E+04 -0.13919147762667E+03  0.52988950782710E+02 -0.15047681879205E+03  0.50606404485718E+01 -0.67039686128266E+02 -0.26983308599783E+02  0.17963701737536E+04 -0.30778854989709E+03 -0.58682898153442E+02  0.13537225815956E+02  0.10424178863606E+03  0.94398397734667E+01 -0.16827819999928E+00  0.76782625860243E+02 -0.12923406136534E+02  0.79768045967285E+02  0.50487168492679E+02 -0.28748910453188E+03 -0.42255831406197E+00 -0.60382548436249E+02  0.29652852559691E+01  0.23497516884830E+02 -0.43009142787873E+02 -0.24036381438873E+01 -0.91695643384111E+01 -0.18617067723253E+02 -0.16380703764094E+03 -0.10521255303152E-01 -0.26991296564594E+02 -0.58428122771787E+03 -0.20187792295242E+01 -0.14140579066295E+03 -0.18030122610634E+02 -0.62935598299429E+01 -0.14474190757667E+00  0.20658087435300E-02 -0.17988230297024E+00 -0.69852288906032E-01  0.28749929069706E+02  0.67794276343327E+02 -0.19336411346508E+03 -0.38134539363433E+00
  -0.10614625969726E+03  0.12725033131340E+02 -0.40245869310456E+01  0.54919799861376E+02 -0.48880527071739E+01  0.18626086306079E+02  0.97704652878243E+01  0.97809367610208E+02 -0.13698933472339E+02 -0.17494899080049E+01  0.64959479317263E+00 -0.11730957611770E+01 -0.16827819999928E+00  0.48259853364080E-01  0.14035678911323E+02 -0.10853628702171E+01  0.84755193631531E+01  0.39948584526837E+01 -0.79401198171557E+02  0.30352088413640E-01  0.54381025861037E+02  0.35978124611446E+00  0.92576282352353E+00  0.32767532761309E+01  0.13701901157422E+00  0.45341334673923E+00  0.21811978433584E+01  0.67900084247102E-01 -0.26512975617591E-04 -0.58697786380447E+01 -0.72969421014093E+00 -0.19820973182549E-02 -0.30616971469862E+01 -0.13292209835814E-04 -0.13414416748492E+00 -0.10012295763231E-12 -0.64826405347155E-12 -0.16102081329539E-02 -0.88482417484810E-03 -0.15739353537842E+01  0.37326204419587E-04 -0.30011644426094E+01 -0.36678458032583E-02
   0.97429766590957E+04  0.64181355138924E+03 -0.27633579853975E+03  0.31010255596022E+05 -0.26034147443848E+04  0.94887095083890E+04  0.48734163534561E+04  0.89432875005930E+05  0.47978448971068E+05 -0.40311630617845E+04  0.12214551926417E+04  0.13704726861615E+04  0.76782625860243E+02  0.14035678911323E+02  0.49647857586727E+05 -0.46269961162850E+04  0.33352488781178E+05  0.17391682873132E+05 -0.55212572413755E+05  0.13053906387866E+01 -0.10502187950056E+05 -0.14110724116452E+03 -0.43510647720904E+03 -0.46428418204728E+03 -0.45428527666447E+02 -0.15804205092377E+03 -0.45345917605431E+03 -0.27024739324655E+04 -0.17725544122763E+04 -0.24892741459487E+04  0.20181408305390E+04  0.43532984287576E+04 -0.14786140618758E+04 -0.29330943038772E+04 -0.72795507688919E+03  0.23297955751476E+03  0.41896477343874E+03 -0.28654376341703E+04 -0.15233351298722E+04 -0.23977327454929E+04  0.19419828763313E+03 -0.89723519451004E+03 -0.10111173966741E+04
  -0.21688444235238E+04 -0.52724375958926E+02 -0.77418743503205E+01 -0.37726084532766E+04  0.32149012746218E+03 -0.11854592490702E+04 -0.61733138417830E+03 -0.11349588845661E+05 -0.22212514188132E+04  0.49282554478437E+03 -0.13540797633158E+03 -0.19234232310166E+03 -0.12923406136534E+02 -0.10853628702171E+01 -0.46269961162850E+04  0.50138285463091E+03 -0.35165749947467E+04 -0.19103655669433E+04  0.64751399881615E+04 -0.74567418205176E+00  0.16158122944284E+04  0.15222480270511E+02  0.42179643231448E+02  0.31780228898316E+02  0.46479497237817E+01  0.15552689088450E+02  0.51383443085941E+02  0.49827268790244E+03  0.31214233470258E+03  0.28781566626843E+03 -0.16687593413438E+03 -0.50256448767829E+03  0.15338894645993E+03  0.30324149399283E+03  0.80654015357040E+02 -0.62585598978544E+02 -0.11104249446945E+03  0.43580694203438E+03  0.21588568202018E+03 -0.30324409058152E+03 -0.35044696520207E+02  0.25032605873254E+03  0.28049684119477E+03
   0.10359285873635E+05  0.13538352233096E+03 -0.12570618631581E+03  0.24899654577939E+05 -0.20366895751045E+04  0.77126142253319E+04  0.38504075274147E+04  0.82885553741985E+05  0.14648055483379E+05 -0.32628530096548E+04  0.95621111969200E+03  0.13492205884474E+04  0.79768045967285E+02  0.84755193631531E+01  0.33352488781178E+05 -0.35165749947467E+04  0.25222946741931E+05  0.13515487769716E+05 -0.44660053630433E+05 -0.49014651965400E+00 -0.96514062827323E+04 -0.15343735243806E+03 -0.45872111530412E+03 -0.53623926426046E+03 -0.50736647581760E+02 -0.16736355280784E+03 -0.44620883131887E+03 -0.23063340648428E+04 -0.15018700613762E+04 -0.23578282217911E+04  0.20259304315061E+04  0.41712026937567E+04 -0.11710128463501E+04 -0.23295592155207E+04 -0.56646490946479E+03  0.55361830001157E+02  0.11041530935248E+03 -0.23419839535651E+04 -0.12705207325296E+04  0.96004333434697E+03  0.19384333717507E+03 -0.14388876156093E+04 -0.16007905164809E+04
   0.74396370593568E+04  0.75099251471477E+02 -0.48015227907378E+01  0.13983617995471E+05 -0.11590262688103E+04  0.43955988246400E+04  0.22223620924650E+04  0.44909526148188E+05  0.70038206794595E+04 -0.18494859836692E+04  0.52061338029313E+03  0.78283766219530E+03  0.50487168492679E+02  0.39948584526837E+01  0.17391682873132E+05 -0.19103655669433E+04  0.13515487769716E+05  0.73481883716878E+04 -0.24892446247906E+05  0.95133257680678E+00 -0.60462657501817E+04 -0.83240169026080E+02 -0.23569438308437E+03 -0.25010994104884E+03 -0.27049503125958E+02 -0.86677585317989E+02 -0.24040708053822E+03 -0.16500925746093E+04 -0.10407046046201E+04 -0.11886053654658E+04  0.95538058549403E+03  0.23005357895851E+04 -0.59391265159357E+03 -0.11827216407654E+04 -0.31268989475893E+03  0.87722873953365E+02  0.16344778014275E+03 -0.15205013097287E+04 -0.79072123281737E+03  0.12214269651928E+04  0.13999878631432E+03 -0.10260146592654E+04 -0.11413738574893E+04
  -0.78015248049179E+07  0.26081508782940E+07 -0.29989739371612E+06 -0.22745324068267E+07  0.48623083028463E+06 -0.44953164122644E+05 -0.23941557444582E+06 -0.58681547213625E+06 -0.25899711889185E+05  0.56360717120998E+05 -0.59944039811947E+04 -0.60083830294148E+04 -0.28748910453188E+03 -0.79401198171557E+02 -0.55212572413755E+05  0.64751399881615E+04 -0.44660053630433E+05 -0.24892446247906E+05  0.33692783169786E+08  0.57071689345942E+04 -0.10017631735584E+08 -0.10764674824593E+06 -0.34656890569269E+06 -0.91834236928306E+06 -0.30836769216340E+05 -0.12861700800104E+06 -0.73808314896183E+06  0.34280161883329E+05  0.76162479152503E+05 -0.12141614050309E+04  0.56793288303062E+06  0.27916688127861E+07  0.17114941898259E+05  0.31471489291769E+05  0.21187314795293E+03  0.18494335937713E+06  0.81509602837985E+06  0.24414634629536E+05  0.76834763164696E+04 -0.18436151617664E+05  0.44790695109880E+05  0.20660904997807E+05  0.64200446014874E+05
  -0.11472311125640E+04  0.48803994738057E+03 -0.45433700074411E+02 -0.13002084607486E+03  0.48202142647083E+02  0.62425717267770E+02  0.12236888205371E+02  0.43999469898110E+03 -0.97016416754554E+02 -0.12687863847576E+02  0.30462435082315E+01 -0.47733760775556E+01 -0.42255831406197E+00  0.30352088413640E-01  0.13053906387866E+01 -0.74567418205176E+00 -0.49014651965400E+00  0.95133257680678E+00  0.57071689345942E+04  0.20650486566923E+01 -0.17173512977579E+04 -0.12238507382260E+02 -0.42400969385784E+02 -0.13693368487200E+03 -0.16530772259793E+01 -0.12105871177340E+02 -0.10735004630665E+03  0.00000000000000E+00 -0.33045338346800E+02  0.00000000000000E+00  0.00000000000000E+00  0.25839308377601E+03  0.00000000000000E+00 -0.61210342937284E+01  0.00000000000000E+00  0.00000000000000E+00  0.18779365759509E+03  0.00000000000000E+00  0.00000000000000E+00  0.00000000000000E+00  0.17446372462695E+02  0.00000000000000E+00 -0.33484929719332E+02
   0.30977113261840E+07 -0.88734267724319E+06  0.11738092459125E+06  0.86011784418595E+06 -0.17684726391182E+06  0.46659478213366E+05  0.10794409409853E+06  0.35632677174886E+06 -0.46290581206048E+04 -0.31904900279866E+05  0.33174202601911E+04  0.15734477748421E+04 -0.60382548436249E+02  0.54381025861037E+02 -0.10502187950056E+05  0.16158122944284E+04 -0.96514062827323E+04 -0.60462657501817E+04 -0.10017631735584E+08 -0.17173512977579E+04  0.52005483802530E+07  0.69940317728116E+05  0.20435974389251E+06  0.54504752551247E+06  0.19750122122285E+05  0.74732219071683E+05  0.39947684822244E+06  0.00000000000000E+00 -0.64471568605652E+05  0.00000000000000E+00  0.00000000000000E+00 -0.15999791271135E+07  0.00000000000000E+00  0.15314872724802E+05  0.00000000000000E+00  0.00000000000000E+00 -0.33368007367944E+06  0.00000000000000E+00  0.00000000000000E+00  0.00000000000000E+00  0.49348524688844E+05  0.00000000000000E+00 -0.53712668841036E+05
   0.36155724845019E+05 -0.73006828683665E+04  0.13248734390572E+04  0.13071162555576E+05 -0.24323036883398E+04  0.14322107457872E+04  0.19218605667496E+04  0.18017784259027E+05 -0.34478065920960E+04 -0.81603919227189E+03  0.12888697872837E+03  0.12359580951204E+02  0.29652852559691E+01  0.35978124611446E+00 -0.14110724116452E+03  0.15222480270511E+02 -0.15343735243806E+03 -0.83240169026080E+02 -0.10764674824593E+06 -0.12238507382260E+02  0.69940317728116E+05  0.12470481850986E+04  0.34290365200602E+04  0.87582834667257E+04  0.33210380979736E+03  0.11910404509388E+04  0.58913909209544E+04 -0.46280866241753E+02 -0.13553901758916E+04  0.43748153926171E+01  0.58471048420176E+03 -0.26815322492675E+05  0.00000000000000E+00 -0.85053509382473E+02  0.00000000000000E+00  0.20534723230633E+04 -0.32816603912382E+04  0.00000000000000E+00  0.00000000000000E+00  0.00000000000000E+00  0.12662961511923E+04 -0.30637758745085E+03 -0.17048793203956E+04
   0.12604683416158E+06 -0.28980992706101E+05  0.46245456740890E+04  0.38388293575978E+05 -0.71602970262535E+04  0.40457760948594E+04  0.55009776324554E+04  0.58997738320468E+05 -0.11920090337218E+05 -0.25082563453587E+04  0.41465495872375E+03  0.18789807704537E+03  0.23497516884830E+02  0.92576282352353E+00 -0.43510647720904E+03  0.42179643231448E+02 -0.45872111530412E+03 -0.23569438308437E+03 -0.34656890569269E+06 -0.42400969385784E+02  0.20435974389251E+06  0.34290365200602E+04  0.98695597515081E+04  0.24174876631161E+05  0.94369142051537E+03  0.34462834459252E+04  0.17115786223969E+05 -0.15190382396865E+03 -0.35893015271795E+04 -0.17924173467362E+02 -0.57848779271110E+04 -0.77469874376105E+05  0.00000000000000E+00 -0.22418406675336E+03  0.00000000000000E+00  0.30559032860592E+04 -0.10790241740236E+05  0.00000000000000E+00  0.00000000000000E+00  0.00000000000000E+00  0.36725222225181E+04 -0.17683197358582E+04 -0.50538265152321E+04
   0.23310863190953E+06 -0.59861447929187E+05  0.86913263482545E+04  0.91985373948839E+05 -0.17681598968750E+05  0.81473919498136E+04  0.12566498430395E+05  0.95691838837797E+05 -0.17741859348679E+05 -0.45043852872220E+04  0.69085572748867E+03 -0.36590510552415E+03 -0.43009142787873E+02  0.32767532761309E+01 -0.46428418204728E+03  0.31780228898316E+02 -0.53623926426046E+03 -0.25010994104884E+03 -0.91834236928306E+06 -0.13693368487200E+03  0.54504752551247E+06  0.87582834667257E+04  0.24174876631161E+05  0.68884589710817E+05  0.24000461208379E+04  0.88240839189755E+04  0.45035758073330E+05  0.23617207492690E+03 -0.11267998580673E+05 -0.44504395930744E+01  0.37193242049396E+05 -0.19099645011973E+06  0.00000000000000E+00 -0.72061410448860E+03  0.00000000000000E+00  0.16276582415129E+05 -0.28736938051193E+05  0.00000000000000E+00  0.00000000000000E+00  0.00000000000000E+00  0.62581490045122E+04  0.14722695797489E+04 -0.11967872287464E+05
   0.12471540683500E+05 -0.29056400385109E+04  0.46092269247806E+03  0.41865544876756E+04 -0.73800054292767E+03  0.56786142512267E+03  0.65381479451041E+03  0.62985944387431E+04 -0.12546785553013E+04 -0.27229199595287E+03  0.44471228287087E+02 -0.21012168468401E+02 -0.24036381438873E+01  0.13701901157422E+00 -0.45428527666447E+02  0.46479497237817E+01 -0.50736647581760E+02 -0.27049503125958E+02 -0.30836769216340E+05 -0.16530772259793E+01  0.19750122122285E+05  0.33210380979736E+03  0.94369142051537E+03  0.24000461208379E+04  0.11046095197882E+03  0.38774870256087E+03  0.17018692548290E+04  0.00000000000000E+00 -0.42881984208995E+03  0.00000000000000E+00  0.00000000000000E+00 -0.86275156653294E+04  0.00000000000000E+00 -0.26610390934011E+02  0.00000000000000E+00  0.00000000000000E+00 -0.63255741585973E+03  0.00000000000000E+00  0.00000000000000E+00  0.00000000000000E+00  0.34772289858194E+02  0.00000000000000E+00 -0.63510116285375E+03
   0.47828121671368E+05 -0.11953886129549E+05  0.17737998854529E+04  0.15136113653222E+05 -0.27184514891173E+04  0.18719689223558E+04  0.22510925104987E+04  0.23074431854071E+05 -0.47827596048363E+04 -0.95646917493003E+03  0.16064146156692E+03 -0.87451470406782E+02 -0.91695643384111E+01  0.45341334673923E+00 -0.15804205092377E+03  0.15552689088450E+02 -0.16736355280784E+03 -0.86677585317989E+02 -0.12861700800104E+06 -0.12105871177340E+02  0.74732219071683E+05  0.11910404509388E+04  0.34462834459252E+04  0.88240839189755E+04  0.38774870256087E+03  0.14123578998773E+04  0.63114029750489E+04  0.00000000000000E+00 -0.13639482179097E+04  0.00000000000000E+00  0.00000000000000E+00 -0.30979505216896E+05  0.00000000000000E+00 -0.84247328201379E+02  0.00000000000000E+00  0.00000000000000E+00 -0.36097710774880E+04  0.00000000000000E+00  0.00000000000000E+00  0.00000000000000E+00  0.47732269273884E+01  0.00000000000000E+00 -0.23286456096368E+04
   0.24699605174988E+06 -0.67619774753117E+05  0.92917076821509E+04  0.68465838178964E+05 -0.13448196594038E+05  0.51953501512285E+04  0.89571667828177E+04  0.70626853111033E+05 -0.12840258056236E+05 -0.34503500415323E+04  0.51217612869730E+03 -0.20599679524036E+03 -0.18617067723253E+02  0.21811978433584E+01 -0.45345917605431E+03  0.51383443085941E+02 -0.44620883131887E+03 -0.24040708053822E+03 -0.73808314896183E+06 -0.10735004630665E+03  0.39947684822244E+06  0.58913909209544E+04  0.17115786223969E+05  0.45035758073330E+05  0.17018692548290E+04  0.63114029750489E+04  0.33222958550690E+05  0.00000000000000E+00 -0.77325870892448E+04  0.00000000000000E+00  0.00000000000000E+00 -0.13562623611267E+06  0.00000000000000E+00 -0.49452304196139E+03  0.00000000000000E+00  0.00000000000000E+00 -0.22533386925149E+05  0.00000000000000E+00  0.00000000000000E+00  0.00000000000000E+00  0.81814225838582E+04  0.00000000000000E+00 -0.82394560003338E+04
  -0.13226537045973E+06  0.16792551670243E+05 -0.46747853016888E+04 -0.12878304021276E+05  0.19990232593885E+04 -0.27327662791048E+04 -0.24583019922077E+04 -0.63173257544724E+05  0.11576607560750E+05  0.27551217241636E+04 -0.46053578079801E+03 -0.11134093108053E+04 -0.16380703764094E+03  0.67900084247102E-01 -0.27024739324655E+04  0.49827268790244E+03 -0.23063340648428E+04 -0.16500925746093E+04  0.34280161883329E+05  0.00000000000000E+00  0.00000000000000E+00 -0.46280866241753E+02 -0.15190382396865E+03  0.23617207492690E+03  0.00000000000000E+00  0.00000000000000E+00  0.00000000000000E+00  0.11695294986278E+06  0.00000000000000E+00  0.00000000000000E+00  0.00000000000000E+00  0.00000000000000E+00  0.00000000000000E+00  0.00000000000000E+00  0.00000000000000E+00  0.00000000000000E+00  0.00000000000000E+00  0.00000000000000E+00  0.00000000000000E+00  0.00000000000000E+00  0.00000000000000E+00  0.00000000000000E+00  0.00000000000000E+00
  -0.56076309261206E+05  0.82880067772119E+04 -0.19831807614141E+04 -0.21339799406720E+05  0.33607340219222E+04 -0.41939081742305E+04 -0.38525319981341E+04 -0.50629146833951E+05  0.10935389415661E+05  0.19004100105711E+04 -0.34729037511162E+03 -0.80574761526959E-01 -0.10521255303152E-01 -0.26512975617591E-04 -0.17725544122763E+04  0.31214233470258E+03 -0.15018700613762E+04 -0.10407046046201E+04  0.76162479152503E+05 -0.33045338346800E+02 -0.64471568605652E+05 -0.13553901758916E+04 -0.35893015271795E+04 -0.11267998580673E+05 -0.42881984208995E+03 -0.13639482179097E+04 -0.77325870892448E+04  0.00000000000000E+00  0.64923513778852E+05  0.00000000000000E+00  0.00000000000000E+00  0.00000000000000E+00  0.00000000000000E+00  0.00000000000000E+00  0.00000000000000E+00  0.00000000000000E+00  0.00000000000000E+00  0.00000000000000E+00  0.00000000000000E+00  0.00000000000000E+00  0.00000000000000E+00  0.00000000000000E+00  0.00000000000000E+00
  -0.52664133428915E+04 -0.19420425230358E+03  0.18449483663658E+02 -0.69283620226597E+02 -0.57180617367574E+02  0.15137513913364E+03  0.13745022031795E+03 -0.70520053702873E+05  0.24772522811486E+05  0.73816169557459E+03 -0.33415237269599E+03 -0.68571101586903E+03 -0.26991296564594E+02 -0.58697786380447E+01 -0.24892741459487E+04  0.28781566626843E+03 -0.23578282217911E+04 -0.11886053654658E+04 -0.12141614050309E+04  0.00000000000000E+00  0.00000000000000E+00  0.43748153926171E+01 -0.17924173467362E+02 -0.44504395930744E+01  0.00000000000000E+00  0.00000000000000E+00  0.00000000000000E+00  0.00000000000000E+00  0.00000000000000E+00  0.30806771117460E+05  0.00000000000000E+00  0.00000000000000E+00  0.00000000000000E+00  0.00000000000000E+00  0.00000000000000E+00  0.00000000000000E+00  0.00000000000000E+00  0.00000000000000E+00  0.00000000000000E+00  0.00000000000000E+00  0.00000000000000E+00  0.00000000000000E+00  0.00000000000000E+00
  -0.86881283088949E+06  0.21055633313145E+06 -0.31843683988792E+05 -0.66399995288249E+05  0.11790788811762E+05 -0.84221776181144E+04 -0.98167888197270E+04 -0.29595242032175E+06  0.67175942342070E+05  0.11032432135957E+05 -0.19890706006841E+04 -0.49667161009224E+04 -0.58428122771787E+03 -0.72969421014093E+00  0.20181408305390E+04 -0.16687593413438E+03  0.20259304315061E+04  0.95538058549403E+03  0.56793288303062E+06  0.00000000000000E+00  0.00000000000000E+00  0.58471048420176E+03 -0.57848779271110E+04  0.37193242049396E+05  0.00000000000000E+00  0.00000000000000E+00  0.00000000000000E+00  0.00000000000000E+00  0.00000000000000E+00  0.00000000000000E+00  0.58074700331269E+06  0.00000000000000E+00  0.00000000000000E+00  0.00000000000000E+00  0.00000000000000E+00  0.00000000000000E+00  0.00000000000000E+00  0.00000000000000E+00  0.00000000000000E+00  0.00000000000000E+00  0.00000000000000E+00  0.00000000000000E+00  0.00000000000000E+00
  -0.11265303066761E+07  0.26590380078498E+06 -0.41464969550441E+05 -0.34496781599252E+06  0.62565524284287E+05 -0.41164599426095E+05 -0.51195592260510E+05 -0.58097815651413E+06  0.12753972216990E+06  0.22900052413365E+05 -0.39531222650481E+04 -0.17746489001118E+02 -0.20187792295242E+01 -0.19820973182549E-02  0.43532984287576E+04 -0.50256448767829E+03  0.41712026937567E+04  0.23005357895851E+04  0.27916688127861E+07  0.25839308377601E+03 -0.15999791271135E+07 -0.26815322492675E+05 -0.77469874376105E+05 -0.19099645011973E+06 -0.86275156653294E+04 -0.30979505216896E+05 -0.13562623611267E+06  0.00000000000000E+00  0.00000000000000E+00  0.00000000000000E+00  0.00000000000000E+00  0.92197457298559E+06  0.00000000000000E+00  0.00000000000000E+00  0.00000000000000E+00  0.00000000000000E+00  0.00000000000000E+00  0.00000000000000E+00  0.00000000000000E+00  0.00000000000000E+00  0.00000000000000E+00  0.00000000000000E+00  0.00000000000000E+00
  -0.20988952111092E+05  0.57498289188795E+04 -0.79894264504574E+03 -0.13667423005098E+04  0.32012411544546E+03  0.14641150134842E+02 -0.15369899947175E+03 -0.74038511847773E+05  0.22919526090843E+05  0.14960274421280E+04 -0.41590214649132E+03 -0.22436178812590E+04 -0.14140579066295E+03 -0.30616971469862E+01 -0.14786140618758E+04  0.15338894645993E+03 -0.11710128463501E+04 -0.59391265159357E+03  0.17114941898259E+05  0.00000000000000E+00  0.00000000000000E+00  0.00000000000000E+00  0.00000000000000E+00  0.00000000000000E+00  0.00000000000000E+00  0.00000000000000E+00  0.00000000000000E+00  0.00000000000000E+00  0.00000000000000E+00  0.00000000000000E+00  0.00000000000000E+00  0.00000000000000E+00  0.14296074172384E+05  0.00000000000000E+00  0.00000000000000E+00  0.00000000000000E+00  0.00000000000000E+00  0.00000000000000E+00  0.00000000000000E+00  0.00000000000000E+00  0.00000000000000E+00  0.00000000000000E+00  0.00000000000000E+00
  -0.47524458661491E+05  0.13188070575312E+05 -0.18159288287377E+04 -0.24941117722927E+04  0.56389868017579E+03 -0.76034637911805E+01 -0.27320052967466E+03 -0.16646826676557E+06  0.51606192037083E+05  0.33050474912253E+04 -0.93548612333642E+03 -0.68773469556545E+02 -0.18030122610634E+02 -0.13292209835814E-04 -0.29330943038772E+04  0.30324149399283E+03 -0.23295592155207E+04 -0.11827216407654E+04  0.31471489291769E+05 -0.61210342937284E+01  0.15314872724802E+05 -0.85053509382473E+02 -0.22418406675336E+03 -0.72061410448860E+03 -0.26610390934011E+02 -0.84247328201379E+02 -0.49452304196139E+03  0.00000000000000E+00  0.00000000000000E+00  0.00000000000000E+00  0.00000000000000E+00  0.00000000000000E+00  0.00000000000000E+00  0.31371243448988E+05  0.00000000000000E+00  0.00000000000000E+00  0.00000000000000E+00  0.00000000000000E+00  0.00000000000000E+00  0.00000000000000E+00  0.00000000000000E+00  0.00000000000000E+00  0.00000000000000E+00
  -0.32099765459569E+04  0.42297616732495E+03 -0.10084276866348E+03 -0.70877354613821E+02  0.89681963292193E+01 -0.18716236668098E+02 -0.13080859540191E+02 -0.14151751388336E+04  0.19195947850201E+03  0.43794029605566E+02 -0.10793782161745E+02 -0.77417154771769E+02 -0.62935598299429E+01 -0.13414416748492E+00 -0.72795507688919E+03  0.80654015357040E+02 -0.56646490946479E+03 -0.31268989475893E+03  0.21187314795293E+03  0.00000000000000E+00  0.00000000000000E+00  0.00000000000000E+00  0.00000000000000E+00  0.00000000000000E+00  0.00000000000000E+00  0.00000000000000E+00  0.00000000000000E+00  0.00000000000000E+00  0.00000000000000E+00  0.00000000000000E+00  0.00000000000000E+00  0.00000000000000E+00  0.00000000000000E+00  0.00000000000000E+00  0.37995297722949E+04  0.00000000000000E+00  0.00000000000000E+00  0.00000000000000E+00  0.00000000000000E+00  0.00000000000000E+00  0.00000000000000E+00  0.00000000000000E+00  0.00000000000000E+00
  -0.20495302629950E+06  0.63904168463164E+05 -0.79072456878576E+04 -0.11790513813975E+05  0.29005649264996E+04  0.46531006947732E+03 -0.97799810352720E+03 -0.56646492453040E+04  0.59598082639516E+03  0.55251517815051E+03 -0.44363662961270E+02 -0.20255581655225E+00 -0.14474190757667E+00 -0.10012295763231E-12  0.23297955751476E+03 -0.62585598978544E+02  0.55361830001157E+02  0.87722873953365E+02  0.18494335937713E+06  0.00000000000000E+00  0.00000000000000E+00  0.20534723230633E+04  0.30559032860592E+04  0.16276582415129E+05  0.00000000000000E+00  0.00000000000000E+00  0.00000000000000E+00  0.00000000000000E+00  0.00000000000000E+00  0.00000000000000E+00  0.00000000000000E+00  0.00000000000000E+00  0.00000000000000E+00  0.00000000000000E+00  0.00000000000000E+00  0.10628004042451E+06  0.00000000000000E+00  0.00000000000000E+00  0.00000000000000E+00  0.00000000000000E+00  0.00000000000000E+00  0.00000000000000E+00  0.00000000000000E+00
  -0.23109120142292E+06  0.71513149347481E+05 -0.88976714081473E+04 -0.53246939946303E+05  0.12907416835875E+05  0.17476230800352E+04 -0.45749744311497E+04 -0.11139925781140E+05  0.12061317194395E+04  0.10498044404798E+04 -0.87085183645384E+02  0.30439581966724E-02  0.20658087435300E-02 -0.64826405347155E-12  0.41896477343874E+03 -0.11104249446945E+03  0.11041530935248E+03  0.16344778014275E+03  0.81509602837985E+06  0.18779365759509E+03 -0.33368007367944E+06 -0.32816603912382E+04 -0.10790241740236E+05 -0.28736938051193E+05 -0.63255741585973E+03 -0.36097710774880E+04 -0.22533386925149E+05  0.00000000000000E+00  0.00000000000000E+00  0.00000000000000E+00  0.00000000000000E+00  0.00000000000000E+00  0.00000000000000E+00  0.00000000000000E+00  0.00000000000000E+00  0.00000000000000E+00  0.13879036033113E+06  0.00000000000000E+00  0.00000000000000E+00  0.00000000000000E+00  0.00000000000000E+00  0.00000000000000E+00  0.00000000000000E+00
