# fitpack15: fit parameters                                                                         
# CJ15 AV18 final data choices                                                                      
# Created on 01/16/2020 at 18:50:45                                                                 

 # QCD setup
  INS                           0
  NVL                          11
  IORD                          1
  Q02                   1.6899999999999999     
  IPARAMC                       7
  FLAVOR                4.0000000000000000     
  xmc                   1.3000000000000000     
  xmb                   4.5000000000000000     
  ncb                          12
  ihq                           1
  ias                           0

 # Theory corrections
  inuke                     10814
  itmc                          1
  iht                           1

 # fit parameters
 LAMBDA       0.22680        0.0000    
 a0uv          1.9556        0.0000    
 a1uv         0.56865       0.23557E-01
 a2uv          3.5569       0.11684E-01
 a3uv          0.0000        0.0000    
 a4uv          4.5651       0.62955    
 a5uv          0.0000        0.0000    
 a0dv          24.943        0.0000    
 a1dv          1.1563       0.33392E-01
 a2dv          6.6265       0.16002    
 a3dv         -3.5581       0.85451E-01
 a4dv          4.7896       0.13989    
 a5dv          0.0000        0.0000    
 a0ud         0.14194       0.49841E-02
 a1ud        -0.21087       0.38213E-02
 a2ud          8.4330       0.18914    
 a3ud          0.0000        0.0000    
 a4ud          15.840        1.3106    
 a5ud          0.0000        0.0000    
 a0du          35712.        0.0000    
 a1du          4.0816       0.85059E-01
 a2du          20.141       0.95456    
 a3du          17.000        0.0000    
 a4du          52.431        11.589    
 a0g           47.266        0.0000    
 a1g          0.60930       0.32451E-01
 a2g           6.7597       0.96416    
 a3g          -3.3783       0.14544    
 a4g           3.3778       0.36960    
 a5g           0.0000        0.0000    
 kappa        0.40000        0.0000    
 a6dv        -0.39741E-02   0.67593E-03
 a7dv          2.0000        0.0000    
 off1         -2.5760        1.7983    
 off2         0.60865E-01   0.28690E-02
 ht1          -3.5510       0.34486    
 ht2           2.0764       0.12476    
 ht3          -2.0493       0.35550E-01
 ht4           0.0000        0.0000    
 ht1n         -3.6765        1.0228    
 ht2n          1.9776       0.34093    
 ht3n         -2.1380       0.68216E-01
 ht4n          0.0000        0.0000    
 dummy44       0.0000        0.0000    
 dummy45       0.0000        0.0000    
 dummy46       0.0000        0.0000    
 dummy47       0.0000        0.0000    
 dummy48       0.0000        0.0000    
 dummy49       0.0000        0.0000    
 bcdmsh2      0.97003       0.48545E-02
 bcdmsd2      0.99002       0.58562E-02
 ccfr          1.0000        0.0000    
 nutev         1.0000        0.0000    
 zeus         0.97998        0.0000    
 h1            1.0162        0.0000    
 e605          1.0319        0.0000    
 NmcH2         1.0065       0.71352E-02
 ntv_nu        1.0000        0.0000    
 ntv_nubar     1.0000        0.0000    
 cdf_jet      0.98910        0.0000    
 d0_jet       0.83504        0.0000    
 slac_p        1.0018       0.50385E-02
 slac_d        1.0013       0.53173E-02
 e866pp       0.98184       0.19988E-01
 e866pd       0.97016       0.16417E-01
 d0_gamjet     1.0361       0.16484E-01
 h1b          0.97608        0.0000    
 jlab_p       0.99052       0.62866E-02
 jlab_d       0.97474       0.60288E-02
 blank         1.0000        0.0000    
 d0run2       0.94498       0.14243E-01
 cdfrun2      0.93149       0.17331E-01
 HERA_el       1.0000        0.0000    
 HERA_ps       1.0000        0.0000    
 CDF_Z        0.95943       0.66196E-02
 NmcRat        1.0000        0.0000    
 BNS_F2nd     0.98398       0.12206E-01
 HERMES_F2p   0.99579       0.56755E-02
 HERMES_F2d   0.97752       0.58502E-02
 END 0. 0.

 # Hessian matrix (Bevington alpha)
   0.51970816086114E+07 -0.13320280391239E+07  0.19535467961655E+06  0.50547488082471E+06 -0.12785987262405E+06 -0.29668119208518E+05  0.53034878008420E+05  0.98992175557144E+06 -0.18445238875653E+06 -0.50171161326868E+05  0.72930919699337E+04  0.15419489704542E+05  0.17304584288187E+04 -0.10790518273257E+03  0.97834744783538E+04 -0.21806691471609E+04  0.10559735405936E+05  0.75655354019958E+04 -0.78070831630061E+07 -0.12130708829262E+04  0.48992283283523E+07  0.33605584882348E+05  0.11957232519095E+06  0.21197785495174E+06  0.11594863143566E+05  0.45186439556769E+05  0.23260991208212E+06 -0.13222930835312E+06 -0.56061656169729E+05 -0.52643471476196E+04 -0.86885244890305E+06 -0.11261293837007E+07 -0.20979153107347E+05 -0.47564458634664E+05 -0.32091393818524E+04 -0.20496379425357E+06 -0.23095342752524E+06 -0.92238942539547E+04 -0.32563845767610E+04 -0.18062709621089E+05  0.17152030526911E+05 -0.74366860146297E+05 -0.58643775897155E+05
  -0.13320280391239E+07  0.41656409468417E+06 -0.51147800810542E+05 -0.13765441016207E+06  0.34494792464362E+05  0.10677516372629E+05 -0.11081057859311E+05 -0.12554888060620E+06  0.26476940209041E+05  0.73934820775780E+04 -0.87539859758915E+03 -0.12046399427760E+04 -0.13985532628998E+03  0.12929622921996E+02  0.64172633929432E+03 -0.52987965455506E+02  0.13444921561484E+03  0.75589230579081E+02  0.26108740652767E+07  0.50640102875665E+03 -0.14035477903487E+07 -0.65800864352064E+04 -0.27166967977417E+05 -0.54075059999684E+05 -0.26632146948332E+04 -0.11229409853827E+05 -0.63661784339641E+05  0.16789494340019E+05  0.82877170519609E+04 -0.19423579126996E+03  0.21060704064050E+06  0.26592732275849E+06  0.57470710464597E+04  0.13199146742652E+05  0.42295130585395E+03  0.63915484999198E+05  0.71499904880786E+05  0.24364245553629E+04  0.77155094518641E+03 -0.22149845396265E+04 -0.22610612055076E+04  0.86868319661611E+04  0.72962029917347E+04
   0.19535467961655E+06 -0.51147800810542E+05  0.73967078690308E+04  0.18799832715051E+05 -0.48673297060802E+04 -0.13636334644587E+04  0.19126004560479E+04  0.28071228298476E+05 -0.50814685170676E+04 -0.16670120313530E+04  0.21023472152326E+03  0.41881038827926E+03  0.53300342017437E+02 -0.41069385956447E+01 -0.27547639053667E+03 -0.80661950620929E+01 -0.12426688358601E+03 -0.33261654781818E+01 -0.30084322583616E+06 -0.48044899489838E+02  0.18608282316927E+06  0.12309711883869E+04  0.43887320338808E+04  0.79130756540255E+04  0.42876095535078E+03  0.16778568551315E+04  0.87694773154045E+04 -0.46824131622257E+04 -0.19866802120411E+04  0.18565344356969E+02 -0.31913996075840E+05 -0.41543871136841E+05 -0.80033168593800E+03 -0.18214975560372E+04 -0.10100137780795E+03 -0.79261158517093E+04 -0.89139975914475E+04 -0.34670288382096E+03 -0.12117237368875E+03 -0.65379885645596E+02  0.61220903661181E+03 -0.22244010935989E+04 -0.17953965784482E+04
   0.50547488082471E+06 -0.13765441016207E+06  0.18799832715051E+05  0.40145969743780E+06 -0.62342441407947E+05  0.74020505240968E+05  0.63880526054351E+05  0.36332460480731E+06 -0.27911659524655E+05 -0.18351386960824E+05  0.31796246549421E+04 -0.13989209504917E+04 -0.15096261906549E+03  0.56013366689083E+02  0.31018587960472E+05 -0.37796847612641E+04  0.25172368006204E+05  0.14137885446187E+05 -0.22754514718657E+07 -0.14883976208176E+03  0.13636602584440E+07  0.12375726896019E+05  0.36584198825368E+05  0.86091488528484E+05  0.39392907139571E+04  0.14386664929352E+05  0.64429561400837E+05 -0.12874499060922E+05 -0.21334609024036E+05 -0.69954363027093E+02 -0.66395211400866E+05 -0.34489156803486E+06 -0.13695348403137E+04 -0.24967672627962E+04 -0.70962083304517E+02 -0.11785399866432E+05 -0.53211153292853E+05 -0.24784370093945E+04 -0.96356500342926E+03 -0.98419096335056E+04 -0.15856938715882E+05 -0.72663360351687E+04 -0.21544801872114E+05
  -0.12785987262405E+06  0.34494792464362E+05 -0.48673297060802E+04 -0.62342441407947E+05  0.11422613077629E+05 -0.74083671591641E+04 -0.90843970127796E+04 -0.33373810371748E+05  0.51098700213384E+03  0.23610468554140E+04 -0.31694948978650E+03 -0.20452363151187E+02  0.50694312395121E+01 -0.49910765695436E+01 -0.26035756637143E+04  0.32216913314874E+03 -0.20582909331229E+04 -0.11715679245079E+04  0.48567246258815E+06  0.51870999667617E+02 -0.27993163532206E+06 -0.22896652829807E+04 -0.67889510564505E+04 -0.16485861811927E+05 -0.68748408161984E+03 -0.25651360606806E+04 -0.12626020958026E+05  0.19976763668517E+04  0.33584157317666E+04 -0.57075314980890E+02  0.11775837777862E+05  0.62500014247135E+05  0.32021250815173E+03  0.56349625857972E+03  0.89760584445062E+01  0.28941504356505E+04  0.12881178319072E+05  0.46481155842475E+03  0.17238738181834E+03  0.37184785479954E+03  0.25047434790697E+04  0.81474534608087E+03  0.25148628408053E+04
  -0.29668119208518E+05  0.10677516372629E+05 -0.13636334644587E+04  0.74020505240968E+05 -0.74083671591641E+04  0.24266601547811E+05  0.14479105826855E+05  0.11059339719977E+06 -0.10460016275247E+05 -0.45659889395548E+04  0.94870006761135E+03 -0.71434779752926E+03 -0.67244856002170E+02  0.18980303032820E+02  0.94818786395376E+04 -0.11863361555864E+04  0.77932085475080E+04  0.44413828137844E+04 -0.43754677669125E+05  0.61304314039989E+02  0.73710030613542E+05  0.13837639195126E+04  0.39162683599308E+04  0.77024240282322E+04  0.55047270072263E+03  0.18160394461819E+04  0.48902366573157E+04 -0.27272678270939E+04 -0.41850645557087E+04  0.15075247125835E+03 -0.83953418293833E+04 -0.40987854810212E+05  0.14848128549274E+02 -0.71964462629846E+01 -0.18704169382810E+02  0.46880860761639E+03  0.17747507783595E+04 -0.24356277410123E+03 -0.12587199743590E+03 -0.31599987852641E+04 -0.32432926666235E+04 -0.18557122333694E+04 -0.53325252047751E+04
   0.53034878008420E+05 -0.11081057859311E+05  0.19126004560479E+04  0.63880526054351E+05 -0.90843970127796E+04  0.14479105826855E+05  0.11260493047745E+05  0.60930471156565E+05 -0.34651850924242E+04 -0.32515655326156E+04  0.55036678144694E+03 -0.23278293156079E+03 -0.27057345777802E+02  0.99633284239566E+01  0.48713199301346E+04 -0.61817090683990E+03  0.38914236213177E+04  0.22462810075053E+04 -0.23864453529086E+06  0.98749981252233E+01  0.17087671457156E+06  0.18299710290957E+04  0.52595246631754E+04  0.11775223482814E+05  0.62098539269338E+03  0.21496860457230E+04  0.84142961663297E+04 -0.24543615377973E+04 -0.38464783333675E+04  0.13711166518919E+03 -0.97963586060399E+04 -0.51077642708052E+05 -0.15364119814758E+03 -0.27279648404592E+03 -0.13077460310138E+02 -0.97367653709196E+03 -0.45512117057463E+04 -0.35272850214802E+03 -0.14918875080801E+03 -0.13414213426881E+04 -0.31025029662919E+04 -0.11460541645282E+04 -0.34128272832064E+04
   0.98992175557144E+06 -0.12554888060620E+06  0.28071228298476E+05  0.36332460480731E+06 -0.33373810371748E+05  0.11059339719977E+06  0.60930471156565E+05  0.53975198483998E+07 -0.24118453732045E+07 -0.89605546152435E+05  0.25971965335268E+05  0.26680328392856E+05  0.18042408961064E+04  0.10123024445659E+03  0.89425487942887E+05 -0.11364408109035E+05  0.83766004389494E+05  0.45379235089780E+05 -0.58794161630962E+06  0.43112111517394E+03  0.56725536371586E+06  0.17545327476298E+05  0.57875397112237E+05  0.90963399064330E+05  0.61200736568403E+04  0.22539222801213E+05  0.67438744195967E+05 -0.63193845927217E+05 -0.50688188343183E+05 -0.70480312216073E+05 -0.29602999194666E+06 -0.58145337305408E+06 -0.74021193834318E+05 -0.16664457245234E+06 -0.14135222518990E+04 -0.56791664656470E+04 -0.11165221738603E+05  0.25019346105642E+03  0.25777839702780E+03 -0.27473381818923E+06 -0.87632262329479E+04 -0.14479254698679E+06 -0.17866162116577E+06
  -0.18445238875653E+06  0.26476940209041E+05 -0.50814685170676E+04 -0.27911659524655E+05  0.51098700213384E+03 -0.10460016275247E+05 -0.34651850924242E+04 -0.24118453732045E+07  0.19296183602379E+07  0.19511054492495E+05 -0.64062640941023E+04 -0.56010691438754E+04 -0.30936061552973E+03 -0.14282651838354E+02  0.48018825138660E+05 -0.22261213737915E+04  0.14777153089864E+05  0.70780711666047E+04 -0.25969237923725E+05 -0.96725348293853E+02 -0.76755237602877E+04 -0.33813255278154E+04 -0.11781456908119E+05 -0.17006198203453E+05 -0.12281244595236E+04 -0.47059158540759E+04 -0.12345828848338E+05  0.11580553525292E+05  0.10948952778961E+05  0.24760742044128E+05  0.67196139305069E+05  0.12765261045163E+06  0.22914376635059E+05  0.51666405891703E+05  0.19136680680949E+03  0.59904921568307E+03  0.12115391799849E+04 -0.12520479402623E+04 -0.69527553917144E+03  0.11315973142364E+06  0.15652327105715E+04  0.45311419904664E+05  0.55377686237394E+05
  -0.50171161326868E+05  0.73934820775780E+04 -0.16670120313530E+04 -0.18351386960824E+05  0.23610468554140E+04 -0.45659889395548E+04 -0.32515655326156E+04 -0.89605546152435E+05  0.19511054492495E+05  0.26645188489499E+04 -0.61330990389317E+03 -0.66384083711452E+03 -0.58948347395564E+02 -0.18120501494302E+01 -0.40355951886886E+04  0.49411687047441E+03 -0.33028329567531E+04 -0.18720209491156E+04  0.56493916538768E+05 -0.11944293317777E+02 -0.50712416836598E+05 -0.78786541864442E+03 -0.24368002386954E+04 -0.42423583668192E+04 -0.26198405310234E+03 -0.92509260317646E+03 -0.32735045174044E+04  0.27570922768298E+04  0.19032653317559E+04  0.73820207343665E+03  0.11041213954297E+05  0.22928970374163E+05  0.14968893240019E+04  0.33103062295219E+04  0.43789704689147E+02  0.55363545202555E+03  0.10517304529500E+04  0.12955439358447E+03  0.57765808606405E+02  0.31434051025226E+04  0.43488144221920E+03  0.28416995628497E+04  0.35927473633471E+04
   0.72930919699337E+04 -0.87539859758915E+03  0.21023472152326E+03  0.31796246549421E+04 -0.31694948978650E+03  0.94870006761135E+03  0.55036678144694E+03  0.25971965335268E+05 -0.64062640941023E+04 -0.61330990389317E+03  0.16560231651586E+03  0.18608819961074E+03  0.13591408411288E+02  0.67291108374044E+00  0.12216822910205E+04 -0.13560270356994E+03  0.96646194167927E+03  0.52618696665318E+03 -0.60040888662731E+04  0.29654115279451E+01  0.52760831219090E+04  0.12521592293608E+03  0.40568883600364E+03  0.65499102694593E+03  0.43102475394281E+02  0.15650049478984E+03  0.48796560983838E+03 -0.46061028124492E+03 -0.34764469920157E+03 -0.33399205142065E+03 -0.19893184936748E+04 -0.39557466008350E+04 -0.41580963479016E+03 -0.93642455256161E+03 -0.10784388980766E+02 -0.44449931500200E+02 -0.87233053992906E+02 -0.13060261977795E+02 -0.61482649483911E+01 -0.11289271612828E+04 -0.63759391988405E+02 -0.81146677521228E+03 -0.10084824531362E+04
   0.15419489704542E+05 -0.12046399427760E+04  0.41881038827926E+03 -0.13989209504917E+04 -0.20452363151187E+02 -0.71434779752926E+03 -0.23278293156079E+03  0.26680328392856E+05 -0.56010691438754E+04 -0.66384083711452E+03  0.18608819961074E+03  0.15793875954043E+04  0.10518147313605E+03 -0.11328931775976E+01  0.13780010737839E+04 -0.19361240145278E+03  0.13732312403566E+04  0.79612185860326E+03 -0.60508688628310E+04 -0.48242082362600E+01  0.24788179005383E+04  0.14220877292517E+02  0.19550999506270E+03 -0.36087872002363E+03 -0.20886477810230E+02 -0.87312176362113E+02 -0.20178797150604E+03 -0.11185514697647E+04 -0.76893442200100E-01 -0.68950032909671E+03 -0.49889154670813E+04 -0.16797180694048E+02 -0.22554651578343E+04 -0.69229459275475E+02 -0.77772717827385E+02 -0.20409816209484E+00  0.35242927447388E-02 -0.17068445476221E+01 -0.73105277025353E+00  0.29385798567972E+03  0.30433074578305E+03 -0.26801155731768E+04 -0.47101542708819E+01
   0.17304584288187E+04 -0.13985532628998E+03  0.53300342017437E+02 -0.15096261906549E+03  0.50694312395121E+01 -0.67244856002170E+02 -0.27057345777802E+02  0.18042408961064E+04 -0.30936061552973E+03 -0.58948347395564E+02  0.13591408411288E+02  0.10518147313605E+03  0.95235013792572E+01 -0.17077842758115E+00  0.77231257261693E+02 -0.13015307709291E+02  0.81369149796460E+02  0.51430585253666E+02 -0.28952401461671E+03 -0.42269611953136E+00 -0.10213019627599E+03  0.32155510116148E+01  0.24361761415830E+02 -0.42212448394412E+02 -0.23739066973440E+01 -0.90907264606772E+01 -0.17916119623566E+02 -0.16460709077783E+03 -0.99321150596522E-02 -0.27138617381100E+02 -0.58697871592646E+03 -0.18680458971803E+01 -0.14214204379548E+03 -0.18154339325961E+02 -0.63216089317327E+01 -0.14584973905446E+00  0.23395777714904E-02 -0.18060567460678E+00 -0.70132084583723E-01  0.29018466673997E+02  0.68009674885147E+02 -0.19424121405570E+03 -0.36405967038134E+00
  -0.10790518273257E+03  0.12929622921996E+02 -0.41069385956447E+01  0.56013366689083E+02 -0.49910765695436E+01  0.18980303032820E+02  0.99633284239566E+01  0.10123024445659E+03 -0.14282651838354E+02 -0.18120501494302E+01  0.67291108374044E+00 -0.11328931775976E+01 -0.17077842758115E+00  0.50802617761115E-01  0.14463281105123E+02 -0.11233497015298E+01  0.88341931028041E+01  0.41694130972924E+01 -0.81351898211731E+02  0.29623047095440E-01  0.88763729743978E+02  0.34165180858611E+00  0.88233644248269E+00  0.31275376073348E+01  0.13168544406601E+00  0.43577540094010E+00  0.20763557279924E+01  0.69709155136513E-01 -0.27581723035526E-04 -0.61107758347243E+01 -0.80165382988101E+00 -0.21029964315619E-02 -0.32624810449064E+01 -0.16772553000290E-04 -0.14075017959563E+00 -0.34299305235973E-13 -0.70205979174641E-12 -0.16913378234690E-02 -0.92880980219864E-03 -0.15841745380365E+01  0.48957855585423E-04 -0.32014352372065E+01 -0.37932155672407E-02
   0.97834744783538E+04  0.64172633929432E+03 -0.27547639053667E+03  0.31018587960472E+05 -0.26035756637143E+04  0.94818786395376E+04  0.48713199301346E+04  0.89425487942887E+05  0.48018825138660E+05 -0.40355951886886E+04  0.12216822910205E+04  0.13780010737839E+04  0.77231257261693E+02  0.14463281105123E+02  0.49655274277972E+05 -0.46333165511630E+04  0.33676754419421E+05  0.17566985803268E+05 -0.55226567241100E+05  0.15864051925359E+01 -0.16674849830423E+05 -0.13461189002731E+03 -0.41764486363991E+03 -0.40686257027492E+03 -0.42864393518206E+02 -0.15030496740068E+03 -0.41602603695314E+03 -0.27100327885562E+04 -0.17778857955912E+04 -0.24886166242417E+04  0.20118351289022E+04  0.43478304190841E+04 -0.14798466261159E+04 -0.29359253777759E+04 -0.72813203347047E+03  0.23703607490298E+03  0.42587206366094E+03 -0.28704707968908E+04 -0.15251111956076E+04 -0.23914582468453E+04  0.19369845418740E+03 -0.89887973294533E+03 -0.10132999942834E+04
  -0.21806691471609E+04 -0.52987965455506E+02 -0.80661950620929E+01 -0.37796847612641E+04  0.32216913314874E+03 -0.11863361555864E+04 -0.61817090683990E+03 -0.11364408109035E+05 -0.22261213737915E+04  0.49411687047441E+03 -0.13560270356994E+03 -0.19361240145278E+03 -0.13015307709291E+02 -0.11233497015298E+01 -0.46333165511630E+04  0.50282294921991E+03 -0.35582451460223E+04 -0.19333802939078E+04  0.64856694613183E+04 -0.79181372954607E+00  0.25690782143219E+04  0.14156153933138E+02  0.39244452830472E+02  0.23179381768627E+02  0.42238576160714E+01  0.14295072797657E+02  0.45916003364114E+02  0.50049448967023E+03  0.31365140752471E+03  0.28792849720669E+03 -0.16547385327292E+03 -0.50126936946232E+03  0.15378125950064E+03  0.30404427937982E+03  0.80774460394210E+02 -0.63700120270244E+02 -0.11293244248843E+03  0.43754031422015E+03  0.21655848728055E+03 -0.30526488796471E+03 -0.34957445728131E+02  0.25104757947591E+03  0.28141616934646E+03
   0.10559735405936E+05  0.13444921561484E+03 -0.12426688358601E+03  0.25172368006204E+05 -0.20582909331229E+04  0.77932085475080E+04  0.38914236213177E+04  0.83766004389494E+05  0.14777153089864E+05 -0.33028329567531E+04  0.96646194167927E+03  0.13732312403566E+04  0.81369149796460E+02  0.88341931028041E+01  0.33676754419421E+05 -0.35582451460223E+04  0.25743940940716E+05  0.13800588757555E+05 -0.45159103158564E+05 -0.22248367454583E+00 -0.15538162233292E+05 -0.14995858758172E+03 -0.44872558108779E+03 -0.49007486023787E+03 -0.49229588627791E+02 -0.16259789084550E+03 -0.41719909292305E+03 -0.23490208682978E+04 -0.15286394412673E+04 -0.23781896545714E+04  0.20417233535135E+04  0.42213741886231E+04 -0.11819090330365E+04 -0.23518385402868E+04 -0.57274878873918E+03  0.57690690068374E+02  0.11480359399475E+03 -0.23767096776673E+04 -0.12881948053459E+04  0.99923199705798E+03  0.19728792571265E+03 -0.14662313399096E+04 -0.16315265458107E+04
   0.75655354019958E+04  0.75589230579081E+02 -0.33261654781818E+01  0.14137885446187E+05 -0.11715679245079E+04  0.44413828137844E+04  0.22462810075053E+04  0.45379235089780E+05  0.70780711666047E+04 -0.18720209491156E+04  0.52618696665318E+03  0.79612185860326E+03  0.51430585253666E+02  0.41694130972924E+01  0.17566985803268E+05 -0.19333802939078E+04  0.13800588757555E+05  0.75055665077449E+04 -0.25165865390645E+05  0.11328938771807E+01 -0.97264703274230E+04 -0.80660784897049E+02 -0.22809119745404E+03 -0.22045645917230E+03 -0.25941258170017E+02 -0.83217867081508E+02 -0.22206984502024E+03 -0.16776400674035E+04 -0.10578801057214E+04 -0.11985237493674E+04  0.96091699657733E+03  0.23258915420812E+04 -0.59959209197221E+03 -0.11943034657882E+04 -0.31614824639657E+03  0.90467627162767E+02  0.16839647993889E+03 -0.15424800122410E+04 -0.80146079011699E+03  0.12479970340185E+04  0.14201110387611E+03 -0.10420670407162E+04 -0.11595568504502E+04
  -0.78070831630061E+07  0.26108740652767E+07 -0.30084322583616E+06 -0.22754514718657E+07  0.48567246258815E+06 -0.43754677669125E+05 -0.23864453529086E+06 -0.58794161630962E+06 -0.25969237923725E+05  0.56493916538768E+05 -0.60040888662731E+04 -0.60508688628310E+04 -0.28952401461671E+03 -0.81351898211731E+02 -0.55226567241100E+05  0.64856694613183E+04 -0.45159103158564E+05 -0.25165865390645E+05  0.33744253157101E+08  0.59181401184627E+04 -0.15868306929413E+08 -0.99937405554874E+05 -0.32684979992030E+06 -0.85524260147437E+06 -0.28154604220716E+05 -0.12064741818566E+06 -0.69476094286067E+06  0.34281642033391E+05  0.76185827944604E+05 -0.12115567326002E+04  0.56823575120602E+06  0.27941120499228E+07  0.17149966393215E+05  0.31509326300665E+05  0.21240697897401E+03  0.18503526335812E+06  0.81583814057985E+06  0.24407557312946E+05  0.76829869919718E+04 -0.18450240652210E+05  0.44756348927846E+05  0.20671183209739E+05  0.64267003272299E+05
  -0.12130708829262E+04  0.50640102875665E+03 -0.48044899489838E+02 -0.14883976208176E+03  0.51870999667617E+02  0.61304314039989E+02  0.98749981252233E+01  0.43112111517394E+03 -0.96725348293853E+02 -0.11944293317777E+02  0.29654115279451E+01 -0.48242082362600E+01 -0.42269611953136E+00  0.29623047095440E-01  0.15864051925359E+01 -0.79181372954607E+00 -0.22248367454583E+00  0.11328938771807E+01  0.59181401184627E+04  0.21306934498220E+01 -0.28888963550355E+04 -0.12433259549609E+02 -0.43426689008135E+02 -0.13803383909169E+03 -0.16220493564934E+01 -0.12366979496411E+02 -0.10858722795601E+03  0.00000000000000E+00 -0.31516573174354E+02  0.00000000000000E+00  0.00000000000000E+00  0.29342870768052E+03  0.00000000000000E+00 -0.64626959561227E+01  0.00000000000000E+00  0.00000000000000E+00  0.19465296296863E+03  0.00000000000000E+00  0.00000000000000E+00  0.00000000000000E+00  0.16129674643169E+02  0.00000000000000E+00 -0.32213900167852E+02
   0.48992283283523E+07 -0.14035477903487E+07  0.18608282316927E+06  0.13636602584440E+07 -0.27993163532206E+06  0.73710030613542E+05  0.17087671457156E+06  0.56725536371586E+06 -0.76755237602877E+04 -0.50712416836598E+05  0.52760831219090E+04  0.24788179005383E+04 -0.10213019627599E+03  0.88763729743978E+02 -0.16674849830423E+05  0.25690782143219E+04 -0.15538162233292E+05 -0.97264703274230E+04 -0.15868306929413E+08 -0.28888963550355E+04  0.13012045347134E+08  0.10426783703726E+06  0.30669327045046E+06  0.80899541488632E+06  0.29062933012565E+05  0.11163735937986E+06  0.59489377396230E+06  0.00000000000000E+00 -0.10227762883769E+06  0.00000000000000E+00  0.00000000000000E+00 -0.25337715396260E+07  0.00000000000000E+00  0.24263275413762E+05  0.00000000000000E+00  0.00000000000000E+00 -0.52769932792353E+06  0.00000000000000E+00  0.00000000000000E+00  0.00000000000000E+00  0.73996151485475E+05  0.00000000000000E+00 -0.85226521106969E+05
   0.33605584882348E+05 -0.65800864352064E+04  0.12309711883869E+04  0.12375726896019E+05 -0.22896652829807E+04  0.13837639195126E+04  0.18299710290957E+04  0.17545327476298E+05 -0.33813255278154E+04 -0.78786541864442E+03  0.12521592293608E+03  0.14220877292517E+02  0.32155510116148E+01  0.34165180858611E+00 -0.13461189002731E+03  0.14156153933138E+02 -0.14995858758172E+03 -0.80660784897049E+02 -0.99937405554874E+05 -0.12433259549609E+02  0.10426783703726E+06  0.11398129139327E+04  0.31301955675515E+04  0.78758458989352E+04  0.29769714674154E+03  0.10744708061553E+04  0.52631939985026E+04 -0.46659806116347E+02 -0.12946495372757E+04  0.42893959406698E+01  0.58057778481252E+03 -0.25509010326537E+05  0.00000000000000E+00 -0.85767482826529E+02  0.00000000000000E+00  0.20692847387903E+04 -0.30164486330806E+04  0.00000000000000E+00  0.00000000000000E+00  0.00000000000000E+00  0.12207032949520E+04 -0.31174018578688E+03 -0.16435188122988E+04
   0.11957232519095E+06 -0.27166967977417E+05  0.43887320338808E+04  0.36584198825368E+05 -0.67889510564505E+04  0.39162683599308E+04  0.52595246631754E+04  0.57875397112237E+05 -0.11781456908119E+05 -0.24368002386954E+04  0.40568883600364E+03  0.19550999506270E+03  0.24361761415830E+02  0.88233644248269E+00 -0.41764486363991E+03  0.39244452830472E+02 -0.44872558108779E+03 -0.22809119745404E+03 -0.32684979992030E+06 -0.43426689008135E+02  0.30669327045046E+06  0.31301955675515E+04  0.90468247367966E+04  0.21718629380564E+05  0.84775180735891E+03  0.31243379966336E+04  0.15378521178788E+05 -0.15281888194594E+03 -0.34293040082873E+04 -0.19601685522721E+02 -0.58515722309103E+04 -0.74070136197457E+05  0.00000000000000E+00 -0.22606595818153E+03  0.00000000000000E+00  0.30689034704046E+04 -0.10112836312667E+05  0.00000000000000E+00  0.00000000000000E+00  0.00000000000000E+00  0.35516273825874E+04 -0.17944085677425E+04 -0.48989776269717E+04
   0.21197785495174E+06 -0.54075059999684E+05  0.79130756540255E+04  0.86091488528484E+05 -0.16485861811927E+05  0.77024240282322E+04  0.11775223482814E+05  0.90963399064330E+05 -0.17006198203453E+05 -0.42423583668192E+04  0.65499102694593E+03 -0.36087872002363E+03 -0.42212448394412E+02  0.31275376073348E+01 -0.40686257027492E+03  0.23179381768627E+02 -0.49007486023787E+03 -0.22045645917230E+03 -0.85524260147437E+06 -0.13803383909169E+03  0.80899541488632E+06  0.78758458989352E+04  0.21718629380564E+05  0.61786216970612E+05  0.21221712549648E+04  0.78817365793738E+04  0.39982364924441E+05  0.23776527419142E+03 -0.10751511177761E+05 -0.46095253580763E+01  0.37306179278795E+05 -0.17979768841783E+06  0.00000000000000E+00 -0.72666322977164E+03  0.00000000000000E+00  0.16289781061711E+05 -0.26591467198052E+05  0.00000000000000E+00  0.00000000000000E+00  0.00000000000000E+00  0.58437041636046E+04  0.14810470432805E+04 -0.11416126526408E+05
   0.11594863143566E+05 -0.26632146948332E+04  0.42876095535078E+03  0.39392907139571E+04 -0.68748408161984E+03  0.55047270072263E+03  0.62098539269338E+03  0.61200736568403E+04 -0.12281244595236E+04 -0.26198405310234E+03  0.43102475394281E+02 -0.20886477810230E+02 -0.23739066973440E+01  0.13168544406601E+00 -0.42864393518206E+02  0.42238576160714E+01 -0.49229588627791E+02 -0.25941258170017E+02 -0.28154604220716E+05 -0.16220493564934E+01  0.29062933012565E+05  0.29769714674154E+03  0.84775180735891E+03  0.21221712549648E+04  0.99747695828792E+02  0.35089796091178E+03  0.15049413724729E+04  0.00000000000000E+00 -0.40967928646314E+03  0.00000000000000E+00  0.00000000000000E+00 -0.81669506812133E+04  0.00000000000000E+00 -0.26833769282544E+02  0.00000000000000E+00  0.00000000000000E+00 -0.53625077787500E+03  0.00000000000000E+00  0.00000000000000E+00  0.00000000000000E+00  0.25180336686499E+02  0.00000000000000E+00 -0.61449221411096E+03
   0.45186439556769E+05 -0.11229409853827E+05  0.16778568551315E+04  0.14386664929352E+05 -0.25651360606806E+04  0.18160394461819E+04  0.21496860457230E+04  0.22539222801213E+05 -0.47059158540759E+04 -0.92509260317646E+03  0.15650049478984E+03 -0.87312176362113E+02 -0.90907264606772E+01  0.43577540094010E+00 -0.15030496740068E+03  0.14295072797657E+02 -0.16259789084550E+03 -0.83217867081508E+02 -0.12064741818566E+06 -0.12366979496411E+02  0.11163735937986E+06  0.10744708061553E+04  0.31243379966336E+04  0.78817365793738E+04  0.35089796091178E+03  0.12880736360749E+04  0.56455723465293E+04  0.00000000000000E+00 -0.13034349411775E+04  0.00000000000000E+00  0.00000000000000E+00 -0.29579789742468E+05  0.00000000000000E+00 -0.84954534235618E+02  0.00000000000000E+00  0.00000000000000E+00 -0.33295553396586E+04  0.00000000000000E+00  0.00000000000000E+00  0.00000000000000E+00 -0.28012594588920E+02  0.00000000000000E+00 -0.22664866268499E+04
   0.23260991208212E+06 -0.63661784339641E+05  0.87694773154045E+04  0.64429561400837E+05 -0.12626020958026E+05  0.48902366573157E+04  0.84142961663297E+04  0.67438744195967E+05 -0.12345828848338E+05 -0.32735045174044E+04  0.48796560983838E+03 -0.20178797150604E+03 -0.17916119623566E+02  0.20763557279924E+01 -0.41602603695314E+03  0.45916003364114E+02 -0.41719909292305E+03 -0.22206984502024E+03 -0.69476094286067E+06 -0.10858722795601E+03  0.59489377396230E+06  0.52631939985026E+04  0.15378521178788E+05  0.39982364924441E+05  0.15049413724729E+04  0.56455723465293E+04  0.29641379180211E+05  0.00000000000000E+00 -0.73783135107999E+04  0.00000000000000E+00  0.00000000000000E+00 -0.12795292391606E+06  0.00000000000000E+00 -0.49867426772500E+03  0.00000000000000E+00  0.00000000000000E+00 -0.21053197770734E+05  0.00000000000000E+00  0.00000000000000E+00  0.00000000000000E+00  0.79078284596487E+04  0.00000000000000E+00 -0.78619474228021E+04
  -0.13222930835312E+06  0.16789494340019E+05 -0.46824131622257E+04 -0.12874499060922E+05  0.19976763668517E+04 -0.27272678270939E+04 -0.24543615377973E+04 -0.63193845927217E+05  0.11580553525292E+05  0.27570922768298E+04 -0.46061028124492E+03 -0.11185514697647E+04 -0.16460709077783E+03  0.69709155136513E-01 -0.27100327885562E+04  0.50049448967023E+03 -0.23490208682978E+04 -0.16776400674035E+04  0.34281642033391E+05  0.00000000000000E+00  0.00000000000000E+00 -0.46659806116347E+02 -0.15281888194594E+03  0.23776527419142E+03  0.00000000000000E+00  0.00000000000000E+00  0.00000000000000E+00  0.11696120680127E+06  0.00000000000000E+00  0.00000000000000E+00  0.00000000000000E+00  0.00000000000000E+00  0.00000000000000E+00  0.00000000000000E+00  0.00000000000000E+00  0.00000000000000E+00  0.00000000000000E+00  0.00000000000000E+00  0.00000000000000E+00  0.00000000000000E+00  0.00000000000000E+00  0.00000000000000E+00  0.00000000000000E+00
  -0.56061656169729E+05  0.82877170519609E+04 -0.19866802120411E+04 -0.21334609024036E+05  0.33584157317666E+04 -0.41850645557087E+04 -0.38464783333675E+04 -0.50688188343183E+05  0.10948952778961E+05  0.19032653317559E+04 -0.34764469920157E+03 -0.76893442200100E-01 -0.99321150596522E-02 -0.27581723035526E-04 -0.17778857955912E+04  0.31365140752471E+03 -0.15286394412673E+04 -0.10578801057214E+04  0.76185827944604E+05 -0.31516573174354E+02 -0.10227762883769E+06 -0.12946495372757E+04 -0.34293040082873E+04 -0.10751511177761E+05 -0.40967928646314E+03 -0.13034349411775E+04 -0.73783135107999E+04  0.00000000000000E+00  0.64956772872845E+05  0.00000000000000E+00  0.00000000000000E+00  0.00000000000000E+00  0.00000000000000E+00  0.00000000000000E+00  0.00000000000000E+00  0.00000000000000E+00  0.00000000000000E+00  0.00000000000000E+00  0.00000000000000E+00  0.00000000000000E+00  0.00000000000000E+00  0.00000000000000E+00  0.00000000000000E+00
  -0.52643471476196E+04 -0.19423579126996E+03  0.18565344356969E+02 -0.69954363027093E+02 -0.57075314980890E+02  0.15075247125835E+03  0.13711166518919E+03 -0.70480312216073E+05  0.24760742044128E+05  0.73820207343665E+03 -0.33399205142065E+03 -0.68950032909671E+03 -0.27138617381100E+02 -0.61107758347243E+01 -0.24886166242417E+04  0.28792849720669E+03 -0.23781896545714E+04 -0.11985237493674E+04 -0.12115567326002E+04  0.00000000000000E+00  0.00000000000000E+00  0.42893959406698E+01 -0.19601685522721E+02 -0.46095253580763E+01  0.00000000000000E+00  0.00000000000000E+00  0.00000000000000E+00  0.00000000000000E+00  0.00000000000000E+00  0.30804633922592E+05  0.00000000000000E+00  0.00000000000000E+00  0.00000000000000E+00  0.00000000000000E+00  0.00000000000000E+00  0.00000000000000E+00  0.00000000000000E+00  0.00000000000000E+00  0.00000000000000E+00  0.00000000000000E+00  0.00000000000000E+00  0.00000000000000E+00  0.00000000000000E+00
  -0.86885244890305E+06  0.21060704064050E+06 -0.31913996075840E+05 -0.66395211400866E+05  0.11775837777862E+05 -0.83953418293833E+04 -0.97963586060399E+04 -0.29602999194666E+06  0.67196139305069E+05  0.11041213954297E+05 -0.19893184936748E+04 -0.49889154670813E+04 -0.58697871592646E+03 -0.80165382988101E+00  0.20118351289022E+04 -0.16547385327292E+03  0.20417233535135E+04  0.96091699657733E+03  0.56823575120602E+06  0.00000000000000E+00  0.00000000000000E+00  0.58057778481252E+03 -0.58515722309103E+04  0.37306179278795E+05  0.00000000000000E+00  0.00000000000000E+00  0.00000000000000E+00  0.00000000000000E+00  0.00000000000000E+00  0.00000000000000E+00  0.58093150416853E+06  0.00000000000000E+00  0.00000000000000E+00  0.00000000000000E+00  0.00000000000000E+00  0.00000000000000E+00  0.00000000000000E+00  0.00000000000000E+00  0.00000000000000E+00  0.00000000000000E+00  0.00000000000000E+00  0.00000000000000E+00  0.00000000000000E+00
  -0.11261293837007E+07  0.26592732275849E+06 -0.41543871136841E+05 -0.34489156803486E+06  0.62500014247135E+05 -0.40987854810212E+05 -0.51077642708052E+05 -0.58145337305408E+06  0.12765261045163E+06  0.22928970374163E+05 -0.39557466008350E+04 -0.16797180694048E+02 -0.18680458971803E+01 -0.21029964315619E-02  0.43478304190841E+04 -0.50126936946232E+03  0.42213741886231E+04  0.23258915420812E+04  0.27941120499228E+07  0.29342870768052E+03 -0.25337715396260E+07 -0.25509010326537E+05 -0.74070136197457E+05 -0.17979768841783E+06 -0.81669506812133E+04 -0.29579789742468E+05 -0.12795292391606E+06  0.00000000000000E+00  0.00000000000000E+00  0.00000000000000E+00  0.00000000000000E+00  0.92205646784224E+06  0.00000000000000E+00  0.00000000000000E+00  0.00000000000000E+00  0.00000000000000E+00  0.00000000000000E+00  0.00000000000000E+00  0.00000000000000E+00  0.00000000000000E+00  0.00000000000000E+00  0.00000000000000E+00  0.00000000000000E+00
  -0.20979153107347E+05  0.57470710464597E+04 -0.80033168593800E+03 -0.13695348403137E+04  0.32021250815173E+03  0.14848128549274E+02 -0.15364119814758E+03 -0.74021193834318E+05  0.22914376635059E+05  0.14968893240019E+04 -0.41580963479016E+03 -0.22554651578343E+04 -0.14214204379548E+03 -0.32624810449064E+01 -0.14798466261159E+04  0.15378125950064E+03 -0.11819090330365E+04 -0.59959209197221E+03  0.17149966393215E+05  0.00000000000000E+00  0.00000000000000E+00  0.00000000000000E+00  0.00000000000000E+00  0.00000000000000E+00  0.00000000000000E+00  0.00000000000000E+00  0.00000000000000E+00  0.00000000000000E+00  0.00000000000000E+00  0.00000000000000E+00  0.00000000000000E+00  0.00000000000000E+00  0.14301007765790E+05  0.00000000000000E+00  0.00000000000000E+00  0.00000000000000E+00  0.00000000000000E+00  0.00000000000000E+00  0.00000000000000E+00  0.00000000000000E+00  0.00000000000000E+00  0.00000000000000E+00  0.00000000000000E+00
  -0.47564458634664E+05  0.13199146742652E+05 -0.18214975560372E+04 -0.24967672627962E+04  0.56349625857972E+03 -0.71964462629846E+01 -0.27279648404592E+03 -0.16664457245234E+06  0.51666405891703E+05  0.33103062295219E+04 -0.93642455256161E+03 -0.69229459275475E+02 -0.18154339325961E+02 -0.16772553000290E-04 -0.29359253777759E+04  0.30404427937982E+03 -0.23518385402868E+04 -0.11943034657882E+04  0.31509326300665E+05 -0.64626959561227E+01  0.24263275413762E+05 -0.85767482826529E+02 -0.22606595818153E+03 -0.72666322977164E+03 -0.26833769282544E+02 -0.84954534235618E+02 -0.49867426772500E+03  0.00000000000000E+00  0.00000000000000E+00  0.00000000000000E+00  0.00000000000000E+00  0.00000000000000E+00  0.00000000000000E+00  0.31407680978885E+05  0.00000000000000E+00  0.00000000000000E+00  0.00000000000000E+00  0.00000000000000E+00  0.00000000000000E+00  0.00000000000000E+00  0.00000000000000E+00  0.00000000000000E+00  0.00000000000000E+00
  -0.32091393818524E+04  0.42295130585395E+03 -0.10100137780795E+03 -0.70962083304517E+02  0.89760584445062E+01 -0.18704169382810E+02 -0.13077460310138E+02 -0.14135222518990E+04  0.19136680680949E+03  0.43789704689147E+02 -0.10784388980766E+02 -0.77772717827385E+02 -0.63216089317327E+01 -0.14075017959563E+00 -0.72813203347047E+03  0.80774460394210E+02 -0.57274878873918E+03 -0.31614824639657E+03  0.21240697897401E+03  0.00000000000000E+00  0.00000000000000E+00  0.00000000000000E+00  0.00000000000000E+00  0.00000000000000E+00  0.00000000000000E+00  0.00000000000000E+00  0.00000000000000E+00  0.00000000000000E+00  0.00000000000000E+00  0.00000000000000E+00  0.00000000000000E+00  0.00000000000000E+00  0.00000000000000E+00  0.00000000000000E+00  0.37995731154065E+04  0.00000000000000E+00  0.00000000000000E+00  0.00000000000000E+00  0.00000000000000E+00  0.00000000000000E+00  0.00000000000000E+00  0.00000000000000E+00  0.00000000000000E+00
  -0.20496379425357E+06  0.63915484999198E+05 -0.79261158517093E+04 -0.11785399866432E+05  0.28941504356505E+04  0.46880860761639E+03 -0.97367653709196E+03 -0.56791664656470E+04  0.59904921568307E+03  0.55363545202555E+03 -0.44449931500200E+02 -0.20409816209484E+00 -0.14584973905446E+00 -0.34299305235973E-13  0.23703607490298E+03 -0.63700120270244E+02  0.57690690068374E+02  0.90467627162767E+02  0.18503526335812E+06  0.00000000000000E+00  0.00000000000000E+00  0.20692847387903E+04  0.30689034704046E+04  0.16289781061711E+05  0.00000000000000E+00  0.00000000000000E+00  0.00000000000000E+00  0.00000000000000E+00  0.00000000000000E+00  0.00000000000000E+00  0.00000000000000E+00  0.00000000000000E+00  0.00000000000000E+00  0.00000000000000E+00  0.00000000000000E+00  0.10629002453746E+06  0.00000000000000E+00  0.00000000000000E+00  0.00000000000000E+00  0.00000000000000E+00  0.00000000000000E+00  0.00000000000000E+00  0.00000000000000E+00
  -0.23095342752524E+06  0.71499904880786E+05 -0.89139975914475E+04 -0.53211153292853E+05  0.12881178319072E+05  0.17747507783595E+04 -0.45512117057463E+04 -0.11165221738603E+05  0.12115391799849E+04  0.10517304529500E+04 -0.87233053992906E+02  0.35242927447388E-02  0.23395777714904E-02 -0.70205979174641E-12  0.42587206366094E+03 -0.11293244248843E+03  0.11480359399475E+03  0.16839647993889E+03  0.81583814057985E+06  0.19465296296863E+03 -0.52769932792353E+06 -0.30164486330806E+04 -0.10112836312667E+05 -0.26591467198052E+05 -0.53625077787500E+03 -0.33295553396586E+04 -0.21053197770734E+05  0.00000000000000E+00  0.00000000000000E+00  0.00000000000000E+00  0.00000000000000E+00  0.00000000000000E+00  0.00000000000000E+00  0.00000000000000E+00  0.00000000000000E+00  0.00000000000000E+00  0.13869466464332E+06  0.00000000000000E+00  0.00000000000000E+00  0.00000000000000E+00  0.00000000000000E+00  0.00000000000000E+00  0.00000000000000E+00
