# fitpack15: fit parameters                                                                         
# CJ15 AV18 final data choices                                                                      
# Created on 01/15/2020 at 22:26:28                                                                 

 # QCD setup
  INS                           0
  NVL                          11
  IORD                          1
  Q02                   1.6899999999999999     
  IPARAMC                       7
  FLAVOR                4.0000000000000000     
  xmc                   1.3000000000000000     
  xmb                   4.5000000000000000     
  ncb                          12
  ihq                           1
  ias                           0

 # Theory corrections
  inuke                     10814
  itmc                          1
  iht                           1

 # fit parameters
 LAMBDA       0.22680        0.0000    
 a0uv          1.9555        0.0000    
 a1uv         0.56871       0.23574E-01
 a2uv          3.5567       0.11685E-01
 a3uv          0.0000        0.0000    
 a4uv          4.5674       0.63017    
 a5uv          0.0000        0.0000    
 a0dv          24.950        0.0000    
 a1dv          1.1565       0.33234E-01
 a2dv          6.6208       0.15964    
 a3dv         -3.5575       0.85226E-01
 a4dv          4.7859       0.13968    
 a5dv          0.0000        0.0000    
 a0ud         0.14196       0.49835E-02
 a1ud        -0.21085       0.38211E-02
 a2ud          8.4305       0.18946    
 a3ud          0.0000        0.0000    
 a4ud          15.805        1.3089    
 a5ud          0.0000        0.0000    
 a0du          35712.        0.0000    
 a1du          4.0840       0.85941E-01
 a2du          20.152       0.95898    
 a3du          17.000        0.0000    
 a4du          53.444        12.010    
 a0g           47.427        0.0000    
 a1g          0.60989       0.32787E-01
 a2g           6.8513       0.98299    
 a3g          -3.3770       0.14924    
 a4g           3.3949       0.38238    
 a5g           0.0000        0.0000    
 kappa        0.40000        0.0000    
 a6dv        -0.39412E-02   0.67435E-03
 a7dv          2.0000        0.0000    
 off1         -2.6671        1.7851    
 off2         0.65450E-01   0.99633E-02
 ht1          -3.5711       0.34800    
 ht2           2.0906       0.12537    
 ht3          -2.0467       0.35561E-01
 ht4           0.0000        0.0000    
 ht1n         -3.6722        1.0320    
 ht2n          1.9815       0.34408    
 ht3n         -2.1261       0.68040E-01
 ht4n          0.0000        0.0000    
 dummy44       0.0000        0.0000    
 dummy45       0.0000        0.0000    
 dummy46       0.0000        0.0000    
 dummy47       0.0000        0.0000    
 dummy48       0.0000        0.0000    
 dummy49       0.0000        0.0000    
 bcdmsh2      0.97013       0.48548E-02
 bcdmsd2      0.99014       0.58569E-02
 ccfr          1.0000        0.0000    
 nutev         1.0000        0.0000    
 zeus         0.97998        0.0000    
 h1            1.0162        0.0000    
 e605          1.0319        0.0000    
 NmcH2         1.0066       0.71348E-02
 ntv_nu        1.0000        0.0000    
 ntv_nubar     1.0000        0.0000    
 cdf_jet      0.98910        0.0000    
 d0_jet       0.83504        0.0000    
 slac_p        1.0021       0.50387E-02
 slac_d        1.0013       0.53126E-02
 e866pp       0.98221       0.19967E-01
 e866pd       0.97039       0.16437E-01
 d0_gamjet     1.0363       0.16486E-01
 h1b          0.97608        0.0000    
 jlab_p       0.99067       0.62862E-02
 jlab_d       0.97443       0.60194E-02
 blank         1.0000        0.0000    
 d0run2       0.94416       0.14202E-01
 cdfrun2      0.93094       0.17313E-01
 HERA_el       1.0000        0.0000    
 HERA_ps       1.0000        0.0000    
 CDF_Z        0.95937       0.66179E-02
 NmcRat        1.0000        0.0000    
 BNS_F2nd     0.98317       0.11976E-01
 HERMES_F2p   0.99601       0.56754E-02
 HERMES_F2d   0.97769       0.58492E-02
 END 0. 0.

 # Hessian matrix (Bevington alpha)
   0.51968694293438E+07 -0.13316702564225E+07  0.19524969962157E+06  0.50611479681392E+06 -0.12817662744266E+06 -0.29080730616278E+05  0.53475351204831E+05  0.98871065161452E+06 -0.18404618103427E+06 -0.50142478047215E+05  0.73013293756180E+04  0.15340042965739E+05  0.17212199907316E+04 -0.10595913271204E+03  0.96445642058798E+04 -0.21437502807234E+04  0.10105176787522E+05  0.72724697567839E+04 -0.78023318929318E+07 -0.95072650387493E+03  0.15129221126877E+07  0.37581387771040E+05  0.12968831566327E+06  0.24470850902292E+06  0.12931183307259E+05  0.49242158867372E+05  0.25494863006249E+06 -0.13222165733939E+06 -0.56067994260743E+05 -0.52561416375064E+04 -0.86836416569956E+06 -0.11260880616129E+07 -0.20983815511978E+05 -0.47508220016699E+05 -0.32081143811793E+04 -0.20485067782403E+06 -0.23097610090862E+06 -0.92434707774350E+04 -0.32617700994210E+04 -0.18050640220832E+05  0.17233358619355E+05 -0.74339809441706E+05 -0.58637465401248E+05
  -0.13316702564225E+07  0.41636440066327E+06 -0.51106908974118E+05 -0.13772914690787E+06  0.34579782681707E+05  0.10525786883685E+05 -0.11189490152863E+05 -0.12535587860208E+06  0.26419272882630E+05  0.73863859028490E+04 -0.87609512953594E+03 -0.11984403236521E+04 -0.13907806925148E+03  0.12705337488735E+02  0.63587241946435E+03 -0.51344239400781E+02  0.13190122544180E+03  0.71481511639076E+02  0.26080501032932E+07  0.43337123824498E+03 -0.43380835971555E+06 -0.77221939209748E+04 -0.30050267678252E+05 -0.63224989220668E+05 -0.30396175398514E+04 -0.12364756046171E+05 -0.69939455684744E+05  0.16792816511913E+05  0.82873385239804E+04 -0.19481138665211E+03  0.21051203598760E+06  0.26574162673974E+06  0.57505206945147E+04  0.13188691596217E+05  0.42286046858676E+03  0.63890110084985E+05  0.71466090342414E+05  0.24408059029393E+04  0.77258215970255E+03 -0.22165182498392E+04 -0.22699961080119E+04  0.86842497049950E+04  0.72923671967862E+04
   0.19524969962157E+06 -0.51106908974118E+05  0.73889889571765E+04  0.18811100124977E+05 -0.48764160727431E+04 -0.13412147710367E+04  0.19278993478083E+04  0.28022754118103E+05 -0.50662012357612E+04 -0.16653135509912E+04  0.21040777359204E+03  0.41657162604446E+03  0.52998884520646E+02 -0.40219141645464E+01 -0.27920811874261E+03 -0.71455655951448E+01 -0.12712047878231E+03 -0.65116016825434E+01 -0.30046529773282E+06 -0.38075935437663E+02  0.57430954837428E+05  0.13813576615391E+04  0.47710596016296E+04  0.91466718374612E+04  0.47918045201295E+03  0.18305812537572E+04  0.96101524769540E+04 -0.46807418644426E+04 -0.19858687054580E+04  0.18733059319025E+02 -0.31883863931182E+05 -0.41516063604023E+05 -0.80023365381485E+03 -0.18187080663506E+04 -0.10093855614502E+03 -0.79184532410231E+04 -0.89089064421115E+04 -0.34725549146746E+03 -0.12131101690635E+03 -0.65187593661063E+02  0.61465107467125E+03 -0.22229987577453E+04 -0.17944357600648E+04
   0.50611479681392E+06 -0.13772914690787E+06  0.18811100124977E+05  0.40180863905009E+06 -0.62467029111726E+05  0.74335717430853E+05  0.64100395234390E+05  0.36320323000403E+06 -0.28004773847186E+05 -0.18339974549939E+05  0.31831403711308E+04 -0.13939058827133E+04 -0.15029642832563E+03  0.54811638995149E+02  0.30938643053783E+05 -0.37501425825121E+04  0.24498209225161E+05  0.13753008144389E+05 -0.22762215613503E+07 -0.74051364537164E+02  0.41891862912862E+06  0.13456865081749E+05  0.39394780905991E+05  0.95202536511130E+05  0.43148256135833E+04  0.15532994680710E+05  0.70678548724982E+05 -0.12880616749618E+05 -0.21342603224654E+05 -0.68350418557635E+02 -0.66386719076958E+05 -0.34498930857425E+06 -0.13665977260847E+04 -0.24934609655375E+04 -0.70933574178629E+02 -0.11788882058633E+05 -0.53255558081463E+05 -0.24857197160706E+04 -0.96584124892331E+03 -0.98257853705990E+04 -0.15872807950581E+05 -0.72655829788954E+04 -0.21542782680715E+05
  -0.12817662744266E+06  0.34579782681707E+05 -0.48764160727431E+04 -0.62467029111726E+05  0.11461360398657E+05 -0.74600487317715E+04 -0.91288068625152E+04 -0.33377595921299E+05  0.52100207659997E+03  0.23608181911290E+04 -0.31749086530986E+03 -0.20322514772616E+02  0.50434259504565E+01 -0.48787530926527E+01 -0.25971205623784E+04  0.31932693243455E+03 -0.20044067214892E+04 -0.11399837756774E+04  0.48675991332424E+06  0.36871102672215E+02 -0.86218134058824E+05 -0.25140236654872E+04 -0.73735225453831E+04 -0.18358550335101E+05 -0.76503529674519E+03 -0.28021506795777E+04 -0.13914851880841E+05  0.19998691244670E+04  0.33613876936833E+04 -0.57264455232434E+02  0.11795058353755E+05  0.62576307799618E+05  0.32030782250535E+03  0.56426899893175E+03  0.89767437892488E+01  0.29024250401160E+04  0.12911508560069E+05  0.46688285330115E+03  0.17301839120834E+03  0.36998108486563E+03  0.25089110934081E+04  0.81553419517121E+03  0.25162796977500E+04
  -0.29080730616278E+05  0.10525786883685E+05 -0.13412147710367E+04  0.74335717430853E+05 -0.74600487317715E+04  0.24364556188291E+05  0.14552625795698E+05  0.11076254446789E+06 -0.10500471461641E+05 -0.45753088182711E+04  0.95152623895788E+03 -0.71164745640227E+03 -0.66987698680032E+02  0.18597375114850E+02  0.94693396200673E+04 -0.11789561432298E+04  0.75866093186790E+04  0.43226266201836E+04 -0.45913971538288E+05  0.65942929509457E+02  0.22646262451811E+05  0.14527410893666E+04  0.41023792315283E+04  0.83287029134976E+04  0.57500626362716E+03  0.18953180760570E+04  0.53206952106035E+04 -0.27362583692548E+04 -0.42006779588969E+04  0.15175935699328E+03 -0.84339134922464E+04 -0.41296851317933E+05  0.14445222818047E+02 -0.76714700451197E+01 -0.18746337438680E+02  0.46378973417603E+03  0.17227842761387E+04 -0.24617426898799E+03 -0.12686876722626E+03 -0.31587167314110E+04 -0.32575456988621E+04 -0.18587909854069E+04 -0.53436612890919E+04
   0.53475351204831E+05 -0.11189490152863E+05  0.19278993478083E+04  0.64100395234390E+05 -0.91288068625152E+04  0.14552625795698E+05  0.11319513879333E+05  0.61017502583186E+05 -0.34874506982611E+04 -0.32564453705824E+04  0.55196642223620E+03 -0.23195887558711E+03 -0.26953918287197E+02  0.97549838964008E+01  0.48615130134368E+04 -0.61337563264364E+03  0.37872316224709E+04  0.21848066537119E+04 -0.24013815898480E+06  0.19470944712511E+02  0.52547051773894E+05  0.19713033396425E+04  0.56318061831741E+04  0.12982335772687E+05  0.67039991999325E+03  0.23031095784549E+04  0.92437510143312E+04 -0.24607409780063E+04 -0.38562654833182E+04  0.13764144394551E+03 -0.98256326076609E+04 -0.51268112226930E+05 -0.15391563964563E+03 -0.27348478535297E+03 -0.13099382381930E+02 -0.97974831656165E+03 -0.45894956413259E+04 -0.35504598229790E+03 -0.15000725555045E+03 -0.13403530688546E+04 -0.31137154687667E+04 -0.11480806913647E+04 -0.34191898896470E+04
   0.98871065161452E+06 -0.12535587860208E+06  0.28022754118103E+05  0.36320323000403E+06 -0.33377595921299E+05  0.11076254446789E+06  0.61017502583186E+05  0.53905476828351E+07 -0.24098378591996E+07 -0.89474002426553E+05  0.25972110261249E+05  0.26550078461676E+05  0.17952706671349E+04  0.97393955613577E+02  0.89274114420669E+05 -0.11301453285237E+05  0.81580462355034E+05  0.44213924191383E+05 -0.58737762008815E+06  0.46625149911195E+03  0.17210180137717E+06  0.18015730690768E+05  0.58960311503530E+05  0.95887561833980E+05  0.63078800044636E+04  0.23093783929728E+05  0.70746773529030E+05 -0.63186759196830E+05 -0.50626754349398E+05 -0.70465708173860E+05 -0.29582483036113E+06 -0.58058260758019E+06 -0.74012648826510E+05 -0.16638732724543E+06 -0.14151207083959E+04 -0.56592723275971E+04 -0.11119923660166E+05  0.22247017823952E+03  0.24797508470942E+03 -0.27443805909280E+06 -0.87674057071440E+04 -0.14471599795724E+06 -0.17838252230483E+06
  -0.18404618103427E+06  0.26419272882630E+05 -0.50662012357612E+04 -0.28004773847186E+05  0.52100207659997E+03 -0.10500471461641E+05 -0.34874506982611E+04 -0.24098378591996E+07  0.19288797048917E+07  0.19485980834260E+05 -0.64066691279379E+04 -0.55739568925399E+04 -0.30777946591451E+03 -0.13614164324433E+02  0.47947200046249E+05 -0.22104965174469E+04  0.14475825679308E+05  0.68997576513808E+04 -0.25843700659218E+05 -0.97874341346580E+02 -0.19614170966890E+04 -0.34047079564455E+04 -0.11797457847077E+05 -0.17426228718905E+05 -0.12432512210954E+04 -0.47444860256804E+04 -0.12620257119241E+05  0.11588563104321E+05  0.10943271899664E+05  0.24759628926051E+05  0.67165041381286E+05  0.12749404839740E+06  0.22918711711715E+05  0.51598722049510E+05  0.19213679884805E+03  0.59270752950556E+03  0.11992323635107E+04 -0.12427357775222E+04 -0.69189878440644E+03  0.11307201861349E+06  0.15662389096658E+04  0.45295122912902E+05  0.55303581147841E+05
  -0.50142478047215E+05  0.73863859028490E+04 -0.16653135509912E+04 -0.18339974549939E+05  0.23608181911290E+04 -0.45753088182711E+04 -0.32564453705824E+04 -0.89474002426553E+05  0.19485980834260E+05  0.26607096341644E+04 -0.61343375832275E+03 -0.66070034164217E+03 -0.58662867625523E+02 -0.17434516790236E+01 -0.40230371377333E+04  0.49012843907466E+03 -0.32094884567591E+04 -0.18188981494157E+04  0.56424906068395E+05 -0.14899189162692E+02 -0.15492545049187E+05 -0.82689572604933E+03 -0.25364240046775E+04 -0.46007748579606E+04 -0.27613355621118E+03 -0.96827426145005E+03 -0.35162409752735E+04  0.27561784131079E+04  0.19003560129587E+04  0.73794971709187E+03  0.11034041008882E+05  0.22894777245352E+05  0.14963457052863E+04  0.33050463824181E+04  0.43804612461924E+02  0.55307318455942E+03  0.10498913021001E+04  0.13016981275704E+03  0.57968391908064E+02  0.31394194473722E+04  0.43512180633793E+03  0.28405016689383E+04  0.35871013343583E+04
   0.73013293756180E+04 -0.87609512953594E+03  0.21040777359204E+03  0.31831403711308E+04 -0.31749086530986E+03  0.95152623895788E+03  0.55196642223620E+03  0.25972110261249E+05 -0.64066691279379E+04 -0.61343375832275E+03  0.16587370371252E+03  0.18549533102810E+03  0.13549339851489E+02  0.64778163129043E+00  0.12210344904184E+04 -0.13496786943803E+03  0.94248781207794E+03  0.51308568485598E+03 -0.60098646204402E+04  0.32904722548798E+01  0.16084904568310E+04  0.12962123342801E+03  0.41652643010384E+03  0.69780852982853E+03  0.44777105344304E+02  0.16157431062841E+03  0.51692046514768E+03 -0.46132778221563E+03 -0.34777294196656E+03 -0.33430505704427E+03 -0.19914452506168E+04 -0.39568285606630E+04 -0.41634843834041E+03 -0.93634238590815E+03 -0.10808071292002E+02 -0.44433019602851E+02 -0.87140622624275E+02 -0.13238947411497E+02 -0.62138937759781E+01 -0.11289498445701E+04 -0.63911605392664E+02 -0.81227547354079E+03 -0.10084114337277E+04
   0.15340042965739E+05 -0.11984403236521E+04  0.41657162604446E+03 -0.13939058827133E+04 -0.20322514772616E+02 -0.71164745640227E+03 -0.23195887558711E+03  0.26550078461676E+05 -0.55739568925399E+04 -0.66070034164217E+03  0.18549533102810E+03  0.15635850105799E+04  0.10415378886027E+03 -0.11752664322645E+01  0.13680353807637E+04 -0.19143357967185E+03  0.13254263537888E+04  0.76954634761727E+03 -0.60129607865623E+04 -0.46862177967629E+01  0.78208475842860E+03  0.13814452954317E+02  0.19116014816279E+03 -0.35055489887575E+03 -0.20440160723356E+02 -0.85592291116320E+02 -0.19565887759543E+03 -0.11126808824029E+04 -0.81893173622998E-01 -0.68570205654136E+03 -0.49630926196824E+04 -0.18048181478114E+02 -0.22433098261138E+04 -0.68690749130216E+02 -0.77384418673732E+02 -0.20213245140321E+00  0.29259338141621E-02 -0.17015671792944E+01 -0.72847403125932E+00  0.29001798417138E+03  0.30333876102960E+03 -0.26663233713504E+04 -0.49665489065254E+01
   0.17212199907316E+04 -0.13907806925148E+03  0.52998884520646E+02 -0.15029642832563E+03  0.50434259504565E+01 -0.66987698680032E+02 -0.26953918287197E+02  0.17952706671349E+04 -0.30777946591451E+03 -0.58662867625523E+02  0.13549339851489E+02  0.10415378886027E+03  0.94301383885815E+01 -0.16798734701886E+00  0.76489738431831E+02 -0.12837056528512E+02  0.78119114136475E+02  0.49501548711239E+02 -0.28779172621618E+03 -0.42816567802132E+00 -0.27073925702292E+02  0.29545612997057E+01  0.23435286055484E+02 -0.42742965954083E+02 -0.23951040414736E+01 -0.91392932500735E+01 -0.18471422756565E+02 -0.16367550292857E+03 -0.10706557393585E-01 -0.26985112554680E+02 -0.58378865814602E+03 -0.20625778995601E+01 -0.14135927371584E+03 -0.18007144392110E+02 -0.62895494295571E+01 -0.14443723625056E+00  0.19978980181415E-02 -0.17998252051910E+00 -0.69865653771254E-01  0.28709287744750E+02  0.67765645009076E+02 -0.19325332163880E+03 -0.38722665203885E+00
  -0.10595913271204E+03  0.12705337488735E+02 -0.40219141645464E+01  0.54811638995149E+02 -0.48787530926527E+01  0.18597375114850E+02  0.97549838964008E+01  0.97393955613577E+02 -0.13614164324433E+02 -0.17434516790236E+01  0.64778163129043E+00 -0.11752664322645E+01 -0.16798734701886E+00  0.48026335018293E-01  0.13991418516555E+02 -0.10793453965979E+01  0.83519668688714E+01  0.39339466792430E+01 -0.79258468423015E+02  0.34107630096083E-01  0.26348032920634E+02  0.39104323510044E+00  0.10073952828781E+01  0.35407203541444E+01  0.14676329209574E+00  0.48432780128726E+00  0.23626633044740E+01  0.67704981451383E-01 -0.26730661381048E-04 -0.58459053213842E+01 -0.72290740842800E+00 -0.19906565751181E-02 -0.30435600435292E+01 -0.13010820768735E-04 -0.13350547440651E+00 -0.71048475712300E-13 -0.64656499666695E-12 -0.16048906646628E-02 -0.88152895887069E-03 -0.15731006451469E+01  0.36427937642378E-04 -0.29817946098491E+01 -0.36930999812686E-02
   0.96445642058798E+04  0.63587241946435E+03 -0.27920811874261E+03  0.30938643053783E+05 -0.25971205623784E+04  0.94693396200673E+04  0.48615130134368E+04  0.89274114420669E+05  0.47947200046249E+05 -0.40230371377333E+04  0.12210344904184E+04  0.13680353807637E+04  0.76489738431831E+02  0.13991418516555E+02  0.49550367867344E+05 -0.46024783945309E+04  0.32842599058457E+05  0.17113193051160E+05 -0.55177296104031E+05  0.52365055263601E+00 -0.50887649500515E+04 -0.14720747064414E+03 -0.45158323019825E+03 -0.51538013548932E+03 -0.47522399606202E+02 -0.16447315814426E+03 -0.48609606994017E+03 -0.26823353859478E+04 -0.17604135657531E+04 -0.24885664159794E+04  0.20273657678872E+04  0.43560739631346E+04 -0.14770821050509E+04 -0.29301291076500E+04 -0.72679921293924E+03  0.22580516404664E+03  0.40620055629759E+03 -0.28522488660342E+04 -0.15180114553127E+04 -0.24188290958083E+04  0.19380786649557E+03 -0.89042379487047E+03 -0.10034655396797E+04
  -0.21437502807234E+04 -0.51344239400781E+02 -0.71455655951448E+01 -0.37501425825121E+04  0.31932693243455E+03 -0.11789561432298E+04 -0.61337563264364E+03 -0.11301453285237E+05 -0.22104965174469E+04  0.49012843907466E+03 -0.13496786943803E+03 -0.19143357967185E+03 -0.12837056528512E+02 -0.10793453965979E+01 -0.46024783945309E+04  0.49689054999034E+03 -0.34486522208903E+04 -0.18723898504789E+04  0.64498178827732E+04 -0.62081840348544E+00  0.78157856894966E+03  0.16281072984316E+02  0.45030179377277E+02  0.40215225738047E+02  0.50105463628631E+01  0.16644679585048E+02  0.56551351452005E+02  0.49295370263513E+03  0.30883868626736E+03  0.28719815674067E+03 -0.16908176140902E+03 -0.50361425680833E+03  0.15269647137365E+03  0.30190404879966E+03  0.80269800439942E+02 -0.60599373075643E+02 -0.10753917012588E+03  0.43185169636485E+03  0.21424836626896E+03 -0.29789749882341E+03 -0.34971662569355E+02  0.24834050629206E+03  0.27825110720833E+03
   0.10105176787522E+05  0.13190122544180E+03 -0.12712047878231E+03  0.24498209225161E+05 -0.20044067214892E+04  0.75866093186790E+04  0.37872316224709E+04  0.81580462355034E+05  0.14475825679308E+05 -0.32094884567591E+04  0.94248781207794E+03  0.13254263537888E+04  0.78119114136475E+02  0.83519668688714E+01  0.32842599058457E+05 -0.34486522208903E+04  0.24475724607605E+05  0.13105810088966E+05 -0.43996155111005E+05 -0.11765969595152E+01 -0.45961723585670E+04 -0.15568564249591E+03 -0.46487342375832E+03 -0.57179957832716E+03 -0.51534128874735E+02 -0.16992504300152E+03 -0.46814292093535E+03 -0.22505465998633E+04 -0.14676132333464E+04 -0.23266243913050E+04  0.20001058968126E+04  0.40979075766760E+04 -0.11557205905071E+04 -0.22987287706031E+04 -0.55741322991711E+03  0.52849320315270E+02  0.10545180892335E+03 -0.22961993446357E+04 -0.12467678943694E+04  0.90780852627930E+03  0.18887249446455E+03 -0.14026285594545E+04 -0.15608590928564E+04
   0.72724697567839E+04  0.71481511639076E+02 -0.65116016825434E+01  0.13753008144389E+05 -0.11399837756774E+04  0.43226266201836E+04  0.21848066537119E+04  0.44213924191383E+05  0.68997576513808E+04 -0.18188981494157E+04  0.51308568485598E+03  0.76954634761727E+03  0.49501548711239E+02  0.39339466792430E+01  0.17113193051160E+05 -0.18723898504789E+04  0.13105810088966E+05  0.71211770245349E+04 -0.24522363762830E+05  0.49998390559617E+00 -0.28830186437789E+04 -0.85198182837475E+02 -0.24124795957615E+03 -0.27493243249696E+03 -0.27743985057029E+02 -0.88885408579709E+02 -0.25532812052627E+03 -0.16122686776351E+04 -0.10176382288661E+04 -0.11733659041657E+04  0.94602545838531E+03  0.22631687098009E+04 -0.58595862451011E+03 -0.11667161796676E+04 -0.30762411266595E+03  0.84096116430685E+02  0.15671290050922E+03 -0.14903668096733E+04 -0.77582276240271E+03  0.11835466163690E+04  0.13693864069289E+03 -0.10038179752996E+04 -0.11168293900274E+04
  -0.78023318929318E+07  0.26080501032932E+07 -0.30046529773282E+06 -0.22762215613503E+07  0.48675991332424E+06 -0.45913971538288E+05 -0.24013815898480E+06 -0.58737762008815E+06 -0.25843700659218E+05  0.56424906068395E+05 -0.60098646204402E+04 -0.60129607865623E+04 -0.28779172621618E+03 -0.79258468423015E+02 -0.55177296104031E+05  0.64498178827732E+04 -0.43996155111005E+05 -0.24522363762830E+05  0.33710585661670E+08  0.50946564457691E+04 -0.48967579812101E+07 -0.11239389133906E+06 -0.35882690008934E+06 -0.95716762468455E+06 -0.32381810413138E+05 -0.13336833857851E+06 -0.76488933568490E+06  0.34316301342401E+05  0.76196576173155E+05 -0.12172812931002E+04  0.56816895141724E+06  0.27910671326692E+07  0.17125057750360E+05  0.31494935630046E+05  0.21217804534710E+03  0.18501022180731E+06  0.81484115144253E+06  0.24462355062017E+05  0.76964689906323E+04 -0.18471169309819E+05  0.44808484532219E+05  0.20674609009767E+05  0.64211870488801E+05
  -0.95072650387493E+03  0.43337123824498E+03 -0.38075935437663E+02 -0.74051364537164E+02  0.36871102672215E+02  0.65942929509457E+02  0.19470944712511E+02  0.46625149911195E+03 -0.97874341346580E+02 -0.14899189162692E+02  0.32904722548798E+01 -0.46862177967629E+01 -0.42816567802132E+00  0.34107630096083E-01  0.52365055263601E+00 -0.62081840348544E+00 -0.11765969595152E+01  0.49998390559617E+00  0.50946564457691E+04  0.18961727017273E+01 -0.68140480500279E+03 -0.84007752750338E+01 -0.31007824194879E+02 -0.10768245942199E+03 -0.58610212848479E+00 -0.79596845782045E+01 -0.85695737344560E+02  0.00000000000000E+00 -0.37611134311595E+02  0.00000000000000E+00  0.00000000000000E+00  0.15411971538283E+03  0.00000000000000E+00 -0.51177380324991E+01  0.00000000000000E+00  0.00000000000000E+00  0.16708700036133E+03  0.00000000000000E+00  0.00000000000000E+00  0.00000000000000E+00  0.21257910898218E+02  0.00000000000000E+00 -0.37272032501070E+02
   0.15129221126877E+07 -0.43380835971555E+06  0.57430954837428E+05  0.41891862912862E+06 -0.86218134058824E+05  0.22646262451811E+05  0.52547051773894E+05  0.17210180137717E+06 -0.19614170966890E+04 -0.15492545049187E+05  0.16084904568310E+04  0.78208475842860E+03 -0.27073925702292E+02  0.26348032920634E+02 -0.50887649500515E+04  0.78157856894966E+03 -0.45961723585670E+04 -0.28830186437789E+04 -0.48967579812101E+07 -0.68140480500279E+03  0.12409514190010E+07  0.35318545480159E+05  0.10285051368219E+06  0.27590790389598E+06  0.10013926240194E+05  0.37641341606554E+05  0.20194707429235E+06  0.00000000000000E+00 -0.31278872940298E+05  0.00000000000000E+00  0.00000000000000E+00 -0.77977628300011E+06  0.00000000000000E+00  0.74722692917946E+04  0.00000000000000E+00  0.00000000000000E+00 -0.16302279955144E+06  0.00000000000000E+00  0.00000000000000E+00  0.00000000000000E+00  0.25251304749247E+05  0.00000000000000E+00 -0.26062007194695E+05
   0.37581387771040E+05 -0.77221939209748E+04  0.13813576615391E+04  0.13456865081749E+05 -0.25140236654872E+04  0.14527410893666E+04  0.19713033396425E+04  0.18015730690768E+05 -0.34047079564455E+04 -0.82689572604933E+03  0.12962123342801E+03  0.13814452954317E+02  0.29545612997057E+01  0.39104323510044E+00 -0.14720747064414E+03  0.16281072984316E+02 -0.15568564249591E+03 -0.85198182837475E+02 -0.11239389133906E+06 -0.84007752750338E+01  0.35318545480159E+05  0.13088293304752E+04  0.36012115831757E+04  0.92669088553554E+04  0.35108897058399E+03  0.12559957786065E+04  0.62540590649910E+04 -0.46191998471317E+02 -0.13782776402180E+04  0.43988299980574E+01  0.58044881552910E+03 -0.27490763482654E+05  0.00000000000000E+00 -0.72780611356186E+02  0.00000000000000E+00  0.20457720107119E+04 -0.34390287835537E+04  0.00000000000000E+00  0.00000000000000E+00  0.00000000000000E+00  0.12883745050488E+04 -0.30484040855271E+03 -0.17162895470594E+04
   0.12968831566327E+06 -0.30050267678252E+05  0.47710596016296E+04  0.39394780905991E+05 -0.73735225453831E+04  0.41023792315283E+04  0.56318061831741E+04  0.58960311503530E+05 -0.11797457847077E+05 -0.25364240046775E+04  0.41652643010384E+03  0.19116014816279E+03  0.23435286055484E+02  0.10073952828781E+01 -0.45158323019825E+03  0.45030179377277E+02 -0.46487342375832E+03 -0.24124795957615E+03 -0.35882690008934E+06 -0.31007824194879E+02  0.10285051368219E+06  0.36012115831757E+04  0.10344924836063E+05  0.25587608955855E+05  0.99656053904527E+03  0.36257459541299E+04  0.18118135166893E+05 -0.15180579184927E+03 -0.36496327703517E+04 -0.17395790455331E+02 -0.57778297733866E+04 -0.79232789704909E+05  0.00000000000000E+00 -0.19183515827965E+03  0.00000000000000E+00  0.30491625426486E+04 -0.11192996394951E+05  0.00000000000000E+00  0.00000000000000E+00  0.00000000000000E+00  0.37315906098210E+04 -0.17612900487208E+04 -0.50821671103859E+04
   0.24470850902292E+06 -0.63224989220668E+05  0.91466718374612E+04  0.95202536511130E+05 -0.18358550335101E+05  0.83287029134976E+04  0.12982335772687E+05  0.95887561833980E+05 -0.17426228718905E+05 -0.46007748579606E+04  0.69780852982853E+03 -0.35055489887575E+03 -0.42742965954083E+02  0.35407203541444E+01 -0.51538013548932E+03  0.40215225738047E+02 -0.57179957832716E+03 -0.27493243249696E+03 -0.95716762468455E+06 -0.10768245942199E+03  0.27590790389598E+06  0.92669088553554E+04  0.25587608955855E+05  0.73028351450335E+05  0.25544393342454E+04  0.93525862787628E+04  0.47980397165125E+05  0.23577375615312E+03 -0.11462496031572E+05 -0.43938354355635E+01  0.37175810687542E+05 -0.19669915810392E+06  0.00000000000000E+00 -0.61663222902098E+03  0.00000000000000E+00  0.16280440666849E+05 -0.30010896705827E+05  0.00000000000000E+00  0.00000000000000E+00  0.00000000000000E+00  0.64497469573447E+04  0.14702471144611E+04 -0.12073605016933E+05
   0.12931183307259E+05 -0.30396175398514E+04  0.47918045201295E+03  0.43148256135833E+04 -0.76503529674519E+03  0.57500626362716E+03  0.67039991999325E+03  0.63078800044636E+04 -0.12432512210954E+04 -0.27613355621118E+03  0.44777105344304E+02 -0.20440160723356E+02 -0.23951040414736E+01  0.14676329209574E+00 -0.47522399606202E+02  0.50105463628631E+01 -0.51534128874735E+02 -0.27743985057029E+02 -0.32381810413138E+05 -0.58610212848479E+00  0.10013926240194E+05  0.35108897058399E+03  0.99656053904527E+03  0.25544393342454E+04  0.11619899683467E+03  0.40756516714618E+03  0.18115641958436E+04  0.00000000000000E+00 -0.43602288233117E+03  0.00000000000000E+00  0.00000000000000E+00 -0.88533669550722E+04  0.00000000000000E+00 -0.22770612696241E+02  0.00000000000000E+00  0.00000000000000E+00 -0.68504853185340E+03  0.00000000000000E+00  0.00000000000000E+00  0.00000000000000E+00  0.40040368558761E+02  0.00000000000000E+00 -0.63918735966471E+03
   0.49242158867372E+05 -0.12364756046171E+05  0.18305812537572E+04  0.15532994680710E+05 -0.28021506795777E+04  0.18953180760570E+04  0.23031095784549E+04  0.23093783929728E+05 -0.47444860256804E+04 -0.96827426145005E+03  0.16157431062841E+03 -0.85592291116320E+02 -0.91392932500735E+01  0.48432780128726E+00 -0.16447315814426E+03  0.16644679585048E+02 -0.16992504300152E+03 -0.88885408579709E+02 -0.13336833857851E+06 -0.79596845782045E+01  0.37641341606554E+05  0.12559957786065E+04  0.36257459541299E+04  0.93525862787628E+04  0.40756516714618E+03  0.14798418641714E+04  0.66858870882655E+04  0.00000000000000E+00 -0.13867290626265E+04  0.00000000000000E+00  0.00000000000000E+00 -0.31675304940049E+05  0.00000000000000E+00 -0.72090759054385E+02  0.00000000000000E+00  0.00000000000000E+00 -0.37681194039472E+04  0.00000000000000E+00  0.00000000000000E+00  0.00000000000000E+00  0.22305111269626E+02  0.00000000000000E+00 -0.23407099881737E+04
   0.25494863006249E+06 -0.69939455684744E+05  0.96101524769540E+04  0.70678548724982E+05 -0.13914851880841E+05  0.53206952106035E+04  0.92437510143312E+04  0.70746773529030E+05 -0.12620257119241E+05 -0.35162409752735E+04  0.51692046514768E+03 -0.19565887759543E+03 -0.18471422756565E+02  0.23626633044740E+01 -0.48609606994017E+03  0.56551351452005E+02 -0.46814292093535E+03 -0.25532812052627E+03 -0.76488933568490E+06 -0.85695737344560E+02  0.20194707429235E+06  0.62540590649910E+04  0.18118135166893E+05  0.47980397165125E+05  0.18115641958436E+04  0.66858870882655E+04  0.35313890070675E+05  0.00000000000000E+00 -0.78660150861729E+04  0.00000000000000E+00  0.00000000000000E+00 -0.13954037114014E+06  0.00000000000000E+00 -0.42316524720717E+03  0.00000000000000E+00  0.00000000000000E+00 -0.23412244760692E+05  0.00000000000000E+00  0.00000000000000E+00  0.00000000000000E+00  0.83115138419317E+04  0.00000000000000E+00 -0.83117067236127E+04
  -0.13222165733939E+06  0.16792816511913E+05 -0.46807418644426E+04 -0.12880616749618E+05  0.19998691244670E+04 -0.27362583692548E+04 -0.24607409780063E+04 -0.63186759196830E+05  0.11588563104321E+05  0.27561784131079E+04 -0.46132778221563E+03 -0.11126808824029E+04 -0.16367550292857E+03  0.67704981451383E-01 -0.26823353859478E+04  0.49295370263513E+03 -0.22505465998633E+04 -0.16122686776351E+04  0.34316301342401E+05  0.00000000000000E+00  0.00000000000000E+00 -0.46191998471317E+02 -0.15180579184927E+03  0.23577375615312E+03  0.00000000000000E+00  0.00000000000000E+00  0.00000000000000E+00  0.11693828742461E+06  0.00000000000000E+00  0.00000000000000E+00  0.00000000000000E+00  0.00000000000000E+00  0.00000000000000E+00  0.00000000000000E+00  0.00000000000000E+00  0.00000000000000E+00  0.00000000000000E+00  0.00000000000000E+00  0.00000000000000E+00  0.00000000000000E+00  0.00000000000000E+00  0.00000000000000E+00  0.00000000000000E+00
  -0.56067994260743E+05  0.82873385239804E+04 -0.19858687054580E+04 -0.21342603224654E+05  0.33613876936833E+04 -0.42006779588969E+04 -0.38562654833182E+04 -0.50626754349398E+05  0.10943271899664E+05  0.19003560129587E+04 -0.34777294196656E+03 -0.81893173622998E-01 -0.10706557393585E-01 -0.26730661381048E-04 -0.17604135657531E+04  0.30883868626736E+03 -0.14676132333464E+04 -0.10176382288661E+04  0.76196576173155E+05 -0.37611134311595E+02 -0.31278872940298E+05 -0.13782776402180E+04 -0.36496327703517E+04 -0.11462496031572E+05 -0.43602288233117E+03 -0.13867290626265E+04 -0.78660150861729E+04  0.00000000000000E+00  0.64894818065170E+05  0.00000000000000E+00  0.00000000000000E+00  0.00000000000000E+00  0.00000000000000E+00  0.00000000000000E+00  0.00000000000000E+00  0.00000000000000E+00  0.00000000000000E+00  0.00000000000000E+00  0.00000000000000E+00  0.00000000000000E+00  0.00000000000000E+00  0.00000000000000E+00  0.00000000000000E+00
  -0.52561416375064E+04 -0.19481138665211E+03  0.18733059319025E+02 -0.68350418557635E+02 -0.57264455232434E+02  0.15175935699328E+03  0.13764144394551E+03 -0.70465708173860E+05  0.24759628926051E+05  0.73794971709187E+03 -0.33430505704427E+03 -0.68570205654136E+03 -0.26985112554680E+02 -0.58459053213842E+01 -0.24885664159794E+04  0.28719815674067E+03 -0.23266243913050E+04 -0.11733659041657E+04 -0.12172812931002E+04  0.00000000000000E+00  0.00000000000000E+00  0.43988299980574E+01 -0.17395790455331E+02 -0.43938354355635E+01  0.00000000000000E+00  0.00000000000000E+00  0.00000000000000E+00  0.00000000000000E+00  0.00000000000000E+00  0.30804343286257E+05  0.00000000000000E+00  0.00000000000000E+00  0.00000000000000E+00  0.00000000000000E+00  0.00000000000000E+00  0.00000000000000E+00  0.00000000000000E+00  0.00000000000000E+00  0.00000000000000E+00  0.00000000000000E+00  0.00000000000000E+00  0.00000000000000E+00  0.00000000000000E+00
  -0.86836416569956E+06  0.21051203598760E+06 -0.31883863931182E+05 -0.66386719076958E+05  0.11795058353755E+05 -0.84339134922464E+04 -0.98256326076609E+04 -0.29582483036113E+06  0.67165041381286E+05  0.11034041008882E+05 -0.19914452506168E+04 -0.49630926196824E+04 -0.58378865814602E+03 -0.72290740842800E+00  0.20273657678872E+04 -0.16908176140902E+03  0.20001058968126E+04  0.94602545838531E+03  0.56816895141724E+06  0.00000000000000E+00  0.00000000000000E+00  0.58044881552910E+03 -0.57778297733866E+04  0.37175810687542E+05  0.00000000000000E+00  0.00000000000000E+00  0.00000000000000E+00  0.00000000000000E+00  0.00000000000000E+00  0.00000000000000E+00  0.58059831960283E+06  0.00000000000000E+00  0.00000000000000E+00  0.00000000000000E+00  0.00000000000000E+00  0.00000000000000E+00  0.00000000000000E+00  0.00000000000000E+00  0.00000000000000E+00  0.00000000000000E+00  0.00000000000000E+00  0.00000000000000E+00  0.00000000000000E+00
  -0.11260880616129E+07  0.26574162673974E+06 -0.41516063604023E+05 -0.34498930857425E+06  0.62576307799618E+05 -0.41296851317933E+05 -0.51268112226930E+05 -0.58058260758019E+06  0.12749404839740E+06  0.22894777245352E+05 -0.39568285606630E+04 -0.18048181478114E+02 -0.20625778995601E+01 -0.19906565751181E-02  0.43560739631346E+04 -0.50361425680833E+03  0.40979075766760E+04  0.22631687098009E+04  0.27910671326692E+07  0.15411971538283E+03 -0.77977628300011E+06 -0.27490763482654E+05 -0.79232789704909E+05 -0.19669915810392E+06 -0.88533669550722E+04 -0.31675304940049E+05 -0.13954037114014E+06  0.00000000000000E+00  0.00000000000000E+00  0.00000000000000E+00  0.00000000000000E+00  0.92138826785266E+06  0.00000000000000E+00  0.00000000000000E+00  0.00000000000000E+00  0.00000000000000E+00  0.00000000000000E+00  0.00000000000000E+00  0.00000000000000E+00  0.00000000000000E+00  0.00000000000000E+00  0.00000000000000E+00  0.00000000000000E+00
  -0.20983815511978E+05  0.57505206945147E+04 -0.80023365381485E+03 -0.13665977260847E+04  0.32030782250535E+03  0.14445222818047E+02 -0.15391563964563E+03 -0.74012648826510E+05  0.22918711711715E+05  0.14963457052863E+04 -0.41634843834041E+03 -0.22433098261138E+04 -0.14135927371584E+03 -0.30435600435292E+01 -0.14770821050509E+04  0.15269647137365E+03 -0.11557205905071E+04 -0.58595862451011E+03  0.17125057750360E+05  0.00000000000000E+00  0.00000000000000E+00  0.00000000000000E+00  0.00000000000000E+00  0.00000000000000E+00  0.00000000000000E+00  0.00000000000000E+00  0.00000000000000E+00  0.00000000000000E+00  0.00000000000000E+00  0.00000000000000E+00  0.00000000000000E+00  0.00000000000000E+00  0.14296535658709E+05  0.00000000000000E+00  0.00000000000000E+00  0.00000000000000E+00  0.00000000000000E+00  0.00000000000000E+00  0.00000000000000E+00  0.00000000000000E+00  0.00000000000000E+00  0.00000000000000E+00  0.00000000000000E+00
  -0.47508220016699E+05  0.13188691596217E+05 -0.18187080663506E+04 -0.24934609655375E+04  0.56426899893175E+03 -0.76714700451197E+01 -0.27348478535297E+03 -0.16638732724543E+06  0.51598722049510E+05  0.33050463824181E+04 -0.93634238590815E+03 -0.68690749130216E+02 -0.18007144392110E+02 -0.13010820768735E-04 -0.29301291076500E+04  0.30190404879966E+03 -0.22987287706031E+04 -0.11667161796676E+04  0.31494935630046E+05 -0.51177380324991E+01  0.74722692917946E+04 -0.72780611356186E+02 -0.19183515827965E+03 -0.61663222902098E+03 -0.22770612696241E+02 -0.72090759054385E+02 -0.42316524720717E+03  0.00000000000000E+00  0.00000000000000E+00  0.00000000000000E+00  0.00000000000000E+00  0.00000000000000E+00  0.00000000000000E+00  0.31367033365706E+05  0.00000000000000E+00  0.00000000000000E+00  0.00000000000000E+00  0.00000000000000E+00  0.00000000000000E+00  0.00000000000000E+00  0.00000000000000E+00  0.00000000000000E+00  0.00000000000000E+00
  -0.32081143811793E+04  0.42286046858676E+03 -0.10093855614502E+03 -0.70933574178629E+02  0.89767437892488E+01 -0.18746337438680E+02 -0.13099382381930E+02 -0.14151207083959E+04  0.19213679884805E+03  0.43804612461924E+02 -0.10808071292002E+02 -0.77384418673732E+02 -0.62895494295571E+01 -0.13350547440651E+00 -0.72679921293924E+03  0.80269800439942E+02 -0.55741322991711E+03 -0.30762411266595E+03  0.21217804534710E+03  0.00000000000000E+00  0.00000000000000E+00  0.00000000000000E+00  0.00000000000000E+00  0.00000000000000E+00  0.00000000000000E+00  0.00000000000000E+00  0.00000000000000E+00  0.00000000000000E+00  0.00000000000000E+00  0.00000000000000E+00  0.00000000000000E+00  0.00000000000000E+00  0.00000000000000E+00  0.00000000000000E+00  0.37989724340297E+04  0.00000000000000E+00  0.00000000000000E+00  0.00000000000000E+00  0.00000000000000E+00  0.00000000000000E+00  0.00000000000000E+00  0.00000000000000E+00  0.00000000000000E+00
  -0.20485067782403E+06  0.63890110084985E+05 -0.79184532410231E+04 -0.11788882058633E+05  0.29024250401160E+04  0.46378973417603E+03 -0.97974831656165E+03 -0.56592723275971E+04  0.59270752950556E+03  0.55307318455942E+03 -0.44433019602851E+02 -0.20213245140321E+00 -0.14443723625056E+00 -0.71048475712300E-13  0.22580516404664E+03 -0.60599373075643E+02  0.52849320315270E+02  0.84096116430685E+02  0.18501022180731E+06  0.00000000000000E+00  0.00000000000000E+00  0.20457720107119E+04  0.30491625426486E+04  0.16280440666849E+05  0.00000000000000E+00  0.00000000000000E+00  0.00000000000000E+00  0.00000000000000E+00  0.00000000000000E+00  0.00000000000000E+00  0.00000000000000E+00  0.00000000000000E+00  0.00000000000000E+00  0.00000000000000E+00  0.00000000000000E+00  0.10626174247496E+06  0.00000000000000E+00  0.00000000000000E+00  0.00000000000000E+00  0.00000000000000E+00  0.00000000000000E+00  0.00000000000000E+00  0.00000000000000E+00
  -0.23097610090862E+06  0.71466090342414E+05 -0.89089064421115E+04 -0.53255558081463E+05  0.12911508560069E+05  0.17227842761387E+04 -0.45894956413259E+04 -0.11119923660166E+05  0.11992323635107E+04  0.10498913021001E+04 -0.87140622624275E+02  0.29259338141621E-02  0.19978980181415E-02 -0.64656499666695E-12  0.40620055629759E+03 -0.10753917012588E+03  0.10545180892335E+03  0.15671290050922E+03  0.81484115144253E+06  0.16708700036133E+03 -0.16302279955144E+06 -0.34390287835537E+04 -0.11192996394951E+05 -0.30010896705827E+05 -0.68504853185340E+03 -0.37681194039472E+04 -0.23412244760692E+05  0.00000000000000E+00  0.00000000000000E+00  0.00000000000000E+00  0.00000000000000E+00  0.00000000000000E+00  0.00000000000000E+00  0.00000000000000E+00  0.00000000000000E+00  0.00000000000000E+00  0.13869897813388E+06  0.00000000000000E+00  0.00000000000000E+00  0.00000000000000E+00  0.00000000000000E+00  0.00000000000000E+00  0.00000000000000E+00
