# fitpack15: fit parameters                                                                         
# CJ15 AV18 final data choices                                                                      
# Created on 01/15/2020 at 23:01:48                                                                 

 # QCD setup
  INS                           0
  NVL                          11
  IORD                          1
  Q02                   1.6899999999999999     
  IPARAMC                       7
  FLAVOR                4.0000000000000000     
  xmc                   1.3000000000000000     
  xmb                   4.5000000000000000     
  ncb                          12
  ihq                           1
  ias                           0

 # Theory corrections
  inuke                     10814
  itmc                          1
  iht                           1

 # fit parameters
 LAMBDA       0.22680        0.0000    
 a0uv          1.9552        0.0000    
 a1uv         0.56860       0.23560E-01
 a2uv          3.5569       0.11683E-01
 a3uv          0.0000        0.0000    
 a4uv          4.5663       0.62978    
 a5uv          0.0000        0.0000    
 a0dv          24.960        0.0000    
 a1dv          1.1564       0.33366E-01
 a2dv          6.6266       0.15993    
 a3dv         -3.5584       0.85377E-01
 a4dv          4.7894       0.13982    
 a5dv          0.0000        0.0000    
 a0ud         0.14194       0.49838E-02
 a1ud        -0.21087       0.38212E-02
 a2ud          8.4325       0.18915    
 a3ud          0.0000        0.0000    
 a4ud          15.836        1.3101    
 a5ud          0.0000        0.0000    
 a0du          35712.        0.0000    
 a1du          4.0819       0.85117E-01
 a2du          20.140       0.95497    
 a3du          17.000        0.0000    
 a4du          52.516        11.617    
 a0g           47.297        0.0000    
 a1g          0.60942       0.32489E-01
 a2g           6.7690       0.96556    
 a3g          -3.3787       0.14582    
 a4g           3.3806       0.37094    
 a5g           0.0000        0.0000    
 kappa        0.40000        0.0000    
 a6dv        -0.39684E-02   0.67546E-03
 a7dv          2.0000        0.0000    
 off1         -2.5748        1.7982    
 off2         0.61102E-01   0.32543E-02
 ht1          -3.5525       0.34513    
 ht2           2.0777       0.12482    
 ht3          -2.0491       0.35553E-01
 ht4           0.0000        0.0000    
 ht1n         -3.6878        1.0272    
 ht2n          1.9819       0.34177    
 ht3n         -2.1366       0.68300E-01
 ht4n          0.0000        0.0000    
 dummy44       0.0000        0.0000    
 dummy45       0.0000        0.0000    
 dummy46       0.0000        0.0000    
 dummy47       0.0000        0.0000    
 dummy48       0.0000        0.0000    
 dummy49       0.0000        0.0000    
 bcdmsh2      0.97003       0.48545E-02
 bcdmsd2      0.99001       0.58559E-02
 ccfr          1.0000        0.0000    
 nutev         1.0000        0.0000    
 zeus         0.97998        0.0000    
 h1            1.0162        0.0000    
 e605          1.0319        0.0000    
 NmcH2         1.0065       0.71350E-02
 ntv_nu        1.0000        0.0000    
 ntv_nubar     1.0000        0.0000    
 cdf_jet      0.98910        0.0000    
 d0_jet       0.83504        0.0000    
 slac_p        1.0018       0.50389E-02
 slac_d        1.0013       0.53166E-02
 e866pp       0.98186       0.19987E-01
 e866pd       0.97013       0.16415E-01
 d0_gamjet     1.0361       0.16484E-01
 h1b          0.97608        0.0000    
 jlab_p       0.99053       0.62867E-02
 jlab_d       0.97472       0.60274E-02
 blank         1.0000        0.0000    
 d0run2       0.94494       0.14239E-01
 cdfrun2      0.93148       0.17330E-01
 HERA_el       1.0000        0.0000    
 HERA_ps       1.0000        0.0000    
 CDF_Z        0.95940       0.66182E-02
 NmcRat        1.0000        0.0000    
 BNS_F2nd     0.98388       0.12171E-01
 HERMES_F2p   0.99581       0.56756E-02
 HERMES_F2d   0.97752       0.58498E-02
 END 0. 0.

 # Hessian matrix (Bevington alpha)
   0.51972538752659E+07 -0.13319981450352E+07  0.19531052850247E+06  0.50546998612230E+06 -0.12787871799510E+06 -0.29647376876009E+05  0.53071388758457E+05  0.98999992979253E+06 -0.18445043984965E+06 -0.50176303761912E+05  0.72952331811831E+04  0.15413941376996E+05  0.17299435968956E+04 -0.10774296104495E+03  0.97734883820503E+04 -0.21778285284706E+04  0.10510640836296E+05  0.75346849187344E+04 -0.78118770122849E+07 -0.12001820092137E+04  0.43301697467353E+07  0.33693035603060E+05  0.11977282831343E+06  0.21269487448019E+06  0.11637782711805E+05  0.45278619625225E+05  0.23304264361611E+06 -0.13223410953502E+06 -0.56064455258047E+05 -0.52646809369622E+04 -0.86883496690409E+06 -0.11261481818452E+07 -0.20980340396689E+05 -0.47565555318820E+05 -0.32091608801956E+04 -0.20495718289488E+06 -0.23094773793525E+06 -0.92245683375367E+04 -0.32564624498780E+04 -0.18067137439181E+05  0.17159178398892E+05 -0.74369491444862E+05 -0.58647736126187E+05
  -0.13319981450352E+07  0.41653565619139E+06 -0.51132836730865E+05 -0.13764159300628E+06  0.34498968445392E+05  0.10673707631103E+05 -0.11088320629631E+05 -0.12555025628893E+06  0.26474709706711E+05  0.73939718748792E+04 -0.87560726111642E+03 -0.12041459529502E+04 -0.13981154426469E+03  0.12910770332413E+02  0.64183306723214E+03 -0.52934081885004E+02  0.13460843246471E+03  0.75435246170967E+02  0.26123737494100E+07  0.50281035703266E+03 -0.12405046996467E+07 -0.66074203383461E+04 -0.27228802580221E+05 -0.54276848382237E+05 -0.26769182029297E+04 -0.11256326398727E+05 -0.63782068871917E+05  0.16789663419920E+05  0.82877582483252E+04 -0.19430191190794E+03  0.21059311508581E+06  0.26591105286246E+06  0.57472623053435E+04  0.13199168815022E+05  0.42292574145079E+03  0.63911707845420E+05  0.71494600984853E+05  0.24364391086326E+04  0.77152003510492E+03 -0.22149171368308E+04 -0.22618340927926E+04  0.86866051111446E+04  0.72959591202633E+04
   0.19531052850247E+06 -0.51132836730865E+05  0.73930996547769E+04  0.18794249828849E+05 -0.48667167590029E+04 -0.13626910683896E+04  0.19133891881141E+04  0.28067549310701E+05 -0.50802482234175E+04 -0.16668097831583E+04  0.21025633004901E+03  0.41861310916503E+03  0.53276270425856E+02 -0.40991620466808E+01 -0.27576503291926E+03 -0.79845295394079E+01 -0.12466824962986E+03 -0.37049075999229E+01 -0.30094352496576E+06 -0.47542648607335E+02  0.16442419741034E+06  0.12340376625630E+04  0.43954133096382E+04  0.79382074061315E+04  0.43032359454047E+03  0.16809964758057E+04  0.87835516004866E+04 -0.46815245761134E+04 -0.19863058752447E+04  0.18563331157868E+02 -0.31905262895077E+05 -0.41533599405176E+05 -0.80017024379843E+03 -0.18210678489679E+04 -0.10097943402670E+03 -0.79237143071078E+04 -0.89112903454639E+04 -0.34663652662916E+03 -0.12114426842846E+03 -0.65489331487085E+02  0.61231874325987E+03 -0.22240057869094E+04 -0.17951046672273E+04
   0.50546998612230E+06 -0.13764159300628E+06  0.18794249828849E+05  0.40145683758256E+06 -0.62348184228089E+05  0.74071335746456E+05  0.63914452725196E+05  0.36333457333507E+06 -0.27923353110637E+05 -0.18351230101506E+05  0.31801363017970E+04 -0.13989897210384E+04 -0.15093307866101E+03  0.55909933090059E+02  0.31011934942497E+05 -0.37774378497153E+04  0.25101492775693E+05  0.14097773805768E+05 -0.22768395544195E+07 -0.14514034005063E+03  0.12044204722054E+07  0.12397045128506E+05  0.36636481707268E+05  0.86278625677431E+05  0.39491765543798E+04  0.14411566039040E+05  0.64549274344401E+05 -0.12874569615250E+05 -0.21334814338347E+05 -0.69668426260385E+02 -0.66391795016273E+05 -0.34488248185899E+06 -0.13691941746200E+04 -0.24966602726576E+04 -0.70933705581824E+02 -0.11784757895844E+05 -0.53207955706190E+05 -0.24786185729246E+04 -0.96358290757072E+03 -0.98404816583877E+04 -0.15860065003403E+05 -0.72659884900343E+04 -0.21544777293552E+05
  -0.12787871799510E+06  0.34498968445392E+05 -0.48667167590029E+04 -0.62348184228089E+05  0.11425182195602E+05 -0.74146858431266E+04 -0.90900074820033E+04 -0.33377786433678E+05  0.51238388039021E+03  0.23612416595642E+04 -0.31703145050878E+03 -0.20374955284830E+02  0.50704232370320E+01 -0.49814790837851E+01 -0.26029631993553E+04  0.32193691308594E+03 -0.20525087099473E+04 -0.11682133710482E+04  0.48606012692344E+06  0.51138339073973E+02 -0.24730587815837E+06 -0.22946071775481E+04 -0.68013550255621E+04 -0.16527331119603E+05 -0.69004454420575E+03 -0.25712671220155E+04 -0.12652523975850E+05  0.19978237355761E+04  0.33586942760677E+04 -0.57113375326340E+02  0.11776973585138E+05  0.62504573515348E+05  0.32019758098992E+03  0.56359013853974E+03  0.89722770845620E+01  0.28946374834789E+04  0.12882739335570E+05  0.46491036333473E+03  0.17241202797606E+03  0.37169184173376E+03  0.25053362310860E+04  0.81478225649646E+03  0.25149618686292E+04
  -0.29647376876009E+05  0.10673707631103E+05 -0.13626910683896E+04  0.74071335746456E+05 -0.74146858431266E+04  0.24294797214362E+05  0.14495953836651E+05  0.11065864328803E+06 -0.10468894063665E+05 -0.45687308950447E+04  0.94938722101970E+03 -0.71454161809086E+03 -0.67259418864506E+02  0.18955142013279E+02  0.94848842313023E+04 -0.11863135293394E+04  0.77744070258214E+04  0.44307280046652E+04 -0.43925075888902E+05  0.61560979326570E+02  0.65103517120175E+05  0.13853357005168E+04  0.39206612851924E+04  0.77187339527677E+04  0.55023916905640E+03  0.18173684259079E+04  0.49024309318730E+04 -0.27290546851417E+04 -0.41878984426280E+04  0.15099227118590E+03 -0.84018009556947E+04 -0.41025797862908E+05  0.14831528347817E+02 -0.72371273615007E+01 -0.18711051998613E+02  0.46868567883740E+03  0.17729850636275E+04 -0.24383074315985E+03 -0.12598221717061E+03 -0.31611083270836E+04 -0.32462912523131E+04 -0.18566570285015E+04 -0.53357852516240E+04
   0.53071388758457E+05 -0.11088320629631E+05  0.19133891881141E+04  0.63914452725196E+05 -0.90900074820033E+04  0.14495953836651E+05  0.11272378040375E+05  0.60964469335638E+05 -0.34693572399598E+04 -0.32532533902612E+04  0.55074553332459E+03 -0.23290016065426E+03 -0.27064507245939E+02  0.99490111164478E+01  0.48722557397440E+04 -0.61803353080392E+03  0.38816129219634E+04  0.22405725254070E+04 -0.23894456738337E+06  0.10355226764989E+02  0.15096643859456E+06  0.18333739162357E+04  0.52684557946996E+04  0.11805138592378E+05  0.62216772753025E+03  0.21537980160648E+04  0.84345817921467E+04 -0.24556442268982E+04 -0.38485076153334E+04  0.13725417439931E+03 -0.98014413976111E+04 -0.51105877935412E+05 -0.15368212808515E+03 -0.27292800527898E+03 -0.13079864820247E+02 -0.97419041522979E+03 -0.45538284499553E+04 -0.35296462116310E+03 -0.14927678103476E+03 -0.13418312995871E+04 -0.31048342173435E+04 -0.11465690033404E+04 -0.34145456594537E+04
   0.98999992979253E+06 -0.12555025628893E+06  0.28067549310701E+05  0.36333457333507E+06 -0.33377786433678E+05  0.11065864328803E+06  0.60964469335638E+05  0.53973453945142E+07 -0.24117975796205E+07 -0.89602507821679E+05  0.25974559830119E+05  0.26664671143872E+05  0.18033656364596E+04  0.10090116117013E+03  0.89414245668890E+05 -0.11360065273676E+05  0.83542078109759E+05  0.45260622894626E+05 -0.58836364987614E+06  0.43291871250554E+03  0.50085315297733E+06  0.17536063214901E+05  0.57835056437439E+05  0.90974814360364E+05  0.61087411399158E+04  0.22508231242911E+05  0.67446748018252E+05 -0.63196863379898E+05 -0.50687514851399E+05 -0.70482615683965E+05 -0.29603337154815E+06 -0.58147486038670E+06 -0.74021558235143E+05 -0.16664012603589E+06 -0.14135874837589E+04 -0.56786015567366E+04 -0.11163458535861E+05  0.24874858695581E+03  0.25743030097167E+03 -0.27472521404988E+06 -0.87658973720152E+04 -0.14479233400739E+06 -0.17866099244892E+06
  -0.18445043984965E+06  0.26474709706711E+05 -0.50802482234175E+04 -0.27923353110637E+05  0.51238388039021E+03 -0.10468894063665E+05 -0.34693572399598E+04 -0.24117975796205E+07  0.19296050969045E+07  0.19510332782314E+05 -0.64067911198977E+04 -0.55973371814864E+04 -0.30916586295560E+03 -0.14225140390695E+02  0.48011668459015E+05 -0.22251898857051E+04  0.14747814784337E+05  0.70606929068238E+04 -0.25967651578213E+05 -0.96800931369735E+02 -0.67302106437819E+04 -0.33764587293523E+04 -0.11763950011373E+05 -0.16986030587364E+05 -0.12241908394862E+04 -0.46939489439611E+04 -0.12332405058102E+05  0.11581437427735E+05  0.10948902820162E+05  0.24761388252227E+05  0.67196332435822E+05  0.12765723996727E+06  0.22914351684987E+05  0.51664206557927E+05  0.19138507730925E+03  0.59858382891982E+03  0.12106419680031E+04 -0.12515791581558E+04 -0.69515676227045E+03  0.11315608315841E+06  0.15657313044138E+04  0.45310918275056E+05  0.55376996395689E+05
  -0.50176303761912E+05  0.73939718748792E+04 -0.16668097831583E+04 -0.18351230101506E+05  0.23612416595642E+04 -0.45687308950447E+04 -0.32532533902612E+04 -0.89602507821679E+05  0.19510332782314E+05  0.26644622399232E+04 -0.61338777658759E+03 -0.66350006347254E+03 -0.58924836619222E+02 -0.18061054430693E+01 -0.40347030007628E+04  0.49383717934492E+03 -0.32931532574172E+04 -0.18665714460383E+04  0.56533106461059E+05 -0.12090722682666E+02 -0.44790536905904E+05 -0.78821693452593E+03 -0.24373816249053E+04 -0.42482186304335E+04 -0.26195162930340E+03 -0.92520071381261E+03 -0.32773596717523E+04  0.27571546963408E+04  0.19032176749209E+04  0.73819966180540E+03  0.11041371087105E+05  0.22929481118287E+05  0.14968874959468E+04  0.33102851856292E+04  0.43789839756797E+02  0.55369751335693E+03  0.10517692808633E+04  0.12959047149811E+03  0.57773908879278E+02  0.31432477577998E+04  0.43500141663503E+03  0.28416890897354E+04  0.35927168070731E+04
   0.72952331811831E+04 -0.87560726111642E+03  0.21025633004901E+03  0.31801363017970E+04 -0.31703145050878E+03  0.94938722101970E+03  0.55074553332459E+03  0.25974559830119E+05 -0.64067911198977E+04 -0.61338777658759E+03  0.16564508005792E+03  0.18601452919752E+03  0.13587739151622E+02  0.67075785309475E+00  0.12216997147410E+04 -0.13556862419932E+03  0.96401845010782E+03  0.52486233492815E+03 -0.60093761142586E+04  0.29820350590845E+01  0.46600054311011E+04  0.12520941380637E+03  0.40559038943137E+03  0.65546413442056E+03  0.43049683617084E+02  0.15637859243766E+03  0.48829533568669E+03 -0.46071144486161E+03 -0.34769856451595E+03 -0.33403783477201E+03 -0.19896881339990E+04 -0.39565809236260E+04 -0.41587135954720E+03 -0.93654046606210E+03 -0.10786450987895E+02 -0.44458951440813E+02 -0.87244597291514E+02 -0.13071555268402E+02 -0.61517109074018E+01 -0.11290172042199E+04 -0.63790406358969E+02 -0.81158534478053E+03 -0.10086285735472E+04
   0.15413941376996E+05 -0.12041459529502E+04  0.41861310916503E+03 -0.13989897210384E+04 -0.20374955284830E+02 -0.71454161809086E+03 -0.23290016065426E+03  0.26664671143872E+05 -0.55973371814864E+04 -0.66350006347254E+03  0.18601452919752E+03  0.15776936164970E+04  0.10508442719890E+03 -0.11371631474477E+01  0.13770145332427E+04 -0.19342659276273E+03  0.13681765340435E+04  0.79335145530753E+03 -0.60497213136846E+04 -0.48170855765220E+01  0.21944448339081E+04  0.14214755445061E+02  0.19516061146517E+03 -0.35966815538602E+03 -0.20764654082972E+02 -0.86896783550267E+02 -0.20106690892295E+03 -0.11181920269826E+04 -0.75660270968100E-01 -0.68901206923748E+03 -0.49868735719415E+04 -0.16558279526192E+02 -0.22540545690226E+04 -0.69216813045175E+02 -0.77733695559174E+02 -0.20415317167592E+00  0.34608747446506E-02 -0.17062012371134E+01 -0.73073123611880E+00  0.29355970259120E+03  0.30437064640360E+03 -0.26786750050389E+04 -0.46224222959609E+01
   0.17299435968956E+04 -0.13981154426469E+03  0.53276270425856E+02 -0.15093307866101E+03  0.50704232370320E+01 -0.67259418864506E+02 -0.27064507245939E+02  0.18033656364596E+04 -0.30916586295560E+03 -0.58924836619222E+02  0.13587739151622E+02  0.10508442719890E+03  0.95159297445596E+01 -0.17055809208711E+00  0.77177022490794E+02 -0.13002338591078E+02  0.81030099406333E+02  0.51233598097557E+02 -0.28949227316446E+03 -0.42293618593781E+00 -0.88810119696832E+02  0.32039237761298E+01  0.24306702526919E+02 -0.42162716985308E+02 -0.23651716500014E+01 -0.90696794591367E+01 -0.17901811305043E+02 -0.16455701243155E+03 -0.98034623655868E-02 -0.27121879231382E+02 -0.58677975829761E+03 -0.18483994618827E+01 -0.14206711883018E+03 -0.18151528032503E+02 -0.63191084753417E+01 -0.14589001456217E+00  0.23030839284532E-02 -0.18055251064236E+00 -0.70107602957525E-01  0.28996037479823E+02  0.68018321000252E+02 -0.19415581773411E+03 -0.35821971594349E+00
  -0.10774296104495E+03  0.12910770332413E+02 -0.40991620466808E+01  0.55909933090059E+02 -0.49814790837851E+01  0.18955142013279E+02  0.99490111164478E+01  0.10090116117013E+03 -0.14225140390695E+02 -0.18061054430693E+01  0.67075785309475E+00 -0.11371631474477E+01 -0.17055809208711E+00  0.50561416906068E-01  0.14422656558565E+02 -0.11196402717587E+01  0.87904376643476E+01  0.41479599132228E+01 -0.81227107554733E+02  0.29829060468969E-01  0.78203534871600E+02  0.34298354025856E+00  0.88537318556791E+00  0.31383681621288E+01  0.13198815921268E+00  0.43717949562543E+00  0.20841109510095E+01  0.69551813487237E-01 -0.26747268577723E-04 -0.60882980211383E+01 -0.79477348659843E+00 -0.20400338629161E-02 -0.32434022265445E+01 -0.16420543687995E-04 -0.14012777645425E+00  0.11344688838003E-12 -0.50383293991136E-12 -0.16837363243263E-02 -0.92465276949736E-03 -0.15832537213009E+01  0.47763966416157E-04 -0.31825253570282E+01 -0.36800781891314E-02
   0.97734883820503E+04  0.64183306723214E+03 -0.27576503291926E+03  0.31011934942497E+05 -0.26029631993553E+04  0.94848842313023E+04  0.48722557397440E+04  0.89414245668890E+05  0.48011668459015E+05 -0.40347030007628E+04  0.12216997147410E+04  0.13770145332427E+04  0.77177022490794E+02  0.14422656558565E+02  0.49649145509137E+05 -0.46315219197440E+04  0.33595253634888E+05  0.17522932690333E+05 -0.55255152640062E+05  0.15296891455127E+01 -0.14724366345742E+05 -0.13503868518458E+03 -0.41880845781769E+03 -0.41062468797589E+03 -0.43024592038545E+02 -0.15087404080017E+03 -0.41822375303097E+03 -0.27083076885813E+04 -0.17768031256964E+04 -0.24888347008445E+04  0.20133482216145E+04  0.43496670468610E+04 -0.14796024536060E+04 -0.29357434167843E+04 -0.72807919931106E+03  0.23603937780136E+03  0.42413420652757E+03 -0.28691543062370E+04 -0.15246273967001E+04 -0.23931439280415E+04  0.19380423174443E+03 -0.89856707227993E+03 -0.10129641358951E+04
  -0.21778285284706E+04 -0.52934081885004E+02 -0.79845295394079E+01 -0.37774378497153E+04  0.32193691308594E+03 -0.11863135293394E+04 -0.61803353080392E+03 -0.11360065273676E+05 -0.22251898857051E+04  0.49383717934492E+03 -0.13556862419932E+03 -0.19342659276273E+03 -0.13002338591078E+02 -0.11196402717587E+01 -0.46315219197440E+04  0.50245618609232E+03 -0.35478720539956E+04 -0.19276500720471E+04  0.64867543902862E+04 -0.78229835426451E+00  0.22678460691659E+04  0.14244203625545E+02  0.39490519326242E+02  0.23832125618417E+02  0.42676022626146E+01  0.14429783365517E+02  0.46260240495441E+02  0.49997373288868E+03  0.31332139241886E+03  0.28790885179071E+03 -0.16582635082045E+03 -0.50166304895945E+03  0.15369838475247E+03  0.30391724285220E+03  0.80744977226259E+02 -0.63426798435769E+02 -0.11245890619684E+03  0.43710539079217E+03  0.21638894041040E+03 -0.30473896780606E+03 -0.34977009522451E+02  0.25088397895569E+03  0.28124233992102E+03
   0.10510640836296E+05  0.13460843246471E+03 -0.12466824962986E+03  0.25101492775693E+05 -0.20525087099473E+04  0.77744070258214E+04  0.38816129219634E+04  0.83542078109759E+05  0.14747814784337E+05 -0.32931532574172E+04  0.96401845010782E+03  0.13681765340435E+04  0.81030099406333E+02  0.87904376643476E+01  0.33595253634888E+05 -0.35478720539956E+04  0.25614462121674E+05  0.13729677082062E+05 -0.45063621903336E+05 -0.27812857050967E+00 -0.13674392992006E+05 -0.14978646860161E+03 -0.44838028237309E+03 -0.49207366923952E+03 -0.49157640877702E+02 -0.16261109037929E+03 -0.41807467577998E+03 -0.23384703351214E+04 -0.15221675419605E+04 -0.23732942976374E+04  0.20378509483381E+04  0.42094771621894E+04 -0.11793327966708E+04 -0.23468833936916E+04 -0.57120168405922E+03  0.57090505868305E+02  0.11365958161038E+03 -0.23680246913666E+04 -0.12837804668588E+04  0.98906163424819E+03  0.19639782362266E+03 -0.14595099008513E+04 -0.16241596319694E+04
   0.75346849187344E+04  0.75435246170967E+02 -0.37049075999229E+01  0.14097773805768E+05 -0.11682133710482E+04  0.44307280046652E+04  0.22405725254070E+04  0.45260622894626E+05  0.70606929068238E+04 -0.18665714460383E+04  0.52486233492815E+03  0.79335145530753E+03  0.51233598097557E+02  0.41479599132228E+01  0.17522932690333E+05 -0.19276500720471E+04  0.13729677082062E+05  0.74663981701845E+04 -0.25113382620502E+05  0.10945654903343E+01 -0.85613424107642E+04 -0.80653973097938E+02 -0.22819238003787E+03 -0.22208705449963E+03 -0.25958136666514E+02 -0.83393288050156E+02 -0.22276845802705E+03 -0.16708462471609E+04 -0.10537399367310E+04 -0.11961379927336E+04  0.95957732067189E+03  0.23199038775911E+04 -0.59825354099863E+03 -0.11917375084293E+04 -0.31529511862505E+03  0.89773987671693E+02  0.16712755822885E+03 -0.15369805570013E+04 -0.79877683402368E+03  0.12411937210912E+04  0.14149232647818E+03 -0.10381287469789E+04 -0.11552429740747E+04
  -0.78118770122849E+07  0.26123737494100E+07 -0.30094352496576E+06 -0.22768395544195E+07  0.48606012692344E+06 -0.43925075888902E+05 -0.23894456738337E+06 -0.58836364987614E+06 -0.25967651578213E+05  0.56533106461059E+05 -0.60093761142586E+04 -0.60497213136846E+04 -0.28949227316446E+03 -0.81227107554733E+02 -0.55255152640062E+05  0.64867543902862E+04 -0.45063621903336E+05 -0.25113382620502E+05  0.33787726627991E+08  0.58817830500082E+04 -0.14031496725698E+08 -0.10029297161325E+06 -0.32776268257346E+06 -0.85805581960922E+06 -0.28333798692508E+05 -0.12104438136618E+06 -0.69659657289868E+06  0.34305578142980E+05  0.76236376074744E+05 -0.12134506808981E+04  0.56858039392492E+06  0.27957423122221E+07  0.17157903259854E+05  0.31530253152176E+05  0.21238291397928E+03  0.18514808510277E+06  0.81630106481383E+06  0.24424504038063E+05  0.76879455826316E+04 -0.18465077017074E+05  0.44792928558237E+05  0.20683895752846E+05  0.64302782660724E+05
  -0.12001820092137E+04  0.50281035703266E+03 -0.47542648607335E+02 -0.14514034005063E+03  0.51138339073973E+02  0.61560979326570E+02  0.10355226764989E+02  0.43291871250554E+03 -0.96800931369735E+02 -0.12090722682666E+02  0.29820350590845E+01 -0.48170855765220E+01 -0.42293618593781E+00  0.29829060468969E-01  0.15296891455127E+01 -0.78229835426451E+00 -0.27812857050967E+00  0.10945654903343E+01  0.58817830500082E+04  0.21175495713333E+01 -0.25234609390970E+04 -0.12210704712181E+02 -0.42747547812048E+02 -0.13631041290042E+03 -0.15826018608213E+01 -0.12137172147530E+02 -0.10725767614038E+03  0.00000000000000E+00 -0.31818107520822E+02  0.00000000000000E+00  0.00000000000000E+00  0.28656021618585E+03  0.00000000000000E+00 -0.63978667965146E+01  0.00000000000000E+00  0.00000000000000E+00  0.19330045071487E+03  0.00000000000000E+00  0.00000000000000E+00  0.00000000000000E+00  0.16385491192111E+02  0.00000000000000E+00 -0.32467378512512E+02
   0.43301697467353E+07 -0.12405046996467E+07  0.16442419741034E+06  0.12044204722054E+07 -0.24730587815837E+06  0.65103517120175E+05  0.15096643859456E+06  0.50085315297733E+06 -0.67302106437819E+04 -0.44790536905904E+05  0.46600054311011E+04  0.21944448339081E+04 -0.88810119696832E+02  0.78203534871600E+02 -0.14724366345742E+05  0.22678460691659E+04 -0.13674392992006E+05 -0.85613424107642E+04 -0.14031496725698E+08 -0.25234609390970E+04  0.10165759808837E+08  0.92367383416463E+05  0.27160534208819E+06  0.71670848042780E+06  0.25783149775593E+05  0.98880896476557E+05  0.52699859406423E+06  0.00000000000000E+00 -0.90343983301321E+05  0.00000000000000E+00  0.00000000000000E+00 -0.22388630230061E+07  0.00000000000000E+00  0.21439646409539E+05  0.00000000000000E+00  0.00000000000000E+00 -0.46636468000490E+06  0.00000000000000E+00  0.00000000000000E+00  0.00000000000000E+00  0.66498777821246E+05  0.00000000000000E+00 -0.75282973068710E+05
   0.33693035603060E+05 -0.66074203383461E+04  0.12340376625630E+04  0.12397045128506E+05 -0.22946071775481E+04  0.13853357005168E+04  0.18333739162357E+04  0.17536063214901E+05 -0.33764587293523E+04 -0.78821693452593E+03  0.12520941380637E+03  0.14214755445061E+02  0.32039237761298E+01  0.34298354025856E+00 -0.13503868518458E+03  0.14244203625545E+02 -0.14978646860161E+03 -0.80653973097938E+02 -0.10029297161325E+06 -0.12210704712181E+02  0.92367383416463E+05  0.11427999197686E+04  0.31385793351342E+04  0.79027303620947E+04  0.29883894263467E+03  0.10779266100466E+04  0.52821077485897E+04 -0.46607287561555E+02 -0.12958412842036E+04  0.43005777811170E+01  0.58163768297650E+03 -0.25545764654997E+05  0.00000000000000E+00 -0.84970502328372E+02  0.00000000000000E+00  0.20675177046015E+04 -0.30265040674721E+04  0.00000000000000E+00  0.00000000000000E+00  0.00000000000000E+00  0.12218428437238E+04 -0.31104523443521E+03 -0.16436347986737E+04
   0.11977282831343E+06 -0.27228802580221E+05  0.43954133096382E+04  0.36636481707268E+05 -0.68013550255621E+04  0.39206612851924E+04  0.52684557946996E+04  0.57835056437439E+05 -0.11763950011373E+05 -0.24373816249053E+04  0.40559038943137E+03  0.19516061146517E+03  0.24306702526919E+02  0.88537318556791E+00 -0.41880845781769E+03  0.39490519326242E+02 -0.44838028237309E+03 -0.22819238003787E+03 -0.32776268257346E+06 -0.42747547812048E+02  0.27160534208819E+06  0.31385793351342E+04  0.90693372542036E+04  0.21793389080185E+05  0.85098657351863E+03  0.31336572083340E+04  0.15429703799188E+05 -0.15268322938765E+03 -0.34324300999820E+04 -0.19391628277342E+02 -0.58416652344805E+04 -0.74161142506316E+05  0.00000000000000E+00 -0.22396527673409E+03  0.00000000000000E+00  0.30675173521149E+04 -0.10136612183339E+05  0.00000000000000E+00  0.00000000000000E+00  0.00000000000000E+00  0.35547040202999E+04 -0.17910153745720E+04 -0.48984106653899E+04
   0.21269487448019E+06 -0.54276848382237E+05  0.79382074061315E+04  0.86278625677431E+05 -0.16527331119603E+05  0.77187339527677E+04  0.11805138592378E+05  0.90974814360364E+05 -0.16986030587364E+05 -0.42482186304335E+04  0.65546413442056E+03 -0.35966815538602E+03 -0.42162716985308E+02  0.31383681621288E+01 -0.41062468797589E+03  0.23832125618417E+02 -0.49207366923952E+03 -0.22208705449963E+03 -0.85805581960922E+06 -0.13631041290042E+03  0.71670848042780E+06  0.79027303620947E+04  0.21793389080185E+05  0.62006287416182E+05  0.21320275936903E+04  0.79105851505054E+04  0.40136566942562E+05  0.23755444774506E+03 -0.10761863372014E+05 -0.45911397545237E+01  0.37289590304899E+05 -0.18013376845669E+06  0.00000000000000E+00 -0.71991082893429E+03  0.00000000000000E+00  0.16286854628006E+05 -0.26666602987242E+05  0.00000000000000E+00  0.00000000000000E+00  0.00000000000000E+00  0.58568153996205E+04  0.14798766770724E+04 -0.11421206341212E+05
   0.11637782711805E+05 -0.26769182029297E+04  0.43032359454047E+03  0.39491765543798E+04 -0.69004454420575E+03  0.55023916905640E+03  0.62216772753025E+03  0.61087411399158E+04 -0.12241908394862E+04 -0.26195162930340E+03  0.43049683617084E+02 -0.20764654082972E+02 -0.23651716500014E+01  0.13198815921268E+00 -0.43024592038545E+02  0.42676022626146E+01 -0.49157640877702E+02 -0.25958136666514E+02 -0.28333798692508E+05 -0.15826018608213E+01  0.25783149775593E+05  0.29883894263467E+03  0.85098657351863E+03  0.21320275936903E+04  0.10001814536079E+03  0.35191808363256E+03  0.15120486185869E+04  0.00000000000000E+00 -0.41002342531119E+03  0.00000000000000E+00  0.00000000000000E+00 -0.81813084985330E+04  0.00000000000000E+00 -0.26584420810309E+02  0.00000000000000E+00  0.00000000000000E+00 -0.54331485274285E+03  0.00000000000000E+00  0.00000000000000E+00  0.00000000000000E+00  0.26023682119502E+02  0.00000000000000E+00 -0.61360736808325E+03
   0.45278619625225E+05 -0.11256326398727E+05  0.16809964758057E+04  0.14411566039040E+05 -0.25712671220155E+04  0.18173684259079E+04  0.21537980160648E+04  0.22508231242911E+05 -0.46939489439611E+04 -0.92520071381261E+03  0.15637859243766E+03 -0.86896783550267E+02 -0.90696794591367E+01  0.43717949562543E+00 -0.15087404080017E+03  0.14429783365517E+02 -0.16261109037929E+03 -0.83393288050156E+02 -0.12104438136618E+06 -0.12137172147530E+02  0.98880896476557E+05  0.10779266100466E+04  0.31336572083340E+04  0.79105851505054E+04  0.35191808363256E+03  0.12912041954738E+04  0.56655244603082E+04  0.00000000000000E+00 -0.13045764414409E+04  0.00000000000000E+00  0.00000000000000E+00 -0.29617179740346E+05  0.00000000000000E+00 -0.84165107931097E+02  0.00000000000000E+00  0.00000000000000E+00 -0.33406590916095E+04  0.00000000000000E+00  0.00000000000000E+00  0.00000000000000E+00 -0.27553431834379E+02  0.00000000000000E+00 -0.22635108469738E+04
   0.23304264361611E+06 -0.63782068871917E+05  0.87835516004866E+04  0.64549274344401E+05 -0.12652523975850E+05  0.49024309318730E+04  0.84345817921467E+04  0.67446748018252E+05 -0.12332405058102E+05 -0.32773596717523E+04  0.48829533568669E+03 -0.20106690892295E+03 -0.17901811305043E+02  0.20841109510095E+01 -0.41822375303097E+03  0.46260240495441E+02 -0.41807467577998E+03 -0.22276845802705E+03 -0.69659657289868E+06 -0.10725767614038E+03  0.52699859406423E+06  0.52821077485897E+04  0.15429703799188E+05  0.40136566942562E+05  0.15120486185869E+04  0.56655244603082E+04  0.29746525961802E+05  0.00000000000000E+00 -0.73854379482025E+04  0.00000000000000E+00  0.00000000000000E+00 -0.12817268156881E+06  0.00000000000000E+00 -0.49404041753829E+03  0.00000000000000E+00  0.00000000000000E+00 -0.21096154254114E+05  0.00000000000000E+00  0.00000000000000E+00  0.00000000000000E+00  0.79146066907714E+04  0.00000000000000E+00 -0.78657439388944E+04
  -0.13223410953502E+06  0.16789663419920E+05 -0.46815245761134E+04 -0.12874569615250E+05  0.19978237355761E+04 -0.27290546851417E+04 -0.24556442268982E+04 -0.63196863379898E+05  0.11581437427735E+05  0.27571546963408E+04 -0.46071144486161E+03 -0.11181920269826E+04 -0.16455701243155E+03  0.69551813487237E-01 -0.27083076885813E+04  0.49997373288868E+03 -0.23384703351214E+04 -0.16708462471609E+04  0.34305578142980E+05  0.00000000000000E+00  0.00000000000000E+00 -0.46607287561555E+02 -0.15268322938765E+03  0.23755444774506E+03  0.00000000000000E+00  0.00000000000000E+00  0.00000000000000E+00  0.11695991250750E+06  0.00000000000000E+00  0.00000000000000E+00  0.00000000000000E+00  0.00000000000000E+00  0.00000000000000E+00  0.00000000000000E+00  0.00000000000000E+00  0.00000000000000E+00  0.00000000000000E+00  0.00000000000000E+00  0.00000000000000E+00  0.00000000000000E+00  0.00000000000000E+00  0.00000000000000E+00  0.00000000000000E+00
  -0.56064455258047E+05  0.82877582483252E+04 -0.19863058752447E+04 -0.21334814338347E+05  0.33586942760677E+04 -0.41878984426280E+04 -0.38485076153334E+04 -0.50687514851399E+05  0.10948902820162E+05  0.19032176749209E+04 -0.34769856451595E+03 -0.75660270968100E-01 -0.98034623655868E-02 -0.26747268577723E-04 -0.17768031256964E+04  0.31332139241886E+03 -0.15221675419605E+04 -0.10537399367310E+04  0.76236376074744E+05 -0.31818107520822E+02 -0.90343983301321E+05 -0.12958412842036E+04 -0.34324300999820E+04 -0.10761863372014E+05 -0.41002342531119E+03 -0.13045764414409E+04 -0.73854379482025E+04  0.00000000000000E+00  0.64955008342395E+05  0.00000000000000E+00  0.00000000000000E+00  0.00000000000000E+00  0.00000000000000E+00  0.00000000000000E+00  0.00000000000000E+00  0.00000000000000E+00  0.00000000000000E+00  0.00000000000000E+00  0.00000000000000E+00  0.00000000000000E+00  0.00000000000000E+00  0.00000000000000E+00  0.00000000000000E+00
  -0.52646809369622E+04 -0.19430191190794E+03  0.18563331157868E+02 -0.69668426260385E+02 -0.57113375326340E+02  0.15099227118590E+03  0.13725417439931E+03 -0.70482615683965E+05  0.24761388252227E+05  0.73819966180540E+03 -0.33403783477201E+03 -0.68901206923748E+03 -0.27121879231382E+02 -0.60882980211383E+01 -0.24888347008445E+04  0.28790885179071E+03 -0.23732942976374E+04 -0.11961379927336E+04 -0.12134506808981E+04  0.00000000000000E+00  0.00000000000000E+00  0.43005777811170E+01 -0.19391628277342E+02 -0.45911397545237E+01  0.00000000000000E+00  0.00000000000000E+00  0.00000000000000E+00  0.00000000000000E+00  0.00000000000000E+00  0.30805815048170E+05  0.00000000000000E+00  0.00000000000000E+00  0.00000000000000E+00  0.00000000000000E+00  0.00000000000000E+00  0.00000000000000E+00  0.00000000000000E+00  0.00000000000000E+00  0.00000000000000E+00  0.00000000000000E+00  0.00000000000000E+00  0.00000000000000E+00  0.00000000000000E+00
  -0.86883496690409E+06  0.21059311508581E+06 -0.31905262895077E+05 -0.66391795016273E+05  0.11776973585138E+05 -0.84018009556947E+04 -0.98014413976111E+04 -0.29603337154815E+06  0.67196332435822E+05  0.11041371087105E+05 -0.19896881339990E+04 -0.49868735719415E+04 -0.58677975829761E+03 -0.79477348659843E+00  0.20133482216145E+04 -0.16582635082045E+03  0.20378509483381E+04  0.95957732067189E+03  0.56858039392492E+06  0.00000000000000E+00  0.00000000000000E+00  0.58163768297650E+03 -0.58416652344805E+04  0.37289590304899E+05  0.00000000000000E+00  0.00000000000000E+00  0.00000000000000E+00  0.00000000000000E+00  0.00000000000000E+00  0.00000000000000E+00  0.58089498266225E+06  0.00000000000000E+00  0.00000000000000E+00  0.00000000000000E+00  0.00000000000000E+00  0.00000000000000E+00  0.00000000000000E+00  0.00000000000000E+00  0.00000000000000E+00  0.00000000000000E+00  0.00000000000000E+00  0.00000000000000E+00  0.00000000000000E+00
  -0.11261481818452E+07  0.26591105286246E+06 -0.41533599405176E+05 -0.34488248185899E+06  0.62504573515348E+05 -0.41025797862908E+05 -0.51105877935412E+05 -0.58147486038670E+06  0.12765723996727E+06  0.22929481118287E+05 -0.39565809236260E+04 -0.16558279526192E+02 -0.18483994618827E+01 -0.20400338629161E-02  0.43496670468610E+04 -0.50166304895945E+03  0.42094771621894E+04  0.23199038775911E+04  0.27957423122221E+07  0.28656021618585E+03 -0.22388630230061E+07 -0.25545764654997E+05 -0.74161142506316E+05 -0.18013376845669E+06 -0.81813084985330E+04 -0.29617179740346E+05 -0.12817268156881E+06  0.00000000000000E+00  0.00000000000000E+00  0.00000000000000E+00  0.00000000000000E+00  0.92203567256436E+06  0.00000000000000E+00  0.00000000000000E+00  0.00000000000000E+00  0.00000000000000E+00  0.00000000000000E+00  0.00000000000000E+00  0.00000000000000E+00  0.00000000000000E+00  0.00000000000000E+00  0.00000000000000E+00  0.00000000000000E+00
  -0.20980340396689E+05  0.57472623053435E+04 -0.80017024379843E+03 -0.13691941746200E+04  0.32019758098992E+03  0.14831528347817E+02 -0.15368212808515E+03 -0.74021558235143E+05  0.22914351684987E+05  0.14968874959468E+04 -0.41587135954720E+03 -0.22540545690226E+04 -0.14206711883018E+03 -0.32434022265445E+01 -0.14796024536060E+04  0.15369838475247E+03 -0.11793327966708E+04 -0.59825354099863E+03  0.17157903259854E+05  0.00000000000000E+00  0.00000000000000E+00  0.00000000000000E+00  0.00000000000000E+00  0.00000000000000E+00  0.00000000000000E+00  0.00000000000000E+00  0.00000000000000E+00  0.00000000000000E+00  0.00000000000000E+00  0.00000000000000E+00  0.00000000000000E+00  0.00000000000000E+00  0.14300653550409E+05  0.00000000000000E+00  0.00000000000000E+00  0.00000000000000E+00  0.00000000000000E+00  0.00000000000000E+00  0.00000000000000E+00  0.00000000000000E+00  0.00000000000000E+00  0.00000000000000E+00  0.00000000000000E+00
  -0.47565555318820E+05  0.13199168815022E+05 -0.18210678489679E+04 -0.24966602726576E+04  0.56359013853974E+03 -0.72371273615007E+01 -0.27292800527898E+03 -0.16664012603589E+06  0.51664206557927E+05  0.33102851856292E+04 -0.93654046606210E+03 -0.69216813045175E+02 -0.18151528032503E+02 -0.16420543687995E-04 -0.29357434167843E+04  0.30391724285220E+03 -0.23468833936916E+04 -0.11917375084293E+04  0.31530253152176E+05 -0.63978667965146E+01  0.21439646409539E+05 -0.84970502328372E+02 -0.22396527673409E+03 -0.71991082893429E+03 -0.26584420810309E+02 -0.84165107931097E+02 -0.49404041753829E+03  0.00000000000000E+00  0.00000000000000E+00  0.00000000000000E+00  0.00000000000000E+00  0.00000000000000E+00  0.00000000000000E+00  0.31408511500036E+05  0.00000000000000E+00  0.00000000000000E+00  0.00000000000000E+00  0.00000000000000E+00  0.00000000000000E+00  0.00000000000000E+00  0.00000000000000E+00  0.00000000000000E+00  0.00000000000000E+00
  -0.32091608801956E+04  0.42292574145079E+03 -0.10097943402670E+03 -0.70933705581824E+02  0.89722770845620E+01 -0.18711051998613E+02 -0.13079864820247E+02 -0.14135874837589E+04  0.19138507730925E+03  0.43789839756797E+02 -0.10786450987895E+02 -0.77733695559174E+02 -0.63191084753417E+01 -0.14012777645425E+00 -0.72807919931106E+03  0.80744977226259E+02 -0.57120168405922E+03 -0.31529511862505E+03  0.21238291397928E+03  0.00000000000000E+00  0.00000000000000E+00  0.00000000000000E+00  0.00000000000000E+00  0.00000000000000E+00  0.00000000000000E+00  0.00000000000000E+00  0.00000000000000E+00  0.00000000000000E+00  0.00000000000000E+00  0.00000000000000E+00  0.00000000000000E+00  0.00000000000000E+00  0.00000000000000E+00  0.00000000000000E+00  0.37995766156482E+04  0.00000000000000E+00  0.00000000000000E+00  0.00000000000000E+00  0.00000000000000E+00  0.00000000000000E+00  0.00000000000000E+00  0.00000000000000E+00  0.00000000000000E+00
  -0.20495718289488E+06  0.63911707845420E+05 -0.79237143071078E+04 -0.11784757895844E+05  0.28946374834789E+04  0.46868567883740E+03 -0.97419041522979E+03 -0.56786015567366E+04  0.59858382891982E+03  0.55369751335693E+03 -0.44458951440813E+02 -0.20415317167592E+00 -0.14589001456217E+00  0.11344688838003E-12  0.23603937780136E+03 -0.63426798435769E+02  0.57090505868305E+02  0.89773987671693E+02  0.18514808510277E+06  0.00000000000000E+00  0.00000000000000E+00  0.20675177046015E+04  0.30675173521149E+04  0.16286854628006E+05  0.00000000000000E+00  0.00000000000000E+00  0.00000000000000E+00  0.00000000000000E+00  0.00000000000000E+00  0.00000000000000E+00  0.00000000000000E+00  0.00000000000000E+00  0.00000000000000E+00  0.00000000000000E+00  0.00000000000000E+00  0.10628515831873E+06  0.00000000000000E+00  0.00000000000000E+00  0.00000000000000E+00  0.00000000000000E+00  0.00000000000000E+00  0.00000000000000E+00  0.00000000000000E+00
  -0.23094773793525E+06  0.71494600984853E+05 -0.89112903454639E+04 -0.53207955706190E+05  0.12882739335570E+05  0.17729850636275E+04 -0.45538284499553E+04 -0.11163458535861E+05  0.12106419680031E+04  0.10517692808633E+04 -0.87244597291514E+02  0.34608747446506E-02  0.23030839284532E-02 -0.50383293991136E-12  0.42413420652757E+03 -0.11245890619684E+03  0.11365958161038E+03  0.16712755822885E+03  0.81630106481383E+06  0.19330045071487E+03 -0.46636468000490E+06 -0.30265040674721E+04 -0.10136612183339E+05 -0.26666602987242E+05 -0.54331485274285E+03 -0.33406590916095E+04 -0.21096154254114E+05  0.00000000000000E+00  0.00000000000000E+00  0.00000000000000E+00  0.00000000000000E+00  0.00000000000000E+00  0.00000000000000E+00  0.00000000000000E+00  0.00000000000000E+00  0.00000000000000E+00  0.13868917327266E+06  0.00000000000000E+00  0.00000000000000E+00  0.00000000000000E+00  0.00000000000000E+00  0.00000000000000E+00  0.00000000000000E+00
