# fitpack15: fit parameters                                                                         
# CJ15 AV18 final data choices                                                                      
# Created on 01/15/2020 at 22:33:42                                                                 

 # QCD setup
  INS                           0
  NVL                          11
  IORD                          1
  Q02                   1.6899999999999999     
  IPARAMC                       7
  FLAVOR                4.0000000000000000     
  xmc                   1.3000000000000000     
  xmb                   4.5000000000000000     
  ncb                          12
  ihq                           1
  ias                           0

 # Theory corrections
  inuke                     10814
  itmc                          1
  iht                           1

 # fit parameters
 LAMBDA       0.22680        0.0000    
 a0uv          1.9565        0.0000    
 a1uv         0.56875       0.23548E-01
 a2uv          3.5569       0.11689E-01
 a3uv          0.0000        0.0000    
 a4uv          4.5628       0.62896    
 a5uv          0.0000        0.0000    
 a0dv          24.944        0.0000    
 a1dv          1.1562       0.33280E-01
 a2dv          6.6250       0.15972    
 a3dv         -3.5580       0.85310E-01
 a4dv          4.7880       0.13984    
 a5dv          0.0000        0.0000    
 a0ud         0.14192       0.49833E-02
 a1ud        -0.21088       0.38213E-02
 a2ud          8.4295       0.18936    
 a3ud          0.0000        0.0000    
 a4ud          15.815        1.3090    
 a5ud          0.0000        0.0000    
 a0du          35712.        0.0000    
 a1du          4.0850       0.85762E-01
 a2du          20.137       0.95852    
 a3du          17.000        0.0000    
 a4du          53.359        11.938    
 a0g           47.181        0.0000    
 a1g          0.60890       0.32457E-01
 a2g           6.7645       0.96490    
 a3g          -3.3776       0.14580    
 a4g           3.3791       0.37086    
 a5g           0.0000        0.0000    
 kappa        0.40000        0.0000    
 a6dv        -0.39646E-02   0.67584E-03
 a7dv          2.0000        0.0000    
 off1         -2.5834        1.7997    
 off2         0.61499E-01   0.38943E-02
 ht1          -3.5525       0.34526    
 ht2           2.0780       0.12484    
 ht3          -2.0492       0.35555E-01
 ht4           0.0000        0.0000    
 ht1n         -3.7102        1.0349    
 ht2n          1.9931       0.34365    
 ht3n         -2.1358       0.68496E-01
 ht4n          0.0000        0.0000    
 dummy44       0.0000        0.0000    
 dummy45       0.0000        0.0000    
 dummy46       0.0000        0.0000    
 dummy47       0.0000        0.0000    
 dummy48       0.0000        0.0000    
 dummy49       0.0000        0.0000    
 bcdmsh2      0.97004       0.48552E-02
 bcdmsd2      0.99008       0.58568E-02
 ccfr          1.0000        0.0000    
 nutev         1.0000        0.0000    
 zeus         0.97998        0.0000    
 h1            1.0162        0.0000    
 e605          1.0319        0.0000    
 NmcH2         1.0066       0.71351E-02
 ntv_nu        1.0000        0.0000    
 ntv_nubar     1.0000        0.0000    
 cdf_jet      0.98910        0.0000    
 d0_jet       0.83504        0.0000    
 slac_p        1.0019       0.50402E-02
 slac_d        1.0013       0.53168E-02
 e866pp       0.98205       0.19963E-01
 e866pd       0.97002       0.16411E-01
 d0_gamjet     1.0362       0.16484E-01
 h1b          0.97608        0.0000    
 jlab_p       0.99054       0.62873E-02
 jlab_d       0.97477       0.60272E-02
 blank         1.0000        0.0000    
 d0run2       0.94499       0.14240E-01
 cdfrun2      0.93152       0.17330E-01
 HERA_el       1.0000        0.0000    
 HERA_ps       1.0000        0.0000    
 CDF_Z        0.95927       0.66111E-02
 NmcRat        1.0000        0.0000    
 BNS_F2nd     0.98353       0.12118E-01
 HERMES_F2p   0.99582       0.56762E-02
 HERMES_F2d   0.97754       0.58501E-02
 END 0. 0.

 # Hessian matrix (Bevington alpha)
   0.51961083749225E+07 -0.13318102301603E+07  0.19540714187646E+06  0.50535241137242E+06 -0.12788964738771E+06 -0.29541392490429E+05  0.53133965530261E+05  0.98955585202930E+06 -0.18413518610428E+06 -0.50181742590549E+05  0.73019035745058E+04  0.15360392686045E+05  0.17244163762442E+04 -0.10612999371298E+03  0.97562298422030E+04 -0.21763334628458E+04  0.10484554968479E+05  0.75210128785084E+04 -0.78057902239165E+07 -0.11784797223328E+04  0.36441750940707E+07  0.34015162731745E+05  0.12061711932442E+06  0.21548113446375E+06  0.11753552445834E+05  0.45575142379675E+05  0.23495505279406E+06 -0.13221250753767E+06 -0.56047344621262E+05 -0.52574057893725E+04 -0.86872787931868E+06 -0.11259804007119E+07 -0.20989081872241E+05 -0.47542176396055E+05 -0.32085380681115E+04 -0.20493436519303E+06 -0.23089566621537E+06 -0.92228970881032E+04 -0.32557188183171E+04 -0.18074410112529E+05  0.17177800981521E+05 -0.74355626140424E+05 -0.58635696898196E+05
  -0.13318102301603E+07  0.41650718878298E+06 -0.51163883233835E+05 -0.13763149142563E+06  0.34509086985180E+05  0.10643722915752E+05 -0.11108095369407E+05 -0.12552614351611E+06  0.26437914041502E+05  0.73972169947174E+04 -0.87666625390942E+03 -0.12002424828187E+04 -0.13939918557995E+03  0.12723380678354E+02  0.64499072292862E+03 -0.53387173872168E+02  0.13785405672911E+03  0.77298587426646E+02  0.26105296407456E+07  0.49680512183240E+03 -0.10441279179389E+07 -0.66991769039669E+04 -0.27470539492439E+05 -0.55064279871735E+05 -0.27137793967303E+04 -0.11347069186879E+05 -0.64314474777036E+05  0.16788642761649E+05  0.82859947551295E+04 -0.19499481179371E+03  0.21058879415424E+06  0.26588375173164E+06  0.57503191278020E+04  0.13194184637098E+05  0.42288725544918E+03  0.63910593049326E+05  0.71481913498371E+05  0.24363240006472E+04  0.77145231559846E+03 -0.22144675579263E+04 -0.22642420935887E+04  0.86858113794971E+04  0.72949228520167E+04
   0.19540714187646E+06 -0.51163883233835E+05  0.74021071601322E+04  0.18804307830769E+05 -0.48707949542570E+04 -0.13594824993088E+04  0.19172446124187E+04  0.28070156133717E+05 -0.50721556062307E+04 -0.16681602205638E+04  0.21059791139676E+03  0.41752364743813E+03  0.53141424013564E+02 -0.40317593495868E+01 -0.27659577693155E+03 -0.79086120469193E+01 -0.12532578438670E+03 -0.40597330594268E+01 -0.30093813529306E+06 -0.46757555056604E+02  0.13847772347806E+06  0.12470917518162E+04  0.44305121763962E+04  0.80494072120474E+04  0.43511867809821E+03  0.16936844463402E+04  0.88622671902619E+04 -0.46837699098536E+04 -0.19869964817354E+04  0.18824433122747E+02 -0.31924200946362E+05 -0.41556252919640E+05 -0.80109908637904E+03 -0.18215359182514E+04 -0.10102247238496E+03 -0.79289587557468E+04 -0.89159684027408E+04 -0.34683237588871E+03 -0.12120512074474E+03 -0.65567002044496E+02  0.61334411584172E+03 -0.22248876512359E+04 -0.17958064450361E+04
   0.50535241137242E+06 -0.13763149142563E+06  0.18804307830769E+05  0.40160873896063E+06 -0.62368691408124E+05  0.74181424670880E+05  0.63975530131185E+05  0.36364186662788E+06 -0.28059357587968E+05 -0.18354319306862E+05  0.31841673389440E+04 -0.14001814686277E+04 -0.15077074776375E+03  0.54920899765066E+02  0.31035014176152E+05 -0.37813028467630E+04  0.25100436075895E+05  0.14099894041407E+05 -0.22757794453791E+07 -0.13898901547108E+03  0.10128534671024E+07  0.12488149601746E+05  0.36876741185216E+05  0.87060220524023E+05  0.39764538931234E+04  0.14489131668556E+05  0.65105453693565E+05 -0.12873413805217E+05 -0.21331232563089E+05 -0.69395883950827E+02 -0.66391904491040E+05 -0.34489539127442E+06 -0.13664574878621E+04 -0.24951673832495E+04 -0.70818422879521E+02 -0.11785682345032E+05 -0.53207880564294E+05 -0.24783456197113E+04 -0.96343598039252E+03 -0.98438444205644E+04 -0.15878109610258E+05 -0.72666861757957E+04 -0.21548683030515E+05
  -0.12788964738771E+06  0.34509086985180E+05 -0.48707949542570E+04 -0.62368691408124E+05  0.11429730543541E+05 -0.74293327359301E+04 -0.90992877035554E+04 -0.33413531509148E+05  0.52649017119717E+03  0.23619574415128E+04 -0.31750238618908E+03 -0.19575005241905E+02  0.50920763607921E+01 -0.48866876771680E+01 -0.26049030714847E+04  0.32227144176400E+03 -0.20523787323990E+04 -0.11683863186874E+04  0.48595129455386E+06  0.49923525578283E+02 -0.20804100601209E+06 -0.23133140275459E+04 -0.68510364301556E+04 -0.16688328617746E+05 -0.69668065680511E+03 -0.25895333336639E+04 -0.12766150376587E+05  0.19975638435194E+04  0.33580756578926E+04 -0.57195169006929E+02  0.11779150229096E+05  0.62511165946367E+05  0.31971595973801E+03  0.56342406078180E+03  0.89563130285544E+01  0.28957478457415E+04  0.12885639943591E+05  0.46498039677304E+03  0.17242154046864E+03  0.37199582885326E+03  0.25079848855534E+04  0.81483296490178E+03  0.25151682284528E+04
  -0.29541392490429E+05  0.10643722915752E+05 -0.13594824993088E+04  0.74181424670880E+05 -0.74293327359301E+04  0.24328141720624E+05  0.14518157466676E+05  0.11077934786178E+06 -0.10511748244427E+05 -0.45714014547409E+04  0.95081736366768E+03 -0.71376548486385E+03 -0.67139865230100E+02  0.18622266930198E+02  0.94944835721975E+04 -0.11878495428148E+04  0.77762522225217E+04  0.44326364277025E+04 -0.44432053279588E+05  0.61922747901515E+02  0.54847709209666E+05  0.13932647024013E+04  0.39421885882784E+04  0.77833992726047E+04  0.54980759737425E+03  0.18193117733155E+04  0.49533909126747E+04 -0.27311510926069E+04 -0.41909741678394E+04  0.15125940703484E+03 -0.84134211335701E+04 -0.41100728989591E+05  0.14733414758671E+02 -0.76111204763771E+01 -0.18697644248656E+02  0.46662783474296E+03  0.17616364812699E+04 -0.24421614929756E+03 -0.12612275882775E+03 -0.31617504494034E+04 -0.32535164534060E+04 -0.18575942377871E+04 -0.53396717709583E+04
   0.53133965530261E+05 -0.11108095369407E+05  0.19172446124187E+04  0.63975530131185E+05 -0.90992877035554E+04  0.14518157466676E+05  0.11287409692061E+05  0.61035937932853E+05 -0.34943533787142E+04 -0.32549726799529E+04  0.55161985447170E+03 -0.23318016048069E+03 -0.27038722814737E+02  0.97680030747529E+01  0.48770698553538E+04 -0.61882052865167E+03  0.38824723481479E+04  0.22415154108865E+04 -0.23914303044749E+06  0.11125951822638E+02  0.12702251901001E+06  0.18462863057589E+04  0.53029160629626E+04  0.11914284539588E+05  0.62507165352025E+03  0.21638681180405E+04  0.85147312804653E+04 -0.24566219430666E+04 -0.38498254124799E+04  0.13742785293392E+03 -0.98083271681600E+04 -0.51146569747279E+05 -0.15350406581134E+03 -0.27304556201786E+03 -0.13066249063375E+02 -0.97579096256481E+03 -0.45610229963595E+04 -0.35319878560123E+03 -0.14935573211642E+03 -0.13422905649236E+04 -0.31101793473159E+04 -0.11470248529023E+04 -0.34164330081625E+04
   0.98955585202930E+06 -0.12552614351611E+06  0.28070156133717E+05  0.36364186662788E+06 -0.33413531509148E+05  0.11077934786178E+06  0.61035937932853E+05  0.53965448370494E+07 -0.24113350440240E+07 -0.89580894778238E+05  0.25988656635683E+05  0.26551587140749E+05  0.17965979669945E+04  0.97799750602470E+02  0.89430989440643E+05 -0.11364132867492E+05  0.83481669319557E+05  0.45233897884679E+05 -0.58881682576050E+06  0.43575557080140E+03  0.42140395409597E+06  0.17587825093711E+05  0.57966954127845E+05  0.91432435251803E+05  0.60901465659175E+04  0.22443217717668E+05  0.67806839648905E+05 -0.63208961665944E+05 -0.50659593140539E+05 -0.70513438228336E+05 -0.29609324510055E+06 -0.58142060725152E+06 -0.74060994197067E+05 -0.16658361354350E+06 -0.14151351148375E+04 -0.56852216641436E+04 -0.11172629374830E+05  0.25102184615996E+03  0.25867437686676E+03 -0.27466241276202E+06 -0.87759084750210E+04 -0.14482435456025E+06 -0.17858799476507E+06
  -0.18413518610428E+06  0.26437914041502E+05 -0.50721556062307E+04 -0.28059357587968E+05  0.52649017119717E+03 -0.10511748244427E+05 -0.34943533787142E+04 -0.24113350440240E+07  0.19292081704456E+07  0.19503001236506E+05 -0.64091092782602E+04 -0.55713435856218E+04 -0.30770224199311E+03 -0.13694374857869E+02  0.48041942860248E+05 -0.22272702428896E+04  0.14749985626747E+05  0.70632913465227E+04 -0.25712155380136E+05 -0.96900485205032E+02 -0.57744618575943E+04 -0.33810590981403E+04 -0.11774409579142E+05 -0.17030900232300E+05 -0.12167387572882E+04 -0.46665676938416E+04 -0.12372162058802E+05  0.11582535057812E+05  0.10940037121563E+05  0.24771181223519E+05  0.67200806470354E+05  0.12762157652422E+06  0.22925403931107E+05  0.51638779914325E+05  0.19191777483668E+03  0.59919936846767E+03  0.12114323307797E+04 -0.12523965240506E+04 -0.69557612986082E+03  0.11312572507608E+06  0.15673727950931E+04  0.45316692968455E+05  0.55346516664055E+05
  -0.50181742590549E+05  0.73972169947174E+04 -0.16681602205638E+04 -0.18354319306862E+05  0.23619574415128E+04 -0.45714014547409E+04 -0.32549726799529E+04 -0.89580894778238E+05  0.19503001236506E+05  0.26638301973056E+04 -0.61375083380709E+03 -0.66091504969071E+03 -0.58731343829800E+02 -0.17500599649573E+01 -0.40351828588586E+04  0.49400694874331E+03 -0.32907420898290E+04 -0.18655471879520E+04  0.56532649857155E+05 -0.12326036287452E+02 -0.37671569761014E+05 -0.79185464211609E+03 -0.24468730385271E+04 -0.42798977915963E+04 -0.26215663608963E+03 -0.92599964162877E+03 -0.33011317496945E+04  0.27573929188431E+04  0.19023932211385E+04  0.73828210046096E+03  0.11043445118083E+05  0.22928743377543E+05  0.14974031328477E+04  0.33094098225973E+04  0.43807254371719E+02  0.55431070354758E+03  0.10526082624872E+04  0.12956256705034E+03  0.57753248439451E+02  0.31420125449017E+04  0.43546401908585E+03  0.28419898374617E+04  0.35913232034060E+04
   0.73019035745058E+04 -0.87666625390942E+03  0.21059791139676E+03  0.31841673389440E+04 -0.31750238618908E+03  0.95081736366768E+03  0.55161985447170E+03  0.25988656635683E+05 -0.64091092782602E+04 -0.61375083380709E+03  0.16586864231007E+03  0.18540484686452E+03  0.13552606421513E+02  0.65000820239545E+00  0.12228917787501E+04 -0.13573408386169E+03  0.96414500948830E+03  0.52502537421170E+03 -0.60165079293739E+04  0.30102503066211E+01  0.39236601294715E+04  0.12575721270556E+03  0.40707304900250E+03  0.65984842610937E+03  0.43000502048594E+02  0.15622906134727E+03  0.49167012206625E+03 -0.46123828313006E+03 -0.34784328985852E+03 -0.33433939550588E+03 -0.19919104745684E+04 -0.39599477521404E+04 -0.41638529859691E+03 -0.93694998162388E+03 -0.10802888775387E+02 -0.44558296304747E+02 -0.87409434615884E+02 -0.13078483721567E+02 -0.61539467539979E+01 -0.11293520180610E+04 -0.63925109770684E+02 -0.81236609866512E+03 -0.10090063988520E+04
   0.15360392686045E+05 -0.12002424828187E+04  0.41752364743813E+03 -0.14001814686277E+04 -0.19575005241905E+02 -0.71376548486385E+03 -0.23318016048069E+03  0.26551587140749E+05 -0.55713435856218E+04 -0.66091504969071E+03  0.18540484686452E+03  0.15639214248852E+04  0.10427936336530E+03 -0.11758117635016E+01  0.13701278242545E+04 -0.19255466755541E+03  0.13602993587422E+04  0.78903138158800E+03 -0.60044123234710E+04 -0.47907272974224E+01  0.18364628364765E+04  0.14186669285703E+02  0.19441025026763E+03 -0.35815521815455E+03 -0.20484668050093E+02 -0.85762930773504E+02 -0.20024273466850E+03 -0.11149960629204E+04 -0.69332109080487E-01 -0.68505944952387E+03 -0.49698553770098E+04 -0.15187533071824E+02 -0.22435122924286E+04 -0.69061529755113E+02 -0.77414630969857E+02 -0.20427451520358E+00  0.34536163619146E-02 -0.17004854736778E+01 -0.72827618187891E+00  0.29042028674330E+03  0.30406378724824E+03 -0.26671098014245E+04 -0.42263962456621E+01
   0.17244163762442E+04 -0.13939918557995E+03  0.53141424013564E+02 -0.15077074776375E+03  0.50920763607921E+01 -0.67139865230100E+02 -0.27038722814737E+02  0.17965979669945E+04 -0.30770224199311E+03 -0.58731343829800E+02  0.13552606421513E+02  0.10427936336530E+03  0.94509916239546E+01 -0.16840744873854E+00  0.76880231059868E+02 -0.12957053341342E+02  0.80647256973144E+02  0.51006833264268E+02 -0.28735197380707E+03 -0.42209825728996E+00 -0.73191520050148E+02  0.31824920314307E+01  0.24190726698794E+02 -0.42121487492510E+02 -0.23416631323585E+01 -0.89960947451399E+01 -0.17921001086724E+02 -0.16410505326548E+03 -0.90036936748563E-02 -0.26985142720300E+02 -0.58502342085011E+03 -0.16904126831252E+01 -0.14149848849620E+03 -0.18112802337094E+02 -0.62977376025136E+01 -0.14598354917428E+00  0.22896010357380E-02 -0.18006194352474E+00 -0.69921254902972E-01  0.28763850159655E+02  0.67950346573322E+02 -0.19344500525340E+03 -0.32846879324572E+00
  -0.10612999371298E+03  0.12723380678354E+02 -0.40317593495868E+01  0.54920899765066E+02 -0.48866876771680E+01  0.18622266930198E+02  0.97680030747529E+01  0.97799750602470E+02 -0.13694374857869E+02 -0.17500599649573E+01  0.65000820239545E+00 -0.11758117635016E+01 -0.16840744873854E+00  0.48253078819683E-01  0.14035963229089E+02 -0.10860905569647E+01  0.85160716264029E+01  0.40156854180044E+01 -0.79440132735145E+02  0.29738761790807E-01  0.64058415258357E+02  0.34070249078754E+00  0.87669939493918E+00  0.31170833194358E+01  0.13077608587732E+00  0.43467550180037E+00  0.20715878281789E+01  0.67899849272326E-01 -0.22697506681469E-04 -0.58700695513348E+01 -0.72996024816987E+00 -0.17074896423119E-02 -0.30622755562832E+01 -0.13311776543099E-04 -0.13415661966295E+00  0.19328734104864E-12 -0.55807067042941E-12 -0.16099292380591E-02 -0.88482293995312E-03 -0.15751547337805E+01  0.37303427694294E-04 -0.30020256144046E+01 -0.31428630700314E-02
   0.97562298422030E+04  0.64499072292862E+03 -0.27659577693155E+03  0.31035014176152E+05 -0.26049030714847E+04  0.94944835721975E+04  0.48770698553538E+04  0.89430989440643E+05  0.48041942860248E+05 -0.40351828588586E+04  0.12228917787501E+04  0.13701278242545E+04  0.76880231059868E+02  0.14035963229089E+02  0.49682906293990E+05 -0.46354714528193E+04  0.33589149482785E+05  0.17522510744083E+05 -0.55251677156679E+05  0.14545520736805E+01 -0.12390992934196E+05 -0.13604935495923E+03 -0.42146047787935E+03 -0.41930416041755E+03 -0.43227345274811E+02 -0.15172547915508E+03 -0.42482844840255E+03 -0.27101819863572E+04 -0.17773545996926E+04 -0.24892833761347E+04  0.20133590069105E+04  0.43505875245731E+04 -0.14797998059446E+04 -0.29365740225004E+04 -0.72832022108261E+03  0.23640062199382E+03  0.42465465039801E+03 -0.28709941143434E+04 -0.15255061272037E+04 -0.23928972411643E+04  0.19423460692447E+03 -0.89960802885547E+03 -0.10138517106684E+04
  -0.21763334628458E+04 -0.53387173872168E+02 -0.79086120469193E+01 -0.37813028467630E+04  0.32227144176400E+03 -0.11878495428148E+04 -0.61882052865167E+03 -0.11364132867492E+05 -0.22272702428896E+04  0.49400694874331E+03 -0.13573408386169E+03 -0.19255466755541E+03 -0.12957053341342E+02 -0.10860905569647E+01 -0.46354714528193E+04  0.50299178773195E+03 -0.35478786444851E+04 -0.19279940024392E+04  0.64881653174068E+04 -0.77206073606923E+00  0.19083133861191E+04  0.14388245054183E+02  0.39871977758026E+02  0.25077192487852E+02  0.43249702618406E+01  0.14642694819823E+02  0.47222206913404E+02  0.50039556274582E+03  0.31348660895898E+03  0.28799985216756E+03 -0.16574414904727E+03 -0.50166595607581E+03  0.15374079766936E+03  0.30404751278722E+03  0.80787166230217E+02 -0.63532757774402E+02 -0.11261441879133E+03  0.43748777261957E+03  0.21656032055708E+03 -0.30515771336324E+03 -0.35052481091608E+02  0.25109986642151E+03  0.28144171000040E+03
   0.10484554968479E+05  0.13785405672911E+03 -0.12532578438670E+03  0.25100436075895E+05 -0.20523787323990E+04  0.77762522225217E+04  0.38824723481479E+04  0.83481669319557E+05  0.14749985626747E+05 -0.32907420898290E+04  0.96414500948830E+03  0.13602993587422E+04  0.80647256973144E+02  0.85160716264029E+01  0.33589149482785E+05 -0.35478786444851E+04  0.25587230034406E+05  0.13717368388440E+05 -0.45018988059620E+05 -0.34709844818768E+00 -0.11495318692387E+05 -0.15059907393835E+03 -0.45042870484338E+03 -0.49959023834638E+03 -0.49218025523519E+02 -0.16324253552909E+03 -0.42386869349497E+03 -0.23385699653786E+04 -0.15215319187403E+04 -0.23715805906468E+04  0.20358783733130E+04  0.42073761085369E+04 -0.11783090155070E+04 -0.23452669467402E+04 -0.57090433435983E+03  0.57274739215452E+02  0.11395331649193E+03 -0.23676683020070E+04 -0.12834667908485E+04  0.98983857131883E+03  0.19677397209744E+03 -0.14592364636237E+04 -0.16234917165707E+04
   0.75210128785084E+04  0.77298587426646E+02 -0.40597330594268E+01  0.14099894041407E+05 -0.11683863186874E+04  0.44326364277025E+04  0.22415154108865E+04  0.45233897884679E+05  0.70632913465227E+04 -0.18655471879520E+04  0.52502537421170E+03  0.78903138158800E+03  0.51006833264268E+02  0.40156854180044E+01  0.17522510744083E+05 -0.19279940024392E+04  0.13717368388440E+05  0.74610126881531E+04 -0.25093756557549E+05  0.10530396575757E+01 -0.71975153518176E+04 -0.81159125782815E+02 -0.22948892902848E+03 -0.22672794619342E+03 -0.26061137826706E+02 -0.83987651716672E+02 -0.22636787735903E+03 -0.16711193085491E+04 -0.10534986607827E+04 -0.11954082724715E+04  0.95854646208577E+03  0.23187497966200E+04 -0.59782227557478E+03 -0.11910924865283E+04 -0.31518185199145E+03  0.89962409256390E+02  0.16741187135275E+03 -0.15370712937643E+04 -0.79873728871869E+03  0.12418134702406E+04  0.14174695442668E+03 -0.10380411508492E+04 -0.11549453644665E+04
  -0.78057902239165E+07  0.26105296407456E+07 -0.30093813529306E+06 -0.22757794453791E+07  0.48595129455386E+06 -0.44432053279588E+05 -0.23914303044749E+06 -0.58881682576050E+06 -0.25712155380136E+05  0.56532649857155E+05 -0.60165079293739E+04 -0.60044123234710E+04 -0.28735197380707E+03 -0.79440132735145E+02 -0.55251677156679E+05  0.64881653174068E+04 -0.45018988059620E+05 -0.25093756557549E+05  0.33746643362863E+08  0.58109680791754E+04 -0.11800501208428E+08 -0.10126511061380E+06 -0.33028991569251E+06 -0.86635526136156E+06 -0.28741447420868E+05 -0.12201935635480E+06 -0.70214935965620E+06  0.34285146691652E+05  0.76179806886854E+05 -0.12151125957664E+04  0.56822601074157E+06  0.27938669285563E+07  0.17120726959606E+05  0.31495429097327E+05  0.21173799689964E+03  0.18502615787670E+06  0.81566593405518E+06  0.24409127222557E+05  0.76828508650592E+04 -0.18437026279546E+05  0.44818264268812E+05  0.20671557835199E+05  0.64260246996406E+05
  -0.11784797223328E+04  0.49680512183240E+03 -0.46757555056604E+02 -0.13898901547108E+03  0.49923525578283E+02  0.61922747901515E+02  0.11125951822638E+02  0.43575557080140E+03 -0.96900485205032E+02 -0.12326036287452E+02  0.30102503066211E+01 -0.47907272974224E+01 -0.42209825728996E+00  0.29738761790807E-01  0.14545520736805E+01 -0.77206073606923E+00 -0.34709844818768E+00  0.10530396575757E+01  0.58109680791754E+04  0.20958258407246E+01 -0.20820091795674E+04 -0.11914518715878E+02 -0.41832919770432E+02 -0.13419901098615E+03 -0.15470263391601E+01 -0.11857599078592E+02 -0.10557264223670E+03  0.00000000000000E+00 -0.32314595732036E+02  0.00000000000000E+00  0.00000000000000E+00  0.27509219822529E+03  0.00000000000000E+00 -0.62871224239407E+01  0.00000000000000E+00  0.00000000000000E+00  0.19101631216538E+03  0.00000000000000E+00  0.00000000000000E+00  0.00000000000000E+00  0.16828102416576E+02  0.00000000000000E+00 -0.32883908079027E+02
   0.36441750940707E+07 -0.10441279179389E+07  0.13847772347806E+06  0.10128534671024E+07 -0.20804100601209E+06  0.54847709209666E+05  0.12702251901001E+06  0.42140395409597E+06 -0.57744618575943E+04 -0.37671569761014E+05  0.39236601294715E+04  0.18364628364765E+04 -0.73191520050148E+02  0.64058415258357E+02 -0.12390992934196E+05  0.19083133861191E+04 -0.11495318692387E+05 -0.71975153518176E+04 -0.11800501208428E+08 -0.20820091795674E+04  0.72020636285159E+07  0.78387381264046E+05  0.23030898353876E+06  0.60866273293485E+06  0.21926496866027E+05  0.83820698328643E+05  0.44745235045657E+06  0.00000000000000E+00 -0.75956392367281E+05  0.00000000000000E+00  0.00000000000000E+00 -0.18835909755303E+07  0.00000000000000E+00  0.18032542950766E+05  0.00000000000000E+00  0.00000000000000E+00 -0.39245426147455E+06  0.00000000000000E+00  0.00000000000000E+00  0.00000000000000E+00  0.57166384628844E+05  0.00000000000000E+00 -0.63307794156355E+05
   0.34015162731745E+05 -0.66991769039669E+04  0.12470917518162E+04  0.12488149601746E+05 -0.23133140275459E+04  0.13932647024013E+04  0.18462863057589E+04  0.17587825093711E+05 -0.33810590981403E+04 -0.79185464211609E+03  0.12575721270556E+03  0.14186669285703E+02  0.31824920314307E+01  0.34070249078754E+00 -0.13604935495923E+03  0.14388245054183E+02 -0.15059907393835E+03 -0.81159125782815E+02 -0.10126511061380E+06 -0.11914518715878E+02  0.78387381264046E+05  0.11568534144278E+04  0.31776854405833E+04  0.80171604083302E+04  0.30298506451068E+03  0.10915354304576E+04  0.53642769074241E+04 -0.46587972676943E+02 -0.13029112597277E+04  0.43076671984594E+01  0.58276515588542E+03 -0.25714489439847E+05  0.00000000000000E+00 -0.83962115616269E+02  0.00000000000000E+00  0.20675583086501E+04 -0.30606188286478E+04  0.00000000000000E+00  0.00000000000000E+00  0.00000000000000E+00  0.12290411904765E+04 -0.31088713278717E+03 -0.16503128028074E+04
   0.12061711932442E+06 -0.27470539492439E+05  0.44305121763962E+04  0.36876741185216E+05 -0.68510364301556E+04  0.39421885882784E+04  0.53029160629626E+04  0.57966954127845E+05 -0.11774409579142E+05 -0.24468730385271E+04  0.40707304900250E+03  0.19441025026763E+03  0.24190726698794E+02  0.87669939493918E+00 -0.42146047787935E+03  0.39871977758026E+02 -0.45042870484338E+03 -0.22948892902848E+03 -0.33028991569251E+06 -0.41832919770432E+02  0.23030898353876E+06  0.31776854405833E+04  0.91777693511950E+04  0.22113170356812E+05  0.86265345965888E+03  0.31711756146159E+04  0.15658473291634E+05 -0.15261282076227E+03 -0.34510511770033E+04 -0.19337405463297E+02 -0.58372456993902E+04 -0.74604546156106E+05  0.00000000000000E+00 -0.22130737072150E+03  0.00000000000000E+00  0.30675994910307E+04 -0.10226431563616E+05  0.00000000000000E+00  0.00000000000000E+00  0.00000000000000E+00  0.35739566931125E+04 -0.17901891763318E+04 -0.49157084996539E+04
   0.21548113446375E+06 -0.55064279871735E+05  0.80494072120474E+04  0.87060220524023E+05 -0.16688328617746E+05  0.77833992726047E+04  0.11914284539588E+05  0.91432435251803E+05 -0.17030900232300E+05 -0.42798977915963E+04  0.65984842610937E+03 -0.35815521815455E+03 -0.42121487492510E+02  0.31170833194358E+01 -0.41930416041755E+03  0.25077192487852E+02 -0.49959023834638E+03 -0.22672794619342E+03 -0.86635526136156E+06 -0.13419901098615E+03  0.60866273293485E+06  0.80171604083302E+04  0.22113170356812E+05  0.62930992785779E+05  0.21666474957131E+04  0.80230373431560E+04  0.40799719400037E+05  0.23748372339526E+03 -0.10821866263711E+05 -0.45950731630152E+01  0.37283286061802E+05 -0.18158260662704E+06  0.00000000000000E+00 -0.71136729330835E+03  0.00000000000000E+00  0.16285007489199E+05 -0.26957694644903E+05  0.00000000000000E+00  0.00000000000000E+00  0.00000000000000E+00  0.59145780471077E+04  0.14795310486520E+04 -0.11479033804288E+05
   0.11753552445834E+05 -0.27137793967303E+04  0.43511867809821E+03  0.39764538931234E+04 -0.69668065680511E+03  0.54980759737425E+03  0.62507165352025E+03  0.60901465659175E+04 -0.12167387572882E+04 -0.26215663608963E+03  0.43000502048594E+02 -0.20484668050093E+02 -0.23416631323585E+01  0.13077608587732E+00 -0.43227345274811E+02  0.43249702618406E+01 -0.49218025523519E+02 -0.26061137826706E+02 -0.28741447420868E+05 -0.15470263391601E+01  0.21926496866027E+05  0.30298506451068E+03  0.86265345965888E+03  0.21666474957131E+04  0.10092536734736E+03  0.35521412888227E+03  0.15376740363421E+04  0.00000000000000E+00 -0.41210741711116E+03  0.00000000000000E+00  0.00000000000000E+00 -0.82240120492072E+04  0.00000000000000E+00 -0.26268930422946E+02  0.00000000000000E+00  0.00000000000000E+00 -0.56019696311142E+03  0.00000000000000E+00  0.00000000000000E+00  0.00000000000000E+00  0.30916492507452E+02  0.00000000000000E+00 -0.61258445636019E+03
   0.45575142379675E+05 -0.11347069186879E+05  0.16936844463402E+04  0.14489131668556E+05 -0.25895333336639E+04  0.18193117733155E+04  0.21638681180405E+04  0.22443217717668E+05 -0.46665676938416E+04 -0.92599964162877E+03  0.15622906134727E+03 -0.85762930773504E+02 -0.89960947451399E+01  0.43467550180037E+00 -0.15172547915508E+03  0.14642694819823E+02 -0.16324253552909E+03 -0.83987651716672E+02 -0.12201935635480E+06 -0.11857599078592E+02  0.83820698328643E+05  0.10915354304576E+04  0.31711756146159E+04  0.80230373431560E+04  0.35521412888227E+03  0.13018980283444E+04  0.57472596915513E+04  0.00000000000000E+00 -0.13112334482177E+04  0.00000000000000E+00  0.00000000000000E+00 -0.29738531752517E+05  0.00000000000000E+00 -0.83166279230139E+02  0.00000000000000E+00  0.00000000000000E+00 -0.33755881819629E+04  0.00000000000000E+00  0.00000000000000E+00  0.00000000000000E+00 -0.16330029437186E+02  0.00000000000000E+00 -0.22582450041452E+04
   0.23495505279406E+06 -0.64314474777036E+05  0.88622671902619E+04  0.65105453693565E+05 -0.12766150376587E+05  0.49533909126747E+04  0.85147312804653E+04  0.67806839648905E+05 -0.12372162058802E+05 -0.33011317496945E+04  0.49167012206625E+03 -0.20024273466850E+03 -0.17921001086724E+02  0.20715878281789E+01 -0.42482844840255E+03  0.47222206913404E+02 -0.42386869349497E+03 -0.22636787735903E+03 -0.70214935965620E+06 -0.10557264223670E+03  0.44745235045657E+06  0.53642769074241E+04  0.15658473291634E+05  0.40799719400037E+05  0.15376740363421E+04  0.57472596915513E+04  0.30217671184561E+05  0.00000000000000E+00 -0.74268800605943E+04  0.00000000000000E+00  0.00000000000000E+00 -0.12920869250218E+06  0.00000000000000E+00 -0.48817739709430E+03  0.00000000000000E+00  0.00000000000000E+00 -0.21289645216375E+05  0.00000000000000E+00  0.00000000000000E+00  0.00000000000000E+00  0.79473468530498E+04  0.00000000000000E+00 -0.79085645425155E+04
  -0.13221250753767E+06  0.16788642761649E+05 -0.46837699098536E+04 -0.12873413805217E+05  0.19975638435194E+04 -0.27311510926069E+04 -0.24566219430666E+04 -0.63208961665944E+05  0.11582535057812E+05  0.27573929188431E+04 -0.46123828313006E+03 -0.11149960629204E+04 -0.16410505326548E+03  0.67899849272326E-01 -0.27101819863572E+04  0.50039556274582E+03 -0.23385699653786E+04 -0.16711193085491E+04  0.34285146691652E+05  0.00000000000000E+00  0.00000000000000E+00 -0.46587972676943E+02 -0.15261282076227E+03  0.23748372339526E+03  0.00000000000000E+00  0.00000000000000E+00  0.00000000000000E+00  0.11695968151716E+06  0.00000000000000E+00  0.00000000000000E+00  0.00000000000000E+00  0.00000000000000E+00  0.00000000000000E+00  0.00000000000000E+00  0.00000000000000E+00  0.00000000000000E+00  0.00000000000000E+00  0.00000000000000E+00  0.00000000000000E+00  0.00000000000000E+00  0.00000000000000E+00  0.00000000000000E+00  0.00000000000000E+00
  -0.56047344621262E+05  0.82859947551295E+04 -0.19869964817354E+04 -0.21331232563089E+05  0.33580756578926E+04 -0.41909741678394E+04 -0.38498254124799E+04 -0.50659593140539E+05  0.10940037121563E+05  0.19023932211385E+04 -0.34784328985852E+03 -0.69332109080487E-01 -0.90036936748563E-02 -0.22697506681469E-04 -0.17773545996926E+04  0.31348660895898E+03 -0.15215319187403E+04 -0.10534986607827E+04  0.76179806886854E+05 -0.32314595732036E+02 -0.75956392367281E+05 -0.13029112597277E+04 -0.34510511770033E+04 -0.10821866263711E+05 -0.41210741711116E+03 -0.13112334482177E+04 -0.74268800605943E+04  0.00000000000000E+00  0.64930754347871E+05  0.00000000000000E+00  0.00000000000000E+00  0.00000000000000E+00  0.00000000000000E+00  0.00000000000000E+00  0.00000000000000E+00  0.00000000000000E+00  0.00000000000000E+00  0.00000000000000E+00  0.00000000000000E+00  0.00000000000000E+00  0.00000000000000E+00  0.00000000000000E+00  0.00000000000000E+00
  -0.52574057893725E+04 -0.19499481179371E+03  0.18824433122747E+02 -0.69395883950827E+02 -0.57195169006929E+02  0.15125940703484E+03  0.13742785293392E+03 -0.70513438228336E+05  0.24771181223519E+05  0.73828210046096E+03 -0.33433939550588E+03 -0.68505944952387E+03 -0.26985142720300E+02 -0.58700695513348E+01 -0.24892833761347E+04  0.28799985216756E+03 -0.23715805906468E+04 -0.11954082724715E+04 -0.12151125957664E+04  0.00000000000000E+00  0.00000000000000E+00  0.43076671984594E+01 -0.19337405463297E+02 -0.45950731630152E+01  0.00000000000000E+00  0.00000000000000E+00  0.00000000000000E+00  0.00000000000000E+00  0.00000000000000E+00  0.30809337508769E+05  0.00000000000000E+00  0.00000000000000E+00  0.00000000000000E+00  0.00000000000000E+00  0.00000000000000E+00  0.00000000000000E+00  0.00000000000000E+00  0.00000000000000E+00  0.00000000000000E+00  0.00000000000000E+00  0.00000000000000E+00  0.00000000000000E+00  0.00000000000000E+00
  -0.86872787931868E+06  0.21058879415424E+06 -0.31924200946362E+05 -0.66391904491040E+05  0.11779150229096E+05 -0.84134211335701E+04 -0.98083271681600E+04 -0.29609324510055E+06  0.67200806470354E+05  0.11043445118083E+05 -0.19919104745684E+04 -0.49698553770098E+04 -0.58502342085011E+03 -0.72996024816987E+00  0.20133590069105E+04 -0.16574414904727E+03  0.20358783733130E+04  0.95854646208577E+03  0.56822601074157E+06  0.00000000000000E+00  0.00000000000000E+00  0.58276515588542E+03 -0.58372456993902E+04  0.37283286061802E+05  0.00000000000000E+00  0.00000000000000E+00  0.00000000000000E+00  0.00000000000000E+00  0.00000000000000E+00  0.00000000000000E+00  0.58089136287788E+06  0.00000000000000E+00  0.00000000000000E+00  0.00000000000000E+00  0.00000000000000E+00  0.00000000000000E+00  0.00000000000000E+00  0.00000000000000E+00  0.00000000000000E+00  0.00000000000000E+00  0.00000000000000E+00  0.00000000000000E+00  0.00000000000000E+00
  -0.11259804007119E+07  0.26588375173164E+06 -0.41556252919640E+05 -0.34489539127442E+06  0.62511165946367E+05 -0.41100728989591E+05 -0.51146569747279E+05 -0.58142060725152E+06  0.12762157652422E+06  0.22928743377543E+05 -0.39599477521404E+04 -0.15187533071824E+02 -0.16904126831252E+01 -0.17074896423119E-02  0.43505875245731E+04 -0.50166595607581E+03  0.42073761085369E+04  0.23187497966200E+04  0.27938669285563E+07  0.27509219822529E+03 -0.18835909755303E+07 -0.25714489439847E+05 -0.74604546156106E+05 -0.18158260662704E+06 -0.82240120492072E+04 -0.29738531752517E+05 -0.12920869250218E+06  0.00000000000000E+00  0.00000000000000E+00  0.00000000000000E+00  0.00000000000000E+00  0.92190860462501E+06  0.00000000000000E+00  0.00000000000000E+00  0.00000000000000E+00  0.00000000000000E+00  0.00000000000000E+00  0.00000000000000E+00  0.00000000000000E+00  0.00000000000000E+00  0.00000000000000E+00  0.00000000000000E+00  0.00000000000000E+00
  -0.20989081872241E+05  0.57503191278020E+04 -0.80109908637904E+03 -0.13664574878621E+04  0.31971595973801E+03  0.14733414758671E+02 -0.15350406581134E+03 -0.74060994197067E+05  0.22925403931107E+05  0.14974031328477E+04 -0.41638529859691E+03 -0.22435122924286E+04 -0.14149848849620E+03 -0.30622755562832E+01 -0.14797998059446E+04  0.15374079766936E+03 -0.11783090155070E+04 -0.59782227557478E+03  0.17120726959606E+05  0.00000000000000E+00  0.00000000000000E+00  0.00000000000000E+00  0.00000000000000E+00  0.00000000000000E+00  0.00000000000000E+00  0.00000000000000E+00  0.00000000000000E+00  0.00000000000000E+00  0.00000000000000E+00  0.00000000000000E+00  0.00000000000000E+00  0.00000000000000E+00  0.14302761350679E+05  0.00000000000000E+00  0.00000000000000E+00  0.00000000000000E+00  0.00000000000000E+00  0.00000000000000E+00  0.00000000000000E+00  0.00000000000000E+00  0.00000000000000E+00  0.00000000000000E+00  0.00000000000000E+00
  -0.47542176396055E+05  0.13194184637098E+05 -0.18215359182514E+04 -0.24951673832495E+04  0.56342406078180E+03 -0.76111204763771E+01 -0.27304556201786E+03 -0.16658361354350E+06  0.51638779914325E+05  0.33094098225973E+04 -0.93694998162388E+03 -0.69061529755113E+02 -0.18112802337094E+02 -0.13311776543099E-04 -0.29365740225004E+04  0.30404751278722E+03 -0.23452669467402E+04 -0.11910924865283E+04  0.31495429097327E+05 -0.62871224239407E+01  0.18032542950766E+05 -0.83962115616269E+02 -0.22130737072150E+03 -0.71136729330835E+03 -0.26268930422946E+02 -0.83166279230139E+02 -0.48817739709430E+03  0.00000000000000E+00  0.00000000000000E+00  0.00000000000000E+00  0.00000000000000E+00  0.00000000000000E+00  0.00000000000000E+00  0.31402939846655E+05  0.00000000000000E+00  0.00000000000000E+00  0.00000000000000E+00  0.00000000000000E+00  0.00000000000000E+00  0.00000000000000E+00  0.00000000000000E+00  0.00000000000000E+00  0.00000000000000E+00
  -0.32085380681115E+04  0.42288725544918E+03 -0.10102247238496E+03 -0.70818422879521E+02  0.89563130285544E+01 -0.18697644248656E+02 -0.13066249063375E+02 -0.14151351148375E+04  0.19191777483668E+03  0.43807254371719E+02 -0.10802888775387E+02 -0.77414630969857E+02 -0.62977376025136E+01 -0.13415661966295E+00 -0.72832022108261E+03  0.80787166230217E+02 -0.57090433435983E+03 -0.31518185199145E+03  0.21173799689964E+03  0.00000000000000E+00  0.00000000000000E+00  0.00000000000000E+00  0.00000000000000E+00  0.00000000000000E+00  0.00000000000000E+00  0.00000000000000E+00  0.00000000000000E+00  0.00000000000000E+00  0.00000000000000E+00  0.00000000000000E+00  0.00000000000000E+00  0.00000000000000E+00  0.00000000000000E+00  0.00000000000000E+00  0.37995630929366E+04  0.00000000000000E+00  0.00000000000000E+00  0.00000000000000E+00  0.00000000000000E+00  0.00000000000000E+00  0.00000000000000E+00  0.00000000000000E+00  0.00000000000000E+00
  -0.20493436519303E+06  0.63910593049326E+05 -0.79289587557468E+04 -0.11785682345032E+05  0.28957478457415E+04  0.46662783474296E+03 -0.97579096256481E+03 -0.56852216641436E+04  0.59919936846767E+03  0.55431070354758E+03 -0.44558296304747E+02 -0.20427451520358E+00 -0.14598354917428E+00  0.19328734104864E-12  0.23640062199382E+03 -0.63532757774402E+02  0.57274739215452E+02  0.89962409256390E+02  0.18502615787670E+06  0.00000000000000E+00  0.00000000000000E+00  0.20675583086501E+04  0.30675994910307E+04  0.16285007489199E+05  0.00000000000000E+00  0.00000000000000E+00  0.00000000000000E+00  0.00000000000000E+00  0.00000000000000E+00  0.00000000000000E+00  0.00000000000000E+00  0.00000000000000E+00  0.00000000000000E+00  0.00000000000000E+00  0.00000000000000E+00  0.10628460828313E+06  0.00000000000000E+00  0.00000000000000E+00  0.00000000000000E+00  0.00000000000000E+00  0.00000000000000E+00  0.00000000000000E+00  0.00000000000000E+00
  -0.23089566621537E+06  0.71481913498371E+05 -0.89159684027408E+04 -0.53207880564294E+05  0.12885639943591E+05  0.17616364812699E+04 -0.45610229963595E+04 -0.11172629374830E+05  0.12114323307797E+04  0.10526082624872E+04 -0.87409434615884E+02  0.34536163619146E-02  0.22896010357380E-02 -0.55807067042941E-12  0.42465465039801E+03 -0.11261441879133E+03  0.11395331649193E+03  0.16741187135275E+03  0.81566593405518E+06  0.19101631216538E+03 -0.39245426147455E+06 -0.30606188286478E+04 -0.10226431563616E+05 -0.26957694644903E+05 -0.56019696311142E+03 -0.33755881819629E+04 -0.21289645216375E+05  0.00000000000000E+00  0.00000000000000E+00  0.00000000000000E+00  0.00000000000000E+00  0.00000000000000E+00  0.00000000000000E+00  0.00000000000000E+00  0.00000000000000E+00  0.00000000000000E+00  0.13866079982065E+06  0.00000000000000E+00  0.00000000000000E+00  0.00000000000000E+00  0.00000000000000E+00  0.00000000000000E+00  0.00000000000000E+00
