# fitpack15: fit parameters                                                                         
# CJ15 AV18 final data choices                                                                      
# Created on 01/15/2020 at 22:12:28                                                                 

 # QCD setup
  INS                           0
  NVL                          11
  IORD                          1
  Q02                   1.6899999999999999     
  IPARAMC                       7
  FLAVOR                4.0000000000000000     
  xmc                   1.3000000000000000     
  xmb                   4.5000000000000000     
  ncb                          12
  ihq                           1
  ias                           0

 # Theory corrections
  inuke                     10814
  itmc                          1
  iht                           1

 # fit parameters
 LAMBDA       0.22680        0.0000    
 a0uv          1.9543        0.0000    
 a1uv         0.56857       0.23587E-01
 a2uv          3.5567       0.11677E-01
 a3uv          0.0000        0.0000    
 a4uv          4.5707       0.63092    
 a5uv          0.0000        0.0000    
 a0dv          24.844        0.0000    
 a1dv          1.1556       0.33354E-01
 a2dv          6.6185       0.16015    
 a3dv         -3.5549       0.85660E-01
 a4dv          4.7848       0.14009    
 a5dv          0.0000        0.0000    
 a0ud         0.14201       0.49859E-02
 a1ud        -0.21081       0.38215E-02
 a2ud          8.4340       0.18943    
 a3ud          0.0000        0.0000    
 a4ud          15.831        1.3124    
 a5ud          0.0000        0.0000    
 a0du          35712.        0.0000    
 a1du          4.0822       0.85856E-01
 a2du          20.153       0.95626    
 a3du          17.000        0.0000    
 a4du          53.112        11.933    
 a0g           47.290        0.0000    
 a1g          0.60944       0.32620E-01
 a2g           6.8077       0.97524    
 a3g          -3.3750       0.14754    
 a4g           3.3820       0.37604    
 a5g           0.0000        0.0000    
 kappa        0.40000        0.0000    
 a6dv        -0.39624E-02   0.67684E-03
 a7dv          2.0000        0.0000    
 off1         -2.6789        1.7893    
 off2         0.63668E-01   0.71993E-02
 ht1          -3.5718       0.34757    
 ht2           2.0885       0.12519    
 ht3          -2.0471       0.35556E-01
 ht4           0.0000        0.0000    
 ht1n         -3.5860        1.0052    
 ht2n          1.9516       0.34015    
 ht3n         -2.1296       0.67687E-01
 ht4n          0.0000        0.0000    
 dummy44       0.0000        0.0000    
 dummy45       0.0000        0.0000    
 dummy46       0.0000        0.0000    
 dummy47       0.0000        0.0000    
 dummy48       0.0000        0.0000    
 dummy49       0.0000        0.0000    
 bcdmsh2      0.97013       0.48549E-02
 bcdmsd2      0.99020       0.58590E-02
 ccfr          1.0000        0.0000    
 nutev         1.0000        0.0000    
 zeus         0.97998        0.0000    
 h1            1.0162        0.0000    
 e605          1.0319        0.0000    
 NmcH2         1.0066       0.71352E-02
 ntv_nu        1.0000        0.0000    
 ntv_nubar     1.0000        0.0000    
 cdf_jet      0.98910        0.0000    
 d0_jet       0.83504        0.0000    
 slac_p        1.0021       0.50373E-02
 slac_d        1.0013       0.53169E-02
 e866pp       0.98217       0.19973E-01
 e866pd       0.97081       0.16464E-01
 d0_gamjet     1.0362       0.16486E-01
 h1b          0.97608        0.0000    
 jlab_p       0.99071       0.62865E-02
 jlab_d       0.97440       0.60260E-02
 blank         1.0000        0.0000    
 d0run2       0.94437       0.14219E-01
 cdfrun2      0.93102       0.17319E-01
 HERA_el       1.0000        0.0000    
 HERA_ps       1.0000        0.0000    
 CDF_Z        0.95953       0.66313E-02
 NmcRat        1.0000        0.0000    
 BNS_F2nd     0.98312       0.12012E-01
 HERMES_F2p   0.99601       0.56756E-02
 HERMES_F2d   0.97766       0.58517E-02
 END 0. 0.

 # Hessian matrix (Bevington alpha)
   0.51971663349852E+07 -0.13317691215113E+07  0.19513714254514E+06  0.50581164117846E+06 -0.12810107029482E+06 -0.29032499564971E+05  0.53365919754062E+05  0.98866702540200E+06 -0.18415282867017E+06 -0.50141413702881E+05  0.72927115581013E+04  0.15381576074170E+05  0.17254366301854E+04 -0.10662226399031E+03  0.97085559464278E+04 -0.21593226633035E+04  0.10334582539452E+05  0.74166784722519E+04 -0.77672554797230E+07 -0.10564941697438E+04  0.20606124634585E+07  0.36912892971680E+05  0.12797607658210E+06  0.23900497801330E+06  0.12677939816449E+05  0.48652249460562E+05  0.25148253371018E+06 -0.13222866230502E+06 -0.56055772951053E+05 -0.52585270882290E+04 -0.86848696572175E+06 -0.11261153919191E+07 -0.20990996392525E+05 -0.47497122208874E+05 -0.32093928859519E+04 -0.20487940434638E+06 -0.23100875970623E+06 -0.92408950669548E+04 -0.32616441410349E+04 -0.18051865635952E+05  0.17216859412813E+05 -0.74349420324854E+05 -0.58636998999172E+05
  -0.13317691215113E+07  0.41640359959271E+06 -0.51076826217922E+05 -0.13766282072634E+06  0.34561310689132E+05  0.10504527501748E+05 -0.11170646774093E+05 -0.12532060237041E+06  0.26429064038809E+05  0.73843609656750E+04 -0.87481815768559E+03 -0.12016945078143E+04 -0.13939773822834E+03  0.12781050815125E+02  0.63559908045184E+03 -0.51588639469411E+02  0.13124687242890E+03  0.72162035378931E+02  0.25963557201418E+07  0.46277515041084E+03 -0.59054965687153E+06 -0.75227194851718E+04 -0.29536577862906E+05 -0.61559559059550E+05 -0.29550067399114E+04 -0.12183860416633E+05 -0.68943227643369E+05  0.16791516301201E+05  0.82856672398131E+04 -0.19462956173850E+03  0.21052949011059E+06  0.26578649534695E+06  0.57517053433049E+04  0.13183357077215E+05  0.42301669904674E+03  0.63893952831626E+05  0.71483371359525E+05  0.24403075087515E+04  0.77260323949607E+03 -0.22158980545563E+04 -0.22679907889986E+04  0.86843624958549E+04  0.72931898826214E+04
   0.19513714254514E+06 -0.51076826217922E+05  0.73799952970713E+04  0.18787437489449E+05 -0.48704413615836E+04 -0.13378306038307E+04  0.19228875669082E+04  0.28002894875561E+05 -0.50659331831111E+04 -0.16642126611857E+04  0.21000551418954E+03  0.41742583358422E+03  0.53098213404628E+02 -0.40482210624584E+01 -0.27689361575565E+03 -0.75999624527040E+01 -0.12474064464588E+03 -0.45427778694663E+01 -0.29891988957969E+06 -0.42052731321694E+02  0.78170367195902E+05  0.13550525080278E+04  0.47027015998826E+04  0.89243372284431E+04  0.46897651394723E+03  0.18065426077787E+04  0.94726252089185E+04 -0.46781827320542E+04 -0.19843340464979E+04  0.18664077566732E+02 -0.31867340595738E+05 -0.41493076981476E+05 -0.79994707403673E+03 -0.18169960148094E+04 -0.10092274887021E+03 -0.79138914348428E+04 -0.89044989344012E+04 -0.34693946119034E+03 -0.12123125374423E+03 -0.65356853700332E+02  0.61378550938260E+03 -0.22220424695165E+04 -0.17935313084095E+04
   0.50581164117846E+06 -0.13766282072634E+06  0.18787437489449E+05  0.40162894023230E+06 -0.62423187757228E+05  0.74111916128004E+05  0.63935613725760E+05  0.36312836424906E+06 -0.27976876791621E+05 -0.18341407197601E+05  0.31798162072596E+04 -0.13934710835429E+04 -0.15043496005634E+03  0.55211786822986E+02  0.30960496554383E+05 -0.37602114219303E+04  0.24806387159102E+05  0.13928441692639E+05 -0.22653177614156E+07 -0.10416688538540E+03  0.57116143734038E+06  0.13274853556720E+05  0.38920932953037E+05  0.93644486784373E+05  0.42588933132568E+04  0.15372524221998E+05  0.69677990431429E+05 -0.12878703356356E+05 -0.21335183496069E+05 -0.69142579508698E+02 -0.66386420482099E+05 -0.34489426488376E+06 -0.13686993447213E+04 -0.24932418202003E+04 -0.71005225678838E+02 -0.11788778932076E+05 -0.53230742582704E+05 -0.24843476746846E+04 -0.96556972919621E+03 -0.98325825369097E+04 -0.15877893273749E+05 -0.72667174237224E+04 -0.21539588751407E+05
  -0.12810107029482E+06  0.34561310689132E+05 -0.48704413615836E+04 -0.62423187757228E+05  0.11450836452615E+05 -0.74368724790395E+04 -0.91051878822995E+04 -0.33354435851996E+05  0.51531667753072E+03  0.23601780003973E+04 -0.31700396561860E+03 -0.20784792891574E+02  0.50331379674737E+01 -0.49157835353660E+01 -0.25993581393804E+04  0.32040309543592E+03 -0.20297026787184E+04 -0.11547664817126E+04  0.48435125999845E+06  0.42969997264504E+02 -0.11749573079469E+06 -0.24750984819799E+04 -0.72716281730727E+04 -0.18028033948264E+05 -0.75023259322939E+03 -0.27640364032735E+04 -0.13705977365605E+05  0.19990363284868E+04  0.33596166885933E+04 -0.57182091549324E+02  0.11791177877867E+05  0.62555421734963E+05  0.32064030449428E+03  0.56390394733620E+03  0.89861411813604E+01  0.29011791027482E+04  0.12904114246305E+05  0.46654272535004E+03  0.17293660530492E+03  0.37020389592633E+03  0.25092470146241E+04  0.81532888388023E+03  0.25156623912284E+04
  -0.29032499564971E+05  0.10504527501748E+05 -0.13378306038307E+04  0.74111916128004E+05 -0.74368724790395E+04  0.24219565111985E+05  0.14471043728021E+05  0.11043097154847E+06 -0.10461622836541E+05 -0.45635475546948E+04  0.94793276402866E+03 -0.71024199161158E+03 -0.66883186719896E+02  0.18681786101742E+02  0.94500617950991E+04 -0.11786361445320E+04  0.76651460352086E+04  0.43674572139646E+04 -0.45529755179563E+05  0.63813785576523E+02  0.30938814018450E+05  0.14418363656426E+04  0.40737338182841E+04  0.82389177699855E+04  0.57890853121577E+03  0.18922058451037E+04  0.52517455733515E+04 -0.27289070435236E+04 -0.41881199915580E+04  0.15085271064772E+03 -0.84132125460075E+04 -0.41158220676751E+05  0.14108981884170E+02 -0.82462435031763E+01 -0.18705201640315E+02  0.46115873436846E+03  0.17193563657254E+04 -0.24532159208996E+03 -0.12647933335815E+03 -0.31521556822695E+04 -0.32498768827384E+04 -0.18542551318351E+04 -0.53275894527865E+04
   0.53365919754062E+05 -0.11170646774093E+05  0.19228875669082E+04  0.63935613725760E+05 -0.91051878822995E+04  0.14471043728021E+05  0.11263334940685E+05  0.60842998852045E+05 -0.34691718836791E+04 -0.32490108001951E+04  0.54995788094350E+03 -0.23116975369556E+03 -0.26901888452291E+02  0.98042170518631E+01  0.48546037660570E+04 -0.61382157176202E+03  0.38285147226777E+04  0.22090298938834E+04 -0.23861671430854E+06  0.15475426983294E+02  0.71594963591962E+05  0.19455652437449E+04  0.55639647763243E+04  0.12767632270605E+05  0.66486371460767E+03  0.22802045796689E+04  0.90996438273181E+04 -0.24549019764220E+04 -0.38464903661609E+04  0.13710106276679E+03 -0.98054766164175E+04 -0.51148708103536E+05 -0.15401780828431E+03 -0.27321271609159E+03 -0.13078970233820E+02 -0.97909134426167E+03 -0.45821350485415E+04 -0.35412787198960E+03 -0.14964992475744E+03 -0.13375258734818E+04 -0.31073716678763E+04 -0.11455534779873E+04 -0.34106125727988E+04
   0.98866702540200E+06 -0.12532060237041E+06  0.28002894875561E+05  0.36312836424906E+06 -0.33354435851996E+05  0.11043097154847E+06  0.60842998852045E+05  0.53911153063448E+07 -0.24101986792437E+07 -0.89513714134186E+05  0.25959669112452E+05  0.26646667667343E+05  0.18008564810122E+04  0.98671176018367E+02  0.89332831304057E+05 -0.11321967521133E+05  0.82569977295769E+05  0.44738692161122E+05 -0.58441216727719E+06  0.45198468425403E+03  0.23551870447984E+06  0.18038741219428E+05  0.59066328906375E+05  0.95936932652791E+05  0.64051443909354E+04  0.23336542452755E+05  0.70752928420830E+05 -0.63174262033198E+05 -0.50631996288281E+05 -0.70488841283669E+05 -0.29581204422236E+06 -0.58059545230661E+06 -0.74020317052023E+05 -0.16630949226640E+06 -0.14148833159820E+04 -0.56588161124753E+04 -0.11125818780719E+05  0.23151640870836E+03  0.25080496509041E+03 -0.27449632692046E+06 -0.87668812873549E+04 -0.14473833343475E+06 -0.17842074538167E+06
  -0.18415282867017E+06  0.26429064038809E+05 -0.50659331831111E+04 -0.27976876791621E+05  0.51531667753072E+03 -0.10461622836541E+05 -0.34691718836791E+04 -0.24101986792437E+07  0.19291570354648E+07  0.19501649497627E+05 -0.64065368961913E+04 -0.55980337513765E+04 -0.30901483195293E+03 -0.13852102651652E+02  0.47945983044328E+05 -0.22140952410245E+04  0.14597121532332E+05  0.69738689728496E+04 -0.25847382835893E+05 -0.97417760535086E+02 -0.28185547028921E+04 -0.34331748196644E+04 -0.11885611519103E+05 -0.17630207172046E+05 -0.12754752845359E+04 -0.48363897439184E+04 -0.12751948536783E+05  0.11588331968781E+05  0.10947561516488E+05  0.24779765429371E+05  0.67187619310756E+05  0.12753848487089E+06  0.22928671478205E+05  0.51592762845162E+05  0.19209082784832E+03  0.59474882159064E+03  0.12036113869555E+04 -0.12461453916042E+04 -0.69313075025073E+03  0.11312577842350E+06  0.15665309603967E+04  0.45317852718450E+05  0.55333661271590E+05
  -0.50141413702881E+05  0.73843609656750E+04 -0.16642126611857E+04 -0.18341407197601E+05  0.23601780003973E+04 -0.45635475546948E+04 -0.32490108001951E+04 -0.89513714134186E+05  0.19501649497627E+05  0.26623779426051E+04 -0.61317577256116E+03 -0.66303666093242E+03 -0.58839072657726E+02 -0.17663757781140E+01 -0.40272663777976E+04  0.49153742475730E+03 -0.32526405435379E+04 -0.18433232413235E+04  0.56167312161882E+05 -0.13714062985933E+02 -0.21164869261784E+05 -0.82264020886276E+03 -0.25264540790695E+04 -0.45591726856562E+04 -0.27715318352945E+03 -0.96880439924517E+03 -0.34879542613640E+04  0.27565904257769E+04  0.19010528656661E+04  0.73829408150205E+03  0.11035344800433E+05  0.22901542931746E+05  0.14968825624785E+04  0.33041206360380E+04  0.43817582941681E+02  0.55262700974270E+03  0.10497029476235E+04  0.12999519410312E+03  0.57927785810261E+02  0.31413205440937E+04  0.43527010195648E+03  0.28415857228965E+04  0.35888854853225E+04
   0.72927115581013E+04 -0.87481815768559E+03  0.21000551418954E+03  0.31798162072596E+04 -0.31700396561860E+03  0.94793276402866E+03  0.54995788094350E+03  0.25959669112452E+05 -0.64065368961913E+04 -0.61317577256116E+03  0.16565303251064E+03  0.18598892045656E+03  0.13576648799193E+02  0.65594569730299E+00  0.12205842206952E+04 -0.13510799208783E+03  0.95309037478873E+03  0.51885463762571E+03 -0.59744026643389E+04  0.31579458896972E+01  0.21970360516038E+04  0.12937716024220E+03  0.41609935352949E+03  0.69515232795377E+03  0.45273184488419E+02  0.16262528793531E+03  0.51488831272994E+03 -0.46080037592829E+03 -0.34748864907021E+03 -0.33420816474731E+03 -0.19894646775122E+04 -0.39531696106057E+04 -0.41608548492610E+03 -0.93520382619763E+03 -0.10798347614329E+02 -0.44358339354649E+02 -0.87052112147109E+02 -0.13171449168043E+02 -0.61905961129895E+01 -0.11286473584419E+04 -0.63843742802829E+02 -0.81178511208190E+03 -0.10078678852492E+04
   0.15381576074170E+05 -0.12016945078143E+04  0.41742583358422E+03 -0.13934710835429E+04 -0.20784792891574E+02 -0.71024199161158E+03 -0.23116975369556E+03  0.26646667667343E+05 -0.55980337513765E+04 -0.66303666093242E+03  0.18598892045656E+03  0.15732708994274E+04  0.10472746101718E+03 -0.11612361459968E+01  0.13736882198226E+04 -0.19246682968026E+03  0.13489080641887E+04  0.78248653933284E+03 -0.60145271575792E+04 -0.47410060047968E+01  0.10643875960797E+04  0.13068302529947E+02  0.19028259580669E+03 -0.35973668523345E+03 -0.21345001271499E+02 -0.88506639686629E+02 -0.20149519544220E+03 -0.11152144095979E+04 -0.93805649935177E-01 -0.68849297291977E+03 -0.49759295413436E+04 -0.20508494526583E+02 -0.22513870390693E+04 -0.68767687555104E+02 -0.77632191897135E+02 -0.20205683977225E+00  0.30428674364762E-02 -0.17055991114268E+01 -0.73041166365324E+00  0.29173179990671E+03  0.30374071012476E+03 -0.26748956767258E+04 -0.57592497161671E+01
   0.17254366301854E+04 -0.13939773822834E+03  0.53098213404628E+02 -0.15043496005634E+03  0.50331379674737E+01 -0.66883186719896E+02 -0.26901888452291E+02  0.18008564810122E+04 -0.30901483195293E+03 -0.58839072657726E+02  0.13576648799193E+02  0.10472746101718E+03  0.94769502177317E+01 -0.16905292754477E+00  0.76810514859494E+02 -0.12909529742838E+02  0.79681462400492E+02  0.50415801168397E+02 -0.28779216811266E+03 -0.42584330366376E+00 -0.38146205304605E+02  0.29651052001959E+01  0.23559870172131E+02 -0.43007106075331E+02 -0.24601004195177E+01 -0.92846036148102E+01 -0.18566679937932E+02 -0.16402852070873E+03 -0.12089708938001E-01 -0.27076204795436E+02 -0.58511494120954E+03 -0.23167884359242E+01 -0.14180362704732E+03 -0.18025619456197E+02 -0.63066178632966E+01 -0.14437931697032E+00  0.20671945556943E-02 -0.18034322831067E+00 -0.70022805474996E-01  0.28837873409557E+02  0.67858201244266E+02 -0.19378340330776E+03 -0.44327546820071E+00
  -0.10662226399031E+03  0.12781050815125E+02 -0.40482210624584E+01  0.55211786822986E+02 -0.49157835353660E+01  0.18681786101742E+02  0.98042170518631E+01  0.98671176018367E+02 -0.13852102651652E+02 -0.17663757781140E+01  0.65594569730299E+00 -0.11612361459968E+01 -0.16905292754477E+00  0.48939748149645E-01  0.14143474065868E+02 -0.10933782311613E+01  0.85231837051220E+01  0.40178769780516E+01 -0.79597442416748E+02  0.32291773975419E-01  0.36368072025776E+02  0.37783720752350E+00  0.97374904766928E+00  0.34301142847839E+01  0.14337210633586E+00  0.47056350235274E+00  0.22854057061937E+01  0.68396840799679E-01 -0.32773652485821E-04 -0.59347016289428E+01 -0.74782270377866E+00 -0.24254473610950E-02 -0.31150298488967E+01 -0.14128446546828E-04 -0.13589185933427E+00  0.48126489587800E-13 -0.70079715984136E-12 -0.16334797906357E-02 -0.89723491309259E-03 -0.15749026551014E+01  0.40186318510921E-04 -0.30526370661229E+01 -0.45204227943432E-02
   0.97085559464278E+04  0.63559908045184E+03 -0.27689361575565E+03  0.30960496554383E+05 -0.25993581393804E+04  0.94500617950991E+04  0.48546037660570E+04  0.89332831304057E+05  0.47945983044328E+05 -0.40272663777976E+04  0.12205842206952E+04  0.13736882198226E+04  0.76810514859494E+02  0.14143474065868E+02  0.49554389146052E+05 -0.46098661438087E+04  0.33193567378724E+05  0.17304316000802E+05 -0.54959209857545E+05  0.94955508681461E+00 -0.69514164090528E+04 -0.14389181407058E+03 -0.44283080728593E+03 -0.48809568786138E+03 -0.46729215761264E+02 -0.16110839102381E+03 -0.46910894137910E+03 -0.26909408921007E+04 -0.17656582267641E+04 -0.24881968500220E+04  0.20200672042040E+04  0.43476939789562E+04 -0.14779650922043E+04 -0.29284194883843E+04 -0.72711068782616E+03  0.23032650495197E+03  0.41414205417173E+03 -0.28586619886575E+04 -0.15204430410614E+04 -0.24084591779087E+04  0.19359801117725E+03 -0.89257724441812E+03 -0.10059587119061E+04
  -0.21593226633035E+04 -0.51588639469411E+02 -0.75999624527040E+01 -0.37602114219303E+04  0.32040309543592E+03 -0.11786361445320E+04 -0.61382157176202E+03 -0.11321967521133E+05 -0.22140952410245E+04  0.49153742475730E+03 -0.13510799208783E+03 -0.19246682968026E+03 -0.12909529742838E+02 -0.10933782311613E+01 -0.46098661438087E+04  0.49860682804619E+03 -0.34942998874613E+04 -0.18977406663111E+04  0.64369219384264E+04 -0.68893297488230E+00  0.10687077117551E+04  0.15694753931404E+02  0.43463196609822E+02  0.35632651744666E+02  0.47820637631370E+01  0.15870479733869E+02  0.53931907789024E+02  0.49551947418947E+03  0.31043444669050E+03  0.28735993083242E+03 -0.16743338353910E+03 -0.50185702737556E+03  0.15307444138954E+03  0.30227907405863E+03  0.80429105087202E+02 -0.61845624862800E+02 -0.10970865901337E+03  0.43397493519384E+03  0.21509461672148E+03 -0.30052534834266E+03 -0.34935947791903E+02  0.24920854915930E+03  0.27920450614680E+03
   0.10334582539452E+05  0.13124687242890E+03 -0.12474064464588E+03  0.24806387159102E+05 -0.20297026787184E+04  0.76651460352086E+04  0.38285147226777E+04  0.82569977295769E+05  0.14597121532332E+05 -0.32526405435379E+04  0.95309037478873E+03  0.13489080641887E+04  0.79681462400492E+02  0.85231837051220E+01  0.33193567378724E+05 -0.34942998874613E+04  0.25034164429150E+05  0.13412410118304E+05 -0.44348845517134E+05 -0.78523818541157E+00 -0.63771029434217E+04 -0.15525636468232E+03 -0.46369988161708E+03 -0.55503149288367E+03 -0.51889366064479E+02 -0.16919204218926E+03 -0.45847483763905E+03 -0.22974489565634E+04 -0.14962840232545E+04 -0.23488923479712E+04  0.20173286292067E+04  0.41509038341973E+04 -0.11670813537552E+04 -0.23189392746483E+04 -0.56436269099240E+03  0.55436269376000E+02  0.11043273798772E+03 -0.23348554080316E+04 -0.12664705251012E+04  0.95320391974522E+03  0.19303538610859E+03 -0.14327741799094E+04 -0.15940427478627E+04
   0.74166784722519E+04  0.72162035378931E+02 -0.45427778694663E+01  0.13928441692639E+05 -0.11547664817126E+04  0.43674572139646E+04  0.22090298938834E+04  0.44738692161122E+05  0.69738689728496E+04 -0.18433232413235E+04  0.51885463762571E+03  0.78248653933284E+03  0.50415801168397E+02  0.40178769780516E+01  0.17304316000802E+05 -0.18977406663111E+04  0.13412410118304E+05  0.72909569926624E+04 -0.24718456463591E+05  0.75974169781047E+00 -0.39951141908665E+04 -0.84523712254591E+02 -0.23923511214879E+03 -0.26254332993642E+03 -0.27646705979669E+02 -0.87590669908618E+02 -0.24858830540191E+03 -0.16426330637295E+04 -0.10360629111959E+04 -0.11841990094444E+04  0.95192292601391E+03  0.22898267100663E+04 -0.59187043829229E+03 -0.11772366505521E+04 -0.31147113439611E+03  0.87134868156501E+02  0.16231000462005E+03 -0.15149669922353E+04 -0.78785910203215E+03  0.12140130245337E+04  0.13940964130763E+03 -0.10215440292496E+04 -0.11363342502981E+04
  -0.77672554797230E+07  0.25963557201418E+07 -0.29891988957969E+06 -0.22653177614156E+07  0.48435125999845E+06 -0.45529755179563E+05 -0.23861671430854E+06 -0.58441216727719E+06 -0.25847382835893E+05  0.56167312161882E+05 -0.59744026643389E+04 -0.60145271575792E+04 -0.28779216811266E+03 -0.79597442416748E+02 -0.54959209857545E+05  0.64369219384264E+04 -0.44348845517134E+05 -0.24718456463591E+05  0.33404616752531E+08  0.53993799249607E+04 -0.66366306103309E+07 -0.10965661869005E+06 -0.35139119506969E+06 -0.93408072788824E+06 -0.31246991480435E+05 -0.13064056267304E+06 -0.75001893756830E+06  0.34161668897524E+05  0.75861427663412E+05 -0.12089802726849E+04  0.56577626783627E+06  0.27790651595323E+07  0.17074353343892E+05  0.31348629605065E+05  0.21169466897174E+03  0.18423104024349E+06  0.81120646265738E+06  0.24352405678393E+05  0.76636714633666E+04 -0.18390297003918E+05  0.44643497719855E+05  0.20585757496395E+05  0.63952519760133E+05
  -0.10564941697438E+04  0.46277515041084E+03 -0.42052731321694E+02 -0.10416688538540E+03  0.42969997264504E+02  0.63813785576523E+02  0.15475426983294E+02  0.45198468425403E+03 -0.97417760535086E+02 -0.13714062985933E+02  0.31579458896972E+01 -0.47410060047968E+01 -0.42584330366376E+00  0.32291773975419E-01  0.94955508681461E+00 -0.68893297488230E+00 -0.78523818541157E+00  0.75974169781047E+00  0.53993799249607E+04  0.19820203751150E+01 -0.10436549002362E+04 -0.10547383983262E+02 -0.37330345954291E+02 -0.12403313875704E+03 -0.10758685426510E+01 -0.10223575236124E+02 -0.98144471628460E+02  0.00000000000000E+00 -0.35147613666113E+02  0.00000000000000E+00  0.00000000000000E+00  0.21027779154673E+03  0.00000000000000E+00 -0.56549368729751E+01  0.00000000000000E+00  0.00000000000000E+00  0.17822679212058E+03  0.00000000000000E+00  0.00000000000000E+00  0.00000000000000E+00  0.19203513786104E+02  0.00000000000000E+00 -0.35228489722410E+02
   0.20606124634585E+07 -0.59054965687153E+06  0.78170367195902E+05  0.57116143734038E+06 -0.11749573079469E+06  0.30938814018450E+05  0.71594963591962E+05  0.23551870447984E+06 -0.28185547028921E+04 -0.21164869261784E+05  0.21970360516038E+04  0.10643875960797E+04 -0.38146205304605E+02  0.36368072025776E+02 -0.69514164090528E+04  0.10687077117551E+04 -0.63771029434217E+04 -0.39951141908665E+04 -0.66366306103309E+07 -0.10436549002362E+04  0.23024671137332E+07  0.47371639438952E+05  0.13816146300426E+06  0.36949826304836E+06  0.13357832065482E+05  0.50586453324364E+05  0.27101342095038E+06  0.00000000000000E+00 -0.42740560525427E+05  0.00000000000000E+00  0.00000000000000E+00 -0.10632258517443E+07  0.00000000000000E+00  0.10180965011270E+05  0.00000000000000E+00  0.00000000000000E+00 -0.22200818086403E+06  0.00000000000000E+00  0.00000000000000E+00  0.00000000000000E+00  0.33865716854181E+05  0.00000000000000E+00 -0.35615806227328E+05
   0.36912892971680E+05 -0.75227194851718E+04  0.13550525080278E+04  0.13274853556720E+05 -0.24750984819799E+04  0.14418363656426E+04  0.19455652437449E+04  0.18038741219428E+05 -0.34331748196644E+04 -0.82264020886276E+03  0.12937716024220E+03  0.13068302529947E+02  0.29651052001959E+01  0.37783720752350E+00 -0.14389181407058E+03  0.15694753931404E+02 -0.15525636468232E+03 -0.84523712254591E+02 -0.10965661869005E+06 -0.10547383983262E+02  0.47371639438952E+05  0.12799448362602E+04  0.35212491825573E+04  0.90260773722828E+04  0.34227409752823E+03  0.12277083831399E+04  0.60874531096382E+04 -0.46253983798169E+02 -0.13682664579508E+04  0.43883103811266E+01  0.58086514142869E+03 -0.27180058238556E+05  0.00000000000000E+00 -0.79460303868393E+02  0.00000000000000E+00  0.20491162368187E+04 -0.33644014794058E+04  0.00000000000000E+00  0.00000000000000E+00  0.00000000000000E+00  0.12787730430406E+04 -0.30582798555047E+03 -0.17130657676817E+04
   0.12797607658210E+06 -0.29536577862906E+05  0.47027015998826E+04  0.38920932953037E+05 -0.72716281730727E+04  0.40737338182841E+04  0.55639647763243E+04  0.59066328906375E+05 -0.11885611519103E+05 -0.25264540790695E+04  0.41609935352949E+03  0.19028259580669E+03  0.23559870172131E+02  0.97374904766928E+00 -0.44283080728593E+03  0.43463196609822E+02 -0.46369988161708E+03 -0.23923511214879E+03 -0.35139119506969E+06 -0.37330345954291E+02  0.13816146300426E+06  0.35212491825573E+04  0.10125638297457E+05  0.24918432568799E+05  0.97188619440134E+03  0.35487787709653E+04  0.17660309305359E+05 -0.15209525526070E+03 -0.36233189664310E+04 -0.17709400143304E+02 -0.57936929479025E+04 -0.78429539138400E+05  0.00000000000000E+00 -0.20944149390202E+03  0.00000000000000E+00  0.30550305090995E+04 -0.10999353429895E+05  0.00000000000000E+00  0.00000000000000E+00  0.00000000000000E+00  0.37071402065467E+04 -0.17678786409145E+04 -0.50759990067699E+04
   0.23900497801330E+06 -0.61559559059550E+05  0.89243372284431E+04  0.93644486784373E+05 -0.18028033948264E+05  0.82389177699855E+04  0.12767632270605E+05  0.95936932652791E+05 -0.17630207172046E+05 -0.45591726856562E+04  0.69515232795377E+03 -0.35973668523345E+03 -0.43007106075331E+02  0.34301142847839E+01 -0.48809568786138E+03  0.35632651744666E+02 -0.55503149288367E+03 -0.26254332993642E+03 -0.93408072788824E+06 -0.12403313875704E+03  0.36949826304836E+06  0.90260773722828E+04  0.24918432568799E+05  0.71054722908810E+05  0.24791724516361E+04  0.91173469328832E+04  0.46615015106298E+05  0.23627921979685E+03 -0.11377280689367E+05 -0.44394047317504E+01  0.37229951462177E+05 -0.19400858935419E+06  0.00000000000000E+00 -0.67322578609923E+03  0.00000000000000E+00  0.16296229869997E+05 -0.29388544092743E+05  0.00000000000000E+00  0.00000000000000E+00  0.00000000000000E+00  0.63606265443809E+04  0.14731814634660E+04 -0.12039275619966E+05
   0.12677939816449E+05 -0.29550067399114E+04  0.46897651394723E+03  0.42588933132568E+04 -0.75023259322939E+03  0.57890853121577E+03  0.66486371460767E+03  0.64051443909354E+04 -0.12754752845359E+04 -0.27715318352945E+03  0.45273184488419E+02 -0.21345001271499E+02 -0.24601004195177E+01  0.14337210633586E+00 -0.46729215761264E+02  0.47820637631370E+01 -0.51889366064479E+02 -0.27646705979669E+02 -0.31246991480435E+05 -0.10758685426510E+01  0.13357832065482E+05  0.34227409752823E+03  0.97188619440134E+03  0.24791724516361E+04  0.11442950747770E+03  0.40066326899660E+03  0.17576210931452E+04  0.00000000000000E+00 -0.43321864848717E+03  0.00000000000000E+00  0.00000000000000E+00 -0.87780442502525E+04  0.00000000000000E+00 -0.24860464489064E+02  0.00000000000000E+00  0.00000000000000E+00 -0.64380619744958E+03  0.00000000000000E+00  0.00000000000000E+00  0.00000000000000E+00  0.29507927637466E+02  0.00000000000000E+00 -0.64645053100921E+03
   0.48652249460562E+05 -0.12183860416633E+05  0.18065426077787E+04  0.15372524221998E+05 -0.27640364032735E+04  0.18922058451037E+04  0.22802045796689E+04  0.23336542452755E+05 -0.48363897439184E+04 -0.96880439924517E+03  0.16262528793531E+03 -0.88506639686629E+02 -0.92846036148102E+01  0.47056350235274E+00 -0.16110839102381E+03  0.15870479733869E+02 -0.16919204218926E+03 -0.87590669908618E+02 -0.13064056267304E+06 -0.10223575236124E+02  0.50586453324364E+05  0.12277083831399E+04  0.35487787709653E+04  0.91173469328832E+04  0.40066326899660E+03  0.14571468050946E+04  0.65240203485512E+04  0.00000000000000E+00 -0.13773714386647E+04  0.00000000000000E+00  0.00000000000000E+00 -0.31444834215464E+05  0.00000000000000E+00 -0.78707137983907E+02  0.00000000000000E+00  0.00000000000000E+00 -0.37011152571617E+04  0.00000000000000E+00  0.00000000000000E+00  0.00000000000000E+00  0.81650402332797E+01  0.00000000000000E+00 -0.23622023400982E+04
   0.25148253371018E+06 -0.68943227643369E+05  0.94726252089185E+04  0.69677990431429E+05 -0.13705977365605E+05  0.52517455733515E+04  0.90996438273181E+04  0.70752928420830E+05 -0.12751948536783E+05 -0.34879542613640E+04  0.51488831272994E+03 -0.20149519544220E+03 -0.18566679937932E+02  0.22854057061937E+01 -0.46910894137910E+03  0.53931907789024E+02 -0.45847483763905E+03 -0.24858830540191E+03 -0.75001893756830E+06 -0.98144471628460E+02  0.27101342095038E+06  0.60874531096382E+04  0.17660309305359E+05  0.46615015106298E+05  0.17576210931452E+04  0.65240203485512E+04  0.34386488426257E+05  0.00000000000000E+00 -0.78073279271583E+04  0.00000000000000E+00  0.00000000000000E+00 -0.13779205847001E+06  0.00000000000000E+00 -0.46200270241020E+03  0.00000000000000E+00  0.00000000000000E+00 -0.23062447701508E+05  0.00000000000000E+00  0.00000000000000E+00  0.00000000000000E+00  0.82623448093622E+04  0.00000000000000E+00 -0.82856541835576E+04
  -0.13222866230502E+06  0.16791516301201E+05 -0.46781827320542E+04 -0.12878703356356E+05  0.19990363284868E+04 -0.27289070435236E+04 -0.24549019764220E+04 -0.63174262033198E+05  0.11588331968781E+05  0.27565904257769E+04 -0.46080037592829E+03 -0.11152144095979E+04 -0.16402852070873E+03  0.68396840799679E-01 -0.26909408921007E+04  0.49551947418947E+03 -0.22974489565634E+04 -0.16426330637295E+04  0.34161668897524E+05  0.00000000000000E+00  0.00000000000000E+00 -0.46253983798169E+02 -0.15209525526070E+03  0.23627921979685E+03  0.00000000000000E+00  0.00000000000000E+00  0.00000000000000E+00  0.11693896302035E+06  0.00000000000000E+00  0.00000000000000E+00  0.00000000000000E+00  0.00000000000000E+00  0.00000000000000E+00  0.00000000000000E+00  0.00000000000000E+00  0.00000000000000E+00  0.00000000000000E+00  0.00000000000000E+00  0.00000000000000E+00  0.00000000000000E+00  0.00000000000000E+00  0.00000000000000E+00  0.00000000000000E+00
  -0.56055772951053E+05  0.82856672398131E+04 -0.19843340464979E+04 -0.21335183496069E+05  0.33596166885933E+04 -0.41881199915580E+04 -0.38464903661609E+04 -0.50631996288281E+05  0.10947561516488E+05  0.19010528656661E+04 -0.34748864907021E+03 -0.93805649935177E-01 -0.12089708938001E-01 -0.32773652485821E-04 -0.17656582267641E+04  0.31043444669050E+03 -0.14962840232545E+04 -0.10360629111959E+04  0.75861427663412E+05 -0.35147613666113E+02 -0.42740560525427E+05 -0.13682664579508E+04 -0.36233189664310E+04 -0.11377280689367E+05 -0.43321864848717E+03 -0.13773714386647E+04 -0.78073279271583E+04  0.00000000000000E+00  0.64897480510732E+05  0.00000000000000E+00  0.00000000000000E+00  0.00000000000000E+00  0.00000000000000E+00  0.00000000000000E+00  0.00000000000000E+00  0.00000000000000E+00  0.00000000000000E+00  0.00000000000000E+00  0.00000000000000E+00  0.00000000000000E+00  0.00000000000000E+00  0.00000000000000E+00  0.00000000000000E+00
  -0.52585270882290E+04 -0.19462956173850E+03  0.18664077566732E+02 -0.69142579508698E+02 -0.57182091549324E+02  0.15085271064772E+03  0.13710106276679E+03 -0.70488841283669E+05  0.24779765429371E+05  0.73829408150205E+03 -0.33420816474731E+03 -0.68849297291977E+03 -0.27076204795436E+02 -0.59347016289428E+01 -0.24881968500220E+04  0.28735993083242E+03 -0.23488923479712E+04 -0.11841990094444E+04 -0.12089802726849E+04  0.00000000000000E+00  0.00000000000000E+00  0.43883103811266E+01 -0.17709400143304E+02 -0.44394047317504E+01  0.00000000000000E+00  0.00000000000000E+00  0.00000000000000E+00  0.00000000000000E+00  0.00000000000000E+00  0.30807391891274E+05  0.00000000000000E+00  0.00000000000000E+00  0.00000000000000E+00  0.00000000000000E+00  0.00000000000000E+00  0.00000000000000E+00  0.00000000000000E+00  0.00000000000000E+00  0.00000000000000E+00  0.00000000000000E+00  0.00000000000000E+00  0.00000000000000E+00  0.00000000000000E+00
  -0.86848696572175E+06  0.21052949011059E+06 -0.31867340595738E+05 -0.66386420482099E+05  0.11791177877867E+05 -0.84132125460075E+04 -0.98054766164175E+04 -0.29581204422236E+06  0.67187619310756E+05  0.11035344800433E+05 -0.19894646775122E+04 -0.49759295413436E+04 -0.58511494120954E+03 -0.74782270377866E+00  0.20200672042040E+04 -0.16743338353910E+03  0.20173286292067E+04  0.95192292601391E+03  0.56577626783627E+06  0.00000000000000E+00  0.00000000000000E+00  0.58086514142869E+03 -0.57936929479025E+04  0.37229951462177E+05  0.00000000000000E+00  0.00000000000000E+00  0.00000000000000E+00  0.00000000000000E+00  0.00000000000000E+00  0.00000000000000E+00  0.58062580889014E+06  0.00000000000000E+00  0.00000000000000E+00  0.00000000000000E+00  0.00000000000000E+00  0.00000000000000E+00  0.00000000000000E+00  0.00000000000000E+00  0.00000000000000E+00  0.00000000000000E+00  0.00000000000000E+00  0.00000000000000E+00  0.00000000000000E+00
  -0.11261153919191E+07  0.26578649534695E+06 -0.41493076981476E+05 -0.34489426488376E+06  0.62555421734963E+05 -0.41158220676751E+05 -0.51148708103536E+05 -0.58059545230661E+06  0.12753848487089E+06  0.22901542931746E+05 -0.39531696106057E+04 -0.20508494526583E+02 -0.23167884359242E+01 -0.24254473610950E-02  0.43476939789562E+04 -0.50185702737556E+03  0.41509038341973E+04  0.22898267100663E+04  0.27790651595323E+07  0.21027779154673E+03 -0.10632258517443E+07 -0.27180058238556E+05 -0.78429539138400E+05 -0.19400858935419E+06 -0.87780442502525E+04 -0.31444834215464E+05 -0.13779205847001E+06  0.00000000000000E+00  0.00000000000000E+00  0.00000000000000E+00  0.00000000000000E+00  0.92159496428381E+06  0.00000000000000E+00  0.00000000000000E+00  0.00000000000000E+00  0.00000000000000E+00  0.00000000000000E+00  0.00000000000000E+00  0.00000000000000E+00  0.00000000000000E+00  0.00000000000000E+00  0.00000000000000E+00  0.00000000000000E+00
  -0.20990996392525E+05  0.57517053433049E+04 -0.79994707403673E+03 -0.13686993447213E+04  0.32064030449428E+03  0.14108981884170E+02 -0.15401780828431E+03 -0.74020317052023E+05  0.22928671478205E+05  0.14968825624785E+04 -0.41608548492610E+03 -0.22513870390693E+04 -0.14180362704732E+03 -0.31150298488967E+01 -0.14779650922043E+04  0.15307444138954E+03 -0.11670813537552E+04 -0.59187043829229E+03  0.17074353343892E+05  0.00000000000000E+00  0.00000000000000E+00  0.00000000000000E+00  0.00000000000000E+00  0.00000000000000E+00  0.00000000000000E+00  0.00000000000000E+00  0.00000000000000E+00  0.00000000000000E+00  0.00000000000000E+00  0.00000000000000E+00  0.00000000000000E+00  0.00000000000000E+00  0.14301923809416E+05  0.00000000000000E+00  0.00000000000000E+00  0.00000000000000E+00  0.00000000000000E+00  0.00000000000000E+00  0.00000000000000E+00  0.00000000000000E+00  0.00000000000000E+00  0.00000000000000E+00  0.00000000000000E+00
  -0.47497122208874E+05  0.13183357077215E+05 -0.18169960148094E+04 -0.24932418202003E+04  0.56390394733620E+03 -0.82462435031763E+01 -0.27321271609159E+03 -0.16630949226640E+06  0.51592762845162E+05  0.33041206360380E+04 -0.93520382619763E+03 -0.68767687555104E+02 -0.18025619456197E+02 -0.14128446546828E-04 -0.29284194883843E+04  0.30227907405863E+03 -0.23189392746483E+04 -0.11772366505521E+04  0.31348629605065E+05 -0.56549368729751E+01  0.10180965011270E+05 -0.79460303868393E+02 -0.20944149390202E+03 -0.67322578609923E+03 -0.24860464489064E+02 -0.78707137983907E+02 -0.46200270241020E+03  0.00000000000000E+00  0.00000000000000E+00  0.00000000000000E+00  0.00000000000000E+00  0.00000000000000E+00  0.00000000000000E+00  0.31342023289186E+05  0.00000000000000E+00  0.00000000000000E+00  0.00000000000000E+00  0.00000000000000E+00  0.00000000000000E+00  0.00000000000000E+00  0.00000000000000E+00  0.00000000000000E+00  0.00000000000000E+00
  -0.32093928859519E+04  0.42301669904674E+03 -0.10092274887021E+03 -0.71005225678838E+02  0.89861411813604E+01 -0.18705201640315E+02 -0.13078970233820E+02 -0.14148833159820E+04  0.19209082784832E+03  0.43817582941681E+02 -0.10798347614329E+02 -0.77632191897135E+02 -0.63066178632966E+01 -0.13589185933427E+00 -0.72711068782616E+03  0.80429105087202E+02 -0.56436269099240E+03 -0.31147113439611E+03  0.21169466897174E+03  0.00000000000000E+00  0.00000000000000E+00  0.00000000000000E+00  0.00000000000000E+00  0.00000000000000E+00  0.00000000000000E+00  0.00000000000000E+00  0.00000000000000E+00  0.00000000000000E+00  0.00000000000000E+00  0.00000000000000E+00  0.00000000000000E+00  0.00000000000000E+00  0.00000000000000E+00  0.00000000000000E+00  0.37997619483561E+04  0.00000000000000E+00  0.00000000000000E+00  0.00000000000000E+00  0.00000000000000E+00  0.00000000000000E+00  0.00000000000000E+00  0.00000000000000E+00  0.00000000000000E+00
  -0.20487940434638E+06  0.63893952831626E+05 -0.79138914348428E+04 -0.11788778932076E+05  0.29011791027482E+04  0.46115873436846E+03 -0.97909134426167E+03 -0.56588161124753E+04  0.59474882159064E+03  0.55262700974270E+03 -0.44358339354649E+02 -0.20205683977225E+00 -0.14437931697032E+00  0.48126489587800E-13  0.23032650495197E+03 -0.61845624862800E+02  0.55436269376000E+02  0.87134868156501E+02  0.18423104024349E+06  0.00000000000000E+00  0.00000000000000E+00  0.20491162368187E+04  0.30550305090995E+04  0.16296229869997E+05  0.00000000000000E+00  0.00000000000000E+00  0.00000000000000E+00  0.00000000000000E+00  0.00000000000000E+00  0.00000000000000E+00  0.00000000000000E+00  0.00000000000000E+00  0.00000000000000E+00  0.00000000000000E+00  0.00000000000000E+00  0.10625480670889E+06  0.00000000000000E+00  0.00000000000000E+00  0.00000000000000E+00  0.00000000000000E+00  0.00000000000000E+00  0.00000000000000E+00  0.00000000000000E+00
  -0.23100875970623E+06  0.71483371359525E+05 -0.89044989344012E+04 -0.53230742582704E+05  0.12904114246305E+05  0.17193563657254E+04 -0.45821350485415E+04 -0.11125818780719E+05  0.12036113869555E+04  0.10497029476235E+04 -0.87052112147109E+02  0.30428674364762E-02  0.20671945556943E-02 -0.70079715984136E-12  0.41414205417173E+03 -0.10970865901337E+03  0.11043273798772E+03  0.16231000462005E+03  0.81120646265738E+06  0.17822679212058E+03 -0.22200818086403E+06 -0.33644014794058E+04 -0.10999353429895E+05 -0.29388544092743E+05 -0.64380619744958E+03 -0.37011152571617E+04 -0.23062447701508E+05  0.00000000000000E+00  0.00000000000000E+00  0.00000000000000E+00  0.00000000000000E+00  0.00000000000000E+00  0.00000000000000E+00  0.00000000000000E+00  0.00000000000000E+00  0.00000000000000E+00  0.13874058685883E+06  0.00000000000000E+00  0.00000000000000E+00  0.00000000000000E+00  0.00000000000000E+00  0.00000000000000E+00  0.00000000000000E+00
