# fitpack15: fit parameters                                                                         
# CJ15 AV18 final data choices                                                                      
# Created on 01/15/2020 at 22:59:41                                                                 

 # QCD setup
  INS                           0
  NVL                          11
  IORD                          1
  Q02                   1.6899999999999999     
  IPARAMC                       7
  FLAVOR                4.0000000000000000     
  xmc                   1.3000000000000000     
  xmb                   4.5000000000000000     
  ncb                          12
  ihq                           1
  ias                           0

 # Theory corrections
  inuke                     10814
  itmc                          1
  iht                           1

 # fit parameters
 LAMBDA       0.22680        0.0000    
 a0uv          1.9567        0.0000    
 a1uv         0.56881       0.23552E-01
 a2uv          3.5567       0.11688E-01
 a3uv          0.0000        0.0000    
 a4uv          4.5627       0.62907    
 a5uv          0.0000        0.0000    
 a0dv          24.930        0.0000    
 a1dv          1.1562       0.33310E-01
 a2dv          6.6231       0.15979    
 a3dv         -3.5576       0.85356E-01
 a4dv          4.7877       0.13987    
 a5dv          0.0000        0.0000    
 a0ud         0.14195       0.49847E-02
 a1ud        -0.21085       0.38216E-02
 a2ud          8.4335       0.18942    
 a3ud          0.0000        0.0000    
 a4ud          15.823        1.3109    
 a5ud          0.0000        0.0000    
 a0du          35712.        0.0000    
 a1du          4.0835       0.85832E-01
 a2du          20.150       0.95849    
 a3du          17.000        0.0000    
 a4du          53.230        11.948    
 a0g           47.308        0.0000    
 a1g          0.60941       0.32497E-01
 a2g           6.7801       0.96587    
 a3g          -3.3787       0.14623    
 a4g           3.3829       0.37202    
 a5g           0.0000        0.0000    
 kappa        0.40000        0.0000    
 a6dv        -0.39592E-02   0.67491E-03
 a7dv          2.0000        0.0000    
 off1         -2.6689        1.8000    
 off2         0.60888E-01   0.28104E-02
 ht1          -3.5566       0.34605    
 ht2           2.0820       0.12505    
 ht3          -2.0482       0.35596E-01
 ht4           0.0000        0.0000    
 ht1n         -3.6702        1.0250    
 ht2n          1.9787       0.34150    
 ht3n         -2.1322       0.67485E-01
 ht4n          0.0000        0.0000    
 dummy44       0.0000        0.0000    
 dummy45       0.0000        0.0000    
 dummy46       0.0000        0.0000    
 dummy47       0.0000        0.0000    
 dummy48       0.0000        0.0000    
 dummy49       0.0000        0.0000    
 bcdmsh2      0.97010       0.48553E-02
 bcdmsd2      0.99014       0.58579E-02
 ccfr          1.0000        0.0000    
 nutev         1.0000        0.0000    
 zeus         0.97998        0.0000    
 h1            1.0162        0.0000    
 e605          1.0319        0.0000    
 NmcH2         1.0066       0.71354E-02
 ntv_nu        1.0000        0.0000    
 ntv_nubar     1.0000        0.0000    
 cdf_jet      0.98910        0.0000    
 d0_jet       0.83504        0.0000    
 slac_p        1.0020       0.50393E-02
 slac_d        1.0014       0.53172E-02
 e866pp       0.98206       0.19967E-01
 e866pd       0.97026       0.16435E-01
 d0_gamjet     1.0362       0.16486E-01
 h1b          0.97608        0.0000    
 jlab_p       0.99059       0.62867E-02
 jlab_d       0.97458       0.60264E-02
 blank         1.0000        0.0000    
 d0run2       0.94490       0.14236E-01
 cdfrun2      0.93144       0.17330E-01
 HERA_el       1.0000        0.0000    
 HERA_ps       1.0000        0.0000    
 CDF_Z        0.95934       0.66231E-02
 NmcRat        1.0000        0.0000    
 BNS_F2nd     0.98346       0.12204E-01
 HERMES_F2p   0.99591       0.56763E-02
 HERMES_F2d   0.97765       0.58507E-02
 END 0. 0.

 # Hessian matrix (Bevington alpha)
   0.51954487461160E+07 -0.13317393168051E+07  0.19539224028904E+06  0.50540032985333E+06 -0.12798157724604E+06 -0.29467888822654E+05  0.53179828340459E+05  0.98824820634114E+06 -0.18399152067018E+06 -0.50110066325755E+05  0.72902038163054E+04  0.15353856228236E+05  0.17225453694043E+04 -0.10638527168528E+03  0.97375346302953E+04 -0.21708690808358E+04  0.10435566194786E+05  0.74877653090492E+04 -0.77988234777949E+07 -0.12119481544032E+04  0.50659993842592E+07  0.35384994896457E+05  0.12412320265413E+06  0.22681499445660E+06  0.12200751494990E+05  0.47024657074326E+05  0.24270149248102E+06 -0.13220289580723E+06 -0.56045603512212E+05 -0.52572263571272E+04 -0.86854323434062E+06 -0.11260213015637E+07 -0.20983442191333E+05 -0.47510240614893E+05 -0.32085219379120E+04 -0.20489835146813E+06 -0.23100283101749E+06 -0.92267496366032E+04 -0.32571107801263E+04 -0.18059557304629E+05  0.17172827559012E+05 -0.74340211039322E+05 -0.58613506486580E+05
  -0.13317393168051E+07  0.41652118867269E+06 -0.51163693861273E+05 -0.13764455758736E+06  0.34540404600081E+05  0.10622976823053E+05 -0.11123060586863E+05 -0.12532580352125E+06  0.26419471454847E+05  0.73831652257091E+04 -0.87489583212109E+03 -0.11997179775668E+04 -0.13919872158073E+03  0.12753617240286E+02  0.64251645309114E+03 -0.52920255616531E+02  0.13567657497289E+03  0.75705648823675E+02  0.26083531001138E+07  0.50611221386163E+03 -0.14514120442069E+07 -0.70772849474979E+04 -0.28434033387124E+05 -0.58118277963398E+05 -0.28295938534375E+04 -0.11732389544736E+05 -0.66426555266014E+05  0.16789486823031E+05  0.82868869751141E+04 -0.19462294324804E+03  0.21056250750025E+06  0.26592268898571E+06  0.57499096602985E+04  0.13187687983072E+05  0.42296538203151E+03  0.63904262625028E+05  0.71516742665097E+05  0.24373988357168E+04  0.77179728639913E+03 -0.22148995692731E+04 -0.22630857973607E+04  0.86848054750002E+04  0.72933541268578E+04
   0.19539224028904E+06 -0.51163693861273E+05  0.74019112508268E+04  0.18807222248811E+05 -0.48745748825292E+04 -0.13565585193590E+04  0.19191741933426E+04  0.28028072014542E+05 -0.50679728488740E+04 -0.16656189672271E+04  0.21021489029338E+03  0.41718713125510E+03  0.53072582370424E+02 -0.40427257606297E+01 -0.27697320107399E+03 -0.77933654416616E+01 -0.12569512649111E+03 -0.44509415262555E+01 -0.30068270514799E+06 -0.48028156263125E+02  0.19251325216186E+06  0.12989755569618E+04  0.45634986953544E+04  0.84770055102350E+04  0.45188054177311E+03  0.17481812293967E+04  0.91549618278218E+04 -0.46837784795048E+04 -0.19870596455341E+04  0.18751029585843E+02 -0.31919275281776E+05 -0.41559857044149E+05 -0.80095037813813E+03 -0.18204412313677E+04 -0.10103096548231E+03 -0.79280312174083E+04 -0.89204698108948E+04 -0.34698766516745E+03 -0.12126023228318E+03 -0.65325424710654E+02  0.61317147610875E+03 -0.22245994091123E+04 -0.17952853064825E+04
   0.50540032985333E+06 -0.13764455758736E+06  0.18807222248811E+05  0.40157643032524E+06 -0.62396010276415E+05  0.74148520805460E+05  0.63966010013155E+05  0.36311494817701E+06 -0.27960923583507E+05 -0.18333624880678E+05  0.31798216443073E+04 -0.13958501618346E+04 -0.15051397989253E+03  0.55069140538662E+02  0.31017118678583E+05 -0.37756515996686E+04  0.25029442111272E+05  0.14056439052614E+05 -0.22739207890318E+07 -0.14860264966274E+03  0.14104885275262E+07  0.12867720936936E+05  0.37864807298841E+05  0.90258983212133E+05  0.41122037420266E+04  0.14912609577260E+05  0.67289566405411E+05 -0.12875813797042E+05 -0.21334087815988E+05 -0.69494092353154E+02 -0.66392781553970E+05 -0.34489898476207E+06 -0.13670961815357E+04 -0.24938770642199E+04 -0.70926704021844E+02 -0.11788435501186E+05 -0.53235574110595E+05 -0.24801432615136E+04 -0.96411701913171E+03 -0.98374044322753E+04 -0.15873445064233E+05 -0.72658753690754E+04 -0.21537638843912E+05
  -0.12798157724604E+06  0.34540404600081E+05 -0.48745748825292E+04 -0.62396010276415E+05  0.11441841815579E+05 -0.74286467902797E+04 -0.91027426194098E+04 -0.33352746473330E+05  0.51525709383643E+03  0.23591235941289E+04 -0.31699942782048E+03 -0.20202781997259E+02  0.50601064932759E+01 -0.49016593968503E+01 -0.26040409371805E+04  0.32180835294405E+03 -0.20472737536510E+04 -0.11650975223433E+04  0.48594139120504E+06  0.51933729328345E+02 -0.28981973118686E+06 -0.23895338626953E+04 -0.70501140411122E+04 -0.17325017177553E+05 -0.72244291253032E+03 -0.26719807275604E+04 -0.13204314441446E+05  0.19984508264997E+04  0.33596997849575E+04 -0.57131154539760E+02  0.11786002273947E+05  0.62546305991009E+05  0.32007759680904E+03  0.56358093735135E+03  0.89750082680640E+01  0.28986680905103E+04  0.12901447981326E+05  0.46556389400472E+03  0.17262263929121E+03  0.37139359267933E+03  0.25077809878352E+04  0.81508589783368E+03  0.25151813442056E+04
  -0.29467888822654E+05  0.10622976823053E+05 -0.13565585193590E+04  0.74148520805460E+05 -0.74286467902797E+04  0.24303442421229E+05  0.14506837827430E+05  0.11061108181388E+06 -0.10479541660006E+05 -0.45667168714145E+04  0.94944085077699E+03 -0.71220158654573E+03 -0.67028256245688E+02  0.18666306175318E+02  0.94852187946989E+04 -0.11856478048249E+04  0.77499907648422E+04  0.44166472224319E+04 -0.44559891903818E+05  0.61236010553042E+02  0.76735061683038E+05  0.14208927360436E+04  0.40147955876619E+04  0.80340500172533E+04  0.56359513899820E+03  0.18572322691718E+04  0.51184691021329E+04 -0.27306277964405E+04 -0.41896932730829E+04  0.15112162814246E+03 -0.84130616723144E+04 -0.41094076099130E+05  0.14675450213014E+02 -0.75714756522936E+01 -0.18711538359582E+02  0.46567796302769E+03  0.17559727648107E+04 -0.24447335562003E+03 -0.12621395949227E+03 -0.31590039742166E+04 -0.32518178234728E+04 -0.18567214530896E+04 -0.53342620601931E+04
   0.53179828340459E+05 -0.11123060586863E+05  0.19191741933426E+04  0.63966010013155E+05 -0.91027426194098E+04  0.14506837827430E+05  0.11282930596243E+05  0.60928656019144E+05 -0.34752420897607E+04 -0.32510266501677E+04  0.55072318032521E+03 -0.23223363809778E+03 -0.26977411078343E+02  0.97927806685263E+01  0.48725114430318E+04 -0.61761751222435E+03  0.38697135284156E+04  0.22334903345852E+04 -0.23909030358806E+06  0.98336494385276E+01  0.17708946887198E+06  0.18957526510194E+04  0.54324338546105E+04  0.12338521525552E+05  0.64418857860612E+03  0.22211767342359E+04  0.88018253992661E+04 -0.24566199434996E+04 -0.38496103859131E+04  0.13728803576053E+03 -0.98092993564141E+04 -0.51148635244585E+05 -0.15363856434635E+03 -0.27299310156282E+03 -0.13081119930670E+02 -0.97695411771228E+03 -0.45681656638480E+04 -0.35350904232194E+03 -0.14946574720040E+03 -0.13410374321140E+04 -0.31089090693301E+04 -0.11467426201038E+04 -0.34140599161267E+04
   0.98824820634114E+06 -0.12532580352125E+06  0.28028072014542E+05  0.36311494817701E+06 -0.33352746473330E+05  0.11061108181388E+06  0.60928656019144E+05  0.53922404267514E+07 -0.24102570926950E+07 -0.89486260920833E+05  0.25960728669303E+05  0.26574259665076E+05  0.17964076024785E+04  0.98236207057746E+02  0.89388672141377E+05 -0.11349212050541E+05  0.83251465760691E+05  0.45102022551655E+05 -0.58671009336353E+06  0.43079037747542E+03  0.58575376550724E+06  0.17964878029244E+05  0.58901778750825E+05  0.94927901886126E+05  0.62706093134562E+04  0.22988076269926E+05  0.70127523738340E+05 -0.63152225750133E+05 -0.50611288105449E+05 -0.70486267244731E+05 -0.29583455486079E+06 -0.58077123098262E+06 -0.74025078052677E+05 -0.16643226445796E+06 -0.14145529599012E+04 -0.56668932740939E+04 -0.11146411299976E+05  0.24701932799230E+03  0.25696109111759E+03 -0.27456014272845E+06 -0.87592279127903E+04 -0.14474515515238E+06 -0.17842610781413E+06
  -0.18399152067018E+06  0.26419471454847E+05 -0.50679728488740E+04 -0.27960923583507E+05  0.51525709383643E+03 -0.10479541660006E+05 -0.34752420897607E+04 -0.24102570926950E+07  0.19288706430983E+07  0.19487948320453E+05 -0.64041243439473E+04 -0.55791913948048E+04 -0.30794541510236E+03 -0.13769704228728E+02  0.48004855339216E+05 -0.22239094033572E+04  0.14712941423576E+05  0.70409439720367E+04 -0.25913664474197E+05 -0.96651526657072E+02 -0.79454354922229E+04 -0.34550428437684E+04 -0.11953506338487E+05 -0.17724995677284E+05 -0.12548625357170E+04 -0.47841552228559E+04 -0.12833477762280E+05  0.11575780061224E+05  0.10933583274013E+05  0.24766810764935E+05  0.67165894533613E+05  0.12752254070740E+06  0.22921350091246E+05  0.51609391668470E+05  0.19189340316551E+03  0.59698849743184E+03  0.12082371503570E+04 -0.12504377616709E+04 -0.69475903882056E+03  0.11311316160743E+06  0.15647826439736E+04  0.45302876793258E+05  0.55311518481731E+05
  -0.50110066325755E+05  0.73831652257091E+04 -0.16656189672271E+04 -0.18333624880678E+05  0.23591235941289E+04 -0.45667168714145E+04 -0.32510266501677E+04 -0.89486260920833E+05  0.19487948320453E+05  0.26605362659941E+04 -0.61298021086768E+03 -0.66117603922329E+03 -0.58693447643482E+02 -0.17580469121472E+01 -0.40322581454616E+04  0.49321314719829E+03 -0.32806305807506E+04 -0.18594064020791E+04  0.56372306091044E+05 -0.11943871451694E+02 -0.52372190313488E+05 -0.80970808781455E+03 -0.24925020334453E+04 -0.44403951892041E+04 -0.26975652329207E+03 -0.94864470754394E+03 -0.34077553540811E+04  0.27550867823475E+04  0.19005535710299E+04  0.73811100268893E+03  0.11032303492255E+05  0.22901734603266E+05  0.14963815635618E+04  0.33055403192977E+04  0.43793208699325E+02  0.55272593112510E+03  0.10504201895850E+04  0.12953436104215E+03  0.57744983470104E+02  0.31407539906980E+04  0.43468688850298E+03  0.28405424598373E+04  0.35879980494865E+04
   0.72902038163054E+04 -0.87489583212109E+03  0.21021489029338E+03  0.31798216443073E+04 -0.31699942782048E+03  0.94944085077699E+03  0.55072318032521E+03  0.25960728669303E+05 -0.64041243439473E+04 -0.61298021086768E+03  0.16565621202113E+03  0.18550239526458E+03  0.13545781403834E+02  0.65295579771146E+00  0.12219605557775E+04 -0.13552176257547E+03  0.96125082951131E+03  0.52333728930336E+03 -0.59977706416739E+04  0.29657466521036E+01  0.54536154874915E+04  0.12840236045130E+03  0.41367341715689E+03  0.68436837488616E+03  0.44240188835921E+02  0.15993595479438E+03  0.50793194804632E+03 -0.46070936904278E+03 -0.34741973863043E+03 -0.33418814526118E+03 -0.19896654999336E+04 -0.39545232623968E+04 -0.41609483946138E+03 -0.93587628349363E+03 -0.10796489835394E+02 -0.44407554991209E+02 -0.87188849333506E+02 -0.13084940217291E+02 -0.61563428010724E+01 -0.11287414267416E+04 -0.63788501006060E+02 -0.81178574522405E+03 -0.10078945132369E+04
   0.15353856228236E+05 -0.11997179775668E+04  0.41718713125510E+03 -0.13958501618346E+04 -0.20202781997259E+02 -0.71220158654573E+03 -0.23223363809778E+03  0.26574259665076E+05 -0.55791913948048E+04 -0.66117603922329E+03  0.18550239526458E+03  0.15665082483720E+04  0.10433885465411E+03 -0.11671049244867E+01  0.13716560093767E+04 -0.19256487227710E+03  0.13580110589962E+04  0.78758967013968E+03 -0.60152241994197E+04 -0.48016835874217E+01  0.25516322618438E+04  0.12417073688702E+02  0.18893686305619E+03 -0.36957388569481E+03 -0.21174336456158E+02 -0.88007424833342E+02 -0.20828562811352E+03 -0.11136386893123E+04 -0.78823589977049E-01 -0.68641096930448E+03 -0.49678851457932E+04 -0.17308856226399E+02 -0.22458248619289E+04 -0.68777477891692E+02 -0.77455403628561E+02 -0.20228135454109E+00  0.32111416946373E-02 -0.17007319903893E+01 -0.72850725779273E+00  0.29067852107698E+03  0.30323801248350E+03 -0.26689781895616E+04 -0.48088434673234E+01
   0.17225453694043E+04 -0.13919872158073E+03  0.53072582370424E+02 -0.15051397989253E+03  0.50601064932759E+01 -0.67028256245688E+02 -0.26977411078343E+02  0.17964076024785E+04 -0.30794541510236E+03 -0.58693447643482E+02  0.13545781403834E+02  0.10433885465411E+03  0.94460176632392E+01 -0.16858372640459E+00  0.76838904888916E+02 -0.12938158042516E+02  0.80360505424619E+02  0.50825877384538E+02 -0.28777083887043E+03 -0.42072723698891E+00 -0.10515159030106E+03  0.30244012162657E+01  0.23707114453359E+02 -0.42984191926479E+02 -0.24029547293548E+01 -0.91663422300905E+01 -0.18561132206259E+02 -0.16382226051262E+03 -0.10245482506205E-01 -0.27013199797294E+02 -0.58431721531813E+03 -0.19512740826824E+01 -0.14151702773259E+03 -0.18029345585256E+02 -0.62951579828450E+01 -0.14454362537837E+00  0.21582340191607E-02 -0.17990727812655E+00 -0.69873468410680E-01  0.28762506221274E+02  0.67745525770923E+02 -0.19342927873024E+03 -0.37324128761669E+00
  -0.10638527168528E+03  0.12753617240286E+02 -0.40427257606297E+01  0.55069140538662E+02 -0.49016593968503E+01  0.18666306175318E+02  0.97927806685263E+01  0.98236207057746E+02 -0.13769704228728E+02 -0.17580469121472E+01  0.65295579771146E+00 -0.11671049244867E+01 -0.16858372640459E+00  0.48600538828217E-01  0.14094559857205E+02 -0.10906807058833E+01  0.85440889180450E+01  0.40284481410162E+01 -0.79637226545036E+02  0.29164185320271E-01  0.89538275941313E+02  0.34810762952695E+00  0.89606435068796E+00  0.31792561819237E+01  0.13345570051964E+00  0.44189503718738E+00  0.21138235417566E+01  0.68148198155241E-01 -0.26379766218704E-04 -0.59017102137833E+01 -0.73908043755422E+00 -0.19768839230721E-02 -0.30890731351602E+01 -0.13730394689256E-04 -0.13501931893459E+00 -0.25911704028380E-12 -0.37207677021160E-12 -0.16209914952368E-02 -0.89077170038910E-03 -0.15764433089802E+01  0.38749127371400E-04 -0.30275489456835E+01 -0.36488188840229E-02
   0.97375346302953E+04  0.64251645309114E+03 -0.27697320107399E+03  0.31017118678583E+05 -0.26040409371805E+04  0.94852187946989E+04  0.48725114430318E+04  0.89388672141377E+05  0.48004855339216E+05 -0.40322581454616E+04  0.12219605557775E+04  0.13716560093767E+04  0.76838904888916E+02  0.14094559857205E+02  0.49652390979727E+05 -0.46291009753212E+04  0.33500526619602E+05  0.17471051896272E+05 -0.55207950437989E+05  0.15534968255898E+01 -0.17236802394702E+05 -0.13860905642611E+03 -0.42832382658430E+03 -0.44194597908474E+03 -0.44449302718736E+02 -0.15503845953182E+03 -0.43899274796226E+03 -0.27048016692828E+04 -0.17739217050700E+04 -0.24888559447430E+04  0.20152792604914E+04  0.43505062311608E+04 -0.14792794785131E+04 -0.29337458492343E+04 -0.72794665397483E+03  0.23462819996324E+03  0.42189956813958E+03 -0.28670997827912E+04 -0.15239212318592E+04 -0.23955052364510E+04  0.19396893320623E+03 -0.89742310130613E+03 -0.10112143625344E+04
  -0.21708690808358E+04 -0.52920255616531E+02 -0.77933654416616E+01 -0.37756515996686E+04  0.32180835294405E+03 -0.11856478048249E+04 -0.61761751222435E+03 -0.11349212050541E+05 -0.22239094033572E+04  0.49321314719829E+03 -0.13552176257547E+03 -0.19256487227710E+03 -0.12938158042516E+02 -0.10906807058833E+01 -0.46291009753212E+04  0.50186209758329E+03 -0.35350723951874E+04 -0.19204993310098E+04  0.64776389465641E+04 -0.78423562367797E+00  0.26527902441088E+04  0.14784800506249E+02  0.40969441016320E+02  0.28265550666456E+02  0.44773663813047E+01  0.15043517477702E+02  0.49157849723278E+02  0.49902275004867E+03  0.31261618560829E+03  0.28782638947052E+03 -0.16625692576528E+03 -0.50197628535562E+03  0.15354974332897E+03  0.30348338244723E+03  0.80686701077200E+02 -0.63035531567206E+02 -0.11183841401857E+03  0.43643273464763E+03  0.21612686258043E+03 -0.30398359704657E+03 -0.35001700974668E+02  0.25053614149173E+03  0.28071073399679E+03
   0.10435566194786E+05  0.13567657497289E+03 -0.12569512649111E+03  0.25029442111272E+05 -0.20472737536510E+04  0.77499907648422E+04  0.38697135284156E+04  0.83251465760691E+05  0.14712941423576E+05 -0.32806305807506E+04  0.96125082951131E+03  0.13580110589962E+04  0.80360505424619E+02  0.85440889180450E+01  0.33500526619602E+05 -0.35350723951874E+04  0.25460729485926E+05  0.13645238493729E+05 -0.44882240483409E+05 -0.25154783987769E+00 -0.15945385051851E+05 -0.15225843883443E+03 -0.45515419501993E+03 -0.51849547057646E+03 -0.50215719118173E+02 -0.16562164177543E+03 -0.43528608736847E+03 -0.23257348676580E+04 -0.15136256090173E+04 -0.23669571768237E+04  0.20328434223363E+04  0.41937950717137E+04 -0.11760224328959E+04 -0.23391379450086E+04 -0.56928926162356E+03  0.56455371049616E+02  0.11251556993457E+03 -0.23578780031611E+04 -0.12786354591212E+04  0.97849395480499E+03  0.19549829609182E+03 -0.14512800158398E+04 -0.16142740894878E+04
   0.74877653090492E+04  0.75705648823675E+02 -0.44509415262555E+01  0.14056439052614E+05 -0.11650975223433E+04  0.44166472224319E+04  0.22334903345852E+04  0.45102022551655E+05  0.70409439720367E+04 -0.18594064020791E+04  0.52333728930336E+03  0.78758967013968E+03  0.50825877384538E+02  0.40284481410162E+01  0.17471051896272E+05 -0.19204993310098E+04  0.13645238493729E+05  0.74195713309914E+04 -0.25013298109874E+05  0.11049470978654E+01 -0.99846820691590E+04 -0.82283763121415E+02 -0.23277306605997E+03 -0.23837903128003E+03 -0.26639729092033E+02 -0.85352849529860E+02 -0.23328825240788E+03 -0.16624244659829E+04 -0.10481566927802E+04 -0.11930342313290E+04  0.95778993696374E+03  0.23120506314837E+04 -0.59649861917073E+03 -0.11876563540206E+04 -0.31423395099327E+03  0.88950947338734E+02  0.16572113721134E+03 -0.15304399507522E+04 -0.79560181639894E+03  0.12336097125153E+04  0.14095904160696E+03 -0.10332024680176E+04 -0.11492102409255E+04
  -0.77988234777949E+07  0.26083531001138E+07 -0.30068270514799E+06 -0.22739207890318E+07  0.48594139120504E+06 -0.44559891903818E+05 -0.23909030358806E+06 -0.58671009336353E+06 -0.25913664474197E+05  0.56372306091044E+05 -0.59977706416739E+04 -0.60152241994197E+04 -0.28777083887043E+03 -0.79637226545036E+02 -0.55207950437989E+05  0.64776389465641E+04 -0.44882240483409E+05 -0.25013298109874E+05  0.33689748512624E+08  0.59099320356753E+04 -0.16396443888536E+08 -0.10520846607447E+06 -0.34041647321812E+06 -0.89872323804048E+06 -0.29973889444938E+05 -0.12610733662355E+06 -0.72461161727599E+06  0.34266674498165E+05  0.76139950199242E+05 -0.12122201415709E+04  0.56782331848163E+06  0.27917997522634E+07  0.17117131428734E+05  0.31462899391317E+05  0.21215275321094E+03  0.18490240474933E+06  0.81517930473815E+06  0.24406734965476E+05  0.76820112622955E+04 -0.18432059712349E+05  0.44770683483278E+05  0.20656904895315E+05  0.64198294010421E+05
  -0.12119481544032E+04  0.50611221386163E+03 -0.48028156263125E+02 -0.14860264966274E+03  0.51933729328345E+02  0.61236010553042E+02  0.98336494385276E+01  0.43079037747542E+03 -0.96651526657072E+02 -0.11943871451694E+02  0.29657466521036E+01 -0.48016835874217E+01 -0.42072723698891E+00  0.29164185320271E-01  0.15534968255898E+01 -0.78423562367797E+00 -0.25154783987769E+00  0.11049470978654E+01  0.59099320356753E+04  0.21296525107197E+01 -0.29853589195338E+04 -0.13293488252557E+02 -0.45641658331413E+02 -0.14499550533317E+03 -0.19219906425467E+01 -0.13258081709008E+02 -0.11340157680426E+03  0.00000000000000E+00 -0.31517330524656E+02  0.00000000000000E+00  0.00000000000000E+00  0.29301895203188E+03  0.00000000000000E+00 -0.64462938196820E+01  0.00000000000000E+00  0.00000000000000E+00  0.19461228044174E+03  0.00000000000000E+00  0.00000000000000E+00  0.00000000000000E+00  0.16171376389149E+02  0.00000000000000E+00 -0.32207297317405E+02
   0.50659993842592E+07 -0.14514120442069E+07  0.19251325216186E+06  0.14104885275262E+07 -0.28981973118686E+06  0.76735061683038E+05  0.17708946887198E+06  0.58575376550724E+06 -0.79454354922229E+04 -0.52372190313488E+05  0.54536154874915E+04  0.25516322618438E+04 -0.10515159030106E+03  0.89538275941313E+02 -0.17236802394702E+05  0.26527902441088E+04 -0.15945385051851E+05 -0.99846820691590E+04 -0.16396443888536E+08 -0.29853589195338E+04  0.13914671740794E+08  0.11236773125722E+06  0.32900449062329E+06  0.87480226752540E+06  0.31617781210479E+05  0.12021028575757E+06  0.64141967942471E+06  0.00000000000000E+00 -0.10575459197707E+06  0.00000000000000E+00  0.00000000000000E+00 -0.26202927460804E+07  0.00000000000000E+00  0.25085675296907E+05  0.00000000000000E+00  0.00000000000000E+00 -0.54594945727880E+06  0.00000000000000E+00  0.00000000000000E+00  0.00000000000000E+00  0.76206912418843E+05  0.00000000000000E+00 -0.88098943905860E+05
   0.35384994896457E+05 -0.70772849474979E+04  0.12989755569618E+04  0.12867720936936E+05 -0.23895338626953E+04  0.14208927360436E+04  0.18957526510194E+04  0.17964878029244E+05 -0.34550428437684E+04 -0.80970808781455E+03  0.12840236045130E+03  0.12417073688702E+02  0.30244012162657E+01  0.34810762952695E+00 -0.13860905642611E+03  0.14784800506249E+02 -0.15225843883443E+03 -0.82283763121415E+02 -0.10520846607447E+06 -0.13293488252557E+02  0.11236773125722E+06  0.12157834200229E+04  0.33417715979872E+04  0.84955473777238E+04  0.32190148987731E+03  0.11566540114472E+04  0.57045373595006E+04 -0.46475008348977E+02 -0.13405819709922E+04  0.43354780412181E+01  0.58060538713450E+03 -0.26448875852498E+05  0.00000000000000E+00 -0.88647908240501E+02  0.00000000000000E+00  0.20600553967989E+04 -0.31988269704046E+04  0.00000000000000E+00  0.00000000000000E+00  0.00000000000000E+00  0.12546819847040E+04 -0.30900539199715E+03 -0.16940718134375E+04
   0.12412320265413E+06 -0.28434033387124E+05  0.45634986953544E+04  0.37864807298841E+05 -0.70501140411122E+04  0.40147955876619E+04  0.54324338546105E+04  0.58901778750825E+05 -0.11953506338487E+05 -0.24925020334453E+04  0.41367341715689E+03  0.18893686305619E+03  0.23707114453359E+02  0.89606435068796E+00 -0.42832382658430E+03  0.40969441016320E+02 -0.45515419501993E+03 -0.23277306605997E+03 -0.34041647321812E+06 -0.45641658331413E+02  0.32900449062329E+06  0.33417715979872E+04  0.96302801144817E+04  0.23445211340532E+05  0.91524978001018E+03  0.33516200293264E+04  0.16601495608040E+05 -0.15231704820174E+03 -0.35502922521534E+04 -0.18704544228801E+02 -0.58185882139066E+04 -0.76522663293955E+05  0.00000000000000E+00 -0.23365818439268E+03  0.00000000000000E+00  0.30592067885241E+04 -0.10583449928915E+05  0.00000000000000E+00  0.00000000000000E+00  0.00000000000000E+00  0.36412520182650E+04 -0.17801585232699E+04 -0.50280846985215E+04
   0.22681499445660E+06 -0.58118277963398E+05  0.84770055102350E+04  0.90258983212133E+05 -0.17325017177553E+05  0.80340500172533E+04  0.12338521525552E+05  0.94927901886126E+05 -0.17724995677284E+05 -0.44403951892041E+04  0.68436837488616E+03 -0.36957388569481E+03 -0.42984191926479E+02  0.31792561819237E+01 -0.44194597908474E+03  0.28265550666456E+02 -0.51849547057646E+03 -0.23837903128003E+03 -0.89872323804048E+06 -0.14499550533317E+03  0.87480226752540E+06  0.84955473777238E+04  0.23445211340532E+05  0.66752837084510E+05  0.23166802581237E+04  0.85438509569338E+04  0.43521875672452E+05  0.23681507147220E+03 -0.11141620407445E+05 -0.45229261608282E+01  0.37229922709285E+05 -0.18782476625909E+06  0.00000000000000E+00 -0.75106757469881E+03  0.00000000000000E+00  0.16276232519053E+05 -0.28082594590107E+05  0.00000000000000E+00  0.00000000000000E+00  0.00000000000000E+00  0.61452448187115E+04  0.14757860163836E+04 -0.11861325665330E+05
   0.12200751494990E+05 -0.28295938534375E+04  0.45188054177311E+03  0.41122037420266E+04 -0.72244291253032E+03  0.56359513899820E+03  0.64418857860612E+03  0.62706093134562E+04 -0.12548625357170E+04 -0.26975652329207E+03  0.44240188835921E+02 -0.21174336456158E+02 -0.24029547293548E+01  0.13345570051964E+00 -0.44449302718736E+02  0.44773663813047E+01 -0.50215719118173E+02 -0.26639729092033E+02 -0.29973889444938E+05 -0.19219906425467E+01  0.31617781210479E+05  0.32190148987731E+03  0.91524978001018E+03  0.23166802581237E+04  0.10729118833228E+03  0.37681502093452E+03  0.16428289128360E+04  0.00000000000000E+00 -0.42414166429501E+03  0.00000000000000E+00  0.00000000000000E+00 -0.84943090625826E+04  0.00000000000000E+00 -0.27734957803495E+02  0.00000000000000E+00  0.00000000000000E+00 -0.60150734024749E+03  0.00000000000000E+00  0.00000000000000E+00  0.00000000000000E+00  0.32359895010745E+02  0.00000000000000E+00 -0.63132627609616E+03
   0.47024657074326E+05 -0.11732389544736E+05  0.17481812293967E+04  0.14912609577260E+05 -0.26719807275604E+04  0.18572322691718E+04  0.22211767342359E+04  0.22988076269926E+05 -0.47841552228559E+04 -0.94864470754394E+03  0.15993595479438E+03 -0.88007424833342E+02 -0.91663422300905E+01  0.44189503718738E+00 -0.15503845953182E+03  0.15043517477702E+02 -0.16562164177543E+03 -0.85352849529860E+02 -0.12610733662355E+06 -0.13258081709008E+02  0.12021028575757E+06  0.11566540114472E+04  0.33516200293264E+04  0.85438509569338E+04  0.37681502093452E+03  0.13756111569256E+04  0.61138053456136E+04  0.00000000000000E+00 -0.13491322653103E+04  0.00000000000000E+00  0.00000000000000E+00 -0.30577358405121E+05  0.00000000000000E+00 -0.87807657486762E+02  0.00000000000000E+00  0.00000000000000E+00 -0.35233038736180E+04  0.00000000000000E+00  0.00000000000000E+00  0.00000000000000E+00 -0.26582350671225E+01  0.00000000000000E+00 -0.23172881332212E+04
   0.24270149248102E+06 -0.66426555266014E+05  0.91549618278218E+04  0.67289566405411E+05 -0.13204314441446E+05  0.51184691021329E+04  0.88018253992661E+04  0.70127523738340E+05 -0.12833477762280E+05 -0.34077553540811E+04  0.50793194804632E+03 -0.20828562811352E+03 -0.18561132206259E+02  0.21138235417566E+01 -0.43899274796226E+03  0.49157849723278E+02 -0.43528608736847E+03 -0.23328825240788E+03 -0.72461161727599E+06 -0.11340157680426E+03  0.64141967942471E+06  0.57045373595006E+04  0.16601495608040E+05  0.43521875672452E+05  0.16428289128360E+04  0.61138053456136E+04  0.32151730708242E+05  0.00000000000000E+00 -0.76459541950109E+04  0.00000000000000E+00  0.00000000000000E+00 -0.13346556988928E+06  0.00000000000000E+00 -0.51542180404894E+03  0.00000000000000E+00  0.00000000000000E+00 -0.22084376186508E+05  0.00000000000000E+00  0.00000000000000E+00  0.00000000000000E+00  0.81075473995122E+04  0.00000000000000E+00 -0.81671037612539E+04
  -0.13220289580723E+06  0.16789486823031E+05 -0.46837784795048E+04 -0.12875813797042E+05  0.19984508264997E+04 -0.27306277964405E+04 -0.24566199434996E+04 -0.63152225750133E+05  0.11575780061224E+05  0.27550867823475E+04 -0.46070936904278E+03 -0.11136386893123E+04 -0.16382226051262E+03  0.68148198155241E-01 -0.27048016692828E+04  0.49902275004867E+03 -0.23257348676580E+04 -0.16624244659829E+04  0.34266674498165E+05  0.00000000000000E+00  0.00000000000000E+00 -0.46475008348977E+02 -0.15231704820174E+03  0.23681507147220E+03  0.00000000000000E+00  0.00000000000000E+00  0.00000000000000E+00  0.11694657513390E+06  0.00000000000000E+00  0.00000000000000E+00  0.00000000000000E+00  0.00000000000000E+00  0.00000000000000E+00  0.00000000000000E+00  0.00000000000000E+00  0.00000000000000E+00  0.00000000000000E+00  0.00000000000000E+00  0.00000000000000E+00  0.00000000000000E+00  0.00000000000000E+00  0.00000000000000E+00  0.00000000000000E+00
  -0.56045603512212E+05  0.82868869751141E+04 -0.19870596455341E+04 -0.21334087815988E+05  0.33596997849575E+04 -0.41896932730829E+04 -0.38496103859131E+04 -0.50611288105449E+05  0.10933583274013E+05  0.19005535710299E+04 -0.34741973863043E+03 -0.78823589977049E-01 -0.10245482506205E-01 -0.26379766218704E-04 -0.17739217050700E+04  0.31261618560829E+03 -0.15136256090173E+04 -0.10481566927802E+04  0.76139950199242E+05 -0.31517330524656E+02 -0.10575459197707E+06 -0.13405819709922E+04 -0.35502922521534E+04 -0.11141620407445E+05 -0.42414166429501E+03 -0.13491322653103E+04 -0.76459541950109E+04  0.00000000000000E+00  0.64923839443066E+05  0.00000000000000E+00  0.00000000000000E+00  0.00000000000000E+00  0.00000000000000E+00  0.00000000000000E+00  0.00000000000000E+00  0.00000000000000E+00  0.00000000000000E+00  0.00000000000000E+00  0.00000000000000E+00  0.00000000000000E+00  0.00000000000000E+00  0.00000000000000E+00  0.00000000000000E+00
  -0.52572263571272E+04 -0.19462294324804E+03  0.18751029585843E+02 -0.69494092353154E+02 -0.57131154539760E+02  0.15112162814246E+03  0.13728803576053E+03 -0.70486267244731E+05  0.24766810764935E+05  0.73811100268893E+03 -0.33418814526118E+03 -0.68641096930448E+03 -0.27013199797294E+02 -0.59017102137833E+01 -0.24888559447430E+04  0.28782638947052E+03 -0.23669571768237E+04 -0.11930342313290E+04 -0.12122201415709E+04  0.00000000000000E+00  0.00000000000000E+00  0.43354780412181E+01 -0.18704544228801E+02 -0.45229261608282E+01  0.00000000000000E+00  0.00000000000000E+00  0.00000000000000E+00  0.00000000000000E+00  0.00000000000000E+00  0.30804622888343E+05  0.00000000000000E+00  0.00000000000000E+00  0.00000000000000E+00  0.00000000000000E+00  0.00000000000000E+00  0.00000000000000E+00  0.00000000000000E+00  0.00000000000000E+00  0.00000000000000E+00  0.00000000000000E+00  0.00000000000000E+00  0.00000000000000E+00  0.00000000000000E+00
  -0.86854323434062E+06  0.21056250750025E+06 -0.31919275281776E+05 -0.66392781553970E+05  0.11786002273947E+05 -0.84130616723144E+04 -0.98092993564141E+04 -0.29583455486079E+06  0.67165894533613E+05  0.11032303492255E+05 -0.19896654999336E+04 -0.49678851457932E+04 -0.58431721531813E+03 -0.73908043755422E+00  0.20152792604914E+04 -0.16625692576528E+03  0.20328434223363E+04  0.95778993696374E+03  0.56782331848163E+06  0.00000000000000E+00  0.00000000000000E+00  0.58060538713450E+03 -0.58185882139066E+04  0.37229922709285E+05  0.00000000000000E+00  0.00000000000000E+00  0.00000000000000E+00  0.00000000000000E+00  0.00000000000000E+00  0.00000000000000E+00  0.58077510531386E+06  0.00000000000000E+00  0.00000000000000E+00  0.00000000000000E+00  0.00000000000000E+00  0.00000000000000E+00  0.00000000000000E+00  0.00000000000000E+00  0.00000000000000E+00  0.00000000000000E+00  0.00000000000000E+00  0.00000000000000E+00  0.00000000000000E+00
  -0.11260213015637E+07  0.26592268898571E+06 -0.41559857044149E+05 -0.34489898476207E+06  0.62546305991009E+05 -0.41094076099130E+05 -0.51148635244585E+05 -0.58077123098262E+06  0.12752254070740E+06  0.22901734603266E+05 -0.39545232623968E+04 -0.17308856226399E+02 -0.19512740826824E+01 -0.19768839230721E-02  0.43505062311608E+04 -0.50197628535562E+03  0.41937950717137E+04  0.23120506314837E+04  0.27917997522634E+07  0.29301895203188E+03 -0.26202927460804E+07 -0.26448875852498E+05 -0.76522663293955E+05 -0.18782476625909E+06 -0.84943090625826E+04 -0.30577358405121E+05 -0.13346556988928E+06  0.00000000000000E+00  0.00000000000000E+00  0.00000000000000E+00  0.00000000000000E+00  0.92199144210937E+06  0.00000000000000E+00  0.00000000000000E+00  0.00000000000000E+00  0.00000000000000E+00  0.00000000000000E+00  0.00000000000000E+00  0.00000000000000E+00  0.00000000000000E+00  0.00000000000000E+00  0.00000000000000E+00  0.00000000000000E+00
  -0.20983442191333E+05  0.57499096602985E+04 -0.80095037813813E+03 -0.13670961815357E+04  0.32007759680904E+03  0.14675450213014E+02 -0.15363856434635E+03 -0.74025078052677E+05  0.22921350091246E+05  0.14963815635618E+04 -0.41609483946138E+03 -0.22458248619289E+04 -0.14151702773259E+03 -0.30890731351602E+01 -0.14792794785131E+04  0.15354974332897E+03 -0.11760224328959E+04 -0.59649861917073E+03  0.17117131428734E+05  0.00000000000000E+00  0.00000000000000E+00  0.00000000000000E+00  0.00000000000000E+00  0.00000000000000E+00  0.00000000000000E+00  0.00000000000000E+00  0.00000000000000E+00  0.00000000000000E+00  0.00000000000000E+00  0.00000000000000E+00  0.00000000000000E+00  0.00000000000000E+00  0.14299594888457E+05  0.00000000000000E+00  0.00000000000000E+00  0.00000000000000E+00  0.00000000000000E+00  0.00000000000000E+00  0.00000000000000E+00  0.00000000000000E+00  0.00000000000000E+00  0.00000000000000E+00  0.00000000000000E+00
  -0.47510240614893E+05  0.13187687983072E+05 -0.18204412313677E+04 -0.24938770642199E+04  0.56358093735135E+03 -0.75714756522936E+01 -0.27299310156282E+03 -0.16643226445796E+06  0.51609391668470E+05  0.33055403192977E+04 -0.93587628349363E+03 -0.68777477891692E+02 -0.18029345585256E+02 -0.13730394689256E-04 -0.29337458492343E+04  0.30348338244723E+03 -0.23391379450086E+04 -0.11876563540206E+04  0.31462899391317E+05 -0.64462938196820E+01  0.25085675296907E+05 -0.88647908240501E+02 -0.23365818439268E+03 -0.75106757469881E+03 -0.27734957803495E+02 -0.87807657486762E+02 -0.51542180404894E+03  0.00000000000000E+00  0.00000000000000E+00  0.00000000000000E+00  0.00000000000000E+00  0.00000000000000E+00  0.00000000000000E+00  0.31373857410260E+05  0.00000000000000E+00  0.00000000000000E+00  0.00000000000000E+00  0.00000000000000E+00  0.00000000000000E+00  0.00000000000000E+00  0.00000000000000E+00  0.00000000000000E+00  0.00000000000000E+00
  -0.32085219379120E+04  0.42296538203151E+03 -0.10103096548231E+03 -0.70926704021844E+02  0.89750082680640E+01 -0.18711538359582E+02 -0.13081119930670E+02 -0.14145529599012E+04  0.19189340316551E+03  0.43793208699325E+02 -0.10796489835394E+02 -0.77455403628561E+02 -0.62951579828450E+01 -0.13501931893459E+00 -0.72794665397483E+03  0.80686701077200E+02 -0.56928926162356E+03 -0.31423395099327E+03  0.21215275321094E+03  0.00000000000000E+00  0.00000000000000E+00  0.00000000000000E+00  0.00000000000000E+00  0.00000000000000E+00  0.00000000000000E+00  0.00000000000000E+00  0.00000000000000E+00  0.00000000000000E+00  0.00000000000000E+00  0.00000000000000E+00  0.00000000000000E+00  0.00000000000000E+00  0.00000000000000E+00  0.00000000000000E+00  0.37992875962372E+04  0.00000000000000E+00  0.00000000000000E+00  0.00000000000000E+00  0.00000000000000E+00  0.00000000000000E+00  0.00000000000000E+00  0.00000000000000E+00  0.00000000000000E+00
  -0.20489835146813E+06  0.63904262625028E+05 -0.79280312174083E+04 -0.11788435501186E+05  0.28986680905103E+04  0.46567796302769E+03 -0.97695411771228E+03 -0.56668932740939E+04  0.59698849743184E+03  0.55272593112510E+03 -0.44407554991209E+02 -0.20228135454109E+00 -0.14454362537837E+00 -0.25911704028380E-12  0.23462819996324E+03 -0.63035531567206E+02  0.56455371049616E+02  0.88950947338734E+02  0.18490240474933E+06  0.00000000000000E+00  0.00000000000000E+00  0.20600553967989E+04  0.30592067885241E+04  0.16276232519053E+05  0.00000000000000E+00  0.00000000000000E+00  0.00000000000000E+00  0.00000000000000E+00  0.00000000000000E+00  0.00000000000000E+00  0.00000000000000E+00  0.00000000000000E+00  0.00000000000000E+00  0.00000000000000E+00  0.00000000000000E+00  0.10627742428632E+06  0.00000000000000E+00  0.00000000000000E+00  0.00000000000000E+00  0.00000000000000E+00  0.00000000000000E+00  0.00000000000000E+00  0.00000000000000E+00
  -0.23100283101749E+06  0.71516742665097E+05 -0.89204698108948E+04 -0.53235574110595E+05  0.12901447981326E+05  0.17559727648107E+04 -0.45681656638480E+04 -0.11146411299976E+05  0.12082371503570E+04  0.10504201895850E+04 -0.87188849333506E+02  0.32111416946373E-02  0.21582340191607E-02 -0.37207677021160E-12  0.42189956813958E+03 -0.11183841401857E+03  0.11251556993457E+03  0.16572113721134E+03  0.81517930473815E+06  0.19461228044174E+03 -0.54594945727880E+06 -0.31988269704046E+04 -0.10583449928915E+05 -0.28082594590107E+05 -0.60150734024749E+03 -0.35233038736180E+04 -0.22084376186508E+05  0.00000000000000E+00  0.00000000000000E+00  0.00000000000000E+00  0.00000000000000E+00  0.00000000000000E+00  0.00000000000000E+00  0.00000000000000E+00  0.00000000000000E+00  0.00000000000000E+00  0.13878252890925E+06  0.00000000000000E+00  0.00000000000000E+00  0.00000000000000E+00  0.00000000000000E+00  0.00000000000000E+00  0.00000000000000E+00
