# fitpack15: fit parameters                                                                         
# CJ15 AV18 final data choices                                                                      
# Created on 01/16/2020 at 18:12:18                                                                 

 # QCD setup
  INS                           0
  NVL                          11
  IORD                          1
  Q02                   1.6899999999999999     
  IPARAMC                       7
  FLAVOR                4.0000000000000000     
  xmc                   1.3000000000000000     
  xmb                   4.5000000000000000     
  ncb                          12
  ihq                           1
  ias                           0

 # Theory corrections
  inuke                     10814
  itmc                          1
  iht                           1

 # fit parameters
 LAMBDA       0.22680        0.0000    
 a0uv          1.9563        0.0000    
 a1uv         0.56871       0.23547E-01
 a2uv          3.5569       0.11685E-01
 a3uv          0.0000        0.0000    
 a4uv          4.5628       0.62906    
 a5uv          0.0000        0.0000    
 a0dv          24.927        0.0000    
 a1dv          1.1562       0.33431E-01
 a2dv          6.6267       0.16019    
 a3dv         -3.5575       0.85575E-01
 a4dv          4.7892       0.13999    
 a5dv          0.0000        0.0000    
 a0ud         0.14195       0.49845E-02
 a1ud        -0.21086       0.38213E-02
 a2ud          8.4335       0.18918    
 a3ud          0.0000        0.0000    
 a4ud          15.838        1.3110    
 a5ud          0.0000        0.0000    
 a0du          35712.        0.0000    
 a1du          4.0813       0.85090E-01
 a2du          20.148       0.95529    
 a3du          17.000        0.0000    
 a4du          52.287        11.538    
 a0g           47.233        0.0000    
 a1g          0.60905       0.32344E-01
 a2g           6.7388       0.95962    
 a3g          -3.3783       0.14447    
 a4g           3.3727       0.36617    
 a5g           0.0000        0.0000    
 kappa        0.40000        0.0000    
 a6dv        -0.39852E-02   0.67692E-03
 a7dv          2.0000        0.0000    
 off1         -2.5645        1.7969    
 off2         0.61105E-01   0.32732E-02
 ht1          -3.5472       0.34433    
 ht2           2.0741       0.12462    
 ht3          -2.0496       0.35538E-01
 ht4           0.0000        0.0000    
 ht1n         -3.6614        1.0158    
 ht2n          1.9704       0.33969    
 ht3n         -2.1404       0.68361E-01
 ht4n          0.0000        0.0000    
 dummy44       0.0000        0.0000    
 dummy45       0.0000        0.0000    
 dummy46       0.0000        0.0000    
 dummy47       0.0000        0.0000    
 dummy48       0.0000        0.0000    
 dummy49       0.0000        0.0000    
 bcdmsh2      0.97002       0.48544E-02
 bcdmsd2      0.99004       0.58571E-02
 ccfr          1.0000        0.0000    
 nutev         1.0000        0.0000    
 zeus         0.97998        0.0000    
 h1            1.0162        0.0000    
 e605          1.0319        0.0000    
 NmcH2         1.0065       0.71356E-02
 ntv_nu        1.0000        0.0000    
 ntv_nubar     1.0000        0.0000    
 cdf_jet      0.98910        0.0000    
 d0_jet       0.83504        0.0000    
 slac_p        1.0018       0.50382E-02
 slac_d        1.0013       0.53191E-02
 e866pp       0.98184       0.19991E-01
 e866pd       0.97012       0.16419E-01
 d0_gamjet     1.0361       0.16485E-01
 h1b          0.97608        0.0000    
 jlab_p       0.99050       0.62869E-02
 jlab_d       0.97478       0.60314E-02
 blank         1.0000        0.0000    
 d0run2       0.94507       0.14251E-01
 cdfrun2      0.93154       0.17336E-01
 HERA_el       1.0000        0.0000    
 HERA_ps       1.0000        0.0000    
 CDF_Z        0.95942       0.66202E-02
 NmcRat        1.0000        0.0000    
 BNS_F2nd     0.98398       0.12171E-01
 HERMES_F2p   0.99576       0.56754E-02
 HERMES_F2d   0.97752       0.58517E-02
 END 0. 0.

 # Hessian matrix (Bevington alpha)
   0.51970552007943E+07 -0.13320646556938E+07  0.19544021529808E+06  0.50553721530672E+06 -0.12781499606254E+06 -0.29679078739913E+05  0.52996177019588E+05  0.98966699184071E+06 -0.18443116547663E+06 -0.50159252289035E+05  0.72922563685600E+04  0.15406958297067E+05  0.17284113568858E+04 -0.10817382607875E+03  0.98174978052556E+04 -0.21887572258502E+04  0.10684224917292E+05  0.76438365092733E+04 -0.78024628596514E+07 -0.12003251968498E+04  0.43061506716030E+07  0.33472065668589E+05  0.11927710454413E+06  0.21096890728378E+06  0.11527556649149E+05  0.45044670169581E+05  0.23194138406786E+06 -0.13222403162802E+06 -0.56054402547140E+05 -0.52667101267090E+04 -0.86887885049517E+06 -0.11260363270177E+07 -0.20971769202509E+05 -0.47557132178194E+05 -0.32089805653049E+04 -0.20496988656903E+06 -0.23094172576930E+06 -0.92222827195547E+04 -0.32561006535292E+04 -0.18066517910514E+05  0.17153454558917E+05 -0.74365964836748E+05 -0.58637288268531E+05
  -0.13320646556938E+07  0.41658160333276E+06 -0.51172930683272E+05 -0.13768619410224E+06  0.34481032476546E+05  0.10679299807606E+05 -0.11072668435310E+05 -0.12552236999592E+06  0.26474945071319E+05  0.73918302595910E+04 -0.87533716206579E+03 -0.12036280981933E+04 -0.13966952103552E+03  0.12961101847563E+02  0.64057884675375E+03 -0.52988519568383E+02  0.13336437092266E+03  0.75494144051105E+02  0.26092941448284E+07  0.50285696954884E+03 -0.12337272448971E+07 -0.65414892299933E+04 -0.27085444844835E+05 -0.53824720742164E+05 -0.26428241198943E+04 -0.11190596083380E+05 -0.63497156349561E+05  0.16789208315907E+05  0.82867979784329E+04 -0.19377086101503E+03  0.21062172517410E+06  0.26591623905162E+06  0.57449718581128E+04  0.13197440711908E+05  0.42298214106897E+03  0.63918669244779E+05  0.71496647618559E+05  0.24362478841012E+04  0.77155404104847E+03 -0.22136777386612E+04 -0.22615899422876E+04  0.86873267814111E+04  0.72961934065599E+04
   0.19544021529808E+06 -0.51172930683272E+05  0.74032658910762E+04  0.18811194986461E+05 -0.48678447454295E+04 -0.13644225325098E+04  0.19120848415984E+04  0.28073605361065E+05 -0.50827354595483E+04 -0.16672380425110E+04  0.21028125328076E+03  0.41853752788811E+03  0.53248082287847E+02 -0.41200200364922E+01 -0.27463742828952E+03 -0.82851596864740E+01 -0.12339555899132E+03 -0.24297945718079E+01 -0.30080773043540E+06 -0.47585401429713E+02  0.16363190130409E+06  0.12263859299007E+04  0.43792839689968E+04  0.78788527341035E+04  0.42634136750160E+03  0.16731304152232E+04  0.87484763040871E+04 -0.46840598067741E+04 -0.19872165289455E+04  0.18468776990500E+02 -0.31929029595545E+05 -0.41558763622789E+05 -0.80040692538984E+03 -0.18220446372596E+04 -0.10103603163915E+03 -0.79301206929811E+04 -0.89177383525467E+04 -0.34680307492137E+03 -0.12121564778444E+03 -0.65512027974705E+02  0.61249793759849E+03 -0.22251904401121E+04 -0.17958914988834E+04
   0.50553721530672E+06 -0.13768619410224E+06  0.18811194986461E+05  0.40147917831321E+06 -0.62329599620598E+05  0.73964349590593E+05  0.63841262562259E+05  0.36320895750242E+06 -0.27877406511356E+05 -0.18348244861540E+05  0.31794860790938E+04 -0.13975015044996E+04 -0.15084736392887E+03  0.56189563334131E+02  0.31045784251960E+05 -0.37862293121004E+04  0.25358358154131E+05  0.14241950030671E+05 -0.22742790062348E+07 -0.14525300446057E+03  0.11978527167337E+07  0.12341611956477E+05  0.36501222290860E+05  0.85806237563648E+05  0.39231182037265E+04  0.14347466432413E+05  0.64230778715027E+05 -0.12873526837997E+05 -0.21331541794254E+05 -0.70790250586928E+02 -0.66398037323966E+05 -0.34487958775251E+06 -0.13692406424370E+04 -0.24967342753891E+04 -0.71060239238001E+02 -0.11786254555691E+05 -0.53215621111597E+05 -0.24778670013901E+04 -0.96342952997765E+03 -0.98464068198641E+04 -0.15858827723229E+05 -0.72665894174776E+04 -0.21542650873981E+05
  -0.12781499606254E+06  0.34481032476546E+05 -0.48678447454295E+04 -0.62329599620598E+05  0.11416131665916E+05 -0.74019245420341E+04 -0.90771668507349E+04 -0.33357995148200E+05  0.50778925429326E+03  0.23602034731907E+04 -0.31689087689754E+03 -0.20471303901334E+02  0.50674346963355E+01 -0.50072990467800E+01 -0.26062495604084E+04  0.32285349197240E+03 -0.20735828943820E+04 -0.11803326044064E+04  0.48515834359376E+06  0.51094499907589E+02 -0.24581644005334E+06 -0.22821583142187E+04 -0.67702275342033E+04 -0.16426041298831E+05 -0.68345137298451E+03 -0.25555583314547E+04 -0.12584155769412E+05  0.19972866908207E+04  0.33573512772375E+04 -0.56948163973863E+02  0.11772240633432E+05  0.62479113721644E+05  0.31999845025295E+03  0.56320694765571E+03  0.89900875892114E+01  0.28927736562224E+04  0.12875237642609E+05  0.46454898823433E+03  0.17231241464769E+03  0.37265845398391E+03  0.25049771849330E+04  0.81462232230132E+03  0.25143151302381E+04
  -0.29679078739913E+05  0.10679299807606E+05 -0.13644225325098E+04  0.73964349590593E+05 -0.74019245420341E+04  0.24233355942839E+05  0.14459790002630E+05  0.11047819764561E+06 -0.10441320902287E+05 -0.45619662387710E+04  0.94797775475956E+03 -0.71330345357012E+03 -0.67148712891159E+02  0.19027520111432E+02  0.94832328538867E+04 -0.11874061974437E+04  0.78471000794661E+04  0.44716513113902E+04 -0.43586420597042E+05  0.61509345368462E+02  0.64555334183813E+05  0.13802461261340E+04  0.39063293441381E+04  0.76657862023889E+04  0.55054546140316E+03  0.18136934702219E+04  0.48627650244342E+04 -0.27253181158788E+04 -0.41817632418409E+04  0.15031788400441E+03 -0.83875594526656E+04 -0.40944870094535E+05  0.14851122922693E+02 -0.71887400708790E+01 -0.18706501367131E+02  0.46901293418016E+03  0.17755610996254E+04 -0.24318155463129E+03 -0.12572354664087E+03 -0.31591514109904E+04 -0.32410692494009E+04 -0.18545277396199E+04 -0.53280236436730E+04
   0.52996177019588E+05 -0.11072668435310E+05  0.19120848415984E+04  0.63841262562259E+05 -0.90771668507349E+04  0.14459790002630E+05  0.11246677098591E+05  0.60868905744528E+05 -0.34560699707891E+04 -0.32489259842953E+04  0.54997758386156E+03 -0.23239256733163E+03 -0.27019896281745E+02  0.99897450300427E+01  0.48734730741386E+04 -0.61901981901689E+03  0.39192211649290E+04  0.22622689994733E+04 -0.23831864562680E+06  0.10347153105643E+02  0.14993712897658E+06  0.18244795921004E+04  0.52450519141898E+04  0.11727214179173E+05  0.61904893876296E+03  0.21433991550832E+04  0.83796556229637E+04 -0.24528419608765E+04 -0.38437735290445E+04  0.13682145822256E+03 -0.97898361839218E+04 -0.51040385248582E+05 -0.15350537323043E+03 -0.27261012696491E+03 -0.13084460184559E+02 -0.97291771664449E+03 -0.45478981241437E+04 -0.35237305012329E+03 -0.14906101521478E+03 -0.13415070456326E+04 -0.31010008094485E+04 -0.11454080740953E+04 -0.34104087506788E+04
   0.98966699184071E+06 -0.12552236999592E+06  0.28073605361065E+05  0.36320895750242E+06 -0.33357995148200E+05  0.11047819764561E+06  0.60868905744528E+05  0.53957730723684E+07 -0.24113211765124E+07 -0.89578971023091E+05  0.25967067199708E+05  0.26667455937236E+05  0.18029651376571E+04  0.10176397275826E+03  0.89460418635062E+05 -0.11376047713583E+05  0.84345389598914E+05  0.45683861072270E+05 -0.58739576693217E+06  0.43259279230911E+03  0.49768693083926E+06  0.17499657040968E+05  0.57774355871260E+05  0.90439382545282E+05  0.61186953048699E+04  0.22534081112496E+05  0.67068203758986E+05 -0.63181996374447E+05 -0.50668580155489E+05 -0.70459622207727E+05 -0.29598913044340E+06 -0.58118849532816E+06 -0.73994808604988E+05 -0.16661447982217E+06 -0.14137633679707E+04 -0.56804267676529E+04 -0.11165709951844E+05  0.25265944329976E+03  0.25797246108434E+03 -0.27470186902001E+06 -0.87578469717625E+04 -0.14477069205523E+06 -0.17859941282047E+06
  -0.18443116547663E+06  0.26474945071319E+05 -0.50827354595483E+04 -0.27877406511356E+05  0.50778925429326E+03 -0.10441320902287E+05 -0.34560699707891E+04 -0.24113211765124E+07  0.19294492419857E+07  0.19505619510411E+05 -0.64052341866263E+04 -0.55999225558049E+04 -0.30928972491859E+03 -0.14375211634409E+02  0.48058961239066E+05 -0.22290619250172E+04  0.14857157214606E+05  0.71233977203352E+04 -0.25992747134485E+05 -0.96710715517895E+02 -0.66052446475477E+04 -0.33713466348260E+04 -0.11761498418450E+05 -0.16887672166079E+05 -0.12287543465540E+04 -0.47089246921868E+04 -0.12262274434060E+05  0.11578489345674E+05  0.10945157935973E+05  0.24754623180774E+05  0.67191597161606E+05  0.12760253145736E+06  0.22907596380574E+05  0.51662071204584E+05  0.19153882503389E+03  0.60016343616786E+03  0.12132674669289E+04 -0.12525705066795E+04 -0.69516124328000E+03  0.11315597058750E+06  0.15643036064241E+04  0.45307628600885E+05  0.55363227237215E+05
  -0.50159252289035E+05  0.73918302595910E+04 -0.16672380425110E+04 -0.18348244861540E+05  0.23602034731907E+04 -0.45619662387710E+04 -0.32489259842953E+04 -0.89578971023091E+05  0.19505619510411E+05  0.26638583083974E+04 -0.61323603985455E+03 -0.66344428238907E+03 -0.58893363425792E+02 -0.18218510282221E+01 -0.40386686369249E+04  0.49487008713351E+03 -0.33276745190267E+04 -0.18858675401465E+04  0.56445813874923E+05 -0.12084808025777E+02 -0.44526223055061E+05 -0.78600562014391E+03 -0.24322593155766E+04 -0.42224927638780E+04 -0.26160628164373E+03 -0.92377461017295E+03 -0.32594755082852E+04  0.27568655953742E+04  0.19027065381617E+04  0.73816738079161E+03  0.11040362808090E+05  0.22920702618186E+05  0.14965127008931E+04  0.33098188390239E+04  0.43796292268682E+02  0.55352315296672E+03  0.10514056271071E+04  0.12945902259650E+03  0.57740417372577E+02  0.31433622321235E+04  0.43468416590931E+03  0.28415506879123E+04  0.35917146898592E+04
   0.72922563685600E+04 -0.87533716206579E+03  0.21028125328076E+03  0.31794860790938E+04 -0.31689087689754E+03  0.94797775475956E+03  0.54997758386156E+03  0.25967067199708E+05 -0.64052341866263E+04 -0.61323603985455E+03  0.16559962423290E+03  0.18601177253587E+03  0.13582385995068E+02  0.67665233837210E+00  0.12224491252106E+04 -0.13577131550987E+03  0.97328746591268E+03  0.52985724789095E+03 -0.60000752865587E+04  0.29801041665289E+01  0.46314442396146E+04  0.12493114458288E+03  0.40505808847879E+03  0.65160479311719E+03  0.43092088738389E+02  0.15644947875070E+03  0.48557212103493E+03 -0.46061070679360E+03 -0.34757204937256E+03 -0.33395113200057E+03 -0.19893744325452E+04 -0.39546083256751E+04 -0.41572985427504E+03 -0.93638238704971E+03 -0.10786521328511E+02 -0.44457306797256E+02 -0.87234584733861E+02 -0.13044560919754E+02 -0.61454939760041E+01 -0.11289474064237E+04 -0.63731693371854E+02 -0.81147311920995E+03 -0.10082755162839E+04
   0.15406958297067E+05 -0.12036280981933E+04  0.41853752788811E+03 -0.13975015044996E+04 -0.20471303901334E+02 -0.71330345357012E+03 -0.23239256733163E+03  0.26667455937236E+05 -0.55999225558049E+04 -0.66344428238907E+03  0.18601177253587E+03  0.15778402078420E+04  0.10504904361084E+03 -0.11241730794164E+01  0.13777927167550E+04 -0.19370789338336E+03  0.13833121598642E+04  0.80156456043061E+03 -0.60455945333648E+04 -0.48149784550941E+01  0.21860688797559E+04  0.14679660054258E+02  0.19699779631966E+03 -0.35843406496594E+03 -0.20912662810338E+02 -0.87458766535039E+02 -0.20001752604400E+03 -0.11173197847785E+04 -0.79262253851767E-01 -0.68926326061745E+03 -0.49848336924594E+04 -0.17279713636101E+02 -0.22540034593199E+04 -0.69080658525242E+02 -0.77713504563575E+02 -0.20304006322750E+00  0.36055940776273E-02 -0.17052184307041E+01 -0.73045843210684E+00  0.29381517616850E+03  0.30376846054019E+03 -0.26787161576629E+04 -0.48722025191882E+01
   0.17284113568858E+04 -0.13966952103552E+03  0.53248082287847E+02 -0.15084736392887E+03  0.50674346963355E+01 -0.67148712891159E+02 -0.27019896281745E+02  0.18029651376571E+04 -0.30928972491859E+03 -0.58893363425792E+02  0.13582385995068E+02  0.10504904361084E+03  0.95079103412834E+01 -0.17090004136439E+00  0.77218196239628E+02 -0.13022828022704E+02  0.82050639945173E+02  0.51819452349271E+02 -0.28917849634445E+03 -0.42275120825973E+00 -0.88092536247771E+02  0.32496851943592E+01  0.24460451116261E+02 -0.42051747397579E+02 -0.23781608090647E+01 -0.90959589051520E+01 -0.17796564229991E+02 -0.16438714752573E+03 -0.10197740995930E-01 -0.27128484376008E+02 -0.58629414217029E+03 -0.19137129250530E+01 -0.14201801655063E+03 -0.18110256058752E+02 -0.63149181717403E+01 -0.14508695522464E+00  0.23875702182743E-02 -0.18037166055600E+00 -0.70052469187288E-01  0.29004616630014E+02  0.67874978982096E+02 -0.19409667963792E+03 -0.37533728995325E+00
  -0.10817382607875E+03  0.12961101847563E+02 -0.41200200364922E+01  0.56189563334131E+02 -0.50072990467800E+01  0.19027520111432E+02  0.99897450300427E+01  0.10176397275826E+03 -0.14375211634409E+02 -0.18218510282221E+01  0.67665233837210E+00 -0.11241730794164E+01 -0.17090004136439E+00  0.51210820462087E-01  0.14537815209168E+02 -0.11302016288675E+01  0.89273399814050E+01  0.42148732328005E+01 -0.81597781195338E+02  0.29969381231561E-01  0.78329815340420E+02  0.34341564967058E+00  0.88785983082899E+00  0.31432022080188E+01  0.13241888246039E+00  0.43740114382209E+00  0.20865341898832E+01  0.69962039911086E-01 -0.29093955264661E-04 -0.61479672113757E+01 -0.81365262401742E+00 -0.22192346566403E-02 -0.32942011045163E+01 -0.17398687758799E-04 -0.14179382771297E+00  0.22203842121796E-12 -0.12104625623612E-11 -0.17041699567056E-02 -0.93581768408082E-03 -0.15872935354086E+01  0.51105882223808E-04 -0.32337859006653E+01 -0.39981166011651E-02
   0.98174978052556E+04  0.64057884675375E+03 -0.27463742828952E+03  0.31045784251960E+05 -0.26062495604084E+04  0.94832328538867E+04  0.48734730741386E+04  0.89460418635062E+05  0.48058961239066E+05 -0.40386686369249E+04  0.12224491252106E+04  0.13777927167550E+04  0.77218196239628E+02  0.14537815209168E+02  0.49703930633394E+05 -0.46403054322198E+04  0.33905150710318E+05  0.17688293860333E+05 -0.55238205003725E+05  0.15672877302068E+01 -0.14655041023845E+05 -0.13426990891745E+03 -0.41663656204762E+03 -0.40412789566843E+03 -0.42702916124705E+02 -0.14975797705075E+03 -0.41476940071396E+03 -0.27147916188194E+04 -0.17806771330348E+04 -0.24883520644727E+04  0.20086978023968E+04  0.43434657868896E+04 -0.14803730412680E+04 -0.29372737017175E+04 -0.72835232438516E+03  0.23947534044192E+03  0.43000304905756E+03 -0.28740661090722E+04 -0.15263967657306E+04 -0.23895193314239E+04  0.19367043023054E+03 -0.89942407978220E+03 -0.10138766890972E+04
  -0.21887572258502E+04 -0.52988519568383E+02 -0.82851596864740E+01 -0.37862293121004E+04  0.32285349197240E+03 -0.11874061974437E+04 -0.61901981901689E+03 -0.11376047713583E+05 -0.22290619250172E+04  0.49487008713351E+03 -0.13577131550987E+03 -0.19370789338336E+03 -0.13022828022704E+02 -0.11302016288675E+01 -0.46403054322198E+04  0.50394909419286E+03 -0.35862200145691E+04 -0.19486395964909E+04  0.64921897792688E+04 -0.79167931217680E+00  0.22595362480762E+04  0.14064249530338E+02  0.38977941951240E+02  0.22679461400000E+02  0.41667737123727E+01  0.14126959706491E+02  0.45751039249144E+02  0.50182816640388E+03  0.31445644793445E+03  0.28802323566237E+03 -0.16467310233979E+03 -0.50023109868386E+03  0.15397470596077E+03  0.30443233191131E+03  0.80850797417675E+02 -0.64362334499367E+02 -0.11404820371650E+03  0.43862206462521E+03  0.21697005416819E+03 -0.30647128627900E+03 -0.34947245243181E+02  0.25143749245515E+03  0.28182711854484E+03
   0.10684224917292E+05  0.13336437092266E+03 -0.12339555899132E+03  0.25358358154131E+05 -0.20735828943820E+04  0.78471000794661E+04  0.39192211649290E+04  0.84345389598914E+05  0.14857157214606E+05 -0.33276745190267E+04  0.97328746591268E+03  0.13833121598642E+04  0.82050639945173E+02  0.89273399814050E+01  0.33905150710318E+05 -0.35862200145691E+04  0.26088771143827E+05  0.13987705805947E+05 -0.45463676855983E+05 -0.24121431347941E+00 -0.13766257226828E+05 -0.15106883035895E+03 -0.45145892356071E+03 -0.49154988704483E+03 -0.49603892072394E+02 -0.16344127464369E+03 -0.41917180055886E+03 -0.23744867592508E+04 -0.15441993506731E+04 -0.23915097716971E+04  0.20528411978285E+04  0.42516019740673E+04 -0.11886135105612E+04 -0.23655459530114E+04 -0.57670218002171E+03  0.59001731756413E+02  0.11727573255845E+03 -0.23980088470337E+04 -0.12990497161920E+04  0.10223272082801E+04  0.19961642755910E+03 -0.14823784683934E+04 -0.16492302548665E+04
   0.76438365092733E+04  0.75494144051105E+02 -0.24297945718079E+01  0.14241950030671E+05 -0.11803326044064E+04  0.44716513113902E+04  0.22622689994733E+04  0.45683861072270E+05  0.71233977203352E+04 -0.18858675401465E+04  0.52985724789095E+03  0.80156456043061E+03  0.51819452349271E+02  0.42148732328005E+01  0.17688293860333E+05 -0.19486395964909E+04  0.13987705805947E+05  0.76080464997423E+04 -0.25332514680871E+05  0.11322693853981E+01 -0.86125089298046E+04 -0.81131394961481E+02 -0.22909936741311E+03 -0.22058234257221E+03 -0.26053045885743E+02 -0.83391958596566E+02 -0.22296657433417E+03 -0.16941078837332E+04 -0.10678345882383E+04 -0.12049876019257E+04  0.96501720426115E+03  0.23408911677480E+04 -0.60303557055296E+03 -0.12012942854366E+04 -0.31830595836926E+03  0.92056912025600E+02  0.17125433513044E+03 -0.15559140518284E+04 -0.80802429205700E+03  0.12639255699159E+04  0.14340275981571E+03 -0.10516244093421E+04 -0.11700193500071E+04
  -0.78024628596514E+07  0.26092941448284E+07 -0.30080773043540E+06 -0.22742790062348E+07  0.48515834359376E+06 -0.43586420597042E+05 -0.23831864562680E+06 -0.58739576693217E+06 -0.25992747134485E+05  0.56445813874923E+05 -0.60000752865587E+04 -0.60455945333648E+04 -0.28917849634445E+03 -0.81597781195338E+02 -0.55238205003725E+05  0.64921897792688E+04 -0.45463676855983E+05 -0.25332514680871E+05  0.33698897312437E+08  0.58741411718576E+04 -0.13936279458308E+08 -0.99498374285598E+05 -0.32578148564199E+06 -0.85203875005195E+06 -0.27904100061405E+05 -0.12013090365846E+06 -0.69255572851463E+06  0.34256333396642E+05  0.76124787257812E+05 -0.12071094200355E+04  0.56787575179618E+06  0.27921854634571E+07  0.17134084107313E+05  0.31485104186824E+05  0.21284918261732E+03  0.18491729681657E+06  0.81530692348511E+06  0.24387713275229E+05  0.76773836139004E+04 -0.18418320211572E+05  0.44740781429194E+05  0.20658400248233E+05  0.64228039684784E+05
  -0.12003251968498E+04  0.50285696954884E+03 -0.47585401429713E+02 -0.14525300446057E+03  0.51094499907589E+02  0.61509345368462E+02  0.10347153105643E+02  0.43259279230911E+03 -0.96710715517895E+02 -0.12084808025777E+02  0.29801041665289E+01 -0.48149784550941E+01 -0.42275120825973E+00  0.29969381231561E-01  0.15672877302068E+01 -0.79167931217680E+00 -0.24121431347941E+00  0.11322693853981E+01  0.58741411718576E+04  0.21174427276322E+01 -0.25095451627518E+04 -0.12095876345999E+02 -0.42482710430216E+02 -0.13556147928417E+03 -0.14903231914264E+01 -0.11983942160746E+02 -0.10681550171272E+03  0.00000000000000E+00 -0.31815599347620E+02  0.00000000000000E+00  0.00000000000000E+00  0.28662801572455E+03  0.00000000000000E+00 -0.63955759791780E+01  0.00000000000000E+00  0.00000000000000E+00  0.19328302211628E+03  0.00000000000000E+00  0.00000000000000E+00  0.00000000000000E+00  0.16375967086758E+02  0.00000000000000E+00 -0.32455587445207E+02
   0.43061506716030E+07 -0.12337272448971E+07  0.16363190130409E+06  0.11978527167337E+07 -0.24581644005334E+06  0.64555334183813E+05  0.14993712897658E+06  0.49768693083926E+06 -0.66052446475477E+04 -0.44526223055061E+05  0.46314442396146E+04  0.21860688797559E+04 -0.88092536247771E+02  0.78329815340420E+02 -0.14655041023845E+05  0.22595362480762E+04 -0.13766257226828E+05 -0.86125089298046E+04 -0.13936279458308E+08 -0.25095451627518E+04  0.10053645557127E+08  0.91404777059495E+05  0.26898687353495E+06  0.70907144617644E+06  0.25398955666092E+05  0.97804231800861E+05  0.52167930141345E+06  0.00000000000000E+00 -0.89834808726351E+05  0.00000000000000E+00  0.00000000000000E+00 -0.22263352536130E+07  0.00000000000000E+00  0.21318261473255E+05  0.00000000000000E+00  0.00000000000000E+00 -0.46374588766171E+06  0.00000000000000E+00  0.00000000000000E+00  0.00000000000000E+00  0.66175989740236E+05  0.00000000000000E+00 -0.74864644113940E+05
   0.33472065668589E+05 -0.65414892299933E+04  0.12263859299007E+04  0.12341611956477E+05 -0.22821583142187E+04  0.13802461261340E+04  0.18244795921004E+04  0.17499657040968E+05 -0.33713466348260E+04 -0.78600562014391E+03  0.12493114458288E+03  0.14679660054258E+02  0.32496851943592E+01  0.34341564967058E+00 -0.13426990891745E+03  0.14064249530338E+02 -0.15106883035895E+03 -0.81131394961481E+02 -0.99498374285598E+05 -0.12095876345999E+02  0.91404777059495E+05  0.11350624553301E+04  0.31167761273918E+04  0.78343289932663E+04  0.29577924488404E+03  0.10687681435882E+04  0.52332454624901E+04 -0.46748884521949E+02 -0.12906105242885E+04  0.42661213482528E+01  0.57918093946374E+03 -0.25440892500902E+05  0.00000000000000E+00 -0.84605236345079E+02  0.00000000000000E+00  0.20726174905004E+04 -0.30028449177796E+04  0.00000000000000E+00  0.00000000000000E+00  0.00000000000000E+00  0.12188439563113E+04 -0.31295920506364E+03 -0.16386374159124E+04
   0.11927710454413E+06 -0.27085444844835E+05  0.43792839689968E+04  0.36501222290860E+05 -0.67702275342033E+04  0.39063293441381E+04  0.52450519141898E+04  0.57774355871260E+05 -0.11761498418450E+05 -0.24322593155766E+04  0.40505808847879E+03  0.19699779631966E+03  0.24460451116261E+02  0.88785983082899E+00 -0.41663656204762E+03  0.38977941951240E+02 -0.45145892356071E+03 -0.22909936741311E+03 -0.32578148564199E+06 -0.42482710430216E+02  0.26898687353495E+06  0.31167761273918E+04  0.90107856248954E+04  0.21603765902396E+05  0.84233229997119E+03  0.31090030479915E+04  0.15297811941285E+05 -0.15300525466891E+03 -0.34186648523181E+04 -0.19982425555918E+02 -0.58664505901929E+04 -0.73898520229144E+05  0.00000000000000E+00 -0.22300250854056E+03  0.00000000000000E+00  0.30708435494443E+04 -0.10082290576885E+05  0.00000000000000E+00  0.00000000000000E+00  0.00000000000000E+00  0.35464617455262E+04 -0.17999059078343E+04 -0.48873095578638E+04
   0.21096890728378E+06 -0.53824720742164E+05  0.78788527341035E+04  0.85806237563648E+05 -0.16426041298831E+05  0.76657862023889E+04  0.11727214179173E+05  0.90439382545282E+05 -0.16887672166079E+05 -0.42224927638780E+04  0.65160479311719E+03 -0.35843406496594E+03 -0.42051747397579E+02  0.31432022080188E+01 -0.40412789566843E+03  0.22679461400000E+02 -0.49154988704483E+03 -0.22058234257221E+03 -0.85203875005195E+06 -0.13556147928417E+03  0.70907144617644E+06  0.78343289932663E+04  0.21603765902396E+05  0.61458431725046E+05  0.21061712805241E+04  0.78358091869221E+04  0.39749682554138E+05  0.23806797767292E+03 -0.10716910981921E+05 -0.46366140740263E+01  0.37323528248431E+05 -0.17919971596362E+06  0.00000000000000E+00 -0.71681612042241E+03  0.00000000000000E+00  0.16289580945305E+05 -0.26500142487516E+05  0.00000000000000E+00  0.00000000000000E+00  0.00000000000000E+00  0.58202924540555E+04  0.14826908472139E+04 -0.11368209559672E+05
   0.11527556649149E+05 -0.26428241198943E+04  0.42634136750160E+03  0.39231182037265E+04 -0.68345137298451E+03  0.55054546140316E+03  0.61904893876296E+03  0.61186953048699E+04 -0.12287543465540E+04 -0.26160628164373E+03  0.43092088738389E+02 -0.20912662810338E+02 -0.23781608090647E+01  0.13241888246039E+00 -0.42702916124705E+02  0.41667737123727E+01 -0.49603892072394E+02 -0.26053045885743E+02 -0.27904100061405E+05 -0.14903231914264E+01  0.25398955666092E+05  0.29577924488404E+03  0.84233229997119E+03  0.21061712805241E+04  0.99270183052492E+02  0.34918166124715E+03  0.14932104765900E+04  0.00000000000000E+00 -0.40846029051818E+03  0.00000000000000E+00  0.00000000000000E+00 -0.81404615162776E+04  0.00000000000000E+00 -0.26470141332826E+02  0.00000000000000E+00  0.00000000000000E+00 -0.52559298994502E+03  0.00000000000000E+00  0.00000000000000E+00  0.00000000000000E+00  0.23674465471628E+02  0.00000000000000E+00 -0.61444313067066E+03
   0.45044670169581E+05 -0.11190596083380E+05  0.16731304152232E+04  0.14347466432413E+05 -0.25555583314547E+04  0.18136934702219E+04  0.21433991550832E+04  0.22534081112496E+05 -0.47089246921868E+04 -0.92377461017295E+03  0.15644947875070E+03 -0.87458766535039E+02 -0.90959589051520E+01  0.43740114382209E+00 -0.14975797705075E+03  0.14126959706491E+02 -0.16344127464369E+03 -0.83391958596566E+02 -0.12013090365846E+06 -0.11983942160746E+02  0.97804231800861E+05  0.10687681435882E+04  0.31090030479915E+04  0.78358091869221E+04  0.34918166124715E+03  0.12830130308952E+04  0.56128068462575E+04  0.00000000000000E+00 -0.12995225130338E+04  0.00000000000000E+00  0.00000000000000E+00 -0.29512570964981E+05  0.00000000000000E+00 -0.83803304127837E+02  0.00000000000000E+00  0.00000000000000E+00 -0.33129842234227E+04  0.00000000000000E+00  0.00000000000000E+00  0.00000000000000E+00 -0.30110144347796E+02  0.00000000000000E+00 -0.22672998504103E+04
   0.23194138406786E+06 -0.63497156349561E+05  0.87484763040871E+04  0.64230778715027E+05 -0.12584155769412E+05  0.48627650244342E+04  0.83796556229637E+04  0.67068203758986E+05 -0.12262274434060E+05 -0.32594755082852E+04  0.48557212103493E+03 -0.20001752604400E+03 -0.17796564229991E+02  0.20865341898832E+01 -0.41476940071396E+03  0.45751039249144E+02 -0.41917180055886E+03 -0.22296657433417E+03 -0.69255572851463E+06 -0.10681550171272E+03  0.52167930141345E+06  0.52332454624901E+04  0.15297811941285E+05  0.39749682554138E+05  0.14932104765900E+04  0.56128068462575E+04  0.29479129743850E+05  0.00000000000000E+00 -0.73544801000981E+04  0.00000000000000E+00  0.00000000000000E+00 -0.12753242529353E+06  0.00000000000000E+00 -0.49191666689597E+03  0.00000000000000E+00  0.00000000000000E+00 -0.20995147039240E+05  0.00000000000000E+00  0.00000000000000E+00  0.00000000000000E+00  0.78995420840464E+04  0.00000000000000E+00 -0.78278592708715E+04
  -0.13222403162802E+06  0.16789208315907E+05 -0.46840598067741E+04 -0.12873526837997E+05  0.19972866908207E+04 -0.27253181158788E+04 -0.24528419608765E+04 -0.63181996374447E+05  0.11578489345674E+05  0.27568655953742E+04 -0.46061070679360E+03 -0.11173197847785E+04 -0.16438714752573E+03  0.69962039911086E-01 -0.27147916188194E+04  0.50182816640388E+03 -0.23744867592508E+04 -0.16941078837332E+04  0.34256333396642E+05  0.00000000000000E+00  0.00000000000000E+00 -0.46748884521949E+02 -0.15300525466891E+03  0.23806797767292E+03  0.00000000000000E+00  0.00000000000000E+00  0.00000000000000E+00  0.11696285656043E+06  0.00000000000000E+00  0.00000000000000E+00  0.00000000000000E+00  0.00000000000000E+00  0.00000000000000E+00  0.00000000000000E+00  0.00000000000000E+00  0.00000000000000E+00  0.00000000000000E+00  0.00000000000000E+00  0.00000000000000E+00  0.00000000000000E+00  0.00000000000000E+00  0.00000000000000E+00  0.00000000000000E+00
  -0.56054402547140E+05  0.82867979784329E+04 -0.19872165289455E+04 -0.21331541794254E+05  0.33573512772375E+04 -0.41817632418409E+04 -0.38437735290445E+04 -0.50668580155489E+05  0.10945157935973E+05  0.19027065381617E+04 -0.34757204937256E+03 -0.79262253851767E-01 -0.10197740995930E-01 -0.29093955264661E-04 -0.17806771330348E+04  0.31445644793445E+03 -0.15441993506731E+04 -0.10678345882383E+04  0.76124787257812E+05 -0.31815599347620E+02 -0.89834808726351E+05 -0.12906105242885E+04 -0.34186648523181E+04 -0.10716910981921E+05 -0.40846029051818E+03 -0.12995225130338E+04 -0.73544801000981E+04  0.00000000000000E+00  0.64946616886698E+05  0.00000000000000E+00  0.00000000000000E+00  0.00000000000000E+00  0.00000000000000E+00  0.00000000000000E+00  0.00000000000000E+00  0.00000000000000E+00  0.00000000000000E+00  0.00000000000000E+00  0.00000000000000E+00  0.00000000000000E+00  0.00000000000000E+00  0.00000000000000E+00  0.00000000000000E+00
  -0.52667101267090E+04 -0.19377086101503E+03  0.18468776990500E+02 -0.70790250586928E+02 -0.56948163973863E+02  0.15031788400441E+03  0.13682145822256E+03 -0.70459622207727E+05  0.24754623180774E+05  0.73816738079161E+03 -0.33395113200057E+03 -0.68926326061745E+03 -0.27128484376008E+02 -0.61479672113757E+01 -0.24883520644727E+04  0.28802323566237E+03 -0.23915097716971E+04 -0.12049876019257E+04 -0.12071094200355E+04  0.00000000000000E+00  0.00000000000000E+00  0.42661213482528E+01 -0.19982425555918E+02 -0.46366140740263E+01  0.00000000000000E+00  0.00000000000000E+00  0.00000000000000E+00  0.00000000000000E+00  0.00000000000000E+00  0.30800025713684E+05  0.00000000000000E+00  0.00000000000000E+00  0.00000000000000E+00  0.00000000000000E+00  0.00000000000000E+00  0.00000000000000E+00  0.00000000000000E+00  0.00000000000000E+00  0.00000000000000E+00  0.00000000000000E+00  0.00000000000000E+00  0.00000000000000E+00  0.00000000000000E+00
  -0.86887885049517E+06  0.21062172517410E+06 -0.31929029595545E+05 -0.66398037323966E+05  0.11772240633432E+05 -0.83875594526656E+04 -0.97898361839218E+04 -0.29598913044340E+06  0.67191597161606E+05  0.11040362808090E+05 -0.19893744325452E+04 -0.49848336924594E+04 -0.58629414217029E+03 -0.81365262401742E+00  0.20086978023968E+04 -0.16467310233979E+03  0.20528411978285E+04  0.96501720426115E+03  0.56787575179618E+06  0.00000000000000E+00  0.00000000000000E+00  0.57918093946374E+03 -0.58664505901929E+04  0.37323528248431E+05  0.00000000000000E+00  0.00000000000000E+00  0.00000000000000E+00  0.00000000000000E+00  0.00000000000000E+00  0.00000000000000E+00  0.58098163407167E+06  0.00000000000000E+00  0.00000000000000E+00  0.00000000000000E+00  0.00000000000000E+00  0.00000000000000E+00  0.00000000000000E+00  0.00000000000000E+00  0.00000000000000E+00  0.00000000000000E+00  0.00000000000000E+00  0.00000000000000E+00  0.00000000000000E+00
  -0.11260363270177E+07  0.26591623905162E+06 -0.41558763622789E+05 -0.34487958775251E+06  0.62479113721644E+05 -0.40944870094535E+05 -0.51040385248582E+05 -0.58118849532816E+06  0.12760253145736E+06  0.22920702618186E+05 -0.39546083256751E+04 -0.17279713636101E+02 -0.19137129250530E+01 -0.22192346566403E-02  0.43434657868896E+04 -0.50023109868386E+03  0.42516019740673E+04  0.23408911677480E+04  0.27921854634571E+07  0.28662801572455E+03 -0.22263352536130E+07 -0.25440892500902E+05 -0.73898520229144E+05 -0.17919971596362E+06 -0.81404615162776E+04 -0.29512570964981E+05 -0.12753242529353E+06  0.00000000000000E+00  0.00000000000000E+00  0.00000000000000E+00  0.00000000000000E+00  0.92190503496096E+06  0.00000000000000E+00  0.00000000000000E+00  0.00000000000000E+00  0.00000000000000E+00  0.00000000000000E+00  0.00000000000000E+00  0.00000000000000E+00  0.00000000000000E+00  0.00000000000000E+00  0.00000000000000E+00  0.00000000000000E+00
  -0.20971769202509E+05  0.57449718581128E+04 -0.80040692538984E+03 -0.13692406424370E+04  0.31999845025295E+03  0.14851122922693E+02 -0.15350537323043E+03 -0.73994808604988E+05  0.22907596380574E+05  0.14965127008931E+04 -0.41572985427504E+03 -0.22540034593199E+04 -0.14201801655063E+03 -0.32942011045163E+01 -0.14803730412680E+04  0.15397470596077E+03 -0.11886135105612E+04 -0.60303557055296E+03  0.17134084107313E+05  0.00000000000000E+00  0.00000000000000E+00  0.00000000000000E+00  0.00000000000000E+00  0.00000000000000E+00  0.00000000000000E+00  0.00000000000000E+00  0.00000000000000E+00  0.00000000000000E+00  0.00000000000000E+00  0.00000000000000E+00  0.00000000000000E+00  0.00000000000000E+00  0.14296263150312E+05  0.00000000000000E+00  0.00000000000000E+00  0.00000000000000E+00  0.00000000000000E+00  0.00000000000000E+00  0.00000000000000E+00  0.00000000000000E+00  0.00000000000000E+00  0.00000000000000E+00  0.00000000000000E+00
  -0.47557132178194E+05  0.13197440711908E+05 -0.18220446372596E+04 -0.24967342753891E+04  0.56320694765571E+03 -0.71887400708790E+01 -0.27261012696491E+03 -0.16661447982217E+06  0.51662071204584E+05  0.33098188390239E+04 -0.93638238704971E+03 -0.69080658525242E+02 -0.18110256058752E+02 -0.17398687758799E-04 -0.29372737017175E+04  0.30443233191131E+03 -0.23655459530114E+04 -0.12012942854366E+04  0.31485104186824E+05 -0.63955759791780E+01  0.21318261473255E+05 -0.84605236345079E+02 -0.22300250854056E+03 -0.71681612042241E+03 -0.26470141332826E+02 -0.83803304127837E+02 -0.49191666689597E+03  0.00000000000000E+00  0.00000000000000E+00  0.00000000000000E+00  0.00000000000000E+00  0.00000000000000E+00  0.00000000000000E+00  0.31404200639053E+05  0.00000000000000E+00  0.00000000000000E+00  0.00000000000000E+00  0.00000000000000E+00  0.00000000000000E+00  0.00000000000000E+00  0.00000000000000E+00  0.00000000000000E+00  0.00000000000000E+00
  -0.32089805653049E+04  0.42298214106897E+03 -0.10103603163915E+03 -0.71060239238001E+02  0.89900875892114E+01 -0.18706501367131E+02 -0.13084460184559E+02 -0.14137633679707E+04  0.19153882503389E+03  0.43796292268682E+02 -0.10786521328511E+02 -0.77713504563575E+02 -0.63149181717403E+01 -0.14179382771297E+00 -0.72835232438516E+03  0.80850797417675E+02 -0.57670218002171E+03 -0.31830595836926E+03  0.21284918261732E+03  0.00000000000000E+00  0.00000000000000E+00  0.00000000000000E+00  0.00000000000000E+00  0.00000000000000E+00  0.00000000000000E+00  0.00000000000000E+00  0.00000000000000E+00  0.00000000000000E+00  0.00000000000000E+00  0.00000000000000E+00  0.00000000000000E+00  0.00000000000000E+00  0.00000000000000E+00  0.00000000000000E+00  0.37989671640826E+04  0.00000000000000E+00  0.00000000000000E+00  0.00000000000000E+00  0.00000000000000E+00  0.00000000000000E+00  0.00000000000000E+00  0.00000000000000E+00  0.00000000000000E+00
  -0.20496988656903E+06  0.63918669244779E+05 -0.79301206929811E+04 -0.11786254555691E+05  0.28927736562224E+04  0.46901293418016E+03 -0.97291771664449E+03 -0.56804267676529E+04  0.60016343616786E+03  0.55352315296672E+03 -0.44457306797256E+02 -0.20304006322750E+00 -0.14508695522464E+00  0.22203842121796E-12  0.23947534044192E+03 -0.64362334499367E+02  0.59001731756413E+02  0.92056912025600E+02  0.18491729681657E+06  0.00000000000000E+00  0.00000000000000E+00  0.20726174905004E+04  0.30708435494443E+04  0.16289580945305E+05  0.00000000000000E+00  0.00000000000000E+00  0.00000000000000E+00  0.00000000000000E+00  0.00000000000000E+00  0.00000000000000E+00  0.00000000000000E+00  0.00000000000000E+00  0.00000000000000E+00  0.00000000000000E+00  0.00000000000000E+00  0.10629306916372E+06  0.00000000000000E+00  0.00000000000000E+00  0.00000000000000E+00  0.00000000000000E+00  0.00000000000000E+00  0.00000000000000E+00  0.00000000000000E+00
  -0.23094172576930E+06  0.71496647618559E+05 -0.89177383525467E+04 -0.53215621111597E+05  0.12875237642609E+05  0.17755610996254E+04 -0.45478981241437E+04 -0.11165709951844E+05  0.12132674669289E+04  0.10514056271071E+04 -0.87234584733861E+02  0.36055940776273E-02  0.23875702182743E-02 -0.12104625623612E-11  0.43000304905756E+03 -0.11404820371650E+03  0.11727573255845E+03  0.17125433513044E+03  0.81530692348511E+06  0.19328302211628E+03 -0.46374588766171E+06 -0.30028449177796E+04 -0.10082290576885E+05 -0.26500142487516E+05 -0.52559298994502E+03 -0.33129842234227E+04 -0.20995147039240E+05  0.00000000000000E+00  0.00000000000000E+00  0.00000000000000E+00  0.00000000000000E+00  0.00000000000000E+00  0.00000000000000E+00  0.00000000000000E+00  0.00000000000000E+00  0.00000000000000E+00  0.13866953753768E+06  0.00000000000000E+00  0.00000000000000E+00  0.00000000000000E+00  0.00000000000000E+00  0.00000000000000E+00  0.00000000000000E+00
