# fitpack15: fit parameters                                                                         
# CJ15 AV18 final data choices                                                                      
# Created on 01/15/2020 at 22:51:50                                                                 

 # QCD setup
  INS                           0
  NVL                          11
  IORD                          1
  Q02                   1.6899999999999999     
  IPARAMC                       7
  FLAVOR                4.0000000000000000     
  xmc                   1.3000000000000000     
  xmb                   4.5000000000000000     
  ncb                          12
  ihq                           1
  ias                           0

 # Theory corrections
  inuke                     10814
  itmc                          1
  iht                           1

 # fit parameters
 LAMBDA       0.22680        0.0000    
 a0uv          1.9547        0.0000    
 a1uv         0.56857       0.23574E-01
 a2uv          3.5568       0.11683E-01
 a3uv          0.0000        0.0000    
 a4uv          4.5683       0.63027    
 a5uv          0.0000        0.0000    
 a0dv          25.107        0.0000    
 a1dv          1.1577       0.33114E-01
 a2dv          6.6261       0.15896    
 a3dv         -3.5601       0.84650E-01
 a4dv          4.7853       0.13952    
 a5dv          0.0000        0.0000    
 a0ud         0.14197       0.49832E-02
 a1ud        -0.21086       0.38201E-02
 a2ud          8.4251       0.18953    
 a3ud          0.0000        0.0000    
 a4ud          15.770        1.3092    
 a5ud          0.0000        0.0000    
 a0du          35712.        0.0000    
 a1du          4.0858       0.86486E-01
 a2du          20.133       0.95983    
 a3du          17.000        0.0000    
 a4du          53.435        12.076    
 a0g           47.591        0.0000    
 a1g          0.61056       0.32778E-01
 a2g           6.8558       0.97125    
 a3g          -3.3831       0.14934    
 a4g           3.4077       0.38216    
 a5g           0.0000        0.0000    
 kappa        0.40000        0.0000    
 a6dv        -0.39176E-02   0.67065E-03
 a7dv          2.0000        0.0000    
 off1         -2.6960        1.8418    
 off2         0.50107E-01   0.14291E-01
 ht1          -3.5700       0.34744    
 ht2           2.0907       0.12487    
 ht3          -2.0478       0.35555E-01
 ht4           0.0000        0.0000    
 ht1n         -3.7666        1.0504    
 ht2n          2.0118       0.34589    
 ht3n         -2.1231       0.67518E-01
 ht4n          0.0000        0.0000    
 dummy44       0.0000        0.0000    
 dummy45       0.0000        0.0000    
 dummy46       0.0000        0.0000    
 dummy47       0.0000        0.0000    
 dummy48       0.0000        0.0000    
 dummy49       0.0000        0.0000    
 bcdmsh2      0.97003       0.48546E-02
 bcdmsd2      0.99009       0.58555E-02
 ccfr          1.0000        0.0000    
 nutev         1.0000        0.0000    
 zeus         0.97998        0.0000    
 h1            1.0162        0.0000    
 e605          1.0319        0.0000    
 NmcH2         1.0065       0.71340E-02
 ntv_nu        1.0000        0.0000    
 ntv_nubar     1.0000        0.0000    
 cdf_jet      0.98910        0.0000    
 d0_jet       0.83504        0.0000    
 slac_p        1.0020       0.50395E-02
 slac_d        1.0013       0.53126E-02
 e866pp       0.98191       0.19966E-01
 e866pd       0.96962       0.16458E-01
 d0_gamjet     1.0363       0.16488E-01
 h1b          0.97608        0.0000    
 jlab_p       0.99054       0.62872E-02
 jlab_d       0.97456       0.60151E-02
 blank         1.0000        0.0000    
 d0run2       0.94455       0.14209E-01
 cdfrun2      0.93132       0.17321E-01
 HERA_el       1.0000        0.0000    
 HERA_ps       1.0000        0.0000    
 CDF_Z        0.95914       0.66346E-02
 NmcRat        1.0000        0.0000    
 BNS_F2nd     0.98277       0.11808E-01
 HERMES_F2p   0.99590       0.56748E-02
 HERMES_F2d   0.97759       0.58469E-02
 END 0. 0.

 # Hessian matrix (Bevington alpha)
   0.51934664949548E+07 -0.13315470853402E+07  0.19512140632142E+06  0.50383772540012E+06 -0.12790307747923E+06 -0.29829645956471E+05  0.53173120858704E+05  0.98882528019903E+06 -0.18406647126782E+06 -0.50179161870075E+05  0.73160705955187E+04  0.15344386373027E+05  0.17234713425622E+04 -0.10601419314425E+03  0.96442991880717E+04 -0.21465762508243E+04  0.10038694129142E+05  0.72380523791278E+04 -0.78529124308106E+07 -0.17146430120264E+04 -0.88888246609322E+06  0.31823271830394E+05  0.11453695383830E+06  0.19653766395128E+06  0.11195614342908E+05  0.43529195056065E+05  0.22148667992443E+06 -0.13224700253088E+06 -0.56057947789648E+05 -0.52607388296477E+04 -0.86861950199136E+06 -0.11262565714895E+07 -0.20986790803923E+05 -0.47528004433960E+05 -0.32079713675243E+04 -0.20490688868428E+06 -0.23108548538642E+06 -0.92310166581542E+04 -0.32569964166652E+04 -0.18080361379883E+05  0.17112215500227E+05 -0.74365365375425E+05 -0.58610528604561E+05
  -0.13315470853402E+07  0.41662122950607E+06 -0.51103715009194E+05 -0.13733507085830E+06  0.34549879910007E+05  0.10742372760576E+05 -0.11114641852718E+05 -0.12544775338962E+06  0.26423340736719E+05  0.74012901195126E+04 -0.87859300800479E+03 -0.11987999812432E+04 -0.13932263142469E+03  0.12708876600169E+02  0.64750775480426E+03 -0.53306269819048E+02  0.13877025347337E+03  0.76164201056764E+02  0.26288558678421E+07  0.64528469709144E+03  0.25330636043991E+06 -0.60524066998603E+04 -0.25667936671582E+05 -0.49247135568451E+05 -0.25457975766355E+04 -0.10715565973075E+05 -0.60212231801990E+05  0.16792736077676E+05  0.82941115919917E+04 -0.19498071008329E+03  0.21052911818562E+06  0.26623326731298E+06  0.57498748097479E+04  0.13189627977085E+05  0.42268959080212E+03  0.63898235491344E+05  0.71606949221307E+05  0.24374509709273E+04  0.77144980794976E+03 -0.22153971073841E+04 -0.22558650502425E+04  0.86850097868655E+04  0.72966735750043E+04
   0.19512140632142E+06 -0.51103715009194E+05  0.73841767569788E+04  0.18732815537526E+05 -0.48674516633123E+04 -0.13697171100385E+04  0.19170721246961E+04  0.28031736484402E+05 -0.50679511396200E+04 -0.16668557299799E+04  0.21089035024597E+03  0.41686871703113E+03  0.53077483318904E+02 -0.40230064689555E+01 -0.28008339031194E+03 -0.70453348970446E+01 -0.12941573294559E+03 -0.77709852365875E+01 -0.30249425353632E+06 -0.67020230772193E+02 -0.33736123875364E+05  0.11627221299383E+04  0.41958772815453E+04  0.73176153740211E+04  0.41351767035791E+03  0.16140686306461E+04  0.83387874394839E+04 -0.46805350125589E+04 -0.19861194248154E+04  0.18702951038407E+02 -0.31885392153036E+05 -0.41535799739389E+05 -0.80013913385070E+03 -0.18189484755577E+04 -0.10090746645236E+03 -0.79186766520157E+04 -0.89160198452225E+04 -0.34672622509541E+03 -0.12111417248643E+03 -0.65719612286202E+02  0.61073824684385E+03 -0.22231985082395E+04 -0.17938549394103E+04
   0.50383772540012E+06 -0.13733507085830E+06  0.18732815537526E+05  0.40086565354455E+06 -0.62334235338318E+05  0.74433858572441E+05  0.64150124558408E+05  0.36289896555708E+06 -0.27949752248655E+05 -0.18335285653766E+05  0.31867307686674E+04 -0.13973408365589E+04 -0.15037831530316E+03  0.54788108520408E+02  0.30956846908489E+05 -0.37573687636826E+04  0.24462826559842E+05  0.13735832449424E+05 -0.22870011318179E+07 -0.29284880988211E+03 -0.24704027003452E+06  0.11871256743730E+05  0.35208385777661E+05  0.81877796225952E+05  0.38205932501820E+04  0.13947001547466E+05  0.61451279371848E+05 -0.12874976732605E+05 -0.21327894286013E+05 -0.67171441658746E+02 -0.66369213652403E+05 -0.34457817603762E+06 -0.13652526339647E+04 -0.24924183273583E+04 -0.70674515885907E+02 -0.11782842416588E+05 -0.53173272398279E+05 -0.24807737679095E+04 -0.96385454936798E+03 -0.98244671324542E+04 -0.15894608389761E+05 -0.72625618215738E+04 -0.21519548574757E+05
  -0.12790307747923E+06  0.34549879910007E+05 -0.48674516633123E+04 -0.62334235338318E+05  0.11445128552034E+05 -0.74548859149768E+04 -0.91324490097094E+04 -0.33383394406120E+05  0.52145761870208E+03  0.23627142245428E+04 -0.31815171413832E+03 -0.19721288755961E+02  0.50590226295026E+01 -0.48768773321934E+01 -0.25974298513753E+04  0.31975994186734E+03 -0.20001496201119E+04 -0.11377092925098E+04  0.48966402730936E+06  0.81303111582166E+02  0.50764419197138E+05 -0.21849051690614E+04 -0.65060219867319E+04 -0.15589492355850E+05 -0.66520864341453E+03 -0.24767892811916E+04 -0.11994362246388E+05  0.19992869253556E+04  0.33629811187488E+04 -0.57417200607108E+02  0.11790153484490E+05  0.62587060895516E+05  0.31994108969271E+03  0.56368410494392E+03  0.89393693582670E+01  0.29002635265907E+04  0.12916488808214E+05  0.46595214016874E+03  0.17267227226965E+03  0.37028666960821E+03  0.25101831501095E+04  0.81517531665621E+03  0.25155057115616E+04
  -0.29829645956471E+05  0.10742372760576E+05 -0.13697171100385E+04  0.74433858572441E+05 -0.74548859149768E+04  0.24543244279316E+05  0.14638480463713E+05  0.11106294846224E+06 -0.10518151341674E+05 -0.45883382316408E+04  0.95599353932454E+03 -0.71503363955179E+03 -0.67263749371562E+02  0.18660844240078E+02  0.95140171017834E+04 -0.11863224147899E+04  0.76039085473886E+04  0.43341710131650E+04 -0.44395351183884E+05  0.52108803139181E+02 -0.13786034425508E+05  0.13796915089672E+04  0.39064019632861E+04  0.77034130996798E+04  0.54526061912119E+03  0.18151168614157E+04  0.48940545575949E+04 -0.27470168649187E+04 -0.42093378259448E+04  0.15315652733435E+03 -0.84688241356565E+04 -0.41215255680134E+05  0.14555065595864E+02 -0.80350887212086E+01 -0.18775132195135E+02  0.46608381869722E+03  0.17945642566923E+04 -0.24663701965597E+03 -0.12712043799576E+03 -0.31696546388885E+04 -0.32802965405661E+04 -0.18653075893145E+04 -0.53554032256430E+04
   0.53173120858704E+05 -0.11114641852718E+05  0.19170721246961E+04  0.64150124558408E+05 -0.91324490097094E+04  0.14638480463713E+05  0.11372591424246E+05  0.61188239387746E+05 -0.34949169210892E+04 -0.32663950327968E+04  0.55458791069863E+03 -0.23348896350691E+03 -0.27068511239969E+02  0.97836400707259E+01  0.48814665781982E+04 -0.61682612195990E+03  0.37926452727848E+04  0.21887483754897E+04 -0.24124634996800E+06 -0.90288693377233E+01 -0.31283526803204E+05  0.17800448585085E+04  0.51267081073199E+04  0.11363036957653E+05  0.60842336615035E+03  0.21115946545356E+04  0.81267518961301E+04 -0.24682773052615E+04 -0.38670532666764E+04  0.13847997248821E+03 -0.98535450063756E+04 -0.51320366873211E+05 -0.15407495641860E+03 -0.27396650884065E+03 -0.13103609011684E+02 -0.98034600498097E+03 -0.45700003250216E+04 -0.35538256926055E+03 -0.15016791530541E+03 -0.13450444578603E+04 -0.31283612231020E+04 -0.11513807588008E+04 -0.34264233543150E+04
   0.98882528019903E+06 -0.12544775338962E+06  0.28031736484402E+05  0.36289896555708E+06 -0.33383394406120E+05  0.11106294846224E+06  0.61188239387746E+05  0.53868596374717E+07 -0.24090263050594E+07 -0.89453669139754E+05  0.25990847481038E+05  0.26476807500011E+05  0.17925224486320E+04  0.97383851236488E+02  0.89164536276672E+05 -0.11303652286806E+05  0.81384941246767E+05  0.44116318119003E+05 -0.59205469671516E+06  0.35993723131443E+03 -0.10614471131721E+06  0.17888761056698E+05  0.58612649620172E+05  0.94848573562667E+05  0.61801311779355E+04  0.22764124300976E+05  0.70078253153968E+05 -0.63168713765562E+05 -0.50608659196211E+05 -0.70434677294954E+05 -0.29585006239446E+06 -0.58146336423314E+06 -0.73999886153327E+05 -0.16644138990333E+06 -0.14127890717012E+04 -0.56749272788498E+04 -0.11190099147492E+05  0.23572303007903E+03  0.25434776778240E+03 -0.27441467236842E+06 -0.87741728678222E+04 -0.14466332238517E+06 -0.17836577154092E+06
  -0.18406647126782E+06  0.26423340736719E+05 -0.50679511396200E+04 -0.27949752248655E+05  0.52145761870208E+03 -0.10518151341674E+05 -0.34949169210892E+04 -0.24090263050594E+07  0.19291272789068E+07  0.19478070818397E+05 -0.64098114807094E+04 -0.55547874453800E+04 -0.30693549834650E+03 -0.13613665597528E+02  0.48001940559895E+05 -0.22218005419431E+04  0.14519771395842E+05  0.69229089314087E+04 -0.25997350512303E+05 -0.94066874170573E+02  0.19324105775987E+04 -0.35519597363877E+04 -0.12182054128493E+05 -0.18678738044426E+05 -0.12665937369714E+04 -0.48310395548075E+04 -0.13491453880356E+05  0.11581624863693E+05  0.10926491398415E+05  0.24748575041296E+05  0.67167505379999E+05  0.12764676819117E+06  0.22914223947353E+05  0.51608708710125E+05  0.19132887715426E+03  0.59462746565664E+03  0.12078345400381E+04 -0.12473211634895E+04 -0.69406239672404E+03  0.11307356669952E+06  0.15678399194707E+04  0.45281038587447E+05  0.55289009036859E+05
  -0.50179161870075E+05  0.74012901195126E+04 -0.16668557299799E+04 -0.18335285653766E+05  0.23627142245428E+04 -0.45883382316408E+04 -0.32663950327968E+04 -0.89453669139754E+05  0.19478070818397E+05  0.26621765587272E+04 -0.61438736077579E+03 -0.65958967786297E+03 -0.58645061792732E+02 -0.17435365645749E+01 -0.40250255021361E+04  0.49106820770273E+03 -0.32038535858512E+04 -0.18162553380777E+04  0.56931820689712E+05 -0.60979439034211E+01  0.93521362510485E+04 -0.78049863752870E+03 -0.24140387692096E+04 -0.42096561897661E+04 -0.25935651697397E+03 -0.91827818900322E+03 -0.32486983193293E+04  0.27566060702575E+04  0.19030490913073E+04  0.73781790883947E+03  0.11040017983617E+05  0.22949551751266E+05  0.14968630703122E+04  0.33086081617212E+04  0.43768193010637E+02  0.55462760426313E+03  0.10561928667126E+04  0.12990806094500E+03  0.57835364910472E+02  0.31397745367625E+04  0.43544633713298E+03  0.28401993458660E+04  0.35898315318140E+04
   0.73160705955187E+04 -0.87859300800479E+03  0.21089035024597E+03  0.31867307686674E+04 -0.31815171413832E+03  0.95599353932454E+03  0.55458791069863E+03  0.25990847481038E+05 -0.64098114807094E+04 -0.61438736077579E+03  0.16628480129921E+03  0.18534723676714E+03  0.13557705553509E+02  0.64854630823533E+00  0.12228932719874E+04 -0.13537613165630E+03  0.94256534944804E+03  0.51324425260393E+03 -0.60686143117535E+04  0.23307183269753E+01 -0.98574545043233E+03  0.12684670305588E+03  0.40926343523615E+03  0.67383322547936E+03  0.43351605802132E+02  0.15766306016513E+03  0.50083140268302E+03 -0.46211579235434E+03 -0.34844444821349E+03 -0.33458198706787E+03 -0.19952737217751E+04 -0.39705736911654E+04 -0.41694433550318E+03 -0.93823047055503E+03 -0.10813815145778E+02 -0.44644904163961E+02 -0.87861875842544E+02 -0.13199885635050E+02 -0.61942140040918E+01 -0.11303184397258E+04 -0.64079836002172E+02 -0.81324633726932E+03 -0.10100671529130E+04
   0.15344386373027E+05 -0.11987999812432E+04  0.41686871703113E+03 -0.13973408365589E+04 -0.19721288755961E+02 -0.71503363955179E+03 -0.23348896350691E+03  0.26476807500011E+05 -0.55547874453800E+04 -0.65958967786297E+03  0.18534723676714E+03  0.15586855573325E+04  0.10398384666457E+03 -0.11786331875555E+01  0.13662934245805E+04 -0.19149718717494E+03  0.13207382146621E+04  0.76731284338749E+03 -0.60337687582250E+04 -0.49942364900068E+01 -0.43881451619100E+03  0.68623659986080E+01  0.17256195852775E+03 -0.40941649126871E+03 -0.22090666812314E+02 -0.90842343084221E+02 -0.23617016368276E+03 -0.11137398586965E+04 -0.69917157210517E-01 -0.68358798754018E+03 -0.49637071872107E+04 -0.15609513579040E+02 -0.22395652280059E+04 -0.69077930422481E+02 -0.77282089695725E+02 -0.20483373197660E+00  0.28223028279374E-02 -0.16992139862639E+01 -0.72729194045570E+00  0.28996047014660E+03  0.30424141280321E+03 -0.26624503852737E+04 -0.41781659752836E+01
   0.17234713425622E+04 -0.13932263142469E+03  0.53077483318904E+02 -0.15037831530316E+03  0.50590226295026E+01 -0.67263749371562E+02 -0.27068511239969E+02  0.17925224486320E+04 -0.30693549834650E+03 -0.58645061792732E+02  0.13557705553509E+02  0.10398384666457E+03  0.94290462105529E+01 -0.16801115597165E+00  0.76597848969319E+02 -0.12870529706859E+02  0.77873269903403E+02  0.49396518112734E+02 -0.28915883566900E+03 -0.40320051931948E+00  0.17740935342733E+02  0.28780519172572E+01  0.23216267081352E+02 -0.43449014732533E+02 -0.23690023675094E+01 -0.91237034613685E+01 -0.18960089920970E+02 -0.16396074909397E+03 -0.93444904633721E-02 -0.26940283724175E+02 -0.58451777360932E+03 -0.18135300475372E+01 -0.14129436399494E+03 -0.18120011453012E+02 -0.62894626826057E+01 -0.14638862981537E+00  0.19421868595490E-02 -0.17997977102854E+00 -0.69847560736697E-01  0.28727933348735E+02  0.67984584526218E+02 -0.19318160727545E+03 -0.33157850825858E+00
  -0.10601419314425E+03  0.12708876600169E+02 -0.40230064689555E+01  0.54788108520408E+02 -0.48768773321934E+01  0.18660844240078E+02  0.97836400707259E+01  0.97383851236488E+02 -0.13613665597528E+02 -0.17435365645749E+01  0.64854630823533E+00 -0.11786331875555E+01 -0.16801115597165E+00  0.48015628395066E-01  0.13994299696518E+02 -0.10810206367939E+01  0.83585612001062E+01  0.39367962676439E+01 -0.79769759233502E+02  0.19020514798849E-01 -0.15905932770341E+02  0.26052157266919E+00  0.66343291665070E+00  0.24346895471440E+01  0.10528066535820E+00  0.35562923822394E+00  0.16041806793056E+01  0.67737257882976E-01 -0.21420917484618E-04 -0.58474756097221E+01 -0.72385951918101E+00 -0.16377415250641E-02 -0.30453925356322E+01 -0.13058981472394E-04 -0.13354322065464E+00 -0.13840875640872E-12 -0.67635463955091E-12 -0.16039987275063E-02 -0.88108437708551E-03 -0.15746206795379E+01  0.36506948125797E-04 -0.29841149045771E+01 -0.29807850636912E-02
   0.96442991880717E+04  0.64750775480426E+03 -0.28008339031194E+03  0.30956846908489E+05 -0.25974298513753E+04  0.95140171017834E+04  0.48814665781982E+04  0.89164536276672E+05  0.48001940559895E+05 -0.40250255021361E+04  0.12228932719874E+04  0.13662934245805E+04  0.76597848969319E+02  0.13994299696518E+02  0.49605485503965E+05 -0.46163031459489E+04  0.32862524992553E+05  0.17126930230088E+05 -0.55488803653085E+05  0.32837452717946E+01  0.30359192235791E+04 -0.12475742436977E+03 -0.39225382795834E+03 -0.32443942954677E+03 -0.40223089004101E+02 -0.14236219983415E+03 -0.35550103430979E+03 -0.26925814524803E+04 -0.17658814386822E+04 -0.24904848934197E+04  0.20274527592000E+04  0.43755673552203E+04 -0.14781645240437E+04 -0.29343124385348E+04 -0.72754328444572E+03  0.22708373312111E+03  0.40999921089841E+03 -0.28577907725383E+04 -0.15204547911030E+04 -0.24074596964702E+04  0.19440898153381E+03 -0.89563065677326E+03 -0.10088381027340E+04
  -0.21465762508243E+04 -0.53306269819048E+02 -0.70453348970446E+01 -0.37573687636826E+04  0.31975994186734E+03 -0.11863224147899E+04 -0.61682612195990E+03 -0.11303652286806E+05 -0.22218005419431E+04  0.49106820770273E+03 -0.13537613165630E+03 -0.19149718717494E+03 -0.12870529706859E+02 -0.10810206367939E+01 -0.46163031459489E+04  0.49924084501148E+03 -0.34546376166017E+04 -0.18761698092366E+04  0.64899965133229E+04 -0.10301992794098E+01 -0.46251394219870E+03  0.12743332101599E+02  0.35694562448924E+02  0.10134346155605E+02  0.39421744339737E+01  0.13351798980933E+02  0.35941545638603E+02  0.49524291601875E+03  0.31028849035652E+03  0.28769851855035E+03 -0.16904986925860E+03 -0.50719703625165E+03  0.15301677144012E+03  0.30281895863441E+03  0.80471221734216E+02 -0.60970707247782E+02 -0.10858040971487E+03  0.43324729469709E+03  0.21487895024742E+03 -0.30006602602527E+03 -0.35088591566608E+02  0.24938811146216E+03  0.27940701023610E+03
   0.10038694129142E+05  0.13877025347337E+03 -0.12941573294559E+03  0.24462826559842E+05 -0.20001496201119E+04  0.76039085473886E+04  0.37926452727848E+04  0.81384941246767E+05  0.14519771395842E+05 -0.32038535858512E+04  0.94256534944804E+03  0.13207382146621E+04  0.77873269903403E+02  0.83585612001062E+01  0.32862524992553E+05 -0.34546376166017E+04  0.24458779464580E+05  0.13096875934594E+05 -0.44176530020343E+05  0.13269225985653E+01  0.27462111559131E+04 -0.13521154059908E+03 -0.41110460368707E+03 -0.39964606072647E+03 -0.44658984235550E+02 -0.15001186973725E+03 -0.34988157010178E+03 -0.22427234177371E+04 -0.14620601892426E+04 -0.23284009999654E+04  0.20028628616379E+04  0.41088854994545E+04 -0.11564759598592E+04 -0.23020642046938E+04 -0.55709359735578E+03  0.51744297345376E+02  0.10395295769866E+03 -0.22896408915949E+04 -0.12438694904284E+04  0.89775065799752E+03  0.18797359595838E+03 -0.13983102651944E+04 -0.15553035758092E+04
   0.72380523791278E+04  0.76164201056764E+02 -0.77709852365875E+01  0.13735832449424E+05 -0.11377092925098E+04  0.43341710131650E+04  0.21887483754897E+04  0.44116318119003E+05  0.69229089314087E+04 -0.18162553380777E+04  0.51324425260393E+03  0.76731284338749E+03  0.49396518112734E+02  0.39367962676439E+01  0.17126930230088E+05 -0.18761698092366E+04  0.13096875934594E+05  0.71169555435971E+04 -0.24619516220996E+05  0.20372535516245E+01  0.17140629974117E+04 -0.72250454318744E+02 -0.20723117370577E+03 -0.16587348498228E+03 -0.23576443589302E+02 -0.76678946397003E+02 -0.18029752300967E+03 -0.16092464198644E+04 -0.10156514193831E+04 -0.11742797717213E+04  0.94747294279878E+03  0.22716006669944E+04 -0.58636905123178E+03 -0.11686240095087E+04 -0.30752192211968E+03  0.83585611496199E+02  0.15642686216645E+03 -0.14874153751556E+04 -0.77453592800926E+03  0.11800123705694E+04  0.13653050044237E+03 -0.10023065852587E+04 -0.11148516000256E+04
  -0.78529124308106E+07  0.26288558678421E+07 -0.30249425353632E+06 -0.22870011318179E+07  0.48966402730936E+06 -0.44395351183884E+05 -0.24124634996800E+06 -0.59205469671516E+06 -0.25997350512303E+05  0.56931820689712E+05 -0.60686143117535E+04 -0.60337687582250E+04 -0.28915883566900E+03 -0.79769759233502E+02 -0.55488803653085E+05  0.64899965133229E+04 -0.44176530020343E+05 -0.24619516220996E+05  0.34207092491494E+08  0.75293971752956E+04  0.28739035848872E+07 -0.94053351423182E+05 -0.31105855306428E+06 -0.80296512447290E+06 -0.26950962771197E+05 -0.11537846900727E+06 -0.65832930718880E+06  0.34525089715938E+05  0.76770014006665E+05 -0.12298120324987E+04  0.57179969629412E+06  0.28155035950365E+07  0.17223320880889E+05  0.31675639927344E+05  0.21224121029753E+03  0.18620125811006E+06  0.82211157638881E+06  0.24583352260872E+05  0.77339089742114E+04 -0.18590580120791E+05  0.45112163590009E+05  0.20799731446809E+05  0.64684100802046E+05
  -0.17146430120264E+04  0.64528469709144E+03 -0.67020230772193E+02 -0.29284880988211E+03  0.81303111582166E+02  0.52108803139181E+02 -0.90288693377233E+01  0.35993723131443E+03 -0.94066874170573E+02 -0.60979439034211E+01  0.23307183269753E+01 -0.49942364900068E+01 -0.40320051931948E+00  0.19020514798849E-01  0.32837452717946E+01 -0.10301992794098E+01  0.13269225985653E+01  0.20372535516245E+01  0.75293971752956E+04  0.27772096067097E+01  0.75649003722480E+03 -0.21566164563876E+02 -0.70479518567194E+02 -0.20513883178775E+03 -0.43676081557638E+01 -0.22402943947353E+02 -0.15836576931871E+03  0.00000000000000E+00 -0.19431345931671E+02  0.00000000000000E+00  0.00000000000000E+00  0.56290379690716E+03  0.00000000000000E+00 -0.90224065471967E+01  0.00000000000000E+00  0.00000000000000E+00  0.24759050350920E+03  0.00000000000000E+00  0.00000000000000E+00  0.00000000000000E+00  0.62171611080174E+01  0.00000000000000E+00 -0.22191761470735E+02
  -0.88888246609322E+06  0.25330636043991E+06 -0.33736123875364E+05 -0.24704027003452E+06  0.50764419197138E+05 -0.13786034425508E+05 -0.31283526803204E+05 -0.10614471131721E+06  0.19324105775987E+04  0.93521362510485E+04 -0.98574545043233E+03 -0.43881451619100E+03  0.17740935342733E+02 -0.15905932770341E+02  0.30359192235791E+04 -0.46251394219870E+03  0.27462111559131E+04  0.17140629974117E+04  0.28739035848872E+07  0.75649003722480E+03  0.43093788983739E+06 -0.18118366598712E+05 -0.53460732022788E+05 -0.13917018446082E+06 -0.50919492197409E+04 -0.19483593939764E+05 -0.10287610788441E+06  0.00000000000000E+00  0.18995805801889E+05  0.00000000000000E+00  0.00000000000000E+00  0.46229169846823E+06  0.00000000000000E+00 -0.44201306273353E+04  0.00000000000000E+00  0.00000000000000E+00  0.95414926502731E+05  0.00000000000000E+00  0.00000000000000E+00  0.00000000000000E+00 -0.16499758462675E+05  0.00000000000000E+00  0.15809934372738E+05
   0.31823271830394E+05 -0.60524066998603E+04  0.11627221299383E+04  0.11871256743730E+05 -0.21849051690614E+04  0.13796915089672E+04  0.17800448585085E+04  0.17888761056698E+05 -0.35519597363877E+04 -0.78049863752870E+03  0.12684670305588E+03  0.68623659986080E+01  0.28780519172572E+01  0.26052157266919E+00 -0.12475742436977E+03  0.12743332101599E+02 -0.13521154059908E+03 -0.72250454318744E+02 -0.94053351423182E+05 -0.21566164563876E+02 -0.18118366598712E+05  0.10652229213539E+04  0.29219187190140E+04  0.72833703752481E+04  0.27926312183791E+03  0.10046155765177E+04  0.48384583340743E+04 -0.46109170682315E+02 -0.12815312356959E+04  0.44006059477880E+01  0.59159566507744E+03 -0.24684973626674E+05  0.00000000000000E+00 -0.12211047904416E+03  0.00000000000000E+00  0.20503621878253E+04 -0.28098002793620E+04  0.00000000000000E+00  0.00000000000000E+00  0.00000000000000E+00  0.11954537285389E+04 -0.30430804275556E+03 -0.16618598372055E+04
   0.11453695383830E+06 -0.25667936671582E+05  0.41958772815453E+04  0.35208385777661E+05 -0.65060219867319E+04  0.39064019632861E+04  0.51267081073199E+04  0.58612649620172E+05 -0.12182054128493E+05 -0.24140387692096E+04  0.40926343523615E+03  0.17256195852775E+03  0.23216267081352E+02  0.66343291665070E+00 -0.39225382795834E+03  0.35694562448924E+02 -0.41110460368707E+03 -0.20723117370577E+03 -0.31105855306428E+06 -0.70479518567194E+02 -0.53460732022788E+05  0.29219187190140E+04  0.84571620084860E+04  0.20050903788803E+05  0.79612120917966E+03  0.29260147661964E+04  0.14172952222937E+05 -0.15147580372801E+03 -0.33946033894335E+04 -0.17378232774725E+02 -0.57499937273171E+04 -0.71847432856635E+05  0.00000000000000E+00 -0.32185883903061E+03  0.00000000000000E+00  0.30556610445443E+04 -0.95417016965056E+04  0.00000000000000E+00  0.00000000000000E+00  0.00000000000000E+00  0.34860679675137E+04 -0.17588654170143E+04 -0.49384518841249E+04
   0.19653766395128E+06 -0.49247135568451E+05  0.73176153740211E+04  0.81877796225952E+05 -0.15589492355850E+05  0.77034130996798E+04  0.11363036957653E+05  0.94848573562667E+05 -0.18678738044426E+05 -0.42096561897661E+04  0.67383322547936E+03 -0.40941649126871E+03 -0.43449014732533E+02  0.24346895471440E+01 -0.32443942954677E+03  0.10134346155605E+02 -0.39964606072647E+03 -0.16587348498228E+03 -0.80296512447290E+06 -0.20513883178775E+03 -0.13917018446082E+06  0.72833703752481E+04  0.20050903788803E+05  0.56882987931014E+05  0.19735275205437E+04  0.73048398928807E+04  0.36453580124292E+05  0.23564448577363E+03 -0.10642628757235E+05 -0.43993557833601E+01  0.37157571754375E+05 -0.17301518942407E+06  0.00000000000000E+00 -0.10345785158539E+04  0.00000000000000E+00  0.16272264368953E+05 -0.24721367587765E+05  0.00000000000000E+00  0.00000000000000E+00  0.00000000000000E+00  0.56715236020984E+04  0.14694231341455E+04 -0.11613486053866E+05
   0.11195614342908E+05 -0.25457975766355E+04  0.41351767035791E+03  0.38205932501820E+04 -0.66520864341453E+03  0.54526061912119E+03  0.60842336615035E+03  0.61801311779355E+04 -0.12665937369714E+04 -0.25935651697397E+03  0.43351605802132E+02 -0.22090666812314E+02 -0.23690023675094E+01  0.10528066535820E+00 -0.40223089004101E+02  0.39421744339737E+01 -0.44658984235550E+02 -0.23576443589302E+02 -0.26950962771197E+05 -0.43676081557638E+01 -0.50919492197409E+04  0.27926312183791E+03  0.79612120917966E+03  0.19735275205437E+04  0.94283371388890E+02  0.33186420068721E+03  0.13984701557188E+04  0.00000000000000E+00 -0.40543661725732E+03  0.00000000000000E+00  0.00000000000000E+00 -0.79558804649777E+04  0.00000000000000E+00 -0.38204274086944E+02  0.00000000000000E+00  0.00000000000000E+00 -0.50709322265252E+03  0.00000000000000E+00  0.00000000000000E+00  0.00000000000000E+00  0.18844321655008E+02  0.00000000000000E+00 -0.61422595882621E+03
   0.43529195056065E+05 -0.10715565973075E+05  0.16140686306461E+04  0.13947001547466E+05 -0.24767892811916E+04  0.18151168614157E+04  0.21115946545356E+04  0.22764124300976E+05 -0.48310395548075E+04 -0.91827818900322E+03  0.15766306016513E+03 -0.90842343084221E+02 -0.91237034613685E+01  0.35562923822394E+00 -0.14236219983415E+03  0.13351798980933E+02 -0.15001186973725E+03 -0.76678946397003E+02 -0.11537846900727E+06 -0.22402943947353E+02 -0.19483593939764E+05  0.10046155765177E+04  0.29260147661964E+04  0.73048398928807E+04  0.33186420068721E+03  0.12171155536377E+04  0.52280231889695E+04  0.00000000000000E+00 -0.12904019989000E+04  0.00000000000000E+00  0.00000000000000E+00 -0.28836348422867E+05  0.00000000000000E+00 -0.12095305272590E+03  0.00000000000000E+00  0.00000000000000E+00 -0.31423725970638E+04  0.00000000000000E+00  0.00000000000000E+00  0.00000000000000E+00 -0.65055633912440E+02  0.00000000000000E+00 -0.22641035721760E+04
   0.22148667992443E+06 -0.60212231801990E+05  0.83387874394839E+04  0.61451279371848E+05 -0.11994362246388E+05  0.48940545575949E+04  0.81267518961301E+04  0.70078253153968E+05 -0.13491453880356E+05 -0.32486983193293E+04  0.50083140268302E+03 -0.23617016368276E+03 -0.18960089920970E+02  0.16041806793056E+01 -0.35550103430979E+03  0.35941545638603E+02 -0.34988157010178E+03 -0.18029752300967E+03 -0.65832930718880E+06 -0.15836576931871E+03 -0.10287610788441E+06  0.48384583340743E+04  0.14172952222937E+05  0.36453580124292E+05  0.13984701557188E+04  0.52280231889695E+04  0.27084473215759E+05  0.00000000000000E+00 -0.73036197241654E+04  0.00000000000000E+00  0.00000000000000E+00 -0.12319901110807E+06  0.00000000000000E+00 -0.70998182192262E+03  0.00000000000000E+00  0.00000000000000E+00 -0.19707003209373E+05  0.00000000000000E+00  0.00000000000000E+00  0.00000000000000E+00  0.77685628075064E+04  0.00000000000000E+00 -0.79986806559731E+04
  -0.13224700253088E+06  0.16792736077676E+05 -0.46805350125589E+04 -0.12874976732605E+05  0.19992869253556E+04 -0.27470168649187E+04 -0.24682773052615E+04 -0.63168713765562E+05  0.11581624863693E+05  0.27566060702575E+04 -0.46211579235434E+03 -0.11137398586965E+04 -0.16396074909397E+03  0.67737257882976E-01 -0.26925814524803E+04  0.49524291601875E+03 -0.22427234177371E+04 -0.16092464198644E+04  0.34525089715938E+05  0.00000000000000E+00  0.00000000000000E+00 -0.46109170682315E+02 -0.15147580372801E+03  0.23564448577363E+03  0.00000000000000E+00  0.00000000000000E+00  0.00000000000000E+00  0.11695883223622E+06  0.00000000000000E+00  0.00000000000000E+00  0.00000000000000E+00  0.00000000000000E+00  0.00000000000000E+00  0.00000000000000E+00  0.00000000000000E+00  0.00000000000000E+00  0.00000000000000E+00  0.00000000000000E+00  0.00000000000000E+00  0.00000000000000E+00  0.00000000000000E+00  0.00000000000000E+00  0.00000000000000E+00
  -0.56057947789648E+05  0.82941115919917E+04 -0.19861194248154E+04 -0.21327894286013E+05  0.33629811187488E+04 -0.42093378259448E+04 -0.38670532666764E+04 -0.50608659196211E+05  0.10926491398415E+05  0.19030490913073E+04 -0.34844444821349E+03 -0.69917157210517E-01 -0.93444904633721E-02 -0.21420917484618E-04 -0.17658814386822E+04  0.31028849035652E+03 -0.14620601892426E+04 -0.10156514193831E+04  0.76770014006665E+05 -0.19431345931671E+02  0.18995805801889E+05 -0.12815312356959E+04 -0.33946033894335E+04 -0.10642628757235E+05 -0.40543661725732E+03 -0.12904019989000E+04 -0.73036197241654E+04  0.00000000000000E+00  0.64986843355189E+05  0.00000000000000E+00  0.00000000000000E+00  0.00000000000000E+00  0.00000000000000E+00  0.00000000000000E+00  0.00000000000000E+00  0.00000000000000E+00  0.00000000000000E+00  0.00000000000000E+00  0.00000000000000E+00  0.00000000000000E+00  0.00000000000000E+00  0.00000000000000E+00  0.00000000000000E+00
  -0.52607388296477E+04 -0.19498071008329E+03  0.18702951038407E+02 -0.67171441658746E+02 -0.57417200607108E+02  0.15315652733435E+03  0.13847997248821E+03 -0.70434677294954E+05  0.24748575041296E+05  0.73781790883947E+03 -0.33458198706787E+03 -0.68358798754018E+03 -0.26940283724175E+02 -0.58474756097221E+01 -0.24904848934197E+04  0.28769851855035E+03 -0.23284009999654E+04 -0.11742797717213E+04 -0.12298120324987E+04  0.00000000000000E+00  0.00000000000000E+00  0.44006059477880E+01 -0.17378232774725E+02 -0.43993557833601E+01  0.00000000000000E+00  0.00000000000000E+00  0.00000000000000E+00  0.00000000000000E+00  0.00000000000000E+00  0.30811406348715E+05  0.00000000000000E+00  0.00000000000000E+00  0.00000000000000E+00  0.00000000000000E+00  0.00000000000000E+00  0.00000000000000E+00  0.00000000000000E+00  0.00000000000000E+00  0.00000000000000E+00  0.00000000000000E+00  0.00000000000000E+00  0.00000000000000E+00  0.00000000000000E+00
  -0.86861950199136E+06  0.21052911818562E+06 -0.31885392153036E+05 -0.66369213652403E+05  0.11790153484490E+05 -0.84688241356565E+04 -0.98535450063756E+04 -0.29585006239446E+06  0.67167505379999E+05  0.11040017983617E+05 -0.19952737217751E+04 -0.49637071872107E+04 -0.58451777360932E+03 -0.72385951918101E+00  0.20274527592000E+04 -0.16904986925860E+03  0.20028628616379E+04  0.94747294279878E+03  0.57179969629412E+06  0.00000000000000E+00  0.00000000000000E+00  0.59159566507744E+03 -0.57499937273171E+04  0.37157571754375E+05  0.00000000000000E+00  0.00000000000000E+00  0.00000000000000E+00  0.00000000000000E+00  0.00000000000000E+00  0.00000000000000E+00  0.58071280337247E+06  0.00000000000000E+00  0.00000000000000E+00  0.00000000000000E+00  0.00000000000000E+00  0.00000000000000E+00  0.00000000000000E+00  0.00000000000000E+00  0.00000000000000E+00  0.00000000000000E+00  0.00000000000000E+00  0.00000000000000E+00  0.00000000000000E+00
  -0.11262565714895E+07  0.26623326731298E+06 -0.41535799739389E+05 -0.34457817603762E+06  0.62587060895516E+05 -0.41215255680134E+05 -0.51320366873211E+05 -0.58146336423314E+06  0.12764676819117E+06  0.22949551751266E+05 -0.39705736911654E+04 -0.15609513579040E+02 -0.18135300475372E+01 -0.16377415250641E-02  0.43755673552203E+04 -0.50719703625165E+03  0.41088854994545E+04  0.22716006669944E+04  0.28155035950365E+07  0.56290379690716E+03  0.46229169846823E+06 -0.24684973626674E+05 -0.71847432856635E+05 -0.17301518942407E+06 -0.79558804649777E+04 -0.28836348422867E+05 -0.12319901110807E+06  0.00000000000000E+00  0.00000000000000E+00  0.00000000000000E+00  0.00000000000000E+00  0.92340174546673E+06  0.00000000000000E+00  0.00000000000000E+00  0.00000000000000E+00  0.00000000000000E+00  0.00000000000000E+00  0.00000000000000E+00  0.00000000000000E+00  0.00000000000000E+00  0.00000000000000E+00  0.00000000000000E+00  0.00000000000000E+00
  -0.20986790803923E+05  0.57498748097479E+04 -0.80013913385070E+03 -0.13652526339647E+04  0.31994108969271E+03  0.14555065595864E+02 -0.15407495641860E+03 -0.73999886153327E+05  0.22914223947353E+05  0.14968630703122E+04 -0.41694433550318E+03 -0.22395652280059E+04 -0.14129436399494E+03 -0.30453925356322E+01 -0.14781645240437E+04  0.15301677144012E+03 -0.11564759598592E+04 -0.58636905123178E+03  0.17223320880889E+05  0.00000000000000E+00  0.00000000000000E+00  0.00000000000000E+00  0.00000000000000E+00  0.00000000000000E+00  0.00000000000000E+00  0.00000000000000E+00  0.00000000000000E+00  0.00000000000000E+00  0.00000000000000E+00  0.00000000000000E+00  0.00000000000000E+00  0.00000000000000E+00  0.14301842308109E+05  0.00000000000000E+00  0.00000000000000E+00  0.00000000000000E+00  0.00000000000000E+00  0.00000000000000E+00  0.00000000000000E+00  0.00000000000000E+00  0.00000000000000E+00  0.00000000000000E+00  0.00000000000000E+00
  -0.47528004433960E+05  0.13189627977085E+05 -0.18189484755577E+04 -0.24924183273583E+04  0.56368410494392E+03 -0.80350887212086E+01 -0.27396650884065E+03 -0.16644138990333E+06  0.51608708710125E+05  0.33086081617212E+04 -0.93823047055503E+03 -0.69077930422481E+02 -0.18120011453012E+02 -0.13058981472394E-04 -0.29343124385348E+04  0.30281895863441E+03 -0.23020642046938E+04 -0.11686240095087E+04  0.31675639927344E+05 -0.90224065471967E+01 -0.44201306273353E+04 -0.12211047904416E+03 -0.32185883903061E+03 -0.10345785158539E+04 -0.38204274086944E+02 -0.12095305272590E+03 -0.70998182192262E+03  0.00000000000000E+00  0.00000000000000E+00  0.00000000000000E+00  0.00000000000000E+00  0.00000000000000E+00  0.00000000000000E+00  0.31408470623834E+05  0.00000000000000E+00  0.00000000000000E+00  0.00000000000000E+00  0.00000000000000E+00  0.00000000000000E+00  0.00000000000000E+00  0.00000000000000E+00  0.00000000000000E+00  0.00000000000000E+00
  -0.32079713675243E+04  0.42268959080212E+03 -0.10090746645236E+03 -0.70674515885907E+02  0.89393693582670E+01 -0.18775132195135E+02 -0.13103609011684E+02 -0.14127890717012E+04  0.19132887715426E+03  0.43768193010637E+02 -0.10813815145778E+02 -0.77282089695725E+02 -0.62894626826057E+01 -0.13354322065464E+00 -0.72754328444572E+03  0.80471221734216E+02 -0.55709359735578E+03 -0.30752192211968E+03  0.21224121029753E+03  0.00000000000000E+00  0.00000000000000E+00  0.00000000000000E+00  0.00000000000000E+00  0.00000000000000E+00  0.00000000000000E+00  0.00000000000000E+00  0.00000000000000E+00  0.00000000000000E+00  0.00000000000000E+00  0.00000000000000E+00  0.00000000000000E+00  0.00000000000000E+00  0.00000000000000E+00  0.00000000000000E+00  0.37990903380932E+04  0.00000000000000E+00  0.00000000000000E+00  0.00000000000000E+00  0.00000000000000E+00  0.00000000000000E+00  0.00000000000000E+00  0.00000000000000E+00  0.00000000000000E+00
  -0.20490688868428E+06  0.63898235491344E+05 -0.79186766520157E+04 -0.11782842416588E+05  0.29002635265907E+04  0.46608381869722E+03 -0.98034600498097E+03 -0.56749272788498E+04  0.59462746565664E+03  0.55462760426313E+03 -0.44644904163961E+02 -0.20483373197660E+00 -0.14638862981537E+00 -0.13840875640872E-12  0.22708373312111E+03 -0.60970707247782E+02  0.51744297345376E+02  0.83585611496199E+02  0.18620125811006E+06  0.00000000000000E+00  0.00000000000000E+00  0.20503621878253E+04  0.30556610445443E+04  0.16272264368953E+05  0.00000000000000E+00  0.00000000000000E+00  0.00000000000000E+00  0.00000000000000E+00  0.00000000000000E+00  0.00000000000000E+00  0.00000000000000E+00  0.00000000000000E+00  0.00000000000000E+00  0.00000000000000E+00  0.00000000000000E+00  0.10628026774811E+06  0.00000000000000E+00  0.00000000000000E+00  0.00000000000000E+00  0.00000000000000E+00  0.00000000000000E+00  0.00000000000000E+00  0.00000000000000E+00
  -0.23108548538642E+06  0.71606949221307E+05 -0.89160198452225E+04 -0.53173272398279E+05  0.12916488808214E+05  0.17945642566923E+04 -0.45700003250216E+04 -0.11190099147492E+05  0.12078345400381E+04  0.10561928667126E+04 -0.87861875842544E+02  0.28223028279374E-02  0.19421868595490E-02 -0.67635463955091E-12  0.40999921089841E+03 -0.10858040971487E+03  0.10395295769866E+03  0.15642686216645E+03  0.82211157638881E+06  0.24759050350920E+03  0.95414926502731E+05 -0.28098002793620E+04 -0.95417016965056E+04 -0.24721367587765E+05 -0.50709322265252E+03 -0.31423725970638E+04 -0.19707003209373E+05  0.00000000000000E+00  0.00000000000000E+00  0.00000000000000E+00  0.00000000000000E+00  0.00000000000000E+00  0.00000000000000E+00  0.00000000000000E+00  0.00000000000000E+00  0.00000000000000E+00  0.13904938601600E+06  0.00000000000000E+00  0.00000000000000E+00  0.00000000000000E+00  0.00000000000000E+00  0.00000000000000E+00  0.00000000000000E+00
