# fitpack15: fit parameters                                                                         
# CJ15 AV18 final data choices                                                                      
# Created on 01/15/2020 at 22:55:27                                                                 

 # QCD setup
  INS                           0
  NVL                          11
  IORD                          1
  Q02                   1.6899999999999999     
  IPARAMC                       7
  FLAVOR                4.0000000000000000     
  xmc                   1.3000000000000000     
  xmb                   4.5000000000000000     
  ncb                          12
  ihq                           1
  ias                           0

 # Theory corrections
  inuke                     10814
  itmc                          1
  iht                           1

 # fit parameters
 LAMBDA       0.22680        0.0000    
 a0uv          1.9539        0.0000    
 a1uv         0.56849       0.23582E-01
 a2uv          3.5568       0.11681E-01
 a3uv          0.0000        0.0000    
 a4uv          4.5707       0.63080    
 a5uv          0.0000        0.0000    
 a0dv          25.093        0.0000    
 a1dv          1.1576       0.33136E-01
 a2dv          6.6251       0.15904    
 a3dv         -3.5598       0.84703E-01
 a4dv          4.7851       0.13953    
 a5dv          0.0000        0.0000    
 a0ud         0.14198       0.49832E-02
 a1ud        -0.21085       0.38200E-02
 a2ud          8.4256       0.18948    
 a3ud          0.0000        0.0000    
 a4ud          15.775        1.3092    
 a5ud          0.0000        0.0000    
 a0du          35712.        0.0000    
 a1du          4.0850       0.86282E-01
 a2du          20.132       0.95849    
 a3du          17.000        0.0000    
 a4du          53.221        11.991    
 a0g           47.603        0.0000    
 a1g          0.61059       0.32795E-01
 a2g           6.8595       0.97237    
 a3g          -3.3830       0.14949    
 a4g           3.4081       0.38265    
 a5g           0.0000        0.0000    
 kappa        0.40000        0.0000    
 a6dv        -0.39155E-02   0.67091E-03
 a7dv          2.0000        0.0000    
 off1         -2.6948        1.8395    
 off2         0.50781E-01   0.13214E-01
 ht1          -3.5725       0.34772    
 ht2           2.0921       0.12494    
 ht3          -2.0476       0.35558E-01
 ht4           0.0000        0.0000    
 ht1n         -3.7591        1.0493    
 ht2n          2.0089       0.34579    
 ht3n         -2.1223       0.67511E-01
 ht4n          0.0000        0.0000    
 dummy44       0.0000        0.0000    
 dummy45       0.0000        0.0000    
 dummy46       0.0000        0.0000    
 dummy47       0.0000        0.0000    
 dummy48       0.0000        0.0000    
 dummy49       0.0000        0.0000    
 bcdmsh2      0.97003       0.48545E-02
 bcdmsd2      0.99006       0.58552E-02
 ccfr          1.0000        0.0000    
 nutev         1.0000        0.0000    
 zeus         0.97998        0.0000    
 h1            1.0162        0.0000    
 e605          1.0319        0.0000    
 NmcH2         1.0064       0.71340E-02
 ntv_nu        1.0000        0.0000    
 ntv_nubar     1.0000        0.0000    
 cdf_jet      0.98910        0.0000    
 d0_jet       0.83504        0.0000    
 slac_p        1.0020       0.50393E-02
 slac_d        1.0013       0.53124E-02
 e866pp       0.98187       0.19973E-01
 e866pd       0.96968       0.16459E-01
 d0_gamjet     1.0363       0.16487E-01
 h1b          0.97608        0.0000    
 jlab_p       0.99055       0.62871E-02
 jlab_d       0.97451       0.60147E-02
 blank         1.0000        0.0000    
 d0run2       0.94447       0.14207E-01
 cdfrun2      0.93126       0.17321E-01
 HERA_el       1.0000        0.0000    
 HERA_ps       1.0000        0.0000    
 CDF_Z        0.95918       0.66363E-02
 NmcRat        1.0000        0.0000    
 BNS_F2nd     0.98279       0.11805E-01
 HERMES_F2p   0.99591       0.56747E-02
 HERMES_F2d   0.97758       0.58468E-02
 END 0. 0.

 # Hessian matrix (Bevington alpha)
   0.51940538537801E+07 -0.13315782394344E+07  0.19504637581292E+06  0.50394614519924E+06 -0.12795253810612E+06 -0.29753871698465E+05  0.53214328312143E+05  0.98908136725860E+06 -0.18417056662721E+06 -0.50185582448276E+05  0.73156991086894E+04  0.15365013215034E+05  0.17258389718023E+04 -0.10642303644849E+03  0.96490444218435E+04 -0.21461830677933E+04  0.10034794138040E+05  0.72342978249677E+04 -0.78478644625349E+07 -0.16869638678078E+04 -0.96755411281521E+06  0.32041302178060E+05  0.11507954268614E+06  0.19829181633085E+06  0.11268863929861E+05  0.43765843264524E+05  0.22270063698147E+06 -0.13225990361476E+06 -0.56067856451784E+05 -0.52636770885710E+04 -0.86864941816680E+06 -0.11263427756469E+07 -0.20985136141759E+05 -0.47536475056022E+05 -0.32083096017077E+04 -0.20491271641602E+06 -0.23109841225861E+06 -0.92334484110612E+04 -0.32577632238565E+04 -0.18080841654947E+05  0.17116629877824E+05 -0.74372188314459E+05 -0.58620754322561E+05
  -0.13315782394344E+07  0.41659686824446E+06 -0.51078281683598E+05 -0.13733936813509E+06  0.34561160590130E+05  0.10721813143402E+05 -0.11124705201720E+05 -0.12546484103520E+06  0.26434332571407E+05  0.74011931977487E+04 -0.87843852334507E+03 -0.12002923425066E+04 -0.13950630514802E+03  0.12756336067650E+02  0.64562688091663E+03 -0.53018662273420E+02  0.13741869573174E+03  0.75276999561372E+02  0.26268814519918E+07  0.63763242520144E+03  0.27580009134184E+06 -0.61176002382562E+04 -0.25827221762374E+05 -0.49749789021645E+05 -0.25658069544122E+04 -0.10781394333692E+05 -0.60565034159230E+05  0.16793698308168E+05  0.82947770677296E+04 -0.19469337719031E+03  0.21052463329662E+06  0.26621725326541E+06  0.57491640490819E+04  0.13191318329071E+05  0.42271392524789E+03  0.63897221365515E+05  0.71603478478580E+05  0.24378762021412E+04  0.77156146310687E+03 -0.22151636578132E+04 -0.22561980293535E+04  0.86852571090774E+04  0.72969461895311E+04
   0.19504637581292E+06 -0.51078281683598E+05  0.73776216167115E+04  0.18726395225870E+05 -0.48667480483599E+04 -0.13662512233885E+04  0.19175994705266E+04  0.28028120766123E+05 -0.50693653332813E+04 -0.16663090300205E+04  0.21078971682444E+03  0.41726274068956E+03  0.53131459700950E+02 -0.40391245779799E+01 -0.27976313546357E+03 -0.70550620580955E+01 -0.12912700147237E+03 -0.76780825432552E+01 -0.30213542581236E+06 -0.65935860902307E+02 -0.36703586838424E+05  0.11705027578102E+04  0.42145989974675E+04  0.73805443644646E+04  0.41607308596880E+03  0.16221937098911E+04  0.83807170840029E+04 -0.46789851381559E+04 -0.19855497722576E+04  0.18590049724006E+02 -0.31871071003549E+05 -0.41518011150753E+05 -0.79967564486025E+03 -0.18183574577613E+04 -0.10087645660859E+03 -0.79147697862028E+04 -0.89117046237691E+04 -0.34664257980936E+03 -0.12108297425949E+03 -0.65815674256336E+02  0.61061783409932E+03 -0.22225283794019E+04 -0.17934008144751E+04
   0.50394614519924E+06 -0.13733936813509E+06  0.18726395225870E+05  0.40086676374020E+06 -0.62345397924194E+05  0.74422830822420E+05  0.64145064972361E+05  0.36288758053955E+06 -0.27929434416209E+05 -0.18337440130748E+05  0.31862738027299E+04 -0.13974073938463E+04 -0.15046024068603E+03  0.55038329721103E+02  0.30949493835253E+05 -0.37553271227716E+04  0.24441050658446E+05  0.13722763677371E+05 -0.22855051533715E+07 -0.28483254795873E+03 -0.26875745509594E+06  0.11928596628191E+05  0.35355977167390E+05  0.82358838073568E+05  0.38423616754477E+04  0.14014586086943E+05  0.61778939400350E+05 -0.12876306158548E+05 -0.21331339746794E+05 -0.67408126743347E+02 -0.66370526601271E+05 -0.34459836998402E+06 -0.13661801895703E+04 -0.24931077875657E+04 -0.70724967264626E+02 -0.11783508850641E+05 -0.53176657337264E+05 -0.24815005117473E+04 -0.96410393586843E+03 -0.98246222127474E+04 -0.15891476436346E+05 -0.72628670332591E+04 -0.21521370640377E+05
  -0.12795253810612E+06  0.34561160590130E+05 -0.48667480483599E+04 -0.62345397924194E+05  0.11449657491891E+05 -0.74557284648295E+04 -0.91337329702491E+04 -0.33382057308242E+05  0.51872162975821E+03  0.23630692831593E+04 -0.31810582223471E+03 -0.19986775449015E+02  0.50513009677204E+01 -0.49010690439613E+01 -0.25970844228085E+04  0.31960546678086E+03 -0.19986369869517E+04 -0.11367613687987E+04  0.48949018422725E+06  0.79715759029173E+02  0.55249327881655E+05 -0.21974822635768E+04 -0.65385967329265E+04 -0.15693411317229E+05 -0.66959636412118E+03 -0.24908098152086E+04 -0.12066215755054E+05  0.19996201068093E+04  0.33636878109221E+04 -0.57384566264914E+02  0.11792968861502E+05  0.62599979888763E+05  0.32021421855958E+03  0.56398430311766E+03  0.89472934561311E+01  0.29013807543903E+04  0.12920530851969E+05  0.46618745655334E+03  0.17274676765519E+03  0.37013851885311E+03  0.25098960828531E+04  0.81530500623637E+03  0.25158997826398E+04
  -0.29753871698465E+05  0.10721813143402E+05 -0.13662512233885E+04  0.74422830822420E+05 -0.74557284648295E+04  0.24527868931265E+05  0.14631725077964E+05  0.11103235471488E+06 -0.10508418809955E+05 -0.45881841229808E+04  0.95564315702879E+03 -0.71520190612057E+03 -0.67294963226184E+02  0.18741742536065E+02  0.95089072188445E+04 -0.11853272290558E+04  0.75946876334254E+04  0.43286494210573E+04 -0.44547771805621E+05  0.52598779245067E+02 -0.14977058185517E+05  0.13819506206465E+04  0.39128309199210E+04  0.77284391539872E+04  0.54703217310152E+03  0.18199340092263E+04  0.49099867048323E+04 -0.27467240592087E+04 -0.42095371502219E+04  0.15301902560213E+03 -0.84693142065794E+04 -0.41228165015663E+05  0.14412797644256E+02 -0.82099483133583E+01 -0.18781259375543E+02  0.46524830537252E+03  0.17885986523801E+04 -0.24678098347095E+03 -0.12716341693782E+03 -0.31688296374208E+04 -0.32790210557846E+04 -0.18649534415441E+04 -0.53547934064618E+04
   0.53214328312143E+05 -0.11124705201720E+05  0.19175994705266E+04  0.64145064972361E+05 -0.91337329702491E+04  0.14631725077964E+05  0.11369309256882E+05  0.61172095173731E+05 -0.34895312584580E+04 -0.32662824825355E+04  0.55438841830586E+03 -0.23337152240123E+03 -0.27073375579772E+02  0.98279364164974E+01  0.48790424159361E+04 -0.61631298391514E+03  0.37882777057187E+04  0.21860600191426E+04 -0.24117891893739E+06 -0.79984641240833E+01 -0.34022645245801E+05  0.17869260964294E+04  0.51448160852927E+04  0.11423633776200E+05  0.61136110407689E+03  0.21203804587175E+04  0.81675713039107E+04 -0.24681255816902E+04 -0.38671244241616E+04  0.13838503590838E+03 -0.98537498020380E+04 -0.51325241972074E+05 -0.15423821882349E+03 -0.27412956369697E+03 -0.13109589068645E+02 -0.98091861409882E+03 -0.45732351103325E+04 -0.35550750940754E+03 -0.15020443486093E+03 -0.13446361707501E+04 -0.31273001447012E+04 -0.11512452875623E+04 -0.34261624799097E+04
   0.98908136725860E+06 -0.12546484103520E+06  0.28028120766123E+05  0.36288758053955E+06 -0.33382057308242E+05  0.11103235471488E+06  0.61172095173731E+05  0.53872459103951E+07 -0.24091787075041E+07 -0.89467831104036E+05  0.25989658228361E+05  0.26514900318767E+05  0.17949988643449E+04  0.98158012411294E+02  0.89163689531040E+05 -0.11301202874451E+05  0.81331554731082E+05  0.44086994512336E+05 -0.59156367849788E+06  0.36406997359335E+03 -0.11521398025135E+06  0.17882975852692E+05  0.58586654643295E+05  0.94884268032181E+05  0.61923728830396E+04  0.22800812825959E+05  0.70085737073665E+05 -0.63167117135908E+05 -0.50621507554772E+05 -0.70425860965657E+05 -0.29583745351557E+06 -0.58151947339294E+06 -0.73990180678310E+05 -0.16645884112778E+06 -0.14124347732195E+04 -0.56735390435179E+04 -0.11186829629384E+05  0.23334964493096E+03  0.25328518578164E+03 -0.27442602999130E+06 -0.87751611578177E+04 -0.14465342377670E+06 -0.17839840304486E+06
  -0.18417056662721E+06  0.26434332571407E+05 -0.50693653332813E+04 -0.27929434416209E+05  0.51872162975821E+03 -0.10508418809955E+05 -0.34895312584580E+04 -0.24091787075041E+07  0.19292279896292E+07  0.19482164036075E+05 -0.64099205035766E+04 -0.55633607945294E+04 -0.30743132180996E+03 -0.13746519307447E+02  0.47999526741300E+05 -0.22206366717974E+04  0.14509126784087E+05  0.69160418925392E+04 -0.26032433021671E+05 -0.94259771695671E+02  0.20461515275239E+04 -0.35439987266917E+04 -0.12157792377437E+05 -0.18631076748646E+05 -0.12674374807860E+04 -0.48338999688817E+04 -0.13455334722007E+05  0.11581936829409E+05  0.10930677686628E+05  0.24746359696858E+05  0.67167510963776E+05  0.12766842642698E+06  0.22912029784117E+05  0.51617213448772E+05  0.19122352657485E+03  0.59434067174610E+03  0.12072313294043E+04 -0.12466785993541E+04 -0.69376372043087E+03  0.11308153734468E+06  0.15680737022598E+04  0.45279754360580E+05  0.55302377837119E+05
  -0.50185582448276E+05  0.74011931977487E+04 -0.16663090300205E+04 -0.18337440130748E+05  0.23630692831593E+04 -0.45881841229808E+04 -0.32662824825355E+04 -0.89467831104036E+05  0.19482164036075E+05  0.26626837669403E+04 -0.61437456217492E+03 -0.66051928050985E+03 -0.58723677976894E+02 -0.17576211016959E+01 -0.40248149258834E+04  0.49089979773623E+03 -0.32015458244473E+04 -0.18148533723466E+04  0.56892503604821E+05 -0.64292395739818E+01  0.10164975100487E+05 -0.78196607196093E+03 -0.24177280637834E+04 -0.42244625670605E+04 -0.26027547263584E+03 -0.92099596047845E+03 -0.32581725118043E+04  0.27567187686853E+04  0.19034382230141E+04  0.73780342562343E+03  0.11040097051768E+05  0.22951612739960E+05  0.14967819541492E+04  0.33089838962203E+04  0.43765339566925E+02  0.55456478743904E+03  0.10560191157540E+04  0.12998036076838E+03  0.57865352899882E+02  0.31401572008412E+04  0.43550929143643E+03  0.28401961919279E+04  0.35905233485298E+04
   0.73156991086894E+04 -0.87843852334507E+03  0.21078971682444E+03  0.31862738027299E+04 -0.31810582223471E+03  0.95564315702879E+03  0.55438841830586E+03  0.25989658228361E+05 -0.64099205035766E+04 -0.61437456217492E+03  0.16624876786302E+03  0.18557560559381E+03  0.13572982447904E+02  0.65375490618571E+00  0.12226235975097E+04 -0.13531025255637E+03  0.94173147421079E+03  0.51276675096535E+03 -0.60629408443176E+04  0.23673618524245E+01 -0.10703200234248E+04  0.12686500372267E+03  0.40923779094092E+03  0.67463367909076E+03  0.43450127420491E+02  0.15794928560612E+03  0.50125190256433E+03 -0.46200653119343E+03 -0.34845300014695E+03 -0.33450858682870E+03 -0.19948011563384E+04 -0.39701312898032E+04 -0.41682727598790E+03 -0.93817240979670E+03 -0.10810030928673E+02 -0.44625383592958E+02 -0.87819049643068E+02 -0.13210047774460E+02 -0.61984593596333E+01 -0.11302507615321E+04 -0.64073709833064E+02 -0.81306570214703E+03 -0.10100810848133E+04
   0.15365013215034E+05 -0.12002923425066E+04  0.41726274068956E+03 -0.13974073938463E+04 -0.19986775449015E+02 -0.71520190612057E+03 -0.23337152240123E+03  0.26514900318767E+05 -0.55633607945294E+04 -0.66051928050985E+03  0.18557560559381E+03  0.15632898308115E+04  0.10426625684087E+03 -0.11699668510402E+01  0.13683940122766E+04 -0.19173494038926E+03  0.13217618826376E+04  0.76788610971568E+03 -0.60430999891660E+04 -0.49907153965451E+01 -0.48045629239661E+03  0.70313984011131E+01  0.17302219644943E+03 -0.40751630163590E+03 -0.22082758605641E+02 -0.90871072665112E+02 -0.23484169000129E+03 -0.11150255059322E+04 -0.72184163262598E-01 -0.68481579524057E+03 -0.49701461900124E+04 -0.16115236251212E+02 -0.22430661870304E+04 -0.69166974967731E+02 -0.77391364095044E+02 -0.20514277489162E+00  0.27753442944476E-02 -0.17016103659037E+01 -0.72825875899608E+00  0.29089406774444E+03  0.30459023023331E+03 -0.26663527493106E+04 -0.43146609266195E+01
   0.17258389718023E+04 -0.13950630514802E+03  0.53131459700950E+02 -0.15046024068603E+03  0.50513009677204E+01 -0.67294963226184E+02 -0.27073375579772E+02  0.17949988643449E+04 -0.30743132180996E+03 -0.58723677976894E+02  0.13572982447904E+02  0.10426625684087E+03  0.94534105671691E+01 -0.16863675987557E+00  0.76686780255132E+02 -0.12882253490832E+02  0.77904226299157E+02  0.49416240707621E+02 -0.28962088985086E+03 -0.40473025386168E+00  0.19085609850251E+02  0.28732487792036E+01  0.23213574712432E+02 -0.43454401975899E+02 -0.23761818319039E+01 -0.91453239925605E+01 -0.18954018511748E+02 -0.16416311819509E+03 -0.96452753705727E-02 -0.26984839658274E+02 -0.58527184441724E+03 -0.18762909823815E+01 -0.14149624678582E+03 -0.18144506396640E+02 -0.62975940286283E+01 -0.14660968734995E+00  0.19185043823972E-02 -0.18022154385884E+00 -0.69933702047793E-01  0.28801294813929E+02  0.68065756940783E+02 -0.19344228696669E+03 -0.34220176127208E+00
  -0.10642303644849E+03  0.12756336067650E+02 -0.40391245779799E+01  0.55038329721103E+02 -0.49010690439613E+01  0.18741742536065E+02  0.98279364164974E+01  0.98158012411294E+02 -0.13746519307447E+02 -0.17576211016959E+01  0.65375490618571E+00 -0.11699668510402E+01 -0.16863675987557E+00  0.48587280706134E-01  0.14091485841320E+02 -0.10892581546175E+01  0.84199853868126E+01  0.39663413579612E+01 -0.80159291102654E+02  0.19646490139497E-01 -0.17403230618844E+02  0.26671107707105E+00  0.68015056883833E+00  0.24873818556378E+01  0.10735079926144E+00  0.36187037964272E+00  0.16398771149625E+01  0.68179247947615E-01 -0.22558239502977E-04 -0.59017657507758E+01 -0.73954141407415E+00 -0.17294460751439E-02 -0.30900497632195E+01 -0.13768634306617E-04 -0.13501675012023E+00  0.12132854509568E-12 -0.49747307753252E-12 -0.16224573136816E-02 -0.89099305189572E-03 -0.15763517160787E+01  0.38877318653955E-04 -0.30284141751727E+01 -0.31332699330859E-02
   0.96490444218435E+04  0.64562688091663E+03 -0.27976313546357E+03  0.30949493835253E+05 -0.25970844228085E+04  0.95089072188445E+04  0.48790424159361E+04  0.89163689531040E+05  0.47999526741300E+05 -0.40248149258834E+04  0.12226235975097E+04  0.13683940122766E+04  0.76686780255132E+02  0.14091485841320E+02  0.49597226255425E+05 -0.46141144646850E+04  0.32835397077740E+05  0.17111391296645E+05 -0.55453192428804E+05  0.31766425197307E+01  0.33001536010817E+04 -0.12558510129438E+03 -0.39451919172777E+03 -0.33194355242187E+03 -0.40579920756624E+02 -0.14338845677071E+03 -0.36029085872959E+03 -0.26908283063205E+04 -0.17650840913572E+04 -0.24902233207906E+04  0.20280509070815E+04  0.43751463452505E+04 -0.14780840057659E+04 -0.29339880618688E+04 -0.72743571224182E+03  0.22659034703773E+03  0.40910206299025E+03 -0.28568231737930E+04 -0.15200147740565E+04 -0.24093585782918E+04  0.19428658981616E+03 -0.89484060488314E+03 -0.10081163612010E+04
  -0.21461830677933E+04 -0.53018662273420E+02 -0.70550620580955E+01 -0.37553271227716E+04  0.31960546678086E+03 -0.11853272290558E+04 -0.61631298391514E+03 -0.11301202874451E+05 -0.22206366717974E+04  0.49089979773623E+03 -0.13531025255637E+03 -0.19173494038926E+03 -0.12882253490832E+02 -0.10892581546175E+01 -0.46141144646850E+04  0.49884551429138E+03 -0.34506636879398E+04 -0.18738699325832E+04  0.64841888556251E+04 -0.10137356217325E+01 -0.50289952906133E+03  0.12889118248341E+02  0.36097915246092E+02  0.11352334348590E+02  0.39951433847954E+01  0.13501650558094E+02  0.36709119290898E+02  0.49480337025384E+03  0.31005420974447E+03  0.28762812572897E+03 -0.16919298085136E+03 -0.50712257875611E+03  0.15296681844113E+03  0.30270488276325E+03  0.80437978850587E+02 -0.60831713811962E+02 -0.10832995985844E+03  0.43295262001639E+03  0.21474827553799E+03 -0.29961894771012E+03 -0.35065770465224E+02  0.24919951527883E+03  0.27922735782372E+03
   0.10034794138040E+05  0.13741869573174E+03 -0.12912700147237E+03  0.24441050658446E+05 -0.19986369869517E+04  0.75946876334254E+04  0.37882777057187E+04  0.81331554731082E+05  0.14509126784087E+05 -0.32015458244473E+04  0.94173147421079E+03  0.13217618826376E+04  0.77904226299157E+02  0.84199853868126E+01  0.32835397077740E+05 -0.34506636879398E+04  0.24421526451629E+05  0.13075931630855E+05 -0.44118024931438E+05  0.12288527184434E+01  0.29823800237024E+04 -0.13578615803449E+03 -0.41274957769679E+03 -0.40602419548068E+03 -0.44944168388593E+02 -0.15077791412785E+03 -0.35390332724136E+03 -0.22395683173266E+04 -0.14603928603098E+04 -0.23267892400308E+04  0.20017394288679E+04  0.41048844300680E+04 -0.11557899321773E+04 -0.23005266753562E+04 -0.55663353505204E+03  0.51598532568093E+02  0.10366016515903E+03 -0.22873502252486E+04 -0.12426550725132E+04  0.89469952099097E+03  0.18763249868907E+03 -0.13962467992217E+04 -0.15532632278207E+04
   0.72342978249677E+04  0.75276999561372E+02 -0.76780825432552E+01  0.13722763677371E+05 -0.11367613687987E+04  0.43286494210573E+04  0.21860600191426E+04  0.44086994512336E+05  0.69160418925392E+04 -0.18148533723466E+04  0.51276675096535E+03  0.76788610971568E+03  0.49416240707621E+02  0.39663413579612E+01  0.17111391296645E+05 -0.18738699325832E+04  0.13075931630855E+05  0.71050571027761E+04 -0.24586220111487E+05  0.19755473509690E+01  0.18619600646337E+04 -0.72661194762753E+02 -0.20841959053207E+03 -0.17004515097225E+03 -0.23755994245771E+02 -0.77161030926212E+02 -0.18290753931591E+03 -0.16070322311878E+04 -0.10144588796322E+04 -0.11734772971626E+04  0.94712001603464E+03  0.22694172255160E+04 -0.58599329199109E+03 -0.11677907784787E+04 -0.30725354146603E+03  0.83361247983493E+02  0.15600427401686E+03 -0.14858229440895E+04 -0.77373556544842E+03  0.11777329890099E+04  0.13631108259907E+03 -0.10010129461593E+04 -0.11135651001345E+04
  -0.78478644625349E+07  0.26268814519918E+07 -0.30213542581236E+06 -0.22855051533715E+07  0.48949018422725E+06 -0.44547771805621E+05 -0.24117891893739E+06 -0.59156367849788E+06 -0.26032433021671E+05  0.56892503604821E+05 -0.60629408443176E+04 -0.60430999891660E+04 -0.28962088985086E+03 -0.80159291102654E+02 -0.55453192428804E+05  0.64841888556251E+04 -0.44118024931438E+05 -0.24586220111487E+05  0.34160052991437E+08  0.74379853512723E+04  0.31270350874661E+07 -0.94716355132284E+05 -0.31267956390509E+06 -0.80823278192154E+06 -0.27161823690996E+05 -0.11605482601494E+06 -0.66196266152380E+06  0.34506615504796E+05  0.76728084759786E+05 -0.12281989406294E+04  0.57145113827632E+06  0.28134775669907E+07  0.17221483685501E+05  0.31662900057807E+05  0.21234272614830E+03  0.18608990849795E+06  0.82150725424950E+06  0.24573889965547E+05  0.77306397256174E+04 -0.18581201678250E+05  0.45075744544611E+05  0.20787642309347E+05  0.64642471809874E+05
  -0.16869638678078E+04  0.63763242520144E+03 -0.65935860902307E+02 -0.28483254795873E+03  0.79715759029173E+02  0.52598779245067E+02 -0.79984641240833E+01  0.36406997359335E+03 -0.94259771695671E+02 -0.64292395739818E+01  0.23673618524245E+01 -0.49907153965451E+01 -0.40473025386168E+00  0.19646490139497E-01  0.31766425197307E+01 -0.10137356217325E+01  0.12288527184434E+01  0.19755473509690E+01  0.74379853512723E+04  0.27349687885544E+01  0.80950621237489E+03 -0.21180047980551E+02 -0.69271402011740E+02 -0.20230042000693E+03 -0.42576389674926E+01 -0.21968264739775E+02 -0.15623258958599E+03  0.00000000000000E+00 -0.20113444095637E+02  0.00000000000000E+00  0.00000000000000E+00  0.54794930574356E+03  0.00000000000000E+00 -0.88815443336714E+01  0.00000000000000E+00  0.00000000000000E+00  0.24470096432756E+03  0.00000000000000E+00  0.00000000000000E+00  0.00000000000000E+00  0.67746655581279E+01  0.00000000000000E+00 -0.22759355252345E+02
  -0.96755411281521E+06  0.27580009134184E+06 -0.36703586838424E+05 -0.26875745509594E+06  0.55249327881655E+05 -0.14977058185517E+05 -0.34022645245801E+05 -0.11521398025135E+06  0.20461515275239E+04  0.10164975100487E+05 -0.10703200234248E+04 -0.48045629239661E+03  0.19085609850251E+02 -0.17403230618844E+02  0.33001536010817E+04 -0.50289952906133E+03  0.29823800237024E+04  0.18619600646337E+04  0.31270350874661E+07  0.80950621237489E+03  0.51048797300471E+06 -0.19827537010487E+05 -0.58466584018444E+05 -0.15239256620516E+06 -0.55772688958569E+04 -0.21321008327643E+05 -0.11261513767308E+06  0.00000000000000E+00  0.20642916659906E+05  0.00000000000000E+00  0.00000000000000E+00  0.50296997225183E+06  0.00000000000000E+00 -0.48097976192715E+04  0.00000000000000E+00  0.00000000000000E+00  0.10388323312870E+06  0.00000000000000E+00  0.00000000000000E+00  0.00000000000000E+00 -0.17984565149555E+05  0.00000000000000E+00  0.17180732605017E+05
   0.32041302178060E+05 -0.61176002382562E+04  0.11705027578102E+04  0.11928596628191E+05 -0.21974822635768E+04  0.13819506206465E+04  0.17869260964294E+04  0.17882975852692E+05 -0.35439987266917E+04 -0.78196607196093E+03  0.12686500372267E+03  0.70313984011131E+01  0.28732487792036E+01  0.26671107707105E+00 -0.12558510129438E+03  0.12889118248341E+02 -0.13578615803449E+03 -0.72661194762753E+02 -0.94716355132284E+05 -0.21180047980551E+02 -0.19827537010487E+05  0.10730940392929E+04  0.29441176182779E+04  0.73496368336345E+04  0.28185917512975E+03  0.10136273089271E+04  0.48858538572219E+04 -0.46061537392077E+02 -0.12850381588693E+04  0.44087065584712E+01  0.59230814851721E+03 -0.24786360280350E+05  0.00000000000000E+00 -0.12021389999386E+03  0.00000000000000E+00  0.20484252462380E+04 -0.28343427454347E+04  0.00000000000000E+00  0.00000000000000E+00  0.00000000000000E+00  0.11982200096023E+04 -0.30362009802920E+03 -0.16632954265891E+04
   0.11507954268614E+06 -0.25827221762374E+05  0.42145989974675E+04  0.35355977167390E+05 -0.65385967329265E+04  0.39128309199210E+04  0.51448160852927E+04  0.58586654643295E+05 -0.12157792377437E+05 -0.24177280637834E+04  0.40923779094092E+03  0.17302219644943E+03  0.23213574712432E+02  0.68015056883833E+00 -0.39451919172777E+03  0.36097915246092E+02 -0.41274957769679E+03 -0.20841959053207E+03 -0.31267956390509E+06 -0.69271402011740E+02 -0.58466584018444E+05  0.29441176182779E+04  0.85185270885718E+04  0.20236293004004E+05  0.80340141890657E+03  0.29511103351600E+04  0.14304412814248E+05 -0.15139160538586E+03 -0.34038480116649E+04 -0.17178241452535E+02 -0.57422817004696E+04 -0.72109977066715E+05  0.00000000000000E+00 -0.31685983537394E+03  0.00000000000000E+00  0.30547543133339E+04 -0.96029441413713E+04  0.00000000000000E+00  0.00000000000000E+00  0.00000000000000E+00  0.34935555717994E+04 -0.17558692279154E+04 -0.49416140315294E+04
   0.19829181633085E+06 -0.49749789021645E+05  0.73805443644646E+04  0.82358838073568E+05 -0.15693411317229E+05  0.77284391539872E+04  0.11423633776200E+05  0.94884268032181E+05 -0.18631076748646E+05 -0.42244625670605E+04  0.67463367909076E+03 -0.40751630163590E+03 -0.43454401975899E+02  0.24873818556378E+01 -0.33194355242187E+03  0.11352334348590E+02 -0.40602419548068E+03 -0.17004515097225E+03 -0.80823278192154E+06 -0.20230042000693E+03 -0.15239256620516E+06  0.73496368336345E+04  0.20236293004004E+05  0.57421808243608E+05  0.19943995577720E+04  0.73777227894787E+04  0.36838224575994E+05  0.23549808103620E+03 -0.10672565780082E+05 -0.43762755241345E+01  0.37150916741133E+05 -0.17388400719011E+06  0.00000000000000E+00 -0.10185097889566E+04  0.00000000000000E+00  0.16273678167822E+05 -0.24914121399036E+05  0.00000000000000E+00  0.00000000000000E+00  0.00000000000000E+00  0.56993064078000E+04  0.14686170367806E+04 -0.11629376972723E+05
   0.11268863929861E+05 -0.25658069544122E+04  0.41607308596880E+03  0.38423616754477E+04 -0.66959636412118E+03  0.54703217310152E+03  0.61136110407689E+03  0.61923728830396E+04 -0.12674374807860E+04 -0.26027547263584E+03  0.43450127420491E+02 -0.22082758605641E+02 -0.23761818319039E+01  0.10735079926144E+00 -0.40579920756624E+02  0.39951433847954E+01 -0.44944168388593E+02 -0.23755994245771E+02 -0.27161823690996E+05 -0.42576389674926E+01 -0.55772688958569E+04  0.28185917512975E+03  0.80340141890657E+03  0.19943995577720E+04  0.95186795107857E+02  0.33495538686657E+03  0.14131004648780E+04  0.00000000000000E+00 -0.40658717784854E+03  0.00000000000000E+00  0.00000000000000E+00 -0.79966785121823E+04  0.00000000000000E+00 -0.37610898101260E+02  0.00000000000000E+00  0.00000000000000E+00 -0.51452059203476E+03  0.00000000000000E+00  0.00000000000000E+00  0.00000000000000E+00  0.18426898859413E+02  0.00000000000000E+00 -0.61574718550378E+03
   0.43765843264524E+05 -0.10781394333692E+05  0.16221937098911E+04  0.14014586086943E+05 -0.24908098152086E+04  0.18199340092263E+04  0.21203804587175E+04  0.22800812825959E+05 -0.48338999688817E+04 -0.92099596047845E+03  0.15794928560612E+03 -0.90871072665112E+02 -0.91453239925605E+01  0.36187037964272E+00 -0.14338845677071E+03  0.13501650558094E+02 -0.15077791412785E+03 -0.77161030926212E+02 -0.11605482601494E+06 -0.21968264739775E+02 -0.21321008327643E+05  0.10136273089271E+04  0.29511103351600E+04  0.73777227894787E+04  0.33495538686657E+03  0.12277452567845E+04  0.52794045559643E+04  0.00000000000000E+00 -0.12940153455283E+04  0.00000000000000E+00  0.00000000000000E+00 -0.28962308913481E+05  0.00000000000000E+00 -0.11907445043341E+03  0.00000000000000E+00  0.00000000000000E+00 -0.31684339275336E+04  0.00000000000000E+00  0.00000000000000E+00  0.00000000000000E+00 -0.64776056822390E+02  0.00000000000000E+00 -0.22691036399797E+04
   0.22270063698147E+06 -0.60565034159230E+05  0.83807170840029E+04  0.61778939400350E+05 -0.12066215755054E+05  0.49099867048323E+04  0.81675713039107E+04  0.70085737073665E+05 -0.13455334722007E+05 -0.32581725118043E+04  0.50125190256433E+03 -0.23484169000129E+03 -0.18954018511748E+02  0.16398771149625E+01 -0.36029085872959E+03  0.36709119290898E+02 -0.35390332724136E+03 -0.18290753931591E+03 -0.66196266152380E+06 -0.15623258958599E+03 -0.11261513767308E+06  0.48858538572219E+04  0.14304412814248E+05  0.36838224575994E+05  0.14131004648780E+04  0.52794045559643E+04  0.27359473557312E+05  0.00000000000000E+00 -0.73240766299523E+04  0.00000000000000E+00  0.00000000000000E+00 -0.12378767636109E+06  0.00000000000000E+00 -0.69895462212706E+03  0.00000000000000E+00  0.00000000000000E+00 -0.19844157224732E+05  0.00000000000000E+00  0.00000000000000E+00  0.00000000000000E+00  0.77883983240800E+04  0.00000000000000E+00 -0.80086693001751E+04
  -0.13225990361476E+06  0.16793698308168E+05 -0.46789851381559E+04 -0.12876306158548E+05  0.19996201068093E+04 -0.27467240592087E+04 -0.24681255816902E+04 -0.63167117135908E+05  0.11581936829409E+05  0.27567187686853E+04 -0.46200653119343E+03 -0.11150255059322E+04 -0.16416311819509E+03  0.68179247947615E-01 -0.26908283063205E+04  0.49480337025384E+03 -0.22395683173266E+04 -0.16070322311878E+04  0.34506615504796E+05  0.00000000000000E+00  0.00000000000000E+00 -0.46061537392077E+02 -0.15139160538586E+03  0.23549808103620E+03  0.00000000000000E+00  0.00000000000000E+00  0.00000000000000E+00  0.11695918958497E+06  0.00000000000000E+00  0.00000000000000E+00  0.00000000000000E+00  0.00000000000000E+00  0.00000000000000E+00  0.00000000000000E+00  0.00000000000000E+00  0.00000000000000E+00  0.00000000000000E+00  0.00000000000000E+00  0.00000000000000E+00  0.00000000000000E+00  0.00000000000000E+00  0.00000000000000E+00  0.00000000000000E+00
  -0.56067856451784E+05  0.82947770677296E+04 -0.19855497722576E+04 -0.21331339746794E+05  0.33636878109221E+04 -0.42095371502219E+04 -0.38671244241616E+04 -0.50621507554772E+05  0.10930677686628E+05  0.19034382230141E+04 -0.34845300014695E+03 -0.72184163262598E-01 -0.96452753705727E-02 -0.22558239502977E-04 -0.17650840913572E+04  0.31005420974447E+03 -0.14603928603098E+04 -0.10144588796322E+04  0.76728084759786E+05 -0.20113444095637E+02  0.20642916659906E+05 -0.12850381588693E+04 -0.34038480116649E+04 -0.10672565780082E+05 -0.40658717784854E+03 -0.12940153455283E+04 -0.73240766299523E+04  0.00000000000000E+00  0.64993720041136E+05  0.00000000000000E+00  0.00000000000000E+00  0.00000000000000E+00  0.00000000000000E+00  0.00000000000000E+00  0.00000000000000E+00  0.00000000000000E+00  0.00000000000000E+00  0.00000000000000E+00  0.00000000000000E+00  0.00000000000000E+00  0.00000000000000E+00  0.00000000000000E+00  0.00000000000000E+00
  -0.52636770885710E+04 -0.19469337719031E+03  0.18590049724006E+02 -0.67408126743347E+02 -0.57384566264914E+02  0.15301902560213E+03  0.13838503590838E+03 -0.70425860965657E+05  0.24746359696858E+05  0.73780342562343E+03 -0.33450858682870E+03 -0.68481579524057E+03 -0.26984839658274E+02 -0.59017657507758E+01 -0.24902233207906E+04  0.28762812572897E+03 -0.23267892400308E+04 -0.11734772971626E+04 -0.12281989406294E+04  0.00000000000000E+00  0.00000000000000E+00  0.44087065584712E+01 -0.17178241452535E+02 -0.43762755241345E+01  0.00000000000000E+00  0.00000000000000E+00  0.00000000000000E+00  0.00000000000000E+00  0.00000000000000E+00  0.30810164453325E+05  0.00000000000000E+00  0.00000000000000E+00  0.00000000000000E+00  0.00000000000000E+00  0.00000000000000E+00  0.00000000000000E+00  0.00000000000000E+00  0.00000000000000E+00  0.00000000000000E+00  0.00000000000000E+00  0.00000000000000E+00  0.00000000000000E+00  0.00000000000000E+00
  -0.86864941816680E+06  0.21052463329662E+06 -0.31871071003549E+05 -0.66370526601271E+05  0.11792968861502E+05 -0.84693142065794E+04 -0.98537498020380E+04 -0.29583745351557E+06  0.67167510963776E+05  0.11040097051768E+05 -0.19948011563384E+04 -0.49701461900124E+04 -0.58527184441724E+03 -0.73954141407415E+00  0.20280509070815E+04 -0.16919298085136E+03  0.20017394288679E+04  0.94712001603464E+03  0.57145113827632E+06  0.00000000000000E+00  0.00000000000000E+00  0.59230814851721E+03 -0.57422817004696E+04  0.37150916741133E+05  0.00000000000000E+00  0.00000000000000E+00  0.00000000000000E+00  0.00000000000000E+00  0.00000000000000E+00  0.00000000000000E+00  0.58069540467980E+06  0.00000000000000E+00  0.00000000000000E+00  0.00000000000000E+00  0.00000000000000E+00  0.00000000000000E+00  0.00000000000000E+00  0.00000000000000E+00  0.00000000000000E+00  0.00000000000000E+00  0.00000000000000E+00  0.00000000000000E+00  0.00000000000000E+00
  -0.11263427756469E+07  0.26621725326541E+06 -0.41518011150753E+05 -0.34459836998402E+06  0.62599979888763E+05 -0.41228165015663E+05 -0.51325241972074E+05 -0.58151947339294E+06  0.12766842642698E+06  0.22951612739960E+05 -0.39701312898032E+04 -0.16115236251212E+02 -0.18762909823815E+01 -0.17294460751439E-02  0.43751463452505E+04 -0.50712257875611E+03  0.41048844300680E+04  0.22694172255160E+04  0.28134775669907E+07  0.54794930574356E+03  0.50296997225183E+06 -0.24786360280350E+05 -0.72109977066715E+05 -0.17388400719011E+06 -0.79966785121823E+04 -0.28962308913481E+05 -0.12378767636109E+06  0.00000000000000E+00  0.00000000000000E+00  0.00000000000000E+00  0.00000000000000E+00  0.92341806092131E+06  0.00000000000000E+00  0.00000000000000E+00  0.00000000000000E+00  0.00000000000000E+00  0.00000000000000E+00  0.00000000000000E+00  0.00000000000000E+00  0.00000000000000E+00  0.00000000000000E+00  0.00000000000000E+00  0.00000000000000E+00
  -0.20985136141759E+05  0.57491640490819E+04 -0.79967564486025E+03 -0.13661801895703E+04  0.32021421855958E+03  0.14412797644256E+02 -0.15423821882349E+03 -0.73990180678310E+05  0.22912029784117E+05  0.14967819541492E+04 -0.41682727598790E+03 -0.22430661870304E+04 -0.14149624678582E+03 -0.30900497632195E+01 -0.14780840057659E+04  0.15296681844113E+03 -0.11557899321773E+04 -0.58599329199109E+03  0.17221483685501E+05  0.00000000000000E+00  0.00000000000000E+00  0.00000000000000E+00  0.00000000000000E+00  0.00000000000000E+00  0.00000000000000E+00  0.00000000000000E+00  0.00000000000000E+00  0.00000000000000E+00  0.00000000000000E+00  0.00000000000000E+00  0.00000000000000E+00  0.00000000000000E+00  0.14301498221148E+05  0.00000000000000E+00  0.00000000000000E+00  0.00000000000000E+00  0.00000000000000E+00  0.00000000000000E+00  0.00000000000000E+00  0.00000000000000E+00  0.00000000000000E+00  0.00000000000000E+00  0.00000000000000E+00
  -0.47536475056022E+05  0.13191318329071E+05 -0.18183574577613E+04 -0.24931077875657E+04  0.56398430311766E+03 -0.82099483133583E+01 -0.27412956369697E+03 -0.16645884112778E+06  0.51617213448772E+05  0.33089838962203E+04 -0.93817240979670E+03 -0.69166974967731E+02 -0.18144506396640E+02 -0.13768634306617E-04 -0.29339880618688E+04  0.30270488276325E+03 -0.23005266753562E+04 -0.11677907784787E+04  0.31662900057807E+05 -0.88815443336714E+01 -0.48097976192715E+04 -0.12021389999386E+03 -0.31685983537394E+03 -0.10185097889566E+04 -0.37610898101260E+02 -0.11907445043341E+03 -0.69895462212706E+03  0.00000000000000E+00  0.00000000000000E+00  0.00000000000000E+00  0.00000000000000E+00  0.00000000000000E+00  0.00000000000000E+00  0.31409581963620E+05  0.00000000000000E+00  0.00000000000000E+00  0.00000000000000E+00  0.00000000000000E+00  0.00000000000000E+00  0.00000000000000E+00  0.00000000000000E+00  0.00000000000000E+00  0.00000000000000E+00
  -0.32083096017077E+04  0.42271392524789E+03 -0.10087645660859E+03 -0.70724967264626E+02  0.89472934561311E+01 -0.18781259375543E+02 -0.13109589068645E+02 -0.14124347732195E+04  0.19122352657485E+03  0.43765339566925E+02 -0.10810030928673E+02 -0.77391364095044E+02 -0.62975940286283E+01 -0.13501675012023E+00 -0.72743571224182E+03  0.80437978850587E+02 -0.55663353505204E+03 -0.30725354146603E+03  0.21234272614830E+03  0.00000000000000E+00  0.00000000000000E+00  0.00000000000000E+00  0.00000000000000E+00  0.00000000000000E+00  0.00000000000000E+00  0.00000000000000E+00  0.00000000000000E+00  0.00000000000000E+00  0.00000000000000E+00  0.00000000000000E+00  0.00000000000000E+00  0.00000000000000E+00  0.00000000000000E+00  0.00000000000000E+00  0.37990626517008E+04  0.00000000000000E+00  0.00000000000000E+00  0.00000000000000E+00  0.00000000000000E+00  0.00000000000000E+00  0.00000000000000E+00  0.00000000000000E+00  0.00000000000000E+00
  -0.20491271641602E+06  0.63897221365515E+05 -0.79147697862028E+04 -0.11783508850641E+05  0.29013807543903E+04  0.46524830537252E+03 -0.98091861409882E+03 -0.56735390435179E+04  0.59434067174610E+03  0.55456478743904E+03 -0.44625383592958E+02 -0.20514277489162E+00 -0.14660968734995E+00  0.12132854509568E-12  0.22659034703773E+03 -0.60831713811962E+02  0.51598532568093E+02  0.83361247983493E+02  0.18608990849795E+06  0.00000000000000E+00  0.00000000000000E+00  0.20484252462380E+04  0.30547543133339E+04  0.16273678167822E+05  0.00000000000000E+00  0.00000000000000E+00  0.00000000000000E+00  0.00000000000000E+00  0.00000000000000E+00  0.00000000000000E+00  0.00000000000000E+00  0.00000000000000E+00  0.00000000000000E+00  0.00000000000000E+00  0.00000000000000E+00  0.10627925951386E+06  0.00000000000000E+00  0.00000000000000E+00  0.00000000000000E+00  0.00000000000000E+00  0.00000000000000E+00  0.00000000000000E+00  0.00000000000000E+00
  -0.23109841225861E+06  0.71603478478580E+05 -0.89117046237691E+04 -0.53176657337264E+05  0.12920530851969E+05  0.17885986523801E+04 -0.45732351103325E+04 -0.11186829629384E+05  0.12072313294043E+04  0.10560191157540E+04 -0.87819049643068E+02  0.27753442944476E-02  0.19185043823972E-02 -0.49747307753252E-12  0.40910206299025E+03 -0.10832995985844E+03  0.10366016515903E+03  0.15600427401686E+03  0.82150725424950E+06  0.24470096432756E+03  0.10388323312870E+06 -0.28343427454347E+04 -0.96029441413713E+04 -0.24914121399036E+05 -0.51452059203476E+03 -0.31684339275336E+04 -0.19844157224732E+05  0.00000000000000E+00  0.00000000000000E+00  0.00000000000000E+00  0.00000000000000E+00  0.00000000000000E+00  0.00000000000000E+00  0.00000000000000E+00  0.00000000000000E+00  0.00000000000000E+00  0.13905306411588E+06  0.00000000000000E+00  0.00000000000000E+00  0.00000000000000E+00  0.00000000000000E+00  0.00000000000000E+00  0.00000000000000E+00
