# fitpack15: fit parameters                                                                         
# CJ15 AV18 final data choices                                                                      
# Created on 01/15/2020 at 22:07:31                                                                 

 # QCD setup
  INS                           0
  NVL                          11
  IORD                          1
  Q02                   1.6899999999999999     
  IPARAMC                       7
  FLAVOR                4.0000000000000000     
  xmc                   1.3000000000000000     
  xmb                   4.5000000000000000     
  ncb                          12
  ihq                           1
  ias                           0

 # Theory corrections
  inuke                     10814
  itmc                          1
  iht                           1

 # fit parameters
 LAMBDA       0.22680        0.0000    
 a0uv          1.9563        0.0000    
 a1uv         0.56880       0.23563E-01
 a2uv          3.5566       0.11687E-01
 a3uv          0.0000        0.0000    
 a4uv          4.5647       0.62957    
 a5uv          0.0000        0.0000    
 a0dv          24.912        0.0000    
 a1dv          1.1562       0.33273E-01
 a2dv          6.6193       0.15987    
 a3dv         -3.5562       0.85410E-01
 a4dv          4.7843       0.13978    
 a5dv          0.0000        0.0000    
 a0ud         0.14201       0.49850E-02
 a1ud        -0.21080       0.38207E-02
 a2ud          8.4319       0.18955    
 a3ud          0.0000        0.0000    
 a4ud          15.805        1.3094    
 a5ud          0.0000        0.0000    
 a0du          35712.        0.0000    
 a1du          4.0838       0.85943E-01
 a2du          20.149       0.95849    
 a3du          17.000        0.0000    
 a4du          53.444        12.012    
 a0g           47.338        0.0000    
 a1g          0.60956       0.32641E-01
 a2g           6.8144       0.97470    
 a3g          -3.3772       0.14776    
 a4g           3.3878       0.37715    
 a5g           0.0000        0.0000    
 kappa        0.40000        0.0000    
 a6dv        -0.39472E-02   0.67545E-03
 a7dv          2.0000        0.0000    
 off1         -2.6576        1.7783    
 off2         0.67028E-01   0.12482E-01
 ht1          -3.5687       0.34782    
 ht2           2.0895       0.12540    
 ht3          -2.0469       0.35578E-01
 ht4           0.0000        0.0000    
 ht1n         -3.6380        1.0225    
 ht2n          1.9701       0.34306    
 ht3n         -2.1272       0.68204E-01
 ht4n          0.0000        0.0000    
 dummy44       0.0000        0.0000    
 dummy45       0.0000        0.0000    
 dummy46       0.0000        0.0000    
 dummy47       0.0000        0.0000    
 dummy48       0.0000        0.0000    
 dummy49       0.0000        0.0000    
 bcdmsh2      0.97014       0.48551E-02
 bcdmsd2      0.99017       0.58582E-02
 ccfr          1.0000        0.0000    
 nutev         1.0000        0.0000    
 zeus         0.97998        0.0000    
 h1            1.0162        0.0000    
 e605          1.0319        0.0000    
 NmcH2         1.0066       0.71349E-02
 ntv_nu        1.0000        0.0000    
 ntv_nubar     1.0000        0.0000    
 cdf_jet      0.98910        0.0000    
 d0_jet       0.83504        0.0000    
 slac_p        1.0021       0.50390E-02
 slac_d        1.0013       0.53156E-02
 e866pp       0.98212       0.19961E-01
 e866pd       0.97044       0.16439E-01
 d0_gamjet     1.0363       0.16485E-01
 h1b          0.97608        0.0000    
 jlab_p       0.99065       0.62868E-02
 jlab_d       0.97436       0.60233E-02
 blank         1.0000        0.0000    
 d0run2       0.94456       0.14220E-01
 cdfrun2      0.93120       0.17321E-01
 HERA_el       1.0000        0.0000    
 HERA_ps       1.0000        0.0000    
 CDF_Z        0.95938       0.66183E-02
 NmcRat        1.0000        0.0000    
 BNS_F2nd     0.98309       0.11957E-01
 HERMES_F2p   0.99601       0.56759E-02
 HERMES_F2d   0.97767       0.58515E-02
 END 0. 0.

 # Hessian matrix (Bevington alpha)
   0.51971535876192E+07 -0.13316850342267E+07  0.19536243041127E+06  0.50634303191563E+06 -0.12819647667586E+06 -0.28890420220804E+05  0.53550516958232E+05  0.98794636344077E+06 -0.18398108879995E+06 -0.50119639706661E+05  0.72986434765265E+04  0.15347640232800E+05  0.17221202330403E+04 -0.10596685727985E+03  0.96867497028009E+04 -0.21572110468376E+04  0.10266433292060E+05  0.73787280684638E+04 -0.77897799641526E+07 -0.85181454643509E+03  0.12338734935394E+07  0.38193617351038E+05  0.13133147961401E+06  0.25000910667574E+06  0.13108751546928E+05  0.49883352914927E+05  0.25868797696025E+06 -0.13220397868877E+06 -0.56059234331158E+05 -0.52544107462708E+04 -0.86833145183932E+06 -0.11260611737705E+07 -0.20987419898597E+05 -0.47506048234830E+05 -0.32083361606263E+04 -0.20485284107721E+06 -0.23096595671489E+06 -0.92355299617422E+04 -0.32595966815549E+04 -0.18050045096367E+05  0.17254277993492E+05 -0.74331560945143E+05 -0.58637378148384E+05
  -0.13316850342267E+07  0.41633515622281E+06 -0.51135236819895E+05 -0.13777330190665E+06  0.34580933639679E+05  0.10472070344252E+05 -0.11210763982950E+05 -0.12527182510986E+06  0.26420326962241E+05  0.73820092223131E+04 -0.87576247338665E+03 -0.11991510003996E+04 -0.13916173366447E+03  0.12706334848825E+02  0.63832849134575E+03 -0.51881580633018E+02  0.13381322244297E+03  0.73333973305909E+02  0.26032926072029E+07  0.40575886027093E+03 -0.35391409706433E+06 -0.78985962129593E+04 -0.30526156042753E+05 -0.64771014506469E+05 -0.30874661143712E+04 -0.12548389454052E+05 -0.71035274512190E+05  0.16791145568006E+05  0.82851709231778E+04 -0.19484106738458E+03  0.21051702420127E+06  0.26567867697849E+06  0.57518262673708E+04  0.13189010926633E+05  0.42295230468693E+03  0.63893205885375E+05  0.71448365990530E+05  0.24393692058133E+04  0.77227719197134E+03 -0.22158551819627E+04 -0.22727229896294E+04  0.86836401334490E+04  0.72916138279091E+04
   0.19536243041127E+06 -0.51135236819895E+05  0.73971601375547E+04  0.18829409652567E+05 -0.48796602873066E+04 -0.13344508420767E+04  0.19318112815659E+04  0.28011002328216E+05 -0.50663715741651E+04 -0.16652458016331E+04  0.21040314196709E+03  0.41692607652601E+03  0.53047735651835E+02 -0.40238946511913E+01 -0.27809288448596E+03 -0.74871474970659E+01 -0.12638329724195E+03 -0.54408751336926E+01 -0.30013986181852E+06 -0.34348531263507E+02  0.46862902649084E+05  0.14052644650767E+04  0.48358088076956E+04  0.93528652093448E+04  0.48606990333341E+03  0.18557195368061E+04  0.97575073407144E+04 -0.46824162232639E+04 -0.19864184506157E+04  0.18802531370761E+02 -0.31900052293826E+05 -0.41534597092259E+05 -0.80082208198678E+03 -0.18196669921558E+04 -0.10099531470198E+03 -0.79232079770955E+04 -0.89130643147927E+04 -0.34717203688295E+03 -0.12130342015127E+03 -0.65164626595759E+02  0.61562256769472E+03 -0.22237222939213E+04 -0.17951637120625E+04
   0.50634303191563E+06 -0.13777330190665E+06  0.18829409652567E+05  0.40188269778868E+06 -0.62472352580973E+05  0.74331618949739E+05  0.64090158667548E+05  0.36296714186957E+06 -0.27972086638728E+05 -0.18335059483757E+05  0.31826905928149E+04 -0.13945317160079E+04 -0.15038362802689E+03  0.54825638373090E+02  0.30974145707047E+05 -0.37626089291624E+04  0.24759000807857E+05  0.13902796377501E+05 -0.22730144918455E+07 -0.45913034201984E+02  0.34135529538418E+06  0.13627269916980E+05  0.39847772704991E+05  0.96655808075598E+05  0.43691899171512E+04  0.15711524677198E+05  0.71696504248717E+05 -0.12877572385870E+05 -0.21339883343656E+05 -0.68674593534368E+02 -0.66385282198333E+05 -0.34502049867386E+06 -0.13670007652949E+04 -0.24933145708348E+04 -0.70923102395751E+02 -0.11790464068983E+05 -0.53263235102223E+05 -0.24832216388771E+04 -0.96508166550991E+03 -0.98292774443564E+04 -0.15875300542864E+05 -0.72653478800224E+04 -0.21544589546717E+05
  -0.12819647667586E+06  0.34580933639679E+05 -0.48796602873066E+04 -0.62472352580973E+05  0.11460637695583E+05 -0.74648416869324E+04 -0.91286762304208E+04 -0.33345828192590E+05  0.51683510096246E+03  0.23596256557458E+04 -0.31736921393575E+03 -0.20316483405062E+02  0.50491790293480E+01 -0.48795922710819E+01 -0.26008567267732E+04  0.32063866502259E+03 -0.20259042291932E+04 -0.11526923673457E+04  0.48597407463951E+06  0.31143106226064E+02 -0.70258323041225E+05 -0.25492083848302E+04 -0.74670622610871E+04 -0.18660666109681E+05 -0.77522383641362E+03 -0.28377043122271E+04 -0.14127616095525E+05  0.19992922135215E+04  0.33602912584285E+04 -0.57224644014436E+02  0.11794579002830E+05  0.62568511261907E+05  0.32039736131327E+03  0.56425377867478E+03  0.89768133241500E+01  0.29026803584171E+04  0.12909123002179E+05  0.46649846764970E+03  0.17290776235252E+03  0.37026211231771E+03  0.25095974034113E+04  0.81540263949577E+03  0.25160854728700E+04
  -0.28890420220804E+05  0.10472070344252E+05 -0.13344508420767E+04  0.74331618949739E+05 -0.74648416869324E+04  0.24330909606008E+05  0.14538537697748E+05  0.11061262951621E+06 -0.10478654284542E+05 -0.45723943045266E+04  0.95076963751705E+03 -0.71118090958909E+03 -0.66952391335712E+02  0.18587353517892E+02  0.94730654221623E+04 -0.11817856280728E+04  0.76643504881575E+04  0.43675494975389E+04 -0.46368470877219E+05  0.67625245160040E+02  0.18445991391109E+05  0.14620452974559E+04  0.41270935568611E+04  0.84038629043582E+04  0.58066348273334E+03  0.19077655945783E+04  0.53708198199444E+04 -0.27349088525923E+04 -0.42000589497069E+04  0.15155136778957E+03 -0.84338939898613E+04 -0.41335456949810E+05  0.14212273584066E+02 -0.79831031111367E+01 -0.18728927100582E+02  0.46170493919896E+03  0.17048827728909E+04 -0.24580331111871E+03 -0.12670887980034E+03 -0.31568208703145E+04 -0.32567626404494E+04 -0.18575981786242E+04 -0.53412032824427E+04
   0.53550516958232E+05 -0.11210763982950E+05  0.19318112815659E+04  0.64090158667548E+05 -0.91286762304208E+04  0.14538537697748E+05  0.11311078056204E+05  0.60930499834444E+05 -0.34759755620164E+04 -0.32539613221068E+04  0.55150352537384E+03 -0.23178385448351E+03 -0.26941355682010E+02  0.97504570893426E+01  0.48654313839795E+04 -0.61531530813435E+03  0.38270242666336E+04  0.22084234527258E+04 -0.23994160671048E+06  0.23075150700903E+02  0.42793913089600E+05  0.19923058352621E+04  0.56874140208774E+04  0.13160973512440E+05  0.67799464036022E+03  0.23252974184640E+04  0.93676729310624E+04 -0.24593111605030E+04 -0.38544346006569E+04  0.13748781116795E+03 -0.98232352599741E+04 -0.51269963225954E+05 -0.15401920956093E+03 -0.27354438061500E+03 -0.13090257482875E+02 -0.98060753979798E+03 -0.45958834306019E+04 -0.35459170754630E+03 -0.14984290575886E+03 -0.13396789311760E+04 -0.31131316270985E+04 -0.11473938251964E+04 -0.34176853207651E+04
   0.98794636344077E+06 -0.12527182510986E+06  0.28011002328216E+05  0.36296714186957E+06 -0.33345828192590E+05  0.11061262951621E+06  0.60930499834444E+05  0.53865266913260E+07 -0.24089922631371E+07 -0.89419252324259E+05  0.25961552395616E+05  0.26556658452322E+05  0.17954735377724E+04  0.97383570185084E+02  0.89264622547725E+05 -0.11316302048527E+05  0.82344575173672E+05  0.44619279415026E+05 -0.58583750894097E+06  0.47907708386625E+03  0.13960705558081E+06  0.18006780089861E+05  0.58934908293639E+05  0.95792212215889E+05  0.63385379407946E+04  0.23162242148354E+05  0.70663548126974E+05 -0.63128473540635E+05 -0.50588035275873E+05 -0.70457330696249E+05 -0.29565985601088E+06 -0.58015823003924E+06 -0.74003135542882E+05 -0.16632887023156E+06 -0.14140733037009E+04 -0.56594033731784E+04 -0.11113398121525E+05  0.23527256750061E+03  0.25275303510346E+03 -0.27437302257903E+06 -0.87688123188826E+04 -0.14466088372829E+06 -0.17830559790481E+06
  -0.18398108879995E+06  0.26420326962241E+05 -0.50663715741651E+04 -0.27972086638728E+05  0.51683510096246E+03 -0.10478654284542E+05 -0.34759755620164E+04 -0.24089922631371E+07  0.19288406031456E+07  0.19481997632381E+05 -0.64068700191717E+04 -0.55776172362607E+04 -0.30790933125503E+03 -0.13617646975558E+02  0.47987464622562E+05 -0.22188683101294E+04  0.14604252190224E+05  0.69764911592448E+04 -0.25866739181598E+05 -0.98228470638694E+02 -0.14974696253993E+04 -0.33841913354531E+04 -0.11744767007643E+05 -0.17241032366842E+05 -0.12454832311740E+04 -0.47470219439251E+04 -0.12489506806965E+05  0.11579080047985E+05  0.10939231277150E+05  0.24768320796448E+05  0.67156161778847E+05  0.12745977050936E+06  0.22925625181571E+05  0.51602821538729E+05  0.19195347225619E+03  0.59470588904293E+03  0.12019350781360E+04 -0.12468284658759E+04 -0.69350183090086E+03  0.11309148476138E+06  0.15671732086199E+04  0.45296601779613E+05  0.55303651737883E+05
  -0.50119639706661E+05  0.73820092223131E+04 -0.16652458016331E+04 -0.18335059483757E+05  0.23596256557458E+04 -0.45723943045266E+04 -0.32539613221068E+04 -0.89419252324259E+05  0.19481997632381E+05  0.26596183023592E+04 -0.61329714680398E+03 -0.66108271715327E+03 -0.58692639354047E+02 -0.17439132252154E+01 -0.40270326267460E+04  0.49158937610069E+03 -0.32443643510865E+04 -0.18388005277447E+04  0.56300014403953E+05 -0.16005113671808E+02 -0.12597049047191E+05 -0.83147254470180E+03 -0.25484088114874E+04 -0.46388986044891E+04 -0.27846319456230E+03 -0.97450743301938E+03 -0.35420012525835E+04  0.27550600363588E+04  0.18993726319733E+04  0.73803811534896E+03  0.11030970687031E+05  0.22883373350007E+05  0.14965002757264E+04  0.33046521500159E+04  0.43793590145434E+02  0.55277030604813E+03  0.10488349435787E+04  0.12983748767433E+03  0.57850285433237E+02  0.31396768784894E+04  0.43534762772415E+03  0.28402165002132E+04  0.35863803142029E+04
   0.72986434765265E+04 -0.87576247338665E+03  0.21040314196709E+03  0.31826905928149E+04 -0.31736921393575E+03  0.95076963751705E+03  0.55150352537384E+03  0.25961552395616E+05 -0.64068700191717E+04 -0.61329714680398E+03  0.16586704066408E+03  0.18561496082546E+03  0.13556730571822E+02  0.64798321196978E+00  0.12217942000892E+04 -0.13527698355415E+03  0.95201341245606E+03  0.51830377918489E+03 -0.59976396469122E+04  0.34098196739697E+01  0.13064563347285E+04  0.12985847852309E+03  0.41716075749601E+03  0.69954854641980E+03  0.45067954354967E+02  0.16228650024140E+03  0.51800722066121E+03 -0.46113343867265E+03 -0.34764881463208E+03 -0.33437126580769E+03 -0.19911205619214E+04 -0.39554479238065E+04 -0.41645007986696E+03 -0.93636183871977E+03 -0.10805761915610E+02 -0.44433150288641E+02 -0.87092801094331E+02 -0.13167410834252E+02 -0.61875525585356E+01 -0.11291049036574E+04 -0.63946930833117E+02 -0.81227732317428E+03 -0.10083492090446E+04
   0.15347640232800E+05 -0.11991510003996E+04  0.41692607652601E+03 -0.13945317160079E+04 -0.20316483405062E+02 -0.71118090958909E+03 -0.23178385448351E+03  0.26556658452322E+05 -0.55776172362607E+04 -0.66108271715327E+03  0.18561496082546E+03  0.15652126947480E+04  0.10425963310914E+03 -0.11759219236821E+01  0.13699420394976E+04 -0.19201011127127E+03  0.13416622380033E+04  0.77855372629752E+03 -0.60062371617260E+04 -0.46446594612400E+01  0.64133171471486E+03  0.14815097225258E+02  0.19399092703604E+03 -0.34318981329811E+03 -0.20377977799345E+02 -0.85391122218483E+02 -0.19043280258272E+03 -0.11131919128547E+04 -0.86445350669978E-01 -0.68608010117094E+03 -0.49659558872440E+04 -0.18992252293060E+02 -0.22451519331980E+04 -0.68738011415424E+02 -0.77427698716893E+02 -0.20244673669277E+00  0.29570492604221E-02 -0.17014241487554E+01 -0.72862220526182E+00  0.29015962531340E+03  0.30361873663670E+03 -0.26677854371739E+04 -0.52638589023869E+01
   0.17221202330403E+04 -0.13916173366447E+03  0.53047735651835E+02 -0.15038362802689E+03  0.50491790293480E+01 -0.66952391335712E+02 -0.26941355682010E+02  0.17954735377724E+04 -0.30790933125503E+03 -0.58692639354047E+02  0.13556730571822E+02  0.10425963310914E+03  0.94398340232666E+01 -0.16809457638015E+00  0.76667133216448E+02 -0.12888089918644E+02  0.79240434978548E+02  0.50164808733140E+02 -0.28735049474398E+03 -0.43113019064473E+00 -0.21533451491378E+02  0.29833242929051E+01  0.23523655142866E+02 -0.42641091038427E+02 -0.24123143274629E+01 -0.91691098321435E+01 -0.18369986915998E+02 -0.16376906701868E+03 -0.11241977334705E-01 -0.26998564744900E+02 -0.58415626392622E+03 -0.21625684445433E+01 -0.14147487860323E+03 -0.18021255828852E+02 -0.62933129671653E+01 -0.14466343877462E+00  0.20174173970588E-02 -0.17999016629568E+00 -0.69887762485903E-01  0.28724029228365E+02  0.67834888829672E+02 -0.19335876745389E+03 -0.40849491192245E+00
  -0.10596685727985E+03  0.12706334848825E+02 -0.40238946511913E+01  0.54825638373090E+02 -0.48795922710819E+01  0.18587353517892E+02  0.97504570893426E+01  0.97383570185084E+02 -0.13617646975558E+02 -0.17439132252154E+01  0.64798321196978E+00 -0.11759219236821E+01 -0.16809457638015E+00  0.48042608210597E-01  0.13994210190836E+02 -0.10807441001788E+01  0.84127594277936E+01  0.39642602114848E+01 -0.79150146808616E+02  0.36018103169391E-01  0.21440897766149E+02  0.40641022929544E+00  0.10480539934214E+01  0.36711384460769E+01  0.15182134868847E+00  0.49929793671628E+00  0.24519290056017E+01  0.67707661060732E-01 -0.28686812406201E-04 -0.58473743800116E+01 -0.72289306652841E+00 -0.21231445761027E-02 -0.30447135204421E+01 -0.13002302072684E-04 -0.13352237284774E+00 -0.16516245284261E-12 -0.10411072351375E-11 -0.16037783881729E-02 -0.88123003124311E-03 -0.15730364092314E+01  0.36420220686798E-04 -0.29820298161219E+01 -0.39614146169709E-02
   0.96867497028009E+04  0.63832849134575E+03 -0.27809288448596E+03  0.30974145707047E+05 -0.26008567267732E+04  0.94730654221623E+04  0.48654313839795E+04  0.89264622547725E+05  0.47987464622562E+05 -0.40270326267460E+04  0.12217942000892E+04  0.13699420394976E+04  0.76667133216448E+02  0.13994210190836E+02  0.49590747295323E+05 -0.46147443224459E+04  0.33160042897199E+05  0.17286642872348E+05 -0.55138100483940E+05  0.22498375581051E+00 -0.41502637263505E+04 -0.14931501899508E+03 -0.45691663511116E+03 -0.53433702677240E+03 -0.48268009915433E+02 -0.16651784770162E+03 -0.50043875169436E+03 -0.26929500732232E+04 -0.17668501995954E+04 -0.24886779437285E+04  0.20211195564891E+04  0.43481362061274E+04 -0.14783365044272E+04 -0.29315537100451E+04 -0.72730635436289E+03  0.23014036139793E+03  0.41340265197324E+03 -0.28593738595573E+04 -0.15208577621923E+04 -0.24061600002756E+04  0.19408230937499E+03 -0.89380885679532E+03 -0.10074413744187E+04
  -0.21572110468376E+04 -0.51881580633018E+02 -0.74871474970659E+01 -0.37626089291624E+04  0.32063866502259E+03 -0.11817856280728E+04 -0.61531530813435E+03 -0.11316302048527E+05 -0.22188683101294E+04  0.49158937610069E+03 -0.13527698355415E+03 -0.19201011127127E+03 -0.12888089918644E+02 -0.10807441001788E+01 -0.46147443224459E+04  0.49925651084083E+03 -0.34906440584869E+04 -0.18958340126049E+04  0.64595000996609E+04 -0.58155233065297E+00  0.63883914121263E+03  0.16563305630977E+02  0.45748288574123E+02  0.42977935897350E+02  0.50811110265569E+01  0.16857543899636E+02  0.58833101222485E+02  0.49588205780280E+03  0.31062112176739E+03  0.28748967991553E+03 -0.16763213458870E+03 -0.50182517761805E+03  0.15312662626023E+03  0.30261291800240E+03  0.80470822087506E+02 -0.61798114946329E+02 -0.10952168815212E+03  0.43409960879071E+03  0.21517241694738E+03 -0.30096720209009E+03 -0.35021965125856E+02  0.24940703776805E+03  0.27947117504796E+03
   0.10266433292060E+05  0.13381322244297E+03 -0.12638329724195E+03  0.24759000807857E+05 -0.20259042291932E+04  0.76643504881575E+04  0.38270242666336E+04  0.82344575173672E+05  0.14604252190224E+05 -0.32443643510865E+04  0.95201341245606E+03  0.13416622380033E+04  0.79240434978548E+02  0.84127594277936E+01  0.33160042897199E+05 -0.34906440584869E+04  0.24954540483313E+05  0.13368689256372E+05 -0.44385250238540E+05 -0.14752405484362E+01 -0.37907439715311E+04 -0.15981488268329E+03 -0.47562830584218E+03 -0.59665796393352E+03 -0.53027515003962E+02 -0.17389959681240E+03 -0.48661471648636E+03 -0.22880699465966E+04 -0.14907574299594E+04 -0.23461715016400E+04  0.20158298012960E+04  0.41410367609171E+04 -0.11657339791424E+04 -0.23180593200719E+04 -0.56324633024334E+03  0.54723432048411E+02  0.10894951466196E+03 -0.23269680492040E+04 -0.12626406193312E+04  0.94428916095333E+03  0.19242758156156E+03 -0.14269289464430E+04 -0.15878907493719E+04
   0.73787280684638E+04  0.73333973305909E+02 -0.54408751336926E+01  0.13902796377501E+05 -0.11526923673457E+04  0.43675494975389E+04  0.22084234527258E+04  0.44619279415026E+05  0.69764911592448E+04 -0.18388005277447E+04  0.51830377918489E+03  0.77855372629752E+03  0.50164808733140E+02  0.39642602114848E+01  0.17286642872348E+05 -0.18958340126049E+04  0.13368689256372E+05  0.72669142167624E+04 -0.24742462891890E+05  0.33501442515807E+00 -0.23771566044968E+04 -0.87483567113938E+02 -0.24705280993410E+03 -0.28917698130313E+03 -0.28508219069576E+02 -0.90900080134545E+02 -0.26640550101212E+03 -0.16372318798615E+04 -0.10328230478004E+04 -0.11829017685916E+04  0.95156343432752E+03  0.22842339715887E+04 -0.59115809379702E+03 -0.11767081546274E+04 -0.31088048427125E+03  0.86551750070184E+02  0.16105502457318E+03 -0.15103610246254E+04 -0.78568259606121E+03  0.12090073651519E+04  0.13911108224031E+03 -0.10184418928281E+04 -0.11331133453754E+04
  -0.77897799641526E+07  0.26032926072029E+07 -0.30013986181852E+06 -0.22730144918455E+07  0.48597407463951E+06 -0.46368470877219E+05 -0.23994160671048E+06 -0.58583750894097E+06 -0.25866739181598E+05  0.56300014403953E+05 -0.59976396469122E+04 -0.60062371617260E+04 -0.28735049474398E+03 -0.79150146808616E+02 -0.55138100483940E+05  0.64595000996609E+04 -0.44385250238540E+05 -0.24742462891890E+05  0.33593276359708E+08  0.47755649414491E+04 -0.39878298034498E+07 -0.11424719372071E+06 -0.36367461994558E+06 -0.97318120050522E+06 -0.32866747430692E+05 -0.13522574749548E+06 -0.77613527487716E+06  0.34254630047662E+05  0.76060514080325E+05 -0.12139046380941E+04  0.56731926402541E+06  0.27857951195977E+07  0.17105053215172E+05  0.31449379903957E+05  0.21193985729394E+03  0.18474010929482E+06  0.81323088555520E+06  0.24411543152246E+05  0.76819986294729E+04 -0.18433392238035E+05  0.44764483932148E+05  0.20640683253437E+05  0.64105785136494E+05
  -0.85181454643509E+03  0.40575886027093E+03 -0.34348531263507E+02 -0.45913034201984E+02  0.31143106226064E+02  0.67625245160040E+02  0.23075150700903E+02  0.47907708386625E+03 -0.98228470638694E+02 -0.16005113671808E+02  0.34098196739697E+01 -0.46446594612400E+01 -0.43113019064473E+00  0.36018103169391E-01  0.22498375581051E+00 -0.58155233065297E+00 -0.14752405484362E+01  0.33501442515807E+00  0.47755649414491E+04  0.18259234515488E+01 -0.49083021481194E+03 -0.63081232418343E+01 -0.24888494438368E+02 -0.91815643828665E+02  0.45479055009343E-01 -0.56998182589206E+01 -0.74098468034817E+02  0.00000000000000E+00 -0.39891008510512E+02  0.00000000000000E+00  0.00000000000000E+00  0.10169429076907E+03  0.00000000000000E+00 -0.46173722311608E+01  0.00000000000000E+00  0.00000000000000E+00  0.15662165628456E+03  0.00000000000000E+00  0.00000000000000E+00  0.00000000000000E+00  0.23167181365894E+02  0.00000000000000E+00 -0.39166851851258E+02
   0.12338734935394E+07 -0.35391409706433E+06  0.46862902649084E+05  0.34135529538418E+06 -0.70258323041225E+05  0.18445991391109E+05  0.42793913089600E+05  0.13960705558081E+06 -0.14974696253993E+04 -0.12597049047191E+05  0.13064563347285E+04  0.64133171471486E+03 -0.21533451491378E+02  0.21440897766149E+02 -0.41502637263505E+04  0.63883914121263E+03 -0.37907439715311E+04 -0.23771566044968E+04 -0.39878298034498E+07 -0.49083021481194E+03  0.82511413212773E+06  0.29213473893618E+05  0.84970862993489E+05  0.22856791012653E+06  0.82808314234343E+04  0.31108876780165E+05  0.16722952558594E+06  0.00000000000000E+00 -0.25433510705267E+05  0.00000000000000E+00  0.00000000000000E+00 -0.63531448826030E+06  0.00000000000000E+00  0.60895401156482E+04  0.00000000000000E+00  0.00000000000000E+00 -0.13295475292858E+06  0.00000000000000E+00  0.00000000000000E+00  0.00000000000000E+00  0.20751161231310E+05  0.00000000000000E+00 -0.21195376265031E+05
   0.38193617351038E+05 -0.78985962129593E+04  0.14052644650767E+04  0.13627269916980E+05 -0.25492083848302E+04  0.14620452974559E+04  0.19923058352621E+04  0.18006780089861E+05 -0.33841913354531E+04 -0.83147254470180E+03  0.12985847852309E+03  0.14815097225258E+02  0.29833242929051E+01  0.40641022929544E+00 -0.14931501899508E+03  0.16563305630977E+02 -0.15981488268329E+03 -0.87483567113938E+02 -0.11424719372071E+06 -0.63081232418343E+01  0.29213473893618E+05  0.13375905532880E+04  0.36808470051680E+04  0.95014375739323E+04  0.35950182286607E+03  0.12858661943694E+04  0.64217854101406E+04 -0.46226083518555E+02 -0.13880584829643E+04  0.43939702971130E+01  0.58049391725964E+03 -0.27790282964088E+05  0.00000000000000E+00 -0.66713149211123E+02  0.00000000000000E+00  0.20474925917170E+04 -0.35060937565797E+04  0.00000000000000E+00  0.00000000000000E+00  0.00000000000000E+00  0.12988241312762E+04 -0.30534035224359E+03 -0.17210607390823E+04
   0.13133147961401E+06 -0.30526156042753E+05  0.48358088076956E+04  0.39847772704991E+05 -0.74670622610871E+04  0.41270935568611E+04  0.56874140208774E+04  0.58934908293639E+05 -0.11744767007643E+05 -0.25484088114874E+04  0.41716075749601E+03  0.19399092703604E+03  0.23523655142866E+02  0.10480539934214E+01 -0.45691663511116E+03  0.45748288574123E+02 -0.47562830584218E+03 -0.24705280993410E+03 -0.36367461994558E+06 -0.24888494438368E+02  0.84970862993489E+05  0.36808470051680E+04  0.10565728510088E+05  0.26240284508416E+05  0.10199040072983E+04  0.37090353228111E+04  0.18585728284592E+05 -0.15183758453870E+03 -0.36753993630439E+04 -0.17537586037685E+02 -0.57817264506140E+04 -0.80023967064707E+05  0.00000000000000E+00 -0.17584253965135E+03  0.00000000000000E+00  0.30497954996020E+04 -0.11372616805765E+05  0.00000000000000E+00  0.00000000000000E+00  0.00000000000000E+00  0.37588702439664E+04 -0.17632421932471E+04 -0.50950523043313E+04
   0.25000910667574E+06 -0.64771014506469E+05  0.93528652093448E+04  0.96655808075598E+05 -0.18660666109681E+05  0.84038629043582E+04  0.13160973512440E+05  0.95792212215889E+05 -0.17241032366842E+05 -0.46388986044891E+04  0.69954854641980E+03 -0.34318981329811E+03 -0.42641091038427E+02  0.36711384460769E+01 -0.53433702677240E+03  0.42977935897350E+02 -0.59665796393352E+03 -0.28917698130313E+03 -0.97318120050522E+06 -0.91815643828665E+02  0.22856791012653E+06  0.95014375739323E+04  0.26240284508416E+05  0.74950196699419E+05  0.26223109205570E+04  0.95976902578285E+04  0.49361779585614E+05  0.23583620035318E+03 -0.11545303303048E+05 -0.44128016860676E+01  0.37173975610165E+05 -0.19924553800690E+06  0.00000000000000E+00 -0.56522578110450E+03  0.00000000000000E+00  0.16277128746537E+05 -0.30594146509440E+05  0.00000000000000E+00  0.00000000000000E+00  0.00000000000000E+00  0.65344198735469E+04  0.14705673854824E+04 -0.12111713520026E+05
   0.13108751546928E+05 -0.30874661143712E+04  0.48606990333341E+03  0.43691899171512E+04 -0.77522383641362E+03  0.58066348273334E+03  0.67799464036022E+03  0.63385379407946E+04 -0.12454832311740E+04 -0.27846319456230E+03  0.45067954354967E+02 -0.20377977799345E+02 -0.24123143274629E+01  0.15182134868847E+00 -0.48268009915433E+02  0.50811110265569E+01 -0.53027515003962E+02 -0.28508219069576E+02 -0.32866747430692E+05  0.45479055009343E-01  0.82808314234343E+04  0.35950182286607E+03  0.10199040072983E+04  0.26223109205570E+04  0.11899343332848E+03  0.41699286798100E+03  0.18595340454031E+04  0.00000000000000E+00 -0.43920698387217E+03  0.00000000000000E+00  0.00000000000000E+00 -0.89566445642598E+04  0.00000000000000E+00 -0.20872307255000E+02  0.00000000000000E+00  0.00000000000000E+00 -0.69981185357366E+03  0.00000000000000E+00  0.00000000000000E+00  0.00000000000000E+00  0.40166127879520E+02  0.00000000000000E+00 -0.64378884838641E+03
   0.49883352914927E+05 -0.12548389454052E+05  0.18557195368061E+04  0.15711524677198E+05 -0.28377043122271E+04  0.19077655945783E+04  0.23252974184640E+04  0.23162242148354E+05 -0.47470219439251E+04 -0.97450743301938E+03  0.16228650024140E+03 -0.85391122218483E+02 -0.91691098321435E+01  0.49929793671628E+00 -0.16651784770162E+03  0.16857543899636E+02 -0.17389959681240E+03 -0.90900080134545E+02 -0.13522574749548E+06 -0.56998182589206E+01  0.31108876780165E+05  0.12858661943694E+04  0.37090353228111E+04  0.95976902578285E+04  0.41699286798100E+03  0.15127196354705E+04  0.68609549047024E+04  0.00000000000000E+00 -0.13966192560226E+04  0.00000000000000E+00  0.00000000000000E+00 -0.32002394278333E+05  0.00000000000000E+00 -0.66080807455727E+02  0.00000000000000E+00  0.00000000000000E+00 -0.38383842057684E+04  0.00000000000000E+00  0.00000000000000E+00  0.00000000000000E+00  0.30232955870468E+02  0.00000000000000E+00 -0.23545113038086E+04
   0.25868797696025E+06 -0.71035274512190E+05  0.97575073407144E+04  0.71696504248717E+05 -0.14127616095525E+05  0.53708198199444E+04  0.93676729310624E+04  0.70663548126974E+05 -0.12489506806965E+05 -0.35420012525835E+04  0.51800722066121E+03 -0.19043280258272E+03 -0.18369986915998E+02  0.24519290056017E+01 -0.50043875169436E+03  0.58833101222485E+02 -0.48661471648636E+03 -0.26640550101212E+03 -0.77613527487716E+06 -0.74098468034817E+02  0.16722952558594E+06  0.64217854101406E+04  0.18585728284592E+05  0.49361779585614E+05  0.18595340454031E+04  0.68609549047024E+04  0.36306681026154E+05  0.00000000000000E+00 -0.79227490826216E+04  0.00000000000000E+00  0.00000000000000E+00 -0.14131392400960E+06  0.00000000000000E+00 -0.38788745727530E+03  0.00000000000000E+00  0.00000000000000E+00 -0.23836948367152E+05  0.00000000000000E+00  0.00000000000000E+00  0.00000000000000E+00  0.83743405960609E+04  0.00000000000000E+00 -0.83367245317504E+04
  -0.13220397868877E+06  0.16791145568006E+05 -0.46824162232639E+04 -0.12877572385870E+05  0.19992922135215E+04 -0.27349088525923E+04 -0.24593111605030E+04 -0.63128473540635E+05  0.11579080047985E+05  0.27550600363588E+04 -0.46113343867265E+03 -0.11131919128547E+04 -0.16376906701868E+03  0.67707661060732E-01 -0.26929500732232E+04  0.49588205780280E+03 -0.22880699465966E+04 -0.16372318798615E+04  0.34254630047662E+05  0.00000000000000E+00  0.00000000000000E+00 -0.46226083518555E+02 -0.15183758453870E+03  0.23583620035318E+03  0.00000000000000E+00  0.00000000000000E+00  0.00000000000000E+00  0.11693594387721E+06  0.00000000000000E+00  0.00000000000000E+00  0.00000000000000E+00  0.00000000000000E+00  0.00000000000000E+00  0.00000000000000E+00  0.00000000000000E+00  0.00000000000000E+00  0.00000000000000E+00  0.00000000000000E+00  0.00000000000000E+00  0.00000000000000E+00  0.00000000000000E+00  0.00000000000000E+00  0.00000000000000E+00
  -0.56059234331158E+05  0.82851709231778E+04 -0.19864184506157E+04 -0.21339883343656E+05  0.33602912584285E+04 -0.42000589497069E+04 -0.38544346006569E+04 -0.50588035275873E+05  0.10939231277150E+05  0.18993726319733E+04 -0.34764881463208E+03 -0.86445350669978E-01 -0.11241977334705E-01 -0.28686812406201E-04 -0.17668501995954E+04  0.31062112176739E+03 -0.14907574299594E+04 -0.10328230478004E+04  0.76060514080325E+05 -0.39891008510512E+02 -0.25433510705267E+05 -0.13880584829643E+04 -0.36753993630439E+04 -0.11545303303048E+05 -0.43920698387217E+03 -0.13966192560226E+04 -0.79227490826216E+04  0.00000000000000E+00  0.64876785428066E+05  0.00000000000000E+00  0.00000000000000E+00  0.00000000000000E+00  0.00000000000000E+00  0.00000000000000E+00  0.00000000000000E+00  0.00000000000000E+00  0.00000000000000E+00  0.00000000000000E+00  0.00000000000000E+00  0.00000000000000E+00  0.00000000000000E+00  0.00000000000000E+00  0.00000000000000E+00
  -0.52544107462708E+04 -0.19484106738458E+03  0.18802531370761E+02 -0.68674593534368E+02 -0.57224644014436E+02  0.15155136778957E+03  0.13748781116795E+03 -0.70457330696249E+05  0.24768320796448E+05  0.73803811534896E+03 -0.33437126580769E+03 -0.68608010117094E+03 -0.26998564744900E+02 -0.58473743800116E+01 -0.24886779437285E+04  0.28748967991553E+03 -0.23461715016400E+04 -0.11829017685916E+04 -0.12139046380941E+04  0.00000000000000E+00  0.00000000000000E+00  0.43939702971130E+01 -0.17537586037685E+02 -0.44128016860676E+01  0.00000000000000E+00  0.00000000000000E+00  0.00000000000000E+00  0.00000000000000E+00  0.00000000000000E+00  0.30806604951963E+05  0.00000000000000E+00  0.00000000000000E+00  0.00000000000000E+00  0.00000000000000E+00  0.00000000000000E+00  0.00000000000000E+00  0.00000000000000E+00  0.00000000000000E+00  0.00000000000000E+00  0.00000000000000E+00  0.00000000000000E+00  0.00000000000000E+00  0.00000000000000E+00
  -0.86833145183932E+06  0.21051702420127E+06 -0.31900052293826E+05 -0.66385282198333E+05  0.11794579002830E+05 -0.84338939898613E+04 -0.98232352599741E+04 -0.29565985601088E+06  0.67156161778847E+05  0.11030970687031E+05 -0.19911205619214E+04 -0.49659558872440E+04 -0.58415626392622E+03 -0.72289306652841E+00  0.20211195564891E+04 -0.16763213458870E+03  0.20158298012960E+04  0.95156343432752E+03  0.56731926402541E+06  0.00000000000000E+00  0.00000000000000E+00  0.58049391725964E+03 -0.57817264506140E+04  0.37173975610165E+05  0.00000000000000E+00  0.00000000000000E+00  0.00000000000000E+00  0.00000000000000E+00  0.00000000000000E+00  0.00000000000000E+00  0.58061212941939E+06  0.00000000000000E+00  0.00000000000000E+00  0.00000000000000E+00  0.00000000000000E+00  0.00000000000000E+00  0.00000000000000E+00  0.00000000000000E+00  0.00000000000000E+00  0.00000000000000E+00  0.00000000000000E+00  0.00000000000000E+00  0.00000000000000E+00
  -0.11260611737705E+07  0.26567867697849E+06 -0.41534597092259E+05 -0.34502049867386E+06  0.62568511261907E+05 -0.41335456949810E+05 -0.51269963225954E+05 -0.58015823003924E+06  0.12745977050936E+06  0.22883373350007E+05 -0.39554479238065E+04 -0.18992252293060E+02 -0.21625684445433E+01 -0.21231445761027E-02  0.43481362061274E+04 -0.50182517761805E+03  0.41410367609171E+04  0.22842339715887E+04  0.27857951195977E+07  0.10169429076907E+03 -0.63531448826030E+06 -0.27790282964088E+05 -0.80023967064707E+05 -0.19924553800690E+06 -0.89566445642598E+04 -0.32002394278333E+05 -0.14131392400960E+06  0.00000000000000E+00  0.00000000000000E+00  0.00000000000000E+00  0.00000000000000E+00  0.92111994220572E+06  0.00000000000000E+00  0.00000000000000E+00  0.00000000000000E+00  0.00000000000000E+00  0.00000000000000E+00  0.00000000000000E+00  0.00000000000000E+00  0.00000000000000E+00  0.00000000000000E+00  0.00000000000000E+00  0.00000000000000E+00
  -0.20987419898597E+05  0.57518262673708E+04 -0.80082208198678E+03 -0.13670007652949E+04  0.32039736131327E+03  0.14212273584066E+02 -0.15401920956093E+03 -0.74003135542882E+05  0.22925625181571E+05  0.14965002757264E+04 -0.41645007986696E+03 -0.22451519331980E+04 -0.14147487860323E+03 -0.30447135204421E+01 -0.14783365044272E+04  0.15312662626023E+03 -0.11657339791424E+04 -0.59115809379702E+03  0.17105053215172E+05  0.00000000000000E+00  0.00000000000000E+00  0.00000000000000E+00  0.00000000000000E+00  0.00000000000000E+00  0.00000000000000E+00  0.00000000000000E+00  0.00000000000000E+00  0.00000000000000E+00  0.00000000000000E+00  0.00000000000000E+00  0.00000000000000E+00  0.00000000000000E+00  0.14301566268794E+05  0.00000000000000E+00  0.00000000000000E+00  0.00000000000000E+00  0.00000000000000E+00  0.00000000000000E+00  0.00000000000000E+00  0.00000000000000E+00  0.00000000000000E+00  0.00000000000000E+00  0.00000000000000E+00
  -0.47506048234830E+05  0.13189010926633E+05 -0.18196669921558E+04 -0.24933145708348E+04  0.56425377867478E+03 -0.79831031111367E+01 -0.27354438061500E+03 -0.16632887023156E+06  0.51602821538729E+05  0.33046521500159E+04 -0.93636183871977E+03 -0.68738011415424E+02 -0.18021255828852E+02 -0.13002302072684E-04 -0.29315537100451E+04  0.30261291800240E+03 -0.23180593200719E+04 -0.11767081546274E+04  0.31449379903957E+05 -0.46173722311608E+01  0.60895401156482E+04 -0.66713149211123E+02 -0.17584253965135E+03 -0.56522578110450E+03 -0.20872307255000E+02 -0.66080807455727E+02 -0.38788745727530E+03  0.00000000000000E+00  0.00000000000000E+00  0.00000000000000E+00  0.00000000000000E+00  0.00000000000000E+00  0.00000000000000E+00  0.31366097847056E+05  0.00000000000000E+00  0.00000000000000E+00  0.00000000000000E+00  0.00000000000000E+00  0.00000000000000E+00  0.00000000000000E+00  0.00000000000000E+00  0.00000000000000E+00  0.00000000000000E+00
  -0.32083361606263E+04  0.42295230468693E+03 -0.10099531470198E+03 -0.70923102395751E+02  0.89768133241500E+01 -0.18728927100582E+02 -0.13090257482875E+02 -0.14140733037009E+04  0.19195347225619E+03  0.43793590145434E+02 -0.10805761915610E+02 -0.77427698716893E+02 -0.62933129671653E+01 -0.13352237284774E+00 -0.72730635436289E+03  0.80470822087506E+02 -0.56324633024334E+03 -0.31088048427125E+03  0.21193985729394E+03  0.00000000000000E+00  0.00000000000000E+00  0.00000000000000E+00  0.00000000000000E+00  0.00000000000000E+00  0.00000000000000E+00  0.00000000000000E+00  0.00000000000000E+00  0.00000000000000E+00  0.00000000000000E+00  0.00000000000000E+00  0.00000000000000E+00  0.00000000000000E+00  0.00000000000000E+00  0.00000000000000E+00  0.37992230684829E+04  0.00000000000000E+00  0.00000000000000E+00  0.00000000000000E+00  0.00000000000000E+00  0.00000000000000E+00  0.00000000000000E+00  0.00000000000000E+00  0.00000000000000E+00
  -0.20485284107721E+06  0.63893205885375E+05 -0.79232079770955E+04 -0.11790464068983E+05  0.29026803584171E+04  0.46170493919896E+03 -0.98060753979798E+03 -0.56594033731784E+04  0.59470588904293E+03  0.55277030604813E+03 -0.44433150288641E+02 -0.20244673669277E+00 -0.14466343877462E+00 -0.16516245284261E-12  0.23014036139793E+03 -0.61798114946329E+02  0.54723432048411E+02  0.86551750070184E+02  0.18474010929482E+06  0.00000000000000E+00  0.00000000000000E+00  0.20474925917170E+04  0.30497954996020E+04  0.16277128746537E+05  0.00000000000000E+00  0.00000000000000E+00  0.00000000000000E+00  0.00000000000000E+00  0.00000000000000E+00  0.00000000000000E+00  0.00000000000000E+00  0.00000000000000E+00  0.00000000000000E+00  0.00000000000000E+00  0.00000000000000E+00  0.10626482558201E+06  0.00000000000000E+00  0.00000000000000E+00  0.00000000000000E+00  0.00000000000000E+00  0.00000000000000E+00  0.00000000000000E+00  0.00000000000000E+00
  -0.23096595671489E+06  0.71448365990530E+05 -0.89130643147927E+04 -0.53263235102223E+05  0.12909123002179E+05  0.17048827728909E+04 -0.45958834306019E+04 -0.11113398121525E+05  0.12019350781360E+04  0.10488349435787E+04 -0.87092801094331E+02  0.29570492604221E-02  0.20174173970588E-02 -0.10411072351375E-11  0.41340265197324E+03 -0.10952168815212E+03  0.10894951466196E+03  0.16105502457318E+03  0.81323088555520E+06  0.15662165628456E+03 -0.13295475292858E+06 -0.35060937565797E+04 -0.11372616805765E+05 -0.30594146509440E+05 -0.69981185357366E+03 -0.38383842057684E+04 -0.23836948367152E+05  0.00000000000000E+00  0.00000000000000E+00  0.00000000000000E+00  0.00000000000000E+00  0.00000000000000E+00  0.00000000000000E+00  0.00000000000000E+00  0.00000000000000E+00  0.00000000000000E+00  0.13864970462684E+06  0.00000000000000E+00  0.00000000000000E+00  0.00000000000000E+00  0.00000000000000E+00  0.00000000000000E+00  0.00000000000000E+00
