# fitpack15: fit parameters                                                                         
# CJ15 AV18 final data choices                                                                      
# Created on 01/15/2020 at 22:03:00                                                                 

 # QCD setup
  INS                           0
  NVL                          11
  IORD                          1
  Q02                   1.6899999999999999     
  IPARAMC                       7
  FLAVOR                4.0000000000000000     
  xmc                   1.3000000000000000     
  xmb                   4.5000000000000000     
  ncb                          12
  ihq                           1
  ias                           0

 # Theory corrections
  inuke                     10814
  itmc                          1
  iht                           1

 # fit parameters
 LAMBDA       0.22680        0.0000    
 a0uv          1.9536        0.0000    
 a1uv         0.56846       0.23595E-01
 a2uv          3.5567       0.11671E-01
 a3uv          0.0000        0.0000    
 a4uv          4.5716       0.63158    
 a5uv          0.0000        0.0000    
 a0dv          24.780        0.0000    
 a1dv          1.1552       0.33752E-01
 a2dv          6.6182       0.16123    
 a3dv         -3.5531       0.86247E-01
 a4dv          4.7857       0.14043    
 a5dv          0.0000        0.0000    
 a0ud         0.14210       0.49875E-02
 a1ud        -0.21076       0.38201E-02
 a2ud          8.4378       0.18879    
 a3ud          0.0000        0.0000    
 a4ud          15.865        1.3140    
 a5ud          0.0000        0.0000    
 a0du          35712.        0.0000    
 a1du          4.0716       0.83219E-01
 a2du          20.148       0.94460    
 a3du          17.000        0.0000    
 a4du          49.662        10.645    
 a0g           47.278        0.0000    
 a1g          0.60919       0.32406E-01
 a2g           6.7489       0.96504    
 a3g          -3.3752       0.14492    
 a4g           3.3662       0.36653    
 a5g           0.0000        0.0000    
 kappa        0.40000        0.0000    
 a6dv        -0.39750E-02   0.67960E-03
 a7dv          2.0000        0.0000    
 off1         -2.6091        1.7880    
 off2         0.61410E-01   0.36758E-02
 ht1          -3.5647       0.34570    
 ht2           2.0819       0.12474    
 ht3          -2.0485       0.35530E-01
 ht4           0.0000        0.0000    
 ht1n         -3.5399       0.98784    
 ht2n          1.9271       0.33627    
 ht3n         -2.1354       0.67614E-01
 ht4n          0.0000        0.0000    
 dummy44       0.0000        0.0000    
 dummy45       0.0000        0.0000    
 dummy46       0.0000        0.0000    
 dummy47       0.0000        0.0000    
 dummy48       0.0000        0.0000    
 dummy49       0.0000        0.0000    
 bcdmsh2      0.97003       0.48527E-02
 bcdmsd2      0.98991       0.58563E-02
 ccfr          1.0000        0.0000    
 nutev         1.0000        0.0000    
 zeus         0.97998        0.0000    
 h1            1.0162        0.0000    
 e605          1.0319        0.0000    
 NmcH2         1.0064       0.71365E-02
 ntv_nu        1.0000        0.0000    
 ntv_nubar     1.0000        0.0000    
 cdf_jet      0.98910        0.0000    
 d0_jet       0.83504        0.0000    
 slac_p        1.0019       0.50337E-02
 slac_d        1.0013       0.53203E-02
 e866pp       0.98120       0.20066E-01
 e866pd       0.97056       0.16459E-01
 d0_gamjet     1.0359       0.16487E-01
 h1b          0.97608        0.0000    
 jlab_p       0.99060       0.62851E-02
 jlab_d       0.97449       0.60321E-02
 blank         1.0000        0.0000    
 d0run2       0.94440       0.14244E-01
 cdfrun2      0.93099       0.17333E-01
 HERA_el       1.0000        0.0000    
 HERA_ps       1.0000        0.0000    
 CDF_Z        0.95994       0.66548E-02
 NmcRat        1.0000        0.0000    
 BNS_F2nd     0.98454       0.12179E-01
 HERMES_F2p   0.99585       0.56740E-02
 HERMES_F2d   0.97749       0.58525E-02
 END 0. 0.

 # Hessian matrix (Bevington alpha)
   0.51985524863211E+07 -0.13321888584955E+07  0.19515575630727E+06  0.50579425475864E+06 -0.12812839172383E+06 -0.29100211507527E+05  0.53235229542565E+05  0.99029067208645E+06 -0.18534743109708E+06 -0.50162525717182E+05  0.72862548573625E+04  0.15589611462093E+05  0.17486693597989E+04 -0.11323601708597E+03  0.98440487863404E+04 -0.21864581587912E+04  0.10762986574348E+05  0.76801599175599E+04 -0.77503773380614E+07 -0.11839945559120E+04  0.38745009091620E+07  0.34495799767420E+05  0.12178487046577E+06  0.21893837848730E+06  0.11871694966741E+05  0.46306954065503E+05  0.23787218909995E+06 -0.13228936560538E+06 -0.56109710763878E+05 -0.52875733822593E+04 -0.86906079410256E+06 -0.11263689380140E+07 -0.20929454276146E+05 -0.47611429148668E+05 -0.32104713946561E+04 -0.20502879021163E+06 -0.23104459434911E+06 -0.92432581557123E+04 -0.32630377096950E+04 -0.18016085531525E+05  0.17128348585695E+05 -0.74386569320721E+05 -0.58668962804826E+05
  -0.13321888584955E+07  0.41655634219654E+06 -0.51084028465281E+05 -0.13765154418286E+06  0.34569379985380E+05  0.10520825767483E+05 -0.11141974842774E+05 -0.12557417922630E+06  0.26591918061015E+05  0.73887116981847E+04 -0.87437748450476E+03 -0.12170903709963E+04 -0.14124650951166E+03  0.13552864453296E+02  0.62496876753447E+03 -0.50653951830123E+02  0.12105608274278E+03  0.68041268537538E+02  0.25910458819715E+07  0.49822653682650E+03 -0.11098748184779E+07 -0.68344340498899E+04 -0.27782043562974E+05 -0.55967046751551E+05 -0.27202599906866E+04 -0.11516340818357E+05 -0.65157723643706E+05  0.16797900741267E+05  0.82940372695362E+04 -0.19068313629599E+03  0.21066250707856E+06  0.26591602165908E+06  0.57330337138994E+04  0.13211763987332E+05  0.42324254535912E+03  0.63933401073221E+05  0.71511004430850E+05  0.24408814251813E+04  0.77289019660387E+03 -0.22139094663542E+04 -0.22573824241310E+04  0.86905006053415E+04  0.72990856389019E+04
   0.19515575630727E+06 -0.51084028465281E+05  0.73794442670620E+04  0.18783952507840E+05 -0.48707891219235E+04 -0.13396613600463E+04  0.19178924728574E+04  0.28064173280563E+05 -0.51101719574947E+04 -0.16646661283101E+04  0.20980498103925E+03  0.42254889426928E+03  0.53790000647016E+02 -0.43374130852509E+01 -0.27254994934445E+03 -0.84220776183655E+01 -0.12026943588054E+03 -0.90131631541270E+00 -0.29823063677370E+06 -0.46872533111350E+02  0.14695942646347E+06  0.12632592882084E+04  0.44671558895097E+04  0.81650833795748E+04  0.43817720781817E+03  0.17170698118875E+04  0.89571327934873E+04 -0.46795005885535E+04 -0.19860208214487E+04  0.17471060388348E+02 -0.31881647193502E+05 -0.41498748896125E+05 -0.79738062026525E+03 -0.18208770754480E+04 -0.10094240937411E+03 -0.79177403386413E+04 -0.89049346464265E+04 -0.34695229043474E+03 -0.12125377233755E+03 -0.64922928539668E+02  0.61065286558783E+03 -0.22229678800391E+04 -0.17943343706975E+04
   0.50579425475864E+06 -0.13765154418286E+06  0.18783952507840E+05  0.40110597647054E+06 -0.62370666440988E+05  0.73719531441023E+05  0.63692566766215E+05  0.36224713092671E+06 -0.27463432907481E+05 -0.18353800377799E+05  0.31753389035400E+04 -0.13939014471755E+04 -0.15139880710979E+03  0.59418141834163E+02  0.30972868710497E+05 -0.37689473193328E+04  0.25331996325135E+05  0.14218641322927E+05 -0.22580073386285E+07 -0.14041485492709E+03  0.10770081250710E+07  0.12616025625198E+05  0.37203460029889E+05  0.88074390477435E+05  0.40444432957091E+04  0.14724762443218E+05  0.65841502132379E+05 -0.12884011112314E+05 -0.21354040757379E+05 -0.73724040451532E+02 -0.66410332024022E+05 -0.34488465915560E+06 -0.13783791129386E+04 -0.25010968169879E+04 -0.71626986923845E+02 -0.11793246365493E+05 -0.53216279422090E+05 -0.24843363358108E+04 -0.96578000568022E+03 -0.98448413526326E+04 -0.15811858298974E+05 -0.72681896139490E+04 -0.21541708121554E+05
  -0.12812839172383E+06  0.34569379985380E+05 -0.48707891219235E+04 -0.62370666440988E+05  0.11446382141896E+05 -0.73932777312699E+04 -0.90747526677042E+04 -0.33269715197759E+05  0.46387393675633E+03  0.23619394690614E+04 -0.31652145925914E+03 -0.23500332324946E+02  0.49696896259837E+01 -0.53232236746931E+01 -0.26026850310160E+04  0.32164237968521E+03 -0.20740803385793E+04 -0.11798167945644E+04  0.48300875025575E+06  0.50344802791039E+02 -0.22150016181789E+06 -0.23415274714565E+04 -0.69237619888996E+04 -0.16907138059853E+05 -0.70453043232163E+03 -0.26288637212690E+04 -0.12936902042528E+05  0.20001048219549E+04  0.33633211175280E+04 -0.56470964670400E+02  0.11796033965523E+05  0.62581012478944E+05  0.32255017921372E+03  0.56537805520731E+03  0.90789700874232E+01  0.29020894187638E+04  0.12906576307902E+05  0.46655755950363E+03  0.17297229374868E+03  0.37133976431674E+03  0.24990411266115E+04  0.81571341694121E+03  0.25169565020039E+04
  -0.29100211507527E+05  0.10520825767483E+05 -0.13396613600463E+04  0.73719531441023E+05 -0.73932777312699E+04  0.24031810072082E+05  0.14361931594413E+05  0.10981360895605E+06 -0.10265401660426E+05 -0.45520186705212E+04  0.94376770039436E+03 -0.71300276510959E+03 -0.67309323526677E+02  0.20054638465910E+02  0.94258409244193E+04 -0.11775461736700E+04  0.78107079859246E+04  0.44479178885372E+04 -0.44434700629702E+05  0.61380107493648E+02  0.58385875578673E+05  0.13969409486370E+04  0.39539067160443E+04  0.78463178331933E+04  0.56978846838333E+03  0.18550979589817E+04  0.49733156736930E+04 -0.27204530767064E+04 -0.41770256851815E+04  0.14840919645984E+03 -0.83837143539538E+04 -0.40948850994133E+05  0.13458807654411E+02 -0.87312238472863E+01 -0.18760916406034E+02  0.46086404544909E+03  0.17324910819093E+04 -0.24426083476203E+03 -0.12602344722862E+03 -0.31480954878461E+04 -0.32244858920300E+04 -0.18491902345276E+04 -0.53110662937671E+04
   0.53235229542565E+05 -0.11141974842774E+05  0.19178924728574E+04  0.63692566766215E+05 -0.90747526677042E+04  0.14361931594413E+05  0.11191905544181E+05  0.60521880114661E+05 -0.33640054800123E+04 -0.32428857532621E+04  0.54771263841157E+03 -0.23026230589042E+03 -0.26998939775796E+02  0.10557959468041E+02  0.48469991011683E+04 -0.61418110945897E+03  0.39043701688636E+04  0.22520208138184E+04 -0.23718777259440E+06  0.10729964068117E+02  0.13491995966454E+06  0.18581310267616E+04  0.53339153188907E+04  0.12026459018211E+05  0.63812329228399E+03  0.21944731521040E+04  0.85851312574704E+04 -0.24497664813969E+04 -0.38406291629413E+04  0.13548095073824E+03 -0.97851306207803E+04 -0.51017018737003E+05 -0.15502092809840E+03 -0.27371641684605E+03 -0.13144813788223E+02 -0.97785972066113E+03 -0.45694467511640E+04 -0.35326001597923E+03 -0.14930976252088E+03 -0.13363474727350E+04 -0.30859103144614E+04 -0.11431709314606E+04 -0.34027220637343E+04
   0.99029067208645E+06 -0.12557417922630E+06  0.28064173280563E+05  0.36224713092671E+06 -0.33269715197759E+05  0.10981360895605E+06  0.60521880114661E+05  0.53878963127871E+07 -0.24100212434638E+07 -0.89566164867574E+05  0.25933004726218E+05  0.27013629145689E+05  0.18249998027998E+04  0.11231539989025E+03  0.89212193765541E+05 -0.11332197822162E+05  0.84239180369490E+05  0.45615878890132E+05 -0.58155821174838E+06  0.43481495845716E+03  0.44504111737737E+06  0.17669368418440E+05  0.58166051623381E+05  0.92408540312507E+05  0.63538283038801E+04  0.23186293502079E+05  0.68283682127235E+05 -0.63091609181252E+05 -0.50713727712283E+05 -0.70225210404931E+05 -0.29552597116912E+06 -0.58095960085998E+06 -0.73795050909416E+05 -0.16665986500648E+06 -0.14073973668265E+04 -0.56657327307301E+04 -0.11141887165226E+05  0.23180269630791E+03  0.24793561393285E+03 -0.27453349395438E+06 -0.87404967493153E+04 -0.14446228698801E+06 -0.17861530986402E+06
  -0.18534743109708E+06  0.26591918061015E+05 -0.51101719574947E+04 -0.27463432907481E+05  0.46387393675633E+03 -0.10265401660426E+05 -0.33640054800123E+04 -0.24100212434638E+07  0.19303097521211E+07  0.19518392564905E+05 -0.64025885286772E+04 -0.56821067771332E+04 -0.31420517380962E+03 -0.16197122625919E+02  0.48116542734305E+05 -0.22260512625600E+04  0.14885515390602E+05  0.71300824093041E+04 -0.26575886358943E+05 -0.96781284493326E+02 -0.50874999497406E+04 -0.33971051002582E+04 -0.11813820431365E+05 -0.17221836564552E+05 -0.12815957093600E+04 -0.48639034457069E+04 -0.12461920708897E+05  0.11573144769088E+05  0.10971296970700E+05  0.24690527413076E+05  0.67150514367412E+05  0.12769838558137E+06  0.22864952719058E+05  0.51738600376680E+05  0.18979783813088E+03  0.59846604408842E+03  0.12106563571795E+04 -0.12468286205105E+04 -0.69230646783524E+03  0.11319221611264E+06  0.15625741044369E+04  0.45254107395872E+05  0.55430740836161E+05
  -0.50162525717182E+05  0.73887116981847E+04 -0.16646661283101E+04 -0.18353800377799E+05  0.23619394690614E+04 -0.45520186705212E+04 -0.32428857532621E+04 -0.89566164867574E+05  0.19518392564905E+05  0.26665567635703E+04 -0.61315329193234E+03 -0.67218082023327E+03 -0.59595883281815E+02 -0.20165873225307E+01 -0.40354999919929E+04  0.49342747794139E+03 -0.33300598322236E+04 -0.18860489087640E+04  0.56050115038564E+05 -0.12297434385341E+02 -0.40015768195775E+05 -0.79746635586596E+03 -0.24619961971261E+04 -0.43322641783489E+04 -0.27074348059520E+03 -0.94837790429128E+03 -0.33308115231452E+04  0.27567429522340E+04  0.19055947252136E+04  0.73729437659138E+03  0.11036635982310E+05  0.22931694420531E+05  0.14949114563422E+04  0.33129404729137E+04  0.43739773745471E+02  0.55289250638738E+03  0.10505371103240E+04  0.13006258242464E+03  0.58005560114128E+02  0.31454907802076E+04  0.43425929927968E+03  0.28395680769301E+04  0.35953409989471E+04
   0.72862548573625E+04 -0.87437748450476E+03  0.20980498103925E+03  0.31753389035400E+04 -0.31652145925914E+03  0.94376770039436E+03  0.54771263841157E+03  0.25933004726218E+05 -0.64025885286772E+04 -0.61315329193234E+03  0.16539208302325E+03  0.18833928593929E+03  0.13734217654908E+02  0.74905534903888E+00  0.12202418360413E+04 -0.13525515743177E+03  0.97247861955846E+03  0.52916552824266E+03 -0.59490198318390E+04  0.30010815507937E+01  0.41499099049310E+04  0.12622877538867E+03  0.40816988929891E+03  0.66621899643930E+03  0.44687584310307E+02  0.16077198073252E+03  0.49465802532817E+03 -0.45982942967464E+03 -0.34774629619369E+03 -0.33303363263140E+03 -0.19859199127676E+04 -0.39520326827481E+04 -0.41467031582938E+03 -0.93653356381408E+03 -0.10750018568912E+02 -0.44332243754459E+02 -0.87027301664896E+02 -0.13146516328709E+02 -0.61922828944922E+01 -0.11286444098560E+04 -0.63589995186053E+02 -0.80980217138729E+03 -0.10082912489516E+04
   0.15589611462093E+05 -0.12170903709963E+04  0.42254889426928E+03 -0.13939014471755E+04 -0.23500332324946E+02 -0.71300276510959E+03 -0.23026230589042E+03  0.27013629145689E+05 -0.56821067771332E+04 -0.67218082023327E+03  0.18833928593929E+03  0.16243479920831E+04  0.10782816799896E+03 -0.95938454179737E+00  0.13990932524948E+04 -0.19621817172798E+03  0.14065785524575E+04  0.81427994374650E+03 -0.61479584845086E+04 -0.48652860991822E+01  0.20343115759623E+04  0.13734126165861E+02  0.19566372730713E+03 -0.36572251856486E+03 -0.22150072931383E+02 -0.91736810166604E+02 -0.20450597792577E+03 -0.11285260561733E+04 -0.10560853373555E+00 -0.70168210166496E+03 -0.50445730453470E+04 -0.22963708072100E+02 -0.22895063512814E+04 -0.69778989971033E+02 -0.78770916380495E+02 -0.20441928395669E+00  0.32733407895425E-02 -0.17281405414213E+01 -0.73987242328139E+00  0.30411972866907E+03  0.30602310107655E+03 -0.27167933863743E+04 -0.65336729224481E+01
   0.17486693597989E+04 -0.14124650951166E+03  0.53790000647016E+02 -0.15139880710979E+03  0.49696896259837E+01 -0.67309323526677E+02 -0.26998939775796E+02  0.18249998027998E+04 -0.31420517380962E+03 -0.59595883281815E+02  0.13734217654908E+02  0.10782816799896E+03  0.97397225170299E+01 -0.17683954609215E+00  0.78088824947401E+02 -0.13145717575579E+02  0.83240684452702E+02  0.52512226031378E+02 -0.29419666018224E+03 -0.42823543119722E+00 -0.77894801181139E+02  0.31510147992669E+01  0.24360526303294E+02 -0.42943208614891E+02 -0.25105149969886E+01 -0.94459142637983E+01 -0.18280657711124E+02 -0.16611516989169E+03 -0.13502160591308E-01 -0.27580861996751E+02 -0.59294279689687E+03 -0.25764033962687E+01 -0.14400067503158E+03 -0.18296166731807E+02 -0.63895543603703E+01 -0.14606359125918E+00  0.22166257060195E-02 -0.18255644588606E+00 -0.70842724049250E-01  0.29785975928399E+02  0.68394102350238E+02 -0.19654960886730E+03 -0.49878890754024E+00
  -0.11323601708597E+03  0.13552864453296E+02 -0.43374130852509E+01  0.59418141834163E+02 -0.53232236746931E+01  0.20054638465910E+02  0.10557959468041E+02  0.11231539989025E+03 -0.16197122625919E+02 -0.20165873225307E+01  0.74905534903888E+00 -0.95938454179737E+00 -0.17683954609215E+00  0.59432907132904E-01  0.15849048352596E+02 -0.12439150743863E+01  0.98484569866236E+01  0.46616666098107E+01 -0.86932372191058E+02  0.31953458771057E-01  0.76554454391554E+02  0.37667062211706E+00  0.98438761562608E+00  0.34275021619565E+01  0.14438674089041E+00  0.46785160379288E+00  0.22749446836239E+01  0.73518138612719E-01 -0.49259501270463E-04 -0.68861018701795E+01 -0.10613692251881E+01 -0.39205451935967E-02 -0.39454958769378E+01 -0.33467800913364E-04 -0.16271919044562E+00 -0.12129834695236E-13 -0.36265938739242E-11 -0.19689584868766E-02 -0.10777169879205E-02 -0.16059022190427E+01  0.10972176580273E-03 -0.38807650976248E+01 -0.66426403678253E-02
   0.98440487863404E+04  0.62496876753447E+03 -0.27254994934445E+03  0.30972868710497E+05 -0.26026850310160E+04  0.94258409244193E+04  0.48469991011683E+04  0.89212193765541E+05  0.48116542734305E+05 -0.40354999919929E+04  0.12202418360413E+04  0.13990932524948E+04  0.78088824947401E+02  0.15849048352596E+02  0.49610322553337E+05 -0.46200292518143E+04  0.33848450798436E+05  0.17648600374330E+05 -0.54864189150749E+05  0.14779472602178E+01 -0.13116657368427E+05 -0.13623333214554E+03 -0.42253368672668E+03 -0.42412470205521E+03 -0.44310159384619E+02 -0.15325901284518E+03 -0.42676748095687E+03 -0.27001263917007E+04 -0.17736805139377E+04 -0.24839021497292E+04  0.20108078205825E+04  0.43361997282749E+04 -0.14800568910383E+04 -0.29349137060722E+04 -0.72710318447386E+03  0.23694063875134E+03  0.42552408295890E+03 -0.28665737805213E+04 -0.15227069655853E+04 -0.24030897526730E+04  0.19191494449287E+03 -0.89160563572621E+03 -0.10062285528188E+04
  -0.21864581587912E+04 -0.50653951830123E+02 -0.84220776183655E+01 -0.37689473193328E+04  0.32164237968521E+03 -0.11775461736700E+04 -0.61418110945897E+03 -0.11332197822162E+05 -0.22260512625600E+04  0.49342747794139E+03 -0.13525515743177E+03 -0.19621817172798E+03 -0.13145717575579E+02 -0.12439150743863E+01 -0.46200292518143E+04  0.50053938036640E+03 -0.35733245973744E+04 -0.19403776104776E+04  0.64365620343198E+04 -0.77320119208768E+00  0.20205573072619E+04  0.14427558923463E+02  0.40070573642247E+02  0.25737652115045E+02  0.43132534682997E+01  0.14401535842121E+02  0.47614788283727E+02  0.49846767783760E+03  0.31268386323646E+03  0.28717233595756E+03 -0.16526844730971E+03 -0.49904863053336E+03  0.15365448182501E+03  0.30361500690485E+03  0.80550438468616E+02 -0.63628640994227E+02 -0.11275534998890E+03  0.43656459970260E+03  0.21599966495148E+03 -0.30315952941349E+03 -0.34622022906974E+02  0.24981018311221E+03  0.28016551617927E+03
   0.10762986574348E+05  0.12105608274278E+03 -0.12026943588054E+03  0.25331996325135E+05 -0.20740803385793E+04  0.78107079859246E+04  0.39043701688636E+04  0.84239180369490E+05  0.14885515390602E+05 -0.33300598322236E+04  0.97247861955846E+03  0.14065785524575E+04  0.83240684452702E+02  0.98484569866236E+01  0.33848450798436E+05 -0.35733245973744E+04  0.26066526043875E+05  0.13969769110929E+05 -0.45208887834204E+05 -0.29026047252436E+00 -0.12365293347251E+05 -0.15272384622487E+03 -0.45680340274401E+03 -0.50964791585534E+03 -0.51344511865236E+02 -0.16627217291341E+03 -0.43005004822265E+03 -0.23730965829998E+04 -0.15451395538772E+04 -0.23876921037168E+04  0.20522609659754E+04  0.42469812793822E+04 -0.11889538810929E+04 -0.23645338718009E+04 -0.57633781783631E+03  0.59312914029109E+02  0.11784564462851E+03 -0.24000473705872E+04 -0.12995299219811E+04  0.10222022665439E+04  0.19862187041920E+03 -0.14809083891788E+04 -0.16490822722333E+04
   0.76801599175599E+04  0.68041268537538E+02 -0.90131631541270E+00  0.14218641322927E+05 -0.11798167945644E+04  0.44479178885372E+04  0.22520208138184E+04  0.45615878890132E+05  0.71300824093041E+04 -0.18860489087640E+04  0.52916552824266E+03  0.81427994374650E+03  0.52512226031378E+02  0.46616666098107E+01  0.17648600374330E+05 -0.19403776104776E+04  0.13969769110929E+05  0.75945523001201E+04 -0.25179583392910E+05  0.10932060281352E+01 -0.77314989856854E+04 -0.82288362097951E+02 -0.23282969837351E+03 -0.23184626125420E+03 -0.26921908614843E+02 -0.84636972613973E+02 -0.22984332479483E+03 -0.16910574721673E+04 -0.10670790739272E+04 -0.12029336870060E+04  0.96531651290209E+03  0.23378365546039E+04 -0.60299948316944E+03 -0.12003406335024E+04 -0.31794465710688E+03  0.91721839652014E+02  0.17067614409475E+03 -0.15555104753688E+04 -0.80759093023579E+03  0.12606453432016E+04  0.14258279218689E+03 -0.10497168051283E+04 -0.11687089370789E+04
  -0.77503773380614E+07  0.25910458819715E+07 -0.29823063677370E+06 -0.22580073386285E+07  0.48300875025575E+06 -0.44434700629702E+05 -0.23718777259440E+06 -0.58155821174838E+06 -0.26575886358943E+05  0.56050115038564E+05 -0.59490198318390E+04 -0.61479584845086E+04 -0.29419666018224E+03 -0.86932372191058E+02 -0.54864189150749E+05  0.64365620343198E+04 -0.45208887834204E+05 -0.25179583392910E+05  0.33240812385529E+08  0.57820355501774E+04 -0.12451360977205E+08 -0.10192586104432E+06 -0.33123648177404E+06 -0.87018115869826E+06 -0.28535447266833E+05 -0.12284451334775E+06 -0.70624045886917E+06  0.34071928826967E+05  0.75726052827781E+05 -0.11879365828444E+04  0.56462025556634E+06  0.27736028504714E+07  0.17119934646608E+05  0.31342709690085E+05  0.21432326656861E+03  0.18387246198261E+06  0.80964174450825E+06  0.24294262825933E+05  0.76461989356029E+04 -0.18325664725758E+05  0.44332458643190E+05  0.20543198580163E+05  0.63839704492257E+05
  -0.11839945559120E+04  0.49822653682650E+03 -0.46872533111350E+02 -0.14041485492709E+03  0.50344802791039E+02  0.61380107493648E+02  0.10729964068117E+02  0.43481495845716E+03 -0.96781284493326E+02 -0.12297434385341E+02  0.30010815507937E+01 -0.48652860991822E+01 -0.42823543119722E+00  0.31953458771057E-01  0.14779472602178E+01 -0.77320119208768E+00 -0.29026047252436E+00  0.10932060281352E+01  0.57820355501774E+04  0.21015610612777E+01 -0.22243976749934E+04 -0.12262611828439E+02 -0.42712620378232E+02 -0.13667655900181E+03 -0.14209010339208E+01 -0.12048298247594E+02 -0.10801802829620E+03  0.00000000000000E+00 -0.32221153445662E+02  0.00000000000000E+00  0.00000000000000E+00  0.27798772986627E+03  0.00000000000000E+00 -0.63136317616417E+01  0.00000000000000E+00  0.00000000000000E+00  0.19165942352389E+03  0.00000000000000E+00  0.00000000000000E+00  0.00000000000000E+00  0.16651058817810E+02  0.00000000000000E+00 -0.32780106566311E+02
   0.38745009091620E+07 -0.11098748184779E+07  0.14695942646347E+06  0.10770081250710E+07 -0.22150016181789E+06  0.58385875578673E+05  0.13491995966454E+06  0.44504111737737E+06 -0.50874999497406E+04 -0.40015768195775E+05  0.41499099049310E+04  0.20343115759623E+04 -0.77894801181139E+02  0.76554454391554E+02 -0.13116657368427E+05  0.20205573072619E+04 -0.12365293347251E+05 -0.77314989856854E+04 -0.12451360977205E+08 -0.22243976749934E+04  0.81410819987862E+07  0.84241721886609E+05  0.24714807281582E+06  0.65426523170604E+06  0.23499310671869E+05  0.90368758299930E+05  0.48140044558103E+06  0.00000000000000E+00 -0.80836082619844E+05  0.00000000000000E+00  0.00000000000000E+00 -0.20031760118991E+07  0.00000000000000E+00  0.19210113161622E+05  0.00000000000000E+00  0.00000000000000E+00 -0.41747818386842E+06  0.00000000000000E+00  0.00000000000000E+00  0.00000000000000E+00  0.60127271281289E+05  0.00000000000000E+00 -0.67315819029548E+05
   0.34495799767420E+05 -0.68344340498899E+04  0.12632592882084E+04  0.12616025625198E+05 -0.23415274714565E+04  0.13969409486370E+04  0.18581310267616E+04  0.17669368418440E+05 -0.33971051002582E+04 -0.79746635586596E+03  0.12622877538867E+03  0.13734126165861E+02  0.31510147992669E+01  0.37667062211706E+00 -0.13623333214554E+03  0.14427558923463E+02 -0.15272384622487E+03 -0.82288362097951E+02 -0.10192586104432E+06 -0.12262611828439E+02  0.84241721886609E+05  0.11759499228926E+04  0.32318095486898E+04  0.81745353343394E+04  0.31027901903335E+03  0.11195402807387E+04  0.54797345262258E+04 -0.46493230264017E+02 -0.13163253473242E+04  0.42986712949408E+01  0.58404567824677E+03 -0.25964497629559E+05  0.00000000000000E+00 -0.85118931675684E+02  0.00000000000000E+00  0.20619044121743E+04 -0.31115113116895E+04  0.00000000000000E+00  0.00000000000000E+00  0.00000000000000E+00  0.12322665907596E+04 -0.30887592464477E+03 -0.16638763193342E+04
   0.12178487046577E+06 -0.27782043562974E+05  0.44671558895097E+04  0.37203460029889E+05 -0.69237619888996E+04  0.39539067160443E+04  0.53339153188907E+04  0.58166051623381E+05 -0.11813820431365E+05 -0.24619961971261E+04  0.40816988929891E+03  0.19566372730713E+03  0.24360526303294E+02  0.98438761562608E+00 -0.42253368672668E+03  0.40070573642247E+02 -0.45680340274401E+03 -0.23282969837351E+03 -0.33123648177404E+06 -0.42712620378232E+02  0.24714807281582E+06  0.32318095486898E+04  0.93275579167264E+04  0.22549050226300E+05  0.88269845824423E+03  0.32507785008713E+04  0.15979408363972E+05 -0.15271504138136E+03 -0.34865084865123E+04 -0.18829024168096E+02 -0.58269136271100E+04 -0.75259628286585E+05  0.00000000000000E+00 -0.22435650685437E+03  0.00000000000000E+00  0.30690859404385E+04 -0.10348046615339E+05  0.00000000000000E+00  0.00000000000000E+00  0.00000000000000E+00  0.35833439418092E+04 -0.17836093251245E+04 -0.49510675510424E+04
   0.21893837848730E+06 -0.55967046751551E+05  0.81650833795748E+04  0.88074390477435E+05 -0.16907138059853E+05  0.78463178331933E+04  0.12026459018211E+05  0.92408540312507E+05 -0.17221836564552E+05 -0.43322641783489E+04  0.66621899643930E+03 -0.36572251856486E+03 -0.42943208614891E+02  0.34275021619565E+01 -0.42412470205521E+03  0.25737652115045E+02 -0.50964791585534E+03 -0.23184626125420E+03 -0.87018115869826E+06 -0.13667655900181E+03  0.65426523170604E+06  0.81745353343394E+04  0.22549050226300E+05  0.64184018115340E+05  0.22181501434276E+04  0.82375987785117E+04  0.41719202662446E+05  0.23752837532896E+03 -0.10935845727231E+05 -0.44684032981246E+01  0.37330897318027E+05 -0.18363980481545E+06  0.00000000000000E+00 -0.72116839351886E+03  0.00000000000000E+00  0.16317621402755E+05 -0.27318979178657E+05  0.00000000000000E+00  0.00000000000000E+00  0.00000000000000E+00  0.59651132907106E+04  0.14796530907937E+04 -0.11602619878499E+05
   0.11871694966741E+05 -0.27202599906866E+04  0.43817720781817E+03  0.40444432957091E+04 -0.70453043232163E+03  0.56978846838333E+03  0.63812329228399E+03  0.63538283038801E+04 -0.12815957093600E+04 -0.27074348059520E+03  0.44687584310307E+02 -0.22150072931383E+02 -0.25105149969886E+01  0.14438674089041E+00 -0.44310159384619E+02  0.43132534682997E+01 -0.51344511865236E+02 -0.26921908614843E+02 -0.28535447266833E+05 -0.14209010339208E+01  0.23499310671869E+05  0.31027901903335E+03  0.88269845824423E+03  0.22181501434276E+04  0.10549201091892E+03  0.36931417739027E+03  0.15704438194586E+04  0.00000000000000E+00 -0.41719449520875E+03  0.00000000000000E+00  0.00000000000000E+00 -0.84002142750665E+04  0.00000000000000E+00 -0.26630859375710E+02  0.00000000000000E+00  0.00000000000000E+00 -0.54674758505226E+03  0.00000000000000E+00  0.00000000000000E+00  0.00000000000000E+00  0.11797916465402E+02  0.00000000000000E+00 -0.63754366548746E+03
   0.46306954065503E+05 -0.11516340818357E+05  0.17170698118875E+04  0.14724762443218E+05 -0.26288637212690E+04  0.18550979589817E+04  0.21944731521040E+04  0.23186293502079E+05 -0.48639034457069E+04 -0.94837790429128E+03  0.16077198073252E+03 -0.91736810166604E+02 -0.94459142637983E+01  0.46785160379288E+00 -0.15325901284518E+03  0.14401535842121E+02 -0.16627217291341E+03 -0.84636972613973E+02 -0.12284451334775E+06 -0.12048298247594E+02  0.90368758299930E+05  0.11195402807387E+04  0.32507785008713E+04  0.82375987785117E+04  0.36931417739027E+03  0.13514512000025E+04  0.58985154633244E+04  0.00000000000000E+00 -0.13264962143797E+04  0.00000000000000E+00  0.00000000000000E+00 -0.30298638219586E+05  0.00000000000000E+00 -0.84312130388236E+02  0.00000000000000E+00  0.00000000000000E+00 -0.34459084123820E+04  0.00000000000000E+00  0.00000000000000E+00  0.00000000000000E+00 -0.38583195435077E+02  0.00000000000000E+00 -0.23385982035808E+04
   0.23787218909995E+06 -0.65157723643706E+05  0.89571327934873E+04  0.65841502132379E+05 -0.12936902042528E+05  0.49733156736930E+04  0.85851312574704E+04  0.68283682127235E+05 -0.12461920708897E+05 -0.33308115231452E+04  0.49465802532817E+03 -0.20450597792577E+03 -0.18280657711124E+02  0.22749446836239E+01 -0.42676748095687E+03  0.47614788283727E+02 -0.43005004822265E+03 -0.22984332479483E+03 -0.70624045886917E+06 -0.10801802829620E+03  0.48140044558103E+06  0.54797345262258E+04  0.15979408363972E+05  0.41719202662446E+05  0.15704438194586E+04  0.58985154633244E+04  0.30918682812626E+05  0.00000000000000E+00 -0.75040032314051E+04  0.00000000000000E+00  0.00000000000000E+00 -0.13063022434760E+06  0.00000000000000E+00 -0.49490342404892E+03  0.00000000000000E+00  0.00000000000000E+00 -0.21660490569450E+05  0.00000000000000E+00  0.00000000000000E+00  0.00000000000000E+00  0.80043053905916E+04  0.00000000000000E+00 -0.79808721419474E+04
  -0.13228936560538E+06  0.16797900741267E+05 -0.46795005885535E+04 -0.12884011112314E+05  0.20001048219549E+04 -0.27204530767064E+04 -0.24497664813969E+04 -0.63091609181252E+05  0.11573144769088E+05  0.27567429522340E+04 -0.45982942967464E+03 -0.11285260561733E+04 -0.16611516989169E+03  0.73518138612719E-01 -0.27001263917007E+04  0.49846767783760E+03 -0.23730965829998E+04 -0.16910574721673E+04  0.34071928826967E+05  0.00000000000000E+00  0.00000000000000E+00 -0.46493230264017E+02 -0.15271504138136E+03  0.23752837532896E+03  0.00000000000000E+00  0.00000000000000E+00  0.00000000000000E+00  0.11696858189763E+06  0.00000000000000E+00  0.00000000000000E+00  0.00000000000000E+00  0.00000000000000E+00  0.00000000000000E+00  0.00000000000000E+00  0.00000000000000E+00  0.00000000000000E+00  0.00000000000000E+00  0.00000000000000E+00  0.00000000000000E+00  0.00000000000000E+00  0.00000000000000E+00  0.00000000000000E+00  0.00000000000000E+00
  -0.56109710763878E+05  0.82940372695362E+04 -0.19860208214487E+04 -0.21354040757379E+05  0.33633211175280E+04 -0.41770256851815E+04 -0.38406291629413E+04 -0.50713727712283E+05  0.10971296970700E+05  0.19055947252136E+04 -0.34774629619369E+03 -0.10560853373555E+00 -0.13502160591308E-01 -0.49259501270463E-04 -0.17736805139377E+04  0.31268386323646E+03 -0.15451395538772E+04 -0.10670790739272E+04  0.75726052827781E+05 -0.32221153445662E+02 -0.80836082619844E+05 -0.13163253473242E+04 -0.34865084865123E+04 -0.10935845727231E+05 -0.41719449520875E+03 -0.13264962143797E+04 -0.75040032314051E+04  0.00000000000000E+00  0.65012274426652E+05  0.00000000000000E+00  0.00000000000000E+00  0.00000000000000E+00  0.00000000000000E+00  0.00000000000000E+00  0.00000000000000E+00  0.00000000000000E+00  0.00000000000000E+00  0.00000000000000E+00  0.00000000000000E+00  0.00000000000000E+00  0.00000000000000E+00  0.00000000000000E+00  0.00000000000000E+00
  -0.52875733822593E+04 -0.19068313629599E+03  0.17471060388348E+02 -0.73724040451532E+02 -0.56470964670400E+02  0.14840919645984E+03  0.13548095073824E+03 -0.70225210404931E+05  0.24690527413076E+05  0.73729437659138E+03 -0.33303363263140E+03 -0.70168210166496E+03 -0.27580861996751E+02 -0.68861018701795E+01 -0.24839021497292E+04  0.28717233595756E+03 -0.23876921037168E+04 -0.12029336870060E+04 -0.11879365828444E+04  0.00000000000000E+00  0.00000000000000E+00  0.42986712949408E+01 -0.18829024168096E+02 -0.44684032981246E+01  0.00000000000000E+00  0.00000000000000E+00  0.00000000000000E+00  0.00000000000000E+00  0.00000000000000E+00  0.30768477150874E+05  0.00000000000000E+00  0.00000000000000E+00  0.00000000000000E+00  0.00000000000000E+00  0.00000000000000E+00  0.00000000000000E+00  0.00000000000000E+00  0.00000000000000E+00  0.00000000000000E+00  0.00000000000000E+00  0.00000000000000E+00  0.00000000000000E+00  0.00000000000000E+00
  -0.86906079410256E+06  0.21066250707856E+06 -0.31881647193502E+05 -0.66410332024022E+05  0.11796033965523E+05 -0.83837143539538E+04 -0.97851306207803E+04 -0.29552597116912E+06  0.67150514367412E+05  0.11036635982310E+05 -0.19859199127676E+04 -0.50445730453470E+04 -0.59294279689687E+03 -0.10613692251881E+01  0.20108078205825E+04 -0.16526844730971E+03  0.20522609659754E+04  0.96531651290209E+03  0.56462025556634E+06  0.00000000000000E+00  0.00000000000000E+00  0.58404567824677E+03 -0.58269136271100E+04  0.37330897318027E+05  0.00000000000000E+00  0.00000000000000E+00  0.00000000000000E+00  0.00000000000000E+00  0.00000000000000E+00  0.00000000000000E+00  0.58099069903930E+06  0.00000000000000E+00  0.00000000000000E+00  0.00000000000000E+00  0.00000000000000E+00  0.00000000000000E+00  0.00000000000000E+00  0.00000000000000E+00  0.00000000000000E+00  0.00000000000000E+00  0.00000000000000E+00  0.00000000000000E+00  0.00000000000000E+00
  -0.11263689380140E+07  0.26591602165908E+06 -0.41498748896125E+05 -0.34488465915560E+06  0.62581012478944E+05 -0.40948850994133E+05 -0.51017018737003E+05 -0.58095960085998E+06  0.12769838558137E+06  0.22931694420531E+05 -0.39520326827481E+04 -0.22963708072100E+02 -0.25764033962687E+01 -0.39205451935967E-02  0.43361997282749E+04 -0.49904863053336E+03  0.42469812793822E+04  0.23378365546039E+04  0.27736028504714E+07  0.27798772986627E+03 -0.20031760118991E+07 -0.25964497629559E+05 -0.75259628286585E+05 -0.18363980481545E+06 -0.84002142750665E+04 -0.30298638219586E+05 -0.13063022434760E+06  0.00000000000000E+00  0.00000000000000E+00  0.00000000000000E+00  0.00000000000000E+00  0.92233683015411E+06  0.00000000000000E+00  0.00000000000000E+00  0.00000000000000E+00  0.00000000000000E+00  0.00000000000000E+00  0.00000000000000E+00  0.00000000000000E+00  0.00000000000000E+00  0.00000000000000E+00  0.00000000000000E+00  0.00000000000000E+00
  -0.20929454276146E+05  0.57330337138994E+04 -0.79738062026525E+03 -0.13783791129386E+04  0.32255017921372E+03  0.13458807654411E+02 -0.15502092809840E+03 -0.73795050909416E+05  0.22864952719058E+05  0.14949114563422E+04 -0.41467031582938E+03 -0.22895063512814E+04 -0.14400067503158E+03 -0.39454958769378E+01 -0.14800568910383E+04  0.15365448182501E+03 -0.11889538810929E+04 -0.60299948316944E+03  0.17119934646608E+05  0.00000000000000E+00  0.00000000000000E+00  0.00000000000000E+00  0.00000000000000E+00  0.00000000000000E+00  0.00000000000000E+00  0.00000000000000E+00  0.00000000000000E+00  0.00000000000000E+00  0.00000000000000E+00  0.00000000000000E+00  0.00000000000000E+00  0.00000000000000E+00  0.14287827509508E+05  0.00000000000000E+00  0.00000000000000E+00  0.00000000000000E+00  0.00000000000000E+00  0.00000000000000E+00  0.00000000000000E+00  0.00000000000000E+00  0.00000000000000E+00  0.00000000000000E+00  0.00000000000000E+00
  -0.47611429148668E+05  0.13211763987332E+05 -0.18208770754480E+04 -0.25010968169879E+04  0.56537805520731E+03 -0.87312238472863E+01 -0.27371641684605E+03 -0.16665986500648E+06  0.51738600376680E+05  0.33129404729137E+04 -0.93653356381408E+03 -0.69778989971033E+02 -0.18296166731807E+02 -0.33467800913364E-04 -0.29349137060722E+04  0.30361500690485E+03 -0.23645338718009E+04 -0.12003406335024E+04  0.31342709690085E+05 -0.63136317616417E+01  0.19210113161622E+05 -0.85118931675684E+02 -0.22435650685437E+03 -0.72116839351886E+03 -0.26630859375710E+02 -0.84312130388236E+02 -0.49490342404892E+03  0.00000000000000E+00  0.00000000000000E+00  0.00000000000000E+00  0.00000000000000E+00  0.00000000000000E+00  0.00000000000000E+00  0.31417699770483E+05  0.00000000000000E+00  0.00000000000000E+00  0.00000000000000E+00  0.00000000000000E+00  0.00000000000000E+00  0.00000000000000E+00  0.00000000000000E+00  0.00000000000000E+00  0.00000000000000E+00
  -0.32104713946561E+04  0.42324254535912E+03 -0.10094240937411E+03 -0.71626986923845E+02  0.90789700874232E+01 -0.18760916406034E+02 -0.13144813788223E+02 -0.14073973668265E+04  0.18979783813088E+03  0.43739773745471E+02 -0.10750018568912E+02 -0.78770916380495E+02 -0.63895543603703E+01 -0.16271919044562E+00 -0.72710318447386E+03  0.80550438468616E+02 -0.57633781783631E+03 -0.31794465710688E+03  0.21432326656861E+03  0.00000000000000E+00  0.00000000000000E+00  0.00000000000000E+00  0.00000000000000E+00  0.00000000000000E+00  0.00000000000000E+00  0.00000000000000E+00  0.00000000000000E+00  0.00000000000000E+00  0.00000000000000E+00  0.00000000000000E+00  0.00000000000000E+00  0.00000000000000E+00  0.00000000000000E+00  0.00000000000000E+00  0.37981181757682E+04  0.00000000000000E+00  0.00000000000000E+00  0.00000000000000E+00  0.00000000000000E+00  0.00000000000000E+00  0.00000000000000E+00  0.00000000000000E+00  0.00000000000000E+00
  -0.20502879021163E+06  0.63933401073221E+05 -0.79177403386413E+04 -0.11793246365493E+05  0.29020894187638E+04  0.46086404544909E+03 -0.97785972066113E+03 -0.56657327307301E+04  0.59846604408842E+03  0.55289250638738E+03 -0.44332243754459E+02 -0.20441928395669E+00 -0.14606359125918E+00 -0.12129834695236E-13  0.23694063875134E+03 -0.63628640994227E+02  0.59312914029109E+02  0.91721839652014E+02  0.18387246198261E+06  0.00000000000000E+00  0.00000000000000E+00  0.20619044121743E+04  0.30690859404385E+04  0.16317621402755E+05  0.00000000000000E+00  0.00000000000000E+00  0.00000000000000E+00  0.00000000000000E+00  0.00000000000000E+00  0.00000000000000E+00  0.00000000000000E+00  0.00000000000000E+00  0.00000000000000E+00  0.00000000000000E+00  0.00000000000000E+00  0.10631917364081E+06  0.00000000000000E+00  0.00000000000000E+00  0.00000000000000E+00  0.00000000000000E+00  0.00000000000000E+00  0.00000000000000E+00  0.00000000000000E+00
  -0.23104459434911E+06  0.71511004430850E+05 -0.89049346464265E+04 -0.53216279422090E+05  0.12906576307902E+05  0.17324910819093E+04 -0.45694467511640E+04 -0.11141887165226E+05  0.12106563571795E+04  0.10505371103240E+04 -0.87027301664896E+02  0.32733407895425E-02  0.22166257060195E-02 -0.36265938739242E-11  0.42552408295890E+03 -0.11275534998890E+03  0.11784564462851E+03  0.17067614409475E+03  0.80964174450825E+06  0.19165942352389E+03 -0.41747818386842E+06 -0.31115113116895E+04 -0.10348046615339E+05 -0.27318979178657E+05 -0.54674758505226E+03 -0.34459084123820E+04 -0.21660490569450E+05  0.00000000000000E+00  0.00000000000000E+00  0.00000000000000E+00  0.00000000000000E+00  0.00000000000000E+00  0.00000000000000E+00  0.00000000000000E+00  0.00000000000000E+00  0.00000000000000E+00  0.13879534885237E+06  0.00000000000000E+00  0.00000000000000E+00  0.00000000000000E+00  0.00000000000000E+00  0.00000000000000E+00  0.00000000000000E+00
