# fitpack15: fit parameters                                                                         
# CJ15 AV18 final data choices                                                                      
# Created on 01/15/2020 at 22:36:20                                                                 

 # QCD setup
  INS                           0
  NVL                          11
  IORD                          1
  Q02                   1.6899999999999999     
  IPARAMC                       7
  FLAVOR                4.0000000000000000     
  xmc                   1.3000000000000000     
  xmb                   4.5000000000000000     
  ncb                          12
  ihq                           1
  ias                           0

 # Theory corrections
  inuke                     10814
  itmc                          1
  iht                           1

 # fit parameters
 LAMBDA       0.22680        0.0000    
 a0uv          1.9564        0.0000    
 a1uv         0.56874       0.23545E-01
 a2uv          3.5568       0.11692E-01
 a3uv          0.0000        0.0000    
 a4uv          4.5630       0.62883    
 a5uv          0.0000        0.0000    
 a0dv          25.121        0.0000    
 a1dv          1.1577       0.33092E-01
 a2dv          6.6303       0.15907    
 a3dv         -3.5618       0.84688E-01
 a4dv          4.7890       0.13924    
 a5dv          0.0000        0.0000    
 a0ud         0.14191       0.49816E-02
 a1ud        -0.21090       0.38204E-02
 a2ud          8.4259       0.18948    
 a3ud          0.0000        0.0000    
 a4ud          15.785        1.3055    
 a5ud          0.0000        0.0000    
 a0du          35712.        0.0000    
 a1du          4.0885       0.86248E-01
 a2du          20.137       0.96355    
 a3du          17.000        0.0000    
 a4du          54.124        12.180    
 a0g           47.357        0.0000    
 a1g          0.60966       0.32614E-01
 a2g           6.8030       0.96944    
 a3g          -3.3810       0.14727    
 a4g           3.3940       0.37649    
 a5g           0.0000        0.0000    
 kappa        0.40000        0.0000    
 a6dv        -0.39398E-02   0.67125E-03
 a7dv          2.0000        0.0000    
 off1         -2.5543        1.7981    
 off2         0.63128E-01   0.65497E-02
 ht1          -3.5512       0.34562    
 ht2           2.0797       0.12500    
 ht3          -2.0490       0.35563E-01
 ht4           0.0000        0.0000    
 ht1n         -3.7882        1.0615    
 ht2n          2.0234       0.34858    
 ht3n         -2.1321       0.69168E-01
 ht4n          0.0000        0.0000    
 dummy44       0.0000        0.0000    
 dummy45       0.0000        0.0000    
 dummy46       0.0000        0.0000    
 dummy47       0.0000        0.0000    
 dummy48       0.0000        0.0000    
 dummy49       0.0000        0.0000    
 bcdmsh2      0.97005       0.48554E-02
 bcdmsd2      0.99009       0.58553E-02
 ccfr          1.0000        0.0000    
 nutev         1.0000        0.0000    
 zeus         0.97998        0.0000    
 h1            1.0162        0.0000    
 e605          1.0319        0.0000    
 NmcH2         1.0066       0.71344E-02
 ntv_nu        1.0000        0.0000    
 ntv_nubar     1.0000        0.0000    
 cdf_jet      0.98910        0.0000    
 d0_jet       0.83504        0.0000    
 slac_p        1.0019       0.50421E-02
 slac_d        1.0013       0.53129E-02
 e866pp       0.98224       0.19946E-01
 e866pd       0.96968       0.16387E-01
 d0_gamjet     1.0364       0.16483E-01
 h1b          0.97608        0.0000    
 jlab_p       0.99052       0.62872E-02
 jlab_d       0.97478       0.60210E-02
 blank         1.0000        0.0000    
 d0run2       0.94502       0.14227E-01
 cdfrun2      0.93160       0.17324E-01
 HERA_el       1.0000        0.0000    
 HERA_ps       1.0000        0.0000    
 CDF_Z        0.95907       0.65951E-02
 NmcRat        1.0000        0.0000    
 BNS_F2nd     0.98319       0.12018E-01
 HERMES_F2p   0.99583       0.56762E-02
 HERMES_F2d   0.97756       0.58480E-02
 END 0. 0.

 # Hessian matrix (Bevington alpha)
   0.51965360254736E+07 -0.13318236556288E+07  0.19541054340509E+06  0.50536667741788E+06 -0.12784577482558E+06 -0.29712647990473E+05  0.53210326034880E+05  0.98941314515635E+06 -0.18395503776398E+06 -0.50190176267161E+05  0.73133235913195E+04  0.15288657418771E+05  0.17167374516702E+04 -0.10466896569871E+03  0.96986623905254E+04 -0.21643203607783E+04  0.10255338287219E+05  0.73809281916925E+04 -0.78624187808324E+07 -0.10874235964488E+04  0.21953502564085E+07  0.34197905121977E+05  0.12106589259073E+06  0.21716337532341E+06  0.11864311067146E+05  0.45708935020307E+05  0.23581427191912E+06 -0.13220887076494E+06 -0.56046458906964E+05 -0.52528803553457E+04 -0.86867449935211E+06 -0.11259861071814E+07 -0.20997114565587E+05 -0.47545771815661E+05 -0.32079384759546E+04 -0.20492280642347E+06 -0.23084221924487E+06 -0.92207072308259E+04 -0.32544006281091E+04 -0.18087271608388E+05  0.17209035411157E+05 -0.74353752827149E+05 -0.58639264963010E+05
  -0.13318236556288E+07  0.41648324929080E+06 -0.51160910278182E+05 -0.13761584772647E+06  0.34487744959737E+05  0.10703066804563E+05 -0.11110969518857E+05 -0.12551565555361E+06  0.26416722173630E+05  0.73993078035237E+04 -0.87811061985627E+03 -0.11946602007289E+04 -0.13878921277361E+03  0.12554172800726E+02  0.64945452312616E+03 -0.53722379168837E+02  0.14125899697519E+03  0.78305091962478E+02  0.26293322258749E+07  0.47151727566111E+03 -0.62924616564350E+06 -0.67623384445686E+04 -0.27630481597515E+05 -0.55610790342968E+05 -0.27582656473270E+04 -0.11403638435389E+05 -0.64581343719859E+05  0.16788004953816E+05  0.82850429753725E+04 -0.19578746076949E+03  0.21056914068972E+06  0.26583082418738E+06  0.57526651859876E+04  0.13196096480550E+05  0.42274300587404E+03  0.63906576349872E+05  0.71456258909020E+05  0.24356475876458E+04  0.77112360802529E+03 -0.22153277733011E+04 -0.22680372115072E+04  0.86851470446722E+04  0.72935047749083E+04
   0.19541054340509E+06 -0.51160910278182E+05  0.74017474713148E+04  0.18803229109792E+05 -0.48686665636612E+04 -0.13670426531706E+04  0.19194521676656E+04  0.28065632409838E+05 -0.50661264865246E+04 -0.16684500074870E+04  0.21095373791618E+03  0.41573655781165E+03  0.52910826134375E+02 -0.39692025391612E+01 -0.27864299490049E+03 -0.75158168282632E+01 -0.12806300083215E+03 -0.61369716627960E+01 -0.30309457961804E+06 -0.43301588420183E+02  0.83417224885203E+05  0.12541307795701E+04  0.44479057481010E+04  0.81137334282287E+04  0.43961199068253E+03  0.16993197814242E+04  0.88946584954059E+04 -0.46834359596467E+04 -0.19868149556599E+04  0.19024432796622E+02 -0.31920797378059E+05 -0.41552063544356E+05 -0.80137905055887E+03 -0.18216263617599E+04 -0.10099684883964E+03 -0.79281650686027E+04 -0.89130426609125E+04 -0.34673338707686E+03 -0.12115202007339E+03 -0.65697390894796E+02  0.61438085866845E+03 -0.22247196673693E+04 -0.17957232276061E+04
   0.50536667741788E+06 -0.13761584772647E+06  0.18803229109792E+05  0.40162247906789E+06 -0.62364023586075E+05  0.74495429067292E+05  0.64187881421990E+05  0.36361416178671E+06 -0.28127628176173E+05 -0.18347306729749E+05  0.31873370669424E+04 -0.14004257556220E+04 -0.15047895686608E+03  0.54022513023917E+02  0.31015135697792E+05 -0.37751348397181E+04  0.24808302957319E+05  0.13936158003352E+05 -0.22921560540364E+07 -0.11290590145879E+03  0.60866043745704E+06  0.12529733380054E+05  0.36979906763070E+05  0.87446944211022E+05  0.39912642486035E+04  0.14510493169242E+05  0.65342715999154E+05 -0.12870342624134E+05 -0.21326405349805E+05 -0.67226832304576E+02 -0.66373981693275E+05 -0.34486073259823E+06 -0.13629187586278E+04 -0.24938587721383E+04 -0.70568170177686E+02 -0.11781090081071E+05 -0.53187925500915E+05 -0.24773174995511E+04 -0.96287338635280E+03 -0.98318151996850E+04 -0.15892494380802E+05 -0.72633149778760E+04 -0.21545732009360E+05
  -0.12784577482558E+06  0.34487744959737E+05 -0.48686665636612E+04 -0.62364023586075E+05  0.11426176040801E+05 -0.74597642039953E+04 -0.91257226004219E+04 -0.33426187520934E+05  0.53708009333226E+03  0.23616825661896E+04 -0.31796183008781E+03 -0.18590807111357E+02  0.51189488285916E+01 -0.48020598623765E+01 -0.26022674903902E+04  0.32150638033666E+03 -0.20277618862250E+04 -0.11542795213618E+04  0.48922498218160E+06  0.44593018721982E+02 -0.12503551462463E+06 -0.23232812973959E+04 -0.68759880238547E+04 -0.16776930491930E+05 -0.70293580495400E+03 -0.25996526751063E+04 -0.12816398963426E+05  0.19975456636308E+04  0.33576942757986E+04 -0.57445583426843E+02  0.11775166372188E+05  0.62487743139948E+05  0.31894531150360E+03  0.56316844327645E+03  0.89202734926459E+01  0.28941388919829E+04  0.12875892818913E+05  0.46472097345654E+03  0.17231341817605E+03  0.37153875137170E+03  0.25105207307964E+04  0.81461546809061E+03  0.25146041838937E+04
  -0.29712647990473E+05  0.10703066804563E+05 -0.13670426531706E+04  0.74495429067292E+05 -0.74597642039953E+04  0.24549678365879E+05  0.14640362088413E+05  0.11125768232023E+06 -0.10580244815349E+05 -0.45888967760815E+04  0.95587652193238E+03 -0.71540550404760E+03 -0.67244403803997E+02  0.18394255919349E+02  0.95298947108493E+04 -0.11913376969467E+04  0.77148007977681E+04  0.43985283841844E+04 -0.44780425669902E+05  0.63912178751447E+02  0.32850759732961E+05  0.13962269650631E+04  0.39498110540825E+04  0.77998402428223E+04  0.54393407887508E+03  0.18126243576282E+04  0.49732216884318E+04 -0.27419527528379E+04 -0.42074909002579E+04  0.15302452528669E+03 -0.84427422198999E+04 -0.41275139960273E+05  0.15316077728936E+02 -0.68009956552437E+01 -0.18733172848935E+02  0.47112959287761E+03  0.17747046436949E+04 -0.24499530089189E+03 -0.12653658172390E+03 -0.31716931608967E+04 -0.32704863703806E+04 -0.18644044686773E+04 -0.53624450837037E+04
   0.53210326034880E+05 -0.11110969518857E+05  0.19194521676656E+04  0.64187881421990E+05 -0.91257226004219E+04  0.14640362088413E+05  0.11368314241971E+05  0.61280191817101E+05 -0.35262152095793E+04 -0.32657064368068E+04  0.55437459133651E+03 -0.23438213823948E+03 -0.27105085975153E+02  0.96390601031945E+01  0.48912474355059E+04 -0.61995573126037E+03  0.38485729532744E+04  0.22221450007267E+04 -0.24130408150052E+06  0.14649176908034E+02  0.76406481691249E+05  0.18554379265550E+04  0.53270782344631E+04  0.11985590122445E+05  0.62588852315713E+03  0.21697453060472E+04  0.85653890846498E+04 -0.24647242001477E+04 -0.38621757651489E+04  0.13849916970661E+03 -0.98349744620979E+04 -0.51296316172841E+05 -0.15324795992709E+03 -0.27320485708525E+03 -0.13074842341792E+02 -0.97560515949259E+03 -0.45623627268279E+04 -0.35405030086654E+03 -0.14972672240019E+03 -0.13463470411746E+04 -0.31243266810292E+04 -0.11505932239608E+04 -0.34282754102391E+04
   0.98941314515635E+06 -0.12551565555361E+06  0.28065632409838E+05  0.36361416178671E+06 -0.33426187520934E+05  0.11125768232023E+06  0.61280191817101E+05  0.53945592410207E+07 -0.24108217697378E+07 -0.89526581243515E+05  0.26002933501671E+05  0.26391356574156E+05  0.17868712529204E+04  0.95029862054252E+02  0.89360709065490E+05 -0.11348012820533E+05  0.82530763166993E+05  0.44731617997774E+05 -0.59335223638722E+06  0.44813389385911E+03  0.25260973414237E+06  0.17464929864694E+05  0.57600474407919E+05  0.90527429031980E+05  0.59672485798704E+04  0.22077998426149E+05  0.67243190986202E+05 -0.63216603389004E+05 -0.50627896739440E+05 -0.70527097547431E+05 -0.29611038008477E+06 -0.58134418738247E+06 -0.74079475923638E+05 -0.16657784176836E+06 -0.14157184730308E+04 -0.56857705312699E+04 -0.11165449515682E+05  0.25083629545891E+03  0.26004087671659E+03 -0.27457823790637E+06 -0.87839876566229E+04 -0.14482610941691E+06 -0.17852069100419E+06
  -0.18395503776398E+06  0.26416722173630E+05 -0.50661264865246E+04 -0.28127628176173E+05  0.53708009333226E+03 -0.10580244815349E+05 -0.35262152095793E+04 -0.24108217697378E+07  0.19290860426591E+07  0.19489398989118E+05 -0.64113845020107E+04 -0.55343188010740E+04 -0.30568287646462E+03 -0.13212257072001E+02  0.48007005054133E+05 -0.22261404993668E+04  0.14637808989940E+05  0.69978116784132E+04 -0.25712929341229E+05 -0.97344624680941E+02 -0.33771867297033E+04 -0.33395191821147E+04 -0.11653329945586E+05 -0.16710182053904E+05 -0.11819090580483E+04 -0.45566454446685E+04 -0.12165405446768E+05  0.11583640421886E+05  0.10931481949633E+05  0.24772681999976E+05  0.67196234849326E+05  0.12759140726892E+06  0.22928861215880E+05  0.51628166615999E+05  0.19205482390916E+03  0.59770947400268E+03  0.12079109109737E+04 -0.12520460705939E+04 -0.69590918759544E+03  0.11308607422972E+06  0.15688805107736E+04  0.45311717615695E+05  0.55318543228414E+05
  -0.50190176267161E+05  0.73993078035237E+04 -0.16684500074870E+04 -0.18347306729749E+05  0.23616825661896E+04 -0.45888967760815E+04 -0.32657064368068E+04 -0.89526581243515E+05  0.19489398989118E+05  0.26621374007296E+04 -0.61413252612848E+03 -0.65722054425000E+03 -0.58442853240397E+02 -0.17000735389401E+01 -0.40313474521631E+04  0.49311411105535E+03 -0.32498599375096E+04 -0.18427501528438E+04  0.56947779078426E+05 -0.13351944748058E+02 -0.22614142357545E+05 -0.79029677421779E+03 -0.24416206651248E+04 -0.42719945570424E+04 -0.25950336630354E+03 -0.91904071975940E+03 -0.32972329369086E+04  0.27571864752828E+04  0.19011392693503E+04  0.73820452474381E+03  0.11043442428998E+05  0.22923277179902E+05  0.14975245490077E+04  0.33094428047793E+04  0.43807311740796E+02  0.55475183976923E+03  0.10526518950618E+04  0.12953548928195E+03  0.57709881029838E+02  0.31401926440174E+04  0.43577028885246E+03  0.28416682245299E+04  0.35896074419582E+04
   0.73133235913195E+04 -0.87811061985627E+03  0.21095373791618E+03  0.31873370669424E+04 -0.31796183008781E+03  0.95587652193238E+03  0.55437459133651E+03  0.26002933501671E+05 -0.64113845020107E+04 -0.61413252612848E+03  0.16615866374248E+03  0.18455189642112E+03  0.13501486200687E+02  0.63178596222845E+00  0.12235465238855E+04 -0.13573491526279E+03  0.95444705357847E+03  0.51981678953043E+03 -0.60699081149885E+04  0.31263157066101E+01  0.23568074305767E+04  0.12527100216620E+03  0.40562039518480E+03  0.65609880835691E+03  0.42311830734884E+02  0.15430412412352E+03  0.48954358970515E+03 -0.46193198088388E+03 -0.34809718119532E+03 -0.33467149576663E+03 -0.19946917387905E+04 -0.39647678861840E+04 -0.41694236065142E+03 -0.93798235758840E+03 -0.10819332872300E+02 -0.44648873743985E+02 -0.87518384103743E+02 -0.13102783116258E+02 -0.61579504384114E+01 -0.11299116774841E+04 -0.64073091722626E+02 -0.81328042884566E+03 -0.10097642255594E+04
   0.15288657418771E+05 -0.11946602007289E+04  0.41573655781165E+03 -0.14004257556220E+04 -0.18590807111357E+02 -0.71540550404760E+03 -0.23438213823948E+03  0.26391356574156E+05 -0.55343188010740E+04 -0.65722054425000E+03  0.18455189642112E+03  0.15463322132965E+04  0.10323065764215E+03 -0.12053077143656E+01  0.13611688647461E+04 -0.19121857809960E+03  0.13344494254922E+04  0.77484931370884E+03 -0.59957756576845E+04 -0.47328553773324E+01  0.11048839826530E+04  0.15029695964498E+02  0.19524064431352E+03 -0.34741609940465E+03 -0.19548635369379E+02 -0.82489308612971E+02 -0.19341026295876E+03 -0.11104645610248E+04 -0.56221480670265E-01 -0.68010208611794E+03 -0.49463909259735E+04 -0.12411755660808E+02 -0.22296308624616E+04 -0.68825451523500E+02 -0.76997469820204E+02 -0.20386939559954E+00  0.33218681589511E-02 -0.16922968121699E+01 -0.72470258210637E+00  0.28728473664122E+03  0.30342754496416E+03 -0.26519273434785E+04 -0.33796238943304E+01
   0.17167374516702E+04 -0.13878921277361E+03  0.52910826134375E+02 -0.15047895686608E+03  0.51189488285916E+01 -0.67244403803997E+02 -0.27105085975153E+02  0.17868712529204E+04 -0.30568287646462E+03 -0.58442853240397E+02  0.13501486200687E+02  0.10323065764215E+03  0.93639777513035E+01 -0.16612569786479E+00  0.76453023086799E+02 -0.12875044266176E+02  0.78981081373530E+02  0.50037524152123E+02 -0.28697985637513E+03 -0.42312202490251E+00 -0.41693983619590E+02  0.31924029065888E+01  0.24089278565384E+02 -0.41568783373581E+02 -0.22679680869716E+01 -0.87956057480856E+01 -0.17652590758500E+02 -0.16342877161424E+03 -0.74108503009962E-02 -0.26811917954887E+02 -0.58246338095202E+03 -0.13896789970693E+01 -0.14072951618537E+03 -0.18050914301288E+02 -0.62686411111526E+01 -0.14569793471901E+00  0.22023280333490E-02 -0.17929087374477E+00 -0.69622480634406E-01  0.28518896427277E+02  0.67800580309574E+02 -0.19248195565356E+03 -0.26664195326182E+00
  -0.10466896569871E+03  0.12554172800726E+02 -0.39692025391612E+01  0.54022513023917E+02 -0.48020598623765E+01  0.18394255919349E+02  0.96390601031945E+01  0.95029862054252E+02 -0.13212257072001E+02 -0.17000735389401E+01  0.63178596222845E+00 -0.12053077143656E+01 -0.16612569786479E+00  0.46259180472094E-01  0.13689672165034E+02 -0.10559052315785E+01  0.82208159003236E+01  0.38718806335598E+01 -0.78471206389209E+02  0.31004016075039E-01  0.37570190930255E+02  0.34497804322201E+00  0.88568116882368E+00  0.31509956826371E+01  0.13122110916101E+00  0.43864369989826E+00  0.20971479881556E+01  0.66262621609017E-01 -0.16428268877250E-04 -0.56784699406421E+01 -0.67594843643191E+00 -0.12386444255944E-02 -0.29064968359863E+01 -0.11010973705573E-04 -0.12898562930964E+00  0.35267718921385E-13 -0.29863996119711E-12 -0.15461661301351E-02 -0.85026365826727E-03 -0.15678878541797E+01  0.29784689233639E-04 -0.28474037465254E+01 -0.22851937765350E-02
   0.96986623905254E+04  0.64945452312616E+03 -0.27864299490049E+03  0.31015135697792E+05 -0.26022674903902E+04  0.95298947108493E+04  0.48912474355059E+04  0.89360709065490E+05  0.48007005054133E+05 -0.40313474521631E+04  0.12235465238855E+04  0.13611688647461E+04  0.76453023086799E+02  0.13689672165034E+02  0.49666544715853E+05 -0.46323382556975E+04  0.33265846329273E+05  0.17349541681586E+05 -0.55610691437735E+05  0.10929603649662E+01 -0.74445193301874E+04 -0.13807667871157E+03 -0.42667676421160E+03 -0.43544065410137E+03 -0.43648571556595E+02 -0.15366425634167E+03 -0.43519052427189E+03 -0.27065181627526E+04 -0.17745806547986E+04 -0.24907646908728E+04  0.20189894220856E+04  0.43596275511600E+04 -0.14789086020840E+04 -0.29374016252526E+04 -0.72830995958493E+03  0.23288509391151E+03  0.41838831339268E+03 -0.28671669124061E+04 -0.15243378237307E+04 -0.23941648153962E+04  0.19505898556580E+03 -0.90026828173817E+03 -0.10144345745862E+04
  -0.21643203607783E+04 -0.53722379168837E+02 -0.75158168282632E+01 -0.37751348397181E+04  0.32150638033666E+03 -0.11913376969467E+04 -0.61995573126037E+03 -0.11348012820533E+05 -0.22261404993668E+04  0.49311411105535E+03 -0.13573491526279E+03 -0.19121857809960E+03 -0.12875044266176E+02 -0.10559052315785E+01 -0.46323382556975E+04  0.50228246142090E+03 -0.35083464919422E+04 -0.19063816367465E+04  0.65243046593821E+04 -0.71501540323781E+00  0.11459058325930E+04  0.14778546652133E+02  0.40899362984930E+02  0.27977838191024E+02  0.44943334824054E+01  0.15221624629310E+02  0.48921570202484E+02  0.49906248550604E+03  0.31256077706725E+03  0.28807525757646E+03 -0.16709075011580E+03 -0.50359844940227E+03  0.15348794907180E+03  0.30382732058959E+03  0.80734777616104E+02 -0.62578591990251E+02 -0.11092711178186E+03  0.43617820589750E+03  0.21609724377092E+03 -0.30389725962971E+03 -0.35206125413743E+02  0.25081316911375E+03  0.28113357924594E+03
   0.10255338287219E+05  0.14125899697519E+03 -0.12806300083215E+03  0.24808302957319E+05 -0.20277618862250E+04  0.77148007977681E+04  0.38485729532744E+04  0.82530763166993E+05  0.14637808989940E+05 -0.32498599375096E+04  0.95444705357847E+03  0.13344494254922E+04  0.78981081373530E+02  0.82208159003236E+01  0.33265846329273E+05 -0.35083464919422E+04  0.25066586961346E+05  0.13432944217284E+05 -0.44811118204345E+05 -0.70389847234594E+00 -0.68024046863329E+04 -0.15021624375436E+03 -0.44947925398849E+03 -0.50851018151295E+03 -0.48645338593321E+02 -0.16295900122433E+03 -0.42865601821732E+03 -0.22945109004291E+04 -0.14942453913432E+04 -0.23523808145823E+04  0.20206431575110E+04  0.41595997799546E+04 -0.11679863716280E+04 -0.23264872084840E+04 -0.56462055531439E+03  0.54598445899976E+02  0.10882798063842E+03 -0.23309400524533E+04 -0.12650425789600E+04  0.94762437434104E+03  0.19319589715512E+03 -0.14314891880554E+04 -0.15928349027803E+04
   0.73809281916925E+04  0.78305091962478E+02 -0.61369716627960E+01  0.13936158003352E+05 -0.11542795213618E+04  0.43985283841844E+04  0.22221450007267E+04  0.44731617997774E+05  0.69978116784132E+04 -0.18427501528438E+04  0.51981678953043E+03  0.77484931370884E+03  0.50037524152123E+02  0.38718806335598E+01  0.17349541681586E+05 -0.19063816367465E+04  0.13432944217284E+05  0.73044434190078E+04 -0.24983265844807E+05  0.81884864502118E+00 -0.42644350243984E+04 -0.81298984074592E+02 -0.23006701157774E+03 -0.23405344064513E+03 -0.26007818202258E+02 -0.84661222655945E+02 -0.23011611564188E+03 -0.16433673821708E+04 -0.10364010949038E+04 -0.11860684272305E+04  0.95330690569161E+03  0.22949064437384E+04 -0.59247765920825E+03 -0.11813788545253E+04 -0.31174950627191E+03  0.87099953345109E+02  0.16211055151782E+03 -0.15142323832984E+04 -0.78770693185703E+03  0.12143715036928E+04  0.13972070568186E+03 -0.10220725928529E+04 -0.11373283178764E+04
  -0.78624187808324E+07  0.26293322258749E+07 -0.30309457961804E+06 -0.22921560540364E+07  0.48922498218160E+06 -0.44780425669902E+05 -0.24130408150052E+06 -0.59335223638722E+06 -0.25712929341229E+05  0.56947779078426E+05 -0.60699081149885E+04 -0.59957756576845E+04 -0.28697985637513E+03 -0.78471206389209E+02 -0.55610691437735E+05  0.65243046593821E+04 -0.44811118204345E+05 -0.24983265844807E+05  0.34240457095448E+08  0.55672063353354E+04 -0.71592924865730E+07 -0.10274094769027E+06 -0.33460578486690E+06 -0.87901123705909E+06 -0.29499460589058E+05 -0.12366241989223E+06 -0.71057066492610E+06  0.34531113452853E+05  0.76712134059437E+05 -0.12310720910458E+04  0.57222866962800E+06  0.28133390347543E+07  0.17210601037483E+05  0.31721006406360E+05  0.21198082795857E+03  0.18632941629612E+06  0.82130980896630E+06  0.24575507974198E+05  0.77341824807999E+04 -0.18583632540742E+05  0.45173160800183E+05  0.20815216069147E+05  0.64691640922954E+05
  -0.10874235964488E+04  0.47151727566111E+03 -0.43301588420183E+02 -0.11290590145879E+03  0.44593018721982E+02  0.63912178751447E+02  0.14649176908034E+02  0.44813389385911E+03 -0.97344624680941E+02 -0.13351944748058E+02  0.31263157066101E+01 -0.47328553773324E+01 -0.42312202490251E+00  0.31004016075039E-01  0.10929603649662E+01 -0.71501540323781E+00 -0.70389847234594E+00  0.81884864502118E+00  0.55672063353354E+04  0.20095612352760E+01 -0.11479150643423E+04 -0.10072511830914E+02 -0.36406041992133E+02 -0.12020376484200E+03 -0.11492901391593E+01 -0.99682766489716E+01 -0.94928198418468E+02  0.00000000000000E+00 -0.34441119062798E+02  0.00000000000000E+00  0.00000000000000E+00  0.22656875136459E+03  0.00000000000000E+00 -0.58257068541238E+01  0.00000000000000E+00  0.00000000000000E+00  0.18139986167282E+03  0.00000000000000E+00  0.00000000000000E+00  0.00000000000000E+00  0.18629396473813E+02  0.00000000000000E+00 -0.34659400466844E+02
   0.21953502564085E+07 -0.62924616564350E+06  0.83417224885203E+05  0.60866043745704E+06 -0.12503551462463E+06  0.32850759732961E+05  0.76406481691249E+05  0.25260973414237E+06 -0.33771867297033E+04 -0.22614142357545E+05  0.23568074305767E+04  0.11048839826530E+04 -0.41693983619590E+02  0.37570190930255E+02 -0.74445193301874E+04  0.11459058325930E+04 -0.68024046863329E+04 -0.42644350243984E+04 -0.71592924865730E+07 -0.11479150643423E+04  0.26137756774881E+07  0.47469221411333E+05  0.13939344181567E+06  0.36880044918604E+06  0.13343140781659E+05  0.50691357265553E+05  0.27098309889559E+06  0.00000000000000E+00 -0.45590908701277E+05  0.00000000000000E+00  0.00000000000000E+00 -0.11331748278169E+07  0.00000000000000E+00  0.10852079987376E+05  0.00000000000000E+00  0.00000000000000E+00 -0.23635491037294E+06  0.00000000000000E+00  0.00000000000000E+00  0.00000000000000E+00  0.35986436684943E+05  0.00000000000000E+00 -0.38004670069168E+05
   0.34197905121977E+05 -0.67623384445686E+04  0.12541307795701E+04  0.12529733380054E+05 -0.23232812973959E+04  0.13962269650631E+04  0.18554379265550E+04  0.17464929864694E+05 -0.33395191821147E+04 -0.79029677421779E+03  0.12527100216620E+03  0.15029695964498E+02  0.31924029065888E+01  0.34497804322201E+00 -0.13807667871157E+03  0.14778546652133E+02 -0.15021624375436E+03 -0.81298984074592E+02 -0.10274094769027E+06 -0.10072511830914E+02  0.47469221411333E+05  0.11628084785000E+04  0.31940886885727E+04  0.80721845183037E+04  0.30496000502137E+03  0.10961538465176E+04  0.54022824610508E+04 -0.46520161871008E+02 -0.13010356173194E+04  0.43258122396168E+01  0.58402374593979E+03 -0.25770001962079E+05  0.00000000000000E+00 -0.77727315048257E+02  0.00000000000000E+00  0.20653851899691E+04 -0.30844576010843E+04  0.00000000000000E+00  0.00000000000000E+00  0.00000000000000E+00  0.12310723227709E+04 -0.31001418821510E+03 -0.16416449815416E+04
   0.12106589259073E+06 -0.27630481597515E+05  0.44479057481010E+04  0.36979906763070E+05 -0.68759880238547E+04  0.39498110540825E+04  0.53270782344631E+04  0.57600474407919E+05 -0.11653329945586E+05 -0.24416206651248E+04  0.40562039518480E+03  0.19524064431352E+03  0.24089278565384E+02  0.88568116882368E+00 -0.42667676421160E+03  0.40899362984930E+02 -0.44947925398849E+03 -0.23006701157774E+03 -0.33460578486690E+06 -0.36406041992133E+02  0.13939344181567E+06  0.31940886885727E+04  0.92216926792737E+04  0.22267364861426E+05  0.86842932297980E+03  0.31829463070809E+04  0.15761328876496E+05 -0.15229177708843E+03 -0.34460278713662E+04 -0.19050502415104E+02 -0.58191869974098E+04 -0.74736706033828E+05  0.00000000000000E+00 -0.20487368142541E+03  0.00000000000000E+00  0.30631088552359E+04 -0.10287310666522E+05  0.00000000000000E+00  0.00000000000000E+00  0.00000000000000E+00  0.35787668746837E+04 -0.17842914009336E+04 -0.48907458473215E+04
   0.21716337532341E+06 -0.55610790342968E+05  0.81137334282287E+04  0.87446944211022E+05 -0.16776930491930E+05  0.77998402428223E+04  0.11985590122445E+05  0.90527429031980E+05 -0.16710182053904E+05 -0.42719945570424E+04  0.65609880835691E+03 -0.34741609940465E+03 -0.41568783373581E+02  0.31509956826371E+01 -0.43544065410137E+03  0.27977838191024E+02 -0.50851018151295E+03 -0.23405344064513E+03 -0.87901123705909E+06 -0.12020376484200E+03  0.36880044918604E+06  0.80721845183037E+04  0.22267364861426E+05  0.63404130480995E+05  0.21866709173101E+04  0.80677203839436E+04  0.41126101615513E+05  0.23698782141811E+03 -0.10806414341358E+05 -0.45752146658743E+01  0.37228536033329E+05 -0.18212573427968E+06  0.00000000000000E+00 -0.65854307405386E+03  0.00000000000000E+00  0.16267779721164E+05 -0.27159257753258E+05  0.00000000000000E+00  0.00000000000000E+00  0.00000000000000E+00  0.59340541607932E+04  0.14767213657428E+04 -0.11412017518490E+05
   0.11864311067146E+05 -0.27582656473270E+04  0.43961199068253E+03  0.39912642486035E+04 -0.70293580495400E+03  0.54393407887508E+03  0.62588852315713E+03  0.59672485798704E+04 -0.11819090580483E+04 -0.25950336630354E+03  0.42311830734884E+02 -0.19548635369379E+02 -0.22679680869716E+01  0.13122110916101E+00 -0.43648571556595E+02  0.44943334824054E+01 -0.48645338593321E+02 -0.26007818202258E+02 -0.29499460589058E+05 -0.11492901391593E+01  0.13343140781659E+05  0.30496000502137E+03  0.86842932297980E+03  0.21866709173101E+04  0.10074321054916E+03  0.35510883661446E+03  0.15532915469273E+04  0.00000000000000E+00 -0.41121256978163E+03  0.00000000000000E+00  0.00000000000000E+00 -0.82245780465674E+04  0.00000000000000E+00 -0.24318270400626E+02  0.00000000000000E+00  0.00000000000000E+00 -0.58659599675854E+03  0.00000000000000E+00  0.00000000000000E+00  0.00000000000000E+00  0.38178494307363E+02  0.00000000000000E+00 -0.60219675378827E+03
   0.45708935020307E+05 -0.11403638435389E+05  0.16993197814242E+04  0.14510493169242E+05 -0.25996526751063E+04  0.18126243576282E+04  0.21697453060472E+04  0.22077998426149E+05 -0.45566454446685E+04 -0.91904071975940E+03  0.15430412412352E+03 -0.82489308612971E+02 -0.87956057480856E+01  0.43864369989826E+00 -0.15366425634167E+03  0.15221624629310E+02 -0.16295900122433E+03 -0.84661222655945E+02 -0.12366241989223E+06 -0.99682766489716E+01  0.50691357265553E+05  0.10961538465176E+04  0.31829463070809E+04  0.80677203839436E+04  0.35510883661446E+03  0.12999115705719E+04  0.57783832869173E+04  0.00000000000000E+00 -0.13087192969019E+04  0.00000000000000E+00  0.00000000000000E+00 -0.29710656212681E+05  0.00000000000000E+00 -0.76990575328711E+02  0.00000000000000E+00  0.00000000000000E+00 -0.33986332266071E+04  0.00000000000000E+00  0.00000000000000E+00  0.00000000000000E+00 -0.84773067700212E+01  0.00000000000000E+00 -0.22234733384546E+04
   0.23581427191912E+06 -0.64581343719859E+05  0.88946584954059E+04  0.65342715999154E+05 -0.12816398963426E+05  0.49732216884318E+04  0.85653890846498E+04  0.67243190986202E+05 -0.12165405446768E+05 -0.32972329369086E+04  0.48954358970515E+03 -0.19341026295876E+03 -0.17652590758500E+02  0.20971479881556E+01 -0.43519052427189E+03  0.48921570202484E+02 -0.42865601821732E+03 -0.23011611564188E+03 -0.71057066492610E+06 -0.94928198418468E+02  0.27098309889559E+06  0.54022824610508E+04  0.15761328876496E+05  0.41126101615513E+05  0.15532915469273E+04  0.57783832869173E+04  0.30426339106279E+05  0.00000000000000E+00 -0.74166733069272E+04  0.00000000000000E+00  0.00000000000000E+00 -0.12955916141724E+06  0.00000000000000E+00 -0.45192665840872E+03  0.00000000000000E+00  0.00000000000000E+00 -0.21372329630958E+05  0.00000000000000E+00  0.00000000000000E+00  0.00000000000000E+00  0.79455184450637E+04  0.00000000000000E+00 -0.78671511608327E+04
  -0.13220887076494E+06  0.16788004953816E+05 -0.46834359596467E+04 -0.12870342624134E+05  0.19975456636308E+04 -0.27419527528379E+04 -0.24647242001477E+04 -0.63216603389004E+05  0.11583640421886E+05  0.27571864752828E+04 -0.46193198088388E+03 -0.11104645610248E+04 -0.16342877161424E+03  0.66262621609017E-01 -0.27065181627526E+04  0.49906248550604E+03 -0.22945109004291E+04 -0.16433673821708E+04  0.34531113452853E+05  0.00000000000000E+00  0.00000000000000E+00 -0.46520161871008E+02 -0.15229177708843E+03  0.23698782141811E+03  0.00000000000000E+00  0.00000000000000E+00  0.00000000000000E+00  0.11695722781422E+06  0.00000000000000E+00  0.00000000000000E+00  0.00000000000000E+00  0.00000000000000E+00  0.00000000000000E+00  0.00000000000000E+00  0.00000000000000E+00  0.00000000000000E+00  0.00000000000000E+00  0.00000000000000E+00  0.00000000000000E+00  0.00000000000000E+00  0.00000000000000E+00  0.00000000000000E+00  0.00000000000000E+00
  -0.56046458906964E+05  0.82850429753725E+04 -0.19868149556599E+04 -0.21326405349805E+05  0.33576942757986E+04 -0.42074909002579E+04 -0.38621757651489E+04 -0.50627896739440E+05  0.10931481949633E+05  0.19011392693503E+04 -0.34809718119532E+03 -0.56221480670265E-01 -0.74108503009962E-02 -0.16428268877250E-04 -0.17745806547986E+04  0.31256077706725E+03 -0.14942453913432E+04 -0.10364010949038E+04  0.76712134059437E+05 -0.34441119062798E+02 -0.45590908701277E+05 -0.13010356173194E+04 -0.34460278713662E+04 -0.10806414341358E+05 -0.41121256978163E+03 -0.13087192969019E+04 -0.74166733069272E+04  0.00000000000000E+00  0.64908248122967E+05  0.00000000000000E+00  0.00000000000000E+00  0.00000000000000E+00  0.00000000000000E+00  0.00000000000000E+00  0.00000000000000E+00  0.00000000000000E+00  0.00000000000000E+00  0.00000000000000E+00  0.00000000000000E+00  0.00000000000000E+00  0.00000000000000E+00  0.00000000000000E+00  0.00000000000000E+00
  -0.52528803553457E+04 -0.19578746076949E+03  0.19024432796622E+02 -0.67226832304576E+02 -0.57445583426843E+02  0.15302452528669E+03  0.13849916970661E+03 -0.70527097547431E+05  0.24772681999976E+05  0.73820452474381E+03 -0.33467149576663E+03 -0.68010208611794E+03 -0.26811917954887E+02 -0.56784699406421E+01 -0.24907646908728E+04  0.28807525757646E+03 -0.23523808145823E+04 -0.11860684272305E+04 -0.12310720910458E+04  0.00000000000000E+00  0.00000000000000E+00  0.43258122396168E+01 -0.19050502415104E+02 -0.45752146658743E+01  0.00000000000000E+00  0.00000000000000E+00  0.00000000000000E+00  0.00000000000000E+00  0.00000000000000E+00  0.30815254801514E+05  0.00000000000000E+00  0.00000000000000E+00  0.00000000000000E+00  0.00000000000000E+00  0.00000000000000E+00  0.00000000000000E+00  0.00000000000000E+00  0.00000000000000E+00  0.00000000000000E+00  0.00000000000000E+00  0.00000000000000E+00  0.00000000000000E+00  0.00000000000000E+00
  -0.86867449935211E+06  0.21056914068972E+06 -0.31920797378059E+05 -0.66373981693275E+05  0.11775166372188E+05 -0.84427422198999E+04 -0.98349744620979E+04 -0.29611038008477E+06  0.67196234849326E+05  0.11043442428998E+05 -0.19946917387905E+04 -0.49463909259735E+04 -0.58246338095202E+03 -0.67594843643191E+00  0.20189894220856E+04 -0.16709075011580E+03  0.20206431575110E+04  0.95330690569161E+03  0.57222866962800E+06  0.00000000000000E+00  0.00000000000000E+00  0.58402374593979E+03 -0.58191869974098E+04  0.37228536033329E+05  0.00000000000000E+00  0.00000000000000E+00  0.00000000000000E+00  0.00000000000000E+00  0.00000000000000E+00  0.00000000000000E+00  0.58083064630471E+06  0.00000000000000E+00  0.00000000000000E+00  0.00000000000000E+00  0.00000000000000E+00  0.00000000000000E+00  0.00000000000000E+00  0.00000000000000E+00  0.00000000000000E+00  0.00000000000000E+00  0.00000000000000E+00  0.00000000000000E+00  0.00000000000000E+00
  -0.11259861071814E+07  0.26583082418738E+06 -0.41552063544356E+05 -0.34486073259823E+06  0.62487743139948E+05 -0.41275139960273E+05 -0.51296316172841E+05 -0.58134418738247E+06  0.12759140726892E+06  0.22923277179902E+05 -0.39647678861840E+04 -0.12411755660808E+02 -0.13896789970693E+01 -0.12386444255944E-02  0.43596275511600E+04 -0.50359844940227E+03  0.41595997799546E+04  0.22949064437384E+04  0.28133390347543E+07  0.22656875136459E+03 -0.11331748278169E+07 -0.25770001962079E+05 -0.74736706033828E+05 -0.18212573427968E+06 -0.82245780465674E+04 -0.29710656212681E+05 -0.12955916141724E+06  0.00000000000000E+00  0.00000000000000E+00  0.00000000000000E+00  0.00000000000000E+00  0.92166630373501E+06  0.00000000000000E+00  0.00000000000000E+00  0.00000000000000E+00  0.00000000000000E+00  0.00000000000000E+00  0.00000000000000E+00  0.00000000000000E+00  0.00000000000000E+00  0.00000000000000E+00  0.00000000000000E+00  0.00000000000000E+00
  -0.20997114565587E+05  0.57526651859876E+04 -0.80137905055887E+03 -0.13629187586278E+04  0.31894531150360E+03  0.15316077728936E+02 -0.15324795992709E+03 -0.74079475923638E+05  0.22928861215880E+05  0.14975245490077E+04 -0.41694236065142E+03 -0.22296308624616E+04 -0.14072951618537E+03 -0.29064968359863E+01 -0.14789086020840E+04  0.15348794907180E+03 -0.11679863716280E+04 -0.59247765920825E+03  0.17210601037483E+05  0.00000000000000E+00  0.00000000000000E+00  0.00000000000000E+00  0.00000000000000E+00  0.00000000000000E+00  0.00000000000000E+00  0.00000000000000E+00  0.00000000000000E+00  0.00000000000000E+00  0.00000000000000E+00  0.00000000000000E+00  0.00000000000000E+00  0.00000000000000E+00  0.14302253195922E+05  0.00000000000000E+00  0.00000000000000E+00  0.00000000000000E+00  0.00000000000000E+00  0.00000000000000E+00  0.00000000000000E+00  0.00000000000000E+00  0.00000000000000E+00  0.00000000000000E+00  0.00000000000000E+00
  -0.47545771815661E+05  0.13196096480550E+05 -0.18216263617599E+04 -0.24938587721383E+04  0.56316844327645E+03 -0.68009956552437E+01 -0.27320485708525E+03 -0.16657784176836E+06  0.51628166615999E+05  0.33094428047793E+04 -0.93798235758840E+03 -0.68825451523500E+02 -0.18050914301288E+02 -0.11010973705573E-04 -0.29374016252526E+04  0.30382732058959E+03 -0.23264872084840E+04 -0.11813788545253E+04  0.31721006406360E+05 -0.58257068541238E+01  0.10852079987376E+05 -0.77727315048257E+02 -0.20487368142541E+03 -0.65854307405386E+03 -0.24318270400626E+02 -0.76990575328711E+02 -0.45192665840872E+03  0.00000000000000E+00  0.00000000000000E+00  0.00000000000000E+00  0.00000000000000E+00  0.00000000000000E+00  0.00000000000000E+00  0.31417957642401E+05  0.00000000000000E+00  0.00000000000000E+00  0.00000000000000E+00  0.00000000000000E+00  0.00000000000000E+00  0.00000000000000E+00  0.00000000000000E+00  0.00000000000000E+00  0.00000000000000E+00
  -0.32079384759546E+04  0.42274300587404E+03 -0.10099684883964E+03 -0.70568170177686E+02  0.89202734926459E+01 -0.18733172848935E+02 -0.13074842341792E+02 -0.14157184730308E+04  0.19205482390916E+03  0.43807311740796E+02 -0.10819332872300E+02 -0.76997469820204E+02 -0.62686411111526E+01 -0.12898562930964E+00 -0.72830995958493E+03  0.80734777616104E+02 -0.56462055531439E+03 -0.31174950627191E+03  0.21198082795857E+03  0.00000000000000E+00  0.00000000000000E+00  0.00000000000000E+00  0.00000000000000E+00  0.00000000000000E+00  0.00000000000000E+00  0.00000000000000E+00  0.00000000000000E+00  0.00000000000000E+00  0.00000000000000E+00  0.00000000000000E+00  0.00000000000000E+00  0.00000000000000E+00  0.00000000000000E+00  0.00000000000000E+00  0.37996915303504E+04  0.00000000000000E+00  0.00000000000000E+00  0.00000000000000E+00  0.00000000000000E+00  0.00000000000000E+00  0.00000000000000E+00  0.00000000000000E+00  0.00000000000000E+00
  -0.20492280642347E+06  0.63906576349872E+05 -0.79281650686027E+04 -0.11781090081071E+05  0.28941388919829E+04  0.47112959287761E+03 -0.97560515949259E+03 -0.56857705312699E+04  0.59770947400268E+03  0.55475183976923E+03 -0.44648873743985E+02 -0.20386939559954E+00 -0.14569793471901E+00  0.35267718921385E-13  0.23288509391151E+03 -0.62578591990251E+02  0.54598445899976E+02  0.87099953345109E+02  0.18632941629612E+06  0.00000000000000E+00  0.00000000000000E+00  0.20653851899691E+04  0.30631088552359E+04  0.16267779721164E+05  0.00000000000000E+00  0.00000000000000E+00  0.00000000000000E+00  0.00000000000000E+00  0.00000000000000E+00  0.00000000000000E+00  0.00000000000000E+00  0.00000000000000E+00  0.00000000000000E+00  0.00000000000000E+00  0.00000000000000E+00  0.10628376114729E+06  0.00000000000000E+00  0.00000000000000E+00  0.00000000000000E+00  0.00000000000000E+00  0.00000000000000E+00  0.00000000000000E+00  0.00000000000000E+00
  -0.23084221924487E+06  0.71456258909020E+05 -0.89130426609125E+04 -0.53187925500915E+05  0.12875892818913E+05  0.17747046436949E+04 -0.45623627268279E+04 -0.11165449515682E+05  0.12079109109737E+04  0.10526518950618E+04 -0.87518384103743E+02  0.33218681589511E-02  0.22023280333490E-02 -0.29863996119711E-12  0.41838831339268E+03 -0.11092711178186E+03  0.10882798063842E+03  0.16211055151782E+03  0.82130980896630E+06  0.18139986167282E+03 -0.23635491037294E+06 -0.30844576010843E+04 -0.10287310666522E+05 -0.27159257753258E+05 -0.58659599675854E+03 -0.33986332266071E+04 -0.21372329630958E+05  0.00000000000000E+00  0.00000000000000E+00  0.00000000000000E+00  0.00000000000000E+00  0.00000000000000E+00  0.00000000000000E+00  0.00000000000000E+00  0.00000000000000E+00  0.00000000000000E+00  0.13858580666991E+06  0.00000000000000E+00  0.00000000000000E+00  0.00000000000000E+00  0.00000000000000E+00  0.00000000000000E+00  0.00000000000000E+00
