# fitpack15: fit parameters                                                                         
# CJ15 AV18 final data choices                                                                      
# Created on 01/16/2020 at 17:36:21                                                                 

 # QCD setup
  INS                           0
  NVL                          11
  IORD                          1
  Q02                   1.6899999999999999     
  IPARAMC                       7
  FLAVOR                4.0000000000000000     
  xmc                   1.3000000000000000     
  xmb                   4.5000000000000000     
  ncb                          12
  ihq                           1
  ias                           0

 # Theory corrections
  inuke                     10814
  itmc                          1
  iht                           1

 # fit parameters
 LAMBDA       0.22680        0.0000    
 a0uv          1.9453        0.0000    
 a1uv         0.56750       0.23667E-01
 a2uv          3.5569       0.11652E-01
 a3uv          0.0000        0.0000    
 a4uv          4.5959       0.63617    
 a5uv          0.0000        0.0000    
 a0dv          24.795        0.0000    
 a1dv          1.1552       0.33628E-01
 a2dv          6.6170       0.16074    
 a3dv         -3.5552       0.85928E-01
 a4dv          4.7878       0.14015    
 a5dv          0.0000        0.0000    
 a0ud         0.14199       0.49851E-02
 a1ud        -0.21083       0.38211E-02
 a2ud          8.4393       0.18863    
 a3ud          0.0000        0.0000    
 a4ud          15.897        1.3137    
 a5ud          0.0000        0.0000    
 a0du          35712.        0.0000    
 a1du          4.0734       0.83385E-01
 a2du          20.127       0.94326    
 a3du          17.000        0.0000    
 a4du          50.249        10.843    
 a0g           47.369        0.0000    
 a1g          0.60901       0.32402E-01
 a2g           6.7705       0.96513    
 a3g          -3.3792       0.14544    
 a4g           3.3773       0.36854    
 a5g           0.0000        0.0000    
 kappa        0.40000        0.0000    
 a6dv        -0.39504E-02   0.67813E-03
 a7dv          2.0000        0.0000    
 off1         -2.6314        1.7917    
 off2         0.61121E-01   0.32322E-02
 ht1          -3.5763       0.34753    
 ht2           2.0904       0.12527    
 ht3          -2.0480       0.35609E-01
 ht4           0.0000        0.0000    
 ht1n         -3.5908        1.0105    
 ht2n          1.9509       0.34060    
 ht3n         -2.1281       0.67450E-01
 ht4n          0.0000        0.0000    
 dummy44       0.0000        0.0000    
 dummy45       0.0000        0.0000    
 dummy46       0.0000        0.0000    
 dummy47       0.0000        0.0000    
 dummy48       0.0000        0.0000    
 dummy49       0.0000        0.0000    
 bcdmsh2      0.96998       0.48538E-02
 bcdmsd2      0.98976       0.58546E-02
 ccfr          1.0000        0.0000    
 nutev         1.0000        0.0000    
 zeus         0.97998        0.0000    
 h1            1.0162        0.0000    
 e605          1.0319        0.0000    
 NmcH2         1.0063       0.71360E-02
 ntv_nu        1.0000        0.0000    
 ntv_nubar     1.0000        0.0000    
 cdf_jet      0.98910        0.0000    
 d0_jet       0.83504        0.0000    
 slac_p        1.0020       0.50371E-02
 slac_d        1.0011       0.53182E-02
 e866pp       0.98140       0.20062E-01
 e866pd       0.97072       0.16449E-01
 d0_gamjet     1.0358       0.16489E-01
 h1b          0.97608        0.0000    
 jlab_p       0.99061       0.62863E-02
 jlab_d       0.97427       0.60272E-02
 blank         1.0000        0.0000    
 d0run2       0.94414       0.14239E-01
 cdfrun2      0.93087       0.17334E-01
 HERA_el       1.0000        0.0000    
 HERA_ps       1.0000        0.0000    
 CDF_Z        0.95982       0.66514E-02
 NmcRat        1.0000        0.0000    
 BNS_F2nd     0.98447       0.12209E-01
 HERMES_F2p   0.99587       0.56758E-02
 HERMES_F2d   0.97739       0.58503E-02
 END 0. 0.

 # Hessian matrix (Bevington alpha)
   0.52037184252578E+07 -0.13325378400294E+07  0.19438622024632E+06  0.50607352291740E+06 -0.12832644174060E+06 -0.29060593038570E+05  0.53361147811444E+05  0.99251728557205E+06 -0.18540699684688E+06 -0.50230566413776E+05  0.72873568355019E+04  0.15627705087495E+05  0.17541344283040E+04 -0.11212612308645E+03  0.99203340990025E+04 -0.21904501177879E+04  0.10723023438596E+05  0.76500759750691E+04 -0.77550950489156E+07 -0.11980036011911E+04  0.43973353212631E+07  0.34861607867999E+05  0.12257656295205E+06  0.22190282058898E+06  0.12071360933524E+05  0.46709325668066E+05  0.23973277505486E+06 -0.13240042929699E+06 -0.56174440596168E+05 -0.53073930885887E+04 -0.86936353104425E+06 -0.11272541755986E+07 -0.20955017090853E+05 -0.47637045199325E+05 -0.32132330400372E+04 -0.20505797890926E+06 -0.23116423056958E+06 -0.92515649880738E+04 -0.32652215179217E+04 -0.18107751439847E+05  0.17143358325934E+05 -0.74462900757695E+05 -0.58750335294682E+05
  -0.13325378400294E+07  0.41640280114895E+06 -0.50834271610308E+05 -0.13758930561651E+06  0.34606960832020E+05  0.10511911218281E+05 -0.11161320174803E+05 -0.12568023622876E+06  0.26560943741832E+05  0.73906854998948E+04 -0.87338677691325E+03 -0.12195848383020E+04 -0.14166939718005E+03  0.13418646080811E+02  0.61581687841569E+03 -0.49656127135978E+02  0.11468590356979E+03  0.64170721425168E+02  0.25912115706306E+07  0.50194358772507E+03 -0.12586934288434E+07 -0.69399003163896E+04 -0.27995915482891E+05 -0.56685297952855E+05 -0.27808554092065E+04 -0.11622207197762E+05 -0.65586710278696E+05  0.16802174854409E+05  0.82982182440232E+04 -0.18954641567331E+03  0.21057332460911E+06  0.26591359183003E+06  0.57365733800087E+04  0.13209775182626E+05  0.42329502813213E+03  0.63906564798741E+05  0.71508295367542E+05  0.24410932505195E+04  0.77277747591597E+03 -0.22063983571132E+04 -0.22572237701039E+04  0.86910558757411E+04  0.73011145820493E+04
   0.19438622024632E+06 -0.50834271610308E+05  0.73136973732856E+04  0.18692837796026E+05 -0.48530783196956E+04 -0.13332500297495E+04  0.19122252558542E+04  0.28000338758400E+05 -0.50856517968876E+04 -0.16594026172084E+04  0.20892200929458E+03  0.42246046572507E+03  0.53787864855644E+02 -0.42726994820203E+01 -0.26975191972107E+03 -0.85305605711557E+01 -0.11946258894034E+03 -0.87598651570488E+00 -0.29683370038529E+06 -0.47142441695353E+02  0.16593758701395E+06  0.12712456358872E+04  0.44761358128493E+04  0.82350412531359E+04  0.44377176557857E+03  0.17241150279026E+04  0.89811828961242E+04 -0.46629794125494E+04 -0.19794254516886E+04  0.16905029248313E+02 -0.31736996538306E+05 -0.41328143801756E+05 -0.79432216004354E+03 -0.18126064197473E+04 -0.10060447155760E+03 -0.78773053714812E+04 -0.88628870617735E+04 -0.34552537095941E+03 -0.12074227853790E+03 -0.67812116665452E+02  0.60855351378925E+03 -0.22161728349400E+04 -0.17892561419254E+04
   0.50607352291740E+06 -0.13758930561651E+06  0.18692837796026E+05  0.40128833009903E+06 -0.62427929732272E+05  0.73883236899190E+05  0.63803336334896E+05  0.36337419792220E+06 -0.27744053897971E+05 -0.18372411033618E+05  0.31748191952247E+04 -0.13984350082999E+04 -0.15166471584845E+03  0.58691388532648E+02  0.31009084004648E+05 -0.37691448643224E+04  0.25240034622111E+05  0.14162249104608E+05 -0.22587189727093E+07 -0.14420994995868E+03  0.12225578864274E+07  0.12704882501427E+05  0.37414937916218E+05  0.88866827763412E+05  0.40893939310053E+04  0.14830706091312E+05  0.66374056465861E+05 -0.12889724100133E+05 -0.21370187893489E+05 -0.74728680667387E+02 -0.66410316543943E+05 -0.34500283811515E+06 -0.13791165264643E+04 -0.25031939135935E+04 -0.71819493369316E+02 -0.11791899091037E+05 -0.53213162369447E+05 -0.24861131921529E+04 -0.96622350089940E+03 -0.98573180928409E+04 -0.15812552645336E+05 -0.72708201937691E+04 -0.21559119380842E+05
  -0.12832644174060E+06  0.34606960832020E+05 -0.48530783196956E+04 -0.62427929732272E+05  0.11465755611946E+05 -0.74098392724613E+04 -0.90926856444824E+04 -0.33370348835931E+05  0.48409222096252E+03  0.23644299707523E+04 -0.31643664471669E+03 -0.23249658282509E+02  0.49787668610305E+01 -0.52537677673057E+01 -0.26072472310437E+04  0.32172078171842E+03 -0.20676043302795E+04 -0.11755751863916E+04  0.48378809910016E+06  0.51251163792203E+02 -0.25165257234531E+06 -0.23614493414283E+04 -0.69727021910706E+04 -0.17074342146986E+05 -0.71623921875431E+03 -0.26554685748225E+04 -0.13049152017991E+05  0.20013580198396E+04  0.33668765744861E+04 -0.56401507502143E+02  0.11805174721483E+05  0.62639734499327E+05  0.32297631529931E+03  0.56630459643778E+03  0.91094580908202E+01  0.29056318247264E+04  0.12922642188739E+05  0.46727832576770E+03  0.17316563012530E+03  0.37250694171026E+03  0.24990042981066E+04  0.81623868588676E+03  0.25190509733564E+04
  -0.29060593038570E+05  0.10511911218281E+05 -0.13332500297495E+04  0.73883236899190E+05 -0.74098392724613E+04  0.24114677545599E+05  0.14408700087310E+05  0.11034300246865E+06 -0.10378019126551E+05 -0.45643955466335E+04  0.94516565990121E+03 -0.71574367221077E+03 -0.67522411941157E+02  0.19837426285867E+02  0.94481247180980E+04 -0.11791594169465E+04  0.77894202601810E+04  0.44346747454754E+04 -0.44849568942829E+05  0.61185471402230E+02  0.66609435203302E+05  0.14039366151465E+04  0.39731989534003E+04  0.79354686093304E+04  0.56776544276866E+03  0.18581848727215E+04  0.50414624865886E+04 -0.27243760227807E+04 -0.41847227357745E+04  0.14874824102313E+03 -0.84011361258278E+04 -0.41057697201875E+05  0.13250819479493E+02 -0.92770482537338E+01 -0.18826094431397E+02  0.46011323953043E+03  0.17291786449339E+04 -0.24504496301828E+03 -0.12632586837578E+03 -0.31544030334431E+04 -0.32291095906638E+04 -0.18525376882211E+04 -0.53244192316782E+04
   0.53361147811444E+05 -0.11161320174803E+05  0.19122252558542E+04  0.63803336334896E+05 -0.90926856444824E+04  0.14408700087310E+05  0.11223974826639E+05  0.60793086622217E+05 -0.34165994521232E+04 -0.32502217847549E+04  0.54831126012367E+03 -0.23144423930228E+03 -0.27086413447820E+02  0.10436797639325E+02  0.48582200159126E+04 -0.61483303638183E+03  0.38931459561799E+04  0.22447296596869E+04 -0.23769777909719E+06  0.10217616630848E+02  0.15344133737208E+06  0.18711293300030E+04  0.53673621573187E+04  0.12151448009181E+05  0.64270703671946E+03  0.22100102838037E+04  0.86735079097423E+04 -0.24530478249020E+04 -0.38472123177539E+04  0.13568355269276E+03 -0.97988962320916E+04 -0.51104730524431E+05 -0.15534659726472E+03 -0.27443951384234E+03 -0.13192035128958E+02 -0.97954510668481E+03 -0.45771195724091E+04 -0.35402709671889E+03 -0.14957109589272E+03 -0.13397604313688E+04 -0.30892035926071E+04 -0.11449382802221E+04 -0.34095908533609E+04
   0.99251728557205E+06 -0.12568023622876E+06  0.28000338758400E+05  0.36337419792220E+06 -0.33370348835931E+05  0.11034300246865E+06  0.60793086622217E+05  0.54026329170329E+07 -0.24133516738492E+07 -0.89771851590978E+05  0.25960759574753E+05  0.27048947364344E+05  0.18283339498966E+04  0.11011044282789E+03  0.89640384979749E+05 -0.11372314748195E+05  0.84229361082375E+05  0.45603382567122E+05 -0.58311927559840E+06  0.43421781453690E+03  0.50692144061997E+06  0.17753571448592E+05  0.58311694003248E+05  0.93625034833128E+05  0.63338681984520E+04  0.23139228905465E+05  0.69139832872120E+05 -0.63166404925112E+05 -0.50799477115558E+05 -0.70379173340080E+05 -0.29589024065542E+06 -0.58216787316352E+06 -0.73900926259096E+05 -0.16679428515617E+06 -0.14116149615974E+04 -0.56654413628164E+04 -0.11145994387982E+05  0.22336449699223E+03  0.24386131301193E+03 -0.27486672570945E+06 -0.87583469284136E+04 -0.14469376916063E+06 -0.17898127556132E+06
  -0.18540699684688E+06  0.26560943741832E+05 -0.50856517968876E+04 -0.27744053897971E+05  0.48409222096252E+03 -0.10378019126551E+05 -0.34165994521232E+04 -0.24133516738492E+07  0.19303068018975E+07  0.19554743787470E+05 -0.64067010124653E+04 -0.56840818540211E+04 -0.31419722379532E+03 -0.15853655220347E+02  0.48084881738296E+05 -0.22152308831072E+04  0.14768972993611E+05  0.70606199141534E+04 -0.26351132189483E+05 -0.97001102951171E+02 -0.61576170213313E+04 -0.34107535456137E+04 -0.11824316629062E+05 -0.17465067671832E+05 -0.12723346605569E+04 -0.48340776715512E+04 -0.12634196393565E+05  0.11579806690220E+05  0.10982437027299E+05  0.24732815165754E+05  0.67188518600275E+05  0.12788365239807E+06  0.22884034527582E+05  0.51741558781518E+05  0.19108792368179E+03  0.59728258353814E+03  0.12090114445649E+04 -0.12440293885742E+04 -0.69067888942564E+03  0.11323833796162E+06  0.15647055955310E+04  0.45294852181119E+05  0.55501939782060E+05
  -0.50230566413776E+05  0.73906854998948E+04 -0.16594026172084E+04 -0.18372411033618E+05  0.23644299707523E+04 -0.45643955466335E+04 -0.32502217847549E+04 -0.89771851590978E+05  0.19554743787470E+05  0.26699050517402E+04 -0.61312700337586E+03 -0.67281703328112E+03 -0.59708299264741E+02 -0.19734901504010E+01 -0.40414815792559E+04  0.49361451699319E+03 -0.33179445767787E+04 -0.18787508745235E+04  0.56088263847078E+05 -0.12163509111972E+02 -0.45460162064511E+05 -0.80111393997305E+03 -0.24698475430710E+04 -0.43807118739479E+04 -0.27110926861109E+03 -0.95029907759293E+03 -0.33640772124989E+04  0.27577135941120E+04  0.19072944105609E+04  0.73806205812168E+03  0.11039936005797E+05  0.22955758864095E+05  0.14953912204238E+04  0.33130487961849E+04  0.43781048727195E+02  0.55264134668621E+03  0.10504346838564E+04  0.13028377485392E+03  0.58088070378708E+02  0.31477407609506E+04  0.43475155226614E+03  0.28414977925420E+04  0.35998435549975E+04
   0.72873568355019E+04 -0.87338677691325E+03  0.20892200929458E+03  0.31748191952247E+04 -0.31643664471669E+03  0.94516565990121E+03  0.54831126012367E+03  0.25960759574753E+05 -0.64067010124653E+04 -0.61312700337586E+03  0.16519232892629E+03  0.18820318065924E+03  0.13732682348571E+02  0.73203293755289E+00  0.12208994816694E+04 -0.13519333240843E+03  0.96850798795282E+03  0.52686295344998E+03 -0.59460968115942E+04  0.29850903785374E+01  0.47099932135446E+04  0.12652362734744E+03  0.40834272677241E+03  0.67300542720845E+03  0.44488622840346E+02  0.16025951426129E+03  0.49935615305054E+03 -0.45926222517660E+03 -0.34752143202331E+03 -0.33310599649689E+03 -0.19837449086295E+04 -0.39509431493305E+04 -0.41436747552127E+03 -0.93536880564540E+03 -0.10748692662319E+02 -0.44225260344183E+02 -0.86852179639362E+02 -0.13165455549706E+02 -0.61992503099215E+01 -0.11280105287894E+04 -0.63566519747727E+02 -0.80939787249484E+03 -0.10082787649544E+04
   0.15627705087495E+05 -0.12195848383020E+04  0.42246046572507E+03 -0.13984350082999E+04 -0.23249658282509E+02 -0.71574367221077E+03 -0.23144423930228E+03  0.27048947364344E+05 -0.56840818540211E+04 -0.67281703328112E+03  0.18820318065924E+03  0.16246640687557E+04  0.10796501000682E+03 -0.10066200475182E+01  0.13984942884321E+04 -0.19606682908286E+03  0.13986622553504E+04  0.81000183353807E+03 -0.61447606306585E+04 -0.48803372006690E+01  0.22893951438988E+04  0.12529285173941E+02  0.19104500162382E+03 -0.36985252744780E+03 -0.21870974870099E+02 -0.90663371771006E+02 -0.20778735424913E+03 -0.11307314123907E+04 -0.97870840800740E-01 -0.70101549151248E+03 -0.50519722211889E+04 -0.21439840049895E+02 -0.22885013256698E+04 -0.70078917794191E+02 -0.78779391529789E+02 -0.20704380274680E+00  0.29748982045725E-02 -0.17300181314126E+01 -0.74018259141784E+00  0.30364711709462E+03  0.30736079760232E+03 -0.27177483135675E+04 -0.59933683016462E+01
   0.17541344283040E+04 -0.14166939718005E+03  0.53787864855644E+02 -0.15166471584845E+03  0.49787668610305E+01 -0.67522411941157E+02 -0.27086413447820E+02  0.18283339498966E+04 -0.31419722379532E+03 -0.59708299264741E+02  0.13732682348571E+02  0.10796501000682E+03  0.97639758642767E+01 -0.17635756723079E+00  0.78115988230979E+02 -0.13143800345505E+02  0.82696203946088E+02  0.52208103187838E+02 -0.29429108385883E+03 -0.42851372531402E+00 -0.90481194538095E+02  0.30437049161167E+01  0.23996299184268E+02 -0.43226030116220E+02 -0.24835269256463E+01 -0.93932631559466E+01 -0.18538424982361E+02 -0.16656331097056E+03 -0.12674924974911E-01 -0.27569503771329E+02 -0.59438908724337E+03 -0.24404850761508E+01 -0.14405229095396E+03 -0.18387816736720E+02 -0.63966674737949E+01 -0.14795598990264E+00  0.20429889155965E-02 -0.18296539821428E+00 -0.70952162617532E-01  0.29782702875256E+02  0.68715412378290E+02 -0.19677884542354E+03 -0.46230391803638E+00
  -0.11212612308645E+03  0.13418646080811E+02 -0.42726994820203E+01  0.58691388532648E+02 -0.52537677673057E+01  0.19837426285867E+02  0.10436797639325E+02  0.11011044282789E+03 -0.15853655220347E+02 -0.19734901504010E+01  0.73203293755289E+00 -0.10066200475182E+01 -0.17635756723079E+00  0.57497481844155E-01  0.15565619213426E+02 -0.12179729728375E+01  0.96217601807109E+01  0.45495740339982E+01 -0.85664922897375E+02  0.31273918016859E-01  0.85303577384103E+02  0.37205218956192E+00  0.96814173800774E+00  0.33863180133947E+01  0.14239748536244E+00  0.46480801164822E+00  0.22489910209788E+01  0.73028323388964E-01 -0.42181584426179E-04 -0.67174927375150E+01 -0.99988275358646E+00 -0.33419329643375E-02 -0.37898044653283E+01 -0.28848788975883E-04 -0.15774584577025E+00  0.30543532123620E-12 -0.26202029540833E-11 -0.19067447034162E-02 -0.10438681619335E-02 -0.15965533431064E+01  0.92451198796338E-04 -0.37264692131204E+01 -0.57105916910485E-02
   0.99203340990025E+04  0.61581687841569E+03 -0.26975191972107E+03  0.31009084004648E+05 -0.26072472310437E+04  0.94481247180980E+04  0.48582200159126E+04  0.89640384979749E+05  0.48084881738296E+05 -0.40414815792559E+04  0.12208994816694E+04  0.13984942884321E+04  0.78115988230979E+02  0.15565619213426E+02  0.49724139174420E+05 -0.46249182778423E+04  0.33780133866859E+05  0.17603958831182E+05 -0.55018656244295E+05  0.15059961450223E+01 -0.14892663578098E+05 -0.13681100979009E+03 -0.42436456091911E+03 -0.43162988026089E+03 -0.44623958266326E+02 -0.15460823813645E+03 -0.43129081108655E+03 -0.26981021940009E+04 -0.17730774604116E+04 -0.24854745643341E+04  0.20153273584199E+04  0.43453243946807E+04 -0.14804405189618E+04 -0.29354053975539E+04 -0.72751941410126E+03  0.23504907938109E+03  0.42240721743994E+03 -0.28660593785459E+04 -0.15223842650658E+04 -0.24175062874132E+04  0.19204064472054E+03 -0.88985739864070E+03 -0.10046750561237E+04
  -0.21904501177879E+04 -0.49656127135978E+02 -0.85305605711557E+01 -0.37691448643224E+04  0.32172078171842E+03 -0.11791594169465E+04 -0.61483303638183E+03 -0.11372314748195E+05 -0.22152308831072E+04  0.49361451699319E+03 -0.13519333240843E+03 -0.19606682908286E+03 -0.13143800345505E+02 -0.12179729728375E+01 -0.46249182778423E+04  0.50044841049553E+03 -0.35602542782045E+04 -0.19324830493149E+04  0.64463946689328E+04 -0.77539245345014E+00  0.22914512614621E+04  0.14568736766791E+02  0.40545998552409E+02  0.26822393921124E+02  0.44436696927444E+01  0.14818147569127E+02  0.48151261241329E+02  0.49753006699564E+03  0.31220924772757E+03  0.28733234715789E+03 -0.16608063311191E+03 -0.50018194686834E+03  0.15354880261464E+03  0.30341993289873E+03  0.80520283208072E+02 -0.63081153334715E+02 -0.11185123566563E+03  0.43585723742861E+03  0.21567563321639E+03 -0.30156529279646E+03 -0.34629902332987E+02  0.24940051896859E+03  0.27985808494268E+03
   0.10723023438596E+05  0.11468590356979E+03 -0.11946258894034E+03  0.25240034622111E+05 -0.20676043302795E+04  0.77894202601810E+04  0.38931459561799E+04  0.84229361082375E+05  0.14768972993611E+05 -0.33179445767787E+04  0.96850798795282E+03  0.13986622553504E+04  0.82696203946088E+02  0.96217601807109E+01  0.33780133866859E+05 -0.35602542782045E+04  0.25887395357875E+05  0.13865784494984E+05 -0.45109420577918E+05 -0.28159419314906E+00 -0.13948245418093E+05 -0.15213621324196E+03 -0.45616133528759E+03 -0.51456590759668E+03 -0.51091259138441E+02 -0.16669969599325E+03 -0.43243589396221E+03 -0.23503402691402E+04 -0.15320470588786E+04 -0.23828173109637E+04  0.20494204566524E+04  0.42318518977746E+04 -0.11857935990778E+04 -0.23579943905127E+04 -0.57389925084638E+03  0.57626348280634E+02  0.11474073140302E+03 -0.23833179130565E+04 -0.12910068135232E+04  0.99404141465750E+03  0.19649074808065E+03 -0.14662719573623E+04 -0.16336523240594E+04
   0.76500759750691E+04  0.64170721425168E+02 -0.87598651570488E+00  0.14162249104608E+05 -0.11755751863916E+04  0.44346747454754E+04  0.22447296596869E+04  0.45603382567122E+05  0.70606199141534E+04 -0.18787508745235E+04  0.52686295344998E+03  0.81000183353807E+03  0.52208103187838E+02  0.45495740339982E+01  0.17603958831182E+05 -0.19324830493149E+04  0.13865784494984E+05  0.75341484105804E+04 -0.25117440531746E+05  0.10916893059900E+01 -0.87227469111355E+04 -0.82147921882141E+02 -0.23317406490688E+03 -0.23524808458135E+03 -0.26991853399260E+02 -0.85486910000074E+02 -0.23130820995677E+03 -0.16765965086776E+04 -0.10587942627572E+04 -0.12004651088520E+04  0.96503738875549E+03  0.23299265006208E+04 -0.60119717562658E+03 -0.11967210159024E+04 -0.31652536280000E+03  0.90006874920822E+02  0.16762848789312E+03 -0.15447475340340E+04 -0.80228717863613E+03  0.12435638863505E+04  0.14133856233469E+03 -0.10414385453878E+04 -0.11601356648336E+04
  -0.77550950489156E+07  0.25912115706306E+07 -0.29683370038529E+06 -0.22587189727093E+07  0.48378809910016E+06 -0.44849568942829E+05 -0.23769777909719E+06 -0.58311927559840E+06 -0.26351132189483E+05  0.56088263847078E+05 -0.59460968115942E+04 -0.61447606306585E+04 -0.29429108385883E+03 -0.85664922897375E+02 -0.55018656244295E+05  0.64463946689328E+04 -0.45109420577918E+05 -0.25117440531746E+05  0.33268970693773E+08  0.58272651443354E+04 -0.14130005024153E+08 -0.10299111090304E+06 -0.33366372640205E+06 -0.87799362745479E+06 -0.29242769525685E+05 -0.12411077811939E+06 -0.71116404258618E+06  0.34098402931522E+05  0.75800052921087E+05 -0.11855804356641E+04  0.56469166663863E+06  0.27746611441875E+07  0.17126461654784E+05  0.31360618098489E+05  0.21529941953616E+03  0.18390217777534E+06  0.80986900373899E+06  0.24313531470517E+05  0.76502451799328E+04 -0.18289517234667E+05  0.44328594455020E+05  0.20552093038378E+05  0.63862101319095E+05
  -0.11980036011911E+04  0.50194358772507E+03 -0.47142441695353E+02 -0.14420994995868E+03  0.51251163792203E+02  0.61185471402230E+02  0.10217616630848E+02  0.43421781453690E+03 -0.97001102951171E+02 -0.12163509111972E+02  0.29850903785374E+01 -0.48803372006690E+01 -0.42851372531402E+00  0.31273918016859E-01  0.15059961450223E+01 -0.77539245345014E+00 -0.28159419314906E+00  0.10916893059900E+01  0.58272651443354E+04  0.21156919425633E+01 -0.25557151778087E+04 -0.12746761594963E+02 -0.43999618341592E+02 -0.14007530791095E+03 -0.16793401666890E+01 -0.12636450625682E+02 -0.11032428483839E+03  0.00000000000000E+00 -0.31904549135442E+02  0.00000000000000E+00  0.00000000000000E+00  0.28518343951357E+03  0.00000000000000E+00 -0.63968322202019E+01  0.00000000000000E+00  0.00000000000000E+00  0.19316323425871E+03  0.00000000000000E+00  0.00000000000000E+00  0.00000000000000E+00  0.16391834850537E+02  0.00000000000000E+00 -0.32555952819083E+02
   0.43973353212631E+07 -0.12586934288434E+07  0.16593758701395E+06  0.12225578864274E+07 -0.25165257234531E+06  0.66609435203302E+05  0.15344133737208E+06  0.50692144061997E+06 -0.61576170213313E+04 -0.45460162064511E+05  0.47099932135446E+04  0.22893951438988E+04 -0.90481194538095E+02  0.85303577384103E+02 -0.14892663578098E+05  0.22914512614621E+04 -0.13948245418093E+05 -0.87227469111355E+04 -0.14130005024153E+08 -0.25557151778087E+04  0.10474538504269E+08  0.96257364828750E+05  0.28202482732914E+06  0.74799975336270E+06  0.27090798475958E+05  0.10340006955940E+06  0.54971600232656E+06  0.00000000000000E+00 -0.91812871639698E+05  0.00000000000000E+00  0.00000000000000E+00 -0.22734267315573E+07  0.00000000000000E+00  0.21775982427144E+05  0.00000000000000E+00  0.00000000000000E+00 -0.47365778456320E+06  0.00000000000000E+00  0.00000000000000E+00  0.00000000000000E+00  0.67165386236149E+05  0.00000000000000E+00 -0.76452910537924E+05
   0.34861607867999E+05 -0.69399003163896E+04  0.12712456358872E+04  0.12704882501427E+05 -0.23614493414283E+04  0.14039366151465E+04  0.18711293300030E+04  0.17753571448592E+05 -0.34107535456137E+04 -0.80111393997305E+03  0.12652362734744E+03  0.12529285173941E+02  0.30437049161167E+01  0.37205218956192E+00 -0.13681100979009E+03  0.14568736766791E+02 -0.15213621324196E+03 -0.82147921882141E+02 -0.10299111090304E+06 -0.12746761594963E+02  0.96257364828750E+05  0.11879412248607E+04  0.32654007582951E+04  0.82862097631906E+04  0.31546353353016E+03  0.11344411642608E+04  0.55592866978724E+04 -0.46142340478403E+02 -0.13259106944003E+04  0.43679186174445E+01  0.59312786661753E+03 -0.26132413422993E+05  0.00000000000000E+00 -0.86824013953410E+02  0.00000000000000E+00  0.20515231295296E+04 -0.31490567819288E+04  0.00000000000000E+00  0.00000000000000E+00  0.00000000000000E+00  0.12360776474794E+04 -0.30440147412493E+03 -0.16736291050775E+04
   0.12257656295205E+06 -0.27995915482891E+05  0.44761358128493E+04  0.37414937916218E+05 -0.69727021910706E+04  0.39731989534003E+04  0.53673621573187E+04  0.58311694003248E+05 -0.11824316629062E+05 -0.24698475430710E+04  0.40834272677241E+03  0.19104500162382E+03  0.23996299184268E+02  0.96814173800774E+00 -0.42436456091911E+03  0.40545998552409E+02 -0.45616133528759E+03 -0.23317406490688E+03 -0.33366372640205E+06 -0.43999618341592E+02  0.28202482732914E+06  0.32654007582951E+04  0.94156357855792E+04  0.22857328660370E+05  0.89729635130283E+03  0.32902665197138E+04  0.16191410247171E+05 -0.15184979425742E+03 -0.35117049888735E+04 -0.17524752909248E+02 -0.57608551807402E+04 -0.75671031959749E+05  0.00000000000000E+00 -0.22885076325772E+03  0.00000000000000E+00  0.30629314971504E+04 -0.10430505618744E+05  0.00000000000000E+00  0.00000000000000E+00  0.00000000000000E+00  0.35936409930204E+04 -0.17626315406410E+04 -0.49718659836254E+04
   0.22190282058898E+06 -0.56685297952855E+05  0.82350412531359E+04  0.88866827763412E+05 -0.17074342146986E+05  0.79354686093304E+04  0.12151448009181E+05  0.93625034833128E+05 -0.17465067671832E+05 -0.43807118739479E+04  0.67300542720845E+03 -0.36985252744780E+03 -0.43226030116220E+02  0.33863180133947E+01 -0.43162988026089E+03  0.26822393921124E+02 -0.51456590759668E+03 -0.23524808458135E+03 -0.87799362745479E+06 -0.14007530791095E+03  0.74799975336270E+06  0.82862097631906E+04  0.22857328660370E+05  0.65079929082718E+05  0.22630732961271E+04  0.83619759425472E+04  0.42354673681797E+05  0.23628422955092E+03 -0.11018575489224E+05 -0.43508923406388E+01  0.37235594613155E+05 -0.18521579639497E+06  0.00000000000000E+00 -0.73561466795908E+03  0.00000000000000E+00  0.16301783236799E+05 -0.27577089939651E+05  0.00000000000000E+00  0.00000000000000E+00  0.00000000000000E+00  0.60278516593664E+04  0.14726749775444E+04 -0.11710306763838E+05
   0.12071360933524E+05 -0.27808554092065E+04  0.44377176557857E+03  0.40893939310053E+04 -0.71623921875431E+03  0.56776544276866E+03  0.64270703671946E+03  0.63338681984520E+04 -0.12723346605569E+04 -0.27110926861109E+03  0.44488622840346E+02 -0.21870974870099E+02 -0.24835269256463E+01  0.14239748536244E+00 -0.44623958266326E+02  0.44436696927444E+01 -0.51091259138441E+02 -0.26991853399260E+02 -0.29242769525685E+05 -0.16793401666890E+01  0.27090798475958E+05  0.31546353353016E+03  0.89729635130283E+03  0.22630732961271E+04  0.10665613440591E+03  0.37366408497101E+03  0.16033683873923E+04  0.00000000000000E+00 -0.42003068008944E+03  0.00000000000000E+00  0.00000000000000E+00 -0.84673109038878E+04  0.00000000000000E+00 -0.27164322442836E+02  0.00000000000000E+00  0.00000000000000E+00 -0.57961682413404E+03  0.00000000000000E+00  0.00000000000000E+00  0.00000000000000E+00  0.16704219072005E+02  0.00000000000000E+00 -0.63524816860211E+03
   0.46709325668066E+05 -0.11622207197762E+05  0.17241150279026E+04  0.14830706091312E+05 -0.26554685748225E+04  0.18581848727215E+04  0.22100102838037E+04  0.23139228905465E+05 -0.48340776715512E+04 -0.95029907759293E+03  0.16025951426129E+03 -0.90663371771006E+02 -0.93932631559466E+01  0.46480801164822E+00 -0.15460823813645E+03  0.14818147569127E+02 -0.16669969599325E+03 -0.85486910000074E+02 -0.12411077811939E+06 -0.12636450625682E+02  0.10340006955940E+06  0.11344411642608E+04  0.32902665197138E+04  0.83619759425472E+04  0.37366408497101E+03  0.13638376080077E+04  0.59861416566169E+04  0.00000000000000E+00 -0.13356963345696E+04  0.00000000000000E+00  0.00000000000000E+00 -0.30462535828366E+05  0.00000000000000E+00 -0.86001051013675E+02  0.00000000000000E+00  0.00000000000000E+00 -0.34920151749228E+04  0.00000000000000E+00  0.00000000000000E+00  0.00000000000000E+00 -0.33198844261622E+02  0.00000000000000E+00 -0.23290682843683E+04
   0.23973277505486E+06 -0.65586710278696E+05  0.89811828961242E+04  0.66374056465861E+05 -0.13049152017991E+05  0.50414624865886E+04  0.86735079097423E+04  0.69139832872120E+05 -0.12634196393565E+05 -0.33640772124989E+04  0.49935615305054E+03 -0.20778735424913E+03 -0.18538424982361E+02  0.22489910209788E+01 -0.43129081108655E+03  0.48151261241329E+02 -0.43243589396221E+03 -0.23130820995677E+03 -0.71116404258618E+06 -0.11032428483839E+03  0.54971600232656E+06  0.55592866978724E+04  0.16191410247171E+05  0.42354673681797E+05  0.16033683873923E+04  0.59861416566169E+04  0.31353152808743E+05  0.00000000000000E+00 -0.75609919357560E+04  0.00000000000000E+00  0.00000000000000E+00 -0.13171040498777E+06  0.00000000000000E+00 -0.50481721221472E+03  0.00000000000000E+00  0.00000000000000E+00 -0.21811221100941E+05  0.00000000000000E+00  0.00000000000000E+00  0.00000000000000E+00  0.80224168472612E+04  0.00000000000000E+00 -0.80579132363366E+04
  -0.13240042929699E+06  0.16802174854409E+05 -0.46629794125494E+04 -0.12889724100133E+05  0.20013580198396E+04 -0.27243760227807E+04 -0.24530478249020E+04 -0.63166404925112E+05  0.11579806690220E+05  0.27577135941120E+04 -0.45926222517660E+03 -0.11307314123907E+04 -0.16656331097056E+03  0.73028323388964E-01 -0.26981021940009E+04  0.49753006699564E+03 -0.23503402691402E+04 -0.16765965086776E+04  0.34098402931522E+05  0.00000000000000E+00  0.00000000000000E+00 -0.46142340478403E+02 -0.15184979425742E+03  0.23628422955092E+03  0.00000000000000E+00  0.00000000000000E+00  0.00000000000000E+00  0.11696975216882E+06  0.00000000000000E+00  0.00000000000000E+00  0.00000000000000E+00  0.00000000000000E+00  0.00000000000000E+00  0.00000000000000E+00  0.00000000000000E+00  0.00000000000000E+00  0.00000000000000E+00  0.00000000000000E+00  0.00000000000000E+00  0.00000000000000E+00  0.00000000000000E+00  0.00000000000000E+00  0.00000000000000E+00
  -0.56174440596168E+05  0.82982182440232E+04 -0.19794254516886E+04 -0.21370187893489E+05  0.33668765744861E+04 -0.41847227357745E+04 -0.38472123177539E+04 -0.50799477115558E+05  0.10982437027299E+05  0.19072944105609E+04 -0.34752143202331E+03 -0.97870840800740E-01 -0.12674924974911E-01 -0.42181584426179E-04 -0.17730774604116E+04  0.31220924772757E+03 -0.15320470588786E+04 -0.10587942627572E+04  0.75800052921087E+05 -0.31904549135442E+02 -0.91812871639698E+05 -0.13259106944003E+04 -0.35117049888735E+04 -0.11018575489224E+05 -0.42003068008944E+03 -0.13356963345696E+04 -0.75609919357560E+04  0.00000000000000E+00  0.65045720207293E+05  0.00000000000000E+00  0.00000000000000E+00  0.00000000000000E+00  0.00000000000000E+00  0.00000000000000E+00  0.00000000000000E+00  0.00000000000000E+00  0.00000000000000E+00  0.00000000000000E+00  0.00000000000000E+00  0.00000000000000E+00  0.00000000000000E+00  0.00000000000000E+00  0.00000000000000E+00
  -0.53073930885887E+04 -0.18954641567331E+03  0.16905029248313E+02 -0.74728680667387E+02 -0.56401507502143E+02  0.14874824102313E+03  0.13568355269276E+03 -0.70379173340080E+05  0.24732815165754E+05  0.73806205812168E+03 -0.33310599649689E+03 -0.70101549151248E+03 -0.27569503771329E+02 -0.67174927375150E+01 -0.24854745643341E+04  0.28733234715789E+03 -0.23828173109637E+04 -0.12004651088520E+04 -0.11855804356641E+04  0.00000000000000E+00  0.00000000000000E+00  0.43679186174445E+01 -0.17524752909248E+02 -0.43508923406388E+01  0.00000000000000E+00  0.00000000000000E+00  0.00000000000000E+00  0.00000000000000E+00  0.00000000000000E+00  0.30779409688929E+05  0.00000000000000E+00  0.00000000000000E+00  0.00000000000000E+00  0.00000000000000E+00  0.00000000000000E+00  0.00000000000000E+00  0.00000000000000E+00  0.00000000000000E+00  0.00000000000000E+00  0.00000000000000E+00  0.00000000000000E+00  0.00000000000000E+00  0.00000000000000E+00
  -0.86936353104425E+06  0.21057332460911E+06 -0.31736996538306E+05 -0.66410316543943E+05  0.11805174721483E+05 -0.84011361258278E+04 -0.97988962320916E+04 -0.29589024065542E+06  0.67188518600275E+05  0.11039936005797E+05 -0.19837449086295E+04 -0.50519722211889E+04 -0.59438908724337E+03 -0.99988275358646E+00  0.20153273584199E+04 -0.16608063311191E+03  0.20494204566524E+04  0.96503738875549E+03  0.56469166663863E+06  0.00000000000000E+00  0.00000000000000E+00  0.59312786661753E+03 -0.57608551807402E+04  0.37235594613155E+05  0.00000000000000E+00  0.00000000000000E+00  0.00000000000000E+00  0.00000000000000E+00  0.00000000000000E+00  0.00000000000000E+00  0.58080252768957E+06  0.00000000000000E+00  0.00000000000000E+00  0.00000000000000E+00  0.00000000000000E+00  0.00000000000000E+00  0.00000000000000E+00  0.00000000000000E+00  0.00000000000000E+00  0.00000000000000E+00  0.00000000000000E+00  0.00000000000000E+00  0.00000000000000E+00
  -0.11272541755986E+07  0.26591359183003E+06 -0.41328143801756E+05 -0.34500283811515E+06  0.62639734499327E+05 -0.41057697201875E+05 -0.51104730524431E+05 -0.58216787316352E+06  0.12788365239807E+06  0.22955758864095E+05 -0.39509431493305E+04 -0.21439840049895E+02 -0.24404850761508E+01 -0.33419329643375E-02  0.43453243946807E+04 -0.50018194686834E+03  0.42318518977746E+04  0.23299265006208E+04  0.27746611441875E+07  0.28518343951357E+03 -0.22734267315573E+07 -0.26132413422993E+05 -0.75671031959749E+05 -0.18521579639497E+06 -0.84673109038878E+04 -0.30462535828366E+05 -0.13171040498777E+06  0.00000000000000E+00  0.00000000000000E+00  0.00000000000000E+00  0.00000000000000E+00  0.92280352646638E+06  0.00000000000000E+00  0.00000000000000E+00  0.00000000000000E+00  0.00000000000000E+00  0.00000000000000E+00  0.00000000000000E+00  0.00000000000000E+00  0.00000000000000E+00  0.00000000000000E+00  0.00000000000000E+00  0.00000000000000E+00
  -0.20955017090853E+05  0.57365733800087E+04 -0.79432216004354E+03 -0.13791165264643E+04  0.32297631529931E+03  0.13250819479493E+02 -0.15534659726472E+03 -0.73900926259096E+05  0.22884034527582E+05  0.14953912204238E+04 -0.41436747552127E+03 -0.22885013256698E+04 -0.14405229095396E+03 -0.37898044653283E+01 -0.14804405189618E+04  0.15354880261464E+03 -0.11857935990778E+04 -0.60119717562658E+03  0.17126461654784E+05  0.00000000000000E+00  0.00000000000000E+00  0.00000000000000E+00  0.00000000000000E+00  0.00000000000000E+00  0.00000000000000E+00  0.00000000000000E+00  0.00000000000000E+00  0.00000000000000E+00  0.00000000000000E+00  0.00000000000000E+00  0.00000000000000E+00  0.00000000000000E+00  0.14289542507994E+05  0.00000000000000E+00  0.00000000000000E+00  0.00000000000000E+00  0.00000000000000E+00  0.00000000000000E+00  0.00000000000000E+00  0.00000000000000E+00  0.00000000000000E+00  0.00000000000000E+00  0.00000000000000E+00
  -0.47637045199325E+05  0.13209775182626E+05 -0.18126064197473E+04 -0.25031939135935E+04  0.56630459643778E+03 -0.92770482537338E+01 -0.27443951384234E+03 -0.16679428515617E+06  0.51741558781518E+05  0.33130487961849E+04 -0.93536880564540E+03 -0.70078917794191E+02 -0.18387816736720E+02 -0.28848788975883E-04 -0.29354053975539E+04  0.30341993289873E+03 -0.23579943905127E+04 -0.11967210159024E+04  0.31360618098489E+05 -0.63968322202019E+01  0.21775982427144E+05 -0.86824013953410E+02 -0.22885076325772E+03 -0.73561466795908E+03 -0.27164322442836E+02 -0.86001051013675E+02 -0.50481721221472E+03  0.00000000000000E+00  0.00000000000000E+00  0.00000000000000E+00  0.00000000000000E+00  0.00000000000000E+00  0.00000000000000E+00  0.31407202793251E+05  0.00000000000000E+00  0.00000000000000E+00  0.00000000000000E+00  0.00000000000000E+00  0.00000000000000E+00  0.00000000000000E+00  0.00000000000000E+00  0.00000000000000E+00  0.00000000000000E+00
  -0.32132330400372E+04  0.42329502813213E+03 -0.10060447155760E+03 -0.71819493369316E+02  0.91094580908202E+01 -0.18826094431397E+02 -0.13192035128958E+02 -0.14116149615974E+04  0.19108792368179E+03  0.43781048727195E+02 -0.10748692662319E+02 -0.78779391529789E+02 -0.63966674737949E+01 -0.15774584577025E+00 -0.72751941410126E+03  0.80520283208072E+02 -0.57389925084638E+03 -0.31652536280000E+03  0.21529941953616E+03  0.00000000000000E+00  0.00000000000000E+00  0.00000000000000E+00  0.00000000000000E+00  0.00000000000000E+00  0.00000000000000E+00  0.00000000000000E+00  0.00000000000000E+00  0.00000000000000E+00  0.00000000000000E+00  0.00000000000000E+00  0.00000000000000E+00  0.00000000000000E+00  0.00000000000000E+00  0.00000000000000E+00  0.37972597296543E+04  0.00000000000000E+00  0.00000000000000E+00  0.00000000000000E+00  0.00000000000000E+00  0.00000000000000E+00  0.00000000000000E+00  0.00000000000000E+00  0.00000000000000E+00
  -0.20505797890926E+06  0.63906564798741E+05 -0.78773053714812E+04 -0.11791899091037E+05  0.29056318247264E+04  0.46011323953043E+03 -0.97954510668481E+03 -0.56654413628164E+04  0.59728258353814E+03  0.55264134668621E+03 -0.44225260344183E+02 -0.20704380274680E+00 -0.14795598990264E+00  0.30543532123620E-12  0.23504907938109E+03 -0.63081153334715E+02  0.57626348280634E+02  0.90006874920822E+02  0.18390217777534E+06  0.00000000000000E+00  0.00000000000000E+00  0.20515231295296E+04  0.30629314971504E+04  0.16301783236799E+05  0.00000000000000E+00  0.00000000000000E+00  0.00000000000000E+00  0.00000000000000E+00  0.00000000000000E+00  0.00000000000000E+00  0.00000000000000E+00  0.00000000000000E+00  0.00000000000000E+00  0.00000000000000E+00  0.00000000000000E+00  0.10627733271675E+06  0.00000000000000E+00  0.00000000000000E+00  0.00000000000000E+00  0.00000000000000E+00  0.00000000000000E+00  0.00000000000000E+00  0.00000000000000E+00
  -0.23116423056958E+06  0.71508295367542E+05 -0.88628870617735E+04 -0.53213162369447E+05  0.12922642188739E+05  0.17291786449339E+04 -0.45771195724091E+04 -0.11145994387982E+05  0.12090114445649E+04  0.10504346838564E+04 -0.86852179639362E+02  0.29748982045725E-02  0.20429889155965E-02 -0.26202029540833E-11  0.42240721743994E+03 -0.11185123566563E+03  0.11474073140302E+03  0.16762848789312E+03  0.80986900373899E+06  0.19316323425871E+03 -0.47365778456320E+06 -0.31490567819288E+04 -0.10430505618744E+05 -0.27577089939651E+05 -0.57961682413404E+03 -0.34920151749228E+04 -0.21811221100941E+05  0.00000000000000E+00  0.00000000000000E+00  0.00000000000000E+00  0.00000000000000E+00  0.00000000000000E+00  0.00000000000000E+00  0.00000000000000E+00  0.00000000000000E+00  0.00000000000000E+00  0.13884035617479E+06  0.00000000000000E+00  0.00000000000000E+00  0.00000000000000E+00  0.00000000000000E+00  0.00000000000000E+00  0.00000000000000E+00
