# fitpack15: fit parameters                                                                         
# CJ15 AV18 final data choices                                                                      
# Created on 01/15/2020 at 22:43:55                                                                 

 # QCD setup
  INS                           0
  NVL                          11
  IORD                          1
  Q02                   1.6899999999999999     
  IPARAMC                       7
  FLAVOR                4.0000000000000000     
  xmc                   1.3000000000000000     
  xmb                   4.5000000000000000     
  ncb                          12
  ihq                           1
  ias                           0

 # Theory corrections
  inuke                     10814
  itmc                          1
  iht                           1

 # fit parameters
 LAMBDA       0.22680        0.0000    
 a0uv          1.9544        0.0000    
 a1uv         0.56854       0.23577E-01
 a2uv          3.5568       0.11682E-01
 a3uv          0.0000        0.0000    
 a4uv          4.5691       0.63047    
 a5uv          0.0000        0.0000    
 a0dv          25.079        0.0000    
 a1dv          1.1575       0.33162E-01
 a2dv          6.6252       0.15914    
 a3dv         -3.5594       0.84782E-01
 a4dv          4.7851       0.13960    
 a5dv          0.0000        0.0000    
 a0ud         0.14199       0.49835E-02
 a1ud        -0.21085       0.38200E-02
 a2ud          8.4259       0.18948    
 a3ud          0.0000        0.0000    
 a4ud          15.776        1.3095    
 a5ud          0.0000        0.0000    
 a0du          35712.        0.0000    
 a1du          4.0847       0.86246E-01
 a2du          20.134       0.95844    
 a3du          17.000        0.0000    
 a4du          53.121        11.954    
 a0g           47.575        0.0000    
 a1g          0.61047       0.32751E-01
 a2g           6.8490       0.97070    
 a3g          -3.3826       0.14904    
 a4g           3.4048       0.38105    
 a5g           0.0000        0.0000    
 kappa        0.40000        0.0000    
 a6dv        -0.39219E-02   0.67145E-03
 a7dv          2.0000        0.0000    
 off1         -2.6899        1.8385    
 off2         0.50994E-01   0.12897E-01
 ht1          -3.5706       0.34742    
 ht2           2.0907       0.12486    
 ht3          -2.0478       0.35549E-01
 ht4           0.0000        0.0000    
 ht1n         -3.7479        1.0445    
 ht2n          2.0041       0.34493    
 ht3n         -2.1238       0.67544E-01
 ht4n          0.0000        0.0000    
 dummy44       0.0000        0.0000    
 dummy45       0.0000        0.0000    
 dummy46       0.0000        0.0000    
 dummy47       0.0000        0.0000    
 dummy48       0.0000        0.0000    
 dummy49       0.0000        0.0000    
 bcdmsh2      0.97003       0.48544E-02
 bcdmsd2      0.99007       0.58556E-02
 ccfr          1.0000        0.0000    
 nutev         1.0000        0.0000    
 zeus         0.97998        0.0000    
 h1            1.0162        0.0000    
 e605          1.0319        0.0000    
 NmcH2         1.0064       0.71342E-02
 ntv_nu        1.0000        0.0000    
 ntv_nubar     1.0000        0.0000    
 cdf_jet      0.98910        0.0000    
 d0_jet       0.83504        0.0000    
 slac_p        1.0020       0.50389E-02
 slac_d        1.0013       0.53133E-02
 e866pp       0.98186       0.19974E-01
 e866pd       0.96969       0.16460E-01
 d0_gamjet     1.0363       0.16488E-01
 h1b          0.97608        0.0000    
 jlab_p       0.99055       0.62872E-02
 jlab_d       0.97454       0.60162E-02
 blank         1.0000        0.0000    
 d0run2       0.94452       0.14211E-01
 cdfrun2      0.93128       0.17322E-01
 HERA_el       1.0000        0.0000    
 HERA_ps       1.0000        0.0000    
 CDF_Z        0.95920       0.66369E-02
 NmcRat        1.0000        0.0000    
 BNS_F2nd     0.98285       0.11803E-01
 HERMES_F2p   0.99590       0.56746E-02
 HERMES_F2d   0.97758       0.58474E-02
 END 0. 0.

 # Hessian matrix (Bevington alpha)
   0.51939152303150E+07 -0.13315941553798E+07  0.19510432205089E+06  0.50398691984043E+06 -0.12792894760971E+06 -0.29759340255766E+05  0.53187529436261E+05  0.98896024692817E+06 -0.18417334272770E+06 -0.50179665695582E+05  0.73144987961058E+04  0.15364221014482E+05  0.17255079683890E+04 -0.10661023293409E+03  0.96606718568040E+04 -0.21494188635636E+04  0.10090409077041E+05  0.72692395206540E+04 -0.78440770124678E+07 -0.16782699595410E+04 -0.99329399896525E+06  0.32017573122470E+05  0.11504955693802E+06  0.19812378203694E+06  0.11245096481701E+05  0.43735356913907E+05  0.22262527336512E+06 -0.13225373029304E+06 -0.56063342861805E+05 -0.52637228951757E+04 -0.86865640097703E+06 -0.11262838185811E+07 -0.20982147049441E+05 -0.47534171661757E+05 -0.32082069551105E+04 -0.20491586378524E+06 -0.23109211206482E+06 -0.92325820610840E+04 -0.32576322990957E+04 -0.18077480489887E+05  0.17114845585557E+05 -0.74369145716219E+05 -0.58616164080026E+05
  -0.13315941553798E+07  0.41661244310043E+06 -0.51096148763770E+05 -0.13735933903524E+06  0.34554282019333E+05  0.10722039808167E+05 -0.11119285637480E+05 -0.12545775751525E+06  0.26436517297882E+05  0.74005565783722E+04 -0.87834437901906E+03 -0.12002531516934E+04 -0.13947533002013E+03  0.12778274553254E+02  0.64537976893886E+03 -0.53046757151616E+02  0.13713688793566E+03  0.75354168514303E+02  0.26256242446719E+07  0.63524777701714E+03  0.28317860705846E+06 -0.61103503563819E+04 -0.25819205994441E+05 -0.49722885506057E+05 -0.25581090376945E+04 -0.10773572985656E+05 -0.60559136797642E+05  0.16793394768442E+05  0.82942655067280E+04 -0.19457369376701E+03  0.21053611519832E+06  0.26621317497077E+06  0.57484459276716E+04  0.13191069023357E+05  0.42273214075815E+03  0.63900046517610E+05  0.71602543957074E+05  0.24378190856609E+04  0.77158159207901E+03 -0.22150802258652E+04 -0.22561572794251E+04  0.86854624433467E+04  0.72969333455398E+04
   0.19510432205089E+06 -0.51096148763770E+05  0.73822296343247E+04  0.18734483671623E+05 -0.48674771761696E+04 -0.13667190891453E+04  0.19172863122712E+04  0.28032321770715E+05 -0.50709878532035E+04 -0.16665824230530E+04  0.21080913529404E+03  0.41729888863141E+03  0.53130907833594E+02 -0.40481543968407E+01 -0.27946164670232E+03 -0.71466238504743E+01 -0.12871781366450E+03 -0.72680424742935E+01 -0.30209373289052E+06 -0.65629908118483E+02 -0.37692867066492E+05  0.11699364491889E+04  0.42146772811481E+04  0.73768449911053E+04  0.41526826455312E+03  0.16214989692620E+04  0.83808445213167E+04 -0.46801116639475E+04 -0.19859642208311E+04  0.18578717960090E+02 -0.31881614969960E+05 -0.41529137903626E+05 -0.79982507295199E+03 -0.18188742714117E+04 -0.10090182044314E+03 -0.79176342893491E+04 -0.89145039554301E+04 -0.34672630902045E+03 -0.12111735224292E+03 -0.65727419144742E+02  0.61072518712243E+03 -0.22230369630310E+04 -0.17937608471625E+04
   0.50398691984043E+06 -0.13735933903524E+06  0.18734483671623E+05  0.40087626286930E+06 -0.62338677280676E+05  0.74379181497606E+05  0.64115561255609E+05  0.36283154850952E+06 -0.27908855138229E+05 -0.18336579128838E+05  0.31859865823979E+04 -0.13969155964921E+04 -0.15044018655131E+03  0.55157211599066E+02  0.30957705405145E+05 -0.37578472505848E+04  0.24522655837553E+05  0.13768644239815E+05 -0.22845047788605E+07 -0.28235860478187E+03 -0.27587723246962E+06  0.11923967548499E+05  0.35348064857059E+05  0.82314624434987E+05  0.38376322690699E+04  0.14006555849982E+05  0.61751529754418E+05 -0.12875872498492E+05 -0.21330083654587E+05 -0.67723460827288E+02 -0.66372718941670E+05 -0.34459859222241E+06 -0.13662762034463E+04 -0.24931722515026E+04 -0.70759720894811E+02 -0.11783986028334E+05 -0.53179909146490E+05 -0.24812468350188E+04 -0.96405956583463E+03 -0.98260299554242E+04 -0.15889905680244E+05 -0.72630318586788E+04 -0.21520633858870E+05
  -0.12792894760971E+06  0.34554282019333E+05 -0.48674771761696E+04 -0.62338677280676E+05  0.11446217216561E+05 -0.74507186956670E+04 -0.91286692467514E+04 -0.33374029783709E+05  0.51677458799861E+03  0.23627185058220E+04 -0.31804956788818E+03 -0.20037721273440E+02  0.50500126721123E+01 -0.49120528481377E+01 -0.25978506708329E+04  0.31986783488538E+03 -0.20053064807713E+04 -0.11406049062737E+04  0.48913351378881E+06  0.79182788815116E+02  0.56703150373799E+05 -0.21962291225113E+04 -0.65359271196016E+04 -0.15683624984810E+05 -0.66815200766471E+03 -0.24882141734630E+04 -0.12060148137697E+05  0.19994114519011E+04  0.33631300945161E+04 -0.57336837180382E+02  0.11791167405565E+05  0.62589676216994E+05  0.32015857440639E+03  0.56385424897639E+03  0.89520010111432E+01  0.29006598371109E+04  0.12917487928665E+05  0.46605455922099E+03  0.17271123505363E+03  0.37037285855694E+03  0.25096236995280E+04  0.81523931959995E+03  0.25156409214828E+04
  -0.29759340255766E+05  0.10722039808167E+05 -0.13667190891453E+04  0.74379181497606E+05 -0.74507186956670E+04  0.24502192529996E+05  0.14616795584334E+05  0.11095719891777E+06 -0.10496481261222E+05 -0.45854995835801E+04  0.95506082625176E+03 -0.71476967865717E+03 -0.67257520033713E+02  0.18773377891922E+02  0.95067061866081E+04 -0.11854775089342E+04  0.76173260456299E+04  0.43414041023504E+04 -0.44428741915575E+05  0.52753723878842E+02 -0.15345703518821E+05  0.13806441430396E+04  0.39091620215526E+04  0.77134420294156E+04  0.54742412148960E+03  0.18193434891892E+04  0.48983167383966E+04 -0.27451807978096E+04 -0.42071176500680E+04  0.15277864324816E+03 -0.84634284531832E+04 -0.41197601044906E+05  0.14425700921635E+02 -0.81734959413612E+01 -0.18776661718537E+02  0.46539114419360E+03  0.17889668671840E+04 -0.24652866580689E+03 -0.12706201198698E+03 -0.31678389553559E+04 -0.32765945169374E+04 -0.18640633432047E+04 -0.53517182862521E+04
   0.53187529436261E+05 -0.11119285637480E+05  0.19172863122712E+04  0.64115561255609E+05 -0.91286692467514E+04  0.14616795584334E+05  0.11358808093136E+05  0.61132703525882E+05 -0.34838581526037E+04 -0.32645902793837E+04  0.55407342748362E+03 -0.23318214415365E+03 -0.27057791541253E+02  0.98456302817171E+01  0.48785844410928E+04 -0.61652913300672E+03  0.38000218980689E+04  0.21928461434571E+04 -0.24093485463945E+06 -0.76607344728798E+01 -0.34899683844746E+05  0.17855120366206E+04  0.51411595423337E+04  0.11410249941731E+05  0.61082096304144E+03  0.21184178307900E+04  0.81578482811803E+04 -0.24669754520789E+04 -0.38652007382979E+04  0.13823495739307E+03 -0.98490062252506E+04 -0.51299397309216E+05 -0.15417567012472E+03 -0.27400360619321E+03 -0.13108900580320E+02 -0.98039814315013E+03 -0.45710767679724E+04 -0.35527786440435E+03 -0.15012058074840E+03 -0.13443289579796E+04 -0.31255249551955E+04 -0.11507612938817E+04 -0.34245040519635E+04
   0.98896024692817E+06 -0.12545775751525E+06  0.28032321770715E+05  0.36283154850952E+06 -0.33374029783709E+05  0.11095719891777E+06  0.61132703525882E+05  0.53866357650831E+07 -0.24090172512401E+07 -0.89459716155472E+05  0.25986695017755E+05  0.26519858140713E+05  0.17951268692815E+04  0.98514765964159E+02  0.89168554705239E+05 -0.11305172660701E+05  0.81583343201607E+05  0.44219803807170E+05 -0.59117216996325E+06  0.36523773608260E+03 -0.11815084776218E+06  0.17867213272442E+05  0.58560439346516E+05  0.94659337446090E+05  0.61962651432103E+04  0.22811573306053E+05  0.69926859298610E+05 -0.63162097783019E+05 -0.50616222924357E+05 -0.70416838925955E+05 -0.29582084683418E+06 -0.58141047183034E+06 -0.73981030494825E+05 -0.16645190543244E+06 -0.14123897002165E+04 -0.56741226114857E+04 -0.11187003564337E+05  0.23465429676899E+03  0.25350948751344E+03 -0.27441686117239E+06 -0.87721872088551E+04 -0.14464445321700E+06 -0.17837755224608E+06
  -0.18417334272770E+06  0.26436517297882E+05 -0.50709878532035E+04 -0.27908855138229E+05  0.51677458799861E+03 -0.10496481261222E+05 -0.34838581526037E+04 -0.24090172512401E+07  0.19291977979876E+07  0.19480793175736E+05 -0.64093833577376E+04 -0.55651857136311E+04 -0.30753021692488E+03 -0.13807115535931E+02  0.48012059627184E+05 -0.22218811539036E+04  0.14544636249523E+05  0.69365988682992E+04 -0.26043001765507E+05 -0.94284212258049E+02  0.20776479869513E+04 -0.35395206297044E+04 -0.12150676241417E+05 -0.18571163490441E+05 -0.12685497940459E+04 -0.48378625819862E+04 -0.13413099291225E+05  0.11581119316374E+05  0.10929985465123E+05  0.24743878355052E+05  0.67166308724337E+05  0.12764918144101E+06  0.22909927802908E+05  0.51617686134186E+05  0.19123399831453E+03  0.59485179319340E+03  0.12080200997603E+04 -0.12470355089883E+04 -0.69380400877507E+03  0.11308219522436E+06  0.15675632112525E+04  0.45278699501478E+05  0.55298589376710E+05
  -0.50179665695582E+05  0.74005565783722E+04 -0.16665824230530E+04 -0.18336579128838E+05  0.23627185058220E+04 -0.45854995835801E+04 -0.32645902793837E+04 -0.89459716155472E+05  0.19480793175736E+05  0.26625194560656E+04 -0.61432155276794E+03 -0.66060353409183E+03 -0.58721704839337E+02 -0.17641619892828E+01 -0.40258357624500E+04  0.49120480572598E+03 -0.32126087526218E+04 -0.18210449492135E+04  0.56858911050629E+05 -0.65309053424886E+01  0.10429649723862E+05 -0.78156591435239E+03 -0.24170023059806E+04 -0.42181302581415E+04 -0.26030339340062E+03 -0.92095642754759E+03 -0.32537565009710E+04  0.27566539509413E+04  0.19032867549843E+04  0.73778819681518E+03  0.11039885988793E+05  0.22948412345972E+05  0.14966868440665E+04  0.33089051367761E+04  0.43766671180245E+02  0.55451785586472E+03  0.10558728939931E+04  0.12993951131289E+03  0.57855630102849E+02  0.31402117469822E+04  0.43539616007235E+03  0.28401597736196E+04  0.35902050344422E+04
   0.73144987961058E+04 -0.87834437901906E+03  0.21080913529404E+03  0.31859865823979E+04 -0.31804956788818E+03  0.95506082625176E+03  0.55407342748362E+03  0.25986695017755E+05 -0.64093833577376E+04 -0.61432155276794E+03  0.16623045415006E+03  0.18560180443341E+03  0.13573008246048E+02  0.65621026702457E+00  0.12227640812249E+04 -0.13536505600441E+03  0.94467597643167E+03  0.51435616886348E+03 -0.60591700782361E+04  0.23782211138041E+01 -0.10978345325527E+04  0.12677192273807E+03  0.40908170229824E+03  0.67323663342465E+03  0.43475097427143E+02  0.15800692390210E+03  0.50026309241897E+03 -0.46197047591832E+03 -0.34841449617289E+03 -0.33447506861151E+03 -0.19946792284811E+04 -0.39693642440481E+04 -0.41677967021011E+03 -0.93812852703655E+03 -0.10809594249673E+02 -0.44624622872224E+02 -0.87811114132916E+02 -0.13201023043613E+02 -0.61962793116360E+01 -0.11302269864756E+04 -0.64051738057262E+02 -0.81301825643649E+03 -0.10099585812465E+04
   0.15364221014482E+05 -0.12002531516934E+04  0.41729888863141E+03 -0.13969155964921E+04 -0.20037721273440E+02 -0.71476967865717E+03 -0.23318214415365E+03  0.26519858140713E+05 -0.55651857136311E+04 -0.66060353409183E+03  0.18560180443341E+03  0.15638232884450E+04  0.10428368969734E+03 -0.11651139964847E+01  0.13688630276485E+04 -0.19185292539862E+03  0.13268836057528E+04  0.77066775112365E+03 -0.60424912094545E+04 -0.49874694225891E+01 -0.49414456706803E+03  0.73139263615590E+01  0.17404742471797E+03 -0.40625101196233E+03 -0.22113590213327E+02 -0.91016401481109E+02 -0.23388095681144E+03 -0.11148791994642E+04 -0.73686119234301E-01 -0.68504051118302E+03 -0.49701106476519E+04 -0.16419230209118E+02 -0.22434739674924E+04 -0.69130845957974E+02 -0.77398237226080E+02 -0.20479336487131E+00  0.28366820275746E-02 -0.17015250720828E+01 -0.72828083046020E+00  0.29106347526331E+03  0.30440382673140E+03 -0.26667796040988E+04 -0.44173351936571E+01
   0.17255079683890E+04 -0.13947533002013E+03  0.53130907833594E+02 -0.15044018655131E+03  0.50500126721123E+01 -0.67257520033713E+02 -0.27057791541253E+02  0.17951268692815E+04 -0.30753021692488E+03 -0.58721704839337E+02  0.13573008246048E+02  0.10428368969734E+03  0.94532007798862E+01 -0.16882702748212E+00  0.76709958871658E+02 -0.12890370269147E+02  0.78249027791628E+02  0.49614234852249E+02 -0.28955171240482E+03 -0.40504070002382E+00  0.19509565760414E+02  0.28937780540340E+01  0.23285488202103E+02 -0.43402435436834E+02 -0.23813041650144E+01 -0.91563923304142E+01 -0.18903436781031E+02 -0.16412745702976E+03 -0.98131039026061E-02 -0.26991848103846E+02 -0.58518231099708E+03 -0.19045084228353E+01 -0.14150429052768E+03 -0.18133244178379E+02 -0.62971912773135E+01 -0.14635742455016E+00  0.19546664493374E-02 -0.18018446574291E+00 -0.69925033353042E-01  0.28810715917390E+02  0.68021647559353E+02 -0.19344898647705E+03 -0.34933824078351E+00
  -0.10661023293409E+03  0.12778274553254E+02 -0.40481543968407E+01  0.55157211599066E+02 -0.49120528481377E+01  0.18773377891922E+02  0.98456302817171E+01  0.98514765964159E+02 -0.13807115535931E+02 -0.17641619892828E+01  0.65621026702457E+00 -0.11651139964847E+01 -0.16882702748212E+00  0.48855790701114E-01  0.14138305504544E+02 -0.10934828986069E+01  0.84694058773774E+01  0.39904801542293E+01 -0.80319634990638E+02  0.19855837283652E-01 -0.17913751827274E+02  0.26834614353858E+00  0.68494209828086E+00  0.25017790027416E+01  0.10799477907258E+00  0.36350946526662E+00  0.16493910211455E+01  0.68377736173622E-01 -0.23431465418554E-04 -0.59269779978625E+01 -0.74708537146164E+00 -0.17957091024775E-02 -0.31110384294909E+01 -0.14118261667636E-04 -0.13571138296394E+00  0.85846059120301E-13 -0.73142088264487E-12 -0.16309620742195E-02 -0.89564059458626E-03 -0.15779748944604E+01  0.40038844388108E-04 -0.30494575324237E+01 -0.32523605309288E-02
   0.96606718568040E+04  0.64537976893886E+03 -0.27946164670232E+03  0.30957705405145E+05 -0.25978506708329E+04  0.95067061866081E+04  0.48785844410928E+04  0.89168554705239E+05  0.48012059627184E+05 -0.40258357624500E+04  0.12227640812249E+04  0.13688630276485E+04  0.76709958871658E+02  0.14138305504544E+02  0.49607782643137E+05 -0.46163356277898E+04  0.32931245980627E+05  0.17162748677100E+05 -0.55435804030236E+05  0.31570500438957E+01  0.33877521811411E+04 -0.12558038098134E+03 -0.39445533447923E+03 -0.33174199034446E+03 -0.40556740359383E+02 -0.14325149456700E+03 -0.36046976907858E+03 -0.26927667412509E+04 -0.17662558162501E+04 -0.24900123384092E+04  0.20264672237290E+04  0.43727465649431E+04 -0.14782875061900E+04 -0.29343406363782E+04 -0.72749444403105E+03  0.22767614235982E+03  0.41094207069639E+03 -0.28582458130234E+04 -0.15205257886613E+04 -0.24078184410107E+04  0.19422291544024E+03 -0.89512061295057E+03 -0.10084194129393E+04
  -0.21494188635636E+04 -0.53046757151616E+02 -0.71466238504743E+01 -0.37578472505848E+04  0.31986783488538E+03 -0.11854775089342E+04 -0.61652913300672E+03 -0.11305172660701E+05 -0.22218811539036E+04  0.49120480572598E+03 -0.13536505600441E+03 -0.19185292539862E+03 -0.12890370269147E+02 -0.10934828986069E+01 -0.46163356277898E+04  0.49926362739413E+03 -0.34626103127432E+04 -0.18804213530566E+04  0.64846372631370E+04 -0.10121572407216E+01 -0.51650183561161E+03  0.12869410510803E+02  0.36029470633321E+02  0.11284598294422E+02  0.39733309486366E+01  0.13432224534240E+02  0.36754082788529E+02  0.49537710216628E+03  0.31040554143974E+03  0.28765298732137E+03 -0.16881759650700E+03 -0.50662159421887E+03  0.15305037376098E+03  0.30285395267424E+03  0.80469084802558E+02 -0.61128214116568E+02 -0.10883013833359E+03  0.43341907523509E+03  0.21492821014450E+03 -0.30018034650620E+03 -0.35053407804560E+02  0.24937313081413E+03  0.27940959499833E+03
   0.10090409077041E+05  0.13713688793566E+03 -0.12871781366450E+03  0.24522655837553E+05 -0.20053064807713E+04  0.76173260456299E+04  0.38000218980689E+04  0.81583343201607E+05  0.14544636249523E+05 -0.32126087526218E+04  0.94467597643167E+03  0.13268836057528E+04  0.78249027791628E+02  0.84694058773774E+01  0.32931245980627E+05 -0.34626103127432E+04  0.24568173263560E+05  0.13155877556548E+05 -0.44241018507438E+05  0.12183631273130E+01  0.30732335969196E+04 -0.13639189089053E+03 -0.41424804466694E+03 -0.40730657410879E+03 -0.45161850186097E+02 -0.15124295153617E+03 -0.35524908467088E+03 -0.22513925699547E+04 -0.14676346287248E+04 -0.23325489318611E+04  0.20064244077546E+04  0.41181971290347E+04 -0.11587357881796E+04 -0.23064142953475E+04 -0.55840466357237E+03  0.52230081665108E+02  0.10485223302045E+03 -0.22971293891612E+04 -0.12476355924042E+04  0.90591610619425E+03  0.18868279529163E+03 -0.14038124786717E+04 -0.15615702234087E+04
   0.72692395206540E+04  0.75354168514303E+02 -0.72680424742935E+01  0.13768644239815E+05 -0.11406049062737E+04  0.43414041023504E+04  0.21928461434571E+04  0.44219803807170E+05  0.69365988682992E+04 -0.18210449492135E+04  0.51435616886348E+03  0.77066775112365E+03  0.49614234852249E+02  0.39904801542293E+01  0.17162748677100E+05 -0.18804213530566E+04  0.13155877556548E+05  0.71490203015275E+04 -0.24653693881459E+05  0.19736911517681E+01  0.19183428355204E+04 -0.72939289748550E+02 -0.20903165854521E+03 -0.17050544597094E+03 -0.23830217277378E+02 -0.77272655107862E+02 -0.18361903306538E+03 -0.16146331130936E+04 -0.10190672624311E+04 -0.11762743116057E+04  0.94880531184119E+03  0.22760482401763E+04 -0.58751228212196E+03 -0.11708064141163E+04 -0.30822405597808E+03  0.84099846518391E+02  0.15733678417635E+03 -0.14919765589651E+04 -0.77674581275257E+03  0.11852676461915E+04  0.13693242220653E+03 -0.10054476426279E+04 -0.11184246134949E+04
  -0.78440770124678E+07  0.26256242446719E+07 -0.30209373289052E+06 -0.22845047788605E+07  0.48913351378881E+06 -0.44428741915575E+05 -0.24093485463945E+06 -0.59117216996325E+06 -0.26043001765507E+05  0.56858911050629E+05 -0.60591700782361E+04 -0.60424912094545E+04 -0.28955171240482E+03 -0.80319634990638E+02 -0.55435804030236E+05  0.64846372631370E+04 -0.44241018507438E+05 -0.24653693881459E+05  0.34124178831211E+08  0.74070085377408E+04  0.32090084522759E+07 -0.94618907006250E+05 -0.31246153783561E+06 -0.80764380666194E+06 -0.27058457163113E+05 -0.11590424641321E+06 -0.66161065015122E+06  0.34487005723666E+05  0.76682223945911E+05 -0.12261840284656E+04  0.57117358077350E+06  0.28119962020888E+07  0.17213161140883E+05  0.31646098515593E+05  0.21243954199503E+03  0.18599865118008E+06  0.82109374344869E+06  0.24559500409278E+05  0.77265254352684E+04 -0.18566999936732E+05  0.45052592454436E+05  0.20777446450788E+05  0.64611679651160E+05
  -0.16782699595410E+04  0.63524777701714E+03 -0.65629908118483E+02 -0.28235860478187E+03  0.79182788815116E+02  0.52753723878842E+02 -0.76607344728798E+01  0.36523773608260E+03 -0.94284212258049E+02 -0.65309053424886E+01  0.23782211138041E+01 -0.49874694225891E+01 -0.40504070002382E+00  0.19855837283652E-01  0.31570500438957E+01 -0.10121572407216E+01  0.12183631273130E+01  0.19736911517681E+01  0.74070085377408E+04  0.27217587705106E+01  0.82655290777611E+03 -0.20988399189448E+02 -0.68728568430678E+02 -0.20092813045617E+03 -0.41758924157472E+01 -0.21741991452682E+02 -0.15525830054351E+03  0.00000000000000E+00 -0.20327299477171E+02  0.00000000000000E+00  0.00000000000000E+00  0.54325423403151E+03  0.00000000000000E+00 -0.88358171940370E+01  0.00000000000000E+00  0.00000000000000E+00  0.24377609429107E+03  0.00000000000000E+00  0.00000000000000E+00  0.00000000000000E+00  0.69464724251996E+01  0.00000000000000E+00 -0.22932533386332E+02
  -0.99329399896525E+06  0.28317860705846E+06 -0.37692867066492E+05 -0.27587723246962E+06  0.56703150373799E+05 -0.15345703518821E+05 -0.34899683844746E+05 -0.11815084776218E+06  0.20776479869513E+04  0.10429649723862E+05 -0.10978345325527E+04 -0.49414456706803E+03  0.19509565760414E+02 -0.17913751827274E+02  0.33877521811411E+04 -0.51650183561161E+03  0.30732335969196E+04  0.19183428355204E+04  0.32090084522759E+07  0.82655290777611E+03  0.53800129874071E+06 -0.20346885287448E+05 -0.60007827886873E+05 -0.15639504807190E+06 -0.57138124724820E+04 -0.21872275183888E+05 -0.11559024469553E+06  0.00000000000000E+00  0.21180018882308E+05  0.00000000000000E+00  0.00000000000000E+00  0.51626765424548E+06  0.00000000000000E+00 -0.49372026263897E+04  0.00000000000000E+00  0.00000000000000E+00  0.10665148012455E+06  0.00000000000000E+00  0.00000000000000E+00  0.00000000000000E+00 -0.18472211579734E+05  0.00000000000000E+00  0.17628509689249E+05
   0.32017573122470E+05 -0.61103503563819E+04  0.11699364491889E+04  0.11923967548499E+05 -0.21962291225113E+04  0.13806441430396E+04  0.17855120366206E+04  0.17867213272442E+05 -0.35395206297044E+04 -0.78156591435239E+03  0.12677192273807E+03  0.73139263615590E+01  0.28937780540340E+01  0.26834614353858E+00 -0.12558038098134E+03  0.12869410510803E+02 -0.13639189089053E+03 -0.72939289748550E+02 -0.94618907006250E+05 -0.20988399189448E+02 -0.20346885287448E+05  0.10726265935276E+04  0.29427647787666E+04  0.73436796618127E+04  0.28143578274163E+03  0.10127024882929E+04  0.48815763856196E+04 -0.46118668181342E+02 -0.12839118841858E+04  0.43968144439202E+01  0.59109320865275E+03 -0.24775233945250E+05  0.00000000000000E+00 -0.11940066154100E+03  0.00000000000000E+00  0.20503111109133E+04 -0.28320961185718E+04  0.00000000000000E+00  0.00000000000000E+00  0.00000000000000E+00  0.11979596312226E+04 -0.30437118816662E+03 -0.16616527854316E+04
   0.11504955693802E+06 -0.25819205994441E+05  0.42146772811481E+04  0.35348064857059E+05 -0.65359271196016E+04  0.39091620215526E+04  0.51411595423337E+04  0.58560439346516E+05 -0.12150676241417E+05 -0.24170023059806E+04  0.40908170229824E+03  0.17404742471797E+03  0.23285488202103E+02  0.68494209828086E+00 -0.39445533447923E+03  0.36029470633321E+02 -0.41424804466694E+03 -0.20903165854521E+03 -0.31246153783561E+06 -0.68728568430678E+02 -0.60007827886873E+05  0.29427647787666E+04  0.85156364256890E+04  0.20220185358952E+05  0.80218313242820E+03  0.29488696530251E+04  0.14294162580448E+05 -0.15153374223333E+03 -0.34008921963139E+04 -0.17400948643458E+02 -0.57529270155408E+04 -0.72086225988165E+05  0.00000000000000E+00 -0.31471630120438E+03  0.00000000000000E+00  0.30560636690454E+04 -0.95998871323991E+04  0.00000000000000E+00  0.00000000000000E+00  0.00000000000000E+00  0.34927988213773E+04 -0.17594637905175E+04 -0.49381599704156E+04
   0.19812378203694E+06 -0.49722885506057E+05  0.73768449911053E+04  0.82314624434987E+05 -0.15683624984810E+05  0.77134420294156E+04  0.11410249941731E+05  0.94659337446090E+05 -0.18571163490441E+05 -0.42181302581415E+04  0.67323663342465E+03 -0.40625101196233E+03 -0.43402435436834E+02  0.25017790027416E+01 -0.33174199034446E+03  0.11284598294422E+02 -0.40730657410879E+03 -0.17050544597094E+03 -0.80764380666194E+06 -0.20092813045617E+03 -0.15639504807190E+06  0.73436796618127E+04  0.20220185358952E+05  0.57376657994931E+05  0.19905370502804E+04  0.73699786555119E+04  0.36806976406247E+05  0.23571525959809E+03 -0.10662771054494E+05 -0.43953884196672E+01  0.37166797227979E+05 -0.17376709095069E+06  0.00000000000000E+00 -0.10116196429332E+04  0.00000000000000E+00  0.16275863403356E+05 -0.24906641709227E+05  0.00000000000000E+00  0.00000000000000E+00  0.00000000000000E+00  0.56925859808872E+04  0.14698164565667E+04 -0.11611217523207E+05
   0.11245096481701E+05 -0.25581090376945E+04  0.41526826455312E+03  0.38376322690699E+04 -0.66815200766471E+03  0.54742412148960E+03  0.61082096304144E+03  0.61962651432103E+04 -0.12685497940459E+04 -0.26030339340062E+03  0.43475097427143E+02 -0.22113590213327E+02 -0.23813041650144E+01  0.10799477907258E+00 -0.40556740359383E+02  0.39733309486366E+01 -0.45161850186097E+02 -0.23830217277378E+02 -0.27058457163113E+05 -0.41758924157472E+01 -0.57138124724820E+04  0.28143578274163E+03  0.80218313242820E+03  0.19905370502804E+04  0.95123407752933E+02  0.33469017012192E+03  0.14101820590975E+04  0.00000000000000E+00 -0.40626588371616E+03  0.00000000000000E+00  0.00000000000000E+00 -0.79903709827229E+04  0.00000000000000E+00 -0.37356463060186E+02  0.00000000000000E+00  0.00000000000000E+00 -0.50968002727871E+03  0.00000000000000E+00  0.00000000000000E+00  0.00000000000000E+00  0.17700334570539E+02  0.00000000000000E+00 -0.61620110889196E+03
   0.43735356913907E+05 -0.10773572985656E+05  0.16214989692620E+04  0.14006555849982E+05 -0.24882141734630E+04  0.18193434891892E+04  0.21184178307900E+04  0.22811573306053E+05 -0.48378625819862E+04 -0.92095642754759E+03  0.15800692390210E+03 -0.91016401481109E+02 -0.91563923304142E+01  0.36350946526662E+00 -0.14325149456700E+03  0.13432224534240E+02 -0.15124295153617E+03 -0.77272655107862E+02 -0.11590424641321E+06 -0.21741991452682E+02 -0.21872275183888E+05  0.10127024882929E+04  0.29488696530251E+04  0.73699786555119E+04  0.33469017012192E+03  0.12273107114207E+04  0.52740692830384E+04  0.00000000000000E+00 -0.12929563970519E+04  0.00000000000000E+00  0.00000000000000E+00 -0.28951683363746E+05  0.00000000000000E+00 -0.11826892027549E+03  0.00000000000000E+00  0.00000000000000E+00 -0.31643274774365E+04  0.00000000000000E+00  0.00000000000000E+00  0.00000000000000E+00 -0.65020728813269E+02  0.00000000000000E+00 -0.22710765087243E+04
   0.22262527336512E+06 -0.60559136797642E+05  0.83808445213167E+04  0.61751529754418E+05 -0.12060148137697E+05  0.48983167383966E+04  0.81578482811803E+04  0.69926859298610E+05 -0.13413099291225E+05 -0.32537565009710E+04  0.50026309241897E+03 -0.23388095681144E+03 -0.18903436781031E+02  0.16493910211455E+01 -0.36046976907858E+03  0.36754082788529E+02 -0.35524908467088E+03 -0.18361903306538E+03 -0.66161065015122E+06 -0.15525830054351E+03 -0.11559024469553E+06  0.48815763856196E+04  0.14294162580448E+05  0.36806976406247E+05  0.14101820590975E+04  0.52740692830384E+04  0.27340615046075E+05  0.00000000000000E+00 -0.73173086473205E+04  0.00000000000000E+00  0.00000000000000E+00 -0.12370822069679E+06  0.00000000000000E+00 -0.69422624399819E+03  0.00000000000000E+00  0.00000000000000E+00 -0.19844922737730E+05  0.00000000000000E+00  0.00000000000000E+00  0.00000000000000E+00  0.77879707156704E+04  0.00000000000000E+00 -0.79955849867175E+04
  -0.13225373029304E+06  0.16793394768442E+05 -0.46801116639475E+04 -0.12875872498492E+05  0.19994114519011E+04 -0.27451807978096E+04 -0.24669754520789E+04 -0.63162097783019E+05  0.11581119316374E+05  0.27566539509413E+04 -0.46197047591832E+03 -0.11148791994642E+04 -0.16412745702976E+03  0.68377736173622E-01 -0.26927667412509E+04  0.49537710216628E+03 -0.22513925699547E+04 -0.16146331130936E+04  0.34487005723666E+05  0.00000000000000E+00  0.00000000000000E+00 -0.46118668181342E+02 -0.15153374223333E+03  0.23571525959809E+03  0.00000000000000E+00  0.00000000000000E+00  0.00000000000000E+00  0.11695984461694E+06  0.00000000000000E+00  0.00000000000000E+00  0.00000000000000E+00  0.00000000000000E+00  0.00000000000000E+00  0.00000000000000E+00  0.00000000000000E+00  0.00000000000000E+00  0.00000000000000E+00  0.00000000000000E+00  0.00000000000000E+00  0.00000000000000E+00  0.00000000000000E+00  0.00000000000000E+00  0.00000000000000E+00
  -0.56063342861805E+05  0.82942655067280E+04 -0.19859642208311E+04 -0.21330083654587E+05  0.33631300945161E+04 -0.42071176500680E+04 -0.38652007382979E+04 -0.50616222924357E+05  0.10929985465123E+05  0.19032867549843E+04 -0.34841449617289E+03 -0.73686119234301E-01 -0.98131039026061E-02 -0.23431465418554E-04 -0.17662558162501E+04  0.31040554143974E+03 -0.14676346287248E+04 -0.10190672624311E+04  0.76682223945911E+05 -0.20327299477171E+02  0.21180018882308E+05 -0.12839118841858E+04 -0.34008921963139E+04 -0.10662771054494E+05 -0.40626588371616E+03 -0.12929563970519E+04 -0.73173086473205E+04  0.00000000000000E+00  0.64989987886451E+05  0.00000000000000E+00  0.00000000000000E+00  0.00000000000000E+00  0.00000000000000E+00  0.00000000000000E+00  0.00000000000000E+00  0.00000000000000E+00  0.00000000000000E+00  0.00000000000000E+00  0.00000000000000E+00  0.00000000000000E+00  0.00000000000000E+00  0.00000000000000E+00  0.00000000000000E+00
  -0.52637228951757E+04 -0.19457369376701E+03  0.18578717960090E+02 -0.67723460827288E+02 -0.57336837180382E+02  0.15277864324816E+03  0.13823495739307E+03 -0.70416838925955E+05  0.24743878355052E+05  0.73778819681518E+03 -0.33447506861151E+03 -0.68504051118302E+03 -0.26991848103846E+02 -0.59269779978625E+01 -0.24900123384092E+04  0.28765298732137E+03 -0.23325489318611E+04 -0.11762743116057E+04 -0.12261840284656E+04  0.00000000000000E+00  0.00000000000000E+00  0.43968144439202E+01 -0.17400948643458E+02 -0.43953884196672E+01  0.00000000000000E+00  0.00000000000000E+00  0.00000000000000E+00  0.00000000000000E+00  0.00000000000000E+00  0.30808382736791E+05  0.00000000000000E+00  0.00000000000000E+00  0.00000000000000E+00  0.00000000000000E+00  0.00000000000000E+00  0.00000000000000E+00  0.00000000000000E+00  0.00000000000000E+00  0.00000000000000E+00  0.00000000000000E+00  0.00000000000000E+00  0.00000000000000E+00  0.00000000000000E+00
  -0.86865640097703E+06  0.21053611519832E+06 -0.31881614969960E+05 -0.66372718941670E+05  0.11791167405565E+05 -0.84634284531832E+04 -0.98490062252506E+04 -0.29582084683418E+06  0.67166308724337E+05  0.11039885988793E+05 -0.19946792284811E+04 -0.49701106476519E+04 -0.58518231099708E+03 -0.74708537146164E+00  0.20264672237290E+04 -0.16881759650700E+03  0.20064244077546E+04  0.94880531184119E+03  0.57117358077350E+06  0.00000000000000E+00  0.00000000000000E+00  0.59109320865275E+03 -0.57529270155408E+04  0.37166797227979E+05  0.00000000000000E+00  0.00000000000000E+00  0.00000000000000E+00  0.00000000000000E+00  0.00000000000000E+00  0.00000000000000E+00  0.58072818824755E+06  0.00000000000000E+00  0.00000000000000E+00  0.00000000000000E+00  0.00000000000000E+00  0.00000000000000E+00  0.00000000000000E+00  0.00000000000000E+00  0.00000000000000E+00  0.00000000000000E+00  0.00000000000000E+00  0.00000000000000E+00  0.00000000000000E+00
  -0.11262838185811E+07  0.26621317497077E+06 -0.41529137903626E+05 -0.34459859222241E+06  0.62589676216994E+05 -0.41197601044906E+05 -0.51299397309216E+05 -0.58141047183034E+06  0.12764918144101E+06  0.22948412345972E+05 -0.39693642440481E+04 -0.16419230209118E+02 -0.19045084228353E+01 -0.17957091024775E-02  0.43727465649431E+04 -0.50662159421887E+03  0.41181971290347E+04  0.22760482401763E+04  0.28119962020888E+07  0.54325423403151E+03  0.51626765424548E+06 -0.24775233945250E+05 -0.72086225988165E+05 -0.17376709095069E+06 -0.79903709827229E+04 -0.28951683363746E+05 -0.12370822069679E+06  0.00000000000000E+00  0.00000000000000E+00  0.00000000000000E+00  0.00000000000000E+00  0.92334426584507E+06  0.00000000000000E+00  0.00000000000000E+00  0.00000000000000E+00  0.00000000000000E+00  0.00000000000000E+00  0.00000000000000E+00  0.00000000000000E+00  0.00000000000000E+00  0.00000000000000E+00  0.00000000000000E+00  0.00000000000000E+00
  -0.20982147049441E+05  0.57484459276716E+04 -0.79982507295199E+03 -0.13662762034463E+04  0.32015857440639E+03  0.14425700921635E+02 -0.15417567012472E+03 -0.73981030494825E+05  0.22909927802908E+05  0.14966868440665E+04 -0.41677967021011E+03 -0.22434739674924E+04 -0.14150429052768E+03 -0.31110384294909E+01 -0.14782875061900E+04  0.15305037376098E+03 -0.11587357881796E+04 -0.58751228212196E+03  0.17213161140883E+05  0.00000000000000E+00  0.00000000000000E+00  0.00000000000000E+00  0.00000000000000E+00  0.00000000000000E+00  0.00000000000000E+00  0.00000000000000E+00  0.00000000000000E+00  0.00000000000000E+00  0.00000000000000E+00  0.00000000000000E+00  0.00000000000000E+00  0.00000000000000E+00  0.14300364626794E+05  0.00000000000000E+00  0.00000000000000E+00  0.00000000000000E+00  0.00000000000000E+00  0.00000000000000E+00  0.00000000000000E+00  0.00000000000000E+00  0.00000000000000E+00  0.00000000000000E+00  0.00000000000000E+00
  -0.47534171661757E+05  0.13191069023357E+05 -0.18188742714117E+04 -0.24931722515026E+04  0.56385424897639E+03 -0.81734959413612E+01 -0.27400360619321E+03 -0.16645190543244E+06  0.51617686134186E+05  0.33089051367761E+04 -0.93812852703655E+03 -0.69130845957974E+02 -0.18133244178379E+02 -0.14118261667636E-04 -0.29343406363782E+04  0.30285395267424E+03 -0.23064142953475E+04 -0.11708064141163E+04  0.31646098515593E+05 -0.88358171940370E+01 -0.49372026263897E+04 -0.11940066154100E+03 -0.31471630120438E+03 -0.10116196429332E+04 -0.37356463060186E+02 -0.11826892027549E+03 -0.69422624399819E+03  0.00000000000000E+00  0.00000000000000E+00  0.00000000000000E+00  0.00000000000000E+00  0.00000000000000E+00  0.00000000000000E+00  0.31408540543318E+05  0.00000000000000E+00  0.00000000000000E+00  0.00000000000000E+00  0.00000000000000E+00  0.00000000000000E+00  0.00000000000000E+00  0.00000000000000E+00  0.00000000000000E+00  0.00000000000000E+00
  -0.32082069551105E+04  0.42273214075815E+03 -0.10090182044314E+03 -0.70759720894811E+02  0.89520010111432E+01 -0.18776661718537E+02 -0.13108900580320E+02 -0.14123897002165E+04  0.19123399831453E+03  0.43766671180245E+02 -0.10809594249673E+02 -0.77398237226080E+02 -0.62971912773135E+01 -0.13571138296394E+00 -0.72749444403105E+03  0.80469084802558E+02 -0.55840466357237E+03 -0.30822405597808E+03  0.21243954199503E+03  0.00000000000000E+00  0.00000000000000E+00  0.00000000000000E+00  0.00000000000000E+00  0.00000000000000E+00  0.00000000000000E+00  0.00000000000000E+00  0.00000000000000E+00  0.00000000000000E+00  0.00000000000000E+00  0.00000000000000E+00  0.00000000000000E+00  0.00000000000000E+00  0.00000000000000E+00  0.00000000000000E+00  0.37989396491376E+04  0.00000000000000E+00  0.00000000000000E+00  0.00000000000000E+00  0.00000000000000E+00  0.00000000000000E+00  0.00000000000000E+00  0.00000000000000E+00  0.00000000000000E+00
  -0.20491586378524E+06  0.63900046517610E+05 -0.79176342893491E+04 -0.11783986028334E+05  0.29006598371109E+04  0.46539114419360E+03 -0.98039814315013E+03 -0.56741226114857E+04  0.59485179319340E+03  0.55451785586472E+03 -0.44624622872224E+02 -0.20479336487131E+00 -0.14635742455016E+00  0.85846059120301E-13  0.22767614235982E+03 -0.61128214116568E+02  0.52230081665108E+02  0.84099846518391E+02  0.18599865118008E+06  0.00000000000000E+00  0.00000000000000E+00  0.20503111109133E+04  0.30560636690454E+04  0.16275863403356E+05  0.00000000000000E+00  0.00000000000000E+00  0.00000000000000E+00  0.00000000000000E+00  0.00000000000000E+00  0.00000000000000E+00  0.00000000000000E+00  0.00000000000000E+00  0.00000000000000E+00  0.00000000000000E+00  0.00000000000000E+00  0.10628247941278E+06  0.00000000000000E+00  0.00000000000000E+00  0.00000000000000E+00  0.00000000000000E+00  0.00000000000000E+00  0.00000000000000E+00  0.00000000000000E+00
  -0.23109211206482E+06  0.71602543957074E+05 -0.89145039554301E+04 -0.53179909146490E+05  0.12917487928665E+05  0.17889668671840E+04 -0.45710767679724E+04 -0.11187003564337E+05  0.12080200997603E+04  0.10558728939931E+04 -0.87811114132916E+02  0.28366820275746E-02  0.19546664493374E-02 -0.73142088264487E-12  0.41094207069639E+03 -0.10883013833359E+03  0.10485223302045E+03  0.15733678417635E+03  0.82109374344869E+06  0.24377609429107E+03  0.10665148012455E+06 -0.28320961185718E+04 -0.95998871323991E+04 -0.24906641709227E+05 -0.50968002727871E+03 -0.31643274774365E+04 -0.19844922737730E+05  0.00000000000000E+00  0.00000000000000E+00  0.00000000000000E+00  0.00000000000000E+00  0.00000000000000E+00  0.00000000000000E+00  0.00000000000000E+00  0.00000000000000E+00  0.00000000000000E+00  0.13904112129118E+06  0.00000000000000E+00  0.00000000000000E+00  0.00000000000000E+00  0.00000000000000E+00  0.00000000000000E+00  0.00000000000000E+00
