# fitpack15: fit parameters                                                                         
# CJ15 AV18 final data choices                                                                      
# Created on 01/15/2020 at 22:43:50                                                                 

 # QCD setup
  INS                           0
  NVL                          11
  IORD                          1
  Q02                   1.6899999999999999     
  IPARAMC                       7
  FLAVOR                4.0000000000000000     
  xmc                   1.3000000000000000     
  xmb                   4.5000000000000000     
  ncb                          12
  ihq                           1
  ias                           0

 # Theory corrections
  inuke                     10814
  itmc                          1
  iht                           1

 # fit parameters
 LAMBDA       0.22680        0.0000    
 a0uv          1.9550        0.0000    
 a1uv         0.56859       0.23562E-01
 a2uv          3.5569       0.11684E-01
 a3uv          0.0000        0.0000    
 a4uv          4.5668       0.62989    
 a5uv          0.0000        0.0000    
 a0dv          24.973        0.0000    
 a1dv          1.1565       0.33345E-01
 a2dv          6.6264       0.15987    
 a3dv         -3.5586       0.85320E-01
 a4dv          4.7891       0.13976    
 a5dv          0.0000        0.0000    
 a0ud         0.14194       0.49836E-02
 a1ud        -0.21087       0.38210E-02
 a2ud          8.4318       0.18917    
 a3ud          0.0000        0.0000    
 a4ud          15.831        1.3096    
 a5ud          0.0000        0.0000    
 a0du          35712.        0.0000    
 a1du          4.0822       0.85153E-01
 a2du          20.138       0.95509    
 a3du          17.000        0.0000    
 a4du          52.573        11.636    
 a0g           47.324        0.0000    
 a1g          0.60952       0.32523E-01
 a2g           6.7778       0.96689    
 a3g          -3.3790       0.14618    
 a4g           3.3830       0.37218    
 a5g           0.0000        0.0000    
 kappa        0.40000        0.0000    
 a6dv        -0.39629E-02   0.67508E-03
 a7dv          2.0000        0.0000    
 off1         -2.5752        1.7973    
 off2         0.61521E-01   0.39279E-02
 ht1          -3.5544       0.34541    
 ht2           2.0791       0.12486    
 ht3          -2.0490       0.35551E-01
 ht4           0.0000        0.0000    
 ht1n         -3.6952        1.0302    
 ht2n          1.9847       0.34242    
 ht3n         -2.1354       0.68388E-01
 ht4n          0.0000        0.0000    
 dummy44       0.0000        0.0000    
 dummy45       0.0000        0.0000    
 dummy46       0.0000        0.0000    
 dummy47       0.0000        0.0000    
 dummy48       0.0000        0.0000    
 dummy49       0.0000        0.0000    
 bcdmsh2      0.97003       0.48545E-02
 bcdmsd2      0.99001       0.58557E-02
 ccfr          1.0000        0.0000    
 nutev         1.0000        0.0000    
 zeus         0.97998        0.0000    
 h1            1.0162        0.0000    
 e605          1.0319        0.0000    
 NmcH2         1.0065       0.71349E-02
 ntv_nu        1.0000        0.0000    
 ntv_nubar     1.0000        0.0000    
 cdf_jet      0.98910        0.0000    
 d0_jet       0.83504        0.0000    
 slac_p        1.0019       0.50391E-02
 slac_d        1.0013       0.53160E-02
 e866pp       0.98187       0.19986E-01
 e866pd       0.97010       0.16415E-01
 d0_gamjet     1.0362       0.16484E-01
 h1b          0.97608        0.0000    
 jlab_p       0.99053       0.62867E-02
 jlab_d       0.97470       0.60262E-02
 blank         1.0000        0.0000    
 d0run2       0.94489       0.14236E-01
 cdfrun2      0.93145       0.17329E-01
 HERA_el       1.0000        0.0000    
 HERA_ps       1.0000        0.0000    
 CDF_Z        0.95939       0.66174E-02
 NmcRat        1.0000        0.0000    
 BNS_F2nd     0.98379       0.12126E-01
 HERMES_F2p   0.99582       0.56755E-02
 HERMES_F2d   0.97752       0.58496E-02
 END 0. 0.

 # Hessian matrix (Bevington alpha)
   0.51973199965590E+07 -0.13319694026029E+07  0.19529253411049E+06  0.50549765187863E+06 -0.12790564172555E+06 -0.29606704358924E+05  0.53116864190634E+05  0.99000785467099E+06 -0.18444731174316E+06 -0.50180329106643E+05  0.72974557508861E+04  0.15412130028101E+05  0.17299273541255E+04 -0.10763354747143E+03  0.97625149182414E+04 -0.21748946470011E+04  0.10464946038792E+05  0.75058548163161E+04 -0.78154631694177E+07 -0.11774208572526E+04  0.36061328825953E+07  0.33890573907209E+05  0.12026122503083E+06  0.21431491736611E+06  0.11712724989393E+05  0.45482674297305E+05  0.23410978473131E+06 -0.13223621243440E+06 -0.56067214744837E+05 -0.52645544573281E+04 -0.86880976457938E+06 -0.11261632897575E+07 -0.20981012947918E+05 -0.47567100562073E+05 -0.32091132248501E+04 -0.20495120677166E+06 -0.23094476978963E+06 -0.92256777126920E+04 -0.32566842027802E+04 -0.18067679873348E+05  0.17166819877698E+05 -0.74369433899719E+05 -0.58650509427568E+05
  -0.13319694026029E+07  0.41651443081919E+06 -0.51126121372327E+05 -0.13763841083457E+06  0.34505860649757E+05  0.10664392845349E+05 -0.11098433245976E+05 -0.12555163065590E+06  0.26474375172932E+05  0.73946268396454E+04 -0.87588258938511E+03 -0.12039866999658E+04 -0.13981454601883E+03  0.12898157718511E+02  0.64167086181358E+03 -0.52844103551856E+02  0.13459238663055E+03  0.75188011531691E+02  0.26134717608896E+07  0.49648301891405E+03 -0.10331340956014E+07 -0.66662852755332E+04 -0.27372750573279E+05 -0.54736282144723E+05 -0.26992191487465E+04 -0.11314593399918E+05 -0.64085601739347E+05  0.16790003097384E+05  0.82879132044491E+04 -0.19434115899022E+03  0.21058466551055E+06  0.26589584409687E+06  0.57475029772078E+04  0.13199721951584E+05  0.42291035370092E+03  0.63909747354030E+05  0.71490150845413E+05  0.24366349330974E+04  0.77154376812566E+03 -0.22149877673831E+04 -0.22626953665816E+04  0.86864363333229E+04  0.72957785629646E+04
   0.19529253411049E+06 -0.51126121372327E+05  0.73916342357777E+04  0.18792959120226E+05 -0.48671809588090E+04 -0.13611476996141E+04  0.19148352735257E+04  0.28066033110239E+05 -0.50798410064969E+04 -0.16668099356013E+04  0.21031021260824E+03  0.41855876377028E+03  0.53273942142411E+02 -0.40941445629212E+01 -0.27608418478042E+03 -0.79042947652935E+01 -0.12504585852597E+03 -0.40569769649959E+01 -0.30104570378422E+06 -0.46674567567315E+02  0.13691578530540E+06  0.12414585725711E+04  0.44136595838353E+04  0.79987639293146E+04  0.43314944617652E+03  0.16886013266099E+04  0.88230636299355E+04 -0.46812088293311E+04 -0.19862033661593E+04  0.18566710459464E+02 -0.31901250803521E+05 -0.41529369922295E+05 -0.80011881201943E+03 -0.18209511379075E+04 -0.10096941832837E+03 -0.79226653696005E+04 -0.89101034307245E+04 -0.34664127591462E+03 -0.12114010267237E+03 -0.65505904333362E+02  0.61252227795924E+03 -0.22238285651520E+04 -0.17950145311862E+04
   0.50549765187863E+06 -0.13763841083457E+06  0.18792959120226E+05  0.40146197440670E+06 -0.62356707883371E+05  0.74118802767760E+05  0.63946755153895E+05  0.36332445926516E+06 -0.27928853920558E+05 -0.18351437577443E+05  0.31808291282753E+04 -0.13991195195544E+04 -0.15092123179831E+03  0.55840613711960E+02  0.31004812830032E+05 -0.37750919564565E+04  0.25035792180948E+05  0.14060467016393E+05 -0.22779418730162E+07 -0.13862621370652E+03  0.10021029544654E+07  0.12449034251125E+05  0.36769683048909E+05  0.86720765176855E+05  0.39688638835500E+04  0.14468671601220E+05  0.64845168188742E+05 -0.12874834784333E+05 -0.21335683590534E+05 -0.69450568866629E+02 -0.66389539955184E+05 -0.34488397224311E+06 -0.13690310707393E+04 -0.24966483355537E+04 -0.70918401161925E+02 -0.11784611651536E+05 -0.53208225942689E+05 -0.24789878197206E+04 -0.96367056581894E+03 -0.98387110108612E+04 -0.15861942223035E+05 -0.72656929601797E+04 -0.21544966260600E+05
  -0.12790564172555E+06  0.34505860649757E+05 -0.48671809588090E+04 -0.62356707883371E+05  0.11428522020792E+05 -0.74212193483578E+04 -0.90957843198439E+04 -0.33380567501929E+05  0.51328815976281E+03  0.23615153782548E+04 -0.31713770904111E+03 -0.20339563318781E+02  0.50701872898750E+01 -0.49751656999732E+01 -0.26023829590391E+04  0.32170681253680E+03 -0.20472124615269E+04 -0.11651292676035E+04  0.48639804372699E+06  0.49837196520846E+02 -0.20582966675592E+06 -0.23058635130049E+04 -0.68304004127976E+04 -0.16621261469415E+05 -0.69446471370718E+03 -0.25837552486220E+04 -0.12715555799894E+05  0.19980239918812E+04  0.33590756909045E+04 -0.57139510204234E+02  0.11778687340970E+05  0.62511790957268E+05  0.32023139525603E+03  0.56372757065881E+03  0.89706193122592E+01  0.28953568104072E+04  0.12885219942071E+05  0.46505772510565E+03  0.17245319401514E+03  0.37150261112128E+03  0.25057951681805E+04  0.81484321639273E+03  0.25151392600104E+04
  -0.29606704358924E+05  0.10664392845349E+05 -0.13611476996141E+04  0.74118802767760E+05 -0.74212193483578E+04  0.24318366852671E+05  0.14510725007651E+05  0.11070655595124E+06 -0.10474359592027E+05 -0.45712005111834E+04  0.95003749831275E+03 -0.71474856212689E+03 -0.67277572064374E+02  0.18939881684756E+02  0.94868158172328E+04 -0.11861377085783E+04  0.77565230979381E+04  0.44205437214795E+04 -0.44136637096509E+05  0.61986376286107E+02  0.54144309903744E+05  0.13886585307568E+04  0.39298348407911E+04  0.77500039118343E+04  0.55097815278664E+03  0.18212011541978E+04  0.49243769375551E+04 -0.27307123836910E+04 -0.41907154400813E+04  0.15118913687206E+03 -0.84080883610181E+04 -0.41066297668428E+05  0.14789444453720E+02 -0.73018315892079E+01 -0.18718780329416E+02  0.46838727762679E+03  0.17695201074469E+04 -0.24411888596799E+03 -0.12609855083324E+03 -0.31618285102667E+04 -0.32488096843727E+04 -0.18574568935920E+04 -0.53386433672902E+04
   0.53116864190634E+05 -0.11098433245976E+05  0.19148352735257E+04  0.63946755153895E+05 -0.90957843198439E+04  0.14510725007651E+05  0.11283166223071E+05  0.60990114692747E+05 -0.34719762419665E+04 -0.32547972069081E+04  0.55111423997962E+03 -0.23299339933321E+03 -0.27071617316556E+02  0.99402133718286E+01  0.48727551828286E+04 -0.61783287274264E+03  0.38723698030088E+04  0.22351680704247E+04 -0.23922965004576E+06  0.11196520270555E+02  0.12562682840008E+06  0.18406029820237E+04  0.52875411489623E+04  0.11867140476606E+05  0.62471342623300E+03  0.21620665587605E+04  0.84767672152743E+04 -0.24568401213994E+04 -0.38504741783558E+04  0.13736482240769E+03 -0.98064052959791E+04 -0.51134790367679E+05 -0.15375048781499E+03 -0.27307752778029E+03 -0.13083536204617E+02 -0.97483017283696E+03 -0.45573896300008E+04 -0.35322100769081E+03 -0.14937108897090E+03 -0.13420720384058E+04 -0.31067782968066E+04 -0.11470229537671E+04 -0.34160945014350E+04
   0.99000785467099E+06 -0.12555163065590E+06  0.28066033110239E+05  0.36332445926516E+06 -0.33380567501929E+05  0.11070655595124E+06  0.60990114692747E+05  0.53966979478707E+07 -0.24116496862730E+07 -0.89594877055609E+05  0.25976800838139E+05  0.26655194076999E+05  0.18029381761809E+04  0.10067435567486E+03  0.89395017420353E+05 -0.11354679237150E+05  0.83328837778917E+05  0.45147337899534E+05 -0.58868877569770E+06  0.43603637442318E+03  0.41635128321554E+06  0.17538233006802E+05  0.57825447029972E+05  0.91085253358244E+05  0.61062186990562E+04  0.22503576354868E+05  0.67518434283366E+05 -0.63195195449361E+05 -0.50685658436688E+05 -0.70478636541227E+05 -0.29601826542936E+06 -0.58146093006481E+06 -0.74019976483246E+05 -0.16663644146603E+06 -0.14134906911013E+04 -0.56782199072330E+04 -0.11161672450918E+05  0.24695760230259E+03  0.25689769633864E+03 -0.27470087463877E+06 -0.87685654050712E+04 -0.14478116469020E+06 -0.17865035053165E+06
  -0.18444731174316E+06  0.26474375172932E+05 -0.50798410064969E+04 -0.27928853920558E+05  0.51328815976281E+03 -0.10474359592027E+05 -0.34719762419665E+04 -0.24116496862730E+07  0.19296055954720E+07  0.19509134770722E+05 -0.64074033233392E+04 -0.55951097250112E+04 -0.30906359385342E+03 -0.14184621072522E+02  0.48007864976830E+05 -0.22244204117744E+04  0.14722213164150E+05  0.70453251673150E+04 -0.25965582334974E+05 -0.96916524254194E+02 -0.55058875766266E+04 -0.33716251228326E+04 -0.11746738706469E+05 -0.16966465976110E+05 -0.12216068908091E+04 -0.46862055877037E+04 -0.12318449677577E+05  0.11581745301307E+05  0.10949072269671E+05  0.24760563008244E+05  0.67194348406014E+05  0.12765819768441E+06  0.22914590653207E+05  0.51664342676565E+05  0.19137116187999E+03  0.59816601024415E+03  0.12097901893967E+04 -0.12510429467232E+04 -0.69499808630746E+03  0.11315047007689E+06  0.15662790705927E+04  0.45308661190950E+05  0.55375373131876E+05
  -0.50180329106643E+05  0.73946268396454E+04 -0.16668099356013E+04 -0.18351437577443E+05  0.23615153782548E+04 -0.45712005111834E+04 -0.32547972069081E+04 -0.89594877055609E+05  0.19509134770722E+05  0.26643928028886E+04 -0.61348827094737E+03 -0.66334360894850E+03 -0.58918793755268E+02 -0.18021596291506E+01 -0.40337980271689E+04  0.49354713921301E+03 -0.32842185363373E+04 -0.18615194842012E+04  0.56565190656378E+05 -0.12349424194294E+02 -0.37260182049080E+05 -0.78968451134396E+03 -0.24409437096254E+04 -0.42634090033384E+04 -0.26240996743462E+03 -0.92677668704601E+03 -0.32875018808574E+04  0.27571728744300E+04  0.19031906819494E+04  0.73817539748726E+03  0.11041447727893E+05  0.22929729612971E+05  0.14969134121820E+04  0.33103939583668E+04  0.43788174556883E+02  0.55379782484540E+03  0.10518496659002E+04  0.12964078994081E+03  0.57788385449638E+02  0.31430283639509E+04  0.43513785064196E+03  0.28415946153083E+04  0.35926246726921E+04
   0.72974557508861E+04 -0.87588258938511E+03  0.21031021260824E+03  0.31808291282753E+04 -0.31713770904111E+03  0.95003749831275E+03  0.55111423997962E+03  0.25976800838139E+05 -0.64074033233392E+04 -0.61348827094737E+03  0.16569995226192E+03  0.18599895774314E+03  0.13588538985567E+02  0.66936584977482E+00  0.12217524043188E+04 -0.13553621642063E+03  0.96180087740826E+03  0.52365661015014E+03 -0.60142761598698E+04  0.30110054112155E+01  0.38760408593063E+04  0.12532345883771E+03  0.40582060277546E+03  0.65693467513676E+03  0.43068576751543E+02  0.15647111764488E+03  0.48928407534492E+03 -0.46082133891804E+03 -0.34777391922982E+03 -0.33407944718176E+03 -0.19901123471429E+04 -0.39575286744809E+04 -0.41595494444861E+03 -0.93673295724460E+03 -0.10788370396472E+02 -0.44473558684441E+02 -0.87264166253774E+02 -0.13086114575519E+02 -0.61567524601147E+01 -0.11291222670966E+04 -0.63827294957633E+02 -0.81170762749161E+03 -0.10087976920434E+04
   0.15412130028101E+05 -0.12039866999658E+04  0.41855876377028E+03 -0.13991195195544E+04 -0.20339563318781E+02 -0.71474856212689E+03 -0.23299339933321E+03  0.26655194076999E+05 -0.55951097250112E+04 -0.66334360894850E+03  0.18599895774314E+03  0.15768881598292E+04  0.10504503701301E+03 -0.11401813909312E+01  0.13764179027828E+04 -0.19329256010676E+03  0.13638521739985E+04  0.79098437175313E+03 -0.60500167269576E+04 -0.48068173303324E+01  0.18335737317720E+04  0.14271014173039E+02  0.19503570209207E+03 -0.35806148718538E+03 -0.20659796309108E+02 -0.86551563335190E+02 -0.20004007626417E+03 -0.11181279863380E+04 -0.75260954795471E-01 -0.68873431397847E+03 -0.49862497360869E+04 -0.16496680894155E+02 -0.22534294895415E+04 -0.69235066900001E+02 -0.77715948262045E+02 -0.20438003666661E+00  0.34018255366029E-02 -0.17061209125008E+01 -0.73063984592483E+00  0.29339655380447E+03  0.30450513541531E+03 -0.26779752736973E+04 -0.45876676821276E+01
   0.17299273541255E+04 -0.13981454601883E+03  0.53273942142411E+02 -0.15092123179831E+03  0.50701872898750E+01 -0.67277572064374E+02 -0.27071617316556E+02  0.18029381761809E+04 -0.30906359385342E+03 -0.58918793755268E+02  0.13588538985567E+02  0.10504503701301E+03  0.95137040842939E+01 -0.17043282359647E+00  0.77142745814891E+02 -0.12992707556978E+02  0.80737836341874E+02  0.51064189285068E+02 -0.28953716741576E+03 -0.42357637927331E+00 -0.72291494635599E+02  0.31918989607729E+01  0.24257559913326E+02 -0.42140019457960E+02 -0.23606064491321E+01 -0.90600056339764E+01 -0.17898216638852E+02 -0.16455979722249E+03 -0.97778119968694E-02 -0.27113739461471E+02 -0.58677040922278E+03 -0.18485659479765E+01 -0.14204155167623E+03 -0.18157608037177E+02 -0.63184108374244E+01 -0.14605401201270E+00  0.22701444940326E-02 -0.18056502543886E+00 -0.70106992789482E-01  0.28985784276502E+02  0.68050192853445E+02 -0.19412517668077E+03 -0.35628538992980E+00
  -0.10763354747143E+03  0.12898157718511E+02 -0.40941445629212E+01  0.55840613711960E+02 -0.49751656999732E+01  0.18939881684756E+02  0.99402133718286E+01  0.10067435567486E+03 -0.14184621072522E+02 -0.18021596291506E+01  0.66936584977482E+00 -0.11401813909312E+01 -0.17043282359647E+00  0.50400718050806E-01  0.14395388773099E+02 -0.11170811684533E+01  0.87570953815000E+01  0.41315746240169E+01 -0.81149073678581E+02  0.30250362650908E-01  0.64955883289653E+02  0.34648325800568E+00  0.89420785107236E+00  0.31676217439848E+01  0.13301153862012E+00  0.44070511128137E+00  0.21044079929599E+01  0.69446551978437E-01 -0.26326807322134E-04 -0.60730863640308E+01 -0.79013868620101E+00 -0.20082020986460E-02 -0.32307692594804E+01 -0.16187003692955E-04 -0.13970747611762E+00  0.35711995420677E-12 -0.91274907001961E-12 -0.16787337831300E-02 -0.92189473806490E-03 -0.15825579831432E+01  0.46978849775054E-04 -0.31697661323252E+01 -0.36230328962453E-02
   0.97625149182414E+04  0.64167086181358E+03 -0.27608418478042E+03  0.31004812830032E+05 -0.26023829590391E+04  0.94868158172328E+04  0.48727551828286E+04  0.89395017420353E+05  0.48007864976830E+05 -0.40337980271689E+04  0.12217524043188E+04  0.13764179027828E+04  0.77142745814891E+02  0.14395388773099E+02  0.49641878168349E+05 -0.46294848730639E+04  0.33518665453692E+05  0.17481401598673E+05 -0.55276582703256E+05  0.14379199333192E+01 -0.12246366054317E+05 -0.13581495381521E+03 -0.42090724009012E+03 -0.41736311032112E+03 -0.43311699321544E+02 -0.15180724193316E+03 -0.42243959328718E+03 -0.27064024553182E+04 -0.17756482326548E+04 -0.24889337290515E+04  0.20147716597890E+04  0.43510051623055E+04 -0.14794363565924E+04 -0.29356414746270E+04 -0.72800305665941E+03  0.23507507608358E+03  0.42243640697950E+03 -0.28678441851082E+04 -0.15241340379623E+04 -0.23948355745091E+04  0.19387424627356E+03 -0.89812484495149E+03 -0.10124960775642E+04
  -0.21748946470011E+04 -0.52844103551856E+02 -0.79042947652935E+01 -0.37750919564565E+04  0.32170681253680E+03 -0.11861377085783E+04 -0.61783287274264E+03 -0.11354679237150E+05 -0.22244204117744E+04  0.49354713921301E+03 -0.13553621642063E+03 -0.19329256010676E+03 -0.12992707556978E+02 -0.11170811684533E+01 -0.46294848730639E+04  0.50205270385662E+03 -0.35380264279040E+04 -0.19221936349052E+04  0.64869845416882E+04 -0.76758213499852E+00  0.18856869439176E+04  0.14385933803918E+02  0.39879266546486E+02  0.24939419432773E+02  0.43262625579884E+01  0.14608014508227E+02  0.46917121275629E+02  0.49942364392069E+03  0.31297817960792E+03  0.28787288758176E+03 -0.16616038843899E+03 -0.50197048964425E+03  0.15362132928721E+03  0.30379364506636E+03  0.80711680237585E+02 -0.63161640810910E+02 -0.11199532126940E+03  0.43667243427189E+03  0.21621728540952E+03 -0.30420048594442E+03 -0.34989885940176E+02  0.25070070940757E+03  0.28104570189505E+03
   0.10464946038792E+05  0.13459238663055E+03 -0.12504585852597E+03  0.25035792180948E+05 -0.20472124615269E+04  0.77565230979381E+04  0.38723698030088E+04  0.83328837778917E+05  0.14722213164150E+05 -0.32842185363373E+04  0.96180087740826E+03  0.13638521739985E+04  0.80737836341874E+02  0.87570953815000E+01  0.33518665453692E+05 -0.35380264279040E+04  0.25494325542688E+05  0.13663813054862E+05 -0.44971762023657E+05 -0.36567735654393E+00 -0.11337633892863E+05 -0.14997354246670E+03 -0.44899334289809E+03 -0.49690274775661E+03 -0.49227166628491E+02 -0.16298798749928E+03 -0.42087950334837E+03 -0.23286851197198E+04 -0.15162004940337E+04 -0.23686569507418E+04  0.20342124254206E+04  0.41981483873853E+04 -0.11769918128427E+04 -0.23423388193943E+04 -0.56975844214050E+03  0.56549083882962E+02  0.11262047845185E+03 -0.23600788895331E+04 -0.12797281440661E+04  0.97979062358451E+03  0.19556455599694E+03 -0.14532693921723E+04 -0.16173350448273E+04
   0.75058548163161E+04  0.75188011531691E+02 -0.40569769649959E+01  0.14060467016393E+05 -0.11651292676035E+04  0.44205437214795E+04  0.22351680704247E+04  0.45147337899534E+05  0.70453251673150E+04 -0.18615194842012E+04  0.52365661015014E+03  0.79098437175313E+03  0.51064189285068E+02  0.41315746240169E+01  0.17481401598673E+05 -0.19221936349052E+04  0.13663813054862E+05  0.74299699827806E+04 -0.25062790716552E+05  0.10368397267126E+01 -0.70995949940558E+04 -0.80867580075258E+02 -0.22887785097908E+03 -0.22546470713304E+03 -0.26051837292684E+02 -0.83765384785362E+02 -0.22466885651162E+03 -0.16645033837550E+04 -0.10498937758836E+04 -0.11938759159154E+04  0.95831881803802E+03  0.23141647059816E+04 -0.59703222059284E+03 -0.11893748125499E+04 -0.31449705143768E+03  0.89132939540526E+02  0.16594825092265E+03 -0.15319209426378E+04 -0.79630102322934E+03  0.12349044540330E+04  0.14100243121598E+03 -0.10344502072854E+04 -0.11512171228432E+04
  -0.78154631694177E+07  0.26134717608896E+07 -0.30104570378422E+06 -0.22779418730162E+07  0.48639804372699E+06 -0.44136637096509E+05 -0.23922965004576E+06 -0.58868877569770E+06 -0.25965582334974E+05  0.56565190656378E+05 -0.60142761598698E+04 -0.60500167269576E+04 -0.28953716741576E+03 -0.81149073678581E+02 -0.55276582703256E+05  0.64869845416882E+04 -0.44971762023657E+05 -0.25062790716552E+05  0.33820102175075E+08  0.58135348997140E+04 -0.11688687875909E+08 -0.10098624945293E+06 -0.32954788058508E+06 -0.86366436578113E+06 -0.28604183863109E+05 -0.12177243277164E+06 -0.70038902145722E+06  0.34324969762227E+05  0.76276353193368E+05 -0.12148548801634E+04  0.56885487787882E+06  0.27969298779522E+07  0.17165188926739E+05  0.31547905615744E+05  0.21240081310378E+03  0.18523819962248E+06  0.81663496064790E+06  0.24439635110116E+05  0.76923039154080E+04 -0.18477098318481E+05  0.44820503351812E+05  0.20693979887184E+05  0.64329981355939E+05
  -0.11774208572526E+04  0.49648301891405E+03 -0.46674567567315E+02 -0.13862621370652E+03  0.49837196520846E+02  0.61986376286107E+02  0.11196520270555E+02  0.43603637442318E+03 -0.96916524254194E+02 -0.12349424194294E+02  0.30110054112155E+01 -0.48068173303324E+01 -0.42357637927331E+00  0.30250362650908E-01  0.14379199333192E+01 -0.76758213499852E+00 -0.36567735654393E+00  0.10368397267126E+01  0.58135348997140E+04  0.20947407842539E+01 -0.20577281195042E+04 -0.11831447896715E+02 -0.41591610260336E+02 -0.13342964740209E+03 -0.14941924643746E+01 -0.11730169715829E+02 -0.10507020703579E+03  0.00000000000000E+00 -0.32352530148162E+02  0.00000000000000E+00  0.00000000000000E+00  0.27444119030548E+03  0.00000000000000E+00 -0.62824726043233E+01  0.00000000000000E+00  0.00000000000000E+00  0.19091181570562E+03  0.00000000000000E+00  0.00000000000000E+00  0.00000000000000E+00  0.16833000584751E+02  0.00000000000000E+00 -0.32912631383824E+02
   0.36061328825953E+07 -0.10331340956014E+07  0.13691578530540E+06  0.10021029544654E+07 -0.20582966675592E+06  0.54144309903744E+05  0.12562682840008E+06  0.41635128321554E+06 -0.55058875766266E+04 -0.37260182049080E+05  0.38760408593063E+04  0.18335737317720E+04 -0.72291494635599E+02  0.64955883289653E+02 -0.12246366054317E+05  0.18856869439176E+04 -0.11337633892863E+05 -0.70995949940558E+04 -0.11688687875909E+08 -0.20577281195042E+04  0.70513335324553E+07  0.77311503693901E+05  0.22720035090739E+06  0.60004526470126E+06  0.21611760323204E+05  0.82730081373730E+05  0.44115819157657E+06  0.00000000000000E+00 -0.75164726470857E+05  0.00000000000000E+00  0.00000000000000E+00 -0.18637780084340E+07  0.00000000000000E+00  0.17849711271170E+05  0.00000000000000E+00  0.00000000000000E+00 -0.38836188431677E+06  0.00000000000000E+00  0.00000000000000E+00  0.00000000000000E+00  0.56575571973645E+05  0.00000000000000E+00 -0.62634267526422E+05
   0.33890573907209E+05 -0.66662852755332E+04  0.12414585725711E+04  0.12449034251125E+05 -0.23058635130049E+04  0.13886585307568E+04  0.18406029820237E+04  0.17538233006802E+05 -0.33716251228326E+04 -0.78968451134396E+03  0.12532345883771E+03  0.14271014173039E+02  0.31918989607729E+01  0.34648325800568E+00 -0.13581495381521E+03  0.14385933803918E+02 -0.14997354246670E+03 -0.80867580075258E+02 -0.10098624945293E+06 -0.11831447896715E+02  0.77311503693901E+05  0.11504436846640E+04  0.31599843505203E+04  0.79672582707504E+04  0.30137051436151E+03  0.10863157851502E+04  0.53278543854701E+04 -0.46557227801629E+02 -0.12992904912462E+04  0.43113904927452E+01  0.58242815292694E+03 -0.25638623114704E+05  0.00000000000000E+00 -0.83642402542486E+02  0.00000000000000E+00  0.20656106695418E+04 -0.30483753312625E+04  0.00000000000000E+00  0.00000000000000E+00  0.00000000000000E+00  0.12248301781612E+04 -0.31034750894070E+03 -0.16456146402414E+04
   0.12026122503083E+06 -0.27372750573279E+05  0.44136595838353E+04  0.36769683048909E+05 -0.68304004127976E+04  0.39298348407911E+04  0.52875411489623E+04  0.57825447029972E+05 -0.11746738706469E+05 -0.24409437096254E+04  0.40582060277546E+03  0.19503570209207E+03  0.24257559913326E+02  0.89420785107236E+00 -0.42090724009012E+03  0.39879266546486E+02 -0.44899334289809E+03 -0.22887785097908E+03 -0.32954788058508E+06 -0.41591610260336E+02  0.22720035090739E+06  0.31599843505203E+04  0.91280968895617E+04  0.21973229451593E+05  0.85809633241184E+03  0.31567460611115E+04  0.15555718637849E+05 -0.15256650032499E+03 -0.34415109191823E+04 -0.19178501388677E+02 -0.58327230821133E+04 -0.74400223362929E+05  0.00000000000000E+00 -0.22046467090117E+03  0.00000000000000E+00  0.30661533005880E+04 -0.10191215358407E+05  0.00000000000000E+00  0.00000000000000E+00  0.00000000000000E+00  0.35627161988808E+04 -0.17877064512234E+04 -0.49028081404525E+04
   0.21431491736611E+06 -0.54736282144723E+05  0.79987639293146E+04  0.86720765176855E+05 -0.16621261469415E+05  0.77500039118343E+04  0.11867140476606E+05  0.91085253358244E+05 -0.16966465976110E+05 -0.42634090033384E+04  0.65693467513676E+03 -0.35806148718538E+03 -0.42140019457960E+02  0.31676217439848E+01 -0.41736311032112E+03  0.24939419432773E+02 -0.49690274775661E+03 -0.22546470713304E+03 -0.86366436578113E+06 -0.13342964740209E+03  0.60004526470126E+06  0.79672582707504E+04  0.21973229451593E+05  0.62530578577700E+05  0.21529194884433E+04  0.79790892728677E+04  0.40507398285113E+05  0.23736146919192E+03 -0.10791333177881E+05 -0.45708932006767E+01  0.37276418120178E+05 -0.18093912862545E+06  0.00000000000000E+00 -0.70865853088302E+03  0.00000000000000E+00  0.16285601549000E+05 -0.26839354462457E+05  0.00000000000000E+00  0.00000000000000E+00  0.00000000000000E+00  0.58855291937563E+04  0.14788149790038E+04 -0.11442027085561E+05
   0.11712724989393E+05 -0.26992191487465E+04  0.43314944617652E+03  0.39688638835500E+04 -0.69446471370718E+03  0.55097815278664E+03  0.62471342623300E+03  0.61062186990562E+04 -0.12216068908091E+04 -0.26240996743462E+03  0.43068576751543E+02 -0.20659796309108E+02 -0.23606064491321E+01  0.13301153862012E+00 -0.43311699321544E+02  0.43262625579884E+01 -0.49227166628491E+02 -0.26051837292684E+02 -0.28604183863109E+05 -0.14941924643746E+01  0.21611760323204E+05  0.30137051436151E+03  0.85809633241184E+03  0.21529194884433E+04  0.10074858555052E+03  0.35451005493491E+03  0.15269191603910E+04  0.00000000000000E+00 -0.41109314888576E+03  0.00000000000000E+00  0.00000000000000E+00 -0.82147917076549E+04  0.00000000000000E+00 -0.26168902923295E+02  0.00000000000000E+00  0.00000000000000E+00 -0.55315315574491E+03  0.00000000000000E+00  0.00000000000000E+00  0.00000000000000E+00  0.26998170761975E+02  0.00000000000000E+00 -0.61377084651106E+03
   0.45482674297305E+05 -0.11314593399918E+05  0.16886013266099E+04  0.14468671601220E+05 -0.25837552486220E+04  0.18212011541978E+04  0.21620665587605E+04  0.22503576354868E+05 -0.46862055877037E+04 -0.92677668704601E+03  0.15647111764488E+03 -0.86551563335190E+02 -0.90600056339764E+01  0.44070511128137E+00 -0.15180724193316E+03  0.14608014508227E+02 -0.16298798749928E+03 -0.83765384785362E+02 -0.12177243277164E+06 -0.11730169715829E+02  0.82730081373730E+05  0.10863157851502E+04  0.31567460611115E+04  0.79790892728677E+04  0.35451005493491E+03  0.12998430467038E+04  0.57135846009061E+04  0.00000000000000E+00 -0.13079977740299E+04  0.00000000000000E+00  0.00000000000000E+00 -0.29716197513970E+05  0.00000000000000E+00 -0.82849596562336E+02  0.00000000000000E+00  0.00000000000000E+00 -0.33635485035704E+04  0.00000000000000E+00  0.00000000000000E+00  0.00000000000000E+00 -0.25856255718574E+02  0.00000000000000E+00 -0.22639499152822E+04
   0.23410978473131E+06 -0.64085601739347E+05  0.88230636299355E+04  0.64845168188742E+05 -0.12715555799894E+05  0.49243769375551E+04  0.84767672152743E+04  0.67518434283366E+05 -0.12318449677577E+05 -0.32875018808574E+04  0.48928407534492E+03 -0.20004007626417E+03 -0.17898216638852E+02  0.21044079929599E+01 -0.42243959328718E+03  0.46917121275629E+02 -0.42087950334837E+03 -0.22466885651162E+03 -0.70038902145722E+06 -0.10507020703579E+03  0.44115819157657E+06  0.53278543854701E+04  0.15555718637849E+05  0.40507398285113E+05  0.15269191603910E+04  0.57135846009061E+04  0.30006773841915E+05  0.00000000000000E+00 -0.74056550158061E+04  0.00000000000000E+00  0.00000000000000E+00 -0.12871447840665E+06  0.00000000000000E+00 -0.48631850281763E+03  0.00000000000000E+00  0.00000000000000E+00 -0.21208978719569E+05  0.00000000000000E+00  0.00000000000000E+00  0.00000000000000E+00  0.79330541344877E+04  0.00000000000000E+00 -0.78800384550240E+04
  -0.13223621243440E+06  0.16790003097384E+05 -0.46812088293311E+04 -0.12874834784333E+05  0.19980239918812E+04 -0.27307123836910E+04 -0.24568401213994E+04 -0.63195195449361E+05  0.11581745301307E+05  0.27571728744300E+04 -0.46082133891804E+03 -0.11181279863380E+04 -0.16455979722249E+03  0.69446551978437E-01 -0.27064024553182E+04  0.49942364392069E+03 -0.23286851197198E+04 -0.16645033837550E+04  0.34324969762227E+05  0.00000000000000E+00  0.00000000000000E+00 -0.46557227801629E+02 -0.15256650032499E+03  0.23736146919192E+03  0.00000000000000E+00  0.00000000000000E+00  0.00000000000000E+00  0.11695910966782E+06  0.00000000000000E+00  0.00000000000000E+00  0.00000000000000E+00  0.00000000000000E+00  0.00000000000000E+00  0.00000000000000E+00  0.00000000000000E+00  0.00000000000000E+00  0.00000000000000E+00  0.00000000000000E+00  0.00000000000000E+00  0.00000000000000E+00  0.00000000000000E+00  0.00000000000000E+00  0.00000000000000E+00
  -0.56067214744837E+05  0.82879132044491E+04 -0.19862033661593E+04 -0.21335683590534E+05  0.33590756909045E+04 -0.41907154400813E+04 -0.38504741783558E+04 -0.50685658436688E+05  0.10949072269671E+05  0.19031906819494E+04 -0.34777391922982E+03 -0.75260954795471E-01 -0.97778119968694E-02 -0.26326807322134E-04 -0.17756482326548E+04  0.31297817960792E+03 -0.15162004940337E+04 -0.10498937758836E+04  0.76276353193368E+05 -0.32352530148162E+02 -0.75164726470857E+05 -0.12992904912462E+04 -0.34415109191823E+04 -0.10791333177881E+05 -0.41109314888576E+03 -0.13079977740299E+04 -0.74056550158061E+04  0.00000000000000E+00  0.64953629183051E+05  0.00000000000000E+00  0.00000000000000E+00  0.00000000000000E+00  0.00000000000000E+00  0.00000000000000E+00  0.00000000000000E+00  0.00000000000000E+00  0.00000000000000E+00  0.00000000000000E+00  0.00000000000000E+00  0.00000000000000E+00  0.00000000000000E+00  0.00000000000000E+00  0.00000000000000E+00
  -0.52645544573281E+04 -0.19434115899022E+03  0.18566710459464E+02 -0.69450568866629E+02 -0.57139510204234E+02  0.15118913687206E+03  0.13736482240769E+03 -0.70478636541227E+05  0.24760563008244E+05  0.73817539748726E+03 -0.33407944718176E+03 -0.68873431397847E+03 -0.27113739461471E+02 -0.60730863640308E+01 -0.24889337290515E+04  0.28787288758176E+03 -0.23686569507418E+04 -0.11938759159154E+04 -0.12148548801634E+04  0.00000000000000E+00  0.00000000000000E+00  0.43113904927452E+01 -0.19178501388677E+02 -0.45708932006767E+01  0.00000000000000E+00  0.00000000000000E+00  0.00000000000000E+00  0.00000000000000E+00  0.00000000000000E+00  0.30806355435276E+05  0.00000000000000E+00  0.00000000000000E+00  0.00000000000000E+00  0.00000000000000E+00  0.00000000000000E+00  0.00000000000000E+00  0.00000000000000E+00  0.00000000000000E+00  0.00000000000000E+00  0.00000000000000E+00  0.00000000000000E+00  0.00000000000000E+00  0.00000000000000E+00
  -0.86880976457938E+06  0.21058466551055E+06 -0.31901250803521E+05 -0.66389539955184E+05  0.11778687340970E+05 -0.84080883610181E+04 -0.98064052959791E+04 -0.29601826542936E+06  0.67194348406014E+05  0.11041447727893E+05 -0.19901123471429E+04 -0.49862497360869E+04 -0.58677040922278E+03 -0.79013868620101E+00  0.20147716597890E+04 -0.16616038843899E+03  0.20342124254206E+04  0.95831881803802E+03  0.56885487787882E+06  0.00000000000000E+00  0.00000000000000E+00  0.58242815292694E+03 -0.58327230821133E+04  0.37276418120178E+05  0.00000000000000E+00  0.00000000000000E+00  0.00000000000000E+00  0.00000000000000E+00  0.00000000000000E+00  0.00000000000000E+00  0.58086973313435E+06  0.00000000000000E+00  0.00000000000000E+00  0.00000000000000E+00  0.00000000000000E+00  0.00000000000000E+00  0.00000000000000E+00  0.00000000000000E+00  0.00000000000000E+00  0.00000000000000E+00  0.00000000000000E+00  0.00000000000000E+00  0.00000000000000E+00
  -0.11261632897575E+07  0.26589584409687E+06 -0.41529369922295E+05 -0.34488397224311E+06  0.62511790957268E+05 -0.41066297668428E+05 -0.51134790367679E+05 -0.58146093006481E+06  0.12765819768441E+06  0.22929729612971E+05 -0.39575286744809E+04 -0.16496680894155E+02 -0.18485659479765E+01 -0.20082020986460E-02  0.43510051623055E+04 -0.50197048964425E+03  0.41981483873853E+04  0.23141647059816E+04  0.27969298779522E+07  0.27444119030548E+03 -0.18637780084340E+07 -0.25638623114704E+05 -0.74400223362929E+05 -0.18093912862545E+06 -0.82147917076549E+04 -0.29716197513970E+05 -0.12871447840665E+06  0.00000000000000E+00  0.00000000000000E+00  0.00000000000000E+00  0.00000000000000E+00  0.92201037330303E+06  0.00000000000000E+00  0.00000000000000E+00  0.00000000000000E+00  0.00000000000000E+00  0.00000000000000E+00  0.00000000000000E+00  0.00000000000000E+00  0.00000000000000E+00  0.00000000000000E+00  0.00000000000000E+00  0.00000000000000E+00
  -0.20981012947918E+05  0.57475029772078E+04 -0.80011881201943E+03 -0.13690310707393E+04  0.32023139525603E+03  0.14789444453720E+02 -0.15375048781499E+03 -0.74019976483246E+05  0.22914590653207E+05  0.14969134121820E+04 -0.41595494444861E+03 -0.22534294895415E+04 -0.14204155167623E+03 -0.32307692594804E+01 -0.14794363565924E+04  0.15362132928721E+03 -0.11769918128427E+04 -0.59703222059284E+03  0.17165188926739E+05  0.00000000000000E+00  0.00000000000000E+00  0.00000000000000E+00  0.00000000000000E+00  0.00000000000000E+00  0.00000000000000E+00  0.00000000000000E+00  0.00000000000000E+00  0.00000000000000E+00  0.00000000000000E+00  0.00000000000000E+00  0.00000000000000E+00  0.00000000000000E+00  0.14300936284904E+05  0.00000000000000E+00  0.00000000000000E+00  0.00000000000000E+00  0.00000000000000E+00  0.00000000000000E+00  0.00000000000000E+00  0.00000000000000E+00  0.00000000000000E+00  0.00000000000000E+00  0.00000000000000E+00
  -0.47567100562073E+05  0.13199721951584E+05 -0.18209511379075E+04 -0.24966483355537E+04  0.56372757065881E+03 -0.73018315892079E+01 -0.27307752778029E+03 -0.16663644146603E+06  0.51664342676565E+05  0.33103939583668E+04 -0.93673295724460E+03 -0.69235066900001E+02 -0.18157608037177E+02 -0.16187003692955E-04 -0.29356414746270E+04  0.30379364506636E+03 -0.23423388193943E+04 -0.11893748125499E+04  0.31547905615744E+05 -0.62824726043233E+01  0.17849711271170E+05 -0.83642402542486E+02 -0.22046467090117E+03 -0.70865853088302E+03 -0.26168902923295E+02 -0.82849596562336E+02 -0.48631850281763E+03  0.00000000000000E+00  0.00000000000000E+00  0.00000000000000E+00  0.00000000000000E+00  0.00000000000000E+00  0.00000000000000E+00  0.31410494863721E+05  0.00000000000000E+00  0.00000000000000E+00  0.00000000000000E+00  0.00000000000000E+00  0.00000000000000E+00  0.00000000000000E+00  0.00000000000000E+00  0.00000000000000E+00  0.00000000000000E+00
  -0.32091132248501E+04  0.42291035370092E+03 -0.10096941832837E+03 -0.70918401161925E+02  0.89706193122592E+01 -0.18718780329416E+02 -0.13083536204617E+02 -0.14134906911013E+04  0.19137116187999E+03  0.43788174556883E+02 -0.10788370396472E+02 -0.77715948262045E+02 -0.63184108374244E+01 -0.13970747611762E+00 -0.72800305665941E+03  0.80711680237585E+02 -0.56975844214050E+03 -0.31449705143768E+03  0.21240081310378E+03  0.00000000000000E+00  0.00000000000000E+00  0.00000000000000E+00  0.00000000000000E+00  0.00000000000000E+00  0.00000000000000E+00  0.00000000000000E+00  0.00000000000000E+00  0.00000000000000E+00  0.00000000000000E+00  0.00000000000000E+00  0.00000000000000E+00  0.00000000000000E+00  0.00000000000000E+00  0.00000000000000E+00  0.37995586027650E+04  0.00000000000000E+00  0.00000000000000E+00  0.00000000000000E+00  0.00000000000000E+00  0.00000000000000E+00  0.00000000000000E+00  0.00000000000000E+00  0.00000000000000E+00
  -0.20495120677166E+06  0.63909747354030E+05 -0.79226653696005E+04 -0.11784611651536E+05  0.28953568104072E+04  0.46838727762679E+03 -0.97483017283696E+03 -0.56782199072330E+04  0.59816601024415E+03  0.55379782484540E+03 -0.44473558684441E+02 -0.20438003666661E+00 -0.14605401201270E+00  0.35711995420677E-12  0.23507507608358E+03 -0.63161640810910E+02  0.56549083882962E+02  0.89132939540526E+02  0.18523819962248E+06  0.00000000000000E+00  0.00000000000000E+00  0.20656106695418E+04  0.30661533005880E+04  0.16285601549000E+05  0.00000000000000E+00  0.00000000000000E+00  0.00000000000000E+00  0.00000000000000E+00  0.00000000000000E+00  0.00000000000000E+00  0.00000000000000E+00  0.00000000000000E+00  0.00000000000000E+00  0.00000000000000E+00  0.00000000000000E+00  0.10628358423756E+06  0.00000000000000E+00  0.00000000000000E+00  0.00000000000000E+00  0.00000000000000E+00  0.00000000000000E+00  0.00000000000000E+00  0.00000000000000E+00
  -0.23094476978963E+06  0.71490150845413E+05 -0.89101034307245E+04 -0.53208225942689E+05  0.12885219942071E+05  0.17695201074469E+04 -0.45573896300008E+04 -0.11161672450918E+05  0.12097901893967E+04  0.10518496659002E+04 -0.87264166253774E+02  0.34018255366029E-02  0.22701444940326E-02 -0.91274907001961E-12  0.42243640697950E+03 -0.11199532126940E+03  0.11262047845185E+03  0.16594825092265E+03  0.81663496064790E+06  0.19091181570562E+03 -0.38836188431677E+06 -0.30483753312625E+04 -0.10191215358407E+05 -0.26839354462457E+05 -0.55315315574491E+03 -0.33635485035704E+04 -0.21208978719569E+05  0.00000000000000E+00  0.00000000000000E+00  0.00000000000000E+00  0.00000000000000E+00  0.00000000000000E+00  0.00000000000000E+00  0.00000000000000E+00  0.00000000000000E+00  0.00000000000000E+00  0.13868601327627E+06  0.00000000000000E+00  0.00000000000000E+00  0.00000000000000E+00  0.00000000000000E+00  0.00000000000000E+00  0.00000000000000E+00
