# fitpack15: fit parameters                                                                         
# CJ15 AV18 final data choices                                                                      
# Created on 01/15/2020 at 22:49:11                                                                 

 # QCD setup
  INS                           0
  NVL                          11
  IORD                          1
  Q02                   1.6899999999999999     
  IPARAMC                       7
  FLAVOR                4.0000000000000000     
  xmc                   1.3000000000000000     
  xmb                   4.5000000000000000     
  ncb                          12
  ihq                           1
  ias                           0

 # Theory corrections
  inuke                     10814
  itmc                          1
  iht                           1

 # fit parameters
 LAMBDA       0.22680        0.0000    
 a0uv          1.9879        0.0000    
 a1uv         0.57233       0.23278E-01
 a2uv          3.5553       0.11803E-01
 a3uv          0.0000        0.0000    
 a4uv          4.4719       0.61188    
 a5uv          0.0000        0.0000    
 a0dv          25.195        0.0000    
 a1dv          1.1589       0.33076E-01
 a2dv          6.6188       0.15882    
 a3dv         -3.5587       0.84484E-01
 a4dv          4.7767       0.13905    
 a5dv          0.0000        0.0000    
 a0ud         0.14238       0.49894E-02
 a1ud        -0.21057       0.38152E-02
 a2ud          8.4144       0.19038    
 a3ud          0.0000        0.0000    
 a4ud          15.620        1.2995    
 a5ud          0.0000        0.0000    
 a0du          35712.        0.0000    
 a1du          4.0843       0.85653E-01
 a2du          20.105       0.95774    
 a3du          17.000        0.0000    
 a4du          53.967        12.250    
 a0g           47.718        0.0000    
 a1g          0.61100       0.32783E-01
 a2g           6.8644       0.97306    
 a3g          -3.3848       0.14933    
 a4g           3.4106       0.38229    
 a5g           0.0000        0.0000    
 kappa        0.40000        0.0000    
 a6dv        -0.38700E-02   0.66759E-03
 a7dv          2.0000        0.0000    
 off1         -2.7990        1.7896    
 off2         0.65831E-01   0.10019E-01
 ht1          -3.5521       0.34813    
 ht2           2.0928       0.12592    
 ht3          -2.0459       0.35722E-01
 ht4           0.0000        0.0000    
 ht1n         -3.7910        1.0806    
 ht2n          2.0339       0.35320    
 ht3n         -2.1126       0.67613E-01
 ht4n          0.0000        0.0000    
 dummy44       0.0000        0.0000    
 dummy45       0.0000        0.0000    
 dummy46       0.0000        0.0000    
 dummy47       0.0000        0.0000    
 dummy48       0.0000        0.0000    
 dummy49       0.0000        0.0000    
 bcdmsh2      0.97033       0.48550E-02
 bcdmsd2      0.99015       0.58553E-02
 ccfr          1.0000        0.0000    
 nutev         1.0000        0.0000    
 zeus         0.97998        0.0000    
 h1            1.0162        0.0000    
 e605          1.0319        0.0000    
 NmcH2         1.0066       0.71325E-02
 ntv_nu        1.0000        0.0000    
 ntv_nubar     1.0000        0.0000    
 cdf_jet      0.98910        0.0000    
 d0_jet       0.83504        0.0000    
 slac_p        1.0024       0.50407E-02
 slac_d        1.0013       0.53092E-02
 e866pp       0.98054       0.19894E-01
 e866pd       0.96872       0.16404E-01
 d0_gamjet     1.0367       0.16489E-01
 h1b          0.97608        0.0000    
 jlab_p       0.99063       0.62845E-02
 jlab_d       0.97410       0.60088E-02
 blank         1.0000        0.0000    
 d0run2       0.94486       0.14215E-01
 cdfrun2      0.93147       0.17325E-01
 HERA_el       1.0000        0.0000    
 HERA_ps       1.0000        0.0000    
 CDF_Z        0.95932       0.66144E-02
 NmcRat        1.0000        0.0000    
 BNS_F2nd     0.98320       0.11979E-01
 HERMES_F2p   0.99621       0.56750E-02
 HERMES_F2d   0.97781       0.58458E-02
 END 0. 0.

 # Hessian matrix (Bevington alpha)
   0.51727352426300E+07 -0.13283560329158E+07  0.19815462846210E+06  0.50486696617489E+06 -0.12824621259198E+06 -0.28696186878568E+05  0.53957819027742E+05  0.97982254596963E+06 -0.18286751800240E+06 -0.49955242182209E+05  0.73297541231168E+04  0.15329240258741E+05  0.17245894608484E+04 -0.10491575967329E+03  0.94244524314849E+04 -0.21208869374470E+04  0.98655147196268E+04  0.71416080283853E+04 -0.78597933142049E+07 -0.93149832594264E+03  0.15237879723568E+07  0.40227990008341E+05  0.13657758252098E+06  0.26823115288013E+06  0.13916362509086E+05  0.51910614902418E+05  0.26998980133161E+06 -0.13181057021699E+06 -0.55943192007677E+05 -0.51875170250680E+04 -0.86580736360635E+06 -0.11238417703034E+07 -0.20949113837277E+05 -0.47449305803987E+05 -0.31966252437238E+04 -0.20434271899359E+06 -0.23064945055735E+06 -0.92136019687882E+04 -0.32513016460489E+04 -0.17827227896096E+05  0.17194223628804E+05 -0.74034568979013E+05 -0.58430832666785E+05
  -0.13283560329158E+07  0.41618531464683E+06 -0.52028143017124E+05 -0.13775483931927E+06  0.34696024187374E+05  0.10449740167742E+05 -0.11336520818877E+05 -0.12490850303247E+06  0.26408905067161E+05  0.73912628195913E+04 -0.88406372693919E+03 -0.12009372663593E+04 -0.13984836250362E+03  0.12593873881056E+02  0.65147644250482E+03 -0.53257102266814E+02  0.14446965569637E+03  0.78303884884200E+02  0.26330087578316E+07  0.42850443852471E+03 -0.43788066187131E+06 -0.84783444038864E+04 -0.32067968742310E+05 -0.69863722315031E+05 -0.33373510781627E+04 -0.13145786632600E+05 -0.74186251480424E+05  0.16781308156345E+05  0.82889658215628E+04 -0.19801002790153E+03  0.21037186421216E+06  0.26577699321876E+06  0.57561285769507E+04  0.13205000178020E+05  0.42263521966582E+03  0.63860069787539E+05  0.71496956059556E+05  0.24389547597839E+04  0.77203532401943E+03 -0.22264430309175E+04 -0.22682316543540E+04  0.86721309268332E+04  0.72842049935385E+04
   0.19815462846210E+06 -0.52028143017124E+05  0.76478572644716E+04  0.19165687521544E+05 -0.49799444605561E+04 -0.13499094763871E+04  0.19865835376244E+04  0.28250047838426E+05 -0.51228433277734E+04 -0.16888469241265E+04  0.21489718320826E+03  0.42169239679290E+03  0.53865344357330E+02 -0.40335487186858E+01 -0.29055822210049E+03 -0.62519650452351E+01 -0.13726444011528E+03 -0.11391694852013E+02 -0.30906612164639E+06 -0.38189263071875E+02  0.59019337204211E+05  0.15095876457536E+04  0.51295535144657E+04  0.10233717068180E+05  0.52696259081867E+03  0.19703831638829E+04  0.10381555054596E+05 -0.47476483560933E+04 -0.20167472310201E+04  0.20998154513477E+02 -0.32407758481391E+05 -0.42233717511356E+05 -0.81508969857406E+03 -0.18533281434141E+04 -0.10226968147983E+03 -0.80650128603177E+04 -0.90821428806057E+04 -0.35303107761778E+03 -0.12326748156967E+03 -0.57818156843453E+02  0.62353916997114E+03 -0.22492996496316E+04 -0.18172141374691E+04
   0.50486696617489E+06 -0.13775483931927E+06  0.19165687521544E+05  0.40164711645912E+06 -0.62568705780070E+05  0.75044801734123E+05  0.64598021719609E+05  0.36104191308091E+06 -0.27710665204862E+05 -0.18317602745512E+05  0.32058616924158E+04 -0.13995526613976E+04 -0.15088907946072E+03  0.54181973732478E+02  0.30952147566223E+05 -0.37554056263214E+04  0.24471860762675E+05  0.13737684085881E+05 -0.22981095077716E+07 -0.69134273495120E+02  0.42296885767664E+06  0.14226315648281E+05  0.41411594874353E+05  0.10185959670188E+06  0.45797072807702E+04  0.16309838133229E+05  0.75178005479282E+05 -0.12872254750736E+05 -0.21350445484034E+05 -0.66396942211490E+02 -0.66356567066904E+05 -0.34514105014023E+06 -0.13675045117555E+04 -0.24946504280581E+04 -0.70861193769569E+02 -0.11798205394874E+05 -0.53338601748790E+05 -0.24834252398242E+04 -0.96494483170442E+03 -0.97855479495059E+04 -0.15850150085609E+05 -0.72556991404651E+04 -0.21531296698313E+05
  -0.12824621259198E+06  0.34696024187374E+05 -0.49799444605561E+04 -0.62568705780070E+05  0.11508705957113E+05 -0.75568049485897E+04 -0.92194009212574E+04 -0.33254886945938E+05  0.50736033130620E+03  0.23629442402731E+04 -0.32060223163722E+03 -0.20456734038715E+02  0.50527567097411E+01 -0.48219993972090E+01 -0.26013238826922E+04  0.32010065647607E+03 -0.20041090484970E+04 -0.11397112012324E+04  0.49294501936723E+06  0.36081026740922E+02 -0.87274484040854E+05 -0.26729551757688E+04 -0.77956374288950E+04 -0.19732116358847E+05 -0.82444346255158E+03 -0.29719484857104E+04 -0.14839862116432E+05  0.20013274153031E+04  0.33680255859140E+04 -0.57316445120220E+02  0.11819520403911E+05  0.62727964387492E+05  0.32144301097238E+03  0.56624534488633E+03  0.89843293520861E+01  0.29138305750848E+04  0.12967905763178E+05  0.46773404142545E+03  0.17328704933340E+03  0.36738587270858E+03  0.25074103790155E+04  0.81603973336740E+03  0.25186407272659E+04
  -0.28696186878568E+05  0.10449740167742E+05 -0.13499094763871E+04  0.75044801734123E+05 -0.75568049485897E+04  0.24755989572204E+05  0.14794925143470E+05  0.11090074878623E+06 -0.10454796215350E+05 -0.46083392758744E+04  0.96539116024967E+03 -0.71781322805080E+03 -0.67661683829747E+02  0.18517040132011E+02  0.95417810493720E+04 -0.11893790306696E+04  0.76286245892221E+04  0.43474297028492E+04 -0.48572459876814E+05  0.66667154080381E+02  0.23385947718646E+05  0.15292990667015E+04  0.43011532501369E+04  0.89430171173638E+04  0.58830710569164E+03  0.19572079787299E+04  0.57645287300858E+04 -0.27639531590608E+04 -0.42470987465631E+04  0.15457585749152E+03 -0.85380050971620E+04 -0.41908190234750E+05  0.13699770061385E+02 -0.89847811600911E+01 -0.18892819140982E+02  0.45889900159125E+03  0.16919925338250E+04 -0.24945048590550E+03 -0.12831887463766E+03 -0.31673800468171E+04 -0.32933942552502E+04 -0.18706740649659E+04 -0.53858033923860E+04
   0.53957819027742E+05 -0.11336520818877E+05  0.19865835376244E+04  0.64598021719609E+05 -0.92194009212574E+04  0.14794925143470E+05  0.11497956642125E+05  0.61097177666990E+05 -0.34626460928411E+04 -0.32777121777615E+04  0.56014125512380E+03 -0.23384501317522E+03 -0.27207027095622E+02  0.97021460429815E+01  0.48965776294016E+04 -0.61845832486335E+03  0.38055977197564E+04  0.21956918322765E+04 -0.24493048799371E+06  0.20207145359933E+02  0.53565909478680E+05  0.20901759448720E+04  0.59453874545120E+04  0.13976219006712E+05  0.70669850562160E+03  0.24223446945759E+04  0.99324305220477E+04 -0.24802115092285E+04 -0.38904834449643E+04  0.13898717987308E+03 -0.99102342165551E+04 -0.51760350801342E+05 -0.15547762845892E+03 -0.27607450658800E+03 -0.13190208960279E+02 -0.99140220879046E+03 -0.46479031136480E+04 -0.35796022105359E+03 -0.15119377681809E+03 -0.13436527839068E+04 -0.31376827293230E+04 -0.11550452986106E+04 -0.34433871101454E+04
   0.97982254596963E+06 -0.12490850303247E+06  0.28250047838426E+05  0.36104191308091E+06 -0.33254886945938E+05  0.11090074878623E+06  0.61097177666990E+05  0.53396971892328E+07 -0.23978631311752E+07 -0.88831123670432E+05  0.25970352693245E+05  0.26390832220155E+05  0.17866259673911E+04  0.94913550154547E+02  0.88442886073519E+05 -0.11212492075692E+05  0.80818202895701E+05  0.43795007686552E+05 -0.59146071221697E+06  0.46576796961617E+03  0.17285782404119E+06  0.18605880847868E+05  0.60288823268473E+05  0.10140500822017E+06  0.63590536174542E+04  0.23254079232874E+05  0.74595036337901E+05 -0.62767353607981E+05 -0.50334411765203E+05 -0.70060903642876E+05 -0.29408133399542E+06 -0.57825309740706E+06 -0.73829356856794E+05 -0.16604506253137E+06 -0.14028264461924E+04 -0.56663027285838E+04 -0.11134437174165E+05  0.22996811388991E+03  0.25158808952009E+03 -0.27305607998025E+06 -0.87583251840438E+04 -0.14378171434960E+06 -0.17740261242815E+06
  -0.18286751800240E+06  0.26408905067161E+05 -0.51228433277734E+04 -0.27710665204862E+05  0.50736033130620E+03 -0.10454796215350E+05 -0.34626460928411E+04 -0.23978631311752E+07  0.19281974781796E+07  0.19387168807485E+05 -0.64178216335913E+04 -0.55461962406607E+04 -0.30631750801844E+03 -0.13127606648674E+02  0.48199279504924E+05 -0.22408751181370E+04  0.14670733902722E+05  0.70003420084022E+04 -0.26147675048791E+05 -0.97560740390470E+02 -0.18985999027920E+04 -0.35109967065878E+04 -0.12028905403815E+05 -0.18401572695039E+05 -0.12410194408166E+04 -0.47300953197333E+04 -0.13309898316308E+05  0.11534383846968E+05  0.10902922382452E+05  0.24676795207672E+05  0.66937355892611E+05  0.12731500400821E+06  0.22929913189910E+05  0.51640606578256E+05  0.18980518239292E+03  0.59471770557883E+03  0.12034030214651E+04 -0.12442704077054E+04 -0.69280862969480E+03  0.11288019988692E+06  0.15698008257709E+04  0.45135144201883E+05  0.55157111904378E+05
  -0.49955242182209E+05  0.73912628195913E+04 -0.16888469241265E+04 -0.18317602745512E+05  0.23629442402731E+04 -0.46083392758744E+04 -0.32777121777615E+04 -0.88831123670432E+05  0.19387168807485E+05  0.26517940410000E+04 -0.61616372167319E+03 -0.65985011425541E+03 -0.58685925761288E+02 -0.17093153699388E+01 -0.40188641605042E+04  0.48994901024098E+03 -0.31999140285715E+04 -0.18133155437380E+04  0.57039168891654E+05 -0.15051265322393E+02 -0.15635054597270E+05 -0.86188345768771E+03 -0.26232917217444E+04 -0.49112296264674E+04 -0.28417584129215E+03 -0.99512409119604E+03 -0.37305808413858E+04  0.27488581046287E+04  0.18973156217109E+04  0.73629890623247E+03  0.11012997510522E+05  0.22887130396476E+05  0.14976347078879E+04  0.33096117167401E+04  0.43627277172117E+02  0.55562874393248E+03  0.10549096011413E+04  0.12988381565481E+03  0.57821522166481E+02  0.31309510327526E+04  0.43571628929579E+03  0.28313440065322E+04  0.35794413067184E+04
   0.73297541231168E+04 -0.88406372693919E+03  0.21489718320826E+03  0.32058616924158E+04 -0.32060223163722E+03  0.96539116024967E+03  0.56014125512380E+03  0.25970352693245E+05 -0.64178216335913E+04 -0.61616372167319E+03  0.16776580384426E+03  0.18657182237325E+03  0.13655573753025E+02  0.63812909446003E+00  0.12282807555416E+04 -0.13593649573570E+03  0.94723244713031E+03  0.51568784478183E+03 -0.61330944601512E+04  0.33329210324699E+01  0.16391289586056E+04  0.13570964561964E+03  0.43195916948788E+03  0.74808820368538E+03  0.45881541513214E+02  0.16541722885927E+03  0.55230847261448E+03 -0.46411476990643E+03 -0.35004973294930E+03 -0.33541537270891E+03 -0.20038079851437E+04 -0.39891966563654E+04 -0.41968485491350E+03 -0.94432939478869E+03 -0.10847969864786E+02 -0.45093107272337E+02 -0.88437444511353E+02 -0.13346063603897E+02 -0.62621930042335E+01 -0.11331956007607E+04 -0.64646598171396E+02 -0.81560231400802E+03 -0.10136482628122E+04
   0.15329240258741E+05 -0.12009372663593E+04  0.42169239679290E+03 -0.13995526613976E+04 -0.20456734038715E+02 -0.71781322805080E+03 -0.23384501317522E+03  0.26390832220155E+05 -0.55461962406607E+04 -0.65985011425541E+03  0.18657182237325E+03  0.15673266222897E+04  0.10453887164862E+03 -0.12028289328539E+01  0.13704261531847E+04 -0.19187887225206E+03  0.13246033098392E+04  0.76925551225422E+03 -0.60775887146969E+04 -0.46817127600839E+01  0.79155804807269E+03  0.12168714157227E+02  0.18493369144121E+03 -0.36411576947396E+03 -0.20094860401569E+02 -0.84028009209908E+02 -0.20539035189654E+03 -0.11160523946848E+04 -0.60542203073813E-01 -0.68593381400272E+03 -0.49751900863599E+04 -0.13633495260667E+02 -0.22522749502053E+04 -0.69655924572317E+02 -0.77449242637552E+02 -0.20908069814510E+00  0.24448929477096E-02 -0.17041104253006E+01 -0.72961861078037E+00  0.28812594109615E+03  0.30624496083859E+03 -0.26681364080329E+04 -0.35524113912761E+01
   0.17245894608484E+04 -0.13984836250362E+03  0.53865344357330E+02 -0.15088907946072E+03  0.50527567097411E+01 -0.67661683829747E+02 -0.27207027095622E+02  0.17866259673911E+04 -0.30631750801844E+03 -0.58685925761288E+02  0.13655573753025E+02  0.10453887164862E+03  0.94845763890215E+01 -0.16738095128222E+00  0.76774874626253E+02 -0.12891733740089E+02  0.78042699559412E+02  0.49493435476312E+02 -0.29100785353274E+03 -0.42947585862417E+00 -0.27356428809744E+02  0.27843029234331E+01  0.22807112308903E+02 -0.44331334362182E+02 -0.23746545646046E+01 -0.91316395390502E+01 -0.19610111019655E+02 -0.16455194789106E+03 -0.82312339760728E-02 -0.27030631746111E+02 -0.58659086283793E+03 -0.16176322951016E+01 -0.14209570240896E+03 -0.18295747850251E+02 -0.63059020667236E+01 -0.14945095460846E+00  0.17113565679564E-02 -0.18069892979915E+00 -0.70135595465363E-01  0.28654077779010E+02  0.68482157168475E+02 -0.19364188444202E+03 -0.28636900976382E+00
  -0.10491575967329E+03  0.12593873881056E+02 -0.40335487186858E+01  0.54181973732478E+02 -0.48219993972090E+01  0.18517040132011E+02  0.97021460429815E+01  0.94913550154547E+02 -0.13127606648674E+02 -0.17093153699388E+01  0.63812909446003E+00 -0.12028289328539E+01 -0.16738095128222E+00  0.46616090284497E-01  0.13754142389255E+02 -0.10600895557502E+01  0.82025782969120E+01  0.38610763689833E+01 -0.78936665008225E+02  0.34102387655939E-01  0.26149242468844E+02  0.40951033464057E+00  0.10546299586529E+01  0.36952948642498E+01  0.15133230286665E+00  0.50265790707311E+00  0.24713406002638E+01  0.66492772552623E-01 -0.16793870715602E-04 -0.57002707194423E+01 -0.68192952073903E+00 -0.12801612158417E-02 -0.29391459019346E+01 -0.11362010265480E-04 -0.12955038327805E+00  0.86168094362192E-13 -0.31993145875447E-12 -0.15549618340877E-02 -0.85486185554203E-03 -0.15717443175349E+01  0.31005129794768E-04 -0.28644498240798E+01 -0.23342403642985E-02
   0.94244524314849E+04  0.65147644250482E+03 -0.29055822210049E+03  0.30952147566223E+05 -0.26013238826922E+04  0.95417810493720E+04  0.48965776294016E+04  0.88442886073519E+05  0.48199279504924E+05 -0.40188641605042E+04  0.12282807555416E+04  0.13704261531847E+04  0.76774874626253E+02  0.13754142389255E+02  0.49594357166402E+05 -0.46126739144572E+04  0.32868467316574E+05  0.17124895592424E+05 -0.55761836391544E+05  0.45876518121252E+00 -0.51484129151059E+04 -0.15382796078065E+03 -0.46809275309471E+03 -0.57328827880911E+03 -0.49457999913511E+02 -0.17153187308925E+03 -0.52586364821531E+03 -0.26866672452059E+04 -0.17631254648725E+04 -0.24885842433187E+04  0.20270671840195E+04  0.43622475702075E+04 -0.14823015862090E+04 -0.29411761781179E+04 -0.72676456469870E+03  0.22608045003879E+03  0.40696621299441E+03 -0.28535171689862E+04 -0.15187712173890E+04 -0.24020270428655E+04  0.19433065491314E+03 -0.89277044483536E+03 -0.10063551378073E+04
  -0.21208869374470E+04 -0.53257102266814E+02 -0.62519650452351E+01 -0.37554056263214E+04  0.32010065647607E+03 -0.11893790306696E+04 -0.61845832486335E+03 -0.11212492075692E+05 -0.22408751181370E+04  0.48994901024098E+03 -0.13593649573570E+03 -0.19187887225206E+03 -0.12891733740089E+02 -0.10600895557502E+01 -0.46126739144572E+04  0.49853963482182E+03 -0.34532200578276E+04 -0.18747871981369E+04  0.65234819256503E+04 -0.61244647828546E+00  0.79098111755140E+03  0.17241373837462E+02  0.47551902275273E+02  0.48573047627557E+02  0.54402002077667E+01  0.18092033181118E+02  0.62143034084779E+02  0.49396486591832E+03  0.30952594116955E+03  0.28742953021418E+03 -0.16918003383523E+03 -0.50444473293402E+03  0.15330684547310E+03  0.30320185355769E+03  0.80351263389106E+02 -0.60677526547250E+02 -0.10774890632794E+03  0.43234989152537E+03  0.21451948048345E+03 -0.29986507686122E+03 -0.35055842892158E+02  0.24876881837421E+03  0.27888084467235E+03
   0.98655147196268E+04  0.14446965569637E+03 -0.13726444011528E+03  0.24471860762675E+05 -0.20041090484970E+04  0.76286245892221E+04  0.38055977197564E+04  0.80818202895701E+05  0.14670733902722E+05 -0.31999140285715E+04  0.94723244713031E+03  0.13246033098392E+04  0.78042699559412E+02  0.82025782969120E+01  0.32868467316574E+05 -0.34532200578276E+04  0.24472829887427E+05  0.13100286078468E+05 -0.44393786246962E+05 -0.12800326124496E+01 -0.46313475499969E+04 -0.16137824292958E+03 -0.47930072301821E+03 -0.62391187463147E+03 -0.52750196354763E+02 -0.17609764495341E+03 -0.50397847725882E+03 -0.22370624359225E+04 -0.14599695403395E+04 -0.23283963403892E+04  0.20039321180890E+04  0.40995634639362E+04 -0.11603609598972E+04 -0.23085820766210E+04 -0.55671162092918E+03  0.51322248812326E+02  0.10272367822685E+03 -0.22864352310745E+04 -0.12426927347892E+04  0.89914107791173E+03  0.18783966277922E+03 -0.13952166773151E+04 -0.15532477732326E+04
   0.71416080283853E+04  0.78303884884200E+02 -0.11391694852013E+02  0.13737684085881E+05 -0.11397112012324E+04  0.43474297028492E+04  0.21956918322765E+04  0.43795007686552E+05  0.70003420084022E+04 -0.18133155437380E+04  0.51568784478183E+03  0.76925551225422E+03  0.49493435476312E+02  0.38610763689833E+01  0.17124895592424E+05 -0.18747871981369E+04  0.13100286078468E+05  0.71164803633211E+04 -0.24744138800750E+05  0.43921909405433E+00 -0.29060512177424E+04 -0.88714077815854E+02 -0.25039009973476E+03 -0.30685919348005E+03 -0.28826872986924E+02 -0.93594580202790E+02 -0.27695612531027E+03 -0.16051833050259E+04 -0.10137158437864E+04 -0.11741176039066E+04  0.94830824916789E+03  0.22637493962453E+04 -0.58806891021961E+03 -0.11713018829967E+04 -0.30724609662478E+03  0.83075779317445E+02  0.15496213831493E+03 -0.14849323034404E+04 -0.77359779550581E+03  0.11796395630084E+04  0.13641959405256E+03 -0.10002809307783E+04 -0.11134382568257E+04
  -0.78597933142049E+07  0.26330087578316E+07 -0.30906612164639E+06 -0.22981095077716E+07  0.49294501936723E+06 -0.48572459876814E+05 -0.24493048799371E+06 -0.59146071221697E+06 -0.26147675048791E+05  0.57039168891654E+05 -0.61330944601512E+04 -0.60775887146969E+04 -0.29100785353274E+03 -0.78936665008225E+02 -0.55761836391544E+05  0.65234819256503E+04 -0.44393786246962E+05 -0.24744138800750E+05  0.34372969875282E+08  0.50912138751910E+04 -0.49921945944289E+07 -0.12187263540513E+06 -0.38466449540992E+06 -0.10390815170979E+07 -0.36092738164467E+05 -0.14354069599432E+06 -0.81985459074285E+06  0.34630289774001E+05  0.76975879073519E+05 -0.12310961238415E+04  0.57346045002537E+06  0.28189601938817E+07  0.17309001714750E+05  0.31834657519342E+05  0.21433521546457E+03  0.18675439294053E+06  0.82310779266366E+06  0.24692292329566E+05  0.77691202041637E+04 -0.18658213948844E+05  0.45166204151100E+05  0.20861642305616E+05  0.64779656086060E+05
  -0.93149832594264E+03  0.42850443852471E+03 -0.38189263071875E+02 -0.69134273495120E+02  0.36081026740922E+02  0.66667154080381E+02  0.20207145359933E+02  0.46576796961617E+03 -0.97560740390470E+02 -0.15051265322393E+02  0.33329210324699E+01 -0.46817127600839E+01 -0.42947585862417E+00  0.34102387655939E-01  0.45876518121252E+00 -0.61244647828546E+00 -0.12800326124496E+01  0.43921909405433E+00  0.50912138751910E+04  0.18837544121207E+01 -0.67357606384980E+03 -0.89474005335248E+01 -0.32432902255416E+02 -0.11278441894749E+03 -0.99546691949442E+00 -0.87018510905349E+01 -0.88518895969636E+02  0.00000000000000E+00 -0.38016287142160E+02  0.00000000000000E+00  0.00000000000000E+00  0.14477536535969E+03  0.00000000000000E+00 -0.49932155168907E+01  0.00000000000000E+00  0.00000000000000E+00  0.16534842531949E+03  0.00000000000000E+00  0.00000000000000E+00  0.00000000000000E+00  0.21622540145994E+02  0.00000000000000E+00 -0.37568565785945E+02
   0.15237879723568E+07 -0.43788066187131E+06  0.59019337204211E+05  0.42296885767664E+06 -0.87274484040854E+05  0.23385947718646E+05  0.53565909478680E+05  0.17285782404119E+06 -0.18985999027920E+04 -0.15635054597270E+05  0.16391289586056E+04  0.79155804807269E+03 -0.27356428809744E+02  0.26149242468844E+02 -0.51484129151059E+04  0.79098111755140E+03 -0.46313475499969E+04 -0.29060512177424E+04 -0.49921945944289E+07 -0.67357606384980E+03  0.12644623655864E+07  0.37793451123089E+05  0.10947457804283E+06  0.29697523202288E+06  0.10910829348049E+05  0.40222269860301E+05  0.21616672500979E+06  0.00000000000000E+00 -0.31569637086123E+05  0.00000000000000E+00  0.00000000000000E+00 -0.78722624106934E+06  0.00000000000000E+00  0.75722438217571E+04  0.00000000000000E+00  0.00000000000000E+00 -0.16471941527689E+06  0.00000000000000E+00  0.00000000000000E+00  0.00000000000000E+00  0.25440361790526E+05  0.00000000000000E+00 -0.26267678363017E+05
   0.40227990008341E+05 -0.84783444038864E+04  0.15095876457536E+04  0.14226315648281E+05 -0.26729551757688E+04  0.15292990667015E+04  0.20901759448720E+04  0.18605880847868E+05 -0.35109967065878E+04 -0.86188345768771E+03  0.13570964561964E+03  0.12168714157227E+02  0.27843029234331E+01  0.40951033464057E+00 -0.15382796078065E+03  0.17241373837462E+02 -0.16137824292958E+03 -0.88714077815854E+02 -0.12187263540513E+06 -0.89474005335248E+01  0.37793451123089E+05  0.14409601614436E+04  0.39648247337730E+04  0.10344466346429E+05  0.39324150495483E+03  0.13935896265789E+04  0.70117352671651E+04 -0.46163437965926E+02 -0.14492631608288E+04  0.44026724310165E+01  0.57729644948914E+03 -0.28967892444087E+05  0.00000000000000E+00 -0.74897318812646E+02  0.00000000000000E+00  0.20413670462834E+04 -0.37205607668168E+04  0.00000000000000E+00  0.00000000000000E+00  0.00000000000000E+00  0.13398468415139E+04 -0.30382294966868E+03 -0.17934597311484E+04
   0.13657758252098E+06 -0.32067968742310E+05  0.51295535144657E+04  0.41411594874353E+05 -0.77956374288950E+04  0.43011532501369E+04  0.59453874545120E+04  0.60288823268473E+05 -0.12028905403815E+05 -0.26232917217444E+04  0.43195916948788E+03  0.18493369144121E+03  0.22807112308903E+02  0.10546299586529E+01 -0.46809275309471E+03  0.47551902275273E+02 -0.47930072301821E+03 -0.25039009973476E+03 -0.38466449540992E+06 -0.32432902255416E+02  0.10947457804283E+06  0.39648247337730E+04  0.11342571041301E+05  0.28579286757254E+05  0.11137343803753E+04  0.40037184450795E+04  0.20212112490448E+05 -0.15081434462843E+03 -0.38363552719586E+04 -0.16985373838897E+02 -0.57365038761506E+04 -0.83089890382878E+05  0.00000000000000E+00 -0.19741437645843E+03  0.00000000000000E+00  0.30259418867132E+04 -0.11948772131348E+05  0.00000000000000E+00  0.00000000000000E+00  0.00000000000000E+00  0.38610428544025E+04 -0.17451652958187E+04 -0.52780199949876E+04
   0.26823115288013E+06 -0.69863722315031E+05  0.10233717068180E+05  0.10185959670188E+06 -0.19732116358847E+05  0.89430171173638E+04  0.13976219006712E+05  0.10140500822017E+06 -0.18401572695039E+05 -0.49112296264674E+04  0.74808820368538E+03 -0.36411576947396E+03 -0.44331334362182E+02  0.36952948642498E+01 -0.57328827880911E+03  0.48573047627557E+02 -0.62391187463147E+03 -0.30685919348005E+03 -0.10390815170979E+07 -0.11278441894749E+03  0.29697523202288E+06  0.10344466346429E+05  0.28579286757254E+05  0.81745604471741E+05  0.29010126010558E+04  0.10479092882678E+05  0.54143117443109E+05  0.23397045334985E+03 -0.12064388786559E+05 -0.42984729389030E+01  0.36922811568620E+05 -0.20942255131135E+06  0.00000000000000E+00 -0.63456598930055E+03  0.00000000000000E+00  0.16185975615159E+05 -0.32448747153340E+05  0.00000000000000E+00  0.00000000000000E+00  0.00000000000000E+00  0.69078064464145E+04  0.14595089369980E+04 -0.12738046843641E+05
   0.13916362509086E+05 -0.33373510781627E+04  0.52696259081867E+03  0.45797072807702E+04 -0.82444346255158E+03  0.58830710569164E+03  0.70669850562160E+03  0.63590536174542E+04 -0.12410194408166E+04 -0.28417584129215E+03  0.45881541513214E+02 -0.20094860401569E+02 -0.23746545646046E+01  0.15133230286665E+00 -0.49457999913511E+02  0.54402002077667E+01 -0.52750196354763E+02 -0.28826872986924E+02 -0.36092738164467E+05 -0.99546691949442E+00  0.10910829348049E+05  0.39324150495483E+03  0.11137343803753E+04  0.29010126010558E+04  0.12815738536707E+03  0.44866311900213E+03  0.20577835732171E+04  0.00000000000000E+00 -0.45778881276408E+03  0.00000000000000E+00  0.00000000000000E+00 -0.93231978255219E+04  0.00000000000000E+00 -0.23432859478512E+02  0.00000000000000E+00  0.00000000000000E+00 -0.81596673759329E+03  0.00000000000000E+00  0.00000000000000E+00  0.00000000000000E+00  0.64294202179494E+02  0.00000000000000E+00 -0.65106557852441E+03
   0.51910614902418E+05 -0.13145786632600E+05  0.19703831638829E+04  0.16309838133229E+05 -0.29719484857104E+04  0.19572079787299E+04  0.24223446945759E+04  0.23254079232874E+05 -0.47300953197333E+04 -0.99512409119604E+03  0.16541722885927E+03 -0.84028009209908E+02 -0.91316395390502E+01  0.50265790707311E+00 -0.17153187308925E+03  0.18092033181118E+02 -0.17609764495341E+03 -0.93594580202790E+02 -0.14354069599432E+06 -0.87018510905349E+01  0.40222269860301E+05  0.13935896265789E+04  0.40037184450795E+04  0.10479092882678E+05  0.44866311900213E+03  0.16141825309971E+04  0.74756193779403E+04  0.00000000000000E+00 -0.14560711429737E+04  0.00000000000000E+00  0.00000000000000E+00 -0.33078996393832E+05  0.00000000000000E+00 -0.74187403262077E+02  0.00000000000000E+00  0.00000000000000E+00 -0.40720430167003E+04  0.00000000000000E+00  0.00000000000000E+00  0.00000000000000E+00  0.76994927937878E+02  0.00000000000000E+00 -0.23723807551617E+04
   0.26998980133161E+06 -0.74186251480424E+05  0.10381555054596E+05  0.75178005479282E+05 -0.14839862116432E+05  0.57645287300858E+04  0.99324305220477E+04  0.74595036337901E+05 -0.13309898316308E+05 -0.37305808413858E+04  0.55230847261448E+03 -0.20539035189654E+03 -0.19610111019655E+02  0.24713406002638E+01 -0.52586364821531E+03  0.62143034084779E+02 -0.50397847725882E+03 -0.27695612531027E+03 -0.81985459074285E+06 -0.88518895969636E+02  0.21616672500979E+06  0.70117352671651E+04  0.20212112490448E+05  0.54143117443109E+05  0.20577835732171E+04  0.74756193779403E+04  0.39606190290716E+05  0.00000000000000E+00 -0.82797026747670E+04  0.00000000000000E+00  0.00000000000000E+00 -0.14820576498849E+06  0.00000000000000E+00 -0.43547233033531E+03  0.00000000000000E+00  0.00000000000000E+00 -0.24976265188839E+05  0.00000000000000E+00  0.00000000000000E+00  0.00000000000000E+00  0.85742099938217E+04  0.00000000000000E+00 -0.87751568941690E+04
  -0.13181057021699E+06  0.16781308156345E+05 -0.47476483560933E+04 -0.12872254750736E+05  0.20013274153031E+04 -0.27639531590608E+04 -0.24802115092285E+04 -0.62767353607981E+05  0.11534383846968E+05  0.27488581046287E+04 -0.46411476990643E+03 -0.11160523946848E+04 -0.16455194789106E+03  0.66492772552623E-01 -0.26866672452059E+04  0.49396486591832E+03 -0.22370624359225E+04 -0.16051833050259E+04  0.34630289774001E+05  0.00000000000000E+00  0.00000000000000E+00 -0.46163437965926E+02 -0.15081434462843E+03  0.23397045334985E+03  0.00000000000000E+00  0.00000000000000E+00  0.00000000000000E+00  0.11689572125665E+06  0.00000000000000E+00  0.00000000000000E+00  0.00000000000000E+00  0.00000000000000E+00  0.00000000000000E+00  0.00000000000000E+00  0.00000000000000E+00  0.00000000000000E+00  0.00000000000000E+00  0.00000000000000E+00  0.00000000000000E+00  0.00000000000000E+00  0.00000000000000E+00  0.00000000000000E+00  0.00000000000000E+00
  -0.55943192007677E+05  0.82889658215628E+04 -0.20167472310201E+04 -0.21350445484034E+05  0.33680255859140E+04 -0.42470987465631E+04 -0.38904834449643E+04 -0.50334411765203E+05  0.10902922382452E+05  0.18973156217109E+04 -0.35004973294930E+03 -0.60542203073813E-01 -0.82312339760728E-02 -0.16793870715602E-04 -0.17631254648725E+04  0.30952594116955E+03 -0.14599695403395E+04 -0.10137158437864E+04  0.76975879073519E+05 -0.38016287142160E+02 -0.31569637086123E+05 -0.14492631608288E+04 -0.38363552719586E+04 -0.12064388786559E+05 -0.45778881276408E+03 -0.14560711429737E+04 -0.82797026747670E+04  0.00000000000000E+00  0.64914366948345E+05  0.00000000000000E+00  0.00000000000000E+00  0.00000000000000E+00  0.00000000000000E+00  0.00000000000000E+00  0.00000000000000E+00  0.00000000000000E+00  0.00000000000000E+00  0.00000000000000E+00  0.00000000000000E+00  0.00000000000000E+00  0.00000000000000E+00  0.00000000000000E+00  0.00000000000000E+00
  -0.51875170250680E+04 -0.19801002790153E+03  0.20998154513477E+02 -0.66396942211490E+02 -0.57316445120220E+02  0.15457585749152E+03  0.13898717987308E+03 -0.70060903642876E+05  0.24676795207672E+05  0.73629890623247E+03 -0.33541537270891E+03 -0.68593381400272E+03 -0.27030631746111E+02 -0.57002707194423E+01 -0.24885842433187E+04  0.28742953021418E+03 -0.23283963403892E+04 -0.11741176039066E+04 -0.12310961238415E+04  0.00000000000000E+00  0.00000000000000E+00  0.44026724310165E+01 -0.16985373838897E+02 -0.42984729389030E+01  0.00000000000000E+00  0.00000000000000E+00  0.00000000000000E+00  0.00000000000000E+00  0.00000000000000E+00  0.30797481993336E+05  0.00000000000000E+00  0.00000000000000E+00  0.00000000000000E+00  0.00000000000000E+00  0.00000000000000E+00  0.00000000000000E+00  0.00000000000000E+00  0.00000000000000E+00  0.00000000000000E+00  0.00000000000000E+00  0.00000000000000E+00  0.00000000000000E+00  0.00000000000000E+00
  -0.86580736360635E+06  0.21037186421216E+06 -0.32407758481391E+05 -0.66356567066904E+05  0.11819520403911E+05 -0.85380050971620E+04 -0.99102342165551E+04 -0.29408133399542E+06  0.66937355892611E+05  0.11012997510522E+05 -0.20038079851437E+04 -0.49751900863599E+04 -0.58659086283793E+03 -0.68192952073903E+00  0.20270671840195E+04 -0.16918003383523E+03  0.20039321180890E+04  0.94830824916789E+03  0.57346045002537E+06  0.00000000000000E+00  0.00000000000000E+00  0.57729644948914E+03 -0.57365038761506E+04  0.36922811568620E+05  0.00000000000000E+00  0.00000000000000E+00  0.00000000000000E+00  0.00000000000000E+00  0.00000000000000E+00  0.00000000000000E+00  0.58033976622227E+06  0.00000000000000E+00  0.00000000000000E+00  0.00000000000000E+00  0.00000000000000E+00  0.00000000000000E+00  0.00000000000000E+00  0.00000000000000E+00  0.00000000000000E+00  0.00000000000000E+00  0.00000000000000E+00  0.00000000000000E+00  0.00000000000000E+00
  -0.11238417703034E+07  0.26577699321876E+06 -0.42233717511356E+05 -0.34514105014023E+06  0.62727964387492E+05 -0.41908190234750E+05 -0.51760350801342E+05 -0.57825309740706E+06  0.12731500400821E+06  0.22887130396476E+05 -0.39891966563654E+04 -0.13633495260667E+02 -0.16176322951016E+01 -0.12801612158417E-02  0.43622475702075E+04 -0.50444473293402E+03  0.40995634639362E+04  0.22637493962453E+04  0.28189601938817E+07  0.14477536535969E+03 -0.78722624106934E+06 -0.28967892444087E+05 -0.83089890382878E+05 -0.20942255131135E+06 -0.93231978255219E+04 -0.33078996393832E+05 -0.14820576498849E+06  0.00000000000000E+00  0.00000000000000E+00  0.00000000000000E+00  0.00000000000000E+00  0.92202679464032E+06  0.00000000000000E+00  0.00000000000000E+00  0.00000000000000E+00  0.00000000000000E+00  0.00000000000000E+00  0.00000000000000E+00  0.00000000000000E+00  0.00000000000000E+00  0.00000000000000E+00  0.00000000000000E+00  0.00000000000000E+00
  -0.20949113837277E+05  0.57561285769507E+04 -0.81508969857406E+03 -0.13675045117555E+04  0.32144301097238E+03  0.13699770061385E+02 -0.15547762845892E+03 -0.73829356856794E+05  0.22929913189910E+05  0.14976347078879E+04 -0.41968485491350E+03 -0.22522749502053E+04 -0.14209570240896E+03 -0.29391459019346E+01 -0.14823015862090E+04  0.15330684547310E+03 -0.11603609598972E+04 -0.58806891021961E+03  0.17309001714750E+05  0.00000000000000E+00  0.00000000000000E+00  0.00000000000000E+00  0.00000000000000E+00  0.00000000000000E+00  0.00000000000000E+00  0.00000000000000E+00  0.00000000000000E+00  0.00000000000000E+00  0.00000000000000E+00  0.00000000000000E+00  0.00000000000000E+00  0.00000000000000E+00  0.14337684633076E+05  0.00000000000000E+00  0.00000000000000E+00  0.00000000000000E+00  0.00000000000000E+00  0.00000000000000E+00  0.00000000000000E+00  0.00000000000000E+00  0.00000000000000E+00  0.00000000000000E+00  0.00000000000000E+00
  -0.47449305803987E+05  0.13205000178020E+05 -0.18533281434141E+04 -0.24946504280581E+04  0.56624534488633E+03 -0.89847811600911E+01 -0.27607450658800E+03 -0.16604506253137E+06  0.51640606578256E+05  0.33096117167401E+04 -0.94432939478869E+03 -0.69655924572317E+02 -0.18295747850251E+02 -0.11362010265480E-04 -0.29411761781179E+04  0.30320185355769E+03 -0.23085820766210E+04 -0.11713018829967E+04  0.31834657519342E+05 -0.49932155168907E+01  0.75722438217571E+04 -0.74897318812646E+02 -0.19741437645843E+03 -0.63456598930055E+03 -0.23432859478512E+02 -0.74187403262077E+02 -0.43547233033531E+03  0.00000000000000E+00  0.00000000000000E+00  0.00000000000000E+00  0.00000000000000E+00  0.00000000000000E+00  0.00000000000000E+00  0.31467540648619E+05  0.00000000000000E+00  0.00000000000000E+00  0.00000000000000E+00  0.00000000000000E+00  0.00000000000000E+00  0.00000000000000E+00  0.00000000000000E+00  0.00000000000000E+00  0.00000000000000E+00
  -0.31966252437238E+04  0.42263521966582E+03 -0.10226968147983E+03 -0.70861193769569E+02  0.89843293520861E+01 -0.18892819140982E+02 -0.13190208960279E+02 -0.14028264461924E+04  0.18980518239292E+03  0.43627277172117E+02 -0.10847969864786E+02 -0.77449242637552E+02 -0.63059020667236E+01 -0.12955038327805E+00 -0.72676456469870E+03  0.80351263389106E+02 -0.55671162092918E+03 -0.30724609662478E+03  0.21433521546457E+03  0.00000000000000E+00  0.00000000000000E+00  0.00000000000000E+00  0.00000000000000E+00  0.00000000000000E+00  0.00000000000000E+00  0.00000000000000E+00  0.00000000000000E+00  0.00000000000000E+00  0.00000000000000E+00  0.00000000000000E+00  0.00000000000000E+00  0.00000000000000E+00  0.00000000000000E+00  0.00000000000000E+00  0.37968496879523E+04  0.00000000000000E+00  0.00000000000000E+00  0.00000000000000E+00  0.00000000000000E+00  0.00000000000000E+00  0.00000000000000E+00  0.00000000000000E+00  0.00000000000000E+00
  -0.20434271899359E+06  0.63860069787539E+05 -0.80650128603177E+04 -0.11798205394874E+05  0.29138305750848E+04  0.45889900159125E+03 -0.99140220879046E+03 -0.56663027285838E+04  0.59471770557883E+03  0.55562874393248E+03 -0.45093107272337E+02 -0.20908069814510E+00 -0.14945095460846E+00  0.86168094362192E-13  0.22608045003879E+03 -0.60677526547250E+02  0.51322248812326E+02  0.83075779317445E+02  0.18675439294053E+06  0.00000000000000E+00  0.00000000000000E+00  0.20413670462834E+04  0.30259418867132E+04  0.16185975615159E+05  0.00000000000000E+00  0.00000000000000E+00  0.00000000000000E+00  0.00000000000000E+00  0.00000000000000E+00  0.00000000000000E+00  0.00000000000000E+00  0.00000000000000E+00  0.00000000000000E+00  0.00000000000000E+00  0.00000000000000E+00  0.10626476409331E+06  0.00000000000000E+00  0.00000000000000E+00  0.00000000000000E+00  0.00000000000000E+00  0.00000000000000E+00  0.00000000000000E+00  0.00000000000000E+00
  -0.23064945055735E+06  0.71496956059556E+05 -0.90821428806057E+04 -0.53338601748790E+05  0.12967905763178E+05  0.16919925338250E+04 -0.46479031136480E+04 -0.11134437174165E+05  0.12034030214651E+04  0.10549096011413E+04 -0.88437444511353E+02  0.24448929477096E-02  0.17113565679564E-02 -0.31993145875447E-12  0.40696621299441E+03 -0.10774890632794E+03  0.10272367822685E+03  0.15496213831493E+03  0.82310779266366E+06  0.16534842531949E+03 -0.16471941527689E+06 -0.37205607668168E+04 -0.11948772131348E+05 -0.32448747153340E+05 -0.81596673759329E+03 -0.40720430167003E+04 -0.24976265188839E+05  0.00000000000000E+00  0.00000000000000E+00  0.00000000000000E+00  0.00000000000000E+00  0.00000000000000E+00  0.00000000000000E+00  0.00000000000000E+00  0.00000000000000E+00  0.00000000000000E+00  0.13890268930504E+06  0.00000000000000E+00  0.00000000000000E+00  0.00000000000000E+00  0.00000000000000E+00  0.00000000000000E+00  0.00000000000000E+00
