# fitpack15: fit parameters                                                                         
# CJ15 AV18 final data choices                                                                      
# Created on 01/15/2020 at 22:34:27                                                                 

 # QCD setup
  INS                           0
  NVL                          11
  IORD                          1
  Q02                   1.6899999999999999     
  IPARAMC                       7
  FLAVOR                4.0000000000000000     
  xmc                   1.3000000000000000     
  xmb                   4.5000000000000000     
  ncb                          12
  ihq                           1
  ias                           0

 # Theory corrections
  inuke                     10814
  itmc                          1
  iht                           1

 # fit parameters
 LAMBDA       0.22680        0.0000    
 a0uv          1.9544        0.0000    
 a1uv         0.56857       0.23585E-01
 a2uv          3.5567       0.11678E-01
 a3uv          0.0000        0.0000    
 a4uv          4.5705       0.63085    
 a5uv          0.0000        0.0000    
 a0dv          24.851        0.0000    
 a1dv          1.1556       0.33343E-01
 a2dv          6.6189       0.16013    
 a3dv         -3.5551       0.85635E-01
 a4dv          4.7849       0.14005    
 a5dv          0.0000        0.0000    
 a0ud         0.14200       0.49856E-02
 a1ud        -0.21082       0.38214E-02
 a2ud          8.4339       0.18945    
 a3ud          0.0000        0.0000    
 a4ud          15.829        1.3121    
 a5ud          0.0000        0.0000    
 a0du          35712.        0.0000    
 a1du          4.0826       0.85895E-01
 a2du          20.152       0.95664    
 a3du          17.000        0.0000    
 a4du          53.178        11.952    
 a0g           47.296        0.0000    
 a1g          0.60945       0.32605E-01
 a2g           6.8045       0.97388    
 a3g          -3.3757       0.14738    
 a4g           3.3825       0.37557    
 a5g           0.0000        0.0000    
 kappa        0.40000        0.0000    
 a6dv        -0.39636E-02   0.67680E-03
 a7dv          2.0000        0.0000    
 off1         -2.6739        1.7870    
 off2         0.64367E-01   0.83110E-02
 ht1          -3.5707       0.34752    
 ht2           2.0882       0.12520    
 ht3          -2.0471       0.35556E-01
 ht4           0.0000        0.0000    
 ht1n         -3.5906        1.0064    
 ht2n          1.9533       0.34044    
 ht3n         -2.1300       0.67827E-01
 ht4n          0.0000        0.0000    
 dummy44       0.0000        0.0000    
 dummy45       0.0000        0.0000    
 dummy46       0.0000        0.0000    
 dummy47       0.0000        0.0000    
 dummy48       0.0000        0.0000    
 dummy49       0.0000        0.0000    
 bcdmsh2      0.97013       0.48550E-02
 bcdmsd2      0.99019       0.58590E-02
 ccfr          1.0000        0.0000    
 nutev         1.0000        0.0000    
 zeus         0.97998        0.0000    
 h1            1.0162        0.0000    
 e605          1.0319        0.0000    
 NmcH2         1.0066       0.71352E-02
 ntv_nu        1.0000        0.0000    
 ntv_nubar     1.0000        0.0000    
 cdf_jet      0.98910        0.0000    
 d0_jet       0.83504        0.0000    
 slac_p        1.0021       0.50375E-02
 slac_d        1.0013       0.53171E-02
 e866pp       0.98217       0.19971E-01
 e866pd       0.97075       0.16461E-01
 d0_gamjet     1.0362       0.16486E-01
 h1b          0.97608        0.0000    
 jlab_p       0.99068       0.62866E-02
 jlab_d       0.97439       0.60262E-02
 blank         1.0000        0.0000    
 d0run2       0.94445       0.14221E-01
 cdfrun2      0.93109       0.17320E-01
 HERA_el       1.0000        0.0000    
 HERA_ps       1.0000        0.0000    
 CDF_Z        0.95949       0.66292E-02
 NmcRat        1.0000        0.0000    
 BNS_F2nd     0.98315       0.11994E-01
 HERMES_F2p   0.99600       0.56757E-02
 HERMES_F2d   0.97765       0.58520E-02
 END 0. 0.

 # Hessian matrix (Bevington alpha)
   0.51975719292681E+07 -0.13318278237317E+07  0.19515644197702E+06  0.50597092443564E+06 -0.12810608748684E+06 -0.29025998629916E+05  0.53381508151276E+05  0.98864307053324E+06 -0.18412634188299E+06 -0.50139038837320E+05  0.72930429063748E+04  0.15376604776971E+05  0.17249849625801E+04 -0.10649166196902E+03  0.97134696408850E+04 -0.21610558717858E+04  0.10344705299859E+05  0.74244039742063E+04 -0.77704229713892E+07 -0.10155504299176E+04  0.17997802485329E+07  0.37156016482425E+05  0.12862538898581E+06  0.24108640800505E+06  0.12749611851724E+05  0.48876792810416E+05  0.25288433404100E+06 -0.13222804739431E+06 -0.56057786982722E+05 -0.52587373425152E+04 -0.86850537653902E+06 -0.11261606770860E+07 -0.20990583408771E+05 -0.47499650005356E+05 -0.32093652418251E+04 -0.20488515726223E+06 -0.23101131864356E+06 -0.92390948681335E+04 -0.32610573377558E+04 -0.18055347827535E+05  0.17223847572649E+05 -0.74349932803282E+05 -0.58640340874417E+05
  -0.13318278237317E+07  0.41640314589482E+06 -0.51080114734516E+05 -0.13769756519410E+06  0.34559333012287E+05  0.10503532830982E+05 -0.11172823634598E+05 -0.12531936019105E+06  0.26427054775779E+05  0.73838462214982E+04 -0.87485744261205E+03 -0.12012967127713E+04 -0.13936492140957E+03  0.12765984469074E+02  0.63634857146495E+03 -0.51717936997333E+02  0.13181770649481E+03  0.72556457623399E+02  0.25972089034996E+07  0.45137505809157E+03 -0.51587872383235E+06 -0.75932537065811E+04 -0.29725794581572E+05 -0.62170218223191E+05 -0.29767272552820E+04 -0.12250650310637E+05 -0.69351609150348E+05  0.16791404974651E+05  0.82854598226392E+04 -0.19460771178003E+03  0.21053326040417E+06  0.26577244746937E+06  0.57515983856699E+04  0.13184204272093E+05  0.42301497008966E+03  0.63895570815594E+05  0.71478000344918E+05  0.24399298123755E+04  0.77249633530693E+03 -0.22156705781176E+04 -0.22688418319717E+04  0.86844063267689E+04  0.72931272596239E+04
   0.19515644197702E+06 -0.51080114734516E+05  0.73808785548086E+04  0.18793501545086E+05 -0.48706561996572E+04 -0.13377152572179E+04  0.19234369937625E+04  0.28002451794588E+05 -0.50651633695963E+04 -0.16641616512443E+04  0.21001906918928E+03  0.41732533475188E+03  0.53087130013180E+02 -0.40427660580604E+01 -0.27683157152618E+03 -0.76327450321824E+01 -0.12488009298579E+03 -0.45410799235717E+01 -0.29904435169690E+06 -0.40503359384303E+02  0.68276816501490E+05  0.13642968414746E+04  0.47274236009248E+04  0.90035774129663E+04  0.47172588491183E+03  0.18151414436249E+04  0.95260550980322E+04 -0.46782996341562E+04 -0.19844148163535E+04  0.18660319520611E+02 -0.31869040077930E+05 -0.41494850230256E+05 -0.79995803834582E+03 -0.18171590687520E+04 -0.10092491112454E+03 -0.79143914232610E+04 -0.89046375533371E+04 -0.34688724580612E+03 -0.12121480866758E+03 -0.65432004999818E+02  0.61402348386511E+03 -0.22221132074452E+04 -0.17936456413558E+04
   0.50597092443564E+06 -0.13769756519410E+06  0.18793501545086E+05  0.40170070764815E+06 -0.62428663029754E+05  0.74134304235968E+05  0.63951747440052E+05  0.36314804772170E+06 -0.27982945550519E+05 -0.18340826545980E+05  0.31800375517021E+04 -0.13939137287268E+04 -0.15044162934378E+03  0.55136069040748E+02  0.30969382995708E+05 -0.37624849661846E+04  0.24832616033416E+05  0.13943642349486E+05 -0.22664597470534E+07 -0.92504915502218E+02  0.49860471219534E+06  0.13342217672071E+05  0.39099805167020E+05  0.94215621997492E+05  0.42775745687379E+04  0.15433196915339E+05  0.70067633813067E+05 -0.12878245269509E+05 -0.21335885048789E+05 -0.69181072636016E+02 -0.66388632263328E+05 -0.34493380778357E+06 -0.13683662505279E+04 -0.24933333297180E+04 -0.70989165468147E+02 -0.11789468655467E+05 -0.53239389164637E+05 -0.24838137484949E+04 -0.96537574216333E+03 -0.98333537510132E+04 -0.15877393159257E+05 -0.72666641662061E+04 -0.21541426500723E+05
  -0.12810608748684E+06  0.34559333012287E+05 -0.48706561996572E+04 -0.62428663029754E+05  0.11450098935712E+05 -0.74392121206853E+04 -0.91066480508786E+04 -0.33355084579423E+05  0.51612108497531E+03  0.23599493946227E+04 -0.31701490620533E+03 -0.20648516496753E+02  0.50389782345153E+01 -0.49084256580127E+01 -0.26000864513370E+04  0.32061140154319E+03 -0.20317351271342E+04 -0.11559858354551E+04  0.48447732643521E+06  0.40585654807596E+02 -0.10256335497779E+06 -0.24888729460991E+04 -0.73080714454748E+04 -0.18145410430557E+05 -0.75424798486103E+03 -0.27767149896018E+04 -0.13785388755862E+05  0.19989199636552E+04  0.33594173382090E+04 -0.57177421095794E+02  0.11790372011849E+05  0.62551676379782E+05  0.32053071683019E+03  0.56386956794749E+03  0.89837745403118E+01  0.29008841572573E+04  0.12902715979055E+05  0.46640545932168E+03  0.17289113335720E+03  0.37037894882280E+03  0.25092187472413E+04  0.81528260269842E+03  0.25156365623046E+04
  -0.29025998629916E+05  0.10503532830982E+05 -0.13377152572179E+04  0.74134304235968E+05 -0.74392121206853E+04  0.24231213290985E+05  0.14477633149850E+05  0.11045781820302E+06 -0.10465533102558E+05 -0.45642302724014E+04  0.94817350899495E+03 -0.71041335070205E+03 -0.66891421005309E+02  0.18659477797453E+02  0.94546434487696E+04 -0.11795664171855E+04  0.76748548938714E+04  0.43731271305769E+04 -0.45586145276946E+05  0.64575239562304E+02  0.26962116969948E+05  0.14450588622488E+04  0.40821439005677E+04  0.82638521894118E+04  0.57930058383658E+03  0.18942666081093E+04  0.52695789642760E+04 -0.27292092492796E+04 -0.41891425836869E+04  0.15089340100741E+03 -0.84136993668403E+04 -0.41174485323093E+05  0.14172113900302E+02 -0.81313320803647E+01 -0.18704537763332E+02  0.46162435068477E+03  0.17182652793696E+04 -0.24522024797609E+03 -0.12644692474039E+03 -0.31529297702972E+04 -0.32500212089655E+04 -0.18545470815690E+04 -0.53291421462140E+04
   0.53381508151276E+05 -0.11172823634598E+05  0.19234369937625E+04  0.63951747440052E+05 -0.91066480508786E+04  0.14477633149850E+05  0.11267572229762E+05  0.60855556908882E+05 -0.34709783955772E+04 -0.32493187358881E+04  0.55007860408103E+03 -0.23131609519421E+03 -0.26908979279305E+02  0.97918053741060E+01  0.48569837987604E+04 -0.61433265693855E+03  0.38332290113558E+04  0.22118589161202E+04 -0.23873271009726E+06  0.17001568227540E+02  0.62473328617426E+05  0.19539289012113E+04  0.55860429697177E+04  0.12837404357167E+05  0.66701727596660E+03  0.22875173686908E+04  0.91475326796815E+04 -0.24551300317752E+04 -0.38470461852911E+04  0.13712589550287E+03 -0.98061652313015E+04 -0.51158368545603E+05 -0.15395728311609E+03 -0.27318237899696E+03 -0.13078104433414E+02 -0.97892056389506E+03 -0.45827625869658E+04 -0.35404758671183E+03 -0.14962473700578E+03 -0.13379443701574E+04 -0.31076751926390E+04 -0.11456896921586E+04 -0.34113547604109E+04
   0.98864307053324E+06 -0.12531936019105E+06  0.28002451794588E+05  0.36314804772170E+06 -0.33355084579423E+05  0.11045781820302E+06  0.60855556908882E+05  0.53911785527514E+07 -0.24101849780589E+07 -0.89505235876184E+05  0.25959875838328E+05  0.26632494200545E+05  0.18000573692340E+04  0.98427689366756E+02  0.89343492627633E+05 -0.11325856103296E+05  0.82649002593226E+05  0.44780665699354E+05 -0.58462425537863E+06  0.45748965782125E+03  0.20526156143631E+06  0.18033214767841E+05  0.59050937407082E+05  0.95872228926674E+05  0.63955895175339E+04  0.23309478511111E+05  0.70712755210155E+05 -0.63169109916437E+05 -0.50627361080323E+05 -0.70490983200714E+05 -0.29581330445074E+06 -0.58055535129873E+06 -0.74021227217047E+05 -0.16632348650018E+06 -0.14148819734511E+04 -0.56598378057625E+04 -0.11125033043952E+05  0.23382282021029E+03  0.25175779677660E+03 -0.27450281571776E+06 -0.87678290538941E+04 -0.14473997600219E+06 -0.17841552850119E+06
  -0.18412634188299E+06  0.26427054775779E+05 -0.50651633695963E+04 -0.27982945550519E+05  0.51612108497531E+03 -0.10465533102558E+05 -0.34709783955772E+04 -0.24101849780589E+07  0.19290977208830E+07  0.19498984946502E+05 -0.64062888527390E+04 -0.55944730164832E+04 -0.30881883646087E+03 -0.13808665815050E+02  0.47952200483973E+05 -0.22154201984785E+04  0.14610294677832E+05  0.69816694649655E+04 -0.25836861128464E+05 -0.97586748202866E+02 -0.24037130718311E+04 -0.34234384600540E+04 -0.11859830215689E+05 -0.17543824098262E+05 -0.12705504673584E+04 -0.48211404718352E+04 -0.12693726492009E+05  0.11586125559188E+05  0.10945954113428E+05  0.24779076667977E+05  0.67184441876114E+05  0.12752466655883E+06  0.22927947391918E+05  0.51594530635280E+05  0.19208470828782E+03  0.59502737783837E+03  0.12037796482957E+04 -0.12467730758544E+04 -0.69338177020745E+03  0.11312358649800E+06  0.15666577459200E+04  0.45316072977986E+05  0.55329519499643E+05
  -0.50139038837320E+05  0.73838462214982E+04 -0.16641616512443E+04 -0.18340826545980E+05  0.23599493946227E+04 -0.45642302724014E+04 -0.32493187358881E+04 -0.89505235876184E+05  0.19498984946502E+05  0.26619119010833E+04 -0.61313437895766E+03 -0.66269572771737E+03 -0.58815401658606E+02 -0.17619449922935E+01 -0.40279602020390E+04  0.49176817952862E+03 -0.32557730938983E+04 -0.18451396091637E+04  0.56180811113198E+05 -0.14175456630744E+02 -0.18460161943055E+05 -0.82433511181872E+03 -0.25308346202480E+04 -0.45732082309252E+04 -0.27742712206569E+03 -0.96983786320282E+03 -0.34976499353986E+04  0.27563026967489E+04  0.19007429416900E+04  0.73827775151143E+03  0.11034758689080E+05  0.22898202926109E+05  0.14967781161678E+04  0.33041892289010E+04  0.43814008830023E+02  0.55263731539741E+03  0.10495010140058E+04  0.12992542743693E+03  0.57899321646465E+02  0.31411853481687E+04  0.43528791045627E+03  0.28414285723693E+04  0.35884929760837E+04
   0.72930429063748E+04 -0.87485744261205E+03  0.21001906918928E+03  0.31800375517021E+04 -0.31701490620533E+03  0.94817350899495E+03  0.55007860408103E+03  0.25959875838328E+05 -0.64062888527390E+04 -0.61313437895766E+03  0.16565813859802E+03  0.18590054751978E+03  0.13571727499545E+02  0.65430769672878E+00  0.12208214350039E+04 -0.13517050977279E+03  0.95405981355434E+03  0.51938913173817E+03 -0.59766518773372E+04  0.32081883648774E+01  0.19155081568325E+04  0.12944779698753E+03  0.41627974204449E+03  0.69561696998408E+03  0.45243741621149E+02  0.16255867791120E+03  0.51523656035493E+03 -0.46079161727392E+03 -0.34747129672598E+03 -0.33422168682901E+03 -0.19895515340170E+04 -0.39530394602457E+04 -0.41609811388349E+03 -0.93530302949705E+03 -0.10798603811725E+02 -0.44366577518939E+02 -0.87047092283832E+02 -0.13159074179132E+02 -0.61855517350742E+01 -0.11286721301863E+04 -0.63853141710484E+02 -0.81181327274446E+03 -0.10078589645032E+04
   0.15376604776971E+05 -0.12012967127713E+04  0.41732533475188E+03 -0.13939137287268E+04 -0.20648516496753E+02 -0.71041335070205E+03 -0.23131609519421E+03  0.26632494200545E+05 -0.55944730164832E+04 -0.66269572771737E+03  0.18590054751978E+03  0.15717501555832E+04  0.10464342566470E+03 -0.11643998948641E+01  0.13731115500415E+04 -0.19244525292545E+03  0.13495508939366E+04  0.78286376609649E+03 -0.60111188758783E+04 -0.47220994188622E+01  0.93104794740579E+03  0.13483933500093E+02  0.19132830798965E+03 -0.35635343098121E+03 -0.21183265775133E+02 -0.87979936652938E+02 -0.19918171896075E+03 -0.11149223497931E+04 -0.92764643657192E-01 -0.68800679164118E+03 -0.49743983447420E+04 -0.20278250334838E+02 -0.22501128359354E+04 -0.68770742487201E+02 -0.77595176792057E+02 -0.20220077554540E+00  0.30705463730051E-02 -0.17047150486484E+01 -0.73005252935821E+00  0.29145346408992E+03  0.30372943199657E+03 -0.26736071229506E+04 -0.56937978895355E+01
   0.17249849625801E+04 -0.13936492140957E+03  0.53087130013180E+02 -0.15044162934378E+03  0.50389782345153E+01 -0.66891421005309E+02 -0.26908979279305E+02  0.18000573692340E+04 -0.30881883646087E+03 -0.58815401658606E+02  0.13571727499545E+02  0.10464342566470E+03  0.94706862468839E+01 -0.16887584802466E+00  0.76804573525113E+02 -0.12912054803031E+02  0.79739156974660E+02  0.50452275718188E+02 -0.28761211544818E+03 -0.42695179031062E+00 -0.32835112768722E+02  0.29756931483372E+01  0.23581228095008E+02 -0.42935210287077E+02 -0.24535851778970E+01 -0.92665039213221E+01 -0.18519117027750E+02 -0.16399614972149E+03 -0.11956014994503E-01 -0.27061524563649E+02 -0.58498916592091E+03 -0.22889597639560E+01 -0.14174027361337E+03 -0.18027353970203E+02 -0.63044654007557E+01 -0.14448368489426E+00  0.20826116243234E-02 -0.18027409806556E+00 -0.69998269739449E-01  0.28818635136167E+02  0.67857739081957E+02 -0.19371237383488E+03 -0.43834583754179E+00
  -0.10649166196902E+03  0.12765984469074E+02 -0.40427660580604E+01  0.55136069040748E+02 -0.49084256580127E+01  0.18659477797453E+02  0.97918053741060E+01  0.98427689366756E+02 -0.13808665815050E+02 -0.17619449922935E+01  0.65430769672878E+00 -0.11643998948641E+01 -0.16887584802466E+00  0.48760377537077E-01  0.14114036026094E+02 -0.10910428489914E+01  0.85095419126248E+01  0.40113137468956E+01 -0.79490106437450E+02  0.33047619069525E-01  0.31661118417842E+02  0.38356860893359E+00  0.98872068905756E+00  0.34785853671296E+01  0.14510565263940E+00  0.47626286671544E+00  0.23188375206440E+01  0.68263970347971E-01 -0.32213098908888E-04 -0.59174088216376E+01 -0.74285192420578E+00 -0.23814148632973E-02 -0.31008520119008E+01 -0.13896399822899E-04 -0.13542206646574E+00  0.13218561110184E-12 -0.81018834491628E-12 -0.16273961521576E-02 -0.89399345190625E-03 -0.15744596996656E+01  0.39402709096384E-04 -0.30386337188027E+01 -0.44443359055216E-02
   0.97134696408850E+04  0.63634857146495E+03 -0.27683157152618E+03  0.30969382995708E+05 -0.26000864513370E+04  0.94546434487696E+04  0.48569837987604E+04  0.89343492627633E+05  0.47952200483973E+05 -0.40279602020390E+04  0.12208214350039E+04  0.13731115500415E+04  0.76804573525113E+02  0.14114036026094E+02  0.49568722821498E+05 -0.46126480506518E+04  0.33230675653145E+05  0.17324543693733E+05 -0.54987765924967E+05  0.81109818109847E+00 -0.60684557353256E+04 -0.14491985155705E+03 -0.44547476961076E+03 -0.49671238960567E+03 -0.46993808370892E+02 -0.16202001382011E+03 -0.47521171843887E+03 -0.26928658134192E+04 -0.17668259278353E+04 -0.24883412077306E+04  0.20194910438886E+04  0.43472246852208E+04 -0.14781076605460E+04 -0.29291627272776E+04 -0.72723450927613E+03  0.23086945899859E+03  0.41499694489738E+03 -0.28598116266762E+04 -0.15209292470947E+04 -0.24064578825432E+04  0.19372296730662E+03 -0.89330528635305E+03 -0.10067930927672E+04
  -0.21610558717858E+04 -0.51717936997333E+02 -0.76327450321824E+01 -0.37624849661846E+04  0.32061140154319E+03 -0.11795664171855E+04 -0.61433265693855E+03 -0.11325856103296E+05 -0.22154201984785E+04  0.49176817952862E+03 -0.13517050977279E+03 -0.19244525292545E+03 -0.12912054803031E+02 -0.10910428489914E+01 -0.46126480506518E+04  0.49907127121940E+03 -0.34993098183285E+04 -0.19005489914007E+04  0.64422498924146E+04 -0.66913531253883E+00  0.93341995983409E+03  0.15851240070631E+02  0.43866663648104E+02  0.36976948405784E+02  0.48260754751055E+01  0.16021528242369E+02  0.54896448700636E+02  0.49599903076396E+03  0.31072302000239E+03  0.28743148621880E+03 -0.16728630855307E+03 -0.50172004684305E+03  0.15313373216701E+03  0.30243732241880E+03  0.80466073972492E+02 -0.61996239754087E+02 -0.10994620827503E+03  0.43430587590521E+03  0.21523602704903E+03 -0.30102078720261E+03 -0.34958693500353E+02  0.24939747565037E+03  0.27942307559001E+03
   0.10344705299859E+05  0.13181770649481E+03 -0.12488009298579E+03  0.24832616033416E+05 -0.20317351271342E+04  0.76748548938714E+04  0.38332290113558E+04  0.82649002593226E+05  0.14610294677832E+05 -0.32557730938983E+04  0.95405981355434E+03  0.13495508939366E+04  0.79739156974660E+02  0.85095419126248E+01  0.33230675653145E+05 -0.34993098183285E+04  0.25083649259247E+05  0.13439419792623E+05 -0.44406684407552E+05 -0.92073313868276E+00 -0.55703315385899E+04 -0.15641240647349E+03 -0.46671470446316E+03 -0.56377900703230E+03 -0.52195664255114E+02 -0.17026073521208E+03 -0.46463352020286E+03 -0.23004607856622E+04 -0.14982029960532E+04 -0.23510703621312E+04  0.20192414357612E+04  0.41550170633904E+04 -0.11681079086805E+04 -0.23213599452361E+04 -0.56492876798802E+03  0.55518880021983E+02  0.11056863105424E+03 -0.23373094647760E+04 -0.12677939716242E+04  0.95597240724222E+03  0.19335187663471E+03 -0.14347865626891E+04 -0.15963092890821E+04
   0.74244039742063E+04  0.72556457623399E+02 -0.45410799235717E+01  0.13943642349486E+05 -0.11559858354551E+04  0.43731271305769E+04  0.22118589161202E+04  0.44780665699354E+05  0.69816694649655E+04 -0.18451396091637E+04  0.51938913173817E+03  0.78286376609649E+03  0.50452275718188E+02  0.40113137468956E+01  0.17324543693733E+05 -0.19005489914007E+04  0.13439419792623E+05  0.73058936560895E+04 -0.24751273775686E+05  0.67889070849458E+00 -0.34901584745906E+04 -0.85223183646210E+02 -0.24104212113824E+03 -0.26794536107928E+03 -0.27837663596327E+02 -0.88253204774881E+02 -0.25242114564522E+03 -0.16448235101310E+04 -0.10374145658349E+04 -0.11852647243444E+04  0.95264857109781E+03  0.22917964944667E+04 -0.59239938115675E+03 -0.11784715825106E+04 -0.31179141451758E+03  0.87329393361538E+02  0.16262396675566E+03 -0.15166664605270E+04 -0.78872045077578E+03  0.12162673627958E+04  0.13961943123488E+03 -0.10228530801108E+04 -0.11378126663117E+04
  -0.77704229713892E+07  0.25972089034996E+07 -0.29904435169690E+06 -0.22664597470534E+07  0.48447732643521E+06 -0.45586145276946E+05 -0.23873271009726E+06 -0.58462425537863E+06 -0.25836861128464E+05  0.56180811113198E+05 -0.59766518773372E+04 -0.60111188758783E+04 -0.28761211544818E+03 -0.79490106437450E+02 -0.54987765924967E+05  0.64422498924146E+04 -0.44406684407552E+05 -0.24751273775686E+05  0.33426247190212E+08  0.52735321534059E+04 -0.57988547911155E+07 -0.11050224887720E+06 -0.35366342211833E+06 -0.94133803264883E+06 -0.31506913641381E+05 -0.13145139769757E+06 -0.75493845081657E+06  0.34171038048298E+05  0.75881613252626E+05 -0.12093007435708E+04  0.56595805523460E+06  0.27798158175278E+07  0.17075890883813E+05  0.31360405419424E+05  0.21170040077026E+03  0.18429165895219E+06  0.81143671889655E+06  0.24355795035342E+05  0.76648905452249E+04 -0.18392211654707E+05  0.44659006714493E+05  0.20591812168298E+05  0.63971220692050E+05
  -0.10155504299176E+04  0.45137505809157E+03 -0.40503359384303E+02 -0.92504915502218E+02  0.40585654807596E+02  0.64575239562304E+02  0.17001568227540E+02  0.45748965782125E+03 -0.97586748202866E+02 -0.14175456630744E+02  0.32081883648774E+01 -0.47220994188622E+01 -0.42695179031062E+00  0.33047619069525E-01  0.81109818109847E+00 -0.66913531253883E+00 -0.92073313868276E+00  0.67889070849458E+00  0.52735321534059E+04  0.19472593476189E+01 -0.87233364991948E+03 -0.97128302985873E+01 -0.34879815981972E+02 -0.11773447004897E+03 -0.84550546310475E+00 -0.93264464058888E+01 -0.93453124030796E+02  0.00000000000000E+00 -0.36102926026909E+02  0.00000000000000E+00  0.00000000000000E+00  0.18849598305657E+03  0.00000000000000E+00 -0.54476831430721E+01  0.00000000000000E+00  0.00000000000000E+00  0.17389823458502E+03  0.00000000000000E+00  0.00000000000000E+00  0.00000000000000E+00  0.19998947276039E+02  0.00000000000000E+00 -0.36021906669210E+02
   0.17997802485329E+07 -0.51587872383235E+06  0.68276816501490E+05  0.49860471219534E+06 -0.10256335497779E+06  0.26962116969948E+05  0.62473328617426E+05  0.20526156143631E+06 -0.24037130718311E+04 -0.18460161943055E+05  0.19155081568325E+04  0.93104794740579E+03 -0.32835112768722E+02  0.31661118417842E+02 -0.60684557353256E+04  0.93341995983409E+03 -0.55703315385899E+04 -0.34901584745906E+04 -0.57988547911155E+07 -0.87233364991948E+03  0.17561541673911E+07  0.41609664996100E+05  0.12129642849741E+06  0.32474598847240E+06  0.11734948868368E+05  0.44396761168670E+05  0.23810849964737E+06  0.00000000000000E+00 -0.37277393150369E+05  0.00000000000000E+00  0.00000000000000E+00 -0.92817012614685E+06  0.00000000000000E+00  0.88886474251128E+04  0.00000000000000E+00  0.00000000000000E+00 -0.19389851230372E+06  0.00000000000000E+00  0.00000000000000E+00  0.00000000000000E+00  0.29802107258644E+05  0.00000000000000E+00 -0.31065294587618E+05
   0.37156016482425E+05 -0.75932537065811E+04  0.13642968414746E+04  0.13342217672071E+05 -0.24888729460991E+04  0.14450588622488E+04  0.19539289012113E+04  0.18033214767841E+05 -0.34234384600540E+04 -0.82433511181872E+03  0.12944779698753E+03  0.13483933500093E+02  0.29756931483372E+01  0.38356860893359E+00 -0.14491985155705E+03  0.15851240070631E+02 -0.15641240647349E+03 -0.85223183646210E+02 -0.11050224887720E+06 -0.97128302985873E+01  0.41609664996100E+05  0.12908438720081E+04  0.35514609494282E+04  0.91149697173048E+04  0.34533259273498E+03  0.12383784642892E+04  0.61503672178163E+04 -0.46270021176897E+02 -0.13718583496186E+04  0.43857581534393E+01  0.58018212658207E+03 -0.27295943181675E+05  0.00000000000000E+00 -0.76855130869505E+02  0.00000000000000E+00  0.20494336975775E+04 -0.33910203539199E+04  0.00000000000000E+00  0.00000000000000E+00  0.00000000000000E+00  0.12826564288173E+04 -0.30601833522889E+03 -0.17143932631954E+04
   0.12862538898581E+06 -0.29725794581572E+05  0.47274236009248E+04  0.39099805167020E+05 -0.73080714454748E+04  0.40821439005677E+04  0.55860429697177E+04  0.59050937407082E+05 -0.11859830215689E+05 -0.25308346202480E+04  0.41627974204449E+03  0.19132830798965E+03  0.23581228095008E+02  0.98872068905756E+00 -0.44547476961076E+03  0.43866663648104E+02 -0.46671470446316E+03 -0.24104212113824E+03 -0.35366342211833E+06 -0.34879815981972E+02  0.12129642849741E+06  0.35514609494282E+04  0.10209382239104E+05  0.25166039927034E+05  0.98039840820607E+03  0.35783170616633E+04  0.17835252203609E+05 -0.15210700358264E+03 -0.36327779685137E+04 -0.17757618980961E+02 -0.57959602997584E+04 -0.78734646927412E+05  0.00000000000000E+00 -0.20257477809303E+03  0.00000000000000E+00  0.30545541916392E+04 -0.11070347905307E+05  0.00000000000000E+00  0.00000000000000E+00  0.00000000000000E+00  0.37171889649419E+04 -0.17684287727216E+04 -0.50794991439880E+04
   0.24108640800505E+06 -0.62170218223191E+05  0.90035774129663E+04  0.94215621997492E+05 -0.18145410430557E+05  0.82638521894118E+04  0.12837404357167E+05  0.95872228926674E+05 -0.17543824098262E+05 -0.45732082309252E+04  0.69561696998408E+03 -0.35635343098121E+03 -0.42935210287077E+02  0.34785853671296E+01 -0.49671238960567E+03  0.36976948405784E+02 -0.56377900703230E+03 -0.26794536107928E+03 -0.94133803264883E+06 -0.11773447004897E+03  0.32474598847240E+06  0.91149697173048E+04  0.25166039927034E+05  0.71783073379409E+05  0.25044161355962E+04  0.92054168133820E+04  0.47131670497741E+05  0.23628344306965E+03 -0.11407678107141E+05 -0.44431506234358E+01  0.37226768395196E+05 -0.19499111467853E+06  0.00000000000000E+00 -0.65115351158333E+03  0.00000000000000E+00  0.16294135586169E+05 -0.29618149905794E+05  0.00000000000000E+00  0.00000000000000E+00  0.00000000000000E+00  0.63924334343937E+04  0.14731804058406E+04 -0.12049733859704E+05
   0.12749611851724E+05 -0.29767272552820E+04  0.47172588491183E+03  0.42775745687379E+04 -0.75424798486103E+03  0.57930058383658E+03  0.66701727596660E+03  0.63955895175339E+04 -0.12705504673584E+04 -0.27742712206569E+03  0.45243741621149E+02 -0.21183265775133E+02 -0.24535851778970E+01  0.14510565263940E+00 -0.46993808370892E+02  0.48260754751055E+01 -0.52195664255114E+02 -0.27837663596327E+02 -0.31506913641381E+05 -0.84550546310475E+00  0.11734948868368E+05  0.34533259273498E+03  0.98039840820607E+03  0.25044161355962E+04  0.11523265648341E+03  0.40353624845571E+03  0.17756613092886E+04  0.00000000000000E+00 -0.43431158504843E+03  0.00000000000000E+00  0.00000000000000E+00 -0.88090027569281E+04  0.00000000000000E+00 -0.24045393218584E+02  0.00000000000000E+00  0.00000000000000E+00 -0.65220051787523E+03  0.00000000000000E+00  0.00000000000000E+00  0.00000000000000E+00  0.31517528575510E+02  0.00000000000000E+00 -0.64622470735769E+03
   0.48876792810416E+05 -0.12250650310637E+05  0.18151414436249E+04  0.15433196915339E+05 -0.27767149896018E+04  0.18942666081093E+04  0.22875173686908E+04  0.23309478511111E+05 -0.48211404718352E+04 -0.96983786320282E+03  0.16255867791120E+03 -0.87979936652938E+02 -0.92665039213221E+01  0.47626286671544E+00 -0.16202001382011E+03  0.16021528242369E+02 -0.17026073521208E+03 -0.88253204774881E+02 -0.13145139769757E+06 -0.93264464058888E+01  0.44396761168670E+05  0.12383784642892E+04  0.35783170616633E+04  0.92054168133820E+04  0.40353624845571E+03  0.14672014863424E+04  0.65863919564566E+04  0.00000000000000E+00 -0.13808575112776E+04  0.00000000000000E+00  0.00000000000000E+00 -0.31545285543232E+05  0.00000000000000E+00 -0.76126658163002E+02  0.00000000000000E+00  0.00000000000000E+00 -0.37257515237448E+04  0.00000000000000E+00  0.00000000000000E+00  0.00000000000000E+00  0.13366801313204E+02  0.00000000000000E+00 -0.23615325064110E+04
   0.25288433404100E+06 -0.69351609150348E+05  0.95260550980322E+04  0.70067633813067E+05 -0.13785388755862E+05  0.52695789642760E+04  0.91475326796815E+04  0.70712755210155E+05 -0.12693726492009E+05 -0.34976499353986E+04  0.51523656035493E+03 -0.19918171896075E+03 -0.18519117027750E+02  0.23188375206440E+01 -0.47521171843887E+03  0.54896448700636E+02 -0.46463352020286E+03 -0.25242114564522E+03 -0.75493845081657E+06 -0.93453124030796E+02  0.23810849964737E+06  0.61503672178163E+04  0.17835252203609E+05  0.47131670497741E+05  0.17756613092886E+04  0.65863919564566E+04  0.34751030175488E+05  0.00000000000000E+00 -0.78282139564789E+04  0.00000000000000E+00  0.00000000000000E+00 -0.13846210151174E+06  0.00000000000000E+00 -0.44685555462525E+03  0.00000000000000E+00  0.00000000000000E+00 -0.23214990441705E+05  0.00000000000000E+00  0.00000000000000E+00  0.00000000000000E+00  0.82834774564935E+04  0.00000000000000E+00 -0.82930977992369E+04
  -0.13222804739431E+06  0.16791404974651E+05 -0.46782996341562E+04 -0.12878245269509E+05  0.19989199636552E+04 -0.27292092492796E+04 -0.24551300317752E+04 -0.63169109916437E+05  0.11586125559188E+05  0.27563026967489E+04 -0.46079161727392E+03 -0.11149223497931E+04 -0.16399614972149E+03  0.68263970347971E-01 -0.26928658134192E+04  0.49599903076396E+03 -0.23004607856622E+04 -0.16448235101310E+04  0.34171038048298E+05  0.00000000000000E+00  0.00000000000000E+00 -0.46270021176897E+02 -0.15210700358264E+03  0.23628344306965E+03  0.00000000000000E+00  0.00000000000000E+00  0.00000000000000E+00  0.11693944996964E+06  0.00000000000000E+00  0.00000000000000E+00  0.00000000000000E+00  0.00000000000000E+00  0.00000000000000E+00  0.00000000000000E+00  0.00000000000000E+00  0.00000000000000E+00  0.00000000000000E+00  0.00000000000000E+00  0.00000000000000E+00  0.00000000000000E+00  0.00000000000000E+00  0.00000000000000E+00  0.00000000000000E+00
  -0.56057786982722E+05  0.82854598226392E+04 -0.19844148163535E+04 -0.21335885048789E+05  0.33594173382090E+04 -0.41891425836869E+04 -0.38470461852911E+04 -0.50627361080323E+05  0.10945954113428E+05  0.19007429416900E+04 -0.34747129672598E+03 -0.92764643657192E-01 -0.11956014994503E-01 -0.32213098908888E-04 -0.17668259278353E+04  0.31072302000239E+03 -0.14982029960532E+04 -0.10374145658349E+04  0.75881613252626E+05 -0.36102926026909E+02 -0.37277393150369E+05 -0.13718583496186E+04 -0.36327779685137E+04 -0.11407678107141E+05 -0.43431158504843E+03 -0.13808575112776E+04 -0.78282139564789E+04  0.00000000000000E+00  0.64893396966325E+05  0.00000000000000E+00  0.00000000000000E+00  0.00000000000000E+00  0.00000000000000E+00  0.00000000000000E+00  0.00000000000000E+00  0.00000000000000E+00  0.00000000000000E+00  0.00000000000000E+00  0.00000000000000E+00  0.00000000000000E+00  0.00000000000000E+00  0.00000000000000E+00  0.00000000000000E+00
  -0.52587373425152E+04 -0.19460771178003E+03  0.18660319520611E+02 -0.69181072636016E+02 -0.57177421095794E+02  0.15089340100741E+03  0.13712589550287E+03 -0.70490983200714E+05  0.24779076667977E+05  0.73827775151143E+03 -0.33422168682901E+03 -0.68800679164118E+03 -0.27061524563649E+02 -0.59174088216376E+01 -0.24883412077306E+04  0.28743148621880E+03 -0.23510703621312E+04 -0.11852647243444E+04 -0.12093007435708E+04  0.00000000000000E+00  0.00000000000000E+00  0.43857581534393E+01 -0.17757618980961E+02 -0.44431506234358E+01  0.00000000000000E+00  0.00000000000000E+00  0.00000000000000E+00  0.00000000000000E+00  0.00000000000000E+00  0.30807352112506E+05  0.00000000000000E+00  0.00000000000000E+00  0.00000000000000E+00  0.00000000000000E+00  0.00000000000000E+00  0.00000000000000E+00  0.00000000000000E+00  0.00000000000000E+00  0.00000000000000E+00  0.00000000000000E+00  0.00000000000000E+00  0.00000000000000E+00  0.00000000000000E+00
  -0.86850537653902E+06  0.21053326040417E+06 -0.31869040077930E+05 -0.66388632263328E+05  0.11790372011849E+05 -0.84136993668403E+04 -0.98061652313015E+04 -0.29581330445074E+06  0.67184441876114E+05  0.11034758689080E+05 -0.19895515340170E+04 -0.49743983447420E+04 -0.58498916592091E+03 -0.74285192420578E+00  0.20194910438886E+04 -0.16728630855307E+03  0.20192414357612E+04  0.95264857109781E+03  0.56595805523460E+06  0.00000000000000E+00  0.00000000000000E+00  0.58018212658207E+03 -0.57959602997584E+04  0.37226768395196E+05  0.00000000000000E+00  0.00000000000000E+00  0.00000000000000E+00  0.00000000000000E+00  0.00000000000000E+00  0.00000000000000E+00  0.58064273156110E+06  0.00000000000000E+00  0.00000000000000E+00  0.00000000000000E+00  0.00000000000000E+00  0.00000000000000E+00  0.00000000000000E+00  0.00000000000000E+00  0.00000000000000E+00  0.00000000000000E+00  0.00000000000000E+00  0.00000000000000E+00  0.00000000000000E+00
  -0.11261606770860E+07  0.26577244746937E+06 -0.41494850230256E+05 -0.34493380778357E+06  0.62551676379782E+05 -0.41174485323093E+05 -0.51158368545603E+05 -0.58055535129873E+06  0.12752466655883E+06  0.22898202926109E+05 -0.39530394602457E+04 -0.20278250334838E+02 -0.22889597639560E+01 -0.23814148632973E-02  0.43472246852208E+04 -0.50172004684305E+03  0.41550170633904E+04  0.22917964944667E+04  0.27798158175278E+07  0.18849598305657E+03 -0.92817012614685E+06 -0.27295943181675E+05 -0.78734646927412E+05 -0.19499111467853E+06 -0.88090027569281E+04 -0.31545285543232E+05 -0.13846210151174E+06  0.00000000000000E+00  0.00000000000000E+00  0.00000000000000E+00  0.00000000000000E+00  0.92150361548804E+06  0.00000000000000E+00  0.00000000000000E+00  0.00000000000000E+00  0.00000000000000E+00  0.00000000000000E+00  0.00000000000000E+00  0.00000000000000E+00  0.00000000000000E+00  0.00000000000000E+00  0.00000000000000E+00  0.00000000000000E+00
  -0.20990583408771E+05  0.57515983856699E+04 -0.79995803834582E+03 -0.13683662505279E+04  0.32053071683019E+03  0.14172113900302E+02 -0.15395728311609E+03 -0.74021227217047E+05  0.22927947391918E+05  0.14967781161678E+04 -0.41609811388349E+03 -0.22501128359354E+04 -0.14174027361337E+03 -0.31008520119008E+01 -0.14781076605460E+04  0.15313373216701E+03 -0.11681079086805E+04 -0.59239938115675E+03  0.17075890883813E+05  0.00000000000000E+00  0.00000000000000E+00  0.00000000000000E+00  0.00000000000000E+00  0.00000000000000E+00  0.00000000000000E+00  0.00000000000000E+00  0.00000000000000E+00  0.00000000000000E+00  0.00000000000000E+00  0.00000000000000E+00  0.00000000000000E+00  0.00000000000000E+00  0.14301319418390E+05  0.00000000000000E+00  0.00000000000000E+00  0.00000000000000E+00  0.00000000000000E+00  0.00000000000000E+00  0.00000000000000E+00  0.00000000000000E+00  0.00000000000000E+00  0.00000000000000E+00  0.00000000000000E+00
  -0.47499650005356E+05  0.13184204272093E+05 -0.18171590687520E+04 -0.24933333297180E+04  0.56386956794749E+03 -0.81313320803647E+01 -0.27318237899696E+03 -0.16632348650018E+06  0.51594530635280E+05  0.33041892289010E+04 -0.93530302949705E+03 -0.68770742487201E+02 -0.18027353970203E+02 -0.13896399822899E-04 -0.29291627272776E+04  0.30243732241880E+03 -0.23213599452361E+04 -0.11784715825106E+04  0.31360405419424E+05 -0.54476831430721E+01  0.88886474251128E+04 -0.76855130869505E+02 -0.20257477809303E+03 -0.65115351158333E+03 -0.24045393218584E+02 -0.76126658163002E+02 -0.44685555462525E+03  0.00000000000000E+00  0.00000000000000E+00  0.00000000000000E+00  0.00000000000000E+00  0.00000000000000E+00  0.00000000000000E+00  0.31345740910118E+05  0.00000000000000E+00  0.00000000000000E+00  0.00000000000000E+00  0.00000000000000E+00  0.00000000000000E+00  0.00000000000000E+00  0.00000000000000E+00  0.00000000000000E+00  0.00000000000000E+00
  -0.32093652418251E+04  0.42301497008966E+03 -0.10092491112454E+03 -0.70989165468147E+02  0.89837745403118E+01 -0.18704537763332E+02 -0.13078104433414E+02 -0.14148819734511E+04  0.19208470828782E+03  0.43814008830023E+02 -0.10798603811725E+02 -0.77595176792057E+02 -0.63044654007557E+01 -0.13542206646574E+00 -0.72723450927613E+03  0.80466073972492E+02 -0.56492876798802E+03 -0.31179141451758E+03  0.21170040077026E+03  0.00000000000000E+00  0.00000000000000E+00  0.00000000000000E+00  0.00000000000000E+00  0.00000000000000E+00  0.00000000000000E+00  0.00000000000000E+00  0.00000000000000E+00  0.00000000000000E+00  0.00000000000000E+00  0.00000000000000E+00  0.00000000000000E+00  0.00000000000000E+00  0.00000000000000E+00  0.00000000000000E+00  0.37996995310469E+04  0.00000000000000E+00  0.00000000000000E+00  0.00000000000000E+00  0.00000000000000E+00  0.00000000000000E+00  0.00000000000000E+00  0.00000000000000E+00  0.00000000000000E+00
  -0.20488515726223E+06  0.63895570815594E+05 -0.79143914232610E+04 -0.11789468655467E+05  0.29008841572573E+04  0.46162435068477E+03 -0.97892056389506E+03 -0.56598378057625E+04  0.59502737783837E+03  0.55263731539741E+03 -0.44366577518939E+02 -0.20220077554540E+00 -0.14448368489426E+00  0.13218561110184E-12  0.23086945899859E+03 -0.61996239754087E+02  0.55518880021983E+02  0.87329393361538E+02  0.18429165895219E+06  0.00000000000000E+00  0.00000000000000E+00  0.20494336975775E+04  0.30545541916392E+04  0.16294135586169E+05  0.00000000000000E+00  0.00000000000000E+00  0.00000000000000E+00  0.00000000000000E+00  0.00000000000000E+00  0.00000000000000E+00  0.00000000000000E+00  0.00000000000000E+00  0.00000000000000E+00  0.00000000000000E+00  0.00000000000000E+00  0.10625897864228E+06  0.00000000000000E+00  0.00000000000000E+00  0.00000000000000E+00  0.00000000000000E+00  0.00000000000000E+00  0.00000000000000E+00  0.00000000000000E+00
  -0.23101131864356E+06  0.71478000344918E+05 -0.89046375533371E+04 -0.53239389164637E+05  0.12902715979055E+05  0.17182652793696E+04 -0.45827625869658E+04 -0.11125033043952E+05  0.12037796482957E+04  0.10495010140058E+04 -0.87047092283832E+02  0.30705463730051E-02  0.20826116243234E-02 -0.81018834491628E-12  0.41499694489738E+03 -0.10994620827503E+03  0.11056863105424E+03  0.16262396675566E+03  0.81143671889655E+06  0.17389823458502E+03 -0.19389851230372E+06 -0.33910203539199E+04 -0.11070347905307E+05 -0.29618149905794E+05 -0.65220051787523E+03 -0.37257515237448E+04 -0.23214990441705E+05  0.00000000000000E+00  0.00000000000000E+00  0.00000000000000E+00  0.00000000000000E+00  0.00000000000000E+00  0.00000000000000E+00  0.00000000000000E+00  0.00000000000000E+00  0.00000000000000E+00  0.13872032522670E+06  0.00000000000000E+00  0.00000000000000E+00  0.00000000000000E+00  0.00000000000000E+00  0.00000000000000E+00  0.00000000000000E+00
