# fitpack15: fit parameters                                                                         
# CJ15 AV18 final data choices                                                                      
# Created on 01/15/2020 at 22:21:55                                                                 

 # QCD setup
  INS                           0
  NVL                          11
  IORD                          1
  Q02                   1.6899999999999999     
  IPARAMC                       7
  FLAVOR                4.0000000000000000     
  xmc                   1.3000000000000000     
  xmb                   4.5000000000000000     
  ncb                          12
  ihq                           1
  ias                           0

 # Theory corrections
  inuke                     10814
  itmc                          1
  iht                           1

 # fit parameters
 LAMBDA       0.22680        0.0000    
 a0uv          1.9479        0.0000    
 a1uv         0.56781       0.23642E-01
 a2uv          3.5568       0.11662E-01
 a3uv          0.0000        0.0000    
 a4uv          4.5884       0.63461    
 a5uv          0.0000        0.0000    
 a0dv          24.856        0.0000    
 a1dv          1.1557       0.33534E-01
 a2dv          6.6183       0.16039    
 a3dv         -3.5561       0.85688E-01
 a4dv          4.7872       0.13996    
 a5dv          0.0000        0.0000    
 a0ud         0.14200       0.49847E-02
 a1ud        -0.21083       0.38206E-02
 a2ud          8.4367       0.18874    
 a3ud          0.0000        0.0000    
 a4ud          15.873        1.3118    
 a5ud          0.0000        0.0000    
 a0du          35712.        0.0000    
 a1du          4.0752       0.83687E-01
 a2du          20.126       0.94524    
 a3du          17.000        0.0000    
 a4du          50.788        11.016    
 a0g           47.438        0.0000    
 a1g          0.60950       0.32542E-01
 a2g           6.7969       0.96998    
 a3g          -3.3801       0.14665    
 a4g           3.3855       0.37304    
 a5g           0.0000        0.0000    
 kappa        0.40000        0.0000    
 a6dv        -0.39366E-02   0.67651E-03
 a7dv          2.0000        0.0000    
 off1         -2.6248        1.7934    
 off2         0.61197E-01   0.33410E-02
 ht1          -3.5751       0.34762    
 ht2           2.0908       0.12534    
 ht3          -2.0480       0.35611E-01
 ht4           0.0000        0.0000    
 ht1n         -3.6358        1.0242    
 ht2n          1.9668       0.34248    
 ht3n         -2.1261       0.67564E-01
 ht4n          0.0000        0.0000    
 dummy44       0.0000        0.0000    
 dummy45       0.0000        0.0000    
 dummy46       0.0000        0.0000    
 dummy47       0.0000        0.0000    
 dummy48       0.0000        0.0000    
 dummy49       0.0000        0.0000    
 bcdmsh2      0.97000       0.48538E-02
 bcdmsd2      0.98981       0.58538E-02
 ccfr          1.0000        0.0000    
 nutev         1.0000        0.0000    
 zeus         0.97998        0.0000    
 h1            1.0162        0.0000    
 e605          1.0319        0.0000    
 NmcH2         1.0064       0.71352E-02
 ntv_nu        1.0000        0.0000    
 ntv_nubar     1.0000        0.0000    
 cdf_jet      0.98910        0.0000    
 d0_jet       0.83504        0.0000    
 slac_p        1.0020       0.50380E-02
 slac_d        1.0012       0.53156E-02
 e866pp       0.98139       0.20043E-01
 e866pd       0.97053       0.16437E-01
 d0_gamjet     1.0359       0.16487E-01
 h1b          0.97608        0.0000    
 jlab_p       0.99062       0.62860E-02
 jlab_d       0.97431       0.60234E-02
 blank         1.0000        0.0000    
 d0run2       0.94417       0.14228E-01
 cdfrun2      0.93092       0.17328E-01
 HERA_el       1.0000        0.0000    
 HERA_ps       1.0000        0.0000    
 CDF_Z        0.95975       0.66428E-02
 NmcRat        1.0000        0.0000    
 BNS_F2nd     0.98418       0.12192E-01
 HERMES_F2p   0.99590       0.56757E-02
 HERMES_F2d   0.97743       0.58486E-02
 END 0. 0.

 # Hessian matrix (Bevington alpha)
   0.52014835312557E+07 -0.13322591732933E+07  0.19460008638693E+06  0.50578190505650E+06 -0.12829719041291E+06 -0.29089051802286E+05  0.53398571590379E+05  0.99175334202008E+06 -0.18519944495878E+06 -0.50217870380252E+05  0.72922442438639E+04  0.15586067257953E+05  0.17498318661010E+04 -0.11108592884674E+03  0.98459301828671E+04 -0.21778725497558E+04  0.10528106086286E+05  0.75317587519860E+04 -0.77736534267310E+07 -0.11941513142319E+04  0.42452953004982E+07  0.34765757537445E+05  0.12231136833933E+06  0.22117958150322E+06  0.12069621585371E+05  0.46586821991084E+05  0.23901974903509E+06 -0.13236104149855E+06 -0.56150868632249E+05 -0.52951128158755E+04 -0.86915752788091E+06 -0.11269540556189E+07 -0.20966118475807E+05 -0.47627689349929E+05 -0.32120551035128E+04 -0.20502087179205E+06 -0.23110572290884E+06 -0.92483738315683E+04 -0.32638195805010E+04 -0.18086469717238E+05  0.17151580191079E+05 -0.74434178096378E+05 -0.58724904541230E+05
  -0.13322591732933E+07  0.41640445721145E+06 -0.50905011788626E+05 -0.13755169289711E+06  0.34608250216721E+05  0.10523326942136E+05 -0.11170938489979E+05 -0.12564505808152E+06  0.26547839633555E+05  0.73921431851071E+04 -0.87437599422829E+03 -0.12167398931648E+04 -0.14136502442315E+03  0.13298098043135E+02  0.62201933153134E+03 -0.50252459279871E+02  0.11973072477178E+03  0.66369621503547E+02  0.25981019147066E+07  0.50095788184290E+03 -0.12154694762405E+07 -0.69171117769994E+04 -0.27936341589469E+05 -0.56506818182458E+05 -0.27873752480343E+04 -0.11596037283820E+05 -0.65394857214507E+05  0.16800377912702E+05  0.82965808300183E+04 -0.19090862404578E+03  0.21056792234281E+06  0.26590351209408E+06  0.57410907354708E+04  0.13210401804081E+05  0.42318442261505E+03  0.63906808876596E+05  0.71505232354811E+05  0.24407041635666E+04  0.77260415456361E+03 -0.22095413783164E+04 -0.22586837826487E+04  0.86895782863272E+04  0.72993902883240E+04
   0.19460008638693E+06 -0.50905011788626E+05  0.73330745280002E+04  0.18713461501784E+05 -0.48598346020496E+04 -0.13363016103221E+04  0.19166911530496E+04  0.28016564153601E+05 -0.50862944061732E+04 -0.16613724175678E+04  0.20936043841105E+03  0.42183681802079E+03  0.53718240586554E+02 -0.42314435150636E+01 -0.27232594253818E+03 -0.81416166561287E+01 -0.12198208000287E+03 -0.26911822675907E+01 -0.29803446667376E+06 -0.47078024654068E+02  0.16045481109181E+06  0.12695484022526E+04  0.44730401008549E+04  0.82206759001556E+04  0.44454024287272E+03  0.17224193858237E+04  0.89682783940591E+04 -0.46678885539834E+04 -0.19813495067568E+04  0.17363263594803E+02 -0.31777436880826E+05 -0.41379490362423E+05 -0.79600123788075E+03 -0.18151243432458E+04 -0.10069636424178E+03 -0.78887320116356E+04 -0.88750788845461E+04 -0.34594027233736E+03 -0.12087385066407E+03 -0.66952730604322E+02  0.60965278863352E+03 -0.22180571785349E+04 -0.17907406725137E+04
   0.50578190505650E+06 -0.13755169289711E+06  0.18713461501784E+05  0.40124196160002E+06 -0.62427714130579E+05  0.74023058152463E+05  0.63893769205150E+05  0.36324022083241E+06 -0.27771391639216E+05 -0.18366189959282E+05  0.31770349577303E+04 -0.13989586437433E+04 -0.15154829785288E+03  0.58012053547022E+02  0.30981432533927E+05 -0.37633773607711E+04  0.25000895463423E+05  0.14030134367713E+05 -0.22642933687022E+07 -0.14312772247681E+03  0.11801208639365E+07  0.12677120333489E+05  0.37339430669573E+05  0.88647393640760E+05  0.40811164424526E+04  0.14794257372404E+05  0.66191226609997E+05 -0.12887374768026E+05 -0.21363947299187E+05 -0.72900376065743E+02 -0.66399683898691E+05 -0.34494221399784E+06 -0.13772283859955E+04 -0.25016723712681E+04 -0.71560591786555E+02 -0.11789595120217E+05 -0.53205158699314E+05 -0.24854474367272E+04 -0.96589398994647E+03 -0.98470926789578E+04 -0.15824230695658E+05 -0.72688490200115E+04 -0.21554888650560E+05
  -0.12829719041291E+06  0.34608250216721E+05 -0.48598346020496E+04 -0.62427714130579E+05  0.11467666700457E+05 -0.74254398942558E+04 -0.91060214360102E+04 -0.33369827546963E+05  0.48985795402692E+03  0.23643407000819E+04 -0.31677040692191E+03 -0.22728520261844E+02  0.49937650726669E+01 -0.51879957971953E+01 -0.26039045248935E+04  0.32101978557650E+03 -0.20473846121410E+04 -0.11641621028901E+04  0.48509659467141E+06  0.51047606970001E+02 -0.24297919708364E+06 -0.23565573136879E+04 -0.69597572699212E+04 -0.17035393748188E+05 -0.71634659229077E+03 -0.26509343113146E+04 -0.13013901865798E+05  0.20012576345175E+04  0.33664481141252E+04 -0.56651912549097E+02  0.11805631735529E+05  0.62639012067964E+05  0.32269596115780E+03  0.56619765717561E+03  0.90720108227443E+01  0.29058648836069E+04  0.12924172163171E+05  0.46724308187189E+03  0.17314195191549E+03  0.37143799833402E+03  0.25009554383868E+04  0.81613727176380E+03  0.25187307611323E+04
  -0.29089051802286E+05  0.10523326942136E+05 -0.13363016103221E+04  0.74023058152463E+05 -0.74254398942558E+04  0.24202202718495E+05  0.14458860554489E+05  0.11048853319901E+06 -0.10401541451905E+05 -0.45706360728240E+04  0.94740905755450E+03 -0.71614909110086E+03 -0.67540441995445E+02  0.19640198732717E+02  0.94568301544413E+04 -0.11796464858767E+04  0.77264983141716E+04  0.44000071973636E+04 -0.45141685457267E+05  0.61353509781450E+02  0.64430764613439E+05  0.14044581833030E+04  0.39745968293071E+04  0.79345742260376E+04  0.56400352304241E+03  0.18544224929903E+04  0.50452529794462E+04 -0.27293734715078E+04 -0.41917013764883E+04  0.14973576460953E+03 -0.84180106275089E+04 -0.41141686042496E+05  0.13418286089563E+02 -0.91040093450627E+01 -0.18813914790994E+02  0.46049107232390E+03  0.17307866750639E+04 -0.24558607013846E+03 -0.12656401454500E+03 -0.31566290233756E+04 -0.32386056655250E+04 -0.18551714511182E+04 -0.53329660725131E+04
   0.53398571590379E+05 -0.11170938489979E+05  0.19166911530496E+04  0.63893769205150E+05 -0.91060214360102E+04  0.14458860554489E+05  0.11258095829094E+05  0.60870808894851E+05 -0.34294231676884E+04 -0.32541850685748E+04  0.54958854148123E+03 -0.23191818084549E+03 -0.27106989835220E+02  0.10326192306560E+02  0.48601897837810E+04 -0.61465283209548E+03  0.38599160828227E+04  0.22259732339944E+04 -0.23860453161932E+06  0.10384160033572E+02  0.14830893469625E+06  0.18701090769578E+04  0.53648606671706E+04  0.12139671692474E+05  0.64113580916015E+03  0.22077975619922E+04  0.86646007516775E+04 -0.24564817722340E+04 -0.38521094668797E+04  0.13631468177426E+03 -0.98124825301145E+04 -0.51173164465370E+05 -0.15528152408107E+03 -0.27455587832967E+03 -0.13171701330551E+02 -0.98045710909935E+03 -0.45813596856840E+04 -0.35449185812641E+03 -0.14975824255527E+03 -0.13401526022676E+04 -0.30966014440488E+04 -0.11463113086764E+04 -0.34140272029257E+04
   0.99175334202008E+06 -0.12564505808152E+06  0.28016564153601E+05  0.36324022083241E+06 -0.33369827546963E+05  0.11048853319901E+06  0.60870808894851E+05  0.53993758378022E+07 -0.24126426944817E+07 -0.89711421113585E+05  0.25966362907186E+05  0.26965037256410E+05  0.18230600840878E+04  0.10778324616804E+03  0.89503856915748E+05 -0.11350395207185E+05  0.83390348012939E+05  0.45163219684903E+05 -0.58466593132563E+06  0.43453728677317E+03  0.48954516654186E+06  0.17715536206985E+05  0.58193647923886E+05  0.93347201679531E+05  0.62718677377413E+04  0.22975509041232E+05  0.68971599874280E+05 -0.63160758241405E+05 -0.50769274198692E+05 -0.70386499879422E+05 -0.29584481680061E+06 -0.58200563691662E+06 -0.73936404951648E+05 -0.16676022974044E+06 -0.14111451501485E+04 -0.56653194594927E+04 -0.11144330604381E+05  0.22500503362703E+03  0.24599421226760E+03 -0.27475757315429E+06 -0.87641155329179E+04 -0.14467089398536E+06 -0.17889129618537E+06
  -0.18519944495878E+06  0.26547839633555E+05 -0.50862944061732E+04 -0.27771391639216E+05  0.48985795402692E+03 -0.10401541451905E+05 -0.34294231676884E+04 -0.24126426944817E+07  0.19302962804883E+07  0.19542763422262E+05 -0.64080785908613E+04 -0.56650860564147E+04 -0.31310502183825E+03 -0.15435425347171E+02  0.48049111013688E+05 -0.22156457221547E+04  0.14688006071970E+05  0.70154018055821E+04 -0.26301959190701E+05 -0.97008586332739E+02 -0.60551956615895E+04 -0.34033275358972E+04 -0.11800381011890E+05 -0.17410629280506E+05 -0.12570606723833E+04 -0.47907114644099E+04 -0.12602738073619E+05  0.11580202346876E+05  0.10975824615218E+05  0.24736577725302E+05  0.67182026784345E+05  0.12785307294850E+06  0.22897047196918E+05  0.51731731002505E+05  0.19089007701579E+03  0.59620934577959E+03  0.12070191511510E+04 -0.12446898259504E+04 -0.69154609167288E+03  0.11320734781289E+06  0.15660027039804E+04  0.45291133570658E+05  0.55476500637888E+05
  -0.50217870380252E+05  0.73921431851071E+04 -0.16613724175678E+04 -0.18366189959282E+05  0.23643407000819E+04 -0.45706360728240E+04 -0.32541850685748E+04 -0.89711421113585E+05  0.19542763422262E+05  0.26685601307290E+04 -0.61339283305256E+03 -0.67096129137894E+03 -0.59561862099583E+02 -0.19316966260564E+01 -0.40366208022592E+04  0.49275579528303E+03 -0.32843329522889E+04 -0.18602201863311E+04  0.56241616997326E+05 -0.12196605522460E+02 -0.43891168993439E+05 -0.79955691509757E+03 -0.24652872583816E+04 -0.43691370008837E+04 -0.26933308991200E+03 -0.94608001309446E+03 -0.33564839721531E+04  0.27574729530239E+04  0.19064771490930E+04  0.73801556249571E+03  0.11039608895894E+05  0.22952618797836E+05  0.14961270499906E+04  0.33130253807574E+04  0.43770213671319E+02  0.55300186060476E+03  0.10509372557887E+04  0.13025645488243E+03  0.58053151116421E+02  0.31461123641607E+04  0.43503414679787E+03  0.28411308096657E+04  0.35984372332241E+04
   0.72922442438639E+04 -0.87437599422829E+03  0.20936043841105E+03  0.31770349577303E+04 -0.31677040692191E+03  0.94740905755450E+03  0.54958854148123E+03  0.25966362907186E+05 -0.64080785908613E+04 -0.61339283305256E+03  0.16540553454811E+03  0.18784654834441E+03  0.13711840484516E+02  0.71695480271331E+00  0.12208099870855E+04 -0.13514070506876E+03  0.96032201793762E+03  0.52252112087909E+03 -0.59684496065240E+04  0.29915431460771E+01  0.45536077534084E+04  0.12641210201643E+03  0.40801985254246E+03  0.67188304382703E+03  0.44139562522339E+02  0.15942986040695E+03  0.49878080423447E+03 -0.45978069351033E+03 -0.34773559003213E+03 -0.33339469234209E+03 -0.19857794191599E+04 -0.39545787810722E+04 -0.41497184062596E+03 -0.93614318489554E+03 -0.10758290244812E+02 -0.44296371839295E+02 -0.86977411486122E+02 -0.13178418813653E+02 -0.61992932242245E+01 -0.11284238279742E+04 -0.63686364185250E+02 -0.81007518617295E+03 -0.10088065359730E+04
   0.15586067257953E+05 -0.12167398931648E+04  0.42183681802079E+03 -0.13989586437433E+04 -0.22728520261844E+02 -0.71614909110086E+03 -0.23191818084549E+03  0.26965037256410E+05 -0.56650860564147E+04 -0.67096129137894E+03  0.18784654834441E+03  0.16155345375701E+04  0.10741930049100E+03 -0.10426700886502E+01  0.13939638588045E+04 -0.19533934381791E+03  0.13802690735610E+04  0.79996646694870E+03 -0.61327355290535E+04 -0.48667794525122E+01  0.22005888114817E+04  0.12585033984798E+02  0.19057538611490E+03 -0.36796019694752E+03 -0.21481471558053E+02 -0.89368297038095E+02 -0.20673400926615E+03 -0.11285890193646E+04 -0.90834257009673E-01 -0.69868055009740E+03 -0.50398809707428E+04 -0.19982421606993E+02 -0.22826277522047E+04 -0.69980733963227E+02 -0.78586922045623E+02 -0.20701384861486E+00  0.29007943144890E-02 -0.17262011731365E+01 -0.73859711704091E+00  0.30144665164414E+03  0.30714019582225E+03 -0.27101061981885E+04 -0.55273187226277E+01
   0.17498318661010E+04 -0.14136502442315E+03  0.53718240586554E+02 -0.15154829785288E+03  0.49937650726669E+01 -0.67540441995445E+02 -0.27106989835220E+02  0.18230600840878E+04 -0.31310502183825E+03 -0.59561862099583E+02  0.13711840484516E+02  0.10741930049100E+03  0.97188500887038E+01 -0.17518581793460E+00  0.77896197131870E+02 -0.13097636162231E+02  0.81506320087191E+02  0.51519412540250E+02 -0.29372435895699E+03 -0.42760295860714E+00 -0.86916180308694E+02  0.30435328555019E+01  0.23937516057023E+02 -0.43041720640284E+02 -0.24458527407003E+01 -0.93046908132393E+01 -0.18459988043758E+02 -0.16623727688029E+03 -0.11851017598619E-01 -0.27482357784160E+02 -0.59308736818610E+03 -0.22885949988367E+01 -0.14373151137020E+03 -0.18362844888642E+02 -0.63834063683809E+01 -0.14793826468546E+00  0.19978089047670E-02 -0.18261048759914E+00 -0.70822322120759E-01  0.29616949518935E+02  0.68663394653215E+02 -0.19628666938573E+03 -0.42921352220410E+00
  -0.11108592884674E+03  0.13298098043135E+02 -0.42314435150636E+01  0.58012053547022E+02 -0.51879957971953E+01  0.19640198732717E+02  0.10326192306560E+02  0.10778324616804E+03 -0.15435425347171E+02 -0.19316966260564E+01  0.71695480271331E+00 -0.10426700886502E+01 -0.17518581793460E+00  0.55748541169691E-01  0.15280098924408E+02 -0.11927851985418E+01  0.93656694503256E+01  0.44249334241957E+01 -0.84644502139494E+02  0.31019039958650E-01  0.80954414449689E+02  0.36681950540086E+00  0.95216207281632E+00  0.33410989883017E+01  0.14031206215320E+00  0.46050318300538E+00  0.22195674468500E+01  0.72376389222439E-01 -0.36731774342477E-04 -0.65615869857753E+01 -0.94620435522041E+00 -0.28947069349510E-02 -0.36526174891306E+01 -0.25214851355189E-04 -0.15331083784082E+00 -0.29098934747879E-13 -0.20185178241974E-11 -0.18511062097271E-02 -0.10140225716125E-02 -0.15934379932360E+01  0.79065336765032E-04 -0.35879415134256E+01 -0.49914243080524E-02
   0.98459301828671E+04  0.62201933153134E+03 -0.27232594253818E+03  0.30981432533927E+05 -0.26039045248935E+04  0.94568301544413E+04  0.48601897837810E+04  0.89503856915748E+05  0.48049111013688E+05 -0.40366208022592E+04  0.12208099870855E+04  0.13939638588045E+04  0.77896197131870E+02  0.15280098924408E+02  0.49667362464171E+05 -0.46192168372025E+04  0.33492650900257E+05  0.17453315794872E+05 -0.55085320085966E+05  0.14645789659311E+01 -0.14377437434017E+05 -0.13705275768815E+03 -0.42491554085490E+03 -0.43259787546361E+03 -0.44581025733362E+02 -0.15487731662136E+03 -0.43113266229675E+03 -0.26946914878448E+04 -0.17704349943628E+04 -0.24864349401767E+04  0.20189124906645E+04  0.43509652421270E+04 -0.14800666248005E+04 -0.29348462562286E+04 -0.72737697859339E+03  0.23237760068501E+03  0.41782431876189E+03 -0.28627953268799E+04 -0.15214467740874E+04 -0.24153701863207E+04  0.19253788335731E+03 -0.89071541497953E+03 -0.10053690805449E+04
  -0.21778725497558E+04 -0.50252459279871E+02 -0.81416166561287E+01 -0.37633773607711E+04  0.32101978557650E+03 -0.11796464858767E+04 -0.61465283209548E+03 -0.11350395207185E+05 -0.22156457221547E+04  0.49275579528303E+03 -0.13514070506876E+03 -0.19533934381791E+03 -0.13097636162231E+02 -0.11927851985418E+01 -0.46192168372025E+04  0.49962899167770E+03 -0.35265878514569E+04 -0.19143686142958E+04  0.64503713707331E+04 -0.76667603916951E+00  0.22106860225702E+04  0.14647681267622E+02  0.40745122630486E+02  0.27178014472955E+02  0.44971115871078E+01  0.15005569608408E+02  0.48137846856745E+02  0.49645540460982E+03  0.31145285392694E+03  0.28734638275634E+03 -0.16701665219589E+03 -0.50161857992532E+03  0.15339078794956E+03  0.30314803650672E+03  0.80473383220994E+02 -0.62367203617417E+02 -0.11063546125404E+03  0.43486400602647E+03  0.21534156805952E+03 -0.30074172693884E+03 -0.34728666431406E+02  0.24920782551168E+03  0.27960776253943E+03
   0.10528106086286E+05  0.11973072477178E+03 -0.12198208000287E+03  0.25000895463423E+05 -0.20473846121410E+04  0.77264983141716E+04  0.38599160828227E+04  0.83390348012939E+05  0.14688006071970E+05 -0.32843329522889E+04  0.96032201793762E+03  0.13802690735610E+04  0.81506320087191E+02  0.93656694503256E+01  0.33492650900257E+05 -0.35265878514569E+04  0.25448265640381E+05  0.13628729748186E+05 -0.44776466904743E+05 -0.32772077353957E+00 -0.13314857015936E+05 -0.15056766259984E+03 -0.45191359632142E+03 -0.51018804952492E+03 -0.50328065947834E+02 -0.16529008095766E+03 -0.42824100961906E+03 -0.23175984920676E+04 -0.15114163283818E+04 -0.23661872664489E+04  0.20352679669512E+04  0.41924047353727E+04 -0.11773601999169E+04 -0.23412173632408E+04 -0.56882645662702E+03  0.55851556923671E+02  0.11136579170912E+03 -0.23553771694958E+04 -0.12769358784025E+04  0.96488784893661E+03  0.19380075109633E+03 -0.14456363126395E+04 -0.16105588622380E+04
   0.75317587519860E+04  0.66369621503547E+02 -0.26911822675907E+01  0.14030134367713E+05 -0.11641621028901E+04  0.44000071973636E+04  0.22259732339944E+04  0.45163219684903E+05  0.70154018055821E+04 -0.18602201863311E+04  0.52252112087909E+03  0.79996646694870E+03  0.51519412540250E+02  0.44249334241957E+01  0.17453315794872E+05 -0.19143686142958E+04  0.13628729748186E+05  0.74050857475844E+04 -0.24938482011722E+05  0.10510800190918E+01 -0.83335537385163E+04 -0.81429816970534E+02 -0.23134101825705E+03 -0.23372219589534E+03 -0.26710415265832E+02 -0.85128218056111E+02 -0.22917520685782E+03 -0.16558667698232E+04 -0.10458556748304E+04 -0.11924292953714E+04  0.95975571901219E+03  0.23104428521914E+04 -0.59689899993682E+03 -0.11882107844632E+04 -0.31378868688265E+03  0.88010095267410E+02  0.16399132982962E+03 -0.15274658036036E+04 -0.79392415960796E+03  0.12239239911138E+04  0.13979085126978E+03 -0.10294258287356E+04 -0.11466854538995E+04
  -0.77736534267310E+07  0.25981019147066E+07 -0.29803446667376E+06 -0.22642933687022E+07  0.48509659467141E+06 -0.45141685457267E+05 -0.23860453161932E+06 -0.58466593132563E+06 -0.26301959190701E+05  0.56241616997326E+05 -0.59684496065240E+04 -0.61327355290535E+04 -0.29372435895699E+03 -0.84644502139494E+02 -0.55085320085966E+05  0.64503713707331E+04 -0.44776466904743E+05 -0.24938482011722E+05  0.33447663819431E+08  0.58322051085705E+04 -0.13680430113366E+08 -0.10301030335619E+06 -0.33388932828232E+06 -0.87828690735323E+06 -0.29411167412377E+05 -0.12418570209173E+06 -0.71093549377523E+06  0.34182142955563E+05  0.75978431225337E+05 -0.11955984821777E+04  0.56610349951805E+06  0.27818534134060E+07  0.17156717472013E+05  0.31435611435419E+05  0.21450552407685E+03  0.18435973182760E+06  0.81202367427680E+06  0.24370988887805E+05  0.76678751462387E+04 -0.18362637964384E+05  0.44470075585578E+05  0.20600366192405E+05  0.64009306569431E+05
  -0.11941513142319E+04  0.50095788184290E+03 -0.47078024654068E+02 -0.14312772247681E+03  0.51047606970001E+02  0.61353509781450E+02  0.10384160033572E+02  0.43453728677317E+03 -0.97008586332739E+02 -0.12196605522460E+02  0.29915431460771E+01 -0.48667794525122E+01 -0.42760295860714E+00  0.31019039958650E-01  0.14645789659311E+01 -0.76667603916951E+00 -0.32772077353957E+00  0.10510800190918E+01  0.58322051085705E+04  0.21120939555985E+01 -0.24597729672251E+04 -0.12629524434975E+02 -0.43672808456012E+02 -0.13915372595542E+03 -0.17119567719077E+01 -0.12549885909025E+02 -0.10946728132046E+03  0.00000000000000E+00 -0.31983819272151E+02  0.00000000000000E+00  0.00000000000000E+00  0.28325693492758E+03  0.00000000000000E+00 -0.63757242917771E+01  0.00000000000000E+00  0.00000000000000E+00  0.19278431926197E+03  0.00000000000000E+00  0.00000000000000E+00  0.00000000000000E+00  0.16479484154276E+02  0.00000000000000E+00 -0.32622150791541E+02
   0.42452953004982E+07 -0.12154694762405E+07  0.16045481109181E+06  0.11801208639365E+07 -0.24297919708364E+06  0.64430764613439E+05  0.14830893469625E+06  0.48954516654186E+06 -0.60551956615895E+04 -0.43891168993439E+05  0.45536077534084E+04  0.22005888114817E+04 -0.86916180308694E+02  0.80954414449689E+02 -0.14377437434017E+05  0.22106860225702E+04 -0.13314857015936E+05 -0.83335537385163E+04 -0.13680430113366E+08 -0.24597729672251E+04  0.97671038001504E+07  0.92761053977852E+05  0.27183391806311E+06  0.72074535058840E+06  0.26168493652220E+05  0.99637545199351E+05  0.52945435368262E+06  0.00000000000000E+00 -0.88622025260172E+05  0.00000000000000E+00  0.00000000000000E+00 -0.21950110766859E+07  0.00000000000000E+00  0.21031897192196E+05  0.00000000000000E+00  0.00000000000000E+00 -0.45736999245128E+06  0.00000000000000E+00  0.00000000000000E+00  0.00000000000000E+00  0.65187215865468E+05  0.00000000000000E+00 -0.73797772245042E+05
   0.34765757537445E+05 -0.69171117769994E+04  0.12695484022526E+04  0.12677120333489E+05 -0.23565573136879E+04  0.14044581833030E+04  0.18701090769578E+04  0.17715536206985E+05 -0.34033275358972E+04 -0.79955691509757E+03  0.12641210201643E+03  0.12585033984798E+02  0.30435328555019E+01  0.36681950540086E+00 -0.13705275768815E+03  0.14647681267622E+02 -0.15056766259984E+03 -0.81429816970534E+02 -0.10301030335619E+06 -0.12629524434975E+02  0.92761053977852E+05  0.11837474546493E+04  0.32535836140352E+04  0.82536641775185E+04  0.31431034390558E+03  0.11293402228146E+04  0.55343705923088E+04 -0.46124983294462E+02 -0.13229161100053E+04  0.43778647739971E+01  0.59336599891267E+03 -0.26079737585258E+05  0.00000000000000E+00 -0.86359619619320E+02  0.00000000000000E+00  0.20510720877316E+04 -0.31406236067416E+04  0.00000000000000E+00  0.00000000000000E+00  0.00000000000000E+00  0.12350182805525E+04 -0.30421595224759E+03 -0.16699658868996E+04
   0.12231136833933E+06 -0.27936341589469E+05  0.44730401008549E+04  0.37339430669573E+05 -0.69597572699212E+04  0.39745968293071E+04  0.53648606671706E+04  0.58193647923886E+05 -0.11800381011890E+05 -0.24652872583816E+04  0.40801985254246E+03  0.19057538611490E+03  0.23937516057023E+02  0.95216207281632E+00 -0.42491554085490E+03  0.40745122630486E+02 -0.45191359632142E+03 -0.23134101825705E+03 -0.33388932828232E+06 -0.43672808456012E+02  0.27183391806311E+06  0.32535836140352E+04  0.93822242551407E+04  0.22766725793043E+05  0.89419992738065E+03  0.32755417824085E+04  0.16120622741601E+05 -0.15173310354044E+03 -0.35037769616378E+04 -0.17445590589644E+02 -0.57553753653261E+04 -0.75527626388638E+05  0.00000000000000E+00 -0.22762671252602E+03  0.00000000000000E+00  0.30611869795655E+04 -0.10408557577093E+05  0.00000000000000E+00  0.00000000000000E+00  0.00000000000000E+00  0.35906634055257E+04 -0.17609260858765E+04 -0.49614604274897E+04
   0.22117958150322E+06 -0.56506818182458E+05  0.82206759001556E+04  0.88647393640760E+05 -0.17035393748188E+05  0.79345742260376E+04  0.12139671692474E+05  0.93347201679531E+05 -0.17410629280506E+05 -0.43691370008837E+04  0.67188304382703E+03 -0.36796019694752E+03 -0.43041720640284E+02  0.33410989883017E+01 -0.43259787546361E+03  0.27178014472955E+02 -0.51018804952492E+03 -0.23372219589534E+03 -0.87828690735323E+06 -0.13915372595542E+03  0.72074535058840E+06  0.82536641775185E+04  0.22766725793043E+05  0.64821642919740E+05  0.22554903647758E+04  0.83225679775497E+04  0.42155861308892E+05  0.23610066210580E+03 -0.10993337726999E+05 -0.43568565536685E+01  0.37215172341572E+05 -0.18479573792894E+06  0.00000000000000E+00 -0.73168009653905E+03  0.00000000000000E+00  0.16295175669443E+05 -0.27508413393799E+05  0.00000000000000E+00  0.00000000000000E+00  0.00000000000000E+00  0.60175590546245E+04  0.14716917847829E+04 -0.11681002645084E+05
   0.12069621585371E+05 -0.27873752480343E+04  0.44454024287272E+03  0.40811164424526E+04 -0.71634659229077E+03  0.56400352304241E+03  0.64113580916015E+03  0.62718677377413E+04 -0.12570606723833E+04 -0.26933308991200E+03  0.44139562522339E+02 -0.21481471558053E+02 -0.24458527407003E+01  0.14031206215320E+00 -0.44581025733362E+02  0.44971115871078E+01 -0.50328065947834E+02 -0.26710415265832E+02 -0.29411167412377E+05 -0.17119567719077E+01  0.26168493652220E+05  0.31431034390558E+03  0.89419992738065E+03  0.22554903647758E+04  0.10585757311460E+03  0.37133409161409E+03  0.15984509343725E+04  0.00000000000000E+00 -0.41891434558917E+03  0.00000000000000E+00  0.00000000000000E+00 -0.84398460702518E+04  0.00000000000000E+00 -0.27019029028521E+02  0.00000000000000E+00  0.00000000000000E+00 -0.58720487333328E+03  0.00000000000000E+00  0.00000000000000E+00  0.00000000000000E+00  0.19963166275064E+02  0.00000000000000E+00 -0.62957714576123E+03
   0.46586821991084E+05 -0.11596037283820E+05  0.17224193858237E+04  0.14794257372404E+05 -0.26509343113146E+04  0.18544224929903E+04  0.22077975619922E+04  0.22975509041232E+05 -0.47907114644099E+04 -0.94608001309446E+03  0.15942986040695E+03 -0.89368297038095E+02 -0.93046908132393E+01  0.46050318300538E+00 -0.15487731662136E+03  0.15005569608408E+02 -0.16529008095766E+03 -0.85128218056111E+02 -0.12418570209173E+06 -0.12549885909025E+02  0.99637545199351E+05  0.11293402228146E+04  0.32755417824085E+04  0.83225679775497E+04  0.37133409161409E+03  0.13553035523390E+04  0.59564291721307E+04  0.00000000000000E+00 -0.13324136690783E+04  0.00000000000000E+00  0.00000000000000E+00 -0.30370294311629E+05  0.00000000000000E+00 -0.85541058449429E+02  0.00000000000000E+00  0.00000000000000E+00 -0.34819515416693E+04  0.00000000000000E+00  0.00000000000000E+00  0.00000000000000E+00 -0.33041060904119E+02  0.00000000000000E+00 -0.23117981271174E+04
   0.23901974903509E+06 -0.65394857214507E+05  0.89682783940591E+04  0.66191226609997E+05 -0.13013901865798E+05  0.50452529794462E+04  0.86646007516775E+04  0.68971599874280E+05 -0.12602738073619E+05 -0.33564839721531E+04  0.49878080423447E+03 -0.20673400926615E+03 -0.18459988043758E+02  0.22195674468500E+01 -0.43113266229675E+03  0.48137846856745E+02 -0.42824100961906E+03 -0.22917520685782E+03 -0.71093549377523E+06 -0.10946728132046E+03  0.52945435368262E+06  0.55343705923088E+04  0.16120622741601E+05  0.42155861308892E+05  0.15984509343725E+04  0.59564291721307E+04  0.31194254289151E+05  0.00000000000000E+00 -0.75438246550026E+04  0.00000000000000E+00  0.00000000000000E+00 -0.13138325419977E+06  0.00000000000000E+00 -0.50211710377204E+03  0.00000000000000E+00  0.00000000000000E+00 -0.21726039106437E+05  0.00000000000000E+00  0.00000000000000E+00  0.00000000000000E+00  0.80121178864560E+04  0.00000000000000E+00 -0.80395988759452E+04
  -0.13236104149855E+06  0.16800377912702E+05 -0.46678885539834E+04 -0.12887374768026E+05  0.20012576345175E+04 -0.27293734715078E+04 -0.24564817722340E+04 -0.63160758241405E+05  0.11580202346876E+05  0.27574729530239E+04 -0.45978069351033E+03 -0.11285890193646E+04 -0.16623727688029E+03  0.72376389222439E-01 -0.26946914878448E+04  0.49645540460982E+03 -0.23175984920676E+04 -0.16558667698232E+04  0.34182142955563E+05  0.00000000000000E+00  0.00000000000000E+00 -0.46124983294462E+02 -0.15173310354044E+03  0.23610066210580E+03  0.00000000000000E+00  0.00000000000000E+00  0.00000000000000E+00  0.11696932783371E+06  0.00000000000000E+00  0.00000000000000E+00  0.00000000000000E+00  0.00000000000000E+00  0.00000000000000E+00  0.00000000000000E+00  0.00000000000000E+00  0.00000000000000E+00  0.00000000000000E+00  0.00000000000000E+00  0.00000000000000E+00  0.00000000000000E+00  0.00000000000000E+00  0.00000000000000E+00  0.00000000000000E+00
  -0.56150868632249E+05  0.82965808300183E+04 -0.19813495067568E+04 -0.21363947299187E+05  0.33664481141252E+04 -0.41917013764883E+04 -0.38521094668797E+04 -0.50769274198692E+05  0.10975824615218E+05  0.19064771490930E+04 -0.34773559003213E+03 -0.90834257009673E-01 -0.11851017598619E-01 -0.36731774342477E-04 -0.17704349943628E+04  0.31145285392694E+03 -0.15114163283818E+04 -0.10458556748304E+04  0.75978431225337E+05 -0.31983819272151E+02 -0.88622025260172E+05 -0.13229161100053E+04 -0.35037769616378E+04 -0.10993337726999E+05 -0.41891434558917E+03 -0.13324136690783E+04 -0.75438246550026E+04  0.00000000000000E+00  0.65030041930500E+05  0.00000000000000E+00  0.00000000000000E+00  0.00000000000000E+00  0.00000000000000E+00  0.00000000000000E+00  0.00000000000000E+00  0.00000000000000E+00  0.00000000000000E+00  0.00000000000000E+00  0.00000000000000E+00  0.00000000000000E+00  0.00000000000000E+00  0.00000000000000E+00  0.00000000000000E+00
  -0.52951128158755E+04 -0.19090862404578E+03  0.17363263594803E+02 -0.72900376065743E+02 -0.56651912549097E+02  0.14973576460953E+03  0.13631468177426E+03 -0.70386499879422E+05  0.24736577725302E+05  0.73801556249571E+03 -0.33339469234209E+03 -0.69868055009740E+03 -0.27482357784160E+02 -0.65615869857753E+01 -0.24864349401767E+04  0.28734638275634E+03 -0.23661872664489E+04 -0.11924292953714E+04 -0.11955984821777E+04  0.00000000000000E+00  0.00000000000000E+00  0.43778647739971E+01 -0.17445590589644E+02 -0.43568565536685E+01  0.00000000000000E+00  0.00000000000000E+00  0.00000000000000E+00  0.00000000000000E+00  0.00000000000000E+00  0.30788186910000E+05  0.00000000000000E+00  0.00000000000000E+00  0.00000000000000E+00  0.00000000000000E+00  0.00000000000000E+00  0.00000000000000E+00  0.00000000000000E+00  0.00000000000000E+00  0.00000000000000E+00  0.00000000000000E+00  0.00000000000000E+00  0.00000000000000E+00  0.00000000000000E+00
  -0.86915752788091E+06  0.21056792234281E+06 -0.31777436880826E+05 -0.66399683898691E+05  0.11805631735529E+05 -0.84180106275089E+04 -0.98124825301145E+04 -0.29584481680061E+06  0.67182026784345E+05  0.11039608895894E+05 -0.19857794191599E+04 -0.50398809707428E+04 -0.59308736818610E+03 -0.94620435522041E+00  0.20189124906645E+04 -0.16701665219589E+03  0.20352679669512E+04  0.95975571901219E+03  0.56610349951805E+06  0.00000000000000E+00  0.00000000000000E+00  0.59336599891267E+03 -0.57553753653261E+04  0.37215172341572E+05  0.00000000000000E+00  0.00000000000000E+00  0.00000000000000E+00  0.00000000000000E+00  0.00000000000000E+00  0.00000000000000E+00  0.58078089044822E+06  0.00000000000000E+00  0.00000000000000E+00  0.00000000000000E+00  0.00000000000000E+00  0.00000000000000E+00  0.00000000000000E+00  0.00000000000000E+00  0.00000000000000E+00  0.00000000000000E+00  0.00000000000000E+00  0.00000000000000E+00  0.00000000000000E+00
  -0.11269540556189E+07  0.26590351209408E+06 -0.41379490362423E+05 -0.34494221399784E+06  0.62639012067964E+05 -0.41141686042496E+05 -0.51173164465370E+05 -0.58200563691662E+06  0.12785307294850E+06  0.22952618797836E+05 -0.39545787810722E+04 -0.19982421606993E+02 -0.22885949988367E+01 -0.28947069349510E-02  0.43509652421270E+04 -0.50161857992532E+03  0.41924047353727E+04  0.23104428521914E+04  0.27818534134060E+07  0.28325693492758E+03 -0.21950110766859E+07 -0.26079737585258E+05 -0.75527626388638E+05 -0.18479573792894E+06 -0.84398460702518E+04 -0.30370294311629E+05 -0.13138325419977E+06  0.00000000000000E+00  0.00000000000000E+00  0.00000000000000E+00  0.00000000000000E+00  0.92271907739172E+06  0.00000000000000E+00  0.00000000000000E+00  0.00000000000000E+00  0.00000000000000E+00  0.00000000000000E+00  0.00000000000000E+00  0.00000000000000E+00  0.00000000000000E+00  0.00000000000000E+00  0.00000000000000E+00  0.00000000000000E+00
  -0.20966118475807E+05  0.57410907354708E+04 -0.79600123788075E+03 -0.13772283859955E+04  0.32269596115780E+03  0.13418286089563E+02 -0.15528152408107E+03 -0.73936404951648E+05  0.22897047196918E+05  0.14961270499906E+04 -0.41497184062596E+03 -0.22826277522047E+04 -0.14373151137020E+03 -0.36526174891306E+01 -0.14800666248005E+04  0.15339078794956E+03 -0.11773601999169E+04 -0.59689899993682E+03  0.17156717472013E+05  0.00000000000000E+00  0.00000000000000E+00  0.00000000000000E+00  0.00000000000000E+00  0.00000000000000E+00  0.00000000000000E+00  0.00000000000000E+00  0.00000000000000E+00  0.00000000000000E+00  0.00000000000000E+00  0.00000000000000E+00  0.00000000000000E+00  0.00000000000000E+00  0.14298624364306E+05  0.00000000000000E+00  0.00000000000000E+00  0.00000000000000E+00  0.00000000000000E+00  0.00000000000000E+00  0.00000000000000E+00  0.00000000000000E+00  0.00000000000000E+00  0.00000000000000E+00  0.00000000000000E+00
  -0.47627689349929E+05  0.13210401804081E+05 -0.18151243432458E+04 -0.25016723712681E+04  0.56619765717561E+03 -0.91040093450627E+01 -0.27455587832967E+03 -0.16676022974044E+06  0.51731731002505E+05  0.33130253807574E+04 -0.93614318489554E+03 -0.69980733963227E+02 -0.18362844888642E+02 -0.25214851355189E-04 -0.29348462562286E+04  0.30314803650672E+03 -0.23412173632408E+04 -0.11882107844632E+04  0.31435611435419E+05 -0.63757242917771E+01  0.21031897192196E+05 -0.86359619619320E+02 -0.22762671252602E+03 -0.73168009653905E+03 -0.27019029028521E+02 -0.85541058449429E+02 -0.50211710377204E+03  0.00000000000000E+00  0.00000000000000E+00  0.00000000000000E+00  0.00000000000000E+00  0.00000000000000E+00  0.00000000000000E+00  0.31416297635168E+05  0.00000000000000E+00  0.00000000000000E+00  0.00000000000000E+00  0.00000000000000E+00  0.00000000000000E+00  0.00000000000000E+00  0.00000000000000E+00  0.00000000000000E+00  0.00000000000000E+00
  -0.32120551035128E+04  0.42318442261505E+03 -0.10069636424178E+03 -0.71560591786555E+02  0.90720108227443E+01 -0.18813914790994E+02 -0.13171701330551E+02 -0.14111451501485E+04  0.19089007701579E+03  0.43770213671319E+02 -0.10758290244812E+02 -0.78586922045623E+02 -0.63834063683809E+01 -0.15331083784082E+00 -0.72737697859339E+03  0.80473383220994E+02 -0.56882645662702E+03 -0.31378868688265E+03  0.21450552407685E+03  0.00000000000000E+00  0.00000000000000E+00  0.00000000000000E+00  0.00000000000000E+00  0.00000000000000E+00  0.00000000000000E+00  0.00000000000000E+00  0.00000000000000E+00  0.00000000000000E+00  0.00000000000000E+00  0.00000000000000E+00  0.00000000000000E+00  0.00000000000000E+00  0.00000000000000E+00  0.00000000000000E+00  0.37980389180281E+04  0.00000000000000E+00  0.00000000000000E+00  0.00000000000000E+00  0.00000000000000E+00  0.00000000000000E+00  0.00000000000000E+00  0.00000000000000E+00  0.00000000000000E+00
  -0.20502087179205E+06  0.63906808876596E+05 -0.78887320116356E+04 -0.11789595120217E+05  0.29058648836069E+04  0.46049107232390E+03 -0.98045710909935E+03 -0.56653194594927E+04  0.59620934577959E+03  0.55300186060476E+03 -0.44296371839295E+02 -0.20701384861486E+00 -0.14793826468546E+00 -0.29098934747879E-13  0.23237760068501E+03 -0.62367203617417E+02  0.55851556923671E+02  0.88010095267410E+02  0.18435973182760E+06  0.00000000000000E+00  0.00000000000000E+00  0.20510720877316E+04  0.30611869795655E+04  0.16295175669443E+05  0.00000000000000E+00  0.00000000000000E+00  0.00000000000000E+00  0.00000000000000E+00  0.00000000000000E+00  0.00000000000000E+00  0.00000000000000E+00  0.00000000000000E+00  0.00000000000000E+00  0.00000000000000E+00  0.00000000000000E+00  0.10628260126209E+06  0.00000000000000E+00  0.00000000000000E+00  0.00000000000000E+00  0.00000000000000E+00  0.00000000000000E+00  0.00000000000000E+00  0.00000000000000E+00
  -0.23110572290884E+06  0.71505232354811E+05 -0.88750788845461E+04 -0.53205158699314E+05  0.12924172163171E+05  0.17307866750639E+04 -0.45813596856840E+04 -0.11144330604381E+05  0.12070191511510E+04  0.10509372557887E+04 -0.86977411486122E+02  0.29007943144890E-02  0.19978089047670E-02 -0.20185178241974E-11  0.41782431876189E+03 -0.11063546125404E+03  0.11136579170912E+03  0.16399132982962E+03  0.81202367427680E+06  0.19278431926197E+03 -0.45736999245128E+06 -0.31406236067416E+04 -0.10408557577093E+05 -0.27508413393799E+05 -0.58720487333328E+03 -0.34819515416693E+04 -0.21726039106437E+05  0.00000000000000E+00  0.00000000000000E+00  0.00000000000000E+00  0.00000000000000E+00  0.00000000000000E+00  0.00000000000000E+00  0.00000000000000E+00  0.00000000000000E+00  0.00000000000000E+00  0.13883289796464E+06  0.00000000000000E+00  0.00000000000000E+00  0.00000000000000E+00  0.00000000000000E+00  0.00000000000000E+00  0.00000000000000E+00
