# fitpack15: fit parameters                                                                         
# CJ15 AV18 final data choices                                                                      
# Created on 01/15/2020 at 22:47:09                                                                 

 # QCD setup
  INS                           0
  NVL                          11
  IORD                          1
  Q02                   1.6899999999999999     
  IPARAMC                       7
  FLAVOR                4.0000000000000000     
  xmc                   1.3000000000000000     
  xmb                   4.5000000000000000     
  ncb                          12
  ihq                           1
  ias                           0

 # Theory corrections
  inuke                     10814
  itmc                          1
  iht                           1

 # fit parameters
 LAMBDA       0.22680        0.0000    
 a0uv          1.9546        0.0000    
 a1uv         0.56856       0.23576E-01
 a2uv          3.5568       0.11684E-01
 a3uv          0.0000        0.0000    
 a4uv          4.5686       0.63033    
 a5uv          0.0000        0.0000    
 a0dv          25.127        0.0000    
 a1dv          1.1579       0.33079E-01
 a2dv          6.6266       0.15882    
 a3dv         -3.5606       0.84547E-01
 a4dv          4.7854       0.13948    
 a5dv          0.0000        0.0000    
 a0ud         0.14196       0.49830E-02
 a1ud        -0.21087       0.38202E-02
 a2ud          8.4246       0.18957    
 a3ud          0.0000        0.0000    
 a4ud          15.766        1.3092    
 a5ud          0.0000        0.0000    
 a0du          35712.        0.0000    
 a1du          4.0866       0.86683E-01
 a2du          20.132       0.96079    
 a3du          17.000        0.0000    
 a4du          53.635        12.164    
 a0g           47.613        0.0000    
 a1g          0.61066       0.32806E-01
 a2g           6.8633       0.97174    
 a3g          -3.3836       0.14966    
 a4g           3.4105       0.38325    
 a5g           0.0000        0.0000    
 kappa        0.40000        0.0000    
 a6dv        -0.39132E-02   0.67001E-03
 a7dv          2.0000        0.0000    
 off1         -2.7092        1.8463    
 off2         0.48513E-01   0.16780E-01
 ht1          -3.5705       0.34756    
 ht2           2.0914       0.12489    
 ht3          -2.0478       0.35564E-01
 ht4           0.0000        0.0000    
 ht1n         -3.7799        1.0547    
 ht2n          2.0174       0.34654    
 ht3n         -2.1221       0.67374E-01
 ht4n          0.0000        0.0000    
 dummy44       0.0000        0.0000    
 dummy45       0.0000        0.0000    
 dummy46       0.0000        0.0000    
 dummy47       0.0000        0.0000    
 dummy48       0.0000        0.0000    
 dummy49       0.0000        0.0000    
 bcdmsh2      0.97003       0.48548E-02
 bcdmsd2      0.99010       0.58555E-02
 ccfr          1.0000        0.0000    
 nutev         1.0000        0.0000    
 zeus         0.97998        0.0000    
 h1            1.0162        0.0000    
 e605          1.0319        0.0000    
 NmcH2         1.0065       0.71339E-02
 ntv_nu        1.0000        0.0000    
 ntv_nubar     1.0000        0.0000    
 cdf_jet      0.98910        0.0000    
 d0_jet       0.83504        0.0000    
 slac_p        1.0020       0.50399E-02
 slac_d        1.0013       0.53121E-02
 e866pp       0.98195       0.19962E-01
 e866pd       0.96957       0.16460E-01
 d0_gamjet     1.0363       0.16488E-01
 h1b          0.97608        0.0000    
 jlab_p       0.99054       0.62872E-02
 jlab_d       0.97457       0.60140E-02
 blank         1.0000        0.0000    
 d0run2       0.94456       0.14206E-01
 cdfrun2      0.93134       0.17321E-01
 HERA_el       1.0000        0.0000    
 HERA_ps       1.0000        0.0000    
 CDF_Z        0.95910       0.66351E-02
 NmcRat        1.0000        0.0000    
 BNS_F2nd     0.98268       0.11816E-01
 HERMES_F2p   0.99590       0.56749E-02
 HERMES_F2d   0.97760       0.58463E-02
 END 0. 0.

 # Hessian matrix (Bevington alpha)
   0.51931848897860E+07 -0.13315317006503E+07  0.19509977995534E+06  0.50365760756841E+06 -0.12788909559276E+06 -0.29891115356554E+05  0.53160411571070E+05  0.98873878197023E+06 -0.18399622104767E+06 -0.50178763803934E+05  0.73171878128593E+04  0.15331481819002E+05  0.17221301771123E+04 -0.10563543563083E+03  0.96312299442224E+04 -0.21438579690137E+04  0.99909986441076E+04  0.72087364852077E+04 -0.78592163590612E+07 -0.17781197936986E+04 -0.74608853750235E+06  0.31532975951495E+05  0.11375836841077E+06  0.19410663056078E+06  0.11118522350700E+05  0.43241796004261E+05  0.21977972430145E+06 -0.13224728704696E+06 -0.56056027955050E+05 -0.52594539927185E+04 -0.86860978972902E+06 -0.11262825625101E+07 -0.20990012590693E+05 -0.47522942845368E+05 -0.32078780084405E+04 -0.20490361126409E+06 -0.23109832145488E+06 -0.92304070109331E+04 -0.32566604203341E+04 -0.18084328876468E+05  0.17105635392941E+05 -0.74365531658932E+05 -0.58606594302295E+05
  -0.13315317006503E+07  0.41663927146830E+06 -0.51100192298163E+05 -0.13730245492487E+06  0.34549877011601E+05  0.10760326117264E+05 -0.11111065107310E+05 -0.12543730047925E+06  0.26413365678806E+05  0.74017594748109E+04 -0.87874397204670E+03 -0.11978291251908E+04 -0.13921797386081E+03  0.12664594360811E+02  0.64902026884698E+03 -0.53489903611411E+02  0.13987953860296E+03  0.76685197099713E+02  0.26312714648463E+07  0.66275408189499E+03  0.21243675963678E+06 -0.59648614475259E+04 -0.25433775652562E+05 -0.48501523646031E+05 -0.25238073973766E+04 -0.10629911219930E+05 -0.59686543922720E+05  0.16792608599246E+05  0.82946182185786E+04 -0.19521256179213E+03  0.21052297076689E+06  0.26627314111294E+06  0.57507650035474E+04  0.13188140096221E+05  0.42265648115896E+03  0.63896776478534E+05  0.71618691976034E+05  0.24372411604157E+04  0.77135829906215E+03 -0.22155077821483E+04 -0.22550385826622E+04  0.86847595097375E+04  0.72967700979661E+04
   0.19509977995534E+06 -0.51100192298163E+05  0.73829373594188E+04  0.18725459987631E+05 -0.48667422570450E+04 -0.13720468360732E+04  0.19164977765179E+04  0.28027272014884E+05 -0.50652234448672E+04 -0.16667793744368E+04  0.21091541737594E+03  0.41653935158223E+03  0.53035324918909E+02 -0.40065117218472E+01 -0.28054405202939E+03 -0.69534858646310E+01 -0.12996059862811E+03 -0.82043726634659E+01 -0.30272437524854E+06 -0.69420149628724E+02 -0.28313783830390E+05  0.11515880078781E+04  0.41659892252247E+04  0.72242379133059E+04  0.41059237428792E+03  0.16030987393241E+04  0.82729580186940E+04 -0.46802314770132E+04 -0.19860044759707E+04  0.18760935864238E+02 -0.31882684263293E+05 -0.41535400188007E+05 -0.80020426097130E+03 -0.18186193211378E+04 -0.10089741417484E+03 -0.79179329607062E+04 -0.89161763559863E+04 -0.34667758187419E+03 -0.12109329739157E+03 -0.65781462409384E+02  0.61050056920656E+03 -0.22230552887813E+04 -0.17936759015902E+04
   0.50365760756841E+06 -0.13730245492487E+06  0.18725459987631E+05  0.40082156880021E+06 -0.62329450960904E+05  0.74472434653503E+05  0.64174460925186E+05  0.36292306626307E+06 -0.27972690747948E+05 -0.18333596756154E+05  0.31871059624987E+04 -0.13974390976737E+04 -0.15032195068233E+03  0.54551742276775E+02  0.30954180040612E+05 -0.37563162380526E+04  0.24402499157062E+05  0.13702301791182E+05 -0.22886011181358E+07 -0.31117484021063E+03 -0.20759072894583E+06  0.11792053202712E+05  0.34997188474716E+05  0.81216279974050E+05  0.37973803997887E+04  0.13867382915388E+05  0.60996144032462E+05 -0.12874597334608E+05 -0.21326497982882E+05 -0.66774327162748E+02 -0.66366610454701E+05 -0.34455060887963E+06 -0.13645729804112E+04 -0.24916859392618E+04 -0.70614864166836E+02 -0.11782042916595E+05 -0.53166789026019E+05 -0.24805529625414E+04 -0.96373399454528E+03 -0.98233677581162E+04 -0.15898720663440E+05 -0.72622327186727E+04 -0.21517633605210E+05
  -0.12788909559276E+06  0.34549877011601E+05 -0.48667422570450E+04 -0.62329450960904E+05  0.11445255836774E+05 -0.74577167194177E+04 -0.91355926576844E+04 -0.33388529953436E+05  0.52415883119722E+03  0.23627210686979E+04 -0.31821724151306E+03 -0.19539857028722E+02  0.50629030650027E+01 -0.48545089683378E+01 -0.25969468929567E+04  0.31960936968576E+03 -0.19950414277229E+04 -0.11347963320629E+04  0.49008273203019E+06  0.85023424406940E+02  0.42645249920669E+05 -0.21679107431905E+04 -0.64609173136892E+04 -0.15446430610880E+05 -0.66070062026743E+03 -0.24606141960601E+04 -0.11895442412501E+05  0.19992839474653E+04  0.33631775967505E+04 -0.57474973412958E+02  0.11790162187876E+05  0.62590524105145E+05  0.31982137984018E+03  0.56356685562053E+03  0.89306854727448E+01  0.29002674577799E+04  0.12917670742773E+05  0.46593028572282E+03  0.17265825316763E+03  0.37019700398068E+03  0.25106293714404E+04  0.81515809518725E+03  0.25154731165498E+04
  -0.29891115356554E+05  0.10760326117264E+05 -0.13720468360732E+04  0.74472434653503E+05 -0.74577167194177E+04  0.24574258108642E+05  0.14654853758782E+05  0.11113717108461E+06 -0.10532035751782E+05 -0.45904680733435E+04  0.95666730603334E+03 -0.71518978191257E+03 -0.67267521774236E+02  0.18590471236414E+02  0.95190641808976E+04 -0.11867756233283E+04  0.75889342095484E+04  0.43259106089792E+04 -0.44345607986008E+05  0.50911556200214E+02 -0.11652970266298E+05  0.13781993367632E+04  0.39022642238261E+04  0.76917519916603E+04  0.54362744213563E+03  0.18117972469250E+04  0.48876736570029E+04 -0.27486379443717E+04 -0.42110465133671E+04  0.15344191375872E+03 -0.84741815283488E+04 -0.41225086287247E+05  0.14617986167736E+02 -0.79725136559641E+01 -0.18775881468381E+02  0.46636785100319E+03  0.17999613245035E+04 -0.24679150402555E+03 -0.12718965029778E+03 -0.31710452551446E+04 -0.32836760090236E+04 -0.18663131954663E+04 -0.53578883899372E+04
   0.53160411571070E+05 -0.11111065107310E+05  0.19164977765179E+04  0.64174460925186E+05 -0.91355926576844E+04  0.14654853758782E+05  0.11383218358926E+05  0.61227188517854E+05 -0.35018831167959E+04 -0.32677736709163E+04  0.55495987570379E+03 -0.23366788197693E+03 -0.27074349795280E+02  0.97448120258169E+01  0.48833219269111E+04 -0.61693064178232E+03  0.37846218587396E+04  0.21841954568610E+04 -0.24147384383504E+06 -0.11447104182417E+02 -0.26329565718746E+05  0.17714247806759E+04  0.51038593733696E+04  0.11290434818601E+05  0.60550776010312E+03  0.21027286380454E+04  0.80777525624517E+04 -0.24694293970970E+04 -0.38686948237151E+04  0.13866127195992E+03 -0.98578790126702E+04 -0.51337350693159E+05 -0.15403528187136E+03 -0.27395894985148E+03 -0.13100903325937E+02 -0.98052719498511E+03 -0.45694231573186E+04 -0.35551983843334E+03 -0.15022218962726E+03 -0.13455859586337E+04 -0.31307735246452E+04 -0.11518957461188E+04 -0.34278111279255E+04
   0.98873878197023E+06 -0.12543730047925E+06  0.28027272014884E+05  0.36292306626307E+06 -0.33388529953436E+05  0.11113717108461E+06  0.61227188517854E+05  0.53869061492738E+07 -0.24090013496710E+07 -0.89448101832899E+05  0.25993180228608E+05  0.26447966969586E+05  0.17907540528136E+04  0.96669439887121E+02  0.89156593834196E+05 -0.11301102172314E+05  0.81187293383067E+05  0.44012617509442E+05 -0.59263999159917E+06  0.35065922637604E+03 -0.89666083737497E+05  0.17936074300286E+05  0.58728249584028E+05  0.95293924755766E+05  0.61808671096926E+04  0.22767985576271E+05  0.70396221577419E+05 -0.63172791085618E+05 -0.50602296112278E+05 -0.70445227116367E+05 -0.29586724104050E+06 -0.58152522598116E+06 -0.74010866472463E+05 -0.16642907437727E+06 -0.14129978880086E+04 -0.56748132460015E+04 -0.11193538667084E+05  0.23601302862111E+03  0.25479214831864E+03 -0.27441302588529E+06 -0.87751737589577E+04 -0.14467405976285E+06 -0.17835430646730E+06
  -0.18399622104767E+06  0.26413365678806E+05 -0.50652234448672E+04 -0.27972690747948E+05  0.52415883119722E+03 -0.10532035751782E+05 -0.35018831167959E+04 -0.24090013496710E+07  0.19290728704949E+07  0.19475779407430E+05 -0.64099356192319E+04 -0.55477899753020E+04 -0.30653411291150E+03 -0.13492232574630E+02  0.47994843304157E+05 -0.22215705193212E+04  0.14495707021627E+05  0.69092095283145E+04 -0.25980848131313E+05 -0.93681835931418E+02  0.17142495631379E+04 -0.35756958214952E+04 -0.12241828289508E+05 -0.18890708763680E+05 -0.12702958264312E+04 -0.48420782847505E+04 -0.13639575236174E+05  0.11581972885638E+05  0.10923411404867E+05  0.24751137909917E+05  0.67167932535709E+05  0.12764943802284E+06  0.22916562704167E+05  0.51600866606519E+05  0.19137257428095E+03  0.59430167654469E+03  0.12077079928765E+04 -0.12473726664272E+04 -0.69419180232746E+03  0.11306766418765E+06  0.15679720488221E+04  0.45281913795835E+05  0.55280888657405E+05
  -0.50178763803934E+05  0.74017594748109E+04 -0.16667793744368E+04 -0.18333596756154E+05  0.23627210686979E+04 -0.45904680733435E+04 -0.32677736709163E+04 -0.89448101832899E+05  0.19475779407430E+05  0.26619240530604E+04 -0.61442635623712E+03 -0.65890459398274E+03 -0.58592261510606E+02 -0.17304669282004E+01 -0.40241980464743E+04  0.49088672735628E+03 -0.31952232061225E+04 -0.18114822561159E+04  0.56983755775315E+05 -0.53435945117796E+01  0.78772758414355E+04 -0.77920040309977E+03 -0.24103991918479E+04 -0.42002993449311E+04 -0.25861638020722E+03 -0.91611253968242E+03 -0.32426795502664E+04  0.27565434308950E+04  0.19029528153123E+04  0.73782340551871E+03  0.11039926509781E+05  0.22951741002411E+05  0.14969404069567E+04  0.33083070523486E+04  0.43767943697993E+02  0.55466783074642E+03  0.10565593474512E+04  0.12989574487983E+03  0.57823433768555E+02  0.31394622047653E+04  0.43545907354599E+03  0.28401857336189E+04  0.35895957683931E+04
   0.73171878128593E+04 -0.87874397204670E+03  0.21091541737594E+03  0.31871059624987E+04 -0.31821724151306E+03  0.95666730603334E+03  0.55495987570379E+03  0.25993180228608E+05 -0.64099356192319E+04 -0.61442635623712E+03  0.16631986352472E+03  0.18517795831137E+03  0.13547342673797E+02  0.64370185744646E+00  0.12229374621131E+04 -0.13536657850506E+03  0.94041708887023E+03  0.51209896553153E+03 -0.60751167324855E+04  0.22472565825530E+01 -0.83190093798947E+03  0.12702017825092E+03  0.40967612217484E+03  0.67554374546444E+03  0.43316970193423E+02  0.15757990342684E+03  0.50209691270600E+03 -0.46221264701335E+03 -0.34846332458986E+03 -0.33464880678568E+03 -0.19956662120388E+04 -0.39716062715701E+04 -0.41704752220141E+03 -0.93827590095101E+03 -0.10816395312533E+02 -0.44654881964257E+02 -0.87909102464137E+02 -0.13201611198132E+02 -0.61934837466994E+01 -0.11303820079715E+04 -0.64096655649798E+02 -0.81339331538958E+03 -0.10101321135236E+04
   0.15331481819002E+05 -0.11978291251908E+04  0.41653935158223E+03 -0.13974390976737E+04 -0.19539857028722E+02 -0.71518978191257E+03 -0.23366788197693E+03  0.26447966969586E+05 -0.55477899753020E+04 -0.65890459398274E+03  0.18517795831137E+03  0.15552831376981E+04  0.10378362234411E+03 -0.11868109615389E+01  0.13645721896469E+04 -0.19124025809103E+03  0.13154743135795E+04  0.76443629159198E+03 -0.60288080936998E+04 -0.50131020680927E+01 -0.36482945152083E+03  0.59925576053177E+01  0.16996704874776E+03 -0.41584116113685E+03 -0.22229193478312E+02 -0.91204595666008E+02 -0.24069265441652E+03 -0.11129421672843E+04 -0.67512177201559E-01 -0.68263706818118E+03 -0.49593837334847E+04 -0.15103735787315E+02 -0.22369647824803E+04 -0.69037084723917E+02 -0.77204222092680E+02 -0.20481518526446E+00  0.27815422057136E-02 -0.16976905978933E+01 -0.72662494361126E+00  0.28925968451800E+03  0.30412323351179E+03 -0.26595792503237E+04 -0.40232384953136E+01
   0.17221301771123E+04 -0.13921797386081E+03  0.53035324918909E+02 -0.15032195068233E+03  0.50629030650027E+01 -0.67267521774236E+02 -0.27074349795280E+02  0.17907540528136E+04 -0.30653411291150E+03 -0.58592261510606E+02  0.13547342673797E+02  0.10378362234411E+03  0.94127419906205E+01 -0.16747170661280E+00  0.76517586066863E+02 -0.12855046012762E+02  0.77537735406282E+02  0.49202040737535E+02 -0.28894933338643E+03 -0.40050646912103E+00  0.15286781281350E+02  0.28451910417100E+01  0.23104128573046E+02 -0.43608744180903E+02 -0.23652845748861E+01 -0.91161799818728E+01 -0.19092842402532E+02 -0.16384231363232E+03 -0.90544660440823E-02 -0.26906206884818E+02 -0.58405918931499E+03 -0.17595013884388E+01 -0.14115233149767E+03 -0.18109455760110E+02 -0.62841613537607E+01 -0.14637657810107E+00  0.19160834482930E-02 -0.17984069816273E+00 -0.69793466094248E-01  0.28674580714656E+02  0.67956518433997E+02 -0.19300190152212E+03 -0.32027495863684E+00
  -0.10563543563083E+03  0.12664594360811E+02 -0.40065117218472E+01  0.54551742276775E+02 -0.48545089683378E+01  0.18590471236414E+02  0.97448120258169E+01  0.96669439887121E+02 -0.13492232574630E+02 -0.17304669282004E+01  0.64370185744646E+00 -0.11868109615389E+01 -0.16747170661280E+00  0.47485538805469E-01  0.13903010948213E+02 -0.10730845480290E+01  0.82838918343141E+01  0.39005697394505E+01 -0.79428349244875E+02  0.17678545861005E-01 -0.13314363813959E+02  0.24920973387739E+00  0.63299018688064E+00  0.23381844407714E+01  0.10155485713811E+00  0.34431015515026E+00  0.15385177494899E+01  0.67317456124027E-01 -0.20141356905045E-04 -0.57971387894579E+01 -0.70938425793917E+00 -0.15390901560884E-02 -0.30041163261293E+01 -0.12423512157934E-04 -0.13217539484674E+00 -0.18320441272509E-12 -0.93116971085325E-12 -0.15870694178610E-02 -0.87191812821271E-03 -0.15723987316808E+01  0.34411529853476E-04 -0.29430414046457E+01 -0.28082100417191E-02
   0.96312299442224E+04  0.64902026884698E+03 -0.28054405202939E+03  0.30954180040612E+05 -0.25969468929567E+04  0.95190641808976E+04  0.48833219269111E+04  0.89156593834196E+05  0.47994843304157E+05 -0.40241980464743E+04  0.12229374621131E+04  0.13645721896469E+04  0.76517586066863E+02  0.13903010948213E+02  0.49602783716810E+05 -0.46157597988102E+04  0.32793702261097E+05  0.17090545466883E+05 -0.55523513056545E+05  0.35082424248565E+01  0.25535865585153E+04 -0.12329020893526E+03 -0.38839645037419E+03 -0.31189870542968E+03 -0.39742928442831E+02 -0.14094401233024E+03 -0.34681379298626E+03 -0.26919254630495E+04 -0.17652534853929E+04 -0.24908284957448E+04  0.20285912257218E+04  0.43786325143171E+04 -0.14780329469956E+04 -0.29341579827633E+04 -0.72755792430624E+03  0.22639868318186E+03  0.40896085177061E+03 -0.28571135067417E+04 -0.15202613534345E+04 -0.24078504315023E+04  0.19452772281219E+03 -0.89583978455241E+03 -0.10089308211240E+04
  -0.21438579690137E+04 -0.53489903611411E+02 -0.69534858646310E+01 -0.37563162380526E+04  0.31960936968576E+03 -0.11867756233283E+04 -0.61693064178232E+03 -0.11301102172314E+05 -0.22215705193212E+04  0.49088672735628E+03 -0.13536657850506E+03 -0.19124025809103E+03 -0.12855046012762E+02 -0.10730845480290E+01 -0.46157597988102E+04  0.49911383828544E+03 -0.34463595388440E+04 -0.18716927957660E+04  0.64925532162502E+04 -0.10622834736712E+01 -0.38853132215146E+03  0.12516024853059E+02  0.35102220021034E+02  0.81248309775180E+01  0.38824226078044E+01  0.13171402486938E+02  0.34520982576686E+02  0.49499426007721E+03  0.31011110973366E+03  0.28771872910911E+03 -0.16931100508772E+03 -0.50782354297885E+03  0.15297159538783E+03  0.30275181409728E+03  0.80463132712210E+02 -0.60785862057520E+02 -0.10829976290313E+03  0.43300435608191E+03  0.21479431454932E+03 -0.29981953547636E+03 -0.35111050880957E+02  0.24934409944588E+03  0.27933620564401E+03
   0.99909986441076E+04  0.13987953860296E+03 -0.12996059862811E+03  0.24402499157062E+05 -0.19950414277229E+04  0.75889342095484E+04  0.37846218587396E+04  0.81187293383067E+05  0.14495707021627E+05 -0.31952232061225E+04  0.94041708887023E+03  0.13154743135795E+04  0.77537735406282E+02  0.82838918343141E+01  0.32793702261097E+05 -0.34463595388440E+04  0.24350137294294E+05  0.13037936222382E+05 -0.44099124120552E+05  0.15262503892745E+01  0.23042731685348E+04 -0.13343857648867E+03 -0.40646565391794E+03 -0.38726347270817E+03 -0.44034657768790E+02 -0.14829281943933E+03 -0.34114942762618E+03 -0.22339022550842E+04 -0.14564127814035E+04 -0.23242101785232E+04  0.19994231943598E+04  0.40998178711100E+04 -0.11542529543064E+04 -0.22976961789203E+04 -0.55577487741751E+03  0.51252220283472E+02  0.10306466588916E+03 -0.22821738920580E+04 -0.12400928153786E+04  0.88930403846968E+03  0.18721049710408E+03 -0.13926788898694E+04 -0.15488878355003E+04
   0.72087364852077E+04  0.76685197099713E+02 -0.82043726634659E+01  0.13702301791182E+05 -0.11347963320629E+04  0.43259106089792E+04  0.21841954568610E+04  0.44012617509442E+05  0.69092095283145E+04 -0.18114822561159E+04  0.51209896553153E+03  0.76443629159198E+03  0.49202040737535E+02  0.39005697394505E+01  0.17090545466883E+05 -0.18716927957660E+04  0.13037936222382E+05  0.70847260131835E+04 -0.24577264791560E+05  0.21557561450570E+01  0.14376456027130E+04 -0.71188356468911E+02 -0.20449412975464E+03 -0.15819114225318E+03 -0.23234704873061E+02 -0.75744598132257E+02 -0.17480683272039E+03 -0.16036948189593E+04 -0.10121580994879E+04 -0.11722553809454E+04  0.94622347165632E+03  0.22673412173589E+04 -0.58523390200457E+03 -0.11664149800419E+04 -0.30680794273307E+03  0.83046847711156E+02  0.15550208697167E+03 -0.14828051051623E+04 -0.77229133174238E+03  0.11745090124048E+04  0.13608857189858E+03 -0.99906366790691E+03 -0.11111560178071E+04
  -0.78592163590612E+07  0.26312714648463E+07 -0.30272437524854E+06 -0.22886011181358E+07  0.49008273203019E+06 -0.44345607986008E+05 -0.24147384383504E+06 -0.59263999159917E+06 -0.25980848131313E+05  0.56983755775315E+05 -0.60751167324855E+04 -0.60288080936998E+04 -0.28894933338643E+03 -0.79428349244875E+02 -0.55523513056545E+05  0.64925532162502E+04 -0.44099124120552E+05 -0.24577264791560E+05  0.34267605993594E+08  0.77334961080216E+04  0.24122023092545E+07 -0.93090001966033E+05 -0.30855258061536E+06 -0.79477849315039E+06 -0.26716694975162E+05 -0.11447499905311E+06 -0.65267274176610E+06  0.34553376948685E+05  0.76840299575718E+05 -0.12324594314150E+04  0.57224872564531E+06  0.28182644303836E+07  0.17231236396620E+05  0.31694923456031E+05  0.21209918070844E+03  0.18634714329073E+06  0.82291071376943E+06  0.24601334966833E+05  0.77393240792370E+04 -0.18607812937821E+05  0.45153898272321E+05  0.20815692014596E+05  0.64738673097180E+05
  -0.17781197936986E+04  0.66275408189499E+03 -0.69420149628724E+02 -0.31117484021063E+03  0.85023424406940E+02  0.50911556200214E+02 -0.11447104182417E+02  0.35065922637604E+03 -0.93681835931418E+02 -0.53435945117796E+01  0.22472565825530E+01 -0.50131020680927E+01 -0.40050646912103E+00  0.17678545861005E-01  0.35082424248565E+01 -0.10622834736712E+01  0.15262503892745E+01  0.21557561450570E+01  0.77334961080216E+04  0.28771047220775E+01  0.65949092243477E+03 -0.22591392645505E+02 -0.73568069128347E+02 -0.21256996122048E+03 -0.46795668974389E+01 -0.23553702734171E+02 -0.16392384498138E+03  0.00000000000000E+00 -0.17863906012211E+02  0.00000000000000E+00  0.00000000000000E+00  0.59722930162163E+03  0.00000000000000E+00 -0.93484916864186E+01  0.00000000000000E+00  0.00000000000000E+00  0.25425008357715E+03  0.00000000000000E+00  0.00000000000000E+00  0.00000000000000E+00  0.49370035981741E+01  0.00000000000000E+00 -0.20894288068210E+02
  -0.74608853750235E+06  0.21243675963678E+06 -0.28313783830390E+05 -0.20759072894583E+06  0.42645249920669E+05 -0.11652970266298E+05 -0.26329565718746E+05 -0.89666083737497E+05  0.17142495631379E+04  0.78772758414355E+04 -0.83190093798947E+03 -0.36482945152083E+03  0.15286781281350E+02 -0.13314363813959E+02  0.25535865585153E+04 -0.38853132215146E+03  0.23042731685348E+04  0.14376456027130E+04  0.24122023092545E+07  0.65949092243477E+03  0.30372303964704E+06 -0.15093973694246E+05 -0.44566068516828E+05 -0.11579553085192E+06 -0.42454804193857E+04 -0.16245521095409E+05 -0.85629867573145E+05  0.00000000000000E+00  0.16009867878365E+05  0.00000000000000E+00  0.00000000000000E+00  0.38846497588726E+06  0.00000000000000E+00 -0.37131996683935E+04  0.00000000000000E+00  0.00000000000000E+00  0.80047683370587E+05  0.00000000000000E+00  0.00000000000000E+00  0.00000000000000E+00 -0.13822528225667E+05  0.00000000000000E+00  0.13322974575940E+05
   0.31532975951495E+05 -0.59648614475259E+04  0.11515880078781E+04  0.11792053202712E+05 -0.21679107431905E+04  0.13781993367632E+04  0.17714247806759E+04  0.17936074300286E+05 -0.35756958214952E+04 -0.77920040309977E+03  0.12702017825092E+03  0.59925576053177E+01  0.28451910417100E+01  0.24920973387739E+00 -0.12329020893526E+03  0.12516024853059E+02 -0.13343857648867E+03 -0.71188356468911E+02 -0.93090001966033E+05 -0.22591392645505E+02 -0.15093973694246E+05  0.10541335881133E+04  0.28907655308118E+04  0.71933971787835E+04  0.27617633589101E+03  0.99328768065964E+03  0.47741801311444E+04 -0.46078062455470E+02 -0.12787356237482E+04  0.44073337754170E+01  0.59263120750450E+03 -0.24551862416404E+05  0.00000000000000E+00 -0.12703049215063E+03  0.00000000000000E+00  0.20496913984331E+04 -0.27759382627944E+04  0.00000000000000E+00  0.00000000000000E+00  0.00000000000000E+00  0.11915420566937E+04 -0.30394229588438E+03 -0.16636523925279E+04
   0.11375836841077E+06 -0.25433775652562E+05  0.41659892252247E+04  0.34997188474716E+05 -0.64609173136892E+04  0.39022642238261E+04  0.51038593733696E+04  0.58728249584028E+05 -0.12241828289508E+05 -0.24103991918479E+04  0.40967612217484E+03  0.16996704874776E+03  0.23104128573046E+02  0.63299018688064E+00 -0.38839645037419E+03  0.35102220021034E+02 -0.40646565391794E+03 -0.20449412975464E+03 -0.30855258061536E+06 -0.73568069128347E+02 -0.44566068516828E+05  0.28907655308118E+04  0.83695658694748E+04  0.19797766446490E+05  0.78746054205760E+03  0.28940460729566E+04  0.13991819914997E+05 -0.15138050698232E+03 -0.33872223923215E+04 -0.17271490700763E+02 -0.57434251000005E+04 -0.71494351589902E+05  0.00000000000000E+00 -0.33482701112247E+03  0.00000000000000E+00  0.30550912877032E+04 -0.94518126312186E+04  0.00000000000000E+00  0.00000000000000E+00  0.00000000000000E+00  0.34757184429146E+04 -0.17569884868365E+04 -0.49426706611269E+04
   0.19410663056078E+06 -0.48501523646031E+05  0.72242379133059E+04  0.81216279974050E+05 -0.15446430610880E+05  0.76917519916603E+04  0.11290434818601E+05  0.95293924755766E+05 -0.18890708763680E+05 -0.42002993449311E+04  0.67554374546444E+03 -0.41584116113685E+03 -0.43608744180903E+02  0.23381844407714E+01 -0.31189870542968E+03  0.81248309775180E+01 -0.38726347270817E+03 -0.15819114225318E+03 -0.79477849315039E+06 -0.21256996122048E+03 -0.11579553085192E+06  0.71933971787835E+04  0.19797766446490E+05  0.56142995224251E+05  0.19487463817695E+04  0.72123449270739E+04  0.35924084211815E+05  0.23551577296359E+03 -0.10619047001352E+05 -0.43927971980474E+01  0.37146369111379E+05 -0.17190409085433E+06  0.00000000000000E+00 -0.10762632254506E+04  0.00000000000000E+00  0.16269596935423E+05 -0.24432092804322E+05  0.00000000000000E+00  0.00000000000000E+00  0.00000000000000E+00  0.56407087216604E+04  0.14687123786161E+04 -0.11630747175181E+05
   0.11118522350700E+05 -0.25238073973766E+04  0.41059237428792E+03  0.37973803997887E+04 -0.66070062026743E+03  0.54362744213563E+03  0.60550776010312E+03  0.61808671096926E+04 -0.12702958264312E+04 -0.25861638020722E+03  0.43316970193423E+02 -0.22229193478312E+02 -0.23652845748861E+01  0.10155485713811E+00 -0.39742928442831E+02  0.38824226078044E+01 -0.44034657768790E+02 -0.23234704873061E+02 -0.26716694975162E+05 -0.46795668974389E+01 -0.42454804193857E+04  0.27617633589101E+03  0.78746054205760E+03  0.19487463817695E+04  0.93277057926339E+02  0.32837516744275E+03  0.13810017780635E+04  0.00000000000000E+00 -0.40451158565177E+03  0.00000000000000E+00  0.00000000000000E+00 -0.79131709863026E+04  0.00000000000000E+00 -0.39743581202126E+02  0.00000000000000E+00  0.00000000000000E+00 -0.50046961921518E+03  0.00000000000000E+00  0.00000000000000E+00  0.00000000000000E+00  0.18739552702654E+02  0.00000000000000E+00 -0.61345451758236E+03
   0.43241796004261E+05 -0.10629911219930E+05  0.16030987393241E+04  0.13867382915388E+05 -0.24606141960601E+04  0.18117972469250E+04  0.21027286380454E+04  0.22767985576271E+05 -0.48420782847505E+04 -0.91611253968242E+03  0.15757990342684E+03 -0.91204595666008E+02 -0.91161799818728E+01  0.34431015515026E+00 -0.14094401233024E+03  0.13171402486938E+02 -0.14829281943933E+03 -0.75744598132257E+02 -0.11447499905311E+06 -0.23553702734171E+02 -0.16245521095409E+05  0.99328768065964E+03  0.28940460729566E+04  0.72123449270739E+04  0.32837516744275E+03  0.12045083613300E+04  0.51621815195631E+04  0.00000000000000E+00 -0.12875209197346E+04  0.00000000000000E+00  0.00000000000000E+00 -0.28693838159298E+05  0.00000000000000E+00 -0.12582643140181E+03  0.00000000000000E+00  0.00000000000000E+00 -0.31102025957493E+04  0.00000000000000E+00  0.00000000000000E+00  0.00000000000000E+00 -0.67887442426166E+02  0.00000000000000E+00 -0.22610329982321E+04
   0.21977972430145E+06 -0.59686543922720E+05  0.82729580186940E+04  0.60996144032462E+05 -0.11895442412501E+05  0.48876736570029E+04  0.80777525624517E+04  0.70396221577419E+05 -0.13639575236174E+05 -0.32426795502664E+04  0.50209691270600E+03 -0.24069265441652E+03 -0.19092842402532E+02  0.15385177494899E+01 -0.34681379298626E+03  0.34520982576686E+02 -0.34114942762618E+03 -0.17480683272039E+03 -0.65267274176610E+06 -0.16392384498138E+03 -0.85629867573145E+05  0.47741801311444E+04  0.13991819914997E+05  0.35924084211815E+05  0.13810017780635E+04  0.51621815195631E+04  0.26703320167976E+05  0.00000000000000E+00 -0.72875217209899E+04  0.00000000000000E+00  0.00000000000000E+00 -0.12244114757064E+06  0.00000000000000E+00 -0.73858804717503E+03  0.00000000000000E+00  0.00000000000000E+00 -0.19501605228990E+05  0.00000000000000E+00  0.00000000000000E+00  0.00000000000000E+00  0.77430431409929E+04  0.00000000000000E+00 -0.80115477845158E+04
  -0.13224728704696E+06  0.16792608599246E+05 -0.46802314770132E+04 -0.12874597334608E+05  0.19992839474653E+04 -0.27486379443717E+04 -0.24694293970970E+04 -0.63172791085618E+05  0.11581972885638E+05  0.27565434308950E+04 -0.46221264701335E+03 -0.11129421672843E+04 -0.16384231363232E+03  0.67317456124027E-01 -0.26919254630495E+04  0.49499426007721E+03 -0.22339022550842E+04 -0.16036948189593E+04  0.34553376948685E+05  0.00000000000000E+00  0.00000000000000E+00 -0.46078062455470E+02 -0.15138050698232E+03  0.23551577296359E+03  0.00000000000000E+00  0.00000000000000E+00  0.00000000000000E+00  0.11695881323124E+06  0.00000000000000E+00  0.00000000000000E+00  0.00000000000000E+00  0.00000000000000E+00  0.00000000000000E+00  0.00000000000000E+00  0.00000000000000E+00  0.00000000000000E+00  0.00000000000000E+00  0.00000000000000E+00  0.00000000000000E+00  0.00000000000000E+00  0.00000000000000E+00  0.00000000000000E+00  0.00000000000000E+00
  -0.56056027955050E+05  0.82946182185786E+04 -0.19860044759707E+04 -0.21326497982882E+05  0.33631775967505E+04 -0.42110465133671E+04 -0.38686948237151E+04 -0.50602296112278E+05  0.10923411404867E+05  0.19029528153123E+04 -0.34846332458986E+03 -0.67512177201559E-01 -0.90544660440823E-02 -0.20141356905045E-04 -0.17652534853929E+04  0.31011110973366E+03 -0.14564127814035E+04 -0.10121580994879E+04  0.76840299575718E+05 -0.17863906012211E+02  0.16009867878365E+05 -0.12787356237482E+04 -0.33872223923215E+04 -0.10619047001352E+05 -0.40451158565177E+03 -0.12875209197346E+04 -0.72875217209899E+04  0.00000000000000E+00  0.64988741344431E+05  0.00000000000000E+00  0.00000000000000E+00  0.00000000000000E+00  0.00000000000000E+00  0.00000000000000E+00  0.00000000000000E+00  0.00000000000000E+00  0.00000000000000E+00  0.00000000000000E+00  0.00000000000000E+00  0.00000000000000E+00  0.00000000000000E+00  0.00000000000000E+00  0.00000000000000E+00
  -0.52594539927185E+04 -0.19521256179213E+03  0.18760935864238E+02 -0.66774327162748E+02 -0.57474973412958E+02  0.15344191375872E+03  0.13866127195992E+03 -0.70445227116367E+05  0.24751137909917E+05  0.73782340551871E+03 -0.33464880678568E+03 -0.68263706818118E+03 -0.26906206884818E+02 -0.57971387894579E+01 -0.24908284957448E+04  0.28771872910911E+03 -0.23242101785232E+04 -0.11722553809454E+04 -0.12324594314150E+04  0.00000000000000E+00  0.00000000000000E+00  0.44073337754170E+01 -0.17271490700763E+02 -0.43927971980474E+01  0.00000000000000E+00  0.00000000000000E+00  0.00000000000000E+00  0.00000000000000E+00  0.00000000000000E+00  0.30813353084480E+05  0.00000000000000E+00  0.00000000000000E+00  0.00000000000000E+00  0.00000000000000E+00  0.00000000000000E+00  0.00000000000000E+00  0.00000000000000E+00  0.00000000000000E+00  0.00000000000000E+00  0.00000000000000E+00  0.00000000000000E+00  0.00000000000000E+00  0.00000000000000E+00
  -0.86860978972902E+06  0.21052297076689E+06 -0.31882684263293E+05 -0.66366610454701E+05  0.11790162187876E+05 -0.84741815283488E+04 -0.98578790126702E+04 -0.29586724104050E+06  0.67167932535709E+05  0.11039926509781E+05 -0.19956662120388E+04 -0.49593837334847E+04 -0.58405918931499E+03 -0.70938425793917E+00  0.20285912257218E+04 -0.16931100508772E+03  0.19994231943598E+04  0.94622347165632E+03  0.57224872564531E+06  0.00000000000000E+00  0.00000000000000E+00  0.59263120750450E+03 -0.57434251000005E+04  0.37146369111379E+05  0.00000000000000E+00  0.00000000000000E+00  0.00000000000000E+00  0.00000000000000E+00  0.00000000000000E+00  0.00000000000000E+00  0.58069799301466E+06  0.00000000000000E+00  0.00000000000000E+00  0.00000000000000E+00  0.00000000000000E+00  0.00000000000000E+00  0.00000000000000E+00  0.00000000000000E+00  0.00000000000000E+00  0.00000000000000E+00  0.00000000000000E+00  0.00000000000000E+00  0.00000000000000E+00
  -0.11262825625101E+07  0.26627314111294E+06 -0.41535400188007E+05 -0.34455060887963E+06  0.62590524105145E+05 -0.41225086287247E+05 -0.51337350693159E+05 -0.58152522598116E+06  0.12764943802284E+06  0.22951741002411E+05 -0.39716062715701E+04 -0.15103735787315E+02 -0.17595013884388E+01 -0.15390901560884E-02  0.43786325143171E+04 -0.50782354297885E+03  0.40998178711100E+04  0.22673412173589E+04  0.28182644303836E+07  0.59722930162163E+03  0.38846497588726E+06 -0.24551862416404E+05 -0.71494351589902E+05 -0.17190409085433E+06 -0.79131709863026E+04 -0.28693838159298E+05 -0.12244114757064E+06  0.00000000000000E+00  0.00000000000000E+00  0.00000000000000E+00  0.00000000000000E+00  0.92354276672037E+06  0.00000000000000E+00  0.00000000000000E+00  0.00000000000000E+00  0.00000000000000E+00  0.00000000000000E+00  0.00000000000000E+00  0.00000000000000E+00  0.00000000000000E+00  0.00000000000000E+00  0.00000000000000E+00  0.00000000000000E+00
  -0.20990012590693E+05  0.57507650035474E+04 -0.80020426097130E+03 -0.13645729804112E+04  0.31982137984018E+03  0.14617986167736E+02 -0.15403528187136E+03 -0.74010866472463E+05  0.22916562704167E+05  0.14969404069567E+04 -0.41704752220141E+03 -0.22369647824803E+04 -0.14115233149767E+03 -0.30041163261293E+01 -0.14780329469956E+04  0.15297159538783E+03 -0.11542529543064E+04 -0.58523390200457E+03  0.17231236396620E+05  0.00000000000000E+00  0.00000000000000E+00  0.00000000000000E+00  0.00000000000000E+00  0.00000000000000E+00  0.00000000000000E+00  0.00000000000000E+00  0.00000000000000E+00  0.00000000000000E+00  0.00000000000000E+00  0.00000000000000E+00  0.00000000000000E+00  0.00000000000000E+00  0.14302678393285E+05  0.00000000000000E+00  0.00000000000000E+00  0.00000000000000E+00  0.00000000000000E+00  0.00000000000000E+00  0.00000000000000E+00  0.00000000000000E+00  0.00000000000000E+00  0.00000000000000E+00  0.00000000000000E+00
  -0.47522942845368E+05  0.13188140096221E+05 -0.18186193211378E+04 -0.24916859392618E+04  0.56356685562053E+03 -0.79725136559641E+01 -0.27395894985148E+03 -0.16642907437727E+06  0.51600866606519E+05  0.33083070523486E+04 -0.93827590095101E+03 -0.69037084723917E+02 -0.18109455760110E+02 -0.12423512157934E-04 -0.29341579827633E+04  0.30275181409728E+03 -0.22976961789203E+04 -0.11664149800419E+04  0.31694923456031E+05 -0.93484916864186E+01 -0.37131996683935E+04 -0.12703049215063E+03 -0.33482701112247E+03 -0.10762632254506E+04 -0.39743581202126E+02 -0.12582643140181E+03 -0.73858804717503E+03  0.00000000000000E+00  0.00000000000000E+00  0.00000000000000E+00  0.00000000000000E+00  0.00000000000000E+00  0.00000000000000E+00  0.31407766646810E+05  0.00000000000000E+00  0.00000000000000E+00  0.00000000000000E+00  0.00000000000000E+00  0.00000000000000E+00  0.00000000000000E+00  0.00000000000000E+00  0.00000000000000E+00  0.00000000000000E+00
  -0.32078780084405E+04  0.42265648115896E+03 -0.10089741417484E+03 -0.70614864166836E+02  0.89306854727448E+01 -0.18775881468381E+02 -0.13100903325937E+02 -0.14129978880086E+04  0.19137257428095E+03  0.43767943697993E+02 -0.10816395312533E+02 -0.77204222092680E+02 -0.62841613537607E+01 -0.13217539484674E+00 -0.72755792430624E+03  0.80463132712210E+02 -0.55577487741751E+03 -0.30680794273307E+03  0.21209918070844E+03  0.00000000000000E+00  0.00000000000000E+00  0.00000000000000E+00  0.00000000000000E+00  0.00000000000000E+00  0.00000000000000E+00  0.00000000000000E+00  0.00000000000000E+00  0.00000000000000E+00  0.00000000000000E+00  0.00000000000000E+00  0.00000000000000E+00  0.00000000000000E+00  0.00000000000000E+00  0.00000000000000E+00  0.37991718087586E+04  0.00000000000000E+00  0.00000000000000E+00  0.00000000000000E+00  0.00000000000000E+00  0.00000000000000E+00  0.00000000000000E+00  0.00000000000000E+00  0.00000000000000E+00
  -0.20490361126409E+06  0.63896776478534E+05 -0.79179329607062E+04 -0.11782042916595E+05  0.29002674577799E+04  0.46636785100319E+03 -0.98052719498511E+03 -0.56748132460015E+04  0.59430167654469E+03  0.55466783074642E+03 -0.44654881964257E+02 -0.20481518526446E+00 -0.14637657810107E+00 -0.18320441272509E-12  0.22639868318186E+03 -0.60785862057520E+02  0.51252220283472E+02  0.83046847711156E+02  0.18634714329073E+06  0.00000000000000E+00  0.00000000000000E+00  0.20496913984331E+04  0.30550912877032E+04  0.16269596935423E+05  0.00000000000000E+00  0.00000000000000E+00  0.00000000000000E+00  0.00000000000000E+00  0.00000000000000E+00  0.00000000000000E+00  0.00000000000000E+00  0.00000000000000E+00  0.00000000000000E+00  0.00000000000000E+00  0.00000000000000E+00  0.10627878905347E+06  0.00000000000000E+00  0.00000000000000E+00  0.00000000000000E+00  0.00000000000000E+00  0.00000000000000E+00  0.00000000000000E+00  0.00000000000000E+00
  -0.23109832145488E+06  0.71618691976034E+05 -0.89161763559863E+04 -0.53166789026019E+05  0.12917670742773E+05  0.17999613245035E+04 -0.45694231573186E+04 -0.11193538667084E+05  0.12077079928765E+04  0.10565593474512E+04 -0.87909102464137E+02  0.27815422057136E-02  0.19160834482930E-02 -0.93116971085325E-12  0.40896085177061E+03 -0.10829976290313E+03  0.10306466588916E+03  0.15550208697167E+03  0.82291071376943E+06  0.25425008357715E+03  0.80047683370587E+05 -0.27759382627944E+04 -0.94518126312186E+04 -0.24432092804322E+05 -0.50046961921518E+03 -0.31102025957493E+04 -0.19501605228990E+05  0.00000000000000E+00  0.00000000000000E+00  0.00000000000000E+00  0.00000000000000E+00  0.00000000000000E+00  0.00000000000000E+00  0.00000000000000E+00  0.00000000000000E+00  0.00000000000000E+00  0.13907973449751E+06  0.00000000000000E+00  0.00000000000000E+00  0.00000000000000E+00  0.00000000000000E+00  0.00000000000000E+00  0.00000000000000E+00
