# fitpack15: fit parameters                                                                         
# CJ15 AV18 final data choices                                                                      
# Created on 01/15/2020 at 22:35:20                                                                 

 # QCD setup
  INS                           0
  NVL                          11
  IORD                          1
  Q02                   1.6899999999999999     
  IPARAMC                       7
  FLAVOR                4.0000000000000000     
  xmc                   1.3000000000000000     
  xmb                   4.5000000000000000     
  ncb                          12
  ihq                           1
  ias                           0

 # Theory corrections
  inuke                     10814
  itmc                          1
  iht                           1

 # fit parameters
 LAMBDA       0.22680        0.0000    
 a0uv          1.9571        0.0000    
 a1uv         0.56893       0.23560E-01
 a2uv          3.5565       0.11704E-01
 a3uv          0.0000        0.0000    
 a4uv          4.5636       0.62951    
 a5uv          0.0000        0.0000    
 a0dv          25.213        0.0000    
 a1dv          1.1591       0.32804E-01
 a2dv          6.6148       0.15857    
 a3dv         -3.5568       0.84236E-01
 a4dv          4.7695       0.13873    
 a5dv          0.0000        0.0000    
 a0ud         0.14223       0.49828E-02
 a1ud        -0.21070       0.38147E-02
 a2ud          8.4099       0.18939    
 a3ud          0.0000        0.0000    
 a4ud          15.639        1.2939    
 a5ud          0.0000        0.0000    
 a0du          35712.        0.0000    
 a1du          4.0877       0.86458E-01
 a2du          20.101       0.95927    
 a3du          17.000        0.0000    
 a4du          53.802        12.005    
 a0g           48.187        0.0000    
 a1g          0.61292       0.33383E-01
 a2g           7.0292       0.98831    
 a3g          -3.3887       0.15642    
 a4g           3.4548       0.40377    
 a5g           0.0000        0.0000    
 kappa        0.40000        0.0000    
 a6dv        -0.38238E-02   0.66435E-03
 a7dv          2.0000        0.0000    
 off1         -2.8220        1.8456    
 off2         0.58095E-01   0.15661E-02
 ht1          -3.6191       0.35359    
 ht2           2.1209       0.12529    
 ht3          -2.0438       0.35610E-01
 ht4           0.0000        0.0000    
 ht1n         -3.7451        1.0546    
 ht2n          2.0156       0.35168    
 ht3n         -2.0978       0.67916E-01
 ht4n          0.0000        0.0000    
 dummy44       0.0000        0.0000    
 dummy45       0.0000        0.0000    
 dummy46       0.0000        0.0000    
 dummy47       0.0000        0.0000    
 dummy48       0.0000        0.0000    
 dummy49       0.0000        0.0000    
 bcdmsh2      0.97012       0.48531E-02
 bcdmsd2      0.99009       0.58503E-02
 ccfr          1.0000        0.0000    
 nutev         1.0000        0.0000    
 zeus         0.97998        0.0000    
 h1            1.0162        0.0000    
 e605          1.0319        0.0000    
 NmcH2         1.0063       0.71317E-02
 ntv_nu        1.0000        0.0000    
 ntv_nubar     1.0000        0.0000    
 cdf_jet      0.98910        0.0000    
 d0_jet       0.83504        0.0000    
 slac_p        1.0024       0.50358E-02
 slac_d        1.0012       0.53054E-02
 e866pp       0.98150       0.19950E-01
 e866pd       0.96908       0.16463E-01
 d0_gamjet     1.0365       0.16483E-01
 h1b          0.97608        0.0000    
 jlab_p       0.99074       0.62904E-02
 jlab_d       0.97383       0.59942E-02
 blank         1.0000        0.0000    
 d0run2       0.94338       0.14142E-01
 cdfrun2      0.93063       0.17293E-01
 HERA_el       1.0000        0.0000    
 HERA_ps       1.0000        0.0000    
 CDF_Z        0.95906       0.66144E-02
 NmcRat        1.0000        0.0000    
 BNS_F2nd     0.98157       0.11256E-01
 HERMES_F2p   0.99618       0.56724E-02
 HERMES_F2d   0.97762       0.58445E-02
 END 0. 0.

 # Hessian matrix (Bevington alpha)
   0.51892800548614E+07 -0.13301251103467E+07  0.19514120108424E+06  0.50363771228747E+06 -0.12840789222786E+06 -0.28418269331109E+05  0.54246903800280E+05  0.98691691481352E+06 -0.18400951506108E+06 -0.50220176845022E+05  0.73664819966594E+04  0.15341774031388E+05  0.17269743381576E+04 -0.10531184706250E+03  0.94010540983909E+04 -0.20869295535665E+04  0.92255268437092E+04  0.67227440667667E+04 -0.78639425194456E+07 -0.13549294650232E+04 -0.86556624896345E+07  0.37235093661859E+05  0.12806310719405E+06  0.24076902388059E+06  0.13104787036851E+05  0.49229420126315E+05  0.25178152590190E+06 -0.13222836189012E+06 -0.56070529472375E+05 -0.52515250554313E+04 -0.86773980174925E+06 -0.11256974051817E+07 -0.20979440195008E+05 -0.47530269662709E+05 -0.32049558217240E+04 -0.20470422189430E+06 -0.23098412066588E+06 -0.92538132374502E+04 -0.32619557698325E+04 -0.18033059974909E+05  0.17209211647945E+05 -0.74316457121465E+05 -0.58608804129884E+05
  -0.13301251103467E+07  0.41611042620254E+06 -0.51097786874970E+05 -0.13714938910802E+06  0.34705453976644E+05  0.10396824614195E+05 -0.11378760935101E+05 -0.12533651505846E+06  0.26441169047128E+05  0.74147760184789E+04 -0.88567530408663E+03 -0.11985754491332E+04 -0.13973547543970E+03  0.12631950474361E+02  0.64252396362005E+03 -0.51095522756447E+02  0.13730123511650E+03  0.70848804579704E+02  0.26313284693334E+07  0.54582496570179E+03  0.24717486623254E+07 -0.76307768419158E+04 -0.29567230300321E+05 -0.61617356904567E+05 -0.30845285282012E+04 -0.12313127200798E+05 -0.68764405132678E+05  0.16799927899186E+05  0.82954562818123E+04 -0.19544501586217E+03  0.21037036303260E+06  0.26586913518242E+06  0.57515534275280E+04  0.13198171461986E+05  0.42238147606248E+03  0.63858716958611E+05  0.71535228794361E+05  0.24424007386806E+04  0.77231110369476E+03 -0.22188192430628E+04 -0.22659110172171E+04  0.86810487470628E+04  0.72912589669504E+04
   0.19514120108424E+06 -0.51097786874970E+05  0.73917195990590E+04  0.18740512365599E+05 -0.48909986920700E+04 -0.13183592846011E+04  0.19590710334688E+04  0.28022190271272E+05 -0.50769243872179E+04 -0.16701729938261E+04  0.21271939775548E+03  0.41732928874530E+03  0.53254643495700E+02 -0.39958363712698E+01 -0.28736370098273E+03 -0.54833124227190E+01 -0.13598992142195E+03 -0.13917612471763E+02 -0.30317741353481E+06 -0.53445420910480E+02 -0.32881969932305E+06  0.13699397944104E+04  0.47156231623610E+04  0.89988391107086E+04  0.48632604781430E+03  0.18316865593534E+04  0.94945305229726E+04 -0.46846456826546E+04 -0.19880102423456E+04  0.18875384099283E+02 -0.31886126661621E+05 -0.41544053779859E+05 -0.80078148893763E+03 -0.18211166039804E+04 -0.10090496652328E+03 -0.79198259713059E+04 -0.89193344074161E+04 -0.34788639297236E+03 -0.12140347187385E+03 -0.64527186603780E+02  0.61441759251076E+03 -0.22237855517886E+04 -0.17949593101454E+04
   0.50363771228747E+06 -0.13714938910802E+06  0.18740512365599E+05  0.40054840176309E+06 -0.62469557175282E+05  0.75254954769495E+05  0.64682204336780E+05  0.36168870907042E+06 -0.27832403729094E+05 -0.18329987132055E+05  0.32040304632954E+04 -0.13959441356050E+04 -0.15001876164587E+03  0.54321262216353E+02  0.30797350358003E+05 -0.37080394674823E+04  0.23277118747985E+05  0.13061671253772E+05 -0.22921455042917E+07 -0.18939584645460E+03 -0.23560678255271E+07  0.13319457752987E+05  0.38942108793963E+05  0.94117007804173E+05  0.43567741123322E+04  0.15555491797403E+05  0.69865135833089E+05 -0.12878436250203E+05 -0.21333949342424E+05 -0.63836302545184E+02 -0.66320137509123E+05 -0.34434563981699E+06 -0.13641116736861E+04 -0.24922329413383E+04 -0.70545379920072E+02 -0.11784896184590E+05 -0.53157218638332E+05 -0.24893647255949E+04 -0.96612369102101E+03 -0.97866789453820E+04 -0.15898195320781E+05 -0.72564877106976E+04 -0.21506421367216E+05
  -0.12840789222786E+06  0.34705453976644E+05 -0.48909986920700E+04 -0.62469557175282E+05  0.11514558729973E+05 -0.75930215277304E+04 -0.92450754211548E+04 -0.33356344950927E+05  0.52085237918743E+03  0.23679143292059E+04 -0.32076528774797E+03 -0.20045994613658E+02  0.50052050556254E+01 -0.48384201995074E+01 -0.25854300578433E+04  0.31516934026566E+03 -0.19053735008298E+04 -0.10825085584092E+04  0.49341267340564E+06  0.60848683865891E+02  0.48780637674089E+06 -0.24929121833996E+04 -0.73039353757327E+04 -0.18152607359763E+05 -0.77771419008216E+03 -0.28161265486882E+04 -0.13768240566701E+05  0.20032453229496E+04  0.33697806659674E+04 -0.57764960966701E+02  0.11832370255434E+05  0.62733485707368E+05  0.32133611930292E+03  0.56682611499482E+03  0.89346384502696E+01  0.29185722143889E+04  0.12974223476058E+05  0.46947941340840E+03  0.17368971519211E+03  0.36571307472429E+03  0.25145286907105E+04  0.81658525056344E+03  0.25184826711203E+04
  -0.28418269331109E+05  0.10396824614195E+05 -0.13183592846011E+04  0.75254954769495E+05 -0.75930215277304E+04  0.24856875529091E+05  0.14864842412183E+05  0.11132886199172E+06 -0.10497202158584E+05 -0.46255463274118E+04  0.96707282738531E+03 -0.71521018392683E+03 -0.67336299059749E+02  0.18601459472372E+02  0.95132902836465E+04 -0.11774637141495E+04  0.72563902487297E+04  0.41356009566226E+04 -0.49864144621275E+05  0.58600140833423E+02 -0.13129023178109E+06  0.14844700255996E+04  0.41941601261472E+04  0.86636178598115E+04  0.58605836067679E+03  0.19463496691253E+04  0.55538269558420E+04 -0.27790101974659E+04 -0.42623330123115E+04  0.15608826720194E+03 -0.86060870081350E+04 -0.42067524601919E+05  0.12331251418123E+02 -0.11604963324761E+02 -0.18920599150375E+02  0.44947203716063E+03  0.16788819031761E+04 -0.25347955250962E+03 -0.12975046458090E+03 -0.31718521732953E+04 -0.33248803984502E+04 -0.18765075998336E+04 -0.53938200702436E+04
   0.54246903800280E+05 -0.11378760935101E+05  0.19590710334688E+04  0.64682204336780E+05 -0.92450754211548E+04  0.14864842412183E+05  0.11549550176225E+05  0.61358037209867E+05 -0.34889059419122E+04 -0.32899383513308E+04  0.56121617398758E+03 -0.23320643310786E+03 -0.27058110548379E+02  0.97467436452984E+01  0.48744501327985E+04 -0.61052316922009E+03  0.36161698330393E+04  0.20853028888951E+04 -0.24592935773181E+06  0.41626644100540E+01 -0.29956721365637E+06  0.19817201133999E+04  0.56597309318698E+04  0.13087265568576E+05  0.68364990014075E+03  0.23432948201538E+04  0.93162248576213E+04 -0.24896507228014E+04 -0.39012343913949E+04  0.13991868988718E+03 -0.99529770643939E+04 -0.51873838048289E+05 -0.15623267417198E+03 -0.27786254539365E+03 -0.13180009817036E+02 -0.99883617623245E+03 -0.46626289693373E+04 -0.36092647662121E+03 -0.15214881267250E+03 -0.13443848795895E+04 -0.31584235584178E+04 -0.11582062741855E+04 -0.34483447404161E+04
   0.98691691481352E+06 -0.12533651505846E+06  0.28022190271272E+05  0.36168870907042E+06 -0.33356344950927E+05  0.11132886199172E+06  0.61358037209867E+05  0.53563732255390E+07 -0.24020733654107E+07 -0.89111357286914E+05  0.26015002489059E+05  0.26352989645221E+05  0.17879911175687E+04  0.95618621510656E+02  0.88486925605189E+05 -0.11160178701919E+05  0.77329456055953E+05  0.41958105350477E+05 -0.59362820284669E+06  0.40975109052195E+03 -0.99171682594548E+06  0.18415981374451E+05  0.59695881640727E+05  0.10131172693428E+06  0.64482339165987E+04  0.23528996277166E+05  0.74382089160687E+05 -0.63028803414479E+05 -0.50494398242716E+05 -0.70189993366081E+05 -0.29502582310628E+06 -0.57998558912743E+06 -0.73843657602297E+05 -0.16613666550846E+06 -0.14067933204404E+04 -0.56657386862878E+04 -0.11159628788198E+05  0.19358947278022E+03  0.24009501843976E+03 -0.27352019889257E+06 -0.88015869090926E+04 -0.14414415526498E+06 -0.17775478575962E+06
  -0.18400951506108E+06  0.26441169047128E+05 -0.50769243872179E+04 -0.27832403729094E+05  0.52085237918743E+03 -0.10497202158584E+05 -0.34889059419122E+04 -0.24020733654107E+07  0.19291969373689E+07  0.19428917254029E+05 -0.64222805596845E+04 -0.55321289793767E+04 -0.30627513461899E+03 -0.13266664211399E+02  0.47990083581242E+05 -0.22115869953960E+04  0.14106756661892E+05  0.66704037906517E+04 -0.26064184168555E+05 -0.96009728527071E+02  0.12984131474142E+05 -0.35596594258296E+04 -0.12114920825626E+05 -0.19196938104173E+05 -0.12898540997617E+04 -0.48869688574515E+04 -0.13820866143703E+05  0.11581531959055E+05  0.10926655687288E+05  0.24700363350619E+05  0.67083256615213E+05  0.12753172848742E+06  0.22906484836447E+05  0.51604517711149E+05  0.19029746065034E+03  0.58720720521382E+03  0.11935502039359E+04 -0.12345417566903E+04 -0.68974583770729E+03  0.11293614605534E+06  0.15757812915146E+04  0.45197036373341E+05  0.55200076523782E+05
  -0.50220176845022E+05  0.74147760184789E+04 -0.16701729938261E+04 -0.18329987132055E+05  0.23679143292059E+04 -0.46255463274118E+04 -0.32899383513308E+04 -0.89111357286914E+05  0.19428917254029E+05  0.26593788149821E+04 -0.61697240307740E+03 -0.65874225285921E+03 -0.58698029552465E+02 -0.17180628701465E+01 -0.40047244616719E+04  0.48488967289499E+03 -0.30431858139963E+04 -0.17251277613498E+04  0.57224984325239E+05 -0.10246671430660E+02  0.88950255331521E+05 -0.83227382510577E+03 -0.25450535064083E+04 -0.47044583359418E+04 -0.28025039585958E+03 -0.98117543345869E+03 -0.35838743083020E+04  0.27562663595478E+04  0.19021348783959E+04  0.73685843872136E+03  0.11038686858439E+05  0.22945085729628E+05  0.14972253231284E+04  0.33103812573738E+04  0.43699912408945E+02  0.55708447767682E+03  0.10593474341914E+04  0.13106437472223E+03  0.58199912140324E+02  0.31344688491142E+04  0.43748457174984E+03  0.28366078450169E+04  0.35850333124919E+04
   0.73664819966594E+04 -0.88567530408663E+03  0.21271939775548E+03  0.32040304632954E+04 -0.32076528774797E+03  0.96707282738531E+03  0.56121617398758E+03  0.26015002489059E+05 -0.64222805596845E+04 -0.61697240307740E+03  0.16775873271829E+03  0.18598773585929E+03  0.13639816143427E+02  0.64141035898949E+00  0.12248307086848E+04 -0.13478974869160E+03  0.90360775607933E+03  0.49203633356483E+03 -0.61408382053992E+04  0.28059509983277E+01 -0.93601046292030E+04  0.13294934826222E+03  0.42416076950174E+03  0.73557671007479E+03  0.46024769150484E+02  0.16572339032509E+03  0.54262016997186E+03 -0.46498509285906E+03 -0.35047742010945E+03 -0.33546884243730E+03 -0.20063696247446E+04 -0.39937684150780E+04 -0.41908369828126E+03 -0.94333236241873E+03 -0.10857192529035E+02 -0.45070894032928E+02 -0.88582083700038E+02 -0.13559504545497E+02 -0.63289715134183E+01 -0.11335101727932E+04 -0.64838679962280E+02 -0.81628210587747E+03 -0.10139799395689E+04
   0.15341774031388E+05 -0.11985754491332E+04  0.41732928874530E+03 -0.13959441356050E+04 -0.20045994613658E+02 -0.71521018392683E+03 -0.23320643310786E+03  0.26352989645221E+05 -0.55321289793767E+04 -0.65874225285921E+03  0.18598773585929E+03  0.15541700166600E+04  0.10386296993297E+03 -0.11968805921837E+01  0.13598913233000E+04 -0.18951496416771E+03  0.12488083315724E+04  0.72790015031089E+03 -0.60413488939062E+04 -0.48453498052488E+01 -0.45946649155914E+04  0.59112915651867E+01  0.16526513284297E+03 -0.39509148532034E+03 -0.21595626486447E+02 -0.88892874379172E+02 -0.22740591683206E+03 -0.11148865852361E+04 -0.83032433680462E-01 -0.68148162418586E+03 -0.49652325088583E+04 -0.18794849504882E+02 -0.22374324596819E+04 -0.69588907537410E+02 -0.77178836094843E+02 -0.20965911037317E+00  0.15926939337455E-02 -0.17030038587361E+01 -0.72780718689373E+00  0.28904465123145E+03  0.30686302487207E+03 -0.26581142200101E+04 -0.48715638755482E+01
   0.17269743381576E+04 -0.13973547543970E+03  0.53254643495700E+02 -0.15001876164587E+03  0.50052050556254E+01 -0.67336299059749E+02 -0.27058110548379E+02  0.17879911175687E+04 -0.30627513461899E+03 -0.58698029552465E+02  0.13639816143427E+02  0.10386296993297E+03  0.94380317662204E+01 -0.16725295103113E+00  0.76108187474473E+02 -0.12709963182019E+02  0.72942815434081E+02  0.46531466463070E+02 -0.29025649889142E+03 -0.41465623468048E+00  0.96152420429578E+02  0.24873568094698E+01  0.21916680776259E+02 -0.44298545323216E+02 -0.24210599969273E+01 -0.92609226042968E+01 -0.19705435452746E+02 -0.16439540334422E+03 -0.11335814839151E-01 -0.26904510972014E+02 -0.58584173943250E+03 -0.22902158351375E+01 -0.14134756050670E+03 -0.18280594555581E+02 -0.62919137283191E+01 -0.14987444899038E+00  0.12512821980218E-02 -0.18072092708241E+00 -0.70022148017539E-01  0.28701434773458E+02  0.68615023025395E+02 -0.19316450106589E+03 -0.39225609107181E+00
  -0.10531184706250E+03  0.12631950474361E+02 -0.39958363712698E+01  0.54321262216353E+02 -0.48384201995074E+01  0.18601459472372E+02  0.97467436452984E+01  0.95618621510656E+02 -0.13266664211399E+02 -0.17180628701465E+01  0.64141035898949E+00 -0.11968805921837E+01 -0.16725295103113E+00  0.47030193344370E-01  0.13815999403698E+02 -0.10618343468233E+01  0.79866503191452E+01  0.37530507646418E+01 -0.79290392989066E+02  0.25989182460715E-01 -0.15028568897560E+03  0.33831324389577E+00  0.86370024194591E+00  0.30862167259995E+01  0.12943778691231E+00  0.43210134267658E+00  0.20532249857046E+01  0.66954443719618E-01 -0.24092939578515E-04 -0.57474269853811E+01 -0.69548779607091E+00 -0.18196282036373E-02 -0.29694376379304E+01 -0.11872070724813E-04 -0.13081927491589E+00  0.34363717637987E-12 -0.73613105645467E-12 -0.15751012872133E-02 -0.86437644674502E-03 -0.15695524731128E+01  0.32779828679242E-04 -0.29027998676312E+01 -0.33507990206480E-02
   0.94010540983909E+04  0.64252396362005E+03 -0.28736370098273E+03  0.30797350358003E+05 -0.25854300578433E+04  0.95132902836465E+04  0.48744501327985E+04  0.88486925605189E+05  0.47990083581242E+05 -0.40047244616719E+04  0.12248307086848E+04  0.13598913233000E+04  0.76108187474473E+02  0.13815999403698E+02  0.49419347050045E+05 -0.45699006474885E+04  0.31456331261535E+05  0.16363800658464E+05 -0.55558280465514E+05  0.17782333264417E+01  0.28732152236428E+05 -0.14201509632614E+03 -0.43929504161564E+03 -0.47691416872180E+03 -0.47160394668144E+02 -0.16319542986353E+03 -0.45309073884673E+03 -0.26506793932741E+04 -0.17404605050843E+04 -0.24910850123119E+04  0.20532705121113E+04  0.43922728331817E+04 -0.14757947108322E+04 -0.29319782906293E+04 -0.72540320771774E+03  0.20899739823521E+03  0.37825696098546E+03 -0.28298078536668E+04 -0.15094406868208E+04 -0.24424478139943E+04  0.19468173058193E+03 -0.88409330583075E+03 -0.99627264825013E+03
  -0.20869295535665E+04 -0.51095522756447E+02 -0.54833124227190E+01 -0.37080394674823E+04  0.31516934026566E+03 -0.11774637141495E+04 -0.61052316922009E+03 -0.11160178701919E+05 -0.22115869953960E+04  0.48488967289499E+03 -0.13478974869160E+03 -0.18951496416771E+03 -0.12709963182019E+02 -0.10618343468233E+01 -0.45699006474885E+04  0.49047155816030E+03 -0.32738801548739E+04 -0.17758864826856E+04  0.64539478561131E+04 -0.78629397382329E+00 -0.43534570867739E+04  0.15751392289080E+02  0.44009186249167E+02  0.34284931836908E+02  0.51296602251057E+01  0.16861263568086E+02  0.50873562766192E+02  0.48370862908078E+03  0.30309993324937E+03  0.28671387721349E+03 -0.17504553540970E+03 -0.51150349436400E+03  0.15157628436235E+03  0.30030239659646E+03  0.79713329503769E+02 -0.55994941429728E+02 -0.99903751331545E+02  0.42444877913253E+03  0.21130894485332E+03 -0.28904769673606E+03 -0.35133931578546E+02  0.24536224706604E+03  0.27492168871750E+03
   0.92255268437092E+04  0.13730123511650E+03 -0.13598992142195E+03  0.23277118747985E+05 -0.19053735008298E+04  0.72563902487297E+04  0.36161698330393E+04  0.77329456055953E+05  0.14106756661892E+05 -0.30431858139963E+04  0.90360775607933E+03  0.12488083315724E+04  0.72942815434081E+02  0.79866503191452E+01  0.31456331261535E+05 -0.32738801548739E+04  0.22382104014083E+05  0.11959094643286E+05 -0.42262301724012E+05 -0.75044498095524E-01  0.24549943301550E+05 -0.14094135075873E+03 -0.42838992467007E+03 -0.50812587289837E+03 -0.47533079645427E+02 -0.15891412497769E+03 -0.41527970573892E+03 -0.20699250071345E+04 -0.13564873259191E+04 -0.22424587203596E+04  0.19346747991149E+04  0.39007984719361E+04 -0.11144783340353E+04 -0.22189515236410E+04 -0.53087501742623E+03  0.42990791367970E+02  0.87100621854624E+02 -0.21488193079952E+04 -0.11716694542930E+04  0.73651969713463E+03  0.17277508672572E+03 -0.12868552975451E+04 -0.14328785892050E+04
   0.67227440667667E+04  0.70848804579704E+02 -0.13917612471763E+02  0.13061671253772E+05 -0.10825085584092E+04  0.41356009566226E+04  0.20853028888951E+04  0.41958105350477E+05  0.66704037906517E+04 -0.17251277613498E+04  0.49203633356483E+03  0.72790015031089E+03  0.46531466463070E+02  0.37530507646418E+01  0.16363800658464E+05 -0.17758864826856E+04  0.11959094643286E+05  0.64878294136163E+04 -0.23564920226601E+05  0.11041511294368E+01  0.15372438250746E+05 -0.77510171887091E+02 -0.22340672253915E+03 -0.23966982982067E+03 -0.25986977094075E+02 -0.84120245711322E+02 -0.22392041919457E+03 -0.14961622662161E+04 -0.94696936980227E+03 -0.11323787699222E+04  0.92326186928228E+03  0.21656619017305E+04 -0.56451926953243E+03 -0.11255215976581E+04 -0.29299561043301E+03  0.72713770768520E+02  0.13644687972685E+03 -0.13973259639920E+04 -0.73024721407497E+03  0.10689282542614E+04  0.12742500759441E+03 -0.93614605515116E+03 -0.10419343043647E+04
  -0.78639425194456E+07  0.26313284693334E+07 -0.30317741353481E+06 -0.22921455042917E+07  0.49341267340564E+06 -0.49864144621275E+05 -0.24592935773181E+06 -0.59362820284669E+06 -0.26064184168555E+05  0.57224984325239E+05 -0.61408382053992E+04 -0.60413488939062E+04 -0.29025649889142E+03 -0.79290392989066E+02 -0.55558280465514E+05  0.64539478561131E+04 -0.42262301724012E+05 -0.23564920226601E+05  0.34369441392458E+08  0.64216421882923E+04  0.27948487966934E+08 -0.11165220322397E+06 -0.35587587278611E+06 -0.94507056875474E+06 -0.33165685048033E+05 -0.13387726607342E+06 -0.75712786460967E+06  0.34712964712811E+05  0.77102268009405E+05 -0.12456428175642E+04  0.57385131124372E+06  0.28195554594927E+07  0.17288528503600E+05  0.31830595759611E+05  0.21231563920783E+03  0.18686966103075E+06  0.82283682256819E+06  0.24749440196069E+05  0.77785415179329E+04 -0.18722541552164E+05  0.45332761823123E+05  0.20876735047011E+05  0.64817430083478E+05
  -0.13549294650232E+04  0.54582496570179E+03 -0.53445420910480E+02 -0.18939584645460E+03  0.60848683865891E+02  0.58600140833423E+02  0.41626644100540E+01  0.40975109052195E+03 -0.96009728527071E+02 -0.10246671430660E+02  0.28059509983277E+01 -0.48453498052488E+01 -0.41465623468048E+00  0.25989182460715E-01  0.17782333264417E+01 -0.78629397382329E+00 -0.75044498095524E-01  0.11041511294368E+01  0.64216421882923E+04  0.22899219213086E+01  0.57274461111928E+04 -0.17593273128409E+02 -0.57438805840820E+02 -0.17624672478602E+03 -0.34726471261543E+01 -0.17982327161666E+02 -0.13598302178472E+03  0.00000000000000E+00 -0.28057372466157E+02  0.00000000000000E+00  0.00000000000000E+00  0.37036507303168E+03  0.00000000000000E+00 -0.71831222707699E+01  0.00000000000000E+00  0.00000000000000E+00  0.21009733034508E+03  0.00000000000000E+00  0.00000000000000E+00  0.00000000000000E+00  0.13395446148123E+02  0.00000000000000E+00 -0.29355418090311E+02
  -0.86556624896345E+07  0.24717486623254E+07 -0.32881969932305E+06 -0.23560678255271E+07  0.48780637674089E+06 -0.13129023178109E+06 -0.29956721365637E+06 -0.99171682594548E+06  0.12984131474142E+05  0.88950255331521E+05 -0.93601046292030E+04 -0.45946649155914E+04  0.96152420429578E+02 -0.15028568897560E+03  0.28732152236428E+05 -0.43534570867739E+04  0.24549943301550E+05  0.15372438250746E+05  0.27948487966934E+08  0.57274461111928E+04  0.41285917068293E+08 -0.20166663863268E+06 -0.58632868456850E+06 -0.15625509853422E+07 -0.58104254756716E+05 -0.21526044755989E+06 -0.11529837267395E+07  0.00000000000000E+00  0.18110739378542E+06  0.00000000000000E+00  0.00000000000000E+00  0.44662562688206E+07  0.00000000000000E+00 -0.42833995397281E+05  0.00000000000000E+00  0.00000000000000E+00  0.92936713311199E+06  0.00000000000000E+00  0.00000000000000E+00  0.00000000000000E+00 -0.22175933419219E+06  0.00000000000000E+00  0.15072868898138E+06
   0.37235093661859E+05 -0.76307768419158E+04  0.13699397944104E+04  0.13319457752987E+05 -0.24929121833996E+04  0.14844700255996E+04  0.19817201133999E+04  0.18415981374451E+05 -0.35596594258296E+04 -0.83227382510577E+03  0.13294934826222E+03  0.59112915651867E+01  0.24873568094698E+01  0.33831324389577E+00 -0.14201509632614E+03  0.15751392289080E+02 -0.14094135075873E+03 -0.77510171887091E+02 -0.11165220322397E+06 -0.17593273128409E+02 -0.20166663863268E+06  0.12852896746203E+04  0.35367863656792E+04  0.91109969654573E+04  0.35171091725344E+03  0.12483266565526E+04  0.61437926639577E+04 -0.45045084035808E+02 -0.13945334745852E+04  0.45866567035676E+01  0.60504982910523E+03 -0.27365783154245E+05  0.00000000000000E+00 -0.10324818463191E+03  0.00000000000000E+00  0.20073489511214E+04 -0.33959231335353E+04  0.00000000000000E+00  0.00000000000000E+00  0.00000000000000E+00  0.12828653328804E+04 -0.28965250093120E+03 -0.17558710953562E+04
   0.12806310719405E+06 -0.29567230300321E+05  0.47156231623610E+04  0.38942108793963E+05 -0.73039353757327E+04  0.41941601261472E+04  0.56597309318698E+04  0.59695881640727E+05 -0.12114920825626E+05 -0.25450535064083E+04  0.42416076950174E+03  0.16526513284297E+03  0.21916680776259E+02  0.86370024194591E+00 -0.43929504161564E+03  0.44009186249167E+02 -0.42838992467007E+03 -0.22340672253915E+03 -0.35587587278611E+06 -0.57438805840820E+02 -0.58632868456850E+06  0.35367863656792E+04  0.10148644604618E+05  0.25135551412637E+05  0.99830601808760E+03  0.35988799298760E+04  0.17776557549477E+05 -0.14928880638781E+03 -0.36923387389776E+04 -0.13097757531872E+02 -0.55751030753322E+04 -0.78800668931426E+05  0.00000000000000E+00 -0.27214159749245E+03  0.00000000000000E+00  0.30291843863978E+04 -0.11016470835917E+05  0.00000000000000E+00  0.00000000000000E+00  0.00000000000000E+00  0.37204821157152E+04 -0.16918655871353E+04 -0.51703603261255E+04
   0.24076902388059E+06 -0.61617356904567E+05  0.89988391107086E+04  0.94117007804173E+05 -0.18152607359763E+05  0.86636178598115E+04  0.13087265568576E+05  0.10131172693428E+06 -0.19196938104173E+05 -0.47044583359418E+04  0.73557671007479E+03 -0.39509148532034E+03 -0.44298545323216E+02  0.30862167259995E+01 -0.47691416872180E+03  0.34284931836908E+02 -0.50812587289837E+03 -0.23966982982067E+03 -0.94507056875474E+06 -0.17624672478602E+03 -0.15625509853422E+07  0.91109969654573E+04  0.25135551412637E+05  0.71642746392360E+05  0.25599608477801E+04  0.92775427718197E+04  0.46973243193502E+05  0.23186525090194E+03 -0.11605132802105E+05 -0.39512034439889E+01  0.36944494326080E+05 -0.19601893592475E+06  0.00000000000000E+00 -0.87476811537576E+03  0.00000000000000E+00  0.16275394983028E+05 -0.29374747044337E+05  0.00000000000000E+00  0.00000000000000E+00  0.00000000000000E+00  0.64924543010285E+04  0.14492657117350E+04 -0.12493632150806E+05
   0.13104787036851E+05 -0.30845285282012E+04  0.48632604781430E+03  0.43567741123322E+04 -0.77771419008216E+03  0.58605836067679E+03  0.68364990014075E+03  0.64482339165987E+04 -0.12898540997617E+04 -0.28025039585958E+03  0.46024769150484E+02 -0.21595626486447E+02 -0.24210599969273E+01  0.12943778691231E+00 -0.47160394668144E+02  0.51296602251057E+01 -0.47533079645427E+02 -0.25986977094075E+02 -0.33165685048033E+05 -0.34726471261543E+01 -0.58104254756716E+05  0.35171091725344E+03  0.99830601808760E+03  0.25599608477801E+04  0.11743850744089E+03  0.41092159721999E+03  0.18145342787492E+04  0.00000000000000E+00 -0.44123330585026E+03  0.00000000000000E+00  0.00000000000000E+00 -0.89446847861089E+04  0.00000000000000E+00 -0.32302894686299E+02  0.00000000000000E+00  0.00000000000000E+00 -0.72544919229243E+03  0.00000000000000E+00  0.00000000000000E+00  0.00000000000000E+00  0.32642355241473E+02  0.00000000000000E+00 -0.64928148791792E+03
   0.49229420126315E+05 -0.12313127200798E+05  0.18316865593534E+04  0.15555491797403E+05 -0.28161265486882E+04  0.19463496691253E+04  0.23432948201538E+04  0.23528996277166E+05 -0.48869688574515E+04 -0.98117543345869E+03  0.16572339032509E+03 -0.88892874379172E+02 -0.92609226042968E+01  0.43210134267658E+00 -0.16319542986353E+03  0.16861263568086E+02 -0.15891412497769E+03 -0.84120245711322E+02 -0.13387726607342E+06 -0.17982327161666E+02 -0.21526044755989E+06  0.12483266565526E+04  0.35988799298760E+04  0.92775427718197E+04  0.41092159721999E+03  0.14817485908958E+04  0.66246171331238E+04  0.00000000000000E+00 -0.14034829441702E+04  0.00000000000000E+00  0.00000000000000E+00 -0.31811347622743E+05  0.00000000000000E+00 -0.10226954490221E+03  0.00000000000000E+00  0.00000000000000E+00 -0.37732608443509E+04  0.00000000000000E+00  0.00000000000000E+00  0.00000000000000E+00 -0.12723745016250E+02  0.00000000000000E+00 -0.23678420284132E+04
   0.25178152590190E+06 -0.68764405132678E+05  0.94945305229726E+04  0.69865135833089E+05 -0.13768240566701E+05  0.55538269558420E+04  0.93162248576213E+04  0.74382089160687E+05 -0.13820866143703E+05 -0.35838743083020E+04  0.54262016997186E+03 -0.22740591683206E+03 -0.19705435452746E+02  0.20532249857046E+01 -0.45309073884673E+03  0.50873562766192E+02 -0.41527970573892E+03 -0.22392041919457E+03 -0.75712786460967E+06 -0.13598302178472E+03 -0.11529837267395E+07  0.61437926639577E+04  0.17776557549477E+05  0.46973243193502E+05  0.18145342787492E+04  0.66246171331238E+04  0.34561468673489E+05  0.00000000000000E+00 -0.79636939829545E+04  0.00000000000000E+00  0.00000000000000E+00 -0.13900509646814E+06  0.00000000000000E+00 -0.60031157693403E+03  0.00000000000000E+00  0.00000000000000E+00 -0.22949597656510E+05  0.00000000000000E+00  0.00000000000000E+00  0.00000000000000E+00  0.83039298972471E+04  0.00000000000000E+00 -0.85997445536809E+04
  -0.13222836189012E+06  0.16799927899186E+05 -0.46846456826546E+04 -0.12878436250203E+05  0.20032453229496E+04 -0.27790101974659E+04 -0.24896507228014E+04 -0.63028803414479E+05  0.11581531959055E+05  0.27562663595478E+04 -0.46498509285906E+03 -0.11148865852361E+04 -0.16439540334422E+03  0.66954443719618E-01 -0.26506793932741E+04  0.48370862908078E+03 -0.20699250071345E+04 -0.14961622662161E+04  0.34712964712811E+05  0.00000000000000E+00  0.00000000000000E+00 -0.45045084035808E+02 -0.14928880638781E+03  0.23186525090194E+03  0.00000000000000E+00  0.00000000000000E+00  0.00000000000000E+00  0.11693736317799E+06  0.00000000000000E+00  0.00000000000000E+00  0.00000000000000E+00  0.00000000000000E+00  0.00000000000000E+00  0.00000000000000E+00  0.00000000000000E+00  0.00000000000000E+00  0.00000000000000E+00  0.00000000000000E+00  0.00000000000000E+00  0.00000000000000E+00  0.00000000000000E+00  0.00000000000000E+00  0.00000000000000E+00
  -0.56070529472375E+05  0.82954562818123E+04 -0.19880102423456E+04 -0.21333949342424E+05  0.33697806659674E+04 -0.42623330123115E+04 -0.39012343913949E+04 -0.50494398242716E+05  0.10926655687288E+05  0.19021348783959E+04 -0.35047742010945E+03 -0.83032433680462E-01 -0.11335814839151E-01 -0.24092939578515E-04 -0.17404605050843E+04  0.30309993324937E+03 -0.13564873259191E+04 -0.94696936980227E+03  0.77102268009405E+05 -0.28057372466157E+02  0.18110739378542E+06 -0.13945334745852E+04 -0.36923387389776E+04 -0.11605132802105E+05 -0.44123330585026E+03 -0.14034829441702E+04 -0.79636939829545E+04  0.00000000000000E+00  0.64948516900557E+05  0.00000000000000E+00  0.00000000000000E+00  0.00000000000000E+00  0.00000000000000E+00  0.00000000000000E+00  0.00000000000000E+00  0.00000000000000E+00  0.00000000000000E+00  0.00000000000000E+00  0.00000000000000E+00  0.00000000000000E+00  0.00000000000000E+00  0.00000000000000E+00  0.00000000000000E+00
  -0.52515250554313E+04 -0.19544501586217E+03  0.18875384099283E+02 -0.63836302545184E+02 -0.57764960966701E+02  0.15608826720194E+03  0.13991868988718E+03 -0.70189993366081E+05  0.24700363350619E+05  0.73685843872136E+03 -0.33546884243730E+03 -0.68148162418586E+03 -0.26904510972014E+02 -0.57474269853811E+01 -0.24910850123119E+04  0.28671387721349E+03 -0.22424587203596E+04 -0.11323787699222E+04 -0.12456428175642E+04  0.00000000000000E+00  0.00000000000000E+00  0.45866567035676E+01 -0.13097757531872E+02 -0.39512034439889E+01  0.00000000000000E+00  0.00000000000000E+00  0.00000000000000E+00  0.00000000000000E+00  0.00000000000000E+00  0.30813346488826E+05  0.00000000000000E+00  0.00000000000000E+00  0.00000000000000E+00  0.00000000000000E+00  0.00000000000000E+00  0.00000000000000E+00  0.00000000000000E+00  0.00000000000000E+00  0.00000000000000E+00  0.00000000000000E+00  0.00000000000000E+00  0.00000000000000E+00  0.00000000000000E+00
  -0.86773980174925E+06  0.21037036303260E+06 -0.31886126661621E+05 -0.66320137509123E+05  0.11832370255434E+05 -0.86060870081350E+04 -0.99529770643939E+04 -0.29502582310628E+06  0.67083256615213E+05  0.11038686858439E+05 -0.20063696247446E+04 -0.49652325088583E+04 -0.58584173943250E+03 -0.69548779607091E+00  0.20532705121113E+04 -0.17504553540970E+03  0.19346747991149E+04  0.92326186928228E+03  0.57385131124372E+06  0.00000000000000E+00  0.00000000000000E+00  0.60504982910523E+03 -0.55751030753322E+04  0.36944494326080E+05  0.00000000000000E+00  0.00000000000000E+00  0.00000000000000E+00  0.00000000000000E+00  0.00000000000000E+00  0.00000000000000E+00  0.58022748170276E+06  0.00000000000000E+00  0.00000000000000E+00  0.00000000000000E+00  0.00000000000000E+00  0.00000000000000E+00  0.00000000000000E+00  0.00000000000000E+00  0.00000000000000E+00  0.00000000000000E+00  0.00000000000000E+00  0.00000000000000E+00  0.00000000000000E+00
  -0.11256974051817E+07  0.26586913518242E+06 -0.41544053779859E+05 -0.34434563981699E+06  0.62733485707368E+05 -0.42067524601919E+05 -0.51873838048289E+05 -0.57998558912743E+06  0.12753172848742E+06  0.22945085729628E+05 -0.39937684150780E+04 -0.18794849504882E+02 -0.22902158351375E+01 -0.18196282036373E-02  0.43922728331817E+04 -0.51150349436400E+03  0.39007984719361E+04  0.21656619017305E+04  0.28195554594927E+07  0.37036507303168E+03  0.44662562688206E+07 -0.27365783154245E+05 -0.78800668931426E+05 -0.19601893592475E+06 -0.89446847861089E+04 -0.31811347622743E+05 -0.13900509646814E+06  0.00000000000000E+00  0.00000000000000E+00  0.00000000000000E+00  0.00000000000000E+00  0.92280153555302E+06  0.00000000000000E+00  0.00000000000000E+00  0.00000000000000E+00  0.00000000000000E+00  0.00000000000000E+00  0.00000000000000E+00  0.00000000000000E+00  0.00000000000000E+00  0.00000000000000E+00  0.00000000000000E+00  0.00000000000000E+00
  -0.20979440195008E+05  0.57515534275280E+04 -0.80078148893763E+03 -0.13641116736861E+04  0.32133611930292E+03  0.12331251418123E+02 -0.15623267417198E+03 -0.73843657602297E+05  0.22906484836447E+05  0.14972253231284E+04 -0.41908369828126E+03 -0.22374324596819E+04 -0.14134756050670E+03 -0.29694376379304E+01 -0.14757947108322E+04  0.15157628436235E+03 -0.11144783340353E+04 -0.56451926953243E+03  0.17288528503600E+05  0.00000000000000E+00  0.00000000000000E+00  0.00000000000000E+00  0.00000000000000E+00  0.00000000000000E+00  0.00000000000000E+00  0.00000000000000E+00  0.00000000000000E+00  0.00000000000000E+00  0.00000000000000E+00  0.00000000000000E+00  0.00000000000000E+00  0.00000000000000E+00  0.14310923750458E+05  0.00000000000000E+00  0.00000000000000E+00  0.00000000000000E+00  0.00000000000000E+00  0.00000000000000E+00  0.00000000000000E+00  0.00000000000000E+00  0.00000000000000E+00  0.00000000000000E+00  0.00000000000000E+00
  -0.47530269662709E+05  0.13198171461986E+05 -0.18211166039804E+04 -0.24922329413383E+04  0.56682611499482E+03 -0.11604963324761E+02 -0.27786254539365E+03 -0.16613666550846E+06  0.51604517711149E+05  0.33103812573738E+04 -0.94333236241873E+03 -0.69588907537410E+02 -0.18280594555581E+02 -0.11872070724813E-04 -0.29319782906293E+04  0.30030239659646E+03 -0.22189515236410E+04 -0.11255215976581E+04  0.31830595759611E+05 -0.71831222707699E+01 -0.42833995397281E+05 -0.10324818463191E+03 -0.27214159749245E+03 -0.87476811537576E+03 -0.32302894686299E+02 -0.10226954490221E+03 -0.60031157693403E+03  0.00000000000000E+00  0.00000000000000E+00  0.00000000000000E+00  0.00000000000000E+00  0.00000000000000E+00  0.00000000000000E+00  0.31443387946643E+05  0.00000000000000E+00  0.00000000000000E+00  0.00000000000000E+00  0.00000000000000E+00  0.00000000000000E+00  0.00000000000000E+00  0.00000000000000E+00  0.00000000000000E+00  0.00000000000000E+00
  -0.32049558217240E+04  0.42238147606248E+03 -0.10090496652328E+03 -0.70545379920072E+02  0.89346384502696E+01 -0.18920599150375E+02 -0.13180009817036E+02 -0.14067933204404E+04  0.19029746065034E+03  0.43699912408945E+02 -0.10857192529035E+02 -0.77178836094843E+02 -0.62919137283191E+01 -0.13081927491589E+00 -0.72540320771774E+03  0.79713329503769E+02 -0.53087501742623E+03 -0.29299561043301E+03  0.21231563920783E+03  0.00000000000000E+00  0.00000000000000E+00  0.00000000000000E+00  0.00000000000000E+00  0.00000000000000E+00  0.00000000000000E+00  0.00000000000000E+00  0.00000000000000E+00  0.00000000000000E+00  0.00000000000000E+00  0.00000000000000E+00  0.00000000000000E+00  0.00000000000000E+00  0.00000000000000E+00  0.00000000000000E+00  0.37977505802662E+04  0.00000000000000E+00  0.00000000000000E+00  0.00000000000000E+00  0.00000000000000E+00  0.00000000000000E+00  0.00000000000000E+00  0.00000000000000E+00  0.00000000000000E+00
  -0.20470422189430E+06  0.63858716958611E+05 -0.79198259713059E+04 -0.11784896184590E+05  0.29185722143889E+04  0.44947203716063E+03 -0.99883617623245E+03 -0.56657386862878E+04  0.58720720521382E+03  0.55708447767682E+03 -0.45070894032928E+02 -0.20965911037317E+00 -0.14987444899038E+00  0.34363717637987E-12  0.20899739823521E+03 -0.55994941429728E+02  0.42990791367970E+02  0.72713770768520E+02  0.18686966103075E+06  0.00000000000000E+00  0.00000000000000E+00  0.20073489511214E+04  0.30291843863978E+04  0.16275394983028E+05  0.00000000000000E+00  0.00000000000000E+00  0.00000000000000E+00  0.00000000000000E+00  0.00000000000000E+00  0.00000000000000E+00  0.00000000000000E+00  0.00000000000000E+00  0.00000000000000E+00  0.00000000000000E+00  0.00000000000000E+00  0.10624745827015E+06  0.00000000000000E+00  0.00000000000000E+00  0.00000000000000E+00  0.00000000000000E+00  0.00000000000000E+00  0.00000000000000E+00  0.00000000000000E+00
  -0.23098412066588E+06  0.71535228794361E+05 -0.89193344074161E+04 -0.53157218638332E+05  0.12974223476058E+05  0.16788819031761E+04 -0.46626289693373E+04 -0.11159628788198E+05  0.11935502039359E+04  0.10593474341914E+04 -0.88582083700038E+02  0.15926939337455E-02  0.12512821980218E-02 -0.73613105645467E-12  0.37825696098546E+03 -0.99903751331545E+02  0.87100621854624E+02  0.13644687972685E+03  0.82283682256819E+06  0.21009733034508E+03  0.92936713311199E+06 -0.33959231335353E+04 -0.11016470835917E+05 -0.29374747044337E+05 -0.72544919229243E+03 -0.37732608443509E+04 -0.22949597656510E+05  0.00000000000000E+00  0.00000000000000E+00  0.00000000000000E+00  0.00000000000000E+00  0.00000000000000E+00  0.00000000000000E+00  0.00000000000000E+00  0.00000000000000E+00  0.00000000000000E+00  0.13910511687012E+06  0.00000000000000E+00  0.00000000000000E+00  0.00000000000000E+00  0.00000000000000E+00  0.00000000000000E+00  0.00000000000000E+00
