# fitpack15: fit parameters                                                                         
# CJ15 AV18 final data choices                                                                      
# Created on 01/15/2020 at 23:00:15                                                                 

 # QCD setup
  INS                           0
  NVL                          11
  IORD                          1
  Q02                   1.6899999999999999     
  IPARAMC                       7
  FLAVOR                4.0000000000000000     
  xmc                   1.3000000000000000     
  xmb                   4.5000000000000000     
  ncb                          12
  ihq                           1
  ias                           0

 # Theory corrections
  inuke                     10814
  itmc                          1
  iht                           1

 # fit parameters
 LAMBDA       0.22680        0.0000    
 a0uv          2.3425        0.0000    
 a1uv         0.60937       0.20593E-01
 a2uv          3.5439       0.13018E-01
 a3uv          0.0000        0.0000    
 a4uv          3.5982       0.46039    
 a5uv          0.0000        0.0000    
 a0dv          25.605        0.0000    
 a1dv          1.1679       0.33841E-01
 a2dv          6.5651       0.16073    
 a3dv         -3.5155       0.86232E-01
 a4dv          4.6665       0.14099    
 a5dv          0.0000        0.0000    
 a0ud         0.14736       0.50593E-02
 a1ud        -0.20725       0.37533E-02
 a2ud          8.2622       0.19633    
 a3ud          0.0000        0.0000    
 a4ud          14.202        1.2335    
 a5ud          0.0000        0.0000    
 a0du          35712.        0.0000    
 a1du          4.0515       0.77461E-01
 a2du          19.817       0.90380    
 a3du          17.000        0.0000    
 a4du          51.680        11.391    
 a0g           47.718        0.0000    
 a1g          0.61259       0.33303E-01
 a2g           6.9965        1.0617    
 a3g          -3.3352       0.15435    
 a4g           3.3279       0.39209    
 a5g           0.0000        0.0000    
 kappa        0.40000        0.0000    
 a6dv        -0.34892E-02   0.66294E-03
 a7dv          2.0000        0.0000    
 off1         -3.0224        1.7334    
 off2         0.78387E-01   0.25304E-01
 ht1          -3.4521       0.33572    
 ht2           2.0330       0.12225    
 ht3          -2.0425       0.34907E-01
 ht4           0.0000        0.0000    
 ht1n         -3.7947        1.1040    
 ht2n          2.0317       0.35651    
 ht3n         -2.0886       0.66507E-01
 ht4n          0.0000        0.0000    
 dummy44       0.0000        0.0000    
 dummy45       0.0000        0.0000    
 dummy46       0.0000        0.0000    
 dummy47       0.0000        0.0000    
 dummy48       0.0000        0.0000    
 dummy49       0.0000        0.0000    
 bcdmsh2      0.97280       0.48416E-02
 bcdmsd2      0.99240       0.58481E-02
 ccfr          1.0000        0.0000    
 nutev         1.0000        0.0000    
 zeus         0.97998        0.0000    
 h1            1.0162        0.0000    
 e605          1.0319        0.0000    
 NmcH2         1.0082       0.71182E-02
 ntv_nu        1.0000        0.0000    
 ntv_nubar     1.0000        0.0000    
 cdf_jet      0.98910        0.0000    
 d0_jet       0.83504        0.0000    
 slac_p        1.0049       0.50127E-02
 slac_d        1.0034       0.52807E-02
 e866pp       0.96602       0.19358E-01
 e866pd       0.96313       0.16297E-01
 d0_gamjet     1.0389       0.16497E-01
 h1b          0.97608        0.0000    
 jlab_p       0.99265       0.62675E-02
 jlab_d       0.97556       0.59814E-02
 blank         1.0000        0.0000    
 d0run2       0.93972       0.14109E-01
 cdfrun2      0.92657       0.17236E-01
 HERA_el       1.0000        0.0000    
 HERA_ps       1.0000        0.0000    
 CDF_Z        0.96466       0.66033E-02
 NmcRat        1.0000        0.0000    
 BNS_F2nd     0.98473       0.11963E-01
 HERMES_F2p   0.99837       0.56497E-02
 HERMES_F2d   0.97994       0.58258E-02
 END 0. 0.

 # Hessian matrix (Bevington alpha)
   0.49293788981285E+07 -0.12931496278479E+07  0.22874723516734E+06  0.48989146634845E+06 -0.12778042948480E+06 -0.21472548781193E+05  0.57577426074124E+05  0.90873275312967E+06 -0.17548729953258E+06 -0.49014803362660E+05  0.76140333354219E+04  0.15718255942429E+05  0.18036651467622E+04 -0.10885955896009E+03  0.71846998797309E+04 -0.18066936993400E+04  0.84609728686361E+04  0.62625920588646E+04 -0.77824820000034E+07 -0.82267246486350E+02  0.70197130063510E+06  0.51221751651743E+05  0.16588399068998E+06  0.36195740481290E+06  0.17564647751968E+05  0.63002394320348E+05  0.33268515395648E+06 -0.12761012097400E+06 -0.54313797572975E+05 -0.44702430900503E+04 -0.84032252555727E+06 -0.10923076370282E+07 -0.20639899878692E+05 -0.46511456502627E+05 -0.30893004307235E+04 -0.19910785592628E+06 -0.22477743639042E+06 -0.91604135239082E+04 -0.32353770385574E+04 -0.15182536325243E+05  0.16878762019700E+05 -0.70931599669550E+05 -0.56191503428319E+05
  -0.12931496278479E+07  0.41325973567542E+06 -0.61946812843919E+05 -0.13700987593961E+06  0.35476564634566E+05  0.85142790649546E+04 -0.12717361145929E+05 -0.12217993846791E+06  0.26658190795564E+05  0.75904490803450E+04 -0.96833400627985E+03 -0.12659499123442E+04 -0.15109539101488E+03  0.13134229624046E+02  0.66634783570621E+03 -0.50163201687086E+02  0.16742179866492E+03  0.83728677563517E+02  0.26569545220823E+07  0.18874794470749E+03 -0.20642544613824E+06 -0.11825040027778E+05 -0.41239191301969E+05 -0.98863156031804E+05 -0.44801907558442E+04 -0.16655577521938E+05 -0.93974559574195E+05  0.16628095531077E+05  0.82309267263292E+04 -0.23496771432265E+03  0.20915270575487E+06  0.26363266395796E+06  0.58116000314309E+04  0.13247442586919E+05  0.42078614373361E+03  0.63517084718540E+05  0.70927757995513E+05  0.24737565861682E+04  0.78361972645639E+03 -0.23593513299774E+04 -0.22765415033396E+04  0.85450430927286E+04  0.71893609566732E+04
   0.22874723516734E+06 -0.61946812843919E+05  0.10726941956735E+05  0.22909852575460E+05 -0.60719597640179E+04 -0.12425829375128E+04  0.26107618912759E+04  0.31139435988776E+05 -0.58697289402335E+04 -0.19769955946814E+04  0.26523267881740E+03  0.48701407317895E+03  0.64499222596583E+02 -0.48137080144658E+01 -0.39765237974861E+03  0.32629140985336E+01 -0.19455049710944E+03 -0.40031810099273E+02 -0.37624743838589E+06 -0.75754909637196E+01  0.33180719308944E+05  0.23335146453514E+04  0.75705943662229E+04  0.16845934260869E+05  0.80987126416314E+03  0.29119684386079E+04  0.15591934633453E+05 -0.54409217417070E+04 -0.23258834879474E+04  0.46980938250842E+02 -0.38045966263497E+05 -0.49579130331733E+05 -0.97884622012645E+03 -0.22155752349430E+04 -0.11640740399332E+03 -0.96579623138649E+04 -0.10858834776561E+05 -0.42594444848579E+03 -0.14801588985628E+03  0.40441558195071E+02  0.72028565437888E+03 -0.25188921667510E+04 -0.20488375278381E+04
   0.48989146634845E+06 -0.13700987593961E+06  0.22909852575460E+05  0.39708420456212E+06 -0.62930499177020E+05  0.77547794186444E+05  0.66254727191406E+05  0.34369558379542E+06 -0.25168741986787E+05 -0.18400360223877E+05  0.34316107499343E+04 -0.14008674712808E+04 -0.15550548616893E+03  0.56650464021972E+02  0.30179300904061E+05 -0.35909006802977E+04  0.23718012118306E+05  0.13264799298557E+05 -0.23206997114495E+07  0.17240090389970E+03  0.19838284663823E+06  0.17649185359112E+05  0.50547859414993E+05  0.13024789190860E+06  0.57142801203347E+04  0.19837643563107E+05  0.94756706885234E+05 -0.12784877809196E+05 -0.21229096596460E+05 -0.52524114252388E+02 -0.65713384493840E+05 -0.34314315538231E+06 -0.14075439088559E+04 -0.24837219225562E+04 -0.72976048510577E+02 -0.11758094462381E+05 -0.53317867276706E+05 -0.25225238012794E+04 -0.98110986555864E+03 -0.93645020778951E+04 -0.15566072732949E+05 -0.71703152499312E+04 -0.21317903955924E+05
  -0.12778042948480E+06  0.35476564634566E+05 -0.60719597640179E+04 -0.62930499177020E+05  0.11826443769616E+05 -0.81355666976758E+04 -0.96959937548089E+04 -0.32443900963478E+05  0.38905433227499E+03  0.24236919169916E+04 -0.35220549547076E+03 -0.34205892374810E+02  0.46298221588423E+01 -0.50776941430755E+01 -0.25614839400757E+04  0.30830124686899E+03 -0.19673056951829E+04 -0.11136216560221E+04  0.51138595585074E+06 -0.12552994779578E+02 -0.41917661732222E+05 -0.34304944543283E+04 -0.98440389159927E+04 -0.26100656681770E+05 -0.10769883836941E+04 -0.37663248018524E+04 -0.19264632259856E+05  0.20058005523880E+04  0.33836041041853E+04 -0.57416680021579E+02  0.11964360763721E+05  0.63472240438754E+05  0.33818514927631E+03  0.57842128055232E+03  0.94117378393634E+01  0.29864472139586E+04  0.13274103805949E+05  0.48471538652120E+03  0.17926073805999E+03  0.32862673624644E+03  0.24870259722903E+04  0.81847478332145E+03  0.25258607154124E+04
  -0.21472548781193E+05  0.85142790649546E+04 -0.12425829375128E+04  0.77547794186444E+05 -0.81355666976758E+04  0.25449192899570E+05  0.15474206322848E+05  0.10638298600928E+06 -0.94305061824769E+04 -0.47283468380862E+04  0.10438888380161E+04 -0.72781405497256E+03 -0.70389140333828E+02  0.19606059307460E+02  0.93878443167971E+04 -0.11486774747878E+04  0.74574338855093E+04  0.42353171142521E+04 -0.74648312238657E+05  0.83388918654026E+02  0.13023697354789E+05  0.19529618576980E+04  0.54560370309249E+04  0.12051831860243E+05  0.71915772104187E+03  0.23933075318158E+04  0.79834333379190E+04 -0.28898075136759E+04 -0.44578926585405E+04  0.16367401735684E+03 -0.90975157737255E+04 -0.45515052445491E+05 -0.24304407118297E+01 -0.31650533004737E+02 -0.19869965916096E+02  0.35046347927294E+03  0.10861008813550E+04 -0.28248082149637E+03 -0.14157027447156E+03 -0.30694245307115E+04 -0.34297233193282E+04 -0.18865406692125E+04 -0.54632254503446E+04
   0.57577426074124E+05 -0.12717361145929E+05  0.26107618912759E+04  0.66254727191406E+05 -0.96959937548089E+04  0.15474206322848E+05  0.12114943730860E+05  0.59203278868412E+05 -0.30304667453571E+04 -0.33779124861696E+04  0.61244523153763E+03 -0.22637084428306E+03 -0.27799499884047E+02  0.10281365478119E+02  0.48245801576424E+04 -0.59671061920971E+03  0.37363786648354E+04  0.21457831874981E+04 -0.26713633497844E+06  0.52349045448459E+02  0.26688311486903E+05  0.26766204855908E+04  0.75285341273737E+04  0.18641010933562E+05  0.89646298300014E+03  0.30315974706302E+04  0.13205926502040E+05 -0.25545662211665E+04 -0.40166139997358E+04  0.14169190141142E+03 -0.10292960634648E+05 -0.54104871275283E+05 -0.17303485515979E+03 -0.29502631359281E+03 -0.13896224568650E+02 -0.10872608572554E+04 -0.51259241883152E+04 -0.38390319093137E+03 -0.16121738014335E+03 -0.12883752079502E+04 -0.32070621163542E+04 -0.11691940769854E+04 -0.34985599729392E+04
   0.90873275312967E+06 -0.12217993846791E+06  0.31139435988776E+05  0.34369558379542E+06 -0.32443900963478E+05  0.10638298600928E+06  0.59203278868412E+05  0.48994037833627E+07 -0.22946032042179E+07 -0.84555424185640E+05  0.26052483301646E+05  0.26552448034180E+05  0.18083197981894E+04  0.97518004084607E+02  0.80829274307246E+05 -0.10160009842312E+05  0.73415519700964E+05  0.39733536959482E+05 -0.59853558755656E+06  0.54528836494933E+03  0.76699991371612E+05  0.19941972961149E+05  0.63807407947039E+05  0.11058905973206E+06  0.66901701107249E+04  0.24210912012297E+05  0.81163806706039E+05 -0.60105440865489E+05 -0.48517174791754E+05 -0.66335774943930E+05 -0.27996518156206E+06 -0.55642108432437E+06 -0.72151882469425E+05 -0.16139378612243E+06 -0.13120793450076E+04 -0.57654446289522E+04 -0.11245501253353E+05  0.10571246898021E+02  0.15419304949578E+03 -0.25994323921288E+06 -0.86690762839153E+04 -0.13582695286330E+06 -0.16908851177452E+06
  -0.17548729953258E+06  0.26658190795564E+05 -0.58697289402335E+04 -0.25168741986787E+05  0.38905433227499E+03 -0.94305061824769E+04 -0.30304667453571E+04 -0.22946032042179E+07  0.19289823763135E+07  0.18914792819444E+05 -0.65844160935654E+04 -0.57122112506622E+04 -0.31804536670568E+03 -0.13126982360611E+02  0.49771601857844E+05 -0.23424127812102E+04  0.15652448245214E+05  0.74671229953171E+04 -0.26548643452720E+05 -0.96493554476231E+02 -0.50689631160529E+02 -0.36560192225160E+04 -0.12531754675442E+05 -0.18719216039191E+05 -0.12651472941866E+04 -0.48091477688368E+04 -0.13595993140506E+05  0.11416493641749E+05  0.10858962491432E+05  0.24067840771934E+05  0.65589692243530E+05  0.12616374319417E+06  0.23148251712518E+05  0.51863450542581E+05  0.17567180725304E+03  0.60802856232943E+03  0.12244018324119E+04 -0.11833218446680E+04 -0.66778812619126E+03  0.11140323231051E+06  0.16038299629248E+04  0.44102629599059E+05  0.54359038068767E+05
  -0.49014803362660E+05  0.75904490803450E+04 -0.19769955946814E+04 -0.18400360223877E+05  0.24236919169916E+04 -0.47283468380862E+04 -0.33779124861696E+04 -0.84555424185640E+05  0.18914792819444E+05  0.26460475899132E+04 -0.65146624793915E+03 -0.69442127832253E+03 -0.62167488523575E+02 -0.18709020310631E+01 -0.39375894221950E+04  0.46980091236291E+03 -0.31106173606398E+04 -0.17542262417881E+04  0.60059571453608E+05 -0.24299411172892E+02 -0.74263495684311E+04 -0.10175171430568E+04 -0.30430737993102E+04 -0.60728831759612E+04 -0.33220487959852E+03 -0.11478696277739E+04 -0.45568964848748E+04  0.27386733285245E+04  0.19024797243933E+04  0.72657485731747E+03  0.10988630695654E+05  0.23022112863541E+05  0.15306883575507E+04  0.33563082225436E+04  0.42894963801403E+02  0.59157701525365E+03  0.11152342189783E+04  0.13734536184105E+03  0.60879803673745E+02  0.30785429770829E+04  0.44647817492669E+03  0.27826504675025E+04  0.35491021696428E+04
   0.76140333354219E+04 -0.96833400627985E+03  0.26523267881740E+03  0.34316107499343E+04 -0.35220549547076E+03  0.10438888380161E+04  0.61244523153763E+03  0.26052483301646E+05 -0.65844160935654E+04 -0.65146624793915E+03  0.18662717676416E+03  0.20791604709686E+03  0.15381126355886E+02  0.72719532107291E+00  0.12745963854154E+04 -0.13893047440662E+03  0.97247502425700E+03  0.52854460935824E+03 -0.69602303750956E+04  0.46358486243759E+01  0.83294543415054E+03  0.16565785737865E+03  0.51854848456880E+03  0.93956898718434E+03  0.55029602578265E+02  0.19591074511808E+03  0.69071345559509E+03 -0.49607768858866E+03 -0.37554496929777E+03 -0.34510146758289E+03 -0.21255216622546E+04 -0.42795773054733E+04 -0.45122659858510E+03 -0.10098248208437E+04 -0.11306762379841E+02 -0.51855953592869E+02 -0.10089282309991E+03 -0.16188127904357E+02 -0.75388959034770E+01 -0.11717968626943E+04 -0.71559041913749E+02 -0.84739617162014E+03 -0.10634127654187E+04
   0.15718255942429E+05 -0.12659499123442E+04  0.48701407317895E+03 -0.14008674712808E+04 -0.34205892374810E+02 -0.72781405497256E+03 -0.22637084428306E+03  0.26552448034180E+05 -0.57122112506622E+04 -0.69442127832253E+03  0.20791604709686E+03  0.17678577367828E+04  0.11756278471394E+03 -0.11359226001657E+01  0.14466601335856E+04 -0.19800801640679E+03  0.13810505469310E+04  0.79770817790431E+03 -0.67942208752161E+04 -0.43786435043050E+01  0.44111724578222E+03  0.25903228735558E+02  0.24037602861514E+03 -0.33517362309135E+03 -0.19386587807696E+02 -0.83297158584015E+02 -0.17810298250298E+03 -0.11891736712509E+04 -0.38476603798167E-01 -0.73925489742514E+03 -0.52655703319830E+04 -0.88640426814527E+01 -0.24738287643011E+04 -0.79481292135489E+02 -0.82145911402381E+02 -0.27150241387169E+00  0.20731612653849E-02 -0.18395836939339E+01 -0.78626337970773E+00  0.29905611752618E+03  0.33600892197893E+03 -0.28222238229191E+04 -0.20907354323517E+01
   0.18036651467622E+04 -0.15109539101488E+03  0.64499222596583E+02 -0.15550548616893E+03  0.46298221588423E+01 -0.70389140333828E+02 -0.27799499884047E+02  0.18083197981894E+04 -0.31804536670568E+03 -0.62167488523575E+02  0.15381126355886E+02  0.11756278471394E+03  0.10737438928888E+02 -0.18175837505837E+00  0.79793944279119E+02 -0.13157885728802E+02  0.81314579268797E+02  0.51225875374514E+02 -0.32795979654774E+03 -0.47288065532276E+00 -0.11003682814611E+02  0.35615378234253E+01  0.26490312794472E+02 -0.50304268816501E+02 -0.26415518128409E+01 -0.10107380969082E+02 -0.21913616394305E+02 -0.17793857815792E+03 -0.56165454328893E-02 -0.29104431279451E+02 -0.62939419227385E+03 -0.11294117494823E+01 -0.15629252228177E+03 -0.21173784395071E+02 -0.67151899660714E+01 -0.19453443705896E+00  0.15125062762365E-02 -0.19730227167344E+00 -0.76250637214503E-01  0.30198368442816E+02  0.75806216696061E+02 -0.20517415101369E+03 -0.17923124924476E+00
  -0.10885955896009E+03  0.13134229624046E+02 -0.48137080144658E+01  0.56650464021972E+02 -0.50776941430755E+01  0.19606059307460E+02  0.10281365478119E+02  0.97518004084607E+02 -0.13126982360611E+02 -0.18709020310631E+01  0.72719532107291E+00 -0.11359226001657E+01 -0.18175837505837E+00  0.52649928215486E-01  0.14686961205217E+02 -0.11259374608038E+01  0.86528116252686E+01  0.40790908325095E+01 -0.84440028798604E+02  0.53643142827113E-01  0.13093650449412E+02  0.64652752777536E+00  0.16935507161718E+01  0.57241093890553E+01  0.22707649829324E+00  0.74236440785647E+00  0.38574326650571E+01  0.70369647598554E-01 -0.92466740104659E-05 -0.61826995765365E+01 -0.81829938002523E+00 -0.79131489777925E-03 -0.34699230047236E+01 -0.19297955078930E-04 -0.14278220389432E+00  0.26160516288687E-12 -0.77480894747244E-12 -0.17476067672921E-02 -0.95831966563144E-03 -0.16138829274227E+01  0.57919859211737E-04 -0.32508779769281E+01 -0.12747255726839E-02
   0.71846998797309E+04  0.66634783570621E+03 -0.39765237974861E+03  0.30179300904061E+05 -0.25614839400757E+04  0.93878443167971E+04  0.48245801576424E+04  0.80829274307246E+05  0.49771601857844E+05 -0.39375894221950E+04  0.12745963854154E+04  0.14466601335856E+04  0.79793944279119E+02  0.14686961205217E+02  0.48364781654320E+05 -0.43991753747571E+04  0.31495083616782E+05  0.16342144592541E+05 -0.56023188708475E+05 -0.29168123572113E+01 -0.23390361584821E+04 -0.19450652490697E+03 -0.57450326302436E+03 -0.89637479636211E+03 -0.62375708358243E+02 -0.21215772098216E+03 -0.74156616454554E+03 -0.25323991366574E+04 -0.16708845001450E+04 -0.24620237609734E+04  0.20320099816362E+04  0.42784192980144E+04 -0.15145878320528E+04 -0.29553143328551E+04 -0.71220661296998E+03  0.19723474414360E+03  0.35475033981012E+03 -0.27653870582648E+04 -0.14812472773761E+04 -0.24875884538830E+04  0.18343914413559E+03 -0.82593412405235E+03 -0.93150641475738E+03
  -0.18066936993400E+04 -0.50163201687086E+02  0.32629140985336E+01 -0.35909006802977E+04  0.30830124686899E+03 -0.11486774747878E+04 -0.59671061920971E+03 -0.10160009842312E+05 -0.23424127812102E+04  0.46980091236291E+03 -0.13893047440662E+03 -0.19800801640679E+03 -0.13157885728802E+02 -0.11259374608038E+01 -0.43991753747571E+04  0.46484085926961E+03 -0.32486745460446E+04 -0.17554290417140E+04  0.64431843824024E+04 -0.74261771473922E-01  0.35441157146045E+03  0.23155482490385E+02  0.62637782423850E+02  0.98257712407789E+02  0.74843685966431E+01  0.24391221420455E+02  0.94102460086587E+02  0.45864158036095E+03  0.28813784930815E+03  0.28064878178099E+03 -0.17369220417491E+03 -0.49172903043052E+03  0.15350952537211E+03  0.29890868914298E+03  0.77198780471575E+02 -0.52588944934087E+02 -0.93285622685628E+02  0.40982987586204E+03  0.20478229793804E+03 -0.26938087055983E+03 -0.32995981212896E+02  0.23349029734651E+03  0.26178768328257E+03
   0.84609728686361E+04  0.16742179866492E+03 -0.19455049710944E+03  0.23718012118306E+05 -0.19673056951829E+04  0.74574338855093E+04  0.37363786648354E+04  0.73415519700964E+05  0.15652448245214E+05 -0.31106173606398E+04  0.97247502425700E+03  0.13810505469310E+04  0.81314579268797E+02  0.86528116252686E+01  0.31495083616782E+05 -0.32486745460446E+04  0.23125237497631E+05  0.12345270773254E+05 -0.44185240752661E+05 -0.39524923704683E+01 -0.21117044077245E+04 -0.19442908958575E+03 -0.55972140652441E+03 -0.88925541071584E+03 -0.62737310213415E+02 -0.20752078532266E+03 -0.68992535495043E+03 -0.21689003492521E+04 -0.14166975843620E+04 -0.22524991788778E+04  0.19266324646480E+04  0.39406762979893E+04 -0.11629497569478E+04 -0.22757717336711E+04 -0.53910665671363E+03  0.52951155007657E+02  0.10443948622841E+03 -0.22431433320011E+04 -0.12178505003980E+04  0.87998991474510E+03  0.18071707833917E+03 -0.13496520173948E+04 -0.15037059870016E+04
   0.62625920588646E+04  0.83728677563517E+02 -0.40031810099273E+02  0.13264799298557E+05 -0.11136216560221E+04  0.42353171142521E+04  0.21457831874981E+04  0.39733536959482E+05  0.74671229953171E+04 -0.17542262417881E+04  0.52854460935824E+03  0.79770817790431E+03  0.51225875374514E+02  0.40790908325095E+01  0.16342144592541E+05 -0.17554290417140E+04  0.12345270773254E+05  0.66848395502421E+04 -0.24576102993986E+05 -0.12994873866079E+01 -0.13190692990120E+04 -0.10910053075253E+03 -0.30001759828870E+03 -0.47592715153111E+03 -0.35362988005011E+02 -0.11407131444050E+03 -0.39313607910591E+03 -0.15387459346286E+04 -0.97296328549668E+03 -0.11358953132287E+04  0.91760746029296E+03  0.21740648015428E+04 -0.58784692274151E+03 -0.11521913088915E+04 -0.29647438374268E+03  0.77687171393790E+02  0.14448874690235E+03 -0.14432083408718E+04 -0.75261642803680E+03  0.11271539035791E+04  0.13038060970198E+03 -0.96163709741903E+03 -0.10711284310248E+04
  -0.77824820000034E+07  0.26569545220823E+07 -0.37624743838589E+06 -0.23206997114495E+07  0.51138595585074E+06 -0.74648312238657E+05 -0.26713633497844E+06 -0.59853558755656E+06 -0.26548643452720E+05  0.60059571453608E+05 -0.69602303750956E+04 -0.67942208752161E+04 -0.32795979654774E+03 -0.84440028798604E+02 -0.56023188708475E+05  0.64431843824024E+04 -0.44185240752661E+05 -0.24576102993986E+05  0.35336974594350E+08  0.24068937891286E+04 -0.23984893532521E+07 -0.16320171198872E+06 -0.49723702077461E+06 -0.13945994890539E+07 -0.50039570723510E+05 -0.18695646392023E+06 -0.10647314956546E+07  0.35083260428368E+05  0.77910863120678E+05 -0.12436359541323E+04  0.58088248683104E+06  0.28488656929795E+07  0.18149920982668E+05  0.32481281252591E+05  0.23155883535059E+03  0.18905633329231E+06  0.83099916780626E+06  0.25539856688575E+05  0.80406277678358E+04 -0.19456699067203E+05  0.45374126903521E+05  0.21133354210379E+05  0.65406194355055E+05
  -0.82267246486350E+02  0.18874794470749E+03 -0.75754909637196E+01  0.17240090389970E+03 -0.12552994779578E+02  0.83388918654026E+02  0.52349045448459E+02  0.54528836494933E+03 -0.96493554476231E+02 -0.24299411172892E+02  0.46358486243759E+01 -0.43786435043050E+01 -0.47288065532276E+00  0.53643142827113E-01 -0.29168123572113E+01 -0.74261771473922E-01 -0.39524923704683E+01 -0.12994873866079E+01  0.24068937891286E+04  0.16324487673521E+01  0.11514251832359E+02  0.13392558862131E+02  0.31517744442757E+02  0.58424003884527E+02  0.54128216032833E+01  0.14796313950442E+02  0.36272165977605E+02  0.00000000000000E+00 -0.57097435214217E+02  0.00000000000000E+00  0.00000000000000E+00 -0.30409430009500E+03  0.00000000000000E+00 -0.97640679937784E-01  0.00000000000000E+00  0.00000000000000E+00  0.74524748322459E+02  0.00000000000000E+00  0.00000000000000E+00  0.00000000000000E+00  0.37743707736927E+02  0.00000000000000E+00 -0.52774974715453E+02
   0.70197130063510E+06 -0.20642544613824E+06  0.33180719308944E+05  0.19838284663823E+06 -0.41917661732222E+05  0.13023697354789E+05  0.26688311486903E+05  0.76699991371612E+05 -0.50689631160529E+02 -0.74263495684311E+04  0.83294543415054E+03  0.44111724578222E+03 -0.11003682814611E+02  0.13093650449412E+02 -0.23390361584821E+04  0.35441157146045E+03 -0.21117044077245E+04 -0.13190692990120E+04 -0.23984893532521E+07  0.11514251832359E+02  0.28201616439152E+06  0.22569987471333E+05  0.64328360064190E+05  0.18028297168116E+06  0.67099183264302E+04  0.23834229186697E+05  0.12963316236170E+06  0.00000000000000E+00 -0.14567038188120E+05  0.00000000000000E+00  0.00000000000000E+00 -0.36887958584859E+06  0.00000000000000E+00  0.36764457857806E+04  0.00000000000000E+00  0.00000000000000E+00 -0.77843823310378E+05  0.00000000000000E+00  0.00000000000000E+00  0.00000000000000E+00  0.12151292323192E+05  0.00000000000000E+00 -0.12028164970074E+05
   0.51221751651743E+05 -0.11825040027778E+05  0.23335146453514E+04  0.17649185359112E+05 -0.34304944543283E+04  0.19529618576980E+04  0.26766204855908E+04  0.19941972961149E+05 -0.36560192225160E+04 -0.10175171430568E+04  0.16565785737865E+03  0.25903228735558E+02  0.35615378234253E+01  0.64652752777536E+00 -0.19450652490697E+03  0.23155482490385E+02 -0.19442908958575E+03 -0.10910053075253E+03 -0.16320171198872E+06  0.13392558862131E+02  0.22569987471333E+05  0.21486658187563E+04  0.59146474211573E+04  0.15995450100464E+05  0.61084348861417E+03  0.21210095605682E+04  0.10996738105329E+05 -0.49227156246219E+02 -0.17072491966753E+04  0.38065921165120E+01  0.42556009621011E+03 -0.35392136846325E+05  0.00000000000000E+00 -0.19056945124587E+02  0.00000000000000E+00  0.20767407320503E+04 -0.49920201289071E+04  0.00000000000000E+00  0.00000000000000E+00  0.00000000000000E+00  0.15752233118612E+04 -0.33981704824450E+03 -0.20343062401036E+04
   0.16588399068998E+06 -0.41239191301969E+05  0.75705943662229E+04  0.50547859414993E+05 -0.98440389159927E+04  0.54560370309249E+04  0.75285341273737E+04  0.63807407947039E+05 -0.12531754675442E+05 -0.30430737993102E+04  0.51854848456880E+03  0.24037602861514E+03  0.26490312794472E+02  0.16935507161718E+01 -0.57450326302436E+03  0.62637782423850E+02 -0.55972140652441E+03 -0.30001759828870E+03 -0.49723702077461E+06  0.31517744442757E+02  0.64328360064190E+05  0.59146474211573E+04  0.16740340509662E+05  0.44199995919694E+05  0.17165562606633E+04  0.60150754051861E+04  0.31246311961789E+05 -0.15783453785507E+03 -0.45165978593042E+04 -0.26842996841398E+02 -0.63376928090582E+04 -0.10019213018133E+06  0.00000000000000E+00 -0.50230301946907E+02  0.00000000000000E+00  0.29924185776733E+04 -0.15410483287076E+05  0.00000000000000E+00  0.00000000000000E+00  0.00000000000000E+00  0.44743435620339E+04 -0.18953555695332E+04 -0.59441113310772E+04
   0.36195740481290E+06 -0.98863156031804E+05  0.16845934260869E+05  0.13024789190860E+06 -0.26100656681770E+05  0.12051831860243E+05  0.18641010933562E+05  0.11058905973206E+06 -0.18719216039191E+05 -0.60728831759612E+04  0.93956898718434E+03 -0.33517362309135E+03 -0.50304268816501E+02  0.57241093890553E+01 -0.89637479636211E+03  0.98257712407789E+02 -0.88925541071584E+03 -0.47592715153111E+03 -0.13945994890539E+07  0.58424003884527E+02  0.18028297168116E+06  0.15995450100464E+05  0.44199995919694E+05  0.12780888583309E+06  0.46578953339463E+04  0.16370016394442E+05  0.86589011550862E+05  0.24076551083249E+03 -0.14237690497680E+05 -0.50156573780069E+01  0.37256884392237E+05 -0.26215184001144E+06  0.00000000000000E+00 -0.16145957462483E+03  0.00000000000000E+00  0.16160974610721E+05 -0.43490781047733E+05  0.00000000000000E+00  0.00000000000000E+00  0.00000000000000E+00  0.86677542052267E+04  0.14989240243623E+04 -0.14575619168355E+05
   0.17564647751968E+05 -0.44801907558442E+04  0.80987126416314E+03  0.57142801203347E+04 -0.10769883836941E+04  0.71915772104187E+03  0.89646298300014E+03  0.66901701107249E+04 -0.12651472941866E+04 -0.33220487959852E+03  0.55029602578265E+02 -0.19386587807696E+02 -0.26415518128409E+01  0.22707649829324E+00 -0.62375708358243E+02  0.74843685966431E+01 -0.62737310213415E+02 -0.35362988005011E+02 -0.50039570723510E+05  0.54128216032833E+01  0.67099183264302E+04  0.61084348861417E+03  0.17165562606633E+04  0.46578953339463E+04  0.19570115253152E+03  0.67626862033932E+03  0.32968221603842E+04  0.00000000000000E+00 -0.53848171825942E+03  0.00000000000000E+00  0.00000000000000E+00 -0.11433374394504E+05  0.00000000000000E+00 -0.59622790811940E+01  0.00000000000000E+00  0.00000000000000E+00 -0.12627971147836E+04  0.00000000000000E+00  0.00000000000000E+00  0.00000000000000E+00  0.11584868803300E+03  0.00000000000000E+00 -0.72440879746271E+03
   0.63002394320348E+05 -0.16655577521938E+05  0.29119684386079E+04  0.19837643563107E+05 -0.37663248018524E+04  0.23933075318158E+04  0.30315974706302E+04  0.24210912012297E+05 -0.48091477688368E+04 -0.11478696277739E+04  0.19591074511808E+03 -0.83297158584015E+02 -0.10107380969082E+02  0.74236440785647E+00 -0.21215772098216E+03  0.24391221420455E+02 -0.20752078532266E+03 -0.11407131444050E+03 -0.18695646392023E+06  0.14796313950442E+02  0.23834229186697E+05  0.21210095605682E+04  0.60150754051861E+04  0.16370016394442E+05  0.67626862033932E+03  0.23755493455951E+04  0.11620359733122E+05  0.00000000000000E+00 -0.17116742559344E+04  0.00000000000000E+00  0.00000000000000E+00 -0.39662902511256E+05  0.00000000000000E+00 -0.18876313535837E+02  0.00000000000000E+00  0.00000000000000E+00 -0.54273082601546E+04  0.00000000000000E+00  0.00000000000000E+00  0.00000000000000E+00  0.24111636998656E+03  0.00000000000000E+00 -0.26065184972126E+04
   0.33268515395648E+06 -0.93974559574195E+05  0.15591934633453E+05  0.94756706885234E+05 -0.19264632259856E+05  0.79834333379190E+04  0.13205926502040E+05  0.81163806706039E+05 -0.13595993140506E+05 -0.45568964848748E+04  0.69071345559509E+03 -0.17810298250298E+03 -0.21913616394305E+02  0.38574326650571E+01 -0.74156616454554E+03  0.94102460086587E+02 -0.68992535495043E+03 -0.39313607910591E+03 -0.10647314956546E+07  0.36272165977605E+02  0.12963316236170E+06  0.10996738105329E+05  0.31246311961789E+05  0.86589011550862E+05  0.32968221603842E+04  0.11620359733122E+05  0.62473486553405E+05  0.00000000000000E+00 -0.97724674078161E+04  0.00000000000000E+00  0.00000000000000E+00 -0.18455550934893E+06  0.00000000000000E+00 -0.11080199443768E+03  0.00000000000000E+00  0.00000000000000E+00 -0.32502592533803E+05  0.00000000000000E+00  0.00000000000000E+00  0.00000000000000E+00  0.98254199820874E+04  0.00000000000000E+00 -0.10049275882500E+05
  -0.12761012097400E+06  0.16628095531077E+05 -0.54409217417070E+04 -0.12784877809196E+05  0.20058005523880E+04 -0.28898075136759E+04 -0.25545662211665E+04 -0.60105440865489E+05  0.11416493641749E+05  0.27386733285245E+04 -0.49607768858866E+03 -0.11891736712509E+04 -0.17793857815792E+03  0.70369647598554E-01 -0.25323991366574E+04  0.45864158036095E+03 -0.21689003492521E+04 -0.15387459346286E+04  0.35083260428368E+05  0.00000000000000E+00  0.00000000000000E+00 -0.49227156246219E+02 -0.15783453785507E+03  0.24076551083249E+03  0.00000000000000E+00  0.00000000000000E+00  0.00000000000000E+00  0.11636101091218E+06  0.00000000000000E+00  0.00000000000000E+00  0.00000000000000E+00  0.00000000000000E+00  0.00000000000000E+00  0.00000000000000E+00  0.00000000000000E+00  0.00000000000000E+00  0.00000000000000E+00  0.00000000000000E+00  0.00000000000000E+00  0.00000000000000E+00  0.00000000000000E+00  0.00000000000000E+00  0.00000000000000E+00
  -0.54313797572975E+05  0.82309267263292E+04 -0.23258834879474E+04 -0.21229096596460E+05  0.33836041041853E+04 -0.44578926585405E+04 -0.40166139997358E+04 -0.48517174791754E+05  0.10858962491432E+05  0.19024797243933E+04 -0.37554496929777E+03 -0.38476603798167E-01 -0.56165454328893E-02 -0.92466740104659E-05 -0.16708845001450E+04  0.28813784930815E+03 -0.14166975843620E+04 -0.97296328549668E+03  0.77910863120678E+05 -0.57097435214217E+02 -0.14567038188120E+05 -0.17072491966753E+04 -0.45165978593042E+04 -0.14237690497680E+05 -0.53848171825942E+03 -0.17116742559344E+04 -0.97724674078161E+04  0.00000000000000E+00  0.64628508248971E+05  0.00000000000000E+00  0.00000000000000E+00  0.00000000000000E+00  0.00000000000000E+00  0.00000000000000E+00  0.00000000000000E+00  0.00000000000000E+00  0.00000000000000E+00  0.00000000000000E+00  0.00000000000000E+00  0.00000000000000E+00  0.00000000000000E+00  0.00000000000000E+00  0.00000000000000E+00
  -0.44702430900503E+04 -0.23496771432265E+03  0.46980938250842E+02 -0.52524114252388E+02 -0.57416680021579E+02  0.16367401735684E+03  0.14169190141142E+03 -0.66335774943930E+05  0.24067840771934E+05  0.72657485731747E+03 -0.34510146758289E+03 -0.73925489742514E+03 -0.29104431279451E+02 -0.61826995765365E+01 -0.24620237609734E+04  0.28064878178099E+03 -0.22524991788778E+04 -0.11358953132287E+04 -0.12436359541323E+04  0.00000000000000E+00  0.00000000000000E+00  0.38065921165120E+01 -0.26842996841398E+02 -0.50156573780069E+01  0.00000000000000E+00  0.00000000000000E+00  0.00000000000000E+00  0.00000000000000E+00  0.00000000000000E+00  0.30714249440174E+05  0.00000000000000E+00  0.00000000000000E+00  0.00000000000000E+00  0.00000000000000E+00  0.00000000000000E+00  0.00000000000000E+00  0.00000000000000E+00  0.00000000000000E+00  0.00000000000000E+00  0.00000000000000E+00  0.00000000000000E+00  0.00000000000000E+00  0.00000000000000E+00
  -0.84032252555727E+06  0.20915270575487E+06 -0.38045966263497E+05 -0.65713384493840E+05  0.11964360763721E+05 -0.90975157737255E+04 -0.10292960634648E+05 -0.27996518156206E+06  0.65589692243530E+05  0.10988630695654E+05 -0.21255216622546E+04 -0.52655703319830E+04 -0.62939419227385E+03 -0.81829938002523E+00  0.20320099816362E+04 -0.17369220417491E+03  0.19266324646480E+04  0.91760746029296E+03  0.58088248683104E+06  0.00000000000000E+00  0.00000000000000E+00  0.42556009621011E+03 -0.63376928090582E+04  0.37256884392237E+05  0.00000000000000E+00  0.00000000000000E+00  0.00000000000000E+00  0.00000000000000E+00  0.00000000000000E+00  0.00000000000000E+00  0.57781175692554E+06  0.00000000000000E+00  0.00000000000000E+00  0.00000000000000E+00  0.00000000000000E+00  0.00000000000000E+00  0.00000000000000E+00  0.00000000000000E+00  0.00000000000000E+00  0.00000000000000E+00  0.00000000000000E+00  0.00000000000000E+00  0.00000000000000E+00
  -0.10923076370282E+07  0.26363266395796E+06 -0.49579130331733E+05 -0.34314315538231E+06  0.63472240438754E+05 -0.45515052445491E+05 -0.54104871275283E+05 -0.55642108432437E+06  0.12616374319417E+06  0.23022112863541E+05 -0.42795773054733E+04 -0.88640426814527E+01 -0.11294117494823E+01 -0.79131489777925E-03  0.42784192980144E+04 -0.49172903043052E+03  0.39406762979893E+04  0.21740648015428E+04  0.28488656929795E+07 -0.30409430009500E+03 -0.36887958584859E+06 -0.35392136846325E+05 -0.10019213018133E+06 -0.26215184001144E+06 -0.11433374394504E+05 -0.39662902511256E+05 -0.18455550934893E+06  0.00000000000000E+00  0.00000000000000E+00  0.00000000000000E+00  0.00000000000000E+00  0.91790921749338E+06  0.00000000000000E+00  0.00000000000000E+00  0.00000000000000E+00  0.00000000000000E+00  0.00000000000000E+00  0.00000000000000E+00  0.00000000000000E+00  0.00000000000000E+00  0.00000000000000E+00  0.00000000000000E+00  0.00000000000000E+00
  -0.20639899878692E+05  0.58116000314309E+04 -0.97884622012645E+03 -0.14075439088559E+04  0.33818514927631E+03 -0.24304407118297E+01 -0.17303485515979E+03 -0.72151882469425E+05  0.23148251712518E+05  0.15306883575507E+04 -0.45122659858510E+03 -0.24738287643011E+04 -0.15629252228177E+03 -0.34699230047236E+01 -0.15145878320528E+04  0.15350952537211E+03 -0.11629497569478E+04 -0.58784692274151E+03  0.18149920982668E+05  0.00000000000000E+00  0.00000000000000E+00  0.00000000000000E+00  0.00000000000000E+00  0.00000000000000E+00  0.00000000000000E+00  0.00000000000000E+00  0.00000000000000E+00  0.00000000000000E+00  0.00000000000000E+00  0.00000000000000E+00  0.00000000000000E+00  0.00000000000000E+00  0.14769160292453E+05  0.00000000000000E+00  0.00000000000000E+00  0.00000000000000E+00  0.00000000000000E+00  0.00000000000000E+00  0.00000000000000E+00  0.00000000000000E+00  0.00000000000000E+00  0.00000000000000E+00  0.00000000000000E+00
  -0.46511456502627E+05  0.13247442586919E+05 -0.22155752349430E+04 -0.24837219225562E+04  0.57842128055232E+03 -0.31650533004737E+02 -0.29502631359281E+03 -0.16139378612243E+06  0.51863450542581E+05  0.33563082225436E+04 -0.10098248208437E+04 -0.79481292135489E+02 -0.21173784395071E+02 -0.19297955078930E-04 -0.29553143328551E+04  0.29890868914298E+03 -0.22757717336711E+04 -0.11521913088915E+04  0.32481281252591E+05 -0.97640679937784E-01  0.36764457857806E+04 -0.19056945124587E+02 -0.50230301946907E+02 -0.16145957462483E+03 -0.59622790811940E+01 -0.18876313535837E+02 -0.11080199443768E+03  0.00000000000000E+00  0.00000000000000E+00  0.00000000000000E+00  0.00000000000000E+00  0.00000000000000E+00  0.00000000000000E+00  0.31854738195658E+05  0.00000000000000E+00  0.00000000000000E+00  0.00000000000000E+00  0.00000000000000E+00  0.00000000000000E+00  0.00000000000000E+00  0.00000000000000E+00  0.00000000000000E+00  0.00000000000000E+00
  -0.30893004307235E+04  0.42078614373361E+03 -0.11640740399332E+03 -0.72976048510577E+02  0.94117378393634E+01 -0.19869965916096E+02 -0.13896224568650E+02 -0.13120793450076E+04  0.17567180725304E+03  0.42894963801403E+02 -0.11306762379841E+02 -0.82145911402381E+02 -0.67151899660714E+01 -0.14278220389432E+00 -0.71220661296998E+03  0.77198780471575E+02 -0.53910665671363E+03 -0.29647438374268E+03  0.23155883535059E+03  0.00000000000000E+00  0.00000000000000E+00  0.00000000000000E+00  0.00000000000000E+00  0.00000000000000E+00  0.00000000000000E+00  0.00000000000000E+00  0.00000000000000E+00  0.00000000000000E+00  0.00000000000000E+00  0.00000000000000E+00  0.00000000000000E+00  0.00000000000000E+00  0.00000000000000E+00  0.00000000000000E+00  0.37866908172981E+04  0.00000000000000E+00  0.00000000000000E+00  0.00000000000000E+00  0.00000000000000E+00  0.00000000000000E+00  0.00000000000000E+00  0.00000000000000E+00  0.00000000000000E+00
  -0.19910785592628E+06  0.63517084718540E+05 -0.96579623138649E+04 -0.11758094462381E+05  0.29864472139586E+04  0.35046347927294E+03 -0.10872608572554E+04 -0.57654446289522E+04  0.60802856232943E+03  0.59157701525365E+03 -0.51855953592869E+02 -0.27150241387169E+00 -0.19453443705896E+00  0.26160516288687E-12  0.19723474414360E+03 -0.52588944934087E+02  0.52951155007657E+02  0.77687171393790E+02  0.18905633329231E+06  0.00000000000000E+00  0.00000000000000E+00  0.20767407320503E+04  0.29924185776733E+04  0.16160974610721E+05  0.00000000000000E+00  0.00000000000000E+00  0.00000000000000E+00  0.00000000000000E+00  0.00000000000000E+00  0.00000000000000E+00  0.00000000000000E+00  0.00000000000000E+00  0.00000000000000E+00  0.00000000000000E+00  0.00000000000000E+00  0.10590097613242E+06  0.00000000000000E+00  0.00000000000000E+00  0.00000000000000E+00  0.00000000000000E+00  0.00000000000000E+00  0.00000000000000E+00  0.00000000000000E+00
  -0.22477743639042E+06  0.70927757995513E+05 -0.10858834776561E+05 -0.53317867276706E+05  0.13274103805949E+05  0.10861008813550E+04 -0.51259241883152E+04 -0.11245501253353E+05  0.12244018324119E+04  0.11152342189783E+04 -0.10089282309991E+03  0.20731612653849E-02  0.15125062762365E-02 -0.77480894747244E-12  0.35475033981012E+03 -0.93285622685628E+02  0.10443948622841E+03  0.14448874690235E+03  0.83099916780626E+06  0.74524748322459E+02 -0.77843823310378E+05 -0.49920201289071E+04 -0.15410483287076E+05 -0.43490781047733E+05 -0.12627971147836E+04 -0.54273082601546E+04 -0.32502592533803E+05  0.00000000000000E+00  0.00000000000000E+00  0.00000000000000E+00  0.00000000000000E+00  0.00000000000000E+00  0.00000000000000E+00  0.00000000000000E+00  0.00000000000000E+00  0.00000000000000E+00  0.13836112384938E+06  0.00000000000000E+00  0.00000000000000E+00  0.00000000000000E+00  0.00000000000000E+00  0.00000000000000E+00  0.00000000000000E+00
