 Correlated errors added in quadrature with statistical errors
 jl00106F2p           DIS data with   1.69< Q2 < 0.500D+03 and 0.000 < xB < 1.000 and   3.00< W2 < 0.100D+04 and 0.000 < y < 1.000
   GP TMC applied
   HT corrections, multiplicative C=C(xB)
 Correlated errors added in quadrature with statistical errors
 jl00106F2d           DIS data with   1.69< Q2 < 0.500D+03 and 0.000 < xB < 1.000 and   3.00< W2 < 0.100D+04 and 0.000 < y < 1.000
   WBArel smearing  (AV18) - KP-like (baryon conserv.)0 nuke corrections
   GP TMC applied
   HT corrections, multiplicative C=C(xB)
 Correlated errors added in quadrature with statistical errors
 HerF2pCut            DIS data with   1.69< Q2 < 0.500D+03 and 0.000 < xB < 1.000 and   3.00< W2 < 0.100D+04 and 0.000 < y < 1.000
   GP TMC applied
   HT corrections, multiplicative C=C(xB)
 Correlated errors added in quadrature with statistical errors
 HerF2dCut            DIS data with   1.69< Q2 < 0.500D+03 and 0.000 < xB < 1.000 and   3.00< W2 < 0.100D+04 and 0.000 < y < 1.000
   WBArel smearing  (AV18) - KP-like (baryon conserv.)0 nuke corrections
   GP TMC applied
   HT corrections, multiplicative C=C(xB)
 Correlated errors added in quadrature with statistical errors
 slac_p               DIS data with   1.69< Q2 < 0.500D+03 and 0.000 < xB < 1.000 and   3.00< W2 < 0.100D+04 and 0.000 < y < 1.000
   GP TMC applied
   HT corrections, multiplicative C=C(xB)
 Correlated errors added in quadrature with statistical errors
 slac_d               DIS data with   1.69< Q2 < 0.500D+03 and 0.000 < xB < 1.000 and   3.00< W2 < 0.100D+04 and 0.000 < y < 1.000
   WBArel smearing  (AV18) - KP-like (baryon conserv.)0 nuke corrections
   GP TMC applied
   HT corrections, multiplicative C=C(xB)
 Correlated errors treated separately from statistical errors
 BcdF2pCor            DIS data with   1.69< Q2 < 0.500D+03 and 0.000 < xB < 1.000 and   3.00< W2 < 0.100D+04 and 0.000 < y < 1.000
   GP TMC applied
   HT corrections, multiplicative C=C(xB)
 Correlated errors treated separately from statistical errors
 BcdF2dCor            DIS data with   1.69< Q2 < 0.500D+03 and 0.000 < xB < 1.000 and   3.00< W2 < 0.100D+04 and 0.000 < y < 1.000
   WBArel smearing  (AV18) - KP-like (baryon conserv.)0 nuke corrections
   GP TMC applied
   HT corrections, multiplicative C=C(xB)
 Correlated errors treated separately from statistical errors
 NmcF2pCor            DIS data with   1.69< Q2 < 0.500D+03 and 0.000 < xB < 1.000 and   3.00< W2 < 0.100D+04 and 0.000 < y < 1.000
   GP TMC applied
   HT corrections, multiplicative C=C(xB)
 Correlated errors treated separately from statistical errors
 NmcRatCor            DIS data with   1.69< Q2 < 0.500D+03 and 0.000 < xB < 1.000 and   3.00< W2 < 0.100D+04 and 0.000 < y < 1.000
   WBArel smearing  (AV18) - KP-like (baryon conserv.)0 nuke corrections
   GP TMC applied
   HT corrections, multiplicative C=C(xB)
 Correlated errors treated separately from statistical errors
 H2_NC_em             DIS data with   1.69< Q2 < 0.100D+06 and 0.000 < xB < 1.000 and   3.00< W2 < 0.100D+08 and 0.000 < y < 1.000
   GP TMC applied
   HT corrections, multiplicative C=C(xB)
 Correlated errors treated separately from statistical errors
 H2_NC_ep_1           DIS data with   1.69< Q2 < 0.100D+06 and 0.000 < xB < 1.000 and   3.00< W2 < 0.100D+08 and 0.000 < y < 1.000
   GP TMC applied
   HT corrections, multiplicative C=C(xB)
 Correlated errors treated separately from statistical errors
 H2_NC_ep_2           DIS data with   1.69< Q2 < 0.100D+06 and 0.000 < xB < 1.000 and   3.00< W2 < 0.100D+08 and 0.000 < y < 1.000
   GP TMC applied
   HT corrections, multiplicative C=C(xB)
 Correlated errors treated separately from statistical errors
 H2_NC_ep_3           DIS data with   1.69< Q2 < 0.100D+06 and 0.000 < xB < 1.000 and   3.00< W2 < 0.100D+08 and 0.000 < y < 1.000
   GP TMC applied
   HT corrections, multiplicative C=C(xB)
 Correlated errors treated separately from statistical errors
 H2_NC_ep_4           DIS data with   1.69< Q2 < 0.100D+06 and 0.000 < xB < 1.000 and   3.00< W2 < 0.100D+08 and 0.000 < y < 1.000
   GP TMC applied
   HT corrections, multiplicative C=C(xB)
 Correlated errors treated separately from statistical errors
 H2_CC_em             DIS data with   1.69< Q2 < 0.100D+06 and 0.000 < xB < 1.000 and   3.00< W2 < 0.100D+08 and 0.000 < y < 1.000
   GP TMC applied
   HT corrections, multiplicative C=C(xB)
 Correlated errors treated separately from statistical errors
 H2_CC_ep             DIS data with   1.69< Q2 < 0.100D+06 and 0.000 < xB < 1.000 and   3.00< W2 < 0.100D+08 and 0.000 < y < 1.000
   GP TMC applied
   HT corrections, multiplicative C=C(xB)
 Correlated errors added in quadrature with statistical errors
 BNS_F2nd             DIS data with   1.69< Q2 < 0.100D+06 and 0.000 < xB < 1.000 and   3.00< W2 < 0.100D+08 and 0.000 < y < 1.000
   WBArel smearing  (AV18) - KP-like (baryon conserv.)0 nuke corrections
   GP TMC applied
   HT corrections, multiplicative C=C(xB)
 Correlated errors added in quadrature with statistical errors
 e866pp06xf           vector boson data with Q2 >=  36.00
 Correlated errors added in quadrature with statistical errors
 e866pd06xf           vector boson data with Q2 >=  36.00
 Correlated errors added in quadrature with statistical errors
 cdfLasy05            vector boson data with Q2 >=   0.00
 Correlated errors added in quadrature with statistical errors
 d0Lasy_e15           vector boson data with Q2 >=   0.00
 Correlated errors added in quadrature with statistical errors
 d0Lasy13             vector boson data with Q2 >=   0.00
 Correlated errors added in quadrature with statistical errors
 CDF_Wasy             vector boson data with Q2 >=   0.00
 Correlated errors added in quadrature with statistical errors
 D0_Wasy              vector boson data with Q2 >=   0.00
 Correlated errors added in quadrature with statistical errors
 CDF_Z                vector boson data with Q2 >=   0.00
 Correlated errors added in quadrature with statistical errors
 D0_Z                 vector boson data with Q2 >=   0.00
 Correlated errors added in quadrature with statistical errors
 d0run2cone          Jet data - errors added in quadrature
 Correlated errors added in quadrature with statistical errors
 CDFrun2jet          Jet data - errors added in quadrature
 Correlated errors added in quadrature with statistical errors
 d0_gamjet1           Photon data -- cuts to be written yet ...
 Correlated errors added in quadrature with statistical errors
 d0_gamjet2           Photon data -- cuts to be written yet ...
 Correlated errors added in quadrature with statistical errors
 d0_gamjet3           Photon data -- cuts to be written yet ...
 Correlated errors added in quadrature with statistical errors
 d0_gamjet4           Photon data -- cuts to be written yet ...

# fitpack15: fit output
# CJ15 AV18 final data choices                                                 

Parametrization   7 used here

 S-ACOT scheme used  for NC DIS

 charm mass =     1.30 GeV     bottom mass =     4.50 GeV



 THIS IS A NEXT TO LEADING ORDER FIT

 Q02=    1.69
         1  LAMBDA      VALUE=   0.22680      WEIGHT=    0.0000    
         2  a0uv        VALUE=    2.4060      WEIGHT=    0.0000    
         3  a1uv        VALUE=   0.61525      WEIGHT=   0.20094E-01
         4  a2uv        VALUE=    3.5435      WEIGHT=   0.13055E-01
         5  a3uv        VALUE=    0.0000      WEIGHT=    0.0000    
         6  a4uv        VALUE=    3.4611      WEIGHT=   0.43661    
         7  a5uv        VALUE=    0.0000      WEIGHT=    0.0000    
         8  a0dv        VALUE=    24.731      WEIGHT=    0.0000    
         9  a1dv        VALUE=    1.1601      WEIGHT=   0.34654E-01
        10  a2dv        VALUE=    6.5512      WEIGHT=   0.16245    
        11  a3dv        VALUE=   -3.5029      WEIGHT=   0.88887E-01
        12  a4dv        VALUE=    4.6788      WEIGHT=   0.14600    
        13  a5dv        VALUE=    0.0000      WEIGHT=    0.0000    
        14  a0ud        VALUE=   0.14607      WEIGHT=   0.50606E-02
        15  a1ud        VALUE=  -0.20844      WEIGHT=   0.37697E-02
        16  a2ud        VALUE=    8.3284      WEIGHT=   0.19375    
        17  a3ud        VALUE=    0.0000      WEIGHT=    0.0000    
        18  a4ud        VALUE=    14.605      WEIGHT=    1.2744    
        19  a5ud        VALUE=    0.0000      WEIGHT=    0.0000    
        20  a0du        VALUE=    35712.      WEIGHT=    0.0000    
        21  a1du        VALUE=    4.0249      WEIGHT=   0.78893E-01
        22  a2du        VALUE=    20.151      WEIGHT=   0.91058    
        23  a3du        VALUE=    17.000      WEIGHT=    0.0000    
        24  a4du        VALUE=    51.146      WEIGHT=    11.684    
        25  a0g         VALUE=    45.581      WEIGHT=    0.0000    
        26  a1g         VALUE=   0.60287      WEIGHT=   0.31053E-01
        27  a2g         VALUE=    6.4818      WEIGHT=   0.97424    
        28  a3g         VALUE=   -3.3066      WEIGHT=   0.13701    
        29  a4g         VALUE=    3.1721      WEIGHT=   0.31652    
        30  a5g         VALUE=    0.0000      WEIGHT=    0.0000    
        31  kappa       VALUE=   0.40000      WEIGHT=    0.0000    
        32  a6dv        VALUE=  -0.33455E-02  WEIGHT=   0.69382E-03
        33  a7dv        VALUE=    2.0000      WEIGHT=    0.0000    
        34  off1        VALUE=   -3.6857      WEIGHT=    1.8283    
        35  off2        VALUE=   0.57160E-01  WEIGHT=   0.70238E-01
        36  ht1         VALUE=   -3.2857      WEIGHT=   0.30201    
        37  ht2         VALUE=    1.9285      WEIGHT=   0.11458    
        38  ht3         VALUE=   -2.0684      WEIGHT=   0.35646E-01
        39  ht4         VALUE=    0.0000      WEIGHT=    0.0000    
        40  ht1n        VALUE=   -3.2855      WEIGHT=   0.96530    
        41  ht2n        VALUE=    1.9283      WEIGHT=   0.30490    
        42  ht3n        VALUE=   -2.0684      WEIGHT=   0.51943E-01
        43  ht4n        VALUE=    0.0000      WEIGHT=    0.0000    
        44  dummy44     VALUE=    0.0000      WEIGHT=    0.0000    
        45  dummy45     VALUE=    0.0000      WEIGHT=    0.0000    
        46  dummy46     VALUE=    0.0000      WEIGHT=    0.0000    
        47  dummy47     VALUE=    0.0000      WEIGHT=    0.0000    
        48  dummy48     VALUE=    0.0000      WEIGHT=    0.0000    
        49  dummy49     VALUE=    0.0000      WEIGHT=    0.0000    
        50  bcdmsh2     VALUE=   0.97308      WEIGHT=   0.48387E-02
        51  bcdmsd2     VALUE=   0.99316      WEIGHT=   0.58557E-02
        52  ccfr        VALUE=    1.0000      WEIGHT=    0.0000    
        53  nutev       VALUE=    1.0000      WEIGHT=    0.0000    
        54  zeus        VALUE=   0.97998      WEIGHT=    0.0000    
        55  h1          VALUE=    1.0162      WEIGHT=    0.0000    
        56  e605        VALUE=    1.0319      WEIGHT=    0.0000    
        57  NmcH2       VALUE=    1.0095      WEIGHT=   0.71283E-02
        58  ntv_nu      VALUE=    1.0000      WEIGHT=    0.0000    
        59  ntv_nubar   VALUE=    1.0000      WEIGHT=    0.0000    
        60  cdf_jet     VALUE=   0.98910      WEIGHT=    0.0000    
        61  d0_jet      VALUE=   0.83504      WEIGHT=    0.0000    
        62  slac_p      VALUE=    1.0049      WEIGHT=   0.50059E-02
        63  slac_d      VALUE=    1.0042      WEIGHT=   0.53243E-02
        64  e866pp      VALUE=   0.96583      WEIGHT=   0.19318E-01
        65  e866pd      VALUE=   0.96371      WEIGHT=   0.16662E-01
        66  d0_gamjet   VALUE=    1.0389      WEIGHT=   0.16515E-01
        67  h1b         VALUE=   0.97608      WEIGHT=    0.0000    
        68  jlab_p      VALUE=   0.99444      WEIGHT=   0.61930E-02
        69  jlab_d      VALUE=   0.97554      WEIGHT=   0.60063E-02
        70  blank       VALUE=    1.0000      WEIGHT=    0.0000    
        71  d0run2      VALUE=   0.94085      WEIGHT=   0.14371E-01
        72  cdfrun2     VALUE=   0.92648      WEIGHT=   0.17345E-01
        73  HERA_el     VALUE=    1.0000      WEIGHT=    0.0000    
        74  HERA_ps     VALUE=    1.0000      WEIGHT=    0.0000    
        75  CDF_Z       VALUE=   0.96582      WEIGHT=   0.68068E-02
        76  NmcRat      VALUE=    1.0000      WEIGHT=    0.0000    
        77  BNS_F2nd    VALUE=   0.98315      WEIGHT=   0.11560E-01
        78  HERMES_F2p  VALUE=   0.99833      WEIGHT=   0.56545E-02
        79  HERMES_F2d  VALUE=   0.98039      WEIGHT=   0.58335E-02
0THE TOLERANCE IS    0.1000
 THE MAXIMUM NUMBER OF STEPS IS 100
0THE INITIAL CHI SQUARED IS  4.71335E+03
0  STEP  CHI SQUARED    PARAMETER      VALUE         ERROR
 ------------------------------------------------------------
     1    4.70761E+03
                       1  LAMBDA     2.2680E-01       FIX 
                       2  a0uv       2.3319E+00       FIX 
                       3  a1uv       6.0826E-01           
                       4  a2uv       3.5451E+00           
                       5  a3uv       0.0000E+00       FIX 
                       6  a4uv       3.6204E+00           
                       7  a5uv       0.0000E+00       FIX 
                       8  a0dv       2.5568E+01       FIX 
                       9  a1dv       1.1664E+00           
                      10  a2dv       6.5781E+00           
                      11  a3dv      -3.5221E+00           
                      12  a4dv       4.6820E+00           
                      13  a5dv       0.0000E+00       FIX 
                      14  a0ud       1.4629E-01           
                      15  a1ud      -2.0798E-01           
                      16  a2ud       8.2849E+00           
                      17  a3ud       0.0000E+00       FIX 
                      18  a4ud       1.4381E+01           
                      19  a5ud       0.0000E+00       FIX 
                      20  a0du       3.5712E+04       FIX 
                      21  a1du       4.0623E+00           
                      22  a2du       1.9969E+01           
                      23  a3du       1.7000E+01       FIX 
                      24  a4du       5.5073E+01           
                      25  a0g        4.6786E+01       FIX 
                      26  a1g        6.0998E-01           
                      27  a2g        6.9196E+00           
                      28  a3g       -3.3103E+00           
                      29  a4g        3.2761E+00           
                      30  a5g        0.0000E+00       FIX 
                      31  kappa      4.0000E-01       FIX 
                      32  a6dv      -3.4852E-03           
                      33  a7dv       2.0000E+00       FIX 
                      34  off1      -3.1273E+00           
                      35  off2       5.8939E-02           
                      36  ht1       -3.4018E+00           
                      37  ht2        2.0047E+00           
                      38  ht3       -2.0525E+00           
                      39  ht4        0.0000E+00       FIX 
                      40  ht1n      -3.9314E+00           
                      41  ht2n       2.0853E+00           
                      42  ht3n      -2.0784E+00           
                      43  ht4n       0.0000E+00       FIX 
                      44  dummy44    0.0000E+00       FIX 
                      45  dummy45    0.0000E+00       FIX 
                      46  dummy46    0.0000E+00       FIX 
                      47  dummy47    0.0000E+00       FIX 
                      48  dummy48    0.0000E+00       FIX 
                      49  dummy49    0.0000E+00       FIX 
                      50  bcdmsh2    9.7260E-01           
                      51  bcdmsd2    9.9318E-01           
                      52  ccfr       1.0000E+00       FIX 
                      53  nutev      1.0000E+00       FIX 
                      54  zeus       9.7998E-01       FIX 
                      55  h1         1.0162E+00       FIX 
                      56  e605       1.0319E+00       FIX 
                      57  NmcH2      1.0087E+00           
                      58  ntv_nu     1.0000E+00       FIX 
                      59  ntv_nuba   1.0000E+00       FIX 
                      60  cdf_jet    9.8910E-01       FIX 
                      61  d0_jet     8.3504E-01       FIX 
                      62  slac_p     1.0045E+00           
                      63  slac_d     1.0040E+00           
                      64  e866pp     9.6848E-01           
                      65  e866pd     9.6244E-01           
                      66  d0_gamje   1.0393E+00           
                      67  h1b        9.7608E-01       FIX 
                      68  jlab_p     9.9275E-01           
                      69  jlab_d     9.7643E-01           
                      70  blank      1.0000E+00       FIX 
                      71  d0run2     9.4115E-01           
                      72  cdfrun2    9.2765E-01           
                      73  HERA_el    1.0000E+00       FIX 
                      74  HERA_ps    1.0000E+00       FIX 
                      75  CDF_Z      9.6354E-01           
                      76  NmcRat     1.0000E+00       FIX 
                      77  BNS_F2nd   9.8157E-01           
                      78  HERMES_F   9.9814E-01           
                      79  HERMES_F   9.8024E-01           
 ------------------------------------------------------------
     2    4.70759E+03
                       1  LAMBDA     2.2680E-01    0.0000E+00
                       2  a0uv       2.1166E+00    0.0000E+00
                       3  a1uv       5.8616E-01    2.2062E-02
                       4  a2uv       3.5532E+00    1.2251E-02
                       5  a3uv       0.0000E+00    0.0000E+00
                       6  a4uv       4.1240E+00    5.4570E-01
                       7  a5uv       0.0000E+00    0.0000E+00
                       8  a0dv       2.5610E+01    0.0000E+00
                       9  a1dv       1.1643E+00    3.2163E-02
                      10  a2dv       6.6044E+00    1.5800E-01
                      11  a3dv      -3.5463E+00    8.3671E-02
                      12  a4dv       4.7316E+00    1.3752E-01
                      13  a5dv       0.0000E+00    0.0000E+00
                      14  a0ud       1.4404E-01    5.0108E-03
                      15  a1ud      -2.0954E-01    3.7936E-03
                      16  a2ud       8.3441E+00    1.8519E-01
                      17  a3ud       0.0000E+00    0.0000E+00
                      18  a4ud       1.4972E+01    1.1888E+00
                      19  a5ud       0.0000E+00    0.0000E+00
                      20  a0du       3.5712E+04    0.0000E+00
                      21  a1du       4.0790E+00    7.4492E-02
                      22  a2du       2.0006E+01    9.4720E-01
                      23  a3du       1.7000E+01    0.0000E+00
                      24  a4du       5.4208E+01    8.0762E+00
                      25  a0g        4.8843E+01    0.0000E+00
                      26  a1g        6.1602E-01    3.3572E-02
                      27  a2g        7.1645E+00    9.8119E-01
                      28  a3g       -3.3852E+00    1.5962E-01
                      29  a4g        3.4717E+00    4.0464E-01
                      30  a5g        0.0000E+00    0.0000E+00
                      31  kappa      4.0000E-01    0.0000E+00
                      32  a6dv      -3.6395E-03    6.3567E-04
                      33  a7dv       2.0000E+00    0.0000E+00
                      34  off1      -3.1056E+00    1.8046E+00
                      35  off2       5.9360E-02    5.8297E-06
                      36  ht1       -3.5807E+00    3.4834E-01
                      37  ht2        2.0934E+00    1.2257E-01
                      38  ht3       -2.0425E+00    3.5252E-02
                      39  ht4        0.0000E+00    0.0000E+00
                      40  ht1n      -3.8025E+00    1.0235E+00
                      41  ht2n       2.0407E+00    3.2602E-01
                      42  ht3n      -2.0879E+00    5.5016E-02
                      43  ht4n       0.0000E+00    0.0000E+00
                      44  dummy44    0.0000E+00    0.0000E+00
                      45  dummy45    0.0000E+00    0.0000E+00
                      46  dummy46    0.0000E+00    0.0000E+00
                      47  dummy47    0.0000E+00    0.0000E+00
                      48  dummy48    0.0000E+00    0.0000E+00
                      49  dummy49    0.0000E+00    0.0000E+00
                      50  bcdmsh2    9.7120E-01    4.8494E-03
                      51  bcdmsd2    9.9140E-01    5.8060E-03
                      52  ccfr       1.0000E+00    0.0000E+00
                      53  nutev      1.0000E+00    0.0000E+00
                      54  zeus       9.7998E-01    0.0000E+00
                      55  h1         1.0162E+00    0.0000E+00
                      56  e605       1.0319E+00    0.0000E+00
                      57  NmcH2      1.0072E+00    7.1271E-03
                      58  ntv_nu     1.0000E+00    0.0000E+00
                      59  ntv_nuba   1.0000E+00    0.0000E+00
                      60  cdf_jet    9.8910E-01    0.0000E+00
                      61  d0_jet     8.3504E-01    0.0000E+00
                      62  slac_p     1.0033E+00    5.0189E-03
                      63  slac_d     1.0026E+00    5.2769E-03
                      64  e866pp     9.7480E-01    1.9654E-02
                      65  e866pd     9.6508E-01    1.5928E-02
                      66  d0_gamje   1.0379E+00    1.6431E-02
                      67  h1b        9.7608E-01    0.0000E+00
                      68  jlab_p     9.9156E-01    6.2773E-03
                      69  jlab_d     9.7496E-01    5.9804E-03
                      70  blank      1.0000E+00    0.0000E+00
                      71  d0run2     9.4222E-01    1.4089E-02
                      72  cdfrun2    9.2943E-01    1.7247E-02
                      73  HERA_el    1.0000E+00    0.0000E+00
                      74  HERA_ps    1.0000E+00    0.0000E+00
                      75  CDF_Z      9.6084E-01    6.2563E-03
                      76  NmcRat     1.0000E+00    0.0000E+00
                      77  BNS_F2nd   9.8278E-01    1.1215E-02
                      78  HERMES_F   9.9704E-01    5.6626E-03
                      79  HERMES_F   9.7892E-01    5.8102E-03
0 MINIMIZATION TERMINATED WITH STEP  2
  TOLERANCE CRITERION      SATISFIED
0 CHI SQUARED PER DEGREE OF FREEDOM IS  1.046E+00
   1.000 -0.346 -0.982  0.237 -0.022  0.145 -0.304  0.459  0.396 -0.321 -0.542 -0.322 -0.152 -0.134  0.181  0.168  0.026  0.022  0.269 -0.072 -0.004  0.159 -0.291  0.022 -0.049  0.011  0.094  0.307  0.232  0.153  0.294  0.274 -0.434 -0.223  0.087  0.191  0.222 -0.147 -0.121  0.460  0.082  0.256  0.237
  -0.346  1.000  0.487  0.181  0.262 -0.118  0.110 -0.142 -0.134  0.380  0.291  0.211 -0.049  0.170  0.029  0.092 -0.016  0.065 -0.268 -0.154  0.002 -0.621  0.410  0.235  0.173 -0.114  0.017  0.124  0.054  0.038  0.006  0.046  0.136  0.034  0.003  0.139  0.068 -0.057 -0.026 -0.024  0.012  0.060  0.052
  -0.982  0.487  1.000 -0.168  0.084 -0.166  0.312 -0.444 -0.388  0.382  0.579  0.339  0.146  0.161 -0.155 -0.125 -0.014 -0.016 -0.291  0.053  0.007 -0.236  0.324  0.035  0.069 -0.034 -0.095 -0.202 -0.155 -0.095 -0.196 -0.179  0.485  0.276 -0.076 -0.101 -0.139  0.106  0.089 -0.376 -0.069 -0.164 -0.152
   0.237  0.181 -0.168  1.000  0.835 -0.634  0.068  0.145  0.101 -0.033 -0.154  0.266 -0.133  0.098  0.276  0.126 -0.192  0.137  0.231  0.154  0.017 -0.060 -0.052  0.100 -0.230  0.178  0.055  0.273  0.195  0.116  0.243  0.214  0.044 -0.072  0.045  0.187  0.173 -0.040 -0.054  0.234  0.011  0.236  0.207
  -0.022  0.262  0.084  0.835  1.000 -0.878  0.559 -0.081 -0.095  0.196  0.143  0.164  0.002  0.209  0.192  0.126 -0.195  0.165 -0.139  0.157  0.017 -0.006 -0.076  0.054 -0.193  0.081  0.124  0.171  0.109  0.115  0.131  0.047  0.127  0.026  0.017  0.093 -0.013 -0.018 -0.029  0.115 -0.054  0.143  0.089
   0.145 -0.118 -0.166 -0.634 -0.878  1.000 -0.771  0.262  0.252 -0.189 -0.312 -0.033 -0.026 -0.333 -0.138 -0.128  0.220 -0.200  0.023 -0.036 -0.019 -0.005  0.054 -0.024  0.229 -0.135 -0.081 -0.076 -0.050 -0.132 -0.049 -0.007 -0.176 -0.153  0.015 -0.025  0.026 -0.006  0.006 -0.052 -0.034 -0.082 -0.060
  -0.304  0.110  0.312  0.068  0.559 -0.771  1.000 -0.393 -0.357  0.416  0.555 -0.207  0.218  0.255 -0.029  0.099 -0.080  0.123 -0.340 -0.037  0.010  0.067 -0.077 -0.019 -0.109 -0.011  0.112 -0.014 -0.003  0.123 -0.027 -0.080  0.199  0.262 -0.037 -0.036 -0.119 -0.017 -0.010 -0.016 -0.002  0.004 -0.014
   0.459 -0.142 -0.444  0.145 -0.081  0.262 -0.393  1.000  0.967 -0.407 -0.827  0.031 -0.098 -0.217 -0.086 -0.037  0.173 -0.124  0.138  0.077 -0.005  0.035 -0.085  0.021 -0.069  0.059  0.037  0.224  0.191  0.150  0.209  0.212 -0.104 -0.088  0.087  0.145  0.190  0.025  0.015  0.330  0.000  0.192  0.185
   0.396 -0.134 -0.388  0.101 -0.095  0.252 -0.357  0.967  1.000 -0.361 -0.775  0.024 -0.083 -0.204 -0.193 -0.107  0.217 -0.178  0.115  0.073 -0.006  0.036 -0.073  0.007 -0.062  0.054  0.036  0.172  0.148  0.127  0.156  0.157 -0.109 -0.099  0.075  0.105  0.143  0.042  0.026  0.260 -0.009  0.143  0.136
  -0.321  0.380  0.382 -0.033  0.196 -0.189  0.416 -0.407 -0.361  1.000  0.724 -0.185  0.421 -0.004 -0.060 -0.143 -0.169  0.046 -0.255  0.171  0.002  0.008  0.116 -0.139  0.026 -0.017  0.080 -0.080  0.004  0.017 -0.027 -0.012  0.030 -0.031 -0.006  0.020 -0.031  0.125  0.078 -0.170 -0.223 -0.003  0.034
  -0.542  0.291  0.579 -0.154  0.143 -0.312  0.555 -0.827 -0.775  0.724  1.000 -0.113  0.273  0.164 -0.031 -0.032 -0.085  0.023 -0.234 -0.048 -0.000 -0.017  0.076 -0.053  0.111 -0.135  0.048 -0.017  0.033  0.071  0.050  0.049  0.348  0.375 -0.072  0.067  0.010 -0.049 -0.051 -0.090 -0.081  0.063  0.092
  -0.322  0.211  0.339  0.266  0.164 -0.033 -0.207  0.031  0.024 -0.185 -0.113  1.000 -0.597  0.044  0.032 -0.129 -0.046 -0.054  0.043  0.080 -0.001 -0.111  0.147  0.042 -0.079  0.083 -0.083 -0.036 -0.054 -0.038 -0.023 -0.056  0.317 -0.008 -0.007 -0.008 -0.018  0.081  0.048 -0.140  0.019  0.019 -0.079
  -0.152 -0.049  0.146 -0.133  0.002 -0.026  0.218 -0.098 -0.083  0.421  0.273 -0.597  1.000  0.036 -0.148 -0.048  0.137 -0.098 -0.146  0.289  0.016  0.235 -0.238 -0.132 -0.145  0.159  0.168  0.018  0.033  0.021  0.017  0.025  0.126  0.049  0.011  0.025  0.016 -0.043 -0.029 -0.059 -0.198 -0.017  0.029
  -0.134  0.170  0.161  0.098  0.209 -0.333  0.255 -0.217 -0.204 -0.004  0.164  0.044  0.036  1.000  0.051  0.121 -0.196  0.206 -0.017 -0.141  0.035 -0.107  0.080  0.035  0.019  0.030 -0.102  0.098 -0.065  0.178  0.072 -0.041  0.207  0.100  0.015  0.073 -0.027  0.036  0.026 -0.075  0.087  0.101 -0.030
   0.181  0.029 -0.155  0.276  0.192 -0.138 -0.029 -0.086 -0.193 -0.060 -0.031  0.032 -0.148  0.051  1.000  0.715 -0.769  0.817  0.098 -0.026  0.012 -0.077  0.076  0.073 -0.001  0.029 -0.105  0.104  0.080 -0.037  0.117  0.150 -0.095 -0.062  0.032  0.087  0.131 -0.018  0.007  0.116  0.083  0.121  0.131
   0.168  0.092 -0.125  0.126  0.126 -0.128  0.099 -0.037 -0.107 -0.143 -0.032 -0.129 -0.048  0.121  0.715  1.000 -0.401  0.792 -0.006 -0.053  0.032 -0.223  0.136  0.270 -0.033  0.050 -0.199  0.169  0.122  0.079  0.177  0.257  0.001  0.110  0.026  0.134  0.255 -0.271 -0.141  0.218  0.210  0.178  0.210
   0.026 -0.016 -0.014 -0.192 -0.195  0.220 -0.080  0.173  0.217 -0.169 -0.085 -0.046  0.137 -0.196 -0.769 -0.401  1.000 -0.858 -0.066  0.011 -0.004  0.004 -0.171  0.144 -0.051 -0.024  0.094  0.143  0.112  0.150  0.130  0.122  0.228  0.257 -0.019  0.099  0.123 -0.317 -0.241  0.242  0.043  0.079  0.076
   0.022  0.065 -0.016  0.137  0.165 -0.200  0.123 -0.124 -0.178  0.046  0.023 -0.054 -0.098  0.206  0.817  0.792 -0.858  1.000  0.012 -0.021  0.022 -0.142  0.228  0.045  0.011  0.060 -0.193 -0.076 -0.066 -0.089 -0.069 -0.011 -0.188 -0.160  0.026 -0.052  0.003  0.099  0.118 -0.127  0.080 -0.026 -0.001
   0.269 -0.268 -0.291  0.231 -0.139  0.023 -0.340  0.138  0.115 -0.255 -0.234  0.043 -0.146 -0.017  0.098 -0.006 -0.066  0.012  1.000 -0.235 -0.006 -0.075  0.037  0.057 -0.235  0.285 -0.052  0.084  0.087  0.028  0.083  0.194 -0.081 -0.059  0.016  0.064  0.258 -0.021 -0.021  0.124  0.127  0.088  0.145
  -0.072 -0.154  0.053  0.154  0.157 -0.036 -0.037  0.077  0.073  0.171 -0.048  0.080  0.289 -0.141 -0.026 -0.053  0.011 -0.021 -0.235  1.000  0.017  0.244 -0.076 -0.163 -0.424  0.222  0.255 -0.100  0.080 -0.078 -0.001 -0.059  0.024 -0.147  0.024 -0.022 -0.013  0.083  0.056 -0.157 -0.459 -0.053 -0.027
  -0.004  0.002  0.007  0.017  0.017 -0.019  0.010 -0.005 -0.006  0.002 -0.000 -0.001  0.016  0.035  0.012  0.032 -0.004  0.022 -0.006  0.017  1.000 -0.034  0.042  0.049  0.011 -0.021 -0.030  0.007  0.001  0.003  0.005 -0.005  0.008  0.002  0.003 -0.010 -0.007 -0.005 -0.002 -0.006  0.031  0.008 -0.003
   0.159 -0.621 -0.236 -0.060 -0.006 -0.005  0.067  0.035  0.036  0.008 -0.017 -0.111  0.235 -0.107 -0.077 -0.223  0.004 -0.142 -0.075  0.244 -0.034  1.000 -0.801 -0.453 -0.302  0.208  0.234 -0.029  0.003  0.023  0.027 -0.041  0.042  0.018  0.006 -0.115 -0.087  0.082  0.027  0.024 -0.192 -0.021 -0.016
  -0.291  0.410  0.324 -0.052 -0.076  0.054 -0.077 -0.085 -0.073  0.116  0.076  0.147 -0.238  0.080  0.076  0.136 -0.171  0.228  0.037 -0.076  0.042 -0.801  1.000  0.091  0.266 -0.217 -0.243 -0.146 -0.103 -0.110  0.004 -0.011 -0.095 -0.100 -0.013  0.066  0.044  0.101  0.104 -0.225 -0.058 -0.002 -0.053
   0.022  0.235  0.035  0.100  0.054 -0.024 -0.019  0.021  0.007 -0.139 -0.053  0.042 -0.132  0.035  0.073  0.270  0.144  0.045  0.057 -0.163  0.049 -0.453  0.091  1.000  0.026  0.049 -0.660  0.159  0.077  0.045 -0.184  0.096  0.063  0.111  0.005 -0.271  0.093 -0.194 -0.124  0.149  0.585 -0.028  0.073
  -0.049  0.173  0.069 -0.230 -0.193  0.229 -0.109 -0.069 -0.062  0.026  0.111 -0.079 -0.145  0.019 -0.001 -0.033 -0.051  0.011 -0.235 -0.424  0.011 -0.302  0.266  0.026  1.000 -0.863 -0.080  0.012 -0.013  0.020  0.049 -0.043 -0.024  0.103 -0.019  0.117 -0.257  0.019  0.010  0.040  0.029  0.048 -0.032
   0.011 -0.114 -0.034  0.178  0.081 -0.135 -0.011  0.059  0.054 -0.017 -0.135  0.083  0.159  0.030  0.029  0.050 -0.024  0.060  0.285  0.222 -0.021  0.208 -0.217  0.049 -0.863  1.000 -0.205 -0.081 -0.072 -0.074 -0.170  0.083 -0.036 -0.200  0.022 -0.180  0.242  0.036  0.038 -0.144  0.249 -0.140  0.028
   0.094  0.017 -0.095  0.055  0.124 -0.081  0.112  0.037  0.036  0.080  0.048 -0.083  0.168 -0.102 -0.105 -0.199  0.094 -0.193 -0.052  0.255 -0.030  0.234 -0.243 -0.660 -0.080 -0.205  1.000  0.058  0.183  0.080  0.228 -0.006  0.044  0.047 -0.002  0.360  0.026 -0.043 -0.048  0.126 -0.706  0.124  0.053
   0.307  0.124 -0.202  0.273  0.171 -0.076 -0.014  0.224  0.172 -0.080 -0.017 -0.036  0.018  0.098  0.104  0.169  0.143 -0.076  0.084 -0.100  0.007 -0.029 -0.146  0.159  0.012 -0.081  0.058  1.000  0.487  0.390  0.665  0.609  0.369  0.472  0.056  0.513  0.507 -0.244 -0.212  0.626  0.093  0.593  0.550
   0.232  0.054 -0.155  0.195  0.109 -0.050 -0.003  0.191  0.148  0.004  0.033 -0.054  0.033 -0.065  0.080  0.122  0.112 -0.066  0.087  0.080  0.001  0.003 -0.103  0.077 -0.013 -0.072  0.183  0.487  1.000  0.324  0.546  0.648  0.306  0.426  0.038  0.417  0.531 -0.193 -0.170  0.532 -0.087  0.496  0.571
   0.153  0.038 -0.095  0.116  0.115 -0.132  0.123  0.150  0.127  0.017  0.071 -0.038  0.021  0.178 -0.037  0.079  0.150 -0.089  0.028 -0.078  0.003  0.023 -0.110  0.045  0.020 -0.074  0.080  0.390  0.324  1.000  0.440  0.407  0.326  0.411  0.030  0.336  0.327 -0.167 -0.144  0.448  0.034  0.427  0.398
   0.294  0.006 -0.196  0.243  0.131 -0.049 -0.027  0.209  0.156 -0.027  0.050 -0.023  0.017  0.072  0.117  0.177  0.130 -0.069  0.083 -0.001  0.005  0.027  0.004 -0.184  0.049 -0.170  0.228  0.665  0.546  0.440  1.000  0.739  0.445  0.567  0.052  0.763  0.622 -0.250 -0.225  0.677 -0.124  0.755  0.652
   0.274  0.046 -0.179  0.214  0.047 -0.007 -0.080  0.212  0.157 -0.012  0.049 -0.056  0.025 -0.041  0.150  0.257  0.122 -0.011  0.194 -0.059 -0.005 -0.041 -0.011  0.096 -0.043  0.083 -0.006  0.609  0.648  0.407  0.739  1.000  0.400  0.546  0.046  0.550  0.813 -0.272 -0.228  0.660  0.074  0.659  0.791
  -0.434  0.136  0.485  0.044  0.127 -0.176  0.199 -0.104 -0.109  0.030  0.348  0.317  0.126  0.207 -0.095  0.001  0.228 -0.188 -0.081  0.024  0.008  0.042 -0.095  0.063 -0.024 -0.036  0.044  0.369  0.306  0.326  0.445  0.400  1.000  0.716 -0.020  0.343  0.331 -0.187 -0.165  0.315  0.013  0.419  0.376
  -0.223  0.034  0.276 -0.072  0.026 -0.153  0.262 -0.088 -0.099 -0.031  0.375 -0.008  0.049  0.100 -0.062  0.110  0.257 -0.160 -0.059 -0.147  0.002  0.018 -0.100  0.111  0.103 -0.200  0.047  0.472  0.426  0.411  0.567  0.546  0.716  1.000 -0.028  0.421  0.432 -0.274 -0.229  0.539  0.079  0.519  0.530
   0.087  0.003 -0.076  0.045  0.017  0.015 -0.037  0.087  0.075 -0.006 -0.072 -0.007  0.011  0.015  0.032  0.026 -0.019  0.026  0.016  0.024  0.003  0.006 -0.013  0.005 -0.019  0.022 -0.002  0.056  0.038  0.030  0.052  0.046 -0.020 -0.028  1.000  0.039  0.041  0.013  0.009  0.042 -0.003  0.048  0.038
   0.191  0.139 -0.101  0.187  0.093 -0.025 -0.036  0.145  0.105  0.020  0.067 -0.008  0.025  0.073  0.087  0.134  0.099 -0.052  0.064 -0.022 -0.010 -0.115  0.066 -0.271  0.117 -0.180  0.360  0.513  0.417  0.336  0.763  0.550  0.343  0.421  0.039  1.000  0.476 -0.198 -0.174  0.508 -0.160  0.583  0.491
   0.222  0.068 -0.139  0.173 -0.013  0.026 -0.119  0.190  0.143 -0.031  0.010 -0.018  0.016 -0.027  0.131  0.255  0.123  0.003  0.258 -0.013 -0.007 -0.087  0.044  0.093 -0.257  0.242  0.026  0.507  0.531  0.327  0.622  0.813  0.331  0.432  0.041  0.476  1.000 -0.245 -0.197  0.534  0.043  0.546  0.654
  -0.147 -0.057  0.106 -0.040 -0.018 -0.006 -0.017  0.025  0.042  0.125 -0.049  0.081 -0.043  0.036 -0.018 -0.271 -0.317  0.099 -0.021  0.083 -0.005  0.082  0.101 -0.194  0.019  0.036 -0.043 -0.244 -0.193 -0.167 -0.250 -0.272 -0.187 -0.274  0.013 -0.198 -0.245  1.000  0.278 -0.353 -0.107 -0.223 -0.230
  -0.121 -0.026  0.089 -0.054 -0.029  0.006 -0.010  0.015  0.026  0.078 -0.051  0.048 -0.029  0.026  0.007 -0.141 -0.241  0.118 -0.021  0.056 -0.002  0.027  0.104 -0.124  0.010  0.038 -0.048 -0.212 -0.170 -0.144 -0.225 -0.228 -0.165 -0.229  0.009 -0.174 -0.197  0.278  1.000 -0.289 -0.068 -0.199 -0.198
   0.460 -0.024 -0.376  0.234  0.115 -0.052 -0.016  0.330  0.260 -0.170 -0.090 -0.140 -0.059 -0.075  0.116  0.218  0.242 -0.127  0.124 -0.157 -0.006  0.024 -0.225  0.149  0.040 -0.144  0.126  0.626  0.532  0.448  0.677  0.660  0.315  0.539  0.042  0.508  0.534 -0.353 -0.289  1.000  0.107  0.622  0.621
   0.082  0.012 -0.069  0.011 -0.054 -0.034 -0.002  0.000 -0.009 -0.223 -0.081  0.019 -0.198  0.087  0.083  0.210  0.043  0.080  0.127 -0.459  0.031 -0.192 -0.058  0.585  0.029  0.249 -0.706  0.093 -0.087  0.034 -0.124  0.074  0.013  0.079 -0.003 -0.160  0.043 -0.107 -0.068  0.107  1.000 -0.041  0.038
   0.256  0.060 -0.164  0.236  0.143 -0.082  0.004  0.192  0.143 -0.003  0.063  0.019 -0.017  0.101  0.121  0.178  0.079 -0.026  0.088 -0.053  0.008 -0.021 -0.002 -0.028  0.048 -0.140  0.124  0.593  0.496  0.427  0.755  0.659  0.419  0.519  0.048  0.583  0.546 -0.223 -0.199  0.622 -0.041  1.000  0.602
   0.237  0.052 -0.152  0.207  0.089 -0.060 -0.014  0.185  0.136  0.034  0.092 -0.079  0.029 -0.030  0.131  0.210  0.076 -0.001  0.145 -0.027 -0.003 -0.016 -0.053  0.073 -0.032  0.028  0.053  0.550  0.571  0.398  0.652  0.791  0.376  0.530  0.038  0.491  0.654 -0.230 -0.198  0.621  0.038  0.602  1.000

0                ***   ***   ***  ***   ***   ***



     X        Q2         W2       THEORY        error         DATA           ERROR        chi^2     _w    ITYPE
.4831E+00     3.585  0.472E+01   0.17928E+00   0.71277E-03   0.18590E+00    0.56080E-02   -1.39         jl00106F2p          
.4904E+00     3.624  0.465E+01   0.17435E+00   0.68561E-03   0.18170E+00    0.55227E-02   -1.77         jl00106F2p          
.4978E+00     3.663  0.458E+01   0.16939E+00   0.65840E-03   0.17590E+00    0.53000E-02   -1.51         jl00106F2p          
.5052E+00     3.702  0.451E+01   0.16449E+00   0.63154E-03   0.16780E+00    0.50774E-02   -0.43         jl00106F2p          
.5127E+00     3.740  0.444E+01   0.15958E+00   0.60472E-03   0.16030E+00    0.48549E-02   -0.02         jl00106F2p          
.5202E+00     3.779  0.437E+01   0.15472E+00   0.57833E-03   0.15490E+00    0.47707E-02   -0.00         jl00106F2p          
.5278E+00     3.818  0.430E+01   0.14986E+00   0.55208E-03   0.15390E+00    0.46872E-02   -0.74         jl00106F2p          
.5355E+00     3.857  0.423E+01   0.14501E+00   0.52606E-03   0.14960E+00    0.45486E-02   -1.02         jl00106F2p          
.5433E+00     3.895  0.416E+01   0.14017E+00   0.50038E-03   0.13750E+00    0.42438E-02    0.40         jl00106F2p          
.5511E+00     3.934  0.409E+01   0.13540E+00   0.47545E-03   0.13020E+00    0.40224E-02    1.67         jl00106F2p          
.5590E+00     3.973  0.402E+01   0.13065E+00   0.45108E-03   0.12690E+00    0.40224E-02    0.87         jl00106F2p          
.5669E+00     4.012  0.395E+01   0.12598E+00   0.42772E-03   0.12380E+00    0.39408E-02    0.31         jl00106F2p          
.5749E+00     4.051  0.388E+01   0.12134E+00   0.40522E-03   0.12040E+00    0.38013E-02    0.06         jl00106F2p          
.5830E+00     4.089  0.381E+01   0.11674E+00   0.38381E-03   0.11930E+00    0.38013E-02   -0.45         jl00106F2p          
.5912E+00     4.128  0.374E+01   0.11217E+00   0.36369E-03   0.11430E+00    0.35805E-02   -0.35         jl00106F2p          
.5995E+00     4.167  0.367E+01   0.10766E+00   0.34507E-03   0.10560E+00    0.33601E-02    0.37         jl00106F2p          
.6000E+00     4.169  0.366E+01   0.10738E+00   0.34400E-03   0.10820E+00    0.31765E-02   -0.07         jl00106F2p          
.6097E+00     4.214  0.358E+01   0.10223E+00   0.32480E-03   0.10210E+00    0.30017E-02    0.00         jl00106F2p          
.6195E+00     4.259  0.350E+01   0.97165E-01   0.30829E-03   0.97600E-01    0.28653E-02   -0.02         jl00106F2p          
.6293E+00     4.304  0.342E+01   0.92238E-01   0.29481E-03   0.89300E-01    0.26420E-02    1.24         jl00106F2p          
.6393E+00     4.349  0.334E+01   0.87360E-01   0.28426E-03   0.86400E-01    0.25554E-02    0.14         jl00106F2p          
.6494E+00     4.395  0.325E+01   0.82583E-01   0.27678E-03   0.79900E-01    0.24187E-02    1.23         jl00106F2p          
.6597E+00     4.440  0.317E+01   0.77877E-01   0.27224E-03   0.76600E-01    0.23324E-02    0.30         jl00106F2p          
.6700E+00     4.485  0.309E+01   0.73324E-01   0.27031E-03   0.76100E-01    0.23324E-02   -1.42         jl00106F2p          
.6804E+00     4.530  0.301E+01   0.68888E-01   0.27052E-03   0.73900E-01    0.22472E-02   -4.97         jl00106F2p          
.5300E+00     3.995  0.442E+01   0.14687E+00   0.53874E-03   0.15580E+00    0.52498E-02   -2.89         jl00106F2p          
.5379E+00     4.039  0.435E+01   0.14188E+00   0.51239E-03   0.14340E+00    0.48918E-02   -0.10         jl00106F2p          
.5458E+00     4.082  0.428E+01   0.13697E+00   0.48673E-03   0.13850E+00    0.47508E-02   -0.10         jl00106F2p          
.5538E+00     4.125  0.421E+01   0.13208E+00   0.46155E-03   0.13450E+00    0.46755E-02   -0.27         jl00106F2p          
.5619E+00     4.168  0.413E+01   0.12721E+00   0.43696E-03   0.13210E+00    0.45343E-02   -1.16         jl00106F2p          
.5700E+00     4.211  0.406E+01   0.12244E+00   0.41338E-03   0.12320E+00    0.43186E-02   -0.03         jl00106F2p          
.5782E+00     4.255  0.399E+01   0.11770E+00   0.39070E-03   0.11910E+00    0.41773E-02   -0.11         jl00106F2p          
.5865E+00     4.298  0.391E+01   0.11299E+00   0.36908E-03   0.11650E+00    0.41037E-02   -0.73         jl00106F2p          
.5948E+00     4.341  0.384E+01   0.10839E+00   0.34897E-03   0.11300E+00    0.40311E-02   -1.31         jl00106F2p          
