# fitpack15: fit parameters                                                                         
# CJ15 AV18 final data choices                                                                      
# Created on 01/15/2020 at 21:44:06                                                                 

 # QCD setup
  INS                           0
  NVL                          11
  IORD                          1
  Q02                   1.6899999999999999     
  IPARAMC                       7
  FLAVOR                4.0000000000000000     
  xmc                   1.3000000000000000     
  xmb                   4.5000000000000000     
  ncb                          12
  ihq                           1
  ias                           0

 # Theory corrections
  inuke                     10814
  itmc                          1
  iht                           1

 # fit parameters
 LAMBDA       0.22680        0.0000    
 a0uv          2.1166        0.0000    
 a1uv         0.58616       0.22062E-01
 a2uv          3.5532       0.12251E-01
 a3uv          0.0000        0.0000    
 a4uv          4.1240       0.54570    
 a5uv          0.0000        0.0000    
 a0dv          25.610        0.0000    
 a1dv          1.1643       0.32163E-01
 a2dv          6.6044       0.15800    
 a3dv         -3.5463       0.83671E-01
 a4dv          4.7316       0.13752    
 a5dv          0.0000        0.0000    
 a0ud         0.14404       0.50108E-02
 a1ud        -0.20954       0.37936E-02
 a2ud          8.3441       0.18519    
 a3ud          0.0000        0.0000    
 a4ud          14.972        1.1888    
 a5ud          0.0000        0.0000    
 a0du          35712.        0.0000    
 a1du          4.0790       0.74492E-01
 a2du          20.006       0.94720    
 a3du          17.000        0.0000    
 a4du          54.208        8.0762    
 a0g           48.843        0.0000    
 a1g          0.61602       0.33572E-01
 a2g           7.1645       0.98119    
 a3g          -3.3852       0.15962    
 a4g           3.4717       0.40464    
 a5g           0.0000        0.0000    
 kappa        0.40000        0.0000    
 a6dv        -0.36395E-02   0.63567E-03
 a7dv          2.0000        0.0000    
 off1         -3.1056        1.8046    
 off2         0.59360E-01   0.58297E-05
 ht1          -3.5807       0.34834    
 ht2           2.0934       0.12257    
 ht3          -2.0425       0.35252E-01
 ht4           0.0000        0.0000    
 ht1n         -3.8025        1.0235    
 ht2n          2.0407       0.32602    
 ht3n         -2.0879       0.55016E-01
 ht4n          0.0000        0.0000    
 dummy44       0.0000        0.0000    
 dummy45       0.0000        0.0000    
 dummy46       0.0000        0.0000    
 dummy47       0.0000        0.0000    
 dummy48       0.0000        0.0000    
 dummy49       0.0000        0.0000    
 bcdmsh2      0.97120       0.48494E-02
 bcdmsd2      0.99140       0.58060E-02
 ccfr          1.0000        0.0000    
 nutev         1.0000        0.0000    
 zeus         0.97998        0.0000    
 h1            1.0162        0.0000    
 e605          1.0319        0.0000    
 NmcH2         1.0072       0.71271E-02
 ntv_nu        1.0000        0.0000    
 ntv_nubar     1.0000        0.0000    
 cdf_jet      0.98910        0.0000    
 d0_jet       0.83504        0.0000    
 slac_p        1.0033       0.50189E-02
 slac_d        1.0026       0.52769E-02
 e866pp       0.97480       0.19654E-01
 e866pd       0.96508       0.15928E-01
 d0_gamjet     1.0379       0.16431E-01
 h1b          0.97608        0.0000    
 jlab_p       0.99156       0.62773E-02
 jlab_d       0.97496       0.59804E-02
 blank         1.0000        0.0000    
 d0run2       0.94222       0.14089E-01
 cdfrun2      0.92943       0.17247E-01
 HERA_el       1.0000        0.0000    
 HERA_ps       1.0000        0.0000    
 CDF_Z        0.96084       0.62563E-02
 NmcRat        1.0000        0.0000    
 BNS_F2nd     0.98278       0.11215E-01
 HERMES_F2p   0.99704       0.56626E-02
 HERMES_F2d   0.97892       0.58102E-02
 END 0. 0.

 # Hessian matrix (Bevington alpha)
   0.50637333633138E+07 -0.13108769714269E+07  0.20872243092174E+06  0.49326354830791E+06 -0.12735566934732E+06 -0.26510265500847E+05  0.55011146037753E+05  0.95085403511284E+06 -0.17941699727273E+06 -0.49510461823240E+05  0.74560761788942E+04  0.15307247603941E+05  0.17355424683669E+04 -0.10425991306253E+03  0.82581080827704E+04 -0.19297958702193E+04  0.81392260987316E+04  0.60659295549606E+04 -0.78693342149480E+07 -0.12967002999688E+04 -0.50312513376947E+08  0.42093158291738E+05  0.14094912204034E+06  0.28199365258960E+06  0.14713678333824E+05  0.53983510816901E+05  0.27946957433341E+06 -0.13007533937828E+06 -0.55138861294489E+05 -0.48950847558544E+04 -0.85477166750489E+06 -0.11075137010095E+07 -0.20802477180203E+05 -0.46970547962676E+05 -0.31479621999509E+04 -0.20184894347033E+06 -0.22756151322456E+06 -0.91673856805508E+04 -0.32350215161467E+04 -0.16867734103483E+05  0.16962317963727E+05 -0.72793602183492E+05 -0.57386927967395E+05
  -0.13108769714269E+07  0.41393138966185E+06 -0.55448434264366E+05 -0.13605392409772E+06  0.34845902610051E+05  0.98560156042778E+04 -0.11786680118167E+05 -0.12361144429758E+06  0.26376784314886E+05  0.74612075884520E+04 -0.91740461753244E+03 -0.12104881503953E+04 -0.14245266348601E+03  0.12554774055841E+02  0.68203686355751E+03 -0.53653231007038E+02  0.16882638943051E+03  0.84232181581231E+02  0.26586334831231E+07  0.53181183017878E+03  0.14361647751815E+08 -0.90537189980200E+04 -0.33438974973052E+05 -0.73844044394058E+05 -0.35798429830891E+04 -0.13782610184184E+05 -0.77123597862387E+05  0.16703550791939E+05  0.82461063706052E+04 -0.21621682567042E+03  0.20945457300474E+06  0.26426942037235E+06  0.57659870877025E+04  0.13179437743637E+05  0.42020007327373E+03  0.63566673631288E+05  0.71120744788867E+05  0.24416223720699E+04  0.77291907763641E+03 -0.22733290499531E+04 -0.22565099310951E+04  0.86081009106720E+04  0.72266030267068E+04
   0.20872243092174E+06 -0.55448434264366E+05  0.86770117772665E+04  0.20284479268100E+05 -0.53439803468379E+04 -0.13433399147567E+04  0.21941937393062E+04  0.29277377234872E+05 -0.53769538862159E+04 -0.17909541603422E+04  0.23350795131873E+03  0.44122979374796E+03  0.57118406734531E+02 -0.42201274179835E+01 -0.34255707081157E+03 -0.39153283532157E+00 -0.17031494098084E+03 -0.31988083935117E+02 -0.33493568531988E+06 -0.56762367555136E+02 -0.20938642392435E+07  0.16980043331092E+04  0.56933215911309E+04  0.11584587723910E+05  0.59988150399548E+03  0.22065055532117E+04  0.11579379790195E+05 -0.49974755295871E+04 -0.21240408404815E+04  0.31366345346374E+02 -0.34397160098188E+05 -0.44750448688932E+05 -0.87277039761294E+03 -0.19786368799613E+04 -0.10716460962447E+03 -0.86169117424339E+04 -0.96917546110789E+04 -0.37807398419024E+03 -0.13174330566505E+03 -0.24566419765958E+02  0.65531940496707E+03 -0.23466473762253E+04 -0.18967916466407E+04
   0.49326354830791E+06 -0.13605392409772E+06  0.20284479268100E+05  0.39818481367284E+06 -0.62470883820726E+05  0.76520010623481E+05  0.65465489570133E+05  0.35337688764259E+06 -0.26601994243060E+05 -0.18280969483017E+05  0.32929521958342E+04 -0.14012572549775E+04 -0.15167607564921E+03  0.53722530888252E+02  0.30556897583415E+05 -0.36507997888671E+04  0.22515441574785E+05  0.12619672966037E+05 -0.23157618919153E+07 -0.17642649664371E+03 -0.13805793276944E+08  0.14817785187724E+05  0.42933988795929E+05  0.10651896134443E+06  0.48402358825163E+04  0.17042356731018E+05  0.78489347344147E+05 -0.12820326384314E+05 -0.21219804134239E+05 -0.54576298681517E+02 -0.65962934231787E+05 -0.34228254270640E+06 -0.13702396652071E+04 -0.24795946745315E+04 -0.70503921389892E+02 -0.11731292075435E+05 -0.52895625827235E+05 -0.24909936236331E+04 -0.96791408921819E+03 -0.96152462160831E+04 -0.15783876100730E+05 -0.72110436690476E+04 -0.21356050626472E+05
  -0.12735566934732E+06  0.34845902610051E+05 -0.53439803468379E+04 -0.62470883820726E+05  0.11606976588282E+05 -0.78264207412044E+04 -0.94345585989830E+04 -0.32911279177160E+05  0.46644559072571E+03  0.23815853094622E+04 -0.33318302587364E+03 -0.23036702522647E+02  0.49409133106341E+01 -0.47882048386610E+01 -0.25717410992206E+04  0.31058354483077E+03 -0.18492135821085E+04 -0.10488178375452E+04  0.50376244649162E+06  0.58998558808647E+02  0.29707886127259E+07 -0.28098464407470E+04 -0.81574370881024E+04 -0.20805313572486E+05 -0.88341067360824E+03 -0.31424158812487E+04 -0.15621886819081E+05  0.20009663516240E+04  0.33663580066004E+04 -0.58371039259872E+02  0.11864391844253E+05  0.62803337950787E+05  0.32574623248783E+03  0.56944278349743E+03  0.89656411262265E+01  0.29365706316996E+04  0.13039571554124E+05  0.47332516129310E+03  0.17515327838231E+03  0.35128863728334E+03  0.25053316446741E+04  0.81574992007220E+03  0.25132882133604E+04
  -0.26510265500847E+05  0.98560156042778E+04 -0.13433399147567E+04  0.76520010623481E+05 -0.78264207412044E+04  0.25398607012713E+05  0.15261177574889E+05  0.10965700451628E+06 -0.10073410031530E+05 -0.46715082301240E+04  0.10027574419335E+04 -0.72213982699376E+03 -0.68554394744669E+02  0.18581500869871E+02  0.95283961570437E+04 -0.11710115234883E+04  0.70744283628312E+04  0.40290563922930E+04 -0.59175855493948E+05  0.58807513756366E+02 -0.55777816261411E+06  0.16684936224550E+04  0.46964192997893E+04  0.10017761782094E+05  0.63607440550045E+03  0.21193579644583E+04  0.65269197450888E+04 -0.28355837349336E+04 -0.43459207690950E+04  0.16191126539112E+03 -0.88447638698507E+04 -0.43359351879108E+05  0.75720817140097E+01 -0.19192273671055E+02 -0.19228782976686E+02  0.41409431823856E+03  0.14998414537890E+04 -0.26560575023246E+03 -0.13473531841791E+03 -0.31476140734815E+04 -0.33918119578168E+04 -0.18893357945070E+04 -0.54328918459451E+04
   0.55011146037753E+05 -0.11786680118167E+05  0.21941937393062E+04  0.65465489570133E+05 -0.94345585989830E+04  0.15261177574889E+05  0.11864266016645E+05  0.60641175159866E+05 -0.33100957091036E+04 -0.33267173390998E+04  0.58421179237425E+03 -0.23297628060777E+03 -0.27433166150571E+02  0.97238405595380E+01  0.48778411595015E+04 -0.60581841678566E+03  0.35253447040249E+04  0.20301249370997E+04 -0.25618508571256E+06  0.51206206386840E+01 -0.17330924032719E+07  0.22332311106310E+04  0.63384001220715E+04  0.15079336161604E+05  0.76141391006306E+03  0.25945581751138E+04  0.10725311550404E+05 -0.25231832144150E+04 -0.39517379450946E+04  0.14256666487139E+03 -0.10116373182061E+05 -0.52715011397026E+05 -0.16173542616966E+03 -0.28431049687370E+03 -0.13363726263229E+02 -0.10311289487366E+04 -0.48103852152751E+04 -0.36999095020689E+03 -0.15579396530752E+03 -0.13292398557525E+04 -0.31959468269128E+04 -0.11663727269761E+04 -0.34724634225351E+04
   0.95085403511284E+06 -0.12361144429758E+06  0.29277377234872E+05  0.35337688764259E+06 -0.32911279177160E+05  0.10965700451628E+06  0.60641175159866E+05  0.51573103911479E+07 -0.23550703800952E+07 -0.86827361089296E+05  0.25985260207455E+05  0.26064477161252E+05  0.17720725079847E+04  0.91680666562824E+02  0.84975128291918E+05 -0.10691353327111E+05  0.72562652882009E+05  0.39381797777784E+05 -0.59982924980283E+06  0.40315707019900E+03 -0.44769555135125E+07  0.19684315256915E+05  0.63098159137923E+05  0.11110892083585E+06  0.67181996648888E+04  0.24329148076300E+05  0.81357266399314E+05 -0.61813618104935E+05 -0.49508216259282E+05 -0.68571402919247E+05 -0.28873331134070E+06 -0.56864314370119E+06 -0.73086858238238E+05 -0.16386215030403E+06 -0.13652260175743E+04 -0.56872901967016E+04 -0.11177458501775E+05  0.12825324784159E+03  0.21369374575442E+03 -0.26767784484618E+06 -0.87246572256583E+04 -0.14065312476961E+06 -0.17355692245868E+06
  -0.17941699727273E+06  0.26376784314886E+05 -0.53769538862159E+04 -0.26601994243060E+05  0.46644559072571E+03 -0.10073410031530E+05 -0.33100957091036E+04 -0.23550703800952E+07  0.19281323172506E+07  0.19088071990449E+05 -0.64613811165569E+04 -0.55120966250847E+04 -0.30584452354334E+03 -0.12336834746427E+02  0.48743967800630E+05 -0.22745476162915E+04  0.14405017146564E+05  0.67980765763610E+04 -0.26495756851144E+05 -0.94373652146706E+02 -0.22329048079002E+06 -0.38221852080306E+04 -0.12866799366370E+05 -0.21057634846283E+05 -0.13409675396557E+04 -0.50392174189264E+04 -0.15151599914667E+05  0.11497603275104E+05  0.10836439168896E+05  0.24382044364593E+05  0.66355470506891E+05  0.12636535127893E+06  0.22940933472136E+05  0.51502902580599E+05  0.18300201333439E+03  0.58840100854023E+03  0.11954556501581E+04 -0.12131819119424E+04 -0.68223869470471E+03  0.11202386677908E+06  0.15810462333451E+04  0.44657150601737E+05  0.54559566527510E+05
  -0.49510461823240E+05  0.74612075884520E+04 -0.17909541603422E+04 -0.18280969483017E+05  0.23815853094622E+04 -0.46715082301240E+04 -0.33267173390998E+04 -0.86827361089296E+05  0.19088071990449E+05  0.26381724985239E+04 -0.62892157254268E+03 -0.66283508405720E+03 -0.59201677925391E+02 -0.16894535096673E+01 -0.39640494237997E+04  0.47595065352556E+03 -0.29311575072703E+04 -0.16595884098380E+04  0.58741992488482E+05 -0.10468027726643E+02  0.48597607364993E+06 -0.91146929090298E+03 -0.27587752844854E+04 -0.53136970102256E+04 -0.30206618804630E+03 -0.10507759587822E+04 -0.40197215204781E+04  0.27419333680164E+04  0.18936128574435E+04  0.73077907511788E+03  0.10992373764399E+05  0.22879999818314E+05  0.15070245069135E+04  0.33182516182546E+04  0.43224841495083E+02  0.56927085366347E+03  0.10799828389081E+04  0.13278249927219E+03  0.58866639809910E+02  0.31022373301688E+04  0.43907409550770E+03  0.28077527662920E+04  0.35523121666692E+04
   0.74560761788942E+04 -0.91740461753244E+03  0.23350795131873E+03  0.32929521958342E+04 -0.33318302587364E+03  0.10027574419335E+04  0.58421179237425E+03  0.25985260207455E+05 -0.64613811165569E+04 -0.62892157254268E+03  0.17516150917156E+03  0.19224931840977E+03  0.14160979434398E+02  0.64233730596277E+00  0.12454142829659E+04 -0.13632905705509E+03  0.89526430874321E+03  0.48740086697125E+03 -0.65240681724981E+04  0.29043853653114E+01 -0.48085365909224E+05  0.14933368120862E+03  0.47094925895689E+03  0.84890130316834E+03  0.50492728861669E+02  0.18047640211143E+03  0.62426668152179E+03 -0.47814437575092E+03 -0.35990556029744E+03 -0.33948727245429E+03 -0.20567455717221E+04 -0.41031226340557E+04 -0.43205369943678E+03 -0.96921697556828E+03 -0.11042538543336E+02 -0.47712010491256E+02 -0.93536788079115E+02 -0.14549147681728E+02 -0.67659425272150E+01 -0.11485877549185E+04 -0.67436439936802E+02 -0.82948725010673E+03 -0.10314651489765E+04
   0.15307247603941E+05 -0.12104881503953E+04  0.44122979374796E+03 -0.14012572549775E+04 -0.23036702522647E+02 -0.72213982699376E+03 -0.23297628060777E+03  0.26064477161252E+05 -0.55120966250847E+04 -0.66283508405720E+03  0.19224931840977E+03  0.15950215947922E+04  0.10655883653322E+03 -0.12242727435890E+01  0.13760667304489E+04 -0.19007465847889E+03  0.12238323337337E+04  0.71349560143526E+03 -0.62627949448194E+04 -0.48445079408010E+01 -0.12443032320076E+06  0.54107238091657E+01  0.17076443422326E+03 -0.42839718896841E+03 -0.22446435867749E+02 -0.91594136075456E+02 -0.24808931429833E+03 -0.11322162590274E+04 -0.58151753426046E-01 -0.69369546100694E+03 -0.50236607338122E+04 -0.13270504863712E+02 -0.22958835773232E+04 -0.72479939703336E+02 -0.78117367756624E+02 -0.22807168592698E+00  0.15095652255650E-02 -0.17312347926421E+01 -0.74043486979852E+00  0.28529401133357E+03  0.31437566050378E+03 -0.26876948050731E+04 -0.33229763564946E+01
   0.17355424683669E+04 -0.14245266348601E+03  0.57118406734531E+02 -0.15167607564921E+03  0.49409133106341E+01 -0.68554394744669E+02 -0.27433166150571E+02  0.17720725079847E+04 -0.30584452354334E+03 -0.59201677925391E+02  0.14160979434398E+02  0.10655883653322E+03  0.97093846018166E+01 -0.16845452940924E+00  0.76625672043514E+02 -0.12698721647205E+02  0.71006592993348E+02  0.45372167439118E+02 -0.30120242221023E+03 -0.41937194269419E+00 -0.15496642502443E+05  0.24840329980021E+01  0.22483364744589E+02 -0.48417717292922E+02 -0.25355237979340E+01 -0.96714446890673E+01 -0.22017599864810E+02 -0.16766690649146E+03 -0.81465133933056E-02 -0.27368422898748E+02 -0.59550714992922E+03 -0.16526872417646E+01 -0.14517800406476E+03 -0.19130456935991E+02 -0.63787505302594E+01 -0.16317735854394E+00  0.11710205586762E-02 -0.18443664674467E+00 -0.71460959395600E-01  0.28662535680549E+02  0.70496858796995E+02 -0.19544764458050E+03 -0.27349554346509E+00
  -0.10425991306253E+03  0.12554774055841E+02 -0.42201274179835E+01  0.53722530888252E+02 -0.47882048386610E+01  0.18581500869871E+02  0.97238405595380E+01  0.91680666562824E+02 -0.12336834746427E+02 -0.16894535096673E+01  0.64233730596277E+00 -0.12242727435890E+01 -0.16845452940924E+00  0.45773267056509E-01  0.13584521654812E+02 -0.10381362313611E+01  0.76800240804625E+01  0.36036657612506E+01 -0.79404118739345E+02  0.26772520091465E-01 -0.86910689258400E+03  0.37976471546778E+00  0.97428495840871E+00  0.34429676261238E+01  0.14198339907302E+00  0.47374387137858E+00  0.22989014946672E+01  0.65525385577669E-01 -0.14607897265062E-04 -0.55935932785628E+01 -0.65386661612005E+00 -0.11160007487414E-02 -0.28923756650764E+01 -0.10571165925571E-04 -0.12677696174481E+00  0.22812221505670E-12 -0.13628207100737E-12 -0.15311050927584E-02 -0.84105867482592E-03 -0.15796672615788E+01  0.28448528343303E-04 -0.27811933437859E+01 -0.20445228812762E-02
   0.82581080827704E+04  0.68203686355751E+03 -0.34255707081157E+03  0.30556897583415E+05 -0.25717410992206E+04  0.95283961570437E+04  0.48778411595015E+04  0.84975128291918E+05  0.48743967800630E+05 -0.39640494237997E+04  0.12454142829659E+04  0.13760667304489E+04  0.76625672043514E+02  0.13584521654812E+02  0.49052008265116E+05 -0.45039102322544E+04  0.30459361475096E+05  0.15815645219548E+05 -0.56160665879827E+05  0.14060222793795E+01  0.15926550446733E+06 -0.15674099701476E+03 -0.47801020347102E+03 -0.58573843575915E+03 -0.51394460499035E+02 -0.17700569385397E+03 -0.52706938202205E+03 -0.25962759321993E+04 -0.17042504006705E+04 -0.24853082138874E+04  0.20628814331904E+04  0.43772435688238E+04 -0.14891170751264E+04 -0.29409566702703E+04 -0.72047896183400E+03  0.19359614402512E+03  0.35132066218407E+03 -0.27918897382422E+04 -0.14951148533905E+04 -0.24713010247957E+04  0.19202956518117E+03 -0.86519904926008E+03 -0.97252714630038E+03
  -0.19297958702193E+04 -0.53653231007038E+02 -0.39153283532157E+00 -0.36507997888671E+04  0.31058354483077E+03 -0.11710115234883E+04 -0.60581841678566E+03 -0.10691353327111E+05 -0.22745476162915E+04  0.47595065352556E+03 -0.13632905705509E+03 -0.19007465847889E+03 -0.12698721647205E+02 -0.10381362313611E+01 -0.45039102322544E+04  0.47949896004784E+03 -0.31425318834016E+04 -0.17018414940268E+04  0.64782993271716E+04 -0.71041114685611E+00 -0.25069758526899E+05  0.17842426831247E+02  0.49264470031935E+02  0.50492294368596E+02  0.58543323465762E+01  0.19166864348102E+02  0.61341731978098E+02  0.47026097260349E+03  0.29439243032648E+03  0.28475766064054E+03 -0.17851481570157E+03 -0.51112664382765E+03  0.15175591056175E+03  0.29902701298091E+03  0.78602685975689E+02 -0.51741537145901E+02 -0.92525731059691E+02  0.41455762989666E+03  0.20738102157302E+03 -0.27656887512379E+03 -0.34630441240618E+02  0.24014606272351E+03  0.26847779362580E+03
   0.81392260987316E+04  0.16882638943051E+03 -0.17031494098084E+03  0.22515441574785E+05 -0.18492135821085E+04  0.70744283628312E+04  0.35253447040249E+04  0.72562652882009E+05  0.14405017146564E+05 -0.29311575072703E+04  0.89526430874321E+03  0.12238323337337E+04  0.71006592993348E+02  0.76800240804625E+01  0.30459361475096E+05 -0.31425318834016E+04  0.21090873743763E+05  0.11248214438786E+05 -0.41591346845691E+05 -0.32704690626503E+00  0.11988010740600E+06 -0.14768566918568E+03 -0.44444277214701E+03 -0.57655786576681E+03 -0.48825837704576E+02 -0.16407511158518E+03 -0.46196502764331E+03 -0.19636845427238E+04 -0.12881701877593E+04 -0.21821505311581E+04  0.18795842131013E+04  0.37536218032300E+04 -0.10990618389762E+04 -0.21749187004513E+04 -0.51308703918947E+03  0.38511958809727E+02  0.78354856661072E+02 -0.20608547285912E+04 -0.11275646390960E+04  0.64312117772316E+03  0.16274590636136E+03 -0.12183205026252E+04 -0.13538801785761E+04
   0.60659295549606E+04  0.84232181581231E+02 -0.31988083935117E+02  0.12619672966037E+05 -0.10488178375452E+04  0.40290563922930E+04  0.20301249370997E+04  0.39381797777784E+05  0.67980765763610E+04 -0.16595884098380E+04  0.48740086697125E+03  0.71349560143526E+03  0.45372167439118E+02  0.36036657612506E+01  0.15815645219548E+05 -0.17018414940268E+04  0.11248214438786E+05  0.60919432578560E+04 -0.23183089362804E+05  0.88849391331721E+00  0.78370934260855E+05 -0.82058350305474E+02 -0.23433770459347E+03 -0.28515599987361E+03 -0.27186800679989E+02 -0.88574411697579E+02 -0.25389472628917E+03 -0.14221834923820E+04 -0.90015783527022E+03 -0.11026756650405E+04  0.90210584432070E+03  0.20898907201895E+04 -0.55613782614444E+03 -0.11023139545307E+04 -0.28291922624028E+03  0.65850434773889E+02  0.12389224419248E+03 -0.13384051450599E+04 -0.70209846644970E+03  0.99671399778178E+03  0.12098317204911E+03 -0.89309906297764E+03 -0.99203244638518E+03
  -0.78693342149480E+07  0.26586334831231E+07 -0.33493568531988E+06 -0.23157618919153E+07  0.50376244649162E+06 -0.59175855493948E+05 -0.25618508571256E+06 -0.59982924980283E+06 -0.26495756851144E+05  0.58741992488482E+05 -0.65240681724981E+04 -0.62627949448194E+04 -0.30120242221023E+03 -0.79404118739345E+02 -0.56160665879827E+05  0.64782993271716E+04 -0.41591346845691E+05 -0.23183089362804E+05  0.35352083064461E+08  0.63683525128574E+04  0.16992345353078E+09 -0.12974638903995E+06 -0.40546863443365E+06 -0.10999510493786E+07 -0.39395706727985E+05 -0.15293020017770E+06 -0.86495953048310E+06  0.35128728018809E+05  0.77956721191242E+05 -0.12784839015694E+04  0.58096185466924E+06  0.28504830835216E+07  0.17682613763831E+05  0.32278331816032E+05  0.21605076879882E+03  0.18906512610041E+06  0.83164483644124E+06  0.25166327708081E+05  0.79178325911784E+04 -0.19163886823450E+05  0.45816346453165E+05  0.21123541060537E+05  0.65466486841208E+05
  -0.12967002999688E+04  0.53181183017878E+03 -0.56762367555136E+02 -0.17642649664371E+03  0.58998558808647E+02  0.58807513756366E+02  0.51206206386840E+01  0.40315707019900E+03 -0.94373652146706E+02 -0.10468027726643E+02  0.29043853653114E+01 -0.48445079408010E+01 -0.41937194269419E+00  0.26772520091465E-01  0.14060222793795E+01 -0.71041114685611E+00 -0.32704690626503E+00  0.88849391331721E+00  0.63683525128574E+04  0.22346980076973E+01  0.29857998920619E+05 -0.19440960603660E+02 -0.62232885190074E+02 -0.19363875352931E+03 -0.42621363674307E+01 -0.20016946866578E+02 -0.14735058070915E+03  0.00000000000000E+00 -0.28885608624072E+02  0.00000000000000E+00  0.00000000000000E+00  0.34702643580760E+03  0.00000000000000E+00 -0.68044738865134E+01  0.00000000000000E+00  0.00000000000000E+00  0.20491922075209E+03  0.00000000000000E+00  0.00000000000000E+00  0.00000000000000E+00  0.14185110634505E+02  0.00000000000000E+00 -0.29834684839755E+02
  -0.50312513376947E+08  0.14361647751815E+08 -0.20938642392435E+07 -0.13805793276944E+08  0.29707886127259E+07 -0.55777816261411E+06 -0.17330924032719E+07 -0.44769555135125E+07 -0.22329048079002E+06  0.48597607364993E+06 -0.48085365909224E+05 -0.12443032320076E+06 -0.15496642502443E+05 -0.86910689258400E+03  0.15926550446733E+06 -0.25069758526899E+05  0.11988010740600E+06  0.78370934260855E+05  0.16992345353078E+09  0.29857998920619E+05  0.31208000611367E+11 -0.13631843260383E+07 -0.39719495749712E+07 -0.10563267812646E+08 -0.36848427911195E+06 -0.13069951687343E+07 -0.75967249549172E+07  0.00000000000000E+00  0.10566921724735E+07  0.00000000000000E+00  0.00000000000000E+00  0.26119683771147E+08  0.00000000000000E+00 -0.25419932935893E+06  0.00000000000000E+00  0.00000000000000E+00  0.54440558938823E+07  0.00000000000000E+00  0.00000000000000E+00  0.00000000000000E+00 -0.28805350392175E+07  0.00000000000000E+00  0.87662805812737E+06
   0.42093158291738E+05 -0.90537189980200E+04  0.16980043331092E+04  0.14817785187724E+05 -0.28098464407470E+04  0.16684936224550E+04  0.22332311106310E+04  0.19684315256915E+05 -0.38221852080306E+04 -0.91146929090298E+03  0.14933368120862E+03  0.54107238091657E+01  0.24840329980021E+01  0.37976471546778E+00 -0.15674099701476E+03  0.17842426831247E+02 -0.14768566918568E+03 -0.82058350305474E+02 -0.12974638903995E+06 -0.19440960603660E+02 -0.13631843260383E+07  0.15626457396645E+04  0.43046032518211E+04  0.11294004665419E+05  0.43667914152832E+03  0.15328110678127E+04  0.76933087048717E+04 -0.46243803265656E+02 -0.15337394203314E+04  0.44068698662211E+01  0.53685523692715E+03 -0.30293989044747E+05  0.00000000000000E+00 -0.10841093454868E+03  0.00000000000000E+00  0.20185840214085E+04 -0.39255718164899E+04  0.00000000000000E+00  0.00000000000000E+00  0.00000000000000E+00  0.13959225348773E+04 -0.30464056403003E+03 -0.19181620703956E+04
   0.14094912204034E+06 -0.33438974973052E+05  0.56933215911309E+04  0.42933988795929E+05 -0.81574370881024E+04  0.46964192997893E+04  0.63384001220715E+04  0.63098159137923E+05 -0.12866799366370E+05 -0.27587752844854E+04  0.47094925895689E+03  0.17076443422326E+03  0.22483364744589E+02  0.97428495840871E+00 -0.47801020347102E+03  0.49264470031935E+02 -0.44444277214701E+03 -0.23433770459347E+03 -0.40546863443365E+06 -0.62232885190074E+02 -0.39719495749712E+07  0.43046032518211E+04  0.12283880720216E+05  0.31194170180070E+05  0.12347467138800E+04  0.43873999124727E+04  0.22083734401862E+05 -0.15243284857919E+03 -0.40595014484871E+04 -0.17006338081211E+02 -0.58521513208402E+04 -0.86598556098030E+05  0.00000000000000E+00 -0.28574957534515E+03  0.00000000000000E+00  0.30143964922465E+04 -0.12451873199683E+05  0.00000000000000E+00  0.00000000000000E+00  0.00000000000000E+00  0.40178286960156E+04 -0.17598145137227E+04 -0.56134893256997E+04
   0.28199365258960E+06 -0.73844044394058E+05  0.11584587723910E+05  0.10651896134443E+06 -0.20805313572486E+05  0.10017761782094E+05  0.15079336161604E+05  0.11110892083585E+06 -0.21057634846283E+05 -0.53136970102256E+04  0.84890130316834E+03 -0.42839718896841E+03 -0.48417717292922E+02  0.34429676261238E+01 -0.58573843575915E+03  0.50492294368596E+02 -0.57655786576681E+03 -0.28515599987361E+03 -0.10999510493786E+07 -0.19363875352931E+03 -0.10563267812646E+08  0.11294004665419E+05  0.31194170180070E+05  0.89181894748715E+05  0.32383952144614E+04  0.11553841557522E+05  0.59392513971023E+05  0.23495308791812E+03 -0.12779341289013E+05 -0.43725777543460E+01  0.37110039745834E+05 -0.22009453614498E+06  0.00000000000000E+00 -0.91850940759266E+03  0.00000000000000E+00  0.16259575525562E+05 -0.33952445728268E+05  0.00000000000000E+00  0.00000000000000E+00  0.00000000000000E+00  0.73527745035362E+04  0.14674239060329E+04 -0.13785280457375E+05
   0.14713678333824E+05 -0.35798429830891E+04  0.59988150399548E+03  0.48402358825163E+04 -0.88341067360824E+03  0.63607440550045E+03  0.76141391006306E+03  0.67181996648888E+04 -0.13409675396557E+04 -0.30206618804630E+03  0.50492728861669E+02 -0.22446435867749E+02 -0.25355237979340E+01  0.14198339907302E+00 -0.51394460499035E+02  0.58543323465762E+01 -0.48825837704576E+02 -0.27186800679989E+02 -0.39395706727985E+05 -0.42621363674307E+01 -0.36848427911195E+06  0.43667914152832E+03  0.12347467138800E+04  0.32383952144614E+04  0.14302836294492E+03  0.49790254003281E+03  0.22978773266189E+04  0.00000000000000E+00 -0.48443735026449E+03  0.00000000000000E+00  0.00000000000000E+00 -0.98631081122421E+04  0.00000000000000E+00 -0.33918146009580E+02  0.00000000000000E+00  0.00000000000000E+00 -0.92297981853759E+03  0.00000000000000E+00  0.00000000000000E+00  0.00000000000000E+00  0.68038636832661E+02  0.00000000000000E+00 -0.69166842508388E+03
   0.53983510816901E+05 -0.13782610184184E+05  0.22065055532117E+04  0.17042356731018E+05 -0.31424158812487E+04  0.21193579644583E+04  0.25945581751138E+04  0.24329148076300E+05 -0.50392174189264E+04 -0.10507759587822E+04  0.18047640211143E+03 -0.91594136075456E+02 -0.96714446890673E+01  0.47374387137858E+00 -0.17700569385397E+03  0.19166864348102E+02 -0.16407511158518E+03 -0.88574411697579E+02 -0.15293020017770E+06 -0.20016946866578E+02 -0.13069951687343E+07  0.15328110678127E+04  0.43873999124727E+04  0.11553841557522E+05  0.49790254003281E+03  0.17728692030596E+04  0.82389720151833E+04  0.00000000000000E+00 -0.15404778891799E+04  0.00000000000000E+00  0.00000000000000E+00 -0.34657192001837E+05  0.00000000000000E+00 -0.10738335960331E+03  0.00000000000000E+00  0.00000000000000E+00 -0.43347686599792E+04  0.00000000000000E+00  0.00000000000000E+00  0.00000000000000E+00  0.89049788252018E+02  0.00000000000000E+00 -0.24981036947497E+04
   0.27946957433341E+06 -0.77123597862387E+05  0.11579379790195E+05  0.78489347344147E+05 -0.15621886819081E+05  0.65269197450888E+04  0.10725311550404E+05  0.81357266399314E+05 -0.15151599914667E+05 -0.40197215204781E+04  0.62426668152179E+03 -0.24808931429833E+03 -0.22017599864810E+02  0.22989014946672E+01 -0.52706938202205E+03  0.61341731978098E+02 -0.46196502764331E+03 -0.25389472628917E+03 -0.86495953048310E+06 -0.14735058070915E+03 -0.75967249549172E+07  0.76933087048717E+04  0.22083734401862E+05  0.59392513971023E+05  0.22978773266189E+04  0.82389720151833E+04  0.43361635132997E+05  0.00000000000000E+00 -0.87708465656195E+04  0.00000000000000E+00  0.00000000000000E+00 -0.15575372246650E+06  0.00000000000000E+00 -0.63032913661221E+03  0.00000000000000E+00  0.00000000000000E+00 -0.26072634352648E+05  0.00000000000000E+00  0.00000000000000E+00  0.00000000000000E+00  0.88847589671554E+04  0.00000000000000E+00 -0.95006613835640E+04
  -0.13007533937828E+06  0.16703550791939E+05 -0.49974755295871E+04 -0.12820326384314E+05  0.20009663516240E+04 -0.28355837349336E+04 -0.25231832144150E+04 -0.61813618104935E+05  0.11497603275104E+05  0.27419333680164E+04 -0.47814437575092E+03 -0.11322162590274E+04 -0.16766690649146E+03  0.65525385577669E-01 -0.25962759321993E+04  0.47026097260349E+03 -0.19636845427238E+04 -0.14221834923820E+04  0.35128728018809E+05  0.00000000000000E+00  0.00000000000000E+00 -0.46243803265656E+02 -0.15243284857919E+03  0.23495308791812E+03  0.00000000000000E+00  0.00000000000000E+00  0.00000000000000E+00  0.11654655422979E+06  0.00000000000000E+00  0.00000000000000E+00  0.00000000000000E+00  0.00000000000000E+00  0.00000000000000E+00  0.00000000000000E+00  0.00000000000000E+00  0.00000000000000E+00  0.00000000000000E+00  0.00000000000000E+00  0.00000000000000E+00  0.00000000000000E+00  0.00000000000000E+00  0.00000000000000E+00  0.00000000000000E+00
  -0.55138861294489E+05  0.82461063706052E+04 -0.21240408404815E+04 -0.21219804134239E+05  0.33663580066004E+04 -0.43459207690950E+04 -0.39517379450946E+04 -0.49508216259282E+05  0.10836439168896E+05  0.18936128574435E+04 -0.35990556029744E+03 -0.58151753426046E-01 -0.81465133933056E-02 -0.14607897265062E-04 -0.17042504006705E+04  0.29439243032648E+03 -0.12881701877593E+04 -0.90015783527022E+03  0.77956721191242E+05 -0.28885608624072E+02  0.10566921724735E+07 -0.15337394203314E+04 -0.40595014484871E+04 -0.12779341289013E+05 -0.48443735026449E+03 -0.15404778891799E+04 -0.87708465656195E+04  0.00000000000000E+00  0.64654771616929E+05  0.00000000000000E+00  0.00000000000000E+00  0.00000000000000E+00  0.00000000000000E+00  0.00000000000000E+00  0.00000000000000E+00  0.00000000000000E+00  0.00000000000000E+00  0.00000000000000E+00  0.00000000000000E+00  0.00000000000000E+00  0.00000000000000E+00  0.00000000000000E+00  0.00000000000000E+00
  -0.48950847558544E+04 -0.21621682567042E+03  0.31366345346374E+02 -0.54576298681517E+02 -0.58371039259872E+02  0.16191126539112E+03  0.14256666487139E+03 -0.68571402919247E+05  0.24382044364593E+05  0.73077907511788E+03 -0.33948727245429E+03 -0.69369546100694E+03 -0.27368422898748E+02 -0.55935932785628E+01 -0.24853082138874E+04  0.28475766064054E+03 -0.21821505311581E+04 -0.11026756650405E+04 -0.12784839015694E+04  0.00000000000000E+00  0.00000000000000E+00  0.44068698662211E+01 -0.17006338081211E+02 -0.43725777543460E+01  0.00000000000000E+00  0.00000000000000E+00  0.00000000000000E+00  0.00000000000000E+00  0.00000000000000E+00  0.30759252414017E+05  0.00000000000000E+00  0.00000000000000E+00  0.00000000000000E+00  0.00000000000000E+00  0.00000000000000E+00  0.00000000000000E+00  0.00000000000000E+00  0.00000000000000E+00  0.00000000000000E+00  0.00000000000000E+00  0.00000000000000E+00  0.00000000000000E+00  0.00000000000000E+00
  -0.85477166750489E+06  0.20945457300474E+06 -0.34397160098188E+05 -0.65962934231787E+05  0.11864391844253E+05 -0.88447638698507E+04 -0.10116373182061E+05 -0.28873331134070E+06  0.66355470506891E+05  0.10992373764399E+05 -0.20567455717221E+04 -0.50236607338122E+04 -0.59550714992922E+03 -0.65386661612005E+00  0.20628814331904E+04 -0.17851481570157E+03  0.18795842131013E+04  0.90210584432070E+03  0.58096185466924E+06  0.00000000000000E+00  0.00000000000000E+00  0.53685523692715E+03 -0.58521513208402E+04  0.37110039745834E+05  0.00000000000000E+00  0.00000000000000E+00  0.00000000000000E+00  0.00000000000000E+00  0.00000000000000E+00  0.00000000000000E+00  0.57838277301092E+06  0.00000000000000E+00  0.00000000000000E+00  0.00000000000000E+00  0.00000000000000E+00  0.00000000000000E+00  0.00000000000000E+00  0.00000000000000E+00  0.00000000000000E+00  0.00000000000000E+00  0.00000000000000E+00  0.00000000000000E+00  0.00000000000000E+00
  -0.11075137010095E+07  0.26426942037235E+06 -0.44750448688932E+05 -0.34228254270640E+06  0.62803337950787E+05 -0.43359351879108E+05 -0.52715011397026E+05 -0.56864314370119E+06  0.12636535127893E+06  0.22879999818314E+05 -0.41031226340557E+04 -0.13270504863712E+02 -0.16526872417646E+01 -0.11160007487414E-02  0.43772435688238E+04 -0.51112664382765E+03  0.37536218032300E+04  0.20898907201895E+04  0.28504830835216E+07  0.34702643580760E+03  0.26119683771147E+08 -0.30293989044747E+05 -0.86598556098030E+05 -0.22009453614498E+06 -0.98631081122421E+04 -0.34657192001837E+05 -0.15575372246650E+06  0.00000000000000E+00  0.00000000000000E+00  0.00000000000000E+00  0.00000000000000E+00  0.91836642140640E+06  0.00000000000000E+00  0.00000000000000E+00  0.00000000000000E+00  0.00000000000000E+00  0.00000000000000E+00  0.00000000000000E+00  0.00000000000000E+00  0.00000000000000E+00  0.00000000000000E+00  0.00000000000000E+00  0.00000000000000E+00
  -0.20802477180203E+05  0.57659870877025E+04 -0.87277039761294E+03 -0.13702396652071E+04  0.32574623248783E+03  0.75720817140097E+01 -0.16173542616966E+03 -0.73086858238238E+05  0.22940933472136E+05  0.15070245069135E+04 -0.43205369943678E+03 -0.22958835773232E+04 -0.14517800406476E+03 -0.28923756650764E+01 -0.14891170751264E+04  0.15175591056175E+03 -0.10990618389762E+04 -0.55613782614444E+03  0.17682613763831E+05  0.00000000000000E+00  0.00000000000000E+00  0.00000000000000E+00  0.00000000000000E+00  0.00000000000000E+00  0.00000000000000E+00  0.00000000000000E+00  0.00000000000000E+00  0.00000000000000E+00  0.00000000000000E+00  0.00000000000000E+00  0.00000000000000E+00  0.00000000000000E+00  0.14472814983424E+05  0.00000000000000E+00  0.00000000000000E+00  0.00000000000000E+00  0.00000000000000E+00  0.00000000000000E+00  0.00000000000000E+00  0.00000000000000E+00  0.00000000000000E+00  0.00000000000000E+00  0.00000000000000E+00
  -0.46970547962676E+05  0.13179437743637E+05 -0.19786368799613E+04 -0.24795946745315E+04  0.56944278349743E+03 -0.19192273671055E+02 -0.28431049687370E+03 -0.16386215030403E+06  0.51502902580599E+05  0.33182516182546E+04 -0.96921697556828E+03 -0.72479939703336E+02 -0.19130456935991E+02 -0.10571165925571E-04 -0.29409566702703E+04  0.29902701298091E+03 -0.21749187004513E+04 -0.11023139545307E+04  0.32278331816032E+05 -0.68044738865134E+01 -0.25419932935893E+06 -0.10841093454868E+03 -0.28574957534515E+03 -0.91850940759266E+03 -0.33918146009580E+02 -0.10738335960331E+03 -0.63032913661221E+03  0.00000000000000E+00  0.00000000000000E+00  0.00000000000000E+00  0.00000000000000E+00  0.00000000000000E+00  0.00000000000000E+00  0.31579421340189E+05  0.00000000000000E+00  0.00000000000000E+00  0.00000000000000E+00  0.00000000000000E+00  0.00000000000000E+00  0.00000000000000E+00  0.00000000000000E+00  0.00000000000000E+00  0.00000000000000E+00
  -0.31479621999509E+04  0.42020007327373E+03 -0.10716460962447E+03 -0.70503921389892E+02  0.89656411262265E+01 -0.19228782976686E+02 -0.13363726263229E+02 -0.13652260175743E+04  0.18300201333439E+03  0.43224841495083E+02 -0.11042538543336E+02 -0.78117367756624E+02 -0.63787505302594E+01 -0.12677696174481E+00 -0.72047896183400E+03  0.78602685975689E+02 -0.51308703918947E+03 -0.28291922624028E+03  0.21605076879882E+03  0.00000000000000E+00  0.00000000000000E+00  0.00000000000000E+00  0.00000000000000E+00  0.00000000000000E+00  0.00000000000000E+00  0.00000000000000E+00  0.00000000000000E+00  0.00000000000000E+00  0.00000000000000E+00  0.00000000000000E+00  0.00000000000000E+00  0.00000000000000E+00  0.00000000000000E+00  0.00000000000000E+00  0.37902681436890E+04  0.00000000000000E+00  0.00000000000000E+00  0.00000000000000E+00  0.00000000000000E+00  0.00000000000000E+00  0.00000000000000E+00  0.00000000000000E+00  0.00000000000000E+00
  -0.20184894347033E+06  0.63566673631288E+05 -0.86169117424339E+04 -0.11731292075435E+05  0.29365706316996E+04  0.41409431823856E+03 -0.10311289487366E+04 -0.56872901967016E+04  0.58840100854023E+03  0.56927085366347E+03 -0.47712010491256E+02 -0.22807168592698E+00 -0.16317735854394E+00  0.22812221505670E-12  0.19359614402512E+03 -0.51741537145901E+02  0.38511958809727E+02  0.65850434773889E+02  0.18906512610041E+06  0.00000000000000E+00  0.00000000000000E+00  0.20185840214085E+04  0.30143964922465E+04  0.16259575525562E+05  0.00000000000000E+00  0.00000000000000E+00  0.00000000000000E+00  0.00000000000000E+00  0.00000000000000E+00  0.00000000000000E+00  0.00000000000000E+00  0.00000000000000E+00  0.00000000000000E+00  0.00000000000000E+00  0.00000000000000E+00  0.10583994696971E+06  0.00000000000000E+00  0.00000000000000E+00  0.00000000000000E+00  0.00000000000000E+00  0.00000000000000E+00  0.00000000000000E+00  0.00000000000000E+00
  -0.22756151322456E+06  0.71120744788867E+05 -0.96917546110789E+04 -0.52895625827235E+05  0.13039571554124E+05  0.14998414537890E+04 -0.48103852152751E+04 -0.11177458501775E+05  0.11954556501581E+04  0.10799828389081E+04 -0.93536788079115E+02  0.15095652255650E-02  0.11710205586762E-02 -0.13628207100737E-12  0.35132066218407E+03 -0.92525731059691E+02  0.78354856661072E+02  0.12389224419248E+03  0.83164483644124E+06  0.20491922075209E+03  0.54440558938823E+07 -0.39255718164899E+04 -0.12451873199683E+05 -0.33952445728268E+05 -0.92297981853759E+03 -0.43347686599792E+04 -0.26072634352648E+05  0.00000000000000E+00  0.00000000000000E+00  0.00000000000000E+00  0.00000000000000E+00  0.00000000000000E+00  0.00000000000000E+00  0.00000000000000E+00  0.00000000000000E+00  0.00000000000000E+00  0.13850888101561E+06  0.00000000000000E+00  0.00000000000000E+00  0.00000000000000E+00  0.00000000000000E+00  0.00000000000000E+00  0.00000000000000E+00
