 Correlated errors added in quadrature with statistical errors
 jl00106F2p           DIS data with   1.69< Q2 < 0.500D+03 and 0.000 < xB < 1.000 and   3.00< W2 < 0.100D+04 and 0.000 < y < 1.000
   GP TMC applied
   HT corrections, multiplicative C=C(xB)
 Correlated errors added in quadrature with statistical errors
 jl00106F2d           DIS data with   1.69< Q2 < 0.500D+03 and 0.000 < xB < 1.000 and   3.00< W2 < 0.100D+04 and 0.000 < y < 1.000
   WBArel smearing  (AV18) - KP-like (baryon conserv.)0 nuke corrections
   GP TMC applied
   HT corrections, multiplicative C=C(xB)
 Correlated errors added in quadrature with statistical errors
 HerF2pCut            DIS data with   1.69< Q2 < 0.500D+03 and 0.000 < xB < 1.000 and   3.00< W2 < 0.100D+04 and 0.000 < y < 1.000
   GP TMC applied
   HT corrections, multiplicative C=C(xB)
 Correlated errors added in quadrature with statistical errors
 HerF2dCut            DIS data with   1.69< Q2 < 0.500D+03 and 0.000 < xB < 1.000 and   3.00< W2 < 0.100D+04 and 0.000 < y < 1.000
   WBArel smearing  (AV18) - KP-like (baryon conserv.)0 nuke corrections
   GP TMC applied
   HT corrections, multiplicative C=C(xB)
 Correlated errors added in quadrature with statistical errors
 slac_p               DIS data with   1.69< Q2 < 0.500D+03 and 0.000 < xB < 1.000 and   3.00< W2 < 0.100D+04 and 0.000 < y < 1.000
   GP TMC applied
   HT corrections, multiplicative C=C(xB)
 Correlated errors added in quadrature with statistical errors
 slac_d               DIS data with   1.69< Q2 < 0.500D+03 and 0.000 < xB < 1.000 and   3.00< W2 < 0.100D+04 and 0.000 < y < 1.000
   WBArel smearing  (AV18) - KP-like (baryon conserv.)0 nuke corrections
   GP TMC applied
   HT corrections, multiplicative C=C(xB)
 Correlated errors treated separately from statistical errors
 BcdF2pCor            DIS data with   1.69< Q2 < 0.500D+03 and 0.000 < xB < 1.000 and   3.00< W2 < 0.100D+04 and 0.000 < y < 1.000
   GP TMC applied
   HT corrections, multiplicative C=C(xB)
 Correlated errors treated separately from statistical errors
 BcdF2dCor            DIS data with   1.69< Q2 < 0.500D+03 and 0.000 < xB < 1.000 and   3.00< W2 < 0.100D+04 and 0.000 < y < 1.000
   WBArel smearing  (AV18) - KP-like (baryon conserv.)0 nuke corrections
   GP TMC applied
   HT corrections, multiplicative C=C(xB)
 Correlated errors treated separately from statistical errors
 NmcF2pCor            DIS data with   1.69< Q2 < 0.500D+03 and 0.000 < xB < 1.000 and   3.00< W2 < 0.100D+04 and 0.000 < y < 1.000
   GP TMC applied
   HT corrections, multiplicative C=C(xB)
 Correlated errors treated separately from statistical errors
 NmcRatCor            DIS data with   1.69< Q2 < 0.500D+03 and 0.000 < xB < 1.000 and   3.00< W2 < 0.100D+04 and 0.000 < y < 1.000
   WBArel smearing  (AV18) - KP-like (baryon conserv.)0 nuke corrections
   GP TMC applied
   HT corrections, multiplicative C=C(xB)
 Correlated errors treated separately from statistical errors
 H2_NC_em             DIS data with   1.69< Q2 < 0.100D+06 and 0.000 < xB < 1.000 and   3.00< W2 < 0.100D+08 and 0.000 < y < 1.000
   GP TMC applied
   HT corrections, multiplicative C=C(xB)
 Correlated errors treated separately from statistical errors
 H2_NC_ep_1           DIS data with   1.69< Q2 < 0.100D+06 and 0.000 < xB < 1.000 and   3.00< W2 < 0.100D+08 and 0.000 < y < 1.000
   GP TMC applied
   HT corrections, multiplicative C=C(xB)
 Correlated errors treated separately from statistical errors
 H2_NC_ep_2           DIS data with   1.69< Q2 < 0.100D+06 and 0.000 < xB < 1.000 and   3.00< W2 < 0.100D+08 and 0.000 < y < 1.000
   GP TMC applied
   HT corrections, multiplicative C=C(xB)
 Correlated errors treated separately from statistical errors
 H2_NC_ep_3           DIS data with   1.69< Q2 < 0.100D+06 and 0.000 < xB < 1.000 and   3.00< W2 < 0.100D+08 and 0.000 < y < 1.000
   GP TMC applied
   HT corrections, multiplicative C=C(xB)
 Correlated errors treated separately from statistical errors
 H2_NC_ep_4           DIS data with   1.69< Q2 < 0.100D+06 and 0.000 < xB < 1.000 and   3.00< W2 < 0.100D+08 and 0.000 < y < 1.000
   GP TMC applied
   HT corrections, multiplicative C=C(xB)
 Correlated errors treated separately from statistical errors
 H2_CC_em             DIS data with   1.69< Q2 < 0.100D+06 and 0.000 < xB < 1.000 and   3.00< W2 < 0.100D+08 and 0.000 < y < 1.000
   GP TMC applied
   HT corrections, multiplicative C=C(xB)
 Correlated errors treated separately from statistical errors
 H2_CC_ep             DIS data with   1.69< Q2 < 0.100D+06 and 0.000 < xB < 1.000 and   3.00< W2 < 0.100D+08 and 0.000 < y < 1.000
   GP TMC applied
   HT corrections, multiplicative C=C(xB)
 Correlated errors added in quadrature with statistical errors
 BNS_F2nd             DIS data with   1.69< Q2 < 0.100D+06 and 0.000 < xB < 1.000 and   3.00< W2 < 0.100D+08 and 0.000 < y < 1.000
   WBArel smearing  (AV18) - KP-like (baryon conserv.)0 nuke corrections
   GP TMC applied
   HT corrections, multiplicative C=C(xB)
 Correlated errors added in quadrature with statistical errors
 e866pp06xf           vector boson data with Q2 >=  36.00
 Correlated errors added in quadrature with statistical errors
 e866pd06xf           vector boson data with Q2 >=  36.00
 Correlated errors added in quadrature with statistical errors
 cdfLasy05            vector boson data with Q2 >=   0.00
 Correlated errors added in quadrature with statistical errors
 d0Lasy_e15           vector boson data with Q2 >=   0.00
 Correlated errors added in quadrature with statistical errors
 d0Lasy13             vector boson data with Q2 >=   0.00
 Correlated errors added in quadrature with statistical errors
 CDF_Wasy             vector boson data with Q2 >=   0.00
 Correlated errors added in quadrature with statistical errors
 D0_Wasy              vector boson data with Q2 >=   0.00
 Correlated errors added in quadrature with statistical errors
 CDF_Z                vector boson data with Q2 >=   0.00
 Correlated errors added in quadrature with statistical errors
 D0_Z                 vector boson data with Q2 >=   0.00
 Correlated errors added in quadrature with statistical errors
 d0run2cone          Jet data - errors added in quadrature
 Correlated errors added in quadrature with statistical errors
 CDFrun2jet          Jet data - errors added in quadrature
 Correlated errors added in quadrature with statistical errors
 d0_gamjet1           Photon data -- cuts to be written yet ...
 Correlated errors added in quadrature with statistical errors
 d0_gamjet2           Photon data -- cuts to be written yet ...
 Correlated errors added in quadrature with statistical errors
 d0_gamjet3           Photon data -- cuts to be written yet ...
 Correlated errors added in quadrature with statistical errors
 d0_gamjet4           Photon data -- cuts to be written yet ...

# fitpack15: fit output
# CJ15 AV18 final data choices                                                 

Parametrization   7 used here

 S-ACOT scheme used  for NC DIS

 charm mass =     1.30 GeV     bottom mass =     4.50 GeV



 THIS IS A NEXT TO LEADING ORDER FIT

 Q02=    1.69
         1  LAMBDA      VALUE=   0.22680      WEIGHT=    0.0000    
         2  a0uv        VALUE=    2.4061      WEIGHT=    0.0000    
         3  a1uv        VALUE=   0.61529      WEIGHT=   0.20094E-01
         4  a2uv        VALUE=    3.5433      WEIGHT=   0.13055E-01
         5  a3uv        VALUE=    0.0000      WEIGHT=    0.0000    
         6  a4uv        VALUE=    3.4611      WEIGHT=   0.43661    
         7  a5uv        VALUE=    0.0000      WEIGHT=    0.0000    
         8  a0dv        VALUE=    24.699      WEIGHT=    0.0000    
         9  a1dv        VALUE=    1.1595      WEIGHT=   0.34654E-01
        10  a2dv        VALUE=    6.5513      WEIGHT=   0.16245    
        11  a3dv        VALUE=   -3.5030      WEIGHT=   0.88887E-01
        12  a4dv        VALUE=    4.6787      WEIGHT=   0.14600    
        13  a5dv        VALUE=    0.0000      WEIGHT=    0.0000    
        14  a0ud        VALUE=   0.14657      WEIGHT=   0.50606E-02
        15  a1ud        VALUE=  -0.20775      WEIGHT=   0.37697E-02
        16  a2ud        VALUE=    8.3284      WEIGHT=   0.19375    
        17  a3ud        VALUE=    0.0000      WEIGHT=    0.0000    
        18  a4ud        VALUE=    14.605      WEIGHT=    1.2744    
        19  a5ud        VALUE=    0.0000      WEIGHT=    0.0000    
        20  a0du        VALUE=    35712.      WEIGHT=    0.0000    
        21  a1du        VALUE=    4.0249      WEIGHT=   0.78893E-01
        22  a2du        VALUE=    20.151      WEIGHT=   0.91058    
        23  a3du        VALUE=    17.000      WEIGHT=    0.0000    
        24  a4du        VALUE=    51.146      WEIGHT=    11.684    
        25  a0g         VALUE=    45.569      WEIGHT=    0.0000    
        26  a1g         VALUE=   0.60308      WEIGHT=   0.31053E-01
        27  a2g         VALUE=    6.4818      WEIGHT=   0.97424    
        28  a3g         VALUE=   -3.3064      WEIGHT=   0.13701    
        29  a4g         VALUE=    3.1722      WEIGHT=   0.31652    
        30  a5g         VALUE=    0.0000      WEIGHT=    0.0000    
        31  kappa       VALUE=   0.40000      WEIGHT=    0.0000    
        32  a6dv        VALUE=  -0.33374E-02  WEIGHT=   0.69382E-03
        33  a7dv        VALUE=    2.0000      WEIGHT=    0.0000    
        34  off1        VALUE=   -3.6857      WEIGHT=    1.8283    
        35  off2        VALUE=   0.57506E-01  WEIGHT=   0.70238E-01
        36  ht1         VALUE=   -3.2858      WEIGHT=   0.30201    
        37  ht2         VALUE=    1.9282      WEIGHT=   0.11458    
        38  ht3         VALUE=   -2.0699      WEIGHT=   0.35646E-01
        39  ht4         VALUE=    0.0000      WEIGHT=    0.0000    
        40  ht1n        VALUE=   -3.2856      WEIGHT=   0.96530    
        41  ht2n        VALUE=    1.9280      WEIGHT=   0.30490    
        42  ht3n        VALUE=   -2.0699      WEIGHT=   0.51943E-01
        43  ht4n        VALUE=    0.0000      WEIGHT=    0.0000    
        44  dummy44     VALUE=    0.0000      WEIGHT=    0.0000    
        45  dummy45     VALUE=    0.0000      WEIGHT=    0.0000    
        46  dummy46     VALUE=    0.0000      WEIGHT=    0.0000    
        47  dummy47     VALUE=    0.0000      WEIGHT=    0.0000    
        48  dummy48     VALUE=    0.0000      WEIGHT=    0.0000    
        49  dummy49     VALUE=    0.0000      WEIGHT=    0.0000    
        50  bcdmsh2     VALUE=   0.97308      WEIGHT=   0.48387E-02
        51  bcdmsd2     VALUE=   0.99316      WEIGHT=   0.58557E-02
        52  ccfr        VALUE=    1.0000      WEIGHT=    0.0000    
        53  nutev       VALUE=    1.0000      WEIGHT=    0.0000    
        54  zeus        VALUE=   0.97998      WEIGHT=    0.0000    
        55  h1          VALUE=    1.0162      WEIGHT=    0.0000    
        56  e605        VALUE=    1.0319      WEIGHT=    0.0000    
        57  NmcH2       VALUE=    1.0095      WEIGHT=   0.71283E-02
        58  ntv_nu      VALUE=    1.0000      WEIGHT=    0.0000    
        59  ntv_nubar   VALUE=    1.0000      WEIGHT=    0.0000    
        60  cdf_jet     VALUE=   0.98910      WEIGHT=    0.0000    
        61  d0_jet      VALUE=   0.83504      WEIGHT=    0.0000    
        62  slac_p      VALUE=    1.0049      WEIGHT=   0.50059E-02
        63  slac_d      VALUE=    1.0042      WEIGHT=   0.53243E-02
        64  e866pp      VALUE=   0.96583      WEIGHT=   0.19318E-01
        65  e866pd      VALUE=   0.96371      WEIGHT=   0.16662E-01
        66  d0_gamjet   VALUE=    1.0389      WEIGHT=   0.16515E-01
        67  h1b         VALUE=   0.97608      WEIGHT=    0.0000    
        68  jlab_p      VALUE=   0.99444      WEIGHT=   0.61930E-02
        69  jlab_d      VALUE=   0.97554      WEIGHT=   0.60063E-02
        70  blank       VALUE=    1.0000      WEIGHT=    0.0000    
        71  d0run2      VALUE=   0.94085      WEIGHT=   0.14371E-01
        72  cdfrun2     VALUE=   0.92648      WEIGHT=   0.17345E-01
        73  HERA_el     VALUE=    1.0000      WEIGHT=    0.0000    
        74  HERA_ps     VALUE=    1.0000      WEIGHT=    0.0000    
        75  CDF_Z       VALUE=   0.96582      WEIGHT=   0.68068E-02
        76  NmcRat      VALUE=    1.0000      WEIGHT=    0.0000    
        77  BNS_F2nd    VALUE=   0.98315      WEIGHT=   0.11560E-01
        78  HERMES_F2p  VALUE=   0.99833      WEIGHT=   0.56545E-02
        79  HERMES_F2d  VALUE=   0.98039      WEIGHT=   0.58335E-02
0THE TOLERANCE IS    0.1000
 THE MAXIMUM NUMBER OF STEPS IS 100
0THE INITIAL CHI SQUARED IS  4.71218E+03
0  STEP  CHI SQUARED    PARAMETER      VALUE         ERROR
 ------------------------------------------------------------
     1    4.70767E+03
                       1  LAMBDA     2.2680E-01       FIX 
                       2  a0uv       2.3326E+00       FIX 
                       3  a1uv       6.0832E-01           
                       4  a2uv       3.5451E+00           
                       5  a3uv       0.0000E+00       FIX 
                       6  a4uv       3.6189E+00           
                       7  a5uv       0.0000E+00       FIX 
                       8  a0dv       2.5559E+01       FIX 
                       9  a1dv       1.1663E+00           
                      10  a2dv       6.5783E+00           
                      11  a3dv      -3.5217E+00           
                      12  a4dv       4.6815E+00           
                      13  a5dv       0.0000E+00       FIX 
                      14  a0ud       1.4632E-01           
                      15  a1ud      -2.0797E-01           
                      16  a2ud       8.2838E+00           
                      17  a3ud       0.0000E+00       FIX 
                      18  a4ud       1.4367E+01           
                      19  a5ud       0.0000E+00       FIX 
                      20  a0du       3.5712E+04       FIX 
                      21  a1du       4.0634E+00           
                      22  a2du       1.9972E+01           
                      23  a3du       1.7000E+01       FIX 
                      24  a4du       5.5336E+01           
                      25  a0g        4.6747E+01       FIX 
                      26  a1g        6.0977E-01           
                      27  a2g        6.9070E+00           
                      28  a3g       -3.3111E+00           
                      29  a4g        3.2756E+00           
                      30  a5g        0.0000E+00       FIX 
                      31  kappa      4.0000E-01       FIX 
                      32  a6dv      -3.4913E-03           
                      33  a7dv       2.0000E+00       FIX 
                      34  off1      -3.1308E+00           
                      35  off2       5.9196E-02           
                      36  ht1       -3.3997E+00           
                      37  ht2        2.0032E+00           
                      38  ht3       -2.0529E+00           
                      39  ht4        0.0000E+00       FIX 
                      40  ht1n      -3.9285E+00           
                      41  ht2n       2.0843E+00           
                      42  ht3n      -2.0797E+00           
                      43  ht4n       0.0000E+00       FIX 
                      44  dummy44    0.0000E+00       FIX 
                      45  dummy45    0.0000E+00       FIX 
                      46  dummy46    0.0000E+00       FIX 
                      47  dummy47    0.0000E+00       FIX 
                      48  dummy48    0.0000E+00       FIX 
                      49  dummy49    0.0000E+00       FIX 
                      50  bcdmsh2    9.7259E-01           
                      51  bcdmsd2    9.9321E-01           
                      52  ccfr       1.0000E+00       FIX 
                      53  nutev      1.0000E+00       FIX 
                      54  zeus       9.7998E-01       FIX 
                      55  h1         1.0162E+00       FIX 
                      56  e605       1.0319E+00       FIX 
                      57  NmcH2      1.0087E+00           
                      58  ntv_nu     1.0000E+00       FIX 
                      59  ntv_nuba   1.0000E+00       FIX 
                      60  cdf_jet    9.8910E-01       FIX 
                      61  d0_jet     8.3504E-01       FIX 
                      62  slac_p     1.0045E+00           
                      63  slac_d     1.0040E+00           
                      64  e866pp     9.6854E-01           
                      65  e866pd     9.6233E-01           
                      66  d0_gamje   1.0394E+00           
                      67  h1b        9.7608E-01       FIX 
                      68  jlab_p     9.9275E-01           
                      69  jlab_d     9.7649E-01           
                      70  blank      1.0000E+00       FIX 
                      71  d0run2     9.4126E-01           
                      72  cdfrun2    9.2773E-01           
                      73  HERA_el    1.0000E+00       FIX 
                      74  HERA_ps    1.0000E+00       FIX 
                      75  CDF_Z      9.6346E-01           
                      76  NmcRat     1.0000E+00       FIX 
                      77  BNS_F2nd   9.8163E-01           
                      78  HERMES_F   9.9812E-01           
                      79  HERMES_F   9.8026E-01           
 ------------------------------------------------------------
     2    4.70682E+03
                       1  LAMBDA     2.2680E-01       FIX 
                       2  a0uv       2.2732E+00       FIX 
                       3  a1uv       6.0250E-01           
                       4  a2uv       3.5474E+00           
                       5  a3uv       0.0000E+00       FIX 
                       6  a4uv       3.7528E+00           
                       7  a5uv       0.0000E+00       FIX 
                       8  a0dv       2.5825E+01       FIX 
                       9  a1dv       1.1683E+00           
                      10  a2dv       6.5850E+00           
                      11  a3dv      -3.5290E+00           
                      12  a4dv       4.6860E+00           
                      13  a5dv       0.0000E+00       FIX 
                      14  a0ud       1.4604E-01           
                      15  a1ud      -2.0816E-01           
                      16  a2ud       8.2809E+00           
                      17  a3ud       0.0000E+00       FIX 
                      18  a4ud       1.4395E+01           
                      19  a5ud       0.0000E+00       FIX 
                      20  a0du       3.5712E+04       FIX 
                      21  a1du       4.0695E+00           
                      22  a2du       1.9922E+01           
                      23  a3du       1.7000E+01       FIX 
                      24  a4du       5.4763E+01           
                      25  a0g        4.7674E+01       FIX 
                      26  a1g        6.1213E-01           
                      27  a2g        7.0586E+00           
                      28  a3g       -3.3424E+00           
                      29  a4g        3.3649E+00           
                      30  a5g        0.0000E+00       FIX 
                      31  kappa      4.0000E-01       FIX 
                      32  a6dv      -3.4680E-03           
                      33  a7dv       2.0000E+00       FIX 
                      34  off1      -3.2894E+00           
                      35  off2       5.9759E-02           
                      36  ht1       -3.4953E+00           
                      37  ht2        2.0484E+00           
                      38  ht3       -2.0446E+00           
                      39  ht4        0.0000E+00       FIX 
                      40  ht1n      -3.9216E+00           
                      41  ht2n       2.0698E+00           
                      42  ht3n      -2.0737E+00           
                      43  ht4n       0.0000E+00       FIX 
                      44  dummy44    0.0000E+00       FIX 
                      45  dummy45    0.0000E+00       FIX 
                      46  dummy46    0.0000E+00       FIX 
                      47  dummy47    0.0000E+00       FIX 
                      48  dummy48    0.0000E+00       FIX 
                      49  dummy49    0.0000E+00       FIX 
                      50  bcdmsh2    9.7224E-01           
                      51  bcdmsd2    9.9249E-01           
                      52  ccfr       1.0000E+00       FIX 
                      53  nutev      1.0000E+00       FIX 
                      54  zeus       9.7998E-01       FIX 
                      55  h1         1.0162E+00       FIX 
                      56  e605       1.0319E+00       FIX 
                      57  NmcH2      1.0081E+00           
                      58  ntv_nu     1.0000E+00       FIX 
                      59  ntv_nuba   1.0000E+00       FIX 
                      60  cdf_jet    9.8910E-01       FIX 
                      61  d0_jet     8.3504E-01       FIX 
                      62  slac_p     1.0043E+00           
                      63  slac_d     1.0036E+00           
                      64  e866pp     9.6977E-01           
                      65  e866pd     9.6242E-01           
                      66  d0_gamje   1.0390E+00           
                      67  h1b        9.7608E-01       FIX 
                      68  jlab_p     9.9231E-01           
                      69  jlab_d     9.7574E-01           
                      70  blank      1.0000E+00       FIX 
                      71  d0run2     9.4032E-01           
                      72  cdfrun2    9.2742E-01           
                      73  HERA_el    1.0000E+00       FIX 
                      74  HERA_ps    1.0000E+00       FIX 
                      75  CDF_Z      9.6272E-01           
                      76  NmcRat     1.0000E+00       FIX 
                      77  BNS_F2nd   9.8361E-01           
                      78  HERMES_F   9.9790E-01           
                      79  HERMES_F   9.7986E-01           
 ------------------------------------------------------------
     3    4.70619E+03
                       1  LAMBDA     2.2680E-01       FIX 
                       2  a0uv       2.0867E+00       FIX 
                       3  a1uv       5.8300E-01           
                       4  a2uv       3.5532E+00           
                       5  a3uv       0.0000E+00       FIX 
                       6  a4uv       4.2002E+00           
                       7  a5uv       0.0000E+00       FIX 
                       8  a0dv       2.5412E+01       FIX 
                       9  a1dv       1.1625E+00           
                      10  a2dv       6.5985E+00           
                      11  a3dv      -3.5453E+00           
                      12  a4dv       4.7363E+00           
                      13  a5dv       0.0000E+00       FIX 
                      14  a0ud       1.4384E-01           
                      15  a1ud      -2.0967E-01           
                      16  a2ud       8.3651E+00           
                      17  a3ud       0.0000E+00       FIX 
                      18  a4ud       1.5126E+01           
                      19  a5ud       0.0000E+00       FIX 
                      20  a0du       3.5712E+04       FIX 
                      21  a1du       4.0726E+00           
                      22  a2du       2.0017E+01           
                      23  a3du       1.7000E+01       FIX 
                      24  a4du       5.2144E+01           
                      25  a0g        4.8890E+01       FIX 
                      26  a1g        6.1575E-01           
                      27  a2g        7.1108E+00           
                      28  a3g       -3.3928E+00           
                      29  a4g        3.4715E+00           
                      30  a5g        0.0000E+00       FIX 
                      31  kappa      4.0000E-01       FIX 
                      32  a6dv      -3.6454E-03           
                      33  a7dv       2.0000E+00       FIX 
                      34  off1      -2.9931E+00           
                      35  off2       5.9747E-02           
                      36  ht1       -3.5823E+00           
                      37  ht2        2.1004E+00           
                      38  ht3       -2.0441E+00           
                      39  ht4        0.0000E+00       FIX 
                      40  ht1n      -3.8048E+00           
                      41  ht2n       2.0424E+00           
                      42  ht3n      -2.0827E+00           
                      43  ht4n       0.0000E+00       FIX 
                      44  dummy44    0.0000E+00       FIX 
                      45  dummy45    0.0000E+00       FIX 
                      46  dummy46    0.0000E+00       FIX 
                      47  dummy47    0.0000E+00       FIX 
                      48  dummy48    0.0000E+00       FIX 
                      49  dummy49    0.0000E+00       FIX 
                      50  bcdmsh2    9.7092E-01           
                      51  bcdmsd2    9.9101E-01           
                      52  ccfr       1.0000E+00       FIX 
                      53  nutev      1.0000E+00       FIX 
                      54  zeus       9.7998E-01       FIX 
                      55  h1         1.0162E+00       FIX 
                      56  e605       1.0319E+00       FIX 
                      57  NmcH2      1.0070E+00           
                      58  ntv_nu     1.0000E+00       FIX 
                      59  ntv_nuba   1.0000E+00       FIX 
                      60  cdf_jet    9.8910E-01       FIX 
                      61  d0_jet     8.3504E-01       FIX 
                      62  slac_p     1.0032E+00           
                      63  slac_d     1.0022E+00           
                      64  e866pp     9.7509E-01           
                      65  e866pd     9.6595E-01           
                      66  d0_gamje   1.0374E+00           
                      67  h1b        9.7608E-01       FIX 
                      68  jlab_p     9.9143E-01           
                      69  jlab_d     9.7456E-01           
                      70  blank      1.0000E+00       FIX 
                      71  d0run2     9.4216E-01           
                      72  cdfrun2    9.2942E-01           
                      73  HERA_el    1.0000E+00       FIX 
                      74  HERA_ps    1.0000E+00       FIX 
                      75  CDF_Z      9.6090E-01           
                      76  NmcRat     1.0000E+00       FIX 
                      77  BNS_F2nd   9.8212E-01           
                      78  HERMES_F   9.9692E-01           
                      79  HERMES_F   9.7861E-01           
 ------------------------------------------------------------
     4    4.70617E+03
                       1  LAMBDA     2.2680E-01    0.0000E+00
                       2  a0uv       1.9621E+00    0.0000E+00
                       3  a1uv       5.6939E-01    2.3524E-02
                       4  a2uv       3.5561E+00    1.1719E-02
                       5  a3uv       0.0000E+00    0.0000E+00
                       6  a4uv       4.5452E+00    6.2705E-01
                       7  a5uv       0.0000E+00    0.0000E+00
                       8  a0dv       2.4686E+01    0.0000E+00
                       9  a1dv       1.1546E+00    3.3823E-02
                      10  a2dv       6.6010E+00    1.6100E-01
                      11  a3dv      -3.5509E+00    8.6157E-02
                      12  a4dv       4.7796E+00    1.4036E-01
                      13  a5dv       0.0000E+00    0.0000E+00
                      14  a0ud       1.4236E-01    4.9912E-03
                      15  a1ud      -2.1060E-01    3.8174E-03
                      16  a2ud       8.4389E+00    1.8847E-01
                      17  a3ud       0.0000E+00    0.0000E+00
                      18  a4ud       1.5848E+01    1.3096E+00
                      19  a5ud       0.0000E+00    0.0000E+00
                      20  a0du       3.5712E+04    0.0000E+00
                      21  a1du       4.0622E+00    8.0682E-02
                      22  a2du       2.0072E+01    9.2890E-01
                      23  a3du       1.7000E+01    0.0000E+00
                      24  a4du       4.8201E+01    1.0165E+01
                      25  a0g        4.7561E+01    0.0000E+00
                      26  a1g        6.0945E-01    3.2633E-02
                      27  a2g        6.8339E+00    9.7744E-01
                      28  a3g       -3.3796E+00    1.4796E-01
                      29  a4g        3.3881E+00    3.7589E-01
                      30  a5g        0.0000E+00    0.0000E+00
                      31  kappa      4.0000E-01    0.0000E+00
                      32  a6dv      -3.8451E-03    6.7704E-04
                      33  a7dv       2.0000E+00    0.0000E+00
                      34  off1      -2.7865E+00    1.7927E+00
                      35  off2       5.9996E-02    1.2530E-03
                      36  ht1       -3.5980E+00    3.5028E-01
                      37  ht2        2.1042E+00    1.2600E-01
                      38  ht3       -2.0469E+00    3.5745E-02
                      39  ht4        0.0000E+00    0.0000E+00
                      40  ht1n      -3.5697E+00    1.0372E+00
                      41  ht2n       1.9661E+00    3.4906E-01
                      42  ht3n      -2.1072E+00    6.5761E-02
                      43  ht4n       0.0000E+00    0.0000E+00
                      44  dummy44    0.0000E+00    0.0000E+00
                      45  dummy45    0.0000E+00    0.0000E+00
                      46  dummy46    0.0000E+00    0.0000E+00
                      47  dummy47    0.0000E+00    0.0000E+00
                      48  dummy48    0.0000E+00    0.0000E+00
                      49  dummy49    0.0000E+00    0.0000E+00
                      50  bcdmsh2    9.7012E-01    4.8535E-03
                      51  bcdmsd2    9.8970E-01    5.8513E-03
                      52  ccfr       1.0000E+00    0.0000E+00
                      53  nutev      1.0000E+00    0.0000E+00
                      54  zeus       9.7998E-01    0.0000E+00
                      55  h1         1.0162E+00    0.0000E+00
                      56  e605       1.0319E+00    0.0000E+00
                      57  NmcH2      1.0064E+00    7.1356E-03
                      58  ntv_nu     1.0000E+00    0.0000E+00
                      59  ntv_nuba   1.0000E+00    0.0000E+00
                      60  cdf_jet    9.8910E-01    0.0000E+00
                      61  d0_jet     8.3504E-01    0.0000E+00
                      62  slac_p     1.0024E+00    5.0368E-03
                      63  slac_d     1.0012E+00    5.3134E-03
                      64  e866pp     9.7924E-01    2.0080E-02
                      65  e866pd     9.7065E-01    1.6451E-02
                      66  d0_gamje   1.0357E+00    1.6492E-02
                      67  h1b        9.7608E-01    0.0000E+00
                      68  jlab_p     9.9092E-01    6.2850E-03
                      69  jlab_d     9.7387E-01    6.0181E-03
                      70  blank      1.0000E+00    0.0000E+00
                      71  d0run2     9.4292E-01    1.4214E-02
                      72  cdfrun2    9.2995E-01    1.7322E-02
                      73  HERA_el    1.0000E+00    0.0000E+00
                      74  HERA_ps    1.0000E+00    0.0000E+00
                      75  CDF_Z      9.6071E-01    6.6812E-03
                      76  NmcRat     1.0000E+00    0.0000E+00
                      77  BNS_F2nd   9.8656E-01    1.2636E-02
                      78  HERMES_F   9.9617E-01    5.6764E-03
                      79  HERMES_F   9.7751E-01    5.8446E-03
0 MINIMIZATION TERMINATED WITH STEP  4
  TOLERANCE CRITERION      SATISFIED
0 CHI SQUARED PER DEGREE OF FREEDOM IS  1.046E+00
   1.000 -0.282 -0.985  0.205 -0.032  0.145 -0.295  0.459  0.396 -0.327 -0.542 -0.279 -0.132 -0.077  0.179  0.173  0.024  0.030  0.251 -0.064 -0.099  0.154 -0.251  0.030 -0.079  0.048  0.116  0.300  0.240  0.150  0.297  0.280 -0.455 -0.251  0.096  0.191  0.226 -0.142 -0.115  0.405  0.025  0.254  0.243
  -0.282  1.000  0.416  0.207  0.262 -0.101  0.070 -0.102 -0.100  0.353  0.240  0.165 -0.066  0.098  0.044  0.097 -0.002  0.053 -0.230 -0.160  0.034 -0.620  0.376  0.242  0.164 -0.111  0.013  0.148  0.067  0.047  0.021  0.062  0.106  0.019  0.007  0.152  0.083 -0.075 -0.040  0.018  0.031  0.076  0.065
  -0.985  0.416  1.000 -0.140  0.090 -0.164  0.299 -0.443 -0.387  0.378  0.568  0.297  0.128  0.100 -0.153 -0.133 -0.013 -0.025 -0.267  0.047  0.089 -0.227  0.284  0.025  0.092 -0.063 -0.113 -0.202 -0.168 -0.096 -0.205 -0.190  0.502  0.297 -0.085 -0.108 -0.148  0.103  0.084 -0.333 -0.018 -0.168 -0.163
   0.205  0.207 -0.140  1.000  0.838 -0.655  0.018  0.128  0.083 -0.107 -0.225  0.353 -0.097  0.305  0.323  0.234 -0.233  0.238  0.295  0.130 -0.290 -0.095  0.028  0.130 -0.315  0.283  0.176  0.265  0.216  0.119  0.245  0.221  0.088 -0.123  0.067  0.177  0.171 -0.034 -0.038  0.103 -0.115  0.234  0.220
  -0.032  0.262  0.090  0.838  1.000 -0.882  0.516 -0.081 -0.097  0.146  0.088  0.197  0.025  0.254  0.217  0.175 -0.214  0.211 -0.082  0.154 -0.129 -0.014 -0.053  0.065 -0.239  0.144  0.157  0.170  0.120  0.119  0.132  0.056  0.150 -0.001  0.028  0.089 -0.004 -0.016 -0.022  0.058 -0.098  0.143  0.098
   0.145 -0.101 -0.164 -0.655 -0.882  1.000 -0.719  0.252  0.246 -0.129 -0.233 -0.084 -0.052 -0.339 -0.166 -0.183  0.234 -0.245 -0.032 -0.032  0.144  0.002  0.033 -0.036  0.271 -0.193 -0.131 -0.076 -0.066 -0.134 -0.051 -0.020 -0.198 -0.116  0.003 -0.020  0.018 -0.005  0.001  0.004  0.028 -0.082 -0.072
  -0.295  0.070  0.299  0.018  0.516 -0.719  1.000 -0.381 -0.342  0.430  0.556 -0.264  0.219  0.043 -0.066  0.030 -0.043  0.055 -0.359 -0.022  0.158  0.101 -0.136 -0.042 -0.046 -0.066  0.011 -0.020 -0.021  0.118 -0.043 -0.086  0.177  0.285 -0.051 -0.041 -0.115 -0.021 -0.017  0.040  0.074 -0.006 -0.027
   0.459 -0.102 -0.443  0.128 -0.081  0.252 -0.381  1.000  0.968 -0.395 -0.788  0.035 -0.099 -0.124 -0.083 -0.025  0.172 -0.117  0.128  0.070 -0.039  0.025 -0.066  0.031 -0.074  0.068  0.040  0.226  0.193  0.153  0.213  0.216 -0.113 -0.096  0.092  0.148  0.194  0.023  0.015  0.302 -0.012  0.196  0.188
   0.396 -0.100 -0.387  0.083 -0.097  0.246 -0.342  0.968  1.000 -0.346 -0.733  0.023 -0.084 -0.128 -0.190 -0.096  0.215 -0.170  0.103  0.068 -0.022  0.027 -0.059  0.016 -0.062  0.057  0.032  0.174  0.149  0.129  0.159  0.160 -0.118 -0.102  0.078  0.108  0.146  0.040  0.026  0.242 -0.012  0.145  0.139
  -0.327  0.353  0.378 -0.107  0.146 -0.129  0.430 -0.395 -0.346  1.000  0.738 -0.268  0.383 -0.199 -0.103 -0.216 -0.151 -0.011 -0.305  0.183  0.280  0.026  0.052 -0.162  0.137 -0.137 -0.072 -0.088 -0.038  0.009 -0.050 -0.041  0.006  0.030 -0.030  0.015 -0.046  0.127  0.071 -0.071 -0.069 -0.018 -0.002
  -0.542  0.240  0.568 -0.225  0.088 -0.233  0.556 -0.788 -0.733  0.738  1.000 -0.232  0.230 -0.153 -0.088 -0.154 -0.052 -0.074 -0.290 -0.023  0.364  0.015 -0.014 -0.088  0.242 -0.272 -0.142 -0.032 -0.022  0.056  0.014  0.011  0.303  0.425 -0.102  0.055 -0.007 -0.044 -0.058  0.029  0.095  0.038  0.043
  -0.279  0.165  0.297  0.353  0.197 -0.084 -0.264  0.035  0.023 -0.268 -0.232  1.000 -0.514  0.334  0.119  0.052 -0.099  0.095  0.155  0.052 -0.420 -0.138  0.223  0.080 -0.247  0.257  0.158 -0.033  0.003 -0.042 -0.006 -0.026  0.331 -0.097  0.027 -0.020 -0.010  0.074  0.059 -0.267 -0.175  0.019 -0.035
  -0.132 -0.066  0.128 -0.097  0.025 -0.052  0.219 -0.099 -0.084  0.383  0.230 -0.514  1.000  0.111 -0.143 -0.044  0.125 -0.088 -0.128  0.279 -0.054  0.233 -0.226 -0.134 -0.150  0.164  0.173  0.027  0.037  0.034  0.027  0.023  0.134  0.031  0.018  0.030  0.011 -0.036 -0.025 -0.075 -0.202 -0.007  0.030
  -0.077  0.098  0.100  0.305  0.254 -0.339  0.043 -0.124 -0.128 -0.199 -0.153  0.334  0.111  1.000  0.175  0.339 -0.214  0.355  0.185 -0.108 -0.747 -0.129  0.217  0.087 -0.310  0.356  0.342  0.073  0.051  0.120  0.086  0.016  0.232 -0.104  0.073  0.038 -0.007  0.034  0.048 -0.310 -0.302  0.084  0.044
   0.179  0.044 -0.153  0.323  0.217 -0.166 -0.066 -0.083 -0.190 -0.103 -0.088  0.119 -0.143  0.175  1.000  0.725 -0.751  0.818  0.145 -0.040 -0.183 -0.088  0.121  0.081 -0.056  0.093  0.002  0.110  0.102 -0.032  0.132  0.160 -0.072 -0.104  0.048  0.091  0.129 -0.007  0.020  0.043 -0.013  0.129  0.145
   0.173  0.097 -0.133  0.234  0.175 -0.183  0.030 -0.025 -0.096 -0.216 -0.154  0.052 -0.044  0.339  0.725  1.000 -0.381  0.786  0.089 -0.077 -0.350 -0.240  0.222  0.275 -0.142  0.184  0.003  0.155  0.152  0.067  0.180  0.263  0.012 -0.006  0.057  0.121  0.237 -0.236 -0.106  0.060  0.020  0.173  0.225
   0.024 -0.002 -0.013 -0.233 -0.214  0.234 -0.043  0.172  0.215 -0.151 -0.052 -0.099  0.125 -0.214 -0.751 -0.381  1.000 -0.852 -0.109  0.012  0.106 -0.014 -0.177  0.165 -0.014 -0.052 -0.002  0.138  0.095  0.146  0.116  0.125  0.200  0.275 -0.028  0.095  0.137 -0.347 -0.260  0.270  0.113  0.071  0.072
   0.030  0.053 -0.025  0.238  0.211 -0.245  0.055 -0.117 -0.170 -0.011 -0.074  0.095 -0.088  0.355  0.818  0.786 -0.852  1.000  0.103 -0.036 -0.290 -0.139  0.284  0.032 -0.083  0.162  0.001 -0.081 -0.036 -0.095 -0.058 -0.010 -0.162 -0.244  0.051 -0.059 -0.018  0.142  0.153 -0.239 -0.084 -0.024  0.012
   0.251 -0.230 -0.267  0.295 -0.082 -0.032 -0.359  0.128  0.103 -0.305 -0.290  0.155 -0.128  0.185  0.145  0.089 -0.109  0.103  1.000 -0.251 -0.252 -0.115  0.111  0.086 -0.291  0.346  0.078  0.087  0.114  0.032  0.096  0.203 -0.044 -0.108  0.037  0.064  0.248 -0.014 -0.007  0.023 -0.004  0.094  0.162
  -0.064 -0.160  0.047  0.130  0.154 -0.032 -0.022  0.070  0.068  0.183 -0.023  0.052  0.279 -0.108 -0.040 -0.077  0.012 -0.036 -0.251  1.000  0.040  0.249 -0.091 -0.174 -0.368  0.181  0.185 -0.098  0.073 -0.072 -0.004 -0.062  0.019 -0.131  0.020 -0.020 -0.012  0.088  0.057 -0.131 -0.384 -0.052 -0.032
  -0.099  0.034  0.089 -0.290 -0.129  0.144  0.158 -0.039 -0.022  0.280  0.364 -0.420 -0.054 -0.747 -0.183 -0.350  0.106 -0.290 -0.252  0.040  1.000  0.073 -0.213 -0.088  0.422 -0.435 -0.538 -0.029 -0.134 -0.013 -0.072 -0.064 -0.078  0.238 -0.091  0.001 -0.019 -0.004 -0.034  0.321  0.465 -0.039 -0.091
   0.154 -0.620 -0.227 -0.095 -0.014  0.002  0.101  0.025  0.027  0.026  0.015 -0.138  0.233 -0.129 -0.088 -0.240 -0.014 -0.139 -0.115  0.249  0.073  1.000 -0.796 -0.463 -0.242  0.149  0.155 -0.032 -0.009  0.024  0.021 -0.050  0.031  0.038 -0.001 -0.112 -0.089  0.089  0.028  0.046 -0.139 -0.023 -0.026
  -0.251  0.376  0.284  0.028 -0.053  0.033 -0.136 -0.066 -0.059  0.052 -0.014  0.223 -0.226  0.217  0.121  0.222 -0.177  0.284  0.111 -0.091 -0.213 -0.796  1.000  0.109  0.151 -0.094 -0.083 -0.135 -0.070 -0.107  0.019  0.010 -0.075 -0.151  0.007  0.061  0.046  0.095  0.107 -0.275 -0.144  0.006 -0.028
   0.030  0.242  0.025  0.130  0.065 -0.036 -0.042  0.031  0.016 -0.162 -0.088  0.080 -0.134  0.087  0.081  0.275  0.165  0.032  0.086 -0.174 -0.088 -0.463  0.109  1.000 -0.008  0.082 -0.509  0.163  0.091  0.046 -0.172  0.110  0.066  0.083  0.014 -0.264  0.098 -0.202 -0.126  0.115  0.480 -0.021  0.087
  -0.079  0.164  0.092 -0.315 -0.239  0.271 -0.046 -0.074 -0.062  0.137  0.242 -0.247 -0.150 -0.310 -0.056 -0.142 -0.014 -0.083 -0.291 -0.368  0.422 -0.242  0.151 -0.008  1.000 -0.886 -0.261  0.001 -0.068  0.011  0.021 -0.066 -0.058  0.190 -0.054  0.109 -0.244  0.009 -0.008  0.174  0.217  0.031 -0.066
   0.048 -0.111 -0.063  0.283  0.144 -0.193 -0.066  0.068  0.057 -0.137 -0.272  0.257  0.164  0.356  0.093  0.184 -0.052  0.162  0.346  0.181 -0.435  0.149 -0.094  0.082 -0.886  1.000  0.056 -0.060 -0.006 -0.059 -0.123  0.106  0.008 -0.280  0.059 -0.163  0.231  0.034  0.049 -0.267 -0.005 -0.110  0.068
