# fitpack15: fit parameters                                                                         
# CJ15 AV18 final data choices                                                                      
# Created on 01/15/2020 at 22:55:23                                                                 

 # QCD setup
  INS                           0
  NVL                          11
  IORD                          1
  Q02                   1.6899999999999999     
  IPARAMC                       7
  FLAVOR                4.0000000000000000     
  xmc                   1.3000000000000000     
  xmb                   4.5000000000000000     
  ncb                          12
  ihq                           1
  ias                           0

 # Theory corrections
  inuke                     10814
  itmc                          1
  iht                           1

 # fit parameters
 LAMBDA       0.22680        0.0000    
 a0uv          1.9538        0.0000    
 a1uv         0.56847       0.23578E-01
 a2uv          3.5568       0.11679E-01
 a3uv          0.0000        0.0000    
 a4uv          4.5714       0.63070    
 a5uv          0.0000        0.0000    
 a0dv          24.957        0.0000    
 a1dv          1.1564       0.33264E-01
 a2dv          6.6238       0.15964    
 a3dv         -3.5586       0.85216E-01
 a4dv          4.7884       0.13972    
 a5dv          0.0000        0.0000    
 a0ud         0.14191       0.49835E-02
 a1ud        -0.21088       0.38218E-02
 a2ud          8.4334       0.18942    
 a3ud          0.0000        0.0000    
 a4ud          15.826        1.3107    
 a5ud          0.0000        0.0000    
 a0du          35712.        0.0000    
 a1du          4.0844       0.85994E-01
 a2du          20.148       0.95942    
 a3du          17.000        0.0000    
 a4du          53.355        11.994    
 a0g           47.337        0.0000    
 a1g          0.60950       0.32524E-01
 a2g           6.7878       0.96584    
 a3g          -3.3797       0.14656    
 a4g           3.3868       0.37322    
 a5g           0.0000        0.0000    
 kappa        0.40000        0.0000    
 a6dv        -0.39561E-02   0.67428E-03
 a7dv          2.0000        0.0000    
 off1         -2.6686        1.7990    
 off2         0.61548E-01   0.38686E-02
 ht1          -3.5592       0.34649    
 ht2           2.0841       0.12513    
 ht3          -2.0481       0.35599E-01
 ht4           0.0000        0.0000    
 ht1n         -3.6869        1.0305    
 ht2n          1.9849       0.34267    
 ht3n         -2.1308       0.67693E-01
 ht4n          0.0000        0.0000    
 dummy44       0.0000        0.0000    
 dummy45       0.0000        0.0000    
 dummy46       0.0000        0.0000    
 dummy47       0.0000        0.0000    
 dummy48       0.0000        0.0000    
 dummy49       0.0000        0.0000    
 bcdmsh2      0.97007       0.48554E-02
 bcdmsd2      0.99009       0.58577E-02
 ccfr          1.0000        0.0000    
 nutev         1.0000        0.0000    
 zeus         0.97998        0.0000    
 h1            1.0162        0.0000    
 e605          1.0319        0.0000    
 NmcH2         1.0066       0.71353E-02
 ntv_nu        1.0000        0.0000    
 ntv_nubar     1.0000        0.0000    
 cdf_jet      0.98910        0.0000    
 d0_jet       0.83504        0.0000    
 slac_p        1.0020       0.50398E-02
 slac_d        1.0013       0.53168E-02
 e866pp       0.98217       0.19970E-01
 e866pd       0.97019       0.16433E-01
 d0_gamjet     1.0362       0.16486E-01
 h1b          0.97608        0.0000    
 jlab_p       0.99055       0.62869E-02
 jlab_d       0.97452       0.60250E-02
 blank         1.0000        0.0000    
 d0run2       0.94494       0.14234E-01
 cdfrun2      0.93149       0.17329E-01
 HERA_el       1.0000        0.0000    
 HERA_ps       1.0000        0.0000    
 CDF_Z        0.95924       0.66214E-02
 NmcRat        1.0000        0.0000    
 BNS_F2nd     0.98339       0.12121E-01
 HERMES_F2p   0.99589       0.56764E-02
 HERMES_F2d   0.97762       0.58507E-02
 END 0. 0.

 # Hessian matrix (Bevington alpha)
   0.51981011121552E+07 -0.13320837757982E+07  0.19514577558820E+06  0.50570473047542E+06 -0.12802616781045E+06 -0.29500076639532E+05  0.53216654664066E+05  0.98894401001035E+06 -0.18404331743411E+06 -0.50125236153480E+05  0.72921490472185E+04  0.15345247240762E+05  0.17217049087774E+04 -0.10614620546795E+03  0.97455180537795E+04 -0.21710270690789E+04  0.10395574296180E+05  0.74635171488818E+04 -0.78093725736136E+07 -0.11759869521226E+04  0.37128786381421E+07  0.35699708794327E+05  0.12491227460206E+06  0.22942677742573E+06  0.12313505870902E+05  0.47331942481510E+05  0.24441517517150E+06 -0.13224644473820E+06 -0.56067947399308E+05 -0.52640712587833E+04 -0.86877473485564E+06 -0.11264073192544E+07 -0.20985432064262E+05 -0.47523981544126E+05 -0.32094006392423E+04 -0.20494721417158E+06 -0.23106973324603E+06 -0.92274100660740E+04 -0.32570888184431E+04 -0.18087562004647E+05  0.17186489966874E+05 -0.74370524101635E+05 -0.58640663945160E+05
  -0.13320837757982E+07  0.41653043736264E+06 -0.51082012209954E+05 -0.13768128587195E+06  0.34542089334738E+05  0.10635187071682E+05 -0.11124596328643E+05 -0.12536025571959E+06  0.26416176783360E+05  0.73827883741836E+04 -0.87476650758860E+03 -0.11986864179568E+04 -0.13910072459782E+03  0.12725326110998E+02  0.64303638743436E+03 -0.52971529671752E+02  0.13611896155490E+03  0.75784517034091E+02  0.26112252790404E+07  0.49607651669318E+03 -0.10635951429190E+07 -0.71689631896197E+04 -0.28659987582707E+05 -0.58847368741051E+05 -0.28632383410247E+04 -0.11818802777960E+05 -0.66899564583525E+05  0.16791502346368E+05  0.82879346068372E+04 -0.19430315504994E+03  0.21056812076452E+06  0.26593083664921E+06  0.57492537250803E+04  0.13188961414609E+05  0.42295301169385E+03  0.63907207551261E+05  0.71518532034299E+05  0.24370776017434E+04  0.77163935417942E+03 -0.22136584058858E+04 -0.22641999123091E+04  0.86858908907613E+04  0.72941285602862E+04
   0.19514577558820E+06 -0.51082012209954E+05  0.73793252815118E+04  0.18782044927444E+05 -0.48671186601282E+04 -0.13560725072700E+04  0.19167479785092E+04  0.28004996203027E+05 -0.50614814428818E+04 -0.16634598491484E+04  0.20995564331350E+03  0.41653738010347E+03  0.52983841957536E+02 -0.40273821274305E+01 -0.27654048722060E+03 -0.77817870757743E+01 -0.12581898246987E+03 -0.46817575942509E+01 -0.30051253982216E+06 -0.46571667945538E+02  0.14083254263224E+06  0.13087553388694E+04  0.45857164368629E+04  0.85607334398544E+04  0.45541913112177E+03  0.17568153581470E+04  0.92032274347838E+04 -0.46780157414801E+04 -0.19846358667270E+04  0.18534072385861E+02 -0.31872132947339E+05 -0.41500509558671E+05 -0.79958084877537E+03 -0.18176752069423E+04 -0.10090591344394E+03 -0.79150198717524E+04 -0.89060757990808E+04 -0.34639704629150E+03 -0.12105052371679E+03 -0.66135985975414E+02  0.61269236496379E+03 -0.22223012146816E+04 -0.17934263947892E+04
   0.50570473047542E+06 -0.13768128587195E+06  0.18782044927444E+05  0.40167928835395E+06 -0.62408922918533E+05  0.74214248971718E+05  0.64014003116446E+05  0.36326807341450E+06 -0.27990050804398E+05 -0.18333303119738E+05  0.31793746317845E+04 -0.13963398272176E+04 -0.15046380545019E+03  0.54922416520263E+02  0.31020608358024E+05 -0.37756448551948E+04  0.24967721341352E+05  0.14022235349102E+05 -0.22768469369838E+07 -0.13827660851934E+03  0.10319393493755E+07  0.12949878563248E+05  0.38076237996083E+05  0.90964058948658E+05  0.41401107280172E+04  0.14995077193094E+05  0.67758728243269E+05 -0.12876977759509E+05 -0.21337878848440E+05 -0.69334679719217E+02 -0.66400497060836E+05 -0.34496453605759E+06 -0.13663234676023E+04 -0.24941852413043E+04 -0.70873565049472E+02 -0.11790104011426E+05 -0.53247931903193E+05 -0.24799802424389E+04 -0.96396258830158E+03 -0.98390927325375E+04 -0.15875977740588E+05 -0.72663137857360E+04 -0.21541224478350E+05
  -0.12802616781045E+06  0.34542089334738E+05 -0.48671186601282E+04 -0.62408922918533E+05  0.11443076596753E+05 -0.74342996264894E+04 -0.91082575198419E+04 -0.33365532908211E+05  0.51793210820059E+03  0.23589573307897E+04 -0.31694010261024E+03 -0.19944680623069E+02  0.50670004345613E+01 -0.48878575483513E+01 -0.26040992653157E+04  0.32175593953705E+03 -0.20420006704595E+04 -0.11621138488029E+04  0.48648523630579E+06  0.49830677716106E+02 -0.21206253793716E+06 -0.24066131689566E+04 -0.70939357576431E+04 -0.17468836515052E+05 -0.72873850270706E+03 -0.26895744049110E+04 -0.13299131197584E+05  0.19986561350554E+04  0.33601513576280E+04 -0.57161930080801E+02  0.11786704881471E+05  0.62549639283371E+05  0.31989260178089E+03  0.56363926922210E+03  0.89668823105695E+01  0.28988585706402E+04  0.12902099733879E+05  0.46551248483876E+03  0.17259065001579E+03  0.37161628600044E+03  0.25081652611266E+04  0.81513238930662E+03  0.25153934867425E+04
  -0.29500076639532E+05  0.10635187071682E+05 -0.13560725072700E+04  0.74214248971718E+05 -0.74342996264894E+04  0.24347351721137E+05  0.14530541949681E+05  0.11075313470473E+06 -0.10499120667126E+05 -0.45702312568522E+04  0.95010712949510E+03 -0.71268085555548E+03 -0.67051087688094E+02  0.18631412476226E+02  0.94942062340720E+04 -0.11866796044011E+04  0.77363159842593E+04  0.44091656840216E+04 -0.44607187884613E+05  0.61968018236589E+02  0.55956745974262E+05  0.14248597113584E+04  0.40253318230568E+04  0.80737335143138E+04  0.56375517239417E+03  0.18606403556561E+04  0.51462160256103E+04 -0.27325012287355E+04 -0.41930881418754E+04  0.15137995061735E+03 -0.84180738775135E+04 -0.41129904269029E+05  0.14832165721994E+02 -0.73329014900118E+01 -0.18716243344295E+02  0.46692941350503E+03  0.17584709742460E+04 -0.24451661667879E+03 -0.12624492520435E+03 -0.31619741332916E+04 -0.32542635092594E+04 -0.18582153248247E+04 -0.53394106979622E+04
   0.53216654664066E+05 -0.11124596328643E+05  0.19167479785092E+04  0.64014003116446E+05 -0.91082575198419E+04  0.14530541949681E+05  0.11298474852160E+05  0.60999368110174E+05 -0.34839480426578E+04 -0.32530276895309E+04  0.55103525210008E+03 -0.23257655562105E+03 -0.26992350804962E+02  0.97728084588163E+01  0.48763161018535E+04 -0.61802126615665E+03  0.38621427039085E+04  0.22292357341090E+04 -0.23943964123883E+06  0.11208086997040E+02  0.12949410256694E+06  0.19063470233907E+04  0.54600983843292E+04  0.12430690141097E+05  0.64741068514709E+03  0.22321136209485E+04  0.88638121687584E+04 -0.24581790375434E+04 -0.38522778603589E+04  0.13745718485189E+03 -0.98145331750245E+04 -0.51180166714402E+05 -0.15353958952172E+03 -0.27302026508811E+03 -0.13081077706857E+02 -0.97685401483786E+03 -0.45690494966520E+04 -0.35360860571643E+03 -0.14950404338223E+03 -0.13423968472899E+04 -0.31111607864536E+04 -0.11475248442698E+04 -0.34167227384229E+04
   0.98894401001035E+06 -0.12536025571959E+06  0.28004996203027E+05  0.36326807341450E+06 -0.33365532908211E+05  0.11075313470473E+06  0.60999368110174E+05  0.53952567645781E+07 -0.24108693465443E+07 -0.89505813584729E+05  0.25964066481730E+05  0.26548094545485E+05  0.17950511782587E+04  0.97805834575839E+02  0.89428896996647E+05 -0.11353627794611E+05  0.83085418752086E+05  0.45015793744637E+05 -0.58748407796333E+06  0.43596385647669E+03  0.42807220867950E+06  0.17969859703819E+05  0.58892832797966E+05  0.95102481850873E+05  0.62596831598778E+04  0.22963569617306E+05  0.70244380440123E+05 -0.63170231742351E+05 -0.50622650430108E+05 -0.70510051830820E+05 -0.29594615766507E+06 -0.58095280834921E+06 -0.74034009720534E+05 -0.16648509794414E+06 -0.14151118684625E+04 -0.56675273917491E+04 -0.11145847641314E+05  0.24826189391041E+03  0.25781859359784E+03 -0.27464837018323E+06 -0.87633793676134E+04 -0.14479830738517E+06 -0.17848036090216E+06
  -0.18404331743411E+06  0.26416176783360E+05 -0.50614814428818E+04 -0.27990050804398E+05  0.51793210820059E+03 -0.10499120667126E+05 -0.34839480426578E+04 -0.24108693465443E+07  0.19287420580816E+07  0.19487341855696E+05 -0.64032955906271E+04 -0.55715387990660E+04 -0.30754945959936E+03 -0.13694929888181E+02  0.47996680169912E+05 -0.22233733171181E+04  0.14682778950003E+05  0.70236705596948E+04 -0.25908234107617E+05 -0.96851587159208E+02 -0.56894451730305E+04 -0.34464227880555E+04 -0.11923309385676E+05 -0.17686633166113E+05 -0.12486931432226E+04 -0.47658085148383E+04 -0.12807063535568E+05  0.11575266631186E+05  0.10932688075865E+05  0.24767561841640E+05  0.67171622293341E+05  0.12752685765600E+06  0.22917285125586E+05  0.51609662437815E+05  0.19194770151342E+03  0.59664588422199E+03  0.12073970910882E+04 -0.12506998658070E+04 -0.69493565069198E+03  0.11311465982542E+06  0.15651282467702E+04  0.45305215164174E+05  0.55311296431710E+05
  -0.50125236153480E+05  0.73827883741836E+04 -0.16634598491484E+04 -0.18333303119738E+05  0.23589573307897E+04 -0.45702312568522E+04 -0.32530276895309E+04 -0.89505813584729E+05  0.19487341855696E+05  0.26601474207896E+04 -0.61282921758510E+03 -0.66039940635240E+03 -0.58639710865470E+02 -0.17495427193597E+01 -0.40321498413846E+04  0.49316348582002E+03 -0.32717531066367E+04 -0.18545237464303E+04  0.56424360761681E+05 -0.12357678696951E+02 -0.38295303625048E+05 -0.81178929991452E+03 -0.24974170413572E+04 -0.44629433271837E+04 -0.27013938483727E+03 -0.95024647352836E+03 -0.34226948821438E+04  0.27550229138871E+04  0.19003586932333E+04  0.73810670403666E+03  0.11032558913945E+05  0.22900370955961E+05  0.14959995667303E+04  0.33055084658829E+04  0.43792189522101E+02  0.55267929246070E+03  0.10501689311034E+04  0.12949051190071E+03  0.57717638474480E+02  0.31407780369824E+04  0.43473800930375E+03  0.28406541843794E+04  0.35878590182140E+04
   0.72921490472185E+04 -0.87476650758860E+03  0.20995564331350E+03  0.31793746317845E+04 -0.31694010261024E+03  0.95010712949510E+03  0.55103525210008E+03  0.25964066481730E+05 -0.64032955906271E+04 -0.61282921758510E+03  0.16560137821633E+03  0.18524774862162E+03  0.13530494062296E+02  0.64971333644918E+00  0.12218659523171E+04 -0.13550630841112E+03  0.95882469274568E+03  0.52203980872185E+03 -0.60024964756958E+04  0.30107010795470E+01  0.39849809955016E+04  0.12848250944335E+03  0.41372295174319E+03  0.68611389819449E+03  0.44185831277416E+02  0.15983543639510E+03  0.50908426454816E+03 -0.46063419337767E+03 -0.34734098745609E+03 -0.33416594103553E+03 -0.19895111651084E+04 -0.39539379360627E+04 -0.41596350878402E+03 -0.93577303916551E+03 -0.10795583268512E+02 -0.44394205688477E+02 -0.87148005005150E+02 -0.13074610053668E+02 -0.61499457003344E+01 -0.11286319797499E+04 -0.63788688152246E+02 -0.81173871540398E+03 -0.10077659620503E+04
   0.15345247240762E+05 -0.11986864179568E+04  0.41653738010347E+03 -0.13963398272176E+04 -0.19944680623069E+02 -0.71268085555548E+03 -0.23257655562105E+03  0.26548094545485E+05 -0.55715387990660E+04 -0.66039940635240E+03  0.18524774862162E+03  0.15627298704249E+04  0.10412442090619E+03 -0.11726543939357E+01  0.13697872574364E+04 -0.19232019985173E+03  0.13522681011457E+04  0.78449314905334E+03 -0.60092114482788E+04 -0.47832436921179E+01  0.18766279665571E+04  0.12503112815870E+02  0.18859144322529E+03 -0.36670709183958E+03 -0.20957755450612E+02 -0.87280676731607E+02 -0.20649294916408E+03 -0.11128064979735E+04 -0.77249294798338E-01 -0.68522769785847E+03 -0.49638320518781E+04 -0.17003343029413E+02 -0.22422029849356E+04 -0.68744329489010E+02 -0.77366232072717E+02 -0.20235523779171E+00  0.31513539048233E-02 -0.16988541032174E+01 -0.72763946816918E+00  0.29022089873834E+03  0.30316737694769E+03 -0.26658521950196E+04 -0.46966491586943E+01
   0.17217049087774E+04 -0.13910072459782E+03  0.52983841957536E+02 -0.15046380545019E+03  0.50670004345613E+01 -0.67051087688094E+02 -0.26992350804962E+02  0.17950511782587E+04 -0.30754945959936E+03 -0.58639710865470E+02  0.13530494062296E+02  0.10412442090619E+03  0.94292412468556E+01 -0.16819692106712E+00  0.76765023302239E+02 -0.12925458035629E+02  0.79993768021541E+02  0.50617285554774E+02 -0.28750326481991E+03 -0.42152237546577E+00 -0.74047641551520E+02  0.30027642545559E+01  0.23607823625765E+02 -0.42913615962931E+02 -0.23901155506821E+01 -0.91352385675831E+01 -0.18544945026118E+02 -0.16371108797990E+03 -0.10081215451558E-01 -0.26975429994697E+02 -0.58392445138499E+03 -0.19253441163929E+01 -0.14132260947680E+03 -0.18021468160291E+02 -0.62895322558675E+01 -0.14459797416424E+00  0.21246807660178E-02 -0.17974523865514E+00 -0.69806051791324E-01  0.28727132888812E+02  0.67729674073890E+02 -0.19324925484762E+03 -0.36579958926463E+00
  -0.10614620546795E+03  0.12725326110998E+02 -0.40273821274305E+01  0.54922416520263E+02 -0.48878575483513E+01  0.18631412476226E+02  0.97728084588163E+01  0.97805834575839E+02 -0.13694929888181E+02 -0.17495427193597E+01  0.64971333644918E+00 -0.11726543939357E+01 -0.16819692106712E+00  0.48263387212749E-01  0.14038187046020E+02 -0.10858432006022E+01  0.84924337973465E+01  0.40032464156950E+01 -0.79474762489800E+02  0.29793650638226E-01  0.65253726029076E+02  0.35327482746240E+00  0.90904466951729E+00  0.32222435635558E+01  0.13489577083430E+00  0.44705454076994E+00  0.21437721088989E+01  0.67900164678734E-01 -0.25351256638236E-04 -0.58698233096825E+01 -0.73000550549624E+00 -0.19002046413387E-02 -0.30621893267295E+01 -0.13310704712837E-04 -0.13415583918097E+00 -0.61832824590389E-14 -0.61890037593155E-12 -0.16101135611522E-02 -0.88484582160581E-03 -0.15750397159226E+01  0.37355699880979E-04 -0.30018375778724E+01 -0.35085391714373E-02
   0.97455180537795E+04  0.64303638743436E+03 -0.27654048722060E+03  0.31020608358024E+05 -0.26040992653157E+04  0.94942062340720E+04  0.48763161018535E+04  0.89428896996647E+05  0.47996680169912E+05 -0.40321498413846E+04  0.12218659523171E+04  0.13697872574364E+04  0.76765023302239E+02  0.14038187046020E+02  0.49665322722186E+05 -0.46304403566335E+04  0.33438100771124E+05  0.17437913006983E+05 -0.55270238615353E+05  0.14195881065964E+01 -0.12609323928401E+05 -0.13977976775726E+03 -0.43144690731564E+03 -0.45225473280536E+03 -0.44818593635737E+02 -0.15633675154417E+03 -0.44571822242315E+03 -0.27051149274335E+04 -0.17741198233272E+04 -0.24892782012011E+04  0.20167447161013E+04  0.43530101291213E+04 -0.14789090728790E+04 -0.29342918041383E+04 -0.72807217802191E+03  0.23405266678195E+03  0.42086382302667E+03 -0.28670430280333E+04 -0.15239639226460E+04 -0.23956230128829E+04  0.19420017686684E+03 -0.89797844583879E+03 -0.10118782862349E+04
  -0.21710270690789E+04 -0.52971529671752E+02 -0.77817870757743E+01 -0.37756448551948E+04  0.32175593953705E+03 -0.11866796044011E+04 -0.61802126615665E+03 -0.11353627794611E+05 -0.22233733171181E+04  0.49316348582002E+03 -0.13550630841112E+03 -0.19232019985173E+03 -0.12925458035629E+02 -0.10858432006022E+01 -0.46304403566335E+04  0.50198423824005E+03 -0.35275678056977E+04 -0.19164503413522E+04  0.64842617589567E+04 -0.76394070636362E+00  0.19405273343347E+04  0.14990336997669E+02  0.41531582253875E+02  0.29909717420734E+02  0.45563933396589E+01  0.15298015971146E+02  0.50197118969081E+02  0.49897958269775E+03  0.31258222914253E+03  0.28788599062059E+03 -0.16654361470842E+03 -0.50243061623729E+03  0.15349256806195E+03  0.30350283832812E+03  0.80698394044844E+02 -0.62880665127098E+02 -0.11156194230583E+03  0.43631596205076E+03  0.21609248299208E+03 -0.30392406661331E+03 -0.35044490657502E+02  0.25057524388234E+03  0.28077050376008E+03
   0.10395574296180E+05  0.13611896155490E+03 -0.12581898246987E+03  0.24967721341352E+05 -0.20420006704595E+04  0.77363159842593E+04  0.38621427039085E+04  0.83085418752086E+05  0.14682778950003E+05 -0.32717531066367E+04  0.95882469274568E+03  0.13522681011457E+04  0.79993768021541E+02  0.84924337973465E+01  0.33438100771124E+05 -0.35275678056977E+04  0.25349920446390E+05  0.13584841968102E+05 -0.44816783650268E+05 -0.38574141939175E+00 -0.11622541678628E+05 -0.15280505054981E+03 -0.45677761953249E+03 -0.52679257949013E+03 -0.50342673127245E+02 -0.16637464370849E+03 -0.44042326129586E+03 -0.23159411338153E+04 -0.15077083380938E+04 -0.23628838948603E+04  0.20300163095590E+04  0.41835919421456E+04 -0.11735814314571E+04 -0.23352263276083E+04 -0.56794544715245E+03  0.55832392642672E+02  0.11132367628378E+03 -0.23497147517913E+04 -0.12745120916147E+04  0.96887733967785E+03  0.19468206340581E+03 -0.14450653777313E+04 -0.16075163383441E+04
   0.74635171488818E+04  0.75784517034091E+02 -0.46817575942509E+01  0.14022235349102E+05 -0.11621138488029E+04  0.44091656840216E+04  0.22292357341090E+04  0.45015793744637E+05  0.70236705596948E+04 -0.18545237464303E+04  0.52203980872185E+03  0.78449314905334E+03  0.50617285554774E+02  0.40032464156950E+01  0.17437913006983E+05 -0.19164503413522E+04  0.13584841968102E+05  0.73864457493032E+04 -0.24978609946573E+05  0.10199663469541E+01 -0.72797366107355E+04 -0.82731148734323E+02 -0.23412093588829E+03 -0.24390453190415E+03 -0.26786779947641E+02 -0.86000889549055E+02 -0.23663562242063E+03 -0.16564417330996E+04 -0.10445517162980E+04 -0.11910733093478E+04  0.95686375805054E+03  0.23069175909376E+04 -0.59524655911651E+03 -0.11856472390420E+04 -0.31350926986895E+03  0.88337885107597E+02  0.16458023797887E+03 -0.15254795216852E+04 -0.79317962479114E+03  0.12276665226991E+04  0.14050362948352E+03 -0.10297237175845E+04 -0.11454351263843E+04
  -0.78093725736136E+07  0.26112252790404E+07 -0.30051253982216E+06 -0.22768469369838E+07  0.48648523630579E+06 -0.44607187884613E+05 -0.23943964123883E+06 -0.58748407796333E+06 -0.25908234107617E+05  0.56424360761681E+05 -0.60024964756958E+04 -0.60092114482788E+04 -0.28750326481991E+03 -0.79474762489800E+02 -0.55270238615353E+05  0.64842617589567E+04 -0.44816783650268E+05 -0.24978609946573E+05  0.33763725692935E+08  0.58035237907061E+04 -0.12022448298624E+08 -0.10632836563670E+06 -0.34333421104548E+06 -0.90788949864524E+06 -0.30393537749829E+05 -0.12723554581778E+06 -0.73075597344204E+06  0.34306808874936E+05  0.76228635100144E+05 -0.12147520967400E+04  0.56844725084744E+06  0.27947918279721E+07  0.17125691357094E+05  0.31499567582067E+05  0.21207898662260E+03  0.18510980151186E+06  0.81606970185246E+06  0.24429729952251E+05  0.76886893648707E+04 -0.18448336774213E+05  0.44823668638904E+05  0.20679352732538E+05  0.64265490775442E+05
  -0.11759869521226E+04  0.49607651669318E+03 -0.46571667945538E+02 -0.13827660851934E+03  0.49830677716106E+02  0.61968018236589E+02  0.11208086997040E+02  0.43596385647669E+03 -0.96851587159208E+02 -0.12357678696951E+02  0.30107010795470E+01 -0.47832436921179E+01 -0.42152237546577E+00  0.29793650638226E-01  0.14195881065964E+01 -0.76394070636362E+00 -0.38574141939175E+00  0.10199663469541E+01  0.58035237907061E+04  0.20931404481729E+01 -0.21153927547493E+04 -0.12654532247753E+02 -0.43712043788756E+02 -0.14012871751815E+03 -0.17705944427972E+01 -0.12570369661773E+02 -0.10970130227078E+03  0.00000000000000E+00 -0.32372390443926E+02  0.00000000000000E+00  0.00000000000000E+00  0.27371483633689E+03  0.00000000000000E+00 -0.62662074589307E+01  0.00000000000000E+00  0.00000000000000E+00  0.19081349509134E+03  0.00000000000000E+00  0.00000000000000E+00  0.00000000000000E+00  0.16882663125988E+02  0.00000000000000E+00 -0.32922164058012E+02
   0.37128786381421E+07 -0.10635951429190E+07  0.14083254263224E+06  0.10319393493755E+07 -0.21206253793716E+06  0.55956745974262E+05  0.12949410256694E+06  0.42807220867950E+06 -0.56894451730305E+04 -0.38295303625048E+05  0.39849809955016E+04  0.18766279665571E+04 -0.74047641551520E+02  0.65253726029076E+02 -0.12609323928401E+05  0.19405273343347E+04 -0.11622541678628E+05 -0.72797366107355E+04 -0.12022448298624E+08 -0.21153927547493E+04  0.74716636679689E+07  0.82959514138081E+05  0.24269475307907E+06  0.64610794330719E+06  0.23378831656624E+05  0.88653711384548E+05  0.47365057111734E+06  0.00000000000000E+00 -0.77369383336659E+05  0.00000000000000E+00  0.00000000000000E+00 -0.19186776575830E+07  0.00000000000000E+00  0.18366019909036E+05  0.00000000000000E+00  0.00000000000000E+00 -0.39996966284283E+06  0.00000000000000E+00  0.00000000000000E+00  0.00000000000000E+00  0.58081276153278E+05  0.00000000000000E+00 -0.64457171043709E+05
   0.35699708794327E+05 -0.71689631896197E+04  0.13087553388694E+04  0.12949878563248E+05 -0.24066131689566E+04  0.14248597113584E+04  0.19063470233907E+04  0.17969859703819E+05 -0.34464227880555E+04 -0.81178929991452E+03  0.12848250944335E+03  0.12503112815870E+02  0.30027642545559E+01  0.35327482746240E+00 -0.13977976775726E+03  0.14990336997669E+02 -0.15280505054981E+03 -0.82731148734323E+02 -0.10632836563670E+06 -0.12654532247753E+02  0.82959514138081E+05  0.12281056029776E+04  0.33761055582586E+04  0.86001194232045E+04  0.32581787386101E+03  0.11696547399442E+04  0.57781648300784E+04 -0.46390957670909E+02 -0.13458704017126E+04  0.43517993097972E+01  0.58266201241994E+03 -0.26592443652272E+05  0.00000000000000E+00 -0.86463948195494E+02  0.00000000000000E+00  0.20574568984063E+04 -0.32328805528910E+04  0.00000000000000E+00  0.00000000000000E+00  0.00000000000000E+00  0.12590559532337E+04 -0.30787071473502E+03 -0.16968747197107E+04
   0.12491227460206E+06 -0.28659987582707E+05  0.45857164368629E+04  0.38076237996083E+05 -0.70939357576431E+04  0.40253318230568E+04  0.54600983843292E+04  0.58892832797966E+05 -0.11923309385676E+05 -0.24974170413572E+04  0.41372295174319E+03  0.18859144322529E+03  0.23607823625765E+02  0.90904466951729E+00 -0.43144690731564E+03  0.41531582253875E+02 -0.45677761953249E+03 -0.23412093588829E+03 -0.34333421104548E+06 -0.43712043788756E+02  0.24269475307907E+06  0.33761055582586E+04  0.97241783755335E+04  0.23735901920399E+05  0.92618850699850E+03  0.33871920587368E+04  0.16803753308365E+05 -0.15210098683371E+03 -0.35642083151016E+04 -0.18368594401351E+02 -0.58023249925820E+04 -0.76891895019897E+05  0.00000000000000E+00 -0.22790170181987E+03  0.00000000000000E+00  0.30574516040901E+04 -0.10668882729169E+05  0.00000000000000E+00  0.00000000000000E+00  0.00000000000000E+00  0.36528256328513E+04 -0.17746716956709E+04 -0.50340606900340E+04
   0.22942677742573E+06 -0.58847368741051E+05  0.85607334398544E+04  0.90964058948658E+05 -0.17468836515052E+05  0.80737335143138E+04  0.12430690141097E+05  0.95102481850873E+05 -0.17686633166113E+05 -0.44629433271837E+04  0.68611389819449E+03 -0.36670709183958E+03 -0.42913615962931E+02  0.32222435635558E+01 -0.45225473280536E+03  0.29909717420734E+02 -0.52679257949013E+03 -0.24390453190415E+03 -0.90788949864524E+06 -0.14012871751815E+03  0.64610794330719E+06  0.86001194232045E+04  0.23735901920399E+05  0.67605816389101E+05  0.23494625056793E+04  0.86512338957786E+04  0.44122365877858E+05  0.23649267012921E+03 -0.11186832866607E+05 -0.44897790464740E+01  0.37206833689840E+05 -0.18908229657904E+06  0.00000000000000E+00 -0.73256401824948E+03  0.00000000000000E+00  0.16273411619407E+05 -0.28355074592256E+05  0.00000000000000E+00  0.00000000000000E+00  0.00000000000000E+00  0.61891784858984E+04  0.14739803150420E+04 -0.11891794106272E+05
   0.12313505870902E+05 -0.28632383410247E+04  0.45541913112177E+03  0.41401107280172E+04 -0.72873850270706E+03  0.56375517239417E+03  0.64741068514709E+03  0.62596831598778E+04 -0.12486931432226E+04 -0.27013938483727E+03  0.44185831277416E+02 -0.20957755450612E+02 -0.23901155506821E+01  0.13489577083430E+00 -0.44818593635737E+02  0.45563933396589E+01 -0.50342673127245E+02 -0.26786779947641E+02 -0.30393537749829E+05 -0.17705944427972E+01  0.23378831656624E+05  0.32581787386101E+03  0.92618850699850E+03  0.23494625056793E+04  0.10832796747776E+03  0.38054104173014E+03  0.16661816343603E+04  0.00000000000000E+00 -0.42574939278280E+03  0.00000000000000E+00  0.00000000000000E+00 -0.85395368786195E+04  0.00000000000000E+00 -0.27051669941491E+02  0.00000000000000E+00  0.00000000000000E+00 -0.61642641038617E+03  0.00000000000000E+00  0.00000000000000E+00  0.00000000000000E+00  0.34914251189019E+02  0.00000000000000E+00 -0.63083997797385E+03
   0.47331942481510E+05 -0.11818802777960E+05  0.17568153581470E+04  0.14995077193094E+05 -0.26895744049110E+04  0.18606403556561E+04  0.22321136209485E+04  0.22963569617306E+05 -0.47658085148383E+04 -0.95024647352836E+03  0.15983543639510E+03 -0.87280676731607E+02 -0.91352385675831E+01  0.44705454076994E+00 -0.15633675154417E+03  0.15298015971146E+02 -0.16637464370849E+03 -0.86000889549055E+02 -0.12723554581778E+06 -0.12570369661773E+02  0.88653711384548E+05  0.11696547399442E+04  0.33871920587368E+04  0.86512338957786E+04  0.38054104173014E+03  0.13880597780291E+04  0.61888893865421E+04  0.00000000000000E+00 -0.13543042398001E+04  0.00000000000000E+00  0.00000000000000E+00 -0.30713832978835E+05  0.00000000000000E+00 -0.85644398145363E+02  0.00000000000000E+00  0.00000000000000E+00 -0.35563165807083E+04  0.00000000000000E+00  0.00000000000000E+00  0.00000000000000E+00  0.19988196236480E+01  0.00000000000000E+00 -0.23157150521906E+04
   0.24441517517150E+06 -0.66899564583525E+05  0.92032274347838E+04  0.67758728243269E+05 -0.13299131197584E+05  0.51462160256103E+04  0.88638121687584E+04  0.70244380440123E+05 -0.12807063535568E+05 -0.34226948821438E+04  0.50908426454816E+03 -0.20649294916408E+03 -0.18544945026118E+02  0.21437721088989E+01 -0.44571822242315E+03  0.50197118969081E+02 -0.44042326129586E+03 -0.23663562242063E+03 -0.73075597344204E+06 -0.10970130227078E+03  0.47365057111734E+06  0.57781648300784E+04  0.16803753308365E+05  0.44122365877858E+05  0.16661816343603E+04  0.61888893865421E+04  0.32569915273000E+05  0.00000000000000E+00 -0.76769878663042E+04  0.00000000000000E+00  0.00000000000000E+00 -0.13430606560731E+06  0.00000000000000E+00 -0.50272369702407E+03  0.00000000000000E+00  0.00000000000000E+00 -0.22257685000341E+05  0.00000000000000E+00  0.00000000000000E+00  0.00000000000000E+00  0.81340778219359E+04  0.00000000000000E+00 -0.81882018152561E+04
  -0.13224644473820E+06  0.16791502346368E+05 -0.46780157414801E+04 -0.12876977759509E+05  0.19986561350554E+04 -0.27325012287355E+04 -0.24581790375434E+04 -0.63170231742351E+05  0.11575266631186E+05  0.27550229138871E+04 -0.46063419337767E+03 -0.11128064979735E+04 -0.16371108797990E+03  0.67900164678734E-01 -0.27051149274335E+04  0.49897958269775E+03 -0.23159411338153E+04 -0.16564417330996E+04  0.34306808874936E+05  0.00000000000000E+00  0.00000000000000E+00 -0.46390957670909E+02 -0.15210098683371E+03  0.23649267012921E+03  0.00000000000000E+00  0.00000000000000E+00  0.00000000000000E+00  0.11695339604068E+06  0.00000000000000E+00  0.00000000000000E+00  0.00000000000000E+00  0.00000000000000E+00  0.00000000000000E+00  0.00000000000000E+00  0.00000000000000E+00  0.00000000000000E+00  0.00000000000000E+00  0.00000000000000E+00  0.00000000000000E+00  0.00000000000000E+00  0.00000000000000E+00  0.00000000000000E+00  0.00000000000000E+00
  -0.56067947399308E+05  0.82879346068372E+04 -0.19846358667270E+04 -0.21337878848440E+05  0.33601513576280E+04 -0.41930881418754E+04 -0.38522778603589E+04 -0.50622650430108E+05  0.10932688075865E+05  0.19003586932333E+04 -0.34734098745609E+03 -0.77249294798338E-01 -0.10081215451558E-01 -0.25351256638236E-04 -0.17741198233272E+04  0.31258222914253E+03 -0.15077083380938E+04 -0.10445517162980E+04  0.76228635100144E+05 -0.32372390443926E+02 -0.77369383336659E+05 -0.13458704017126E+04 -0.35642083151016E+04 -0.11186832866607E+05 -0.42574939278280E+03 -0.13543042398001E+04 -0.76769878663042E+04  0.00000000000000E+00  0.64926262528081E+05  0.00000000000000E+00  0.00000000000000E+00  0.00000000000000E+00  0.00000000000000E+00  0.00000000000000E+00  0.00000000000000E+00  0.00000000000000E+00  0.00000000000000E+00  0.00000000000000E+00  0.00000000000000E+00  0.00000000000000E+00  0.00000000000000E+00  0.00000000000000E+00  0.00000000000000E+00
  -0.52640712587833E+04 -0.19430315504994E+03  0.18534072385861E+02 -0.69334679719217E+02 -0.57161930080801E+02  0.15137995061735E+03  0.13745718485189E+03 -0.70510051830820E+05  0.24767561841640E+05  0.73810670403666E+03 -0.33416594103553E+03 -0.68522769785847E+03 -0.26975429994697E+02 -0.58698233096825E+01 -0.24892782012011E+04  0.28788599062059E+03 -0.23628838948603E+04 -0.11910733093478E+04 -0.12147520967400E+04  0.00000000000000E+00  0.00000000000000E+00  0.43517993097972E+01 -0.18368594401351E+02 -0.44897790464740E+01  0.00000000000000E+00  0.00000000000000E+00  0.00000000000000E+00  0.00000000000000E+00  0.00000000000000E+00  0.30805475070884E+05  0.00000000000000E+00  0.00000000000000E+00  0.00000000000000E+00  0.00000000000000E+00  0.00000000000000E+00  0.00000000000000E+00  0.00000000000000E+00  0.00000000000000E+00  0.00000000000000E+00  0.00000000000000E+00  0.00000000000000E+00  0.00000000000000E+00  0.00000000000000E+00
  -0.86877473485564E+06  0.21056812076452E+06 -0.31872132947339E+05 -0.66400497060836E+05  0.11786704881471E+05 -0.84180738775135E+04 -0.98145331750245E+04 -0.29594615766507E+06  0.67171622293341E+05  0.11032558913945E+05 -0.19895111651084E+04 -0.49638320518781E+04 -0.58392445138499E+03 -0.73000550549624E+00  0.20167447161013E+04 -0.16654361470842E+03  0.20300163095590E+04  0.95686375805054E+03  0.56844725084744E+06  0.00000000000000E+00  0.00000000000000E+00  0.58266201241994E+03 -0.58023249925820E+04  0.37206833689840E+05  0.00000000000000E+00  0.00000000000000E+00  0.00000000000000E+00  0.00000000000000E+00  0.00000000000000E+00  0.00000000000000E+00  0.58079377553040E+06  0.00000000000000E+00  0.00000000000000E+00  0.00000000000000E+00  0.00000000000000E+00  0.00000000000000E+00  0.00000000000000E+00  0.00000000000000E+00  0.00000000000000E+00  0.00000000000000E+00  0.00000000000000E+00  0.00000000000000E+00  0.00000000000000E+00
  -0.11264073192544E+07  0.26593083664921E+06 -0.41500509558671E+05 -0.34496453605759E+06  0.62549639283371E+05 -0.41129904269029E+05 -0.51180166714402E+05 -0.58095280834921E+06  0.12752685765600E+06  0.22900370955961E+05 -0.39539379360627E+04 -0.17003343029413E+02 -0.19253441163929E+01 -0.19002046413387E-02  0.43530101291213E+04 -0.50243061623729E+03  0.41835919421456E+04  0.23069175909376E+04  0.27947918279721E+07  0.27371483633689E+03 -0.19186776575830E+07 -0.26592443652272E+05 -0.76891895019897E+05 -0.18908229657904E+06 -0.85395368786195E+04 -0.30713832978835E+05 -0.13430606560731E+06  0.00000000000000E+00  0.00000000000000E+00  0.00000000000000E+00  0.00000000000000E+00  0.92200272699139E+06  0.00000000000000E+00  0.00000000000000E+00  0.00000000000000E+00  0.00000000000000E+00  0.00000000000000E+00  0.00000000000000E+00  0.00000000000000E+00  0.00000000000000E+00  0.00000000000000E+00  0.00000000000000E+00  0.00000000000000E+00
  -0.20985432064262E+05  0.57492537250803E+04 -0.79958084877537E+03 -0.13663234676023E+04  0.31989260178089E+03  0.14832165721994E+02 -0.15353958952172E+03 -0.74034009720534E+05  0.22917285125586E+05  0.14959995667303E+04 -0.41596350878402E+03 -0.22422029849356E+04 -0.14132260947680E+03 -0.30621893267295E+01 -0.14789090728790E+04  0.15349256806195E+03 -0.11735814314571E+04 -0.59524655911651E+03  0.17125691357094E+05  0.00000000000000E+00  0.00000000000000E+00  0.00000000000000E+00  0.00000000000000E+00  0.00000000000000E+00  0.00000000000000E+00  0.00000000000000E+00  0.00000000000000E+00  0.00000000000000E+00  0.00000000000000E+00  0.00000000000000E+00  0.00000000000000E+00  0.00000000000000E+00  0.14295412164490E+05  0.00000000000000E+00  0.00000000000000E+00  0.00000000000000E+00  0.00000000000000E+00  0.00000000000000E+00  0.00000000000000E+00  0.00000000000000E+00  0.00000000000000E+00  0.00000000000000E+00  0.00000000000000E+00
  -0.47523981544126E+05  0.13188961414609E+05 -0.18176752069423E+04 -0.24941852413043E+04  0.56363926922210E+03 -0.73329014900118E+01 -0.27302026508811E+03 -0.16648509794414E+06  0.51609662437815E+05  0.33055084658829E+04 -0.93577303916551E+03 -0.68744329489010E+02 -0.18021468160291E+02 -0.13310704712837E-04 -0.29342918041383E+04  0.30350283832812E+03 -0.23352263276083E+04 -0.11856472390420E+04  0.31499567582067E+05 -0.62662074589307E+01  0.18366019909036E+05 -0.86463948195494E+02 -0.22790170181987E+03 -0.73256401824948E+03 -0.27051669941491E+02 -0.85644398145363E+02 -0.50272369702407E+03  0.00000000000000E+00  0.00000000000000E+00  0.00000000000000E+00  0.00000000000000E+00  0.00000000000000E+00  0.00000000000000E+00  0.31378441157121E+05  0.00000000000000E+00  0.00000000000000E+00  0.00000000000000E+00  0.00000000000000E+00  0.00000000000000E+00  0.00000000000000E+00  0.00000000000000E+00  0.00000000000000E+00  0.00000000000000E+00
  -0.32094006392423E+04  0.42295301169385E+03 -0.10090591344394E+03 -0.70873565049472E+02  0.89668823105695E+01 -0.18716243344295E+02 -0.13081077706857E+02 -0.14151118684625E+04  0.19194770151342E+03  0.43792189522101E+02 -0.10795583268512E+02 -0.77366232072717E+02 -0.62895322558675E+01 -0.13415583918097E+00 -0.72807217802191E+03  0.80698394044844E+02 -0.56794544715245E+03 -0.31350926986895E+03  0.21207898662260E+03  0.00000000000000E+00  0.00000000000000E+00  0.00000000000000E+00  0.00000000000000E+00  0.00000000000000E+00  0.00000000000000E+00  0.00000000000000E+00  0.00000000000000E+00  0.00000000000000E+00  0.00000000000000E+00  0.00000000000000E+00  0.00000000000000E+00  0.00000000000000E+00  0.00000000000000E+00  0.00000000000000E+00  0.37993196003563E+04  0.00000000000000E+00  0.00000000000000E+00  0.00000000000000E+00  0.00000000000000E+00  0.00000000000000E+00  0.00000000000000E+00  0.00000000000000E+00  0.00000000000000E+00
  -0.20494721417158E+06  0.63907207551261E+05 -0.79150198717524E+04 -0.11790104011426E+05  0.28988585706402E+04  0.46692941350503E+03 -0.97685401483786E+03 -0.56675273917491E+04  0.59664588422199E+03  0.55267929246070E+03 -0.44394205688477E+02 -0.20235523779171E+00 -0.14459797416424E+00 -0.61832824590389E-14  0.23405266678195E+03 -0.62880665127098E+02  0.55832392642672E+02  0.88337885107597E+02  0.18510980151186E+06  0.00000000000000E+00  0.00000000000000E+00  0.20574568984063E+04  0.30574516040901E+04  0.16273411619407E+05  0.00000000000000E+00  0.00000000000000E+00  0.00000000000000E+00  0.00000000000000E+00  0.00000000000000E+00  0.00000000000000E+00  0.00000000000000E+00  0.00000000000000E+00  0.00000000000000E+00  0.00000000000000E+00  0.00000000000000E+00  0.10628546802065E+06  0.00000000000000E+00  0.00000000000000E+00  0.00000000000000E+00  0.00000000000000E+00  0.00000000000000E+00  0.00000000000000E+00  0.00000000000000E+00
  -0.23106973324603E+06  0.71518532034299E+05 -0.89060757990808E+04 -0.53247931903193E+05  0.12902099733879E+05  0.17584709742460E+04 -0.45690494966520E+04 -0.11145847641314E+05  0.12073970910882E+04  0.10501689311034E+04 -0.87148005005150E+02  0.31513539048233E-02  0.21246807660178E-02 -0.61890037593155E-12  0.42086382302667E+03 -0.11156194230583E+03  0.11132367628378E+03  0.16458023797887E+03  0.81606970185246E+06  0.19081349509134E+03 -0.39996966284283E+06 -0.32328805528910E+04 -0.10668882729169E+05 -0.28355074592256E+05 -0.61642641038617E+03 -0.35563165807083E+04 -0.22257685000341E+05  0.00000000000000E+00  0.00000000000000E+00  0.00000000000000E+00  0.00000000000000E+00  0.00000000000000E+00  0.00000000000000E+00  0.00000000000000E+00  0.00000000000000E+00  0.00000000000000E+00  0.13878483819162E+06  0.00000000000000E+00  0.00000000000000E+00  0.00000000000000E+00  0.00000000000000E+00  0.00000000000000E+00  0.00000000000000E+00
