# fitpack15: fit parameters                                                                         
# CJ15 AV18 final data choices                                                                      
# Created on 01/16/2020 at 18:17:46                                                                 

 # QCD setup
  INS                           0
  NVL                          11
  IORD                          1
  Q02                   1.6899999999999999     
  IPARAMC                       7
  FLAVOR                4.0000000000000000     
  xmc                   1.3000000000000000     
  xmb                   4.5000000000000000     
  ncb                          12
  ihq                           1
  ias                           0

 # Theory corrections
  inuke                     10814
  itmc                          1
  iht                           1

 # fit parameters
 LAMBDA       0.22680        0.0000    
 a0uv          2.4611        0.0000    
 a1uv         0.62081       0.20161E-01
 a2uv          3.5420       0.13352E-01
 a3uv          0.0000        0.0000    
 a4uv          3.3617       0.42763    
 a5uv          0.0000        0.0000    
 a0dv          25.854        0.0000    
 a1dv          1.1688       0.32907E-01
 a2dv          6.5795       0.15910    
 a3dv         -3.5371       0.84001E-01
 a4dv          4.7029       0.14077    
 a5dv          0.0000        0.0000    
 a0ud         0.14604       0.50172E-02
 a1ud        -0.20822       0.37549E-02
 a2ud          8.2336       0.19602    
 a3ud          0.0000        0.0000    
 a4ud          14.248        1.2307    
 a5ud          0.0000        0.0000    
 a0du          35712.        0.0000    
 a1du          4.0403       0.81487E-01
 a2du          20.118       0.93706    
 a3du          17.000        0.0000    
 a4du          66.893        18.456    
 a0g           46.722        0.0000    
 a1g          0.60759       0.32084E-01
 a2g           6.8317        1.0257    
 a3g          -3.3229       0.14674    
 a4g           3.2697       0.35828    
 a5g           0.0000        0.0000    
 kappa        0.40000        0.0000    
 a6dv        -0.35912E-02   0.66343E-03
 a7dv          2.0000        0.0000    
 off1         -3.9120        1.5756    
 off2         0.11963       0.59959E-01
 ht1          -3.3116       0.31178    
 ht2           1.9285       0.11436    
 ht3          -2.0637       0.34595E-01
 ht4           0.0000        0.0000    
 ht1n         -3.3598        1.0552    
 ht2n          1.9825       0.37159    
 ht3n         -2.0611       0.66933E-01
 ht4n          0.0000        0.0000    
 dummy44       0.0000        0.0000    
 dummy45       0.0000        0.0000    
 dummy46       0.0000        0.0000    
 dummy47       0.0000        0.0000    
 dummy48       0.0000        0.0000    
 dummy49       0.0000        0.0000    
 bcdmsh2      0.97311       0.48425E-02
 bcdmsd2      0.99265       0.59162E-02
 ccfr          1.0000        0.0000    
 nutev         1.0000        0.0000    
 zeus         0.97998        0.0000    
 h1            1.0162        0.0000    
 e605          1.0319        0.0000    
 NmcH2         1.0096       0.71087E-02
 ntv_nu        1.0000        0.0000    
 ntv_nubar     1.0000        0.0000    
 cdf_jet      0.98910        0.0000    
 d0_jet       0.83504        0.0000    
 slac_p        1.0049       0.50101E-02
 slac_d        1.0033       0.53312E-02
 e866pp       0.96592       0.19054E-01
 e866pd       0.96390       0.16207E-01
 d0_gamjet     1.0390       0.16471E-01
 h1b          0.97608        0.0000    
 jlab_p       0.99446       0.62688E-02
 jlab_d       0.97429       0.61137E-02
 blank         1.0000        0.0000    
 d0run2       0.94084       0.14168E-01
 cdfrun2      0.92648       0.17239E-01
 HERA_el       1.0000        0.0000    
 HERA_ps       1.0000        0.0000    
 CDF_Z        0.96580       0.65306E-02
 NmcRat        1.0000        0.0000    
 BNS_F2nd     0.98392       0.11559E-01
 HERMES_F2p   0.99835       0.56470E-02
 HERMES_F2d   0.98011       0.58655E-02
 END 0. 0.

 # Hessian matrix (Bevington alpha)
   0.61506825171629E+07 -0.15512993584458E+07  0.29534867532407E+06  0.95235586299456E+06 -0.20388173084465E+06  0.73493794042355E+05  0.13456382405088E+06  0.96577704331887E+06 -0.17152850232702E+06 -0.54228071167137E+05  0.81792589682977E+04  0.15463528654813E+05  0.17107717462401E+04 -0.74494658817740E+02  0.55377358591169E+04 -0.16108050436709E+04  0.74512941206870E+04  0.57289024008966E+04 -0.10501514937228E+08  0.20987835868665E+05  0.17064321183715E+07  0.36005694771468E+06  0.98693487235014E+06  0.29778068336393E+07  0.11474747477502E+06  0.37252466730294E+06  0.21394588172442E+07 -0.12660460364986E+06 -0.63823132543641E+05 -0.42383343696230E+04 -0.83579489024824E+06 -0.13235996658252E+07 -0.20674970071294E+05 -0.44363197004385E+05 -0.30728173740841E+04 -0.19805863966262E+06 -0.26952063131307E+06 -0.90981380493213E+04 -0.32240583536279E+04 -0.14563330483409E+05  0.30596185577995E+05 -0.70134205053505E+05 -0.64726021222036E+05
  -0.15512993584458E+07  0.46104484979373E+06 -0.76599334440920E+05 -0.24002834710915E+06  0.51532112294007E+05 -0.15233974569575E+05 -0.30559342978063E+05 -0.13354250367272E+06  0.26689927770429E+05  0.84676117910543E+04 -0.10759723652300E+04 -0.12797329582046E+04 -0.14249208537033E+03  0.87952361342460E+01  0.85308505783698E+03 -0.72249529505254E+02  0.40531179962742E+03  0.21402993616548E+03  0.31287164946336E+07 -0.52317185310447E+04 -0.44157293976182E+06 -0.89318718751161E+05 -0.24715437824526E+06 -0.75807824167070E+06 -0.28955953765352E+05 -0.94496768863717E+05 -0.54872079624891E+06  0.16595873845185E+05  0.97925284788654E+04 -0.24861526747227E+03  0.20966902720894E+06  0.29276451106502E+06  0.58583153297807E+04  0.13083457466903E+05  0.42230596636618E+03  0.63569989552094E+05  0.75336288587226E+05  0.24739872358770E+04  0.78626232005966E+03 -0.23877149296740E+04 -0.46291443825458E+04  0.85343495779874E+04  0.85428449433871E+04
   0.29534867532407E+06 -0.76599334440920E+05  0.14318226005532E+05  0.45008633197343E+05 -0.97760620654423E+04  0.31227143356589E+04  0.62507803935285E+04  0.34892794131829E+05 -0.59793679311995E+04 -0.22817216022674E+04  0.30067123221446E+03  0.49468697471643E+03  0.63198805817744E+02 -0.33720956159716E+01 -0.47020002389896E+03  0.10527994327648E+02 -0.26364364077842E+03 -0.74213196307624E+02 -0.51284315259000E+06  0.99125372235724E+03  0.81029433351844E+05  0.16965735974652E+05  0.46530298186662E+05  0.14081775419180E+06  0.54250451243224E+04  0.17619865539713E+05  0.10142867832418E+06 -0.56705060228273E+04 -0.28007246327607E+04  0.56909535641210E+02 -0.40052087386526E+05 -0.60978204226382E+05 -0.10396199373609E+04 -0.22691405202717E+04 -0.12153474660777E+03 -0.10215649638042E+05 -0.13125374353705E+05 -0.44822308227208E+03 -0.15599158758214E+03  0.70311145081473E+02  0.13177477290915E+04 -0.26092006537146E+04 -0.24711575448533E+04
   0.95235586299456E+06 -0.24002834710915E+06  0.45008633197343E+05  0.56278164228814E+06 -0.91003108852054E+05  0.10939707333045E+06  0.93337912752267E+05  0.37724265392431E+06 -0.27981280915029E+05 -0.20739262685618E+05  0.37099370736286E+04 -0.12619341263295E+04 -0.16200370659629E+03  0.44038856290179E+02  0.29890398513306E+05 -0.35637720418417E+04  0.24508643057399E+05  0.13697973303836E+05 -0.34223426691234E+07  0.68758039804880E+04  0.54036307601634E+06  0.11784987255507E+06  0.31679905241721E+06  0.97604222992934E+06  0.37173249756150E+05  0.12006646399295E+06  0.67934216951930E+06 -0.12831533951786E+05 -0.25358195033426E+05 -0.56584586335721E+02 -0.66129179223285E+05 -0.44910362338943E+06 -0.14122789012985E+04 -0.14905183369288E+04 -0.74095574775552E+02 -0.11865203731059E+05 -0.74683809119582E+05 -0.25348102676420E+04 -0.98861586050305E+03 -0.92631566779245E+04 -0.11444370822046E+05 -0.71904576855157E+04 -0.25178840472621E+05
  -0.20388173084465E+06  0.51532112294007E+05 -0.97760620654423E+04 -0.91003108852054E+05  0.16438057683948E+05 -0.13904184581536E+05 -0.14370044039063E+05 -0.36910431753936E+05  0.65690523865956E+03  0.27582288398041E+04 -0.39239852166236E+03 -0.53565960448954E+02  0.58075445114677E+01 -0.40830384043163E+01 -0.25115886506679E+04  0.30375580193836E+03 -0.19995179501428E+04 -0.11335788022388E+04  0.67924337174993E+06 -0.12801718207815E+04 -0.10236388954167E+06 -0.22028021510839E+05 -0.59199239029021E+05 -0.18337700381334E+06 -0.69240323949367E+04 -0.22380239831095E+05 -0.12788810139069E+06  0.20087606142475E+04  0.39616733566890E+04 -0.56889966221253E+02  0.11997495045838E+05  0.78006849570226E+05  0.33714356561103E+03  0.42730389515136E+03  0.95684259670107E+01  0.29911068730383E+04  0.15944004354902E+05  0.48453105337628E+03  0.17984600788981E+03  0.32419233315467E+03  0.18618896493006E+04  0.82101944439993E+03  0.30714318985474E+04
   0.73493794042355E+05 -0.15233974569575E+05  0.31227143356589E+04  0.10939707333045E+06 -0.13904184581536E+05  0.30580285252551E+05  0.20452882190080E+05  0.11659435760854E+06 -0.10471089701141E+05 -0.53934680764655E+04  0.11257687894461E+04 -0.69520611120053E+03 -0.72520312899457E+02  0.15018032222529E+02  0.93404051226563E+04 -0.11428078994146E+04  0.77793810859629E+04  0.44080869218323E+04 -0.33785911542049E+06  0.98566626568329E+03  0.71924702359689E+05  0.16487270809865E+05  0.44251970449425E+05  0.13383032181283E+06  0.52569475834890E+04  0.16904949039127E+05  0.92371707650626E+05 -0.28817484519983E+04 -0.56512117102769E+04  0.16377360411887E+03 -0.89359404223053E+04 -0.77001060012202E+05  0.38201263330448E+01  0.25987487397639E+03 -0.20072426136131E+02  0.40175175611914E+03 -0.57212909585866E+04 -0.27535283441903E+03 -0.13976566690316E+03 -0.30637571482547E+04 -0.22421687485021E+04 -0.18905460596410E+04 -0.65902144381521E+04
   0.13456382405088E+06 -0.30559342978063E+05  0.62507803935285E+04  0.93337912752267E+05 -0.14370044039063E+05  0.20452882190080E+05  0.16484748727148E+05  0.65338653273874E+05 -0.35291294559624E+04 -0.38051343369925E+04  0.66394291604998E+03 -0.20270974488560E+03 -0.29274746158202E+02  0.79538537467000E+01  0.47906501351931E+04 -0.59364794838883E+03  0.38814073407733E+04  0.22272367488693E+04 -0.46014279051403E+06  0.10638509795700E+04  0.81158678648305E+05  0.18026896370804E+05  0.48342370356748E+05  0.14793748538743E+06  0.57091061858187E+04  0.18366573611787E+05  0.10262369163401E+06 -0.25560684338192E+04 -0.47456186376708E+04  0.14200295413577E+03 -0.10247644480586E+05 -0.73957857003063E+05 -0.16985900336661E+03 -0.10206473001561E+03 -0.14085609540488E+02 -0.10656380201422E+04 -0.92966675036923E+04 -0.38107671885883E+03 -0.16091235436174E+03 -0.12852363227269E+04 -0.24588504894189E+04 -0.11726003103366E+04 -0.42045128174842E+04
   0.96577704331887E+06 -0.13354250367272E+06  0.34892794131829E+05  0.37724265392431E+06 -0.36910431753936E+05  0.11659435760854E+06  0.65338653273874E+05  0.50094305321853E+07 -0.23231284021849E+07 -0.85374005660174E+05  0.26340576261527E+05  0.26739981428375E+05  0.17922386583595E+04  0.58235427983378E+02  0.83760637647111E+05 -0.10495964690589E+05  0.79169958041823E+05  0.42749679992201E+05 -0.70478781380920E+06  0.22557729617642E+04  0.13329950358329E+06  0.44230103039382E+05  0.12901898227307E+06  0.30893020810435E+06  0.14270130498241E+05  0.47339174014650E+05  0.21875375987053E+06 -0.61300069734628E+05 -0.49061786473082E+05 -0.67332183428649E+05 -0.28377501869861E+06 -0.54185137420318E+06 -0.73640404680128E+05 -0.16572021540859E+06 -0.13564490471503E+04 -0.59373791961855E+04 -0.10057659668431E+05 -0.25503724516143E+02  0.13346773240881E+03 -0.26085183742174E+06 -0.92305286952927E+04 -0.13735750002292E+06 -0.17064942278385E+06
  -0.17152850232702E+06  0.26689927770429E+05 -0.59793679311995E+04 -0.27981280915029E+05  0.65690523865956E+03 -0.10471089701141E+05 -0.35291294559624E+04 -0.23231284021849E+07  0.19311374621584E+07  0.19010499749405E+05 -0.66237764781020E+04 -0.57122995036947E+04 -0.31307912731072E+03 -0.65272217583212E+01  0.49133246997956E+05 -0.22661562262845E+04  0.15523878658792E+05  0.74393112536914E+04 -0.20949066352304E+05 -0.75496648710227E+02  0.22558470707499E+04 -0.35973994059462E+04 -0.12730792105087E+05 -0.16455855675653E+05 -0.12326801669526E+04 -0.44978402801470E+04 -0.12292118138320E+05  0.11543440915561E+05  0.11165100366800E+05  0.24219584323336E+05  0.65747801363260E+05  0.12276768325978E+06  0.23402639348645E+05  0.52862720413437E+05  0.18673080373695E+03  0.62358351409886E+03  0.10722665086538E+04 -0.11686158855566E+04 -0.65999833217146E+03  0.11082921969497E+06  0.16948046967908E+04  0.44179326367399E+05  0.54673366801579E+05
  -0.54228071167137E+05  0.84676117910543E+04 -0.22817216022674E+04 -0.20739262685618E+05  0.27582288398041E+04 -0.53934680764655E+04 -0.38051343369925E+04 -0.85374005660174E+05  0.19010499749405E+05  0.26310025218095E+04 -0.64908802400710E+03 -0.68915190311126E+03 -0.60715367200337E+02 -0.11236806549550E+01 -0.39820707160922E+04  0.47659026151505E+03 -0.33004751323889E+04 -0.18600435699053E+04  0.67785564280824E+05 -0.19101220262963E+03 -0.13238452309361E+05 -0.33148713363147E+04 -0.91189156298975E+04 -0.25345862510455E+05 -0.10536922615086E+04 -0.33997582198550E+04 -0.17864876525926E+05  0.27682854269673E+04  0.18405458106670E+04  0.73030410956700E+03  0.11078175336295E+05  0.21906090781994E+05  0.15525062240936E+04  0.34080865305101E+04  0.43629417139205E+02  0.60303607952283E+03  0.10007668554249E+04  0.13841413017756E+03  0.61572140787365E+02  0.30614739564634E+04  0.47099101449190E+03  0.27939564659213E+04  0.34954572423650E+04
   0.81792589682977E+04 -0.10759723652300E+04  0.30067123221446E+03  0.37099370736286E+04 -0.39239852166236E+03  0.11257687894461E+04  0.66394291604998E+03  0.26340576261527E+05 -0.66237764781020E+04 -0.64908802400710E+03  0.18618365427394E+03  0.20674108591661E+03  0.15060724179421E+02  0.42654540466868E+00  0.12831599801920E+04 -0.14007887746989E+03  0.10232785211515E+04  0.55578431103959E+03 -0.79531302873801E+04  0.23255490030792E+02  0.14641752018730E+04  0.42527369081000E+03  0.12093473752422E+04  0.30902439672577E+04  0.13617523584132E+03  0.44600029047461E+03  0.21782873631613E+04 -0.50004258794559E+03 -0.37137957607292E+03 -0.34640460318439E+03 -0.21316934272238E+04 -0.41067321442448E+04 -0.45561893764066E+03 -0.10239608251417E+04 -0.11471595517478E+02 -0.52732506702902E+02 -0.89258924859908E+02 -0.16314846997444E+02 -0.76409892570430E+01 -0.11627106310391E+04 -0.75280733526201E+02 -0.84778370572829E+03 -0.10567114723298E+04
   0.15463528654813E+05 -0.12797329582046E+04  0.49468697471643E+03 -0.12619341263295E+04 -0.53565960448954E+02 -0.69520611120053E+03 -0.20270974488560E+03  0.26739981428375E+05 -0.57122995036947E+04 -0.68915190311126E+03  0.20674108591661E+03  0.17486849205999E+04  0.11424369043841E+03 -0.13807379104025E+01  0.14613089222867E+04 -0.19858987041015E+03  0.14591032241601E+04  0.83721243879353E+03 -0.72645663216080E+04  0.65620825356844E+01  0.89570899979773E+03  0.18460648336241E+03  0.67655998825091E+03  0.92228152628474E+03  0.26450558849798E+02  0.66004706040753E+02  0.68744700313058E+03 -0.11542190374177E+04  0.41193092687287E-01 -0.75309175715559E+03 -0.51311113300691E+04  0.83573725745636E+01 -0.24821327145558E+04 -0.74329594970788E+02 -0.81840274839561E+02 -0.22723597884919E+00 -0.38145477686122E-04 -0.18086027774281E+01 -0.78010574962530E+00  0.26352067627368E+03  0.33457256946361E+03 -0.28049858109580E+04  0.23130325127833E+01
   0.17107717462401E+04 -0.14249208537033E+03  0.63198805817744E+02 -0.16200370659629E+03  0.58075445114677E+01 -0.72520312899457E+02 -0.29274746158202E+02  0.17922386583595E+04 -0.31307912731072E+03 -0.60715367200337E+02  0.15060724179421E+02  0.11424369043841E+03  0.10256100110963E+02 -0.14114872247188E+00  0.78734749914308E+02 -0.12949927928606E+02  0.85214236951866E+02  0.53230074339604E+02 -0.29721669501416E+03 -0.68198340666724E+00 -0.15047484253717E+02  0.15932793416115E+01  0.22056426294366E+02 -0.75269160034068E+02 -0.36254059439878E+01 -0.12644836913326E+02 -0.38952203223713E+02 -0.17105570081607E+03  0.50481313744855E-02 -0.29060532843371E+02 -0.60521604577710E+03  0.10170280084617E+01 -0.15485785993391E+03 -0.19645394104491E+02 -0.65893062048754E+01 -0.16255316244939E+00 -0.46931534052930E-04 -0.19087011720340E+00 -0.74477880867910E-01  0.27299807715248E+02  0.75223342551455E+02 -0.20127266781445E+03  0.17740497356717E+00
  -0.74494658817740E+02  0.87952361342460E+01 -0.33720956159716E+01  0.44038856290179E+02 -0.40830384043163E+01  0.15018032222529E+02  0.79538537467000E+01  0.58235427983378E+02 -0.65272217583212E+01 -0.11236806549550E+01  0.42654540466868E+00 -0.13807379104025E+01 -0.14114872247188E+00  0.24302562790124E-01  0.91785061678208E+01 -0.66526273984522E+00  0.52327534772628E+01  0.24414847289287E+01 -0.70465812329667E+02  0.23881672815824E+00  0.15854036967993E+02  0.31725782986841E+01  0.83308393613126E+01  0.27106627973680E+02  0.10142238923158E+01  0.32290604466029E+01  0.18554629471834E+02  0.34438063698894E-01  0.48474255659994E-05 -0.32227532960691E+01 -0.17664078692897E+00  0.21872579842886E-03 -0.12564724979666E+01 -0.42262968143632E-06 -0.68056845781560E-01  0.00000000000000E+00  0.14023068474390E-13 -0.81821214234481E-03 -0.45407245886168E-03 -0.13409057654929E+01  0.51635202008304E-06 -0.11485475786773E+01  0.64938051728386E-03
   0.55377358591169E+04  0.85308505783698E+03 -0.47020002389896E+03  0.29890398513306E+05 -0.25115886506679E+04  0.93404051226563E+04  0.47906501351931E+04  0.83760637647111E+05  0.49133246997956E+05 -0.39820707160922E+04  0.12831599801920E+04  0.14613089222867E+04  0.78734749914308E+02  0.91785061678208E+01  0.48582063772267E+05 -0.44177892205687E+04  0.32832896219536E+05  0.17050000906415E+05 -0.55697904346308E+05 -0.54358822951260E+02 -0.41372412314257E+04 -0.89248869471736E+03 -0.24074115001919E+04 -0.68006915917135E+04 -0.28221561607662E+03 -0.90085231285656E+03 -0.48201544406738E+04 -0.25497151975225E+04 -0.16900519059022E+04 -0.24597598546017E+04  0.20075151456986E+04  0.38664460120992E+04 -0.15257645418394E+04 -0.30125522559856E+04 -0.71533828640529E+03  0.21031549645285E+03  0.32652509324753E+03 -0.27724926285583E+04 -0.14860728909320E+04 -0.24776427994105E+04  0.19809710819647E+03 -0.82215725358580E+03 -0.94323130353441E+03
  -0.16108050436709E+04 -0.72249529505254E+02  0.10527994327648E+02 -0.35637720418417E+04  0.30375580193836E+03 -0.11428078994146E+04 -0.59364794838883E+03 -0.10495964690589E+05 -0.22661562262845E+04  0.47659026151505E+03 -0.14007887746989E+03 -0.19858987041015E+03 -0.12949927928606E+02 -0.66526273984522E+00 -0.44177892205687E+04  0.46748105690872E+03 -0.34033890468645E+04 -0.18390740591683E+04  0.64729188164233E+04  0.74284654585322E+01  0.61073029026825E+03  0.12380029483262E+03  0.32612195999911E+03  0.95820130162558E+03  0.39451011739455E+02  0.12494288292219E+03  0.68932803408538E+03  0.46380675133825E+03  0.28796732093007E+03  0.28084482240025E+03 -0.16918349497460E+03 -0.41303035463044E+03  0.15525335114668E+03  0.30362200252328E+03  0.77671176656015E+02 -0.56088495109342E+02 -0.86311573909473E+02  0.41328185591464E+03  0.20638866411336E+03 -0.27458911445454E+03 -0.35467208460739E+02  0.23407901281067E+03  0.26545757447719E+03
   0.74512941206870E+04  0.40531179962742E+03 -0.26364364077842E+03  0.24508643057399E+05 -0.19995179501428E+04  0.77793810859629E+04  0.38814073407733E+04  0.79169958041823E+05  0.15523878658792E+05 -0.33004751323889E+04  0.10232785211515E+04  0.14591032241601E+04  0.85214236951866E+02  0.52327534772628E+01  0.32832896219536E+05 -0.34033890468645E+04  0.25192110792923E+05  0.13467643469976E+05 -0.45222994386112E+05 -0.54084733330511E+02 -0.40106820245895E+04 -0.88719334874735E+03 -0.23713400248684E+04 -0.66829727943524E+04 -0.28032715433594E+03 -0.88699657750531E+03 -0.46952857706552E+04 -0.23468398447180E+04 -0.15444417820073E+04 -0.23344041582402E+04  0.19783642552237E+04  0.37656755999002E+04 -0.12115070991954E+04 -0.23913780066129E+04 -0.56630797233771E+03  0.63838160948868E+02  0.10474079416301E+03 -0.23836467222754E+04 -0.12916750952336E+04  0.10548320999357E+04  0.21420623653661E+03 -0.14579071369376E+04 -0.16556928966384E+04
   0.57289024008966E+04  0.21402993616548E+03 -0.74213196307624E+02  0.13697973303836E+05 -0.11335788022388E+04  0.44080869218323E+04  0.22272367488693E+04  0.42749679992201E+05  0.74393112536914E+04 -0.18600435699053E+04  0.55578431103959E+03  0.83721243879353E+03  0.53230074339604E+02  0.24414847289287E+01  0.17050000906415E+05 -0.18390740591683E+04  0.13467643469976E+05  0.72985373088289E+04 -0.25257086720854E+05 -0.31687492406062E+02 -0.24511045055165E+04 -0.52619889890091E+03 -0.13887875340923E+04 -0.39855627079740E+04 -0.16697558120646E+03 -0.52585565932875E+03 -0.28228557581975E+04 -0.16503261161795E+04 -0.10407771759236E+04 -0.11756869540658E+04  0.93623284035065E+03  0.20075292689467E+04 -0.61305695760071E+03 -0.12073739151212E+04 -0.31130436582499E+03  0.88915334524312E+02  0.14104641272501E+03 -0.15298167631586E+04 -0.79656271840888E+03  0.12384762094383E+04  0.15165651922167E+03 -0.10234359956626E+04 -0.11574514379454E+04
  -0.10501514937228E+08  0.31287164946336E+07 -0.51284315259000E+06 -0.34223426691234E+07  0.67924337174993E+06 -0.33785911542049E+06 -0.46014279051403E+06 -0.70478781380920E+06 -0.20949066352304E+05  0.67785564280824E+05 -0.79531302873801E+04 -0.72645663216080E+04 -0.29721669501416E+03 -0.70465812329667E+02 -0.55697904346308E+05  0.64729188164233E+04 -0.45222994386112E+05 -0.25257086720854E+05  0.39927820746099E+08 -0.58153976678574E+05 -0.49395568789891E+07 -0.10248466131574E+07 -0.27806715166911E+07 -0.87089537457770E+07 -0.32156238523710E+06 -0.10499019628835E+07 -0.61071562783781E+07  0.35360728630548E+05  0.92336744526830E+05 -0.12402729148393E+04  0.58805990582183E+06  0.30758538288488E+07  0.18234261579299E+05  0.29558125972316E+05  0.23914980394688E+03  0.19100102460178E+06  0.85367784177909E+06  0.25761670347653E+05  0.81383834050300E+04 -0.19542928029705E+05  0.29593271214372E+05  0.21428449924091E+05  0.77545025934384E+05
   0.20987835868665E+05 -0.52317185310447E+04  0.99125372235724E+03  0.68758039804880E+04 -0.12801718207815E+04  0.98566626568329E+03  0.10638509795700E+04  0.22557729617642E+04 -0.75496648710227E+02 -0.19101220262963E+03  0.23255490030792E+02  0.65620825356844E+01 -0.68198340666724E+00  0.23881672815824E+00 -0.54358822951260E+02  0.74284654585322E+01 -0.54084733330511E+02 -0.31687492406062E+02 -0.58153976678574E+05  0.15010534184641E+03  0.11952845551351E+05  0.25775759075764E+04  0.69095646200266E+04  0.21540686300335E+05  0.80348105958922E+03  0.25986416395132E+04  0.14953565758608E+05  0.00000000000000E+00 -0.38254897088320E+03  0.00000000000000E+00  0.00000000000000E+00 -0.84044078655475E+04  0.00000000000000E+00  0.85971854785185E+02  0.00000000000000E+00  0.00000000000000E+00 -0.16019563301409E+04  0.00000000000000E+00  0.00000000000000E+00  0.00000000000000E+00  0.36019036136064E+03  0.00000000000000E+00 -0.32355433857099E+03
   0.17064321183715E+07 -0.44157293976182E+06  0.81029433351844E+05  0.54036307601634E+06 -0.10236388954167E+06  0.71924702359689E+05  0.81158678648305E+05  0.13329950358329E+06  0.22558470707499E+04 -0.13238452309361E+05  0.14641752018730E+04  0.89570899979773E+03 -0.15047484253717E+02  0.15854036967993E+02 -0.41372412314257E+04  0.61073029026825E+03 -0.40106820245895E+04 -0.24511045055165E+04 -0.49395568789891E+07  0.11952845551351E+05  0.96707423465662E+06  0.20705027835999E+06  0.55558831043485E+06  0.17362243027722E+07  0.64436526524841E+05  0.20878636384336E+06  0.12056325594290E+07  0.00000000000000E+00 -0.25734277048963E+05  0.00000000000000E+00  0.00000000000000E+00 -0.65261942752317E+06  0.00000000000000E+00  0.69232077516472E+04  0.00000000000000E+00  0.00000000000000E+00 -0.13662759972545E+06  0.00000000000000E+00  0.00000000000000E+00  0.00000000000000E+00  0.24540574779351E+05  0.00000000000000E+00 -0.21386475603920E+05
   0.36005694771468E+06 -0.89318718751161E+05  0.16965735974652E+05  0.11784987255507E+06 -0.22028021510839E+05  0.16487270809865E+05  0.18026896370804E+05  0.44230103039382E+05 -0.35973994059462E+04 -0.33148713363147E+04  0.42527369081000E+03  0.18460648336241E+03  0.15932793416115E+01  0.31725782986841E+01 -0.89248869471736E+03  0.12380029483262E+03 -0.88719334874735E+03 -0.52619889890091E+03 -0.10248466131574E+07  0.25775759075764E+04  0.20705027835999E+06  0.44763354239162E+05  0.11991938576835E+06  0.37367186781225E+06  0.13891199577188E+05  0.44964522764145E+05  0.25896896097327E+06 -0.53088832229961E+02 -0.61392612417414E+04  0.22467825854097E+01  0.43261564831159E+03 -0.14627726766856E+06  0.00000000000000E+00  0.11489015066854E+04  0.00000000000000E+00  0.22707659829649E+04 -0.27895909867034E+05  0.00000000000000E+00  0.00000000000000E+00  0.00000000000000E+00  0.59692961206618E+04 -0.40155356193527E+03 -0.57843205920522E+04
   0.98693487235014E+06 -0.24715437824526E+06  0.46530298186662E+05  0.31679905241721E+06 -0.59199239029021E+05  0.44251970449425E+05  0.48342370356748E+05  0.12901898227307E+06 -0.12730792105087E+05 -0.91189156298975E+04  0.12093473752422E+04  0.67655998825091E+03  0.22056426294366E+02  0.83308393613126E+01 -0.24074115001919E+04  0.32612195999911E+03 -0.23713400248684E+04 -0.13887875340923E+04 -0.27806715166911E+07  0.69095646200266E+04  0.55558831043485E+06  0.11991938576835E+06  0.32176555722567E+06  0.10013480188489E+07  0.37256822565443E+05  0.12064921073977E+06  0.69485701475800E+06 -0.16582981640312E+03 -0.16199030072966E+05 -0.49844175983085E+02 -0.69094723256036E+04 -0.39268263083929E+06  0.00000000000000E+00  0.30282749522957E+04  0.00000000000000E+00  0.31557772031729E+04 -0.75962964399002E+05  0.00000000000000E+00  0.00000000000000E+00  0.00000000000000E+00  0.16056225330925E+05 -0.21813001244541E+04 -0.15893161071510E+05
   0.29778068336393E+07 -0.75807824167070E+06  0.14081775419180E+06  0.97604222992934E+06 -0.18337700381334E+06  0.13383032181283E+06  0.14793748538743E+06  0.30893020810435E+06 -0.16455855675653E+05 -0.25345862510455E+05  0.30902439672577E+04  0.92228152628474E+03 -0.75269160034068E+02  0.27106627973680E+02 -0.68006915917135E+04  0.95820130162558E+03 -0.66829727943524E+04 -0.39855627079740E+04 -0.87089537457770E+07  0.21540686300335E+05  0.17362243027722E+07  0.37367186781225E+06  0.10013480188489E+07  0.31315419467805E+07  0.11616382073142E+06  0.37623534290950E+06  0.21693489093485E+07  0.25711898244305E+03 -0.51781519595657E+05 -0.66662618614018E+01  0.38351106599278E+05 -0.12015765609419E+07  0.00000000000000E+00  0.97340443257040E+04  0.00000000000000E+00  0.16240634988816E+05 -0.23874237527399E+06  0.00000000000000E+00  0.00000000000000E+00  0.00000000000000E+00  0.45406007512936E+05  0.15904251878029E+04 -0.46042797494206E+05
   0.11474747477502E+06 -0.28955953765352E+05  0.54250451243224E+04  0.37173249756150E+05 -0.69240323949367E+04  0.52569475834890E+04  0.57091061858187E+04  0.14270130498241E+05 -0.12326801669526E+04 -0.10536922615086E+04  0.13617523584132E+03  0.26450558849798E+02 -0.36254059439878E+01  0.10142238923158E+01 -0.28221561607662E+03  0.39451011739455E+02 -0.28032715433594E+03 -0.16697558120646E+03 -0.32156238523710E+06  0.80348105958922E+03  0.64436526524841E+05  0.13891199577188E+05  0.37256822565443E+05  0.11616382073142E+06  0.43376833587487E+04  0.14037816779459E+05  0.80616793587454E+05  0.00000000000000E+00 -0.19253850684607E+04  0.00000000000000E+00  0.00000000000000E+00 -0.46375508232814E+05  0.00000000000000E+00  0.35945275461934E+03  0.00000000000000E+00  0.00000000000000E+00 -0.85231041685759E+04  0.00000000000000E+00  0.00000000000000E+00  0.00000000000000E+00  0.14359747790120E+04  0.00000000000000E+00 -0.19045143268117E+04
   0.37252466730294E+06 -0.94496768863717E+05  0.17619865539713E+05  0.12006646399295E+06 -0.22380239831095E+05  0.16904949039127E+05  0.18366573611787E+05  0.47339174014650E+05 -0.44978402801470E+04 -0.33997582198550E+04  0.44600029047461E+03  0.66004706040753E+02 -0.12644836913326E+02  0.32290604466029E+01 -0.90085231285656E+03  0.12494288292219E+03 -0.88699657750531E+03 -0.52585565932875E+03 -0.10499019628835E+07  0.25986416395132E+04  0.20878636384336E+06  0.44964522764145E+05  0.12064921073977E+06  0.37623534290950E+06  0.14037816779459E+05  0.45464488451950E+05  0.26114080007538E+06  0.00000000000000E+00 -0.60989109113489E+04  0.00000000000000E+00  0.00000000000000E+00 -0.14959266734288E+06  0.00000000000000E+00  0.11380116235948E+04  0.00000000000000E+00  0.00000000000000E+00 -0.28439991727853E+05  0.00000000000000E+00  0.00000000000000E+00  0.00000000000000E+00  0.45463711981281E+04  0.00000000000000E+00 -0.62710169108947E+04
   0.21394588172442E+07 -0.54872079624891E+06  0.10142867832418E+06  0.67934216951930E+06 -0.12788810139069E+06  0.92371707650626E+05  0.10262369163401E+06  0.21875375987053E+06 -0.12292118138320E+05 -0.17864876525926E+05  0.21782873631613E+04  0.68744700313058E+03 -0.38952203223713E+02  0.18554629471834E+02 -0.48201544406738E+04  0.68932803408538E+03 -0.46952857706552E+04 -0.28228557581975E+04 -0.61071562783781E+07  0.14953565758608E+05  0.12056325594290E+07  0.25896896097327E+06  0.69485701475800E+06  0.21693489093485E+07  0.80616793587454E+05  0.26114080007538E+06  0.15066215371314E+07  0.00000000000000E+00 -0.35543823707667E+05  0.00000000000000E+00  0.00000000000000E+00 -0.83152531733311E+06  0.00000000000000E+00  0.66800097035991E+04  0.00000000000000E+00  0.00000000000000E+00 -0.16704440443355E+06  0.00000000000000E+00  0.00000000000000E+00  0.00000000000000E+00  0.35086074976583E+05  0.00000000000000E+00 -0.31719406308025E+05
  -0.12660460364986E+06  0.16595873845185E+05 -0.56705060228273E+04 -0.12831533951786E+05  0.20087606142475E+04 -0.28817484519983E+04 -0.25560684338192E+04 -0.61300069734628E+05  0.11543440915561E+05  0.27682854269673E+04 -0.50004258794559E+03 -0.11542190374177E+04 -0.17105570081607E+03  0.34438063698894E-01 -0.25497151975225E+04  0.46380675133825E+03 -0.23468398447180E+04 -0.16503261161795E+04  0.35360728630548E+05  0.00000000000000E+00  0.00000000000000E+00 -0.53088832229961E+02 -0.16582981640312E+03  0.25711898244305E+03  0.00000000000000E+00  0.00000000000000E+00  0.00000000000000E+00  0.11666654929920E+06  0.00000000000000E+00  0.00000000000000E+00  0.00000000000000E+00  0.00000000000000E+00  0.00000000000000E+00  0.00000000000000E+00  0.00000000000000E+00  0.00000000000000E+00  0.00000000000000E+00  0.00000000000000E+00  0.00000000000000E+00  0.00000000000000E+00  0.00000000000000E+00  0.00000000000000E+00  0.00000000000000E+00
  -0.63823132543641E+05  0.97925284788654E+04 -0.28007246327607E+04 -0.25358195033426E+05  0.39616733566890E+04 -0.56512117102769E+04 -0.47456186376708E+04 -0.49061786473082E+05  0.11165100366800E+05  0.18405458106670E+04 -0.37137957607292E+03  0.41193092687287E-01  0.50481313744855E-02  0.48474255659994E-05 -0.16900519059022E+04  0.28796732093007E+03 -0.15444417820073E+04 -0.10407771759236E+04  0.92336744526830E+05 -0.38254897088320E+03 -0.25734277048963E+05 -0.61392612417414E+04 -0.16199030072966E+05 -0.51781519595657E+05 -0.19253850684607E+04 -0.60989109113489E+04 -0.35543823707667E+05  0.00000000000000E+00  0.62006284105695E+05  0.00000000000000E+00  0.00000000000000E+00  0.00000000000000E+00  0.00000000000000E+00  0.00000000000000E+00  0.00000000000000E+00  0.00000000000000E+00  0.00000000000000E+00  0.00000000000000E+00  0.00000000000000E+00  0.00000000000000E+00  0.00000000000000E+00  0.00000000000000E+00  0.00000000000000E+00
  -0.42383343696230E+04 -0.24861526747227E+03  0.56909535641210E+02 -0.56584586335721E+02 -0.56889966221253E+02  0.16377360411887E+03  0.14200295413577E+03 -0.67332183428649E+05  0.24219584323336E+05  0.73030410956700E+03 -0.34640460318439E+03 -0.75309175715559E+03 -0.29060532843371E+02 -0.32227532960691E+01 -0.24597598546017E+04  0.28084482240025E+03 -0.23344041582402E+04 -0.11756869540658E+04 -0.12402729148393E+04  0.00000000000000E+00  0.00000000000000E+00  0.22467825854097E+01 -0.49844175983085E+02 -0.66662618614018E+01  0.00000000000000E+00  0.00000000000000E+00  0.00000000000000E+00  0.00000000000000E+00  0.00000000000000E+00  0.30779016162855E+05  0.00000000000000E+00  0.00000000000000E+00  0.00000000000000E+00  0.00000000000000E+00  0.00000000000000E+00  0.00000000000000E+00  0.00000000000000E+00  0.00000000000000E+00  0.00000000000000E+00  0.00000000000000E+00  0.00000000000000E+00  0.00000000000000E+00  0.00000000000000E+00
  -0.83579489024824E+06  0.20966902720894E+06 -0.40052087386526E+05 -0.66129179223285E+05  0.11997495045838E+05 -0.89359404223053E+04 -0.10247644480586E+05 -0.28377501869861E+06  0.65747801363260E+05  0.11078175336295E+05 -0.21316934272238E+04 -0.51311113300691E+04 -0.60521604577710E+03 -0.17664078692897E+00  0.20075151456986E+04 -0.16918349497460E+03  0.19783642552237E+04  0.93623284035065E+03  0.58805990582183E+06  0.00000000000000E+00  0.00000000000000E+00  0.43261564831159E+03 -0.69094723256036E+04  0.38351106599278E+05  0.00000000000000E+00  0.00000000000000E+00  0.00000000000000E+00  0.00000000000000E+00  0.00000000000000E+00  0.00000000000000E+00  0.57934654237760E+06  0.00000000000000E+00  0.00000000000000E+00  0.00000000000000E+00  0.00000000000000E+00  0.00000000000000E+00  0.00000000000000E+00  0.00000000000000E+00  0.00000000000000E+00  0.00000000000000E+00  0.00000000000000E+00  0.00000000000000E+00  0.00000000000000E+00
  -0.13235996658252E+07  0.29276451106502E+06 -0.60978204226382E+05 -0.44910362338943E+06  0.78006849570226E+05 -0.77001060012202E+05 -0.73957857003063E+05 -0.54185137420318E+06  0.12276768325978E+06  0.21906090781994E+05 -0.41067321442448E+04  0.83573725745636E+01  0.10170280084617E+01  0.21872579842886E-03  0.38664460120992E+04 -0.41303035463044E+03  0.37656755999002E+04  0.20075292689467E+04  0.30758538288488E+07 -0.84044078655475E+04 -0.65261942752317E+06 -0.14627726766856E+06 -0.39268263083929E+06 -0.12015765609419E+07 -0.46375508232814E+05 -0.14959266734288E+06 -0.83152531733311E+06  0.00000000000000E+00  0.00000000000000E+00  0.00000000000000E+00  0.00000000000000E+00  0.85486207111561E+06  0.00000000000000E+00  0.00000000000000E+00  0.00000000000000E+00  0.00000000000000E+00  0.00000000000000E+00  0.00000000000000E+00  0.00000000000000E+00  0.00000000000000E+00  0.00000000000000E+00  0.00000000000000E+00  0.00000000000000E+00
  -0.20674970071294E+05  0.58583153297807E+04 -0.10396199373609E+04 -0.14122789012985E+04  0.33714356561103E+03  0.38201263330448E+01 -0.16985900336661E+03 -0.73640404680128E+05  0.23402639348645E+05  0.15525062240936E+04 -0.45561893764066E+03 -0.24821327145558E+04 -0.15485785993391E+03 -0.12564724979666E+01 -0.15257645418394E+04  0.15525335114668E+03 -0.12115070991954E+04 -0.61305695760071E+03  0.18234261579299E+05  0.00000000000000E+00  0.00000000000000E+00  0.00000000000000E+00  0.00000000000000E+00  0.00000000000000E+00  0.00000000000000E+00  0.00000000000000E+00  0.00000000000000E+00  0.00000000000000E+00  0.00000000000000E+00  0.00000000000000E+00  0.00000000000000E+00  0.00000000000000E+00  0.14897660444169E+05  0.00000000000000E+00  0.00000000000000E+00  0.00000000000000E+00  0.00000000000000E+00  0.00000000000000E+00  0.00000000000000E+00  0.00000000000000E+00  0.00000000000000E+00  0.00000000000000E+00  0.00000000000000E+00
  -0.44363197004385E+05  0.13083457466903E+05 -0.22691405202717E+04 -0.14905183369288E+04  0.42730389515136E+03  0.25987487397639E+03 -0.10206473001561E+03 -0.16572021540859E+06  0.52862720413437E+05  0.34080865305101E+04 -0.10239608251417E+04 -0.74329594970788E+02 -0.19645394104491E+02 -0.42262968143632E-06 -0.30125522559856E+04  0.30362200252328E+03 -0.23913780066129E+04 -0.12073739151212E+04  0.29558125972316E+05  0.85971854785185E+02  0.69232077516472E+04  0.11489015066854E+04  0.30282749522957E+04  0.97340443257040E+04  0.35945275461934E+03  0.11380116235948E+04  0.66800097035991E+04  0.00000000000000E+00  0.00000000000000E+00  0.00000000000000E+00  0.00000000000000E+00  0.00000000000000E+00  0.00000000000000E+00  0.32406886786623E+05  0.00000000000000E+00  0.00000000000000E+00  0.00000000000000E+00  0.00000000000000E+00  0.00000000000000E+00  0.00000000000000E+00  0.00000000000000E+00  0.00000000000000E+00  0.00000000000000E+00
  -0.30728173740841E+04  0.42230596636618E+03 -0.12153474660777E+03 -0.74095574775552E+02  0.95684259670107E+01 -0.20072426136131E+02 -0.14085609540488E+02 -0.13564490471503E+04  0.18673080373695E+03  0.43629417139205E+02 -0.11471595517478E+02 -0.81840274839561E+02 -0.65893062048754E+01 -0.68056845781560E-01 -0.71533828640529E+03  0.77671176656015E+02 -0.56630797233771E+03 -0.31130436582499E+03  0.23914980394688E+03  0.00000000000000E+00  0.00000000000000E+00  0.00000000000000E+00  0.00000000000000E+00  0.00000000000000E+00  0.00000000000000E+00  0.00000000000000E+00  0.00000000000000E+00  0.00000000000000E+00  0.00000000000000E+00  0.00000000000000E+00  0.00000000000000E+00  0.00000000000000E+00  0.00000000000000E+00  0.00000000000000E+00  0.38015622662623E+04  0.00000000000000E+00  0.00000000000000E+00  0.00000000000000E+00  0.00000000000000E+00  0.00000000000000E+00  0.00000000000000E+00  0.00000000000000E+00  0.00000000000000E+00
  -0.19805863966262E+06  0.63569989552094E+05 -0.10215649638042E+05 -0.11865203731059E+05  0.29911068730383E+04  0.40175175611914E+03 -0.10656380201422E+04 -0.59373791961855E+04  0.62358351409886E+03  0.60303607952283E+03 -0.52732506702902E+02 -0.22723597884919E+00 -0.16255316244939E+00  0.00000000000000E+00  0.21031549645285E+03 -0.56088495109342E+02  0.63838160948868E+02  0.88915334524312E+02  0.19100102460178E+06  0.00000000000000E+00  0.00000000000000E+00  0.22707659829649E+04  0.31557772031729E+04  0.16240634988816E+05  0.00000000000000E+00  0.00000000000000E+00  0.00000000000000E+00  0.00000000000000E+00  0.00000000000000E+00  0.00000000000000E+00  0.00000000000000E+00  0.00000000000000E+00  0.00000000000000E+00  0.00000000000000E+00  0.00000000000000E+00  0.10587278530030E+06  0.00000000000000E+00  0.00000000000000E+00  0.00000000000000E+00  0.00000000000000E+00  0.00000000000000E+00  0.00000000000000E+00  0.00000000000000E+00
  -0.26952063131307E+06  0.75336288587226E+05 -0.13125374353705E+05 -0.74683809119582E+05  0.15944004354902E+05 -0.57212909585866E+04 -0.92966675036923E+04 -0.10057659668431E+05  0.10722665086538E+04  0.10007668554249E+04 -0.89258924859908E+02 -0.38145477686122E-04 -0.46931534052930E-04  0.14023068474390E-13  0.32652509324753E+03 -0.86311573909473E+02  0.10474079416301E+03  0.14104641272501E+03  0.85367784177909E+06 -0.16019563301409E+04 -0.13662759972545E+06 -0.27895909867034E+05 -0.75962964399002E+05 -0.23874237527399E+06 -0.85231041685759E+04 -0.28439991727853E+05 -0.16704440443355E+06  0.00000000000000E+00  0.00000000000000E+00  0.00000000000000E+00  0.00000000000000E+00  0.00000000000000E+00  0.00000000000000E+00  0.00000000000000E+00  0.00000000000000E+00  0.00000000000000E+00  0.12526926377707E+06  0.00000000000000E+00  0.00000000000000E+00  0.00000000000000E+00  0.00000000000000E+00  0.00000000000000E+00  0.00000000000000E+00
