# fitpack15: fit parameters                                                                         
# CJ15 AV18 final data choices                                                                      
# Created on 01/15/2020 at 22:52:25                                                                 

 # QCD setup
  INS                           0
  NVL                          11
  IORD                          1
  Q02                   1.6899999999999999     
  IPARAMC                       7
  FLAVOR                4.0000000000000000     
  xmc                   1.3000000000000000     
  xmb                   4.5000000000000000     
  ncb                          12
  ihq                           1
  ias                           0

 # Theory corrections
  inuke                     10814
  itmc                          1
  iht                           1

 # fit parameters
 LAMBDA       0.22680        0.0000    
 a0uv          1.9523        0.0000    
 a1uv         0.56832       0.23594E-01
 a2uv          3.5568       0.11675E-01
 a3uv          0.0000        0.0000    
 a4uv          4.5759       0.63163    
 a5uv          0.0000        0.0000    
 a0dv          24.935        0.0000    
 a1dv          1.1562       0.33267E-01
 a2dv          6.6224       0.15968    
 a3dv         -3.5581       0.85258E-01
 a4dv          4.7880       0.13975    
 a5dv          0.0000        0.0000    
 a0ud         0.14191       0.49836E-02
 a1ud        -0.21088       0.38219E-02
 a2ud          8.4341       0.18941    
 a3ud          0.0000        0.0000    
 a4ud          15.832        1.3111    
 a5ud          0.0000        0.0000    
 a0du          35712.        0.0000    
 a1du          4.0842       0.85997E-01
 a2du          20.147       0.95881    
 a3du          17.000        0.0000    
 a4du          53.346        11.999    
 a0g           47.344        0.0000    
 a1g          0.60954       0.32553E-01
 a2g           6.7944       0.96719    
 a3g          -3.3796       0.14688    
 a4g           3.3880       0.37420    
 a5g           0.0000        0.0000    
 kappa        0.40000        0.0000    
 a6dv        -0.39521E-02   0.67452E-03
 a7dv          2.0000        0.0000    
 off1         -2.6788        1.7979    
 off2         0.61846E-01   0.43317E-02
 ht1          -3.5640       0.34701    
 ht2           2.0866       0.12522    
 ht3          -2.0478       0.35603E-01
 ht4           0.0000        0.0000    
 ht1n         -3.6744        1.0286    
 ht2n          1.9811       0.34262    
 ht3n         -2.1291       0.67611E-01
 ht4n          0.0000        0.0000    
 dummy44       0.0000        0.0000    
 dummy45       0.0000        0.0000    
 dummy46       0.0000        0.0000    
 dummy47       0.0000        0.0000    
 dummy48       0.0000        0.0000    
 dummy49       0.0000        0.0000    
 bcdmsh2      0.97007       0.48554E-02
 bcdmsd2      0.99010       0.58578E-02
 ccfr          1.0000        0.0000    
 nutev         1.0000        0.0000    
 zeus         0.97998        0.0000    
 h1            1.0162        0.0000    
 e605          1.0319        0.0000    
 NmcH2         1.0066       0.71353E-02
 ntv_nu        1.0000        0.0000    
 ntv_nubar     1.0000        0.0000    
 cdf_jet      0.98910        0.0000    
 d0_jet       0.83504        0.0000    
 slac_p        1.0020       0.50398E-02
 slac_d        1.0013       0.53167E-02
 e866pp       0.98220       0.19972E-01
 e866pd       0.97032       0.16439E-01
 d0_gamjet     1.0362       0.16486E-01
 h1b          0.97608        0.0000    
 jlab_p       0.99057       0.62870E-02
 jlab_d       0.97446       0.60244E-02
 blank         1.0000        0.0000    
 d0run2       0.94486       0.14231E-01
 cdfrun2      0.93144       0.17328E-01
 HERA_el       1.0000        0.0000    
 HERA_ps       1.0000        0.0000    
 CDF_Z        0.95926       0.66238E-02
 NmcRat        1.0000        0.0000    
 BNS_F2nd     0.98328       0.12097E-01
 HERMES_F2p   0.99592       0.56765E-02
 HERMES_F2d   0.97762       0.58508E-02
 END 0. 0.

 # Hessian matrix (Bevington alpha)
   0.51989734599416E+07 -0.13321357631117E+07  0.19500058530354E+06  0.50576404261184E+06 -0.12808543147241E+06 -0.29395055604159E+05  0.53272828388578E+05  0.98914821753593E+06 -0.18408758678354E+06 -0.50130362588650E+05  0.72912800125762E+04  0.15355786313206E+05  0.17229211767497E+04 -0.10617164584833E+03  0.97453775931476E+04 -0.21695197292904E+04  0.10369158064163E+05  0.74459185282452E+04 -0.78014859789486E+07 -0.11593659540998E+04  0.33345222713331E+07  0.36043744360013E+05  0.12576230926384E+06  0.23218965879431E+06  0.12434580395533E+05  0.47713811765272E+05  0.24636567142438E+06 -0.13226459710272E+06 -0.56075407666945E+05 -0.52664142438752E+04 -0.86881898394064E+06 -0.11265216806338E+07 -0.20988838923340E+05 -0.47524428434974E+05 -0.32099740756382E+04 -0.20495430996154E+06 -0.23109091885270E+06 -0.92300514049938E+04 -0.32578873759532E+04 -0.18093998017582E+05  0.17195766553908E+05 -0.74380660925810E+05 -0.58650927826339E+05
  -0.13321357631117E+07  0.41649875846932E+06 -0.51035219881491E+05 -0.13766585126323E+06  0.34556081632993E+05  0.10605783128716E+05 -0.11138886057442E+05 -0.12535380343151E+06  0.26416589072262E+05  0.73817019644683E+04 -0.87442995333784E+03 -0.11993744293404E+04 -0.13918406185536E+03  0.12727942897725E+02  0.64194582871663E+03 -0.52762235099156E+02  0.13543773422780E+03  0.75192698130935E+02  0.26082116427641E+07  0.49141617495719E+03 -0.95514383311773E+06 -0.72679643168327E+04 -0.28898681744332E+05 -0.59600243041069E+05 -0.28951657251994E+04 -0.11921524036619E+05 -0.67439495513722E+05  0.16792440063506E+05  0.82880283447094E+04 -0.19420126085237E+03  0.21055845566697E+06  0.26591140509568E+06  0.57497804268326E+04  0.13188018513296E+05  0.42297777141077E+03  0.63904616926633E+05  0.71515179913378E+05  0.24374532863745E+04  0.77172788189605E+03 -0.22133451089238E+04 -0.22649842800456E+04  0.86858949790556E+04  0.72940559043943E+04
   0.19500058530354E+06 -0.51035219881491E+05  0.73670311104934E+04  0.18765315890714E+05 -0.48646827153929E+04 -0.13509895169310E+04  0.19170181304287E+04  0.27988331352654E+05 -0.50586629159203E+04 -0.16622349919823E+04  0.20976141063730E+03  0.41657181044988E+03  0.52987576576162E+02 -0.40257931728073E+01 -0.27627901102862E+03 -0.77586260948693E+01 -0.12564602030125E+03 -0.47347760504757E+01 -0.29991222666452E+06 -0.45895093667747E+02  0.12636069277689E+06  0.13206789032164E+04  0.46139405283143E+04  0.86569760434384E+04  0.45954589157003E+03  0.17695594849704E+04  0.92682861670608E+04 -0.46749287102207E+04 -0.19832410714736E+04  0.18451097926437E+02 -0.31845249944933E+05 -0.41466806546739E+05 -0.79897236674064E+03 -0.18160048403266E+04 -0.10084630751050E+03 -0.79076530958782E+04 -0.88981498821748E+04 -0.34617655121437E+03 -0.12097155319565E+03 -0.66396692732594E+02  0.61252363032548E+03 -0.22209650100815E+04 -0.17923585902992E+04
   0.50576404261184E+06 -0.13766585126323E+06  0.18765315890714E+05  0.40168414235998E+06 -0.62422481103702E+05  0.74219654578946E+05  0.64016155979413E+05  0.36330189872315E+06 -0.27999595225187E+05 -0.18333835105658E+05  0.31786386935992E+04 -0.13962378677986E+04 -0.15047833413095E+03  0.54935164295568E+02  0.31012049756097E+05 -0.37732009930286E+04  0.24914543914521E+05  0.13992074244513E+05 -0.22744673762222E+07 -0.13348738759673E+03  0.92618928939256E+06  0.13041056812027E+05  0.38310059863755E+05  0.91731787456218E+05  0.41761546444560E+04  0.15104074839400E+05  0.68291899513390E+05 -0.12878202210983E+05 -0.21339496727422E+05 -0.69321386986929E+02 -0.66400286358324E+05 -0.34496342166126E+06 -0.13667594053761E+04 -0.24941213959891E+04 -0.70879086152729E+02 -0.11790430348956E+05 -0.53245913740031E+05 -0.24806767393492E+04 -0.96418886745845E+03 -0.98393551542194E+04 -0.15878007723681E+05 -0.72667113117690E+04 -0.21542045253979E+05
  -0.12808543147241E+06  0.34556081632993E+05 -0.48646827153929E+04 -0.62422481103702E+05  0.11448950610471E+05 -0.74377441211121E+04 -0.91110800447225E+04 -0.33367100589785E+05  0.51773808492459E+03  0.23590933898499E+04 -0.31685745268869E+03 -0.20084172729421E+02  0.50608471110665E+01 -0.48894555251155E+01 -0.26035562693828E+04  0.32154617770593E+03 -0.20378827760944E+04 -0.11597198586411E+04  0.48620103989342E+06  0.48901992520414E+02 -0.19041532654747E+06 -0.24259727777370E+04 -0.71438348501403E+04 -0.17628812639867E+05 -0.73585353583224E+03 -0.27118047411662E+04 -0.13411850560729E+05  0.19989774857578E+04  0.33606756815355E+04 -0.57175921745280E+02  0.11790369091020E+05  0.62564095001218E+05  0.32011203378358E+03  0.56386628819964E+03  0.89683377606570E+01  0.29003738975083E+04  0.12906918440731E+05  0.46579676385411E+03  0.17267772368721E+03  0.37135460114688E+03  0.25086546984980E+04  0.81527398965647E+03  0.25157287732888E+04
  -0.29395055604159E+05  0.10605783128716E+05 -0.13509895169310E+04  0.74219654578946E+05 -0.74377441211121E+04  0.24334312301785E+05  0.14525975771157E+05  0.11074022195620E+06 -0.10498793717106E+05 -0.45700872633847E+04  0.94970604397439E+03 -0.71247815472610E+03 -0.67038543537041E+02  0.18630395426028E+02  0.94888167852944E+04 -0.11855820111762E+04  0.77170491433462E+04  0.43981332264384E+04 -0.44881229100826E+05  0.62207715192157E+02  0.50262068889235E+05  0.14305028506273E+04  0.40411038013423E+04  0.81317142686799E+04  0.56717152614200E+03  0.18698210926490E+04  0.51846938212723E+04 -0.27324810116675E+04 -0.41933320836956E+04  0.15134511967809E+03 -0.84209522252460E+04 -0.41153805078858E+05  0.14658770354130E+02 -0.75830926495134E+01 -0.18714995597155E+02  0.46544857485741E+03  0.17493996051605E+04 -0.24476141675587E+03 -0.12631937113570E+03 -0.31609474819670E+04 -0.32546015041603E+04 -0.18579508577955E+04 -0.53387151999549E+04
   0.53272828388578E+05 -0.11138886057442E+05  0.19170181304287E+04  0.64016155979413E+05 -0.91110800447225E+04  0.14525975771157E+05  0.11296745539428E+05  0.60991263061261E+05 -0.34836521210953E+04 -0.32527695991647E+04  0.55079059570745E+03 -0.23242409922974E+03 -0.26983061960856E+02  0.97728373903461E+01  0.48735494712124E+04 -0.61741550143330E+03  0.38526565790713E+04  0.22236796084976E+04 -0.23936553781261E+06  0.11789449985311E+02  0.11624264670741E+06  0.19179747523247E+04  0.54907251888023E+04  0.12533309389365E+05  0.65243520534227E+03  0.22468212877637E+04  0.89344195974611E+04 -0.24581059179768E+04 -0.38521973209932E+04  0.13743447945207E+03 -0.98158963892818E+04 -0.51189290324858E+05 -0.15368153481877E+03 -0.27316941840838E+03 -0.13080258839117E+02 -0.97783114670767E+03 -0.45738305160780E+04 -0.35379064332548E+03 -0.14955699615037E+03 -0.13418341168823E+04 -0.31113111670401E+04 -0.11474170857410E+04 -0.34163756402030E+04
   0.98914821753593E+06 -0.12535380343151E+06  0.27988331352654E+05  0.36330189872315E+06 -0.33367100589785E+05  0.11074022195620E+06  0.60991263061261E+05  0.53960848429439E+07 -0.24111003221140E+07 -0.89519640347083E+05  0.25962592844841E+05  0.26569005443782E+05  0.17963761300287E+04  0.97859566405086E+02  0.89437310551482E+05 -0.11350951553395E+05  0.82934101286676E+05  0.44935346220308E+05 -0.58679933715962E+06  0.43834271194500E+03  0.38389810031413E+06  0.18013279875997E+05  0.58989952449543E+05  0.95626148844013E+05  0.62951264623407E+04  0.23064566752580E+05  0.70584543419304E+05 -0.63173855664063E+05 -0.50629527604867E+05 -0.70521037085138E+05 -0.29595675473172E+06 -0.58099085668328E+06 -0.74039304277600E+05 -0.16647108351099E+06 -0.14151985531467E+04 -0.56647795147482E+04 -0.11140742650379E+05  0.24653623506409E+03  0.25724663762419E+03 -0.27466906785018E+06 -0.87663899063977E+04 -0.14481114163858E+06 -0.17850282082799E+06
  -0.18408758678354E+06  0.26416589072262E+05 -0.50586629159203E+04 -0.27999595225187E+05  0.51773808492459E+03 -0.10498793717106E+05 -0.34836521210953E+04 -0.24111003221140E+07  0.19287747061465E+07  0.19491336173463E+05 -0.64033241496653E+04 -0.55761778966997E+04 -0.30779374379580E+03 -0.13707840561408E+02  0.47979592777958E+05 -0.22214878675726E+04  0.14654125825891E+05  0.70074300420536E+04 -0.25903174112351E+05 -0.96958779634155E+02 -0.50289559222184E+04 -0.34497722476303E+04 -0.11926491819900E+05 -0.17752036546373E+05 -0.12548350958639E+04 -0.47834588076730E+04 -0.12847803197602E+05  0.11576525456177E+05  0.10935187964410E+05  0.24772610442733E+05  0.67176343683000E+05  0.12754096125704E+06  0.22919501595370E+05  0.51606515881288E+05  0.19196083613311E+03  0.59608222219600E+03  0.12063768819524E+04 -0.12502954754305E+04 -0.69482714789611E+03  0.11312313830875E+06  0.15656897512567E+04  0.45309847542979E+05  0.55319403803212E+05
  -0.50130362588650E+05  0.73817019644683E+04 -0.16622349919823E+04 -0.18333835105658E+05  0.23590933898499E+04 -0.45700872633847E+04 -0.32527695991647E+04 -0.89519640347083E+05  0.19491336173463E+05  0.26604152363495E+04 -0.61274813655550E+03 -0.66088528340969E+03 -0.58681091307998E+02 -0.17503501035966E+01 -0.40313893766219E+04  0.49289953452126E+03 -0.32648701579168E+04 -0.18506288587145E+04  0.56359275375440E+05 -0.12550194211566E+02 -0.34361615202696E+05 -0.81511734774520E+03 -0.25059027867366E+04 -0.44957924980850E+04 -0.27192610001514E+03 -0.95536140196263E+03 -0.34445606087738E+04  0.27551158667667E+04  0.19004331277519E+04  0.73816694386420E+03  0.11032414276366E+05  0.22900348892158E+05  0.14960278023725E+04  0.33050613338421E+04  0.43794362905140E+02  0.55249349291218E+03  0.10498163861133E+04  0.12954698254415E+03  0.57738159606514E+02  0.31410289583409E+04  0.43487994760517E+03  0.28408502246846E+04  0.35881693158914E+04
   0.72912800125762E+04 -0.87442995333784E+03  0.20976141063730E+03  0.31786386935992E+04 -0.31685745268869E+03  0.94970604397439E+03  0.55079059570745E+03  0.25962592844841E+05 -0.64033241496653E+04 -0.61274813655550E+03  0.16554540569934E+03  0.18534191662598E+03  0.13536403635894E+02  0.64990242147229E+00  0.12214528809492E+04 -0.13541797320832E+03  0.95672060828137E+03  0.52089072791929E+03 -0.59939012133779E+04  0.30310944020074E+01  0.35733775869554E+04  0.12881243537566E+03  0.41447765894683E+03  0.69006542753749E+03  0.44433697641831E+02  0.16052953546885E+03  0.51165080546061E+03 -0.46051360145499E+03 -0.34727509426089E+03 -0.33414379483746E+03 -0.19889842952844E+04 -0.39529819566132E+04 -0.41588635158588E+03 -0.93545559853939E+03 -0.10793388298564E+02 -0.44360772092906E+02 -0.87084091964725E+02 -0.13080661169823E+02 -0.61515040446243E+01 -0.11284971062962E+04 -0.63790703311011E+02 -0.81160751619441E+03 -0.10076334744034E+04
   0.15355786313206E+05 -0.11993744293404E+04  0.41657181044988E+03 -0.13962378677986E+04 -0.20084172729421E+02 -0.71247815472610E+03 -0.23242409922974E+03  0.26569005443782E+05 -0.55761778966997E+04 -0.66088528340969E+03  0.18534191662598E+03  0.15646388313740E+04  0.10424282616605E+03 -0.11724579798034E+01  0.13705620549414E+04 -0.19236780049995E+03  0.13501413398203E+04  0.78334094131836E+03 -0.60086396255136E+04 -0.47785316698901E+01  0.16912547503702E+04  0.12300727210439E+02  0.18781008958673E+03 -0.36672343185974E+03 -0.21037989319533E+02 -0.87536233663853E+02 -0.20654634884256E+03 -0.11133799223220E+04 -0.80269679382274E-01 -0.68574544059574E+03 -0.49666454218103E+04 -0.17676916937155E+02 -0.22436726369396E+04 -0.68766590545090E+02 -0.77417984314277E+02 -0.20248125681507E+00  0.30570677738446E-02 -0.17000869212272E+01 -0.72811783972706E+00  0.29052214878725E+03  0.30340175605309E+03 -0.26675448240464E+04 -0.48793661181762E+01
   0.17229211767497E+04 -0.13918406185536E+03  0.52987576576162E+02 -0.15047833413095E+03  0.50608471110665E+01 -0.67038543537041E+02 -0.26983061960856E+02  0.17963761300287E+04 -0.30779374379580E+03 -0.58681091307998E+02  0.13536403635894E+02  0.10424282616605E+03  0.94396037815411E+01 -0.16830264161449E+00  0.76788609189926E+02 -0.12925355793216E+02  0.79830299479855E+02  0.50523254853953E+02 -0.28749457515071E+03 -0.42219379994780E+00 -0.65573178537025E+02  0.29689075817626E+01  0.23510621345375E+02 -0.43012731152620E+02 -0.24030966303469E+01 -0.91684379925955E+01 -0.18617921271963E+02 -0.16379876400424E+03 -0.10479080274008E-01 -0.26992052124365E+02 -0.58425519472683E+03 -0.20095229098352E+01 -0.14140615669011E+03 -0.18027902431280E+02 -0.62934472635480E+01 -0.14468809011549E+00  0.20728974664758E-02 -0.17987016345870E+00 -0.69849025521096E-01  0.28750801915906E+02  0.67783208509575E+02 -0.19336303034920E+03 -0.37993381905621E+00
  -0.10617164584833E+03  0.12727942897725E+02 -0.40257931728073E+01  0.54935164295568E+02 -0.48894555251155E+01  0.18630395426028E+02  0.97728373903461E+01  0.97859566405086E+02 -0.13707840561408E+02 -0.17503501035966E+01  0.64990242147229E+00 -0.11724579798034E+01 -0.16830264161449E+00  0.48294672753484E-01  0.14041793699663E+02 -0.10859442042938E+01  0.84830081032303E+01  0.39985281988374E+01 -0.79425930503671E+02  0.30123237632879E-01  0.58586699186174E+02  0.35771920415611E+00  0.92042519003918E+00  0.32594041093207E+01  0.13637423844682E+00  0.45138158674815E+00  0.21692543495938E+01  0.67926698226499E-01 -0.26442458120517E-04 -0.58731520829077E+01 -0.73068416253650E+00 -0.19777957297233E-02 -0.30644509906425E+01 -0.13336823442375E-04 -0.13423644070962E+00  0.32160523054100E-12 -0.56611620723455E-12 -0.16112954608251E-02 -0.88542490168026E-03 -0.15741548543813E+01  0.37470348536378E-04 -0.30039520852449E+01 -0.36581159322888E-02
   0.97453775931476E+04  0.64194582871663E+03 -0.27627901102862E+03  0.31012049756097E+05 -0.26035562693828E+04  0.94888167852944E+04  0.48735494712124E+04  0.89437310551482E+05  0.47979592777958E+05 -0.40313893766219E+04  0.12214528809492E+04  0.13705620549414E+04  0.76788609189926E+02  0.14041793699663E+02  0.49650153105111E+05 -0.46275849398818E+04  0.33370473628246E+05  0.17401430597724E+05 -0.55212654947867E+05  0.13511820497670E+01 -0.11310937605296E+05 -0.14070084563603E+03 -0.43401531543885E+03 -0.46076479117185E+03 -0.45279792664030E+02 -0.15759231781362E+03 -0.45114838519489E+03 -0.27029965561175E+04 -0.17728669292667E+04 -0.24892690099962E+04  0.20178163149319E+04  0.43531990383134E+04 -0.14786631693641E+04 -0.29331734751518E+04 -0.72797916781726E+03  0.23321002669200E+03  0.41938442362823E+03 -0.28657845109663E+04 -0.15234690631755E+04 -0.23972770162666E+04  0.19418692097999E+03 -0.89737582635236E+03 -0.10112630861434E+04
  -0.21695197292904E+04 -0.52762235099156E+02 -0.77586260948693E+01 -0.37732009930286E+04  0.32154617770593E+03 -0.11855820111762E+04 -0.61741550143330E+03 -0.11350951553395E+05 -0.22214878675726E+04  0.49289953452126E+03 -0.13541797320832E+03 -0.19236780049995E+03 -0.12925355793216E+02 -0.10859442042938E+01 -0.46275849398818E+04  0.50149467677972E+03 -0.35189003603825E+04 -0.19116550763292E+04  0.64756670260944E+04 -0.75273730625374E+00  0.17402888316359E+04  0.15153684091871E+02  0.41993374925494E+02  0.31220321550780E+02  0.46237174304532E+01  0.15480197862944E+02  0.51022169524802E+02  0.49841706079911E+03  0.31223323782640E+03  0.28782834313789E+03 -0.16680040917162E+03 -0.50252998132595E+03  0.15340943976211E+03  0.30327932907128E+03  0.80663245487427E+02 -0.62649048587322E+02 -0.11115702123843E+03  0.43591704117059E+03  0.21592998170751E+03 -0.30338218918819E+03 -0.35042579646740E+02  0.25037600285507E+03  0.28055129964749E+03
   0.10369158064163E+05  0.13543773422780E+03 -0.12564602030125E+03  0.24914543914521E+05 -0.20378827760944E+04  0.77170491433462E+04  0.38526565790713E+04  0.82934101286676E+05  0.14654125825891E+05 -0.32648701579168E+04  0.95672060828137E+03  0.13501413398203E+04  0.79830299479855E+02  0.84830081032303E+01  0.33370473628246E+05 -0.35189003603825E+04  0.25250478096113E+05  0.13530560720624E+05 -0.44684897938391E+05 -0.44749054102312E+00 -0.10402140510487E+05 -0.15319037947746E+03 -0.45803337401541E+03 -0.53335871354501E+03 -0.50640342839729E+02 -0.16707129049266E+03 -0.44436531203877E+03 -0.23085136784751E+04 -0.15031932747151E+04 -0.23589258415917E+04  0.20268005432102E+04  0.41739532440745E+04 -0.11715650948976E+04 -0.23306603950790E+04 -0.56679607970307E+03  0.55474219842083E+02  0.11063652990872E+03 -0.23437572669256E+04 -0.12714301084269E+04  0.96206387608306E+03  0.19402736896949E+03 -0.14402851673999E+04 -0.16023121530470E+04
   0.74459185282452E+04  0.75192698130935E+02 -0.47347760504757E+01  0.13992074244513E+05 -0.11597198586411E+04  0.43981332264384E+04  0.22236796084976E+04  0.44935346220308E+05  0.70074300420536E+04 -0.18506288587145E+04  0.52089072791929E+03  0.78334094131836E+03  0.50523254853953E+02  0.39985281988374E+01  0.17401430597724E+05 -0.19116550763292E+04  0.13530560720624E+05  0.73565183368384E+04 -0.24906051865065E+05  0.97846435429367E+00 -0.65161964445002E+04 -0.83061010103098E+02 -0.23518745915969E+03 -0.24821903475946E+03 -0.26982027835920E+02 -0.86472804919392E+02 -0.23921032134919E+03 -0.16515212183995E+04 -0.10415707338796E+04 -0.11891405877529E+04  0.95568969498470E+03  0.23019552360606E+04 -0.59420022741676E+03 -0.11832937821502E+04 -0.31287322576770E+03  0.87863394569044E+02  0.16371215903678E+03 -0.15216383184975E+04 -0.79127972763188E+03  0.12228274248840E+04  0.14010792693869E+03 -0.10268466981112E+04 -0.11422835857300E+04
  -0.78014859789486E+07  0.26082116427641E+07 -0.29991222666452E+06 -0.22744673762222E+07  0.48620103989342E+06 -0.44881229100826E+05 -0.23936553781261E+06 -0.58679933715962E+06 -0.25903174112351E+05  0.56359275375440E+05 -0.59939012133779E+04 -0.60086396255136E+04 -0.28749457515071E+03 -0.79425930503671E+02 -0.55212654947867E+05  0.64756670260944E+04 -0.44684897938391E+05 -0.24906051865065E+05  0.33693006353453E+08  0.57451089544229E+04 -0.10783969630502E+08 -0.10728435159109E+06 -0.34563969177859E+06 -0.91538232968827E+06 -0.30717820898229E+05 -0.12824954664847E+06 -0.73603678620679E+06  0.34278759806207E+05  0.76161197314794E+05 -0.12139889157684E+04  0.56792418866485E+06  0.27917416424928E+07  0.17114740481517E+05  0.31470458589830E+05  0.21188009100712E+03  0.18494025419867E+06  0.81512438856501E+06  0.24413192739323E+05  0.76831123926419E+04 -0.18435140261185E+05  0.44788400489537E+05  0.20660533163163E+05  0.64200710587773E+05
  -0.11593659540998E+04  0.49141617495719E+03 -0.45895093667747E+02 -0.13348738759673E+03  0.48901992520414E+02  0.62207715192157E+02  0.11789449985311E+02  0.43834271194500E+03 -0.96958779634155E+02 -0.12550194211566E+02  0.30310944020074E+01 -0.47785316698901E+01 -0.42219379994780E+00  0.30123237632879E-01  0.13511820497670E+01 -0.75273730625374E+00 -0.44749054102312E+00  0.97846435429367E+00  0.57451089544229E+04  0.20767943753132E+01 -0.18701750363281E+04 -0.12454742982410E+02 -0.43051676579239E+02 -0.13857336965271E+03 -0.17126543752945E+01 -0.12341475349855E+02 -0.10856955778041E+03  0.00000000000000E+00 -0.32760989076011E+02  0.00000000000000E+00  0.00000000000000E+00  0.26485392517840E+03  0.00000000000000E+00 -0.61826359760405E+01  0.00000000000000E+00  0.00000000000000E+00  0.18907132354874E+03  0.00000000000000E+00  0.00000000000000E+00  0.00000000000000E+00  0.17209256334609E+02  0.00000000000000E+00 -0.33248525971910E+02
   0.33345222713331E+07 -0.95514383311773E+06  0.12636069277689E+06  0.92618928939256E+06 -0.19041532654747E+06  0.50262068889235E+05  0.11624264670741E+06  0.38389810031413E+06 -0.50289559222184E+04 -0.34361615202696E+05  0.35733775869554E+04  0.16912547503702E+04 -0.65573178537025E+02  0.58586699186174E+02 -0.11310937605296E+05  0.17402888316359E+04 -0.10402140510487E+05 -0.65161964445002E+04 -0.10783969630502E+08 -0.18701750363281E+04  0.60259757658965E+07  0.75087627367324E+05  0.21946100689816E+06  0.58505992724391E+06  0.21196579731852E+05  0.80249216457591E+05  0.42882834003228E+06  0.00000000000000E+00 -0.69434432302265E+05  0.00000000000000E+00  0.00000000000000E+00 -0.17226144417417E+07  0.00000000000000E+00  0.16488138569922E+05  0.00000000000000E+00  0.00000000000000E+00 -0.35919503062336E+06  0.00000000000000E+00  0.00000000000000E+00  0.00000000000000E+00  0.52748712509928E+05  0.00000000000000E+00 -0.57846597189736E+05
   0.36043744360013E+05 -0.72679643168327E+04  0.13206789032164E+04  0.13041056812027E+05 -0.24259727777370E+04  0.14305028506273E+04  0.19179747523247E+04  0.18013279875997E+05 -0.34497722476303E+04 -0.81511734774520E+03  0.12881243537566E+03  0.12300727210439E+02  0.29689075817626E+01  0.35771920415611E+00 -0.14070084563603E+03  0.15153684091871E+02 -0.15319037947746E+03 -0.83061010103098E+02 -0.10728435159109E+06 -0.12454742982410E+02  0.75087627367324E+05  0.12423174970301E+04  0.34158469557653E+04  0.87190938690092E+04  0.33061949925785E+03  0.11859641770948E+04  0.58634642709045E+04 -0.46295437672123E+02 -0.13533770188744E+04  0.43716045676731E+01  0.58462450189703E+03 -0.26761503713769E+05  0.00000000000000E+00 -0.85781534189262E+02  0.00000000000000E+00  0.20541358905839E+04 -0.32694655818877E+04  0.00000000000000E+00  0.00000000000000E+00  0.00000000000000E+00  0.12645354658065E+04 -0.30658732928043E+03 -0.17035637884242E+04
   0.12576230926384E+06 -0.28898681744332E+05  0.46139405283143E+04  0.38310059863755E+05 -0.71438348501403E+04  0.40411038013423E+04  0.54907251888023E+04  0.58989952449543E+05 -0.11926491819900E+05 -0.25059027867366E+04  0.41447765894683E+03  0.18781008958673E+03  0.23510621345375E+02  0.92042519003918E+00 -0.43401531543885E+03  0.41993374925494E+02 -0.45803337401541E+03 -0.23518745915969E+03 -0.34563969177859E+06 -0.43051676579239E+02  0.21946100689816E+06  0.34158469557653E+04  0.98332122952556E+04  0.24065943688867E+05  0.93955665982154E+03  0.34322561626986E+04  0.17038613243839E+05 -0.15193237735097E+03 -0.35839967476489E+04 -0.17989254861768E+02 -0.57871351176514E+04 -0.77329765237595E+05  0.00000000000000E+00 -0.22610299476784E+03  0.00000000000000E+00  0.30563539025331E+04 -0.10759193796136E+05  0.00000000000000E+00  0.00000000000000E+00  0.00000000000000E+00  0.36678135097028E+04 -0.17692771385518E+04 -0.50505869854302E+04
   0.23218965879431E+06 -0.59600243041069E+05  0.86569760434384E+04  0.91731787456218E+05 -0.17628812639867E+05  0.81317142686799E+04  0.12533309389365E+05  0.95626148844013E+05 -0.17752036546373E+05 -0.44957924980850E+04  0.69006542753749E+03 -0.36672343185974E+03 -0.43012731152620E+02  0.32594041093207E+01 -0.46076479117185E+03  0.31220321550780E+02 -0.53335871354501E+03 -0.24821903475946E+03 -0.91538232968827E+06 -0.13857336965271E+03  0.58505992724391E+06  0.87190938690092E+04  0.24065943688867E+05  0.68566044994930E+05  0.23879854115955E+04  0.87827731944369E+04  0.44809097473742E+05  0.23622616244356E+03 -0.11250865878205E+05 -0.44566589083506E+01  0.37196266112589E+05 -0.19053704482867E+06  0.00000000000000E+00 -0.72678227965266E+03  0.00000000000000E+00  0.16276490355001E+05 -0.28638483685164E+05  0.00000000000000E+00  0.00000000000000E+00  0.00000000000000E+00  0.62422481677242E+04  0.14725601069191E+04 -0.11955516523663E+05
   0.12434580395533E+05 -0.28951657251994E+04  0.45954589157003E+03  0.41761546444560E+04 -0.73585353583224E+03  0.56717152614200E+03  0.65243520534227E+03  0.62951264623407E+04 -0.12548350958639E+04 -0.27192610001514E+03  0.44433697641831E+02 -0.21037989319533E+02 -0.24030966303469E+01  0.13637423844682E+00 -0.45279792664030E+02  0.46237174304532E+01 -0.50640342839729E+02 -0.26982027835920E+02 -0.30717820898229E+05 -0.17126543752945E+01  0.21196579731852E+05  0.33061949925785E+03  0.93955665982154E+03  0.23879854115955E+04  0.10999859198836E+03  0.38615804722738E+03  0.16933242637495E+04  0.00000000000000E+00 -0.42818198021238E+03  0.00000000000000E+00  0.00000000000000E+00 -0.86087045413411E+04  0.00000000000000E+00 -0.26838165482750E+02  0.00000000000000E+00  0.00000000000000E+00 -0.62848342979223E+03  0.00000000000000E+00  0.00000000000000E+00  0.00000000000000E+00  0.34448883437487E+02  0.00000000000000E+00 -0.63455619073015E+03
   0.47713811765272E+05 -0.11921524036619E+05  0.17695594849704E+04  0.15104074839400E+05 -0.27118047411662E+04  0.18698210926490E+04  0.22468212877637E+04  0.23064566752580E+05 -0.47834588076730E+04 -0.95536140196263E+03  0.16052953546885E+03 -0.87536233663853E+02 -0.91684379925955E+01  0.45138158674815E+00 -0.15759231781362E+03  0.15480197862944E+02 -0.16707129049266E+03 -0.86472804919392E+02 -0.12824954664847E+06 -0.12341475349855E+02  0.80249216457591E+05  0.11859641770948E+04  0.34322561626986E+04  0.87827731944369E+04  0.38615804722738E+03  0.14069486873396E+04  0.62821740585214E+04  0.00000000000000E+00 -0.13619339436879E+04  0.00000000000000E+00  0.00000000000000E+00 -0.30921758291643E+05  0.00000000000000E+00 -0.84968452412263E+02  0.00000000000000E+00  0.00000000000000E+00 -0.35972473003917E+04  0.00000000000000E+00  0.00000000000000E+00  0.00000000000000E+00  0.35378930789698E+01  0.00000000000000E+00 -0.23269915761713E+04
   0.24636567142438E+06 -0.67439495513722E+05  0.92682861670608E+04  0.68291899513390E+05 -0.13411850560729E+05  0.51846938212723E+04  0.89344195974611E+04  0.70584543419304E+05 -0.12847803197602E+05 -0.34445606087738E+04  0.51165080546061E+03 -0.20654634884256E+03 -0.18617921271963E+02  0.21692543495938E+01 -0.45114838519489E+03  0.51022169524802E+02 -0.44436531203877E+03 -0.23921032134919E+03 -0.73603678620679E+06 -0.10856955778041E+03  0.42882834003228E+06  0.58634642709045E+04  0.17038613243839E+05  0.44809097473742E+05  0.16933242637495E+04  0.62821740585214E+04  0.33061956879620E+05  0.00000000000000E+00 -0.77208413857430E+04  0.00000000000000E+00  0.00000000000000E+00 -0.13531163912994E+06  0.00000000000000E+00 -0.49875596597229E+03  0.00000000000000E+00  0.00000000000000E+00 -0.22465059522694E+05  0.00000000000000E+00  0.00000000000000E+00  0.00000000000000E+00  0.81706087477232E+04  0.00000000000000E+00 -0.82310833435944E+04
  -0.13226459710272E+06  0.16792440063506E+05 -0.46749287102207E+04 -0.12878202210983E+05  0.19989774857578E+04 -0.27324810116675E+04 -0.24581059179768E+04 -0.63173855664063E+05  0.11576525456177E+05  0.27551158667667E+04 -0.46051360145499E+03 -0.11133799223220E+04 -0.16379876400424E+03  0.67926698226499E-01 -0.27029965561175E+04  0.49841706079911E+03 -0.23085136784751E+04 -0.16515212183995E+04  0.34278759806207E+05  0.00000000000000E+00  0.00000000000000E+00 -0.46295437672123E+02 -0.15193237735097E+03  0.23622616244356E+03  0.00000000000000E+00  0.00000000000000E+00  0.00000000000000E+00  0.11695328420308E+06  0.00000000000000E+00  0.00000000000000E+00  0.00000000000000E+00  0.00000000000000E+00  0.00000000000000E+00  0.00000000000000E+00  0.00000000000000E+00  0.00000000000000E+00  0.00000000000000E+00  0.00000000000000E+00  0.00000000000000E+00  0.00000000000000E+00  0.00000000000000E+00  0.00000000000000E+00  0.00000000000000E+00
  -0.56075407666945E+05  0.82880283447094E+04 -0.19832410714736E+04 -0.21339496727422E+05  0.33606756815355E+04 -0.41933320836956E+04 -0.38521973209932E+04 -0.50629527604867E+05  0.10935187964410E+05  0.19004331277519E+04 -0.34727509426089E+03 -0.80269679382274E-01 -0.10479080274008E-01 -0.26442458120517E-04 -0.17728669292667E+04  0.31223323782640E+03 -0.15031932747151E+04 -0.10415707338796E+04  0.76161197314794E+05 -0.32760989076011E+02 -0.69434432302265E+05 -0.13533770188744E+04 -0.35839967476489E+04 -0.11250865878205E+05 -0.42818198021238E+03 -0.13619339436879E+04 -0.77208413857430E+04  0.00000000000000E+00  0.64924864184656E+05  0.00000000000000E+00  0.00000000000000E+00  0.00000000000000E+00  0.00000000000000E+00  0.00000000000000E+00  0.00000000000000E+00  0.00000000000000E+00  0.00000000000000E+00  0.00000000000000E+00  0.00000000000000E+00  0.00000000000000E+00  0.00000000000000E+00  0.00000000000000E+00  0.00000000000000E+00
  -0.52664142438752E+04 -0.19420126085237E+03  0.18451097926437E+02 -0.69321386986929E+02 -0.57175921745280E+02  0.15134511967809E+03  0.13743447945207E+03 -0.70521037085138E+05  0.24772610442733E+05  0.73816694386420E+03 -0.33414379483746E+03 -0.68574544059574E+03 -0.26992052124365E+02 -0.58731520829077E+01 -0.24892690099962E+04  0.28782834313789E+03 -0.23589258415917E+04 -0.11891405877529E+04 -0.12139889157684E+04  0.00000000000000E+00  0.00000000000000E+00  0.43716045676731E+01 -0.17989254861768E+02 -0.44566589083506E+01  0.00000000000000E+00  0.00000000000000E+00  0.00000000000000E+00  0.00000000000000E+00  0.00000000000000E+00  0.30806705911541E+05  0.00000000000000E+00  0.00000000000000E+00  0.00000000000000E+00  0.00000000000000E+00  0.00000000000000E+00  0.00000000000000E+00  0.00000000000000E+00  0.00000000000000E+00  0.00000000000000E+00  0.00000000000000E+00  0.00000000000000E+00  0.00000000000000E+00  0.00000000000000E+00
  -0.86881898394064E+06  0.21055845566697E+06 -0.31845249944933E+05 -0.66400286358324E+05  0.11790369091020E+05 -0.84209522252460E+04 -0.98158963892818E+04 -0.29595675473172E+06  0.67176343683000E+05  0.11032414276366E+05 -0.19889842952844E+04 -0.49666454218103E+04 -0.58425519472683E+03 -0.73068416253650E+00  0.20178163149319E+04 -0.16680040917162E+03  0.20268005432102E+04  0.95568969498470E+03  0.56792418866485E+06  0.00000000000000E+00  0.00000000000000E+00  0.58462450189703E+03 -0.57871351176514E+04  0.37196266112589E+05  0.00000000000000E+00  0.00000000000000E+00  0.00000000000000E+00  0.00000000000000E+00  0.00000000000000E+00  0.00000000000000E+00  0.58075407190192E+06  0.00000000000000E+00  0.00000000000000E+00  0.00000000000000E+00  0.00000000000000E+00  0.00000000000000E+00  0.00000000000000E+00  0.00000000000000E+00  0.00000000000000E+00  0.00000000000000E+00  0.00000000000000E+00  0.00000000000000E+00  0.00000000000000E+00
  -0.11265216806338E+07  0.26591140509568E+06 -0.41466806546739E+05 -0.34496342166126E+06  0.62564095001218E+05 -0.41153805078858E+05 -0.51189290324858E+05 -0.58099085668328E+06  0.12754096125704E+06  0.22900348892158E+05 -0.39529819566132E+04 -0.17676916937155E+02 -0.20095229098352E+01 -0.19777957297233E-02  0.43531990383134E+04 -0.50252998132595E+03  0.41739532440745E+04  0.23019552360606E+04  0.27917416424928E+07  0.26485392517840E+03 -0.17226144417417E+07 -0.26761503713769E+05 -0.77329765237595E+05 -0.19053704482867E+06 -0.86087045413411E+04 -0.30921758291643E+05 -0.13531163912994E+06  0.00000000000000E+00  0.00000000000000E+00  0.00000000000000E+00  0.00000000000000E+00  0.92199809296884E+06  0.00000000000000E+00  0.00000000000000E+00  0.00000000000000E+00  0.00000000000000E+00  0.00000000000000E+00  0.00000000000000E+00  0.00000000000000E+00  0.00000000000000E+00  0.00000000000000E+00  0.00000000000000E+00  0.00000000000000E+00
  -0.20988838923340E+05  0.57497804268326E+04 -0.79897236674064E+03 -0.13667594053761E+04  0.32011203378358E+03  0.14658770354130E+02 -0.15368153481877E+03 -0.74039304277600E+05  0.22919501595370E+05  0.14960278023725E+04 -0.41588635158588E+03 -0.22436726369396E+04 -0.14140615669011E+03 -0.30644509906425E+01 -0.14786631693641E+04  0.15340943976211E+03 -0.11715650948976E+04 -0.59420022741676E+03  0.17114740481517E+05  0.00000000000000E+00  0.00000000000000E+00  0.00000000000000E+00  0.00000000000000E+00  0.00000000000000E+00  0.00000000000000E+00  0.00000000000000E+00  0.00000000000000E+00  0.00000000000000E+00  0.00000000000000E+00  0.00000000000000E+00  0.00000000000000E+00  0.00000000000000E+00  0.14296073624331E+05  0.00000000000000E+00  0.00000000000000E+00  0.00000000000000E+00  0.00000000000000E+00  0.00000000000000E+00  0.00000000000000E+00  0.00000000000000E+00  0.00000000000000E+00  0.00000000000000E+00  0.00000000000000E+00
  -0.47524428434974E+05  0.13188018513296E+05 -0.18160048403266E+04 -0.24941213959891E+04  0.56386628819964E+03 -0.75830926495134E+01 -0.27316941840838E+03 -0.16647108351099E+06  0.51606515881288E+05  0.33050613338421E+04 -0.93545559853939E+03 -0.68766590545090E+02 -0.18027902431280E+02 -0.13336823442375E-04 -0.29331734751518E+04  0.30327932907128E+03 -0.23306603950790E+04 -0.11832937821502E+04  0.31470458589830E+05 -0.61826359760405E+01  0.16488138569922E+05 -0.85781534189262E+02 -0.22610299476784E+03 -0.72678227965266E+03 -0.26838165482750E+02 -0.84968452412263E+02 -0.49875596597229E+03  0.00000000000000E+00  0.00000000000000E+00  0.00000000000000E+00  0.00000000000000E+00  0.00000000000000E+00  0.00000000000000E+00  0.31371376677050E+05  0.00000000000000E+00  0.00000000000000E+00  0.00000000000000E+00  0.00000000000000E+00  0.00000000000000E+00  0.00000000000000E+00  0.00000000000000E+00  0.00000000000000E+00  0.00000000000000E+00
  -0.32099740756382E+04  0.42297777141077E+03 -0.10084630751050E+03 -0.70879086152729E+02  0.89683377606570E+01 -0.18714995597155E+02 -0.13080258839117E+02 -0.14151985531467E+04  0.19196083613311E+03  0.43794362905140E+02 -0.10793388298564E+02 -0.77417984314277E+02 -0.62934472635480E+01 -0.13423644070962E+00 -0.72797916781726E+03  0.80663245487427E+02 -0.56679607970307E+03 -0.31287322576770E+03  0.21188009100712E+03  0.00000000000000E+00  0.00000000000000E+00  0.00000000000000E+00  0.00000000000000E+00  0.00000000000000E+00  0.00000000000000E+00  0.00000000000000E+00  0.00000000000000E+00  0.00000000000000E+00  0.00000000000000E+00  0.00000000000000E+00  0.00000000000000E+00  0.00000000000000E+00  0.00000000000000E+00  0.00000000000000E+00  0.37995325749408E+04  0.00000000000000E+00  0.00000000000000E+00  0.00000000000000E+00  0.00000000000000E+00  0.00000000000000E+00  0.00000000000000E+00  0.00000000000000E+00  0.00000000000000E+00
  -0.20495430996154E+06  0.63904616926633E+05 -0.79076530958782E+04 -0.11790430348956E+05  0.29003738975083E+04  0.46544857485741E+03 -0.97783114670767E+03 -0.56647795147482E+04  0.59608222219600E+03  0.55249349291218E+03 -0.44360772092906E+02 -0.20248125681507E+00 -0.14468809011549E+00  0.32160523054100E-12  0.23321002669200E+03 -0.62649048587322E+02  0.55474219842083E+02  0.87863394569044E+02  0.18494025419867E+06  0.00000000000000E+00  0.00000000000000E+00  0.20541358905839E+04  0.30563539025331E+04  0.16276490355001E+05  0.00000000000000E+00  0.00000000000000E+00  0.00000000000000E+00  0.00000000000000E+00  0.00000000000000E+00  0.00000000000000E+00  0.00000000000000E+00  0.00000000000000E+00  0.00000000000000E+00  0.00000000000000E+00  0.00000000000000E+00  0.10628039926635E+06  0.00000000000000E+00  0.00000000000000E+00  0.00000000000000E+00  0.00000000000000E+00  0.00000000000000E+00  0.00000000000000E+00  0.00000000000000E+00
  -0.23109091885270E+06  0.71515179913378E+05 -0.88981498821748E+04 -0.53245913740031E+05  0.12906918440731E+05  0.17493996051605E+04 -0.45738305160780E+04 -0.11140742650379E+05  0.12063768819524E+04  0.10498163861133E+04 -0.87084091964725E+02  0.30570677738446E-02  0.20728974664758E-02 -0.56611620723455E-12  0.41938442362823E+03 -0.11115702123843E+03  0.11063652990872E+03  0.16371215903678E+03  0.81512438856501E+06  0.18907132354874E+03 -0.35919503062336E+06 -0.32694655818877E+04 -0.10759193796136E+05 -0.28638483685164E+05 -0.62848342979223E+03 -0.35972473003917E+04 -0.22465059522694E+05  0.00000000000000E+00  0.00000000000000E+00  0.00000000000000E+00  0.00000000000000E+00  0.00000000000000E+00  0.00000000000000E+00  0.00000000000000E+00  0.00000000000000E+00  0.00000000000000E+00  0.13879329297715E+06  0.00000000000000E+00  0.00000000000000E+00  0.00000000000000E+00  0.00000000000000E+00  0.00000000000000E+00  0.00000000000000E+00
