# fitpack15: fit parameters                                                                         
# CJ15 AV18 final data choices                                                                      
# Created on 01/15/2020 at 22:45:07                                                                 

 # QCD setup
  INS                           0
  NVL                          11
  IORD                          1
  Q02                   1.6899999999999999     
  IPARAMC                       7
  FLAVOR                4.0000000000000000     
  xmc                   1.3000000000000000     
  xmb                   4.5000000000000000     
  ncb                          12
  ihq                           1
  ias                           0

 # Theory corrections
  inuke                     10814
  itmc                          1
  iht                           1

 # fit parameters
 LAMBDA       0.22680        0.0000    
 a0uv          2.3353        0.0000    
 a1uv         0.60876       0.20605E-01
 a2uv          3.5429       0.12945E-01
 a3uv          0.0000        0.0000    
 a4uv          3.6138       0.46129    
 a5uv          0.0000        0.0000    
 a0dv          25.225        0.0000    
 a1dv          1.1642       0.33901E-01
 a2dv          6.5636       0.16081    
 a3dv         -3.5178       0.86795E-01
 a4dv          4.6877       0.14202    
 a5dv          0.0000        0.0000    
 a0ud         0.14623       0.50444E-02
 a1ud        -0.20798       0.37682E-02
 a2ud          8.3014       0.19471    
 a3ud          0.0000        0.0000    
 a4ud          14.477        1.2391    
 a5ud          0.0000        0.0000    
 a0du          35712.        0.0000    
 a1du          4.0498       0.78029E-01
 a2du          20.046       0.92634    
 a3du          17.000        0.0000    
 a4du          53.633        11.824    
 a0g           46.511        0.0000    
 a1g          0.60729       0.32565E-01
 a2g           6.8231        1.0587    
 a3g          -3.3147       0.14840    
 a4g           3.2573       0.36850    
 a5g           0.0000        0.0000    
 kappa        0.40000        0.0000    
 a6dv        -0.37570E-02   0.68789E-03
 a7dv          2.0000        0.0000    
 off1         -2.5133        1.6674    
 off2         0.91722E-01   0.47896E-01
 ht1          -3.3055       0.32391    
 ht2           1.9900       0.12258    
 ht3          -2.0523       0.35606E-01
 ht4           0.0000        0.0000    
 ht1n         -3.7029        1.1319    
 ht2n          2.0478       0.37455    
 ht3n         -2.0720       0.71247E-01
 ht4n          0.0000        0.0000    
 dummy44       0.0000        0.0000    
 dummy45       0.0000        0.0000    
 dummy46       0.0000        0.0000    
 dummy47       0.0000        0.0000    
 dummy48       0.0000        0.0000    
 dummy49       0.0000        0.0000    
 bcdmsh2      0.97298       0.48450E-02
 bcdmsd2      0.99225       0.58423E-02
 ccfr          1.0000        0.0000    
 nutev         1.0000        0.0000    
 zeus         0.97998        0.0000    
 h1            1.0162        0.0000    
 e605          1.0319        0.0000    
 NmcH2         1.0088       0.71224E-02
 ntv_nu        1.0000        0.0000    
 ntv_nubar     1.0000        0.0000    
 cdf_jet      0.98910        0.0000    
 d0_jet       0.83504        0.0000    
 slac_p        1.0053       0.50288E-02
 slac_d        1.0029       0.52857E-02
 e866pp       0.96930       0.19361E-01
 e866pd       0.96416       0.16213E-01
 d0_gamjet     1.0391       0.16493E-01
 h1b          0.97608        0.0000    
 jlab_p       0.99329       0.62743E-02
 jlab_d       0.97394       0.59854E-02
 blank         1.0000        0.0000    
 d0run2       0.94032       0.14163E-01
 cdfrun2      0.92663       0.17246E-01
 HERA_el       1.0000        0.0000    
 HERA_ps       1.0000        0.0000    
 CDF_Z        0.96417       0.65326E-02
 NmcRat        1.0000        0.0000    
 BNS_F2nd     0.98403       0.11888E-01
 HERMES_F2p   0.99846       0.56576E-02
 HERMES_F2d   0.97979       0.58316E-02
 END 0. 0.

 # Hessian matrix (Bevington alpha)
   0.49599478887944E+07 -0.12992849083688E+07  0.22923791413157E+06  0.50184993463827E+06 -0.12845633656629E+06 -0.21697651762847E+05  0.57477230477526E+05  0.91391425519938E+06 -0.17480362037416E+06 -0.48804341134818E+05  0.74876434800439E+04  0.15308826817647E+05  0.17368097388585E+04 -0.10477807859202E+03  0.73599798125419E+04 -0.18455884335994E+04  0.92332524645347E+04  0.67425197599135E+04 -0.76969986953574E+07  0.14814189291655E+04  0.45095073114100E+06  0.52472777417707E+05  0.17067160699681E+06  0.38086809037812E+06  0.18317734438192E+05  0.65193387588263E+05  0.34475831506879E+06 -0.12768244079775E+06 -0.54605226405222E+05 -0.44916587114838E+04 -0.84104843834319E+06 -0.10987374624541E+07 -0.20613455652541E+05 -0.46506069446269E+05 -0.30940014889912E+04 -0.19916052567421E+06 -0.22620861326153E+06 -0.91899236363938E+04 -0.32479372346281E+04 -0.15239183568866E+05  0.17205263190287E+05 -0.71014113850348E+05 -0.56474688629779E+05
  -0.12992849083688E+07  0.41428815430905E+06 -0.61964857755942E+05 -0.13991795334245E+06  0.35492753585557E+05  0.85818823099314E+04 -0.12637107011819E+05 -0.12236208328193E+06  0.26510988475740E+05  0.75100442591505E+04 -0.94740349865759E+03 -0.12317777119469E+04 -0.14459748333363E+03  0.12659290161762E+02  0.64670305106987E+03 -0.47887457757317E+02  0.15993861056784E+03  0.81295263258102E+02  0.26163208357293E+07 -0.25978183138488E+03 -0.13224846744630E+06 -0.12171665219707E+05 -0.42802201377213E+05 -0.10515404227595E+06 -0.47227202290265E+04 -0.17380891290344E+05 -0.97829463892907E+05  0.16634363018535E+05  0.82665762584448E+04 -0.23200162395988E+03  0.20931958080564E+06  0.26410352826295E+06  0.58041318096058E+04  0.13258776370148E+05  0.42170962240064E+03  0.63509047012860E+05  0.71080580602523E+05  0.24842358375181E+04  0.78737171543480E+03 -0.23607325193757E+04 -0.23234377367065E+04  0.85631972536516E+04  0.72205492220082E+04
   0.22923791413157E+06 -0.61964857755942E+05  0.10705124793099E+05  0.23346743588777E+05 -0.60722028664730E+04 -0.12510562961275E+04  0.25914466473298E+04  0.31141382725322E+05 -0.58057302791177E+04 -0.19586681668473E+04  0.25930694576786E+03  0.47137465282075E+03  0.61722651428607E+02 -0.46035273743103E+01 -0.38899901157673E+03  0.16702844683864E+01 -0.18487525641728E+03 -0.32397542827686E+02 -0.37017827051936E+06  0.65825438794570E+02  0.21207809679748E+05  0.23811548184618E+04  0.77652767183469E+04  0.17682128942818E+05  0.84270143751076E+03  0.30060257954886E+04  0.16103165298823E+05 -0.54274592744871E+04 -0.23292184407288E+04  0.45784425699124E+02 -0.37948743926306E+05 -0.49633838557737E+05 -0.97405072987503E+03 -0.22078980535000E+04 -0.11626714063622E+03 -0.96232955858436E+04 -0.10870468348376E+05 -0.42584289761158E+03 -0.14808987090011E+03  0.38322931656265E+02  0.73090904564686E+03 -0.25158993441922E+04 -0.20530681050791E+04
   0.50184993463827E+06 -0.13991795334245E+06  0.23346743588777E+05  0.40247089260167E+06 -0.63413961221920E+05  0.76823992767318E+05  0.65988732677834E+05  0.34742024143644E+06 -0.25674384740398E+05 -0.18381878388976E+05  0.33854838969544E+04 -0.13706302448408E+04 -0.15354324467330E+03  0.54491330586567E+02  0.30355769721134E+05 -0.36260430157526E+04  0.24869075419915E+05  0.13918551761029E+05 -0.23122546509742E+07  0.62572116936104E+03  0.12793498492103E+06  0.18152136380832E+05  0.52048018665035E+05  0.13539764208240E+06  0.59402112037585E+04  0.20478984753872E+05  0.98513276375216E+05 -0.12815881797835E+05 -0.21383300829931E+05 -0.59513278224655E+02 -0.66064494055920E+05 -0.34687168528554E+06 -0.14023291369042E+04 -0.24838213729626E+04 -0.73611257172485E+02 -0.11850043473659E+05 -0.54043999022262E+05 -0.25395420136402E+04 -0.98773076291104E+03 -0.93988863391602E+04 -0.15569835804150E+05 -0.71959457076399E+04 -0.21478092615108E+05
  -0.12845633656629E+06  0.35492753585557E+05 -0.60722028664730E+04 -0.63413961221920E+05  0.11797213084443E+05 -0.80115541715406E+04 -0.95949917554370E+04 -0.32542830404402E+05  0.40697120015144E+03  0.24019126241183E+04 -0.34478559571462E+03 -0.34038153989067E+02  0.46924110102216E+01 -0.48627959058199E+01 -0.25752192937525E+04  0.31175200690673E+03 -0.20613820984913E+04 -0.11685426843879E+04  0.50137935958056E+06 -0.10644544986817E+03 -0.26669181478173E+05 -0.35077303854993E+04 -0.10085282938556E+05 -0.27028041105448E+05 -0.11196812927213E+04 -0.38857148984217E+04 -0.19912811926043E+05  0.20044857163919E+04  0.33900120843790E+04 -0.56551635221234E+02  0.11935828324684E+05  0.63464578543094E+05  0.33395624595279E+03  0.57484376564613E+03  0.94778460007991E+01  0.29725909288017E+04  0.13225047394018E+05  0.48386778415083E+03  0.17918636754532E+03  0.33430351151404E+03  0.24817625719220E+04  0.81900121462357E+03  0.25325984339315E+04
  -0.21697651762847E+05  0.85818823099314E+04 -0.12510562961275E+04  0.76823992767318E+05 -0.80115541715406E+04  0.24955876379259E+05  0.15159556824965E+05  0.10652536079108E+06 -0.95900212556823E+04 -0.46653620901869E+04  0.10191527316892E+04 -0.71187303406217E+03 -0.68945286097148E+02  0.18639717285216E+02  0.93308768177133E+04 -0.11451514653074E+04  0.77495270439969E+04  0.44005983232173E+04 -0.70418661632476E+05  0.11460247251820E+03  0.80722998263195E+04  0.19131422943304E+04  0.53043594709680E+04  0.11607442709164E+05  0.69912634891872E+03  0.23054589631761E+04  0.77194556685782E+04 -0.28365523648859E+04 -0.44015614761197E+04  0.15776693664291E+03 -0.88341759004874E+04 -0.45009312920107E+05  0.34125215297909E+01 -0.17657406749867E+02 -0.19646064919889E+02  0.38700324866208E+03  0.10995651032978E+04 -0.27204615296471E+03 -0.13769169898618E+03 -0.30571576136233E+04 -0.33524343973738E+04 -0.18649290263831E+04 -0.54304305633897E+04
   0.57477230477526E+05 -0.12637107011819E+05  0.25914466473298E+04  0.65988732677834E+05 -0.95949917554370E+04  0.15159556824965E+05  0.11886828277278E+05  0.59158944134105E+05 -0.30967893492042E+04 -0.33298050017893E+04  0.59678373225665E+03 -0.22128524192913E+03 -0.27356902516454E+02  0.97747426333040E+01  0.48058753292216E+04 -0.59692461995275E+03  0.38915625187415E+04  0.22359989719691E+04 -0.25991057804609E+06  0.11307538346136E+03  0.16807756864294E+05  0.26880755000642E+04  0.75468295349737E+04  0.18814424588522E+05  0.90483065867738E+03  0.30384980445980E+04  0.13355561412817E+05 -0.25212341290955E+04 -0.39799002068085E+04  0.13852562572656E+03 -0.10128182744126E+05 -0.53689363586358E+05 -0.16728483609352E+03 -0.28558385460899E+03 -0.13802833792902E+02 -0.10592110955794E+04 -0.50766092075224E+04 -0.37738432017882E+03 -0.15888545649761E+03 -0.12859256758433E+04 -0.31602240412777E+04 -0.11582220481983E+04 -0.34804297722385E+04
   0.91391425519938E+06 -0.12236208328193E+06  0.31141382725322E+05  0.34742024143644E+06 -0.32542830404402E+05  0.10652536079108E+06  0.59158944134105E+05  0.49828479638119E+07 -0.23132920635740E+07 -0.85190458988770E+05  0.25998722031422E+05  0.26434252068417E+05  0.17818545096318E+04  0.91526343985854E+02  0.82249640705846E+05 -0.10352645591664E+05  0.77627051037910E+05  0.41986417479379E+05 -0.58736012303786E+06  0.73571161825257E+03  0.47845766882625E+05  0.18665869293953E+05  0.60341174820995E+05  0.97187586374883E+05  0.61908903779723E+04  0.22347122711273E+05  0.72268001943515E+05 -0.60594941502728E+05 -0.48761108711778E+05 -0.66922389272338E+05 -0.28184406308260E+06 -0.55903125482815E+06 -0.72562705790589E+05 -0.16259630980917E+06 -0.13376562754783E+04 -0.57101250432814E+04 -0.11091202216787E+05  0.25300502924153E+02  0.15673692207939E+03 -0.26196122431693E+06 -0.86094262408575E+04 -0.13714063560487E+06 -0.17053884683380E+06
  -0.17480362037416E+06  0.26510988475740E+05 -0.58057302791177E+04 -0.25674384740398E+05  0.40697120015144E+03 -0.95900212556823E+04 -0.30967893492042E+04 -0.23132920635740E+07  0.19268776363611E+07  0.18952302060066E+05 -0.65366991609523E+04 -0.56693776598476E+04 -0.31305623826767E+03 -0.12110801886748E+02  0.49610683019109E+05 -0.23121256857895E+04  0.15853320866995E+05  0.76029228788095E+04 -0.26197028109855E+05 -0.98915781056393E+02  0.16645151301999E+03 -0.31730962462803E+04 -0.11245328834423E+05 -0.14016906767962E+05 -0.10836812041406E+04 -0.41579802719425E+04 -0.10429775037488E+05  0.11435966621919E+05  0.10850291954968E+05  0.24094337428392E+05  0.65589495745339E+05  0.12602134532073E+06  0.23117648196001E+05  0.51895818943489E+05  0.18144098347844E+03  0.60414383078900E+03  0.12086408611056E+04 -0.11829393450365E+04 -0.66604451825618E+03  0.11142519866833E+06  0.15805412348768E+04  0.44191841808743E+05  0.54438346234018E+05
  -0.48804341134818E+05  0.75100442591505E+04 -0.19586681668473E+04 -0.18381878388976E+05  0.24019126241183E+04 -0.46653620901869E+04 -0.33298050017893E+04 -0.85190458988770E+05  0.18952302060066E+05  0.26346621300901E+04 -0.64209044052296E+03 -0.68125676607169E+03 -0.60304528949920E+02 -0.17358197868027E+01 -0.39464990814531E+04  0.47249136681487E+03 -0.32565662631407E+04 -0.18367133795764E+04  0.58262085606918E+05 -0.41437260778464E+02 -0.46383628231859E+04 -0.99179229985425E+03 -0.29634907485278E+04 -0.58209655552131E+04 -0.32266432408283E+03 -0.11072989122673E+04 -0.43913760740215E+04  0.27342792087671E+04  0.18914062014128E+04  0.72731858409925E+03  0.10947533973038E+05  0.22863794455410E+05  0.15227859751877E+04  0.33445922048249E+04  0.43152029280621E+02  0.57912792276173E+03  0.10881333823114E+04  0.13608793880948E+03  0.60506408150508E+02  0.30756593190937E+04  0.44012866750830E+03  0.27853472996894E+04  0.35439157914715E+04
   0.74876434800439E+04 -0.94740349865759E+03  0.25930694576786E+03  0.33854838969544E+04 -0.34478559571462E+03  0.10191527316892E+04  0.59678373225665E+03  0.25998722031422E+05 -0.65366991609523E+04 -0.64209044052296E+03  0.18225656828862E+03  0.20237135713303E+03  0.14800776175842E+02  0.66826083614065E+00  0.12633699964824E+04 -0.13789889232020E+03  0.10025189480985E+04  0.54485672341490E+03 -0.66740006856075E+04  0.65082455157760E+01  0.50933523528941E+03  0.15469414507088E+03  0.48664532740317E+03  0.83890935136926E+03  0.50859814969776E+02  0.18021209695946E+03  0.62286050163139E+03 -0.48867374468095E+03 -0.36889496457408E+03 -0.34244478277141E+03 -0.20923281289734E+04 -0.42021967223133E+04 -0.44474862760691E+03 -0.99684549677340E+03 -0.11245285102538E+02 -0.50034164435395E+02 -0.96974797700276E+02 -0.15717946341968E+02 -0.73549082405997E+01 -0.11597770642689E+04 -0.69447998929144E+02 -0.83881522673956E+03 -0.10509758436221E+04
   0.15308826817647E+05 -0.12317777119469E+04  0.47137465282075E+03 -0.13706302448408E+04 -0.34038153989067E+02 -0.71187303406217E+03 -0.22128524192913E+03  0.26434252068417E+05 -0.56693776598476E+04 -0.68125676607169E+03  0.20237135713303E+03  0.17129181712764E+04  0.11289924859115E+03 -0.11890475209038E+01  0.14276480901897E+04 -0.19533594209229E+03  0.14275619563464E+04  0.82123719331460E+03 -0.66003264521151E+04 -0.33866986263408E+01  0.28628551917453E+03  0.45352222759903E+02  0.28719774940936E+03 -0.19044230672933E+03 -0.13586063082647E+02 -0.62786523774871E+02 -0.81050116744900E+02 -0.11496348675148E+04 -0.33309109411912E-02 -0.73298471052318E+03 -0.51178378707881E+04 -0.13536282788703E+01 -0.24243147463584E+04 -0.74111883785799E+02 -0.80681268779241E+02 -0.22972547504165E+00  0.62968339773644E-03 -0.17966762584639E+01 -0.77118023165264E+00  0.28628095384043E+03  0.31960389030198E+03 -0.27752655986512E+04  0.59853933341765E-01
   0.17368097388585E+04 -0.14459748333363E+03  0.61722651428607E+02 -0.15354324467330E+03  0.46924110102216E+01 -0.68945286097148E+02 -0.27356902516454E+02  0.17818545096318E+04 -0.31305623826767E+03 -0.60304528949920E+02  0.14800776175842E+02  0.11289924859115E+03  0.10191221471660E+02 -0.17341825291005E+00  0.77951848885456E+02 -0.12873462071283E+02  0.84332692056174E+02  0.52767221662901E+02 -0.31456566758102E+03 -0.49837811160850E+00 -0.60912546334501E+01  0.44332036376918E+01  0.27770880738975E+02 -0.43523259055901E+02 -0.23451454931616E+01 -0.89656061907226E+01 -0.18044289301382E+02 -0.17042113591549E+03 -0.10983706883956E-02 -0.28624606558558E+02 -0.60501781604351E+03 -0.28828603220264E+00 -0.15191284717624E+03 -0.19565968186886E+02 -0.65310231375281E+01 -0.16432876969728E+00  0.52754233921116E-03 -0.19037077949811E+00 -0.73945910281502E-01  0.28902154619251E+02  0.71705295725702E+02 -0.20023369713951E+03 -0.15753137971139E-01
  -0.10477807859202E+03  0.12659290161762E+02 -0.46035273743103E+01  0.54491330586567E+02 -0.48627959058199E+01  0.18639717285216E+02  0.97747426333040E+01  0.91526343985854E+02 -0.12110801886748E+02 -0.17358197868027E+01  0.66826083614065E+00 -0.11890475209038E+01 -0.17341825291005E+00  0.47273919801467E-01  0.13807195309079E+02 -0.10507957276130E+01  0.82641865116705E+01  0.38977178581419E+01 -0.79313650195771E+02  0.80283115039618E-01  0.78053877732715E+01  0.74791155431801E+00  0.19633547109113E+01  0.65862646752620E+01  0.25816484619643E+00  0.83997041865302E+00  0.44542260055094E+01  0.66264176984083E-01  0.31467517258263E-05 -0.56760534601396E+01 -0.67311396251152E+00  0.14676920735732E-03 -0.30259020868504E+01 -0.12045781938126E-04 -0.12924060941621E+00 -0.88782796331077E-13 -0.21540859828903E-12 -0.15756892645626E-02 -0.86681462830346E-03 -0.16017915332664E+01  0.33274196702930E-04 -0.28416798740772E+01  0.43860669263849E-03
   0.73599798125419E+04  0.64670305106987E+03 -0.38899901157673E+03  0.30355769721134E+05 -0.25752192937525E+04  0.93308768177133E+04  0.48058753292216E+04  0.82249640705846E+05  0.49610683019109E+05 -0.39464990814531E+04  0.12633699964824E+04  0.14276480901897E+04  0.77951848885456E+02  0.13807195309079E+02  0.48530631294643E+05 -0.44169982002933E+04  0.32682154522304E+05  0.16984367823586E+05 -0.55537201168895E+05 -0.81527691780949E+01 -0.14845066847174E+04 -0.21030243563122E+03 -0.61058433944707E+03 -0.10367842430837E+04 -0.67581776225253E+02 -0.22706051592219E+03 -0.84456219594262E+03 -0.25460602007109E+04 -0.16812836012298E+04 -0.24555339355340E+04  0.20139199133424E+04  0.42392337007630E+04 -0.15091381163293E+04 -0.29593674032227E+04 -0.71277126638211E+03  0.20958512395302E+03  0.37311718097527E+03 -0.27784672895483E+04 -0.14861967303414E+04 -0.24869684976430E+04  0.18303082804702E+03 -0.82385548723344E+03 -0.93087687948295E+03
  -0.18455884335994E+04 -0.47887457757317E+02  0.16702844683864E+01 -0.36260430157526E+04  0.31175200690673E+03 -0.11451514653074E+04 -0.59692461995275E+03 -0.10352645591664E+05 -0.23121256857895E+04  0.47249136681487E+03 -0.13789889232020E+03 -0.19533594209229E+03 -0.12873462071283E+02 -0.10507957276130E+01 -0.44169982002933E+04  0.46778014310759E+03 -0.33904673811885E+04 -0.18336288071536E+04  0.64208245403029E+04  0.68643846452786E+00  0.22543864415028E+03  0.25252775703599E+02  0.67635095512815E+02  0.12142212448471E+03  0.83695692607420E+01  0.27137913611992E+02  0.11124228839715E+03  0.46342188916363E+03  0.29131466792706E+03  0.28031045955910E+03 -0.16950044056374E+03 -0.48093721640199E+03  0.15345965733368E+03  0.29999940686330E+03  0.77420858068766E+02 -0.55931756640021E+02 -0.98260250473735E+02  0.41438369194563E+03  0.20651080053972E+03 -0.27488917828192E+03 -0.32861301688975E+02  0.23447755496916E+03  0.26344083666611E+03
   0.92332524645347E+04  0.15993861056784E+03 -0.18487525641728E+03  0.24869075419915E+05 -0.20613820984913E+04  0.77495270439969E+04  0.38915625187415E+04  0.77627051037910E+05  0.15853320866995E+05 -0.32565662631407E+04  0.10025189480985E+04  0.14275619563464E+04  0.84332692056174E+02  0.82641865116705E+01  0.32682154522304E+05 -0.33904673811885E+04  0.24983744028750E+05  0.13367282324607E+05 -0.45612231771483E+05 -0.90997178908143E+01 -0.14187908429287E+04 -0.22202698270795E+03 -0.62178246816447E+03 -0.10705636471451E+04 -0.71315215878251E+02 -0.23258960727868E+03 -0.82736158293850E+03 -0.23415146291811E+04 -0.15231800010260E+04 -0.23173849778017E+04  0.19757100810642E+04  0.41105375029130E+04 -0.11922582171435E+04 -0.23451740969884E+04 -0.56212547530969E+03  0.64669921015164E+02  0.12520212332469E+03 -0.23840413901926E+04 -0.12884983649696E+04  0.10553761335048E+04  0.19779984083254E+03 -0.14554708007207E+04 -0.16242940851946E+04
   0.67425197599135E+04  0.81295263258102E+02 -0.32397542827686E+02  0.13918551761029E+05 -0.11685426843879E+04  0.44005983232173E+04  0.22359989719691E+04  0.41986417479379E+05  0.76029228788095E+04 -0.18367133795764E+04  0.54485672341490E+03  0.82123719331460E+03  0.52767221662901E+02  0.38977178581419E+01  0.16984367823586E+05 -0.18336288071536E+04  0.13367282324607E+05  0.72505796272538E+04 -0.25390497996373E+05 -0.43862632656944E+01 -0.88262766892936E+03 -0.12444119000548E+03 -0.33424893050240E+03 -0.58656612213799E+03 -0.40542024246278E+02 -0.12949092035158E+03 -0.47795537369415E+03 -0.16467929876176E+04 -0.10390390288080E+04 -0.11679231354320E+04  0.93466618735246E+03  0.22527034973343E+04 -0.60339091660743E+03 -0.11880665512004E+04 -0.30918724267340E+03  0.89293061082252E+02  0.16418925068191E+03 -0.15308741094234E+04 -0.79507025219870E+03  0.12395768704595E+04  0.14030173646040E+03 -0.10221082040613E+04 -0.11406402864494E+04
  -0.76969986953574E+07  0.26163208357293E+07 -0.37017827051936E+06 -0.23122546509742E+07  0.50137935958056E+06 -0.70418661632476E+05 -0.25991057804609E+06 -0.58736012303786E+06 -0.26197028109855E+05  0.58262085606918E+05 -0.66740006856075E+04 -0.66003264521151E+04 -0.31456566758102E+03 -0.79313650195771E+02 -0.55537201168895E+05  0.64208245403029E+04 -0.45612231771483E+05 -0.25390497996373E+05  0.34089036183418E+08 -0.27388432204950E+04 -0.15059253321915E+07 -0.16590328898394E+06 -0.50752863120231E+06 -0.14394925533432E+07 -0.52096694062018E+05 -0.19245194465910E+06 -0.10922762197395E+07  0.34556316402444E+05  0.76976354964941E+05 -0.12049465123739E+04  0.57218678795090E+06  0.27985405978660E+07  0.17733754631965E+05  0.31998587241165E+05  0.23122090865033E+03  0.18607127144993E+06  0.81560107659625E+06  0.25214546954705E+05  0.79438198015906E+04 -0.19055285079629E+05  0.44470092666590E+05  0.20871675707975E+05  0.64530286228863E+05
   0.14814189291655E+04 -0.25978183138488E+03  0.65825438794570E+02  0.62572116936104E+03 -0.10644544986817E+03  0.11460247251820E+03  0.11307538346136E+03  0.73571161825257E+03 -0.98915781056393E+02 -0.41437260778464E+02  0.65082455157760E+01 -0.33866986263408E+01 -0.49837811160850E+00  0.80283115039618E-01 -0.81527691780949E+01  0.68643846452786E+00 -0.90997178908143E+01 -0.43862632656944E+01 -0.27388432204950E+04  0.32257395291588E+01  0.40278576586226E+03  0.64950256655602E+02  0.17757749480183E+03  0.46833133227845E+03  0.20884997245355E+02  0.69034916156748E+02  0.33122409468806E+03  0.00000000000000E+00 -0.91831664001518E+02  0.00000000000000E+00  0.00000000000000E+00 -0.11340395816152E+04  0.00000000000000E+00  0.81859159837351E+01  0.00000000000000E+00  0.00000000000000E+00 -0.94938043436618E+02  0.00000000000000E+00  0.00000000000000E+00  0.00000000000000E+00  0.67259803565658E+02  0.00000000000000E+00 -0.81420003226310E+02
   0.45095073114100E+06 -0.13224846744630E+06  0.21207809679748E+05  0.12793498492103E+06 -0.26669181478173E+05  0.80722998263195E+04  0.16807756864294E+05  0.47845766882625E+05  0.16645151301999E+03 -0.46383628231859E+04  0.50933523528941E+03  0.28628551917453E+03 -0.60912546334501E+01  0.78053877732715E+01 -0.14845066847174E+04  0.22543864415028E+03 -0.14187908429287E+04 -0.88262766892936E+03 -0.15059253321915E+07  0.40278576586226E+03  0.11462079126899E+06  0.14819969685218E+05  0.42299968558223E+05  0.11959790057595E+06  0.44715022497688E+04  0.15767574605086E+05  0.85894534124127E+05  0.00000000000000E+00 -0.92008643166228E+04  0.00000000000000E+00  0.00000000000000E+00 -0.23451975642998E+06  0.00000000000000E+00  0.23402728181747E+04  0.00000000000000E+00  0.00000000000000E+00 -0.49695013072353E+05  0.00000000000000E+00  0.00000000000000E+00  0.00000000000000E+00  0.77984916168553E+04  0.00000000000000E+00 -0.75996805075858E+04
   0.52472777417707E+05 -0.12171665219707E+05  0.23811548184618E+04  0.18152136380832E+05 -0.35077303854993E+04  0.19131422943304E+04  0.26880755000642E+04  0.18665869293953E+05 -0.31730962462803E+04 -0.99179229985425E+03  0.15469414507088E+03  0.45352222759903E+02  0.44332036376918E+01  0.74791155431801E+00 -0.21030243563122E+03  0.25252775703599E+02 -0.22202698270795E+03 -0.12444119000548E+03 -0.16590328898394E+06  0.64950256655602E+02  0.14819969685218E+05  0.22428139228204E+04  0.61624451673148E+04  0.16805641490078E+05  0.64142852267578E+03  0.22140044076459E+04  0.11569040020201E+05 -0.50688992575486E+02 -0.16677616952268E+04  0.32190832146180E+01  0.44630589959100E+03 -0.35754219957813E+05  0.00000000000000E+00  0.64921691310289E+02  0.00000000000000E+00  0.21619791462252E+04 -0.51474063053191E+04  0.00000000000000E+00  0.00000000000000E+00  0.00000000000000E+00  0.15877077599543E+04 -0.36276444098581E+03 -0.19206161927459E+04
   0.17067160699681E+06 -0.42802201377213E+05  0.77652767183469E+04  0.52048018665035E+05 -0.10085282938556E+05  0.53043594709680E+04  0.75468295349737E+04  0.60341174820995E+05 -0.11245328834423E+05 -0.29634907485278E+04  0.48664532740317E+03  0.28719774940936E+03  0.27770880738975E+02  0.19633547109113E+01 -0.61058433944707E+03  0.67635095512815E+02 -0.62178246816447E+03 -0.33424893050240E+03 -0.50752863120231E+06  0.17757749480183E+03  0.42299968558223E+05  0.61624451673148E+04  0.17434595142633E+05  0.46516362092831E+05  0.18037339355162E+04  0.62837928324532E+04  0.32912658540250E+05 -0.15648388472406E+03 -0.44110267763763E+04 -0.34537005327599E+02 -0.63532328122690E+04 -0.10117961565175E+06  0.00000000000000E+00  0.17112061435347E+03  0.00000000000000E+00  0.29902471130695E+04 -0.16012295194788E+05  0.00000000000000E+00  0.00000000000000E+00  0.00000000000000E+00  0.44751602503717E+04 -0.19510812273767E+04 -0.56407617912230E+04
   0.38086809037812E+06 -0.10515404227595E+06  0.17682128942818E+05  0.13539764208240E+06 -0.27028041105448E+05  0.11607442709164E+05  0.18814424588522E+05  0.97187586374883E+05 -0.14016906767962E+05 -0.58209655552131E+04  0.83890935136926E+03 -0.19044230672933E+03 -0.43523259055901E+02  0.65862646752620E+01 -0.10367842430837E+04  0.12142212448471E+03 -0.10705636471451E+04 -0.58656612213799E+03 -0.14394925533432E+07  0.46833133227845E+03  0.11959790057595E+06  0.16805641490078E+05  0.46516362092831E+05  0.13535185421350E+06  0.49452591896554E+04  0.17279434805045E+05  0.92152202818471E+05  0.24091130964105E+03 -0.13898150732254E+05 -0.53794402892736E+01  0.36707746925566E+05 -0.26605444729022E+06  0.00000000000000E+00  0.55004769097852E+03  0.00000000000000E+00  0.15787800794248E+05 -0.45753647716336E+05  0.00000000000000E+00  0.00000000000000E+00  0.00000000000000E+00  0.86949893356005E+04  0.14959538183351E+04 -0.13507476616771E+05
   0.18317734438192E+05 -0.47227202290265E+04  0.84270143751076E+03  0.59402112037585E+04 -0.11196812927213E+04  0.69912634891872E+03  0.90483065867738E+03  0.61908903779723E+04 -0.10836812041406E+04 -0.32266432408283E+03  0.50859814969776E+02 -0.13586063082647E+02 -0.23451454931616E+01  0.25816484619643E+00 -0.67581776225253E+02  0.83695692607420E+01 -0.71315215878251E+02 -0.40542024246278E+02 -0.52096694062018E+05  0.20884997245355E+02  0.44715022497688E+04  0.64142852267578E+03  0.18037339355162E+04  0.49452591896554E+04  0.20611671231858E+03  0.70846926866614E+03  0.35040274293571E+04  0.00000000000000E+00 -0.52595824170159E+03  0.00000000000000E+00  0.00000000000000E+00 -0.11628321515553E+05  0.00000000000000E+00  0.20311820151891E+02  0.00000000000000E+00  0.00000000000000E+00 -0.13683129790730E+04  0.00000000000000E+00  0.00000000000000E+00  0.00000000000000E+00  0.11083818738931E+03  0.00000000000000E+00 -0.68292945380264E+03
   0.65193387588263E+05 -0.17380891290344E+05  0.30060257954886E+04  0.20478984753872E+05 -0.38857148984217E+04  0.23054589631761E+04  0.30384980445980E+04  0.22347122711273E+05 -0.41579802719425E+04 -0.11072989122673E+04  0.18021209695946E+03 -0.62786523774871E+02 -0.89656061907226E+01  0.83997041865302E+00 -0.22706051592219E+03  0.27137913611992E+02 -0.23258960727868E+03 -0.12949092035158E+03 -0.19245194465910E+06  0.69034916156748E+02  0.15767574605086E+05  0.22140044076459E+04  0.62837928324532E+04  0.17279434805045E+05  0.70846926866614E+03  0.24720066411125E+04  0.12276694636071E+05  0.00000000000000E+00 -0.16708740384664E+04  0.00000000000000E+00  0.00000000000000E+00 -0.40051220359772E+05  0.00000000000000E+00  0.64306329920041E+02  0.00000000000000E+00  0.00000000000000E+00 -0.57405892154384E+04  0.00000000000000E+00  0.00000000000000E+00  0.00000000000000E+00  0.25373740743356E+03  0.00000000000000E+00 -0.24466978019741E+04
   0.34475831506879E+06 -0.97829463892907E+05  0.16103165298823E+05  0.98513276375216E+05 -0.19912811926043E+05  0.77194556685782E+04  0.13355561412817E+05  0.72268001943515E+05 -0.10429775037488E+05 -0.43913760740215E+04  0.62286050163139E+03 -0.81050116744900E+02 -0.18044289301382E+02  0.44542260055094E+01 -0.84456219594262E+03  0.11124228839715E+03 -0.82736158293850E+03 -0.47795537369415E+03 -0.10922762197395E+07  0.33122409468806E+03  0.85894534124127E+05  0.11569040020201E+05  0.32912658540250E+05  0.92152202818471E+05  0.35040274293571E+04  0.12276694636071E+05  0.66402692031513E+05  0.00000000000000E+00 -0.95415715376017E+04  0.00000000000000E+00  0.00000000000000E+00 -0.18758672914902E+06  0.00000000000000E+00  0.37747145895733E+03  0.00000000000000E+00  0.00000000000000E+00 -0.34037083044213E+05  0.00000000000000E+00  0.00000000000000E+00  0.00000000000000E+00  0.97609036011499E+04  0.00000000000000E+00 -0.93375853627887E+04
  -0.12768244079775E+06  0.16634363018535E+05 -0.54274592744871E+04 -0.12815881797835E+05  0.20044857163919E+04 -0.28365523648859E+04 -0.25212341290955E+04 -0.60594941502728E+05  0.11435966621919E+05  0.27342792087671E+04 -0.48867374468095E+03 -0.11496348675148E+04 -0.17042113591549E+03  0.66264176984083E-01 -0.25460602007109E+04  0.46342188916363E+03 -0.23415146291811E+04 -0.16467929876176E+04  0.34556316402444E+05  0.00000000000000E+00  0.00000000000000E+00 -0.50688992575486E+02 -0.15648388472406E+03  0.24091130964105E+03  0.00000000000000E+00  0.00000000000000E+00  0.00000000000000E+00  0.11637496395571E+06  0.00000000000000E+00  0.00000000000000E+00  0.00000000000000E+00  0.00000000000000E+00  0.00000000000000E+00  0.00000000000000E+00  0.00000000000000E+00  0.00000000000000E+00  0.00000000000000E+00  0.00000000000000E+00  0.00000000000000E+00  0.00000000000000E+00  0.00000000000000E+00  0.00000000000000E+00  0.00000000000000E+00
  -0.54605226405222E+05  0.82665762584448E+04 -0.23292184407288E+04 -0.21383300829931E+05  0.33900120843790E+04 -0.44015614761197E+04 -0.39799002068085E+04 -0.48761108711778E+05  0.10850291954968E+05  0.18914062014128E+04 -0.36889496457408E+03 -0.33309109411912E-02 -0.10983706883956E-02  0.31467517258263E-05 -0.16812836012298E+04  0.29131466792706E+03 -0.15231800010260E+04 -0.10390390288080E+04  0.76976354964941E+05 -0.91831664001518E+02 -0.92008643166228E+04 -0.16677616952268E+04 -0.44110267763763E+04 -0.13898150732254E+05 -0.52595824170159E+03 -0.16708740384664E+04 -0.95415715376017E+04  0.00000000000000E+00  0.64583931358787E+05  0.00000000000000E+00  0.00000000000000E+00  0.00000000000000E+00  0.00000000000000E+00  0.00000000000000E+00  0.00000000000000E+00  0.00000000000000E+00  0.00000000000000E+00  0.00000000000000E+00  0.00000000000000E+00  0.00000000000000E+00  0.00000000000000E+00  0.00000000000000E+00  0.00000000000000E+00
  -0.44916587114838E+04 -0.23200162395988E+03  0.45784425699124E+02 -0.59513278224655E+02 -0.56551635221234E+02  0.15776693664291E+03  0.13852562572656E+03 -0.66922389272338E+05  0.24094337428392E+05  0.72731858409925E+03 -0.34244478277141E+03 -0.73298471052318E+03 -0.28624606558558E+02 -0.56760534601396E+01 -0.24555339355340E+04  0.28031045955910E+03 -0.23173849778017E+04 -0.11679231354320E+04 -0.12049465123739E+04  0.00000000000000E+00  0.00000000000000E+00  0.32190832146180E+01 -0.34537005327599E+02 -0.53794402892736E+01  0.00000000000000E+00  0.00000000000000E+00  0.00000000000000E+00  0.00000000000000E+00  0.00000000000000E+00  0.30683055569020E+05  0.00000000000000E+00  0.00000000000000E+00  0.00000000000000E+00  0.00000000000000E+00  0.00000000000000E+00  0.00000000000000E+00  0.00000000000000E+00  0.00000000000000E+00  0.00000000000000E+00  0.00000000000000E+00  0.00000000000000E+00  0.00000000000000E+00  0.00000000000000E+00
  -0.84104843834319E+06  0.20931958080564E+06 -0.37948743926306E+05 -0.66064494055920E+05  0.11935828324684E+05 -0.88341759004874E+04 -0.10128182744126E+05 -0.28184406308260E+06  0.65589495745339E+05  0.10947533973038E+05 -0.20923281289734E+04 -0.51178378707881E+04 -0.60501781604351E+03 -0.67311396251152E+00  0.20139199133424E+04 -0.16950044056374E+03  0.19757100810642E+04  0.93466618735246E+03  0.57218678795090E+06  0.00000000000000E+00  0.00000000000000E+00  0.44630589959100E+03 -0.63532328122690E+04  0.36707746925566E+05  0.00000000000000E+00  0.00000000000000E+00  0.00000000000000E+00  0.00000000000000E+00  0.00000000000000E+00  0.00000000000000E+00  0.57779006969100E+06  0.00000000000000E+00  0.00000000000000E+00  0.00000000000000E+00  0.00000000000000E+00  0.00000000000000E+00  0.00000000000000E+00  0.00000000000000E+00  0.00000000000000E+00  0.00000000000000E+00  0.00000000000000E+00  0.00000000000000E+00  0.00000000000000E+00
  -0.10987374624541E+07  0.26410352826295E+06 -0.49633838557737E+05 -0.34687168528554E+06  0.63464578543094E+05 -0.45009312920107E+05 -0.53689363586358E+05 -0.55903125482815E+06  0.12602134532073E+06  0.22863794455410E+05 -0.42021967223133E+04 -0.13536282788703E+01 -0.28828603220264E+00  0.14676920735732E-03  0.42392337007630E+04 -0.48093721640199E+03  0.41105375029130E+04  0.22527034973343E+04  0.27985405978660E+07 -0.11340395816152E+04 -0.23451975642998E+06 -0.35754219957813E+05 -0.10117961565175E+06 -0.26605444729022E+06 -0.11628321515553E+05 -0.40051220359772E+05 -0.18758672914902E+06  0.00000000000000E+00  0.00000000000000E+00  0.00000000000000E+00  0.00000000000000E+00  0.91730437342383E+06  0.00000000000000E+00  0.00000000000000E+00  0.00000000000000E+00  0.00000000000000E+00  0.00000000000000E+00  0.00000000000000E+00  0.00000000000000E+00  0.00000000000000E+00  0.00000000000000E+00  0.00000000000000E+00  0.00000000000000E+00
  -0.20613455652541E+05  0.58041318096058E+04 -0.97405072987503E+03 -0.14023291369042E+04  0.33395624595279E+03  0.34125215297909E+01 -0.16728483609352E+03 -0.72562705790589E+05  0.23117648196001E+05  0.15227859751877E+04 -0.44474862760691E+03 -0.24243147463584E+04 -0.15191284717624E+03 -0.30259020868504E+01 -0.15091381163293E+04  0.15345965733368E+03 -0.11922582171435E+04 -0.60339091660743E+03  0.17733754631965E+05  0.00000000000000E+00  0.00000000000000E+00  0.00000000000000E+00  0.00000000000000E+00  0.00000000000000E+00  0.00000000000000E+00  0.00000000000000E+00  0.00000000000000E+00  0.00000000000000E+00  0.00000000000000E+00  0.00000000000000E+00  0.00000000000000E+00  0.00000000000000E+00  0.14675926793139E+05  0.00000000000000E+00  0.00000000000000E+00  0.00000000000000E+00  0.00000000000000E+00  0.00000000000000E+00  0.00000000000000E+00  0.00000000000000E+00  0.00000000000000E+00  0.00000000000000E+00  0.00000000000000E+00
  -0.46506069446269E+05  0.13258776370148E+05 -0.22078980535000E+04 -0.24838213729626E+04  0.57484376564613E+03 -0.17657406749867E+02 -0.28558385460899E+03 -0.16259630980917E+06  0.51895818943489E+05  0.33445922048249E+04 -0.99684549677340E+03 -0.74111883785799E+02 -0.19565968186886E+02 -0.12045781938126E-04 -0.29593674032227E+04  0.29999940686330E+03 -0.23451740969884E+04 -0.11880665512004E+04  0.31998587241165E+05  0.81859159837351E+01  0.23402728181747E+04  0.64921691310289E+02  0.17112061435347E+03  0.55004769097852E+03  0.20311820151891E+02  0.64306329920041E+02  0.37747145895733E+03  0.00000000000000E+00  0.00000000000000E+00  0.00000000000000E+00  0.00000000000000E+00  0.00000000000000E+00  0.00000000000000E+00  0.31813333245250E+05  0.00000000000000E+00  0.00000000000000E+00  0.00000000000000E+00  0.00000000000000E+00  0.00000000000000E+00  0.00000000000000E+00  0.00000000000000E+00  0.00000000000000E+00  0.00000000000000E+00
  -0.30940014889912E+04  0.42170962240064E+03 -0.11626714063622E+03 -0.73611257172485E+02  0.94778460007991E+01 -0.19646064919889E+02 -0.13802833792902E+02 -0.13376562754783E+04  0.18144098347844E+03  0.43152029280621E+02 -0.11245285102538E+02 -0.80681268779241E+02 -0.65310231375281E+01 -0.12924060941621E+00 -0.71277126638211E+03  0.77420858068766E+02 -0.56212547530969E+03 -0.30918724267340E+03  0.23122090865033E+03  0.00000000000000E+00  0.00000000000000E+00  0.00000000000000E+00  0.00000000000000E+00  0.00000000000000E+00  0.00000000000000E+00  0.00000000000000E+00  0.00000000000000E+00  0.00000000000000E+00  0.00000000000000E+00  0.00000000000000E+00  0.00000000000000E+00  0.00000000000000E+00  0.00000000000000E+00  0.00000000000000E+00  0.37862154404577E+04  0.00000000000000E+00  0.00000000000000E+00  0.00000000000000E+00  0.00000000000000E+00  0.00000000000000E+00  0.00000000000000E+00  0.00000000000000E+00  0.00000000000000E+00
  -0.19916052567421E+06  0.63509047012860E+05 -0.96232955858436E+04 -0.11850043473659E+05  0.29725909288017E+04  0.38700324866208E+03 -0.10592110955794E+04 -0.57101250432814E+04  0.60414383078900E+03  0.57912792276173E+03 -0.50034164435395E+02 -0.22972547504165E+00 -0.16432876969728E+00 -0.88782796331077E-13  0.20958512395302E+03 -0.55931756640021E+02  0.64669921015164E+02  0.89293061082252E+02  0.18607127144993E+06  0.00000000000000E+00  0.00000000000000E+00  0.21619791462252E+04  0.29902471130695E+04  0.15787800794248E+05  0.00000000000000E+00  0.00000000000000E+00  0.00000000000000E+00  0.00000000000000E+00  0.00000000000000E+00  0.00000000000000E+00  0.00000000000000E+00  0.00000000000000E+00  0.00000000000000E+00  0.00000000000000E+00  0.00000000000000E+00  0.10582231059153E+06  0.00000000000000E+00  0.00000000000000E+00  0.00000000000000E+00  0.00000000000000E+00  0.00000000000000E+00  0.00000000000000E+00  0.00000000000000E+00
  -0.22620861326153E+06  0.71080580602523E+05 -0.10870468348376E+05 -0.54043999022262E+05  0.13225047394018E+05  0.10995651032978E+04 -0.50766092075224E+04 -0.11091202216787E+05  0.12086408611056E+04  0.10881333823114E+04 -0.96974797700276E+02  0.62968339773644E-03  0.52754233921116E-03 -0.21540859828903E-12  0.37311718097527E+03 -0.98260250473735E+02  0.12520212332469E+03  0.16418925068191E+03  0.81560107659625E+06 -0.94938043436618E+02 -0.49695013072353E+05 -0.51474063053191E+04 -0.16012295194788E+05 -0.45753647716336E+05 -0.13683129790730E+04 -0.57405892154384E+04 -0.34037083044213E+05  0.00000000000000E+00  0.00000000000000E+00  0.00000000000000E+00  0.00000000000000E+00  0.00000000000000E+00  0.00000000000000E+00  0.00000000000000E+00  0.00000000000000E+00  0.00000000000000E+00  0.13829624236666E+06  0.00000000000000E+00  0.00000000000000E+00  0.00000000000000E+00  0.00000000000000E+00  0.00000000000000E+00  0.00000000000000E+00
