# fitpack15: fit parameters                                                                         
# CJ15 AV18 final data choices                                                                      
# Created on 01/15/2020 at 21:54:30                                                                 

 # QCD setup
  INS                           0
  NVL                          11
  IORD                          1
  Q02                   1.6899999999999999     
  IPARAMC                       7
  FLAVOR                4.0000000000000000     
  xmc                   1.3000000000000000     
  xmb                   4.5000000000000000     
  ncb                          12
  ihq                           1
  ias                           0

 # Theory corrections
  inuke                     10814
  itmc                          1
  iht                           1

 # fit parameters
 LAMBDA       0.22680        0.0000    
 a0uv          2.0051        0.0000    
 a1uv         0.57426       0.23138E-01
 a2uv          3.5550       0.11862E-01
 a3uv          0.0000        0.0000    
 a4uv          4.4252       0.60314    
 a5uv          0.0000        0.0000    
 a0dv          25.440        0.0000    
 a1dv          1.1614       0.32756E-01
 a2dv          6.6171       0.15785    
 a3dv         -3.5581       0.83694E-01
 a4dv          4.7637       0.13852    
 a5dv          0.0000        0.0000    
 a0ud         0.14270       0.49915E-02
 a1ud        -0.21039       0.38096E-02
 a2ud          8.3932       0.19058    
 a3ud          0.0000        0.0000    
 a4ud          15.448        1.2867    
 a5ud          0.0000        0.0000    
 a0du          35712.        0.0000    
 a1du          4.0874       0.86053E-01
 a2du          20.071       0.95953    
 a3du          17.000        0.0000    
 a4du          54.655        12.382    
 a0g           48.299        0.0000    
 a1g          0.61303       0.33230E-01
 a2g           7.0085       0.98380    
 a3g          -3.3925       0.15473    
 a4g           3.4542       0.39912    
 a5g           0.0000        0.0000    
 kappa        0.40000        0.0000    
 a6dv        -0.37540E-02   0.66022E-03
 a7dv          2.0000        0.0000    
 off1         -2.7918        1.8442    
 off2         0.58034E-01   0.18798E-02
 ht1          -3.5837       0.34989    
 ht2           2.1054       0.12488    
 ht3          -2.0457       0.35542E-01
 ht4           0.0000        0.0000    
 ht1n         -3.9149        1.1120    
 ht2n          2.0714       0.35903    
 ht3n         -2.0946       0.68297E-01
 ht4n          0.0000        0.0000    
 dummy44       0.0000        0.0000    
 dummy45       0.0000        0.0000    
 dummy46       0.0000        0.0000    
 dummy47       0.0000        0.0000    
 dummy48       0.0000        0.0000    
 dummy49       0.0000        0.0000    
 bcdmsh2      0.97036       0.48524E-02
 bcdmsd2      0.99044       0.58502E-02
 ccfr          1.0000        0.0000    
 nutev         1.0000        0.0000    
 zeus         0.97998        0.0000    
 h1            1.0162        0.0000    
 e605          1.0319        0.0000    
 NmcH2         1.0066       0.71303E-02
 ntv_nu        1.0000        0.0000    
 ntv_nubar     1.0000        0.0000    
 cdf_jet      0.98910        0.0000    
 d0_jet       0.83504        0.0000    
 slac_p        1.0026       0.50378E-02
 slac_d        1.0016       0.53007E-02
 e866pp       0.97933       0.19840E-01
 e866pd       0.96746       0.16408E-01
 d0_gamjet     1.0369       0.16487E-01
 h1b          0.97608        0.0000    
 jlab_p       0.99089       0.62866E-02
 jlab_d       0.97437       0.59881E-02
 blank         1.0000        0.0000    
 d0run2       0.94324       0.14146E-01
 cdfrun2      0.93041       0.17290E-01
 HERA_el       1.0000        0.0000    
 HERA_ps       1.0000        0.0000    
 CDF_Z        0.95945       0.66008E-02
 NmcRat        1.0000        0.0000    
 BNS_F2nd     0.98160       0.11370E-01
 HERMES_F2p   0.99637       0.56707E-02
 HERMES_F2d   0.97797       0.58410E-02
 END 0. 0.

 # Hessian matrix (Bevington alpha)
   0.51530394278091E+07 -0.13253989413944E+07  0.19934972186906E+06  0.50059966700748E+06 -0.12807984558707E+06 -0.28317704667009E+05  0.54328459544596E+05  0.97533705107307E+06 -0.18222794039379E+06 -0.49956622188392E+05  0.73825518301085E+04  0.15290261526038E+05  0.17245014091755E+04 -0.10359596469955E+03  0.91615304180050E+04 -0.20639792735088E+04  0.91560911902647E+04  0.66938572913989E+04 -0.79133603109716E+07 -0.13605096421378E+04 -0.72146821286205E+07  0.36329970127507E+05  0.12596670566799E+06  0.23474373567752E+06  0.12906020579860E+05  0.48260521121247E+05  0.24669164602060E+06 -0.13162612408211E+06 -0.55802036974760E+05 -0.51465668465646E+04 -0.86445845218212E+06 -0.11208275815669E+07 -0.20958026912218E+05 -0.47405550250226E+05 -0.31894862086665E+04 -0.20407444154634E+06 -0.23004999381444E+06 -0.92342627698678E+04 -0.32550556665480E+04 -0.17694349473501E+05  0.17137437387917E+05 -0.73868161033520E+05 -0.58245897329883E+05
  -0.13253989413944E+07  0.41596878975322E+06 -0.52451196359793E+05 -0.13691120342666E+06  0.34753035921345E+05  0.10364038495304E+05 -0.11459351611633E+05 -0.12482171467446E+06  0.26401059493495E+05  0.74221023515787E+04 -0.89416941903483E+03 -0.12001446429278E+04 -0.14019578190955E+03  0.12443513105918E+02  0.65237169226171E+03 -0.52519843719935E+02  0.14536038055000E+03  0.75847977232319E+02  0.26570464865294E+07  0.54843335415867E+03  0.20680577834212E+07 -0.73929813699081E+04 -0.29093092180469E+05 -0.60266196925793E+05 -0.30628510168115E+04 -0.12109542365206E+05 -0.67552300539453E+05  0.16780692108238E+05  0.82855068807188E+04 -0.20047321932155E+03  0.21032788966154E+06  0.26567559269573E+06  0.57662728024665E+04  0.13208450365479E+05  0.42224668671821E+03  0.63853290908682E+05  0.71470729497859E+05  0.24454982601198E+04  0.77328711017100E+03 -0.22315449300880E+04 -0.22643901456666E+04  0.86653902467975E+04  0.72759845149984E+04
   0.19934972186906E+06 -0.52451196359793E+05  0.77709984075094E+04  0.19211945093336E+05 -0.50265487828533E+04 -0.13465425980576E+04  0.20226553486064E+04  0.28383994905961E+05 -0.51531217761112E+04 -0.17048965576347E+04  0.21853108602523E+03  0.42363983862177E+03  0.54267784825819E+02 -0.40039063611723E+01 -0.30097991793084E+03 -0.45858829665651E+01 -0.14590398654391E+03 -0.17992812695444E+02 -0.31454117232219E+06 -0.55375542719723E+02 -0.28227250861043E+06  0.13723513099403E+04  0.47663837041301E+04  0.90268793651036E+04  0.49303276950895E+03  0.18478062032093E+04  0.95755479407062E+04 -0.47819795027795E+04 -0.20301427169396E+04  0.22337276406281E+02 -0.32669237588295E+05 -0.42540581486280E+05 -0.82361540212077E+03 -0.18701944035089E+04 -0.10288652253985E+03 -0.81383823098463E+04 -0.91561138561094E+04 -0.35724239082739E+03 -0.12457068923860E+03 -0.53705655836072E+02  0.62707281391305E+03 -0.22620967512517E+04 -0.18265419307285E+04
   0.50059966700748E+06 -0.13691120342666E+06  0.19211945093336E+05  0.40001046872486E+06 -0.62473807123810E+05  0.75754113422770E+05  0.65003062225984E+05  0.35966860828902E+06 -0.27621456687763E+05 -0.18309530318636E+05  0.32293461007617E+04 -0.14009034650506E+04 -0.15066143056678E+03  0.53327509307184E+02  0.30846696786392E+05 -0.37182735107798E+04  0.23534246631787E+05  0.13201819804711E+05 -0.23113745897256E+07 -0.19185210733909E+03 -0.19773775525932E+07  0.13123075516761E+05  0.38459205178873E+05  0.92547528977852E+05  0.42840112210237E+04  0.15308339195817E+05  0.68694353582490E+05 -0.12865671582603E+05 -0.21308898824207E+05 -0.63185469504635E+02 -0.66245379048678E+05 -0.34393169735773E+06 -0.13652251466849E+04 -0.24900822676452E+04 -0.70743896626151E+02 -0.11776090416847E+05 -0.53097244639910E+05 -0.24902195592304E+04 -0.96662105387521E+03 -0.97458925176010E+04 -0.15887989461771E+05 -0.72449335036894E+04 -0.21475172484174E+05
  -0.12807984558707E+06  0.34753035921345E+05 -0.50265487828533E+04 -0.62473807123810E+05  0.11538358258395E+05 -0.76600193459549E+04 -0.93047441722608E+04 -0.33251543183528E+05  0.51641055374729E+03  0.23701933759508E+04 -0.32418158220998E+03 -0.20163458619363E+02  0.50281750722738E+01 -0.47457324706975E+01 -0.25935376484738E+04  0.31653429666094E+03 -0.19289153030815E+04 -0.10955508388191E+04  0.49888746502727E+06  0.61561059966284E+02  0.41023398741477E+06 -0.24562567507145E+04 -0.72190850963936E+04 -0.17881998642895E+05 -0.76965215735514E+03 -0.27793789483429E+04 -0.13557044819702E+05  0.20034681410348E+04  0.33705063500030E+04 -0.57641751723330E+02  0.11843829994612E+05  0.62776099581432E+05  0.32236941250939E+03  0.56768546682716E+03  0.89811003615603E+01  0.29240865883987E+04  0.12994859385483E+05  0.47062789473399E+03  0.17410133076289E+03  0.36406948393109E+03  0.25147888517354E+04  0.81660734775295E+03  0.25180409186805E+04
  -0.28317704667009E+05  0.10364038495304E+05 -0.13465425980576E+04  0.75754113422770E+05 -0.76600193459549E+04  0.25150601606724E+05  0.15042973243318E+05  0.11127437166403E+06 -0.10461794882213E+05 -0.46474016779291E+04  0.97976408209292E+03 -0.72025561197221E+03 -0.67924158261469E+02  0.18359827298502E+02  0.95788449090834E+04 -0.11870241546979E+04  0.73757026553239E+04  0.42025040387376E+04 -0.51728624068857E+05  0.58589270163462E+02 -0.11233999856543E+06  0.14910081103750E+04  0.42099196837570E+04  0.86300492744865E+04  0.57230884585162E+03  0.19297377221678E+04  0.55568630068440E+04 -0.27986559517626E+04 -0.42912737334843E+04  0.15793493602114E+03 -0.86776279558250E+04 -0.42435329828353E+05  0.11798769780650E+02 -0.12704783561710E+02 -0.19075076950218E+02  0.44534371553161E+03  0.16631750120463E+04 -0.25642652700178E+03 -0.13108163001475E+03 -0.31743702059190E+04 -0.33527249328649E+04 -0.18844646746395E+04 -0.54203560451048E+04
   0.54328459544596E+05 -0.11459351611633E+05  0.20226553486064E+04  0.65003062225984E+05 -0.93047441722608E+04  0.15042973243318E+05  0.11677298426700E+05  0.61348915557392E+05 -0.34739286977377E+04 -0.33048227294321E+04  0.56889382166983E+03 -0.23474130093230E+03 -0.27290377825834E+02  0.96087529555996E+01  0.49085272850561E+04 -0.61556650087313E+03  0.36753332412002E+04  0.21188875637871E+04 -0.24984152952732E+06  0.37697928072511E+01 -0.25352158745675E+06  0.19714085231188E+04  0.56363115712631E+04  0.12963332053186E+05  0.67370338092598E+03  0.23232227107766E+04  0.92362486056866E+04 -0.25031369703708E+04 -0.39220021114465E+04  0.14072242879534E+03 -0.10009982525926E+05 -0.52165476885984E+05 -0.15748237253487E+03 -0.27953857999668E+03 -0.13289462303156E+02 -0.10063965277516E+04 -0.46930921908274E+04 -0.36362115613789E+03 -0.15326593136723E+03 -0.13456582850033E+04 -0.31775007118143E+04 -0.11628367592639E+04 -0.34632705334320E+04
   0.97533705107307E+06 -0.12482171467446E+06  0.28383994905961E+05  0.35966860828902E+06 -0.33251543183528E+05  0.11127437166403E+06  0.61348915557392E+05  0.53030938271820E+07 -0.23894373747568E+07 -0.88473406182787E+05  0.26018465933616E+05  0.26193770497796E+05  0.17777383604499E+04  0.92137316300111E+02  0.87782197586300E+05 -0.11086904743597E+05  0.77503170637891E+05  0.42027029279958E+05 -0.59878910859812E+06  0.40505894832642E+03 -0.82870620347558E+06  0.18255245587852E+05  0.59280929772382E+05  0.99345153853568E+05  0.62027920411960E+04  0.22835872043955E+05  0.73184346944802E+05 -0.62641439248682E+05 -0.50166434266245E+05 -0.69766847449444E+05 -0.29321013563042E+06 -0.57695022563339E+06 -0.73778756944833E+05 -0.16572895196421E+06 -0.13972521742082E+04 -0.56787277903730E+04 -0.11168514754184E+05  0.19290637202383E+03  0.23859598518762E+03 -0.27183544342632E+06 -0.87861993983451E+04 -0.14318410616227E+06 -0.17662489818085E+06
  -0.18222794039379E+06  0.26401059493495E+05 -0.51531217761112E+04 -0.27621456687763E+05  0.51641055374729E+03 -0.10461794882213E+05 -0.34739286977377E+04 -0.23894373747568E+07  0.19286514518458E+07  0.19333933156775E+05 -0.64356464783123E+04 -0.55083870089172E+04 -0.30482568939655E+03 -0.12628016174620E+02  0.48305013432598E+05 -0.22395887576959E+04  0.14387708772601E+05  0.68184757912658E+04 -0.26093717047992E+05 -0.95441192917756E+02  0.10848613247941E+05 -0.35461770600056E+04 -0.12098362073754E+05 -0.18891864320216E+05 -0.12371343724786E+04 -0.47322392055895E+04 -0.13649087941361E+05  0.11540533293942E+05  0.10881996632470E+05  0.24617559251178E+05  0.66854549847993E+05  0.12722309725225E+06  0.22961250775469E+05  0.51640302289095E+05  0.18907308385437E+03  0.59084200182317E+03  0.11988254470949E+04 -0.12352690490751E+04 -0.68973685006116E+03  0.11265119152769E+06  0.15782974787914E+04  0.45044388587208E+05  0.55023287914125E+05
  -0.49956622188392E+05  0.74221023515787E+04 -0.17048965576347E+04 -0.18309530318636E+05  0.23701933759508E+04 -0.46474016779291E+04 -0.33048227294321E+04 -0.88473406182787E+05  0.19333933156775E+05  0.26516960759508E+04 -0.62016583905413E+03 -0.65782193955577E+03 -0.58654965235151E+02 -0.16662877644536E+01 -0.40056537798610E+04  0.48531397080733E+03 -0.30723717689247E+04 -0.17406882185384E+04  0.57894270544123E+05 -0.10068175468950E+02  0.74644292389214E+05 -0.82578429863958E+03 -0.25282057365934E+04 -0.46273176654193E+04 -0.27279170403666E+03 -0.96224268519816E+03 -0.35364324960387E+04  0.27504782188236E+04  0.18983659505676E+04  0.73534235321034E+03  0.11020333372910E+05  0.22921809058459E+05  0.15016930294120E+04  0.33154101689941E+04  0.43587628880355E+02  0.56020172804855E+03  0.10639001034104E+04  0.13120701332691E+03  0.58255669664759E+02  0.31238079544467E+04  0.43805445984613E+03  0.28278030297816E+04  0.35758003995298E+04
   0.73825518301085E+04 -0.89416941903483E+03  0.21853108602523E+03  0.32293461007617E+04 -0.32418158220998E+03  0.97976408209292E+03  0.56889382166983E+03  0.26018465933616E+05 -0.64356464783123E+04 -0.62016583905413E+03  0.16982627032902E+03  0.18713991608485E+03  0.13740498618935E+02  0.62483953808090E+00  0.12337892118616E+04 -0.13592059840602E+03  0.91878256450583E+03  0.50016228855943E+03 -0.62772126197246E+04  0.28060155111500E+01 -0.79371130646506E+04  0.13345150717662E+03  0.42634216856200E+03  0.73071796371562E+03  0.44940018396816E+02  0.16324645893416E+03  0.54086153969013E+03 -0.46830129834524E+03 -0.35275561293200E+03 -0.33668437790112E+03 -0.20197054298864E+04 -0.40243753068080E+04 -0.42338477781246E+03 -0.95161565232608E+03 -0.10917151985272E+02 -0.45812607967498E+02 -0.89904881840418E+02 -0.13745053581027E+02 -0.64187160021934E+01 -0.11371719586327E+04 -0.65587534315425E+02 -0.81993522947211E+03 -0.10189990798444E+04
   0.15290261526038E+05 -0.12001446429278E+04  0.42363983862177E+03 -0.14009034650506E+04 -0.20163458619363E+02 -0.72025561197221E+03 -0.23474130093230E+03  0.26193770497796E+05 -0.55083870089172E+04 -0.65782193955577E+03  0.18713991608485E+03  0.15567722408249E+04  0.10409287529058E+03 -0.12314328857188E+01  0.13619014230191E+04 -0.18984012541799E+03  0.12632562044612E+04  0.73555848185371E+03 -0.61082569488438E+04 -0.48461017143543E+01 -0.38242557514420E+04  0.76394413307022E+01  0.17155185097101E+03 -0.39293499613958E+03 -0.20603579411737E+02 -0.85645286341636E+02 -0.22556105865972E+03 -0.11169358673923E+04 -0.53917418966029E-01 -0.68204069497454E+03 -0.49694497347238E+04 -0.12516989660815E+02 -0.22498304528203E+04 -0.70328947937697E+02 -0.77206982325130E+02 -0.21475335501554E+00  0.15588574907869E-02 -0.17085751985896E+01 -0.73023657780696E+00  0.28537409373275E+03  0.30883067062346E+03 -0.26583284725274E+04 -0.30229823868959E+01
   0.17245014091755E+04 -0.14019578190955E+03  0.54267784825819E+02 -0.15066143056678E+03  0.50281750722738E+01 -0.67924158261469E+02 -0.27290377825834E+02  0.17777383604499E+04 -0.30482568939655E+03 -0.58654965235151E+02  0.13740498618935E+02  0.10409287529058E+03  0.94699447319280E+01 -0.16569318032198E+00  0.76288543726855E+02 -0.12747339362650E+02  0.73904299824428E+02  0.47088061400024E+02 -0.29332928903480E+03 -0.41473953822275E+00  0.91494931907706E+02  0.26864741588442E+01  0.22522805343212E+02 -0.44212670744926E+02 -0.23211534077051E+01 -0.90465411495683E+01 -0.19555038272769E+02 -0.16495438384141E+03 -0.77204005774499E-02 -0.26938569842249E+02 -0.58726290678934E+03 -0.15872480850718E+01 -0.14221585371245E+03 -0.18500331584267E+02 -0.63002841792791E+01 -0.15355661058181E+00  0.12130193327714E-02 -0.18160997290033E+00 -0.70359583414660E-01  0.28500666940259E+02  0.69105111514725E+02 -0.19329776229974E+03 -0.25465435971224E+00
  -0.10359596469955E+03  0.12443513105918E+02 -0.40039063611723E+01  0.53327509307184E+02 -0.47457324706975E+01  0.18359827298502E+02  0.96087529555996E+01  0.92137316300111E+02 -0.12628016174620E+02 -0.16662877644536E+01  0.62483953808090E+00 -0.12314328857188E+01 -0.16569318032198E+00  0.44843463130113E-01  0.13451563752851E+02 -0.10311384518085E+01  0.78081465059210E+01  0.36668469094630E+01 -0.78283211109263E+02  0.25449866548481E-01 -0.12262023862414E+03  0.32626035845040E+00  0.83174996699187E+00  0.29852041812741E+01  0.12427199466199E+00  0.41997622324974E+00  0.19862309038028E+01  0.64922808800942E-01 -0.12243597943089E-04 -0.55231679678240E+01 -0.63449280669188E+00 -0.95702164428749E-03 -0.28087303220951E+01 -0.95636158285896E-05 -0.12486033742706E+00 -0.16167825640418E-13 -0.28893508352176E-12 -0.15043148010244E-02 -0.82625144702628E-03 -0.15660534175326E+01  0.25294629593237E-04 -0.27254699331162E+01 -0.17195640108773E-02
   0.91615304180050E+04  0.65237169226171E+03 -0.30097991793084E+03  0.30846696786392E+05 -0.25935376484738E+04  0.95788449090834E+04  0.49085272850561E+04  0.87782197586300E+05  0.48305013432598E+05 -0.40056537798610E+04  0.12337892118616E+04  0.13619014230191E+04  0.76288543726855E+02  0.13451563752851E+02  0.49524471493378E+05 -0.45824383467259E+04  0.31792613451835E+05  0.16536663228569E+05 -0.56234355595486E+05  0.18318247709827E+01  0.24184833712521E+05 -0.14079470292141E+03 -0.43503468338876E+03 -0.46249575429628E+03 -0.45861520600548E+02 -0.16102304095630E+03 -0.44511846007455E+03 -0.26559825887949E+04 -0.17423354654093E+04 -0.24895941235259E+04  0.20485589071512E+04  0.43886011403443E+04 -0.14842474747097E+04 -0.29440317485824E+04 -0.72554951261056E+03  0.21172940515701E+03  0.38263809009071E+03 -0.28375955153525E+04 -0.15127385693880E+04 -0.24357825019931E+04  0.19485429124772E+03 -0.88384015908039E+03 -0.99541427057505E+03
  -0.20639792735088E+04 -0.52519843719935E+02 -0.45858829665651E+01 -0.37182735107798E+04  0.31653429666094E+03 -0.11870241546979E+04 -0.61556650087313E+03 -0.11086904743597E+05 -0.22395887576959E+04  0.48531397080733E+03 -0.13592059840602E+03 -0.18984012541799E+03 -0.12747339362650E+02 -0.10311384518085E+01 -0.45824383467259E+04  0.49221933942003E+03 -0.33127441162190E+04 -0.17964943413864E+04  0.65373074133369E+04 -0.79756590600290E+00 -0.36686914986708E+04  0.15443503421599E+02  0.42997948480005E+02  0.32088379003148E+02  0.50521091410542E+01  0.16851731717621E+02  0.49556616864309E+02  0.48513903910686E+03  0.30382266872693E+03  0.28678049531891E+03 -0.17417765029985E+03 -0.51045953999273E+03  0.15257069492868E+03  0.30179920482097E+03  0.79794898403727E+02 -0.56719017717420E+02 -0.10106121998829E+03  0.42619953124504E+03  0.21202156499556E+03 -0.29043918867464E+03 -0.35141482615797E+02  0.24562546742545E+03  0.27518455465433E+03
   0.91560911902647E+04  0.14536038055000E+03 -0.14590398654391E+03  0.23534246631787E+05 -0.19289153030815E+04  0.73757026553239E+04  0.36753332412002E+04  0.77503170637891E+05  0.14387708772601E+05 -0.30723717689247E+04  0.91878256450583E+03  0.12632562044612E+04  0.73904299824428E+02  0.78081465059210E+01  0.31792613451835E+05 -0.33127441162190E+04  0.22833983153041E+05  0.12198975180520E+05 -0.43173418847760E+05 -0.40461344701216E-01  0.20868589626716E+05 -0.14198669923126E+03 -0.42989647954192E+03 -0.50166548214685E+03 -0.46637515714921E+02 -0.15901462521803E+03 -0.41391218308460E+03 -0.20961439856060E+04 -0.13717660207064E+04 -0.22619122370316E+04  0.19510755013946E+04  0.39421800754744E+04 -0.11302371550891E+04 -0.22471020346160E+04 -0.53597802703892E+03  0.43807435036110E+02  0.88618185941386E+02 -0.21757716550859E+04 -0.11858494361635E+04  0.75969667850314E+03  0.17540598235772E+03 -0.13040018613833E+04 -0.14511957997854E+04
   0.66938572913989E+04  0.75847977232319E+02 -0.17992812695444E+02  0.13201819804711E+05 -0.10955508388191E+04  0.42025040387376E+04  0.21188875637871E+04  0.42027029279958E+05  0.68184757912658E+04 -0.17406882185384E+04  0.50016228855943E+03  0.73555848185371E+03  0.47088061400024E+02  0.36668469094630E+01  0.16536663228569E+05 -0.17964943413864E+04  0.12198975180520E+05  0.66164874723113E+04 -0.24062102908000E+05  0.11394134215395E+01  0.13061753009340E+05 -0.77724010356892E+02 -0.22295603026346E+03 -0.23464549477771E+03 -0.25614358460695E+02 -0.84612935648801E+02 -0.22224951774003E+03 -0.15133431721119E+04 -0.95690548844008E+03 -0.11416570442220E+04  0.92999550932471E+03  0.21860317276931E+04 -0.57229587105703E+03 -0.11394268961111E+04 -0.29571534179085E+03  0.74030615942411E+02  0.13872300847715E+03 -0.14141765165262E+04 -0.73871431251877E+03  0.10852564113919E+04  0.12903932119811E+03 -0.94644161673615E+03 -0.10530785432997E+04
  -0.79133603109716E+07  0.26570464865294E+07 -0.31454117232219E+06 -0.23113745897256E+07  0.49888746502727E+06 -0.51728624068857E+05 -0.24984152952732E+06 -0.59878910859812E+06 -0.26093717047992E+05  0.57894270544123E+05 -0.62772126197246E+04 -0.61082569488438E+04 -0.29332928903480E+03 -0.78283211109263E+02 -0.56234355595486E+05  0.65373074133369E+04 -0.43173418847760E+05 -0.24062102908000E+05  0.35057992369307E+08  0.65193840238613E+04  0.23666911148216E+08 -0.11040076464938E+06 -0.35427279597185E+06 -0.93917001359180E+06 -0.33315319942441E+05 -0.13305598426638E+06 -0.75123609824340E+06  0.35005024909506E+05  0.77753155685360E+05 -0.12525459269010E+04  0.57917485293431E+06  0.28463060750394E+07  0.17487709226623E+05  0.32145488965743E+05  0.21597717729366E+03  0.18859870114299E+06  0.83073552048877E+06  0.25017492217559E+05  0.78628692679185E+04 -0.18869120845345E+05  0.45715933676651E+05  0.21062859224429E+05  0.65362300614871E+05
  -0.13605096421378E+04  0.54843335415867E+03 -0.55375542719723E+02 -0.19185210733909E+03  0.61561059966284E+02  0.58589270163462E+02  0.37697928072511E+01  0.40505894832642E+03 -0.95441192917756E+02 -0.10068175468950E+02  0.28060155111500E+01 -0.48461017143543E+01 -0.41473953822275E+00  0.25449866548481E-01  0.18318247709827E+01 -0.79756590600290E+00 -0.40461344701216E-01  0.11394134215395E+01  0.65193840238613E+04  0.23014457017814E+01  0.48338535271167E+04 -0.17352304351238E+02 -0.57102197781591E+02 -0.17524485306220E+03 -0.36248204842450E+01 -0.17952740932050E+02 -0.13451286914657E+03  0.00000000000000E+00 -0.27805810405762E+02  0.00000000000000E+00  0.00000000000000E+00  0.37551219885591E+03  0.00000000000000E+00 -0.71900768422499E+01  0.00000000000000E+00  0.00000000000000E+00  0.21100217200727E+03  0.00000000000000E+00  0.00000000000000E+00  0.00000000000000E+00  0.13226230893392E+02  0.00000000000000E+00 -0.29088636557020E+02
  -0.72146821286205E+07  0.20680577834212E+07 -0.28227250861043E+06 -0.19773775525932E+07  0.41023398741477E+06 -0.11233999856543E+06 -0.25352158745675E+06 -0.82870620347558E+06  0.10848613247941E+05  0.74644292389214E+05 -0.79371130646506E+04 -0.38242557514420E+04  0.91494931907706E+02 -0.12262023862414E+03  0.24184833712521E+05 -0.36686914986708E+04  0.20868589626716E+05  0.13061753009340E+05  0.23666911148216E+08  0.48338535271167E+04  0.28807896544410E+08 -0.16590117002187E+06 -0.48365840457432E+06 -0.12868188181611E+07 -0.48097805711576E+05 -0.17738718158513E+06 -0.94680467640707E+06  0.00000000000000E+00  0.15159931292956E+06  0.00000000000000E+00  0.00000000000000E+00  0.37388745111163E+07  0.00000000000000E+00 -0.36031556321572E+05  0.00000000000000E+00  0.00000000000000E+00  0.77789930438085E+06  0.00000000000000E+00  0.00000000000000E+00  0.00000000000000E+00 -0.17280609263418E+06  0.00000000000000E+00  0.12602937707093E+06
   0.36329970127507E+05 -0.73929813699081E+04  0.13723513099403E+04  0.13123075516761E+05 -0.24562567507145E+04  0.14910081103750E+04  0.19714085231188E+04  0.18255245587852E+05 -0.35461770600056E+04 -0.82578429863958E+03  0.13345150717662E+03  0.76394413307022E+01  0.26864741588442E+01  0.32626035845040E+00 -0.14079470292141E+03  0.15443503421599E+02 -0.14198669923126E+03 -0.77724010356892E+02 -0.11040076464938E+06 -0.17352304351238E+02 -0.16590117002187E+06  0.12584181340002E+04  0.34602353775903E+04  0.88734113101283E+04  0.34237698194887E+03  0.12133103015901E+04  0.59656314582161E+04 -0.45620497685746E+02 -0.13775948464821E+04  0.44829920870537E+01  0.59790699620219E+03 -0.27022556854929E+05  0.00000000000000E+00 -0.10229477114614E+03  0.00000000000000E+00  0.20295162400810E+04 -0.33126463108425E+04  0.00000000000000E+00  0.00000000000000E+00  0.00000000000000E+00  0.12748096659352E+04 -0.29707583334642E+03 -0.17405287156824E+04
   0.12596670566799E+06 -0.29093092180469E+05  0.47663837041301E+04  0.38459205178873E+05 -0.72190850963936E+04  0.42099196837570E+04  0.56363115712631E+04  0.59280929772382E+05 -0.12098362073754E+05 -0.25282057365934E+04  0.42634216856200E+03  0.17155185097101E+03  0.22522805343212E+02  0.83174996699187E+00 -0.43503468338876E+03  0.42997948480005E+02 -0.42989647954192E+03 -0.22295603026346E+03 -0.35427279597185E+06 -0.57102197781591E+02 -0.48365840457432E+06  0.34602353775903E+04  0.99428570080247E+04  0.24485380842050E+05  0.97318295188956E+03  0.35030103611789E+04  0.17296309173426E+05 -0.15006873803426E+03 -0.36475720465852E+04 -0.15247035430469E+02 -0.56490828045116E+04 -0.77938583750791E+05  0.00000000000000E+00 -0.26962858992708E+03  0.00000000000000E+00  0.30344201893950E+04 -0.10840349386331E+05  0.00000000000000E+00  0.00000000000000E+00  0.00000000000000E+00  0.36950404002901E+04 -0.17208686721543E+04 -0.51349689150885E+04
   0.23474373567752E+06 -0.60266196925793E+05  0.90268793651036E+04  0.92547528977852E+05 -0.17881998642895E+05  0.86300492744865E+04  0.12963332053186E+05  0.99345153853568E+05 -0.18891864320216E+05 -0.46273176654193E+04  0.73071796371562E+03 -0.39293499613958E+03 -0.44212670744926E+02  0.29852041812741E+01 -0.46249575429628E+03  0.32088379003148E+02 -0.50166548214685E+03 -0.23464549477771E+03 -0.93917001359180E+06 -0.17524485306220E+03 -0.12868188181611E+07  0.88734113101283E+04  0.24485380842050E+05  0.69745998060576E+05  0.24890842457898E+04  0.90003961419217E+04  0.45572889418153E+05  0.23316872144646E+03 -0.11459166128234E+05 -0.41322728994535E+01  0.36955217298827E+05 -0.19307033264890E+06  0.00000000000000E+00 -0.86669033927635E+03  0.00000000000000E+00  0.16236140251821E+05 -0.28864128682443E+05  0.00000000000000E+00  0.00000000000000E+00  0.00000000000000E+00  0.63824971720134E+04  0.14557197048401E+04 -0.12324402978694E+05
   0.12906020579860E+05 -0.30628510168115E+04  0.49303276950895E+03  0.42840112210237E+04 -0.76965215735514E+03  0.57230884585162E+03  0.67370338092598E+03  0.62027920411960E+04 -0.12371343724786E+04 -0.27279170403666E+03  0.44940018396816E+02 -0.20603579411737E+02 -0.23211534077051E+01  0.12427199466199E+00 -0.45861520600548E+02  0.50521091410542E+01 -0.46637515714921E+02 -0.25614358460695E+02 -0.33315319942441E+05 -0.36248204842450E+01 -0.48097805711576E+05  0.34237698194887E+03  0.97318295188956E+03  0.24890842457898E+04  0.11309451881329E+03  0.39706818527418E+03  0.17659120048654E+04  0.00000000000000E+00 -0.43523164066829E+03  0.00000000000000E+00  0.00000000000000E+00 -0.87766846941808E+04  0.00000000000000E+00 -0.32004603578001E+02  0.00000000000000E+00  0.00000000000000E+00 -0.73214757307850E+03  0.00000000000000E+00  0.00000000000000E+00  0.00000000000000E+00  0.44494634556080E+02  0.00000000000000E+00 -0.62877683521591E+03
   0.48260521121247E+05 -0.12109542365206E+05  0.18478062032093E+04  0.15308339195817E+05 -0.27793789483429E+04  0.19297377221678E+04  0.23232227107766E+04  0.22835872043955E+05 -0.47322392055895E+04 -0.96224268519816E+03  0.16324645893416E+03 -0.85645286341636E+02 -0.90465411495683E+01  0.41997622324974E+00 -0.16102304095630E+03  0.16851731717621E+02 -0.15901462521803E+03 -0.84612935648801E+02 -0.13305598426638E+06 -0.17952740932050E+02 -0.17738718158513E+06  0.12133103015901E+04  0.35030103611789E+04  0.90003961419217E+04  0.39706818527418E+03  0.14333201343119E+04  0.64230828491703E+04  0.00000000000000E+00 -0.13853063333948E+04  0.00000000000000E+00  0.00000000000000E+00 -0.31286811251669E+05  0.00000000000000E+00 -0.10132516836289E+03  0.00000000000000E+00  0.00000000000000E+00 -0.36931011376347E+04  0.00000000000000E+00  0.00000000000000E+00  0.00000000000000E+00 -0.10702914035122E+02  0.00000000000000E+00 -0.23041226950719E+04
   0.24669164602060E+06 -0.67552300539453E+05  0.95755479407062E+04  0.68694353582490E+05 -0.13557044819702E+05  0.55568630068440E+04  0.92362486056866E+04  0.73184346944802E+05 -0.13649087941361E+05 -0.35364324960387E+04  0.54086153969013E+03 -0.22556105865972E+03 -0.19555038272769E+02  0.19862309038028E+01 -0.44511846007455E+03  0.49556616864309E+02 -0.41391218308460E+03 -0.22224951774003E+03 -0.75123609824340E+06 -0.13451286914657E+03 -0.94680467640707E+06  0.59656314582161E+04  0.17296309173426E+05  0.45572889418153E+05  0.17659120048654E+04  0.64230828491703E+04  0.33505658085803E+05  0.00000000000000E+00 -0.78644281339952E+04  0.00000000000000E+00  0.00000000000000E+00 -0.13688114068575E+06  0.00000000000000E+00 -0.59476818500750E+03  0.00000000000000E+00  0.00000000000000E+00 -0.22447461848856E+05  0.00000000000000E+00  0.00000000000000E+00  0.00000000000000E+00  0.82177772489846E+04  0.00000000000000E+00 -0.84927427818785E+04
  -0.13162612408211E+06  0.16780692108238E+05 -0.47819795027795E+04 -0.12865671582603E+05  0.20034681410348E+04 -0.27986559517626E+04 -0.25031369703708E+04 -0.62641439248682E+05  0.11540533293942E+05  0.27504782188236E+04 -0.46830129834524E+03 -0.11169358673923E+04 -0.16495438384141E+03  0.64922808800942E-01 -0.26559825887949E+04  0.48513903910686E+03 -0.20961439856060E+04 -0.15133431721119E+04  0.35005024909506E+05  0.00000000000000E+00  0.00000000000000E+00 -0.45620497685746E+02 -0.15006873803426E+03  0.23316872144646E+03  0.00000000000000E+00  0.00000000000000E+00  0.00000000000000E+00  0.11690225637724E+06  0.00000000000000E+00  0.00000000000000E+00  0.00000000000000E+00  0.00000000000000E+00  0.00000000000000E+00  0.00000000000000E+00  0.00000000000000E+00  0.00000000000000E+00  0.00000000000000E+00  0.00000000000000E+00  0.00000000000000E+00  0.00000000000000E+00  0.00000000000000E+00  0.00000000000000E+00  0.00000000000000E+00
  -0.55802036974760E+05  0.82855068807188E+04 -0.20301427169396E+04 -0.21308898824207E+05  0.33705063500030E+04 -0.42912737334843E+04 -0.39220021114465E+04 -0.50166434266245E+05  0.10881996632470E+05  0.18983659505676E+04 -0.35275561293200E+03 -0.53917418966029E-01 -0.77204005774499E-02 -0.12243597943089E-04 -0.17423354654093E+04  0.30382266872693E+03 -0.13717660207064E+04 -0.95690548844008E+03  0.77753155685360E+05 -0.27805810405762E+02  0.15159931292956E+06 -0.13775948464821E+04 -0.36475720465852E+04 -0.11459166128234E+05 -0.43523164066829E+03 -0.13853063333948E+04 -0.78644281339952E+04  0.00000000000000E+00  0.64892989833164E+05  0.00000000000000E+00  0.00000000000000E+00  0.00000000000000E+00  0.00000000000000E+00  0.00000000000000E+00  0.00000000000000E+00  0.00000000000000E+00  0.00000000000000E+00  0.00000000000000E+00  0.00000000000000E+00  0.00000000000000E+00  0.00000000000000E+00  0.00000000000000E+00  0.00000000000000E+00
  -0.51465668465646E+04 -0.20047321932155E+03  0.22337276406281E+02 -0.63185469504635E+02 -0.57641751723330E+02  0.15793493602114E+03  0.14072242879534E+03 -0.69766847449444E+05  0.24617559251178E+05  0.73534235321034E+03 -0.33668437790112E+03 -0.68204069497454E+03 -0.26938569842249E+02 -0.55231679678240E+01 -0.24895941235259E+04  0.28678049531891E+03 -0.22619122370316E+04 -0.11416570442220E+04 -0.12525459269010E+04  0.00000000000000E+00  0.00000000000000E+00  0.44829920870537E+01 -0.15247035430469E+02 -0.41322728994535E+01  0.00000000000000E+00  0.00000000000000E+00  0.00000000000000E+00  0.00000000000000E+00  0.00000000000000E+00  0.30796042765216E+05  0.00000000000000E+00  0.00000000000000E+00  0.00000000000000E+00  0.00000000000000E+00  0.00000000000000E+00  0.00000000000000E+00  0.00000000000000E+00  0.00000000000000E+00  0.00000000000000E+00  0.00000000000000E+00  0.00000000000000E+00  0.00000000000000E+00  0.00000000000000E+00
  -0.86445845218212E+06  0.21032788966154E+06 -0.32669237588295E+05 -0.66245379048678E+05  0.11843829994612E+05 -0.86776279558250E+04 -0.10009982525926E+05 -0.29321013563042E+06  0.66854549847993E+05  0.11020333372910E+05 -0.20197054298864E+04 -0.49694497347238E+04 -0.58726290678934E+03 -0.63449280669188E+00  0.20485589071512E+04 -0.17417765029985E+03  0.19510755013946E+04  0.92999550932471E+03  0.57917485293431E+06  0.00000000000000E+00  0.00000000000000E+00  0.59790699620219E+03 -0.56490828045116E+04  0.36955217298827E+05  0.00000000000000E+00  0.00000000000000E+00  0.00000000000000E+00  0.00000000000000E+00  0.00000000000000E+00  0.00000000000000E+00  0.58018789845494E+06  0.00000000000000E+00  0.00000000000000E+00  0.00000000000000E+00  0.00000000000000E+00  0.00000000000000E+00  0.00000000000000E+00  0.00000000000000E+00  0.00000000000000E+00  0.00000000000000E+00  0.00000000000000E+00  0.00000000000000E+00  0.00000000000000E+00
  -0.11208275815669E+07  0.26567559269573E+06 -0.42540581486280E+05 -0.34393169735773E+06  0.62776099581432E+05 -0.42435329828353E+05 -0.52165476885984E+05 -0.57695022563339E+06  0.12722309725225E+06  0.22921809058459E+05 -0.40243753068080E+04 -0.12516989660815E+02 -0.15872480850718E+01 -0.95702164428749E-03  0.43886011403443E+04 -0.51045953999273E+03  0.39421800754744E+04  0.21860317276931E+04  0.28463060750394E+07  0.37551219885591E+03  0.37388745111163E+07 -0.27022556854929E+05 -0.77938583750791E+05 -0.19307033264890E+06 -0.87766846941808E+04 -0.31286811251669E+05 -0.13688114068575E+06  0.00000000000000E+00  0.00000000000000E+00  0.00000000000000E+00  0.00000000000000E+00  0.92227007911455E+06  0.00000000000000E+00  0.00000000000000E+00  0.00000000000000E+00  0.00000000000000E+00  0.00000000000000E+00  0.00000000000000E+00  0.00000000000000E+00  0.00000000000000E+00  0.00000000000000E+00  0.00000000000000E+00  0.00000000000000E+00
  -0.20958026912218E+05  0.57662728024665E+04 -0.82361540212077E+03 -0.13652251466849E+04  0.32236941250939E+03  0.11798769780650E+02 -0.15748237253487E+03 -0.73778756944833E+05  0.22961250775469E+05  0.15016930294120E+04 -0.42338477781246E+03 -0.22498304528203E+04 -0.14221585371245E+03 -0.28087303220951E+01 -0.14842474747097E+04  0.15257069492868E+03 -0.11302371550891E+04 -0.57229587105703E+03  0.17487709226623E+05  0.00000000000000E+00  0.00000000000000E+00  0.00000000000000E+00  0.00000000000000E+00  0.00000000000000E+00  0.00000000000000E+00  0.00000000000000E+00  0.00000000000000E+00  0.00000000000000E+00  0.00000000000000E+00  0.00000000000000E+00  0.00000000000000E+00  0.00000000000000E+00  0.14382091365280E+05  0.00000000000000E+00  0.00000000000000E+00  0.00000000000000E+00  0.00000000000000E+00  0.00000000000000E+00  0.00000000000000E+00  0.00000000000000E+00  0.00000000000000E+00  0.00000000000000E+00  0.00000000000000E+00
  -0.47405550250226E+05  0.13208450365479E+05 -0.18701944035089E+04 -0.24900822676452E+04  0.56768546682716E+03 -0.12704783561710E+02 -0.27953857999668E+03 -0.16572895196421E+06  0.51640302289095E+05  0.33154101689941E+04 -0.95161565232608E+03 -0.70328947937697E+02 -0.18500331584267E+02 -0.95636158285896E-05 -0.29440317485824E+04  0.30179920482097E+03 -0.22471020346160E+04 -0.11394268961111E+04  0.32145488965743E+05 -0.71900768422499E+01 -0.36031556321572E+05 -0.10229477114614E+03 -0.26962858992708E+03 -0.86669033927635E+03 -0.32004603578001E+02 -0.10132516836289E+03 -0.59476818500750E+03  0.00000000000000E+00  0.00000000000000E+00  0.00000000000000E+00  0.00000000000000E+00  0.00000000000000E+00  0.00000000000000E+00  0.31532087483160E+05  0.00000000000000E+00  0.00000000000000E+00  0.00000000000000E+00  0.00000000000000E+00  0.00000000000000E+00  0.00000000000000E+00  0.00000000000000E+00  0.00000000000000E+00  0.00000000000000E+00
  -0.31894862086665E+04  0.42224668671821E+03 -0.10288652253985E+03 -0.70743896626151E+02  0.89811003615603E+01 -0.19075076950218E+02 -0.13289462303156E+02 -0.13972521742082E+04  0.18907308385437E+03  0.43587628880355E+02 -0.10917151985272E+02 -0.77206982325130E+02 -0.63002841792791E+01 -0.12486033742706E+00 -0.72554951261056E+03  0.79794898403727E+02 -0.53597802703892E+03 -0.29571534179085E+03  0.21597717729366E+03  0.00000000000000E+00  0.00000000000000E+00  0.00000000000000E+00  0.00000000000000E+00  0.00000000000000E+00  0.00000000000000E+00  0.00000000000000E+00  0.00000000000000E+00  0.00000000000000E+00  0.00000000000000E+00  0.00000000000000E+00  0.00000000000000E+00  0.00000000000000E+00  0.00000000000000E+00  0.00000000000000E+00  0.37958563196692E+04  0.00000000000000E+00  0.00000000000000E+00  0.00000000000000E+00  0.00000000000000E+00  0.00000000000000E+00  0.00000000000000E+00  0.00000000000000E+00  0.00000000000000E+00
  -0.20407444154634E+06  0.63853290908682E+05 -0.81383823098463E+04 -0.11776090416847E+05  0.29240865883987E+04  0.44534371553161E+03 -0.10063965277516E+04 -0.56787277903730E+04  0.59084200182317E+03  0.56020172804855E+03 -0.45812607967498E+02 -0.21475335501554E+00 -0.15355661058181E+00 -0.16167825640418E-13  0.21172940515701E+03 -0.56719017717420E+02  0.43807435036110E+02  0.74030615942411E+02  0.18859870114299E+06  0.00000000000000E+00  0.00000000000000E+00  0.20295162400810E+04  0.30344201893950E+04  0.16236140251821E+05  0.00000000000000E+00  0.00000000000000E+00  0.00000000000000E+00  0.00000000000000E+00  0.00000000000000E+00  0.00000000000000E+00  0.00000000000000E+00  0.00000000000000E+00  0.00000000000000E+00  0.00000000000000E+00  0.00000000000000E+00  0.10626297327350E+06  0.00000000000000E+00  0.00000000000000E+00  0.00000000000000E+00  0.00000000000000E+00  0.00000000000000E+00  0.00000000000000E+00  0.00000000000000E+00
  -0.23004999381444E+06  0.71470729497859E+05 -0.91561138561094E+04 -0.53097244639910E+05  0.12994859385483E+05  0.16631750120463E+04 -0.46930921908274E+04 -0.11168514754184E+05  0.11988254470949E+04  0.10639001034104E+04 -0.89904881840418E+02  0.15588574907869E-02  0.12130193327714E-02 -0.28893508352176E-12  0.38263809009071E+03 -0.10106121998829E+03  0.88618185941386E+02  0.13872300847715E+03  0.83073552048877E+06  0.21100217200727E+03  0.77789930438085E+06 -0.33126463108425E+04 -0.10840349386331E+05 -0.28864128682443E+05 -0.73214757307850E+03 -0.36931011376347E+04 -0.22447461848856E+05  0.00000000000000E+00  0.00000000000000E+00  0.00000000000000E+00  0.00000000000000E+00  0.00000000000000E+00  0.00000000000000E+00  0.00000000000000E+00  0.00000000000000E+00  0.00000000000000E+00  0.13897709600456E+06  0.00000000000000E+00  0.00000000000000E+00  0.00000000000000E+00  0.00000000000000E+00  0.00000000000000E+00  0.00000000000000E+00
