# fitpack15: fit parameters                                                                         
# CJ15 AV18 final data choices                                                                      
# Created on 01/15/2020 at 22:24:00                                                                 

 # QCD setup
  INS                           0
  NVL                          11
  IORD                          1
  Q02                   1.6899999999999999     
  IPARAMC                       7
  FLAVOR                4.0000000000000000     
  xmc                   1.3000000000000000     
  xmb                   4.5000000000000000     
  ncb                          12
  ihq                           1
  ias                           0

 # Theory corrections
  inuke                     10814
  itmc                          1
  iht                           1

 # fit parameters
 LAMBDA       0.22680        0.0000    
 a0uv          1.9481        0.0000    
 a1uv         0.56783       0.23639E-01
 a2uv          3.5568       0.11662E-01
 a3uv          0.0000        0.0000    
 a4uv          4.5876       0.63446    
 a5uv          0.0000        0.0000    
 a0dv          24.855        0.0000    
 a1dv          1.1557       0.33537E-01
 a2dv          6.6184       0.16041    
 a3dv         -3.5561       0.85698E-01
 a4dv          4.7872       0.13997    
 a5dv          0.0000        0.0000    
 a0ud         0.14200       0.49847E-02
 a1ud        -0.21083       0.38206E-02
 a2ud          8.4367       0.18875    
 a3ud          0.0000        0.0000    
 a4ud          15.873        1.3118    
 a5ud          0.0000        0.0000    
 a0du          35712.        0.0000    
 a1du          4.0752       0.83704E-01
 a2du          20.126       0.94536    
 a3du          17.000        0.0000    
 a4du          50.796        11.019    
 a0g           47.431        0.0000    
 a1g          0.60947       0.32528E-01
 a2g           6.7940       0.96940    
 a3g          -3.3800       0.14652    
 a4g           3.3848       0.37259    
 a5g           0.0000        0.0000    
 kappa        0.40000        0.0000    
 a6dv        -0.39384E-02   0.67661E-03
 a7dv          2.0000        0.0000    
 off1         -2.6234        1.7933    
 off2         0.61219E-01   0.33774E-02
 ht1          -3.5744       0.34752    
 ht2           2.0903       0.12531    
 ht3          -2.0480       0.35607E-01
 ht4           0.0000        0.0000    
 ht1n         -3.6343        1.0233    
 ht2n          1.9661       0.34231    
 ht3n         -2.1266       0.67588E-01
 ht4n          0.0000        0.0000    
 dummy44       0.0000        0.0000    
 dummy45       0.0000        0.0000    
 dummy46       0.0000        0.0000    
 dummy47       0.0000        0.0000    
 dummy48       0.0000        0.0000    
 dummy49       0.0000        0.0000    
 bcdmsh2      0.97000       0.48538E-02
 bcdmsd2      0.98982       0.58540E-02
 ccfr          1.0000        0.0000    
 nutev         1.0000        0.0000    
 zeus         0.97998        0.0000    
 h1            1.0162        0.0000    
 e605          1.0319        0.0000    
 NmcH2         1.0064       0.71352E-02
 ntv_nu        1.0000        0.0000    
 ntv_nubar     1.0000        0.0000    
 cdf_jet      0.98910        0.0000    
 d0_jet       0.83504        0.0000    
 slac_p        1.0020       0.50379E-02
 slac_d        1.0012       0.53158E-02
 e866pp       0.98139       0.20042E-01
 e866pd       0.97053       0.16437E-01
 d0_gamjet     1.0359       0.16487E-01
 h1b          0.97608        0.0000    
 jlab_p       0.99061       0.62860E-02
 jlab_d       0.97432       0.60238E-02
 blank         1.0000        0.0000    
 d0run2       0.94419       0.14229E-01
 cdfrun2      0.93093       0.17328E-01
 HERA_el       1.0000        0.0000    
 HERA_ps       1.0000        0.0000    
 CDF_Z        0.95974       0.66427E-02
 NmcRat        1.0000        0.0000    
 BNS_F2nd     0.98419       0.12189E-01
 HERMES_F2p   0.99589       0.56757E-02
 HERMES_F2d   0.97743       0.58488E-02
 END 0. 0.

 # Hessian matrix (Bevington alpha)
   0.52013855213379E+07 -0.13322616785146E+07  0.19462495793612E+06  0.50579024474931E+06 -0.12828702321536E+06 -0.29099277347211E+05  0.53388631840983E+05  0.99169413538040E+06 -0.18518477951434E+06 -0.50216117346544E+05  0.72921123022243E+04  0.15583753676555E+05  0.17495316367234E+04 -0.11106940507638E+03  0.98485025848912E+04 -0.21787445119270E+04  0.10542524056858E+05  0.75409712035349E+04 -0.77735705744051E+07 -0.11930235098100E+04  0.42007457700384E+07  0.34746166526093E+05  0.12226995124466E+06  0.22102196317961E+06  0.12057928522185E+05  0.46560562515983E+05  0.23892016986207E+06 -0.13235779705451E+06 -0.56148947108614E+05 -0.52947525275602E+04 -0.86915374693282E+06 -0.11269367627995E+07 -0.20965562633521E+05 -0.47625930995758E+05 -0.32119895231918E+04 -0.20502098714347E+06 -0.23110347669697E+06 -0.92479575780790E+04 -0.32637198529997E+04 -0.18085605426610E+05  0.17151428991481E+05 -0.74432359153439E+05 -0.58722930142437E+05
  -0.13322616785146E+07  0.41641202872903E+06 -0.50912905308387E+05 -0.13755892788587E+06  0.34605581041451E+05  0.10525916403135E+05 -0.11168700585639E+05 -0.12564217818434E+06  0.26546782593085E+05  0.73921116390142E+04 -0.87439155738264E+03 -0.12165851825687E+04 -0.14134199939318E+03  0.13296214943110E+02  0.62211002255059E+03 -0.50285193855861E+02  0.11976705463920E+03  0.66462846070003E+02  0.25981070074044E+07  0.50065030527978E+03 -0.12027424176148E+07 -0.69112961002332E+04 -0.27924629917174E+05 -0.56468098968012E+05 -0.27840338152950E+04 -0.11589269692488E+05 -0.65370430111599E+05  0.16800205057254E+05  0.82964258523427E+04 -0.19090671781104E+03  0.21057124644556E+06  0.26590554938710E+06  0.57410114755411E+04  0.13210116580540E+05  0.42318793691829E+03  0.63907734049514E+05  0.71505528272027E+05  0.24406680503470E+04  0.77260315051558E+03 -0.22095190360260E+04 -0.22587402165112E+04  0.86895859951413E+04  0.72993941492853E+04
   0.19462495793612E+06 -0.50912905308387E+05  0.73350993151237E+04  0.18716774847966E+05 -0.48601924178981E+04 -0.13368359661389E+04  0.19166221918378E+04  0.28018257806407E+05 -0.50864534683879E+04 -0.16615335077821E+04  0.20938233809741E+03  0.42181355673862E+03  0.53714284528574E+02 -0.42311769320203E+01 -0.27228461791659E+03 -0.81638578442569E+01 -0.12191487422338E+03 -0.25993266345749E+01 -0.29807813948506E+06 -0.47043198041487E+02  0.15879521043777E+06  0.12689766638681E+04  0.44720777398703E+04  0.82160112248678E+04  0.44415824889002E+03  0.17216758441470E+04  0.89659094484964E+04 -0.46683792948578E+04 -0.19815454603936E+04  0.17373573923419E+02 -0.31781914900264E+05 -0.41384887635435E+05 -0.79609888819259E+03 -0.18153302020403E+04 -0.10070708076396E+03 -0.78899692239829E+04 -0.88763747721196E+04 -0.34597690868087E+03 -0.12088785988908E+03 -0.66923050137907E+02  0.60972560752891E+03 -0.22182695840831E+04 -0.17909059796129E+04
   0.50579024474931E+06 -0.13755892788587E+06  0.18716774847966E+05  0.40125033546164E+06 -0.62425678343299E+05  0.74015812496152E+05  0.63888876445863E+05  0.36323663849663E+06 -0.27771104013646E+05 -0.18366024272271E+05  0.31771031079069E+04 -0.13988998099072E+04 -0.15153932532553E+03  0.58002789590186E+02  0.30984809789614E+05 -0.37642897122194E+04  0.25024214694462E+05  0.14043316199777E+05 -0.22643184048545E+07 -0.14281631870235E+03  0.11677039032864E+07  0.12672380760178E+05  0.37328297629398E+05  0.88605152504916E+05  0.40780758825883E+04  0.14786711930947E+05  0.66163474843746E+05 -0.12887132937153E+05 -0.21363442956132E+05 -0.72960973939247E+02 -0.66400203724037E+05 -0.34494544720643E+06 -0.13771397727858E+04 -0.25016197985332E+04 -0.71565615684903E+02 -0.11789725454375E+05 -0.53206602228181E+05 -0.24853315842523E+04 -0.96586378918281E+03 -0.98474145868451E+04 -0.15824643907693E+05 -0.72688554350173E+04 -0.21554756974917E+05
  -0.12828702321536E+06  0.34605581041451E+05 -0.48601924178981E+04 -0.62425678343299E+05  0.11466423590394E+05 -0.74243278818863E+04 -0.91048557692605E+04 -0.33369043815327E+05  0.48994143541791E+03  0.23642560048181E+04 -0.31677212666406E+03 -0.22703569597377E+02  0.49947971964197E+01 -0.51869570200561E+01 -0.26041879325506E+04  0.32110827276570E+03 -0.20492665442171E+04 -0.11652528770697E+04  0.48504701055005E+06  0.50974293652491E+02 -0.24040354514765E+06 -0.23554249685027E+04 -0.69569604166111E+04 -0.17025966535026E+05 -0.71562888578603E+03 -0.26491688098193E+04 -0.13007549015360E+05  0.20011718917804E+04  0.33662541361286E+04 -0.56642188778926E+02  0.11804863550196E+05  0.62635657479125E+05  0.32264816118168E+03  0.56613105588817E+03  0.90726089691269E+01  0.29055692932600E+04  0.12923099933826E+05  0.46718778718307E+03  0.17312597133762E+03  0.37152424390169E+03  0.25009940270107E+04  0.81610660655929E+03  0.25186487004987E+04
  -0.29099277347211E+05  0.10525916403135E+05 -0.13368359661389E+04  0.74015812496152E+05 -0.74243278818863E+04  0.24198964297033E+05  0.14456700637416E+05  0.11047844071454E+06 -0.10400749411640E+05 -0.45701448704977E+04  0.94734999681069E+03 -0.71606509495844E+03 -0.67531251834577E+02  0.19635717248904E+02  0.94572003875667E+04 -0.11798362114896E+04  0.77334412982698E+04  0.44039513314435E+04 -0.45098371551697E+05  0.61375828506137E+02  0.63721183968175E+05  0.14039707326548E+04  0.39732272539413E+04  0.79288220141358E+04  0.56388012343727E+03  0.18537097410657E+04  0.50411568761744E+04 -0.27290781493854E+04 -0.41912061992231E+04  0.14969707209925E+03 -0.84166241803674E+04 -0.41134258946296E+05  0.13440618317052E+02 -0.90714983991138E+01 -0.18812834209690E+02  0.46065519007078E+03  0.17315886283832E+04 -0.24551199906803E+03 -0.12653681619480E+03 -0.31565346956188E+04 -0.32383003639345E+04 -0.18550289882458E+04 -0.53324558949924E+04
   0.53388631840983E+05 -0.11168700585639E+05  0.19166221918378E+04  0.63888876445863E+05 -0.91048557692605E+04  0.14456700637416E+05  0.11256399407820E+05  0.60865725089215E+05 -0.34291763993027E+04 -0.32538862365902E+04  0.54955978358362E+03 -0.23190423001546E+03 -0.27104240178694E+02  0.10323795454732E+02  0.48605237719560E+04 -0.61478473013765E+03  0.38634655401175E+04  0.22280389254437E+04 -0.23856448150635E+06  0.10429127700719E+02  0.14672302609083E+06  0.18693308104933E+04  0.53628334557968E+04  0.12132307156906E+05  0.64072959463322E+03  0.22065517983163E+04  0.86595459001401E+04 -0.24562584593731E+04 -0.38517227878994E+04  0.13629052333621E+03 -0.98114192173059E+04 -0.51167699225880E+05 -0.15524664947967E+03 -0.27450765209822E+03 -0.13171422999640E+02 -0.98026512865886E+03 -0.45805593819270E+04 -0.35442841838010E+03 -0.14973648931301E+03 -0.13401561398459E+04 -0.30964251941213E+04 -0.11462271311806E+04 -0.34137493745011E+04
   0.99169413538040E+06 -0.12564217818434E+06  0.28018257806407E+05  0.36323663849663E+06 -0.33369043815327E+05  0.11047844071454E+06  0.60865725089215E+05  0.53992012860008E+07 -0.24125881966654E+07 -0.89708266799457E+05  0.25966114629959E+05  0.26961771639600E+05  0.18228173800513E+04  0.10774968121895E+03  0.89507215215645E+05 -0.11351884992642E+05  0.83461558218790E+05  0.45200865709455E+05 -0.58466554372916E+06  0.43465758341572E+03  0.48435215646592E+06  0.17711368435285E+05  0.58187476379685E+05  0.93280677580435E+05  0.62706197919013E+04  0.22971316319374E+05  0.68927211671949E+05 -0.63159549601107E+05 -0.50766744255689E+05 -0.70385462185190E+05 -0.29584235051524E+06 -0.58197825508624E+06 -0.73935536416733E+05 -0.16675649240037E+06 -0.14111932868569E+04 -0.56657841358038E+04 -0.11144997757112E+05  0.22553810545380E+03  0.24613734028521E+03 -0.27475303724499E+06 -0.87637276305320E+04 -0.14466972068563E+06 -0.17888319781190E+06
  -0.18518477951434E+06  0.26546782593085E+05 -0.50864534683879E+04 -0.27771104013646E+05  0.48994143541791E+03 -0.10400749411640E+05 -0.34291763993027E+04 -0.24125881966654E+07  0.19302764300011E+07  0.19542015255857E+05 -0.64080011987886E+04 -0.56644818769716E+04 -0.31306810724109E+03 -0.15429518841859E+02  0.48052976226395E+05 -0.22160705162743E+04  0.14697996110692E+05  0.70212332759542E+04 -0.26296923846579E+05 -0.97004566581348E+02 -0.59855762459905E+04 -0.34025033968898E+04 -0.11799664924069E+05 -0.17396329233106E+05 -0.12569300606421E+04 -0.47903180400306E+04 -0.12593120811881E+05  0.11579891997760E+05  0.10975193279377E+05  0.24736258769908E+05  0.67181561803639E+05  0.12784673259919E+06  0.22896859154999E+05  0.51730763154735E+05  0.19091323053573E+03  0.59638320260742E+03  0.12073035348849E+04 -0.12448361541686E+04 -0.69157901063019E+03  0.11320609313162E+06  0.15659289495042E+04  0.45290927652771E+05  0.55474156979473E+05
  -0.50216117346544E+05  0.73921116390142E+04 -0.16615335077821E+04 -0.18366024272271E+05  0.23642560048181E+04 -0.45701448704977E+04 -0.32538862365902E+04 -0.89708266799457E+05  0.19542015255857E+05  0.26684779291024E+04 -0.61339042987066E+03 -0.67087783683431E+03 -0.59553451176036E+02 -0.19311073705963E+01 -0.40369547357990E+04  0.49285608982864E+03 -0.32874107491167E+04 -0.18619522929005E+04  0.56240684219329E+05 -0.12208693504057E+02 -0.43427415751447E+05 -0.79935355774025E+03 -0.24648501247638E+04 -0.43664112290639E+04 -0.26923415189505E+03 -0.94576465253506E+03 -0.33546948388300E+04  0.27574435739620E+04  0.19064073727934E+04  0.73801410264112E+03  0.11039577728429E+05  0.22951862271226E+05  0.14961148454516E+04  0.33129657776102E+04  0.43771028213457E+02  0.55301306281282E+03  0.10509460118835E+04  0.13024069133879E+03  0.58048357004324E+02  0.31460709270158E+04  0.43502107785603E+03  0.28411177626111E+04  0.35982976219812E+04
   0.72921123022243E+04 -0.87439155738264E+03  0.20938233809741E+03  0.31771031079069E+04 -0.31677212666406E+03  0.94734999681069E+03  0.54955978358362E+03  0.25966114629959E+05 -0.64080011987886E+04 -0.61339042987066E+03  0.16540891629282E+03  0.18782841126227E+03  0.13710393522067E+02  0.71674523317153E+00  0.12209041828279E+04 -0.13516467752064E+03  0.96117551645462E+03  0.52298429997836E+03 -0.59685735094929E+04  0.29928257878116E+01  0.45055324523902E+04  0.12638726292347E+03  0.40798449915538E+03  0.67145101177156E+03  0.44131068980772E+02  0.15940072970541E+03  0.49849510699292E+03 -0.45978849407334E+03 -0.34773068188947E+03 -0.33339750335752E+03 -0.19858263272089E+04 -0.39545252333913E+04 -0.41497813878074E+03 -0.93614711631872E+03 -0.10758780557084E+02 -0.44300228955791E+02 -0.86983390285188E+02 -0.13175647681002E+02 -0.61985631280763E+01 -0.11284287281162E+04 -0.63685724470512E+02 -0.81009043311700E+03 -0.10087885054418E+04
   0.15583753676555E+05 -0.12165851825687E+04  0.42181355673862E+03 -0.13988998099072E+04 -0.22703569597377E+02 -0.71606509495844E+03 -0.23190423001546E+03  0.26961771639600E+05 -0.56644818769716E+04 -0.67087783683431E+03  0.18782841126227E+03  0.16151291802282E+04  0.10739236809301E+03 -0.10430890327613E+01  0.13938297883694E+04 -0.19534106915937E+03  0.13814423120186E+04  0.80060290063448E+03 -0.61315623136181E+04 -0.48655887415322E+01  0.21776461681387E+04  0.12655186795757E+02  0.19082654751460E+03 -0.36769200662020E+03 -0.21481634496511E+02 -0.89371363014953E+02 -0.20652916923258E+03 -0.11284321287848E+04 -0.90867537203802E-01 -0.69858194671215E+03 -0.50392264841063E+04 -0.19980905702969E+02 -0.22823176153423E+04 -0.69966781350217E+02 -0.78576174863511E+02 -0.20693950402739E+00  0.29257797528328E-02 -0.17259397933678E+01 -0.73850277354042E+00  0.30136507334667E+03  0.30708275006159E+03 -0.27097633280502E+04 -0.55326447321558E+01
   0.17495316367234E+04 -0.14134199939318E+03  0.53714284528574E+02 -0.15153932532553E+03  0.49947971964197E+01 -0.67531251834577E+02 -0.27104240178694E+02  0.18228173800513E+04 -0.31306810724109E+03 -0.59553451176036E+02  0.13710393522067E+02  0.10739236809301E+03  0.97162949350893E+01 -0.17515188863180E+00  0.77892492524096E+02 -0.13098491951720E+02  0.81590311073327E+02  0.51567598005185E+02 -0.29365770241611E+03 -0.42758161012050E+00 -0.85881985860838E+02  0.30497344781452E+01  0.23957393239732E+02 -0.43024445607898E+02 -0.24459129889879E+01 -0.93037412203438E+01 -0.18445162471391E+02 -0.16621173973451E+03 -0.11846744137660E-01 -0.27478806816381E+02 -0.59299966131237E+03 -0.22858027713584E+01 -0.14371154274369E+03 -0.18358844144552E+02 -0.63824849846127E+01 -0.14788481713200E+00  0.20119644912512E-02 -0.18258089622000E+00 -0.70812724382041E-01  0.29610245559939E+02  0.68650102100036E+02 -0.19626090964939E+03 -0.42938882926319E+00
  -0.11106940507638E+03  0.13296214943110E+02 -0.42311769320203E+01  0.58002789590186E+02 -0.51869570200561E+01  0.19635717248904E+02  0.10323795454732E+02  0.10774968121895E+03 -0.15429518841859E+02 -0.19311073705963E+01  0.71674523317153E+00 -0.10430890327613E+01 -0.17515188863180E+00  0.55723123989155E-01  0.15276586140468E+02 -0.11925416349776E+01  0.93686839105265E+01  0.44264628497375E+01 -0.84623384440376E+02  0.31038733582088E-01  0.80081158798463E+02  0.36674574777103E+00  0.95201712952875E+00  0.33405530453605E+01  0.14029839053209E+00  0.46040218007193E+00  0.22191766231313E+01  0.72364845302616E-01 -0.36781398697561E-04 -0.65591967026254E+01 -0.94546005391382E+00 -0.28971746539256E-02 -0.36505889502809E+01 -0.25166252143202E-04 -0.15324564752461E+00  0.47225667677009E-13 -0.19883424785717E-11 -0.18502444792006E-02 -0.10135811797947E-02 -0.15935695285635E+01  0.78884302816688E-04 -0.35859620523630E+01 -0.49986515306698E-02
   0.98485025848912E+04  0.62211002255059E+03 -0.27228461791659E+03  0.30984809789614E+05 -0.26041879325506E+04  0.94572003875667E+04  0.48605237719560E+04  0.89507215215645E+05  0.48052976226395E+05 -0.40369547357990E+04  0.12209041828279E+04  0.13938297883694E+04  0.77892492524096E+02  0.15276586140468E+02  0.49672092646301E+05 -0.46201037431385E+04  0.33520512686714E+05  0.17468309440348E+05 -0.55088132480735E+05  0.14641200701745E+01 -0.14227494232043E+05 -0.13700843783047E+03 -0.42477905086190E+03 -0.43212192351838E+03 -0.44544238666514E+02 -0.15476512359488E+03 -0.43093245256496E+03 -0.26953765682140E+04 -0.17708291582533E+04 -0.24864100348537E+04  0.20184509411887E+04  0.43504466135329E+04 -0.14801362511360E+04 -0.29349954877847E+04 -0.72740775578218E+03  0.23270781109971E+03  0.41838854876038E+03 -0.28632894235247E+04 -0.15216353964549E+04 -0.24148218615037E+04  0.19254326463375E+03 -0.89086427196442E+03 -0.10055191277301E+04
  -0.21787445119270E+04 -0.50285193855861E+02 -0.81638578442569E+01 -0.37642897122194E+04  0.32110827276570E+03 -0.11798362114896E+04 -0.61478473013765E+03 -0.11351884992642E+05 -0.22160705162743E+04  0.49285608982864E+03 -0.13516467752064E+03 -0.19534106915937E+03 -0.13098491951720E+02 -0.11925416349776E+01 -0.46201037431385E+04  0.49978534749988E+03 -0.35301017601997E+04 -0.19163055331649E+04  0.64514809432524E+04 -0.76699763312467E+00  0.21878710228259E+04  0.14634859437247E+02  0.40705530069073E+02  0.27092884312636E+02  0.44874053921424E+01  0.14978624072770E+02  0.48110960758336E+02  0.49664790716780E+03  0.31156840723421E+03  0.28736121220262E+03 -0.16690533655368E+03 -0.50150102039224E+03  0.15341799261767E+03  0.30320030614243E+03  0.80485176878246E+02 -0.62457579055372E+02 -0.11078916620425E+03  0.43501745506573E+03  0.21540238945524E+03 -0.30093126001290E+03 -0.34729360634720E+02  0.24927133457081E+03  0.27967392295053E+03
   0.10542524056858E+05  0.11976705463920E+03 -0.12191487422338E+03  0.25024214694462E+05 -0.20492665442171E+04  0.77334412982698E+04  0.38634655401175E+04  0.83461558218790E+05  0.14697996110692E+05 -0.32874107491167E+04  0.96117551645462E+03  0.13814423120186E+04  0.81590311073327E+02  0.93686839105265E+01  0.33520512686714E+05 -0.35301017601997E+04  0.25490624626114E+05  0.13651853362273E+05 -0.44815972255882E+05 -0.32824046288524E+00 -0.13189376523801E+05 -0.15071095449756E+03 -0.45225615083681E+03 -0.51027073130225E+03 -0.50362032246393E+02 -0.16536232485907E+03 -0.42846015408016E+03 -0.23208888783503E+04 -0.15134146324660E+04 -0.23678323287795E+04  0.20365892800208E+04  0.41962312732176E+04 -0.11781896511845E+04 -0.23428970303098E+04 -0.56932505471725E+03  0.56025582688454E+02  0.11169445423384E+03 -0.23580923998727E+04 -0.12783233761442E+04  0.96799463508707E+03  0.19410568678637E+03 -0.14477400376647E+04 -0.16128524555254E+04
   0.75409712035349E+04  0.66462846070003E+02 -0.25993266345749E+01  0.14043316199777E+05 -0.11652528770697E+04  0.44039513314435E+04  0.22280389254437E+04  0.45200865709455E+05  0.70212332759542E+04 -0.18619522929005E+04  0.52298429997836E+03  0.80060290063448E+03  0.51567598005185E+02  0.44264628497375E+01  0.17468309440348E+05 -0.19163055331649E+04  0.13651853362273E+05  0.74178245080060E+04 -0.24960278208319E+05  0.10521976853409E+01 -0.82545076766149E+04 -0.81489127335368E+02 -0.23145775332291E+03 -0.23366892752820E+03 -0.26716038427418E+02 -0.85130022266902E+02 -0.22927041578313E+03 -0.16580061120702E+04 -0.10471435826249E+04 -0.11932305530529E+04  0.96022547510931E+03  0.23123628837047E+04 -0.59732840684513E+03 -0.11890753269457E+04 -0.31406346317874E+03  0.88221194050130E+02  0.16437228530648E+03 -0.15291935119274E+04 -0.79477062990819E+03  0.12260499618504E+04  0.13997414368328E+03 -0.10306717720952E+04 -0.11480427888454E+04
  -0.77735705744051E+07  0.25981070074044E+07 -0.29807813948506E+06 -0.22643184048545E+07  0.48504701055005E+06 -0.45098371551697E+05 -0.23856448150635E+06 -0.58466554372916E+06 -0.26296923846579E+05  0.56240684219329E+05 -0.59685735094929E+04 -0.61315623136181E+04 -0.29365770241611E+03 -0.84623384440376E+02 -0.55088132480735E+05  0.64514809432524E+04 -0.44815972255882E+05 -0.24960278208319E+05  0.33446355153236E+08  0.58285889097487E+04 -0.13536659061227E+08 -0.10295164986612E+06 -0.33375683573943E+06 -0.87786387461995E+06 -0.29372659008747E+05 -0.12410710570340E+06 -0.71065756154261E+06  0.34180468768933E+05  0.75974481213499E+05 -0.11952764701507E+04  0.56609050636411E+06  0.27818188621863E+07  0.17155202491321E+05  0.31433764028819E+05  0.21453640112543E+03  0.18435532391492E+06  0.81201956415472E+06  0.24369455285181E+05  0.76675122781536E+04 -0.18360232644101E+05  0.44471067820278E+05  0.20599816708648E+05  0.64008776002226E+05
  -0.11930235098100E+04  0.50065030527978E+03 -0.47043198041487E+02 -0.14281631870235E+03  0.50974293652491E+02  0.61375828506137E+02  0.10429127700719E+02  0.43465758341572E+03 -0.97004566581348E+02 -0.12208693504057E+02  0.29928257878116E+01 -0.48655887415322E+01 -0.42758161012050E+00  0.31038733582088E-01  0.14641200701745E+01 -0.76699763312467E+00 -0.32824046288524E+00  0.10521976853409E+01  0.58285889097487E+04  0.21109350197956E+01 -0.24314111482078E+04 -0.12594349646789E+02 -0.43577345144173E+02 -0.13890280925731E+03 -0.16968066511136E+01 -0.12509443771558E+02 -0.10928872876905E+03  0.00000000000000E+00 -0.32010465301450E+02  0.00000000000000E+00  0.00000000000000E+00  0.28265594746764E+03  0.00000000000000E+00 -0.63695292077266E+01  0.00000000000000E+00  0.00000000000000E+00  0.19266179114495E+03  0.00000000000000E+00  0.00000000000000E+00  0.00000000000000E+00  0.16501537169751E+02  0.00000000000000E+00 -0.32643157760965E+02
   0.42007457700384E+07 -0.12027424176148E+07  0.15879521043777E+06  0.11677039032864E+07 -0.24040354514765E+06  0.63721183968175E+05  0.14672302609083E+06  0.48435215646592E+06 -0.59855762459905E+04 -0.43427415751447E+05  0.45055324523902E+04  0.21776461681387E+04 -0.85881985860838E+02  0.80081158798463E+02 -0.14227494232043E+05  0.21878710228259E+04 -0.13189376523801E+05 -0.82545076766149E+04 -0.13536659061227E+08 -0.24314111482078E+04  0.95633616895980E+07  0.91751541577861E+05  0.26889550212504E+06  0.71287986855347E+06  0.25869870920344E+05  0.98537517282813E+05  0.52371108759679E+06  0.00000000000000E+00 -0.87686264179984E+05  0.00000000000000E+00  0.00000000000000E+00 -0.21719304580190E+07  0.00000000000000E+00  0.20810516597144E+05  0.00000000000000E+00  0.00000000000000E+00 -0.45256528135124E+06  0.00000000000000E+00  0.00000000000000E+00  0.00000000000000E+00  0.64589727783266E+05  0.00000000000000E+00 -0.73019675276567E+05
   0.34746166526093E+05 -0.69112961002332E+04  0.12689766638681E+04  0.12672380760178E+05 -0.23554249685027E+04  0.14039707326548E+04  0.18693308104933E+04  0.17711368435285E+05 -0.34025033968898E+04 -0.79935355774025E+03  0.12638726292347E+03  0.12655186795757E+02  0.30497344781452E+01  0.36674574777103E+00 -0.13700843783047E+03  0.14634859437247E+02 -0.15071095449756E+03 -0.81489127335368E+02 -0.10295164986612E+06 -0.12594349646789E+02  0.91751541577861E+05  0.11830681425942E+04  0.32516796318650E+04  0.82473713573286E+04  0.31398515759425E+03  0.11283825717519E+04  0.55299147025797E+04 -0.46144649272010E+02 -0.13223631890797E+04  0.43742347825929E+01  0.59281651923628E+03 -0.26070362640620E+05  0.00000000000000E+00 -0.86240074399268E+02  0.00000000000000E+00  0.20516361422272E+04 -0.31385183684148E+04  0.00000000000000E+00  0.00000000000000E+00  0.00000000000000E+00  0.12348247512837E+04 -0.30447018411280E+03 -0.16693928880922E+04
   0.12226995124466E+06 -0.27924629917174E+05  0.44720777398703E+04  0.37328297629398E+05 -0.69569604166111E+04  0.39732272539413E+04  0.53628334557968E+04  0.58187476379685E+05 -0.11799664924069E+05 -0.24648501247638E+04  0.40798449915538E+03  0.19082654751460E+03  0.23957393239732E+02  0.95201712952875E+00 -0.42477905086190E+03  0.40705530069073E+02 -0.45225615083681E+03 -0.23145775332291E+03 -0.33375683573943E+06 -0.43577345144173E+02  0.26889550212504E+06  0.32516796318650E+04  0.93772231576585E+04  0.22749380589048E+05  0.89328435089389E+03  0.32729608575863E+04  0.16108724531216E+05 -0.15177983502006E+03 -0.35023229629327E+04 -0.17518149218276E+02 -0.57591053508488E+04 -0.75504653937975E+05  0.00000000000000E+00 -0.22731161519744E+03  0.00000000000000E+00  0.30614677113964E+04 -0.10403951622960E+05  0.00000000000000E+00  0.00000000000000E+00  0.00000000000000E+00  0.35901339008790E+04 -0.17621032486012E+04 -0.49602249428285E+04
   0.22102196317961E+06 -0.56468098968012E+05  0.82160112248678E+04  0.88605152504916E+05 -0.17025966535026E+05  0.79288220141358E+04  0.12132307156906E+05  0.93280677580435E+05 -0.17396329233106E+05 -0.43664112290639E+04  0.67145101177156E+03 -0.36769200662020E+03 -0.43024445607898E+02  0.33405530453605E+01 -0.43212192351838E+03  0.27092884312636E+02 -0.51027073130225E+03 -0.23366892752820E+03 -0.87786387461995E+06 -0.13890280925731E+03  0.71287986855347E+06  0.82473713573286E+04  0.22749380589048E+05  0.64771242073506E+05  0.22527766230717E+04  0.83147710077886E+04  0.42120252291771E+05  0.23616715505324E+03 -0.10988566673370E+05 -0.43635506826501E+01  0.37219718017827E+05 -0.18470798582135E+06  0.00000000000000E+00 -0.73066725212710E+03  0.00000000000000E+00  0.16295661300509E+05 -0.27494174485703E+05  0.00000000000000E+00  0.00000000000000E+00  0.00000000000000E+00  0.60141634834899E+04  0.14720598492587E+04 -0.11674719666422E+05
   0.12057928522185E+05 -0.27840338152950E+04  0.44415824889002E+03  0.40780758825883E+04 -0.71562888578603E+03  0.56388012343727E+03  0.64072959463322E+03  0.62706197919013E+04 -0.12569300606421E+04 -0.26923415189505E+03  0.44131068980772E+02 -0.21481634496511E+02 -0.24459129889879E+01  0.14029839053209E+00 -0.44544238666514E+02  0.44874053921424E+01 -0.50362032246393E+02 -0.26716038427418E+02 -0.29372659008747E+05 -0.16968066511136E+01  0.25869870920344E+05  0.31398515759425E+03  0.89328435089389E+03  0.22527766230717E+04  0.10575053831398E+03  0.37096657036562E+03  0.15965241740212E+04  0.00000000000000E+00 -0.41874043699365E+03  0.00000000000000E+00  0.00000000000000E+00 -0.84345990050089E+04  0.00000000000000E+00 -0.26981627337950E+02  0.00000000000000E+00  0.00000000000000E+00 -0.58548777077549E+03  0.00000000000000E+00  0.00000000000000E+00  0.00000000000000E+00  0.19963050371341E+02  0.00000000000000E+00 -0.62947078987479E+03
   0.46560562515983E+05 -0.11589269692488E+05  0.17216758441470E+04  0.14786711930947E+05 -0.26491688098193E+04  0.18537097410657E+04  0.22065517983163E+04  0.22971316319374E+05 -0.47903180400306E+04 -0.94576465253506E+03  0.15940072970541E+03 -0.89371363014953E+02 -0.93037412203438E+01  0.46040218007193E+00 -0.15476512359488E+03  0.14978624072770E+02 -0.16536232485907E+03 -0.85130022266902E+02 -0.12410710570340E+06 -0.12509443771558E+02  0.98537517282813E+05  0.11283825717519E+04  0.32729608575863E+04  0.83147710077886E+04  0.37096657036562E+03  0.13541922370465E+04  0.59510260255674E+04  0.00000000000000E+00 -0.13318571767652E+04  0.00000000000000E+00  0.00000000000000E+00 -0.30356630072058E+05  0.00000000000000E+00 -0.85422646340842E+02  0.00000000000000E+00  0.00000000000000E+00 -0.34789511814992E+04  0.00000000000000E+00  0.00000000000000E+00  0.00000000000000E+00 -0.32806562248368E+02  0.00000000000000E+00 -0.23115421053223E+04
   0.23892016986207E+06 -0.65370430111599E+05  0.89659094484964E+04  0.66163474843746E+05 -0.13007549015360E+05  0.50411568761744E+04  0.86595459001401E+04  0.68927211671949E+05 -0.12593120811881E+05 -0.33546948388300E+04  0.49849510699292E+03 -0.20652916923258E+03 -0.18445162471391E+02  0.22191766231313E+01 -0.43093245256496E+03  0.48110960758336E+02 -0.42846015408016E+03 -0.22927041578313E+03 -0.71065756154261E+06 -0.10928872876905E+03  0.52371108759679E+06  0.55299147025797E+04  0.16108724531216E+05  0.42120252291771E+05  0.15965241740212E+04  0.59510260255674E+04  0.31169680157523E+05  0.00000000000000E+00 -0.75405518827943E+04  0.00000000000000E+00  0.00000000000000E+00 -0.13132445188624E+06  0.00000000000000E+00 -0.50142203702756E+03  0.00000000000000E+00  0.00000000000000E+00 -0.21717040628874E+05  0.00000000000000E+00  0.00000000000000E+00  0.00000000000000E+00  0.80106832090895E+04  0.00000000000000E+00 -0.80352703944551E+04
  -0.13235779705451E+06  0.16800205057254E+05 -0.46683792948578E+04 -0.12887132937153E+05  0.20011718917804E+04 -0.27290781493854E+04 -0.24562584593731E+04 -0.63159549601107E+05  0.11579891997760E+05  0.27574435739620E+04 -0.45978849407334E+03 -0.11284321287848E+04 -0.16621173973451E+03  0.72364845302616E-01 -0.26953765682140E+04  0.49664790716780E+03 -0.23208888783503E+04 -0.16580061120702E+04  0.34180468768933E+05  0.00000000000000E+00  0.00000000000000E+00 -0.46144649272010E+02 -0.15177983502006E+03  0.23616715505324E+03  0.00000000000000E+00  0.00000000000000E+00  0.00000000000000E+00  0.11696932257804E+06  0.00000000000000E+00  0.00000000000000E+00  0.00000000000000E+00  0.00000000000000E+00  0.00000000000000E+00  0.00000000000000E+00  0.00000000000000E+00  0.00000000000000E+00  0.00000000000000E+00  0.00000000000000E+00  0.00000000000000E+00  0.00000000000000E+00  0.00000000000000E+00  0.00000000000000E+00  0.00000000000000E+00
  -0.56148947108614E+05  0.82964258523427E+04 -0.19815454603936E+04 -0.21363442956132E+05  0.33662541361286E+04 -0.41912061992231E+04 -0.38517227878994E+04 -0.50766744255689E+05  0.10975193279377E+05  0.19064073727934E+04 -0.34773068188947E+03 -0.90867537203802E-01 -0.11846744137660E-01 -0.36781398697561E-04 -0.17708291582533E+04  0.31156840723421E+03 -0.15134146324660E+04 -0.10471435826249E+04  0.75974481213499E+05 -0.32010465301450E+02 -0.87686264179984E+05 -0.13223631890797E+04 -0.35023229629327E+04 -0.10988566673370E+05 -0.41874043699365E+03 -0.13318571767652E+04 -0.75405518827943E+04  0.00000000000000E+00  0.65028562375066E+05  0.00000000000000E+00  0.00000000000000E+00  0.00000000000000E+00  0.00000000000000E+00  0.00000000000000E+00  0.00000000000000E+00  0.00000000000000E+00  0.00000000000000E+00  0.00000000000000E+00  0.00000000000000E+00  0.00000000000000E+00  0.00000000000000E+00  0.00000000000000E+00  0.00000000000000E+00
  -0.52947525275602E+04 -0.19090671781104E+03  0.17373573923419E+02 -0.72960973939247E+02 -0.56642188778926E+02  0.14969707209925E+03  0.13629052333621E+03 -0.70385462185190E+05  0.24736258769908E+05  0.73801410264112E+03 -0.33339750335752E+03 -0.69858194671215E+03 -0.27478806816381E+02 -0.65591967026254E+01 -0.24864100348537E+04  0.28736121220262E+03 -0.23678323287795E+04 -0.11932305530529E+04 -0.11952764701507E+04  0.00000000000000E+00  0.00000000000000E+00  0.43742347825929E+01 -0.17518149218276E+02 -0.43635506826501E+01  0.00000000000000E+00  0.00000000000000E+00  0.00000000000000E+00  0.00000000000000E+00  0.00000000000000E+00  0.30787816697865E+05  0.00000000000000E+00  0.00000000000000E+00  0.00000000000000E+00  0.00000000000000E+00  0.00000000000000E+00  0.00000000000000E+00  0.00000000000000E+00  0.00000000000000E+00  0.00000000000000E+00  0.00000000000000E+00  0.00000000000000E+00  0.00000000000000E+00  0.00000000000000E+00
  -0.86915374693282E+06  0.21057124644556E+06 -0.31781914900264E+05 -0.66400203724037E+05  0.11804863550196E+05 -0.84166241803674E+04 -0.98114192173059E+04 -0.29584235051524E+06  0.67181561803639E+05  0.11039577728429E+05 -0.19858263272089E+04 -0.50392264841063E+04 -0.59299966131237E+03 -0.94546005391382E+00  0.20184509411887E+04 -0.16690533655368E+03  0.20365892800208E+04  0.96022547510931E+03  0.56609050636411E+06  0.00000000000000E+00  0.00000000000000E+00  0.59281651923628E+03 -0.57591053508488E+04  0.37219718017827E+05  0.00000000000000E+00  0.00000000000000E+00  0.00000000000000E+00  0.00000000000000E+00  0.00000000000000E+00  0.00000000000000E+00  0.58079079032591E+06  0.00000000000000E+00  0.00000000000000E+00  0.00000000000000E+00  0.00000000000000E+00  0.00000000000000E+00  0.00000000000000E+00  0.00000000000000E+00  0.00000000000000E+00  0.00000000000000E+00  0.00000000000000E+00  0.00000000000000E+00  0.00000000000000E+00
  -0.11269367627995E+07  0.26590554938710E+06 -0.41384887635435E+05 -0.34494544720643E+06  0.62635657479125E+05 -0.41134258946296E+05 -0.51167699225880E+05 -0.58197825508624E+06  0.12784673259919E+06  0.22951862271226E+05 -0.39545252333913E+04 -0.19980905702969E+02 -0.22858027713584E+01 -0.28971746539256E-02  0.43504466135329E+04 -0.50150102039224E+03  0.41962312732176E+04  0.23123628837047E+04  0.27818188621863E+07  0.28265594746764E+03 -0.21719304580190E+07 -0.26070362640620E+05 -0.75504653937975E+05 -0.18470798582135E+06 -0.84345990050089E+04 -0.30356630072058E+05 -0.13132445188624E+06  0.00000000000000E+00  0.00000000000000E+00  0.00000000000000E+00  0.00000000000000E+00  0.92270437911766E+06  0.00000000000000E+00  0.00000000000000E+00  0.00000000000000E+00  0.00000000000000E+00  0.00000000000000E+00  0.00000000000000E+00  0.00000000000000E+00  0.00000000000000E+00  0.00000000000000E+00  0.00000000000000E+00  0.00000000000000E+00
  -0.20965562633521E+05  0.57410114755411E+04 -0.79609888819259E+03 -0.13771397727858E+04  0.32264816118168E+03  0.13440618317052E+02 -0.15524664947967E+03 -0.73935536416733E+05  0.22896859154999E+05  0.14961148454516E+04 -0.41497813878074E+03 -0.22823176153423E+04 -0.14371154274369E+03 -0.36505889502809E+01 -0.14801362511360E+04  0.15341799261767E+03 -0.11781896511845E+04 -0.59732840684513E+03  0.17155202491321E+05  0.00000000000000E+00  0.00000000000000E+00  0.00000000000000E+00  0.00000000000000E+00  0.00000000000000E+00  0.00000000000000E+00  0.00000000000000E+00  0.00000000000000E+00  0.00000000000000E+00  0.00000000000000E+00  0.00000000000000E+00  0.00000000000000E+00  0.00000000000000E+00  0.14298369115300E+05  0.00000000000000E+00  0.00000000000000E+00  0.00000000000000E+00  0.00000000000000E+00  0.00000000000000E+00  0.00000000000000E+00  0.00000000000000E+00  0.00000000000000E+00  0.00000000000000E+00  0.00000000000000E+00
  -0.47625930995758E+05  0.13210116580540E+05 -0.18153302020403E+04 -0.25016197985332E+04  0.56613105588817E+03 -0.90714983991138E+01 -0.27450765209822E+03 -0.16675649240037E+06  0.51730763154735E+05  0.33129657776102E+04 -0.93614711631872E+03 -0.69966781350217E+02 -0.18358844144552E+02 -0.25166252143202E-04 -0.29349954877847E+04  0.30320030614243E+03 -0.23428970303098E+04 -0.11890753269457E+04  0.31433764028819E+05 -0.63695292077266E+01  0.20810516597144E+05 -0.86240074399268E+02 -0.22731161519744E+03 -0.73066725212710E+03 -0.26981627337950E+02 -0.85422646340842E+02 -0.50142203702756E+03  0.00000000000000E+00  0.00000000000000E+00  0.00000000000000E+00  0.00000000000000E+00  0.00000000000000E+00  0.00000000000000E+00  0.31415823981010E+05  0.00000000000000E+00  0.00000000000000E+00  0.00000000000000E+00  0.00000000000000E+00  0.00000000000000E+00  0.00000000000000E+00  0.00000000000000E+00  0.00000000000000E+00  0.00000000000000E+00
  -0.32119895231918E+04  0.42318793691829E+03 -0.10070708076396E+03 -0.71565615684903E+02  0.90726089691269E+01 -0.18812834209690E+02 -0.13171422999640E+02 -0.14111932868569E+04  0.19091323053573E+03  0.43771028213457E+02 -0.10758780557084E+02 -0.78576174863511E+02 -0.63824849846127E+01 -0.15324564752461E+00 -0.72740775578218E+03  0.80485176878246E+02 -0.56932505471725E+03 -0.31406346317874E+03  0.21453640112543E+03  0.00000000000000E+00  0.00000000000000E+00  0.00000000000000E+00  0.00000000000000E+00  0.00000000000000E+00  0.00000000000000E+00  0.00000000000000E+00  0.00000000000000E+00  0.00000000000000E+00  0.00000000000000E+00  0.00000000000000E+00  0.00000000000000E+00  0.00000000000000E+00  0.00000000000000E+00  0.00000000000000E+00  0.37980021644087E+04  0.00000000000000E+00  0.00000000000000E+00  0.00000000000000E+00  0.00000000000000E+00  0.00000000000000E+00  0.00000000000000E+00  0.00000000000000E+00  0.00000000000000E+00
  -0.20502098714347E+06  0.63907734049514E+05 -0.78899692239829E+04 -0.11789725454375E+05  0.29055692932600E+04  0.46065519007078E+03 -0.98026512865886E+03 -0.56657841358038E+04  0.59638320260742E+03  0.55301306281282E+03 -0.44300228955791E+02 -0.20693950402739E+00 -0.14788481713200E+00  0.47225667677009E-13  0.23270781109971E+03 -0.62457579055372E+02  0.56025582688454E+02  0.88221194050130E+02  0.18435532391492E+06  0.00000000000000E+00  0.00000000000000E+00  0.20516361422272E+04  0.30614677113964E+04  0.16295661300509E+05  0.00000000000000E+00  0.00000000000000E+00  0.00000000000000E+00  0.00000000000000E+00  0.00000000000000E+00  0.00000000000000E+00  0.00000000000000E+00  0.00000000000000E+00  0.00000000000000E+00  0.00000000000000E+00  0.00000000000000E+00  0.10628388299316E+06  0.00000000000000E+00  0.00000000000000E+00  0.00000000000000E+00  0.00000000000000E+00  0.00000000000000E+00  0.00000000000000E+00  0.00000000000000E+00
  -0.23110347669697E+06  0.71505528272027E+05 -0.88763747721196E+04 -0.53206602228181E+05  0.12923099933826E+05  0.17315886283832E+04 -0.45805593819270E+04 -0.11144997757112E+05  0.12073035348849E+04  0.10509460118835E+04 -0.86983390285188E+02  0.29257797528328E-02  0.20119644912512E-02 -0.19883424785717E-11  0.41838854876038E+03 -0.11078916620425E+03  0.11169445423384E+03  0.16437228530648E+03  0.81201956415472E+06  0.19266179114495E+03 -0.45256528135124E+06 -0.31385183684148E+04 -0.10403951622960E+05 -0.27494174485703E+05 -0.58548777077549E+03 -0.34789511814992E+04 -0.21717040628874E+05  0.00000000000000E+00  0.00000000000000E+00  0.00000000000000E+00  0.00000000000000E+00  0.00000000000000E+00  0.00000000000000E+00  0.00000000000000E+00  0.00000000000000E+00  0.00000000000000E+00  0.13882979359421E+06  0.00000000000000E+00  0.00000000000000E+00  0.00000000000000E+00  0.00000000000000E+00  0.00000000000000E+00  0.00000000000000E+00
