# fitpack15: fit parameters                                                                         
# CJ15 AV18 final data choices                                                                      
# Created on 01/15/2020 at 22:43:05                                                                 

 # QCD setup
  INS                           0
  NVL                          11
  IORD                          1
  Q02                   1.6899999999999999     
  IPARAMC                       7
  FLAVOR                4.0000000000000000     
  xmc                   1.3000000000000000     
  xmb                   4.5000000000000000     
  ncb                          12
  ihq                           1
  ias                           0

 # Theory corrections
  inuke                     10814
  itmc                          1
  iht                           1

 # fit parameters
 LAMBDA       0.22680        0.0000    
 a0uv          1.9523        0.0000    
 a1uv         0.56832       0.23594E-01
 a2uv          3.5568       0.11675E-01
 a3uv          0.0000        0.0000    
 a4uv          4.5759       0.63163    
 a5uv          0.0000        0.0000    
 a0dv          24.935        0.0000    
 a1dv          1.1562       0.33268E-01
 a2dv          6.6224       0.15968    
 a3dv         -3.5581       0.85260E-01
 a4dv          4.7880       0.13975    
 a5dv          0.0000        0.0000    
 a0ud         0.14191       0.49836E-02
 a1ud        -0.21088       0.38219E-02
 a2ud          8.4342       0.18941    
 a3ud          0.0000        0.0000    
 a4ud          15.832        1.3111    
 a5ud          0.0000        0.0000    
 a0du          35712.        0.0000    
 a1du          4.0841       0.85996E-01
 a2du          20.148       0.95880    
 a3du          17.000        0.0000    
 a4du          53.345        11.998    
 a0g           47.343        0.0000    
 a1g          0.60954       0.32552E-01
 a2g           6.7942       0.96716    
 a3g          -3.3796       0.14687    
 a4g           3.3880       0.37417    
 a5g           0.0000        0.0000    
 kappa        0.40000        0.0000    
 a6dv        -0.39523E-02   0.67454E-03
 a7dv          2.0000        0.0000    
 off1         -2.6788        1.7979    
 off2         0.61833E-01   0.43113E-02
 ht1          -3.5640       0.34701    
 ht2           2.0866       0.12522    
 ht3          -2.0478       0.35603E-01
 ht4           0.0000        0.0000    
 ht1n         -3.6742        1.0285    
 ht2n          1.9810       0.34260    
 ht3n         -2.1292       0.67608E-01
 ht4n          0.0000        0.0000    
 dummy44       0.0000        0.0000    
 dummy45       0.0000        0.0000    
 dummy46       0.0000        0.0000    
 dummy47       0.0000        0.0000    
 dummy48       0.0000        0.0000    
 dummy49       0.0000        0.0000    
 bcdmsh2      0.97007       0.48554E-02
 bcdmsd2      0.99010       0.58578E-02
 ccfr          1.0000        0.0000    
 nutev         1.0000        0.0000    
 zeus         0.97998        0.0000    
 h1            1.0162        0.0000    
 e605          1.0319        0.0000    
 NmcH2         1.0066       0.71353E-02
 ntv_nu        1.0000        0.0000    
 ntv_nubar     1.0000        0.0000    
 cdf_jet      0.98910        0.0000    
 d0_jet       0.83504        0.0000    
 slac_p        1.0020       0.50398E-02
 slac_d        1.0013       0.53167E-02
 e866pp       0.98220       0.19972E-01
 e866pd       0.97032       0.16439E-01
 d0_gamjet     1.0362       0.16486E-01
 h1b          0.97608        0.0000    
 jlab_p       0.99057       0.62870E-02
 jlab_d       0.97446       0.60245E-02
 blank         1.0000        0.0000    
 d0run2       0.94486       0.14232E-01
 cdfrun2      0.93144       0.17328E-01
 HERA_el       1.0000        0.0000    
 HERA_ps       1.0000        0.0000    
 CDF_Z        0.95926       0.66238E-02
 NmcRat        1.0000        0.0000    
 BNS_F2nd     0.98328       0.12098E-01
 HERMES_F2p   0.99592       0.56765E-02
 HERMES_F2d   0.97762       0.58508E-02
 END 0. 0.

 # Hessian matrix (Bevington alpha)
   0.51989769272148E+07 -0.13321369509837E+07  0.19500001391004E+06  0.50576290384706E+06 -0.12808492155881E+06 -0.29395870434144E+05  0.53271743773656E+05  0.98915018283876E+06 -0.18408802995567E+06 -0.50130330250937E+05  0.72912155783426E+04  0.15355912052231E+05  0.17229309869662E+04 -0.10617448807883E+03  0.97457184445350E+04 -0.21696001401276E+04  0.10370325261826E+05  0.74466513947818E+04 -0.78013570507519E+07 -0.11600841150974E+04  0.33498315403502E+07  0.36037987513974E+05  0.12574778721982E+06  0.23214182138608E+06  0.12432516521598E+05  0.47708093818836E+05  0.24633435324281E+06 -0.13226466362479E+06 -0.56075374583849E+05 -0.52664340069825E+04 -0.86882010747201E+06 -0.11265221351603E+07 -0.20988858029953E+05 -0.47524399984539E+05 -0.32099800557709E+04 -0.20495454637394E+06 -0.23109111615893E+06 -0.92300329442418E+04 -0.32578849653371E+04 -0.18094044084297E+05  0.17195606160498E+05 -0.74380742938451E+05 -0.58650924436373E+05
  -0.13321369509837E+07  0.41649921869473E+06 -0.51035073474963E+05 -0.13766569257222E+06  0.34555948651304E+05  0.10605951119760E+05 -0.11138649286217E+05 -0.12535383208571E+06  0.26416604034632E+05  0.73816856235986E+04 -0.87442056963177E+03 -0.11993839968613E+04 -0.13918466873224E+03  0.12728265784719E+02  0.64194655923830E+03 -0.52764120380265E+02  0.13543547523950E+03  0.75197374581152E+02  0.26081700063728E+07  0.49161562350812E+03 -0.95952624338077E+06 -0.72662549296635E+04 -0.28894386434517E+05 -0.59586499108090E+05 -0.28945423823272E+04 -0.11919862986530E+05 -0.67430489172110E+05  0.16792434152016E+05  0.82880250715445E+04 -0.19419990128814E+03  0.21055862693277E+06  0.26591184970616E+06  0.57497799956737E+04  0.13187996319843E+05  0.42297838011845E+03  0.63904653493934E+05  0.71515305991486E+05  0.24374489088518E+04  0.77172742897261E+03 -0.22133401518120E+04 -0.22649649516035E+04  0.86858996172027E+04  0.72940622308173E+04
   0.19500001391004E+06 -0.51035073474963E+05  0.73669827149290E+04  0.18765205040773E+05 -0.48646459091735E+04 -0.13510126045948E+04  0.19169717179158E+04  0.27988274976711E+05 -0.50586539121065E+04 -0.16622277769818E+04  0.20975864182778E+03  0.41657369364474E+03  0.52987694641206E+02 -0.40259032235177E+01 -0.27626741590293E+03 -0.77608890137868E+01 -0.12563420057915E+03 -0.47249709049010E+01 -0.29990617694417E+06 -0.45922070315765E+02  0.12694036995756E+06  0.13204552414639E+04  0.46133705207390E+04  0.86551335421914E+04  0.45946525967622E+03  0.17693352423789E+04  0.92670663546247E+04 -0.46749148012208E+04 -0.19832337865468E+04  0.18450533695305E+02 -0.31845170614493E+05 -0.41466690100707E+05 -0.79896987570344E+03 -0.18159963748836E+04 -0.10084616757140E+03 -0.79076296790291E+04 -0.88981258897226E+04 -0.34617459009800E+03 -0.12097102890848E+03 -0.66398389301195E+02  0.61251642217532E+03 -0.22209603801009E+04 -0.17923534880537E+04
   0.50576290384706E+06 -0.13766569257222E+06  0.18765205040773E+05  0.40168373667628E+06 -0.62422271159016E+05  0.74218366378714E+05  0.64015260819152E+05  0.36330275518903E+06 -0.27999598923981E+05 -0.18333843063269E+05  0.31786150840032E+04 -0.13962367929421E+04 -0.15047895119102E+03  0.54936906150597E+02  0.31012210398125E+05 -0.37732578350236E+04  0.24916135519136E+05  0.13992979481190E+05 -0.22744259363505E+07 -0.13369236672995E+03  0.93046097286057E+06  0.13039515986916E+05  0.38306073561194E+05  0.91718697690360E+05  0.41756173550668E+04  0.15102480691118E+05  0.68283147845986E+05 -0.12878198762307E+05 -0.21339475643567E+05 -0.69326820134364E+02 -0.66400331980364E+05 -0.34496325287046E+06 -0.13667665419203E+04 -0.24941215826152E+04 -0.70879453939691E+02 -0.11790430012308E+05 -0.53245842685986E+05 -0.24806685368816E+04 -0.96418706949523E+03 -0.98394063024100E+04 -0.15878004335498E+05 -0.72667208964289E+04 -0.21542044281434E+05
  -0.12808492155881E+06  0.34555948651304E+05 -0.48646459091735E+04 -0.62422271159016E+05  0.11448882796558E+05 -0.74375745647309E+04 -0.91109309556952E+04 -0.33367073280315E+05  0.51772064354926E+03  0.23590883832851E+04 -0.31685404176839E+03 -0.20085602140627E+02  0.50608374910191E+01 -0.48896147091473E+01 -0.26035700557163E+04  0.32155185966321E+03 -0.20380118065267E+04 -0.11597951059371E+04  0.48619074428977E+06  0.48943312665716E+02 -0.19129232361090E+06 -0.24256432926043E+04 -0.71429787412807E+04 -0.17626048755492E+05 -0.73573238774086E+03 -0.27114571775325E+04 -0.13410005402103E+05  0.19989731667057E+04  0.33606677904862E+04 -0.57175375908666E+02  0.11790337706172E+05  0.62563971934545E+05  0.32011229887131E+03  0.56386354540271E+03  0.89683785423613E+01  0.29003605505723E+04  0.12906871219246E+05  0.46579389908122E+03  0.17267695031778E+03  0.37135839055313E+03  0.25086497950576E+04  0.81527286120618E+03  0.25157256214862E+04
  -0.29395870434144E+05  0.10605951119760E+05 -0.13510126045948E+04  0.74218366378714E+05 -0.74375745647309E+04  0.24333625004783E+05  0.14525555591688E+05  0.11073903611112E+06 -0.10498685727717E+05 -0.45700233217187E+04  0.94968649692304E+03 -0.71247312925179E+03 -0.67038121539840E+02  0.18630749485867E+02  0.94887462978094E+04 -0.11855837213172E+04  0.77174669006094E+04  0.43983714573203E+04 -0.44876250668418E+05  0.62194060858343E+02  0.50494700547536E+05  0.14304063575733E+04  0.40408424287836E+04  0.81308593259492E+04  0.56715479492057E+03  0.18697240302685E+04  0.51840903130431E+04 -0.27324360827429E+04 -0.41932552428024E+04  0.15133992603747E+03 -0.84207968695503E+04 -0.41152763666548E+05  0.14659031393299E+02 -0.75829134911517E+01 -0.18714774263394E+02  0.46544972801807E+03  0.17494697948455E+04 -0.24475462245997E+03 -0.12631652078005E+03 -0.31609247053729E+04 -0.32545438852598E+04 -0.18579286633500E+04 -0.53386363260370E+04
   0.53271743773656E+05 -0.11138649286217E+05  0.19169717179158E+04  0.64015260819152E+05 -0.91109309556952E+04  0.14525555591688E+05  0.11296443468790E+05  0.60990623501243E+05 -0.34835995419044E+04 -0.32527293554533E+04  0.55077938708322E+03 -0.23242154234672E+03 -0.26982882951810E+02  0.97730443727635E+01  0.48735265092733E+04 -0.61741923446734E+03  0.38528737699141E+04  0.22238068588083E+04 -0.23935731068762E+06  0.11762727930326E+02  0.11677844734140E+06  0.19177619253391E+04  0.54901635951626E+04  0.12531507554438E+05  0.65236677496520E+03  0.22465942964427E+04  0.89331950479017E+04 -0.24580731281300E+04 -0.38521434417218E+04  0.13743161026069E+03 -0.98157682957499E+04 -0.51188531209270E+05 -0.15368047015678E+03 -0.27316622047677E+03 -0.13080147831109E+02 -0.97781793083074E+03 -0.45737464125250E+04 -0.35378440782760E+03 -0.14955464357692E+03 -0.13418254200774E+04 -0.31112667128837E+04 -0.11474044871331E+04 -0.34163328342752E+04
   0.98915018283876E+06 -0.12535383208571E+06  0.27988274976711E+05  0.36330275518903E+06 -0.33367073280315E+05  0.11073903611112E+06  0.60990623501243E+05  0.53961137347458E+07 -0.24111074566416E+07 -0.89520053499400E+05  0.25962540495881E+05  0.26569396239410E+05  0.17963968409402E+04  0.97865366424702E+02  0.89438016625402E+05 -0.11351108939897E+05  0.82939472698273E+05  0.44938202088889E+05 -0.58678841261718E+06  0.43824595498679E+03  0.38568041829685E+06  0.18013274663389E+05  0.58990308674890E+05  0.95624255805879E+05  0.62952865718976E+04  0.23064950040764E+05  0.70583305344091E+05 -0.63173967600940E+05 -0.50629662224200E+05 -0.70521288470313E+05 -0.29595745936577E+06 -0.58099233939428E+06 -0.74039445770432E+05 -0.16647116381182E+06 -0.14152030255682E+04 -0.56647827828330E+04 -0.11140788326900E+05  0.24658323643394E+03  0.25726121584699E+03 -0.27467000526677E+06 -0.87663586155344E+04 -0.14481164279831E+06 -0.17850345370917E+06
  -0.18408802995567E+06  0.26416604034632E+05 -0.50586539121065E+04 -0.27999598923981E+05  0.51772064354926E+03 -0.10498685727717E+05 -0.34835995419044E+04 -0.24111074566416E+07  0.19287753913118E+07  0.19491418238312E+05 -0.64033117736157E+04 -0.55762662188378E+04 -0.30779795986421E+03 -0.13708915228479E+02  0.47979564891185E+05 -0.22214986454729E+04  0.14654684046033E+05  0.70077731574189E+04 -0.25903126118712E+05 -0.96955523098374E+02 -0.50547191549937E+04 -0.34499359144643E+04 -0.11927026440722E+05 -0.17752999570250E+05 -0.12549320152606E+04 -0.47837483377640E+04 -0.12848466891722E+05  0.11576530014872E+05  0.10935202366129E+05  0.24772690593751E+05  0.67176468086444E+05  0.12754118489483E+06  0.22919525437088E+05  0.51606501203874E+05  0.19196153354022E+03  0.59609202217495E+03  0.12063984724392E+04 -0.12503111980877E+04 -0.69483233918715E+03  0.11312338173718E+06  0.15656822040963E+04  0.45309968773570E+05  0.55319549394237E+05
  -0.50130330250937E+05  0.73816856235986E+04 -0.16622277769818E+04 -0.18333843063269E+05  0.23590883832851E+04 -0.45700233217187E+04 -0.32527293554533E+04 -0.89520053499400E+05  0.19491418238312E+05  0.26604223135343E+04 -0.61274526291347E+03 -0.66089274812952E+03 -0.58681560036990E+02 -0.17504486847127E+01 -0.40314136220287E+04  0.49290705017270E+03 -0.32650897911424E+04 -0.18507532643518E+04  0.56358188342161E+05 -0.12542088535237E+02 -0.34520415008801E+05 -0.81507493476120E+03 -0.25057989730859E+04 -0.44953778541448E+04 -0.27191567317070E+03 -0.95532324523383E+03 -0.34442822143963E+04  0.27551175990359E+04  0.19004364195517E+04  0.73816850123895E+03  0.11032418802330E+05  0.22900376256181E+05  0.14960285412245E+04  0.33050573778887E+04  0.43794450014326E+02  0.55249022299741E+03  0.10498140117764E+04  0.12954585400395E+03  0.57737856180125E+02  0.31410382155360E+04  0.43487818135444E+03  0.28408558361250E+04  0.35881780688796E+04
   0.72912155783426E+04 -0.87442056963177E+03  0.20975864182778E+03  0.31786150840032E+04 -0.31685404176839E+03  0.94968649692304E+03  0.55077938708322E+03  0.25962540495881E+05 -0.64033117736157E+04 -0.61274526291347E+03  0.16554355902240E+03  0.18534283672830E+03  0.13536417608081E+02  0.64993614371302E+00  0.12214491895126E+04 -0.13541851521511E+03  0.95677278122463E+03  0.52091910597835E+03 -0.59937291976860E+04  0.30301864389231E+01  0.35898977733289E+04  0.12880906532572E+03  0.41447029081511E+03  0.69002854065172E+03  0.44433594209903E+02  0.16052802407012E+03  0.51162559604244E+03 -0.46050983693143E+03 -0.34727270498784E+03 -0.33414266159918E+03 -0.19889695125803E+04 -0.39529532405083E+04 -0.41588369948700E+03 -0.93544822734602E+03 -0.10793323644332E+02 -0.44360196810531E+02 -0.87083294448494E+02 -0.13080251009907E+02 -0.61513559737665E+01 -0.11284934558741E+04 -0.63789824724562E+02 -0.81160348367119E+03 -0.10076285930797E+04
   0.15355912052231E+05 -0.11993839968613E+04  0.41657369364474E+03 -0.13962367929421E+04 -0.20085602140627E+02 -0.71247312925179E+03 -0.23242154234672E+03  0.26569396239410E+05 -0.55762662188378E+04 -0.66089274812952E+03  0.18534283672830E+03  0.15646716032548E+04  0.10424464154331E+03 -0.11723938667531E+01  0.13705830477937E+04 -0.19237199256167E+03  0.13502526110247E+04  0.78340206828845E+03 -0.60086334303273E+04 -0.47788694175545E+01  0.16988906070205E+04  0.12296902105883E+02  0.18780672691713E+03 -0.36677957924732E+03 -0.21041507697735E+02 -0.87547734507329E+02 -0.20658291150597E+03 -0.11133864407999E+04 -0.80289865516459E-01 -0.68575559994581E+03 -0.49666821740744E+04 -0.17680733340855E+02 -0.22436981168287E+04 -0.68766409393920E+02 -0.77418798080770E+02 -0.20247709513767E+00  0.30581966095461E-02 -0.17000967654437E+01 -0.72812330898118E+00  0.29052828058691E+03  0.30340058535943E+03 -0.26675739471197E+04 -0.48808574807561E+01
   0.17229309869662E+04 -0.13918466873224E+03  0.52987694641206E+02 -0.15047895119102E+03  0.50608374910191E+01 -0.67038121539840E+02 -0.26982882951810E+02  0.17963968409402E+04 -0.30779795986421E+03 -0.58681560036990E+02  0.13536417608081E+02  0.10424464154331E+03  0.94397361629344E+01 -0.16830669943695E+00  0.76789808838871E+02 -0.12925652556867E+02  0.79837760454147E+02  0.50527600266976E+02 -0.28749366111582E+03 -0.42217491006507E+00 -0.65910407539714E+02  0.29691010147786E+01  0.23511621004766E+02 -0.43013775017603E+02 -0.24032641179770E+01 -0.91688224870949E+01 -0.18618302107107E+02 -0.16379944895669E+03 -0.10481062762410E-01 -0.26992362128533E+02 -0.58425803913893E+03 -0.20098032345859E+01 -0.14140740989493E+03 -0.18027828278914E+02 -0.62934950036111E+01 -0.14468507503371E+00  0.20735288297104E-02 -0.17987071179715E+00 -0.69849354252629E-01  0.28751226550979E+02  0.67782913753009E+02 -0.19336462505860E+03 -0.38003004860000E+00
  -0.10617448807883E+03  0.12728265784719E+02 -0.40259032235177E+01  0.54936906150597E+02 -0.48896147091473E+01  0.18630749485867E+02  0.97730443727635E+01  0.97865366424702E+02 -0.13708915228479E+02 -0.17504486847127E+01  0.64993614371302E+00 -0.11723938667531E+01 -0.16830669943695E+00  0.48298597585309E-01  0.14042462586599E+02 -0.10860066205609E+01  0.84838083727373E+01  0.39989209999776E+01 -0.79427506107708E+02  0.30110110597863E-01  0.58859794173997E+02  0.35760964821527E+00  0.92014396846472E+00  0.32584851143134E+01  0.13634214574623E+00  0.45127186911170E+00  0.21686181707752E+01  0.67929717009150E-01 -0.26456209280692E-04 -0.58735352987996E+01 -0.73079310211254E+00 -0.19788091667654E-02 -0.30647573420429E+01 -0.13341657647455E-04 -0.13424681285983E+00 -0.13277237531259E-12 -0.87099741049384E-12 -0.16114183547015E-02 -0.88549262157235E-03 -0.15741665107456E+01  0.37486315119445E-04 -0.30042614895756E+01 -0.36599985761558E-02
   0.97457184445350E+04  0.64194655923830E+03 -0.27626741590293E+03  0.31012210398125E+05 -0.26035700557163E+04  0.94887462978094E+04  0.48735265092733E+04  0.89438016625402E+05  0.47979564891185E+05 -0.40314136220287E+04  0.12214491895126E+04  0.13705830477937E+04  0.76789808838871E+02  0.14042462586599E+02  0.49650281119274E+05 -0.46276318125071E+04  0.33372312460246E+05  0.17402430236530E+05 -0.55211827301439E+05  0.13540042631974E+01 -0.11363229891121E+05 -0.14067712425593E+03 -0.43395201976345E+03 -0.46056233221613E+03 -0.45271914046354E+02 -0.15756599395104E+03 -0.45101953876608E+03 -0.27030438072467E+04 -0.17728957613090E+04 -0.24892672554356E+04  0.20177804209779E+04  0.43531673184189E+04 -0.14786667739128E+04 -0.29331697299044E+04 -0.72798123610544E+03  0.23323368766788E+03  0.41942641767242E+03 -0.28658182988214E+04 -0.15234819169096E+04 -0.23972320984372E+04  0.19418548416313E+03 -0.89738743644007E+03 -0.10112757978094E+04
  -0.21696001401276E+04 -0.52764120380265E+02 -0.77608890137868E+01 -0.37732578350236E+04  0.32155185966321E+03 -0.11855837213172E+04 -0.61741923446734E+03 -0.11351108939897E+05 -0.22214986454729E+04  0.49290705017270E+03 -0.13541851521511E+03 -0.19237199256167E+03 -0.12925652556867E+02 -0.10860066205609E+01 -0.46276318125071E+04  0.50150439797061E+03 -0.35191383453345E+04 -0.19117872000005E+04  0.64756283217190E+04 -0.75318279184897E+00  0.17483433850892E+04  0.15149514582227E+02  0.41982101100199E+02  0.31187165760337E+02  0.46221193120468E+01  0.15475214332190E+02  0.51002052941054E+02  0.49843073178394E+03  0.31224180993234E+03  0.28782929568944E+03 -0.16679209876578E+03 -0.50252263634517E+03  0.15341131070886E+03  0.30328181355259E+03  0.80664105248255E+02 -0.62655564029331E+02 -0.11116849039295E+03  0.43592802197323E+03  0.21593435442980E+03 -0.30339558035990E+03 -0.35042320852015E+02  0.25038062021649E+03  0.28055634453342E+03
   0.10370325261826E+05  0.13543547523950E+03 -0.12563420057915E+03  0.24916135519136E+05 -0.20380118065267E+04  0.77174669006094E+04  0.38528737699141E+04  0.82939472698273E+05  0.14654684046033E+05 -0.32650897911424E+04  0.95677278122463E+03  0.13502526110247E+04  0.79837760454147E+02  0.84838083727373E+01  0.33372312460246E+05 -0.35191383453345E+04  0.25253370354835E+05  0.13532147945821E+05 -0.44686896057194E+05 -0.44483177814390E+00 -0.10451044914851E+05 -0.15318174220952E+03 -0.45800877781806E+03 -0.53321042409346E+03 -0.50638081050062E+02 -0.16705924070142E+03 -0.44427538619665E+03 -0.23087525920313E+04 -0.15033390453083E+04 -0.23590393625620E+04  0.20268886847114E+04  0.41742309902748E+04 -0.11716218098860E+04 -0.23307663541138E+04 -0.56683147342883E+03  0.55487368202115E+02  0.11066193134257E+03 -0.23439524048231E+04 -0.12715295872025E+04  0.96229050706238E+03  0.19404799721133E+03 -0.14404379370327E+04 -0.16024796081642E+04
   0.74466513947818E+04  0.75197374581152E+02 -0.47249709049010E+01  0.13992979481190E+05 -0.11597951059371E+04  0.43983714573203E+04  0.22238068588083E+04  0.44938202088889E+05  0.70077731574189E+04 -0.18507532643518E+04  0.52091910597835E+03  0.78340206828845E+03  0.50527600266976E+02  0.39989209999776E+01  0.17402430236530E+05 -0.19117872000005E+04  0.13532147945821E+05  0.73573970404882E+04 -0.24907153348841E+05  0.98019438865241E+00 -0.65467961068035E+04 -0.83053291840201E+02 -0.23516480327318E+03 -0.24811678051392E+03 -0.26979320399737E+02 -0.86461760562301E+02 -0.23915018807945E+03 -0.16516762268656E+04 -0.10416648166152E+04 -0.11891959349226E+04  0.95571998429874E+03  0.23020960781714E+04 -0.59422984228354E+03 -0.11833490478204E+04 -0.31289282068370E+03  0.87879006199801E+02  0.16374105131062E+03 -0.15217627328073E+04 -0.79134058121242E+03  0.12229810333085E+04  0.14012010360136E+03 -0.10269367586926E+04 -0.11423824355988E+04
  -0.78013570507519E+07  0.26081700063728E+07 -0.29990617694417E+06 -0.22744259363505E+07  0.48619074428977E+06 -0.44876250668418E+05 -0.23935731068762E+06 -0.58678841261718E+06 -0.25903126118712E+05  0.56358188342161E+05 -0.59937291976860E+04 -0.60086334303273E+04 -0.28749366111582E+03 -0.79427506107708E+02 -0.55211827301439E+05  0.64756283217190E+04 -0.44686896057194E+05 -0.24907153348841E+05  0.33691852975761E+08  0.57472473472036E+04 -0.10833318799149E+08 -0.10726357635498E+06 -0.34558518816996E+06 -0.91521120992891E+06 -0.30710114971984E+05 -0.12822823294581E+06 -0.73592141692708E+06  0.34278112218566E+05  0.76159847954884E+05 -0.12139497519899E+04  0.56791456292342E+06  0.27916983882705E+07  0.17114508410055E+05  0.31469851809130E+05  0.21187837107185E+03  0.18493710418788E+06  0.81511171760852E+06  0.24412710865702E+05  0.76829702751782E+04 -0.18434767944863E+05  0.44787602612098E+05  0.20660179247945E+05  0.64199721235580E+05
  -0.11600841150974E+04  0.49161562350812E+03 -0.45922070315765E+02 -0.13369236672995E+03  0.48943312665716E+02  0.62194060858343E+02  0.11762727930326E+02  0.43824595498679E+03 -0.96955523098374E+02 -0.12542088535237E+02  0.30301864389231E+01 -0.47788694175545E+01 -0.42217491006507E+00  0.30110110597863E-01  0.13540042631974E+01 -0.75318279184897E+00 -0.44483177814390E+00  0.98019438865241E+00  0.57472473472036E+04  0.20774927714725E+01 -0.18800391817194E+04 -0.12467857998045E+02 -0.43090955307933E+02 -0.13867292481363E+03 -0.17159120901551E+01 -0.12355558001928E+02 -0.10864467404431E+03  0.00000000000000E+00 -0.32744160383470E+02  0.00000000000000E+00  0.00000000000000E+00  0.26523595336750E+03  0.00000000000000E+00 -0.61862866084514E+01  0.00000000000000E+00  0.00000000000000E+00  0.18914680574590E+03  0.00000000000000E+00  0.00000000000000E+00  0.00000000000000E+00  0.17195211942700E+02  0.00000000000000E+00 -0.33234553145562E+02
   0.33498315403502E+07 -0.95952624338077E+06  0.12694036995756E+06  0.93046097286057E+06 -0.19129232361090E+06  0.50494700547536E+05  0.11677844734140E+06  0.38568041829685E+06 -0.50547191549937E+04 -0.34520415008801E+05  0.35898977733289E+04  0.16988906070205E+04 -0.65910407539714E+02  0.58859794173997E+02 -0.11363229891121E+05  0.17483433850892E+04 -0.10451044914851E+05 -0.65467961068035E+04 -0.10833318799149E+08 -0.18800391817194E+04  0.60814166555448E+07  0.75421856429056E+05  0.22044109991897E+06  0.58765871244919E+06  0.21290271385631E+05  0.80607499661786E+05  0.43073577651752E+06  0.00000000000000E+00 -0.69755194283648E+05  0.00000000000000E+00  0.00000000000000E+00 -0.17305414665984E+07  0.00000000000000E+00  0.16563937738627E+05  0.00000000000000E+00  0.00000000000000E+00 -0.36084426234894E+06  0.00000000000000E+00  0.00000000000000E+00  0.00000000000000E+00  0.52966811728774E+05  0.00000000000000E+00 -0.58113828152934E+05
   0.36037987513974E+05 -0.72662549296635E+04  0.13204552414639E+04  0.13039515986916E+05 -0.24256432926043E+04  0.14304063575733E+04  0.19177619253391E+04  0.18013274663389E+05 -0.34499359144643E+04 -0.81507493476120E+03  0.12880906532572E+03  0.12296902105883E+02  0.29691010147786E+01  0.35760964821527E+00 -0.14067712425593E+03  0.15149514582227E+02 -0.15318174220952E+03 -0.83053291840201E+02 -0.10726357635498E+06 -0.12467857998045E+02  0.75421856429056E+05  0.12420770790844E+04  0.34151777254038E+04  0.87170872522928E+04  0.33054309955624E+03  0.11857097314779E+04  0.58620475161246E+04 -0.46296321907496E+02 -0.13532802454109E+04  0.43714225297947E+01  0.58461901498522E+03 -0.26758780781075E+05  0.00000000000000E+00 -0.85826143794187E+02  0.00000000000000E+00  0.20541759161639E+04 -0.32688276731342E+04  0.00000000000000E+00  0.00000000000000E+00  0.00000000000000E+00  0.12644484548389E+04 -0.30660024634967E+03 -0.17035125475584E+04
   0.12574778721982E+06 -0.28894386434517E+05  0.46133705207390E+04  0.38306073561194E+05 -0.71429787412807E+04  0.40408424287836E+04  0.54901635951626E+04  0.58990308674890E+05 -0.11927026440722E+05 -0.25057989730859E+04  0.41447029081511E+03  0.18780672691713E+03  0.23511621004766E+02  0.92014396846472E+00 -0.43395201976345E+03  0.41982101100199E+02 -0.45800877781806E+03 -0.23516480327318E+03 -0.34558518816996E+06 -0.43090955307933E+02  0.22044109991897E+06  0.34151777254038E+04  0.98313739271110E+04  0.24060364884941E+05  0.93934322466141E+03  0.34315568002092E+04  0.17034709306482E+05 -0.15193476812825E+03 -0.35837420195727E+04 -0.17993266901770E+02 -0.57872997267023E+04 -0.77322719234762E+05  0.00000000000000E+00 -0.22622057677852E+03  0.00000000000000E+00  0.30563934601859E+04 -0.10757568940840E+05  0.00000000000000E+00  0.00000000000000E+00  0.00000000000000E+00  0.36675843264230E+04 -0.17693437190228E+04 -0.50504704735889E+04
   0.23214182138608E+06 -0.59586499108090E+05  0.86551335421914E+04  0.91718697690360E+05 -0.17626048755492E+05  0.81308593259492E+04  0.12531507554438E+05  0.95624255805879E+05 -0.17752999570250E+05 -0.44953778541448E+04  0.69002854065172E+03 -0.36677957924732E+03 -0.43013775017603E+02  0.32584851143134E+01 -0.46056233221613E+03  0.31187165760337E+02 -0.53321042409346E+03 -0.24811678051392E+03 -0.91521120992891E+06 -0.13867292481363E+03  0.58765871244919E+06  0.87170872522928E+04  0.24060364884941E+05  0.68549689257191E+05  0.23873537625793E+04  0.87806881833858E+04  0.44797561058182E+05  0.23623044140401E+03 -0.11250041170288E+05 -0.44570913085476E+01  0.37196604398641E+05 -0.19051358739386E+06  0.00000000000000E+00 -0.72716023361057E+03  0.00000000000000E+00  0.16276547276862E+05 -0.28633316420632E+05  0.00000000000000E+00  0.00000000000000E+00  0.00000000000000E+00  0.62414403483010E+04  0.14725838064412E+04 -0.11955003576727E+05
   0.12432516521598E+05 -0.28945423823272E+04  0.45946525967622E+03  0.41756173550668E+04 -0.73573238774086E+03  0.56715479492057E+03  0.65236677496520E+03  0.62952865718976E+04 -0.12549320152606E+04 -0.27191567317070E+03  0.44433594209903E+02 -0.21041507697735E+02 -0.24032641179770E+01  0.13634214574623E+00 -0.45271914046354E+02  0.46221193120468E+01 -0.50638081050062E+02 -0.26979320399737E+02 -0.30710114971984E+05 -0.17159120901551E+01  0.21290271385631E+05  0.33054309955624E+03  0.93934322466141E+03  0.23873537625793E+04  0.10997717021616E+03  0.38608223864050E+03  0.16928753600217E+04  0.00000000000000E+00 -0.42815224968129E+03  0.00000000000000E+00  0.00000000000000E+00 -0.86078046430145E+04  0.00000000000000E+00 -0.26852122332210E+02  0.00000000000000E+00  0.00000000000000E+00 -0.62821257679185E+03  0.00000000000000E+00  0.00000000000000E+00  0.00000000000000E+00  0.34412110063010E+02  0.00000000000000E+00 -0.63455761449950E+03
   0.47708093818836E+05 -0.11919862986530E+05  0.17693352423789E+04  0.15102480691118E+05 -0.27114571775325E+04  0.18697240302685E+04  0.22465942964427E+04  0.23064950040764E+05 -0.47837483377640E+04 -0.95532324523383E+03  0.16052802407012E+03 -0.87547734507329E+02 -0.91688224870949E+01  0.45127186911170E+00 -0.15756599395104E+03  0.15475214332190E+02 -0.16705924070142E+03 -0.86461760562301E+02 -0.12822823294581E+06 -0.12355558001928E+02  0.80607499661786E+05  0.11857097314779E+04  0.34315568002092E+04  0.87806881833858E+04  0.38608223864050E+03  0.14066948026899E+04  0.62807135896373E+04  0.00000000000000E+00 -0.13618386751453E+04  0.00000000000000E+00  0.00000000000000E+00 -0.30919040459170E+05  0.00000000000000E+00 -0.85012639184265E+02  0.00000000000000E+00  0.00000000000000E+00 -0.35966055499927E+04  0.00000000000000E+00  0.00000000000000E+00  0.00000000000000E+00  0.34675487398118E+01  0.00000000000000E+00 -0.23269961030290E+04
   0.24633435324281E+06 -0.67430489172110E+05  0.92670663546247E+04  0.68283147845986E+05 -0.13410005402103E+05  0.51840903130431E+04  0.89331950479017E+04  0.70583305344091E+05 -0.12848466891722E+05 -0.34442822143963E+04  0.51162559604244E+03 -0.20658291150597E+03 -0.18618302107107E+02  0.21686181707752E+01 -0.45101953876608E+03  0.51002052941054E+02 -0.44427538619665E+03 -0.23915018807945E+03 -0.73592141692708E+06 -0.10864467404431E+03  0.43073577651752E+06  0.58620475161246E+04  0.17034709306482E+05  0.44797561058182E+05  0.16928753600217E+04  0.62807135896373E+04  0.33053886529667E+05  0.00000000000000E+00 -0.77202753830513E+04  0.00000000000000E+00  0.00000000000000E+00 -0.13529588610188E+06  0.00000000000000E+00 -0.49901533772178E+03  0.00000000000000E+00  0.00000000000000E+00 -0.22461717105615E+05  0.00000000000000E+00  0.00000000000000E+00  0.00000000000000E+00  0.81700944878594E+04  0.00000000000000E+00 -0.82307293315929E+04
  -0.13226466362479E+06  0.16792434152016E+05 -0.46749148012208E+04 -0.12878198762307E+05  0.19989731667057E+04 -0.27324360827429E+04 -0.24580731281300E+04 -0.63173967600940E+05  0.11576530014872E+05  0.27551175990359E+04 -0.46050983693143E+03 -0.11133864407999E+04 -0.16379944895669E+03  0.67929717009150E-01 -0.27030438072467E+04  0.49843073178394E+03 -0.23087525920313E+04 -0.16516762268656E+04  0.34278112218566E+05  0.00000000000000E+00  0.00000000000000E+00 -0.46296321907496E+02 -0.15193476812825E+03  0.23623044140401E+03  0.00000000000000E+00  0.00000000000000E+00  0.00000000000000E+00  0.11695330937344E+06  0.00000000000000E+00  0.00000000000000E+00  0.00000000000000E+00  0.00000000000000E+00  0.00000000000000E+00  0.00000000000000E+00  0.00000000000000E+00  0.00000000000000E+00  0.00000000000000E+00  0.00000000000000E+00  0.00000000000000E+00  0.00000000000000E+00  0.00000000000000E+00  0.00000000000000E+00  0.00000000000000E+00
  -0.56075374583849E+05  0.82880250715445E+04 -0.19832337865468E+04 -0.21339475643567E+05  0.33606677904862E+04 -0.41932552428024E+04 -0.38521434417218E+04 -0.50629662224200E+05  0.10935202366129E+05  0.19004364195517E+04 -0.34727270498784E+03 -0.80289865516459E-01 -0.10481062762410E-01 -0.26456209280692E-04 -0.17728957613090E+04  0.31224180993234E+03 -0.15033390453083E+04 -0.10416648166152E+04  0.76159847954884E+05 -0.32744160383470E+02 -0.69755194283648E+05 -0.13532802454109E+04 -0.35837420195727E+04 -0.11250041170288E+05 -0.42815224968129E+03 -0.13618386751453E+04 -0.77202753830513E+04  0.00000000000000E+00  0.64924926419993E+05  0.00000000000000E+00  0.00000000000000E+00  0.00000000000000E+00  0.00000000000000E+00  0.00000000000000E+00  0.00000000000000E+00  0.00000000000000E+00  0.00000000000000E+00  0.00000000000000E+00  0.00000000000000E+00  0.00000000000000E+00  0.00000000000000E+00  0.00000000000000E+00  0.00000000000000E+00
  -0.52664340069825E+04 -0.19419990128814E+03  0.18450533695305E+02 -0.69326820134364E+02 -0.57175375908666E+02  0.15133992603747E+03  0.13743161026069E+03 -0.70521288470313E+05  0.24772690593751E+05  0.73816850123895E+03 -0.33414266159918E+03 -0.68575559994581E+03 -0.26992362128533E+02 -0.58735352987996E+01 -0.24892672554356E+04  0.28782929568944E+03 -0.23590393625620E+04 -0.11891959349226E+04 -0.12139497519899E+04  0.00000000000000E+00  0.00000000000000E+00  0.43714225297947E+01 -0.17993266901770E+02 -0.44570913085476E+01  0.00000000000000E+00  0.00000000000000E+00  0.00000000000000E+00  0.00000000000000E+00  0.00000000000000E+00  0.30806709191250E+05  0.00000000000000E+00  0.00000000000000E+00  0.00000000000000E+00  0.00000000000000E+00  0.00000000000000E+00  0.00000000000000E+00  0.00000000000000E+00  0.00000000000000E+00  0.00000000000000E+00  0.00000000000000E+00  0.00000000000000E+00  0.00000000000000E+00  0.00000000000000E+00
  -0.86882010747201E+06  0.21055862693277E+06 -0.31845170614493E+05 -0.66400331980364E+05  0.11790337706172E+05 -0.84207968695503E+04 -0.98157682957499E+04 -0.29595745936577E+06  0.67176468086444E+05  0.11032418802330E+05 -0.19889695125803E+04 -0.49666821740744E+04 -0.58425803913893E+03 -0.73079310211254E+00  0.20177804209779E+04 -0.16679209876578E+03  0.20268886847114E+04  0.95571998429874E+03  0.56791456292342E+06  0.00000000000000E+00  0.00000000000000E+00  0.58461901498522E+03 -0.57872997267023E+04  0.37196604398641E+05  0.00000000000000E+00  0.00000000000000E+00  0.00000000000000E+00  0.00000000000000E+00  0.00000000000000E+00  0.00000000000000E+00  0.58075453972626E+06  0.00000000000000E+00  0.00000000000000E+00  0.00000000000000E+00  0.00000000000000E+00  0.00000000000000E+00  0.00000000000000E+00  0.00000000000000E+00  0.00000000000000E+00  0.00000000000000E+00  0.00000000000000E+00  0.00000000000000E+00  0.00000000000000E+00
  -0.11265221351603E+07  0.26591184970616E+06 -0.41466690100707E+05 -0.34496325287046E+06  0.62563971934545E+05 -0.41152763666548E+05 -0.51188531209270E+05 -0.58099233939428E+06  0.12754118489483E+06  0.22900376256181E+05 -0.39529532405083E+04 -0.17680733340855E+02 -0.20098032345859E+01 -0.19788091667654E-02  0.43531673184189E+04 -0.50252263634517E+03  0.41742309902748E+04  0.23020960781714E+04  0.27916983882705E+07  0.26523595336750E+03 -0.17305414665984E+07 -0.26758780781075E+05 -0.77322719234762E+05 -0.19051358739386E+06 -0.86078046430145E+04 -0.30919040459170E+05 -0.13529588610188E+06  0.00000000000000E+00  0.00000000000000E+00  0.00000000000000E+00  0.00000000000000E+00  0.92199946863998E+06  0.00000000000000E+00  0.00000000000000E+00  0.00000000000000E+00  0.00000000000000E+00  0.00000000000000E+00  0.00000000000000E+00  0.00000000000000E+00  0.00000000000000E+00  0.00000000000000E+00  0.00000000000000E+00  0.00000000000000E+00
  -0.20988858029953E+05  0.57497799956737E+04 -0.79896987570344E+03 -0.13667665419203E+04  0.32011229887131E+03  0.14659031393299E+02 -0.15368047015678E+03 -0.74039445770432E+05  0.22919525437088E+05  0.14960285412245E+04 -0.41588369948700E+03 -0.22436981168287E+04 -0.14140740989493E+03 -0.30647573420429E+01 -0.14786667739128E+04  0.15341131070886E+03 -0.11716218098860E+04 -0.59422984228354E+03  0.17114508410055E+05  0.00000000000000E+00  0.00000000000000E+00  0.00000000000000E+00  0.00000000000000E+00  0.00000000000000E+00  0.00000000000000E+00  0.00000000000000E+00  0.00000000000000E+00  0.00000000000000E+00  0.00000000000000E+00  0.00000000000000E+00  0.00000000000000E+00  0.00000000000000E+00  0.14296077118461E+05  0.00000000000000E+00  0.00000000000000E+00  0.00000000000000E+00  0.00000000000000E+00  0.00000000000000E+00  0.00000000000000E+00  0.00000000000000E+00  0.00000000000000E+00  0.00000000000000E+00  0.00000000000000E+00
  -0.47524399984539E+05  0.13187996319843E+05 -0.18159963748836E+04 -0.24941215826152E+04  0.56386354540271E+03 -0.75829134911517E+01 -0.27316622047677E+03 -0.16647116381182E+06  0.51606501203874E+05  0.33050573778887E+04 -0.93544822734602E+03 -0.68766409393920E+02 -0.18027828278914E+02 -0.13341657647455E-04 -0.29331697299044E+04  0.30328181355259E+03 -0.23307663541138E+04 -0.11833490478204E+04  0.31469851809130E+05 -0.61862866084514E+01  0.16563937738627E+05 -0.85826143794187E+02 -0.22622057677852E+03 -0.72716023361057E+03 -0.26852122332210E+02 -0.85012639184265E+02 -0.49901533772178E+03  0.00000000000000E+00  0.00000000000000E+00  0.00000000000000E+00  0.00000000000000E+00  0.00000000000000E+00  0.00000000000000E+00  0.31371281765482E+05  0.00000000000000E+00  0.00000000000000E+00  0.00000000000000E+00  0.00000000000000E+00  0.00000000000000E+00  0.00000000000000E+00  0.00000000000000E+00  0.00000000000000E+00  0.00000000000000E+00
  -0.32099800557709E+04  0.42297838011845E+03 -0.10084616757140E+03 -0.70879453939691E+02  0.89683785423613E+01 -0.18714774263394E+02 -0.13080147831109E+02 -0.14152030255682E+04  0.19196153354022E+03  0.43794450014326E+02 -0.10793323644332E+02 -0.77418798080770E+02 -0.62934950036111E+01 -0.13424681285983E+00 -0.72798123610544E+03  0.80664105248255E+02 -0.56683147342883E+03 -0.31289282068370E+03  0.21187837107185E+03  0.00000000000000E+00  0.00000000000000E+00  0.00000000000000E+00  0.00000000000000E+00  0.00000000000000E+00  0.00000000000000E+00  0.00000000000000E+00  0.00000000000000E+00  0.00000000000000E+00  0.00000000000000E+00  0.00000000000000E+00  0.00000000000000E+00  0.00000000000000E+00  0.00000000000000E+00  0.00000000000000E+00  0.37995354065128E+04  0.00000000000000E+00  0.00000000000000E+00  0.00000000000000E+00  0.00000000000000E+00  0.00000000000000E+00  0.00000000000000E+00  0.00000000000000E+00  0.00000000000000E+00
  -0.20495454637394E+06  0.63904653493934E+05 -0.79076296790291E+04 -0.11790430012308E+05  0.29003605505723E+04  0.46544972801807E+03 -0.97781793083074E+03 -0.56647827828330E+04  0.59609202217495E+03  0.55249022299741E+03 -0.44360196810531E+02 -0.20247709513767E+00 -0.14468507503371E+00 -0.13277237531259E-12  0.23323368766788E+03 -0.62655564029331E+02  0.55487368202115E+02  0.87879006199801E+02  0.18493710418788E+06  0.00000000000000E+00  0.00000000000000E+00  0.20541759161639E+04  0.30563934601859E+04  0.16276547276862E+05  0.00000000000000E+00  0.00000000000000E+00  0.00000000000000E+00  0.00000000000000E+00  0.00000000000000E+00  0.00000000000000E+00  0.00000000000000E+00  0.00000000000000E+00  0.00000000000000E+00  0.00000000000000E+00  0.00000000000000E+00  0.10628039853159E+06  0.00000000000000E+00  0.00000000000000E+00  0.00000000000000E+00  0.00000000000000E+00  0.00000000000000E+00  0.00000000000000E+00  0.00000000000000E+00
  -0.23109111615893E+06  0.71515305991486E+05 -0.88981258897226E+04 -0.53245842685986E+05  0.12906871219246E+05  0.17494697948455E+04 -0.45737464125250E+04 -0.11140788326900E+05  0.12063984724392E+04  0.10498140117764E+04 -0.87083294448494E+02  0.30581966095461E-02  0.20735288297104E-02 -0.87099741049384E-12  0.41942641767242E+03 -0.11116849039295E+03  0.11066193134257E+03  0.16374105131062E+03  0.81511171760852E+06  0.18914680574590E+03 -0.36084426234894E+06 -0.32688276731342E+04 -0.10757568940840E+05 -0.28633316420632E+05 -0.62821257679185E+03 -0.35966055499927E+04 -0.22461717105615E+05  0.00000000000000E+00  0.00000000000000E+00  0.00000000000000E+00  0.00000000000000E+00  0.00000000000000E+00  0.00000000000000E+00  0.00000000000000E+00  0.00000000000000E+00  0.00000000000000E+00  0.13879346900574E+06  0.00000000000000E+00  0.00000000000000E+00  0.00000000000000E+00  0.00000000000000E+00  0.00000000000000E+00  0.00000000000000E+00
