# fitpack15: fit parameters                                                                         
# CJ15 AV18 final data choices                                                                      
# Created on 01/15/2020 at 22:30:54                                                                 

 # QCD setup
  INS                           0
  NVL                          11
  IORD                          1
  Q02                   1.6899999999999999     
  IPARAMC                       7
  FLAVOR                4.0000000000000000     
  xmc                   1.3000000000000000     
  xmb                   4.5000000000000000     
  ncb                          12
  ihq                           1
  ias                           0

 # Theory corrections
  inuke                     10814
  itmc                          1
  iht                           1

 # fit parameters
 LAMBDA       0.22680        0.0000    
 a0uv          1.9578        0.0000    
 a1uv         0.56895       0.23552E-01
 a2uv          3.5566       0.11690E-01
 a3uv          0.0000        0.0000    
 a4uv          4.5605       0.62885    
 a5uv          0.0000        0.0000    
 a0dv          24.962        0.0000    
 a1dv          1.1566       0.33281E-01
 a2dv          6.6229       0.15974    
 a3dv         -3.5574       0.85302E-01
 a4dv          4.7863       0.13980    
 a5dv          0.0000        0.0000    
 a0ud         0.14199       0.49847E-02
 a1ud        -0.21083       0.38209E-02
 a2ud          8.4295       0.18943    
 a3ud          0.0000        0.0000    
 a4ud          15.801        1.3094    
 a5ud          0.0000        0.0000    
 a0du          35712.        0.0000    
 a1du          4.0833       0.85837E-01
 a2du          20.159       0.95882    
 a3du          17.000        0.0000    
 a4du          53.209        11.919    
 a0g           47.358        0.0000    
 a1g          0.60965       0.32752E-01
 a2g           6.8405       0.98413    
 a3g          -3.3744       0.14883    
 a4g           3.3876       0.38083    
 a5g           0.0000        0.0000    
 kappa        0.40000        0.0000    
 a6dv        -0.39520E-02   0.67448E-03
 a7dv          2.0000        0.0000    
 off1         -2.6447        1.7941    
 off2         0.62724E-01   0.57103E-02
 ht1          -3.5643       0.34691    
 ht2           2.0863       0.12515    
 ht3          -2.0476       0.35560E-01
 ht4           0.0000        0.0000    
 ht1n         -3.6672        1.0265    
 ht2n          1.9753       0.34185    
 ht3n         -2.1278       0.67783E-01
 ht4n          0.0000        0.0000    
 dummy44       0.0000        0.0000    
 dummy45       0.0000        0.0000    
 dummy46       0.0000        0.0000    
 dummy47       0.0000        0.0000    
 dummy48       0.0000        0.0000    
 dummy49       0.0000        0.0000    
 bcdmsh2      0.97013       0.48546E-02
 bcdmsd2      0.99018       0.58566E-02
 ccfr          1.0000        0.0000    
 nutev         1.0000        0.0000    
 zeus         0.97998        0.0000    
 h1            1.0162        0.0000    
 e605          1.0319        0.0000    
 NmcH2         1.0066       0.71350E-02
 ntv_nu        1.0000        0.0000    
 ntv_nubar     1.0000        0.0000    
 cdf_jet      0.98910        0.0000    
 d0_jet       0.83504        0.0000    
 slac_p        1.0021       0.50385E-02
 slac_d        1.0014       0.53128E-02
 e866pp       0.98220       0.19969E-01
 e866pd       0.97042       0.16440E-01
 d0_gamjet     1.0363       0.16486E-01
 h1b          0.97608        0.0000    
 jlab_p       0.99071       0.62862E-02
 jlab_d       0.97455       0.60206E-02
 blank         1.0000        0.0000    
 d0run2       0.94404       0.14204E-01
 cdfrun2      0.93082       0.17313E-01
 HERA_el       1.0000        0.0000    
 HERA_ps       1.0000        0.0000    
 CDF_Z        0.95947       0.66202E-02
 NmcRat        1.0000        0.0000    
 BNS_F2nd     0.98308       0.12046E-01
 HERMES_F2p   0.99601       0.56752E-02
 HERMES_F2d   0.97769       0.58488E-02
 END 0. 0.

 # Hessian matrix (Bevington alpha)
   0.51943088697755E+07 -0.13314659773091E+07  0.19543735281154E+06  0.50544685448358E+06 -0.12799498673451E+06 -0.29330532441423E+05  0.53276946861822E+05  0.98852760182618E+06 -0.18408343987373E+06 -0.50150994341647E+05  0.73030354227491E+04  0.15337489463274E+05  0.17205424800027E+04 -0.10640927401624E+03  0.96415679745399E+04 -0.21438543114283E+04  0.10169182017232E+05  0.73097562061813E+04 -0.78053375485214E+07 -0.11112699044808E+04  0.25408486909241E+07  0.35787603179338E+05  0.12506731084767E+06  0.22990970427710E+06  0.12364077153038E+05  0.47493978018364E+05  0.24472671989953E+06 -0.13219267718363E+06 -0.56043408383090E+05 -0.52519666639163E+04 -0.86824791698204E+06 -0.11257546378572E+07 -0.20978577222424E+05 -0.47497469936369E+05 -0.32073661443003E+04 -0.20482569521963E+06 -0.23093203454116E+06 -0.92446750127568E+04 -0.32624167347901E+04 -0.18029165000907E+05  0.17199838827716E+05 -0.74322296508146E+05 -0.58609946664805E+05
  -0.13314659773091E+07  0.41644408047015E+06 -0.51177153404924E+05 -0.13763890306986E+06  0.34542312885839E+05  0.10592133976890E+05 -0.11144645741098E+05 -0.12538600800033E+06  0.26428161010665E+05  0.73917904901431E+04 -0.87674756641244E+03 -0.11984962146405E+04 -0.13903627336490E+03  0.12757723868322E+02  0.63499879298413E+03 -0.51276568678783E+02  0.13089584442540E+03  0.71216377107737E+02  0.26103523156028E+07  0.47814878082887E+03 -0.72828134945939E+06 -0.72082153765757E+04 -0.28737255022070E+05 -0.59055403610049E+05 -0.28772143884596E+04 -0.11867339502313E+05 -0.67059529792943E+05  0.16791171001247E+05  0.82870059317427E+04 -0.19501276382702E+03  0.21051959041653E+06  0.26582921552260E+06  0.57495492034576E+04  0.13186717131477E+05  0.42284292536182E+03  0.63890271091939E+05  0.71490249914425E+05  0.24414284041394E+04  0.77282262402896E+03 -0.22178218849485E+04 -0.22668119970447E+04  0.86842876648051E+04  0.72931470256946E+04
   0.19543735281154E+06 -0.51177153404924E+05  0.74069851984914E+04  0.18817582928390E+05 -0.48772534874483E+04 -0.13520092261839E+04  0.19236586859698E+04  0.28054912379461E+05 -0.50741460248097E+04 -0.16678629919140E+04  0.21073233672005E+03  0.41682140386726E+03  0.53025121837633E+02 -0.40452031595362E+01 -0.27941083032707E+03 -0.71739032685743E+01 -0.12639345491492E+03 -0.59674015210135E+01 -0.30107025327423E+06 -0.44231887382233E+02  0.96599700754701E+05  0.13151264363928E+04  0.46022051588582E+04  0.85991717800854E+04  0.45829989292023E+03  0.17667774418915E+04  0.92368488157650E+04 -0.46854500098380E+04 -0.19877385194174E+04  0.18872497842763E+02 -0.31923711251174E+05 -0.41567113761175E+05 -0.80116996373274E+03 -0.18208811730251E+04 -0.10103425551963E+03 -0.79292926951260E+04 -0.89217271312495E+04 -0.34778616192187E+03 -0.12149938236112E+03 -0.64515047738067E+02  0.61434111437534E+03 -0.22250239778921E+04 -0.17958802833620E+04
   0.50544685448358E+06 -0.13763890306986E+06  0.18817582928390E+05  0.40150433179316E+06 -0.62400022712157E+05  0.74208756942342E+05  0.64009618587162E+05  0.36305105948716E+06 -0.27962673778917E+05 -0.18341681461925E+05  0.31837656775805E+04 -0.13923166114018E+04 -0.15019073963759E+03  0.55077135470697E+02  0.30927965315822E+05 -0.37487886013343E+04  0.24571198763578E+05  0.13793465371016E+05 -0.22763076134730E+07 -0.11985111352327E+03  0.70502785425522E+06  0.12966181538412E+05  0.38111667480734E+05  0.91079804442496E+05  0.41594925100094E+04  0.15050652774305E+05  0.67818513437259E+05 -0.12878825624100E+05 -0.21333520589432E+05 -0.68260854091426E+02 -0.66376861042436E+05 -0.34481117824319E+06 -0.13667528979620E+04 -0.24931279374023E+04 -0.70986099481411E+02 -0.11785134140889E+05 -0.53221164273301E+05 -0.24859471864728E+04 -0.96601001307614E+03 -0.98228943583866E+04 -0.15877616817084E+05 -0.72648385695415E+04 -0.21532712881951E+05
  -0.12799498673451E+06  0.34542312885839E+05 -0.48772534874483E+04 -0.62400022712157E+05  0.11444899323929E+05 -0.74403190047631E+04 -0.91121008114139E+04 -0.33369080202818E+05  0.51861222210332E+03  0.23612129300799E+04 -0.31758957541886E+03 -0.20447986674868E+02  0.50352703790743E+01 -0.49033259926416E+01 -0.25958712040664E+04  0.31919543146911E+03 -0.20102202004551E+04 -0.11432699112183E+04  0.48653206171575E+06  0.46110541184788E+02 -0.14497701527653E+06 -0.24123168568176E+04 -0.71073575718148E+04 -0.17508571667055E+05 -0.73245390448266E+03 -0.27008767871206E+04 -0.13324504830688E+05  0.19993093141049E+04  0.33600236487179E+04 -0.57243948828715E+02  0.11786773605894E+05  0.62537472597615E+05  0.32011080802416E+03  0.56369589754509E+03  0.89823035911611E+01  0.28990475912087E+04  0.12899381515155E+05  0.46661656082698E+03  0.17295170391487E+03  0.37002004647220E+03  0.25090835574847E+04  0.81526863059944E+03  0.25151579492255E+04
  -0.29330532441423E+05  0.10592133976890E+05 -0.13520092261839E+04  0.74208756942342E+05 -0.74403190047631E+04  0.24331132036584E+05  0.14527297154046E+05  0.11064810248122E+06 -0.10483128430974E+05 -0.45715306180077E+04  0.95110855065352E+03 -0.71108431182416E+03 -0.66938722456360E+02  0.18680518732154E+02  0.94618514462200E+04 -0.11779710552269E+04  0.76074739946705E+04  0.43341516123450E+04 -0.45051837038855E+05  0.63071954365718E+02  0.38169996265883E+05  0.14232734859836E+04  0.40225380157569E+04  0.80677472454235E+04  0.56676944377772E+03  0.18682492275036E+04  0.51370842945626E+04 -0.27340969012969E+04 -0.41945635155354E+04  0.15159089229401E+03 -0.84212807029441E+04 -0.41162522530866E+05  0.14607679756853E+02 -0.75096911962953E+01 -0.18745040966680E+02  0.46551942098115E+03  0.17459991525121E+04 -0.24581577229082E+03 -0.12674874171983E+03 -0.31573385636692E+04 -0.32562897472254E+04 -0.18576521769842E+04 -0.53371116648947E+04
   0.53276946861822E+05 -0.11144645741098E+05  0.19236586859698E+04  0.64009618587162E+05 -0.91121008114139E+04  0.14527297154046E+05  0.11299347895669E+05  0.60966854604310E+05 -0.34800785198589E+04 -0.32549105404452E+04  0.55183853260760E+03 -0.23166415253581E+03 -0.26929365305242E+02  0.98002990794481E+01  0.48580289363968E+04 -0.61294522950794E+03  0.37981873628855E+04  0.21909981014227E+04 -0.23967616060418E+06  0.13558982044948E+02  0.88459349269083E+05  0.19082600544602E+04  0.54652797070008E+04  0.12447300119007E+05  0.65077914063644E+03  0.22412072769827E+04  0.88711546284670E+04 -0.24591869946532E+04 -0.38526987186978E+04  0.13754212863951E+03 -0.98159549274165E+04 -0.51188798485700E+05 -0.15375162093712E+03 -0.27314253809551E+03 -0.13100813087861E+02 -0.97764951461886E+03 -0.45741746229475E+04 -0.35475989907126E+03 -0.14991815206359E+03 -0.13397361397603E+04 -0.31127008536565E+04 -0.11474362493514E+04 -0.34158397247098E+04
   0.98852760182618E+06 -0.12538600800033E+06  0.28054912379461E+05  0.36305105948716E+06 -0.33369080202818E+05  0.11064810248122E+06  0.60966854604310E+05  0.53885685876298E+07 -0.24094330150732E+07 -0.89483846456457E+05  0.25975170263499E+05  0.26559284965755E+05  0.17957292326965E+04  0.98217031475804E+02  0.89229586682492E+05 -0.11296833146545E+05  0.81794467600501E+05  0.44327933773893E+05 -0.58794139165672E+06  0.44439276583758E+03  0.29162296225846E+06  0.17855440639418E+05  0.58575948977010E+05  0.94268947616799E+05  0.62665562664254E+04  0.22984555657377E+05  0.69623945851162E+05 -0.63202040135693E+05 -0.50629514253577E+05 -0.70439973523108E+05 -0.29581567173731E+06 -0.58062163902704E+06 -0.73993764420198E+05 -0.16635005074280E+06 -0.14151734507756E+04 -0.56630421064030E+04 -0.11135109095232E+05  0.21884808630050E+03  0.24601437639049E+03 -0.27437848039995E+06 -0.87626405628575E+04 -0.14469106674640E+06 -0.17835422263442E+06
  -0.18408343987373E+06  0.26428161010665E+05 -0.50741460248097E+04 -0.27962673778917E+05  0.51861222210332E+03 -0.10483128430974E+05 -0.34800785198589E+04 -0.24094330150732E+07  0.19290804870221E+07  0.19490050277492E+05 -0.64081020224395E+04 -0.55780717726492E+04 -0.30807290865059E+03 -0.13756317424119E+02  0.47960363070108E+05 -0.22100924400515E+04  0.14509161839025E+05  0.69184246847467E+04 -0.25879302564748E+05 -0.97140157701850E+02 -0.36455471479627E+04 -0.34123761568279E+04 -0.11829984614806E+05 -0.17426024799625E+05 -0.12482154028488E+04 -0.47667297217920E+04 -0.12617853351208E+05  0.11595192437573E+05  0.10944718031978E+05  0.24755517061683E+05  0.67174159351978E+05  0.12751510174728E+06  0.22916544822401E+05  0.51596841006602E+05  0.19221063051804E+03  0.59339386665006E+03  0.12014929089629E+04 -0.12417936018964E+04 -0.69137834763649E+03  0.11307098518512E+06  0.15655348062190E+04  0.45296922025046E+05  0.55305145169458E+05
  -0.50150994341647E+05  0.73917904901431E+04 -0.16678629919140E+04 -0.18341681461925E+05  0.23612129300799E+04 -0.45715306180077E+04 -0.32549105404452E+04 -0.89483846456457E+05  0.19490050277492E+05  0.26622798331983E+04 -0.61380890693053E+03 -0.66101606619295E+03 -0.58677078527632E+02 -0.17587660873635E+01 -0.40229569414424E+04  0.49010378462416E+03 -0.32205956245082E+04 -0.18250295835535E+04  0.56503853267003E+05 -0.13082294689272E+02 -0.26169096154097E+05 -0.81045676314402E+03 -0.24939788079912E+04 -0.44533166813766E+04 -0.27115880906416E+03 -0.95308673322077E+03 -0.34145775135634E+04  0.27574111034564E+04  0.19014064312317E+04  0.73797081678227E+03  0.11037939500120E+05  0.22907737725219E+05  0.14966998732617E+04  0.33057013450313E+04  0.43821322264703E+02  0.55353958083190E+03  0.10514493711709E+04  0.13029553594958E+03  0.58029844710873E+02  0.31397547236089E+04  0.43505262697099E+03  0.28410259844660E+04  0.35880822273133E+04
   0.73030354227491E+04 -0.87674756641244E+03  0.21073233672005E+03  0.31837656775805E+04 -0.31758957541886E+03  0.95110855065352E+03  0.55183853260760E+03  0.25975170263499E+05 -0.64081020224395E+04 -0.61380890693053E+03  0.16597702011168E+03  0.18562742586769E+03  0.13557021167806E+02  0.65367003682859E+00  0.12211216021905E+04 -0.13496930820517E+03  0.94546503011344E+03  0.51469289751637E+03 -0.60184109793176E+04  0.30934659129127E+01  0.27231376890940E+04  0.12807837376764E+03  0.41271147465345E+03  0.68281953213985E+03  0.44349947686940E+02  0.16035772344554E+03  0.50656818695350E+03 -0.46164026810009E+03 -0.34797240362690E+03 -0.33432446034871E+03 -0.19923439503169E+04 -0.39591016230871E+04 -0.41644279986436E+03 -0.93656561967605E+03 -0.10813076458938E+02 -0.44482585194321E+02 -0.87298696920051E+02 -0.13265107246102E+02 -0.62273946766039E+01 -0.11292037399560E+04 -0.63909176105798E+02 -0.81249747160847E+03 -0.10087193282334E+04
   0.15337489463274E+05 -0.11984962146405E+04  0.41682140386726E+03 -0.13923166114018E+04 -0.20447986674868E+02 -0.71108431182416E+03 -0.23166415253581E+03  0.26559284965755E+05 -0.55780717726492E+04 -0.66101606619295E+03  0.18562742586769E+03  0.15646438165350E+04  0.10419216359631E+03 -0.11641903828977E+01  0.13682877325540E+04 -0.19144564415819E+03  0.13307543780321E+04  0.77236081371218E+03 -0.60230278660166E+04 -0.47537043431242E+01  0.13015097091918E+04  0.13217810603493E+02  0.19028480242182E+03 -0.35887890641097E+03 -0.20850341019042E+02 -0.87081449391453E+02 -0.20114675970091E+03 -0.11126000366809E+04 -0.84144520533268E-01 -0.68619003516924E+03 -0.49626748169160E+04 -0.18546200793856E+02 -0.22442850510234E+04 -0.68636395667918E+02 -0.77405078590231E+02 -0.20143822614159E+00  0.29550843466510E-02 -0.17020728026268E+01 -0.72873646904453E+00  0.29044316371541E+03  0.30303672502260E+03 -0.26671407212529E+04 -0.51095639644092E+01
   0.17205424800027E+04 -0.13903627336490E+03  0.53025121837633E+02 -0.15019073963759E+03  0.50352703790743E+01 -0.66938722456360E+02 -0.26929365305242E+02  0.17957292326965E+04 -0.30807290865059E+03 -0.58677078527632E+02  0.13557021167806E+02  0.10419216359631E+03  0.94303878339537E+01 -0.16844156732560E+00  0.76468243843586E+02 -0.12833502449576E+02  0.78491102294408E+02  0.49705246695624E+02 -0.28832564339958E+03 -0.42329585066267E+00 -0.48171576278862E+02  0.30194823180299E+01  0.23645228972863E+02 -0.42548647671315E+02 -0.23968030999248E+01 -0.91515836228368E+01 -0.18299282750832E+02 -0.16362294081903E+03 -0.10997084648084E-01 -0.26999173903677E+02 -0.58357406268624E+03 -0.21197915367751E+01 -0.14138996815556E+03 -0.17988646842315E+02 -0.62892450264250E+01 -0.14393630046973E+00  0.20202734537828E-02 -0.17997420868381E+00 -0.69867063737764E-01  0.28733201807755E+02  0.67689983919381E+02 -0.19326520542265E+03 -0.39805794878755E+00
  -0.10640927401624E+03  0.12757723868322E+02 -0.40452031595362E+01  0.55077135470697E+02 -0.49033259926416E+01  0.18680518732154E+02  0.98002990794481E+01  0.98217031475804E+02 -0.13756317424119E+02 -0.17587660873635E+01  0.65367003682859E+00 -0.11641903828977E+01 -0.16844156732560E+00  0.48646684810372E-01  0.14096688986212E+02 -0.10882440100212E+01  0.84369306864200E+01  0.39754564288507E+01 -0.79757583002197E+02  0.31149433480477E-01  0.44781244855114E+02  0.36232574522329E+00  0.93298323816959E+00  0.32988023693122E+01  0.13799554416657E+00  0.45611041791004E+00  0.21958106112619E+01  0.68175521769607E-01 -0.28056987586916E-04 -0.59055630856879E+01 -0.74038386854848E+00 -0.21006796070213E-02 -0.30926065727836E+01 -0.13810600153321E-04 -0.13514248181679E+00 -0.11514590891091E-12 -0.79944151089153E-12 -0.16256049698154E-02 -0.89272806722891E-03 -0.15766969102600E+01  0.39072621231424E-04 -0.30309222120355E+01 -0.38755302891900E-02
   0.96415679745399E+04  0.63499879298413E+03 -0.27941083032707E+03  0.30927965315822E+05 -0.25958712040664E+04  0.94618514462200E+04  0.48580289363968E+04  0.89229586682492E+05  0.47960363070108E+05 -0.40229569414424E+04  0.12211216021905E+04  0.13682877325540E+04  0.76468243843586E+02  0.14096688986212E+02  0.49530785390222E+05 -0.45995757007553E+04  0.32913409823897E+05  0.17150990313098E+05 -0.55184775103120E+05  0.10960933937602E+01 -0.85738536044596E+04 -0.14129288888246E+03 -0.43588295292819E+03 -0.46480583795261E+03 -0.45655217718449E+02 -0.15860209871725E+03 -0.45124546214417E+03 -0.26812451571277E+04 -0.17596249954221E+04 -0.24880048818737E+04  0.20259865117570E+04  0.43546233416713E+04 -0.14769969893655E+04 -0.29295317806432E+04 -0.72659538240372E+03  0.22640397103765E+03  0.40748550556345E+03 -0.28518330325031E+04 -0.15177022083666E+04 -0.24209444469911E+04  0.19344041678247E+03 -0.88936209476712E+03 -0.10021927857821E+04
  -0.21438543114283E+04 -0.51276568678783E+02 -0.71739032685743E+01 -0.37487886013343E+04  0.31919543146911E+03 -0.11779710552269E+04 -0.61294522950794E+03 -0.11296833146545E+05 -0.22100924400515E+04  0.49010378462416E+03 -0.13496930820517E+03 -0.19144564415819E+03 -0.12833502449576E+02 -0.10882440100212E+01 -0.45995757007553E+04  0.49651545368388E+03 -0.34568585222547E+04 -0.18768137382001E+04  0.64500050398477E+04 -0.70599121234371E+00  0.13156333752939E+04  0.15334421538521E+02  0.42498647829036E+02  0.32446242433231E+02  0.47020289078456E+01  0.15667368288230E+02  0.51198177990279E+02  0.49283426577388E+03  0.30877964031507E+03  0.28708447578023E+03 -0.16879861611920E+03 -0.50335400156681E+03  0.15269659108767E+03  0.30186497749630E+03  0.80235792320252E+02 -0.60759521639291E+02 -0.10787903643580E+03  0.43185822482033E+03  0.21422243429789E+03 -0.29770009353837E+03 -0.34904088695073E+02  0.24821580213197E+03  0.27808836444933E+03
   0.10169182017232E+05  0.13089584442540E+03 -0.12639345491492E+03  0.24571198763578E+05 -0.20102202004551E+04  0.76074739946705E+04  0.37981873628855E+04  0.81794467600501E+05  0.14509161839025E+05 -0.32205956245082E+04  0.94546503011344E+03  0.13307543780321E+04  0.78491102294408E+02  0.84369306864200E+01  0.32913409823897E+05 -0.34568585222547E+04  0.24604818655768E+05  0.13176674552001E+05 -0.44150519919680E+05 -0.63327819949724E+00 -0.77860676332324E+04 -0.15102737601276E+03 -0.45213661189352E+03 -0.52725011227543E+03 -0.50093479601660E+02 -0.16521521805021E+03 -0.43803152060167E+03 -0.22639781746982E+04 -0.14754511971115E+04 -0.23310280175277E+04  0.20030432530921E+04  0.41117516017633E+04 -0.11580812502654E+04 -0.23031963031956E+04 -0.55904114730324E+03  0.53798136721547E+02  0.10731241340487E+03 -0.23070116174328E+04 -0.12520910427759E+04  0.92070302957330E+03  0.18998485871168E+03 -0.14109550193751E+04 -0.15698571035882E+04
   0.73097562061813E+04  0.71216377107737E+02 -0.59674015210135E+01  0.13793465371016E+05 -0.11432699112183E+04  0.43341516123450E+04  0.21909981014227E+04  0.44327933773893E+05  0.69184246847467E+04 -0.18250295835535E+04  0.51469289751637E+03  0.77236081371218E+03  0.49705246695624E+02  0.39754564288507E+01  0.17150990313098E+05 -0.18768137382001E+04  0.13176674552001E+05  0.71602423526944E+04 -0.24605217943694E+05  0.83649904141659E+00 -0.48793169561721E+04 -0.82129350697793E+02 -0.23281405006600E+03 -0.24673328232474E+03 -0.26769033719615E+02 -0.85696985712756E+02 -0.23627880652220E+03 -0.16202875088677E+04 -0.10223701386238E+04 -0.11755029522333E+04  0.94695157294213E+03  0.22705042613993E+04 -0.58720554787089E+03 -0.11690836468583E+04 -0.30849938648313E+03  0.84950419804110E+02  0.15838110219584E+03 -0.14968291083219E+04 -0.77891079491743E+03  0.11912536612184E+04  0.13754526754495E+03 -0.10083745586272E+04 -0.11217513460037E+04
  -0.78053375485214E+07  0.26103523156028E+07 -0.30107025327423E+06 -0.22763076134730E+07  0.48653206171575E+06 -0.45051837038855E+05 -0.23967616060418E+06 -0.58794139165672E+06 -0.25879302564748E+05  0.56503853267003E+05 -0.60184109793176E+04 -0.60230278660166E+04 -0.28832564339958E+03 -0.79757583002197E+02 -0.55184775103120E+05  0.64500050398477E+04 -0.44150519919680E+05 -0.24605217943694E+05  0.33754999281691E+08  0.56011598899887E+04 -0.82282756277600E+07 -0.10675709161744E+06 -0.34428014303899E+06 -0.91066927671641E+06 -0.30559819569497E+05 -0.12780616275840E+06 -0.73279778342047E+06  0.34331554022745E+05  0.76235090998250E+05 -0.12170474182572E+04  0.56844724122908E+06  0.27936128698436E+07  0.17136555571702E+05  0.31503125046817E+05  0.21257473265458E+03  0.18509586715910E+06  0.81561878557379E+06  0.24477632070519E+05  0.77018062493794E+04 -0.18487361795269E+05  0.44842563571835E+05  0.20686516364817E+05  0.64262085935383E+05
  -0.11112699044808E+04  0.47814878082887E+03 -0.44231887382233E+02 -0.11985111352327E+03  0.46110541184788E+02  0.63071954365718E+02  0.13558982044948E+02  0.44439276583758E+03 -0.97140157701850E+02 -0.13082294689272E+02  0.30934659129127E+01 -0.47537043431242E+01 -0.42329585066267E+00  0.31149433480477E-01  0.10960933937602E+01 -0.70599121234371E+00 -0.63327819949724E+00  0.83649904141659E+00  0.56011598899887E+04  0.20315505595644E+01 -0.13614834456639E+04 -0.11298464323840E+02 -0.39699397497625E+02 -0.12961928833882E+03 -0.13707341264707E+01 -0.11088143290855E+02 -0.10203739843329E+03  0.00000000000000E+00 -0.33870068472454E+02  0.00000000000000E+00  0.00000000000000E+00  0.23950685937242E+03  0.00000000000000E+00 -0.59293030191335E+01  0.00000000000000E+00  0.00000000000000E+00  0.18402243555676E+03  0.00000000000000E+00  0.00000000000000E+00  0.00000000000000E+00  0.18139488864334E+02  0.00000000000000E+00 -0.34158124816911E+02
   0.25408486909241E+07 -0.72828134945939E+06  0.96599700754701E+05  0.70502785425522E+06 -0.14497701527653E+06  0.38169996265883E+05  0.88459349269083E+05  0.29162296225846E+06 -0.36455471479627E+04 -0.26169096154097E+05  0.27231376890940E+04  0.13015097091918E+04 -0.48171576278862E+02  0.44781244855114E+02 -0.85738536044596E+04  0.13156333752939E+04 -0.77860676332324E+04 -0.48793169561721E+04 -0.82282756277600E+07 -0.13614834456639E+04  0.35028978283390E+07  0.56963705703217E+05  0.16657469446965E+06  0.44354700662604E+06  0.16075108444975E+05  0.60918109815865E+05  0.32528969134396E+06  0.00000000000000E+00 -0.52818690315278E+05  0.00000000000000E+00  0.00000000000000E+00 -0.13122137448388E+07  0.00000000000000E+00  0.12570309206112E+05  0.00000000000000E+00  0.00000000000000E+00 -0.27380164499805E+06  0.00000000000000E+00  0.00000000000000E+00  0.00000000000000E+00  0.41183617766009E+05  0.00000000000000E+00 -0.44005918279281E+05
   0.35787603179338E+05 -0.72082153765757E+04  0.13151264363928E+04  0.12966181538412E+05 -0.24123168568176E+04  0.14232734859836E+04  0.19082600544602E+04  0.17855440639418E+05 -0.34123761568279E+04 -0.81045676314402E+03  0.12807837376764E+03  0.13217810603493E+02  0.30194823180299E+01  0.36232574522329E+00 -0.14129288888246E+03  0.15334421538521E+02 -0.15102737601276E+03 -0.82129350697793E+02 -0.10675709161744E+06 -0.11298464323840E+02  0.56963705703217E+05  0.12305113864918E+04  0.33833111675167E+04  0.86240820352046E+04  0.32734831246235E+03  0.11747625223315E+04  0.57954650709691E+04 -0.46323917298081E+02 -0.13430687011085E+04  0.43655990830628E+01  0.58159029780886E+03 -0.26607506093009E+05  0.00000000000000E+00 -0.81689811729371E+02  0.00000000000000E+00  0.20531108794455E+04 -0.32478724195166E+04  0.00000000000000E+00  0.00000000000000E+00  0.00000000000000E+00  0.12590919992069E+04 -0.30683742573784E+03 -0.16886457454492E+04
   0.12506731084767E+06 -0.28737255022070E+05  0.46022051588582E+04  0.38111667480734E+05 -0.71073575718148E+04  0.40225380157569E+04  0.54652797070008E+04  0.58575948977010E+05 -0.11829984614806E+05 -0.24939788079912E+04  0.41271147465345E+03  0.19028480242182E+03  0.23645228972863E+02  0.93298323816959E+00 -0.43588295292819E+03  0.42498647829036E+02 -0.45213661189352E+03 -0.23281405006600E+03 -0.34428014303899E+06 -0.39699397497625E+02  0.16657469446965E+06  0.33833111675167E+04  0.97436645305642E+04  0.23801515265916E+05  0.93053359000859E+03  0.34015569138270E+04  0.16849559811802E+05 -0.15205311370929E+03 -0.35568421974020E+04 -0.18047599091908E+02 -0.57957387321378E+04 -0.76922982146140E+05  0.00000000000000E+00 -0.21531803142248E+03  0.00000000000000E+00  0.30549506932055E+04 -0.10700688666335E+05  0.00000000000000E+00  0.00000000000000E+00  0.00000000000000E+00  0.36538675298909E+04 -0.17705604930036E+04 -0.50115911911274E+04
   0.22990970427710E+06 -0.59055403610049E+05  0.85991717800854E+04  0.91079804442496E+05 -0.17508571667055E+05  0.80677472454235E+04  0.12447300119007E+05  0.94268947616799E+05 -0.17426024799625E+05 -0.44533166813766E+04  0.68281953213985E+03 -0.35887890641097E+03 -0.42548647671315E+02  0.32988023693122E+01 -0.46480583795261E+03  0.32446242433231E+02 -0.52725011227543E+03 -0.24673328232474E+03 -0.91066927671641E+06 -0.12961928833882E+03  0.44354700662604E+06  0.86240820352046E+04  0.23801515265916E+05  0.67814514606521E+05  0.23611259960639E+04  0.86906079456002E+04  0.44266802959601E+05  0.23631609253599E+03 -0.11163474989387E+05 -0.44535596404316E+01  0.37205298580492E+05 -0.18919758518795E+06  0.00000000000000E+00 -0.69211524548020E+03  0.00000000000000E+00  0.16278642317896E+05 -0.28445920744419E+05  0.00000000000000E+00  0.00000000000000E+00  0.00000000000000E+00  0.61904739190743E+04  0.14731730227707E+04 -0.11827652831717E+05
   0.12364077153038E+05 -0.28772143884596E+04  0.45829989292023E+03  0.41594925100094E+04 -0.73245390448266E+03  0.56676944377772E+03  0.65077914063644E+03  0.62665562664254E+04 -0.12482154028488E+04 -0.27115880906416E+03  0.44349947686940E+02 -0.20850341019042E+02 -0.23968030999248E+01  0.13799554416657E+00 -0.45655217718449E+02  0.47020289078456E+01 -0.50093479601660E+02 -0.26769033719615E+02 -0.30559819569497E+05 -0.13707341264707E+01  0.16075108444975E+05  0.32734831246235E+03  0.93053359000859E+03  0.23611259960639E+04  0.10925973039401E+03  0.38359014148169E+03  0.16735640700384E+04  0.00000000000000E+00 -0.42504547133261E+03  0.00000000000000E+00  0.00000000000000E+00 -0.85759842987520E+04  0.00000000000000E+00 -0.25558002735302E+02  0.00000000000000E+00  0.00000000000000E+00 -0.62164772573160E+03  0.00000000000000E+00  0.00000000000000E+00  0.00000000000000E+00  0.29683237406235E+02  0.00000000000000E+00 -0.63175615700379E+03
   0.47493978018364E+05 -0.11867339502313E+05  0.17667774418915E+04  0.15050652774305E+05 -0.27008767871206E+04  0.18682492275036E+04  0.22412072769827E+04  0.22984555657377E+05 -0.47667297217920E+04 -0.95308673322077E+03  0.16035772344554E+03 -0.87081449391453E+02 -0.91515836228368E+01  0.45611041791004E+00 -0.15860209871725E+03  0.15667368288230E+02 -0.16521521805021E+03 -0.85696985712756E+02 -0.12780616275840E+06 -0.11088143290855E+02  0.60918109815865E+05  0.11747625223315E+04  0.34015569138270E+04  0.86906079456002E+04  0.38359014148169E+03  0.13983376934326E+04  0.62148418626868E+04  0.00000000000000E+00 -0.13520126420989E+04  0.00000000000000E+00  0.00000000000000E+00 -0.30818839063659E+05  0.00000000000000E+00 -0.80915513415504E+02  0.00000000000000E+00  0.00000000000000E+00 -0.35780198984189E+04  0.00000000000000E+00  0.00000000000000E+00  0.00000000000000E+00 -0.10261626493952E+02  0.00000000000000E+00 -0.23199329288045E+04
   0.24472671989953E+06 -0.67059529792943E+05  0.92368488157650E+04  0.67818513437259E+05 -0.13324504830688E+05  0.51370842945626E+04  0.88711546284670E+04  0.69623945851162E+05 -0.12617853351208E+05 -0.34145775135634E+04  0.50656818695350E+03 -0.20114675970091E+03 -0.18299282750832E+02  0.21958106112619E+01 -0.45124546214417E+03  0.51198177990279E+02 -0.43803152060167E+03 -0.23627880652220E+03 -0.73279778342047E+06 -0.10203739843329E+03  0.32528969134396E+06  0.57954650709691E+04  0.16849559811802E+05  0.44266802959601E+05  0.16735640700384E+04  0.62148418626868E+04  0.32675669588272E+05  0.00000000000000E+00 -0.76606834547712E+04  0.00000000000000E+00  0.00000000000000E+00 -0.13434625686030E+06  0.00000000000000E+00 -0.47496563618558E+03  0.00000000000000E+00  0.00000000000000E+00 -0.22328061768260E+05  0.00000000000000E+00  0.00000000000000E+00  0.00000000000000E+00  0.81471109452620E+04  0.00000000000000E+00 -0.81411113673680E+04
  -0.13219267718363E+06  0.16791171001247E+05 -0.46854500098380E+04 -0.12878825624100E+05  0.19993093141049E+04 -0.27340969012969E+04 -0.24591869946532E+04 -0.63202040135693E+05  0.11595192437573E+05  0.27574111034564E+04 -0.46164026810009E+03 -0.11126000366809E+04 -0.16362294081903E+03  0.68175521769607E-01 -0.26812451571277E+04  0.49283426577388E+03 -0.22639781746982E+04 -0.16202875088677E+04  0.34331554022745E+05  0.00000000000000E+00  0.00000000000000E+00 -0.46323917298081E+02 -0.15205311370929E+03  0.23631609253599E+03  0.00000000000000E+00  0.00000000000000E+00  0.00000000000000E+00  0.11693693236632E+06  0.00000000000000E+00  0.00000000000000E+00  0.00000000000000E+00  0.00000000000000E+00  0.00000000000000E+00  0.00000000000000E+00  0.00000000000000E+00  0.00000000000000E+00  0.00000000000000E+00  0.00000000000000E+00  0.00000000000000E+00  0.00000000000000E+00  0.00000000000000E+00  0.00000000000000E+00  0.00000000000000E+00
  -0.56043408383090E+05  0.82870059317427E+04 -0.19877385194174E+04 -0.21333520589432E+05  0.33600236487179E+04 -0.41945635155354E+04 -0.38526987186978E+04 -0.50629514253577E+05  0.10944718031978E+05  0.19014064312317E+04 -0.34797240362690E+03 -0.84144520533268E-01 -0.10997084648084E-01 -0.28056987586916E-04 -0.17596249954221E+04  0.30877964031507E+03 -0.14754511971115E+04 -0.10223701386238E+04  0.76235090998250E+05 -0.33870068472454E+02 -0.52818690315278E+05 -0.13430687011085E+04 -0.35568421974020E+04 -0.11163474989387E+05 -0.42504547133261E+03 -0.13520126420989E+04 -0.76606834547712E+04  0.00000000000000E+00  0.64904091502941E+05  0.00000000000000E+00  0.00000000000000E+00  0.00000000000000E+00  0.00000000000000E+00  0.00000000000000E+00  0.00000000000000E+00  0.00000000000000E+00  0.00000000000000E+00  0.00000000000000E+00  0.00000000000000E+00  0.00000000000000E+00  0.00000000000000E+00  0.00000000000000E+00  0.00000000000000E+00
  -0.52519666639163E+04 -0.19501276382702E+03  0.18872497842763E+02 -0.68260854091426E+02 -0.57243948828715E+02  0.15159089229401E+03  0.13754212863951E+03 -0.70439973523108E+05  0.24755517061683E+05  0.73797081678227E+03 -0.33432446034871E+03 -0.68619003516924E+03 -0.26999173903677E+02 -0.59055630856879E+01 -0.24880048818737E+04  0.28708447578023E+03 -0.23310280175277E+04 -0.11755029522333E+04 -0.12170474182572E+04  0.00000000000000E+00  0.00000000000000E+00  0.43655990830628E+01 -0.18047599091908E+02 -0.44535596404316E+01  0.00000000000000E+00  0.00000000000000E+00  0.00000000000000E+00  0.00000000000000E+00  0.00000000000000E+00  0.30802545699520E+05  0.00000000000000E+00  0.00000000000000E+00  0.00000000000000E+00  0.00000000000000E+00  0.00000000000000E+00  0.00000000000000E+00  0.00000000000000E+00  0.00000000000000E+00  0.00000000000000E+00  0.00000000000000E+00  0.00000000000000E+00  0.00000000000000E+00  0.00000000000000E+00
  -0.86824791698204E+06  0.21051959041653E+06 -0.31923711251174E+05 -0.66376861042436E+05  0.11786773605894E+05 -0.84212807029441E+04 -0.98159549274165E+04 -0.29581567173731E+06  0.67174159351978E+05  0.11037939500120E+05 -0.19923439503169E+04 -0.49626748169160E+04 -0.58357406268624E+03 -0.74038386854848E+00  0.20259865117570E+04 -0.16879861611920E+03  0.20030432530921E+04  0.94695157294213E+03  0.56844724122908E+06  0.00000000000000E+00  0.00000000000000E+00  0.58159029780886E+03 -0.57957387321378E+04  0.37205298580492E+05  0.00000000000000E+00  0.00000000000000E+00  0.00000000000000E+00  0.00000000000000E+00  0.00000000000000E+00  0.00000000000000E+00  0.58060751828037E+06  0.00000000000000E+00  0.00000000000000E+00  0.00000000000000E+00  0.00000000000000E+00  0.00000000000000E+00  0.00000000000000E+00  0.00000000000000E+00  0.00000000000000E+00  0.00000000000000E+00  0.00000000000000E+00  0.00000000000000E+00  0.00000000000000E+00
  -0.11257546378572E+07  0.26582921552260E+06 -0.41567113761175E+05 -0.34481117824319E+06  0.62537472597615E+05 -0.41162522530866E+05 -0.51188798485700E+05 -0.58062163902704E+06  0.12751510174728E+06  0.22907737725219E+05 -0.39591016230871E+04 -0.18546200793856E+02 -0.21197915367751E+01 -0.21006796070213E-02  0.43546233416713E+04 -0.50335400156681E+03  0.41117516017633E+04  0.22705042613993E+04  0.27936128698436E+07  0.23950685937242E+03 -0.13122137448388E+07 -0.26607506093009E+05 -0.76922982146140E+05 -0.18919758518795E+06 -0.85759842987520E+04 -0.30818839063659E+05 -0.13434625686030E+06  0.00000000000000E+00  0.00000000000000E+00  0.00000000000000E+00  0.00000000000000E+00  0.92166889454778E+06  0.00000000000000E+00  0.00000000000000E+00  0.00000000000000E+00  0.00000000000000E+00  0.00000000000000E+00  0.00000000000000E+00  0.00000000000000E+00  0.00000000000000E+00  0.00000000000000E+00  0.00000000000000E+00  0.00000000000000E+00
  -0.20978577222424E+05  0.57495492034576E+04 -0.80116996373274E+03 -0.13667528979620E+04  0.32011080802416E+03  0.14607679756853E+02 -0.15375162093712E+03 -0.73993764420198E+05  0.22916544822401E+05  0.14966998732617E+04 -0.41644279986436E+03 -0.22442850510234E+04 -0.14138996815556E+03 -0.30926065727836E+01 -0.14769969893655E+04  0.15269659108767E+03 -0.11580812502654E+04 -0.58720554787089E+03  0.17136555571702E+05  0.00000000000000E+00  0.00000000000000E+00  0.00000000000000E+00  0.00000000000000E+00  0.00000000000000E+00  0.00000000000000E+00  0.00000000000000E+00  0.00000000000000E+00  0.00000000000000E+00  0.00000000000000E+00  0.00000000000000E+00  0.00000000000000E+00  0.00000000000000E+00  0.14295709797127E+05  0.00000000000000E+00  0.00000000000000E+00  0.00000000000000E+00  0.00000000000000E+00  0.00000000000000E+00  0.00000000000000E+00  0.00000000000000E+00  0.00000000000000E+00  0.00000000000000E+00  0.00000000000000E+00
  -0.47497469936369E+05  0.13186717131477E+05 -0.18208811730251E+04 -0.24931279374023E+04  0.56369589754509E+03 -0.75096911962953E+01 -0.27314253809551E+03 -0.16635005074280E+06  0.51596841006602E+05  0.33057013450313E+04 -0.93656561967605E+03 -0.68636395667918E+02 -0.17988646842315E+02 -0.13810600153321E-04 -0.29295317806432E+04  0.30186497749630E+03 -0.23031963031956E+04 -0.11690836468583E+04  0.31503125046817E+05 -0.59293030191335E+01  0.12570309206112E+05 -0.81689811729371E+02 -0.21531803142248E+03 -0.69211524548020E+03 -0.25558002735302E+02 -0.80915513415504E+02 -0.47496563618558E+03  0.00000000000000E+00  0.00000000000000E+00  0.00000000000000E+00  0.00000000000000E+00  0.00000000000000E+00  0.00000000000000E+00  0.31363704235135E+05  0.00000000000000E+00  0.00000000000000E+00  0.00000000000000E+00  0.00000000000000E+00  0.00000000000000E+00  0.00000000000000E+00  0.00000000000000E+00  0.00000000000000E+00  0.00000000000000E+00
  -0.32073661443003E+04  0.42284292536182E+03 -0.10103425551963E+03 -0.70986099481411E+02  0.89823035911611E+01 -0.18745040966680E+02 -0.13100813087861E+02 -0.14151734507756E+04  0.19221063051804E+03  0.43821322264703E+02 -0.10813076458938E+02 -0.77405078590231E+02 -0.62892450264250E+01 -0.13514248181679E+00 -0.72659538240372E+03  0.80235792320252E+02 -0.55904114730324E+03 -0.30849938648313E+03  0.21257473265458E+03  0.00000000000000E+00  0.00000000000000E+00  0.00000000000000E+00  0.00000000000000E+00  0.00000000000000E+00  0.00000000000000E+00  0.00000000000000E+00  0.00000000000000E+00  0.00000000000000E+00  0.00000000000000E+00  0.00000000000000E+00  0.00000000000000E+00  0.00000000000000E+00  0.00000000000000E+00  0.00000000000000E+00  0.37988731163300E+04  0.00000000000000E+00  0.00000000000000E+00  0.00000000000000E+00  0.00000000000000E+00  0.00000000000000E+00  0.00000000000000E+00  0.00000000000000E+00  0.00000000000000E+00
  -0.20482569521963E+06  0.63890271091939E+05 -0.79292926951260E+04 -0.11785134140889E+05  0.28990475912087E+04  0.46551942098115E+03 -0.97764951461886E+03 -0.56630421064030E+04  0.59339386665006E+03  0.55353958083190E+03 -0.44482585194321E+02 -0.20143822614159E+00 -0.14393630046973E+00 -0.11514590891091E-12  0.22640397103765E+03 -0.60759521639291E+02  0.53798136721547E+02  0.84950419804110E+02  0.18509586715910E+06  0.00000000000000E+00  0.00000000000000E+00  0.20531108794455E+04  0.30549506932055E+04  0.16278642317896E+05  0.00000000000000E+00  0.00000000000000E+00  0.00000000000000E+00  0.00000000000000E+00  0.00000000000000E+00  0.00000000000000E+00  0.00000000000000E+00  0.00000000000000E+00  0.00000000000000E+00  0.00000000000000E+00  0.00000000000000E+00  0.10625318985344E+06  0.00000000000000E+00  0.00000000000000E+00  0.00000000000000E+00  0.00000000000000E+00  0.00000000000000E+00  0.00000000000000E+00  0.00000000000000E+00
  -0.23093203454116E+06  0.71490249914425E+05 -0.89217271312495E+04 -0.53221164273301E+05  0.12899381515155E+05  0.17459991525121E+04 -0.45741746229475E+04 -0.11135109095232E+05  0.12014929089629E+04  0.10514493711709E+04 -0.87298696920051E+02  0.29550843466510E-02  0.20202734537828E-02 -0.79944151089153E-12  0.40748550556345E+03 -0.10787903643580E+03  0.10731241340487E+03  0.15838110219584E+03  0.81561878557379E+06  0.18402243555676E+03 -0.27380164499805E+06 -0.32478724195166E+04 -0.10700688666335E+05 -0.28445920744419E+05 -0.62164772573160E+03 -0.35780198984189E+04 -0.22328061768260E+05  0.00000000000000E+00  0.00000000000000E+00  0.00000000000000E+00  0.00000000000000E+00  0.00000000000000E+00  0.00000000000000E+00  0.00000000000000E+00  0.00000000000000E+00  0.00000000000000E+00  0.13873930132311E+06  0.00000000000000E+00  0.00000000000000E+00  0.00000000000000E+00  0.00000000000000E+00  0.00000000000000E+00  0.00000000000000E+00
