# fitpack15: fit parameters                                                                         
# CJ15 AV18 final data choices                                                                      
# Created on 01/16/2020 at 18:11:18                                                                 

 # QCD setup
  INS                           0
  NVL                          11
  IORD                          1
  Q02                   1.6899999999999999     
  IPARAMC                       7
  FLAVOR                4.0000000000000000     
  xmc                   1.3000000000000000     
  xmb                   4.5000000000000000     
  ncb                          12
  ihq                           1
  ias                           0

 # Theory corrections
  inuke                     10814
  itmc                          1
  iht                           1

 # fit parameters
 LAMBDA       0.22680        0.0000    
 a0uv          1.9542        0.0000    
 a1uv         0.56852       0.23578E-01
 a2uv          3.5567       0.11683E-01
 a3uv          0.0000        0.0000    
 a4uv          4.5699       0.63060    
 a5uv          0.0000        0.0000    
 a0dv          25.098        0.0000    
 a1dv          1.1577       0.33130E-01
 a2dv          6.6252       0.15905    
 a3dv         -3.5599       0.84702E-01
 a4dv          4.7850       0.13947    
 a5dv          0.0000        0.0000    
 a0ud         0.14198       0.49831E-02
 a1ud        -0.21085       0.38198E-02
 a2ud          8.4252       0.18947    
 a3ud          0.0000        0.0000    
 a4ud          15.773        1.3084    
 a5ud          0.0000        0.0000    
 a0du          35712.        0.0000    
 a1du          4.0851       0.86226E-01
 a2du          20.131       0.95862    
 a3du          17.000        0.0000    
 a4du          53.248        11.982    
 a0g           47.604        0.0000    
 a1g          0.61058       0.32795E-01
 a2g           6.8593       0.97270    
 a3g          -3.3831       0.14947    
 a4g           3.4081       0.38266    
 a5g           0.0000        0.0000    
 kappa        0.40000        0.0000    
 a6dv        -0.39146E-02   0.67086E-03
 a7dv          2.0000        0.0000    
 off1         -2.6795        1.8346    
 off2         0.52768E-01   0.10083E-01
 ht1          -3.5722       0.34773    
 ht2           2.0920       0.12496    
 ht3          -2.0476       0.35553E-01
 ht4           0.0000        0.0000    
 ht1n         -3.7613        1.0505    
 ht2n          2.0096       0.34620    
 ht3n         -2.1224       0.67764E-01
 ht4n          0.0000        0.0000    
 dummy44       0.0000        0.0000    
 dummy45       0.0000        0.0000    
 dummy46       0.0000        0.0000    
 dummy47       0.0000        0.0000    
 dummy48       0.0000        0.0000    
 dummy49       0.0000        0.0000    
 bcdmsh2      0.97003       0.48544E-02
 bcdmsd2      0.99005       0.58550E-02
 ccfr          1.0000        0.0000    
 nutev         1.0000        0.0000    
 zeus         0.97998        0.0000    
 h1            1.0162        0.0000    
 e605          1.0319        0.0000    
 NmcH2         1.0065       0.71340E-02
 ntv_nu        1.0000        0.0000    
 ntv_nubar     1.0000        0.0000    
 cdf_jet      0.98910        0.0000    
 d0_jet       0.83504        0.0000    
 slac_p        1.0020       0.50394E-02
 slac_d        1.0013       0.53122E-02
 e866pp       0.98188       0.19972E-01
 e866pd       0.96967       0.16452E-01
 d0_gamjet     1.0363       0.16487E-01
 h1b          0.97608        0.0000    
 jlab_p       0.99056       0.62872E-02
 jlab_d       0.97451       0.60145E-02
 blank         1.0000        0.0000    
 d0run2       0.94447       0.14206E-01
 cdfrun2      0.93126       0.17320E-01
 HERA_el       1.0000        0.0000    
 HERA_ps       1.0000        0.0000    
 CDF_Z        0.95918       0.66321E-02
 NmcRat        1.0000        0.0000    
 BNS_F2nd     0.98280       0.11783E-01
 HERMES_F2p   0.99591       0.56747E-02
 HERMES_F2d   0.97757       0.58470E-02
 END 0. 0.

 # Hessian matrix (Bevington alpha)
   0.51941819165844E+07 -0.13315412833568E+07  0.19508022643234E+06  0.50410462348533E+06 -0.12796656803880E+06 -0.29693526461863E+05  0.53254028178081E+05  0.98907856857659E+06 -0.18417234506760E+06 -0.50187089912273E+05  0.73169787829141E+04  0.15362423892749E+05  0.17256202174303E+04 -0.10636702212278E+03  0.96495386334797E+04 -0.21463920653191E+04  0.10036202686313E+05  0.72354571972077E+04 -0.78490946108846E+07 -0.16028946778590E+04 -0.12917602762557E+07  0.32457494961992E+05  0.11617797052096E+06  0.20181594217033E+06  0.11398130492555E+05  0.44172517173275E+05  0.22510460629296E+06 -0.13225581713815E+06 -0.56067340461669E+05 -0.52631811608506E+04 -0.86862227804001E+06 -0.11262769821537E+07 -0.20984689375918E+05 -0.47539746069944E+05 -0.32082088394972E+04 -0.20490697566139E+06 -0.23106586452447E+06 -0.92335264162342E+04 -0.32577871948626E+04 -0.18079560646616E+05  0.17130488073838E+05 -0.74369371017561E+05 -0.58623654510015E+05
  -0.13315412833568E+07  0.41655904898927E+06 -0.51084745004449E+05 -0.13736320079436E+06  0.34560721046879E+05  0.10705861501349E+05 -0.11133166041700E+05 -0.12546841110879E+06  0.26436330820364E+05  0.74012315300092E+04 -0.87861075062762E+03 -0.12000954207586E+04 -0.13949349312235E+03  0.12750218292406E+02  0.64510478487126E+03 -0.52917830547407E+02  0.13716910833405E+03  0.75060597323461E+02  0.26269718471072E+07  0.61444966514903E+03  0.36856301119925E+06 -0.62430697206288E+04 -0.26158121075897E+05 -0.50814191774622E+05 -0.26051653996030E+04 -0.10904355523846E+05 -0.61290084251001E+05  0.16793570476391E+05  0.82938172219141E+04 -0.19469704081162E+03  0.21052279862229E+06  0.26615692914470E+06  0.57491632184608E+04  0.13192639592446E+05  0.42271509823363E+03  0.63896613352908E+05  0.71584053867500E+05  0.24379477253717E+04  0.77158297358487E+03 -0.22151256145135E+04 -0.22578886143185E+04  0.86851752767202E+04  0.72963459719820E+04
   0.19508022643234E+06 -0.51084745004449E+05  0.73800121224636E+04  0.18734698982091E+05 -0.48679096071716E+04 -0.13642543043815E+04  0.19192967990548E+04  0.28032069644439E+05 -0.50701580641625E+04 -0.16665847229807E+04  0.21085775999837E+03  0.41724821247133E+03  0.53131961989421E+02 -0.40372946164593E+01 -0.27977447126353E+03 -0.70639872783057E+01 -0.12915123869262E+03 -0.76675625844343E+01 -0.30222407104313E+06 -0.62763378880202E+02 -0.49011783038754E+05  0.11865421963775E+04  0.42571052474862E+04  0.75160988132738E+04  0.42107542621594E+03  0.16379623441775E+04  0.84737422751351E+04 -0.46795583757781E+04 -0.19857354963818E+04  0.18604675488647E+02 -0.31875503603598E+05 -0.41520291090973E+05 -0.79979944225001E+03 -0.18188092051550E+04 -0.10088831605627E+03 -0.79160028433746E+04 -0.89116032241358E+04 -0.34670555353691E+03 -0.12110423078556E+03 -0.65777385745509E+02  0.61115165392545E+03 -0.22227586056166E+04 -0.17936627963792E+04
   0.50410462348533E+06 -0.13736320079436E+06  0.18734698982091E+05  0.40093015487792E+06 -0.62353867568701E+05  0.74451434668137E+05  0.64164253643582E+05  0.36289920187362E+06 -0.27935232348302E+05 -0.18338353687771E+05  0.31868468236896E+04 -0.13976213445980E+04 -0.15046601583413E+03  0.55008273652225E+02  0.30950893598665E+05 -0.37555157903487E+04  0.24444948193506E+05  0.13724898769143E+05 -0.22861931940198E+07 -0.26060494550358E+03 -0.35823847155729E+06  0.12041281210719E+05  0.35653691545429E+05  0.83312084725783E+05  0.38769670028182E+04  0.14124674643635E+05  0.62431199295918E+05 -0.12876161894919E+05 -0.21331691038111E+05 -0.67412231645209E+02 -0.66369703042999E+05 -0.34461762364700E+06 -0.13660689141727E+04 -0.24935180225058E+04 -0.70731470072174E+02 -0.11783558039352E+05 -0.53178878415200E+05 -0.24815704371489E+04 -0.96412892537681E+03 -0.98241473893822E+04 -0.15891054183657E+05 -0.72627383934632E+04 -0.21523354586212E+05
  -0.12796656803880E+06  0.34560721046879E+05 -0.48679096071716E+04 -0.62353867568701E+05  0.11450440309413E+05 -0.74603204771828E+04 -0.91366276783943E+04 -0.33383531127426E+05  0.51943311680830E+03  0.23631241346556E+04 -0.31816720266463E+03 -0.19931564757064E+02  0.50539151206521E+01 -0.48982219071567E+01 -0.25973429152915E+04  0.31964438815851E+03 -0.19990441099254E+04 -0.11370013270720E+04  0.48957758931550E+06  0.74801947645373E+02  0.73675505415944E+05 -0.22216939683975E+04 -0.66024732310671E+04 -0.15898578589763E+05 -0.67711508511230E+03 -0.25145407910423E+04 -0.12206376930528E+05  0.19996319703476E+04  0.33634282833670E+04 -0.57380344760153E+02  0.11793110045434E+05  0.62595175622288E+05  0.32019593102465E+03  0.56409437773319E+03  0.89484983542308E+01  0.29014644758735E+04  0.12918787675564E+05  0.46621055575876E+03  0.17275462691515E+03  0.37014943192396E+03  0.25100851393581E+04  0.81531118833491E+03  0.25159052441466E+04
  -0.29693526461863E+05  0.10705861501349E+05 -0.13642543043815E+04  0.74451434668137E+05 -0.74603204771828E+04  0.24536583675567E+05  0.14638109161214E+05  0.11105128372754E+06 -0.10511032340962E+05 -0.45893140909137E+04  0.95595191723272E+03 -0.71527875101194E+03 -0.67300437091316E+02  0.18734006315940E+02  0.95103765373441E+04 -0.11855053109528E+04  0.75967616516560E+04  0.43297927853999E+04 -0.44758685867445E+05  0.54208899711339E+02 -0.19844321278186E+05  0.13858838896047E+04  0.39235327629724E+04  0.77601447930233E+04  0.54803583320466E+03  0.18236834363999E+04  0.49323267493810E+04 -0.27471828396980E+04 -0.42110481731994E+04  0.15306016803751E+03 -0.84708025417804E+04 -0.41260297720128E+05  0.14406287453243E+02 -0.82278221326012E+01 -0.18785220346108E+02  0.46523854595577E+03  0.17827093907279E+04 -0.24684167260342E+03 -0.12719186795111E+03 -0.31690492082466E+04 -0.32792031987987E+04 -0.18651724279677E+04 -0.53565555976021E+04
   0.53254028178081E+05 -0.11133166041700E+05  0.19192967990548E+04  0.64164253643582E+05 -0.91366276783943E+04  0.14638109161214E+05  0.11373981733101E+05  0.61181649445299E+05 -0.34908146359981E+04 -0.32668867960740E+04  0.55455975515033E+03 -0.23343082292366E+03 -0.27077163427565E+02  0.98235693059074E+01  0.48798538290939E+04 -0.61641649181823E+03  0.37893412140151E+04  0.21866629436265E+04 -0.24133262659696E+06 -0.48085124342956E+01 -0.45291672699309E+05  0.18006239608168E+04  0.51811087694077E+04  0.11538815554798E+05  0.61550218005047E+03  0.21337767223775E+04  0.82466468946587E+04 -0.24684500391576E+04 -0.38677267787853E+04  0.13840322177397E+03 -0.98549839309859E+04 -0.51339563825451E+05 -0.15424483880380E+03 -0.27421505099272E+03 -0.13112367788656E+02 -0.98104944868575E+03 -0.45755931209728E+04 -0.35556666668806E+03 -0.15022900923089E+03 -0.13447557375720E+04 -0.31277223356899E+04 -0.11513712772900E+04 -0.34269596589647E+04
   0.98907856857659E+06 -0.12546841110879E+06  0.28032069644439E+05  0.36289920187362E+06 -0.33383531127426E+05  0.11105128372754E+06  0.61181649445299E+05  0.53868381012257E+07 -0.24090892947921E+07 -0.89462501787350E+05  0.25991141673350E+05  0.26508045809600E+05  0.17946551356412E+04  0.98049805953809E+02  0.89163777079581E+05 -0.11301201448146E+05  0.81341880716070E+05  0.44092115577528E+05 -0.59170349092862E+06  0.37614306346880E+03 -0.15267786052825E+06  0.17828731802757E+05  0.58442742058408E+05  0.94423403755977E+05  0.61727824687599E+04  0.22740280231373E+05  0.69769972799819E+05 -0.63164874923275E+05 -0.50620278532351E+05 -0.70422565246916E+05 -0.29582540312147E+06 -0.58143818410733E+06 -0.73988397928480E+05 -0.16646477488969E+06 -0.14124645824736E+04 -0.56741396963753E+04 -0.11182457753498E+05  0.23302986696095E+03  0.25311583237188E+03 -0.27440813618769E+06 -0.87768533850712E+04 -0.14464616803114E+06 -0.17839281483493E+06
  -0.18417234506760E+06  0.26436330820364E+05 -0.50701580641625E+04 -0.27935232348302E+05  0.51943311680830E+03 -0.10511032340962E+05 -0.34908146359981E+04 -0.24090892947921E+07  0.19292275506323E+07  0.19481623743621E+05 -0.64104439921048E+04 -0.55619851680781E+04 -0.30737005952942E+03 -0.13726244278822E+02  0.48002520792054E+05 -0.22206964130821E+04  0.14510784727798E+05  0.69168155287041E+04 -0.26017247902087E+05 -0.94739790070960E+02  0.25625676417864E+04 -0.35143310655096E+04 -0.12079530504944E+05 -0.18378926066101E+05 -0.12575257406235E+04 -0.48027778434932E+04 -0.13282512606007E+05  0.11581817943305E+05  0.10931673308502E+05  0.24745810804006E+05  0.67166070044511E+05  0.12765741795334E+06  0.22912135372254E+05  0.51620840020303E+05  0.19125599839911E+03  0.59440945765798E+03  0.12067042767409E+04 -0.12465820205895E+04 -0.69370712629231E+03  0.11307805002235E+06  0.15684239948643E+04  0.45278725705310E+05  0.55303308990950E+05
  -0.50187089912273E+05  0.74012315300092E+04 -0.16665847229807E+04 -0.18338353687771E+05  0.23631241346556E+04 -0.45893140909137E+04 -0.32668867960740E+04 -0.89462501787350E+05  0.19481623743621E+05  0.26625802532758E+04 -0.61443121984074E+03 -0.66039739984852E+03 -0.58716758691773E+02 -0.17558393442429E+01 -0.40249976548905E+04  0.49091798478944E+03 -0.32020701434878E+04 -0.18151298391319E+04  0.56901442521346E+05 -0.74161197234216E+01  0.13513644276413E+05 -0.78402137610070E+03 -0.24231115354623E+04 -0.42418167646045E+04 -0.26083726742354E+03 -0.92284276687336E+03 -0.32700727622062E+04  0.27567324423617E+04  0.19032334736309E+04  0.73780074625878E+03  0.11040216657198E+05  0.22948185584755E+05  0.14968061222640E+04  0.33091966190787E+04  0.43766452704639E+02  0.55464540107119E+03  0.10557033238522E+04  0.12999112257626E+03  0.57869755938425E+02  0.31400487001239E+04  0.43560743425226E+03  0.28401656735181E+04  0.35903416709510E+04
   0.73169787829141E+04 -0.87861075062762E+03  0.21085775999837E+03  0.31868468236896E+04 -0.31816720266463E+03  0.95595191723272E+03  0.55455975515033E+03  0.25991141673350E+05 -0.64104439921048E+04 -0.61443121984074E+03  0.16628296211455E+03  0.18555719130507E+03  0.13572716769858E+02  0.65312415159379E+00  0.12227994666554E+04 -0.13532960538135E+03  0.94197952260670E+03  0.51289817039369E+03 -0.60652099451060E+04  0.24768754308509E+01 -0.14203587561656E+04  0.12673699315100E+03  0.40890494983639E+03  0.67347527040415E+03  0.43393395766311E+02  0.15778436237790E+03  0.50046644154636E+03 -0.46206857825843E+03 -0.34848969712123E+03 -0.33453253365510E+03 -0.19950509923572E+04 -0.39701919411977E+04 -0.41687619382481E+03 -0.93833387646871E+03 -0.10811615716259E+02 -0.44638420123858E+02 -0.87801495123179E+02 -0.13214265047192E+02 -0.62004533078059E+01 -0.11303098752027E+04 -0.64097002801593E+02 -0.81314150384446E+03 -0.10101797452634E+04
   0.15362423892749E+05 -0.12000954207586E+04  0.41724821247133E+03 -0.13976213445980E+04 -0.19931564757064E+02 -0.71527875101194E+03 -0.23343082292366E+03  0.26508045809600E+05 -0.55619851680781E+04 -0.66039739984852E+03  0.18555719130507E+03  0.15626675993130E+04  0.10423244737299E+03 -0.11712489381173E+01  0.13680463468780E+04 -0.19169142494379E+03  0.13216152670941E+04  0.76780115883377E+03 -0.60417925673738E+04 -0.49578563343287E+01 -0.64698166387211E+03  0.80421801120708E+01  0.17566681683270E+03 -0.39899094259345E+03 -0.21755375043129E+02 -0.89832080236523E+02 -0.22898987355293E+03 -0.11149156254167E+04 -0.71889190529916E-01 -0.68460564254344E+03 -0.49694686042746E+04 -0.16046836356244E+02 -0.22425605584801E+04 -0.69171084127180E+02 -0.77375559991814E+02 -0.20523238202498E+00  0.27814785547629E-02 -0.17014031921916E+01 -0.72816072803432E+00  0.29076730528303E+03  0.30463688146429E+03 -0.26657925487690E+04 -0.42945749883188E+01
   0.17256202174303E+04 -0.13949349312235E+03  0.53131961989421E+02 -0.15046601583413E+03  0.50539151206521E+01 -0.67300437091316E+02 -0.27077163427565E+02  0.17946551356412E+04 -0.30737005952942E+03 -0.58716758691773E+02  0.13572716769858E+02  0.10423244737299E+03  0.94509901262769E+01 -0.16856587089560E+00  0.76672744871750E+02 -0.12880176459572E+02  0.77900957514857E+02  0.49413934965790E+02 -0.28954796596750E+03 -0.40767286431928E+00  0.24539139903706E+02  0.29021410152268E+01  0.23287696977764E+02 -0.43216636363593E+02 -0.23661174245044E+01 -0.91147747552431E+01 -0.18790261013418E+02 -0.16415299567398E+03 -0.96064461971153E-02 -0.26978761858711E+02 -0.58522230649342E+03 -0.18683456488252E+01 -0.14147257939899E+03 -0.18146254905862E+02 -0.62967182658407E+01 -0.14667464407160E+00  0.19219574460551E-02 -0.18021181941468E+00 -0.69929137751216E-01  0.28792782577488E+02  0.68077925542286E+02 -0.19341286931096E+03 -0.34071257461170E+00
  -0.10636702212278E+03  0.12750218292406E+02 -0.40372946164593E+01  0.55008273652225E+02 -0.48982219071567E+01  0.18734006315940E+02  0.98235693059074E+01  0.98049805953809E+02 -0.13726244278822E+02 -0.17558393442429E+01  0.65312415159379E+00 -0.11712489381173E+01 -0.16856587089560E+00  0.48516230988663E-01  0.14079626200797E+02 -0.10882128799642E+01  0.84126839215758E+01  0.39627868687496E+01 -0.80119279906944E+02  0.21342108862426E-01 -0.23118397383528E+02  0.28008026748866E+00  0.71532707383715E+00  0.26006147942263E+01  0.11151094094699E+00  0.37511512922248E+00  0.17176466089036E+01  0.68123192199142E-01 -0.22403148256056E-04 -0.58946421493581E+01 -0.73749646367689E+00 -0.17160512284387E-02 -0.30842998686673E+01 -0.13674994437571E-04 -0.13482381742319E+00  0.36034517461050E-12 -0.66281425640709E-12 -0.16201164471852E-02 -0.88972779612405E-03 -0.15761749707960E+01  0.38568789715375E-04 -0.30226450192764E+01 -0.31101824545507E-02
   0.96495386334797E+04  0.64510478487126E+03 -0.27977447126353E+03  0.30950893598665E+05 -0.25973429152915E+04  0.95103765373441E+04  0.48798538290939E+04  0.89163777079581E+05  0.48002520792054E+05 -0.40249976548905E+04  0.12227994666554E+04  0.13680463468780E+04  0.76672744871750E+02  0.14079626200797E+02  0.49600450544156E+05 -0.46143227896150E+04  0.32840647801119E+05  0.17113971648682E+05 -0.55472006780270E+05  0.28719205851438E+01  0.43945952972655E+04 -0.12767771188662E+03 -0.40001603834617E+03 -0.34972613407858E+03 -0.41218824476258E+02 -0.14543556599683E+03 -0.37247302238179E+03 -0.26908190429842E+04 -0.17651611019083E+04 -0.24902151065252E+04  0.20280245480723E+04  0.43737581209474E+04 -0.14781144287608E+04 -0.29343320530929E+04 -0.72743833055191E+03  0.22660905340921E+03  0.40893832684667E+03 -0.28568911007926E+04 -0.15200402396589E+04 -0.24094917765631E+04  0.19434319606422E+03 -0.89477940293878E+03 -0.10081376837138E+04
  -0.21463920653191E+04 -0.52917830547407E+02 -0.70639872783057E+01 -0.37555157903487E+04  0.31964438815851E+03 -0.11855053109528E+04 -0.61641649181823E+03 -0.11301201448146E+05 -0.22206964130821E+04  0.49091798478944E+03 -0.13532960538135E+03 -0.19169142494379E+03 -0.12880176459572E+02 -0.10882128799642E+01 -0.46143227896150E+04  0.49886058432428E+03 -0.34511858547533E+04 -0.18741329690643E+04  0.64868078833336E+04 -0.96912280165341E+00 -0.67048009998174E+03  0.13226866510008E+02  0.36984929638421E+02  0.14231889732264E+02  0.41000370330873E+01  0.13836103958361E+02  0.38677944724515E+02  0.49480075304025E+03  0.31004916554537E+03  0.28762868871816E+03 -0.16918610482750E+03 -0.50683485630016E+03  0.15296931216460E+03  0.30273135964291E+03  0.80437543019986E+02 -0.60835939037564E+02 -0.10828741509094E+03  0.43296184194241E+03  0.21475090966454E+03 -0.29961897832614E+03 -0.35075381476590E+02  0.24919293557772E+03  0.27923987543940E+03
   0.10036202686313E+05  0.13716910833405E+03 -0.12915123869262E+03  0.24444948193506E+05 -0.19990441099254E+04  0.75967616516560E+04  0.37893412140151E+04  0.81341880716070E+05  0.14510784727798E+05 -0.32020701434878E+04  0.94197952260670E+03  0.13216152670941E+04  0.77900957514857E+02  0.84126839215758E+01  0.32840647801119E+05 -0.34511858547533E+04  0.24428114878527E+05  0.13079350598292E+05 -0.44136384101869E+05  0.94689925535620E+00  0.39688223656411E+04 -0.13770849869755E+03 -0.41779854745695E+03 -0.42223213189025E+03 -0.45526876950487E+02 -0.15266271762461E+03 -0.36503661630107E+03 -0.22398618955825E+04 -0.14607093964482E+04 -0.23270606770869E+04  0.20019680514326E+04  0.41042753013059E+04 -0.11559348788100E+04 -0.23010148475046E+04 -0.55669843026393E+03  0.51607247939397E+02  0.10361225830728E+03 -0.22876863235646E+04 -0.12428291530838E+04  0.89496598597427E+03  0.18771797832430E+03 -0.13964359074001E+04 -0.15536366306880E+04
   0.72354571972077E+04  0.75060597323461E+02 -0.76675625844343E+01  0.13724898769143E+05 -0.11370013270720E+04  0.43297927853999E+04  0.21866629436265E+04  0.44092115577528E+05  0.69168155287041E+04 -0.18151298391319E+04  0.51289817039369E+03  0.76780115883377E+03  0.49413934965790E+02  0.39627868687496E+01  0.17113971648682E+05 -0.18741329690643E+04  0.13079350598292E+05  0.71068452396340E+04 -0.24597129317626E+05  0.18036601836321E+01  0.24794996134055E+04 -0.73888902897545E+02 -0.21164202440120E+03 -0.18042773665186E+03 -0.24131739733470E+02 -0.78372179502582E+02 -0.19003111957004E+03 -0.16072125458800E+04 -0.10146128181935E+04 -0.11736060665441E+04  0.94721816896887E+03  0.22688003969684E+04 -0.58606246117235E+03 -0.11680152229561E+04 -0.30728652480173E+03  0.83373178407424E+02  0.15594370187092E+03 -0.14860218081879E+04 -0.77383421471357E+03  0.11779189084681E+04  0.13636859631148E+03 -0.10011242522316E+04 -0.11137879225595E+04
  -0.78490946108846E+07  0.26269718471072E+07 -0.30222407104313E+06 -0.22861931940198E+07  0.48957758931550E+06 -0.44758685867445E+05 -0.24133262659696E+06 -0.59170349092862E+06 -0.26017247902087E+05  0.56901442521346E+05 -0.60652099451060E+04 -0.60417925673738E+04 -0.28954796596750E+03 -0.80119279906944E+02 -0.55472006780270E+05  0.64868078833336E+04 -0.44136384101869E+05 -0.24597129317626E+05  0.34168481591690E+08  0.71772622185734E+04  0.41792010841405E+07 -0.96203200040847E+05 -0.31661004354180E+06 -0.82084353894724E+06 -0.27628335360103E+05 -0.11751856187332E+06 -0.67058120878245E+06  0.34513231818041E+05  0.76730846460326E+05 -0.12283042373949E+04  0.57155676112350E+06  0.28133279000345E+07  0.17223481901101E+05  0.31674226212393E+05  0.21242779990368E+03  0.18612391537086E+06  0.82145091495111E+06  0.24579368844283E+05  0.77323541913515E+04 -0.18583359501854E+05  0.45088758212936E+05  0.20791663957197E+05  0.64645847106658E+05
  -0.16028946778590E+04  0.61444966514903E+03 -0.62763378880202E+02 -0.26060494550358E+03  0.74801947645373E+02  0.54208899711339E+02 -0.48085124342956E+01  0.37614306346880E+03 -0.94739790070960E+02 -0.74161197234216E+01  0.24768754308509E+01 -0.49578563343287E+01 -0.40767286431928E+00  0.21342108862426E-01  0.28719205851438E+01 -0.96912280165341E+00  0.94689925535620E+00  0.18036601836321E+01  0.71772622185734E+04  0.26113245714180E+01  0.10242563456977E+04 -0.19799497841350E+02 -0.65115357268449E+02 -0.19222201968072E+03 -0.38762018098104E+01 -0.20450242745722E+02 -0.14862839881155E+03  0.00000000000000E+00 -0.22164346426818E+02  0.00000000000000E+00  0.00000000000000E+00  0.50263754634944E+03  0.00000000000000E+00 -0.84508540781622E+01  0.00000000000000E+00  0.00000000000000E+00  0.23586838578885E+03  0.00000000000000E+00  0.00000000000000E+00  0.00000000000000E+00  0.84605582156228E+01  0.00000000000000E+00 -0.24460263481402E+02
  -0.12917602762557E+07  0.36856301119925E+06 -0.49011783038754E+05 -0.35823847155729E+06  0.73675505415944E+05 -0.19844321278186E+05 -0.45291672699309E+05 -0.15267786052825E+06  0.25625676417864E+04  0.13513644276413E+05 -0.14203587561656E+04 -0.64698166387211E+03  0.24539139903706E+02 -0.23118397383528E+02  0.43945952972655E+04 -0.67048009998174E+03  0.39688223656411E+04  0.24794996134055E+04  0.41792010841405E+07  0.10242563456977E+04  0.90961920882733E+06 -0.26757812610648E+05 -0.78823186815708E+05 -0.20598641233558E+06 -0.75313344631387E+04 -0.28738792200549E+05 -0.15212244612247E+06  0.00000000000000E+00  0.27423521343461E+05  0.00000000000000E+00  0.00000000000000E+00  0.67055955080568E+06  0.00000000000000E+00 -0.64145660864296E+04  0.00000000000000E+00  0.00000000000000E+00  0.13875930339411E+06  0.00000000000000E+00  0.00000000000000E+00  0.00000000000000E+00 -0.24210287347264E+05  0.00000000000000E+00  0.22828343796307E+05
   0.32457494961992E+05 -0.62430697206288E+04  0.11865421963775E+04  0.12041281210719E+05 -0.22216939683975E+04  0.13858838896047E+04  0.18006239608168E+04  0.17828731802757E+05 -0.35143310655096E+04 -0.78402137610070E+03  0.12673699315100E+03  0.80421801120708E+01  0.29021410152268E+01  0.28008026748866E+00 -0.12767771188662E+03  0.13226866510008E+02 -0.13770849869755E+03 -0.73888902897545E+02 -0.96203200040847E+05 -0.19799497841350E+02 -0.26757812610648E+05  0.10891703274921E+04  0.29891484783324E+04  0.74816136279428E+04  0.28649662688599E+03  0.10299000354635E+04  0.49799273529514E+04 -0.46067385183032E+02 -0.12896465068235E+04  0.44077858874624E+01  0.59196883381936E+03 -0.24978013329009E+05  0.00000000000000E+00 -0.11397737767045E+03  0.00000000000000E+00  0.20484402748621E+04 -0.28824198663559E+04  0.00000000000000E+00  0.00000000000000E+00  0.00000000000000E+00  0.12042138065947E+04 -0.30368129101442E+03 -0.16619985553150E+04
   0.11617797052096E+06 -0.26158121075897E+05  0.42571052474862E+04  0.35653691545429E+05 -0.66024732310671E+04  0.39235327629724E+04  0.51811087694077E+04  0.58442742058408E+05 -0.12079530504944E+05 -0.24231115354623E+04  0.40890494983639E+03  0.17566681683270E+03  0.23287696977764E+02  0.71532707383715E+00 -0.40001603834617E+03  0.36984929638421E+02 -0.41779854745695E+03 -0.21164202440120E+03 -0.31661004354180E+06 -0.65115357268449E+02 -0.78823186815708E+05  0.29891484783324E+04  0.86442609886180E+04  0.20606816504983E+05  0.81645366257734E+03  0.29965984510514E+04  0.14567855047379E+05 -0.15139918319205E+03 -0.34159910580117E+04 -0.17192886026578E+02 -0.57432271824586E+04 -0.72613929206244E+05  0.00000000000000E+00 -0.30042160787442E+03  0.00000000000000E+00  0.30545012388983E+04 -0.97294142263080E+04  0.00000000000000E+00  0.00000000000000E+00  0.00000000000000E+00  0.35093488130382E+04 -0.17560523785594E+04 -0.49381801400666E+04
   0.20181594217033E+06 -0.50814191774622E+05  0.75160988132738E+04  0.83312084725783E+05 -0.15898578589763E+05  0.77601447930233E+04  0.11538815554798E+05  0.94423403755977E+05 -0.18378926066101E+05 -0.42418167646045E+04  0.67347527040415E+03 -0.39899094259345E+03 -0.43216636363593E+02  0.26006147942263E+01 -0.34972613407858E+03  0.14231889732264E+02 -0.42223213189025E+03 -0.18042773665186E+03 -0.82084353894724E+06 -0.19222201968072E+03 -0.20598641233558E+06  0.74816136279428E+04  0.20606816504983E+05  0.58505499837577E+05  0.20325009538547E+04  0.75117076644951E+04  0.37611548281053E+05  0.23550127532745E+03 -0.10711643326577E+05 -0.43767725272709E+01  0.37149962456182E+05 -0.17551071917548E+06  0.00000000000000E+00 -0.96567098216493E+03  0.00000000000000E+00  0.16273012961773E+05 -0.25322100497209E+05  0.00000000000000E+00  0.00000000000000E+00  0.00000000000000E+00  0.57489102536278E+04  0.14686292639641E+04 -0.11618328371341E+05
   0.11398130492555E+05 -0.26051653996030E+04  0.42107542621594E+03  0.38769670028182E+04 -0.67711508511230E+03  0.54803583320466E+03  0.61550218005047E+03  0.61727824687599E+04 -0.12575257406235E+04 -0.26083726742354E+03  0.43393395766311E+02 -0.21755375043129E+02 -0.23661174245044E+01  0.11151094094699E+00 -0.41218824476258E+02  0.41000370330873E+01 -0.45526876950487E+02 -0.24131739733470E+02 -0.27628335360103E+05 -0.38762018098104E+01 -0.75313344631387E+04  0.28649662688599E+03  0.81645366257734E+03  0.20325009538547E+04  0.96499916279976E+02  0.33962517951981E+03  0.14403810519967E+04  0.00000000000000E+00 -0.40801823385127E+03  0.00000000000000E+00  0.00000000000000E+00 -0.80552022430484E+04  0.00000000000000E+00 -0.35659699399411E+02  0.00000000000000E+00  0.00000000000000E+00 -0.52976320329550E+03  0.00000000000000E+00  0.00000000000000E+00  0.00000000000000E+00  0.20492483385795E+02  0.00000000000000E+00 -0.61512854862325E+03
   0.44172517173275E+05 -0.10904355523846E+05  0.16379623441775E+04  0.14124674643635E+05 -0.25145407910423E+04  0.18236834363999E+04  0.21337767223775E+04  0.22740280231373E+05 -0.48027778434932E+04 -0.92284276687336E+03  0.15778436237790E+03 -0.89832080236523E+02 -0.91147747552431E+01  0.37511512922248E+00 -0.14543556599683E+03  0.13836103958361E+02 -0.15266271762461E+03 -0.78372179502582E+02 -0.11751856187332E+06 -0.20450242745722E+02 -0.28738792200549E+05  0.10299000354635E+04  0.29965984510514E+04  0.75117076644951E+04  0.33962517951981E+03  0.12441068280676E+04  0.53747765497692E+04  0.00000000000000E+00 -0.12985587900835E+04  0.00000000000000E+00  0.00000000000000E+00 -0.29147693433276E+05  0.00000000000000E+00 -0.11289704109627E+03  0.00000000000000E+00  0.00000000000000E+00 -0.32153165088817E+04  0.00000000000000E+00  0.00000000000000E+00  0.00000000000000E+00 -0.58748003916139E+02  0.00000000000000E+00 -0.22672035740527E+04
   0.22510460629296E+06 -0.61290084251001E+05  0.84737422751351E+04  0.62431199295918E+05 -0.12206376930528E+05  0.49323267493810E+04  0.82466468946587E+04  0.69769972799819E+05 -0.13282512606007E+05 -0.32700727622062E+04  0.50046644154636E+03 -0.22898987355293E+03 -0.18790261013418E+02  0.17176466089036E+01 -0.37247302238179E+03  0.38677944724515E+02 -0.36503661630107E+03 -0.19003111957004E+03 -0.67058120878245E+06 -0.14862839881155E+03 -0.15212244612247E+06  0.49799273529514E+04  0.14567855047379E+05  0.37611548281053E+05  0.14403810519967E+04  0.53747765497692E+04  0.27910121021423E+05  0.00000000000000E+00 -0.73508976093555E+04  0.00000000000000E+00  0.00000000000000E+00 -0.12489919419964E+06  0.00000000000000E+00 -0.66269387271146E+03  0.00000000000000E+00  0.00000000000000E+00 -0.20121066646955E+05  0.00000000000000E+00  0.00000000000000E+00  0.00000000000000E+00  0.78231632041101E+04  0.00000000000000E+00 -0.80011080165828E+04
  -0.13225581713815E+06  0.16793570476391E+05 -0.46795583757781E+04 -0.12876161894919E+05  0.19996319703476E+04 -0.27471828396980E+04 -0.24684500391576E+04 -0.63164874923275E+05  0.11581817943305E+05  0.27567324423617E+04 -0.46206857825843E+03 -0.11149156254167E+04 -0.16415299567398E+03  0.68123192199142E-01 -0.26908190429842E+04  0.49480075304025E+03 -0.22398618955825E+04 -0.16072125458800E+04  0.34513231818041E+05  0.00000000000000E+00  0.00000000000000E+00 -0.46067385183032E+02 -0.15139918319205E+03  0.23550127532745E+03  0.00000000000000E+00  0.00000000000000E+00  0.00000000000000E+00  0.11695824469340E+06  0.00000000000000E+00  0.00000000000000E+00  0.00000000000000E+00  0.00000000000000E+00  0.00000000000000E+00  0.00000000000000E+00  0.00000000000000E+00  0.00000000000000E+00  0.00000000000000E+00  0.00000000000000E+00  0.00000000000000E+00  0.00000000000000E+00  0.00000000000000E+00  0.00000000000000E+00  0.00000000000000E+00
  -0.56067340461669E+05  0.82938172219141E+04 -0.19857354963818E+04 -0.21331691038111E+05  0.33634282833670E+04 -0.42110481731994E+04 -0.38677267787853E+04 -0.50620278532351E+05  0.10931673308502E+05  0.19032334736309E+04 -0.34848969712123E+03 -0.71889190529916E-01 -0.96064461971153E-02 -0.22403148256056E-04 -0.17651611019083E+04  0.31004916554537E+03 -0.14607093964482E+04 -0.10146128181935E+04  0.76730846460326E+05 -0.22164346426818E+02  0.27423521343461E+05 -0.12896465068235E+04 -0.34159910580117E+04 -0.10711643326577E+05 -0.40801823385127E+03 -0.12985587900835E+04 -0.73508976093555E+04  0.00000000000000E+00  0.64985086516931E+05  0.00000000000000E+00  0.00000000000000E+00  0.00000000000000E+00  0.00000000000000E+00  0.00000000000000E+00  0.00000000000000E+00  0.00000000000000E+00  0.00000000000000E+00  0.00000000000000E+00  0.00000000000000E+00  0.00000000000000E+00  0.00000000000000E+00  0.00000000000000E+00  0.00000000000000E+00
  -0.52631811608506E+04 -0.19469704081162E+03  0.18604675488647E+02 -0.67412231645209E+02 -0.57380344760153E+02  0.15306016803751E+03  0.13840322177397E+03 -0.70422565246916E+05  0.24745810804006E+05  0.73780074625878E+03 -0.33453253365510E+03 -0.68460564254344E+03 -0.26978761858711E+02 -0.58946421493581E+01 -0.24902151065252E+04  0.28762868871816E+03 -0.23270606770869E+04 -0.11736060665441E+04 -0.12283042373949E+04  0.00000000000000E+00  0.00000000000000E+00  0.44077858874624E+01 -0.17192886026578E+02 -0.43767725272709E+01  0.00000000000000E+00  0.00000000000000E+00  0.00000000000000E+00  0.00000000000000E+00  0.00000000000000E+00  0.30809978026534E+05  0.00000000000000E+00  0.00000000000000E+00  0.00000000000000E+00  0.00000000000000E+00  0.00000000000000E+00  0.00000000000000E+00  0.00000000000000E+00  0.00000000000000E+00  0.00000000000000E+00  0.00000000000000E+00  0.00000000000000E+00  0.00000000000000E+00  0.00000000000000E+00
  -0.86862227804001E+06  0.21052279862229E+06 -0.31875503603598E+05 -0.66369703042999E+05  0.11793110045434E+05 -0.84708025417804E+04 -0.98549839309859E+04 -0.29582540312147E+06  0.67166070044511E+05  0.11040216657198E+05 -0.19950509923572E+04 -0.49694686042746E+04 -0.58522230649342E+03 -0.73749646367689E+00  0.20280245480723E+04 -0.16918610482750E+03  0.20019680514326E+04  0.94721816896887E+03  0.57155676112350E+06  0.00000000000000E+00  0.00000000000000E+00  0.59196883381936E+03 -0.57432271824586E+04  0.37149962456182E+05  0.00000000000000E+00  0.00000000000000E+00  0.00000000000000E+00  0.00000000000000E+00  0.00000000000000E+00  0.00000000000000E+00  0.58069019375348E+06  0.00000000000000E+00  0.00000000000000E+00  0.00000000000000E+00  0.00000000000000E+00  0.00000000000000E+00  0.00000000000000E+00  0.00000000000000E+00  0.00000000000000E+00  0.00000000000000E+00  0.00000000000000E+00  0.00000000000000E+00  0.00000000000000E+00
  -0.11262769821537E+07  0.26615692914470E+06 -0.41520291090973E+05 -0.34461762364700E+06  0.62595175622288E+05 -0.41260297720128E+05 -0.51339563825451E+05 -0.58143818410733E+06  0.12765741795334E+06  0.22948185584755E+05 -0.39701919411977E+04 -0.16046836356244E+02 -0.18683456488252E+01 -0.17160512284387E-02  0.43737581209474E+04 -0.50683485630016E+03  0.41042753013059E+04  0.22688003969684E+04  0.28133279000345E+07  0.50263754634944E+03  0.67055955080568E+06 -0.24978013329009E+05 -0.72613929206244E+05 -0.17551071917548E+06 -0.80552022430484E+04 -0.29147693433276E+05 -0.12489919419964E+06  0.00000000000000E+00  0.00000000000000E+00  0.00000000000000E+00  0.00000000000000E+00  0.92320785083655E+06  0.00000000000000E+00  0.00000000000000E+00  0.00000000000000E+00  0.00000000000000E+00  0.00000000000000E+00  0.00000000000000E+00  0.00000000000000E+00  0.00000000000000E+00  0.00000000000000E+00  0.00000000000000E+00  0.00000000000000E+00
  -0.20984689375918E+05  0.57491632184608E+04 -0.79979944225001E+03 -0.13660689141727E+04  0.32019593102465E+03  0.14406287453243E+02 -0.15424483880380E+03 -0.73988397928480E+05  0.22912135372254E+05  0.14968061222640E+04 -0.41687619382481E+03 -0.22425605584801E+04 -0.14147257939899E+03 -0.30842998686673E+01 -0.14781144287608E+04  0.15296931216460E+03 -0.11559348788100E+04 -0.58606246117235E+03  0.17223481901101E+05  0.00000000000000E+00  0.00000000000000E+00  0.00000000000000E+00  0.00000000000000E+00  0.00000000000000E+00  0.00000000000000E+00  0.00000000000000E+00  0.00000000000000E+00  0.00000000000000E+00  0.00000000000000E+00  0.00000000000000E+00  0.00000000000000E+00  0.00000000000000E+00  0.14301395641431E+05  0.00000000000000E+00  0.00000000000000E+00  0.00000000000000E+00  0.00000000000000E+00  0.00000000000000E+00  0.00000000000000E+00  0.00000000000000E+00  0.00000000000000E+00  0.00000000000000E+00  0.00000000000000E+00
  -0.47539746069944E+05  0.13192639592446E+05 -0.18188092051550E+04 -0.24935180225058E+04  0.56409437773319E+03 -0.82278221326012E+01 -0.27421505099272E+03 -0.16646477488969E+06  0.51620840020303E+05  0.33091966190787E+04 -0.93833387646871E+03 -0.69171084127180E+02 -0.18146254905862E+02 -0.13674994437571E-04 -0.29343320530929E+04  0.30273135964291E+03 -0.23010148475046E+04 -0.11680152229561E+04  0.31674226212393E+05 -0.84508540781622E+01 -0.64145660864296E+04 -0.11397737767045E+03 -0.30042160787442E+03 -0.96567098216493E+03 -0.35659699399411E+02 -0.11289704109627E+03 -0.66269387271146E+03  0.00000000000000E+00  0.00000000000000E+00  0.00000000000000E+00  0.00000000000000E+00  0.00000000000000E+00  0.00000000000000E+00  0.31412238065495E+05  0.00000000000000E+00  0.00000000000000E+00  0.00000000000000E+00  0.00000000000000E+00  0.00000000000000E+00  0.00000000000000E+00  0.00000000000000E+00  0.00000000000000E+00  0.00000000000000E+00
  -0.32082088394972E+04  0.42271509823363E+03 -0.10088831605627E+03 -0.70731470072174E+02  0.89484983542308E+01 -0.18785220346108E+02 -0.13112367788656E+02 -0.14124645824736E+04  0.19125599839911E+03  0.43766452704639E+02 -0.10811615716259E+02 -0.77375559991814E+02 -0.62967182658407E+01 -0.13482381742319E+00 -0.72743833055191E+03  0.80437543019986E+02 -0.55669843026393E+03 -0.30728652480173E+03  0.21242779990368E+03  0.00000000000000E+00  0.00000000000000E+00  0.00000000000000E+00  0.00000000000000E+00  0.00000000000000E+00  0.00000000000000E+00  0.00000000000000E+00  0.00000000000000E+00  0.00000000000000E+00  0.00000000000000E+00  0.00000000000000E+00  0.00000000000000E+00  0.00000000000000E+00  0.00000000000000E+00  0.00000000000000E+00  0.37990008647413E+04  0.00000000000000E+00  0.00000000000000E+00  0.00000000000000E+00  0.00000000000000E+00  0.00000000000000E+00  0.00000000000000E+00  0.00000000000000E+00  0.00000000000000E+00
  -0.20490697566139E+06  0.63896613352908E+05 -0.79160028433746E+04 -0.11783558039352E+05  0.29014644758735E+04  0.46523854595577E+03 -0.98104944868575E+03 -0.56741396963753E+04  0.59440945765798E+03  0.55464540107119E+03 -0.44638420123858E+02 -0.20523238202498E+00 -0.14667464407160E+00  0.36034517461050E-12  0.22660905340921E+03 -0.60835939037564E+02  0.51607247939397E+02  0.83373178407424E+02  0.18612391537086E+06  0.00000000000000E+00  0.00000000000000E+00  0.20484402748621E+04  0.30545012388983E+04  0.16273012961773E+05  0.00000000000000E+00  0.00000000000000E+00  0.00000000000000E+00  0.00000000000000E+00  0.00000000000000E+00  0.00000000000000E+00  0.00000000000000E+00  0.00000000000000E+00  0.00000000000000E+00  0.00000000000000E+00  0.00000000000000E+00  0.10627854272299E+06  0.00000000000000E+00  0.00000000000000E+00  0.00000000000000E+00  0.00000000000000E+00  0.00000000000000E+00  0.00000000000000E+00  0.00000000000000E+00
  -0.23106586452447E+06  0.71584053867500E+05 -0.89116032241358E+04 -0.53178878415200E+05  0.12918787675564E+05  0.17827093907279E+04 -0.45755931209728E+04 -0.11182457753498E+05  0.12067042767409E+04  0.10557033238522E+04 -0.87801495123179E+02  0.27814785547629E-02  0.19219574460551E-02 -0.66281425640709E-12  0.40893832684667E+03 -0.10828741509094E+03  0.10361225830728E+03  0.15594370187092E+03  0.82145091495111E+06  0.23586838578885E+03  0.13875930339411E+06 -0.28824198663559E+04 -0.97294142263080E+04 -0.25322100497209E+05 -0.52976320329550E+03 -0.32153165088817E+04 -0.20121066646955E+05  0.00000000000000E+00  0.00000000000000E+00  0.00000000000000E+00  0.00000000000000E+00  0.00000000000000E+00  0.00000000000000E+00  0.00000000000000E+00  0.00000000000000E+00  0.00000000000000E+00  0.13900541446470E+06  0.00000000000000E+00  0.00000000000000E+00  0.00000000000000E+00  0.00000000000000E+00  0.00000000000000E+00  0.00000000000000E+00
