# fitpack15: fit parameters                                                                         
# CJ15 AV18 final data choices                                                                      
# Created on 01/15/2020 at 22:04:57                                                                 

 # QCD setup
  INS                           0
  NVL                          11
  IORD                          1
  Q02                   1.6899999999999999     
  IPARAMC                       7
  FLAVOR                4.0000000000000000     
  xmc                   1.3000000000000000     
  xmb                   4.5000000000000000     
  ncb                          12
  ihq                           1
  ias                           0

 # Theory corrections
  inuke                     10814
  itmc                          1
  iht                           1

 # fit parameters
 LAMBDA       0.22680        0.0000    
 a0uv          1.9621        0.0000    
 a1uv         0.56939       0.23524E-01
 a2uv          3.5561       0.11719E-01
 a3uv          0.0000        0.0000    
 a4uv          4.5452       0.62705    
 a5uv          0.0000        0.0000    
 a0dv          24.686        0.0000    
 a1dv          1.1546       0.33823E-01
 a2dv          6.6010       0.16100    
 a3dv         -3.5509       0.86157E-01
 a4dv          4.7796       0.14036    
 a5dv          0.0000        0.0000    
 a0ud         0.14236       0.49912E-02
 a1ud        -0.21060       0.38174E-02
 a2ud          8.4389       0.18847    
 a3ud          0.0000        0.0000    
 a4ud          15.848        1.3096    
 a5ud          0.0000        0.0000    
 a0du          35712.        0.0000    
 a1du          4.0622       0.80682E-01
 a2du          20.072       0.92890    
 a3du          17.000        0.0000    
 a4du          48.201        10.165    
 a0g           47.561        0.0000    
 a1g          0.60945       0.32633E-01
 a2g           6.8339       0.97744    
 a3g          -3.3796       0.14796    
 a4g           3.3881       0.37589    
 a5g           0.0000        0.0000    
 kappa        0.40000        0.0000    
 a6dv        -0.38451E-02   0.67704E-03
 a7dv          2.0000        0.0000    
 off1         -2.7865        1.7927    
 off2         0.59996E-01   0.12530E-02
 ht1          -3.5980       0.35028    
 ht2           2.1042       0.12600    
 ht3          -2.0469       0.35745E-01
 ht4           0.0000        0.0000    
 ht1n         -3.5697        1.0372    
 ht2n          1.9661       0.34906    
 ht3n         -2.1072       0.65761E-01
 ht4n          0.0000        0.0000    
 dummy44       0.0000        0.0000    
 dummy45       0.0000        0.0000    
 dummy46       0.0000        0.0000    
 dummy47       0.0000        0.0000    
 dummy48       0.0000        0.0000    
 dummy49       0.0000        0.0000    
 bcdmsh2      0.97012       0.48535E-02
 bcdmsd2      0.98970       0.58513E-02
 ccfr          1.0000        0.0000    
 nutev         1.0000        0.0000    
 zeus         0.97998        0.0000    
 h1            1.0162        0.0000    
 e605          1.0319        0.0000    
 NmcH2         1.0064       0.71356E-02
 ntv_nu        1.0000        0.0000    
 ntv_nubar     1.0000        0.0000    
 cdf_jet      0.98910        0.0000    
 d0_jet       0.83504        0.0000    
 slac_p        1.0024       0.50368E-02
 slac_d        1.0012       0.53134E-02
 e866pp       0.97924       0.20080E-01
 e866pd       0.97065       0.16451E-01
 d0_gamjet     1.0357       0.16492E-01
 h1b          0.97608        0.0000    
 jlab_p       0.99092       0.62850E-02
 jlab_d       0.97387       0.60181E-02
 blank         1.0000        0.0000    
 d0run2       0.94292       0.14214E-01
 cdfrun2      0.92995       0.17322E-01
 HERA_el       1.0000        0.0000    
 HERA_ps       1.0000        0.0000    
 CDF_Z        0.96071       0.66812E-02
 NmcRat        1.0000        0.0000    
 BNS_F2nd     0.98656       0.12636E-01
 HERMES_F2p   0.99617       0.56764E-02
 HERMES_F2d   0.97751       0.58446E-02
 END 0. 0.

 # Hessian matrix (Bevington alpha)
   0.51859588818096E+07 -0.13291465741652E+07  0.19570558148790E+06  0.50415464449853E+06 -0.12883289486633E+06 -0.27881443579574E+05  0.53990859920043E+05  0.98714093723275E+06 -0.18537561128154E+06 -0.50066163821332E+05  0.72787693738461E+04  0.15891651875179E+05  0.17878882951686E+04 -0.11610624192993E+03  0.97767033003576E+04 -0.21582153311151E+04  0.10433524676864E+05  0.74607623641375E+04 -0.76885692085251E+07 -0.12565610762084E+04  0.11235319749421E+08  0.37195304450637E+05  0.12836316011450E+06  0.24140985501763E+06  0.13032644343578E+05  0.49372867975100E+05  0.25338756903209E+06 -0.13218067917662E+06 -0.56118792507793E+05 -0.52754285647910E+04 -0.86740642213671E+06 -0.11249486997264E+07 -0.20908397196647E+05 -0.47605004242795E+05 -0.32074020597325E+04 -0.20462620561200E+06 -0.23070371732456E+06 -0.92669529052760E+04 -0.32693581315693E+04 -0.17920410753743E+05  0.17012676942663E+05 -0.74270590957817E+05 -0.58637823561265E+05
  -0.13291465741652E+07  0.41573822211684E+06 -0.51250096785802E+05 -0.13711044288278E+06  0.34825308529412E+05  0.10180977841975E+05 -0.11363814316875E+05 -0.12528477867955E+06  0.26621285823776E+05  0.73773202553793E+04 -0.87410419363522E+03 -0.12417277879422E+04 -0.14473270405498E+03  0.13889485165967E+02  0.60419213097670E+03 -0.47543805198312E+02  0.10783032014261E+03  0.58438680731234E+02  0.25716787580330E+07  0.51823063941522E+03 -0.32191127374552E+07 -0.76031196227987E+04 -0.29630250942315E+05 -0.61943816382029E+05 -0.30501709401906E+04 -0.12363876399114E+05 -0.69319043829289E+05  0.16798725989962E+05  0.83009888479176E+04 -0.18972462099526E+03  0.21035135034857E+06  0.26557380507804E+06  0.57326909516279E+04  0.13217492198882E+05  0.42323273675355E+03  0.63841941987785E+05  0.71434017640025E+05  0.24463586098294E+04  0.77413587163565E+03 -0.22080008146228E+04 -0.22400941461908E+04  0.86811103721589E+04  0.72925425692743E+04
   0.19570558148790E+06 -0.51250096785802E+05  0.74396969768392E+04  0.18826983139496E+05 -0.49250989855466E+04 -0.12995477685410E+04  0.19574775253283E+04  0.28102124736953E+05 -0.51382934148072E+04 -0.16691048011399E+04  0.21048729774673E+03  0.43206325332583E+03  0.55232708186800E+02 -0.44830812937391E+01 -0.27569514747637E+03 -0.77238144385177E+01 -0.12350916475582E+03 -0.37410625468361E+01 -0.29753422427741E+06 -0.49912284423560E+02  0.42848275481627E+06  0.13726321303054E+04  0.47417738889877E+04  0.90573077803717E+04  0.48485613882539E+03  0.18432610648938E+04  0.95919078505215E+04 -0.46979253438155E+04 -0.19958375653107E+04  0.17723819363589E+02 -0.31987220127956E+05 -0.41658853536898E+05 -0.80098120467407E+03 -0.18306133691378E+04 -0.10130603093274E+03 -0.79472089858537E+04 -0.89420183548046E+04 -0.34964035440420E+03 -0.12209578442393E+03 -0.63155811251789E+02  0.60919307335123E+03 -0.22290310040740E+04 -0.18007917373895E+04
   0.50415464449853E+06 -0.13711044288278E+06  0.18826983139496E+05  0.40059906345158E+06 -0.62581244172116E+05  0.74118509761965E+05  0.63956673076176E+05  0.36166389306187E+06 -0.27298100750463E+05 -0.18366832926085E+05  0.31809450687570E+04 -0.14040793828722E+04 -0.15337815838540E+03  0.61297739836898E+02  0.30921678063854E+05 -0.37414920271415E+04  0.24845250982994E+05  0.13928703559867E+05 -0.22408241741883E+07 -0.16095321889419E+03  0.31460191427687E+07  0.13365054693890E+05  0.39112413075213E+05  0.94471369461174E+05  0.43658613812957E+04  0.15603919786874E+05  0.70385944994248E+05 -0.12898387811835E+05 -0.21393699254519E+05 -0.76221768093503E+02 -0.66354150087157E+05 -0.34472370425395E+06 -0.13922801911616E+04 -0.25054239874526E+04 -0.72404608687590E+02 -0.11788134560038E+05 -0.53121328249619E+05 -0.24954109642554E+04 -0.96949130558600E+03 -0.98375471420500E+04 -0.15684858554000E+05 -0.72670904301695E+04 -0.21558739863716E+05
  -0.12883289486633E+06  0.34825308529412E+05 -0.49250989855466E+04 -0.62581244172116E+05  0.11561942593120E+05 -0.74752223944480E+04 -0.91590364934800E+04 -0.33246466628739E+05  0.43600945886929E+03  0.23683644642388E+04 -0.31752971559833E+03 -0.27291818625088E+02  0.48711623288755E+01 -0.55188346744067E+01 -0.26060225027316E+04  0.31980186330018E+03 -0.20408843192614E+04 -0.11589745317174E+04  0.48413437710557E+06  0.55430799997916E+02 -0.65137961603155E+06 -0.25052417443130E+04 -0.73501897510801E+04 -0.18279825193440E+05 -0.77627170998945E+03 -0.28287622028565E+04 -0.13924375133645E+05  0.20063586069737E+04  0.33790772977425E+04 -0.56105409005101E+02  0.11863551403960E+05  0.62897512931611E+05  0.32797350954516E+03  0.57085098342111E+03  0.92156259949957E+01  0.29294536582410E+04  0.13006522146814E+05  0.47175979631288E+03  0.17459332239040E+03  0.36872146783864E+03  0.24817068586907E+04  0.81837322766364E+03  0.25250370574427E+04
  -0.27881443579574E+05  0.10180977841975E+05 -0.12995477685410E+04  0.74118509761965E+05 -0.74752223944480E+04  0.24100228519899E+05  0.14438619804682E+05  0.10987371769409E+06 -0.10215960214619E+05 -0.45751898836302E+04  0.94773156198037E+03 -0.72162570005683E+03 -0.68390653872781E+02  0.20714893891544E+02  0.94161062532861E+04 -0.11701260024703E+04  0.76582424419139E+04  0.43568669654008E+04 -0.48465587428643E+05  0.59446087305848E+02  0.17870785757917E+06  0.14693285376093E+04  0.41525015385244E+04  0.85293912269741E+04  0.58956515663108E+03  0.19249258578917E+04  0.54720536599017E+04 -0.27348279126057E+04 -0.42052375376352E+04  0.14850590535131E+03 -0.84749435742625E+04 -0.41511855321506E+05  0.10322458996820E+02 -0.13279638328977E+02 -0.18979337019324E+02  0.43949285719778E+03  0.16297581025588E+04 -0.24989559426515E+03 -0.12806789341149E+03 -0.31441141177886E+04 -0.32203230425329E+04 -0.18532763508108E+04 -0.53337938803699E+04
   0.53990859920043E+05 -0.11363814316875E+05  0.19574775253283E+04  0.63956673076176E+05 -0.91590364934800E+04  0.14438619804682E+05  0.11268073332206E+05  0.60536124614106E+05 -0.33273390555558E+04 -0.32561443257285E+04  0.54987383494523E+03 -0.23079062958328E+03 -0.27318030253635E+02  0.10923140205431E+02  0.48431304866235E+04 -0.60987051016192E+03  0.38297170688093E+04  0.22058576815822E+04 -0.23888816700804E+06  0.74996942969461E+01  0.39971918765404E+06  0.19691683221846E+04  0.56278877737070E+04  0.12997974363312E+05  0.68140423667594E+03  0.23235115592431E+04  0.92862232989116E+04 -0.24602575813111E+04 -0.38619526743535E+04  0.13520145550824E+03 -0.98497068115689E+04 -0.51388801990887E+05 -0.15884024151709E+03 -0.27788985385471E+03 -0.13311427814362E+02 -0.99635571359295E+03 -0.46471990282150E+04 -0.35798668776770E+03 -0.15093509962311E+03 -0.13343327784544E+04 -0.30735083128555E+04 -0.11462956407569E+04 -0.34160561878977E+04
   0.98714093723275E+06 -0.12528477867955E+06  0.28102124736953E+05  0.36166389306187E+06 -0.33246466628739E+05  0.10987371769409E+06  0.60536124614106E+05  0.53704987641913E+07 -0.24066878561743E+07 -0.89437936595956E+05  0.25912669345192E+05  0.27424445144142E+05  0.18531565074814E+04  0.11876604340764E+03  0.88980385786190E+05 -0.11261338814877E+05  0.82608290560117E+05  0.44722432374828E+05 -0.57651282995801E+06  0.42513518991135E+03  0.12999079019810E+07  0.18374738999342E+05  0.59764441579035E+05  0.10000625854351E+06  0.65585422250483E+04  0.23705281772127E+05  0.73577119195000E+05 -0.62818136320329E+05 -0.50710589247931E+05 -0.69978828503075E+05 -0.29421129814817E+06 -0.58098653019728E+06 -0.73655992024781E+05 -0.16648243958383E+06 -0.13979067367877E+04 -0.56339994155514E+04 -0.11092248130124E+05  0.19308456727575E+03  0.23086654489766E+03 -0.27383262163428E+06 -0.87144948132232E+04 -0.14384944353849E+06 -0.17866240673822E+06
  -0.18537561128154E+06  0.26621285823776E+05 -0.51382934148072E+04 -0.27298100750463E+05  0.43600945886929E+03 -0.10215960214619E+05 -0.33273390555558E+04 -0.24066878561743E+07  0.19313429523977E+07  0.19521163557104E+05 -0.64073386729197E+04 -0.57708145693497E+04 -0.31913374949970E+03 -0.17337331440272E+02  0.48300024358193E+05 -0.22212987141226E+04  0.14746807159386E+05  0.70275118258117E+04 -0.27068699458228E+05 -0.96749138559461E+02 -0.14824542564860E+05 -0.35385514741701E+04 -0.12114997325293E+05 -0.18775918218136E+05 -0.13157651579715E+04 -0.49373795924244E+04 -0.13545153802745E+05  0.11542986125757E+05  0.10995851410210E+05  0.24647497714629E+05  0.66966692366087E+05  0.12797605385754E+06  0.22865457843059E+05  0.51785445383776E+05  0.18796284770722E+03  0.59248741090638E+03  0.12012115622559E+04 -0.12358736234301E+04 -0.68718833546911E+03  0.11310247216115E+06  0.15610805511599E+04  0.45146894633601E+05  0.55549123851307E+05
  -0.50066163821332E+05  0.73773202553793E+04 -0.16691048011399E+04 -0.18366832926085E+05  0.23683644642388E+04 -0.45751898836302E+04 -0.32561443257285E+04 -0.89437936595956E+05  0.19521163557104E+05  0.26673995724703E+04 -0.61389484847770E+03 -0.68418498833642E+03 -0.60717664022902E+02 -0.21416991438589E+01 -0.40325204008937E+04  0.49028231027621E+03 -0.32659443541286E+04 -0.18479299088330E+04  0.55714959402162E+05 -0.11481053040771E+02 -0.11697633346347E+06 -0.83309679069192E+03 -0.25509246943537E+04 -0.46824783344103E+04 -0.28358028520622E+03 -0.98502319784462E+03 -0.35755509067103E+04  0.27510686310938E+04  0.19082812718366E+04  0.73611054781270E+03  0.11010619895144E+05  0.22959507254614E+05  0.14948148947513E+04  0.33140628304487E+04  0.43587219936720E+02  0.55188098584155E+03  0.10494049183031E+04  0.13115367864851E+03  0.58427411885137E+02  0.31437856596882E+04  0.43337368039249E+03  0.28326272469317E+04  0.36020170138525E+04
   0.72787693738461E+04 -0.87410419363522E+03  0.21048729774673E+03  0.31809450687570E+04 -0.31752971559833E+03  0.94773156198037E+03  0.54987383494523E+03  0.25912669345192E+05 -0.64073386729197E+04 -0.61389484847770E+03  0.16570088687455E+03  0.19176405380018E+03  0.13987256887663E+02  0.79541063470401E+00  0.12212090307929E+04 -0.13471414735096E+03  0.95617465731260E+03  0.51986070101900E+03 -0.59225905238708E+04  0.29194389338957E+01  0.12157309400501E+05  0.13159027147326E+03  0.42095760953830E+03  0.72149229999371E+03  0.46345135452349E+02  0.16529460829439E+03  0.53325252213009E+03 -0.45904693336834E+03 -0.34856389444296E+03 -0.33263070244809E+03 -0.19822913828829E+04 -0.39621408856654E+04 -0.41487080083322E+03 -0.93774689340230E+03 -0.10714518388718E+02 -0.44245159837780E+02 -0.86946118842651E+02 -0.13391553009824E+02 -0.62948827056984E+01 -0.11285190448526E+04 -0.63568686324439E+02 -0.80832150487738E+03 -0.10110291719556E+04
   0.15891651875179E+05 -0.12417277879422E+04  0.43206325332583E+03 -0.14040793828722E+04 -0.27291818625088E+02 -0.72162570005683E+03 -0.23079062958328E+03  0.27424445144142E+05 -0.57708145693497E+04 -0.68418498833642E+03  0.19176405380018E+03  0.16925102801955E+04  0.11221709929784E+03 -0.84674954054863E+00  0.14286927757600E+04 -0.19937197346382E+03  0.14069895882974E+04  0.81469793679672E+03 -0.63034752641805E+04 -0.50009695731773E+01  0.59364167490978E+04  0.87799137641862E+01  0.18175182341666E+03 -0.39941271774752E+03 -0.22900636901345E+02 -0.93531423299256E+02 -0.22799046476716E+03 -0.11510303879388E+04 -0.94541368721955E-01 -0.71782861013546E+03 -0.51458838663198E+04 -0.20860085797902E+02 -0.23442591087170E+04 -0.71908742027546E+02 -0.80325268252281E+02 -0.21624155725317E+00  0.20674743666588E-02 -0.17669585551864E+01 -0.75501496001120E+00  0.31465752212170E+03  0.31270199283427E+03 -0.27714751739239E+04 -0.57311176425355E+01
   0.17878882951686E+04 -0.14473270405498E+03  0.55232708186800E+02 -0.15337815838540E+03  0.48711623288755E+01 -0.68390653872781E+02 -0.27318030253635E+02  0.18531565074814E+04 -0.31913374949970E+03 -0.60717664022902E+02  0.13987256887663E+02  0.11221709929784E+03  0.10145469109416E+02 -0.18191418497529E+00  0.79460820285192E+02 -0.13317372638742E+02  0.82752019002427E+02  0.52273769912360E+02 -0.30226160179991E+03 -0.43507165707320E+00 -0.27252434087100E+03  0.27451776169838E+01  0.23362998577196E+02 -0.45882555515301E+02 -0.25872371266398E+01 -0.96932946614535E+01 -0.20270098983483E+02 -0.16996497634895E+03 -0.12408247871995E-01 -0.28184594684902E+02 -0.60638535997213E+03 -0.24356582870194E+01 -0.14741535673165E+03 -0.18910255732487E+02 -0.65192052045855E+01 -0.15456913175113E+00  0.14997781881051E-02 -0.18701792700027E+00 -0.72391446743484E-01  0.30705063617307E+02  0.69999009631369E+02 -0.20052681116332E+03 -0.44563534770665E+00
  -0.11610624192993E+03  0.13889485165967E+02 -0.44830812937391E+01  0.61297739836898E+02 -0.55188346744067E+01  0.20714893891544E+02  0.10923140205431E+02  0.11876604340764E+03 -0.17337331440272E+02 -0.21416991438589E+01  0.79541063470401E+00 -0.84674954054863E+00 -0.18191418497529E+00  0.64707973193876E-01  0.16666619663927E+02 -0.13124697401146E+01  0.10299851775950E+02  0.48774662460447E+01 -0.90141413254833E+02  0.31166517710125E-01  0.23411829031587E+03  0.40300078206412E+00  0.10559691961448E+01  0.36485877520414E+01  0.15244192226264E+00  0.49477985275144E+00  0.24256096078518E+01  0.74219065629826E-01 -0.46118217764915E-04 -0.73332597492181E+01 -0.12249901107259E+01 -0.38401824283310E-02 -0.43701216921428E+01 -0.47728901630541E-04 -0.17556300960819E+00  0.14955734172996E-12 -0.67702896598437E-11 -0.21375642070136E-02 -0.11662962034728E-02 -0.15973072024783E+01  0.16518227671248E-03 -0.42863250703684E+01 -0.61564077933473E-02
   0.97767033003576E+04  0.60419213097670E+03 -0.27569514747637E+03  0.30921678063854E+05 -0.26060225027316E+04  0.94161062532861E+04  0.48431304866235E+04  0.88980385786190E+05  0.48300024358193E+05 -0.40325204008937E+04  0.12212090307929E+04  0.14286927757600E+04  0.79460820285192E+02  0.16666619663927E+02  0.49656742299900E+05 -0.45979294772864E+04  0.33311760742555E+05  0.17338248474522E+05 -0.54770155597710E+05  0.16235876077106E+01 -0.38168183830956E+05 -0.14134891482775E+03 -0.43713073852773E+03 -0.47471656108021E+03 -0.47083008840325E+02 -0.16131275109705E+03 -0.46013337299891E+03 -0.26722641504367E+04 -0.17594171136543E+04 -0.24815629398705E+04  0.20250431871501E+04  0.43513719465253E+04 -0.14837218911180E+04 -0.29335731764604E+04 -0.72600284157553E+03  0.22692357336534E+03  0.40836543860299E+03 -0.28535004730324E+04 -0.15170828200483E+04 -0.24450751741367E+04  0.18948254580845E+03 -0.87879010791584E+03 -0.99364599205585E+03
  -0.21582153311151E+04 -0.47543805198312E+02 -0.77238144385177E+01 -0.37414920271415E+04  0.31980186330018E+03 -0.11701260024703E+04 -0.60987051016192E+03 -0.11261338814877E+05 -0.22212987141226E+04  0.49028231027621E+03 -0.13471414735096E+03 -0.19937197346382E+03 -0.13317372638742E+02 -0.13124697401146E+01 -0.45979294772864E+04  0.49517046460762E+03 -0.34929105596021E+04 -0.18938494913325E+04  0.63908870901370E+04 -0.78123469544146E+00  0.58557323478927E+04  0.15339321317033E+02  0.42783028069923E+02  0.33094927620184E+02  0.49102115508892E+01  0.16126160592477E+02  0.52154967099329E+02  0.49088283502783E+03  0.30844273025502E+03  0.28628674569120E+03 -0.16855057887717E+03 -0.50121290642838E+03  0.15321695012290E+03  0.30199481272335E+03  0.80034863317282E+02 -0.60803110120688E+02 -0.10792569313315E+03  0.43160818493621E+03  0.21385628560840E+03 -0.29441338442994E+03 -0.34146435715348E+02  0.24659260469491E+03  0.27708005745221E+03
   0.10433524676864E+05  0.10783032014261E+03 -0.12350916475582E+03  0.24845250982994E+05 -0.20408843192614E+04  0.76582424419139E+04  0.38297170688093E+04  0.82608290560117E+05  0.14746807159386E+05 -0.32659443541286E+04  0.95617465731260E+03  0.14069895882974E+04  0.82752019002427E+02  0.10299851775950E+02  0.33311760742555E+05 -0.34929105596021E+04  0.25181582880565E+05  0.13471317010774E+05 -0.44302254295316E+05 -0.14658982856270E+00 -0.35236534553245E+05 -0.15302867810593E+03 -0.45976740899793E+03 -0.54477110143917E+03 -0.52033444626363E+02 -0.16939171195182E+03 -0.45189910231679E+03 -0.22888131135426E+04 -0.14962925991276E+04 -0.23525691871431E+04  0.20273568578540E+04  0.41668945718171E+04 -0.11759729219286E+04 -0.23314268292215E+04 -0.56506667674603E+03  0.54489399711596E+02  0.10883836690713E+03 -0.23389052986020E+04 -0.12679448593021E+04  0.93229127553856E+03  0.18928227107443E+03 -0.14262600126584E+04 -0.15916647677550E+04
   0.74607623641375E+04  0.58438680731234E+02 -0.37410625468361E+01  0.13928703559867E+05 -0.11589745317174E+04  0.43568669654008E+04  0.22058576815822E+04  0.44722432374828E+05  0.70275118258117E+04 -0.18479299088330E+04  0.51986070101900E+03  0.81469793679672E+03  0.52273769912360E+02  0.48774662460447E+01  0.17338248474522E+05 -0.18938494913325E+04  0.13471317010774E+05  0.73115792766065E+04 -0.24657127570977E+05  0.11418739448775E+01 -0.22052623049764E+05 -0.83192502755947E+02 -0.23709606128755E+03 -0.25502977919640E+03 -0.27914419635622E+02 -0.88223379450639E+02 -0.24372991762587E+03 -0.16346739919823E+04 -0.10345379434915E+04 -0.11854411739285E+04  0.95794224078465E+03  0.22961371536753E+04 -0.59571589920088E+03 -0.11824163401291E+04 -0.31145872136011E+03  0.85731957847339E+02  0.15993959367010E+03 -0.15148291498962E+04 -0.78747611997340E+03  0.11990666200029E+04  0.13668920992979E+03 -0.10168852771697E+04 -0.11345010263926E+04
  -0.76885692085251E+07  0.25716787580330E+07 -0.29753422427741E+06 -0.22408241741883E+07  0.48413437710557E+06 -0.48465587428643E+05 -0.23888816700804E+06 -0.57651282995801E+06 -0.27068699458228E+05  0.55714959402162E+05 -0.59225905238708E+04 -0.63034752641805E+04 -0.30226160179991E+03 -0.90141413254833E+02 -0.54770155597710E+05  0.63908870901370E+04 -0.44302254295316E+05 -0.24657127570977E+05  0.32872367103191E+08  0.59783956652644E+04 -0.36021359301766E+08 -0.10941231975165E+06 -0.34952563052181E+06 -0.92983747155303E+06 -0.32057562992598E+05 -0.13160460808855E+06 -0.74790708908000E+06  0.33942740110091E+05  0.75485364331217E+05 -0.11716707201484E+04  0.56169950333460E+06  0.27564965873704E+07  0.17185102154810E+05  0.31249888896558E+05  0.21700119038386E+03  0.18293255768520E+06  0.80401292704639E+06  0.24278767160758E+05  0.76351393313527E+04 -0.18201552009196E+05  0.43697427100097E+05  0.20448088827074E+05  0.63456572892338E+05
  -0.12565610762084E+04  0.51823063941522E+03 -0.49912284423560E+02 -0.16095321889419E+03  0.55430799997916E+02  0.59446087305848E+02  0.74996942969461E+01  0.42513518991135E+03 -0.96749138559461E+02 -0.11481053040771E+02  0.29194389338957E+01 -0.50009695731773E+01 -0.43507165707320E+00  0.31166517710125E-01  0.16235876077106E+01 -0.78123469544146E+00 -0.14658982856270E+00  0.11418739448775E+01  0.59783956652644E+04  0.21798451132278E+01 -0.69220782531951E+04 -0.15334555866181E+02 -0.51070125594407E+02 -0.16003478633329E+03 -0.26234913610800E+01 -0.15606788836938E+02 -0.12489555809014E+03  0.00000000000000E+00 -0.30432346680705E+02  0.00000000000000E+00  0.00000000000000E+00  0.31770026640098E+03  0.00000000000000E+00 -0.66933700682412E+01  0.00000000000000E+00  0.00000000000000E+00  0.19968132449800E+03  0.00000000000000E+00  0.00000000000000E+00  0.00000000000000E+00  0.15116346000357E+02  0.00000000000000E+00 -0.31352531356185E+02
   0.11235319749421E+08 -0.32191127374552E+07  0.42848275481627E+06  0.31460191427687E+07 -0.65137961603155E+06  0.17870785757917E+06  0.39971918765404E+06  0.12999079019810E+07 -0.14824542564860E+05 -0.11697633346347E+06  0.12157309400501E+05  0.59364167490978E+04 -0.27252434087100E+03  0.23411829031587E+03 -0.38168183830956E+05  0.58557323478927E+04 -0.35236534553245E+05 -0.22052623049764E+05 -0.36021359301766E+08 -0.69220782531951E+04  0.68627772547016E+08  0.25949421692487E+06  0.75566151180020E+06  0.20268981992920E+07  0.74976595631215E+05  0.28071111073888E+06  0.14835016908914E+07  0.00000000000000E+00 -0.23614411141472E+06  0.00000000000000E+00  0.00000000000000E+00 -0.58323115344475E+07  0.00000000000000E+00  0.56026554551885E+05  0.00000000000000E+00  0.00000000000000E+00 -0.12145040425254E+07  0.00000000000000E+00  0.00000000000000E+00  0.00000000000000E+00  0.14222308022760E+06  0.00000000000000E+00 -0.19632408167035E+06
   0.37195304450637E+05 -0.76031196227987E+04  0.13726321303054E+04  0.13365054693890E+05 -0.25052417443130E+04  0.14693285376093E+04  0.19691683221846E+04  0.18374738999342E+05 -0.35385514741701E+04 -0.83309679069192E+03  0.13159027147326E+03  0.87799137641862E+01  0.27451776169838E+01  0.40300078206412E+00 -0.14134891482775E+03  0.15339321317033E+02 -0.15302867810593E+03 -0.83192502755947E+02 -0.10941231975165E+06 -0.15334555866181E+02  0.25949421692487E+06  0.12939740330069E+04  0.35602066841352E+04  0.91615334377175E+04  0.35277660495579E+03  0.12553333940364E+04  0.61908984570421E+04 -0.45607805704751E+02 -0.13944482389428E+04  0.44430358787766E+01  0.60610227403638E+03 -0.27425659318289E+05  0.00000000000000E+00 -0.95701835618584E+02  0.00000000000000E+00  0.20334306830435E+04 -0.33947430183067E+04  0.00000000000000E+00  0.00000000000000E+00  0.00000000000000E+00  0.12710739376884E+04 -0.29706717812399E+03 -0.17519385173392E+04
   0.12836316011450E+06 -0.29630250942315E+05  0.47417738889877E+04  0.39112413075213E+05 -0.73501897510801E+04  0.41525015385244E+04  0.56278877737070E+04  0.59764441579035E+05 -0.12114997325293E+05 -0.25509246943537E+04  0.42095760953830E+03  0.18175182341666E+03  0.23362998577196E+02  0.10559691961448E+01 -0.43713073852773E+03  0.42783028069923E+02 -0.45976740899793E+03 -0.23709606128755E+03 -0.34952563052181E+06 -0.51070125594407E+02  0.75566151180020E+06  0.35602066841352E+04  0.10223914709534E+05  0.25285895342023E+05  0.10015212390286E+04  0.36234752610463E+04  0.17933108979756E+05 -0.15064195534456E+03 -0.36922854874154E+04 -0.15512897410616E+02 -0.56594580636813E+04 -0.79033010745737E+05  0.00000000000000E+00 -0.25225092839211E+03  0.00000000000000E+00  0.30530370079847E+04 -0.11050470201689E+05  0.00000000000000E+00  0.00000000000000E+00  0.00000000000000E+00  0.36848485490877E+04 -0.17287366792865E+04 -0.51707792946250E+04
   0.24140985501763E+06 -0.61943816382029E+05  0.90573077803717E+04  0.94471369461174E+05 -0.18279825193440E+05  0.85293912269741E+04  0.12997974363312E+05  0.10000625854351E+06 -0.18775918218136E+05 -0.46824783344103E+04  0.72149229999371E+03 -0.39941271774752E+03 -0.45882555515301E+02  0.36485877520414E+01 -0.47471656108021E+03  0.33094927620184E+02 -0.54477110143917E+03 -0.25502977919640E+03 -0.92983747155303E+06 -0.16003478633329E+03  0.20268981992920E+07  0.91615334377175E+04  0.25285895342023E+05  0.72094144937753E+05  0.25639103703408E+04  0.93374428500557E+04  0.47412913813673E+05  0.23445649154175E+03 -0.11601501356644E+05 -0.41069548982073E+01  0.37108998439815E+05 -0.19635703604191E+06  0.00000000000000E+00 -0.81083182896169E+03  0.00000000000000E+00  0.16290325151606E+05 -0.29538592045376E+05  0.00000000000000E+00  0.00000000000000E+00  0.00000000000000E+00  0.64012453699748E+04  0.14622203806111E+04 -0.12413209255583E+05
   0.13032644343578E+05 -0.30501709401906E+04  0.48485613882539E+03  0.43658613812957E+04 -0.77627170998945E+03  0.58956515663108E+03  0.68140423667594E+03  0.65585422250483E+04 -0.13157651579715E+04 -0.28358028520622E+03  0.46345135452349E+02 -0.22900636901345E+02 -0.25872371266398E+01  0.15244192226264E+00 -0.47083008840325E+02  0.49102115508892E+01 -0.52033444626363E+02 -0.27914419635622E+02 -0.32057562992598E+05 -0.26234913610800E+01  0.74976595631215E+05  0.35277660495579E+03  0.10015212390286E+04  0.25639103703408E+04  0.11884107233852E+03  0.41429466130267E+03  0.18196966550099E+04  0.00000000000000E+00 -0.44165790893580E+03  0.00000000000000E+00  0.00000000000000E+00 -0.89861603742608E+04  0.00000000000000E+00 -0.29941895136402E+02  0.00000000000000E+00  0.00000000000000E+00 -0.69631088672880E+03  0.00000000000000E+00  0.00000000000000E+00  0.00000000000000E+00  0.22572941074934E+02  0.00000000000000E+00 -0.66027084730259E+03
   0.49372867975100E+05 -0.12363876399114E+05  0.18432610648938E+04  0.15603919786874E+05 -0.28287622028565E+04  0.19249258578917E+04  0.23235115592431E+04  0.23705281772127E+05 -0.49373795924244E+04 -0.98502319784462E+03  0.16529460829439E+03 -0.93531423299256E+02 -0.96932946614535E+01  0.49477985275144E+00 -0.16131275109705E+03  0.16126160592477E+02 -0.16939171195182E+03 -0.88223379450639E+02 -0.13160460808855E+06 -0.15606788836938E+02  0.28071111073888E+06  0.12553333940364E+04  0.36234752610463E+04  0.93374428500557E+04  0.41429466130267E+03  0.14944327006198E+04  0.66875623790858E+04  0.00000000000000E+00 -0.14037281193874E+04  0.00000000000000E+00  0.00000000000000E+00 -0.31924326596012E+05  0.00000000000000E+00 -0.94794724090418E+02  0.00000000000000E+00  0.00000000000000E+00 -0.38003571238771E+04  0.00000000000000E+00  0.00000000000000E+00  0.00000000000000E+00 -0.25249890281418E+01  0.00000000000000E+00 -0.23942710338019E+04
   0.25338756903209E+06 -0.69319043829289E+05  0.95919078505215E+04  0.70385944994248E+05 -0.13924375133645E+05  0.54720536599017E+04  0.92862232989116E+04  0.73577119195000E+05 -0.13545153802745E+05 -0.35755509067103E+04  0.53325252213009E+03 -0.22799046476716E+03 -0.20270098983483E+02  0.24256096078518E+01 -0.46013337299891E+03  0.52154967099329E+02 -0.45189910231679E+03 -0.24372991762587E+03 -0.74790708908000E+06 -0.12489555809014E+03  0.14835016908914E+07  0.61908984570421E+04  0.17933108979756E+05  0.47412913813673E+05  0.18196966550099E+04  0.66875623790858E+04  0.34979540934825E+05  0.00000000000000E+00 -0.79616428766344E+04  0.00000000000000E+00  0.00000000000000E+00 -0.13964199434199E+06  0.00000000000000E+00 -0.55643515729104E+03  0.00000000000000E+00  0.00000000000000E+00 -0.23242825420526E+05  0.00000000000000E+00  0.00000000000000E+00  0.00000000000000E+00  0.81961769832029E+04  0.00000000000000E+00 -0.85488309662031E+04
  -0.13218067917662E+06  0.16798725989962E+05 -0.46979253438155E+04 -0.12898387811835E+05  0.20063586069737E+04 -0.27348279126057E+04 -0.24602575813111E+04 -0.62818136320329E+05  0.11542986125757E+05  0.27510686310938E+04 -0.45904693336834E+03 -0.11510303879388E+04 -0.16996497634895E+03  0.74219065629826E-01 -0.26722641504367E+04  0.49088283502783E+03 -0.22888131135426E+04 -0.16346739919823E+04  0.33942740110091E+05  0.00000000000000E+00  0.00000000000000E+00 -0.45607805704751E+02 -0.15064195534456E+03  0.23445649154175E+03  0.00000000000000E+00  0.00000000000000E+00  0.00000000000000E+00  0.11689393917685E+06  0.00000000000000E+00  0.00000000000000E+00  0.00000000000000E+00  0.00000000000000E+00  0.00000000000000E+00  0.00000000000000E+00  0.00000000000000E+00  0.00000000000000E+00  0.00000000000000E+00  0.00000000000000E+00  0.00000000000000E+00  0.00000000000000E+00  0.00000000000000E+00  0.00000000000000E+00  0.00000000000000E+00
  -0.56118792507793E+05  0.83009888479176E+04 -0.19958375653107E+04 -0.21393699254519E+05  0.33790772977425E+04 -0.42052375376352E+04 -0.38619526743535E+04 -0.50710589247931E+05  0.10995851410210E+05  0.19082812718366E+04 -0.34856389444296E+03 -0.94541368721955E-01 -0.12408247871995E-01 -0.46118217764915E-04 -0.17594171136543E+04  0.30844273025502E+03 -0.14962925991276E+04 -0.10345379434915E+04  0.75485364331217E+05 -0.30432346680705E+02 -0.23614411141472E+06 -0.13944482389428E+04 -0.36922854874154E+04 -0.11601501356644E+05 -0.44165790893580E+03 -0.14037281193874E+04 -0.79616428766344E+04  0.00000000000000E+00  0.65101900702534E+05  0.00000000000000E+00  0.00000000000000E+00  0.00000000000000E+00  0.00000000000000E+00  0.00000000000000E+00  0.00000000000000E+00  0.00000000000000E+00  0.00000000000000E+00  0.00000000000000E+00  0.00000000000000E+00  0.00000000000000E+00  0.00000000000000E+00  0.00000000000000E+00  0.00000000000000E+00
  -0.52754285647910E+04 -0.18972462099526E+03  0.17723819363589E+02 -0.76221768093503E+02 -0.56105409005101E+02  0.14850590535131E+03  0.13520145550824E+03 -0.69978828503075E+05  0.24647497714629E+05  0.73611054781270E+03 -0.33263070244809E+03 -0.71782861013546E+03 -0.28184594684902E+02 -0.73332597492181E+01 -0.24815629398705E+04  0.28628674569120E+03 -0.23525691871431E+04 -0.11854411739285E+04 -0.11716707201484E+04  0.00000000000000E+00  0.00000000000000E+00  0.44430358787766E+01 -0.15512897410616E+02 -0.41069548982073E+01  0.00000000000000E+00  0.00000000000000E+00  0.00000000000000E+00  0.00000000000000E+00  0.00000000000000E+00  0.30742898071674E+05  0.00000000000000E+00  0.00000000000000E+00  0.00000000000000E+00  0.00000000000000E+00  0.00000000000000E+00  0.00000000000000E+00  0.00000000000000E+00  0.00000000000000E+00  0.00000000000000E+00  0.00000000000000E+00  0.00000000000000E+00  0.00000000000000E+00  0.00000000000000E+00
  -0.86740642213671E+06  0.21035135034857E+06 -0.31987220127956E+05 -0.66354150087157E+05  0.11863551403960E+05 -0.84749435742625E+04 -0.98497068115689E+04 -0.29421129814817E+06  0.66966692366087E+05  0.11010619895144E+05 -0.19822913828829E+04 -0.51458838663198E+04 -0.60638535997213E+03 -0.12249901107259E+01  0.20250431871501E+04 -0.16855057887717E+03  0.20273568578540E+04  0.95794224078465E+03  0.56169950333460E+06  0.00000000000000E+00  0.00000000000000E+00  0.60610227403638E+03 -0.56594580636813E+04  0.37108998439815E+05  0.00000000000000E+00  0.00000000000000E+00  0.00000000000000E+00  0.00000000000000E+00  0.00000000000000E+00  0.00000000000000E+00  0.58014422459333E+06  0.00000000000000E+00  0.00000000000000E+00  0.00000000000000E+00  0.00000000000000E+00  0.00000000000000E+00  0.00000000000000E+00  0.00000000000000E+00  0.00000000000000E+00  0.00000000000000E+00  0.00000000000000E+00  0.00000000000000E+00  0.00000000000000E+00
  -0.11249486997264E+07  0.26557380507804E+06 -0.41658853536898E+05 -0.34472370425395E+06  0.62897512931611E+05 -0.41511855321506E+05 -0.51388801990887E+05 -0.58098653019728E+06  0.12797605385754E+06  0.22959507254614E+05 -0.39621408856654E+04 -0.20860085797902E+02 -0.24356582870194E+01 -0.38401824283310E-02  0.43513719465253E+04 -0.50121290642838E+03  0.41668945718171E+04  0.22961371536753E+04  0.27564965873704E+07  0.31770026640098E+03 -0.58323115344475E+07 -0.27425659318289E+05 -0.79033010745737E+05 -0.19635703604191E+06 -0.89861603742608E+04 -0.31924326596012E+05 -0.13964199434199E+06  0.00000000000000E+00  0.00000000000000E+00  0.00000000000000E+00  0.00000000000000E+00  0.92311677554198E+06  0.00000000000000E+00  0.00000000000000E+00  0.00000000000000E+00  0.00000000000000E+00  0.00000000000000E+00  0.00000000000000E+00  0.00000000000000E+00  0.00000000000000E+00  0.00000000000000E+00  0.00000000000000E+00  0.00000000000000E+00
  -0.20908397196647E+05  0.57326909516279E+04 -0.80098120467407E+03 -0.13922801911616E+04  0.32797350954516E+03  0.10322458996820E+02 -0.15884024151709E+03 -0.73655992024781E+05  0.22865457843059E+05  0.14948148947513E+04 -0.41487080083322E+03 -0.23442591087170E+04 -0.14741535673165E+03 -0.43701216921428E+01 -0.14837218911180E+04  0.15321695012290E+03 -0.11759729219286E+04 -0.59571589920088E+03  0.17185102154810E+05  0.00000000000000E+00  0.00000000000000E+00  0.00000000000000E+00  0.00000000000000E+00  0.00000000000000E+00  0.00000000000000E+00  0.00000000000000E+00  0.00000000000000E+00  0.00000000000000E+00  0.00000000000000E+00  0.00000000000000E+00  0.00000000000000E+00  0.00000000000000E+00  0.14322953342390E+05  0.00000000000000E+00  0.00000000000000E+00  0.00000000000000E+00  0.00000000000000E+00  0.00000000000000E+00  0.00000000000000E+00  0.00000000000000E+00  0.00000000000000E+00  0.00000000000000E+00  0.00000000000000E+00
  -0.47605004242795E+05  0.13217492198882E+05 -0.18306133691378E+04 -0.25054239874526E+04  0.57085098342111E+03 -0.13279638328977E+02 -0.27788985385471E+03 -0.16648243958383E+06  0.51785445383776E+05  0.33140628304487E+04 -0.93774689340230E+03 -0.71908742027546E+02 -0.18910255732487E+02 -0.47728901630541E-04 -0.29335731764604E+04  0.30199481272335E+03 -0.23314268292215E+04 -0.11824163401291E+04  0.31249888896558E+05 -0.66933700682412E+01  0.56026554551885E+05 -0.95701835618584E+02 -0.25225092839211E+03 -0.81083182896169E+03 -0.29941895136402E+02 -0.94794724090418E+02 -0.55643515729104E+03  0.00000000000000E+00  0.00000000000000E+00  0.00000000000000E+00  0.00000000000000E+00  0.00000000000000E+00  0.00000000000000E+00  0.31425142947088E+05  0.00000000000000E+00  0.00000000000000E+00  0.00000000000000E+00  0.00000000000000E+00  0.00000000000000E+00  0.00000000000000E+00  0.00000000000000E+00  0.00000000000000E+00  0.00000000000000E+00
  -0.32074020597325E+04  0.42323273675355E+03 -0.10130603093274E+03 -0.72404608687590E+02  0.92156259949957E+01 -0.18979337019324E+02 -0.13311427814362E+02 -0.13979067367877E+04  0.18796284770722E+03  0.43587219936720E+02 -0.10714518388718E+02 -0.80325268252281E+02 -0.65192052045855E+01 -0.17556300960819E+00 -0.72600284157553E+03  0.80034863317282E+02 -0.56506667674603E+03 -0.31145872136011E+03  0.21700119038386E+03  0.00000000000000E+00  0.00000000000000E+00  0.00000000000000E+00  0.00000000000000E+00  0.00000000000000E+00  0.00000000000000E+00  0.00000000000000E+00  0.00000000000000E+00  0.00000000000000E+00  0.00000000000000E+00  0.00000000000000E+00  0.00000000000000E+00  0.00000000000000E+00  0.00000000000000E+00  0.00000000000000E+00  0.37954564777867E+04  0.00000000000000E+00  0.00000000000000E+00  0.00000000000000E+00  0.00000000000000E+00  0.00000000000000E+00  0.00000000000000E+00  0.00000000000000E+00  0.00000000000000E+00
  -0.20462620561200E+06  0.63841941987785E+05 -0.79472089858537E+04 -0.11788134560038E+05  0.29294536582410E+04  0.43949285719778E+03 -0.99635571359295E+03 -0.56339994155514E+04  0.59248741090638E+03  0.55188098584155E+03 -0.44245159837780E+02 -0.21624155725317E+00 -0.15456913175113E+00  0.14955734172996E-12  0.22692357336534E+03 -0.60803110120688E+02  0.54489399711596E+02  0.85731957847339E+02  0.18293255768520E+06  0.00000000000000E+00  0.00000000000000E+00  0.20334306830435E+04  0.30530370079847E+04  0.16290325151606E+05  0.00000000000000E+00  0.00000000000000E+00  0.00000000000000E+00  0.00000000000000E+00  0.00000000000000E+00  0.00000000000000E+00  0.00000000000000E+00  0.00000000000000E+00  0.00000000000000E+00  0.00000000000000E+00  0.00000000000000E+00  0.10619114441978E+06  0.00000000000000E+00  0.00000000000000E+00  0.00000000000000E+00  0.00000000000000E+00  0.00000000000000E+00  0.00000000000000E+00  0.00000000000000E+00
  -0.23070371732456E+06  0.71434017640025E+05 -0.89420183548046E+04 -0.53121328249619E+05  0.13006522146814E+05  0.16297581025588E+04 -0.46471990282150E+04 -0.11092248130124E+05  0.12012115622559E+04  0.10494049183031E+04 -0.86946118842651E+02  0.20674743666588E-02  0.14997781881051E-02 -0.67702896598437E-11  0.40836543860299E+03 -0.10792569313315E+03  0.10883836690713E+03  0.15993959367010E+03  0.80401292704639E+06  0.19968132449800E+03 -0.12145040425254E+07 -0.33947430183067E+04 -0.11050470201689E+05 -0.29538592045376E+05 -0.69631088672880E+03 -0.38003571238771E+04 -0.23242825420526E+05  0.00000000000000E+00  0.00000000000000E+00  0.00000000000000E+00  0.00000000000000E+00  0.00000000000000E+00  0.00000000000000E+00  0.00000000000000E+00  0.00000000000000E+00  0.00000000000000E+00  0.13893990399903E+06  0.00000000000000E+00  0.00000000000000E+00  0.00000000000000E+00  0.00000000000000E+00  0.00000000000000E+00  0.00000000000000E+00
