# fitpack15: fit parameters                                                                         
# CJ15 AV18 final data choices                                                                      
# Created on 01/15/2020 at 22:55:40                                                                 

 # QCD setup
  INS                           0
  NVL                          11
  IORD                          1
  Q02                   1.6899999999999999     
  IPARAMC                       7
  FLAVOR                4.0000000000000000     
  xmc                   1.3000000000000000     
  xmb                   4.5000000000000000     
  ncb                          12
  ihq                           1
  ias                           0

 # Theory corrections
  inuke                     10814
  itmc                          1
  iht                           1

 # fit parameters
 LAMBDA       0.22680        0.0000    
 a0uv          1.9537        0.0000    
 a1uv         0.56846       0.23585E-01
 a2uv          3.5568       0.11679E-01
 a3uv          0.0000        0.0000    
 a4uv          4.5714       0.63098    
 a5uv          0.0000        0.0000    
 a0dv          25.071        0.0000    
 a1dv          1.1575       0.33174E-01
 a2dv          6.6246       0.15916    
 a3dv         -3.5593       0.84799E-01
 a4dv          4.7849       0.13963    
 a5dv          0.0000        0.0000    
 a0ud         0.14199       0.49836E-02
 a1ud        -0.21085       0.38201E-02
 a2ud          8.4263       0.18945    
 a3ud          0.0000        0.0000    
 a4ud          15.780        1.3100    
 a5ud          0.0000        0.0000    
 a0du          35712.        0.0000    
 a1du          4.0841       0.86171E-01
 a2du          20.134       0.95761    
 a3du          17.000        0.0000    
 a4du          52.986        11.913    
 a0g           47.588        0.0000    
 a1g          0.61053       0.32771E-01
 a2g           6.8537       0.97149    
 a3g          -3.3826       0.14925    
 a4g           3.4057       0.38168    
 a5g           0.0000        0.0000    
 kappa        0.40000        0.0000    
 a6dv        -0.39198E-02   0.67155E-03
 a7dv          2.0000        0.0000    
 off1         -2.7011        1.8407    
 off2         0.49996E-01   0.14448E-01
 ht1          -3.5728       0.34766    
 ht2           2.0919       0.12490    
 ht3          -2.0476       0.35555E-01
 ht4           0.0000        0.0000    
 ht1n         -3.7437        1.0438    
 ht2n          2.0027       0.34475    
 ht3n         -2.1229       0.67365E-01
 ht4n          0.0000        0.0000    
 dummy44       0.0000        0.0000    
 dummy45       0.0000        0.0000    
 dummy46       0.0000        0.0000    
 dummy47       0.0000        0.0000    
 dummy48       0.0000        0.0000    
 dummy49       0.0000        0.0000    
 bcdmsh2      0.97002       0.48544E-02
 bcdmsd2      0.99006       0.58554E-02
 ccfr          1.0000        0.0000    
 nutev         1.0000        0.0000    
 zeus         0.97998        0.0000    
 h1            1.0162        0.0000    
 e605          1.0319        0.0000    
 NmcH2         1.0064       0.71342E-02
 ntv_nu        1.0000        0.0000    
 ntv_nubar     1.0000        0.0000    
 cdf_jet      0.98910        0.0000    
 d0_jet       0.83504        0.0000    
 slac_p        1.0020       0.50388E-02
 slac_d        1.0013       0.53131E-02
 e866pp       0.98183       0.19979E-01
 e866pd       0.96973       0.16465E-01
 d0_gamjet     1.0362       0.16488E-01
 h1b          0.97608        0.0000    
 jlab_p       0.99055       0.62870E-02
 jlab_d       0.97451       0.60158E-02
 blank         1.0000        0.0000    
 d0run2       0.94446       0.14209E-01
 cdfrun2      0.93125       0.17322E-01
 HERA_el       1.0000        0.0000    
 HERA_ps       1.0000        0.0000    
 CDF_Z        0.95922       0.66407E-02
 NmcRat        1.0000        0.0000    
 BNS_F2nd     0.98284       0.11812E-01
 HERMES_F2p   0.99590       0.56746E-02
 HERMES_F2d   0.97757       0.58471E-02
 END 0. 0.

 # Hessian matrix (Bevington alpha)
   0.51942146492480E+07 -0.13316352850635E+07  0.19502582129667E+06  0.50393883283326E+06 -0.12795532449589E+06 -0.29747920636980E+05  0.53194930636671E+05  0.98912251787985E+06 -0.18423549007444E+06 -0.50183283152008E+05  0.73138722139964E+04  0.15377718571690E+05  0.17270341928071E+04 -0.10687302744075E+03  0.96601600891788E+04 -0.21482482018542E+04  0.10074513151542E+05  0.72582630129805E+04 -0.78410727238448E+07 -0.17191402319693E+04 -0.87862056845508E+06  0.31887272667359E+05  0.11467746088996E+06  0.19695489814877E+06  0.11211874694373E+05  0.43625746817919E+05  0.22183101873870E+06 -0.13226564920493E+06 -0.56070523283954E+05 -0.52658979316635E+04 -0.86869150086167E+06 -0.11263902700078E+07 -0.20981607835730E+05 -0.47537416410736E+05 -0.32084806359652E+04 -0.20492272240666E+06 -0.23112337319094E+06 -0.92342251374890E+04 -0.32581154156550E+04 -0.18079160222138E+05  0.17108995363516E+05 -0.74375756710649E+05 -0.58621054251197E+05
  -0.13316352850635E+07  0.41662012257467E+06 -0.51073178912659E+05 -0.13734218488353E+06  0.34563137807907E+05  0.10719102203731E+05 -0.11121699263512E+05 -0.12546522303001E+06  0.26441608967900E+05  0.74005602856845E+04 -0.87818383723204E+03 -0.12012192327693E+04 -0.13959034281517E+03  0.12808529362282E+02  0.64465108952766E+03 -0.52930835614760E+02  0.13654632335323E+03  0.74938570167511E+02  0.26246551386541E+07  0.64648416958981E+03  0.25034784273617E+06 -0.60704504800875E+04 -0.25703480451065E+05 -0.49344606956049E+05 -0.25464649602721E+04 -0.10736066234516E+05 -0.60305792646672E+05  0.16794175747409E+05  0.82954251383725E+04 -0.19440777088447E+03  0.21053271600535E+06  0.26624426869971E+06  0.57480478892250E+04  0.13191262782239E+05  0.42274062796935E+03  0.63899397824582E+05  0.71613652847489E+05  0.24380523043110E+04  0.77163252826321E+03 -0.22149865450197E+04 -0.22552900655143E+04  0.86856464511763E+04  0.72974958734270E+04
   0.19502582129667E+06 -0.51073178912659E+05  0.73758265108102E+04  0.18723553976595E+05 -0.48661979012033E+04 -0.13656881730842E+04  0.19166824151264E+04  0.28026379982681E+05 -0.50711041702760E+04 -0.16660076657795E+04  0.21070689155735E+03  0.41751498765219E+03  0.53159640200758E+02 -0.40580265930292E+01 -0.27934473190068E+03 -0.71243166134908E+01 -0.12862437208981E+03 -0.73138315566471E+01 -0.30183191048240E+06 -0.67143797831978E+02 -0.33324596306988E+05  0.11644660584102E+04  0.41986507976382E+04  0.73285277944091E+04  0.41378684025680E+03  0.16165044188383E+04  0.83464181704097E+04 -0.46785953190057E+04 -0.19854206463780E+04  0.18498551280868E+02 -0.31868065814224E+05 -0.41514784148558E+05 -0.79942022321908E+03 -0.18181167009541E+04 -0.10086996094677E+03 -0.79139256851909E+04 -0.89114641372134E+04 -0.34662052103155E+03 -0.12107832216016E+03 -0.65825216554975E+02  0.61029032957576E+03 -0.22223876761500E+04 -0.17932407551162E+04
   0.50393883283326E+06 -0.13734218488353E+06  0.18723553976595E+05  0.40082962114180E+06 -0.62341135714334E+05  0.74364179613611E+05  0.64106915543363E+05  0.36281039334035E+06 -0.27892864150087E+05 -0.18337094423337E+05  0.31854288257549E+04 -0.13967979396436E+04 -0.15047965795997E+03  0.55315045005051E+02  0.30950196891042E+05 -0.37558487894105E+04  0.24488426946026E+05  0.13748895251032E+05 -0.22833730901888E+07 -0.29412918390172E+03 -0.24420251376869E+06  0.11887320584238E+05  0.35247794366162E+05  0.82003401245739E+05  0.38298976383732E+04  0.13979323500744E+05  0.61536937389536E+05 -0.12876849335867E+05 -0.21332081994074E+05 -0.67797736933295E+02 -0.66373553103082E+05 -0.34459566384779E+06 -0.13668631771493E+04 -0.24932649911426E+04 -0.70779046045211E+02 -0.11784304637156E+05 -0.53179842412481E+05 -0.24817057628367E+04 -0.96420518192460E+03 -0.98260515394706E+04 -0.15888758635013E+05 -0.72632355019432E+04 -0.21520279187648E+05
  -0.12795532449589E+06  0.34563137807907E+05 -0.48661979012033E+04 -0.62341135714334E+05  0.11449225831634E+05 -0.74495830246689E+04 -0.91288414807023E+04 -0.33372454573263E+05  0.51474028284386E+03  0.23629399304082E+04 -0.31799950062371E+03 -0.20230290672220E+02  0.50433032511150E+01 -0.49274076125570E+01 -0.25972762871097E+04  0.31968368912559E+03 -0.20026159885121E+04 -0.11390013003251E+04  0.48905294712310E+06  0.81598691428019E+02  0.50192345076000E+05 -0.21885212886485E+04 -0.65150590014480E+04 -0.15616449548117E+05 -0.66630816058332E+03 -0.24820916050314E+04 -0.12014673201874E+05  0.19996563145709E+04  0.33638490299468E+04 -0.57328510292137E+02  0.11793233807534E+05  0.62602853594806E+05  0.32034410790163E+03  0.56398878198761E+03  0.89551115826356E+01  0.29014661567161E+04  0.12921808073635E+05  0.46621459401598E+03  0.17275985460223E+03  0.37022350597286E+03  0.25094146961353E+04  0.81532949613203E+03  0.25159187067921E+04
  -0.29747920636980E+05  0.10719102203731E+05 -0.13656881730842E+04  0.74364179613611E+05 -0.74495830246689E+04  0.24492936215714E+05  0.14612033801666E+05  0.11093716546798E+06 -0.10489896324849E+05 -0.45852171014928E+04  0.95478723538847E+03 -0.71485460435133E+03 -0.67276021134179E+02  0.18824801490527E+02  0.95030447181163E+04 -0.11847011212413E+04  0.76052327754936E+04  0.43343973590881E+04 -0.44420816995086E+05  0.51940639205441E+02 -0.13635618410321E+05  0.13799812579101E+04  0.39075527424486E+04  0.77134092077427E+04  0.54792833325017E+03  0.18203889311388E+04  0.48973447784726E+04 -0.27451193530616E+04 -0.42068665125343E+04  0.15271991366876E+03 -0.84643638333014E+04 -0.41192416713630E+05  0.14333749531693E+02 -0.82814429938910E+01 -0.18779137832623E+02  0.46480773804457E+03  0.17888441987364E+04 -0.24664677159383E+03 -0.12709740058993E+03 -0.31673924033482E+04 -0.32763803102476E+04 -0.18639075044439E+04 -0.53508167719184E+04
   0.53194930636671E+05 -0.11121699263512E+05  0.19166824151264E+04  0.64106915543363E+05 -0.91288414807023E+04  0.14612033801666E+05  0.11356304667124E+05  0.61122394071894E+05 -0.34802146307342E+04 -0.32644708010262E+04  0.55391916493243E+03 -0.23308656224787E+03 -0.27059435478891E+02  0.98738048981999E+01  0.48766396910566E+04 -0.61608978653944E+03  0.37940162139864E+04  0.21892769208036E+04 -0.24085636763869E+06 -0.92318362368162E+01 -0.30919820065784E+05  0.17812731211444E+04  0.51298346371038E+04  0.11376627997370E+05  0.61014732187473E+03  0.21157907516356E+04  0.81343510984623E+04 -0.24669694156998E+04 -0.38653235190345E+04  0.13819546463922E+03 -0.98495834764031E+04 -0.51299469393581E+05 -0.15428661011277E+03 -0.27407727925457E+03 -0.13111100427045E+02 -0.98082271136248E+03 -0.45721921329303E+04 -0.35537568388475E+03 -0.15014867990377E+03 -0.13440644513709E+04 -0.31250899995171E+04 -0.11507105987386E+04 -0.34241736576278E+04
   0.98912251787985E+06 -0.12546522303001E+06  0.28026379982681E+05  0.36281039334035E+06 -0.33372454573263E+05  0.11093716546798E+06  0.61122394071894E+05  0.53870061549451E+07 -0.24091381040335E+07 -0.89469857947258E+05  0.25985297476429E+05  0.26544875172157E+05  0.17967148176009E+04  0.99015673144910E+02  0.89161769946455E+05 -0.11302175128232E+05  0.81483945602648E+05  0.44166802063366E+05 -0.59084757517597E+06  0.35940867153966E+03 -0.10488796605659E+06  0.17906250321168E+05  0.58653382953674E+05  0.95066836456809E+05  0.62178835550651E+04  0.22877695418196E+05  0.70195697886955E+05 -0.63162443459552E+05 -0.50624182924499E+05 -0.70412802390830E+05 -0.29581850630013E+06 -0.58150076131526E+06 -0.73975705780680E+05 -0.16645720023074E+06 -0.14121176035562E+04 -0.56726565000249E+04 -0.11187672667372E+05  0.23306789734355E+03  0.25289623513808E+03 -0.27443166130090E+06 -0.87720583673841E+04 -0.14464109986911E+06 -0.17839862603841E+06
  -0.18423549007444E+06  0.26441608967900E+05 -0.50711041702760E+04 -0.27892864150087E+05  0.51474028284386E+03 -0.10489896324849E+05 -0.34802146307342E+04 -0.24091381040335E+07  0.19292584958154E+07  0.19483241707240E+05 -0.64091701712920E+04 -0.55706675281583E+04 -0.30784043982467E+03 -0.13894029690750E+02  0.48007222063963E+05 -0.22209638768581E+04  0.14530096905676E+05  0.69277772513228E+04 -0.26077047125448E+05 -0.94065759950155E+02  0.18895020882883E+04 -0.35561296779983E+04 -0.12191313781462E+05 -0.18730117852106E+05 -0.12758986924598E+04 -0.48609402101065E+04 -0.13519987404694E+05  0.11581473008900E+05  0.10931742072008E+05  0.24742630164184E+05  0.67166848467989E+05  0.12767047429513E+06  0.22908408076844E+05  0.51620105011355E+05  0.19113666349951E+03  0.59450923406011E+03  0.12078099377453E+04 -0.12465977776557E+04 -0.69363573084288E+03  0.11308829990916E+06  0.15675562603271E+04  0.45278039434550E+05  0.55305428798503E+05
  -0.50183283152008E+05  0.74005602856845E+04 -0.16660076657795E+04 -0.18337094423337E+05  0.23629399304082E+04 -0.45852171014928E+04 -0.32644708010262E+04 -0.89469857947258E+05  0.19483241707240E+05  0.26628634736976E+04 -0.61429181024007E+03 -0.66119560942162E+03 -0.58770569385275E+02 -0.17731780817331E+01 -0.40252982698718E+04  0.49101062414076E+03 -0.32083471950940E+04 -0.18185985081286E+04  0.56836372938787E+05 -0.60519902450705E+01  0.92451610571421E+04 -0.78130738540486E+03 -0.24161521826941E+04 -0.42181832597626E+04 -0.26055581903552E+03 -0.92160009332800E+03 -0.32533559779865E+04  0.27567091493493E+04  0.19036536765769E+04  0.73777157939401E+03  0.11039824383691E+05  0.22952154138529E+05  0.14966152419559E+04  0.33089916635681E+04  0.43763456803186E+02  0.55443659951489E+03  0.10560063090897E+04  0.12998534286318E+03  0.57872907450726E+02  0.31404657965358E+04  0.43538738351351E+03  0.28401513537265E+04  0.35907229551117E+04
   0.73138722139964E+04 -0.87818383723204E+03  0.21070689155735E+03  0.31854288257549E+04 -0.31799950062371E+03  0.95478723538847E+03  0.55391916493243E+03  0.25985297476429E+05 -0.64091701712920E+04 -0.61429181024007E+03  0.16619567465801E+03  0.18574388496307E+03  0.13582148727167E+02  0.65953884312297E+00  0.12224700991997E+04 -0.13530115737496E+03  0.94336251430316E+03  0.51363151263267E+03 -0.60552522171178E+04  0.23250224261263E+01 -0.97387238196857E+03  0.12691513951297E+03  0.40939120757021E+03  0.67503426766499E+03  0.43582648436596E+02  0.15832425456383E+03  0.50141288969856E+03 -0.46188490042666E+03 -0.34840851506879E+03 -0.33442173545040E+03 -0.19943086114146E+04 -0.39692728637586E+04 -0.41669037738226E+03 -0.93801935448058E+03 -0.10806540926025E+02 -0.44606045628813E+02 -0.87801777032319E+02 -0.13207280340866E+02 -0.61984015119751E+01 -0.11301681166790E+04 -0.64038785597495E+02 -0.81288143739809E+03 -0.10099323638573E+04
   0.15377718571690E+05 -0.12012192327693E+04  0.41751498765219E+03 -0.13967979396436E+04 -0.20230290672220E+02 -0.71485460435133E+03 -0.23308656224787E+03  0.26544875172157E+05 -0.55706675281583E+04 -0.66119560942162E+03  0.18574388496307E+03  0.15667972823881E+04  0.10446442163657E+03 -0.11592531745129E+01  0.13702115465012E+04 -0.19199058736086E+03  0.13264120887956E+04  0.77042114526477E+03 -0.60490747962728E+04 -0.50073441154872E+01 -0.43597817705394E+03  0.66589464963787E+01  0.17226683061473E+03 -0.41117433677324E+03 -0.22329384406306E+02 -0.91724420455324E+02 -0.23727000188621E+03 -0.11156834563637E+04 -0.75095057212776E-01 -0.68585394725940E+03 -0.49741920145624E+04 -0.16741964033230E+02 -0.22457444357817E+04 -0.69181821997340E+02 -0.77469632936567E+02 -0.20494033980875E+00  0.27869367290876E-02 -0.17030478172597E+01 -0.72889135433017E+00  0.29167851033434E+03  0.30459760262056E+03 -0.26693122608888E+04 -0.45014135622505E+01
   0.17270341928071E+04 -0.13959034281517E+03  0.53159640200758E+02 -0.15047965795997E+03  0.50433032511150E+01 -0.67276021134179E+02 -0.27059435478891E+02  0.17967148176009E+04 -0.30784043982467E+03 -0.58770569385275E+02  0.13582148727167E+02  0.10446442163657E+03  0.94686149909017E+01 -0.16921538121775E+00  0.76763393595691E+02 -0.12896170495291E+02  0.78189043126464E+02  0.49580795671831E+02 -0.28988980630951E+03 -0.40388994410052E+00  0.17553603984173E+02  0.28652664729973E+01  0.23212512958429E+02 -0.43581078773777E+02 -0.23919563031271E+01 -0.91892408050623E+01 -0.19024889183367E+02 -0.16425089996272E+03 -0.10006161123923E-01 -0.27020541566829E+02 -0.58564893393453E+03 -0.19461575863929E+01 -0.14163275572157E+03 -0.18146990672019E+02 -0.63023817239368E+01 -0.14646218385825E+00  0.19280539494710E-02 -0.18033289909667E+00 -0.69977430074228E-01  0.28858194405516E+02  0.68065700888300E+02 -0.19361496203363E+03 -0.35600031750531E+00
  -0.10687302744075E+03  0.12808529362282E+02 -0.40580265930292E+01  0.55315045005051E+02 -0.49274076125570E+01  0.18824801490527E+02  0.98738048981999E+01  0.99015673144910E+02 -0.13894029690750E+02 -0.17731780817331E+01  0.65953884312297E+00 -0.11592531745129E+01 -0.16921538121775E+00  0.49223209550962E-01  0.14199973834222E+02 -0.10986920744686E+01  0.85041383997052E+01  0.40071490745193E+01 -0.80570046784000E+02  0.19059003486550E-01 -0.15946162195102E+02  0.26285376492079E+00  0.67067779037688E+00  0.24553041828741E+01  0.10635146780472E+00  0.35811814280798E+00  0.16172266097065E+01  0.68650694630593E-01 -0.24143630032575E-04 -0.59619248731012E+01 -0.75732251496663E+00 -0.18549890668818E-02 -0.31399189124024E+01 -0.14600650633313E-04 -0.13666305937345E+00  0.54604564414050E-13 -0.90878925902581E-12 -0.16428995299331E-02 -0.90203409069604E-03 -0.15789461992104E+01  0.41666607082365E-04 -0.30781326484525E+01 -0.33488874697721E-02
   0.96601600891788E+04  0.64465108952766E+03 -0.27934473190068E+03  0.30950196891042E+05 -0.25972762871097E+04  0.95030447181163E+04  0.48766396910566E+04  0.89161769946455E+05  0.48007222063963E+05 -0.40252982698718E+04  0.12224700991997E+04  0.13702115465012E+04  0.76763393595691E+02  0.14199973834222E+02  0.49598121810179E+05 -0.46143178257801E+04  0.32889748774865E+05  0.17140014634157E+05 -0.55405497062574E+05  0.32987456991978E+01  0.29993031704429E+04 -0.12469889748563E+03 -0.39220986481042E+03 -0.32458800210812E+03 -0.40362467740685E+02 -0.14256197783896E+03 -0.35526919016284E+03 -0.26912248637587E+04 -0.17654137500147E+04 -0.24898902290085E+04  0.20272286342277E+04  0.43739101049011E+04 -0.14781632015447E+04 -0.29338605585584E+04 -0.72740744009948E+03  0.22710937431027E+03  0.41007270828307E+03 -0.28572568548843E+04 -0.15201084251435E+04 -0.24092694873007E+04  0.19412598201848E+03 -0.89459061602365E+03 -0.10078619721644E+04
  -0.21482482018542E+04 -0.52930835614760E+02 -0.71243166134908E+01 -0.37558487894105E+04  0.31968368912559E+03 -0.11847011212413E+04 -0.61608978653944E+03 -0.11302175128232E+05 -0.22209638768581E+04  0.49101062414076E+03 -0.13530115737496E+03 -0.19199058736086E+03 -0.12896170495291E+02 -0.10986920744686E+01 -0.46143178257801E+04  0.49890955497943E+03 -0.34571396169248E+04 -0.18773579392498E+04  0.64792192884305E+04 -0.10320742502300E+01 -0.45690037507481E+03  0.12738572383158E+02  0.35702675420783E+02  0.10131031166067E+02  0.39412013462441E+01  0.13316765682066E+02  0.35902965199237E+02  0.49497158569381E+03  0.31017825905836E+03  0.28760094828471E+03 -0.16899800147689E+03 -0.50687696668555E+03  0.15299755715370E+03  0.30273339764742E+03  0.80440827713967E+02 -0.60971307604434E+02 -0.10858825148455E+03  0.43311983616196E+03  0.21480226077288E+03 -0.29977232704763E+03 -0.35036018111443E+02  0.24921830956097E+03  0.27924235265685E+03
   0.10074513151542E+05  0.13654632335323E+03 -0.12862437208981E+03  0.24488426946026E+05 -0.20026159885121E+04  0.76052327754936E+04  0.37940162139864E+04  0.81483945602648E+05  0.14530096905676E+05 -0.32083471950940E+04  0.94336251430316E+03  0.13264120887956E+04  0.78189043126464E+02  0.85041383997052E+01  0.32889748774865E+05 -0.34571396169248E+04  0.24508245346818E+05  0.13122905712637E+05 -0.44165797271733E+05  0.13490673390702E+01  0.27182858173066E+04 -0.13532830896037E+03 -0.41156273866009E+03 -0.40014976840291E+03 -0.44907196516597E+02 -0.15036243560703E+03 -0.34999562655745E+03 -0.22466221516273E+04 -0.14647707129378E+04 -0.23300823497856E+04  0.20045553421060E+04  0.41131460858438E+04 -0.11575581226632E+04 -0.23038585511911E+04 -0.55768174334621E+03  0.51993698094307E+02  0.10443825456603E+03 -0.22933181535024E+04 -0.12456614735290E+04  0.90137635952653E+03  0.18818586629678E+03 -0.14007293195931E+04 -0.15582009224001E+04
   0.72582630129805E+04  0.74938570167511E+02 -0.73138315566471E+01  0.13748895251032E+05 -0.11390013003251E+04  0.43343973590881E+04  0.21892769208036E+04  0.44166802063366E+05  0.69277772513228E+04 -0.18185985081286E+04  0.51363151263267E+03  0.77042114526477E+03  0.49580795671831E+02  0.40071490745193E+01  0.17140014634157E+05 -0.18773579392498E+04  0.13122905712637E+05  0.71307004618733E+04 -0.24611107149081E+05  0.20510357309446E+01  0.16962678907845E+04 -0.72311030559875E+02 -0.20747953606450E+03 -0.16604834515073E+03 -0.23676584865503E+02 -0.76738170670550E+02 -0.18030976756612E+03 -0.16114514730526E+04 -0.10171912795485E+04 -0.11750655662990E+04  0.94815919198267E+03  0.22736266444970E+04 -0.58689437685801E+03 -0.11694832537182E+04 -0.30781897987611E+03  0.83787226114489E+02  0.15681652972847E+03 -0.14894874968192E+04 -0.77551347322678E+03  0.11820621264259E+04  0.13662317244980E+03 -0.10035857961851E+04 -0.11163875765797E+04
  -0.78410727238448E+07  0.26246551386541E+07 -0.30183191048240E+06 -0.22833730901888E+07  0.48905294712310E+06 -0.44420816995086E+05 -0.24085636763869E+06 -0.59084757517597E+06 -0.26077047125448E+05  0.56836372938787E+05 -0.60552522171178E+04 -0.60490747962728E+04 -0.28988980630951E+03 -0.80570046784000E+02 -0.55405497062574E+05  0.64792192884305E+04 -0.44165797271733E+05 -0.24611107149081E+05  0.34098222897309E+08  0.75309304471086E+04  0.28358640244811E+07 -0.94079608056166E+05 -0.31094474169250E+06 -0.80279029250987E+06 -0.26906423556036E+05 -0.11540275271548E+06 -0.65831032497265E+06  0.34476182934439E+05  0.76665779880046E+05 -0.12255566034701E+04  0.57095965204913E+06  0.28112004765115E+07  0.17212442855096E+05  0.31634718849632E+05  0.21243034890143E+03  0.18593070230123E+06  0.82085683586533E+06  0.24553591372432E+05  0.77243915207941E+04 -0.18563136322234E+05  0.45027996475623E+05  0.20769896340610E+05  0.64591297378084E+05
  -0.17191402319693E+04  0.64648416958981E+03 -0.67143797831978E+02 -0.29412918390172E+03  0.81598691428019E+02  0.51940639205441E+02 -0.92318362368162E+01  0.35940867153966E+03 -0.94065759950155E+02 -0.60519902450705E+01  0.23250224261263E+01 -0.50073441154872E+01 -0.40388994410052E+00  0.19059003486550E-01  0.32987456991978E+01 -0.10320742502300E+01  0.13490673390702E+01  0.20510357309446E+01  0.75309304471086E+04  0.27841074103875E+01  0.74972797614086E+03 -0.21699982136064E+02 -0.70838942006163E+02 -0.20608087797255E+03 -0.43756430920849E+01 -0.22522836019569E+02 -0.15914829578277E+03  0.00000000000000E+00 -0.19326672646882E+02  0.00000000000000E+00  0.00000000000000E+00  0.56531000456761E+03  0.00000000000000E+00 -0.90462450323213E+01  0.00000000000000E+00  0.00000000000000E+00  0.24807939523985E+03  0.00000000000000E+00  0.00000000000000E+00  0.00000000000000E+00  0.61246930897726E+01  0.00000000000000E+00 -0.22104582566950E+02
  -0.87862056845508E+06  0.25034784273617E+06 -0.33324596306988E+05 -0.24420251376869E+06  0.50192345076000E+05 -0.13635618410321E+05 -0.30919820065784E+05 -0.10488796605659E+06  0.18895020882883E+04  0.92451610571421E+04 -0.97387238196857E+03 -0.43597817705394E+03  0.17553603984173E+02 -0.15946162195102E+02  0.29993031704429E+04 -0.45690037507481E+03  0.27182858173066E+04  0.16962678907845E+04  0.28358640244811E+07  0.74972797614086E+03  0.42101669063469E+06 -0.17933369226567E+05 -0.52901228493046E+05 -0.13774092457035E+06 -0.50386327905079E+04 -0.19293907774854E+05 -0.10182733653859E+06  0.00000000000000E+00  0.18783145226483E+05  0.00000000000000E+00  0.00000000000000E+00  0.45698756931322E+06  0.00000000000000E+00 -0.43697131015047E+04  0.00000000000000E+00  0.00000000000000E+00  0.94315453858911E+05  0.00000000000000E+00  0.00000000000000E+00  0.00000000000000E+00 -0.16299566782041E+05  0.00000000000000E+00  0.15631315328398E+05
   0.31887272667359E+05 -0.60704504800875E+04  0.11644660584102E+04  0.11887320584238E+05 -0.21885212886485E+04  0.13799812579101E+04  0.17812731211444E+04  0.17906250321168E+05 -0.35561296779983E+04 -0.78130738540486E+03  0.12691513951297E+03  0.66589464963787E+01  0.28652664729973E+01  0.26285376492079E+00 -0.12469889748563E+03  0.12738572383158E+02 -0.13532830896037E+03 -0.72311030559875E+02 -0.94079608056166E+05 -0.21699982136064E+02 -0.17933369226567E+05  0.10672907338503E+04  0.29278988654333E+04  0.73013396316497E+04  0.28018324261012E+03  0.10081003009776E+04  0.48514630300919E+04 -0.46071710430287E+02 -0.12835073704321E+04  0.44050310141261E+01  0.59206028192217E+03 -0.24716583670715E+05  0.00000000000000E+00 -0.12265309043903E+03  0.00000000000000E+00  0.20486566159659E+04 -0.28163620510269E+04  0.00000000000000E+00  0.00000000000000E+00  0.00000000000000E+00  0.11959069545725E+04 -0.30372404688671E+03 -0.16641116355265E+04
   0.11467746088996E+06 -0.25703480451065E+05  0.41986507976382E+04  0.35247794366162E+05 -0.65150590014480E+04  0.39075527424486E+04  0.51298346371038E+04  0.58653382953674E+05 -0.12191313781462E+05 -0.24161521826941E+04  0.40939120757021E+03  0.17226683061473E+03  0.23212512958429E+02  0.67067779037688E+00 -0.39220986481042E+03  0.35702675420783E+02 -0.41156273866009E+03 -0.20747953606450E+03 -0.31094474169250E+06 -0.70838942006163E+02 -0.52901228493046E+05  0.29278988654333E+04  0.84734735829108E+04  0.20100551475411E+05  0.79863695131796E+03  0.29358477748084E+04  0.14208517837991E+05 -0.15144362993433E+03 -0.33998261040989E+04 -0.17214510874916E+02 -0.57449994715810E+04 -0.71928195685614E+05  0.00000000000000E+00 -0.32328905431570E+03  0.00000000000000E+00  0.30553809984156E+04 -0.95557520739947E+04  0.00000000000000E+00  0.00000000000000E+00  0.00000000000000E+00  0.34875381806986E+04 -0.17566296855849E+04 -0.49440544574242E+04
   0.19695489814877E+06 -0.49344606956049E+05  0.73285277944091E+04  0.82003401245739E+05 -0.15616449548117E+05  0.77134092077427E+04  0.11376627997370E+05  0.95066836456809E+05 -0.18730117852106E+05 -0.42181832597626E+04  0.67503426766499E+03 -0.41117433677324E+03 -0.43581078773777E+02  0.24553041828741E+01 -0.32458800210812E+03  0.10131031166067E+02 -0.40014976840291E+03 -0.16604834515073E+03 -0.80279029250987E+06 -0.20608087797255E+03 -0.13774092457035E+06  0.73013396316497E+04  0.20100551475411E+05  0.57024243878914E+05  0.19800024975619E+04  0.73311847129735E+04  0.36555060966193E+05  0.23557200764852E+03 -0.10659521478063E+05 -0.43757581078519E+01  0.37159817681096E+05 -0.17327973894144E+06  0.00000000000000E+00 -0.10391757797086E+04  0.00000000000000E+00  0.16276792605007E+05 -0.24760656049099E+05  0.00000000000000E+00  0.00000000000000E+00  0.00000000000000E+00  0.56796911572157E+04  0.14690320976941E+04 -0.11635431939461E+05
   0.11211874694373E+05 -0.25464649602721E+04  0.41378684025680E+03  0.38298976383732E+04 -0.66630816058332E+03  0.54792833325017E+03  0.61014732187473E+03  0.62178835550651E+04 -0.12758986924598E+04 -0.26055581903552E+03  0.43582648436596E+02 -0.22329384406306E+02 -0.23919563031271E+01  0.10635146780472E+00 -0.40362467740685E+02  0.39412013462441E+01 -0.44907196516597E+02 -0.23676584865503E+02 -0.26906423556036E+05 -0.43756430920849E+01 -0.50386327905079E+04  0.28018324261012E+03  0.79863695131796E+03  0.19800024975619E+04  0.94874688671014E+02  0.33372188474698E+03  0.14024426522326E+04  0.00000000000000E+00 -0.40617630775922E+03  0.00000000000000E+00  0.00000000000000E+00 -0.79797433469937E+04  0.00000000000000E+00 -0.38374038996677E+02  0.00000000000000E+00  0.00000000000000E+00 -0.50532220496002E+03  0.00000000000000E+00  0.00000000000000E+00  0.00000000000000E+00  0.16179052383369E+02  0.00000000000000E+00 -0.61764087976916E+03
   0.43625746817919E+05 -0.10736066234516E+05  0.16165044188383E+04  0.13979323500744E+05 -0.24820916050314E+04  0.18203889311388E+04  0.21157907516356E+04  0.22877695418196E+05 -0.48609402101065E+04 -0.92160009332800E+03  0.15832425456383E+03 -0.91724420455324E+02 -0.91892408050623E+01  0.35811814280798E+00 -0.14256197783896E+03  0.13316765682066E+02 -0.15036243560703E+03 -0.76738170670550E+02 -0.11540275271548E+06 -0.22522836019569E+02 -0.19293907774854E+05  0.10081003009776E+04  0.29358477748084E+04  0.73311847129735E+04  0.33372188474698E+03  0.12236530823765E+04  0.52460387667221E+04  0.00000000000000E+00 -0.12926523549303E+04  0.00000000000000E+00  0.00000000000000E+00 -0.28913758333514E+05  0.00000000000000E+00 -0.12149052096915E+03  0.00000000000000E+00  0.00000000000000E+00 -0.31508514080719E+04  0.00000000000000E+00  0.00000000000000E+00  0.00000000000000E+00 -0.68823700294832E+02  0.00000000000000E+00 -0.22755966752791E+04
   0.22183101873870E+06 -0.60305792646672E+05  0.83464181704097E+04  0.61536937389536E+05 -0.12014673201874E+05  0.48973447784726E+04  0.81343510984623E+04  0.70195697886955E+05 -0.13519987404694E+05 -0.32533559779865E+04  0.50141288969856E+03 -0.23727000188621E+03 -0.19024889183367E+02  0.16172266097065E+01 -0.35526919016284E+03  0.35902965199237E+02 -0.34999562655745E+03 -0.18030976756612E+03 -0.65831032497265E+06 -0.15914829578277E+03 -0.10182733653859E+06  0.48514630300919E+04  0.14208517837991E+05  0.36555060966193E+05  0.14024426522326E+04  0.52460387667221E+04  0.27161070828793E+05  0.00000000000000E+00 -0.73150271050555E+04  0.00000000000000E+00  0.00000000000000E+00 -0.12337177289866E+06  0.00000000000000E+00 -0.71313670453175E+03  0.00000000000000E+00  0.00000000000000E+00 -0.19748826205594E+05  0.00000000000000E+00  0.00000000000000E+00  0.00000000000000E+00  0.77783955506885E+04  0.00000000000000E+00 -0.80117025794366E+04
  -0.13226564920493E+06  0.16794175747409E+05 -0.46785953190057E+04 -0.12876849335867E+05  0.19996563145709E+04 -0.27451193530616E+04 -0.24669694156998E+04 -0.63162443459552E+05  0.11581473008900E+05  0.27567091493493E+04 -0.46188490042666E+03 -0.11156834563637E+04 -0.16425089996272E+03  0.68650694630593E-01 -0.26912248637587E+04  0.49497158569381E+03 -0.22466221516273E+04 -0.16114514730526E+04  0.34476182934439E+05  0.00000000000000E+00  0.00000000000000E+00 -0.46071710430287E+02 -0.15144362993433E+03  0.23557200764852E+03  0.00000000000000E+00  0.00000000000000E+00  0.00000000000000E+00  0.11696066424406E+06  0.00000000000000E+00  0.00000000000000E+00  0.00000000000000E+00  0.00000000000000E+00  0.00000000000000E+00  0.00000000000000E+00  0.00000000000000E+00  0.00000000000000E+00  0.00000000000000E+00  0.00000000000000E+00  0.00000000000000E+00  0.00000000000000E+00  0.00000000000000E+00  0.00000000000000E+00  0.00000000000000E+00
  -0.56070523283954E+05  0.82954251383725E+04 -0.19854206463780E+04 -0.21332081994074E+05  0.33638490299468E+04 -0.42068665125343E+04 -0.38653235190345E+04 -0.50624182924499E+05  0.10931742072008E+05  0.19036536765769E+04 -0.34840851506879E+03 -0.75095057212776E-01 -0.10006161123923E-01 -0.24143630032575E-04 -0.17654137500147E+04  0.31017825905836E+03 -0.14647707129378E+04 -0.10171912795485E+04  0.76665779880046E+05 -0.19326672646882E+02  0.18783145226483E+05 -0.12835073704321E+04 -0.33998261040989E+04 -0.10659521478063E+05 -0.40617630775922E+03 -0.12926523549303E+04 -0.73150271050555E+04  0.00000000000000E+00  0.65000153263740E+05  0.00000000000000E+00  0.00000000000000E+00  0.00000000000000E+00  0.00000000000000E+00  0.00000000000000E+00  0.00000000000000E+00  0.00000000000000E+00  0.00000000000000E+00  0.00000000000000E+00  0.00000000000000E+00  0.00000000000000E+00  0.00000000000000E+00  0.00000000000000E+00  0.00000000000000E+00
  -0.52658979316635E+04 -0.19440777088447E+03  0.18498551280868E+02 -0.67797736933295E+02 -0.57328510292137E+02  0.15271991366876E+03  0.13819546463922E+03 -0.70412802390830E+05  0.24742630164184E+05  0.73777157939401E+03 -0.33442173545040E+03 -0.68585394725940E+03 -0.27020541566829E+02 -0.59619248731012E+01 -0.24898902290085E+04  0.28760094828471E+03 -0.23300823497856E+04 -0.11750655662990E+04 -0.12255566034701E+04  0.00000000000000E+00  0.00000000000000E+00  0.44050310141261E+01 -0.17214510874916E+02 -0.43757581078519E+01  0.00000000000000E+00  0.00000000000000E+00  0.00000000000000E+00  0.00000000000000E+00  0.00000000000000E+00  0.30807885728189E+05  0.00000000000000E+00  0.00000000000000E+00  0.00000000000000E+00  0.00000000000000E+00  0.00000000000000E+00  0.00000000000000E+00  0.00000000000000E+00  0.00000000000000E+00  0.00000000000000E+00  0.00000000000000E+00  0.00000000000000E+00  0.00000000000000E+00  0.00000000000000E+00
  -0.86869150086167E+06  0.21053271600535E+06 -0.31868065814224E+05 -0.66373553103082E+05  0.11793233807534E+05 -0.84643638333014E+04 -0.98495834764031E+04 -0.29581850630013E+06  0.67166848467989E+05  0.11039824383691E+05 -0.19943086114146E+04 -0.49741920145624E+04 -0.58564893393453E+03 -0.75732251496663E+00  0.20272286342277E+04 -0.16899800147689E+03  0.20045553421060E+04  0.94815919198267E+03  0.57095965204913E+06  0.00000000000000E+00  0.00000000000000E+00  0.59206028192217E+03 -0.57449994715810E+04  0.37159817681096E+05  0.00000000000000E+00  0.00000000000000E+00  0.00000000000000E+00  0.00000000000000E+00  0.00000000000000E+00  0.00000000000000E+00  0.58071522398854E+06  0.00000000000000E+00  0.00000000000000E+00  0.00000000000000E+00  0.00000000000000E+00  0.00000000000000E+00  0.00000000000000E+00  0.00000000000000E+00  0.00000000000000E+00  0.00000000000000E+00  0.00000000000000E+00  0.00000000000000E+00  0.00000000000000E+00
  -0.11263902700078E+07  0.26624426869971E+06 -0.41514784148558E+05 -0.34459566384779E+06  0.62602853594806E+05 -0.41192416713630E+05 -0.51299469393581E+05 -0.58150076131526E+06  0.12767047429513E+06  0.22952154138529E+05 -0.39692728637586E+04 -0.16741964033230E+02 -0.19461575863929E+01 -0.18549890668818E-02  0.43739101049011E+04 -0.50687696668555E+03  0.41131460858438E+04  0.22736266444970E+04  0.28112004765115E+07  0.56531000456761E+03  0.45698756931322E+06 -0.24716583670715E+05 -0.71928195685614E+05 -0.17327973894144E+06 -0.79797433469937E+04 -0.28913758333514E+05 -0.12337177289866E+06  0.00000000000000E+00  0.00000000000000E+00  0.00000000000000E+00  0.00000000000000E+00  0.92350382586848E+06  0.00000000000000E+00  0.00000000000000E+00  0.00000000000000E+00  0.00000000000000E+00  0.00000000000000E+00  0.00000000000000E+00  0.00000000000000E+00  0.00000000000000E+00  0.00000000000000E+00  0.00000000000000E+00  0.00000000000000E+00
  -0.20981607835730E+05  0.57480478892250E+04 -0.79942022321908E+03 -0.13668631771493E+04  0.32034410790163E+03  0.14333749531693E+02 -0.15428661011277E+03 -0.73975705780680E+05  0.22908408076844E+05  0.14966152419559E+04 -0.41669037738226E+03 -0.22457444357817E+04 -0.14163275572157E+03 -0.31399189124024E+01 -0.14781632015447E+04  0.15299755715370E+03 -0.11575581226632E+04 -0.58689437685801E+03  0.17212442855096E+05  0.00000000000000E+00  0.00000000000000E+00  0.00000000000000E+00  0.00000000000000E+00  0.00000000000000E+00  0.00000000000000E+00  0.00000000000000E+00  0.00000000000000E+00  0.00000000000000E+00  0.00000000000000E+00  0.00000000000000E+00  0.00000000000000E+00  0.00000000000000E+00  0.14300220844736E+05  0.00000000000000E+00  0.00000000000000E+00  0.00000000000000E+00  0.00000000000000E+00  0.00000000000000E+00  0.00000000000000E+00  0.00000000000000E+00  0.00000000000000E+00  0.00000000000000E+00  0.00000000000000E+00
  -0.47537416410736E+05  0.13191262782239E+05 -0.18181167009541E+04 -0.24932649911426E+04  0.56398878198761E+03 -0.82814429938910E+01 -0.27407727925457E+03 -0.16645720023074E+06  0.51620105011355E+05  0.33089916635681E+04 -0.93801935448058E+03 -0.69181821997340E+02 -0.18146990672019E+02 -0.14600650633313E-04 -0.29338605585584E+04  0.30273339764742E+03 -0.23038585511911E+04 -0.11694832537182E+04  0.31634718849632E+05 -0.90462450323213E+01 -0.43697131015047E+04 -0.12265309043903E+03 -0.32328905431570E+03 -0.10391757797086E+04 -0.38374038996677E+02 -0.12149052096915E+03 -0.71313670453175E+03  0.00000000000000E+00  0.00000000000000E+00  0.00000000000000E+00  0.00000000000000E+00  0.00000000000000E+00  0.00000000000000E+00  0.31407831190293E+05  0.00000000000000E+00  0.00000000000000E+00  0.00000000000000E+00  0.00000000000000E+00  0.00000000000000E+00  0.00000000000000E+00  0.00000000000000E+00  0.00000000000000E+00  0.00000000000000E+00
  -0.32084806359652E+04  0.42274062796935E+03 -0.10086996094677E+03 -0.70779046045211E+02  0.89551115826356E+01 -0.18779137832623E+02 -0.13111100427045E+02 -0.14121176035562E+04  0.19113666349951E+03  0.43763456803186E+02 -0.10806540926025E+02 -0.77469632936567E+02 -0.63023817239368E+01 -0.13666305937345E+00 -0.72740744009948E+03  0.80440827713967E+02 -0.55768174334621E+03 -0.30781897987611E+03  0.21243034890143E+03  0.00000000000000E+00  0.00000000000000E+00  0.00000000000000E+00  0.00000000000000E+00  0.00000000000000E+00  0.00000000000000E+00  0.00000000000000E+00  0.00000000000000E+00  0.00000000000000E+00  0.00000000000000E+00  0.00000000000000E+00  0.00000000000000E+00  0.00000000000000E+00  0.00000000000000E+00  0.00000000000000E+00  0.37989673848997E+04  0.00000000000000E+00  0.00000000000000E+00  0.00000000000000E+00  0.00000000000000E+00  0.00000000000000E+00  0.00000000000000E+00  0.00000000000000E+00  0.00000000000000E+00
  -0.20492272240666E+06  0.63899397824582E+05 -0.79139256851909E+04 -0.11784304637156E+05  0.29014661567161E+04  0.46480773804457E+03 -0.98082271136248E+03 -0.56726565000249E+04  0.59450923406011E+03  0.55443659951489E+03 -0.44606045628813E+02 -0.20494033980875E+00 -0.14646218385825E+00  0.54604564414050E-13  0.22710937431027E+03 -0.60971307604434E+02  0.51993698094307E+02  0.83787226114489E+02  0.18593070230123E+06  0.00000000000000E+00  0.00000000000000E+00  0.20486566159659E+04  0.30553809984156E+04  0.16276792605007E+05  0.00000000000000E+00  0.00000000000000E+00  0.00000000000000E+00  0.00000000000000E+00  0.00000000000000E+00  0.00000000000000E+00  0.00000000000000E+00  0.00000000000000E+00  0.00000000000000E+00  0.00000000000000E+00  0.00000000000000E+00  0.10628201367394E+06  0.00000000000000E+00  0.00000000000000E+00  0.00000000000000E+00  0.00000000000000E+00  0.00000000000000E+00  0.00000000000000E+00  0.00000000000000E+00
  -0.23112337319094E+06  0.71613652847489E+05 -0.89114641372134E+04 -0.53179842412481E+05  0.12921808073635E+05  0.17888441987364E+04 -0.45721921329303E+04 -0.11187672667372E+05  0.12078099377453E+04  0.10560063090897E+04 -0.87801777032319E+02  0.27869367290876E-02  0.19280539494710E-02 -0.90878925902581E-12  0.41007270828307E+03 -0.10858825148455E+03  0.10443825456603E+03  0.15681652972847E+03  0.82085683586533E+06  0.24807939523985E+03  0.94315453858911E+05 -0.28163620510269E+04 -0.95557520739947E+04 -0.24760656049099E+05 -0.50532220496002E+03 -0.31508514080719E+04 -0.19748826205594E+05  0.00000000000000E+00  0.00000000000000E+00  0.00000000000000E+00  0.00000000000000E+00  0.00000000000000E+00  0.00000000000000E+00  0.00000000000000E+00  0.00000000000000E+00  0.00000000000000E+00  0.13907785088022E+06  0.00000000000000E+00  0.00000000000000E+00  0.00000000000000E+00  0.00000000000000E+00  0.00000000000000E+00  0.00000000000000E+00
