 Correlated errors added in quadrature with statistical errors
 jl00106F2p           DIS data with   1.69< Q2 < 0.500D+03 and 0.000 < xB < 1.000 and   3.00< W2 < 0.100D+04 and 0.000 < y < 1.000
   GP TMC applied
   HT corrections, multiplicative C=C(xB)
 Correlated errors added in quadrature with statistical errors
 jl00106F2d           DIS data with   1.69< Q2 < 0.500D+03 and 0.000 < xB < 1.000 and   3.00< W2 < 0.100D+04 and 0.000 < y < 1.000
   WBArel smearing  (AV18) - KP-like (baryon conserv.)0 nuke corrections
   GP TMC applied
   HT corrections, multiplicative C=C(xB)
 Correlated errors added in quadrature with statistical errors
 HerF2pCut            DIS data with   1.69< Q2 < 0.500D+03 and 0.000 < xB < 1.000 and   3.00< W2 < 0.100D+04 and 0.000 < y < 1.000
   GP TMC applied
   HT corrections, multiplicative C=C(xB)
 Correlated errors added in quadrature with statistical errors
 HerF2dCut            DIS data with   1.69< Q2 < 0.500D+03 and 0.000 < xB < 1.000 and   3.00< W2 < 0.100D+04 and 0.000 < y < 1.000
   WBArel smearing  (AV18) - KP-like (baryon conserv.)0 nuke corrections
   GP TMC applied
   HT corrections, multiplicative C=C(xB)
 Correlated errors added in quadrature with statistical errors
 slac_p               DIS data with   1.69< Q2 < 0.500D+03 and 0.000 < xB < 1.000 and   3.00< W2 < 0.100D+04 and 0.000 < y < 1.000
   GP TMC applied
   HT corrections, multiplicative C=C(xB)
 Correlated errors added in quadrature with statistical errors
 slac_d               DIS data with   1.69< Q2 < 0.500D+03 and 0.000 < xB < 1.000 and   3.00< W2 < 0.100D+04 and 0.000 < y < 1.000
   WBArel smearing  (AV18) - KP-like (baryon conserv.)0 nuke corrections
   GP TMC applied
   HT corrections, multiplicative C=C(xB)
 Correlated errors treated separately from statistical errors
 BcdF2pCor            DIS data with   1.69< Q2 < 0.500D+03 and 0.000 < xB < 1.000 and   3.00< W2 < 0.100D+04 and 0.000 < y < 1.000
   GP TMC applied
   HT corrections, multiplicative C=C(xB)
 Correlated errors treated separately from statistical errors
 BcdF2dCor            DIS data with   1.69< Q2 < 0.500D+03 and 0.000 < xB < 1.000 and   3.00< W2 < 0.100D+04 and 0.000 < y < 1.000
   WBArel smearing  (AV18) - KP-like (baryon conserv.)0 nuke corrections
   GP TMC applied
   HT corrections, multiplicative C=C(xB)
 Correlated errors treated separately from statistical errors
 NmcF2pCor            DIS data with   1.69< Q2 < 0.500D+03 and 0.000 < xB < 1.000 and   3.00< W2 < 0.100D+04 and 0.000 < y < 1.000
   GP TMC applied
   HT corrections, multiplicative C=C(xB)
 Correlated errors treated separately from statistical errors
 NmcRatCor            DIS data with   1.69< Q2 < 0.500D+03 and 0.000 < xB < 1.000 and   3.00< W2 < 0.100D+04 and 0.000 < y < 1.000
   WBArel smearing  (AV18) - KP-like (baryon conserv.)0 nuke corrections
   GP TMC applied
   HT corrections, multiplicative C=C(xB)
 Correlated errors treated separately from statistical errors
 H2_NC_em             DIS data with   1.69< Q2 < 0.100D+06 and 0.000 < xB < 1.000 and   3.00< W2 < 0.100D+08 and 0.000 < y < 1.000
   GP TMC applied
   HT corrections, multiplicative C=C(xB)
 Correlated errors treated separately from statistical errors
 H2_NC_ep_1           DIS data with   1.69< Q2 < 0.100D+06 and 0.000 < xB < 1.000 and   3.00< W2 < 0.100D+08 and 0.000 < y < 1.000
   GP TMC applied
   HT corrections, multiplicative C=C(xB)
 Correlated errors treated separately from statistical errors
 H2_NC_ep_2           DIS data with   1.69< Q2 < 0.100D+06 and 0.000 < xB < 1.000 and   3.00< W2 < 0.100D+08 and 0.000 < y < 1.000
   GP TMC applied
   HT corrections, multiplicative C=C(xB)
 Correlated errors treated separately from statistical errors
 H2_NC_ep_3           DIS data with   1.69< Q2 < 0.100D+06 and 0.000 < xB < 1.000 and   3.00< W2 < 0.100D+08 and 0.000 < y < 1.000
   GP TMC applied
   HT corrections, multiplicative C=C(xB)
 Correlated errors treated separately from statistical errors
 H2_NC_ep_4           DIS data with   1.69< Q2 < 0.100D+06 and 0.000 < xB < 1.000 and   3.00< W2 < 0.100D+08 and 0.000 < y < 1.000
   GP TMC applied
   HT corrections, multiplicative C=C(xB)
 Correlated errors treated separately from statistical errors
 H2_CC_em             DIS data with   1.69< Q2 < 0.100D+06 and 0.000 < xB < 1.000 and   3.00< W2 < 0.100D+08 and 0.000 < y < 1.000
   GP TMC applied
   HT corrections, multiplicative C=C(xB)
 Correlated errors treated separately from statistical errors
 H2_CC_ep             DIS data with   1.69< Q2 < 0.100D+06 and 0.000 < xB < 1.000 and   3.00< W2 < 0.100D+08 and 0.000 < y < 1.000
   GP TMC applied
   HT corrections, multiplicative C=C(xB)
 Correlated errors added in quadrature with statistical errors
 BNS_F2nd             DIS data with   1.69< Q2 < 0.100D+06 and 0.000 < xB < 1.000 and   3.00< W2 < 0.100D+08 and 0.000 < y < 1.000
   WBArel smearing  (AV18) - KP-like (baryon conserv.)0 nuke corrections
   GP TMC applied
   HT corrections, multiplicative C=C(xB)
 Correlated errors added in quadrature with statistical errors
 e866pp06xf           vector boson data with Q2 >=  36.00
 Correlated errors added in quadrature with statistical errors
 e866pd06xf           vector boson data with Q2 >=  36.00
 Correlated errors added in quadrature with statistical errors
 cdfLasy05            vector boson data with Q2 >=   0.00
 Correlated errors added in quadrature with statistical errors
 d0Lasy_e15           vector boson data with Q2 >=   0.00
 Correlated errors added in quadrature with statistical errors
 d0Lasy13             vector boson data with Q2 >=   0.00
 Correlated errors added in quadrature with statistical errors
 CDF_Wasy             vector boson data with Q2 >=   0.00
 Correlated errors added in quadrature with statistical errors
 D0_Wasy              vector boson data with Q2 >=   0.00
 Correlated errors added in quadrature with statistical errors
 CDF_Z                vector boson data with Q2 >=   0.00
 Correlated errors added in quadrature with statistical errors
 D0_Z                 vector boson data with Q2 >=   0.00
 Correlated errors added in quadrature with statistical errors
 d0run2cone          Jet data - errors added in quadrature
 Correlated errors added in quadrature with statistical errors
 CDFrun2jet          Jet data - errors added in quadrature
 Correlated errors added in quadrature with statistical errors
 d0_gamjet1           Photon data -- cuts to be written yet ...
 Correlated errors added in quadrature with statistical errors
 d0_gamjet2           Photon data -- cuts to be written yet ...
 Correlated errors added in quadrature with statistical errors
 d0_gamjet3           Photon data -- cuts to be written yet ...
 Correlated errors added in quadrature with statistical errors
 d0_gamjet4           Photon data -- cuts to be written yet ...

# fitpack15: fit output
# CJ15 AV18 final data choices                                                 

Parametrization   7 used here

 S-ACOT scheme used  for NC DIS

 charm mass =     1.30 GeV     bottom mass =     4.50 GeV



 THIS IS A NEXT TO LEADING ORDER FIT

 Q02=    1.69
         1  LAMBDA      VALUE=   0.22680      WEIGHT=    0.0000    
         2  a0uv        VALUE=    2.2746      WEIGHT=    0.0000    
         3  a1uv        VALUE=   0.60304      WEIGHT=   0.20094E-01
         4  a2uv        VALUE=    3.5566      WEIGHT=   0.13055E-01
         5  a3uv        VALUE=    0.0000      WEIGHT=    0.0000    
         6  a4uv        VALUE=    3.7853      WEIGHT=   0.43661    
         7  a5uv        VALUE=    0.0000      WEIGHT=    0.0000    
         8  a0dv        VALUE=    25.369      WEIGHT=    0.0000    
         9  a1dv        VALUE=    1.1653      WEIGHT=   0.34654E-01
        10  a2dv        VALUE=    6.5945      WEIGHT=   0.16245    
        11  a3dv        VALUE=   -3.5194      WEIGHT=   0.88887E-01
        12  a4dv        VALUE=    4.6999      WEIGHT=   0.14600    
        13  a5dv        VALUE=    0.0000      WEIGHT=    0.0000    
        14  a0ud        VALUE=   0.14747      WEIGHT=   0.50606E-02
        15  a1ud        VALUE=  -0.20700      WEIGHT=   0.37697E-02
        16  a2ud        VALUE=    8.3446      WEIGHT=   0.19375    
        17  a3ud        VALUE=    0.0000      WEIGHT=    0.0000    
        18  a4ud        VALUE=    14.555      WEIGHT=    1.2744    
        19  a5ud        VALUE=    0.0000      WEIGHT=    0.0000    
        20  a0du        VALUE=    35712.      WEIGHT=    0.0000    
        21  a1du        VALUE=    4.0351      WEIGHT=   0.78893E-01
        22  a2du        VALUE=    20.180      WEIGHT=   0.91058    
        23  a3du        VALUE=    17.000      WEIGHT=    0.0000    
        24  a4du        VALUE=    51.147      WEIGHT=    11.684    
        25  a0g         VALUE=    42.992      WEIGHT=    0.0000    
        26  a1g         VALUE=   0.59355      WEIGHT=   0.31053E-01
        27  a2g         VALUE=    6.4709      WEIGHT=   0.97424    
        28  a3g         VALUE=   -3.2505      WEIGHT=   0.13701    
        29  a4g         VALUE=    3.0975      WEIGHT=   0.31652    
        30  a5g         VALUE=    0.0000      WEIGHT=    0.0000    
        31  kappa       VALUE=   0.40000      WEIGHT=    0.0000    
        32  a6dv        VALUE=  -0.36611E-02  WEIGHT=   0.69382E-03
        33  a7dv        VALUE=    2.0000      WEIGHT=    0.0000    
        34  off1        VALUE=   -3.6970      WEIGHT=    1.8283    
        35  off2        VALUE=   0.56133E-01  WEIGHT=   0.70238E-01
        36  ht1         VALUE=   -3.6598      WEIGHT=   0.30201    
        37  ht2         VALUE=    2.0600      WEIGHT=   0.11458    
        38  ht3         VALUE=   -2.0511      WEIGHT=   0.35646E-01
        39  ht4         VALUE=    0.0000      WEIGHT=    0.0000    
        40  ht1n        VALUE=   -3.3254      WEIGHT=   0.96530    
        41  ht2n        VALUE=    1.9400      WEIGHT=   0.30490    
        42  ht3n        VALUE=   -2.0844      WEIGHT=   0.51943E-01
        43  ht4n        VALUE=    0.0000      WEIGHT=    0.0000    
        44  dummy44     VALUE=    0.0000      WEIGHT=    0.0000    
        45  dummy45     VALUE=    0.0000      WEIGHT=    0.0000    
        46  dummy46     VALUE=    0.0000      WEIGHT=    0.0000    
        47  dummy47     VALUE=    0.0000      WEIGHT=    0.0000    
        48  dummy48     VALUE=    0.0000      WEIGHT=    0.0000    
        49  dummy49     VALUE=    0.0000      WEIGHT=    0.0000    
        50  bcdmsh2     VALUE=   0.97308      WEIGHT=   0.48387E-02
        51  bcdmsd2     VALUE=   0.99316      WEIGHT=   0.58557E-02
        52  ccfr        VALUE=    1.0000      WEIGHT=    0.0000    
        53  nutev       VALUE=    1.0000      WEIGHT=    0.0000    
        54  zeus        VALUE=   0.97998      WEIGHT=    0.0000    
        55  h1          VALUE=    1.0162      WEIGHT=    0.0000    
        56  e605        VALUE=    1.0319      WEIGHT=    0.0000    
        57  NmcH2       VALUE=    1.0095      WEIGHT=   0.71283E-02
        58  ntv_nu      VALUE=    1.0000      WEIGHT=    0.0000    
        59  ntv_nubar   VALUE=    1.0000      WEIGHT=    0.0000    
        60  cdf_jet     VALUE=   0.98910      WEIGHT=    0.0000    
        61  d0_jet      VALUE=   0.83504      WEIGHT=    0.0000    
        62  slac_p      VALUE=    1.0049      WEIGHT=   0.50059E-02
        63  slac_d      VALUE=    1.0042      WEIGHT=   0.53243E-02
        64  e866pp      VALUE=   0.96583      WEIGHT=   0.19318E-01
        65  e866pd      VALUE=   0.96371      WEIGHT=   0.16662E-01
        66  d0_gamjet   VALUE=    1.0389      WEIGHT=   0.16515E-01
        67  h1b         VALUE=   0.97608      WEIGHT=    0.0000    
        68  jlab_p      VALUE=   0.99444      WEIGHT=   0.61930E-02
        69  jlab_d      VALUE=   0.97554      WEIGHT=   0.60063E-02
        70  blank       VALUE=    1.0000      WEIGHT=    0.0000    
        71  d0run2      VALUE=   0.94085      WEIGHT=   0.14371E-01
        72  cdfrun2     VALUE=   0.92648      WEIGHT=   0.17345E-01
        73  HERA_el     VALUE=    1.0000      WEIGHT=    0.0000    
        74  HERA_ps     VALUE=    1.0000      WEIGHT=    0.0000    
        75  CDF_Z       VALUE=   0.96582      WEIGHT=   0.68068E-02
        76  NmcRat      VALUE=    1.0000      WEIGHT=    0.0000    
        77  BNS_F2nd    VALUE=   0.98315      WEIGHT=   0.11560E-01
        78  HERMES_F2p  VALUE=   0.99833      WEIGHT=   0.56545E-02
        79  HERMES_F2d  VALUE=   0.98039      WEIGHT=   0.58335E-02
0THE TOLERANCE IS    0.1000
 THE MAXIMUM NUMBER OF STEPS IS 100
0THE INITIAL CHI SQUARED IS  4.70784E+03
0  STEP  CHI SQUARED    PARAMETER      VALUE         ERROR
 ------------------------------------------------------------
     1    4.70611E+03
                       1  LAMBDA     2.2680E-01       FIX 
                       2  a0uv       2.2213E+00       FIX 
                       3  a1uv       5.9733E-01           
                       4  a2uv       3.5502E+00           
                       5  a3uv       0.0000E+00       FIX 
                       6  a4uv       3.8779E+00           
                       7  a5uv       0.0000E+00       FIX 
                       8  a0dv       2.5568E+01       FIX 
                       9  a1dv       1.1656E+00           
                      10  a2dv       6.5918E+00           
                      11  a3dv      -3.5304E+00           
                      12  a4dv       4.7019E+00           
                      13  a5dv       0.0000E+00       FIX 
                      14  a0ud       1.4572E-01           
                      15  a1ud      -2.0830E-01           
                      16  a2ud       8.3091E+00           
                      17  a3ud       0.0000E+00       FIX 
                      18  a4ud       1.4614E+01           
                      19  a5ud       0.0000E+00       FIX 
                      20  a0du       3.5712E+04       FIX 
                      21  a1du       4.0751E+00           
                      22  a2du       2.0006E+01           
                      23  a3du       1.7000E+01       FIX 
                      24  a4du       5.4753E+01           
                      25  a0g        4.5600E+01       FIX 
                      26  a1g        6.0475E-01           
                      27  a2g        6.9117E+00           
                      28  a3g       -3.2927E+00           
                      29  a4g        3.2566E+00           
                      30  a5g        0.0000E+00       FIX 
                      31  kappa      4.0000E-01       FIX 
                      32  a6dv      -3.5978E-03           
                      33  a7dv       2.0000E+00       FIX 
                      34  off1      -2.9600E+00           
                      35  off2       5.8080E-02           
                      36  ht1       -3.5164E+00           
                      37  ht2        2.0486E+00           
                      38  ht3       -2.0480E+00           
                      39  ht4        0.0000E+00       FIX 
                      40  ht1n      -3.9422E+00           
                      41  ht2n       2.0812E+00           
                      42  ht3n      -2.0816E+00           
                      43  ht4n       0.0000E+00       FIX 
                      44  dummy44    0.0000E+00       FIX 
                      45  dummy45    0.0000E+00       FIX 
                      46  dummy46    0.0000E+00       FIX 
                      47  dummy47    0.0000E+00       FIX 
                      48  dummy48    0.0000E+00       FIX 
                      49  dummy49    0.0000E+00       FIX 
                      50  bcdmsh2    9.7221E-01           
                      51  bcdmsd2    9.9272E-01           
                      52  ccfr       1.0000E+00       FIX 
                      53  nutev      1.0000E+00       FIX 
                      54  zeus       9.7998E-01       FIX 
                      55  h1         1.0162E+00       FIX 
                      56  e605       1.0319E+00       FIX 
                      57  NmcH2      1.0084E+00           
                      58  ntv_nu     1.0000E+00       FIX 
                      59  ntv_nuba   1.0000E+00       FIX 
                      60  cdf_jet    9.8910E-01       FIX 
                      61  d0_jet     8.3504E-01       FIX 
                      62  slac_p     1.0044E+00           
                      63  slac_d     1.0037E+00           
                      64  e866pp     9.7328E-01           
                      65  e866pd     9.6477E-01           
                      66  d0_gamje   1.0387E+00           
                      67  h1b        9.7608E-01       FIX 
                      68  jlab_p     9.9278E-01           
                      69  jlab_d     9.7640E-01           
                      70  blank      1.0000E+00       FIX 
                      71  d0run2     9.4102E-01           
                      72  cdfrun2    9.2785E-01           
                      73  HERA_el    1.0000E+00       FIX 
                      74  HERA_ps    1.0000E+00       FIX 
                      75  CDF_Z      9.6257E-01           
                      76  NmcRat     1.0000E+00       FIX 
                      77  BNS_F2nd   9.8104E-01           
                      78  HERMES_F   9.9799E-01           
                      79  HERMES_F   9.7987E-01           
 ------------------------------------------------------------
     2    4.70325E+03
                       1  LAMBDA     2.2680E-01       FIX 
                       2  a0uv       2.0669E+00       FIX 
                       3  a1uv       5.8095E-01           
                       4  a2uv       3.5537E+00           
                       5  a3uv       0.0000E+00       FIX 
                       6  a4uv       4.2546E+00           
                       7  a5uv       0.0000E+00       FIX 
                       8  a0dv       2.5296E+01       FIX 
                       9  a1dv       1.1612E+00           
                      10  a2dv       6.6036E+00           
                      11  a3dv      -3.5469E+00           
                      12  a4dv       4.7465E+00           
                      13  a5dv       0.0000E+00       FIX 
                      14  a0ud       1.4355E-01           
                      15  a1ud      -2.0986E-01           
                      16  a2ud       8.3752E+00           
                      17  a3ud       0.0000E+00       FIX 
                      18  a4ud       1.5256E+01           
                      19  a5ud       0.0000E+00       FIX 
                      20  a0du       3.5712E+04       FIX 
                      21  a1du       4.0706E+00           
                      22  a2du       2.0043E+01           
                      23  a3du       1.7000E+01       FIX 
                      24  a4du       5.1601E+01           
                      25  a0g        4.8730E+01       FIX 
                      26  a1g        6.1513E-01           
                      27  a2g        7.0795E+00           
                      28  a3g       -3.3906E+00           
                      29  a4g        3.4603E+00           
                      30  a5g        0.0000E+00       FIX 
                      31  kappa      4.0000E-01       FIX 
                      32  a6dv      -3.7248E-03           
                      33  a7dv       2.0000E+00       FIX 
                      34  off1      -2.9409E+00           
                      35  off2       5.7859E-02           
                      36  ht1       -3.5819E+00           
                      37  ht2        2.0944E+00           
                      38  ht3       -2.0435E+00           
                      39  ht4        0.0000E+00       FIX 
                      40  ht1n      -3.7071E+00           
                      41  ht2n       2.0002E+00           
                      42  ht3n      -2.0984E+00           
                      43  ht4n       0.0000E+00       FIX 
                      44  dummy44    0.0000E+00       FIX 
                      45  dummy45    0.0000E+00       FIX 
                      46  dummy46    0.0000E+00       FIX 
                      47  dummy47    0.0000E+00       FIX 
                      48  dummy48    0.0000E+00       FIX 
                      49  dummy49    0.0000E+00       FIX 
                      50  bcdmsh2    9.7089E-01           
                      51  bcdmsd2    9.9084E-01           
                      52  ccfr       1.0000E+00       FIX 
                      53  nutev      1.0000E+00       FIX 
                      54  zeus       9.7998E-01       FIX 
                      55  h1         1.0162E+00       FIX 
                      56  e605       1.0319E+00       FIX 
                      57  NmcH2      1.0070E+00           
                      58  ntv_nu     1.0000E+00       FIX 
                      59  ntv_nuba   1.0000E+00       FIX 
                      60  cdf_jet    9.8910E-01       FIX 
                      61  d0_jet     8.3504E-01       FIX 
                      62  slac_p     1.0030E+00           
                      63  slac_d     1.0021E+00           
                      64  e866pp     9.7638E-01           
                      65  e866pd     9.6717E-01           
                      66  d0_gamje   1.0371E+00           
                      67  h1b        9.7608E-01       FIX 
                      68  jlab_p     9.9131E-01           
                      69  jlab_d     9.7465E-01           
                      70  blank      1.0000E+00       FIX 
                      71  d0run2     9.4255E-01           
                      72  cdfrun2    9.2965E-01           
                      73  HERA_el    1.0000E+00       FIX 
                      74  HERA_ps    1.0000E+00       FIX 
                      75  CDF_Z      9.6092E-01           
                      76  NmcRat     1.0000E+00       FIX 
                      77  BNS_F2nd   9.8276E-01           
                      78  HERMES_F   9.9681E-01           
                      79  HERMES_F   9.7844E-01           
 ------------------------------------------------------------
     3    4.70324E+03
                       1  LAMBDA     2.2680E-01    0.0000E+00
                       2  a0uv       2.0051E+00    0.0000E+00
                       3  a1uv       5.7426E-01    2.3138E-02
                       4  a2uv       3.5550E+00    1.1862E-02
                       5  a3uv       0.0000E+00    0.0000E+00
                       6  a4uv       4.4252E+00    6.0314E-01
                       7  a5uv       0.0000E+00    0.0000E+00
                       8  a0dv       2.5440E+01    0.0000E+00
                       9  a1dv       1.1614E+00    3.2756E-02
                      10  a2dv       6.6171E+00    1.5785E-01
                      11  a3dv      -3.5581E+00    8.3694E-02
                      12  a4dv       4.7637E+00    1.3852E-01
                      13  a5dv       0.0000E+00    0.0000E+00
                      14  a0ud       1.4270E-01    4.9915E-03
                      15  a1ud      -2.1039E-01    3.8096E-03
                      16  a2ud       8.3932E+00    1.9058E-01
                      17  a3ud       0.0000E+00    0.0000E+00
                      18  a4ud       1.5448E+01    1.2867E+00
                      19  a5ud       0.0000E+00    0.0000E+00
                      20  a0du       3.5712E+04    0.0000E+00
                      21  a1du       4.0874E+00    8.6053E-02
                      22  a2du       2.0071E+01    9.5953E-01
                      23  a3du       1.7000E+01    0.0000E+00
                      24  a4du       5.4655E+01    1.2382E+01
                      25  a0g        4.8299E+01    0.0000E+00
                      26  a1g        6.1303E-01    3.3230E-02
                      27  a2g        7.0085E+00    9.8380E-01
                      28  a3g       -3.3925E+00    1.5473E-01
                      29  a4g        3.4542E+00    3.9912E-01
                      30  a5g        0.0000E+00    0.0000E+00
                      31  kappa      4.0000E-01    0.0000E+00
                      32  a6dv      -3.7540E-03    6.6022E-04
                      33  a7dv       2.0000E+00    0.0000E+00
                      34  off1      -2.7918E+00    1.8442E+00
                      35  off2       5.8034E-02    1.8798E-03
                      36  ht1       -3.5837E+00    3.4989E-01
                      37  ht2        2.1054E+00    1.2488E-01
                      38  ht3       -2.0457E+00    3.5542E-02
                      39  ht4        0.0000E+00    0.0000E+00
                      40  ht1n      -3.9149E+00    1.1120E+00
                      41  ht2n       2.0714E+00    3.5903E-01
                      42  ht3n      -2.0946E+00    6.8297E-02
                      43  ht4n       0.0000E+00    0.0000E+00
                      44  dummy44    0.0000E+00    0.0000E+00
                      45  dummy45    0.0000E+00    0.0000E+00
                      46  dummy46    0.0000E+00    0.0000E+00
                      47  dummy47    0.0000E+00    0.0000E+00
                      48  dummy48    0.0000E+00    0.0000E+00
                      49  dummy49    0.0000E+00    0.0000E+00
                      50  bcdmsh2    9.7036E-01    4.8524E-03
                      51  bcdmsd2    9.9044E-01    5.8502E-03
                      52  ccfr       1.0000E+00    0.0000E+00
                      53  nutev      1.0000E+00    0.0000E+00
                      54  zeus       9.7998E-01    0.0000E+00
                      55  h1         1.0162E+00    0.0000E+00
                      56  e605       1.0319E+00    0.0000E+00
                      57  NmcH2      1.0066E+00    7.1303E-03
                      58  ntv_nu     1.0000E+00    0.0000E+00
                      59  ntv_nuba   1.0000E+00    0.0000E+00
                      60  cdf_jet    9.8910E-01    0.0000E+00
                      61  d0_jet     8.3504E-01    0.0000E+00
                      62  slac_p     1.0026E+00    5.0378E-03
                      63  slac_d     1.0016E+00    5.3007E-03
                      64  e866pp     9.7933E-01    1.9840E-02
                      65  e866pd     9.6746E-01    1.6408E-02
                      66  d0_gamje   1.0369E+00    1.6487E-02
                      67  h1b        9.7608E-01    0.0000E+00
                      68  jlab_p     9.9089E-01    6.2866E-03
                      69  jlab_d     9.7437E-01    5.9881E-03
                      70  blank      1.0000E+00    0.0000E+00
                      71  d0run2     9.4324E-01    1.4146E-02
                      72  cdfrun2    9.3041E-01    1.7290E-02
                      73  HERA_el    1.0000E+00    0.0000E+00
                      74  HERA_ps    1.0000E+00    0.0000E+00
                      75  CDF_Z      9.5945E-01    6.6008E-03
                      76  NmcRat     1.0000E+00    0.0000E+00
                      77  BNS_F2nd   9.8160E-01    1.1370E-02
                      78  HERMES_F   9.9637E-01    5.6707E-03
                      79  HERMES_F   9.7797E-01    5.8410E-03
0 MINIMIZATION TERMINATED WITH STEP  3
  TOLERANCE CRITERION      SATISFIED
0 CHI SQUARED PER DEGREE OF FREEDOM IS  1.045E+00
   1.000 -0.293 -0.984  0.234 -0.020  0.134 -0.302  0.455  0.391 -0.340 -0.553 -0.250 -0.131 -0.021  0.194  0.195  0.003  0.057  0.271 -0.084  0.130  0.150 -0.256  0.024 -0.088  0.062  0.141  0.304  0.242  0.155  0.300  0.281 -0.442 -0.255  0.099  0.197  0.221 -0.140 -0.113  0.395  0.059  0.258  0.246
  -0.293  1.000  0.430  0.203  0.266 -0.108  0.080 -0.114 -0.110  0.348  0.241  0.189 -0.073  0.127  0.041  0.101 -0.011  0.064 -0.233 -0.166  0.011 -0.626  0.395  0.244  0.160 -0.101  0.023  0.142  0.067  0.045  0.019  0.059  0.114  0.016  0.008  0.149  0.078 -0.068 -0.034 -0.004  0.017  0.072  0.064
  -0.984  0.430  1.000 -0.167  0.080 -0.154  0.307 -0.441 -0.383  0.392  0.581  0.271  0.125  0.047 -0.168 -0.153  0.007 -0.050 -0.287  0.064 -0.117 -0.224  0.290  0.031  0.102 -0.077 -0.136 -0.204 -0.169 -0.100 -0.207 -0.190  0.490  0.301 -0.087 -0.112 -0.142  0.101  0.082 -0.323 -0.049 -0.170 -0.164
   0.234  0.203 -0.167  1.000  0.831 -0.639  0.030  0.137  0.092 -0.087 -0.207  0.329 -0.136  0.226  0.303  0.195 -0.221  0.201  0.291  0.108  0.217 -0.079 -0.007  0.104 -0.283  0.243  0.169  0.271  0.215  0.117  0.250  0.223  0.061 -0.112  0.062  0.192  0.167 -0.036 -0.043  0.146 -0.021  0.236  0.220
  -0.020  0.266  0.080  0.831  1.000 -0.876  0.534 -0.081 -0.096  0.167  0.113  0.176 -0.005  0.189  0.202  0.149 -0.202  0.183 -0.095  0.138  0.064 -0.011 -0.065  0.057 -0.195  0.089  0.138  0.173  0.116  0.117  0.136  0.051  0.133  0.015  0.022  0.097 -0.015 -0.019 -0.027  0.090 -0.061  0.145  0.094
   0.134 -0.108 -0.154 -0.639 -0.876  1.000 -0.740  0.259  0.251 -0.148 -0.258 -0.075 -0.018 -0.296 -0.150 -0.161  0.227 -0.224 -0.024 -0.012 -0.098 -0.001  0.043 -0.024  0.242 -0.153 -0.125 -0.079 -0.062 -0.135 -0.055 -0.014 -0.183 -0.131  0.007 -0.029  0.027 -0.003  0.004 -0.021 -0.022 -0.085 -0.068
  -0.302  0.080  0.307  0.030  0.534 -0.740  1.000 -0.384 -0.347  0.429  0.562 -0.254  0.217  0.053 -0.057  0.046 -0.049  0.067 -0.354 -0.012 -0.156  0.085 -0.112 -0.023 -0.038 -0.085  0.004 -0.015 -0.021  0.121 -0.034 -0.089  0.185  0.289 -0.050 -0.042 -0.117 -0.024 -0.019  0.040  0.022  0.002 -0.027
   0.455 -0.114 -0.441  0.137 -0.081  0.259 -0.384  1.000  0.968 -0.392 -0.785  0.024 -0.089 -0.140 -0.081 -0.029  0.167 -0.114  0.129  0.075  0.020  0.031 -0.075  0.024 -0.071  0.061  0.040  0.224  0.192  0.152  0.211  0.214 -0.109 -0.092  0.090  0.148  0.192  0.025  0.015  0.309 -0.004  0.194  0.187
   0.391 -0.110 -0.383  0.092 -0.096  0.251 -0.347  0.968  1.000 -0.344 -0.732  0.013 -0.074 -0.139 -0.188 -0.099  0.212 -0.168  0.104  0.074  0.007  0.032 -0.066  0.010 -0.060  0.051  0.032  0.173  0.149  0.128  0.157  0.158 -0.114 -0.099  0.076  0.108  0.144  0.042  0.027  0.246 -0.011  0.144  0.137
  -0.340  0.348  0.392 -0.087  0.167 -0.148  0.429 -0.392 -0.344  1.000  0.741 -0.277  0.413 -0.206 -0.096 -0.211 -0.131 -0.024 -0.299  0.216 -0.283  0.024  0.068 -0.136  0.114 -0.123 -0.095 -0.088 -0.036  0.008 -0.050 -0.037  0.015  0.031 -0.030  0.001 -0.033  0.121  0.067 -0.075 -0.173 -0.016  0.001
  -0.553  0.241  0.581 -0.207  0.113 -0.258  0.562 -0.785 -0.732  0.741  1.000 -0.236  0.260 -0.144 -0.081 -0.136 -0.036 -0.074 -0.291  0.019 -0.348  0.007  0.011 -0.054  0.215 -0.254 -0.163 -0.030 -0.018  0.057  0.017  0.016  0.316  0.423 -0.100  0.041  0.008 -0.049 -0.060  0.019 -0.024  0.043  0.047
  -0.250  0.189  0.271  0.329  0.176 -0.075 -0.254  0.024  0.013 -0.277 -0.236  1.000 -0.555  0.386  0.102  0.039 -0.104  0.093  0.159 -0.024  0.460 -0.139  0.214  0.044 -0.218  0.248  0.205 -0.025  0.005 -0.032  0.003 -0.025  0.315 -0.105  0.031  0.008 -0.028  0.079  0.062 -0.271 -0.047  0.023 -0.033
  -0.131 -0.073  0.125 -0.136 -0.005 -0.018  0.217 -0.089 -0.074  0.413  0.260 -0.555  1.000 -0.017 -0.155 -0.067  0.145 -0.114 -0.145  0.292 -0.053  0.247 -0.251 -0.136 -0.127  0.131  0.118  0.019  0.029  0.021  0.016  0.023  0.109  0.051  0.008  0.023  0.017 -0.044 -0.032 -0.035 -0.190 -0.017  0.026
  -0.021  0.127  0.047  0.226  0.189 -0.296  0.053 -0.140 -0.139 -0.206 -0.144  0.386 -0.017  1.000  0.139  0.302 -0.221  0.338  0.180 -0.235  0.750 -0.127  0.183  0.029 -0.245  0.323  0.372  0.078  0.046  0.124  0.090  0.019  0.185 -0.105  0.073  0.076 -0.029  0.037  0.049 -0.290 -0.047  0.081  0.044
   0.194  0.041 -0.168  0.303  0.202 -0.150 -0.057 -0.081 -0.188 -0.096 -0.081  0.102 -0.155  0.139  1.000  0.721 -0.770  0.815  0.138 -0.050  0.153 -0.081  0.099  0.068 -0.052  0.090  0.002  0.108  0.100 -0.034  0.127  0.162 -0.088 -0.098  0.045  0.095  0.132 -0.012  0.015  0.062  0.057  0.125  0.145
   0.195  0.101 -0.153  0.195  0.149 -0.161  0.046 -0.029 -0.099 -0.211 -0.136  0.039 -0.067  0.302  0.721  1.000 -0.419  0.802  0.079 -0.104  0.310 -0.226  0.180  0.250 -0.134  0.172  0.021  0.164  0.155  0.076  0.186  0.269  0.005  0.018  0.053  0.141  0.243 -0.247 -0.117  0.096  0.150  0.176  0.230
   0.003 -0.011  0.007 -0.221 -0.202  0.227 -0.049  0.167  0.212 -0.131 -0.036 -0.104  0.145 -0.221 -0.770 -0.419  1.000 -0.859 -0.108  0.035 -0.127  0.003 -0.184  0.151 -0.003 -0.075 -0.001  0.136  0.091  0.146  0.116  0.110  0.219  0.279 -0.031  0.090  0.122 -0.324 -0.248  0.265  0.064  0.072  0.061
   0.057  0.064 -0.050  0.201  0.183 -0.224  0.067 -0.114 -0.168 -0.024 -0.074  0.093 -0.114  0.338  0.815  0.802 -0.859  1.000  0.094 -0.070  0.280 -0.143  0.261  0.027 -0.085  0.170  0.013 -0.071 -0.029 -0.087 -0.052  0.006 -0.175 -0.228  0.050 -0.040 -0.004  0.116  0.135 -0.211  0.028 -0.020  0.023
   0.271 -0.233 -0.287  0.291 -0.095 -0.024 -0.354  0.129  0.104 -0.299 -0.291  0.159 -0.145  0.180  0.138  0.079 -0.108  0.094  1.000 -0.262  0.259 -0.094  0.084  0.060 -0.315  0.367  0.112  0.089  0.117  0.033  0.097  0.206 -0.056 -0.111  0.038  0.074  0.248 -0.014 -0.008  0.031  0.081  0.093  0.165
  -0.084 -0.166  0.064  0.108  0.138 -0.012 -0.012  0.075  0.074  0.216  0.019 -0.024  0.292 -0.235 -0.050 -0.104  0.035 -0.070 -0.262  1.000 -0.203  0.255 -0.105 -0.162 -0.326  0.118  0.105 -0.102  0.055 -0.080 -0.012 -0.071  0.010 -0.097  0.007 -0.030 -0.011  0.078  0.047 -0.084 -0.420 -0.056 -0.043
   0.130  0.011 -0.117  0.217  0.064 -0.098 -0.156  0.020  0.007 -0.283 -0.348  0.460 -0.053  0.750  0.153  0.310 -0.127  0.280  0.259 -0.203  1.000 -0.072  0.168  0.014 -0.344  0.409  0.570  0.030  0.123  0.016  0.068  0.069  0.045 -0.235  0.088  0.044 -0.009  0.012  0.038 -0.307 -0.129  0.029  0.093
   0.150 -0.626 -0.224 -0.079 -0.011 -0.001  0.085  0.031  0.032  0.024  0.007 -0.139  0.247 -0.127 -0.081 -0.226  0.003 -0.143 -0.094  0.255 -0.072  1.000 -0.796 -0.452 -0.262  0.161  0.154 -0.032 -0.008  0.021  0.022 -0.048  0.035  0.034  0.000 -0.117 -0.089  0.083  0.026  0.043 -0.177 -0.022 -0.025
  -0.256  0.395  0.290 -0.007 -0.065  0.043 -0.112 -0.075 -0.066  0.068  0.011  0.214 -0.251  0.183  0.099  0.180 -0.184  0.261  0.084 -0.105  0.168 -0.796  1.000  0.081  0.188 -0.125 -0.095 -0.139 -0.077 -0.107  0.015  0.005 -0.085 -0.139  0.002  0.072  0.045  0.101  0.109 -0.262 -0.087  0.002 -0.034
   0.024  0.244  0.031  0.104  0.057 -0.024 -0.023  0.024  0.010 -0.136 -0.054  0.044 -0.136  0.029  0.068  0.250  0.151  0.027  0.060 -0.162  0.014 -0.452  0.081  1.000  0.025  0.048 -0.529  0.161  0.082  0.047 -0.182  0.102  0.063  0.106  0.006 -0.267  0.099 -0.198 -0.126  0.142  0.577 -0.026  0.078
  -0.088  0.160  0.102 -0.283 -0.195  0.242 -0.038 -0.071 -0.060  0.114  0.215 -0.218 -0.127 -0.245 -0.052 -0.134 -0.003 -0.085 -0.315 -0.326 -0.344 -0.262  0.188  0.025  1.000 -0.878 -0.277  0.004 -0.057  0.014  0.024 -0.065 -0.036  0.176 -0.048  0.094 -0.236  0.011 -0.006  0.145  0.077  0.036 -0.062
   0.062 -0.101 -0.077  0.243  0.089 -0.153 -0.085  0.061  0.051 -0.123 -0.254  0.248  0.131  0.323  0.090  0.172 -0.075  0.170  0.367  0.118  0.409  0.161 -0.125  0.048 -0.878  1.000  0.093 -0.064 -0.013 -0.062 -0.129  0.106 -0.017 -0.274  0.056 -0.146  0.215  0.040  0.052 -0.252  0.171 -0.117  0.063
   0.141  0.023 -0.136  0.169  0.138 -0.125  0.004  0.040  0.032 -0.095 -0.163  0.205  0.118  0.372  0.002  0.021 -0.001  0.013  0.112  0.105  0.570  0.154 -0.095 -0.529 -0.277  0.093  1.000  0.059  0.221  0.071  0.220  0.036  0.062 -0.101  0.049  0.312  0.018 -0.024 -0.015 -0.087 -0.657  0.114  0.097
   0.304  0.142 -0.204  0.271  0.173 -0.079 -0.015  0.224  0.173 -0.088 -0.030 -0.025  0.019  0.078  0.108  0.164  0.136 -0.071  0.089 -0.102  0.030 -0.032 -0.139  0.161  0.004 -0.064  0.059  1.000  0.488  0.392  0.667  0.612  0.362  0.449  0.059  0.516  0.511 -0.245 -0.212  0.588  0.089  0.595  0.552
   0.242  0.067 -0.169  0.215  0.116 -0.062 -0.021  0.192  0.149 -0.036 -0.018  0.005  0.029  0.046  0.100  0.155  0.091 -0.029  0.117  0.055  0.123 -0.008 -0.077  0.082 -0.057 -0.013  0.221  0.488  1.000  0.325  0.551  0.652  0.303  0.379  0.049  0.421  0.528 -0.192 -0.165  0.465 -0.103  0.498  0.578
   0.155  0.045 -0.100  0.117  0.117 -0.135  0.121  0.152  0.128  0.008  0.057 -0.032  0.021  0.124 -0.034  0.076  0.146 -0.087  0.033 -0.080  0.016  0.021 -0.107  0.047  0.014 -0.062  0.071  0.392  0.325  1.000  0.441  0.409  0.319  0.393  0.032  0.339  0.330 -0.169 -0.145  0.423  0.033  0.428  0.400
   0.300  0.019 -0.207  0.250  0.136 -0.055 -0.034  0.211  0.157 -0.050  0.017  0.003  0.016  0.090  0.127  0.186  0.116 -0.052  0.097 -0.012  0.068  0.022  0.015 -0.182  0.024 -0.129  0.220  0.667  0.551  0.441  1.000  0.744  0.436  0.529  0.059  0.766  0.625 -0.251 -0.223  0.624 -0.131  0.756  0.657
   0.281  0.059 -0.190  0.223  0.051 -0.014 -0.089  0.214  0.158 -0.037  0.016 -0.025  0.023  0.019  0.162  0.269  0.110  0.006  0.206 -0.071  0.069 -0.048  0.005  0.102 -0.065  0.106  0.036  0.612  0.652  0.409  0.744  1.000  0.393  0.510  0.053  0.555  0.811 -0.275 -0.228  0.608  0.065  0.662  0.794
  -0.442  0.114  0.490  0.061  0.133 -0.183  0.185 -0.109 -0.114  0.015  0.316  0.315  0.109  0.185 -0.088  0.005  0.219 -0.175 -0.056  0.010  0.045  0.035 -0.085  0.063 -0.036 -0.017  0.062  0.362  0.303  0.319  0.436  0.393  1.000  0.686 -0.019  0.336  0.323 -0.185 -0.161  0.273  0.008  0.411  0.370
  -0.255  0.016  0.301 -0.112  0.015 -0.131  0.289 -0.092 -0.099  0.031  0.423 -0.105  0.051 -0.105 -0.098  0.018  0.279 -0.228 -0.111 -0.097 -0.235  0.034 -0.139  0.106  0.176 -0.274 -0.101  0.449  0.379  0.393  0.529  0.510  0.686  1.000 -0.049  0.396  0.422 -0.270 -0.232  0.565  0.112  0.494  0.488
   0.099  0.008 -0.087  0.062  0.022  0.007 -0.050  0.090  0.076 -0.030 -0.100  0.031  0.008  0.073  0.045  0.053 -0.031  0.050  0.038  0.007  0.088  0.000  0.002  0.006 -0.048  0.056  0.049  0.059  0.049  0.032  0.059  0.053 -0.019 -0.049  1.000  0.044  0.041  0.014  0.012  0.013 -0.016  0.051  0.047
   0.197  0.149 -0.112  0.192  0.097 -0.029 -0.042  0.148  0.108  0.001  0.041  0.008  0.023  0.076  0.095  0.141  0.090 -0.040  0.074 -0.030  0.044 -0.117  0.072 -0.267  0.094 -0.146  0.312  0.516  0.421  0.339  0.766  0.555  0.336  0.396  0.044  1.000  0.479 -0.201 -0.174  0.473 -0.162  0.586  0.496
   0.221  0.078 -0.142  0.167 -0.015  0.027 -0.117  0.192  0.144 -0.033  0.008 -0.028  0.017 -0.029  0.132  0.243  0.122 -0.004  0.248 -0.011 -0.009 -0.089  0.045  0.099 -0.236  0.215  0.018  0.511  0.528  0.330  0.625  0.811  0.323  0.422  0.041  0.479  1.000 -0.250 -0.201  0.516  0.048  0.550  0.653
  -0.140 -0.068  0.101 -0.036 -0.019 -0.003 -0.024  0.025  0.042  0.121 -0.049  0.079 -0.044  0.037 -0.012 -0.247 -0.324  0.116 -0.014  0.078  0.012  0.083  0.101 -0.198  0.011  0.040 -0.024 -0.245 -0.192 -0.169 -0.251 -0.275 -0.185 -0.270  0.014 -0.201 -0.250  1.000  0.281 -0.342 -0.109 -0.224 -0.231
  -0.113 -0.034  0.082 -0.043 -0.027  0.004 -0.019  0.015  0.027  0.067 -0.060  0.062 -0.032  0.049  0.015 -0.117 -0.248  0.135 -0.008  0.047  0.038  0.026  0.109 -0.126 -0.006  0.052 -0.015 -0.212 -0.165 -0.145 -0.223 -0.228 -0.161 -0.232  0.012 -0.174 -0.201  0.281  1.000 -0.289 -0.074 -0.199 -0.196
   0.395 -0.004 -0.323  0.146  0.090 -0.021  0.040  0.309  0.246 -0.075  0.019 -0.271 -0.035 -0.290  0.062  0.096  0.265 -0.211  0.031 -0.084 -0.307  0.043 -0.262  0.142  0.145 -0.252 -0.087  0.588  0.465  0.423  0.624  0.608  0.273  0.565  0.013  0.473  0.516 -0.342 -0.289  1.000  0.145  0.585  0.562
   0.059  0.017 -0.049 -0.021 -0.061 -0.022  0.022 -0.004 -0.011 -0.173 -0.024 -0.047 -0.190 -0.047  0.057  0.150  0.064  0.028  0.081 -0.420 -0.129 -0.177 -0.087  0.577  0.077  0.171 -0.657  0.089 -0.103  0.033 -0.131  0.065  0.008  0.112 -0.016 -0.162  0.048 -0.109 -0.074  0.145  1.000 -0.044  0.025
   0.258  0.072 -0.170  0.236  0.145 -0.085  0.002  0.194  0.144 -0.016  0.043  0.023 -0.017  0.081  0.125  0.176  0.072 -0.020  0.093 -0.056  0.029 -0.022  0.002 -0.026  0.036 -0.117  0.114  0.595  0.498  0.428  0.756  0.662  0.411  0.494  0.051  0.586  0.550 -0.224 -0.199  0.585 -0.044  1.000  0.604
