# fitpack15: fit parameters                                                                         
# CJ15 AV18 final data choices                                                                      
# Created on 01/16/2020 at 18:44:21                                                                 

 # QCD setup
  INS                           0
  NVL                          11
  IORD                          1
  Q02                   1.6899999999999999     
  IPARAMC                       7
  FLAVOR                4.0000000000000000     
  xmc                   1.3000000000000000     
  xmb                   4.5000000000000000     
  ncb                          12
  ihq                           1
  ias                           0

 # Theory corrections
  inuke                     10814
  itmc                          1
  iht                           1

 # fit parameters
 LAMBDA       0.22680        0.0000    
 a0uv          1.9554        0.0000    
 a1uv         0.56863       0.23558E-01
 a2uv          3.5569       0.11684E-01
 a3uv          0.0000        0.0000    
 a4uv          4.5656       0.62964    
 a5uv          0.0000        0.0000    
 a0dv          24.966        0.0000    
 a1dv          1.1565       0.33360E-01
 a2dv          6.6266       0.15992    
 a3dv         -3.5584       0.85365E-01
 a4dv          4.7891       0.13981    
 a5dv          0.0000        0.0000    
 a0ud         0.14194       0.49838E-02
 a1ud        -0.21087       0.38211E-02
 a2ud          8.4321       0.18918    
 a3ud          0.0000        0.0000    
 a4ud          15.832        1.3099    
 a5ud          0.0000        0.0000    
 a0du          35712.        0.0000    
 a1du          4.0821       0.85154E-01
 a2du          20.141       0.95526    
 a3du          17.000        0.0000    
 a4du          52.536        11.623    
 a0g           47.305        0.0000    
 a1g          0.60944       0.32492E-01
 a2g           6.7704       0.96562    
 a3g          -3.3788       0.14586    
 a4g           3.3810       0.37109    
 a5g           0.0000        0.0000    
 kappa        0.40000        0.0000    
 a6dv        -0.39673E-02   0.67541E-03
 a7dv          2.0000        0.0000    
 off1         -2.5725        1.7974    
 off2         0.61402E-01   0.37399E-02
 ht1          -3.5527       0.34516    
 ht2           2.0779       0.12481    
 ht3          -2.0491       0.35548E-01
 ht4           0.0000        0.0000    
 ht1n         -3.6897        1.0276    
 ht2n          1.9823       0.34192    
 ht3n         -2.1364       0.68386E-01
 ht4n          0.0000        0.0000    
 dummy44       0.0000        0.0000    
 dummy45       0.0000        0.0000    
 dummy46       0.0000        0.0000    
 dummy47       0.0000        0.0000    
 dummy48       0.0000        0.0000    
 dummy49       0.0000        0.0000    
 bcdmsh2      0.97003       0.48545E-02
 bcdmsd2      0.99002       0.58560E-02
 ccfr          1.0000        0.0000    
 nutev         1.0000        0.0000    
 zeus         0.97998        0.0000    
 h1            1.0162        0.0000    
 e605          1.0319        0.0000    
 NmcH2         1.0065       0.71350E-02
 ntv_nu        1.0000        0.0000    
 ntv_nubar     1.0000        0.0000    
 cdf_jet      0.98910        0.0000    
 d0_jet       0.83504        0.0000    
 slac_p        1.0018       0.50389E-02
 slac_d        1.0013       0.53165E-02
 e866pp       0.98186       0.19986E-01
 e866pd       0.97010       0.16415E-01
 d0_gamjet     1.0362       0.16484E-01
 h1b          0.97608        0.0000    
 jlab_p       0.99053       0.62868E-02
 jlab_d       0.97472       0.60272E-02
 blank         1.0000        0.0000    
 d0run2       0.94493       0.14239E-01
 cdfrun2      0.93147       0.17330E-01
 HERA_el       1.0000        0.0000    
 HERA_ps       1.0000        0.0000    
 CDF_Z        0.95939       0.66176E-02
 NmcRat        1.0000        0.0000    
 BNS_F2nd     0.98382       0.12137E-01
 HERMES_F2p   0.99581       0.56755E-02
 HERMES_F2d   0.97752       0.58500E-02
 END 0. 0.

 # Hessian matrix (Bevington alpha)
   0.51971547899743E+07 -0.13319778053371E+07  0.19533378781921E+06  0.50548812460387E+06 -0.12788234755757E+06 -0.29627336586033E+05  0.53089468819020E+05  0.98990342979410E+06 -0.18443611355429E+06 -0.50175114903798E+05  0.72964639192927E+04  0.15408806969385E+05  0.17293591414606E+04 -0.10770392845769E+03  0.97701554697178E+04 -0.21772200555650E+04  0.10502982637020E+05  0.75299923769025E+04 -0.78134854781302E+07 -0.11839796986336E+04  0.37815526818956E+07  0.33780189704582E+05  0.11999704006167E+06  0.21342855487441E+06  0.11667234049847E+05  0.45366010322730E+05  0.23352343287431E+06 -0.13223158848576E+06 -0.56063103584361E+05 -0.52643403546129E+04 -0.86881653151384E+06 -0.11261202134507E+07 -0.20979517209933E+05 -0.47564504980358E+05 -0.32090270862109E+04 -0.20495378185529E+06 -0.23094086923583E+06 -0.92246623998851E+04 -0.32564576844503E+04 -0.18066214483514E+05  0.17163806186668E+05 -0.74367391782700E+05 -0.58646303515787E+05
  -0.13319778053371E+07  0.41652983944387E+06 -0.51139438047791E+05 -0.13764629522197E+06  0.34499901270047E+05  0.10669097075421E+05 -0.11092551259176E+05 -0.12554385598381E+06  0.26474059844443E+05  0.73940691091850E+04 -0.87579629922596E+03 -0.12037519374317E+04 -0.13976513441007E+03  0.12906414737672E+02  0.64185093237806E+03 -0.52916682284041E+02  0.13464784172209E+03  0.75405163485137E+02  0.26128862884438E+07  0.49831149407386E+03 -0.10834035299375E+07 -0.66336869973504E+04 -0.27296398750378E+05 -0.54494011332075E+05 -0.26857802141355E+04 -0.11282012469084E+05 -0.63925173577137E+05  0.16789701577012E+05  0.82875712565327E+04 -0.19430058015102E+03  0.21059266069745E+06  0.26590040803222E+06  0.57471553656289E+04  0.13199243404635E+05  0.42291857188136E+03  0.63911724026491E+05  0.71491483238877E+05  0.24364979930643E+04  0.77152971746551E+03 -0.22149256334252E+04 -0.22624629325229E+04  0.86865622342388E+04  0.72957876401345E+04
   0.19533378781921E+06 -0.51139438047791E+05  0.73950134718008E+04  0.18797660563577E+05 -0.48675398622285E+04 -0.13621300881580E+04  0.19143318736171E+04  0.28068510748421E+05 -0.50805534346094E+04 -0.16669882085439E+04  0.21032108410415E+03  0.41851556067546E+03  0.53263591981836E+02 -0.40979159046577E+01 -0.27590849604815E+03 -0.79663149712048E+01 -0.12480057289874E+03 -0.37889200208188E+01 -0.30104881310873E+06 -0.46935878133222E+02  0.14361250451335E+06  0.12375280459760E+04  0.44045777309522E+04  0.79672385752640E+04  0.43150799159628E+03  0.16845560676513E+04  0.88031040068366E+04 -0.46820331028365E+04 -0.19864992435799E+04  0.18571354537113E+02 -0.31909095336041E+05 -0.41537985951442E+05 -0.80025657729246E+03 -0.18212988590132E+04 -0.10098763462220E+03 -0.79247936027873E+04 -0.89122849409288E+04 -0.34668955178963E+03 -0.12116092473338E+03 -0.65455583334856E+02  0.61254995559068E+03 -0.22242059237827E+04 -0.17952649707859E+04
   0.50548812460387E+06 -0.13764629522197E+06  0.18797660563577E+05  0.40146166041181E+06 -0.62350055011966E+05  0.74089680520963E+05  0.63926619918717E+05  0.36329162186920E+06 -0.27918302121836E+05 -0.18350386285780E+05  0.31805876777310E+04 -0.13987727859934E+04 -0.15089837572651E+03  0.55886379569180E+02  0.31011570115706E+05 -0.37771463761955E+04  0.25093431482462E+05  0.14093084527034E+05 -0.22773925278284E+07 -0.14051833521540E+03  0.10511244724899E+07  0.12420354553112E+05  0.36697337327117E+05  0.86477293023532E+05  0.39570971906114E+04  0.14436071301110E+05  0.64680565021356E+05 -0.12874403180394E+05 -0.21334364248544E+05 -0.69626426699084E+02 -0.66390890943953E+05 -0.34487919627335E+06 -0.13689786581955E+04 -0.24965749618938E+04 -0.70932253888407E+02 -0.11784817812381E+05 -0.53209002149672E+05 -0.24786727060096E+04 -0.96359053439141E+03 -0.98398356241218E+04 -0.15861720627605E+05 -0.72657934352471E+04 -0.21544217229586E+05
  -0.12788234755757E+06  0.34499901270047E+05 -0.48675398622285E+04 -0.62350055011966E+05  0.11425671557854E+05 -0.74174225560368E+04 -0.90920715540385E+04 -0.33375357243905E+05  0.51231152028475E+03  0.23612082570704E+04 -0.31709276670120E+03 -0.20342647869457E+02  0.50703490553345E+01 -0.49792672485011E+01 -0.26029607150426E+04  0.32191123572548E+03 -0.20518753999291E+04 -0.11678362582133E+04  0.48618023159316E+06  0.50201736276269E+02 -0.21585504076400E+06 -0.22996173772504E+04 -0.68144588393382E+04 -0.16569706180538E+05 -0.69177032499234E+03 -0.25764686106874E+04 -0.12680540595270E+05  0.19978445389416E+04  0.33586494895593E+04 -0.57113847179328E+02  0.11777177053454E+05  0.62504046444174E+05  0.32016223722913E+03  0.56359834957328E+03  0.89723099028270E+01  0.28947500051303E+04  0.12882876701213E+05  0.46493245900994E+03  0.17241764306560E+03  0.37168516618778E+03  0.25056822972648E+04  0.81478510058295E+03  0.25149289231336E+04
  -0.29627336586033E+05  0.10669097075421E+05 -0.13621300881580E+04  0.74089680520963E+05 -0.74174225560368E+04  0.24303267555936E+05  0.14501488128384E+05  0.11066196261628E+06 -0.10468017063820E+05 -0.45693853116978E+04  0.94966706955601E+03 -0.71444073339346E+03 -0.67249240910466E+02  0.18949964884136E+02  0.94861199359036E+04 -0.11863985776835E+04  0.77728442310408E+04  0.44298121543729E+04 -0.44017014936042E+05  0.61858928719835E+02  0.56768487033086E+05  0.13866114952803E+04  0.39241318361016E+04  0.77294104865642E+04  0.55061586366764E+03  0.18190199194642E+04  0.49096795207655E+04 -0.27297092002866E+04 -0.41889653329101E+04  0.15104880871186E+03 -0.84041265513881E+04 -0.41041786338940E+05  0.14817576262674E+02 -0.72575004422086E+01 -0.18714347479937E+02  0.46857792132103E+03  0.17712207604372E+04 -0.24392557896687E+03 -0.12602226647844E+03 -0.31613231556546E+04 -0.32474785859387E+04 -0.18569166725407E+04 -0.53366362384766E+04
   0.53089468819020E+05 -0.11092551259176E+05  0.19143318736171E+04  0.63926619918717E+05 -0.90920715540385E+04  0.14501488128384E+05  0.11276427898888E+05  0.60966470981023E+05 -0.34690066478188E+04 -0.32536474797178E+04  0.55091108778919E+03 -0.23288166669472E+03 -0.27060982256649E+02  0.99460078249105E+01  0.48728115750652E+04 -0.61806025929563E+03  0.38807782807475E+04  0.22400661396939E+04 -0.23906328849273E+06  0.10954963025117E+02  0.13173631432197E+06  0.18365123561404E+04  0.52767681054814E+04  0.11831528420536E+05  0.62321452608691E+03  0.21572576320491E+04  0.84521874671920E+04 -0.24560844503785E+04 -0.38491580431808E+04  0.13727979840515E+03 -0.98032203774259E+04 -0.51116120815589E+05 -0.15368770423997E+03 -0.27296975884430E+03 -0.13081805129669E+02 -0.97441285436464E+03 -0.45552614841920E+04 -0.35304415125237E+03 -0.14930738631947E+03 -0.13419401023939E+04 -0.31057957549927E+04 -0.11467197377540E+04 -0.34150096329315E+04
   0.98990342979410E+06 -0.12554385598381E+06  0.28068510748421E+05  0.36329162186920E+06 -0.33375357243905E+05  0.11066196261628E+06  0.60966470981023E+05  0.53963852659888E+07 -0.24115567145950E+07 -0.89588953181133E+05  0.25974797744873E+05  0.26653761545722E+05  0.18026811273047E+04  0.10081310175163E+03  0.89400146769374E+05 -0.11357988493879E+05  0.83505660698350E+05  0.45240967731681E+05 -0.58847219974374E+06  0.43506484282737E+03  0.43676460534457E+06  0.17527751333884E+05  0.57808837278681E+05  0.90924288871317E+05  0.61057194040348E+04  0.22500889520308E+05  0.67408585307497E+05 -0.63192633387819E+05 -0.50680841419088E+05 -0.70475205417190E+05 -0.29601177994160E+06 -0.58139774559332E+06 -0.74016158058576E+05 -0.16663017841300E+06 -0.14135154755250E+04 -0.56786563885890E+04 -0.11162468312461E+05  0.24834781339390E+03  0.25728065716017E+03 -0.27469821587307E+06 -0.87663491593889E+04 -0.14477878340577E+06 -0.17863615127350E+06
  -0.18443611355429E+06  0.26474059844443E+05 -0.50805534346094E+04 -0.27918302121836E+05  0.51231152028475E+03 -0.10468017063820E+05 -0.34690066478188E+04 -0.24115567145950E+07  0.19295731958683E+07  0.19507853572665E+05 -0.64069504186095E+04 -0.55952121516786E+04 -0.30905905804928E+03 -0.14208404510587E+02  0.48015947997771E+05 -0.22254296558120E+04  0.14747295972320E+05  0.70600176096602E+04 -0.25970115432317E+05 -0.96864340663644E+02 -0.57919973717605E+04 -0.33715535366934E+04 -0.11749951889721E+05 -0.16948540026937E+05 -0.12225092716427E+04 -0.46891477331928E+04 -0.12306150707345E+05  0.11581153177479E+05  0.10947951008324E+05  0.24759514118182E+05  0.67193740470365E+05  0.12764508030144E+06  0.22913581040920E+05  0.51663236493923E+05  0.19138887988899E+03  0.59854192955335E+03  0.12104462657133E+04 -0.12514231673626E+04 -0.69509100838211E+03  0.11315068609743E+06  0.15658770840174E+04  0.45308421236016E+05  0.55371694019767E+05
  -0.50175114903798E+05  0.73940691091850E+04 -0.16669882085439E+04 -0.18350386285780E+05  0.23612082570704E+04 -0.45693853116978E+04 -0.32536474797178E+04 -0.89588953181133E+05  0.19507853572665E+05  0.26642165737642E+04 -0.61343963108899E+03 -0.66327079002457E+03 -0.58905435356073E+02 -0.18046742482768E+01 -0.40345185890585E+04  0.49378302531749E+03 -0.32919314977750E+04 -0.18658644501246E+04  0.56546039310968E+05 -0.12273456617648E+02 -0.39082015480075E+05 -0.78869455830063E+03 -0.24385509096362E+04 -0.42528286228855E+04 -0.26210565837835E+03 -0.92575987644480E+03 -0.32803267553326E+04  0.27571017574937E+04  0.19030500391194E+04  0.73816938813990E+03  0.11041215742768E+05  0.22927681397028E+05  0.14968573723400E+04  0.33102591306892E+04  0.43789239235700E+02  0.55375001867484E+03  0.10517724705388E+04  0.12959719768608E+03  0.57775176700299E+02  0.31430354050596E+04  0.43504364179104E+03  0.28415762588306E+04  0.35923716895249E+04
   0.72964639192927E+04 -0.87579629922596E+03  0.21032108410415E+03  0.31805876777310E+04 -0.31709276670120E+03  0.94966706955601E+03  0.55091108778919E+03  0.25974797744873E+05 -0.64069504186095E+04 -0.61343963108899E+03  0.16568486960857E+03  0.18598118592236E+03  0.13585882044120E+02  0.67030788764006E+00  0.12218557777657E+04 -0.13558036649951E+03  0.96385450145816E+03  0.52477119572885E+03 -0.60120833515557E+04  0.30023806225362E+01  0.40657953909685E+04  0.12522373703098E+03  0.40561946545424E+03  0.65561840450017E+03  0.43052848306831E+02  0.15640867450923E+03  0.48838550142713E+03 -0.46079669752184E+03 -0.34773695517351E+03 -0.33406291066830E+03 -0.19900307918856E+04 -0.39570298862445E+04 -0.41592928428096E+03 -0.93668182078332E+03 -0.10788260961245E+02 -0.44472366658776E+02 -0.87262187142534E+02 -0.13076992347203E+02 -0.61539513843773E+01 -0.11291009346169E+04 -0.63810011599693E+02 -0.81168332186050E+03 -0.10087019332130E+04
   0.15408806969385E+05 -0.12037519374317E+04  0.41851556067546E+03 -0.13987727859934E+04 -0.20342647869457E+02 -0.71444073339346E+03 -0.23288166669472E+03  0.26653761545722E+05 -0.55952121516786E+04 -0.66327079002457E+03  0.18598118592236E+03  0.15766448808133E+04  0.10501836028812E+03 -0.11379228190750E+01  0.13764851253621E+04 -0.19334566103835E+03  0.13671734799265E+04  0.79278839442489E+03 -0.60484021540573E+04 -0.48086664236730E+01  0.19212787605940E+04  0.14353445202793E+02  0.19542693338082E+03 -0.35817272993608E+03 -0.20701045698945E+02 -0.86698806554976E+02 -0.20006636870520E+03 -0.11178377043032E+04 -0.75734424814867E-01 -0.68873623060115E+03 -0.49853002476372E+04 -0.16582125514990E+02 -0.22532518068719E+04 -0.69194140850018E+02 -0.77706162634933E+02 -0.20406515023194E+00  0.34462690857742E-02 -0.17057051981473E+01 -0.73051334515697E+00  0.29338842607093E+03  0.30432100613636E+03 -0.26777534417653E+04 -0.46242033415622E+01
   0.17293591414606E+04 -0.13976513441007E+03  0.53263591981836E+02 -0.15089837572651E+03  0.50703490553345E+01 -0.67249240910466E+02 -0.27060982256649E+02  0.18026811273047E+04 -0.30905905804928E+03 -0.58905435356073E+02  0.13585882044120E+02  0.10501836028812E+03  0.95100888882634E+01 -0.17046993116880E+00  0.77147501982679E+02 -0.12996836573948E+02  0.80965442447722E+02  0.51194793555930E+02 -0.28942781832465E+03 -0.42329740581300E+00 -0.76217945061069E+02  0.32048670194113E+01  0.24300595956561E+02 -0.42112982251361E+02 -0.23626597949245E+01 -0.90632268810607E+01 -0.17873031347620E+02 -0.16450343677734E+03 -0.98201179828897E-02 -0.27112520055024E+02 -0.58659295651716E+03 -0.18531932942713E+01 -0.14201918810560E+03 -0.18145310675695E+02 -0.63169743644429E+01 -0.14582694418930E+00  0.22953826252982E-02 -0.18050057054115E+00 -0.70087297117063E-01  0.28982068568742E+02  0.68006387235097E+02 -0.19409327798330E+03 -0.35856232145467E+00
  -0.10770392845769E+03  0.12906414737672E+02 -0.40979159046577E+01  0.55886379569180E+02 -0.49792672485011E+01  0.18949964884136E+02  0.99460078249105E+01  0.10081310175163E+03 -0.14208404510587E+02 -0.18046742482768E+01  0.67030788764006E+00 -0.11379228190750E+01 -0.17046993116880E+00  0.50505686188400E-01  0.14413785080718E+02 -0.11188350085205E+01  0.87825363565658E+01  0.41440826628532E+01 -0.81202921040061E+02  0.30142746192388E-01  0.68212253721777E+02  0.34528526979850E+00  0.89134887507003E+00  0.31577757506252E+01  0.13269445465718E+00  0.43948024558963E+00  0.20974790177490E+01  0.69514003078670E-01 -0.26699217803815E-04 -0.60828248884711E+01 -0.79320713535269E+00 -0.20361282909533E-02 -0.32390196013347E+01 -0.16342665089214E-04 -0.13998018216302E+00  0.23453343966356E-12 -0.76978179350716E-12 -0.16819917830777E-02 -0.92370126306616E-03 -0.15833731526758E+01  0.47503020954706E-04 -0.31781201568671E+01 -0.36737537698046E-02
   0.97701554697178E+04  0.64185093237806E+03 -0.27590849604815E+03  0.31011570115706E+05 -0.26029607150426E+04  0.94861199359036E+04  0.48728115750652E+04  0.89400146769374E+05  0.48015947997771E+05 -0.40345185890585E+04  0.12218557777657E+04  0.13764851253621E+04  0.77147501982679E+02  0.14413785080718E+02  0.49650397286053E+05 -0.46313865618710E+04  0.33586835821767E+05  0.17518178284044E+05 -0.55268549190268E+05  0.14702543610630E+01 -0.12848715679722E+05 -0.13543970465698E+03 -0.41986841309077E+03 -0.41406665567774E+03 -0.43158954798056E+02 -0.15131159435484E+03 -0.42046295836838E+03 -0.27080278339121E+04 -0.17765903984064E+04 -0.24888503639293E+04  0.20136079986400E+04  0.43496341643663E+04 -0.14795934148436E+04 -0.29359117153365E+04 -0.72806420899050E+03  0.23589578820191E+03  0.42385024056278E+03 -0.28689713309136E+04 -0.15245546795612E+04 -0.23934664025429E+04  0.19384920845238E+03 -0.89846602257418E+03 -0.10128452875642E+04
  -0.21772200555650E+04 -0.52916682284041E+02 -0.79663149712048E+01 -0.37771463761955E+04  0.32191123572548E+03 -0.11863985776835E+04 -0.61806025929563E+03 -0.11357988493879E+05 -0.22254296558120E+04  0.49378302531749E+03 -0.13558036649951E+03 -0.19334566103835E+03 -0.12996836573948E+02 -0.11188350085205E+01 -0.46313865618710E+04  0.50240888186759E+03 -0.35466881844043E+04 -0.19269750338705E+04  0.64879989239643E+04 -0.77331390638058E+00  0.19789288763916E+04  0.14311660288472E+02  0.39670478625162E+02  0.24393402311304E+02  0.42912236574194E+01  0.14502918448099E+02  0.46617175093433E+02  0.49988979416307E+03  0.31325983150878E+03  0.28790370141214E+03 -0.16588178425015E+03 -0.50166727248884E+03  0.15368758762886E+03  0.30391347266003E+03  0.80738970369973E+02 -0.63386777060487E+02 -0.11238101694268E+03  0.43703919082309E+03  0.21636173071664E+03 -0.30465725683294E+03 -0.34984824442269E+02  0.25085257854014E+03  0.28120397424877E+03
   0.10502982637020E+05  0.13464784172209E+03 -0.12480057289874E+03  0.25093431482462E+05 -0.20518753999291E+04  0.77728442310408E+04  0.38807782807475E+04  0.83505660698350E+05  0.14747295972320E+05 -0.32919314977750E+04  0.96385450145816E+03  0.13671734799265E+04  0.80965442447722E+02  0.87825363565658E+01  0.33586835821767E+05 -0.35466881844043E+04  0.25599985619893E+05  0.13721593137456E+05 -0.45060022877072E+05 -0.33475744697121E+00 -0.11926804572971E+05 -0.15008896268427E+03 -0.44919393385066E+03 -0.49510244808487E+03 -0.49256072114276E+02 -0.16296025510002E+03 -0.42003322839366E+03 -0.23370974039424E+04 -0.15213043428363E+04 -0.23727325162872E+04  0.20374784159287E+04  0.42077801766236E+04 -0.11790565490620E+04 -0.23464645610244E+04 -0.57100965525036E+03  0.57005627615081E+02  0.11348672648480E+03 -0.23669464134503E+04 -0.12832322067527E+04  0.98775059749978E+03  0.19631642865096E+03 -0.14586308272237E+04 -0.16231842608652E+04
   0.75299923769025E+04  0.75405163485137E+02 -0.37889200208188E+01  0.14093084527034E+05 -0.11678362582133E+04  0.44298121543729E+04  0.22400661396939E+04  0.45240967731681E+05  0.70600176096602E+04 -0.18658644501246E+04  0.52477119572885E+03  0.79278839442489E+03  0.51194793555930E+02  0.41440826628532E+01  0.17518178284044E+05 -0.19269750338705E+04  0.13721593137456E+05  0.74618497590040E+04 -0.25111449767937E+05  0.10593167138611E+01 -0.74673181787232E+04 -0.80860477324173E+02 -0.22875435221374E+03 -0.22406360592833E+03 -0.26028201831130E+02 -0.83631006309340E+02 -0.22402694922748E+03 -0.16699532251875E+04 -0.10531743600714E+04 -0.11958611997057E+04  0.95947241580668E+03  0.23190036666996E+04 -0.59810449768988E+03 -0.11915042804252E+04 -0.31518676807640E+03  0.89676280512965E+02  0.16693462880077E+03 -0.15362829658794E+04 -0.79843626676993E+03  0.12403124764271E+04  0.14144917262950E+03 -0.10376135068717E+04 -0.11546646307136E+04
  -0.78134854781302E+07  0.26128862884438E+07 -0.30104881310873E+06 -0.22773925278284E+07  0.48618023159316E+06 -0.44017014936042E+05 -0.23906328849273E+06 -0.58847219974374E+06 -0.25970115432317E+05  0.56546039310968E+05 -0.60120833515557E+04 -0.60484021540573E+04 -0.28942781832465E+03 -0.81202921040061E+02 -0.55268549190268E+05  0.64879989239643E+04 -0.45060022877072E+05 -0.25111449767937E+05  0.33802014182581E+08  0.58324382876956E+04 -0.12254841517323E+08 -0.10061357963438E+06 -0.32861079387125E+06 -0.86073757309087E+06 -0.28442583476358E+05 -0.12136784387632E+06 -0.69840127188680E+06  0.34313726735930E+05  0.76251286686243E+05 -0.12137611955168E+04  0.56870624241150E+06  0.27962349548450E+07  0.17159734442925E+05  0.31537507138936E+05  0.21243281173278E+03  0.18518913049403E+06  0.81644605146380E+06  0.24430545336639E+05  0.76897607710118E+04 -0.18468549861631E+05  0.44809295021356E+05  0.20688423598715E+05  0.64314607943022E+05
  -0.11839796986336E+04  0.49831149407386E+03 -0.46935878133222E+02 -0.14051833521540E+03  0.50201736276269E+02  0.61858928719835E+02  0.10954963025117E+02  0.43506484282737E+03 -0.96864340663644E+02 -0.12273456617648E+02  0.30023806225362E+01 -0.48086664236730E+01 -0.42329740581300E+00  0.30142746192388E-01  0.14702543610630E+01 -0.77331390638058E+00 -0.33475744697121E+00  0.10593167138611E+01  0.58324382876956E+04  0.21012192251210E+01 -0.21710456599578E+04 -0.11913999499768E+02 -0.41862098976953E+02 -0.13408023595240E+03 -0.15030820881048E+01 -0.11815043351285E+02 -0.10558333726690E+03  0.00000000000000E+00 -0.32198083508629E+02  0.00000000000000E+00  0.00000000000000E+00  0.27793715713772E+03  0.00000000000000E+00 -0.63150286316316E+01  0.00000000000000E+00  0.00000000000000E+00  0.19159422065951E+03  0.00000000000000E+00  0.00000000000000E+00  0.00000000000000E+00  0.16703334682151E+02  0.00000000000000E+00 -0.32782019953017E+02
   0.37815526818956E+07 -0.10834035299375E+07  0.14361250451335E+06  0.10511244724899E+07 -0.21585504076400E+06  0.56768487033086E+05  0.13173631432197E+06  0.43676460534457E+06 -0.57919973717605E+04 -0.39082015480075E+05  0.40657953909685E+04  0.19212787605940E+04 -0.76217945061069E+02  0.68212253721777E+02 -0.12848715679722E+05  0.19789288763916E+04 -0.11926804572971E+05 -0.74673181787232E+04 -0.12254841517323E+08 -0.21710456599578E+04  0.77540096599752E+07  0.80860264179980E+05  0.23771199093108E+06  0.62749778107311E+06  0.22575679221899E+05  0.86527930459217E+05  0.46141249315487E+06  0.00000000000000E+00 -0.78840743970304E+05  0.00000000000000E+00  0.00000000000000E+00 -0.19546423628177E+07  0.00000000000000E+00  0.18719437067480E+05  0.00000000000000E+00  0.00000000000000E+00 -0.40725575549850E+06  0.00000000000000E+00  0.00000000000000E+00  0.00000000000000E+00  0.59022059006992E+05  0.00000000000000E+00 -0.65698747359359E+05
   0.33780189704582E+05 -0.66336869973504E+04  0.12375280459760E+04  0.12420354553112E+05 -0.22996173772504E+04  0.13866114952803E+04  0.18365123561404E+04  0.17527751333884E+05 -0.33715535366934E+04 -0.78869455830063E+03  0.12522373703098E+03  0.14353445202793E+02  0.32048670194113E+01  0.34528526979850E+00 -0.13543970465698E+03  0.14311660288472E+02 -0.15008896268427E+03 -0.80860477324173E+02 -0.10061357963438E+06 -0.11913999499768E+02  0.80860264179980E+05  0.11462940527363E+04  0.31483383600391E+04  0.79317569100823E+04  0.29990539827283E+03  0.10815945325152E+04  0.53025672671449E+04 -0.46600492764231E+02 -0.12969930850710E+04  0.43017366703273E+01  0.58167626929101E+03 -0.25585955719405E+05  0.00000000000000E+00 -0.83934073783936E+02  0.00000000000000E+00  0.20671967612789E+04 -0.30364274950919E+04  0.00000000000000E+00  0.00000000000000E+00  0.00000000000000E+00  0.12232448911348E+04 -0.31094028407586E+03 -0.16437625390639E+04
   0.11999704006167E+06 -0.27296398750378E+05  0.44045777309522E+04  0.36697337327117E+05 -0.68144588393382E+04  0.39241318361016E+04  0.52767681054814E+04  0.57808837278681E+05 -0.11749951889721E+05 -0.24385509096362E+04  0.40561946545424E+03  0.19542693338082E+03  0.24300595956561E+02  0.89134887507003E+00 -0.41986841309077E+03  0.39670478625162E+02 -0.44919393385066E+03 -0.22875435221374E+03 -0.32861079387125E+06 -0.41862098976953E+02  0.23771199093108E+06  0.31483383600391E+04  0.90963492201555E+04  0.21874516079260E+05  0.85397854310874E+03  0.31438305957000E+04  0.15486513718714E+05 -0.15266251420616E+03 -0.34354615400575E+04 -0.19358807498576E+02 -0.58402795890717E+04 -0.74265701026457E+05  0.00000000000000E+00 -0.22123345805103E+03  0.00000000000000E+00  0.30671496290664E+04 -0.10162277845468E+05  0.00000000000000E+00  0.00000000000000E+00  0.00000000000000E+00  0.35584218691897E+04 -0.17904420386708E+04 -0.48985620781023E+04
   0.21342855487441E+06 -0.54494011332075E+05  0.79672385752640E+04  0.86477293023532E+05 -0.16569706180538E+05  0.77294104865642E+04  0.11831528420536E+05  0.90924288871317E+05 -0.16948540026937E+05 -0.42528286228855E+04  0.65561840450017E+03 -0.35817272993608E+03 -0.42112982251361E+02  0.31577757506252E+01 -0.41406665567774E+03  0.24393402311304E+02 -0.49510244808487E+03 -0.22406360592833E+03 -0.86073757309087E+06 -0.13408023595240E+03  0.62749778107311E+06  0.79317569100823E+04  0.21874516079260E+05  0.62244082238641E+05  0.21408068509817E+04  0.79406680357024E+04  0.40304386401510E+05  0.23751606320968E+03 -0.10771671045767E+05 -0.45867859055500E+01  0.37286410188485E+05 -0.18047899742780E+06  0.00000000000000E+00 -0.71112970946212E+03  0.00000000000000E+00  0.16286244736787E+05 -0.26748896780351E+05  0.00000000000000E+00  0.00000000000000E+00  0.00000000000000E+00  0.58686954444804E+04  0.14796655591917E+04 -0.11423020017295E+05
   0.11667234049847E+05 -0.26857802141355E+04  0.43150799159628E+03  0.39570971906114E+04 -0.69177032499234E+03  0.55061586366764E+03  0.62321452608691E+03  0.61057194040348E+04 -0.12225092716427E+04 -0.26210565837835E+03  0.43052848306831E+02 -0.20701045698945E+02 -0.23626597949245E+01  0.13269445465718E+00 -0.43158954798056E+02  0.42912236574194E+01 -0.49256072114276E+02 -0.26028201831130E+02 -0.28442583476358E+05 -0.15030820881048E+01  0.22575679221899E+05  0.29990539827283E+03  0.85397854310874E+03  0.21408068509817E+04  0.10032841700718E+03  0.35302737032497E+03  0.15182481320788E+04  0.00000000000000E+00 -0.41038308243393E+03  0.00000000000000E+00  0.00000000000000E+00 -0.81947728477614E+04  0.00000000000000E+00 -0.26260157073953E+02  0.00000000000000E+00  0.00000000000000E+00 -0.54691955760830E+03  0.00000000000000E+00  0.00000000000000E+00  0.00000000000000E+00  0.26383739847698E+02  0.00000000000000E+00 -0.61358900155897E+03
   0.45366010322730E+05 -0.11282012469084E+05  0.16845560676513E+04  0.14436071301110E+05 -0.25764686106874E+04  0.18190199194642E+04  0.21572576320491E+04  0.22500889520308E+05 -0.46891477331928E+04 -0.92575987644480E+03  0.15640867450923E+03 -0.86698806554976E+02 -0.90632268810607E+01  0.43948024558963E+00 -0.15131159435484E+03  0.14502918448099E+02 -0.16296025510002E+03 -0.83631006309340E+02 -0.12136784387632E+06 -0.11815043351285E+02  0.86527930459217E+05  0.10815945325152E+04  0.31438305957000E+04  0.79406680357024E+04  0.35302737032497E+03  0.12950428870073E+04  0.56865329635952E+04  0.00000000000000E+00 -0.13057281793961E+04  0.00000000000000E+00  0.00000000000000E+00 -0.29659323967927E+05  0.00000000000000E+00 -0.83138503192806E+02  0.00000000000000E+00  0.00000000000000E+00 -0.33504030919788E+04  0.00000000000000E+00  0.00000000000000E+00  0.00000000000000E+00 -0.26837021167776E+02  0.00000000000000E+00 -0.22636144374289E+04
   0.23352343287431E+06 -0.63925173577137E+05  0.88031040068366E+04  0.64680565021356E+05 -0.12680540595270E+05  0.49096795207655E+04  0.84521874671920E+04  0.67408585307497E+05 -0.12306150707345E+05 -0.32803267553326E+04  0.48838550142713E+03 -0.20006636870520E+03 -0.17873031347620E+02  0.20974790177490E+01 -0.42046295836838E+03  0.46617175093433E+02 -0.42003322839366E+03 -0.22402694922748E+03 -0.69840127188680E+06 -0.10558333726690E+03  0.46141249315487E+06  0.53025672671449E+04  0.15486513718714E+05  0.40304386401510E+05  0.15182481320788E+04  0.56865329635952E+04  0.29864388275552E+05  0.00000000000000E+00 -0.73921522844165E+04  0.00000000000000E+00  0.00000000000000E+00 -0.12840132722539E+06  0.00000000000000E+00 -0.48801435464811E+03  0.00000000000000E+00  0.00000000000000E+00 -0.21149716583665E+05  0.00000000000000E+00  0.00000000000000E+00  0.00000000000000E+00  0.79236471977777E+04  0.00000000000000E+00 -0.78668092710919E+04
  -0.13223158848576E+06  0.16789701577012E+05 -0.46820331028365E+04 -0.12874403180394E+05  0.19978445389416E+04 -0.27297092002866E+04 -0.24560844503785E+04 -0.63192633387819E+05  0.11581153177479E+05  0.27571017574937E+04 -0.46079669752184E+03 -0.11178377043032E+04 -0.16450343677734E+03  0.69514003078670E-01 -0.27080278339121E+04  0.49988979416307E+03 -0.23370974039424E+04 -0.16699532251875E+04  0.34313726735930E+05  0.00000000000000E+00  0.00000000000000E+00 -0.46600492764231E+02 -0.15266251420616E+03  0.23751606320968E+03  0.00000000000000E+00  0.00000000000000E+00  0.00000000000000E+00  0.11695979100255E+06  0.00000000000000E+00  0.00000000000000E+00  0.00000000000000E+00  0.00000000000000E+00  0.00000000000000E+00  0.00000000000000E+00  0.00000000000000E+00  0.00000000000000E+00  0.00000000000000E+00  0.00000000000000E+00  0.00000000000000E+00  0.00000000000000E+00  0.00000000000000E+00  0.00000000000000E+00  0.00000000000000E+00
  -0.56063103584361E+05  0.82875712565327E+04 -0.19864992435799E+04 -0.21334364248544E+05  0.33586494895593E+04 -0.41889653329101E+04 -0.38491580431808E+04 -0.50680841419088E+05  0.10947951008324E+05  0.19030500391194E+04 -0.34773695517351E+03 -0.75734424814867E-01 -0.98201179828897E-02 -0.26699217803815E-04 -0.17765903984064E+04  0.31325983150878E+03 -0.15213043428363E+04 -0.10531743600714E+04  0.76251286686243E+05 -0.32198083508629E+02 -0.78840743970304E+05 -0.12969930850710E+04 -0.34354615400575E+04 -0.10771671045767E+05 -0.41038308243393E+03 -0.13057281793961E+04 -0.73921522844165E+04  0.00000000000000E+00  0.64951367189559E+05  0.00000000000000E+00  0.00000000000000E+00  0.00000000000000E+00  0.00000000000000E+00  0.00000000000000E+00  0.00000000000000E+00  0.00000000000000E+00  0.00000000000000E+00  0.00000000000000E+00  0.00000000000000E+00  0.00000000000000E+00  0.00000000000000E+00  0.00000000000000E+00  0.00000000000000E+00
  -0.52643403546129E+04 -0.19430058015102E+03  0.18571354537113E+02 -0.69626426699084E+02 -0.57113847179328E+02  0.15104880871186E+03  0.13727979840515E+03 -0.70475205417190E+05  0.24759514118182E+05  0.73816938813990E+03 -0.33406291066830E+03 -0.68873623060115E+03 -0.27112520055024E+02 -0.60828248884711E+01 -0.24888503639293E+04  0.28790370141214E+03 -0.23727325162872E+04 -0.11958611997057E+04 -0.12137611955168E+04  0.00000000000000E+00  0.00000000000000E+00  0.43017366703273E+01 -0.19358807498576E+02 -0.45867859055500E+01  0.00000000000000E+00  0.00000000000000E+00  0.00000000000000E+00  0.00000000000000E+00  0.00000000000000E+00  0.30805456607402E+05  0.00000000000000E+00  0.00000000000000E+00  0.00000000000000E+00  0.00000000000000E+00  0.00000000000000E+00  0.00000000000000E+00  0.00000000000000E+00  0.00000000000000E+00  0.00000000000000E+00  0.00000000000000E+00  0.00000000000000E+00  0.00000000000000E+00  0.00000000000000E+00
  -0.86881653151384E+06  0.21059266069745E+06 -0.31909095336041E+05 -0.66390890943953E+05  0.11777177053454E+05 -0.84041265513881E+04 -0.98032203774259E+04 -0.29601177994160E+06  0.67193740470365E+05  0.11041215742768E+05 -0.19900307918856E+04 -0.49853002476372E+04 -0.58659295651716E+03 -0.79320713535269E+00  0.20136079986400E+04 -0.16588178425015E+03  0.20374784159287E+04  0.95947241580668E+03  0.56870624241150E+06  0.00000000000000E+00  0.00000000000000E+00  0.58167626929101E+03 -0.58402795890717E+04  0.37286410188485E+05  0.00000000000000E+00  0.00000000000000E+00  0.00000000000000E+00  0.00000000000000E+00  0.00000000000000E+00  0.00000000000000E+00  0.58089343216682E+06  0.00000000000000E+00  0.00000000000000E+00  0.00000000000000E+00  0.00000000000000E+00  0.00000000000000E+00  0.00000000000000E+00  0.00000000000000E+00  0.00000000000000E+00  0.00000000000000E+00  0.00000000000000E+00  0.00000000000000E+00  0.00000000000000E+00
  -0.11261202134507E+07  0.26590040803222E+06 -0.41537985951442E+05 -0.34487919627335E+06  0.62504046444174E+05 -0.41041786338940E+05 -0.51116120815589E+05 -0.58139774559332E+06  0.12764508030144E+06  0.22927681397028E+05 -0.39570298862445E+04 -0.16582125514990E+02 -0.18531932942713E+01 -0.20361282909533E-02  0.43496341643663E+04 -0.50166727248884E+03  0.42077801766236E+04  0.23190036666996E+04  0.27962349548450E+07  0.27793715713772E+03 -0.19546423628177E+07 -0.25585955719405E+05 -0.74265701026457E+05 -0.18047899742780E+06 -0.81947728477614E+04 -0.29659323967927E+05 -0.12840132722539E+06  0.00000000000000E+00  0.00000000000000E+00  0.00000000000000E+00  0.00000000000000E+00  0.92198462625847E+06  0.00000000000000E+00  0.00000000000000E+00  0.00000000000000E+00  0.00000000000000E+00  0.00000000000000E+00  0.00000000000000E+00  0.00000000000000E+00  0.00000000000000E+00  0.00000000000000E+00  0.00000000000000E+00  0.00000000000000E+00
  -0.20979517209933E+05  0.57471553656289E+04 -0.80025657729246E+03 -0.13689786581955E+04  0.32016223722913E+03  0.14817576262674E+02 -0.15368770423997E+03 -0.74016158058576E+05  0.22913581040920E+05  0.14968573723400E+04 -0.41592928428096E+03 -0.22532518068719E+04 -0.14201918810560E+03 -0.32390196013347E+01 -0.14795934148436E+04  0.15368758762886E+03 -0.11790565490620E+04 -0.59810449768988E+03  0.17159734442925E+05  0.00000000000000E+00  0.00000000000000E+00  0.00000000000000E+00  0.00000000000000E+00  0.00000000000000E+00  0.00000000000000E+00  0.00000000000000E+00  0.00000000000000E+00  0.00000000000000E+00  0.00000000000000E+00  0.00000000000000E+00  0.00000000000000E+00  0.00000000000000E+00  0.14300304117470E+05  0.00000000000000E+00  0.00000000000000E+00  0.00000000000000E+00  0.00000000000000E+00  0.00000000000000E+00  0.00000000000000E+00  0.00000000000000E+00  0.00000000000000E+00  0.00000000000000E+00  0.00000000000000E+00
  -0.47564504980358E+05  0.13199243404635E+05 -0.18212988590132E+04 -0.24965749618938E+04  0.56359834957328E+03 -0.72575004422086E+01 -0.27296975884430E+03 -0.16663017841300E+06  0.51663236493923E+05  0.33102591306892E+04 -0.93668182078332E+03 -0.69194140850018E+02 -0.18145310675695E+02 -0.16342665089214E-04 -0.29359117153365E+04  0.30391347266003E+03 -0.23464645610244E+04 -0.11915042804252E+04  0.31537507138936E+05 -0.63150286316316E+01  0.18719437067480E+05 -0.83934073783936E+02 -0.22123345805103E+03 -0.71112970946212E+03 -0.26260157073953E+02 -0.83138503192806E+02 -0.48801435464811E+03  0.00000000000000E+00  0.00000000000000E+00  0.00000000000000E+00  0.00000000000000E+00  0.00000000000000E+00  0.00000000000000E+00  0.31409483047844E+05  0.00000000000000E+00  0.00000000000000E+00  0.00000000000000E+00  0.00000000000000E+00  0.00000000000000E+00  0.00000000000000E+00  0.00000000000000E+00  0.00000000000000E+00  0.00000000000000E+00
  -0.32090270862109E+04  0.42291857188136E+03 -0.10098763462220E+03 -0.70932253888407E+02  0.89723099028270E+01 -0.18714347479937E+02 -0.13081805129669E+02 -0.14135154755250E+04  0.19138887988899E+03  0.43789239235700E+02 -0.10788260961245E+02 -0.77706162634933E+02 -0.63169743644429E+01 -0.13998018216302E+00 -0.72806420899050E+03  0.80738970369973E+02 -0.57100965525036E+03 -0.31518676807640E+03  0.21243281173278E+03  0.00000000000000E+00  0.00000000000000E+00  0.00000000000000E+00  0.00000000000000E+00  0.00000000000000E+00  0.00000000000000E+00  0.00000000000000E+00  0.00000000000000E+00  0.00000000000000E+00  0.00000000000000E+00  0.00000000000000E+00  0.00000000000000E+00  0.00000000000000E+00  0.00000000000000E+00  0.00000000000000E+00  0.37994894571074E+04  0.00000000000000E+00  0.00000000000000E+00  0.00000000000000E+00  0.00000000000000E+00  0.00000000000000E+00  0.00000000000000E+00  0.00000000000000E+00  0.00000000000000E+00
  -0.20495378185529E+06  0.63911724026491E+05 -0.79247936027873E+04 -0.11784817812381E+05  0.28947500051303E+04  0.46857792132103E+03 -0.97441285436464E+03 -0.56786563885890E+04  0.59854192955335E+03  0.55375001867484E+03 -0.44472366658776E+02 -0.20406515023194E+00 -0.14582694418930E+00  0.23453343966356E-12  0.23589578820191E+03 -0.63386777060487E+02  0.57005627615081E+02  0.89676280512965E+02  0.18518913049403E+06  0.00000000000000E+00  0.00000000000000E+00  0.20671967612789E+04  0.30671496290664E+04  0.16286244736787E+05  0.00000000000000E+00  0.00000000000000E+00  0.00000000000000E+00  0.00000000000000E+00  0.00000000000000E+00  0.00000000000000E+00  0.00000000000000E+00  0.00000000000000E+00  0.00000000000000E+00  0.00000000000000E+00  0.00000000000000E+00  0.10628585573847E+06  0.00000000000000E+00  0.00000000000000E+00  0.00000000000000E+00  0.00000000000000E+00  0.00000000000000E+00  0.00000000000000E+00  0.00000000000000E+00
  -0.23094086923583E+06  0.71491483238877E+05 -0.89122849409288E+04 -0.53209002149672E+05  0.12882876701213E+05  0.17712207604372E+04 -0.45552614841920E+04 -0.11162468312461E+05  0.12104462657133E+04  0.10517724705388E+04 -0.87262187142534E+02  0.34462690857742E-02  0.22953826252982E-02 -0.76978179350716E-12  0.42385024056278E+03 -0.11238101694268E+03  0.11348672648480E+03  0.16693462880077E+03  0.81644605146380E+06  0.19159422065951E+03 -0.40725575549850E+06 -0.30364274950919E+04 -0.10162277845468E+05 -0.26748896780351E+05 -0.54691955760830E+03 -0.33504030919788E+04 -0.21149716583665E+05  0.00000000000000E+00  0.00000000000000E+00  0.00000000000000E+00  0.00000000000000E+00  0.00000000000000E+00  0.00000000000000E+00  0.00000000000000E+00  0.00000000000000E+00  0.00000000000000E+00  0.13868187180341E+06  0.00000000000000E+00  0.00000000000000E+00  0.00000000000000E+00  0.00000000000000E+00  0.00000000000000E+00  0.00000000000000E+00
