# fitpack15: fit parameters                                                                         
# CJ15 AV18 final data choices                                                                      
# Created on 01/15/2020 at 22:26:43                                                                 

 # QCD setup
  INS                           0
  NVL                          11
  IORD                          1
  Q02                   1.6899999999999999     
  IPARAMC                       7
  FLAVOR                4.0000000000000000     
  xmc                   1.3000000000000000     
  xmb                   4.5000000000000000     
  ncb                          12
  ihq                           1
  ias                           0

 # Theory corrections
  inuke                     10814
  itmc                          1
  iht                           1

 # fit parameters
 LAMBDA       0.22680        0.0000    
 a0uv          1.9571        0.0000    
 a1uv         0.56886       0.23554E-01
 a2uv          3.5567       0.11689E-01
 a3uv          0.0000        0.0000    
 a4uv          4.5620       0.62906    
 a5uv          0.0000        0.0000    
 a0dv          24.911        0.0000    
 a1dv          1.1561       0.33312E-01
 a2dv          6.6216       0.15983    
 a3dv         -3.5571       0.85392E-01
 a4dv          4.7870       0.13990    
 a5dv          0.0000        0.0000    
 a0ud         0.14197       0.49852E-02
 a1ud        -0.21084       0.38216E-02
 a2ud          8.4329       0.18945    
 a3ud          0.0000        0.0000    
 a4ud          15.822        1.3113    
 a5ud          0.0000        0.0000    
 a0du          35712.        0.0000    
 a1du          4.0832       0.85808E-01
 a2du          20.143       0.95707    
 a3du          17.000        0.0000    
 a4du          53.230        11.966    
 a0g           47.323        0.0000    
 a1g          0.60947       0.32532E-01
 a2g           6.7896       0.96765    
 a3g          -3.3785       0.14664    
 a4g           3.3845       0.37329    
 a5g           0.0000        0.0000    
 kappa        0.40000        0.0000    
 a6dv        -0.39537E-02   0.67494E-03
 a7dv          2.0000        0.0000    
 off1         -2.6890        1.7991    
 off2         0.61172E-01   0.32392E-02
 ht1          -3.5622       0.34663    
 ht2           2.0845       0.12511    
 ht3          -2.0478       0.35587E-01
 ht4           0.0000        0.0000    
 ht1n         -3.6531        1.0216    
 ht2n          1.9736       0.34132    
 ht3n         -2.1306       0.67367E-01
 ht4n          0.0000        0.0000    
 dummy44       0.0000        0.0000    
 dummy45       0.0000        0.0000    
 dummy46       0.0000        0.0000    
 dummy47       0.0000        0.0000    
 dummy48       0.0000        0.0000    
 dummy49       0.0000        0.0000    
 bcdmsh2      0.97012       0.48553E-02
 bcdmsd2      0.99015       0.58582E-02
 ccfr          1.0000        0.0000    
 nutev         1.0000        0.0000    
 zeus         0.97998        0.0000    
 h1            1.0162        0.0000    
 e605          1.0319        0.0000    
 NmcH2         1.0066       0.71353E-02
 ntv_nu        1.0000        0.0000    
 ntv_nubar     1.0000        0.0000    
 cdf_jet      0.98910        0.0000    
 d0_jet       0.83504        0.0000    
 slac_p        1.0020       0.50388E-02
 slac_d        1.0013       0.53170E-02
 e866pp       0.98203       0.19966E-01
 e866pd       0.97038       0.16444E-01
 d0_gamjet     1.0362       0.16486E-01
 h1b          0.97608        0.0000    
 jlab_p       0.99062       0.62866E-02
 jlab_d       0.97452       0.60259E-02
 blank         1.0000        0.0000    
 d0run2       0.94479       0.14232E-01
 cdfrun2      0.93135       0.17327E-01
 HERA_el       1.0000        0.0000    
 HERA_ps       1.0000        0.0000    
 CDF_Z        0.95940       0.66269E-02
 NmcRat        1.0000        0.0000    
 BNS_F2nd     0.98338       0.12166E-01
 HERMES_F2p   0.99596       0.56762E-02
 HERMES_F2d   0.97766       0.58507E-02
 END 0. 0.

 # Hessian matrix (Bevington alpha)
   0.51948675866576E+07 -0.13315935163485E+07  0.19539652937478E+06  0.50536466886427E+06 -0.12802758168676E+06 -0.29351250932591E+05  0.53237842675045E+05  0.98816577039825E+06 -0.18398650844455E+06 -0.50116175908091E+05  0.72910223004522E+04  0.15374516442428E+05  0.17254091768134E+04 -0.10638710839524E+03  0.97235936606691E+04 -0.21669164515230E+04  0.10390594354605E+05  0.74583140749100E+04 -0.77909494308208E+07 -0.11965691588333E+04  0.44264147319573E+07  0.35903739867577E+05  0.12542197160222E+06  0.23096401601942E+06  0.12371404953723E+05  0.47572874913621E+05  0.24563968894632E+06 -0.13219587185021E+06 -0.56043938597650E+05 -0.52553697882372E+04 -0.86843213126639E+06 -0.11259692000407E+07 -0.20983705010141E+05 -0.47503252457586E+05 -0.32084406366927E+04 -0.20487410671454E+06 -0.23099686922423E+06 -0.92291584670366E+04 -0.32578330420936E+04 -0.18050550457759E+05  0.17178341497063E+05 -0.74330842441406E+05 -0.58611206359318E+05
  -0.13315935163485E+07  0.41647868626415E+06 -0.51165227219115E+05 -0.13762371887698E+06  0.34555617362519E+05  0.10590088119359E+05 -0.11140197084190E+05 -0.12532379370762E+06  0.26419673211711E+05  0.73846207033880E+04 -0.87506383121335E+03 -0.12014078466966E+04 -0.13945445727175E+03  0.12753927700213E+02  0.64127552175927E+03 -0.52669909396009E+02  0.13494631390418E+03  0.75011417758838E+02  0.26056460638166E+07  0.50182614716377E+03 -0.12682009256729E+07 -0.72255151549933E+04 -0.28798435564166E+05 -0.59256089185002E+05 -0.28749657326549E+04 -0.11882065457775E+05 -0.67245636569575E+05  0.16789545869275E+05  0.82867274942563E+04 -0.19470699228337E+03  0.21054463625698E+06  0.26589911624435E+06  0.57503854447076E+04  0.13186272359552E+05  0.42297614736368E+03  0.63899678148994E+05  0.71512999207286E+05  0.24379663095447E+04  0.77194771798858E+03 -0.22153367920180E+04 -0.22636036822656E+04  0.86839034335312E+04  0.72928941029846E+04
   0.19539652937478E+06 -0.51165227219115E+05  0.74030746558736E+04  0.18808287626985E+05 -0.48769907977149E+04 -0.13522165034269E+04  0.19216708468757E+04  0.28029831404994E+05 -0.50685102786409E+04 -0.16660565877628E+04  0.21026956013793E+03  0.41780437616314E+03  0.53170217251417E+02 -0.40431789383630E+01 -0.27730734980415E+03 -0.77033261930816E+01 -0.12591943641704E+03 -0.47414034764148E+01 -0.30041928437654E+06 -0.47451559876838E+02  0.16822993889035E+06  0.13188609631693E+04  0.46134572919321E+04  0.86348663477798E+04  0.45834933347489E+03  0.17690712363566E+04  0.92673850168113E+04 -0.46841635892157E+04 -0.19872261236702E+04  0.18795391722392E+02 -0.31919723218533E+05 -0.41562887020009E+05 -0.80108255584964E+03 -0.18204443139270E+04 -0.10104151853279E+03 -0.79283108052397E+04 -0.89214063999357E+04 -0.34712287420580E+03 -0.12130227954859E+03 -0.65126418615574E+02  0.61342094299196E+03 -0.22245828669742E+04 -0.17954073316149E+04
   0.50536466886427E+06 -0.13762371887698E+06  0.18808287626985E+05  0.40156626826748E+06 -0.62409772810885E+05  0.74163530208884E+05  0.63974259122395E+05  0.36315458422122E+06 -0.27974729214305E+05 -0.18337705128458E+05  0.31806243922693E+04 -0.13966433839268E+04 -0.15062300822356E+03  0.55069058506500E+02  0.31005385804848E+05 -0.37720069010834E+04  0.24958873006417E+05  0.14015920648748E+05 -0.22718004480410E+07 -0.14419509056058E+03  0.12315233929552E+07  0.13008670807781E+05  0.38229374858189E+05  0.91432625682133E+05  0.41634279876876E+04  0.15070278241856E+05  0.68109841210159E+05 -0.12876704838888E+05 -0.21335415108161E+05 -0.69500261313911E+02 -0.66388926428452E+05 -0.34489264065729E+06 -0.13677777729813E+04 -0.24937569276166E+04 -0.70951122277562E+02 -0.11788211195021E+05 -0.53233414421741E+05 -0.24811078338927E+04 -0.96444978228797E+03 -0.98359898793119E+04 -0.15873241266147E+05 -0.72658651586506E+04 -0.21537944597733E+05
  -0.12802758168676E+06  0.34555617362519E+05 -0.48769907977149E+04 -0.62409772810885E+05  0.11448349353757E+05 -0.74337099094097E+04 -0.91069053009198E+04 -0.33360920794514E+05  0.51630451352825E+03  0.23600047061790E+04 -0.31712217730062E+03 -0.20365211409242E+02  0.50551806672824E+01 -0.49020713230593E+01 -0.26032786968099E+04  0.32148655540462E+03 -0.20418133877966E+04 -0.11618703133378E+04  0.48574464472184E+06  0.51088020913849E+02 -0.25317899090175E+06 -0.24188568791907E+04 -0.71261147739233E+04 -0.17565899100220E+05 -0.73245095614295E+03 -0.27038359626042E+04 -0.13374669694995E+05  0.19987710382154E+04  0.33602666859202E+04 -0.57136599237991E+02  0.11789673975424E+05  0.62562836881339E+05  0.32036481902793E+03  0.56381708857232E+03  0.89795212434625E+01  0.29002745622746E+04  0.12907043928269E+05  0.46591522200205E+03  0.17273392729009E+03  0.37099458873038E+03  0.25080001564041E+04  0.81521350450399E+03  0.25155793832587E+04
  -0.29351250932591E+05  0.10590088119359E+05 -0.13522165034269E+04  0.74163530208884E+05 -0.74337099094097E+04  0.24294920545095E+05  0.14505347110318E+05  0.11060253257467E+06 -0.10480094074278E+05 -0.45675707971760E+04  0.94952737569398E+03 -0.71250294363260E+03 -0.67065704213975E+02  0.18662703519324E+02  0.94796043219688E+04 -0.11842868765221E+04  0.77257428174627E+04  0.44026270064947E+04 -0.44899970089834E+05  0.61448224337864E+02  0.67067079883258E+05  0.14305388869875E+04  0.40416007031791E+04  0.81251509724866E+04  0.56863154902652E+03  0.18707296466937E+04  0.51795297638054E+04 -0.27310050587839E+04 -0.41906505713091E+04  0.15110916859836E+03 -0.84174214276478E+04 -0.41127636161779E+05  0.14455593559789E+02 -0.78971083883753E+01 -0.18716467394204E+02  0.46402295778949E+03  0.17457403993246E+04 -0.24483955832082E+03 -0.12633963271851E+03 -0.31577515773084E+04 -0.32522685642510E+04 -0.18565583528419E+04 -0.53340091050646E+04
   0.53237842675045E+05 -0.11140197084190E+05  0.19216708468757E+04  0.63974259122395E+05 -0.91069053009198E+04  0.14505347110318E+05  0.11283559648202E+05  0.60928231037577E+05 -0.34762577511759E+04 -0.32516871422468E+04  0.55080635495852E+03 -0.23223753073058E+03 -0.26986072588073E+02  0.97912593068987E+01  0.48695433649810E+04 -0.61684191558088E+03  0.38577371385775E+04  0.22263853198096E+04 -0.23909583328287E+06  0.10361470451675E+02  0.15466393609277E+06  0.19141658995391E+04  0.54811479419102E+04  0.12496496631282E+05  0.65142013862078E+03  0.22426060124300E+04  0.89113022362704E+04 -0.24568073286921E+04 -0.38499992165474E+04  0.13726922985865E+03 -0.98116513146398E+04 -0.51164980268570E+05 -0.15384444210218E+03 -0.27319288640004E+03 -0.13084903649842E+02 -0.97810818658076E+03 -0.45740831651121E+04 -0.35379337139166E+03 -0.14955953831825E+03 -0.13403328965079E+04 -0.31090491267311E+04 -0.11466964229682E+04 -0.34140205390316E+04
   0.98816577039825E+06 -0.12532379370762E+06  0.28029831404994E+05  0.36315458422122E+06 -0.33360920794514E+05  0.11060253257467E+06  0.60928231037577E+05  0.53915109097278E+07 -0.24101108121070E+07 -0.89490864686352E+05  0.25962216726250E+05  0.26605603214825E+05  0.17987835481022E+04  0.98238960489962E+02  0.89373153095551E+05 -0.11341992349566E+05  0.83028518018860E+05  0.44982558199829E+05 -0.58635682108618E+06  0.43291927802527E+03  0.51115346843791E+06  0.18058460388504E+05  0.59134237856973E+05  0.95872301505330E+05  0.63259997215232E+04  0.23147091273836E+05  0.70758755567642E+05 -0.63147403197800E+05 -0.50616387596763E+05 -0.70479944526237E+05 -0.29579915225743E+06 -0.58078646896199E+06 -0.74023233882746E+05 -0.16640146909592E+06 -0.14142311593070E+04 -0.56663804573677E+04 -0.11146047689571E+05  0.24309357534971E+03  0.25544616421114E+03 -0.27453039182262E+06 -0.87646910141043E+04 -0.14472325679238E+06 -0.17841950159477E+06
  -0.18398650844455E+06  0.26419673211711E+05 -0.50685102786409E+04 -0.27974729214305E+05  0.51630451352825E+03 -0.10480094074278E+05 -0.34762577511759E+04 -0.24101108121070E+07  0.19289098815474E+07  0.19490870903846E+05 -0.64051372466748E+04 -0.55859891142165E+04 -0.30834703908542E+03 -0.13772001240396E+02  0.47994316247512E+05 -0.22219665577183E+04  0.14680842183746E+05  0.70219502702620E+04 -0.25880407607943E+05 -0.96748265042769E+02 -0.68353280676451E+04 -0.34678776587118E+04 -0.11982587001037E+05 -0.17869826371308E+05 -0.12651102626665E+04 -0.48138382314826E+04 -0.12928785902349E+05  0.11576585632960E+05  0.10936591664018E+05  0.24767805304413E+05  0.67164515029926E+05  0.12753864163022E+06  0.22923622167073E+05  0.51605649321726E+05  0.19184323223431E+03  0.59650731069727E+03  0.12074838911845E+04 -0.12494073836378E+04 -0.69438463232056E+03  0.11311349356479E+06  0.15659268316188E+04  0.45301433547934E+05  0.55315798630117E+05
  -0.50116175908091E+05  0.73846207033880E+04 -0.16660565877628E+04 -0.18337705128458E+05  0.23600047061790E+04 -0.45675707971760E+04 -0.32516871422468E+04 -0.89490864686352E+05  0.19490870903846E+05  0.26611380227184E+04 -0.61312109835472E+03 -0.66210272997493E+03 -0.58787991408494E+02 -0.17584736206101E+01 -0.40312507720464E+04  0.49281009258950E+03 -0.32714454873264E+04 -0.18541389389266E+04  0.56341557709104E+05 -0.12119352305689E+02 -0.45734384881941E+05 -0.81565486532299E+03 -0.25080678899132E+04 -0.44945264059218E+04 -0.27246677231805E+03 -0.95652344866781E+03 -0.34445834371432E+04  0.27552745195966E+04  0.19009036896653E+04  0.73811087923246E+03  0.11032871494548E+05  0.22905845867715E+05  0.14965586241738E+04  0.33054241206838E+04  0.43790915752117E+02  0.55289293612900E+03  0.10507589644694E+04  0.12966401447328E+03  0.57795019118085E+02  0.31408608532000E+04  0.43499847860324E+03  0.28404973661951E+04  0.35883684023187E+04
   0.72910223004522E+04 -0.87506383121335E+03  0.21026956013793E+03  0.31806243922693E+04 -0.31712217730062E+03  0.94952737569398E+03  0.55080635495852E+03  0.25962216726250E+05 -0.64051372466748E+04 -0.61312109835472E+03  0.16569506439701E+03  0.18575736108414E+03  0.13566510256186E+02  0.65308380534983E+00  0.12218240129944E+04 -0.13544157541992E+03  0.95877476954554E+03  0.52197543816983E+03 -0.59949794229079E+04  0.29854329775027E+01  0.47611086635436E+04  0.12915775284439E+03  0.41560606788141E+03  0.69169154194719E+03  0.44650120425929E+02  0.16111541246388E+03  0.51285257441586E+03 -0.46075003386566E+03 -0.34750713448746E+03 -0.33420463598000E+03 -0.19897843354963E+04 -0.39553395479036E+04 -0.41614981917670E+03 -0.93586059233188E+03 -0.10796152521448E+02 -0.44417063536433E+02 -0.87211312915151E+02 -0.13110330401074E+02 -0.61663626733079E+01 -0.11288080158593E+04 -0.63839908423235E+02 -0.81179523652016E+03 -0.10080260243391E+04
   0.15374516442428E+05 -0.12014078466966E+04  0.41780437616314E+03 -0.13966433839268E+04 -0.20365211409242E+02 -0.71250294363260E+03 -0.23223753073058E+03  0.26605603214825E+05 -0.55859891142165E+04 -0.66210272997493E+03  0.18575736108414E+03  0.15704267617617E+04  0.10460693626455E+03 -0.11684444456777E+01  0.13731431353933E+04 -0.19268543499346E+03  0.13556423816814E+04  0.78632239663837E+03 -0.60197081214198E+04 -0.48003435310312E+01  0.22407994325021E+04  0.12089543086879E+02  0.18800280852249E+03 -0.37111713229022E+03 -0.21342314365904E+02 -0.88543052168965E+02 -0.20929667535646E+03 -0.11153046984631E+04 -0.82343611784446E-01 -0.68731693984794E+03 -0.49749194524788E+04 -0.18077086078523E+02 -0.22490156947742E+04 -0.68934431322570E+02 -0.77559955828851E+02 -0.20331378370473E+00  0.31458270407290E-02 -0.17035043392398E+01 -0.72959464171555E+00  0.29115527485233E+03  0.30392158039658E+03 -0.26723649794513E+04 -0.50257596019681E+01
   0.17254091768134E+04 -0.13945445727175E+03  0.53170217251417E+02 -0.15062300822356E+03  0.50551806672824E+01 -0.67065704213975E+02 -0.26986072588073E+02  0.17987835481022E+04 -0.30834703908542E+03 -0.58787991408494E+02  0.13566510256186E+02  0.10460693626455E+03  0.94723441990491E+01 -0.16880673297488E+00  0.76907438115517E+02 -0.12943956067493E+02  0.80181185459999E+02  0.50725156285015E+02 -0.28805585604935E+03 -0.42164087033302E+00 -0.90241489714560E+02  0.29827784034512E+01  0.23611830106161E+02 -0.43240909216407E+02 -0.24249755574497E+01 -0.92251986959793E+01 -0.18719303394719E+02 -0.16411281097955E+03 -0.10697985868758E-01 -0.27048808389584E+02 -0.58530547171561E+03 -0.20436111487321E+01 -0.14173069514134E+03 -0.18075310518150E+02 -0.63046391111274E+01 -0.14528724645905E+00  0.21239391227262E-02 -0.18024628767733E+00 -0.69992852338912E-01  0.28810462969872E+02  0.67909278692220E+02 -0.19369498731032E+03 -0.38967022924787E+00
  -0.10638710839524E+03  0.12753927700213E+02 -0.40431789383630E+01  0.55069058506500E+02 -0.49020713230593E+01  0.18662703519324E+02  0.97912593068987E+01  0.98238960489962E+02 -0.13772001240396E+02 -0.17584736206101E+01  0.65308380534983E+00 -0.11684444456777E+01 -0.16880673297488E+00  0.48603278761493E-01  0.14093483447659E+02 -0.10902490041316E+01  0.85274177549060E+01  0.40201368014627E+01 -0.79578552544987E+02  0.29465653185517E-01  0.78194732360961E+02  0.35363758271881E+00  0.91022987176318E+00  0.32256160204503E+01  0.13530027160912E+00  0.44724661762231E+00  0.21456158279545E+01  0.68153814365864E-01 -0.27682758013078E-04 -0.59017525036773E+01 -0.73879453671871E+00 -0.20680581300130E-02 -0.30892787153371E+01 -0.13716714242582E-04 -0.13501260306458E+00  0.15263675646095E-12 -0.77580421556941E-12 -0.16212716460664E-02 -0.89084782491194E-03 -0.15751375241531E+01  0.38734718004029E-04 -0.30270179574178E+01 -0.38283815721368E-02
   0.97235936606691E+04  0.64127552175927E+03 -0.27730734980415E+03  0.31005385804848E+05 -0.26032786968099E+04  0.94796043219688E+04  0.48695433649810E+04  0.89373153095551E+05  0.47994316247512E+05 -0.40312507720464E+04  0.12218240129944E+04  0.13731431353933E+04  0.76907438115517E+02  0.14093483447659E+02  0.49633363749467E+05 -0.46248892893306E+04  0.33410189974092E+05  0.17421738890747E+05 -0.55158929250186E+05  0.14848530722169E+01 -0.15039372359584E+05 -0.13994586481952E+03 -0.43203638442569E+03 -0.45368362285775E+03 -0.45050297680442E+02 -0.15668054418484E+03 -0.44660992691687E+03 -0.27013978683860E+04 -0.17719103007046E+04 -0.24886315966664E+04  0.20167203193823E+04  0.43508906942249E+04 -0.14791194474091E+04 -0.29325491010264E+04 -0.72776965352995E+03  0.23339662752477E+03  0.41977534078692E+03 -0.28650504194510E+04 -0.15231107117261E+04 -0.23984274070502E+04  0.19388866561607E+03 -0.89630489627924E+03 -0.10100162997614E+04
  -0.21669164515230E+04 -0.52669909396009E+02 -0.77033261930816E+01 -0.37720069010834E+04  0.32148655540462E+03 -0.11842868765221E+04 -0.61684191558088E+03 -0.11341992349566E+05 -0.22219665577183E+04  0.49281009258950E+03 -0.13544157541992E+03 -0.19268543499346E+03 -0.12943956067493E+02 -0.10902490041316E+01 -0.46248892893306E+04  0.50111147452997E+03 -0.35231511476876E+04 -0.19138398966178E+04  0.64686209634742E+04 -0.77247242796785E+00  0.23135706390812E+04  0.15012306699303E+02  0.41602259415439E+02  0.30045526953662E+02  0.45619722623967E+01  0.15275257418463E+02  0.50296185992738E+02  0.49813127718365E+03  0.31207032061647E+03  0.28771815081573E+03 -0.16661677605014E+03 -0.50216324373365E+03  0.15344377339161E+03  0.30319632792782E+03  0.80626978289193E+02 -0.62694748746949E+02 -0.11125305724889E+03  0.43580113432473E+03  0.21586815580350E+03 -0.30312819305964E+03 -0.34987333789594E+02  0.25020261559707E+03  0.28033888006270E+03
   0.10390594354605E+05  0.13494631390418E+03 -0.12591943641704E+03  0.24958873006417E+05 -0.20418133877966E+04  0.77257428174627E+04  0.38577371385775E+04  0.83028518018860E+05  0.14680842183746E+05 -0.32714454873264E+04  0.95877476954554E+03  0.13556423816814E+04  0.80181185459999E+02  0.85274177549060E+01  0.33410189974092E+05 -0.35231511476876E+04  0.25327368782946E+05  0.13572035559956E+05 -0.44729637058679E+05 -0.31247128055718E+00 -0.13871039991904E+05 -0.15287149215177E+03 -0.45707022493776E+03 -0.52756165407740E+03 -0.50603899334723E+02 -0.16651681615178E+03 -0.44086343445017E+03 -0.23154191104955E+04 -0.15073634348774E+04 -0.23615444794087E+04  0.20284414722401E+04  0.41808074392776E+04 -0.11734752092371E+04 -0.23333189464538E+04 -0.56771294799677E+03  0.55955544104382E+02  0.11156600637506E+03 -0.23497012320673E+04 -0.12744241748691E+04  0.96900665934202E+03  0.19455460273105E+03 -0.14446514572338E+04 -0.16070176030106E+04
   0.74583140749100E+04  0.75011417758838E+02 -0.47414034764148E+01  0.14015920648748E+05 -0.11618703133378E+04  0.44026270064947E+04  0.22263853198096E+04  0.44982558199829E+05  0.70219502702620E+04 -0.18541389389266E+04  0.52197543816983E+03  0.78632239663837E+03  0.50725156285015E+02  0.40201368014627E+01  0.17421738890747E+05 -0.19138398966178E+04  0.13572035559956E+05  0.73789800022149E+04 -0.24928449986796E+05  0.10624381996726E+01 -0.86867502756788E+04 -0.82773565556898E+02 -0.23429794430773E+03 -0.24428299284811E+03 -0.26888164196156E+02 -0.85948522767225E+02 -0.23689546210168E+03 -0.16555213098786E+04 -0.10439894123125E+04 -0.11903832359833E+04  0.95619637698625E+03  0.23054454696636E+04 -0.59516169441262E+03 -0.11846388566719E+04 -0.31335356762483E+03  0.88277491519180E+02  0.16450448211335E+03 -0.15251021630141E+04 -0.79297603008753E+03  0.12268155905624E+04  0.14038229974113E+03 -0.10291813403500E+04 -0.11447839495609E+04
  -0.77909494308208E+07  0.26056460638166E+07 -0.30041928437654E+06 -0.22718004480410E+07  0.48574464472184E+06 -0.44899970089834E+05 -0.23909583328287E+06 -0.58635682108618E+06 -0.25880407607943E+05  0.56341557709104E+05 -0.59949794229079E+04 -0.60197081214198E+04 -0.28805585604935E+03 -0.79578552544987E+02 -0.55158929250186E+05  0.64686209634742E+04 -0.44729637058679E+05 -0.24928449986796E+05  0.33627931302724E+08  0.58564063874400E+04 -0.14310948559037E+08 -0.10670939624511E+06 -0.34414042452366E+06 -0.91062242447289E+06 -0.30448739290900E+05 -0.12765349464394E+06 -0.73306601820313E+06  0.34243674382588E+05  0.76083219292218E+05 -0.12114281066678E+04  0.56736855961299E+06  0.27891349787937E+07  0.17111181127176E+05  0.31437242010214E+05  0.21208928942290E+03  0.18475493800946E+06  0.81433967416094E+06  0.24395915851688E+05  0.76782546511202E+04 -0.18422990789042E+05  0.44737888040234E+05  0.20640628386745E+05  0.64143893108714E+05
  -0.11965691588333E+04  0.50182614716377E+03 -0.47451559876838E+02 -0.14419509056058E+03  0.51088020913849E+02  0.61448224337864E+02  0.10361470451675E+02  0.43291927802527E+03 -0.96748265042769E+02 -0.12119352305689E+02  0.29854329775027E+01 -0.48003435310312E+01 -0.42164087033302E+00  0.29465653185517E-01  0.14848530722169E+01 -0.77247242796785E+00 -0.31247128055718E+00  0.10624381996726E+01  0.58564063874400E+04  0.21140465530031E+01 -0.25723736285175E+04 -0.13217037048085E+02 -0.45307501754456E+02 -0.14442549685638E+03 -0.18955193720515E+01 -0.13151027674913E+02 -0.11298758433616E+03  0.00000000000000E+00 -0.31874284744186E+02  0.00000000000000E+00  0.00000000000000E+00  0.28488119356726E+03  0.00000000000000E+00 -0.63679313300853E+01  0.00000000000000E+00  0.00000000000000E+00  0.19301447306694E+03  0.00000000000000E+00  0.00000000000000E+00  0.00000000000000E+00  0.16471137244172E+02  0.00000000000000E+00 -0.32504937510304E+02
   0.44264147319573E+07 -0.12682009256729E+07  0.16822993889035E+06  0.12315233929552E+07 -0.25317899090175E+06  0.67067079883258E+05  0.15466393609277E+06  0.51115346843791E+06 -0.68353280676451E+04 -0.45734384881941E+05  0.47611086635436E+04  0.22407994325021E+04 -0.90241489714560E+02  0.78194732360961E+02 -0.15039372359584E+05  0.23135706390812E+04 -0.13871039991904E+05 -0.86867502756788E+04 -0.14310948559037E+08 -0.25723736285175E+04  0.10625709415432E+08  0.99376234266256E+05  0.29056750223972E+06  0.77413172618263E+06  0.28012029437585E+05  0.10627365827941E+06  0.56748426292125E+06  0.00000000000000E+00 -0.92344889068151E+05  0.00000000000000E+00  0.00000000000000E+00 -0.22889767688227E+07  0.00000000000000E+00  0.21914399743051E+05  0.00000000000000E+00  0.00000000000000E+00 -0.47704900955519E+06  0.00000000000000E+00  0.00000000000000E+00  0.00000000000000E+00  0.67827572966099E+05  0.00000000000000E+00 -0.76925909535699E+05
   0.35903739867577E+05 -0.72255151549933E+04  0.13188609631693E+04  0.13008670807781E+05 -0.24188568791907E+04  0.14305388869875E+04  0.19141658995391E+04  0.18058460388504E+05 -0.34678776587118E+04 -0.81565486532299E+03  0.12915775284439E+03  0.12089543086879E+02  0.29827784034512E+01  0.35363758271881E+00 -0.13994586481952E+03  0.15012306699303E+02 -0.15287149215177E+03 -0.82773565556898E+02 -0.10670939624511E+06 -0.13217037048085E+02  0.99376234266256E+05  0.12378909646817E+04  0.34036085509923E+04  0.86774353823211E+04  0.32906115644019E+03  0.11812170869882E+04  0.58350817265875E+04 -0.46386893761048E+02 -0.13528142364498E+04  0.43556756400630E+01  0.58112032510801E+03 -0.26714075767458E+05  0.00000000000000E+00 -0.88362513059738E+02  0.00000000000000E+00  0.20560043258587E+04 -0.32533459656464E+04  0.00000000000000E+00  0.00000000000000E+00  0.00000000000000E+00  0.12636027841797E+04 -0.30774317871167E+03 -0.17062610639720E+04
   0.12542197160222E+06 -0.28798435564166E+05  0.46134572919321E+04  0.38229374858189E+05 -0.71261147739233E+04  0.40416007031791E+04  0.54811479419102E+04  0.59134237856973E+05 -0.11982587001037E+05 -0.25080678899132E+04  0.41560606788141E+03  0.18800280852249E+03  0.23611830106161E+02  0.91022987176318E+00 -0.43203638442569E+03  0.41602259415439E+02 -0.45707022493776E+03 -0.23429794430773E+03 -0.34414042452366E+06 -0.45307501754456E+02  0.29056750223972E+06  0.34036085509923E+04  0.98007689276695E+04  0.23950335805341E+05  0.93517758181326E+03  0.34195974787856E+04  0.16962051099111E+05 -0.15220901039295E+03 -0.35825519439847E+04 -0.18317121887820E+02 -0.58074644874304E+04 -0.77214609421028E+05  0.00000000000000E+00 -0.23290593968556E+03  0.00000000000000E+00  0.30576688779517E+04 -0.10719929007309E+05  0.00000000000000E+00  0.00000000000000E+00  0.00000000000000E+00  0.36655485911996E+04 -0.17751466282674E+04 -0.50593190848719E+04
   0.23096401601942E+06 -0.59256089185002E+05  0.86348663477798E+04  0.91432625682133E+05 -0.17565899100220E+05  0.81251509724866E+04  0.12496496631282E+05  0.95872301505330E+05 -0.17869826371308E+05 -0.44945264059218E+04  0.69169154194719E+03 -0.37111713229022E+03 -0.43240909216407E+02  0.32256160204503E+01 -0.45368362285775E+03  0.30045526953662E+02 -0.52756165407740E+03 -0.24428299284811E+03 -0.91062242447289E+06 -0.14442549685638E+03  0.77413172618263E+06  0.86774353823211E+04  0.23950335805341E+05  0.68214894510597E+05  0.23737711160890E+04  0.87409496361311E+04  0.44567071649003E+05  0.23658808781454E+03 -0.11245650152950E+05 -0.44889181387835E+01  0.37226569795332E+05 -0.19007143110479E+06  0.00000000000000E+00 -0.74864956991448E+03  0.00000000000000E+00  0.16282707002773E+05 -0.28509629713865E+05  0.00000000000000E+00  0.00000000000000E+00  0.00000000000000E+00  0.62267760230471E+04  0.14746173687440E+04 -0.11971226512263E+05
   0.12371404953723E+05 -0.28749657326549E+04  0.45834933347489E+03  0.41634279876876E+04 -0.73245095614295E+03  0.56863154902652E+03  0.65142013862078E+03  0.63259997215232E+04 -0.12651102626665E+04 -0.27246677231805E+03  0.44650120425929E+02 -0.21342314365904E+02 -0.24249755574497E+01  0.13530027160912E+00 -0.45050297680442E+02  0.45619722623967E+01 -0.50603899334723E+02 -0.26888164196156E+02 -0.30448739290900E+05 -0.18955193720515E+01  0.28012029437585E+05  0.32906115644019E+03  0.93517758181326E+03  0.23737711160890E+04  0.10970227797391E+03  0.38495206243589E+03  0.16832002883386E+04  0.00000000000000E+00 -0.42806770335428E+03  0.00000000000000E+00  0.00000000000000E+00 -0.85940492975119E+04  0.00000000000000E+00 -0.27645667221767E+02  0.00000000000000E+00  0.00000000000000E+00 -0.61808284896532E+03  0.00000000000000E+00  0.00000000000000E+00  0.00000000000000E+00  0.32644077860017E+02  0.00000000000000E+00 -0.63714520914538E+03
   0.47572874913621E+05 -0.11882065457775E+05  0.17690712363566E+04  0.15070278241856E+05 -0.27038359626042E+04  0.18707296466937E+04  0.22426060124300E+04  0.23147091273836E+05 -0.48138382314826E+04 -0.95652344866781E+03  0.16111541246388E+03 -0.88543052168965E+02 -0.92251986959793E+01  0.44724661762231E+00 -0.15668054418484E+03  0.15275257418463E+02 -0.16651681615178E+03 -0.85948522767225E+02 -0.12765349464394E+06 -0.13151027674913E+02  0.10627365827941E+06  0.11812170869882E+04  0.34195974787856E+04  0.87409496361311E+04  0.38495206243589E+03  0.14031934729325E+04  0.62540594843229E+04  0.00000000000000E+00 -0.13614606504233E+04  0.00000000000000E+00  0.00000000000000E+00 -0.30881764414742E+05  0.00000000000000E+00 -0.87524967429228E+02  0.00000000000000E+00  0.00000000000000E+00 -0.35818212163029E+04  0.00000000000000E+00  0.00000000000000E+00  0.00000000000000E+00  0.23424161440648E+01  0.00000000000000E+00 -0.23349823236364E+04
   0.24563968894632E+06 -0.67245636569575E+05  0.92673850168113E+04  0.68109841210159E+05 -0.13374669694995E+05  0.51795297638054E+04  0.89113022362704E+04  0.70758755567642E+05 -0.12928785902349E+05 -0.34445834371432E+04  0.51285257441586E+03 -0.20929667535646E+03 -0.18719303394719E+02  0.21456158279545E+01 -0.44660992691687E+03  0.50296185992738E+02 -0.44086343445017E+03 -0.23689546210168E+03 -0.73306601820313E+06 -0.11298758433616E+03  0.56748426292125E+06  0.58350817265875E+04  0.16962051099111E+05  0.44567071649003E+05  0.16832002883386E+04  0.62540594843229E+04  0.32901451888355E+05  0.00000000000000E+00 -0.77172594773100E+04  0.00000000000000E+00  0.00000000000000E+00 -0.13502712939148E+06  0.00000000000000E+00 -0.51376244285412E+03  0.00000000000000E+00  0.00000000000000E+00 -0.22396809916494E+05  0.00000000000000E+00  0.00000000000000E+00  0.00000000000000E+00  0.81634800653670E+04  0.00000000000000E+00 -0.82417438976763E+04
  -0.13219587185021E+06  0.16789545869275E+05 -0.46841635892157E+04 -0.12876704838888E+05  0.19987710382154E+04 -0.27310050587839E+04 -0.24568073286921E+04 -0.63147403197800E+05  0.11576585632960E+05  0.27552745195966E+04 -0.46075003386566E+03 -0.11153046984631E+04 -0.16411281097955E+03  0.68153814365864E-01 -0.27013978683860E+04  0.49813127718365E+03 -0.23154191104955E+04 -0.16555213098786E+04  0.34243674382588E+05  0.00000000000000E+00  0.00000000000000E+00 -0.46386893761048E+02 -0.15220901039295E+03  0.23658808781454E+03  0.00000000000000E+00  0.00000000000000E+00  0.00000000000000E+00  0.11694175449587E+06  0.00000000000000E+00  0.00000000000000E+00  0.00000000000000E+00  0.00000000000000E+00  0.00000000000000E+00  0.00000000000000E+00  0.00000000000000E+00  0.00000000000000E+00  0.00000000000000E+00  0.00000000000000E+00  0.00000000000000E+00  0.00000000000000E+00  0.00000000000000E+00  0.00000000000000E+00  0.00000000000000E+00
  -0.56043938597650E+05  0.82867274942563E+04 -0.19872261236702E+04 -0.21335415108161E+05  0.33602666859202E+04 -0.41906505713091E+04 -0.38499992165474E+04 -0.50616387596763E+05  0.10936591664018E+05  0.19009036896653E+04 -0.34750713448746E+03 -0.82343611784446E-01 -0.10697985868758E-01 -0.27682758013078E-04 -0.17719103007046E+04  0.31207032061647E+03 -0.15073634348774E+04 -0.10439894123125E+04  0.76083219292218E+05 -0.31874284744186E+02 -0.92344889068151E+05 -0.13528142364498E+04 -0.35825519439847E+04 -0.11245650152950E+05 -0.42806770335428E+03 -0.13614606504233E+04 -0.77172594773100E+04  0.00000000000000E+00  0.64921672166678E+05  0.00000000000000E+00  0.00000000000000E+00  0.00000000000000E+00  0.00000000000000E+00  0.00000000000000E+00  0.00000000000000E+00  0.00000000000000E+00  0.00000000000000E+00  0.00000000000000E+00  0.00000000000000E+00  0.00000000000000E+00  0.00000000000000E+00  0.00000000000000E+00  0.00000000000000E+00
  -0.52553697882372E+04 -0.19470699228337E+03  0.18795391722392E+02 -0.69500261313911E+02 -0.57136599237991E+02  0.15110916859836E+03  0.13726922985865E+03 -0.70479944526237E+05  0.24767805304413E+05  0.73811087923246E+03 -0.33420463598000E+03 -0.68731693984794E+03 -0.27048808389584E+02 -0.59017525036773E+01 -0.24886315966664E+04  0.28771815081573E+03 -0.23615444794087E+04 -0.11903832359833E+04 -0.12114281066678E+04  0.00000000000000E+00  0.00000000000000E+00  0.43556756400630E+01 -0.18317121887820E+02 -0.44889181387835E+01  0.00000000000000E+00  0.00000000000000E+00  0.00000000000000E+00  0.00000000000000E+00  0.00000000000000E+00  0.30804301761690E+05  0.00000000000000E+00  0.00000000000000E+00  0.00000000000000E+00  0.00000000000000E+00  0.00000000000000E+00  0.00000000000000E+00  0.00000000000000E+00  0.00000000000000E+00  0.00000000000000E+00  0.00000000000000E+00  0.00000000000000E+00  0.00000000000000E+00  0.00000000000000E+00
  -0.86843213126639E+06  0.21054463625698E+06 -0.31919723218533E+05 -0.66388926428452E+05  0.11789673975424E+05 -0.84174214276478E+04 -0.98116513146398E+04 -0.29579915225743E+06  0.67164515029926E+05  0.11032871494548E+05 -0.19897843354963E+04 -0.49749194524788E+04 -0.58530547171561E+03 -0.73879453671871E+00  0.20167203193823E+04 -0.16661677605014E+03  0.20284414722401E+04  0.95619637698625E+03  0.56736855961299E+06  0.00000000000000E+00  0.00000000000000E+00  0.58112032510801E+03 -0.58074644874304E+04  0.37226569795332E+05  0.00000000000000E+00  0.00000000000000E+00  0.00000000000000E+00  0.00000000000000E+00  0.00000000000000E+00  0.00000000000000E+00  0.58071698341576E+06  0.00000000000000E+00  0.00000000000000E+00  0.00000000000000E+00  0.00000000000000E+00  0.00000000000000E+00  0.00000000000000E+00  0.00000000000000E+00  0.00000000000000E+00  0.00000000000000E+00  0.00000000000000E+00  0.00000000000000E+00  0.00000000000000E+00
  -0.11259692000407E+07  0.26589911624435E+06 -0.41562887020009E+05 -0.34489264065729E+06  0.62562836881339E+05 -0.41127636161779E+05 -0.51164980268570E+05 -0.58078646896199E+06  0.12753864163022E+06  0.22905845867715E+05 -0.39553395479036E+04 -0.18077086078523E+02 -0.20436111487321E+01 -0.20680581300130E-02  0.43508906942249E+04 -0.50216324373365E+03  0.41808074392776E+04  0.23054454696636E+04  0.27891349787937E+07  0.28488119356726E+03 -0.22889767688227E+07 -0.26714075767458E+05 -0.77214609421028E+05 -0.19007143110479E+06 -0.85940492975119E+04 -0.30881764414742E+05 -0.13502712939148E+06  0.00000000000000E+00  0.00000000000000E+00  0.00000000000000E+00  0.00000000000000E+00  0.92198729810015E+06  0.00000000000000E+00  0.00000000000000E+00  0.00000000000000E+00  0.00000000000000E+00  0.00000000000000E+00  0.00000000000000E+00  0.00000000000000E+00  0.00000000000000E+00  0.00000000000000E+00  0.00000000000000E+00  0.00000000000000E+00
  -0.20983705010141E+05  0.57503854447076E+04 -0.80108255584964E+03 -0.13677777729813E+04  0.32036481902793E+03  0.14455593559789E+02 -0.15384444210218E+03 -0.74023233882746E+05  0.22923622167073E+05  0.14965586241738E+04 -0.41614981917670E+03 -0.22490156947742E+04 -0.14173069514134E+03 -0.30892787153371E+01 -0.14791194474091E+04  0.15344377339161E+03 -0.11734752092371E+04 -0.59516169441262E+03  0.17111181127176E+05  0.00000000000000E+00  0.00000000000000E+00  0.00000000000000E+00  0.00000000000000E+00  0.00000000000000E+00  0.00000000000000E+00  0.00000000000000E+00  0.00000000000000E+00  0.00000000000000E+00  0.00000000000000E+00  0.00000000000000E+00  0.00000000000000E+00  0.00000000000000E+00  0.14301550801765E+05  0.00000000000000E+00  0.00000000000000E+00  0.00000000000000E+00  0.00000000000000E+00  0.00000000000000E+00  0.00000000000000E+00  0.00000000000000E+00  0.00000000000000E+00  0.00000000000000E+00  0.00000000000000E+00
  -0.47503252457586E+05  0.13186272359552E+05 -0.18204443139270E+04 -0.24937569276166E+04  0.56381708857232E+03 -0.78971083883753E+01 -0.27319288640004E+03 -0.16640146909592E+06  0.51605649321726E+05  0.33054241206838E+04 -0.93586059233188E+03 -0.68934431322570E+02 -0.18075310518150E+02 -0.13716714242582E-04 -0.29325491010264E+04  0.30319632792782E+03 -0.23333189464538E+04 -0.11846388566719E+04  0.31437242010214E+05 -0.63679313300853E+01  0.21914399743051E+05 -0.88362513059738E+02 -0.23290593968556E+03 -0.74864956991448E+03 -0.27645667221767E+02 -0.87524967429228E+02 -0.51376244285412E+03  0.00000000000000E+00  0.00000000000000E+00  0.00000000000000E+00  0.00000000000000E+00  0.00000000000000E+00  0.00000000000000E+00  0.31366987496248E+05  0.00000000000000E+00  0.00000000000000E+00  0.00000000000000E+00  0.00000000000000E+00  0.00000000000000E+00  0.00000000000000E+00  0.00000000000000E+00  0.00000000000000E+00  0.00000000000000E+00
  -0.32084406366927E+04  0.42297614736368E+03 -0.10104151853279E+03 -0.70951122277562E+02  0.89795212434625E+01 -0.18716467394204E+02 -0.13084903649842E+02 -0.14142311593070E+04  0.19184323223431E+03  0.43790915752117E+02 -0.10796152521448E+02 -0.77559955828851E+02 -0.63046391111274E+01 -0.13501260306458E+00 -0.72776965352995E+03  0.80626978289193E+02 -0.56771294799677E+03 -0.31335356762483E+03  0.21208928942290E+03  0.00000000000000E+00  0.00000000000000E+00  0.00000000000000E+00  0.00000000000000E+00  0.00000000000000E+00  0.00000000000000E+00  0.00000000000000E+00  0.00000000000000E+00  0.00000000000000E+00  0.00000000000000E+00  0.00000000000000E+00  0.00000000000000E+00  0.00000000000000E+00  0.00000000000000E+00  0.00000000000000E+00  0.37993808930462E+04  0.00000000000000E+00  0.00000000000000E+00  0.00000000000000E+00  0.00000000000000E+00  0.00000000000000E+00  0.00000000000000E+00  0.00000000000000E+00  0.00000000000000E+00
  -0.20487410671454E+06  0.63899678148994E+05 -0.79283108052397E+04 -0.11788211195021E+05  0.29002745622746E+04  0.46402295778949E+03 -0.97810818658076E+03 -0.56663804573677E+04  0.59650731069727E+03  0.55289293612900E+03 -0.44417063536433E+02 -0.20331378370473E+00 -0.14528724645905E+00  0.15263675646095E-12  0.23339662752477E+03 -0.62694748746949E+02  0.55955544104382E+02  0.88277491519180E+02  0.18475493800946E+06  0.00000000000000E+00  0.00000000000000E+00  0.20560043258587E+04  0.30576688779517E+04  0.16282707002773E+05  0.00000000000000E+00  0.00000000000000E+00  0.00000000000000E+00  0.00000000000000E+00  0.00000000000000E+00  0.00000000000000E+00  0.00000000000000E+00  0.00000000000000E+00  0.00000000000000E+00  0.00000000000000E+00  0.00000000000000E+00  0.10626995041264E+06  0.00000000000000E+00  0.00000000000000E+00  0.00000000000000E+00  0.00000000000000E+00  0.00000000000000E+00  0.00000000000000E+00  0.00000000000000E+00
  -0.23099686922423E+06  0.71512999207286E+05 -0.89214063999357E+04 -0.53233414421741E+05  0.12907043928269E+05  0.17457403993246E+04 -0.45740831651121E+04 -0.11146047689571E+05  0.12074838911845E+04  0.10507589644694E+04 -0.87211312915151E+02  0.31458270407290E-02  0.21239391227262E-02 -0.77580421556941E-12  0.41977534078692E+03 -0.11125305724889E+03  0.11156600637506E+03  0.16450448211335E+03  0.81433967416094E+06  0.19301447306694E+03 -0.47704900955519E+06 -0.32533459656464E+04 -0.10719929007309E+05 -0.28509629713865E+05 -0.61808284896532E+03 -0.35818212163029E+04 -0.22396809916494E+05  0.00000000000000E+00  0.00000000000000E+00  0.00000000000000E+00  0.00000000000000E+00  0.00000000000000E+00  0.00000000000000E+00  0.00000000000000E+00  0.00000000000000E+00  0.00000000000000E+00  0.13879409219430E+06  0.00000000000000E+00  0.00000000000000E+00  0.00000000000000E+00  0.00000000000000E+00  0.00000000000000E+00  0.00000000000000E+00
