# fitpack15: fit parameters                                                                         
# CJ15 AV18 final data choices                                                                      
# Created on 01/16/2020 at 18:21:03                                                                 

 # QCD setup
  INS                           0
  NVL                          11
  IORD                          1
  Q02                   1.6899999999999999     
  IPARAMC                       7
  FLAVOR                4.0000000000000000     
  xmc                   1.3000000000000000     
  xmb                   4.5000000000000000     
  ncb                          12
  ihq                           1
  ias                           0

 # Theory corrections
  inuke                     10814
  itmc                          1
  iht                           1

 # fit parameters
 LAMBDA       0.22680        0.0000    
 a0uv          1.9539        0.0000    
 a1uv         0.56848       0.23583E-01
 a2uv          3.5568       0.11679E-01
 a3uv          0.0000        0.0000    
 a4uv          4.5707       0.63084    
 a5uv          0.0000        0.0000    
 a0dv          25.059        0.0000    
 a1dv          1.1574       0.33197E-01
 a2dv          6.6244       0.15925    
 a3dv         -3.5590       0.84869E-01
 a4dv          4.7849       0.13966    
 a5dv          0.0000        0.0000    
 a0ud         0.14199       0.49837E-02
 a1ud        -0.21084       0.38200E-02
 a2ud          8.4266       0.18943    
 a3ud          0.0000        0.0000    
 a4ud          15.782        1.3100    
 a5ud          0.0000        0.0000    
 a0du          35712.        0.0000    
 a1du          4.0837       0.86075E-01
 a2du          20.135       0.95729    
 a3du          17.000        0.0000    
 a4du          52.869        11.862    
 a0g           47.570        0.0000    
 a1g          0.61046       0.32749E-01
 a2g           6.8476       0.97093    
 a3g          -3.3821       0.14899    
 a4g           3.4035       0.38079    
 a5g           0.0000        0.0000    
 kappa        0.40000        0.0000    
 a6dv        -0.39238E-02   0.67197E-03
 a7dv          2.0000        0.0000    
 off1         -2.6921        1.8378    
 off2         0.50965E-01   0.12936E-01
 ht1          -3.5719       0.34751    
 ht2           2.0911       0.12486    
 ht3          -2.0477       0.35547E-01
 ht4           0.0000        0.0000    
 ht1n         -3.7342        1.0404    
 ht2n          1.9987       0.34423    
 ht3n         -2.1238       0.67467E-01
 ht4n          0.0000        0.0000    
 dummy44       0.0000        0.0000    
 dummy45       0.0000        0.0000    
 dummy46       0.0000        0.0000    
 dummy47       0.0000        0.0000    
 dummy48       0.0000        0.0000    
 dummy49       0.0000        0.0000    
 bcdmsh2      0.97003       0.48543E-02
 bcdmsd2      0.99005       0.58556E-02
 ccfr          1.0000        0.0000    
 nutev         1.0000        0.0000    
 zeus         0.97998        0.0000    
 h1            1.0162        0.0000    
 e605          1.0319        0.0000    
 NmcH2         1.0064       0.71343E-02
 ntv_nu        1.0000        0.0000    
 ntv_nubar     1.0000        0.0000    
 cdf_jet      0.98910        0.0000    
 d0_jet       0.83504        0.0000    
 slac_p        1.0020       0.50385E-02
 slac_d        1.0013       0.53136E-02
 e866pp       0.98182       0.19982E-01
 e866pd       0.96975       0.16464E-01
 d0_gamjet     1.0362       0.16488E-01
 h1b          0.97608        0.0000    
 jlab_p       0.99055       0.62871E-02
 jlab_d       0.97451       0.60167E-02
 blank         1.0000        0.0000    
 d0run2       0.94448       0.14211E-01
 cdfrun2      0.93125       0.17322E-01
 HERA_el       1.0000        0.0000    
 HERA_ps       1.0000        0.0000    
 CDF_Z        0.95924       0.66403E-02
 NmcRat        1.0000        0.0000    
 BNS_F2nd     0.98289       0.11805E-01
 HERMES_F2p   0.99590       0.56745E-02
 HERMES_F2d   0.97757       0.58476E-02
 END 0. 0.

 # Hessian matrix (Bevington alpha)
   0.51943096598948E+07 -0.13316439302426E+07  0.19505688711430E+06  0.50404466817578E+06 -0.12795303301494E+06 -0.29717772920108E+05  0.53195770316269E+05  0.98911614226144E+06 -0.18426896423934E+06 -0.50181495617541E+05  0.73132444800768E+04  0.15381407786243E+05  0.17273074318813E+04 -0.10709435534800E+03  0.96677994331976E+04 -0.21502089853194E+04  0.10109930187873E+05  0.72803095155253E+04 -0.78375821897560E+07 -0.16794847410724E+04 -0.99019194238210E+06  0.32052211596600E+05  0.11512879295402E+06  0.19834886030043E+06  0.11251979392462E+05  0.43786601748990E+05  0.22281887732340E+06 -0.13226294816815E+06 -0.56069445305622E+05 -0.52663028190957E+04 -0.86869637879114E+06 -0.11263474429914E+07 -0.20978892534218E+05 -0.47539219654764E+05 -0.32084593930724E+04 -0.20492481018524E+06 -0.23111106576059E+06 -0.92340885750227E+04 -0.32581787534943E+04 -0.18075923416826E+05  0.17113063367125E+05 -0.74374391507367E+05 -0.58621195610659E+05
  -0.13316439302426E+07  0.41661334371232E+06 -0.51080974203770E+05 -0.13736483525670E+06  0.34560130387699E+05  0.10710122639207E+05 -0.11122220913141E+05 -0.12546714544857E+06  0.26447100180056E+05  0.74001286036643E+04 -0.87811831583480E+03 -0.12014874897774E+04 -0.13960829220714E+03  0.12834538301768E+02  0.64404376641424E+03 -0.52863002225647E+02  0.13607505745064E+03  0.74769657737990E+02  0.26233202140846E+07  0.63556269320157E+03  0.28227902864080E+06 -0.61200861171074E+04 -0.25839371524870E+05 -0.49777773730668E+05 -0.25578176145160E+04 -0.10784524996275E+05 -0.60613566104769E+05  0.16794089711108E+05  0.82948775476667E+04 -0.19428911720785E+03  0.21053927469961E+06  0.26621780751603E+06  0.57473419600450E+04  0.13191988620993E+05  0.42275634526913E+03  0.63900968987733E+05  0.71605733619516E+05  0.24380970208544E+04  0.77167079955309E+03 -0.22150107774858E+04 -0.22558591944359E+04  0.86858174569170E+04  0.72973493094005E+04
   0.19505688711430E+06 -0.51080974203770E+05  0.73780519831677E+04  0.18730076679640E+05 -0.48667582464724E+04 -0.13646582243768E+04  0.19169923574573E+04  0.28029995805348E+05 -0.50729926267880E+04 -0.16661475164019E+04  0.21071267717950E+03  0.41762752028794E+03  0.53171913516462E+02 -0.40680484881768E+01 -0.27909780633615E+03 -0.71869357156222E+01 -0.12828110957287E+03 -0.70150549870527E+01 -0.30173966930927E+06 -0.65652830257504E+02 -0.37562661049912E+05  0.11709020113734E+04  0.42163783136101E+04  0.73829103619713E+04  0.41534624310516E+03  0.16228092863694E+04  0.83854636475799E+04 -0.46791288894442E+04 -0.19856022543299E+04  0.18474742770153E+02 -0.31873041301723E+05 -0.41518421828259E+05 -0.79943866104063E+03 -0.18184678197923E+04 -0.10088274750309E+03 -0.79152805119765E+04 -0.89122008599525E+04 -0.34666908525656E+03 -0.12109871824208E+03 -0.65750658831148E+02  0.61049385544359E+03 -0.22226318224287E+04 -0.17934457050862E+04
   0.50404466817578E+06 -0.13736483525670E+06  0.18730076679640E+05  0.40085577857131E+06 -0.62341122165495E+05  0.74337374260085E+05  0.64089433154614E+05  0.36277036636881E+06 -0.27874018921169E+05 -0.18337308437534E+05  0.31852202304529E+04 -0.13965254556071E+04 -0.15048786724524E+03  0.55455187772823E+02  0.30952774438479E+05 -0.37569103466045E+04  0.24536097767929E+05  0.13775614606783E+05 -0.22825249917269E+07 -0.28270209610824E+03 -0.27501876984354E+06  0.11932788052620E+05  0.35370164578123E+05  0.82382603243612E+05  0.38423333990215E+04  0.14023683072115E+05  0.61798952764003E+05 -0.12876785501356E+05 -0.21332049663483E+05 -0.68023430399644E+02 -0.66375190204488E+05 -0.34460640180756E+06 -0.13671168063523E+04 -0.24936021405728E+04 -0.70809096948698E+02 -0.11784772358288E+05 -0.53183325460191E+05 -0.24816852712443E+04 -0.96423007954229E+03 -0.98267210485099E+04 -0.15886677995719E+05 -0.72633733342691E+04 -0.21520796618951E+05
  -0.12795303301494E+06  0.34560130387699E+05 -0.48667582464724E+04 -0.62341122165495E+05  0.11447874946874E+05 -0.74473361791231E+04 -0.91261796523133E+04 -0.33366710153727E+05  0.51284792242457E+03  0.23627882688727E+04 -0.31795890671497E+03 -0.20313626948700E+02  0.50414469129698E+01 -0.49406264174311E+01 -0.25975975958320E+04  0.31981202126981E+03 -0.20065719063697E+04 -0.11412787489569E+04  0.48877791705569E+06  0.79266842778965E+02  0.56531992311647E+05 -0.21981731223618E+04 -0.65408286960783E+04 -0.15698055400973E+05 -0.66862187747157E+03 -0.24909040121357E+04 -0.12071241818854E+05  0.19995780255618E+04  0.33635054470004E+04 -0.57293599430326E+02  0.11792540464921E+05  0.62596385207897E+05  0.32036071326534E+03  0.56399668604814E+03  0.89593240549793E+01  0.29011895544299E+04  0.12919773426887E+05  0.46617076427679E+03  0.17275111379635E+03  0.37031099540752E+03  0.25091940572679E+04  0.81530954581859E+03  0.25158139868988E+04
  -0.29717772920108E+05  0.10710122639207E+05 -0.13646582243768E+04  0.74337374260085E+05 -0.74473361791231E+04  0.24473071221957E+05  0.14601324293097E+05  0.11088098583235E+06 -0.10479511323440E+05 -0.45835488788506E+04  0.95435451479479E+03 -0.71461331300903E+03 -0.67258938934927E+02  0.18865750078216E+02  0.95001141077531E+04 -0.11845307564579E+04  0.76177484783488E+04  0.43413933538150E+04 -0.44426972953023E+05  0.52687111215943E+02 -0.15299049270334E+05  0.13806884307224E+04  0.39094800889171E+04  0.77174323316231E+04  0.54892910090321E+03  0.18221342245700E+04  0.48989789716674E+04 -0.27440257895734E+04 -0.42055545744460E+04  0.15253860127153E+03 -0.84604158308786E+04 -0.41182033077059E+05  0.14316969204857E+02 -0.82850102824994E+01 -0.18776748655851E+02  0.46476552672156E+03  0.17860812221975E+04 -0.24650514291780E+03 -0.12703822953165E+03 -0.31665209096893E+04 -0.32742878679452E+04 -0.18632322193137E+04 -0.53489589028192E+04
   0.53195770316269E+05 -0.11122220913141E+05  0.19169923574573E+04  0.64089433154614E+05 -0.91261796523133E+04  0.14601324293097E+05  0.11349141682452E+05  0.61092874925646E+05 -0.34751328681715E+04 -0.32633912806705E+04  0.55368312990999E+03 -0.23294275523396E+03 -0.27050903363008E+02  0.98964856011619E+01  0.48756140903374E+04 -0.61609452461731E+03  0.38006177307783E+04  0.21930697009789E+04 -0.24070609043030E+06 -0.77223946462681E+01 -0.34785662129385E+05  0.17861111577844E+04  0.51426911462272E+04  0.11416796594408E+05  0.61172398691063E+03  0.21205395639422E+04  0.81614272095443E+04 -0.24661691656171E+04 -0.38640769880906E+04  0.13808082964737E+03 -0.98464057421549E+04 -0.51285453520929E+05 -0.15427645327902E+03 -0.27404176604459E+03 -0.13111329880321E+02 -0.98057467918180E+03 -0.45719134235904E+04 -0.35524653127181E+03 -0.15010044169726E+03 -0.13437353375895E+04 -0.31236312245659E+04 -0.11503569998279E+04 -0.34231334804305E+04
   0.98911614226144E+06 -0.12546714544857E+06  0.28029995805348E+05  0.36277036636881E+06 -0.33366710153727E+05  0.11088098583235E+06  0.61092874925646E+05  0.53866238411015E+07 -0.24090590696843E+07 -0.89466835481022E+05  0.25983218187139E+05  0.26556097164590E+05  0.17973377278674E+04  0.99439782751857E+02  0.89160025322672E+05 -0.11303654941689E+05  0.81632183786380E+05  0.44244909318726E+05 -0.59049238120028E+06  0.36511743862291E+03 -0.11774597082567E+06  0.17874968276954E+05  0.58579915748514E+05  0.94752704826941E+05  0.62172553997584E+04  0.22874055426432E+05  0.69973405440248E+05 -0.63158983524422E+05 -0.50624254997681E+05 -0.70403737159885E+05 -0.29580384744173E+06 -0.58141801110585E+06 -0.73966212659226E+05 -0.16645972293509E+06 -0.14119774151356E+04 -0.56728807190146E+04 -0.11185522420767E+05  0.23336372643578E+03  0.25280925747480E+03 -0.27442618389153E+06 -0.87707319516914E+04 -0.14463162746330E+06 -0.17839230542050E+06
  -0.18426896423934E+06  0.26447100180056E+05 -0.50729926267880E+04 -0.27874018921169E+05  0.51284792242457E+03 -0.10479511323440E+05 -0.34751328681715E+04 -0.24090590696843E+07  0.19292703391866E+07  0.19483236350824E+05 -0.64089240140666E+04 -0.55737038302705E+04 -0.30801853469397E+03 -0.13965514487044E+02  0.48013522746943E+05 -0.22214957363614E+04  0.14550787475792E+05  0.69397023314098E+04 -0.26089391080203E+05 -0.94287476690798E+02  0.20557176073519E+04 -0.35412017600051E+04 -0.12154735025181E+05 -0.18591684284929E+05 -0.12737178826305E+04 -0.48543718935921E+04 -0.13423476555415E+05  0.11581137403902E+05  0.10932813535297E+05  0.24740201082162E+05  0.67166106336428E+05  0.12765939405368E+06  0.22906212694324E+05  0.51623718809626E+05  0.19110764365310E+03  0.59479253297981E+03  0.12079986179654E+04 -0.12466797575033E+04 -0.69360224178431E+03  0.11309040000067E+06  0.15673545423791E+04  0.45276879348639E+05  0.55306696552030E+05
  -0.50181495617541E+05  0.74001286036643E+04 -0.16661475164019E+04 -0.18337308437534E+05  0.23627882688727E+04 -0.45835488788506E+04 -0.32633912806705E+04 -0.89466835481022E+05  0.19483236350824E+05  0.26628571827064E+04 -0.61426142565141E+03 -0.66145245065206E+03 -0.58786712470233E+02 -0.17809799176641E+01 -0.40258018558661E+04  0.49115885351497E+03 -0.32150014339835E+04 -0.18223067028208E+04  0.56806098082487E+05 -0.65202548067256E+01  0.10396907268957E+05 -0.78197872121373E+03 -0.24181247139092E+04 -0.42221930490110E+04 -0.26096384924242E+03 -0.92275866781723E+03 -0.32559227877605E+04  0.27567188021836E+04  0.19035924552965E+04  0.73775274234467E+03  0.11039809846519E+05  0.22949420210559E+05  0.14965311769734E+04  0.33091058668279E+04  0.43763653372309E+02  0.55441298871032E+03  0.10557565543601E+04  0.12997603719405E+03  0.57873894303273E+02  0.31405830972219E+04  0.43535152695318E+03  0.28401308181284E+04  0.35906302685491E+04
   0.73132444800768E+04 -0.87811831583480E+03  0.21071267717950E+03  0.31852202304529E+04 -0.31795890671497E+03  0.95435451479479E+03  0.55368312990999E+03  0.25983218187139E+05 -0.64089240140666E+04 -0.61426142565141E+03  0.16617991322908E+03  0.18581226408354E+03  0.13585737912416E+02  0.66245453259167E+00  0.12224776849945E+04 -0.13531977553031E+03  0.94508242932990E+03  0.51455654280303E+03 -0.60517578925777E+04  0.23766678648318E+01 -0.10939849309643E+04  0.12680038697869E+03  0.40914009288402E+03  0.67374363442318E+03  0.43604127725630E+02  0.15837126672506E+03  0.50048025342457E+03 -0.46184890559942E+03 -0.34839316528228E+03 -0.33438406102667E+03 -0.19941643362163E+04 -0.39685879301803E+04 -0.41663492954301E+03 -0.93801326435824E+03 -0.10805513130041E+02 -0.44603600048824E+02 -0.87777506578874E+02 -0.13204091093133E+02 -0.61980987621929E+01 -0.11301502069938E+04 -0.64027495755409E+02 -0.81281950924941E+03 -0.10098711053936E+04
   0.15381407786243E+05 -0.12014874897774E+04  0.41762752028794E+03 -0.13965254556071E+04 -0.20313626948700E+02 -0.71461331300903E+03 -0.23294275523396E+03  0.26556097164590E+05 -0.55737038302705E+04 -0.66145245065206E+03  0.18581226408354E+03  0.15681510343959E+04  0.10453740955951E+03 -0.11536670304002E+01  0.13709548911982E+04 -0.19211604410801E+03  0.13299692158516E+04  0.77235723191812E+03 -0.60505902016228E+04 -0.49938535130626E+01 -0.49405662170351E+03  0.72377883777097E+01  0.17400373222437E+03 -0.40701001326712E+03 -0.22245002737098E+02 -0.91502465848295E+02 -0.23433691482232E+03 -0.11158710450442E+04 -0.76648505633031E-01 -0.68626558878263E+03 -0.49755516660189E+04 -0.17062709857154E+02 -0.22467531905208E+04 -0.69178179888224E+02 -0.77498478715672E+02 -0.20477989475006E+00  0.28246382470917E-02 -0.17035044666911E+01 -0.72911712948823E+00  0.29200366669385E+03  0.30455927181211E+03 -0.26704309993073E+04 -0.46037153841401E+01
   0.17273074318813E+04 -0.13960829220714E+03  0.53171913516462E+02 -0.15048786724524E+03  0.50414469129698E+01 -0.67258938934927E+02 -0.27050903363008E+02  0.17973377278674E+04 -0.30801853469397E+03 -0.58786712470233E+02  0.13585737912416E+02  0.10453740955951E+03  0.94737864843803E+01 -0.16948199217747E+00  0.76796463858356E+02 -0.12903755149310E+02  0.78422030118575E+02  0.49714834968979E+02 -0.28993354413456E+03 -0.40544142827371E+00  0.19446832843070E+02  0.28889133834264E+01  0.23290428641917E+02 -0.43465392227673E+02 -0.23942302339829E+01 -0.91924458339256E+01 -0.18931852993211E+02 -0.16427190692484E+03 -0.10187394304440E-01 -0.27034827235153E+02 -0.58575276998082E+03 -0.19787777269716E+01 -0.14168106218285E+03 -0.18145168582055E+02 -0.63039402183244E+01 -0.14634591615030E+00  0.19509976415231E-02 -0.18036037926320E+00 -0.69990628446809E-01  0.28881071001688E+02  0.68056578650954E+02 -0.19367564388580E+03 -0.36330784223497E+00
  -0.10709435534800E+03  0.12834538301768E+02 -0.40680484881768E+01  0.55455187772823E+02 -0.49406264174311E+01  0.18865750078216E+02  0.98964856011619E+01  0.99439782751857E+02 -0.13965514487044E+02 -0.17809799176641E+01  0.66245453259167E+00 -0.11536670304002E+01 -0.16948199217747E+00  0.49545322681607E-01  0.14254512966068E+02 -0.11034922852936E+01  0.85516633812122E+01  0.40302870722796E+01 -0.80774935360621E+02  0.19909993304970E-01 -0.17999457513201E+02  0.26989247614497E+00  0.68968040543141E+00  0.25153811375464E+01  0.10867545467868E+00  0.36510611226993E+00  0.16580870482732E+01  0.68879553431971E-01 -0.25055589001857E-04 -0.59920665192759E+01 -0.76637359899326E+00 -0.19253858803260E-02 -0.31650601577643E+01 -0.15035181243307E-04 -0.13749329157053E+00  0.20615470378226E-13 -0.10036341165900E-11 -0.16531602121505E-02 -0.90760090972317E-03 -0.15804345380498E+01  0.43131697523157E-04 -0.31032659936326E+01 -0.34713913550804E-02
   0.96677994331976E+04  0.64404376641424E+03 -0.27909780633615E+03  0.30952774438479E+05 -0.25975975958320E+04  0.95001141077531E+04  0.48756140903374E+04  0.89160025322672E+05  0.48013522746943E+05 -0.40258018558661E+04  0.12224776849945E+04  0.13709548911982E+04  0.76796463858356E+02  0.14254512966068E+02  0.49600018676605E+05 -0.46149993590214E+04  0.32944117369356E+05  0.17169064438300E+05 -0.55385774012146E+05  0.31608519602120E+01  0.33760225625837E+04 -0.12556934316538E+03 -0.39448255925596E+03 -0.33194217673329E+03 -0.40636562558762E+02 -0.14336142379065E+03 -0.36043994091700E+03 -0.26920007975168E+04 -0.17659744876737E+04 -0.24896697009204E+04  0.20262857663376E+04  0.43716696296289E+04 -0.14782345880702E+04 -0.29340297519401E+04 -0.72740646027984E+03  0.22769890942278E+03  0.41099178963129E+03 -0.28578666770910E+04 -0.15203038152660E+04 -0.24085370107402E+04  0.19406521184733E+03 -0.89459093649409E+03 -0.10079201591182E+04
  -0.21502089853194E+04 -0.52863002225647E+02 -0.71869357156222E+01 -0.37569103466045E+04  0.31981202126981E+03 -0.11845307564579E+04 -0.61609452461731E+03 -0.11303654941689E+05 -0.22214957363614E+04  0.49115885351497E+03 -0.13531977553031E+03 -0.19211604410801E+03 -0.12903755149310E+02 -0.11034922852936E+01 -0.46149993590214E+04  0.49906451927524E+03 -0.34638521124538E+04 -0.18810232406683E+04  0.64783550752989E+04 -0.10125528556301E+01 -0.51471069151371E+03  0.12869595228916E+02  0.36039286023346E+02  0.11305345210660E+02  0.39718776441400E+01  0.13409725009909E+02  0.36752846303892E+02  0.49523106505119E+03  0.31034442666560E+03  0.28759525676985E+03 -0.16878112302917E+03 -0.50643031185356E+03  0.15303599356646E+03  0.30280277294762E+03  0.80451871594306E+02 -0.61131812562896E+02 -0.10883869476079E+03  0.43334321921331E+03  0.21488487796974E+03 -0.30003860675740E+03 -0.35024617543343E+02  0.24928539044401E+03  0.27932206291708E+03
   0.10109930187873E+05  0.13607505745064E+03 -0.12828110957287E+03  0.24536097767929E+05 -0.20065719063697E+04  0.76177484783488E+04  0.38006177307783E+04  0.81632183786380E+05  0.14550787475792E+05 -0.32150014339835E+04  0.94508242932990E+03  0.13299692158516E+04  0.78422030118575E+02  0.85516633812122E+01  0.32944117369356E+05 -0.34638521124538E+04  0.24594227976783E+05  0.13169761551916E+05 -0.44232546214152E+05  0.12269548992621E+01  0.30658931190439E+04 -0.13648057394884E+03 -0.41454665347884E+03 -0.40767787485949E+03 -0.45306646508482E+02 -0.15143500222675E+03 -0.35539489446286E+03 -0.22537384982791E+04 -0.14692288414711E+04 -0.23333797467931E+04  0.20072327941856E+04  0.41204292260673E+04 -0.11592677445690E+04 -0.23073063156475E+04 -0.55872519572508E+03  0.52392458205842E+02  0.10516369694494E+03 -0.22992137362818E+04 -0.12486508465454E+04  0.90827080227940E+03  0.18881974580655E+03 -0.14052762341924E+04 -0.15632964341746E+04
   0.72803095155253E+04  0.74769657737990E+02 -0.70150549870527E+01  0.13775614606783E+05 -0.11412787489569E+04  0.43413933538150E+04  0.21930697009789E+04  0.44244909318726E+05  0.69397023314098E+04 -0.18223067028208E+04  0.51455654280303E+03  0.77235723191812E+03  0.49714834968979E+02  0.40302870722796E+01  0.17169064438300E+05 -0.18810232406683E+04  0.13169761551916E+05  0.71564406824043E+04 -0.24647901990041E+05  0.19790945457286E+01  0.19135657541128E+04 -0.72986251118111E+02 -0.20919110800216E+03 -0.17066756068317E+03 -0.23886973982711E+02 -0.77297042747570E+02 -0.18368673903611E+03 -0.16159665615793E+04 -0.10199755705971E+04 -0.11766640002128E+04  0.94911470361562E+03  0.22771128150442E+04 -0.58777481669148E+03 -0.11712400942372E+04 -0.30838824118032E+03  0.84231014940697E+02  0.15758548086001E+03 -0.14931595127006E+04 -0.77730504208897E+03  0.11865849598484E+04  0.13699455643909E+03 -0.10062188967045E+04 -0.11193325949274E+04
  -0.78375821897560E+07  0.26233202140846E+07 -0.30173966930927E+06 -0.22825249917269E+07  0.48877791705569E+06 -0.44426972953023E+05 -0.24070609043030E+06 -0.59049238120028E+06 -0.26089391080203E+05  0.56806098082487E+05 -0.60517578925777E+04 -0.60505902016228E+04 -0.28993354413456E+03 -0.80774935360621E+02 -0.55385774012146E+05  0.64783550752989E+04 -0.44232546214152E+05 -0.24647901990041E+05  0.34064240590409E+08  0.74040196367401E+04  0.31960351431703E+07 -0.94634171207138E+05 -0.31240812759812E+06 -0.80757499566739E+06 -0.27026230073467E+05 -0.11591338107266E+06 -0.66163663583237E+06  0.34459890850331E+05  0.76623799959158E+05 -0.12240236965121E+04  0.57071377655547E+06  0.28096142730367E+07  0.17206806726439E+05  0.31623483149417E+05  0.21250006574405E+03  0.18585026535144E+06  0.82039903409752E+06  0.24542450421263E+05  0.77211363885937E+04 -0.18553320243022E+05  0.45006865757291E+05  0.20761041530692E+05  0.64560619041400E+05
  -0.16794847410724E+04  0.63556269320157E+03 -0.65652830257504E+02 -0.28270209610824E+03  0.79266842778965E+02  0.52687111215943E+02 -0.77223946462681E+01  0.36511743862291E+03 -0.94287476690798E+02 -0.65202548067256E+01  0.23766678648318E+01 -0.49938535130626E+01 -0.40544142827371E+00  0.19909993304970E-01  0.31608519602120E+01 -0.10125528556301E+01  0.12269548992621E+01  0.19790945457286E+01  0.74040196367401E+04  0.27235526145600E+01  0.82454983032417E+03 -0.21036136795585E+02 -0.68851958987697E+02 -0.20125993845659E+03 -0.41701379051035E+01 -0.21777864611639E+02 -0.15555569047176E+03  0.00000000000000E+00 -0.20300698906026E+02  0.00000000000000E+00  0.00000000000000E+00  0.54389663194703E+03  0.00000000000000E+00 -0.88423741498984E+01  0.00000000000000E+00  0.00000000000000E+00  0.24391048959207E+03  0.00000000000000E+00  0.00000000000000E+00  0.00000000000000E+00  0.69205902428652E+01  0.00000000000000E+00 -0.22909685477142E+02
  -0.99019194238210E+06  0.28227902864080E+06 -0.37562661049912E+05 -0.27501876984354E+06  0.56531992311647E+05 -0.15299049270334E+05 -0.34785662129385E+05 -0.11774597082567E+06  0.20557176073519E+04  0.10396907268957E+05 -0.10939849309643E+04 -0.49405662170351E+03  0.19446832843070E+02 -0.17999457513201E+02  0.33760225625837E+04 -0.51471069151371E+03  0.30658931190439E+04  0.19135657541128E+04  0.31960351431703E+07  0.82454983032417E+03  0.53462350985043E+06 -0.20298416195981E+05 -0.59857202268151E+05 -0.15601902877144E+06 -0.56983226910757E+04 -0.21824840549931E+05 -0.11531963608387E+06  0.00000000000000E+00  0.21115990334682E+05  0.00000000000000E+00  0.00000000000000E+00  0.51466190945152E+06  0.00000000000000E+00 -0.49221051257099E+04  0.00000000000000E+00  0.00000000000000E+00  0.10632011399543E+06  0.00000000000000E+00  0.00000000000000E+00  0.00000000000000E+00 -0.18409184871203E+05  0.00000000000000E+00  0.17574369842748E+05
   0.32052211596600E+05 -0.61200861171074E+04  0.11709020113734E+04  0.11932788052620E+05 -0.21981731223618E+04  0.13806884307224E+04  0.17861111577844E+04  0.17874968276954E+05 -0.35412017600051E+04 -0.78197872121373E+03  0.12680038697869E+03  0.72377883777097E+01  0.28889133834264E+01  0.26989247614497E+00 -0.12556934316538E+03  0.12869595228916E+02 -0.13648057394884E+03 -0.72986251118111E+02 -0.94634171207138E+05 -0.21036136795585E+02 -0.20298416195981E+05  0.10737915219098E+04  0.29461299044130E+04  0.73535336306239E+04  0.28191497412970E+03  0.10145839667289E+04  0.48887494740900E+04 -0.46104313290772E+02 -0.12848891283134E+04  0.43981547021524E+01  0.59118441939595E+03 -0.24792221830842E+05  0.00000000000000E+00 -0.11958359299056E+03  0.00000000000000E+00  0.20495686451068E+04 -0.28356752908033E+04  0.00000000000000E+00  0.00000000000000E+00  0.00000000000000E+00  0.11982232580332E+04 -0.30413434607304E+03 -0.16627013665152E+04
   0.11512879295402E+06 -0.25839371524870E+05  0.42163783136101E+04  0.35370164578123E+05 -0.65408286960783E+04  0.39094800889171E+04  0.51426911462272E+04  0.58579915748514E+05 -0.12154735025181E+05 -0.24181247139092E+04  0.40914009288402E+03  0.17400373222437E+03  0.23290428641917E+02  0.68968040543141E+00 -0.39448255925596E+03  0.36039286023346E+02 -0.41454665347884E+03 -0.20919110800216E+03 -0.31240812759812E+06 -0.68851958987697E+02 -0.59857202268151E+05  0.29461299044130E+04  0.85249232065086E+04  0.20247457683606E+05  0.80348882326934E+03  0.29542151409162E+04  0.14313959791889E+05 -0.15153317219642E+03 -0.34034776757646E+04 -0.17335201742467E+02 -0.57514694327988E+04 -0.72130220081077E+05  0.00000000000000E+00 -0.31519847197660E+03  0.00000000000000E+00  0.30560613532717E+04 -0.96078063068705E+04  0.00000000000000E+00  0.00000000000000E+00  0.00000000000000E+00  0.34936517876258E+04 -0.17586526968105E+04 -0.49408457310712E+04
   0.19834886030043E+06 -0.49777773730668E+05  0.73829103619713E+04  0.82382603243612E+05 -0.15698055400973E+05  0.77174323316231E+04  0.11416796594408E+05  0.94752704826941E+05 -0.18591684284929E+05 -0.42221930490110E+04  0.67374363442318E+03 -0.40701001326712E+03 -0.43465392227673E+02  0.25153811375464E+01 -0.33194217673329E+03  0.11305345210660E+02 -0.40767787485949E+03 -0.17066756068317E+03 -0.80757499566739E+06 -0.20125993845659E+03 -0.15601902877144E+06  0.73535336306239E+04  0.20247457683606E+05  0.57454445574808E+05  0.19938343672828E+04  0.73841603317148E+04  0.36863174006329E+05  0.23570102401016E+03 -0.10671105787690E+05 -0.43851467888042E+01  0.37170157596131E+05 -0.17390616509681E+06  0.00000000000000E+00 -0.10131695258677E+04  0.00000000000000E+00  0.16278750222451E+05 -0.24929040938513E+05  0.00000000000000E+00  0.00000000000000E+00  0.00000000000000E+00  0.56966051885150E+04  0.14697478897347E+04 -0.11621202745024E+05
   0.11251979392462E+05 -0.25578176145160E+04  0.41534624310516E+03  0.38423333990215E+04 -0.66862187747157E+03  0.54892910090321E+03  0.61172398691063E+03  0.62172553997584E+04 -0.12737178826305E+04 -0.26096384924242E+03  0.43604127725630E+02 -0.22245002737098E+02 -0.23942302339829E+01  0.10867545467868E+00 -0.40636562558762E+02  0.39718776441400E+01 -0.45306646508482E+02 -0.23886973982711E+02 -0.27026230073467E+05 -0.41701379051035E+01 -0.56983226910757E+04  0.28191497412970E+03  0.80348882326934E+03  0.19938343672828E+04  0.95446157450080E+02  0.33569532869818E+03  0.14121766254885E+04  0.00000000000000E+00 -0.40664107380582E+03  0.00000000000000E+00  0.00000000000000E+00 -0.80029410992464E+04  0.00000000000000E+00 -0.37413696176400E+02  0.00000000000000E+00  0.00000000000000E+00 -0.50825608432228E+03  0.00000000000000E+00  0.00000000000000E+00  0.00000000000000E+00  0.16187364336467E+02  0.00000000000000E+00 -0.61811508855395E+03
   0.43786601748990E+05 -0.10784524996275E+05  0.16228092863694E+04  0.14023683072115E+05 -0.24909040121357E+04  0.18221342245700E+04  0.21205395639422E+04  0.22874055426432E+05 -0.48543718935921E+04 -0.92275866781723E+03  0.15837126672506E+03 -0.91502465848295E+02 -0.91924458339256E+01  0.36510611226993E+00 -0.14336142379065E+03  0.13409725009909E+02 -0.15143500222675E+03 -0.77297042747570E+02 -0.11591338107266E+06 -0.21777864611639E+02 -0.21824840549931E+05  0.10145839667289E+04  0.29542151409162E+04  0.73841603317148E+04  0.33569532869818E+03  0.12308926112479E+04  0.52838398099054E+04  0.00000000000000E+00 -0.12940878814629E+04  0.00000000000000E+00  0.00000000000000E+00 -0.28993262435481E+05  0.00000000000000E+00 -0.11845011780610E+03  0.00000000000000E+00  0.00000000000000E+00 -0.31687583371309E+04  0.00000000000000E+00  0.00000000000000E+00  0.00000000000000E+00 -0.66999383917082E+02  0.00000000000000E+00 -0.22775164817444E+04
   0.22281887732340E+06 -0.60613566104769E+05  0.83854636475799E+04  0.61798952764003E+05 -0.12071241818854E+05  0.48989789716674E+04  0.81614272095443E+04  0.69973405440248E+05 -0.13423476555415E+05 -0.32559227877605E+04  0.50048025342457E+03 -0.23433691482232E+03 -0.18931852993211E+02  0.16580870482732E+01 -0.36043994091700E+03  0.36752846303892E+02 -0.35539489446286E+03 -0.18368673903611E+03 -0.66163663583237E+06 -0.15555569047176E+03 -0.11531963608387E+06  0.48887494740900E+04  0.14313959791889E+05  0.36863174006329E+05  0.14121766254885E+04  0.52838398099054E+04  0.27383593763564E+05  0.00000000000000E+00 -0.73229257065402E+04  0.00000000000000E+00  0.00000000000000E+00 -0.12380020503299E+06  0.00000000000000E+00 -0.69528985463064E+03  0.00000000000000E+00  0.00000000000000E+00 -0.19869370656924E+05  0.00000000000000E+00  0.00000000000000E+00  0.00000000000000E+00  0.77934187608846E+04  0.00000000000000E+00 -0.80012946948551E+04
  -0.13226294816815E+06  0.16794089711108E+05 -0.46791288894442E+04 -0.12876785501356E+05  0.19995780255618E+04 -0.27440257895734E+04 -0.24661691656171E+04 -0.63158983524422E+05  0.11581137403902E+05  0.27567188021836E+04 -0.46184890559942E+03 -0.11158710450442E+04 -0.16427190692484E+03  0.68879553431971E-01 -0.26920007975168E+04  0.49523106505119E+03 -0.22537384982791E+04 -0.16159665615793E+04  0.34459890850331E+05  0.00000000000000E+00  0.00000000000000E+00 -0.46104313290772E+02 -0.15153317219642E+03  0.23570102401016E+03  0.00000000000000E+00  0.00000000000000E+00  0.00000000000000E+00  0.11696068629341E+06  0.00000000000000E+00  0.00000000000000E+00  0.00000000000000E+00  0.00000000000000E+00  0.00000000000000E+00  0.00000000000000E+00  0.00000000000000E+00  0.00000000000000E+00  0.00000000000000E+00  0.00000000000000E+00  0.00000000000000E+00  0.00000000000000E+00  0.00000000000000E+00  0.00000000000000E+00  0.00000000000000E+00
  -0.56069445305622E+05  0.82948775476667E+04 -0.19856022543299E+04 -0.21332049663483E+05  0.33635054470004E+04 -0.42055545744460E+04 -0.38640769880906E+04 -0.50624254997681E+05  0.10932813535297E+05  0.19035924552965E+04 -0.34839316528228E+03 -0.76648505633031E-01 -0.10187394304440E-01 -0.25055589001857E-04 -0.17659744876737E+04  0.31034442666560E+03 -0.14692288414711E+04 -0.10199755705971E+04  0.76623799959158E+05 -0.20300698906026E+02  0.21115990334682E+05 -0.12848891283134E+04 -0.34034776757646E+04 -0.10671105787690E+05 -0.40664107380582E+03 -0.12940878814629E+04 -0.73229257065402E+04  0.00000000000000E+00  0.64996432817858E+05  0.00000000000000E+00  0.00000000000000E+00  0.00000000000000E+00  0.00000000000000E+00  0.00000000000000E+00  0.00000000000000E+00  0.00000000000000E+00  0.00000000000000E+00  0.00000000000000E+00  0.00000000000000E+00  0.00000000000000E+00  0.00000000000000E+00  0.00000000000000E+00  0.00000000000000E+00
  -0.52663028190957E+04 -0.19428911720785E+03  0.18474742770153E+02 -0.68023430399644E+02 -0.57293599430326E+02  0.15253860127153E+03  0.13808082964737E+03 -0.70403737159885E+05  0.24740201082162E+05  0.73775274234467E+03 -0.33438406102667E+03 -0.68626558878263E+03 -0.27034827235153E+02 -0.59920665192759E+01 -0.24896697009204E+04  0.28759525676985E+03 -0.23333797467931E+04 -0.11766640002128E+04 -0.12240236965121E+04  0.00000000000000E+00  0.00000000000000E+00  0.43981547021524E+01 -0.17335201742467E+02 -0.43851467888042E+01  0.00000000000000E+00  0.00000000000000E+00  0.00000000000000E+00  0.00000000000000E+00  0.00000000000000E+00  0.30806384436817E+05  0.00000000000000E+00  0.00000000000000E+00  0.00000000000000E+00  0.00000000000000E+00  0.00000000000000E+00  0.00000000000000E+00  0.00000000000000E+00  0.00000000000000E+00  0.00000000000000E+00  0.00000000000000E+00  0.00000000000000E+00  0.00000000000000E+00  0.00000000000000E+00
  -0.86869637879114E+06  0.21053927469961E+06 -0.31873041301723E+05 -0.66375190204488E+05  0.11792540464921E+05 -0.84604158308786E+04 -0.98464057421549E+04 -0.29580384744173E+06  0.67166106336428E+05  0.11039809846519E+05 -0.19941643362163E+04 -0.49755516660189E+04 -0.58575276998082E+03 -0.76637359899326E+00  0.20262857663376E+04 -0.16878112302917E+03  0.20072327941856E+04  0.94911470361562E+03  0.57071377655547E+06  0.00000000000000E+00  0.00000000000000E+00  0.59118441939595E+03 -0.57514694327988E+04  0.37170157596131E+05  0.00000000000000E+00  0.00000000000000E+00  0.00000000000000E+00  0.00000000000000E+00  0.00000000000000E+00  0.00000000000000E+00  0.58073208672618E+06  0.00000000000000E+00  0.00000000000000E+00  0.00000000000000E+00  0.00000000000000E+00  0.00000000000000E+00  0.00000000000000E+00  0.00000000000000E+00  0.00000000000000E+00  0.00000000000000E+00  0.00000000000000E+00  0.00000000000000E+00  0.00000000000000E+00
  -0.11263474429914E+07  0.26621780751603E+06 -0.41518421828259E+05 -0.34460640180756E+06  0.62596385207897E+05 -0.41182033077059E+05 -0.51285453520929E+05 -0.58141801110585E+06  0.12765939405368E+06  0.22949420210559E+05 -0.39685879301803E+04 -0.17062709857154E+02 -0.19787777269716E+01 -0.19253858803260E-02  0.43716696296289E+04 -0.50643031185356E+03  0.41204292260673E+04  0.22771128150442E+04  0.28096142730367E+07  0.54389663194703E+03  0.51466190945152E+06 -0.24792221830842E+05 -0.72130220081077E+05 -0.17390616509681E+06 -0.80029410992464E+04 -0.28993262435481E+05 -0.12380020503299E+06  0.00000000000000E+00  0.00000000000000E+00  0.00000000000000E+00  0.00000000000000E+00  0.92338545794537E+06  0.00000000000000E+00  0.00000000000000E+00  0.00000000000000E+00  0.00000000000000E+00  0.00000000000000E+00  0.00000000000000E+00  0.00000000000000E+00  0.00000000000000E+00  0.00000000000000E+00  0.00000000000000E+00  0.00000000000000E+00
  -0.20978892534218E+05  0.57473419600450E+04 -0.79943866104063E+03 -0.13671168063523E+04  0.32036071326534E+03  0.14316969204857E+02 -0.15427645327902E+03 -0.73966212659226E+05  0.22906212694324E+05  0.14965311769734E+04 -0.41663492954301E+03 -0.22467531905208E+04 -0.14168106218285E+03 -0.31650601577643E+01 -0.14782345880702E+04  0.15303599356646E+03 -0.11592677445690E+04 -0.58777481669148E+03  0.17206806726439E+05  0.00000000000000E+00  0.00000000000000E+00  0.00000000000000E+00  0.00000000000000E+00  0.00000000000000E+00  0.00000000000000E+00  0.00000000000000E+00  0.00000000000000E+00  0.00000000000000E+00  0.00000000000000E+00  0.00000000000000E+00  0.00000000000000E+00  0.00000000000000E+00  0.14299211064924E+05  0.00000000000000E+00  0.00000000000000E+00  0.00000000000000E+00  0.00000000000000E+00  0.00000000000000E+00  0.00000000000000E+00  0.00000000000000E+00  0.00000000000000E+00  0.00000000000000E+00  0.00000000000000E+00
  -0.47539219654764E+05  0.13191988620993E+05 -0.18184678197923E+04 -0.24936021405728E+04  0.56399668604814E+03 -0.82850102824994E+01 -0.27404176604459E+03 -0.16645972293509E+06  0.51623718809626E+05  0.33091058668279E+04 -0.93801326435824E+03 -0.69178179888224E+02 -0.18145168582055E+02 -0.15035181243307E-04 -0.29340297519401E+04  0.30280277294762E+03 -0.23073063156475E+04 -0.11712400942372E+04  0.31623483149417E+05 -0.88423741498984E+01 -0.49221051257099E+04 -0.11958359299056E+03 -0.31519847197660E+03 -0.10131695258677E+04 -0.37413696176400E+02 -0.11845011780610E+03 -0.69528985463064E+03  0.00000000000000E+00  0.00000000000000E+00  0.00000000000000E+00  0.00000000000000E+00  0.00000000000000E+00  0.00000000000000E+00  0.31408245751124E+05  0.00000000000000E+00  0.00000000000000E+00  0.00000000000000E+00  0.00000000000000E+00  0.00000000000000E+00  0.00000000000000E+00  0.00000000000000E+00  0.00000000000000E+00  0.00000000000000E+00
  -0.32084593930724E+04  0.42275634526913E+03 -0.10088274750309E+03 -0.70809096948698E+02  0.89593240549793E+01 -0.18776748655851E+02 -0.13111329880321E+02 -0.14119774151356E+04  0.19110764365310E+03  0.43763653372309E+02 -0.10805513130041E+02 -0.77498478715672E+02 -0.63039402183244E+01 -0.13749329157053E+00 -0.72740646027984E+03  0.80451871594306E+02 -0.55872519572508E+03 -0.30838824118032E+03  0.21250006574405E+03  0.00000000000000E+00  0.00000000000000E+00  0.00000000000000E+00  0.00000000000000E+00  0.00000000000000E+00  0.00000000000000E+00  0.00000000000000E+00  0.00000000000000E+00  0.00000000000000E+00  0.00000000000000E+00  0.00000000000000E+00  0.00000000000000E+00  0.00000000000000E+00  0.00000000000000E+00  0.00000000000000E+00  0.37989027602837E+04  0.00000000000000E+00  0.00000000000000E+00  0.00000000000000E+00  0.00000000000000E+00  0.00000000000000E+00  0.00000000000000E+00  0.00000000000000E+00  0.00000000000000E+00
  -0.20492481018524E+06  0.63900968987733E+05 -0.79152805119765E+04 -0.11784772358288E+05  0.29011895544299E+04  0.46476552672156E+03 -0.98057467918180E+03 -0.56728807190146E+04  0.59479253297981E+03  0.55441298871032E+03 -0.44603600048824E+02 -0.20477989475006E+00 -0.14634591615030E+00  0.20615470378226E-13  0.22769890942278E+03 -0.61131812562896E+02  0.52392458205842E+02  0.84231014940697E+02  0.18585026535144E+06  0.00000000000000E+00  0.00000000000000E+00  0.20495686451068E+04  0.30560613532717E+04  0.16278750222451E+05  0.00000000000000E+00  0.00000000000000E+00  0.00000000000000E+00  0.00000000000000E+00  0.00000000000000E+00  0.00000000000000E+00  0.00000000000000E+00  0.00000000000000E+00  0.00000000000000E+00  0.00000000000000E+00  0.00000000000000E+00  0.10628372137188E+06  0.00000000000000E+00  0.00000000000000E+00  0.00000000000000E+00  0.00000000000000E+00  0.00000000000000E+00  0.00000000000000E+00  0.00000000000000E+00
  -0.23111106576059E+06  0.71605733619516E+05 -0.89122008599525E+04 -0.53183325460191E+05  0.12919773426887E+05  0.17860812221975E+04 -0.45719134235904E+04 -0.11185522420767E+05  0.12079986179654E+04  0.10557565543601E+04 -0.87777506578874E+02  0.28246382470917E-02  0.19509976415231E-02 -0.10036341165900E-11  0.41099178963129E+03 -0.10883869476079E+03  0.10516369694494E+03  0.15758548086001E+03  0.82039903409752E+06  0.24391048959207E+03  0.10632011399543E+06 -0.28356752908033E+04 -0.96078063068705E+04 -0.24929040938513E+05 -0.50825608432228E+03 -0.31687583371309E+04 -0.19869370656924E+05  0.00000000000000E+00  0.00000000000000E+00  0.00000000000000E+00  0.00000000000000E+00  0.00000000000000E+00  0.00000000000000E+00  0.00000000000000E+00  0.00000000000000E+00  0.00000000000000E+00  0.13905424267714E+06  0.00000000000000E+00  0.00000000000000E+00  0.00000000000000E+00  0.00000000000000E+00  0.00000000000000E+00  0.00000000000000E+00
