# fitpack15: fit parameters                                                                         
# CJ15 AV18 final data choices                                                                      
# Created on 01/15/2020 at 22:34:34                                                                 

 # QCD setup
  INS                           0
  NVL                          11
  IORD                          1
  Q02                   1.6899999999999999     
  IPARAMC                       7
  FLAVOR                4.0000000000000000     
  xmc                   1.3000000000000000     
  xmb                   4.5000000000000000     
  ncb                          12
  ihq                           1
  ias                           0

 # Theory corrections
  inuke                     10814
  itmc                          1
  iht                           1

 # fit parameters
 LAMBDA       0.22680        0.0000    
 a0uv          2.1830        0.0000    
 a1uv         0.59323       0.21715E-01
 a2uv          3.5502       0.12453E-01
 a3uv          0.0000        0.0000    
 a4uv          3.9609       0.52029    
 a5uv          0.0000        0.0000    
 a0dv          25.495        0.0000    
 a1dv          1.1641       0.33576E-01
 a2dv          6.6013       0.15997    
 a3dv         -3.5388       0.85364E-01
 a4dv          4.7247       0.14019    
 a5dv          0.0000        0.0000    
 a0ud         0.14489       0.50289E-02
 a1ud        -0.20894       0.37857E-02
 a2ud          8.3385       0.19323    
 a3ud          0.0000        0.0000    
 a4ud          14.896        1.2671    
 a5ud          0.0000        0.0000    
 a0du          35712.        0.0000    
 a1du          4.0628       0.80121E-01
 a2du          19.926       0.92066    
 a3du          17.000        0.0000    
 a4du          51.905        11.424    
 a0g           48.282        0.0000    
 a1g          0.61389       0.33109E-01
 a2g           6.9524        1.0105    
 a3g          -3.3716       0.15136    
 a4g           3.3907       0.38769    
 a5g           0.0000        0.0000    
 kappa        0.40000        0.0000    
 a6dv        -0.36598E-02   0.66164E-03
 a7dv          2.0000        0.0000    
 off1         -2.8050        1.7790    
 off2         0.67625E-01   0.11760E-01
 ht1          -3.5074       0.34032    
 ht2           2.0548       0.12325    
 ht3          -2.0461       0.35123E-01
 ht4           0.0000        0.0000    
 ht1n         -3.7939        1.0714    
 ht2n          2.0110       0.34672    
 ht3n         -2.1110       0.66958E-01
 ht4n          0.0000        0.0000    
 dummy44       0.0000        0.0000    
 dummy45       0.0000        0.0000    
 dummy46       0.0000        0.0000    
 dummy47       0.0000        0.0000    
 dummy48       0.0000        0.0000    
 dummy49       0.0000        0.0000    
 bcdmsh2      0.97154       0.48460E-02
 bcdmsd2      0.99143       0.58500E-02
 ccfr          1.0000        0.0000    
 nutev         1.0000        0.0000    
 zeus         0.97998        0.0000    
 h1            1.0162        0.0000    
 e605          1.0319        0.0000    
 NmcH2         1.0075       0.71255E-02
 ntv_nu        1.0000        0.0000    
 ntv_nubar     1.0000        0.0000    
 cdf_jet      0.98910        0.0000    
 d0_jet       0.83504        0.0000    
 slac_p        1.0035       0.50211E-02
 slac_d        1.0027       0.52920E-02
 e866pp       0.97155       0.19599E-01
 e866pd       0.96512       0.16342E-01
 d0_gamjet     1.0378       0.16492E-01
 h1b          0.97608        0.0000    
 jlab_p       0.99165       0.62734E-02
 jlab_d       0.97562       0.59972E-02
 blank         1.0000        0.0000    
 d0run2       0.94190       0.14145E-01
 cdfrun2      0.92872       0.17270E-01
 HERA_el       1.0000        0.0000    
 HERA_ps       1.0000        0.0000    
 CDF_Z        0.96243       0.66108E-02
 NmcRat        1.0000        0.0000    
 BNS_F2nd     0.98390       0.12001E-01
 HERMES_F2p   0.99731       0.56589E-02
 HERMES_F2d   0.97892       0.58331E-02
 END 0. 0.

 # Hessian matrix (Bevington alpha)
   0.50284029516980E+07 -0.13078838338818E+07  0.21484149320796E+06  0.49313042736903E+06 -0.12721038631016E+06 -0.25846956502393E+05  0.55047836477017E+05  0.93968747223923E+06 -0.17868752895610E+06 -0.49319429832150E+05  0.74395004214372E+04  0.15656232023818E+05  0.17812138764167E+04 -0.10858435331026E+03  0.82073106545995E+04 -0.19515425547075E+04  0.90536350343240E+04  0.66392500382348E+04 -0.78383854742769E+07 -0.84592940905638E+03  0.12853635488594E+07  0.40230036586636E+05  0.13686856271245E+06  0.26858934315923E+06  0.13937639146064E+05  0.51924597277844E+05  0.26948803251590E+06 -0.12941427988443E+06 -0.54930019347206E+05 -0.47781274708174E+04 -0.85161446054591E+06 -0.11041232875585E+07 -0.20786264349536E+05 -0.46981177915182E+05 -0.31350066403097E+04 -0.20150413525190E+06 -0.22693097863765E+06 -0.91729653559966E+04 -0.32385072255994E+04 -0.16312667339797E+05  0.16909673360842E+05 -0.72250380505363E+05 -0.57078892718221E+05
  -0.13078838338818E+07  0.41470176710937E+06 -0.57442079521538E+05 -0.13665027882296E+06  0.34943111362699E+05  0.96649166044945E+04 -0.11883244614993E+05 -0.12347386861387E+06  0.26561967590595E+05  0.74887553184657E+04 -0.92458400646998E+03 -0.12468119646482E+04 -0.14721699287860E+03  0.13064229111651E+02  0.66265322495610E+03 -0.52386040026151E+02  0.15633673292307E+03  0.81415536084530E+02  0.26577155604163E+07  0.40625219648008E+03 -0.37428260890818E+06 -0.85834297987031E+04 -0.32558929610676E+05 -0.71167552195568E+05 -0.33919933596845E+04 -0.13323971486541E+05 -0.75095297974074E+05  0.16694189020444E+05  0.82485950666204E+04 -0.21926438240315E+03  0.20978759517134E+06  0.26456097828410E+06  0.57901390146087E+04  0.13242683391351E+05  0.42147505428272E+03  0.63716234771643E+05  0.71163302336502E+05  0.24557459644736E+04  0.77767018884399E+03 -0.23010238461146E+04 -0.22618194604661E+04  0.85987975336199E+04  0.72278643565260E+04
   0.21484149320796E+06 -0.57442079521538E+05  0.92627190733393E+04  0.21084688313373E+05 -0.55423509769667E+04 -0.13533183088812E+04  0.22818799280260E+04  0.29869297749234E+05 -0.55332257643646E+04 -0.18431601247459E+04  0.24037255444303E+03  0.46108877470822E+03  0.60118669955084E+02 -0.45311202370921E+01 -0.34900550320616E+03 -0.11471712493116E+01 -0.17158374154164E+03 -0.28279204358809E+02 -0.34672106055556E+06 -0.39581120169008E+02  0.55769044812461E+05  0.16775678194116E+04  0.57217228642533E+04  0.11450844738721E+05  0.58834948830643E+03  0.21991683050906E+04  0.11592224221058E+05 -0.51320522235436E+04 -0.21851812172623E+04  0.35316589692849E+02 -0.35514628750170E+05 -0.46217752627864E+05 -0.90492084706929E+03 -0.20537963538764E+04 -0.11008452233864E+03 -0.89399089447531E+04 -0.10040633979452E+05 -0.39232963079492E+03 -0.13662502616034E+03 -0.53670357202151E+01  0.67355276982431E+03 -0.23988313194682E+04 -0.19438859523763E+04
   0.49313042736903E+06 -0.13665027882296E+06  0.21084688313373E+05  0.39797196514632E+06 -0.62493776069941E+05  0.76059431321345E+05  0.65200436726004E+05  0.35167441515461E+06 -0.26256850271519E+05 -0.18342248257304E+05  0.33146036614167E+04 -0.14102429059781E+04 -0.15450232636227E+03  0.56463887019194E+02  0.30585939921931E+05 -0.36760797257417E+04  0.24126364495685E+05  0.13510969092759E+05 -0.23120840966178E+07 -0.46915250460653E+02  0.36035601679918E+06  0.14381555134373E+05  0.41891238811960E+05  0.10282794868073E+06  0.46378486175577E+04  0.16506710849308E+05  0.75788413712425E+05 -0.12817223196605E+05 -0.21241095466794E+05 -0.60197530523616E+02 -0.65939159218841E+05 -0.34294515338507E+06 -0.13924877967575E+04 -0.24903117031895E+04 -0.71992414775451E+02 -0.11746130441188E+05 -0.53064149322713E+05 -0.24992339313648E+04 -0.97188065981153E+03 -0.95721590610910E+04 -0.15721048777279E+05 -0.72054159431713E+04 -0.21379800806262E+05
  -0.12721038631016E+06  0.34943111362699E+05 -0.55423509769667E+04 -0.62493776069941E+05  0.11616468769128E+05 -0.78001644603376E+04 -0.94136501070169E+04 -0.32801913988959E+05  0.43678658177232E+03  0.23915055735578E+04 -0.33585692557390E+03 -0.27836905035883E+02  0.48761406694810E+01 -0.50485836227725E+01 -0.25820087990215E+04  0.31426894555263E+03 -0.19871939262232E+04 -0.11267440241221E+04  0.50282629075644E+06  0.32303624692692E+02 -0.75254180619247E+05 -0.27276094743821E+04 -0.79662661696396E+04 -0.20166037549168E+05 -0.84289249482938E+03 -0.30367322743172E+04 -0.15146114292191E+05  0.20014995061733E+04  0.33690352563646E+04 -0.57267554946014E+02  0.11866587854538E+05  0.62922493941714E+05  0.33059574601851E+03  0.57181797447064E+03  0.92048594154351E+01  0.29403354512358E+04  0.13069825501233E+05  0.47508952291482E+03  0.17592557918788E+03  0.34832721275902E+03  0.24988037217415E+04  0.81589735316460E+03  0.25173706551572E+04
  -0.25846956502393E+05  0.96649166044945E+04 -0.13533183088812E+04  0.76059431321345E+05 -0.78001644603376E+04  0.25072058422595E+05  0.15095598745548E+05  0.10843486125579E+06 -0.98818126650341E+04 -0.46614476969155E+04  0.10032355891861E+04 -0.72958436140437E+03 -0.69702971097334E+02  0.19433830938450E+02  0.94796147701054E+04 -0.11712107619209E+04  0.75563803977931E+04  0.42969547572858E+04 -0.59667256674409E+05  0.67588201464667E+02  0.21633499450429E+05  0.16206650604816E+04  0.45636742373070E+04  0.94612893935229E+04  0.61890023922680E+03  0.20673508050727E+04  0.61434341878904E+04 -0.28238137990649E+04 -0.43390390863091E+04  0.15894168470997E+03 -0.88014779413338E+04 -0.43352853431799E+05  0.58872338084744E+01 -0.20538261767568E+02 -0.19396240225186E+02  0.40806270678832E+03  0.14506578270680E+04 -0.26534361424219E+03 -0.13472672836049E+03 -0.31199392748686E+04 -0.33618086535145E+04 -0.18778498901115E+04 -0.54126881741083E+04
   0.55047836477017E+05 -0.11883244614993E+05  0.22818799280260E+04  0.65200436726004E+05 -0.94136501070169E+04  0.15095598745548E+05  0.11766556376697E+05  0.60046185414943E+05 -0.32170397831963E+04 -0.33238999081728E+04  0.58536032593838E+03 -0.23208710854595E+03 -0.27761858456607E+02  0.10190773104808E+02  0.48670597843635E+04 -0.60853127719199E+03  0.37760627421955E+04  0.21725166373828E+04 -0.25550959123272E+06  0.22550162498984E+02  0.47030377712686E+05  0.21682088398325E+04  0.61715945285403E+04  0.14474063271953E+05  0.73255063204096E+03  0.25131577973314E+04  0.10290765049868E+05 -0.25148591521853E+04 -0.39445256009606E+04  0.14028316722118E+03 -0.10083427839329E+05 -0.52690956042223E+05 -0.16459180433128E+03 -0.28547669430719E+03 -0.13553952511409E+02 -0.10335642817408E+04 -0.48364795411949E+04 -0.37017608567678E+03 -0.15595854088262E+03 -0.13166268038038E+04 -0.31728951708782E+04 -0.11610522382640E+04 -0.34635869840519E+04
   0.93968747223923E+06 -0.12347386861387E+06  0.29869297749234E+05  0.35167441515461E+06 -0.32801913988959E+05  0.10843486125579E+06  0.60046185414943E+05  0.51096828321980E+07 -0.23452309356377E+07 -0.86600092164076E+05  0.25990040977846E+05  0.26716938837422E+05  0.18140585891886E+04  0.99508369325769E+02  0.84548255603109E+05 -0.10675085765041E+05  0.77138888699194E+05  0.41753120588037E+05 -0.59801828486676E+06  0.46125606754860E+03  0.14462251086836E+06  0.18563165324584E+05  0.60352027602836E+05  0.99456615323993E+05  0.63323654580685E+04  0.23242790625623E+05  0.73327302892066E+05 -0.61347391871009E+05 -0.49415284145545E+05 -0.68071195615441E+05 -0.28655261375618E+06 -0.56672592309352E+06 -0.73056083901570E+05 -0.16393820505523E+06 -0.13514239352160E+04 -0.57168503817755E+04 -0.11198052674500E+05  0.12009344135492E+03  0.20247016118442E+03 -0.26625122700598E+06 -0.87343422755243E+04 -0.13952830141434E+06 -0.17310723229635E+06
  -0.17868752895610E+06  0.26561967590595E+05 -0.55332257643646E+04 -0.26256850271519E+05  0.43678658177232E+03 -0.98818126650341E+04 -0.32170397831963E+04 -0.23452309356377E+07  0.19300526036425E+07  0.19136381537123E+05 -0.64959869720589E+04 -0.56815930178382E+04 -0.31509202547276E+03 -0.13681751391213E+02  0.48980408319347E+05 -0.22960751882102E+04  0.15202970410171E+05  0.72496693420686E+04 -0.26475997270255E+05 -0.95915124490592E+02 -0.96164069949804E+03 -0.35415728256104E+04 -0.12217925264557E+05 -0.18085719760639E+05 -0.12496878008147E+04 -0.47920534021266E+04 -0.13113497830383E+05  0.11462180046432E+05  0.10880239509621E+05  0.24333670819758E+05  0.66186263450709E+05  0.12663782750643E+06  0.23065335071888E+05  0.51835450494100E+05  0.18109506848117E+03  0.60137785426740E+03  0.12150026088196E+04 -0.12154496561084E+04 -0.68093644162529E+03  0.11208379862549E+06  0.15910375638372E+04  0.44561449275394E+05  0.54740496358248E+05
  -0.49319429832150E+05  0.74887553184657E+04 -0.18431601247459E+04 -0.18342248257304E+05  0.23915055735578E+04 -0.46614476969155E+04 -0.33238999081728E+04 -0.86600092164076E+05  0.19136381537123E+05  0.26483869896317E+04 -0.63339724730440E+03 -0.68349309448979E+03 -0.61003464598374E+02 -0.18524636331771E+01 -0.39817088700372E+04  0.48035184887464E+03 -0.31591728841489E+04 -0.17850033443350E+04  0.58852295801376E+05 -0.15712738657461E+02 -0.13503244077836E+05 -0.88093216692298E+03 -0.26831594032463E+04 -0.49766358629345E+04 -0.29008538741440E+03 -0.10176052826107E+04 -0.37873040033593E+04  0.27416270042497E+04  0.19009585661478E+04  0.73084827364580E+03  0.10991868426696E+05  0.22949489770982E+05  0.15166114619131E+04  0.33395985701887E+04  0.43162297091782E+02  0.57373076493552E+03  0.10857521602576E+04  0.13366737754727E+03  0.59379872718512E+02  0.31043843650919E+04  0.44220322070473E+03  0.28030728632216E+04  0.35642190086252E+04
   0.74395004214372E+04 -0.92458400646998E+03  0.24037255444303E+03  0.33146036614167E+04 -0.33585692557390E+03  0.10032355891861E+04  0.58536032593838E+03  0.25990040977846E+05 -0.64959869720589E+04 -0.63339724730440E+03  0.17688678528455E+03  0.19886540744193E+03  0.14631868433590E+02  0.70569303879661E+00  0.12521271840223E+04 -0.13758109356717E+03  0.96160400976428E+03  0.52280788448820E+03 -0.65689208595172E+04  0.35148396273473E+01  0.14666694623029E+04  0.14339926665394E+03  0.45718224343768E+03  0.77926812882644E+03  0.48374515384279E+02  0.17485432234982E+03  0.57661392389986E+03 -0.47945362962293E+03 -0.36273991326770E+03 -0.33998046001678E+03 -0.20617665475308E+04 -0.41298714950497E+04 -0.43579994745679E+03 -0.97843929732166E+03 -0.11047199758401E+02 -0.48382339387340E+02 -0.94556860878330E+02 -0.14732168408189E+02 -0.68872338959267E+01 -0.11523598772432E+04 -0.68200489705637E+02 -0.83035513740631E+03 -0.10382004327501E+04
   0.15656232023818E+05 -0.12468119646482E+04  0.46108877470822E+03 -0.14102429059781E+04 -0.27836905035883E+02 -0.72958436140437E+03 -0.23208710854595E+03  0.26716938837422E+05 -0.56815930178382E+04 -0.68349309448979E+03  0.19886540744193E+03  0.17003691981257E+04  0.11317330174656E+03 -0.11356669256074E+01  0.14259501645448E+04 -0.19737934356056E+03  0.13697354434760E+04  0.79303535422456E+03 -0.65420621011170E+04 -0.47569582007891E+01  0.74377489347755E+03  0.18023686387592E+02  0.21439402813079E+03 -0.36943742819870E+03 -0.20877337972699E+02 -0.88376531226857E+02 -0.20388212691110E+03 -0.11651962636841E+04 -0.61021678188263E-01 -0.72113453034443E+03 -0.51722973068692E+04 -0.13674246678864E+02 -0.23942420528644E+04 -0.75764719901738E+02 -0.80610353910828E+02 -0.24491077057724E+00  0.28191730471722E-02 -0.17913243774685E+01 -0.76603279635749E+00  0.29829357320912E+03  0.32471135125539E+03 -0.27730190810358E+04 -0.35296551596255E+01
   0.17812138764167E+04 -0.14721699287860E+03  0.60118669955084E+02 -0.15450232636227E+03  0.48761406694810E+01 -0.69702971097334E+02 -0.27761858456607E+02  0.18140585891886E+04 -0.31509202547276E+03 -0.61003464598374E+02  0.14631868433590E+02  0.11317330174656E+03  0.10305065177911E+02 -0.17797985642371E+00  0.79270451431889E+02 -0.13190653954758E+02  0.80487580883720E+02  0.50885326891299E+02 -0.31449766793424E+03 -0.44559090679488E+00 -0.22854360788531E+02  0.34355427475630E+01  0.25767345689293E+02 -0.46639266104545E+02 -0.25189418826686E+01 -0.97227717590097E+01 -0.19959678715266E+02 -0.17325016325803E+03 -0.83971259598102E-02 -0.28383579547449E+02 -0.61460523905586E+03 -0.16393771839061E+01 -0.15115123712942E+03 -0.20066078870184E+02 -0.65774541667821E+01 -0.17530607814532E+00  0.19836547332035E-02 -0.19117767442379E+00 -0.73998634147793E-01  0.29850742355868E+02  0.72999528856943E+02 -0.20137948304638E+03 -0.28627421708999E+00
  -0.10858435331026E+03  0.13064229111651E+02 -0.45311202370921E+01  0.56463887019194E+02 -0.50485836227725E+01  0.19433830938450E+02  0.10190773104808E+02  0.99508369325769E+02 -0.13681751391213E+02 -0.18524636331771E+01  0.70569303879661E+00 -0.11356669256074E+01 -0.17797985642371E+00  0.52065099305099E-01  0.14642193669559E+02 -0.11304085181164E+01  0.87439151760539E+01  0.41205070435662E+01 -0.83916494249332E+02  0.37563763266321E-01  0.23847207261678E+02  0.44867829200862E+00  0.11682337131169E+01  0.40414199741743E+01  0.16511383255483E+00  0.54534426096853E+00  0.27025741347040E+01  0.70244122963409E-01 -0.18326486138956E-04 -0.61715704923702E+01 -0.81771015790642E+00 -0.14682102401912E-02 -0.34059435020752E+01 -0.18582038215512E-04 -0.14245389653964E+00 -0.66173921571918E-13 -0.13338890293621E-11 -0.17314896053783E-02 -0.94977155394523E-03 -0.16028261878047E+01  0.55280860614335E-04 -0.32473367017434E+01 -0.25282850000969E-02
   0.82073106545995E+04  0.66265322495610E+03 -0.34900550320616E+03  0.30585939921931E+05 -0.25820087990215E+04  0.94796147701054E+04  0.48670597843635E+04  0.84548255603109E+05  0.48980408319347E+05 -0.39817088700372E+04  0.12521271840223E+04  0.14259501645448E+04  0.79270451431889E+02  0.14642193669559E+02  0.49006999413883E+05 -0.45114937849173E+04  0.32264768622221E+05  0.16767719418483E+05 -0.56169716418210E+05 -0.28243676107453E-01 -0.43468302094220E+04 -0.15807288169133E+03 -0.47919458368019E+03 -0.59306342760654E+03 -0.50729366112722E+02 -0.17572298616818E+03 -0.53580287200049E+03 -0.26137722917491E+04 -0.17188918930850E+04 -0.24760794240179E+04  0.20296396179650E+04  0.43255371926621E+04 -0.15032277558858E+04 -0.29535327223910E+04 -0.71978502367986E+03  0.21143016916610E+03  0.38079273402263E+03 -0.28136742906302E+04 -0.15020331389650E+04 -0.24438046255636E+04  0.18927380754363E+03 -0.86048833625155E+03 -0.96993158652876E+03
  -0.19515425547075E+04 -0.52386040026151E+02 -0.11471712493116E+01 -0.36760797257417E+04  0.31426894555263E+03 -0.11712107619209E+04 -0.60853127719199E+03 -0.10675085765041E+05 -0.22960751882102E+04  0.48035184887464E+03 -0.13758109356717E+03 -0.19737934356056E+03 -0.13190653954758E+02 -0.11304085181164E+01 -0.45114937849173E+04  0.48244140787788E+03 -0.33591773682817E+04 -0.18186025623731E+04  0.65136918343110E+04 -0.51832693653287E+00  0.66310363486375E+03  0.17786108024157E+02  0.48631299933308E+02  0.52458740342639E+02  0.56329804672217E+01  0.18600334916984E+02  0.63637431515598E+02  0.47695025774154E+03  0.29916695128486E+03  0.28429301759212E+03 -0.17172711692017E+03 -0.50008988933939E+03  0.15399543920560E+03  0.30183922896127E+03  0.78840786762860E+02 -0.56546467698604E+02 -0.10044529822663E+03  0.42172361558715E+03  0.20996643820593E+03 -0.28428519033765E+03 -0.34106839514755E+02  0.24130478560571E+03  0.27045423622332E+03
   0.90536350343240E+04  0.15633673292307E+03 -0.17158374154164E+03  0.24126364495685E+05 -0.19871939262232E+04  0.75563803977931E+04  0.37760627421955E+04  0.77138888699194E+05  0.15202970410171E+05 -0.31591728841489E+04  0.96160400976428E+03  0.13697354434760E+04  0.80487580883720E+02  0.87439151760539E+01  0.32264768622221E+05 -0.33591773682817E+04  0.23889252758736E+05  0.12761548549070E+05 -0.44557550495452E+05 -0.15621802461690E+01 -0.39105705773018E+04 -0.16359403972082E+03 -0.48270171356154E+03 -0.63024045223733E+03 -0.53264930125798E+02 -0.17776647353482E+03 -0.50874795768782E+03 -0.21939005925039E+04 -0.14330897031831E+04 -0.22988902960550E+04  0.19730802410649E+04  0.40241900758801E+04 -0.11693683872355E+04 -0.23041360527397E+04 -0.54866150584112E+03  0.50448422123475E+02  0.10064489858233E+03 -0.22622684206318E+04 -0.12299340545469E+04  0.86939537909821E+03  0.18306114092566E+03 -0.13676553003574E+04 -0.15225838176216E+04
   0.66392500382348E+04  0.81415536084530E+02 -0.28279204358809E+02  0.13510969092759E+05 -0.11267440241221E+04  0.42969547572858E+04  0.21725166373828E+04  0.41753120588037E+05  0.72496693420686E+04 -0.17850033443350E+04  0.52280788448820E+03  0.79303535422456E+03  0.50885326891299E+02  0.41205070435662E+01  0.16767719418483E+05 -0.18186025623731E+04  0.12761548549070E+05  0.69168316419822E+04 -0.24791280442645E+05  0.21678024772122E+00 -0.24475461817125E+04 -0.89977663393108E+02 -0.25182219301547E+03 -0.31311881155740E+03 -0.29184058448797E+02 -0.94561335426846E+02 -0.28035311091716E+03 -0.15671466293042E+04 -0.99052431290072E+03 -0.11587922067459E+04  0.93710816732789E+03  0.22229201126749E+04 -0.59152931176438E+03 -0.11673214235537E+04 -0.30214214871765E+03  0.79157984521020E+02  0.14767372267128E+03 -0.14624666329244E+04 -0.76280405293905E+03  0.11433605833737E+04  0.13285196178542E+03 -0.97893340440438E+03 -0.10896426604210E+04
  -0.78383854742769E+07  0.26577155604163E+07 -0.34672106055556E+06 -0.23120840966178E+07  0.50282629075644E+06 -0.59667256674409E+05 -0.25550959123272E+06 -0.59801828486676E+06 -0.26475997270255E+05  0.58852295801376E+05 -0.65689208595172E+04 -0.65420621011170E+04 -0.31449766793424E+03 -0.83916494249332E+02 -0.56169716418210E+05  0.65136918343110E+04 -0.44557550495452E+05 -0.24791280442645E+05  0.35194882486946E+08  0.49064186445952E+04 -0.43300115056121E+07 -0.12525442224012E+06 -0.39592564307410E+06 -0.10711569168639E+07 -0.37249574691331E+05 -0.14766905245285E+06 -0.84259197272284E+06  0.34983883837808E+05  0.77685759843368E+05 -0.12384045993687E+04  0.57962828868396E+06  0.28468797039132E+07  0.17882319689284E+05  0.32329110387708E+05  0.22429627135059E+03  0.18875163923904E+06  0.83102449482662E+06  0.25208546110091E+05  0.79346050420411E+04 -0.19146243924032E+05  0.45530909079812E+05  0.21072160140409E+05  0.65375705505073E+05
  -0.84592940905638E+03  0.40625219648008E+03 -0.39581120169008E+02 -0.46915250460653E+02  0.32303624692692E+02  0.67588201464667E+02  0.22550162498984E+02  0.46125606754860E+03 -0.95915124490592E+02 -0.15712738657461E+02  0.35148396273473E+01 -0.47569582007891E+01 -0.44559090679488E+00  0.37563763266321E-01 -0.28243676107453E-01 -0.51832693653287E+00 -0.15621802461690E+01  0.21678024772122E+00  0.49064186445952E+04  0.18290114478474E+01 -0.52368468640024E+03 -0.71486408450531E+01 -0.27436877787270E+02 -0.10062516581862E+03 -0.47862803666025E+00 -0.67660205378207E+01 -0.79382362246201E+02  0.00000000000000E+00 -0.39657174743178E+02  0.00000000000000E+00  0.00000000000000E+00  0.10478330459888E+03  0.00000000000000E+00 -0.43800325318951E+01  0.00000000000000E+00  0.00000000000000E+00  0.15691801757048E+03  0.00000000000000E+00  0.00000000000000E+00  0.00000000000000E+00  0.23024656401248E+02  0.00000000000000E+00 -0.38639934291807E+02
   0.12853635488594E+07 -0.37428260890818E+06  0.55769044812461E+05  0.36035601679918E+06 -0.75254180619247E+05  0.21633499450429E+05  0.47030377712686E+05  0.14462251086836E+06 -0.96164069949804E+03 -0.13503244077836E+05  0.14666694623029E+04  0.74377489347755E+03 -0.22854360788531E+02  0.23847207261678E+02 -0.43468302094220E+04  0.66310363486375E+03 -0.39105705773018E+04 -0.24475461817125E+04 -0.43300115056121E+07 -0.52368468640024E+03  0.92865889403624E+06  0.32886408369122E+05  0.95321800519245E+05  0.25857655205811E+06  0.95144192171109E+04  0.35016391810301E+05  0.18798525793771E+06  0.00000000000000E+00 -0.26881474803505E+05  0.00000000000000E+00  0.00000000000000E+00 -0.67264531496340E+06  0.00000000000000E+00  0.66024465847986E+04  0.00000000000000E+00  0.00000000000000E+00 -0.14097051731721E+06  0.00000000000000E+00  0.00000000000000E+00  0.00000000000000E+00  0.21864821761793E+05  0.00000000000000E+00 -0.22278251468336E+05
   0.40230036586636E+05 -0.85834297987031E+04  0.16775678194116E+04  0.14381555134373E+05 -0.27276094743821E+04  0.16206650604816E+04  0.21682088398325E+04  0.18563165324584E+05 -0.35415728256104E+04 -0.88093216692298E+03  0.14339926665394E+03  0.18023686387592E+02  0.34355427475630E+01  0.44867829200862E+00 -0.15807288169133E+03  0.17786108024157E+02 -0.16359403972082E+03 -0.89977663393108E+02 -0.12525442224012E+06 -0.71486408450531E+01  0.32886408369122E+05  0.14872029565509E+04  0.40943420525581E+04  0.10638219058421E+05  0.40595582138021E+03  0.14378498008796E+04  0.72134673421928E+04 -0.47897115145153E+02 -0.14609633360908E+04  0.40622841384186E+01  0.50655853212981E+03 -0.29366387390380E+05  0.00000000000000E+00 -0.67801598596233E+02  0.00000000000000E+00  0.20739544628464E+04 -0.37705261098163E+04  0.00000000000000E+00  0.00000000000000E+00  0.00000000000000E+00  0.13624910969151E+04 -0.32524250542876E+03 -0.18108126396202E+04
   0.13686856271245E+06 -0.32558929610676E+05  0.57217228642533E+04  0.41891238811960E+05 -0.79662661696396E+04  0.45636742373070E+04  0.61715945285403E+04  0.60352027602836E+05 -0.12217925264557E+05 -0.26831594032463E+04  0.45718224343768E+03  0.21439402813079E+03  0.25767345689293E+02  0.11682337131169E+01 -0.47919458368019E+03  0.48631299933308E+02 -0.48270171356154E+03 -0.25182219301547E+03 -0.39592564307410E+06 -0.27436877787270E+02  0.95321800519245E+05  0.40943420525581E+04  0.11727821182556E+05  0.29412815261174E+05  0.11505202885135E+04  0.41337579147981E+04  0.20807697279215E+05 -0.15550762380592E+03 -0.38676653514372E+04 -0.23143643687440E+02 -0.60969849989420E+04 -0.84283486081910E+05  0.00000000000000E+00 -0.17871147488260E+03  0.00000000000000E+00  0.30372539001096E+04 -0.12140758111732E+05  0.00000000000000E+00  0.00000000000000E+00  0.00000000000000E+00  0.39216860543683E+04 -0.18462133566949E+04 -0.53491661786654E+04
   0.26858934315923E+06 -0.71167552195568E+05  0.11450844738721E+05  0.10282794868073E+06 -0.20166037549168E+05  0.94612893935229E+04  0.14474063271953E+05  0.99456615323993E+05 -0.18085719760639E+05 -0.49766358629345E+04  0.77926812882644E+03 -0.36943742819870E+03 -0.46639266104545E+02  0.40414199741743E+01 -0.59306342760654E+03  0.52458740342639E+02 -0.63024045223733E+03 -0.31311881155740E+03 -0.10711569168639E+07 -0.10062516581862E+03  0.25857655205811E+06  0.10638219058421E+05  0.29412815261174E+05  0.84078633994660E+05  0.29908072325608E+04  0.10797908849138E+05  0.55705231805453E+05  0.23956572034088E+03 -0.12155799954377E+05 -0.48233295203742E+01  0.37335610687015E+05 -0.21177542621158E+06  0.00000000000000E+00 -0.57444764607665E+03  0.00000000000000E+00  0.16253978890163E+05 -0.33042361533591E+05  0.00000000000000E+00  0.00000000000000E+00  0.00000000000000E+00  0.69522716362352E+04  0.14916164863676E+04 -0.12758798434432E+05
   0.13937639146064E+05 -0.33919933596845E+04  0.58834948830643E+03  0.46378486175577E+04 -0.84289249482938E+03  0.61890023922680E+03  0.73255063204096E+03  0.63323654580685E+04 -0.12496878008147E+04 -0.29008538741440E+03  0.48374515384279E+02 -0.20877337972699E+02 -0.25189418826686E+01  0.16511383255483E+00 -0.50729366112722E+02  0.56329804672217E+01 -0.53264930125798E+02 -0.29184058448797E+02 -0.37249574691331E+05 -0.47862803666025E+00  0.95144192171109E+04  0.40595582138021E+03  0.11505202885135E+04  0.29908072325608E+04  0.13259876380544E+03  0.46446043085295E+03  0.21195870172623E+04  0.00000000000000E+00 -0.46152766956666E+03  0.00000000000000E+00  0.00000000000000E+00 -0.94697508549613E+04  0.00000000000000E+00 -0.21212846567956E+02  0.00000000000000E+00  0.00000000000000E+00 -0.83478705941488E+03  0.00000000000000E+00  0.00000000000000E+00  0.00000000000000E+00  0.59471116667159E+02  0.00000000000000E+00 -0.65922746741196E+03
   0.51924597277844E+05 -0.13323971486541E+05  0.21991683050906E+04  0.16506710849308E+05 -0.30367322743172E+04  0.20673508050727E+04  0.25131577973314E+04  0.23242790625623E+05 -0.47920534021266E+04 -0.10176052826107E+04  0.17485432234982E+03 -0.88376531226857E+02 -0.97227717590097E+01  0.54534426096853E+00 -0.17572298616818E+03  0.18600334916984E+02 -0.17776647353482E+03 -0.94561335426846E+02 -0.14766905245285E+06 -0.67660205378207E+01  0.35016391810301E+05  0.14378498008796E+04  0.41337579147981E+04  0.10797908849138E+05  0.46446043085295E+03  0.16710698027832E+04  0.76937454627635E+04  0.00000000000000E+00 -0.14683054418720E+04  0.00000000000000E+00  0.00000000000000E+00 -0.33600634121879E+05  0.00000000000000E+00 -0.67158939954242E+02  0.00000000000000E+00  0.00000000000000E+00 -0.41376123459502E+04  0.00000000000000E+00  0.00000000000000E+00  0.00000000000000E+00  0.57490587169083E+02  0.00000000000000E+00 -0.24126790244268E+04
   0.26948803251590E+06 -0.75095297974074E+05  0.11592224221058E+05  0.75788413712425E+05 -0.15146114292191E+05  0.61434341878904E+04  0.10290765049868E+05  0.73327302892066E+05 -0.13113497830383E+05 -0.37873040033593E+04  0.57661392389986E+03 -0.20388212691110E+03 -0.19959678715266E+02  0.27025741347040E+01 -0.53580287200049E+03  0.63637431515598E+02 -0.50874795768782E+03 -0.28035311091716E+03 -0.84259197272284E+06 -0.79382362246201E+02  0.18798525793771E+06  0.72134673421928E+04  0.20807697279215E+05  0.55705231805453E+05  0.21195870172623E+04  0.76937454627635E+04  0.40712694746954E+05  0.00000000000000E+00 -0.83424933303475E+04  0.00000000000000E+00  0.00000000000000E+00 -0.14974153711790E+06  0.00000000000000E+00 -0.39421598275125E+03  0.00000000000000E+00  0.00000000000000E+00 -0.25338350561046E+05  0.00000000000000E+00  0.00000000000000E+00  0.00000000000000E+00  0.86868093068192E+04  0.00000000000000E+00 -0.87883450887997E+04
  -0.12941427988443E+06  0.16694189020444E+05 -0.51320522235436E+04 -0.12817223196605E+05  0.20014995061733E+04 -0.28238137990649E+04 -0.25148591521853E+04 -0.61347391871009E+05  0.11462180046432E+05  0.27416270042497E+04 -0.47945362962293E+03 -0.11651962636841E+04 -0.17325016325803E+03  0.70244122963409E-01 -0.26137722917491E+04  0.47695025774154E+03 -0.21939005925039E+04 -0.15671466293042E+04  0.34983883837808E+05  0.00000000000000E+00  0.00000000000000E+00 -0.47897115145153E+02 -0.15550762380592E+03  0.23956572034088E+03  0.00000000000000E+00  0.00000000000000E+00  0.00000000000000E+00  0.11662546704377E+06  0.00000000000000E+00  0.00000000000000E+00  0.00000000000000E+00  0.00000000000000E+00  0.00000000000000E+00  0.00000000000000E+00  0.00000000000000E+00  0.00000000000000E+00  0.00000000000000E+00  0.00000000000000E+00  0.00000000000000E+00  0.00000000000000E+00  0.00000000000000E+00  0.00000000000000E+00  0.00000000000000E+00
  -0.54930019347206E+05  0.82485950666204E+04 -0.21851812172623E+04 -0.21241095466794E+05  0.33690352563646E+04 -0.43390390863091E+04 -0.39445256009606E+04 -0.49415284145545E+05  0.10880239509621E+05  0.19009585661478E+04 -0.36273991326770E+03 -0.61021678188263E-01 -0.83971259598102E-02 -0.18326486138956E-04 -0.17188918930850E+04  0.29916695128486E+03 -0.14330897031831E+04 -0.99052431290072E+03  0.77685759843368E+05 -0.39657174743178E+02 -0.26881474803505E+05 -0.14609633360908E+04 -0.38676653514372E+04 -0.12155799954377E+05 -0.46152766956666E+03 -0.14683054418720E+04 -0.83424933303475E+04  0.00000000000000E+00  0.64771783464395E+05  0.00000000000000E+00  0.00000000000000E+00  0.00000000000000E+00  0.00000000000000E+00  0.00000000000000E+00  0.00000000000000E+00  0.00000000000000E+00  0.00000000000000E+00  0.00000000000000E+00  0.00000000000000E+00  0.00000000000000E+00  0.00000000000000E+00  0.00000000000000E+00  0.00000000000000E+00
  -0.47781274708174E+04 -0.21926438240315E+03  0.35316589692849E+02 -0.60197530523616E+02 -0.57267554946014E+02  0.15894168470997E+03  0.14028316722118E+03 -0.68071195615441E+05  0.24333670819758E+05  0.73084827364580E+03 -0.33998046001678E+03 -0.72113453034443E+03 -0.28383579547449E+02 -0.61715704923702E+01 -0.24760794240179E+04  0.28429301759212E+03 -0.22988902960550E+04 -0.11587922067459E+04 -0.12384045993687E+04  0.00000000000000E+00  0.00000000000000E+00  0.40622841384186E+01 -0.23143643687440E+02 -0.48233295203742E+01  0.00000000000000E+00  0.00000000000000E+00  0.00000000000000E+00  0.00000000000000E+00  0.00000000000000E+00  0.30747022556666E+05  0.00000000000000E+00  0.00000000000000E+00  0.00000000000000E+00  0.00000000000000E+00  0.00000000000000E+00  0.00000000000000E+00  0.00000000000000E+00  0.00000000000000E+00  0.00000000000000E+00  0.00000000000000E+00  0.00000000000000E+00  0.00000000000000E+00  0.00000000000000E+00
  -0.85161446054591E+06  0.20978759517134E+06 -0.35514628750170E+05 -0.65939159218841E+05  0.11866587854538E+05 -0.88014779413338E+04 -0.10083427839329E+05 -0.28655261375618E+06  0.66186263450709E+05  0.10991868426696E+05 -0.20617665475308E+04 -0.51722973068692E+04 -0.61460523905586E+03 -0.81771015790642E+00  0.20296396179650E+04 -0.17172711692017E+03  0.19730802410649E+04  0.93710816732789E+03  0.57962828868396E+06  0.00000000000000E+00  0.00000000000000E+00  0.50655853212981E+03 -0.60969849989420E+04  0.37335610687015E+05  0.00000000000000E+00  0.00000000000000E+00  0.00000000000000E+00  0.00000000000000E+00  0.00000000000000E+00  0.00000000000000E+00  0.57916245756271E+06  0.00000000000000E+00  0.00000000000000E+00  0.00000000000000E+00  0.00000000000000E+00  0.00000000000000E+00  0.00000000000000E+00  0.00000000000000E+00  0.00000000000000E+00  0.00000000000000E+00  0.00000000000000E+00  0.00000000000000E+00  0.00000000000000E+00
  -0.11041232875585E+07  0.26456097828410E+06 -0.46217752627864E+05 -0.34294515338507E+06  0.62922493941714E+05 -0.43352853431799E+05 -0.52690956042223E+05 -0.56672592309352E+06  0.12663782750643E+06  0.22949489770982E+05 -0.41298714950497E+04 -0.13674246678864E+02 -0.16393771839061E+01 -0.14682102401912E-02  0.43255371926621E+04 -0.50008988933939E+03  0.40241900758801E+04  0.22229201126749E+04  0.28468797039132E+07  0.10478330459888E+03 -0.67264531496340E+06 -0.29366387390380E+05 -0.84283486081910E+05 -0.21177542621158E+06 -0.94697508549613E+04 -0.33600634121879E+05 -0.14974153711790E+06  0.00000000000000E+00  0.00000000000000E+00  0.00000000000000E+00  0.00000000000000E+00  0.91945410737727E+06  0.00000000000000E+00  0.00000000000000E+00  0.00000000000000E+00  0.00000000000000E+00  0.00000000000000E+00  0.00000000000000E+00  0.00000000000000E+00  0.00000000000000E+00  0.00000000000000E+00  0.00000000000000E+00  0.00000000000000E+00
  -0.20786264349536E+05  0.57901390146087E+04 -0.90492084706929E+03 -0.13924877967575E+04  0.33059574601851E+03  0.58872338084744E+01 -0.16459180433128E+03 -0.73056083901570E+05  0.23065335071888E+05  0.15166114619131E+04 -0.43579994745679E+03 -0.23942420528644E+04 -0.15115123712942E+03 -0.34059435020752E+01 -0.15032277558858E+04  0.15399543920560E+03 -0.11693683872355E+04 -0.59152931176438E+03  0.17882319689284E+05  0.00000000000000E+00  0.00000000000000E+00  0.00000000000000E+00  0.00000000000000E+00  0.00000000000000E+00  0.00000000000000E+00  0.00000000000000E+00  0.00000000000000E+00  0.00000000000000E+00  0.00000000000000E+00  0.00000000000000E+00  0.00000000000000E+00  0.00000000000000E+00  0.14599165785750E+05  0.00000000000000E+00  0.00000000000000E+00  0.00000000000000E+00  0.00000000000000E+00  0.00000000000000E+00  0.00000000000000E+00  0.00000000000000E+00  0.00000000000000E+00  0.00000000000000E+00  0.00000000000000E+00
  -0.46981177915182E+05  0.13242683391351E+05 -0.20537963538764E+04 -0.24903117031895E+04  0.57181797447064E+03 -0.20538261767568E+02 -0.28547669430719E+03 -0.16393820505523E+06  0.51835450494100E+05  0.33395985701887E+04 -0.97843929732166E+03 -0.75764719901738E+02 -0.20066078870184E+02 -0.18582038215512E-04 -0.29535327223910E+04  0.30183922896127E+03 -0.23041360527397E+04 -0.11673214235537E+04  0.32329110387708E+05 -0.43800325318951E+01  0.66024465847986E+04 -0.67801598596233E+02 -0.17871147488260E+03 -0.57444764607665E+03 -0.21212846567956E+02 -0.67158939954242E+02 -0.39421598275125E+03  0.00000000000000E+00  0.00000000000000E+00  0.00000000000000E+00  0.00000000000000E+00  0.00000000000000E+00  0.00000000000000E+00  0.31733241793924E+05  0.00000000000000E+00  0.00000000000000E+00  0.00000000000000E+00  0.00000000000000E+00  0.00000000000000E+00  0.00000000000000E+00  0.00000000000000E+00  0.00000000000000E+00  0.00000000000000E+00
  -0.31350066403097E+04  0.42147505428272E+03 -0.11008452233864E+03 -0.71992414775451E+02  0.92048594154351E+01 -0.19396240225186E+02 -0.13553952511409E+02 -0.13514239352160E+04  0.18109506848117E+03  0.43162297091782E+02 -0.11047199758401E+02 -0.80610353910828E+02 -0.65774541667821E+01 -0.14245389653964E+00 -0.71978502367986E+03  0.78840786762860E+02 -0.54866150584112E+03 -0.30214214871765E+03  0.22429627135059E+03  0.00000000000000E+00  0.00000000000000E+00  0.00000000000000E+00  0.00000000000000E+00  0.00000000000000E+00  0.00000000000000E+00  0.00000000000000E+00  0.00000000000000E+00  0.00000000000000E+00  0.00000000000000E+00  0.00000000000000E+00  0.00000000000000E+00  0.00000000000000E+00  0.00000000000000E+00  0.00000000000000E+00  0.37915858110312E+04  0.00000000000000E+00  0.00000000000000E+00  0.00000000000000E+00  0.00000000000000E+00  0.00000000000000E+00  0.00000000000000E+00  0.00000000000000E+00  0.00000000000000E+00
  -0.20150413525190E+06  0.63716234771643E+05 -0.89399089447531E+04 -0.11746130441188E+05  0.29403354512358E+04  0.40806270678832E+03 -0.10335642817408E+04 -0.57168503817755E+04  0.60137785426740E+03  0.57373076493552E+03 -0.48382339387340E+02 -0.24491077057724E+00 -0.17530607814532E+00 -0.66173921571918E-13  0.21143016916610E+03 -0.56546467698604E+02  0.50448422123475E+02  0.79157984521020E+02  0.18875163923904E+06  0.00000000000000E+00  0.00000000000000E+00  0.20739544628464E+04  0.30372539001096E+04  0.16253978890163E+05  0.00000000000000E+00  0.00000000000000E+00  0.00000000000000E+00  0.00000000000000E+00  0.00000000000000E+00  0.00000000000000E+00  0.00000000000000E+00  0.00000000000000E+00  0.00000000000000E+00  0.00000000000000E+00  0.00000000000000E+00  0.10611002432171E+06  0.00000000000000E+00  0.00000000000000E+00  0.00000000000000E+00  0.00000000000000E+00  0.00000000000000E+00  0.00000000000000E+00  0.00000000000000E+00
  -0.22693097863765E+06  0.71163302336502E+05 -0.10040633979452E+05 -0.53064149322713E+05  0.13069825501233E+05  0.14506578270680E+04 -0.48364795411949E+04 -0.11198052674500E+05  0.12150026088196E+04  0.10857521602576E+04 -0.94556860878330E+02  0.28191730471722E-02  0.19836547332035E-02 -0.13338890293621E-11  0.38079273402263E+03 -0.10044529822663E+03  0.10064489858233E+03  0.14767372267128E+03  0.83102449482662E+06  0.15691801757048E+03 -0.14097051731721E+06 -0.37705261098163E+04 -0.12140758111732E+05 -0.33042361533591E+05 -0.83478705941488E+03 -0.41376123459502E+04 -0.25338350561046E+05  0.00000000000000E+00  0.00000000000000E+00  0.00000000000000E+00  0.00000000000000E+00  0.00000000000000E+00  0.00000000000000E+00  0.00000000000000E+00  0.00000000000000E+00  0.00000000000000E+00  0.13846610522439E+06  0.00000000000000E+00  0.00000000000000E+00  0.00000000000000E+00  0.00000000000000E+00  0.00000000000000E+00  0.00000000000000E+00
