# fitpack15: fit parameters                                                                         
# CJ15 AV18 final data choices                                                                      
# Created on 01/16/2020 at 18:14:25                                                                 

 # QCD setup
  INS                           0
  NVL                          11
  IORD                          1
  Q02                   1.6899999999999999     
  IPARAMC                       7
  FLAVOR                4.0000000000000000     
  xmc                   1.3000000000000000     
  xmb                   4.5000000000000000     
  ncb                          12
  ihq                           1
  ias                           0

 # Theory corrections
  inuke                     10814
  itmc                          1
  iht                           1

 # fit parameters
 LAMBDA       0.22680        0.0000    
 a0uv          1.9546        0.0000    
 a1uv         0.56853       0.23563E-01
 a2uv          3.5569       0.11681E-01
 a3uv          0.0000        0.0000    
 a4uv          4.5681       0.62999    
 a5uv          0.0000        0.0000    
 a0dv          24.956        0.0000    
 a1dv          1.1564       0.33323E-01
 a2dv          6.6267       0.15988    
 a3dv         -3.5582       0.85367E-01
 a4dv          4.7889       0.13983    
 a5dv          0.0000        0.0000    
 a0ud         0.14191       0.49831E-02
 a1ud        -0.21089       0.38213E-02
 a2ud          8.4315       0.18929    
 a3ud          0.0000        0.0000    
 a4ud          15.826        1.3098    
 a5ud          0.0000        0.0000    
 a0du          35712.        0.0000    
 a1du          4.0840       0.85618E-01
 a2du          20.145       0.95823    
 a3du          17.000        0.0000    
 a4du          52.963        11.783    
 a0g           47.234        0.0000    
 a1g          0.60915       0.32439E-01
 a2g           6.7588       0.96323    
 a3g          -3.3783       0.14546    
 a4g           3.3784       0.36972    
 a5g           0.0000        0.0000    
 kappa        0.40000        0.0000    
 a6dv        -0.39749E-02   0.67598E-03
 a7dv          2.0000        0.0000    
 off1         -2.5668        1.7964    
 off2         0.62075E-01   0.48527E-02
 ht1          -3.5507       0.34493    
 ht2           2.0767       0.12474    
 ht3          -2.0493       0.35540E-01
 ht4           0.0000        0.0000    
 ht1n         -3.6926        1.0267    
 ht2n          1.9833       0.34193    
 ht3n         -2.1379       0.68628E-01
 ht4n          0.0000        0.0000    
 dummy44       0.0000        0.0000    
 dummy45       0.0000        0.0000    
 dummy46       0.0000        0.0000    
 dummy47       0.0000        0.0000    
 dummy48       0.0000        0.0000    
 dummy49       0.0000        0.0000    
 bcdmsh2      0.97002       0.48548E-02
 bcdmsd2      0.99005       0.58570E-02
 ccfr          1.0000        0.0000    
 nutev         1.0000        0.0000    
 zeus         0.97998        0.0000    
 h1            1.0162        0.0000    
 e605          1.0319        0.0000    
 NmcH2         1.0065       0.71353E-02
 ntv_nu        1.0000        0.0000    
 ntv_nubar     1.0000        0.0000    
 cdf_jet      0.98910        0.0000    
 d0_jet       0.83504        0.0000    
 slac_p        1.0018       0.50394E-02
 slac_d        1.0013       0.53176E-02
 e866pp       0.98207       0.19977E-01
 e866pd       0.97004       0.16414E-01
 d0_gamjet     1.0362       0.16484E-01
 h1b          0.97608        0.0000    
 jlab_p       0.99051       0.62873E-02
 jlab_d       0.97476       0.60286E-02
 blank         1.0000        0.0000    
 d0run2       0.94508       0.14243E-01
 cdfrun2      0.93158       0.17332E-01
 HERA_el       1.0000        0.0000    
 HERA_ps       1.0000        0.0000    
 CDF_Z        0.95927       0.66130E-02
 NmcRat        1.0000        0.0000    
 BNS_F2nd     0.98365       0.12078E-01
 HERMES_F2p   0.99578       0.56757E-02
 HERMES_F2d   0.97752       0.58511E-02
 END 0. 0.

 # Hessian matrix (Bevington alpha)
   0.51983252702915E+07 -0.13321785632034E+07  0.19527651008442E+06  0.50564599491357E+06 -0.12785978276566E+06 -0.29629023078895E+05  0.53083523786343E+05  0.98996147619482E+06 -0.18430209047501E+06 -0.50176969635986E+05  0.72984563164206E+04  0.15364281594254E+05  0.17240925224413E+04 -0.10688235349854E+03  0.97810179932155E+04 -0.21810426517029E+04  0.10540924638859E+05  0.75559700452289E+04 -0.78123116462997E+07 -0.11469498401813E+04  0.29409186825982E+07  0.33955457810741E+05  0.12049527190912E+06  0.21499970886472E+06  0.11709080125353E+05  0.45514642633116E+05  0.23461808192918E+06 -0.13224150407717E+06 -0.56059243732341E+05 -0.52649131249071E+04 -0.86895056442523E+06 -0.11261933346394E+07 -0.20983068279422E+05 -0.47555176188337E+05 -0.32092325216399E+04 -0.20498228977565E+06 -0.23094979400086E+06 -0.92221207837179E+04 -0.32556478684172E+04 -0.18085777553848E+05  0.17179922252058E+05 -0.74378560202442E+05 -0.58649758705088E+05
  -0.13321785632034E+07  0.41655575309589E+06 -0.51119242519902E+05 -0.13768574150420E+06  0.34488834673541E+05  0.10668833116461E+05 -0.11089799484651E+05 -0.12553499444460E+06  0.26453481134649E+05  0.73937390975173E+04 -0.87593049926291E+03 -0.12001891476511E+04 -0.13931825886858E+03  0.12810761612115E+02  0.64423644122961E+03 -0.53306872239262E+02  0.13667114557362E+03  0.76796070966777E+02  0.26121692716080E+07  0.48800312699896E+03 -0.84262599876360E+06 -0.66830961192336E+04 -0.27438592308287E+05 -0.54962123288252E+05 -0.26987889600666E+04 -0.11327660773949E+05 -0.64244717501009E+05  0.16789662679818E+05  0.82860872280250E+04 -0.19440824124570E+03  0.21061312179400E+06  0.26588798767215E+06  0.57476603249605E+04  0.13196049266438E+05  0.42290824919168E+03  0.63916881493500E+05  0.71485387649223E+05  0.24358837815297E+04  0.77135712069406E+03 -0.22140257138477E+04 -0.22644552091399E+04  0.86872668229523E+04  0.72956971731267E+04
   0.19527651008442E+06 -0.51119242519902E+05  0.73889602557907E+04  0.18792780547198E+05 -0.48639513890313E+04 -0.13615799466827E+04  0.19130204791192E+04  0.28055511320880E+05 -0.50731348482880E+04 -0.16662771979567E+04  0.21028666969326E+03  0.41724459311723E+03  0.53082946271524E+02 -0.40610191689869E+01 -0.27562242012393E+03 -0.80473515810312E+01 -0.12459137167491E+03 -0.35252266688262E+01 -0.30083201285155E+06 -0.45505563634534E+02  0.11162712641254E+06  0.12435303286378E+04  0.44211404595833E+04  0.80229182771539E+04  0.43289182573523E+03  0.16893731970117E+04  0.88400856599592E+04 -0.46802480516912E+04 -0.19854099330806E+04  0.18567294051055E+02 -0.31897970845097E+05 -0.41518911779580E+05 -0.79996953775239E+03 -0.18199895576147E+04 -0.10094994397470E+03 -0.79215710282051E+04 -0.89075532256429E+04 -0.34642349927685E+03 -0.12107310613298E+03 -0.65936817426926E+02  0.61283241270577E+03 -0.22236101727872E+04 -0.17946084601627E+04
   0.50564599491357E+06 -0.13768574150420E+06  0.18792780547198E+05  0.40159715591694E+06 -0.62350092842058E+05  0.74109817628647E+05  0.63934187197932E+05  0.36344529480640E+06 -0.27978225059796E+05 -0.18348095575609E+05  0.31812327635893E+04 -0.13983490597499E+04 -0.15067062728570E+03  0.55384386676748E+02  0.31034237797442E+05 -0.37825416190003E+04  0.25163888777673E+05  0.14134877174225E+05 -0.22773103410880E+07 -0.12996502126881E+03  0.81647767326304E+06  0.12469838280020E+05  0.36832400356264E+05  0.86903671381953E+05  0.39671391809904E+04  0.14472902326996E+05  0.64976652005759E+05 -0.12873219216835E+05 -0.21330538697240E+05 -0.69597490815810E+02 -0.66396822820769E+05 -0.34490004348548E+06 -0.13667967797694E+04 -0.24955990073346E+04 -0.70852351154570E+02 -0.11786024993722E+05 -0.53216519485513E+05 -0.24776340249204E+04 -0.96321294211194E+03 -0.98441545973910E+04 -0.15873076932213E+05 -0.72664848214698E+04 -0.21545446829351E+05
  -0.12785978276566E+06  0.34488834673541E+05 -0.48639513890313E+04 -0.62350092842058E+05  0.11420870911764E+05 -0.74189716407813E+04 -0.90905504189922E+04 -0.33386375078167E+05  0.51870856441174E+03  0.23605234735689E+04 -0.31712344040026E+03 -0.19764520041470E+02  0.50845532013838E+01 -0.49305111099800E+01 -0.26045586235411E+04  0.32238142471485E+03 -0.20572608950837E+04 -0.11711550812199E+04  0.48588976593821E+06  0.48020469766477E+02 -0.16762940447824E+06 -0.23091881267719E+04 -0.68402517424286E+04 -0.16654161115340E+05 -0.69382518479475E+03 -0.25837639496174E+04 -0.12738133648632E+05  0.19973501602217E+04  0.33572834921737E+04 -0.57140273315455E+02  0.11774327144141E+05  0.62484959140663E+05  0.31958843006238E+03  0.56318281418404E+03  0.89596936104804E+01  0.28936460973811E+04  0.12877416200651E+05  0.46460510967486E+03  0.17230801007685E+03  0.37226361685782E+03  0.25072562798554E+04  0.81466607629338E+03  0.25144913535375E+04
  -0.29629023078895E+05  0.10668833116461E+05 -0.13615799466827E+04  0.74109817628647E+05 -0.74189716407813E+04  0.24306197444672E+05  0.14502786205622E+05  0.11069087568590E+06 -0.10485163979907E+05 -0.45679975888642E+04  0.94968952323287E+03 -0.71327950975987E+03 -0.67101574287379E+02  0.18775903604506E+02  0.94920272161219E+04 -0.11879084053881E+04  0.77947064602678E+04  0.44428340272098E+04 -0.44041720016020E+05  0.62532231752571E+02  0.43957514493955E+05  0.13886380440872E+04  0.39292521461404E+04  0.77418212774631E+04  0.55050012426098E+03  0.18188987761559E+04  0.49191771898653E+04 -0.27292764658223E+04 -0.41880409072883E+04  0.15104412745262E+03 -0.84024892782292E+04 -0.41040562134708E+05  0.14949723914351E+02 -0.71450980745084E+01 -0.18694693147724E+02  0.46880104281522E+03  0.17697756925910E+04 -0.24366816939590E+03 -0.12592040359127E+03 -0.31618467268374E+04 -0.32492795635228E+04 -0.18568371288492E+04 -0.53362434784810E+04
   0.53083523786343E+05 -0.11089799484651E+05  0.19130204791192E+04  0.63934187197932E+05 -0.90905504189922E+04  0.14502786205622E+05  0.11275853480119E+05  0.60982435346178E+05 -0.34793855898905E+04 -0.32526025191477E+04  0.55092700475900E+03 -0.23286841514229E+03 -0.27018592966695E+02  0.98515220943566E+01  0.48760910466597E+04 -0.61894074209504E+03  0.38917575895754E+04  0.22467959273956E+04 -0.23897037597639E+06  0.12337581353282E+02  0.10222728813272E+06  0.18421561667337E+04  0.52917468105419E+04  0.11878541120114E+05  0.62412839638579E+03  0.21606977005510E+04  0.84849902471947E+04 -0.24555265563139E+04 -0.38478584800854E+04  0.13729742225875E+03 -0.98012836848019E+04 -0.51106376974504E+05 -0.15335034740667E+03 -0.27273653933009E+03 -0.13066386325792E+02 -0.97399540185050E+03 -0.45542006324710E+04 -0.35277287662312E+03 -0.14920712050938E+03 -0.13424217312127E+04 -0.31075675162165E+04 -0.11466026617957E+04 -0.34145885875812E+04
   0.98996147619482E+06 -0.12553499444460E+06  0.28055511320880E+05  0.36344529480640E+06 -0.33386375078167E+05  0.11069087568590E+06  0.60982435346178E+05  0.53974930168182E+07 -0.24116247561493E+07 -0.89578774293998E+05  0.25978270993427E+05  0.26573623023686E+05  0.17975361354422E+04  0.99234684905916E+02  0.89441606961220E+05 -0.11368585737708E+05  0.83712803965884E+05  0.45354344663984E+05 -0.58858966907530E+06  0.44003729589962E+03  0.33891067967557E+06  0.17520704169751E+05  0.57803017862944E+05  0.90783502288024E+05  0.60935258142833E+04  0.22463120687426E+05  0.67324808094868E+05 -0.63210346042687E+05 -0.50663927757232E+05 -0.70505756452082E+05 -0.29611363395823E+06 -0.58129251747902E+06 -0.74035151330313E+05 -0.16661391020064E+06 -0.14148798183458E+04 -0.56822452922462E+04 -0.11165616953308E+05  0.25312484045640E+03  0.25929780958721E+03 -0.27472768036948E+06 -0.87688435106803E+04 -0.14483575476549E+06 -0.17859810794490E+06
  -0.18430209047501E+06  0.26453481134649E+05 -0.50731348482880E+04 -0.27978225059796E+05  0.51870856441174E+03 -0.10485163979907E+05 -0.34793855898905E+04 -0.24116247561493E+07  0.19292854861156E+07  0.19501404657353E+05 -0.64063424430071E+04 -0.55770146551076E+04 -0.30803328322674E+03 -0.13936906869437E+02  0.48028546793772E+05 -0.22274664922463E+04  0.14773796793393E+05  0.70771179305327E+04 -0.25847603398770E+05 -0.97002042240489E+02 -0.44600545189087E+04 -0.33624560741092E+04 -0.11729160482029E+05 -0.16854740040312E+05 -0.12174333409042E+04 -0.46727002762804E+04 -0.12244141733986E+05  0.11581508634353E+05  0.10940985712665E+05  0.24765388085848E+05  0.67202081331326E+05  0.12758926907459E+06  0.22914738272151E+05  0.51645573404896E+05  0.19175931116562E+03  0.59926231337842E+03  0.12112939886693E+04 -0.12527336088458E+04 -0.69562313543408E+03  0.11313995701264E+06  0.15659567617205E+04  0.45315810759815E+05  0.55346693914508E+05
  -0.50176969635986E+05  0.73937390975173E+04 -0.16662771979567E+04 -0.18348095575609E+05  0.23605234735689E+04 -0.45679975888642E+04 -0.32526025191477E+04 -0.89578774293998E+05  0.19501404657353E+05  0.26632099181686E+04 -0.61335954272501E+03 -0.66118629161048E+03 -0.58728863869462E+02 -0.17755445669589E+01 -0.40356726099657E+04  0.49424657852664E+03 -0.32999917057070E+04 -0.18706566800184E+04  0.56525477001721E+05 -0.12688677857157E+02 -0.30335490959128E+05 -0.78979834730715E+03 -0.24416345683404E+04 -0.42604151854071E+04 -0.26206293351571E+03 -0.92574044973000E+03 -0.32860236618447E+04  0.27571307028701E+04  0.19020756505189E+04  0.73823976039498E+03  0.11042021167960E+05  0.22919171144411E+05  0.14967455162076E+04  0.33092498340700E+04  0.43803569517741E+02  0.55383119621080E+03  0.10516247821081E+04  0.12945769167833E+03  0.57717563504604E+02  0.31424919879784E+04  0.43509071368052E+03  0.28419349520585E+04  0.35908067445567E+04
   0.72984563164206E+04 -0.87593049926291E+03  0.21028666969326E+03  0.31812327635893E+04 -0.31712344040026E+03  0.94968952323287E+03  0.55092700475900E+03  0.25978270993427E+05 -0.64063424430071E+04 -0.61335954272501E+03  0.16570235267345E+03  0.18542649585064E+03  0.13548417740342E+02  0.65947600799553E+00  0.12223710005508E+04 -0.13571378660417E+03  0.96624095912580E+03  0.52612710374142E+03 -0.60119209878037E+04  0.30476042571213E+01  0.31554134576397E+04  0.12526254793551E+03  0.40579560929023E+03  0.65539963400389E+03  0.42996864535355E+02  0.15624141391999E+03  0.48832818484070E+03 -0.46094181710616E+03 -0.34763567625065E+03 -0.33416943623610E+03 -0.19907349691685E+04 -0.39564120347108E+04 -0.41601785989748E+03 -0.93657199836635E+03 -0.10795863865043E+02 -0.44497590834955E+02 -0.87282560682187E+02 -0.13052756795702E+02 -0.61440040440698E+01 -0.11291052949668E+04 -0.63829979782797E+02 -0.81198108878834E+03 -0.10084670983108E+04
   0.15364281594254E+05 -0.12001891476511E+04  0.41724459311723E+03 -0.13983490597499E+04 -0.19764520041470E+02 -0.71327950975987E+03 -0.23286841514229E+03  0.26573623023686E+05 -0.55770146551076E+04 -0.66118629161048E+03  0.18542649585064E+03  0.15658499153821E+04  0.10435246263448E+03 -0.11568865702408E+01  0.13715023440613E+04 -0.19278554650007E+03  0.13656177555594E+04  0.79191486827286E+03 -0.60155187987228E+04 -0.47785025323304E+01  0.14920681833187E+04  0.14777191928160E+02  0.19623680988313E+03 -0.35410886340858E+03 -0.20504121532366E+02 -0.85991325116444E+02 -0.19736738532449E+03 -0.11146608586533E+04 -0.74182938660626E-01 -0.68582772567247E+03 -0.49702541252037E+04 -0.16227019110057E+02 -0.22444918546902E+04 -0.68950087841712E+02 -0.77447665698068E+02 -0.20314596638208E+00  0.35060173240152E-02 -0.17001494960909E+01 -0.72822625266667E+00  0.29139183012313E+03  0.30355033346280E+03 -0.26686979755931E+04 -0.45346380667992E+01
   0.17240925224413E+04 -0.13931825886858E+03  0.53082946271524E+02 -0.15067062728570E+03  0.50845532013838E+01 -0.67101574287379E+02 -0.27018592966695E+02  0.17975361354422E+04 -0.30803328322674E+03 -0.58728863869462E+02  0.13548417740342E+02  0.10435246263448E+03  0.94520809539698E+01 -0.16917389055826E+00  0.76928109129772E+02 -0.12968198512799E+02  0.80957144762124E+02  0.51184785350200E+02 -0.28780732547161E+03 -0.42313903812718E+00 -0.57478641115321E+02  0.32155517803443E+01  0.24291256546221E+02 -0.41918129796423E+02 -0.23499727082458E+01 -0.90190394802610E+01 -0.17767596314706E+02 -0.16400409237451E+03 -0.96031526089227E-02 -0.27008714834197E+02 -0.58479802577168E+03 -0.18057159668062E+01 -0.14150553206863E+03 -0.18077883867275E+02 -0.62974552692163E+01 -0.14516808154524E+00  0.23265585667725E-02 -0.17992979018499E+00 -0.69879559699695E-01  0.28822150982590E+02  0.67825658366507E+02 -0.19348620685862E+03 -0.35134669425058E+00
  -0.10688235349854E+03  0.12810761612115E+02 -0.40610191689869E+01  0.55384386676748E+02 -0.49305111099800E+01  0.18775903604506E+02  0.98515220943566E+01  0.99234684905916E+02 -0.13936906869437E+02 -0.17755445669589E+01  0.65947600799553E+00 -0.11568865702408E+01 -0.16917389055826E+00  0.49319074922932E-01  0.14216668210353E+02 -0.11020292715335E+01  0.86584605782052E+01  0.40845221081159E+01 -0.80283956446737E+02  0.30610907655878E-01  0.52266074510330E+02  0.34704385704335E+00  0.89483085517405E+00  0.31719341167692E+01  0.13308021874851E+00  0.44106783637273E+00  0.21080819249168E+01  0.68693539944896E-01 -0.25381976588228E-04 -0.59713230214665E+01 -0.76003115972467E+00 -0.19178052272872E-02 -0.31453464648109E+01 -0.14701590294759E-04 -0.13693274940748E+00  0.38500197241391E-13 -0.77173775086862E-12 -0.16438437243899E-02 -0.90320527716666E-03 -0.15802983731897E+01  0.41933394833931E-04 -0.30859845687805E+01 -0.35031992006560E-02
   0.97810179932155E+04  0.64423644122961E+03 -0.27562242012393E+03  0.31034237797442E+05 -0.26045586235411E+04  0.94920272161219E+04  0.48760910466597E+04  0.89441606961220E+05  0.48028546793772E+05 -0.40356726099657E+04  0.12223710005508E+04  0.13715023440613E+04  0.76928109129772E+02  0.14216668210353E+02  0.49680187482276E+05 -0.46369130830208E+04  0.33670521882785E+05  0.17565436224109E+05 -0.55270213077836E+05  0.13528282088231E+01 -0.99859523898453E+04 -0.13621282156113E+03 -0.42181829001401E+03 -0.42053414491606E+03 -0.43296193265633E+02 -0.15183740766528E+03 -0.42545584525688E+03 -0.27120506746150E+04 -0.17785869578535E+04 -0.24892426991259E+04  0.20121550587705E+04  0.43481098404535E+04 -0.14795429303631E+04 -0.29367048780937E+04 -0.72833868156798E+03  0.23726183361500E+03  0.42609226458370E+03 -0.28716335418277E+04 -0.15256721898648E+04 -0.23902132552786E+04  0.19417039894158E+03 -0.90000450125847E+03 -0.10143440835395E+04
  -0.21810426517029E+04 -0.53306872239262E+02 -0.80473515810312E+01 -0.37825416190003E+04  0.32238142471485E+03 -0.11879084053881E+04 -0.61894074209504E+03 -0.11368585737708E+05 -0.22274664922463E+04  0.49424657852664E+03 -0.13571378660417E+03 -0.19278554650007E+03 -0.12968198512799E+02 -0.11020292715335E+01 -0.46369130830208E+04  0.50334466794210E+03 -0.35582185319189E+04 -0.19335911097162E+04  0.64926513224436E+04 -0.75779089906871E+00  0.15388832981387E+04  0.14410795725288E+02  0.39913913471550E+02  0.25345869115655E+02  0.43075112267351E+01  0.14576352892532E+02  0.47401863767354E+02  0.50092978265731E+03  0.31382157501433E+03  0.28804053564113E+03 -0.16547506804392E+03 -0.50128104266521E+03  0.15377791297153E+03  0.30416833055669E+03  0.80815278684570E+02 -0.63768521638523E+02 -0.11300687983052E+03  0.43780621970769E+03  0.21668270183360E+03 -0.30570679316785E+03 -0.35042784662661E+02  0.25127142338347E+03  0.28161836754561E+03
   0.10540924638859E+05  0.13667114557362E+03 -0.12459137167491E+03  0.25163888777673E+05 -0.20572608950837E+04  0.77947064602678E+04  0.38917575895754E+04  0.83712803965884E+05  0.14773796793393E+05 -0.32999917057070E+04  0.96624095912580E+03  0.13656177555594E+04  0.80957144762124E+02  0.86584605782052E+01  0.33670521882785E+05 -0.35582185319189E+04  0.25718274615683E+05  0.13787951259565E+05 -0.45154299347417E+05 -0.44793800916771E+00 -0.92910507847489E+04 -0.15132543927371E+03 -0.45227978084764E+03 -0.50253583656205E+03 -0.49550661141811E+02 -0.16393259780062E+03 -0.42575009221240E+03 -0.23475910605017E+04 -0.15272706333304E+04 -0.23771408720239E+04  0.20407816877983E+04  0.42181226906627E+04 -0.11808259537441E+04 -0.23507733054827E+04 -0.57243451650517E+03  0.57625282264089E+02  0.11461489012365E+03 -0.23749501276320E+04 -0.12872857355144E+04  0.99813693470295E+03  0.19749921816942E+03 -0.14652161889035E+04 -0.16301092809789E+04
   0.75559700452289E+04  0.76796070966777E+02 -0.35252266688262E+01  0.14134877174225E+05 -0.11711550812199E+04  0.44428340272098E+04  0.22467959273956E+04  0.45354344663984E+05  0.70771179305327E+04 -0.18706566800184E+04  0.52612710374142E+03  0.79191486827286E+03  0.51184785350200E+02  0.40845221081159E+01  0.17565436224109E+05 -0.19335911097162E+04  0.13787951259565E+05  0.74994079342732E+04 -0.25167082895499E+05  0.99526360783716E+00 -0.58168525615474E+04 -0.81544716650094E+02 -0.23040967000053E+03 -0.22842030897350E+03 -0.26184004802893E+02 -0.84161999018882E+02 -0.22750446479890E+03 -0.16770294569043E+04 -0.10571755127281E+04 -0.11980716607565E+04  0.96047724885272E+03  0.23241401466757E+04 -0.59909027680335E+03 -0.11938343690164E+04 -0.31600842142643E+03  0.90455346203160E+02  0.16828933770195E+03 -0.15416443366824E+04 -0.80103256500455E+03  0.12476390455061E+04  0.14218788940363E+03 -0.10416200616766E+04 -0.11588641590988E+04
  -0.78123116462997E+07  0.26121692716080E+07 -0.30083201285155E+06 -0.22773103410880E+07  0.48588976593821E+06 -0.44041720016020E+05 -0.23897037597639E+06 -0.58858966907530E+06 -0.25847603398770E+05  0.56525477001721E+05 -0.60119209878037E+04 -0.60155187987228E+04 -0.28780732547161E+03 -0.80283956446737E+02 -0.55270213077836E+05  0.64926513224436E+04 -0.45154299347417E+05 -0.25167082895499E+05  0.33780593935645E+08  0.57143746714119E+04 -0.95251252504813E+07 -0.10118157693468E+06 -0.33016496612766E+06 -0.86588375938218E+06 -0.28584513678851E+05 -0.12185906843189E+06 -0.70185679287322E+06  0.34300869938947E+05  0.76211146580751E+05 -0.12142028179785E+04  0.56854496891576E+06  0.27951975487664E+07  0.17131589830574E+05  0.31516531022950E+05  0.21200847117665E+03  0.18513172681645E+06  0.81614193748755E+06  0.24414242507244E+05  0.76849413691041E+04 -0.18449354276012E+05  0.44833680600477E+05  0.20682212129156E+05  0.64294359550112E+05
  -0.11469498401813E+04  0.48800312699896E+03 -0.45505563634534E+02 -0.12996502126881E+03  0.48020469766477E+02  0.62532231752571E+02  0.12337581353282E+02  0.44003729589962E+03 -0.97002042240489E+02 -0.12688677857157E+02  0.30476042571213E+01 -0.47785025323304E+01 -0.42313903812718E+00  0.30610907655878E-01  0.13528282088231E+01 -0.75779089906871E+00 -0.44793800916771E+00  0.99526360783716E+00  0.57143746714119E+04  0.20646093185075E+01 -0.16299544229576E+04 -0.11208473809467E+02 -0.39783612098598E+02 -0.12886944989047E+03 -0.13043552552263E+01 -0.11054334103849E+02 -0.10168407548180E+03  0.00000000000000E+00 -0.33065117920873E+02  0.00000000000000E+00  0.00000000000000E+00  0.25816753034152E+03  0.00000000000000E+00 -0.61262592918608E+01  0.00000000000000E+00  0.00000000000000E+00  0.18765874892933E+03  0.00000000000000E+00  0.00000000000000E+00  0.00000000000000E+00  0.17437290370662E+02  0.00000000000000E+00 -0.33501014363320E+02
   0.29409186825982E+07 -0.84262599876360E+06  0.11162712641254E+06  0.81647767326304E+06 -0.16762940447824E+06  0.43957514493955E+05  0.10222728813272E+06  0.33891067967557E+06 -0.44600545189087E+04 -0.30335490959128E+05  0.31554134576397E+04  0.14920681833187E+04 -0.57478641115321E+02  0.52266074510330E+02 -0.99859523898453E+04  0.15388832981387E+04 -0.92910507847489E+04 -0.58168525615474E+04 -0.95251252504813E+07 -0.16299544229576E+04  0.46889355847081E+07  0.63180794620049E+05  0.18567405312027E+06  0.49053689096811E+06  0.17621108995419E+05  0.67514106067947E+05  0.36072430443820E+06  0.00000000000000E+00 -0.61203067282433E+05  0.00000000000000E+00  0.00000000000000E+00 -0.15189564470181E+07  0.00000000000000E+00  0.14543043777844E+05  0.00000000000000E+00  0.00000000000000E+00 -0.31662708898320E+06  0.00000000000000E+00  0.00000000000000E+00  0.00000000000000E+00  0.47085274545258E+05  0.00000000000000E+00 -0.51014126626089E+05
   0.33955457810741E+05 -0.66830961192336E+04  0.12435303286378E+04  0.12469838280020E+05 -0.23091881267719E+04  0.13886380440872E+04  0.18421561667337E+04  0.17520704169751E+05 -0.33624560741092E+04 -0.78979834730715E+03  0.12526254793551E+03  0.14777191928160E+02  0.32155517803443E+01  0.34704385704335E+00 -0.13621282156113E+03  0.14410795725288E+02 -0.15132543927371E+03 -0.81544716650094E+02 -0.10118157693468E+06 -0.11208473809467E+02  0.63180794620049E+05  0.11540397361009E+04  0.31698198044968E+04  0.79935764680453E+04  0.30177054935398E+03  0.10884487602728E+04  0.53463865369380E+04 -0.46639281577739E+02 -0.12991568404028E+04  0.42939642114424E+01  0.58176744238932E+03 -0.25669814792719E+05  0.00000000000000E+00 -0.81562376216447E+02  0.00000000000000E+00  0.20692982416051E+04 -0.30553781119994E+04  0.00000000000000E+00  0.00000000000000E+00  0.00000000000000E+00  0.12270224407551E+04 -0.31155401506541E+03 -0.16440954657910E+04
   0.12049527190912E+06 -0.27438592308287E+05  0.44211404595833E+04  0.36832400356264E+05 -0.68402517424286E+04  0.39292521461404E+04  0.52917468105419E+04  0.57803017862944E+05 -0.11729160482029E+05 -0.24416345683404E+04  0.40579560929023E+03  0.19623680988313E+03  0.24291256546221E+02  0.89483085517405E+00 -0.42181829001401E+03  0.39913913471550E+02 -0.45227978084764E+03 -0.23040967000053E+03 -0.33016496612766E+06 -0.39783612098598E+02  0.18567405312027E+06  0.31698198044968E+04  0.91567229842189E+04  0.22048054591812E+05  0.85918867366222E+03  0.31630445328551E+04  0.15610220099343E+05 -0.15273116878669E+03 -0.34411626920436E+04 -0.19546180022489E+02 -0.58462413386110E+04 -0.74490536858253E+05  0.00000000000000E+00 -0.21498213685747E+03  0.00000000000000E+00  0.30686804127257E+04 -0.10215116451703E+05  0.00000000000000E+00  0.00000000000000E+00  0.00000000000000E+00  0.35684055001494E+04 -0.17932511708897E+04 -0.48999856476044E+04
   0.21499970886472E+06 -0.54962123288252E+05  0.80229182771539E+04  0.86903671381953E+05 -0.16654161115340E+05  0.77418212774631E+04  0.11878541120114E+05  0.90783502288024E+05 -0.16854740040312E+05 -0.42604151854071E+04  0.65539963400389E+03 -0.35410886340858E+03 -0.41918129796423E+02  0.31719341167692E+01 -0.42053414491606E+03  0.25345869115655E+02 -0.50253583656205E+03 -0.22842030897350E+03 -0.86588375938218E+06 -0.12886944989047E+03  0.49053689096811E+06  0.79935764680453E+04  0.22048054591812E+05  0.62752453362234E+05  0.21563158719493E+04  0.79980583882785E+04  0.40666959769857E+05  0.23766554319422E+03 -0.10789859502153E+05 -0.46084866626140E+01  0.37295954079962E+05 -0.18119007539827E+06  0.00000000000000E+00 -0.69103555072460E+03  0.00000000000000E+00  0.16286329317572E+05 -0.26924453141361E+05  0.00000000000000E+00  0.00000000000000E+00  0.00000000000000E+00  0.58945145912005E+04  0.14805231642506E+04 -0.11422868545525E+05
   0.11709080125353E+05 -0.26987889600666E+04  0.43289182573523E+03  0.39671391809904E+04 -0.69382518479475E+03  0.55050012426098E+03  0.62412839638579E+03  0.60935258142833E+04 -0.12174333409042E+04 -0.26206293351571E+03  0.42996864535355E+02 -0.20504121532366E+02 -0.23499727082458E+01  0.13308021874851E+00 -0.43296193265633E+02  0.43075112267351E+01 -0.49550661141811E+02 -0.26184004802893E+02 -0.28584513678851E+05 -0.13043552552263E+01  0.17621108995419E+05  0.30177054935398E+03  0.85918867366222E+03  0.21563158719493E+04  0.10074378399970E+03  0.35456519320387E+03  0.15295170577128E+04  0.00000000000000E+00 -0.41101919152627E+03  0.00000000000000E+00  0.00000000000000E+00 -0.82103976718750E+04  0.00000000000000E+00 -0.25518132436682E+02  0.00000000000000E+00  0.00000000000000E+00 -0.55121479069696E+03  0.00000000000000E+00  0.00000000000000E+00  0.00000000000000E+00  0.28538711949691E+02  0.00000000000000E+00 -0.61299652381461E+03
   0.45514642633116E+05 -0.11327660773949E+05  0.16893731970117E+04  0.14472902326996E+05 -0.25837639496174E+04  0.18188987761559E+04  0.21606977005510E+04  0.22463120687426E+05 -0.46727002762804E+04 -0.92574044973000E+03  0.15624141391999E+03 -0.85991325116444E+02 -0.90190394802610E+01  0.44106783637273E+00 -0.15183740766528E+03  0.14576352892532E+02 -0.16393259780062E+03 -0.84161999018882E+02 -0.12185906843189E+06 -0.11054334103849E+02  0.67514106067947E+05  0.10884487602728E+04  0.31630445328551E+04  0.79980583882785E+04  0.35456519320387E+03  0.13007624100367E+04  0.57278501862321E+04  0.00000000000000E+00 -0.13077529144664E+04  0.00000000000000E+00  0.00000000000000E+00 -0.29715657489445E+05  0.00000000000000E+00 -0.80789285802326E+02  0.00000000000000E+00  0.00000000000000E+00 -0.33660008669327E+04  0.00000000000000E+00  0.00000000000000E+00  0.00000000000000E+00 -0.20890618123765E+02  0.00000000000000E+00 -0.22616621615801E+04
   0.23461808192918E+06 -0.64244717501009E+05  0.88400856599592E+04  0.64976652005759E+05 -0.12738133648632E+05  0.49191771898653E+04  0.84849902471947E+04  0.67324808094868E+05 -0.12244141733986E+05 -0.32860236618447E+04  0.48832818484070E+03 -0.19736738532449E+03 -0.17767596314706E+02  0.21080819249168E+01 -0.42545584525688E+03  0.47401863767354E+02 -0.42575009221240E+03 -0.22750446479890E+03 -0.70185679287322E+06 -0.10168407548180E+03  0.36072430443820E+06  0.53463865369380E+04  0.15610220099343E+05  0.40666959769857E+05  0.15295170577128E+04  0.57278501862321E+04  0.30122828333435E+05  0.00000000000000E+00 -0.74046886080253E+04  0.00000000000000E+00  0.00000000000000E+00 -0.12889511513537E+06  0.00000000000000E+00 -0.47422469324316E+03  0.00000000000000E+00  0.00000000000000E+00 -0.21267707831192E+05  0.00000000000000E+00  0.00000000000000E+00  0.00000000000000E+00  0.79439603612620E+04  0.00000000000000E+00 -0.78672574738951E+04
  -0.13224150407717E+06  0.16789662679818E+05 -0.46802480516912E+04 -0.12873219216835E+05  0.19973501602217E+04 -0.27292764658223E+04 -0.24555265563139E+04 -0.63210346042687E+05  0.11581508634353E+05  0.27571307028701E+04 -0.46094181710616E+03 -0.11146608586533E+04 -0.16400409237451E+03  0.68693539944896E-01 -0.27120506746150E+04  0.50092978265731E+03 -0.23475910605017E+04 -0.16770294569043E+04  0.34300869938947E+05  0.00000000000000E+00  0.00000000000000E+00 -0.46639281577739E+02 -0.15273116878669E+03  0.23766554319422E+03  0.00000000000000E+00  0.00000000000000E+00  0.00000000000000E+00  0.11696437137924E+06  0.00000000000000E+00  0.00000000000000E+00  0.00000000000000E+00  0.00000000000000E+00  0.00000000000000E+00  0.00000000000000E+00  0.00000000000000E+00  0.00000000000000E+00  0.00000000000000E+00  0.00000000000000E+00  0.00000000000000E+00  0.00000000000000E+00  0.00000000000000E+00  0.00000000000000E+00  0.00000000000000E+00
  -0.56059243732341E+05  0.82860872280250E+04 -0.19854099330806E+04 -0.21330538697240E+05  0.33572834921737E+04 -0.41880409072883E+04 -0.38478584800854E+04 -0.50663927757232E+05  0.10940985712665E+05  0.19020756505189E+04 -0.34763567625065E+03 -0.74182938660626E-01 -0.96031526089227E-02 -0.25381976588228E-04 -0.17785869578535E+04  0.31382157501433E+03 -0.15272706333304E+04 -0.10571755127281E+04  0.76211146580751E+05 -0.33065117920873E+02 -0.61203067282433E+05 -0.12991568404028E+04 -0.34411626920436E+04 -0.10789859502153E+05 -0.41101919152627E+03 -0.13077529144664E+04 -0.74046886080253E+04  0.00000000000000E+00  0.64929965856907E+05  0.00000000000000E+00  0.00000000000000E+00  0.00000000000000E+00  0.00000000000000E+00  0.00000000000000E+00  0.00000000000000E+00  0.00000000000000E+00  0.00000000000000E+00  0.00000000000000E+00  0.00000000000000E+00  0.00000000000000E+00  0.00000000000000E+00  0.00000000000000E+00  0.00000000000000E+00
  -0.52649131249071E+04 -0.19440824124570E+03  0.18567294051055E+02 -0.69597490815810E+02 -0.57140273315455E+02  0.15104412745262E+03  0.13729742225875E+03 -0.70505756452082E+05  0.24765388085848E+05  0.73823976039498E+03 -0.33416943623610E+03 -0.68582772567247E+03 -0.27008714834197E+02 -0.59713230214665E+01 -0.24892426991259E+04  0.28804053564113E+03 -0.23771408720239E+04 -0.11980716607565E+04 -0.12142028179785E+04  0.00000000000000E+00  0.00000000000000E+00  0.42939642114424E+01 -0.19546180022489E+02 -0.46084866626140E+01  0.00000000000000E+00  0.00000000000000E+00  0.00000000000000E+00  0.00000000000000E+00  0.00000000000000E+00  0.30807047436301E+05  0.00000000000000E+00  0.00000000000000E+00  0.00000000000000E+00  0.00000000000000E+00  0.00000000000000E+00  0.00000000000000E+00  0.00000000000000E+00  0.00000000000000E+00  0.00000000000000E+00  0.00000000000000E+00  0.00000000000000E+00  0.00000000000000E+00  0.00000000000000E+00
  -0.86895056442523E+06  0.21061312179400E+06 -0.31897970845097E+05 -0.66396822820769E+05  0.11774327144141E+05 -0.84024892782292E+04 -0.98012836848019E+04 -0.29611363395823E+06  0.67202081331326E+05  0.11042021167960E+05 -0.19907349691685E+04 -0.49702541252037E+04 -0.58479802577168E+03 -0.76003115972467E+00  0.20121550587705E+04 -0.16547506804392E+03  0.20407816877983E+04  0.96047724885272E+03  0.56854496891576E+06  0.00000000000000E+00  0.00000000000000E+00  0.58176744238932E+03 -0.58462413386110E+04  0.37295954079962E+05  0.00000000000000E+00  0.00000000000000E+00  0.00000000000000E+00  0.00000000000000E+00  0.00000000000000E+00  0.00000000000000E+00  0.58094931535097E+06  0.00000000000000E+00  0.00000000000000E+00  0.00000000000000E+00  0.00000000000000E+00  0.00000000000000E+00  0.00000000000000E+00  0.00000000000000E+00  0.00000000000000E+00  0.00000000000000E+00  0.00000000000000E+00  0.00000000000000E+00  0.00000000000000E+00
  -0.11261933346394E+07  0.26588798767215E+06 -0.41518911779580E+05 -0.34490004348548E+06  0.62484959140663E+05 -0.41040562134708E+05 -0.51106376974504E+05 -0.58129251747902E+06  0.12758926907459E+06  0.22919171144411E+05 -0.39564120347108E+04 -0.16227019110057E+02 -0.18057159668062E+01 -0.19178052272872E-02  0.43481098404535E+04 -0.50128104266521E+03  0.42181226906627E+04  0.23241401466757E+04  0.27951975487664E+07  0.25816753034152E+03 -0.15189564470181E+07 -0.25669814792719E+05 -0.74490536858253E+05 -0.18119007539827E+06 -0.82103976718750E+04 -0.29715657489445E+05 -0.12889511513537E+06  0.00000000000000E+00  0.00000000000000E+00  0.00000000000000E+00  0.00000000000000E+00  0.92177480296341E+06  0.00000000000000E+00  0.00000000000000E+00  0.00000000000000E+00  0.00000000000000E+00  0.00000000000000E+00  0.00000000000000E+00  0.00000000000000E+00  0.00000000000000E+00  0.00000000000000E+00  0.00000000000000E+00  0.00000000000000E+00
  -0.20983068279422E+05  0.57476603249605E+04 -0.79996953775239E+03 -0.13667967797694E+04  0.31958843006238E+03  0.14949723914351E+02 -0.15335034740667E+03 -0.74035151330313E+05  0.22914738272151E+05  0.14967455162076E+04 -0.41601785989748E+03 -0.22444918546902E+04 -0.14150553206863E+03 -0.31453464648109E+01 -0.14795429303631E+04  0.15377791297153E+03 -0.11808259537441E+04 -0.59909027680335E+03  0.17131589830574E+05  0.00000000000000E+00  0.00000000000000E+00  0.00000000000000E+00  0.00000000000000E+00  0.00000000000000E+00  0.00000000000000E+00  0.00000000000000E+00  0.00000000000000E+00  0.00000000000000E+00  0.00000000000000E+00  0.00000000000000E+00  0.00000000000000E+00  0.00000000000000E+00  0.14296659927366E+05  0.00000000000000E+00  0.00000000000000E+00  0.00000000000000E+00  0.00000000000000E+00  0.00000000000000E+00  0.00000000000000E+00  0.00000000000000E+00  0.00000000000000E+00  0.00000000000000E+00  0.00000000000000E+00
  -0.47555176188337E+05  0.13196049266438E+05 -0.18199895576147E+04 -0.24955990073346E+04  0.56318281418404E+03 -0.71450980745084E+01 -0.27273653933009E+03 -0.16661391020064E+06  0.51645573404896E+05  0.33092498340700E+04 -0.93657199836635E+03 -0.68950087841712E+02 -0.18077883867275E+02 -0.14701590294759E-04 -0.29367048780937E+04  0.30416833055669E+03 -0.23507733054827E+04 -0.11938343690164E+04  0.31516531022950E+05 -0.61262592918608E+01  0.14543043777844E+05 -0.81562376216447E+02 -0.21498213685747E+03 -0.69103555072460E+03 -0.25518132436682E+02 -0.80789285802326E+02 -0.47422469324316E+03  0.00000000000000E+00  0.00000000000000E+00  0.00000000000000E+00  0.00000000000000E+00  0.00000000000000E+00  0.00000000000000E+00  0.31404277732998E+05  0.00000000000000E+00  0.00000000000000E+00  0.00000000000000E+00  0.00000000000000E+00  0.00000000000000E+00  0.00000000000000E+00  0.00000000000000E+00  0.00000000000000E+00  0.00000000000000E+00
  -0.32092325216399E+04  0.42290824919168E+03 -0.10094994397470E+03 -0.70852351154570E+02  0.89596936104804E+01 -0.18694693147724E+02 -0.13066386325792E+02 -0.14148798183458E+04  0.19175931116562E+03  0.43803569517741E+02 -0.10795863865043E+02 -0.77447665698068E+02 -0.62974552692163E+01 -0.13693274940748E+00 -0.72833868156798E+03  0.80815278684570E+02 -0.57243451650517E+03 -0.31600842142643E+03  0.21200847117665E+03  0.00000000000000E+00  0.00000000000000E+00  0.00000000000000E+00  0.00000000000000E+00  0.00000000000000E+00  0.00000000000000E+00  0.00000000000000E+00  0.00000000000000E+00  0.00000000000000E+00  0.00000000000000E+00  0.00000000000000E+00  0.00000000000000E+00  0.00000000000000E+00  0.00000000000000E+00  0.00000000000000E+00  0.37994870823569E+04  0.00000000000000E+00  0.00000000000000E+00  0.00000000000000E+00  0.00000000000000E+00  0.00000000000000E+00  0.00000000000000E+00  0.00000000000000E+00  0.00000000000000E+00
  -0.20498228977565E+06  0.63916881493500E+05 -0.79215710282051E+04 -0.11786024993722E+05  0.28936460973811E+04  0.46880104281522E+03 -0.97399540185050E+03 -0.56822452922462E+04  0.59926231337842E+03  0.55383119621080E+03 -0.44497590834955E+02 -0.20314596638208E+00 -0.14516808154524E+00  0.38500197241391E-13  0.23726183361500E+03 -0.63768521638523E+02  0.57625282264089E+02  0.90455346203160E+02  0.18513172681645E+06  0.00000000000000E+00  0.00000000000000E+00  0.20692982416051E+04  0.30686804127257E+04  0.16286329317572E+05  0.00000000000000E+00  0.00000000000000E+00  0.00000000000000E+00  0.00000000000000E+00  0.00000000000000E+00  0.00000000000000E+00  0.00000000000000E+00  0.00000000000000E+00  0.00000000000000E+00  0.00000000000000E+00  0.00000000000000E+00  0.10629267626077E+06  0.00000000000000E+00  0.00000000000000E+00  0.00000000000000E+00  0.00000000000000E+00  0.00000000000000E+00  0.00000000000000E+00  0.00000000000000E+00
  -0.23094979400086E+06  0.71485387649223E+05 -0.89075532256429E+04 -0.53216519485513E+05  0.12877416200651E+05  0.17697756925910E+04 -0.45542006324710E+04 -0.11165616953308E+05  0.12112939886693E+04  0.10516247821081E+04 -0.87282560682187E+02  0.35060173240152E-02  0.23265585667725E-02 -0.77173775086862E-12  0.42609226458370E+03 -0.11300687983052E+03  0.11461489012365E+03  0.16828933770195E+03  0.81614193748755E+06  0.18765874892933E+03 -0.31662708898320E+06 -0.30553781119994E+04 -0.10215116451703E+05 -0.26924453141361E+05 -0.55121479069696E+03 -0.33660008669327E+04 -0.21267707831192E+05  0.00000000000000E+00  0.00000000000000E+00  0.00000000000000E+00  0.00000000000000E+00  0.00000000000000E+00  0.00000000000000E+00  0.00000000000000E+00  0.00000000000000E+00  0.00000000000000E+00  0.13864621979841E+06  0.00000000000000E+00  0.00000000000000E+00  0.00000000000000E+00  0.00000000000000E+00  0.00000000000000E+00  0.00000000000000E+00
