# fitpack15: fit parameters                                                                         
# CJ15 AV18 final data choices                                                                      
# Created on 01/15/2020 at 22:54:18                                                                 

 # QCD setup
  INS                           0
  NVL                          11
  IORD                          1
  Q02                   1.6899999999999999     
  IPARAMC                       7
  FLAVOR                4.0000000000000000     
  xmc                   1.3000000000000000     
  xmb                   4.5000000000000000     
  ncb                          12
  ihq                           1
  ias                           0

 # Theory corrections
  inuke                     10814
  itmc                          1
  iht                           1

 # fit parameters
 LAMBDA       0.22680        0.0000    
 a0uv          1.9548        0.0000    
 a1uv         0.56859       0.23572E-01
 a2uv          3.5567       0.11685E-01
 a3uv          0.0000        0.0000    
 a4uv          4.5680       0.63018    
 a5uv          0.0000        0.0000    
 a0dv          25.122        0.0000    
 a1dv          1.1579       0.33090E-01
 a2dv          6.6263       0.15891    
 a3dv         -3.5605       0.84599E-01
 a4dv          4.7854       0.13942    
 a5dv          0.0000        0.0000    
 a0ud         0.14197       0.49828E-02
 a1ud        -0.21086       0.38199E-02
 a2ud          8.4245       0.18953    
 a3ud          0.0000        0.0000    
 a4ud          15.767        1.3081    
 a5ud          0.0000        0.0000    
 a0du          35712.        0.0000    
 a1du          4.0862       0.86455E-01
 a2du          20.131       0.96014    
 a3du          17.000        0.0000    
 a4du          53.545        12.095    
 a0g           47.604        0.0000    
 a1g          0.61062       0.32805E-01
 a2g           6.8612       0.97268    
 a3g          -3.3833       0.14957    
 a4g           3.4093       0.38311    
 a5g           0.0000        0.0000    
 kappa        0.40000        0.0000    
 a6dv        -0.39137E-02   0.67025E-03
 a7dv          2.0000        0.0000    
 off1         -2.6801        1.8369    
 off2         0.52242E-01   0.10921E-01
 ht1          -3.5702       0.34755    
 ht2           2.0911       0.12493    
 ht3          -2.0477       0.35553E-01
 ht4           0.0000        0.0000    
 ht1n         -3.7762        1.0546    
 ht2n          2.0156       0.34687    
 ht3n         -2.1226       0.67799E-01
 ht4n          0.0000        0.0000    
 dummy44       0.0000        0.0000    
 dummy45       0.0000        0.0000    
 dummy46       0.0000        0.0000    
 dummy47       0.0000        0.0000    
 dummy48       0.0000        0.0000    
 dummy49       0.0000        0.0000    
 bcdmsh2      0.97004       0.48546E-02
 bcdmsd2      0.99008       0.58551E-02
 ccfr          1.0000        0.0000    
 nutev         1.0000        0.0000    
 zeus         0.97998        0.0000    
 h1            1.0162        0.0000    
 e605          1.0319        0.0000    
 NmcH2         1.0065       0.71339E-02
 ntv_nu        1.0000        0.0000    
 ntv_nubar     1.0000        0.0000    
 cdf_jet      0.98910        0.0000    
 d0_jet       0.83504        0.0000    
 slac_p        1.0020       0.50398E-02
 slac_d        1.0013       0.53119E-02
 e866pp       0.98194       0.19963E-01
 e866pd       0.96961       0.16449E-01
 d0_gamjet     1.0363       0.16487E-01
 h1b          0.97608        0.0000    
 jlab_p       0.99055       0.62873E-02
 jlab_d       0.97455       0.60141E-02
 blank         1.0000        0.0000    
 d0run2       0.94454       0.14206E-01
 cdfrun2      0.93132       0.17320E-01
 HERA_el       1.0000        0.0000    
 HERA_ps       1.0000        0.0000    
 CDF_Z        0.95913       0.66292E-02
 NmcRat        1.0000        0.0000    
 BNS_F2nd     0.98276       0.11788E-01
 HERMES_F2p   0.99591       0.56748E-02
 HERMES_F2d   0.97758       0.58467E-02
 END 0. 0.

 # Hessian matrix (Bevington alpha)
   0.51936384222504E+07 -0.13314955165471E+07  0.19513490615147E+06  0.50398840578034E+06 -0.12792311760184E+06 -0.29774157124829E+05  0.53222819482159E+05  0.98889398047243E+06 -0.18406198038534E+06 -0.50184193426732E+05  0.73180106762096E+04  0.15339944353626E+05  0.17231814991320E+04 -0.10580221518690E+03  0.96362170180291E+04 -0.21448509628673E+04  0.10007641691435E+05  0.72190483489296E+04 -0.78570860566960E+07 -0.16255339753441E+04 -0.11862449336804E+07  0.32274562462996E+05  0.11571722070312E+06  0.20035279448255E+06  0.11342730023193E+05  0.43968513156721E+05  0.22407105230968E+06 -0.13224377950716E+06 -0.56058653004320E+05 -0.52595363071920E+04 -0.86858203970918E+06 -0.11262052541518E+07 -0.20988230962322E+05 -0.47532515052039E+05 -0.32078847206294E+04 -0.20489808667938E+06 -0.23104901422781E+06 -0.92310880220376E+04 -0.32569539373895E+04 -0.18080029944382E+05  0.17128142907426E+05 -0.74362985141670E+05 -0.58615464688633E+05
  -0.13314955165471E+07  0.41657255055600E+06 -0.51103598821256E+05 -0.13735160218277E+06  0.34550625873771E+05  0.10728350344277E+05 -0.11124582768465E+05 -0.12545717255153E+06  0.26423894666340E+05  0.74017692259079E+04 -0.87882506101217E+03 -0.11984548224947E+04 -0.13930761391768E+03  0.12684623359306E+02  0.64748145588194E+03 -0.53227854544691E+02  0.13895287351914E+03  0.76055098715311E+02  0.26299079740615E+07  0.62072242341213E+03  0.33839467610494E+06 -0.61889444067543E+04 -0.26024454175576E+05 -0.50395377364675E+05 -0.25913781103841E+04 -0.10849188541039E+05 -0.60987369338813E+05  0.16792521442673E+05  0.82931655471134E+04 -0.19513233526046E+03  0.21052114205435E+06  0.26616799667102E+06  0.57503676798211E+04  0.13191170306715E+05  0.42267531202663E+03  0.63896037176564E+05  0.71585184464793E+05  0.24374572594468E+04  0.77143774884444E+03 -0.22156071164444E+04 -0.22577301978732E+04  0.86847548464580E+04  0.72959615777610E+04
   0.19513490615147E+06 -0.51103598821256E+05  0.73849558282273E+04  0.18738494272252E+05 -0.48682641175377E+04 -0.13678539294222E+04  0.19188805994821E+04  0.28035081274910E+05 -0.50679628261179E+04 -0.16670904483497E+04  0.21095992775468E+03  0.41679422847849E+03  0.53073146763539E+02 -0.40141597619126E+01 -0.28033070122800E+03 -0.69987307342154E+01 -0.12969896376001E+03 -0.80034046010804E+01 -0.30265948122288E+06 -0.63647617387036E+02 -0.45025881109580E+05  0.11799955561780E+04  0.42411163397966E+04  0.74634516195621E+04  0.41918310779072E+03  0.16309648020118E+04  0.84377193307679E+04 -0.46806727728677E+04 -0.19861405831712E+04  0.18750066727802E+02 -0.31885916086190E+05 -0.41533821593573E+05 -0.80024527598419E+03 -0.18192416933882E+04 -0.10090961383468E+03 -0.79188517387481E+04 -0.89146838873627E+04 -0.34674916723782E+03 -0.12111967030770E+03 -0.65685207478352E+02  0.61128246600804E+03 -0.22232319893891E+04 -0.17939945282189E+04
   0.50398840578034E+06 -0.13735160218277E+06  0.18738494272252E+05  0.40093482584646E+06 -0.62345556941422E+05  0.74487890191938E+05  0.64186442177609E+05  0.36295395109651E+06 -0.27970934245759E+05 -0.18336832603893E+05  0.31874864619652E+04 -0.13979012992714E+04 -0.15039373560146E+03  0.54660990715704E+02  0.30952857763077E+05 -0.37561992077358E+04  0.24420008984673E+05  0.13711977985903E+05 -0.22885395910403E+07 -0.26713569175245E+03 -0.32912841930828E+06  0.11992638403461E+05  0.35527592788708E+05  0.82906824835358E+05  0.38586533121697E+04  0.14064777804091E+05  0.62155484571240E+05 -0.12874850093915E+05 -0.21328577945194E+05 -0.66911123280330E+02 -0.66366954292468E+05 -0.34460016157839E+06 -0.13649757051499E+04 -0.24927850759735E+04 -0.70646736102914E+02 -0.11782464127589E+05 -0.53173309766447E+05 -0.24808468578469E+04 -0.96386143762201E+03 -0.98229321136967E+04 -0.15895020945846E+05 -0.72622874142750E+04 -0.21522229663078E+05
  -0.12792311760184E+06  0.34550625873771E+05 -0.48682641175377E+04 -0.62345556941422E+05  0.11446960424381E+05 -0.74620831138972E+04 -0.91378173663474E+04 -0.33390251464227E+05  0.52373441950373E+03  0.23629393500048E+04 -0.31824319368106E+03 -0.19596877808383E+02  0.50641345796160E+01 -0.48649307763154E+01 -0.25971102509807E+04  0.31964970197853E+03 -0.19966773267857E+04 -0.11357425416217E+04  0.48996833330286E+06  0.76099325043460E+02  0.67667978502703E+05 -0.22111231491359E+04 -0.65749644142405E+04 -0.15811507877123E+05 -0.67377526506532E+03 -0.25028049219945E+04 -0.12145813195700E+05  0.19993495089364E+04  0.33628581694455E+04 -0.57452213974195E+02  0.11790692121084E+05  0.62584670714211E+05  0.31991333279537E+03  0.56383392714832E+03  0.89355486288845E+01  0.29005024776570E+04  0.12915185544155E+05  0.46600031783721E+03  0.17268534441957E+03  0.37013892426584E+03  0.25105144954038E+04  0.81519201075634E+03  0.25155938486591E+04
  -0.29774157124829E+05  0.10728350344277E+05 -0.13678539294222E+04  0.74487890191938E+05 -0.74620831138972E+04  0.24567972165609E+05  0.14653846201523E+05  0.11113047823477E+06 -0.10529217745931E+05 -0.45910196499970E+04  0.95665560750304E+03 -0.71537415290708E+03 -0.67290164720228E+02  0.18625404481515E+02  0.95168466561220E+04 -0.11864759286846E+04  0.75933133498684E+04  0.43282569952434E+04 -0.44656148154240E+05  0.53836361892313E+02 -0.18254556166810E+05  0.13841888465800E+04  0.39186772291684E+04  0.77407273013943E+04  0.54578028199678E+03  0.18184410252411E+04  0.49213318453787E+04 -0.27482568812996E+04 -0.42121319576088E+04  0.15336000506608E+03 -0.84728973343965E+04 -0.41263501773227E+05  0.14577317264853E+02 -0.80223748069833E+01 -0.18779006626501E+02  0.46622613312311E+03  0.17889500676453E+04 -0.24679056438694E+03 -0.12718928054952E+03 -0.31705118048091E+04 -0.32816789093163E+04 -0.18660387453561E+04 -0.53590936519168E+04
   0.53222819482159E+05 -0.11124582768465E+05  0.19188805994821E+04  0.64186442177609E+05 -0.91378173663474E+04  0.14653846201523E+05  0.11383322659967E+05  0.61223284395244E+05 -0.35003432757024E+04 -0.32679788374956E+04  0.55494938183976E+03 -0.23368927165560E+03 -0.27082388154358E+02  0.97639199016335E+01  0.48825265373321E+04 -0.61683445950747E+03  0.37870882272828E+04  0.21855737962945E+04 -0.24154469208508E+06 -0.56408468732480E+01 -0.41629590820696E+05  0.17951323335381E+04  0.51666564371203E+04  0.11490149710433E+05  0.61285965682918E+03  0.21261658013224E+04  0.82145852893104E+04 -0.24691892218092E+04 -0.38686259030486E+04  0.13860464096934E+03 -0.98569825458579E+04 -0.51347845670809E+05 -0.15408441626297E+03 -0.27409116163140E+03 -0.13104426887609E+02 -0.98058806311615E+03 -0.45729377514373E+04 -0.35553079553799E+03 -0.15022707639740E+03 -0.13453438263038E+04 -0.31297377864989E+04 -0.11517740133470E+04 -0.34282132325360E+04
   0.98889398047243E+06 -0.12545717255153E+06  0.28035081274910E+05  0.36295395109651E+06 -0.33390251464227E+05  0.11113047823477E+06  0.61223284395244E+05  0.53869423733161E+07 -0.24090657158755E+07 -0.89453902284834E+05  0.25994317832195E+05  0.26463408032535E+05  0.17918730933661E+04  0.96983538723787E+02  0.89159244543683E+05 -0.11301363653303E+05  0.81249439271391E+05  0.44045036891014E+05 -0.59249892641667E+06  0.37283214543085E+03 -0.14055500661967E+06  0.17831112169648E+05  0.58454567394164E+05  0.94386857952466E+05  0.61518591727847E+04  0.22676945976617E+05  0.69768460446375E+05 -0.63171276994141E+05 -0.50611041197355E+05 -0.70438947204034E+05 -0.29585516099726E+06 -0.58144537355074E+06 -0.74005134308406E+05 -0.16645315646210E+06 -0.14128808587404E+04 -0.56754892934449E+04 -0.11185391420032E+05  0.23505045652377E+03  0.25425758343757E+03 -0.27440604999854E+06 -0.87776431403929E+04 -0.14466526830742E+06 -0.17837442713190E+06
  -0.18406198038534E+06  0.26423894666340E+05 -0.50679628261179E+04 -0.27970934245759E+05  0.52373441950373E+03 -0.10529217745931E+05 -0.35003432757024E+04 -0.24090657158755E+07  0.19291470253348E+07  0.19478350153568E+05 -0.64106569132829E+04 -0.55514651089546E+04 -0.30676683556265E+03 -0.13543202979745E+02  0.47994665881919E+05 -0.22211824120397E+04  0.14500889706752E+05  0.69121164373254E+04 -0.25969199428986E+05 -0.94598096242103E+02  0.24193382012786E+04 -0.35201645027804E+04 -0.12096552163537E+05 -0.18415567649539E+05 -0.12539999280143E+04 -0.47910499364185E+04 -0.13312457278370E+05  0.11582207566862E+05  0.10927973457505E+05  0.24750025833622E+05  0.67167586344834E+05  0.12764553541463E+06  0.22915760487670E+05  0.51611848825117E+05  0.19135357435231E+03  0.59444195113141E+03  0.12068313642159E+04 -0.12471365957276E+04 -0.69405472118542E+03  0.11306982495214E+06  0.15684765102316E+04  0.45281307101540E+05  0.55292180203438E+05
  -0.50184193426732E+05  0.74017692259079E+04 -0.16670904483497E+04 -0.18336832603893E+05  0.23629393500048E+04 -0.45910196499970E+04 -0.32679788374956E+04 -0.89453902284834E+05  0.19478350153568E+05  0.26621596136438E+04 -0.61447185473834E+03 -0.65932507205533E+03 -0.58631530334632E+02 -0.17364060135936E+01 -0.40244903952348E+04  0.49091748234045E+03 -0.31980279774759E+04 -0.18130114037007E+04  0.56965890315082E+05 -0.71462887055629E+01  0.12424973407490E+05 -0.78270930691920E+03 -0.24197099276111E+04 -0.42292834710065E+04 -0.25978490159233E+03 -0.91979771344181E+03 -0.32623771358179E+04  0.27566866142473E+04  0.19028963232536E+04  0.73782764561481E+03  0.11040405226956E+05  0.22947618514898E+05  0.14969598517953E+04  0.33088759100687E+04  0.43768976592271E+02  0.55475211523809E+03  0.10559251029623E+04  0.12993172065163E+03  0.57841154955465E+02  0.31396255993250E+04  0.43560855110188E+03  0.28402250726237E+04  0.35898110761619E+04
   0.73180106762096E+04 -0.87882506101217E+03  0.21095992775468E+03  0.31874864619652E+04 -0.31824319368106E+03  0.95665560750304E+03  0.55494938183976E+03  0.25994317832195E+05 -0.64106569132829E+04 -0.61447185473834E+03  0.16632888873772E+03  0.18528636091181E+03  0.13555593914000E+02  0.64590413702203E+00  0.12229429616267E+04 -0.13536428639287E+03  0.94111027475851E+03  0.51246453774029E+03 -0.60736674050881E+04  0.24473887787152E+01 -0.13071673514797E+04  0.12670964565265E+03  0.40887534709051E+03  0.67278868776254E+03  0.43243590836522E+02  0.15734863764512E+03  0.50016937276772E+03 -0.46220654416985E+03 -0.34850150616045E+03 -0.33463106394759E+03 -0.19956198392139E+04 -0.39710266887365E+04 -0.41702560595973E+03 -0.93841683329181E+03 -0.10815836198719E+02 -0.44659986005055E+02 -0.87845693087416E+02 -0.13206996509016E+02 -0.61964069550002E+01 -0.11303930513955E+04 -0.64115434295432E+02 -0.81336139456711E+03 -0.10102348083524E+04
   0.15339944353626E+05 -0.11984548224947E+04  0.41679422847849E+03 -0.13979012992714E+04 -0.19596877808383E+02 -0.71537415290708E+03 -0.23368927165560E+03  0.26463408032535E+05 -0.55514651089546E+04 -0.65932507205533E+03  0.18528636091181E+03  0.15572807695056E+04  0.10391102925454E+03 -0.11835309135149E+01  0.13654442089382E+04 -0.19136008386924E+03  0.13174721725720E+04  0.76553505188867E+03 -0.60317696496318E+04 -0.49591045633160E+01 -0.59050585400981E+03  0.78891131806156E+01  0.17512455232032E+03 -0.40033246399848E+03 -0.21690273545969E+02 -0.89536119015549E+02 -0.22998137445184E+03 -0.11135979109319E+04 -0.68337978616051E-01 -0.68312163172384E+03 -0.49623748000106E+04 -0.15267951374356E+02 -0.22384455281579E+04 -0.69094036566391E+02 -0.77252563241304E+02 -0.20509166182056E+00  0.28097815347654E-02 -0.16987844025194E+01 -0.72708070421665E+00  0.28963867170005E+03  0.30435725246832E+03 -0.26612394076898E+04 -0.40746993678258E+01
   0.17231814991320E+04 -0.13930761391768E+03  0.53073146763539E+02 -0.15039373560146E+03  0.50641345796160E+01 -0.67290164720228E+02 -0.27082388154358E+02  0.17918730933661E+04 -0.30676683556265E+03 -0.58631530334632E+02  0.13555593914000E+02  0.10391102925454E+03  0.94242591164511E+01 -0.16775686614507E+00  0.76561096368983E+02 -0.12862572319955E+02  0.77666632576305E+02  0.49277264520645E+02 -0.28906987281513E+03 -0.40630335331011E+00  0.22792001285787E+02  0.29037511232299E+01  0.23273232619222E+02 -0.43192634369351E+02 -0.23531894994581E+01 -0.90777784420092E+01 -0.18791609699812E+02 -0.16395148092049E+03 -0.91495603522834E-02 -0.26925324847374E+02 -0.58444038547803E+03 -0.17762497196043E+01 -0.14124452639057E+03 -0.18125821514658E+02 -0.62881078404587E+01 -0.14657533163368E+00  0.19336183518891E-02 -0.17996376867253E+00 -0.69839017478376E-01  0.28706248724800E+02  0.68013446909605E+02 -0.19312125331425E+03 -0.32399544429962E+00
  -0.10580221518690E+03  0.12684623359306E+02 -0.40141597619126E+01  0.54660990715704E+02 -0.48649307763154E+01  0.18625404481515E+02  0.97639199016335E+01  0.96983538723787E+02 -0.13543202979745E+02 -0.17364060135936E+01  0.64590413702203E+00 -0.11835309135149E+01 -0.16775686614507E+00  0.47728055192616E-01  0.13943849903079E+02 -0.10765692791173E+01  0.83151125056107E+01  0.39156858662582E+01 -0.79594710239261E+02  0.20781330292974E-01 -0.21059181100992E+02  0.27419533912023E+00  0.69912562845559E+00  0.25501973377934E+01  0.10944202511190E+00  0.36912887833964E+00  0.16837689654219E+01  0.67508446653708E-01 -0.20622993359018E-04 -0.58198572351042E+01 -0.71585131557784E+00 -0.15751378242924E-02 -0.30227098961884E+01 -0.12704814694280E-04 -0.13279169952396E+00  0.21228822792666E-12 -0.70264254146615E-12 -0.15947328869499E-02 -0.87606240552061E-03 -0.15732352873836E+01  0.35342625873160E-04 -0.29614784818600E+01 -0.28696076578671E-02
   0.96362170180291E+04  0.64748145588194E+03 -0.28033070122800E+03  0.30952857763077E+05 -0.25971102509807E+04  0.95168466561220E+04  0.48825265373321E+04  0.89159244543683E+05  0.47994665881919E+05 -0.40244903952348E+04  0.12229429616267E+04  0.13654442089382E+04  0.76561096368983E+02  0.13943849903079E+02  0.49599142146468E+05 -0.46151549253790E+04  0.32811411543356E+05  0.17099702386766E+05 -0.55518993083557E+05  0.29539368631310E+01  0.40401560079005E+04 -0.12706519669288E+03 -0.39832836561167E+03 -0.34401213068845E+03 -0.40917766453002E+02 -0.14463734170886E+03 -0.36879699626560E+03 -0.26915914069376E+04 -0.17653607605136E+04 -0.24906183219811E+04  0.20282108574581E+04  0.43753263886233E+04 -0.14780290856933E+04 -0.29344111592966E+04 -0.72751139596030E+03  0.22652430985200E+03  0.40883083670333E+03 -0.28570375575530E+04 -0.15201976377307E+04 -0.24079903376164E+04  0.19451538567063E+03 -0.89553972195909E+03 -0.10088285110383E+04
  -0.21448509628673E+04 -0.53227854544691E+02 -0.69987307342154E+01 -0.37561992077358E+04  0.31964970197853E+03 -0.11864759286846E+04 -0.61683445950747E+03 -0.11301363653303E+05 -0.22211824120397E+04  0.49091748234045E+03 -0.13536428639287E+03 -0.19136008386924E+03 -0.12862572319955E+02 -0.10765692791173E+01 -0.46151549253790E+04  0.49903213954709E+03 -0.34483473396242E+04 -0.18727359865804E+04  0.64928712336083E+04 -0.98129026631937E+00 -0.61621549016233E+03  0.13125480894250E+02  0.36702953946565E+02  0.13334809117495E+02  0.40671306196466E+01  0.13753446717668E+02  0.38090292456513E+02  0.49495181970546E+03  0.31010407950138E+03  0.28768858232408E+03 -0.16923792464891E+03 -0.50716164173505E+03  0.15297151324171E+03  0.30276463729343E+03  0.80455882437647E+02 -0.60818512163216E+02 -0.10826789523374E+03  0.43300830265319E+03  0.21478926282263E+03 -0.29980469392368E+03 -0.35108321658053E+02  0.24930580469181E+03  0.27934219474674E+03
   0.10007641691435E+05  0.13895287351914E+03 -0.12969896376001E+03  0.24420008984673E+05 -0.19966773267857E+04  0.75933133498684E+04  0.37870882272828E+04  0.81249439271391E+05  0.14500889706752E+05 -0.31980279774759E+04  0.94111027475851E+03  0.13174721725720E+04  0.77666632576305E+02  0.83151125056107E+01  0.32811411543356E+05 -0.34483473396242E+04  0.24381078198585E+05  0.13054638122348E+05 -0.44126654446650E+05  0.10178295897710E+01  0.36438916878099E+04 -0.13699213771657E+03 -0.41579513873961E+03 -0.41662762400714E+03 -0.45157654509282E+02 -0.15177131401394E+03 -0.36135017742552E+03 -0.22365616978317E+04 -0.14584123638580E+04 -0.23253335224877E+04  0.20002734720949E+04  0.41005917268643E+04 -0.11548786466975E+04 -0.22991145469615E+04 -0.55615619210548E+03  0.51422519144454E+02  0.10327088332868E+03 -0.22844954081807E+04 -0.12412565680889E+04  0.89208548349690E+03  0.18749604517584E+03 -0.13943816237936E+04 -0.15511605529430E+04
   0.72190483489296E+04  0.76055098715311E+02 -0.80034046010804E+01  0.13711977985903E+05 -0.11357425416217E+04  0.43282569952434E+04  0.21855737962945E+04  0.44045036891014E+05  0.69121164373254E+04 -0.18130114037007E+04  0.51246453774029E+03  0.76553505188867E+03  0.49277264520645E+02  0.39156858662582E+01  0.17099702386766E+05 -0.18727359865804E+04  0.13054638122348E+05  0.70937919350665E+04 -0.24593522429959E+05  0.18464064441722E+01  0.22764334506488E+04 -0.73446139618546E+02 -0.21040896310300E+03 -0.17697615079633E+03 -0.23936204201122E+02 -0.77920645382228E+02 -0.18773734978667E+03 -0.16052882716989E+04 -0.10132875097486E+04 -0.11727928946438E+04  0.94652057661327E+03  0.22671358569979E+04 -0.58554942385394E+03 -0.11671032582357E+04 -0.30701035154640E+03  0.83207116258906E+02  0.15565035493788E+03 -0.14841884350509E+04 -0.77296232685551E+03  0.11761827112448E+04  0.13625600383417E+03 -0.10000016066942E+04 -0.11124314784318E+04
  -0.78570860566960E+07  0.26299079740615E+07 -0.30265948122288E+06 -0.22885395910403E+07  0.48996833330286E+06 -0.44656148154240E+05 -0.24154469208508E+06 -0.59249892641667E+06 -0.25969199428986E+05  0.56965890315082E+05 -0.60736674050881E+04 -0.60317696496318E+04 -0.28906987281513E+03 -0.79594710239261E+02 -0.55518993083557E+05  0.64928712336083E+04 -0.44126654446650E+05 -0.24593522429959E+05  0.34242559279041E+08  0.72559019566593E+04  0.38412848621564E+07 -0.95698875293026E+05 -0.31540982458616E+06 -0.81685495075854E+06 -0.27503031226993E+05 -0.11702008622644E+06 -0.66780027418730E+06  0.34545444360385E+05  0.76803033142036E+05 -0.12315226118641E+04  0.57211589740531E+06  0.28164036386406E+07  0.17230631898339E+05  0.31699627558043E+05  0.21221497252359E+03  0.18630383217225E+06  0.82234991100432E+06  0.24598086725073E+05  0.77383998609862E+04 -0.18604117632681E+05  0.45143157398203E+05  0.20811405193156E+05  0.64710271637238E+05
  -0.16255339753441E+04  0.62072242341213E+03 -0.63647617387036E+02 -0.26713569175245E+03  0.76099325043460E+02  0.53836361892313E+02 -0.56408468732480E+01  0.37283214543085E+03 -0.94598096242103E+02 -0.71462887055629E+01  0.24473887787152E+01 -0.49591045633160E+01 -0.40630335331011E+00  0.20781330292974E-01  0.29539368631310E+01 -0.98129026631937E+00  0.10178295897710E+01  0.18464064441722E+01  0.72559019566593E+04  0.26439309007365E+01  0.95465089439550E+03 -0.20126567440957E+02 -0.66131898319003E+02 -0.19463506058004E+03 -0.39853515698804E+01 -0.20829657403305E+02 -0.15040494060636E+03  0.00000000000000E+00 -0.21609725180508E+02  0.00000000000000E+00  0.00000000000000E+00  0.51484175473883E+03  0.00000000000000E+00 -0.85663028196888E+01  0.00000000000000E+00  0.00000000000000E+00  0.23823485990737E+03  0.00000000000000E+00  0.00000000000000E+00  0.00000000000000E+00  0.80092511360257E+01  0.00000000000000E+00 -0.24000579427638E+02
  -0.11862449336804E+07  0.33839467610494E+06 -0.45025881109580E+05 -0.32912841930828E+06  0.67667978502703E+05 -0.18254556166810E+05 -0.41629590820696E+05 -0.14055500661967E+06  0.24193382012786E+04  0.12424973407490E+05 -0.13071673514797E+04 -0.59050585400981E+03  0.22792001285787E+02 -0.21059181100992E+02  0.40401560079005E+04 -0.61621549016233E+03  0.36438916878099E+04  0.22764334506488E+04  0.38412848621564E+07  0.95465089439550E+03  0.76718441944894E+06 -0.24461893291689E+05 -0.72097245952502E+05 -0.18822529108049E+06 -0.68842947981533E+04 -0.26273699577900E+05 -0.13902942661434E+06  0.00000000000000E+00  0.25214793083759E+05  0.00000000000000E+00  0.00000000000000E+00  0.61601777843840E+06  0.00000000000000E+00 -0.58919631335949E+04  0.00000000000000E+00  0.00000000000000E+00  0.12740449828264E+06  0.00000000000000E+00  0.00000000000000E+00  0.00000000000000E+00 -0.22173815203340E+05  0.00000000000000E+00  0.20990145007627E+05
   0.32274562462996E+05 -0.61889444067543E+04  0.11799955561780E+04  0.11992638403461E+05 -0.22111231491359E+04  0.13841888465800E+04  0.17951323335381E+04  0.17831112169648E+05 -0.35201645027804E+04 -0.78270930691920E+03  0.12670964565265E+03  0.78891131806156E+01  0.29037511232299E+01  0.27419533912023E+00 -0.12706519669288E+03  0.13125480894250E+02 -0.13699213771657E+03 -0.73446139618546E+02 -0.95698875293026E+05 -0.20126567440957E+02 -0.24461893291689E+05  0.10823430989738E+04  0.29699077119191E+04  0.74247576294221E+04  0.28427530990319E+03  0.10219519823967E+04  0.49393336851559E+04 -0.46095672900655E+02 -0.12865669084560E+04  0.44044362347119E+01  0.59162701312727E+03 -0.24891644196121E+05  0.00000000000000E+00 -0.11548383785312E+03  0.00000000000000E+00  0.20497401596176E+04 -0.28619661100922E+04  0.00000000000000E+00  0.00000000000000E+00  0.00000000000000E+00  0.12018673323323E+04 -0.30412384158268E+03 -0.16605201772882E+04
   0.11571722070312E+06 -0.26024454175576E+05  0.42411163397966E+04  0.35527592788708E+05 -0.65749644142405E+04  0.39186772291684E+04  0.51666564371203E+04  0.58454567394164E+05 -0.12096552163537E+05 -0.24197099276111E+04  0.40887534709051E+03  0.17512455232032E+03  0.23273232619222E+02  0.69912562845559E+00 -0.39832836561167E+03  0.36702953946565E+02 -0.41579513873961E+03 -0.21040896310300E+03 -0.31540982458616E+06 -0.66131898319003E+02 -0.72097245952502E+05  0.29699077119191E+04  0.85909083784850E+04  0.20447891944045E+05  0.81025773632329E+03  0.29743488673221E+04  0.14454953726922E+05 -0.15143037940192E+03 -0.34078666811697E+04 -0.17317713279544E+02 -0.57472679297120E+04 -0.72388855261106E+05  0.00000000000000E+00 -0.30439233609724E+03  0.00000000000000E+00  0.30548596425862E+04 -0.96780078917226E+04  0.00000000000000E+00  0.00000000000000E+00  0.00000000000000E+00  0.35029745751831E+04 -0.17578245485898E+04 -0.49345925688087E+04
   0.20035279448255E+06 -0.50395377364675E+05  0.74634516195621E+04  0.82906824835358E+05 -0.15811507877123E+05  0.77407273013943E+04  0.11490149710433E+05  0.94386857952466E+05 -0.18415567649539E+05 -0.42292834710065E+04  0.67278868776254E+03 -0.40033246399848E+03 -0.43192634369351E+02  0.25501973377934E+01 -0.34401213068845E+03  0.13334809117495E+02 -0.41662762400714E+03 -0.17697615079633E+03 -0.81685495075854E+06 -0.19463506058004E+03 -0.18822529108049E+06  0.74247576294221E+04  0.20447891944045E+05  0.58043736671083E+05  0.20150125262231E+04  0.74479762524101E+04  0.37282011123921E+05  0.23556721990864E+03 -0.10685417885013E+05 -0.43951553556033E+01  0.37150035568478E+05 -0.17477793217605E+06  0.00000000000000E+00 -0.97843443500033E+03  0.00000000000000E+00  0.16270308970804E+05 -0.25160574617687E+05  0.00000000000000E+00  0.00000000000000E+00  0.00000000000000E+00  0.57260465270486E+04  0.14689919167499E+04 -0.11603497757509E+05
   0.11342730023193E+05 -0.25913781103841E+04  0.41918310779072E+03  0.38586533121697E+04 -0.67377526506532E+03  0.54578028199678E+03  0.61285965682918E+03  0.61518591727847E+04 -0.12539999280143E+04 -0.25978490159233E+03  0.43243590836522E+02 -0.21690273545969E+02 -0.23531894994581E+01  0.10944202511190E+00 -0.40917766453002E+02  0.40671306196466E+01 -0.45157654509282E+02 -0.23936204201122E+02 -0.27503031226993E+05 -0.39853515698804E+01 -0.68842947981533E+04  0.28427530990319E+03  0.81025773632329E+03  0.20150125262231E+04  0.95637732510172E+02  0.33672525938070E+03  0.14283459169449E+04  0.00000000000000E+00 -0.40697314052052E+03  0.00000000000000E+00  0.00000000000000E+00 -0.80184174518117E+04  0.00000000000000E+00 -0.36131020273513E+02  0.00000000000000E+00  0.00000000000000E+00 -0.52576524024832E+03  0.00000000000000E+00  0.00000000000000E+00  0.00000000000000E+00  0.21680692719248E+02  0.00000000000000E+00 -0.61285945714732E+03
   0.43968513156721E+05 -0.10849188541039E+05  0.16309648020118E+04  0.14064777804091E+05 -0.25028049219945E+04  0.18184410252411E+04  0.21261658013224E+04  0.22676945976617E+05 -0.47910499364185E+04 -0.91979771344181E+03  0.15734863764512E+03 -0.89536119015549E+02 -0.90777784420092E+01  0.36912887833964E+00 -0.14463734170886E+03  0.13753446717668E+02 -0.15177131401394E+03 -0.77920645382228E+02 -0.11702008622644E+06 -0.20829657403305E+02 -0.26273699577900E+05  0.10219519823967E+04  0.29743488673221E+04  0.74479762524101E+04  0.33672525938070E+03  0.12339398401108E+04  0.53300470199237E+04  0.00000000000000E+00 -0.12953057238255E+04  0.00000000000000E+00  0.00000000000000E+00 -0.29030068192099E+05  0.00000000000000E+00 -0.11438922226967E+03  0.00000000000000E+00  0.00000000000000E+00 -0.31937969304509E+04  0.00000000000000E+00  0.00000000000000E+00  0.00000000000000E+00 -0.57958644744440E+02  0.00000000000000E+00 -0.22594746322265E+04
   0.22407105230968E+06 -0.60987369338813E+05  0.84377193307679E+04  0.62155484571240E+05 -0.12145813195700E+05  0.49213318453787E+04  0.82145852893104E+04  0.69768460446375E+05 -0.13312457278370E+05 -0.32623771358179E+04  0.50016937276772E+03 -0.22998137445184E+03 -0.18791609699812E+02  0.16837689654219E+01 -0.36879699626560E+03  0.38090292456513E+02 -0.36135017742552E+03 -0.18773734978667E+03 -0.66780027418730E+06 -0.15040494060636E+03 -0.13902942661434E+06  0.49393336851559E+04  0.14454953726922E+05  0.37282011123921E+05  0.14283459169449E+04  0.53300470199237E+04  0.27672931810606E+05  0.00000000000000E+00 -0.73330337442935E+04  0.00000000000000E+00  0.00000000000000E+00 -0.12440617547825E+06  0.00000000000000E+00 -0.67145282078474E+03  0.00000000000000E+00  0.00000000000000E+00 -0.20001503554673E+05  0.00000000000000E+00  0.00000000000000E+00  0.00000000000000E+00  0.78042318813618E+04  0.00000000000000E+00 -0.79923987720006E+04
  -0.13224377950716E+06  0.16792521442673E+05 -0.46806727728677E+04 -0.12874850093915E+05  0.19993495089364E+04 -0.27482568812996E+04 -0.24691892218092E+04 -0.63171276994141E+05  0.11582207566862E+05  0.27566866142473E+04 -0.46220654416985E+03 -0.11135979109319E+04 -0.16395148092049E+03  0.67508446653708E-01 -0.26915914069376E+04  0.49495181970546E+03 -0.22365616978317E+04 -0.16052882716989E+04  0.34545444360385E+05  0.00000000000000E+00  0.00000000000000E+00 -0.46095672900655E+02 -0.15143037940192E+03  0.23556721990864E+03  0.00000000000000E+00  0.00000000000000E+00  0.00000000000000E+00  0.11695696713767E+06  0.00000000000000E+00  0.00000000000000E+00  0.00000000000000E+00  0.00000000000000E+00  0.00000000000000E+00  0.00000000000000E+00  0.00000000000000E+00  0.00000000000000E+00  0.00000000000000E+00  0.00000000000000E+00  0.00000000000000E+00  0.00000000000000E+00  0.00000000000000E+00  0.00000000000000E+00  0.00000000000000E+00
  -0.56058653004320E+05  0.82931655471134E+04 -0.19861405831712E+04 -0.21328577945194E+05  0.33628581694455E+04 -0.42121319576088E+04 -0.38686259030486E+04 -0.50611041197355E+05  0.10927973457505E+05  0.19028963232536E+04 -0.34850150616045E+03 -0.68337978616051E-01 -0.91495603522834E-02 -0.20622993359018E-04 -0.17653607605136E+04  0.31010407950138E+03 -0.14584123638580E+04 -0.10132875097486E+04  0.76803033142036E+05 -0.21609725180508E+02  0.25214793083759E+05 -0.12865669084560E+04 -0.34078666811697E+04 -0.10685417885013E+05 -0.40697314052052E+03 -0.12953057238255E+04 -0.73330337442935E+04  0.00000000000000E+00  0.64978542462742E+05  0.00000000000000E+00  0.00000000000000E+00  0.00000000000000E+00  0.00000000000000E+00  0.00000000000000E+00  0.00000000000000E+00  0.00000000000000E+00  0.00000000000000E+00  0.00000000000000E+00  0.00000000000000E+00  0.00000000000000E+00  0.00000000000000E+00  0.00000000000000E+00  0.00000000000000E+00
  -0.52595363071920E+04 -0.19513233526046E+03  0.18750066727802E+02 -0.66911123280330E+02 -0.57452213974195E+02  0.15336000506608E+03  0.13860464096934E+03 -0.70438947204034E+05  0.24750025833622E+05  0.73782764561481E+03 -0.33463106394759E+03 -0.68312163172384E+03 -0.26925324847374E+02 -0.58198572351042E+01 -0.24906183219811E+04  0.28768858232408E+03 -0.23253335224877E+04 -0.11727928946438E+04 -0.12315226118641E+04  0.00000000000000E+00  0.00000000000000E+00  0.44044362347119E+01 -0.17317713279544E+02 -0.43951553556033E+01  0.00000000000000E+00  0.00000000000000E+00  0.00000000000000E+00  0.00000000000000E+00  0.00000000000000E+00  0.30812551338483E+05  0.00000000000000E+00  0.00000000000000E+00  0.00000000000000E+00  0.00000000000000E+00  0.00000000000000E+00  0.00000000000000E+00  0.00000000000000E+00  0.00000000000000E+00  0.00000000000000E+00  0.00000000000000E+00  0.00000000000000E+00  0.00000000000000E+00  0.00000000000000E+00
  -0.86858203970918E+06  0.21052114205435E+06 -0.31885916086190E+05 -0.66366954292468E+05  0.11790692121084E+05 -0.84728973343965E+04 -0.98569825458579E+04 -0.29585516099726E+06  0.67167586344834E+05  0.11040405226956E+05 -0.19956198392139E+04 -0.49623748000106E+04 -0.58444038547803E+03 -0.71585131557784E+00  0.20282108574581E+04 -0.16923792464891E+03  0.20002734720949E+04  0.94652057661327E+03  0.57211589740531E+06  0.00000000000000E+00  0.00000000000000E+00  0.59162701312727E+03 -0.57472679297120E+04  0.37150035568478E+05  0.00000000000000E+00  0.00000000000000E+00  0.00000000000000E+00  0.00000000000000E+00  0.00000000000000E+00  0.00000000000000E+00  0.58068977791828E+06  0.00000000000000E+00  0.00000000000000E+00  0.00000000000000E+00  0.00000000000000E+00  0.00000000000000E+00  0.00000000000000E+00  0.00000000000000E+00  0.00000000000000E+00  0.00000000000000E+00  0.00000000000000E+00  0.00000000000000E+00  0.00000000000000E+00
  -0.11262052541518E+07  0.26616799667102E+06 -0.41533821593573E+05 -0.34460016157839E+06  0.62584670714211E+05 -0.41263501773227E+05 -0.51347845670809E+05 -0.58144537355074E+06  0.12764553541463E+06  0.22947618514898E+05 -0.39710266887365E+04 -0.15267951374356E+02 -0.17762497196043E+01 -0.15751378242924E-02  0.43753263886233E+04 -0.50716164173505E+03  0.41005917268643E+04  0.22671358569979E+04  0.28164036386406E+07  0.51484175473883E+03  0.61601777843840E+06 -0.24891644196121E+05 -0.72388855261106E+05 -0.17477793217605E+06 -0.80184174518117E+04 -0.29030068192099E+05 -0.12440617547825E+06  0.00000000000000E+00  0.00000000000000E+00  0.00000000000000E+00  0.00000000000000E+00  0.92319949837187E+06  0.00000000000000E+00  0.00000000000000E+00  0.00000000000000E+00  0.00000000000000E+00  0.00000000000000E+00  0.00000000000000E+00  0.00000000000000E+00  0.00000000000000E+00  0.00000000000000E+00  0.00000000000000E+00  0.00000000000000E+00
  -0.20988230962322E+05  0.57503676798211E+04 -0.80024527598419E+03 -0.13649757051499E+04  0.31991333279537E+03  0.14577317264853E+02 -0.15408441626297E+03 -0.74005134308406E+05  0.22915760487670E+05  0.14969598517953E+04 -0.41702560595973E+03 -0.22384455281579E+04 -0.14124452639057E+03 -0.30227098961884E+01 -0.14780290856933E+04  0.15297151324171E+03 -0.11548786466975E+04 -0.58554942385394E+03  0.17230631898339E+05  0.00000000000000E+00  0.00000000000000E+00  0.00000000000000E+00  0.00000000000000E+00  0.00000000000000E+00  0.00000000000000E+00  0.00000000000000E+00  0.00000000000000E+00  0.00000000000000E+00  0.00000000000000E+00  0.00000000000000E+00  0.00000000000000E+00  0.00000000000000E+00  0.14302362720028E+05  0.00000000000000E+00  0.00000000000000E+00  0.00000000000000E+00  0.00000000000000E+00  0.00000000000000E+00  0.00000000000000E+00  0.00000000000000E+00  0.00000000000000E+00  0.00000000000000E+00  0.00000000000000E+00
  -0.47532515052039E+05  0.13191170306715E+05 -0.18192416933882E+04 -0.24927850759735E+04  0.56383392714832E+03 -0.80223748069833E+01 -0.27409116163140E+03 -0.16645315646210E+06  0.51611848825117E+05  0.33088759100687E+04 -0.93841683329181E+03 -0.69094036566391E+02 -0.18125821514658E+02 -0.12704814694280E-04 -0.29344111592966E+04  0.30276463729343E+03 -0.22991145469615E+04 -0.11671032582357E+04  0.31699627558043E+05 -0.85663028196888E+01 -0.58919631335949E+04 -0.11548383785312E+03 -0.30439233609724E+03 -0.97843443500033E+03 -0.36131020273513E+02 -0.11438922226967E+03 -0.67145282078474E+03  0.00000000000000E+00  0.00000000000000E+00  0.00000000000000E+00  0.00000000000000E+00  0.00000000000000E+00  0.00000000000000E+00  0.31411883793265E+05  0.00000000000000E+00  0.00000000000000E+00  0.00000000000000E+00  0.00000000000000E+00  0.00000000000000E+00  0.00000000000000E+00  0.00000000000000E+00  0.00000000000000E+00  0.00000000000000E+00
  -0.32078847206294E+04  0.42267531202663E+03 -0.10090961383468E+03 -0.70646736102914E+02  0.89355486288845E+01 -0.18779006626501E+02 -0.13104426887609E+02 -0.14128808587404E+04  0.19135357435231E+03  0.43768976592271E+02 -0.10815836198719E+02 -0.77252563241304E+02 -0.62881078404587E+01 -0.13279169952396E+00 -0.72751139596030E+03  0.80455882437647E+02 -0.55615619210548E+03 -0.30701035154640E+03  0.21221497252359E+03  0.00000000000000E+00  0.00000000000000E+00  0.00000000000000E+00  0.00000000000000E+00  0.00000000000000E+00  0.00000000000000E+00  0.00000000000000E+00  0.00000000000000E+00  0.00000000000000E+00  0.00000000000000E+00  0.00000000000000E+00  0.00000000000000E+00  0.00000000000000E+00  0.00000000000000E+00  0.00000000000000E+00  0.37991607220302E+04  0.00000000000000E+00  0.00000000000000E+00  0.00000000000000E+00  0.00000000000000E+00  0.00000000000000E+00  0.00000000000000E+00  0.00000000000000E+00  0.00000000000000E+00
  -0.20489808667938E+06  0.63896037176564E+05 -0.79188517387481E+04 -0.11782464127589E+05  0.29005024776570E+04  0.46622613312311E+03 -0.98058806311615E+03 -0.56754892934449E+04  0.59444195113141E+03  0.55475211523809E+03 -0.44659986005055E+02 -0.20509166182056E+00 -0.14657533163368E+00  0.21228822792666E-12  0.22652430985200E+03 -0.60818512163216E+02  0.51422519144454E+02  0.83207116258906E+02  0.18630383217225E+06  0.00000000000000E+00  0.00000000000000E+00  0.20497401596176E+04  0.30548596425862E+04  0.16270308970804E+05  0.00000000000000E+00  0.00000000000000E+00  0.00000000000000E+00  0.00000000000000E+00  0.00000000000000E+00  0.00000000000000E+00  0.00000000000000E+00  0.00000000000000E+00  0.00000000000000E+00  0.00000000000000E+00  0.00000000000000E+00  0.10627744971802E+06  0.00000000000000E+00  0.00000000000000E+00  0.00000000000000E+00  0.00000000000000E+00  0.00000000000000E+00  0.00000000000000E+00  0.00000000000000E+00
  -0.23104901422781E+06  0.71585184464793E+05 -0.89146838873627E+04 -0.53173309766447E+05  0.12915185544155E+05  0.17889500676453E+04 -0.45729377514373E+04 -0.11185391420032E+05  0.12068313642159E+04  0.10559251029623E+04 -0.87845693087416E+02  0.28097815347654E-02  0.19336183518891E-02 -0.70264254146615E-12  0.40883083670333E+03 -0.10826789523374E+03  0.10327088332868E+03  0.15565035493788E+03  0.82234991100432E+06  0.23823485990737E+03  0.12740449828264E+06 -0.28619661100922E+04 -0.96780078917226E+04 -0.25160574617687E+05 -0.52576524024832E+03 -0.31937969304509E+04 -0.20001503554673E+05  0.00000000000000E+00  0.00000000000000E+00  0.00000000000000E+00  0.00000000000000E+00  0.00000000000000E+00  0.00000000000000E+00  0.00000000000000E+00  0.00000000000000E+00  0.00000000000000E+00  0.13899907288999E+06  0.00000000000000E+00  0.00000000000000E+00  0.00000000000000E+00  0.00000000000000E+00  0.00000000000000E+00  0.00000000000000E+00
