# fitpack15: fit parameters                                                                         
# CJ15 AV18 final data choices                                                                      
# Created on 01/15/2020 at 22:20:36                                                                 

 # QCD setup
  INS                           0
  NVL                          11
  IORD                          1
  Q02                   1.6899999999999999     
  IPARAMC                       7
  FLAVOR                4.0000000000000000     
  xmc                   1.3000000000000000     
  xmb                   4.5000000000000000     
  ncb                          12
  ihq                           1
  ias                           0

 # Theory corrections
  inuke                     10814
  itmc                          1
  iht                           1

 # fit parameters
 LAMBDA       0.22680        0.0000    
 a0uv          1.9514        0.0000    
 a1uv         0.56819       0.23603E-01
 a2uv          3.5568       0.11670E-01
 a3uv          0.0000        0.0000    
 a4uv          4.5774       0.63237    
 a5uv          0.0000        0.0000    
 a0dv          24.841        0.0000    
 a1dv          1.1556       0.33625E-01
 a2dv          6.6205       0.16072    
 a3dv         -3.5555       0.85902E-01
 a4dv          4.7879       0.14015    
 a5dv          0.0000        0.0000    
 a0ud         0.14203       0.49861E-02
 a1ud        -0.21081       0.38208E-02
 a2ud          8.4378       0.18880    
 a3ud          0.0000        0.0000    
 a4ud          15.873        1.3130    
 a5ud          0.0000        0.0000    
 a0du          35712.        0.0000    
 a1du          4.0745       0.83613E-01
 a2du          20.134       0.94576    
 a3du          17.000        0.0000    
 a4du          50.515        10.923    
 a0g           47.413        0.0000    
 a1g          0.60896       0.32239E-01
 a2g           6.7432       0.95713    
 a3g          -3.3817       0.14389    
 a4g           3.3747       0.36355    
 a5g           0.0000        0.0000    
 kappa        0.40000        0.0000    
 a6dv        -0.39652E-02   0.67780E-03
 a7dv          2.0000        0.0000    
 off1         -2.6060        1.7933    
 off2         0.60770E-01   0.26774E-02
 ht1          -3.5648       0.34617    
 ht2           2.0837       0.12502    
 ht3          -2.0487       0.35588E-01
 ht4           0.0000        0.0000    
 ht1n         -3.5995        1.0073    
 ht2n          1.9511       0.33922    
 ht3n         -2.1332       0.67610E-01
 ht4n          0.0000        0.0000    
 dummy44       0.0000        0.0000    
 dummy45       0.0000        0.0000    
 dummy46       0.0000        0.0000    
 dummy47       0.0000        0.0000    
 dummy48       0.0000        0.0000    
 dummy49       0.0000        0.0000    
 bcdmsh2      0.97000       0.48538E-02
 bcdmsd2      0.98986       0.58556E-02
 ccfr          1.0000        0.0000    
 nutev         1.0000        0.0000    
 zeus         0.97998        0.0000    
 h1            1.0162        0.0000    
 e605          1.0319        0.0000    
 NmcH2         1.0064       0.71365E-02
 ntv_nu        1.0000        0.0000    
 ntv_nubar     1.0000        0.0000    
 cdf_jet      0.98910        0.0000    
 d0_jet       0.83504        0.0000    
 slac_p        1.0019       0.50368E-02
 slac_d        1.0012       0.53196E-02
 e866pp       0.98132       0.20045E-01
 e866pd       0.97047       0.16441E-01
 d0_gamjet     1.0359       0.16491E-01
 h1b          0.97608        0.0000    
 jlab_p       0.99059       0.62863E-02
 jlab_d       0.97446       0.60304E-02
 blank         1.0000        0.0000    
 d0run2       0.94435       0.14251E-01
 cdfrun2      0.93100       0.17340E-01
 HERA_el       1.0000        0.0000    
 HERA_ps       1.0000        0.0000    
 CDF_Z        0.95978       0.66442E-02
 NmcRat        1.0000        0.0000    
 BNS_F2nd     0.98449       0.12256E-01
 HERMES_F2p   0.99584       0.56756E-02
 HERMES_F2d   0.97744       0.58513E-02
 END 0. 0.

 # Hessian matrix (Bevington alpha)
   0.51996673759842E+07 -0.13321646553530E+07  0.19496211160302E+06  0.50577684108277E+06 -0.12811972929398E+06 -0.29280260995167E+05  0.53211132648744E+05  0.99088497244391E+06 -0.18504367191493E+06 -0.50186374332066E+05  0.72875813781977E+04  0.15577264200014E+05  0.17479192482652E+04 -0.11158798997619E+03  0.99421465929984E+04 -0.21994611454020E+04  0.10866753783037E+05  0.77435177592556E+04 -0.77702712873172E+07 -0.12176668413839E+04  0.52647305201591E+07  0.34173309301725E+05  0.12090692072275E+06  0.21640972397161E+06  0.11807576183144E+05  0.45941246210764E+05  0.23589369706685E+06 -0.13231705795790E+06 -0.56125894025472E+05 -0.52973016111505E+04 -0.86904483567409E+06 -0.11265936639297E+07 -0.20947736705809E+05 -0.47600984172280E+05 -0.32111796746345E+04 -0.20499627850231E+06 -0.23105133159966E+06 -0.92442684017495E+04 -0.32631457273829E+04 -0.18083633148855E+05  0.17130725111301E+05 -0.74409516170779E+05 -0.58694926756482E+05
  -0.13321646553530E+07  0.41646964154341E+06 -0.51019248714978E+05 -0.13762348195762E+06  0.34560896051891E+05  0.10571495406059E+05 -0.11127834085985E+05 -0.12558784903636E+06  0.26534468029047E+05  0.73900380435759E+04 -0.87419949304977E+03 -0.12163618027895E+04 -0.14121824415469E+03  0.13356694205551E+02  0.61679535686609E+03 -0.50081948234682E+02  0.11463842328578E+03  0.64993052825676E+02  0.25974906055588E+07  0.50753386971884E+03 -0.15076754376775E+07 -0.67431952635122E+04 -0.27533870808926E+05 -0.55224548904380E+05 -0.27098874504186E+04 -0.11418127387646E+05 -0.64556306204183E+05  0.16798072410342E+05  0.82949695059840E+04 -0.18974260657658E+03  0.21059131893141E+06  0.26591643598646E+06  0.57366533430297E+04  0.13204940368287E+05  0.42329610517803E+03  0.63910407781127E+05  0.71506216582877E+05  0.24405356583786E+04  0.77270951878988E+03 -0.22059917068103E+04 -0.22571771868581E+04  0.86895699394312E+04  0.72994128111877E+04
   0.19496211160302E+06 -0.51019248714978E+05  0.73631553560779E+04  0.18758596147940E+05 -0.48643453812425E+04 -0.13457745603773E+04  0.19142344322905E+04  0.28040935834346E+05 -0.50903494344982E+04 -0.16635419761763E+04  0.20959283734649E+03  0.42211792542293E+03  0.53734530156739E+02 -0.42605746071461E+01 -0.27014740184784E+03 -0.87216438827724E+01 -0.11994365097188E+03 -0.41223219240141E+00 -0.29861566776371E+06 -0.48084014783794E+02  0.19944514684152E+06  0.12496534390318E+04  0.44289606709246E+04  0.80595029292018E+04  0.43546560802591E+03  0.17016191408760E+04  0.88709701405812E+04 -0.46754334296219E+04 -0.19844765296364E+04  0.17228011727677E+02 -0.31842548331815E+05 -0.41457937029234E+05 -0.79707584028723E+03 -0.18181823895278E+04 -0.10086335074774E+03 -0.79063293687320E+04 -0.88940401872830E+04 -0.34656592370656E+03 -0.12111122648005E+03 -0.66994657055148E+02  0.61011168964364E+03 -0.22213179078603E+04 -0.17932274378795E+04
   0.50577684108277E+06 -0.13762348195762E+06  0.18758596147940E+05  0.40126775772778E+06 -0.62382702951778E+05  0.73866056881890E+05  0.63788248900693E+05  0.36316213228996E+06 -0.27739211060761E+05 -0.18364845418862E+05  0.31773326537382E+04 -0.13972919607472E+04 -0.15146954195448E+03  0.58360317439768E+02  0.31063417894675E+05 -0.37815397409248E+04  0.25520714328829E+05  0.14318553562577E+05 -0.22638176848388E+07 -0.15000876855414E+03  0.14656866434373E+07  0.12524958713526E+05  0.36958400428377E+05  0.87346516921279E+05  0.40144970027981E+04  0.14614299252456E+05  0.65318575703787E+05 -0.12884463005395E+05 -0.21357635625699E+05 -0.75438384029381E+02 -0.66402721394867E+05 -0.34492850559956E+06 -0.13774125833855E+04 -0.25020995721238E+04 -0.71919551966352E+02 -0.11790114172513E+05 -0.53210855831499E+05 -0.24843381304890E+04 -0.96569975722776E+03 -0.98576377669318E+04 -0.15818107709183E+05 -0.72689667122843E+04 -0.21550070711810E+05
  -0.12811972929398E+06  0.34560896051891E+05 -0.48643453812425E+04 -0.62382702951778E+05  0.11446690523842E+05 -0.74024986457452E+04 -0.90838887780891E+04 -0.33351270915773E+05  0.48653501573784E+03  0.23629898609069E+04 -0.31668987281154E+03 -0.22790934815998E+02  0.49949613807223E+01 -0.52198873637855E+01 -0.26120461108704E+04  0.32290756817365E+03 -0.20902547630963E+04 -0.11884708814004E+04  0.48418731064183E+06  0.52290533562472E+02 -0.30133028929288E+06 -0.23227215818191E+04 -0.68733787548989E+04 -0.16754996443693E+05 -0.70068706601808E+03 -0.26096826332598E+04 -0.12824238856044E+05  0.20001254897375E+04  0.33639467526812E+04 -0.56254730129268E+02  0.11792968749195E+05  0.62580959294495E+05  0.32223336293171E+03  0.56532483141742E+03  0.91235492134373E+01  0.29009503095690E+04  0.12905149625338E+05  0.46650673173184E+03  0.17293665381198E+03  0.37380678424273E+03  0.24995863422868E+04  0.81570124726127E+03  0.25173253201343E+04
  -0.29280260995167E+05  0.10571495406059E+05 -0.13457745603773E+04  0.73866056881890E+05 -0.74024986457452E+04  0.24135158330447E+05  0.14414740967342E+05  0.11030397066820E+06 -0.10379981726174E+05 -0.45625348221710E+04  0.94608765756296E+03 -0.71510767176146E+03 -0.67444257418981E+02  0.19733280908333E+02  0.94677732195167E+04 -0.11833147000311E+04  0.78807938028590E+04  0.44860590927320E+04 -0.44299256345038E+05  0.60938376271415E+02  0.79663001676309E+05  0.13925335507076E+04  0.39413995602069E+04  0.78120441804332E+04  0.56234338105550E+03  0.18418351204134E+04  0.49566801288651E+04 -0.27239915820677E+04 -0.41825756089171E+04  0.14862635166571E+03 -0.83927420356963E+04 -0.40993144720963E+05  0.13608187434635E+02 -0.88332892417266E+01 -0.18843386333657E+02  0.46318801185551E+03  0.17468807664590E+04 -0.24440898637284E+03 -0.12613636647190E+03 -0.31557823756423E+04 -0.32301335654768E+04 -0.18525664470826E+04 -0.53229448887307E+04
   0.53211132648744E+05 -0.11127834085985E+05  0.19142344322905E+04  0.63788248900693E+05 -0.90838887780891E+04  0.14414740967342E+05  0.11224441555274E+05  0.60772820220484E+05 -0.34185628878622E+04 -0.32491090570090E+04  0.54888304005417E+03 -0.23148531089931E+03 -0.27069549962565E+02  0.10378388003030E+02  0.48696649480471E+04 -0.61731131244267E+03  0.39391320086873E+04  0.22711421077930E+04 -0.23781665742201E+06  0.95544643635416E+01  0.18383281390792E+06  0.18479765068128E+04  0.53066226558933E+04  0.11943998085980E+05  0.63279298653080E+03  0.21808197077494E+04  0.85294268542031E+04 -0.24526390402403E+04 -0.38455815473639E+04  0.13556533663297E+03 -0.97931883842734E+04 -0.51066753162314E+05 -0.15492995401772E+03 -0.27395578705356E+03 -0.13209414123105E+02 -0.97710894558366E+03 -0.45656141052899E+04 -0.35352344894462E+03 -0.14942664942028E+03 -0.13411349710933E+04 -0.30906173990860E+04 -0.11448312253504E+04 -0.34086678112912E+04
   0.99088497244391E+06 -0.12558784903636E+06  0.28040935834346E+05  0.36316213228996E+06 -0.33351270915773E+05  0.11030397066820E+06  0.60772820220484E+05  0.53967000254600E+07 -0.24117684167178E+07 -0.89682174853821E+05  0.25959847013797E+05  0.26965817567343E+05  0.18223714035888E+04  0.10894100538718E+03  0.89691280627512E+05 -0.11390822536489E+05  0.85079008306716E+05  0.46045945168181E+05 -0.58446170643463E+06  0.43076424037941E+03  0.60794121207977E+06  0.17643893306924E+05  0.58073716548017E+05  0.92299725615002E+05  0.62708603887677E+04  0.22960008003364E+05  0.68256259716814E+05 -0.63128219487908E+05 -0.50734453850655E+05 -0.70345599737490E+05 -0.29574036908811E+06 -0.58157147080361E+06 -0.73889436738642E+05 -0.16670136447291E+06 -0.14122080186026E+04 -0.56704741529376E+04 -0.11153127593957E+05  0.22908331856676E+03  0.24508480594635E+03 -0.27468981929520E+06 -0.87496671429667E+04 -0.14462173017362E+06 -0.17878324622827E+06
  -0.18504367191493E+06  0.26534468029047E+05 -0.50903494344982E+04 -0.27739211060761E+05  0.48653501573784E+03 -0.10379981726174E+05 -0.34185628878622E+04 -0.24117684167178E+07  0.19300081352841E+07  0.19537083490086E+05 -0.64068775549084E+04 -0.56682413402021E+04 -0.31323109646908E+03 -0.15648906367542E+02  0.48145698889742E+05 -0.22211919803220E+04  0.14892161571752E+05  0.71299006500695E+04 -0.26314554565078E+05 -0.96748600582052E+02 -0.75660569211290E+04 -0.33981707050629E+04 -0.11808126255049E+05 -0.17261058784804E+05 -0.12624124933872E+04 -0.48070806786421E+04 -0.12499953726049E+05  0.11573886183419E+05  0.10968301887409E+05  0.24725271524412E+05  0.67167506949272E+05  0.12777036690442E+06  0.22886075735294E+05  0.51724320440421E+05  0.19154406214437E+03  0.59931395347758E+03  0.12123844351008E+04 -0.12453591866951E+04 -0.69077164254935E+03  0.11319906555846E+06  0.15634578808637E+04  0.45283231000333E+05  0.55452665217246E+05
  -0.50186374332066E+05  0.73900380435759E+04 -0.16635419761763E+04 -0.18364845418862E+05  0.23629898609069E+04 -0.45625348221710E+04 -0.32491090570090E+04 -0.89682174853821E+05  0.19537083490086E+05  0.26680110836859E+04 -0.61333844685185E+03 -0.67090400731168E+03 -0.59524499458168E+02 -0.19531591654672E+01 -0.40468814061671E+04  0.49494778572609E+03 -0.33543002371655E+04 -0.18989329948241E+04  0.56211863056811E+05 -0.11918721603596E+02 -0.54494230429956E+05 -0.79408915193564E+03 -0.24523045480891E+04 -0.43088835630147E+04 -0.26772499518938E+03 -0.94050850119771E+03 -0.33157877674091E+04  0.27568721671623E+04  0.19058097115419E+04  0.73803211548254E+03  0.11037701780887E+05  0.22941867236053E+05  0.14955298331575E+04  0.33122416789759E+04  0.43791723057551E+02  0.55287195233452E+03  0.10507320798772E+04  0.13008391188930E+03  0.58023905257337E+02  0.31463441687691E+04  0.43447164934629E+03  0.28407504100808E+04  0.35969855134980E+04
   0.72875813781977E+04 -0.87419949304977E+03  0.20959283734649E+03  0.31773326537382E+04 -0.31668987281154E+03  0.94608765756296E+03  0.54888304005417E+03  0.25959847013797E+05 -0.64068775549084E+04 -0.61333844685185E+03  0.16540341156292E+03  0.18786023362644E+03  0.13706822386617E+02  0.72491019037587E+00  0.12232532833644E+04 -0.13561796892894E+03  0.97949772278896E+03  0.53275664093737E+03 -0.59674429627933E+04  0.29597560043910E+01  0.56555621631744E+04  0.12583425595593E+03  0.40690849698986E+03  0.66397343075262E+03  0.44081108784812E+02  0.15913447747742E+03  0.49339396278496E+03 -0.45966373551606E+03 -0.34758948071912E+03 -0.33329070149570E+03 -0.19855005422513E+04 -0.39525104233841E+04 -0.41479661741138E+03 -0.93597321769605E+03 -0.10763039823200E+02 -0.44318504980162E+02 -0.87016979984236E+02 -0.13147715697278E+02 -0.61979883349670E+01 -0.11283773422068E+04 -0.63596070918087E+02 -0.80996503384331E+03 -0.10083939858741E+04
   0.15577264200014E+05 -0.12163618027895E+04  0.42211792542293E+03 -0.13972919607472E+04 -0.22790934815998E+02 -0.71510767176146E+03 -0.23148531089931E+03  0.26965817567343E+05 -0.56682413402021E+04 -0.67090400731168E+03  0.18786023362644E+03  0.16157697861137E+04  0.10738550534259E+03 -0.10233632257626E+01  0.13952995283556E+04 -0.19586310541776E+03  0.14103756641026E+04  0.81625655977332E+03 -0.61357984189980E+04 -0.48743093185769E+01  0.27209623122462E+04  0.13278683941167E+02  0.19364094271499E+03 -0.36755857536531E+03 -0.21735319771965E+02 -0.90270290533688E+02 -0.20606501910579E+03 -0.11275421684206E+04 -0.94315243105089E-01 -0.69888623508760E+03 -0.50378446652569E+04 -0.20612358461213E+02 -0.22823307096237E+04 -0.69837514876526E+02 -0.78539819071211E+02 -0.20583189811935E+00  0.32246316573729E-02 -0.17249007426731E+01 -0.73820473361162E+00  0.30169224011508E+03  0.30633122823802E+03 -0.27101245448703E+04 -0.57964699640379E+01
   0.17479192482652E+04 -0.14121824415469E+03  0.53734530156739E+02 -0.15146954195448E+03  0.49949613807223E+01 -0.67444257418981E+02 -0.27069549962565E+02  0.18223714035888E+04 -0.31323109646908E+03 -0.59524499458168E+02  0.13706822386617E+02  0.10738550534259E+03  0.97104860284543E+01 -0.17551747330347E+00  0.77992152297604E+02 -0.13140001675597E+02  0.83515469120020E+02  0.52674037232836E+02 -0.29371166891032E+03 -0.42670133407870E+00 -0.11086472701105E+03  0.31326855413607E+01  0.24246705759452E+02 -0.42886313452339E+02 -0.24622487580571E+01 -0.93323219219495E+01 -0.18291711281126E+02 -0.16605395956341E+03 -0.12166030448726E-01 -0.27492569746556E+02 -0.59258293965087E+03 -0.23237200335576E+01 -0.14366651801366E+03 -0.18319206558833E+02 -0.63769264791509E+01 -0.14708576183865E+00  0.21829852883797E-02 -0.18240279035566E+00 -0.70758130373825E-01  0.29627619142700E+02  0.68475533073441E+02 -0.19622325039184E+03 -0.44595604591618E+00
  -0.11158798997619E+03  0.13356694205551E+02 -0.42605746071461E+01  0.58360317439768E+02 -0.52198873637855E+01  0.19733280908333E+02  0.10378388003030E+02  0.10894100538718E+03 -0.15648906367542E+02 -0.19531591654672E+01  0.72491019037587E+00 -0.10233632257626E+01 -0.17551747330347E+00  0.56617479550394E-01  0.15440629639010E+02 -0.12077864796266E+01  0.96044441972794E+01  0.45410732540403E+01 -0.85211256785969E+02  0.30694123188831E-01  0.10138066043387E+03  0.36210764309870E+00  0.94202830537248E+00  0.33029114770358E+01  0.13919116617208E+00  0.45510987506549E+00  0.21921015418079E+01  0.72700504958419E-01 -0.40041656853814E-04 -0.66365275153599E+01 -0.97305290177514E+00 -0.31565766830777E-02 -0.37204898597244E+01 -0.27008661958793E-04 -0.15546992229369E+00  0.24090125701251E-12 -0.20505445668492E-11 -0.18779575633552E-02 -0.10286484277996E-02 -0.15984497360314E+01  0.85554169870438E-04 -0.36567152188038E+01 -0.54375368519647E-02
   0.99421465929984E+04  0.61679535686609E+03 -0.27014740184784E+03  0.31063417894675E+05 -0.26120461108704E+04  0.94677732195167E+04  0.48696649480471E+04  0.89691280627512E+05  0.48145698889742E+05 -0.40468814061671E+04  0.12232532833644E+04  0.13952995283556E+04  0.77992152297604E+02  0.15440629639010E+02  0.49820741987846E+05 -0.46392814752100E+04  0.34139944400909E+05  0.17793921016288E+05 -0.55219073901544E+05  0.16183926137887E+01 -0.17890271097204E+05 -0.13501180927802E+03 -0.41927640574051E+03 -0.41483601692300E+03 -0.43694380055081E+02 -0.15201816220269E+03 -0.42118489810547E+03 -0.27073383004500E+04 -0.17780721929367E+04 -0.24856489087631E+04  0.20104403099779E+04  0.43414622618356E+04 -0.14819641641730E+04 -0.29385341406113E+04 -0.72803100867898E+03  0.23885311055921E+03  0.42895798535246E+03 -0.28726661084750E+04 -0.15249487658737E+04 -0.24120649094330E+04  0.19229090677388E+03 -0.89163573305088E+03 -0.10063330337968E+04
  -0.21994611454020E+04 -0.50081948234682E+02 -0.87216438827724E+01 -0.37815397409248E+04  0.32290756817365E+03 -0.11833147000311E+04 -0.61731131244267E+03 -0.11390822536489E+05 -0.22211919803220E+04  0.49494778572609E+03 -0.13561796892894E+03 -0.19586310541776E+03 -0.13140001675597E+02 -0.12077864796266E+01 -0.46392814752100E+04  0.50270954885034E+03 -0.36044464408260E+04 -0.19565089377523E+04  0.64780762221670E+04 -0.79659344399584E+00  0.27558821760393E+04  0.14215671351439E+02  0.39530879407928E+02  0.24133860489902E+02  0.42772495335521E+01  0.14360347923586E+02  0.46626224060781E+02  0.49994940286898E+03  0.31361581127872E+03  0.28761400624294E+03 -0.16488956825037E+03 -0.49920019268971E+03  0.15395019589500E+03  0.30419468668009E+03  0.80677542343304E+02 -0.64112596084953E+02 -0.11361787734092E+03  0.43774244143915E+03  0.21642729654021E+03 -0.30377741813908E+03 -0.34667222716964E+02  0.25017153377318E+03  0.28064299063097E+03
   0.10866753783037E+05  0.11463842328578E+03 -0.11994365097188E+03  0.25520714328829E+05 -0.20902547630963E+04  0.78807938028590E+04  0.39391320086873E+04  0.85079008306716E+05  0.14892161571752E+05 -0.33543002371655E+04  0.97949772278896E+03  0.14103756641026E+04  0.83515469120020E+02  0.96044441972794E+01  0.34139944400909E+05 -0.36044464408260E+04  0.26414562904507E+05  0.14150057716346E+05 -0.45702078943694E+05 -0.18975566774494E+00 -0.16937620814085E+05 -0.15262133000274E+03 -0.45700910268395E+03 -0.50529303998381E+03 -0.50954689939941E+02 -0.16642984656433E+03 -0.42783214403409E+03 -0.23850430989008E+04 -0.15530025891861E+04 -0.24042634892026E+04  0.20673383691676E+04  0.42780739288765E+04 -0.11967834769276E+04 -0.23801737198863E+04 -0.57979867140583E+03  0.59070879914016E+02  0.11752130209628E+03 -0.24129777584247E+04 -0.13064175653629E+04  0.10242104132269E+04  0.19974514220432E+03 -0.14886669829669E+04 -0.16578186384108E+04
   0.77435177592556E+04  0.64993052825676E+02 -0.41223219240141E+00  0.14318553562577E+05 -0.11884708814004E+04  0.44860590927320E+04  0.22711421077930E+04  0.46045945168181E+05  0.71299006500695E+04 -0.18989329948241E+04  0.53275664093737E+03  0.81625655977332E+03  0.52674037232836E+02  0.45410732540403E+01  0.17793921016288E+05 -0.19565089377523E+04  0.14150057716346E+05  0.76890237059125E+04 -0.25440646421203E+05  0.11651176576384E+01 -0.10585326509372E+05 -0.82084338656222E+02 -0.23251499935240E+03 -0.22826685788809E+03 -0.26776595812764E+02 -0.84918599140746E+02 -0.22788559707464E+03 -0.16995125002616E+04 -0.10724829476959E+04 -0.12108315053244E+04  0.97187449181711E+03  0.23532501899333E+04 -0.60677673838124E+03 -0.12079386987933E+04 -0.31973749638946E+03  0.92052420716876E+02  0.17133902711817E+03 -0.15636469559499E+04 -0.81166461455266E+03  0.12653861168038E+04  0.14333971789231E+03 -0.10549692758024E+04 -0.11747354835150E+04
  -0.77702712873172E+07  0.25974906055588E+07 -0.29861566776371E+06 -0.22638176848388E+07  0.48418731064183E+06 -0.44299256345038E+05 -0.23781665742201E+06 -0.58446170643463E+06 -0.26314554565078E+05  0.56211863056811E+05 -0.59674429627933E+04 -0.61357984189980E+04 -0.29371166891032E+03 -0.85211256785969E+02 -0.55219073901544E+05  0.64780762221670E+04 -0.45702078943694E+05 -0.25440646421203E+05  0.33414579081923E+08  0.59021446539318E+04 -0.16966451614589E+08 -0.10114352045285E+06 -0.32930028546635E+06 -0.86377717054876E+06 -0.28514261901621E+05 -0.12210830665453E+06 -0.70129547739714E+06  0.34154299652318E+05  0.75918601016222E+05 -0.11832566092762E+04  0.56579324859828E+06  0.27807047090057E+07  0.17143078377884E+05  0.31407874002318E+05  0.21644329108651E+03  0.18425645728784E+06  0.81174837568943E+06  0.24350044534154E+05  0.76630484303390E+04 -0.18292719179391E+05  0.44444351164839E+05  0.20590392251938E+05  0.63991740130562E+05
  -0.12176668413839E+04  0.50753386971884E+03 -0.48084014783794E+02 -0.15000876855414E+03  0.52290533562472E+02  0.60938376271415E+02  0.95544643635416E+01  0.43076424037941E+03 -0.96748600582052E+02 -0.11918721603596E+02  0.29597560043910E+01 -0.48743093185769E+01 -0.42670133407870E+00  0.30694123188831E-01  0.16183926137887E+01 -0.79659344399584E+00 -0.18975566774494E+00  0.11651176576384E+01  0.59021446539318E+04  0.21357523795661E+01 -0.31169384078914E+04 -0.12824458062356E+02 -0.44401639572836E+02 -0.14079151744988E+03 -0.16700220761742E+01 -0.12726904769568E+02 -0.11088379472518E+03  0.00000000000000E+00 -0.31428653760478E+02  0.00000000000000E+00  0.00000000000000E+00  0.29579952065918E+03  0.00000000000000E+00 -0.64887244527747E+01  0.00000000000000E+00  0.00000000000000E+00  0.19519726899189E+03  0.00000000000000E+00  0.00000000000000E+00  0.00000000000000E+00  0.16005023187726E+02  0.00000000000000E+00 -0.32144799510364E+02
   0.52647305201591E+07 -0.15076754376775E+07  0.19944514684152E+06  0.14656866434373E+07 -0.30133028929288E+06  0.79663001676309E+05  0.18383281390792E+06  0.60794121207977E+06 -0.75660569211290E+04 -0.54494230429956E+05  0.56555621631744E+04  0.27209623122462E+04 -0.11086472701105E+03  0.10138066043387E+03 -0.17890271097204E+05  0.27558821760393E+04 -0.16937620814085E+05 -0.10585326509372E+05 -0.16966451614589E+08 -0.31169384078914E+04  0.15022760846786E+08  0.11347711133668E+06  0.33316006755826E+06  0.88107870484687E+06  0.31760569041645E+05  0.12184534504645E+06  0.64781726129710E+06  0.00000000000000E+00 -0.11002475554921E+06  0.00000000000000E+00  0.00000000000000E+00 -0.27234778984969E+07  0.00000000000000E+00  0.26087691241693E+05  0.00000000000000E+00  0.00000000000000E+00 -0.56722347761577E+06  0.00000000000000E+00  0.00000000000000E+00  0.00000000000000E+00  0.78497849043661E+05  0.00000000000000E+00 -0.91625334435283E+05
   0.34173309301725E+05 -0.67431952635122E+04  0.12496534390318E+04  0.12524958713526E+05 -0.23227215818191E+04  0.13925335507076E+04  0.18479765068128E+04  0.17643893306924E+05 -0.33981707050629E+04 -0.79408915193564E+03  0.12583425595593E+03  0.13278683941167E+02  0.31326855413607E+01  0.36210764309870E+00 -0.13501180927802E+03  0.14215671351439E+02 -0.15262133000274E+03 -0.82084338656222E+02 -0.10114352045285E+06 -0.12824458062356E+02  0.11347711133668E+06  0.11613945779884E+04  0.31910077081474E+04  0.80610432709610E+04  0.30609461413839E+03  0.11033714860811E+04  0.53975570223531E+04 -0.46400036666266E+02 -0.13100029947806E+04  0.43150881120132E+01  0.58749568251797E+03 -0.25796534175156E+05  0.00000000000000E+00 -0.87077067899127E+02  0.00000000000000E+00  0.20601848245060E+04 -0.30766870310740E+04  0.00000000000000E+00  0.00000000000000E+00  0.00000000000000E+00  0.12263931126741E+04 -0.30787901193223E+03 -0.16587539098704E+04
   0.12090692072275E+06 -0.27533870808926E+05  0.44289606709246E+04  0.36958400428377E+05 -0.68733787548989E+04  0.39413995602069E+04  0.53066226558933E+04  0.58073716548017E+05 -0.11808126255049E+05 -0.24523045480891E+04  0.40690849698986E+03  0.19364094271499E+03  0.24246705759452E+02  0.94202830537248E+00 -0.41927640574051E+03  0.39530879407928E+02 -0.45700910268395E+03 -0.23251499935240E+03 -0.32930028546635E+06 -0.44401639572836E+02  0.33316006755826E+06  0.31910077081474E+04  0.92125256065000E+04  0.22232257203479E+05  0.87112135155827E+03  0.32047804173549E+04  0.15747615839900E+05 -0.15237323095910E+03 -0.34697889818453E+04 -0.18550389501121E+02 -0.58051996567957E+04 -0.74807818930073E+05  0.00000000000000E+00 -0.22951776292735E+03  0.00000000000000E+00  0.30666572101850E+04 -0.10254836874564E+05  0.00000000000000E+00  0.00000000000000E+00  0.00000000000000E+00  0.35673047406377E+04 -0.17780129269290E+04 -0.49359703243832E+04
   0.21640972397161E+06 -0.55224548904380E+05  0.80595029292018E+04  0.87346516921279E+05 -0.16754996443693E+05  0.78120441804332E+04  0.11943998085980E+05  0.92299725615002E+05 -0.17261058784804E+05 -0.43088835630147E+04  0.66397343075262E+03 -0.36755857536531E+03 -0.42886313452339E+02  0.33029114770358E+01 -0.41483601692300E+03  0.24133860489902E+02 -0.50529303998381E+03 -0.22826685788809E+03 -0.86377717054876E+06 -0.14079151744988E+03  0.88107870484687E+06  0.80610432709610E+04  0.22232257203479E+05  0.63268555549546E+05  0.21872834610724E+04  0.81110026623277E+04  0.41057958128604E+05  0.23707990412474E+03 -0.10882669010329E+05 -0.44424762790049E+01  0.37277207930989E+05 -0.18229737870837E+06  0.00000000000000E+00 -0.73775866229634E+03  0.00000000000000E+00  0.16298662430715E+05 -0.27028712277077E+05  0.00000000000000E+00  0.00000000000000E+00  0.00000000000000E+00  0.59236221251931E+04  0.14770111925602E+04 -0.11565341088385E+05
   0.11807576183144E+05 -0.27098874504186E+04  0.43546560802591E+03  0.40144970027981E+04 -0.70068706601808E+03  0.56234338105550E+03  0.63279298653080E+03  0.62708603887677E+04 -0.12624124933872E+04 -0.26772499518938E+03  0.44081108784812E+02 -0.21735319771965E+02 -0.24622487580571E+01  0.13919116617208E+00 -0.43694380055081E+02  0.42772495335521E+01 -0.50954689939941E+02 -0.26776595812764E+02 -0.28514261901621E+05 -0.16700220761742E+01  0.31760569041645E+05  0.30609461413839E+03  0.87112135155827E+03  0.21872834610724E+04  0.10351425452412E+03  0.36303338896554E+03  0.15495971242907E+04  0.00000000000000E+00 -0.41494018238203E+03  0.00000000000000E+00  0.00000000000000E+00 -0.83278635710333E+04  0.00000000000000E+00 -0.27243494536637E+02  0.00000000000000E+00  0.00000000000000E+00 -0.55010879440862E+03  0.00000000000000E+00  0.00000000000000E+00  0.00000000000000E+00  0.16541686418533E+02  0.00000000000000E+00 -0.62895063507694E+03
   0.45941246210764E+05 -0.11418127387646E+05  0.17016191408760E+04  0.14614299252456E+05 -0.26096826332598E+04  0.18418351204134E+04  0.21808197077494E+04  0.22960008003364E+05 -0.48070806786421E+04 -0.94050850119771E+03  0.15913447747742E+03 -0.90270290533688E+02 -0.93323219219495E+01  0.45510987506549E+00 -0.15201816220269E+03  0.14360347923586E+02 -0.16642984656433E+03 -0.84918599140746E+02 -0.12210830665453E+06 -0.12726904769568E+02  0.12184534504645E+06  0.11033714860811E+04  0.32047804173549E+04  0.81110026623277E+04  0.36303338896554E+03  0.13288245592171E+04  0.58079719199982E+04  0.00000000000000E+00 -0.13196687825976E+04  0.00000000000000E+00  0.00000000000000E+00 -0.30057622354492E+05  0.00000000000000E+00 -0.86251706383126E+02  0.00000000000000E+00  0.00000000000000E+00 -0.34091296000568E+04  0.00000000000000E+00  0.00000000000000E+00  0.00000000000000E+00 -0.37038798281777E+02  0.00000000000000E+00 -0.23110216331240E+04
   0.23589369706685E+06 -0.64556306204183E+05  0.88709701405812E+04  0.65318575703787E+05 -0.12824238856044E+05  0.49566801288651E+04  0.85294268542031E+04  0.68256259716814E+05 -0.12499953726049E+05 -0.33157877674091E+04  0.49339396278496E+03 -0.20606501910579E+03 -0.18291711281126E+02  0.21921015418079E+01 -0.42118489810547E+03  0.46626224060781E+02 -0.42783214403409E+03 -0.22788559707464E+03 -0.70129547739714E+06 -0.11088379472518E+03  0.64781726129710E+06  0.53975570223531E+04  0.15747615839900E+05  0.41057958128604E+05  0.15495971242907E+04  0.58079719199982E+04  0.30427683146032E+05  0.00000000000000E+00 -0.74678141988111E+04  0.00000000000000E+00  0.00000000000000E+00 -0.12968992984707E+06  0.00000000000000E+00 -0.50628853312699E+03  0.00000000000000E+00  0.00000000000000E+00 -0.21417469700295E+05  0.00000000000000E+00  0.00000000000000E+00  0.00000000000000E+00  0.79604194888693E+04  0.00000000000000E+00 -0.79589804807542E+04
  -0.13231705795790E+06  0.16798072410342E+05 -0.46754334296219E+04 -0.12884463005395E+05  0.20001254897375E+04 -0.27239915820677E+04 -0.24526390402403E+04 -0.63128219487908E+05  0.11573886183419E+05  0.27568721671623E+04 -0.45966373551606E+03 -0.11275421684206E+04 -0.16605395956341E+03  0.72700504958419E-01 -0.27073383004500E+04  0.49994940286898E+03 -0.23850430989008E+04 -0.16995125002616E+04  0.34154299652318E+05  0.00000000000000E+00  0.00000000000000E+00 -0.46400036666266E+02 -0.15237323095910E+03  0.23707990412474E+03  0.00000000000000E+00  0.00000000000000E+00  0.00000000000000E+00  0.11696471111809E+06  0.00000000000000E+00  0.00000000000000E+00  0.00000000000000E+00  0.00000000000000E+00  0.00000000000000E+00  0.00000000000000E+00  0.00000000000000E+00  0.00000000000000E+00  0.00000000000000E+00  0.00000000000000E+00  0.00000000000000E+00  0.00000000000000E+00  0.00000000000000E+00  0.00000000000000E+00  0.00000000000000E+00
  -0.56125894025472E+05  0.82949695059840E+04 -0.19844765296364E+04 -0.21357635625699E+05  0.33639467526812E+04 -0.41825756089171E+04 -0.38455815473639E+04 -0.50734453850655E+05  0.10968301887409E+05  0.19058097115419E+04 -0.34758948071912E+03 -0.94315243105089E-01 -0.12166030448726E-01 -0.40041656853814E-04 -0.17780721929367E+04  0.31361581127872E+03 -0.15530025891861E+04 -0.10724829476959E+04  0.75918601016222E+05 -0.31428653760478E+02 -0.11002475554921E+06 -0.13100029947806E+04 -0.34697889818453E+04 -0.10882669010329E+05 -0.41494018238203E+03 -0.13196687825976E+04 -0.74678141988111E+04  0.00000000000000E+00  0.65016914936315E+05  0.00000000000000E+00  0.00000000000000E+00  0.00000000000000E+00  0.00000000000000E+00  0.00000000000000E+00  0.00000000000000E+00  0.00000000000000E+00  0.00000000000000E+00  0.00000000000000E+00  0.00000000000000E+00  0.00000000000000E+00  0.00000000000000E+00  0.00000000000000E+00  0.00000000000000E+00
  -0.52973016111505E+04 -0.18974260657658E+03  0.17228011727677E+02 -0.75438384029381E+02 -0.56254730129268E+02  0.14862635166571E+03  0.13556533663297E+03 -0.70345599737490E+05  0.24725271524412E+05  0.73803211548254E+03 -0.33329070149570E+03 -0.69888623508760E+03 -0.27492569746556E+02 -0.66365275153599E+01 -0.24856489087631E+04  0.28761400624294E+03 -0.24042634892026E+04 -0.12108315053244E+04 -0.11832566092762E+04  0.00000000000000E+00  0.00000000000000E+00  0.43150881120132E+01 -0.18550389501121E+02 -0.44424762790049E+01  0.00000000000000E+00  0.00000000000000E+00  0.00000000000000E+00  0.00000000000000E+00  0.00000000000000E+00  0.30774499907260E+05  0.00000000000000E+00  0.00000000000000E+00  0.00000000000000E+00  0.00000000000000E+00  0.00000000000000E+00  0.00000000000000E+00  0.00000000000000E+00  0.00000000000000E+00  0.00000000000000E+00  0.00000000000000E+00  0.00000000000000E+00  0.00000000000000E+00  0.00000000000000E+00
  -0.86904483567409E+06  0.21059131893141E+06 -0.31842548331815E+05 -0.66402721394867E+05  0.11792968749195E+05 -0.83927420356963E+04 -0.97931883842734E+04 -0.29574036908811E+06  0.67167506949272E+05  0.11037701780887E+05 -0.19855005422513E+04 -0.50378446652569E+04 -0.59258293965087E+03 -0.97305290177514E+00  0.20104403099779E+04 -0.16488956825037E+03  0.20673383691676E+04  0.97187449181711E+03  0.56579324859828E+06  0.00000000000000E+00  0.00000000000000E+00  0.58749568251797E+03 -0.58051996567957E+04  0.37277207930989E+05  0.00000000000000E+00  0.00000000000000E+00  0.00000000000000E+00  0.00000000000000E+00  0.00000000000000E+00  0.00000000000000E+00  0.58088058019106E+06  0.00000000000000E+00  0.00000000000000E+00  0.00000000000000E+00  0.00000000000000E+00  0.00000000000000E+00  0.00000000000000E+00  0.00000000000000E+00  0.00000000000000E+00  0.00000000000000E+00  0.00000000000000E+00  0.00000000000000E+00  0.00000000000000E+00
  -0.11265936639297E+07  0.26591643598646E+06 -0.41457937029234E+05 -0.34492850559956E+06  0.62580959294495E+05 -0.40993144720963E+05 -0.51066753162314E+05 -0.58157147080361E+06  0.12777036690442E+06  0.22941867236053E+05 -0.39525104233841E+04 -0.20612358461213E+02 -0.23237200335576E+01 -0.31565766830777E-02  0.43414622618356E+04 -0.49920019268971E+03  0.42780739288765E+04  0.23532501899333E+04  0.27807047090057E+07  0.29579952065918E+03 -0.27234778984969E+07 -0.25796534175156E+05 -0.74807818930073E+05 -0.18229737870837E+06 -0.83278635710333E+04 -0.30057622354492E+05 -0.12968992984707E+06  0.00000000000000E+00  0.00000000000000E+00  0.00000000000000E+00  0.00000000000000E+00  0.92253813432784E+06  0.00000000000000E+00  0.00000000000000E+00  0.00000000000000E+00  0.00000000000000E+00  0.00000000000000E+00  0.00000000000000E+00  0.00000000000000E+00  0.00000000000000E+00  0.00000000000000E+00  0.00000000000000E+00  0.00000000000000E+00
  -0.20947736705809E+05  0.57366533430297E+04 -0.79707584028723E+03 -0.13774125833855E+04  0.32223336293171E+03  0.13608187434635E+02 -0.15492995401772E+03 -0.73889436738642E+05  0.22886075735294E+05  0.14955298331575E+04 -0.41479661741138E+03 -0.22823307096237E+04 -0.14366651801366E+03 -0.37204898597244E+01 -0.14819641641730E+04  0.15395019589500E+03 -0.11967834769276E+04 -0.60677673838124E+03  0.17143078377884E+05  0.00000000000000E+00  0.00000000000000E+00  0.00000000000000E+00  0.00000000000000E+00  0.00000000000000E+00  0.00000000000000E+00  0.00000000000000E+00  0.00000000000000E+00  0.00000000000000E+00  0.00000000000000E+00  0.00000000000000E+00  0.00000000000000E+00  0.00000000000000E+00  0.14289959962435E+05  0.00000000000000E+00  0.00000000000000E+00  0.00000000000000E+00  0.00000000000000E+00  0.00000000000000E+00  0.00000000000000E+00  0.00000000000000E+00  0.00000000000000E+00  0.00000000000000E+00  0.00000000000000E+00
  -0.47600984172280E+05  0.13204940368287E+05 -0.18181823895278E+04 -0.25020995721238E+04  0.56532483141742E+03 -0.88332892417266E+01 -0.27395578705356E+03 -0.16670136447291E+06  0.51724320440421E+05  0.33122416789759E+04 -0.93597321769605E+03 -0.69837514876526E+02 -0.18319206558833E+02 -0.27008661958793E-04 -0.29385341406113E+04  0.30419468668009E+03 -0.23801737198863E+04 -0.12079386987933E+04  0.31407874002318E+05 -0.64887244527747E+01  0.26087691241693E+05 -0.87077067899127E+02 -0.22951776292735E+03 -0.73775866229634E+03 -0.27243494536637E+02 -0.86251706383126E+02 -0.50628853312699E+03  0.00000000000000E+00  0.00000000000000E+00  0.00000000000000E+00  0.00000000000000E+00  0.00000000000000E+00  0.00000000000000E+00  0.31404781676065E+05  0.00000000000000E+00  0.00000000000000E+00  0.00000000000000E+00  0.00000000000000E+00  0.00000000000000E+00  0.00000000000000E+00  0.00000000000000E+00  0.00000000000000E+00  0.00000000000000E+00
  -0.32111796746345E+04  0.42329610517803E+03 -0.10086335074774E+03 -0.71919551966352E+02  0.91235492134373E+01 -0.18843386333657E+02 -0.13209414123105E+02 -0.14122080186026E+04  0.19154406214437E+03  0.43791723057551E+02 -0.10763039823200E+02 -0.78539819071211E+02 -0.63769264791509E+01 -0.15546992229369E+00 -0.72803100867898E+03  0.80677542343304E+02 -0.57979867140583E+03 -0.31973749638946E+03  0.21644329108651E+03  0.00000000000000E+00  0.00000000000000E+00  0.00000000000000E+00  0.00000000000000E+00  0.00000000000000E+00  0.00000000000000E+00  0.00000000000000E+00  0.00000000000000E+00  0.00000000000000E+00  0.00000000000000E+00  0.00000000000000E+00  0.00000000000000E+00  0.00000000000000E+00  0.00000000000000E+00  0.00000000000000E+00  0.37962157434105E+04  0.00000000000000E+00  0.00000000000000E+00  0.00000000000000E+00  0.00000000000000E+00  0.00000000000000E+00  0.00000000000000E+00  0.00000000000000E+00  0.00000000000000E+00
  -0.20499627850231E+06  0.63910407781127E+05 -0.79063293687320E+04 -0.11790114172513E+05  0.29009503095690E+04  0.46318801185551E+03 -0.97710894558366E+03 -0.56704741529376E+04  0.59931395347758E+03  0.55287195233452E+03 -0.44318504980162E+02 -0.20583189811935E+00 -0.14708576183865E+00  0.24090125701251E-12  0.23885311055921E+03 -0.64112596084953E+02  0.59070879914016E+02  0.92052420716876E+02  0.18425645728784E+06  0.00000000000000E+00  0.00000000000000E+00  0.20601848245060E+04  0.30666572101850E+04  0.16298662430715E+05  0.00000000000000E+00  0.00000000000000E+00  0.00000000000000E+00  0.00000000000000E+00  0.00000000000000E+00  0.00000000000000E+00  0.00000000000000E+00  0.00000000000000E+00  0.00000000000000E+00  0.00000000000000E+00  0.00000000000000E+00  0.10628018583568E+06  0.00000000000000E+00  0.00000000000000E+00  0.00000000000000E+00  0.00000000000000E+00  0.00000000000000E+00  0.00000000000000E+00  0.00000000000000E+00
  -0.23105133159966E+06  0.71506216582877E+05 -0.88940401872830E+04 -0.53210855831499E+05  0.12905149625338E+05  0.17468807664590E+04 -0.45656141052899E+04 -0.11153127593957E+05  0.12123844351008E+04  0.10507320798772E+04 -0.87016979984236E+02  0.32246316573729E-02  0.21829852883797E-02 -0.20505445668492E-11  0.42895798535246E+03 -0.11361787734092E+03  0.11752130209628E+03  0.17133902711817E+03  0.81174837568943E+06  0.19519726899189E+03 -0.56722347761577E+06 -0.30766870310740E+04 -0.10254836874564E+05 -0.27028712277077E+05 -0.55010879440862E+03 -0.34091296000568E+04 -0.21417469700295E+05  0.00000000000000E+00  0.00000000000000E+00  0.00000000000000E+00  0.00000000000000E+00  0.00000000000000E+00  0.00000000000000E+00  0.00000000000000E+00  0.00000000000000E+00  0.00000000000000E+00  0.13878505894843E+06  0.00000000000000E+00  0.00000000000000E+00  0.00000000000000E+00  0.00000000000000E+00  0.00000000000000E+00  0.00000000000000E+00
