# fitpack15: fit parameters                                                                         
# CJ15 AV18 final data choices                                                                      
# Created on 02/13/2020 at 10:57:06                                                                 

 # QCD setup
  INS                           0
  NVL                          11
  IORD                          1
  Q02                   1.6899999999999999     
  IPARAMC                      -7
  FLAVOR                4.0000000000000000     
  xmc                   1.3000000000000000     
  xmb                   4.5000000000000000     
  ncb                          12
  ihq                           1
  ias                           0

 # Theory corrections
  inuke                     10114
  itmc                          1
  iht                           2

 # fit parameters
 LAMBDA       0.22680        0.0000    
 a0uv          1.8553        0.0000    
 a1uv         0.56021       0.36152E-01
 a2uv          3.6003       0.15804E-01
 a3uv          0.0000        0.0000    
 a4uv          5.1044        1.1265    
 a5uv          0.0000        0.0000    
 a0dv          17.217        0.0000    
 a1dv          1.0701       0.47748E-01
 a2dv          6.2573       0.26686    
 a3dv         -3.4301       0.15271    
 a4dv          4.8342       0.22747    
 a5dv          0.0000        0.0000    
 a0ud         0.13928       0.54266E-02
 a1ud        -0.21275       0.41560E-02
 a2ud          8.9901       0.21309    
 a3ud          0.0000        0.0000    
 a4ud          18.011        1.6917    
 a5ud          0.0000        0.0000    
 a0du          35712.        0.0000    
 a1du          4.0917       0.12211    
 a2du          21.720        1.3164    
 a3du          17.000        0.0000    
 a4du          51.740        13.757    
 a0g           44.738        0.0000    
 a1g          0.59719       0.28901E-01
 a2g           5.7175       0.74255    
 a3g          -3.3881       0.11625    
 a4g           3.2150       0.25237    
 a5g           0.0000        0.0000    
 kappa        0.40000        0.0000    
 a6dv        -0.20214E-02   0.40990E-02
 a7dv          2.0000        0.0000    
 off1         0.30025E-01   0.12188    
 off2         -1.9057       0.89246    
 off3          2.9073        1.6655    
 ht1          -4.4734        1.5455    
 ht2           2.3440       0.29308    
 ht3          -2.1191       0.31587E-01
 ht4           2.7051       0.21705    
 dummy41       0.0000        0.0000    
 dummy42       0.0000        0.0000    
 dummy43       0.0000        0.0000    
 dummy44       0.0000        0.0000    
 dummy45       0.0000        0.0000    
 dummy46       0.0000        0.0000    
 dummy47       0.0000        0.0000    
 dummy48       0.0000        0.0000    
 dummy49       0.0000        0.0000    
 bcdmsh2      0.97141       0.49389E-02
 bcdmsd2      0.99459       0.59328E-02
 ccfr          1.0000        0.0000    
 nutev         1.0000        0.0000    
 zeus         0.97998        0.0000    
 h1            1.0162        0.0000    
 e605          1.0319        0.0000    
 NmcH2         1.0086       0.71871E-02
 ntv_nu        1.0000        0.0000    
 ntv_nuba      1.0000        0.0000    
 cdf_jet      0.98910        0.0000    
 d0_jet       0.83504        0.0000    
 slac_p        1.0022       0.49809E-02
 slac_d        1.0026       0.54106E-02
 e866pp       0.98609       0.24560E-01
 e866pd       0.96069       0.19464E-01
 d0_gamje      1.0407       0.16600E-01
 h1b          0.97608        0.0000    
 jlab_p       0.98622       0.58939E-02
 jlab_d       0.97780       0.61073E-02
 blank         1.0000        0.0000    
 d0run2       0.94875       0.15380E-01
 cdfrun2      0.93526       0.17788E-01
 HERA_el       1.0000        0.0000    
 HERA_ps       1.0000        0.0000    
 CDF_Z        0.94951       0.70416E-02
 NmcRat        1.0000        0.0000    
 BNS_F2nd     0.94721       0.88268E-02
 HERMES_F     0.99544       0.56952E-02
 HERMES_F     0.97882       0.59120E-02
 END 0. 0.

 # Hessian matrix (Bevington alpha)
   0.46260693095445E+07 -0.11350951262095E+07  0.15040397097183E+06  0.50955508834243E+06 -0.14691542267955E+06  0.24283748770039E+05  0.75421717744748E+05  0.96934702291618E+06 -0.17735579827694E+06 -0.46088280815551E+05  0.63458415768083E+04  0.11328396635393E+05  0.11612780549807E+04 -0.81868231307146E+02  0.16241701925051E+05 -0.38965382238589E+04  0.22476350701119E+05  0.15761391188601E+05  0.48732513396489E+07 -0.62048690469880E+05 -0.26212277000785E+05 -0.12214582287542E+05 -0.17318192425464E+05 -0.12749809982998E+05 -0.25585586262948E+06 -0.97485769153667E+05 -0.13182354895132E+06 -0.55460467313075E+05 -0.50558739083806E+04 -0.84751181198933E+06 -0.10811642374730E+07 -0.20988935550055E+05 -0.48066402953204E+05 -0.31961863212291E+04 -0.18913904490281E+06 -0.20336176196099E+06 -0.87148386232486E+04 -0.30950065004394E+04 -0.18724871672157E+05  0.18240028417918E+05 -0.74528831748145E+05 -0.58496367938920E+05
  -0.11350951262095E+07  0.34137087436176E+06 -0.37490230111734E+05 -0.11581795008894E+06  0.37841436981599E+05 -0.21967879310735E+04 -0.15682072450094E+05 -0.11530594235252E+06  0.24548780630958E+05  0.61945191865888E+04 -0.70805586574841E+03 -0.87580413011726E+03 -0.88347998194713E+02  0.10189548419966E+02 -0.17341584972331E+03  0.12701856777074E+03 -0.58646080860438E+03 -0.41924946525296E+03 -0.15464360656431E+07  0.15022496926028E+05  0.72242004963057E+04  0.36947683536942E+04  0.77743357202710E+04  0.11058718454183E+05  0.74690750238436E+05  0.39187131251232E+05  0.16834379327651E+05  0.82102241634126E+04 -0.19001361920546E+03  0.19941142733397E+06  0.24618974433722E+06  0.57120532198433E+04  0.13285282389915E+05  0.42047457054573E+03  0.58357499118288E+05  0.62120930145398E+05  0.22624069846439E+04  0.72300937162679E+03 -0.20674076563459E+04 -0.24215868810156E+04  0.85980831480211E+04  0.71480295456398E+04
   0.15040397097183E+06 -0.37490230111734E+05  0.49196338665522E+04  0.16103696786469E+05 -0.48044055038940E+04  0.58430092036579E+03  0.23779541725335E+04  0.23949613761763E+05 -0.42143369736492E+04 -0.13301510784164E+04  0.15949228689695E+03  0.27156369195355E+03  0.31257537606866E+02 -0.28609277915872E+01 -0.90845615166210E+01 -0.62256328928264E+02  0.15022190793597E+03  0.18957951965086E+03  0.16087869631083E+06 -0.19990558482373E+04 -0.85500027995727E+03 -0.40085214062291E+03 -0.59241863559172E+03 -0.53599972667051E+03 -0.84095124429465E+04 -0.32430549295307E+04 -0.41090172192050E+04 -0.17273723571723E+04  0.12883508581126E+02 -0.26969866774503E+05 -0.34578165831179E+05 -0.69027157013198E+03 -0.15861441697603E+04 -0.89434486075172E+02 -0.62720110724429E+04 -0.67404466152567E+04 -0.28451299466319E+03 -0.10023515407256E+03 -0.92117198914541E+02  0.56953173369498E+03 -0.19843282800289E+04 -0.15893177353376E+04
   0.50955508834243E+06 -0.11581795008894E+06  0.16103696786469E+05  0.29744512636232E+06 -0.49035869184650E+05  0.53262681073779E+05  0.45325253177458E+05  0.34285061713885E+06 -0.30831059864146E+05 -0.15635061396811E+05  0.25983310912901E+04 -0.86075633392472E+03 -0.75779050379175E+02  0.35989363314712E+02  0.29433058279285E+05 -0.37238128466008E+04  0.30243413074577E+05  0.17119913559522E+05  0.10096951817031E+07 -0.17702193680360E+05 -0.67522859541153E+04 -0.27719876315142E+04 -0.82007572751171E+03  0.33081864836586E+04 -0.43867046489587E+05 -0.82329831128759E+04 -0.12885845164262E+05 -0.21364055636926E+05 -0.17273569676530E+03 -0.62736665700038E+05 -0.32794061427547E+06 -0.11820907492650E+04 -0.22558713711954E+04 -0.67063742988571E+02 -0.97474681121754E+04 -0.42995927579180E+05 -0.22186764418146E+04 -0.88516769463735E+03 -0.10968858036029E+05 -0.18285348575023E+05 -0.74794722330158E+04 -0.22233313115227E+05
  -0.14691542267955E+06  0.37841436981599E+05 -0.48044055038940E+04 -0.49035869184650E+05  0.10546897722393E+05 -0.60592040606468E+04 -0.72784389163551E+04 -0.29804737107885E+05  0.79229654691021E+03  0.19803417811651E+04 -0.24566955205751E+03 -0.39765292588292E+02 -0.21305516608536E+00 -0.28618358254685E+01 -0.24761981799406E+04  0.31505685431990E+03 -0.24513485734275E+04 -0.13889945055943E+04 -0.28180500479517E+06  0.37416393319548E+04  0.16579673278329E+04  0.76113991078694E+03  0.69787417781409E+03  0.70659094360936E+03  0.11707547368431E+05  0.36842169442924E+04  0.20529941726868E+04  0.35349413080092E+04 -0.52326131892205E+02  0.12843707081002E+05  0.67787804331471E+05  0.34886445442200E+03  0.64787725132603E+03  0.89423818961716E+01  0.31284998402087E+04  0.13559496313469E+05  0.50333036566940E+03  0.18432392085001E+03  0.37615005503455E+03  0.29578975448936E+04  0.87459715382408E+03  0.27092309345638E+04
   0.24283748770039E+05 -0.21967879310735E+04  0.58430092036579E+03  0.53262681073779E+05 -0.60592040606468E+04  0.12988155763986E+05  0.84640956041093E+04  0.89181277710765E+05 -0.89420869341800E+04 -0.35158686487602E+04  0.66872635585095E+03 -0.33160106248686E+03 -0.27306903714507E+02  0.10322150860918E+02  0.76160930464809E+04 -0.98851132668685E+03  0.79988541920627E+04  0.46024714621671E+04  0.71528479776753E+05 -0.23201285182626E+04 -0.67528401121272E+03 -0.20848754342314E+03  0.35254939272820E+03  0.19156984274793E+04 -0.32842636950069E+04  0.34638672310930E+03 -0.23509206790668E+04 -0.37308710405046E+04  0.87778485892024E+02 -0.90343019916526E+04 -0.44429862411407E+05 -0.40537408151085E+02 -0.10614092442226E+03 -0.15297828279677E+02 -0.24440836525012E+03 -0.12198070174544E+04 -0.26902026885632E+03 -0.12432342642797E+03 -0.27408338809291E+04 -0.32964535824046E+04 -0.16738702468111E+04 -0.48538880708968E+04
   0.75421717744748E+05 -0.15682072450094E+05  0.23779541725335E+04  0.45325253177458E+05 -0.72784389163551E+04  0.84640956041093E+04  0.71330713431351E+04  0.48673075349655E+05 -0.31147317207148E+04 -0.24709293402329E+04  0.38304427124416E+03 -0.94702853346317E+02 -0.96723424098027E+01  0.52539588487356E+01  0.39674742324991E+04 -0.52385659325173E+03  0.39934659025397E+04  0.23235869535733E+04  0.13918215700423E+06 -0.26042750716818E+04 -0.97591074795260E+03 -0.38613655245494E+03 -0.58362799936150E+01  0.84732216569041E+03 -0.61164444206987E+04 -0.87105107735449E+03 -0.21629078559517E+04 -0.34821943942450E+04  0.10225603530820E+03 -0.96393001143197E+04 -0.50221513084499E+05 -0.16326095803886E+03 -0.30663982581929E+03 -0.11052091165489E+02 -0.11871420731395E+04 -0.52995761344597E+04 -0.34101322642518E+03 -0.13951213608325E+03 -0.11797404148482E+04 -0.31626196412657E+04 -0.10577641541499E+04 -0.31751699412605E+04
   0.96934702291618E+06 -0.11530594235252E+06  0.23949613761763E+05  0.34285061713885E+06 -0.29804737107885E+05  0.89181277710765E+05  0.48673075349655E+05  0.56471413958640E+07 -0.24858700189357E+07 -0.88263334184352E+05  0.24352208948199E+05  0.23325645489268E+05  0.15108133727747E+04  0.96888939159497E+02  0.91006303424490E+05 -0.12221919615814E+05  0.11275642389110E+06  0.61725456994032E+05  0.31873208636138E+06 -0.37387929680414E+05 -0.70395939089821E+04 -0.17987002388747E+04  0.64356621266351E+04  0.38856408927335E+05 -0.30492001323660E+05  0.58225641564144E+04 -0.60391911424269E+05 -0.48063862939158E+05 -0.73059029888843E+05 -0.29402153623661E+06 -0.56778833482198E+06 -0.74960263859347E+05 -0.17025708527229E+06 -0.14472347412862E+04 -0.43261818791490E+04 -0.85694406020120E+04  0.10127411669506E+04  0.55815338029417E+03 -0.28383806850920E+06 -0.91634490783690E+04 -0.14996667580828E+06 -0.18307496927934E+06
  -0.17735579827694E+06  0.24548780630958E+05 -0.42143369736492E+04 -0.30831059864146E+05  0.79229654691021E+03 -0.89420869341800E+04 -0.31147317207148E+04 -0.24858700189357E+07  0.19373993907326E+07  0.19379401020971E+05 -0.60391152035445E+04 -0.50184541713661E+04 -0.27205934007787E+03 -0.15169329664921E+02  0.49418996425308E+05 -0.24864698964937E+04  0.19305822566021E+05  0.99173731907155E+04  0.64502914179260E+04  0.92879065888310E+04  0.14074745685631E+04  0.31062442301885E+03 -0.14888377520675E+04 -0.93298254668556E+04  0.49562137755735E+04 -0.13124048474943E+04  0.10891455286254E+05  0.10254680118713E+05  0.25340300169367E+05  0.66850526405772E+05  0.12509807130829E+06  0.22972860666203E+05  0.52354352888418E+05  0.19812891309817E+03  0.53577592199837E+03  0.10656524178340E+04 -0.14579890625286E+04 -0.77299443302539E+03  0.11554365523473E+06  0.16272537677729E+04  0.46295820490427E+05  0.56060535091862E+05
  -0.46088280815551E+05  0.61945191865888E+04 -0.13301510784164E+04 -0.15635061396811E+05  0.19803417811651E+04 -0.35158686487602E+04 -0.24709293402329E+04 -0.88263334184352E+05  0.19379401020971E+05  0.24397868293019E+04 -0.53429898213592E+03 -0.54025721530251E+03 -0.45055578853676E+02 -0.13717996805296E+01 -0.40090129661668E+04  0.53125966668421E+03 -0.43775303939194E+04 -0.25287981713343E+04 -0.28159903698980E+05  0.11905364105660E+04  0.30837716173005E+03  0.96201415857354E+02 -0.18704209745018E+03 -0.11158345878106E+04  0.17465695569520E+04 -0.12972185121151E+03  0.25397410567111E+04  0.17359956789531E+04  0.73745398969870E+03  0.10284761144383E+05  0.21026179542051E+05  0.14285231744263E+04  0.31855924110934E+04  0.42808098944955E+02  0.38584013375622E+03  0.73987153262535E+03  0.10237267140913E+03  0.47086679734301E+02  0.31022068719741E+04  0.44163903686828E+03  0.28236114291020E+04  0.35239459211544E+04
   0.63458415768083E+04 -0.70805586574841E+03  0.15949228689695E+03  0.25983310912901E+04 -0.24566955205751E+03  0.66872635585095E+03  0.38304427124416E+03  0.24352208948199E+05 -0.60391152035445E+04 -0.53429898213592E+03  0.13775847943200E+03  0.14370712413263E+03  0.99566539893931E+01  0.55724933878867E+00  0.11328166525092E+04 -0.13284688979426E+03  0.11785232858959E+04  0.65144916689987E+03  0.28043724779311E+04 -0.21263186742673E+03 -0.43462726792821E+02 -0.11531413258455E+02  0.38290867004769E+02  0.22701772278903E+03 -0.19809183062277E+03  0.35450221464542E+02 -0.38938222208205E+03 -0.29223241291015E+03 -0.31687668120251E+03 -0.17437515236932E+04 -0.34039832748965E+04 -0.37802948045518E+03 -0.85735819907223E+03 -0.98317691291372E+01 -0.28836011598448E+02 -0.57252389138618E+02 -0.72760854548292E+01 -0.37174001535570E+01 -0.10570206625267E+04 -0.58572189119044E+02 -0.75523298186741E+03 -0.92710026973777E+03
   0.11328396635393E+05 -0.87580413011726E+03  0.27156369195355E+03 -0.86075633392472E+03 -0.39765292588292E+02 -0.33160106248686E+03 -0.94702853346317E+02  0.23325645489268E+05 -0.50184541713661E+04 -0.54025721530251E+03  0.14370712413263E+03  0.10586449072793E+04  0.68085666305315E+02 -0.58070245716249E+00  0.11964432292066E+04 -0.17887678824776E+03  0.16453994268971E+04  0.95018754865333E+03  0.30589050827362E+04  0.21835893920916E+03  0.20544053945408E+02  0.98926652420641E-01  0.31951537608671E+02  0.21076305692921E+03 -0.42707233094170E+02  0.24672615307519E+02 -0.80525359960596E+03  0.20735780637947E-10 -0.57480354037947E+03 -0.38482739620731E+04  0.41305238738106E-09 -0.18392190418739E+04 -0.38813426906499E+02 -0.61879970494072E+02 -0.53495179181191E-01  0.46060797129223E-10 -0.13459951597983E+01 -0.58739960170782E+00  0.13167368594080E+03  0.21037183945340E+03 -0.21974885157572E+04 -0.55101691385532E-10
   0.11612780549807E+04 -0.88347998194713E+02  0.31257537606866E+02 -0.75779050379175E+02 -0.21305516608536E+00 -0.27306903714507E+02 -0.96723424098027E+01  0.15108133727747E+04 -0.27205934007787E+03 -0.45055578853676E+02  0.99566539893931E+01  0.68085666305315E+02  0.57020889991922E+01 -0.10431415395845E+00  0.68100702454743E+02 -0.12169308509783E+02  0.10267655954229E+03  0.63513750883068E+02  0.17193043650622E+03  0.11545050457687E+02  0.14540634873419E+01  0.17336511124607E-01  0.35503308155424E+01  0.21363656065052E+02 -0.68333883365497E+01  0.33240532424756E+01 -0.10939720892202E+03  0.11898496982476E-11 -0.22218485725125E+02 -0.41810211002037E+03  0.28593131304757E-10 -0.11201618593626E+03 -0.92210295910150E+01 -0.47535306492275E+01 -0.34002615103172E-01  0.68269742672126E-12 -0.13069732943712E+00 -0.52221724428195E-01  0.15232357551184E+02  0.44053174961672E+02 -0.15372686146664E+03  0.13901582915067E-11
  -0.81868231307146E+02  0.10189548419966E+02 -0.28609277915872E+01  0.35989363314712E+02 -0.28618358254685E+01  0.10322150860918E+02  0.52539588487356E+01  0.96888939159497E+02 -0.15169329664921E+02 -0.13717996805296E+01  0.55724933878867E+00 -0.58070245716249E+00 -0.10431415395845E+00  0.42126468363433E-01  0.13520647184143E+02 -0.97521279226163E+00  0.93769098498744E+01  0.43570902326077E+01  0.25565555456667E+02  0.14800956159762E+01 -0.31656626966266E-01 -0.19045406735035E-01 -0.23540535619645E-02  0.30044877713942E-01 -0.48826345104872E-02 -0.17061060555318E-01  0.68044921314163E-01 -0.18486112866013E-12 -0.60664244059042E+01 -0.81729492632345E+00 -0.25552511654300E-12 -0.32196165915157E+01 -0.18007486536547E-04 -0.13975490847998E+00  0.27593525930510E-12 -0.17663269581995E-12 -0.17280299830966E-02 -0.94954966322769E-03 -0.23444245221177E+01  0.58612988623146E-04 -0.32120582714210E+01 -0.11971837672597E-11
   0.16241701925051E+05 -0.17341584972331E+03 -0.90845615166210E+01  0.29433058279285E+05 -0.24761981799406E+04  0.76160930464809E+04  0.39674742324991E+04  0.91006303424490E+05  0.49418996425308E+05 -0.40090129661668E+04  0.11328166525092E+04  0.11964432292066E+04  0.68100702454743E+02  0.13520647184143E+02  0.52013752544562E+05 -0.51892723246050E+04  0.45968770611558E+05  0.24675814409581E+05  0.34013204602016E+05  0.40086918475711E+02  0.59744245743025E+02  0.28761996873232E+02 -0.74905114325267E+01 -0.11148258994385E+03  0.90795411561760E+03  0.81728849884637E+02 -0.31009058481293E+04 -0.20127211958248E+04 -0.25087481719023E+04  0.18524760283525E+04  0.42504412702308E+04 -0.15154320787571E+04 -0.30743338009091E+04 -0.74900511469991E+03  0.38206303712929E+03  0.65541698274649E+03 -0.31971912555692E+04 -0.16485555676834E+04 -0.20051865255699E+04  0.23890821308932E+03 -0.10124171476460E+04 -0.11436625047445E+04
  -0.38965382238589E+04  0.12701856777074E+03 -0.62256328928264E+02 -0.37238128466008E+04  0.31505685431990E+03 -0.98851132668685E+03 -0.52385659325173E+03 -0.12221919615814E+05 -0.24864698964937E+04  0.53125966668421E+03 -0.13284688979426E+03 -0.17887678824776E+03 -0.12169308509783E+02 -0.97521279226163E+00 -0.51892723246050E+04  0.61320189050122E+03 -0.53050155809114E+04 -0.29634382335369E+04 -0.39664732316275E+04  0.11053031652368E+02 -0.85404217206794E+01 -0.56301318570866E+01 -0.10632194003805E+02 -0.32764408300710E+02 -0.20094532380876E+03 -0.41314759782385E+02  0.63111333951842E+03  0.39496725450748E+03  0.30155704512884E+03 -0.97434770965177E+02 -0.41864259891924E+03  0.17182575394156E+03  0.34453300178289E+03  0.89597056612352E+02 -0.11035429993668E+03 -0.18653859756505E+03  0.55077147380969E+03  0.26127292461822E+03 -0.45448744381812E+03 -0.42859078438678E+02  0.30252396803087E+03  0.34129001314817E+03
   0.22476350701119E+05 -0.58646080860438E+03  0.15022190793597E+03  0.30243413074577E+05 -0.24513485734275E+04  0.79988541920627E+04  0.39934659025397E+04  0.11275642389110E+06  0.19305822566021E+05 -0.43775303939194E+04  0.11785232858959E+04  0.16453994268971E+04  0.10267655954229E+03  0.93769098498744E+01  0.45968770611558E+05 -0.53050155809114E+04  0.47171265065563E+05  0.26028029811372E+05  0.36444657219334E+05  0.17098310719540E+02  0.76613210492239E+02  0.32759723830256E+02 -0.81479987029341E+02 -0.32298972113514E+03  0.96785326201538E+03 -0.12382822285713E+03 -0.38625061026235E+04 -0.24421421090192E+04 -0.30897538912266E+04  0.27694363299038E+04  0.63787175957785E+04 -0.15275924316790E+04 -0.31113987930374E+04 -0.79003566653726E+03  0.14427986995380E+03  0.27545192130000E+03 -0.36199695796582E+04 -0.19105072515726E+04  0.24698362726554E+04  0.42032838434534E+03 -0.23987474810860E+04 -0.26672137139270E+04
   0.15761391188601E+05 -0.41924946525296E+03  0.18957951965086E+03  0.17119913559522E+05 -0.13889945055943E+04  0.46024714621671E+04  0.23235869535733E+04  0.61725456994032E+05  0.99173731907155E+04 -0.25287981713343E+04  0.65144916689987E+03  0.95018754865333E+03  0.63513750883068E+02  0.43570902326077E+01  0.24675814409581E+05 -0.29634382335369E+04  0.26028029811372E+05  0.14544710278763E+05  0.19814291069421E+05 -0.19490108563054E+02  0.46650369716651E+02  0.23385112158410E+02 -0.21673273498575E+02 -0.73789147439170E+02  0.75305225991047E+03 -0.13999522982893E+02 -0.27228229470861E+04 -0.16895504027000E+04 -0.15723810490378E+04  0.12403802911040E+04  0.34141492879411E+04 -0.79711097995607E+03 -0.16187100632664E+04 -0.44467714990856E+03  0.19762294955788E+03  0.35449962883651E+03 -0.23925956697476E+04 -0.12082666474706E+04  0.23159991750875E+04  0.28142549687519E+03 -0.16352490595177E+04 -0.18231274193000E+04
   0.48732513396489E+07 -0.15464360656431E+07  0.16087869631083E+06  0.10096951817031E+07 -0.28180500479517E+06  0.71528479776753E+05  0.13918215700423E+06  0.31873208636138E+06  0.64502914179260E+04 -0.28159903698980E+05  0.28043724779311E+04  0.30589050827362E+04  0.17193043650622E+03  0.25565555456667E+02  0.34013204602016E+05 -0.39664732316275E+04  0.36444657219334E+05  0.19814291069421E+05  0.10924383132505E+08 -0.11233738273060E+06 -0.57179869112022E+05 -0.29878065987590E+05 -0.44766136091948E+05 -0.67254773725842E+05 -0.41355127565238E+06 -0.22161047306617E+06 -0.23674990616952E+05 -0.52913733270428E+05  0.73281746680697E+03 -0.37484170001708E+06 -0.18386746511568E+07 -0.11552506630810E+05 -0.22218060952065E+05 -0.13885123856384E+03 -0.11821934735662E+06 -0.50557143799332E+06 -0.16384965463231E+05 -0.51802331796270E+04  0.12329007567109E+05 -0.34714124983276E+05 -0.14296830851704E+05 -0.44437990795286E+05
  -0.62048690469880E+05  0.15022496926028E+05 -0.19990558482373E+04 -0.17702193680360E+05  0.37416393319548E+04 -0.23201285182626E+04 -0.26042750716818E+04 -0.37387929680414E+05  0.92879065888310E+04  0.11905364105660E+04 -0.21263186742673E+03  0.21835893920916E+03  0.11545050457687E+02  0.14800956159762E+01  0.40086918475711E+02  0.11053031652368E+02  0.17098310719540E+02 -0.19490108563054E+02 -0.11233738273060E+06  0.29292102773215E+04  0.96231679638825E+03  0.40910249807792E+03  0.23073648957731E+03 -0.17475640483065E+03  0.47549153511723E+04  0.16398680749594E+04  0.00000000000000E+00  0.25818654215977E+04  0.00000000000000E+00  0.00000000000000E+00  0.40718273880517E+05  0.00000000000000E+00  0.00000000000000E+00  0.00000000000000E+00  0.00000000000000E+00  0.57131182389748E+04  0.00000000000000E+00  0.00000000000000E+00  0.00000000000000E+00 -0.17373791008495E+04  0.00000000000000E+00  0.42285446980662E+04
  -0.26212277000785E+05  0.72242004963057E+04 -0.85500027995727E+03 -0.67522859541153E+04  0.16579673278329E+04 -0.67528401121272E+03 -0.97591074795260E+03 -0.70395939089821E+04  0.14074745685631E+04  0.30837716173005E+03 -0.43462726792821E+02  0.20544053945408E+02  0.14540634873419E+01 -0.31656626966266E-01  0.59744245743025E+02 -0.85404217206794E+01  0.76613210492239E+02  0.46650369716651E+02 -0.57179869112022E+05  0.96231679638825E+03  0.40660498215878E+03  0.19229178980950E+03  0.17317337993588E+03  0.15024259976435E+03  0.22117827648795E+04  0.97003962607193E+03  0.00000000000000E+00  0.66951718994966E+03  0.00000000000000E+00  0.00000000000000E+00  0.15069590555525E+05  0.00000000000000E+00  0.00000000000000E+00  0.00000000000000E+00  0.00000000000000E+00  0.28616075674577E+04  0.00000000000000E+00  0.00000000000000E+00  0.00000000000000E+00 -0.53505044742863E+03  0.00000000000000E+00  0.87522125569131E+03
  -0.12214582287542E+05  0.36947683536942E+04 -0.40085214062291E+03 -0.27719876315142E+04  0.76113991078694E+03 -0.20848754342314E+03 -0.38613655245494E+03 -0.17987002388747E+04  0.31062442301885E+03  0.96201415857354E+02 -0.11531413258455E+02  0.98926652420641E-01  0.17336511124607E-01 -0.19045406735035E-01  0.28761996873232E+02 -0.56301318570866E+01  0.32759723830256E+02  0.23385112158410E+02 -0.29878065987590E+05  0.40910249807792E+03  0.19229178980950E+03  0.97189478093783E+02  0.10815648117004E+03  0.13552765182983E+03  0.10972094706812E+04  0.56847424412433E+03  0.00000000000000E+00  0.19533695297714E+03  0.00000000000000E+00  0.00000000000000E+00  0.64497044988909E+04  0.00000000000000E+00  0.00000000000000E+00  0.00000000000000E+00  0.00000000000000E+00  0.14703370574669E+04  0.00000000000000E+00  0.00000000000000E+00  0.00000000000000E+00 -0.17193032419211E+03  0.00000000000000E+00  0.25768764018961E+03
  -0.17318192425464E+05  0.77743357202710E+04 -0.59241863559172E+03 -0.82007572751171E+03  0.69787417781409E+03  0.35254939272820E+03 -0.58362799936150E+01  0.64356621266351E+04 -0.14888377520675E+04 -0.18704209745018E+03  0.38290867004769E+02  0.31951537608671E+02  0.35503308155424E+01 -0.23540535619645E-02 -0.74905114325267E+01 -0.10632194003805E+02 -0.81479987029341E+02 -0.21673273498575E+02 -0.44766136091948E+05  0.23073648957731E+03  0.17317337993588E+03  0.10815648117004E+03  0.35960201832425E+03  0.73912432659615E+03  0.19837446075811E+04  0.15792110802822E+04 -0.65433572019045E+02 -0.39453264813668E+02  0.23094163350545E+01  0.11209647455253E+04  0.18145784366793E+04  0.00000000000000E+00  0.00000000000000E+00  0.00000000000000E+00  0.17886872736381E+04  0.28747105638638E+04  0.00000000000000E+00  0.00000000000000E+00  0.00000000000000E+00 -0.15262133593900E+03 -0.29962384558387E+03 -0.32989399971439E+03
  -0.12749809982998E+05  0.11058718454183E+05 -0.53599972667051E+03  0.33081864836586E+04  0.70659094360936E+03  0.19156984274793E+04  0.84732216569041E+03  0.38856408927335E+05 -0.93298254668556E+04 -0.11158345878106E+04  0.22701772278903E+03  0.21076305692921E+03  0.21363656065052E+02  0.30044877713942E-01 -0.11148258994385E+03 -0.32764408300710E+02 -0.32298972113514E+03 -0.73789147439170E+02 -0.67254773725842E+05 -0.17475640483065E+03  0.15024259976435E+03  0.13552765182983E+03  0.73912432659615E+03  0.21353947994470E+04  0.26453955138753E+04  0.25829648084725E+04 -0.20975070987821E+03 -0.14679533812827E+03 -0.29700354504206E+02 -0.47146176106643E+04 -0.82562986202659E+04  0.00000000000000E+00  0.00000000000000E+00  0.00000000000000E+00  0.32798949115752E+04  0.51719789167288E+04  0.00000000000000E+00  0.00000000000000E+00  0.00000000000000E+00 -0.65888772094728E+03 -0.20278977864316E+04 -0.22353972412166E+04
  -0.25585586262948E+06  0.74690750238436E+05 -0.84095124429465E+04 -0.43867046489587E+05  0.11707547368431E+05 -0.32842636950069E+04 -0.61164444206987E+04 -0.30492001323660E+05  0.49562137755735E+04  0.17465695569520E+04 -0.19809183062277E+03 -0.42707233094170E+02 -0.68333883365497E+01 -0.48826345104872E-02  0.90795411561760E+03 -0.20094532380876E+03  0.96785326201538E+03  0.75305225991047E+03 -0.41355127565238E+06  0.47549153511723E+04  0.22117827648795E+04  0.10972094706812E+04  0.19837446075811E+04  0.26453955138753E+04  0.22664680370158E+05  0.10014564570766E+05  0.24976514600205E+03  0.18704644547492E+03  0.13900663668147E+00  0.40334545376820E+05  0.80054583592712E+05  0.00000000000000E+00  0.00000000000000E+00  0.00000000000000E+00  0.15462097563391E+05  0.24970709078024E+05  0.00000000000000E+00  0.00000000000000E+00  0.00000000000000E+00  0.16726737765886E+04  0.17410894843412E+04  0.21222928269645E+04
  -0.97485769153667E+05  0.39187131251232E+05 -0.32430549295307E+04 -0.82329831128759E+04  0.36842169442924E+04  0.34638672310930E+03 -0.87105107735449E+03  0.58225641564144E+04 -0.13124048474943E+04 -0.12972185121151E+03  0.35450221464542E+02  0.24672615307519E+02  0.33240532424756E+01 -0.17061060555318E-01  0.81728849884637E+02 -0.41314759782385E+02 -0.12382822285713E+03 -0.13999522982893E+02 -0.22161047306617E+06  0.16398680749594E+04  0.97003962607193E+03  0.56847424412433E+03  0.15792110802822E+04  0.25829648084725E+04  0.10014564570766E+05  0.77279462536016E+04 -0.21447592776036E+03 -0.11470776972123E+03  0.12213890173652E+02  0.11905385916606E+05  0.19975747092995E+05  0.00000000000000E+00  0.00000000000000E+00  0.00000000000000E+00  0.76889852437546E+04  0.12591830555439E+05  0.00000000000000E+00  0.00000000000000E+00  0.00000000000000E+00 -0.27130485042430E+03 -0.15127267807580E+03 -0.15415625523086E+03
  -0.13182354895132E+06  0.16834379327651E+05 -0.41090172192050E+04 -0.12885845164262E+05  0.20529941726868E+04 -0.23509206790668E+04 -0.21629078559517E+04 -0.60391911424269E+05  0.10891455286254E+05  0.25397410567111E+04 -0.38938222208205E+03 -0.80525359960596E+03 -0.10939720892202E+03  0.68044921314163E-01 -0.31009058481293E+04  0.63111333951842E+03 -0.38625061026235E+04 -0.27228229470861E+04 -0.23674990616952E+05  0.00000000000000E+00  0.00000000000000E+00  0.00000000000000E+00 -0.65433572019045E+02 -0.20975070987821E+03  0.24976514600205E+03 -0.21447592776036E+03  0.11659799409014E+06  0.00000000000000E+00  0.00000000000000E+00  0.00000000000000E+00  0.00000000000000E+00  0.00000000000000E+00  0.00000000000000E+00  0.00000000000000E+00  0.00000000000000E+00  0.00000000000000E+00  0.00000000000000E+00  0.00000000000000E+00  0.00000000000000E+00  0.00000000000000E+00  0.00000000000000E+00  0.00000000000000E+00
  -0.55460467313075E+05  0.82102241634126E+04 -0.17273723571723E+04 -0.21364055636926E+05  0.35349413080092E+04 -0.37308710405046E+04 -0.34821943942450E+04 -0.48063862939158E+05  0.10254680118713E+05  0.17359956789531E+04 -0.29223241291015E+03  0.20735780637947E-10  0.11898496982476E-11 -0.18486112866013E-12 -0.20127211958248E+04  0.39496725450748E+03 -0.24421421090192E+04 -0.16895504027000E+04 -0.52913733270428E+05  0.25818654215977E+04  0.66951718994966E+03  0.19533695297714E+03 -0.39453264813668E+02 -0.14679533812827E+03  0.18704644547492E+03 -0.11470776972123E+03  0.00000000000000E+00  0.64413888766972E+05  0.00000000000000E+00  0.00000000000000E+00  0.00000000000000E+00  0.00000000000000E+00  0.00000000000000E+00  0.00000000000000E+00  0.00000000000000E+00  0.00000000000000E+00  0.00000000000000E+00  0.00000000000000E+00  0.00000000000000E+00  0.00000000000000E+00  0.00000000000000E+00  0.00000000000000E+00
  -0.50558739083806E+04 -0.19001361920546E+03  0.12883508581126E+02 -0.17273569676530E+03 -0.52326131892205E+02  0.87778485892024E+02  0.10225603530820E+03 -0.73059029888843E+05  0.25340300169367E+05  0.73745398969870E+03 -0.31687668120251E+03 -0.57480354037947E+03 -0.22218485725125E+02 -0.60664244059042E+01 -0.25087481719023E+04  0.30155704512884E+03 -0.30897538912266E+04 -0.15723810490378E+04  0.73281746680697E+03  0.00000000000000E+00  0.00000000000000E+00  0.00000000000000E+00  0.23094163350545E+01 -0.29700354504206E+02  0.13900663668147E+00  0.12213890173652E+02  0.00000000000000E+00  0.00000000000000E+00  0.30699047964542E+05  0.00000000000000E+00  0.00000000000000E+00  0.00000000000000E+00  0.00000000000000E+00  0.00000000000000E+00  0.00000000000000E+00  0.00000000000000E+00  0.00000000000000E+00  0.00000000000000E+00  0.00000000000000E+00  0.00000000000000E+00  0.00000000000000E+00  0.00000000000000E+00
  -0.84751181198933E+06  0.19941142733397E+06 -0.26969866774503E+05 -0.62736665700038E+05  0.12843707081002E+05 -0.90343019916526E+04 -0.96393001143197E+04 -0.29402153623661E+06  0.66850526405772E+05  0.10284761144383E+05 -0.17437515236932E+04 -0.38482739620731E+04 -0.41810211002037E+03 -0.81729492632345E+00  0.18524760283525E+04 -0.97434770965177E+02  0.27694363299038E+04  0.12403802911040E+04 -0.37484170001708E+06  0.00000000000000E+00  0.00000000000000E+00  0.00000000000000E+00  0.11209647455253E+04 -0.47146176106643E+04  0.40334545376820E+05  0.11905385916606E+05  0.00000000000000E+00  0.00000000000000E+00  0.00000000000000E+00  0.58028580189211E+06  0.00000000000000E+00  0.00000000000000E+00  0.00000000000000E+00  0.00000000000000E+00  0.00000000000000E+00  0.00000000000000E+00  0.00000000000000E+00  0.00000000000000E+00  0.00000000000000E+00  0.00000000000000E+00  0.00000000000000E+00  0.00000000000000E+00
  -0.10811642374730E+07  0.24618974433722E+06 -0.34578165831179E+05 -0.32794061427547E+06  0.67787804331471E+05 -0.44429862411407E+05 -0.50221513084499E+05 -0.56778833482198E+06  0.12509807130829E+06  0.21026179542051E+05 -0.34039832748965E+04  0.41305238738106E-09  0.28593131304757E-10 -0.25552511654300E-12  0.42504412702308E+04 -0.41864259891924E+03  0.63787175957785E+04  0.34141492879411E+04 -0.18386746511568E+07  0.40718273880517E+05  0.15069590555525E+05  0.64497044988909E+04  0.18145784366793E+04 -0.82562986202659E+04  0.80054583592712E+05  0.19975747092995E+05  0.00000000000000E+00  0.00000000000000E+00  0.00000000000000E+00  0.00000000000000E+00  0.92076025592944E+06  0.00000000000000E+00  0.00000000000000E+00  0.00000000000000E+00  0.00000000000000E+00  0.00000000000000E+00  0.00000000000000E+00  0.00000000000000E+00  0.00000000000000E+00  0.00000000000000E+00  0.00000000000000E+00  0.00000000000000E+00
  -0.20988935550055E+05  0.57120532198433E+04 -0.69027157013198E+03 -0.11820907492650E+04  0.34886445442200E+03 -0.40537408151085E+02 -0.16326095803886E+03 -0.74960263859347E+05  0.22972860666203E+05  0.14285231744263E+04 -0.37802948045518E+03 -0.18392190418739E+04 -0.11201618593626E+03 -0.32196165915157E+01 -0.15154320787571E+04  0.17182575394156E+03 -0.15275924316790E+04 -0.79711097995607E+03 -0.11552506630810E+05  0.00000000000000E+00  0.00000000000000E+00  0.00000000000000E+00  0.00000000000000E+00  0.00000000000000E+00  0.00000000000000E+00  0.00000000000000E+00  0.00000000000000E+00  0.00000000000000E+00  0.00000000000000E+00  0.00000000000000E+00  0.00000000000000E+00  0.14171318713209E+05  0.00000000000000E+00  0.00000000000000E+00  0.00000000000000E+00  0.00000000000000E+00  0.00000000000000E+00  0.00000000000000E+00  0.00000000000000E+00  0.00000000000000E+00  0.00000000000000E+00  0.00000000000000E+00
  -0.48066402953204E+05  0.13285282389915E+05 -0.15861441697603E+04 -0.22558713711954E+04  0.64787725132603E+03 -0.10614092442226E+03 -0.30663982581929E+03 -0.17025708527229E+06  0.52354352888418E+05  0.31855924110934E+04 -0.85735819907223E+03 -0.38813426906499E+02 -0.92210295910150E+01 -0.18007486536547E-04 -0.30743338009091E+04  0.34453300178289E+03 -0.31113987930374E+04 -0.16187100632664E+04 -0.22218060952065E+05  0.00000000000000E+00  0.00000000000000E+00  0.00000000000000E+00  0.00000000000000E+00  0.00000000000000E+00  0.00000000000000E+00  0.00000000000000E+00  0.00000000000000E+00  0.00000000000000E+00  0.00000000000000E+00  0.00000000000000E+00  0.00000000000000E+00  0.00000000000000E+00  0.31985909604220E+05  0.00000000000000E+00  0.00000000000000E+00  0.00000000000000E+00  0.00000000000000E+00  0.00000000000000E+00  0.00000000000000E+00  0.00000000000000E+00  0.00000000000000E+00  0.00000000000000E+00
  -0.31961863212291E+04  0.42047457054573E+03 -0.89434486075172E+02 -0.67063742988571E+02  0.89423818961716E+01 -0.15297828279677E+02 -0.11052091165489E+02 -0.14472347412862E+04  0.19812891309817E+03  0.42808098944955E+02 -0.98317691291372E+01 -0.61879970494072E+02 -0.47535306492275E+01 -0.13975490847998E+00 -0.74900511469991E+03  0.89597056612352E+02 -0.79003566653726E+03 -0.44467714990856E+03 -0.13885123856384E+03  0.00000000000000E+00  0.00000000000000E+00  0.00000000000000E+00  0.00000000000000E+00  0.00000000000000E+00  0.00000000000000E+00  0.00000000000000E+00  0.00000000000000E+00  0.00000000000000E+00  0.00000000000000E+00  0.00000000000000E+00  0.00000000000000E+00  0.00000000000000E+00  0.00000000000000E+00  0.37763005314844E+04  0.00000000000000E+00  0.00000000000000E+00  0.00000000000000E+00  0.00000000000000E+00  0.00000000000000E+00  0.00000000000000E+00  0.00000000000000E+00  0.00000000000000E+00
  -0.18913904490281E+06  0.58357499118288E+05 -0.62720110724429E+04 -0.97474681121754E+04  0.31284998402087E+04 -0.24440836525012E+03 -0.11871420731395E+04 -0.43261818791490E+04  0.53577592199837E+03  0.38584013375622E+03 -0.28836011598448E+02 -0.53495179181191E-01 -0.34002615103172E-01  0.27593525930510E-12  0.38206303712929E+03 -0.11035429993668E+03  0.14427986995380E+03  0.19762294955788E+03 -0.11821934735662E+06  0.00000000000000E+00  0.00000000000000E+00  0.00000000000000E+00  0.17886872736381E+04  0.32798949115752E+04  0.15462097563391E+05  0.76889852437546E+04  0.00000000000000E+00  0.00000000000000E+00  0.00000000000000E+00  0.00000000000000E+00  0.00000000000000E+00  0.00000000000000E+00  0.00000000000000E+00  0.00000000000000E+00  0.10709659950476E+06  0.00000000000000E+00  0.00000000000000E+00  0.00000000000000E+00  0.00000000000000E+00  0.00000000000000E+00  0.00000000000000E+00  0.00000000000000E+00
  -0.20336176196099E+06  0.62120930145398E+05 -0.67404466152567E+04 -0.42995927579180E+05  0.13559496313469E+05 -0.12198070174544E+04 -0.52995761344597E+04 -0.85694406020120E+04  0.10656524178340E+04  0.73987153262535E+03 -0.57252389138618E+02  0.46060797129223E-10  0.68269742672126E-12 -0.17663269581995E-12  0.65541698274649E+03 -0.18653859756505E+03  0.27545192130000E+03  0.35449962883651E+03 -0.50557143799332E+06  0.57131182389748E+04  0.28616075674577E+04  0.14703370574669E+04  0.28747105638638E+04  0.51719789167288E+04  0.24970709078024E+05  0.12591830555439E+05  0.00000000000000E+00  0.00000000000000E+00  0.00000000000000E+00  0.00000000000000E+00  0.00000000000000E+00  0.00000000000000E+00  0.00000000000000E+00  0.00000000000000E+00  0.00000000000000E+00  0.13811510862349E+06  0.00000000000000E+00  0.00000000000000E+00  0.00000000000000E+00  0.00000000000000E+00  0.00000000000000E+00  0.00000000000000E+00
  -0.87148386232486E+04  0.22624069846439E+04 -0.28451299466319E+03 -0.22186764418146E+04  0.50333036566940E+03 -0.26902026885632E+03 -0.34101322642518E+03  0.10127411669506E+04 -0.14579890625286E+04  0.10237267140913E+03 -0.72760854548292E+01 -0.13459951597983E+01 -0.13069732943712E+00 -0.17280299830966E-02 -0.31971912555692E+04  0.55077147380969E+03 -0.36199695796582E+04 -0.23925956697476E+04 -0.16384965463231E+05  0.00000000000000E+00  0.00000000000000E+00  0.00000000000000E+00  0.00000000000000E+00  0.00000000000000E+00  0.00000000000000E+00  0.00000000000000E+00  0.00000000000000E+00  0.00000000000000E+00  0.00000000000000E+00  0.00000000000000E+00  0.00000000000000E+00  0.00000000000000E+00  0.00000000000000E+00  0.00000000000000E+00  0.00000000000000E+00  0.00000000000000E+00  0.81761193359770E+04  0.00000000000000E+00  0.00000000000000E+00  0.00000000000000E+00  0.00000000000000E+00  0.00000000000000E+00
  -0.30950065004394E+04  0.72300937162679E+03 -0.10023515407256E+03 -0.88516769463735E+03  0.18432392085001E+03 -0.12432342642797E+03 -0.13951213608325E+03  0.55815338029417E+03 -0.77299443302539E+03  0.47086679734301E+02 -0.37174001535570E+01 -0.58739960170782E+00 -0.52221724428195E-01 -0.94954966322769E-03 -0.16485555676834E+04  0.26127292461822E+03 -0.19105072515726E+04 -0.12082666474706E+04 -0.51802331796270E+04  0.00000000000000E+00  0.00000000000000E+00  0.00000000000000E+00  0.00000000000000E+00  0.00000000000000E+00  0.00000000000000E+00  0.00000000000000E+00  0.00000000000000E+00  0.00000000000000E+00  0.00000000000000E+00  0.00000000000000E+00  0.00000000000000E+00  0.00000000000000E+00  0.00000000000000E+00  0.00000000000000E+00  0.00000000000000E+00  0.00000000000000E+00  0.00000000000000E+00  0.41904923112647E+04  0.00000000000000E+00  0.00000000000000E+00  0.00000000000000E+00  0.00000000000000E+00
