# fitpack15: fit parameters                                                                         
# CJ15 AV18 final data choices                                                                      
# Created on 11/11/2021 at 08:57:53                                                                 

 # QCD setup
  INS                           0
  NVL                          11
  IORD                          1
  Q02                   1.6899999999999999     
  IPARAMC                      -7
  FLAVOR                4.0000000000000000     
  xmc                   1.3000000000000000     
  xmb                   4.5000000000000000     
  ncb                          12
  ihq                           1
  ias                           0

 # Theory corrections
  inuke                     10114
  itmc                          1
  iht                           1

 # fit parameters
 LAMBDA       0.22680        0.0000    
 a0uv          2.1136        0.0000    
 a1uv         0.58541       0.22418E-01
 a2uv          3.5625       0.10987E-01
 a3uv          0.0000        0.0000    
 a4uv          4.1402       0.59645    
 a5uv          0.0000        0.0000    
 a0dv          25.207        0.0000    
 a1dv          1.1630       0.30655E-01
 a2dv          6.5676       0.15361    
 a3dv         -3.4983       0.84149E-01
 a4dv          4.6348       0.13362    
 a5dv          0.0000        0.0000    
 a0ud         0.13831       0.56243E-02
 a1ud        -0.21186       0.39496E-02
 a2ud          8.3044       0.19524    
 a3ud          0.0000        0.0000    
 a4ud          14.916        1.2611    
 a5ud          0.0000        0.0000    
 a0du          35712.        0.0000    
 a1du          4.0944       0.10207    
 a2du          20.700        1.0771    
 a3du          17.000        0.0000    
 a4du          54.008        13.536    
 a0g           44.787        0.0000    
 a1g          0.59816       0.31707E-01
 a2g           6.4326       0.94945    
 a3g          -3.2912       0.16219    
 a4g           3.1637       0.35779    
 a5g           0.0000        0.0000    
 kappa        0.40000        0.0000    
 a6dv         0.36329E-02   0.69279E-03
 a7dv          2.0000        0.0000    
 off1        -0.12312       0.11112    
 off2         0.38284       0.68275    
 off3         -1.4691       0.97012    
 ht1          -3.0160       0.23048    
 ht2           1.8697       0.16085    
 ht3          -2.1579       0.66388E-01
 ht4          0.29360E-01   0.18940E-01
 dummy41       0.0000        0.0000    
 dummy42       0.0000        0.0000    
 dummy43       0.0000        0.0000    
 dummy44       0.0000        0.0000    
 dummy45       0.0000        0.0000    
 dummy46       0.0000        0.0000    
 dummy47       0.0000        0.0000    
 dummy48       0.0000        0.0000    
 dummy49       0.0000        0.0000    
 bcdmsh2      0.96744       0.37034E-02
 bcdmsd2      0.99001       0.46748E-02
 ccfr          1.0000        0.0000    
 nutev         1.0000        0.0000    
 zeus         0.97998        0.0000    
 h1            1.0162        0.0000    
 e605          1.0319        0.0000    
 NmcH2         1.0026       0.63455E-02
 ntv_nu        1.0000        0.0000    
 ntv_nuba      1.0000        0.0000    
 cdf_jet      0.98910        0.0000    
 d0_jet       0.83504        0.0000    
 slac_p       0.99595       0.27252E-02
 slac_d       0.99830       0.27675E-02
 e866pp       0.95805       0.18993E-01
 e866pd       0.93705       0.16116E-01
 d0_gamje      1.0365       0.16478E-01
 h1b          0.97608        0.0000    
 jlab_p       0.98700       0.42027E-02
 jlab_d       0.97113       0.39911E-02
 blank         1.0000        0.0000    
 d0run2       0.94046       0.14957E-01
 cdfrun2      0.92844       0.17469E-01
 HERA_el       1.0000        0.0000    
 HERA_ps       1.0000        0.0000    
 CDF_Z        0.95099       0.56622E-02
 NmcRat        1.0000        0.0000    
 BNS_F2nd     0.97340       0.71025E-02
 HERMES_F     0.98911        0.0000    
 HERMES_F     0.97441        0.0000    
 e03103_p     0.99041       0.35115E-02
 e03103_d     0.97377       0.33104E-02
 e06009_d_c   0.95985       0.71945E-02
 e94110_p      1.0034       0.38330E-02
 e99118_p      1.0054       0.17101E-01
 e99118_d      1.0176       0.17321E-01
 jlcee96_p     1.0125       0.39929E-02
 jlcee96_d     1.0180       0.40752E-02
 END 0. 0.

 # Hessian matrix (Bevington alpha)
   0.76704272975787E+07 -0.19447942001351E+07  0.30125242195007E+06  0.92658026318076E+06 -0.22047171005428E+06  0.17895326199187E+04  0.11633760079401E+06  0.13156922763503E+07 -0.22421162375311E+06 -0.72183036265988E+05  0.10005966335029E+05  0.13174446179747E+05  0.14888263215724E+04 -0.99538142935132E+02 -0.36004471165542E+04  0.67803773011470E+03  0.22967569859504E+04  0.14660283986257E+03  0.11560983820389E+08 -0.98367587034508E+05 -0.43220156853353E+05 -0.20521958094627E+05 -0.44010994157594E+05 -0.39628907854833E+05 -0.43691291284155E+06  0.99687013882228E+06 -0.13072696448687E+06 -0.55489907492418E+05 -0.47993061156171E+04 -0.86516230917065E+06 -0.11182962113481E+07 -0.21128651120487E+05 -0.48441172336924E+05 -0.31410715068802E+04 -0.20427850087495E+06 -0.23007798579049E+06 -0.91857066933946E+04 -0.32334999477761E+04 -0.16629186641123E+05  0.16857209772727E+05 -0.31832906148761E+06 -0.53992198028049E+06 -0.16386967381192E+05 -0.33944677443996E+06 -0.44165834167532E+04 -0.33974706851060E+04 -0.22075194909669E+06 -0.17207090528426E+06
  -0.19447942001351E+07  0.57868753947251E+06 -0.77755913040263E+05 -0.23538807563017E+06  0.57115104222563E+05  0.55976655291582E+04 -0.24737387267669E+05 -0.18978880567506E+06  0.34358607188249E+05  0.11966604289418E+05 -0.13978160822917E+04 -0.10554688162771E+04 -0.12428894377093E+03  0.12056613182636E+02  0.30314185268625E+04 -0.63111823852003E+03  0.17584655865877E+04  0.15924327581805E+04 -0.36368975858545E+07  0.24820590963533E+05  0.12051136624528E+05  0.61722276081253E+04  0.16581576282296E+05  0.18559701517358E+05  0.11611516818350E+06 -0.20304641056452E+06  0.16829360341636E+05  0.83646689839357E+04 -0.21945426624787E+03  0.21178444733092E+06  0.26779298586831E+06  0.58356618420912E+04  0.13573669800952E+05  0.41937093043640E+03  0.64088585377956E+05  0.71928695819867E+05  0.24334821618315E+04  0.76987467942447E+03 -0.22524761117892E+04 -0.23096396928638E+04  0.81078953674124E+05  0.13659910761893E+06  0.10724027915075E+04  0.77808341181104E+05  0.59068581273437E+03  0.46908405523239E+03  0.43043056900924E+05  0.33830764576925E+05
   0.30125242195007E+06 -0.77755913040263E+05  0.11896019932957E+05  0.36444500447134E+05 -0.87714628693287E+04 -0.15778264983519E+03  0.45080595907709E+04  0.41923027565853E+05 -0.68659165802501E+04 -0.25959538726338E+04  0.32349080347241E+03  0.36403749660251E+03  0.46700992924548E+02 -0.38147884386756E+01 -0.77213064359206E+03  0.10195316977702E+03 -0.47703308946132E+03 -0.31358436741726E+03  0.46505467612641E+06 -0.38441904085870E+04 -0.17109785820990E+04 -0.81829826115366E+03 -0.18271080674565E+04 -0.17788567452791E+04 -0.17363402103189E+05  0.37859605354498E+05 -0.47794691011478E+04 -0.20370823875131E+04  0.29673844257803E+02 -0.33016560119894E+05 -0.42920176065266E+05 -0.83706877935040E+03 -0.19280054227449E+04 -0.10227907024100E+03 -0.82424042969648E+04 -0.92764447580436E+04 -0.36048556055178E+03 -0.12515986965812E+03 -0.11995422497480E+02  0.61368330293205E+03 -0.12629634244034E+05 -0.21485254878678E+05 -0.60285191575994E+03 -0.13474107835609E+05 -0.16183486185100E+03 -0.12501204148068E+03 -0.86416085397445E+04 -0.67302887086637E+04
   0.92658026318076E+06 -0.23538807563017E+06  0.36444500447134E+05  0.50668453245483E+06 -0.84898353927337E+05  0.84095748296778E+05  0.81508631397593E+05  0.43794013958427E+06 -0.36886561951167E+05 -0.23101414839687E+05  0.38347507452759E+04 -0.12512721799482E+04 -0.12936888525436E+03  0.51419777657797E+02  0.28726353446750E+05 -0.32838612590190E+04  0.25875685283040E+05  0.14086291175486E+05  0.30974427223826E+07 -0.28913454165056E+05 -0.11890210640172E+05 -0.52037086619190E+04 -0.48685849239494E+04 -0.20979743835929E+04 -0.77191834221311E+05  0.21270815617446E+06 -0.12845953210426E+05 -0.21283520528450E+05 -0.49646585847924E+02 -0.66527818894737E+05 -0.34325754669403E+06 -0.13388764500701E+04 -0.25294014634209E+04 -0.69835599247506E+02 -0.11860934673676E+05 -0.52833321530186E+05 -0.24812146194863E+04 -0.96297854269258E+03 -0.97151819791820E+04 -0.16033258104407E+05 -0.23586379444104E+05 -0.15823085874845E+06 -0.81853213487414E+04 -0.27615308556663E+05 -0.46419574054008E+03 -0.13726689903492E+04 -0.20128688256384E+05 -0.61038267415738E+05
  -0.22047171005428E+06  0.57115104222563E+05 -0.87714628693287E+04 -0.84898353927337E+05  0.16379949539536E+05 -0.92770340318825E+04 -0.12653665178273E+05 -0.47957887586950E+05  0.24369458606548E+04  0.33262298603065E+04 -0.43904477193255E+03 -0.16024602474262E+02  0.37694954036030E+01 -0.45812391075882E+01 -0.21525079844355E+04  0.21779669255202E+03 -0.19331438813971E+04 -0.99506788433540E+03 -0.68202668631574E+06  0.56101417343949E+04  0.24848092201889E+04  0.11404336876866E+04  0.14904099785134E+04  0.14752049341016E+04  0.16654329422769E+05 -0.38406831009767E+05  0.19972073088840E+04  0.33747316778501E+04 -0.58842978124962E+02  0.11914396680907E+05  0.62858538313166E+05  0.31797592174764E+03  0.57870879512945E+03  0.87963794280293E+01  0.29376301154187E+04  0.12947558411533E+05  0.46875032965450E+03  0.17333354558514E+03  0.37485884969660E+03  0.25376305196413E+04  0.50374414671194E+04  0.34664268051310E+05  0.11767244314223E+04  0.59382039056227E+04  0.70519903313673E+02  0.21205021769187E+03  0.39419274769025E+04  0.11948437872386E+05
   0.17895326199187E+04  0.55976655291582E+04 -0.15778264983519E+03  0.84095748296778E+05 -0.92770340318825E+04  0.25739832466275E+05  0.16550016596913E+05  0.11893567140840E+06 -0.10958963941174E+05 -0.50966619161295E+04  0.10377161222682E+04 -0.61127310828746E+03 -0.57138695171001E+02  0.17262353156230E+02  0.91746564375829E+04 -0.11447100356161E+04  0.82923823357051E+04  0.47219592350832E+04  0.88017365537891E+05 -0.27751612894840E+04 -0.71749766346762E+03 -0.15768565095027E+03  0.94763653778635E+03  0.25235503884341E+04 -0.38390110840192E+04  0.29225696662468E+05 -0.28486884460767E+04 -0.43532794665471E+04  0.16101400453713E+03 -0.90546401496849E+04 -0.44143693740325E+05 -0.44683588470611E+00 -0.35251417159522E+02 -0.18837652653116E+02  0.31321853396586E+03  0.11592987786696E+04 -0.27382226470910E+03 -0.13661645381181E+03 -0.30582792904304E+04 -0.34896169506878E+04 -0.13904966980282E+04 -0.73947958256736E+04 -0.18424114932644E+04 -0.16077981474909E+04 -0.10395743057217E+03 -0.29829099831161E+03 -0.20684170019680E+04 -0.63222619301473E+04
   0.11633760079401E+06 -0.24737387267669E+05  0.45080595907709E+04  0.81508631397593E+05 -0.12653665178273E+05  0.16550016596913E+05  0.14373774525109E+05  0.74727908836902E+05 -0.50846852930630E+04 -0.41129468425274E+04  0.67310909854368E+03 -0.20071452247562E+03 -0.22712114440180E+02  0.91798889385535E+01  0.45184363967240E+04 -0.54493586880749E+03  0.39967146286958E+04  0.22398554043235E+04  0.35720057682294E+06 -0.41137208181050E+04 -0.15593553407568E+04 -0.61572458037489E+03 -0.10798843598705E+03  0.73333326398399E+03 -0.10134046332608E+05  0.34538614441198E+05 -0.25409417022997E+04 -0.39870404206596E+04  0.14199473533599E+03 -0.10302372155775E+05 -0.53480644274513E+05 -0.16233113110746E+03 -0.29795693839100E+03 -0.13205183899899E+02 -0.10901966893364E+04 -0.49889221042546E+04 -0.37401222596703E+03 -0.15671496193893E+03 -0.13180887819242E+04 -0.32658836814353E+04 -0.32196983178221E+04 -0.20940049258829E+05 -0.17868519748260E+04 -0.38702982980877E+04 -0.92379607272667E+02 -0.27099313395534E+03 -0.32472694068122E+04 -0.98569093679833E+04
   0.13156922763503E+07 -0.18978880567506E+06  0.41923027565853E+05  0.43794013958427E+06 -0.47957887586950E+05  0.11893567140840E+06  0.74727908836902E+05  0.55207471651922E+07 -0.24038670304133E+07 -0.93588555357142E+05  0.26999423833617E+05  0.23419317864029E+05  0.16160349266720E+04  0.87153574214066E+02  0.84948926650282E+05 -0.10853374201872E+05  0.88108069891593E+05  0.47705477358756E+05  0.97448162778820E+06 -0.43818058971855E+05 -0.96670839057058E+04 -0.28591183517758E+04  0.81927544656405E+04  0.34585833387393E+05 -0.57979987594566E+05  0.62050396066387E+06 -0.63979007880241E+05 -0.50316488578903E+05 -0.70305896546966E+05 -0.29891139978428E+06 -0.58245148660192E+06 -0.76850310712415E+05 -0.17489505459815E+06 -0.14253179389507E+04 -0.60059666675860E+04 -0.11775914266545E+05  0.17977752658750E+03  0.22469556106881E+03 -0.27336602227741E+06 -0.87775175688750E+04 -0.34374322924270E+05 -0.80739348033641E+05 -0.11971900883405E+05 -0.35882747135627E+05 -0.22647055696992E+04 -0.28374292883285E+04 -0.37812331306868E+05 -0.48245036530486E+05
  -0.22421162375311E+06  0.34358607188249E+05 -0.68659165802501E+04 -0.36886561951167E+05  0.24369458606548E+04 -0.10958963941174E+05 -0.50846852930630E+04 -0.24038670304133E+07  0.18883713021602E+07  0.19453887467323E+05 -0.63923274336876E+04 -0.48433660828448E+04 -0.27875669291169E+03 -0.11094951932045E+02  0.49725260151038E+05 -0.23509331946500E+04  0.16650427191589E+05  0.82587642403730E+04 -0.22230588988136E+05  0.99735975014545E+04  0.17187822571922E+04  0.43597329404458E+03 -0.19708638962508E+04 -0.82804091539416E+04  0.84005347910845E+04 -0.20955968695471E+06  0.11424849886532E+05  0.10518963693660E+05  0.24026717111248E+05  0.65913436926226E+05  0.12411659616627E+06  0.23095829250125E+05  0.52702578420876E+05  0.18936666147389E+03  0.61693346661782E+03  0.12446845904369E+04 -0.12030497867234E+04 -0.66709357059311E+03  0.10983922184470E+06  0.15252951616220E+04  0.47465875871245E+04  0.10778575544377E+05  0.18840463470913E+04  0.47679888850504E+04  0.43875527241255E+03  0.54937546085017E+03  0.54564330831499E+04  0.70622666856659E+04
  -0.72183036265988E+05  0.11966604289418E+05 -0.25959538726338E+04 -0.23101414839687E+05  0.33262298603065E+04 -0.50966619161295E+04 -0.41129468425274E+04 -0.93588555357142E+05  0.19453887467323E+05  0.29157792598773E+04 -0.65599047991408E+03 -0.56867457840603E+03 -0.50876667915713E+02 -0.15443993885236E+01 -0.37925401703219E+04  0.45585711859836E+03 -0.34263638104073E+04 -0.19247058158579E+04 -0.85432629686388E+05  0.16667948857210E+04  0.50298650632549E+03  0.17764726484656E+03 -0.17688741015780E+03 -0.93615488058813E+03  0.37541710087212E+04 -0.19066759897098E+05  0.27297795754697E+04  0.18637741777423E+04  0.72118411074539E+03  0.10958022134527E+05  0.22606174836543E+05  0.15330453682662E+04  0.34193080349096E+04  0.43143044208713E+02  0.57379084811607E+03  0.10861512990487E+04  0.12940392756442E+03  0.57401620299789E+02  0.30486068864003E+04  0.42534697418432E+03  0.22761115876139E+04  0.56674916684335E+04  0.65405027919537E+03  0.25634663940223E+04  0.94588312405778E+02  0.11843706508426E+03  0.24024849906493E+04  0.30098481576955E+04
   0.10005966335029E+05 -0.13978160822917E+04  0.32349080347241E+03  0.38347507452759E+04 -0.43904477193255E+03  0.10377161222682E+04  0.67310909854368E+03  0.26999423833617E+05 -0.63923274336876E+04 -0.65599047991408E+03  0.17596073169496E+03  0.16520545592891E+03  0.12286810076616E+02  0.58685603302527E+00  0.12211159049967E+04 -0.13531021058353E+03  0.10554094967298E+04  0.57738959136031E+03  0.92234207358051E+04 -0.29435101079182E+03 -0.71004584377276E+02 -0.21804329423420E+02  0.55071339492880E+02  0.23075543685917E+03 -0.44708309941955E+03  0.36057206538621E+04 -0.47662151948116E+03 -0.35294451043302E+03 -0.33447964973699E+03 -0.20507370829990E+04 -0.40486168061630E+04 -0.43833693665040E+03 -0.99690323944654E+03 -0.11029174341634E+02 -0.48296437313207E+02 -0.94515767586972E+02 -0.14018331354106E+02 -0.65702325662422E+01 -0.11289605767062E+04 -0.65283793984079E+02 -0.26792864116208E+03 -0.63141220465392E+03 -0.91252750838336E+02 -0.28032070423022E+03 -0.16389512276422E+02 -0.20538471494442E+02 -0.29205258975468E+03 -0.37178040402704E+03
   0.13174446179747E+05 -0.10554688162771E+04  0.36403749660251E+03 -0.12512721799482E+04 -0.16024602474262E+02 -0.61127310828746E+03 -0.20071452247562E+03  0.23419317864029E+05 -0.48433660828448E+04 -0.56867457840603E+03  0.16520545592891E+03  0.11919596823521E+04  0.80419494811080E+02 -0.10670958480098E+01  0.11800075637951E+04 -0.16870569032909E+03  0.13137282941261E+04  0.76618212804803E+03  0.52230565877956E+04  0.23689762618615E+03  0.23140446521420E+02  0.28571312417922E+00  0.51735064605270E+02  0.22207886778153E+03 -0.60773465614527E+02  0.24811478018767E+04 -0.95161514979952E+03  0.17746981231598E-10 -0.59220441597436E+03 -0.42918901036693E+04 -0.45400289655527E-09 -0.20190225498793E+04 -0.59009742308844E+02 -0.66631289771485E+02 -0.13908840019351E+00  0.38369908465827E-10 -0.14731007373516E+01 -0.63296620837595E+00  0.23024201886414E+03  0.25382432393136E+03 -0.57281881323063E+02  0.70254131940684E-10  0.75926119407444E-11 -0.19449213755854E+02 -0.26756768511081E+02  0.53958799386070E-11 -0.49604701320559E+02 -0.14071082851330E-10
   0.14888263215724E+04 -0.12428894377093E+03  0.46700992924548E+02 -0.12936888525436E+03  0.37694954036030E+01 -0.57138695171001E+02 -0.22712114440180E+02  0.16160349266720E+04 -0.27875669291169E+03 -0.50876667915713E+02  0.12286810076616E+02  0.80419494811080E+02  0.71723744481260E+01 -0.13897174246347E+00  0.65909813634492E+02 -0.11346661084564E+02  0.80199961780587E+02  0.50454268099847E+02  0.26733353256549E+03  0.12713612235301E+02  0.16770941653217E+01  0.34730861634425E-01  0.65771028815372E+01  0.25110934286041E+02 -0.13269993753837E+02  0.24357894148779E+03 -0.13610501233076E+03  0.58813151045019E-12 -0.23999787801641E+02 -0.49189495613475E+03 -0.17980796001233E-10 -0.12833089008398E+03 -0.14627992144626E+02 -0.53879238556153E+01 -0.89215836094058E-01 -0.22315043741222E-11 -0.15259939220245E+00 -0.59788270550802E-01  0.23447807820785E+02  0.54541011953708E+02 -0.18563168652935E+02  0.13347534443890E-10  0.25536870165155E-11 -0.79058124061054E+01 -0.45815337847195E+01  0.30074592664041E-12 -0.17180219941720E+02  0.38504834882504E-11
  -0.99538142935132E+02  0.12056613182636E+02 -0.38147884386756E+01  0.51419777657797E+02 -0.45812391075882E+01  0.17262353156230E+02  0.91798889385535E+01  0.87153574214066E+02 -0.11094951932045E+02 -0.15443993885236E+01  0.58685603302527E+00 -0.10670958480098E+01 -0.13897174246347E+00  0.41278126780958E-01  0.13070670518266E+02 -0.10030420052315E+01  0.83056765372892E+01  0.39831641339928E+01  0.73743829911539E+02  0.14266769534833E+01 -0.29470057273184E-01 -0.17837193052531E-01 -0.48097587377594E-02  0.81589080662704E-02  0.13501027182196E-01  0.41337447801531E+01  0.61301203410554E-01  0.15497735922551E-12 -0.52527900994466E+01 -0.60350560733740E+00 -0.20259978906592E-11 -0.26993478301148E+01 -0.10139220285714E-04 -0.11742424760689E+00  0.74734926753906E-13 -0.14056830613578E-13 -0.14217048302993E-02 -0.78057291891271E-03 -0.16555185733217E+01  0.25868837282385E-04 -0.37388738567718E-07  0.27070187911890E-14 -0.95968302013851E-13 -0.72134185502175E-09 -0.45652421726417E-05  0.67444024708934E-13 -0.19190586584235E-07  0.51461180183462E-12
  -0.36004471165542E+04  0.30314185268625E+04 -0.77213064359206E+03  0.28726353446750E+05 -0.21525079844355E+04  0.91746564375829E+04  0.45184363967240E+04  0.84948926650282E+05  0.49725260151038E+05 -0.37925401703219E+04  0.12211159049967E+04  0.11800075637951E+04  0.65909813634492E+02  0.13070670518266E+02  0.51015365059955E+05 -0.47811879536307E+04  0.37264529226203E+05  0.19748569991974E+05  0.42170551267818E+05  0.24460547588884E+03  0.13319010541220E+03  0.56058065015813E+02 -0.23937581280728E+02 -0.17488253988560E+03  0.17326776707605E+04 -0.45960965139455E+04 -0.27291507582490E+04 -0.17842691159614E+04 -0.25477425174983E+04  0.20393791621653E+04  0.43846515994701E+04 -0.15681845912329E+04 -0.31756184317354E+04 -0.73237578805540E+03  0.25990313276442E+03  0.46253074089399E+03 -0.29163492580798E+04 -0.15420769835295E+04 -0.25058592799245E+04  0.19469565946221E+03  0.78403036728679E+03  0.25005516152358E+04  0.38601306173007E+03  0.15435646450868E+04  0.53047946394694E+02  0.62568777607443E+02  0.14264813698567E+04  0.17506226257017E+04
   0.67803773011470E+03 -0.63111823852003E+03  0.10195316977702E+03 -0.32838612590190E+04  0.21779669255202E+03 -0.11447100356161E+04 -0.54493586880749E+03 -0.10853374201872E+05 -0.23509331946500E+04  0.45585711859836E+03 -0.13531021058353E+03 -0.16870569032909E+03 -0.11346661084564E+02 -0.10030420052315E+01 -0.47811879536307E+04  0.52767825169717E+03 -0.40161511479056E+04 -0.22186445080560E+04 -0.31841504899271E+04 -0.40823117518691E+02 -0.26770909968279E+02 -0.12487338618790E+02 -0.12807613979506E+02 -0.13598757226784E+02 -0.39784017795019E+03  0.70580007798824E+03  0.52314117842513E+03  0.32698744193360E+03  0.29470297683139E+03 -0.15822678887797E+03 -0.49430242201655E+03  0.16459584362956E+03  0.33143877549201E+03  0.82001174452818E+02 -0.74513589954543E+02 -0.13070111185045E+03  0.46028207962031E+03  0.22528992527397E+03 -0.33168988358284E+03 -0.35592988918182E+02 -0.17891911297813E+03 -0.60755591099928E+03 -0.77099442183593E+02 -0.37517304969660E+03 -0.84896480093525E+01 -0.10155511332119E+02 -0.31895220164145E+03 -0.38859993131965E+03
   0.22967569859504E+04  0.17584655865877E+04 -0.47703308946132E+03  0.25875685283040E+05 -0.19331438813971E+04  0.82923823357051E+04  0.39967146286958E+04  0.88108069891593E+05  0.16650427191589E+05 -0.34263638104073E+04  0.10554094967298E+04  0.13137282941261E+04  0.80199961780587E+02  0.83056765372892E+01  0.37264529226203E+05 -0.40161511479056E+04  0.31201697985740E+05  0.17033439082941E+05  0.41880794808805E+05  0.16344463290736E+03  0.11117432229570E+03  0.43810806069485E+02 -0.11081073790961E+03 -0.31382950186248E+03  0.13919930363720E+04 -0.33041244151448E+04 -0.28410273347000E+04 -0.18150266550431E+04 -0.25820741426093E+04  0.21690342421190E+04  0.47253848426233E+04 -0.13291778994873E+04 -0.27004248559527E+04 -0.63088790310014E+03  0.96977449753804E+02  0.18716625324537E+03 -0.27777726229764E+04 -0.14804922619585E+04  0.14631868856574E+04  0.24953700673433E+03  0.67694081178605E+03  0.17976976447769E+04  0.42759555953947E+03  0.10906746360933E+04  0.71547988821708E+02  0.82811671465582E+02  0.12648416390703E+04  0.15819122164791E+04
   0.14660283986257E+03  0.15924327581805E+04 -0.31358436741726E+03  0.14086291175486E+05 -0.99506788433540E+03  0.47219592350832E+04  0.22398554043235E+04  0.47705477358756E+05  0.82587642403730E+04 -0.19247058158579E+04  0.57738959136031E+03  0.76618212804803E+03  0.50454268099847E+02  0.39831641339928E+01  0.19748569991974E+05 -0.22186445080560E+04  0.17033439082941E+05  0.94280650640343E+04  0.19979496838211E+05  0.12304297261074E+03  0.85641662874120E+02  0.36469764711464E+02 -0.37236687590349E+02 -0.11535672981833E+03  0.11918434414566E+04 -0.24600466172599E+04 -0.20056833605704E+04 -0.12505688707018E+04 -0.13166356144870E+04  0.10171445384986E+04  0.26101852483062E+04 -0.68515274477020E+03 -0.13917241827794E+04 -0.35205706480719E+03  0.12738756469415E+03  0.23434986243688E+03 -0.18078796172408E+04 -0.92572949399001E+03  0.15611143158722E+04  0.17411996208844E+03  0.57094196591899E+03  0.16594243363161E+04  0.32791744838106E+03  0.10245993855962E+04  0.44468621911644E+02  0.51971662040601E+02  0.10651840797940E+04  0.13161405519582E+04
   0.11560983820389E+08 -0.36368975858545E+07  0.46505467612641E+06  0.30974427223826E+07 -0.68202668631574E+06  0.88017365537891E+05  0.35720057682294E+06  0.97448162778820E+06 -0.22230588988136E+05 -0.85432629686388E+05  0.92234207358051E+04  0.52230565877956E+04  0.26733353256549E+03  0.73743829911539E+02  0.42170551267818E+05 -0.31841504899271E+04  0.41880794808805E+05  0.19979496838211E+05  0.42777867822655E+08 -0.26285907344563E+06 -0.13246477861973E+06 -0.68804568309594E+05 -0.12171957549005E+06 -0.13969121704498E+06 -0.79523098323927E+06  0.13017693612130E+07 -0.34675679703579E+05 -0.77624279224028E+05  0.12515828684467E+04 -0.57474730905838E+06 -0.28168930265092E+07 -0.17087717826663E+05 -0.32399322242970E+05 -0.20822810660829E+03 -0.18646446662153E+06 -0.81613168477116E+06 -0.24592643410969E+05 -0.77270103350141E+04  0.18566987186765E+05 -0.45194007274273E+05 -0.22436755436561E+06 -0.14842743428690E+07 -0.20195240769503E+04 -0.21036661517817E+06 -0.13083016327995E+04 -0.40486193817980E+04 -0.10974784069225E+06 -0.33985807798486E+06
  -0.98367587034508E+05  0.24820590963533E+05 -0.38441904085870E+04 -0.28913454165056E+05  0.56101417343949E+04 -0.27751612894840E+04 -0.41137208181050E+04 -0.43818058971855E+05  0.99735975014545E+04  0.16667948857210E+04 -0.29435101079182E+03  0.23689762618615E+03  0.12713612235301E+02  0.14266769534833E+01  0.24460547588884E+03 -0.40823117518691E+02  0.16344463290736E+03  0.12304297261074E+03 -0.26285907344563E+06  0.40466802965672E+04  0.14460379646257E+04  0.63686994527428E+03  0.48712664272560E+03  0.10253390038596E+03  0.66028959718289E+04 -0.19392418007082E+05  0.00000000000000E+00  0.26544586495152E+04  0.00000000000000E+00  0.00000000000000E+00  0.41325583313657E+05  0.00000000000000E+00  0.00000000000000E+00  0.00000000000000E+00  0.00000000000000E+00  0.61617428373921E+04  0.00000000000000E+00  0.00000000000000E+00  0.00000000000000E+00 -0.16406710215553E+04  0.00000000000000E+00  0.16092742703212E+05  0.75171580644443E+03  0.00000000000000E+00  0.00000000000000E+00  0.14864913343658E+03  0.00000000000000E+00  0.57787712144950E+04
  -0.43220156853353E+05  0.12051136624528E+05 -0.17109785820990E+04 -0.11890210640172E+05  0.24848092201889E+04 -0.71749766346762E+03 -0.15593553407568E+04 -0.96670839057058E+04  0.17187822571922E+04  0.50298650632549E+03 -0.71004584377276E+02  0.23140446521420E+02  0.16770941653217E+01 -0.29470057273184E-01  0.13319010541220E+03 -0.26770909968279E+02  0.11117432229570E+03  0.85641662874120E+02 -0.13246477861973E+06  0.14460379646257E+04  0.63117797515832E+03  0.30174137042184E+03  0.31960864794156E+03  0.26843379122396E+03  0.29622497396106E+04 -0.67690826468775E+04  0.00000000000000E+00  0.68747141591185E+03  0.00000000000000E+00  0.00000000000000E+00  0.15582714450638E+05  0.00000000000000E+00  0.00000000000000E+00  0.00000000000000E+00  0.00000000000000E+00  0.31284638433661E+04  0.00000000000000E+00  0.00000000000000E+00  0.00000000000000E+00 -0.51203316978252E+03  0.00000000000000E+00  0.71314235150430E+04  0.21719857323970E+03  0.00000000000000E+00  0.00000000000000E+00  0.45923548919126E+02  0.00000000000000E+00  0.22565845818048E+04
  -0.20521958094627E+05  0.61722276081253E+04 -0.81829826115366E+03 -0.52037086619190E+04  0.11404336876866E+04 -0.15768565095027E+03 -0.61572458037489E+03 -0.28591183517758E+04  0.43597329404458E+03  0.17764726484656E+03 -0.21804329423420E+02  0.28571312417922E+00  0.34730861634425E-01 -0.17837193052531E-01  0.56058065015813E+02 -0.12487338618790E+02  0.43810806069485E+02  0.36469764711464E+02 -0.68804568309594E+05  0.63686994527428E+03  0.30174137042184E+03  0.15215251658166E+03  0.18762554092727E+03  0.19039616382927E+03  0.14054895190410E+04 -0.27130574341078E+04  0.00000000000000E+00  0.20105407636849E+03  0.00000000000000E+00  0.00000000000000E+00  0.68012165558472E+04  0.00000000000000E+00  0.00000000000000E+00  0.00000000000000E+00  0.00000000000000E+00  0.16305189851307E+04  0.00000000000000E+00  0.00000000000000E+00  0.00000000000000E+00 -0.16776738788434E+03  0.00000000000000E+00  0.32924947899580E+04  0.55906438477726E+02  0.00000000000000E+00  0.00000000000000E+00  0.15345646153605E+02  0.00000000000000E+00  0.91138330031106E+03
  -0.44010994157594E+05  0.16581576282296E+05 -0.18271080674565E+04 -0.48685849239494E+04  0.14904099785134E+04  0.94763653778635E+03 -0.10798843598705E+03  0.81927544656405E+04 -0.19708638962508E+04 -0.17688741015780E+03  0.55071339492880E+02  0.51735064605270E+02  0.65771028815372E+01 -0.48097587377594E-02 -0.23937581280728E+02 -0.12807613979506E+02 -0.11081073790961E+03 -0.37236687590349E+02 -0.12171957549005E+06  0.48712664272560E+03  0.31960864794156E+03  0.18762554092727E+03  0.88464630901554E+03  0.13113915292925E+04  0.36117161419100E+04 -0.12377308865657E+04 -0.48473605449572E+02 -0.28746077459486E+02  0.62161022800143E+00  0.14228384662909E+04  0.13862652787925E+04  0.00000000000000E+00  0.00000000000000E+00  0.00000000000000E+00  0.27741121722503E+04  0.34554289379854E+04  0.00000000000000E+00  0.00000000000000E+00  0.00000000000000E+00 -0.30668518150282E+02  0.20469488668838E+04  0.52116531931322E+04 -0.39988704567312E+03  0.25597569092772E+04 -0.35599828765769E+02 -0.32091112517020E+02  0.37082954917879E+03  0.43952369285132E+03
  -0.39628907854833E+05  0.18559701517358E+05 -0.17788567452791E+04 -0.20979743835929E+04  0.14752049341016E+04  0.25235503884341E+04  0.73333326398399E+03  0.34585833387393E+05 -0.82804091539416E+04 -0.93615488058813E+03  0.23075543685917E+03  0.22207886778153E+03  0.25110934286041E+02  0.81589080662704E-02 -0.17488253988560E+03 -0.13598757226784E+02 -0.31382950186248E+03 -0.11535672981833E+03 -0.13969121704498E+06  0.10253390038596E+03  0.26843379122396E+03  0.19039616382927E+03  0.13113915292925E+04  0.24227854583195E+04  0.39621529098553E+04  0.58674515943140E+04 -0.12780633324257E+03 -0.89348684263982E+02 -0.44877588749830E+02 -0.40686015415739E+04 -0.71329409346776E+04  0.00000000000000E+00  0.00000000000000E+00  0.00000000000000E+00  0.34451554261387E+04  0.41878756164520E+04  0.00000000000000E+00  0.00000000000000E+00  0.00000000000000E+00 -0.41170797011502E+02  0.20350497998699E+04  0.63402441444763E+04 -0.81850272689910E+03  0.37009887568351E+04 -0.11694049117600E+03 -0.11140757762520E+03  0.11384099002199E+03  0.47832027874017E+02
  -0.43691291284155E+06  0.11611516818350E+06 -0.17363402103189E+05 -0.77191834221311E+05  0.16654329422769E+05 -0.38390110840192E+04 -0.10134046332608E+05 -0.57979987594566E+05  0.84005347910845E+04  0.37541710087212E+04 -0.44708309941955E+03 -0.60773465614527E+02 -0.13269993753837E+02  0.13501027182196E-01  0.17326776707605E+04 -0.39784017795019E+03  0.13919930363720E+04  0.11918434414566E+04 -0.79523098323927E+06  0.66028959718289E+04  0.29622497396106E+04  0.14054895190410E+04  0.36117161419100E+04  0.39621529098553E+04  0.34488808399485E+05 -0.73739432268772E+05  0.24920357889047E+03  0.13042667184905E+03 -0.70365791785430E+01  0.35977683922545E+05  0.58645022048890E+05  0.00000000000000E+00  0.00000000000000E+00  0.00000000000000E+00  0.15034200955863E+05  0.18964963512298E+05  0.00000000000000E+00  0.00000000000000E+00  0.00000000000000E+00 -0.82267653337557E+02  0.19488398180529E+05  0.48258697035960E+05  0.17654303377962E+04  0.31181183011812E+05  0.32421519818558E+03  0.32767649223511E+03  0.19310060935256E+05  0.18829273092101E+05
   0.99687013882228E+06 -0.20304641056452E+06  0.37859605354498E+05  0.21270815617446E+06 -0.38406831009767E+05  0.29225696662468E+05  0.34538614441198E+05  0.62050396066387E+06 -0.20955968695471E+06 -0.19066759897098E+05  0.36057206538621E+04  0.24811478018767E+04  0.24357894148779E+03  0.41337447801531E+01 -0.45960965139455E+04  0.70580007798824E+03 -0.33041244151448E+04 -0.24600466172599E+04  0.13017693612130E+07 -0.19392418007082E+05 -0.67690826468775E+04 -0.27130574341078E+04 -0.12377308865657E+04  0.58674515943140E+04 -0.73739432268772E+05  0.28470830353242E+06 -0.14674401732628E+04 -0.11667349216702E+04 -0.49370164449996E+04 -0.13934490943200E+06 -0.22933573229927E+06  0.00000000000000E+00  0.00000000000000E+00  0.00000000000000E+00 -0.19799018358753E+05 -0.25592431467006E+05  0.00000000000000E+00  0.00000000000000E+00  0.00000000000000E+00 -0.65608332841386E+01 -0.42283017324574E+05 -0.99026937485091E+05 -0.10298391156326E+05 -0.69356167449924E+05 -0.17654476360878E+04 -0.17358068322083E+04 -0.56711630430467E+05 -0.55257465309718E+05
  -0.13072696448687E+06  0.16829360341636E+05 -0.47794691011478E+04 -0.12845953210426E+05  0.19972073088840E+04 -0.28486884460767E+04 -0.25409417022997E+04 -0.63979007880241E+05  0.11424849886532E+05  0.27297795754697E+04 -0.47662151948116E+03 -0.95161514979952E+03 -0.13610501233076E+03  0.61301203410554E-01 -0.27291507582490E+04  0.52314117842513E+03 -0.28410273347000E+04 -0.20056833605704E+04 -0.34675679703579E+05  0.00000000000000E+00  0.00000000000000E+00  0.00000000000000E+00 -0.48473605449572E+02 -0.12780633324257E+03  0.24920357889047E+03 -0.14674401732628E+04  0.11760183321886E+06  0.00000000000000E+00  0.00000000000000E+00  0.00000000000000E+00  0.00000000000000E+00  0.00000000000000E+00  0.00000000000000E+00  0.00000000000000E+00  0.00000000000000E+00  0.00000000000000E+00  0.00000000000000E+00  0.00000000000000E+00  0.00000000000000E+00  0.00000000000000E+00  0.00000000000000E+00  0.00000000000000E+00  0.00000000000000E+00  0.00000000000000E+00  0.00000000000000E+00  0.00000000000000E+00  0.00000000000000E+00  0.00000000000000E+00
  -0.55489907492418E+05  0.83646689839357E+04 -0.20370823875131E+04 -0.21283520528450E+05  0.33747316778501E+04 -0.43532794665471E+04 -0.39870404206596E+04 -0.50316488578903E+05  0.10518963693660E+05  0.18637741777423E+04 -0.35294451043302E+03  0.17746981231598E-10  0.58813151045019E-12  0.15497735922551E-12 -0.17842691159614E+04  0.32698744193360E+03 -0.18150266550431E+04 -0.12505688707018E+04 -0.77624279224028E+05  0.26544586495152E+04  0.68747141591185E+03  0.20105407636849E+03 -0.28746077459486E+02 -0.89348684263982E+02  0.13042667184905E+03 -0.11667349216702E+04  0.00000000000000E+00  0.65015588280709E+05  0.00000000000000E+00  0.00000000000000E+00  0.00000000000000E+00  0.00000000000000E+00  0.00000000000000E+00  0.00000000000000E+00  0.00000000000000E+00  0.00000000000000E+00  0.00000000000000E+00  0.00000000000000E+00  0.00000000000000E+00  0.00000000000000E+00  0.00000000000000E+00  0.00000000000000E+00  0.00000000000000E+00  0.00000000000000E+00  0.00000000000000E+00  0.00000000000000E+00  0.00000000000000E+00  0.00000000000000E+00
  -0.47993061156171E+04 -0.21945426624787E+03  0.29673844257803E+02 -0.49646585847924E+02 -0.58842978124962E+02  0.16101400453713E+03  0.14199473533599E+03 -0.70305896546966E+05  0.24026717111248E+05  0.72118411074539E+03 -0.33447964973699E+03 -0.59220441597436E+03 -0.23999787801641E+02 -0.52527900994466E+01 -0.25477425174983E+04  0.29470297683139E+03 -0.25820741426093E+04 -0.13166356144870E+04  0.12515828684467E+04  0.00000000000000E+00  0.00000000000000E+00  0.00000000000000E+00  0.62161022800143E+00 -0.44877588749830E+02 -0.70365791785430E+01 -0.49370164449996E+04  0.00000000000000E+00  0.00000000000000E+00  0.30934819090183E+05  0.00000000000000E+00  0.00000000000000E+00  0.00000000000000E+00  0.00000000000000E+00  0.00000000000000E+00  0.00000000000000E+00  0.00000000000000E+00  0.00000000000000E+00  0.00000000000000E+00  0.00000000000000E+00  0.00000000000000E+00  0.00000000000000E+00  0.00000000000000E+00  0.00000000000000E+00  0.00000000000000E+00  0.00000000000000E+00  0.00000000000000E+00  0.00000000000000E+00  0.00000000000000E+00
  -0.86516230917065E+06  0.21178444733092E+06 -0.33016560119894E+05 -0.66527818894737E+05  0.11914396680907E+05 -0.90546401496849E+04 -0.10302372155775E+05 -0.29891139978428E+06  0.65913436926226E+05  0.10958022134527E+05 -0.20507370829990E+04 -0.42918901036693E+04 -0.49189495613475E+03 -0.60350560733740E+00  0.20393791621653E+04 -0.15822678887797E+03  0.21690342421190E+04  0.10171445384986E+04 -0.57474730905838E+06  0.00000000000000E+00  0.00000000000000E+00  0.00000000000000E+00  0.14228384662909E+04 -0.40686015415739E+04  0.35977683922545E+05 -0.13934490943200E+06  0.00000000000000E+00  0.00000000000000E+00  0.00000000000000E+00  0.58788760175543E+06  0.00000000000000E+00  0.00000000000000E+00  0.00000000000000E+00  0.00000000000000E+00  0.00000000000000E+00  0.00000000000000E+00  0.00000000000000E+00  0.00000000000000E+00  0.00000000000000E+00  0.00000000000000E+00  0.00000000000000E+00  0.00000000000000E+00  0.00000000000000E+00  0.00000000000000E+00  0.00000000000000E+00  0.00000000000000E+00  0.00000000000000E+00  0.00000000000000E+00
  -0.11182962113481E+07  0.26779298586831E+06 -0.42920176065266E+05 -0.34325754669403E+06  0.62858538313166E+05 -0.44143693740325E+05 -0.53480644274513E+05 -0.58245148660192E+06  0.12411659616627E+06  0.22606174836543E+05 -0.40486168061630E+04 -0.45400289655527E-09 -0.17980796001233E-10 -0.20259978906592E-11  0.43846515994701E+04 -0.49430242201655E+03  0.47253848426233E+04  0.26101852483062E+04 -0.28168930265092E+07  0.41325583313657E+05  0.15582714450638E+05  0.68012165558472E+04  0.13862652787925E+04 -0.71329409346776E+04  0.58645022048890E+05 -0.22933573229927E+06  0.00000000000000E+00  0.00000000000000E+00  0.00000000000000E+00  0.00000000000000E+00  0.92927650747169E+06  0.00000000000000E+00  0.00000000000000E+00  0.00000000000000E+00  0.00000000000000E+00  0.00000000000000E+00  0.00000000000000E+00  0.00000000000000E+00  0.00000000000000E+00  0.00000000000000E+00  0.00000000000000E+00  0.00000000000000E+00  0.00000000000000E+00  0.00000000000000E+00  0.00000000000000E+00  0.00000000000000E+00  0.00000000000000E+00  0.00000000000000E+00
  -0.21128651120487E+05  0.58356618420912E+04 -0.83706877935040E+03 -0.13388764500701E+04  0.31797592174764E+03 -0.44683588470611E+00 -0.16233113110746E+03 -0.76850310712415E+05  0.23095829250125E+05  0.15330453682662E+04 -0.43833693665040E+03 -0.20190225498793E+04 -0.12833089008398E+03 -0.26993478301148E+01 -0.15681845912329E+04  0.16459584362956E+03 -0.13291778994873E+04 -0.68515274477020E+03 -0.17087717826663E+05  0.00000000000000E+00  0.00000000000000E+00  0.00000000000000E+00  0.00000000000000E+00  0.00000000000000E+00  0.00000000000000E+00  0.00000000000000E+00  0.00000000000000E+00  0.00000000000000E+00  0.00000000000000E+00  0.00000000000000E+00  0.00000000000000E+00  0.14941601337551E+05  0.00000000000000E+00  0.00000000000000E+00  0.00000000000000E+00  0.00000000000000E+00  0.00000000000000E+00  0.00000000000000E+00  0.00000000000000E+00  0.00000000000000E+00  0.00000000000000E+00  0.00000000000000E+00  0.00000000000000E+00  0.00000000000000E+00  0.00000000000000E+00  0.00000000000000E+00  0.00000000000000E+00  0.00000000000000E+00
  -0.48441172336924E+05  0.13573669800952E+05 -0.19280054227449E+04 -0.25294014634209E+04  0.57870879512945E+03 -0.35251417159522E+02 -0.29795693839100E+03 -0.17489505459815E+06  0.52702578420876E+05  0.34193080349096E+04 -0.99690323944654E+03 -0.59009742308844E+02 -0.14627992144626E+02 -0.10139220285714E-04 -0.31756184317354E+04  0.33143877549201E+03 -0.27004248559527E+04 -0.13917241827794E+04 -0.32399322242970E+05  0.00000000000000E+00  0.00000000000000E+00  0.00000000000000E+00  0.00000000000000E+00  0.00000000000000E+00  0.00000000000000E+00  0.00000000000000E+00  0.00000000000000E+00  0.00000000000000E+00  0.00000000000000E+00  0.00000000000000E+00  0.00000000000000E+00  0.00000000000000E+00  0.33583507079645E+05  0.00000000000000E+00  0.00000000000000E+00  0.00000000000000E+00  0.00000000000000E+00  0.00000000000000E+00  0.00000000000000E+00  0.00000000000000E+00  0.00000000000000E+00  0.00000000000000E+00  0.00000000000000E+00  0.00000000000000E+00  0.00000000000000E+00  0.00000000000000E+00  0.00000000000000E+00  0.00000000000000E+00
