# fitpack15: fit parameters                                                                         
# CJ15 AV18 final data choices                                                                      
# Created on 02/04/2020 at 23:18:41                                                                 

 # QCD setup
  INS                           0
  NVL                          11
  IORD                          1
  Q02                   1.6899999999999999     
  IPARAMC                       7
  FLAVOR                4.0000000000000000     
  xmc                   1.3000000000000000     
  xmb                   4.5000000000000000     
  ncb                          12
  ihq                           1
  ias                           0

 # Theory corrections
  inuke                     10114
  itmc                          1
  iht                           2

 # fit parameters
 LAMBDA       0.22680        0.0000    
 a0uv          1.7671        0.0000    
 a1uv         0.54899       0.26098E-01
 a2uv          3.6065       0.12060E-01
 a3uv          0.0000        0.0000    
 a4uv          5.3932       0.79519    
 a5uv          0.0000        0.0000    
 a0dv          24.268        0.0000    
 a1dv          1.1534       0.35011E-01
 a2dv          6.6443       0.18248    
 a3dv         -3.5121       0.10028    
 a4dv          4.7520       0.16130    
 a5dv          0.0000        0.0000    
 a0ud         0.13890       0.50307E-02
 a1ud        -0.21300       0.39151E-02
 a2ud          8.7498       0.19278    
 a3ud          0.0000        0.0000    
 a4ud          17.482        1.4521    
 a5ud          0.0000        0.0000    
 a0du          35712.        0.0000    
 a1du          4.1698       0.10865    
 a2du          20.406        1.0797    
 a3du          17.000        0.0000    
 a4du          61.383        15.500    
 a0g           46.433        0.0000    
 a1g          0.60364       0.28116E-01
 a2g           5.7626       0.73824    
 a3g          -3.4174       0.11521    
 a4g           3.2530       0.24417    
 a5g           0.0000        0.0000    
 kappa        0.40000        0.0000    
 a6dv        -0.42188E-02   0.80327E-03
 a7dv          2.0000        0.0000    
 off1        -0.16924       0.12870    
 off2          2.2676        1.4528    
 off3         -12.888        5.3588    
 off4          17.354        5.4538    
 ht1          -3.9658        1.0678    
 ht2           2.2741       0.21668    
 ht3          -2.1186       0.32050E-01
 ht4           2.6378       0.15976    
 dummy42       0.0000        0.0000    
 dummy43       0.0000        0.0000    
 dummy44       0.0000        0.0000    
 dummy45       0.0000        0.0000    
 dummy46       0.0000        0.0000    
 dummy47       0.0000        0.0000    
 dummy48       0.0000        0.0000    
 dummy49       0.0000        0.0000    
 bcdmsh2      0.97086       0.49177E-02
 bcdmsd2      0.99456       0.59213E-02
 ccfr          1.0000        0.0000    
 nutev         1.0000        0.0000    
 zeus         0.97998        0.0000    
 h1            1.0162        0.0000    
 e605          1.0319        0.0000    
 NmcH2         1.0091       0.72054E-02
 ntv_nu        1.0000        0.0000    
 ntv_nuba      1.0000        0.0000    
 cdf_jet      0.98910        0.0000    
 d0_jet       0.83504        0.0000    
 slac_p        1.0020       0.49635E-02
 slac_d        1.0033       0.54053E-02
 e866pp       0.99446       0.20158E-01
 e866pd       0.96593       0.17939E-01
 d0_gamje      1.0369       0.16509E-01
 h1b          0.97608        0.0000    
 jlab_p       0.98390       0.58498E-02
 jlab_d       0.97846       0.60959E-02
 blank         1.0000        0.0000    
 d0run2       0.95276       0.15343E-01
 cdfrun2      0.93627       0.17780E-01
 HERA_el       1.0000        0.0000    
 HERA_ps       1.0000        0.0000    
 CDF_Z        0.95821       0.68189E-02
 NmcRat        1.0000        0.0000    
 BNS_F2nd     0.95774       0.74381E-02
 HERMES_F     0.99575       0.56848E-02
 HERMES_F     0.97935       0.59056E-02
 END 0. 0.

 # Hessian matrix (Bevington alpha)
   0.49220172316556E+07 -0.11910604062598E+07  0.15870225602919E+06  0.46404794826559E+06 -0.11650604004062E+06 -0.21586177398006E+05  0.52087480112286E+05  0.10156036876276E+07 -0.18616820819643E+06 -0.48467233885114E+05  0.67500650574648E+04  0.13716187028842E+05  0.15234860245379E+04 -0.93852419723563E+02  0.12939415904213E+05 -0.30178886491996E+04  0.17153404420679E+05  0.12075796915759E+05 -0.64715306783517E+07 -0.64106887569928E+05 -0.27177905613320E+05 -0.12707041056342E+05 -0.63732279815104E+04 -0.19691373199998E+05 -0.11338848830613E+05 -0.25674421802931E+06 -0.10396418833321E+06 -0.13396472049222E+06 -0.56720994656162E+05 -0.55410921488138E+04 -0.85913785617825E+06 -0.11076217653289E+07 -0.21086233797998E+05 -0.48250619803670E+05 -0.32631631512303E+04 -0.19209313537555E+06 -0.20999603660321E+06 -0.90208153489422E+04 -0.32167913907184E+04 -0.19628538378427E+05  0.18098842954484E+05 -0.76241783316550E+05 -0.59956342948247E+05
  -0.11910604062598E+07  0.35532694553902E+06 -0.39002478689480E+05 -0.11912412712939E+06  0.29932049631384E+05  0.85389957971983E+04 -0.10246414237214E+05 -0.11997980437707E+06  0.25284110089072E+05  0.66074834054554E+04 -0.75139057534907E+03 -0.10297271269042E+04 -0.11832031824067E+03  0.11231896544001E+02  0.45994556166934E+03  0.21530810055845E+01  0.21483052903426E+03  0.90265536750051E+02  0.20740388272870E+07  0.15516893822090E+05  0.74924117879316E+04  0.38453774372659E+04  0.20737089232794E+04  0.88427466989854E+04  0.11414454865068E+05  0.74795313851862E+05  0.41774337696576E+05  0.16892311750627E+05  0.83465889776433E+04 -0.17183096397806E+03  0.20067302717334E+06  0.25137695525089E+06  0.56886499690007E+04  0.13204819864110E+05  0.42378196219055E+03  0.58994630240538E+05  0.63922580205013E+05  0.23590238169735E+04  0.75480658765689E+03 -0.20952157943608E+04 -0.23661679894542E+04  0.86528547185305E+04  0.72603735436886E+04
   0.15870225602919E+06 -0.39002478689480E+05  0.51483172218582E+04  0.14582472779525E+05 -0.37773093276844E+04 -0.92516291337961E+03  0.15979160629974E+04  0.24956220079151E+05 -0.44150482533287E+04 -0.13927535830433E+04  0.16870729014171E+03  0.33902813040691E+03  0.42058461558311E+02 -0.31353713405674E+01 -0.14871286208960E+03 -0.31607660722455E+02 -0.54098138162306E+02  0.60014782045075E+02 -0.21187463269248E+06 -0.20494069003245E+04 -0.87897103072001E+03 -0.41331507452121E+03 -0.20785783451469E+03 -0.66688599225131E+03 -0.50089326036434E+03 -0.83627127568474E+04 -0.34236069412483E+04 -0.41466943719707E+04 -0.17547177521264E+04  0.54728349409843E+01 -0.27110667102404E+05 -0.35149650470195E+05 -0.68793945708315E+03 -0.15794787057566E+04 -0.90385392439556E+02 -0.63104739907850E+04 -0.68962490215733E+04 -0.29114348009530E+03 -0.10318378633444E+03 -0.11981043432886E+03  0.56767377921992E+03 -0.20154206619187E+04 -0.16191799660360E+04
   0.46404794826559E+06 -0.11912412712939E+06  0.14582472779525E+05  0.39263788169174E+06 -0.59675494776097E+05  0.73431805937112E+05  0.62259065191704E+05  0.37008381497552E+06 -0.30108597383633E+05 -0.17682518536589E+05  0.29061729909176E+04 -0.12832193799501E+04 -0.13456627229623E+03  0.47419093817661E+02  0.32415609656960E+05 -0.42639970424581E+04  0.34791254806509E+05  0.19672622121064E+05 -0.20159400735077E+07 -0.18474367483472E+05 -0.72868361360836E+04 -0.30851341386953E+04 -0.14200414506268E+04 -0.15308747310958E+04  0.29269647079880E+04 -0.46531525324881E+05 -0.11402988404427E+05 -0.12721178959967E+05 -0.21133263568619E+05 -0.72472803461875E+02 -0.65594710590124E+05 -0.33832249894475E+06 -0.12880769132563E+04 -0.24963797303431E+04 -0.71318387791322E+02 -0.10955574416773E+05 -0.47467775678792E+05 -0.23794414891873E+04 -0.93417454605094E+03 -0.99215960432703E+04 -0.17597062584518E+05 -0.73116665983554E+04 -0.21649204474661E+05
  -0.11650604004062E+06  0.29932049631384E+05 -0.37773093276844E+04 -0.59675494776097E+05  0.10714896156194E+05 -0.74570048280583E+04 -0.87652290086380E+04 -0.32531972175716E+05  0.48713100853937E+03  0.21971008951913E+04 -0.27853561062481E+03 -0.79607346857773E+01  0.49632995322832E+01 -0.41657194341363E+01 -0.27689918861555E+04  0.37929687207823E+03 -0.28326535757056E+04 -0.16379534869260E+04  0.42380255138152E+06  0.33070661333910E+04  0.14435065757011E+04  0.64954586056652E+03  0.30932116637174E+03  0.57586703596561E+03  0.38904712675028E+03  0.98494979319701E+04  0.29218113104646E+04  0.19676907186211E+04  0.33246245527235E+04 -0.55849307562922E+02  0.11454820767969E+05  0.60517517879145E+05  0.30079270879288E+03  0.56140488368345E+03  0.90613005445988E+01  0.26629260076352E+04  0.11420281334003E+05  0.44616676155830E+03  0.16696285254892E+03  0.38633750812872E+03  0.27490892573465E+04  0.80996405631101E+03  0.24987759043160E+04
  -0.21586177398006E+05  0.85389957971983E+04 -0.92516291337961E+03  0.73431805937112E+05 -0.74570048280583E+04  0.22998420221859E+05  0.13890167269193E+05  0.11181398119629E+06 -0.11157517831453E+05 -0.44423205080858E+04  0.85946826944751E+03 -0.61742864583247E+03 -0.57220287281917E+02  0.15506890435113E+02  0.95218431437468E+04 -0.12702368674608E+04  0.10521981720105E+05  0.60062097027503E+04 -0.57543582143518E+05 -0.20550402473322E+04 -0.47031205168162E+03 -0.77985548427996E+02  0.49152556846008E+01  0.73238815257594E+03  0.28699243602611E+04 -0.14775641687763E+04  0.16318437185450E+04 -0.26338823651711E+04 -0.40326233114193E+04  0.14261917545683E+03 -0.84906486135222E+04 -0.41386567235552E+05  0.13010847400508E+02 -0.10945446425200E+02 -0.18071485393916E+02  0.38466445740775E+03  0.14270190697125E+04 -0.22575270326696E+03 -0.11835840858994E+03 -0.30699412027377E+04 -0.35811944068275E+04 -0.18279357116780E+04 -0.52543134016579E+04
   0.52087480112286E+05 -0.10246414237214E+05  0.15979160629974E+04  0.62259065191704E+05 -0.87652290086380E+04  0.13890167269193E+05  0.10800906138467E+05  0.60594596070645E+05 -0.36979592658024E+04 -0.30975584701944E+04  0.49050789419580E+03 -0.20769527416410E+03 -0.23480739076164E+02  0.81304659621345E+01  0.49765093170721E+04 -0.68317239505151E+03  0.52737611672632E+04  0.30666705608171E+04 -0.21909211496892E+06 -0.25417920675116E+04 -0.90798808905343E+03 -0.33558371160562E+03 -0.13446433230221E+03  0.16391729723789E+03  0.13439194172560E+04 -0.53209361367250E+04 -0.28043654645172E+03 -0.23731104988161E+04 -0.37301841256270E+04  0.13133803243004E+03 -0.96498224901675E+04 -0.50163035183873E+05 -0.14317801072421E+03 -0.27161288257807E+03 -0.12771290244471E+02 -0.91411521059664E+03 -0.41041581554604E+04 -0.33208158430929E+03 -0.14170219228927E+03 -0.13114241967341E+04 -0.33848030018927E+04 -0.11278831829220E+04 -0.33614771677959E+04
   0.10156036876276E+07 -0.11997980437707E+06  0.24956220079151E+05  0.37008381497552E+06 -0.32531972175716E+05  0.11181398119629E+06  0.60594596070645E+05  0.57830638385783E+07 -0.25105088967357E+07 -0.92628050257159E+05  0.25620612780138E+05  0.24328687302831E+05  0.16385669557319E+04  0.79604537276133E+02  0.97041497994834E+05 -0.12852876547270E+05  0.12073715949782E+06  0.64950636492817E+05 -0.50737711923832E+06 -0.38600737816976E+05 -0.74309035854525E+04 -0.19321027901781E+04 -0.63034269136331E+03  0.74934122128432E+04  0.46056154828853E+05 -0.32297970832197E+05  0.59003466153682E+04 -0.62839673859285E+05 -0.49940025447954E+05 -0.73769171307512E+05 -0.30403638910723E+06 -0.58917960515728E+06 -0.75217426208545E+05 -0.17107379207266E+06 -0.15103203479752E+04 -0.50058398937278E+04 -0.97021159929216E+04  0.76800164068017E+03  0.44270821882163E+03 -0.28301833217963E+06 -0.97458061722102E+04 -0.15218935521530E+06 -0.18518982349252E+06
  -0.18616820819643E+06  0.25284110089072E+05 -0.44150482533287E+04 -0.30108597383633E+05  0.48713100853937E+03 -0.11157517831453E+05 -0.36979592658024E+04 -0.25105088967357E+07  0.19399458072778E+07  0.20075799794909E+05 -0.62894750021160E+04 -0.50682578439885E+04 -0.27783069223049E+03 -0.11062697450565E+02  0.47112930532200E+05 -0.22436084516115E+04  0.17347857774555E+05  0.87222651987645E+04 -0.32277158249690E+05  0.94468738026160E+04  0.14598202423534E+04  0.32726680224754E+03  0.98988767785016E+02 -0.17398804054160E+04 -0.11173818163361E+05  0.51684038009312E+04 -0.13596310884037E+04  0.11277283700703E+05  0.10584131503810E+05  0.25509929924321E+05  0.68354521469674E+05  0.12810860277798E+06  0.22923382289473E+05  0.52161287386240E+05  0.21623409880134E+03  0.59433080906989E+03  0.11590534936727E+04 -0.13901944692006E+04 -0.74182157063326E+03  0.11422795886658E+06  0.17183336530997E+04  0.46748832881263E+05  0.56354155571548E+05
  -0.48467233885114E+05  0.66074834054554E+04 -0.13927535830433E+04 -0.17682518536589E+05  0.21971008951913E+04 -0.44423205080858E+04 -0.30975584701944E+04 -0.92628050257159E+05  0.20075799794909E+05  0.26176234189118E+04 -0.57401945520042E+03 -0.58596246030037E+03 -0.51685955687685E+02 -0.13483270631512E+01 -0.41681928314182E+04  0.54533981523797E+03 -0.46024404702531E+04 -0.26098571072929E+04  0.47801235007259E+05  0.12550187715442E+04  0.33180224521528E+03  0.10518170973663E+03  0.38429723160268E+02 -0.21286686895801E+03 -0.12907284672429E+04  0.18713467297215E+04 -0.11163379752720E+03  0.26552514932619E+04  0.18167306654635E+04  0.74732032384206E+03  0.10788662076660E+05  0.22158165524219E+05  0.14506704393250E+04  0.32589139979556E+04  0.44248691824011E+02  0.45187601400571E+03  0.84843438545764E+03  0.11195377822646E+03  0.51440417345399E+02  0.31413796685651E+04  0.46889889915042E+03  0.28830203884107E+04  0.35978309739979E+04
   0.67500650574648E+04 -0.75139057534907E+03  0.16870729014171E+03  0.29061729909176E+04 -0.27853561062481E+03  0.85946826944751E+03  0.49050789419580E+03  0.25620612780138E+05 -0.62894750021160E+04 -0.57401945520042E+03  0.14822470683267E+03  0.15432575650159E+03  0.11179224346999E+02  0.47961707393250E+00  0.11833275314734E+04 -0.13809246432558E+03  0.12501507820222E+04  0.67931014532652E+03 -0.47912122316197E+04 -0.22514742021765E+03 -0.47068280509006E+02 -0.12709656836181E+02 -0.42021858819956E+01  0.45389790067719E+02  0.27278554367220E+03 -0.21513899161299E+03  0.36432687122883E+02 -0.41406378508456E+03 -0.31030167394771E+03 -0.32424022889715E+03 -0.18457529157100E+04 -0.36187119429004E+04 -0.38636985290324E+03 -0.87940548095289E+03 -0.10344959567418E+02 -0.34389913168034E+02 -0.66777488447586E+02 -0.89012516227371E+01 -0.45048022013845E+01 -0.10758560619336E+04 -0.63876790737257E+02 -0.78087915007282E+03 -0.95644662471923E+03
   0.13716187028842E+05 -0.10297271269042E+04  0.33902813040691E+03 -0.12832193799501E+04 -0.79607346857773E+01 -0.61742864583247E+03 -0.20769527416410E+03  0.24328687302831E+05 -0.50682578439885E+04 -0.58596246030037E+03  0.15432575650159E+03  0.11855933083530E+04  0.80291318818875E+02 -0.12449694539262E+01  0.11876697339285E+04 -0.17856633907574E+03  0.16644106526914E+04  0.95336061059949E+03 -0.48857650347744E+04  0.22445572373910E+03  0.22036304008797E+02  0.13830246256918E+00 -0.74538718884167E+00  0.42362965471761E+02  0.28100115598734E+03 -0.54550765784721E+02  0.30581156196132E+02 -0.96798215558930E+03 -0.28718846870938E-10 -0.56816186723640E+03 -0.44145374217726E+04 -0.49037790438595E-09 -0.18764494126408E+04 -0.56944322083653E+02 -0.66717681504880E+02 -0.14083146933743E+00  0.15059449262652E-09 -0.14512944885381E+01 -0.62864511801296E+00  0.23967420900797E+03  0.28393154222401E+03 -0.23337804752442E+04  0.97446928693429E-10
   0.15234860245379E+04 -0.11832031824067E+03  0.42058461558311E+02 -0.13456627229623E+03  0.49632995322832E+01 -0.57220287281917E+02 -0.23480739076164E+02  0.16385669557319E+04 -0.27783069223049E+03 -0.51685955687685E+02  0.11179224346999E+02  0.80291318818875E+02  0.72954618030262E+01 -0.13429485217724E+00  0.69299768167666E+02 -0.12440198632381E+02  0.10497433953487E+03  0.64780855824783E+02 -0.23464449946293E+03  0.11826192939050E+02  0.15675946237432E+01  0.11864190255054E-01 -0.76196514716644E-01  0.49435046213811E+01  0.29224948711957E+02 -0.94509555114225E+01  0.43803857245665E+01 -0.14009826382452E+03  0.20734615685805E-11 -0.22588362210868E+02 -0.51448833154055E+03  0.16167563586778E-10 -0.11870022373125E+03 -0.14727838223378E+02 -0.54314148989974E+01 -0.10092545101471E+00 -0.52781009890592E-12 -0.15247315310312E+00 -0.60098469879879E-01  0.23928890705672E+02  0.62740418982968E+02 -0.17033832457089E+03 -0.62839614268525E-11
  -0.93852419723563E+02  0.11231896544001E+02 -0.31353713405674E+01  0.47419093817661E+02 -0.41657194341363E+01  0.15506890435113E+02  0.81304659621345E+01  0.79604537276133E+02 -0.11062697450565E+02 -0.13483270631512E+01  0.47961707393250E+00 -0.12449694539262E+01 -0.13429485217724E+00  0.33621184198022E-01  0.11425458448376E+02 -0.88945243706273E+00  0.84326349746113E+01  0.39954548384449E+01 -0.64580645585321E+02  0.11019839705219E+01 -0.35290173598437E-01 -0.16123514982513E-01 -0.54436405083907E-02 -0.42837353629798E-02  0.16607695280144E-01 -0.22990265745950E-02 -0.14545706134303E-01  0.52009199411528E-01  0.17858983779564E-12 -0.43628569117109E+01 -0.37189261758196E+00 -0.49212072151010E-11 -0.18619696137059E+01 -0.21203249195968E-05 -0.95449789045722E-01  0.00000000000000E+00  0.45917229175501E-14 -0.11178737233963E-02 -0.62405720415713E-03 -0.15265614556537E+01  0.40981616926599E-05 -0.18949065705411E+01  0.27988201259282E-12
   0.12939415904213E+05  0.45994556166934E+03 -0.14871286208960E+03  0.32415609656960E+05 -0.27689918861555E+04  0.95218431437468E+04  0.49765093170721E+04  0.97041497994834E+05  0.47112930532200E+05 -0.41681928314182E+04  0.11833275314734E+04  0.11876697339285E+04  0.69299768167666E+02  0.11425458448376E+02  0.51887148462800E+05 -0.51313834285820E+04  0.46383705444847E+05  0.24439740038990E+05 -0.57644323253446E+05  0.37775229562480E+02  0.58660975091795E+02  0.28198119050173E+02  0.12796204103586E+02 -0.79113583188270E+01 -0.11006258039146E+03  0.87445415321065E+03  0.83444093769788E+02 -0.30759168430566E+04 -0.19915077886546E+04 -0.24936495350778E+04  0.18363257389466E+04  0.41562643225514E+04 -0.14830357700946E+04 -0.30327347247382E+04 -0.74777674211099E+03  0.38378312699535E+03  0.63988286790984E+03 -0.31500786264121E+04 -0.16324464957867E+04 -0.20818427543705E+04  0.22435918670427E+03 -0.98927013693678E+03 -0.11174271326369E+04
  -0.30178886491996E+04  0.21530810055845E+01 -0.31607660722455E+02 -0.42639970424581E+04  0.37929687207823E+03 -0.12702368674608E+04 -0.68317239505151E+03 -0.12852876547270E+05 -0.22436084516115E+04  0.54533981523797E+03 -0.13809246432558E+03 -0.17856633907574E+03 -0.12440198632381E+02 -0.88945243706273E+00 -0.51313834285820E+04  0.59589043905474E+03 -0.52877461184076E+04 -0.28938184635926E+04  0.76650692233004E+04  0.10314070744332E+02 -0.81689423798855E+01 -0.52961850119191E+01 -0.27429218682753E+01 -0.10563556869453E+02 -0.34686232552128E+02 -0.18524812688680E+03 -0.38018257412464E+02  0.60435097544052E+03  0.37701931321872E+03  0.29847864129883E+03 -0.10644154661227E+03 -0.41459322730611E+03  0.16596216828389E+03  0.33685123894750E+03  0.87816976929385E+02 -0.10402151757405E+03 -0.17088170203026E+03  0.52369147540036E+03  0.25078909221366E+03 -0.40839764536308E+03 -0.39499027318043E+02  0.28839891974436E+03  0.32452272567492E+03
   0.17153404420679E+05  0.21483052903426E+03 -0.54098138162306E+02  0.34791254806509E+05 -0.28326535757056E+04  0.10521981720105E+05  0.52737611672632E+04  0.12073715949782E+06  0.17347857774555E+05 -0.46024404702531E+04  0.12501507820222E+04  0.16644106526914E+04  0.10497433953487E+03  0.84326349746113E+01  0.46383705444847E+05 -0.52877461184076E+04  0.48150708305090E+05  0.26058811564062E+05 -0.60412699230327E+05  0.17533450584226E+02  0.76405614989727E+02  0.32336762917737E+02  0.12145846322919E+02 -0.91259339967682E+02 -0.32353732133574E+03  0.92672891489781E+03 -0.12788927537144E+03 -0.38234835516008E+04 -0.24124223326359E+04 -0.31104839670098E+04  0.28053027888735E+04  0.63496875909199E+04 -0.15105568846166E+04 -0.31085947376324E+04 -0.79492543772979E+03  0.13489767690030E+03  0.25422140901408E+03 -0.35726126584515E+04 -0.19004624229331E+04  0.23603965862122E+04  0.39747822035304E+03 -0.23868408850548E+04 -0.26498528293685E+04
   0.12075796915759E+05  0.90265536750051E+02  0.60014782045075E+02  0.19672622121064E+05 -0.16379534869260E+04  0.60062097027503E+04  0.30666705608171E+04  0.64950636492817E+05  0.87222651987645E+04 -0.26098571072929E+04  0.67931014532652E+03  0.95336061059949E+03  0.64780855824783E+02  0.39954548384449E+01  0.24439740038990E+05 -0.28938184635926E+04  0.26058811564062E+05  0.14278782352874E+05 -0.34301819805828E+05 -0.18958040984097E+02  0.45430213286001E+02  0.22539081076750E+02  0.95589078229904E+01 -0.24367691040019E+02 -0.59905199621092E+02  0.70602032483867E+03 -0.17011515943091E+02 -0.26442438893830E+04 -0.16352839578149E+04 -0.15533770875899E+04  0.12399332153653E+04  0.33343821703619E+04 -0.77310952456655E+03 -0.15892266356156E+04 -0.43886279531040E+03  0.18696684269018E+03  0.32798200611017E+03 -0.23189941465874E+04 -0.11800836272200E+04  0.22080546635200E+04  0.26158707960707E+03 -0.15948804430391E+04 -0.17742005344254E+04
  -0.64715306783517E+07  0.20740388272870E+07 -0.21187463269248E+06 -0.20159400735077E+07  0.42380255138152E+06 -0.57543582143518E+05 -0.21909211496892E+06 -0.50737711923832E+06 -0.32277158249690E+05  0.47801235007259E+05 -0.47912122316197E+04 -0.48857650347744E+04 -0.23464449946293E+03 -0.64580645585321E+02 -0.57644323253446E+05  0.76650692233004E+04 -0.60412699230327E+05 -0.34301819805828E+05  0.27229934801692E+08  0.15613108760813E+06  0.79529979681127E+05  0.41528084481941E+05  0.22579680007934E+05  0.68209632491814E+05  0.93625994716109E+05  0.56055781420300E+06  0.31583987453995E+06  0.33464926583183E+05  0.74759846238099E+05 -0.10886391231890E+04  0.52347921238700E+06  0.25351501658540E+07  0.15849388527269E+05  0.30736668861432E+05  0.21251620087163E+03  0.16602759856566E+06  0.69924417448209E+06  0.22977781747775E+05  0.73082938421596E+04 -0.17379581682725E+05  0.47540105183347E+05  0.19775331311831E+05  0.61201915081775E+05
  -0.64106887569928E+05  0.15516893822090E+05 -0.20494069003245E+04 -0.18474367483472E+05  0.33070661333910E+04 -0.20550402473322E+04 -0.25417920675116E+04 -0.38600737816976E+05  0.94468738026160E+04  0.12550187715442E+04 -0.22514742021765E+03  0.22445572373910E+03  0.11826192939050E+02  0.11019839705219E+01  0.37775229562480E+02  0.10314070744332E+02  0.17533450584226E+02 -0.18958040984097E+02  0.15613108760813E+06  0.29757834923920E+04  0.98055301891384E+03  0.41853996708165E+03  0.20256115150899E+03  0.25987379474907E+03 -0.25643453283757E+03  0.47088453589663E+04  0.17442053706377E+04  0.00000000000000E+00  0.25929789589676E+04  0.00000000000000E+00  0.00000000000000E+00  0.40971371550761E+05  0.00000000000000E+00  0.00000000000000E+00  0.00000000000000E+00  0.00000000000000E+00  0.57605664876539E+04  0.00000000000000E+00  0.00000000000000E+00  0.00000000000000E+00 -0.18352794088139E+04  0.00000000000000E+00  0.42453009931094E+04
  -0.27177905613320E+05  0.74924117879316E+04 -0.87897103072001E+03 -0.72868361360836E+04  0.14435065757011E+04 -0.47031205168162E+03 -0.90798808905343E+03 -0.74309035854525E+04  0.14598202423534E+04  0.33180224521528E+03 -0.47068280509006E+02  0.22036304008797E+02  0.15675946237432E+01 -0.35290173598437E-01  0.58660975091795E+02 -0.81689423798855E+01  0.76405614989727E+02  0.45430213286001E+02  0.79529979681127E+05  0.98055301891384E+03  0.41536726672768E+03  0.19730761569456E+03  0.10167087456276E+03  0.19581154168796E+03  0.13963295580519E+03  0.21976138447077E+04  0.10325776642693E+04  0.00000000000000E+00  0.67239615056230E+03  0.00000000000000E+00  0.00000000000000E+00  0.15192275161799E+05  0.00000000000000E+00  0.00000000000000E+00  0.00000000000000E+00  0.00000000000000E+00  0.28879341388641E+04  0.00000000000000E+00  0.00000000000000E+00  0.00000000000000E+00 -0.52596595455678E+03  0.00000000000000E+00  0.87942241103690E+03
  -0.12707041056342E+05  0.38453774372659E+04 -0.41331507452121E+03 -0.30851341386953E+04  0.64954586056652E+03 -0.77985548427996E+02 -0.33558371160562E+03 -0.19321027901781E+04  0.32726680224754E+03  0.10518170973663E+03 -0.12709656836181E+02  0.13830246256918E+00  0.11864190255054E-01 -0.16123514982513E-01  0.28198119050173E+02 -0.52961850119191E+01  0.32336762917737E+02  0.22539081076750E+02  0.41528084481941E+05  0.41853996708165E+03  0.19730761569456E+03  0.10016024939776E+03  0.54010380908207E+02  0.12265877442596E+03  0.13638449062517E+03  0.10933344319035E+04  0.60683917586924E+03  0.00000000000000E+00  0.19610475277298E+03  0.00000000000000E+00  0.00000000000000E+00  0.65167254526790E+04  0.00000000000000E+00  0.00000000000000E+00  0.00000000000000E+00  0.00000000000000E+00  0.14852257048788E+04  0.00000000000000E+00  0.00000000000000E+00  0.00000000000000E+00 -0.16976073813488E+03  0.00000000000000E+00  0.25926384575171E+03
  -0.63732279815104E+04  0.20737089232794E+04 -0.20785783451469E+03 -0.14200414506268E+04  0.30932116637174E+03  0.49152556846008E+01 -0.13446433230221E+03 -0.63034269136331E+03  0.98988767785016E+02  0.38429723160268E+02 -0.42021858819956E+01 -0.74538718884167E+00 -0.76196514716644E-01 -0.54436405083907E-02  0.12796204103586E+02 -0.27429218682753E+01  0.12145846322919E+02  0.95589078229904E+01  0.22579680007934E+05  0.20256115150899E+03  0.10167087456276E+03  0.54010380908207E+02  0.30126725573150E+02  0.74066378369135E+02  0.91302740877731E+02  0.57392066377234E+03  0.36108364184200E+03  0.00000000000000E+00  0.59849767304373E+02  0.00000000000000E+00  0.00000000000000E+00  0.31004501910042E+04  0.00000000000000E+00  0.00000000000000E+00  0.00000000000000E+00  0.00000000000000E+00  0.78203595408574E+03  0.00000000000000E+00  0.00000000000000E+00  0.00000000000000E+00 -0.57673772644001E+02  0.00000000000000E+00  0.95729010871581E+02
  -0.19691373199998E+05  0.88427466989854E+04 -0.66688599225131E+03 -0.15308747310958E+04  0.57586703596561E+03  0.73238815257594E+03  0.16391729723789E+03  0.74934122128432E+04 -0.17398804054160E+04 -0.21286686895801E+03  0.45389790067719E+02  0.42362965471761E+02  0.49435046213811E+01 -0.42837353629798E-02 -0.79113583188270E+01 -0.10563556869453E+02 -0.91259339967682E+02 -0.24367691040019E+02  0.68209632491814E+05  0.25987379474907E+03  0.19581154168796E+03  0.12265877442596E+03  0.74066378369135E+02  0.44697495700060E+03  0.86527283994753E+03  0.21723630756924E+04  0.18379567242445E+04 -0.73405443613069E+02 -0.44348835581955E+02  0.13311956742615E+01  0.12275729062991E+04  0.19848233625925E+04  0.00000000000000E+00  0.00000000000000E+00  0.00000000000000E+00  0.19887263091651E+04  0.31803794190210E+04  0.00000000000000E+00  0.00000000000000E+00  0.00000000000000E+00 -0.16394328153727E+03 -0.34533151450026E+03 -0.37926694423088E+03
  -0.11338848830613E+05  0.11414454865068E+05 -0.50089326036434E+03  0.29269647079880E+04  0.38904712675028E+03  0.28699243602611E+04  0.13439194172560E+04  0.46056154828853E+05 -0.11173818163361E+05 -0.12907284672429E+04  0.27278554367220E+03  0.28100115598734E+03  0.29224948711957E+02  0.16607695280144E-01 -0.11006258039146E+03 -0.34686232552128E+02 -0.32353732133574E+03 -0.59905199621092E+02  0.93625994716109E+05 -0.25643453283757E+03  0.13963295580519E+03  0.13638449062517E+03  0.91302740877731E+02  0.86527283994753E+03  0.24959840831961E+04  0.25720834024351E+04  0.27434087161949E+04 -0.22701678907407E+03 -0.16210201493804E+03 -0.60681838097161E+02 -0.57506576385931E+04 -0.99316120490485E+04  0.00000000000000E+00  0.00000000000000E+00  0.00000000000000E+00  0.33484228305683E+04  0.52495590224786E+04  0.00000000000000E+00  0.00000000000000E+00  0.00000000000000E+00 -0.67844778608726E+03 -0.23989681773343E+04 -0.26363590341144E+04
  -0.25674421802931E+06  0.74795313851862E+05 -0.83627127568474E+04 -0.46531525324881E+05  0.98494979319701E+04 -0.14775641687763E+04 -0.53209361367250E+04 -0.32297970832197E+05  0.51684038009312E+04  0.18713467297215E+04 -0.21513899161299E+03 -0.54550765784721E+02 -0.94509555114225E+01 -0.22990265745950E-02  0.87445415321065E+03 -0.18524812688680E+03  0.92672891489781E+03  0.70602032483867E+03  0.56055781420300E+06  0.47088453589663E+04  0.21976138447077E+04  0.10933344319035E+04  0.57392066377234E+03  0.21723630756924E+04  0.25720834024351E+04  0.21847326284915E+05  0.10296675460315E+05  0.24244601751079E+03  0.18235594836977E+03 -0.87776882508479E-01  0.39658073391979E+05  0.78518842135525E+05  0.00000000000000E+00  0.00000000000000E+00  0.00000000000000E+00  0.15234147615813E+05  0.24467307851836E+05  0.00000000000000E+00  0.00000000000000E+00  0.00000000000000E+00  0.15708120232879E+04  0.17133459244508E+04  0.20887303480164E+04
  -0.10396418833321E+06  0.41774337696576E+05 -0.34236069412483E+04 -0.11402988404427E+05  0.29218113104646E+04  0.16318437185450E+04 -0.28043654645172E+03  0.59003466153682E+04 -0.13596310884037E+04 -0.11163379752720E+03  0.36432687122883E+02  0.30581156196132E+02  0.43803857245665E+01 -0.14545706134303E-01  0.83444093769788E+02 -0.38018257412464E+02 -0.12788927537144E+03 -0.17011515943091E+02  0.31583987453995E+06  0.17442053706377E+04  0.10325776642693E+04  0.60683917586924E+03  0.36108364184200E+03  0.18379567242445E+04  0.27434087161949E+04  0.10296675460315E+05  0.84931707877522E+04 -0.22353277930113E+03 -0.12021343156787E+03  0.12131099826762E+02  0.12543200106314E+05  0.20967518829648E+05  0.00000000000000E+00  0.00000000000000E+00  0.00000000000000E+00  0.79371288068192E+04  0.12957964513754E+05  0.00000000000000E+00  0.00000000000000E+00  0.00000000000000E+00 -0.26038022782589E+03 -0.15314622570690E+03 -0.15389446507799E+03
  -0.13396472049222E+06  0.16892311750627E+05 -0.41466943719707E+04 -0.12721178959967E+05  0.19676907186211E+04 -0.26338823651711E+04 -0.23731104988161E+04 -0.62839673859285E+05  0.11277283700703E+05  0.26552514932619E+04 -0.41406378508456E+03 -0.96798215558930E+03 -0.14009826382452E+03  0.52009199411528E-01 -0.30759168430566E+04  0.60435097544052E+03 -0.38234835516008E+04 -0.26442438893830E+04  0.33464926583183E+05  0.00000000000000E+00  0.00000000000000E+00  0.00000000000000E+00  0.00000000000000E+00 -0.73405443613069E+02 -0.22701678907407E+03  0.24244601751079E+03 -0.22353277930113E+03  0.11677252885951E+06  0.00000000000000E+00  0.00000000000000E+00  0.00000000000000E+00  0.00000000000000E+00  0.00000000000000E+00  0.00000000000000E+00  0.00000000000000E+00  0.00000000000000E+00  0.00000000000000E+00  0.00000000000000E+00  0.00000000000000E+00  0.00000000000000E+00  0.00000000000000E+00  0.00000000000000E+00  0.00000000000000E+00
  -0.56720994656162E+05  0.83465889776433E+04 -0.17547177521264E+04 -0.21133263568619E+05  0.33246245527235E+04 -0.40326233114193E+04 -0.37301841256270E+04 -0.49940025447954E+05  0.10584131503810E+05  0.18167306654635E+04 -0.31030167394771E+03 -0.28718846870938E-10  0.20734615685805E-11  0.17858983779564E-12 -0.19915077886546E+04  0.37701931321872E+03 -0.24124223326359E+04 -0.16352839578149E+04  0.74759846238099E+05  0.25929789589676E+04  0.67239615056230E+03  0.19610475277298E+03  0.59849767304373E+02 -0.44348835581955E+02 -0.16210201493804E+03  0.18235594836977E+03 -0.12021343156787E+03  0.00000000000000E+00  0.64430245277999E+05  0.00000000000000E+00  0.00000000000000E+00  0.00000000000000E+00  0.00000000000000E+00  0.00000000000000E+00  0.00000000000000E+00  0.00000000000000E+00  0.00000000000000E+00  0.00000000000000E+00  0.00000000000000E+00  0.00000000000000E+00  0.00000000000000E+00  0.00000000000000E+00  0.00000000000000E+00
  -0.55410921488138E+04 -0.17183096397806E+03  0.54728349409843E+01 -0.72472803461875E+02 -0.55849307562922E+02  0.14261917545683E+03  0.13133803243004E+03 -0.73769171307512E+05  0.25509929924321E+05  0.74732032384206E+03 -0.32424022889715E+03 -0.56816186723640E+03 -0.22588362210868E+02 -0.43628569117109E+01 -0.24936495350778E+04  0.29847864129883E+03 -0.31104839670098E+04 -0.15533770875899E+04 -0.10886391231890E+04  0.00000000000000E+00  0.00000000000000E+00  0.00000000000000E+00  0.00000000000000E+00  0.13311956742615E+01 -0.60681838097161E+02 -0.87776882508479E-01  0.12131099826762E+02  0.00000000000000E+00  0.00000000000000E+00  0.30671739602859E+05  0.00000000000000E+00  0.00000000000000E+00  0.00000000000000E+00  0.00000000000000E+00  0.00000000000000E+00  0.00000000000000E+00  0.00000000000000E+00  0.00000000000000E+00  0.00000000000000E+00  0.00000000000000E+00  0.00000000000000E+00  0.00000000000000E+00  0.00000000000000E+00
  -0.85913785617825E+06  0.20067302717334E+06 -0.27110667102404E+05 -0.65594710590124E+05  0.11454820767969E+05 -0.84906486135222E+04 -0.96498224901675E+04 -0.30403638910723E+06  0.68354521469674E+05  0.10788662076660E+05 -0.18457529157100E+04 -0.44145374217726E+04 -0.51448833154055E+03 -0.37189261758196E+00  0.18363257389466E+04 -0.10644154661227E+03  0.28053027888735E+04  0.12399332153653E+04  0.52347921238700E+06  0.00000000000000E+00  0.00000000000000E+00  0.00000000000000E+00  0.00000000000000E+00  0.12275729062991E+04 -0.57506576385931E+04  0.39658073391979E+05  0.12543200106314E+05  0.00000000000000E+00  0.00000000000000E+00  0.00000000000000E+00  0.58075407325947E+06  0.00000000000000E+00  0.00000000000000E+00  0.00000000000000E+00  0.00000000000000E+00  0.00000000000000E+00  0.00000000000000E+00  0.00000000000000E+00  0.00000000000000E+00  0.00000000000000E+00  0.00000000000000E+00  0.00000000000000E+00  0.00000000000000E+00
  -0.11076217653289E+07  0.25137695525089E+06 -0.35149650470195E+05 -0.33832249894475E+06  0.60517517879145E+05 -0.41386567235552E+05 -0.50163035183873E+05 -0.58917960515728E+06  0.12810860277798E+06  0.22158165524219E+05 -0.36187119429004E+04 -0.49037790438595E-09  0.16167563586778E-10 -0.49212072151010E-11  0.41562643225514E+04 -0.41459322730611E+03  0.63496875909199E+04  0.33343821703619E+04  0.25351501658540E+07  0.40971371550761E+05  0.15192275161799E+05  0.65167254526790E+04  0.31004501910042E+04  0.19848233625925E+04 -0.99316120490485E+04  0.78518842135525E+05  0.20967518829648E+05  0.00000000000000E+00  0.00000000000000E+00  0.00000000000000E+00  0.00000000000000E+00  0.91999514442145E+06  0.00000000000000E+00  0.00000000000000E+00  0.00000000000000E+00  0.00000000000000E+00  0.00000000000000E+00  0.00000000000000E+00  0.00000000000000E+00  0.00000000000000E+00  0.00000000000000E+00  0.00000000000000E+00  0.00000000000000E+00
  -0.21086233797998E+05  0.56886499690007E+04 -0.68793945708315E+03 -0.12880769132563E+04  0.30079270879288E+03  0.13010847400508E+02 -0.14317801072421E+03 -0.75217426208545E+05  0.22923382289473E+05  0.14506704393250E+04 -0.38636985290324E+03 -0.18764494126408E+04 -0.11870022373125E+03 -0.18619696137059E+01 -0.14830357700946E+04  0.16596216828389E+03 -0.15105568846166E+04 -0.77310952456655E+03  0.15849388527269E+05  0.00000000000000E+00  0.00000000000000E+00  0.00000000000000E+00  0.00000000000000E+00  0.00000000000000E+00  0.00000000000000E+00  0.00000000000000E+00  0.00000000000000E+00  0.00000000000000E+00  0.00000000000000E+00  0.00000000000000E+00  0.00000000000000E+00  0.00000000000000E+00  0.13951295941987E+05  0.00000000000000E+00  0.00000000000000E+00  0.00000000000000E+00  0.00000000000000E+00  0.00000000000000E+00  0.00000000000000E+00  0.00000000000000E+00  0.00000000000000E+00  0.00000000000000E+00  0.00000000000000E+00
  -0.48250619803670E+05  0.13204819864110E+05 -0.15794787057566E+04 -0.24963797303431E+04  0.56140488368345E+03 -0.10945446425200E+02 -0.27161288257807E+03 -0.17107379207266E+06  0.52161287386240E+05  0.32589139979556E+04 -0.87940548095289E+03 -0.56944322083653E+02 -0.14727838223378E+02 -0.21203249195968E-05 -0.30327347247382E+04  0.33685123894750E+03 -0.31085947376324E+04 -0.15892266356156E+04  0.30736668861432E+05  0.00000000000000E+00  0.00000000000000E+00  0.00000000000000E+00  0.00000000000000E+00  0.00000000000000E+00  0.00000000000000E+00  0.00000000000000E+00  0.00000000000000E+00  0.00000000000000E+00  0.00000000000000E+00  0.00000000000000E+00  0.00000000000000E+00  0.00000000000000E+00  0.00000000000000E+00  0.31661300619231E+05  0.00000000000000E+00  0.00000000000000E+00  0.00000000000000E+00  0.00000000000000E+00  0.00000000000000E+00  0.00000000000000E+00  0.00000000000000E+00  0.00000000000000E+00  0.00000000000000E+00
  -0.32631631512303E+04  0.42378196219055E+03 -0.90385392439556E+02 -0.71318387791322E+02  0.90613005445988E+01 -0.18071485393916E+02 -0.12771290244471E+02 -0.15103203479752E+04  0.21623409880134E+03  0.44248691824011E+02 -0.10344959567418E+02 -0.66717681504880E+02 -0.54314148989974E+01 -0.95449789045722E-01 -0.74777674211099E+03  0.87816976929385E+02 -0.79492543772979E+03 -0.43886279531040E+03  0.21251620087163E+03  0.00000000000000E+00  0.00000000000000E+00  0.00000000000000E+00  0.00000000000000E+00  0.00000000000000E+00  0.00000000000000E+00  0.00000000000000E+00  0.00000000000000E+00  0.00000000000000E+00  0.00000000000000E+00  0.00000000000000E+00  0.00000000000000E+00  0.00000000000000E+00  0.00000000000000E+00  0.00000000000000E+00  0.37955695813177E+04  0.00000000000000E+00  0.00000000000000E+00  0.00000000000000E+00  0.00000000000000E+00  0.00000000000000E+00  0.00000000000000E+00  0.00000000000000E+00  0.00000000000000E+00
  -0.19209313537555E+06  0.58994630240538E+05 -0.63104739907850E+04 -0.10955574416773E+05  0.26629260076352E+04  0.38466445740775E+03 -0.91411521059664E+03 -0.50058398937278E+04  0.59433080906989E+03  0.45187601400571E+03 -0.34389913168034E+02 -0.14083146933743E+00 -0.10092545101471E+00  0.00000000000000E+00  0.38378312699535E+03 -0.10402151757405E+03  0.13489767690030E+03  0.18696684269018E+03  0.16602759856566E+06  0.00000000000000E+00  0.00000000000000E+00  0.00000000000000E+00  0.00000000000000E+00  0.19887263091651E+04  0.33484228305683E+04  0.15234147615813E+05  0.79371288068192E+04  0.00000000000000E+00  0.00000000000000E+00  0.00000000000000E+00  0.00000000000000E+00  0.00000000000000E+00  0.00000000000000E+00  0.00000000000000E+00  0.00000000000000E+00  0.10765410684295E+06  0.00000000000000E+00  0.00000000000000E+00  0.00000000000000E+00  0.00000000000000E+00  0.00000000000000E+00  0.00000000000000E+00  0.00000000000000E+00
  -0.20999603660321E+06  0.63922580205013E+05 -0.68962490215733E+04 -0.47467775678792E+05  0.11420281334003E+05  0.14270190697125E+04 -0.41041581554604E+04 -0.97021159929216E+04  0.11590534936727E+04  0.84843438545764E+03 -0.66777488447586E+02  0.15059449262652E-09 -0.52781009890592E-12  0.45917229175501E-14  0.63988286790984E+03 -0.17088170203026E+03  0.25422140901408E+03  0.32798200611017E+03  0.69924417448209E+06  0.57605664876539E+04  0.28879341388641E+04  0.14852257048788E+04  0.78203595408574E+03  0.31803794190210E+04  0.52495590224786E+04  0.24467307851836E+05  0.12957964513754E+05  0.00000000000000E+00  0.00000000000000E+00  0.00000000000000E+00  0.00000000000000E+00  0.00000000000000E+00  0.00000000000000E+00  0.00000000000000E+00  0.00000000000000E+00  0.00000000000000E+00  0.13802562768330E+06  0.00000000000000E+00  0.00000000000000E+00  0.00000000000000E+00  0.00000000000000E+00  0.00000000000000E+00  0.00000000000000E+00
