# fitpack15: fit parameters                                                                         
# CJ15 AV18 final data choices                                                                      
# Created on 01/21/2020 at 16:04:40                                                                 

 # QCD setup
  INS                           0
  NVL                          11
  IORD                          1
  Q02                   1.6899999999999999     
  IPARAMC                       7
  FLAVOR                4.0000000000000000     
  xmc                   1.3000000000000000     
  xmb                   4.5000000000000000     
  ncb                          12
  ihq                           1
  ias                           0

 # Theory corrections
  inuke                     10814
  itmc                          1
  iht                           1

 # fit parameters
 LAMBDA       0.22680        0.0000    
 a0uv          2.4066        0.0000    
 a1uv         0.61536        0.0000    
 a2uv          3.5433        0.0000    
 a3uv          0.0000        0.0000    
 a4uv          3.4611        0.0000    
 a5uv          0.0000        0.0000    
 a0dv          24.683        0.0000    
 a1dv          1.1595        0.0000    
 a2dv          6.5513        0.0000    
 a3dv         -3.5030        0.0000    
 a4dv          4.6787        0.0000    
 a5dv          0.0000        0.0000    
 a0ud         0.14658        0.0000    
 a1ud        -0.20775        0.0000    
 a2ud          8.3284        0.0000    
 a3ud          0.0000        0.0000    
 a4ud          14.605        0.0000    
 a5ud          0.0000        0.0000    
 a0du          35712.        0.0000    
 a1du          4.0249        0.0000    
 a2du          20.151        0.0000    
 a3du          17.000        0.0000    
 a4du          51.146        0.0000    
 a0g           45.543        0.0000    
 a1g          0.60308        0.0000    
 a2g           6.4818        0.0000    
 a3g          -3.3064        0.0000    
 a4g           3.1722        0.0000    
 a5g           0.0000        0.0000    
 kappa        0.40000        0.0000    
 a6dv        -0.36021E-02    0.0000    
 a7dv          2.0000        0.0000    
 off1         -3.6857        0.0000    
 off2         0.57500E-01    0.0000    
 ht1          -3.3378       0.18656    
 ht2           1.9585       0.68420E-01
 ht3          -2.0633       0.16721E-01
 ht4           0.0000        0.0000    
 ht1n         -3.4717       0.62103    
 ht2n          1.9584       0.20711    
 ht3n         -2.0779       0.23535E-01
 ht4n          0.0000        0.0000    
 dummy44       0.0000        0.0000    
 dummy45       0.0000        0.0000    
 dummy46       0.0000        0.0000    
 dummy47       0.0000        0.0000    
 dummy48       0.0000        0.0000    
 dummy49       0.0000        0.0000    
 bcdmsh2      0.97308        0.0000    
 bcdmsd2      0.99316        0.0000    
 ccfr          1.0000        0.0000    
 nutev         1.0000        0.0000    
 zeus         0.97998        0.0000    
 h1            1.0162        0.0000    
 e605          1.0319        0.0000    
 NmcH2         1.0095        0.0000    
 ntv_nu        1.0000        0.0000    
 ntv_nubar     1.0000        0.0000    
 cdf_jet      0.98910        0.0000    
 d0_jet       0.83504        0.0000    
 slac_p        1.0049        0.0000    
 slac_d        1.0042        0.0000    
 e866pp       0.96583        0.0000    
 e866pd       0.96371        0.0000    
 d0_gamjet     1.0389        0.0000    
 h1b          0.97608        0.0000    
 jlab_p       0.99444        0.0000    
 jlab_d       0.97554        0.0000    
 blank         1.0000        0.0000    
 d0run2       0.94085        0.0000    
 cdfrun2      0.92648        0.0000    
 HERA_el       1.0000        0.0000    
 HERA_ps       1.0000        0.0000    
 CDF_Z        0.96582        0.0000    
 NmcRat        1.0000        0.0000    
 BNS_F2nd     0.98315        0.0000    
 HERMES_F2p   0.99833        0.0000    
 HERMES_F2d   0.98039        0.0000    
 END 0. 0.

 # Hessian matrix (Bevington alpha)
   0.21026097720836E+04  0.57829184586785E+04  0.15462131755151E+05  0.60203714122124E+03  0.20832149724835E+04  0.10649412225494E+05
   0.57829184586785E+04  0.16440810546767E+05  0.42855287933267E+05  0.16979414963245E+04  0.59406723137349E+04  0.30464090874965E+05
   0.15462131755151E+05  0.42855287933267E+05  0.12326822750747E+06  0.45660077871174E+04  0.16054212361066E+05  0.83857881871804E+05
   0.60203714122124E+03  0.16979414963245E+04  0.45660077871174E+04  0.19808908451358E+03  0.67944618230126E+03  0.32466869543754E+04
   0.20832149724835E+04  0.59406723137349E+04  0.16054212361066E+05  0.67944618230126E+03  0.23755111394882E+04  0.11467153473423E+05
   0.10649412225494E+05  0.30464090874965E+05  0.83857881871804E+05  0.32466869543754E+04  0.11467153473423E+05  0.60911558814984E+05

 # Covariance matrix (Bevington epsilon)
   0.34804254294892E-01 -0.11205428578697E-01 -0.21890517752460E-02 -0.58047989914412E-01  0.19015682885055E-01  0.20471563767346E-02
  -0.11205428578697E-01  0.46812868675587E-02  0.61407893044172E-03  0.16144862350376E-01 -0.62276768722656E-02 -0.91573532901343E-03
  -0.21890517752460E-02  0.61407893044172E-03  0.27959088928420E-03  0.34082505896967E-02 -0.12085423276611E-02 -0.26346598344329E-03
  -0.58047989914412E-01  0.16144862350376E-01  0.34082505896967E-02  0.38567377969671E+00 -0.11994375550210E+00 -0.59461345359423E-03
   0.19015682885055E-01 -0.62276768722656E-02 -0.12085423276611E-02 -0.11994375550210E+00  0.42896003827674E-01 -0.22844210815205E-03
   0.20471563767346E-02 -0.91573532901343E-03 -0.26346598344329E-03 -0.59461345359422E-03 -0.22844210815205E-03  0.55391516100494E-03
