# fitpack15: fit parameters                                                                         
# CJ15 AV18 final data choices                                                                      
# Created on 05/25/2020 at 05:07:39                                                                 

 # QCD setup
  INS                           0
  NVL                          11
  IORD                          1
  Q02                   1.6899999999999999     
  IPARAMC                       7
  FLAVOR                4.0000000000000000     
  xmc                   1.3000000000000000     
  xmb                   4.5000000000000000     
  ncb                          12
  ihq                           1
  ias                           0

 # Theory corrections
  inuke                     10813
  itmc                          1
  iht                           1

 # fit parameters
 LAMBDA       0.22680        0.0000    
 a0uv          2.3235        0.0000    
 a1uv         0.60717       0.20350E-01
 a2uv          3.5357       0.12173E-01
 a3uv          0.0000        0.0000    
 a4uv          3.6073       0.45304    
 a5uv          0.0000        0.0000    
 a0dv          25.233        0.0000    
 a1dv          1.1625       0.32815E-01
 a2dv          6.5815       0.15662    
 a3dv         -3.5297       0.83550E-01
 a4dv          4.7117       0.14055    
 a5dv          0.0000        0.0000    
 a0ud         0.14607       0.50319E-02
 a1ud        -0.20804       0.37670E-02
 a2ud          8.2986       0.19085    
 a3ud          0.0000        0.0000    
 a4ud          14.651        1.2267    
 a5ud          0.0000        0.0000    
 a0du          35712.        0.0000    
 a1du          4.0233       0.73483E-01
 a2du          19.766       0.83098    
 a3du          17.000        0.0000    
 a4du          50.316        10.572    
 a0g           46.629        0.0000    
 a1g          0.60710       0.33138E-01
 a2g           6.9856        1.0156    
 a3g          -3.3295       0.15592    
 a4g           3.3267       0.38692    
 a5g           0.0000        0.0000    
 kappa        0.40000        0.0000    
 a6dv        -0.37413E-02   0.63446E-03
 a7dv          2.0000        0.0000    
 off1         -7.8471        1.6520    
 off2         0.42607E-01   0.17140E-01
 ht1          -3.2860       0.27208    
 ht2           2.0336       0.10928    
 ht3          -2.0279       0.16720E-01
 ht4           0.0000        0.0000    
 dummy40       0.0000        0.0000    
 dummy41       0.0000        0.0000    
 dummy42       0.0000        0.0000    
 dummy43       0.0000        0.0000    
 dummy44       0.0000        0.0000    
 dummy45       0.0000        0.0000    
 dummy46       0.0000        0.0000    
 dummy47       0.0000        0.0000    
 dummy48       0.0000        0.0000    
 dummy49       0.0000        0.0000    
 bcdmsh2      0.97215       0.48375E-02
 bcdmsd2      0.99187       0.58332E-02
 ccfr          1.0000        0.0000    
 nutev         1.0000        0.0000    
 zeus         0.97998        0.0000    
 h1            1.0162        0.0000    
 e605          1.0319        0.0000    
 NmcH2         1.0085       0.71214E-02
 ntv_nu        1.0000        0.0000    
 ntv_nubar     1.0000        0.0000    
 cdf_jet      0.98910        0.0000    
 d0_jet       0.83504        0.0000    
 slac_p        1.0045       0.48076E-02
 slac_d        1.0045       0.52750E-02
 e866pp       0.96557       0.19398E-01
 e866pd       0.96602       0.16060E-01
 d0_gamjet     1.0381       0.16480E-01
 h1b          0.97608        0.0000    
 jlab_p       0.98893       0.57112E-02
 jlab_d       0.97347       0.58911E-02
 blank         1.0000        0.0000    
 d0run2       0.94095       0.14082E-01
 cdfrun2      0.92727       0.17241E-01
 HERA_el       1.0000        0.0000    
 HERA_ps       1.0000        0.0000    
 CDF_Z        0.96487       0.66743E-02
 NmcRat        1.0000        0.0000    
 BNS_F2nd     0.98487       0.72722E-02
 HERMES_F2p   0.99841       0.55723E-02
 HERMES_F2d   0.98054       0.58185E-02
 END 0. 0.

 # Hessian matrix (Bevington alpha)
   0.49334274421256E+07 -0.12952515441119E+07  0.22830037501117E+06  0.48329620706360E+06 -0.12512920055280E+06 -0.25915844599366E+05  0.53787691715936E+05  0.91461268447165E+06 -0.17506513830496E+06 -0.48931607234549E+05  0.74050203190815E+04  0.16507397728361E+05  0.18959294466155E+04 -0.11401032700369E+03  0.74192444935604E+04 -0.18124022374156E+04  0.84600069353684E+04  0.63002007003221E+04 -0.76337971177350E+07 -0.18608307725109E+04 -0.65902428696921E+06  0.11089416180157E+06  0.31153343381634E+06  0.12543832008430E+07 -0.12797134707972E+06 -0.54321574990452E+05 -0.44945665664738E+04 -0.84183818696761E+06 -0.10890893251258E+07 -0.20667228460863E+05 -0.46494365915592E+05 -0.31000359142875E+04 -0.20021102426486E+06 -0.22529632477023E+06 -0.91814911861037E+04 -0.32433339344584E+04 -0.15244071559862E+05  0.16614353171452E+05 -0.71103535504366E+05 -0.56101376651875E+05
  -0.12952515441119E+07  0.41470617992832E+06 -0.61877551340252E+05 -0.13540262201866E+06  0.34694212180771E+05  0.96956651829500E+04 -0.11701279637683E+05 -0.12206060833570E+06  0.26423298191513E+05  0.75351848641791E+04 -0.93420749564530E+03 -0.13356114087724E+04 -0.15927218977460E+03  0.13708106307346E+02  0.63968583453468E+03 -0.49132399483658E+02  0.14623256319102E+03  0.75580719340903E+02  0.26156301935329E+07  0.67506347731341E+03  0.18618503928729E+06 -0.26885303675493E+05 -0.78210996248279E+05 -0.33594512163273E+06  0.16648066256872E+05  0.82438801031604E+04 -0.23459869220287E+03  0.20914119091478E+06  0.26366035219023E+06  0.58214375615075E+04  0.13227703602871E+05  0.42193399457543E+03  0.63750699130196E+05  0.71326487323375E+05  0.24810267149277E+04  0.78585036407381E+03 -0.23683188196223E+04 -0.22165610152696E+04  0.85449953747932E+04  0.71726100153884E+04
   0.22830037501117E+06 -0.61877551340252E+05  0.10676278806595E+05  0.22528738379467E+05 -0.59286668328818E+04 -0.14500097934305E+04  0.24239503287732E+04  0.31148496014588E+05 -0.58123343835362E+04 -0.19656478264943E+04  0.25615720310791E+03  0.50877251912510E+03  0.67656983971601E+02 -0.50608336121968E+01 -0.39035923599219E+03  0.32245006878461E+01 -0.18798169522484E+03 -0.38287460316299E+02 -0.36815652916635E+06 -0.90775385447076E+02 -0.30936713522037E+05  0.50732354998735E+04  0.14249755354606E+05  0.58171745948486E+05 -0.54404758963805E+04 -0.23212354848535E+04  0.46705835435528E+02 -0.37988327383356E+05 -0.49315840136056E+05 -0.97721920411711E+03 -0.22070063835110E+04 -0.11648006012983E+03 -0.96788461838146E+04 -0.10857874566603E+05 -0.42561229709866E+03 -0.14794117786984E+03  0.39544290319154E+02  0.70681223157366E+03 -0.25174658981540E+04 -0.20399629225314E+04
   0.48329620706360E+06 -0.13540262201866E+06  0.22528738379467E+05  0.39566052687200E+06 -0.62046853411873E+05  0.75696801653591E+05  0.64750766932846E+05  0.34933343392046E+06 -0.25822987188270E+05 -0.18464759103167E+05  0.33692300430096E+04 -0.14328514338609E+04 -0.16258387049146E+03  0.59925450733394E+02  0.30317524533943E+05 -0.35963857130217E+04  0.23460052065457E+05  0.13263266107423E+05 -0.22626727341923E+07 -0.36457400677005E+03 -0.19296002029177E+06  0.36168348934723E+05  0.95726325432542E+05  0.39365492779040E+06 -0.12826490024985E+05 -0.21211815811506E+05 -0.60068430752508E+02 -0.65913274432327E+05 -0.34045732427739E+06 -0.14357453494391E+04 -0.24874970548645E+04 -0.73443011704908E+02 -0.11811366717616E+05 -0.52579745391977E+05 -0.25243304029321E+04 -0.98239062025228E+03 -0.94893915907611E+04 -0.15644642076881E+05 -0.72037475090521E+04 -0.21311621414891E+05
  -0.12512920055280E+06  0.34694212180771E+05 -0.59286668328818E+04 -0.62046853411873E+05  0.11528301820158E+05 -0.77654183704431E+04 -0.93423580158075E+04 -0.32579773621907E+05  0.38762932101837E+03  0.24088321884458E+04 -0.34165009137483E+03 -0.41128692228484E+02  0.47558613010810E+01 -0.53793424388617E+01 -0.25627727821551E+04  0.30725258655995E+03 -0.19380261968731E+04 -0.11085921655726E+04  0.49212546550944E+06  0.96218915197004E+02  0.39674420240436E+05 -0.68897958086437E+04 -0.18206744905050E+05 -0.77071440647743E+05  0.20037854477566E+04  0.33717063822769E+04 -0.57094299765763E+02  0.11863152821169E+05  0.62433537063444E+05  0.34043439950242E+03  0.57011325945834E+03  0.94313682069439E+01  0.29578103784911E+04  0.12966213837100E+05  0.47980465991319E+03  0.17782006343731E+03  0.33597664101238E+03  0.24793463538913E+04  0.81620826229066E+03  0.25060969935668E+04
  -0.25915844599366E+05  0.96956651829500E+04 -0.14500097934305E+04  0.75696801653591E+05 -0.77654183704431E+04  0.24867652538484E+05  0.14981530640089E+05  0.10734370376529E+06 -0.97194324977615E+04 -0.46776010714635E+04  0.10160563905579E+04 -0.75760238727006E+03 -0.73736496101384E+02  0.20551422753835E+02  0.93395212952507E+04 -0.11392019640761E+04  0.73090188533007E+04  0.41955530392702E+04 -0.58455185746176E+05  0.39007809786678E+02 -0.13918006092363E+05  0.39673242733350E+04  0.10451159664261E+05  0.36852293657798E+05 -0.28246296046888E+04 -0.43108325401411E+04  0.15857846642315E+03 -0.88032286827577E+04 -0.43123714605205E+05  0.38321793082663E+01 -0.23542035879488E+02 -0.19625696168103E+02  0.40198754683293E+03  0.14460611848066E+04 -0.26822346561549E+03 -0.13617494102678E+03 -0.30860339229710E+04 -0.33692138681723E+04 -0.18707717425124E+04 -0.53865021532679E+04
   0.53787691715936E+05 -0.11701279637683E+05  0.24239503287732E+04  0.64750766932846E+05 -0.93423580158075E+04  0.14981530640089E+05  0.11669388788343E+05  0.59492790238362E+05 -0.31396582817768E+04 -0.33375563211308E+04  0.59354148815386E+03 -0.23254879991238E+03 -0.29095736605169E+02  0.10798950384934E+02  0.47974163179728E+04 -0.59121683246462E+03  0.36600805228769E+04  0.21243388680322E+04 -0.24955550918856E+06 -0.23322957258015E+02 -0.26217288971542E+05  0.53547964648925E+04  0.14038471745299E+05  0.55383193320647E+05 -0.25136300373449E+04 -0.39257723913873E+04  0.13960080009702E+03 -0.10073131354168E+05 -0.52250059936514E+05 -0.17020919314234E+03 -0.28512454472812E+03 -0.13758483432657E+02 -0.10434464960721E+04 -0.47777699412761E+04 -0.37330405405293E+03 -0.15738083555352E+03 -0.12954801917364E+04 -0.31629918754375E+04 -0.11578728413620E+04 -0.34444240423551E+04
   0.91461268447165E+06 -0.12206060833570E+06  0.31148496014588E+05  0.34933343392046E+06 -0.32579773621907E+05  0.10734370376529E+06  0.59492790238362E+05  0.50077127148097E+07 -0.23183424893718E+07 -0.85874915814457E+05  0.25942234930881E+05  0.28352158139461E+05  0.19093976501884E+04  0.10945547175327E+03  0.82546148653180E+05 -0.10331989224719E+05  0.73630531926225E+05  0.40288167870371E+05 -0.58468880292739E+06  0.28119847495371E+03 -0.90257723520003E+05  0.48064746137033E+05  0.13554465367196E+06  0.45659740971543E+06 -0.60699983473337E+05 -0.48936726165280E+05 -0.67071083776934E+05 -0.28307534852664E+06 -0.56096021730571E+06 -0.72686151210538E+05 -0.16238445353351E+06 -0.13159862331544E+04 -0.57886608709981E+04 -0.11162023862779E+05  0.11575082487751E+02  0.15454635460963E+03 -0.26362974209994E+06 -0.89903122676005E+04 -0.13727341804483E+06 -0.17088016011594E+06
  -0.17506513830496E+06  0.26423298191513E+05 -0.58123343835362E+04 -0.25822987188270E+05  0.38762932101837E+03 -0.97194324977615E+04 -0.31396582817768E+04 -0.23183424893718E+07  0.19267550143543E+07  0.19057326099330E+05 -0.65130321280215E+04 -0.60597300759395E+04 -0.33308723596725E+03 -0.15452835745560E+02  0.49646832291297E+05 -0.23163535022138E+04  0.15293105113313E+05  0.73559827739560E+04 -0.27977069836684E+05 -0.86642534472444E+02  0.27374903042701E+04 -0.98523635575913E+04 -0.28593566260357E+05 -0.92484350756755E+05  0.11427412855796E+05  0.10854213307812E+05  0.24141055309062E+05  0.65773322719318E+05  0.12605705120418E+06  0.23132429606777E+05  0.51744452790881E+05  0.17351897255894E+03  0.60646498291707E+03  0.12035726349380E+04 -0.11814640543107E+04 -0.66712591628538E+03  0.11187615201349E+06  0.16593626721253E+04  0.44191172935705E+05  0.54411821924149E+05
  -0.48931607234549E+05  0.75351848641791E+04 -0.19656478264943E+04 -0.18464759103167E+05  0.24088321884458E+04 -0.46776010714635E+04 -0.33375563211308E+04 -0.85874915814457E+05  0.19057326099330E+05  0.26644686125396E+04 -0.64156723525483E+03 -0.73123993869816E+03 -0.65028009364704E+02 -0.20712766245746E+01 -0.39557928167668E+04  0.47051317524466E+03 -0.30744486261377E+04 -0.17531964327013E+04  0.58565799043600E+05 -0.14746414890216E+01  0.78982307285505E+04 -0.22017506692149E+04 -0.59845010029288E+04 -0.21452373246241E+05  0.27454660210325E+04  0.19070946081528E+04  0.72704192069180E+03  0.11014738652284E+05  0.23039171331238E+05  0.15278040985414E+04  0.33455250574446E+04  0.42769863122181E+02  0.58986952677212E+03  0.11029219897033E+04  0.13732594936103E+03  0.60989927387967E+02  0.31031614631636E+04  0.45521610752907E+03  0.27883604719671E+04  0.35633084301037E+04
   0.74050203190815E+04 -0.93420749564530E+03  0.25615720310791E+03  0.33692300430096E+04 -0.34165009137483E+03  0.10160563905579E+04  0.59354148815386E+03  0.25942234930881E+05 -0.65130321280215E+04 -0.64156723525483E+03  0.18028130416751E+03  0.21511964264060E+03  0.15724665254800E+02  0.79268849812277E+00  0.12561628548259E+04 -0.13639497413587E+03  0.94255501292102E+03  0.51768367321303E+03 -0.65925850352464E+04  0.18334106874633E+01 -0.90968054404518E+03  0.37039792875494E+03  0.10341510278979E+04  0.35295068504351E+04 -0.48460367231590E+03 -0.36679966691952E+03 -0.34063063642504E+03 -0.20808449892947E+04 -0.41774715387272E+04 -0.44161842593973E+03 -0.98747097757222E+03 -0.11019482488563E+02 -0.50204891690554E+02 -0.96595868200077E+02 -0.15653312026469E+02 -0.73055897006285E+01 -0.11605473869044E+04 -0.71669277994468E+02 -0.83235753217262E+03 -0.10451738035180E+04
   0.16507397728361E+05 -0.13356114087724E+04  0.50877251912510E+03 -0.14328514338609E+04 -0.41128692228484E+02 -0.75760238727006E+03 -0.23254879991238E+03  0.28352158139461E+05 -0.60597300759395E+04 -0.73123993869816E+03  0.21511964264060E+03  0.19786313588940E+04  0.12972135746120E+03 -0.95103761413076E+00  0.15514471744733E+04 -0.21058103199837E+03  0.14516518537043E+04  0.84617499976618E+03 -0.72671632425802E+04 -0.55163138573484E+01 -0.37584184566217E+03 -0.11109823996592E+03 -0.13397707199906E+03 -0.19482815969272E+04 -0.12439085747096E+04 -0.31173895182172E-10 -0.79688964104995E+03 -0.55340098847084E+04 -0.81126068484981E-09 -0.26289797159699E+04 -0.82530037508401E+02 -0.86886948279109E+02 -0.28786973369221E+00 -0.10263931082761E-09 -0.19283981100790E+01 -0.82508653292417E+00  0.32541558434912E+03  0.35406648951978E+03 -0.29903208226886E+04 -0.43285208049573E-10
   0.18959294466155E+04 -0.15927218977460E+03  0.67656983971601E+02 -0.16258387049146E+03  0.47558613010810E+01 -0.73736496101384E+02 -0.29095736605169E+02  0.19093976501884E+04 -0.33308723596725E+03 -0.65028009364704E+02  0.15724665254800E+02  0.12972135746120E+03  0.11776463877713E+02 -0.19434283004684E+00  0.84215936237706E+02 -0.13803165851220E+02  0.84242469110076E+02  0.53644497796642E+02 -0.34730622343237E+03 -0.41757856644458E+00  0.22072480088186E+02 -0.65562422129089E+01 -0.17313862940486E+01 -0.16790933537518E+03 -0.18654089026532E+03  0.44871111393013E-11 -0.30777724587610E+02 -0.66103674283130E+03 -0.51797888261036E-10 -0.16444941465571E+03 -0.22118222856501E+02 -0.70467785393846E+01 -0.20877440756362E+00  0.13218841495156E-12 -0.20606290822131E+00 -0.79589124494312E-01  0.32305082279902E+02  0.80144535338848E+02 -0.21551066594038E+03 -0.21800071985243E-11
  -0.11401032700369E+03  0.13708106307346E+02 -0.50608336121968E+01  0.59925450733394E+02 -0.53793424388617E+01  0.20551422753835E+02  0.10798950384934E+02  0.10945547175327E+03 -0.15452835745560E+02 -0.20712766245746E+01  0.79268849812277E+00 -0.95103761413076E+00 -0.19434283004684E+00  0.60795771775879E-01  0.15965833000604E+02 -0.12351999438973E+01  0.93797353314346E+01  0.44782877438244E+01 -0.89313746647397E+02  0.12592275390979E-01 -0.15161958779465E+02  0.76288475723178E+00  0.19309996015666E+01  0.89850199527883E+01  0.74969506492812E-01  0.54340268808385E-13 -0.69189680317038E+01 -0.10382446361229E+01 -0.49276770350170E-11 -0.41146066561517E+01 -0.32224715733218E-04 -0.16267466015031E+00  0.14679283411033E-12 -0.28889601154064E-12 -0.19915054905755E-02 -0.10903124102887E-02 -0.15925560317350E+01  0.10630960302317E-03 -0.38551591520370E+01  0.21671576887762E-12
   0.74192444935604E+04  0.63968583453468E+03 -0.39035923599219E+03  0.30317524533943E+05 -0.25627727821551E+04  0.93395212952507E+04  0.47974163179728E+04  0.82546148653180E+05  0.49646832291297E+05 -0.39557928167668E+04  0.12561628548259E+04  0.15514471744733E+04  0.84215936237706E+02  0.15965833000604E+02  0.48551312512544E+05 -0.44055747333614E+04  0.31133760720399E+05  0.16327336932867E+05 -0.55578785670154E+05  0.37899914795722E+01  0.23821772313394E+04 -0.30797695155577E+03 -0.85147497810369E+03 -0.23828436347129E+04 -0.25378558461919E+04 -0.16620304694187E+04 -0.24586158455133E+04  0.20373706294520E+04  0.43158755703547E+04 -0.15162135032251E+04 -0.29309100069321E+04 -0.71376620151317E+03  0.19747156364678E+03  0.35593874167444E+03 -0.27614553332467E+04 -0.14810476904532E+04 -0.25242176446138E+04  0.18257881622015E+03 -0.82771890739168E+03 -0.92286636543611E+03
  -0.18124022374156E+04 -0.49132399483658E+02  0.32245006878461E+01 -0.35963857130217E+04  0.30725258655995E+03 -0.11392019640761E+04 -0.59121683246462E+03 -0.10331989224719E+05 -0.23163535022138E+04  0.47051317524466E+03 -0.13639497413587E+03 -0.21058103199837E+03 -0.13803165851220E+02 -0.12351999438973E+01 -0.44055747333614E+04  0.46414942158298E+03 -0.32018653203311E+04 -0.17488073821085E+04  0.63633608826344E+04 -0.10187636988481E+01 -0.34828405398217E+03  0.35371730805773E+02  0.90569635286278E+02  0.26763303384000E+03  0.45719059645965E+03  0.28539611775425E+03  0.28034999403776E+03 -0.17429783360635E+03 -0.50112467317564E+03  0.15329628339204E+03  0.29611327775589E+03  0.77193941817841E+02 -0.52119662817627E+02 -0.92790781219807E+02  0.40725335589551E+03  0.20387937219762E+03 -0.26434754164693E+03 -0.32442502383029E+02  0.23259029367865E+03  0.25884875847685E+03
   0.84600069353684E+04  0.14623256319102E+03 -0.18798169522484E+03  0.23460052065457E+05 -0.19380261968731E+04  0.73090188533007E+04  0.36600805228769E+04  0.73630531926225E+05  0.15293105113313E+05 -0.30744486261377E+04  0.94255501292102E+03  0.14516518537043E+04  0.84242469110076E+02  0.93797353314346E+01  0.31133760720399E+05 -0.32018653203311E+04  0.22493435743725E+05  0.12136882281065E+05 -0.43174004481036E+05  0.22543081015132E+01  0.21595211946739E+04 -0.29578372853173E+03 -0.80399840103823E+03 -0.21859580545978E+04 -0.21342507364071E+04 -0.13826764187032E+04 -0.22196576395718E+04  0.19041399069811E+04  0.39049580299579E+04 -0.11469772028856E+04 -0.22250292122560E+04 -0.53196946926661E+03  0.52573483388019E+02  0.10295660916702E+03 -0.22022165314365E+04 -0.11974128016330E+04  0.83169148205391E+03  0.17807836552965E+03 -0.13228086520998E+04 -0.14601356156535E+04
   0.63002007003221E+04  0.75580719340903E+02 -0.38287460316299E+02  0.13263266107423E+05 -0.11085921655726E+04  0.41955530392702E+04  0.21243388680322E+04  0.40288167870371E+05  0.73559827739560E+04 -0.17531964327013E+04  0.51768367321303E+03  0.84617499976618E+03  0.53644497796642E+02  0.44782877438244E+01  0.16327336932867E+05 -0.17488073821085E+04  0.12136882281065E+05  0.66433820388437E+04 -0.24254881780993E+05  0.24532910370085E+01  0.13384579828692E+04 -0.16607254315831E+03 -0.43357116176673E+03 -0.12043659869456E+04 -0.15329578837643E+04 -0.96181363555461E+03 -0.11320553851103E+04  0.91663918724664E+03  0.21901174853554E+04 -0.58596655636334E+03 -0.11392135835013E+04 -0.29573985268353E+03  0.77866762862501E+02  0.14463809569459E+03 -0.14325780514627E+04 -0.74804835317519E+03  0.11065112269043E+04  0.12910239584859E+03 -0.95556310357919E+03 -0.10560443352625E+04
  -0.76337971177350E+07  0.26156301935329E+07 -0.36815652916635E+06 -0.22626727341923E+07  0.49212546550944E+06 -0.58455185746176E+05 -0.24955550918856E+06 -0.58468880292739E+06 -0.27977069836684E+05  0.58565799043600E+05 -0.65925850352464E+04 -0.72671632425802E+04 -0.34730622343237E+03 -0.89313746647397E+02 -0.55578785670154E+05  0.63633608826344E+04 -0.43174004481036E+05 -0.24254881780993E+05  0.34062502389507E+08  0.78400239216103E+04  0.21077219816708E+07 -0.32032272450894E+06 -0.87969128411432E+06 -0.39262182996816E+07  0.34627346427231E+05  0.77037665957302E+05 -0.12237977893443E+04  0.57196830646313E+06  0.27912547756260E+07  0.18186118602792E+05  0.31891436006602E+05  0.23021512603060E+03  0.18687280312678E+06  0.81488662636855E+06  0.25196717154125E+05  0.79343467404962E+04 -0.19215695061174E+05  0.44591025267438E+05  0.20832416620560E+05  0.64173434224675E+05
  -0.18608307725109E+04  0.67506347731341E+03 -0.90775385447076E+02 -0.36457400677005E+03  0.96218915197004E+02  0.39007809786678E+02 -0.23322957258015E+02  0.28119847495371E+03 -0.86642534472444E+02 -0.14746414890216E+01  0.18334106874633E+01 -0.55163138573484E+01 -0.41757856644458E+00  0.12592275390979E-01  0.37899914795722E+01 -0.10187636988481E+01  0.22543081015132E+01  0.24532910370085E+01  0.78400239216103E+04  0.28135545231203E+01  0.61115939112957E+03 -0.86036737191251E+02 -0.23338200576589E+03 -0.10848459162891E+04  0.00000000000000E+00 -0.88740630402102E+01  0.00000000000000E+00  0.00000000000000E+00  0.68898801660782E+03  0.00000000000000E+00 -0.10091792504926E+02  0.00000000000000E+00  0.00000000000000E+00  0.26662403171681E+03  0.00000000000000E+00  0.00000000000000E+00  0.00000000000000E+00 -0.75070691728725E+00  0.00000000000000E+00 -0.14140949790502E+02
  -0.65902428696921E+06  0.18618503928729E+06 -0.30936713522037E+05 -0.19296002029177E+06  0.39674420240436E+05 -0.13918006092363E+05 -0.26217288971542E+05 -0.90257723520003E+05  0.27374903042701E+04  0.78982307285505E+04 -0.90968054404518E+03 -0.37584184566217E+03  0.22072480088186E+02 -0.15161958779465E+02  0.23821772313394E+04 -0.34828405398217E+03  0.21595211946739E+04  0.13384579828692E+04  0.21077219816708E+07  0.61115939112957E+03  0.25427859887536E+06 -0.42814902575120E+05 -0.11273220626656E+06 -0.48902581664761E+06  0.00000000000000E+00  0.16036165282067E+05  0.00000000000000E+00  0.00000000000000E+00  0.35949134876834E+06  0.00000000000000E+00 -0.35265953863617E+04  0.00000000000000E+00  0.00000000000000E+00  0.72074707158620E+05  0.00000000000000E+00  0.00000000000000E+00  0.00000000000000E+00 -0.13569481981895E+05  0.00000000000000E+00  0.13171079001646E+05
   0.11089416180157E+06 -0.26885303675493E+05  0.50732354998735E+04  0.36168348934723E+05 -0.68897958086437E+04  0.39673242733350E+04  0.53547964648925E+04  0.48064746137033E+05 -0.98523635575913E+04 -0.22017506692149E+04  0.37039792875494E+03 -0.11109823996592E+03 -0.65562422129089E+01  0.76288475723178E+00 -0.30797695155577E+03  0.35371730805773E+02 -0.29578372853173E+03 -0.16607254315831E+03 -0.32032272450894E+06 -0.86036737191251E+02 -0.42814902575120E+05  0.82943746777738E+04  0.21654089933192E+05  0.91318423085066E+05 -0.50343262889062E+02 -0.38562097509027E+04  0.38383456554870E+01  0.27703164486103E+03 -0.72616866661726E+05  0.00000000000000E+00 -0.45378567910991E+03  0.00000000000000E+00  0.20257468376777E+04 -0.10296482312590E+05  0.00000000000000E+00  0.00000000000000E+00  0.00000000000000E+00  0.27137936885459E+04 -0.34518978135446E+03 -0.49140028827178E+04
   0.31153343381634E+06 -0.78210996248279E+05  0.14249755354606E+05  0.95726325432542E+05 -0.18206744905050E+05  0.10451159664261E+05  0.14038471745299E+05  0.13554465367196E+06 -0.28593566260357E+05 -0.59845010029288E+04  0.10341510278979E+04 -0.13397707199906E+03 -0.17313862940486E+01  0.19309996015666E+01 -0.85147497810369E+03  0.90569635286278E+02 -0.80399840103823E+03 -0.43357116176673E+03 -0.87969128411432E+06 -0.23338200576589E+03 -0.11273220626656E+06  0.21654089933192E+05  0.57033578606478E+05  0.23945991408920E+06 -0.15422547783840E+03 -0.96541318596414E+04 -0.25902439949847E+02 -0.63817362372952E+04 -0.19154800066762E+06  0.00000000000000E+00 -0.11325322011060E+04  0.00000000000000E+00  0.27752050112836E+04 -0.28725825914228E+05  0.00000000000000E+00  0.00000000000000E+00  0.00000000000000E+00  0.67964430298072E+04 -0.18300871694328E+04 -0.13272582474950E+05
   0.12543832008430E+07 -0.33594512163273E+06  0.58171745948486E+05  0.39365492779040E+06 -0.77071440647743E+05  0.36852293657798E+05  0.55383193320647E+05  0.45659740971543E+06 -0.92484350756755E+05 -0.21452373246241E+05  0.35295068504351E+04 -0.19482815969272E+04 -0.16790933537518E+03  0.89850199527883E+01 -0.23828436347129E+04  0.26763303384000E+03 -0.21859580545978E+04 -0.12043659869456E+04 -0.39262182996816E+07 -0.10848459162891E+04 -0.48902581664761E+06  0.91318423085066E+05  0.23945991408920E+06  0.10309098117600E+07  0.22856684904156E+03 -0.44605733920347E+05 -0.46995686798902E+01  0.35474538082398E+05 -0.78476833539773E+06  0.00000000000000E+00 -0.53029143152907E+04  0.00000000000000E+00  0.15514228261068E+05 -0.13044550253237E+06  0.00000000000000E+00  0.00000000000000E+00  0.00000000000000E+00  0.31939511283100E+05  0.14251015041305E+04 -0.51691683681038E+05
  -0.12797134707972E+06  0.16648066256872E+05 -0.54404758963805E+04 -0.12826490024985E+05  0.20037854477566E+04 -0.28246296046888E+04 -0.25136300373449E+04 -0.60699983473337E+05  0.11427412855796E+05  0.27454660210325E+04 -0.48460367231590E+03 -0.12439085747096E+04 -0.18654089026532E+03  0.74969506492812E-01 -0.25378558461919E+04  0.45719059645965E+03 -0.21342507364071E+04 -0.15329578837643E+04  0.34627346427231E+05  0.00000000000000E+00  0.00000000000000E+00 -0.50343262889062E+02 -0.15422547783840E+03  0.22856684904156E+03  0.11646053636284E+06  0.00000000000000E+00  0.00000000000000E+00  0.00000000000000E+00  0.00000000000000E+00  0.00000000000000E+00  0.00000000000000E+00  0.00000000000000E+00  0.00000000000000E+00  0.00000000000000E+00  0.00000000000000E+00  0.00000000000000E+00  0.00000000000000E+00  0.00000000000000E+00  0.00000000000000E+00  0.00000000000000E+00
  -0.54321574990452E+05  0.82438801031604E+04 -0.23212354848535E+04 -0.21211815811506E+05  0.33717063822769E+04 -0.43108325401411E+04 -0.39257723913873E+04 -0.48936726165280E+05  0.10854213307812E+05  0.19070946081528E+04 -0.36679966691952E+03 -0.31173895182172E-10  0.44871111393013E-11  0.54340268808385E-13 -0.16620304694187E+04  0.28539611775425E+03 -0.13826764187032E+04 -0.96181363555461E+03  0.77037665957302E+05 -0.88740630402102E+01  0.16036165282067E+05 -0.38562097509027E+04 -0.96541318596414E+04 -0.44605733920347E+05  0.00000000000000E+00  0.64674524062194E+05  0.00000000000000E+00  0.00000000000000E+00  0.00000000000000E+00  0.00000000000000E+00  0.00000000000000E+00  0.00000000000000E+00  0.00000000000000E+00  0.00000000000000E+00  0.00000000000000E+00  0.00000000000000E+00  0.00000000000000E+00  0.00000000000000E+00  0.00000000000000E+00  0.00000000000000E+00
  -0.44945665664738E+04 -0.23459869220287E+03  0.46705835435528E+02 -0.60068430752508E+02 -0.57094299765763E+02  0.15857846642315E+03  0.13960080009702E+03 -0.67071083776934E+05  0.24141055309062E+05  0.72704192069180E+03 -0.34063063642504E+03 -0.79688964104995E+03 -0.30777724587610E+02 -0.69189680317038E+01 -0.24586158455133E+04  0.28034999403776E+03 -0.22196576395718E+04 -0.11320553851103E+04 -0.12237977893443E+04  0.00000000000000E+00  0.00000000000000E+00  0.38383456554870E+01 -0.25902439949847E+02 -0.46995686798902E+01  0.00000000000000E+00  0.00000000000000E+00  0.30699654638354E+05  0.00000000000000E+00  0.00000000000000E+00  0.00000000000000E+00  0.00000000000000E+00  0.00000000000000E+00  0.00000000000000E+00  0.00000000000000E+00  0.00000000000000E+00  0.00000000000000E+00  0.00000000000000E+00  0.00000000000000E+00  0.00000000000000E+00  0.00000000000000E+00
  -0.84183818696761E+06  0.20914119091478E+06 -0.37988327383356E+05 -0.65913274432327E+05  0.11863152821169E+05 -0.88032286827577E+04 -0.10073131354168E+05 -0.28307534852664E+06  0.65773322719318E+05  0.11014738652284E+05 -0.20808449892947E+04 -0.55340098847084E+04 -0.66103674283130E+03 -0.10382446361229E+01  0.20373706294520E+04 -0.17429783360635E+03  0.19041399069811E+04  0.91663918724664E+03  0.57196830646313E+06  0.00000000000000E+00  0.00000000000000E+00  0.27703164486103E+03 -0.63817362372952E+04  0.35474538082398E+05  0.00000000000000E+00  0.00000000000000E+00  0.00000000000000E+00  0.57782190703147E+06  0.00000000000000E+00  0.00000000000000E+00  0.00000000000000E+00  0.00000000000000E+00  0.00000000000000E+00  0.00000000000000E+00  0.00000000000000E+00  0.00000000000000E+00  0.00000000000000E+00  0.00000000000000E+00  0.00000000000000E+00  0.00000000000000E+00
  -0.10890893251258E+07  0.26366035219023E+06 -0.49315840136056E+05 -0.34045732427739E+06  0.62433537063444E+05 -0.43123714605205E+05 -0.52250059936514E+05 -0.56096021730571E+06  0.12605705120418E+06  0.23039171331238E+05 -0.41774715387272E+04 -0.81126068484981E-09 -0.51797888261036E-10 -0.49276770350170E-11  0.43158755703547E+04 -0.50112467317564E+03  0.39049580299579E+04  0.21901174853554E+04  0.27912547756260E+07  0.68898801660782E+03  0.35949134876834E+06 -0.72616866661726E+05 -0.19154800066762E+06 -0.78476833539773E+06  0.00000000000000E+00  0.00000000000000E+00  0.00000000000000E+00  0.00000000000000E+00  0.91607310975204E+06  0.00000000000000E+00  0.00000000000000E+00  0.00000000000000E+00  0.00000000000000E+00  0.00000000000000E+00  0.00000000000000E+00  0.00000000000000E+00  0.00000000000000E+00  0.00000000000000E+00  0.00000000000000E+00  0.00000000000000E+00
  -0.20667228460863E+05  0.58214375615075E+04 -0.97721920411711E+03 -0.14357453494391E+04  0.34043439950242E+03  0.38321793082663E+01 -0.17020919314234E+03 -0.72686151210538E+05  0.23132429606777E+05  0.15278040985414E+04 -0.44161842593973E+03 -0.26289797159699E+04 -0.16444941465571E+03 -0.41146066561517E+01 -0.15162135032251E+04  0.15329628339204E+03 -0.11469772028856E+04 -0.58596655636334E+03  0.18186118602792E+05  0.00000000000000E+00  0.00000000000000E+00  0.00000000000000E+00  0.00000000000000E+00  0.00000000000000E+00  0.00000000000000E+00  0.00000000000000E+00  0.00000000000000E+00  0.00000000000000E+00  0.00000000000000E+00  0.14770336393578E+05  0.00000000000000E+00  0.00000000000000E+00  0.00000000000000E+00  0.00000000000000E+00  0.00000000000000E+00  0.00000000000000E+00  0.00000000000000E+00  0.00000000000000E+00  0.00000000000000E+00  0.00000000000000E+00
  -0.46494365915592E+05  0.13227703602871E+05 -0.22070063835110E+04 -0.24874970548645E+04  0.57011325945834E+03 -0.23542035879488E+02 -0.28512454472812E+03 -0.16238445353351E+06  0.51744452790881E+05  0.33455250574446E+04 -0.98747097757222E+03 -0.82530037508401E+02 -0.22118222856501E+02 -0.32224715733218E-04 -0.29309100069321E+04  0.29611327775589E+03 -0.22250292122560E+04 -0.11392135835013E+04  0.31891436006602E+05 -0.10091792504926E+02 -0.35265953863617E+04 -0.45378567910991E+03 -0.11325322011060E+04 -0.53029143152907E+04  0.00000000000000E+00  0.00000000000000E+00  0.00000000000000E+00  0.00000000000000E+00  0.00000000000000E+00  0.00000000000000E+00  0.31633724674006E+05  0.00000000000000E+00  0.00000000000000E+00  0.00000000000000E+00  0.00000000000000E+00  0.00000000000000E+00  0.00000000000000E+00  0.00000000000000E+00  0.00000000000000E+00  0.00000000000000E+00
  -0.31000359142875E+04  0.42193399457543E+03 -0.11648006012983E+03 -0.73443011704908E+02  0.94313682069439E+01 -0.19625696168103E+02 -0.13758483432657E+02 -0.13159862331544E+04  0.17351897255894E+03  0.42769863122181E+02 -0.11019482488563E+02 -0.86886948279109E+02 -0.70467785393846E+01 -0.16267466015031E+00 -0.71376620151317E+03  0.77193941817841E+02 -0.53196946926661E+03 -0.29573985268353E+03  0.23021512603060E+03  0.00000000000000E+00  0.00000000000000E+00  0.00000000000000E+00  0.00000000000000E+00  0.00000000000000E+00  0.00000000000000E+00  0.00000000000000E+00  0.00000000000000E+00  0.00000000000000E+00  0.00000000000000E+00  0.00000000000000E+00  0.00000000000000E+00  0.37896537979836E+04  0.00000000000000E+00  0.00000000000000E+00  0.00000000000000E+00  0.00000000000000E+00  0.00000000000000E+00  0.00000000000000E+00  0.00000000000000E+00  0.00000000000000E+00
  -0.20021102426486E+06  0.63750699130196E+05 -0.96788461838146E+04 -0.11811366717616E+05  0.29578103784911E+04  0.40198754683293E+03 -0.10434464960721E+04 -0.57886608709981E+04  0.60646498291707E+03  0.58986952677212E+03 -0.50204891690554E+02 -0.28786973369221E+00 -0.20877440756362E+00  0.14679283411033E-12  0.19747156364678E+03 -0.52119662817627E+02  0.52573483388019E+02  0.77866762862501E+02  0.18687280312678E+06  0.00000000000000E+00  0.00000000000000E+00  0.20257468376777E+04  0.27752050112836E+04  0.15514228261068E+05  0.00000000000000E+00  0.00000000000000E+00  0.00000000000000E+00  0.00000000000000E+00  0.00000000000000E+00  0.00000000000000E+00  0.00000000000000E+00  0.00000000000000E+00  0.10661526029025E+06  0.00000000000000E+00  0.00000000000000E+00  0.00000000000000E+00  0.00000000000000E+00  0.00000000000000E+00  0.00000000000000E+00  0.00000000000000E+00
  -0.22529632477023E+06  0.71326487323375E+05 -0.10857874566603E+05 -0.52579745391977E+05  0.12966213837100E+05  0.14460611848066E+04 -0.47777699412761E+04 -0.11162023862779E+05  0.12035726349380E+04  0.11029219897033E+04 -0.96595868200077E+02 -0.10263931082761E-09  0.13218841495156E-12 -0.28889601154064E-12  0.35593874167444E+03 -0.92790781219807E+02  0.10295660916702E+03  0.14463809569459E+03  0.81488662636855E+06  0.26662403171681E+03  0.72074707158620E+05 -0.10296482312590E+05 -0.28725825914228E+05 -0.13044550253237E+06  0.00000000000000E+00  0.00000000000000E+00  0.00000000000000E+00  0.00000000000000E+00  0.00000000000000E+00  0.00000000000000E+00  0.00000000000000E+00  0.00000000000000E+00  0.00000000000000E+00  0.13906425451195E+06  0.00000000000000E+00  0.00000000000000E+00  0.00000000000000E+00  0.00000000000000E+00  0.00000000000000E+00  0.00000000000000E+00
  -0.91814911861037E+04  0.24810267149277E+04 -0.42561229709866E+03 -0.25243304029321E+04  0.47980465991319E+03 -0.26822346561549E+03 -0.37330405405293E+03  0.11575082487751E+02 -0.11814640543107E+04  0.13732594936103E+03 -0.15653312026469E+02 -0.19283981100790E+01 -0.20606290822131E+00 -0.19915054905755E-02 -0.27614553332467E+04  0.40725335589551E+03 -0.22022165314365E+04 -0.14325780514627E+04  0.25196717154125E+05  0.00000000000000E+00  0.00000000000000E+00  0.00000000000000E+00  0.00000000000000E+00  0.00000000000000E+00  0.00000000000000E+00  0.00000000000000E+00  0.00000000000000E+00  0.00000000000000E+00  0.00000000000000E+00  0.00000000000000E+00  0.00000000000000E+00  0.00000000000000E+00  0.00000000000000E+00  0.00000000000000E+00  0.83068772157160E+04  0.00000000000000E+00  0.00000000000000E+00  0.00000000000000E+00  0.00000000000000E+00  0.00000000000000E+00
  -0.32433339344584E+04  0.78585036407381E+03 -0.14794117786984E+03 -0.98239062025228E+03  0.17782006343731E+03 -0.13617494102678E+03 -0.15738083555352E+03  0.15454635460963E+03 -0.66712591628538E+03  0.60989927387967E+02 -0.73055897006285E+01 -0.82508653292417E+00 -0.79589124494312E-01 -0.10903124102887E-02 -0.14810476904532E+04  0.20387937219762E+03 -0.11974128016330E+04 -0.74804835317519E+03  0.79343467404962E+04  0.00000000000000E+00  0.00000000000000E+00  0.00000000000000E+00  0.00000000000000E+00  0.00000000000000E+00  0.00000000000000E+00  0.00000000000000E+00  0.00000000000000E+00  0.00000000000000E+00  0.00000000000000E+00  0.00000000000000E+00  0.00000000000000E+00  0.00000000000000E+00  0.00000000000000E+00  0.00000000000000E+00  0.00000000000000E+00  0.42563590563471E+04  0.00000000000000E+00  0.00000000000000E+00  0.00000000000000E+00  0.00000000000000E+00
  -0.15244071559862E+05 -0.23683188196223E+04  0.39544290319154E+02 -0.94893915907611E+04  0.33597664101238E+03 -0.30860339229710E+04 -0.12954801917364E+04 -0.26362974209994E+06  0.11187615201349E+06  0.31031614631636E+04 -0.11605473869044E+04  0.32541558434912E+03  0.32305082279902E+02 -0.15925560317350E+01 -0.25242176446138E+04 -0.26434754164693E+03  0.83169148205391E+03  0.11065112269043E+04 -0.19215695061174E+05  0.00000000000000E+00  0.00000000000000E+00  0.00000000000000E+00  0.00000000000000E+00  0.00000000000000E+00  0.00000000000000E+00  0.00000000000000E+00  0.00000000000000E+00  0.00000000000000E+00  0.00000000000000E+00  0.00000000000000E+00  0.00000000000000E+00  0.00000000000000E+00  0.00000000000000E+00  0.00000000000000E+00  0.00000000000000E+00  0.00000000000000E+00  0.12407247399172E+06  0.00000000000000E+00  0.00000000000000E+00  0.00000000000000E+00
   0.16614353171452E+05 -0.22165610152696E+04  0.70681223157366E+03 -0.15644642076881E+05  0.24793463538913E+04 -0.33692138681723E+04 -0.31629918754375E+04 -0.89903122676005E+04  0.16593626721253E+04  0.45521610752907E+03 -0.71669277994468E+02  0.35406648951978E+03  0.80144535338848E+02  0.10630960302317E-03  0.18257881622015E+03 -0.32442502383029E+02  0.17807836552965E+03  0.12910239584859E+03  0.44591025267438E+05 -0.75070691728725E+00 -0.13569481981895E+05  0.27137936885459E+04  0.67964430298072E+04  0.31939511283100E+05  0.00000000000000E+00  0.00000000000000E+00  0.00000000000000E+00  0.00000000000000E+00  0.00000000000000E+00  0.00000000000000E+00  0.00000000000000E+00  0.00000000000000E+00  0.00000000000000E+00  0.00000000000000E+00  0.00000000000000E+00  0.00000000000000E+00  0.00000000000000E+00  0.39163982800426E+05  0.00000000000000E+00  0.00000000000000E+00
  -0.71103535504366E+05  0.85449953747932E+04 -0.25174658981540E+04 -0.72037475090521E+04  0.81620826229066E+03 -0.18707717425124E+04 -0.11578728413620E+04 -0.13727341804483E+06  0.44191172935705E+05  0.27883604719671E+04 -0.83235753217262E+03 -0.29903208226886E+04 -0.21551066594038E+03 -0.38551591520370E+01 -0.82771890739168E+03  0.23259029367865E+03 -0.13228086520998E+04 -0.95556310357919E+03  0.20832416620560E+05  0.00000000000000E+00  0.00000000000000E+00 -0.34518978135446E+03 -0.18300871694328E+04  0.14251015041305E+04  0.00000000000000E+00  0.00000000000000E+00  0.00000000000000E+00  0.00000000000000E+00  0.00000000000000E+00  0.00000000000000E+00  0.00000000000000E+00  0.00000000000000E+00  0.00000000000000E+00  0.00000000000000E+00  0.00000000000000E+00  0.00000000000000E+00  0.00000000000000E+00  0.00000000000000E+00  0.94890037999457E+05  0.00000000000000E+00
  -0.56101376651875E+05  0.71726100153884E+04 -0.20399629225314E+04 -0.21311621414891E+05  0.25060969935668E+04 -0.53865021532679E+04 -0.34444240423551E+04 -0.17088016011594E+06  0.54411821924149E+05  0.35633084301037E+04 -0.10451738035180E+04 -0.43285208049573E-10 -0.21800071985243E-11  0.21671576887762E-12 -0.92286636543611E+03  0.25884875847685E+03 -0.14601356156535E+04 -0.10560443352625E+04  0.64173434224675E+05 -0.14140949790502E+02  0.13171079001646E+05 -0.49140028827178E+04 -0.13272582474950E+05 -0.51691683681038E+05  0.00000000000000E+00  0.00000000000000E+00  0.00000000000000E+00  0.00000000000000E+00  0.00000000000000E+00  0.00000000000000E+00  0.00000000000000E+00  0.00000000000000E+00  0.00000000000000E+00  0.00000000000000E+00  0.00000000000000E+00  0.00000000000000E+00  0.00000000000000E+00  0.00000000000000E+00  0.00000000000000E+00  0.99495537332936E+05

 # Covariance matrix (Bevington epsilon)
