 Correlated errors added in quadrature with statistical errors
 jl00106F2p           DIS data with   1.69< Q2 < 0.500D+03 and 0.000 < xB < 1.000 and   3.00< W2 < 0.100D+04 and 0.000 < y < 1.000
     Use Pv cut of         1200  MeV
   GP TMC applied
   HT corrections, multiplicative C=C(xB)
 Correlated errors added in quadrature with statistical errors
 jl00106F2d           DIS data with   1.69< Q2 < 0.500D+03 and 0.000 < xB < 1.000 and   3.00< W2 < 0.100D+04 and 0.000 < y < 1.000
    (AV18 Interpolated) - KP-like (baryon conserv.)0 nuke corrections
     Use Pv cut of         1200  MeV
   GP TMC applied
   HT corrections, multiplicative C=C(xB)
 Correlated errors added in quadrature with statistical errors
 HerF2pCut            DIS data with   1.69< Q2 < 0.500D+03 and 0.000 < xB < 1.000 and   3.00< W2 < 0.100D+04 and 0.000 < y < 1.000
     Use Pv cut of         1200  MeV
   GP TMC applied
   HT corrections, multiplicative C=C(xB)
 Correlated errors added in quadrature with statistical errors
 HerF2dCut            DIS data with   1.69< Q2 < 0.500D+03 and 0.000 < xB < 1.000 and   3.00< W2 < 0.100D+04 and 0.000 < y < 1.000
    (AV18 Interpolated) - KP-like (baryon conserv.)0 nuke corrections
     Use Pv cut of         1200  MeV
   GP TMC applied
   HT corrections, multiplicative C=C(xB)
 Correlated errors added in quadrature with statistical errors
 slac_p               DIS data with   1.69< Q2 < 0.500D+03 and 0.000 < xB < 1.000 and   3.00< W2 < 0.100D+04 and 0.000 < y < 1.000
     Use Pv cut of         1200  MeV
   GP TMC applied
   HT corrections, multiplicative C=C(xB)
 Correlated errors added in quadrature with statistical errors
 slac_d               DIS data with   1.69< Q2 < 0.500D+03 and 0.000 < xB < 1.000 and   3.00< W2 < 0.100D+04 and 0.000 < y < 1.000
    (AV18 Interpolated) - KP-like (baryon conserv.)0 nuke corrections
     Use Pv cut of         1200  MeV
   GP TMC applied
   HT corrections, multiplicative C=C(xB)
 Correlated errors treated separately from statistical errors
 BcdF2pCor            DIS data with   1.69< Q2 < 0.500D+03 and 0.000 < xB < 1.000 and   3.00< W2 < 0.100D+04 and 0.000 < y < 1.000
     Use Pv cut of         1200  MeV
   GP TMC applied
   HT corrections, multiplicative C=C(xB)
 Correlated errors treated separately from statistical errors
 BcdF2dCor            DIS data with   1.69< Q2 < 0.500D+03 and 0.000 < xB < 1.000 and   3.00< W2 < 0.100D+04 and 0.000 < y < 1.000
    (AV18 Interpolated) - KP-like (baryon conserv.)0 nuke corrections
     Use Pv cut of         1200  MeV
   GP TMC applied
   HT corrections, multiplicative C=C(xB)
 Correlated errors treated separately from statistical errors
 NmcF2pCor            DIS data with   1.69< Q2 < 0.500D+03 and 0.000 < xB < 1.000 and   3.00< W2 < 0.100D+04 and 0.000 < y < 1.000
     Use Pv cut of         1200  MeV
   GP TMC applied
   HT corrections, multiplicative C=C(xB)
 Correlated errors treated separately from statistical errors
 NmcRatCor            DIS data with   1.69< Q2 < 0.500D+03 and 0.000 < xB < 1.000 and   3.00< W2 < 0.100D+04 and 0.000 < y < 1.000
    (AV18 Interpolated) - KP-like (baryon conserv.)0 nuke corrections
     Use Pv cut of         1200  MeV
   GP TMC applied
   HT corrections, multiplicative C=C(xB)
 Correlated errors treated separately from statistical errors
 H2_NC_em             DIS data with   1.69< Q2 < 0.100D+06 and 0.000 < xB < 1.000 and   3.00< W2 < 0.100D+08 and 0.000 < y < 1.000
     Use Pv cut of         1200  MeV
   GP TMC applied
   HT corrections, multiplicative C=C(xB)
 Correlated errors treated separately from statistical errors
 H2_NC_ep_1           DIS data with   1.69< Q2 < 0.100D+06 and 0.000 < xB < 1.000 and   3.00< W2 < 0.100D+08 and 0.000 < y < 1.000
     Use Pv cut of         1200  MeV
   GP TMC applied
   HT corrections, multiplicative C=C(xB)
 Correlated errors treated separately from statistical errors
 H2_NC_ep_2           DIS data with   1.69< Q2 < 0.100D+06 and 0.000 < xB < 1.000 and   3.00< W2 < 0.100D+08 and 0.000 < y < 1.000
     Use Pv cut of         1200  MeV
   GP TMC applied
   HT corrections, multiplicative C=C(xB)
 Correlated errors treated separately from statistical errors
 H2_NC_ep_3           DIS data with   1.69< Q2 < 0.100D+06 and 0.000 < xB < 1.000 and   3.00< W2 < 0.100D+08 and 0.000 < y < 1.000
     Use Pv cut of         1200  MeV
   GP TMC applied
   HT corrections, multiplicative C=C(xB)
 Correlated errors treated separately from statistical errors
 H2_NC_ep_4           DIS data with   1.69< Q2 < 0.100D+06 and 0.000 < xB < 1.000 and   3.00< W2 < 0.100D+08 and 0.000 < y < 1.000
     Use Pv cut of         1200  MeV
   GP TMC applied
   HT corrections, multiplicative C=C(xB)
 Correlated errors treated separately from statistical errors
 H2_CC_em             DIS data with   1.69< Q2 < 0.100D+06 and 0.000 < xB < 1.000 and   3.00< W2 < 0.100D+08 and 0.000 < y < 1.000
     Use Pv cut of         1200  MeV
   GP TMC applied
   HT corrections, multiplicative C=C(xB)
 Correlated errors treated separately from statistical errors
 H2_CC_ep             DIS data with   1.69< Q2 < 0.100D+06 and 0.000 < xB < 1.000 and   3.00< W2 < 0.100D+08 and 0.000 < y < 1.000
     Use Pv cut of         1200  MeV
   GP TMC applied
   HT corrections, multiplicative C=C(xB)
 Correlated errors added in quadrature with statistical errors
 BNS_F2nd             DIS data with   1.69< Q2 < 0.100D+06 and 0.000 < xB < 1.000 and   3.00< W2 < 0.100D+08 and 0.000 < y < 1.000
    (AV18 Interpolated) - KP-like (baryon conserv.)0 nuke corrections
     Use Pv cut of         1200  MeV
   GP TMC applied
   HT corrections, multiplicative C=C(xB)
 Correlated errors added in quadrature with statistical errors
 e866pp06xf           vector boson data with Q2 >=  36.00
 Correlated errors added in quadrature with statistical errors
 e866pd06xf           vector boson data with Q2 >=  36.00
 Correlated errors added in quadrature with statistical errors
 cdfLasy05            vector boson data with Q2 >=   0.00
 Correlated errors added in quadrature with statistical errors
 d0Lasy_e15           vector boson data with Q2 >=   0.00
 Correlated errors added in quadrature with statistical errors
 d0Lasy13             vector boson data with Q2 >=   0.00
 Correlated errors added in quadrature with statistical errors
 CDF_Wasy             vector boson data with Q2 >=   0.00
 Correlated errors added in quadrature with statistical errors
 D0_Wasy              vector boson data with Q2 >=   0.00
 Correlated errors added in quadrature with statistical errors
 CDF_Z                vector boson data with Q2 >=   0.00
 Correlated errors added in quadrature with statistical errors
 D0_Z                 vector boson data with Q2 >=   0.00
 Correlated errors added in quadrature with statistical errors
 d0run2cone          Jet data - errors added in quadrature
 Correlated errors added in quadrature with statistical errors
 CDFrun2jet          Jet data - errors added in quadrature
 Correlated errors added in quadrature with statistical errors
 d0_gamjet1           Photon data -- cuts to be written yet ...
 Correlated errors added in quadrature with statistical errors
 d0_gamjet2           Photon data -- cuts to be written yet ...
 Correlated errors added in quadrature with statistical errors
 d0_gamjet3           Photon data -- cuts to be written yet ...
 Correlated errors added in quadrature with statistical errors
 d0_gamjet4           Photon data -- cuts to be written yet ...

# fitpack15: fit output
# CJ15 AV18 final data choices                                                 

Parametrization   7 used here

 S-ACOT scheme used  for NC DIS

 charm mass =     1.30 GeV     bottom mass =     4.50 GeV



 THIS IS A NEXT TO LEADING ORDER FIT

 Q02=    1.69
         1  LAMBDA                VALUE=   0.22680      WEIGHT=    0.0000    
         2  a0uv                  VALUE=    2.4169      WEIGHT=    0.0000    
         3  a1uv                  VALUE=   0.61635      WEIGHT=   0.20395E-01
         4  a2uv                  VALUE=    3.5428      WEIGHT=   0.12297E-01
         5  a3uv                  VALUE=    0.0000      WEIGHT=    0.0000    
         6  a4uv                  VALUE=    3.4395      WEIGHT=   0.43683    
         7  a5uv                  VALUE=    0.0000      WEIGHT=    0.0000    
         8  a0dv                  VALUE=    24.544      WEIGHT=    0.0000    
         9  a1dv                  VALUE=    1.1585      WEIGHT=   0.33842E-01
        10  a2dv                  VALUE=    6.5538      WEIGHT=   0.15967    
        11  a3dv                  VALUE=   -3.5001      WEIGHT=   0.87255E-01
        12  a4dv                  VALUE=    4.6830      WEIGHT=   0.14394    
        13  a5dv                  VALUE=    0.0000      WEIGHT=    0.0000    
        14  a0ud                  VALUE=   0.14662      WEIGHT=   0.50263E-02
        15  a1ud                  VALUE=  -0.20771      WEIGHT=   0.37519E-02
        16  a2ud                  VALUE=    8.3632      WEIGHT=   0.18523    
        17  a3ud                  VALUE=    0.0000      WEIGHT=    0.0000    
        18  a4ud                  VALUE=    14.678      WEIGHT=    1.2107    
        19  a5ud                  VALUE=    0.0000      WEIGHT=    0.0000    
        20  a0du                  VALUE=    35712.      WEIGHT=    0.0000    
        21  a1du                  VALUE=    4.0198      WEIGHT=   0.71322E-01
        22  a2du                  VALUE=    20.251      WEIGHT=   0.86082    
        23  a3du                  VALUE=    17.000      WEIGHT=    0.0000    
        24  a4du                  VALUE=    50.601      WEIGHT=    9.0827    
        25  a0g                   VALUE=    45.217      WEIGHT=    0.0000    
        26  a1g                   VALUE=   0.60182      WEIGHT=   0.31731E-01
        27  a2g                   VALUE=    6.4148      WEIGHT=    1.0043    
        28  a3g                   VALUE=   -3.3037      WEIGHT=   0.13891    
        29  a4g                   VALUE=    3.1575      WEIGHT=   0.30059    
        30  a5g                   VALUE=    0.0000      WEIGHT=    0.0000    
        31  kappa                 VALUE=   0.40000      WEIGHT=    0.0000    
        32  a6dv                  VALUE=  -0.36574E-02  WEIGHT=   0.67517E-03
        33  a7dv                  VALUE=    2.0000      WEIGHT=    0.0000    
        34  off1                  VALUE=   -3.5009      WEIGHT=    1.4769    
        35  off2                  VALUE=   0.56166E-01  WEIGHT=   0.58667E-01
        36  ht1                   VALUE=   -3.2479      WEIGHT=   0.26672    
        37  ht2                   VALUE=    1.9154      WEIGHT=   0.10687    
        38  ht3                   VALUE=   -2.0748      WEIGHT=   0.22824E-01
        39  ht4                   VALUE=    0.0000      WEIGHT=    0.0000    
        40  dummy40               VALUE=    0.0000      WEIGHT=    0.0000    
        41  dummy41               VALUE=    0.0000      WEIGHT=    0.0000    
        42  dummy42               VALUE=    0.0000      WEIGHT=    0.0000    
        43  dummy43               VALUE=    0.0000      WEIGHT=    0.0000    
        44  dummy44               VALUE=    0.0000      WEIGHT=    0.0000    
        45  dummy45               VALUE=    0.0000      WEIGHT=    0.0000    
        46  dummy46               VALUE=    0.0000      WEIGHT=    0.0000    
        47  dummy47               VALUE=    0.0000      WEIGHT=    0.0000    
        48  dummy48               VALUE=    0.0000      WEIGHT=    0.0000    
        49  dummy49               VALUE=    0.0000      WEIGHT=    0.0000    
        50  bcdmsh2               VALUE=   0.97285      WEIGHT=   0.48427E-02
        51  bcdmsd2               VALUE=   0.99317      WEIGHT=   0.57972E-02
        52  ccfr                  VALUE=    1.0000      WEIGHT=    0.0000    
        53  nutev                 VALUE=    1.0000      WEIGHT=    0.0000    
        54  zeus                  VALUE=   0.97998      WEIGHT=    0.0000    
        55  h1                    VALUE=    1.0162      WEIGHT=    0.0000    
        56  e605                  VALUE=    1.0319      WEIGHT=    0.0000    
        57  NmcH2                 VALUE=    1.0095      WEIGHT=   0.71200E-02
        58  ntv_nu                VALUE=    1.0000      WEIGHT=    0.0000    
        59  ntv_nubar             VALUE=    1.0000      WEIGHT=    0.0000    
        60  cdf_jet               VALUE=   0.98910      WEIGHT=    0.0000    
        61  d0_jet                VALUE=   0.83504      WEIGHT=    0.0000    
        62  slac_p                VALUE=    1.0048      WEIGHT=   0.48232E-02
        63  slac_d                VALUE=    1.0042      WEIGHT=   0.52625E-02
        64  e866pp                VALUE=   0.96438      WEIGHT=   0.19188E-01
        65  e866pd                VALUE=   0.96857      WEIGHT=   0.16516E-01
        66  d0_gamjet             VALUE=    1.0391      WEIGHT=   0.16482E-01
        67  h1b                   VALUE=   0.97608      WEIGHT=    0.0000    
        68  jlab_p                VALUE=   0.99439      WEIGHT=   0.57989E-02
        69  jlab_d                VALUE=   0.97560      WEIGHT=   0.58777E-02
        70  blank                 VALUE=    1.0000      WEIGHT=    0.0000    
        71  d0run2                VALUE=   0.94153      WEIGHT=   0.14203E-01
        72  cdfrun2               VALUE=   0.92693      WEIGHT=   0.17236E-01
        73  HERA_el               VALUE=    1.0000      WEIGHT=    0.0000    
        74  HERA_ps               VALUE=    1.0000      WEIGHT=    0.0000    
        75  CDF_Z                 VALUE=   0.96573      WEIGHT=   0.64152E-02
        76  NmcRat                VALUE=    1.0000      WEIGHT=    0.0000    
        77  BNS_F2nd              VALUE=   0.98244      WEIGHT=   0.67043E-02
        78  HERMES_F2p            VALUE=   0.99812      WEIGHT=   0.55759E-02
        79  HERMES_F2d            VALUE=   0.98034      WEIGHT=   0.58160E-02
0THE TOLERANCE IS    0.1000
 THE MAXIMUM NUMBER OF STEPS IS 100
0THE INITIAL CHI SQUARED IS  4.71537E+03
0  STEP  CHI SQUARED    PARAMETER      VALUE         ERROR
 ------------------------------------------------------------
     1    4.71152E+03
                       1  LAMBDA     2.2680E-01       FIX 
                       2  a0uv       2.4075E+00       FIX 
                       3  a1uv       6.1546E-01           
                       4  a2uv       3.5433E+00           
                       5  a3uv       0.0000E+00       FIX 
                       6  a4uv       3.4597E+00           
                       7  a5uv       0.0000E+00       FIX 
                       8  a0dv       2.4656E+01       FIX 
                       9  a1dv       1.1593E+00           
                      10  a2dv       6.5498E+00           
                      11  a3dv      -3.5014E+00           
                      12  a4dv       4.6754E+00           
                      13  a5dv       0.0000E+00       FIX 
                      14  a0ud       1.4655E-01           
                      15  a1ud      -2.0776E-01           
                      16  a2ud       8.3352E+00           
                      17  a3ud       0.0000E+00       FIX 
                      18  a4ud       1.4611E+01           
                      19  a5ud       0.0000E+00       FIX 
                      20  a0du       3.5712E+04       FIX 
                      21  a1du       4.0261E+00           
                      22  a2du       2.0196E+01           
                      23  a3du       1.7000E+01       FIX 
                      24  a4du       5.1771E+01           
                      25  a0g        4.5478E+01       FIX 
                      26  a1g        6.0293E-01           
                      27  a2g        6.4726E+00           
                      28  a3g       -3.3061E+00           
                      29  a4g        3.1715E+00           
                      30  a5g        0.0000E+00       FIX 
                      31  kappa      4.0000E-01       FIX 
                      32  a6dv      -3.6302E-03           
                      33  a7dv       2.0000E+00       FIX 
                      34  off1      -4.0590E+00           
                      35  off2       5.7232E-02           
                      36  ht1       -3.2835E+00           
                      37  ht2        1.9249E+00           
                      38  ht3       -2.0700E+00           
                      39  ht4        0.0000E+00       FIX 
                      40  dummy40    0.0000E+00       FIX 
                      41  dummy41    0.0000E+00       FIX 
                      42  dummy42    0.0000E+00       FIX 
                      43  dummy43    0.0000E+00       FIX 
                      44  dummy44    0.0000E+00       FIX 
                      45  dummy45    0.0000E+00       FIX 
                      46  dummy46    0.0000E+00       FIX 
                      47  dummy47    0.0000E+00       FIX 
                      48  dummy48    0.0000E+00       FIX 
                      49  dummy49    0.0000E+00       FIX 
                      50  bcdmsh2    9.7303E-01           
                      51  bcdmsd2    9.9316E-01           
                      52  ccfr       1.0000E+00       FIX 
                      53  nutev      1.0000E+00       FIX 
                      54  zeus       9.7998E-01       FIX 
                      55  h1         1.0162E+00       FIX 
                      56  e605       1.0319E+00       FIX 
                      57  NmcH2      1.0095E+00           
                      58  ntv_nu     1.0000E+00       FIX 
                      59  ntv_nuba   1.0000E+00       FIX 
                      60  cdf_jet    9.8910E-01       FIX 
                      61  d0_jet     8.3504E-01       FIX 
                      62  slac_p     1.0048E+00           
                      63  slac_d     1.0042E+00           
                      64  e866pp     9.6585E-01           
                      65  e866pd     9.6391E-01           
                      66  d0_gamje   1.0391E+00           
                      67  h1b        9.7608E-01       FIX 
                      68  jlab_p     9.9442E-01           
                      69  jlab_d     9.7569E-01           
                      70  blank      1.0000E+00       FIX 
                      71  d0run2     9.4131E-01           
                      72  cdfrun2    9.2682E-01           
                      73  HERA_el    1.0000E+00       FIX 
                      74  HERA_ps    1.0000E+00       FIX 
                      75  CDF_Z      9.6560E-01           
                      76  NmcRat     1.0000E+00       FIX 
                      77  BNS_F2nd   9.8245E-01           
                      78  HERMES_F   9.9823E-01           
                      79  HERMES_F   9.8042E-01           
 ------------------------------------------------------------
     2    4.71069E+03
                       1  LAMBDA     2.2680E-01       FIX 
                       2  a0uv       2.4064E+00       FIX 
                       3  a1uv       6.1537E-01           
                       4  a2uv       3.5432E+00           
                       5  a3uv       0.0000E+00       FIX 
                       6  a4uv       3.4618E+00           
                       7  a5uv       0.0000E+00       FIX 
                       8  a0dv       2.4666E+01       FIX 
                       9  a1dv       1.1594E+00           
                      10  a2dv       6.5490E+00           
                      11  a3dv      -3.5013E+00           
                      12  a4dv       4.6748E+00           
                      13  a5dv       0.0000E+00       FIX 
                      14  a0ud       1.4656E-01           
                      15  a1ud      -2.0776E-01           
                      16  a2ud       8.3329E+00           
                      17  a3ud       0.0000E+00       FIX 
                      18  a4ud       1.4607E+01           
                      19  a5ud       0.0000E+00       FIX 
                      20  a0du       3.5712E+04       FIX 
                      21  a1du       4.0249E+00           
                      22  a2du       2.0173E+01           
                      23  a3du       1.7000E+01       FIX 
                      24  a4du       5.1406E+01           
                      25  a0g        4.5506E+01       FIX 
                      26  a1g        6.0290E-01           
                      27  a2g        6.4798E+00           
                      28  a3g       -3.3065E+00           
                      29  a4g        3.1727E+00           
                      30  a5g        0.0000E+00       FIX 
                      31  kappa      4.0000E-01       FIX 
                      32  a6dv      -3.6309E-03           
                      33  a7dv       2.0000E+00       FIX 
                      34  off1      -4.1192E+00           
                      35  off2       5.6986E-02           
                      36  ht1       -3.2807E+00           
                      37  ht2        1.9277E+00           
                      38  ht3       -2.0689E+00           
                      39  ht4        0.0000E+00       FIX 
                      40  dummy40    0.0000E+00       FIX 
                      41  dummy41    0.0000E+00       FIX 
                      42  dummy42    0.0000E+00       FIX 
                      43  dummy43    0.0000E+00       FIX 
                      44  dummy44    0.0000E+00       FIX 
                      45  dummy45    0.0000E+00       FIX 
                      46  dummy46    0.0000E+00       FIX 
                      47  dummy47    0.0000E+00       FIX 
                      48  dummy48    0.0000E+00       FIX 
                      49  dummy49    0.0000E+00       FIX 
                      50  bcdmsh2    9.7307E-01           
                      51  bcdmsd2    9.9300E-01           
                      52  ccfr       1.0000E+00       FIX 
                      53  nutev      1.0000E+00       FIX 
                      54  zeus       9.7998E-01       FIX 
                      55  h1         1.0162E+00       FIX 
                      56  e605       1.0319E+00       FIX 
                      57  NmcH2      1.0095E+00           
                      58  ntv_nu     1.0000E+00       FIX 
                      59  ntv_nuba   1.0000E+00       FIX 
                      60  cdf_jet    9.8910E-01       FIX 
                      61  d0_jet     8.3504E-01       FIX 
                      62  slac_p     1.0049E+00           
                      63  slac_d     1.0041E+00           
                      64  e866pp     9.6584E-01           
                      65  e866pd     9.6400E-01           
                      66  d0_gamje   1.0390E+00           
                      67  h1b        9.7608E-01       FIX 
                      68  jlab_p     9.9434E-01           
                      69  jlab_d     9.7548E-01           
                      70  blank      1.0000E+00       FIX 
                      71  d0run2     9.4113E-01           
                      72  cdfrun2    9.2668E-01           
                      73  HERA_el    1.0000E+00       FIX 
                      74  HERA_ps    1.0000E+00       FIX 
                      75  CDF_Z      9.6567E-01           
                      76  NmcRat     1.0000E+00       FIX 
                      77  BNS_F2nd   9.8284E-01           
                      78  HERMES_F   9.9830E-01           
                      79  HERMES_F   9.8032E-01           
 ------------------------------------------------------------
     3    4.71044E+03
                       1  LAMBDA     2.2680E-01       FIX 
                       2  a0uv       2.4053E+00       FIX 
                       3  a1uv       6.1527E-01           
                       4  a2uv       3.5430E+00           
                       5  a3uv       0.0000E+00       FIX 
                       6  a4uv       3.4638E+00           
                       7  a5uv       0.0000E+00       FIX 
                       8  a0dv       2.4678E+01       FIX 
                       9  a1dv       1.1595E+00           
                      10  a2dv       6.5483E+00           
                      11  a3dv      -3.5014E+00           
                      12  a4dv       4.6741E+00           
                      13  a5dv       0.0000E+00       FIX 
                      14  a0ud       1.4657E-01           
                      15  a1ud      -2.0775E-01           
                      16  a2ud       8.3315E+00           
                      17  a3ud       0.0000E+00       FIX 
                      18  a4ud       1.4601E+01           
                      19  a5ud       0.0000E+00       FIX 
                      20  a0du       3.5712E+04       FIX 
                      21  a1du       4.0253E+00           
                      22  a2du       2.0157E+01           
                      23  a3du       1.7000E+01       FIX 
                      24  a4du       5.1428E+01           
                      25  a0g        4.5518E+01       FIX 
                      26  a1g        6.0300E-01           
                      27  a2g        6.4865E+00           
                      28  a3g       -3.3066E+00           
                      29  a4g        3.1744E+00           
                      30  a5g        0.0000E+00       FIX 
                      31  kappa      4.0000E-01       FIX 
                      32  a6dv      -3.6257E-03           
                      33  a7dv       2.0000E+00       FIX 
                      34  off1      -4.1615E+00           
                      35  off2       5.6688E-02           
                      36  ht1       -3.2794E+00           
                      37  ht2        1.9300E+00           
                      38  ht3       -2.0679E+00           
                      39  ht4        0.0000E+00       FIX 
                      40  dummy40    0.0000E+00       FIX 
                      41  dummy41    0.0000E+00       FIX 
                      42  dummy42    0.0000E+00       FIX 
                      43  dummy43    0.0000E+00       FIX 
                      44  dummy44    0.0000E+00       FIX 
                      45  dummy45    0.0000E+00       FIX 
                      46  dummy46    0.0000E+00       FIX 
                      47  dummy47    0.0000E+00       FIX 
                      48  dummy48    0.0000E+00       FIX 
                      49  dummy49    0.0000E+00       FIX 
                      50  bcdmsh2    9.7309E-01           
                      51  bcdmsd2    9.9293E-01           
                      52  ccfr       1.0000E+00       FIX 
                      53  nutev      1.0000E+00       FIX 
                      54  zeus       9.7998E-01       FIX 
                      55  h1         1.0162E+00       FIX 
                      56  e605       1.0319E+00       FIX 
                      57  NmcH2      1.0095E+00           
                      58  ntv_nu     1.0000E+00       FIX 
                      59  ntv_nuba   1.0000E+00       FIX 
                      60  cdf_jet    9.8910E-01       FIX 
                      61  d0_jet     8.3504E-01       FIX 
                      62  slac_p     1.0050E+00           
                      63  slac_d     1.0040E+00           
                      64  e866pp     9.6579E-01           
                      65  e866pd     9.6405E-01           
                      66  d0_gamje   1.0390E+00           
                      67  h1b        9.7608E-01       FIX 
                      68  jlab_p     9.9423E-01           
                      69  jlab_d     9.7534E-01           
                      70  blank      1.0000E+00       FIX 
                      71  d0run2     9.4115E-01           
                      72  cdfrun2    9.2670E-01           
                      73  HERA_el    1.0000E+00       FIX 
                      74  HERA_ps    1.0000E+00       FIX 
                      75  CDF_Z      9.6566E-01           
                      76  NmcRat     1.0000E+00       FIX 
                      77  BNS_F2nd   9.8302E-01           
                      78  HERMES_F   9.9832E-01           
                      79  HERMES_F   9.8030E-01           
 ------------------------------------------------------------
     4    4.71035E+03
                       1  LAMBDA     2.2680E-01    0.0000E+00
                       2  a0uv       2.4042E+00    0.0000E+00
                       3  a1uv       6.1517E-01    1.9873E-02
                       4  a2uv       3.5429E+00    1.2394E-02
                       5  a3uv       0.0000E+00    0.0000E+00
                       6  a4uv       3.4657E+00    4.2961E-01
                       7  a5uv       0.0000E+00    0.0000E+00
                       8  a0dv       2.4690E+01    0.0000E+00
                       9  a1dv       1.1596E+00    3.3513E-02
                      10  a2dv       6.5476E+00    1.5968E-01
                      11  a3dv      -3.5015E+00    8.6331E-02
                      12  a4dv       4.6733E+00    1.4198E-01
                      13  a5dv       0.0000E+00    0.0000E+00
                      14  a0ud       1.4657E-01    5.0337E-03
                      15  a1ud      -2.0775E-01    3.7544E-03
                      16  a2ud       8.3303E+00    1.9153E-01
                      17  a3ud       0.0000E+00    0.0000E+00
                      18  a4ud       1.4596E+01    1.2177E+00
                      19  a5ud       0.0000E+00    0.0000E+00
                      20  a0du       3.5712E+04    0.0000E+00
                      21  a1du       4.0258E+00    7.4839E-02
                      22  a2du       2.0145E+01    8.7956E-01
                      23  a3du       1.7000E+01    0.0000E+00
                      24  a4du       5.1433E+01    1.0530E+01
                      25  a0g        4.5531E+01    0.0000E+00
                      26  a1g        6.0307E-01    3.1191E-02
                      27  a2g        6.4938E+00    9.5879E-01
                      28  a3g       -3.3067E+00    1.3467E-01
                      29  a4g        3.1761E+00    3.1578E-01
                      30  a5g        0.0000E+00    0.0000E+00
                      31  kappa      4.0000E-01    0.0000E+00
                      32  a6dv      -3.6181E-03    6.6645E-04
                      33  a7dv       2.0000E+00    0.0000E+00
                      34  off1      -4.1885E+00    1.4901E+00
                      35  off2       5.6370E-02    1.4711E-02
                      36  ht1       -3.2790E+00    2.5859E-01
                      37  ht2        1.9321E+00    1.0447E-01
                      38  ht3       -2.0670E+00    1.8870E-02
                      39  ht4        0.0000E+00    0.0000E+00
                      40  dummy40    0.0000E+00    0.0000E+00
                      41  dummy41    0.0000E+00    0.0000E+00
                      42  dummy42    0.0000E+00    0.0000E+00
                      43  dummy43    0.0000E+00    0.0000E+00
                      44  dummy44    0.0000E+00    0.0000E+00
                      45  dummy45    0.0000E+00    0.0000E+00
                      46  dummy46    0.0000E+00    0.0000E+00
                      47  dummy47    0.0000E+00    0.0000E+00
                      48  dummy48    0.0000E+00    0.0000E+00
                      49  dummy49    0.0000E+00    0.0000E+00
                      50  bcdmsh2    9.7309E-01    4.8298E-03
                      51  bcdmsd2    9.9290E-01    5.8309E-03
                      52  ccfr       1.0000E+00    0.0000E+00
                      53  nutev      1.0000E+00    0.0000E+00
                      54  zeus       9.7998E-01    0.0000E+00
                      55  h1         1.0162E+00    0.0000E+00
                      56  e605       1.0319E+00    0.0000E+00
                      57  NmcH2      1.0094E+00    7.1238E-03
                      58  ntv_nu     1.0000E+00    0.0000E+00
                      59  ntv_nuba   1.0000E+00    0.0000E+00
                      60  cdf_jet    9.8910E-01    0.0000E+00
                      61  d0_jet     8.3504E-01    0.0000E+00
                      62  slac_p     1.0050E+00    4.8141E-03
                      63  slac_d     1.0040E+00    5.2753E-03
                      64  e866pp     9.6578E-01    1.9256E-02
                      65  e866pd     9.6407E-01    1.5823E-02
                      66  d0_gamje   1.0390E+00    1.6478E-02
                      67  h1b        9.7608E-01    0.0000E+00
                      68  jlab_p     9.9412E-01    5.7859E-03
                      69  jlab_d     9.7523E-01    5.8988E-03
                      70  blank      1.0000E+00    0.0000E+00
                      71  d0run2     9.4119E-01    1.4164E-02
                      72  cdfrun2    9.2673E-01    1.7241E-02
                      73  HERA_el    1.0000E+00    0.0000E+00
                      74  HERA_ps    1.0000E+00    0.0000E+00
                      75  CDF_Z      9.6564E-01    6.5306E-03
                      76  NmcRat     1.0000E+00    0.0000E+00
                      77  BNS_F2nd   9.8311E-01    6.9073E-03
                      78  HERMES_F   9.9834E-01    5.5693E-03
                      79  HERMES_F   9.8028E-01    5.8230E-03
0 MINIMIZATION TERMINATED WITH STEP  4
  TOLERANCE CRITERION      SATISFIED
0 CHI SQUARED PER DEGREE OF FREEDOM IS  1.046E+00
   1.000 -0.432 -0.979  0.275 -0.017  0.153 -0.353  0.457  0.395 -0.299 -0.497 -0.179 -0.271  0.006  0.179  0.145  0.070 -0.029  0.295 -0.138  0.061  0.087 -0.233  0.165  0.326  0.248  0.154  0.312  0.274 -0.381 -0.183  0.083  0.195  0.214 -0.164 -0.132  0.435  0.139  0.271  0.238
  -0.432  1.000  0.582  0.213  0.361 -0.240  0.231 -0.177 -0.164  0.375  0.285  0.236  0.080  0.147 -0.008  0.071  0.024  0.035 -0.299  0.052  0.088 -0.545  0.374  0.299  0.095  0.059  0.032  0.003  0.039  0.207  0.027  0.007  0.115  0.128 -0.037 -0.012 -0.099 -0.171  0.049  0.052
  -0.979  0.582  1.000 -0.185  0.102 -0.193  0.369 -0.441 -0.386  0.362  0.529  0.214  0.280  0.038 -0.152 -0.103 -0.049  0.026 -0.318  0.137 -0.027 -0.163  0.265 -0.088 -0.210 -0.158 -0.089 -0.194 -0.164  0.448  0.235 -0.068 -0.083 -0.110  0.121  0.098 -0.358 -0.157 -0.166 -0.139
   0.275  0.213 -0.185  1.000  0.827 -0.636  0.019  0.147  0.099 -0.109 -0.220  0.342 -0.201  0.257  0.337  0.239 -0.211  0.233  0.202  0.064  0.226 -0.264  0.141  0.290  0.289  0.225  0.124  0.289  0.236  0.051 -0.104  0.060  0.246  0.155 -0.051 -0.051  0.166 -0.059  0.271  0.227
  -0.017  0.361  0.102  0.827  1.000 -0.882  0.533 -0.088 -0.104  0.160  0.110  0.182 -0.014  0.230  0.230  0.198 -0.208  0.231 -0.192  0.065  0.098 -0.179  0.040  0.217  0.181  0.117  0.120  0.135  0.075  0.126  0.004  0.025  0.134 -0.022 -0.024 -0.026  0.082 -0.010  0.150  0.107
   0.153 -0.240 -0.193 -0.636 -0.882  1.000 -0.738  0.270  0.262 -0.152 -0.269 -0.061 -0.000 -0.306 -0.178 -0.212  0.232 -0.275  0.075  0.084 -0.100  0.187 -0.097 -0.143 -0.084 -0.057 -0.135 -0.062 -0.034 -0.167 -0.128  0.007 -0.075  0.043 -0.003  0.001 -0.021 -0.105 -0.097 -0.078
  -0.353  0.231  0.369  0.019  0.533 -0.738  1.000 -0.411 -0.370  0.456  0.589 -0.271  0.257  0.063 -0.056  0.057 -0.069  0.097 -0.401 -0.117 -0.141  0.017 -0.090 -0.038 -0.030 -0.039  0.113 -0.068 -0.074  0.177  0.271 -0.048 -0.021 -0.128 -0.007 -0.004  0.010  0.186 -0.025 -0.021
   0.457 -0.177 -0.441  0.147 -0.088  0.270 -0.411  1.000  0.967 -0.394 -0.779  0.065 -0.151 -0.111 -0.090 -0.050  0.189 -0.155  0.142  0.056  0.006 -0.022 -0.035  0.068  0.226  0.190  0.150  0.223  0.206 -0.086 -0.068  0.083  0.161  0.180  0.018  0.011  0.314 -0.006  0.202  0.179
   0.395 -0.164 -0.386  0.099 -0.104  0.262 -0.370  0.967  1.000 -0.348 -0.727  0.046 -0.128 -0.114 -0.197 -0.115  0.223 -0.201  0.119  0.054 -0.006 -0.017 -0.029  0.049  0.175  0.147  0.126  0.165  0.151 -0.096 -0.080  0.071  0.115  0.134  0.034  0.022  0.252 -0.009  0.150  0.131
  -0.299  0.375  0.362 -0.109  0.160 -0.152  0.456 -0.394 -0.348  1.000  0.758 -0.341  0.461 -0.241 -0.082 -0.186 -0.205  0.046 -0.302  0.219 -0.313  0.123 -0.051 -0.237 -0.071 -0.030  0.022 -0.058 -0.018 -0.005  0.032 -0.026 -0.006 -0.020  0.115  0.060 -0.044 -0.126 -0.019  0.019
  -0.497  0.285  0.529 -0.220  0.110 -0.269  0.589 -0.779 -0.727  0.758  1.000 -0.302  0.360 -0.173 -0.063 -0.131 -0.120 -0.015 -0.272  0.016 -0.336  0.174 -0.158 -0.231 -0.021 -0.007  0.071  0.019  0.045  0.285  0.398 -0.088  0.058  0.038 -0.041 -0.058  0.036  0.065  0.036  0.076
  -0.179  0.236  0.214  0.342  0.182 -0.061 -0.271  0.065  0.046 -0.341 -0.302  1.000 -0.585  0.327  0.150  0.102 -0.092  0.121  0.110 -0.014  0.466 -0.266  0.302  0.282  0.013  0.036 -0.013  0.031  0.016  0.283 -0.110  0.037  0.023 -0.003  0.049  0.042 -0.215 -0.115  0.066 -0.002
  -0.271  0.080  0.280 -0.201 -0.014 -0.000  0.257 -0.151 -0.128  0.461  0.360 -0.585  1.000 -0.023 -0.192 -0.099  0.151 -0.145 -0.242  0.310 -0.108  0.125 -0.121 -0.015  0.020  0.007  0.025  0.000 -0.014  0.168  0.129 -0.005 -0.007 -0.030 -0.037 -0.029 -0.038 -0.234 -0.013 -0.007
   0.006  0.147  0.038  0.257  0.230 -0.306  0.063 -0.111 -0.114 -0.241 -0.173  0.327 -0.023  1.000  0.141  0.357 -0.090  0.293  0.106 -0.182  0.746 -0.297  0.332  0.450  0.121  0.072  0.143  0.106  0.040  0.183 -0.074  0.072  0.037 -0.004 -0.001  0.023 -0.241 -0.157  0.125  0.057
   0.179 -0.008 -0.152  0.337  0.230 -0.178 -0.056 -0.090 -0.197 -0.082 -0.063  0.150 -0.192  0.141  1.000  0.705 -0.676  0.799  0.124 -0.026  0.137 -0.047  0.099  0.025  0.106  0.097 -0.041  0.151  0.149 -0.066 -0.093  0.040  0.118  0.119  0.006  0.024  0.056 -0.009  0.137  0.135
   0.145  0.071 -0.103  0.239  0.198 -0.212  0.057 -0.050 -0.115 -0.186 -0.131  0.102 -0.099  0.357  0.705  1.000 -0.228  0.720  0.049 -0.056  0.355 -0.244  0.291  0.181  0.116  0.132  0.044  0.217  0.242  0.000 -0.024  0.050  0.197  0.222 -0.203 -0.078  0.019 -0.016  0.181  0.206
   0.070  0.024 -0.049 -0.211 -0.208  0.232 -0.069  0.189  0.223 -0.205 -0.120 -0.092  0.151 -0.090 -0.676 -0.228  1.000 -0.820 -0.083 -0.005  0.039 -0.130 -0.058  0.239  0.142  0.121  0.158  0.174  0.176  0.194  0.248 -0.011  0.177  0.189 -0.402 -0.279  0.246  0.071  0.102  0.110
  -0.029  0.035  0.026  0.233  0.231 -0.275  0.097 -0.155 -0.201  0.046 -0.015  0.121 -0.145  0.293  0.799  0.720 -0.820  1.000  0.064 -0.009  0.200 -0.074  0.270 -0.085 -0.118 -0.075 -0.127 -0.090 -0.068 -0.185 -0.258  0.037 -0.086 -0.074  0.220  0.200 -0.270 -0.094 -0.047 -0.033
   0.295 -0.299 -0.318  0.202 -0.192  0.075 -0.401  0.142  0.119 -0.302 -0.272  0.110 -0.242  0.106  0.124  0.049 -0.083  0.064  1.000 -0.352  0.157 -0.218  0.219  0.113  0.089  0.109  0.030  0.140  0.183 -0.087 -0.065  0.023  0.109  0.215 -0.023 -0.016  0.083  0.034  0.128  0.143
  -0.138  0.052  0.137  0.064  0.065  0.084 -0.117  0.056  0.054  0.219  0.016 -0.014  0.310 -0.182 -0.026 -0.056 -0.005 -0.009 -0.352  1.000 -0.166  0.007  0.009 -0.012 -0.115  0.049 -0.096 -0.092 -0.038 -0.009 -0.142  0.012 -0.012 -0.083  0.084  0.059 -0.135 -0.371 -0.105 -0.029
   0.061  0.088 -0.027  0.226  0.098 -0.100 -0.141  0.006 -0.006 -0.313 -0.336  0.466 -0.108  0.746  0.137  0.355  0.039  0.200  0.157 -0.166  1.000 -0.339  0.379  0.657  0.061  0.130  0.020  0.027  0.074  0.088 -0.167  0.077 -0.054  0.001 -0.033  0.010 -0.283 -0.216  0.045  0.086
   0.087 -0.545 -0.163 -0.264 -0.179  0.187  0.017 -0.022 -0.017  0.123  0.174 -0.266  0.125 -0.297 -0.047 -0.244 -0.130 -0.074 -0.218  0.007 -0.339  1.000 -0.808 -0.479 -0.021 -0.058  0.026 -0.031 -0.083  0.026  0.173 -0.030 -0.189 -0.231  0.087  0.020  0.155  0.114 -0.036 -0.066
  -0.233  0.374  0.265  0.141  0.040 -0.097 -0.090 -0.035 -0.029 -0.051 -0.158  0.302 -0.121  0.332  0.099  0.291 -0.058  0.270  0.219  0.009  0.379 -0.808  1.000  0.070 -0.160 -0.074 -0.129  0.001  0.066 -0.096 -0.289  0.030  0.080  0.163  0.089  0.115 -0.387 -0.192 -0.023  0.013
