# fitpack15: fit parameters                                                                         
# CJ15 AV18 final data choices                                                                      
# Created on 05/25/2020 at 15:04:05                                                                 

 # QCD setup
  INS                           0
  NVL                          11
  IORD                          1
  Q02                   1.6899999999999999     
  IPARAMC                       7
  FLAVOR                4.0000000000000000     
  xmc                   1.3000000000000000     
  xmb                   4.5000000000000000     
  ncb                          12
  ihq                           1
  ias                           0

 # Theory corrections
  inuke                     10815
  itmc                          1
  iht                           1

 # fit parameters
 LAMBDA       0.22680        0.0000    
 a0uv          2.4042        0.0000    
 a1uv         0.61517       0.19873E-01
 a2uv          3.5429       0.12394E-01
 a3uv          0.0000        0.0000    
 a4uv          3.4657       0.42961    
 a5uv          0.0000        0.0000    
 a0dv          24.690        0.0000    
 a1dv          1.1596       0.33513E-01
 a2dv          6.5476       0.15968    
 a3dv         -3.5015       0.86331E-01
 a4dv          4.6733       0.14198    
 a5dv          0.0000        0.0000    
 a0ud         0.14657       0.50337E-02
 a1ud        -0.20775       0.37544E-02
 a2ud          8.3303       0.19153    
 a3ud          0.0000        0.0000    
 a4ud          14.596        1.2177    
 a5ud          0.0000        0.0000    
 a0du          35712.        0.0000    
 a1du          4.0258       0.74839E-01
 a2du          20.145       0.87956    
 a3du          17.000        0.0000    
 a4du          51.433        10.530    
 a0g           45.531        0.0000    
 a1g          0.60307       0.31191E-01
 a2g           6.4938       0.95879    
 a3g          -3.3067       0.13467    
 a4g           3.1761       0.31578    
 a5g           0.0000        0.0000    
 kappa        0.40000        0.0000    
 a6dv        -0.36181E-02   0.66645E-03
 a7dv          2.0000        0.0000    
 off1         -4.1885        1.4901    
 off2         0.56370E-01   0.14711E-01
 ht1          -3.2790       0.25859    
 ht2           1.9321       0.10447    
 ht3          -2.0670       0.18870E-01
 ht4           0.0000        0.0000    
 dummy40       0.0000        0.0000    
 dummy41       0.0000        0.0000    
 dummy42       0.0000        0.0000    
 dummy43       0.0000        0.0000    
 dummy44       0.0000        0.0000    
 dummy45       0.0000        0.0000    
 dummy46       0.0000        0.0000    
 dummy47       0.0000        0.0000    
 dummy48       0.0000        0.0000    
 dummy49       0.0000        0.0000    
 bcdmsh2      0.97309       0.48298E-02
 bcdmsd2      0.99290       0.58309E-02
 ccfr          1.0000        0.0000    
 nutev         1.0000        0.0000    
 zeus         0.97998        0.0000    
 h1            1.0162        0.0000    
 e605          1.0319        0.0000    
 NmcH2         1.0094       0.71238E-02
 ntv_nu        1.0000        0.0000    
 ntv_nubar     1.0000        0.0000    
 cdf_jet      0.98910        0.0000    
 d0_jet       0.83504        0.0000    
 slac_p        1.0050       0.48141E-02
 slac_d        1.0040       0.52753E-02
 e866pp       0.96578       0.19256E-01
 e866pd       0.96407       0.15823E-01
 d0_gamjet     1.0390       0.16478E-01
 h1b          0.97608        0.0000    
 jlab_p       0.99412       0.57859E-02
 jlab_d       0.97523       0.58988E-02
 blank         1.0000        0.0000    
 d0run2       0.94119       0.14164E-01
 cdfrun2      0.92673       0.17241E-01
 HERA_el       1.0000        0.0000    
 HERA_ps       1.0000        0.0000    
 CDF_Z        0.96564       0.65306E-02
 NmcRat        1.0000        0.0000    
 BNS_F2nd     0.98311       0.69073E-02
 HERMES_F2p   0.99834       0.55693E-02
 HERMES_F2d   0.98028       0.58230E-02
 END 0. 0.

 # Hessian matrix (Bevington alpha)
   0.48822179972040E+07 -0.12865533177332E+07  0.23386574308504E+06  0.48020151840569E+06 -0.12605472967661E+06 -0.22435178754225E+05  0.55345169567387E+05  0.89764899674395E+06 -0.17270305680247E+06 -0.48139638935225E+05  0.73173519394437E+04  0.15506592245110E+05  0.17521804389378E+04 -0.11172523817844E+03  0.74652269463141E+04 -0.18996829063451E+04  0.10715344049184E+05  0.77779068964501E+04 -0.74141649315580E+07 -0.14785804952965E+04 -0.85939151276999E+06  0.66659412162605E+05  0.20445209861250E+06  0.75582532093065E+06 -0.12682478804411E+06 -0.53821927004499E+05 -0.43545669420983E+04 -0.83699197592636E+06 -0.10832369668694E+07 -0.20563958835563E+05 -0.46315363257655E+05 -0.30760404237864E+04 -0.19832140902531E+06 -0.22367747623260E+06 -0.90936405653138E+04 -0.32231200002092E+04 -0.14853614843061E+05  0.16601387245837E+05 -0.70457030316417E+05 -0.55623670779343E+05
  -0.12865533177332E+07  0.41288276492910E+06 -0.63723948417015E+05 -0.13527647572668E+06  0.35205914472098E+05  0.85977146938269E+04 -0.12332759417630E+05 -0.12088226930901E+06  0.26365381035728E+05  0.74482160401362E+04 -0.93025816247752E+03 -0.12546462872641E+04 -0.14636380830358E+03  0.13474570952114E+02  0.66877651692506E+03 -0.53208422548547E+02  0.17920244914655E+03  0.10249592059468E+03  0.25437843922336E+07  0.59581629972512E+03  0.25236491904417E+06 -0.15450201876551E+05 -0.50658847413609E+05 -0.21037240097982E+06  0.16569741869794E+05  0.82000546278831E+04 -0.24071371162160E+03  0.20913588548220E+06  0.26310452540257E+06  0.58070847048914E+04  0.13225897378866E+05  0.42105871656242E+03  0.63446311148564E+05  0.71002832804428E+05  0.24662942646831E+04  0.78387889233970E+03 -0.23712798849607E+04 -0.22436996481831E+04  0.85340956010960E+04  0.71582700286803E+04
   0.23386574308504E+06 -0.63723948417015E+05  0.11327616004339E+05  0.23255983179380E+05 -0.61962001907765E+04 -0.13117470427948E+04  0.25971503019991E+04  0.31470528067877E+05 -0.59057414133443E+04 -0.19932648428145E+04  0.26047403010616E+03  0.48503915439116E+03  0.63607253384199E+02 -0.50636158494491E+01 -0.39314446445104E+03  0.29695506023490E+00 -0.18311869704071E+03 -0.24914910355946E+02 -0.37109992687601E+06 -0.76119961155818E+02 -0.41971283250252E+05  0.31259800792225E+04  0.95990797752868E+04  0.36434644773095E+05 -0.55549625598102E+04 -0.23717796552937E+04  0.51670181803247E+02 -0.39094555729858E+05 -0.50760097801028E+05 -0.10071515037211E+04 -0.22782912589396E+04 -0.11903318252587E+03 -0.99487741389857E+04 -0.11184760376547E+05 -0.43656200287795E+03 -0.15208451115352E+03  0.56013913902385E+02  0.72836513954646E+03 -0.25670221502569E+04 -0.20823614079095E+04
   0.48020151840569E+06 -0.13527647572668E+06  0.23255983179380E+05  0.39531238142333E+06 -0.62442894682807E+05  0.75767646760788E+05  0.64784532516681E+05  0.34434381536306E+06 -0.25111828964489E+05 -0.18254688174869E+05  0.33486859177764E+04 -0.13634515448280E+04 -0.15624680959451E+03  0.58582301115942E+02  0.30589838103909E+05 -0.36959082838644E+04  0.27413820170040E+05  0.15541542700716E+05 -0.22125124505880E+07 -0.22693564122890E+03 -0.24418422072328E+06  0.23058355435012E+05  0.63585277200658E+05  0.24202860251528E+06 -0.12770172997361E+05 -0.21145202259106E+05 -0.66070771187886E+02 -0.65716844963476E+05 -0.34062317527201E+06 -0.14143471116092E+04 -0.24887235174327E+04 -0.73931871437662E+02 -0.11750696939587E+05 -0.52622557043258E+05 -0.25108254853918E+04 -0.98056079885500E+03 -0.94686508399835E+04 -0.15685230087061E+05 -0.71865730572828E+04 -0.21275571896976E+05
  -0.12605472967661E+06  0.35205914472098E+05 -0.61962001907765E+04 -0.62442894682807E+05  0.11721058959181E+05 -0.79020578635188E+04 -0.94569689257651E+04 -0.32140097154657E+05  0.32209298019479E+03  0.23882446029499E+04 -0.34020621778923E+03 -0.42526106820339E+02  0.45654913316918E+01 -0.52519560018316E+01 -0.26060886260575E+04  0.32008724128550E+03 -0.22805716134510E+04 -0.13107848207711E+04  0.48818171211905E+06  0.71233897438387E+02  0.51491644080952E+05 -0.43831304615710E+04 -0.12071130191737E+05 -0.48515635655452E+05  0.19987095242343E+04  0.33688607704426E+04 -0.56180355583042E+02  0.11962042783893E+05  0.63051352543716E+05  0.33964250611462E+03  0.57812512351294E+03  0.95569516538222E+01  0.29838094114932E+04  0.13140633710353E+05  0.48270258375445E+03  0.17913230479945E+03  0.33294028546828E+03  0.24949532890707E+04  0.81891294465335E+03  0.25147526563853E+04
  -0.22435178754225E+05  0.85977146938269E+04 -0.13117470427948E+04  0.75767646760788E+05 -0.79020578635188E+04  0.24338741765265E+05  0.14796747745951E+05  0.10461823312247E+06 -0.92739501719362E+04 -0.46063135688623E+04  0.99973610252831E+03 -0.70721640163890E+03 -0.69387457736483E+02  0.19846298655768E+02  0.93067836149681E+04 -0.11538191869914E+04  0.84876173378173E+04  0.48779447508501E+04 -0.68285353604524E+05  0.53667930186711E+02 -0.16070534638447E+05  0.27162960254634E+04  0.74198673063749E+04  0.21479282557139E+05 -0.28191331764774E+04 -0.43244574197643E+04  0.15372504499547E+03 -0.88651779138305E+04 -0.43920209135359E+05 -0.29930150433625E+01 -0.34551473683363E+02 -0.19566560803585E+02  0.33699857440025E+03  0.11241142220821E+04 -0.27333997326835E+03 -0.13780884947747E+03 -0.30317375399615E+04 -0.33817902261114E+04 -0.18490036512344E+04 -0.53355768349539E+04
   0.55345169567387E+05 -0.12332759417630E+05  0.25971503019991E+04  0.64784532516681E+05 -0.94569689257651E+04  0.14796747745951E+05  0.11610261637143E+05  0.58002352908337E+05 -0.29219840049587E+04 -0.32855263608395E+04  0.58454708916360E+03 -0.21388646317930E+03 -0.27418827219679E+02  0.10433835158171E+02  0.48109698528648E+04 -0.60502548428360E+03  0.42765800803634E+04  0.24894486183651E+04 -0.25082120524834E+06 -0.27014821526056E+01 -0.32581794639017E+05  0.35046037483906E+04  0.95055860219409E+04  0.33701613035919E+05 -0.24995776604846E+04 -0.39187329171889E+04  0.13610150353922E+03 -0.10098200586133E+05 -0.52705437570329E+05 -0.17167559905729E+03 -0.29235666756926E+03 -0.13765029091371E+02 -0.10768126936851E+04 -0.49811781557755E+04 -0.37502823046623E+03 -0.15804544983384E+03 -0.12731743652945E+04 -0.31651819275119E+04 -0.11484657149633E+04 -0.34226829784281E+04
   0.89764899674395E+06 -0.12088226930901E+06  0.31470528067877E+05  0.34434381536306E+06 -0.32140097154657E+05  0.10461823312247E+06  0.58002352908337E+05  0.49595347768855E+07 -0.23083871888426E+07 -0.84958329143016E+05  0.25799086414917E+05  0.27283920153268E+05  0.18136426860222E+04  0.10402415874991E+03  0.82272443602952E+05 -0.10427196422598E+05  0.84649039664145E+05  0.46241852663755E+05 -0.56618819705522E+06  0.37542422338988E+03 -0.96436700163521E+05  0.30680570941450E+05  0.94773766141259E+05  0.24242562250829E+06 -0.60338525358392E+05 -0.48497141062885E+05 -0.66769141762342E+05 -0.28023579330724E+06 -0.55535956090471E+06 -0.72550101948037E+05 -0.16212547778459E+06 -0.13280362405278E+04 -0.56760686296539E+04 -0.11134473213015E+05  0.86091346321894E+02  0.17393352062538E+03 -0.26178558717289E+06 -0.86052342993076E+04 -0.13664594572081E+06 -0.16990023405923E+06
  -0.17270305680247E+06  0.26365381035728E+05 -0.59057414133443E+04 -0.25111828964489E+05  0.32209298019479E+03 -0.92739501719362E+04 -0.29219840049587E+04 -0.23083871888426E+07  0.19278836885564E+07  0.18930932277941E+05 -0.65012852759146E+04 -0.58788433165186E+04 -0.32080374906916E+03 -0.14368132196194E+02  0.49963705348167E+05 -0.23589538454147E+04  0.17142929920944E+05  0.84491715787749E+04 -0.27230053179995E+05 -0.92913936501995E+02 -0.51460071363240E+01 -0.61659365034041E+04 -0.20165813375770E+05 -0.46348233735413E+05  0.11411369014405E+05  0.10806407042277E+05  0.24098611150710E+05  0.65391229294044E+05  0.12544581596768E+06  0.23163435857117E+05  0.51882934010488E+05  0.17916017126563E+03  0.61621090217789E+03  0.12446430571997E+04 -0.12023553969968E+04 -0.67216534139409E+03  0.11156357766534E+06  0.15853003401741E+04  0.44152257644350E+05  0.54353243653495E+05
  -0.48139638935225E+05  0.74482160401362E+04 -0.19932648428145E+04 -0.18254688174869E+05  0.23882446029499E+04 -0.46063135688623E+04 -0.32855263608395E+04 -0.84958329143016E+05  0.18930932277941E+05  0.26350530699933E+04 -0.63837409540158E+03 -0.70103824967251E+03 -0.61272979959386E+02 -0.19751304452939E+01 -0.39767694057924E+04  0.48079249580326E+03 -0.35997562188971E+04 -0.20538574437541E+04  0.56662814768089E+05 -0.87100119434577E+01  0.92494246445104E+04 -0.14235624786176E+04 -0.41082415309538E+04 -0.12085608523099E+05  0.27307505522596E+04  0.18898420842410E+04  0.72723828423880E+03  0.10917121198248E+05  0.22812254621784E+05  0.15283698264370E+04  0.33425239994631E+04  0.43074422629228E+02  0.57457591212118E+03  0.10879414754097E+04  0.13447722407933E+03  0.60117744581723E+02  0.30833609220894E+04  0.44041146145136E+03  0.27815509484702E+04  0.35430754424813E+04
   0.73173519394437E+04 -0.93025816247752E+03  0.26047403010616E+03  0.33486859177764E+04 -0.34020621778923E+03  0.99973610252831E+03  0.58454708916360E+03  0.25799086414917E+05 -0.65012852759146E+04 -0.63837409540158E+03  0.18029654369497E+03  0.20784349267965E+03  0.14984070110541E+02  0.75891636834505E+00  0.12626629701756E+04 -0.13885259548433E+03  0.10929060157566E+04  0.60093571131849E+03 -0.64301824674620E+04  0.27613731853601E+01 -0.10176828302709E+04  0.24023107393162E+03  0.72724690858518E+03  0.19263841033425E+04 -0.48469680529629E+03 -0.36565721669578E+03 -0.34111974890926E+03 -0.20723140432604E+04 -0.41591804912983E+04 -0.44349182244520E+03 -0.99097631673785E+03 -0.11146302964985E+02 -0.49324077134878E+02 -0.96559941701214E+02 -0.15210575640188E+02 -0.71916035439318E+01 -0.11573696016868E+04 -0.69135126928522E+02 -0.83323730326926E+03 -0.10442521765221E+04
   0.15506592245110E+05 -0.12546462872641E+04  0.48503915439116E+03 -0.13634515448280E+04 -0.42526106820339E+02 -0.70721640163890E+03 -0.21388646317930E+03  0.27283920153268E+05 -0.58788433165186E+04 -0.70103824967251E+03  0.20784349267965E+03  0.18317523823162E+04  0.11871651373564E+03 -0.96726101214385E+00  0.14996646213489E+04 -0.20539662122566E+03  0.16505748347066E+04  0.95326284824113E+03 -0.68352260367382E+04 -0.51643944267311E+01 -0.59391074660564E+03 -0.13143360672269E+02  0.13057717733007E+03 -0.87725035216205E+03 -0.11680332183779E+04 -0.40977726771756E-10 -0.77340269269984E+03 -0.52133869887287E+04 -0.69396429728047E-09 -0.25309869870182E+04 -0.74068868817026E+02 -0.83262847607769E+02 -0.21706894671709E+00 -0.14142388704416E-09 -0.18368217850706E+01 -0.79190822981642E+00  0.29859882558888E+03  0.32051312008469E+03 -0.28686155006179E+04  0.22217694711844E-10
   0.17521804389378E+04 -0.14636380830358E+03  0.63607253384199E+02 -0.15624680959451E+03  0.45654913316918E+01 -0.69387457736483E+02 -0.27418827219679E+02  0.18136426860222E+04 -0.32080374906916E+03 -0.61272979959386E+02  0.14984070110541E+02  0.11871651373564E+03  0.10588808138493E+02 -0.18301044550370E+00  0.80780266232003E+02 -0.13395502393861E+02  0.98074488935213E+02  0.61395799116962E+02 -0.32201346633646E+03 -0.43907623476601E+00  0.14465862871967E+02  0.51192509992067E+00  0.17262387934537E+02 -0.90662034666432E+02 -0.17239898763557E+03  0.25602547708369E-11 -0.29637342220404E+02 -0.61170642734440E+03 -0.21224474050801E-11 -0.15669834841451E+03 -0.19553929462674E+02 -0.66571011440552E+01 -0.15708436590025E+00 -0.56376567805144E-11 -0.19265009492290E+00 -0.75097804762571E-01  0.29725857298269E+02  0.71936620186956E+02 -0.20447860099506E+03 -0.60248009896276E-11
  -0.11172523817844E+03  0.13474570952114E+02 -0.50636158494491E+01  0.58582301115942E+02 -0.52519560018316E+01  0.19846298655768E+02  0.10433835158171E+02  0.10402415874991E+03 -0.14368132196194E+02 -0.19751304452939E+01  0.75891636834505E+00 -0.96726101214385E+00 -0.18301044550370E+00  0.57135803932260E-01  0.15424171872375E+02 -0.11952833166355E+01  0.99548137268286E+01  0.47818587074617E+01 -0.84543620900105E+02  0.26586949021320E-01 -0.17494211448006E+02  0.63776311901135E+00  0.16319974642133E+01  0.75156998061847E+01  0.72984552770972E-01 -0.23102926079026E-12 -0.65759767182153E+01 -0.93145574920130E+00 -0.26309669075287E-11 -0.38068431844371E+01 -0.25474698962532E-04 -0.15369093237749E+00  0.12330434086232E-12 -0.13012162788861E-12 -0.18794117682410E-02 -0.10333602992372E-02 -0.16524149226894E+01  0.78838444101454E-04 -0.35714406163911E+01 -0.11266671092307E-11
   0.74652269463141E+04  0.66877651692506E+03 -0.39314446445104E+03  0.30589838103909E+05 -0.26060886260575E+04  0.93067836149681E+04  0.48109698528648E+04  0.82272443602952E+05  0.49963705348167E+05 -0.39767694057924E+04  0.12626629701756E+04  0.14996646213489E+04  0.80780266232003E+02  0.15424171872375E+02  0.48740926367444E+05 -0.44731106789842E+04  0.35526912298300E+05  0.18740902853748E+05 -0.54697045821142E+05  0.23633374158309E+01  0.29689329535418E+04 -0.22411562677368E+03 -0.64330387234683E+03 -0.14390011044383E+04 -0.26081001228823E+04 -0.17133868475777E+04 -0.24512863701809E+04  0.19590695197689E+04  0.41863700179953E+04 -0.15238620886897E+04 -0.29614854387859E+04 -0.71493985126310E+03  0.24368115728857E+03  0.43450099346447E+03 -0.28241860386284E+04 -0.15038472553222E+04 -0.24533336360722E+04  0.18059089648990E+03 -0.83669427945268E+03 -0.94117947811743E+03
  -0.18996829063451E+04 -0.53208422548547E+02  0.29695506023490E+00 -0.36959082838644E+04  0.32008724128550E+03 -0.11538191869914E+04 -0.60502548428360E+03 -0.10427196422598E+05 -0.23589538454147E+04  0.48079249580326E+03 -0.13885259548433E+03 -0.20539662122566E+03 -0.13395502393861E+02 -0.11952833166355E+01 -0.44731106789842E+04  0.47841818917773E+03 -0.37439948964352E+04 -0.20523752782391E+04  0.63902093251467E+04 -0.90228445915580E+00 -0.44958701836455E+03  0.23450056093823E+02  0.59082702764189E+02  0.15447494489845E+03  0.47904400281764E+03  0.30035955317444E+03  0.28108170788765E+03 -0.15797522466429E+03 -0.47044295209750E+03  0.15690522352485E+03  0.30377009800036E+03  0.78284152491855E+02 -0.64616200843959E+02 -0.11374133691239E+03  0.42731754841628E+03  0.21159434635381E+03 -0.28675615886262E+03 -0.32168239555952E+02  0.23898746071146E+03  0.26766988527822E+03
   0.10715344049184E+05  0.17920244914655E+03 -0.18311869704071E+03  0.27413820170040E+05 -0.22805716134510E+04  0.84876173378173E+04  0.42765800803634E+04  0.84649039664145E+05  0.17142929920944E+05 -0.35997562188971E+04  0.10929060157566E+04  0.16505748347066E+04  0.98074488935213E+02  0.99548137268286E+01  0.35526912298300E+05 -0.37439948964352E+04  0.29738550261723E+05  0.16159925921972E+05 -0.49154300971672E+05  0.12864828358002E+01  0.31979725319503E+04 -0.27208074030046E+03 -0.73397029659239E+03 -0.16067072299253E+04 -0.27320582761841E+04 -0.17537887866349E+04 -0.24881774649722E+04  0.20969229829840E+04  0.45334936101647E+04 -0.12897269127394E+04 -0.25164774684133E+04 -0.61703973263605E+03  0.89951606553789E+02  0.17429744135805E+03 -0.27034193901331E+04 -0.14504809678085E+04  0.14074007331915E+04  0.23259776323854E+03 -0.16970769479688E+04 -0.18837695138933E+04
   0.77779068964501E+04  0.10249592059468E+03 -0.24914910355946E+02  0.15541542700716E+05 -0.13107848207711E+04  0.48779447508501E+04  0.24894486183651E+04  0.46241852663755E+05  0.84491715787749E+04 -0.20538574437541E+04  0.60093571131849E+03  0.95326284824113E+03  0.61395799116962E+02  0.47818587074617E+01  0.18740902853748E+05 -0.20523752782391E+04  0.16159925921972E+05  0.88945527124750E+04 -0.27663665480274E+05  0.21566750549784E+01  0.19879482520104E+04 -0.14656953564559E+03 -0.37194008621827E+03 -0.86010882851985E+03 -0.19184881095124E+04 -0.11998315206504E+04 -0.12658686629200E+04  0.98549051652507E+03  0.24975901038184E+04 -0.66203259908739E+03 -0.12924149538633E+04 -0.34332864560873E+03  0.11774148488532E+03  0.21729579678191E+03 -0.17514226298835E+04 -0.90312207004580E+03  0.14902709425592E+04  0.16207700179877E+03 -0.11767970510466E+04 -0.13076299069991E+04
  -0.74141649315580E+07  0.25437843922336E+07 -0.37109992687601E+06 -0.22125124505880E+07  0.48818171211905E+06 -0.68285353604524E+05 -0.25082120524834E+06 -0.56618819705522E+06 -0.27230053179995E+05  0.56662814768089E+05 -0.64301824674620E+04 -0.68352260367382E+04 -0.32201346633646E+03 -0.84543620900105E+02 -0.54697045821142E+05  0.63902093251467E+04 -0.49154300971672E+05 -0.27663665480274E+05  0.32481399920210E+08  0.68213253091100E+04  0.28074716801231E+07 -0.19627046850960E+06 -0.57500001132923E+06 -0.25311270903964E+07  0.33683665917301E+05  0.74955751264450E+05 -0.11621143236542E+04  0.56006088376347E+06  0.27292653922810E+07  0.17570828798172E+05  0.31267169013872E+05  0.22881370076407E+03  0.18209571091790E+06  0.79477886075261E+06  0.24549666344503E+05  0.77553358673447E+04 -0.18621267884172E+05  0.43871270192252E+05  0.20416407741974E+05  0.62805543799224E+05
  -0.14785804952965E+04  0.59581629972512E+03 -0.76119961155818E+02 -0.22693564122890E+03  0.71233897438387E+02  0.53667930186711E+02 -0.27014821526056E+01  0.37542422338988E+03 -0.92913936501995E+02 -0.87100119434577E+01  0.27613731853601E+01 -0.51643944267311E+01 -0.43907623476601E+00  0.26586949021320E-01  0.23633374158309E+01 -0.90228445915580E+00  0.12864828358002E+01  0.21566750549784E+01  0.68213253091100E+04  0.26156960852127E+01  0.66821214854635E+03 -0.37729605980894E+02 -0.11157428564464E+03 -0.56272598077483E+03  0.00000000000000E+00 -0.25783442688606E+02  0.00000000000000E+00  0.00000000000000E+00  0.44704893754401E+03  0.00000000000000E+00 -0.74999977858182E+01  0.00000000000000E+00  0.00000000000000E+00  0.22734218936476E+03  0.00000000000000E+00  0.00000000000000E+00  0.00000000000000E+00  0.11693854823404E+02  0.00000000000000E+00 -0.26797209189906E+02
  -0.85939151276999E+06  0.25236491904417E+06 -0.41971283250252E+05 -0.24418422072328E+06  0.51491644080952E+05 -0.16070534638447E+05 -0.32581794639017E+05 -0.96436700163521E+05 -0.51460071363240E+01  0.92494246445104E+04 -0.10176828302709E+04 -0.59391074660564E+03  0.14465862871967E+02 -0.17494211448006E+02  0.29689329535418E+04 -0.44958701836455E+03  0.31979725319503E+04  0.19879482520104E+04  0.28074716801231E+07  0.66821214854635E+03  0.43138510512613E+06 -0.35434415069866E+05 -0.97098634707562E+05 -0.40942789394719E+06  0.00000000000000E+00  0.18626574090307E+05  0.00000000000000E+00  0.00000000000000E+00  0.45832991871092E+06  0.00000000000000E+00 -0.46180368576386E+04  0.00000000000000E+00  0.00000000000000E+00  0.95317984344970E+05  0.00000000000000E+00  0.00000000000000E+00  0.00000000000000E+00 -0.16174292857591E+05  0.00000000000000E+00  0.15243136623467E+05
   0.66659412162605E+05 -0.15450201876551E+05  0.31259800792225E+04  0.23058355435012E+05 -0.43831304615710E+04  0.27162960254634E+04  0.35046037483906E+04  0.30680570941450E+05 -0.61659365034041E+04 -0.14235624786176E+04  0.24023107393162E+03 -0.13143360672269E+02  0.51192509992067E+00  0.63776311901135E+00 -0.22411562677368E+03  0.23450056093823E+02 -0.27208074030046E+03 -0.14656953564559E+03 -0.19627046850960E+06 -0.37729605980894E+02 -0.35434415069866E+05  0.35678788128427E+04  0.95236994293883E+04  0.37423643116018E+05 -0.52388190632801E+02 -0.23447261880991E+04  0.22837878332219E+01  0.47549792883115E+03 -0.47287569782800E+05  0.00000000000000E+00 -0.18039879065919E+03  0.00000000000000E+00  0.22768396705311E+04 -0.59094256826903E+04  0.00000000000000E+00  0.00000000000000E+00  0.00000000000000E+00  0.16803983990473E+04 -0.39631984762304E+03 -0.30806452554948E+04
   0.20445209861250E+06 -0.50658847413609E+05  0.95990797752868E+04  0.63585277200658E+05 -0.12071130191737E+05  0.74198673063749E+04  0.95055860219409E+04  0.94773766141259E+05 -0.20165813375770E+05 -0.41082415309538E+04  0.72724690858518E+03  0.13057717733007E+03  0.17262387934537E+02  0.16319974642133E+01 -0.64330387234683E+03  0.59082702764189E+02 -0.73397029659239E+03 -0.37194008621827E+03 -0.57500001132923E+06 -0.11157428564464E+03 -0.97098634707562E+05  0.95236994293883E+04  0.26059907142039E+05  0.10117296217585E+06 -0.16268580946837E+03 -0.58868773610630E+04 -0.49276207897189E+02 -0.67483135037915E+04 -0.12946383890462E+06  0.00000000000000E+00 -0.45022892715092E+03  0.00000000000000E+00  0.31398934586345E+04 -0.18065781372592E+05  0.00000000000000E+00  0.00000000000000E+00  0.00000000000000E+00  0.42192450272603E+04 -0.21502283335327E+04 -0.88907481687915E+04
   0.75582532093065E+06 -0.21037240097982E+06  0.36434644773095E+05  0.24202860251528E+06 -0.48515635655452E+05  0.21479282557139E+05  0.33701613035919E+05  0.24242562250829E+06 -0.46348233735413E+05 -0.12085608523099E+05  0.19263841033425E+04 -0.87725035216205E+03 -0.90662034666432E+02  0.75156998061847E+01 -0.14390011044383E+04  0.15447494489845E+03 -0.16067072299253E+04 -0.86010882851985E+03 -0.25311270903964E+07 -0.56272598077483E+03 -0.40942789394719E+06  0.37423643116018E+05  0.10117296217585E+06  0.42206496071772E+06  0.25248023711633E+03 -0.26911490181291E+05 -0.65259227421765E+01  0.37729101108075E+05 -0.48837099832083E+06  0.00000000000000E+00 -0.21081302771039E+04  0.00000000000000E+00  0.16005856907248E+05 -0.82015483123395E+05  0.00000000000000E+00  0.00000000000000E+00  0.00000000000000E+00  0.19872559543529E+05  0.15636072407957E+04 -0.29533371404877E+05
  -0.12682478804411E+06  0.16569741869794E+05 -0.55549625598102E+04 -0.12770172997361E+05  0.19987095242343E+04 -0.28191331764774E+04 -0.24995776604846E+04 -0.60338525358392E+05  0.11411369014405E+05  0.27307505522596E+04 -0.48469680529629E+03 -0.11680332183779E+04 -0.17239898763557E+03  0.72984552770972E-01 -0.26081001228823E+04  0.47904400281764E+03 -0.27320582761841E+04 -0.19184881095124E+04  0.33683665917301E+05  0.00000000000000E+00  0.00000000000000E+00 -0.52388190632801E+02 -0.16268580946837E+03  0.25248023711633E+03  0.11624606790398E+06  0.00000000000000E+00  0.00000000000000E+00  0.00000000000000E+00  0.00000000000000E+00  0.00000000000000E+00  0.00000000000000E+00  0.00000000000000E+00  0.00000000000000E+00  0.00000000000000E+00  0.00000000000000E+00  0.00000000000000E+00  0.00000000000000E+00  0.00000000000000E+00  0.00000000000000E+00  0.00000000000000E+00
  -0.53821927004499E+05  0.82000546278831E+04 -0.23717796552937E+04 -0.21145202259106E+05  0.33688607704426E+04 -0.43244574197643E+04 -0.39187329171889E+04 -0.48497141062885E+05  0.10806407042277E+05  0.18898420842410E+04 -0.36565721669578E+03 -0.40977726771756E-10  0.25602547708369E-11 -0.23102926079026E-12 -0.17133868475777E+04  0.30035955317444E+03 -0.17537887866349E+04 -0.11998315206504E+04  0.74955751264450E+05 -0.25783442688606E+02  0.18626574090307E+05 -0.23447261880991E+04 -0.58868773610630E+04 -0.26911490181291E+05  0.00000000000000E+00  0.64549956926483E+05  0.00000000000000E+00  0.00000000000000E+00  0.00000000000000E+00  0.00000000000000E+00  0.00000000000000E+00  0.00000000000000E+00  0.00000000000000E+00  0.00000000000000E+00  0.00000000000000E+00  0.00000000000000E+00  0.00000000000000E+00  0.00000000000000E+00  0.00000000000000E+00  0.00000000000000E+00
  -0.43545669420983E+04 -0.24071371162160E+03  0.51670181803247E+02 -0.66070771187886E+02 -0.56180355583042E+02  0.15372504499547E+03  0.13610150353922E+03 -0.66769141762342E+05  0.24098611150710E+05  0.72723828423880E+03 -0.34111974890926E+03 -0.77340269269984E+03 -0.29637342220404E+02 -0.65759767182153E+01 -0.24512863701809E+04  0.28108170788765E+03 -0.24881774649722E+04 -0.12658686629200E+04 -0.11621143236542E+04  0.00000000000000E+00  0.00000000000000E+00  0.22837878332219E+01 -0.49276207897189E+02 -0.65259227421765E+01  0.00000000000000E+00  0.00000000000000E+00  0.30654993306006E+05  0.00000000000000E+00  0.00000000000000E+00  0.00000000000000E+00  0.00000000000000E+00  0.00000000000000E+00  0.00000000000000E+00  0.00000000000000E+00  0.00000000000000E+00  0.00000000000000E+00  0.00000000000000E+00  0.00000000000000E+00  0.00000000000000E+00  0.00000000000000E+00
  -0.83699197592636E+06  0.20913588548220E+06 -0.39094555729858E+05 -0.65716844963476E+05  0.11962042783893E+05 -0.88651779138305E+04 -0.10098200586133E+05 -0.28023579330724E+06  0.65391229294044E+05  0.10917121198248E+05 -0.20723140432604E+04 -0.52133869887287E+04 -0.61170642734440E+03 -0.93145574920130E+00  0.19590695197689E+04 -0.15797522466429E+03  0.20969229829840E+04  0.98549051652507E+03  0.56006088376347E+06  0.00000000000000E+00  0.00000000000000E+00  0.47549792883115E+03 -0.67483135037915E+04  0.37729101108075E+05  0.00000000000000E+00  0.00000000000000E+00  0.00000000000000E+00  0.57734906159461E+06  0.00000000000000E+00  0.00000000000000E+00  0.00000000000000E+00  0.00000000000000E+00  0.00000000000000E+00  0.00000000000000E+00  0.00000000000000E+00  0.00000000000000E+00  0.00000000000000E+00  0.00000000000000E+00  0.00000000000000E+00  0.00000000000000E+00
  -0.10832369668694E+07  0.26310452540257E+06 -0.50760097801028E+05 -0.34062317527201E+06  0.63051352543716E+05 -0.43920209135359E+05 -0.52705437570329E+05 -0.55535956090471E+06  0.12544581596768E+06  0.22812254621784E+05 -0.41591804912983E+04 -0.69396429728047E-09 -0.21224474050801E-11 -0.26309669075287E-11  0.41863700179953E+04 -0.47044295209750E+03  0.45334936101647E+04  0.24975901038184E+04  0.27292653922810E+07  0.44704893754401E+03  0.45832991871092E+06 -0.47287569782800E+05 -0.12946383890462E+06 -0.48837099832083E+06  0.00000000000000E+00  0.00000000000000E+00  0.00000000000000E+00  0.00000000000000E+00  0.91676404072583E+06  0.00000000000000E+00  0.00000000000000E+00  0.00000000000000E+00  0.00000000000000E+00  0.00000000000000E+00  0.00000000000000E+00  0.00000000000000E+00  0.00000000000000E+00  0.00000000000000E+00  0.00000000000000E+00  0.00000000000000E+00
  -0.20563958835563E+05  0.58070847048914E+04 -0.10071515037211E+04 -0.14143471116092E+04  0.33964250611462E+03 -0.29930150433625E+01 -0.17167559905729E+03 -0.72550101948037E+05  0.23163435857117E+05  0.15283698264370E+04 -0.44349182244520E+03 -0.25309869870182E+04 -0.15669834841451E+03 -0.38068431844371E+01 -0.15238620886897E+04  0.15690522352485E+03 -0.12897269127394E+04 -0.66203259908739E+03  0.17570828798172E+05  0.00000000000000E+00  0.00000000000000E+00  0.00000000000000E+00  0.00000000000000E+00  0.00000000000000E+00  0.00000000000000E+00  0.00000000000000E+00  0.00000000000000E+00  0.00000000000000E+00  0.00000000000000E+00  0.14764569787445E+05  0.00000000000000E+00  0.00000000000000E+00  0.00000000000000E+00  0.00000000000000E+00  0.00000000000000E+00  0.00000000000000E+00  0.00000000000000E+00  0.00000000000000E+00  0.00000000000000E+00  0.00000000000000E+00
  -0.46315363257655E+05  0.13225897378866E+05 -0.22782912589396E+04 -0.24887235174327E+04  0.57812512351294E+03 -0.34551473683363E+02 -0.29235666756926E+03 -0.16212547778459E+06  0.51882934010488E+05  0.33425239994631E+04 -0.99097631673785E+03 -0.74068868817026E+02 -0.19553929462674E+02 -0.25474698962532E-04 -0.29614854387859E+04  0.30377009800036E+03 -0.25164774684133E+04 -0.12924149538633E+04  0.31267169013872E+05 -0.74999977858182E+01 -0.46180368576386E+04 -0.18039879065919E+03 -0.45022892715092E+03 -0.21081302771039E+04  0.00000000000000E+00  0.00000000000000E+00  0.00000000000000E+00  0.00000000000000E+00  0.00000000000000E+00  0.00000000000000E+00  0.31764561241580E+05  0.00000000000000E+00  0.00000000000000E+00  0.00000000000000E+00  0.00000000000000E+00  0.00000000000000E+00  0.00000000000000E+00  0.00000000000000E+00  0.00000000000000E+00  0.00000000000000E+00
  -0.30760404237864E+04  0.42105871656242E+03 -0.11903318252587E+03 -0.73931871437662E+02  0.95569516538222E+01 -0.19566560803585E+02 -0.13765029091371E+02 -0.13280362405278E+04  0.17916017126563E+03  0.43074422629228E+02 -0.11146302964985E+02 -0.83262847607769E+02 -0.66571011440552E+01 -0.15369093237749E+00 -0.71493985126310E+03  0.78284152491855E+02 -0.61703973263605E+03 -0.34332864560873E+03  0.22881370076407E+03  0.00000000000000E+00  0.00000000000000E+00  0.00000000000000E+00  0.00000000000000E+00  0.00000000000000E+00  0.00000000000000E+00  0.00000000000000E+00  0.00000000000000E+00  0.00000000000000E+00  0.00000000000000E+00  0.00000000000000E+00  0.00000000000000E+00  0.37856553533189E+04  0.00000000000000E+00  0.00000000000000E+00  0.00000000000000E+00  0.00000000000000E+00  0.00000000000000E+00  0.00000000000000E+00  0.00000000000000E+00  0.00000000000000E+00
  -0.19832140902531E+06  0.63446311148564E+05 -0.99487741389857E+04 -0.11750696939587E+05  0.29838094114932E+04  0.33699857440025E+03 -0.10768126936851E+04 -0.56760686296539E+04  0.61621090217789E+03  0.57457591212118E+03 -0.49324077134878E+02 -0.21706894671709E+00 -0.15708436590025E+00  0.12330434086232E-12  0.24368115728857E+03 -0.64616200843959E+02  0.89951606553789E+02  0.11774148488532E+03  0.18209571091790E+06  0.00000000000000E+00  0.00000000000000E+00  0.22768396705311E+04  0.31398934586345E+04  0.16005856907248E+05  0.00000000000000E+00  0.00000000000000E+00  0.00000000000000E+00  0.00000000000000E+00  0.00000000000000E+00  0.00000000000000E+00  0.00000000000000E+00  0.00000000000000E+00  0.10557056171589E+06  0.00000000000000E+00  0.00000000000000E+00  0.00000000000000E+00  0.00000000000000E+00  0.00000000000000E+00  0.00000000000000E+00  0.00000000000000E+00
  -0.22367747623260E+06  0.71002832804428E+05 -0.11184760376547E+05 -0.52622557043258E+05  0.13140633710353E+05  0.11241142220821E+04 -0.49811781557755E+04 -0.11134473213015E+05  0.12446430571997E+04  0.10879414754097E+04 -0.96559941701214E+02 -0.14142388704416E-09 -0.56376567805144E-11 -0.13012162788861E-12  0.43450099346447E+03 -0.11374133691239E+03  0.17429744135805E+03  0.21729579678191E+03  0.79477886075261E+06  0.22734218936476E+03  0.95317984344970E+05 -0.59094256826903E+04 -0.18065781372592E+05 -0.82015483123395E+05  0.00000000000000E+00  0.00000000000000E+00  0.00000000000000E+00  0.00000000000000E+00  0.00000000000000E+00  0.00000000000000E+00  0.00000000000000E+00  0.00000000000000E+00  0.00000000000000E+00  0.13854610606184E+06  0.00000000000000E+00  0.00000000000000E+00  0.00000000000000E+00  0.00000000000000E+00  0.00000000000000E+00  0.00000000000000E+00
  -0.90936405653138E+04  0.24662942646831E+04 -0.43656200287795E+03 -0.25108254853918E+04  0.48270258375445E+03 -0.27333997326835E+03 -0.37502823046623E+03  0.86091346321894E+02 -0.12023553969968E+04  0.13447722407933E+03 -0.15210575640188E+02 -0.18368217850706E+01 -0.19265009492290E+00 -0.18794117682410E-02 -0.28241860386284E+04  0.42731754841628E+03 -0.27034193901331E+04 -0.17514226298835E+04  0.24549666344503E+05  0.00000000000000E+00  0.00000000000000E+00  0.00000000000000E+00  0.00000000000000E+00  0.00000000000000E+00  0.00000000000000E+00  0.00000000000000E+00  0.00000000000000E+00  0.00000000000000E+00  0.00000000000000E+00  0.00000000000000E+00  0.00000000000000E+00  0.00000000000000E+00  0.00000000000000E+00  0.00000000000000E+00  0.83031419947270E+04  0.00000000000000E+00  0.00000000000000E+00  0.00000000000000E+00  0.00000000000000E+00  0.00000000000000E+00
  -0.32231200002092E+04  0.78387889233970E+03 -0.15208451115352E+03 -0.98056079885500E+03  0.17913230479945E+03 -0.13780884947747E+03 -0.15804544983384E+03  0.17393352062538E+03 -0.67216534139409E+03  0.60117744581723E+02 -0.71916035439318E+01 -0.79190822981642E+00 -0.75097804762571E-01 -0.10333602992372E-02 -0.15038472553222E+04  0.21159434635381E+03 -0.14504809678085E+04 -0.90312207004580E+03  0.77553358673447E+04  0.00000000000000E+00  0.00000000000000E+00  0.00000000000000E+00  0.00000000000000E+00  0.00000000000000E+00  0.00000000000000E+00  0.00000000000000E+00  0.00000000000000E+00  0.00000000000000E+00  0.00000000000000E+00  0.00000000000000E+00  0.00000000000000E+00  0.00000000000000E+00  0.00000000000000E+00  0.00000000000000E+00  0.00000000000000E+00  0.42606972729258E+04  0.00000000000000E+00  0.00000000000000E+00  0.00000000000000E+00  0.00000000000000E+00
  -0.14853614843061E+05 -0.23712798849607E+04  0.56013913902385E+02 -0.94686508399835E+04  0.33294028546828E+03 -0.30317375399615E+04 -0.12731743652945E+04 -0.26178558717289E+06  0.11156357766534E+06  0.30833609220894E+04 -0.11573696016868E+04  0.29859882558888E+03  0.29725857298269E+02 -0.16524149226894E+01 -0.24533336360722E+04 -0.28675615886262E+03  0.14074007331915E+04  0.14902709425592E+04 -0.18621267884172E+05  0.00000000000000E+00  0.00000000000000E+00  0.00000000000000E+00  0.00000000000000E+00  0.00000000000000E+00  0.00000000000000E+00  0.00000000000000E+00  0.00000000000000E+00  0.00000000000000E+00  0.00000000000000E+00  0.00000000000000E+00  0.00000000000000E+00  0.00000000000000E+00  0.00000000000000E+00  0.00000000000000E+00  0.00000000000000E+00  0.00000000000000E+00  0.12387549949150E+06  0.00000000000000E+00  0.00000000000000E+00  0.00000000000000E+00
   0.16601387245837E+05 -0.22436996481831E+04  0.72836513954646E+03 -0.15685230087061E+05  0.24949532890707E+04 -0.33817902261114E+04 -0.31651819275119E+04 -0.86052342993076E+04  0.15853003401741E+04  0.44041146145136E+03 -0.69135126928522E+02  0.32051312008469E+03  0.71936620186956E+02  0.78838444101454E-04  0.18059089648990E+03 -0.32168239555952E+02  0.23259776323854E+03  0.16207700179877E+03  0.43871270192252E+05  0.11693854823404E+02 -0.16174292857591E+05  0.16803983990473E+04  0.42192450272603E+04  0.19872559543529E+05  0.00000000000000E+00  0.00000000000000E+00  0.00000000000000E+00  0.00000000000000E+00  0.00000000000000E+00  0.00000000000000E+00  0.00000000000000E+00  0.00000000000000E+00  0.00000000000000E+00  0.00000000000000E+00  0.00000000000000E+00  0.00000000000000E+00  0.00000000000000E+00  0.39305497207079E+05  0.00000000000000E+00  0.00000000000000E+00
  -0.70457030316417E+05  0.85340956010960E+04 -0.25670221502569E+04 -0.71865730572828E+04  0.81891294465335E+03 -0.18490036512344E+04 -0.11484657149633E+04 -0.13664594572081E+06  0.44152257644350E+05  0.27815509484702E+04 -0.83323730326926E+03 -0.28686155006179E+04 -0.20447860099506E+03 -0.35714406163911E+01 -0.83669427945268E+03  0.23898746071146E+03 -0.16970769479688E+04 -0.11767970510466E+04  0.20416407741974E+05  0.00000000000000E+00  0.00000000000000E+00 -0.39631984762304E+03 -0.21502283335327E+04  0.15636072407957E+04  0.00000000000000E+00  0.00000000000000E+00  0.00000000000000E+00  0.00000000000000E+00  0.00000000000000E+00  0.00000000000000E+00  0.00000000000000E+00  0.00000000000000E+00  0.00000000000000E+00  0.00000000000000E+00  0.00000000000000E+00  0.00000000000000E+00  0.00000000000000E+00  0.00000000000000E+00  0.94903924677388E+05  0.00000000000000E+00
  -0.55623670779343E+05  0.71582700286803E+04 -0.20823614079095E+04 -0.21275571896976E+05  0.25147526563853E+04 -0.53355768349539E+04 -0.34226829784281E+04 -0.16990023405923E+06  0.54353243653495E+05  0.35430754424813E+04 -0.10442521765221E+04  0.22217694711844E-10 -0.60248009896276E-11 -0.11266671092307E-11 -0.94117947811743E+03  0.26766988527822E+03 -0.18837695138933E+04 -0.13076299069991E+04  0.62805543799224E+05 -0.26797209189906E+02  0.15243136623467E+05 -0.30806452554948E+04 -0.88907481687915E+04 -0.29533371404877E+05  0.00000000000000E+00  0.00000000000000E+00  0.00000000000000E+00  0.00000000000000E+00  0.00000000000000E+00  0.00000000000000E+00  0.00000000000000E+00  0.00000000000000E+00  0.00000000000000E+00  0.00000000000000E+00  0.00000000000000E+00  0.00000000000000E+00  0.00000000000000E+00  0.00000000000000E+00  0.00000000000000E+00  0.99546363212439E+05

 # Covariance matrix (Bevington epsilon)
