# fitpack15: fit parameters                                                                         
# CJ15 AV18 final data choices                                                                      
# Created on 02/03/2020 at 20:05:09                                                                 

 # QCD setup
  INS                           0
  NVL                          11
  IORD                          1
  Q02                   1.6899999999999999     
  IPARAMC                       7
  FLAVOR                4.0000000000000000     
  xmc                   1.3000000000000000     
  xmb                   4.5000000000000000     
  ncb                          12
  ihq                           1
  ias                           0

 # Theory corrections
  inuke                     10114
  itmc                          1
  iht                           2

 # fit parameters
 LAMBDA       0.22680        0.0000    
 a0uv          1.8054        0.0000    
 a1uv         0.55340       0.25513E-01
 a2uv          3.6036       0.12117E-01
 a3uv          0.0000        0.0000    
 a4uv          5.2440       0.75956    
 a5uv          0.0000        0.0000    
 a0dv          25.125        0.0000    
 a1dv          1.1647       0.34426E-01
 a2dv          6.5607       0.18042    
 a3dv         -3.4822       0.98087E-01
 a4dv          4.6200       0.15051    
 a5dv          0.0000        0.0000    
 a0ud         0.14154       0.49852E-02
 a1ud        -0.21115       0.38220E-02
 a2ud          8.7153       0.19772    
 a3ud          0.0000        0.0000    
 a4ud          16.467        1.3753    
 a5ud          0.0000        0.0000    
 a0du          35712.        0.0000    
 a1du          4.2253       0.12580    
 a2du          20.963        1.2689    
 a3du          17.000        0.0000    
 a4du          59.979        14.885    
 a0g           45.159        0.0000    
 a1g          0.60099       0.28225E-01
 a2g           5.6848       0.75304    
 a3g          -3.3755       0.11564    
 a4g           3.1771       0.24133    
 a5g           0.0000        0.0000    
 kappa        0.40000        0.0000    
 a6dv        -0.32800E-02   0.72346E-03
 a7dv          2.0000        0.0000    
 off1        -0.34627E-01   0.12044    
 off2         -1.6390       0.75571    
 off3          3.7599        1.0847    
 ht1          -4.3718        1.1983    
 ht2           2.3245       0.21992    
 ht3          -2.1264       0.31816E-01
 ht4           2.7170       0.16329    
 dummy41       0.0000        0.0000    
 dummy42       0.0000        0.0000    
 dummy43       0.0000        0.0000    
 dummy44       0.0000        0.0000    
 dummy45       0.0000        0.0000    
 dummy46       0.0000        0.0000    
 dummy47       0.0000        0.0000    
 dummy48       0.0000        0.0000    
 dummy49       0.0000        0.0000    
 bcdmsh2      0.97059       0.49112E-02
 bcdmsd2      0.99402       0.59135E-02
 ccfr          1.0000        0.0000    
 nutev         1.0000        0.0000    
 zeus         0.97998        0.0000    
 h1            1.0162        0.0000    
 e605          1.0319        0.0000    
 NmcH2         1.0074       0.71637E-02
 ntv_nu        1.0000        0.0000    
 ntv_nuba      1.0000        0.0000    
 cdf_jet      0.98910        0.0000    
 d0_jet       0.83504        0.0000    
 slac_p        1.0020       0.49608E-02
 slac_d        1.0019       0.53802E-02
 e866pp       0.99389       0.20008E-01
 e866pd       0.95381       0.17358E-01
 d0_gamje      1.0388       0.16513E-01
 h1b          0.97608        0.0000    
 jlab_p       0.98523       0.58416E-02
 jlab_d       0.97622       0.60443E-02
 blank         1.0000        0.0000    
 d0run2       0.95359       0.15381E-01
 cdfrun2      0.93734       0.17805E-01
 HERA_el       1.0000        0.0000    
 HERA_ps       1.0000        0.0000    
 CDF_Z        0.95569       0.67294E-02
 NmcRat        1.0000        0.0000    
 BNS_F2nd     0.95667       0.73768E-02
 HERMES_F     0.99503       0.56727E-02
 HERMES_F     0.97824       0.58879E-02
 END 0. 0.

 # Hessian matrix (Bevington alpha)
   0.48735004088490E+07 -0.11816608383256E+07  0.16135998211221E+06  0.45457188754954E+06 -0.12005656069836E+06 -0.12647482863784E+05  0.59295314580676E+05  0.98489494057607E+06 -0.18596453204709E+06 -0.47652902187489E+05  0.69875719999202E+04  0.11536977895866E+05  0.12597327547715E+04 -0.96516751204074E+02  0.12109963326925E+05 -0.29378779146052E+04  0.16815706540682E+05  0.11957633160870E+05 -0.66363513716494E+07 -0.63802696409362E+05 -0.27043244052522E+05 -0.12646139010518E+05 -0.17821433107995E+05 -0.11645974360800E+05 -0.25406278731145E+06 -0.10311962063675E+06 -0.13351075557981E+06 -0.56378248658833E+05 -0.54608742486626E+04 -0.85603149733406E+06 -0.11013535663853E+07 -0.21038646728538E+05 -0.48611973789806E+05 -0.32364748239128E+04 -0.19087823557360E+06 -0.20826160871757E+06 -0.89380348627076E+04 -0.31847177704236E+04 -0.19550606989943E+05  0.18148165068780E+05 -0.76040419378077E+05 -0.59726667134020E+05
  -0.11816608383256E+07  0.35363540553549E+06 -0.39790516629192E+05 -0.11687706989839E+06  0.31245676757117E+05  0.64711230752932E+04 -0.12043031742907E+05 -0.11686033115494E+06  0.25496269377556E+05  0.65002553097371E+04 -0.77959054966207E+03 -0.86363143240540E+03 -0.96982161216289E+02  0.11585942545888E+02  0.55850459187313E+03 -0.69413283504415E+01  0.32554203710336E+03  0.14520123671561E+03  0.21384941065650E+07  0.15492423162556E+05  0.74836961799677E+04  0.38429500447107E+04  0.79813916863152E+04  0.11441945871294E+05  0.73888149508991E+05  0.41376745022481E+05  0.16892915052330E+05  0.82783001088071E+04 -0.18106710312667E+03  0.20042872680177E+06  0.25055588200918E+06  0.56853053094963E+04  0.13363598008237E+05  0.42134062069775E+03  0.58747099881702E+05  0.63581911962694E+05  0.23407023319384E+04  0.74850867096653E+03 -0.20889329531111E+04 -0.23900110341903E+04  0.86631384789885E+04  0.72144079368791E+04
   0.16135998211221E+06 -0.39790516629192E+05  0.53767821553341E+04  0.14704166011727E+05 -0.40059600389881E+04 -0.65226702087210E+03  0.18842075144225E+04  0.24797990488315E+05 -0.45509611263128E+04 -0.14017740639906E+04  0.17902350160094E+03  0.28994806206145E+03  0.35314231899961E+02 -0.32983691742066E+01 -0.17592378572611E+03 -0.29839719348562E+02 -0.64647140622859E+02  0.57115411687992E+02 -0.22361704061364E+06 -0.20945458643414E+04 -0.89900833511354E+03 -0.42304347243890E+03 -0.62256025001851E+03 -0.53121974773019E+03 -0.85097818426502E+04 -0.34987858100731E+04 -0.42330237239850E+04 -0.17864422022834E+04  0.84764157715981E+01 -0.27736778957584E+05 -0.35875434579543E+05 -0.70567073862048E+03 -0.16364762439493E+04 -0.91704794140963E+02 -0.64529154627666E+04 -0.70376940345414E+04 -0.29642946414080E+03 -0.10490750545118E+03 -0.11586509331890E+03  0.58321777653137E+03 -0.20549127304943E+04 -0.16472889482747E+04
   0.45457188754954E+06 -0.11687706989839E+06  0.14704166011727E+05  0.38857148789268E+06 -0.60725979616430E+05  0.79744856620452E+05  0.66347712046367E+05  0.34908794265444E+06 -0.26727353371532E+05 -0.17215823862654E+05  0.29580038252632E+04 -0.11326609357285E+04 -0.11617417443241E+03  0.48668754775138E+02  0.32019647276449E+05 -0.42171220198699E+04  0.34497707320416E+05  0.19577889364405E+05 -0.20652592583943E+07 -0.18367610785546E+05 -0.72452896287599E+04 -0.30649659500998E+04 -0.14000123991556E+04  0.27948156889327E+04 -0.46276943330275E+05 -0.11286061053559E+05 -0.12670138960389E+05 -0.21050171100316E+05 -0.46577293712544E+02 -0.65178677697936E+05 -0.33661160287269E+06 -0.12309166487264E+04 -0.24878874342887E+04 -0.68450011199864E+02 -0.10921482962832E+05 -0.47361291424695E+05 -0.23576857026563E+04 -0.92528717527844E+03 -0.97701074381559E+04 -0.17584608035986E+05 -0.72640860705718E+04 -0.21530669289455E+05
  -0.12005656069836E+06  0.31245676757117E+05 -0.40059600389881E+04 -0.60725979616430E+05  0.11345359422038E+05 -0.85276833832102E+04 -0.96819831376259E+04 -0.31000466529483E+05  0.21251765417931E+03  0.21767230471298E+04 -0.28798119419860E+03 -0.56835017282939E+01  0.42581541965899E+01 -0.43212271693930E+01 -0.27708397277997E+04  0.38051315086831E+03 -0.28516609092029E+04 -0.16562281495219E+04  0.45906468466048E+06  0.34252024236005E+04  0.15050390703078E+04  0.68189956198616E+03  0.58052031365213E+03  0.49989626655582E+03  0.10276864584326E+05  0.31800080569204E+04  0.19887790942015E+04  0.33678190245696E+04 -0.58891805670170E+02  0.11840637360919E+05  0.62323629312278E+05  0.30305390323992E+03  0.58935510603054E+03  0.88093899361506E+01  0.28062132788318E+04  0.12036804522889E+05  0.46167842001338E+03  0.17162929612538E+03  0.36577773844887E+03  0.27852725980078E+04  0.82305644335304E+03  0.25307525219805E+04
  -0.12647482863784E+05  0.64711230752932E+04 -0.65226702087210E+03  0.79744856620452E+05 -0.85276833832102E+04  0.25587106831089E+05  0.15728247058341E+05  0.11071739746863E+06 -0.10223256649190E+05 -0.46433832688630E+04  0.92138316963296E+03 -0.54396299597272E+03 -0.50310667677885E+02  0.16631475307831E+02  0.98344486961667E+04 -0.13162540955435E+04  0.10888839616835E+05  0.62461054999082E+04 -0.94117811797666E+05 -0.23691202798297E+04 -0.59652638461069E+03 -0.13021174674069E+03  0.64996851821075E+03  0.29539679171429E+04 -0.23174309078426E+04  0.14550298944714E+04 -0.28864615640129E+04 -0.44610962518523E+04  0.16478297125935E+03 -0.96671403133300E+04 -0.47714552252176E+05 -0.41487699242630E+01 -0.46248792063428E+02 -0.18782551399343E+02  0.22187506342469E+03  0.72880088682287E+03 -0.26954274103129E+03 -0.13542915753834E+03 -0.31168661534260E+04 -0.39728044182812E+04 -0.19197472496270E+04 -0.55637902303461E+04
   0.59295314580676E+05 -0.12043031742907E+05  0.18842075144225E+04  0.66347712046367E+05 -0.96819831376259E+04  0.15728247058341E+05  0.12239347519498E+05  0.59809324909157E+05 -0.31704830909122E+04 -0.32059560178029E+04  0.52492719061492E+03 -0.18336316105737E+03 -0.20650626950916E+02  0.86975552646848E+01  0.51277955864024E+04 -0.70631804942196E+03  0.54571472138429E+04  0.31889347898165E+04 -0.25503848401355E+06 -0.27763331554553E+04 -0.10081209889054E+04 -0.37933296295023E+03  0.11823396458043E+03  0.13407298688139E+04 -0.60082421777389E+04 -0.46865350000355E+03 -0.25341336720425E+04 -0.40039966519729E+04  0.14258190115852E+03 -0.10496569112017E+05 -0.54679272619153E+05 -0.15522113171906E+03 -0.30677356441193E+03 -0.13067064872741E+02 -0.10726291696828E+04 -0.47864197735209E+04 -0.36434588499290E+03 -0.15374585098488E+03 -0.13265466414805E+04 -0.36375125738247E+04 -0.11836133433330E+04 -0.35411641936139E+04
   0.98489494057607E+06 -0.11686033115494E+06  0.24797990488315E+05  0.34908794265444E+06 -0.31000466529483E+05  0.11071739746863E+06  0.59809324909157E+05  0.54606725307770E+07 -0.24366125254535E+07 -0.88512782155743E+05  0.25474993740454E+05  0.20181219741120E+05  0.13613589331329E+04  0.79517119635101E+02  0.90313458427486E+05 -0.12080563942463E+05  0.11327726283734E+06  0.61155899297311E+05 -0.49350320660427E+06 -0.37107835527479E+05 -0.71489558722869E+04 -0.18618903140819E+04  0.65154378604067E+04  0.44134083879436E+05 -0.31353275022682E+05  0.56270953210473E+04 -0.61327744315943E+05 -0.48263656694853E+05 -0.71650148995236E+05 -0.29579636311846E+06 -0.56993323983146E+06 -0.73652828096253E+05 -0.16891974912696E+06 -0.14737929736041E+04 -0.48487441453270E+04 -0.93528533076571E+04  0.80124172547147E+03  0.46539111766700E+03 -0.27479440251832E+06 -0.91064428125440E+04 -0.14821336185419E+06 -0.17942198095536E+06
  -0.18596453204709E+06  0.25496269377556E+05 -0.45509611263128E+04 -0.26727353371532E+05  0.21251765417931E+03 -0.10223256649190E+05 -0.31704830909122E+04 -0.24366125254535E+07  0.19359580979572E+07  0.19490229507761E+05 -0.63402346435612E+04 -0.42933720901742E+04 -0.23792898577992E+03 -0.10797279529157E+02  0.48798824545707E+05 -0.24172954456620E+04  0.19074485268934E+05  0.96504661041680E+04 -0.37206994816609E+05  0.92533967876278E+04  0.14306577997871E+04  0.32138342825433E+03 -0.15399912518157E+04 -0.10883334031800E+05  0.51075635572793E+04 -0.13259228081084E+04  0.11242436886861E+05  0.10413832665948E+05  0.25189502895720E+05  0.67810845216294E+05  0.12641103085366E+06  0.22851219022355E+05  0.52510924172327E+05  0.21205264854534E+03  0.58568749968335E+03  0.11366529236139E+04 -0.13972983277173E+04 -0.74802439460285E+03  0.11329807349397E+06  0.16342315543680E+04  0.46373084339255E+05  0.55661304219878E+05
  -0.47652902187489E+05  0.65002553097371E+04 -0.14017740639906E+04 -0.17215823862654E+05  0.21767230471298E+04 -0.46433832688630E+04 -0.32059560178029E+04 -0.88512782155743E+05  0.19490229507761E+05  0.25496921974552E+04 -0.58430713829348E+03 -0.49458457082385E+03 -0.43315471074932E+02 -0.13736562990404E+01 -0.40851361979094E+04  0.53523752798011E+03 -0.45350692639944E+04 -0.25795965818430E+04  0.48355035265217E+05  0.12305629754417E+04  0.32567669367657E+03  0.10337552481845E+03 -0.18812285919037E+03 -0.12628959526049E+04  0.18519893616480E+04 -0.10481836955003E+03  0.26325702873050E+04  0.17888801350785E+04  0.74131302837471E+03  0.10683308603536E+05  0.21811845134043E+05  0.14482261103658E+04  0.32744606380988E+04  0.44110591819006E+02  0.44659524062815E+03  0.83556627780347E+03  0.10930487153663E+03  0.50056573005588E+02  0.30894899139214E+04  0.44789009883637E+03  0.28629439559296E+04  0.35481625490735E+04
   0.69875719999202E+04 -0.77959054966207E+03  0.17902350160094E+03  0.29580038252632E+04 -0.28798119419860E+03  0.92138316963296E+03  0.52492719061492E+03  0.25474993740454E+05 -0.63402346435612E+04 -0.58430713829348E+03  0.15681916341717E+03  0.13604607959275E+03  0.98790945964912E+01  0.50907470321841E+00  0.12067110441772E+04 -0.14129041467969E+03  0.12777232946384E+04  0.69699551357078E+03 -0.50770482744481E+04 -0.23065427516344E+03 -0.48414314799062E+02 -0.13116014910163E+02  0.42119482100749E+02  0.27893589591641E+03 -0.22386165421553E+03  0.37042724544065E+02 -0.43197457089911E+03 -0.32027172781814E+03 -0.33129370472468E+03 -0.19157814131185E+04 -0.37359174023816E+04 -0.40121667627266E+03 -0.91967061757865E+03 -0.10767418717953E+02 -0.35790238003880E+02 -0.69154259394633E+02 -0.92101186301626E+01 -0.46229286934319E+01 -0.10966126999741E+04 -0.63893040360008E+02 -0.80638183464171E+03 -0.98219846306185E+03
   0.11536977895866E+05 -0.86363143240540E+03  0.28994806206145E+03 -0.11326609357285E+04 -0.56835017282939E+01 -0.54396299597272E+03 -0.18336316105737E+03  0.20181219741120E+05 -0.42933720901742E+04 -0.49458457082385E+03  0.13604607959275E+03  0.85566649705781E+03  0.58092787766488E+02 -0.10720187392825E+01  0.99148112359959E+03 -0.14952957015556E+03  0.13994320813869E+04  0.80337323907449E+03 -0.41870768685947E+04  0.18802319819904E+03  0.18615470328643E+02  0.12246622316985E+00  0.31963930269863E+02  0.23430076083541E+03 -0.44741552830181E+02  0.25214844432993E+02 -0.81251329030214E+03  0.28485584506910E-10 -0.47432852654761E+03 -0.37122261332139E+04 -0.91064974761298E-09 -0.15849081280123E+04 -0.45571150473772E+02 -0.56235120386173E+02 -0.92082533967765E-01  0.69372965516189E-10 -0.12231484053731E+01 -0.53166627246654E+00  0.19513229399902E+03  0.22714867909913E+03 -0.19724093210982E+04 -0.10860560517533E-11
   0.12597327547715E+04 -0.96982161216289E+02  0.35314231899961E+02 -0.11617417443241E+03  0.42581541965899E+01 -0.50310667677885E+02 -0.20650626950916E+02  0.13613589331329E+04 -0.23792898577992E+03 -0.43315471074932E+02  0.98790945964912E+01  0.58092787766488E+02  0.52254327089923E+01 -0.11681586012139E+00  0.57897972313726E+02 -0.10402864082635E+02  0.89242160831203E+02  0.55028498762266E+02 -0.20134279208184E+03  0.10026266563605E+02  0.13340300139449E+01  0.12288441935285E-01  0.37015461273199E+01  0.24269429620245E+02 -0.76085377077508E+01  0.35653484779279E+01 -0.11532763137449E+03 -0.18161371883695E-11 -0.19019933785710E+02 -0.42567873233845E+03 -0.43054991437652E-10 -0.10008700479456E+03 -0.11582390322432E+02 -0.45505307107845E+01 -0.65835064013186E-01  0.15078915902599E-10 -0.12668009010972E+00 -0.50257849796600E-01  0.19604393335067E+02  0.49703748609648E+02 -0.14368064438423E+03  0.21451976385142E-12
  -0.96516751204074E+02  0.11585942545888E+02 -0.32983691742066E+01  0.48668754775138E+02 -0.43212271693930E+01  0.16631475307831E+02  0.86975552646848E+01  0.79517119635101E+02 -0.10797279529157E+02 -0.13736562990404E+01  0.50907470321841E+00 -0.10720187392825E+01 -0.11681586012139E+00  0.35985181845849E-01  0.11885633585904E+02 -0.93020548646246E+00  0.87431198802231E+01  0.41603176585146E+01 -0.68595746461749E+02  0.11596315641117E+01 -0.34381285652138E-01 -0.16522093486102E-01 -0.40095649611984E-02  0.16949421230264E-01 -0.24802649713833E-02 -0.15089954390750E-01  0.55539708183106E-01  0.18165857255460E-12 -0.46181518736143E+01 -0.43581867486519E+00 -0.31590856089263E-11 -0.20501433808009E+01 -0.32326953158852E-05 -0.10203119726826E+00 -0.79182516097847E-13  0.16081877536898E-13 -0.12000402943657E-02 -0.66927583010973E-03 -0.16669121508694E+01  0.65577265056566E-05 -0.20923800490154E+01 -0.24608984123370E-12
   0.12109963326925E+05  0.55850459187313E+03 -0.17592378572611E+03  0.32019647276449E+05 -0.27708397277997E+04  0.98344486961667E+04  0.51277955864024E+04  0.90313458427486E+05  0.48798824545707E+05 -0.40851361979094E+04  0.12067110441772E+04  0.99148112359959E+03  0.57897972313726E+02  0.11885633585904E+02  0.51451133092797E+05 -0.50908393896871E+04  0.45953189985619E+05  0.24287431063450E+05 -0.58694783068349E+05  0.36810521299440E+02  0.58082194048549E+02  0.27930815191502E+02 -0.71248084871117E+01 -0.11485978923553E+03  0.86871682825544E+03  0.86016217339864E+02 -0.30611096186876E+04 -0.19887566444614E+04 -0.25024511098876E+04  0.18371909652551E+04  0.41322755106311E+04 -0.14841601457018E+04 -0.31027480169113E+04 -0.74362771204364E+03  0.38144906215977E+03  0.63752163717395E+03 -0.31347847348889E+04 -0.16244808327265E+04 -0.20526948688492E+04  0.22568612539486E+03 -0.99447426140204E+03 -0.11251005984666E+04
  -0.29378779146052E+04 -0.69413283504415E+01 -0.29839719348562E+02 -0.42171220198699E+04  0.38051315086831E+03 -0.13162540955435E+04 -0.70631804942196E+03 -0.12080563942463E+05 -0.24172954456620E+04  0.53523752798011E+03 -0.14129041467969E+03 -0.14952957015556E+03 -0.10402864082635E+02 -0.93020548646246E+00 -0.50908393896871E+04  0.59135922248467E+03 -0.52542704270960E+04 -0.28836763623876E+04  0.78401346742907E+04  0.10559177412247E+02 -0.80474939849588E+01 -0.52563215709916E+01 -0.97085654462924E+01 -0.34123863081065E+02 -0.18422137434202E+03 -0.38921866576491E+02  0.60228063816219E+03  0.37703226885991E+03  0.29812285919268E+03 -0.10526386328863E+03 -0.40408282360460E+03  0.16595823839209E+03  0.34337826876177E+03  0.87249171571703E+02 -0.10372693848709E+03 -0.17111778523992E+03  0.52181850208610E+03  0.24971240877921E+03 -0.41008643144297E+03 -0.39772431926496E+02  0.28899776699756E+03  0.32632062001113E+03
   0.16815706540682E+05  0.32554203710336E+03 -0.64647140622859E+02  0.34497707320416E+05 -0.28516609092029E+04  0.10888839616835E+05  0.54571472138429E+04  0.11327726283734E+06  0.19074485268934E+05 -0.45350692639944E+04  0.12777232946384E+04  0.13994320813869E+04  0.89242160831203E+02  0.87431198802231E+01  0.45953189985619E+05 -0.52542704270960E+04  0.47788174585523E+05  0.25963428355395E+05 -0.61686544340266E+05  0.10995212032719E+02  0.76526180303641E+02  0.33061997053159E+02 -0.78858822694917E+02 -0.30851028438061E+03  0.97068186709835E+03 -0.11752817138484E+03 -0.39300063115261E+04 -0.24816195437523E+04 -0.30734704562844E+04  0.27390433478571E+04  0.63084172609167E+04 -0.14972072899127E+04 -0.31436835839977E+04 -0.79130957483451E+03  0.15475214730390E+03  0.28585465340413E+03 -0.36267016400524E+04 -0.19186712450882E+04  0.25183144661008E+04  0.41359642758491E+03 -0.24380578453509E+04 -0.27167740872330E+04
   0.11957633160870E+05  0.14520123671561E+03  0.57115411687992E+02  0.19577889364405E+05 -0.16562281495219E+04  0.62461054999082E+04  0.31889347898165E+04  0.61155899297311E+05  0.96504661041680E+04 -0.25795965818430E+04  0.69699551357078E+03  0.80337323907449E+03  0.55028498762266E+02  0.41603176585146E+01  0.24287431063450E+05 -0.28836763623876E+04  0.25963428355395E+05  0.14279834623017E+05 -0.35213714447034E+05 -0.22836011210044E+02  0.45415121125697E+02  0.22956708230263E+02 -0.19238437888394E+02 -0.50197468656500E+02  0.73200713821840E+03 -0.86761124096398E+01 -0.27063735904424E+04 -0.16775851338001E+04 -0.15376779187128E+04  0.12024488244839E+04  0.32929949084896E+04 -0.76903506936872E+03 -0.16105088130220E+04 -0.43783402122415E+03  0.20045970152305E+03  0.34996714234601E+03 -0.23546738581063E+04 -0.11925521103318E+04  0.22943875430825E+04  0.27042467002787E+03 -0.16226516448131E+04 -0.18124095778565E+04
  -0.66363513716494E+07  0.21384941065650E+07 -0.22361704061364E+06 -0.20652592583943E+07  0.45906468466048E+06 -0.94117811797666E+05 -0.25503848401355E+06 -0.49350320660427E+06 -0.37206994816609E+05  0.48355035265217E+05 -0.50770482744481E+04 -0.41870768685947E+04 -0.20134279208184E+03 -0.68595746461749E+02 -0.58694783068349E+05  0.78401346742907E+04 -0.61686544340266E+05 -0.35213714447034E+05  0.29318359672399E+08  0.16225254662287E+06  0.82746653708854E+05  0.43258272767603E+05  0.64239467137379E+05  0.97841518567391E+05  0.57619422942536E+06  0.32660669826954E+06  0.34608981109340E+05  0.76649750020914E+05 -0.12090354334119E+04  0.54198784320314E+06  0.26286228210391E+07  0.15956740819762E+05  0.32148744036957E+05  0.20730560506509E+03  0.17133634891172E+06  0.72430829220521E+06  0.23745751270693E+05  0.75422413546636E+04 -0.18042366100265E+05  0.49595687418216E+05  0.20465299038656E+05  0.62840742488725E+05
  -0.63802696409362E+05  0.15492423162556E+05 -0.20945458643414E+04 -0.18367610785546E+05  0.34252024236005E+04 -0.23691202798297E+04 -0.27763331554553E+04 -0.37107835527479E+05  0.92533967876278E+04  0.12305629754417E+04 -0.23065427516344E+03  0.18802319819904E+03  0.10026266563605E+02  0.11596315641117E+01  0.36810521299440E+02  0.10559177412247E+02  0.10995212032719E+02 -0.22836011210044E+02  0.16225254662287E+06  0.29767653173978E+04  0.98353833439707E+03  0.42037494010155E+03  0.23911123561135E+03 -0.23915584785527E+03  0.47075603409374E+04  0.17433313070190E+04  0.00000000000000E+00  0.25915297169898E+04  0.00000000000000E+00  0.00000000000000E+00  0.41059123047843E+05  0.00000000000000E+00  0.00000000000000E+00  0.00000000000000E+00  0.00000000000000E+00  0.57981342444332E+04  0.00000000000000E+00  0.00000000000000E+00  0.00000000000000E+00 -0.18354524471595E+04  0.00000000000000E+00  0.42394836990488E+04
  -0.27043244052522E+05  0.74836961799677E+04 -0.89900833511354E+03 -0.72452896287599E+04  0.15050390703078E+04 -0.59652638461069E+03 -0.10081209889054E+04 -0.71489558722869E+04  0.14306577997871E+04  0.32567669367657E+03 -0.48414314799062E+02  0.18615470328643E+02  0.13340300139449E+01 -0.34381285652138E-01  0.58082194048549E+02 -0.80474939849588E+01  0.76526180303641E+02  0.45415121125697E+02  0.82746653708854E+05  0.98353833439707E+03  0.41715000038682E+03  0.19825346177522E+03  0.17843403828943E+03  0.14511923374385E+03  0.21917907353281E+04  0.10286931829653E+04  0.00000000000000E+00  0.67214929009207E+03  0.00000000000000E+00  0.00000000000000E+00  0.15238252535508E+05  0.00000000000000E+00  0.00000000000000E+00  0.00000000000000E+00  0.00000000000000E+00  0.29067697379138E+04  0.00000000000000E+00  0.00000000000000E+00  0.00000000000000E+00 -0.52771116507343E+03  0.00000000000000E+00  0.87955655902214E+03
  -0.12646139010518E+05  0.38429500447107E+04 -0.42304347243890E+03 -0.30649659500998E+04  0.68189956198616E+03 -0.13021174674069E+03 -0.37933296295023E+03 -0.18618903140819E+04  0.32138342825433E+03  0.10337552481845E+03 -0.13116014910163E+02  0.12246622316985E+00  0.12288441935285E-01 -0.16522093486102E-01  0.27930815191502E+02 -0.52563215709916E+01  0.33061997053159E+02  0.22956708230263E+02  0.43258272767603E+05  0.42037494010155E+03  0.19825346177522E+03  0.10064223843331E+03  0.11130588511706E+03  0.13840770121817E+03  0.10876248502839E+04  0.60288997877103E+03  0.00000000000000E+00  0.19607279446845E+03  0.00000000000000E+00  0.00000000000000E+00  0.65402531738693E+04  0.00000000000000E+00  0.00000000000000E+00  0.00000000000000E+00  0.00000000000000E+00  0.14948683831986E+04  0.00000000000000E+00  0.00000000000000E+00  0.00000000000000E+00 -0.17084879600276E+03  0.00000000000000E+00  0.25960793424137E+03
  -0.17821433107995E+05  0.79813916863152E+04 -0.62256025001851E+03 -0.14000123991556E+04  0.58052031365213E+03  0.64996851821075E+03  0.11823396458043E+03  0.65154378604067E+04 -0.15399912518157E+04 -0.18812285919037E+03  0.42119482100749E+02  0.31963930269863E+02  0.37015461273199E+01 -0.40095649611984E-02 -0.71248084871117E+01 -0.97085654462924E+01 -0.78858822694917E+02 -0.19238437888394E+02  0.64239467137379E+05  0.23911123561135E+03  0.17843403828943E+03  0.11130588511706E+03  0.36444466038495E+03  0.78395286982723E+03  0.19442653856456E+04  0.16387090839740E+04 -0.65558625322742E+02 -0.39503888751627E+02  0.19388248023944E+01  0.11233003779437E+04  0.18414033218751E+04  0.00000000000000E+00  0.00000000000000E+00  0.00000000000000E+00  0.18105474290483E+04  0.29129656595873E+04  0.00000000000000E+00  0.00000000000000E+00  0.00000000000000E+00 -0.14967144481060E+03 -0.30805149580364E+03 -0.33894649410702E+03
  -0.11645974360800E+05  0.11441945871294E+05 -0.53121974773019E+03  0.27948156889327E+04  0.49989626655582E+03  0.29539679171429E+04  0.13407298688139E+04  0.44134083879436E+05 -0.10883334031800E+05 -0.12628959526049E+04  0.27893589591641E+03  0.23430076083541E+03  0.24269429620245E+02  0.16949421230264E-01 -0.11485978923553E+03 -0.34123863081065E+02 -0.30851028438061E+03 -0.50197468656500E+02  0.97841518567391E+05 -0.23915584785527E+03  0.14511923374385E+03  0.13840770121817E+03  0.78395286982723E+03  0.24938379242214E+04  0.25660429430980E+04  0.27275792444029E+04 -0.22490421377336E+03 -0.16062744532789E+03 -0.52299452299269E+02 -0.56338011795906E+04 -0.97440673973292E+04  0.00000000000000E+00  0.00000000000000E+00  0.00000000000000E+00  0.33695731788984E+04  0.53196943493465E+04  0.00000000000000E+00  0.00000000000000E+00  0.00000000000000E+00 -0.68507609447879E+03 -0.23621265923160E+04 -0.26005542111269E+04
  -0.25406278731145E+06  0.73888149508991E+05 -0.85097818426502E+04 -0.46276943330275E+05  0.10276864584326E+05 -0.23174309078426E+04 -0.60082421777389E+04 -0.31353275022682E+05  0.51075635572793E+04  0.18519893616480E+04 -0.22386165421553E+03 -0.44741552830181E+02 -0.76085377077508E+01 -0.24802649713833E-02  0.86871682825544E+03 -0.18422137434202E+03  0.97068186709835E+03  0.73200713821840E+03  0.57619422942536E+06  0.47075603409374E+04  0.21917907353281E+04  0.10876248502839E+04  0.19442653856456E+04  0.25660429430980E+04  0.21621203457311E+05  0.10086472224507E+05  0.25079800588078E+03  0.18670491529862E+03 -0.11732890161829E+00  0.39525556357345E+05  0.78600872137362E+05  0.00000000000000E+00  0.00000000000000E+00  0.00000000000000E+00  0.15102358934694E+05  0.24418414635449E+05  0.00000000000000E+00  0.00000000000000E+00  0.00000000000000E+00  0.15916929170701E+04  0.17235040077982E+04  0.20997275179841E+04
  -0.10311962063675E+06  0.41376745022481E+05 -0.34987858100731E+04 -0.11286061053559E+05  0.31800080569204E+04  0.14550298944714E+04 -0.46865350000355E+03  0.56270953210473E+04 -0.13259228081084E+04 -0.10481836955003E+03  0.37042724544065E+02  0.25214844432993E+02  0.35653484779279E+01 -0.15089954390750E-01  0.86016217339864E+02 -0.38921866576491E+02 -0.11752817138484E+03 -0.86761124096398E+01  0.32660669826954E+06  0.17433313070190E+04  0.10286931829653E+04  0.60288997877103E+03  0.16387090839740E+04  0.27275792444029E+04  0.10086472224507E+05  0.82775561482555E+04 -0.21941492241638E+03 -0.11678405810676E+03  0.12370476152366E+02  0.12441307137283E+05  0.20962138830228E+05  0.00000000000000E+00  0.00000000000000E+00  0.00000000000000E+00  0.79507495270235E+04  0.13048350596315E+05  0.00000000000000E+00  0.00000000000000E+00  0.00000000000000E+00 -0.26061266710402E+03 -0.14625244293268E+03 -0.14700933302612E+03
  -0.13351075557981E+06  0.16892915052330E+05 -0.42330237239850E+04 -0.12670138960389E+05  0.19887790942015E+04 -0.28864615640129E+04 -0.25341336720425E+04 -0.61327744315943E+05  0.11242436886861E+05  0.26325702873050E+04 -0.43197457089911E+03 -0.81251329030214E+03 -0.11532763137449E+03  0.55539708183106E-01 -0.30611096186876E+04  0.60228063816219E+03 -0.39300063115261E+04 -0.27063735904424E+04  0.34608981109340E+05  0.00000000000000E+00  0.00000000000000E+00  0.00000000000000E+00 -0.65558625322742E+02 -0.22490421377336E+03  0.25079800588078E+03 -0.21941492241638E+03  0.11682737948283E+06  0.00000000000000E+00  0.00000000000000E+00  0.00000000000000E+00  0.00000000000000E+00  0.00000000000000E+00  0.00000000000000E+00  0.00000000000000E+00  0.00000000000000E+00  0.00000000000000E+00  0.00000000000000E+00  0.00000000000000E+00  0.00000000000000E+00  0.00000000000000E+00  0.00000000000000E+00  0.00000000000000E+00
  -0.56378248658833E+05  0.82783001088071E+04 -0.17864422022834E+04 -0.21050171100316E+05  0.33678190245696E+04 -0.44610962518523E+04 -0.40039966519729E+04 -0.48263656694853E+05  0.10413832665948E+05  0.17888801350785E+04 -0.32027172781814E+03  0.28485584506910E-10 -0.18161371883695E-11  0.18165857255460E-12 -0.19887566444614E+04  0.37703226885991E+03 -0.24816195437523E+04 -0.16775851338001E+04  0.76649750020914E+05  0.25915297169898E+04  0.67214929009207E+03  0.19607279446845E+03 -0.39503888751627E+02 -0.16062744532789E+03  0.18670491529862E+03 -0.11678405810676E+03  0.00000000000000E+00  0.64501688405870E+05  0.00000000000000E+00  0.00000000000000E+00  0.00000000000000E+00  0.00000000000000E+00  0.00000000000000E+00  0.00000000000000E+00  0.00000000000000E+00  0.00000000000000E+00  0.00000000000000E+00  0.00000000000000E+00  0.00000000000000E+00  0.00000000000000E+00  0.00000000000000E+00  0.00000000000000E+00
  -0.54608742486626E+04 -0.18106710312667E+03  0.84764157715981E+01 -0.46577293712544E+02 -0.58891805670170E+02  0.16478297125935E+03  0.14258190115852E+03 -0.71650148995236E+05  0.25189502895720E+05  0.74131302837471E+03 -0.33129370472468E+03 -0.47432852654761E+03 -0.19019933785710E+02 -0.46181518736143E+01 -0.25024511098876E+04  0.29812285919268E+03 -0.30734704562844E+04 -0.15376779187128E+04 -0.12090354334119E+04  0.00000000000000E+00  0.00000000000000E+00  0.00000000000000E+00  0.19388248023944E+01 -0.52299452299269E+02 -0.11732890161829E+00  0.12370476152366E+02  0.00000000000000E+00  0.00000000000000E+00  0.30760159261977E+05  0.00000000000000E+00  0.00000000000000E+00  0.00000000000000E+00  0.00000000000000E+00  0.00000000000000E+00  0.00000000000000E+00  0.00000000000000E+00  0.00000000000000E+00  0.00000000000000E+00  0.00000000000000E+00  0.00000000000000E+00  0.00000000000000E+00  0.00000000000000E+00
  -0.85603149733406E+06  0.20042872680177E+06 -0.27736778957584E+05 -0.65178677697936E+05  0.11840637360919E+05 -0.96671403133300E+04 -0.10496569112017E+05 -0.29579636311846E+06  0.67810845216294E+05  0.10683308603536E+05 -0.19157814131185E+04 -0.37122261332139E+04 -0.42567873233845E+03 -0.43581867486519E+00  0.18371909652551E+04 -0.10526386328863E+03  0.27390433478571E+04  0.12024488244839E+04  0.54198784320314E+06  0.00000000000000E+00  0.00000000000000E+00  0.00000000000000E+00  0.11233003779437E+04 -0.56338011795906E+04  0.39525556357345E+05  0.12441307137283E+05  0.00000000000000E+00  0.00000000000000E+00  0.00000000000000E+00  0.58066573613678E+06  0.00000000000000E+00  0.00000000000000E+00  0.00000000000000E+00  0.00000000000000E+00  0.00000000000000E+00  0.00000000000000E+00  0.00000000000000E+00  0.00000000000000E+00  0.00000000000000E+00  0.00000000000000E+00  0.00000000000000E+00  0.00000000000000E+00
  -0.11013535663853E+07  0.25055588200918E+06 -0.35875434579543E+05 -0.33661160287269E+06  0.62323629312278E+05 -0.47714552252176E+05 -0.54679272619153E+05 -0.56993323983146E+06  0.12641103085366E+06  0.21811845134043E+05 -0.37359174023816E+04 -0.91064974761298E-09 -0.43054991437652E-10 -0.31590856089263E-11  0.41322755106311E+04 -0.40408282360460E+03  0.63084172609167E+04  0.32929949084896E+04  0.26286228210391E+07  0.41059123047843E+05  0.15238252535508E+05  0.65402531738693E+04  0.18414033218751E+04 -0.97440673973292E+04  0.78600872137362E+05  0.20962138830228E+05  0.00000000000000E+00  0.00000000000000E+00  0.00000000000000E+00  0.00000000000000E+00  0.92246398190879E+06  0.00000000000000E+00  0.00000000000000E+00  0.00000000000000E+00  0.00000000000000E+00  0.00000000000000E+00  0.00000000000000E+00  0.00000000000000E+00  0.00000000000000E+00  0.00000000000000E+00  0.00000000000000E+00  0.00000000000000E+00
  -0.21038646728538E+05  0.56853053094963E+04 -0.70567073862048E+03 -0.12309166487264E+04  0.30305390323992E+03 -0.41487699242630E+01 -0.15522113171906E+03 -0.73652828096253E+05  0.22851219022355E+05  0.14482261103658E+04 -0.40121667627266E+03 -0.15849081280123E+04 -0.10008700479456E+03 -0.20501433808009E+01 -0.14841601457018E+04  0.16595823839209E+03 -0.14972072899127E+04 -0.76903506936872E+03  0.15956740819762E+05  0.00000000000000E+00  0.00000000000000E+00  0.00000000000000E+00  0.00000000000000E+00  0.00000000000000E+00  0.00000000000000E+00  0.00000000000000E+00  0.00000000000000E+00  0.00000000000000E+00  0.00000000000000E+00  0.00000000000000E+00  0.00000000000000E+00  0.13962314079965E+05  0.00000000000000E+00  0.00000000000000E+00  0.00000000000000E+00  0.00000000000000E+00  0.00000000000000E+00  0.00000000000000E+00  0.00000000000000E+00  0.00000000000000E+00  0.00000000000000E+00  0.00000000000000E+00
  -0.48611973789806E+05  0.13363598008237E+05 -0.16364762439493E+04 -0.24878874342887E+04  0.58935510603054E+03 -0.46248792063428E+02 -0.30677356441193E+03 -0.16891974912696E+06  0.52510924172327E+05  0.32744606380988E+04 -0.91967061757865E+03 -0.45571150473772E+02 -0.11582390322432E+02 -0.32326953158852E-05 -0.31027480169113E+04  0.34337826876177E+03 -0.31436835839977E+04 -0.16105088130220E+04  0.32148744036957E+05  0.00000000000000E+00  0.00000000000000E+00  0.00000000000000E+00  0.00000000000000E+00  0.00000000000000E+00  0.00000000000000E+00  0.00000000000000E+00  0.00000000000000E+00  0.00000000000000E+00  0.00000000000000E+00  0.00000000000000E+00  0.00000000000000E+00  0.00000000000000E+00  0.32457789010165E+05  0.00000000000000E+00  0.00000000000000E+00  0.00000000000000E+00  0.00000000000000E+00  0.00000000000000E+00  0.00000000000000E+00  0.00000000000000E+00  0.00000000000000E+00  0.00000000000000E+00
  -0.32364748239128E+04  0.42134062069775E+03 -0.91704794140963E+02 -0.68450011199864E+02  0.88093899361506E+01 -0.18782551399343E+02 -0.13067064872741E+02 -0.14737929736041E+04  0.21205264854534E+03  0.44110591819006E+02 -0.10767418717953E+02 -0.56235120386173E+02 -0.45505307107845E+01 -0.10203119726826E+00 -0.74362771204364E+03  0.87249171571703E+02 -0.79130957483451E+03 -0.43783402122415E+03  0.20730560506509E+03  0.00000000000000E+00  0.00000000000000E+00  0.00000000000000E+00  0.00000000000000E+00  0.00000000000000E+00  0.00000000000000E+00  0.00000000000000E+00  0.00000000000000E+00  0.00000000000000E+00  0.00000000000000E+00  0.00000000000000E+00  0.00000000000000E+00  0.00000000000000E+00  0.00000000000000E+00  0.37866251600317E+04  0.00000000000000E+00  0.00000000000000E+00  0.00000000000000E+00  0.00000000000000E+00  0.00000000000000E+00  0.00000000000000E+00  0.00000000000000E+00  0.00000000000000E+00
  -0.19087823557360E+06  0.58747099881702E+05 -0.64529154627666E+04 -0.10921482962832E+05  0.28062132788318E+04  0.22187506342469E+03 -0.10726291696828E+04 -0.48487441453270E+04  0.58568749968335E+03  0.44659524062815E+03 -0.35790238003880E+02 -0.92082533967765E-01 -0.65835064013186E-01 -0.79182516097847E-13  0.38144906215977E+03 -0.10372693848709E+03  0.15475214730390E+03  0.20045970152305E+03  0.17133634891172E+06  0.00000000000000E+00  0.00000000000000E+00  0.00000000000000E+00  0.18105474290483E+04  0.33695731788984E+04  0.15102358934694E+05  0.79507495270235E+04  0.00000000000000E+00  0.00000000000000E+00  0.00000000000000E+00  0.00000000000000E+00  0.00000000000000E+00  0.00000000000000E+00  0.00000000000000E+00  0.00000000000000E+00  0.10737033335142E+06  0.00000000000000E+00  0.00000000000000E+00  0.00000000000000E+00  0.00000000000000E+00  0.00000000000000E+00  0.00000000000000E+00  0.00000000000000E+00
  -0.20826160871757E+06  0.63581911962694E+05 -0.70376940345414E+04 -0.47361291424695E+05  0.12036804522889E+05  0.72880088682287E+03 -0.47864197735209E+04 -0.93528533076571E+04  0.11366529236139E+04  0.83556627780347E+03 -0.69154259394633E+02  0.69372965516189E-10  0.15078915902599E-10  0.16081877536898E-13  0.63752163717395E+03 -0.17111778523992E+03  0.28585465340413E+03  0.34996714234601E+03  0.72430829220521E+06  0.57981342444332E+04  0.29067697379138E+04  0.14948683831986E+04  0.29129656595873E+04  0.53196943493465E+04  0.24418414635449E+05  0.13048350596315E+05  0.00000000000000E+00  0.00000000000000E+00  0.00000000000000E+00  0.00000000000000E+00  0.00000000000000E+00  0.00000000000000E+00  0.00000000000000E+00  0.00000000000000E+00  0.00000000000000E+00  0.13862273508855E+06  0.00000000000000E+00  0.00000000000000E+00  0.00000000000000E+00  0.00000000000000E+00  0.00000000000000E+00  0.00000000000000E+00
  -0.89380348627076E+04  0.23407023319384E+04 -0.29642946414080E+03 -0.23576857026563E+04  0.46167842001338E+03 -0.26954274103129E+03 -0.36434588499290E+03  0.80124172547147E+03 -0.13972983277173E+04  0.10930487153663E+03 -0.92101186301626E+01 -0.12231484053731E+01 -0.12668009010972E+00 -0.12000402943657E-02 -0.31347847348889E+04  0.52181850208610E+03 -0.36267016400524E+04 -0.23546738581063E+04  0.23745751270693E+05  0.00000000000000E+00  0.00000000000000E+00  0.00000000000000E+00  0.00000000000000E+00  0.00000000000000E+00  0.00000000000000E+00  0.00000000000000E+00  0.00000000000000E+00  0.00000000000000E+00  0.00000000000000E+00  0.00000000000000E+00  0.00000000000000E+00  0.00000000000000E+00  0.00000000000000E+00  0.00000000000000E+00  0.00000000000000E+00  0.00000000000000E+00  0.81016040422636E+04  0.00000000000000E+00  0.00000000000000E+00  0.00000000000000E+00  0.00000000000000E+00  0.00000000000000E+00
  -0.31847177704236E+04  0.74850867096653E+03 -0.10490750545118E+03 -0.92528717527844E+03  0.17162929612538E+03 -0.13542915753834E+03 -0.15374585098488E+03  0.46539111766700E+03 -0.74802439460285E+03  0.50056573005588E+02 -0.46229286934319E+01 -0.53166627246654E+00 -0.50257849796600E-01 -0.66927583010973E-03 -0.16244808327265E+04  0.24971240877921E+03 -0.19186712450882E+04 -0.11925521103318E+04  0.75422413546636E+04  0.00000000000000E+00  0.00000000000000E+00  0.00000000000000E+00  0.00000000000000E+00  0.00000000000000E+00  0.00000000000000E+00  0.00000000000000E+00  0.00000000000000E+00  0.00000000000000E+00  0.00000000000000E+00  0.00000000000000E+00  0.00000000000000E+00  0.00000000000000E+00  0.00000000000000E+00  0.00000000000000E+00  0.00000000000000E+00  0.00000000000000E+00  0.00000000000000E+00  0.41763142196840E+04  0.00000000000000E+00  0.00000000000000E+00  0.00000000000000E+00  0.00000000000000E+00
