# fitpack15: fit parameters                                                                         
# CJ15 AV18 final data choices                                                                      
# Created on 02/05/2020 at 00:01:01                                                                 

 # QCD setup
  INS                           0
  NVL                          11
  IORD                          1
  Q02                   1.6899999999999999     
  IPARAMC                       7
  FLAVOR                4.0000000000000000     
  xmc                   1.3000000000000000     
  xmb                   4.5000000000000000     
  ncb                          12
  ihq                           1
  ias                           0

 # Theory corrections
  inuke                     10114
  itmc                          1
  iht                           1

 # fit parameters
 LAMBDA       0.22680        0.0000    
 a0uv          2.0106        0.0000    
 a1uv         0.57430       0.23057E-01
 a2uv          3.5554       0.11970E-01
 a3uv          0.0000        0.0000    
 a4uv          4.3906       0.59635    
 a5uv          0.0000        0.0000    
 a0dv          24.803        0.0000    
 a1dv          1.1538       0.33685E-01
 a2dv          6.6991       0.17207    
 a3dv         -3.5627       0.91411E-01
 a4dv          4.8310       0.15840    
 a5dv          0.0000        0.0000    
 a0ud         0.14132       0.50223E-02
 a1ud        -0.21123       0.38560E-02
 a2ud          8.4568       0.18608    
 a3ud          0.0000        0.0000    
 a4ud          15.823        1.3435    
 a5ud          0.0000        0.0000    
 a0du          35712.        0.0000    
 a1du          4.0951       0.94949E-01
 a2du          20.349       0.99444    
 a3du          17.000        0.0000    
 a4du          58.514        14.738    
 a0g           46.482        0.0000    
 a1g          0.60442       0.30034E-01
 a2g           6.1681       0.85413    
 a3g          -3.4041       0.12380    
 a4g           3.3099       0.29175    
 a5g           0.0000        0.0000    
 kappa        0.40000        0.0000    
 a6dv        -0.46903E-02   0.80162E-03
 a7dv          2.0000        0.0000    
 off1        -0.17655       0.13144    
 off2          2.0552        1.4780    
 off3         -7.8789        5.3402    
 off4          7.3768        5.3301    
 ht1          -3.3384       0.32470    
 ht2           1.9637       0.12461    
 ht3          -2.0653       0.36127E-01
 ht4           0.0000        0.0000    
 ht1n         -3.5423       0.92902    
 ht2n          1.9385       0.28655    
 ht3n         -2.2364       0.91373E-01
 ht4n          0.0000        0.0000    
 dummy46       0.0000        0.0000    
 dummy47       0.0000        0.0000    
 dummy48       0.0000        0.0000    
 dummy49       0.0000        0.0000    
 bcdmsh2      0.96920       0.48740E-02
 bcdmsd2      0.99147       0.58914E-02
 ccfr          1.0000        0.0000    
 nutev         1.0000        0.0000    
 zeus         0.97998        0.0000    
 h1            1.0162        0.0000    
 e605          1.0319        0.0000    
 NmcH2         1.0068       0.71567E-02
 ntv_nu        1.0000        0.0000    
 ntv_nuba      1.0000        0.0000    
 cdf_jet      0.98910        0.0000    
 d0_jet       0.83504        0.0000    
 slac_p       0.99946       0.51534E-02
 slac_d        1.0031       0.54106E-02
 e866pp       0.98039       0.19755E-01
 e866pd       0.96355       0.18306E-01
 d0_gamje      1.0371       0.16521E-01
 h1b          0.97608        0.0000    
 jlab_p       0.98871       0.63459E-02
 jlab_d       0.97804       0.62103E-02
 blank         1.0000        0.0000    
 d0run2       0.95277       0.14936E-01
 cdfrun2      0.93674       0.17640E-01
 HERA_el       1.0000        0.0000    
 HERA_ps       1.0000        0.0000    
 CDF_Z        0.95725       0.67841E-02
 NmcRat        1.0000        0.0000    
 BNS_F2nd     0.98413       0.11812E-01
 HERMES_F     0.99416       0.57392E-02
 HERMES_F     0.97848       0.59051E-02
 END 0. 0.

 # Hessian matrix (Bevington alpha)
   0.51916337357723E+07 -0.13378573510112E+07  0.20238315982129E+06  0.50678980383059E+06 -0.12352320059947E+06 -0.36356559483787E+05  0.48043555453505E+05  0.97761300525593E+06 -0.18019703078504E+06 -0.49524560861986E+05  0.71945198589193E+04  0.14692814380050E+05  0.16314268315883E+04 -0.97621263224863E+02  0.10482727489470E+05 -0.24335337027595E+04  0.13507063215053E+05  0.95076450601390E+04 -0.78375552789700E+07 -0.67695351305441E+05 -0.29756389216275E+05 -0.14377515295494E+05 -0.74296976758944E+04 -0.15006197350731E+05 -0.56137893364218E+04 -0.19073682981047E+06 -0.44862867877735E+04 -0.39340621006537E+04 -0.43127969068227E+05 -0.13168128950308E+06 -0.55829616969473E+05 -0.51717614697461E+04 -0.86978592808334E+06 -0.11252823172457E+07 -0.20995475896458E+05 -0.47710033255574E+05 -0.31933213349149E+04 -0.20539969310616E+06 -0.23122854124683E+06 -0.90464693298826E+04 -0.32051236135991E+04 -0.18103706633027E+05  0.16836465302822E+05 -0.74113969746637E+05 -0.58391862002456E+05
  -0.13378573510112E+07  0.42016068361303E+06 -0.53366658945442E+05 -0.13967903717952E+06  0.33271567716845E+05  0.12431967859523E+05 -0.98495487528650E+04 -0.12523821906561E+06  0.26223039442332E+05  0.73448655021910E+04 -0.87111225592200E+03 -0.11527165847591E+04 -0.13177740966194E+03  0.11728798716063E+02  0.71560381222618E+03 -0.69716788087702E+02  0.19732768636436E+03  0.13374123918806E+03  0.26309962683429E+07  0.17477739222698E+05  0.86775959338261E+04  0.45680843729574E+04  0.25213738966518E+04  0.69584455697120E+04  0.74004648467023E+04  0.55953389370205E+05  0.17594716497598E+04  0.22653863217141E+04  0.11892026598803E+05  0.16751310584313E+05  0.83205809068757E+04 -0.19948960193968E+03  0.21165649613572E+06  0.26769038849538E+06  0.57680375460826E+04  0.13283054188919E+05  0.42290893796618E+03  0.64219138858741E+05  0.71959887054631E+05  0.24106625098322E+04  0.76584434634905E+03 -0.22101959187603E+04 -0.22511858255954E+04  0.86946561394580E+04  0.73497279554166E+04
   0.20238315982129E+06 -0.53366658945442E+05  0.79504234279175E+04  0.19629696703114E+05 -0.48857908626480E+04 -0.16658901706744E+04  0.17940366165733E+04  0.28519682276959E+05 -0.50911997789897E+04 -0.16991546901111E+04  0.21348767839094E+03  0.40731845946048E+03  0.51383558360665E+02 -0.37689538128075E+01 -0.26882893034813E+03 -0.13699022562748E+02 -0.12564169371792E+03  0.99259290257407E+01 -0.31422162703915E+06 -0.26217129140441E+04 -0.11715092228921E+04 -0.57091751670963E+03 -0.29645545111588E+03 -0.63585758484244E+03 -0.37314199198741E+03 -0.75676700875424E+04 -0.18660067712268E+03 -0.18905988351109E+03 -0.17042530806803E+04 -0.48107548754235E+04 -0.20464297898903E+04  0.22549318219146E+02 -0.33097605316158E+05 -0.43072948618522E+05 -0.83075170205861E+03 -0.18956460500874E+04 -0.10360174548864E+03 -0.82522810343302E+04 -0.92833650920522E+04 -0.35297438977521E+03 -0.12367593696623E+03 -0.61779001851452E+02  0.62159807955133E+03 -0.22813791421590E+04 -0.18451914013130E+04
   0.50678980383059E+06 -0.13967903717952E+06  0.19629696703114E+05  0.40425822249444E+06 -0.61280612157464E+05  0.71191603963214E+05  0.61923895239331E+05  0.36438363488702E+06 -0.28364392695591E+05 -0.18224209525689E+05  0.31707449887581E+04 -0.13894357179040E+04 -0.14942625248897E+03  0.50171557222474E+02  0.32172709957670E+05 -0.40862416757886E+04  0.30660751246482E+05  0.17251491561472E+05 -0.22920983687942E+07 -0.19404013851329E+05 -0.78980455403268E+04 -0.34597434557865E+04 -0.16464657355140E+04 -0.11400529326833E+04  0.13067654653504E+04 -0.27809764415552E+05 -0.61383237455256E+03  0.51896175482421E+03 -0.13393779691329E+05 -0.12809773099618E+05 -0.21248163555075E+05 -0.81746157113514E+02 -0.66646790942577E+05 -0.34567650871236E+06 -0.13427768745535E+04 -0.25014545176259E+04 -0.70330393173976E+02 -0.11808999361197E+05 -0.53318760243001E+05 -0.24232109287473E+04 -0.94582555555999E+03 -0.10022730482417E+05 -0.15954027851703E+05 -0.72821677699484E+04 -0.21591149840042E+05
  -0.12352320059947E+06  0.33271567716845E+05 -0.48857908626480E+04 -0.61280612157464E+05  0.10878787803765E+05 -0.68942853565404E+04 -0.85818146152187E+04 -0.33117414399343E+05  0.57247127383811E+03  0.23124186623677E+04 -0.31251004273728E+03 -0.12077826206312E+02  0.55221481488506E+01 -0.43942935028266E+01 -0.26807067570110E+04  0.34898814265249E+03 -0.24717416473742E+04 -0.14137205059027E+04  0.46710469164928E+06  0.34532264449179E+04  0.15370416258673E+04  0.70725443926443E+03  0.34449842472803E+03  0.37062879116388E+03  0.18852774347203E+03  0.58032768653549E+04  0.20595712825722E+03  0.19301431374264E+03  0.26824036877691E+04  0.19666811712760E+04  0.33064454132986E+04 -0.55657804356616E+02  0.11446113180920E+05  0.61052264045573E+05  0.30336031230251E+03  0.54350257355516E+03  0.87993270673721E+01  0.27643860941552E+04  0.12364453686984E+05  0.44044997982038E+03  0.16481417880592E+03  0.40254310488401E+03  0.24928285066314E+04  0.80180507224993E+03  0.24876690267540E+04
  -0.36356559483787E+05  0.12431967859523E+05 -0.16658901706744E+04  0.71191603963214E+05 -0.68942853565404E+04  0.23385021978625E+05  0.13765506238853E+05  0.10837557758601E+06 -0.10477013259513E+05 -0.43843353105826E+04  0.92285901920521E+03 -0.69760025222953E+03 -0.65253444670349E+02  0.16650022981499E+02  0.96489603189000E+04 -0.12538052143331E+04  0.93819171381922E+04  0.53457312670967E+04 -0.20208613074840E+05 -0.17688818228527E+04 -0.34140245549362E+03 -0.14187126612237E+02  0.39193975095871E+02  0.47651296997175E+03  0.14571282967342E+04 -0.29778738396978E+03  0.24508572415011E+03  0.89088601348052E+03 -0.60517893458068E+03 -0.26127692602872E+04 -0.39786227614904E+04  0.14074236388421E+03 -0.78136391915745E+04 -0.37502661227377E+05  0.28457613736142E+02  0.15490405445432E+02 -0.17923724776907E+02  0.56425111165711E+03  0.23230091759084E+04 -0.21119888729300E+03 -0.11370630091448E+03 -0.31636136932045E+04 -0.31202778391059E+04 -0.18136286070026E+04 -0.51806972715903E+04
   0.48043555453505E+05 -0.98495487528650E+04  0.17940366165733E+04  0.61923895239331E+05 -0.85818146152187E+04  0.13765506238853E+05  0.10644973587797E+05  0.59671998211358E+05 -0.35043806490008E+04 -0.31346198696175E+04  0.53547057573042E+03 -0.23176585137052E+03 -0.26603062243902E+02  0.87115481855890E+01  0.49821133471382E+04 -0.66089577637600E+03  0.46867224816802E+04  0.27121987551150E+04 -0.22108816318570E+06 -0.24753886571663E+04 -0.89030716131607E+03 -0.33176935507575E+03 -0.13416662490673E+03  0.10773280200790E+03  0.70047574137932E+03 -0.28517916900403E+04  0.40352541816049E+02  0.36305650097042E+03 -0.16147477721314E+04 -0.23716546198683E+04 -0.37085163585117E+04  0.13199565998467E+03 -0.93630772934177E+04 -0.48723886894385E+05 -0.13904137932340E+03 -0.25299427414667E+03 -0.12602453995271E+02 -0.87914211734047E+03 -0.41023148558580E+04 -0.32558625657255E+03 -0.13953872742449E+03 -0.13553906748952E+04 -0.30205159220235E+04 -0.11181729434264E+04 -0.33255522030780E+04
   0.97761300525593E+06 -0.12523821906561E+06  0.28519682276959E+05  0.36438363488702E+06 -0.33117414399343E+05  0.10837557758601E+06  0.59671998211358E+05  0.54073230896440E+07 -0.24109720230382E+07 -0.88987168912120E+05  0.25872932126963E+05  0.25715655231969E+05  0.17199688352045E+04  0.83319483245399E+02  0.91032011885303E+05 -0.11899584226359E+05  0.10037040697745E+06  0.54094529140720E+05 -0.59099955075644E+06 -0.37277879279981E+05 -0.73701039438592E+04 -0.19922399577594E+04 -0.67834556618792E+03  0.51836199636670E+04  0.26300742225650E+05 -0.21125828161309E+05  0.18737374835391E+04  0.10533929973667E+05 -0.88005811056049E+04 -0.62952569306732E+05 -0.50171405386866E+05 -0.70779744865667E+05 -0.29605644047674E+06 -0.57755497625439E+06 -0.74419527434119E+05 -0.16808630530372E+06 -0.14246472549208E+04 -0.57419892968773E+04 -0.11324569781165E+05  0.49997197863039E+03  0.34847847485880E+03 -0.27525418668934E+06 -0.85921305457586E+04 -0.14522477223270E+06 -0.17799372808722E+06
  -0.18019703078504E+06  0.26223039442332E+05 -0.50911997789897E+04 -0.28364392695591E+05  0.57247127383811E+03 -0.10477013259513E+05 -0.35043806490008E+04 -0.24109720230382E+07  0.19237262168052E+07  0.19310815285591E+05 -0.63603047932658E+04 -0.53884575658307E+04 -0.29381304444417E+03 -0.11218100948067E+02  0.48776970914750E+05 -0.23641862672786E+04  0.17133315341534E+05  0.84678978424151E+04 -0.23865264582418E+05  0.91896953284926E+04  0.14383703741114E+04  0.33181397952617E+03  0.10392819004996E+03 -0.11931690850120E+04 -0.63293038430504E+04  0.32903648966155E+04 -0.46897381247040E+03 -0.26789727822210E+04  0.14498338008058E+04  0.11447403551803E+05  0.10758096541427E+05  0.24766822320451E+05  0.66963030660166E+05  0.12623321376828E+06  0.22955997238205E+05  0.51900813344758E+05  0.19474405095352E+03  0.64029611819053E+03  0.12891446306271E+04 -0.13191792207952E+04 -0.71834717667112E+03  0.11295408979478E+06  0.15273403031064E+04  0.45270541566988E+05  0.54945459588280E+05
  -0.49524560861986E+05  0.73448655021910E+04 -0.16991546901111E+04 -0.18224209525689E+05  0.23124186623677E+04 -0.43843353105826E+04 -0.31346198696175E+04 -0.88987168912120E+05  0.19310815285591E+05  0.26272212635144E+04 -0.60647561501070E+03 -0.63423177057334E+03 -0.55727819325492E+02 -0.14819361572212E+01 -0.41271303238374E+04  0.52505400602509E+03 -0.39912023761202E+04 -0.22607947700662E+04  0.56079416876014E+05  0.12735248267301E+04  0.35032275268452E+03  0.11613923817482E+03  0.44445994639073E+02 -0.15414253539125E+03 -0.78086497121129E+03  0.13156387940984E+04 -0.46217526737008E+02 -0.28180000558783E+03  0.51268287960177E+03  0.27357607939754E+04  0.18796912623594E+04  0.73736416232297E+03  0.10973421912404E+05  0.22685495334356E+05  0.14941999865311E+04  0.33204850307592E+04  0.43716416261498E+02  0.54669242818298E+03  0.10427834028690E+04  0.12176443531296E+03  0.54911389884081E+02  0.31319102281412E+04  0.42548630167772E+03  0.28327361045334E+04  0.35613958831418E+04
   0.71945198589193E+04 -0.87111225592200E+03  0.21348767839094E+03  0.31707449887581E+04 -0.31251004273728E+03  0.92285901920521E+03  0.53547057573042E+03  0.25872932126963E+05 -0.63603047932658E+04 -0.60647561501070E+03  0.16422804899615E+03  0.17849583927438E+03  0.12907640695152E+02  0.54887199895908E+00  0.12417604191108E+04 -0.14238698365912E+03  0.11560838505522E+04  0.62880300759327E+03 -0.59845981684555E+04 -0.23918030984225E+03 -0.51767572682282E+02 -0.14585347857763E+02 -0.50427548795575E+01  0.34862436302753E+02  0.17271462672886E+03 -0.15704599055090E+03  0.12150288186778E+02  0.67392843269432E+02 -0.64637888208115E+02 -0.45775648526583E+03 -0.34326658794028E+03 -0.33397623095796E+03 -0.19817951675415E+04 -0.39152009354647E+04 -0.41623205414398E+03 -0.94076275474635E+03 -0.10796254244687E+02 -0.44376752558778E+02 -0.87455344545562E+02 -0.11545821982195E+02 -0.55890017413213E+01 -0.11255875231652E+04 -0.62315069471555E+02 -0.81056694292261E+03 -0.10007502767653E+04
   0.14692814380050E+05 -0.11527165847591E+04  0.40731845946048E+03 -0.13894357179040E+04 -0.12077826206312E+02 -0.69760025222953E+03 -0.23176585137052E+03  0.25715655231969E+05 -0.53884575658307E+04 -0.63423177057334E+03  0.17849583927438E+03  0.14611915223586E+04  0.96669001967968E+02 -0.12652595927535E+01  0.13502647677259E+04 -0.19542725310591E+03  0.16141236382875E+04  0.92571923963360E+03 -0.57333545544748E+04  0.25376572473203E+03  0.24559802226302E+02  0.22579984193176E+00 -0.78783370053782E+00  0.58311019974178E+02  0.32284282664056E+03 -0.59338477922012E+02 -0.97797581761468E+01 -0.60878891041261E+02  0.68252590342610E+01 -0.10653997104747E+04 -0.17083096962598E-01 -0.66419426435229E+03 -0.47647466986722E+04 -0.23230551382914E+01 -0.21713170230393E+04 -0.64702126944556E+02 -0.74468477392563E+02 -0.17366749787399E+00  0.75339284583609E-02 -0.16114503021544E+01 -0.69649024920056E+00  0.26496075219846E+03  0.28259691704726E+03 -0.25764881261580E+04 -0.15378311737460E+01
   0.16314268315883E+04 -0.13177740966194E+03  0.51383558360665E+02 -0.14942625248897E+03  0.55221481488506E+01 -0.65253444670349E+02 -0.26603062243902E+02  0.17199688352045E+04 -0.29381304444417E+03 -0.55727819325492E+02  0.12907640695152E+02  0.96669001967968E+02  0.86773112802426E+01 -0.15247135969305E+00  0.76346149347498E+02 -0.13272951371218E+02  0.98023594803841E+02  0.60960109258188E+02 -0.26828786433941E+03  0.13341220834408E+02  0.17806139420082E+01  0.31912320400234E-01 -0.77877076669485E-01  0.74884643275731E+01  0.35774111067090E+02 -0.12636324729415E+02 -0.12209296629529E+01 -0.60339174830230E+01  0.23333616921735E+01 -0.15550224757513E+03 -0.87329743822412E-03 -0.25946366439528E+02 -0.55543610801270E+03  0.25203586420391E+00 -0.13595645759418E+03 -0.16866978083397E+02 -0.60076469950953E+01 -0.12493960211689E+00  0.44688322832145E-02 -0.16907157479341E+00 -0.66304123378394E-01  0.26541680759771E+02  0.62973046753669E+02 -0.18550110085614E+03 -0.85727536846604E-01
  -0.97621263224863E+02  0.11728798716063E+02 -0.37689538128075E+01  0.50171557222474E+02 -0.43942935028266E+01  0.16650022981499E+02  0.87115481855890E+01  0.83319483245399E+02 -0.11218100948067E+02 -0.14819361572212E+01  0.54887199895908E+00 -0.12652595927535E+01 -0.15247135969305E+00  0.37924024797778E-01  0.12259545949185E+02 -0.95267264699792E+00  0.83072646929145E+01  0.39227343422369E+01 -0.70904566687655E+02  0.12055075702191E+01 -0.34345112621467E-01 -0.17173824764439E-01 -0.59671354516525E-02 -0.23644658633794E-01 -0.78077842813396E-01  0.43062699372372E-01  0.16335112935290E-01  0.73186108421536E-01 -0.32940741120207E-01  0.57270418108134E-01 -0.77631849977898E-05 -0.48218241770383E+01 -0.46315990348890E+00 -0.50418081996010E-03 -0.22552577123227E+01 -0.42109895057033E-05 -0.10657183342915E+00  0.00000000000000E+00  0.34902679781332E-13 -0.12533765214603E-02 -0.69619237964265E-03 -0.15523069385532E+01  0.88895911563301E-05 -0.21997119711122E+01 -0.11215938673583E-02
   0.10482727489470E+05  0.71560381222618E+03 -0.26882893034813E+03  0.32172709957670E+05 -0.26807067570110E+04  0.96489603189000E+04  0.49821133471382E+04  0.91032011885303E+05  0.48776970914750E+05 -0.41271303238374E+04  0.12417604191108E+04  0.13502647677259E+04  0.76346149347498E+02  0.12259545949185E+02  0.51265831958621E+05 -0.49581044660804E+04  0.40566025661990E+05  0.21279849959805E+05 -0.56271647862471E+05  0.46731539769370E+02  0.62148666116050E+02  0.29704930516948E+02  0.13546668541661E+02 -0.18788352248990E+02 -0.10535931364709E+03  0.56835856651193E+03 -0.29082952057353E+00 -0.22839773749881E+02  0.21441920718471E+03 -0.29463985176480E+04 -0.19148207685246E+04 -0.24984485759533E+04  0.18918440539690E+04  0.42774783132922E+04 -0.15094148470158E+04 -0.30233061835820E+04 -0.74113083192451E+03  0.33240344193836E+03  0.59099865722522E+03 -0.30243915971523E+04 -0.15867261851196E+04 -0.21978833358386E+04  0.19778072638610E+03 -0.96950706655580E+03 -0.10891116807041E+04
  -0.24335337027595E+04 -0.69716788087702E+02 -0.13699022562748E+02 -0.40862416757886E+04  0.34898814265249E+03 -0.12538052143331E+04 -0.66089577637600E+03 -0.11899584226359E+05 -0.23641862672786E+04  0.52505400602509E+03 -0.14238698365912E+03 -0.19542725310591E+03 -0.13272951371218E+02 -0.95267264699792E+00 -0.49581044660804E+04  0.56043999640770E+03 -0.44831692448185E+04 -0.24456703300069E+04  0.68703420599944E+04  0.50457981566209E+01 -0.96941907671227E+01 -0.58561303198558E+01 -0.29933507180867E+01 -0.46837939697510E+01 -0.11725978891820E+02 -0.12224551230519E+03 -0.27690591349865E+01 -0.72013038579544E+01 -0.44657767361412E+02  0.56438886642236E+03  0.35213018194069E+03  0.29517259892767E+03 -0.13464428043571E+03 -0.47852165044411E+03  0.16340329605647E+03  0.32567248652484E+03  0.85117134890452E+02 -0.90305738775578E+02 -0.15863362957298E+03  0.48522367129769E+03  0.23604892845349E+03 -0.36699043403036E+03 -0.35631578745015E+02  0.27416344555581E+03  0.30682508856112E+03
   0.13507063215053E+05  0.19732768636436E+03 -0.12564169371792E+03  0.30660751246482E+05 -0.24717416473742E+04  0.93819171381922E+04  0.46867224816802E+04  0.10037040697745E+06  0.17133315341534E+05 -0.39912023761202E+04  0.11560838505522E+04  0.16141236382875E+04  0.98023594803841E+02  0.83072646929145E+01  0.40566025661990E+05 -0.44831692448185E+04  0.36729642669167E+05  0.19792865777722E+05 -0.54084896211315E+05  0.94974564272878E+01  0.60810428706261E+02  0.25820096324940E+02  0.97807827802064E+01 -0.67084159227727E+02 -0.21218298023133E+03  0.47033291259786E+03 -0.17314759858011E+02 -0.62932184262620E+02  0.19590711968728E+03 -0.31081256042640E+04 -0.19852653927014E+04 -0.27730013780328E+04  0.23606637850129E+04  0.51762665537952E+04 -0.13820686588938E+04 -0.27834204447041E+04 -0.68894754194871E+03  0.96211315307007E+02  0.18967465658171E+03 -0.29763481790886E+04 -0.15987045208174E+04  0.16880052069542E+04  0.26733168289958E+03 -0.19456522885521E+04 -0.21538533244067E+04
   0.95076450601390E+04  0.13374123918806E+03  0.99259290257407E+01  0.17251491561472E+05 -0.14137205059027E+04  0.53457312670967E+04  0.27121987551150E+04  0.54094529140720E+05  0.84678978424151E+04 -0.22607947700662E+04  0.62880300759327E+03  0.92571923963360E+03  0.60960109258188E+02  0.39227343422369E+01  0.21279849959805E+05 -0.24456703300069E+04  0.19792865777722E+05  0.10808522869607E+05 -0.30076197887234E+05 -0.14495049764825E+02  0.38514189084689E+02  0.19190025509771E+02  0.82682196922210E+01 -0.23238006680769E+02 -0.62466192719599E+02  0.37870570477194E+03 -0.37184230599095E+01 -0.12283998214266E+02  0.15277654673005E+03 -0.21814402130671E+04 -0.13588544629265E+04 -0.13890280813597E+04  0.10683737069662E+04  0.28018574820259E+04 -0.70334803143419E+03 -0.14168192633491E+04 -0.38029813979395E+03  0.14341511485179E+03  0.26500382169377E+03 -0.19331602897081E+04 -0.99401501684198E+03  0.17425234993190E+04  0.18401561759761E+03 -0.13305316860321E+04 -0.14748072635246E+04
  -0.78375552789700E+07  0.26309962683429E+07 -0.31422162703915E+06 -0.22920983687942E+07  0.46710469164928E+06 -0.20208613074840E+05 -0.22108816318570E+06 -0.59099955075644E+06 -0.23865264582418E+05  0.56079416876014E+05 -0.59845981684555E+04 -0.57333545544748E+04 -0.26828786433941E+03 -0.70904566687655E+02 -0.56271647862471E+05  0.68703420599944E+04 -0.54084896211315E+05 -0.30076197887234E+05  0.33669936475270E+08  0.18393504354018E+06  0.95561728789452E+05  0.51003151560834E+05  0.28322498355111E+05  0.46612245424365E+05  0.52586189309742E+05  0.35569004745454E+06  0.20633835480420E+05  0.28451275437978E+05  0.13653963841908E+06  0.33976810909210E+05  0.76286999012686E+05 -0.11653251926579E+04  0.56741035953052E+06  0.28015212779383E+07  0.16846592795404E+05  0.31510074669479E+05  0.21115436680413E+03  0.18475624746322E+06  0.81880942136895E+06  0.23902901429396E+05  0.75547928352999E+04 -0.17894032002919E+05  0.44709359746348E+05  0.20596838735986E+05  0.64819441219953E+05
  -0.67695351305441E+05  0.17477739222698E+05 -0.26217129140441E+04 -0.19404013851329E+05  0.34532264449179E+04 -0.17688818228527E+04 -0.24753886571663E+04 -0.37277879279981E+05  0.91896953284926E+04  0.12735248267301E+04 -0.23918030984225E+03  0.25376572473203E+03  0.13341220834408E+02  0.12055075702191E+01  0.46731539769370E+02  0.50457981566209E+01  0.94974564272878E+01 -0.14495049764825E+02  0.18393504354018E+06  0.30269567907212E+04  0.10325631154297E+04  0.45460259227351E+03  0.22586028208835E+03  0.11785686048461E+03 -0.19263853257612E+03  0.26482914202766E+04  0.91595850229838E+02 -0.61612633016748E+02  0.12549275357257E+04  0.00000000000000E+00  0.26046169550318E+04  0.00000000000000E+00  0.00000000000000E+00  0.41160029418754E+05  0.00000000000000E+00  0.00000000000000E+00  0.00000000000000E+00  0.00000000000000E+00  0.61412894416037E+04  0.00000000000000E+00  0.00000000000000E+00  0.00000000000000E+00 -0.17280905690813E+04  0.00000000000000E+00  0.41885733375105E+04
  -0.29756389216275E+05  0.86775959338261E+04 -0.11715092228921E+04 -0.78980455403268E+04  0.15370416258673E+04 -0.34140245549362E+03 -0.89030716131607E+03 -0.73701039438592E+04  0.14383703741114E+04  0.35032275268452E+03 -0.51767572682282E+02  0.24559802226302E+02  0.17806139420082E+01 -0.34345112621467E-01  0.62148666116050E+02 -0.96941907671227E+01  0.60810428706261E+02  0.38514189084689E+02  0.95561728789452E+05  0.10325631154297E+04  0.45031561117222E+03  0.21937108972793E+03  0.11550901796181E+03  0.10017869716587E+03  0.39445576078371E+02  0.12166071432975E+04  0.65552874179967E+02  0.54619196632005E+02  0.57608760940233E+03  0.00000000000000E+00  0.67650771666320E+03  0.00000000000000E+00  0.00000000000000E+00  0.15534605169479E+05  0.00000000000000E+00  0.00000000000000E+00  0.00000000000000E+00  0.00000000000000E+00  0.31176443647184E+04  0.00000000000000E+00  0.00000000000000E+00  0.00000000000000E+00 -0.50363213198668E+03  0.00000000000000E+00  0.87468587993172E+03
  -0.14377515295494E+05  0.45680843729574E+04 -0.57091751670963E+03 -0.34597434557865E+04  0.70725443926443E+03 -0.14187126612237E+02 -0.33176935507575E+03 -0.19922399577594E+04  0.33181397952617E+03  0.11613923817482E+03 -0.14585347857763E+02  0.22579984193176E+00  0.31912320400234E-01 -0.17173824764439E-01  0.29704930516948E+02 -0.58561303198558E+01  0.25820096324940E+02  0.19190025509771E+02  0.51003151560834E+05  0.45460259227351E+03  0.21937108972793E+03  0.11366243658805E+03  0.62395775102787E+02  0.65049631034454E+02  0.54487215516975E+02  0.59960909465187E+03  0.39562789843259E+02  0.46405308752593E+02  0.28015446876150E+03  0.00000000000000E+00  0.19790807804742E+03  0.00000000000000E+00  0.00000000000000E+00  0.67849658443917E+04  0.00000000000000E+00  0.00000000000000E+00  0.00000000000000E+00  0.00000000000000E+00  0.16247392957316E+04  0.00000000000000E+00  0.00000000000000E+00  0.00000000000000E+00 -0.16599122613305E+03  0.00000000000000E+00  0.26101700263180E+03
  -0.74296976758944E+04  0.25213738966518E+04 -0.29645545111588E+03 -0.16464657355140E+04  0.34449842472803E+03  0.39193975095871E+02 -0.13416662490673E+03 -0.67834556618792E+03  0.10392819004996E+03  0.44445994639073E+02 -0.50427548795575E+01 -0.78783370053782E+00 -0.77877076669485E-01 -0.59671354516525E-02  0.13546668541661E+02 -0.29933507180867E+01  0.97807827802064E+01  0.82682196922210E+01  0.28322498355111E+05  0.22586028208835E+03  0.11550901796181E+03  0.62395775102787E+02  0.35326413782377E+02  0.39976219614949E+02  0.39579774109590E+02  0.31215076165155E+03  0.23099400591178E+02  0.29086421318603E+02  0.14383222062583E+03  0.00000000000000E+00  0.60675246518309E+02  0.00000000000000E+00  0.00000000000000E+00  0.32846617835748E+04  0.00000000000000E+00  0.00000000000000E+00  0.00000000000000E+00  0.00000000000000E+00  0.86751983336018E+03  0.00000000000000E+00  0.00000000000000E+00  0.00000000000000E+00 -0.58077056563077E+02  0.00000000000000E+00  0.97667498343790E+02
  -0.15006197350731E+05  0.69584455697120E+04 -0.63585758484244E+03 -0.11400529326833E+04  0.37062879116388E+03  0.47651296997175E+03  0.10773280200790E+03  0.51836199636670E+04 -0.11931690850120E+04 -0.15414253539125E+03  0.34862436302753E+02  0.58311019974178E+02  0.74884643275731E+01 -0.23644658633794E-01 -0.18788352248990E+02 -0.46837939697510E+01 -0.67084159227727E+02 -0.23238006680769E+02  0.46612245424365E+05  0.11785686048461E+03  0.10017869716587E+03  0.65049631034454E+02  0.39976219614949E+02  0.26008160872433E+03  0.46448476504623E+03  0.10609237856889E+04  0.47246952475838E+02  0.84562385840778E+02  0.17888004714655E+03 -0.50923027471623E+02 -0.18197842580148E+02  0.29571262731930E+01  0.53014791817503E+03  0.39972351478622E+03  0.00000000000000E+00  0.00000000000000E+00  0.00000000000000E+00  0.22499252788763E+04  0.19140517150224E+04  0.00000000000000E+00  0.00000000000000E+00  0.00000000000000E+00  0.30085825984559E+03 -0.37595011824320E+03 -0.21786686067469E+03
  -0.56137893364218E+04  0.74004648467023E+04 -0.37314199198741E+03  0.13067654653504E+04  0.18852774347203E+03  0.14571282967342E+04  0.70047574137932E+03  0.26300742225650E+05 -0.63293038430504E+04 -0.78086497121129E+03  0.17271462672886E+03  0.32284282664056E+03  0.35774111067090E+02 -0.78077842813396E-01 -0.10535931364709E+03 -0.11725978891820E+02 -0.21218298023133E+03 -0.62466192719599E+02  0.52586189309742E+05 -0.19263853257612E+03  0.39445576078371E+02  0.54487215516975E+02  0.39579774109590E+02  0.46448476504623E+03  0.11994947927539E+04  0.98290352547764E+03  0.77813423787650E+02  0.19543040500344E+03  0.16360736883898E+03 -0.16042587024917E+03 -0.64852331483685E+02 -0.41820274937821E+02 -0.65433331865289E+04 -0.61457556989319E+04  0.00000000000000E+00  0.00000000000000E+00  0.00000000000000E+00  0.31574408234953E+04  0.25966043769132E+04  0.00000000000000E+00  0.00000000000000E+00  0.00000000000000E+00  0.11063933620001E+04 -0.20770023868442E+04 -0.12010966969779E+04
  -0.19073682981047E+06  0.55953389370205E+05 -0.75676700875424E+04 -0.27809764415552E+05  0.58032768653549E+04 -0.29778738396978E+03 -0.28517916900403E+04 -0.21125828161309E+05  0.32903648966155E+04  0.13156387940984E+04 -0.15704599055090E+03 -0.59338477922012E+02 -0.12636324729415E+02  0.43062699372372E-01  0.56835856651193E+03 -0.12224551230519E+03  0.47033291259786E+03  0.37870570477194E+03  0.35569004745454E+06  0.26482914202766E+04  0.12166071432975E+04  0.59960909465187E+03  0.31215076165155E+03  0.10609237856889E+04  0.98290352547764E+03  0.11249197198686E+05  0.26594767370236E+03  0.35086025563646E+03  0.20651353147119E+04  0.24947795738301E+03  0.81517353424864E+02 -0.63253465594651E+01  0.37790935841393E+05  0.40222449197911E+05  0.00000000000000E+00  0.00000000000000E+00  0.00000000000000E+00  0.16140376481856E+05  0.13799001360499E+05  0.00000000000000E+00  0.00000000000000E+00  0.00000000000000E+00 -0.22941509353337E+04  0.15468903379626E+04  0.99842593562877E+03
  -0.44862867877735E+04  0.17594716497598E+04 -0.18660067712268E+03 -0.61383237455256E+03  0.20595712825722E+03  0.24508572415011E+03  0.40352541816049E+02  0.18737374835391E+04 -0.46897381247040E+03 -0.46217526737008E+02  0.12150288186778E+02 -0.97797581761468E+01 -0.12209296629529E+01  0.16335112935290E-01 -0.29082952057353E+00 -0.27690591349865E+01 -0.17314759858011E+02 -0.37184230599095E+01  0.20633835480420E+05  0.91595850229838E+02  0.65552874179967E+02  0.39562789843259E+02  0.23099400591178E+02  0.47246952475838E+02  0.77813423787650E+02  0.26594767370236E+03  0.33764481968988E+02  0.75989178357302E+02  0.10983523191204E+03  0.00000000000000E+00 -0.87645711417105E+01  0.00000000000000E+00  0.00000000000000E+00  0.51748325349321E+03  0.00000000000000E+00  0.00000000000000E+00  0.00000000000000E+00  0.00000000000000E+00  0.11503438400221E+04  0.00000000000000E+00  0.00000000000000E+00  0.00000000000000E+00 -0.21934945135375E+03  0.00000000000000E+00 -0.15073599104630E+03
  -0.39340621006537E+04  0.22653863217141E+04 -0.18905988351109E+03  0.51896175482421E+03  0.19301431374264E+03  0.89088601348052E+03  0.36305650097042E+03  0.10533929973667E+05 -0.26789727822210E+04 -0.28180000558783E+03  0.67392843269432E+02 -0.60878891041261E+02 -0.60339174830230E+01  0.73186108421536E-01 -0.22839773749881E+02 -0.72013038579544E+01 -0.62932184262620E+02 -0.12283998214266E+02  0.28451275437978E+05 -0.61612633016748E+02  0.54619196632005E+02  0.46405308752593E+02  0.29086421318603E+02  0.84562385840778E+02  0.19543040500344E+03  0.35086025563646E+03  0.75989178357302E+02  0.23860060359335E+03  0.99281516958056E+02  0.00000000000000E+00 -0.38486007199788E+02  0.00000000000000E+00  0.00000000000000E+00 -0.32071236778902E+04  0.00000000000000E+00  0.00000000000000E+00  0.00000000000000E+00  0.00000000000000E+00  0.17450017753471E+04  0.00000000000000E+00  0.00000000000000E+00  0.00000000000000E+00 -0.88957642499502E+03  0.00000000000000E+00 -0.94759770670811E+03
  -0.43127969068227E+05  0.11892026598803E+05 -0.17042530806803E+04 -0.13393779691329E+05  0.26824036877691E+04 -0.60517893458068E+03 -0.16147477721314E+04 -0.88005811056049E+04  0.14498338008058E+04  0.51268287960177E+03 -0.64637888208115E+02  0.68252590342610E+01  0.23333616921735E+01 -0.32940741120207E-01  0.21441920718471E+03 -0.44657767361412E+02  0.19590711968728E+03  0.15277654673005E+03  0.13653963841908E+06  0.12549275357257E+04  0.57608760940233E+03  0.28015446876150E+03  0.14383222062583E+03  0.17888004714655E+03  0.16360736883898E+03  0.20651353147119E+04  0.10983523191204E+03  0.99281516958056E+02  0.13765833957480E+04  0.00000000000000E+00  0.52634866693744E+02  0.00000000000000E+00  0.00000000000000E+00  0.22445767226925E+05  0.00000000000000E+00  0.00000000000000E+00  0.00000000000000E+00  0.00000000000000E+00  0.66401006403183E+04  0.00000000000000E+00  0.00000000000000E+00  0.00000000000000E+00  0.23620080068563E+04  0.00000000000000E+00  0.62878434458229E+03
  -0.13168128950308E+06  0.16751310584313E+05 -0.48107548754235E+04 -0.12809773099618E+05  0.19666811712760E+04 -0.26127692602872E+04 -0.23716546198683E+04 -0.62952569306732E+05  0.11447403551803E+05  0.27357607939754E+04 -0.45775648526583E+03 -0.10653997104747E+04 -0.15550224757513E+03  0.57270418108134E-01 -0.29463985176480E+04  0.56438886642236E+03 -0.31081256042640E+04 -0.21814402130671E+04  0.33976810909210E+05  0.00000000000000E+00  0.00000000000000E+00  0.00000000000000E+00  0.00000000000000E+00 -0.50923027471623E+02 -0.16042587024917E+03  0.24947795738301E+03  0.00000000000000E+00  0.00000000000000E+00  0.00000000000000E+00  0.11716393291539E+06  0.00000000000000E+00  0.00000000000000E+00  0.00000000000000E+00  0.00000000000000E+00  0.00000000000000E+00  0.00000000000000E+00  0.00000000000000E+00  0.00000000000000E+00  0.00000000000000E+00  0.00000000000000E+00  0.00000000000000E+00  0.00000000000000E+00  0.00000000000000E+00  0.00000000000000E+00  0.00000000000000E+00
  -0.55829616969473E+05  0.83205809068757E+04 -0.20464297898903E+04 -0.21248163555075E+05  0.33064454132986E+04 -0.39786227614904E+04 -0.37085163585117E+04 -0.50171405386866E+05  0.10758096541427E+05  0.18796912623594E+04 -0.34326658794028E+03 -0.17083096962598E-01 -0.87329743822412E-03 -0.77631849977898E-05 -0.19148207685246E+04  0.35213018194069E+03 -0.19852653927014E+04 -0.13588544629265E+04  0.76286999012686E+05  0.26046169550318E+04  0.67650771666320E+03  0.19790807804742E+03  0.60675246518309E+02 -0.18197842580148E+02 -0.64852331483685E+02  0.81517353424864E+02 -0.87645711417105E+01 -0.38486007199788E+02  0.52634866693744E+02  0.00000000000000E+00  0.64818641796321E+05  0.00000000000000E+00  0.00000000000000E+00  0.00000000000000E+00  0.00000000000000E+00  0.00000000000000E+00  0.00000000000000E+00  0.00000000000000E+00  0.00000000000000E+00  0.00000000000000E+00  0.00000000000000E+00  0.00000000000000E+00  0.00000000000000E+00  0.00000000000000E+00  0.00000000000000E+00
  -0.51717614697461E+04 -0.19948960193968E+03  0.22549318219146E+02 -0.81746157113514E+02 -0.55657804356616E+02  0.14074236388421E+03  0.13199565998467E+03 -0.70779744865667E+05  0.24766822320451E+05  0.73736416232297E+03 -0.33397623095796E+03 -0.66419426435229E+03 -0.25946366439528E+02 -0.48218241770383E+01 -0.24984485759533E+04  0.29517259892767E+03 -0.27730013780328E+04 -0.13890280813597E+04 -0.11653251926579E+04  0.00000000000000E+00  0.00000000000000E+00  0.00000000000000E+00  0.00000000000000E+00  0.29571262731930E+01 -0.41820274937821E+02 -0.63253465594651E+01  0.00000000000000E+00  0.00000000000000E+00  0.00000000000000E+00  0.00000000000000E+00  0.00000000000000E+00  0.30774443209653E+05  0.00000000000000E+00  0.00000000000000E+00  0.00000000000000E+00  0.00000000000000E+00  0.00000000000000E+00  0.00000000000000E+00  0.00000000000000E+00  0.00000000000000E+00  0.00000000000000E+00  0.00000000000000E+00  0.00000000000000E+00  0.00000000000000E+00  0.00000000000000E+00
  -0.86978592808334E+06  0.21165649613572E+06 -0.33097605316158E+05 -0.66646790942577E+05  0.11446113180920E+05 -0.78136391915745E+04 -0.93630772934177E+04 -0.29605644047674E+06  0.66963030660166E+05  0.10973421912404E+05 -0.19817951675415E+04 -0.47647466986722E+04 -0.55543610801270E+03 -0.46315990348890E+00  0.18918440539690E+04 -0.13464428043571E+03  0.23606637850129E+04  0.10683737069662E+04  0.56741035953052E+06  0.00000000000000E+00  0.00000000000000E+00  0.00000000000000E+00  0.00000000000000E+00  0.53014791817503E+03 -0.65433331865289E+04  0.37790935841393E+05  0.00000000000000E+00  0.00000000000000E+00  0.00000000000000E+00  0.00000000000000E+00  0.00000000000000E+00  0.00000000000000E+00  0.58371283904015E+06  0.00000000000000E+00  0.00000000000000E+00  0.00000000000000E+00  0.00000000000000E+00  0.00000000000000E+00  0.00000000000000E+00  0.00000000000000E+00  0.00000000000000E+00  0.00000000000000E+00  0.00000000000000E+00  0.00000000000000E+00  0.00000000000000E+00
  -0.11252823172457E+07  0.26769038849538E+06 -0.43072948618522E+05 -0.34567650871236E+06  0.61052264045573E+05 -0.37502661227377E+05 -0.48723886894385E+05 -0.57755497625439E+06  0.12623321376828E+06  0.22685495334356E+05 -0.39152009354647E+04 -0.23230551382914E+01  0.25203586420391E+00 -0.50418081996010E-03  0.42774783132922E+04 -0.47852165044411E+03  0.51762665537952E+04  0.28018574820259E+04  0.28015212779383E+07  0.41160029418754E+05  0.15534605169479E+05  0.67849658443917E+04  0.32846617835748E+04  0.39972351478622E+03 -0.61457556989319E+04  0.40222449197911E+05  0.51748325349321E+03 -0.32071236778902E+04  0.22445767226925E+05  0.00000000000000E+00  0.00000000000000E+00  0.00000000000000E+00  0.00000000000000E+00  0.92020792962421E+06  0.00000000000000E+00  0.00000000000000E+00  0.00000000000000E+00  0.00000000000000E+00  0.00000000000000E+00  0.00000000000000E+00  0.00000000000000E+00  0.00000000000000E+00  0.00000000000000E+00  0.00000000000000E+00  0.00000000000000E+00
  -0.20995475896458E+05  0.57680375460826E+04 -0.83075170205861E+03 -0.13427768745535E+04  0.30336031230251E+03  0.28457613736142E+02 -0.13904137932340E+03 -0.74419527434119E+05  0.22955997238205E+05  0.14941999865311E+04 -0.41623205414398E+03 -0.21713170230393E+04 -0.13595645759418E+03 -0.22552577123227E+01 -0.15094148470158E+04  0.16340329605647E+03 -0.13820686588938E+04 -0.70334803143419E+03  0.16846592795404E+05  0.00000000000000E+00  0.00000000000000E+00  0.00000000000000E+00  0.00000000000000E+00  0.00000000000000E+00  0.00000000000000E+00  0.00000000000000E+00  0.00000000000000E+00  0.00000000000000E+00  0.00000000000000E+00  0.00000000000000E+00  0.00000000000000E+00  0.00000000000000E+00  0.00000000000000E+00  0.00000000000000E+00  0.14331618028342E+05  0.00000000000000E+00  0.00000000000000E+00  0.00000000000000E+00  0.00000000000000E+00  0.00000000000000E+00  0.00000000000000E+00  0.00000000000000E+00  0.00000000000000E+00  0.00000000000000E+00  0.00000000000000E+00
  -0.47710033255574E+05  0.13283054188919E+05 -0.18956460500874E+04 -0.25014545176259E+04  0.54350257355516E+03  0.15490405445432E+02 -0.25299427414667E+03 -0.16808630530372E+06  0.51900813344758E+05  0.33204850307592E+04 -0.94076275474635E+03 -0.64702126944556E+02 -0.16866978083397E+02 -0.42109895057033E-05 -0.30233061835820E+04  0.32567248652484E+03 -0.27834204447041E+04 -0.14168192633491E+04  0.31510074669479E+05  0.00000000000000E+00  0.00000000000000E+00  0.00000000000000E+00  0.00000000000000E+00  0.00000000000000E+00  0.00000000000000E+00  0.00000000000000E+00  0.00000000000000E+00  0.00000000000000E+00  0.00000000000000E+00  0.00000000000000E+00  0.00000000000000E+00  0.00000000000000E+00  0.00000000000000E+00  0.00000000000000E+00  0.00000000000000E+00  0.31795492176647E+05  0.00000000000000E+00  0.00000000000000E+00  0.00000000000000E+00  0.00000000000000E+00  0.00000000000000E+00  0.00000000000000E+00  0.00000000000000E+00  0.00000000000000E+00  0.00000000000000E+00
