# fitpack15: fit parameters                                                                         
# CJ15 AV18 final data choices                                                                      
# Created on 02/03/2020 at 20:19:53                                                                 

 # QCD setup
  INS                           0
  NVL                          11
  IORD                          1
  Q02                   1.6899999999999999     
  IPARAMC                       7
  FLAVOR                4.0000000000000000     
  xmc                   1.3000000000000000     
  xmb                   4.5000000000000000     
  ncb                          12
  ihq                           1
  ias                           0

 # Theory corrections
  inuke                     10914
  itmc                          1
  iht                           1

 # fit parameters
 LAMBDA       0.22680        0.0000    
 a0uv          2.0004        0.0000    
 a1uv         0.57320       0.23388E-01
 a2uv          3.5568       0.11882E-01
 a3uv          0.0000        0.0000    
 a4uv          4.4231       0.61693    
 a5uv          0.0000        0.0000    
 a0dv          23.953        0.0000    
 a1dv          1.1470       0.33921E-01
 a2dv          6.6238       0.17193    
 a3dv         -3.5356       0.92032E-01
 a4dv          4.7853       0.15018    
 a5dv          0.0000        0.0000    
 a0ud         0.14145       0.50132E-02
 a1ud        -0.21111       0.38448E-02
 a2ud          8.4664       0.19026    
 a3ud          0.0000        0.0000    
 a4ud          15.890        1.3198    
 a5ud          0.0000        0.0000    
 a0du          35712.        0.0000    
 a1du          4.0951       0.90151E-01
 a2du          20.339       0.98407    
 a3du          17.000        0.0000    
 a4du          56.666        13.433    
 a0g           45.856        0.0000    
 a1g          0.60279       0.29357E-01
 a2g           6.0350       0.80519    
 a3g          -3.3925       0.12036    
 a4g           3.2672       0.27871    
 a5g           0.0000        0.0000    
 kappa        0.40000        0.0000    
 a6dv        -0.43756E-02   0.80308E-03
 a7dv          2.0000        0.0000    
 off1         -2.0528        4.0906    
 off2         0.22973        1.7729    
 off3         0.22264        1.9148    
 ht1          -3.3569       0.32326    
 ht2           1.9546       0.12449    
 ht3          -2.0645       0.35072E-01
 ht4           0.0000        0.0000    
 ht1n         -3.0980       0.86892    
 ht2n          1.8160       0.32485    
 ht3n         -2.2754       0.96964E-01
 ht4n          0.0000        0.0000    
 dummy45       0.0000        0.0000    
 dummy46       0.0000        0.0000    
 dummy47       0.0000        0.0000    
 dummy48       0.0000        0.0000    
 dummy49       0.0000        0.0000    
 bcdmsh2      0.96944       0.48548E-02
 bcdmsd2      0.99007       0.57814E-02
 ccfr          1.0000        0.0000    
 nutev         1.0000        0.0000    
 zeus         0.97998        0.0000    
 h1            1.0162        0.0000    
 e605          1.0319        0.0000    
 NmcH2         1.0066       0.71324E-02
 ntv_nu        1.0000        0.0000    
 ntv_nubar     1.0000        0.0000    
 cdf_jet      0.98910        0.0000    
 d0_jet       0.83504        0.0000    
 slac_p       0.99931       0.51473E-02
 slac_d        1.0016       0.53960E-02
 e866pp       0.98110       0.19833E-01
 e866pd       0.96712       0.16047E-01
 d0_gamjet     1.0369       0.16468E-01
 h1b          0.97608        0.0000    
 jlab_p       0.98912       0.63550E-02
 jlab_d       0.97596       0.62017E-02
 blank         1.0000        0.0000    
 d0run2       0.95427       0.14976E-01
 cdfrun2      0.93765       0.17609E-01
 HERA_el       1.0000        0.0000    
 HERA_ps       1.0000        0.0000    
 CDF_Z        0.95744       0.64403E-02
 NmcRat        1.0000        0.0000    
 BNS_F2nd     0.98933       0.10508E-01
 HERMES_F2p   0.99396       0.57245E-02
 HERMES_F2d   0.97714       0.58953E-02
 END 0. 0.

 # Hessian matrix (Bevington alpha)
   0.51813619970685E+07 -0.13346572904079E+07  0.19816144990123E+06  0.50429648913165E+06 -0.12639456170399E+06 -0.31063708776107E+05  0.51099506007670E+05  0.97514353252942E+06 -0.18036309481236E+06 -0.49446916820962E+05  0.71539065437464E+04  0.14614701312226E+05  0.16197747796953E+04 -0.10092541945630E+03  0.10520140106806E+05 -0.25575523587496E+04  0.14543797795384E+05  0.10257024275450E+05 -0.75439146806832E+07 -0.29848495342788E+04 -0.16071586357441E+05 -0.19693008215334E+05 -0.14992578138856E+05 -0.55732590809764E+04 -0.19260413615099E+06 -0.51233927773735E+04 -0.42085752153384E+04 -0.40515456276318E+05 -0.13157552766230E+06 -0.55704104251750E+05 -0.51400911802506E+04 -0.86983762094901E+06 -0.11243366750085E+07 -0.20976789529158E+05 -0.47541640452649E+05 -0.31950657857718E+04 -0.20539728900393E+06 -0.23108656605247E+06 -0.90074947376399E+04 -0.31950588606124E+04 -0.17906962164626E+05  0.16719119288479E+05 -0.74031036833636E+05 -0.58286837783278E+05
  -0.13346572904079E+07  0.41877192270766E+06 -0.52189563553333E+05 -0.13848488077423E+06  0.34202884588343E+05  0.10955791066679E+05 -0.10730243153255E+05 -0.12490649463257E+06  0.26283077347153E+05  0.73243169379294E+04 -0.86539856493173E+03 -0.11476925000234E+04 -0.13086232744723E+03  0.12132876623691E+02  0.73605187447190E+03 -0.73408731581478E+02  0.22680096109848E+03  0.15490062284632E+03  0.25302128876648E+07  0.10045364840300E+04  0.48082028392728E+04  0.62756047627013E+04  0.69609434814038E+04  0.74137067127382E+04  0.56420241307125E+05  0.19777215739572E+04  0.22181390908265E+04  0.11058652708729E+05  0.16747152859728E+05  0.82892207625892E+04 -0.19829730107181E+03  0.21152770958007E+06  0.26735242083650E+06  0.57569074052598E+04  0.13228057211778E+05  0.42324693634191E+03  0.64136750749128E+05  0.71843234985498E+05  0.23953028813604E+04  0.76233314153110E+03 -0.21987434540814E+04 -0.22449751601518E+04  0.86983224435980E+04  0.73331632034750E+04
   0.19816144990123E+06 -0.52189563553333E+05  0.76353606115880E+04  0.19165445866583E+05 -0.49068423449443E+04 -0.14211846698985E+04  0.18838978180029E+04  0.27995761396985E+05 -0.50138365889124E+04 -0.16678835197881E+04  0.20890583567214E+03  0.39996143856371E+03  0.50246239777842E+02 -0.38445201824637E+01 -0.25497803574762E+03 -0.17909412450261E+02 -0.11155630509160E+03  0.21171019565774E+02 -0.29649910995306E+06 -0.11670948004055E+03 -0.63163270964377E+03 -0.77443856943563E+03 -0.62199652784629E+03 -0.36168114990990E+03 -0.74924439974721E+04 -0.20869793990527E+03 -0.19296776344838E+03 -0.15688267382394E+04 -0.47261220064022E+04 -0.20060381885276E+04  0.21513182008749E+02 -0.32488664474636E+05 -0.42236926295516E+05 -0.81369770120428E+03 -0.18518846647601E+04 -0.10207812335976E+03 -0.80880971941051E+04 -0.90935197831716E+04 -0.34515092600395E+03 -0.12107606150092E+03 -0.58217818441874E+02  0.60528105085554E+03 -0.22443288273698E+04 -0.18121907582380E+04
   0.50429648913165E+06 -0.13848488077423E+06  0.19165445866583E+05  0.40382048532544E+06 -0.62084965066882E+05  0.72211167040127E+05  0.62602774757508E+05  0.36386316577835E+06 -0.28161902051176E+05 -0.18237024840921E+05  0.31608774567593E+04 -0.13881232193535E+04 -0.14865187962398E+03  0.52159986455612E+02  0.32212023396709E+05 -0.41859829213082E+04  0.32379314964527E+05  0.18341386467683E+05 -0.22028904552625E+07 -0.59936308602695E+03 -0.48143296339296E+04 -0.52429778081946E+04 -0.11210239579036E+04  0.13435329371983E+04 -0.28084643037751E+05 -0.74679682065744E+03  0.23692860958581E+03 -0.12756337997059E+05 -0.12816918175030E+05 -0.21258028875753E+05 -0.87619957270701E+02 -0.66599113581857E+05 -0.34593477065177E+06 -0.13442332792529E+04 -0.24906435020249E+04 -0.70255588871680E+02 -0.11820205564230E+05 -0.53364227651181E+05 -0.24105455526581E+04 -0.94291770911436E+03 -0.10076020596760E+05 -0.15845718578755E+05 -0.72947443341715E+04 -0.21632187165580E+05
  -0.12639456170399E+06  0.34202884588343E+05 -0.49068423449443E+04 -0.62084965066882E+05  0.11248017268673E+05 -0.71579485124813E+04 -0.88322083896288E+04 -0.33152445541220E+05  0.52701900318081E+03  0.23293962046535E+04 -0.31260188722012E+03 -0.13926952675202E+02  0.53386563493409E+01 -0.45952042121643E+01 -0.27032513453715E+04  0.36189151545709E+03 -0.26288176104505E+04 -0.15143244603548E+04  0.46338895326345E+06  0.13435578648503E+03  0.10612627093933E+04  0.11706239865340E+04  0.39081961332722E+03  0.21232736263842E+03  0.60166374402031E+04  0.25538587011402E+03  0.24005613451832E+03  0.25944048043100E+04  0.19765361869872E+04  0.33285754850206E+04 -0.55592377620293E+02  0.11671088772018E+05  0.62208615493590E+05  0.31089880472811E+03  0.55491408205145E+03  0.88581545531229E+01  0.28520029110882E+04  0.12752700428139E+05  0.44818720548483E+03  0.16738598693353E+03  0.39520536771636E+03  0.24870826696421E+04  0.80991440013110E+03  0.25118644847312E+04
  -0.31063708776107E+05  0.10955791066679E+05 -0.14211846698985E+04  0.72211167040127E+05 -0.71579485124813E+04  0.23098790770177E+05  0.13781838122151E+05  0.10753378324471E+06 -0.10215348185434E+05 -0.44031310676546E+04  0.91581767360600E+03 -0.68187566187652E+03 -0.63860297948231E+02  0.17171300169961E+02  0.95810705673033E+04 -0.12727635703203E+04  0.98385468248775E+04  0.56423157440057E+04 -0.35912717477048E+05  0.27243589150139E+02 -0.11279060691460E+03 -0.77641336578435E+01  0.46059193632179E+03  0.14431777536203E+04 -0.51266483228264E+03  0.26023820224633E+03  0.78454841885330E+03 -0.70632441444514E+03 -0.26425025162014E+04 -0.40441566926353E+04  0.13953071376740E+03 -0.81177674792272E+04 -0.39258346455643E+05  0.16863120618057E+02 -0.37670249763621E+01 -0.17939870725703E+02  0.46489923218264E+03  0.18827989352023E+04 -0.22354645887963E+03 -0.11773219773693E+03 -0.31281415087577E+04 -0.31459217518989E+04 -0.18116422356450E+04 -0.51876916569004E+04
   0.51099506007670E+05 -0.10730243153255E+05  0.18838978180029E+04  0.62602774757508E+05 -0.88322083896288E+04  0.13781838122151E+05  0.10758663920850E+05  0.59309914911693E+05 -0.33784006806513E+04 -0.31471570924115E+04  0.53219217635499E+03 -0.22575905943005E+03 -0.26009891197738E+02  0.90165328797634E+01  0.49685803865093E+04 -0.67629028197231E+03  0.49364070800067E+04  0.28762820204816E+04 -0.22385628058248E+06 -0.43202179127468E+02 -0.59156117465168E+03 -0.57131908086299E+03  0.95576298625248E+02  0.68789549822444E+03 -0.30213307877349E+04  0.26522118771198E+02  0.28490506090289E+03 -0.16118747250725E+04 -0.23862613694785E+04 -0.37410166592791E+04  0.13082801900823E+03 -0.95574338502699E+04 -0.49840669498960E+05 -0.14659879214306E+03 -0.26471877649950E+03 -0.12622373224804E+02 -0.95072049193291E+03 -0.44188200772865E+04 -0.33275655316847E+03 -0.14191615624972E+03 -0.13391272795702E+04 -0.30200043855254E+04 -0.11208011650619E+04 -0.33382707179411E+04
   0.97514353252942E+06 -0.12490649463257E+06  0.27995761396985E+05  0.36386316577835E+06 -0.33152445541220E+05  0.10753378324471E+06  0.59309914911693E+05  0.54079916461300E+07 -0.24115299701228E+07 -0.89105120708680E+05  0.25839851251570E+05  0.25615901246678E+05  0.17168328454723E+04  0.88893293387371E+02  0.90855414364332E+05 -0.12062132690625E+05  0.10559174113771E+06  0.57238895518643E+05 -0.56636816003096E+06 -0.71292763867472E+03  0.74361906729071E+04  0.60377819341364E+04  0.52691624406932E+04  0.26560114100209E+05 -0.21392426531696E+05  0.22116500400503E+04  0.98072836024506E+04 -0.87064967068269E+04 -0.62876947291094E+05 -0.50335786390835E+05 -0.70834035315402E+05 -0.29596661753878E+06 -0.57834335836032E+06 -0.74357265367610E+05 -0.16736750453963E+06 -0.14235244559115E+04 -0.57464538015375E+04 -0.11313477069228E+05  0.53480502736788E+03  0.36041693189876E+03 -0.27544744146598E+06 -0.85121791776105E+04 -0.14533374362973E+06 -0.17842532128357E+06
  -0.18036309481236E+06  0.26283077347153E+05 -0.50138365889124E+04 -0.28161902051176E+05  0.52701900318081E+03 -0.10215348185434E+05 -0.33784006806513E+04 -0.24115299701228E+07  0.19235402366056E+07  0.19357340314896E+05 -0.63611635390145E+04 -0.53760647551526E+04 -0.29431305398598E+03 -0.12176668213760E+02  0.48881123605872E+05 -0.24009936668451E+04  0.17956061313003E+05  0.89828234311172E+04 -0.23788592367505E+05  0.21575287277252E+03 -0.30057400049926E+04 -0.24783574714211E+04 -0.12138483854418E+04 -0.63973649074402E+04  0.33430615476513E+04 -0.56597077327469E+03 -0.25320645290462E+04  0.14557024398485E+04  0.11440121380150E+05  0.10814631880545E+05  0.24813281709362E+05  0.67013433470379E+05  0.12656713860894E+06  0.22955342241740E+05  0.51745424700726E+05  0.19429532970303E+03  0.64895531517327E+03  0.13012725454842E+04 -0.13298766547258E+04 -0.72242827973334E+03  0.11312617525011E+06  0.15140155257097E+04  0.45346099911904E+05  0.55134138733589E+05
  -0.49446916820962E+05  0.73243169379294E+04 -0.16678835197881E+04 -0.18237024840921E+05  0.23293962046535E+04 -0.44031310676546E+04 -0.31471570924115E+04 -0.89105120708680E+05  0.19357340314896E+05  0.26335014787911E+04 -0.60601454567001E+03 -0.63291687482444E+03 -0.55609636103305E+02 -0.15811824864824E+01 -0.41349824094541E+04  0.53763560725684E+03 -0.42260808490512E+04 -0.24088920206547E+04  0.53990506103317E+05  0.21138636742843E+02  0.13127113263999E+02  0.29225926241568E+02 -0.15718336824577E+03 -0.78993473305922E+03  0.13322321602903E+04 -0.51850905636747E+02 -0.25368110154527E+03  0.49973721132329E+03  0.27376130233074E+04  0.18853690481341E+04  0.73869451629807E+03  0.10985378635172E+05  0.22739358034388E+05  0.14950818034259E+04  0.33078091959628E+04  0.43777552017912E+02  0.54638976022757E+03  0.10417558908712E+04  0.12099393064208E+03  0.54705022737550E+02  0.31381614027386E+04  0.42233434031985E+03  0.28383216477425E+04  0.35731548981178E+04
   0.71539065437464E+04 -0.86539856493173E+03  0.20890583567214E+03  0.31608774567593E+04 -0.31260188722012E+03  0.91581767360600E+03  0.53219217635499E+03  0.25839851251570E+05 -0.63611635390145E+04 -0.60601454567001E+03  0.16367384082170E+03  0.17746126855953E+03  0.12848286613766E+02  0.58544106884639E+00  0.12387988121586E+04 -0.14439502085777E+03  0.12154019032644E+04  0.66520417620412E+03 -0.57315512951110E+04 -0.39904295459180E+01  0.33135362359100E+02  0.26566764480780E+02  0.35356097154642E+02  0.17403666367036E+03 -0.15853579383867E+03  0.14166049107435E+02  0.62183668124034E+02 -0.63590662578971E+02 -0.45614905102900E+03 -0.34347595453194E+03 -0.33380927900767E+03 -0.19765885739340E+04 -0.39110140766102E+04 -0.41522161899035E+03 -0.93488169722572E+03 -0.10772346025072E+02 -0.44205991763367E+02 -0.86989358685788E+02 -0.11294151804352E+02 -0.54994215692352E+01 -0.11251973011642E+04 -0.61559083212987E+02 -0.80970884157964E+03 -0.10012855723100E+04
   0.14614701312226E+05 -0.11476925000234E+04  0.39996143856371E+03 -0.13881232193535E+04 -0.13926952675202E+02 -0.68187566187652E+03 -0.22575905943005E+03  0.25615901246678E+05 -0.53760647551526E+04 -0.63291687482444E+03  0.17746126855953E+03  0.14474391897446E+04  0.96113343006713E+02 -0.12281460752891E+01  0.13408916912410E+04 -0.19835747470511E+03  0.17009734702199E+04  0.98005860506928E+03 -0.54889320781717E+04  0.21815156441458E+01 -0.83390092284267E+02 -0.73116476847328E+02  0.59163989164802E+02  0.32486791699900E+03 -0.60448788528336E+02 -0.12220679815761E+02 -0.58097702641300E+02  0.76295215448582E+01 -0.10632273165265E+04 -0.39112447356121E-01 -0.65884359760283E+03 -0.47527530505930E+04 -0.55549764550510E+01 -0.21578020751409E+04 -0.64204532299382E+02 -0.74207787660571E+02 -0.17378994685937E+00  0.90976713329235E-02 -0.16007833460455E+01 -0.69256899628162E+00  0.26635675289342E+03  0.27923440732032E+03 -0.25653970037529E+04 -0.34567380981240E+01
   0.16197747796953E+04 -0.13086232744723E+03  0.50246239777842E+02 -0.14865187962398E+03  0.53386563493409E+01 -0.63860297948231E+02 -0.26009891197738E+02  0.17168328454723E+04 -0.29431305398598E+03 -0.55609636103305E+02  0.12848286613766E+02  0.96113343006713E+02  0.86202310719049E+01 -0.15613784795701E+00  0.76250325216715E+02 -0.13611721246216E+02  0.10459251918254E+03  0.65182385862285E+02 -0.25819486132233E+03 -0.10862657655043E+00 -0.23752004544513E+01 -0.23921399310128E+01  0.75556599942722E+01  0.35913220737979E+02 -0.12739552098973E+02 -0.14226034073852E+01 -0.55428070580133E+01  0.23889182734065E+01 -0.15456573455185E+03 -0.22049274382528E-02 -0.25895722607540E+02 -0.55273989658412E+03  0.22602015168713E+00 -0.13544789432654E+03 -0.16586911660492E+02 -0.59919971575848E+01 -0.12205943928979E+00  0.51633031834040E-02 -0.16777955594043E+00 -0.65915158099129E-01  0.26609038243226E+02  0.61832974176754E+02 -0.18501219272701E+03 -0.18839757711500E+00
  -0.10092541945630E+03  0.12132876623691E+02 -0.38445201824637E+01  0.52159986455612E+02 -0.45952042121643E+01  0.17171300169961E+02  0.90165328797634E+01  0.88893293387371E+02 -0.12176668213760E+02 -0.15811824864824E+01  0.58544106884639E+00 -0.12281460752891E+01 -0.15613784795701E+00  0.41772372092906E-01  0.12979269573796E+02 -0.10191208418441E+01  0.92294759741050E+01  0.43974181127091E+01 -0.71489311651479E+02  0.77884593355771E-01 -0.10238956942574E+01 -0.81379496398464E+00 -0.24060401295074E-01 -0.72856037721289E-01  0.45997125513889E-01  0.18734168835626E-01  0.60603303468341E-01 -0.35852072491724E-01  0.61853197457793E-01 -0.24038515310968E-04 -0.52249719177206E+01 -0.55750600976051E+00 -0.14820661242696E-02 -0.25492656011578E+01 -0.65987366008715E-05 -0.11693894801969E+00  0.20208141011258E-12  0.52343314889598E-12 -0.13716328273546E-02 -0.76208086048964E-03 -0.15855081902109E+01  0.15327216823137E-04 -0.24979828611485E+01 -0.34245136490862E-02
   0.10520140106806E+05  0.73605187447190E+03 -0.25497803574762E+03  0.32212023396709E+05 -0.27032513453715E+04  0.95810705673033E+04  0.49685803865093E+04  0.90855414364332E+05  0.48881123605872E+05 -0.41349824094541E+04  0.12387988121586E+04  0.13408916912410E+04  0.76250325216715E+02  0.12979269573796E+02  0.51214513499502E+05 -0.50222322007936E+04  0.42556334505657E+05  0.22489645049128E+05 -0.54251446368072E+05 -0.96214835515375E+00  0.15505288122608E+03  0.13897844625334E+03 -0.16233453504028E+02 -0.99161446700396E+02  0.58462723219355E+03  0.26068791285092E+01 -0.12743434001766E+02  0.20835440473867E+03 -0.29667625947392E+04 -0.19362634996715E+04 -0.24965535679725E+04  0.18597247417804E+04  0.42241506037337E+04 -0.15102896554419E+04 -0.30107283643287E+04 -0.74147132706093E+03  0.35052184262561E+03  0.62309325453849E+03 -0.30385526444819E+04 -0.15913941081325E+04 -0.21609426971967E+04  0.19473042339390E+03 -0.97491481587379E+03 -0.10975333378019E+04
  -0.25575523587496E+04 -0.73408731581478E+02 -0.17909412450261E+02 -0.41859829213082E+04  0.36189151545709E+03 -0.12727635703203E+04 -0.67629028197231E+03 -0.12062132690625E+05 -0.24009936668451E+04  0.53763560725684E+03 -0.14439502085777E+03 -0.19835747470511E+03 -0.13611721246216E+02 -0.10191208418441E+01 -0.50222322007936E+04  0.58009046669651E+03 -0.47951996102015E+04 -0.26370125614641E+04  0.67923712053576E+04 -0.51485200496556E+00 -0.25839032805687E+02 -0.24543580851275E+02 -0.61732215939706E+01 -0.15563088016024E+02 -0.13099031770602E+03 -0.42282896776715E+01 -0.93944163160273E+01 -0.44529739083158E+02  0.58896647452781E+03  0.36860980206952E+03  0.29674440042044E+03 -0.12047441799366E+03 -0.46144277357124E+03  0.16624683425999E+03  0.32920034909323E+03  0.86742786905722E+02 -0.10065499299660E+03 -0.17677947423941E+03  0.50645466067279E+03  0.24470630677340E+03 -0.39976443081403E+03 -0.35663233200582E+02  0.28488375446498E+03  0.31949129090067E+03
   0.14543797795384E+05  0.22680096109848E+03 -0.11155630509160E+03  0.32379314964527E+05 -0.26288176104505E+04  0.98385468248775E+04  0.49364070800067E+04  0.10559174113771E+06  0.17956061313003E+05 -0.42260808490512E+04  0.12154019032644E+04  0.17009734702199E+04  0.10459251918254E+03  0.92294759741050E+01  0.42556334505657E+05 -0.47951996102015E+04  0.40673456882530E+05  0.22087813341660E+05 -0.54953907949137E+05 -0.48701820703581E+01  0.19725062862323E+03  0.16888062570260E+03 -0.69612164781678E+02 -0.21638770811094E+03  0.52385448499560E+03 -0.16978990430116E+02 -0.48983027706193E+02  0.21012848434670E+03 -0.33667649345482E+04 -0.21542620522673E+04 -0.28975535210848E+04  0.24487646600341E+04  0.54630419742659E+04 -0.14435728720222E+04 -0.28928040546790E+04 -0.72694743178457E+03  0.11372755398784E+03  0.22202122888616E+03 -0.31804973789918E+04 -0.17028938689838E+04  0.19278467540606E+04  0.28875443153438E+03 -0.21064182275047E+04 -0.23353613381410E+04
   0.10257024275450E+05  0.15490062284632E+03  0.21171019565774E+02  0.18341386467683E+05 -0.15143244603548E+04  0.56423157440057E+04  0.28762820204816E+04  0.57238895518643E+05  0.89828234311172E+04 -0.24088920206547E+04  0.66520417620412E+03  0.98005860506928E+03  0.65182385862285E+02  0.43974181127091E+01  0.22489645049128E+05 -0.26370125614641E+04  0.22087813341660E+05  0.12151130169719E+05 -0.30755331201426E+05 -0.11403130506408E+01  0.12190340033892E+03  0.10794112522407E+03 -0.23020046295617E+02 -0.59878889855667E+02  0.42033083932045E+03 -0.13537058649154E+01 -0.29135932900184E+01  0.16158143659440E+03 -0.23634832002583E+04 -0.14762209643851E+04 -0.14590292548144E+04  0.11033050529210E+04  0.29572761035285E+04 -0.74013095567287E+03 -0.14824573935363E+04 -0.40367676571344E+03  0.16373682828196E+03  0.30181752574181E+03 -0.20749980028682E+04 -0.10636986759285E+04  0.19165952515415E+04  0.19760372519961E+03 -0.14357427249926E+04 -0.15939608210723E+04
  -0.75439146806832E+07  0.25302128876648E+07 -0.29649910995306E+06 -0.22028904552625E+07  0.46338895326345E+06 -0.35912717477048E+05 -0.22385628058248E+06 -0.56636816003096E+06 -0.23788592367505E+05  0.53990506103317E+05 -0.57315512951110E+04 -0.54889320781717E+04 -0.25819486132233E+03 -0.71489311651479E+02 -0.54251446368072E+05  0.67923712053576E+04 -0.54953907949137E+05 -0.30755331201426E+05  0.31369540917361E+08  0.10662363595177E+05  0.56499548320209E+05  0.71867892644988E+05  0.45141212040739E+05  0.50987013233561E+05  0.34672894255980E+06  0.22481164583630E+05  0.26884837692533E+05  0.12276970085249E+06  0.32753757459396E+05  0.73387695831757E+05 -0.11213567004344E+04  0.54788023125756E+06  0.27074742765653E+07  0.16271908446015E+05  0.30313482610908E+05  0.20363946358489E+03  0.17827308034957E+06  0.79027402780246E+06  0.23010675641104E+05  0.72827076867621E+04 -0.17242263571750E+05  0.42922411432005E+05  0.19896703926751E+05  0.62542195765401E+05
  -0.29848495342788E+04  0.10045364840300E+04 -0.11670948004055E+03 -0.59936308602695E+03  0.13435578648503E+03  0.27243589150139E+02 -0.43202179127468E+02 -0.71292763867472E+03  0.21575287277252E+03  0.21138636742843E+02 -0.39904295459180E+01  0.21815156441458E+01 -0.10862657655043E+00  0.77884593355771E-01 -0.96214835515375E+00 -0.51485200496556E+00 -0.48701820703581E+01 -0.11403130506408E+01  0.10662363595177E+05  0.61073190473428E+01  0.15035478303836E+02  0.25381685201994E+02  0.16151153487652E+02  0.16303981094949E+02  0.12517189875405E+03  0.10460372290292E+02  0.11331674770697E+02  0.52865983036693E+02  0.00000000000000E+00  0.25242898299785E+02  0.00000000000000E+00  0.00000000000000E+00  0.12846704676280E+04  0.00000000000000E+00  0.32815139363741E+02  0.00000000000000E+00  0.00000000000000E+00  0.35929338115557E+03  0.00000000000000E+00  0.00000000000000E+00  0.00000000000000E+00 -0.17206134840838E+02  0.00000000000000E+00  0.73716988979002E+02
  -0.16071586357441E+05  0.48082028392728E+04 -0.63163270964377E+03 -0.48143296339296E+04  0.10612627093933E+04 -0.11279060691460E+03 -0.59156117465168E+03  0.74361906729071E+04 -0.30057400049926E+04  0.13127113263999E+02  0.33135362359100E+02 -0.83390092284267E+02 -0.23752004544513E+01 -0.10238956942574E+01  0.15505288122608E+03 -0.25839032805687E+02  0.19725062862323E+03  0.12190340033892E+03  0.56499548320209E+05  0.15035478303836E+02  0.32313759142845E+03  0.32259650321509E+03  0.69673079578602E+02  0.83894421273509E+02  0.74528174990706E+03  0.55658770442215E+02  0.88554113041138E+02  0.33457625472962E+03  0.00000000000000E+00  0.12565918612367E+03  0.00000000000000E+00  0.00000000000000E+00  0.75105549307786E+04  0.00000000000000E+00 -0.54867669559309E+03  0.00000000000000E+00  0.00000000000000E+00  0.19960722071247E+04  0.00000000000000E+00  0.00000000000000E+00  0.00000000000000E+00 -0.25271675571617E+03  0.00000000000000E+00 -0.46508714560014E+03
  -0.19693008215334E+05  0.62756047627013E+04 -0.77443856943563E+03 -0.52429778081946E+04  0.11706239865340E+04 -0.77641336578435E+01 -0.57131908086299E+03  0.60377819341364E+04 -0.24783574714211E+04  0.29225926241568E+02  0.26566764480780E+02 -0.73116476847328E+02 -0.23921399310128E+01 -0.81379496398464E+00  0.13897844625334E+03 -0.24543580851275E+02  0.16888062570260E+03  0.10794112522407E+03  0.71867892644988E+05  0.25381685201994E+02  0.32259650321509E+03  0.34346843730048E+03  0.98407696062220E+02  0.11715412263459E+03  0.89356644817630E+03  0.71654273167298E+02  0.10468765723571E+03  0.39245818340286E+03  0.00000000000000E+00  0.10952115898952E+03  0.00000000000000E+00  0.00000000000000E+00  0.87750059140417E+04  0.00000000000000E+00 -0.45373446120786E+03  0.00000000000000E+00  0.00000000000000E+00  0.24542407017491E+04  0.00000000000000E+00  0.00000000000000E+00  0.00000000000000E+00 -0.22831716716567E+03  0.00000000000000E+00 -0.34507413468949E+03
  -0.14992578138856E+05  0.69609434814038E+04 -0.62199652784629E+03 -0.11210239579036E+04  0.39081961332722E+03  0.46059193632179E+03  0.95576298625248E+02  0.52691624406932E+04 -0.12138483854418E+04 -0.15718336824577E+03  0.35356097154642E+02  0.59163989164802E+02  0.75556599942722E+01 -0.24060401295074E-01 -0.16233453504028E+02 -0.61732215939706E+01 -0.69612164781678E+02 -0.23020046295617E+02  0.45141212040739E+05  0.16151153487652E+02  0.69673079578602E+02  0.98407696062220E+02  0.26251816116200E+03  0.47101208149384E+03  0.10706201011536E+04  0.52945285947863E+02  0.79672074869686E+02  0.16335935217282E+03 -0.51391388347189E+02 -0.18406716328260E+02  0.28271558866177E+01  0.49873571010239E+03  0.38204700907154E+03  0.00000000000000E+00  0.00000000000000E+00  0.00000000000000E+00  0.22520385160932E+04  0.19263971532361E+04  0.00000000000000E+00  0.00000000000000E+00  0.00000000000000E+00  0.30223107732184E+03 -0.38279124942360E+03 -0.22207452761265E+03
  -0.55732590809764E+04  0.74137067127382E+04 -0.36168114990990E+03  0.13435329371983E+04  0.21232736263842E+03  0.14431777536203E+04  0.68789549822444E+03  0.26560114100209E+05 -0.63973649074402E+04 -0.78993473305922E+03  0.17403666367036E+03  0.32486791699900E+03  0.35913220737979E+02 -0.72856037721289E-01 -0.99161446700396E+02 -0.15563088016024E+02 -0.21638770811094E+03 -0.59878889855667E+02  0.50987013233561E+05  0.16303981094949E+02  0.83894421273509E+02  0.11715412263459E+03  0.47101208149384E+03  0.12180117865149E+04  0.98952373955879E+03  0.88189534511273E+02  0.18288275065548E+03  0.14346834729897E+03 -0.16159742394278E+03 -0.65452904633862E+02 -0.42477915940401E+02 -0.66236424259237E+04 -0.62253644199998E+04  0.00000000000000E+00  0.00000000000000E+00  0.00000000000000E+00  0.31675312895947E+04  0.26167888496152E+04  0.00000000000000E+00  0.00000000000000E+00  0.00000000000000E+00  0.11073063818575E+04 -0.20975301918645E+04 -0.12149110608031E+04
  -0.19260413615099E+06  0.56420241307125E+05 -0.74924439974721E+04 -0.28084643037751E+05  0.60166374402031E+04 -0.51266483228264E+03 -0.30213307877349E+04 -0.21392426531696E+05  0.33430615476513E+04  0.13322321602903E+04 -0.15853579383867E+03 -0.60448788528336E+02 -0.12739552098973E+02  0.45997125513889E-01  0.58462723219355E+03 -0.13099031770602E+03  0.52385448499560E+03  0.42033083932045E+03  0.34672894255980E+06  0.12517189875405E+03  0.74528174990706E+03  0.89356644817630E+03  0.10706201011536E+04  0.98952373955879E+03  0.11483129272794E+05  0.30661418490155E+03  0.35402847827723E+03  0.19565118377279E+04  0.25339407959193E+03  0.82417336439613E+02 -0.65606165111762E+01  0.38227015416606E+05  0.40741091338763E+05  0.00000000000000E+00  0.00000000000000E+00  0.00000000000000E+00  0.16280015453789E+05  0.13970683706811E+05  0.00000000000000E+00  0.00000000000000E+00  0.00000000000000E+00 -0.23176616031424E+04  0.15697087211544E+04  0.10122151536225E+04
  -0.51233927773735E+04  0.19777215739572E+04 -0.20869793990527E+03 -0.74679682065744E+03  0.25538587011402E+03  0.26023820224633E+03  0.26522118771198E+02  0.22116500400503E+04 -0.56597077327469E+03 -0.51850905636747E+02  0.14166049107435E+02 -0.12220679815761E+02 -0.14226034073852E+01  0.18734168835626E-01  0.26068791285092E+01 -0.42282896776715E+01 -0.16978990430116E+02 -0.13537058649154E+01  0.22481164583630E+05  0.10460372290292E+02  0.55658770442215E+02  0.71654273167298E+02  0.52945285947863E+02  0.88189534511273E+02  0.30661418490155E+03  0.42876155423592E+02  0.80949583442647E+02  0.11809066056658E+03  0.00000000000000E+00 -0.96885783179532E+01  0.00000000000000E+00  0.00000000000000E+00  0.64814406795593E+03  0.00000000000000E+00  0.00000000000000E+00  0.00000000000000E+00  0.00000000000000E+00  0.12979277376068E+04  0.00000000000000E+00  0.00000000000000E+00  0.00000000000000E+00 -0.22163927125475E+03  0.00000000000000E+00 -0.18430608561091E+03
  -0.42085752153384E+04  0.22181390908265E+04 -0.19296776344838E+03  0.23692860958581E+03  0.24005613451832E+03  0.78454841885330E+03  0.28490506090289E+03  0.98072836024506E+04 -0.25320645290462E+04 -0.25368110154527E+03  0.62183668124034E+02 -0.58097702641300E+02 -0.55428070580133E+01  0.60603303468341E-01 -0.12743434001766E+02 -0.93944163160273E+01 -0.48983027706193E+02 -0.29135932900184E+01  0.26884837692533E+05  0.11331674770697E+02  0.88554113041138E+02  0.10468765723571E+03  0.79672074869686E+02  0.18288275065548E+03  0.35402847827723E+03  0.80949583442647E+02  0.20586678069052E+03  0.99333899951384E+02  0.00000000000000E+00 -0.34699773949921E+02  0.00000000000000E+00  0.00000000000000E+00 -0.26066069273264E+04  0.00000000000000E+00  0.00000000000000E+00  0.00000000000000E+00  0.00000000000000E+00  0.16768567147999E+04  0.00000000000000E+00  0.00000000000000E+00  0.00000000000000E+00 -0.74107733606537E+03  0.00000000000000E+00 -0.89915937354114E+03
  -0.40515456276318E+05  0.11058652708729E+05 -0.15688267382394E+04 -0.12756337997059E+05  0.25944048043100E+04 -0.70632441444514E+03 -0.16118747250725E+04 -0.87064967068269E+04  0.14557024398485E+04  0.49973721132329E+03 -0.63590662578971E+02  0.76295215448582E+01  0.23889182734065E+01 -0.35852072491724E-01  0.20835440473867E+03 -0.44529739083158E+02  0.21012848434670E+03  0.16158143659440E+03  0.12276970085249E+06  0.52865983036693E+02  0.33457625472962E+03  0.39245818340286E+03  0.16335935217282E+03  0.14346834729897E+03  0.19565118377279E+04  0.11809066056658E+03  0.99333899951384E+02  0.12353637986981E+04  0.00000000000000E+00  0.52100053101037E+02  0.00000000000000E+00  0.00000000000000E+00  0.21492296769779E+05  0.00000000000000E+00  0.00000000000000E+00  0.00000000000000E+00  0.00000000000000E+00  0.61823557585554E+04  0.00000000000000E+00  0.00000000000000E+00  0.00000000000000E+00  0.22987435551276E+04  0.00000000000000E+00  0.62367772493742E+03
  -0.13157552766230E+06  0.16747152859728E+05 -0.47261220064022E+04 -0.12816918175030E+05  0.19765361869872E+04 -0.26425025162014E+04 -0.23862613694785E+04 -0.62876947291094E+05  0.11440121380150E+05  0.27376130233074E+04 -0.45614905102900E+03 -0.10632273165265E+04 -0.15456573455185E+03  0.61853197457793E-01 -0.29667625947392E+04  0.58896647452781E+03 -0.33667649345482E+04 -0.23634832002583E+04  0.32753757459396E+05  0.00000000000000E+00  0.00000000000000E+00  0.00000000000000E+00 -0.51391388347189E+02 -0.16159742394278E+03  0.25339407959193E+03  0.00000000000000E+00  0.00000000000000E+00  0.00000000000000E+00  0.11710599129413E+06  0.00000000000000E+00  0.00000000000000E+00  0.00000000000000E+00  0.00000000000000E+00  0.00000000000000E+00  0.00000000000000E+00  0.00000000000000E+00  0.00000000000000E+00  0.00000000000000E+00  0.00000000000000E+00  0.00000000000000E+00  0.00000000000000E+00  0.00000000000000E+00  0.00000000000000E+00  0.00000000000000E+00
  -0.55704104251750E+05  0.82892207625892E+04 -0.20060381885276E+04 -0.21258028875753E+05  0.33285754850206E+04 -0.40441566926353E+04 -0.37410166592791E+04 -0.50335786390835E+05  0.10814631880545E+05  0.18853690481341E+04 -0.34347595453194E+03 -0.39112447356121E-01 -0.22049274382528E-02 -0.24038515310968E-04 -0.19362634996715E+04  0.36860980206952E+03 -0.21542620522673E+04 -0.14762209643851E+04  0.73387695831757E+05  0.25242898299785E+02  0.12565918612367E+03  0.10952115898952E+03 -0.18406716328260E+02 -0.65452904633862E+02  0.82417336439613E+02 -0.96885783179532E+01 -0.34699773949921E+02  0.52100053101037E+02  0.00000000000000E+00  0.64992778819574E+05  0.00000000000000E+00  0.00000000000000E+00  0.00000000000000E+00  0.00000000000000E+00  0.00000000000000E+00  0.00000000000000E+00  0.00000000000000E+00  0.00000000000000E+00  0.00000000000000E+00  0.00000000000000E+00  0.00000000000000E+00  0.00000000000000E+00  0.00000000000000E+00  0.00000000000000E+00
  -0.51400911802506E+04 -0.19829730107181E+03  0.21513182008749E+02 -0.87619957270701E+02 -0.55592377620293E+02  0.13953071376740E+03  0.13082801900823E+03 -0.70834035315402E+05  0.24813281709362E+05  0.73869451629807E+03 -0.33380927900767E+03 -0.65884359760283E+03 -0.25895722607540E+02 -0.52249719177206E+01 -0.24965535679725E+04  0.29674440042044E+03 -0.28975535210848E+04 -0.14590292548144E+04 -0.11213567004344E+04  0.00000000000000E+00  0.00000000000000E+00  0.00000000000000E+00  0.28271558866177E+01 -0.42477915940401E+02 -0.65606165111762E+01  0.00000000000000E+00  0.00000000000000E+00  0.00000000000000E+00  0.00000000000000E+00  0.00000000000000E+00  0.30799530529424E+05  0.00000000000000E+00  0.00000000000000E+00  0.00000000000000E+00  0.00000000000000E+00  0.00000000000000E+00  0.00000000000000E+00  0.00000000000000E+00  0.00000000000000E+00  0.00000000000000E+00  0.00000000000000E+00  0.00000000000000E+00  0.00000000000000E+00  0.00000000000000E+00
  -0.86983762094901E+06  0.21152770958007E+06 -0.32488664474636E+05 -0.66599113581857E+05  0.11671088772018E+05 -0.81177674792272E+04 -0.95574338502699E+04 -0.29596661753878E+06  0.67013433470379E+05  0.10985378635172E+05 -0.19765885739340E+04 -0.47527530505930E+04 -0.55273989658412E+03 -0.55750600976051E+00  0.18597247417804E+04 -0.12047441799366E+03  0.24487646600341E+04  0.11033050529210E+04  0.54788023125756E+06  0.00000000000000E+00  0.00000000000000E+00  0.00000000000000E+00  0.49873571010239E+03 -0.66236424259237E+04  0.38227015416606E+05  0.00000000000000E+00  0.00000000000000E+00  0.00000000000000E+00  0.00000000000000E+00  0.00000000000000E+00  0.00000000000000E+00  0.58384469835980E+06  0.00000000000000E+00  0.00000000000000E+00  0.00000000000000E+00  0.00000000000000E+00  0.00000000000000E+00  0.00000000000000E+00  0.00000000000000E+00  0.00000000000000E+00  0.00000000000000E+00  0.00000000000000E+00  0.00000000000000E+00  0.00000000000000E+00
  -0.11243366750085E+07  0.26735242083650E+06 -0.42236926295516E+05 -0.34593477065177E+06  0.62208615493590E+05 -0.39258346455643E+05 -0.49840669498960E+05 -0.57834335836032E+06  0.12656713860894E+06  0.22739358034388E+05 -0.39110140766102E+04 -0.55549764550510E+01  0.22602015168713E+00 -0.14820661242696E-02  0.42241506037337E+04 -0.46144277357124E+03  0.54630419742659E+04  0.29572761035285E+04  0.27074742765653E+07  0.12846704676280E+04  0.75105549307786E+04  0.87750059140417E+04  0.38204700907154E+03 -0.62253644199998E+04  0.40741091338763E+05  0.64814406795593E+03 -0.26066069273264E+04  0.21492296769779E+05  0.00000000000000E+00  0.00000000000000E+00  0.00000000000000E+00  0.00000000000000E+00  0.92292634201399E+06  0.00000000000000E+00  0.00000000000000E+00  0.00000000000000E+00  0.00000000000000E+00  0.00000000000000E+00  0.00000000000000E+00  0.00000000000000E+00  0.00000000000000E+00  0.00000000000000E+00  0.00000000000000E+00  0.00000000000000E+00
  -0.20976789529158E+05  0.57569074052598E+04 -0.81369770120428E+03 -0.13442332792529E+04  0.31089880472811E+03  0.16863120618057E+02 -0.14659879214306E+03 -0.74357265367610E+05  0.22955342241740E+05  0.14950818034259E+04 -0.41522161899035E+03 -0.21578020751409E+04 -0.13544789432654E+03 -0.25492656011578E+01 -0.15102896554419E+04  0.16624683425999E+03 -0.14435728720222E+04 -0.74013095567287E+03  0.16271908446015E+05  0.00000000000000E+00  0.00000000000000E+00  0.00000000000000E+00  0.00000000000000E+00  0.00000000000000E+00  0.00000000000000E+00  0.00000000000000E+00  0.00000000000000E+00  0.00000000000000E+00  0.00000000000000E+00  0.00000000000000E+00  0.00000000000000E+00  0.00000000000000E+00  0.00000000000000E+00  0.14321014816201E+05  0.00000000000000E+00  0.00000000000000E+00  0.00000000000000E+00  0.00000000000000E+00  0.00000000000000E+00  0.00000000000000E+00  0.00000000000000E+00  0.00000000000000E+00  0.00000000000000E+00  0.00000000000000E+00
  -0.47541640452649E+05  0.13228057211778E+05 -0.18518846647601E+04 -0.24906435020249E+04  0.55491408205145E+03 -0.37670249763621E+01 -0.26471877649950E+03 -0.16736750453963E+06  0.51745424700726E+05  0.33078091959628E+04 -0.93488169722572E+03 -0.64204532299382E+02 -0.16586911660492E+02 -0.65987366008715E-05 -0.30107283643287E+04  0.32920034909323E+03 -0.28928040546790E+04 -0.14824573935363E+04  0.30313482610908E+05  0.32815139363741E+02 -0.54867669559309E+03 -0.45373446120786E+03  0.00000000000000E+00  0.00000000000000E+00  0.00000000000000E+00  0.00000000000000E+00  0.00000000000000E+00  0.00000000000000E+00  0.00000000000000E+00  0.00000000000000E+00  0.00000000000000E+00  0.00000000000000E+00  0.00000000000000E+00  0.00000000000000E+00  0.31571121694848E+05  0.00000000000000E+00  0.00000000000000E+00  0.00000000000000E+00  0.00000000000000E+00  0.00000000000000E+00  0.00000000000000E+00  0.00000000000000E+00  0.00000000000000E+00  0.00000000000000E+00
  -0.31950657857718E+04  0.42324693634191E+03 -0.10207812335976E+03 -0.70255588871680E+02  0.88581545531229E+01 -0.17939870725703E+02 -0.12622373224804E+02 -0.14235244559115E+04  0.19429532970303E+03  0.43777552017912E+02 -0.10772346025072E+02 -0.74207787660571E+02 -0.59919971575848E+01 -0.11693894801969E+00 -0.74147132706093E+03  0.86742786905722E+02 -0.72694743178457E+03 -0.40367676571344E+03  0.20363946358489E+03  0.00000000000000E+00  0.00000000000000E+00  0.00000000000000E+00  0.00000000000000E+00  0.00000000000000E+00  0.00000000000000E+00  0.00000000000000E+00  0.00000000000000E+00  0.00000000000000E+00  0.00000000000000E+00  0.00000000000000E+00  0.00000000000000E+00  0.00000000000000E+00  0.00000000000000E+00  0.00000000000000E+00  0.00000000000000E+00  0.37954928402564E+04  0.00000000000000E+00  0.00000000000000E+00  0.00000000000000E+00  0.00000000000000E+00  0.00000000000000E+00  0.00000000000000E+00  0.00000000000000E+00  0.00000000000000E+00
  -0.20539728900393E+06  0.64136750749128E+05 -0.80880971941051E+04 -0.11820205564230E+05  0.28520029110882E+04  0.46489923218264E+03 -0.95072049193291E+03 -0.57464538015375E+04  0.64895531517327E+03  0.54638976022757E+03 -0.44205991763367E+02 -0.17378994685937E+00 -0.12205943928979E+00  0.20208141011258E-12  0.35052184262561E+03 -0.10065499299660E+03  0.11372755398784E+03  0.16373682828196E+03  0.17827308034957E+06  0.00000000000000E+00  0.00000000000000E+00  0.00000000000000E+00  0.22520385160932E+04  0.31675312895947E+04  0.16280015453789E+05  0.00000000000000E+00  0.00000000000000E+00  0.00000000000000E+00  0.00000000000000E+00  0.00000000000000E+00  0.00000000000000E+00  0.00000000000000E+00  0.00000000000000E+00  0.00000000000000E+00  0.00000000000000E+00  0.00000000000000E+00  0.10657642099347E+06  0.00000000000000E+00  0.00000000000000E+00  0.00000000000000E+00  0.00000000000000E+00  0.00000000000000E+00  0.00000000000000E+00  0.00000000000000E+00
