# fitpack15: fit parameters                                                                         
# CJ15 AV18 final data choices                                                                      
# Created on 02/11/2020 at 14:05:09                                                                 

 # QCD setup
  INS                           0
  NVL                          11
  IORD                          1
  Q02                   1.6899999999999999     
  IPARAMC                      -7
  FLAVOR                4.0000000000000000     
  xmc                   1.3000000000000000     
  xmb                   4.5000000000000000     
  ncb                          12
  ihq                           1
  ias                           0

 # Theory corrections
  inuke                     10114
  itmc                          1
  iht                           2

 # fit parameters
 LAMBDA       0.22680        0.0000    
 a0uv          1.5047        0.0000    
 a1uv         0.51680       0.30334E-01
 a2uv          3.6127       0.11702E-01
 a3uv          0.0000        0.0000    
 a4uv          6.5640        1.1149    
 a5uv          0.0000        0.0000    
 a0dv          15.909        0.0000    
 a1dv          1.0538       0.38758E-01
 a2dv          6.2358       0.20092    
 a3dv         -3.4056       0.12876    
 a4dv          4.8769       0.18682    
 a5dv          0.0000        0.0000    
 a0ud         0.13649       0.49257E-02
 a1ud        -0.21465       0.39046E-02
 a2ud          9.0742       0.18353    
 a3ud          0.0000        0.0000    
 a4ud          19.389        1.4764    
 a5ud          0.0000        0.0000    
 a0du          35712.        0.0000    
 a1du          4.1417       0.12874    
 a2du          22.011        1.3327    
 a3du          17.000        0.0000    
 a4du          56.930        14.657    
 a0g           43.826        0.0000    
 a1g          0.59245       0.28300E-01
 a2g           5.8435       0.78263    
 a3g          -3.3679       0.12006    
 a4g           3.2023       0.25959    
 a5g           0.0000        0.0000    
 kappa        0.40000        0.0000    
 a6dv         0.18439E-02   0.15045E-02
 a7dv          2.0000        0.0000    
 off1         0.23185E-01   0.12011    
 off2         -1.9578       0.74941    
 off3          3.8343        1.0846    
 ht1          -3.9366        1.2123    
 ht2           2.2791       0.26247    
 ht3          -2.1168       0.31871E-01
 ht4           2.6200       0.18634    
 dummy41       0.0000        0.0000    
 dummy42       0.0000        0.0000    
 dummy43       0.0000        0.0000    
 dummy44       0.0000        0.0000    
 dummy45       0.0000        0.0000    
 dummy46       0.0000        0.0000    
 dummy47       0.0000        0.0000    
 dummy48       0.0000        0.0000    
 dummy49       0.0000        0.0000    
 bcdmsh2      0.97136       0.49443E-02
 bcdmsd2      0.99469       0.59339E-02
 ccfr          1.0000        0.0000    
 nutev         1.0000        0.0000    
 zeus         0.97998        0.0000    
 h1            1.0162        0.0000    
 e605          1.0319        0.0000    
 NmcH2         1.0090       0.72057E-02
 ntv_nu        1.0000        0.0000    
 ntv_nuba      1.0000        0.0000    
 cdf_jet      0.98910        0.0000    
 d0_jet       0.83504        0.0000    
 slac_p        1.0025       0.49980E-02
 slac_d        1.0028       0.54055E-02
 e866pp        1.0128       0.20895E-01
 e866pd       0.97661       0.17707E-01
 d0_gamje      1.0374       0.16516E-01
 h1b          0.97608        0.0000    
 jlab_p       0.98605       0.58763E-02
 jlab_d       0.97792       0.60735E-02
 blank         1.0000        0.0000    
 d0run2       0.94847       0.15226E-01
 cdfrun2      0.93428       0.17706E-01
 HERA_el       1.0000        0.0000    
 HERA_ps       1.0000        0.0000    
 CDF_Z        0.94794       0.67507E-02
 NmcRat        1.0000        0.0000    
 BNS_F2nd     0.95356       0.72656E-02
 HERMES_F     0.99565       0.57074E-02
 HERMES_F     0.97900       0.59126E-02
 END 0. 0.

 # Hessian matrix (Bevington alpha)
   0.50641164932874E+07 -0.11938411643052E+07  0.13190413440544E+06  0.45173943553797E+06 -0.12992938554581E+06 -0.10351288159752E+05  0.52759041481504E+05  0.10302284529390E+07 -0.19309887711749E+06 -0.46548292585595E+05  0.61060003607791E+04  0.11579278599824E+05  0.11840533699966E+04 -0.10397331555711E+03  0.14404006777723E+05 -0.33397070034160E+04  0.18790760858331E+05  0.13262295420745E+05  0.42482298594562E+07 -0.64597522555355E+05 -0.27319621861703E+05 -0.12738045163401E+05 -0.20015434663267E+05 -0.12204599745930E+05 -0.26055079439237E+06 -0.10115918749325E+06 -0.13694300902449E+06 -0.57683049786387E+05 -0.59976394634808E+04 -0.87493213038491E+06 -0.11195966673941E+07 -0.21179952315680E+05 -0.48749372156385E+05 -0.33475814076047E+04 -0.19445839632808E+06 -0.21008106432498E+06 -0.91292205503517E+04 -0.32454329002448E+04 -0.22055764253023E+05  0.18693805839705E+05 -0.78372155690999E+05 -0.61411926556092E+05
  -0.11938411643052E+07  0.34843368613046E+06 -0.31278608698254E+05 -0.11319744164210E+06  0.33679426024500E+05  0.37045297457670E+04 -0.11424109468590E+05 -0.11606768367986E+06  0.25208008729982E+05  0.59868503868180E+04 -0.64595961875621E+03 -0.83416451554836E+03 -0.85776026692694E+02  0.11954509654164E+02  0.10395117367129E+03  0.55020684978127E+02 -0.25147078067713E+03 -0.17087886459189E+03 -0.13373323211528E+07  0.15286245616228E+05  0.73658374385720E+04  0.37728784952086E+04  0.88591828799563E+04  0.11109441802492E+05  0.74582651264685E+05  0.39994596114913E+05  0.16975779755902E+05  0.82894632141528E+04 -0.14138237375464E+03  0.20011185697344E+06  0.24831241251799E+06  0.56042237815619E+04  0.13116130537957E+05  0.42455924622414E+03  0.58633643893304E+05  0.62777431818103E+05  0.23196550335649E+04  0.74111547463511E+03 -0.19579598399840E+04 -0.24112592091894E+04  0.87269231464232E+04  0.72429776999617E+04
   0.13190413440544E+06 -0.31278608698254E+05  0.34512521124535E+04  0.11288912709514E+05 -0.33738242593684E+04 -0.43091033305782E+03  0.13114480869510E+04  0.20966812857974E+05 -0.38248464185714E+04 -0.10988753778616E+04  0.12602934018339E+03  0.24420579751411E+03  0.27440177982777E+02 -0.29267698574823E+01 -0.62489363862438E+02 -0.39201850066581E+02  0.55734198189537E+02  0.10946853201800E+03  0.11072693691154E+06 -0.16681745081638E+04 -0.70913994762884E+03 -0.33123365815510E+03 -0.52939917251796E+03 -0.37524634821247E+03 -0.67894451094720E+04 -0.26295091430383E+04 -0.34927136135039E+04 -0.14647334324075E+04 -0.11229998865317E+02 -0.22362148910345E+05 -0.28761163274398E+05 -0.55463928404201E+03 -0.12797169683920E+04 -0.77213958423101E+02 -0.50860268871175E+04 -0.54952715484519E+04 -0.23738084474639E+03 -0.84268481961070E+02 -0.16770451307265E+03  0.48344815179357E+03 -0.17401328625370E+04 -0.13858535330976E+04
   0.45173943553797E+06 -0.11319744164210E+06  0.11288912709514E+05  0.41311637874219E+06 -0.64718868643802E+05  0.68026403642076E+05  0.57854783632741E+05  0.38846026498267E+06 -0.30510609032034E+05 -0.17602533949586E+05  0.27608409924562E+04 -0.13051199544620E+04 -0.12888778764978E+03  0.54454861486985E+02  0.32962735396478E+05 -0.42931653622295E+04  0.33678293790774E+05  0.19423312790226E+05  0.13011753198934E+07 -0.18703830199138E+05 -0.72588825020234E+04 -0.30393617748280E+04 -0.13514800989737E+04  0.28871447825936E+04 -0.46392250523884E+05 -0.10214345509484E+05 -0.13091997918862E+05 -0.21743496020622E+05 -0.18596083488967E+03 -0.66088983686663E+05 -0.34218413236830E+06 -0.12297016059407E+04 -0.24375673529176E+04 -0.69998327697592E+02 -0.10805795071233E+05 -0.47016654509305E+05 -0.23873670216081E+04 -0.93992732620202E+03 -0.11027180607049E+05 -0.18277814190541E+05 -0.76341791710734E+04 -0.22618706078764E+05
  -0.12992938554581E+06  0.33679426024500E+05 -0.33738242593684E+04 -0.64718868643802E+05  0.12577975615428E+05 -0.71851096603784E+04 -0.85705175456299E+04 -0.32714335937217E+05  0.15946381646450E+03  0.21472067698068E+04 -0.25527114226214E+03 -0.47394715355700E+01  0.45955815487345E+01 -0.47519218860057E+01 -0.28407537670777E+04  0.38441336673037E+03 -0.27989191581429E+04 -0.16434681264241E+04 -0.31419050494019E+06  0.36469819962804E+04  0.16111167058781E+04  0.73745305047788E+03  0.73845752375390E+03  0.62954440070741E+03  0.11111351235098E+05  0.35016798223367E+04  0.20296932327818E+04  0.34698536259830E+04 -0.50385542178729E+02  0.12533057511884E+05  0.65768403587092E+05  0.32480611531562E+03  0.62388342083635E+03  0.90502379443496E+01  0.30353311945851E+04  0.13027086086481E+05  0.49438110687052E+03  0.18160801179685E+03  0.38895204139249E+03  0.28677825513413E+04  0.86251265451617E+03  0.26541962869888E+04
  -0.10351288159752E+05  0.37045297457670E+04 -0.43091033305782E+03  0.68026403642076E+05 -0.71851096603784E+04  0.16443014921073E+05  0.10366839584039E+05  0.97599856815957E+05 -0.94032006498572E+04 -0.37323501662636E+04  0.67977714343144E+03 -0.48885859784537E+03 -0.43436262014054E+02  0.14692714668377E+02  0.80431236656075E+04 -0.10600632284081E+04  0.84448247064843E+04  0.49079933425848E+04  0.62978047777612E+05 -0.19790183291616E+04 -0.52003389032247E+03 -0.13374589928891E+03  0.48659170249036E+03  0.20100706227902E+04 -0.21632399750263E+04  0.80434449328166E+03 -0.21916504188525E+04 -0.34396378857733E+04  0.73593971765039E+02 -0.78216290611172E+04 -0.38324398789111E+05 -0.12786336312634E+02 -0.55160464236373E+02 -0.14698756028405E+02  0.22933473933214E+02 -0.61995898201598E+02 -0.22347387425771E+03 -0.10849832363981E+03 -0.27201364797880E+04 -0.30145827145323E+04 -0.15906600128812E+04 -0.45944126921881E+04
   0.52759041481504E+05 -0.11424109468590E+05  0.13114480869510E+04  0.57854783632741E+05 -0.85705175456299E+04  0.10366839584039E+05  0.84503491480289E+04  0.52828966656820E+05 -0.29308569988042E+04 -0.26096904177789E+04  0.38784771794116E+03 -0.16949203325657E+03 -0.18269235377859E+02  0.78416711177407E+01  0.42763412137661E+04 -0.58072752169479E+03  0.43313552617923E+04  0.25609838135154E+04  0.14760013566270E+06 -0.23978877887058E+04 -0.88483591972065E+03 -0.34393308761572E+03  0.38285782779179E+02  0.88885310418750E+03 -0.53623409481006E+04 -0.64031568603700E+03 -0.20498248711832E+04 -0.32759131479202E+04  0.94164195260723E+02 -0.89066564640602E+04 -0.46261553088964E+05 -0.14058540762638E+03 -0.27437943036085E+03 -0.10705813487501E+02 -0.10392825326956E+04 -0.46056383989953E+04 -0.31497464764058E+03 -0.13021761993170E+03 -0.11653159312903E+04 -0.29493134994429E+04 -0.10071951265153E+04 -0.30089714549071E+04
   0.10302284529390E+07 -0.11606768367986E+06  0.20966812857974E+05  0.38846026498267E+06 -0.32714335937217E+05  0.97599856815957E+05  0.52828966656820E+05  0.60928034919918E+07 -0.25879988457608E+07 -0.94140156162495E+05  0.24783453724176E+05  0.21996062710437E+05  0.14218567351580E+04  0.93984089071543E+02  0.99809036878957E+05 -0.13158866552538E+05  0.11847419206903E+06  0.65279199037748E+05  0.30886159682521E+06 -0.38672420033072E+05 -0.72689605934159E+04 -0.18502333812022E+04  0.76709667252586E+04  0.42250057767451E+05 -0.30663111896034E+05  0.61555264313373E+04 -0.63443159657070E+05 -0.50036023234926E+05 -0.76641640370855E+05 -0.30783524293233E+06 -0.58828948131603E+06 -0.75316020963734E+05 -0.17198458126298E+06 -0.15776530819482E+04 -0.43136797209238E+04 -0.84444801242902E+04  0.90225837998551E+03  0.51382980401955E+03 -0.29478267384556E+06 -0.90705196031208E+04 -0.15759353672985E+06 -0.19068369458431E+06
  -0.19309887711749E+06  0.25208008729982E+05 -0.38248464185714E+04 -0.30510609032034E+05  0.15946381646450E+03 -0.94032006498572E+04 -0.29308569988042E+04 -0.25879988457608E+07  0.19475199330391E+07  0.20229408620895E+05 -0.60441470828159E+04 -0.47070742336470E+04 -0.25645475619298E+03 -0.13252406597063E+02  0.47037309816935E+05 -0.22046377563501E+04  0.16457522719694E+05  0.83992415939738E+04  0.24814721841412E+05  0.94111714548836E+04  0.14279126899077E+04  0.31428835364092E+03 -0.17481355896731E+04 -0.10030107900393E+05  0.49045246485177E+04 -0.13591023141905E+04  0.11293479979032E+05  0.10509628933101E+05  0.26197665428234E+05  0.68764089936179E+05  0.12734354703786E+06  0.22647302570083E+05  0.51863219576692E+05  0.22775303113061E+03  0.51547568257078E+03  0.10138084357412E+04 -0.14174953859167E+04 -0.75734131440347E+03  0.11752512221833E+06  0.15774011914505E+04  0.47675610132198E+05  0.57244422363609E+05
  -0.46548292585595E+05  0.59868503868180E+04 -0.10988753778616E+04 -0.17602533949586E+05  0.21472067698068E+04 -0.37323501662636E+04 -0.26096904177789E+04 -0.94140156162495E+05  0.20229408620895E+05  0.25439361143196E+04 -0.52942909419135E+03 -0.49332912479491E+03 -0.40976182377433E+02 -0.15520286379784E+01 -0.40984423151194E+04  0.53860770325860E+03 -0.43471624102640E+04 -0.25259815518267E+04 -0.28294407120432E+05  0.12012308753570E+04  0.30955273080449E+03  0.96062008516670E+02 -0.21788725946271E+03 -0.11735690641687E+04  0.17030311365541E+04 -0.13990901993562E+03  0.25918928362675E+04  0.17569979045883E+04  0.75404998418997E+03  0.10464414479140E+05  0.21179533221701E+05  0.13966643942015E+04  0.31394811610659E+04  0.44699939357929E+02  0.37688769794591E+03  0.71474411579646E+03  0.10526754293378E+03  0.48469556465121E+02  0.31592440728001E+04  0.42836050911502E+03  0.28997256228744E+04  0.35845656460057E+04
   0.61060003607791E+04 -0.64595961875621E+03  0.12602934018339E+03  0.27608409924562E+04 -0.25527114226214E+03  0.67977714343144E+03  0.38784771794116E+03  0.24783453724176E+05 -0.60441470828159E+04 -0.52942909419135E+03  0.13035907322769E+03  0.12512499735691E+03  0.86061254982474E+01  0.52691100884593E+00  0.11050116480373E+04 -0.12809588160559E+03  0.11124115938212E+04  0.61785132111253E+03  0.26792188551113E+04 -0.20386376716021E+03 -0.41395863831301E+02 -0.10917533816451E+02  0.42130429687327E+02  0.22769211755985E+03 -0.18323027542844E+03  0.34611817810700E+02 -0.37646533351456E+03 -0.28079670484102E+03 -0.31209611164065E+03 -0.16873273796987E+04 -0.32577548096332E+04 -0.35403823733600E+03 -0.80746058896781E+03 -0.98016044766674E+01 -0.26462613204896E+02 -0.51919667743683E+02 -0.72050640420973E+01 -0.36511194764328E+01 -0.10323026930768E+04 -0.53465430983709E+02 -0.74000864364521E+03 -0.89984577512277E+03
   0.11579278599824E+05 -0.83416451554836E+03  0.24420579751411E+03 -0.13051199544620E+04 -0.47394715355700E+01 -0.48885859784537E+03 -0.16949203325657E+03  0.21996062710437E+05 -0.47070742336470E+04 -0.49332912479491E+03  0.12512499735691E+03  0.89810658543056E+03  0.58432025430260E+02 -0.10572618091379E+01  0.10363108764599E+04 -0.15461999188758E+03  0.13786148604696E+04  0.80456024034947E+03  0.26589256906110E+04  0.19929030401137E+03  0.18943072088401E+02  0.10263187464568E+00  0.33731572018934E+02  0.20360963729783E+03 -0.38908300839973E+02  0.22865514974435E+02 -0.73883950683912E+03  0.28796436182217E-10 -0.51567303661202E+03 -0.35337308609712E+04 -0.12707517506224E-09 -0.15905281129471E+04 -0.33293097854717E+02 -0.56898130747311E+02 -0.42327987489392E-01  0.32793484431227E-10 -0.12122334659168E+01 -0.53154716957195E+00  0.12343031970577E+03  0.18504577705902E+03 -0.20121908450026E+04 -0.22730287667814E-10
   0.11840533699966E+04 -0.85776026692694E+02  0.27440177982777E+02 -0.12888778764978E+03  0.45955815487345E+01 -0.43436262014054E+02 -0.18269235377859E+02  0.14218567351580E+04 -0.25645475619298E+03 -0.40976182377433E+02  0.86061254982474E+01  0.58432025430260E+02  0.49145618231806E+01 -0.12070863745757E+00  0.57772019233792E+02 -0.10344789543959E+02  0.84411108965073E+02  0.52867251101113E+02  0.12306945872545E+03  0.10678091344089E+02  0.13526868387049E+01  0.17661393419071E-01  0.37050741485679E+01  0.20346649591094E+02 -0.61514201674311E+01  0.30353188954555E+01 -0.99876298126529E+02  0.78357836882887E-13 -0.20113644742728E+02 -0.38278127716532E+03  0.19823740886469E-10 -0.97398392444658E+02 -0.78961702167185E+01 -0.43863257515628E+01 -0.27337513149296E-01 -0.16672721361568E-11 -0.11762313347621E+00 -0.47294742946513E-01  0.14018328509760E+02  0.38794541033704E+02 -0.14143779817536E+03 -0.27662199972218E-11
  -0.10397331555711E+03  0.11954509654164E+02 -0.29267698574823E+01  0.54454861486985E+02 -0.47519218860057E+01  0.14692714668377E+02  0.78416711177407E+01  0.93984089071543E+02 -0.13252406597063E+02 -0.15520286379784E+01  0.52691100884593E+00 -0.10572618091379E+01 -0.12070863745757E+00  0.40145183343846E-01  0.12529905623657E+02 -0.95896152250315E+00  0.88892270892795E+01  0.42837515981301E+01  0.46038796547262E+02  0.12274253579724E+01 -0.33941377039340E-01 -0.17065330375166E-01 -0.37349216680731E-02  0.18070615682636E-01 -0.31921780400136E-02 -0.15244159642767E-01  0.58185996431426E-01  0.21432884259360E-13 -0.49314459650340E+01 -0.50302051527442E+00 -0.42795325909462E-12 -0.21823494536362E+01 -0.50186144354106E-05 -0.10986545664446E+00 -0.20598828982973E-13  0.26841445584636E-14 -0.13176410780122E-02 -0.72980203302100E-03 -0.21038972085159E+01  0.12497114132615E-04 -0.23050797845094E+01 -0.10505918540946E-12
   0.14404006777723E+05  0.10395117367129E+03 -0.62489363862438E+02  0.32962735396478E+05 -0.28407537670777E+04  0.80431236656075E+04  0.42763412137661E+04  0.99809036878957E+05  0.47037309816935E+05 -0.40984423151194E+04  0.11050116480373E+04  0.10363108764599E+04  0.57772019233792E+02  0.12529905623657E+02  0.51650778218375E+05 -0.50713701276736E+04  0.44026477905437E+05  0.23698323953098E+05  0.37365068071639E+05  0.43983812341463E+02  0.58724453844217E+02  0.27598011541281E+02 -0.15470635255819E+02 -0.12982031851501E+03  0.84500210385104E+03  0.61185587844857E+02 -0.30017116091230E+04 -0.19508646772533E+04 -0.24945974447467E+04  0.19075779730900E+04  0.42705642745064E+04 -0.14282712950293E+04 -0.29574598460242E+04 -0.74692578947131E+03  0.34746239025547E+03  0.58670208538094E+03 -0.31141447316108E+04 -0.16177853686587E+04 -0.20916930327510E+04  0.23246492959037E+03 -0.97301401747769E+03 -0.10980551515466E+04
  -0.33397070034160E+04  0.55020684978127E+02 -0.39201850066581E+02 -0.42931653622295E+04  0.38441336673037E+03 -0.10600632284081E+04 -0.58072752169479E+03 -0.13158866552538E+05 -0.22046377563501E+04  0.53860770325860E+03 -0.12809588160559E+03 -0.15461999188758E+03 -0.10344789543959E+02 -0.95896152250315E+00 -0.50713701276736E+04  0.59039439735213E+03 -0.50046805906900E+04 -0.28049408933320E+04 -0.49096823057390E+04  0.99015881222367E+01 -0.83194525923451E+01 -0.53452971872944E+01 -0.10062288884505E+02 -0.29202405300109E+02 -0.18594092171848E+03 -0.35418218965796E+02  0.60551630071368E+03  0.37862253475667E+03  0.29745674250615E+03 -0.11242931483499E+03 -0.42873023514338E+03  0.15945358000588E+03  0.32638986931969E+03  0.88140852529287E+02 -0.10089943294140E+03 -0.16775786454847E+03  0.52879756275453E+03  0.25276993487842E+03 -0.43493866787618E+03 -0.41901916098472E+02  0.29210562837219E+03  0.32921778035419E+03
   0.18790760858331E+05 -0.25147078067713E+03  0.55734198189537E+02  0.33678293790774E+05 -0.27989191581429E+04  0.84448247064843E+04  0.43313552617923E+04  0.11847419206903E+06  0.16457522719694E+05 -0.43471624102640E+04  0.11124115938212E+04  0.13786148604696E+04  0.84411108965073E+02  0.88892270892795E+01  0.44026477905437E+05 -0.50046805906900E+04  0.43526749138477E+05  0.24101374057614E+05  0.37937752047987E+05  0.18337827852463E+02  0.72232332970177E+02  0.30639112767154E+02 -0.86497424313123E+02 -0.30208789541632E+03  0.88021858895270E+03 -0.11691174708776E+03 -0.36332236234584E+04 -0.23027534324030E+04 -0.29701696535225E+04  0.26656494487848E+04  0.60346448186290E+04 -0.13990569876619E+04 -0.29052827928090E+04 -0.75953486875116E+03  0.13414788536816E+03  0.25053694480496E+03 -0.34273525097569E+04 -0.18151398981650E+04  0.22952975052079E+04  0.38509511705446E+03 -0.22477391243700E+04 -0.25001656031779E+04
   0.13262295420745E+05 -0.17087886459189E+03  0.10946853201800E+03  0.19423312790226E+05 -0.16434681264241E+04  0.49079933425848E+04  0.25609838135154E+04  0.65279199037748E+05  0.83992415939738E+04 -0.25259815518267E+04  0.61785132111253E+03  0.80456024034947E+03  0.52867251101113E+02  0.42837515981301E+01  0.23698323953098E+05 -0.28049408933320E+04  0.24101374057614E+05  0.13517214077229E+05  0.21870447932675E+05 -0.17319447026108E+02  0.44174571573109E+02  0.21932386907242E+02 -0.24359439160845E+02 -0.68299083430659E+02  0.68761554422097E+03 -0.17494904525758E+02 -0.25760557433660E+04 -0.16003277259619E+04 -0.15208960324101E+04  0.12165396853900E+04  0.32596814158432E+04 -0.73268518207264E+03 -0.15171447960954E+04 -0.42917952486927E+03  0.18144175332208E+03  0.31966933601238E+03 -0.22697685026256E+04 -0.11512523475517E+04  0.21870288796116E+04  0.26129530648283E+03 -0.15490889341257E+04 -0.17271603602324E+04
   0.42482298594562E+07 -0.13373323211528E+07  0.11072693691154E+06  0.13011753198934E+07 -0.31419050494019E+06  0.62978047777612E+05  0.14760013566270E+06  0.30886159682521E+06  0.24814721841412E+05 -0.28294407120432E+05  0.26792188551113E+04  0.26589256906110E+04  0.12306945872545E+03  0.46038796547262E+02  0.37365068071639E+05 -0.49096823057390E+04  0.37937752047987E+05  0.21870447932675E+05  0.11576481955400E+08 -0.10295805971031E+06 -0.52391732791146E+05 -0.27369687560628E+05 -0.45831976394759E+05 -0.60842883905983E+05 -0.37256224147835E+06 -0.20305728820577E+06 -0.21942355618577E+05 -0.48694673190392E+05  0.64988909523182E+03 -0.34344522152344E+06 -0.16706905020152E+07 -0.10129060430580E+05 -0.20110978326944E+05 -0.13127213261630E+03 -0.10852770811600E+06 -0.45967683070897E+06 -0.15124324022416E+05 -0.47888916827268E+04  0.11096158327846E+05 -0.31532058125454E+05 -0.13164813150404E+05 -0.40539712275475E+05
  -0.64597522555355E+05  0.15286245616228E+05 -0.16681745081638E+04 -0.18703830199138E+05  0.36469819962804E+04 -0.19790183291616E+04 -0.23978877887058E+04 -0.38672420033072E+05  0.94111714548836E+04  0.12012308753570E+04 -0.20386376716021E+03  0.19929030401137E+03  0.10678091344089E+02  0.12274253579724E+01  0.43983812341463E+02  0.99015881222367E+01  0.18337827852463E+02 -0.17319447026108E+02 -0.10295805971031E+06  0.29581835395572E+04  0.97693805341183E+03  0.41692302847599E+03  0.26617579772928E+03 -0.18915056050956E+03  0.47409162364420E+04  0.16885791847788E+04  0.00000000000000E+00  0.25881523261753E+04  0.00000000000000E+00  0.00000000000000E+00  0.40947352980363E+05  0.00000000000000E+00  0.00000000000000E+00  0.00000000000000E+00  0.00000000000000E+00  0.57722910749632E+04  0.00000000000000E+00  0.00000000000000E+00  0.00000000000000E+00 -0.17292577724856E+04  0.00000000000000E+00  0.42350910901268E+04
  -0.27319621861703E+05  0.73658374385720E+04 -0.70913994762884E+03 -0.72588825020234E+04  0.16111167058781E+04 -0.52003389032247E+03 -0.88483591972065E+03 -0.72689605934159E+04  0.14279126899077E+04  0.30955273080449E+03 -0.41395863831301E+02  0.18943072088401E+02  0.13526868387049E+01 -0.33941377039340E-01  0.58724453844217E+02 -0.83194525923451E+01  0.72232332970177E+02  0.44174571573109E+02 -0.52391732791146E+05  0.97693805341183E+03  0.41432245071029E+03  0.19656196677499E+03  0.19933539423034E+03  0.15030929956434E+03  0.22131413478255E+04  0.99981862758966E+03  0.00000000000000E+00  0.67141379782437E+03  0.00000000000000E+00  0.00000000000000E+00  0.15186545626817E+05  0.00000000000000E+00  0.00000000000000E+00  0.00000000000000E+00  0.00000000000000E+00  0.28934820337202E+04  0.00000000000000E+00  0.00000000000000E+00  0.00000000000000E+00 -0.53351519404030E+03  0.00000000000000E+00  0.87810081281676E+03
  -0.12738045163401E+05  0.37728784952086E+04 -0.33123365815510E+03 -0.30393617748280E+04  0.73745305047788E+03 -0.13374589928891E+03 -0.34393308761572E+03 -0.18502333812022E+04  0.31428835364092E+03  0.96062008516670E+02 -0.10917533816451E+02  0.10263187464568E+00  0.17661393419071E-01 -0.17065330375166E-01  0.27598011541281E+02 -0.53452971872944E+01  0.30639112767154E+02  0.21932386907242E+02 -0.27369687560628E+05  0.41692302847599E+03  0.19656196677499E+03  0.99614236802553E+02  0.12458078383384E+03  0.13710596756529E+03  0.11018837917554E+04  0.58708380461984E+03  0.00000000000000E+00  0.19593293446000E+03  0.00000000000000E+00  0.00000000000000E+00  0.65128854554540E+04  0.00000000000000E+00  0.00000000000000E+00  0.00000000000000E+00  0.00000000000000E+00  0.14878459470925E+04  0.00000000000000E+00  0.00000000000000E+00  0.00000000000000E+00 -0.17173722594186E+03  0.00000000000000E+00  0.25902741709983E+03
  -0.20015434663267E+05  0.88591828799563E+04 -0.52939917251796E+03 -0.13514800989737E+04  0.73845752375390E+03  0.48659170249036E+03  0.38285782779179E+02  0.76709667252586E+04 -0.17481355896731E+04 -0.21788725946271E+03  0.42130429687327E+02  0.33731572018934E+02  0.37050741485679E+01 -0.37349216680731E-02 -0.15470635255819E+02 -0.10062288884505E+02 -0.86497424313123E+02 -0.24359439160845E+02 -0.45831976394759E+05  0.26617579772928E+03  0.19933539423034E+03  0.12458078383384E+03  0.46058694764404E+03  0.83847896251431E+03  0.22381685613357E+04  0.18191523349491E+04 -0.74206385593610E+02 -0.44767777831304E+02  0.15209459523689E+01  0.12780052190623E+04  0.20705947179960E+04  0.00000000000000E+00  0.00000000000000E+00  0.00000000000000E+00  0.20068287027182E+04  0.32291373970747E+04  0.00000000000000E+00  0.00000000000000E+00  0.00000000000000E+00 -0.16595799259874E+03 -0.34334706372347E+03 -0.37775740688209E+03
  -0.12204599745930E+05  0.11109441802492E+05 -0.37524634821247E+03  0.28871447825936E+04  0.62954440070741E+03  0.20100706227902E+04  0.88885310418750E+03  0.42250057767451E+05 -0.10030107900393E+05 -0.11735690641687E+04  0.22769211755985E+03  0.20360963729783E+03  0.20346649591094E+02  0.18070615682636E-01 -0.12982031851501E+03 -0.29202405300109E+02 -0.30208789541632E+03 -0.68299083430659E+02 -0.60842883905983E+05 -0.18915056050956E+03  0.15030929956434E+03  0.13710596756529E+03  0.83847896251431E+03  0.21874139263588E+04  0.26198251327459E+04  0.26121821822904E+04 -0.21199653603868E+03 -0.14977570722495E+03 -0.42898898511626E+02 -0.49190037444060E+04 -0.85911685208792E+04  0.00000000000000E+00  0.00000000000000E+00  0.00000000000000E+00  0.32635041980106E+04  0.51469328481730E+04  0.00000000000000E+00  0.00000000000000E+00  0.00000000000000E+00 -0.64680191004093E+03 -0.21258748698176E+04 -0.23414498294311E+04
  -0.26055079439237E+06  0.74582651264685E+05 -0.67894451094720E+04 -0.46392250523884E+05  0.11111351235098E+05 -0.21632399750263E+04 -0.53623409481006E+04 -0.30663111896034E+05  0.49045246485177E+04  0.17030311365541E+04 -0.18323027542844E+03 -0.38908300839973E+02 -0.61514201674311E+01 -0.31921780400136E-02  0.84500210385104E+03 -0.18594092171848E+03  0.88021858895270E+03  0.68761554422097E+03 -0.37256224147835E+06  0.47409162364420E+04  0.22131413478255E+04  0.11018837917554E+04  0.22381685613357E+04  0.26198251327459E+04  0.22179870160453E+05  0.10131906959571E+05  0.23906535295125E+03  0.18021110222362E+03  0.29869098249151E-01  0.39829725764380E+05  0.78940517758632E+05  0.00000000000000E+00  0.00000000000000E+00  0.00000000000000E+00  0.15298421650235E+05  0.24709541916296E+05  0.00000000000000E+00  0.00000000000000E+00  0.00000000000000E+00  0.15822364518351E+04  0.17128005348554E+04  0.20866769741098E+04
  -0.10115918749325E+06  0.39994596114913E+05 -0.26295091430383E+04 -0.10214345509484E+05  0.35016798223367E+04  0.80434449328166E+03 -0.64031568603700E+03  0.61555264313373E+04 -0.13591023141905E+04 -0.13990901993562E+03  0.34611817810700E+02  0.22865514974435E+02  0.30353188954555E+01 -0.15244159642767E-01  0.61185587844857E+02 -0.35418218965796E+02 -0.11691174708776E+03 -0.17494904525758E+02 -0.20305728820577E+06  0.16885791847788E+04  0.99981862758966E+03  0.58708380461984E+03  0.18191523349491E+04  0.26121821822904E+04  0.10131906959571E+05  0.80181659591800E+04 -0.21877450709385E+03 -0.11698661758700E+03  0.11931969326452E+02  0.12125024856316E+05  0.20345159201558E+05  0.00000000000000E+00  0.00000000000000E+00  0.00000000000000E+00  0.76929667561630E+04  0.12628141752969E+05  0.00000000000000E+00  0.00000000000000E+00  0.00000000000000E+00 -0.26317647360900E+03 -0.15252346828730E+03 -0.15480438252927E+03
  -0.13694300902449E+06  0.16975779755902E+05 -0.34927136135039E+04 -0.13091997918862E+05  0.20296932327818E+04 -0.21916504188525E+04 -0.20498248711832E+04 -0.63443159657070E+05  0.11293479979032E+05  0.25918928362675E+04 -0.37646533351456E+03 -0.73883950683912E+03 -0.99876298126529E+02  0.58185996431426E-01 -0.30017116091230E+04  0.60551630071368E+03 -0.36332236234584E+04 -0.25760557433660E+04 -0.21942355618577E+05  0.00000000000000E+00  0.00000000000000E+00  0.00000000000000E+00 -0.74206385593610E+02 -0.21199653603868E+03  0.23906535295125E+03 -0.21877450709385E+03  0.11665791756824E+06  0.00000000000000E+00  0.00000000000000E+00  0.00000000000000E+00  0.00000000000000E+00  0.00000000000000E+00  0.00000000000000E+00  0.00000000000000E+00  0.00000000000000E+00  0.00000000000000E+00  0.00000000000000E+00  0.00000000000000E+00  0.00000000000000E+00  0.00000000000000E+00  0.00000000000000E+00  0.00000000000000E+00
  -0.57683049786387E+05  0.82894632141528E+04 -0.14647334324075E+04 -0.21743496020622E+05  0.34698536259830E+04 -0.34396378857733E+04 -0.32759131479202E+04 -0.50036023234926E+05  0.10509628933101E+05  0.17569979045883E+04 -0.28079670484102E+03  0.28796436182217E-10  0.78357836882887E-13  0.21432884259360E-13 -0.19508646772533E+04  0.37862253475667E+03 -0.23027534324030E+04 -0.16003277259619E+04 -0.48694673190392E+05  0.25881523261753E+04  0.67141379782437E+03  0.19593293446000E+03 -0.44767777831304E+02 -0.14977570722495E+03  0.18021110222362E+03 -0.11698661758700E+03  0.00000000000000E+00  0.64421443241408E+05  0.00000000000000E+00  0.00000000000000E+00  0.00000000000000E+00  0.00000000000000E+00  0.00000000000000E+00  0.00000000000000E+00  0.00000000000000E+00  0.00000000000000E+00  0.00000000000000E+00  0.00000000000000E+00  0.00000000000000E+00  0.00000000000000E+00  0.00000000000000E+00  0.00000000000000E+00
  -0.59976394634808E+04 -0.14138237375464E+03 -0.11229998865317E+02 -0.18596083488967E+03 -0.50385542178729E+02  0.73593971765039E+02  0.94164195260723E+02 -0.76641640370855E+05  0.26197665428234E+05  0.75404998418997E+03 -0.31209611164065E+03 -0.51567303661202E+03 -0.20113644742728E+02 -0.49314459650340E+01 -0.24945974447467E+04  0.29745674250615E+03 -0.29701696535225E+04 -0.15208960324101E+04  0.64988909523182E+03  0.00000000000000E+00  0.00000000000000E+00  0.00000000000000E+00  0.15209459523689E+01 -0.42898898511626E+02  0.29869098249151E-01  0.11931969326452E+02  0.00000000000000E+00  0.00000000000000E+00  0.30674568264169E+05  0.00000000000000E+00  0.00000000000000E+00  0.00000000000000E+00  0.00000000000000E+00  0.00000000000000E+00  0.00000000000000E+00  0.00000000000000E+00  0.00000000000000E+00  0.00000000000000E+00  0.00000000000000E+00  0.00000000000000E+00  0.00000000000000E+00  0.00000000000000E+00
  -0.87493213038491E+06  0.20011185697344E+06 -0.22362148910345E+05 -0.66088983686663E+05  0.12533057511884E+05 -0.78216290611172E+04 -0.89066564640602E+04 -0.30783524293233E+06  0.68764089936179E+05  0.10464414479140E+05 -0.16873273796987E+04 -0.35337308609712E+04 -0.38278127716532E+03 -0.50302051527442E+00  0.19075779730900E+04 -0.11242931483499E+03  0.26656494487848E+04  0.12165396853900E+04 -0.34344522152344E+06  0.00000000000000E+00  0.00000000000000E+00  0.00000000000000E+00  0.12780052190623E+04 -0.49190037444060E+04  0.39829725764380E+05  0.12125024856316E+05  0.00000000000000E+00  0.00000000000000E+00  0.00000000000000E+00  0.58022236821315E+06  0.00000000000000E+00  0.00000000000000E+00  0.00000000000000E+00  0.00000000000000E+00  0.00000000000000E+00  0.00000000000000E+00  0.00000000000000E+00  0.00000000000000E+00  0.00000000000000E+00  0.00000000000000E+00  0.00000000000000E+00  0.00000000000000E+00
  -0.11195966673941E+07  0.24831241251799E+06 -0.28761163274398E+05 -0.34218413236830E+06  0.65768403587092E+05 -0.38324398789111E+05 -0.46261553088964E+05 -0.58828948131603E+06  0.12734354703786E+06  0.21179533221701E+05 -0.32577548096332E+04 -0.12707517506224E-09  0.19823740886469E-10 -0.42795325909462E-12  0.42705642745064E+04 -0.42873023514338E+03  0.60346448186290E+04  0.32596814158432E+04 -0.16706905020152E+07  0.40947352980363E+05  0.15186545626817E+05  0.65128854554540E+04  0.20705947179960E+04 -0.85911685208792E+04  0.78940517758632E+05  0.20345159201558E+05  0.00000000000000E+00  0.00000000000000E+00  0.00000000000000E+00  0.00000000000000E+00  0.92098379171137E+06  0.00000000000000E+00  0.00000000000000E+00  0.00000000000000E+00  0.00000000000000E+00  0.00000000000000E+00  0.00000000000000E+00  0.00000000000000E+00  0.00000000000000E+00  0.00000000000000E+00  0.00000000000000E+00  0.00000000000000E+00
  -0.21179952315680E+05  0.56042237815619E+04 -0.55463928404201E+03 -0.12297016059407E+04  0.32480611531562E+03 -0.12786336312634E+02 -0.14058540762638E+03 -0.75316020963734E+05  0.22647302570083E+05  0.13966643942015E+04 -0.35403823733600E+03 -0.15905281129471E+04 -0.97398392444658E+02 -0.21823494536362E+01 -0.14282712950293E+04  0.15945358000588E+03 -0.13990569876619E+04 -0.73268518207264E+03 -0.10129060430580E+05  0.00000000000000E+00  0.00000000000000E+00  0.00000000000000E+00  0.00000000000000E+00  0.00000000000000E+00  0.00000000000000E+00  0.00000000000000E+00  0.00000000000000E+00  0.00000000000000E+00  0.00000000000000E+00  0.00000000000000E+00  0.00000000000000E+00  0.13466890387392E+05  0.00000000000000E+00  0.00000000000000E+00  0.00000000000000E+00  0.00000000000000E+00  0.00000000000000E+00  0.00000000000000E+00  0.00000000000000E+00  0.00000000000000E+00  0.00000000000000E+00  0.00000000000000E+00
  -0.48749372156385E+05  0.13116130537957E+05 -0.12797169683920E+04 -0.24375673529176E+04  0.62388342083635E+03 -0.55160464236373E+02 -0.27437943036085E+03 -0.17198458126298E+06  0.51863219576692E+05  0.31394811610659E+04 -0.80746058896781E+03 -0.33293097854717E+02 -0.78961702167185E+01 -0.50186144354106E-05 -0.29574598460242E+04  0.32638986931969E+03 -0.29052827928090E+04 -0.15171447960954E+04 -0.20110978326944E+05  0.00000000000000E+00  0.00000000000000E+00  0.00000000000000E+00  0.00000000000000E+00  0.00000000000000E+00  0.00000000000000E+00  0.00000000000000E+00  0.00000000000000E+00  0.00000000000000E+00  0.00000000000000E+00  0.00000000000000E+00  0.00000000000000E+00  0.00000000000000E+00  0.30987735929335E+05  0.00000000000000E+00  0.00000000000000E+00  0.00000000000000E+00  0.00000000000000E+00  0.00000000000000E+00  0.00000000000000E+00  0.00000000000000E+00  0.00000000000000E+00  0.00000000000000E+00
  -0.33475814076047E+04  0.42455924622414E+03 -0.77213958423101E+02 -0.69998327697592E+02  0.90502379443496E+01 -0.14698756028405E+02 -0.10705813487501E+02 -0.15776530819482E+04  0.22775303113061E+03  0.44699939357929E+02 -0.98016044766674E+01 -0.56898130747311E+02 -0.43863257515628E+01 -0.10986545664446E+00 -0.74692578947131E+03  0.88140852529287E+02 -0.75953486875116E+03 -0.42917952486927E+03 -0.13127213261630E+03  0.00000000000000E+00  0.00000000000000E+00  0.00000000000000E+00  0.00000000000000E+00  0.00000000000000E+00  0.00000000000000E+00  0.00000000000000E+00  0.00000000000000E+00  0.00000000000000E+00  0.00000000000000E+00  0.00000000000000E+00  0.00000000000000E+00  0.00000000000000E+00  0.00000000000000E+00  0.37927098712696E+04  0.00000000000000E+00  0.00000000000000E+00  0.00000000000000E+00  0.00000000000000E+00  0.00000000000000E+00  0.00000000000000E+00  0.00000000000000E+00  0.00000000000000E+00
  -0.19445839632808E+06  0.58633643893304E+05 -0.50860268871175E+04 -0.10805795071233E+05  0.30353311945851E+04  0.22933473933214E+02 -0.10392825326956E+04 -0.43136797209238E+04  0.51547568257078E+03  0.37688769794591E+03 -0.26462613204896E+02 -0.42327987489392E-01 -0.27337513149296E-01 -0.20598828982973E-13  0.34746239025547E+03 -0.10089943294140E+03  0.13414788536816E+03  0.18144175332208E+03 -0.10852770811600E+06  0.00000000000000E+00  0.00000000000000E+00  0.00000000000000E+00  0.20068287027182E+04  0.32635041980106E+04  0.15298421650235E+05  0.76929667561630E+04  0.00000000000000E+00  0.00000000000000E+00  0.00000000000000E+00  0.00000000000000E+00  0.00000000000000E+00  0.00000000000000E+00  0.00000000000000E+00  0.00000000000000E+00  0.10726671363318E+06  0.00000000000000E+00  0.00000000000000E+00  0.00000000000000E+00  0.00000000000000E+00  0.00000000000000E+00  0.00000000000000E+00  0.00000000000000E+00
  -0.21008106432498E+06  0.62777431818103E+05 -0.54952715484519E+04 -0.47016654509305E+05  0.13027086086481E+05 -0.61995898201598E+02 -0.46056383989953E+04 -0.84444801242902E+04  0.10138084357412E+04  0.71474411579646E+03 -0.51919667743683E+02  0.32793484431227E-10 -0.16672721361568E-11  0.26841445584636E-14  0.58670208538094E+03 -0.16775786454847E+03  0.25053694480496E+03  0.31966933601238E+03 -0.45967683070897E+06  0.57722910749632E+04  0.28934820337202E+04  0.14878459470925E+04  0.32291373970747E+04  0.51469328481730E+04  0.24709541916296E+05  0.12628141752969E+05  0.00000000000000E+00  0.00000000000000E+00  0.00000000000000E+00  0.00000000000000E+00  0.00000000000000E+00  0.00000000000000E+00  0.00000000000000E+00  0.00000000000000E+00  0.00000000000000E+00  0.13824856025965E+06  0.00000000000000E+00  0.00000000000000E+00  0.00000000000000E+00  0.00000000000000E+00  0.00000000000000E+00  0.00000000000000E+00
  -0.91292205503517E+04  0.23196550335649E+04 -0.23738084474639E+03 -0.23873670216081E+04  0.49438110687052E+03 -0.22347387425771E+03 -0.31497464764058E+03  0.90225837998551E+03 -0.14174953859167E+04  0.10526754293378E+03 -0.72050640420973E+01 -0.12122334659168E+01 -0.11762313347621E+00 -0.13176410780122E-02 -0.31141447316108E+04  0.52879756275453E+03 -0.34273525097569E+04 -0.22697685026256E+04 -0.15124324022416E+05  0.00000000000000E+00  0.00000000000000E+00  0.00000000000000E+00  0.00000000000000E+00  0.00000000000000E+00  0.00000000000000E+00  0.00000000000000E+00  0.00000000000000E+00  0.00000000000000E+00  0.00000000000000E+00  0.00000000000000E+00  0.00000000000000E+00  0.00000000000000E+00  0.00000000000000E+00  0.00000000000000E+00  0.00000000000000E+00  0.00000000000000E+00  0.81859432131785E+04  0.00000000000000E+00  0.00000000000000E+00  0.00000000000000E+00  0.00000000000000E+00  0.00000000000000E+00
  -0.32454329002448E+04  0.74111547463511E+03 -0.84268481961070E+02 -0.93992732620202E+03  0.18160801179685E+03 -0.10849832363981E+03 -0.13021761993170E+03  0.51382980401955E+03 -0.75734131440347E+03  0.48469556465121E+02 -0.36511194764328E+01 -0.53154716957195E+00 -0.47294742946513E-01 -0.72980203302100E-03 -0.16177853686587E+04  0.25276993487842E+03 -0.18151398981650E+04 -0.11512523475517E+04 -0.47888916827268E+04  0.00000000000000E+00  0.00000000000000E+00  0.00000000000000E+00  0.00000000000000E+00  0.00000000000000E+00  0.00000000000000E+00  0.00000000000000E+00  0.00000000000000E+00  0.00000000000000E+00  0.00000000000000E+00  0.00000000000000E+00  0.00000000000000E+00  0.00000000000000E+00  0.00000000000000E+00  0.00000000000000E+00  0.00000000000000E+00  0.00000000000000E+00  0.00000000000000E+00  0.42001561043613E+04  0.00000000000000E+00  0.00000000000000E+00  0.00000000000000E+00  0.00000000000000E+00
