# fitpack15: fit parameters                                                                         
# CJ15 AV18 final data choices                                                                      
# Created on 01/28/2020 at 19:43:33                                                                 

 # QCD setup
  INS                           0
  NVL                          11
  IORD                          1
  Q02                   1.6899999999999999     
  IPARAMC                       7
  FLAVOR                4.0000000000000000     
  xmc                   1.3000000000000000     
  xmb                   4.5000000000000000     
  ncb                          12
  ihq                           1
  ias                           0

 # Theory corrections
  inuke                     10814
  itmc                          1
  iht                           1

 # fit parameters
 LAMBDA       0.22680        0.0000    
 a0uv          2.3290        0.0000    
 a1uv         0.60801       0.20469E-01
 a2uv          3.5473       0.12198E-01
 a3uv          0.0000        0.0000    
 a4uv          3.6328       0.45755    
 a5uv          0.0000        0.0000    
 a0dv          25.385        0.0000    
 a1dv          1.1654       0.32848E-01
 a2dv          6.5624       0.15723    
 a3dv         -3.5146       0.83740E-01
 a4dv          4.6708       0.13951    
 a5dv          0.0000        0.0000    
 a0ud         0.14658       0.50327E-02
 a1ud        -0.20780       0.37538E-02
 a2ud          8.2881       0.19265    
 a3ud          0.0000        0.0000    
 a4ud          14.454        1.2187    
 a5ud          0.0000        0.0000    
 a0du          35712.        0.0000    
 a1du          4.0438       0.77389E-01
 a2du          20.028       0.88145    
 a3du          17.000        0.0000    
 a4du          51.944        10.815    
 a0g           47.073        0.0000    
 a1g          0.60979       0.32737E-01
 a2g           6.8917        1.0312    
 a3g          -3.3222       0.14841    
 a4g           3.2828       0.37454    
 a5g           0.0000        0.0000    
 kappa        0.40000        0.0000    
 a6dv        -0.34671E-02   0.64563E-03
 a7dv          2.0000        0.0000    
 off1         -3.7090        1.5161    
 off2         0.58374E-01   0.55749E-01
 ht1          -3.4600       0.27654    
 ht2           1.9956       0.10748    
 ht3          -2.0508       0.18647E-01
 ht4           0.0000        0.0000    
 dummy40       0.0000        0.0000    
 dummy41       0.0000        0.0000    
 dummy42       0.0000        0.0000    
 dummy43       0.0000        0.0000    
 dummy44       0.0000        0.0000    
 dummy45       0.0000        0.0000    
 dummy46       0.0000        0.0000    
 dummy47       0.0000        0.0000    
 dummy48       0.0000        0.0000    
 dummy49       0.0000        0.0000    
 bcdmsh2      0.97286       0.48269E-02
 bcdmsd2      0.99289       0.58247E-02
 ccfr          1.0000        0.0000    
 nutev         1.0000        0.0000    
 zeus         0.97998        0.0000    
 h1            1.0162        0.0000    
 e605          1.0319        0.0000    
 NmcH2         1.0088       0.71195E-02
 ntv_nu        1.0000        0.0000    
 ntv_nubar     1.0000        0.0000    
 cdf_jet      0.98910        0.0000    
 d0_jet       0.83504        0.0000    
 slac_p        1.0045       0.48017E-02
 slac_d        1.0038       0.52563E-02
 e866pp       0.96823       0.19364E-01
 e866pd       0.96381       0.15824E-01
 d0_gamjet     1.0387       0.16479E-01
 h1b          0.97608        0.0000    
 jlab_p       0.99368       0.57673E-02
 jlab_d       0.97505       0.58736E-02
 blank         1.0000        0.0000    
 d0run2       0.93889       0.14006E-01
 cdfrun2      0.92575       0.17173E-01
 HERA_el       1.0000        0.0000    
 HERA_ps       1.0000        0.0000    
 CDF_Z        0.96485       0.65062E-02
 NmcRat        1.0000        0.0000    
 BNS_F2nd     0.98330       0.69137E-02
 HERMES_F2p   0.99810       0.55627E-02
 HERMES_F2d   0.98015       0.58117E-02
 END 0. 0.

 # Hessian matrix (Bevington alpha)
   0.49208949444084E+07 -0.12913184408305E+07  0.22676635212709E+06  0.48144951102797E+06 -0.12675158414413E+06 -0.22454477205680E+05  0.56447913982875E+05  0.91392290691061E+06 -0.17549438872564E+06 -0.48968392940163E+05  0.75097143074569E+04  0.15541706780583E+05  0.17663229583898E+04 -0.10975334213468E+03  0.73933346467008E+04 -0.18421622479336E+04  0.90842215919245E+04  0.66275473616293E+04 -0.76517481531124E+07 -0.13545400197115E+04 -0.21672846937279E+06  0.58551414065922E+05  0.18048790805308E+06  0.74857413496533E+06 -0.12763370615292E+06 -0.54149399969482E+05 -0.44905006958703E+04 -0.84114247397917E+06 -0.10886799331860E+07 -0.20606669456380E+05 -0.46496036127944E+05 -0.30926987155637E+04 -0.19908132918019E+06 -0.22456168499500E+06 -0.91592388635215E+04 -0.32383332468617E+04 -0.15309891435395E+05  0.16668927902329E+05 -0.71018649662665E+05 -0.56049604567957E+05
  -0.12913184408305E+07  0.41296691902895E+06 -0.61411071884381E+05 -0.13488000361196E+06  0.35260182198853E+05  0.87122041175121E+04 -0.12475323679993E+05 -0.12231851354734E+06  0.26519556353092E+05  0.75617360472070E+04 -0.95091783217087E+03 -0.12489880148933E+04 -0.14716333790987E+03  0.13234299430718E+02  0.65928164361867E+03 -0.49934936085775E+02  0.16149126572898E+03  0.82572035900469E+02  0.26168465715525E+07  0.55158969991362E+03  0.61742257920842E+05 -0.13127581495954E+05 -0.43406932427797E+05 -0.20553482772260E+06  0.16609342489113E+05  0.82107437866413E+04 -0.23471207284160E+03  0.20925852636121E+06  0.26330890969912E+06  0.57915342441484E+04  0.13218400555481E+05  0.42059715111104E+03  0.63481048156845E+05  0.71014446371205E+05  0.24702236104428E+04  0.78324772726192E+03 -0.23520175021711E+04 -0.22400814533130E+04  0.85497567926079E+04  0.71728547069920E+04
   0.22676635212709E+06 -0.61411071884381E+05  0.10558993899702E+05  0.22355033814410E+05 -0.59824867153297E+04 -0.12781420793295E+04  0.25417945683310E+04  0.31069604288120E+05 -0.58152066738964E+04 -0.19613229958346E+04  0.25948386611047E+03  0.47720077124856E+03  0.62652913943770E+02 -0.48323527731408E+01 -0.38847119788460E+03  0.19577754371714E+01 -0.18516408740174E+03 -0.33470655124830E+02 -0.36733590062907E+06 -0.66998305061566E+02 -0.10139013255733E+05  0.26367680005791E+04  0.81262729808720E+04  0.34652915479628E+05 -0.54062790997215E+04 -0.23053571943442E+04  0.46263305229118E+02 -0.37808300250821E+05 -0.49106154968146E+05 -0.96966714432853E+03 -0.21974001994885E+04 -0.11578949156263E+03 -0.95799537551461E+04 -0.10774630919686E+05 -0.42266478815919E+03 -0.14705982328537E+03  0.35354090531385E+02  0.70771142891351E+03 -0.25070391510367E+04 -0.20320672271753E+04
   0.48144951102797E+06 -0.13488000361196E+06  0.22355033814410E+05  0.39448472709651E+06 -0.62447523565754E+05  0.77261366124313E+05  0.65798609781169E+05  0.34645676050480E+06 -0.25661359621964E+05 -0.18369930432940E+05  0.33891342013100E+04 -0.13827920281020E+04 -0.15515145590465E+03  0.57157877057985E+02  0.30286810951278E+05 -0.36132826595191E+04  0.24527689423745E+05  0.13694860252003E+05 -0.22713335766678E+07 -0.19631293736870E+03 -0.63062698671221E+05  0.20529607494638E+05  0.56631038673261E+05  0.24092406070398E+06 -0.12774745826285E+05 -0.21143199145703E+05 -0.58040033266101E+02 -0.65650410111000E+05 -0.34034294075617E+06 -0.14011809031014E+04 -0.24866664948150E+04 -0.73048071955200E+02 -0.11720926236150E+05 -0.52573150676915E+05 -0.25188314051672E+04 -0.98090292547366E+03 -0.94395759977397E+04 -0.15656175509345E+05 -0.71788499519720E+04 -0.21256561597511E+05
  -0.12675158414413E+06  0.35260182198853E+05 -0.59824867153297E+04 -0.62447523565754E+05  0.11755369899967E+05 -0.80742133495939E+04 -0.96171228634489E+04 -0.32572790576843E+05  0.40318099842935E+03  0.24157350023499E+04 -0.34648743841863E+03 -0.36797789125578E+02  0.46158640759757E+01 -0.51223407795650E+01 -0.25722751727856E+04  0.31079064418363E+03 -0.20360997676973E+04 -0.11510813641641E+04  0.50307534026247E+06  0.64670814610393E+02  0.13171942692573E+05 -0.38921511756844E+04 -0.10687933773017E+05 -0.48297515627307E+05  0.20031436065028E+04  0.33751785549630E+04 -0.57234852237500E+02  0.11977511865925E+05  0.63162923561388E+05  0.33739809307877E+03  0.57903573869651E+03  0.94263498075878E+01  0.29876116316153E+04  0.13183054335264E+05  0.48502970628276E+03  0.17948074862528E+03  0.33024562877632E+03  0.24935076784703E+04  0.81910507799582E+03  0.25174683772470E+04
  -0.22454477205680E+05  0.87122041175121E+04 -0.12781420793295E+04  0.77261366124313E+05 -0.80742133495939E+04  0.25332394805642E+05  0.15373510004932E+05  0.10714826675995E+06 -0.95902752637289E+04 -0.47190877971667E+04  0.10302408977666E+04 -0.71977393286436E+03 -0.69998302117744E+02  0.19739680128499E+02  0.93963023120809E+04 -0.11522872299242E+04  0.77042440995115E+04  0.43664047694133E+04 -0.72287519869334E+05  0.54986181903902E+02 -0.48081703780825E+04  0.25451299806186E+04  0.70452882706126E+04  0.22422510857560E+05 -0.28822970823369E+04 -0.44210689922381E+04  0.16166364017890E+03 -0.90802836372432E+04 -0.44942017505492E+05 -0.35338931781964E+01 -0.36607940647219E+02 -0.19851841263282E+02  0.34242074629294E+03  0.11468834121216E+04 -0.28275386154895E+03 -0.14165394975689E+03 -0.30780727660016E+04 -0.34512943630205E+04 -0.18845989397222E+04 -0.54366139043059E+04
   0.56447913982875E+05 -0.12475323679993E+05  0.25417945683310E+04  0.65798609781169E+05 -0.96171228634489E+04  0.15373510004932E+05  0.12013182412276E+05  0.59496884154319E+05 -0.30933230793313E+04 -0.33656410320417E+04  0.60293058129095E+03 -0.22178839970560E+03 -0.27678264320722E+02  0.10349229097483E+02  0.48310389063629E+04 -0.59932221256600E+03  0.38625382333273E+04  0.22143676498479E+04 -0.26165076749584E+06  0.63659245267479E+00 -0.87996160657427E+04  0.32088421613350E+04  0.87352688063913E+04  0.34360684630851E+05 -0.25457985977746E+04 -0.39903543760833E+04  0.14076540171869E+03 -0.10270010559262E+05 -0.53599606930089E+05 -0.17268570265425E+03 -0.29674680478458E+03 -0.13876188527287E+02 -0.10873963100883E+04 -0.50436264919953E+04 -0.38335778961646E+03 -0.16106553498402E+03 -0.12916019163735E+04 -0.32168555856195E+04 -0.11672088758496E+04 -0.34792032878293E+04
   0.91392290691061E+06 -0.12231851354734E+06  0.31069604288120E+05  0.34645676050480E+06 -0.32572790576843E+05  0.10714826675995E+06  0.59496884154319E+05  0.49690057859104E+07 -0.23110787302462E+07 -0.85418147932414E+05  0.26034429301256E+05  0.26805839463891E+05  0.18047847924161E+04  0.99942048031170E+02  0.82101860186856E+05 -0.10327848361774E+05  0.76637529655099E+05  0.41383463015883E+05 -0.59280620351508E+06  0.38174362768931E+03 -0.28872939918381E+05  0.27902706349699E+05  0.87522017382294E+05  0.24643665380852E+06 -0.60745753475546E+05 -0.48786427761225E+05 -0.66848881815585E+05 -0.28221900413385E+06 -0.55969276118805E+06 -0.72420908600078E+05 -0.16215808498884E+06 -0.13325055049442E+04 -0.57518360560722E+04 -0.11287313666200E+05  0.11508924748878E+02  0.15187214690091E+03 -0.26182497216449E+06 -0.86517979129594E+04 -0.13706336802899E+06 -0.17022015237921E+06
  -0.17549438872564E+06  0.26519556353092E+05 -0.58152066738964E+04 -0.25661359621964E+05  0.40318099842935E+03 -0.95902752637289E+04 -0.30933230793313E+04 -0.23110787302462E+07  0.19298190668105E+07  0.19022499196668E+05 -0.65533880531690E+04 -0.57580317512852E+04 -0.31759119968386E+03 -0.13654699092158E+02  0.49536387030624E+05 -0.23099681857466E+04  0.15743001465804E+05  0.75129264200293E+04 -0.26583093235309E+05 -0.92708236419217E+02  0.76727926809351E+03 -0.55850262478776E+04 -0.18591436361633E+05 -0.47012640310724E+05  0.11495300374382E+05  0.10861764709411E+05  0.24135679551972E+05  0.65801055184439E+05  0.12627706796416E+06  0.23104321859989E+05  0.51830960343775E+05  0.17986159951736E+03  0.60716193510886E+03  0.12304810804766E+04 -0.11838605419593E+04 -0.66698970299804E+03  0.11156076774729E+06  0.15921202013969E+04  0.44268254553274E+05  0.54430114705676E+05
  -0.48968392940163E+05  0.75617360472070E+04 -0.19613229958346E+04 -0.18369930432940E+05  0.24157350023499E+04 -0.47190877971667E+04 -0.33656410320417E+04 -0.85418147932414E+05  0.19022499196668E+05  0.26570288831155E+04 -0.64650267016219E+03 -0.69319133424619E+03 -0.61332943384100E+02 -0.18973860425111E+01 -0.39519124241551E+04  0.47273831073461E+03 -0.32211291648590E+04 -0.18130306864259E+04  0.59167704422585E+05 -0.94170739528598E+01  0.25566434790322E+04 -0.12977838811598E+04 -0.37875974818714E+04 -0.12285449851845E+05  0.27490219733207E+04  0.19035988846237E+04  0.72818412004955E+03  0.11008212384336E+05  0.23025347360412E+05  0.15290779229299E+04  0.33545159823213E+04  0.43217657589009E+02  0.58641644578070E+03  0.11109858318416E+04  0.13730528771622E+03  0.60975346663541E+02  0.30871279946124E+04  0.44340990460476E+03  0.27930483523128E+04  0.35548659497391E+04
   0.75097143074569E+04 -0.95091783217087E+03  0.25948386611047E+03  0.33891342013100E+04 -0.34648743841863E+03  0.10302408977666E+04  0.60293058129095E+03  0.26034429301256E+05 -0.65533880531690E+04 -0.64650267016219E+03  0.18327580931261E+03  0.20594953128185E+03  0.15045876658512E+02  0.73242616315897E+00  0.12654109830232E+04 -0.13807388375414E+03  0.99331914828327E+03  0.53876324468535E+03 -0.67612546208761E+04  0.28503341258014E+01 -0.29715609502974E+03  0.22050018393613E+03  0.67734582769078E+03  0.19751618678590E+04 -0.49165049536473E+03 -0.37070678464365E+03 -0.34304426809750E+03 -0.21031306898484E+04 -0.42249774001232E+04 -0.44572990099781E+03 -0.99828658568543E+03 -0.11258840094088E+02 -0.50627083061403E+02 -0.99107070763157E+02 -0.15900886081025E+02 -0.74273274005896E+01 -0.11639717992711E+04 -0.70076660734895E+02 -0.84131228236894E+03 -0.10531960038392E+04
   0.15541706780583E+05 -0.12489880148933E+04  0.47720077124856E+03 -0.13827920281020E+04 -0.36797789125578E+02 -0.71977393286436E+03 -0.22178839970560E+03  0.26805839463891E+05 -0.57580317512852E+04 -0.69319133424619E+03  0.20594953128185E+03  0.17659553135718E+04  0.11604049562938E+03 -0.10750198345914E+01  0.14543731718401E+04 -0.19869294303095E+03  0.14337301523953E+04  0.82361402967657E+03 -0.67829446169600E+04 -0.50377097186383E+01 -0.11736392815330E+03 -0.12482720227316E+02  0.12962303487504E+03 -0.88728259973810E+03 -0.11689696499353E+04 -0.81761981106125E-12 -0.74754026196865E+03 -0.51968719389438E+04 -0.85384063505279E-09 -0.24663179083722E+04 -0.75713348870052E+02 -0.82001172077568E+02 -0.23568460759287E+00 -0.17644396538198E-10 -0.18266399775377E+01 -0.78317184197310E+00  0.29697170628746E+03  0.32512686834429E+03 -0.28206871223678E+04  0.31847843378407E-10
   0.17663229583898E+04 -0.14716333790987E+03  0.62652913943770E+02 -0.15515145590465E+03  0.46158640759757E+01 -0.69998302117744E+02 -0.27678264320722E+02  0.18047847924161E+04 -0.31759119968386E+03 -0.61332943384100E+02  0.15045876658512E+02  0.11604049562938E+03  0.10474315898443E+02 -0.18050163311527E+00  0.79153893386678E+02 -0.13058681925979E+02  0.84109385922971E+02  0.52617313917064E+02 -0.32363048131840E+03 -0.43248321801245E+00  0.66061009425675E+01  0.57314409949960E+00  0.17758779103165E+02 -0.91399093616604E+02 -0.17344407672988E+03  0.22463854595693E-11 -0.29041556491603E+02 -0.61459095468725E+03 -0.52334975813964E-10 -0.15431134832422E+03 -0.20054500896806E+02 -0.66286238744155E+01 -0.16998163929243E+00  0.75925582008476E-11 -0.19350952097389E+00 -0.75039228510228E-01  0.29723422454985E+02  0.73086713500382E+02 -0.20304241961543E+03  0.12897788775250E-10
  -0.10975334213468E+03  0.13234299430718E+02 -0.48323527731408E+01  0.57157877057985E+02 -0.51223407795650E+01  0.19739680128499E+02  0.10349229097483E+02  0.99942048031170E+02 -0.13654699092158E+02 -0.18973860425111E+01  0.73242616315897E+00 -0.10750198345914E+01 -0.18050163311527E+00  0.53835679344807E-01  0.14886475927949E+02 -0.11426365940332E+01  0.89493252801698E+01  0.42171272466131E+01 -0.84546447240101E+02  0.27167382370778E-01 -0.46232503403273E+01  0.57201759925446E+00  0.14426044758349E+01  0.75794241590278E+01  0.71263618179747E-01  0.33015276897121E-12 -0.62968092335908E+01 -0.84970223643464E+00 -0.23183344018297E-11 -0.35406739934157E+01 -0.20524145049345E-04 -0.14599823827202E+00  0.33990848880494E-12  0.18143227891326E-12 -0.17901616727940E-02 -0.98181728659247E-03 -0.16295769281598E+01  0.61562643648316E-04 -0.33434097243381E+01  0.79538573001444E-12
   0.73933346467008E+04  0.65928164361867E+03 -0.38847119788460E+03  0.30286810951278E+05 -0.25722751727856E+04  0.93963023120809E+04  0.48310389063629E+04  0.82101860186856E+05  0.49536387030624E+05 -0.39519124241551E+04  0.12654109830232E+04  0.14543731718401E+04  0.79153893386678E+02  0.14886475927949E+02  0.48443775999364E+05 -0.44088693549568E+04  0.32343520095142E+05  0.16764687860063E+05 -0.55722082678293E+05  0.16724068126932E+01  0.77091061037842E+03 -0.21256703445843E+03 -0.62193060839872E+03 -0.14851267080724E+04 -0.25421157418239E+04 -0.16732734842535E+04 -0.24597873467857E+04  0.20178702398796E+04  0.42655332992391E+04 -0.15085819847956E+04 -0.29489966504358E+04 -0.71294584627617E+03  0.20475197781091E+03  0.36888869399518E+03 -0.27764277123400E+04 -0.14856522776293E+04 -0.25069822255589E+04  0.18268140553792E+03 -0.82561922639931E+03 -0.92915074222354E+03
  -0.18421622479336E+04 -0.49934936085775E+02  0.19577754371714E+01 -0.36132826595191E+04  0.31079064418363E+03 -0.11522872299242E+04 -0.59932221256600E+03 -0.10327848361774E+05 -0.23099681857466E+04  0.47273831073461E+03 -0.13807388375414E+03 -0.19869294303095E+03 -0.13058681925979E+02 -0.11426365940332E+01 -0.44088693549568E+04  0.46666428364173E+03 -0.33489114154768E+04 -0.18069399020245E+04  0.64297299697279E+04 -0.75440827600695E+00 -0.11256061287052E+03  0.23197771874918E+02  0.59291259286390E+02  0.16027275572748E+03  0.46209516532703E+03  0.28982731809006E+03  0.28056826631691E+03 -0.17064244018655E+03 -0.48863300299657E+03  0.15340263999452E+03  0.29914021776127E+03  0.77383416432418E+02 -0.54741605464414E+02 -0.97218578136121E+02  0.41329216645250E+03  0.20613769169526E+03 -0.27093705729215E+03 -0.32828896894538E+02  0.23444505705723E+03  0.26244642670395E+03
   0.90842215919245E+04  0.16149126572898E+03 -0.18516408740174E+03  0.24527689423745E+05 -0.20360997676973E+04  0.77042440995115E+04  0.38625382333273E+04  0.76637529655099E+05  0.15743001465804E+05 -0.32211291648590E+04  0.99331914828327E+03  0.14337301523953E+04  0.84109385922971E+02  0.89493252801698E+01  0.32343520095142E+05 -0.33489114154768E+04  0.24450392771139E+05  0.13044682539027E+05 -0.45273006152209E+05  0.37129097263059E+00  0.73861214805019E+03 -0.22556935285394E+03 -0.63740860387340E+03 -0.14767743876468E+04 -0.22873063224330E+04 -0.14845854354187E+04 -0.23029340090384E+04  0.19597820563451E+04  0.40705212029396E+04 -0.11843766402735E+04 -0.23225272374303E+04 -0.55582309342027E+03  0.60259353477747E+02  0.11897932943613E+03 -0.23424261354058E+04 -0.12678145155747E+04  0.97505574646172E+03  0.19174153479395E+03 -0.14230762714356E+04 -0.15813747089477E+04
   0.66275473616293E+04  0.82572035900469E+02 -0.33470655124830E+02  0.13694860252003E+05 -0.11510813641641E+04  0.43664047694133E+04  0.22143676498479E+04  0.41383463015883E+05  0.75129264200293E+04 -0.18130306864259E+04  0.53876324468535E+03  0.82361402967657E+03  0.52617313917064E+02  0.42171272466131E+01  0.16764687860063E+05 -0.18069399020245E+04  0.13044682539027E+05  0.70568014940308E+04 -0.25136956365604E+05  0.13791572831843E+01  0.44910399350449E+03 -0.12236969952289E+03 -0.32447523510022E+03 -0.78466126600530E+03 -0.16099299173808E+04 -0.10135569796424E+04 -0.11584991670537E+04  0.92713191225668E+03  0.22367646024291E+04 -0.59823469248126E+03 -0.11747029596079E+04 -0.30505454823577E+03  0.84868972518071E+02  0.15829102947524E+03 -0.15019226713695E+04 -0.78109470315161E+03  0.11895084060202E+04  0.13652044824361E+03 -0.10021857889104E+04 -0.11139393595158E+04
  -0.76517481531124E+07  0.26168465715525E+07 -0.36733590062907E+06 -0.22713335766678E+07  0.50307534026247E+06 -0.72287519869334E+05 -0.26165076749584E+06 -0.59280620351508E+06 -0.26583093235309E+05  0.59167704422585E+05 -0.67612546208761E+04 -0.67829446169600E+04 -0.32363048131840E+03 -0.84546447240101E+02 -0.55722082678293E+05  0.64297299697279E+04 -0.45273006152209E+05 -0.25136956365604E+05  0.34392691245723E+08  0.65084824135170E+04  0.70514795553872E+06 -0.17410366953545E+06 -0.50950164285751E+06 -0.25537378652084E+07  0.34745749757034E+05  0.77125202537762E+05 -0.12269652787798E+04  0.57616459792731E+06  0.28088607134220E+07  0.17911303490524E+05  0.32119768689580E+05  0.22986185351697E+03  0.18730269602080E+06  0.81754809251653E+06  0.25286629379448E+05  0.79685028187393E+04 -0.19223995810602E+05  0.45081651431490E+05  0.20976418331965E+05  0.64590223281995E+05
  -0.13545400197115E+04  0.55158969991362E+03 -0.66998305061566E+02 -0.19631293736870E+03  0.64670814610393E+02  0.54986181903902E+02  0.63659245267479E+00  0.38174362768931E+03 -0.92708236419217E+02 -0.94170739528598E+01  0.28503341258014E+01 -0.50377097186383E+01 -0.43248321801245E+00  0.27167382370778E-01  0.16724068126932E+01 -0.75440827600695E+00  0.37129097263059E+00  0.13791572831843E+01  0.65084824135170E+04  0.23227026134338E+01  0.13878164831504E+03 -0.27328654566526E+02 -0.81053129599729E+02 -0.48525122233051E+03  0.00000000000000E+00 -0.26955414239669E+02  0.00000000000000E+00  0.00000000000000E+00  0.38768245827870E+03  0.00000000000000E+00 -0.70313284064694E+01  0.00000000000000E+00  0.00000000000000E+00  0.21294157299235E+03  0.00000000000000E+00  0.00000000000000E+00  0.00000000000000E+00  0.12792434440535E+02  0.00000000000000E+00 -0.28056002074462E+02
  -0.21672846937279E+06  0.61742257920842E+05 -0.10139013255733E+05 -0.63062698671221E+05  0.13171942692573E+05 -0.48081703780825E+04 -0.87996160657427E+04 -0.28872939918381E+05  0.76727926809351E+03  0.25566434790322E+04 -0.29715609502974E+03 -0.11736392815330E+03  0.66061009425675E+01 -0.46232503403273E+01  0.77091061037842E+03 -0.11256061287052E+03  0.73861214805019E+03  0.44910399350449E+03  0.70514795553872E+06  0.13878164831504E+03  0.27527757762136E+05 -0.80224762074141E+04 -0.21844173357374E+05 -0.10292404904797E+06  0.00000000000000E+00  0.51644121763998E+04  0.00000000000000E+00  0.00000000000000E+00  0.11803200472321E+06  0.00000000000000E+00 -0.11738260762449E+04  0.00000000000000E+00  0.00000000000000E+00  0.23564961421123E+05  0.00000000000000E+00  0.00000000000000E+00  0.00000000000000E+00 -0.43007891942433E+04  0.00000000000000E+00  0.42456768822593E+04
   0.58551414065922E+05 -0.13127581495954E+05  0.26367680005791E+04  0.20529607494638E+05 -0.38921511756844E+04  0.25451299806186E+04  0.32088421613350E+04  0.27902706349699E+05 -0.55850262478776E+04 -0.12977838811598E+04  0.22050018393613E+03 -0.12482720227316E+02  0.57314409949960E+00  0.57201759925446E+00 -0.21256703445843E+03  0.23197771874918E+02 -0.22556935285394E+03 -0.12236969952289E+03 -0.17410366953545E+06 -0.27328654566526E+02 -0.80224762074141E+04  0.28401524757863E+04  0.75606496857811E+04  0.33005212239306E+05 -0.50347014881720E+02 -0.21083872552814E+04  0.33696827147893E+01  0.43413640761116E+03 -0.42191919169134E+05  0.00000000000000E+00 -0.15499448041921E+03  0.00000000000000E+00  0.21415769190815E+04 -0.50813215893643E+04  0.00000000000000E+00  0.00000000000000E+00  0.00000000000000E+00  0.15105747158139E+04 -0.35997625332732E+03 -0.27677143994157E+04
   0.18048790805308E+06 -0.43406932427797E+05  0.81262729808720E+04  0.56631038673261E+05 -0.10687933773017E+05  0.70452882706126E+04  0.87352688063913E+04  0.87522017382294E+05 -0.18591436361633E+05 -0.37875974818714E+04  0.67734582769078E+03  0.12962303487504E+03  0.17758779103165E+02  0.14426044758349E+01 -0.62193060839872E+03  0.59291259286390E+02 -0.63740860387340E+03 -0.32447523510022E+03 -0.50950164285751E+06 -0.81053129599729E+02 -0.21844173357374E+05  0.75606496857811E+04  0.20690871176569E+05  0.88930764649909E+05 -0.16366297428699E+03 -0.52589529545017E+04 -0.35623498718130E+02 -0.66824741077506E+04 -0.11577559027885E+06  0.00000000000000E+00 -0.38381899982944E+03  0.00000000000000E+00  0.31057887631886E+04 -0.15451895196454E+05  0.00000000000000E+00  0.00000000000000E+00  0.00000000000000E+00  0.37629766456651E+04 -0.20411792358639E+04 -0.80436775064025E+04
   0.74857413496533E+06 -0.20553482772260E+06  0.34652915479628E+05  0.24092406070398E+06 -0.48297515627307E+05  0.22422510857560E+05  0.34360684630851E+05  0.24643665380852E+06 -0.47012640310724E+05 -0.12285449851845E+05  0.19751618678590E+04 -0.88728259973810E+03 -0.91399093616604E+02  0.75794241590278E+01 -0.14851267080724E+04  0.16027275572748E+03 -0.14767743876468E+04 -0.78466126600530E+03 -0.25537378652084E+07 -0.48525122233051E+03 -0.10292404904797E+06  0.33005212239306E+05  0.88930764649909E+05  0.41620990885467E+06  0.25037956303912E+03 -0.27118163922465E+05 -0.57671243843167E+01  0.38228843798081E+05 -0.48695353692456E+06  0.00000000000000E+00 -0.20310293414144E+04  0.00000000000000E+00  0.16417549186512E+05 -0.80757252390793E+05  0.00000000000000E+00  0.00000000000000E+00  0.00000000000000E+00  0.20047692145109E+05  0.15546667823767E+04 -0.29725046792434E+05
  -0.12763370615292E+06  0.16609342489113E+05 -0.54062790997215E+04 -0.12774745826285E+05  0.20031436065028E+04 -0.28822970823369E+04 -0.25457985977746E+04 -0.60745753475546E+05  0.11495300374382E+05  0.27490219733207E+04 -0.49165049536473E+03 -0.11689696499353E+04 -0.17344407672988E+03  0.71263618179747E-01 -0.25421157418239E+04  0.46209516532703E+03 -0.22873063224330E+04 -0.16099299173808E+04  0.34745749757034E+05  0.00000000000000E+00  0.00000000000000E+00 -0.50347014881720E+02 -0.16366297428699E+03  0.25037956303912E+03  0.11630282426991E+06  0.00000000000000E+00  0.00000000000000E+00  0.00000000000000E+00  0.00000000000000E+00  0.00000000000000E+00  0.00000000000000E+00  0.00000000000000E+00  0.00000000000000E+00  0.00000000000000E+00  0.00000000000000E+00  0.00000000000000E+00  0.00000000000000E+00  0.00000000000000E+00  0.00000000000000E+00  0.00000000000000E+00
  -0.54149399969482E+05  0.82107437866413E+04 -0.23053571943442E+04 -0.21143199145703E+05  0.33751785549630E+04 -0.44210689922381E+04 -0.39903543760833E+04 -0.48786427761225E+05  0.10861764709411E+05  0.19035988846237E+04 -0.37070678464365E+03 -0.81761981106125E-12  0.22463854595693E-11  0.33015276897121E-12 -0.16732734842535E+04  0.28982731809006E+03 -0.14845854354187E+04 -0.10135569796424E+04  0.77125202537762E+05 -0.26955414239669E+02  0.51644121763998E+04 -0.21083872552814E+04 -0.52589529545017E+04 -0.27118163922465E+05  0.00000000000000E+00  0.64581574958633E+05  0.00000000000000E+00  0.00000000000000E+00  0.00000000000000E+00  0.00000000000000E+00  0.00000000000000E+00  0.00000000000000E+00  0.00000000000000E+00  0.00000000000000E+00  0.00000000000000E+00  0.00000000000000E+00  0.00000000000000E+00  0.00000000000000E+00  0.00000000000000E+00  0.00000000000000E+00
  -0.44905006958703E+04 -0.23471207284160E+03  0.46263305229118E+02 -0.58040033266101E+02 -0.57234852237500E+02  0.16166364017890E+03  0.14076540171869E+03 -0.66848881815585E+05  0.24135679551972E+05  0.72818412004955E+03 -0.34304426809750E+03 -0.74754026196865E+03 -0.29041556491603E+02 -0.62968092335908E+01 -0.24597873467857E+04  0.28056826631691E+03 -0.23029340090384E+04 -0.11584991670537E+04 -0.12269652787798E+04  0.00000000000000E+00  0.00000000000000E+00  0.33696827147893E+01 -0.35623498718130E+02 -0.57671243843167E+01  0.00000000000000E+00  0.00000000000000E+00  0.30689990595062E+05  0.00000000000000E+00  0.00000000000000E+00  0.00000000000000E+00  0.00000000000000E+00  0.00000000000000E+00  0.00000000000000E+00  0.00000000000000E+00  0.00000000000000E+00  0.00000000000000E+00  0.00000000000000E+00  0.00000000000000E+00  0.00000000000000E+00  0.00000000000000E+00
  -0.84114247397917E+06  0.20925852636121E+06 -0.37808300250821E+05 -0.65650410111000E+05  0.11977511865925E+05 -0.90802836372432E+04 -0.10270010559262E+05 -0.28221900413385E+06  0.65801055184439E+05  0.11008212384336E+05 -0.21031306898484E+04 -0.51968719389438E+04 -0.61459095468725E+03 -0.84970223643464E+00  0.20178702398796E+04 -0.17064244018655E+03  0.19597820563451E+04  0.92713191225668E+03  0.57616459792731E+06  0.00000000000000E+00  0.00000000000000E+00  0.43413640761116E+03 -0.66824741077506E+04  0.38228843798081E+05  0.00000000000000E+00  0.00000000000000E+00  0.00000000000000E+00  0.57786164874845E+06  0.00000000000000E+00  0.00000000000000E+00  0.00000000000000E+00  0.00000000000000E+00  0.00000000000000E+00  0.00000000000000E+00  0.00000000000000E+00  0.00000000000000E+00  0.00000000000000E+00  0.00000000000000E+00  0.00000000000000E+00  0.00000000000000E+00
  -0.10886799331860E+07  0.26330890969912E+06 -0.49106154968146E+05 -0.34034294075617E+06  0.63162923561388E+05 -0.44942017505492E+05 -0.53599606930089E+05 -0.55969276118805E+06  0.12627706796416E+06  0.23025347360412E+05 -0.42249774001232E+04 -0.85384063505279E-09 -0.52334975813964E-10 -0.23183344018297E-11  0.42655332992391E+04 -0.48863300299657E+03  0.40705212029396E+04  0.22367646024291E+04  0.28088607134220E+07  0.38768245827870E+03  0.11803200472321E+06 -0.42191919169134E+05 -0.11577559027885E+06 -0.48695353692456E+06  0.00000000000000E+00  0.00000000000000E+00  0.00000000000000E+00  0.00000000000000E+00  0.91786498346117E+06  0.00000000000000E+00  0.00000000000000E+00  0.00000000000000E+00  0.00000000000000E+00  0.00000000000000E+00  0.00000000000000E+00  0.00000000000000E+00  0.00000000000000E+00  0.00000000000000E+00  0.00000000000000E+00  0.00000000000000E+00
  -0.20606669456380E+05  0.57915342441484E+04 -0.96966714432853E+03 -0.14011809031014E+04  0.33739809307877E+03 -0.35338931781964E+01 -0.17268570265425E+03 -0.72420908600078E+05  0.23104321859989E+05  0.15290779229299E+04 -0.44572990099781E+03 -0.24663179083722E+04 -0.15431134832422E+03 -0.35406739934157E+01 -0.15085819847956E+04  0.15340263999452E+03 -0.11843766402735E+04 -0.59823469248126E+03  0.17911303490524E+05  0.00000000000000E+00  0.00000000000000E+00  0.00000000000000E+00  0.00000000000000E+00  0.00000000000000E+00  0.00000000000000E+00  0.00000000000000E+00  0.00000000000000E+00  0.00000000000000E+00  0.00000000000000E+00  0.14693902455215E+05  0.00000000000000E+00  0.00000000000000E+00  0.00000000000000E+00  0.00000000000000E+00  0.00000000000000E+00  0.00000000000000E+00  0.00000000000000E+00  0.00000000000000E+00  0.00000000000000E+00  0.00000000000000E+00
  -0.46496036127944E+05  0.13218400555481E+05 -0.21974001994885E+04 -0.24866664948150E+04  0.57903573869651E+03 -0.36607940647219E+02 -0.29674680478458E+03 -0.16215808498884E+06  0.51830960343775E+05  0.33545159823213E+04 -0.99828658568543E+03 -0.75713348870052E+02 -0.20054500896806E+02 -0.20524145049345E-04 -0.29489966504358E+04  0.29914021776127E+03 -0.23225272374303E+04 -0.11747029596079E+04  0.32119768689580E+05 -0.70313284064694E+01 -0.11738260762449E+04 -0.15499448041921E+03 -0.38381899982944E+03 -0.20310293414144E+04  0.00000000000000E+00  0.00000000000000E+00  0.00000000000000E+00  0.00000000000000E+00  0.00000000000000E+00  0.00000000000000E+00  0.31784151565593E+05  0.00000000000000E+00  0.00000000000000E+00  0.00000000000000E+00  0.00000000000000E+00  0.00000000000000E+00  0.00000000000000E+00  0.00000000000000E+00  0.00000000000000E+00  0.00000000000000E+00
  -0.30926987155637E+04  0.42059715111104E+03 -0.11578949156263E+03 -0.73048071955200E+02  0.94263498075878E+01 -0.19851841263282E+02 -0.13876188527287E+02 -0.13325055049442E+04  0.17986159951736E+03  0.43217657589009E+02 -0.11258840094088E+02 -0.82001172077568E+02 -0.66286238744155E+01 -0.14599823827202E+00 -0.71294584627617E+03  0.77383416432418E+02 -0.55582309342027E+03 -0.30505454823577E+03  0.22986185351697E+03  0.00000000000000E+00  0.00000000000000E+00  0.00000000000000E+00  0.00000000000000E+00  0.00000000000000E+00  0.00000000000000E+00  0.00000000000000E+00  0.00000000000000E+00  0.00000000000000E+00  0.00000000000000E+00  0.00000000000000E+00  0.00000000000000E+00  0.37875029961798E+04  0.00000000000000E+00  0.00000000000000E+00  0.00000000000000E+00  0.00000000000000E+00  0.00000000000000E+00  0.00000000000000E+00  0.00000000000000E+00  0.00000000000000E+00
  -0.19908132918019E+06  0.63481048156845E+05 -0.95799537551461E+04 -0.11720926236150E+05  0.29876116316153E+04  0.34242074629294E+03 -0.10873963100883E+04 -0.57518360560722E+04  0.60716193510886E+03  0.58641644578070E+03 -0.50627083061403E+02 -0.23568460759287E+00 -0.16998163929243E+00  0.33990848880494E-12  0.20475197781091E+03 -0.54741605464414E+02  0.60259353477747E+02  0.84868972518071E+02  0.18730269602080E+06  0.00000000000000E+00  0.00000000000000E+00  0.21415769190815E+04  0.31057887631886E+04  0.16417549186512E+05  0.00000000000000E+00  0.00000000000000E+00  0.00000000000000E+00  0.00000000000000E+00  0.00000000000000E+00  0.00000000000000E+00  0.00000000000000E+00  0.00000000000000E+00  0.10566726206413E+06  0.00000000000000E+00  0.00000000000000E+00  0.00000000000000E+00  0.00000000000000E+00  0.00000000000000E+00  0.00000000000000E+00  0.00000000000000E+00
  -0.22456168499500E+06  0.71014446371205E+05 -0.10774630919686E+05 -0.52573150676915E+05  0.13183054335264E+05  0.11468834121216E+04 -0.50436264919953E+04 -0.11287313666200E+05  0.12304810804766E+04  0.11109858318416E+04 -0.99107070763157E+02 -0.17644396538198E-10  0.75925582008476E-11  0.18143227891326E-12  0.36888869399518E+03 -0.97218578136121E+02  0.11897932943613E+03  0.15829102947524E+03  0.81754809251653E+06  0.21294157299235E+03  0.23564961421123E+05 -0.50813215893643E+04 -0.15451895196454E+05 -0.80757252390793E+05  0.00000000000000E+00  0.00000000000000E+00  0.00000000000000E+00  0.00000000000000E+00  0.00000000000000E+00  0.00000000000000E+00  0.00000000000000E+00  0.00000000000000E+00  0.00000000000000E+00  0.13873645295526E+06  0.00000000000000E+00  0.00000000000000E+00  0.00000000000000E+00  0.00000000000000E+00  0.00000000000000E+00  0.00000000000000E+00
  -0.91592388635215E+04  0.24702236104428E+04 -0.42266478815919E+03 -0.25188314051672E+04  0.48502970628276E+03 -0.28275386154895E+03 -0.38335778961646E+03  0.11508924748878E+02 -0.11838605419593E+04  0.13730528771622E+03 -0.15900886081025E+02 -0.18266399775377E+01 -0.19350952097389E+00 -0.17901616727940E-02 -0.27764277123400E+04  0.41329216645250E+03 -0.23424261354058E+04 -0.15019226713695E+04  0.25286629379448E+05  0.00000000000000E+00  0.00000000000000E+00  0.00000000000000E+00  0.00000000000000E+00  0.00000000000000E+00  0.00000000000000E+00  0.00000000000000E+00  0.00000000000000E+00  0.00000000000000E+00  0.00000000000000E+00  0.00000000000000E+00  0.00000000000000E+00  0.00000000000000E+00  0.00000000000000E+00  0.00000000000000E+00  0.83417696559163E+04  0.00000000000000E+00  0.00000000000000E+00  0.00000000000000E+00  0.00000000000000E+00  0.00000000000000E+00
  -0.32383332468617E+04  0.78324772726192E+03 -0.14705982328537E+03 -0.98090292547366E+03  0.17948074862528E+03 -0.14165394975689E+03 -0.16106553498402E+03  0.15187214690091E+03 -0.66698970299804E+03  0.60975346663541E+02 -0.74273274005896E+01 -0.78317184197310E+00 -0.75039228510228E-01 -0.98181728659247E-03 -0.14856522776293E+04  0.20613769169526E+03 -0.12678145155747E+04 -0.78109470315161E+03  0.79685028187393E+04  0.00000000000000E+00  0.00000000000000E+00  0.00000000000000E+00  0.00000000000000E+00  0.00000000000000E+00  0.00000000000000E+00  0.00000000000000E+00  0.00000000000000E+00  0.00000000000000E+00  0.00000000000000E+00  0.00000000000000E+00  0.00000000000000E+00  0.00000000000000E+00  0.00000000000000E+00  0.00000000000000E+00  0.00000000000000E+00  0.42687059147051E+04  0.00000000000000E+00  0.00000000000000E+00  0.00000000000000E+00  0.00000000000000E+00
  -0.15309891435395E+05 -0.23520175021711E+04  0.35354090531385E+02 -0.94395759977397E+04  0.33024562877632E+03 -0.30780727660016E+04 -0.12916019163735E+04 -0.26182497216449E+06  0.11156076774729E+06  0.30871279946124E+04 -0.11639717992711E+04  0.29697170628746E+03  0.29723422454985E+02 -0.16295769281598E+01 -0.25069822255589E+04 -0.27093705729215E+03  0.97505574646172E+03  0.11895084060202E+04 -0.19223995810602E+05  0.00000000000000E+00  0.00000000000000E+00  0.00000000000000E+00  0.00000000000000E+00  0.00000000000000E+00  0.00000000000000E+00  0.00000000000000E+00  0.00000000000000E+00  0.00000000000000E+00  0.00000000000000E+00  0.00000000000000E+00  0.00000000000000E+00  0.00000000000000E+00  0.00000000000000E+00  0.00000000000000E+00  0.00000000000000E+00  0.00000000000000E+00  0.12407895999753E+06  0.00000000000000E+00  0.00000000000000E+00  0.00000000000000E+00
   0.16668927902329E+05 -0.22400814533130E+04  0.70771142891351E+03 -0.15656175509345E+05  0.24935076784703E+04 -0.34512943630205E+04 -0.32168555856195E+04 -0.86517979129594E+04  0.15921202013969E+04  0.44340990460476E+03 -0.70076660734895E+02  0.32512686834429E+03  0.73086713500382E+02  0.61562643648316E-04  0.18268140553792E+03 -0.32828896894538E+02  0.19174153479395E+03  0.13652044824361E+03  0.45081651431490E+05  0.12792434440535E+02 -0.43007891942433E+04  0.15105747158139E+04  0.37629766456651E+04  0.20047692145109E+05  0.00000000000000E+00  0.00000000000000E+00  0.00000000000000E+00  0.00000000000000E+00  0.00000000000000E+00  0.00000000000000E+00  0.00000000000000E+00  0.00000000000000E+00  0.00000000000000E+00  0.00000000000000E+00  0.00000000000000E+00  0.00000000000000E+00  0.00000000000000E+00  0.39266325017748E+05  0.00000000000000E+00  0.00000000000000E+00
  -0.71018649662665E+05  0.85497567926079E+04 -0.25070391510367E+04 -0.71788499519720E+04  0.81910507799582E+03 -0.18845989397222E+04 -0.11672088758496E+04 -0.13706336802899E+06  0.44268254553274E+05  0.27930483523128E+04 -0.84131228236894E+03 -0.28206871223678E+04 -0.20304241961543E+03 -0.33434097243381E+01 -0.82561922639931E+03  0.23444505705723E+03 -0.14230762714356E+04 -0.10021857889104E+04  0.20976418331965E+05  0.00000000000000E+00  0.00000000000000E+00 -0.35997625332732E+03 -0.20411792358639E+04  0.15546667823767E+04  0.00000000000000E+00  0.00000000000000E+00  0.00000000000000E+00  0.00000000000000E+00  0.00000000000000E+00  0.00000000000000E+00  0.00000000000000E+00  0.00000000000000E+00  0.00000000000000E+00  0.00000000000000E+00  0.00000000000000E+00  0.00000000000000E+00  0.00000000000000E+00  0.00000000000000E+00  0.94950301304763E+05  0.00000000000000E+00
  -0.56049604567957E+05  0.71728547069920E+04 -0.20320672271753E+04 -0.21256561597511E+05  0.25174683772470E+04 -0.54366139043059E+04 -0.34792032878293E+04 -0.17022015237921E+06  0.54430114705676E+05  0.35548659497391E+04 -0.10531960038392E+04  0.31847843378407E-10  0.12897788775250E-10  0.79538573001444E-12 -0.92915074222354E+03  0.26244642670395E+03 -0.15813747089477E+04 -0.11139393595158E+04  0.64590223281995E+05 -0.28056002074462E+02  0.42456768822593E+04 -0.27677143994157E+04 -0.80436775064025E+04 -0.29725046792434E+05  0.00000000000000E+00  0.00000000000000E+00  0.00000000000000E+00  0.00000000000000E+00  0.00000000000000E+00  0.00000000000000E+00  0.00000000000000E+00  0.00000000000000E+00  0.00000000000000E+00  0.00000000000000E+00  0.00000000000000E+00  0.00000000000000E+00  0.00000000000000E+00  0.00000000000000E+00  0.00000000000000E+00  0.99606570613144E+05

 # Covariance matrix (Bevington epsilon)
