# fitpack15: fit parameters                                                                         
# CJ15 AV18 final data choices                                                                      
# Created on 01/27/2020 at 12:08:20                                                                 

 # QCD setup
  INS                           0
  NVL                          11
  IORD                          1
  Q02                   1.6899999999999999     
  IPARAMC                       7
  FLAVOR                4.0000000000000000     
  xmc                   1.3000000000000000     
  xmb                   4.5000000000000000     
  ncb                          12
  ihq                           1
  ias                           0

 # Theory corrections
  inuke                     10814
  itmc                          1
  iht                           1

 # fit parameters
 LAMBDA       0.22680        0.0000    
 a0uv          2.3939        0.0000    
 a1uv         0.61418       0.19955E-01
 a2uv          3.5437       0.12384E-01
 a3uv          0.0000        0.0000    
 a4uv          3.4881       0.43327    
 a5uv          0.0000        0.0000    
 a0dv          24.858        0.0000    
 a1dv          1.1611       0.33376E-01
 a2dv          6.5518       0.15865    
 a3dv         -3.5045       0.85563E-01
 a4dv          4.6727       0.14201    
 a5dv          0.0000        0.0000    
 a0ud         0.14693       0.50408E-02
 a1ud        -0.20751       0.37510E-02
 a2ud          8.3098       0.19219    
 a3ud          0.0000        0.0000    
 a4ud          14.497        1.2206    
 a5ud          0.0000        0.0000    
 a0du          35712.        0.0000    
 a1du          4.0300       0.75865E-01
 a2du          20.096       0.87760    
 a3du          17.000        0.0000    
 a4du          51.225        10.628    
 a0g           45.792        0.0000    
 a1g          0.60435       0.31381E-01
 a2g           6.5612       0.97025    
 a3g          -3.3078       0.13613    
 a4g           3.1904       0.32786    
 a5g           0.0000        0.0000    
 kappa        0.40000        0.0000    
 a6dv        -0.35543E-02   0.66259E-03
 a7dv          2.0000        0.0000    
 off1         -3.7269        1.5197    
 off2         0.56923E-01   0.57712E-01
 ht1          -3.3207       0.26157    
 ht2           1.9421       0.10554    
 ht3          -2.0641       0.18329E-01
 ht4           0.0000        0.0000    
 dummy40       0.0000        0.0000    
 dummy41       0.0000        0.0000    
 dummy42       0.0000        0.0000    
 dummy43       0.0000        0.0000    
 dummy44       0.0000        0.0000    
 dummy45       0.0000        0.0000    
 dummy46       0.0000        0.0000    
 dummy47       0.0000        0.0000    
 dummy48       0.0000        0.0000    
 dummy49       0.0000        0.0000    
 bcdmsh2      0.97311       0.48229E-02
 bcdmsd2      0.99315       0.58303E-02
 ccfr          1.0000        0.0000    
 nutev         1.0000        0.0000    
 zeus         0.97998        0.0000    
 h1            1.0162        0.0000    
 e605          1.0319        0.0000    
 NmcH2         1.0094       0.71223E-02
 ntv_nu        1.0000        0.0000    
 ntv_nubar     1.0000        0.0000    
 cdf_jet      0.98910        0.0000    
 d0_jet       0.83504        0.0000    
 slac_p        1.0049       0.48108E-02
 slac_d        1.0041       0.52729E-02
 e866pp       0.96639       0.19274E-01
 e866pd       0.96387       0.15825E-01
 d0_gamjet     1.0390       0.16481E-01
 h1b          0.97608        0.0000    
 jlab_p       0.99414       0.57863E-02
 jlab_d       0.97531       0.59007E-02
 blank         1.0000        0.0000    
 d0run2       0.94057       0.14113E-01
 cdfrun2      0.92642       0.17216E-01
 HERA_el       1.0000        0.0000    
 HERA_ps       1.0000        0.0000    
 CDF_Z        0.96575       0.65194E-02
 NmcRat        1.0000        0.0000    
 BNS_F2nd     0.98334       0.69270E-02
 HERMES_F2p   0.99833       0.55656E-02
 HERMES_F2d   0.98035       0.58200E-02
 END 0. 0.

 # Hessian matrix (Bevington alpha)
   0.48867339042229E+07 -0.12870686298795E+07  0.23301014132464E+06  0.47943083755889E+06 -0.12623773096525E+06 -0.22461535675434E+05  0.55598131391118E+05  0.90108976373726E+06 -0.17364529819330E+06 -0.48422087602680E+05  0.74042597417223E+04  0.15547539519485E+05  0.17613534190997E+04 -0.11112302668401E+03  0.74494872391249E+04 -0.19001190962918E+04  0.10501007414403E+05  0.75373320633668E+04 -0.74706901897672E+07 -0.14234120245617E+04 -0.20701055789015E+06  0.56764859675481E+05  0.17785201658149E+06  0.74055940543457E+06 -0.12693366251057E+06 -0.53855047676904E+05 -0.43780165933845E+04 -0.83750833286279E+06 -0.10843158376374E+07 -0.20556856719939E+05 -0.46335814875511E+05 -0.30784521690242E+04 -0.19837603843978E+06 -0.22390097709949E+06 -0.91029505868666E+04 -0.32252050556338E+04 -0.14945935413273E+05  0.16572571144750E+05 -0.70547636213047E+05 -0.55691473981753E+05
  -0.12870686298795E+07  0.41296004593773E+06 -0.63447976562985E+05 -0.13494963742925E+06  0.35249533935281E+05  0.86248420422550E+04 -0.12376569469978E+05 -0.12131261464237E+06  0.26448269864909E+05  0.74995808591999E+04 -0.94194220021203E+03 -0.12552582203908E+04 -0.14708129399854E+03  0.13401165917984E+02  0.66662090704126E+03 -0.52499903909059E+02  0.17510462321768E+03  0.97046070398929E+02  0.25634089967143E+07  0.57218180788877E+03  0.59110020944693E+05 -0.12541627521675E+05 -0.42761182426055E+05 -0.20416060983937E+06  0.16571537378772E+05  0.81960763081051E+04 -0.24005555206529E+03  0.20913435556111E+06  0.26328763966371E+06  0.57995005679674E+04  0.13220266774997E+05  0.42089217009527E+03  0.63442460233761E+05  0.71027907261860E+05  0.24665540295846E+04  0.78362271829828E+03 -0.23673699757175E+04 -0.22361224023163E+04  0.85343470590987E+04  0.71623145299197E+04
   0.23301014132464E+06 -0.63447976562985E+05  0.11233835296330E+05  0.23106319389190E+05 -0.61765037046966E+04 -0.13094587693477E+04  0.25966672844554E+04  0.31500051511674E+05 -0.59194375648676E+04 -0.19978685400765E+04  0.26290143492503E+03  0.48568152952329E+03  0.63792605160522E+02 -0.50168916005605E+01 -0.39341031548763E+03  0.33339666799290E+00 -0.18443061414930E+03 -0.26253151185752E+02 -0.37216355534954E+06 -0.72945956865651E+02 -0.10031422226381E+05  0.26340655360612E+04  0.82680770271633E+04  0.35499260919874E+05 -0.55367709670222E+04 -0.23634421729611E+04  0.51022407447416E+02 -0.38936755083817E+05 -0.50587595177778E+05 -0.10018736057857E+04 -0.22682207365388E+04 -0.11863114282933E+03 -0.99022849676480E+04 -0.11143557242422E+05 -0.43492538657062E+03 -0.15147488006846E+03  0.52878169672818E+02  0.72413669119636E+03 -0.25598024661910E+04 -0.20768335118830E+04
   0.47943083755889E+06 -0.13494963742925E+06  0.23106319389190E+05  0.39471333834760E+06 -0.62427907585913E+05  0.76119769647422E+05  0.65018642732913E+05  0.34465530766390E+06 -0.25275138359538E+05 -0.18313581627589E+05  0.33762246395347E+04 -0.13712499009923E+04 -0.15611162066640E+03  0.58124264507126E+02  0.30511063801085E+05 -0.36862778517207E+04  0.27030176156500E+05  0.15113890642515E+05 -0.22243986485541E+07 -0.21772789458537E+03 -0.60559823467138E+05  0.20270544518012E+05  0.56167714058378E+05  0.23911843380100E+06 -0.12766247321203E+05 -0.21137016301256E+05 -0.64361342002714E+02 -0.65648132647435E+05 -0.34042424614302E+06 -0.14112528998247E+04 -0.24873953500055E+04 -0.73788133063712E+02 -0.11726936110396E+05 -0.52602685515314E+05 -0.25108157106770E+04 -0.98018680129111E+03 -0.94631394786136E+04 -0.15664151619502E+05 -0.71824521725846E+04 -0.21263733117685E+05
  -0.12623773096525E+06  0.35249533935281E+05 -0.61765037046966E+04 -0.62427907585913E+05  0.11741967355269E+05 -0.79442723789018E+04 -0.95016185538236E+04 -0.32287349439494E+05  0.34975729391694E+03  0.24021761886318E+04 -0.34413962935458E+03 -0.40936711287047E+02  0.45628802618857E+01 -0.52099596439480E+01 -0.25983918511923E+04  0.31907029008536E+03 -0.22484127114220E+04 -0.12744026727250E+04  0.49227774799246E+06  0.69052740670247E+02  0.12632807169656E+05 -0.38169677752330E+04 -0.10558279030018E+05 -0.47883111693537E+05  0.19995759041390E+04  0.33708836948011E+04 -0.56400288127073E+02  0.11967781103613E+05  0.63139580460336E+05  0.33943705507294E+03  0.57866107007571E+03  0.95413004829173E+01  0.29852926537139E+04  0.13178992738890E+05  0.48341174952570E+03  0.17928856880542E+03  0.33192408091433E+03  0.24934106421148E+04  0.81896363432581E+03  0.25167154504221E+04
  -0.22461535675434E+05  0.86248420422550E+04 -0.13094587693477E+04  0.76119769647422E+05 -0.79442723789018E+04  0.24574528246439E+05  0.14934823244747E+05  0.10509451947666E+06 -0.93467250372301E+04 -0.46387317811379E+04  0.10117811337058E+04 -0.71075481776149E+03 -0.69581347754257E+02  0.19785092388395E+02  0.93283856907354E+04 -0.11569213055259E+04  0.84032044049620E+04  0.47641434008867E+04 -0.69233168848146E+05  0.52497068074347E+02 -0.45587506729629E+04  0.25300060660040E+04  0.69481845230902E+04  0.21892957429035E+05 -0.28348304920323E+04 -0.43498029894734E+04  0.15561016364557E+03 -0.89249544221604E+04 -0.44179044263489E+05 -0.37193919345829E+01 -0.36198792536228E+02 -0.19657833398852E+02  0.33506213354348E+03  0.11309914729729E+04 -0.27607030215782E+03 -0.13891096595065E+03 -0.30423368879112E+04 -0.33946520644781E+04 -0.18577465817213E+04 -0.53578314122487E+04
   0.55598131391118E+05 -0.12376569469978E+05  0.25966672844554E+04  0.65018642732913E+05 -0.95016185538236E+04  0.14934823244747E+05  0.11710138079558E+05  0.58346332398443E+05 -0.29683521793519E+04 -0.33112261615458E+04  0.59229980695475E+03 -0.21604583964256E+03 -0.27475079752831E+02  0.10393175111723E+02  0.48164733700889E+04 -0.60586269086201E+03  0.42296292972149E+04  0.24283822235986E+04 -0.25357292455381E+06 -0.25170791960965E+01 -0.83667524009892E+04  0.31514216547708E+04  0.85767578592405E+04  0.33705516983358E+05 -0.25108001463807E+04 -0.39376804480595E+04  0.13717374973715E+03 -0.10143079813221E+05 -0.52958253400867E+05 -0.17233663277725E+03 -0.29403636680728E+03 -0.13808984017964E+02 -0.10807681469398E+04 -0.50080163009587E+04 -0.37727044181098E+03 -0.15887562656188E+03 -0.12773925532726E+04 -0.31748499908882E+04 -0.11530171302879E+04 -0.34363779468388E+04
   0.90108976373726E+06 -0.12131261464237E+06  0.31500051511674E+05  0.34465530766390E+06 -0.32287349439494E+05  0.10509451947666E+06  0.58346332398443E+05  0.49419681965555E+07 -0.23044322424428E+07 -0.84991270830298E+05  0.25894718545051E+05  0.27105609284525E+05  0.18114231145468E+04  0.10248675093880E+03  0.81965549913571E+05 -0.10394956141054E+05  0.83446798454682E+05  0.44986759431879E+05 -0.57433820694931E+06  0.36934227187249E+03 -0.27463075070879E+05  0.28287689305660E+05  0.88586324168725E+05  0.24514415233031E+06 -0.60367192619366E+05 -0.48549590741329E+05 -0.66626579739343E+05 -0.28031748815838E+06 -0.55652990182807E+06 -0.72353695721855E+05 -0.16182851804039E+06 -0.13259282690686E+04 -0.57173955763808E+04 -0.11225407756641E+05  0.62781623693666E+02  0.16548573133259E+03 -0.26120431341871E+06 -0.85822079083489E+04 -0.13643536498529E+06 -0.16970066970323E+06
  -0.17364529819330E+06  0.26448269864909E+05 -0.59194375648676E+04 -0.25275138359538E+05  0.34975729391694E+03 -0.93467250372301E+04 -0.29683521793519E+04 -0.23044322424428E+07  0.19288061756462E+07  0.18970932784280E+05 -0.65350578848149E+04 -0.58434737653099E+04 -0.32044481176475E+03 -0.14085595081357E+02  0.49976564521999E+05 -0.23566825994230E+04  0.17020810413743E+05  0.82530184671900E+04 -0.26875955624220E+05 -0.91797408891364E+02  0.68332677576242E+03 -0.57379480224326E+04 -0.19068769505857E+05 -0.47205143149436E+05  0.11443771156653E+05  0.10837135587026E+05  0.24109471547426E+05  0.65528202468421E+05  0.12592908466330E+06  0.23146012224322E+05  0.51877473221838E+05  0.17910363243149E+03  0.61813468727787E+03  0.12490913856829E+04 -0.11978977303222E+04 -0.67077406534138E+03  0.11157688745671E+06  0.15825987972756E+04  0.44182267981958E+05  0.54411217326688E+05
  -0.48422087602680E+05  0.74995808591999E+04 -0.19978685400765E+04 -0.18313581627589E+05  0.24021761886318E+04 -0.46387317811379E+04 -0.33112261615458E+04 -0.84991270830298E+05  0.18970932784280E+05  0.26455950179645E+04 -0.64343132033976E+03 -0.70005969109343E+03 -0.61478773648027E+02 -0.19528966301498E+01 -0.39726097876366E+04  0.48042374574527E+03 -0.35526655382784E+04 -0.19995917068650E+04  0.57483445545750E+05 -0.85542764829375E+01  0.24436676908115E+04 -0.12999117371224E+04 -0.37876896513589E+04 -0.12165760201511E+05  0.27376866979182E+04  0.18969791790173E+04  0.72739713744712E+03  0.10951464780147E+05  0.22923088426193E+05  0.15294996208513E+04  0.33495934990059E+04  0.43120753748955E+02  0.58022204592158E+03  0.11006489875077E+04  0.13546318597692E+03  0.60460540936345E+02  0.30847161109511E+04  0.44090881067868E+03  0.27847736157331E+04  0.35487966151520E+04
   0.74042597417223E+04 -0.94194220021203E+03  0.26290143492503E+03  0.33762246395347E+04 -0.34413962935458E+03  0.10117811337058E+04  0.59229980695475E+03  0.25894718545051E+05 -0.65350578848149E+04 -0.64343132033976E+03  0.18232528320409E+03  0.20814457465777E+03  0.15089057975719E+02  0.75277917388276E+00  0.12672240042072E+04 -0.13942274438124E+03  0.10849737881022E+04  0.58858493234430E+03 -0.65642862338626E+04  0.27340341737998E+01 -0.28328865452004E+03  0.22275169117384E+03  0.68285390940046E+03  0.19603987617997E+04 -0.48872115556150E+03 -0.36893491284734E+03 -0.34226925959476E+03 -0.20891149866169E+04 -0.42008209101698E+04 -0.44542758511329E+03 -0.99637092581060E+03 -0.11210688476552E+02 -0.50151426797041E+02 -0.98266807882400E+02 -0.15500741626063E+02 -0.73082518730716E+01 -0.11619700296101E+04 -0.69518345611267E+02 -0.83771017667124E+03 -0.10502432836265E+04
   0.15547539519485E+05 -0.12552582203908E+04  0.48568152952329E+03 -0.13712499009923E+04 -0.40936711287047E+02 -0.71075481776149E+03 -0.21604583964256E+03  0.27105609284525E+05 -0.58434737653099E+04 -0.70005969109343E+03  0.20814457465777E+03  0.18175849626508E+04  0.11844682005142E+03 -0.10046879574435E+01  0.14874183509163E+04 -0.20428717950782E+03  0.16175119908192E+04  0.92316041117178E+03 -0.68190787479369E+04 -0.51095287140161E+01 -0.11839602346061E+03 -0.90530870490943E+01  0.14333533590741E+03 -0.91194933310420E+03 -0.11720095490757E+04  0.82868931244543E-11 -0.76614666288525E+03 -0.52204148295112E+04 -0.38284073012502E-09 -0.25162776568554E+04 -0.75057987143623E+02 -0.83036477956396E+02 -0.22554864037176E+00 -0.11948248052334E-09 -0.18380310314322E+01 -0.79108430755737E+00  0.29914118511279E+03  0.32302631142775E+03 -0.28584895310635E+04 -0.40402017384436E-11
   0.17613534190997E+04 -0.14708129399854E+03  0.63792605160522E+02 -0.15611162066640E+03  0.45628802618857E+01 -0.69581347754257E+02 -0.27475079752831E+02  0.18114231145468E+04 -0.32044481176475E+03 -0.61478773648027E+02  0.15089057975719E+02  0.11844682005142E+03  0.10612677404121E+02 -0.18266390217822E+00  0.80526592055934E+02 -0.13392767889111E+02  0.96209019880343E+02  0.59550128409257E+02 -0.32306408504132E+03 -0.43320439067799E+00  0.63542158704166E+01  0.10181585364462E+01  0.18914216695184E+02 -0.92783995465414E+02 -0.17335476975531E+03 -0.11410591035602E-11 -0.29532278778898E+02 -0.61451001298629E+03 -0.82060545668046E-10 -0.15648370516452E+03 -0.19829104010206E+02 -0.66680673892777E+01 -0.16257498005769E+00 -0.29886538104622E-11 -0.19356275206972E+00 -0.75333695799376E-01  0.29848363053389E+02  0.72522502066951E+02 -0.20457404679249E+03  0.30246518339448E-12
  -0.11112302668401E+03  0.13401165917984E+02 -0.50168916005605E+01  0.58124264507126E+02 -0.52099596439480E+01  0.19785092388395E+02  0.10393175111723E+02  0.10248675093880E+03 -0.14085595081357E+02 -0.19528966301498E+01  0.75277917388276E+00 -0.10046879574435E+01 -0.18266390217822E+00  0.56076024651775E-01  0.15258228251082E+02 -0.11795801426593E+01  0.97722177153202E+01  0.46262953192402E+01 -0.84368068464824E+02  0.26020391646302E-01 -0.45568001236271E+01  0.56341109769038E+00  0.14324565504883E+01  0.74571314870604E+01  0.72210628307381E-01  0.31808074106468E-13 -0.64873052103554E+01 -0.90736410384149E+00  0.54822859034479E-12 -0.37254369488838E+01 -0.24515388233168E-04 -0.15131313003585E+00 -0.78764393394320E-13 -0.13996269732377E-12 -0.18517820243184E-02 -0.10175399984720E-02 -0.16423456011097E+01  0.75778433996352E-04 -0.35007916867316E+01  0.47179721752706E-12
   0.74494872391249E+04  0.66662090704126E+03 -0.39341031548763E+03  0.30511063801085E+05 -0.25983918511923E+04  0.93283856907354E+04  0.48164733700889E+04  0.81965549913571E+05  0.49976564521999E+05 -0.39726097876366E+04  0.12672240042072E+04  0.14874183509163E+04  0.80526592055934E+02  0.15258228251082E+02  0.48659627353038E+05 -0.44623712114999E+04  0.35119127098155E+05  0.18264253368208E+05 -0.54941421206472E+05  0.22545591543245E+01  0.74322714817527E+03 -0.20430844682997E+03 -0.59326674948195E+03 -0.14189219423031E+04 -0.25930190632088E+04 -0.17053065993872E+04 -0.24519911958186E+04  0.19693261159705E+04  0.41982897409822E+04 -0.15201694544113E+04 -0.29584746382858E+04 -0.71430524714229E+03  0.23611577608797E+03  0.42238958255425E+03 -0.28139710736498E+04 -0.14997136751109E+04 -0.24660414029152E+04  0.18034810579794E+03 -0.83302381278947E+03 -0.93862445134415E+03
  -0.19001190962918E+04 -0.52499903909059E+02  0.33339666799290E+00 -0.36862778517207E+04  0.31907029008536E+03 -0.11569213055259E+04 -0.60586269086201E+03 -0.10394956141054E+05 -0.23566825994230E+04  0.48042374574527E+03 -0.13942274438124E+03 -0.20428717950782E+03 -0.13392767889111E+02 -0.11795801426593E+01 -0.44623712114999E+04  0.47729426994985E+03 -0.36949750538304E+04 -0.19978312116991E+04  0.64196000988898E+04 -0.87590854174512E+00 -0.10909539898194E+03  0.20679589345286E+02  0.51800290732584E+02  0.14819309572796E+03  0.47769841825397E+03  0.29969876610494E+03  0.28098197480598E+03 -0.15964419778017E+03 -0.47286715145198E+03  0.15635297806801E+03  0.30333381953737E+03  0.78229620258248E+02 -0.63316140136352E+02 -0.11176404467481E+03  0.42641003070070E+03  0.21128257918461E+03 -0.28641018086233E+03 -0.32355056901803E+02  0.23902819291476E+03  0.26786624144415E+03
   0.10501007414403E+05  0.17510462321768E+03 -0.18443061414930E+03  0.27030176156500E+05 -0.22484127114220E+04  0.84032044049620E+04  0.42296292972149E+04  0.83446798454682E+05  0.17020810413743E+05 -0.35526655382784E+04  0.10849737881022E+04  0.16175119908192E+04  0.96209019880343E+02  0.97722177153202E+01  0.35119127098155E+05 -0.36949750538304E+04  0.29048299054776E+05  0.15561121307962E+05 -0.48814880266362E+05  0.11868596072493E+01  0.79885628673138E+03 -0.24698943896610E+03 -0.67368801795876E+03 -0.15682339954252E+04 -0.26664248455329E+04 -0.17158256426220E+04 -0.24675468035393E+04  0.20827771460281E+04  0.44745001676274E+04 -0.12770841241024E+04 -0.24958330282245E+04 -0.60920268710098E+03  0.84873620567280E+02  0.16503958682812E+03 -0.26530880490125E+04 -0.14252023436972E+04  0.13367819404002E+04  0.22535697695203E+03 -0.16576171117401E+04 -0.18418148042954E+04
   0.75373320633668E+04  0.97046070398929E+02 -0.26253151185752E+02  0.15113890642515E+05 -0.12744026727250E+04  0.47641434008867E+04  0.24283822235986E+04  0.44986759431879E+05  0.82530184671900E+04 -0.19995917068650E+04  0.58858493234430E+03  0.92316041117178E+03  0.59550128409257E+02  0.46262953192402E+01  0.18264253368208E+05 -0.19978312116991E+04  0.15561121307962E+05  0.84449979204372E+04 -0.27110806938682E+05  0.20141431938284E+01  0.48198275425860E+03 -0.13013105261220E+03 -0.33188048319190E+03 -0.82070072171927E+03 -0.18513363153743E+04 -0.11599435079870E+04 -0.12388872727312E+04  0.96915731060851E+03  0.24354572912009E+04 -0.64647882958561E+03 -0.12645602667622E+04 -0.33449191132900E+03  0.11084882878209E+03  0.20520387615226E+03 -0.16974972525479E+04 -0.87643933894465E+03  0.14293424870146E+04  0.15606501905566E+03 -0.11387376064683E+04 -0.12661198298349E+04
  -0.74706901897672E+07  0.25634089967143E+07 -0.37216355534954E+06 -0.22243986485541E+07  0.49227774799246E+06 -0.69233168848146E+05 -0.25357292455381E+06 -0.57433820694931E+06 -0.26875955624220E+05  0.57483445545750E+05 -0.65642862338626E+04 -0.68190787479369E+04 -0.32306408504132E+03 -0.84368068464824E+02 -0.54941421206472E+05  0.64196000988898E+04 -0.48814880266362E+05 -0.27110806938682E+05  0.32975523587008E+08  0.66029514939534E+04  0.66110635328985E+06 -0.16538748104269E+06 -0.49228181983904E+06 -0.24808715821406E+07  0.33921704240993E+05  0.75413140426978E+05 -0.11757830398274E+04  0.56394955457749E+06  0.27509326406136E+07  0.17661536704585E+05  0.31472641996181E+05  0.22957832236913E+03  0.18334695709448E+06  0.80079494674752E+06  0.24727979798910E+05  0.78079027614870E+04 -0.18767435394135E+05  0.44137120385379E+05  0.20549818604586E+05  0.63270148697109E+05
  -0.14234120245617E+04  0.57218180788877E+03 -0.72945956865651E+02 -0.21772789458537E+03  0.69052740670247E+02  0.52497068074347E+02 -0.25170791960965E+01  0.36934227187249E+03 -0.91797408891364E+02 -0.85542764829375E+01  0.27340341737998E+01 -0.51095287140161E+01 -0.43320439067799E+00  0.26020391646302E-01  0.22545591543245E+01 -0.87590854174512E+00  0.11868596072493E+01  0.20141431938284E+01  0.66029514939534E+04  0.24151476232105E+01  0.14120399042524E+03 -0.28637747043071E+02 -0.86576470852255E+02 -0.51480354301657E+03  0.00000000000000E+00 -0.25162369471033E+02  0.00000000000000E+00  0.00000000000000E+00  0.42763507787270E+03  0.00000000000000E+00 -0.73730720819545E+01  0.00000000000000E+00  0.00000000000000E+00  0.22067651171658E+03  0.00000000000000E+00  0.00000000000000E+00  0.00000000000000E+00  0.11307744686949E+02  0.00000000000000E+00 -0.26515867092639E+02
  -0.20701055789015E+06  0.59110020944693E+05 -0.10031422226381E+05 -0.60559823467138E+05  0.12632807169656E+05 -0.45587506729629E+04 -0.83667524009892E+04 -0.27463075070879E+05  0.68332677576242E+03  0.24436676908115E+04 -0.28328865452004E+03 -0.11839602346061E+03  0.63542158704166E+01 -0.45568001236271E+01  0.74322714817527E+03 -0.10909539898194E+03  0.79885628673138E+03  0.48198275425860E+03  0.66110635328985E+06  0.14120399042524E+03  0.25328982875921E+05 -0.75687838033851E+04 -0.20733951519008E+05 -0.97866985233021E+05  0.00000000000000E+00  0.49707509272778E+04  0.00000000000000E+00  0.00000000000000E+00  0.11327805434234E+06  0.00000000000000E+00 -0.11312028631140E+04  0.00000000000000E+00  0.00000000000000E+00  0.22569111919969E+05  0.00000000000000E+00  0.00000000000000E+00  0.00000000000000E+00 -0.41366734392395E+04  0.00000000000000E+00  0.40828265609939E+04
   0.56764859675481E+05 -0.12541627521675E+05  0.26340655360612E+04  0.20270544518012E+05 -0.38169677752330E+04  0.25300060660040E+04  0.31514216547708E+04  0.28287689305660E+05 -0.57379480224326E+04 -0.12999117371224E+04  0.22275169117384E+03 -0.90530870490943E+01  0.10181585364462E+01  0.56341109769038E+00 -0.20430844682997E+03  0.20679589345286E+02 -0.24698943896610E+03 -0.13013105261220E+03 -0.16538748104269E+06 -0.28637747043071E+02 -0.75687838033851E+04  0.27989107263875E+04  0.74477081369110E+04  0.32329855206854E+05 -0.52081192639349E+02 -0.21006379680614E+04  0.24895516037238E+01  0.46435269716523E+03 -0.41855824130477E+05  0.00000000000000E+00 -0.16263441386998E+03  0.00000000000000E+00  0.22526950378261E+04 -0.48687750300544E+04  0.00000000000000E+00  0.00000000000000E+00  0.00000000000000E+00  0.14999118263067E+04 -0.39048987504243E+03 -0.27983004140881E+04
   0.17785201658149E+06 -0.42761182426055E+05  0.82680770271633E+04  0.56167714058378E+05 -0.10558279030018E+05  0.69481845230902E+04  0.85767578592405E+04  0.88586324168725E+05 -0.19068769505857E+05 -0.37876896513589E+04  0.68285390940046E+03  0.14333533590741E+03  0.18914216695184E+02  0.14324565504883E+01 -0.59326674948195E+03  0.51800290732584E+02 -0.67368801795876E+03 -0.33188048319190E+03 -0.49228181983904E+06 -0.86576470852255E+02 -0.20733951519008E+05  0.74477081369110E+04  0.20445422402034E+05  0.87505842915877E+05 -0.16372580296214E+03 -0.52384390664223E+04 -0.47299584796325E+02 -0.67835266449791E+04 -0.11511825779611E+06  0.00000000000000E+00 -0.40273807106286E+03  0.00000000000000E+00  0.31452491234564E+04 -0.15218613716739E+05  0.00000000000000E+00  0.00000000000000E+00  0.00000000000000E+00  0.37397232912866E+04 -0.21445561663705E+04 -0.81481599949446E+04
   0.74055940543457E+06 -0.20416060983937E+06  0.35499260919874E+05  0.23911843380100E+06 -0.47883111693537E+05  0.21892957429035E+05  0.33705516983358E+05  0.24514415233031E+06 -0.47205143149436E+05 -0.12165760201511E+05  0.19603987617997E+04 -0.91194933310420E+03 -0.92783995465414E+02  0.74571314870604E+01 -0.14189219423031E+04  0.14819309572796E+03 -0.15682339954252E+04 -0.82070072171927E+03 -0.24808715821406E+07 -0.51480354301657E+03 -0.97866985233021E+05  0.32329855206854E+05  0.87505842915877E+05  0.40971640025945E+06  0.25317939770136E+03 -0.26997366917047E+05 -0.64576459618550E+01  0.37962347087196E+05 -0.48336033252534E+06  0.00000000000000E+00 -0.21311421258375E+04  0.00000000000000E+00  0.16131468326500E+05 -0.80165302122433E+05  0.00000000000000E+00  0.00000000000000E+00  0.00000000000000E+00  0.19923343777733E+05  0.15684477801835E+04 -0.29692801898957E+05
  -0.12693366251057E+06  0.16571537378772E+05 -0.55367709670222E+04 -0.12766247321203E+05  0.19995759041390E+04 -0.28348304920323E+04 -0.25108001463807E+04 -0.60367192619366E+05  0.11443771156653E+05  0.27376866979182E+04 -0.48872115556150E+03 -0.11720095490757E+04 -0.17335476975531E+03  0.72210628307381E-01 -0.25930190632088E+04  0.47769841825397E+03 -0.26664248455329E+04 -0.18513363153743E+04  0.33921704240993E+05  0.00000000000000E+00  0.00000000000000E+00 -0.52081192639349E+02 -0.16372580296214E+03  0.25317939770136E+03  0.11623914647936E+06  0.00000000000000E+00  0.00000000000000E+00  0.00000000000000E+00  0.00000000000000E+00  0.00000000000000E+00  0.00000000000000E+00  0.00000000000000E+00  0.00000000000000E+00  0.00000000000000E+00  0.00000000000000E+00  0.00000000000000E+00  0.00000000000000E+00  0.00000000000000E+00  0.00000000000000E+00  0.00000000000000E+00
  -0.53855047676904E+05  0.81960763081051E+04 -0.23634421729611E+04 -0.21137016301256E+05  0.33708836948011E+04 -0.43498029894734E+04 -0.39376804480595E+04 -0.48549590741329E+05  0.10837135587026E+05  0.18969791790173E+04 -0.36893491284734E+03  0.82868931244543E-11 -0.11410591035602E-11  0.31808074106468E-13 -0.17053065993872E+04  0.29969876610494E+03 -0.17158256426220E+04 -0.11599435079870E+04  0.75413140426978E+05 -0.25162369471033E+02  0.49707509272778E+04 -0.21006379680614E+04 -0.52384390664223E+04 -0.26997366917047E+05  0.00000000000000E+00  0.64568345118017E+05  0.00000000000000E+00  0.00000000000000E+00  0.00000000000000E+00  0.00000000000000E+00  0.00000000000000E+00  0.00000000000000E+00  0.00000000000000E+00  0.00000000000000E+00  0.00000000000000E+00  0.00000000000000E+00  0.00000000000000E+00  0.00000000000000E+00  0.00000000000000E+00  0.00000000000000E+00
  -0.43780165933845E+04 -0.24005555206529E+03  0.51022407447416E+02 -0.64361342002714E+02 -0.56400288127073E+02  0.15561016364557E+03  0.13717374973715E+03 -0.66626579739343E+05  0.24109471547426E+05  0.72739713744712E+03 -0.34226925959476E+03 -0.76614666288525E+03 -0.29532278778898E+02 -0.64873052103554E+01 -0.24519911958186E+04  0.28098197480598E+03 -0.24675468035393E+04 -0.12388872727312E+04 -0.11757830398274E+04  0.00000000000000E+00  0.00000000000000E+00  0.24895516037238E+01 -0.47299584796325E+02 -0.64576459618550E+01  0.00000000000000E+00  0.00000000000000E+00  0.30657045810097E+05  0.00000000000000E+00  0.00000000000000E+00  0.00000000000000E+00  0.00000000000000E+00  0.00000000000000E+00  0.00000000000000E+00  0.00000000000000E+00  0.00000000000000E+00  0.00000000000000E+00  0.00000000000000E+00  0.00000000000000E+00  0.00000000000000E+00  0.00000000000000E+00
  -0.83750833286279E+06  0.20913435556111E+06 -0.38936755083817E+05 -0.65648132647435E+05  0.11967781103613E+05 -0.89249544221604E+04 -0.10143079813221E+05 -0.28031748815838E+06  0.65528202468421E+05  0.10951464780147E+05 -0.20891149866169E+04 -0.52204148295112E+04 -0.61451001298629E+03 -0.90736410384149E+00  0.19693261159705E+04 -0.15964419778017E+03  0.20827771460281E+04  0.96915731060851E+03  0.56394955457749E+06  0.00000000000000E+00  0.00000000000000E+00  0.46435269716523E+03 -0.67835266449791E+04  0.37962347087196E+05  0.00000000000000E+00  0.00000000000000E+00  0.00000000000000E+00  0.57743950979427E+06  0.00000000000000E+00  0.00000000000000E+00  0.00000000000000E+00  0.00000000000000E+00  0.00000000000000E+00  0.00000000000000E+00  0.00000000000000E+00  0.00000000000000E+00  0.00000000000000E+00  0.00000000000000E+00  0.00000000000000E+00  0.00000000000000E+00
  -0.10843158376374E+07  0.26328763966371E+06 -0.50587595177778E+05 -0.34042424614302E+06  0.63139580460336E+05 -0.44179044263489E+05 -0.52958253400867E+05 -0.55652990182807E+06  0.12592908466330E+06  0.22923088426193E+05 -0.42008209101698E+04 -0.38284073012502E-09 -0.82060545668046E-10  0.54822859034479E-12  0.41982897409822E+04 -0.47286715145198E+03  0.44745001676274E+04  0.24354572912009E+04  0.27509326406136E+07  0.42763507787270E+03  0.11327805434234E+06 -0.41855824130477E+05 -0.11511825779611E+06 -0.48336033252534E+06  0.00000000000000E+00  0.00000000000000E+00  0.00000000000000E+00  0.00000000000000E+00  0.91772420925025E+06  0.00000000000000E+00  0.00000000000000E+00  0.00000000000000E+00  0.00000000000000E+00  0.00000000000000E+00  0.00000000000000E+00  0.00000000000000E+00  0.00000000000000E+00  0.00000000000000E+00  0.00000000000000E+00  0.00000000000000E+00
  -0.20556856719939E+05  0.57995005679674E+04 -0.10018736057857E+04 -0.14112528998247E+04  0.33943705507294E+03 -0.37193919345829E+01 -0.17233663277725E+03 -0.72353695721855E+05  0.23146012224322E+05  0.15294996208513E+04 -0.44542758511329E+03 -0.25162776568554E+04 -0.15648370516452E+03 -0.37254369488838E+01 -0.15201694544113E+04  0.15635297806801E+03 -0.12770841241024E+04 -0.64647882958561E+03  0.17661536704585E+05  0.00000000000000E+00  0.00000000000000E+00  0.00000000000000E+00  0.00000000000000E+00  0.00000000000000E+00  0.00000000000000E+00  0.00000000000000E+00  0.00000000000000E+00  0.00000000000000E+00  0.00000000000000E+00  0.14746423265950E+05  0.00000000000000E+00  0.00000000000000E+00  0.00000000000000E+00  0.00000000000000E+00  0.00000000000000E+00  0.00000000000000E+00  0.00000000000000E+00  0.00000000000000E+00  0.00000000000000E+00  0.00000000000000E+00
  -0.46335814875511E+05  0.13220266774997E+05 -0.22682207365388E+04 -0.24873953500055E+04  0.57866107007571E+03 -0.36198792536228E+02 -0.29403636680728E+03 -0.16182851804039E+06  0.51877473221838E+05  0.33495934990059E+04 -0.99637092581060E+03 -0.75057987143623E+02 -0.19829104010206E+02 -0.24515388233168E-04 -0.29584746382858E+04  0.30333381953737E+03 -0.24958330282245E+04 -0.12645602667622E+04  0.31472641996181E+05 -0.73730720819545E+01 -0.11312028631140E+04 -0.16263441386998E+03 -0.40273807106286E+03 -0.21311421258375E+04  0.00000000000000E+00  0.00000000000000E+00  0.00000000000000E+00  0.00000000000000E+00  0.00000000000000E+00  0.00000000000000E+00  0.31778414905550E+05  0.00000000000000E+00  0.00000000000000E+00  0.00000000000000E+00  0.00000000000000E+00  0.00000000000000E+00  0.00000000000000E+00  0.00000000000000E+00  0.00000000000000E+00  0.00000000000000E+00
  -0.30784521690242E+04  0.42089217009527E+03 -0.11863114282933E+03 -0.73788133063712E+02  0.95413004829173E+01 -0.19657833398852E+02 -0.13808984017964E+02 -0.13259282690686E+04  0.17910363243149E+03  0.43120753748955E+02 -0.11210688476552E+02 -0.83036477956396E+02 -0.66680673892777E+01 -0.15131313003585E+00 -0.71430524714229E+03  0.78229620258248E+02 -0.60920268710098E+03 -0.33449191132900E+03  0.22957832236913E+03  0.00000000000000E+00  0.00000000000000E+00  0.00000000000000E+00  0.00000000000000E+00  0.00000000000000E+00  0.00000000000000E+00  0.00000000000000E+00  0.00000000000000E+00  0.00000000000000E+00  0.00000000000000E+00  0.00000000000000E+00  0.00000000000000E+00  0.37860036682903E+04  0.00000000000000E+00  0.00000000000000E+00  0.00000000000000E+00  0.00000000000000E+00  0.00000000000000E+00  0.00000000000000E+00  0.00000000000000E+00  0.00000000000000E+00
  -0.19837603843978E+06  0.63442460233761E+05 -0.99022849676480E+04 -0.11726936110396E+05  0.29852926537139E+04  0.33506213354348E+03 -0.10807681469398E+04 -0.57173955763808E+04  0.61813468727787E+03  0.58022204592158E+03 -0.50151426797041E+02 -0.22554864037176E+00 -0.16257498005769E+00 -0.78764393394320E-13  0.23611577608797E+03 -0.63316140136352E+02  0.84873620567280E+02  0.11084882878209E+03  0.18334695709448E+06  0.00000000000000E+00  0.00000000000000E+00  0.22526950378261E+04  0.31452491234564E+04  0.16131468326500E+05  0.00000000000000E+00  0.00000000000000E+00  0.00000000000000E+00  0.00000000000000E+00  0.00000000000000E+00  0.00000000000000E+00  0.00000000000000E+00  0.00000000000000E+00  0.10556694919059E+06  0.00000000000000E+00  0.00000000000000E+00  0.00000000000000E+00  0.00000000000000E+00  0.00000000000000E+00  0.00000000000000E+00  0.00000000000000E+00
  -0.22390097709949E+06  0.71027907261860E+05 -0.11143557242422E+05 -0.52602685515314E+05  0.13178992738890E+05  0.11309914729729E+04 -0.50080163009587E+04 -0.11225407756641E+05  0.12490913856829E+04  0.11006489875077E+04 -0.98266807882400E+02 -0.11948248052334E-09 -0.29886538104622E-11 -0.13996269732377E-12  0.42238958255425E+03 -0.11176404467481E+03  0.16503958682812E+03  0.20520387615226E+03  0.80079494674752E+06  0.22067651171658E+03  0.22569111919969E+05 -0.48687750300544E+04 -0.15218613716739E+05 -0.80165302122433E+05  0.00000000000000E+00  0.00000000000000E+00  0.00000000000000E+00  0.00000000000000E+00  0.00000000000000E+00  0.00000000000000E+00  0.00000000000000E+00  0.00000000000000E+00  0.00000000000000E+00  0.13873252237941E+06  0.00000000000000E+00  0.00000000000000E+00  0.00000000000000E+00  0.00000000000000E+00  0.00000000000000E+00  0.00000000000000E+00
  -0.91029505868666E+04  0.24665540295846E+04 -0.43492538657062E+03 -0.25108157106770E+04  0.48341174952570E+03 -0.27607030215782E+03 -0.37727044181098E+03  0.62781623693666E+02 -0.11978977303222E+04  0.13546318597692E+03 -0.15500741626063E+02 -0.18380310314322E+01 -0.19356275206972E+00 -0.18517820243184E-02 -0.28139710736498E+04  0.42641003070070E+03 -0.26530880490125E+04 -0.16974972525479E+04  0.24727979798910E+05  0.00000000000000E+00  0.00000000000000E+00  0.00000000000000E+00  0.00000000000000E+00  0.00000000000000E+00  0.00000000000000E+00  0.00000000000000E+00  0.00000000000000E+00  0.00000000000000E+00  0.00000000000000E+00  0.00000000000000E+00  0.00000000000000E+00  0.00000000000000E+00  0.00000000000000E+00  0.00000000000000E+00  0.83132853364143E+04  0.00000000000000E+00  0.00000000000000E+00  0.00000000000000E+00  0.00000000000000E+00  0.00000000000000E+00
  -0.32252050556338E+04  0.78362271829828E+03 -0.15147488006846E+03 -0.98018680129111E+03  0.17928856880542E+03 -0.13891096595065E+03 -0.15887562656188E+03  0.16548573133259E+03 -0.67077406534138E+03  0.60460540936345E+02 -0.73082518730716E+01 -0.79108430755737E+00 -0.75333695799376E-01 -0.10175399984720E-02 -0.14997136751109E+04  0.21128257918461E+03 -0.14252023436972E+04 -0.87643933894465E+03  0.78079027614870E+04  0.00000000000000E+00  0.00000000000000E+00  0.00000000000000E+00  0.00000000000000E+00  0.00000000000000E+00  0.00000000000000E+00  0.00000000000000E+00  0.00000000000000E+00  0.00000000000000E+00  0.00000000000000E+00  0.00000000000000E+00  0.00000000000000E+00  0.00000000000000E+00  0.00000000000000E+00  0.00000000000000E+00  0.00000000000000E+00  0.42631322451016E+04  0.00000000000000E+00  0.00000000000000E+00  0.00000000000000E+00  0.00000000000000E+00
  -0.14945935413273E+05 -0.23673699757175E+04  0.52878169672818E+02 -0.94631394786136E+04  0.33192408091433E+03 -0.30423368879112E+04 -0.12773925532726E+04 -0.26120431341871E+06  0.11157688745671E+06  0.30847161109511E+04 -0.11619700296101E+04  0.29914118511279E+03  0.29848363053389E+02 -0.16423456011097E+01 -0.24660414029152E+04 -0.28641018086233E+03  0.13367819404002E+04  0.14293424870146E+04 -0.18767435394135E+05  0.00000000000000E+00  0.00000000000000E+00  0.00000000000000E+00  0.00000000000000E+00  0.00000000000000E+00  0.00000000000000E+00  0.00000000000000E+00  0.00000000000000E+00  0.00000000000000E+00  0.00000000000000E+00  0.00000000000000E+00  0.00000000000000E+00  0.00000000000000E+00  0.00000000000000E+00  0.00000000000000E+00  0.00000000000000E+00  0.00000000000000E+00  0.12384649885145E+06  0.00000000000000E+00  0.00000000000000E+00  0.00000000000000E+00
   0.16572571144750E+05 -0.22361224023163E+04  0.72413669119636E+03 -0.15664151619502E+05  0.24934106421148E+04 -0.33946520644781E+04 -0.31748499908882E+04 -0.85822079083489E+04  0.15825987972756E+04  0.44090881067868E+03 -0.69518345611267E+02  0.32302631142775E+03  0.72522502066951E+02  0.75778433996352E-04  0.18034810579794E+03 -0.32355056901803E+02  0.22535697695203E+03  0.15606501905566E+03  0.44137120385379E+05  0.11307744686949E+02 -0.41366734392395E+04  0.14999118263067E+04  0.37397232912866E+04  0.19923343777733E+05  0.00000000000000E+00  0.00000000000000E+00  0.00000000000000E+00  0.00000000000000E+00  0.00000000000000E+00  0.00000000000000E+00  0.00000000000000E+00  0.00000000000000E+00  0.00000000000000E+00  0.00000000000000E+00  0.00000000000000E+00  0.00000000000000E+00  0.00000000000000E+00  0.39249001693332E+05  0.00000000000000E+00  0.00000000000000E+00
  -0.70547636213047E+05  0.85343470590987E+04 -0.25598024661910E+04 -0.71824521725846E+04  0.81896363432581E+03 -0.18577465817213E+04 -0.11530171302879E+04 -0.13643536498529E+06  0.44182267981958E+05  0.27847736157331E+04 -0.83771017667124E+03 -0.28584895310635E+04 -0.20457404679249E+03 -0.35007916867316E+01 -0.83302381278947E+03  0.23902819291476E+03 -0.16576171117401E+04 -0.11387376064683E+04  0.20549818604586E+05  0.00000000000000E+00  0.00000000000000E+00 -0.39048987504243E+03 -0.21445561663705E+04  0.15684477801835E+04  0.00000000000000E+00  0.00000000000000E+00  0.00000000000000E+00  0.00000000000000E+00  0.00000000000000E+00  0.00000000000000E+00  0.00000000000000E+00  0.00000000000000E+00  0.00000000000000E+00  0.00000000000000E+00  0.00000000000000E+00  0.00000000000000E+00  0.00000000000000E+00  0.00000000000000E+00  0.94904413699598E+05  0.00000000000000E+00
  -0.55691473981753E+05  0.71623145299197E+04 -0.20768335118830E+04 -0.21263733117685E+05  0.25167154504221E+04 -0.53578314122487E+04 -0.34363779468388E+04 -0.16970066970323E+06  0.54411217326688E+05  0.35487966151520E+04 -0.10502432836265E+04 -0.40402017384436E-11  0.30246518339448E-12  0.47179721752706E-12 -0.93862445134415E+03  0.26786624144415E+03 -0.18418148042954E+04 -0.12661198298349E+04  0.63270148697109E+05 -0.26515867092639E+02  0.40828265609939E+04 -0.27983004140881E+04 -0.81481599949446E+04 -0.29692801898957E+05  0.00000000000000E+00  0.00000000000000E+00  0.00000000000000E+00  0.00000000000000E+00  0.00000000000000E+00  0.00000000000000E+00  0.00000000000000E+00  0.00000000000000E+00  0.00000000000000E+00  0.00000000000000E+00  0.00000000000000E+00  0.00000000000000E+00  0.00000000000000E+00  0.00000000000000E+00  0.00000000000000E+00  0.99586284091888E+05

 # Covariance matrix (Bevington epsilon)
