# fitpack15: fit parameters                                                                         
# CJ15 AV18 final data choices                                                                      
# Created on 01/27/2020 at 05:30:23                                                                 

 # QCD setup
  INS                           0
  NVL                          11
  IORD                          1
  Q02                   1.6899999999999999     
  IPARAMC                       7
  FLAVOR                4.0000000000000000     
  xmc                   1.3000000000000000     
  xmb                   4.5000000000000000     
  ncb                          12
  ihq                           1
  ias                           0

 # Theory corrections
  inuke                     10814
  itmc                          1
  iht                           1

 # fit parameters
 LAMBDA       0.22680        0.0000    
 a0uv          2.3942        0.0000    
 a1uv         0.61417       0.19943E-01
 a2uv          3.5435       0.12385E-01
 a3uv          0.0000        0.0000    
 a4uv          3.4859       0.43279    
 a5uv          0.0000        0.0000    
 a0dv          24.807        0.0000    
 a1dv          1.1605       0.33363E-01
 a2dv          6.5496       0.15855    
 a3dv         -3.5050       0.85512E-01
 a4dv          4.6745       0.14196    
 a5dv          0.0000        0.0000    
 a0ud         0.14633       0.50295E-02
 a1ud        -0.20795       0.37567E-02
 a2ud          8.3129       0.19181    
 a3ud          0.0000        0.0000    
 a4ud          14.581        1.2246    
 a5ud          0.0000        0.0000    
 a0du          35712.        0.0000    
 a1du          4.0290       0.75753E-01
 a2du          20.092       0.87610    
 a3du          17.000        0.0000    
 a4du          51.372        10.697    
 a0g           45.889        0.0000    
 a1g          0.60465       0.31360E-01
 a2g           6.5660       0.97001    
 a3g          -3.3085       0.13603    
 a4g           3.1912       0.32753    
 a5g           0.0000        0.0000    
 kappa        0.40000        0.0000    
 a6dv        -0.35482E-02   0.66375E-03
 a7dv          2.0000        0.0000    
 off1         -3.7542        1.5192    
 off2         0.57894E-01   0.56543E-01
 ht1          -3.3182       0.26138    
 ht2           1.9417       0.10553    
 ht3          -2.0641       0.18305E-01
 ht4           0.0000        0.0000    
 dummy40       0.0000        0.0000    
 dummy41       0.0000        0.0000    
 dummy42       0.0000        0.0000    
 dummy43       0.0000        0.0000    
 dummy44       0.0000        0.0000    
 dummy45       0.0000        0.0000    
 dummy46       0.0000        0.0000    
 dummy47       0.0000        0.0000    
 dummy48       0.0000        0.0000    
 dummy49       0.0000        0.0000    
 bcdmsh2      0.97299       0.48228E-02
 bcdmsd2      0.99300       0.58300E-02
 ccfr          1.0000        0.0000    
 nutev         1.0000        0.0000    
 zeus         0.97998        0.0000    
 h1            1.0162        0.0000    
 e605          1.0319        0.0000    
 NmcH2         1.0092       0.71217E-02
 ntv_nu        1.0000        0.0000    
 ntv_nubar     1.0000        0.0000    
 cdf_jet      0.98910        0.0000    
 d0_jet       0.83504        0.0000    
 slac_p        1.0048       0.48109E-02
 slac_d        1.0039       0.52727E-02
 e866pp       0.96601       0.19268E-01
 e866pd       0.96369       0.15824E-01
 d0_gamjet     1.0388       0.16480E-01
 h1b          0.97608        0.0000    
 jlab_p       0.99401       0.57860E-02
 jlab_d       0.97516       0.59004E-02
 blank         1.0000        0.0000    
 d0run2       0.94032       0.14109E-01
 cdfrun2      0.92621       0.17213E-01
 HERA_el       1.0000        0.0000    
 HERA_ps       1.0000        0.0000    
 CDF_Z        0.96556       0.65189E-02
 NmcRat        1.0000        0.0000    
 BNS_F2nd     0.98344       0.69290E-02
 HERMES_F2p   0.99819       0.55654E-02
 HERMES_F2d   0.98021       0.58197E-02
 END 0. 0.

 # Hessian matrix (Bevington alpha)
   0.48878109656268E+07 -0.12871720650615E+07  0.23315948439435E+06  0.47978581457187E+06 -0.12636984679743E+06 -0.22379886639455E+05  0.55650414036904E+05  0.90491826955197E+06 -0.17368475881850E+06 -0.48416931939651E+05  0.73704763611650E+04  0.15581449254769E+05  0.17652474967029E+04 -0.11071930159511E+03  0.74513243965834E+04 -0.18992510877460E+04  0.10510027169827E+05  0.75410662117954E+04 -0.74559272664276E+07 -0.13789319314446E+04 -0.21466595574138E+06  0.57899553782416E+05  0.18068329804880E+06  0.75555755112827E+06 -0.12696584498042E+06 -0.53873927386348E+05 -0.43895768635401E+04 -0.83766587921432E+06 -0.10846370439687E+07 -0.20565681087839E+05 -0.46349826011808E+05 -0.30792009099890E+04 -0.19840879226551E+06 -0.22394758814179E+06 -0.91075203986171E+04 -0.32269603511778E+04 -0.14954134913611E+05  0.16584257688329E+05 -0.70572847884579E+05 -0.55718637921536E+05
  -0.12871720650615E+07  0.41293445950770E+06 -0.63481688711302E+05 -0.13500872173345E+06  0.35285173051327E+05  0.85942936483002E+04 -0.12392929905861E+05 -0.12177597567115E+06  0.26439291534927E+05  0.74957452790405E+04 -0.93723693913127E+03 -0.12581933967705E+04 -0.14742935715010E+03  0.13353473812331E+02  0.66527907830657E+03 -0.52277457105532E+02  0.17375954534708E+03  0.96199845220308E+02  0.25578796105858E+07  0.55948254731130E+03  0.61334179193798E+05 -0.12865741655559E+05 -0.43573208028184E+05 -0.20846151883435E+06  0.16575277193911E+05  0.81976415031222E+04 -0.23944133931253E+03  0.20916079848000E+06  0.26330374775757E+06  0.58018845734247E+04  0.13223265652014E+05  0.42097391509423E+03  0.63449365104222E+05  0.71027395016483E+05  0.24674631862998E+04  0.78393490452008E+03 -0.23678468199648E+04 -0.22371840606693E+04  0.85369312486776E+04  0.71643828039439E+04
   0.23315948439435E+06 -0.63481688711302E+05  0.11245904166777E+05  0.23132193621114E+05 -0.61855670901230E+04 -0.13062054197271E+04  0.26001700203457E+04  0.31637981584747E+05 -0.59196697226567E+04 -0.19982014548470E+04  0.26169386948761E+03  0.48685119696135E+03  0.63954028716759E+02 -0.49987380115551E+01 -0.39380421488691E+03  0.38056073872651E+00 -0.18471558848371E+03 -0.26386348497823E+02 -0.37159059448844E+06 -0.70825659718213E+02 -0.10407517237791E+05  0.26899674466762E+04  0.84084582570498E+04  0.36240331665979E+05 -0.55402263718410E+04 -0.23650223007674E+04  0.50774176617706E+02 -0.38961296834409E+05 -0.50621343634990E+05 -0.10027812956500E+04 -0.22699724273520E+04 -0.11870058944615E+03 -0.99088542523227E+04 -0.11150622703160E+05 -0.43533207315964E+03 -0.15161936494589E+03  0.53023183784304E+02  0.72482569436205E+03 -0.25615841049832E+04 -0.20784589398491E+04
   0.47978581457187E+06 -0.13500872173345E+06  0.23132193621114E+05  0.39510860524362E+06 -0.62499026881723E+05  0.76169618835202E+05  0.65056435711699E+05  0.34664467898257E+06 -0.25498335832033E+05 -0.18324299902501E+05  0.33642473386111E+04 -0.13744602686168E+04 -0.15653485922966E+03  0.57909976498128E+02  0.30539934426565E+05 -0.36879736166009E+04  0.27069930772788E+05  0.15132694326239E+05 -0.22209714281712E+07 -0.20468444088684E+03 -0.62764563569325E+05  0.20602940291014E+05  0.56993915062850E+05  0.24347547933618E+06 -0.12773608423148E+05 -0.21151153811122E+05 -0.66944494358231E+02 -0.65676842580175E+05 -0.34065395449111E+06 -0.14131530361933E+04 -0.24892341610615E+04 -0.73894596559845E+02 -0.11732251022657E+05 -0.52640191806501E+05 -0.25128642823008E+04 -0.98103393552758E+03 -0.94742988234871E+04 -0.15664006273442E+05 -0.71882452331384E+04 -0.21283387747799E+05
  -0.12636984679743E+06  0.35285173051327E+05 -0.61855670901230E+04 -0.62499026881723E+05  0.11758567446335E+05 -0.79501568549736E+04 -0.95081269921216E+04 -0.32465937908817E+05  0.36810038395894E+03  0.24030227344852E+04 -0.34272998178325E+03 -0.41161761446461E+02  0.45729982227051E+01 -0.51899722067130E+01 -0.26012360685781E+04  0.31923889856623E+03 -0.22522198695165E+04 -0.12762153298100E+04  0.49176636646824E+06  0.66413973698043E+02  0.13101837023578E+05 -0.38867646267401E+04 -0.10732943684720E+05 -0.48807155271214E+05  0.20005468833109E+04  0.33727425610776E+04 -0.56233338791754E+02  0.11977319055777E+05  0.63192176981037E+05  0.34001793276366E+03  0.57935657917125E+03  0.95560390325350E+01  0.29885998633468E+04  0.13193865564652E+05  0.48398214468818E+03  0.17948896928901E+03  0.33207588045988E+03  0.24933729122575E+04  0.81967729178312E+03  0.25189345717097E+04
  -0.22379886639455E+05  0.85942936483002E+04 -0.13062054197271E+04  0.76169618835202E+05 -0.79501568549736E+04  0.24570155095594E+05  0.14933267130860E+05  0.10566801291014E+06 -0.94149214095315E+04 -0.46401862257193E+04  0.10079501426391E+04 -0.71227366329166E+03 -0.69742569405445E+02  0.19703911766472E+02  0.93329082152681E+04 -0.11569093915125E+04  0.84117211562597E+04  0.47678065334799E+04 -0.69481018656345E+05  0.53426170849223E+02 -0.47122547118354E+04  0.25546384324330E+04  0.70086578730859E+04  0.22218941367888E+05 -0.28341870312095E+04 -0.43500775156421E+04  0.15483137593369E+03 -0.89258849860266E+04 -0.44209361683458E+05 -0.38735947149860E+01 -0.36439385290379E+02 -0.19671792090839E+02  0.33393784130314E+03  0.11203746988607E+04 -0.27628140939974E+03 -0.13898732571480E+03 -0.30438220386090E+04 -0.33914665404664E+04 -0.18584083673235E+04 -0.53607330811909E+04
   0.55650414036904E+05 -0.12392929905861E+05  0.26001700203457E+04  0.65056435711699E+05 -0.95081269921216E+04  0.14933267130860E+05  0.11709412296422E+05  0.58657360547659E+05 -0.30041563816863E+04 -0.33116119337283E+04  0.58985128477255E+03 -0.21646379750141E+03 -0.27539922873266E+02  0.10349862212629E+02  0.48189859646780E+04 -0.60584777809111E+03  0.42342065322669E+04  0.24303427590285E+04 -0.25326760183495E+06 -0.74068837039482E+00 -0.86627516924535E+04  0.31956558011315E+04  0.86862816195403E+04  0.34290154243937E+05 -0.25105188397915E+04 -0.39377231126273E+04  0.13681399212388E+03 -0.10144168157591E+05 -0.52976301266684E+05 -0.17258037151570E+03 -0.29429032311132E+03 -0.13820058158507E+02 -0.10817304035344E+04 -0.50149201734828E+04 -0.37748256759297E+03 -0.15895310602918E+03 -0.12779165616277E+04 -0.31726965699723E+04 -0.11534405747821E+04 -0.34380056658229E+04
   0.90491826955197E+06 -0.12177597567115E+06  0.31637981584747E+05  0.34664467898257E+06 -0.32465937908817E+05  0.10566801291014E+06  0.58657360547659E+05  0.49829913550861E+07 -0.23138112998947E+07 -0.85371253139825E+05  0.25915477481295E+05  0.27279910079747E+05  0.18227225521810E+04  0.10229573315197E+03  0.82538455726195E+05 -0.10462169497791E+05  0.84053319143721E+05  0.45308548164175E+05 -0.57605639606220E+06  0.37733733800059E+03 -0.28469809469374E+05  0.28588763293725E+05  0.89393136462819E+05  0.24851420184585E+06 -0.60628520986893E+05 -0.48770906004780E+05 -0.66872616103751E+05 -0.28147334047791E+06 -0.55891419315607E+06 -0.72676336016307E+05 -0.16253024848650E+06 -0.13323828223879E+04 -0.57353488925654E+04 -0.11259528488621E+05  0.55752286140848E+02  0.16234616418775E+03 -0.26221660820414E+06 -0.86209672072416E+04 -0.13700046369038E+06 -0.17043711589176E+06
  -0.17368475881850E+06  0.26439291534927E+05 -0.59196697226567E+04 -0.25498335832033E+05  0.36810038395894E+03 -0.94149214095315E+04 -0.30041563816863E+04 -0.23138112998947E+07  0.19286154350309E+07  0.18986399258527E+05 -0.65170026873086E+04 -0.58607171335789E+04 -0.32133624960221E+03 -0.14018020723820E+02  0.49806508242918E+05 -0.23374211162914E+04  0.16883386589999E+05  0.81778636706803E+04 -0.26468318701983E+05 -0.92057047258563E+02  0.69353432311437E+03 -0.57561730390222E+04 -0.19110470582978E+05 -0.47429125324911E+05  0.11448008896560E+05  0.10843899846992E+05  0.24089585134917E+05  0.65527960812164E+05  0.12595420984366E+06  0.23154240272000E+05  0.51887963416933E+05  0.17971392587054E+03  0.61737478485980E+03  0.12474492317669E+04 -0.11948218388959E+04 -0.66911526148291E+03  0.11152944036889E+06  0.15831999557094E+04  0.44181306535472E+05  0.54420555334345E+05
  -0.48416931939651E+05  0.74957452790405E+04 -0.19982014548470E+04 -0.18324299902501E+05  0.24030227344852E+04 -0.46401862257193E+04 -0.33116119337283E+04 -0.85371253139825E+05  0.18986399258527E+05  0.26458671355830E+04 -0.64096066208311E+03 -0.70138888546852E+03 -0.61591626453687E+02 -0.19409193894617E+01 -0.39737921662683E+04  0.48038074528688E+03 -0.35556612875263E+04 -0.20009170625201E+04  0.57342609809041E+05 -0.91045696799668E+01  0.25263582890899E+04 -0.13131143725588E+04 -0.38197990664924E+04 -0.12337351879062E+05  0.27378813756182E+04  0.18973237656614E+04  0.72756591106288E+03  0.10950558919654E+05  0.22923109232237E+05  0.15298871542096E+04  0.33501354382127E+04  0.43124327317612E+02  0.57966471826436E+03  0.10994932433183E+04  0.13558441671500E+03  0.60521905122740E+02  0.30850301077336E+04  0.44105932938563E+03  0.27849333206494E+04  0.35496236744657E+04
   0.73704763611650E+04 -0.93723693913127E+03  0.26169386948761E+03  0.33642473386111E+04 -0.34272998178325E+03  0.10079501426391E+04  0.58985128477255E+03  0.25915477481295E+05 -0.65170026873086E+04 -0.64096066208311E+03  0.18098746770253E+03  0.20775650358406E+03  0.15053267728824E+02  0.74565386250950E+00  0.12631684828797E+04 -0.13889696724660E+03  0.10819216199507E+04  0.58679165930333E+03 -0.65193505707826E+04  0.27875355426336E+01 -0.29108117193026E+03  0.22344377620614E+03  0.68391491518609E+03  0.19732672043357E+04 -0.48657288129615E+03 -0.36746102104940E+03 -0.34133871924848E+03 -0.20800778857745E+04 -0.41830403208159E+04 -0.44395544772728E+03 -0.99298592095503E+03 -0.11168765314206E+02 -0.49851127113626E+02 -0.97669873631979E+02 -0.15444140039988E+02 -0.72825538915111E+01 -0.11583927908139E+04 -0.69225714164957E+02 -0.83470271645766E+03 -0.10466534855375E+04
   0.15581449254769E+05 -0.12581933967705E+04  0.48685119696135E+03 -0.13744602686168E+04 -0.41161761446461E+02 -0.71227366329166E+03 -0.21646379750141E+03  0.27279910079747E+05 -0.58607171335789E+04 -0.70138888546852E+03  0.20775650358406E+03  0.18252743909523E+04  0.11891227808823E+03 -0.10141766131893E+01  0.14907748433355E+04 -0.20465332952359E+03  0.16219603890298E+04  0.92551236890278E+03 -0.68209938873071E+04 -0.50940979005330E+01 -0.12382394145174E+03 -0.87189734823061E+01  0.14436047146682E+03 -0.90954257448309E+03 -0.11744066200948E+04  0.35354750813006E-10 -0.76874352580217E+03 -0.52309799118187E+04  0.34658021527357E-09 -0.25231320829766E+04 -0.75242133851146E+02 -0.83217593879936E+02 -0.22622616133645E+00 -0.38079998197212E-10 -0.18421055245608E+01 -0.79278959023894E+00  0.29949084924394E+03  0.32367513702259E+03 -0.28650146246122E+04 -0.30854469352242E-10
   0.17652474967029E+04 -0.14742935715010E+03  0.63954028716759E+02 -0.15653485922966E+03  0.45729982227051E+01 -0.69742569405445E+02 -0.27539922873266E+02  0.18227225521810E+04 -0.32133624960221E+03 -0.61591626453687E+02  0.15053267728824E+02  0.11891227808823E+03  0.10653360005662E+02 -0.18259631736760E+00  0.80652932688458E+02 -0.13409833438731E+02  0.96422266913648E+02  0.59672261917754E+02 -0.32295942063257E+03 -0.43549792496655E+00  0.65044140210369E+01  0.98738937779491E+00  0.18852855719349E+02 -0.93449298962154E+02 -0.17372976337560E+03 -0.64989017317780E-12 -0.29630158198497E+02 -0.61580182775470E+03  0.15923142447770E-10 -0.15688466376793E+03 -0.19880327271488E+02 -0.66815814850017E+01 -0.16306367072122E+00  0.30466101612950E-11 -0.19398742706463E+00 -0.75491095218925E-01  0.29890544982606E+02  0.72675757660619E+02 -0.20501438071863E+03 -0.58950458723970E-11
  -0.11071930159511E+03  0.13353473812331E+02 -0.49987380115551E+01  0.57909976498128E+02 -0.51899722067130E+01  0.19703911766472E+02  0.10349862212629E+02  0.10229573315197E+03 -0.14018020723820E+02 -0.19409193894617E+01  0.74565386250950E+00 -0.10141766131893E+01 -0.18259631736760E+00  0.55522191447393E-01  0.15177479014034E+02 -0.11723666022757E+01  0.97189613247948E+01  0.45999935989734E+01 -0.83838446443651E+02  0.26926419363340E-01 -0.46853920190428E+01  0.57960068354671E+00  0.14718491706335E+01  0.76701301607836E+01  0.71990714623224E-01  0.34817198169992E-12 -0.64397927778347E+01 -0.89293630278401E+00  0.24917050836731E-11 -0.36872039215474E+01 -0.23606590981779E-04 -0.15004804792057E+00 -0.64901199538147E-13  0.94275812915907E-13 -0.18359355423370E-02 -0.10088771920399E-02 -0.16373176374875E+01  0.72511670259283E-04 -0.34623251812531E+01 -0.75089692127058E-12
   0.74513243965834E+04  0.66527907830657E+03 -0.39380421488691E+03  0.30539934426565E+05 -0.26012360685781E+04  0.93329082152681E+04  0.48189859646780E+04  0.82538455726195E+05  0.49806508242918E+05 -0.39737921662683E+04  0.12631684828797E+04  0.14907748433355E+04  0.80652932688458E+02  0.15177479014034E+02  0.48685573820729E+05 -0.44626718830694E+04  0.35151807676348E+05  0.18277756402656E+05 -0.54888835274203E+05  0.20856915609208E+01  0.76939829368904E+03 -0.20789563650010E+03 -0.60212889608080E+03 -0.14650817432505E+04 -0.25921290700688E+04 -0.17050179193825E+04 -0.24528954773439E+04  0.19710338847922E+04  0.41999449244259E+04 -0.15215404293311E+04 -0.29600952673968E+04 -0.71452165720402E+03  0.23569984828252E+03  0.42162060583238E+03 -0.28141619315140E+04 -0.14999328756796E+04 -0.24709710710902E+04  0.18026478554802E+03 -0.83197624241663E+03 -0.93750559730596E+03
  -0.18992510877460E+04 -0.52277457105532E+02  0.38056073872651E+00 -0.36879736166009E+04  0.31923889856623E+03 -0.11569093915125E+04 -0.60584777809111E+03 -0.10462169497791E+05 -0.23374211162914E+04  0.48038074528688E+03 -0.13889696724660E+03 -0.20465332952359E+03 -0.13409833438731E+02 -0.11723666022757E+01 -0.44626718830694E+04  0.47709757702232E+03 -0.36968387122606E+04 -0.19984261375039E+04  0.64106744995341E+04 -0.85069342268834E+00 -0.11301153346552E+03  0.21213396167328E+02  0.53130182695292E+02  0.15508181903720E+03  0.47737121556618E+03  0.29951654027099E+03  0.28110671288613E+03 -0.15989548592810E+03 -0.47303129049280E+03  0.15643418273617E+03  0.30339382809250E+03  0.78217274081421E+02 -0.63189985032528E+02 -0.11153527077408E+03  0.42622997808916E+03  0.21121552083010E+03 -0.28596753716585E+03 -0.32336771146534E+02  0.23886708384457E+03  0.26769521265180E+03
   0.10510027169827E+05  0.17375954534708E+03 -0.18471558848371E+03  0.27069930772788E+05 -0.22522198695165E+04  0.84117211562597E+04  0.42342065322669E+04  0.84053319143721E+05  0.16883386589999E+05 -0.35556612875263E+04  0.10819216199507E+04  0.16219603890298E+04  0.96422266913648E+02  0.97189613247948E+01  0.35151807676348E+05 -0.36968387122606E+04  0.29088881346226E+05  0.15579959773558E+05 -0.48795481120743E+05  0.10073060088521E+01  0.82702426238654E+03 -0.25084702968282E+03 -0.68318933607302E+03 -0.16172867262237E+04 -0.26671235654775E+04 -0.17166071509989E+04 -0.24706031607217E+04  0.20854577061952E+04  0.44777709098193E+04 -0.12789665978773E+04 -0.24986650859950E+04 -0.60965855935773E+03  0.84702643223702E+02  0.16470192167213E+03 -0.26548203379487E+04 -0.14262089806666E+04  0.13360174884383E+04  0.22533162042422E+03 -0.16581736185117E+04 -0.18425401316872E+04
   0.75410662117954E+04  0.96199845220308E+02 -0.26386348497823E+02  0.15132694326239E+05 -0.12762153298100E+04  0.47678065334799E+04  0.24303427590285E+04  0.45308548164175E+05  0.81778636706803E+04 -0.20009170625201E+04  0.58679165930333E+03  0.92551236890278E+03  0.59672261917754E+02  0.45999935989734E+01  0.18277756402656E+05 -0.19984261375039E+04  0.15579959773558E+05  0.84535729155360E+04 -0.27094933805326E+05  0.19055322069482E+01  0.49915473288531E+03 -0.13247114121209E+03 -0.33766077785627E+03 -0.85058306947318E+03 -0.18514698672423E+04 -0.11601776144417E+04 -0.12403788948388E+04  0.97059920088637E+03  0.24370633348160E+04 -0.64732384804939E+03 -0.12658058890080E+04 -0.33467810179206E+03  0.11064085162918E+03  0.20480967903973E+03 -0.16981740902118E+04 -0.87686004167516E+03  0.14290246539979E+04  0.15604671144308E+03 -0.11390350756349E+04 -0.12665089541766E+04
  -0.74559272664276E+07  0.25578796105858E+07 -0.37159059448844E+06 -0.22209714281712E+07  0.49176636646824E+06 -0.69481018656345E+05 -0.25326760183495E+06 -0.57605639606220E+06 -0.26468318701983E+05  0.57342609809041E+05 -0.65193505707826E+04 -0.68209938873071E+04 -0.32295942063257E+03 -0.83838446443651E+02 -0.54888835274203E+05  0.64106744995341E+04 -0.48795481120743E+05 -0.27094933805326E+05  0.32840979302390E+08  0.64483827018580E+04  0.68465197094342E+06 -0.16866144530670E+06 -0.50030037689022E+06 -0.25235759077883E+07  0.33861101391153E+05  0.75270425691352E+05 -0.11702404242159E+04  0.56286494818408E+06  0.27455557299761E+07  0.17639531329208E+05  0.31417398950553E+05  0.22947694328241E+03  0.18298920706260E+06  0.79918765544649E+06  0.24688188679888E+05  0.77954680883137E+04 -0.18726252752095E+05  0.44038071439008E+05  0.20518048530022E+05  0.63165087581670E+05
  -0.13789319314446E+04  0.55948254731130E+03 -0.70825659718213E+02 -0.20468444088684E+03  0.66413973698043E+02  0.53426170849223E+02 -0.74068837039482E+00  0.37733733800059E+03 -0.92057047258563E+02 -0.91045696799668E+01  0.27875355426336E+01 -0.50940979005330E+01 -0.43549792496655E+00  0.26926419363340E-01  0.20856915609208E+01 -0.85069342268834E+00  0.10073060088521E+01  0.19055322069482E+01  0.64483827018580E+04  0.23569927505400E+01  0.14115469048688E+03 -0.27769333866199E+02 -0.84025231537875E+02 -0.50391484255789E+03  0.00000000000000E+00 -0.26265825741797E+02  0.00000000000000E+00  0.00000000000000E+00  0.40307566514155E+03  0.00000000000000E+00 -0.71336917695471E+01  0.00000000000000E+00  0.00000000000000E+00  0.21586174515189E+03  0.00000000000000E+00  0.00000000000000E+00  0.00000000000000E+00  0.12217135071844E+02  0.00000000000000E+00 -0.27430223211266E+02
  -0.21466595574138E+06  0.61334179193798E+05 -0.10407517237791E+05 -0.62764563569325E+05  0.13101837023578E+05 -0.47122547118354E+04 -0.86627516924535E+04 -0.28469809469374E+05  0.69353432311437E+03  0.25263582890899E+04 -0.29108117193026E+03 -0.12382394145174E+03  0.65044140210369E+01 -0.46853920190428E+01  0.76939829368904E+03 -0.11301153346552E+03  0.82702426238654E+03  0.49915473288531E+03  0.68465197094342E+06  0.14115469048688E+03  0.27208084924287E+05 -0.79796959579581E+04 -0.21827185005840E+05 -0.10325596554898E+06  0.00000000000000E+00  0.51378982908833E+04  0.00000000000000E+00  0.00000000000000E+00  0.11736384929790E+06  0.00000000000000E+00 -0.11714281551157E+04  0.00000000000000E+00  0.00000000000000E+00  0.23415844658553E+05  0.00000000000000E+00  0.00000000000000E+00  0.00000000000000E+00 -0.42780298398444E+04  0.00000000000000E+00  0.42216930262201E+04
   0.57899553782416E+05 -0.12865741655559E+05  0.26899674466762E+04  0.20602940291014E+05 -0.38867646267401E+04  0.25546384324330E+04  0.31956558011315E+04  0.28588763293725E+05 -0.57561730390222E+04 -0.13131143725588E+04  0.22344377620614E+03 -0.87189734823061E+01  0.98738937779491E+00  0.57960068354671E+00 -0.20789563650010E+03  0.21213396167328E+02 -0.25084702968282E+03 -0.13247114121209E+03 -0.16866144530670E+06 -0.27769333866199E+02 -0.79796959579581E+04  0.28802701466889E+04  0.76600325289298E+04  0.33392290140886E+05 -0.52107264683143E+02 -0.21268742799317E+04  0.24681404779436E+01  0.46374073092985E+03 -0.42468659769898E+05  0.00000000000000E+00 -0.15899364990488E+03  0.00000000000000E+00  0.22534272520191E+04 -0.49912561813624E+04  0.00000000000000E+00  0.00000000000000E+00  0.00000000000000E+00  0.15206752303701E+04 -0.39079713236016E+03 -0.28232598486518E+04
   0.18068329804880E+06 -0.43573208028184E+05  0.84084582570498E+04  0.56993915062850E+05 -0.10732943684720E+05  0.70086578730859E+04  0.86862816195403E+04  0.89393136462819E+05 -0.19110470582978E+05 -0.38197990664924E+04  0.68391491518609E+03  0.14436047146682E+03  0.18852855719349E+02  0.14718491706335E+01 -0.60212889608080E+03  0.53130182695292E+02 -0.68318933607302E+03 -0.33766077785627E+03 -0.50030037689022E+06 -0.84025231537875E+02 -0.21827185005840E+05  0.76600325289298E+04  0.20998413418804E+05  0.90286153923558E+05 -0.16369091545504E+03 -0.53033551296317E+04 -0.47425770389480E+02 -0.67835400927708E+04 -0.11663353776176E+06  0.00000000000000E+00 -0.39372230237277E+03  0.00000000000000E+00  0.31438756238367E+04 -0.15526318129552E+05  0.00000000000000E+00  0.00000000000000E+00  0.00000000000000E+00  0.37911951420400E+04 -0.21446047712541E+04 -0.82092801956468E+04
   0.75555755112827E+06 -0.20846151883435E+06  0.36240331665979E+05  0.24347547933618E+06 -0.48807155271214E+05  0.22218941367888E+05  0.34290154243937E+05  0.24851420184585E+06 -0.47429125324911E+05 -0.12337351879062E+05  0.19732672043357E+04 -0.90954257448309E+03 -0.93449298962154E+02  0.76701301607836E+01 -0.14650817432505E+04  0.15508181903720E+03 -0.16172867262237E+04 -0.85058306947318E+03 -0.25235759077883E+07 -0.50391484255789E+03 -0.10325596554898E+06  0.33392290140886E+05  0.90286153923558E+05  0.42362655188858E+06  0.25310046978749E+03 -0.27341000481706E+05 -0.64295786536560E+01  0.37946686614620E+05 -0.49139629560363E+06  0.00000000000000E+00 -0.20834339854038E+04  0.00000000000000E+00  0.16124498112203E+05 -0.81793124234725E+05  0.00000000000000E+00  0.00000000000000E+00  0.00000000000000E+00  0.20195680402737E+05  0.15680582390231E+04 -0.30015811337726E+05
  -0.12696584498042E+06  0.16575277193911E+05 -0.55402263718410E+04 -0.12773608423148E+05  0.20005468833109E+04 -0.28341870312095E+04 -0.25105188397915E+04 -0.60628520986893E+05  0.11448008896560E+05  0.27378813756182E+04 -0.48657288129615E+03 -0.11744066200948E+04 -0.17372976337560E+03  0.71990714623224E-01 -0.25921290700688E+04  0.47737121556618E+03 -0.26671235654775E+04 -0.18514698672423E+04  0.33861101391153E+05  0.00000000000000E+00  0.00000000000000E+00 -0.52107264683143E+02 -0.16369091545504E+03  0.25310046978749E+03  0.11626815073277E+06  0.00000000000000E+00  0.00000000000000E+00  0.00000000000000E+00  0.00000000000000E+00  0.00000000000000E+00  0.00000000000000E+00  0.00000000000000E+00  0.00000000000000E+00  0.00000000000000E+00  0.00000000000000E+00  0.00000000000000E+00  0.00000000000000E+00  0.00000000000000E+00  0.00000000000000E+00  0.00000000000000E+00
  -0.53873927386348E+05  0.81976415031222E+04 -0.23650223007674E+04 -0.21151153811122E+05  0.33727425610776E+04 -0.43500775156421E+04 -0.39377231126273E+04 -0.48770906004780E+05  0.10843899846992E+05  0.18973237656614E+04 -0.36746102104940E+03  0.35354750813006E-10 -0.64989017317780E-12  0.34817198169992E-12 -0.17050179193825E+04  0.29951654027099E+03 -0.17166071509989E+04 -0.11601776144417E+04  0.75270425691352E+05 -0.26265825741797E+02  0.51378982908833E+04 -0.21268742799317E+04 -0.53033551296317E+04 -0.27341000481706E+05  0.00000000000000E+00  0.64584070589353E+05  0.00000000000000E+00  0.00000000000000E+00  0.00000000000000E+00  0.00000000000000E+00  0.00000000000000E+00  0.00000000000000E+00  0.00000000000000E+00  0.00000000000000E+00  0.00000000000000E+00  0.00000000000000E+00  0.00000000000000E+00  0.00000000000000E+00  0.00000000000000E+00  0.00000000000000E+00
  -0.43895768635401E+04 -0.23944133931253E+03  0.50774176617706E+02 -0.66944494358231E+02 -0.56233338791754E+02  0.15483137593369E+03  0.13681399212388E+03 -0.66872616103751E+05  0.24089585134917E+05  0.72756591106288E+03 -0.34133871924848E+03 -0.76874352580217E+03 -0.29630158198497E+02 -0.64397927778347E+01 -0.24528954773439E+04  0.28110671288613E+03 -0.24706031607217E+04 -0.12403788948388E+04 -0.11702404242159E+04  0.00000000000000E+00  0.00000000000000E+00  0.24681404779436E+01 -0.47425770389480E+02 -0.64295786536560E+01  0.00000000000000E+00  0.00000000000000E+00  0.30665391700799E+05  0.00000000000000E+00  0.00000000000000E+00  0.00000000000000E+00  0.00000000000000E+00  0.00000000000000E+00  0.00000000000000E+00  0.00000000000000E+00  0.00000000000000E+00  0.00000000000000E+00  0.00000000000000E+00  0.00000000000000E+00  0.00000000000000E+00  0.00000000000000E+00
  -0.83766587921432E+06  0.20916079848000E+06 -0.38961296834409E+05 -0.65676842580175E+05  0.11977319055777E+05 -0.89258849860266E+04 -0.10144168157591E+05 -0.28147334047791E+06  0.65527960812164E+05  0.10950558919654E+05 -0.20800778857745E+04 -0.52309799118187E+04 -0.61580182775470E+03 -0.89293630278401E+00  0.19710338847922E+04 -0.15989548592810E+03  0.20854577061952E+04  0.97059920088637E+03  0.56286494818408E+06  0.00000000000000E+00  0.00000000000000E+00  0.46374073092985E+03 -0.67835400927708E+04  0.37946686614620E+05  0.00000000000000E+00  0.00000000000000E+00  0.00000000000000E+00  0.57756483543735E+06  0.00000000000000E+00  0.00000000000000E+00  0.00000000000000E+00  0.00000000000000E+00  0.00000000000000E+00  0.00000000000000E+00  0.00000000000000E+00  0.00000000000000E+00  0.00000000000000E+00  0.00000000000000E+00  0.00000000000000E+00  0.00000000000000E+00
  -0.10846370439687E+07  0.26330374775757E+06 -0.50621343634990E+05 -0.34065395449111E+06  0.63192176981037E+05 -0.44209361683458E+05 -0.52976301266684E+05 -0.55891419315607E+06  0.12595420984366E+06  0.22923109232237E+05 -0.41830403208159E+04  0.34658021527357E-09  0.15923142447770E-10  0.24917050836731E-11  0.41999449244259E+04 -0.47303129049280E+03  0.44777709098193E+04  0.24370633348160E+04  0.27455557299761E+07  0.40307566514155E+03  0.11736384929790E+06 -0.42468659769898E+05 -0.11663353776176E+06 -0.49139629560363E+06  0.00000000000000E+00  0.00000000000000E+00  0.00000000000000E+00  0.00000000000000E+00  0.91791093397728E+06  0.00000000000000E+00  0.00000000000000E+00  0.00000000000000E+00  0.00000000000000E+00  0.00000000000000E+00  0.00000000000000E+00  0.00000000000000E+00  0.00000000000000E+00  0.00000000000000E+00  0.00000000000000E+00  0.00000000000000E+00
  -0.20565681087839E+05  0.58018845734247E+04 -0.10027812956500E+04 -0.14131530361933E+04  0.34001793276366E+03 -0.38735947149860E+01 -0.17258037151570E+03 -0.72676336016307E+05  0.23154240272000E+05  0.15298871542096E+04 -0.44395544772728E+03 -0.25231320829766E+04 -0.15688466376793E+03 -0.36872039215474E+01 -0.15215404293311E+04  0.15643418273617E+03 -0.12789665978773E+04 -0.64732384804939E+03  0.17639531329208E+05  0.00000000000000E+00  0.00000000000000E+00  0.00000000000000E+00  0.00000000000000E+00  0.00000000000000E+00  0.00000000000000E+00  0.00000000000000E+00  0.00000000000000E+00  0.00000000000000E+00  0.00000000000000E+00  0.14757596551827E+05  0.00000000000000E+00  0.00000000000000E+00  0.00000000000000E+00  0.00000000000000E+00  0.00000000000000E+00  0.00000000000000E+00  0.00000000000000E+00  0.00000000000000E+00  0.00000000000000E+00  0.00000000000000E+00
  -0.46349826011808E+05  0.13223265652014E+05 -0.22699724273520E+04 -0.24892341610615E+04  0.57935657917125E+03 -0.36439385290379E+02 -0.29429032311132E+03 -0.16253024848650E+06  0.51887963416933E+05  0.33501354382127E+04 -0.99298592095503E+03 -0.75242133851146E+02 -0.19880327271488E+02 -0.23606590981779E-04 -0.29600952673968E+04  0.30339382809250E+03 -0.24986650859950E+04 -0.12658058890080E+04  0.31417398950553E+05 -0.71336917695471E+01 -0.11714281551157E+04 -0.15899364990488E+03 -0.39372230237277E+03 -0.20834339854038E+04  0.00000000000000E+00  0.00000000000000E+00  0.00000000000000E+00  0.00000000000000E+00  0.00000000000000E+00  0.00000000000000E+00  0.31790154312090E+05  0.00000000000000E+00  0.00000000000000E+00  0.00000000000000E+00  0.00000000000000E+00  0.00000000000000E+00  0.00000000000000E+00  0.00000000000000E+00  0.00000000000000E+00  0.00000000000000E+00
  -0.30792009099890E+04  0.42097391509423E+03 -0.11870058944615E+03 -0.73894596559845E+02  0.95560390325350E+01 -0.19671792090839E+02 -0.13820058158507E+02 -0.13323828223879E+04  0.17971392587054E+03  0.43124327317612E+02 -0.11168765314206E+02 -0.83217593879936E+02 -0.66815814850017E+01 -0.15004804792057E+00 -0.71452165720402E+03  0.78217274081421E+02 -0.60965855935773E+03 -0.33467810179206E+03  0.22947694328241E+03  0.00000000000000E+00  0.00000000000000E+00  0.00000000000000E+00  0.00000000000000E+00  0.00000000000000E+00  0.00000000000000E+00  0.00000000000000E+00  0.00000000000000E+00  0.00000000000000E+00  0.00000000000000E+00  0.00000000000000E+00  0.00000000000000E+00  0.37867725496869E+04  0.00000000000000E+00  0.00000000000000E+00  0.00000000000000E+00  0.00000000000000E+00  0.00000000000000E+00  0.00000000000000E+00  0.00000000000000E+00  0.00000000000000E+00
  -0.19840879226551E+06  0.63449365104222E+05 -0.99088542523227E+04 -0.11732251022657E+05  0.29885998633468E+04  0.33393784130314E+03 -0.10817304035344E+04 -0.57353488925654E+04  0.61737478485980E+03  0.57966471826436E+03 -0.49851127113626E+02 -0.22622616133645E+00 -0.16306367072122E+00 -0.64901199538147E-13  0.23569984828252E+03 -0.63189985032528E+02  0.84702643223702E+02  0.11064085162918E+03  0.18298920706260E+06  0.00000000000000E+00  0.00000000000000E+00  0.22534272520191E+04  0.31438756238367E+04  0.16124498112203E+05  0.00000000000000E+00  0.00000000000000E+00  0.00000000000000E+00  0.00000000000000E+00  0.00000000000000E+00  0.00000000000000E+00  0.00000000000000E+00  0.00000000000000E+00  0.10559288325695E+06  0.00000000000000E+00  0.00000000000000E+00  0.00000000000000E+00  0.00000000000000E+00  0.00000000000000E+00  0.00000000000000E+00  0.00000000000000E+00
  -0.22394758814179E+06  0.71027395016483E+05 -0.11150622703160E+05 -0.52640191806501E+05  0.13193865564652E+05  0.11203746988607E+04 -0.50149201734828E+04 -0.11259528488621E+05  0.12474492317669E+04  0.10994932433183E+04 -0.97669873631979E+02 -0.38079998197212E-10  0.30466101612950E-11  0.94275812915907E-13  0.42162060583238E+03 -0.11153527077408E+03  0.16470192167213E+03  0.20480967903973E+03  0.79918765544649E+06  0.21586174515189E+03  0.23415844658553E+05 -0.49912561813624E+04 -0.15526318129552E+05 -0.81793124234725E+05  0.00000000000000E+00  0.00000000000000E+00  0.00000000000000E+00  0.00000000000000E+00  0.00000000000000E+00  0.00000000000000E+00  0.00000000000000E+00  0.00000000000000E+00  0.00000000000000E+00  0.13875815919829E+06  0.00000000000000E+00  0.00000000000000E+00  0.00000000000000E+00  0.00000000000000E+00  0.00000000000000E+00  0.00000000000000E+00
  -0.91075203986171E+04  0.24674631862998E+04 -0.43533207315964E+03 -0.25128642823008E+04  0.48398214468818E+03 -0.27628140939974E+03 -0.37748256759297E+03  0.55752286140848E+02 -0.11948218388959E+04  0.13558441671500E+03 -0.15444140039988E+02 -0.18421055245608E+01 -0.19398742706463E+00 -0.18359355423370E-02 -0.28141619315140E+04  0.42622997808916E+03 -0.26548203379487E+04 -0.16981740902118E+04  0.24688188679888E+05  0.00000000000000E+00  0.00000000000000E+00  0.00000000000000E+00  0.00000000000000E+00  0.00000000000000E+00  0.00000000000000E+00  0.00000000000000E+00  0.00000000000000E+00  0.00000000000000E+00  0.00000000000000E+00  0.00000000000000E+00  0.00000000000000E+00  0.00000000000000E+00  0.00000000000000E+00  0.00000000000000E+00  0.83174520797359E+04  0.00000000000000E+00  0.00000000000000E+00  0.00000000000000E+00  0.00000000000000E+00  0.00000000000000E+00
  -0.32269603511778E+04  0.78393490452008E+03 -0.15161936494589E+03 -0.98103393552758E+03  0.17948896928901E+03 -0.13898732571480E+03 -0.15895310602918E+03  0.16234616418775E+03 -0.66911526148291E+03  0.60521905122740E+02 -0.72825538915111E+01 -0.79278959023894E+00 -0.75491095218925E-01 -0.10088771920399E-02 -0.14999328756796E+04  0.21121552083010E+03 -0.14262089806666E+04 -0.87686004167516E+03  0.77954680883137E+04  0.00000000000000E+00  0.00000000000000E+00  0.00000000000000E+00  0.00000000000000E+00  0.00000000000000E+00  0.00000000000000E+00  0.00000000000000E+00  0.00000000000000E+00  0.00000000000000E+00  0.00000000000000E+00  0.00000000000000E+00  0.00000000000000E+00  0.00000000000000E+00  0.00000000000000E+00  0.00000000000000E+00  0.00000000000000E+00  0.42648927321398E+04  0.00000000000000E+00  0.00000000000000E+00  0.00000000000000E+00  0.00000000000000E+00
  -0.14954134913611E+05 -0.23678468199648E+04  0.53023183784304E+02 -0.94742988234871E+04  0.33207588045988E+03 -0.30438220386090E+04 -0.12779165616277E+04 -0.26221660820414E+06  0.11152944036889E+06  0.30850301077336E+04 -0.11583927908139E+04  0.29949084924394E+03  0.29890544982606E+02 -0.16373176374875E+01 -0.24709710710902E+04 -0.28596753716585E+03  0.13360174884383E+04  0.14290246539979E+04 -0.18726252752095E+05  0.00000000000000E+00  0.00000000000000E+00  0.00000000000000E+00  0.00000000000000E+00  0.00000000000000E+00  0.00000000000000E+00  0.00000000000000E+00  0.00000000000000E+00  0.00000000000000E+00  0.00000000000000E+00  0.00000000000000E+00  0.00000000000000E+00  0.00000000000000E+00  0.00000000000000E+00  0.00000000000000E+00  0.00000000000000E+00  0.00000000000000E+00  0.12389612336098E+06  0.00000000000000E+00  0.00000000000000E+00  0.00000000000000E+00
   0.16584257688329E+05 -0.22371840606693E+04  0.72482569436205E+03 -0.15664006273442E+05  0.24933729122575E+04 -0.33914665404664E+04 -0.31726965699723E+04 -0.86209672072416E+04  0.15831999557094E+04  0.44105932938563E+03 -0.69225714164957E+02  0.32367513702259E+03  0.72675757660619E+02  0.72511670259283E-04  0.18026478554802E+03 -0.32336771146534E+02  0.22533162042422E+03  0.15604671144308E+03  0.44038071439008E+05  0.12217135071844E+02 -0.42780298398444E+04  0.15206752303701E+04  0.37911951420400E+04  0.20195680402737E+05  0.00000000000000E+00  0.00000000000000E+00  0.00000000000000E+00  0.00000000000000E+00  0.00000000000000E+00  0.00000000000000E+00  0.00000000000000E+00  0.00000000000000E+00  0.00000000000000E+00  0.00000000000000E+00  0.00000000000000E+00  0.00000000000000E+00  0.00000000000000E+00  0.39243974091823E+05  0.00000000000000E+00  0.00000000000000E+00
  -0.70572847884579E+05  0.85369312486776E+04 -0.25615841049832E+04 -0.71882452331384E+04  0.81967729178312E+03 -0.18584083673235E+04 -0.11534405747821E+04 -0.13700046369038E+06  0.44181306535472E+05  0.27849333206494E+04 -0.83470271645766E+03 -0.28650146246122E+04 -0.20501438071863E+03 -0.34623251812531E+01 -0.83197624241663E+03  0.23886708384457E+03 -0.16581736185117E+04 -0.11390350756349E+04  0.20518048530022E+05  0.00000000000000E+00  0.00000000000000E+00 -0.39079713236016E+03 -0.21446047712541E+04  0.15680582390231E+04  0.00000000000000E+00  0.00000000000000E+00  0.00000000000000E+00  0.00000000000000E+00  0.00000000000000E+00  0.00000000000000E+00  0.00000000000000E+00  0.00000000000000E+00  0.00000000000000E+00  0.00000000000000E+00  0.00000000000000E+00  0.00000000000000E+00  0.00000000000000E+00  0.00000000000000E+00  0.94929926229797E+05  0.00000000000000E+00
  -0.55718637921536E+05  0.71643828039439E+04 -0.20784589398491E+04 -0.21283387747799E+05  0.25189345717097E+04 -0.53607330811909E+04 -0.34380056658229E+04 -0.17043711589176E+06  0.54420555334345E+05  0.35496236744657E+04 -0.10466534855375E+04 -0.30854469352242E-10 -0.58950458723970E-11 -0.75089692127058E-12 -0.93750559730596E+03  0.26769521265180E+03 -0.18425401316872E+04 -0.12665089541766E+04  0.63165087581670E+05 -0.27430223211266E+02  0.42216930262201E+04 -0.28232598486518E+04 -0.82092801956468E+04 -0.30015811337726E+05  0.00000000000000E+00  0.00000000000000E+00  0.00000000000000E+00  0.00000000000000E+00  0.00000000000000E+00  0.00000000000000E+00  0.00000000000000E+00  0.00000000000000E+00  0.00000000000000E+00  0.00000000000000E+00  0.00000000000000E+00  0.00000000000000E+00  0.00000000000000E+00  0.00000000000000E+00  0.00000000000000E+00  0.99612390764234E+05

 # Covariance matrix (Bevington epsilon)
