# fitpack15: fit parameters                                                                         
# CJ15 AV18 final data choices                                                                      
# Created on 01/27/2020 at 06:52:38                                                                 

 # QCD setup
  INS                           0
  NVL                          11
  IORD                          1
  Q02                   1.6899999999999999     
  IPARAMC                       7
  FLAVOR                4.0000000000000000     
  xmc                   1.3000000000000000     
  xmb                   4.5000000000000000     
  ncb                          12
  ihq                           1
  ias                           0

 # Theory corrections
  inuke                     10814
  itmc                          1
  iht                           1

 # fit parameters
 LAMBDA       0.22680        0.0000    
 a0uv          2.3898        0.0000    
 a1uv         0.61374       0.19972E-01
 a2uv          3.5436       0.12373E-01
 a3uv          0.0000        0.0000    
 a4uv          3.4948       0.43424    
 a5uv          0.0000        0.0000    
 a0dv          24.816        0.0000    
 a1dv          1.1605       0.33364E-01
 a2dv          6.5508       0.15862    
 a3dv         -3.5049       0.85557E-01
 a4dv          4.6744       0.14201    
 a5dv          0.0000        0.0000    
 a0ud         0.14664       0.50353E-02
 a1ud        -0.20772       0.37539E-02
 a2ud          8.3102       0.19201    
 a3ud          0.0000        0.0000    
 a4ud          14.535        1.2226    
 a5ud          0.0000        0.0000    
 a0du          35712.        0.0000    
 a1du          4.0300       0.75895E-01
 a2du          20.097       0.87740    
 a3du          17.000        0.0000    
 a4du          51.285        10.657    
 a0g           45.802        0.0000    
 a1g          0.60435       0.31372E-01
 a2g           6.5608       0.96940    
 a3g          -3.3082       0.13607    
 a4g           3.1911       0.32784    
 a5g           0.0000        0.0000    
 kappa        0.40000        0.0000    
 a6dv        -0.35586E-02   0.66362E-03
 a7dv          2.0000        0.0000    
 off1         -3.7313        1.5194    
 off2         0.57278E-01   0.57345E-01
 ht1          -3.3185       0.26145    
 ht2           1.9419       0.10557    
 ht3          -2.0643       0.18336E-01
 ht4           0.0000        0.0000    
 dummy40       0.0000        0.0000    
 dummy41       0.0000        0.0000    
 dummy42       0.0000        0.0000    
 dummy43       0.0000        0.0000    
 dummy44       0.0000        0.0000    
 dummy45       0.0000        0.0000    
 dummy46       0.0000        0.0000    
 dummy47       0.0000        0.0000    
 dummy48       0.0000        0.0000    
 dummy49       0.0000        0.0000    
 bcdmsh2      0.97298       0.48229E-02
 bcdmsd2      0.99299       0.58301E-02
 ccfr          1.0000        0.0000    
 nutev         1.0000        0.0000    
 zeus         0.97998        0.0000    
 h1            1.0162        0.0000    
 e605          1.0319        0.0000    
 NmcH2         1.0092       0.71220E-02
 ntv_nu        1.0000        0.0000    
 ntv_nubar     1.0000        0.0000    
 cdf_jet      0.98910        0.0000    
 d0_jet       0.83504        0.0000    
 slac_p        1.0047       0.48112E-02
 slac_d        1.0039       0.52730E-02
 e866pp       0.96627       0.19277E-01
 e866pd       0.96374       0.15825E-01
 d0_gamjet     1.0388       0.16480E-01
 h1b          0.97608        0.0000    
 jlab_p       0.99400       0.57864E-02
 jlab_d       0.97514       0.59006E-02
 blank         1.0000        0.0000    
 d0run2       0.94056       0.14113E-01
 cdfrun2      0.92643       0.17216E-01
 HERA_el       1.0000        0.0000    
 HERA_ps       1.0000        0.0000    
 CDF_Z        0.96555       0.65189E-02
 NmcRat        1.0000        0.0000    
 BNS_F2nd     0.98337       0.69268E-02
 HERMES_F2p   0.99817       0.55656E-02
 HERMES_F2d   0.98019       0.58198E-02
 END 0. 0.

 # Hessian matrix (Bevington alpha)
   0.48904390496248E+07 -0.12876046507965E+07  0.23279056946579E+06  0.47983537118861E+06 -0.12631372542075E+06 -0.22473369618040E+05  0.55598942818668E+05  0.90387285366345E+06 -0.17382838758203E+06 -0.48463633972567E+05  0.73962085389012E+04  0.15559887209903E+05  0.17624986106335E+04 -0.11095263247628E+03  0.74720608809343E+04 -0.19033201388907E+04  0.10513970588580E+05  0.75455377043009E+04 -0.74606533154957E+07 -0.14070304699673E+04 -0.20967562334292E+06  0.57087708240636E+05  0.17868325125541E+06  0.74505437244162E+06 -0.12700673635586E+06 -0.53888361076666E+05 -0.43915182477367E+04 -0.83796851197484E+06 -0.10849881625789E+07 -0.20566350248372E+05 -0.46358097174595E+05 -0.30798941055124E+04 -0.19846928845540E+06 -0.22402189770341E+06 -0.91041826206393E+04 -0.32254965529831E+04 -0.14985069337852E+05  0.16583339135756E+05 -0.70606019706956E+05 -0.55739779855131E+05
  -0.12876046507965E+07  0.41299627878928E+06 -0.63361356908822E+05 -0.13500388185299E+06  0.35259096195399E+05  0.86245475302573E+04 -0.12372811906909E+05 -0.12160993618992E+06  0.26453587286375E+05  0.75028208027255E+04 -0.94039615779815E+03 -0.12559380326408E+04 -0.14714296071787E+03  0.13380398737296E+02  0.66743694122181E+03 -0.52630504819245E+02  0.17569733328681E+03  0.97429925586620E+02  0.25590888644764E+07  0.56742362455795E+03  0.59867717649913E+05 -0.12629014348440E+05 -0.42988374065865E+05 -0.20539654618640E+06  0.16575976747174E+05  0.81981750783521E+04 -0.23949448987161E+03  0.20918044997471E+06  0.26334928535587E+06  0.58002265049556E+04  0.13222286539700E+05  0.42090836647908E+03  0.63453571750359E+05  0.71041383694241E+05  0.24661794766770E+04  0.78346490964796E+03 -0.23657043590547E+04 -0.22367637443783E+04  0.85382573205863E+04  0.71654968049978E+04
   0.23279056946579E+06 -0.63361356908822E+05  0.11203844616695E+05  0.23081951811473E+05 -0.61690808058100E+04 -0.13084908022964E+04  0.25918669861796E+04  0.31549939343282E+05 -0.59157525152009E+04 -0.19965257665864E+04  0.26221109697882E+03  0.48558669355172E+03  0.63761952809083E+02 -0.50029736917061E+01 -0.39272158991706E+03  0.27075677940147E+00 -0.18409065759053E+03 -0.26087655428850E+02 -0.37097938177770E+06 -0.72017656896512E+02 -0.10142925960743E+05  0.26452462329674E+04  0.82943962419818E+04  0.35654959047146E+05 -0.55317309945694E+04 -0.23612407906427E+04  0.50636537638343E+02 -0.38892848189621E+05 -0.50533100550473E+05 -0.10005887387043E+04 -0.22653544340760E+04 -0.11851094823223E+03 -0.98890530013664E+04 -0.11129231902441E+05 -0.43424526538334E+03 -0.15123867826549E+03  0.51600748137157E+02  0.72353556612916E+03 -0.25583545232124E+04 -0.20756342495531E+04
   0.47983537118861E+06 -0.13500388185299E+06  0.23081951811473E+05  0.39501488465602E+06 -0.62462453198940E+05  0.76128865518976E+05  0.65024510798401E+05  0.34578178264021E+06 -0.25409458296308E+05 -0.18326538951702E+05  0.33721736836051E+04 -0.13736509055701E+04 -0.15630586230996E+03  0.58038778399819E+02  0.30537241913477E+05 -0.36899246681389E+04  0.27047718014064E+05  0.15124047228947E+05 -0.22214956565519E+07 -0.21283223987284E+03 -0.61313762966149E+05  0.20363881548109E+05  0.56401051620276E+05  0.24037894992179E+06 -0.12771655603754E+05 -0.21147692478677E+05 -0.65678122072208E+02 -0.65678926017972E+05 -0.34061691616076E+06 -0.14117082481593E+04 -0.24886171273086E+04 -0.73759829793711E+02 -0.11731848517113E+05 -0.52631212205885E+05 -0.25109338945671E+04 -0.98018855290034E+03 -0.94773087860939E+04 -0.15667862261812E+05 -0.71875974907569E+04 -0.21280508388664E+05
  -0.12631372542075E+06  0.35259096195399E+05 -0.61690808058100E+04 -0.62462453198940E+05  0.11746121235303E+05 -0.79425252544088E+04 -0.94998953899780E+04 -0.32389210636533E+05  0.36142314002161E+03  0.24034191151135E+04 -0.34362345242562E+03 -0.40750253008778E+02  0.45790109938351E+01 -0.52015702257747E+01 -0.26001776240119E+04  0.31933710736939E+03 -0.22494846461230E+04 -0.12750414684109E+04  0.49155717390485E+06  0.68039401636099E+02  0.12789662200793E+05 -0.38356492592732E+04 -0.10605400725806E+05 -0.48139624657985E+05  0.19999809852686E+04  0.33717297931054E+04 -0.56350634008299E+02  0.11971613132425E+05  0.63162060003307E+05  0.33950161363152E+03  0.57884878797949E+03  0.95341371044623E+01  0.29862660260777E+04  0.13183901692370E+05  0.48338506462159E+03  0.17926715864686E+03  0.33272997784668E+03  0.24935427109981E+04  0.81936653411334E+03  0.25180490450047E+04
  -0.22473369618040E+05  0.86245475302573E+04 -0.13084908022964E+04  0.76128865518976E+05 -0.79425252544088E+04  0.24563675960793E+05  0.14926669337532E+05  0.10538105539273E+06 -0.93859289853662E+04 -0.46388532585213E+04  0.10100417840638E+04 -0.71145956278632E+03 -0.69627294046461E+02  0.19746690318028E+02  0.93324551845345E+04 -0.11575569209090E+04  0.84051739795196E+04  0.47653105811960E+04 -0.69125356913470E+05  0.52860999821508E+02 -0.46053325451525E+04  0.25347280581116E+04  0.69582318169297E+04  0.21961063669725E+05 -0.28334271406101E+04 -0.43483190595116E+04  0.15514887453718E+03 -0.89212128812798E+04 -0.44168838741944E+05 -0.36596093364123E+01 -0.36180359195574E+02 -0.19641744987395E+02  0.33524940429236E+03  0.11300764080217E+04 -0.27577649485449E+03 -0.13877269156526E+03 -0.30447165867099E+04 -0.33919426721352E+04 -0.18580730633698E+04 -0.53592076592680E+04
   0.55598942818668E+05 -0.12372811906909E+05  0.25918669861796E+04  0.65024510798401E+05 -0.94998953899780E+04  0.14926669337532E+05  0.11702896592549E+05  0.58507067511192E+05 -0.29900858005823E+04 -0.33114047429983E+04  0.59122863302646E+03 -0.21645011802251E+03 -0.27502834553101E+02  0.10372888659187E+02  0.48184070983030E+04 -0.60618584299410E+03  0.42304258743081E+04  0.24288820341608E+04 -0.25308443092307E+06 -0.18283897382324E+01 -0.84619637925356E+04  0.31618159503601E+04  0.86017375654033E+04  0.33850656828447E+05 -0.25098917848370E+04 -0.39365765253769E+04  0.13699063842903E+03 -0.10140428080910E+05 -0.52949321585506E+05 -0.17226024690973E+03 -0.29398109453607E+03 -0.13795753305728E+02 -0.10804732146696E+04 -0.50077253664938E+04 -0.37700315632253E+03 -0.15875752319754E+03 -0.12786046631242E+04 -0.31730321984751E+04 -0.11531584840764E+04 -0.34370009056148E+04
   0.90387285366345E+06 -0.12160993618992E+06  0.31549939343282E+05  0.34578178264021E+06 -0.32389210636533E+05  0.10538105539273E+06  0.58507067511192E+05  0.49624955549456E+07 -0.23090443849949E+07 -0.85197021521184E+05  0.25912234717010E+05  0.27168159127316E+05  0.18157529575193E+04  0.10243236663796E+03  0.82244755950797E+05 -0.10431789804707E+05  0.83714015641788E+05  0.45133921959517E+05 -0.57515693216985E+06  0.37267111268152E+03 -0.27849768644022E+05  0.28390945678772E+05  0.88863416349695E+05  0.24621394259115E+06 -0.60519137496568E+05 -0.48670005148311E+05 -0.66757096348374E+05 -0.28100466501975E+06 -0.55790834489365E+06 -0.72507426052494E+05 -0.16217568863983E+06 -0.13291732676072E+04 -0.57316216322932E+04 -0.11252957815858E+05  0.62577631255379E+02  0.16552335040116E+03 -0.26173968299296E+06 -0.86023111005994E+04 -0.13674993042518E+06 -0.17009538700627E+06
  -0.17382838758203E+06  0.26453587286375E+05 -0.59157525152009E+04 -0.25409458296308E+05  0.36142314002161E+03 -0.93859289853662E+04 -0.29900858005823E+04 -0.23090443849949E+07  0.19285974836120E+07  0.18981905562406E+05 -0.65277351582331E+04 -0.58470270316982E+04 -0.32067687110211E+03 -0.14062143516942E+02  0.49911075900545E+05 -0.23496664157242E+04  0.16961039473420E+05  0.82210573936707E+04 -0.26614118877049E+05 -0.91940663162795E+02  0.69455593808385E+03 -0.57406437186958E+04 -0.19071413067279E+05 -0.47231975822694E+05  0.11449556705112E+05  0.10842076834840E+05  0.24104484503231E+05  0.65552713334759E+05  0.12598070244750E+06  0.23147174504554E+05  0.51880963290345E+05  0.17935831723928E+03  0.61844580478518E+03  0.12496522010644E+04 -0.11975710931918E+04 -0.67050515958744E+03  0.11156705622720E+06  0.15830940192661E+04  0.44192136144848E+05  0.54424636820749E+05
  -0.48463633972567E+05  0.75028208027255E+04 -0.19965257665864E+04 -0.18326538951702E+05  0.24034191151135E+04 -0.46388532585213E+04 -0.33114047429983E+04 -0.85197021521184E+05  0.18981905562406E+05  0.26466781518595E+04 -0.64247682340806E+03 -0.70015702026231E+03 -0.61493342944039E+02 -0.19474959194419E+01 -0.39741411551651E+04  0.48071333627419E+03 -0.35533945556139E+04 -0.20001306685718E+04  0.57408106063481E+05 -0.87632814072855E+01  0.24728163697820E+04 -0.13036261743762E+04 -0.37963906446796E+04 -0.12214336791581E+05  0.27389647666938E+04  0.18977931033143E+04  0.72752568624471E+03  0.10956494168857E+05  0.22933800207450E+05  0.15297990836892E+04  0.33503268435298E+04  0.43129379743884E+02  0.58046703808768E+03  0.11010925054151E+04  0.13546507688049E+03  0.60458831450294E+02  0.30855553024005E+04  0.44104969140015E+03  0.27858022324542E+04  0.35501354230061E+04
   0.73962085389012E+04 -0.94039615779815E+03  0.26221109697882E+03  0.33721736836051E+04 -0.34362345242562E+03  0.10100417840638E+04  0.59122863302646E+03  0.25912234717010E+05 -0.65277351582331E+04 -0.64247682340806E+03  0.18175013345337E+03  0.20781324832905E+03  0.15063983473826E+02  0.74960934968172E+00  0.12656156581918E+04 -0.13926088470623E+03  0.10834026574007E+04  0.58774198635595E+03 -0.65421679337861E+04  0.27543756229235E+01 -0.28596881174380E+03  0.22274904579643E+03  0.68248685659029E+03  0.19620653518087E+04 -0.48795554223936E+03 -0.36837737801335E+03 -0.34187812765274E+03 -0.20859651616147E+04 -0.41944764459176E+04 -0.44475946776647E+03 -0.99490032831895E+03 -0.11193283895737E+02 -0.50060019286420E+02 -0.98085254355436E+02 -0.15458573596213E+02 -0.72882122703613E+01 -0.11605559757442E+04 -0.69395950730512E+02 -0.83660205745835E+03 -0.10488590132149E+04
   0.15559887209903E+05 -0.12559380326408E+04  0.48558669355172E+03 -0.13736509055701E+04 -0.40750253008778E+02 -0.71145956278632E+03 -0.21645011802251E+03  0.27168159127316E+05 -0.58470270316982E+04 -0.70015702026231E+03  0.20781324832905E+03  0.18179886626332E+04  0.11847614176475E+03 -0.10085349816144E+01  0.14878328602790E+04 -0.20438248607970E+03  0.16176881970644E+04  0.92331890168798E+03 -0.68039130062341E+04 -0.51020777829746E+01 -0.11994418706221E+03 -0.88500080616911E+01  0.14370083152207E+03 -0.90954396668978E+03 -0.11724155789104E+04  0.11509632370440E-10 -0.76646887837108E+03 -0.52219875447046E+04  0.34906230176367E-09 -0.25165853373418E+04 -0.75069702912563E+02 -0.83051942769139E+02 -0.22548839088534E+00  0.13325266131498E-09 -0.18378411995150E+01 -0.79095879753174E+00  0.29915492116318E+03  0.32306975103923E+03 -0.28594091090546E+04  0.26714784012172E-10
   0.17624986106335E+04 -0.14714296071787E+03  0.63761952809083E+02 -0.15630586230996E+03  0.45790109938351E+01 -0.69627294046461E+02 -0.27502834553101E+02  0.18157529575193E+04 -0.32067687110211E+03 -0.61493342944039E+02  0.15063983473826E+02  0.11847614176475E+03  0.10615519312791E+02 -0.18251573269538E+00  0.80553654506361E+02 -0.13399931387615E+02  0.96211576311196E+02  0.59557814563182E+02 -0.32221066523825E+03 -0.43387879725901E+00  0.64064445445377E+01  0.10137656905623E+01  0.18886148212320E+02 -0.92864347801289E+02 -0.17340696925890E+03  0.23372325305387E-11 -0.29546971679691E+02 -0.61468968089772E+03 -0.36626551808845E-12 -0.15650815933623E+03 -0.19831265734733E+02 -0.66692364826825E+01 -0.16252991395867E+00  0.30228256505695E-11 -0.19353823701170E+00 -0.75320600335939E-01  0.29851364571279E+02  0.72530740814444E+02 -0.20464338601103E+03  0.13652057705209E-10
  -0.11095263247628E+03  0.13380398737296E+02 -0.50029736917061E+01  0.58038778399819E+02 -0.52015702257747E+01  0.19746690318028E+02  0.10372888659187E+02  0.10243236663796E+03 -0.14062143516942E+02 -0.19474959194419E+01  0.74960934968172E+00 -0.10085349816144E+01 -0.18251573269538E+00  0.55836802914241E-01  0.15224572690126E+02 -0.11768673979281E+01  0.97481687771634E+01  0.46146877321903E+01 -0.84081995307638E+02  0.26348371325083E-01 -0.45967738101838E+01  0.56834049646582E+00  0.14443943658044E+01  0.75219938337139E+01  0.72119028829391E-01  0.12261467724307E-12 -0.64687816307783E+01 -0.90189235798608E+00  0.30267110261183E-13 -0.37092500327046E+01 -0.24158682071565E-04 -0.15081253962992E+00  0.33749239256876E-12  0.30407509421123E-12 -0.18448811003319E-02 -0.10137379978520E-02 -0.16405055998658E+01  0.74482947438496E-04 -0.34861397353806E+01  0.65283906513393E-12
   0.74720608809343E+04  0.66743694122181E+03 -0.39272158991706E+03  0.30537241913477E+05 -0.26001776240119E+04  0.93324551845345E+04  0.48184070983030E+04  0.82244755950797E+05  0.49911075900545E+05 -0.39741411551651E+04  0.12656156581918E+04  0.14878328602790E+04  0.80553654506361E+02  0.15224572690126E+02  0.48690049765279E+05 -0.44660334918689E+04  0.35138684726465E+05  0.18275059393161E+05 -0.54875689761065E+05  0.21979782012064E+01  0.75235230604538E+03 -0.20540708151241E+03 -0.59585736350499E+03 -0.14334720677324E+04 -0.25954307801051E+04 -0.17068986847789E+04 -0.24530919022541E+04  0.19702797561423E+04  0.42008716694624E+04 -0.15207912907408E+04 -0.29598321944103E+04 -0.71465012111888E+03  0.23641324420561E+03  0.42290699535248E+03 -0.28155372367804E+04 -0.15004161965507E+04 -0.24666254788625E+04  0.18049773370647E+03 -0.83397645169145E+03 -0.93973349997018E+03
  -0.19033201388907E+04 -0.52630504819245E+02  0.27075677940147E+00 -0.36899246681389E+04  0.31933710736939E+03 -0.11575569209090E+04 -0.60618584299410E+03 -0.10431789804707E+05 -0.23496664157242E+04  0.48071333627419E+03 -0.13926088470623E+03 -0.20438248607970E+03 -0.13399931387615E+02 -0.11768673979281E+01 -0.44660334918689E+04  0.47777721663164E+03 -0.36975550418748E+04 -0.19993132489594E+04  0.64128603821100E+04 -0.86822878565096E+00 -0.11048677923678E+03  0.20836945659473E+02  0.52183709419530E+02  0.15038895713244E+03  0.47819060083980E+03  0.30000884493500E+03  0.28116504823970E+03 -0.15970760600551E+03 -0.47317325727229E+03  0.15644421981981E+03  0.30352417318845E+03  0.78277588963885E+02 -0.63399372792347E+02 -0.11190771987653E+03  0.42671083809920E+03  0.21141382295300E+03 -0.28674115285143E+03 -0.32382753441169E+02  0.23926169096814E+03  0.26813871537719E+03
   0.10513970588580E+05  0.17569733328681E+03 -0.18409065759053E+03  0.27047718014064E+05 -0.22494846461230E+04  0.84051739795196E+04  0.42304258743081E+04  0.83714015641788E+05  0.16961039473420E+05 -0.35533945556139E+04  0.10834026574007E+04  0.16176881970644E+04  0.96211576311196E+02  0.97481687771634E+01  0.35138684726465E+05 -0.36975550418748E+04  0.29060489402127E+05  0.15568009128388E+05 -0.48747956737778E+05  0.11211785816457E+01  0.80825988136397E+03 -0.24815721216071E+03 -0.67642190585169E+03 -0.15834336610849E+04 -0.26674141067414E+04 -0.17165697401288E+04 -0.24687864781523E+04  0.20840033986848E+04  0.44767169665969E+04 -0.12775455172623E+04 -0.24968563904333E+04 -0.60939138701493E+03  0.84855217873697E+02  0.16500502886269E+03 -0.26535191559350E+04 -0.14254028565683E+04  0.13366252252333E+04  0.22541749477537E+03 -0.16582093725034E+04 -0.18425524433397E+04
   0.75455377043009E+04  0.97429925586620E+02 -0.26087655428850E+02  0.15124047228947E+05 -0.12750414684109E+04  0.47653105811960E+04  0.24288820341608E+04  0.45133921959517E+05  0.82210573936707E+04 -0.20001306685718E+04  0.58774198635595E+03  0.92331890168798E+03  0.59557814563182E+02  0.46146877321903E+01  0.18275059393161E+05 -0.19993132489594E+04  0.15568009128388E+05  0.84489839731350E+04 -0.27074282616863E+05  0.19757228642257E+01  0.48777902984117E+03 -0.13083268003445E+03 -0.33354918633471E+03 -0.83004602597102E+03 -0.18522248490689E+04 -0.11605464347879E+04 -0.12395490878339E+04  0.96973509980433E+03  0.24366848593056E+04 -0.64673546761320E+03 -0.12651211277975E+04 -0.33460318994617E+03  0.11089896200532E+03  0.20528900001414E+03 -0.16979099024915E+04 -0.87662046982846E+03  0.14298194433222E+04  0.15612154824029E+03 -0.11392615226801E+04 -0.12667543829490E+04
  -0.74606533154957E+07  0.25590888644764E+07 -0.37097938177770E+06 -0.22214956565519E+07  0.49155717390485E+06 -0.69125356913470E+05 -0.25308443092307E+06 -0.57515693216985E+06 -0.26614118877049E+05  0.57408106063481E+05 -0.65421679337861E+04 -0.68039130062341E+04 -0.32221066523825E+03 -0.84081995307638E+02 -0.54875689761065E+05  0.64128603821100E+04 -0.48747956737778E+05 -0.27074282616863E+05  0.32862903894829E+08  0.65383884825394E+04  0.66841019866078E+06 -0.16608846707723E+06 -0.49395604347435E+06 -0.24901795071395E+07  0.33869728751514E+05  0.75298404138299E+05 -0.11735006432621E+04  0.56308036554438E+06  0.27467211530367E+07  0.17631226167761E+05  0.31422090677698E+05  0.22889311700744E+03  0.18305634379949E+06  0.79953962216211E+06  0.24681270761617E+05  0.77927353598251E+04 -0.18722315188905E+05  0.44063873916893E+05  0.20522476988962E+05  0.63186511395926E+05
  -0.14070304699673E+04  0.56742362455795E+03 -0.72017656896512E+02 -0.21283223987284E+03  0.68039401636099E+02  0.52860999821508E+02 -0.18283897382324E+01  0.37267111268152E+03 -0.91940663162795E+02 -0.87632814072855E+01  0.27543756229235E+01 -0.51020777829746E+01 -0.43387879725901E+00  0.26348371325083E-01  0.21979782012064E+01 -0.86822878565096E+00  0.11211785816457E+01  0.19757228642257E+01  0.65383884825394E+04  0.23929855201606E+01  0.14102407838209E+03 -0.28236702038109E+02 -0.85448826344913E+02 -0.50984112208998E+03  0.00000000000000E+00 -0.25585319611583E+02  0.00000000000000E+00  0.00000000000000E+00  0.41838488766126E+03  0.00000000000000E+00 -0.72895930139641E+01  0.00000000000000E+00  0.00000000000000E+00  0.21888474987641E+03  0.00000000000000E+00  0.00000000000000E+00  0.00000000000000E+00  0.11652928963203E+02  0.00000000000000E+00 -0.26873326080040E+02
  -0.20967562334292E+06  0.59867717649913E+05 -0.10142925960743E+05 -0.61313762966149E+05  0.12789662200793E+05 -0.46053325451525E+04 -0.84619637925356E+04 -0.27849768644022E+05  0.69455593808385E+03  0.24728163697820E+04 -0.28596881174380E+03 -0.11994418706221E+03  0.64064445445377E+01 -0.45967738101838E+01  0.75235230604538E+03 -0.11048677923678E+03  0.80825988136397E+03  0.48777902984117E+03  0.66841019866078E+06  0.14102407838209E+03  0.25954226631626E+05 -0.76973183896609E+04 -0.21078460824097E+05 -0.99568008567507E+05  0.00000000000000E+00  0.50274493857330E+04  0.00000000000000E+00  0.00000000000000E+00  0.11467051510654E+06  0.00000000000000E+00 -0.11440325715124E+04  0.00000000000000E+00  0.00000000000000E+00  0.22857955240576E+05  0.00000000000000E+00  0.00000000000000E+00  0.00000000000000E+00 -0.41841468506761E+04  0.00000000000000E+00  0.41310360298060E+04
   0.57087708240636E+05 -0.12629014348440E+05  0.26452462329674E+04  0.20363881548109E+05 -0.38356492592732E+04  0.25347280581116E+04  0.31618159503601E+04  0.28390945678772E+05 -0.57406437186958E+04 -0.13036261743762E+04  0.22274904579643E+03 -0.88500080616911E+01  0.10137656905623E+01  0.56834049646582E+00 -0.20540708151241E+03  0.20836945659473E+02 -0.24815721216071E+03 -0.13083268003445E+03 -0.16608846707723E+06 -0.28236702038109E+02 -0.76973183896609E+04  0.28205433277751E+04  0.75037996604574E+04  0.32616343024427E+05 -0.52082737723950E+02 -0.21074976563009E+04  0.24812905800736E+01  0.46614009498767E+03 -0.42023184410756E+05  0.00000000000000E+00 -0.16114235375675E+03  0.00000000000000E+00  0.22539907059158E+04 -0.49022986676392E+04  0.00000000000000E+00  0.00000000000000E+00  0.00000000000000E+00  0.15053842187009E+04 -0.39057160445808E+03 -0.28043769260501E+04
   0.17868325125541E+06 -0.42988374065865E+05  0.82943962419818E+04  0.56401051620276E+05 -0.10605400725806E+05  0.69582318169297E+04  0.86017375654033E+04  0.88863416349695E+05 -0.19071413067279E+05 -0.37963906446796E+04  0.68248685659029E+03  0.14370083152207E+03  0.18886148212320E+02  0.14443943658044E+01 -0.59585736350499E+03  0.52183709419530E+02 -0.67642190585169E+03 -0.33354918633471E+03 -0.49395604347435E+06 -0.85448826344913E+02 -0.21078460824097E+05  0.75037996604574E+04  0.20590812379538E+05  0.88257535880963E+05 -0.16362274755334E+03 -0.52553618671152E+04 -0.47338577897180E+02 -0.67775088808697E+04 -0.11552944943766E+06  0.00000000000000E+00 -0.39904322322830E+03  0.00000000000000E+00  0.31450390212538E+04 -0.15306100031734E+05  0.00000000000000E+00  0.00000000000000E+00  0.00000000000000E+00  0.37533157289067E+04 -0.21437748789761E+04 -0.81622083095746E+04
   0.74505437244162E+06 -0.20539654618640E+06  0.35654959047146E+05  0.24037894992179E+06 -0.48139624657985E+05  0.21961063669725E+05  0.33850656828447E+05  0.24621394259115E+06 -0.47231975822694E+05 -0.12214336791581E+05  0.19620653518087E+04 -0.90954396668978E+03 -0.92864347801289E+02  0.75219938337139E+01 -0.14334720677324E+04  0.15038895713244E+03 -0.15834336610849E+04 -0.83004602597102E+03 -0.24901795071395E+07 -0.50984112208998E+03 -0.99568008567507E+05  0.32616343024427E+05  0.88257535880963E+05  0.41352875193142E+06  0.25307487966765E+03 -0.27087291404981E+05 -0.64459464601966E+01  0.37946032967024E+05 -0.48561390055720E+06  0.00000000000000E+00 -0.21115903465681E+04  0.00000000000000E+00  0.16124252545311E+05 -0.80636498588664E+05  0.00000000000000E+00  0.00000000000000E+00  0.00000000000000E+00  0.19995179015675E+05  0.15678933156595E+04 -0.29771753697059E+05
  -0.12700673635586E+06  0.16575976747174E+05 -0.55317309945694E+04 -0.12771655603754E+05  0.19999809852686E+04 -0.28334271406101E+04 -0.25098917848370E+04 -0.60519137496568E+05  0.11449556705112E+05  0.27389647666938E+04 -0.48795554223936E+03 -0.11724155789104E+04 -0.17340696925890E+03  0.72119028829391E-01 -0.25954307801051E+04  0.47819060083980E+03 -0.26674141067414E+04 -0.18522248490689E+04  0.33869728751514E+05  0.00000000000000E+00  0.00000000000000E+00 -0.52082737723950E+02 -0.16362274755334E+03  0.25307487966765E+03  0.11627109817239E+06  0.00000000000000E+00  0.00000000000000E+00  0.00000000000000E+00  0.00000000000000E+00  0.00000000000000E+00  0.00000000000000E+00  0.00000000000000E+00  0.00000000000000E+00  0.00000000000000E+00  0.00000000000000E+00  0.00000000000000E+00  0.00000000000000E+00  0.00000000000000E+00  0.00000000000000E+00  0.00000000000000E+00
  -0.53888361076666E+05  0.81981750783521E+04 -0.23612407906427E+04 -0.21147692478677E+05  0.33717297931054E+04 -0.43483190595116E+04 -0.39365765253769E+04 -0.48670005148311E+05  0.10842076834840E+05  0.18977931033143E+04 -0.36837737801335E+03  0.11509632370440E-10  0.23372325305387E-11  0.12261467724307E-12 -0.17068986847789E+04  0.30000884493500E+03 -0.17165697401288E+04 -0.11605464347879E+04  0.75298404138299E+05 -0.25585319611583E+02  0.50274493857330E+04 -0.21074976563009E+04 -0.52553618671152E+04 -0.27087291404981E+05  0.00000000000000E+00  0.64586568800015E+05  0.00000000000000E+00  0.00000000000000E+00  0.00000000000000E+00  0.00000000000000E+00  0.00000000000000E+00  0.00000000000000E+00  0.00000000000000E+00  0.00000000000000E+00  0.00000000000000E+00  0.00000000000000E+00  0.00000000000000E+00  0.00000000000000E+00  0.00000000000000E+00  0.00000000000000E+00
  -0.43915182477367E+04 -0.23949448987161E+03  0.50636537638343E+02 -0.65678122072208E+02 -0.56350634008299E+02  0.15514887453718E+03  0.13699063842903E+03 -0.66757096348374E+05  0.24104484503231E+05  0.72752568624471E+03 -0.34187812765274E+03 -0.76646887837108E+03 -0.29546971679691E+02 -0.64687816307783E+01 -0.24530919022541E+04  0.28116504823970E+03 -0.24687864781523E+04 -0.12395490878339E+04 -0.11735006432621E+04  0.00000000000000E+00  0.00000000000000E+00  0.24812905800736E+01 -0.47338577897180E+02 -0.64459464601966E+01  0.00000000000000E+00  0.00000000000000E+00  0.30664360320232E+05  0.00000000000000E+00  0.00000000000000E+00  0.00000000000000E+00  0.00000000000000E+00  0.00000000000000E+00  0.00000000000000E+00  0.00000000000000E+00  0.00000000000000E+00  0.00000000000000E+00  0.00000000000000E+00  0.00000000000000E+00  0.00000000000000E+00  0.00000000000000E+00
  -0.83796851197484E+06  0.20918044997471E+06 -0.38892848189621E+05 -0.65678926017972E+05  0.11971613132425E+05 -0.89212128812798E+04 -0.10140428080910E+05 -0.28100466501975E+06  0.65552713334759E+05  0.10956494168857E+05 -0.20859651616147E+04 -0.52219875447046E+04 -0.61468968089772E+03 -0.90189235798608E+00  0.19702797561423E+04 -0.15970760600551E+03  0.20840033986848E+04  0.96973509980433E+03  0.56308036554438E+06  0.00000000000000E+00  0.00000000000000E+00  0.46614009498767E+03 -0.67775088808697E+04  0.37946032967024E+05  0.00000000000000E+00  0.00000000000000E+00  0.00000000000000E+00  0.57759779127097E+06  0.00000000000000E+00  0.00000000000000E+00  0.00000000000000E+00  0.00000000000000E+00  0.00000000000000E+00  0.00000000000000E+00  0.00000000000000E+00  0.00000000000000E+00  0.00000000000000E+00  0.00000000000000E+00  0.00000000000000E+00  0.00000000000000E+00
  -0.10849881625789E+07  0.26334928535587E+06 -0.50533100550473E+05 -0.34061691616076E+06  0.63162060003307E+05 -0.44168838741944E+05 -0.52949321585506E+05 -0.55790834489365E+06  0.12598070244750E+06  0.22933800207450E+05 -0.41944764459176E+04  0.34906230176367E-09 -0.36626551808845E-12  0.30267110261183E-13  0.42008716694624E+04 -0.47317325727229E+03  0.44767169665969E+04  0.24366848593056E+04  0.27467211530367E+07  0.41838488766126E+03  0.11467051510654E+06 -0.42023184410756E+05 -0.11552944943766E+06 -0.48561390055720E+06  0.00000000000000E+00  0.00000000000000E+00  0.00000000000000E+00  0.00000000000000E+00  0.91800161434169E+06  0.00000000000000E+00  0.00000000000000E+00  0.00000000000000E+00  0.00000000000000E+00  0.00000000000000E+00  0.00000000000000E+00  0.00000000000000E+00  0.00000000000000E+00  0.00000000000000E+00  0.00000000000000E+00  0.00000000000000E+00
  -0.20566350248372E+05  0.58002265049556E+04 -0.10005887387043E+04 -0.14117082481593E+04  0.33950161363152E+03 -0.36596093364123E+01 -0.17226024690973E+03 -0.72507426052494E+05  0.23147174504554E+05  0.15297990836892E+04 -0.44475946776647E+03 -0.25165853373418E+04 -0.15650815933623E+03 -0.37092500327046E+01 -0.15207912907408E+04  0.15644421981981E+03 -0.12775455172623E+04 -0.64673546761320E+03  0.17631226167761E+05  0.00000000000000E+00  0.00000000000000E+00  0.00000000000000E+00  0.00000000000000E+00  0.00000000000000E+00  0.00000000000000E+00  0.00000000000000E+00  0.00000000000000E+00  0.00000000000000E+00  0.00000000000000E+00  0.14749818103518E+05  0.00000000000000E+00  0.00000000000000E+00  0.00000000000000E+00  0.00000000000000E+00  0.00000000000000E+00  0.00000000000000E+00  0.00000000000000E+00  0.00000000000000E+00  0.00000000000000E+00  0.00000000000000E+00
  -0.46358097174595E+05  0.13222286539700E+05 -0.22653544340760E+04 -0.24886171273086E+04  0.57884878797949E+03 -0.36180359195574E+02 -0.29398109453607E+03 -0.16217568863983E+06  0.51880963290345E+05  0.33503268435298E+04 -0.99490032831895E+03 -0.75069702912563E+02 -0.19831265734733E+02 -0.24158682071565E-04 -0.29598321944103E+04  0.30352417318845E+03 -0.24968563904333E+04 -0.12651211277975E+04  0.31422090677698E+05 -0.72895930139641E+01 -0.11440325715124E+04 -0.16114235375675E+03 -0.39904322322830E+03 -0.21115903465681E+04  0.00000000000000E+00  0.00000000000000E+00  0.00000000000000E+00  0.00000000000000E+00  0.00000000000000E+00  0.00000000000000E+00  0.31787180691422E+05  0.00000000000000E+00  0.00000000000000E+00  0.00000000000000E+00  0.00000000000000E+00  0.00000000000000E+00  0.00000000000000E+00  0.00000000000000E+00  0.00000000000000E+00  0.00000000000000E+00
  -0.30798941055124E+04  0.42090836647908E+03 -0.11851094823223E+03 -0.73759829793711E+02  0.95341371044623E+01 -0.19641744987395E+02 -0.13795753305728E+02 -0.13291732676072E+04  0.17935831723928E+03  0.43129379743884E+02 -0.11193283895737E+02 -0.83051942769139E+02 -0.66692364826825E+01 -0.15081253962992E+00 -0.71465012111888E+03  0.78277588963885E+02 -0.60939138701493E+03 -0.33460318994617E+03  0.22889311700744E+03  0.00000000000000E+00  0.00000000000000E+00  0.00000000000000E+00  0.00000000000000E+00  0.00000000000000E+00  0.00000000000000E+00  0.00000000000000E+00  0.00000000000000E+00  0.00000000000000E+00  0.00000000000000E+00  0.00000000000000E+00  0.00000000000000E+00  0.37865375529867E+04  0.00000000000000E+00  0.00000000000000E+00  0.00000000000000E+00  0.00000000000000E+00  0.00000000000000E+00  0.00000000000000E+00  0.00000000000000E+00  0.00000000000000E+00
  -0.19846928845540E+06  0.63453571750359E+05 -0.98890530013664E+04 -0.11731848517113E+05  0.29862660260777E+04  0.33524940429236E+03 -0.10804732146696E+04 -0.57316216322932E+04  0.61844580478518E+03  0.58046703808768E+03 -0.50060019286420E+02 -0.22548839088534E+00 -0.16252991395867E+00  0.33749239256876E-12  0.23641324420561E+03 -0.63399372792347E+02  0.84855217873697E+02  0.11089896200532E+03  0.18305634379949E+06  0.00000000000000E+00  0.00000000000000E+00  0.22539907059158E+04  0.31450390212538E+04  0.16124252545311E+05  0.00000000000000E+00  0.00000000000000E+00  0.00000000000000E+00  0.00000000000000E+00  0.00000000000000E+00  0.00000000000000E+00  0.00000000000000E+00  0.00000000000000E+00  0.10559510985991E+06  0.00000000000000E+00  0.00000000000000E+00  0.00000000000000E+00  0.00000000000000E+00  0.00000000000000E+00  0.00000000000000E+00  0.00000000000000E+00
  -0.22402189770341E+06  0.71041383694241E+05 -0.11129231902441E+05 -0.52631212205885E+05  0.13183901692370E+05  0.11300764080217E+04 -0.50077253664938E+04 -0.11252957815858E+05  0.12496522010644E+04  0.11010925054151E+04 -0.98085254355436E+02  0.13325266131498E-09  0.30228256505695E-11  0.30407509421123E-12  0.42290699535248E+03 -0.11190771987653E+03  0.16500502886269E+03  0.20528900001414E+03  0.79953962216211E+06  0.21888474987641E+03  0.22857955240576E+05 -0.49022986676392E+04 -0.15306100031734E+05 -0.80636498588664E+05  0.00000000000000E+00  0.00000000000000E+00  0.00000000000000E+00  0.00000000000000E+00  0.00000000000000E+00  0.00000000000000E+00  0.00000000000000E+00  0.00000000000000E+00  0.00000000000000E+00  0.13877365682882E+06  0.00000000000000E+00  0.00000000000000E+00  0.00000000000000E+00  0.00000000000000E+00  0.00000000000000E+00  0.00000000000000E+00
  -0.91041826206393E+04  0.24661794766770E+04 -0.43424526538334E+03 -0.25109338945671E+04  0.48338506462159E+03 -0.27577649485449E+03 -0.37700315632253E+03  0.62577631255379E+02 -0.11975710931918E+04  0.13546507688049E+03 -0.15458573596213E+02 -0.18378411995150E+01 -0.19353823701170E+00 -0.18448811003319E-02 -0.28155372367804E+04  0.42671083809920E+03 -0.26535191559350E+04 -0.16979099024915E+04  0.24681270761617E+05  0.00000000000000E+00  0.00000000000000E+00  0.00000000000000E+00  0.00000000000000E+00  0.00000000000000E+00  0.00000000000000E+00  0.00000000000000E+00  0.00000000000000E+00  0.00000000000000E+00  0.00000000000000E+00  0.00000000000000E+00  0.00000000000000E+00  0.00000000000000E+00  0.00000000000000E+00  0.00000000000000E+00  0.83135336247085E+04  0.00000000000000E+00  0.00000000000000E+00  0.00000000000000E+00  0.00000000000000E+00  0.00000000000000E+00
  -0.32254965529831E+04  0.78346490964796E+03 -0.15123867826549E+03 -0.98018855290034E+03  0.17926715864686E+03 -0.13877269156526E+03 -0.15875752319754E+03  0.16552335040116E+03 -0.67050515958744E+03  0.60458831450294E+02 -0.72882122703613E+01 -0.79095879753174E+00 -0.75320600335939E-01 -0.10137379978520E-02 -0.15004161965507E+04  0.21141382295300E+03 -0.14254028565683E+04 -0.87662046982846E+03  0.77927353598251E+04  0.00000000000000E+00  0.00000000000000E+00  0.00000000000000E+00  0.00000000000000E+00  0.00000000000000E+00  0.00000000000000E+00  0.00000000000000E+00  0.00000000000000E+00  0.00000000000000E+00  0.00000000000000E+00  0.00000000000000E+00  0.00000000000000E+00  0.00000000000000E+00  0.00000000000000E+00  0.00000000000000E+00  0.00000000000000E+00  0.42630621930252E+04  0.00000000000000E+00  0.00000000000000E+00  0.00000000000000E+00  0.00000000000000E+00
  -0.14985069337852E+05 -0.23657043590547E+04  0.51600748137157E+02 -0.94773087860939E+04  0.33272997784668E+03 -0.30447165867099E+04 -0.12786046631242E+04 -0.26173968299296E+06  0.11156705622720E+06  0.30855553024005E+04 -0.11605559757442E+04  0.29915492116318E+03  0.29851364571279E+02 -0.16405055998658E+01 -0.24666254788625E+04 -0.28674115285143E+03  0.13366252252333E+04  0.14298194433222E+04 -0.18722315188905E+05  0.00000000000000E+00  0.00000000000000E+00  0.00000000000000E+00  0.00000000000000E+00  0.00000000000000E+00  0.00000000000000E+00  0.00000000000000E+00  0.00000000000000E+00  0.00000000000000E+00  0.00000000000000E+00  0.00000000000000E+00  0.00000000000000E+00  0.00000000000000E+00  0.00000000000000E+00  0.00000000000000E+00  0.00000000000000E+00  0.00000000000000E+00  0.12389836385312E+06  0.00000000000000E+00  0.00000000000000E+00  0.00000000000000E+00
   0.16583339135756E+05 -0.22367637443783E+04  0.72353556612916E+03 -0.15667862261812E+05  0.24935427109981E+04 -0.33919426721352E+04 -0.31730321984751E+04 -0.86023111005994E+04  0.15830940192661E+04  0.44104969140015E+03 -0.69395950730512E+02  0.32306975103923E+03  0.72530740814444E+02  0.74482947438496E-04  0.18049773370647E+03 -0.32382753441169E+02  0.22541749477537E+03  0.15612154824029E+03  0.44063873916893E+05  0.11652928963203E+02 -0.41841468506761E+04  0.15053842187009E+04  0.37533157289067E+04  0.19995179015675E+05  0.00000000000000E+00  0.00000000000000E+00  0.00000000000000E+00  0.00000000000000E+00  0.00000000000000E+00  0.00000000000000E+00  0.00000000000000E+00  0.00000000000000E+00  0.00000000000000E+00  0.00000000000000E+00  0.00000000000000E+00  0.00000000000000E+00  0.00000000000000E+00  0.39247773745318E+05  0.00000000000000E+00  0.00000000000000E+00
  -0.70606019706956E+05  0.85382573205863E+04 -0.25583545232124E+04 -0.71875974907569E+04  0.81936653411334E+03 -0.18580730633698E+04 -0.11531584840764E+04 -0.13674993042518E+06  0.44192136144848E+05  0.27858022324542E+04 -0.83660205745835E+03 -0.28594091090546E+04 -0.20464338601103E+03 -0.34861397353806E+01 -0.83397645169145E+03  0.23926169096814E+03 -0.16582093725034E+04 -0.11392615226801E+04  0.20522476988962E+05  0.00000000000000E+00  0.00000000000000E+00 -0.39057160445808E+03 -0.21437748789761E+04  0.15678933156595E+04  0.00000000000000E+00  0.00000000000000E+00  0.00000000000000E+00  0.00000000000000E+00  0.00000000000000E+00  0.00000000000000E+00  0.00000000000000E+00  0.00000000000000E+00  0.00000000000000E+00  0.00000000000000E+00  0.00000000000000E+00  0.00000000000000E+00  0.00000000000000E+00  0.00000000000000E+00  0.94933656013324E+05  0.00000000000000E+00
  -0.55739779855131E+05  0.71654968049978E+04 -0.20756342495531E+04 -0.21280508388664E+05  0.25180490450047E+04 -0.53592076592680E+04 -0.34370009056148E+04 -0.17009538700627E+06  0.54424636820749E+05  0.35501354230061E+04 -0.10488590132149E+04  0.26714784012172E-10  0.13652057705209E-10  0.65283906513393E-12 -0.93973349997018E+03  0.26813871537719E+03 -0.18425524433397E+04 -0.12667543829490E+04  0.63186511395926E+05 -0.26873326080040E+02  0.41310360298060E+04 -0.28043769260501E+04 -0.81622083095746E+04 -0.29771753697059E+05  0.00000000000000E+00  0.00000000000000E+00  0.00000000000000E+00  0.00000000000000E+00  0.00000000000000E+00  0.00000000000000E+00  0.00000000000000E+00  0.00000000000000E+00  0.00000000000000E+00  0.00000000000000E+00  0.00000000000000E+00  0.00000000000000E+00  0.00000000000000E+00  0.00000000000000E+00  0.00000000000000E+00  0.99618789928973E+05

 # Covariance matrix (Bevington epsilon)
