# fitpack15: fit parameters                                                                         
# CJ15 AV18 final data choices                                                                      
# Created on 01/27/2020 at 11:26:22                                                                 

 # QCD setup
  INS                           0
  NVL                          11
  IORD                          1
  Q02                   1.6899999999999999     
  IPARAMC                       7
  FLAVOR                4.0000000000000000     
  xmc                   1.3000000000000000     
  xmb                   4.5000000000000000     
  ncb                          12
  ihq                           1
  ias                           0

 # Theory corrections
  inuke                     10814
  itmc                          1
  iht                           1

 # fit parameters
 LAMBDA       0.22680        0.0000    
 a0uv          2.4052        0.0000    
 a1uv         0.61524       0.19860E-01
 a2uv          3.5435       0.12408E-01
 a3uv          0.0000        0.0000    
 a4uv          3.4644       0.42910    
 a5uv          0.0000        0.0000    
 a0dv          24.686        0.0000    
 a1dv          1.1595       0.33540E-01
 a2dv          6.5526       0.15910    
 a3dv         -3.5027       0.86130E-01
 a4dv          4.6783       0.14284    
 a5dv          0.0000        0.0000    
 a0ud         0.14660       0.50360E-02
 a1ud        -0.20774       0.37550E-02
 a2ud          8.3257       0.19169    
 a3ud          0.0000        0.0000    
 a4ud          14.593        1.2243    
 a5ud          0.0000        0.0000    
 a0du          35712.        0.0000    
 a1du          4.0256       0.75454E-01
 a2du          20.138       0.87840    
 a3du          17.000        0.0000    
 a4du          51.056        10.558    
 a0g           45.601        0.0000    
 a1g          0.60341       0.31108E-01
 a2g           6.4948       0.95759    
 a3g          -3.3066       0.13361    
 a4g           3.1749       0.31883    
 a5g           0.0000        0.0000    
 kappa        0.40000        0.0000    
 a6dv        -0.36429E-02   0.66989E-03
 a7dv          2.0000        0.0000    
 off1         -3.6388        1.5189    
 off2         0.56418E-01   0.59369E-01
 ht1          -3.2910       0.25826    
 ht2           1.9297       0.10516    
 ht3          -2.0687       0.18450E-01
 ht4           0.0000        0.0000    
 dummy40       0.0000        0.0000    
 dummy41       0.0000        0.0000    
 dummy42       0.0000        0.0000    
 dummy43       0.0000        0.0000    
 dummy44       0.0000        0.0000    
 dummy45       0.0000        0.0000    
 dummy46       0.0000        0.0000    
 dummy47       0.0000        0.0000    
 dummy48       0.0000        0.0000    
 dummy49       0.0000        0.0000    
 bcdmsh2      0.97307       0.48216E-02
 bcdmsd2      0.99315       0.58309E-02
 ccfr          1.0000        0.0000    
 nutev         1.0000        0.0000    
 zeus         0.97998        0.0000    
 h1            1.0162        0.0000    
 e605          1.0319        0.0000    
 NmcH2         1.0094       0.71227E-02
 ntv_nu        1.0000        0.0000    
 ntv_nubar     1.0000        0.0000    
 cdf_jet      0.98910        0.0000    
 d0_jet       0.83504        0.0000    
 slac_p        1.0049       0.48127E-02
 slac_d        1.0041       0.52763E-02
 e866pp       0.96576       0.19254E-01
 e866pd       0.96369       0.15815E-01
 d0_gamjet     1.0389       0.16480E-01
 h1b          0.97608        0.0000    
 jlab_p       0.99433       0.57917E-02
 jlab_d       0.97543       0.59064E-02
 blank         1.0000        0.0000    
 d0run2       0.94084       0.14132E-01
 cdfrun2      0.92647       0.17221E-01
 HERA_el       1.0000        0.0000    
 HERA_ps       1.0000        0.0000    
 CDF_Z        0.96581       0.65145E-02
 NmcRat        1.0000        0.0000    
 BNS_F2nd     0.98318       0.69136E-02
 HERMES_F2p   0.99830       0.55661E-02
 HERMES_F2d   0.98037       0.58219E-02
 END 0. 0.

 # Hessian matrix (Bevington alpha)
   0.48825946808725E+07 -0.12869232918628E+07  0.23414459674062E+06  0.47974656468091E+06 -0.12589451925004E+06 -0.22998107195283E+05  0.55001567535282E+05  0.89985042481872E+06 -0.17316932746265E+06 -0.48204312767317E+05  0.73372206253848E+04  0.15524734098413E+05  0.17549093857127E+04 -0.11138883250721E+03  0.74858287506631E+04 -0.19160846914996E+04  0.10835184290587E+05  0.77514367822139E+04 -0.74169417263385E+07 -0.14468278605817E+04 -0.19897084657284E+06  0.54364877540369E+05  0.17241268578186E+06  0.71398541637346E+06 -0.12683279254782E+06 -0.53806251359122E+05 -0.43644881930424E+04 -0.83705066429711E+06 -0.10837225680552E+07 -0.20560732115794E+05 -0.46328994250445E+05 -0.30763956019651E+04 -0.19827230005437E+06 -0.22383309794207E+06 -0.90957345002936E+04 -0.32241764336632E+04 -0.14885101246841E+05  0.16553240468153E+05 -0.70481389967819E+05 -0.55632579467755E+05
  -0.12869232918628E+07  0.41317371443246E+06 -0.63822364651652E+05 -0.13521294713646E+06  0.35163956745247E+05  0.87543398260419E+04 -0.12240948447482E+05 -0.12117486846151E+06  0.26406344603883E+05  0.74606828009574E+04 -0.93316381978964E+03 -0.12546031488484E+04 -0.14649763549591E+03  0.13431674473465E+02  0.66614262058167E+03 -0.52805687574595E+02  0.17654763567859E+03  0.99463875975129E+02  0.25465603629123E+07  0.57914305869189E+03  0.56834288656638E+05 -0.11843610101561E+05 -0.41249403386593E+05 -0.19687786109140E+06  0.16566917405051E+05  0.81945266980491E+04 -0.24071454308416E+03  0.20915885764116E+06  0.26336943058978E+06  0.58045632383332E+04  0.13226750304364E+05  0.42098299230690E+03  0.63441243084590E+05  0.71054194010360E+05  0.24668748521447E+04  0.78406346930719E+03 -0.23714478654849E+04 -0.22361521091837E+04  0.85342541801024E+04  0.71623830346284E+04
   0.23414459674062E+06 -0.63822364651652E+05  0.11354363361724E+05  0.23267361269506E+05 -0.61966700749497E+04 -0.13403657798933E+04  0.25839094976067E+04  0.31582844272926E+05 -0.59272902618774E+04 -0.19979323009386E+04  0.26147882102064E+03  0.48594035272216E+03  0.63737428516256E+02 -0.50504087626565E+01 -0.39329319669531E+03 -0.15435800651118E+00 -0.18354579279447E+03 -0.24233467127834E+02 -0.37178162069384E+06 -0.74554599470058E+02 -0.96987854606154E+04  0.25309666710580E+04  0.80488845387831E+04  0.34420685923563E+05 -0.55592429483140E+04 -0.23733052597143E+04  0.51693102988327E+02 -0.39134601624744E+05 -0.50847707162211E+05 -0.10079443197712E+04 -0.22812123734352E+04 -0.11912107356972E+03 -0.99574881057242E+04 -0.11208784565328E+05 -0.43710706503342E+03 -0.15227763445177E+03  0.56043627470284E+02  0.72684430395847E+03 -0.25691958739388E+04 -0.20845517886342E+04
   0.47974656468091E+06 -0.13521294713646E+06  0.23267361269506E+05  0.39518319818920E+06 -0.62380872014704E+05  0.75527936531904E+05  0.64637212433062E+05  0.34504435371389E+06 -0.25223308231693E+05 -0.18276153380367E+05  0.33558191660257E+04 -0.13646850558033E+04 -0.15617971493415E+03  0.58348205432535E+02  0.30589138578491E+05 -0.37058904038802E+04  0.27617942237285E+05  0.15447109622163E+05 -0.22112962682230E+07 -0.22512715263007E+03 -0.58301841584528E+05  0.19650643256403E+05  0.54691282904206E+05  0.23162064644371E+06 -0.12769817427419E+05 -0.21141308060651E+05 -0.67144527125769E+02 -0.65707944844648E+05 -0.34062415067702E+06 -0.14153125550655E+04 -0.24903620179086E+04 -0.73994821508531E+02 -0.11739581325900E+05 -0.52641455664523E+05 -0.25115011858660E+04 -0.98086337939925E+03 -0.94773960817745E+04 -0.15683218819767E+05 -0.71879510876208E+04 -0.21273839780990E+05
  -0.12589451925004E+06  0.35163956745247E+05 -0.61966700749497E+04 -0.62380872014704E+05  0.11701120950967E+05 -0.78560522234994E+04 -0.94253316258292E+04 -0.32231904626290E+05  0.33609061355858E+03  0.23911687750292E+04 -0.34110578762551E+03 -0.41948012683890E+02  0.45620380449408E+01 -0.52273853181296E+01 -0.26043486327788E+04  0.32096190928538E+03 -0.22961016215159E+04 -0.13021754317060E+04  0.48747456868572E+06  0.70216663823389E+02  0.12123926958073E+05 -0.36770596554253E+04 -0.10224265858205E+05 -0.46220630575651E+05  0.19978178392658E+04  0.33669756362178E+04 -0.56101847810136E+02  0.11946864419645E+05  0.63027744396492E+05  0.33936114400645E+03  0.57760108783199E+03  0.95602443118343E+01  0.29766796061614E+04  0.13140591377607E+05  0.48220900542705E+03  0.17898538493341E+03  0.33357292879517E+03  0.24939859398403E+04  0.81843986815721E+03  0.25144364202807E+04
  -0.22998107195283E+05  0.87543398260419E+04 -0.13403657798933E+04  0.75527936531904E+05 -0.78560522234994E+04  0.24272533271153E+05  0.14741462550647E+05  0.10464285062222E+06 -0.93002933005760E+04 -0.46001527620806E+04  0.10000066531720E+04 -0.70701051272929E+03 -0.69326123213852E+02  0.19744960382418E+02  0.92971012108265E+04 -0.11557561124750E+04  0.85437098034075E+04  0.48437451678288E+04 -0.66201970474166E+05  0.52022235519072E+02 -0.43149913294404E+04  0.24597432313755E+04  0.67537706294197E+04  0.20931242645271E+05 -0.28117295141283E+04 -0.43126451655639E+04  0.15298304122062E+03 -0.88258267585007E+04 -0.43658198389984E+05 -0.23609878270225E+01 -0.33581322697403E+02 -0.19547856730338E+02  0.34346571085490E+03  0.11763235483863E+04 -0.27206323958303E+03 -0.13732813965444E+03 -0.30323455892336E+04 -0.33674753407709E+04 -0.18468180225070E+04 -0.53239169735264E+04
   0.55001567535282E+05 -0.12240948447482E+05  0.25839094976067E+04  0.64637212433062E+05 -0.94253316258292E+04  0.14741462550647E+05  0.11567405295446E+05  0.58062140385467E+05 -0.29420277770004E+04 -0.32840019932893E+04  0.58511987015905E+03 -0.21416002442220E+03 -0.27379684755103E+02  0.10379193724079E+02  0.48054235952017E+04 -0.60627312739189E+03  0.43043895631079E+04  0.24719302896408E+04 -0.24953496826347E+06 -0.32929218096369E+01 -0.79876494696657E+04  0.30456799903496E+04  0.83077797390130E+04  0.32385164505580E+05 -0.24948895272441E+04 -0.39119026129060E+04  0.13577423151342E+03 -0.10070723255585E+05 -0.52570017666941E+05 -0.17120266209084E+03 -0.29160745819285E+03 -0.13754261619271E+02 -0.10703632899350E+04 -0.49576898327735E+04 -0.37413086627190E+03 -0.15771881801440E+03 -0.12736959757387E+04 -0.31567163758195E+04 -0.11470144738588E+04 -0.34172337098773E+04
   0.89985042481872E+06 -0.12117486846151E+06  0.31582844272926E+05  0.34504435371389E+06 -0.32231904626290E+05  0.10464285062222E+06  0.58062140385467E+05  0.49633208037467E+07 -0.23094474078827E+07 -0.85077913464078E+05  0.25838492696897E+05  0.27258490985194E+05  0.18156011685046E+04  0.10337470685768E+03  0.82322076982276E+05 -0.10455792226709E+05  0.85350571169407E+05  0.45995572930536E+05 -0.56849943579173E+06  0.36676963442997E+03 -0.26361132709020E+05  0.27893132828828E+05  0.87689800220433E+05  0.23832983267690E+06 -0.60420768655310E+05 -0.48599134624194E+05 -0.66761782766207E+05 -0.28048418033339E+06 -0.55677631893468E+06 -0.72554506847924E+05 -0.16222945703901E+06 -0.13288745516523E+04 -0.56940182205631E+04 -0.11181796218144E+05  0.77818798126984E+02  0.17006654051138E+03 -0.26179773175750E+06 -0.85710382703096E+04 -0.13668863831883E+06 -0.17004727695297E+06
  -0.17316932746265E+06  0.26406344603883E+05 -0.59272902618774E+04 -0.25223308231693E+05  0.33609061355858E+03 -0.93002933005760E+04 -0.29420277770004E+04 -0.23094474078827E+07  0.19285133874052E+07  0.18958582863962E+05 -0.65109557072901E+04 -0.58701739426801E+04 -0.32110817460187E+03 -0.14219593449816E+02  0.49963595699481E+05 -0.23561930865252E+04  0.17223055358101E+05  0.83749892217278E+04 -0.26955994007901E+05 -0.91576542654700E+02  0.63648046714079E+03 -0.56721442021788E+04 -0.18930903422939E+05 -0.45942264024622E+05  0.11429674921789E+05  0.10827740686753E+05  0.24098684483374E+05  0.65444220183026E+05  0.12576490042848E+06  0.23162915565573E+05  0.51903263278913E+05  0.17934048543843E+03  0.61781593028010E+03  0.12476198385857E+04 -0.12009952271964E+04 -0.67145474305431E+03  0.11157296136247E+06  0.15769685996369E+04  0.44169457844243E+05  0.54408286539307E+05
  -0.48204312767317E+05  0.74606828009574E+04 -0.19979323009386E+04 -0.18276153380367E+05  0.23911687750292E+04 -0.46001527620806E+04 -0.32840019932893E+04 -0.85077913464078E+05  0.18958582863962E+05  0.26386683378979E+04 -0.63953153714650E+03 -0.70093236932099E+03 -0.61342635096361E+02 -0.19643461235197E+01 -0.39769744664790E+04  0.48211159811124E+03 -0.36271678188053E+04 -0.20415313605629E+04  0.56760414233043E+05 -0.82998929468791E+01  0.23418789680069E+04 -0.12699763555588E+04 -0.37120169226566E+04 -0.11752869405455E+05  0.27323799093149E+04  0.18929804332019E+04  0.72731244618934E+03  0.10922593889566E+05  0.22856608959130E+05  0.15287569826826E+04  0.33464868362871E+04  0.43090300634737E+02  0.57536207766376E+03  0.10918310401687E+04  0.13473332217219E+03  0.60226250903495E+02  0.30838067263865E+04  0.43932329941815E+03  0.27821195103255E+04  0.35455355559981E+04
   0.73372206253848E+04 -0.93316381978964E+03  0.26147882102064E+03  0.33558191660257E+04 -0.34110578762551E+03  0.10000066531720E+04  0.58511987015905E+03  0.25838492696897E+05 -0.65109557072901E+04 -0.63953153714650E+03  0.18065965784094E+03  0.20779907111256E+03  0.15007193380885E+02  0.75489424000819E+00  0.12633575410649E+04 -0.13921184783674E+03  0.11016444300533E+04  0.59758493498218E+03 -0.64528945227179E+04  0.26879638143804E+01 -0.26996625629519E+03  0.21769134232007E+03  0.66975628048647E+03  0.18897872822881E+04 -0.48551663135173E+03 -0.36660395741348E+03 -0.34120933099793E+03 -0.20750698477065E+04 -0.41715201697029E+04 -0.44375035120354E+03 -0.99227527016298E+03 -0.11156970097054E+02 -0.49503844567138E+02 -0.97030040306345E+02 -0.15282667628304E+02 -0.72241666917376E+01 -0.11579858784490E+04 -0.68907182377207E+02 -0.83382801546020E+03 -0.10454989517017E+04
   0.15524734098413E+05 -0.12546031488484E+04  0.48594035272216E+03 -0.13646850558033E+04 -0.41948012683890E+02 -0.70701051272929E+03 -0.21416002442220E+03  0.27258490985194E+05 -0.58701739426801E+04 -0.70093236932099E+03  0.20779907111256E+03  0.18290433765272E+04  0.11878915849326E+03 -0.97941745957681E+00  0.14962392454857E+04 -0.20562616173719E+03  0.16603419758979E+04  0.94617856830320E+03 -0.68168513018556E+04 -0.51256575182166E+01 -0.11566423282472E+03 -0.67655941244091E+01  0.15009307372063E+03 -0.89677803661651E+03 -0.11695459649943E+04 -0.49560174966567E-10 -0.77179418010646E+03 -0.52152790649541E+04  0.72075574354510E-10 -0.25284984419544E+04 -0.74368945552247E+02 -0.83232642311913E+02 -0.21857397448091E+00  0.22089871313042E-11 -0.18378392095999E+01 -0.79204639856904E+00  0.29924565822945E+03  0.32076498450571E+03 -0.28665968030041E+04  0.45834474563360E-10
   0.17549093857127E+04 -0.14649763549591E+03  0.63737428516256E+02 -0.15617971493415E+03  0.45620380449408E+01 -0.69326123213852E+02 -0.27379684755103E+02  0.18156011685046E+04 -0.32110817460187E+03 -0.61342635096361E+02  0.15007193380885E+02  0.11878915849326E+03  0.10606448251410E+02 -0.18267067248978E+00  0.80760902949210E+02 -0.13450227275862E+02  0.98861733525991E+02  0.61053062371914E+02 -0.32193902217801E+03 -0.43263218814406E+00  0.60944644860498E+01  0.12534978153847E+01  0.19474743047593E+02 -0.90961298031701E+02 -0.17264458741657E+03 -0.17814813113711E-11 -0.29661141838380E+02 -0.61230232077821E+03  0.15452159746901E-10 -0.15682801591700E+03 -0.19612836569495E+02 -0.66636760684205E+01 -0.15749304920455E+00 -0.56647360302635E-11 -0.19292966022904E+00 -0.75189057706810E-01  0.29804940909088E+02  0.71946438751902E+02 -0.20463476245320E+03 -0.59846472935807E-11
  -0.11138883250721E+03  0.13431674473465E+02 -0.50504087626565E+01  0.58348205432535E+02 -0.52273853181296E+01  0.19744960382418E+02  0.10379193724079E+02  0.10337470685768E+03 -0.14219593449816E+02 -0.19643461235197E+01  0.75489424000819E+00 -0.97941745957681E+00 -0.18267067248978E+00  0.56575646174286E-01  0.15346477766923E+02 -0.11884428479562E+01  0.99669530044430E+01  0.47230887423010E+01 -0.84148564281067E+02  0.25576020374792E-01 -0.44104468686600E+01  0.54491155711785E+00  0.13895670748892E+01  0.72116496418954E+01  0.72395891841104E-01 -0.32936444084193E-12 -0.65310251756351E+01 -0.92161330295780E+00  0.33741607826749E-11 -0.37705046124401E+01 -0.25602949572713E-04 -0.15258640871662E+00  0.11472996293845E-12  0.31888659744786E-12 -0.18664938019913E-02 -0.10260989474866E-02 -0.16453422458894E+01  0.79668311174424E-04 -0.35388078776684E+01 -0.33895372148776E-12
   0.74858287506631E+04  0.66614262058167E+03 -0.39329319669531E+03  0.30589138578491E+05 -0.26043486327788E+04  0.92971012108265E+04  0.48054235952017E+04  0.82322076982276E+05  0.49963595699481E+05 -0.39769744664790E+04  0.12633575410649E+04  0.14962392454857E+04  0.80760902949210E+02  0.15346477766923E+02  0.48738083540612E+05 -0.44771632177560E+04  0.35768019992508E+05  0.18614267772218E+05 -0.54674660875796E+05  0.24125485501065E+01  0.71577727906342E+03 -0.19778111411546E+03 -0.57546406178273E+03 -0.13481688333112E+04 -0.26056416317978E+04 -0.17131562651571E+04 -0.24510525305550E+04  0.19592405388640E+04  0.41839933216045E+04 -0.15237366767882E+04 -0.29622814881319E+04 -0.71489980489100E+03  0.24336409644515E+03  0.43461409070885E+03 -0.28236545482562E+04 -0.15035214231175E+04 -0.24600004382667E+04  0.17997629848431E+03 -0.83477294652775E+03 -0.94073819855706E+03
  -0.19160846914996E+04 -0.52805687574595E+02 -0.15435800651118E+00 -0.37058904038802E+04  0.32096190928538E+03 -0.11557561124750E+04 -0.60627312739189E+03 -0.10455792226709E+05 -0.23561930865252E+04  0.48211159811124E+03 -0.13921184783674E+03 -0.20562616173719E+03 -0.13450227275862E+02 -0.11884428479562E+01 -0.44771632177560E+04  0.47998779884084E+03 -0.37760161518874E+04 -0.20425369022611E+04  0.64064776964529E+04 -0.90739115169372E+00 -0.10514875065818E+03  0.19410897724409E+02  0.48429351701775E+02  0.13767850539194E+03  0.48140257201715E+03  0.30202307584707E+03  0.28122238657390E+03 -0.15724416286676E+03 -0.46928252875634E+03  0.15712958982552E+03  0.30446419244545E+03  0.78447782388594E+02 -0.65297503570694E+02 -0.11508881947754E+03  0.42954796414708E+03  0.21252800444516E+03 -0.28981945774504E+03 -0.32272795861720E+02  0.24011226497356E+03  0.26912156456140E+03
   0.10835184290587E+05  0.17654763567859E+03 -0.18354579279447E+03  0.27617942237285E+05 -0.22961016215159E+04  0.85437098034075E+04  0.43043895631079E+04  0.85350571169407E+05  0.17223055358101E+05 -0.36271678188053E+04  0.11016444300533E+04  0.16603419758979E+04  0.98861733525991E+02  0.99669530044430E+01  0.35768019992508E+05 -0.37760161518874E+04  0.30159565498033E+05  0.16169207580023E+05 -0.49499904462740E+05  0.14109675695875E+01  0.78821711624759E+03 -0.24684480588470E+03 -0.66891546981420E+03 -0.15283583984223E+04 -0.27532636435141E+04 -0.17687135471359E+04 -0.25058353899733E+04  0.21111195912893E+04  0.45667009258412E+04 -0.12988885183107E+04 -0.25362578482923E+04 -0.62144193788186E+03  0.90700132688407E+02  0.17586018515393E+03 -0.27240668192411E+04 -0.14612228978674E+04  0.14168674772345E+04  0.23310592067773E+03 -0.17103357449590E+04 -0.19001837079987E+04
   0.77514367822139E+04  0.99463875975129E+02 -0.24233467127834E+02  0.15447109622163E+05 -0.13021754317060E+04  0.48437451678288E+04  0.24719302896408E+04  0.45995572930536E+05  0.83749892217278E+04 -0.20415313605629E+04  0.59758493498218E+03  0.94617856830320E+03  0.61053062371914E+02  0.47230887423010E+01  0.18614267772218E+05 -0.20425369022611E+04  0.16169207580023E+05  0.87804714788250E+04 -0.27492905582519E+05  0.21819585969000E+01  0.47476549841346E+03 -0.12877488130211E+03 -0.32558113681446E+03 -0.79288141573621E+03 -0.19067282974944E+04 -0.11934812814647E+04 -0.12576636410641E+04  0.97890777842183E+03  0.24805642664991E+04 -0.65785929945382E+03 -0.12855648155543E+04 -0.34123874468086E+03  0.11699436301600E+03  0.21621278045285E+03 -0.17423443383135E+04 -0.89831602367474E+03  0.14832759041069E+04  0.16057782629339E+03 -0.11695868714298E+04 -0.13003961332445E+04
  -0.74169417263385E+07  0.25465603629123E+07 -0.37178162069384E+06 -0.22112962682230E+07  0.48747456868572E+06 -0.66201970474166E+05 -0.24953496826347E+06 -0.56849943579173E+06 -0.26955994007901E+05  0.56760414233043E+05 -0.64528945227179E+04 -0.68168513018556E+04 -0.32193902217801E+03 -0.84148564281067E+02 -0.54674660875796E+05  0.64064776964529E+04 -0.49499904462740E+05 -0.27492905582519E+05  0.32501315094614E+08  0.66297804891069E+04  0.63089460142376E+06 -0.15699671474055E+06 -0.47247644154078E+06 -0.23822148952126E+07  0.33670501329874E+05  0.74869277319633E+05 -0.11597699710774E+04  0.56001017147379E+06  0.27315117267439E+07  0.17573774742838E+05  0.31270427089263E+05  0.22894649660729E+03  0.18204862935367E+06  0.79513277245327E+06  0.24546999417046E+05  0.77544961469898E+04 -0.18617906759718E+05  0.43853907946235E+05  0.20414708146367E+05  0.62841871475508E+05
  -0.14468278605817E+04  0.57914305869189E+03 -0.74554599470058E+02 -0.22512715263007E+03  0.70216663823389E+02  0.52022235519072E+02 -0.32929218096369E+01  0.36676963442997E+03 -0.91576542654700E+02 -0.82998929468791E+01  0.26879638143804E+01 -0.51256575182166E+01 -0.43263218814406E+00  0.25576020374792E-01  0.24125485501065E+01 -0.90739115169372E+00  0.14109675695875E+01  0.21819585969000E+01  0.66297804891069E+04  0.24468321179878E+01  0.13834107700883E+03 -0.27891164814419E+02 -0.85377302240774E+02 -0.50850480179821E+03  0.00000000000000E+00 -0.24586705525424E+02  0.00000000000000E+00  0.00000000000000E+00  0.44062146563780E+03  0.00000000000000E+00 -0.74924852882345E+01  0.00000000000000E+00  0.00000000000000E+00  0.22318388158463E+03  0.00000000000000E+00  0.00000000000000E+00  0.00000000000000E+00  0.10825882748226E+02  0.00000000000000E+00 -0.26028729643248E+02
  -0.19897084657284E+06  0.56834288656638E+05 -0.96987854606154E+04 -0.58301841584528E+05  0.12123926958073E+05 -0.43149913294404E+04 -0.79876494696657E+04 -0.26361132709020E+05  0.63648046714079E+03  0.23418789680069E+04 -0.26996625629519E+03 -0.11566423282472E+03  0.60944644860498E+01 -0.44104468686600E+01  0.71577727906342E+03 -0.10514875065818E+03  0.78821711624759E+03  0.47476549841346E+03  0.63089460142376E+06  0.13834107700883E+03  0.23426405117990E+05 -0.70342265131897E+04 -0.19358219947247E+05 -0.91157567814010E+05  0.00000000000000E+00  0.47858244467509E+04  0.00000000000000E+00  0.00000000000000E+00  0.10895708216998E+06  0.00000000000000E+00 -0.10892732207297E+04  0.00000000000000E+00  0.00000000000000E+00  0.21690856587399E+05  0.00000000000000E+00  0.00000000000000E+00  0.00000000000000E+00 -0.39835075503193E+04  0.00000000000000E+00  0.39308255532982E+04
   0.54364877540369E+05 -0.11843610101561E+05  0.25309666710580E+04  0.19650643256403E+05 -0.36770596554253E+04  0.24597432313755E+04  0.30456799903496E+04  0.27893132828828E+05 -0.56721442021788E+04 -0.12699763555588E+04  0.21769134232007E+03 -0.67655941244091E+01  0.12534978153847E+01  0.54491155711785E+00 -0.19778111411546E+03  0.19410897724409E+02 -0.24684480588470E+03 -0.12877488130211E+03 -0.15699671474055E+06 -0.27891164814419E+02 -0.70342265131897E+04  0.26500708290403E+04  0.70560167752343E+04  0.30379013456497E+05 -0.52369658162854E+02 -0.20458191118580E+04  0.22350788807133E+01  0.48878109706776E+03 -0.40674247364270E+05  0.00000000000000E+00 -0.16112804266941E+03  0.00000000000000E+00  0.22858829946811E+04 -0.46104385903692E+04  0.00000000000000E+00  0.00000000000000E+00  0.00000000000000E+00  0.14591814505238E+04 -0.39732962096950E+03 -0.27450036221830E+04
   0.17241268578186E+06 -0.41249403386593E+05  0.80488845387831E+04  0.54691282904206E+05 -0.10224265858205E+05  0.67537706294197E+04  0.83077797390130E+04  0.87689800220433E+05 -0.18930903422939E+05 -0.37120169226566E+04  0.66975628048647E+03  0.15009307372063E+03  0.19474743047593E+02  0.13895670748892E+01 -0.57546406178273E+03  0.48429351701775E+02 -0.66891546981420E+03 -0.32558113681446E+03 -0.47247644154078E+06 -0.85377302240774E+02 -0.19358219947247E+05  0.70560167752343E+04  0.19435440562844E+05  0.82486601431034E+05 -0.16346163280021E+03 -0.51023918795086E+04 -0.50354005176735E+02 -0.67760287315726E+04 -0.11224643456130E+06  0.00000000000000E+00 -0.39900778411321E+03  0.00000000000000E+00  0.31660926311132E+04 -0.14654080159293E+05  0.00000000000000E+00  0.00000000000000E+00  0.00000000000000E+00  0.36396011094833E+04 -0.21689203955205E+04 -0.80235889079711E+04
   0.71398541637346E+06 -0.19687786109140E+06  0.34420685923563E+05  0.23162064644371E+06 -0.46220630575651E+05  0.20931242645271E+05  0.32385164505580E+05  0.23832983267690E+06 -0.45942264024622E+05 -0.11752869405455E+05  0.18897872822881E+04 -0.89677803661651E+03 -0.90961298031701E+02  0.72116496418954E+01 -0.13481688333112E+04  0.13767850539194E+03 -0.15283583984223E+04 -0.79288141573621E+03 -0.23822148952126E+07 -0.50850480179821E+03 -0.91157567814010E+05  0.30379013456497E+05  0.82486601431034E+05  0.38519541825577E+06  0.25399233704860E+03 -0.26275342077069E+05 -0.66106449820612E+01  0.37922530890787E+05 -0.46842875489044E+06  0.00000000000000E+00 -0.21114028157720E+04  0.00000000000000E+00  0.16069412704011E+05 -0.77402946624138E+05  0.00000000000000E+00  0.00000000000000E+00  0.00000000000000E+00  0.19393208507551E+05  0.15727438609938E+04 -0.28897843071812E+05
  -0.12683279254782E+06  0.16566917405051E+05 -0.55592429483140E+04 -0.12769817427419E+05  0.19978178392658E+04 -0.28117295141283E+04 -0.24948895272441E+04 -0.60420768655310E+05  0.11429674921789E+05  0.27323799093149E+04 -0.48551663135173E+03 -0.11695459649943E+04 -0.17264458741657E+03  0.72395891841104E-01 -0.26056416317978E+04  0.48140257201715E+03 -0.27532636435141E+04 -0.19067282974944E+04  0.33670501329874E+05  0.00000000000000E+00  0.00000000000000E+00 -0.52369658162854E+02 -0.16346163280021E+03  0.25399233704860E+03  0.11624970932742E+06  0.00000000000000E+00  0.00000000000000E+00  0.00000000000000E+00  0.00000000000000E+00  0.00000000000000E+00  0.00000000000000E+00  0.00000000000000E+00  0.00000000000000E+00  0.00000000000000E+00  0.00000000000000E+00  0.00000000000000E+00  0.00000000000000E+00  0.00000000000000E+00  0.00000000000000E+00  0.00000000000000E+00
  -0.53806251359122E+05  0.81945266980491E+04 -0.23733052597143E+04 -0.21141308060651E+05  0.33669756362178E+04 -0.43126451655639E+04 -0.39119026129060E+04 -0.48599134624194E+05  0.10827740686753E+05  0.18929804332019E+04 -0.36660395741348E+03 -0.49560174966567E-10 -0.17814813113711E-11 -0.32936444084193E-12 -0.17131562651571E+04  0.30202307584707E+03 -0.17687135471359E+04 -0.11934812814647E+04  0.74869277319633E+05 -0.24586705525424E+02  0.47858244467509E+04 -0.20458191118580E+04 -0.51023918795086E+04 -0.26275342077069E+05  0.00000000000000E+00  0.64567078241954E+05  0.00000000000000E+00  0.00000000000000E+00  0.00000000000000E+00  0.00000000000000E+00  0.00000000000000E+00  0.00000000000000E+00  0.00000000000000E+00  0.00000000000000E+00  0.00000000000000E+00  0.00000000000000E+00  0.00000000000000E+00  0.00000000000000E+00  0.00000000000000E+00  0.00000000000000E+00
  -0.43644881930424E+04 -0.24071454308416E+03  0.51693102988327E+02 -0.67144527125769E+02 -0.56101847810136E+02  0.15298304122062E+03  0.13577423151342E+03 -0.66761782766207E+05  0.24098684483374E+05  0.72731244618934E+03 -0.34120933099793E+03 -0.77179418010646E+03 -0.29661141838380E+02 -0.65310251756351E+01 -0.24510525305550E+04  0.28122238657390E+03 -0.25058353899733E+04 -0.12576636410641E+04 -0.11597699710774E+04  0.00000000000000E+00  0.00000000000000E+00  0.22350788807133E+01 -0.50354005176735E+02 -0.66106449820612E+01  0.00000000000000E+00  0.00000000000000E+00  0.30655145527390E+05  0.00000000000000E+00  0.00000000000000E+00  0.00000000000000E+00  0.00000000000000E+00  0.00000000000000E+00  0.00000000000000E+00  0.00000000000000E+00  0.00000000000000E+00  0.00000000000000E+00  0.00000000000000E+00  0.00000000000000E+00  0.00000000000000E+00  0.00000000000000E+00
  -0.83705066429711E+06  0.20915885764116E+06 -0.39134601624744E+05 -0.65707944844648E+05  0.11946864419645E+05 -0.88258267585007E+04 -0.10070723255585E+05 -0.28048418033339E+06  0.65444220183026E+05  0.10922593889566E+05 -0.20750698477065E+04 -0.52152790649541E+04 -0.61230232077821E+03 -0.92161330295780E+00  0.19592405388640E+04 -0.15724416286676E+03  0.21111195912893E+04  0.97890777842183E+03  0.56001017147379E+06  0.00000000000000E+00  0.00000000000000E+00  0.48878109706776E+03 -0.67760287315726E+04  0.37922530890787E+05  0.00000000000000E+00  0.00000000000000E+00  0.00000000000000E+00  0.57740093726489E+06  0.00000000000000E+00  0.00000000000000E+00  0.00000000000000E+00  0.00000000000000E+00  0.00000000000000E+00  0.00000000000000E+00  0.00000000000000E+00  0.00000000000000E+00  0.00000000000000E+00  0.00000000000000E+00  0.00000000000000E+00  0.00000000000000E+00
  -0.10837225680552E+07  0.26336943058978E+06 -0.50847707162211E+05 -0.34062415067702E+06  0.63027744396492E+05 -0.43658198389984E+05 -0.52570017666941E+05 -0.55677631893468E+06  0.12576490042848E+06  0.22856608959130E+05 -0.41715201697029E+04  0.72075574354510E-10  0.15452159746901E-10  0.33741607826749E-11  0.41839933216045E+04 -0.46928252875634E+03  0.45667009258412E+04  0.24805642664991E+04  0.27315117267439E+07  0.44062146563780E+03  0.10895708216998E+06 -0.40674247364270E+05 -0.11224643456130E+06 -0.46842875489044E+06  0.00000000000000E+00  0.00000000000000E+00  0.00000000000000E+00  0.00000000000000E+00  0.91760513683657E+06  0.00000000000000E+00  0.00000000000000E+00  0.00000000000000E+00  0.00000000000000E+00  0.00000000000000E+00  0.00000000000000E+00  0.00000000000000E+00  0.00000000000000E+00  0.00000000000000E+00  0.00000000000000E+00  0.00000000000000E+00
  -0.20560732115794E+05  0.58045632383332E+04 -0.10079443197712E+04 -0.14153125550655E+04  0.33936114400645E+03 -0.23609878270225E+01 -0.17120266209084E+03 -0.72554506847924E+05  0.23162915565573E+05  0.15287569826826E+04 -0.44375035120354E+03 -0.25284984419544E+04 -0.15682801591700E+03 -0.37705046124401E+01 -0.15237366767882E+04  0.15712958982552E+03 -0.12988885183107E+04 -0.65785929945382E+03  0.17573774742838E+05  0.00000000000000E+00  0.00000000000000E+00  0.00000000000000E+00  0.00000000000000E+00  0.00000000000000E+00  0.00000000000000E+00  0.00000000000000E+00  0.00000000000000E+00  0.00000000000000E+00  0.00000000000000E+00  0.14765138955266E+05  0.00000000000000E+00  0.00000000000000E+00  0.00000000000000E+00  0.00000000000000E+00  0.00000000000000E+00  0.00000000000000E+00  0.00000000000000E+00  0.00000000000000E+00  0.00000000000000E+00  0.00000000000000E+00
  -0.46328994250445E+05  0.13226750304364E+05 -0.22812123734352E+04 -0.24903620179086E+04  0.57760108783199E+03 -0.33581322697403E+02 -0.29160745819285E+03 -0.16222945703901E+06  0.51903263278913E+05  0.33464868362871E+04 -0.99227527016298E+03 -0.74368945552247E+02 -0.19612836569495E+02 -0.25602949572713E-04 -0.29622814881319E+04  0.30446419244545E+03 -0.25362578482923E+04 -0.12855648155543E+04  0.31270427089263E+05 -0.74924852882345E+01 -0.10892732207297E+04 -0.16112804266941E+03 -0.39900778411321E+03 -0.21114028157720E+04  0.00000000000000E+00  0.00000000000000E+00  0.00000000000000E+00  0.00000000000000E+00  0.00000000000000E+00  0.00000000000000E+00  0.31789702586693E+05  0.00000000000000E+00  0.00000000000000E+00  0.00000000000000E+00  0.00000000000000E+00  0.00000000000000E+00  0.00000000000000E+00  0.00000000000000E+00  0.00000000000000E+00  0.00000000000000E+00
  -0.30763956019651E+04  0.42098299230690E+03 -0.11912107356972E+03 -0.73994821508531E+02  0.95602443118343E+01 -0.19547856730338E+02 -0.13754261619271E+02 -0.13288745516523E+04  0.17934048543843E+03  0.43090300634737E+02 -0.11156970097054E+02 -0.83232642311913E+02 -0.66636760684205E+01 -0.15258640871662E+00 -0.71489980489100E+03  0.78447782388594E+02 -0.62144193788186E+03 -0.34123874468086E+03  0.22894649660729E+03  0.00000000000000E+00  0.00000000000000E+00  0.00000000000000E+00  0.00000000000000E+00  0.00000000000000E+00  0.00000000000000E+00  0.00000000000000E+00  0.00000000000000E+00  0.00000000000000E+00  0.00000000000000E+00  0.00000000000000E+00  0.00000000000000E+00  0.37861732808687E+04  0.00000000000000E+00  0.00000000000000E+00  0.00000000000000E+00  0.00000000000000E+00  0.00000000000000E+00  0.00000000000000E+00  0.00000000000000E+00  0.00000000000000E+00
  -0.19827230005437E+06  0.63441243084590E+05 -0.99574881057242E+04 -0.11739581325900E+05  0.29766796061614E+04  0.34346571085490E+03 -0.10703632899350E+04 -0.56940182205631E+04  0.61781593028010E+03  0.57536207766376E+03 -0.49503844567138E+02 -0.21857397448091E+00 -0.15749304920455E+00  0.11472996293845E-12  0.24336409644515E+03 -0.65297503570694E+02  0.90700132688407E+02  0.11699436301600E+03  0.18204862935367E+06  0.00000000000000E+00  0.00000000000000E+00  0.22858829946811E+04  0.31660926311132E+04  0.16069412704011E+05  0.00000000000000E+00  0.00000000000000E+00  0.00000000000000E+00  0.00000000000000E+00  0.00000000000000E+00  0.00000000000000E+00  0.00000000000000E+00  0.00000000000000E+00  0.10552786710505E+06  0.00000000000000E+00  0.00000000000000E+00  0.00000000000000E+00  0.00000000000000E+00  0.00000000000000E+00  0.00000000000000E+00  0.00000000000000E+00
  -0.22383309794207E+06  0.71054194010360E+05 -0.11208784565328E+05 -0.52641455664523E+05  0.13140591377607E+05  0.11763235483863E+04 -0.49576898327735E+04 -0.11181796218144E+05  0.12476198385857E+04  0.10918310401687E+04 -0.97030040306345E+02  0.22089871313042E-11 -0.56647360302635E-11  0.31888659744786E-12  0.43461409070885E+03 -0.11508881947754E+03  0.17586018515393E+03  0.21621278045285E+03  0.79513277245327E+06  0.22318388158463E+03  0.21690856587399E+05 -0.46104385903692E+04 -0.14654080159293E+05 -0.77402946624138E+05  0.00000000000000E+00  0.00000000000000E+00  0.00000000000000E+00  0.00000000000000E+00  0.00000000000000E+00  0.00000000000000E+00  0.00000000000000E+00  0.00000000000000E+00  0.00000000000000E+00  0.13869429369560E+06  0.00000000000000E+00  0.00000000000000E+00  0.00000000000000E+00  0.00000000000000E+00  0.00000000000000E+00  0.00000000000000E+00
  -0.90957345002936E+04  0.24668748521447E+04 -0.43710706503342E+03 -0.25115011858660E+04  0.48220900542705E+03 -0.27206323958303E+03 -0.37413086627190E+03  0.77818798126984E+02 -0.12009952271964E+04  0.13473332217219E+03 -0.15282667628304E+02 -0.18378392095999E+01 -0.19292966022904E+00 -0.18664938019913E-02 -0.28236545482562E+04  0.42954796414708E+03 -0.27240668192411E+04 -0.17423443383135E+04  0.24546999417046E+05  0.00000000000000E+00  0.00000000000000E+00  0.00000000000000E+00  0.00000000000000E+00  0.00000000000000E+00  0.00000000000000E+00  0.00000000000000E+00  0.00000000000000E+00  0.00000000000000E+00  0.00000000000000E+00  0.00000000000000E+00  0.00000000000000E+00  0.00000000000000E+00  0.00000000000000E+00  0.00000000000000E+00  0.83087370562024E+04  0.00000000000000E+00  0.00000000000000E+00  0.00000000000000E+00  0.00000000000000E+00  0.00000000000000E+00
  -0.32241764336632E+04  0.78406346930719E+03 -0.15227763445177E+03 -0.98086337939925E+03  0.17898538493341E+03 -0.13732813965444E+03 -0.15771881801440E+03  0.17006654051138E+03 -0.67145474305431E+03  0.60226250903495E+02 -0.72241666917376E+01 -0.79204639856904E+00 -0.75189057706810E-01 -0.10260989474866E-02 -0.15035214231175E+04  0.21252800444516E+03 -0.14612228978674E+04 -0.89831602367474E+03  0.77544961469898E+04  0.00000000000000E+00  0.00000000000000E+00  0.00000000000000E+00  0.00000000000000E+00  0.00000000000000E+00  0.00000000000000E+00  0.00000000000000E+00  0.00000000000000E+00  0.00000000000000E+00  0.00000000000000E+00  0.00000000000000E+00  0.00000000000000E+00  0.00000000000000E+00  0.00000000000000E+00  0.00000000000000E+00  0.00000000000000E+00  0.42627670723610E+04  0.00000000000000E+00  0.00000000000000E+00  0.00000000000000E+00  0.00000000000000E+00
  -0.14885101246841E+05 -0.23714478654849E+04  0.56043627470284E+02 -0.94773960817745E+04  0.33357292879517E+03 -0.30323455892336E+04 -0.12736959757387E+04 -0.26179773175750E+06  0.11157296136247E+06  0.30838067263865E+04 -0.11579858784490E+04  0.29924565822945E+03  0.29804940909088E+02 -0.16453422458894E+01 -0.24600004382667E+04 -0.28981945774504E+03  0.14168674772345E+04  0.14832759041069E+04 -0.18617906759718E+05  0.00000000000000E+00  0.00000000000000E+00  0.00000000000000E+00  0.00000000000000E+00  0.00000000000000E+00  0.00000000000000E+00  0.00000000000000E+00  0.00000000000000E+00  0.00000000000000E+00  0.00000000000000E+00  0.00000000000000E+00  0.00000000000000E+00  0.00000000000000E+00  0.00000000000000E+00  0.00000000000000E+00  0.00000000000000E+00  0.00000000000000E+00  0.12383175437683E+06  0.00000000000000E+00  0.00000000000000E+00  0.00000000000000E+00
   0.16553240468153E+05 -0.22361521091837E+04  0.72684430395847E+03 -0.15683218819767E+05  0.24939859398403E+04 -0.33674753407709E+04 -0.31567163758195E+04 -0.85710382703096E+04  0.15769685996369E+04  0.43932329941815E+03 -0.68907182377207E+02  0.32076498450571E+03  0.71946438751902E+02  0.79668311174424E-04  0.17997629848431E+03 -0.32272795861720E+02  0.23310592067773E+03  0.16057782629339E+03  0.43853907946235E+05  0.10825882748226E+02 -0.39835075503193E+04  0.14591814505238E+04  0.36396011094833E+04  0.19393208507551E+05  0.00000000000000E+00  0.00000000000000E+00  0.00000000000000E+00  0.00000000000000E+00  0.00000000000000E+00  0.00000000000000E+00  0.00000000000000E+00  0.00000000000000E+00  0.00000000000000E+00  0.00000000000000E+00  0.00000000000000E+00  0.00000000000000E+00  0.00000000000000E+00  0.39262688431417E+05  0.00000000000000E+00  0.00000000000000E+00
  -0.70481389967819E+05  0.85342541801024E+04 -0.25691958739388E+04 -0.71879510876208E+04  0.81843986815721E+03 -0.18468180225070E+04 -0.11470144738588E+04 -0.13668863831883E+06  0.44169457844243E+05  0.27821195103255E+04 -0.83382801546020E+03 -0.28665968030041E+04 -0.20463476245320E+03 -0.35388078776684E+01 -0.83477294652775E+03  0.24011226497356E+03 -0.17103357449590E+04 -0.11695868714298E+04  0.20414708146367E+05  0.00000000000000E+00  0.00000000000000E+00 -0.39732962096950E+03 -0.21689203955205E+04  0.15727438609938E+04  0.00000000000000E+00  0.00000000000000E+00  0.00000000000000E+00  0.00000000000000E+00  0.00000000000000E+00  0.00000000000000E+00  0.00000000000000E+00  0.00000000000000E+00  0.00000000000000E+00  0.00000000000000E+00  0.00000000000000E+00  0.00000000000000E+00  0.00000000000000E+00  0.00000000000000E+00  0.94910099395148E+05  0.00000000000000E+00
  -0.55632579467755E+05  0.71623830346284E+04 -0.20845517886342E+04 -0.21273839780990E+05  0.25144364202807E+04 -0.53239169735264E+04 -0.34172337098773E+04 -0.17004727695297E+06  0.54408286539307E+05  0.35455355559981E+04 -0.10454989517017E+04  0.45834474563360E-10 -0.59846472935807E-11 -0.33895372148776E-12 -0.94073819855706E+03  0.26912156456140E+03 -0.19001837079987E+04 -0.13003961332445E+04  0.62841871475508E+05 -0.26028729643248E+02  0.39308255532982E+04 -0.27450036221830E+04 -0.80235889079711E+04 -0.28897843071812E+05  0.00000000000000E+00  0.00000000000000E+00  0.00000000000000E+00  0.00000000000000E+00  0.00000000000000E+00  0.00000000000000E+00  0.00000000000000E+00  0.00000000000000E+00  0.00000000000000E+00  0.00000000000000E+00  0.00000000000000E+00  0.00000000000000E+00  0.00000000000000E+00  0.00000000000000E+00  0.00000000000000E+00  0.99582514219014E+05

 # Covariance matrix (Bevington epsilon)
