# fitpack15: fit parameters                                                                         
# CJ15 AV18 final data choices                                                                      
# Created on 01/27/2020 at 10:07:42                                                                 

 # QCD setup
  INS                           0
  NVL                          11
  IORD                          1
  Q02                   1.6899999999999999     
  IPARAMC                       7
  FLAVOR                4.0000000000000000     
  xmc                   1.3000000000000000     
  xmb                   4.5000000000000000     
  ncb                          12
  ihq                           1
  ias                           0

 # Theory corrections
  inuke                     10814
  itmc                          1
  iht                           1

 # fit parameters
 LAMBDA       0.22680        0.0000    
 a0uv          2.3949        0.0000    
 a1uv         0.61426       0.19947E-01
 a2uv          3.5437       0.12387E-01
 a3uv          0.0000        0.0000    
 a4uv          3.4858       0.43288    
 a5uv          0.0000        0.0000    
 a0dv          24.838        0.0000    
 a1dv          1.1609       0.33376E-01
 a2dv          6.5508       0.15863    
 a3dv         -3.5045       0.85564E-01
 a4dv          4.6732       0.14202    
 a5dv          0.0000        0.0000    
 a0ud         0.14676       0.50375E-02
 a1ud        -0.20764       0.37527E-02
 a2ud          8.3111       0.19207    
 a3ud          0.0000        0.0000    
 a4ud          14.523        1.2218    
 a5ud          0.0000        0.0000    
 a0du          35712.        0.0000    
 a1du          4.0295       0.75808E-01
 a2du          20.095       0.87701    
 a3du          17.000        0.0000    
 a4du          51.272        10.650    
 a0g           45.830        0.0000    
 a1g          0.60447       0.31376E-01
 a2g           6.5634       0.97036    
 a3g          -3.3081       0.13611    
 a4g           3.1907       0.32778    
 a5g           0.0000        0.0000    
 kappa        0.40000        0.0000    
 a6dv        -0.35517E-02   0.66311E-03
 a7dv          2.0000        0.0000    
 off1         -3.7375        1.5196    
 off2         0.57265E-01   0.57289E-01
 ht1          -3.3199       0.26149    
 ht2           1.9419       0.10553    
 ht3          -2.0641       0.18318E-01
 ht4           0.0000        0.0000    
 dummy40       0.0000        0.0000    
 dummy41       0.0000        0.0000    
 dummy42       0.0000        0.0000    
 dummy43       0.0000        0.0000    
 dummy44       0.0000        0.0000    
 dummy45       0.0000        0.0000    
 dummy46       0.0000        0.0000    
 dummy47       0.0000        0.0000    
 dummy48       0.0000        0.0000    
 dummy49       0.0000        0.0000    
 bcdmsh2      0.97310       0.48229E-02
 bcdmsd2      0.99312       0.58303E-02
 ccfr          1.0000        0.0000    
 nutev         1.0000        0.0000    
 zeus         0.97998        0.0000    
 h1            1.0162        0.0000    
 e605          1.0319        0.0000    
 NmcH2         1.0094       0.71222E-02
 ntv_nu        1.0000        0.0000    
 ntv_nubar     1.0000        0.0000    
 cdf_jet      0.98910        0.0000    
 d0_jet       0.83504        0.0000    
 slac_p        1.0049       0.48108E-02
 slac_d        1.0040       0.52728E-02
 e866pp       0.96627       0.19271E-01
 e866pd       0.96384       0.15825E-01
 d0_gamjet     1.0389       0.16481E-01
 h1b          0.97608        0.0000    
 jlab_p       0.99412       0.57862E-02
 jlab_d       0.97529       0.59006E-02
 blank         1.0000        0.0000    
 d0run2       0.94047       0.14112E-01
 cdfrun2      0.92633       0.17215E-01
 HERA_el       1.0000        0.0000    
 HERA_ps       1.0000        0.0000    
 CDF_Z        0.96572       0.65194E-02
 NmcRat        1.0000        0.0000    
 BNS_F2nd     0.98338       0.69278E-02
 HERMES_F2p   0.99831       0.55655E-02
 HERMES_F2d   0.98033       0.58199E-02
 END 0. 0.

 # Hessian matrix (Bevington alpha)
   0.48863881486030E+07 -0.12869921080334E+07  0.23311397327196E+06  0.47949632768351E+06 -0.12627887110450E+06 -0.22420659378750E+05  0.55613657532998E+05  0.90202786801780E+06 -0.17362263190519E+06 -0.48411510822511E+05  0.73922548286057E+04  0.15558963778086E+05  0.17626844654024E+04 -0.11099697616096E+03  0.74455508349630E+04 -0.18990622023753E+04  0.10500625855537E+05  0.75362849944664E+04 -0.74640230377289E+07 -0.14079375875329E+04 -0.20966902966690E+06  0.57172600450991E+05  0.17886764412877E+06  0.74594991517159E+06 -0.12693101385571E+06 -0.53855331951337E+05 -0.43797251455987E+04 -0.83747327374607E+06 -0.10842961362281E+07 -0.20558215921629E+05 -0.46336095246569E+05 -0.30784527071153E+04 -0.19836873139265E+06 -0.22389160961204E+06 -0.91045000981295E+04 -0.32258344041360E+04 -0.14941148657192E+05  0.16575280426201E+05 -0.70545381018663E+05 -0.55692013562471E+05
  -0.12869921080334E+07  0.41293857171311E+06 -0.63478802462041E+05 -0.13496318119117E+06  0.35263143444699E+05  0.86100041934988E+04 -0.12383329757262E+05 -0.12143288087488E+06  0.26443293854451E+05  0.74973096364307E+04 -0.94034889915979E+03 -0.12563166356934E+04 -0.14720652151949E+03  0.13386423586015E+02  0.66590346379671E+03 -0.52382678704874E+02  0.17442335589094E+03  0.96611787963965E+02  0.25611060647576E+07  0.56777999783644E+03  0.59885949025165E+05 -0.12658980389564E+05 -0.43054996788518E+05 -0.20571820353085E+06  0.16572029814310E+05  0.81961720502082E+04 -0.23993215727637E+03  0.20913442715126E+06  0.26327775397917E+06  0.58002376037207E+04  0.13220817806142E+05  0.42092070438103E+03  0.63442502540236E+05  0.71023666077434E+05  0.24669829736742E+04  0.78377545641419E+03 -0.23678793556844E+04 -0.22364356640754E+04  0.85345395934593E+04  0.71624102020540E+04
   0.23311397327196E+06 -0.63478802462041E+05  0.11244770598821E+05  0.23121916912028E+05 -0.61818380151886E+04 -0.13080236917618E+04  0.25988227459758E+04  0.31544034874420E+05 -0.59202147511425E+04 -0.19982717341604E+04  0.26255358974740E+03  0.48617154433817E+03  0.63863068062168E+02 -0.50125013900052E+01 -0.39370703145534E+03  0.36662156192062E+00 -0.18462141250794E+03 -0.26349656246255E+02 -0.37203657334704E+06 -0.72237943793251E+02 -0.10165885693877E+05  0.26550919240911E+04  0.83214064267769E+04  0.35778854419708E+05 -0.55391610644371E+04 -0.23645020453634E+04  0.51005978767692E+02 -0.38955413898877E+05 -0.50611723097373E+05 -0.10024893415633E+04 -0.22694723134606E+04 -0.11868344458511E+03 -0.99075647766548E+04 -0.11149148450438E+05 -0.43522636841717E+03 -0.15158052886408E+03  0.53196181686595E+02  0.72454439447030E+03 -0.25607992498537E+04 -0.20777114229958E+04
   0.47949632768351E+06 -0.13496318119117E+06  0.23121916912028E+05  0.39482438615339E+06 -0.62451544697933E+05  0.76125032469862E+05  0.65023784091745E+05  0.34522730767688E+06 -0.25339592951636E+05 -0.18315785324325E+05  0.33723383703742E+04 -0.13720282202798E+04 -0.15624888274574E+03  0.58057225391511E+02  0.30517891285113E+05 -0.36862508881405E+04  0.27041083142639E+05  0.15118510817733E+05 -0.22228293315914E+07 -0.21321189112471E+03 -0.61328814114220E+05  0.20390923276174E+05  0.56467077244271E+05  0.24069571147577E+06 -0.12768307235068E+05 -0.21140810835833E+05 -0.65196856317405E+02 -0.65654307969932E+05 -0.34048098707101E+06 -0.14119575433442E+04 -0.24878882638896E+04 -0.73837500357171E+02 -0.11728172087839E+05 -0.52612247682198E+05 -0.25116511204173E+04 -0.98054031362163E+03 -0.94655626724791E+04 -0.15663559463471E+05 -0.71839170851612E+04 -0.21268723665056E+05
  -0.12627887110450E+06  0.35263143444699E+05 -0.61818380151886E+04 -0.62451544697933E+05  0.11748283342740E+05 -0.79455630967188E+04 -0.95033541920852E+04 -0.32337837452024E+05  0.35477528242960E+03  0.24022969155547E+04 -0.34368185777798E+03 -0.41085536580801E+02  0.45633781543503E+01 -0.52037557460999E+01 -0.25991954959948E+04  0.31908269365036E+03 -0.22495836700493E+04 -0.12749164319120E+04  0.49205751806347E+06  0.68146129768351E+02  0.12797173560543E+05 -0.38424067182613E+04 -0.10622007917468E+05 -0.48220048550638E+05  0.19998845093149E+04  0.33714565227810E+04 -0.56338704915208E+02  0.11971107976401E+05  0.63157063575143E+05  0.33967042814558E+03  0.57891273282793E+03  0.95487266275740E+01  0.29865180779920E+04  0.13184290417464E+05  0.48365944545998E+03  0.17937717748259E+03  0.33185500118481E+03  0.24933784937916E+04  0.81918048204876E+03  0.25173628483407E+04
  -0.22420659378750E+05  0.86100041934988E+04 -0.13080236917618E+04  0.76125032469862E+05 -0.79455630967188E+04  0.24565121087070E+05  0.14930211687567E+05  0.10524573224028E+06 -0.93651496850163E+04 -0.46384390772567E+04  0.10104164246202E+04 -0.71110817487687E+03 -0.69626913217294E+02  0.19756874659038E+02  0.93277419135952E+04 -0.11565705958742E+04  0.84041266709625E+04  0.47641648246233E+04 -0.69327992449183E+05  0.52803500236736E+02 -0.46125646716080E+04  0.25389087529636E+04  0.69701276038965E+04  0.22011819926965E+05 -0.28342321579081E+04 -0.43492928481963E+04  0.15531574475879E+03 -0.89243070506974E+04 -0.44184718071382E+05 -0.38002843763436E+01 -0.36306657146127E+02 -0.19662617532034E+02  0.33442477816615E+03  0.11262289332566E+04 -0.27616070345150E+03 -0.13894108119894E+03 -0.30420757187689E+04 -0.33931418558948E+04 -0.18576202252258E+04 -0.53577735374013E+04
   0.55613657532998E+05 -0.12383329757262E+05  0.25988227459758E+04  0.65023784091745E+05 -0.95033541920852E+04  0.14930211687567E+05  0.11707431371514E+05  0.58427792335245E+05 -0.29780393588262E+04 -0.33108180504133E+04  0.59143859222412E+03 -0.21608532290535E+03 -0.27491691365549E+02  0.10378326069004E+02  0.48163189658141E+04 -0.60568588783286E+03  0.42303147462951E+04  0.24284860257842E+04 -0.25343354449913E+06 -0.19096147581752E+01 -0.84700526521537E+04  0.31673848298728E+04  0.86163287178374E+04  0.33917183574479E+05 -0.25104212722398E+04 -0.39372297360638E+04  0.13702520506650E+03 -0.10142539056348E+05 -0.52959283022734E+05 -0.17243580836167E+03 -0.29411990808083E+03 -0.13813700542800E+02 -0.10811631297044E+04 -0.50105787966768E+04 -0.37735659206833E+03 -0.15890638309391E+03 -0.12772136367310E+04 -0.31737731947792E+04 -0.11529812147363E+04 -0.34363712962970E+04
   0.90202786801780E+06 -0.12143288087488E+06  0.31544034874420E+05  0.34522730767688E+06 -0.32337837452024E+05  0.10524573224028E+06  0.58427792335245E+05  0.49540032721454E+07 -0.23072140363093E+07 -0.85100730079828E+05  0.25899119233765E+05  0.27163942219568E+05  0.18150868579488E+04  0.10242067869143E+03  0.82136885396855E+05 -0.10414086075491E+05  0.83627675723103E+05  0.45081532046213E+05 -0.57463123857559E+06  0.37199661850030E+03 -0.27801422780355E+05  0.28390297410445E+05  0.88859907736949E+05  0.24631313466742E+06 -0.60439907182062E+05 -0.48612770293027E+05 -0.66697684202879E+05 -0.28063412324994E+06 -0.55718827861512E+06 -0.72448927806231E+05 -0.16203178870072E+06 -0.13278178233278E+04 -0.57213853053956E+04 -0.11232767285023E+05  0.60031483454437E+02  0.16423417071020E+03 -0.26149679241295E+06 -0.85933107714933E+04 -0.13659475884672E+06 -0.16991176792235E+06
  -0.17362263190519E+06  0.26443293854451E+05 -0.59202147511425E+04 -0.25339592951636E+05  0.35477528242960E+03 -0.93651496850163E+04 -0.29780393588262E+04 -0.23072140363093E+07  0.19287859941075E+07  0.18975279470635E+05 -0.65294162991783E+04 -0.58501135926708E+04 -0.32077007258637E+03 -0.14063697117823E+02  0.49921475392932E+05 -0.23504022032537E+04  0.16977140712129E+05  0.82289794136637E+04 -0.26756295155804E+05 -0.91878809920230E+02  0.68514506013087E+03 -0.57451960322452E+04 -0.19086215236131E+05 -0.47293665370136E+05  0.11444461319128E+05  0.10838999053751E+05  0.24103128633376E+05  0.65523659657176E+05  0.12592920784492E+06  0.23148920543090E+05  0.51880327482638E+05  0.17929446565174E+03  0.61774809117870E+03  0.12482714102349E+04 -0.11967539958277E+04 -0.67017775302388E+03  0.11156158024890E+06  0.15827287734928E+04  0.44180290343459E+05  0.54412820407691E+05
  -0.48411510822511E+05  0.74973096364307E+04 -0.19982717341604E+04 -0.18315785324325E+05  0.24022969155547E+04 -0.46384390772567E+04 -0.33108180504133E+04 -0.85100730079828E+05  0.18975279470635E+05  0.26455306097779E+04 -0.64264126635196E+03 -0.70061655132526E+03 -0.61522738114991E+02 -0.19492236803108E+01 -0.39727922919851E+04  0.48034687785021E+03 -0.35534704754382E+04 -0.19998732054147E+04  0.57420739340785E+05 -0.87445784662773E+01  0.24723447272998E+04 -0.13047110495835E+04 -0.37994246026744E+04 -0.12228093395080E+05  0.27375347299716E+04  0.18969606829813E+04  0.72744166698664E+03  0.10950133876124E+05  0.22920846942189E+05  0.15295832603597E+04  0.33496044816758E+04  0.43120864981582E+02  0.57993566859402E+03  0.11000608056344E+04  0.13551237445270E+03  0.60485869097001E+02  0.30847136463957E+04  0.44093706108667E+03  0.27846504290162E+04  0.35488780255830E+04
   0.73922548286057E+04 -0.94034889915979E+03  0.26255358974740E+03  0.33723383703742E+04 -0.34368185777798E+03  0.10104164246202E+04  0.59143859222412E+03  0.25899119233765E+05 -0.65294162991783E+04 -0.64264126635196E+03  0.18190591413410E+03  0.20807067912731E+03  0.15080284461364E+02  0.75057081300519E+00  0.12659238435320E+04 -0.13924382127547E+03  0.10839936265643E+04  0.58799535929456E+03 -0.65482520899809E+04  0.27528600280840E+01 -0.28603829809332E+03  0.22306525633897E+03  0.68343814887841E+03  0.19656541546837E+04 -0.48801574688231E+03 -0.36845661617839E+03 -0.34197657911098E+03 -0.20861216522147E+04 -0.41949340103460E+04 -0.44496625030986E+03 -0.99528965650583E+03 -0.11197391617237E+02 -0.50047651800137E+02 -0.98059654474657E+02 -0.15486500202271E+02 -0.73019446589894E+01 -0.11608316434301E+04 -0.69424446755434E+02 -0.83672912193247E+03 -0.10490851065140E+04
   0.15558963778086E+05 -0.12563166356934E+04  0.48617154433817E+03 -0.13720282202798E+04 -0.41085536580801E+02 -0.71110817487687E+03 -0.21608532290535E+03  0.27163942219568E+05 -0.58501135926708E+04 -0.70061655132526E+03  0.20807067912731E+03  0.18208454149398E+04  0.11863929780736E+03 -0.10076082026159E+01  0.14888343353990E+04 -0.20443089421854E+03  0.16192757965398E+04  0.92407731672200E+03 -0.68211748772895E+04 -0.51046434430457E+01 -0.12036961930340E+03 -0.89496124333020E+01  0.14370616838005E+03 -0.91142673399293E+03 -0.11729007020059E+04  0.70140371570456E-10 -0.76721181975112E+03 -0.52244608378378E+04  0.46278233750299E-10 -0.25191329256705E+04 -0.75122822677290E+02 -0.83111644613721E+02 -0.22576814439440E+00 -0.10231294376870E-09 -0.18397875992740E+01 -0.79183538981866E+00  0.29928873808962E+03  0.32326591698565E+03 -0.28611180950476E+04  0.19316273923497E-09
   0.17626844654024E+04 -0.14720652151949E+03  0.63863068062168E+02 -0.15624888274574E+03  0.45633781543503E+01 -0.69626913217294E+02 -0.27491691365549E+02  0.18150868579488E+04 -0.32077007258637E+03 -0.61522738114991E+02  0.15080284461364E+02  0.11863929780736E+03  0.10629058785589E+02 -0.18267417886957E+00  0.80576261710989E+02 -0.13398638780772E+02  0.96289554030530E+02  0.59594880602007E+02 -0.32310056393900E+03 -0.43404310904667E+00  0.64059532680963E+01  0.10062588780893E+01  0.18893920568214E+02 -0.93047493819413E+02 -0.17349311704508E+03  0.37842401152603E-11 -0.29570598042778E+02 -0.61498963437502E+03  0.72679331721155E-10 -0.15664515728740E+03 -0.19847099142646E+02 -0.66734695770972E+01 -0.16273310263141E+00  0.36773352321831E-11 -0.19373980487447E+00 -0.75400681107906E-01  0.29865219743655E+02  0.72578951179184E+02 -0.20474435393307E+03  0.67079839466877E-11
  -0.11099697616096E+03  0.13386423586015E+02 -0.50125013900052E+01  0.58057225391511E+02 -0.52037557460999E+01  0.19756874659038E+02  0.10378326069004E+02  0.10242067869143E+03 -0.14063697117823E+02 -0.19492236803108E+01  0.75057081300519E+00 -0.10076082026159E+01 -0.18267417886957E+00  0.55903204510795E-01  0.15232683110136E+02 -0.11772322414153E+01  0.97552943122761E+01  0.46178689496500E+01 -0.84183830005818E+02  0.26340710987521E-01 -0.46031723837803E+01  0.56930695926353E+00  0.14468415577712E+01  0.75346695626771E+01  0.72142564096284E-01  0.51902014980755E-12 -0.64720789800565E+01 -0.90265408585144E+00  0.47891289718288E-11 -0.37133034550592E+01 -0.24219492003255E-04 -0.15090764096979E+00  0.28792902976679E-12  0.36691249149300E-13 -0.18468300469865E-02 -0.10148376631041E-02 -0.16406869455027E+01  0.74717557646644E-04 -0.34882977971457E+01  0.71583847507587E-12
   0.74455508349630E+04  0.66590346379671E+03 -0.39370703145534E+03  0.30517891285113E+05 -0.25991954959948E+04  0.93277419135952E+04  0.48163189658141E+04  0.82136885396855E+05  0.49921475392932E+05 -0.39727922919851E+04  0.12659238435320E+04  0.14888343353990E+04  0.80576261710989E+02  0.15232683110136E+02  0.48663200891593E+05 -0.44616759329894E+04  0.35125671278226E+05  0.18266079476073E+05 -0.54913622514210E+05  0.21946380770077E+01  0.75231695789381E+03 -0.20559054992794E+03 -0.59644692022409E+03 -0.14353928437646E+04 -0.25921341575363E+04 -0.17048373547881E+04 -0.24521091770754E+04  0.19698319071698E+04  0.41984211461254E+04 -0.15205512848718E+04 -0.29587221548057E+04 -0.71431750219514E+03  0.23586498054975E+03  0.42193224961392E+03 -0.28136947896043E+04 -0.14996442124583E+04 -0.24678637266980E+04  0.18028586583735E+03 -0.83240289256531E+03 -0.93793745996608E+03
  -0.18990622023753E+04 -0.52382678704874E+02  0.36662156192062E+00 -0.36862508881405E+04  0.31908269365036E+03 -0.11565705958742E+04 -0.60568588783286E+03 -0.10414086075491E+05 -0.23504022032537E+04  0.48034687785021E+03 -0.13924382127547E+03 -0.20443089421854E+03 -0.13398638780772E+02 -0.11772322414153E+01 -0.44616759329894E+04  0.47710730993731E+03 -0.36948879317965E+04 -0.19975978791810E+04  0.64149762399642E+04 -0.86678987899486E+00 -0.11045158778846E+03  0.20871210382123E+02  0.52278193948654E+02  0.15065266407374E+03  0.47745591619446E+03  0.29955442823681E+03  0.28099101158620E+03 -0.15974081021396E+03 -0.47288047083140E+03  0.15636197137798E+03  0.30330470256428E+03  0.78214196852532E+02 -0.63242199470596E+02 -0.11163125271415E+03  0.42626696459018E+03  0.21122515455736E+03 -0.28615641710666E+03 -0.32342472266135E+02  0.23891111080119E+03  0.26773543331321E+03
   0.10500625855537E+05  0.17442335589094E+03 -0.18462141250794E+03  0.27041083142639E+05 -0.22495836700493E+04  0.84041266709625E+04  0.42303147462951E+04  0.83627675723103E+05  0.16977140712129E+05 -0.35534704754382E+04  0.10839936265643E+04  0.16192757965398E+04  0.96289554030530E+02  0.97552943122761E+01  0.35125671278226E+05 -0.36948879317965E+04  0.29057881042700E+05  0.15564964123428E+05 -0.48799444075350E+05  0.11238734305525E+01  0.80863705358422E+03 -0.24834870108220E+03 -0.67704583682104E+03 -0.15856373270785E+04 -0.26661545312877E+04 -0.17157724987076E+04 -0.24683606739112E+04  0.20834948064403E+04  0.44749578842460E+04 -0.12776468983209E+04 -0.24965271800075E+04 -0.60930048605300E+03  0.84783197543484E+02  0.16486187416120E+03 -0.26534105756809E+04 -0.14254229352373E+04  0.13361820072455E+04  0.22530235980197E+03 -0.16574964899852E+04 -0.18417004225288E+04
   0.75362849944664E+04  0.96611787963965E+02 -0.26349656246255E+02  0.15118510817733E+05 -0.12749164319120E+04  0.47641648246233E+04  0.24284860257842E+04  0.45081532046213E+05  0.82289794136637E+04 -0.19998732054147E+04  0.58799535929456E+03  0.92407731672200E+03  0.59594880602007E+02  0.46178689496500E+01  0.18266079476073E+05 -0.19975978791810E+04  0.15564964123428E+05  0.84463488981851E+04 -0.27099989071237E+05  0.19756781726215E+01  0.48793925394864E+03 -0.13095807291380E+03 -0.33392799785225E+03 -0.83131238271852E+03 -0.18509896702756E+04 -0.11597793368345E+04 -0.12392706761760E+04  0.96958569978239E+03  0.24356571642191E+04 -0.64671475222097E+03 -0.12648254195608E+04 -0.33451833131682E+03  0.11073043364700E+03  0.20498177275646E+03 -0.16975077481662E+04 -0.87648570336757E+03  0.14289008352497E+04  0.15602771662637E+03 -0.11386195982277E+04 -0.12659963549976E+04
  -0.74640230377289E+07  0.25611060647576E+07 -0.37203657334704E+06 -0.22228293315914E+07  0.49205751806347E+06 -0.69327992449183E+05 -0.25343354449913E+06 -0.57463123857559E+06 -0.26756295155804E+05  0.57420739340785E+05 -0.65482520899809E+04 -0.68211748772895E+04 -0.32310056393900E+03 -0.84183830005818E+02 -0.54913622514210E+05  0.64149762399642E+04 -0.48799444075350E+05 -0.27099989071237E+05  0.32920173696482E+08  0.65485761526674E+04  0.66926128098779E+06 -0.16656118461429E+06 -0.49514742027558E+06 -0.24961573716527E+07  0.33895239262157E+05  0.75350668646906E+05 -0.11734722689838E+04  0.56348299895217E+06  0.27485979499131E+07  0.17652586065389E+05  0.31448847121827E+05  0.22959060609495E+03  0.18319450570355E+06  0.80010198775244E+06  0.24712487562839E+05  0.78031335586305E+04 -0.18752274393284E+05  0.44095963398724E+05  0.20535164435757E+05  0.63221637852721E+05
  -0.14079375875329E+04  0.56777999783644E+03 -0.72237943793251E+02 -0.21321189112471E+03  0.68146129768351E+02  0.52803500236736E+02 -0.19096147581752E+01  0.37199661850030E+03 -0.91878809920230E+02 -0.87445784662773E+01  0.27528600280840E+01 -0.51046434430457E+01 -0.43404310904667E+00  0.26340710987521E-01  0.21946380770077E+01 -0.86678987899486E+00  0.11238734305525E+01  0.19756781726215E+01  0.65485761526674E+04  0.23947768821569E+01  0.14124998911018E+03 -0.28356598066178E+02 -0.85741266766793E+02 -0.51129585682930E+03  0.00000000000000E+00 -0.25543019725492E+02  0.00000000000000E+00  0.00000000000000E+00  0.41913163455596E+03  0.00000000000000E+00 -0.72886981976754E+01  0.00000000000000E+00  0.00000000000000E+00  0.21900386389714E+03  0.00000000000000E+00  0.00000000000000E+00  0.00000000000000E+00  0.11622191567619E+02  0.00000000000000E+00 -0.26829639201445E+02
  -0.20966902966690E+06  0.59885949025165E+05 -0.10165885693877E+05 -0.61328814114220E+05  0.12797173560543E+05 -0.46125646716080E+04 -0.84700526521537E+04 -0.27801422780355E+05  0.68514506013087E+03  0.24723447272998E+04 -0.28603829809332E+03 -0.12036961930340E+03  0.64059532680963E+01 -0.46031723837803E+01  0.75231695789381E+03 -0.11045158778846E+03  0.80863705358422E+03  0.48793925394864E+03  0.66926128098779E+06  0.14124998911018E+03  0.25978704309037E+05 -0.77133166907573E+04 -0.21118367268631E+05 -0.99762057824336E+05  0.00000000000000E+00  0.50290869707287E+04  0.00000000000000E+00  0.00000000000000E+00  0.11470278664113E+06  0.00000000000000E+00 -0.11454067401049E+04  0.00000000000000E+00  0.00000000000000E+00  0.22864246602092E+05  0.00000000000000E+00  0.00000000000000E+00  0.00000000000000E+00 -0.41861685436868E+04  0.00000000000000E+00  0.41310445567432E+04
   0.57172600450991E+05 -0.12658980389564E+05  0.26550919240911E+04  0.20390923276174E+05 -0.38424067182613E+04  0.25389087529636E+04  0.31673848298728E+04  0.28390297410445E+05 -0.57451960322452E+04 -0.13047110495835E+04  0.22306525633897E+03 -0.89496124333020E+01  0.10062588780893E+01  0.56930695926353E+00 -0.20559054992794E+03  0.20871210382123E+02 -0.24834870108220E+03 -0.13095807291380E+03 -0.16656118461429E+06 -0.28356598066178E+02 -0.77133166907573E+04  0.28284718774704E+04  0.75249323379705E+04  0.32715295408956E+05 -0.52090930637847E+02 -0.21102543635983E+04  0.24815027290520E+01  0.46413198963959E+03 -0.42078407197060E+05  0.00000000000000E+00 -0.16139868609279E+03  0.00000000000000E+00  0.22530007333357E+04 -0.49130477475960E+04  0.00000000000000E+00  0.00000000000000E+00  0.00000000000000E+00  0.15075358190053E+04 -0.39062087232703E+03 -0.28075466363578E+04
   0.17886764412877E+06 -0.43054996788518E+05  0.83214064267769E+04  0.56467077244271E+05 -0.10622007917468E+05  0.69701276038965E+04  0.86163287178374E+04  0.88859907736949E+05 -0.19086215236131E+05 -0.37994246026744E+04  0.68343814887841E+03  0.14370616838005E+03  0.18893920568214E+02  0.14468415577712E+01 -0.59644692022409E+03  0.52278193948654E+02 -0.67704583682104E+03 -0.33392799785225E+03 -0.49514742027558E+06 -0.85741266766793E+02 -0.21118367268631E+05  0.75249323379705E+04  0.20646813352841E+05  0.88515114924748E+05 -0.16372298750840E+03 -0.52622401961833E+04 -0.47357195239051E+02 -0.67840434273837E+04 -0.11566936445046E+06  0.00000000000000E+00 -0.39967798919273E+03  0.00000000000000E+00  0.31449548720065E+04 -0.15329675457154E+05  0.00000000000000E+00  0.00000000000000E+00  0.00000000000000E+00  0.37586227552454E+04 -0.21447944618934E+04 -0.81709804617432E+04
   0.74594991517159E+06 -0.20571820353085E+06  0.35778854419708E+05  0.24069571147577E+06 -0.48220048550638E+05  0.22011819926965E+05  0.33917183574479E+05  0.24631313466742E+06 -0.47293665370136E+05 -0.12228093395080E+05  0.19656541546837E+04 -0.91142673399293E+03 -0.93047493819413E+02  0.75346695626771E+01 -0.14353928437646E+04  0.15065266407374E+03 -0.15856373270785E+04 -0.83131238271852E+03 -0.24961573716527E+07 -0.51129585682930E+03 -0.99762057824336E+05  0.32715295408956E+05  0.88515114924748E+05  0.41475880916028E+06  0.25316933845842E+03 -0.27123303765781E+05 -0.64499870832577E+01  0.37958441538383E+05 -0.48627692715323E+06  0.00000000000000E+00 -0.21149492951852E+04  0.00000000000000E+00  0.16129454657180E+05 -0.80753512660551E+05  0.00000000000000E+00  0.00000000000000E+00  0.00000000000000E+00  0.20023358352751E+05  0.15683968656665E+04 -0.29812163000553E+05
  -0.12693101385571E+06  0.16572029814310E+05 -0.55391610644371E+04 -0.12768307235068E+05  0.19998845093149E+04 -0.28342321579081E+04 -0.25104212722398E+04 -0.60439907182062E+05  0.11444461319128E+05  0.27375347299716E+04 -0.48801574688231E+03 -0.11729007020059E+04 -0.17349311704508E+03  0.72142564096284E-01 -0.25921341575363E+04  0.47745591619446E+03 -0.26661545312877E+04 -0.18509896702756E+04  0.33895239262157E+05  0.00000000000000E+00  0.00000000000000E+00 -0.52090930637847E+02 -0.16372298750840E+03  0.25316933845842E+03  0.11624382198774E+06  0.00000000000000E+00  0.00000000000000E+00  0.00000000000000E+00  0.00000000000000E+00  0.00000000000000E+00  0.00000000000000E+00  0.00000000000000E+00  0.00000000000000E+00  0.00000000000000E+00  0.00000000000000E+00  0.00000000000000E+00  0.00000000000000E+00  0.00000000000000E+00  0.00000000000000E+00  0.00000000000000E+00
  -0.53855331951337E+05  0.81961720502082E+04 -0.23645020453634E+04 -0.21140810835833E+05  0.33714565227810E+04 -0.43492928481963E+04 -0.39372297360638E+04 -0.48612770293027E+05  0.10838999053751E+05  0.18969606829813E+04 -0.36845661617839E+03  0.70140371570456E-10  0.37842401152603E-11  0.51902014980755E-12 -0.17048373547881E+04  0.29955442823681E+03 -0.17157724987076E+04 -0.11597793368345E+04  0.75350668646906E+05 -0.25543019725492E+02  0.50290869707287E+04 -0.21102543635983E+04 -0.52622401961833E+04 -0.27123303765781E+05  0.00000000000000E+00  0.64570338477088E+05  0.00000000000000E+00  0.00000000000000E+00  0.00000000000000E+00  0.00000000000000E+00  0.00000000000000E+00  0.00000000000000E+00  0.00000000000000E+00  0.00000000000000E+00  0.00000000000000E+00  0.00000000000000E+00  0.00000000000000E+00  0.00000000000000E+00  0.00000000000000E+00  0.00000000000000E+00
  -0.43797251455987E+04 -0.23993215727637E+03  0.51005978767692E+02 -0.65196856317405E+02 -0.56338704915208E+02  0.15531574475879E+03  0.13702520506650E+03 -0.66697684202879E+05  0.24103128633376E+05  0.72744166698664E+03 -0.34197657911098E+03 -0.76721181975112E+03 -0.29570598042778E+02 -0.64720789800565E+01 -0.24521091770754E+04  0.28099101158620E+03 -0.24683606739112E+04 -0.12392706761760E+04 -0.11734722689838E+04  0.00000000000000E+00  0.00000000000000E+00  0.24815027290520E+01 -0.47357195239051E+02 -0.64499870832577E+01  0.00000000000000E+00  0.00000000000000E+00  0.30658682057922E+05  0.00000000000000E+00  0.00000000000000E+00  0.00000000000000E+00  0.00000000000000E+00  0.00000000000000E+00  0.00000000000000E+00  0.00000000000000E+00  0.00000000000000E+00  0.00000000000000E+00  0.00000000000000E+00  0.00000000000000E+00  0.00000000000000E+00  0.00000000000000E+00
  -0.83747327374607E+06  0.20913442715126E+06 -0.38955413898877E+05 -0.65654307969932E+05  0.11971107976401E+05 -0.89243070506974E+04 -0.10142539056348E+05 -0.28063412324994E+06  0.65523659657176E+05  0.10950133876124E+05 -0.20861216522147E+04 -0.52244608378378E+04 -0.61498963437502E+03 -0.90265408585144E+00  0.19698319071698E+04 -0.15974081021396E+03  0.20834948064403E+04  0.96958569978239E+03  0.56348299895217E+06  0.00000000000000E+00  0.00000000000000E+00  0.46413198963959E+03 -0.67840434273837E+04  0.37958441538383E+05  0.00000000000000E+00  0.00000000000000E+00  0.00000000000000E+00  0.57745334497191E+06  0.00000000000000E+00  0.00000000000000E+00  0.00000000000000E+00  0.00000000000000E+00  0.00000000000000E+00  0.00000000000000E+00  0.00000000000000E+00  0.00000000000000E+00  0.00000000000000E+00  0.00000000000000E+00  0.00000000000000E+00  0.00000000000000E+00
  -0.10842961362281E+07  0.26327775397917E+06 -0.50611723097373E+05 -0.34048098707101E+06  0.63157063575143E+05 -0.44184718071382E+05 -0.52959283022734E+05 -0.55718827861512E+06  0.12592920784492E+06  0.22920846942189E+05 -0.41949340103460E+04  0.46278233750299E-10  0.72679331721155E-10  0.47891289718288E-11  0.41984211461254E+04 -0.47288047083140E+03  0.44749578842460E+04  0.24356571642191E+04  0.27485979499131E+07  0.41913163455596E+03  0.11470278664113E+06 -0.42078407197060E+05 -0.11566936445046E+06 -0.48627692715323E+06  0.00000000000000E+00  0.00000000000000E+00  0.00000000000000E+00  0.00000000000000E+00  0.91772862061094E+06  0.00000000000000E+00  0.00000000000000E+00  0.00000000000000E+00  0.00000000000000E+00  0.00000000000000E+00  0.00000000000000E+00  0.00000000000000E+00  0.00000000000000E+00  0.00000000000000E+00  0.00000000000000E+00  0.00000000000000E+00
  -0.20558215921629E+05  0.58002376037207E+04 -0.10024893415633E+04 -0.14119575433442E+04  0.33967042814558E+03 -0.38002843763436E+01 -0.17243580836167E+03 -0.72448927806231E+05  0.23148920543090E+05  0.15295832603597E+04 -0.44496625030986E+03 -0.25191329256705E+04 -0.15664515728740E+03 -0.37133034550592E+01 -0.15205512848718E+04  0.15636197137798E+03 -0.12776468983209E+04 -0.64671475222097E+03  0.17652586065389E+05  0.00000000000000E+00  0.00000000000000E+00  0.00000000000000E+00  0.00000000000000E+00  0.00000000000000E+00  0.00000000000000E+00  0.00000000000000E+00  0.00000000000000E+00  0.00000000000000E+00  0.00000000000000E+00  0.14749932249877E+05  0.00000000000000E+00  0.00000000000000E+00  0.00000000000000E+00  0.00000000000000E+00  0.00000000000000E+00  0.00000000000000E+00  0.00000000000000E+00  0.00000000000000E+00  0.00000000000000E+00  0.00000000000000E+00
  -0.46336095246569E+05  0.13220817806142E+05 -0.22694723134606E+04 -0.24878882638896E+04  0.57891273282793E+03 -0.36306657146127E+02 -0.29411990808083E+03 -0.16203178870072E+06  0.51880327482638E+05  0.33496044816758E+04 -0.99528965650583E+03 -0.75122822677290E+02 -0.19847099142646E+02 -0.24219492003255E-04 -0.29587221548057E+04  0.30330470256428E+03 -0.24965271800075E+04 -0.12648254195608E+04  0.31448847121827E+05 -0.72886981976754E+01 -0.11454067401049E+04 -0.16139868609279E+03 -0.39967798919273E+03 -0.21149492951852E+04  0.00000000000000E+00  0.00000000000000E+00  0.00000000000000E+00  0.00000000000000E+00  0.00000000000000E+00  0.00000000000000E+00  0.31780208873314E+05  0.00000000000000E+00  0.00000000000000E+00  0.00000000000000E+00  0.00000000000000E+00  0.00000000000000E+00  0.00000000000000E+00  0.00000000000000E+00  0.00000000000000E+00  0.00000000000000E+00
  -0.30784527071153E+04  0.42092070438103E+03 -0.11868344458511E+03 -0.73837500357171E+02  0.95487266275740E+01 -0.19662617532034E+02 -0.13813700542800E+02 -0.13278178233278E+04  0.17929446565174E+03  0.43120864981582E+02 -0.11197391617237E+02 -0.83111644613721E+02 -0.66734695770972E+01 -0.15090764096979E+00 -0.71431750219514E+03  0.78214196852532E+02 -0.60930048605300E+03 -0.33451833131682E+03  0.22959060609495E+03  0.00000000000000E+00  0.00000000000000E+00  0.00000000000000E+00  0.00000000000000E+00  0.00000000000000E+00  0.00000000000000E+00  0.00000000000000E+00  0.00000000000000E+00  0.00000000000000E+00  0.00000000000000E+00  0.00000000000000E+00  0.00000000000000E+00  0.37861988139887E+04  0.00000000000000E+00  0.00000000000000E+00  0.00000000000000E+00  0.00000000000000E+00  0.00000000000000E+00  0.00000000000000E+00  0.00000000000000E+00  0.00000000000000E+00
  -0.19836873139265E+06  0.63442502540236E+05 -0.99075647766548E+04 -0.11728172087839E+05  0.29865180779920E+04  0.33442477816615E+03 -0.10811631297044E+04 -0.57213853053956E+04  0.61774809117870E+03  0.57993566859402E+03 -0.50047651800137E+02 -0.22576814439440E+00 -0.16273310263141E+00  0.28792902976679E-12  0.23586498054975E+03 -0.63242199470596E+02  0.84783197543484E+02  0.11073043364700E+03  0.18319450570355E+06  0.00000000000000E+00  0.00000000000000E+00  0.22530007333357E+04  0.31449548720065E+04  0.16129454657180E+05  0.00000000000000E+00  0.00000000000000E+00  0.00000000000000E+00  0.00000000000000E+00  0.00000000000000E+00  0.00000000000000E+00  0.00000000000000E+00  0.00000000000000E+00  0.10557047597150E+06  0.00000000000000E+00  0.00000000000000E+00  0.00000000000000E+00  0.00000000000000E+00  0.00000000000000E+00  0.00000000000000E+00  0.00000000000000E+00
  -0.22389160961204E+06  0.71023666077434E+05 -0.11149148450438E+05 -0.52612247682198E+05  0.13184290417464E+05  0.11262289332566E+04 -0.50105787966768E+04 -0.11232767285023E+05  0.12482714102349E+04  0.11000608056344E+04 -0.98059654474657E+02 -0.10231294376870E-09  0.36773352321831E-11  0.36691249149300E-13  0.42193224961392E+03 -0.11163125271415E+03  0.16486187416120E+03  0.20498177275646E+03  0.80010198775244E+06  0.21900386389714E+03  0.22864246602092E+05 -0.49130477475960E+04 -0.15329675457154E+05 -0.80753512660551E+05  0.00000000000000E+00  0.00000000000000E+00  0.00000000000000E+00  0.00000000000000E+00  0.00000000000000E+00  0.00000000000000E+00  0.00000000000000E+00  0.00000000000000E+00  0.00000000000000E+00  0.13873155817366E+06  0.00000000000000E+00  0.00000000000000E+00  0.00000000000000E+00  0.00000000000000E+00  0.00000000000000E+00  0.00000000000000E+00
  -0.91045000981295E+04  0.24669829736742E+04 -0.43522636841717E+03 -0.25116511204173E+04  0.48365944545998E+03 -0.27616070345150E+03 -0.37735659206833E+03  0.60031483454437E+02 -0.11967539958277E+04  0.13551237445270E+03 -0.15486500202271E+02 -0.18397875992740E+01 -0.19373980487447E+00 -0.18468300469865E-02 -0.28136947896043E+04  0.42626696459018E+03 -0.26534105756809E+04 -0.16975077481662E+04  0.24712487562839E+05  0.00000000000000E+00  0.00000000000000E+00  0.00000000000000E+00  0.00000000000000E+00  0.00000000000000E+00  0.00000000000000E+00  0.00000000000000E+00  0.00000000000000E+00  0.00000000000000E+00  0.00000000000000E+00  0.00000000000000E+00  0.00000000000000E+00  0.00000000000000E+00  0.00000000000000E+00  0.00000000000000E+00  0.83149134681901E+04  0.00000000000000E+00  0.00000000000000E+00  0.00000000000000E+00  0.00000000000000E+00  0.00000000000000E+00
  -0.32258344041360E+04  0.78377545641419E+03 -0.15158052886408E+03 -0.98054031362163E+03  0.17937717748259E+03 -0.13894108119894E+03 -0.15890638309391E+03  0.16423417071020E+03 -0.67017775302388E+03  0.60485869097001E+02 -0.73019446589894E+01 -0.79183538981866E+00 -0.75400681107906E-01 -0.10148376631041E-02 -0.14996442124583E+04  0.21122515455736E+03 -0.14254229352373E+04 -0.87648570336757E+03  0.78031335586305E+04  0.00000000000000E+00  0.00000000000000E+00  0.00000000000000E+00  0.00000000000000E+00  0.00000000000000E+00  0.00000000000000E+00  0.00000000000000E+00  0.00000000000000E+00  0.00000000000000E+00  0.00000000000000E+00  0.00000000000000E+00  0.00000000000000E+00  0.00000000000000E+00  0.00000000000000E+00  0.00000000000000E+00  0.00000000000000E+00  0.42638524791058E+04  0.00000000000000E+00  0.00000000000000E+00  0.00000000000000E+00  0.00000000000000E+00
  -0.14941148657192E+05 -0.23678793556844E+04  0.53196181686595E+02 -0.94655626724791E+04  0.33185500118481E+03 -0.30420757187689E+04 -0.12772136367310E+04 -0.26149679241295E+06  0.11156158024890E+06  0.30847136463957E+04 -0.11608316434301E+04  0.29928873808962E+03  0.29865219743655E+02 -0.16406869455027E+01 -0.24678637266980E+04 -0.28615641710666E+03  0.13361820072455E+04  0.14289008352497E+04 -0.18752274393284E+05  0.00000000000000E+00  0.00000000000000E+00  0.00000000000000E+00  0.00000000000000E+00  0.00000000000000E+00  0.00000000000000E+00  0.00000000000000E+00  0.00000000000000E+00  0.00000000000000E+00  0.00000000000000E+00  0.00000000000000E+00  0.00000000000000E+00  0.00000000000000E+00  0.00000000000000E+00  0.00000000000000E+00  0.00000000000000E+00  0.00000000000000E+00  0.12385475779504E+06  0.00000000000000E+00  0.00000000000000E+00  0.00000000000000E+00
   0.16575280426201E+05 -0.22364356640754E+04  0.72454439447030E+03 -0.15663559463471E+05  0.24933784937916E+04 -0.33931418558948E+04 -0.31737731947792E+04 -0.85933107714933E+04  0.15827287734928E+04  0.44093706108667E+03 -0.69424446755434E+02  0.32326591698565E+03  0.72578951179184E+02  0.74717557646644E-04  0.18028586583735E+03 -0.32342472266135E+02  0.22530235980197E+03  0.15602771662637E+03  0.44095963398724E+05  0.11622191567619E+02 -0.41861685436868E+04  0.15075358190053E+04  0.37586227552454E+04  0.20023358352751E+05  0.00000000000000E+00  0.00000000000000E+00  0.00000000000000E+00  0.00000000000000E+00  0.00000000000000E+00  0.00000000000000E+00  0.00000000000000E+00  0.00000000000000E+00  0.00000000000000E+00  0.00000000000000E+00  0.00000000000000E+00  0.00000000000000E+00  0.00000000000000E+00  0.39247296071658E+05  0.00000000000000E+00  0.00000000000000E+00
  -0.70545381018663E+05  0.85345395934593E+04 -0.25607992498537E+04 -0.71839170851612E+04  0.81918048204876E+03 -0.18576202252258E+04 -0.11529812147363E+04 -0.13659475884672E+06  0.44180290343459E+05  0.27846504290162E+04 -0.83672912193247E+03 -0.28611180950476E+04 -0.20474435393307E+03 -0.34882977971457E+01 -0.83240289256531E+03  0.23891111080119E+03 -0.16574964899852E+04 -0.11386195982277E+04  0.20535164435757E+05  0.00000000000000E+00  0.00000000000000E+00 -0.39062087232703E+03 -0.21447944618934E+04  0.15683968656665E+04  0.00000000000000E+00  0.00000000000000E+00  0.00000000000000E+00  0.00000000000000E+00  0.00000000000000E+00  0.00000000000000E+00  0.00000000000000E+00  0.00000000000000E+00  0.00000000000000E+00  0.00000000000000E+00  0.00000000000000E+00  0.00000000000000E+00  0.00000000000000E+00  0.00000000000000E+00  0.94908071337866E+05  0.00000000000000E+00
  -0.55692013562471E+05  0.71624102020540E+04 -0.20777114229958E+04 -0.21268723665056E+05  0.25173628483407E+04 -0.53577735374013E+04 -0.34363712962970E+04 -0.16991176792235E+06  0.54412820407691E+05  0.35488780255830E+04 -0.10490851065140E+04  0.19316273923497E-09  0.67079839466877E-11  0.71583847507587E-12 -0.93793745996608E+03  0.26773543331321E+03 -0.18417004225288E+04 -0.12659963549976E+04  0.63221637852721E+05 -0.26829639201445E+02  0.41310445567432E+04 -0.28075466363578E+04 -0.81709804617432E+04 -0.29812163000553E+05  0.00000000000000E+00  0.00000000000000E+00  0.00000000000000E+00  0.00000000000000E+00  0.00000000000000E+00  0.00000000000000E+00  0.00000000000000E+00  0.00000000000000E+00  0.00000000000000E+00  0.00000000000000E+00  0.00000000000000E+00  0.00000000000000E+00  0.00000000000000E+00  0.00000000000000E+00  0.00000000000000E+00  0.99588962202622E+05

 # Covariance matrix (Bevington epsilon)
