# fitpack15: fit parameters                                                                         
# CJ15 AV18 final data choices                                                                      
# Created on 01/27/2020 at 09:27:01                                                                 

 # QCD setup
  INS                           0
  NVL                          11
  IORD                          1
  Q02                   1.6899999999999999     
  IPARAMC                       7
  FLAVOR                4.0000000000000000     
  xmc                   1.3000000000000000     
  xmb                   4.5000000000000000     
  ncb                          12
  ihq                           1
  ias                           0

 # Theory corrections
  inuke                     10814
  itmc                          1
  iht                           1

 # fit parameters
 LAMBDA       0.22680        0.0000    
 a0uv          2.3932        0.0000    
 a1uv         0.61408       0.19951E-01
 a2uv          3.5436       0.12382E-01
 a3uv          0.0000        0.0000    
 a4uv          3.4881       0.43319    
 a5uv          0.0000        0.0000    
 a0dv          24.828        0.0000    
 a1dv          1.1607       0.33363E-01
 a2dv          6.5505       0.15858    
 a3dv         -3.5050       0.85513E-01
 a4dv          4.6740       0.14196    
 a5dv          0.0000        0.0000    
 a0ud         0.14651       0.50330E-02
 a1ud        -0.20782       0.37550E-02
 a2ud          8.3117       0.19193    
 a3ud          0.0000        0.0000    
 a4ud          14.554        1.2234    
 a5ud          0.0000        0.0000    
 a0du          35712.        0.0000    
 a1du          4.0294       0.75809E-01
 a2du          20.093       0.87671    
 a3du          17.000        0.0000    
 a4du          51.323        10.674    
 a0g           45.850        0.0000    
 a1g          0.60452       0.31365E-01
 a2g           6.5637       0.96990    
 a3g          -3.3083       0.13605    
 a4g           3.1909       0.32763    
 a5g           0.0000        0.0000    
 kappa        0.40000        0.0000    
 a6dv        -0.35508E-02   0.66323E-03
 a7dv          2.0000        0.0000    
 off1         -3.7434        1.5194    
 off2         0.57542E-01   0.56975E-01
 ht1          -3.3190       0.26146    
 ht2           1.9419       0.10554    
 ht3          -2.0641       0.18316E-01
 ht4           0.0000        0.0000    
 dummy40       0.0000        0.0000    
 dummy41       0.0000        0.0000    
 dummy42       0.0000        0.0000    
 dummy43       0.0000        0.0000    
 dummy44       0.0000        0.0000    
 dummy45       0.0000        0.0000    
 dummy46       0.0000        0.0000    
 dummy47       0.0000        0.0000    
 dummy48       0.0000        0.0000    
 dummy49       0.0000        0.0000    
 bcdmsh2      0.97301       0.48228E-02
 bcdmsd2      0.99302       0.58301E-02
 ccfr          1.0000        0.0000    
 nutev         1.0000        0.0000    
 zeus         0.97998        0.0000    
 h1            1.0162        0.0000    
 e605          1.0319        0.0000    
 NmcH2         1.0093       0.71219E-02
 ntv_nu        1.0000        0.0000    
 ntv_nubar     1.0000        0.0000    
 cdf_jet      0.98910        0.0000    
 d0_jet       0.83504        0.0000    
 slac_p        1.0048       0.48109E-02
 slac_d        1.0039       0.52728E-02
 e866pp       0.96613       0.19271E-01
 e866pd       0.96372       0.15825E-01
 d0_gamjet     1.0388       0.16480E-01
 h1b          0.97608        0.0000    
 jlab_p       0.99403       0.57861E-02
 jlab_d       0.97518       0.59005E-02
 blank         1.0000        0.0000    
 d0run2       0.94042       0.14111E-01
 cdfrun2      0.92629       0.17214E-01
 HERA_el       1.0000        0.0000    
 HERA_ps       1.0000        0.0000    
 CDF_Z        0.96559       0.65190E-02
 NmcRat        1.0000        0.0000    
 BNS_F2nd     0.98340       0.69281E-02
 HERMES_F2p   0.99821       0.55655E-02
 HERMES_F2d   0.98023       0.58198E-02
 END 0. 0.

 # Hessian matrix (Bevington alpha)
   0.48881338335384E+07 -0.12872455369720E+07  0.23305426809200E+06  0.47971329391516E+06 -0.12632738156022E+06 -0.22422523952377E+05  0.55632910539791E+05  0.90392759717622E+06 -0.17370628964782E+06 -0.48426982745435E+05  0.73826483043179E+04  0.15569695418016E+05  0.17638649988866E+04 -0.11085221387372E+03  0.74552616159410E+04 -0.19003152682116E+04  0.10510258318382E+05  0.75420338574068E+04 -0.74625166939940E+07 -0.13951439743623E+04 -0.21184604831508E+06  0.57475312130315E+05  0.17962700269022E+06  0.74995054697117E+06 -0.12696808677018E+06 -0.53873307728394E+05 -0.43877211219971E+04 -0.83769928252786E+06 -0.10846510419863E+07 -0.20564245251951E+05 -0.46349373773440E+05 -0.30791915275527E+04 -0.19841570061730E+06 -0.22395598156973E+06 -0.91059199939837E+04 -0.32263112902389E+04 -0.14958776363651E+05  0.16581308670355E+05 -0.70574779583629E+05 -0.55717648263471E+05
  -0.12872455369720E+07  0.41295598036156E+06 -0.63450630875022E+05 -0.13499374812737E+06  0.35271286910064E+05  0.86095446843120E+04 -0.12385734283575E+05 -0.12164889847908E+06  0.26444251698809E+05  0.74979308955465E+04 -0.93885074483196E+03 -0.12571061056667E+04 -0.14729901862221E+03  0.13369018016342E+02  0.66600556541294E+03 -0.52396866938486E+02  0.17444902220388E+03  0.96640219538491E+02  0.25601651396613E+07  0.56409652799096E+03  0.60511382722695E+05 -0.12743635547745E+05 -0.43267672452061E+05 -0.20684196702377E+06  0.16574738562240E+05  0.81975162802840E+04 -0.23957296020555E+03  0.20916053272761E+06  0.26331339655770E+06  0.58011302105489E+04  0.13222678631681E+05  0.42094453571250E+03  0.63449250407197E+05  0.71031616897330E+05  0.24670237801407E+04  0.78377854317205E+03 -0.23673322594117E+04 -0.22368452826872E+04  0.85367082556103E+04  0.71642522902296E+04
   0.23305426809200E+06 -0.63450630875022E+05  0.11234888453148E+05  0.23116248659032E+05 -0.61801625824557E+04 -0.13077161774044E+04  0.25979208088528E+04  0.31592092320293E+05 -0.59188711204028E+04 -0.19977729920967E+04  0.26204761917828E+03  0.48634759271106E+03  0.63881355706586E+02 -0.50034616392042E+01 -0.39350303070637E+03  0.34691693860857E+00 -0.18452238853011E+03 -0.26289056720651E+02 -0.37171364535476E+06 -0.71569999342384E+02 -0.10265094440573E+05  0.26681229248148E+04  0.83531073454754E+04  0.35950009657265E+05 -0.55378103816966E+04 -0.23639468507421E+04  0.50794248774095E+02 -0.38942494102151E+05 -0.50596929675181E+05 -0.10021598825021E+04 -0.22687080135528E+04 -0.11864781401570E+03 -0.99035340632580E+04 -0.11144975711914E+05 -0.43502793516715E+03 -0.15151256001995E+03  0.52705599856601E+02  0.72440800369456E+03 -0.25605722752428E+04 -0.20775631472880E+04
   0.47971329391516E+06 -0.13499374812737E+06  0.23116248659032E+05  0.39499324142696E+06 -0.62474719061090E+05  0.76162093484778E+05  0.65049745249304E+05  0.34604743436968E+06 -0.25431176624871E+05 -0.18321873223399E+05  0.33682036971703E+04 -0.13736240848556E+04 -0.15639347846680E+03  0.57980860568306E+02  0.30532848165616E+05 -0.36879856299587E+04  0.27058546062403E+05  0.15127837926613E+05 -0.22225055012777E+07 -0.20941559953601E+03 -0.61949085654786E+05  0.20477776998601E+05  0.56682721396573E+05  0.24183516330866E+06 -0.12771502388570E+05 -0.21147218626478E+05 -0.66086811963054E+02 -0.65670445643651E+05 -0.34059438507316E+06 -0.14124395919766E+04 -0.24887235137450E+04 -0.73844464358344E+02 -0.11730946355012E+05 -0.52630031410040E+05 -0.25120100578616E+04 -0.98067287840934E+03 -0.94718240943079E+04 -0.15664655939205E+05 -0.71867351043478E+04 -0.21278191115522E+05
  -0.12632738156022E+06  0.35271286910064E+05 -0.61801625824557E+04 -0.62474719061090E+05  0.11752132845141E+05 -0.79485719476535E+04 -0.95061602707403E+04 -0.32412972809345E+05  0.36281366307202E+03  0.24028709324404E+04 -0.34319461244665E+03 -0.41016837547825E+02  0.45722546007969E+01 -0.51965390939811E+01 -0.26004072043064E+04  0.31922490354970E+03 -0.22510045841577E+04 -0.12756792759525E+04  0.49197980227633E+06  0.67365946965284E+02  0.12927599385983E+05 -0.38603133475964E+04 -0.10666705534634E+05 -0.48456896901888E+05  0.20002320045114E+04  0.33721545630561E+04 -0.56296318858876E+02  0.11973938143796E+05  0.63174306720733E+05  0.33978232583816E+03  0.57910023202669E+03  0.95485109995022E+01  0.29873516824945E+04  0.13188456083191E+05  0.48373037370084E+03  0.17939888728870E+03  0.33214531743237E+03  0.24934122645003E+04  0.81945496634867E+03  0.25182662243947E+04
  -0.22422523952377E+05  0.86095446843120E+04 -0.13077161774044E+04  0.76162093484778E+05 -0.79485719476535E+04  0.24578593865083E+05  0.14937273674316E+05  0.10550781887114E+06 -0.93955910338040E+04 -0.46403494711730E+04  0.10093205693077E+04 -0.71189163671015E+03 -0.69694584247769E+02  0.19733152962788E+02  0.93333576581339E+04 -0.11572406943360E+04  0.84105488750460E+04  0.47676522637855E+04 -0.69377513225589E+05  0.53103462472604E+02 -0.46550191301513E+04  0.25453209290588E+04  0.69856784114275E+04  0.22094695358974E+05 -0.28347211849990E+04 -0.43504652997997E+04  0.15512668624069E+03 -0.89263019434360E+04 -0.44201933034721E+05 -0.37899087000972E+01 -0.36327020183249E+02 -0.19666502398791E+02  0.33458414127436E+03  0.11253032867380E+04 -0.27618157546024E+03 -0.13895290589472E+03 -0.30440343729824E+04 -0.33929243007931E+04 -0.18584958774440E+04 -0.53606518750218E+04
   0.55632910539791E+05 -0.12385734283575E+05  0.25979208088528E+04  0.65049745249304E+05 -0.95061602707403E+04  0.14937273674316E+05  0.11711691983307E+05  0.58570901151896E+05 -0.29939804910889E+04 -0.33119363935446E+04  0.59071681262297E+03 -0.21641212443375E+03 -0.27522296783661E+02  0.10365283754291E+02  0.48190453933183E+04 -0.60601535493495E+03  0.42333978559245E+04  0.24301734380966E+04 -0.25339823754683E+06 -0.13774798951180E+01 -0.85530796976852E+04  0.31790042371820E+04  0.86449986503072E+04  0.34069483922059E+05 -0.25108540195822E+04 -0.39380951317000E+04  0.13696253276643E+03 -0.10144531332160E+05 -0.52974035022663E+05 -0.17247745780484E+03 -0.29420034078591E+03 -0.13815032285981E+02 -0.10813127933369E+04 -0.50121941124134E+04 -0.37738817936813E+03 -0.15891889967312E+03 -0.12780769623161E+04 -0.31737372356140E+04 -0.11534547442833E+04 -0.34379351093990E+04
   0.90392759717622E+06 -0.12164889847908E+06  0.31592092320293E+05  0.34604743436968E+06 -0.32412972809345E+05  0.10550781887114E+06  0.58570901151896E+05  0.49704386117305E+07 -0.23109204821499E+07 -0.85257126298942E+05  0.25910614470545E+05  0.27219964942432E+05  0.18189336782335E+04  0.10236870426778E+03  0.82360441058355E+05 -0.10442248030836E+05  0.83865013227705E+05  0.45209821648902E+05 -0.57571516118426E+06  0.37455542514892E+03 -0.28109672200686E+05  0.28482527858283E+05  0.89110180124203E+05  0.24730201464978E+06 -0.60552545680400E+05 -0.48704967485089E+05 -0.66798700429535E+05 -0.28114221764415E+06 -0.55822558349799E+06 -0.72577290314089E+05 -0.16231845839572E+06 -0.13304134720756E+04 -0.57310027361627E+04 -0.11251524190656E+05  0.58611683000934E+02  0.16364581193657E+03 -0.26191256610113E+06 -0.86092900422340E+04 -0.13683442142851E+06 -0.17021741880897E+06
  -0.17370628964782E+06  0.26444251698809E+05 -0.59188711204028E+04 -0.25431176624871E+05  0.36281366307202E+03 -0.93955910338040E+04 -0.29939804910889E+04 -0.23109204821499E+07  0.19286382497657E+07  0.18981889301618E+05 -0.65227914890384E+04 -0.58540156967842E+04 -0.32100532915169E+03 -0.14041498962375E+02  0.49863344800345E+05 -0.23438983615558E+04  0.16928468819593E+05  0.82026695606094E+04 -0.26592782364495E+05 -0.91972675000562E+02  0.69146493024980E+03 -0.57489011760927E+04 -0.19093111567419E+05 -0.47339765048408E+05  0.11447258214769E+05  0.10841953528685E+05  0.24096193843203E+05  0.65532445540136E+05  0.12595365303534E+06  0.23151276310125E+05  0.51885005957998E+05  0.17951577398197E+03  0.61775622869884E+03  0.12482646071854E+04 -0.11960035461794E+04 -0.66973147926209E+03  0.11154546765760E+06  0.15830442247546E+04  0.44183346915547E+05  0.54418952918793E+05
  -0.48426982745435E+05  0.74979308955465E+04 -0.19977729920967E+04 -0.18321873223399E+05  0.24028709324404E+04 -0.46403494711730E+04 -0.33119363935446E+04 -0.85257126298942E+05  0.18981889301618E+05  0.26459141665019E+04 -0.64176700413667E+03 -0.70082615940753E+03 -0.61546413417186E+02 -0.19447951918687E+01 -0.39735957345266E+04  0.48045757949787E+03 -0.35548112359389E+04 -0.20006134238100E+04  0.57404048601724E+05 -0.89057666027012E+01  0.24959385485617E+04 -0.13081389197822E+04 -0.38076394293455E+04 -0.12272654483523E+05  0.27380194895078E+04  0.18973297081041E+04  0.72751955738060E+03  0.10951832205873E+05  0.22925194792848E+05  0.15297958554391E+04  0.33501037033793E+04  0.43124093298626E+02  0.57994108384353E+03  0.11000669478041E+04  0.13553269221962E+03  0.60495455755957E+02  0.30850313875557E+04  0.44102354726830E+03  0.27850511526627E+04  0.35495295432241E+04
   0.73826483043179E+04 -0.93885074483196E+03  0.26204761917828E+03  0.33682036971703E+04 -0.34319461244665E+03  0.10093205693077E+04  0.59071681262297E+03  0.25910614470545E+05 -0.65227914890384E+04 -0.64176700413667E+03  0.18141561425490E+03  0.20783618734919E+03  0.15062329133909E+02  0.74795541953488E+00  0.12644993291865E+04 -0.13907975735274E+03  0.10829205042438E+04  0.58739222104742E+03 -0.65354140579567E+04  0.27679492282383E+01 -0.28816837933926E+03  0.22312149113321E+03  0.68331603887259E+03  0.19678532770020E+04 -0.48729191189727E+03 -0.36794846501640E+03 -0.34163912567753E+03 -0.20831282782734E+04 -0.41890346857335E+04 -0.44442747715846E+03 -0.99409027605018E+03 -0.11182348615985E+02 -0.49955694061187E+02 -0.97879010544697E+02 -0.15458543870432E+02 -0.72889419219595E+01 -0.11595604403931E+04 -0.69320695315440E+02 -0.83570602590299E+03 -0.10478383221983E+04
   0.15569695418016E+05 -0.12571061056667E+04  0.48634759271106E+03 -0.13736240848556E+04 -0.41016837547825E+02 -0.71189163671015E+03 -0.21641212443375E+03  0.27219964942432E+05 -0.58540156967842E+04 -0.70082615940753E+03  0.20783618734919E+03  0.18219921408397E+04  0.11871724670271E+03 -0.10110487271760E+01  0.14893634972456E+04 -0.20451015891247E+03  0.16201808440869E+04  0.92458674994238E+03 -0.68189102307211E+04 -0.50994281187632E+01 -0.12173970897114E+03 -0.88322266701598E+01  0.14396840170885E+03 -0.91019526490369E+03 -0.11734868959497E+04  0.64921889581988E-10 -0.76767495616380E+03 -0.52268407758916E+04 -0.77304828440121E-10 -0.25202572690254E+04 -0.75172988322136E+02 -0.83141745722710E+02 -0.22597499470959E+00 -0.68725212012253E-11 -0.18403205969095E+01 -0.79202856087893E+00  0.29934520216700E+03  0.32342176206000E+03 -0.28623655913065E+04  0.75890666174576E-10
   0.17638649988866E+04 -0.14729901862221E+03  0.63881355706586E+02 -0.15639347846680E+03  0.45722546007969E+01 -0.69694584247769E+02 -0.27522296783661E+02  0.18189336782335E+04 -0.32100532915169E+03 -0.61546413417186E+02  0.15062329133909E+02  0.11871724670271E+03  0.10636624200981E+02 -0.18259040286659E+00  0.80602972998778E+02 -0.13403901429170E+02  0.96340113293766E+02  0.59626528313800E+02 -0.32292253331957E+03 -0.43463415186500E+00  0.64496617043301E+01  0.99959125067976E+00  0.18874027186878E+02 -0.93180647478935E+02 -0.17358573299401E+03  0.69312129157711E-11 -0.29591340971098E+02 -0.61530462701706E+03 -0.70412132120375E-10 -0.15672069678439E+03 -0.19861039969920E+02 -0.66760602910660E+01 -0.16288251949952E+00  0.43109528321036E-11 -0.19380507636125E+00 -0.75422304583134E-01  0.29873471614980E+02  0.72615874898709E+02 -0.20484086870752E+03  0.36147466049716E-11
  -0.11085221387372E+03  0.13369018016342E+02 -0.50034616392042E+01  0.57980860568306E+02 -0.51965390939811E+01  0.19733152962788E+02  0.10365283754291E+02  0.10236870426778E+03 -0.14041498962375E+02 -0.19447951918687E+01  0.74795541953488E+00 -0.10110487271760E+01 -0.18259040286659E+00  0.55703793955024E-01  0.15204440938247E+02 -0.11748370305232E+01  0.97368481179669E+01  0.46088872455641E+01 -0.84027998146607E+02  0.26594296993423E-01 -0.46366358563681E+01  0.57348205278529E+00  0.14569265946123E+01  0.75896585065479E+01  0.72064980822306E-01  0.33901391514004E-12 -0.64558305886017E+01 -0.89786549753673E+00 -0.46566543280446E-11 -0.36999903942053E+01 -0.23912530140641E-04 -0.15047471328710E+00  0.27320137348222E-12 -0.29888868638656E-13 -0.18411538253954E-02 -0.10117241262177E-02 -0.16390401251592E+01  0.73604828568492E-04 -0.34754469066910E+01  0.13025941674965E-11
   0.74552616159410E+04  0.66600556541294E+03 -0.39350303070637E+03  0.30532848165616E+05 -0.26004072043064E+04  0.93333576581339E+04  0.48190453933183E+04  0.82360441058355E+05  0.49863344800345E+05 -0.39735957345266E+04  0.12644993291865E+04  0.14893634972456E+04  0.80602972998778E+02  0.15204440938247E+02  0.48681728239178E+05 -0.44633623372568E+04  0.35144830370505E+05  0.18275735150348E+05 -0.54915650806283E+05  0.21483015000411E+01  0.75976449488610E+03 -0.20655977749165E+03 -0.59881517440002E+03 -0.14478988272028E+04 -0.25930239937653E+04 -0.17054889824283E+04 -0.24527677157238E+04  0.19705106949248E+04  0.41998036390203E+04 -0.15211458284787E+04 -0.29598208682109E+04 -0.71450723663913E+03  0.23595387359723E+03  0.42208508044165E+03 -0.28144370290853E+04 -0.15000003277194E+04 -0.24691041733902E+04  0.18032753331764E+03 -0.83260797000630E+03 -0.93820308601594E+03
  -0.19003152682116E+04 -0.52396866938486E+02  0.34691693860857E+00 -0.36879856299587E+04  0.31922490354970E+03 -0.11572406943360E+04 -0.60601535493495E+03 -0.10442248030836E+05 -0.23438983615558E+04  0.48045757949787E+03 -0.13907975735274E+03 -0.20451015891247E+03 -0.13403901429170E+02 -0.11748370305232E+01 -0.44633623372568E+04  0.47728617005169E+03 -0.36968939669068E+04 -0.19986459231836E+04  0.64151992808094E+04 -0.86021011151889E+00 -0.11157408854856E+03  0.21013604069568E+02  0.52631619423216E+02  0.15251606055010E+03  0.47761687123281E+03  0.29966241391029E+03  0.28109629200253E+03 -0.15979668892449E+03 -0.47301854041223E+03  0.15642447181234E+03  0.30342122281101E+03  0.78232816924550E+02 -0.63264905060418E+02 -0.11167012940157E+03  0.42637471549903E+03  0.21127355503730E+03 -0.28622436563334E+03 -0.32349481431232E+02  0.23898563104424E+03  0.26782729882430E+03
   0.10510258318382E+05  0.17444902220388E+03 -0.18452238853011E+03  0.27058546062403E+05 -0.22510045841577E+04  0.84105488750460E+04  0.42333978559245E+04  0.83865013227705E+05  0.16928468819593E+05 -0.35548112359389E+04  0.10829205042438E+04  0.16201808440869E+04  0.96340113293766E+02  0.97368481179669E+01  0.35144830370505E+05 -0.36968939669068E+04  0.29078701785757E+05  0.15575820940266E+05 -0.48809626616535E+05  0.10731430882211E+01  0.81665257747719E+03 -0.24942858669879E+03 -0.67968372512905E+03 -0.15991086132745E+04 -0.26673679670855E+04 -0.17166392141829E+04 -0.24697528168972E+04  0.20847090507294E+04  0.44772675417806E+04 -0.12783834139939E+04 -0.24979289589016E+04 -0.60955417287226E+03  0.84792791525279E+02  0.16487989322184E+03 -0.26544658678885E+04 -0.14259710987038E+04  0.13365955147184E+04  0.22538393494085E+03 -0.16582766084807E+04 -0.18426317055291E+04
   0.75420338574068E+04  0.96640219538491E+02 -0.26289056720651E+02  0.15127837926613E+05 -0.12756792759525E+04  0.47676522637855E+04  0.24301734380966E+04  0.45209821648902E+05  0.82026695606094E+04 -0.20006134238100E+04  0.58739222104742E+03  0.92458674994238E+03  0.59626528313800E+02  0.46088872455641E+01  0.18275735150348E+05 -0.19986459231836E+04  0.15575820940266E+05  0.84520754265209E+04 -0.27105062134697E+05  0.19457172339244E+01  0.49283835831994E+03 -0.13160794299722E+03 -0.33552230664406E+03 -0.83950057012055E+03 -0.18518035876109E+04 -0.11603314495898E+04 -0.12399774411446E+04  0.97015529961131E+03  0.24368435370302E+04 -0.64707856663527E+03 -0.12655210984984E+04 -0.33464867650398E+03  0.11075964604023E+03  0.20503326158138E+03 -0.16981478039882E+04 -0.87680513063160E+03  0.14294514920924E+04  0.15608269785015E+03 -0.11391432252219E+04 -0.12666195005936E+04
  -0.74625166939940E+07  0.25601651396613E+07 -0.37171364535476E+06 -0.22225055012777E+07  0.49197980227633E+06 -0.69377513225589E+05 -0.25339823754683E+06 -0.57571516118426E+06 -0.26592782364495E+05  0.57404048601724E+05 -0.65354140579567E+04 -0.68189102307211E+04 -0.32292253331957E+03 -0.84027998146607E+02 -0.54915650806283E+05  0.64151992808094E+04 -0.48809626616535E+05 -0.27105062134697E+05  0.32895790616579E+08  0.65049486885359E+04  0.67599119951550E+06 -0.16743706729023E+06 -0.49730901196608E+06 -0.25076268745947E+07  0.33887155876257E+05  0.75332057932048E+05 -0.11725582500819E+04  0.56332677163658E+06  0.27478685901862E+07  0.17648346010776E+05  0.31440876252441E+05  0.22946022620141E+03  0.18314013127105E+06  0.79987475819219E+06  0.24703395150279E+05  0.78001437845510E+04 -0.18741253570195E+05  0.44078921749816E+05  0.20532445757366E+05  0.63212823767995E+05
  -0.13951439743623E+04  0.56409652799096E+03 -0.71569999342384E+02 -0.20941559953601E+03  0.67365946965284E+02  0.53103462472604E+02 -0.13774798951180E+01  0.37455542514892E+03 -0.91972675000562E+02 -0.89057666027012E+01  0.27679492282383E+01 -0.50994281187632E+01 -0.43463415186500E+00  0.26594296993423E-01  0.21483015000411E+01 -0.86021011151889E+00  0.10731430882211E+01  0.19457172339244E+01  0.65049486885359E+04  0.23778315279273E+01  0.14117476086628E+03 -0.28079091225703E+02 -0.84938458674371E+02 -0.50779573058655E+03  0.00000000000000E+00 -0.25867730778297E+02  0.00000000000000E+00  0.00000000000000E+00  0.41198285237441E+03  0.00000000000000E+00 -0.72219703954772E+01  0.00000000000000E+00  0.00000000000000E+00  0.21761527124066E+03  0.00000000000000E+00  0.00000000000000E+00  0.00000000000000E+00  0.11888190710714E+02  0.00000000000000E+00 -0.27101910315533E+02
  -0.21184604831508E+06  0.60511382722695E+05 -0.10265094440573E+05 -0.61949085654786E+05  0.12927599385983E+05 -0.46550191301513E+04 -0.85530796976852E+04 -0.28109672200686E+05  0.69146493024980E+03  0.24959385485617E+04 -0.28816837933926E+03 -0.12173970897114E+03  0.64496617043301E+01 -0.46366358563681E+01  0.75976449488610E+03 -0.11157408854856E+03  0.81665257747719E+03  0.49283835831994E+03  0.67599119951550E+06  0.14117476086628E+03  0.26503408633840E+05 -0.78251751095349E+04 -0.21416457200123E+05 -0.10122979024182E+06  0.00000000000000E+00  0.50760976296813E+04  0.00000000000000E+00  0.00000000000000E+00  0.11585362631656E+06  0.00000000000000E+00 -0.11563843148953E+04  0.00000000000000E+00  0.00000000000000E+00  0.23102892403832E+05  0.00000000000000E+00  0.00000000000000E+00  0.00000000000000E+00 -0.42255861317701E+04  0.00000000000000E+00  0.41705884499172E+04
   0.57475312130315E+05 -0.12743635547745E+05  0.26681229248148E+04  0.20477776998601E+05 -0.38603133475964E+04  0.25453209290588E+04  0.31790042371820E+04  0.28482527858283E+05 -0.57489011760927E+04 -0.13081389197822E+04  0.22312149113321E+03 -0.88322266701598E+01  0.99959125067976E+00  0.57348205278529E+00 -0.20655977749165E+03  0.21013604069568E+02 -0.24942858669879E+03 -0.13160794299722E+03 -0.16743706729023E+06 -0.28079091225703E+02 -0.78251751095349E+04  0.28492333776894E+04  0.75790022194494E+04  0.32987398320836E+05 -0.52097957387492E+02 -0.21169101771778E+04  0.24761379115566E+01  0.46395122176173E+03 -0.42237531640358E+05  0.00000000000000E+00 -0.16030828601843E+03  0.00000000000000E+00  0.22531386424279E+04 -0.49451808071258E+04  0.00000000000000E+00  0.00000000000000E+00  0.00000000000000E+00  0.15127643398915E+04 -0.39067420311551E+03 -0.28137248780838E+04
   0.17962700269022E+06 -0.43267672452061E+05  0.83531073454754E+04  0.56682721396573E+05 -0.10666705534634E+05  0.69856784114275E+04  0.86449986503072E+04  0.89110180124203E+05 -0.19093111567419E+05 -0.38076394293455E+04  0.68331603887259E+03  0.14396840170885E+03  0.18874027186878E+02  0.14569265946123E+01 -0.59881517440002E+03  0.52631619423216E+02 -0.67968372512905E+03 -0.33552230664406E+03 -0.49730901196608E+06 -0.84938458674371E+02 -0.21416457200123E+05  0.75790022194494E+04  0.20787236534336E+05  0.89226662696784E+05 -0.16369586948431E+03 -0.52786940079120E+04 -0.47371023513527E+02 -0.67831655558697E+04 -0.11606143214807E+06  0.00000000000000E+00 -0.39697778809637E+03  0.00000000000000E+00  0.31442028712399E+04 -0.15410798948620E+05  0.00000000000000E+00  0.00000000000000E+00  0.00000000000000E+00  0.37715852784174E+04 -0.21444196138018E+04 -0.81857783736137E+04
   0.74995054697117E+06 -0.20684196702377E+06  0.35950009657265E+05  0.24183516330866E+06 -0.48456896901888E+05  0.22094695358974E+05  0.34069483922059E+05  0.24730201464978E+06 -0.47339765048408E+05 -0.12272654483523E+05  0.19678532770020E+04 -0.91019526490369E+03 -0.93180647478935E+02  0.75896585065479E+01 -0.14478988272028E+04  0.15251606055010E+03 -0.15991086132745E+04 -0.83950057012055E+03 -0.25076268745947E+07 -0.50779573058655E+03 -0.10122979024182E+06  0.32987398320836E+05  0.89226662696784E+05  0.41832866410714E+06  0.25311412773206E+03 -0.27210500390256E+05 -0.64378775962568E+01  0.37950972196450E+05 -0.48836686092158E+06  0.00000000000000E+00 -0.21006608215639E+04  0.00000000000000E+00  0.16126613423078E+05 -0.81181412942554E+05  0.00000000000000E+00  0.00000000000000E+00  0.00000000000000E+00  0.20091908042909E+05  0.15681292661862E+04 -0.29892538187769E+05
  -0.12696808677018E+06  0.16574738562240E+05 -0.55378103816966E+04 -0.12771502388570E+05  0.20002320045114E+04 -0.28347211849990E+04 -0.25108540195822E+04 -0.60552545680400E+05  0.11447258214769E+05  0.27380194895078E+04 -0.48729191189727E+03 -0.11734868959497E+04 -0.17358573299401E+03  0.72064980822306E-01 -0.25930239937653E+04  0.47761687123281E+03 -0.26673679670855E+04 -0.18518035876109E+04  0.33887155876257E+05  0.00000000000000E+00  0.00000000000000E+00 -0.52097957387492E+02 -0.16369586948431E+03  0.25311412773206E+03  0.11626319246146E+06  0.00000000000000E+00  0.00000000000000E+00  0.00000000000000E+00  0.00000000000000E+00  0.00000000000000E+00  0.00000000000000E+00  0.00000000000000E+00  0.00000000000000E+00  0.00000000000000E+00  0.00000000000000E+00  0.00000000000000E+00  0.00000000000000E+00  0.00000000000000E+00  0.00000000000000E+00  0.00000000000000E+00
  -0.53873307728394E+05  0.81975162802840E+04 -0.23639468507421E+04 -0.21147218626478E+05  0.33721545630561E+04 -0.43504652997997E+04 -0.39380951317000E+04 -0.48704967485089E+05  0.10841953528685E+05  0.18973297081041E+04 -0.36794846501640E+03  0.64921889581988E-10  0.69312129157711E-11  0.33901391514004E-12 -0.17054889824283E+04  0.29966241391029E+03 -0.17166392141829E+04 -0.11603314495898E+04  0.75332057932048E+05 -0.25867730778297E+02  0.50760976296813E+04 -0.21169101771778E+04 -0.52786940079120E+04 -0.27210500390256E+05  0.00000000000000E+00  0.64581927580357E+05  0.00000000000000E+00  0.00000000000000E+00  0.00000000000000E+00  0.00000000000000E+00  0.00000000000000E+00  0.00000000000000E+00  0.00000000000000E+00  0.00000000000000E+00  0.00000000000000E+00  0.00000000000000E+00  0.00000000000000E+00  0.00000000000000E+00  0.00000000000000E+00  0.00000000000000E+00
  -0.43877211219971E+04 -0.23957296020555E+03  0.50794248774095E+02 -0.66086811963054E+02 -0.56296318858876E+02  0.15512668624069E+03  0.13696253276643E+03 -0.66798700429535E+05  0.24096193843203E+05  0.72751955738060E+03 -0.34163912567753E+03 -0.76767495616380E+03 -0.29591340971098E+02 -0.64558305886017E+01 -0.24527677157238E+04  0.28109629200253E+03 -0.24697528168972E+04 -0.12399774411446E+04 -0.11725582500819E+04  0.00000000000000E+00  0.00000000000000E+00  0.24761379115566E+01 -0.47371023513527E+02 -0.64378775962568E+01  0.00000000000000E+00  0.00000000000000E+00  0.30663657344567E+05  0.00000000000000E+00  0.00000000000000E+00  0.00000000000000E+00  0.00000000000000E+00  0.00000000000000E+00  0.00000000000000E+00  0.00000000000000E+00  0.00000000000000E+00  0.00000000000000E+00  0.00000000000000E+00  0.00000000000000E+00  0.00000000000000E+00  0.00000000000000E+00
  -0.83769928252786E+06  0.20916053272761E+06 -0.38942494102151E+05 -0.65670445643651E+05  0.11973938143796E+05 -0.89263019434360E+04 -0.10144531332160E+05 -0.28114221764415E+06  0.65532445540136E+05  0.10951832205873E+05 -0.20831282782734E+04 -0.52268407758916E+04 -0.61530462701706E+03 -0.89786549753673E+00  0.19705106949248E+04 -0.15979668892449E+03  0.20847090507294E+04  0.97015529961131E+03  0.56332677163658E+06  0.00000000000000E+00  0.00000000000000E+00  0.46395122176173E+03 -0.67831655558697E+04  0.37950972196450E+05  0.00000000000000E+00  0.00000000000000E+00  0.00000000000000E+00  0.57754999341003E+06  0.00000000000000E+00  0.00000000000000E+00  0.00000000000000E+00  0.00000000000000E+00  0.00000000000000E+00  0.00000000000000E+00  0.00000000000000E+00  0.00000000000000E+00  0.00000000000000E+00  0.00000000000000E+00  0.00000000000000E+00  0.00000000000000E+00
  -0.10846510419863E+07  0.26331339655770E+06 -0.50596929675181E+05 -0.34059438507316E+06  0.63174306720733E+05 -0.44201933034721E+05 -0.52974035022663E+05 -0.55822558349799E+06  0.12595365303534E+06  0.22925194792848E+05 -0.41890346857335E+04 -0.77304828440121E-10 -0.70412132120375E-10 -0.46566543280446E-11  0.41998036390203E+04 -0.47301854041223E+03  0.44772675417806E+04  0.24368435370302E+04  0.27478685901862E+07  0.41198285237441E+03  0.11585362631656E+06 -0.42237531640358E+05 -0.11606143214807E+06 -0.48836686092158E+06  0.00000000000000E+00  0.00000000000000E+00  0.00000000000000E+00  0.00000000000000E+00  0.91790532566800E+06  0.00000000000000E+00  0.00000000000000E+00  0.00000000000000E+00  0.00000000000000E+00  0.00000000000000E+00  0.00000000000000E+00  0.00000000000000E+00  0.00000000000000E+00  0.00000000000000E+00  0.00000000000000E+00  0.00000000000000E+00
  -0.20564245251951E+05  0.58011302105489E+04 -0.10021598825021E+04 -0.14124395919766E+04  0.33978232583816E+03 -0.37899087000972E+01 -0.17247745780484E+03 -0.72577290314089E+05  0.23151276310125E+05  0.15297958554391E+04 -0.44442747715846E+03 -0.25202572690254E+04 -0.15672069678439E+03 -0.36999903942053E+01 -0.15211458284787E+04  0.15642447181234E+03 -0.12783834139939E+04 -0.64707856663527E+03  0.17648346010776E+05  0.00000000000000E+00  0.00000000000000E+00  0.00000000000000E+00  0.00000000000000E+00  0.00000000000000E+00  0.00000000000000E+00  0.00000000000000E+00  0.00000000000000E+00  0.00000000000000E+00  0.00000000000000E+00  0.14753996509706E+05  0.00000000000000E+00  0.00000000000000E+00  0.00000000000000E+00  0.00000000000000E+00  0.00000000000000E+00  0.00000000000000E+00  0.00000000000000E+00  0.00000000000000E+00  0.00000000000000E+00  0.00000000000000E+00
  -0.46349373773440E+05  0.13222678631681E+05 -0.22687080135528E+04 -0.24887235137450E+04  0.57910023202669E+03 -0.36327020183249E+02 -0.29420034078591E+03 -0.16231845839572E+06  0.51885005957998E+05  0.33501037033793E+04 -0.99409027605018E+03 -0.75172988322136E+02 -0.19861039969920E+02 -0.23912530140641E-04 -0.29598208682109E+04  0.30342122281101E+03 -0.24979289589016E+04 -0.12655210984984E+04  0.31440876252441E+05 -0.72219703954772E+01 -0.11563843148953E+04 -0.16030828601843E+03 -0.39697778809637E+03 -0.21006608215639E+04  0.00000000000000E+00  0.00000000000000E+00  0.00000000000000E+00  0.00000000000000E+00  0.00000000000000E+00  0.00000000000000E+00  0.31788160332176E+05  0.00000000000000E+00  0.00000000000000E+00  0.00000000000000E+00  0.00000000000000E+00  0.00000000000000E+00  0.00000000000000E+00  0.00000000000000E+00  0.00000000000000E+00  0.00000000000000E+00
  -0.30791915275527E+04  0.42094453571250E+03 -0.11864781401570E+03 -0.73844464358344E+02  0.95485109995022E+01 -0.19666502398791E+02 -0.13815032285981E+02 -0.13304134720756E+04  0.17951577398197E+03  0.43124093298626E+02 -0.11182348615985E+02 -0.83141745722710E+02 -0.66760602910660E+01 -0.15047471328710E+00 -0.71450723663913E+03  0.78232816924550E+02 -0.60955417287226E+03 -0.33464867650398E+03  0.22946022620141E+03  0.00000000000000E+00  0.00000000000000E+00  0.00000000000000E+00  0.00000000000000E+00  0.00000000000000E+00  0.00000000000000E+00  0.00000000000000E+00  0.00000000000000E+00  0.00000000000000E+00  0.00000000000000E+00  0.00000000000000E+00  0.00000000000000E+00  0.37865699114810E+04  0.00000000000000E+00  0.00000000000000E+00  0.00000000000000E+00  0.00000000000000E+00  0.00000000000000E+00  0.00000000000000E+00  0.00000000000000E+00  0.00000000000000E+00
  -0.19841570061730E+06  0.63449250407197E+05 -0.99035340632580E+04 -0.11730946355012E+05  0.29873516824945E+04  0.33458414127436E+03 -0.10813127933369E+04 -0.57310027361627E+04  0.61775622869884E+03  0.57994108384353E+03 -0.49955694061187E+02 -0.22597499470959E+00 -0.16288251949952E+00  0.27320137348222E-12  0.23595387359723E+03 -0.63264905060418E+02  0.84792791525279E+02  0.11075964604023E+03  0.18314013127105E+06  0.00000000000000E+00  0.00000000000000E+00  0.22531386424279E+04  0.31442028712399E+04  0.16126613423078E+05  0.00000000000000E+00  0.00000000000000E+00  0.00000000000000E+00  0.00000000000000E+00  0.00000000000000E+00  0.00000000000000E+00  0.00000000000000E+00  0.00000000000000E+00  0.10558907473538E+06  0.00000000000000E+00  0.00000000000000E+00  0.00000000000000E+00  0.00000000000000E+00  0.00000000000000E+00  0.00000000000000E+00  0.00000000000000E+00
  -0.22395598156973E+06  0.71031616897330E+05 -0.11144975711914E+05 -0.52630031410040E+05  0.13188456083191E+05  0.11253032867380E+04 -0.50121941124134E+04 -0.11251524190656E+05  0.12482646071854E+04  0.11000669478041E+04 -0.97879010544697E+02 -0.68725212012253E-11  0.43109528321036E-11 -0.29888868638656E-13  0.42208508044165E+03 -0.11167012940157E+03  0.16487989322184E+03  0.20503326158138E+03  0.79987475819219E+06  0.21761527124066E+03  0.23102892403832E+05 -0.49451808071258E+04 -0.15410798948620E+05 -0.81181412942554E+05  0.00000000000000E+00  0.00000000000000E+00  0.00000000000000E+00  0.00000000000000E+00  0.00000000000000E+00  0.00000000000000E+00  0.00000000000000E+00  0.00000000000000E+00  0.00000000000000E+00  0.13875894578072E+06  0.00000000000000E+00  0.00000000000000E+00  0.00000000000000E+00  0.00000000000000E+00  0.00000000000000E+00  0.00000000000000E+00
  -0.91059199939837E+04  0.24670237801407E+04 -0.43502793516715E+03 -0.25120100578616E+04  0.48373037370084E+03 -0.27618157546024E+03 -0.37738817936813E+03  0.58611683000934E+02 -0.11960035461794E+04  0.13553269221962E+03 -0.15458543870432E+02 -0.18403205969095E+01 -0.19380507636125E+00 -0.18411538253954E-02 -0.28144370290853E+04  0.42637471549903E+03 -0.26544658678885E+04 -0.16981478039882E+04  0.24703395150279E+05  0.00000000000000E+00  0.00000000000000E+00  0.00000000000000E+00  0.00000000000000E+00  0.00000000000000E+00  0.00000000000000E+00  0.00000000000000E+00  0.00000000000000E+00  0.00000000000000E+00  0.00000000000000E+00  0.00000000000000E+00  0.00000000000000E+00  0.00000000000000E+00  0.00000000000000E+00  0.00000000000000E+00  0.83157876104808E+04  0.00000000000000E+00  0.00000000000000E+00  0.00000000000000E+00  0.00000000000000E+00  0.00000000000000E+00
  -0.32263112902389E+04  0.78377854317205E+03 -0.15151256001995E+03 -0.98067287840934E+03  0.17939888728870E+03 -0.13895290589472E+03 -0.15891889967312E+03  0.16364581193657E+03 -0.66973147926209E+03  0.60495455755957E+02 -0.72889419219595E+01 -0.79202856087893E+00 -0.75422304583134E-01 -0.10117241262177E-02 -0.15000003277194E+04  0.21127355503730E+03 -0.14259710987038E+04 -0.87680513063160E+03  0.78001437845510E+04  0.00000000000000E+00  0.00000000000000E+00  0.00000000000000E+00  0.00000000000000E+00  0.00000000000000E+00  0.00000000000000E+00  0.00000000000000E+00  0.00000000000000E+00  0.00000000000000E+00  0.00000000000000E+00  0.00000000000000E+00  0.00000000000000E+00  0.00000000000000E+00  0.00000000000000E+00  0.00000000000000E+00  0.00000000000000E+00  0.42641564132479E+04  0.00000000000000E+00  0.00000000000000E+00  0.00000000000000E+00  0.00000000000000E+00
  -0.14958776363651E+05 -0.23673322594117E+04  0.52705599856601E+02 -0.94718240943079E+04  0.33214531743237E+03 -0.30440343729824E+04 -0.12780769623161E+04 -0.26191256610113E+06  0.11154546765760E+06  0.30850313875557E+04 -0.11595604403931E+04  0.29934520216700E+03  0.29873471614980E+02 -0.16390401251592E+01 -0.24691041733902E+04 -0.28622436563334E+03  0.13365955147184E+04  0.14294514920924E+04 -0.18741253570195E+05  0.00000000000000E+00  0.00000000000000E+00  0.00000000000000E+00  0.00000000000000E+00  0.00000000000000E+00  0.00000000000000E+00  0.00000000000000E+00  0.00000000000000E+00  0.00000000000000E+00  0.00000000000000E+00  0.00000000000000E+00  0.00000000000000E+00  0.00000000000000E+00  0.00000000000000E+00  0.00000000000000E+00  0.00000000000000E+00  0.00000000000000E+00  0.12388716799837E+06  0.00000000000000E+00  0.00000000000000E+00  0.00000000000000E+00
   0.16581308670355E+05 -0.22368452826872E+04  0.72440800369456E+03 -0.15664655939205E+05  0.24934122645003E+04 -0.33929243007931E+04 -0.31737372356140E+04 -0.86092900422340E+04  0.15830442247546E+04  0.44102354726830E+03 -0.69320695315440E+02  0.32342176206000E+03  0.72615874898709E+02  0.73604828568492E-04  0.18032753331764E+03 -0.32349481431232E+02  0.22538393494085E+03  0.15608269785015E+03  0.44078921749816E+05  0.11888190710714E+02 -0.42255861317701E+04  0.15127643398915E+04  0.37715852784174E+04  0.20091908042909E+05  0.00000000000000E+00  0.00000000000000E+00  0.00000000000000E+00  0.00000000000000E+00  0.00000000000000E+00  0.00000000000000E+00  0.00000000000000E+00  0.00000000000000E+00  0.00000000000000E+00  0.00000000000000E+00  0.00000000000000E+00  0.00000000000000E+00  0.00000000000000E+00  0.39245689554899E+05  0.00000000000000E+00  0.00000000000000E+00
  -0.70574779583629E+05  0.85367082556103E+04 -0.25605722752428E+04 -0.71867351043478E+04  0.81945496634867E+03 -0.18584958774440E+04 -0.11534547442833E+04 -0.13683442142851E+06  0.44183346915547E+05  0.27850511526627E+04 -0.83570602590299E+03 -0.28623655913065E+04 -0.20484086870752E+03 -0.34754469066910E+01 -0.83260797000630E+03  0.23898563104424E+03 -0.16582766084807E+04 -0.11391432252219E+04  0.20532445757366E+05  0.00000000000000E+00  0.00000000000000E+00 -0.39067420311551E+03 -0.21444196138018E+04  0.15681292661862E+04  0.00000000000000E+00  0.00000000000000E+00  0.00000000000000E+00  0.00000000000000E+00  0.00000000000000E+00  0.00000000000000E+00  0.00000000000000E+00  0.00000000000000E+00  0.00000000000000E+00  0.00000000000000E+00  0.00000000000000E+00  0.00000000000000E+00  0.00000000000000E+00  0.00000000000000E+00  0.94926016278912E+05  0.00000000000000E+00
  -0.55717648263471E+05  0.71642522902296E+04 -0.20775631472880E+04 -0.21278191115522E+05  0.25182662243947E+04 -0.53606518750218E+04 -0.34379351093990E+04 -0.17021741880897E+06  0.54418952918793E+05  0.35495295432241E+04 -0.10478383221983E+04  0.75890666174576E-10  0.36147466049716E-11  0.13025941674965E-11 -0.93820308601594E+03  0.26782729882430E+03 -0.18426317055291E+04 -0.12666195005936E+04  0.63212823767995E+05 -0.27101910315533E+02  0.41705884499172E+04 -0.28137248780838E+04 -0.81857783736137E+04 -0.29892538187769E+05  0.00000000000000E+00  0.00000000000000E+00  0.00000000000000E+00  0.00000000000000E+00  0.00000000000000E+00  0.00000000000000E+00  0.00000000000000E+00  0.00000000000000E+00  0.00000000000000E+00  0.00000000000000E+00  0.00000000000000E+00  0.00000000000000E+00  0.00000000000000E+00  0.00000000000000E+00  0.00000000000000E+00  0.99609428393497E+05

 # Covariance matrix (Bevington epsilon)
