# fitpack15: fit parameters                                                                         
# CJ15 AV18 final data choices                                                                      
# Created on 03/16/2020 at 21:38:42                                                                 

 # QCD setup
  INS                           0
  NVL                          11
  IORD                          1
  Q02                   1.6899999999999999     
  IPARAMC                       7
  FLAVOR                5.0000000000000000     
  xmc                   1.3000000000000000     
  xmb                   4.5000000000000000     
  ncb                          12
  ihq                           1
  ias                           0

 # Theory corrections
  inuke                     10114
  itmc                          1
  iht                           1

 # fit parameters
 LAMBDA       0.22680        0.0000    
 a0uv          1.9309        0.0000    
 a1uv         0.56521       0.23770E-01
 a2uv          3.5671       0.11227E-01
 a3uv          0.0000        0.0000    
 a4uv          4.6407       0.63911    
 a5uv          0.0000        0.0000    
 a0dv          24.248        0.0000    
 a1dv          1.1504       0.32912E-01
 a2dv          6.6018       0.16181    
 a3dv         -3.5219       0.86581E-01
 a4dv          4.7299       0.14057    
 a5dv          0.0000        0.0000    
 a0ud         0.14196       0.49726E-02
 a1ud        -0.21065       0.38043E-02
 a2ud          8.4772       0.18863    
 a3ud          0.0000        0.0000    
 a4ud          15.392        1.2810    
 a5ud          0.0000        0.0000    
 a0du          35712.        0.0000    
 a1du          4.1330       0.10680    
 a2du          20.771        1.1098    
 a3du          17.000        0.0000    
 a4du          58.632        15.813    
 a0g           43.774        0.0000    
 a1g          0.59519       0.29968E-01
 a2g           5.9974       0.84679    
 a3g          -3.3533       0.12329    
 a4g           3.2211       0.28927    
 a5g           0.0000        0.0000    
 kappa        0.40000        0.0000    
 a6dv        -0.40720E-02   0.72961E-03
 a7dv          2.0000        0.0000    
 off1        -0.10033       0.12375    
 off2         0.11336       0.74907    
 off3        -0.53736        1.0420    
 ht1          -3.8194       0.33475    
 ht2           2.0812       0.12003    
 ht3          -2.0982       0.28286E-01
 ht4           0.0000        0.0000    
 dummy41       0.0000        0.0000    
 dummy42       0.0000        0.0000    
 dummy43       0.0000        0.0000    
 dummy44       0.0000        0.0000    
 dummy45       0.0000        0.0000    
 dummy46       0.0000        0.0000    
 dummy47       0.0000        0.0000    
 dummy48       0.0000        0.0000    
 dummy49       0.0000        0.0000    
 bcdmsh2      0.96699       0.50733E-02
 bcdmsd2      0.98955       0.60591E-02
 ccfr          1.0000        0.0000    
 nutev         1.0000        0.0000    
 zeus         0.97998        0.0000    
 h1            1.0162        0.0000    
 e605          1.0319        0.0000    
 NmcH2         1.0038       0.72374E-02
 ntv_nu        1.0000        0.0000    
 ntv_nuba      1.0000        0.0000    
 cdf_jet      0.98910        0.0000    
 d0_jet       0.83504        0.0000    
 slac_p       0.99912       0.52620E-02
 slac_d       0.99974       0.57288E-02
 e866pp       0.97590       0.19916E-01
 e866pd       0.94931       0.17672E-01
 d0_gamje      1.0375       0.16507E-01
 h1b          0.97608        0.0000    
 blank         1.0000        0.0000    
 d0run2       0.95452       0.15158E-01
 cdfrun2      0.93957       0.17806E-01
 HERA_el       1.0000        0.0000    
 HERA_ps       1.0000        0.0000    
 CDF_Z        0.95229       0.68753E-02
 NmcRat        1.0000        0.0000    
 HERMES_F     0.99199       0.59079E-02
 HERMES_F     0.97584       0.61617E-02
 END 0. 0.

 # Hessian matrix (Bevington alpha)
   0.44276490393922E+07 -0.10867730226808E+07  0.16298635885286E+06  0.39622851693790E+06 -0.10136061873067E+06 -0.22199163170293E+05  0.45828333429273E+05  0.94778853575903E+06 -0.17925094602674E+06 -0.46485252995083E+05  0.71323078957743E+04  0.12967969416753E+05  0.14102163603115E+04 -0.93620851846779E+02  0.12012664491230E+05 -0.29655124381575E+04  0.14140477505246E+05  0.10475106731622E+05 -0.58789379830860E+07 -0.56624776829951E+05 -0.24199274497274E+05 -0.11489054926555E+05 -0.96284407011399E+04  0.25517984713919E+04 -0.17519385125262E+06 -0.13304683605634E+06 -0.56338423479319E+05 -0.53319077629597E+04 -0.87735995080412E+06 -0.11361640946312E+07 -0.21237047238623E+05 -0.48636346467353E+05 -0.32022781068581E+04 -0.89325324517056E+04 -0.31579679676164E+04 -0.19060271721257E+05 -0.75224391085392E+05 -0.59222484760867E+05
  -0.10867730226808E+07  0.33708105456772E+06 -0.40977437850218E+05 -0.10363281192902E+06  0.26250530365054E+05  0.85444154912566E+04 -0.87902529257644E+04 -0.11542444238134E+06  0.25438336980919E+05  0.64226570578674E+04 -0.81436803178614E+03 -0.10048870663805E+04 -0.11196558173379E+03  0.11268941292714E+02  0.36585399779484E+03  0.50956277018324E+02  0.20051618523579E+03  0.22121365813637E+01  0.19814921651947E+07  0.14019309688657E+05  0.69033695276029E+04  0.36301705211104E+04  0.52167040019627E+04  0.56582323199903E+04  0.49172960814200E+05  0.16830564807462E+05  0.83276710873724E+04 -0.19902883687360E+03  0.21237634207041E+06  0.26842120642578E+06  0.57883291262617E+04  0.13461636903154E+05  0.41924646607090E+03  0.23606252098547E+04  0.74877376733420E+03 -0.21468219663440E+04  0.87649433935367E+04  0.73719541611897E+04
   0.16298635885286E+06 -0.40977437850218E+05  0.60496807740385E+04  0.14332169067086E+05 -0.37815165115514E+04 -0.10611991649531E+04  0.16075803381519E+04  0.26180891180130E+05 -0.48408381256962E+04 -0.15062497964343E+04  0.20051176988623E+03  0.34712407311877E+03  0.42591321378460E+02 -0.34658513890046E+01 -0.20362868150727E+03 -0.32449594784318E+02 -0.98329718521743E+02  0.42911482576466E+02 -0.22261524456562E+06 -0.20682253854296E+04 -0.89898133403037E+03 -0.43064192760102E+03 -0.39368446739383E+03 -0.50294007101694E+02 -0.65515892817339E+04 -0.46406099116607E+04 -0.19690512423116E+04  0.17853653681351E+02 -0.31707542616056E+05 -0.41285289979467E+05 -0.79644467560344E+03 -0.18315700985934E+04 -0.99288118997830E+02 -0.33071312899297E+03 -0.11580516444322E+03 -0.88835880603774E+02 -0.22193372573711E+04 -0.17898461031888E+04
   0.39622851693790E+06 -0.10363281192902E+06  0.14332169067086E+05  0.37259526617271E+06 -0.55528884157958E+05  0.74397094465102E+05  0.60682869081197E+05  0.34348987296473E+06 -0.25050566368101E+05 -0.17099453417102E+05  0.30957820741889E+04 -0.12172667782130E+04 -0.11888106488638E+03  0.47642028923752E+02  0.32605956364032E+05 -0.42591414535031E+04  0.30983662500230E+05  0.17723830282023E+05 -0.18602780268739E+07 -0.17554530338856E+05 -0.68226023128989E+04 -0.28651609228272E+04 -0.26947647883894E+03  0.39760837168863E+04 -0.31967256201736E+05 -0.12827484960009E+05 -0.21311014010806E+05 -0.66166997165863E+02 -0.66572823742853E+05 -0.34432287510920E+06 -0.12998037662860E+04 -0.25092846067966E+04 -0.65878797528114E+02 -0.23798492189361E+04 -0.92709081115610E+03 -0.10159787722129E+05 -0.73086117888204E+04 -0.21667741315387E+05
  -0.10136061873067E+06  0.26250530365054E+05 -0.37815165115514E+04 -0.55528884157958E+05  0.98355060544428E+04 -0.75645395887759E+04 -0.84204630314390E+04 -0.30298680491053E+05  0.14834688083624E+03  0.21307225968564E+04 -0.29973464650492E+03 -0.15332825823052E+02  0.31274213740010E+01 -0.41916565576588E+01 -0.27864556313673E+04  0.38136543877109E+03 -0.25384640547974E+04 -0.14921395460419E+04  0.38774724922886E+06  0.30649260598174E+04  0.13235805075321E+04  0.59244804325661E+03  0.23715471748767E+03 -0.10708811907920E+03  0.65682446748865E+04  0.19841255906312E+04  0.33524394537545E+04 -0.58889561144567E+02  0.11801264738110E+05  0.62411875805275E+05  0.30661350587662E+03  0.56901746144885E+03  0.82318561098923E+01  0.44801038055558E+03  0.16633360532297E+03  0.40037634503647E+03  0.81537159103628E+03  0.25189866988925E+04
  -0.22199163170293E+05  0.85444154912566E+04 -0.10611991649531E+04  0.74397094465102E+05 -0.75645395887759E+04  0.23819223482608E+05  0.14242569427583E+05  0.10553189152930E+06 -0.95262290131311E+04 -0.43946696860409E+04  0.93143856254545E+03 -0.59940192120093E+03 -0.52798933361646E+02  0.15924794253137E+02  0.97788632035644E+04 -0.12914474556932E+04  0.95424178388379E+04  0.54988937296184E+04 -0.61708415521464E+05 -0.22216192247947E+04 -0.52810210731918E+03 -0.99104705279521E+02  0.55559144798299E+03  0.22074969981983E+04 -0.17218229198531E+04 -0.27503373485048E+04 -0.42196463621575E+04  0.15093587795623E+03 -0.85667135087109E+04 -0.41866447203699E+05  0.12892285085012E+02 -0.13646270493883E+02 -0.17639055070531E+02 -0.23820001763354E+03 -0.12271077238224E+03 -0.31843174332612E+04 -0.18561137102756E+04 -0.53416105417152E+04
   0.45828333429273E+05 -0.87902529257644E+04  0.16075803381519E+04  0.60682869081197E+05 -0.84204630314390E+04  0.14242569427583E+05  0.10778088126498E+05  0.56970872449482E+05 -0.28856459804058E+04 -0.30475938200700E+04  0.53177096220881E+03 -0.19190044730438E+03 -0.19912235663276E+02  0.83107257416645E+01  0.50759725768682E+04 -0.69083487599250E+03  0.47824585429669E+04  0.28109627619886E+04 -0.20589461858028E+06 -0.25439525080377E+04 -0.89411189999688E+03 -0.32528899219057E+03  0.20849379253246E+03  0.12153928531079E+04 -0.40560423263327E+04 -0.24460648165264E+04 -0.38462108970314E+04  0.13730662220818E+03 -0.98479853905118E+04 -0.51303496021231E+05 -0.14746635675479E+03 -0.27807249663554E+03 -0.12178188443366E+02 -0.34065401062841E+03 -0.14411018052691E+03 -0.13586241341603E+04 -0.11424169416516E+04 -0.34084381503580E+04
   0.94778853575903E+06 -0.11542444238134E+06  0.26180891180130E+05  0.34348987296473E+06 -0.30298680491053E+05  0.10553189152930E+06  0.56970872449482E+05  0.52655106091126E+07 -0.23759210580718E+07 -0.86054852069289E+05  0.25602734294646E+05  0.22604977781150E+05  0.15294959209790E+04  0.74461031295252E+02  0.87007786699495E+05 -0.11612849056753E+05  0.96572180465196E+05  0.52578844493259E+05 -0.47727684223003E+06 -0.36270520493478E+05 -0.70364825312494E+04 -0.18483970620389E+04  0.59963272444334E+04  0.33780604316084E+05 -0.26530500327628E+05 -0.62071397636906E+05 -0.49026194679978E+05 -0.70162912444277E+05 -0.29144324294412E+06 -0.56777763247585E+06 -0.74136561752347E+05 -0.16865870372262E+06 -0.14014417684875E+04  0.66845991093813E+03  0.43105504681375E+03 -0.27267136202978E+06 -0.14410412684908E+06 -0.17576243528290E+06
  -0.17925094602674E+06  0.25438336980919E+05 -0.48408381256962E+04 -0.25050566368101E+05  0.14834688083624E+03 -0.95262290131311E+04 -0.28856459804058E+04 -0.23759210580718E+07  0.19151661919770E+07  0.18793001595273E+05 -0.63214109069306E+04 -0.47683558762468E+04 -0.26538037198986E+03 -0.94632767698054E+01  0.50408481847795E+05 -0.25467068497606E+04  0.18503241012194E+05  0.92794482707370E+04 -0.34892439183128E+05  0.90386101056193E+04  0.14010414977534E+04  0.31703370062576E+03 -0.13680077462578E+04 -0.80978777446360E+04  0.42918189541426E+04  0.11340007728820E+05  0.10549003198267E+05  0.24652590535150E+05  0.66377333914273E+05  0.12505187284451E+06  0.22967637206399E+05  0.52352530664130E+05  0.18846233603094E+03 -0.13649701484712E+04 -0.74031661148571E+03  0.11258244154574E+06  0.45136308973031E+05  0.54553340209747E+05
  -0.46485252995083E+05  0.64226570578674E+04 -0.15062497964343E+04 -0.17099453417102E+05  0.21307225968564E+04 -0.43946696860409E+04 -0.30475938200700E+04 -0.86054852069289E+05  0.18793001595273E+05  0.25304129048871E+04 -0.60035051085784E+03 -0.55969226611838E+03 -0.49403230175608E+02 -0.13294749850535E+01 -0.40788115685841E+04  0.52858512640006E+03 -0.39583449400254E+04 -0.22680865423516E+04  0.46427737303719E+05  0.12172050357323E+04  0.32426202693250E+03  0.10346461392442E+03 -0.19171973604844E+03 -0.10364529753004E+04  0.15689553626207E+04  0.27034072582652E+04  0.18444152707550E+04  0.73261222805083E+03  0.10804676683641E+05  0.22287893440433E+05  0.14912503049896E+04  0.33357494557159E+04  0.43249191433645E+02  0.11560081190855E+03  0.51959676792525E+02  0.31007021762716E+04  0.28182844410385E+04  0.35217236506860E+04
   0.71323078957743E+04 -0.81436803178614E+03  0.20051176988623E+03  0.30957820741889E+04 -0.29973464650492E+03  0.93143856254545E+03  0.53177096220881E+03  0.25602734294646E+05 -0.63214109069306E+04 -0.60035051085784E+03  0.16626872861638E+03  0.16061807261265E+03  0.11737707137981E+02  0.50192589687875E+00  0.12485098473230E+04 -0.14529778634804E+03  0.11637109238478E+04  0.63952857209886E+03 -0.52130337301656E+04 -0.23804304731203E+03 -0.50557343308521E+02 -0.13842907163261E+02  0.41505496756817E+02  0.22823389360742E+03 -0.20159901755124E+03 -0.46358226660157E+03 -0.34432695644017E+03 -0.33703355237682E+03 -0.19996255607173E+04 -0.39450902283197E+04 -0.42410531493559E+03 -0.96460657332127E+03 -0.10923490756872E+02 -0.10827492791628E+02 -0.52229985022664E+01 -0.11343102175220E+04 -0.82234974937823E+03 -0.10099586648228E+04
   0.12967969416753E+05 -0.10048870663805E+04  0.34712407311877E+03 -0.12172667782130E+04 -0.15332825823052E+02 -0.59940192120093E+03 -0.19190044730438E+03  0.22604977781150E+05 -0.47683558762468E+04 -0.55969226611838E+03  0.16061807261265E+03  0.11403817186665E+04  0.75679912857458E+02 -0.11600155145794E+01  0.11869295475827E+04 -0.17457737149417E+03  0.14249837040761E+04  0.82457355448652E+03 -0.48399444679407E+04  0.23267469340133E+03  0.24137081921404E+02  0.85349959251849E+00  0.34132952484196E+02  0.21346634860587E+03 -0.42619951798847E+02 -0.93480520129423E+03  0.30219146214858E-10 -0.57881046243628E+03 -0.41819719376001E+04  0.36914933595421E-09 -0.19181823027052E+04 -0.54678712113742E+02 -0.65544529981345E+02 -0.14052606795645E+01 -0.60850450374349E+00  0.22764784933276E+03 -0.22776942462085E+04  0.61132428006993E-10
   0.14102163603115E+04 -0.11196558173379E+03  0.42591321378460E+02 -0.11888106488638E+03  0.31274213740010E+01 -0.52798933361646E+02 -0.19912235663276E+02  0.15294959209790E+04 -0.26538037198986E+03 -0.49403230175608E+02  0.11737707137981E+02  0.75679912857458E+02  0.66742112039251E+01 -0.12988087494584E+00  0.67790820556865E+02 -0.11960627591625E+02  0.87969758482072E+02  0.55036804621653E+02 -0.23999601873338E+03  0.14203933645032E+02  0.21452340359043E+01  0.18049791177055E+00  0.44040725164240E+01  0.24317170797124E+02 -0.84396919944947E+01 -0.13438847092578E+03  0.76118660865980E-12 -0.22966152669932E+02 -0.48150418341410E+03 -0.87953841590138E-11 -0.12070061818395E+03 -0.13996897757590E+02 -0.52826873620976E+01 -0.14587520013857E+00 -0.57502621514081E-01  0.22995532574886E+02 -0.16458569835800E+03 -0.69060468936631E-11
  -0.93620851846779E+02  0.11268941292714E+02 -0.34658513890046E+01  0.47642028923752E+02 -0.41916565576588E+01  0.15924794253137E+02  0.83107257416645E+01  0.74461031295252E+02 -0.94632767698054E+01 -0.13294749850535E+01  0.50192589687875E+00 -0.11600155145794E+01 -0.12988087494584E+00  0.33348202087260E-01  0.11377250141197E+02 -0.88220342572842E+00  0.75771460289300E+01  0.36034594726383E+01 -0.65239722158487E+02  0.11068097377521E+01 -0.33582217717248E-01 -0.16037664509635E-01 -0.60774088714643E-02 -0.16625568551154E-01  0.11627337492609E-01  0.51296863205665E-01 -0.88173810972962E-13 -0.43816419833599E+01 -0.38462292600300E+00 -0.29446184850913E-11 -0.19561587720712E+01 -0.31214267595455E-05 -0.95621427233770E-01 -0.11165034233917E-02 -0.61960430184677E-03 -0.15745221399312E+01 -0.19125997304875E+01 -0.10129776412068E-12
   0.12012664491230E+05  0.36585399779484E+03 -0.20362868150727E+03  0.32605956364032E+05 -0.27864556313673E+04  0.97788632035644E+04  0.50759725768682E+04  0.87007786699495E+05  0.50408481847795E+05 -0.40788115685841E+04  0.12485098473230E+04  0.11869295475827E+04  0.67790820556865E+02  0.11377250141197E+02  0.51543511073743E+05 -0.50503060564811E+04  0.40804606412360E+05  0.21622548419729E+05 -0.58376306886288E+05  0.24720275332037E+02  0.51418365508204E+02  0.24116449967128E+02 -0.32187894150716E+02 -0.16149450943027E+03  0.66803954158765E+03 -0.30145423736698E+04 -0.19565005855326E+04 -0.25217948057255E+04  0.18941269877154E+04  0.42788346117219E+04 -0.15263131955124E+04 -0.31150613354866E+04 -0.74523307722229E+03 -0.30638386027482E+04 -0.16001260480420E+04 -0.21594622995808E+04 -0.10103961611264E+04 -0.11378541039063E+04
  -0.29655124381575E+04  0.50956277018324E+02 -0.32449594784318E+02 -0.42591414535031E+04  0.38136543877109E+03 -0.12914474556932E+04 -0.69083487599250E+03 -0.11612849056753E+05 -0.25467068497606E+04  0.52858512640006E+03 -0.14529778634804E+03 -0.17457737149417E+03 -0.11960627591625E+02 -0.88220342572842E+00 -0.50503060564811E+04  0.57986545493196E+03 -0.45800677015717E+04 -0.25250781003234E+04  0.79152074843325E+04  0.12270804566192E+02 -0.65181164715089E+01 -0.42974284405422E+01 -0.23739130339471E+01 -0.93420449950708E+01 -0.13787417788068E+03  0.58826400847458E+03  0.36692660027773E+03  0.29861705278090E+03 -0.12959459848191E+03 -0.46619684227371E+03  0.16730817755971E+03  0.33892135288179E+03  0.86650823217010E+02  0.50193887132922E+03  0.24253657397457E+03 -0.39101217889392E+03  0.28624268187124E+03  0.32160105736501E+03
   0.14140477505246E+05  0.20051618523579E+03 -0.98329718521743E+02  0.30983662500230E+05 -0.25384640547974E+04  0.95424178388379E+04  0.47824585429669E+04  0.96572180465196E+05  0.18503241012194E+05 -0.39583449400254E+04  0.11637109238478E+04  0.14249837040761E+04  0.87969758482072E+02  0.75771460289300E+01  0.40804606412360E+05 -0.45800677015717E+04  0.37013504491141E+05  0.20161850197061E+05 -0.53506324730962E+05  0.65842504041686E+01  0.61012419464938E+02  0.25914481065316E+02 -0.78739119233516E+02 -0.29068639184201E+03  0.66755993206431E+03 -0.32683044463548E+04 -0.20762435055336E+04 -0.27606083213522E+04  0.23253245682940E+04  0.52315542492017E+04 -0.13831447263429E+04 -0.28355412326349E+04 -0.69357715263010E+03 -0.30601361371247E+04 -0.16297147712863E+04  0.18449014801037E+04 -0.20275480513587E+04 -0.22518018510310E+04
   0.10475106731622E+05  0.22121365813637E+01  0.42911482576466E+02  0.17723830282023E+05 -0.14921395460419E+04  0.54988937296184E+04  0.28109627619886E+04  0.52578844493259E+05  0.92794482707370E+04 -0.22680865423516E+04  0.63952857209886E+03  0.82457355448652E+03  0.55036804621653E+02  0.36034594726383E+01  0.21622548419729E+05 -0.25250781003234E+04  0.20161850197061E+05  0.11129324083637E+05 -0.31254146917210E+05 -0.23272852971834E+02  0.35611851521923E+02  0.17790427389231E+02 -0.30748132944561E+02 -0.95750506717286E+02  0.50729914836626E+03 -0.23006409683595E+04 -0.14289050486204E+04 -0.13925654132190E+04  0.10485165601474E+04  0.28229978099519E+04 -0.71140906380603E+03 -0.14567944176578E+04 -0.38620900465379E+03 -0.20039317034844E+04 -0.10218041037172E+04  0.18562106667566E+04 -0.13881155233518E+04 -0.15444454620286E+04
  -0.58789379830860E+07  0.19814921651947E+07 -0.22261524456562E+06 -0.18602780268739E+07  0.38774724922886E+06 -0.61708415521464E+05 -0.20589461858028E+06 -0.47727684223003E+06 -0.34892439183128E+05  0.46427737303719E+05 -0.52130337301656E+04 -0.48399444679407E+04 -0.23999601873338E+03 -0.65239722158487E+02 -0.58376306886288E+05  0.79152074843325E+04 -0.53506324730962E+05 -0.31254146917210E+05  0.26376208552115E+08  0.14335533859148E+06  0.74196618249403E+05  0.39537847524286E+05  0.37959905447704E+05  0.45793035943449E+05  0.34251391680384E+06  0.33252187566049E+05  0.74537001089317E+05 -0.12306320939204E+04  0.55705157463566E+06  0.27241612061720E+07  0.16126488725140E+05  0.31140611813004E+05  0.18312428185029E+03  0.22995997857042E+05  0.72510265216707E+04 -0.17248867478844E+05  0.20195423670879E+05  0.62890807302650E+05
  -0.56624776829951E+05  0.14019309688657E+05 -0.20682253854296E+04 -0.17554530338856E+05  0.30649260598174E+04 -0.22216192247947E+04 -0.25439525080377E+04 -0.36270520493478E+05  0.90386101056193E+04  0.12172050357323E+04 -0.23804304731203E+03  0.23267469340133E+03  0.14203933645032E+02  0.11068097377521E+01  0.24720275332037E+02  0.12270804566192E+02  0.65842504041686E+01 -0.23272852971834E+02  0.14335533859148E+06  0.26599911487815E+04  0.86407859269900E+03  0.37104730461445E+03  0.66519739157509E+02 -0.42670403523064E+03  0.30564636228797E+04  0.00000000000000E+00  0.26033968359209E+04  0.00000000000000E+00  0.00000000000000E+00  0.41241076039389E+05  0.00000000000000E+00  0.00000000000000E+00  0.00000000000000E+00  0.00000000000000E+00  0.00000000000000E+00  0.00000000000000E+00  0.00000000000000E+00  0.41913574758849E+04
  -0.24199274497274E+05  0.69033695276029E+04 -0.89898133403037E+03 -0.68226023128989E+04  0.13235805075321E+04 -0.52810210731918E+03 -0.89411189999688E+03 -0.70364825312494E+04  0.14010414977534E+04  0.32426202693250E+03 -0.50557343308521E+02  0.24137081921404E+02  0.21452340359043E+01 -0.33582217717248E-01  0.51418365508204E+02 -0.65181164715089E+01  0.61012419464938E+02  0.35611851521923E+02  0.74196618249403E+05  0.86407859269900E+03  0.36877458464660E+03  0.17769655054760E+03  0.83763090168910E+02 -0.76721220815546E+01  0.13648618893172E+04  0.00000000000000E+00  0.67645430888003E+03  0.00000000000000E+00  0.00000000000000E+00  0.15566094515079E+05  0.00000000000000E+00  0.00000000000000E+00  0.00000000000000E+00  0.00000000000000E+00  0.00000000000000E+00  0.00000000000000E+00  0.00000000000000E+00  0.87525166852334E+03
  -0.11489054926555E+05  0.36301705211104E+04 -0.43064192760102E+03 -0.28651609228272E+04  0.59244804325661E+03 -0.99104705279521E+02 -0.32528899219057E+03 -0.18483970620389E+04  0.31703370062576E+03  0.10346461392442E+03 -0.13842907163261E+02  0.85349959251849E+00  0.18049791177055E+00 -0.16037664509635E-01  0.24116449967128E+02 -0.42974284405422E+01  0.25914481065316E+02  0.17790427389231E+02  0.39537847524286E+05  0.37104730461445E+03  0.17769655054760E+03  0.91958257129145E+02  0.59239863691871E+02  0.46095822899723E+02  0.65718782922077E+03  0.00000000000000E+00  0.19791882898428E+03  0.00000000000000E+00  0.00000000000000E+00  0.68007148608862E+04  0.00000000000000E+00  0.00000000000000E+00  0.00000000000000E+00  0.00000000000000E+00  0.00000000000000E+00  0.00000000000000E+00  0.00000000000000E+00  0.26116827889782E+03
  -0.96284407011399E+04  0.52167040019627E+04 -0.39368446739383E+03 -0.26947647883894E+03  0.23715471748767E+03  0.55559144798299E+03  0.20849379253246E+03  0.59963272444334E+04 -0.13680077462578E+04 -0.19171973604844E+03  0.41505496756817E+02  0.34132952484196E+02  0.44040725164240E+01 -0.60774088714643E-02 -0.32187894150716E+02 -0.23739130339471E+01 -0.78739119233516E+02 -0.30748132944561E+02  0.37959905447704E+05  0.66519739157509E+02  0.83763090168910E+02  0.59239863691871E+02  0.21256250849806E+03  0.46358602141864E+03  0.79723553165676E+03 -0.42921323855144E+02 -0.24296421450071E+02  0.43324701861081E+01  0.11003566268496E+04  0.83260839054357E+03  0.00000000000000E+00  0.00000000000000E+00  0.00000000000000E+00  0.00000000000000E+00  0.00000000000000E+00  0.00000000000000E+00 -0.29027579209428E+03 -0.30306865760728E+03
   0.25517984713919E+04  0.56582323199903E+04 -0.50294007101694E+02  0.39760837168863E+04 -0.10708811907920E+03  0.22074969981983E+04  0.12153928531079E+04  0.33780604316084E+05 -0.80978777446360E+04 -0.10364529753004E+04  0.22823389360742E+03  0.21346634860587E+03  0.24317170797124E+02 -0.16625568551154E-01 -0.16149450943027E+03 -0.93420449950708E+01 -0.29068639184201E+03 -0.95750506717286E+02  0.45793035943449E+05 -0.42670403523064E+03 -0.76721220815546E+01  0.46095822899723E+02  0.46358602141864E+03  0.14921396094772E+04  0.58121587320053E+03 -0.15197734677905E+03 -0.10070200987539E+03 -0.21496075629432E+02 -0.50883709608486E+04 -0.93032491580312E+04  0.00000000000000E+00  0.00000000000000E+00  0.00000000000000E+00  0.00000000000000E+00  0.00000000000000E+00  0.00000000000000E+00 -0.18710179960962E+04 -0.19357075130212E+04
  -0.17519385125262E+06  0.49172960814200E+05 -0.65515892817339E+04 -0.31967256201736E+05  0.65682446748865E+04 -0.17218229198531E+04 -0.40560423263327E+04 -0.26530500327628E+05  0.42918189541426E+04  0.15689553626207E+04 -0.20159901755124E+03 -0.42619951798847E+02 -0.84396919944947E+01  0.11627337492609E-01  0.66803954158765E+03 -0.13787417788068E+03  0.66755993206431E+03  0.50729914836626E+03  0.34251391680384E+06  0.30564636228797E+04  0.13648618893172E+04  0.65718782922077E+03  0.79723553165676E+03  0.58121587320053E+03  0.12092256302166E+05  0.25497984612700E+03  0.13208877303204E+03 -0.52294231996826E+01  0.39967067202299E+05  0.64604097299964E+05  0.00000000000000E+00  0.00000000000000E+00  0.00000000000000E+00  0.00000000000000E+00  0.00000000000000E+00  0.00000000000000E+00  0.15878293629320E+04  0.16173933564231E+04
  -0.13304683605634E+06  0.16830564807462E+05 -0.46406099116607E+04 -0.12827484960009E+05  0.19841255906312E+04 -0.27503373485048E+04 -0.24460648165264E+04 -0.62071397636906E+05  0.11340007728820E+05  0.27034072582652E+04 -0.46358226660157E+03 -0.93480520129423E+03 -0.13438847092578E+03  0.51296863205665E-01 -0.30145423736698E+04  0.58826400847458E+03 -0.32683044463548E+04 -0.23006409683595E+04  0.33252187566049E+05  0.00000000000000E+00  0.00000000000000E+00  0.00000000000000E+00 -0.42921323855144E+02 -0.15197734677905E+03  0.25497984612700E+03  0.11768448090321E+06  0.00000000000000E+00  0.00000000000000E+00  0.00000000000000E+00  0.00000000000000E+00  0.00000000000000E+00  0.00000000000000E+00  0.00000000000000E+00  0.00000000000000E+00  0.00000000000000E+00  0.00000000000000E+00  0.00000000000000E+00  0.00000000000000E+00
  -0.56338423479319E+05  0.83276710873724E+04 -0.19690512423116E+04 -0.21311014010806E+05  0.33524394537545E+04 -0.42196463621575E+04 -0.38462108970314E+04 -0.49026194679978E+05  0.10549003198267E+05  0.18444152707550E+04 -0.34432695644017E+03  0.30219146214858E-10  0.76118660865980E-12 -0.88173810972962E-13 -0.19565005855326E+04  0.36692660027773E+03 -0.20762435055336E+04 -0.14289050486204E+04  0.74537001089317E+05  0.26033968359209E+04  0.67645430888003E+03  0.19791882898428E+03 -0.24296421450071E+02 -0.10070200987539E+03  0.13208877303204E+03  0.00000000000000E+00  0.65063936488176E+05  0.00000000000000E+00  0.00000000000000E+00  0.00000000000000E+00  0.00000000000000E+00  0.00000000000000E+00  0.00000000000000E+00  0.00000000000000E+00  0.00000000000000E+00  0.00000000000000E+00  0.00000000000000E+00  0.00000000000000E+00
  -0.53319077629597E+04 -0.19902883687360E+03  0.17853653681351E+02 -0.66166997165863E+02 -0.58889561144567E+02  0.15093587795623E+03  0.13730662220818E+03 -0.70162912444277E+05  0.24652590535150E+05  0.73261222805083E+03 -0.33703355237682E+03 -0.57881046243628E+03 -0.22966152669932E+02 -0.43816419833599E+01 -0.25217948057255E+04  0.29861705278090E+03 -0.27606083213522E+04 -0.13925654132190E+04 -0.12306320939204E+04  0.00000000000000E+00  0.00000000000000E+00  0.00000000000000E+00  0.43324701861081E+01 -0.21496075629432E+02 -0.52294231996826E+01  0.00000000000000E+00  0.00000000000000E+00  0.30938456209725E+05  0.00000000000000E+00  0.00000000000000E+00  0.00000000000000E+00  0.00000000000000E+00  0.00000000000000E+00  0.00000000000000E+00  0.00000000000000E+00  0.00000000000000E+00  0.00000000000000E+00  0.00000000000000E+00
  -0.87735995080412E+06  0.21237634207041E+06 -0.31707542616056E+05 -0.66572823742853E+05  0.11801264738110E+05 -0.85667135087109E+04 -0.98479853905118E+04 -0.29144324294412E+06  0.66377333914273E+05  0.10804676683641E+05 -0.19996255607173E+04 -0.41819719376001E+04 -0.48150418341410E+03 -0.38462292600300E+00  0.18941269877154E+04 -0.12959459848191E+03  0.23253245682940E+04  0.10485165601474E+04  0.55705157463566E+06  0.00000000000000E+00  0.00000000000000E+00  0.00000000000000E+00  0.11003566268496E+04 -0.50883709608486E+04  0.39967067202299E+05  0.00000000000000E+00  0.00000000000000E+00  0.00000000000000E+00  0.58405237174644E+06  0.00000000000000E+00  0.00000000000000E+00  0.00000000000000E+00  0.00000000000000E+00  0.00000000000000E+00  0.00000000000000E+00  0.00000000000000E+00  0.00000000000000E+00  0.00000000000000E+00
  -0.11361640946312E+07  0.26842120642578E+06 -0.41285289979467E+05 -0.34432287510920E+06  0.62411875805275E+05 -0.41866447203699E+05 -0.51303496021231E+05 -0.56777763247585E+06  0.12505187284451E+06  0.22287893440433E+05 -0.39450902283197E+04  0.36914933595421E-09 -0.87953841590138E-11 -0.29446184850913E-11  0.42788346117219E+04 -0.46619684227371E+03  0.52315542492017E+04  0.28229978099519E+04  0.27241612061720E+07  0.41241076039389E+05  0.15566094515079E+05  0.68007148608862E+04  0.83260839054357E+03 -0.93032491580312E+04  0.64604097299964E+05  0.00000000000000E+00  0.00000000000000E+00  0.00000000000000E+00  0.00000000000000E+00  0.92636064573557E+06  0.00000000000000E+00  0.00000000000000E+00  0.00000000000000E+00  0.00000000000000E+00  0.00000000000000E+00  0.00000000000000E+00  0.00000000000000E+00  0.00000000000000E+00
  -0.21237047238623E+05  0.57883291262617E+04 -0.79644467560344E+03 -0.12998037662860E+04  0.30661350587662E+03  0.12892285085012E+02 -0.14746635675479E+03 -0.74136561752347E+05  0.22967637206399E+05  0.14912503049896E+04 -0.42410531493559E+03 -0.19181823027052E+04 -0.12070061818395E+03 -0.19561587720712E+01 -0.15263131955124E+04  0.16730817755971E+03 -0.13831447263429E+04 -0.71140906380603E+03  0.16126488725140E+05  0.00000000000000E+00  0.00000000000000E+00  0.00000000000000E+00  0.00000000000000E+00  0.00000000000000E+00  0.00000000000000E+00  0.00000000000000E+00  0.00000000000000E+00  0.00000000000000E+00  0.00000000000000E+00  0.00000000000000E+00  0.14464386087610E+05  0.00000000000000E+00  0.00000000000000E+00  0.00000000000000E+00  0.00000000000000E+00  0.00000000000000E+00  0.00000000000000E+00  0.00000000000000E+00
  -0.48636346467353E+05  0.13461636903154E+05 -0.18315700985934E+04 -0.25092846067966E+04  0.56901746144885E+03 -0.13646270493883E+02 -0.27807249663554E+03 -0.16865870372262E+06  0.52352530664130E+05  0.33357494557159E+04 -0.96460657332127E+03 -0.54678712113742E+02 -0.13996897757590E+02 -0.31214267595455E-05 -0.31150613354866E+04  0.33892135288179E+03 -0.28355412326349E+04 -0.14567944176578E+04  0.31140611813004E+05  0.00000000000000E+00  0.00000000000000E+00  0.00000000000000E+00  0.00000000000000E+00  0.00000000000000E+00  0.00000000000000E+00  0.00000000000000E+00  0.00000000000000E+00  0.00000000000000E+00  0.00000000000000E+00  0.00000000000000E+00  0.00000000000000E+00  0.32753422804946E+05  0.00000000000000E+00  0.00000000000000E+00  0.00000000000000E+00  0.00000000000000E+00  0.00000000000000E+00  0.00000000000000E+00
  -0.32022781068581E+04  0.41924646607090E+03 -0.99288118997830E+02 -0.65878797528114E+02  0.82318561098923E+01 -0.17639055070531E+02 -0.12178188443366E+02 -0.14014417684875E+04  0.18846233603094E+03  0.43249191433645E+02 -0.10923490756872E+02 -0.65544529981345E+02 -0.52826873620976E+01 -0.95621427233770E-01 -0.74523307722229E+03  0.86650823217010E+02 -0.69357715263010E+03 -0.38620900465379E+03  0.18312428185029E+03  0.00000000000000E+00  0.00000000000000E+00  0.00000000000000E+00  0.00000000000000E+00  0.00000000000000E+00  0.00000000000000E+00  0.00000000000000E+00  0.00000000000000E+00  0.00000000000000E+00  0.00000000000000E+00  0.00000000000000E+00  0.00000000000000E+00  0.00000000000000E+00  0.37926996508020E+04  0.00000000000000E+00  0.00000000000000E+00  0.00000000000000E+00  0.00000000000000E+00  0.00000000000000E+00
  -0.89325324517056E+04  0.23606252098547E+04 -0.33071312899297E+03 -0.23798492189361E+04  0.44801038055558E+03 -0.23820001763354E+03 -0.34065401062841E+03  0.66845991093813E+03 -0.13649701484712E+04  0.11560081190855E+03 -0.10827492791628E+02 -0.14052606795645E+01 -0.14587520013857E+00 -0.11165034233917E-02 -0.30638386027482E+04  0.50193887132922E+03 -0.30601361371247E+04 -0.20039317034844E+04  0.22995997857042E+05  0.00000000000000E+00  0.00000000000000E+00  0.00000000000000E+00  0.00000000000000E+00  0.00000000000000E+00  0.00000000000000E+00  0.00000000000000E+00  0.00000000000000E+00  0.00000000000000E+00  0.00000000000000E+00  0.00000000000000E+00  0.00000000000000E+00  0.00000000000000E+00  0.00000000000000E+00  0.80873578897754E+04  0.00000000000000E+00  0.00000000000000E+00  0.00000000000000E+00  0.00000000000000E+00
  -0.31579679676164E+04  0.74877376733420E+03 -0.11580516444322E+03 -0.92709081115610E+03  0.16633360532297E+03 -0.12271077238224E+03 -0.14411018052691E+03  0.43105504681375E+03 -0.74031661148571E+03  0.51959676792525E+02 -0.52229985022664E+01 -0.60850450374349E+00 -0.57502621514081E-01 -0.61960430184677E-03 -0.16001260480420E+04  0.24253657397457E+03 -0.16297147712863E+04 -0.10218041037172E+04  0.72510265216707E+04  0.00000000000000E+00  0.00000000000000E+00  0.00000000000000E+00  0.00000000000000E+00  0.00000000000000E+00  0.00000000000000E+00  0.00000000000000E+00  0.00000000000000E+00  0.00000000000000E+00  0.00000000000000E+00  0.00000000000000E+00  0.00000000000000E+00  0.00000000000000E+00  0.00000000000000E+00  0.00000000000000E+00  0.41589655190097E+04  0.00000000000000E+00  0.00000000000000E+00  0.00000000000000E+00
  -0.19060271721257E+05 -0.21468219663440E+04 -0.88835880603774E+02 -0.10159787722129E+05  0.40037634503647E+03 -0.31843174332612E+04 -0.13586241341603E+04 -0.27267136202978E+06  0.11258244154574E+06  0.31007021762716E+04 -0.11343102175220E+04  0.22764784933276E+03  0.22995532574886E+02 -0.15745221399312E+01 -0.21594622995808E+04 -0.39101217889392E+03  0.18449014801037E+04  0.18562106667566E+04 -0.17248867478844E+05  0.00000000000000E+00  0.00000000000000E+00  0.00000000000000E+00  0.00000000000000E+00  0.00000000000000E+00  0.00000000000000E+00  0.00000000000000E+00  0.00000000000000E+00  0.00000000000000E+00  0.00000000000000E+00  0.00000000000000E+00  0.00000000000000E+00  0.00000000000000E+00  0.00000000000000E+00  0.00000000000000E+00  0.00000000000000E+00  0.12735673155812E+06  0.00000000000000E+00  0.00000000000000E+00
  -0.75224391085392E+05  0.87649433935367E+04 -0.22193372573711E+04 -0.73086117888204E+04  0.81537159103628E+03 -0.18561137102756E+04 -0.11424169416516E+04 -0.14410412684908E+06  0.45136308973031E+05  0.28182844410385E+04 -0.82234974937823E+03 -0.22776942462085E+04 -0.16458569835800E+03 -0.19125997304875E+01 -0.10103961611264E+04  0.28624268187124E+03 -0.20275480513587E+04 -0.13881155233518E+04  0.20195423670879E+05  0.00000000000000E+00  0.00000000000000E+00  0.00000000000000E+00 -0.29027579209428E+03 -0.18710179960962E+04  0.15878293629320E+04  0.00000000000000E+00  0.00000000000000E+00  0.00000000000000E+00  0.00000000000000E+00  0.00000000000000E+00  0.00000000000000E+00  0.00000000000000E+00  0.00000000000000E+00  0.00000000000000E+00  0.00000000000000E+00  0.00000000000000E+00  0.96112846938473E+05  0.00000000000000E+00
  -0.59222484760867E+05  0.73719541611897E+04 -0.17898461031888E+04 -0.21667741315387E+05  0.25189866988925E+04 -0.53416105417152E+04 -0.34084381503580E+04 -0.17576243528290E+06  0.54553340209747E+05  0.35217236506860E+04 -0.10099586648228E+04  0.61132428006993E-10 -0.69060468936631E-11 -0.10129776412068E-12 -0.11378541039063E+04  0.32160105736501E+03 -0.22518018510310E+04 -0.15444454620286E+04  0.62890807302650E+05  0.41913574758849E+04  0.87525166852334E+03  0.26116827889782E+03 -0.30306865760728E+03 -0.19357075130212E+04  0.16173933564231E+04  0.00000000000000E+00  0.00000000000000E+00  0.00000000000000E+00  0.00000000000000E+00  0.00000000000000E+00  0.00000000000000E+00  0.00000000000000E+00  0.00000000000000E+00  0.00000000000000E+00  0.00000000000000E+00  0.00000000000000E+00  0.00000000000000E+00  0.10054975600545E+06

 # Covariance matrix (Bevington epsilon)
   0.56499797665902E-03 -0.60716810203470E-04 -0.14946162468600E-01  0.17011330157571E-03 -0.98930506465376E-04  0.29378710000038E-03 -0.10260270004082E-02  0.53050576322178E-04  0.35054567465873E-04 -0.15033058249844E-02 -0.16804879773395E-01 -0.49995765825918E-03 -0.36270442765581E-02  0.12488927900506E-01  0.12009938949640E-03  0.25763292047439E-02 -0.22082532341709E-04  0.14257520747585E-03  0.38762230982415E-05 -0.64960782604622E-03  0.36079020564495E-02 -0.39033475899419E-02  0.89091649475431E-03 -0.57367115028952E-03  0.32559778327176E-04  0.39429487009783E-04  0.38670121016946E-04  0.32538070837798E-04  0.41417129435566E-04  0.40330402171100E-04 -0.19538935812963E-03 -0.10723415084486E-03  0.41980832293518E-04 -0.46526148193316E-04 -0.47355753094198E-04  0.63327036018155E-04  0.40792225185808E-04  0.38032521376493E-04
  -0.60716810203467E-04  0.12605307724623E-03  0.26325437526265E-02  0.11676169016702E-03  0.64616099133997E-03 -0.20013936051763E-03  0.19280902570399E-03 -0.36250239853504E-05 -0.27898001974096E-05  0.67900172323750E-03  0.24929272039020E-02  0.29833202885088E-03 -0.10163661401970E-02  0.30817285106713E-01  0.61604372968093E-05  0.94735168038995E-03  0.83895676147061E-04  0.27432739773026E-04 -0.10943098027433E-05 -0.10397146268000E-03  0.28892272900621E-03 -0.42513995464311E-03 -0.21593047986004E-02  0.47490353880325E-03  0.94101399708808E-04  0.10295545644251E-04  0.75586203980916E-05  0.53839844747816E-05  0.48589208541450E-05  0.64169543502529E-05  0.28777650650101E-04 -0.50539895033113E-05  0.45401809085973E-05 -0.16724129261137E-04 -0.11326571739850E-04  0.86810708243509E-06  0.76408791903722E-05  0.72379983727634E-05
  -0.14946162468600E-01  0.26325437526266E-02  0.40846057909383E+00 -0.28462738439054E-02  0.95914986584629E-02 -0.98539615338980E-02  0.28453078339671E-01 -0.13651925601445E-02 -0.91410295493465E-03  0.45966837169136E-01  0.47080201800805E+00  0.15474842825276E-01  0.91371511316940E-01 -0.11067754938761E-01 -0.27057771396501E-02 -0.43322696144825E-01  0.22132948169247E-02 -0.37569466692365E-02 -0.10209996972522E-03  0.15905150660545E-01 -0.86566648848460E-01  0.92093864487467E-01 -0.40524041919210E-01  0.18692371736699E-01  0.41813310962786E-03 -0.71136032405915E-03 -0.72844301974173E-03 -0.59153422396572E-03 -0.74207618006479E-03 -0.72273712832935E-03  0.60215461121376E-02  0.34105535776681E-02 -0.98976479625841E-03  0.76262257230315E-03  0.83469249962672E-03 -0.13626680812679E-02 -0.72131993331848E-03 -0.66339316093203E-03
   0.17011330157571E-03  0.11676169016701E-03 -0.28462738439056E-02  0.10832268832306E-02  0.43882153762768E-02 -0.18842064609174E-02  0.30352084529400E-03  0.21070508099891E-04  0.10188601829829E-04 -0.54868657704990E-03 -0.71740579863795E-02  0.10561843924364E-02 -0.81842749736202E-02  0.96400212665676E-01  0.33484275897978E-03  0.78914560176551E-02 -0.85774279715513E-03  0.23805891409485E-02  0.66298572509275E-05 -0.56200471591885E-03  0.22305963442907E-02 -0.96274563994205E-03 -0.30059136252618E-02  0.65031996163671E-03  0.23360146395031E-03  0.52435227011829E-04  0.46985473983628E-04  0.34986381462031E-04  0.55498777863579E-04  0.48845705336918E-04  0.49983555726815E-04 -0.35412598749435E-04  0.30609999009579E-04 -0.47820845559843E-04 -0.46852300705029E-04  0.49069160721624E-04  0.58215572331989E-04  0.51087947143291E-04
