# fitpack15: fit parameters                                                                         
# CJ15 AV18 final data choices                                                                      
# Created on 03/22/2020 at 12:07:21                                                                 

 # QCD setup
  INS                           0
  NVL                          11
  IORD                          1
  Q02                   1.6899999999999999     
  IPARAMC                      -7
  FLAVOR                5.0000000000000000     
  xmc                   1.3000000000000000     
  xmb                   4.5000000000000000     
  ncb                          12
  ihq                           1
  ias                           0

 # Theory corrections
  inuke                     10114
  itmc                          1
  iht                           1

 # fit parameters
 LAMBDA       0.22680        0.0000    
 a0uv          1.9560        0.0000    
 a1uv         0.56805       0.23585E-01
 a2uv          3.5666       0.11308E-01
 a3uv          0.0000        0.0000    
 a4uv          4.5667       0.62584    
 a5uv          0.0000        0.0000    
 a0dv          24.410        0.0000    
 a1dv          1.1520       0.32772E-01
 a2dv          6.6045       0.16151    
 a3dv         -3.5230       0.86134E-01
 a4dv          4.7260       0.14039    
 a5dv          0.0000        0.0000    
 a0ud         0.14217       0.49752E-02
 a1ud        -0.21052       0.38011E-02
 a2ud          8.4610       0.18944    
 a3ud          0.0000        0.0000    
 a4ud          15.260        1.2769    
 a5ud          0.0000        0.0000    
 a0du          35712.        0.0000    
 a1du          4.1355       0.10719    
 a2du          20.730        1.1115    
 a3du          17.000        0.0000    
 a4du          59.776        16.370    
 a0g           43.925        0.0000    
 a1g          0.59580       0.30056E-01
 a2g           6.0268       0.85175    
 a3g          -3.3544       0.12391    
 a4g           3.2276       0.29149    
 a5g           0.0000        0.0000    
 kappa        0.40000        0.0000    
 a6dv         0.40455E-02   0.74023E-03
 a7dv          2.0000        0.0000    
 off1        -0.11618       0.12421    
 off2         0.19552       0.75292    
 off3        -0.62600        1.0479    
 ht1          -3.8204       0.33506    
 ht2           2.0810       0.12004    
 ht3          -2.0979       0.28277E-01
 ht4           0.0000        0.0000    
 dummy41       0.0000        0.0000    
 dummy42       0.0000        0.0000    
 dummy43       0.0000        0.0000    
 dummy44       0.0000        0.0000    
 dummy45       0.0000        0.0000    
 dummy46       0.0000        0.0000    
 dummy47       0.0000        0.0000    
 dummy48       0.0000        0.0000    
 dummy49       0.0000        0.0000    
 bcdmsh2      0.96714       0.50722E-02
 bcdmsd2      0.98969       0.60579E-02
 ccfr          1.0000        0.0000    
 nutev         1.0000        0.0000    
 zeus         0.97998        0.0000    
 h1            1.0162        0.0000    
 e605          1.0319        0.0000    
 NmcH2         1.0039       0.72353E-02
 ntv_nu        1.0000        0.0000    
 ntv_nuba      1.0000        0.0000    
 cdf_jet      0.98910        0.0000    
 d0_jet       0.83504        0.0000    
 slac_p       0.99929       0.52579E-02
 slac_d       0.99987       0.57251E-02
 e866pp       0.97486       0.19858E-01
 e866pd       0.94802       0.17665E-01
 d0_gamje      1.0378       0.16510E-01
 h1b          0.97608        0.0000    
 blank         1.0000        0.0000    
 d0run2       0.95417       0.15135E-01
 cdfrun2      0.93933       0.17794E-01
 HERA_el       1.0000        0.0000    
 HERA_ps       1.0000        0.0000    
 CDF_Z        0.95236       0.68623E-02
 NmcRat        1.0000        0.0000    
 HERMES_F     0.99213       0.59044E-02
 HERMES_F     0.97596       0.61589E-02
 END 0. 0.

 # Hessian matrix (Bevington alpha)
   0.44105049457915E+07 -0.10845688595499E+07  0.16476478771132E+06  0.39491431546916E+06 -0.10112742903943E+06 -0.22229605481292E+05  0.45849416501025E+05  0.94248000899824E+06 -0.17828582862653E+06 -0.46402042144699E+05  0.71569735812017E+04  0.12944598987678E+05  0.14110420448030E+04 -0.91562032463745E+02  0.11775831345703E+05 -0.29229456204115E+04  0.13814479642760E+05  0.10264132239025E+05  0.58872747328449E+07 -0.56511521410482E+05 -0.24153021971123E+05 -0.11468128626792E+05 -0.96031304486143E+04  0.25622699231707E+04 -0.17492269825223E+06 -0.13271257798693E+06 -0.56196646712060E+05 -0.52727738461596E+04 -0.87533978633617E+06 -0.11335568880136E+07 -0.21219136390880E+05 -0.48599671157804E+05 -0.31929961250243E+04 -0.89254645474788E+04 -0.31548841680741E+04 -0.18875367888974E+05 -0.74976178922413E+05 -0.59035430534808E+05
  -0.10845688595499E+07  0.33698365639442E+06 -0.41534920900064E+05 -0.10355899991631E+06  0.26242389887323E+05  0.85566889858321E+04 -0.88152114436584E+04 -0.11528726168018E+06  0.25413280890540E+05  0.64366469322100E+04 -0.82080021044161E+03 -0.10053094178180E+04 -0.11235731640195E+03  0.11035923981022E+02  0.37892444574108E+03  0.48273115517240E+02  0.20827848039274E+03  0.82609049533181E+01 -0.19878038528524E+07  0.14017003398690E+05  0.69026912569847E+04  0.36299839963676E+04  0.52134005548484E+04  0.56535114023316E+04  0.49183189808275E+05  0.16819495212580E+05  0.83217820460039E+04 -0.20226287375246E+03  0.21228884738592E+06  0.26830629599882E+06  0.57946216740877E+04  0.13475804848751E+05  0.41896433333043E+03  0.23624387712177E+04  0.74922171938538E+03 -0.21560692309127E+04  0.87550100007841E+04  0.73634317368313E+04
   0.16476478771132E+06 -0.41534920900064E+05  0.62077153917617E+04  0.14520419031742E+05 -0.38324067364248E+04 -0.10754941518295E+04  0.16341585731035E+04  0.26376851652380E+05 -0.48775384386597E+04 -0.15241724807034E+04  0.20389572825064E+03  0.35008567587222E+03  0.43089089520971E+02 -0.34198351010388E+01 -0.21323698925747E+03 -0.31400224537031E+02 -0.10699129681151E+03  0.37972987424536E+02  0.22654002256051E+06 -0.20949083061907E+04 -0.91115414767686E+03 -0.43665456183482E+03 -0.39989702742135E+03 -0.53930658775702E+02 -0.66430216040411E+04 -0.46907523200143E+04 -0.19908868710102E+04  0.19794988478101E+02 -0.32105310355407E+05 -0.41803255041488E+05 -0.80807135016945E+03 -0.18585669803554E+04 -0.10027173863286E+03 -0.33545972967091E+03 -0.11739862833766E+03 -0.83208983169151E+02 -0.22391368580472E+04 -0.18064775165352E+04
   0.39491431546916E+06 -0.10355899991631E+06  0.14520419031742E+05  0.37237438559205E+06 -0.55513996082008E+05  0.74714762797971E+05  0.60885164355799E+05  0.34273428104411E+06 -0.25033986956931E+05 -0.17098804022418E+05  0.31142750978409E+04 -0.12204218651027E+04 -0.11892353767018E+03  0.46488561842432E+02  0.32579368572640E+05 -0.42474581839840E+04  0.30764957422182E+05  0.17590835429862E+05  0.18611961148967E+07 -0.17546147345956E+05 -0.68201696252294E+04 -0.28643118596049E+04 -0.26727000821544E+03  0.39812975683967E+04 -0.31969587174051E+05 -0.12820097267474E+05 -0.21296554978351E+05 -0.64447313501470E+02 -0.66530101288260E+05 -0.34410868782279E+06 -0.12990226347086E+04 -0.25103041157854E+04 -0.65863784950686E+02 -0.23820438163344E+04 -0.92774394739162E+03 -0.10127966485894E+05 -0.73016079200751E+04 -0.21647984052553E+05
  -0.10112742903943E+06  0.26242389887323E+05 -0.38324067364248E+04 -0.55513996082008E+05  0.98365207275303E+04 -0.76036479999005E+04 -0.84516920058332E+04 -0.30295041043343E+05  0.16064623748070E+03  0.21336291959515E+04 -0.30214441703261E+03 -0.14859405537304E+02  0.31282637762973E+01 -0.40869787483358E+01 -0.27835335585717E+04  0.37995230768708E+03 -0.25206688990213E+04 -0.14806037620998E+04 -0.38801211397981E+06  0.30649101246280E+04  0.13236368148939E+04  0.59248443974238E+03  0.23670403805242E+03 -0.10820593212935E+03  0.65711499036528E+04  0.19838651446129E+04  0.33515254935319E+04 -0.58984674840316E+02  0.11798961601450E+05  0.62398702419576E+05  0.30660140206333E+03  0.56949634797076E+03  0.82336178093601E+01  0.44851068969846E+03  0.16649107208154E+03  0.39867833031931E+03  0.81508137477208E+03  0.25177846523383E+04
  -0.22229605481292E+05  0.85566889858321E+04 -0.10754941518295E+04  0.74714762797971E+05 -0.76036479999005E+04  0.24020237838376E+05  0.14360326736470E+05  0.10565605022032E+06 -0.95393508968815E+04 -0.44103364377409E+04  0.94021454616438E+03 -0.60197028082694E+03 -0.52990487876481E+02  0.15593103464270E+02  0.98102437865600E+04 -0.12936882344010E+04  0.95080743711696E+04  0.54780137249829E+04  0.62565192166686E+05 -0.22322990110355E+04 -0.53120245605680E+03 -0.99921347006377E+02  0.55821418372048E+03  0.22189815417162E+04 -0.17346427576261E+04 -0.27637800282598E+04 -0.42399060203579E+04  0.15254696729493E+03 -0.86079861384387E+04 -0.42078970370495E+05  0.12877550243137E+02 -0.13868142908896E+02 -0.17717083371302E+02 -0.24008497732847E+03 -0.12355927778357E+03 -0.31871760211031E+04 -0.18618920590974E+04 -0.53593834138675E+04
   0.45849416501025E+05 -0.88152114436584E+04  0.16341585731035E+04  0.60885164355799E+05 -0.84516920058332E+04  0.14360326736470E+05  0.10858728699445E+05  0.57069879278780E+05 -0.28989361217225E+04 -0.30590163109204E+04  0.53711687146903E+03 -0.19297792582698E+03 -0.19969905858291E+02  0.81312707807456E+01  0.50888310653509E+04 -0.69122741919637E+03  0.47627576511777E+04  0.27982573221234E+04  0.20691182253319E+06 -0.25528739059484E+04 -0.89728060234052E+03 -0.32641477291883E+03  0.20984057962727E+03  0.12218307601038E+04 -0.40721480861199E+04 -0.24552435193977E+04 -0.38600708204678E+04  0.13812752458587E+03 -0.98811671660310E+04 -0.51478864869415E+05 -0.14787079398073E+03 -0.27908119346223E+03 -0.12224424257744E+02 -0.34238613465680E+03 -0.14481089920707E+03 -0.13594679134841E+04 -0.11456417844154E+04 -0.34182108002896E+04
   0.94248000899824E+06 -0.11528726168018E+06  0.26376851652380E+05  0.34273428104411E+06 -0.30295041043343E+05  0.10565605022032E+06  0.57069879278780E+05  0.52384748321099E+07 -0.23693386143062E+07 -0.85748507379723E+05  0.25634180543695E+05  0.22488521896534E+05  0.15247554988560E+04  0.71351257996007E+02  0.86569599132841E+05 -0.11544972914113E+05  0.95519013493300E+05  0.52000854853153E+05  0.48000279072097E+06 -0.36179279055376E+05 -0.70259012332480E+04 -0.18472126445300E+04  0.59830700959105E+04  0.33710741688876E+05 -0.26530239214904E+05 -0.61915592732383E+05 -0.48918770951469E+05 -0.69945462123068E+05 -0.29062681665776E+06 -0.56653063330132E+06 -0.74094270677740E+05 -0.16858467925632E+06 -0.13967403308297E+04  0.65258518272584E+03  0.42500860067834E+03 -0.27178464077344E+06 -0.14360099187525E+06 -0.17519468911987E+06
  -0.17828582862653E+06  0.25413280890540E+05 -0.48775384386597E+04 -0.25033986956931E+05  0.16064623748070E+03 -0.95393508968815E+04 -0.28989361217225E+04 -0.23693386143062E+07  0.19147669103591E+07  0.18742656514041E+05 -0.63330531503821E+04 -0.47436513083583E+04 -0.26433055090990E+03 -0.89301522893748E+01  0.50505082459998E+05 -0.25527177435626E+04  0.18495494106822E+05  0.92642054967712E+04  0.34445149879776E+05  0.90244576584606E+04  0.14000486344126E+04  0.31702089363350E+03 -0.13670799628334E+04 -0.80924475706401E+04  0.42943908687776E+04  0.11326239081809E+05  0.10539015283897E+05  0.24603949310950E+05  0.66260655979870E+05  0.12490389271612E+06  0.22986634993728E+05  0.52395903560217E+05  0.18785990600060E+03 -0.13603887656925E+04 -0.73858127796221E+03  0.11240623999460E+06  0.45043645123517E+05  0.54453050743873E+05
  -0.46402042144699E+05  0.64366469322100E+04 -0.15241724807034E+04 -0.17098804022418E+05  0.21336291959515E+04 -0.44103364377409E+04 -0.30590163109204E+04 -0.85748507379723E+05  0.18742656514041E+05  0.25277482747993E+04 -0.60289090188526E+03 -0.55873163979141E+03 -0.49433552003230E+02 -0.12790671780356E+01 -0.40732469838519E+04  0.52690121610296E+03 -0.39257441781716E+04 -0.22486990908360E+04 -0.46693008841318E+05  0.12174273675544E+04  0.32465639124508E+03  0.10368604752733E+03 -0.19151820810751E+03 -0.10360153875916E+04  0.15729023102210E+04  0.27019781120904E+04  0.18441648779065E+04  0.73172706926710E+03  0.10802094591616E+05  0.22294663589535E+05  0.14936890342692E+04  0.33423379808829E+04  0.43188794004352E+02  0.11606221636201E+03  0.52115941054256E+02  0.30946931285249E+04  0.28137644823474E+04  0.35173316493827E+04
   0.71569735812017E+04 -0.82080021044161E+03  0.20389572825064E+03  0.31142750978409E+04 -0.30214441703261E+03  0.94021454616438E+03  0.53711687146903E+03  0.25634180543695E+05 -0.63330531503821E+04 -0.60289090188526E+03  0.16775105775611E+03  0.16107339360109E+03  0.11802331767239E+02  0.48394583067627E+00  0.12535723296271E+04 -0.14572795913919E+03  0.11611005177453E+04  0.63801132830686E+03  0.52807499182764E+04 -0.23936461609038E+03 -0.50911622043669E+02 -0.13955506040330E+02  0.41745483693146E+02  0.22956710332776E+03 -0.20338469735656E+03 -0.46631069339081E+03 -0.34638012180845E+03 -0.33796963388041E+03 -0.20103726370697E+04 -0.39690352378712E+04 -0.42683980005419E+03 -0.97106051337387E+03 -0.10970330905881E+02 -0.11020540854704E+02 -0.53048047838304E+01 -0.11372239919982E+04 -0.82525549597930E+03 -0.10138711272003E+04
   0.12944598987678E+05 -0.10053094178180E+04  0.35008567587222E+03 -0.12204218651027E+04 -0.14859405537304E+02 -0.60197028082694E+03 -0.19297792582698E+03  0.22488521896534E+05 -0.47436513083583E+04 -0.55873163979141E+03  0.16107339360109E+03  0.11366380460146E+04  0.75588115872337E+02 -0.11707928962315E+01  0.11832825180524E+04 -0.17386686124538E+03  0.14102780016609E+04  0.81639496045226E+03  0.48302855101268E+04  0.23204308896887E+03  0.24106278051246E+02  0.85694405374005E+00  0.34203667260179E+02  0.21377843143855E+03 -0.42884158576649E+02 -0.93682985603989E+03 -0.12598988539650E-10 -0.57675809365126E+03 -0.41839738948193E+04 -0.12019434697702E-10 -0.19184667395147E+04 -0.55343058380528E+02 -0.65455703021222E+02 -0.14071441840330E+01 -0.60898808338522E+00  0.22506907854282E+03 -0.22734029203433E+04  0.33192712055242E-10
   0.14110420448030E+04 -0.11235731640195E+03  0.43089089520971E+02 -0.11892353767018E+03  0.31282637762973E+01 -0.52990487876481E+02 -0.19969905858291E+02  0.15247554988560E+04 -0.26433055090990E+03 -0.49433552003230E+02  0.11802331767239E+02  0.75588115872337E+02  0.66822397476393E+01 -0.12748767167075E+00  0.67686770798719E+02 -0.11929718508826E+02  0.87073855887582E+02  0.54519239421011E+02  0.23989038295095E+03  0.14194399391342E+02  0.21474138865535E+01  0.18146829847835E+00  0.44219904759048E+01  0.24398551269525E+02 -0.85101270955970E+01 -0.13492728246875E+03  0.15947786909218E-13 -0.22927910060549E+02 -0.48282925570891E+03 -0.26696771038339E-10 -0.12092714040259E+03 -0.14189595177023E+02 -0.52867256565695E+01 -0.14643920731199E+00 -0.57688101555979E-01  0.22860508584834E+02 -0.16456275477642E+03 -0.10293817791091E-11
  -0.91562032463745E+02  0.11035923981022E+02 -0.34198351010388E+01  0.46488561842432E+02 -0.40869787483358E+01  0.15593103464270E+02  0.81312707807456E+01  0.71351257996007E+02 -0.89301522893748E+01 -0.12790671780356E+01  0.48394583067627E+00 -0.11707928962315E+01 -0.12748767167075E+00  0.31435257199266E-01  0.10980018661557E+02 -0.84729910908449E+00  0.72468051253868E+01  0.34423762809221E+01  0.63530476974878E+02  0.10596288428759E+01 -0.33684460505313E-01 -0.15598608495976E-01 -0.60769999721726E-02 -0.18157091684284E-01  0.11376107750011E-01  0.48480981876743E-01  0.25643083937392E-13 -0.41662439793480E+01 -0.34204791533401E+00  0.69461201815332E-12 -0.18134838039309E+01 -0.23392801526416E-05 -0.90300702780510E-01 -0.10548768089729E-02 -0.58560273429216E-03 -0.15534721459990E+01 -0.17655136189277E+01 -0.84724521150128E-13
   0.11775831345703E+05  0.37892444574108E+03 -0.21323698925747E+03  0.32579368572640E+05 -0.27835335585717E+04  0.98102437865600E+04  0.50888310653509E+04  0.86569599132841E+05  0.50505082459998E+05 -0.40732469838519E+04  0.12535723296271E+04  0.11832825180524E+04  0.67686770798719E+02  0.10980018661557E+02  0.51522021640866E+05 -0.50405065115350E+04  0.40544226637146E+05  0.21473388038774E+05  0.58465688662015E+05  0.25336212890722E+02  0.51510568308233E+02  0.24081638675244E+02 -0.32838518915035E+02 -0.16368870745851E+03  0.66615306751189E+03 -0.30048294330576E+04 -0.19506878916243E+04 -0.25218582764006E+04  0.19004387799260E+04  0.42875439089515E+04 -0.15288693481082E+04 -0.31222815348667E+04 -0.74464575151878E+03 -0.30578554108484E+04 -0.15979676836642E+04 -0.21666044435371E+04 -0.10072222333019E+04 -0.11343709064507E+04
  -0.29229456204115E+04  0.48273115517240E+02 -0.31400224537031E+02 -0.42474581839840E+04  0.37995230768708E+03 -0.12936882344010E+04 -0.69122741919637E+03 -0.11544972914113E+05 -0.25527177435626E+04  0.52690121610296E+03 -0.14572795913919E+03 -0.17386686124538E+03 -0.11929718508826E+02 -0.84729910908449E+00 -0.50405065115350E+04  0.57768889903801E+03 -0.45414085929576E+04 -0.25026011895879E+04 -0.79009113547768E+04  0.12051898844863E+02 -0.65455115141052E+01 -0.42886117653750E+01 -0.22072832785839E+01 -0.88184410602247E+01 -0.13735867347910E+03  0.58536907372778E+03  0.36513842675187E+03  0.29839966580097E+03 -0.13140442407928E+03 -0.46875622175822E+03  0.16725255677647E+03  0.33908298096034E+03  0.86452596124477E+02  0.49976844488018E+03  0.24169173033880E+03 -0.38822557708342E+03  0.28515758786732E+03  0.32042901921881E+03
   0.13814479642760E+05  0.20827848039274E+03 -0.10699129681151E+03  0.30764957422182E+05 -0.25206688990213E+04  0.95080743711696E+04  0.47627576511777E+04  0.95519013493300E+05  0.18495494106822E+05 -0.39257441781716E+04  0.11611005177453E+04  0.14102780016609E+04  0.87073855887582E+02  0.72468051253868E+01  0.40544226637146E+05 -0.45414085929576E+04  0.36528217886737E+05  0.19886643284536E+05  0.53294474052072E+05  0.72004994061909E+01  0.60464546680709E+02  0.25601604777846E+02 -0.78545650630615E+02 -0.29075059487738E+03  0.65825437089408E+03 -0.32276440177736E+04 -0.20520555802134E+04 -0.27463014769456E+04  0.23150398781058E+04  0.51914893651511E+04 -0.13787225175409E+04 -0.28283714907479E+04 -0.68840020146802E+03 -0.30306735508391E+04 -0.16150733840213E+04  0.18071292717930E+04 -0.20032657170488E+04 -0.22254770775408E+04
   0.10264132239025E+05  0.82609049533181E+01  0.37972987424536E+02  0.17590835429862E+05 -0.14806037620998E+04  0.54780137249829E+04  0.27982573221234E+04  0.52000854853153E+05  0.92642054967712E+04 -0.22486990908360E+04  0.63801132830686E+03  0.81639496045226E+03  0.54519239421011E+02  0.34423762809221E+01  0.21473388038774E+05 -0.25026011895879E+04  0.19886643284536E+05  0.10971922595934E+05  0.31102487102231E+05 -0.22621906229003E+02  0.35327296180379E+02  0.17592016416091E+02 -0.30898998094295E+02 -0.96700584562489E+02  0.50096418476518E+03 -0.22736791415256E+04 -0.14128416176254E+04 -0.13853528481563E+04  0.10461722288014E+04  0.28042104189477E+04 -0.70873063077287E+03 -0.14524228340085E+04 -0.38322805003044E+03 -0.19841791045292E+04 -0.10124305299392E+04  0.18296835407004E+04 -0.13734830768191E+04 -0.15285511886603E+04
   0.58872747328449E+07 -0.19878038528524E+07  0.22654002256051E+06  0.18611961148967E+07 -0.38801211397981E+06  0.62565192166686E+05  0.20691182253319E+06  0.48000279072097E+06  0.34445149879776E+05 -0.46693008841318E+05  0.52807499182764E+04  0.48302855101268E+04  0.23989038295095E+03  0.63530476974878E+02  0.58465688662015E+05 -0.79009113547768E+04  0.53294474052072E+05  0.31102487102231E+05  0.26359044631502E+08 -0.14376386978325E+06 -0.74408915514664E+05 -0.39651873694408E+05 -0.38048182468652E+05 -0.45888256465160E+05 -0.34361323604389E+06 -0.33344992423919E+05 -0.74721995472275E+05  0.12367815595830E+04 -0.55853834331490E+06 -0.27313324131011E+07 -0.16167276819969E+05 -0.31246075229972E+05 -0.18388723547890E+03 -0.23110355147906E+05 -0.72821604366204E+04  0.17388246350713E+05 -0.20248359812483E+05 -0.63039540296667E+05
  -0.56511521410482E+05  0.14017003398690E+05 -0.20949083061907E+04 -0.17546147345956E+05  0.30649101246280E+04 -0.22322990110355E+04 -0.25528739059484E+04 -0.36179279055376E+05  0.90244576584606E+04  0.12174273675544E+04 -0.23936461609038E+03  0.23204308896887E+03  0.14194399391342E+02  0.10596288428759E+01  0.25336212890722E+02  0.12051898844863E+02  0.72004994061909E+01 -0.22621906229003E+02 -0.14376386978325E+06  0.26597242532353E+04  0.86416726231396E+03  0.37110953592038E+03  0.66302704747768E+02 -0.42751566717525E+03  0.30581901407153E+04  0.00000000000000E+00  0.26029317769519E+04  0.00000000000000E+00  0.00000000000000E+00  0.41236557640053E+05  0.00000000000000E+00  0.00000000000000E+00  0.00000000000000E+00  0.00000000000000E+00  0.00000000000000E+00  0.00000000000000E+00  0.00000000000000E+00  0.41900551725963E+04
  -0.24153021971123E+05  0.69026912569847E+04 -0.91115414767686E+03 -0.68201696252294E+04  0.13236368148939E+04 -0.53120245605680E+03 -0.89728060234052E+03 -0.70259012332480E+04  0.14000486344126E+04  0.32465639124508E+03 -0.50911622043669E+02  0.24106278051246E+02  0.21474138865535E+01 -0.33684460505313E-01  0.51510568308233E+02 -0.65455115141052E+01  0.60464546680709E+02  0.35327296180379E+02 -0.74408915514664E+05  0.86416726231396E+03  0.36883506866561E+03  0.17773070888407E+03  0.83683876531436E+02 -0.79084307960553E+01  0.13656364096032E+04  0.00000000000000E+00  0.67633176412940E+03  0.00000000000000E+00  0.00000000000000E+00  0.15565078161518E+05  0.00000000000000E+00  0.00000000000000E+00  0.00000000000000E+00  0.00000000000000E+00  0.00000000000000E+00  0.00000000000000E+00  0.00000000000000E+00  0.87509171535421E+03
  -0.11468128626792E+05  0.36299839963676E+04 -0.43665456183482E+03 -0.28643118596049E+04  0.59248443974238E+03 -0.99921347006377E+02 -0.32641477291883E+03 -0.18472126445300E+04  0.31702089363350E+03  0.10368604752733E+03 -0.13955506040330E+02  0.85694405374005E+00  0.18146829847835E+00 -0.15598608495976E-01  0.24081638675244E+02 -0.42886117653750E+01  0.25601604777846E+02  0.17592016416091E+02 -0.39651873694408E+05  0.37110953592038E+03  0.17773070888407E+03  0.91977256635118E+02  0.59208515825465E+02  0.46020606995224E+02  0.65756257584609E+03  0.00000000000000E+00  0.19788076000003E+03  0.00000000000000E+00  0.00000000000000E+00  0.68004487166102E+04  0.00000000000000E+00  0.00000000000000E+00  0.00000000000000E+00  0.00000000000000E+00  0.00000000000000E+00  0.00000000000000E+00  0.00000000000000E+00  0.26113857125830E+03
  -0.96031304486143E+04  0.52134005548484E+04 -0.39989702742135E+03 -0.26727000821544E+03  0.23670403805242E+03  0.55821418372048E+03  0.20984057962727E+03  0.59830700959105E+04 -0.13670799628334E+04 -0.19151820810751E+03  0.41745483693146E+02  0.34203667260179E+02  0.44219904759048E+01 -0.60769999721726E-02 -0.32838518915035E+02 -0.22072832785839E+01 -0.78545650630615E+02 -0.30898998094295E+02 -0.38048182468652E+05  0.66302704747768E+02  0.83683876531436E+02  0.59208515825465E+02  0.21253661181005E+03  0.46387235247928E+03  0.79669167620131E+03 -0.42951932397145E+02 -0.24311375796241E+02  0.43280531057766E+01  0.10967873439308E+04  0.82709358765229E+03  0.00000000000000E+00  0.00000000000000E+00  0.00000000000000E+00  0.00000000000000E+00  0.00000000000000E+00  0.00000000000000E+00 -0.29052191110743E+03 -0.30331461187264E+03
   0.25622699231707E+04  0.56535114023316E+04 -0.53930658775702E+02  0.39812975683967E+04 -0.10820593212935E+03  0.22189815417162E+04  0.12218307601038E+04  0.33710741688876E+05 -0.80924475706401E+04 -0.10360153875916E+04  0.22956710332776E+03  0.21377843143855E+03  0.24398551269525E+02 -0.18157091684284E-01 -0.16368870745851E+03 -0.88184410602247E+01 -0.29075059487738E+03 -0.96700584562489E+02 -0.45888256465160E+05 -0.42751566717525E+03 -0.79084307960553E+01  0.46020606995224E+02  0.46387235247928E+03  0.14941336906603E+04  0.57935241910305E+03 -0.15213937585146E+03 -0.10079433203926E+03 -0.21558030974125E+02 -0.50991981598868E+04 -0.93215103462638E+04  0.00000000000000E+00  0.00000000000000E+00  0.00000000000000E+00  0.00000000000000E+00  0.00000000000000E+00  0.00000000000000E+00 -0.18726728546630E+04 -0.19373827559436E+04
  -0.17492269825223E+06  0.49183189808275E+05 -0.66430216040411E+04 -0.31969587174051E+05  0.65711499036528E+04 -0.17346427576261E+04 -0.40721480861199E+04 -0.26530239214904E+05  0.42943908687776E+04  0.15729023102210E+04 -0.20338469735656E+03 -0.42884158576649E+02 -0.85101270955970E+01  0.11376107750011E-01  0.66615306751189E+03 -0.13735867347910E+03  0.65825437089408E+03  0.50096418476518E+03 -0.34361323604389E+06  0.30581901407153E+04  0.13656364096032E+04  0.65756257584609E+03  0.79669167620131E+03  0.57935241910305E+03  0.12103309795454E+05  0.25505217680736E+03  0.13211544286390E+03 -0.52300800736313E+01  0.39978845792096E+05  0.64626179352249E+05  0.00000000000000E+00  0.00000000000000E+00  0.00000000000000E+00  0.00000000000000E+00  0.00000000000000E+00  0.00000000000000E+00  0.15885138878943E+04  0.16180328224728E+04
  -0.13271257798693E+06  0.16819495212580E+05 -0.46907523200143E+04 -0.12820097267474E+05  0.19838651446129E+04 -0.27637800282598E+04 -0.24552435193977E+04 -0.61915592732383E+05  0.11326239081809E+05  0.27019781120904E+04 -0.46631069339081E+03 -0.93682985603989E+03 -0.13492728246875E+03  0.48480981876743E-01 -0.30048294330576E+04  0.58536907372778E+03 -0.32276440177736E+04 -0.22736791415256E+04 -0.33344992423919E+05  0.00000000000000E+00  0.00000000000000E+00  0.00000000000000E+00 -0.42951932397145E+02 -0.15213937585146E+03  0.25505217680736E+03  0.11764819778660E+06  0.00000000000000E+00  0.00000000000000E+00  0.00000000000000E+00  0.00000000000000E+00  0.00000000000000E+00  0.00000000000000E+00  0.00000000000000E+00  0.00000000000000E+00  0.00000000000000E+00  0.00000000000000E+00  0.00000000000000E+00  0.00000000000000E+00
  -0.56196646712060E+05  0.83217820460039E+04 -0.19908868710102E+04 -0.21296554978351E+05  0.33515254935319E+04 -0.42399060203579E+04 -0.38600708204678E+04 -0.48918770951469E+05  0.10539015283897E+05  0.18441648779065E+04 -0.34638012180845E+03 -0.12598988539650E-10  0.15947786909218E-13  0.25643083937392E-13 -0.19506878916243E+04  0.36513842675187E+03 -0.20520555802134E+04 -0.14128416176254E+04 -0.74721995472275E+05  0.26029317769519E+04  0.67633176412940E+03  0.19788076000003E+03 -0.24311375796241E+02 -0.10079433203926E+03  0.13211544286390E+03  0.00000000000000E+00  0.65044878351772E+05  0.00000000000000E+00  0.00000000000000E+00  0.00000000000000E+00  0.00000000000000E+00  0.00000000000000E+00  0.00000000000000E+00  0.00000000000000E+00  0.00000000000000E+00  0.00000000000000E+00  0.00000000000000E+00  0.00000000000000E+00
  -0.52727738461596E+04 -0.20226287375246E+03  0.19794988478101E+02 -0.64447313501470E+02 -0.58984674840316E+02  0.15254696729493E+03  0.13812752458587E+03 -0.69945462123068E+05  0.24603949310950E+05  0.73172706926710E+03 -0.33796963388041E+03 -0.57675809365126E+03 -0.22927910060549E+02 -0.41662439793480E+01 -0.25218582764006E+04  0.29839966580097E+03 -0.27463014769456E+04 -0.13853528481563E+04  0.12367815595830E+04  0.00000000000000E+00  0.00000000000000E+00  0.00000000000000E+00  0.43280531057766E+01 -0.21558030974125E+02 -0.52300800736313E+01  0.00000000000000E+00  0.00000000000000E+00  0.30935858067286E+05  0.00000000000000E+00  0.00000000000000E+00  0.00000000000000E+00  0.00000000000000E+00  0.00000000000000E+00  0.00000000000000E+00  0.00000000000000E+00  0.00000000000000E+00  0.00000000000000E+00  0.00000000000000E+00
  -0.87533978633617E+06  0.21228884738592E+06 -0.32105310355407E+05 -0.66530101288260E+05  0.11798961601450E+05 -0.86079861384387E+04 -0.98811671660310E+04 -0.29062681665776E+06  0.66260655979870E+05  0.10802094591616E+05 -0.20103726370697E+04 -0.41839738948193E+04 -0.48282925570891E+03 -0.34204791533401E+00  0.19004387799260E+04 -0.13140442407928E+03  0.23150398781058E+04  0.10461722288014E+04 -0.55853834331490E+06  0.00000000000000E+00  0.00000000000000E+00  0.00000000000000E+00  0.10967873439308E+04 -0.50991981598868E+04  0.39978845792096E+05  0.00000000000000E+00  0.00000000000000E+00  0.00000000000000E+00  0.58385339235846E+06  0.00000000000000E+00  0.00000000000000E+00  0.00000000000000E+00  0.00000000000000E+00  0.00000000000000E+00  0.00000000000000E+00  0.00000000000000E+00  0.00000000000000E+00  0.00000000000000E+00
  -0.11335568880136E+07  0.26830629599882E+06 -0.41803255041488E+05 -0.34410868782279E+06  0.62398702419576E+05 -0.42078970370495E+05 -0.51478864869415E+05 -0.56653063330132E+06  0.12490389271612E+06  0.22294663589535E+05 -0.39690352378712E+04 -0.12019434697702E-10 -0.26696771038339E-10  0.69461201815332E-12  0.42875439089515E+04 -0.46875622175822E+03  0.51914893651511E+04  0.28042104189477E+04 -0.27313324131011E+07  0.41236557640053E+05  0.15565078161518E+05  0.68004487166102E+04  0.82709358765229E+03 -0.93215103462638E+04  0.64626179352249E+05  0.00000000000000E+00  0.00000000000000E+00  0.00000000000000E+00  0.00000000000000E+00  0.92610175718655E+06  0.00000000000000E+00  0.00000000000000E+00  0.00000000000000E+00  0.00000000000000E+00  0.00000000000000E+00  0.00000000000000E+00  0.00000000000000E+00  0.00000000000000E+00
  -0.21219136390880E+05  0.57946216740877E+04 -0.80807135016945E+03 -0.12990226347086E+04  0.30660140206333E+03  0.12877550243137E+02 -0.14787079398073E+03 -0.74094270677740E+05  0.22986634993728E+05  0.14936890342692E+04 -0.42683980005419E+03 -0.19184667395147E+04 -0.12092714040259E+03 -0.18134838039309E+01 -0.15288693481082E+04  0.16725255677647E+03 -0.13787225175409E+04 -0.70873063077287E+03 -0.16167276819969E+05  0.00000000000000E+00  0.00000000000000E+00  0.00000000000000E+00  0.00000000000000E+00  0.00000000000000E+00  0.00000000000000E+00  0.00000000000000E+00  0.00000000000000E+00  0.00000000000000E+00  0.00000000000000E+00  0.00000000000000E+00  0.14496643878223E+05  0.00000000000000E+00  0.00000000000000E+00  0.00000000000000E+00  0.00000000000000E+00  0.00000000000000E+00  0.00000000000000E+00  0.00000000000000E+00
  -0.48599671157804E+05  0.13475804848751E+05 -0.18585669803554E+04 -0.25103041157854E+04  0.56949634797076E+03 -0.13868142908896E+02 -0.27908119346223E+03 -0.16858467925632E+06  0.52395903560217E+05  0.33423379808829E+04 -0.97106051337387E+03 -0.55343058380528E+02 -0.14189595177023E+02 -0.23392801526416E-05 -0.31222815348667E+04  0.33908298096034E+03 -0.28283714907479E+04 -0.14524228340085E+04 -0.31246075229972E+05  0.00000000000000E+00  0.00000000000000E+00  0.00000000000000E+00  0.00000000000000E+00  0.00000000000000E+00  0.00000000000000E+00  0.00000000000000E+00  0.00000000000000E+00  0.00000000000000E+00  0.00000000000000E+00  0.00000000000000E+00  0.00000000000000E+00  0.32842344714483E+05  0.00000000000000E+00  0.00000000000000E+00  0.00000000000000E+00  0.00000000000000E+00  0.00000000000000E+00  0.00000000000000E+00
  -0.31929961250243E+04  0.41896433333043E+03 -0.10027173863286E+03 -0.65863784950686E+02  0.82336178093601E+01 -0.17717083371302E+02 -0.12224424257744E+02 -0.13967403308297E+04  0.18785990600060E+03  0.43188794004352E+02 -0.10970330905881E+02 -0.65455703021222E+02 -0.52867256565695E+01 -0.90300702780510E-01 -0.74464575151878E+03  0.86452596124477E+02 -0.68840020146802E+03 -0.38322805003044E+03 -0.18388723547890E+03  0.00000000000000E+00  0.00000000000000E+00  0.00000000000000E+00  0.00000000000000E+00  0.00000000000000E+00  0.00000000000000E+00  0.00000000000000E+00  0.00000000000000E+00  0.00000000000000E+00  0.00000000000000E+00  0.00000000000000E+00  0.00000000000000E+00  0.00000000000000E+00  0.37915214253352E+04  0.00000000000000E+00  0.00000000000000E+00  0.00000000000000E+00  0.00000000000000E+00  0.00000000000000E+00
  -0.89254645474788E+04  0.23624387712177E+04 -0.33545972967091E+03 -0.23820438163344E+04  0.44851068969846E+03 -0.24008497732847E+03 -0.34238613465680E+03  0.65258518272584E+03 -0.13603887656925E+04  0.11606221636201E+03 -0.11020540854704E+02 -0.14071441840330E+01 -0.14643920731199E+00 -0.10548768089729E-02 -0.30578554108484E+04  0.49976844488018E+03 -0.30306735508391E+04 -0.19841791045292E+04 -0.23110355147906E+05  0.00000000000000E+00  0.00000000000000E+00  0.00000000000000E+00  0.00000000000000E+00  0.00000000000000E+00  0.00000000000000E+00  0.00000000000000E+00  0.00000000000000E+00  0.00000000000000E+00  0.00000000000000E+00  0.00000000000000E+00  0.00000000000000E+00  0.00000000000000E+00  0.00000000000000E+00  0.80932499408287E+04  0.00000000000000E+00  0.00000000000000E+00  0.00000000000000E+00  0.00000000000000E+00
  -0.31548841680741E+04  0.74922171938538E+03 -0.11739862833766E+03 -0.92774394739162E+03  0.16649107208154E+03 -0.12355927778357E+03 -0.14481089920707E+03  0.42500860067834E+03 -0.73858127796221E+03  0.52115941054256E+02 -0.53048047838304E+01 -0.60898808338522E+00 -0.57688101555979E-01 -0.58560273429216E-03 -0.15979676836642E+04  0.24169173033880E+03 -0.16150733840213E+04 -0.10124305299392E+04 -0.72821604366204E+04  0.00000000000000E+00  0.00000000000000E+00  0.00000000000000E+00  0.00000000000000E+00  0.00000000000000E+00  0.00000000000000E+00  0.00000000000000E+00  0.00000000000000E+00  0.00000000000000E+00  0.00000000000000E+00  0.00000000000000E+00  0.00000000000000E+00  0.00000000000000E+00  0.00000000000000E+00  0.00000000000000E+00  0.41610205862984E+04  0.00000000000000E+00  0.00000000000000E+00  0.00000000000000E+00
  -0.18875367888974E+05 -0.21560692309127E+04 -0.83208983169151E+02 -0.10127966485894E+05  0.39867833031931E+03 -0.31871760211031E+04 -0.13594679134841E+04 -0.27178464077344E+06  0.11240623999460E+06  0.30946931285249E+04 -0.11372239919982E+04  0.22506907854282E+03  0.22860508584834E+02 -0.15534721459990E+01 -0.21666044435371E+04 -0.38822557708342E+03  0.18071292717930E+04  0.18296835407004E+04  0.17388246350713E+05  0.00000000000000E+00  0.00000000000000E+00  0.00000000000000E+00  0.00000000000000E+00  0.00000000000000E+00  0.00000000000000E+00  0.00000000000000E+00  0.00000000000000E+00  0.00000000000000E+00  0.00000000000000E+00  0.00000000000000E+00  0.00000000000000E+00  0.00000000000000E+00  0.00000000000000E+00  0.00000000000000E+00  0.00000000000000E+00  0.12734011592905E+06  0.00000000000000E+00  0.00000000000000E+00
  -0.74976178922413E+05  0.87550100007841E+04 -0.22391368580472E+04 -0.73016079200751E+04  0.81508137477208E+03 -0.18618920590974E+04 -0.11456417844154E+04 -0.14360099187525E+06  0.45043645123517E+05  0.28137644823474E+04 -0.82525549597930E+03 -0.22734029203433E+04 -0.16456275477642E+03 -0.17655136189277E+01 -0.10072222333019E+04  0.28515758786732E+03 -0.20032657170488E+04 -0.13734830768191E+04 -0.20248359812483E+05  0.00000000000000E+00  0.00000000000000E+00  0.00000000000000E+00 -0.29052191110743E+03 -0.18726728546630E+04  0.15885138878943E+04  0.00000000000000E+00  0.00000000000000E+00  0.00000000000000E+00  0.00000000000000E+00  0.00000000000000E+00  0.00000000000000E+00  0.00000000000000E+00  0.00000000000000E+00  0.00000000000000E+00  0.00000000000000E+00  0.00000000000000E+00  0.96087713888107E+05  0.00000000000000E+00
  -0.59035430534808E+05  0.73634317368313E+04 -0.18064775165352E+04 -0.21647984052553E+05  0.25177846523383E+04 -0.53593834138675E+04 -0.34182108002896E+04 -0.17519468911987E+06  0.54453050743873E+05  0.35173316493827E+04 -0.10138711272003E+04  0.33192712055242E-10 -0.10293817791091E-11 -0.84724521150128E-13 -0.11343709064507E+04  0.32042901921881E+03 -0.22254770775408E+04 -0.15285511886603E+04 -0.63039540296667E+05  0.41900551725963E+04  0.87509171535421E+03  0.26113857125830E+03 -0.30331461187264E+03 -0.19373827559436E+04  0.16180328224728E+04  0.00000000000000E+00  0.00000000000000E+00  0.00000000000000E+00  0.00000000000000E+00  0.00000000000000E+00  0.00000000000000E+00  0.00000000000000E+00  0.00000000000000E+00  0.00000000000000E+00  0.00000000000000E+00  0.00000000000000E+00  0.00000000000000E+00  0.10052350240967E+06

 # Covariance matrix (Bevington epsilon)
   0.55624030458467E-03 -0.64150708461442E-04 -0.14517379141908E-01  0.17425576872569E-03 -0.89751152441232E-04  0.28602295100389E-03 -0.10298145527668E-02  0.52613960753157E-04  0.34729254723949E-04 -0.15131293031720E-02 -0.16668725863870E-01 -0.46492006311196E-03 -0.38058661407807E-02  0.19813709555757E-01  0.11964997793464E-03  0.25876789836197E-02 -0.20744708979575E-04  0.14539861367430E-03 -0.40110292044418E-05 -0.67441270052013E-03  0.37437369634290E-02 -0.40771514706760E-02  0.86843319816761E-03 -0.56937149477596E-03  0.32946952652769E-04  0.39291290929601E-04  0.38518950892857E-04  0.32372065812616E-04  0.41131903913659E-04  0.40010729101439E-04 -0.19105393216452E-03 -0.10699475458375E-03  0.41866911613397E-04 -0.46103299724477E-04 -0.46878623429985E-04  0.62157414279862E-04  0.40545939461295E-04  0.37762338472974E-04
  -0.64150708461441E-04  0.12787685238693E-03  0.26948617149936E-02  0.11404531815984E-03  0.64838841679437E-03 -0.20238036912712E-03  0.20933153306221E-03 -0.40902834600938E-05 -0.30994818898113E-05  0.69826502158130E-03  0.26506225365187E-02  0.30035327749470E-03 -0.98644823359921E-03  0.30972216324123E-01  0.49686232403833E-05  0.94353521279527E-03  0.85933217243018E-04  0.27524855465968E-04  0.12031482803968E-05 -0.95476320116240E-04  0.24151209606946E-03 -0.36342540503383E-03 -0.21660069444972E-02  0.47882270228499E-03  0.93862846263603E-04  0.10058641563184E-04  0.73051991660819E-05  0.51828359336855E-05  0.46236407321241E-05  0.61718524859398E-05  0.30023043211472E-04 -0.38966701620471E-05  0.42311353834537E-05 -0.16469416472463E-04 -0.11075641707682E-04  0.54112034363229E-06  0.73966674722494E-05  0.70143235805149E-05
  -0.14517379141908E-01  0.26948617149936E-02  0.39168176200942E+00 -0.29303856937250E-02  0.92165706580543E-02 -0.95170849013209E-02  0.28241477427911E-01 -0.13366432309659E-02 -0.89416266310632E-03  0.45693281599976E-01  0.46138475555199E+00  0.14362614629916E-01  0.94732406104637E-01 -0.19425353435301E+00 -0.26624598827847E-02 -0.42893833169345E-01  0.21726375321297E-02 -0.37701193337372E-02  0.10463496566132E-03  0.16356552366798E-01 -0.89012241206509E-01  0.95444527763146E-01 -0.39408128621822E-01  0.18326411949778E-01  0.40062391037928E-03 -0.69840150394089E-03 -0.71510095512592E-03 -0.57955120980686E-03 -0.72496836757264E-03 -0.70513444105649E-03  0.58282028872199E-02  0.33611667667230E-02 -0.97384262656592E-03  0.74285026163188E-03  0.81189710997554E-03 -0.13142650049142E-02 -0.70558040053992E-03 -0.64777621931359E-03
   0.17425576872570E-03  0.11404531815984E-03 -0.29303856937252E-02  0.10739820668387E-02  0.43492331233834E-02 -0.18566364482307E-02  0.30618687886511E-03  0.21537550157492E-04  0.10517426256787E-04 -0.53614237723972E-03 -0.71106684576230E-02  0.10342757011260E-02 -0.82104200827439E-02  0.93320406193225E-01  0.33297561568304E-03  0.77631698708510E-02 -0.85060929767948E-03  0.23438484354061E-02 -0.66098918872830E-05 -0.52871160984165E-03  0.21397020511734E-02 -0.93714331386744E-03 -0.29523168160245E-02  0.62453941509163E-03  0.23085525074579E-03  0.52320532073207E-04  0.46823012516045E-04  0.34597066206343E-04  0.55289028576459E-04  0.48678511708450E-04  0.46365318263966E-04 -0.34367995138732E-04  0.30275200189160E-04 -0.47897906114922E-04 -0.47251858996412E-04  0.50072345813357E-04  0.57951607342659E-04  0.50912656203039E-04
