# fitpack15: fit parameters                                                                         
# CJ15 AV18 final data choices                                                                      
# Created on 02/13/2020 at 11:51:07                                                                 

 # QCD setup
  INS                           0
  NVL                          11
  IORD                          1
  Q02                   1.6899999999999999     
  IPARAMC                      -7
  FLAVOR                5.0000000000000000     
  xmc                   1.3000000000000000     
  xmb                   4.5000000000000000     
  ncb                          12
  ihq                           1
  ias                           0

 # Theory corrections
  inuke                     10114
  itmc                          1
  iht                           1

 # fit parameters
 LAMBDA       0.22680        0.0000    
 a0uv          1.7027        0.0000    
 a1uv         0.53998       0.27104E-01
 a2uv          3.5704       0.11309E-01
 a3uv          0.0000        0.0000    
 a4uv          5.4797       0.84946    
 a5uv          0.0000        0.0000    
 a0dv          16.280        0.0000    
 a1dv          1.0507       0.37058E-01
 a2dv          6.4020       0.17777    
 a3dv         -3.5187       0.10764    
 a4dv          5.1269       0.17730    
 a5dv          0.0000        0.0000    
 a0ud         0.13707       0.49736E-02
 a1ud        -0.21417       0.39280E-02
 a2ud          8.8111       0.17875    
 a3ud          0.0000        0.0000    
 a4ud          18.349        1.4537    
 a5ud          0.0000        0.0000    
 a0du          35712.        0.0000    
 a1du          4.0410       0.92078E-01
 a2du          21.260        1.0267    
 a3du          17.000        0.0000    
 a4du          53.983        12.942    
 a0g           44.739        0.0000    
 a1g          0.59554       0.31124E-01
 a2g           6.4146       0.91208    
 a3g          -3.3870       0.13772    
 a4g           3.3528       0.34273    
 a5g           0.0000        0.0000    
 kappa        0.40000        0.0000    
 a6dv         0.42283E-02   0.12180E-02
 a7dv          2.0000        0.0000    
 off1        -0.62266E-01   0.12245    
 off2         0.35144       0.78193    
 off3         -1.4221        1.2008    
 ht1          -3.6615       0.35198    
 ht2           2.0459       0.12449    
 ht3          -2.0436       0.36111E-01
 ht4           0.0000        0.0000    
 ht1n         -2.8047       0.94332    
 ht2n          1.8371       0.37998    
 ht3n         -2.3084       0.12331    
 ht4n          0.0000        0.0000    
 dummy45       0.0000        0.0000    
 dummy46       0.0000        0.0000    
 dummy47       0.0000        0.0000    
 dummy48       0.0000        0.0000    
 dummy49       0.0000        0.0000    
 bcdmsh2      0.96968       0.49014E-02
 bcdmsd2      0.99113       0.59054E-02
 ccfr          1.0000        0.0000    
 nutev         1.0000        0.0000    
 zeus         0.97998        0.0000    
 h1            1.0162        0.0000    
 e605          1.0319        0.0000    
 NmcH2         1.0074       0.71671E-02
 ntv_nu        1.0000        0.0000    
 ntv_nubar     1.0000        0.0000    
 cdf_jet      0.98910        0.0000    
 d0_jet       0.83504        0.0000    
 slac_p       0.99917       0.51973E-02
 slac_d        1.0038       0.54065E-02
 e866pp       0.99625       0.20723E-01
 e866pd       0.98196       0.18400E-01
 d0_gamjet     1.0363       0.16514E-01
 h1b          0.97608        0.0000    
 jlab_p       0.99055       0.64306E-02
 jlab_d       0.97816       0.61962E-02
 blank         1.0000        0.0000    
 d0run2       0.94811       0.14771E-01
 cdfrun2      0.93451       0.17558E-01
 HERA_el       1.0000        0.0000    
 HERA_ps       1.0000        0.0000    
 CDF_Z        0.94835       0.67415E-02
 NmcRat        1.0000        0.0000    
 BNS_F2nd      0.0000        0.0000    
 HERMES_F2p   0.99409       0.57709E-02
 HERMES_F2d   0.97873       0.59086E-02
 END 0. 0.

 # Hessian matrix (Bevington alpha)
   0.53741905600207E+07 -0.13517906356535E+07  0.16829619004682E+06  0.50845662201508E+06 -0.13541910381099E+06 -0.29999306346838E+05  0.44852975012802E+05  0.10115287358968E+07 -0.18778150458177E+06 -0.47994944891698E+05  0.63205087603351E+04  0.14758193749973E+05  0.15250050989770E+04 -0.11211870093903E+03  0.12378600681025E+05 -0.27167199319564E+04  0.13957161790579E+05  0.96996225403413E+04  0.52098814000849E+07 -0.67759307711964E+05 -0.29806957742193E+05 -0.14400217962620E+05 -0.13969340392076E+05 -0.54815030667166E+04 -0.20234388584640E+06 -0.54268326478539E+04 -0.41977482202996E+04 -0.37480210243985E+05 -0.13502887320903E+06 -0.57110666171814E+05 -0.56957251058076E+04 -0.88871111156185E+06 -0.11429851635951E+07 -0.21176778217886E+05 -0.48004649509476E+05 -0.32915139294633E+04 -0.20857608267271E+06 -0.23350585020187E+06 -0.92032644266595E+04 -0.32502137583148E+04 -0.20633548210962E+05 -0.76448899945298E+05 -0.60079429168448E+05
  -0.13517906356535E+07  0.41593156556556E+06 -0.42889869264393E+05 -0.13616872421408E+06  0.36332345389843E+05  0.86973973423126E+04 -0.99105570511249E+04 -0.12271887376161E+06  0.25979684747091E+05  0.66989285532645E+04 -0.72326192773662E+03 -0.11134827530882E+04 -0.11623782098468E+03  0.12882358617015E+02  0.28470434930448E+03 -0.12241952188325E+02 -0.23705587052752E+03 -0.11187072000361E+03 -0.17140767775177E+07  0.17193853263229E+05  0.85355207897918E+04  0.44906384077038E+04  0.64146523249472E+04  0.73416617271387E+04  0.58722817363957E+05  0.20337668613445E+04  0.20976412652847E+04  0.99164240755577E+04  0.16854414869027E+05  0.83285030684335E+04 -0.16615863102833E+03  0.21172608378998E+06  0.26591644916021E+06  0.57049237777961E+04  0.13109441454845E+05  0.42492104554772E+03  0.64061252356138E+05  0.71334349171209E+05  0.23865882544780E+04  0.75656989000252E+03 -0.20936462456389E+04  0.87659153216061E+04  0.73797364541473E+04
   0.16829619004682E+06 -0.42889869264393E+05  0.52985110809286E+04  0.15585965756606E+05 -0.42684751420792E+04 -0.11126610597433E+04  0.13454987804974E+04  0.24201860955584E+05 -0.43681159716947E+04 -0.13445338104209E+04  0.15333131014461E+03  0.34963768667907E+03  0.40513108520345E+02 -0.36760392052535E+01 -0.14755034630122E+03 -0.24825339166222E+02 -0.18483440140820E+02  0.55465096844776E+02  0.16531618072452E+06 -0.21083795731539E+04 -0.93648528967560E+03 -0.45447308820667E+03 -0.45787271956215E+03 -0.25164678374344E+03 -0.63972365696077E+04 -0.17661400319955E+03 -0.14857644046211E+03 -0.11813825715989E+04 -0.40639451101851E+04 -0.17165251524823E+04  0.14960764731836E+01 -0.27265009045115E+05 -0.35259770134997E+05 -0.67003898666009E+03 -0.15236862163071E+04 -0.88760918531935E+02 -0.66390131629981E+04 -0.74301113815072E+04 -0.28808869601585E+03 -0.10117113105725E+03 -0.13133121696197E+03 -0.19717748315981E+04 -0.15833494020157E+04
   0.50845662201508E+06 -0.13616872421408E+06  0.15585965756606E+05  0.42146506738913E+06 -0.64221866680299E+05  0.61467394489319E+05  0.54044260532021E+05  0.39371794682607E+06 -0.30214968644578E+05 -0.18292060876875E+05  0.29456125772436E+04 -0.15643328168785E+04 -0.14993152996139E+03  0.60402006601400E+02  0.33083896760578E+05 -0.41272462943846E+04  0.28486803391468E+05  0.16068407032363E+05  0.14753452335620E+07 -0.20402812347851E+05 -0.81162575360823E+04 -0.34952353068212E+04 -0.79127430064006E+03  0.21061232708604E+04 -0.30126646087224E+05 -0.88028100141796E+03 -0.12781180062154E+03 -0.10465000093352E+05 -0.13240068217121E+05 -0.21964275745441E+05 -0.21018568715439E+03 -0.67570317464693E+05 -0.35141399781513E+06 -0.13339495221766E+04 -0.24530775330455E+04 -0.70202886424197E+02 -0.11662937985272E+05 -0.52777342012828E+05 -0.24492957153909E+04 -0.95757656652600E+03 -0.11279144739167E+05 -0.76498127049239E+04 -0.22703316768431E+05
  -0.13541910381099E+06  0.36332345389843E+05 -0.42684751420792E+04 -0.64221866680299E+05  0.11860194143755E+05 -0.57279104923791E+04 -0.75373868260011E+04 -0.33794261529745E+05  0.34963224238252E+03  0.22426599939613E+04 -0.27520148480326E+03 -0.14910328961448E+02  0.44345839338692E+01 -0.52169745566022E+01 -0.27433311909917E+04  0.34906203917134E+03 -0.23048314179583E+04 -0.13167982298924E+04 -0.32910277327893E+06  0.37956142619984E+04  0.16873547637967E+04  0.78008376252202E+03  0.37241552308430E+03  0.17055644001425E+03  0.67442117246683E+04  0.29952181790881E+03  0.29295724117642E+03  0.22332483653316E+04  0.20105062472016E+04  0.34095170468148E+04 -0.48767760451860E+02  0.12143938005824E+05  0.64563506022375E+05  0.32388675086023E+03  0.57715048539254E+03  0.88007660116504E+01  0.29942382411567E+04  0.13390234211044E+05  0.47058680763182E+03  0.17375864839211E+03  0.42342599668947E+03  0.83993484924257E+03  0.26126459226142E+04
  -0.29999306346838E+05  0.86973973423126E+04 -0.11126610597433E+04  0.61467394489319E+05 -0.57279104923791E+04  0.15649547934188E+05  0.92924454062447E+04  0.95863807177212E+05 -0.94199417482960E+04 -0.35752590930339E+04  0.69988429050608E+03 -0.63214753184471E+03 -0.53691809525172E+02  0.16219767472717E+02  0.80595935139113E+04 -0.10245286086532E+04  0.70811603126768E+04  0.40317339978448E+04  0.23925691900781E+05 -0.16186589889664E+04 -0.34473641562844E+03 -0.46766263891579E+02  0.33913687213904E+03  0.11878382834950E+04 -0.48806213177967E+03  0.17029174360452E+03  0.47567624868863E+03 -0.36536065358171E+03 -0.20121045425108E+04 -0.31192490755090E+04  0.59717764263812E+02 -0.63957496010872E+04 -0.30564440188916E+05  0.19616377676516E+02  0.54967025221263E+01 -0.14058313672371E+02  0.34213580478761E+03  0.13722180959891E+04 -0.17460020592310E+03 -0.91050319719902E+02 -0.28241478770521E+04 -0.15362648944576E+04 -0.43836781344179E+04
   0.44852975012802E+05 -0.99105570511249E+04  0.13454987804974E+04  0.54044260532021E+05 -0.75373868260011E+04  0.92924454062447E+04  0.74422685183714E+04  0.52350129065360E+05 -0.30273229337869E+04 -0.25655786724126E+04  0.40303528563559E+03 -0.21101310069884E+03 -0.21243587174645E+02  0.86310304898348E+01  0.42206466923995E+04 -0.54782179924706E+03  0.35996642436816E+04  0.20802600943632E+04  0.13384542847722E+06 -0.22858258065578E+04 -0.83097463752178E+03 -0.31892782806732E+03  0.72556476552396E+02  0.61524676112078E+03 -0.28544513560503E+04 -0.17550764261997E+02  0.12882813064980E+03 -0.10838456504365E+04 -0.19490726030404E+04 -0.30850732089807E+04  0.89667768057934E+02 -0.80634334369049E+04 -0.41947356305754E+05 -0.12569232835344E+03 -0.22769342852174E+03 -0.10277982565088E+02 -0.86885973186087E+03 -0.40289047419705E+04 -0.28373093614694E+03 -0.11909069727452E+03 -0.12125350193772E+04 -0.96735913385685E+03 -0.28805139471143E+04
   0.10115287358968E+07 -0.12271887376161E+06  0.24201860955584E+05  0.39371794682607E+06 -0.33794261529745E+05  0.95863807177212E+05  0.52350129065360E+05  0.59118723427165E+07 -0.25334277797526E+07 -0.92914050228981E+05  0.25014017324313E+05  0.27741957237642E+05  0.17714310155112E+04  0.10981068713593E+03  0.97744706325555E+05 -0.12581649540622E+05  0.97490642189842E+05  0.52878706742963E+05  0.36839968786075E+06 -0.38683271622489E+05 -0.74736213769637E+04 -0.19722592431799E+04  0.49508550727180E+04  0.26598051396252E+05 -0.21106322674042E+05  0.20872006576712E+04  0.85168833719953E+04 -0.71850342476872E+04 -0.64433848775374E+05 -0.51484155517334E+05 -0.74975792744554E+05 -0.30500512899269E+06 -0.58902340558327E+06 -0.75698644979549E+05 -0.17045223410823E+06 -0.15008965080814E+04 -0.49868810000073E+04 -0.10005333438099E+05  0.62262797667078E+03  0.41365395110673E+03 -0.29248561166876E+06 -0.15313478804991E+06 -0.18729738466283E+06
  -0.18778150458177E+06  0.25979684747091E+05 -0.43681159716947E+04 -0.30214968644578E+05  0.34963224238252E+03 -0.94199417482960E+04 -0.30273229337869E+04 -0.25334277797526E+07  0.19329252201267E+07  0.19783989237132E+05 -0.60560223387127E+04 -0.58758722673083E+04 -0.31241901655130E+03 -0.15704225120915E+02  0.47555429215378E+05 -0.22134734290379E+04  0.14861985680237E+05  0.72512081798519E+04  0.19089855767840E+05  0.93502381725887E+04  0.14405694250334E+04  0.32580026770567E+03 -0.10838471070469E+04 -0.61126156440385E+04  0.32265233868943E+04 -0.52645697628717E+03 -0.21599477025441E+04  0.11820262531076E+04  0.11449051311905E+05  0.10812791606551E+05  0.25648346909844E+05  0.67724289449490E+05  0.12654034396467E+06  0.22764425470112E+05  0.51376729686693E+05  0.20440716278376E+03  0.54659787746583E+03  0.11210848400934E+04 -0.13463704000116E+04 -0.73315707356400E+03  0.11682872408717E+06  0.46434218393248E+05  0.56288848976843E+05
  -0.47994944891698E+05  0.66989285532645E+04 -0.13445338104209E+04 -0.18292060876875E+05  0.22426599939613E+04 -0.35752590930339E+04 -0.25655786724126E+04 -0.92914050228981E+05  0.19783989237132E+05  0.25860664775509E+04 -0.54924444476610E+03 -0.63328107917966E+03 -0.53011494152531E+02 -0.18676215589770E+01 -0.41029476009638E+04  0.51989974620491E+03 -0.36052205746204E+04 -0.20570994440544E+04 -0.33304583478607E+05  0.12490879423369E+04  0.33440546652278E+03  0.10812731434607E+03 -0.15145650128148E+03 -0.79242772412633E+03  0.12551564107802E+04 -0.45405436306281E+02 -0.20682821507247E+03  0.39196406440298E+03  0.26833667658189E+04  0.18390554322044E+04  0.74669918538153E+03  0.10690817148426E+05  0.21886450176927E+05  0.14412690268783E+04  0.31874300424330E+04  0.44031764051990E+02  0.45754702220477E+03  0.88565223716234E+03  0.11609552819265E+03  0.52491215854572E+02  0.31860469504458E+04  0.28615339642058E+04  0.35832288738073E+04
   0.63205087603351E+04 -0.72326192773662E+03  0.15333131014461E+03  0.29456125772436E+04 -0.27520148480326E+03  0.69988429050608E+03  0.40303528563559E+03  0.25014017324313E+05 -0.60560223387127E+04 -0.54924444476610E+03  0.13806612359126E+03  0.16553997265758E+03  0.11313039180854E+02  0.64488239508491E+00  0.11393018954625E+04 -0.12880951160524E+03  0.96221847229113E+03  0.52513159352477E+03  0.32363029485138E+04 -0.21441836257522E+03 -0.44966596103375E+02 -0.12319532782817E+02  0.28998211918048E+02  0.15244532300940E+03 -0.13395893701511E+03  0.11563948867421E+02  0.46797054247470E+02 -0.44933641266281E+02 -0.40225903413777E+03 -0.30345649507786E+03 -0.31636306102635E+03 -0.17587633177911E+04 -0.34342896393247E+04 -0.37155803453302E+03 -0.83628885876551E+03 -0.98785383204449E+01 -0.32719939967251E+02 -0.65609506637780E+02 -0.91970463372145E+01 -0.44468806200796E+01 -0.10642327978031E+04 -0.75036288308527E+03 -0.92333936817629E+03
   0.14758193749973E+05 -0.11134827530882E+04  0.34963768667907E+03 -0.15643328168785E+04 -0.14910328961448E+02 -0.63214753184471E+03 -0.21101310069884E+03  0.27741957237642E+05 -0.58758722673083E+04 -0.63328107917966E+03  0.16553997265758E+03  0.15241636424598E+04  0.95306177306715E+02 -0.11094435430801E+01  0.13981887291224E+04 -0.19938900258779E+03  0.14974844150355E+04  0.86278502976219E+03  0.37468093574468E+04  0.27638743650997E+03  0.27408740237991E+02  0.83616628774563E+00  0.44953964709583E+02  0.27889331198923E+03 -0.40567669208648E+02 -0.86729762420502E+01 -0.41929726576802E+02 -0.16905414056324E+01 -0.98011034428747E+03 -0.27825374837928E-02 -0.71143642660114E+03 -0.45723684534600E+04  0.34148352347444E+01 -0.21744169007401E+04 -0.48984970226293E+02 -0.75178207099070E+02 -0.85632891192058E-01  0.67030734226838E-02 -0.15986150982740E+01 -0.69546576047854E+00  0.17280203089065E+03 -0.26246192678235E+04 -0.17244441013529E+01
   0.15250050989770E+04 -0.11623782098468E+03  0.40513108520345E+02 -0.14993152996139E+03  0.44345839338692E+01 -0.53691809525172E+02 -0.21243587174645E+02  0.17714310155112E+04 -0.31241901655130E+03 -0.53011494152531E+02  0.11313039180854E+02  0.95306177306715E+02  0.79454495797355E+01 -0.16376048290773E+00  0.74716007233937E+02 -0.12908962917801E+02  0.85853663519808E+02  0.53789936737942E+02  0.17187465187228E+03  0.16003602045272E+02  0.23357179347514E+01  0.18515946815175E+00  0.54126284384630E+01  0.29194986316055E+02 -0.81947953744030E+01 -0.69941907615750E+00 -0.28869724123142E+01  0.79305305632462E-01 -0.13701781544288E+03  0.34217627656718E-02 -0.26526416969404E+02 -0.50454727317326E+03  0.14238511444097E+01 -0.13053342738684E+03 -0.12202849399733E+02 -0.57590852418087E+01 -0.59771117793163E-01  0.34801631563549E-02 -0.15743604084509E+00 -0.62326546198033E-01  0.19298424016569E+02 -0.18110529886827E+03 -0.16922252035149E-01
  -0.11211870093903E+03  0.12882358617015E+02 -0.36760392052535E+01  0.60402006601400E+02 -0.52169745566022E+01  0.16219767472717E+02  0.86310304898348E+01  0.10981068713593E+03 -0.15704225120915E+02 -0.18676215589770E+01  0.64488239508491E+00 -0.11094435430801E+01 -0.16376048290773E+00  0.51017714438309E-01  0.14406612376740E+02 -0.11119722800501E+01  0.92186506170764E+01  0.43516038263221E+01  0.53679758205497E+02  0.14602320268439E+01 -0.32240257265132E-01 -0.19276886851746E-01 -0.22854542780963E-01 -0.79386590610827E-01  0.47974845312165E-01  0.18455993107713E-01  0.51592623622196E-01 -0.34548045515343E-01  0.68690025967790E-01 -0.24521106508920E-04 -0.59956538473310E+01 -0.75113602731521E+00 -0.14383725930528E-02 -0.30404473591498E+01 -0.13138843143332E-04 -0.13676194775526E+00  0.21185263518475E-12  0.23558710081159E-11 -0.16473429123284E-02 -0.90595800224044E-03 -0.21516525195339E+01 -0.30759922253750E+01 -0.34626249279675E-02
   0.12378600681025E+05  0.28470434930448E+03 -0.14755034630122E+03  0.33083896760578E+05 -0.27433311909917E+04  0.80595935139113E+04  0.42206466923995E+04  0.97744706325555E+05  0.47555429215378E+05 -0.41029476009638E+04  0.11393018954625E+04  0.13981887291224E+04  0.74716007233937E+02  0.14406612376740E+02  0.51165837819105E+05 -0.48932293474206E+04  0.37005002510995E+05  0.19455561444921E+05  0.37200887377207E+05  0.60634811956280E+02  0.64315403731346E+02  0.29531056435315E+02 -0.27435111565245E+02 -0.14044173478352E+03  0.57154611867364E+03  0.19088918751150E+01 -0.11842311016915E+02  0.16675913304450E+03 -0.28747921503264E+04 -0.18744205036209E+04 -0.24979360802051E+04  0.19610311627882E+04  0.44101934551306E+04 -0.14581489729424E+04 -0.29027676741460E+04 -0.74287241406357E+03  0.28726266394752E+03  0.51933848411820E+03 -0.29922322099967E+04 -0.15749864200502E+04 -0.22206184814175E+04 -0.95821381436288E+03 -0.10709112087232E+04
  -0.27167199319564E+04 -0.12241952188325E+02 -0.24825339166222E+02 -0.41272462943846E+04  0.34906203917134E+03 -0.10245286086532E+04 -0.54782179924706E+03 -0.12581649540622E+05 -0.22134734290379E+04  0.51989974620491E+03 -0.12880951160524E+03 -0.19938900258779E+03 -0.12908962917801E+02 -0.11119722800501E+01 -0.48932293474206E+04  0.55006038580575E+03 -0.40317596281282E+04 -0.22111488868750E+04 -0.44519961217321E+04  0.26445474789897E+01 -0.10240311454243E+02 -0.59198380218914E+01 -0.23072244498192E+01 -0.47245544893934E+01 -0.12636565459376E+03 -0.36852316018435E+01 -0.74162697497260E+01 -0.35244348491376E+02  0.55688935620577E+03  0.34787504570896E+03  0.29406292828622E+03 -0.14504854712551E+03 -0.50707168437253E+03  0.15640107597899E+03  0.30940439852292E+03  0.85224135013188E+02 -0.82129098019045E+02 -0.14638376156706E+03  0.48204966064920E+03  0.23500402753404E+03 -0.37905056361842E+03  0.27457265526373E+03  0.30621561282655E+03
   0.13957161790579E+05 -0.23705587052752E+03 -0.18483440140820E+02  0.28486803391468E+05 -0.23048314179583E+04  0.70811603126768E+04  0.35996642436816E+04  0.97490642189842E+05  0.14861985680237E+05 -0.36052205746204E+04  0.96221847229113E+03  0.14974844150355E+04  0.85853663519808E+02  0.92186506170764E+01  0.37005002510995E+05 -0.40317596281282E+04  0.30351933260732E+05  0.16400207675225E+05  0.32669036405200E+05  0.26649574163406E+02  0.56952614062146E+02  0.23188168285058E+02 -0.62148064535039E+02 -0.22696462151721E+03  0.41793261598759E+03 -0.12966385136451E+02 -0.35923515237908E+02  0.13458217607585E+03 -0.26893576538452E+04 -0.17342599161112E+04 -0.25605328484576E+04  0.21897340506938E+04  0.47068175628166E+04 -0.12395268952759E+04 -0.24756827160476E+04 -0.62832381323691E+03  0.74438160180884E+02  0.14947392489152E+03 -0.26529206254014E+04 -0.14286040126876E+04  0.13649743068109E+04 -0.16759293987646E+04 -0.18490482004730E+04
   0.96996225403413E+04 -0.11187072000361E+03  0.55465096844776E+02  0.16068407032363E+05 -0.13167982298924E+04  0.40317339978448E+04  0.20802600943632E+04  0.52878706742963E+05  0.72512081798519E+04 -0.20570994440544E+04  0.52513159352477E+03  0.86278502976219E+03  0.53789936737942E+02  0.43516038263221E+01  0.19455561444921E+05 -0.22111488868750E+04  0.16400207675225E+05  0.89900379151887E+04  0.18181636573751E+05 -0.18842067101505E+01  0.36785641442009E+02  0.17525454240268E+02 -0.25297086659911E+02 -0.84157655374965E+02  0.34686764886874E+03 -0.68127925060296E+00 -0.19825800658570E+01  0.10678323532999E+03 -0.19242386159818E+04 -0.12065210856643E+04 -0.12935540953923E+04  0.10129640946623E+04  0.25975639865960E+04 -0.63349124076517E+03 -0.12648703121899E+04 -0.34909972443163E+03  0.11630262333804E+03  0.21816437699380E+03 -0.17365622589737E+04 -0.89530051562568E+03  0.15296486028959E+04 -0.11811386123851E+04 -0.13051380647764E+04
   0.52098814000849E+07 -0.17140767775177E+07  0.16531618072452E+06  0.14753452335620E+07 -0.32910277327893E+06  0.23925691900781E+05  0.13384542847722E+06  0.36839968786075E+06  0.19089855767840E+05 -0.33304583478607E+05  0.32363029485138E+04  0.37468093574468E+04  0.17187465187228E+03  0.53679758205497E+02  0.37200887377207E+05 -0.44519961217321E+04  0.32669036405200E+05  0.18181636573751E+05  0.14240675064668E+08 -0.12188288332867E+06 -0.63005327768654E+05 -0.33525510984385E+05 -0.28388904225455E+05 -0.34185630393458E+05 -0.25026411154147E+06 -0.15707999025514E+05 -0.17241798025143E+05 -0.71930765761253E+05 -0.22360768069233E+05 -0.50189230941020E+05  0.67587221389709E+03 -0.37331696329917E+06 -0.18429539706926E+07 -0.11056024347221E+05 -0.20509960312247E+05 -0.13302720857617E+03 -0.12117958714133E+06 -0.53634959116634E+06 -0.15736483919557E+05 -0.49527631756490E+04  0.11442705815325E+05 -0.13725524824774E+05 -0.43289946821710E+05
  -0.67759307711964E+05  0.17193853263229E+05 -0.21083795731539E+04 -0.20402812347851E+05  0.37956142619984E+04 -0.16186589889664E+04 -0.22858258065578E+04 -0.38683271622489E+05  0.93502381725887E+04  0.12490879423369E+04 -0.21441836257522E+03  0.27638743650997E+03  0.16003602045272E+02  0.14602320268439E+01  0.60634811956280E+02  0.26445474789897E+01  0.26649574163406E+02 -0.18842067101505E+01 -0.12188288332867E+06  0.29392590113535E+04  0.10037220197752E+04  0.44342438299822E+03  0.12011168549658E+03 -0.14550750060470E+03  0.26643089423301E+04  0.10499048056518E+03 -0.42371959416666E+02  0.11418960572913E+04  0.00000000000000E+00  0.26046187070606E+04  0.00000000000000E+00  0.00000000000000E+00  0.41053109131117E+05  0.00000000000000E+00  0.00000000000000E+00  0.00000000000000E+00  0.00000000000000E+00  0.61237282880493E+04  0.00000000000000E+00  0.00000000000000E+00  0.00000000000000E+00  0.00000000000000E+00  0.41860817487159E+04
  -0.29806957742193E+05  0.85355207897918E+04 -0.93648528967560E+03 -0.81162575360823E+04  0.16873547637967E+04 -0.34473641562844E+03 -0.83097463752178E+03 -0.74736213769637E+04  0.14405694250334E+04  0.33440546652278E+03 -0.44966596103375E+02  0.27408740237991E+02  0.23357179347514E+01 -0.32240257265132E-01  0.64315403731346E+02 -0.10240311454243E+02  0.56952614062146E+02  0.36785641442009E+02 -0.63005327768654E+05  0.10037220197752E+04  0.43982466395803E+03  0.21480526601826E+03  0.95346306567149E+02  0.50191294293025E+02  0.12443225710086E+04  0.76267115291678E+02  0.53688329022101E+02  0.50743384838684E+03  0.00000000000000E+00  0.67662060501482E+03  0.00000000000000E+00  0.00000000000000E+00  0.15478687799845E+05  0.00000000000000E+00  0.00000000000000E+00  0.00000000000000E+00  0.00000000000000E+00  0.31073916179123E+04  0.00000000000000E+00  0.00000000000000E+00  0.00000000000000E+00  0.00000000000000E+00  0.87387034048465E+03
  -0.14400217962620E+05  0.44906384077038E+04 -0.45447308820667E+03 -0.34952353068212E+04  0.78008376252202E+03 -0.46766263891579E+02 -0.31892782806732E+03 -0.19722592431799E+04  0.32580026770567E+03  0.10812731434607E+03 -0.12319532782817E+02  0.83616628774563E+00  0.18515946815175E+00 -0.19276886851746E-01  0.29531056435315E+02 -0.59198380218914E+01  0.23188168285058E+02  0.17525454240268E+02 -0.33525510984385E+05  0.44342438299822E+03  0.21480526601826E+03  0.11145534158020E+03  0.61040735640328E+02  0.57499154221800E+02  0.61977439490487E+03  0.45752420149732E+02  0.43133188949817E+02  0.24142587439790E+03  0.00000000000000E+00  0.19809511464443E+03  0.00000000000000E+00  0.00000000000000E+00  0.67528056926721E+04  0.00000000000000E+00  0.00000000000000E+00  0.00000000000000E+00  0.00000000000000E+00  0.16186840251655E+04  0.00000000000000E+00  0.00000000000000E+00  0.00000000000000E+00  0.00000000000000E+00  0.26061516793083E+03
  -0.13969340392076E+05  0.64146523249472E+04 -0.45787271956215E+03 -0.79127430064006E+03  0.37241552308430E+03  0.33913687213904E+03  0.72556476552396E+02  0.49508550727180E+04 -0.10838471070469E+04 -0.15145650128148E+03  0.28998211918048E+02  0.44953964709583E+02  0.54126284384630E+01 -0.22854542780963E-01 -0.27435111565245E+02 -0.23072244498192E+01 -0.62148064535039E+02 -0.25297086659911E+02 -0.28388904225455E+05  0.12011168549658E+03  0.95346306567149E+02  0.61040735640328E+02  0.22243630881318E+03  0.41962769560994E+03  0.10533803554992E+04  0.52244765527383E+02  0.73321269652925E+02  0.12080532488653E+03 -0.48192164230398E+02 -0.17093393274361E+02  0.41517846688615E+01  0.46020342871151E+03  0.33015075154031E+03  0.00000000000000E+00  0.00000000000000E+00  0.00000000000000E+00  0.20660784747670E+04  0.17768365772050E+04  0.00000000000000E+00  0.00000000000000E+00  0.00000000000000E+00 -0.33254948971432E+03 -0.19323362641267E+03
  -0.54815030667166E+04  0.73416617271387E+04 -0.25164678374344E+03  0.21061232708604E+04  0.17055644001425E+03  0.11878382834950E+04  0.61524676112078E+03  0.26598051396252E+05 -0.61126156440385E+04 -0.79242772412633E+03  0.15244532300940E+03  0.27889331198923E+03  0.29194986316055E+02 -0.79386590610827E-01 -0.14044173478352E+03 -0.47245544893934E+01 -0.22696462151721E+03 -0.84157655374965E+02 -0.34185630393458E+05 -0.14550750060470E+03  0.50191294293025E+02  0.57499154221800E+02  0.41962769560994E+03  0.11361696166399E+04  0.10988549683570E+04  0.97631266002707E+02  0.18753085090608E+03  0.77293280740430E+02 -0.16336457970688E+03 -0.64796029840046E+02 -0.24504144755821E+02 -0.65270873521321E+04 -0.62323991645384E+04  0.00000000000000E+00  0.00000000000000E+00  0.00000000000000E+00  0.31539672768553E+04  0.26118554839706E+04  0.00000000000000E+00  0.00000000000000E+00  0.00000000000000E+00 -0.19588584656378E+04 -0.11362328393744E+04
  -0.20234388584640E+06  0.58722817363957E+05 -0.63972365696077E+04 -0.30126646087224E+05  0.67442117246683E+04 -0.48806213177967E+03 -0.28544513560503E+04 -0.21106322674042E+05  0.32265233868943E+04  0.12551564107802E+04 -0.13395893701511E+03 -0.40567669208648E+02 -0.81947953744030E+01  0.47974845312165E-01  0.57154611867364E+03 -0.12636565459376E+03  0.41793261598759E+03  0.34686764886874E+03 -0.25026411154147E+06  0.26643089423301E+04  0.12443225710086E+04  0.61977439490487E+03  0.10533803554992E+04  0.10988549683570E+04  0.12263830370717E+05  0.33579230552594E+03  0.35047854943750E+03  0.19666317939563E+04  0.25333025350442E+03  0.82357156885541E+02 -0.55776226437904E+01  0.39332198713266E+05  0.41912879356521E+05  0.00000000000000E+00  0.00000000000000E+00  0.00000000000000E+00  0.17000620984702E+05  0.14654117206240E+05  0.00000000000000E+00  0.00000000000000E+00  0.00000000000000E+00  0.15727229735804E+04  0.10187727999821E+04
  -0.54268326478539E+04  0.20337668613445E+04 -0.17661400319955E+03 -0.88028100141796E+03  0.29952181790881E+03  0.17029174360452E+03 -0.17550764261997E+02  0.20872006576712E+04 -0.52645697628717E+03 -0.45405436306281E+02  0.11563948867421E+02 -0.86729762420502E+01 -0.69941907615750E+00  0.18455993107713E-01  0.19088918751150E+01 -0.36852316018435E+01 -0.12966385136451E+02 -0.68127925060296E+00 -0.15707999025514E+05  0.10499048056518E+03  0.76267115291678E+02  0.45752420149732E+02  0.52244765527383E+02  0.97631266002707E+02  0.33579230552594E+03  0.39961845224252E+02  0.62882551913506E+02  0.11808012322845E+03  0.00000000000000E+00 -0.87863428519687E+01  0.00000000000000E+00  0.00000000000000E+00  0.87361031578698E+03  0.00000000000000E+00  0.00000000000000E+00  0.00000000000000E+00  0.00000000000000E+00  0.13365602105365E+04  0.00000000000000E+00  0.00000000000000E+00  0.00000000000000E+00  0.00000000000000E+00 -0.16940888766518E+03
  -0.41977482202996E+04  0.20976412652847E+04 -0.14857644046211E+03 -0.12781180062154E+03  0.29295724117642E+03  0.47567624868863E+03  0.12882813064980E+03  0.85168833719953E+04 -0.21599477025441E+04 -0.20682821507247E+03  0.46797054247470E+02 -0.41929726576802E+02 -0.28869724123142E+01  0.51592623622196E-01 -0.11842311016915E+02 -0.74162697497260E+01 -0.35923515237908E+02 -0.19825800658570E+01 -0.17241798025143E+05 -0.42371959416666E+02  0.53688329022101E+02  0.43133188949817E+02  0.73321269652925E+02  0.18753085090608E+03  0.35047854943750E+03  0.62882551913506E+02  0.13506580179682E+03  0.11340562903753E+03  0.00000000000000E+00 -0.28933621640600E+02  0.00000000000000E+00  0.00000000000000E+00 -0.18285152550342E+04  0.00000000000000E+00  0.00000000000000E+00  0.00000000000000E+00  0.00000000000000E+00  0.15695735868679E+04  0.00000000000000E+00  0.00000000000000E+00  0.00000000000000E+00  0.00000000000000E+00 -0.76115235307656E+03
  -0.37480210243985E+05  0.99164240755577E+04 -0.11813825715989E+04 -0.10465000093352E+05  0.22332483653316E+04 -0.36536065358171E+03 -0.10838456504365E+04 -0.71850342476872E+04  0.11820262531076E+04  0.39196406440298E+03 -0.44933641266281E+02 -0.16905414056324E+01  0.79305305632462E-01 -0.34548045515343E-01  0.16675913304450E+03 -0.35244348491376E+02  0.13458217607585E+03  0.10678323532999E+03 -0.71930765761253E+05  0.11418960572913E+04  0.50743384838684E+03  0.24142587439790E+03  0.12080532488653E+03  0.77293280740430E+02  0.19666317939563E+04  0.11808012322845E+03  0.11340562903753E+03  0.83991057307056E+03  0.00000000000000E+00  0.46240399132020E+02  0.00000000000000E+00  0.00000000000000E+00  0.19008062567241E+05  0.00000000000000E+00  0.00000000000000E+00  0.00000000000000E+00  0.00000000000000E+00  0.54899573201133E+04  0.00000000000000E+00  0.00000000000000E+00  0.00000000000000E+00  0.00000000000000E+00  0.55025425145864E+03
  -0.13502887320903E+06  0.16854414869027E+05 -0.40639451101851E+04 -0.13240068217121E+05  0.20105062472016E+04 -0.20121045425108E+04 -0.19490726030404E+04 -0.64433848775374E+05  0.11449051311905E+05  0.26833667658189E+04 -0.40225903413777E+03 -0.98011034428747E+03 -0.13701781544288E+03  0.68690025967790E-01 -0.28747921503264E+04  0.55688935620577E+03 -0.26893576538452E+04 -0.19242386159818E+04 -0.22360768069233E+05  0.00000000000000E+00  0.00000000000000E+00  0.00000000000000E+00 -0.48192164230398E+02 -0.16336457970688E+03  0.25333025350442E+03  0.00000000000000E+00  0.00000000000000E+00  0.00000000000000E+00  0.11705274420182E+06  0.00000000000000E+00  0.00000000000000E+00  0.00000000000000E+00  0.00000000000000E+00  0.00000000000000E+00  0.00000000000000E+00  0.00000000000000E+00  0.00000000000000E+00  0.00000000000000E+00  0.00000000000000E+00  0.00000000000000E+00  0.00000000000000E+00  0.00000000000000E+00  0.00000000000000E+00
  -0.57110666171814E+05  0.83285030684335E+04 -0.17165251524823E+04 -0.21964275745441E+05  0.34095170468148E+04 -0.31192490755090E+04 -0.30850732089807E+04 -0.51484155517334E+05  0.10812791606551E+05  0.18390554322044E+04 -0.30345649507786E+03 -0.27825374837928E-02  0.34217627656718E-02 -0.24521106508920E-04 -0.18744205036209E+04  0.34787504570896E+03 -0.17342599161112E+04 -0.12065210856643E+04 -0.50189230941020E+05  0.26046187070606E+04  0.67662060501482E+03  0.19809511464443E+03 -0.17093393274361E+02 -0.64796029840046E+02  0.82357156885541E+02 -0.87863428519687E+01 -0.28933621640600E+02  0.46240399132020E+02  0.00000000000000E+00  0.64866119898279E+05  0.00000000000000E+00  0.00000000000000E+00  0.00000000000000E+00  0.00000000000000E+00  0.00000000000000E+00  0.00000000000000E+00  0.00000000000000E+00  0.00000000000000E+00  0.00000000000000E+00  0.00000000000000E+00  0.00000000000000E+00  0.00000000000000E+00  0.00000000000000E+00
  -0.56957251058076E+04 -0.16615863102833E+03  0.14960764731836E+01 -0.21018568715439E+03 -0.48767760451860E+02  0.59717764263812E+02  0.89667768057934E+02 -0.74975792744554E+05  0.25648346909844E+05  0.74669918538153E+03 -0.31636306102635E+03 -0.71143642660114E+03 -0.26526416969404E+02 -0.59956538473310E+01 -0.24979360802051E+04  0.29406292828622E+03 -0.25605328484576E+04 -0.12935540953923E+04  0.67587221389709E+03  0.00000000000000E+00  0.00000000000000E+00  0.00000000000000E+00  0.41517846688615E+01 -0.24504144755821E+02 -0.55776226437904E+01  0.00000000000000E+00  0.00000000000000E+00  0.00000000000000E+00  0.00000000000000E+00  0.00000000000000E+00  0.30752765764755E+05  0.00000000000000E+00  0.00000000000000E+00  0.00000000000000E+00  0.00000000000000E+00  0.00000000000000E+00  0.00000000000000E+00  0.00000000000000E+00  0.00000000000000E+00  0.00000000000000E+00  0.00000000000000E+00  0.00000000000000E+00  0.00000000000000E+00
  -0.88871111156185E+06  0.21172608378998E+06 -0.27265009045115E+05 -0.67570317464693E+05  0.12143938005824E+05 -0.63957496010872E+04 -0.80634334369049E+04 -0.30500512899269E+06  0.67724289449490E+05  0.10690817148426E+05 -0.17587633177911E+04 -0.45723684534600E+04 -0.50454727317326E+03 -0.75113602731521E+00  0.19610311627882E+04 -0.14504854712551E+03  0.21897340506938E+04  0.10129640946623E+04 -0.37331696329917E+06  0.00000000000000E+00  0.00000000000000E+00  0.00000000000000E+00  0.46020342871151E+03 -0.65270873521321E+04  0.39332198713266E+05  0.00000000000000E+00  0.00000000000000E+00  0.00000000000000E+00  0.00000000000000E+00  0.00000000000000E+00  0.00000000000000E+00  0.58405988569859E+06  0.00000000000000E+00  0.00000000000000E+00  0.00000000000000E+00  0.00000000000000E+00  0.00000000000000E+00  0.00000000000000E+00  0.00000000000000E+00  0.00000000000000E+00  0.00000000000000E+00  0.00000000000000E+00  0.00000000000000E+00
  -0.11429851635951E+07  0.26591644916021E+06 -0.35259770134997E+05 -0.35141399781513E+06  0.64563506022375E+05 -0.30564440188916E+05 -0.41947356305754E+05 -0.58902340558327E+06  0.12654034396467E+06  0.21886450176927E+05 -0.34342896393247E+04  0.34148352347444E+01  0.14238511444097E+01 -0.14383725930528E-02  0.44101934551306E+04 -0.50707168437253E+03  0.47068175628166E+04  0.25975639865960E+04 -0.18429539706926E+07  0.41053109131117E+05  0.15478687799845E+05  0.67528056926721E+04  0.33015075154031E+03 -0.62323991645384E+04  0.41912879356521E+05  0.87361031578698E+03 -0.18285152550342E+04  0.19008062567241E+05  0.00000000000000E+00  0.00000000000000E+00  0.00000000000000E+00  0.00000000000000E+00  0.91898370813866E+06  0.00000000000000E+00  0.00000000000000E+00  0.00000000000000E+00  0.00000000000000E+00  0.00000000000000E+00  0.00000000000000E+00  0.00000000000000E+00  0.00000000000000E+00  0.00000000000000E+00  0.00000000000000E+00
  -0.21176778217886E+05  0.57049237777961E+04 -0.67003898666009E+03 -0.13339495221766E+04  0.32388675086023E+03  0.19616377676516E+02 -0.12569232835344E+03 -0.75698644979549E+05  0.22764425470112E+05  0.14412690268783E+04 -0.37155803453302E+03 -0.21744169007401E+04 -0.13053342738684E+03 -0.30404473591498E+01 -0.14581489729424E+04  0.15640107597899E+03 -0.12395268952759E+04 -0.63349124076517E+03 -0.11056024347221E+05  0.00000000000000E+00  0.00000000000000E+00  0.00000000000000E+00  0.00000000000000E+00  0.00000000000000E+00  0.00000000000000E+00  0.00000000000000E+00  0.00000000000000E+00  0.00000000000000E+00  0.00000000000000E+00  0.00000000000000E+00  0.00000000000000E+00  0.00000000000000E+00  0.00000000000000E+00  0.13899704242461E+05  0.00000000000000E+00  0.00000000000000E+00  0.00000000000000E+00  0.00000000000000E+00  0.00000000000000E+00  0.00000000000000E+00  0.00000000000000E+00  0.00000000000000E+00  0.00000000000000E+00
  -0.48004649509476E+05  0.13109441454845E+05 -0.15236862163071E+04 -0.24530775330455E+04  0.57715048539254E+03  0.54967025221263E+01 -0.22769342852174E+03 -0.17045223410823E+06  0.51376729686693E+05  0.31874300424330E+04 -0.83628885876551E+03 -0.48984970226293E+02 -0.12202849399733E+02 -0.13138843143332E-04 -0.29027676741460E+04  0.30940439852292E+03 -0.24756827160476E+04 -0.12648703121899E+04 -0.20509960312247E+05  0.00000000000000E+00  0.00000000000000E+00  0.00000000000000E+00  0.00000000000000E+00  0.00000000000000E+00  0.00000000000000E+00  0.00000000000000E+00  0.00000000000000E+00  0.00000000000000E+00  0.00000000000000E+00  0.00000000000000E+00  0.00000000000000E+00  0.00000000000000E+00  0.00000000000000E+00  0.00000000000000E+00  0.30642258823623E+05  0.00000000000000E+00  0.00000000000000E+00  0.00000000000000E+00  0.00000000000000E+00  0.00000000000000E+00  0.00000000000000E+00  0.00000000000000E+00  0.00000000000000E+00
  -0.32915139294633E+04  0.42492104554772E+03 -0.88760918531935E+02 -0.70202886424197E+02  0.88007660116504E+01 -0.14058313672371E+02 -0.10277982565088E+02 -0.15008965080814E+04  0.20440716278376E+03  0.44031764051990E+02 -0.98785383204449E+01 -0.75178207099070E+02 -0.57590852418087E+01 -0.13676194775526E+00 -0.74287241406357E+03  0.85224135013188E+02 -0.62832381323691E+03 -0.34909972443163E+03 -0.13302720857617E+03  0.00000000000000E+00  0.00000000000000E+00  0.00000000000000E+00  0.00000000000000E+00  0.00000000000000E+00  0.00000000000000E+00  0.00000000000000E+00  0.00000000000000E+00  0.00000000000000E+00  0.00000000000000E+00  0.00000000000000E+00  0.00000000000000E+00  0.00000000000000E+00  0.00000000000000E+00  0.00000000000000E+00  0.00000000000000E+00  0.37983443210183E+04  0.00000000000000E+00  0.00000000000000E+00  0.00000000000000E+00  0.00000000000000E+00  0.00000000000000E+00  0.00000000000000E+00  0.00000000000000E+00
  -0.20857608267271E+06  0.64061252356138E+05 -0.66390131629981E+04 -0.11662937985272E+05  0.29942382411567E+04  0.34213580478761E+03 -0.86885973186087E+03 -0.49868810000073E+04  0.54659787746583E+03  0.45754702220477E+03 -0.32719939967251E+02 -0.85632891192058E-01 -0.59771117793163E-01  0.21185263518475E-12  0.28726266394752E+03 -0.82129098019045E+02  0.74438160180884E+02  0.11630262333804E+03 -0.12117958714133E+06  0.00000000000000E+00  0.00000000000000E+00  0.00000000000000E+00  0.20660784747670E+04  0.31539672768553E+04  0.17000620984702E+05  0.00000000000000E+00  0.00000000000000E+00  0.00000000000000E+00  0.00000000000000E+00  0.00000000000000E+00  0.00000000000000E+00  0.00000000000000E+00  0.00000000000000E+00  0.00000000000000E+00  0.00000000000000E+00  0.00000000000000E+00  0.10630011457050E+06  0.00000000000000E+00  0.00000000000000E+00  0.00000000000000E+00  0.00000000000000E+00  0.00000000000000E+00  0.00000000000000E+00
