# fitpack15: fit parameters                                                                         
# CJ15 AV18 final data choices                                                                      
# Created on 01/06/2020 at 11:30:17                                                                 

 # QCD setup
  INS                           0
  NVL                          11
  IORD                          1
  Q02                   1.6899999999999999     
  IPARAMC                       7
  FLAVOR                4.0000000000000000     
  xmc                   1.3000000000000000     
  xmb                   4.5000000000000000     
  ncb                          12
  ihq                           1
  ias                           0

 # Theory corrections
  inuke                     10814
  itmc                          0
  iht                           1

 # fit parameters
 LAMBDA       0.22680        0.0000    
 a0uv          1.9042        0.0000    
 a1uv         0.55764       0.21506E-01
 a2uv          3.4753       0.12252E-01
 a3uv          0.0000        0.0000    
 a4uv          4.3113       0.56402    
 a5uv          0.0000        0.0000    
 a0dv          28.899        0.0000    
 a1dv          1.1785       0.28946E-01
 a2dv          6.7673       0.15101    
 a3dv         -3.6831       0.72594E-01
 a4dv          4.8771       0.12781    
 a5dv          0.0000        0.0000    
 a0ud         0.14106       0.48853E-02
 a1ud        -0.21130       0.37708E-02
 a2ud          8.3071       0.19210    
 a3ud          0.0000        0.0000    
 a4ud          14.490        1.1972    
 a5ud          0.0000        0.0000    
 a0du          35712.        0.0000    
 a1du          4.1743       0.79953E-01
 a2du          18.646       0.84912    
 a3du          17.000        0.0000    
 a4du          56.315        8.4022    
 a0g           60.431        0.0000    
 a1g          0.65191       0.34275E-01
 a2g           7.5089       0.74258    
 a3g          -3.8044       0.15493    
 a4g           4.3685       0.40526    
 a5g           0.0000        0.0000    
 kappa        0.40000        0.0000    
 a6dv        -0.39542E-02   0.58935E-03
 a7dv          2.0000        0.0000    
 off1          0.0000        0.0000    
 off2          0.0000        0.0000    
 off3          0.0000        0.0000    
 ht1          -29.253        1.4985    
 ht2           4.3631       0.10915    
 ht3          -1.8902       0.15519E-01
 ht4           0.0000        0.0000    
 ht1n         -16.587        2.1349    
 ht2n          2.8652       0.18233    
 ht3n         -2.0691       0.32327E-01
 ht4n          0.0000        0.0000    
 dummy45       0.0000        0.0000    
 dummy46       0.0000        0.0000    
 dummy47       0.0000        0.0000    
 dummy48       0.0000        0.0000    
 dummy49       0.0000        0.0000    
 bcdmsh2      0.95658       0.46542E-02
 bcdmsd2      0.97906       0.55330E-02
 ccfr          1.0000        0.0000    
 nutev         1.0000        0.0000    
 zeus         0.97998        0.0000    
 h1            1.0162        0.0000    
 e605          1.0319        0.0000    
 NmcH2        0.99476       0.69955E-02
 ntv_nu        1.0000        0.0000    
 ntv_nubar     1.0000        0.0000    
 cdf_jet      0.98910        0.0000    
 d0_jet       0.83504        0.0000    
 slac_p       0.99959       0.50581E-02
 slac_d       0.98882       0.50354E-02
 e866pp       0.95746       0.19468E-01
 e866pd       0.94470       0.15260E-01
 d0_gamjet     1.0366       0.16420E-01
 h1b          0.97608        0.0000    
 jlab_p       0.99064       0.63474E-02
 jlab_d       0.96615       0.59357E-02
 blank         1.0000        0.0000    
 d0run2       0.97876       0.14220E-01
 cdfrun2      0.96185       0.17466E-01
 HERA_el       1.0000        0.0000    
 HERA_ps       1.0000        0.0000    
 CDF_Z        0.94123       0.58500E-02
 NmcRat        1.0000        0.0000    
 BNS_F2nd     0.94580       0.94564E-02
 HERMES_F2p   0.98876       0.56557E-02
 HERMES_F2d   0.96503       0.56545E-02
 END 0. 0.

 # Hessian matrix (Bevington alpha)
   0.57224622794746E+07 -0.15621681328236E+07  0.22477322201982E+06  0.53048414144629E+06 -0.12850176164668E+06 -0.55042678446722E+05  0.45311236283323E+05  0.95777013198543E+06 -0.18000401237400E+06 -0.48155644397677E+05  0.75000766444192E+04  0.16711566855959E+05  0.19993556410439E+04 -0.10152252747643E+03  0.10064237519999E+05 -0.22935196714708E+04  0.54010507891431E+04  0.48549178001409E+04 -0.11120893110813E+08 -0.42754116905169E+04 -0.31107160404439E+05 -0.48493921157317E+06 -0.18642746271874E+04 -0.65161512341578E+04 -0.11584939528186E+06 -0.13705099763709E+06 -0.57894111003649E+05 -0.56414878841262E+04 -0.91348290509981E+06 -0.12131819327142E+07 -0.21949042342490E+05 -0.49667492882036E+05 -0.32375275403378E+04 -0.21793428548815E+06 -0.25322266127510E+06 -0.87074420993796E+04 -0.30337731309237E+04 -0.20524971500304E+05  0.19068580098458E+05 -0.78518305994790E+05 -0.62295506559304E+05
  -0.15621681328236E+07  0.52367263290243E+06 -0.62818943035976E+05 -0.15429670817186E+06  0.35845430081743E+05  0.18627484635466E+05 -0.88176617948392E+04 -0.12316171982216E+06  0.26769725461070E+05  0.71657637813942E+04 -0.90507815859901E+03 -0.13235497039757E+04 -0.16733705328786E+03  0.12123637985888E+02  0.10684671282591E+04 -0.13133879447223E+03  0.31547199248388E+03  0.18616755703788E+03  0.39674728692055E+07  0.20035530708382E+04  0.17782248424177E+05  0.17265120688939E+06  0.84369889584220E+03  0.46725186894507E+04  0.35811238048727E+05  0.17216734329383E+05  0.85099195725255E+04 -0.20039217674203E+03  0.23306326380162E+06  0.30375803861977E+06  0.60173720580486E+04  0.13783233299718E+05  0.42081024985288E+03  0.75184660756182E+05  0.86957034402384E+05  0.23261040309461E+04  0.72671275543887E+03 -0.21403527608559E+04 -0.28487359888929E+04  0.94635152253126E+04  0.80482624431330E+04
   0.22477322201982E+06 -0.62818943035976E+05  0.88981029539234E+04  0.20701556735748E+05 -0.51183876892801E+04 -0.24743902698133E+04  0.16719067127184E+04  0.27851011466766E+05 -0.51552079109884E+04 -0.16520005649513E+04  0.22188452818715E+03  0.47853952201641E+03  0.64495670908837E+02 -0.39652132289148E+01 -0.34577530905896E+03  0.39943346855213E+00 -0.26577981065200E+03 -0.78737172567501E+02 -0.44943692161936E+06 -0.17541319320003E+03 -0.13226069377701E+04 -0.19574417814871E+05 -0.77882072758540E+02 -0.31143494738797E+03 -0.46394737315791E+04 -0.50130575199705E+04 -0.21254641262677E+04  0.21162824546329E+02 -0.35011609748319E+05 -0.46801051365144E+05 -0.87433755773484E+03 -0.19860125254741E+04 -0.10483463716919E+03 -0.88321353679970E+04 -0.10254705377648E+05 -0.34237209007643E+03 -0.11803007085584E+03 -0.99434385640390E+02  0.71478199628476E+03 -0.24273466665579E+04 -0.19748959008296E+04
   0.53048414144629E+06 -0.15429670817186E+06  0.20701556735748E+05  0.40830281822504E+06 -0.62169013713706E+05  0.79431887151248E+05  0.67686482055679E+05  0.34281888732874E+06 -0.23438119922928E+05 -0.17445571427495E+05  0.32350902905400E+04 -0.16799241735250E+04 -0.16285479725435E+03  0.52442264550099E+02  0.33152985528613E+05 -0.42300349898723E+04  0.21327327586420E+05  0.12138953419834E+05 -0.29128738130897E+07 -0.30235258455254E+03 -0.77116386010094E+03 -0.56628076007409E+05 -0.13565623191010E+03  0.21936936158833E+04 -0.31706326526604E+05 -0.13075605021743E+05 -0.21720152103313E+05 -0.42472793137375E+02 -0.66544921182716E+05 -0.35160089617735E+06 -0.13671936445667E+04 -0.25027969641518E+04 -0.58195720935462E+02 -0.10642063822880E+05 -0.51321658423631E+05 -0.22835396423120E+04 -0.87869169700820E+03 -0.10449751300933E+05 -0.18181706387330E+05 -0.74078785852951E+04 -0.22117133808610E+05
  -0.12850176164668E+06  0.35845430081743E+05 -0.51183876892801E+04 -0.62169013713706E+05  0.11093021424108E+05 -0.74660878164345E+04 -0.92603289300052E+04 -0.31007244296506E+05  0.19434808387712E+03  0.22202753970521E+04 -0.31941415490632E+03  0.17556088063390E+02  0.64337057029405E+01 -0.46300979394123E+01 -0.27042920576896E+04  0.34873809086699E+03 -0.16773615451682E+04 -0.96799815246477E+03  0.58948278960629E+06  0.66812847462696E+02  0.35596827426845E+03  0.12080842165349E+05  0.52294083549719E+02 -0.18870057719508E+02  0.65824577300181E+04  0.20219924741949E+04  0.33972283878224E+04 -0.63750804732921E+02  0.11414431420185E+05  0.62807335357583E+05  0.31119820874785E+03  0.55002959451690E+03  0.70658299809518E+01  0.24555443450490E+04  0.11730422381541E+05  0.41763077057007E+03  0.15446360640151E+03  0.44214486652341E+03  0.30559644380373E+04  0.82424793969218E+03  0.25824811172695E+04
  -0.55042678446722E+05  0.18627484635466E+05 -0.24743902698133E+04  0.79431887151248E+05 -0.74660878164345E+04  0.30869227762525E+05  0.17587683084352E+05  0.11659630694137E+06 -0.10097939220969E+05 -0.47695907680892E+04  0.10762902906927E+04 -0.89806178055565E+03 -0.80023964202928E+02  0.19852515488766E+02  0.11480275946397E+05 -0.15123132911975E+04  0.72714883403499E+04  0.42341968170989E+04  0.20843179658568E+05  0.81468484924455E+02  0.12953838314685E+04  0.33748309705877E+04  0.12012977096442E+03  0.17636859301237E+04 -0.17236135637883E+03 -0.30081367611804E+04 -0.45870275941660E+04  0.19640806759722E+03 -0.83000855156605E+04 -0.38018337541594E+05  0.48236012306934E+02  0.51098596758011E+02 -0.18064163599944E+02  0.91751133864968E+03  0.41011294710714E+04 -0.21403620108240E+03 -0.11600906969896E+03 -0.37033306006828E+04 -0.33616961168509E+04 -0.20758614545553E+04 -0.59140018828005E+04
   0.45311236283323E+05 -0.88176617948392E+04  0.16719067127184E+04  0.67686482055679E+05 -0.92603289300052E+04  0.17587683084352E+05  0.13020986795582E+05  0.62739546911950E+05 -0.30586518131447E+04 -0.33283087875219E+04  0.61218646692355E+03 -0.32229242410604E+03 -0.32378293788620E+02  0.10248488079331E+02  0.57640528169939E+04 -0.76944747362352E+03  0.35054936860927E+04  0.20700916421272E+04 -0.26898109558545E+06  0.18112195769431E+02  0.63407197774552E+03 -0.38414222499540E+04  0.46153974359806E+02  0.10101483349146E+04 -0.33754168358430E+04 -0.26786991550798E+04 -0.41839288570438E+04  0.16812823456288E+03 -0.99154987632655E+04 -0.51445611193858E+05 -0.14430812916270E+03 -0.25659278286222E+03 -0.12043338101146E+02 -0.58255106173084E+03 -0.30182323289466E+04 -0.33085207190846E+03 -0.14125745294262E+03 -0.16006188946435E+04 -0.35501890812371E+04 -0.12583181127493E+04 -0.37338437522083E+04
   0.95777013198543E+06 -0.12316171982216E+06  0.27851011466766E+05  0.34281888732874E+06 -0.31007244296506E+05  0.11659630694137E+06  0.62739546911950E+05  0.51551311941343E+07 -0.23478803746864E+07 -0.82768652712185E+05  0.25558448541138E+05  0.24420248080083E+05  0.17678662382995E+04  0.87219588090439E+02  0.84893323751000E+05 -0.11248800599847E+05  0.66450881238150E+05  0.36242371975582E+05 -0.66262509470894E+06  0.22136240174055E+03  0.79522330907989E+04 -0.19922581965395E+05  0.54680060470619E+03  0.12441404194042E+05 -0.14444190394734E+05 -0.60536484710963E+05 -0.49438617048105E+05 -0.69893370719449E+05 -0.27744013903094E+06 -0.55406478096279E+06 -0.74808881383495E+05 -0.16869380198176E+06 -0.12498542245523E+04 -0.37599434007664E+04 -0.80858909219990E+04  0.95492719616350E+03  0.60869934477379E+03 -0.27490170810536E+06 -0.89521878353200E+04 -0.14072749581385E+06 -0.17558821584101E+06
  -0.18000401237400E+06  0.26769725461070E+05 -0.51552079109884E+04 -0.23438119922928E+05  0.19434808387712E+03 -0.10097939220969E+05 -0.30586518131447E+04 -0.23478803746864E+07  0.19057116961591E+07  0.17913540841279E+05 -0.62537645562101E+04 -0.49254430744446E+04 -0.28206365971813E+03 -0.11540229659575E+02  0.50569546261432E+05 -0.28441143310352E+04  0.15417352479179E+05  0.73978641269596E+04 -0.30896040334069E+05 -0.41075729205147E+02 -0.14462716927575E+04  0.25646133017373E+04 -0.11815665229552E+03 -0.27555425420229E+04  0.21754316951401E+04  0.10801552877141E+05  0.10481299052935E+05  0.24363590472876E+05  0.62749226577994E+05  0.12125264847564E+06  0.23132951919256E+05  0.52056432709669E+05  0.13925458269511E+03  0.37484191055819E+03  0.84005009722261E+03 -0.14325024505815E+04 -0.78617053990128E+03  0.11283005631276E+06  0.15664751310840E+04  0.43778273327395E+05  0.54057024086760E+05
  -0.48155644397677E+05  0.71657637813942E+04 -0.16520005649513E+04 -0.17445571427495E+05  0.22202753970521E+04 -0.47695907680892E+04 -0.33283087875219E+04 -0.82768652712185E+05  0.17913540841279E+05  0.24365544118133E+04 -0.59898731425327E+03 -0.63098489023456E+03 -0.60834790119615E+02 -0.15646412995036E+01 -0.40838485013517E+04  0.52456379294304E+03 -0.25987110762052E+04 -0.15014258637400E+04  0.64864344620374E+05 -0.86198647917653E+01 -0.35515144286042E+03  0.15778864421406E+04 -0.18658545863015E+02 -0.43262159940232E+03  0.94641304850121E+03  0.26609531889064E+04  0.18674034140846E+04  0.72180922400220E+03  0.10297501179355E+05  0.21777179627393E+05  0.14872859612337E+04  0.33218369539844E+04  0.39732564759104E+02  0.39084081511104E+03  0.80198755034881E+03  0.10697355957425E+03  0.47020335757142E+02  0.31211784910990E+04  0.45929779876450E+03  0.27421570864525E+04  0.35144101768109E+04
   0.75000766444192E+04 -0.90507815859901E+03  0.22188452818715E+03  0.32350902905400E+04 -0.31941415490632E+03  0.10762902906927E+04  0.61218646692355E+03  0.25558448541138E+05 -0.62537645562101E+04 -0.59898731425327E+03  0.17179802786053E+03  0.18261838574186E+03  0.14413593173320E+02  0.60585879819438E+00  0.12956449680092E+04 -0.15165042481733E+03  0.84051982888699E+03  0.46237267123751E+03 -0.72903135421303E+04  0.17158596461725E+01  0.61753127422895E+02 -0.16382708344417E+03  0.40108033381507E+01  0.90096079883644E+02 -0.11587862735931E+03 -0.47365413692720E+03 -0.36233264204207E+03 -0.34346804749348E+03 -0.19792048297358E+04 -0.40038112589571E+04 -0.43981169534617E+03 -0.99509249843418E+03 -0.10416814581981E+02 -0.31730889191017E+02 -0.68041899191898E+02 -0.96239756004009E+01 -0.44264422647449E+01 -0.11728556870660E+04 -0.69746307185070E+02 -0.82927546549196E+03 -0.10432849358125E+04
   0.16711566855959E+05 -0.13235497039757E+04  0.47853952201641E+03 -0.16799241735250E+04  0.17556088063390E+02 -0.89806178055565E+03 -0.32229242410604E+03  0.24420248080083E+05 -0.49254430744446E+04 -0.63098489023456E+03  0.18261838574186E+03  0.14849977077660E+04  0.10677695068933E+03 -0.14458657060773E+01  0.13684667723099E+04 -0.20533825906959E+03  0.10047855309844E+04  0.61873913615848E+03 -0.60150625239979E+04  0.12500667658791E+01  0.52615573902874E+02 -0.23271839274268E+02 -0.18479309900213E+01 -0.50606457841399E+02  0.53235303927940E+01 -0.12614800415903E+04 -0.48556625582636E+00 -0.61607987969117E+03 -0.51401696461698E+04 -0.11382493535922E+03 -0.22211924966603E+04 -0.95239877977859E+02 -0.76057709492625E+02 -0.15452741910837E+00 -0.26744917581759E-02 -0.16339366117262E+01 -0.68850923023962E+00  0.29779801632966E+03  0.33073693205894E+03 -0.26127347149631E+04 -0.19887548632539E+02
   0.19993556410439E+04 -0.16733705328786E+03  0.64495670908837E+02 -0.16285479725435E+03  0.64337057029405E+01 -0.80023964202928E+02 -0.32378293788620E+02  0.17678662382995E+04 -0.28206365971813E+03 -0.60834790119615E+02  0.14413593173320E+02  0.10677695068933E+03  0.10535676628213E+02 -0.17109179870223E+00  0.86788511337477E+02 -0.15313080399315E+02  0.56503021483397E+02  0.39818316368552E+02 -0.29847004463857E+03  0.31734897975279E+00  0.11877958034219E+02 -0.80264165615680E+01 -0.39628995814367E+00 -0.85285813153160E+01  0.38021013224661E+01 -0.19593365121989E+03 -0.86516109236112E-01 -0.25893107260157E+02 -0.65009970458800E+03 -0.18277491242061E+02 -0.14914584565809E+03 -0.26499721056525E+02 -0.66759121898720E+01 -0.12540036812012E+00  0.24630980967747E-02 -0.18896974541921E+00 -0.72018315664172E-01  0.31375710450925E+02  0.79004808854513E+02 -0.20231514849198E+03 -0.21293989821949E+01
  -0.10152252747643E+03  0.12123637985888E+02 -0.39652132289148E+01  0.52442264550099E+02 -0.46300979394123E+01  0.19852515488766E+02  0.10248488079331E+02  0.87219588090439E+02 -0.11540229659575E+02 -0.15646412995036E+01  0.60585879819438E+00 -0.14458657060773E+01 -0.17109179870223E+00  0.41408133621382E-01  0.13094371586182E+02 -0.10694401484889E+01  0.76092420488443E+01  0.35348194730780E+01 -0.88693985830282E+02 -0.10174109568030E-03 -0.23305342835599E-01  0.38508652954783E-01  0.38130159099580E-02  0.11812817947710E+00 -0.51862391618123E-01  0.63452766011384E-01 -0.38327953741441E-04 -0.53059620012448E+01 -0.54682491100848E+00 -0.36624170181499E-02 -0.27269488104876E+01 -0.62288007805772E-05 -0.11607771400881E+00  0.28092987796614E-13 -0.17275527458340E-11 -0.12888040396061E-02 -0.71259277603945E-03 -0.15541185747163E+01  0.92682003279643E-05 -0.25111439433879E+01 -0.53551937688532E-02
   0.10064237519999E+05  0.10684671282591E+04 -0.34577530905896E+03  0.33152985528613E+05 -0.27042920576896E+04  0.11480275946397E+05  0.57640528169939E+04  0.84893323751000E+05  0.50569546261432E+05 -0.40838485013517E+04  0.12956449680092E+04  0.13684667723099E+04  0.86788511337477E+02  0.13094371586182E+02  0.53662298680984E+05 -0.54171168064408E+04  0.31647220119587E+05  0.16588453845469E+05 -0.64700019969340E+05 -0.43650506794217E+01 -0.15920699342939E+03  0.70859978451688E+03 -0.62881862597266E+01 -0.12759834972710E+03  0.43964134659539E+03 -0.32143773933688E+04 -0.20681422385157E+04 -0.26317405368817E+04  0.21026136359201E+04  0.46773261527278E+04 -0.15786057825826E+04 -0.31545128335508E+04 -0.76834218525362E+03  0.17699135488032E+03  0.34773835705338E+03 -0.30144040753052E+04 -0.15977182728018E+04 -0.18716254519848E+04  0.26069441482705E+03 -0.11382086567144E+04 -0.13025797696184E+04
  -0.22935196714708E+04 -0.13133879447223E+03  0.39943346855213E+00 -0.42300349898723E+04  0.34873809086699E+03 -0.15123132911975E+04 -0.76944747362352E+03 -0.11248800599847E+05 -0.28441143310352E+04  0.52456379294304E+03 -0.15165042481733E+03 -0.20533825906959E+03 -0.15313080399315E+02 -0.10694401484889E+01 -0.54171168064408E+04  0.62704112180656E+03 -0.34221536661347E+04 -0.18835713356564E+04  0.76980695571079E+04  0.51955167807262E+00  0.22919519028468E+02 -0.17515232750206E+03  0.56299182874037E+00  0.12503698989215E+02 -0.98404683080694E+02  0.60454809316400E+03  0.37431368549306E+03  0.31805936052213E+03 -0.19244625533511E+03 -0.59532214421854E+03  0.16993561174657E+03  0.33960201377391E+03  0.90357338662764E+02 -0.50604476805920E+02 -0.97481946983274E+02  0.47578183189572E+03  0.23619654401964E+03 -0.39862798277838E+03 -0.50541530462500E+02  0.29550433306503E+03  0.33573947149173E+03
   0.54010507891431E+04  0.31547199248388E+03 -0.26577981065200E+03  0.21327327586420E+05 -0.16773615451682E+04  0.72714883403499E+04  0.35054936860927E+04  0.66450881238150E+05  0.15417352479179E+05 -0.25987110762052E+04  0.84051982888699E+03  0.10047855309844E+04  0.56503021483397E+02  0.76092420488443E+01  0.31647220119587E+05 -0.34221536661347E+04  0.20160165627481E+05  0.10696800886346E+05 -0.43123117809483E+05 -0.34548097462545E+01 -0.11163960617343E+03  0.48122236415983E+02 -0.65432404881789E+01 -0.12567122057553E+03  0.85270445519769E+02 -0.14358200005325E+04 -0.98614912774468E+03 -0.22972943522188E+04  0.19625110460918E+04  0.33958497962449E+04 -0.11543540096416E+04 -0.23039881637204E+04 -0.48677697816165E+03 -0.19092613200316E+02 -0.30746001596624E+02 -0.15995310464104E+04 -0.91888772629653E+03 -0.77309963636362E+02  0.97076427702682E+02 -0.86044102173807E+03 -0.98208104093481E+03
   0.48549178001409E+04  0.18616755703788E+03 -0.78737172567501E+02  0.12138953419834E+05 -0.96799815246477E+03  0.42341968170989E+04  0.20700916421272E+04  0.36242371975582E+05  0.73978641269596E+04 -0.15014258637400E+04  0.46237267123751E+03  0.61873913615848E+03  0.39818316368552E+02  0.35348194730780E+01  0.16588453845469E+05 -0.18835713356564E+04  0.10696800886346E+05  0.58027995646907E+04 -0.24155872288668E+05 -0.23894373464143E+01 -0.77610375661128E+02  0.15726435974935E+03 -0.38270547219626E+01 -0.70812802067617E+02  0.12385394244558E+03 -0.12152754596015E+04 -0.78167534654577E+03 -0.11608102483574E+04  0.95684841164183E+03  0.19356680127603E+04 -0.58059855596839E+03 -0.11636661739482E+04 -0.27304793471242E+03  0.23428439962389E+02  0.49925663658785E+02 -0.11185407958039E+04 -0.60425164466137E+03  0.73670822198567E+03  0.98032494284070E+02 -0.75629638977620E+03 -0.85750919394081E+03
  -0.11120893110813E+08  0.39674728692055E+07 -0.44943692161936E+06 -0.29128738130897E+07  0.58948278960629E+06  0.20843179658568E+05 -0.26898109558545E+06 -0.66262509470894E+06 -0.30896040334069E+05  0.64864344620374E+05 -0.72903135421303E+04 -0.60150625239979E+04 -0.29847004463857E+03 -0.88693985830282E+02 -0.64700019969340E+05  0.76980695571079E+04 -0.43123117809483E+05 -0.24155872288668E+05  0.56846900348533E+08  0.15411932979936E+05  0.14129080364397E+06  0.13166057779934E+07  0.11523433628969E+05  0.66563319600520E+05  0.49472197433378E+06  0.40297251557405E+05  0.90831382152970E+05 -0.16590027606469E+04  0.73170272893316E+06  0.37610824322510E+07  0.20397878171162E+05  0.37832749068433E+05  0.17202992825198E+03  0.25394912365270E+06  0.11879284372264E+07  0.26884508724987E+05  0.83578014121874E+04 -0.20679329799210E+05  0.75102581074200E+05  0.26067599347744E+05  0.84414404142745E+05
  -0.42754116905169E+04  0.20035530708382E+04 -0.17541319320003E+03 -0.30235258455254E+03  0.66812847462696E+02  0.81468484924455E+02  0.18112195769431E+02  0.22136240174055E+03 -0.41075729205147E+02 -0.86198647917653E+01  0.17158596461725E+01  0.12500667658791E+01  0.31734897975279E+00 -0.10174109568030E-03 -0.43650506794217E+01  0.51955167807262E+00 -0.34548097462545E+01 -0.23894373464143E+01  0.15411932979936E+05  0.14026711417236E+02  0.14366405066345E+03  0.83748123984864E+03  0.44376507041308E+01  0.28622899331175E+02  0.10935981333929E+03 -0.93617861849476E+01 -0.28433617257981E+01  0.33426787900559E+00  0.49426357266501E+03  0.38863234684459E+03  0.00000000000000E+00  0.00000000000000E+00  0.00000000000000E+00  0.47236357666376E+03  0.41009000461221E+03  0.00000000000000E+00  0.00000000000000E+00  0.00000000000000E+00  0.35184253112525E+02 -0.10975718891155E+02 -0.67089133359590E+01
  -0.31107160404439E+05  0.17782248424177E+05 -0.13226069377701E+04 -0.77116386010094E+03  0.35596827426845E+03  0.12953838314685E+04  0.63407197774552E+03  0.79522330907989E+04 -0.14462716927575E+04 -0.35515144286042E+03  0.61753127422895E+02  0.52615573902874E+02  0.11877958034219E+02 -0.23305342835599E-01 -0.15920699342939E+03  0.22919519028468E+02 -0.11163960617343E+03 -0.77610375661128E+02  0.14129080364397E+06  0.14366405066345E+03  0.17061575164573E+04  0.79643433797625E+04  0.48300766213627E+02  0.36805220409097E+03  0.94456106126671E+03 -0.15591666911417E+03 -0.49110035663780E+02  0.15801500591993E+02  0.22460346842857E+03 -0.12646199031731E+04  0.00000000000000E+00  0.00000000000000E+00  0.00000000000000E+00  0.54565996196069E+04  0.45376696546511E+04  0.00000000000000E+00  0.00000000000000E+00  0.00000000000000E+00  0.10177579922597E+04 -0.49888587290241E+03 -0.31156693957350E+03
  -0.48493921157317E+06  0.17265120688939E+06 -0.19574417814871E+05 -0.56628076007409E+05  0.12080842165349E+05  0.33748309705877E+04 -0.38414222499540E+04 -0.19922581965395E+05  0.25646133017373E+04  0.15778864421406E+04 -0.16382708344417E+03 -0.23271839274268E+02 -0.80264165615680E+01  0.38508652954783E-01  0.70859978451688E+03 -0.17515232750206E+03  0.48122236415983E+02  0.15726435974935E+03  0.13166057779934E+07  0.83748123984864E+03  0.79643433797625E+04  0.73559667000517E+05  0.31486793128896E+03  0.19283536911771E+04  0.12638488194921E+05  0.11035379532746E+03  0.42646923305753E+02  0.17232621379171E+02  0.79356531437371E+05  0.82203395977390E+05  0.00000000000000E+00  0.00000000000000E+00  0.00000000000000E+00  0.43412996311706E+05  0.37388740689383E+05  0.00000000000000E+00  0.00000000000000E+00  0.00000000000000E+00 -0.29252986534011E+04  0.20544315327366E+04  0.13685229238140E+04
  -0.18642746271874E+04  0.84369889584220E+03 -0.77882072758540E+02 -0.13565623191010E+03  0.52294083549719E+02  0.12012977096442E+03  0.46153974359806E+02  0.54680060470619E+03 -0.11815665229552E+03 -0.18658545863015E+02  0.40108033381507E+01 -0.18479309900213E+01 -0.39628995814367E+00  0.38130159099580E-02 -0.62881862597266E+01  0.56299182874037E+00 -0.65432404881789E+01 -0.38270547219626E+01  0.11523433628969E+05  0.44376507041308E+01  0.48300766213627E+02  0.31486793128896E+03  0.59105060845581E+01  0.55456732509944E+02  0.10666779068896E+03  0.00000000000000E+00 -0.38606966386716E+01  0.00000000000000E+00  0.00000000000000E+00  0.15131455729293E+03  0.00000000000000E+00  0.00000000000000E+00  0.00000000000000E+00  0.00000000000000E+00  0.47678230116957E+03  0.00000000000000E+00  0.00000000000000E+00  0.00000000000000E+00 -0.13205459387205E+03  0.00000000000000E+00 -0.35848031897726E+02
  -0.65161512341578E+04  0.46725186894507E+04 -0.31143494738797E+03  0.21936936158833E+04 -0.18870057719508E+02  0.17636859301237E+04  0.10101483349146E+04  0.12441404194042E+05 -0.27555425420229E+04 -0.43262159940232E+03  0.90096079883644E+02 -0.50606457841399E+02 -0.85285813153160E+01  0.11812817947710E+00 -0.12759834972710E+03  0.12503698989215E+02 -0.12567122057553E+03 -0.70812802067617E+02  0.66563319600520E+05  0.28622899331175E+02  0.36805220409097E+03  0.19283536911771E+04  0.55456732509944E+02  0.68809707011980E+03  0.38765240518907E+03  0.00000000000000E+00 -0.62813097433650E+02  0.00000000000000E+00  0.00000000000000E+00 -0.59746345579518E+04  0.00000000000000E+00  0.00000000000000E+00  0.00000000000000E+00  0.00000000000000E+00  0.33032275267588E+04  0.00000000000000E+00  0.00000000000000E+00  0.00000000000000E+00 -0.22749827657649E+04  0.00000000000000E+00 -0.95064265981691E+03
  -0.11584939528186E+06  0.35811238048727E+05 -0.46394737315791E+04 -0.31706326526604E+05  0.65824577300181E+04 -0.17236135637883E+03 -0.33754168358430E+04 -0.14444190394734E+05  0.21754316951401E+04  0.94641304850121E+03 -0.11587862735931E+03  0.53235303927940E+01  0.38021013224661E+01 -0.51862391618123E-01  0.43964134659539E+03 -0.98404683080694E+02  0.85270445519769E+02  0.12385394244558E+03  0.49472197433378E+06  0.10935981333929E+03  0.94456106126671E+03  0.12638488194921E+05  0.10666779068896E+03  0.38765240518907E+03  0.84397001380045E+04  0.00000000000000E+00  0.99215307536718E+02  0.00000000000000E+00  0.00000000000000E+00  0.53361159023565E+05  0.00000000000000E+00  0.00000000000000E+00  0.00000000000000E+00  0.00000000000000E+00  0.17592843304825E+05  0.00000000000000E+00  0.00000000000000E+00  0.00000000000000E+00  0.54516925919705E+04  0.00000000000000E+00  0.12472941502489E+04
  -0.13705099763709E+06  0.17216734329383E+05 -0.50130575199705E+04 -0.13075605021743E+05  0.20219924741949E+04 -0.30081367611804E+04 -0.26786991550798E+04 -0.60536484710963E+05  0.10801552877141E+05  0.26609531889064E+04 -0.47365413692720E+03 -0.12614800415903E+04 -0.19593365121989E+03  0.63452766011384E-01 -0.32143773933688E+04  0.60454809316400E+03 -0.14358200005325E+04 -0.12152754596015E+04  0.40297251557405E+05 -0.93617861849476E+01 -0.15591666911417E+03  0.11035379532746E+03  0.00000000000000E+00  0.00000000000000E+00  0.00000000000000E+00  0.12018899073762E+06  0.00000000000000E+00  0.00000000000000E+00  0.00000000000000E+00  0.00000000000000E+00  0.00000000000000E+00  0.00000000000000E+00  0.00000000000000E+00  0.00000000000000E+00  0.00000000000000E+00  0.00000000000000E+00  0.00000000000000E+00  0.00000000000000E+00  0.00000000000000E+00  0.00000000000000E+00  0.00000000000000E+00
  -0.57894111003649E+05  0.85099195725255E+04 -0.21254641262677E+04 -0.21720152103313E+05  0.33972283878224E+04 -0.45870275941660E+04 -0.41839288570438E+04 -0.49438617048105E+05  0.10481299052935E+05  0.18674034140846E+04 -0.36233264204207E+03 -0.48556625582636E+00 -0.86516109236112E-01 -0.38327953741441E-04 -0.20681422385157E+04  0.37431368549306E+03 -0.98614912774468E+03 -0.78167534654577E+03  0.90831382152970E+05 -0.28433617257981E+01 -0.49110035663780E+02  0.42646923305753E+02 -0.38606966386716E+01 -0.62813097433650E+02  0.99215307536718E+02  0.00000000000000E+00  0.66410935254115E+05  0.00000000000000E+00  0.00000000000000E+00  0.00000000000000E+00  0.00000000000000E+00  0.00000000000000E+00  0.00000000000000E+00  0.00000000000000E+00  0.00000000000000E+00  0.00000000000000E+00  0.00000000000000E+00  0.00000000000000E+00  0.00000000000000E+00  0.00000000000000E+00  0.00000000000000E+00
  -0.56414878841262E+04 -0.20039217674203E+03  0.21162824546329E+02 -0.42472793137375E+02 -0.63750804732921E+02  0.19640806759722E+03  0.16812823456288E+03 -0.69893370719449E+05  0.24363590472876E+05  0.72180922400220E+03 -0.34346804749348E+03 -0.61607987969117E+03 -0.25893107260157E+02 -0.53059620012448E+01 -0.26317405368817E+04  0.31805936052213E+03 -0.22972943522188E+04 -0.11608102483574E+04 -0.16590027606469E+04  0.33426787900559E+00  0.15801500591993E+02  0.17232621379171E+02  0.00000000000000E+00  0.00000000000000E+00  0.00000000000000E+00  0.00000000000000E+00  0.00000000000000E+00  0.31408921995470E+05  0.00000000000000E+00  0.00000000000000E+00  0.00000000000000E+00  0.00000000000000E+00  0.00000000000000E+00  0.00000000000000E+00  0.00000000000000E+00  0.00000000000000E+00  0.00000000000000E+00  0.00000000000000E+00  0.00000000000000E+00  0.00000000000000E+00  0.00000000000000E+00
  -0.91348290509981E+06  0.23306326380162E+06 -0.35011609748319E+05 -0.66544921182716E+05  0.11414431420185E+05 -0.83000855156605E+04 -0.99154987632655E+04 -0.27744013903094E+06  0.62749226577994E+05  0.10297501179355E+05 -0.19792048297358E+04 -0.51401696461698E+04 -0.65009970458800E+03 -0.54682491100848E+00  0.21026136359201E+04 -0.19244625533511E+03  0.19625110460918E+04  0.95684841164183E+03  0.73170272893316E+06  0.49426357266501E+03  0.22460346842857E+03  0.79356531437371E+05  0.00000000000000E+00  0.00000000000000E+00  0.00000000000000E+00  0.00000000000000E+00  0.00000000000000E+00  0.00000000000000E+00  0.58339798938093E+06  0.00000000000000E+00  0.00000000000000E+00  0.00000000000000E+00  0.00000000000000E+00  0.00000000000000E+00  0.00000000000000E+00  0.00000000000000E+00  0.00000000000000E+00  0.00000000000000E+00  0.00000000000000E+00  0.00000000000000E+00  0.00000000000000E+00
  -0.12131819327142E+07  0.30375803861977E+06 -0.46801051365144E+05 -0.35160089617735E+06  0.62807335357583E+05 -0.38018337541594E+05 -0.51445611193858E+05 -0.55406478096279E+06  0.12125264847564E+06  0.21777179627393E+05 -0.40038112589571E+04 -0.11382493535922E+03 -0.18277491242061E+02 -0.36624170181499E-02  0.46773261527278E+04 -0.59532214421854E+03  0.33958497962449E+04  0.19356680127603E+04  0.37610824322510E+07  0.38863234684459E+03 -0.12646199031731E+04  0.82203395977390E+05  0.15131455729293E+03 -0.59746345579518E+04  0.53361159023565E+05  0.00000000000000E+00  0.00000000000000E+00  0.00000000000000E+00  0.00000000000000E+00  0.94676284334146E+06  0.00000000000000E+00  0.00000000000000E+00  0.00000000000000E+00  0.00000000000000E+00  0.00000000000000E+00  0.00000000000000E+00  0.00000000000000E+00  0.00000000000000E+00  0.00000000000000E+00  0.00000000000000E+00  0.00000000000000E+00
  -0.21949042342490E+05  0.60173720580486E+04 -0.87433755773484E+03 -0.13671936445667E+04  0.31119820874785E+03  0.48236012306934E+02 -0.14430812916270E+03 -0.74808881383495E+05  0.23132951919256E+05  0.14872859612337E+04 -0.43981169534617E+03 -0.22211924966603E+04 -0.14914584565809E+03 -0.27269488104876E+01 -0.15786057825826E+04  0.16993561174657E+03 -0.11543540096416E+04 -0.58059855596839E+03  0.20397878171162E+05  0.00000000000000E+00  0.00000000000000E+00  0.00000000000000E+00  0.00000000000000E+00  0.00000000000000E+00  0.00000000000000E+00  0.00000000000000E+00  0.00000000000000E+00  0.00000000000000E+00  0.00000000000000E+00  0.00000000000000E+00  0.15008366089097E+05  0.00000000000000E+00  0.00000000000000E+00  0.00000000000000E+00  0.00000000000000E+00  0.00000000000000E+00  0.00000000000000E+00  0.00000000000000E+00  0.00000000000000E+00  0.00000000000000E+00  0.00000000000000E+00
  -0.49667492882036E+05  0.13783233299718E+05 -0.19860125254741E+04 -0.25027969641518E+04  0.55002959451690E+03  0.51098596758011E+02 -0.25659278286222E+03 -0.16869380198176E+06  0.52056432709669E+05  0.33218369539844E+04 -0.99509249843418E+03 -0.95239877977859E+02 -0.26499721056525E+02 -0.62288007805772E-05 -0.31545128335508E+04  0.33960201377391E+03 -0.23039881637204E+04 -0.11636661739482E+04  0.37832749068433E+05  0.00000000000000E+00  0.00000000000000E+00  0.00000000000000E+00  0.00000000000000E+00  0.00000000000000E+00  0.00000000000000E+00  0.00000000000000E+00  0.00000000000000E+00  0.00000000000000E+00  0.00000000000000E+00  0.00000000000000E+00  0.00000000000000E+00  0.33033885242926E+05  0.00000000000000E+00  0.00000000000000E+00  0.00000000000000E+00  0.00000000000000E+00  0.00000000000000E+00  0.00000000000000E+00  0.00000000000000E+00  0.00000000000000E+00  0.00000000000000E+00
  -0.32375275403378E+04  0.42081024985288E+03 -0.10483463716919E+03 -0.58195720935462E+02  0.70658299809518E+01 -0.18064163599944E+02 -0.12043338101146E+02 -0.12498542245523E+04  0.13925458269511E+03  0.39732564759104E+02 -0.10416814581981E+02 -0.76057709492625E+02 -0.66759121898720E+01 -0.11607771400881E+00 -0.76834218525362E+03  0.90357338662764E+02 -0.48677697816165E+03 -0.27304793471242E+03  0.17202992825198E+03  0.00000000000000E+00  0.00000000000000E+00  0.00000000000000E+00  0.00000000000000E+00  0.00000000000000E+00  0.00000000000000E+00  0.00000000000000E+00  0.00000000000000E+00  0.00000000000000E+00  0.00000000000000E+00  0.00000000000000E+00  0.00000000000000E+00  0.00000000000000E+00  0.37950311065256E+04  0.00000000000000E+00  0.00000000000000E+00  0.00000000000000E+00  0.00000000000000E+00  0.00000000000000E+00  0.00000000000000E+00  0.00000000000000E+00  0.00000000000000E+00
  -0.21793428548815E+06  0.75184660756182E+05 -0.88321353679970E+04 -0.10642063822880E+05  0.24555443450490E+04  0.91751133864968E+03 -0.58255106173084E+03 -0.37599434007664E+04  0.37484191055819E+03  0.39084081511104E+03 -0.31730889191017E+02 -0.15452741910837E+00 -0.12540036812012E+00  0.28092987796614E-13  0.17699135488032E+03 -0.50604476805920E+02 -0.19092613200316E+02  0.23428439962389E+02  0.25394912365270E+06  0.47236357666376E+03  0.54565996196069E+04  0.43412996311706E+05  0.00000000000000E+00  0.00000000000000E+00  0.00000000000000E+00  0.00000000000000E+00  0.00000000000000E+00  0.00000000000000E+00  0.00000000000000E+00  0.00000000000000E+00  0.00000000000000E+00  0.00000000000000E+00  0.00000000000000E+00  0.10621722546321E+06  0.00000000000000E+00  0.00000000000000E+00  0.00000000000000E+00  0.00000000000000E+00  0.00000000000000E+00  0.00000000000000E+00  0.00000000000000E+00
  -0.25322266127510E+06  0.86957034402384E+05 -0.10254705377648E+05 -0.51321658423631E+05  0.11730422381541E+05  0.41011294710714E+04 -0.30182323289466E+04 -0.80858909219990E+04  0.84005009722261E+03  0.80198755034881E+03 -0.68041899191898E+02 -0.26744917581759E-02  0.24630980967747E-02 -0.17275527458340E-11  0.34773835705338E+03 -0.97481946983274E+02 -0.30746001596624E+02  0.49925663658785E+02  0.11879284372264E+07  0.41009000461221E+03  0.45376696546511E+04  0.37388740689383E+05  0.47678230116957E+03  0.33032275267588E+04  0.17592843304825E+05  0.00000000000000E+00  0.00000000000000E+00  0.00000000000000E+00  0.00000000000000E+00  0.00000000000000E+00  0.00000000000000E+00  0.00000000000000E+00  0.00000000000000E+00  0.00000000000000E+00  0.14136944809022E+06  0.00000000000000E+00  0.00000000000000E+00  0.00000000000000E+00  0.00000000000000E+00  0.00000000000000E+00  0.00000000000000E+00
  -0.87074420993796E+04  0.23261040309461E+04 -0.34237209007643E+03 -0.22835396423120E+04  0.41763077057007E+03 -0.21403620108240E+03 -0.33085207190846E+03  0.95492719616350E+03 -0.14325024505815E+04  0.10697355957425E+03 -0.96239756004009E+01 -0.16339366117262E+01 -0.18896974541921E+00 -0.12888040396061E-02 -0.30144040753052E+04  0.47578183189572E+03 -0.15995310464104E+04 -0.11185407958039E+04  0.26884508724987E+05  0.00000000000000E+00  0.00000000000000E+00  0.00000000000000E+00  0.00000000000000E+00  0.00000000000000E+00  0.00000000000000E+00  0.00000000000000E+00  0.00000000000000E+00  0.00000000000000E+00  0.00000000000000E+00  0.00000000000000E+00  0.00000000000000E+00  0.00000000000000E+00  0.00000000000000E+00  0.00000000000000E+00  0.00000000000000E+00  0.77200860023748E+04  0.00000000000000E+00  0.00000000000000E+00  0.00000000000000E+00  0.00000000000000E+00  0.00000000000000E+00
  -0.30337731309237E+04  0.72671275543887E+03 -0.11803007085584E+03 -0.87869169700820E+03  0.15446360640151E+03 -0.11600906969896E+03 -0.14125745294262E+03  0.60869934477379E+03 -0.78617053990128E+03  0.47020335757142E+02 -0.44264422647449E+01 -0.68850923023962E+00 -0.72018315664172E-01 -0.71259277603945E-03 -0.15977182728018E+04  0.23619654401964E+03 -0.91888772629653E+03 -0.60425164466137E+03  0.83578014121874E+04  0.00000000000000E+00  0.00000000000000E+00  0.00000000000000E+00  0.00000000000000E+00  0.00000000000000E+00  0.00000000000000E+00  0.00000000000000E+00  0.00000000000000E+00  0.00000000000000E+00  0.00000000000000E+00  0.00000000000000E+00  0.00000000000000E+00  0.00000000000000E+00  0.00000000000000E+00  0.00000000000000E+00  0.00000000000000E+00  0.00000000000000E+00  0.39954941131573E+04  0.00000000000000E+00  0.00000000000000E+00  0.00000000000000E+00  0.00000000000000E+00
  -0.20524971500304E+05 -0.21403527608559E+04 -0.99434385640390E+02 -0.10449751300933E+05  0.44214486652341E+03 -0.37033306006828E+04 -0.16006188946435E+04 -0.27490170810536E+06  0.11283005631276E+06  0.31211784910990E+04 -0.11728556870660E+04  0.29779801632966E+03  0.31375710450925E+02 -0.15541185747163E+01 -0.18716254519848E+04 -0.39862798277838E+03 -0.77309963636362E+02  0.73670822198567E+03 -0.20679329799210E+05  0.00000000000000E+00  0.00000000000000E+00  0.00000000000000E+00  0.00000000000000E+00  0.00000000000000E+00  0.00000000000000E+00  0.00000000000000E+00  0.00000000000000E+00  0.00000000000000E+00  0.00000000000000E+00  0.00000000000000E+00  0.00000000000000E+00  0.00000000000000E+00  0.00000000000000E+00  0.00000000000000E+00  0.00000000000000E+00  0.00000000000000E+00  0.00000000000000E+00  0.13034690609758E+06  0.00000000000000E+00  0.00000000000000E+00  0.00000000000000E+00
   0.19068580098458E+05 -0.28487359888929E+04  0.71478199628476E+03 -0.18181706387330E+05  0.30559644380373E+04 -0.33616961168509E+04 -0.35501890812371E+04 -0.89521878353200E+04  0.15664751310840E+04  0.45929779876450E+03 -0.69746307185070E+02  0.33073693205894E+03  0.79004808854513E+02  0.92682003279643E-05  0.26069441482705E+03 -0.50541530462500E+02  0.97076427702682E+02  0.98032494284070E+02  0.75102581074200E+05  0.35184253112525E+02  0.10177579922597E+04 -0.29252986534011E+04 -0.13205459387205E+03 -0.22749827657649E+04  0.54516925919705E+04  0.00000000000000E+00  0.00000000000000E+00  0.00000000000000E+00  0.00000000000000E+00  0.00000000000000E+00  0.00000000000000E+00  0.00000000000000E+00  0.00000000000000E+00  0.00000000000000E+00  0.00000000000000E+00  0.00000000000000E+00  0.00000000000000E+00  0.00000000000000E+00  0.42316639705017E+05  0.00000000000000E+00  0.00000000000000E+00
