# fitpack15: fit parameters                                                                         
# CJ15 AV18 final data choices                                                                      
# Created on 01/06/2020 at 10:42:25                                                                 

 # QCD setup
  INS                           0
  NVL                          11
  IORD                          1
  Q02                   1.6899999999999999     
  IPARAMC                       7
  FLAVOR                4.0000000000000000     
  xmc                   1.3000000000000000     
  xmb                   4.5000000000000000     
  ncb                          12
  ihq                           1
  ias                           0

 # Theory corrections
  inuke                     10814
  itmc                          1
  iht                           1

 # fit parameters
 LAMBDA       0.22680        0.0000    
 a0uv          1.9792        0.0000    
 a1uv         0.57091       0.22811E-01
 a2uv          3.5529       0.11410E-01
 a3uv          0.0000        0.0000    
 a4uv          4.4738       0.60118    
 a5uv          0.0000        0.0000    
 a0dv          24.970        0.0000    
 a1dv          1.1566       0.32679E-01
 a2dv          6.6796       0.15768    
 a3dv         -3.5557       0.85869E-01
 a4dv          4.8052       0.13991    
 a5dv          0.0000        0.0000    
 a0ud         0.14212       0.49836E-02
 a1ud        -0.21069       0.38126E-02
 a2ud          8.4747       0.17405    
 a3ud          0.0000        0.0000    
 a4ud          15.862        1.2274    
 a5ud          0.0000        0.0000    
 a0du          35712.        0.0000    
 a1du          4.0887       0.78554E-01
 a2du          20.484       0.95277    
 a3du          17.000        0.0000    
 a4du          51.722        7.3285    
 a0g           45.664        0.0000    
 a1g          0.60317       0.30289E-01
 a2g           6.1755       0.87950    
 a3g          -3.3705       0.12545    
 a4g           3.2542       0.29247    
 a5g           0.0000        0.0000    
 kappa        0.40000        0.0000    
 a6dv        -0.46741E-02   0.70835E-03
 a7dv          2.0000        0.0000    
 off1          0.0000        0.0000    
 off2          0.0000        0.0000    
 off3          0.0000        0.0000    
 ht1          -3.2761       0.30923    
 ht2           1.9549       0.12450    
 ht3          -2.0653       0.35581E-01
 ht4           0.0000        0.0000    
 ht1n         -3.7951       0.77517    
 ht2n          1.9150       0.23965    
 ht3n         -2.2326       0.80644E-01
 ht4n          0.0000        0.0000    
 dummy45       0.0000        0.0000    
 dummy46       0.0000        0.0000    
 dummy47       0.0000        0.0000    
 dummy48       0.0000        0.0000    
 dummy49       0.0000        0.0000    
 bcdmsh2      0.96943       0.48132E-02
 bcdmsd2      0.98941       0.56589E-02
 ccfr          1.0000        0.0000    
 nutev         1.0000        0.0000    
 zeus         0.97998        0.0000    
 h1            1.0162        0.0000    
 e605          1.0319        0.0000    
 NmcH2         1.0062       0.71130E-02
 ntv_nu        1.0000        0.0000    
 ntv_nubar     1.0000        0.0000    
 cdf_jet      0.98910        0.0000    
 d0_jet       0.83504        0.0000    
 slac_p        1.0005       0.51037E-02
 slac_d       0.99991       0.51370E-02
 e866pp       0.98259       0.19880E-01
 e866pd       0.96770       0.15813E-01
 d0_gamjet     1.0367       0.16420E-01
 h1b          0.97608        0.0000    
 jlab_p       0.98972       0.63056E-02
 jlab_d       0.97497       0.59753E-02
 blank         1.0000        0.0000    
 d0run2       0.95191       0.14762E-01
 cdfrun2      0.93581       0.17509E-01
 HERA_el       1.0000        0.0000    
 HERA_ps       1.0000        0.0000    
 CDF_Z        0.95834       0.62515E-02
 NmcRat        1.0000        0.0000    
 BNS_F2nd     0.98568       0.96582E-02
 HERMES_F2p   0.99433       0.57110E-02
 HERMES_F2d   0.97605       0.57625E-02
 END 0. 0.

 # Hessian matrix (Bevington alpha)
   0.52069705666611E+07 -0.13395509428610E+07  0.19950545225159E+06  0.51084985464792E+06 -0.12473506320270E+06 -0.35468620426006E+05  0.49300986263708E+05  0.97961083600518E+06 -0.18340545339809E+06 -0.49568100360952E+05  0.72117949635238E+04  0.14607005046420E+05  0.16124546759807E+04 -0.11056504010454E+03  0.10463508330197E+05 -0.24143417688645E+04  0.13675262358088E+05  0.95813883884638E+04 -0.79119904528566E+07 -0.15057209880890E+05 -0.53782745083362E+04 -0.18837297599337E+06 -0.44819682635220E+04 -0.40657094977411E+04 -0.46968439839176E+05 -0.13205049342937E+06 -0.55988428928099E+05 -0.52447304849130E+04 -0.87098304747042E+06 -0.11299042236298E+07 -0.20998421759808E+05 -0.47642095348867E+05 -0.32057626320070E+04 -0.20550785106723E+06 -0.23197703318637E+06 -0.91139277536578E+04 -0.32291118320830E+04 -0.18109021192392E+05  0.16899260418974E+05 -0.74426146111336E+05 -0.58638729630813E+05
  -0.13395509428610E+07  0.42028557695287E+06 -0.52477547827435E+05 -0.14058337765165E+06  0.33591897015309E+05  0.12355236596230E+05 -0.10084973422235E+05 -0.12458292762059E+06  0.26490338089951E+05  0.73021333004117E+04 -0.86671296338518E+03 -0.11436518702916E+04 -0.12964977794361E+03  0.13233832597536E+02  0.68426951325959E+03 -0.62371240738586E+02  0.17367380158198E+03  0.11451132788438E+03  0.26558588627837E+07  0.69920613423096E+04  0.72888047749008E+04  0.55157000487413E+05  0.17695559469888E+04  0.24287021613210E+04  0.12917716022267E+05  0.16770668976936E+05  0.83053427129321E+04 -0.19636813636621E+03  0.21160776528784E+06  0.26830518499518E+06  0.57579450527844E+04  0.13250088783480E+05  0.42366775402958E+03  0.64132446030441E+05  0.72118871166035E+05  0.24242279906478E+04  0.77013262516361E+03 -0.22204872376437E+04 -0.22604744070674E+04  0.87204412569925E+04  0.73465025337005E+04
   0.19950545225159E+06 -0.52477547827435E+05  0.77015155800970E+04  0.19424166059637E+05 -0.48457700056626E+04 -0.16084615849106E+04  0.18092739471574E+04  0.28170442622610E+05 -0.51285080874968E+04 -0.16731925137454E+04  0.21074468956376E+03  0.39977505923581E+03  0.50090617959893E+02 -0.42809270874668E+01 -0.26115312541557E+03 -0.14019934071082E+02 -0.10673398704313E+03  0.18686412739148E+02 -0.31138463233213E+06 -0.62565364579570E+03 -0.35317839201575E+03 -0.73401904079650E+04 -0.18314661091530E+03 -0.19381095176093E+03 -0.18229666345654E+04 -0.47512931097842E+04 -0.20196410847737E+04  0.20131317401768E+02 -0.32584711089976E+05 -0.42513169252742E+05 -0.81632507852685E+03 -0.18597793260931E+04 -0.10248279785889E+03 -0.81057543112068E+04 -0.91439380028717E+04 -0.34938250850527E+03 -0.12247996106482E+03 -0.63075283218258E+02  0.61489039375647E+03 -0.22598518245400E+04 -0.18254319883740E+04
   0.51084985464792E+06 -0.14058337765165E+06  0.19424166059637E+05  0.40390992426726E+06 -0.61568655844276E+05  0.71503273760934E+05  0.62357106706197E+05  0.35836457824885E+06 -0.26798791681204E+05 -0.18155612836748E+05  0.31473910952622E+04 -0.13478278422694E+04 -0.14564924891894E+03  0.57901069738635E+02  0.31663560982035E+05 -0.39952807630355E+04  0.29985742922467E+05  0.16883247610793E+05 -0.23161495943694E+07 -0.11590194145965E+04  0.12847248342928E+04 -0.27553331811912E+05 -0.60917447882744E+03  0.62201231391786E+03 -0.14669024193872E+05 -0.12822454225712E+05 -0.21279350824034E+05 -0.72106298045710E+02 -0.66729758051976E+05 -0.34722051667184E+06 -0.13538540876856E+04 -0.25014422679101E+04 -0.70395386807144E+02 -0.11873309876340E+05 -0.53934903272875E+05 -0.24437434318150E+04 -0.95315743465885E+03 -0.99185867941513E+04 -0.15936267144879E+05 -0.72788999699262E+04 -0.21574306548552E+05
  -0.12473506320270E+06  0.33591897015309E+05 -0.48457700056626E+04 -0.61568655844276E+05  0.10987949960413E+05 -0.69676621159666E+04 -0.86926953381126E+04 -0.32542610107546E+05  0.41479533054041E+03  0.23063199199869E+04 -0.31024950971514E+03 -0.15628352561839E+02  0.52095372594747E+01 -0.51276356518942E+01 -0.26419238043437E+04  0.34164834755961E+03 -0.24262715303441E+04 -0.13887471139344E+04  0.47426357885281E+06  0.37851044369466E+03  0.19237901263268E+03  0.57711404789039E+04  0.20860470914521E+03  0.20591594317539E+03  0.29457537696352E+04  0.19731661769562E+04  0.33156856914929E+04 -0.56494257461609E+02  0.11507496798536E+05  0.61536889532642E+05  0.30674995820195E+03  0.54583142202960E+03  0.88216332247357E+01  0.27899315220490E+04  0.12558970605275E+05  0.44553792515554E+03  0.16658106691291E+03  0.39059049240384E+03  0.24976878984921E+04  0.80504137759626E+03  0.24918825228594E+04
  -0.35468620426006E+05  0.12355236596230E+05 -0.16084615849106E+04  0.71503273760934E+05 -0.69676621159666E+04  0.23618794841949E+05  0.13939515723485E+05  0.10749528590364E+06 -0.10045282191007E+05 -0.44199085491764E+04  0.92437347137910E+03 -0.68497272595652E+03 -0.64145044220289E+02  0.19351011256946E+02  0.95461294511288E+04 -0.12328804916542E+04  0.92250695437925E+04  0.52603974218116E+04 -0.21302499283001E+05  0.48565322257768E+03  0.14600739845731E+04 -0.32553884193085E+03  0.25466620752912E+03  0.99555406247785E+03 -0.69046973611555E+03 -0.26507567269991E+04 -0.40515000669172E+04  0.14530816889535E+03 -0.79265874513027E+04 -0.38239639214227E+05  0.26684599492587E+02  0.13748108072425E+02 -0.18118289525540E+02  0.55644987714328E+03  0.23212137095427E+04 -0.21748912307169E+03 -0.11649718864209E+03 -0.31599237622133E+04 -0.31587659745369E+04 -0.18236182790441E+04 -0.52193953227816E+04
   0.49300986263708E+05 -0.10084973422235E+05  0.18092739471574E+04  0.62357106706197E+05 -0.86926953381126E+04  0.13939515723485E+05  0.10808564922667E+05  0.59102553098655E+05 -0.32442919561923E+04 -0.31535629338522E+04  0.53567095236633E+03 -0.22501591385101E+03 -0.26008976498018E+02  0.10167584028966E+02  0.49260954001213E+04 -0.64932422394945E+03  0.46147717739618E+04  0.26723561627976E+04 -0.22555753667471E+06  0.10890401663439E+03  0.69939586510023E+03 -0.28611430778464E+04  0.43912403086473E+02  0.40898225976171E+03 -0.17925677158899E+04 -0.23986609930715E+04 -0.37573952371847E+04  0.13430703463539E+03 -0.94712040411641E+04 -0.49447559262824E+05 -0.14226778040100E+03 -0.25624402229159E+03 -0.12718717975546E+02 -0.89944968032398E+03 -0.42064141861266E+04 -0.33202307698169E+03 -0.14211498846791E+03 -0.13483079403835E+04 -0.30484623264224E+04 -0.11262770623583E+04 -0.33501752901908E+04
   0.97961083600518E+06 -0.12458292762059E+06  0.28170442622610E+05  0.35836457824885E+06 -0.32542610107546E+05  0.10749528590364E+06  0.59102553098655E+05  0.53618274405886E+07 -0.24034376307301E+07 -0.88712080095327E+05  0.25766533835783E+05  0.25640845025050E+05  0.17124960171632E+04  0.10626816416050E+03  0.89250305556836E+05 -0.11633176843546E+05  0.97616450097696E+05  0.52694110259585E+05 -0.57932118654855E+06  0.52566874588197E+04  0.26157363614819E+05 -0.20692232211839E+05  0.19640879066432E+04  0.11793054701423E+05 -0.95698389535725E+04 -0.62826874349540E+05 -0.50183609255544E+05 -0.70417047298776E+05 -0.29450640127176E+06 -0.57686725004972E+06 -0.73893796924952E+05 -0.16653144103911E+06 -0.14160216373486E+04 -0.56442789514981E+04 -0.11111324790590E+05  0.45951003652733E+03  0.33433696812065E+03 -0.27427802353229E+06 -0.84521779323029E+04 -0.14472397588801E+06 -0.17801085015087E+06
  -0.18340545339809E+06  0.26490338089951E+05 -0.51285080874968E+04 -0.26798791681204E+05  0.41479533054041E+03 -0.10045282191007E+05 -0.32442919561923E+04 -0.24034376307301E+07  0.19276757873376E+07  0.19352077745827E+05 -0.63684060032885E+04 -0.54218611983721E+04 -0.29702054885852E+03 -0.15208966824960E+02  0.48775597821709E+05 -0.23574026889719E+04  0.17127789707008E+05  0.84592673134185E+04 -0.27220209237589E+05 -0.12176090246516E+04 -0.63389580569893E+04  0.32431601756711E+04 -0.49377642872289E+03 -0.30209501907547E+04  0.15890761953071E+04  0.11513702972123E+05  0.10835695591247E+05  0.24773761801959E+05  0.67023263202144E+05  0.12694858405523E+06  0.22914396530462E+05  0.51745140498538E+05  0.19251808805458E+03  0.62930351165118E+03  0.12636084982777E+04 -0.13086112387101E+04 -0.71613650915130E+03  0.11319209953008E+06  0.15101053310217E+04  0.45361879052336E+05  0.55278708067480E+05
  -0.49568100360952E+05  0.73021333004117E+04 -0.16731925137454E+04 -0.18155612836748E+05  0.23063199199869E+04 -0.44199085491764E+04 -0.31535629338522E+04 -0.88712080095327E+05  0.19352077745827E+05  0.26325123264865E+04 -0.60718722598452E+03 -0.63375099368587E+03 -0.55439761738806E+02 -0.18949927278615E+01 -0.40859221652550E+04  0.51677251582567E+03 -0.39297960756647E+04 -0.22274192226117E+04  0.55898389581462E+05 -0.15756458769956E+03 -0.78011084597790E+03  0.12935362982932E+04 -0.49379469259071E+02 -0.31742292199872E+03  0.55865907193346E+03  0.27413039704285E+04  0.18869954896999E+04  0.73834100314155E+03  0.10966674703337E+05  0.22737592487519E+05  0.14922032272451E+04  0.33022618277956E+04  0.43854934645731E+02  0.54141147357686E+03  0.10325528417422E+04  0.12273228177387E+03  0.55328894499934E+02  0.31359630968556E+04  0.42131347968742E+03  0.28400889425711E+04  0.35781829568193E+04
   0.72117949635238E+04 -0.86671296338518E+03  0.21074468956376E+03  0.31473910952622E+04 -0.31024950971514E+03  0.92437347137910E+03  0.53567095236633E+03  0.25766533835783E+05 -0.63684060032885E+04 -0.60718722598452E+03  0.16426183999294E+03  0.17845168055859E+03  0.12865026869928E+02  0.70704118435211E+00  0.12291209218285E+04 -0.14013023350267E+03  0.11342215691703E+04  0.61743353818472E+03 -0.59377695390427E+04  0.35475367935635E+02  0.17232587918451E+03 -0.15438196365223E+03  0.12787090611502E+02  0.75671484715441E+02 -0.70517193303023E+02 -0.45826329135072E+03 -0.34451931533268E+03 -0.33387475585882E+03 -0.19786723685795E+04 -0.39238992988771E+04 -0.41515723534217E+03 -0.93550658110271E+03 -0.10802148604576E+02 -0.43817202748439E+02 -0.86196562291732E+02 -0.11744653832743E+02 -0.56638200156137E+01 -0.11265982052581E+04 -0.61533401599535E+02 -0.81126270534727E+03 -0.10048019001378E+04
   0.14607005046420E+05 -0.11436518702916E+04  0.39977505923581E+03 -0.13478278422694E+04 -0.15628352561839E+02 -0.68497272595652E+03 -0.22501591385101E+03  0.25640845025050E+05 -0.54218611983721E+04 -0.63375099368587E+03  0.17845168055859E+03  0.14536991135254E+04  0.95753339793772E+02 -0.99712147040332E+00  0.13378609114053E+04 -0.19251313569041E+03  0.15879926046406E+04  0.91076377251142E+03 -0.57990714571268E+04  0.58660364267566E+02  0.31954336952719E+03 -0.57790001578609E+02 -0.10074349515864E+02 -0.67494307590924E+02  0.73006831996310E+01 -0.10524304960914E+04 -0.72825086914939E-01 -0.66506071600841E+03 -0.47143525018906E+04 -0.15590585712719E+02 -0.21614974100083E+04 -0.62120038698140E+02 -0.74269360117300E+02 -0.15855757304288E+00  0.63892501537027E-02 -0.16011646896658E+01 -0.69272461412048E+00  0.27618659725598E+03  0.27389945817637E+03 -0.25685294515160E+04 -0.46669162112436E+01
   0.16124546759807E+04 -0.12964977794361E+03  0.50090617959893E+02 -0.14564924891894E+03  0.52095372594747E+01 -0.64145044220289E+02 -0.26008976498018E+02  0.17124960171632E+04 -0.29702054885852E+03 -0.55439761738806E+02  0.12865026869928E+02  0.95753339793772E+02  0.85391624887617E+01 -0.16457393419519E+00  0.75021228600522E+02 -0.12972022905024E+02  0.96450031347512E+02  0.59891473282209E+02 -0.27248625017697E+03  0.74742081320798E+01  0.35143685600099E+02 -0.12206999424468E+02 -0.12389900463522E+01 -0.65835111471441E+01  0.24852504602703E+01 -0.15270516078125E+03 -0.89475807898646E-02 -0.25922185390351E+02 -0.54624359582587E+03 -0.15199116805001E+01 -0.13480817359885E+03 -0.16117997070076E+02 -0.59607645191982E+01 -0.11396766974156E+00  0.40422070943758E-02 -0.16684595825268E+00 -0.65519954333912E-01  0.27115348927931E+02  0.60886460951970E+02 -0.18424553888642E+03 -0.35078152459034E+00
  -0.11056504010454E+03  0.13233832597536E+02 -0.42809270874668E+01  0.57901069738635E+02 -0.51276356518942E+01  0.19351011256946E+02  0.10167584028966E+02  0.10626816416050E+03 -0.15208966824960E+02 -0.18949927278615E+01  0.70704118435211E+00 -0.99712147040332E+00 -0.16457393419519E+00  0.54931154923301E-01  0.15182999192342E+02 -0.12060909327020E+01  0.10451007543526E+02  0.49668940672289E+01 -0.84542916497150E+02 -0.23637529717348E-01 -0.45666616857569E-01  0.51469243777454E-01  0.18292237483585E-01  0.72548627641803E-01 -0.44830420939141E-01  0.71887991279988E-01 -0.31389224800074E-04 -0.64990552596430E+01 -0.92674628232450E+00 -0.25406694704344E-02 -0.35878946949146E+01 -0.23087191621086E-04 -0.15158489675948E+00  0.15692864254507E-12 -0.22748674928136E-12 -0.18022250373874E-02 -0.99569281037293E-03 -0.16674718002194E+01  0.68531415230425E-04 -0.35390824063751E+01 -0.43361238226167E-02
   0.10463508330197E+05  0.68426951325959E+03 -0.26115312541557E+03  0.31663560982035E+05 -0.26419238043437E+04  0.95461294511288E+04  0.49260954001213E+04  0.89250305556836E+05  0.48775597821709E+05 -0.40859221652550E+04  0.12291209218285E+04  0.13378609114053E+04  0.75021228600522E+02  0.15182999192342E+02  0.50394520227331E+05 -0.48395584009677E+04  0.39443855296651E+05  0.20697374343053E+05 -0.55802882983539E+05 -0.20862444432732E+02 -0.10917929708999E+03  0.54353157411191E+03 -0.14293984709203E+01 -0.28052073965922E+02  0.22709903134761E+03 -0.28839310492769E+04 -0.18867942262616E+04 -0.24919427396160E+04  0.18983161632188E+04  0.42419593525443E+04 -0.14957804544123E+04 -0.29819319371162E+04 -0.73548955838369E+03  0.31744638486284E+03  0.56503703204547E+03 -0.29797232627241E+04 -0.15679952738781E+04 -0.22180673752785E+04  0.19428227509560E+03 -0.95068670307786E+03 -0.10729831674774E+04
  -0.24143417688645E+04 -0.62371240738586E+02 -0.14019934071082E+02 -0.39952807630355E+04  0.34164834755961E+03 -0.12328804916542E+04 -0.64932422394945E+03 -0.11633176843546E+05 -0.23574026889719E+04  0.51677251582567E+03 -0.14013023350267E+03 -0.19251313569041E+03 -0.12972022905024E+02 -0.12060909327020E+01 -0.48395584009677E+04  0.54309167738838E+03 -0.43372799392793E+04 -0.23663840386323E+04  0.67800985858460E+04 -0.42204489413107E+01 -0.10430934395213E+02 -0.11645375676470E+03 -0.25781778808554E+01 -0.73276137107921E+01 -0.47099687226812E+02  0.55015714000710E+03  0.34517452514353E+03  0.29255372200378E+03 -0.13765210781103E+03 -0.47159582128677E+03  0.16073538403029E+03  0.31868848371328E+03  0.83915951950368E+02 -0.86218117134932E+02 -0.15178527405506E+03  0.47493551530320E+03  0.23172614876789E+03 -0.35560573105568E+03 -0.35059946871284E+02  0.26894441115817E+03  0.30207410981828E+03
   0.13675262358088E+05  0.17367380158198E+03 -0.10673398704313E+03  0.29985742922467E+05 -0.24262715303441E+04  0.92250695437925E+04  0.46147717739618E+04  0.97616450097696E+05  0.17127789707008E+05 -0.39297960756647E+04  0.11342215691703E+04  0.15879926046406E+04  0.96450031347512E+02  0.10451007543526E+02  0.39443855296651E+05 -0.43372799392793E+04  0.35388128357183E+05  0.19090958955214E+05 -0.53288235939167E+05 -0.65259071555249E+02 -0.20080137901410E+03  0.46508517112334E+03 -0.17141135241129E+02 -0.65583830148721E+02  0.21398528485470E+03 -0.30894228942764E+04 -0.19825756400273E+04 -0.27159085721355E+04  0.22966057664212E+04  0.50619428568162E+04 -0.13505362241182E+04 -0.27049496872311E+04 -0.67784577309930E+03  0.10234969909341E+03  0.19870783953724E+03 -0.29517970649206E+04 -0.15827754185988E+04  0.17048265300048E+04  0.26483424696882E+03 -0.19287433153602E+04 -0.21447018760067E+04
   0.95813883884638E+04  0.11451132788438E+03  0.18686412739148E+02  0.16883247610793E+05 -0.13887471139344E+04  0.52603974218116E+04  0.26723561627976E+04  0.52694110259585E+05  0.84592673134185E+04 -0.22274192226117E+04  0.61743353818472E+03  0.91076377251142E+03  0.59891473282209E+02  0.49668940672289E+01  0.20697374343053E+05 -0.23663840386323E+04  0.19090958955214E+05  0.10435212674112E+05 -0.29677654369503E+05 -0.22520089430862E+02 -0.57962280920576E+02  0.37063355478813E+03 -0.36814167329122E+01 -0.11998760905018E+02  0.16526725840466E+03 -0.21596152870950E+04 -0.13522334234814E+04 -0.13618468588403E+04  0.10412910599256E+04  0.27349535064104E+04 -0.68779571589839E+03 -0.13773970840207E+04 -0.37428472187054E+03  0.14395541435924E+03  0.26504321790357E+03 -0.19131179505119E+04 -0.98292434881972E+03  0.17329276795327E+04  0.18186825147541E+03 -0.13156088252171E+04 -0.14644066973249E+04
  -0.79119904528566E+07  0.26558588627837E+07 -0.31138463233213E+06 -0.23161495943694E+07  0.47426357885281E+06 -0.21302499283001E+05 -0.22555753667471E+06 -0.57932118654855E+06 -0.27220209237589E+05  0.55898389581462E+05 -0.59377695390427E+04 -0.57990714571268E+04 -0.27248625017697E+03 -0.84542916497150E+02 -0.55802882983539E+05  0.67800985858460E+04 -0.53288235939167E+05 -0.29677654369503E+05  0.34239791065246E+08  0.47343839227844E+05  0.52378732064745E+05  0.35359603477349E+06  0.21010265604778E+05  0.30973506632104E+05  0.14980670644138E+06  0.34225316427923E+05  0.76436634138190E+05 -0.11964898266061E+04  0.57061721682641E+06  0.28316767701674E+07  0.17018614331223E+05  0.31625049008724E+05  0.21232269279616E+03  0.18560119525578E+06  0.83036815502873E+06  0.24179652213967E+05  0.76413038429784E+04 -0.18270266441728E+05  0.45115113483549E+05  0.20755689128377E+05  0.65051471946045E+05
  -0.15057209880890E+05  0.69920613423096E+04 -0.62565364579570E+03 -0.11590194145965E+04  0.37851044369466E+03  0.48565322257768E+03  0.10890401663439E+03  0.52566874588197E+04 -0.12176090246516E+04 -0.15756458769956E+03  0.35475367935635E+02  0.58660364267566E+02  0.74742081320798E+01 -0.23637529717348E-01 -0.20862444432732E+02 -0.42204489413107E+01 -0.65259071555249E+02 -0.22520089430862E+02  0.47343839227844E+05  0.26341483791258E+03  0.46324812904058E+03  0.10491139411349E+04  0.48148015544650E+02  0.93056697144820E+02  0.19432957468306E+03 -0.51392665807464E+02 -0.18428030397641E+02  0.27961089953832E+01  0.52113221048433E+03  0.38032938512040E+03  0.00000000000000E+00  0.00000000000000E+00  0.00000000000000E+00  0.22596447102698E+04  0.19283890812315E+04  0.00000000000000E+00  0.00000000000000E+00  0.00000000000000E+00  0.30271469450670E+03 -0.38167256754035E+03 -0.22224179130530E+03
  -0.53782745083362E+04  0.72888047749008E+04 -0.35317839201575E+03  0.12847248342928E+04  0.19237901263268E+03  0.14600739845731E+04  0.69939586510023E+03  0.26157363614819E+05 -0.63389580569893E+04 -0.78011084597790E+03  0.17232587918451E+03  0.31954336952719E+03  0.35143685600099E+02 -0.45666616857569E-01 -0.10917929708999E+03 -0.10430934395213E+02 -0.20080137901410E+03 -0.57962280920576E+02  0.52378732064745E+05  0.46324812904058E+03  0.11791876817338E+04  0.94915742600148E+03  0.78489641661572E+02  0.21378898487831E+03  0.17270195483832E+03 -0.15893452734855E+03 -0.64588547246633E+02 -0.43273389755520E+02 -0.65027455314835E+04 -0.61688225546670E+04  0.00000000000000E+00  0.00000000000000E+00  0.00000000000000E+00  0.31123059729724E+04  0.25668283816713E+04  0.00000000000000E+00  0.00000000000000E+00  0.00000000000000E+00  0.10918301715118E+04 -0.20700945653130E+04 -0.12019393028632E+04
  -0.18837297599337E+06  0.55157000487413E+05 -0.73401904079650E+04 -0.27553331811912E+05  0.57711404789039E+04 -0.32553884193085E+03 -0.28611430778464E+04 -0.20692232211839E+05  0.32431601756711E+04  0.12935362982932E+04 -0.15438196365223E+03 -0.57790001578609E+02 -0.12206999424468E+02  0.51469243777454E-01  0.54353157411191E+03 -0.11645375676470E+03  0.46508517112334E+03  0.37063355478813E+03  0.35359603477349E+06  0.10491139411349E+04  0.94915742600148E+03  0.10944880324413E+05  0.26281406533723E+03  0.36872300968169E+03  0.22117767359217E+04  0.24730487241520E+03  0.80480798669466E+02 -0.62942450081412E+01  0.37309161194411E+05  0.39794891214376E+05  0.00000000000000E+00  0.00000000000000E+00  0.00000000000000E+00  0.15911147329185E+05  0.13624659388945E+05  0.00000000000000E+00  0.00000000000000E+00  0.00000000000000E+00 -0.22731375908343E+04  0.15334523832094E+04  0.98762583875323E+03
  -0.44819682635220E+04  0.17695559469888E+04 -0.18314661091530E+03 -0.60917447882744E+03  0.20860470914521E+03  0.25466620752912E+03  0.43912403086473E+02  0.19640879066432E+04 -0.49377642872289E+03 -0.49379469259071E+02  0.12787090611502E+02 -0.10074349515864E+02 -0.12389900463522E+01  0.18292237483585E-01 -0.14293984709203E+01 -0.25781778808554E+01 -0.17141135241129E+02 -0.36814167329122E+01  0.21010265604778E+05  0.48148015544650E+02  0.78489641661572E+02  0.26281406533723E+03  0.34886895681179E+02  0.85476531475971E+02  0.11820739833467E+03  0.00000000000000E+00 -0.91465458210492E+01  0.00000000000000E+00  0.00000000000000E+00  0.47198289995072E+03  0.00000000000000E+00  0.00000000000000E+00  0.00000000000000E+00  0.00000000000000E+00  0.11633538589819E+04  0.00000000000000E+00  0.00000000000000E+00  0.00000000000000E+00 -0.22776019723405E+03  0.00000000000000E+00 -0.15937614279265E+03
  -0.40657094977411E+04  0.24287021613210E+04 -0.19381095176093E+03  0.62201231391786E+03  0.20591594317539E+03  0.99555406247785E+03  0.40898225976171E+03  0.11793054701423E+05 -0.30209501907547E+04 -0.31742292199872E+03  0.75671484715441E+02 -0.67494307590924E+02 -0.65835111471441E+01  0.72548627641803E-01 -0.28052073965922E+02 -0.73276137107921E+01 -0.65583830148721E+02 -0.11998760905018E+02  0.30973506632104E+05  0.93056697144820E+02  0.21378898487831E+03  0.36872300968169E+03  0.85476531475971E+02  0.29237281016597E+03  0.10854976513254E+03  0.00000000000000E+00 -0.43150360503986E+02  0.00000000000000E+00  0.00000000000000E+00 -0.37108485615661E+04  0.00000000000000E+00  0.00000000000000E+00  0.00000000000000E+00  0.00000000000000E+00  0.18897002843895E+04  0.00000000000000E+00  0.00000000000000E+00  0.00000000000000E+00 -0.98801963893937E+03  0.00000000000000E+00 -0.10704622981273E+04
  -0.46968439839176E+05  0.12917716022267E+05 -0.18229666345654E+04 -0.14669024193872E+05  0.29457537696352E+04 -0.69046973611555E+03 -0.17925677158899E+04 -0.95698389535725E+04  0.15890761953071E+04  0.55865907193346E+03 -0.70517193303023E+02  0.73006831996310E+01  0.24852504602703E+01 -0.44830420939141E-01  0.22709903134761E+03 -0.47099687226812E+02  0.21398528485470E+03  0.16526725840466E+03  0.14980670644138E+06  0.19432957468306E+03  0.17270195483832E+03  0.22117767359217E+04  0.11820739833467E+03  0.10854976513254E+03  0.16364410043006E+04  0.00000000000000E+00  0.57756619914120E+02  0.00000000000000E+00  0.00000000000000E+00  0.24581176539363E+05  0.00000000000000E+00  0.00000000000000E+00  0.00000000000000E+00  0.00000000000000E+00  0.72346739053398E+04  0.00000000000000E+00  0.00000000000000E+00  0.00000000000000E+00  0.26019114906835E+04  0.00000000000000E+00  0.69150412475747E+03
  -0.13205049342937E+06  0.16770668976936E+05 -0.47512931097842E+04 -0.12822454225712E+05  0.19731661769562E+04 -0.26507567269991E+04 -0.23986609930715E+04 -0.62826874349540E+05  0.11513702972123E+05  0.27413039704285E+04 -0.45826329135072E+03 -0.10524304960914E+04 -0.15270516078125E+03  0.71887991279988E-01 -0.28839310492769E+04  0.55015714000710E+03 -0.30894228942764E+04 -0.21596152870950E+04  0.34225316427923E+05 -0.51392665807464E+02 -0.15893452734855E+03  0.24730487241520E+03  0.00000000000000E+00  0.00000000000000E+00  0.00000000000000E+00  0.11711975016707E+06  0.00000000000000E+00  0.00000000000000E+00  0.00000000000000E+00  0.00000000000000E+00  0.00000000000000E+00  0.00000000000000E+00  0.00000000000000E+00  0.00000000000000E+00  0.00000000000000E+00  0.00000000000000E+00  0.00000000000000E+00  0.00000000000000E+00  0.00000000000000E+00  0.00000000000000E+00  0.00000000000000E+00
  -0.55988428928099E+05  0.83053427129321E+04 -0.20196410847737E+04 -0.21279350824034E+05  0.33156856914929E+04 -0.40515000669172E+04 -0.37573952371847E+04 -0.50183609255544E+05  0.10835695591247E+05  0.18869954896999E+04 -0.34451931533268E+03 -0.72825086914939E-01 -0.89475807898646E-02 -0.31389224800074E-04 -0.18867942262616E+04  0.34517452514353E+03 -0.19825756400273E+04 -0.13522334234814E+04  0.76436634138190E+05 -0.18428030397641E+02 -0.64588547246633E+02  0.80480798669466E+02 -0.91465458210492E+01 -0.43150360503986E+02  0.57756619914120E+02  0.00000000000000E+00  0.65088291928428E+05  0.00000000000000E+00  0.00000000000000E+00  0.00000000000000E+00  0.00000000000000E+00  0.00000000000000E+00  0.00000000000000E+00  0.00000000000000E+00  0.00000000000000E+00  0.00000000000000E+00  0.00000000000000E+00  0.00000000000000E+00  0.00000000000000E+00  0.00000000000000E+00  0.00000000000000E+00
  -0.52447304849130E+04 -0.19636813636621E+03  0.20131317401768E+02 -0.72106298045710E+02 -0.56494257461609E+02  0.14530816889535E+03  0.13430703463539E+03 -0.70417047298776E+05  0.24773761801959E+05  0.73834100314155E+03 -0.33387475585882E+03 -0.66506071600841E+03 -0.25922185390351E+02 -0.64990552596430E+01 -0.24919427396160E+04  0.29255372200378E+03 -0.27159085721355E+04 -0.13618468588403E+04 -0.11964898266061E+04  0.27961089953832E+01 -0.43273389755520E+02 -0.62942450081412E+01  0.00000000000000E+00  0.00000000000000E+00  0.00000000000000E+00  0.00000000000000E+00  0.00000000000000E+00  0.30822746689914E+05  0.00000000000000E+00  0.00000000000000E+00  0.00000000000000E+00  0.00000000000000E+00  0.00000000000000E+00  0.00000000000000E+00  0.00000000000000E+00  0.00000000000000E+00  0.00000000000000E+00  0.00000000000000E+00  0.00000000000000E+00  0.00000000000000E+00  0.00000000000000E+00
  -0.87098304747042E+06  0.21160776528784E+06 -0.32584711089976E+05 -0.66729758051976E+05  0.11507496798536E+05 -0.79265874513027E+04 -0.94712040411641E+04 -0.29450640127176E+06  0.67023263202144E+05  0.10966674703337E+05 -0.19786723685795E+04 -0.47143525018906E+04 -0.54624359582587E+03 -0.92674628232450E+00  0.18983161632188E+04 -0.13765210781103E+03  0.22966057664212E+04  0.10412910599256E+04  0.57061721682641E+06  0.52113221048433E+03 -0.65027455314835E+04  0.37309161194411E+05  0.00000000000000E+00  0.00000000000000E+00  0.00000000000000E+00  0.00000000000000E+00  0.00000000000000E+00  0.00000000000000E+00  0.58263852598641E+06  0.00000000000000E+00  0.00000000000000E+00  0.00000000000000E+00  0.00000000000000E+00  0.00000000000000E+00  0.00000000000000E+00  0.00000000000000E+00  0.00000000000000E+00  0.00000000000000E+00  0.00000000000000E+00  0.00000000000000E+00  0.00000000000000E+00
  -0.11299042236298E+07  0.26830518499518E+06 -0.42513169252742E+05 -0.34722051667184E+06  0.61536889532642E+05 -0.38239639214227E+05 -0.49447559262824E+05 -0.57686725004972E+06  0.12694858405523E+06  0.22737592487519E+05 -0.39238992988771E+04 -0.15590585712719E+02 -0.15199116805001E+01 -0.25406694704344E-02  0.42419593525443E+04 -0.47159582128677E+03  0.50619428568162E+04  0.27349535064104E+04  0.28316767701674E+07  0.38032938512040E+03 -0.61688225546670E+04  0.39794891214376E+05  0.47198289995072E+03 -0.37108485615661E+04  0.24581176539363E+05  0.00000000000000E+00  0.00000000000000E+00  0.00000000000000E+00  0.00000000000000E+00  0.92620209756997E+06  0.00000000000000E+00  0.00000000000000E+00  0.00000000000000E+00  0.00000000000000E+00  0.00000000000000E+00  0.00000000000000E+00  0.00000000000000E+00  0.00000000000000E+00  0.00000000000000E+00  0.00000000000000E+00  0.00000000000000E+00
  -0.20998421759808E+05  0.57579450527844E+04 -0.81632507852685E+03 -0.13538540876856E+04  0.30674995820195E+03  0.26684599492587E+02 -0.14226778040100E+03 -0.73893796924952E+05  0.22914396530462E+05  0.14922032272451E+04 -0.41515723534217E+03 -0.21614974100083E+04 -0.13480817359885E+03 -0.35878946949146E+01 -0.14957804544123E+04  0.16073538403029E+03 -0.13505362241182E+04 -0.68779571589839E+03  0.17018614331223E+05  0.00000000000000E+00  0.00000000000000E+00  0.00000000000000E+00  0.00000000000000E+00  0.00000000000000E+00  0.00000000000000E+00  0.00000000000000E+00  0.00000000000000E+00  0.00000000000000E+00  0.00000000000000E+00  0.00000000000000E+00  0.14283126095994E+05  0.00000000000000E+00  0.00000000000000E+00  0.00000000000000E+00  0.00000000000000E+00  0.00000000000000E+00  0.00000000000000E+00  0.00000000000000E+00  0.00000000000000E+00  0.00000000000000E+00  0.00000000000000E+00
  -0.47642095348867E+05  0.13250088783480E+05 -0.18597793260931E+04 -0.25014422679101E+04  0.54583142202960E+03  0.13748108072425E+02 -0.25624402229159E+03 -0.16653144103911E+06  0.51745140498538E+05  0.33022618277956E+04 -0.93550658110271E+03 -0.62120038698140E+02 -0.16117997070076E+02 -0.23087191621086E-04 -0.29819319371162E+04  0.31868848371328E+03 -0.27049496872311E+04 -0.13773970840207E+04  0.31625049008724E+05  0.00000000000000E+00  0.00000000000000E+00  0.00000000000000E+00  0.00000000000000E+00  0.00000000000000E+00  0.00000000000000E+00  0.00000000000000E+00  0.00000000000000E+00  0.00000000000000E+00  0.00000000000000E+00  0.00000000000000E+00  0.00000000000000E+00  0.31541525103783E+05  0.00000000000000E+00  0.00000000000000E+00  0.00000000000000E+00  0.00000000000000E+00  0.00000000000000E+00  0.00000000000000E+00  0.00000000000000E+00  0.00000000000000E+00  0.00000000000000E+00
  -0.32057626320070E+04  0.42366775402958E+03 -0.10248279785889E+03 -0.70395386807144E+02  0.88216332247357E+01 -0.18118289525540E+02 -0.12718717975546E+02 -0.14160216373486E+04  0.19251808805458E+03  0.43854934645731E+02 -0.10802148604576E+02 -0.74269360117300E+02 -0.59607645191982E+01 -0.15158489675948E+00 -0.73548955838369E+03  0.83915951950368E+02 -0.67784577309930E+03 -0.37428472187054E+03  0.21232269279616E+03  0.00000000000000E+00  0.00000000000000E+00  0.00000000000000E+00  0.00000000000000E+00  0.00000000000000E+00  0.00000000000000E+00  0.00000000000000E+00  0.00000000000000E+00  0.00000000000000E+00  0.00000000000000E+00  0.00000000000000E+00  0.00000000000000E+00  0.00000000000000E+00  0.37975793656676E+04  0.00000000000000E+00  0.00000000000000E+00  0.00000000000000E+00  0.00000000000000E+00  0.00000000000000E+00  0.00000000000000E+00  0.00000000000000E+00  0.00000000000000E+00
  -0.20550785106723E+06  0.64132446030441E+05 -0.81057543112068E+04 -0.11873309876340E+05  0.27899315220490E+04  0.55644987714328E+03 -0.89944968032398E+03 -0.56442789514981E+04  0.62930351165118E+03  0.54141147357686E+03 -0.43817202748439E+02 -0.15855757304288E+00 -0.11396766974156E+00  0.15692864254507E-12  0.31744638486284E+03 -0.86218117134932E+02  0.10234969909341E+03  0.14395541435924E+03  0.18560119525578E+06  0.22596447102698E+04  0.31123059729724E+04  0.15911147329185E+05  0.00000000000000E+00  0.00000000000000E+00  0.00000000000000E+00  0.00000000000000E+00  0.00000000000000E+00  0.00000000000000E+00  0.00000000000000E+00  0.00000000000000E+00  0.00000000000000E+00  0.00000000000000E+00  0.00000000000000E+00  0.10649057040093E+06  0.00000000000000E+00  0.00000000000000E+00  0.00000000000000E+00  0.00000000000000E+00  0.00000000000000E+00  0.00000000000000E+00  0.00000000000000E+00
  -0.23197703318637E+06  0.72118871166035E+05 -0.91439380028717E+04 -0.53934903272875E+05  0.12558970605275E+05  0.23212137095427E+04 -0.42064141861266E+04 -0.11111324790590E+05  0.12636084982777E+04  0.10325528417422E+04 -0.86196562291732E+02  0.63892501537027E-02  0.40422070943758E-02 -0.22748674928136E-12  0.56503703204547E+03 -0.15178527405506E+03  0.19870783953724E+03  0.26504321790357E+03  0.83036815502873E+06  0.19283890812315E+04  0.25668283816713E+04  0.13624659388945E+05  0.11633538589819E+04  0.18897002843895E+04  0.72346739053398E+04  0.00000000000000E+00  0.00000000000000E+00  0.00000000000000E+00  0.00000000000000E+00  0.00000000000000E+00  0.00000000000000E+00  0.00000000000000E+00  0.00000000000000E+00  0.00000000000000E+00  0.13900505440414E+06  0.00000000000000E+00  0.00000000000000E+00  0.00000000000000E+00  0.00000000000000E+00  0.00000000000000E+00  0.00000000000000E+00
  -0.91139277536578E+04  0.24242279906478E+04 -0.34938250850527E+03 -0.24437434318150E+04  0.44553792515554E+03 -0.21748912307169E+03 -0.33202307698169E+03  0.45951003652733E+03 -0.13086112387101E+04  0.12273228177387E+03 -0.11744653832743E+02 -0.16011646896658E+01 -0.16684595825268E+00 -0.18022250373874E-02 -0.29797232627241E+04  0.47493551530320E+03 -0.29517970649206E+04 -0.19131179505119E+04  0.24179652213967E+05  0.00000000000000E+00  0.00000000000000E+00  0.00000000000000E+00  0.00000000000000E+00  0.00000000000000E+00  0.00000000000000E+00  0.00000000000000E+00  0.00000000000000E+00  0.00000000000000E+00  0.00000000000000E+00  0.00000000000000E+00  0.00000000000000E+00  0.00000000000000E+00  0.00000000000000E+00  0.00000000000000E+00  0.00000000000000E+00  0.81312371308375E+04  0.00000000000000E+00  0.00000000000000E+00  0.00000000000000E+00  0.00000000000000E+00  0.00000000000000E+00
  -0.32291118320830E+04  0.77013262516361E+03 -0.12247996106482E+03 -0.95315743465885E+03  0.16658106691291E+03 -0.11649718864209E+03 -0.14211498846791E+03  0.33433696812065E+03 -0.71613650915130E+03  0.55328894499934E+02 -0.56638200156137E+01 -0.69272461412048E+00 -0.65519954333912E-01 -0.99569281037293E-03 -0.15679952738781E+04  0.23172614876789E+03 -0.15827754185988E+04 -0.98292434881972E+03  0.76413038429784E+04  0.00000000000000E+00  0.00000000000000E+00  0.00000000000000E+00  0.00000000000000E+00  0.00000000000000E+00  0.00000000000000E+00  0.00000000000000E+00  0.00000000000000E+00  0.00000000000000E+00  0.00000000000000E+00  0.00000000000000E+00  0.00000000000000E+00  0.00000000000000E+00  0.00000000000000E+00  0.00000000000000E+00  0.00000000000000E+00  0.00000000000000E+00  0.41902438233488E+04  0.00000000000000E+00  0.00000000000000E+00  0.00000000000000E+00  0.00000000000000E+00
  -0.18109021192392E+05 -0.22204872376437E+04 -0.63075283218258E+02 -0.99185867941513E+04  0.39059049240384E+03 -0.31599237622133E+04 -0.13483079403835E+04 -0.27427802353229E+06  0.11319209953008E+06  0.31359630968556E+04 -0.11265982052581E+04  0.27618659725598E+03  0.27115348927931E+02 -0.16674718002194E+01 -0.22180673752785E+04 -0.35560573105568E+03  0.17048265300048E+04  0.17329276795327E+04 -0.18270266441728E+05  0.00000000000000E+00  0.00000000000000E+00  0.00000000000000E+00  0.00000000000000E+00  0.00000000000000E+00  0.00000000000000E+00  0.00000000000000E+00  0.00000000000000E+00  0.00000000000000E+00  0.00000000000000E+00  0.00000000000000E+00  0.00000000000000E+00  0.00000000000000E+00  0.00000000000000E+00  0.00000000000000E+00  0.00000000000000E+00  0.00000000000000E+00  0.00000000000000E+00  0.12575438453722E+06  0.00000000000000E+00  0.00000000000000E+00  0.00000000000000E+00
   0.16899260418974E+05 -0.22604744070674E+04  0.61489039375647E+03 -0.15936267144879E+05  0.24976878984921E+04 -0.31587659745369E+04 -0.30484623264224E+04 -0.84521779323029E+04  0.15101053310217E+04  0.42131347968742E+03 -0.61533401599535E+02  0.27389945817637E+03  0.60886460951970E+02  0.68531415230425E-04  0.19428227509560E+03 -0.35059946871284E+02  0.26483424696882E+03  0.18186825147541E+03  0.45115113483549E+05  0.30271469450670E+03  0.10918301715118E+04 -0.22731375908343E+04 -0.22776019723405E+03 -0.98801963893937E+03  0.26019114906835E+04  0.00000000000000E+00  0.00000000000000E+00  0.00000000000000E+00  0.00000000000000E+00  0.00000000000000E+00  0.00000000000000E+00  0.00000000000000E+00  0.00000000000000E+00  0.00000000000000E+00  0.00000000000000E+00  0.00000000000000E+00  0.00000000000000E+00  0.00000000000000E+00  0.39039115272692E+05  0.00000000000000E+00  0.00000000000000E+00
