# fitpack15: fit parameters                                                                         
# CJ15 AV18 final data choices                                                                      
# Created on 04/24/2019 at 06:04:15                                                                 

 # QCD setup
  INS                           0
  NVL                          11
  IORD                          1
  Q02                   1.6899999999999999     
  IPARAMC                       7
  FLAVOR                5.0000000000000000     
  xmc                   1.3000000000000000     
  xmb                   4.5000000000000000     
  ncb                          12
  ihq                           1
  ias                           0

 # Theory corrections
  inuke                     10814
  itmc                          1
  iht                           1

 # fit parameters
 LAMBDA       0.22680        0.0000    
 a0uv          2.2526        0.0000    
 a1uv         0.60042       0.28728E-01
 a2uv          3.5552       0.15196E-01
 a3uv          0.0000        0.0000    
 a4uv          3.8172       0.68164    
 a5uv          0.0000        0.0000    
 a0dv          20.867        0.0000    
 a1dv          1.1082       0.69579E-01
 a2dv          6.5702       0.20068    
 a3dv         -3.6086       0.11658    
 a4dv          5.0757       0.34415    
 a5dv          0.0000        0.0000    
 a0ud         0.14108       0.57288E-02
 a1ud        -0.21162       0.43295E-02
 a2ud          8.6532       0.25321    
 a3ud          0.0000        0.0000    
 a4ud          16.795        1.9500    
 a5ud          0.0000        0.0000    
 a0du          35712.        0.0000    
 a1du          3.9755       0.98716E-01
 a2du          20.214       0.94208    
 a3du          17.000        0.0000    
 a4du          44.877        11.565    
 a0g           50.942        0.0000    
 a1g          0.62088       0.33799E-01
 a2g           7.0162       0.94310    
 a3g          -3.4588       0.15335    
 a4g           3.5483       0.39423    
 a5g           0.0000        0.0000    
 kappa        0.40000        0.0000    
 a6dv        -0.42572E-02   0.24870E-02
 a7dv          2.0000        0.0000    
 off1         -4.6365        3.8287    
 off2         0.21683E-01   0.55684E-01
 ht1          -3.2291       0.22333    
 ht2           1.9509       0.10738    
 ht3          -2.0975       0.18552E-01
 ht4           0.0000        0.0000    
 dummy40       0.0000        0.0000    
 dummy41       0.0000        0.0000    
 dummy42       0.0000        0.0000    
 dummy43       0.0000        0.0000    
 dummy44       0.0000        0.0000    
 dummy45       0.0000        0.0000    
 dummy46       0.0000        0.0000    
 dummy47       0.0000        0.0000    
 dummy48       0.0000        0.0000    
 dummy49       0.0000        0.0000    
 bcdmsh2      0.97057       0.47349E-02
 bcdmsd2      0.99224       0.57568E-02
 ccfr          1.0000        0.0000    
 nutev         1.0000        0.0000    
 zeus         0.97998        0.0000    
 h1            1.0162        0.0000    
 e605          1.0319        0.0000    
 NmcH2         1.0086       0.71473E-02
 ntv_nu        1.0000        0.0000    
 ntv_nubar     1.0000        0.0000    
 cdf_jet      0.98910        0.0000    
 d0_jet       0.83504        0.0000    
 slac_p        1.0028       0.45933E-02
 slac_d        1.0049       0.51004E-02
 e866pp       0.95979       0.23226E-01
 e866pd       0.96885       0.19452E-01
 d0_gamjet     1.0372       0.16672E-01
 h1b          0.97608        0.0000    
 jlab_p       0.99274       0.55192E-02
 jlab_d       0.97676       0.57180E-02
 blank         1.0000        0.0000    
 d0run2       0.94193       0.13938E-01
 cdfrun2      0.92898       0.17148E-01
 HERA_el       1.0000        0.0000    
 HERA_ps       1.0000        0.0000    
 CDF_Z        0.96342       0.71079E-02
 NmcRat        1.0000        0.0000    
 BNS_F2nd     0.98244        0.0000    
 HERMES_F2p   0.99681       0.54113E-02
 HERMES_F2d   0.98046       0.56900E-02
 e03103_p     0.99754       0.50691E-02
 e03103_d     0.98054       0.53685E-02
 e06009_d_c   0.96227       0.91202E-02
 e94110_p      1.0115       0.52642E-02
 e99118_p      1.0154       0.17708E-01
 e99118_d      1.0270       0.18079E-01
 END 0. 0.

 # Hessian matrix (Bevington alpha)
   0.64793749134626E+07 -0.17323422624456E+07  0.28869406468815E+06  0.10904828130412E+07 -0.22640646873397E+06  0.40953044364514E+05  0.11986300473328E+06  0.12885548802938E+07 -0.18329068701488E+06 -0.67566886010155E+05  0.96047338490248E+04  0.12378421214528E+05  0.14530432273826E+04 -0.21213003221128E+02  0.41035563030191E+05 -0.48434597625252E+04  0.37360903458711E+05  0.20450044460435E+05 -0.94625750945222E+07 -0.34709811536627E+04 -0.29409135101744E+06  0.66857270194274E+05  0.22349116975875E+06  0.78413525606726E+06 -0.12878556707186E+06 -0.54350135198201E+05 -0.46079472066422E+04 -0.84895609357903E+06 -0.10934061151371E+07 -0.20944588779915E+05 -0.46799876014807E+05 -0.31175663487835E+04 -0.20067647298475E+06 -0.22553256056527E+06 -0.90656945548992E+04 -0.32009415804552E+04 -0.15857739697434E+05 -0.71700763659545E+05 -0.56256767416151E+05 -0.31229428627304E+06 -0.52819008456736E+06 -0.16328704178250E+05 -0.33291715582043E+06 -0.43293733913062E+04 -0.33119991313218E+04
  -0.17323422624456E+07  0.53978876206858E+06 -0.78892452014727E+05 -0.25680743462367E+06  0.57891973201069E+05  0.19990188712582E+04 -0.23114939059640E+05 -0.17775919034052E+06  0.27308650031323E+05  0.10660103974606E+05 -0.12823085517576E+04 -0.81962010283485E+03 -0.10326668738017E+03  0.13730933245423E+01 -0.36075155965084E+04  0.23850419546623E+03 -0.37784788917538E+04 -0.17215951008832E+04  0.30184985123511E+07  0.11454687085239E+04  0.81037596062076E+05 -0.13511956666429E+05 -0.51689669749735E+05 -0.20763207403576E+06  0.16677596862892E+05  0.82126311788579E+04 -0.22793394013529E+03  0.20986270096212E+06  0.26381679487771E+06  0.58707509965636E+04  0.13245171764002E+05  0.42112394135386E+03  0.63694457618587E+05  0.71171922782211E+05  0.24355093060347E+04  0.77144432437894E+03 -0.23099429058527E+04  0.85857807782292E+04  0.71779301109768E+04  0.80332037022496E+05  0.13462622629708E+06  0.10323920610122E+04  0.77054858231988E+05  0.58331640793768E+03  0.45761330720385E+03
   0.28869406468815E+06 -0.78892452014727E+05  0.12955149979712E+05  0.47918225367113E+05 -0.10136959723835E+05  0.13837425629672E+04  0.51455074804456E+04  0.45530160176112E+05 -0.58685688556330E+04 -0.26913747402826E+04  0.34654308358665E+03  0.31420931097727E+03  0.46879056307580E+02 -0.11481476501274E+01  0.10576191297713E+04 -0.12272039786589E+03  0.10407267436831E+04  0.55785598723730E+03 -0.43179108652540E+06 -0.15935935425184E+03 -0.13196041797948E+05  0.28724914969089E+04  0.96772502141721E+04  0.34750337964261E+05 -0.52555614444324E+04 -0.22289972005608E+04  0.41351929154618E+02 -0.36573372410923E+05 -0.47327795879239E+05 -0.94384879319080E+03 -0.21166246815247E+04 -0.11259360249514E+03 -0.92204268507554E+04 -0.10344304833498E+05 -0.40084669359973E+03 -0.13948056034823E+03  0.97163125824580E+01 -0.24459138644294E+04 -0.19708012710238E+04 -0.14036338882756E+05 -0.23795890202986E+05 -0.66508923451192E+03 -0.14951775722144E+05 -0.17712720506035E+03 -0.13595437291193E+03
   0.10904828130412E+07 -0.25680743462367E+06  0.47918225367113E+05  0.29704249229379E+06 -0.57540484245849E+05  0.21565564196420E+05  0.37274353711135E+05  0.31522208496198E+06 -0.45592259058930E+05 -0.16811350034181E+05  0.23508258272941E+04  0.10615648382259E+04  0.11244921070691E+03  0.47369083315661E+01  0.85286798078789E+04 -0.98515495771076E+03  0.70395998960929E+04  0.38791215769517E+04 -0.19220964642662E+07 -0.80457319135842E+03 -0.89806935385787E+05  0.27332036694248E+05  0.76928253484389E+05  0.28831492583631E+06 -0.13148517190059E+05 -0.21691098075714E+05 -0.15537528863085E+03 -0.67368384100031E+05 -0.34682353679522E+06 -0.14997321251494E+04 -0.25124251637969E+04 -0.73976685767748E+02 -0.11808917819248E+05 -0.52680901713161E+05 -0.25223532291029E+04 -0.98284353032407E+03 -0.10634157542217E+05 -0.74602741379392E+04 -0.21985216423684E+05 -0.23790460570396E+05 -0.15926443942465E+06 -0.86055413370961E+04 -0.27883221048565E+05 -0.47394475964121E+03 -0.13946189693763E+04
  -0.22640646873397E+06  0.57891973201069E+05 -0.10136959723835E+05 -0.57540484245849E+05  0.12053405647299E+05 -0.21801966482938E+04 -0.65684976950135E+04 -0.33854797220088E+05  0.29472664890083E+04  0.24689523331595E+04 -0.27343337488380E+03 -0.21067095508256E+03 -0.17417304658669E+02 -0.70461174674492E+00 -0.68483573497365E+03  0.55923838503614E+02 -0.62134253904439E+03 -0.29573970243987E+03  0.44229501648805E+06  0.19541837477167E+03  0.18593575959287E+05 -0.50327053750910E+04 -0.14341467081324E+05 -0.56678384703831E+05  0.20159629376825E+04  0.33866520278834E+04 -0.50544646424330E+02  0.11967335093007E+05  0.62910884146619E+05  0.35273382583293E+03  0.57522003710783E+03  0.93557884255738E+01  0.29399155905368E+04  0.12947877415968E+05  0.47455660094053E+03  0.17581718961140E+03  0.41540636867748E+03  0.82999062795446E+03  0.25440013835086E+04  0.50612034988007E+04  0.34739517414706E+05  0.12131165615885E+04  0.59745822327447E+04  0.71055639056811E+02  0.21206082371883E+03
   0.40953044364514E+05  0.19990188712582E+04  0.13837425629672E+04  0.21565564196420E+05 -0.21801966482938E+04  0.63513539218062E+04  0.43648684126738E+04  0.74138012737192E+05 -0.12953769727603E+05 -0.29255365636445E+04  0.53360144567058E+03  0.12748265863464E+03  0.19448685768837E+02  0.15973503257790E+01  0.20796457290033E+04 -0.31465792563842E+03  0.16093285077032E+04  0.10412547819838E+04  0.34181702196317E+05  0.40038865248719E+02 -0.36647090879880E+04  0.24630014762045E+04  0.64944557410183E+04  0.17630440368529E+05 -0.22922235487329E+04 -0.35027746948921E+04  0.96238156512906E+02 -0.69178388425851E+04 -0.32930015632907E+05  0.32593936443014E+02  0.27349344339121E+02 -0.16738516485853E+02  0.51911863402107E+03  0.20718244367043E+04 -0.19364674606471E+03 -0.10336324137826E+03 -0.30715681386974E+04 -0.16918543249500E+04 -0.48169305283260E+04 -0.70075614940784E+03 -0.30462476521363E+04 -0.14540273850235E+04 -0.77200593519518E+03 -0.83160959005288E+02 -0.23715548709863E+03
   0.11986300473328E+06 -0.23114939059640E+05  0.51455074804456E+04  0.37274353711135E+05 -0.65684976950135E+04  0.43648684126738E+04  0.54024484731951E+04  0.46647930455661E+05 -0.58741502435912E+04 -0.25741973842201E+04  0.35996652893830E+03  0.17597292761300E+03  0.18541549866779E+02  0.10377040188319E+01  0.10348899185174E+04 -0.14234834757131E+03  0.77882251785606E+03  0.47667369788459E+03 -0.16486454301962E+06 -0.60516039834593E+02 -0.10132041207573E+05  0.35812380481307E+04  0.97703361702643E+04  0.33927095530814E+05 -0.21735853203603E+04 -0.33991059355443E+04  0.10974063316211E+03 -0.87149829180776E+04 -0.44883649195184E+05 -0.14594313021648E+03 -0.23817362713329E+03 -0.12060390141174E+02 -0.85921704895322E+03 -0.39521017214982E+04 -0.31407731684232E+03 -0.13303391741371E+03 -0.13193562866746E+04 -0.10551475326651E+04 -0.31159079699539E+04 -0.26353237146119E+04 -0.17047677827256E+05 -0.15376070455554E+04 -0.31572860137962E+04 -0.78682693123316E+02 -0.22954355733175E+03
   0.12885548802938E+07 -0.17775919034052E+06  0.45530160176112E+05  0.31522208496198E+06 -0.33854797220088E+05  0.74138012737192E+05  0.46647930455661E+05  0.53877662799835E+07 -0.24384652420908E+07 -0.87711883784690E+05  0.24317649004864E+05  0.33203429315798E+05  0.22329413651248E+04  0.96614562455647E+02  0.68150362275932E+05 -0.87125446470266E+04  0.64786039701539E+05  0.35075206416117E+05 -0.58647859074331E+06  0.17679340225807E+03 -0.40074271499502E+05  0.37840566753560E+05  0.11291124774566E+06  0.30620038327276E+06 -0.61142821914173E+05 -0.49734745937425E+05 -0.70307762902087E+05 -0.28710951338515E+06 -0.56822820796638E+06 -0.75583879808006E+05 -0.16784210340316E+06 -0.13480882800087E+04 -0.50727231320611E+04 -0.10089942585314E+05  0.34188522975101E+03  0.29450156751487E+03 -0.27659218742826E+06 -0.14289103249699E+06 -0.17855871621017E+06 -0.31599116604805E+05 -0.73726851946584E+05 -0.11670029415596E+05 -0.32553175659362E+05 -0.21621713655799E+04 -0.27605530568782E+04
  -0.18329068701488E+06  0.27308650031323E+05 -0.58685688556330E+04 -0.45592259058930E+05  0.29472664890083E+04 -0.12953769727603E+05 -0.58741502435912E+04 -0.24384652420908E+07  0.19342200317720E+07  0.19883801007334E+05 -0.62532155400213E+04 -0.63744645828010E+04 -0.33742412255243E+03 -0.24782203234480E+02  0.46727740178023E+05 -0.21389113560835E+04  0.13769933562436E+05  0.66180672406330E+04  0.32044443114217E+05 -0.82429819245260E+02  0.22803832799332E+04 -0.77593130563628E+04 -0.23950545870958E+05 -0.62589866194299E+05  0.11136564895030E+05  0.10731528628580E+05  0.24531920973367E+05  0.65173297338218E+05  0.12502180547011E+06  0.23351434823948E+05  0.51980263844330E+05  0.17103123647054E+03  0.53958903746669E+03  0.11056717216298E+04 -0.12694661043744E+04 -0.70229000128035E+03  0.11329193591120E+06  0.44589503980388E+05  0.55182663501578E+05  0.45172785661567E+04  0.10209803237304E+05  0.18914045742320E+04  0.44912034394448E+04  0.43074337879739E+03  0.54990650644468E+03
  -0.67566886010155E+05  0.10660103974606E+05 -0.26913747402826E+04 -0.16811350034181E+05  0.24689523331595E+04 -0.29255365636445E+04 -0.25741973842201E+04 -0.87711883784690E+05  0.19883801007334E+05  0.26155375221478E+04 -0.56036960812301E+03 -0.83469684283481E+03 -0.73372381388265E+02 -0.69585492282733E+00 -0.31629955123627E+04  0.38087960337181E+03 -0.25182432920774E+04 -0.14328610872158E+04  0.52566381147121E+05  0.90804821693554E+01  0.32078056494952E+04 -0.16108571201435E+04 -0.45990871621322E+04 -0.13395848974273E+05  0.26434536862430E+04  0.18404928929873E+04  0.72905099698657E+03  0.10530483398966E+05  0.21962503035913E+05  0.14997824244423E+04  0.32586672478639E+04  0.41944983473974E+02  0.48964078366191E+03  0.93847035659776E+03  0.12405055205478E+03  0.55680093543485E+02  0.31296532439756E+04  0.27627241034754E+04  0.35347329438027E+04  0.21023505226524E+04  0.51989278244035E+04  0.64815241808337E+03  0.23435366574563E+04  0.91187345298093E+02  0.11602766416827E+03
   0.96047338490248E+04 -0.12823085517576E+04  0.34654308358665E+03  0.23508258272941E+04 -0.27343337488380E+03  0.53360144567058E+03  0.35996652893830E+03  0.24317649004864E+05 -0.62532155400213E+04 -0.56036960812301E+03  0.14430948739466E+03  0.22743863734566E+03  0.16504513205415E+02  0.45090922612917E+00  0.96207801693769E+03 -0.10417159891689E+03  0.73542435097337E+03  0.40146713952342E+03 -0.49422841186787E+04  0.71970241642475E+00 -0.33024239604064E+03  0.24970986126779E+03  0.73659618341934E+03  0.20188997026854E+04 -0.42268632716544E+03 -0.32351287242813E+03 -0.32187235258007E+03 -0.18294088928380E+04 -0.36614528321728E+04 -0.40511465167405E+03 -0.89950966427833E+03 -0.99209101130777E+01 -0.37392368239281E+02 -0.74246536434469E+02 -0.11663627651274E+02 -0.55375127642111E+01 -0.10931831195831E+04 -0.76437117236370E+03 -0.96197253816639E+03 -0.22642401233686E+03 -0.52961680881454E+03 -0.81920259496416E+02 -0.23343112365769E+03 -0.14482659505019E+02 -0.18495020563273E+02
   0.12378421214528E+05 -0.81962010283485E+03  0.31420931097727E+03  0.10615648382259E+04 -0.21067095508256E+03  0.12748265863464E+03  0.17597292761300E+03  0.33203429315798E+05 -0.63744645828010E+04 -0.83469684283481E+03  0.22743863734566E+03  0.20741861337590E+04  0.12858817285515E+03  0.13700466568408E+01  0.21713352622205E+04 -0.28349494397945E+03  0.20018405166683E+04  0.11419762199806E+04 -0.68329735853459E+04 -0.62298647759153E+01 -0.11037445556499E+03 -0.67536083469701E+02 -0.49192172098581E+01 -0.15443834596222E+04 -0.12188036256615E+04  0.30943813956134E-10 -0.86465743047102E+03 -0.55224591880877E+04 -0.12887734539446E-09 -0.27786756471994E+04 -0.72811870389506E+02 -0.89814721751431E+02 -0.19090061388686E+00 -0.17989143693999E-09 -0.19415518643008E+01 -0.83756385410574E+00  0.34123126984257E+03 -0.31148618498403E+04 -0.97777724359557E-10 -0.77213511661190E+02 -0.15151315706554E-09  0.96613355782637E-11 -0.26535861223487E+02 -0.33717755056045E+02  0.40807720007502E-11
   0.14530432273826E+04 -0.10326668738017E+03  0.46879056307580E+02  0.11244921070691E+03 -0.17417304658669E+02  0.19448685768837E+02  0.18541549866779E+02  0.22329413651248E+04 -0.33742412255243E+03 -0.73372381388265E+02  0.16504513205415E+02  0.12858817285515E+03  0.11043823136928E+02 -0.64130825335159E-01  0.13195856498247E+03 -0.19461111331665E+02  0.12359259613745E+03  0.75189993547752E+02 -0.46058750780845E+03 -0.42675745562781E+00  0.13796654737504E+02 -0.34268051363144E+01  0.74264198976170E+01 -0.14476947054848E+03 -0.17814564736156E+03  0.88262175282823E-12 -0.32183749940277E+02 -0.63753694789890E+03 -0.37341604652134E-11 -0.16860907062379E+03 -0.19076942487975E+02 -0.70341800410749E+01 -0.13783008940833E+00 -0.70952393573382E-12 -0.19924274588340E+00 -0.77685389624943E-01  0.32952060005683E+02 -0.21775616920670E+03 -0.63895177712528E-11 -0.26667469272895E+02  0.25200754739264E-10  0.15205437139607E-11 -0.11686145876111E+02 -0.58895904018336E+01 -0.27652150153037E-12
  -0.21213003221128E+02  0.13730933245423E+01 -0.11481476501274E+01  0.47369083315661E+01 -0.70461174674492E+00  0.15973503257790E+01  0.10377040188319E+01  0.96614562455647E+02 -0.24782203234480E+02 -0.69585492282733E+00  0.45090922612917E+00  0.13700466568408E+01 -0.64130825335159E-01  0.54174706266170E-01  0.93806570347912E+01 -0.42152608022333E+00  0.40931905064481E+01  0.14542555575188E+01 -0.17969188082374E+02 -0.30882813096224E-02 -0.58907110330178E+01  0.22812231349849E+00  0.64779889599373E+00  0.26676992475985E+01  0.68886602408703E-01  0.59273187202151E-13 -0.88883910984273E+01 -0.18412352775890E+01  0.27659539971095E-11 -0.60925627431603E+01 -0.12825407634285E-03 -0.22103816194068E+00 -0.37737327528168E-11 -0.27796441312808E-12 -0.27364045079896E-02 -0.14863576848723E-02 -0.16918284031005E+01 -0.57365842831526E+01 -0.94413577099442E-12 -0.38457786702131E-05  0.21516577909020E-12  0.14239601899956E-12 -0.16535609120716E-06 -0.99162488229285E-04  0.32044306278695E-13
   0.41035563030191E+05 -0.36075155965084E+04  0.10576191297713E+04  0.85286798078789E+04 -0.68483573497365E+03  0.20796457290033E+04  0.10348899185174E+04  0.68150362275932E+05  0.46727740178023E+05 -0.31629955123627E+04  0.96207801693769E+03  0.21713352622205E+04  0.13195856498247E+03  0.93806570347912E+01  0.45286117509774E+05 -0.41380239010079E+04  0.29581795362254E+05  0.15491655831592E+05 -0.22412509652412E+05  0.92114139514948E+01  0.11961651618701E+04 -0.31843742273798E+03 -0.90411090713273E+03 -0.18432201420851E+04 -0.27068659792583E+04 -0.17634724849564E+04 -0.24846196823126E+04  0.20330069757040E+04  0.44008405896720E+04 -0.15439274359539E+04 -0.29334274417493E+04 -0.72866302954204E+03  0.22415529087640E+03  0.40609159963302E+03 -0.28774711201749E+04 -0.15301932001389E+04 -0.24292017430388E+04 -0.88977974708941E+03 -0.99681363588062E+03  0.76865451430570E+03  0.24024270482970E+04  0.41172373563955E+03  0.14903941084394E+04  0.53444421936399E+02  0.62867249322075E+02
  -0.48434597625252E+04  0.23850419546623E+03 -0.12272039786589E+03 -0.98515495771076E+03  0.55923838503614E+02 -0.31465792563842E+03 -0.14234834757131E+03 -0.87125446470266E+04 -0.21389113560835E+04  0.38087960337181E+03 -0.10417159891689E+03 -0.28349494397945E+03 -0.19461111331665E+02 -0.42152608022333E+00 -0.41380239010079E+04  0.44598807984989E+03 -0.30743103323012E+04 -0.16874684829154E+04  0.14598524760551E+04 -0.21626396278097E+01 -0.20838910721661E+03  0.45618534184294E+02  0.12233428930661E+03  0.27721608907788E+03  0.49379647376602E+03  0.30776890174413E+03  0.28798265053679E+03 -0.17373144460750E+03 -0.51722116540821E+03  0.15951636988802E+03  0.30233658313770E+03  0.80480971965186E+02 -0.59362909321524E+02 -0.10598082018679E+03  0.43309322999679E+03  0.21501757489764E+03 -0.29046818102609E+03  0.24667668617793E+03  0.27504796552730E+03 -0.16532351494970E+03 -0.54782386065955E+03 -0.80199251415081E+02 -0.34149333727772E+03 -0.84207507365149E+01 -0.10027523824790E+02
   0.37360903458711E+05 -0.37784788917538E+04  0.10407267436831E+04  0.70395998960929E+04 -0.62134253904439E+03  0.16093285077032E+04  0.77882251785606E+03  0.64786039701539E+05  0.13769933562436E+05 -0.25182432920774E+04  0.73542435097337E+03  0.20018405166683E+04  0.12359259613745E+03  0.40931905064481E+01  0.29581795362254E+05 -0.30743103323012E+04  0.21865067143032E+05  0.11786132503957E+05 -0.23031784649851E+05  0.45604645479720E+01  0.91023100819933E+03 -0.28338526358823E+03 -0.78395466336075E+03 -0.14359553704560E+04 -0.21528481836896E+04 -0.14036845017052E+04 -0.23712956691737E+04  0.20516318620506E+04  0.41152581241339E+04 -0.12284517258924E+04 -0.23406525120772E+04 -0.55889943880079E+03  0.38723049971962E+02  0.80930605593098E+02 -0.22515940990657E+04 -0.12312610261363E+04  0.73031312076001E+03 -0.13428054943976E+04 -0.14849722155229E+04  0.43660516683683E+03  0.10740862004689E+04  0.29963404396270E+03  0.63332361202148E+03  0.57956774588773E+02  0.66548490002933E+02
   0.20450044460435E+05 -0.17215951008832E+04  0.55785598723730E+03  0.38791215769517E+04 -0.29573970243987E+03  0.10412547819838E+04  0.47667369788459E+03  0.35075206416117E+05  0.66180672406330E+04 -0.14328610872158E+04  0.40146713952342E+03  0.11419762199806E+04  0.75189993547752E+02  0.14542555575188E+01  0.15491655831592E+05 -0.16874684829154E+04  0.11786132503957E+05  0.64633426361917E+04 -0.10774486528240E+05  0.46410051564035E+01  0.64268988837384E+03 -0.18146713881807E+03 -0.48118043652098E+03 -0.93769203709165E+03 -0.15742361675666E+04 -0.99130113931488E+03 -0.12052594179179E+04  0.98850925834105E+03  0.23094042403278E+04 -0.62623241560320E+03 -0.11951030950152E+04 -0.31069197561876E+03  0.74612767473582E+02  0.14097442070225E+03 -0.14770703097818E+04 -0.77331783568713E+03  0.10992481457027E+04 -0.98426501202183E+03 -0.10888226606685E+04  0.40803433796289E+03  0.11385154938470E+04  0.25240596595652E+03  0.69616983164835E+03  0.37117678758743E+02  0.43046610071026E+02
  -0.94625750945222E+07  0.30184985123511E+07 -0.43179108652540E+06 -0.19220964642662E+07  0.44229501648805E+06  0.34181702196317E+05 -0.16486454301962E+06 -0.58647859074331E+06  0.32044443114217E+05  0.52566381147121E+05 -0.49422841186787E+04 -0.68329735853459E+04 -0.46058750780845E+03 -0.17969188082374E+02 -0.22412509652412E+05  0.14598524760551E+04 -0.23031784649851E+05 -0.10774486528240E+05  0.23738950318977E+08  0.10949788540130E+05  0.76127769173003E+06 -0.16427461034069E+06 -0.51727206431329E+06 -0.22692407247794E+07  0.28497333632907E+05  0.63385621338377E+05 -0.89004033203324E+03  0.47483937447187E+06  0.23138053939265E+07  0.15503775332808E+05  0.26513997941558E+05  0.18540645476015E+03  0.15454663517001E+06  0.67384961505793E+06  0.20485251308054E+05  0.64479670205827E+04 -0.14534225471799E+05  0.17447054590560E+05  0.53723842438026E+05  0.18521968603379E+06  0.12191292640180E+07  0.10072658805075E+04  0.17353689533521E+06  0.10750758698263E+04  0.32707612799344E+04
  -0.34709811536627E+04  0.11454687085239E+04 -0.15935935425184E+03 -0.80457319135842E+03  0.19541837477167E+03  0.40038865248719E+02 -0.60516039834593E+02  0.17679340225807E+03 -0.82429819245260E+02  0.90804821693554E+01  0.71970241642475E+00 -0.62298647759153E+01 -0.42675745562781E+00 -0.30882813096224E-02  0.92114139514948E+01 -0.21626396278097E+01  0.45604645479720E+01  0.46410051564035E+01  0.10949788540130E+05  0.57126481189206E+01  0.37146018562725E+03 -0.81877840686664E+02 -0.24523953277949E+03 -0.11179781764824E+04  0.00000000000000E+00  0.30006080982366E+01  0.00000000000000E+00  0.00000000000000E+00  0.10250908932941E+04  0.00000000000000E+00 -0.13479850036964E+02  0.00000000000000E+00  0.00000000000000E+00  0.33394650050697E+03  0.00000000000000E+00  0.00000000000000E+00  0.00000000000000E+00  0.00000000000000E+00 -0.36611862601988E+01  0.00000000000000E+00  0.61682057565263E+03 -0.23789842047262E+00  0.00000000000000E+00  0.00000000000000E+00  0.11872158393436E+01
  -0.29409135101744E+06  0.81037596062076E+05 -0.13196041797948E+05 -0.89806935385787E+05  0.18593575959287E+05 -0.36647090879880E+04 -0.10132041207573E+05 -0.40074271499502E+05  0.22803832799332E+04  0.32078056494952E+04 -0.33024239604064E+03 -0.11037445556499E+03  0.13796654737504E+02 -0.58907110330178E+01  0.11961651618701E+04 -0.20838910721661E+03  0.91023100819933E+03  0.64268988837384E+03  0.76127769173003E+06  0.37146018562725E+03  0.34658050333263E+05 -0.94239521206587E+04 -0.26486633014591E+05 -0.10895289967100E+06  0.00000000000000E+00  0.52078145446945E+04  0.00000000000000E+00  0.00000000000000E+00  0.11566813674440E+06  0.00000000000000E+00 -0.11366797862279E+04  0.00000000000000E+00  0.00000000000000E+00  0.22688206099465E+05  0.00000000000000E+00  0.00000000000000E+00  0.00000000000000E+00  0.00000000000000E+00  0.42883485338730E+04  0.00000000000000E+00  0.56365072121407E+05  0.21255219426749E+04  0.00000000000000E+00  0.00000000000000E+00  0.38137693586401E+03
   0.66857270194274E+05 -0.13511956666429E+05  0.28724914969089E+04  0.27332036694248E+05 -0.50327053750910E+04  0.24630014762045E+04  0.35812380481307E+04  0.37840566753560E+05 -0.77593130563628E+04 -0.16108571201435E+04  0.24970986126779E+03 -0.67536083469701E+02 -0.34268051363144E+01  0.22812231349849E+00 -0.31843742273798E+03  0.45618534184294E+02 -0.28338526358823E+03 -0.18146713881807E+03 -0.16427461034069E+06 -0.81877840686664E+02 -0.94239521206587E+04  0.34957187126421E+04  0.92360372344835E+04  0.34974790921151E+05 -0.49073619409287E+02 -0.22573884369848E+04  0.26233872970106E+01  0.85334158682545E+03 -0.41475053414426E+05  0.00000000000000E+00 -0.36125911911684E+03  0.00000000000000E+00  0.24015694342088E+04 -0.43664604924603E+04  0.00000000000000E+00  0.00000000000000E+00  0.00000000000000E+00 -0.36854959626661E+03 -0.31449186269370E+04  0.16179711998926E+04 -0.14491345198155E+05 -0.12021763749781E+04  0.18688417329011E+04 -0.38390476428313E+02 -0.17918066644851E+03
   0.22349116975875E+06 -0.51689669749735E+05  0.96772502141721E+04  0.76928253484389E+05 -0.14341467081324E+05  0.64944557410183E+04  0.97703361702643E+04  0.11291124774566E+06 -0.23950545870958E+05 -0.45990871621322E+04  0.73659618341934E+03 -0.49192172098581E+01  0.74264198976170E+01  0.64779889599373E+00 -0.90411090713273E+03  0.12233428930661E+03 -0.78395466336075E+03 -0.48118043652098E+03 -0.51727206431329E+06 -0.24523953277949E+03 -0.26486633014591E+05  0.92360372344835E+04  0.25364750691767E+05  0.95538069356252E+05 -0.14968688384882E+03 -0.56653910202885E+04 -0.44089739448433E+02 -0.57214921867126E+04 -0.11473842263314E+06  0.00000000000000E+00 -0.90160973379662E+03  0.00000000000000E+00  0.32770542146204E+04 -0.14399562783447E+05  0.00000000000000E+00  0.00000000000000E+00  0.00000000000000E+00 -0.20037923270294E+04 -0.89694079146919E+04  0.14903318031610E+04 -0.41388436994575E+05 -0.29646662004553E+04  0.27781513280071E+04 -0.14147750303592E+03 -0.49567300648873E+03
   0.78413525606726E+06 -0.20763207403576E+06  0.34750337964261E+05  0.28831492583631E+06 -0.56678384703831E+05  0.17630440368529E+05  0.33927095530814E+05  0.30620038327276E+06 -0.62589866194299E+05 -0.13395848974273E+05  0.20188997026854E+04 -0.15443834596222E+04 -0.14476947054848E+03  0.26676992475985E+01 -0.18432201420851E+04  0.27721608907788E+03 -0.14359553704560E+04 -0.93769203709165E+03 -0.22692407247794E+07 -0.11179781764824E+04 -0.10895289967100E+06  0.34974790921151E+05  0.95538069356252E+05  0.39320547194339E+06  0.24489855585061E+03 -0.25916376724594E+05 -0.61862724294996E+01  0.36703679577252E+05 -0.42966761990490E+06  0.00000000000000E+00 -0.42216540593605E+04  0.00000000000000E+00  0.15601859888800E+05 -0.66220306424565E+05  0.00000000000000E+00  0.00000000000000E+00  0.00000000000000E+00  0.15103304723521E+04 -0.30681914992618E+05  0.19969918522557E+05 -0.16753135346700E+06 -0.72254892327261E+04  0.32052262014428E+05  0.32659135152994E+03 -0.13451678298805E+04
  -0.12878556707186E+06  0.16677596862892E+05 -0.52555614444324E+04 -0.13148517190059E+05  0.20159629376825E+04 -0.22922235487329E+04 -0.21735853203603E+04 -0.61142821914173E+05  0.11136564895030E+05  0.26434536862430E+04 -0.42268632716544E+03 -0.12188036256615E+04 -0.17814564736156E+03  0.68886602408703E-01 -0.27068659792583E+04  0.49379647376602E+03 -0.21528481836896E+04 -0.15742361675666E+04  0.28497333632907E+05  0.00000000000000E+00  0.00000000000000E+00 -0.49073619409287E+02 -0.14968688384882E+03  0.24489855585061E+03  0.11684634161559E+06  0.00000000000000E+00  0.00000000000000E+00  0.00000000000000E+00  0.00000000000000E+00  0.00000000000000E+00  0.00000000000000E+00  0.00000000000000E+00  0.00000000000000E+00  0.00000000000000E+00  0.00000000000000E+00  0.00000000000000E+00  0.00000000000000E+00  0.00000000000000E+00  0.00000000000000E+00  0.00000000000000E+00  0.00000000000000E+00  0.00000000000000E+00  0.00000000000000E+00  0.00000000000000E+00  0.00000000000000E+00
  -0.54350135198201E+05  0.82126311788579E+04 -0.22289972005608E+04 -0.21691098075714E+05  0.33866520278834E+04 -0.35027746948921E+04 -0.33991059355443E+04 -0.49734745937425E+05  0.10731528628580E+05  0.18404928929873E+04 -0.32351287242813E+03  0.30943813956134E-10  0.88262175282823E-12  0.59273187202151E-13 -0.17634724849564E+04  0.30776890174413E+03 -0.14036845017052E+04 -0.99130113931488E+03  0.63385621338377E+05  0.30006080982366E+01  0.52078145446945E+04 -0.22573884369848E+04 -0.56653910202885E+04 -0.25916376724594E+05  0.00000000000000E+00  0.64699493547778E+05  0.00000000000000E+00  0.00000000000000E+00  0.00000000000000E+00  0.00000000000000E+00  0.00000000000000E+00  0.00000000000000E+00  0.00000000000000E+00  0.00000000000000E+00  0.00000000000000E+00  0.00000000000000E+00  0.00000000000000E+00  0.00000000000000E+00  0.00000000000000E+00  0.00000000000000E+00  0.00000000000000E+00  0.00000000000000E+00  0.00000000000000E+00  0.00000000000000E+00  0.00000000000000E+00
  -0.46079472066422E+04 -0.22793394013529E+03  0.41351929154618E+02 -0.15537528863085E+03 -0.50544646424330E+02  0.96238156512906E+02  0.10974063316211E+03 -0.70307762902087E+05  0.24531920973367E+05  0.72905099698657E+03 -0.32187235258007E+03 -0.86465743047102E+03 -0.32183749940277E+02 -0.88883910984273E+01 -0.24846196823126E+04  0.28798265053679E+03 -0.23712956691737E+04 -0.12052594179179E+04 -0.89004033203324E+03  0.00000000000000E+00  0.00000000000000E+00  0.26233872970106E+01 -0.44089739448433E+02 -0.61862724294996E+01  0.00000000000000E+00  0.00000000000000E+00  0.30695117637872E+05  0.00000000000000E+00  0.00000000000000E+00  0.00000000000000E+00  0.00000000000000E+00  0.00000000000000E+00  0.00000000000000E+00  0.00000000000000E+00  0.00000000000000E+00  0.00000000000000E+00  0.00000000000000E+00  0.00000000000000E+00  0.00000000000000E+00  0.00000000000000E+00  0.00000000000000E+00  0.00000000000000E+00  0.00000000000000E+00  0.00000000000000E+00  0.00000000000000E+00
  -0.84895609357903E+06  0.20986270096212E+06 -0.36573372410923E+05 -0.67368384100031E+05  0.11967335093007E+05 -0.69178388425851E+04 -0.87149829180776E+04 -0.28710951338515E+06  0.65173297338218E+05  0.10530483398966E+05 -0.18294088928380E+04 -0.55224591880877E+04 -0.63753694789890E+03 -0.18412352775890E+01  0.20330069757040E+04 -0.17373144460750E+03  0.20516318620506E+04  0.98850925834105E+03  0.47483937447187E+06  0.00000000000000E+00  0.00000000000000E+00  0.85334158682545E+03 -0.57214921867126E+04  0.36703679577252E+05  0.00000000000000E+00  0.00000000000000E+00  0.00000000000000E+00  0.57988172784313E+06  0.00000000000000E+00  0.00000000000000E+00  0.00000000000000E+00  0.00000000000000E+00  0.00000000000000E+00  0.00000000000000E+00  0.00000000000000E+00  0.00000000000000E+00  0.00000000000000E+00  0.00000000000000E+00  0.00000000000000E+00  0.00000000000000E+00  0.00000000000000E+00  0.00000000000000E+00  0.00000000000000E+00  0.00000000000000E+00  0.00000000000000E+00
  -0.10934061151371E+07  0.26381679487771E+06 -0.47327795879239E+05 -0.34682353679522E+06  0.62910884146619E+05 -0.32930015632907E+05 -0.44883649195184E+05 -0.56822820796638E+06  0.12502180547011E+06  0.21962503035913E+05 -0.36614528321728E+04 -0.12887734539446E-09 -0.37341604652134E-11  0.27659539971095E-11  0.44008405896720E+04 -0.51722116540821E+03  0.41152581241339E+04  0.23094042403278E+04  0.23138053939265E+07  0.10250908932941E+04  0.11566813674440E+06 -0.41475053414426E+05 -0.11473842263314E+06 -0.42966761990490E+06  0.00000000000000E+00  0.00000000000000E+00  0.00000000000000E+00  0.00000000000000E+00  0.91648509929200E+06  0.00000000000000E+00  0.00000000000000E+00  0.00000000000000E+00  0.00000000000000E+00  0.00000000000000E+00  0.00000000000000E+00  0.00000000000000E+00  0.00000000000000E+00  0.00000000000000E+00  0.00000000000000E+00  0.00000000000000E+00  0.00000000000000E+00  0.00000000000000E+00  0.00000000000000E+00  0.00000000000000E+00  0.00000000000000E+00
  -0.20944588779915E+05  0.58707509965636E+04 -0.94384879319080E+03 -0.14997321251494E+04  0.35273382583293E+03  0.32593936443014E+02 -0.14594313021648E+03 -0.75583879808006E+05  0.23351434823948E+05  0.14997824244423E+04 -0.40511465167405E+03 -0.27786756471994E+04 -0.16860907062379E+03 -0.60925627431603E+01 -0.15439274359539E+04  0.15951636988802E+03 -0.12284517258924E+04 -0.62623241560320E+03  0.15503775332808E+05  0.00000000000000E+00  0.00000000000000E+00  0.00000000000000E+00  0.00000000000000E+00  0.00000000000000E+00  0.00000000000000E+00  0.00000000000000E+00  0.00000000000000E+00  0.00000000000000E+00  0.00000000000000E+00  0.14946399012609E+05  0.00000000000000E+00  0.00000000000000E+00  0.00000000000000E+00  0.00000000000000E+00  0.00000000000000E+00  0.00000000000000E+00  0.00000000000000E+00  0.00000000000000E+00  0.00000000000000E+00  0.00000000000000E+00  0.00000000000000E+00  0.00000000000000E+00  0.00000000000000E+00  0.00000000000000E+00  0.00000000000000E+00
  -0.46799876014807E+05  0.13245171764002E+05 -0.21166246815247E+04 -0.25124251637969E+04  0.57522003710783E+03  0.27349344339121E+02 -0.23817362713329E+03 -0.16784210340316E+06  0.51980263844330E+05  0.32586672478639E+04 -0.89950966427833E+03 -0.72811870389506E+02 -0.19076942487975E+02 -0.12825407634285E-03 -0.29334274417493E+04  0.30233658313770E+03 -0.23406525120772E+04 -0.11951030950152E+04  0.26513997941558E+05 -0.13479850036964E+02 -0.11366797862279E+04 -0.36125911911684E+03 -0.90160973379662E+03 -0.42216540593605E+04  0.00000000000000E+00  0.00000000000000E+00  0.00000000000000E+00  0.00000000000000E+00  0.00000000000000E+00  0.00000000000000E+00  0.31467799675906E+05  0.00000000000000E+00  0.00000000000000E+00  0.00000000000000E+00  0.00000000000000E+00  0.00000000000000E+00  0.00000000000000E+00  0.00000000000000E+00  0.00000000000000E+00  0.00000000000000E+00  0.00000000000000E+00  0.00000000000000E+00  0.00000000000000E+00  0.00000000000000E+00  0.00000000000000E+00
  -0.31175663487835E+04  0.42112394135386E+03 -0.11259360249514E+03 -0.73976685767748E+02  0.93557884255738E+01 -0.16738516485853E+02 -0.12060390141174E+02 -0.13480882800087E+04  0.17103123647054E+03  0.41944983473974E+02 -0.99209101130777E+01 -0.89814721751431E+02 -0.70341800410749E+01 -0.22103816194068E+00 -0.72866302954204E+03  0.80480971965186E+02 -0.55889943880079E+03 -0.31069197561876E+03  0.18540645476015E+03  0.00000000000000E+00  0.00000000000000E+00  0.00000000000000E+00  0.00000000000000E+00  0.00000000000000E+00  0.00000000000000E+00  0.00000000000000E+00  0.00000000000000E+00  0.00000000000000E+00  0.00000000000000E+00  0.00000000000000E+00  0.00000000000000E+00  0.37943862868351E+04  0.00000000000000E+00  0.00000000000000E+00  0.00000000000000E+00  0.00000000000000E+00  0.00000000000000E+00  0.00000000000000E+00  0.00000000000000E+00  0.00000000000000E+00  0.00000000000000E+00  0.00000000000000E+00  0.00000000000000E+00  0.00000000000000E+00  0.00000000000000E+00
  -0.20067647298475E+06  0.63694457618587E+05 -0.92204268507554E+04 -0.11808917819248E+05  0.29399155905368E+04  0.51911863402107E+03 -0.85921704895322E+03 -0.50727231320611E+04  0.53958903746669E+03  0.48964078366191E+03 -0.37392368239281E+02 -0.19090061388686E+00 -0.13783008940833E+00 -0.37737327528168E-11  0.22415529087640E+03 -0.59362909321524E+02  0.38723049971962E+02  0.74612767473582E+02  0.15454663517001E+06  0.00000000000000E+00  0.00000000000000E+00  0.24015694342088E+04  0.32770542146204E+04  0.15601859888800E+05  0.00000000000000E+00  0.00000000000000E+00  0.00000000000000E+00  0.00000000000000E+00  0.00000000000000E+00  0.00000000000000E+00  0.00000000000000E+00  0.00000000000000E+00  0.10586643008143E+06  0.00000000000000E+00  0.00000000000000E+00  0.00000000000000E+00  0.00000000000000E+00  0.00000000000000E+00  0.00000000000000E+00  0.00000000000000E+00  0.00000000000000E+00  0.00000000000000E+00  0.00000000000000E+00  0.00000000000000E+00  0.00000000000000E+00
  -0.22553256056527E+06  0.71171922782211E+05 -0.10344304833498E+05 -0.52680901713161E+05  0.12947877415968E+05  0.20718244367043E+04 -0.39521017214982E+04 -0.10089942585314E+05  0.11056717216298E+04  0.93847035659776E+03 -0.74246536434469E+02 -0.17989143693999E-09 -0.70952393573382E-12 -0.27796441312808E-12  0.40609159963302E+03 -0.10598082018679E+03  0.80930605593098E+02  0.14097442070225E+03  0.67384961505793E+06  0.33394650050697E+03  0.22688206099465E+05 -0.43664604924603E+04 -0.14399562783447E+05 -0.66220306424565E+05  0.00000000000000E+00  0.00000000000000E+00  0.00000000000000E+00  0.00000000000000E+00  0.00000000000000E+00  0.00000000000000E+00  0.00000000000000E+00  0.00000000000000E+00  0.00000000000000E+00  0.13839166253097E+06  0.00000000000000E+00  0.00000000000000E+00  0.00000000000000E+00  0.00000000000000E+00  0.00000000000000E+00  0.00000000000000E+00  0.00000000000000E+00  0.00000000000000E+00  0.00000000000000E+00  0.00000000000000E+00  0.00000000000000E+00
  -0.90656945548992E+04  0.24355093060347E+04 -0.40084669359973E+03 -0.25223532291029E+04  0.47455660094053E+03 -0.19364674606471E+03 -0.31407731684232E+03  0.34188522975101E+03 -0.12694661043744E+04  0.12405055205478E+03 -0.11663627651274E+02 -0.19415518643008E+01 -0.19924274588340E+00 -0.27364045079896E-02 -0.28774711201749E+04  0.43309322999679E+03 -0.22515940990657E+04 -0.14770703097818E+04  0.20485251308054E+05  0.00000000000000E+00  0.00000000000000E+00  0.00000000000000E+00  0.00000000000000E+00  0.00000000000000E+00  0.00000000000000E+00  0.00000000000000E+00  0.00000000000000E+00  0.00000000000000E+00  0.00000000000000E+00  0.00000000000000E+00  0.00000000000000E+00  0.00000000000000E+00  0.00000000000000E+00  0.00000000000000E+00  0.82937200301745E+04  0.00000000000000E+00  0.00000000000000E+00  0.00000000000000E+00  0.00000000000000E+00  0.00000000000000E+00  0.00000000000000E+00  0.00000000000000E+00  0.00000000000000E+00  0.00000000000000E+00  0.00000000000000E+00
