# fitpack15: fit parameters                                                                         
# CJ15 AV18 final data choices                                                                      
# Created on 04/23/2019 at 12:59:39                                                                 

 # QCD setup
  INS                           0
  NVL                          11
  IORD                          1
  Q02                   1.6899999999999999     
  IPARAMC                       7
  FLAVOR                5.0000000000000000     
  xmc                   1.3000000000000000     
  xmb                   4.5000000000000000     
  ncb                          12
  ihq                           1
  ias                           0

 # Theory corrections
  inuke                     10814
  itmc                          1
  iht                           1

 # fit parameters
 LAMBDA       0.22680        0.0000    
 a0uv          2.0673        0.0000    
 a1uv         0.58204       0.32447E-01
 a2uv          3.5701       0.15576E-01
 a3uv          0.0000        0.0000    
 a4uv          4.3328       0.85287    
 a5uv          0.0000        0.0000    
 a0dv          18.106        0.0000    
 a1dv          1.0694       0.70338E-01
 a2dv          6.5190       0.20892    
 a3dv         -3.6290       0.13151    
 a4dv          5.2511       0.39457    
 a5dv          0.0000        0.0000    
 a0ud         0.13889       0.58458E-02
 a1ud        -0.21303       0.44635E-02
 a2ud          8.7866       0.25493    
 a3ud          0.0000        0.0000    
 a4ud          17.718        2.0755    
 a5ud          0.0000        0.0000    
 a0du          35712.        0.0000    
 a1du          3.9608       0.97549E-01
 a2du          20.713       0.99122    
 a3du          17.000        0.0000    
 a4du          43.888        10.961    
 a0g           47.449        0.0000    
 a1g          0.60725       0.34522E-01
 a2g           6.9255        1.0250    
 a3g          -3.4051       0.16126    
 a4g           3.4707       0.41665    
 a5g           0.0000        0.0000    
 kappa        0.40000        0.0000    
 a6dv        -0.43308E-02   0.30222E-02
 a7dv          2.0000        0.0000    
 off1         -3.6950        3.4362    
 off2        -0.48502E-01   0.17783    
 ht1          -4.0137       0.36194    
 ht2           2.1408       0.12553    
 ht3          -2.0681       0.21689E-01
 ht4           0.0000        0.0000    
 dummy40       0.0000        0.0000    
 dummy41       0.0000        0.0000    
 dummy42       0.0000        0.0000    
 dummy43       0.0000        0.0000    
 dummy44       0.0000        0.0000    
 dummy45       0.0000        0.0000    
 dummy46       0.0000        0.0000    
 dummy47       0.0000        0.0000    
 dummy48       0.0000        0.0000    
 dummy49       0.0000        0.0000    
 bcdmsh2      0.97004       0.50096E-02
 bcdmsd2      0.99152       0.59768E-02
 ccfr          1.0000        0.0000    
 nutev         1.0000        0.0000    
 zeus         0.97998        0.0000    
 h1            1.0162        0.0000    
 e605          1.0319        0.0000    
 NmcH2         1.0077       0.73078E-02
 ntv_nu        1.0000        0.0000    
 ntv_nubar     1.0000        0.0000    
 cdf_jet      0.98910        0.0000    
 d0_jet       0.83504        0.0000    
 slac_p        1.0024       0.50951E-02
 slac_d        1.0034       0.55876E-02
 e866pp       0.96458       0.24832E-01
 e866pd       0.97189       0.20582E-01
 d0_gamjet     1.0371       0.16656E-01
 h1b          0.97608        0.0000    
 jlab_p       0.99439        0.0000    
 jlab_d       0.97560        0.0000    
 blank         1.0000        0.0000    
 d0run2       0.94051       0.14313E-01
 cdfrun2      0.92888       0.17376E-01
 HERA_el       1.0000        0.0000    
 HERA_ps       1.0000        0.0000    
 CDF_Z        0.95979       0.74404E-02
 NmcRat        1.0000        0.0000    
 BNS_F2nd     0.98244        0.0000    
 HERMES_F2p   0.99592       0.57860E-02
 HERMES_F2d   0.97935       0.60625E-02
 e140x_p_c    0.99261       0.13448E-01
 e140x_d_c    0.99418       0.13426E-01
 END 0. 0.

 # Hessian matrix (Bevington alpha)
   0.38679035260047E+07 -0.10041094341425E+07  0.15228745221531E+06  0.66936775013961E+06 -0.13058793282273E+06  0.35971073576651E+05  0.73468094113903E+05  0.10871652288060E+07 -0.15504681715319E+06 -0.50581750757649E+05  0.76805336824005E+04  0.11941167685262E+05  0.13192193904413E+04 -0.20467854606766E+02  0.50034136167597E+05 -0.68411480175050E+04  0.40125923878867E+05  0.23910131043902E+05 -0.48017043851782E+07 -0.27097607794119E+04 -0.35941604248338E+05  0.30539692603612E+05  0.10097161666491E+06  0.27771754292866E+06 -0.13074894428928E+06 -0.55098150116093E+05 -0.49023850835356E+04 -0.86062664727657E+06 -0.11065209176927E+07 -0.21110078822145E+05 -0.47163114599487E+05 -0.31613926967339E+04 -0.91172699679186E+04 -0.32121758004523E+04 -0.17087262966901E+05 -0.73107224043076E+05 -0.57177058995047E+05 -0.35132007319593E+04 -0.29657209839520E+04
  -0.10041094341425E+07  0.32471527238880E+06 -0.40653195107105E+05 -0.14517327612682E+06  0.31894689993680E+05  0.42814608049361E+03 -0.12540042289573E+05 -0.13230404358859E+06  0.21306076474109E+05  0.68540290533262E+04 -0.89752219969890E+03 -0.76447871591564E+03 -0.85865901147813E+02  0.12906221086296E+01 -0.53066343798517E+04  0.65331529027934E+03 -0.41876462188869E+04 -0.23543826734898E+04  0.15880498329851E+07  0.86506193844179E+03  0.83465883235539E+04 -0.50716047708454E+04 -0.19275198157564E+05 -0.64733148095766E+05  0.16761095477749E+05  0.82514093641356E+04 -0.21315529777554E+03  0.21102502294100E+06  0.26481404871973E+06  0.58525375123941E+04  0.13217339051290E+05  0.42087747175806E+03  0.24200004601843E+04  0.76510105927490E+03 -0.22479335424302E+04  0.86395246422750E+04  0.72100747818401E+04  0.65025265223901E+03  0.57914531757106E+03
   0.15228745221531E+06 -0.40653195107105E+05  0.60541158688068E+04  0.25955392526990E+05 -0.51910481281282E+04  0.11379287482426E+04  0.27871530421715E+04  0.33114844424060E+05 -0.41728237190215E+04 -0.17601949879725E+04  0.24087909660470E+03  0.27922513662258E+03  0.38636583593481E+02 -0.10811350756430E+01  0.13245219757426E+04 -0.19387822000570E+03  0.10785211025331E+04  0.65924180444761E+03 -0.19466540488906E+06 -0.10971334531732E+03 -0.14143856310051E+04  0.11554817010058E+04  0.38049699634596E+04  0.10769489060731E+05 -0.48449960585481E+04 -0.20481943577366E+04  0.28429784402078E+02 -0.33240791745897E+05 -0.42971981887684E+05 -0.84902800845821E+03 -0.19034738504266E+04 -0.10399224511622E+03 -0.36046717661070E+03 -0.12557406685272E+03 -0.40371150074518E+02 -0.22811236177044E+04 -0.18290658739451E+04 -0.13812758597181E+03 -0.11724704434468E+03
   0.66936775013961E+06 -0.14517327612682E+06  0.25955392526990E+05  0.19662910025757E+06 -0.35228679776563E+05  0.17839618612023E+05  0.24667579722198E+05  0.27076987170914E+06 -0.39750915692361E+05 -0.13047387751342E+05  0.19062483202385E+04  0.10027061113240E+04  0.99184455537554E+02  0.48640025308774E+01  0.10573351320217E+05 -0.14218478603491E+04  0.78254205301717E+04  0.47363205608793E+04 -0.95338438129150E+06 -0.69202198722957E+03 -0.13395781047913E+05  0.12616228528411E+05  0.36192105755315E+05  0.11447551133439E+06 -0.13321579323786E+05 -0.21961464853259E+05 -0.20847821383168E+03 -0.67703095198555E+05 -0.34849689510484E+06 -0.14764937042443E+04 -0.24703136537731E+04 -0.71904190052664E+02 -0.25177741595269E+04 -0.98068167865761E+03 -0.11543895483585E+05 -0.76428679188704E+04 -0.22456182864633E+05 -0.33647102498068E+03 -0.10840287051328E+04
  -0.13058793282273E+06  0.31894689993680E+05 -0.51910481281282E+04 -0.35228679776563E+05  0.70272067720939E+04 -0.17411352664750E+04 -0.40004489411099E+04 -0.23853091242098E+05  0.15947621475416E+04  0.16926717737190E+04 -0.18894946587366E+03 -0.20248346279930E+03 -0.15369872951986E+02 -0.74999254570159E+00 -0.10398740281538E+04  0.13801709475192E+03 -0.74704252547938E+03 -0.44693557420462E+03  0.21553787520003E+06  0.15557593383836E+03  0.24750549718756E+04 -0.20850643420765E+04 -0.58896345841049E+04 -0.19872379765764E+05  0.20192031966865E+04  0.33983626975862E+04 -0.48385233443604E+02  0.12002912051765E+05  0.63151949890254E+05  0.35031690965515E+03  0.57281156998734E+03  0.89811496961609E+01  0.47425626627912E+03  0.17513916319417E+03  0.47106916652035E+03  0.83869433324856E+03  0.25662740335588E+04  0.62262529055205E+02  0.20839069860332E+03
   0.35971073576651E+05  0.42814608049361E+03  0.11379287482426E+04  0.17839618612023E+05 -0.17411352664750E+04  0.48443074957703E+04  0.32367259653205E+04  0.67469087704449E+05 -0.12081293111780E+05 -0.24692437801844E+04  0.45371455081288E+03  0.97267241579911E+02  0.15060104005730E+02  0.14904068192207E+01  0.21168310949801E+04 -0.32127517774247E+03  0.16178509607033E+04  0.10563758306509E+04  0.14123763013352E+05  0.78107760431029E+01 -0.11024732892484E+04  0.14633563333800E+04  0.43634983098527E+04  0.11096572475378E+05 -0.20553830260607E+04 -0.31473595951303E+04  0.65327298298823E+02 -0.62216093245884E+04 -0.29210536628686E+05  0.38335559709784E+02  0.39778037615118E+02 -0.14964032683201E+02 -0.16987312655336E+03 -0.91401024633500E+02 -0.30643570777923E+04 -0.16081745649346E+04 -0.45537310385681E+04 -0.24226542696755E+02 -0.63749645959432E+02
   0.73468094113903E+05 -0.12540042289573E+05  0.27871530421715E+04  0.24667579722198E+05 -0.40004489411099E+04  0.32367259653205E+04  0.35143762105229E+04  0.37749400378171E+05 -0.47305247488490E+04 -0.19294585950457E+04  0.27577527646428E+03  0.15229644280610E+03  0.14892237798001E+02  0.10113564868617E+01  0.12131587561322E+04 -0.18394853105194E+03  0.85450341275436E+03  0.56449020551947E+03 -0.78188020965969E+05 -0.60499040787055E+02 -0.16678551676868E+04  0.16647919635738E+04  0.47704201995145E+04  0.13984536425393E+05 -0.20084633123897E+04 -0.31485542776588E+04  0.95011305430482E+02 -0.80925443101532E+04 -0.41594776633723E+05 -0.13272367431134E+03 -0.21683962602881E+03 -0.10883011103833E+02 -0.29027981785840E+03 -0.12253241178601E+03 -0.13321120616154E+04 -0.10046949580455E+04 -0.29547243833817E+04 -0.42474041975733E+02 -0.13095633199256E+03
   0.10871652288060E+07 -0.13230404358859E+06  0.33114844424060E+05  0.27076987170914E+06 -0.23853091242098E+05  0.67469087704449E+05  0.37749400378171E+05  0.55382190361941E+07 -0.24771754703656E+07 -0.85788305676856E+05  0.23659156067805E+05  0.33412835289215E+05  0.21836669752212E+04  0.10520539239174E+03  0.71755206253875E+05 -0.93088953001244E+04  0.65360382457496E+05  0.35915777207266E+05 -0.29752246123566E+06  0.10130561461032E+03 -0.92536404307975E+04  0.27468158970314E+05  0.87962141008801E+05  0.22640722785193E+06 -0.61903262162993E+05 -0.50164532949842E+05 -0.72012050048042E+05 -0.29142101411167E+06 -0.57476606878145E+06 -0.76319504820511E+05 -0.16968954630603E+06 -0.13758970601396E+04  0.45033679598712E+03  0.34817983945813E+03 -0.28345390067946E+06 -0.14651879901382E+06 -0.18269303963720E+06 -0.68214135338665E+03 -0.80589698371692E+03
  -0.15504681715319E+06  0.21306076474109E+05 -0.41728237190215E+04 -0.39750915692361E+05  0.15947621475416E+04 -0.12081293111780E+05 -0.47305247488490E+04 -0.24771754703656E+07  0.19304464275993E+07  0.19498466342021E+05 -0.60643791876034E+04 -0.63955701025373E+04 -0.33064415119577E+03 -0.26784278033679E+02  0.46587659921645E+05 -0.20697239449252E+04  0.13126347767880E+05  0.62430979641213E+04  0.19876959812465E+04 -0.83255700315569E+02  0.65579807996068E+03 -0.62165990309613E+04 -0.20189820095950E+05 -0.53431388454234E+05  0.11121524555276E+05  0.10677122392747E+05  0.24815511874969E+05  0.65464560918090E+05  0.12521019792484E+06  0.23241527120933E+05  0.51838625705238E+05  0.17275721940238E+03 -0.12978950354821E+04 -0.71551357686527E+03  0.11423617536544E+06  0.45049640625894E+05  0.55666876071820E+05  0.10313468843616E+03  0.11986840288410E+03
  -0.50581750757649E+05  0.68540290533262E+04 -0.17601949879725E+04 -0.13047387751342E+05  0.16926717737190E+04 -0.24692437801844E+04 -0.19294585950457E+04 -0.85788305676856E+05  0.19498466342021E+05  0.23821389493477E+04 -0.51562410318273E+03 -0.81140205634481E+03 -0.68946543257548E+02 -0.77657530181495E+00 -0.32637848496842E+04  0.40314935687762E+03 -0.25017302465366E+04 -0.14519733705955E+04  0.27416072920258E+05  0.13118992736909E+02  0.62785836556960E+03 -0.96685973038951E+03 -0.29850260508375E+04 -0.75681817377367E+04  0.26229105000077E+04  0.18188654877425E+04  0.73040523478603E+03  0.10403475355808E+05  0.21629499387779E+05  0.14791350870746E+04  0.32151996329547E+04  0.41953818072092E+02  0.12002626276900E+03  0.53870453170419E+02  0.31536812899021E+04  0.27757889882264E+04  0.35391160818138E+04  0.40220949877308E+02  0.48910335685890E+02
   0.76805336824005E+04 -0.89752219969890E+03  0.24087909660470E+03  0.19062483202385E+04 -0.18894946587366E+03  0.45371455081288E+03  0.27577527646428E+03  0.23659156067805E+05 -0.60643791876034E+04 -0.51562410318273E+03  0.13240512091218E+03  0.21601674905565E+03  0.15197926162077E+02  0.47707773420447E+00  0.94490041428041E+03 -0.10318154132949E+03  0.69663131398211E+03  0.38395666458747E+03 -0.25807198292850E+04  0.74955690391070E-02 -0.70921623566272E+02  0.16433114181375E+03  0.52408285062805E+03  0.13298923021614E+04 -0.40318991356174E+03 -0.30792423884655E+03 -0.31497419405631E+03 -0.17507035081504E+04 -0.34898703831067E+04 -0.38855217411428E+03 -0.86328980549534E+03 -0.95871188652220E+01 -0.10439705493447E+02 -0.49488945453261E+01 -0.10712014372649E+04 -0.74436611621995E+03 -0.93409078722410E+03 -0.45496011886862E+01 -0.53856931730022E+01
   0.11941167685262E+05 -0.76447871591564E+03  0.27922513662258E+03  0.10027061113240E+04 -0.20248346279930E+03  0.97267241579911E+02  0.15229644280610E+03  0.33412835289215E+05 -0.63955701025373E+04 -0.81140205634481E+03  0.21601674905565E+03  0.20245840522667E+04  0.12278199247559E+03  0.17109541184647E+01  0.21538442629659E+04 -0.28007841838578E+03  0.19176158945696E+04  0.10962979259126E+04 -0.57945158841814E+04 -0.63024419800217E+01 -0.42103574384851E+01 -0.89599042171076E+02 -0.63271955694470E+02 -0.15512291810146E+04 -0.11469032691335E+04 -0.43634613629980E-10 -0.86769531816571E+03 -0.53105723396227E+04  0.18024887353053E-09 -0.27252507830720E+04 -0.62821088397197E+02 -0.88149272600588E+02 -0.18948516341933E+01 -0.82040902623396E+00  0.33440846047443E+03 -0.30767594384687E+04 -0.10304646810740E-10 -0.20132316120582E+01 -0.75190450470129E-11
   0.13192193904413E+04 -0.85865901147813E+02  0.38636583593481E+02  0.99184455537554E+02 -0.15369872951986E+02  0.15060104005730E+02  0.14892237798001E+02  0.21836669752212E+04 -0.33064415119577E+03 -0.68946543257548E+02  0.15197926162077E+02  0.12278199247559E+03  0.10237086688228E+02 -0.53717403629846E-01  0.12871001697433E+03 -0.18935203381828E+02  0.11727692505839E+03  0.71508345346849E+02 -0.36951458411080E+03 -0.30802356461162E+00  0.56547503173153E+01 -0.39409346243715E+01  0.69000768285390E+01 -0.11520478208992E+03 -0.16444419991403E+03 -0.37965280933330E-11 -0.31673447968194E+02 -0.59698578393364E+03  0.15970602742926E-10 -0.16239232734878E+03 -0.16133407857172E+02 -0.67456341112514E+01 -0.18877102333931E+00 -0.73998482336750E-01  0.31829952515947E+02 -0.21117738082689E+03 -0.70047225989976E-11 -0.66515242378930E+00 -0.11354005661294E-11
  -0.20467854606766E+02  0.12906221086296E+01 -0.10811350756430E+01  0.48640025308774E+01 -0.74999254570159E+00  0.14904068192207E+01  0.10113564868617E+01  0.10520539239174E+03 -0.26784278033679E+02 -0.77657530181495E+00  0.47707773420447E+00  0.17109541184647E+01 -0.53717403629846E-01  0.58793880205748E-01  0.99714333944399E+01 -0.47137532528305E+00  0.43304678435291E+01  0.15856529274025E+01 -0.16894652929718E+02 -0.38328499730371E-01 -0.16912726400490E+01 -0.33471612937389E+00 -0.78479497892801E+00 -0.38721326700078E+01  0.62857715716465E-01 -0.24550376477400E-12 -0.93709951285133E+01 -0.20846899695728E+01  0.20071232927776E-11 -0.65271677764324E+01 -0.16993192376884E-03 -0.23590853683261E+00 -0.29623931870920E-02 -0.16020180755244E-02 -0.17831795271202E+01 -0.62411237964932E+01 -0.66472181834477E-14 -0.14124169744780E-06  0.10478287992622E-13
   0.50034136167597E+05 -0.53066343798517E+04  0.13245219757426E+04  0.10573351320217E+05 -0.10398740281538E+04  0.21168310949801E+04  0.12131587561322E+04  0.71755206253875E+05  0.46587659921645E+05 -0.32637848496842E+04  0.94490041428041E+03  0.21538442629659E+04  0.12871001697433E+03  0.99714333944399E+01  0.45587502438243E+05 -0.41534850574057E+04  0.28781074639286E+05  0.15113085642772E+05 -0.27222094217610E+05  0.94084647633486E+01  0.18356596702671E+03 -0.86875745573238E+02 -0.32411488600785E+03  0.15876997693717E+03 -0.27162810865561E+04 -0.17699468941984E+04 -0.24922793118025E+04  0.20392633168763E+04  0.44249463946134E+04 -0.15327567260060E+04 -0.29201120881190E+04 -0.73165194402052E+03 -0.28970304350015E+04 -0.15372248627606E+04 -0.25005546927733E+04 -0.90443063530661E+03 -0.10130810357883E+04  0.16101702197451E+02  0.19592499209610E+02
  -0.68411480175050E+04  0.65331529027934E+03 -0.19387822000570E+03 -0.14218478603491E+04  0.13801709475192E+03 -0.32127517774247E+03 -0.18394853105194E+03 -0.93088953001244E+04 -0.20697239449252E+04  0.40314935687762E+03 -0.10318154132949E+03 -0.28007841838578E+03 -0.18935203381828E+02 -0.47137532528305E+00 -0.41534850574057E+04  0.44622239269053E+03 -0.29883921626911E+04 -0.16443818097218E+04  0.32207673365917E+04 -0.17288132988203E+01 -0.22638877432621E+02  0.42111569166401E+01  0.12816424617816E+02 -0.10165931602918E+03  0.49611627159173E+03  0.30941576193094E+03  0.28836387095622E+03 -0.17235042791926E+03 -0.51637229677924E+03  0.15831796431171E+03  0.30068436445268E+03  0.80791182123880E+02  0.43608065970522E+03  0.21600244900801E+03 -0.28830534356079E+03  0.24948038660029E+03  0.27827345862675E+03 -0.32407740144859E+01 -0.40610326611962E+01
   0.40125923878867E+05 -0.41876462188869E+04  0.10785211025331E+04  0.78254205301717E+04 -0.74704252547938E+03  0.16178509607033E+04  0.85450341275436E+03  0.65360382457496E+05  0.13126347767880E+05 -0.25017302465366E+04  0.69663131398211E+03  0.19176158945696E+04  0.11727692505839E+03  0.43304678435291E+01  0.28781074639286E+05 -0.29883921626911E+04  0.20558625656985E+05  0.11124306357390E+05 -0.21366047952130E+05  0.74964635329870E+01  0.18417296493598E+03 -0.10680848103083E+03 -0.38291190721932E+03 -0.55715109252966E+02 -0.21343977227656E+04 -0.13869288828928E+04 -0.22837057403433E+04  0.19662948285711E+04  0.40087953455486E+04 -0.11731054316754E+04 -0.22408518916636E+04 -0.54319729806184E+03 -0.22186796195820E+04 -0.12060949817723E+04  0.71319038567225E+03 -0.13245933495984E+04 -0.14652357243426E+04  0.11249104477491E+02  0.12607973985501E+02
   0.23910131043902E+05 -0.23543826734898E+04  0.65924180444761E+03  0.47363205608793E+04 -0.44693557420462E+03  0.10563758306509E+04  0.56449020551947E+03  0.35915777207266E+05  0.62430979641213E+04 -0.14519733705955E+04  0.38395666458747E+03  0.10962979259126E+04  0.71508345346849E+02  0.15856529274025E+01  0.15113085642772E+05 -0.16443818097218E+04  0.11124306357390E+05  0.61223335041874E+04 -0.11988672685487E+05  0.54920609251821E+01  0.10529354194370E+03 -0.50649095624132E+02 -0.16885504664657E+03  0.12105796386521E+03 -0.15615154545332E+04 -0.98174450333840E+03 -0.11648396157612E+04  0.94419031763224E+03  0.22493283280709E+04 -0.60074662251326E+03 -0.11487893812248E+04 -0.30314714008904E+03 -0.14600954392356E+04 -0.76023949111428E+03  0.10824641778327E+04 -0.97205007535299E+03 -0.10758609836209E+04  0.95024734063149E+01  0.11053899859127E+02
  -0.48017043851782E+07  0.15880498329851E+07 -0.19466540488906E+06 -0.95338438129150E+06  0.21553787520003E+06  0.14123763013352E+05 -0.78188020965969E+05 -0.29752246123566E+06  0.19876959812465E+04  0.27416072920258E+05 -0.25807198292850E+04 -0.57945158841814E+04 -0.36951458411080E+03 -0.16894652929718E+02 -0.27222094217610E+05  0.32207673365917E+04 -0.21366047952130E+05 -0.11988672685487E+05  0.10984287503996E+08  0.72605430234859E+04  0.68647444976504E+05 -0.50510901035508E+05 -0.15887898528026E+06 -0.63287049600002E+06  0.24951497510793E+05  0.55509628011269E+05 -0.76257833407266E+03  0.41550628750476E+06  0.20255348177059E+07  0.13391135576645E+05  0.22974615278526E+05  0.15212368027604E+03  0.17735950859184E+05  0.55718726934139E+04 -0.11859836917089E+05  0.15336664387148E+05  0.47227175232102E+05  0.11714177079973E+04  0.42122502017204E+04
  -0.27097607794119E+04  0.86506193844179E+03 -0.10971334531732E+03 -0.69202198722957E+03  0.15557593383836E+03  0.78107760431029E+01 -0.60499040787055E+02  0.10130561461032E+03 -0.83255700315569E+02  0.13118992736909E+02  0.74955690391070E-02 -0.63024419800217E+01 -0.30802356461162E+00 -0.38328499730371E-01  0.94084647633486E+01 -0.17288132988203E+01  0.74964635329870E+01  0.54920609251821E+01  0.72605430234859E+04  0.55416644171281E+01  0.58068074742533E+02 -0.43618729610649E+02 -0.12714185484945E+03 -0.50373469601875E+03  0.00000000000000E+00  0.33570513146155E+02  0.00000000000000E+00  0.00000000000000E+00  0.15666850418735E+04  0.00000000000000E+00 -0.18702806213965E+02  0.00000000000000E+00  0.00000000000000E+00  0.00000000000000E+00  0.00000000000000E+00  0.00000000000000E+00  0.21281697076375E+02  0.00000000000000E+00  0.40645852888906E+01
  -0.35941604248338E+05  0.83465883235539E+04 -0.14143856310051E+04 -0.13395781047913E+05  0.24750549718756E+04 -0.11024732892484E+04 -0.16678551676868E+04 -0.92536404307975E+04  0.65579807996068E+03  0.62785836556960E+03 -0.70921623566272E+02 -0.42103574384851E+01  0.56547503173153E+01 -0.16912726400490E+01  0.18356596702671E+03 -0.22638877432621E+02  0.18417296493598E+03  0.10529354194370E+03  0.68647444976504E+05  0.58068074742533E+02  0.11408093758650E+04 -0.92810621451630E+03 -0.25909469717054E+04 -0.88465892743585E+04  0.00000000000000E+00  0.15261667316835E+04  0.00000000000000E+00  0.00000000000000E+00  0.26116063808258E+05  0.00000000000000E+00 -0.24914118823781E+03  0.00000000000000E+00  0.00000000000000E+00  0.00000000000000E+00  0.00000000000000E+00  0.00000000000000E+00  0.12515439072016E+04  0.00000000000000E+00  0.82453338828742E+02
   0.30539692603612E+05 -0.50716047708454E+04  0.11554817010058E+04  0.12616228528411E+05 -0.20850643420765E+04  0.14633563333800E+04  0.16647919635738E+04  0.27468158970314E+05 -0.62165990309613E+04 -0.96685973038951E+03  0.16433114181375E+03 -0.89599042171076E+02 -0.39409346243715E+01 -0.33471612937389E+00 -0.86875745573238E+02  0.42111569166401E+01 -0.10680848103083E+03 -0.50649095624132E+02 -0.50510901035508E+05 -0.43618729610649E+02 -0.92810621451630E+03  0.11497312344609E+04  0.31932881637443E+04  0.10277049337671E+05 -0.42403232965764E+02 -0.16275039702787E+04  0.47258679785392E+01  0.87670222175414E+03 -0.26913686317228E+05  0.00000000000000E+00 -0.44106051843091E+03  0.00000000000000E+00  0.00000000000000E+00  0.00000000000000E+00  0.00000000000000E+00 -0.27051582342494E+03 -0.24534153089313E+04 -0.68220295876840E+01 -0.75858486023819E+02
   0.10097161666491E+06 -0.19275198157564E+05  0.38049699634596E+04  0.36192105755315E+05 -0.58896345841049E+04  0.43634983098527E+04  0.47704201995145E+04  0.87962141008801E+05 -0.20189820095950E+05 -0.29850260508375E+04  0.52408285062805E+03 -0.63271955694470E+02  0.69000768285390E+01 -0.78479497892801E+00 -0.32411488600785E+03  0.12816424617816E+02 -0.38291190721932E+03 -0.16885504664657E+03 -0.15887898528026E+06 -0.12714185484945E+03 -0.25909469717054E+04  0.31932881637443E+04  0.92565574314119E+04  0.28492152705622E+05 -0.15649295812620E+03 -0.41042254321538E+04 -0.12036373200476E+02 -0.53956378208256E+04 -0.78355991486920E+05  0.00000000000000E+00 -0.11007734768961E+04  0.00000000000000E+00  0.00000000000000E+00  0.00000000000000E+00  0.00000000000000E+00 -0.17921696647312E+04 -0.72782503844517E+04 -0.30904569870976E+02 -0.20237075402706E+03
   0.27771754292866E+06 -0.64733148095766E+05  0.10769489060731E+05  0.11447551133439E+06 -0.19872379765764E+05  0.11096572475378E+05  0.13984536425393E+05  0.22640722785193E+06 -0.53431388454234E+05 -0.75681817377367E+04  0.13298923021614E+04 -0.15512291810146E+04 -0.11520478208992E+03 -0.38721326700078E+01  0.15876997693717E+03 -0.10165931602918E+03 -0.55715109252966E+02  0.12105796386521E+03 -0.63287049600002E+06 -0.50373469601875E+03 -0.88465892743585E+04  0.10277049337671E+05  0.28492152705622E+05  0.10459785256189E+06  0.25230101028124E+03 -0.18608892375974E+05 -0.43219632986402E+01  0.40372967512437E+05 -0.25470014469924E+06  0.00000000000000E+00 -0.51542087923191E+04  0.00000000000000E+00  0.00000000000000E+00  0.00000000000000E+00  0.00000000000000E+00  0.15749826288426E+04 -0.23737699104283E+05  0.21700853383148E+03 -0.60560998202772E+03
  -0.13074894428928E+06  0.16761095477749E+05 -0.48449960585481E+04 -0.13321579323786E+05  0.20192031966865E+04 -0.20553830260607E+04 -0.20084633123897E+04 -0.61903262162993E+05  0.11121524555276E+05  0.26229105000077E+04 -0.40318991356174E+03 -0.11469032691335E+04 -0.16444419991403E+03  0.62857715716465E-01 -0.27162810865561E+04  0.49611627159173E+03 -0.21343977227656E+04 -0.15615154545332E+04  0.24951497510793E+05  0.00000000000000E+00  0.00000000000000E+00 -0.42403232965764E+02 -0.15649295812620E+03  0.25230101028124E+03  0.11697860752021E+06  0.00000000000000E+00  0.00000000000000E+00  0.00000000000000E+00  0.00000000000000E+00  0.00000000000000E+00  0.00000000000000E+00  0.00000000000000E+00  0.00000000000000E+00  0.00000000000000E+00  0.00000000000000E+00  0.00000000000000E+00  0.00000000000000E+00  0.00000000000000E+00  0.00000000000000E+00
  -0.55098150116093E+05  0.82514093641356E+04 -0.20481943577366E+04 -0.21961464853259E+05  0.33983626975862E+04 -0.31473595951303E+04 -0.31485542776588E+04 -0.50164532949842E+05  0.10677122392747E+05  0.18188654877425E+04 -0.30792423884655E+03 -0.43634613629980E-10 -0.37965280933330E-11 -0.24550376477400E-12 -0.17699468941984E+04  0.30941576193094E+03 -0.13869288828928E+04 -0.98174450333840E+03  0.55509628011269E+05  0.33570513146155E+02  0.15261667316835E+04 -0.16275039702787E+04 -0.41042254321538E+04 -0.18608892375974E+05  0.00000000000000E+00  0.64735092906727E+05  0.00000000000000E+00  0.00000000000000E+00  0.00000000000000E+00  0.00000000000000E+00  0.00000000000000E+00  0.00000000000000E+00  0.00000000000000E+00  0.00000000000000E+00  0.00000000000000E+00  0.00000000000000E+00  0.00000000000000E+00  0.00000000000000E+00  0.00000000000000E+00
  -0.49023850835356E+04 -0.21315529777554E+03  0.28429784402078E+02 -0.20847821383168E+03 -0.48385233443604E+02  0.65327298298823E+02  0.95011305430482E+02 -0.72012050048042E+05  0.24815511874969E+05  0.73040523478603E+03 -0.31497419405631E+03 -0.86769531816571E+03 -0.31673447968194E+02 -0.93709951285133E+01 -0.24922793118025E+04  0.28836387095622E+03 -0.22837057403433E+04 -0.11648396157612E+04 -0.76257833407266E+03  0.00000000000000E+00  0.00000000000000E+00  0.47258679785392E+01 -0.12036373200476E+02 -0.43219632986402E+01  0.00000000000000E+00  0.00000000000000E+00  0.30738490442439E+05  0.00000000000000E+00  0.00000000000000E+00  0.00000000000000E+00  0.00000000000000E+00  0.00000000000000E+00  0.00000000000000E+00  0.00000000000000E+00  0.00000000000000E+00  0.00000000000000E+00  0.00000000000000E+00  0.00000000000000E+00  0.00000000000000E+00
  -0.86062664727657E+06  0.21102502294100E+06 -0.33240791745897E+05 -0.67703095198555E+05  0.12002912051765E+05 -0.62216093245884E+04 -0.80925443101532E+04 -0.29142101411167E+06  0.65464560918090E+05  0.10403475355808E+05 -0.17507035081504E+04 -0.53105723396227E+04 -0.59698578393364E+03 -0.20846899695728E+01  0.20392633168763E+04 -0.17235042791926E+03  0.19662948285711E+04  0.94419031763224E+03  0.41550628750476E+06  0.00000000000000E+00  0.00000000000000E+00  0.87670222175414E+03 -0.53956378208256E+04  0.40372967512437E+05  0.00000000000000E+00  0.00000000000000E+00  0.00000000000000E+00  0.58040909348426E+06  0.00000000000000E+00  0.00000000000000E+00  0.00000000000000E+00  0.00000000000000E+00  0.00000000000000E+00  0.00000000000000E+00  0.00000000000000E+00  0.00000000000000E+00  0.00000000000000E+00  0.00000000000000E+00  0.00000000000000E+00
  -0.11065209176927E+07  0.26481404871973E+06 -0.42971981887684E+05 -0.34849689510484E+06  0.63151949890254E+05 -0.29210536628686E+05 -0.41594776633723E+05 -0.57476606878145E+06  0.12521019792484E+06  0.21629499387779E+05 -0.34898703831067E+04  0.18024887353053E-09  0.15970602742926E-10  0.20071232927776E-11  0.44249463946134E+04 -0.51637229677924E+03  0.40087953455486E+04  0.22493283280709E+04  0.20255348177059E+07  0.15666850418735E+04  0.26116063808258E+05 -0.26913686317228E+05 -0.78355991486920E+05 -0.25470014469924E+06  0.00000000000000E+00  0.00000000000000E+00  0.00000000000000E+00  0.00000000000000E+00  0.91817086734131E+06  0.00000000000000E+00  0.00000000000000E+00  0.00000000000000E+00  0.00000000000000E+00  0.00000000000000E+00  0.00000000000000E+00  0.00000000000000E+00  0.00000000000000E+00  0.00000000000000E+00  0.00000000000000E+00
  -0.21110078822145E+05  0.58525375123941E+04 -0.84902800845821E+03 -0.14764937042443E+04  0.35031690965515E+03  0.38335559709784E+02 -0.13272367431134E+03 -0.76319504820511E+05  0.23241527120933E+05  0.14791350870746E+04 -0.38855217411428E+03 -0.27252507830720E+04 -0.16239232734878E+03 -0.65271677764324E+01 -0.15327567260060E+04  0.15831796431171E+03 -0.11731054316754E+04 -0.60074662251326E+03  0.13391135576645E+05  0.00000000000000E+00  0.00000000000000E+00  0.00000000000000E+00  0.00000000000000E+00  0.00000000000000E+00  0.00000000000000E+00  0.00000000000000E+00  0.00000000000000E+00  0.00000000000000E+00  0.00000000000000E+00  0.14803637412184E+05  0.00000000000000E+00  0.00000000000000E+00  0.00000000000000E+00  0.00000000000000E+00  0.00000000000000E+00  0.00000000000000E+00  0.00000000000000E+00  0.00000000000000E+00  0.00000000000000E+00
  -0.47163114599487E+05  0.13217339051290E+05 -0.19034738504266E+04 -0.24703136537731E+04  0.57281156998734E+03  0.39778037615118E+02 -0.21683962602881E+03 -0.16968954630603E+06  0.51838625705238E+05  0.32151996329547E+04 -0.86328980549534E+03 -0.62821088397197E+02 -0.16133407857172E+02 -0.16993192376884E-03 -0.29201120881190E+04  0.30068436445268E+03 -0.22408518916636E+04 -0.11487893812248E+04  0.22974615278526E+05 -0.18702806213965E+02 -0.24914118823781E+03 -0.44106051843091E+03 -0.11007734768961E+04 -0.51542087923191E+04  0.00000000000000E+00  0.00000000000000E+00  0.00000000000000E+00  0.00000000000000E+00  0.00000000000000E+00  0.00000000000000E+00  0.31273205084354E+05  0.00000000000000E+00  0.00000000000000E+00  0.00000000000000E+00  0.00000000000000E+00  0.00000000000000E+00  0.00000000000000E+00  0.00000000000000E+00  0.00000000000000E+00
  -0.31613926967339E+04  0.42087747175806E+03 -0.10399224511622E+03 -0.71904190052664E+02  0.89811496961609E+01 -0.14964032683201E+02 -0.10883011103833E+02 -0.13758970601396E+04  0.17275721940238E+03  0.41953818072092E+02 -0.95871188652220E+01 -0.88149272600588E+02 -0.67456341112514E+01 -0.23590853683261E+00 -0.73165194402052E+03  0.80791182123880E+02 -0.54319729806184E+03 -0.30314714008904E+03  0.15212368027604E+03  0.00000000000000E+00  0.00000000000000E+00  0.00000000000000E+00  0.00000000000000E+00  0.00000000000000E+00  0.00000000000000E+00  0.00000000000000E+00  0.00000000000000E+00  0.00000000000000E+00  0.00000000000000E+00  0.00000000000000E+00  0.00000000000000E+00  0.37949320429079E+04  0.00000000000000E+00  0.00000000000000E+00  0.00000000000000E+00  0.00000000000000E+00  0.00000000000000E+00  0.00000000000000E+00  0.00000000000000E+00
  -0.91172699679186E+04  0.24200004601843E+04 -0.36046717661070E+03 -0.25177741595269E+04  0.47425626627912E+03 -0.16987312655336E+03 -0.29027981785840E+03  0.45033679598712E+03 -0.12978950354821E+04  0.12002626276900E+03 -0.10439705493447E+02 -0.18948516341933E+01 -0.18877102333931E+00 -0.29623931870920E-02 -0.28970304350015E+04  0.43608065970522E+03 -0.22186796195820E+04 -0.14600954392356E+04  0.17735950859184E+05  0.00000000000000E+00  0.00000000000000E+00  0.00000000000000E+00  0.00000000000000E+00  0.00000000000000E+00  0.00000000000000E+00  0.00000000000000E+00  0.00000000000000E+00  0.00000000000000E+00  0.00000000000000E+00  0.00000000000000E+00  0.00000000000000E+00  0.00000000000000E+00  0.83179847023278E+04  0.00000000000000E+00  0.00000000000000E+00  0.00000000000000E+00  0.00000000000000E+00  0.00000000000000E+00  0.00000000000000E+00
  -0.32121758004523E+04  0.76510105927490E+03 -0.12557406685272E+03 -0.98068167865761E+03  0.17513916319417E+03 -0.91401024633500E+02 -0.12253241178601E+03  0.34817983945813E+03 -0.71551357686527E+03  0.53870453170419E+02 -0.49488945453261E+01 -0.82040902623396E+00 -0.73998482336750E-01 -0.16020180755244E-02 -0.15372248627606E+04  0.21600244900801E+03 -0.12060949817723E+04 -0.76023949111428E+03  0.55718726934139E+04  0.00000000000000E+00  0.00000000000000E+00  0.00000000000000E+00  0.00000000000000E+00  0.00000000000000E+00  0.00000000000000E+00  0.00000000000000E+00  0.00000000000000E+00  0.00000000000000E+00  0.00000000000000E+00  0.00000000000000E+00  0.00000000000000E+00  0.00000000000000E+00  0.00000000000000E+00  0.42440738800802E+04  0.00000000000000E+00  0.00000000000000E+00  0.00000000000000E+00  0.00000000000000E+00  0.00000000000000E+00
  -0.17087262966901E+05 -0.22479335424302E+04 -0.40371150074518E+02 -0.11543895483585E+05  0.47106916652035E+03 -0.30643570777923E+04 -0.13321120616154E+04 -0.28345390067946E+06  0.11423617536544E+06  0.31536812899021E+04 -0.10712014372649E+04  0.33440846047443E+03  0.31829952515947E+02 -0.17831795271202E+01 -0.25005546927733E+04 -0.28830534356079E+03  0.71319038567225E+03  0.10824641778327E+04 -0.11859836917089E+05  0.00000000000000E+00  0.00000000000000E+00  0.00000000000000E+00  0.00000000000000E+00  0.00000000000000E+00  0.00000000000000E+00  0.00000000000000E+00  0.00000000000000E+00  0.00000000000000E+00  0.00000000000000E+00  0.00000000000000E+00  0.00000000000000E+00  0.00000000000000E+00  0.00000000000000E+00  0.00000000000000E+00  0.12536880583907E+06  0.00000000000000E+00  0.00000000000000E+00  0.00000000000000E+00  0.00000000000000E+00
  -0.73107224043076E+05  0.86395246422750E+04 -0.22811236177044E+04 -0.76428679188704E+04  0.83869433324856E+03 -0.16081745649346E+04 -0.10046949580455E+04 -0.14651879901382E+06  0.45049640625894E+05  0.27757889882264E+04 -0.74436611621995E+03 -0.30767594384687E+04 -0.21117738082689E+03 -0.62411237964932E+01 -0.90443063530661E+03  0.24948038660029E+03 -0.13245933495984E+04 -0.97205007535299E+03  0.15336664387148E+05  0.00000000000000E+00  0.00000000000000E+00 -0.27051582342494E+03 -0.17921696647312E+04  0.15749826288426E+04  0.00000000000000E+00  0.00000000000000E+00  0.00000000000000E+00  0.00000000000000E+00  0.00000000000000E+00  0.00000000000000E+00  0.00000000000000E+00  0.00000000000000E+00  0.00000000000000E+00  0.00000000000000E+00  0.00000000000000E+00  0.95366776380199E+05  0.00000000000000E+00  0.00000000000000E+00  0.00000000000000E+00
  -0.57177058995047E+05  0.72100747818401E+04 -0.18290658739451E+04 -0.22456182864633E+05  0.25662740335588E+04 -0.45537310385681E+04 -0.29547243833817E+04 -0.18269303963720E+06  0.55666876071820E+05  0.35391160818138E+04 -0.93409078722410E+03 -0.10304646810740E-10 -0.70047225989976E-11 -0.66472181834477E-14 -0.10130810357883E+04  0.27827345862675E+03 -0.14652357243426E+04 -0.10758609836209E+04  0.47227175232102E+05  0.21281697076375E+02  0.12515439072016E+04 -0.24534153089313E+04 -0.72782503844517E+04 -0.23737699104283E+05  0.00000000000000E+00  0.00000000000000E+00  0.00000000000000E+00  0.00000000000000E+00  0.00000000000000E+00  0.00000000000000E+00  0.00000000000000E+00  0.00000000000000E+00  0.00000000000000E+00  0.00000000000000E+00  0.00000000000000E+00  0.00000000000000E+00  0.99737870414457E+05  0.00000000000000E+00  0.00000000000000E+00
  -0.35132007319593E+04  0.65025265223901E+03 -0.13812758597181E+03 -0.33647102498068E+03  0.62262529055205E+02 -0.24226542696755E+02 -0.42474041975733E+02 -0.68214135338665E+03  0.10313468843616E+03  0.40220949877308E+02 -0.45496011886862E+01 -0.20132316120582E+01 -0.66515242378930E+00 -0.14124169744780E-06  0.16101702197451E+02 -0.32407740144859E+01  0.11249104477491E+02  0.95024734063149E+01  0.11714177079973E+04  0.00000000000000E+00  0.00000000000000E+00 -0.68220295876840E+01 -0.30904569870976E+02  0.21700853383148E+03  0.00000000000000E+00  0.00000000000000E+00  0.00000000000000E+00  0.00000000000000E+00  0.00000000000000E+00  0.00000000000000E+00  0.00000000000000E+00  0.00000000000000E+00  0.00000000000000E+00  0.00000000000000E+00  0.00000000000000E+00  0.00000000000000E+00  0.00000000000000E+00  0.56633959601403E+04  0.00000000000000E+00
  -0.29657209839520E+04  0.57914531757106E+03 -0.11724704434468E+03 -0.10840287051328E+04  0.20839069860332E+03 -0.63749645959432E+02 -0.13095633199256E+03 -0.80589698371692E+03  0.11986840288410E+03  0.48910335685890E+02 -0.53856931730022E+01 -0.75190450470129E-11 -0.11354005661294E-11  0.10478287992622E-13  0.19592499209610E+02 -0.40610326611962E+01  0.12607973985501E+02  0.11053899859127E+02  0.42122502017204E+04  0.40645852888906E+01  0.82453338828742E+02 -0.75858486023819E+02 -0.20237075402706E+03 -0.60560998202772E+03  0.00000000000000E+00  0.00000000000000E+00  0.00000000000000E+00  0.00000000000000E+00  0.00000000000000E+00  0.00000000000000E+00  0.00000000000000E+00  0.00000000000000E+00  0.00000000000000E+00  0.00000000000000E+00  0.00000000000000E+00  0.00000000000000E+00  0.00000000000000E+00  0.00000000000000E+00  0.57250796066621E+04

 # Covariance matrix (Bevington epsilon)
   0.10528276464271E-02 -0.14800603252062E-03 -0.27310835554333E-01  0.34060937193488E-03  0.11890841902195E-03 -0.97813369361149E-04 -0.17774517278427E-02  0.92045099167743E-04  0.63149418414246E-04 -0.28422668873809E-02 -0.31845580618430E-01 -0.98856527336127E-03 -0.12641591620467E-01 -0.93470538637211E-01  0.24828344361960E-03  0.45043114916846E-02  0.75934168486252E-05  0.18902250893288E-03 -0.11947942105874E-04  0.22797994736140E-01 -0.59536663056496E-03  0.18387284882193E-02 -0.10978180524819E-02 -0.28998791944165E-05  0.31650840162693E-04  0.34791137104874E-04  0.21385232151247E-04  0.29753733159853E-04  0.30321486757425E-04 -0.53275369076356E-03 -0.20822717753440E-03  0.44636148416438E-04 -0.37811002748457E-04 -0.50198361320139E-04  0.10867380341127E-03  0.32013875863382E-04  0.30678410458205E-04  0.12229853678697E-04  0.13818764665692E-04
  -0.14800603252062E-03  0.24260789616405E-03  0.54861846824684E-02  0.38594062273139E-04  0.12226103594431E-02 -0.54740633529910E-03  0.89177483855161E-03 -0.13105956388531E-04 -0.10390373362595E-04  0.12598593723942E-02  0.64510961637137E-02  0.21281571574136E-03  0.28187435316792E-02  0.30483802086423E-01  0.65115304635628E-04  0.45959844426823E-02 -0.18609606256291E-03  0.14306038012803E-02 -0.24299192098386E-04  0.23442229466583E-01 -0.95127664117930E-03 -0.24327393680413E-02  0.64171115806724E-03  0.11236723480190E-03  0.12729299049025E-04  0.96517970423399E-05  0.82422295499957E-05  0.73979418300929E-05  0.48855499631934E-05  0.90611431857281E-04  0.24455973781946E-04  0.11635175857903E-04 -0.89953484491337E-05 -0.50999894836150E-05 -0.18310204436711E-04  0.96530494626271E-05  0.70925806750353E-05  0.42930568488890E-05 -0.11564588417780E-06
