# fitpack15: fit parameters                                                                         
# CJ15 AV18 final data choices                                                                      
# Created on 02/11/2020 at 14:16:48                                                                 

 # QCD setup
  INS                           0
  NVL                          11
  IORD                          1
  Q02                   1.6899999999999999     
  IPARAMC                      -7
  FLAVOR                4.0000000000000000     
  xmc                   1.3000000000000000     
  xmb                   4.5000000000000000     
  ncb                          12
  ihq                           1
  ias                           0

 # Theory corrections
  inuke                     10114
  itmc                          1
  iht                           1

 # fit parameters
 LAMBDA       0.22680        0.0000    
 a0uv          1.7555        0.0000    
 a1uv         0.54607       0.25712E-01
 a2uv          3.5670       0.10517E-01
 a3uv          0.0000        0.0000    
 a4uv          5.2616       0.76730    
 a5uv          0.0000        0.0000    
 a0dv          16.859        0.0000    
 a1dv          1.0583       0.34566E-01
 a2dv          6.3830       0.16690    
 a3dv         -3.5252       0.98335E-01
 a4dv          5.0739       0.16473    
 a5dv          0.0000        0.0000    
 a0ud         0.13776       0.49484E-02
 a1ud        -0.21372       0.38954E-02
 a2ud          8.7656       0.17774    
 a3ud          0.0000        0.0000    
 a4ud          17.799        1.3796    
 a5ud          0.0000        0.0000    
 a0du          35712.        0.0000    
 a1du          4.0493       0.95842E-01
 a2du          21.673        1.0538    
 a3du          17.000        0.0000    
 a4du          58.845        14.452    
 a0g           45.498        0.0000    
 a1g          0.59847       0.32159E-01
 a2g           6.6283       0.95897    
 a3g          -3.4009       0.14436    
 a4g           3.4261       0.37082    
 a5g           0.0000        0.0000    
 kappa        0.40000        0.0000    
 a6dv         0.36780E-02   0.11503E-02
 a7dv          2.0000        0.0000    
 off1        -0.94906E-01   0.12098    
 off2         0.18118       0.73878    
 off3         -1.0697        1.0457    
 ht1          -3.5116       0.29500    
 ht2           2.0485       0.11652    
 ht3          -2.0929       0.29422E-01
 ht4           0.0000        0.0000    
 dummy41       0.0000        0.0000    
 dummy42       0.0000        0.0000    
 dummy43       0.0000        0.0000    
 dummy44       0.0000        0.0000    
 dummy45       0.0000        0.0000    
 dummy46       0.0000        0.0000    
 dummy47       0.0000        0.0000    
 dummy48       0.0000        0.0000    
 dummy49       0.0000        0.0000    
 bcdmsh2      0.96941       0.48873E-02
 bcdmsd2      0.99211       0.58714E-02
 ccfr          1.0000        0.0000    
 nutev         1.0000        0.0000    
 zeus         0.97998        0.0000    
 h1            1.0162        0.0000    
 e605          1.0319        0.0000    
 NmcH2         1.0075       0.71476E-02
 ntv_nu        1.0000        0.0000    
 ntv_nuba      1.0000        0.0000    
 cdf_jet      0.98910        0.0000    
 d0_jet       0.83504        0.0000    
 slac_p        1.0019       0.49008E-02
 slac_d        1.0035       0.53370E-02
 e866pp       0.99557       0.20368E-01
 e866pd       0.97482       0.17629E-01
 d0_gamje      1.0374       0.16505E-01
 h1b          0.97608        0.0000    
 jlab_p       0.99500       0.58755E-02
 jlab_d       0.97722       0.59873E-02
 blank         1.0000        0.0000    
 d0run2       0.94715       0.14553E-01
 cdfrun2      0.93429       0.17474E-01
 HERA_el       1.0000        0.0000    
 HERA_ps       1.0000        0.0000    
 CDF_Z        0.94711       0.65847E-02
 NmcRat        1.0000        0.0000    
 BNS_F2nd     0.97073       0.72315E-02
 HERMES_F     0.99519       0.56431E-02
 HERMES_F     0.97928       0.58711E-02
 END 0. 0.

 # Hessian matrix (Bevington alpha)
   0.53428238739293E+07 -0.13455144590480E+07  0.17584950312835E+06  0.49239055929362E+06 -0.13479070418973E+06 -0.29336537305156E+05  0.45822421048504E+05  0.99918953386271E+06 -0.18609545350690E+06 -0.47717303525769E+05  0.64421668979011E+04  0.13889794165724E+05  0.14295565084603E+04 -0.10295031966604E+03  0.11847225654688E+05 -0.25445572050629E+04  0.12100579175317E+05  0.85218475194411E+04  0.53029801872514E+07 -0.68185909625352E+05 -0.29867067412656E+05 -0.14390929927871E+05 -0.19126613672614E+05 -0.10408462039596E+05 -0.23404232590148E+06 -0.13454733010042E+06 -0.56902222237099E+05 -0.56241800988693E+04 -0.88322276163603E+06 -0.11392980860110E+07 -0.21144045268337E+05 -0.48141012880193E+05 -0.32691283287510E+04 -0.20671167412251E+06 -0.23255105088910E+06 -0.91558014932902E+04 -0.32295264294364E+04 -0.20708014894812E+05  0.17649447898385E+05 -0.76172992178463E+05 -0.59890994609782E+05
  -0.13455144590480E+07  0.41496434520761E+06 -0.44977742563199E+05 -0.13352035182113E+06  0.36583856706803E+05  0.83514365378780E+04 -0.10360111245550E+05 -0.12191188686225E+06  0.25892374116341E+05  0.67001172940378E+04 -0.74143239656825E+03 -0.10465921474373E+04 -0.10861635892628E+03  0.11875058730009E+02  0.31804761190570E+03 -0.13276423807016E+02 -0.18254862241681E+03 -0.90966192931207E+02 -0.17546859602888E+07  0.17250198542884E+05  0.85442846365747E+04  0.44893380817920E+04  0.83659802661483E+04  0.95963388772062E+04  0.67249956563994E+05  0.16837836132151E+05  0.83240653542498E+04 -0.17593136973861E+03  0.21107170260888E+06  0.26561907298154E+06  0.57112851187408E+04  0.13195174077276E+05  0.42301353357465E+03  0.63709970914633E+05  0.71281932788429E+05  0.23819439088496E+04  0.75388001768889E+03 -0.20956956923409E+04 -0.23048121753715E+04  0.87600094643021E+04  0.73602287961093E+04
   0.17584950312835E+06 -0.44977742563199E+05  0.58216278135864E+04  0.15911751049613E+05 -0.44766375514521E+04 -0.11460801419524E+04  0.14494272586510E+04  0.24922649248169E+05 -0.45151492933833E+04 -0.13974034008326E+04  0.16305257479597E+03  0.33875282864751E+03  0.39279458222687E+02 -0.34763646830466E+01 -0.17718230708653E+03 -0.20052105578043E+02 -0.49251852466109E+02  0.36333155638789E+02  0.17747573240424E+06 -0.22294953011402E+04 -0.98769092990339E+03 -0.47853197473323E+03 -0.66172954489920E+03 -0.45403247659498E+03 -0.77904464212166E+04 -0.42335048016647E+04 -0.17898552187173E+04  0.58714411807059E+01 -0.28463122570561E+05 -0.36913083455048E+05 -0.70429490746202E+03 -0.16090432876026E+04 -0.91892377500338E+02 -0.69386898757894E+04 -0.78026928991984E+04 -0.30118126918300E+03 -0.10554706029988E+03 -0.13040319654130E+03  0.56280236860172E+03 -0.20459369056499E+04 -0.16441533675264E+04
   0.49239055929362E+06 -0.13352035182113E+06  0.15911751049613E+05  0.42647750883381E+06 -0.65602925471140E+05  0.65797786692112E+05  0.57153198524401E+05  0.39131285049892E+06 -0.30371913133915E+05 -0.18295898685383E+05  0.30125380101384E+04 -0.15639971103132E+04 -0.15953291335214E+03  0.54637609557988E+02  0.32946136385698E+05 -0.40185591015804E+04  0.26159143092939E+05  0.14676211736413E+05  0.15248010645741E+07 -0.19479146834987E+05 -0.78152412961777E+04 -0.33834232379368E+04 -0.13439511823385E+04  0.24202460235883E+04 -0.39858282711321E+05 -0.13232594229579E+05 -0.21952506711042E+05 -0.19828704851587E+03 -0.67388563802489E+05 -0.34892638665573E+06 -0.13095349489814E+04 -0.24646699651970E+04 -0.68674705235109E+02 -0.11644042021096E+05 -0.52287583525948E+05 -0.24518378243986E+04 -0.95664787061891E+03 -0.11188283369398E+05 -0.16839167916698E+05 -0.76265358129177E+04 -0.22595966957301E+05
  -0.13479070418973E+06  0.36583856706803E+05 -0.44766375514521E+04 -0.65602925471140E+05  0.12270239556297E+05 -0.63031732157112E+04 -0.80712627950463E+04 -0.33973107049931E+05  0.41594355673733E+03  0.22639752335614E+04 -0.28464688636968E+03 -0.85456662179724E+01  0.60080701743978E+01 -0.47113864741839E+01 -0.27395203567175E+04  0.33872790606633E+03 -0.21241315689547E+04 -0.12053092097079E+04 -0.34635372703526E+06  0.37004881039616E+04  0.16635008976006E+04  0.77473421331412E+03  0.60256851876630E+03  0.39941349220092E+03  0.89878538634119E+04  0.20201872432214E+04  0.34338362507922E+04 -0.50153987015594E+02  0.12297323592406E+05  0.64896187620432E+05  0.32400627304269E+03  0.59029486662657E+03  0.86325663106345E+01  0.30494633415419E+04  0.13525382589888E+05  0.47820825241436E+03  0.17588066867882E+03  0.41589422229592E+03  0.26080426276117E+04  0.84603285522798E+03  0.26155775817842E+04
  -0.29336537305156E+05  0.83514365378780E+04 -0.11460801419524E+04  0.65797786692112E+05 -0.63031732157112E+04  0.17172534159271E+05  0.10274532381783E+05  0.98816315728726E+05 -0.96787526917527E+04 -0.37407572722175E+04  0.74322464537277E+03 -0.63676688570461E+03 -0.56792246483729E+02  0.15217684813666E+02  0.83353909360821E+04 -0.10388688665207E+04  0.67271650102628E+04  0.38164971385235E+04  0.34020454954048E+05 -0.16299502544210E+04 -0.35888057372504E+03 -0.54754517438346E+02  0.49356634057143E+03  0.17522628993099E+04 -0.10015457214838E+04 -0.21303766778503E+04 -0.33005778046367E+04  0.69811654152591E+02 -0.68519045364403E+04 -0.32938719491037E+05  0.15346228673318E+02 -0.40166300595781E+01 -0.14510656164512E+02  0.30350467642273E+03  0.11784562339437E+04 -0.19197154103530E+03 -0.98167599891673E+02 -0.28922253126251E+04 -0.26068045008024E+04 -0.15936362854529E+04 -0.45616164341457E+04
   0.45822421048504E+05 -0.10360111245550E+05  0.14494272586510E+04  0.57153198524401E+05 -0.80712627950463E+04  0.10274532381783E+05  0.81952420978814E+04  0.53955649840676E+05 -0.31608863439394E+04 -0.26685530642821E+04  0.42763564339518E+03 -0.21772871360858E+03 -0.23781442519554E+02  0.80344063868664E+01  0.43339304507405E+04 -0.54877187702647E+03  0.33957348044114E+04  0.19526350473994E+04  0.14713371776881E+06 -0.22599679900451E+04 -0.83325500751777E+03 -0.32306613606241E+03  0.75018218473957E+02  0.82202690077892E+03 -0.40627673159024E+04 -0.20285573007853E+04 -0.32124477011310E+04  0.95380662265210E+02 -0.84201623924317E+04 -0.43648534403980E+05 -0.13001636784804E+03 -0.24120667096374E+03 -0.10469509047771E+02 -0.92263251372442E+03 -0.42426141661756E+04 -0.29827192677753E+03 -0.12458302842313E+03 -0.12391042282703E+04 -0.26422887659235E+04 -0.99960347418802E+03 -0.29733277833590E+04
   0.99918953386271E+06 -0.12191188686225E+06  0.24922649248169E+05  0.39131285049892E+06 -0.33973107049931E+05  0.98816315728726E+05  0.53955649840676E+05  0.58013624105007E+07 -0.25072904948309E+07 -0.91624091703169E+05  0.25123767488522E+05  0.26094773162674E+05  0.16397018010201E+04  0.90837369664836E+02  0.95776148499574E+05 -0.12188296551923E+05  0.88409691100132E+05  0.47826594592165E+05  0.38170956123132E+06 -0.37788829193676E+05 -0.72929570279641E+04 -0.19251531772799E+04  0.64526944876995E+04  0.34220769731948E+05 -0.27241886538089E+05 -0.64315902748225E+05 -0.50820559969018E+05 -0.74189012786351E+05 -0.30208793140011E+06 -0.58395275850622E+06 -0.75378005343260E+05 -0.17040830001608E+06 -0.14963820983768E+04 -0.49610924494509E+04 -0.99653879845214E+04  0.59780914473319E+03  0.41138727190943E+03 -0.28906610900607E+06 -0.83578917879162E+04 -0.15147824833625E+06 -0.18497850907763E+06
  -0.18609545350690E+06  0.25892374116341E+05 -0.45151492933833E+04 -0.30371913133915E+05  0.41594355673733E+03 -0.96787526917527E+04 -0.31608863439394E+04 -0.25072904948309E+07  0.19314323227402E+07  0.19571472312894E+05 -0.60947941389737E+04 -0.55639675144886E+04 -0.29190498647168E+03 -0.12302274549538E+02  0.47909590199584E+05 -0.22327264975826E+04  0.14338640608592E+05  0.68985156371028E+04  0.18993617033270E+05  0.91943416100377E+04  0.14135810833013E+04  0.31908972535264E+03 -0.14600101929868E+04 -0.80588244161619E+04  0.42297355408078E+04  0.11502764624837E+05  0.10713342757626E+05  0.25480736294090E+05  0.67335975006076E+05  0.12606262631391E+06  0.22763197993150E+05  0.51597790742207E+05  0.20496657854314E+03  0.53539637086995E+03  0.11027582883391E+04 -0.13387183077859E+04 -0.73229534686196E+03  0.11617253480771E+06  0.14564534336870E+04  0.46134412200475E+05  0.55873072906745E+05
  -0.47717303525769E+05  0.67001172940378E+04 -0.13974034008326E+04 -0.18295898685383E+05  0.22639752335614E+04 -0.37407572722175E+04 -0.26685530642821E+04 -0.91624091703169E+05  0.19571472312894E+05  0.25696103726072E+04 -0.55703141869773E+03 -0.59413744155839E+03 -0.48801262691533E+02 -0.15618996837658E+01 -0.40701328582668E+04  0.50529164626593E+03 -0.32871533404264E+04 -0.18690480632793E+04 -0.34551404063033E+05  0.12228455320928E+04  0.32791710154703E+03  0.10631070381862E+03 -0.18688655903284E+03 -0.98853042084755E+03  0.16072316332352E+04  0.26869674228977E+04  0.18277437918945E+04  0.74315289602829E+03  0.10661469582431E+05  0.21810103918056E+05  0.14455130552643E+04  0.32081845624688E+04  0.44106629888047E+02  0.46016031954855E+03  0.89078897139633E+03  0.11634264830787E+03  0.52327348738462E+02  0.31587114679837E+04  0.40228261365262E+03  0.28498103264472E+04  0.35576085835634E+04
   0.64421668979011E+04 -0.74143239656825E+03  0.16305257479597E+03  0.30125380101384E+04 -0.28464688636968E+03  0.74322464537277E+03  0.42763564339518E+03  0.25123767488522E+05 -0.60947941389737E+04 -0.55703141869773E+03  0.14255283592899E+03  0.15978614610632E+03  0.10763204130937E+02  0.54633630261609E+00  0.11551817756338E+04 -0.12885265704187E+03  0.90196316049314E+03  0.49053719588404E+03  0.34523880910004E+04 -0.21531427450302E+03 -0.45197279871069E+02 -0.12403376127188E+02  0.38510836298620E+02  0.20019454608962E+03 -0.17797690545179E+03 -0.41359629371186E+03 -0.30849908396664E+03 -0.31987589980400E+03 -0.17936908725338E+04 -0.35054265551102E+04 -0.37969542904930E+03 -0.85774596820587E+03 -0.10117800545811E+02 -0.33720160217692E+02 -0.67668051070052E+02 -0.96257765724103E+01 -0.45994678714802E+01 -0.10738427485708E+04 -0.53551942116529E+02 -0.76181144577234E+03 -0.93562315509406E+03
   0.13889794165724E+05 -0.10465921474373E+04  0.33875282864751E+03 -0.15639971103132E+04 -0.85456662179724E+01 -0.63676688570461E+03 -0.21772871360858E+03  0.26094773162674E+05 -0.55639675144886E+04 -0.59413744155839E+03  0.15978614610632E+03  0.13805072120601E+04  0.85643840044493E+02 -0.11951362019284E+01  0.13356291501569E+04 -0.18580073098049E+03  0.13048116507185E+04  0.74996517016033E+03  0.36415862012709E+04  0.25306307724851E+03  0.23513273970182E+02  0.15436391916977E+00  0.36128746966335E+02  0.21278714091383E+03 -0.38057317398200E+02 -0.90909182359408E+03  0.28158533725837E-10 -0.68380247361449E+03 -0.42497935818201E+04  0.51481534616705E-09 -0.20703121363670E+04 -0.43685748941711E+02 -0.71132626340092E+02 -0.65229627673980E-01  0.30295562130027E-10 -0.15058760365312E+01 -0.65744304136113E+00  0.14694129346668E+03  0.21675569237036E+03 -0.24851714247026E+04 -0.11633972878423E-10
   0.14295565084603E+04 -0.10861635892628E+03  0.39279458222687E+02 -0.15953291335214E+03  0.60080701743978E+01 -0.56792246483729E+02 -0.23781442519554E+02  0.16397018010201E+04 -0.29190498647168E+03 -0.48801262691533E+02  0.10763204130937E+02  0.85643840044493E+02  0.71157783810113E+01 -0.14501736755755E+00  0.70257666151049E+02 -0.11787196404822E+02  0.72989951169744E+02  0.45801277167365E+02  0.15706981461041E+03  0.12874572751441E+02  0.16579631551244E+01  0.30535744467252E-01  0.44075421673417E+01  0.22910444624450E+02 -0.71913497891923E+01 -0.12580127386625E+03  0.21015182037505E-11 -0.25125502665839E+02 -0.46347412374375E+03  0.33258654404000E-10 -0.12301316169417E+03 -0.10847620606664E+02 -0.53787549512651E+01 -0.46560535620769E-01  0.15374353345350E-13 -0.14608511010300E+00 -0.58076885537342E-01  0.17048468051191E+02  0.46940365976284E+02 -0.16969725807746E+03 -0.42230941726477E-11
  -0.10295031966604E+03  0.11875058730009E+02 -0.34763646830466E+01  0.54637609557988E+02 -0.47113864741839E+01  0.15217684813666E+02  0.80344063868664E+01  0.90837369664836E+02 -0.12302274549538E+02 -0.15618996837658E+01  0.54633630261609E+00 -0.11951362019284E+01 -0.14501736755755E+00  0.39372289698784E-01  0.12348550452833E+02 -0.93367605542255E+00  0.73037620814738E+01  0.34094711867034E+01  0.49498393450407E+02  0.12078166366094E+01 -0.33834778029488E-01 -0.17046317052674E-01 -0.62523759110957E-02 -0.11080324706714E-01  0.11783709442317E-01  0.56915972942003E-01  0.16373088614053E-12 -0.48459089965357E+01 -0.45918904943556E+00  0.11126759344373E-10 -0.21841075153158E+01 -0.40994435740088E-05 -0.10669816583609E+00  0.00000000000000E+00 -0.40682852061884E-13 -0.12817388041901E-02 -0.70636660950358E-03 -0.20427397327727E+01  0.88762242338608E-05 -0.21913711527396E+01  0.22195867321661E-12
   0.11847225654688E+05  0.31804761190570E+03 -0.17718230708653E+03  0.32946136385698E+05 -0.27395203567175E+04  0.83353909360821E+04  0.43339304507405E+04  0.95776148499574E+05  0.47909590199584E+05 -0.40701328582668E+04  0.11551817756338E+04  0.13356291501569E+04  0.70257666151049E+02  0.12348550452833E+02  0.51136066412386E+05 -0.48327887992719E+04  0.34411603500809E+05  0.17982153440073E+05  0.38452875243743E+05  0.50520548467379E+02  0.60694722884754E+02  0.27806643849919E+02 -0.32920191427009E+02 -0.16995813931555E+03  0.70352215355874E+03 -0.28505565753420E+04 -0.18523881243577E+04 -0.25051479142821E+04  0.20105609576675E+04  0.44548939926068E+04 -0.14576304298357E+04 -0.29388676450348E+04 -0.74218827078210E+03  0.26259518978187E+03  0.47487039707008E+03 -0.29713827132556E+04 -0.15682729783147E+04 -0.22402816849395E+04  0.21075524694684E+03 -0.95534882880434E+03 -0.10718448698769E+04
  -0.25445572050629E+04 -0.13276423807016E+02 -0.20052105578043E+02 -0.40185591015804E+04  0.33872790606633E+03 -0.10388688665207E+04 -0.54877187702647E+03 -0.12188296551923E+05 -0.22327264975826E+04  0.50529164626593E+03 -0.12885265704187E+03 -0.18580073098049E+03 -0.11787196404822E+02 -0.93367605542255E+00 -0.48327887992719E+04  0.53238815810649E+03 -0.36742940114021E+04 -0.20026713000136E+04 -0.45082424134306E+04  0.38738833424040E+01 -0.92613492044267E+01 -0.53350412189836E+01 -0.27755994682027E+01 -0.51994584533972E+01 -0.14823403702436E+03  0.53248383652214E+03  0.33185596877194E+03  0.29294573137928E+03 -0.16271144744494E+03 -0.51628908995559E+03  0.15393956400840E+03  0.30837017345696E+03  0.83638963098989E+02 -0.71109128264721E+02 -0.12676980406208E+03  0.46069710336764E+03  0.22639620137177E+03 -0.34768123334541E+03 -0.38005238773159E+02  0.26404233009918E+03  0.29563663043094E+03
   0.12100579175317E+05 -0.18254862241681E+03 -0.49251852466109E+02  0.26159143092939E+05 -0.21241315689547E+04  0.67271650102628E+04  0.33957348044114E+04  0.88409691100132E+05  0.14338640608592E+05 -0.32871533404264E+04  0.90196316049314E+03  0.13048116507185E+04  0.72989951169744E+02  0.73037620814738E+01  0.34411603500809E+05 -0.36742940114021E+04  0.26031322768302E+05  0.13970259595221E+05  0.31116180498155E+05  0.18208646449839E+02  0.48516511877564E+02  0.19486700611314E+02 -0.71402008978916E+02 -0.25913439012516E+03  0.46232893772683E+03 -0.23777626637459E+04 -0.15355895050688E+04 -0.23952433709399E+04  0.20650201195702E+04  0.43184733604842E+04 -0.11604987929423E+04 -0.23454023226171E+04 -0.57879788232259E+03  0.56400773050901E+02  0.11490514571716E+03 -0.23919873622622E+04 -0.12950729594733E+04  0.10774833524035E+04  0.20903428813941E+03 -0.14722887910879E+04 -0.16325837132078E+04
   0.85218475194411E+04 -0.90966192931207E+02  0.36333155638789E+02  0.14676211736413E+05 -0.12053092097079E+04  0.38164971385235E+04  0.19526350473994E+04  0.47826594592165E+05  0.68985156371028E+04 -0.18690480632793E+04  0.49053719588404E+03  0.74996517016033E+03  0.45801277167365E+02  0.34094711867034E+01  0.17982153440073E+05 -0.20026713000136E+04  0.13970259595221E+05  0.76119154720655E+04  0.17256926989930E+05 -0.74074778599837E+01  0.30937017235910E+02  0.14746760461017E+02 -0.28135150602180E+02 -0.93596215330596E+02  0.38627956189145E+03 -0.17134012879192E+04 -0.10736217981860E+04 -0.12065714419318E+04  0.96843083506606E+03  0.23819888831760E+04 -0.58994842568990E+03 -0.11916334865315E+04 -0.32034468426793E+03  0.94932393546212E+02  0.17846444315533E+03 -0.15645911143805E+04 -0.81061901334892E+03  0.13258037959312E+04  0.15082421860221E+03 -0.10536949533612E+04 -0.11699479105099E+04
   0.53029801872514E+07 -0.17546859602888E+07  0.17747573240424E+06  0.15248010645741E+07 -0.34635372703526E+06  0.34020454954048E+05  0.14713371776881E+06  0.38170956123132E+06  0.18993617033270E+05 -0.34551404063033E+05  0.34523880910004E+04  0.36415862012709E+04  0.15706981461041E+03  0.49498393450407E+02  0.38452875243743E+05 -0.45082424134306E+04  0.31116180498155E+05  0.17256926989930E+05  0.15140036444399E+08 -0.12357997390396E+06 -0.64141440212978E+05 -0.34213412196914E+05 -0.42244182977739E+05 -0.51229408027121E+05 -0.32910969322279E+06 -0.23130667641195E+05 -0.51930350894974E+05  0.72803029624598E+03 -0.38567361751148E+06 -0.18919704473705E+07 -0.11276694743671E+05 -0.21358546409995E+05 -0.13253771313206E+03 -0.12483958896894E+06 -0.54847335129532E+06 -0.16299937927847E+05 -0.51203437132496E+04  0.11797787726008E+05 -0.30767063675210E+05 -0.14216962280725E+05 -0.44378984871017E+05
  -0.68185909625352E+05  0.17250198542884E+05 -0.22294953011402E+04 -0.19479146834987E+05  0.37004881039616E+04 -0.16299502544210E+04 -0.22599679900451E+04 -0.37788829193676E+05  0.91943416100377E+04  0.12228455320928E+04 -0.21531427450302E+03  0.25306307724851E+03  0.12874572751441E+02  0.12078166366094E+01  0.50520548467379E+02  0.38738833424040E+01  0.18208646449839E+02 -0.74074778599837E+01 -0.12357997390396E+06  0.30066808170594E+04  0.10233905036926E+04  0.44978878695684E+03  0.18966046004557E+03 -0.24034872158757E+03  0.38007273850841E+04  0.00000000000000E+00  0.25963939557927E+04  0.00000000000000E+00  0.00000000000000E+00  0.41000807704862E+05  0.00000000000000E+00  0.00000000000000E+00  0.00000000000000E+00  0.00000000000000E+00  0.61238015676626E+04  0.00000000000000E+00  0.00000000000000E+00  0.00000000000000E+00 -0.17460181099857E+04  0.00000000000000E+00  0.41748400633804E+04
  -0.29867067412656E+05  0.85442846365747E+04 -0.98769092990339E+03 -0.78152412961777E+04  0.16635008976006E+04 -0.35888057372504E+03 -0.83325500751777E+03 -0.72929570279641E+04  0.14135810833013E+04  0.32791710154703E+03 -0.45197279871069E+02  0.23513273970182E+02  0.16579631551244E+01 -0.33834778029488E-01  0.60694722884754E+02 -0.92613492044267E+01  0.48516511877564E+02  0.30937017235910E+02 -0.64141440212978E+05  0.10233905036926E+04  0.44558933173681E+03  0.21670558233117E+03  0.15028021716198E+03  0.81600837132508E+02  0.17540637053844E+04  0.00000000000000E+00  0.67506365553232E+03  0.00000000000000E+00  0.00000000000000E+00  0.15459094610788E+05  0.00000000000000E+00  0.00000000000000E+00  0.00000000000000E+00  0.00000000000000E+00  0.31077045159757E+04  0.00000000000000E+00  0.00000000000000E+00  0.00000000000000E+00 -0.50761031415768E+03  0.00000000000000E+00  0.87152387330095E+03
  -0.14390929927871E+05  0.44893380817920E+04 -0.47853197473323E+03 -0.33834232379368E+04  0.77473421331412E+03 -0.54754517438346E+02 -0.32306613606241E+03 -0.19251531772799E+04  0.31908972535264E+03  0.10631070381862E+03 -0.12403376127188E+02  0.15436391916977E+00  0.30535744467252E-01 -0.17046317052674E-01  0.27806643849919E+02 -0.53350412189836E+01  0.19486700611314E+02  0.14746760461017E+02 -0.34213412196914E+05  0.44978878695684E+03  0.21670558233117E+03  0.11209261651100E+03  0.95399482700064E+02  0.91589259318408E+02  0.86388235384092E+03  0.00000000000000E+00  0.19773963469423E+03  0.00000000000000E+00  0.00000000000000E+00  0.67451979390805E+04  0.00000000000000E+00  0.00000000000000E+00  0.00000000000000E+00  0.00000000000000E+00  0.16190272741040E+04  0.00000000000000E+00  0.00000000000000E+00  0.00000000000000E+00 -0.16682889757578E+03  0.00000000000000E+00  0.25993577804599E+03
  -0.19126613672614E+05  0.83659802661483E+04 -0.66172954489920E+03 -0.13439511823385E+04  0.60256851876630E+03  0.49356634057143E+03  0.75018218473957E+02  0.64526944876995E+04 -0.14600101929868E+04 -0.18688655903284E+03  0.38510836298620E+02  0.36128746966335E+02  0.44075421673417E+01 -0.62523759110957E-02 -0.32920191427009E+02 -0.27755994682027E+01 -0.71402008978916E+02 -0.28135150602180E+02 -0.42244182977739E+05  0.18966046004557E+03  0.15028021716198E+03  0.95399482700064E+02  0.35128886842871E+03  0.63302203971570E+03  0.15687034230128E+04 -0.44591852242290E+02 -0.25347198252650E+02  0.40612755042220E+01  0.99206948890582E+03  0.66210800218689E+03  0.00000000000000E+00  0.00000000000000E+00  0.00000000000000E+00  0.22721239960649E+04  0.28156313774182E+04  0.00000000000000E+00  0.00000000000000E+00  0.00000000000000E+00 -0.25736350343211E+02 -0.30912836382666E+03 -0.32212276391736E+03
  -0.10408462039596E+05  0.95963388772062E+04 -0.45403247659498E+03  0.24202460235883E+04  0.39941349220092E+03  0.17522628993099E+04  0.82202690077892E+03  0.34220769731948E+05 -0.80588244161619E+04 -0.98853042084755E+03  0.20019454608962E+03  0.21278714091383E+03  0.22910444624450E+02 -0.11080324706714E-01 -0.16995813931555E+03 -0.51994584533972E+01 -0.25913439012516E+03 -0.93596215330596E+02 -0.51229408027121E+05 -0.24034872158757E+03  0.81600837132508E+02  0.91589259318408E+02  0.63302203971570E+03  0.16232048272559E+04  0.16437553817165E+04 -0.14588823073842E+03 -0.97269351964467E+02 -0.25248765002270E+02 -0.51329244605944E+04 -0.92508211726152E+04  0.00000000000000E+00  0.00000000000000E+00  0.00000000000000E+00  0.33648046900532E+04  0.40562123229363E+04  0.00000000000000E+00  0.00000000000000E+00  0.00000000000000E+00 -0.41173121152988E+02 -0.18256440242609E+04 -0.18869230780304E+04
  -0.23404232590148E+06  0.67249956563994E+05 -0.77904464212166E+04 -0.39858282711321E+05  0.89878538634119E+04 -0.10015457214838E+04 -0.40627673159024E+04 -0.27241886538089E+05  0.42297355408078E+04  0.16072316332352E+04 -0.17797690545179E+03 -0.38057317398200E+02 -0.71913497891923E+01  0.11783709442317E-01  0.70352215355874E+03 -0.14823403702436E+03  0.46232893772683E+03  0.38627956189145E+03 -0.32910969322279E+06  0.38007273850841E+04  0.17540637053844E+04  0.86388235384092E+03  0.15687034230128E+04  0.16437553817165E+04  0.16436545617569E+05  0.24250120502472E+03  0.12581153988854E+03 -0.52093908621821E+01  0.37497004266144E+05  0.60647689716316E+05  0.00000000000000E+00  0.00000000000000E+00  0.00000000000000E+00  0.16143881407787E+05  0.20323083464530E+05  0.00000000000000E+00  0.00000000000000E+00  0.00000000000000E+00 -0.82291436771427E+02  0.15024004075259E+04  0.15321191109450E+04
  -0.13454733010042E+06  0.16837836132151E+05 -0.42335048016647E+04 -0.13232594229579E+05  0.20201872432214E+04 -0.21303766778503E+04 -0.20285573007853E+04 -0.64315902748225E+05  0.11502764624837E+05  0.26869674228977E+04 -0.41359629371186E+03 -0.90909182359408E+03 -0.12580127386625E+03  0.56915972942003E-01 -0.28505565753420E+04  0.53248383652214E+03 -0.23777626637459E+04 -0.17134012879192E+04 -0.23130667641195E+05  0.00000000000000E+00  0.00000000000000E+00  0.00000000000000E+00 -0.44591852242290E+02 -0.14588823073842E+03  0.24250120502472E+03  0.11712069166025E+06  0.00000000000000E+00  0.00000000000000E+00  0.00000000000000E+00  0.00000000000000E+00  0.00000000000000E+00  0.00000000000000E+00  0.00000000000000E+00  0.00000000000000E+00  0.00000000000000E+00  0.00000000000000E+00  0.00000000000000E+00  0.00000000000000E+00  0.00000000000000E+00  0.00000000000000E+00  0.00000000000000E+00
  -0.56902222237099E+05  0.83240653542498E+04 -0.17898552187173E+04 -0.21952506711042E+05  0.34338362507922E+04 -0.33005778046367E+04 -0.32124477011310E+04 -0.50820559969018E+05  0.10713342757626E+05  0.18277437918945E+04 -0.30849908396664E+03  0.28158533725837E-10  0.21015182037505E-11  0.16373088614053E-12 -0.18523881243577E+04  0.33185596877194E+03 -0.15355895050688E+04 -0.10736217981860E+04 -0.51930350894974E+05  0.25963939557927E+04  0.67506365553232E+03  0.19773963469423E+03 -0.25347198252650E+02 -0.97269351964467E+02  0.12581153988854E+03  0.00000000000000E+00  0.64742236041158E+05  0.00000000000000E+00  0.00000000000000E+00  0.00000000000000E+00  0.00000000000000E+00  0.00000000000000E+00  0.00000000000000E+00  0.00000000000000E+00  0.00000000000000E+00  0.00000000000000E+00  0.00000000000000E+00  0.00000000000000E+00  0.00000000000000E+00  0.00000000000000E+00  0.00000000000000E+00
  -0.56241800988693E+04 -0.17593136973861E+03  0.58714411807059E+01 -0.19828704851587E+03 -0.50153987015594E+02  0.69811654152591E+02  0.95380662265210E+02 -0.74189012786351E+05  0.25480736294090E+05  0.74315289602829E+03 -0.31987589980400E+03 -0.68380247361449E+03 -0.25125502665839E+02 -0.48459089965357E+01 -0.25051479142821E+04  0.29294573137928E+03 -0.23952433709399E+04 -0.12065714419318E+04  0.72803029624598E+03  0.00000000000000E+00  0.00000000000000E+00  0.00000000000000E+00  0.40612755042220E+01 -0.25248765002270E+02 -0.52093908621821E+01  0.00000000000000E+00  0.00000000000000E+00  0.30754985163351E+05  0.00000000000000E+00  0.00000000000000E+00  0.00000000000000E+00  0.00000000000000E+00  0.00000000000000E+00  0.00000000000000E+00  0.00000000000000E+00  0.00000000000000E+00  0.00000000000000E+00  0.00000000000000E+00  0.00000000000000E+00  0.00000000000000E+00  0.00000000000000E+00
  -0.88322276163603E+06  0.21107170260888E+06 -0.28463122570561E+05 -0.67388563802489E+05  0.12297323592406E+05 -0.68519045364403E+04 -0.84201623924317E+04 -0.30208793140011E+06  0.67335975006076E+05  0.10661469582431E+05 -0.17936908725338E+04 -0.42497935818201E+04 -0.46347412374375E+03 -0.45918904943556E+00  0.20105609576675E+04 -0.16271144744494E+03  0.20650201195702E+04  0.96843083506606E+03 -0.38567361751148E+06  0.00000000000000E+00  0.00000000000000E+00  0.00000000000000E+00  0.99206948890582E+03 -0.51329244605944E+04  0.37497004266144E+05  0.00000000000000E+00  0.00000000000000E+00  0.00000000000000E+00  0.58097279230823E+06  0.00000000000000E+00  0.00000000000000E+00  0.00000000000000E+00  0.00000000000000E+00  0.00000000000000E+00  0.00000000000000E+00  0.00000000000000E+00  0.00000000000000E+00  0.00000000000000E+00  0.00000000000000E+00  0.00000000000000E+00  0.00000000000000E+00
  -0.11392980860110E+07  0.26561907298154E+06 -0.36913083455048E+05 -0.34892638665573E+06  0.64896187620432E+05 -0.32938719491037E+05 -0.43648534403980E+05 -0.58395275850622E+06  0.12606262631391E+06  0.21810103918056E+05 -0.35054265551102E+04  0.51481534616705E-09  0.33258654404000E-10  0.11126759344373E-10  0.44548939926068E+04 -0.51628908995559E+03  0.43184733604842E+04  0.23819888831760E+04 -0.18919704473705E+07  0.41000807704862E+05  0.15459094610788E+05  0.67451979390805E+04  0.66210800218689E+03 -0.92508211726152E+04  0.60647689716316E+05  0.00000000000000E+00  0.00000000000000E+00  0.00000000000000E+00  0.00000000000000E+00  0.91954815229272E+06  0.00000000000000E+00  0.00000000000000E+00  0.00000000000000E+00  0.00000000000000E+00  0.00000000000000E+00  0.00000000000000E+00  0.00000000000000E+00  0.00000000000000E+00  0.00000000000000E+00  0.00000000000000E+00  0.00000000000000E+00
  -0.21144045268337E+05  0.57112851187408E+04 -0.70429490746202E+03 -0.13095349489814E+04  0.32400627304269E+03  0.15346228673318E+02 -0.13001636784804E+03 -0.75378005343260E+05  0.22763197993150E+05  0.14455130552643E+04 -0.37969542904930E+03 -0.20703121363670E+04 -0.12301316169417E+03 -0.21841075153158E+01 -0.14576304298357E+04  0.15393956400840E+03 -0.11604987929423E+04 -0.58994842568990E+03 -0.11276694743671E+05  0.00000000000000E+00  0.00000000000000E+00  0.00000000000000E+00  0.00000000000000E+00  0.00000000000000E+00  0.00000000000000E+00  0.00000000000000E+00  0.00000000000000E+00  0.00000000000000E+00  0.00000000000000E+00  0.00000000000000E+00  0.13926373169223E+05  0.00000000000000E+00  0.00000000000000E+00  0.00000000000000E+00  0.00000000000000E+00  0.00000000000000E+00  0.00000000000000E+00  0.00000000000000E+00  0.00000000000000E+00  0.00000000000000E+00  0.00000000000000E+00
  -0.48141012880193E+05  0.13195174077276E+05 -0.16090432876026E+04 -0.24646699651970E+04  0.59029486662657E+03 -0.40166300595781E+01 -0.24120667096374E+03 -0.17040830001608E+06  0.51597790742207E+05  0.32081845624688E+04 -0.85774596820587E+03 -0.43685748941711E+02 -0.10847620606664E+02 -0.40994435740088E-05 -0.29388676450348E+04  0.30837017345696E+03 -0.23454023226171E+04 -0.11916334865315E+04 -0.21358546409995E+05  0.00000000000000E+00  0.00000000000000E+00  0.00000000000000E+00  0.00000000000000E+00  0.00000000000000E+00  0.00000000000000E+00  0.00000000000000E+00  0.00000000000000E+00  0.00000000000000E+00  0.00000000000000E+00  0.00000000000000E+00  0.00000000000000E+00  0.31093173984927E+05  0.00000000000000E+00  0.00000000000000E+00  0.00000000000000E+00  0.00000000000000E+00  0.00000000000000E+00  0.00000000000000E+00  0.00000000000000E+00  0.00000000000000E+00  0.00000000000000E+00
  -0.32691283287510E+04  0.42301353357465E+03 -0.91892377500338E+02 -0.68674705235109E+02  0.86325663106345E+01 -0.14510656164512E+02 -0.10469509047771E+02 -0.14963820983768E+04  0.20496657854314E+03  0.44106629888047E+02 -0.10117800545811E+02 -0.71132626340092E+02 -0.53787549512651E+01 -0.10669816583609E+00 -0.74218827078210E+03  0.83638963098989E+02 -0.57879788232259E+03 -0.32034468426793E+03 -0.13253771313206E+03  0.00000000000000E+00  0.00000000000000E+00  0.00000000000000E+00  0.00000000000000E+00  0.00000000000000E+00  0.00000000000000E+00  0.00000000000000E+00  0.00000000000000E+00  0.00000000000000E+00  0.00000000000000E+00  0.00000000000000E+00  0.00000000000000E+00  0.00000000000000E+00  0.37942157315550E+04  0.00000000000000E+00  0.00000000000000E+00  0.00000000000000E+00  0.00000000000000E+00  0.00000000000000E+00  0.00000000000000E+00  0.00000000000000E+00  0.00000000000000E+00
  -0.20671167412251E+06  0.63709970914633E+05 -0.69386898757894E+04 -0.11644042021096E+05  0.30494633415419E+04  0.30350467642273E+03 -0.92263251372442E+03 -0.49610924494509E+04  0.53539637086995E+03  0.46016031954855E+03 -0.33720160217692E+02 -0.65229627673980E-01 -0.46560535620769E-01  0.00000000000000E+00  0.26259518978187E+03 -0.71109128264721E+02  0.56400773050901E+02  0.94932393546212E+02 -0.12483958896894E+06  0.00000000000000E+00  0.00000000000000E+00  0.00000000000000E+00  0.22721239960649E+04  0.33648046900532E+04  0.16143881407787E+05  0.00000000000000E+00  0.00000000000000E+00  0.00000000000000E+00  0.00000000000000E+00  0.00000000000000E+00  0.00000000000000E+00  0.00000000000000E+00  0.00000000000000E+00  0.10542930698227E+06  0.00000000000000E+00  0.00000000000000E+00  0.00000000000000E+00  0.00000000000000E+00  0.00000000000000E+00  0.00000000000000E+00  0.00000000000000E+00
  -0.23255105088910E+06  0.71281932788429E+05 -0.78026928991984E+04 -0.52287583525948E+05  0.13525382589888E+05  0.11784562339437E+04 -0.42426141661756E+04 -0.99653879845214E+04  0.11027582883391E+04  0.89078897139633E+03 -0.67668051070052E+02  0.30295562130027E-10  0.15374353345350E-13 -0.40682852061884E-13  0.47487039707008E+03 -0.12676980406208E+03  0.11490514571716E+03  0.17846444315533E+03 -0.54847335129532E+06  0.61238015676626E+04  0.31077045159757E+04  0.16190272741040E+04  0.28156313774182E+04  0.40562123229363E+04  0.20323083464530E+05  0.00000000000000E+00  0.00000000000000E+00  0.00000000000000E+00  0.00000000000000E+00  0.00000000000000E+00  0.00000000000000E+00  0.00000000000000E+00  0.00000000000000E+00  0.00000000000000E+00  0.13839080832400E+06  0.00000000000000E+00  0.00000000000000E+00  0.00000000000000E+00  0.00000000000000E+00  0.00000000000000E+00  0.00000000000000E+00
  -0.91558014932902E+04  0.23819439088496E+04 -0.30118126918300E+03 -0.24518378243986E+04  0.47820825241436E+03 -0.19197154103530E+03 -0.29827192677753E+03  0.59780914473319E+03 -0.13387183077859E+04  0.11634264830787E+03 -0.96257765724103E+01 -0.15058760365312E+01 -0.14608511010300E+00 -0.12817388041901E-02 -0.29713827132556E+04  0.46069710336764E+03 -0.23919873622622E+04 -0.15645911143805E+04 -0.16299937927847E+05  0.00000000000000E+00  0.00000000000000E+00  0.00000000000000E+00  0.00000000000000E+00  0.00000000000000E+00  0.00000000000000E+00  0.00000000000000E+00  0.00000000000000E+00  0.00000000000000E+00  0.00000000000000E+00  0.00000000000000E+00  0.00000000000000E+00  0.00000000000000E+00  0.00000000000000E+00  0.00000000000000E+00  0.00000000000000E+00  0.82108611835214E+04  0.00000000000000E+00  0.00000000000000E+00  0.00000000000000E+00  0.00000000000000E+00  0.00000000000000E+00
  -0.32295264294364E+04  0.75388001768889E+03 -0.10554706029988E+03 -0.95664787061891E+03  0.17588066867882E+03 -0.98167599891673E+02 -0.12458302842313E+03  0.41138727190943E+03 -0.73229534686196E+03  0.52327348738462E+02 -0.45994678714802E+01 -0.65744304136113E+00 -0.58076885537342E-01 -0.70636660950358E-03 -0.15682729783147E+04  0.22639620137177E+03 -0.12950729594733E+04 -0.81061901334892E+03 -0.51203437132496E+04  0.00000000000000E+00  0.00000000000000E+00  0.00000000000000E+00  0.00000000000000E+00  0.00000000000000E+00  0.00000000000000E+00  0.00000000000000E+00  0.00000000000000E+00  0.00000000000000E+00  0.00000000000000E+00  0.00000000000000E+00  0.00000000000000E+00  0.00000000000000E+00  0.00000000000000E+00  0.00000000000000E+00  0.00000000000000E+00  0.00000000000000E+00  0.42023636226377E+04  0.00000000000000E+00  0.00000000000000E+00  0.00000000000000E+00  0.00000000000000E+00
  -0.20708014894812E+05 -0.20956956923409E+04 -0.13040319654130E+03 -0.11188283369398E+05  0.41589422229592E+03 -0.28922253126251E+04 -0.12391042282703E+04 -0.28906610900607E+06  0.11617253480771E+06  0.31587114679837E+04 -0.10738427485708E+04  0.14694129346668E+03  0.17048468051191E+02 -0.20427397327727E+01 -0.22402816849395E+04 -0.34768123334541E+03  0.10774833524035E+04  0.13258037959312E+04  0.11797787726008E+05  0.00000000000000E+00  0.00000000000000E+00  0.00000000000000E+00  0.00000000000000E+00  0.00000000000000E+00  0.00000000000000E+00  0.00000000000000E+00  0.00000000000000E+00  0.00000000000000E+00  0.00000000000000E+00  0.00000000000000E+00  0.00000000000000E+00  0.00000000000000E+00  0.00000000000000E+00  0.00000000000000E+00  0.00000000000000E+00  0.00000000000000E+00  0.00000000000000E+00  0.12873136681656E+06  0.00000000000000E+00  0.00000000000000E+00  0.00000000000000E+00
   0.17649447898385E+05 -0.23048121753715E+04  0.56280236860172E+03 -0.16839167916698E+05  0.26080426276117E+04 -0.26068045008024E+04 -0.26422887659235E+04 -0.83578917879162E+04  0.14564534336870E+04  0.40228261365262E+03 -0.53551942116529E+02  0.21675569237036E+03  0.46940365976284E+02  0.88762242338608E-05  0.21075524694684E+03 -0.38005238773159E+02  0.20903428813941E+03  0.15082421860221E+03 -0.30767063675210E+05 -0.17460181099857E+04 -0.50761031415768E+03 -0.16682889757578E+03 -0.25736350343211E+02 -0.41173121152988E+02 -0.82291436771427E+02  0.00000000000000E+00  0.00000000000000E+00  0.00000000000000E+00  0.00000000000000E+00  0.00000000000000E+00  0.00000000000000E+00  0.00000000000000E+00  0.00000000000000E+00  0.00000000000000E+00  0.00000000000000E+00  0.00000000000000E+00  0.00000000000000E+00  0.00000000000000E+00  0.40220472961007E+05  0.00000000000000E+00  0.00000000000000E+00
