# fitpack15: fit parameters                                                                         
# CJ15 AV18 final data choices                                                                      
# Created on 03/27/2020 at 16:40:02                                                                 

 # QCD setup
  INS                           0
  NVL                          11
  IORD                          1
  Q02                   1.6899999999999999     
  IPARAMC                      -7
  FLAVOR                5.0000000000000000     
  xmc                   1.3000000000000000     
  xmb                   4.5000000000000000     
  ncb                          12
  ihq                           1
  ias                           0

 # Theory corrections
  inuke                     10114
  itmc                          1
  iht                           1

 # fit parameters
 LAMBDA       0.22680        0.0000    
 a0uv          1.6578        0.0000    
 a1uv         0.53381       0.26993E-01
 a2uv          3.5749       0.10685E-01
 a3uv          0.0000        0.0000    
 a4uv          5.6444       0.85505    
 a5uv          0.0000        0.0000    
 a0dv          16.526        0.0000    
 a1dv          1.0537       0.34754E-01
 a2dv          6.3552       0.16874    
 a3dv         -3.5126       0.10005    
 a4dv          5.0583       0.16598    
 a5dv          0.0000        0.0000    
 a0ud         0.13726       0.49418E-02
 a1ud        -0.21394       0.38991E-02
 a2ud          8.7823       0.17923    
 a3ud          0.0000        0.0000    
 a4ud          17.809        1.3799    
 a5ud          0.0000        0.0000    
 a0du          35712.        0.0000    
 a1du          4.0601       0.10130    
 a2du          21.653        1.0821    
 a3du          17.000        0.0000    
 a4du          57.644        15.027    
 a0g           43.763        0.0000    
 a1g          0.59210       0.32222E-01
 a2g           6.5449       0.95864    
 a3g          -3.3691       0.14692    
 a4g           3.3769       0.37620    
 a5g           0.0000        0.0000    
 kappa        0.40000        0.0000    
 a6dv         0.34410E-02   0.12002E-02
 a7dv          2.0000        0.0000    
 off1        -0.79723E-01   0.12129    
 off2         0.82527E-01   0.74081    
 off3        -0.85401        1.0487    
 ht1          -4.1191       0.36335    
 ht2           2.2005       0.12222    
 ht3          -2.0818       0.28050E-01
 ht4           0.0000        0.0000    
 dummy41       0.0000        0.0000    
 dummy42       0.0000        0.0000    
 dummy43       0.0000        0.0000    
 dummy44       0.0000        0.0000    
 dummy45       0.0000        0.0000    
 dummy46       0.0000        0.0000    
 dummy47       0.0000        0.0000    
 dummy48       0.0000        0.0000    
 dummy49       0.0000        0.0000    
 bcdmsh2      0.96746       0.50879E-02
 bcdmsd2      0.98971       0.60699E-02
 ccfr          1.0000        0.0000    
 nutev         1.0000        0.0000    
 zeus         0.97998        0.0000    
 h1            1.0162        0.0000    
 e605          1.0319        0.0000    
 NmcH2         1.0051       0.72677E-02
 ntv_nu        1.0000        0.0000    
 ntv_nuba      1.0000        0.0000    
 cdf_jet      0.98910        0.0000    
 d0_jet       0.83504        0.0000    
 slac_p        1.0002       0.52714E-02
 slac_d        1.0010       0.57431E-02
 e866pp       0.99179       0.20704E-01
 e866pd       0.96917       0.17877E-01
 d0_gamje      1.0365       0.16508E-01
 h1b          0.97608        0.0000    
 blank         1.0000        0.0000    
 d0run2       0.94794       0.14732E-01
 cdfrun2      0.93603       0.17620E-01
 HERA_el       1.0000        0.0000    
 HERA_ps       1.0000        0.0000    
 CDF_Z        0.94381       0.68179E-02
 NmcRat        1.0000        0.0000    
 HERMES_F     0.99307       0.59251E-02
 HERMES_F     0.97685       0.61776E-02
 BNS_F2nd     0.97054       0.71955E-02
 END 0. 0.

 # Hessian matrix (Bevington alpha)
   0.45985526217810E+07 -0.10994704523620E+07  0.14076201732979E+06  0.38376357457301E+06 -0.10724535570248E+06 -0.24759431257453E+05  0.38099938904537E+05  0.98905194552357E+06 -0.18627782300233E+06 -0.45607884570654E+05  0.63293642952782E+04  0.13727101190779E+05  0.14168498974455E+04 -0.10120338777325E+03  0.13556361461417E+05 -0.30080347675463E+04  0.12694368726779E+05  0.92628675604454E+04  0.40324054183731E+07 -0.58106375601277E+05 -0.24685577643131E+05 -0.11659089249018E+05 -0.90162554017466E+04  0.22667916854763E+04 -0.17868082302355E+06 -0.13634791765962E+06 -0.57634495148414E+05 -0.58777716852068E+04 -0.89385610131559E+06 -0.11528913784303E+07 -0.21370375552532E+05 -0.48785778411805E+05 -0.32982710345117E+04 -0.91329689213191E+04 -0.32153425127220E+04 -0.21759499426536E+05 -0.77496221843110E+05 -0.60887818709057E+05  0.17866537519513E+05
  -0.10994704523620E+07  0.33407013948606E+06 -0.34149198377614E+05 -0.99518794418967E+05  0.27974741499550E+05  0.69245249890121E+04 -0.79876632923109E+04 -0.11484823232250E+06  0.25181442369701E+05  0.59902956176095E+04 -0.68899064942315E+03 -0.10219824765770E+04 -0.10655521588656E+03  0.11654254624082E+02 -0.99110758705410E+01  0.86019859550245E+02 -0.21860641351234E+03 -0.20405243687878E+03 -0.13393072918095E+07  0.13990309391256E+05  0.68614671252200E+04  0.35969591551765E+04  0.47977068642066E+04  0.55268356166612E+04  0.49749843714526E+05  0.16921579850651E+05  0.83523126852340E+04 -0.16660079945673E+03  0.21203801154916E+06  0.26658592342034E+06  0.57217839942759E+04  0.13258287895209E+05  0.42129665897759E+03  0.23534740613954E+04  0.74370313880625E+03 -0.20414739451860E+04  0.88140124880368E+04  0.73958934546637E+04 -0.23163883272386E+04
   0.14076201732979E+06 -0.34149198377614E+05  0.43355882959102E+04  0.11345311322549E+05 -0.32995607662881E+04 -0.94025686306779E+03  0.11016784062306E+04  0.23060185890463E+05 -0.42503403183139E+04 -0.12452434963457E+04  0.14975295983135E+03  0.32084680788943E+03  0.37064071833382E+02 -0.32387454903166E+01 -0.11784821034163E+03 -0.33163503176109E+02 -0.25896103066853E+02  0.58004165046192E+02  0.12510214027607E+06 -0.17639735006625E+04 -0.75736043472235E+03 -0.35953839445897E+03 -0.29265727654452E+03 -0.78555129316586E+01 -0.55186793420245E+04 -0.40286602037618E+04 -0.17001837872967E+04 -0.95554697568423E+00 -0.26879441978136E+05 -0.34852389964354E+05 -0.66259400901400E+03 -0.15174207204665E+04 -0.87262055283087E+02 -0.28001605951674E+03 -0.98118268587300E+02 -0.15354491770224E+03 -0.19645592887732E+04 -0.15753481927946E+04  0.53555969665951E+03
   0.38376357457301E+06 -0.99518794418967E+05  0.11345311322549E+05  0.40575143536165E+06 -0.60330184216508E+05  0.66536388380344E+05  0.55384825090127E+05  0.38567288293155E+06 -0.29423761843898E+05 -0.17770279822995E+05  0.29637861622577E+04 -0.15532727872317E+04 -0.15711750812456E+03  0.53428069751947E+02  0.33224145653890E+05 -0.41245048632303E+04  0.26095206346671E+05  0.14800361802371E+05  0.12795714329268E+07 -0.17199808471011E+05 -0.66367139022076E+04 -0.27752877188675E+04 -0.14929251326530E+03  0.41121447916349E+04 -0.31965679980819E+05 -0.13283463065404E+05 -0.22052260300569E+05 -0.19566650112121E+03 -0.67561031806230E+05 -0.35021214538365E+06 -0.13044007335774E+04 -0.24709546605275E+04 -0.66406879017519E+02 -0.24296476906826E+04 -0.94608179859463E+03 -0.11360449967245E+05 -0.76719321035536E+04 -0.22739972574431E+05 -0.16894789879572E+05
  -0.10724535570248E+06  0.27974741499550E+05 -0.32995607662881E+04 -0.60330184216508E+05  0.10948273410533E+05 -0.65101727814665E+04 -0.76608298263560E+04 -0.32608891581446E+05  0.23197191971438E+03  0.21448496028385E+04 -0.27451829464067E+03 -0.51470230055324E+01  0.59557835168781E+01 -0.46097715189447E+01 -0.27975544601905E+04  0.35837622743804E+03 -0.21262210610966E+04 -0.12296792881738E+04 -0.28582828929587E+06  0.31200063050401E+04  0.13668086146556E+04  0.62152070863307E+03  0.25076890371055E+03 -0.68746468268763E+02  0.69509324118445E+04  0.20279464256601E+04  0.34521989059537E+04 -0.51557747370850E+02  0.12403492105491E+05  0.65475861033844E+05  0.32583807886337E+03  0.59758540799359E+03  0.82822728958583E+01  0.47731822284928E+03  0.17495607046379E+03  0.42314518156727E+03  0.85095731361375E+03  0.26317354543806E+04  0.26179590852833E+04
  -0.24759431257453E+05  0.69245249890121E+04 -0.94025686306779E+03  0.66536388380344E+05 -0.65101727814665E+04  0.17013496947483E+05  0.10248000331269E+05  0.98090631709052E+05 -0.94687942489303E+04 -0.37168536378433E+04  0.73579300760418E+03 -0.61977048698587E+03 -0.55244666038984E+02  0.14770098998482E+02  0.83019980937174E+04 -0.10436451037485E+04  0.66630477975439E+04  0.38060560966527E+04  0.43079476212189E+05 -0.17210013766735E+04 -0.40404365924629E+03 -0.79603493899644E+02  0.37349982931345E+03  0.16300984624577E+04 -0.12989025768010E+04 -0.21406304272448E+04 -0.33245878655359E+04  0.70108240788948E+02 -0.69633110402924E+04 -0.33591153031775E+05  0.12185505881922E+02 -0.96521522840054E+01 -0.14165232640497E+02 -0.19468416999914E+03 -0.98369413998355E+02 -0.29007783836578E+04 -0.15981438399082E+04 -0.45798244018580E+04 -0.26227395145015E+04
   0.38099938904537E+05 -0.79876632923109E+04  0.11016784062306E+04  0.55384825090127E+05 -0.76608298263560E+04  0.10248000331269E+05  0.80025586606714E+04  0.52951616459989E+05 -0.29996496049252E+04 -0.26026203760349E+04  0.41917433401490E+03 -0.21352594543350E+03 -0.23138071150503E+02  0.77902914253077E+01  0.43283169519501E+04 -0.55671099901640E+03  0.33633849576602E+04  0.19532511800498E+04  0.12939258657535E+06 -0.20884935485859E+04 -0.74620149691654E+03 -0.27968447904153E+03  0.13280666186219E+03  0.93177707146940E+03 -0.34816232562792E+04 -0.20290909052303E+04 -0.32188572758172E+04  0.95755035494666E+02 -0.84649077864132E+04 -0.43941049587333E+05 -0.13127219592925E+03 -0.24508354349968E+03 -0.10130697203634E+02 -0.29743902364675E+03 -0.12362022347061E+03 -0.12401560288163E+04 -0.10000650122650E+04 -0.29772362773465E+04 -0.26400425228834E+04
   0.98905194552357E+06 -0.11484823232250E+06  0.23060185890463E+05  0.38567288293155E+06 -0.32608891581446E+05  0.98090631709052E+05  0.52951616459989E+05  0.58128547297487E+07 -0.25071107606490E+07 -0.91108381854160E+05  0.25033951865917E+05  0.25331192010939E+05  0.16094560763703E+04  0.87275383934149E+02  0.94841438319350E+05 -0.12199160772242E+05  0.87132899028126E+05  0.47474058909913E+05  0.33085419292370E+06 -0.37367312407993E+05 -0.70709076575819E+04 -0.18167225782815E+04  0.53067449489782E+04  0.31708181305090E+05 -0.25172216753031E+05 -0.64237626347381E+05 -0.50808873277462E+05 -0.74447476415406E+05 -0.30258706653949E+06 -0.58521551639269E+06 -0.75629113681729E+05 -0.17147377040876E+06 -0.14855445844079E+04  0.68456861826302E+03  0.45461315609339E+03 -0.29050744897317E+06 -0.15222301691715E+06 -0.18580619810942E+06 -0.83457710937427E+04
  -0.18627782300233E+06  0.25181442369701E+05 -0.42503403183139E+04 -0.29423761843898E+05  0.23197191971438E+03 -0.94687942489303E+04 -0.29996496049252E+04 -0.25071107606490E+07  0.19252420563354E+07  0.19428696922677E+05 -0.60590731053198E+04 -0.53782629765396E+04 -0.28558423160942E+03 -0.11554423926418E+02  0.48531971322942E+05 -0.22974909294154E+04  0.14671170400781E+05  0.71138255743870E+04  0.23434732210359E+05  0.91230687144913E+04  0.13852149155336E+04  0.30650996905676E+03 -0.11538614041445E+04 -0.72475825551316E+04  0.39430626272161E+04  0.11430991266567E+05  0.10667388524995E+05  0.25485603410776E+05  0.67291051293578E+05  0.12604064682730E+06  0.22756302780096E+05  0.51735797701829E+05  0.19986780361465E+03 -0.13614199377407E+04 -0.74263212451129E+03  0.11632631939338E+06  0.46201190338342E+05  0.55934174631946E+05  0.14501892851898E+04
  -0.45607884570654E+05  0.59902956176095E+04 -0.12452434963457E+04 -0.17770279822995E+05  0.21448496028385E+04 -0.37168536378433E+04 -0.26026203760349E+04 -0.91108381854160E+05  0.19428696922677E+05  0.25336442238562E+04 -0.55122271034674E+03 -0.57586643935686E+03 -0.47707742719859E+02 -0.14969186773754E+01 -0.40540678443668E+04  0.50901651158419E+03 -0.32547873126772E+04 -0.18653196063250E+04 -0.29955058466939E+05  0.11779654790011E+04  0.30659519483634E+03  0.96008589657629E+02 -0.16950596315320E+03 -0.96534921436666E+03  0.14341693819752E+04  0.26754940753162E+04  0.18205225194554E+04  0.74177814074563E+03  0.10615083883333E+05  0.21731001046073E+05  0.14431619808506E+04  0.32129186413059E+04  0.43698317407884E+02  0.11365496092130E+03  0.50976988100117E+02  0.31607662513509E+04  0.28500840114309E+04  0.35561089823224E+04  0.40009969035206E+03
   0.63293642952782E+04 -0.68899064942315E+03  0.14975295983135E+03  0.29637861622577E+04 -0.27451829464067E+03  0.73579300760418E+03  0.41917433401490E+03  0.25033951865917E+05 -0.60590731053198E+04 -0.55122271034674E+03  0.14136289506972E+03  0.15457797021920E+03  0.10522127271422E+02  0.52360705415377E+00  0.11498962298747E+04 -0.12928676261329E+03  0.89172237302807E+03  0.48829274848470E+03  0.30769461775059E+04 -0.21149848491953E+03 -0.43496689224779E+02 -0.11614391382263E+02  0.31911520643447E+02  0.18668246730385E+03 -0.16357780085528E+03 -0.41157404597292E+03 -0.30721285705984E+03 -0.31956286076700E+03 -0.17884210767808E+04 -0.34969944725859E+04 -0.37943301841619E+03 -0.85957703416188E+03 -0.10033834089076E+02 -0.91660394928008E+01 -0.43628590909885E+01 -0.10747881175988E+04 -0.76234935658689E+03 -0.93580732052550E+03 -0.53233847927921E+02
   0.13727101190779E+05 -0.10219824765770E+04  0.32084680788943E+03 -0.15532727872317E+04 -0.51470230055324E+01 -0.61977048698587E+03 -0.21352594543350E+03  0.25331192010939E+05 -0.53782629765396E+04 -0.57586643935686E+03  0.15457797021920E+03  0.13004641460611E+04  0.81795836454616E+02 -0.11886262858137E+01  0.12926826449365E+04 -0.18202971736822E+03  0.12572530144953E+04  0.72832203695655E+03  0.33981911058711E+04  0.24469093388712E+03  0.22816293337818E+02  0.15690417601011E+00  0.26771031051997E+02  0.18348632225521E+03 -0.34260794309622E+02 -0.89008103290397E+03  0.12152716971631E-10 -0.65631450326379E+03 -0.41616297445887E+04 -0.26677113398341E-10 -0.20085408810250E+04 -0.43120074214628E+02 -0.69020274564752E+02 -0.14547916320317E+01 -0.63339439123047E+00  0.14755828252472E+03 -0.24195122530351E+04  0.98902842177921E-10  0.21284901779023E+03
   0.14168498974455E+04 -0.10655521588656E+03  0.37064071833382E+02 -0.15711750812456E+03  0.59557835168781E+01 -0.55244666038984E+02 -0.23138071150503E+02  0.16094560763703E+04 -0.28558423160942E+03 -0.47707742719859E+02  0.10522127271422E+02  0.81795836454616E+02  0.68469728466005E+01 -0.13929112020321E+00  0.69193339946569E+02 -0.11738361075803E+02  0.71650014084664E+02  0.45247767095956E+02  0.14835735988357E+03  0.12706602735878E+02  0.16179278419521E+01  0.28876352741749E-01  0.34021375303317E+01  0.20623824093848E+02 -0.66888303582504E+01 -0.12351184702648E+03  0.23412395558165E-11 -0.24551943402483E+02 -0.45579706649564E+03 -0.32701416000238E-11 -0.12066884928071E+03 -0.10680485404764E+02 -0.52680488907059E+01 -0.14200023041784E+00 -0.56353026514831E-01  0.17008471025409E+02 -0.16691853645876E+03  0.27085973947930E-11  0.46033965191442E+02
  -0.10120338777325E+03  0.11654254624082E+02 -0.32387454903166E+01  0.53428069751947E+02 -0.46097715189447E+01  0.14770098998482E+02  0.77902914253077E+01  0.87275383934149E+02 -0.11554423926418E+02 -0.14969186773754E+01  0.52360705415377E+00 -0.11886262858137E+01 -0.13929112020321E+00  0.37185261260971E-01  0.11951164025212E+02 -0.90233274472715E+00  0.69781445146624E+01  0.32722589906390E+01  0.47275109000845E+02  0.11662286218058E+01 -0.33413412636957E-01 -0.16555011084711E-01 -0.56478968218776E-02 -0.20989031796134E-01  0.10663792218783E-01  0.54170224558143E-01 -0.36152803355559E-13 -0.46606765776040E+01 -0.43070844091665E+00 -0.71818969867364E-12 -0.20648457879013E+01 -0.40004795485183E-05 -0.10204243798102E+00 -0.12176190476896E-02 -0.66968748276281E-03 -0.20002911675996E+01 -0.20780347480691E+01 -0.51230483287411E-12  0.89703787325814E-05
   0.13556361461417E+05 -0.99110758705410E+01 -0.11784821034163E+03  0.33224145653890E+05 -0.27975544601905E+04  0.83019980937174E+04  0.43283169519501E+04  0.94841438319350E+05  0.48531971322942E+05 -0.40540678443668E+04  0.11498962298747E+04  0.12926826449365E+04  0.69193339946569E+02  0.11951164025212E+02  0.51358347755098E+05 -0.48873017465753E+04  0.34339328706122E+05  0.18063497009624E+05  0.39339005778981E+05  0.28940255614510E+02  0.50588665825573E+02  0.22832864446490E+02 -0.39292578154139E+02 -0.19781283898202E+03  0.62259761593268E+03 -0.28883974468880E+04 -0.18775807478419E+04 -0.25203413084531E+04  0.20180483244321E+04  0.44828796708579E+04 -0.14675542797033E+04 -0.29715037928084E+04 -0.74546602500161E+03 -0.29908227991439E+04 -0.15741337507501E+04 -0.22368981453175E+04 -0.97967014936251E+03 -0.11000186839912E+04  0.21304888529346E+03
  -0.30080347675463E+04  0.86019859550245E+02 -0.33163503176109E+02 -0.41245048632303E+04  0.35837622743804E+03 -0.10436451037485E+04 -0.55671099901640E+03 -0.12199160772242E+05 -0.22974909294154E+04  0.50901651158419E+03 -0.12928676261329E+03 -0.18202971736822E+03 -0.11738361075803E+02 -0.90233274472715E+00 -0.48873017465753E+04  0.54342221900422E+03 -0.36964638207136E+04 -0.20293674471117E+04 -0.49766131760077E+04  0.10137069078657E+02 -0.65105083600879E+01 -0.40113006008513E+01  0.86376729332775E+00  0.33371883136640E+01 -0.12776349248969E+03  0.54697354936958E+03  0.34095439976368E+03  0.29519753910306E+03 -0.15976438207996E+03 -0.51696531125971E+03  0.15592832166899E+03  0.31356575034093E+03  0.84651616395056E+02  0.47015630312214E+03  0.23005966801165E+03 -0.36235770656117E+03  0.27197841039773E+03  0.30479120625643E+03 -0.38740693404092E+02
   0.12694368726779E+05 -0.21860641351234E+03 -0.25896103066853E+02  0.26095206346671E+05 -0.21262210610966E+04  0.66630477975439E+04  0.33633849576602E+04  0.87132899028126E+05  0.14671170400781E+05 -0.32547873126772E+04  0.89172237302807E+03  0.12572530144953E+04  0.71650014084664E+02  0.69781445146624E+01  0.34339328706122E+05 -0.36964638207136E+04  0.25810791408313E+05  0.13949383593278E+05  0.30463197496367E+05  0.11712208160461E+02  0.46304794756521E+02  0.18645863171491E+02 -0.63009037978449E+02 -0.27096314418503E+03  0.45636929825822E+03 -0.24229083924350E+04 -0.15623727639456E+04 -0.23798957318563E+04  0.20464543078727E+04  0.43260962414522E+04 -0.11554776200510E+04 -0.23450689344633E+04 -0.57767882709870E+03 -0.24069855457969E+04 -0.12969277649875E+04  0.11181005354922E+04 -0.14970557373779E+04 -0.16616582029005E+04  0.21355280520815E+03
   0.92628675604454E+04 -0.20405243687878E+03  0.58004165046192E+02  0.14800361802371E+05 -0.12296792881738E+04  0.38060560966527E+04  0.19532511800498E+04  0.47474058909913E+05  0.71138255743870E+04 -0.18653196063250E+04  0.48829274848470E+03  0.72832203695655E+03  0.45247767095956E+02  0.32722589906390E+01  0.18063497009624E+05 -0.20293674471117E+04  0.13949383593278E+05  0.76547954015954E+04  0.17496835031277E+05 -0.16526019299061E+02  0.27315704456523E+02  0.13122509605858E+02 -0.28640880305112E+02 -0.11113322450302E+03  0.36651847156686E+03 -0.17531349441324E+04 -0.10978654604518E+04 -0.12053216576448E+04  0.95875928152815E+03  0.23920451026672E+04 -0.59127492959097E+03 -0.11990862876571E+04 -0.32168800109063E+03 -0.15837870599106E+04 -0.81669461307052E+03  0.13600363687965E+04 -0.10745961577217E+04 -0.11943089932636E+04  0.15411597883075E+03
   0.40324054183731E+07 -0.13393072918095E+07  0.12510214027607E+06  0.12795714329268E+07 -0.28582828929587E+06  0.43079476212189E+05  0.12939258657535E+06  0.33085419292370E+06  0.23434732210359E+05 -0.29955058466939E+05  0.30769461775059E+04  0.33981911058711E+04  0.14835735988357E+03  0.47275109000845E+02  0.39339005778981E+05 -0.49766131760077E+04  0.30463197496367E+05  0.17496835031277E+05  0.12125015794719E+08 -0.96685773816563E+05 -0.50174843643933E+05 -0.26804291215056E+05 -0.23999702123455E+05 -0.30726063494229E+05 -0.23814339282514E+06 -0.22719858072203E+05 -0.50986426663810E+05  0.74338431652921E+03 -0.37959432188928E+06 -0.18620862709905E+07 -0.11021402167759E+05 -0.20997903000551E+05 -0.12106646742251E+03 -0.15799911696646E+05 -0.49537565688457E+04  0.11464602293906E+05 -0.13952363650950E+05 -0.43565792923878E+05 -0.30240547194515E+05
  -0.58106375601277E+05  0.13990309391256E+05 -0.17639735006625E+04 -0.17199808471011E+05  0.31200063050401E+04 -0.17210013766735E+04 -0.20884935485859E+04 -0.37367312407993E+05  0.91230687144913E+04  0.11779654790011E+04 -0.21149848491953E+03  0.24469093388712E+03  0.12706602735878E+02  0.11662286218058E+01  0.28940255614510E+02  0.10137069078657E+02  0.11712208160461E+02 -0.16526019299061E+02 -0.96685773816563E+05  0.27218109533618E+04  0.88167841334277E+03  0.37591529239392E+03  0.67722590521407E+02 -0.38267775502737E+03  0.30502260502144E+04  0.00000000000000E+00  0.26019284641245E+04  0.00000000000000E+00  0.00000000000000E+00  0.41123698020387E+05  0.00000000000000E+00  0.00000000000000E+00  0.00000000000000E+00  0.00000000000000E+00  0.00000000000000E+00  0.00000000000000E+00  0.00000000000000E+00  0.41861667535876E+04 -0.16460337373882E+04
  -0.24685577643131E+05  0.68614671252200E+04 -0.75736043472235E+03 -0.66367139022076E+04  0.13668086146556E+04 -0.40404365924629E+03 -0.74620149691654E+03 -0.70709076575819E+04  0.13852149155336E+04  0.30659519483634E+03 -0.43496689224779E+02  0.22816293337818E+02  0.16179278419521E+01 -0.33413412636957E-01  0.50588665825573E+02 -0.65105083600879E+01  0.46304794756521E+02  0.27315704456523E+02 -0.50174843643933E+05  0.88167841334277E+03  0.37367015582712E+03  0.17885248403392E+03  0.78195987482798E+02 -0.20330029594141E+01  0.13713221928545E+04  0.00000000000000E+00  0.67639902093679E+03  0.00000000000000E+00  0.00000000000000E+00  0.15512872377271E+05  0.00000000000000E+00  0.00000000000000E+00  0.00000000000000E+00  0.00000000000000E+00  0.00000000000000E+00  0.00000000000000E+00  0.00000000000000E+00  0.87378905158209E+03 -0.51542333185723E+03
  -0.11659089249018E+05  0.35969591551765E+04 -0.35953839445897E+03 -0.27752877188675E+04  0.62152070863307E+03 -0.79603493899644E+02 -0.27968447904153E+03 -0.18167225782815E+04  0.30650996905676E+03  0.96008589657629E+02 -0.11614391382263E+02  0.15690417601011E+00  0.28876352741749E-01 -0.16555011084711E-01  0.22832864446490E+02 -0.40113006008513E+01  0.18645863171491E+02  0.13122509605858E+02 -0.26804291215056E+05  0.37591529239392E+03  0.17885248403392E+03  0.92060460850822E+02  0.54811899147927E+02  0.46335886785224E+02  0.66377831487724E+03  0.00000000000000E+00  0.19803684008451E+03  0.00000000000000E+00  0.00000000000000E+00  0.67737576105837E+04  0.00000000000000E+00  0.00000000000000E+00  0.00000000000000E+00  0.00000000000000E+00  0.00000000000000E+00  0.00000000000000E+00  0.00000000000000E+00  0.26061632333263E+03 -0.16821814759553E+03
  -0.90162554017466E+04  0.47977068642066E+04 -0.29265727654452E+03 -0.14929251326530E+03  0.25076890371055E+03  0.37349982931345E+03  0.13280666186219E+03  0.53067449489782E+04 -0.11538614041445E+04 -0.16950596315320E+03  0.31911520643447E+02  0.26771031051997E+02  0.34021375303317E+01 -0.56478968218776E-02 -0.39292578154139E+02  0.86376729332775E+00 -0.63009037978449E+02 -0.28640880305112E+02 -0.23999702123455E+05  0.67722590521407E+02  0.78195987482798E+02  0.54811899147927E+02  0.17825465476403E+03  0.39957526217966E+03  0.76701528158347E+03 -0.39074928357052E+02 -0.21625926271919E+02  0.49764365129599E+01  0.10975968914589E+04  0.86547884231946E+03  0.00000000000000E+00  0.00000000000000E+00  0.00000000000000E+00  0.00000000000000E+00  0.00000000000000E+00  0.00000000000000E+00 -0.23773988278781E+03 -0.24846780708349E+03 -0.23623864007737E+02
   0.22667916854763E+04  0.55268356166612E+04 -0.78555129316586E+01  0.41121447916349E+04 -0.68746468268763E+02  0.16300984624577E+04  0.93177707146940E+03  0.31708181305090E+05 -0.72475825551316E+04 -0.96534921436666E+03  0.18668246730385E+03  0.18348632225521E+03  0.20623824093848E+02 -0.20989031796134E-01 -0.19781283898202E+03  0.33371883136640E+01 -0.27096314418503E+03 -0.11113322450302E+03 -0.30726063494229E+05 -0.38267775502737E+03 -0.20330029594141E+01  0.46335886785224E+02  0.39957526217966E+03  0.13198430250467E+04  0.64851584644255E+03 -0.14634308054471E+03 -0.94040168245574E+02 -0.45155511948772E+01 -0.45323933150489E+04 -0.85288327322191E+04  0.00000000000000E+00  0.00000000000000E+00  0.00000000000000E+00  0.00000000000000E+00  0.00000000000000E+00  0.00000000000000E+00 -0.16365466014575E+04 -0.16938450443404E+04 -0.45382486168765E+02
  -0.17868082302355E+06  0.49749843714526E+05 -0.55186793420245E+04 -0.31965679980819E+05  0.69509324118445E+04 -0.12989025768010E+04 -0.34816232562792E+04 -0.25172216753031E+05  0.39430626272161E+04  0.14341693819752E+04 -0.16357780085528E+03 -0.34260794309622E+02 -0.66888303582504E+01  0.10663792218783E-01  0.62259761593268E+03 -0.12776349248969E+03  0.45636929825822E+03  0.36651847156686E+03 -0.23814339282514E+06  0.30502260502144E+04  0.13713221928545E+04  0.66377831487724E+03  0.76701528158347E+03  0.64851584644255E+03  0.12265185989442E+05  0.24489058116907E+03  0.12698860719193E+03 -0.36042771587139E+01  0.39924461005489E+05  0.64305784142840E+05  0.00000000000000E+00  0.00000000000000E+00  0.00000000000000E+00  0.00000000000000E+00  0.00000000000000E+00  0.00000000000000E+00  0.15350957765194E+04  0.15638580806877E+04 -0.92682281999690E+02
  -0.13634791765962E+06  0.16921579850651E+05 -0.40286602037618E+04 -0.13283463065404E+05  0.20279464256601E+04 -0.21406304272448E+04 -0.20290909052303E+04 -0.64237626347381E+05  0.11430991266567E+05  0.26754940753162E+04 -0.41157404597292E+03 -0.89008103290397E+03 -0.12351184702648E+03  0.54170224558143E-01 -0.28883974468880E+04  0.54697354936958E+03 -0.24229083924350E+04 -0.17531349441324E+04 -0.22719858072203E+05  0.00000000000000E+00  0.00000000000000E+00  0.00000000000000E+00 -0.39074928357052E+02 -0.14634308054471E+03  0.24489058116907E+03  0.11756747541865E+06  0.00000000000000E+00  0.00000000000000E+00  0.00000000000000E+00  0.00000000000000E+00  0.00000000000000E+00  0.00000000000000E+00  0.00000000000000E+00  0.00000000000000E+00  0.00000000000000E+00  0.00000000000000E+00  0.00000000000000E+00  0.00000000000000E+00  0.00000000000000E+00
  -0.57634495148414E+05  0.83523126852340E+04 -0.17001837872967E+04 -0.22052260300569E+05  0.34521989059537E+04 -0.33245878655359E+04 -0.32188572758172E+04 -0.50808873277462E+05  0.10667388524995E+05  0.18205225194554E+04 -0.30721285705984E+03  0.12152716971631E-10  0.23412395558165E-11 -0.36152803355559E-13 -0.18775807478419E+04  0.34095439976368E+03 -0.15623727639456E+04 -0.10978654604518E+04 -0.50986426663810E+05  0.26019284641245E+04  0.67639902093679E+03  0.19803684008451E+03 -0.21625926271919E+02 -0.94040168245574E+02  0.12698860719193E+03  0.00000000000000E+00  0.65040223439375E+05  0.00000000000000E+00  0.00000000000000E+00  0.00000000000000E+00  0.00000000000000E+00  0.00000000000000E+00  0.00000000000000E+00  0.00000000000000E+00  0.00000000000000E+00  0.00000000000000E+00  0.00000000000000E+00  0.00000000000000E+00  0.00000000000000E+00
  -0.58777716852068E+04 -0.16660079945673E+03 -0.95554697568423E+00 -0.19566650112121E+03 -0.51557747370850E+02  0.70108240788948E+02  0.95755035494666E+02 -0.74447476415406E+05  0.25485603410776E+05  0.74177814074563E+03 -0.31956286076700E+03 -0.65631450326379E+03 -0.24551943402483E+02 -0.46606765776040E+01 -0.25203413084531E+04  0.29519753910306E+03 -0.23798957318563E+04 -0.12053216576448E+04  0.74338431652921E+03  0.00000000000000E+00  0.00000000000000E+00  0.00000000000000E+00  0.49764365129599E+01 -0.45155511948772E+01 -0.36042771587139E+01  0.00000000000000E+00  0.00000000000000E+00  0.30867057282438E+05  0.00000000000000E+00  0.00000000000000E+00  0.00000000000000E+00  0.00000000000000E+00  0.00000000000000E+00  0.00000000000000E+00  0.00000000000000E+00  0.00000000000000E+00  0.00000000000000E+00  0.00000000000000E+00  0.00000000000000E+00
  -0.89385610131559E+06  0.21203801154916E+06 -0.26879441978136E+05 -0.67561031806230E+05  0.12403492105491E+05 -0.69633110402924E+04 -0.84649077864132E+04 -0.30258706653949E+06  0.67291051293578E+05  0.10615083883333E+05 -0.17884210767808E+04 -0.41616297445887E+04 -0.45579706649564E+03 -0.43070844091665E+00  0.20180483244321E+04 -0.15976438207996E+03  0.20464543078727E+04  0.95875928152815E+03 -0.37959432188928E+06  0.00000000000000E+00  0.00000000000000E+00  0.00000000000000E+00  0.10975968914589E+04 -0.45323933150489E+04  0.39924461005489E+05  0.00000000000000E+00  0.00000000000000E+00  0.00000000000000E+00  0.58274845243991E+06  0.00000000000000E+00  0.00000000000000E+00  0.00000000000000E+00  0.00000000000000E+00  0.00000000000000E+00  0.00000000000000E+00  0.00000000000000E+00  0.00000000000000E+00  0.00000000000000E+00  0.00000000000000E+00
  -0.11528913784303E+07  0.26658592342034E+06 -0.34852389964354E+05 -0.35021214538365E+06  0.65475861033844E+05 -0.33591153031775E+05 -0.43941049587333E+05 -0.58521551639269E+06  0.12604064682730E+06  0.21731001046073E+05 -0.34969944725859E+04 -0.26677113398341E-10 -0.32701416000238E-11 -0.71818969867364E-12  0.44828796708579E+04 -0.51696531125971E+03  0.43260962414522E+04  0.23920451026672E+04 -0.18620862709905E+07  0.41123698020387E+05  0.15512872377271E+05  0.67737576105837E+04  0.86547884231946E+03 -0.85288327322191E+04  0.64305784142840E+05  0.00000000000000E+00  0.00000000000000E+00  0.00000000000000E+00  0.00000000000000E+00  0.92400076873726E+06  0.00000000000000E+00  0.00000000000000E+00  0.00000000000000E+00  0.00000000000000E+00  0.00000000000000E+00  0.00000000000000E+00  0.00000000000000E+00  0.00000000000000E+00  0.00000000000000E+00
  -0.21370375552532E+05  0.57217839942759E+04 -0.66259400901400E+03 -0.13044007335774E+04  0.32583807886337E+03  0.12185505881922E+02 -0.13127219592925E+03 -0.75629113681729E+05  0.22756302780096E+05  0.14431619808506E+04 -0.37943301841619E+03 -0.20085408810250E+04 -0.12066884928071E+03 -0.20648457879013E+01 -0.14675542797033E+04  0.15592832166899E+03 -0.11554776200510E+04 -0.59127492959097E+03 -0.11021402167759E+05  0.00000000000000E+00  0.00000000000000E+00  0.00000000000000E+00  0.00000000000000E+00  0.00000000000000E+00  0.00000000000000E+00  0.00000000000000E+00  0.00000000000000E+00  0.00000000000000E+00  0.00000000000000E+00  0.00000000000000E+00  0.14011860993337E+05  0.00000000000000E+00  0.00000000000000E+00  0.00000000000000E+00  0.00000000000000E+00  0.00000000000000E+00  0.00000000000000E+00  0.00000000000000E+00  0.00000000000000E+00
  -0.48785778411805E+05  0.13258287895209E+05 -0.15174207204665E+04 -0.24709546605275E+04  0.59758540799359E+03 -0.96521522840054E+01 -0.24508354349968E+03 -0.17147377040876E+06  0.51735797701829E+05  0.32129186413059E+04 -0.85957703416188E+03 -0.43120074214628E+02 -0.10680485404764E+02 -0.40004795485183E-05 -0.29715037928084E+04  0.31356575034093E+03 -0.23450689344633E+04 -0.11990862876571E+04 -0.20997903000551E+05  0.00000000000000E+00  0.00000000000000E+00  0.00000000000000E+00  0.00000000000000E+00  0.00000000000000E+00  0.00000000000000E+00  0.00000000000000E+00  0.00000000000000E+00  0.00000000000000E+00  0.00000000000000E+00  0.00000000000000E+00  0.00000000000000E+00  0.31443896502741E+05  0.00000000000000E+00  0.00000000000000E+00  0.00000000000000E+00  0.00000000000000E+00  0.00000000000000E+00  0.00000000000000E+00  0.00000000000000E+00
  -0.32982710345117E+04  0.42129665897759E+03 -0.87262055283087E+02 -0.66406879017519E+02  0.82822728958583E+01 -0.14165232640497E+02 -0.10130697203634E+02 -0.14855445844079E+04  0.19986780361465E+03  0.43698317407884E+02 -0.10033834089076E+02 -0.69020274564752E+02 -0.52680488907059E+01 -0.10204243798102E+00 -0.74546602500161E+03  0.84651616395056E+02 -0.57767882709870E+03 -0.32168800109063E+03 -0.12106646742251E+03  0.00000000000000E+00  0.00000000000000E+00  0.00000000000000E+00  0.00000000000000E+00  0.00000000000000E+00  0.00000000000000E+00  0.00000000000000E+00  0.00000000000000E+00  0.00000000000000E+00  0.00000000000000E+00  0.00000000000000E+00  0.00000000000000E+00  0.00000000000000E+00  0.37970655218305E+04  0.00000000000000E+00  0.00000000000000E+00  0.00000000000000E+00  0.00000000000000E+00  0.00000000000000E+00  0.00000000000000E+00
  -0.91329689213191E+04  0.23534740613954E+04 -0.28001605951674E+03 -0.24296476906826E+04  0.47731822284928E+03 -0.19468416999914E+03 -0.29743902364675E+03  0.68456861826302E+03 -0.13614199377407E+04  0.11365496092130E+03 -0.91660394928008E+01 -0.14547916320317E+01 -0.14200023041784E+00 -0.12176190476896E-02 -0.29908227991439E+04  0.47015630312214E+03 -0.24069855457969E+04 -0.15837870599106E+04 -0.15799911696646E+05  0.00000000000000E+00  0.00000000000000E+00  0.00000000000000E+00  0.00000000000000E+00  0.00000000000000E+00  0.00000000000000E+00  0.00000000000000E+00  0.00000000000000E+00  0.00000000000000E+00  0.00000000000000E+00  0.00000000000000E+00  0.00000000000000E+00  0.00000000000000E+00  0.00000000000000E+00  0.81923508378484E+04  0.00000000000000E+00  0.00000000000000E+00  0.00000000000000E+00  0.00000000000000E+00  0.00000000000000E+00
  -0.32153425127220E+04  0.74370313880625E+03 -0.98118268587300E+02 -0.94608179859463E+03  0.17495607046379E+03 -0.98369413998355E+02 -0.12362022347061E+03  0.45461315609339E+03 -0.74263212451129E+03  0.50976988100117E+02 -0.43628590909885E+01 -0.63339439123047E+00 -0.56353026514831E-01 -0.66968748276281E-03 -0.15741337507501E+04  0.23005966801165E+03 -0.12969277649875E+04 -0.81669461307052E+03 -0.49537565688457E+04  0.00000000000000E+00  0.00000000000000E+00  0.00000000000000E+00  0.00000000000000E+00  0.00000000000000E+00  0.00000000000000E+00  0.00000000000000E+00  0.00000000000000E+00  0.00000000000000E+00  0.00000000000000E+00  0.00000000000000E+00  0.00000000000000E+00  0.00000000000000E+00  0.00000000000000E+00  0.00000000000000E+00  0.41857020294995E+04  0.00000000000000E+00  0.00000000000000E+00  0.00000000000000E+00  0.00000000000000E+00
  -0.21759499426536E+05 -0.20414739451860E+04 -0.15354491770224E+03 -0.11360449967245E+05  0.42314518156727E+03 -0.29007783836578E+04 -0.12401560288163E+04 -0.29050744897317E+06  0.11632631939338E+06  0.31607662513509E+04 -0.10747881175988E+04  0.14755828252472E+03  0.17008471025409E+02 -0.20002911675996E+01 -0.22368981453175E+04 -0.36235770656117E+03  0.11181005354922E+04  0.13600363687965E+04  0.11464602293906E+05  0.00000000000000E+00  0.00000000000000E+00  0.00000000000000E+00  0.00000000000000E+00  0.00000000000000E+00  0.00000000000000E+00  0.00000000000000E+00  0.00000000000000E+00  0.00000000000000E+00  0.00000000000000E+00  0.00000000000000E+00  0.00000000000000E+00  0.00000000000000E+00  0.00000000000000E+00  0.00000000000000E+00  0.00000000000000E+00  0.12964474701450E+06  0.00000000000000E+00  0.00000000000000E+00  0.00000000000000E+00
  -0.77496221843110E+05  0.88140124880368E+04 -0.19645592887732E+04 -0.76719321035536E+04  0.85095731361375E+03 -0.15981438399082E+04 -0.10000650122650E+04 -0.15222301691715E+06  0.46201190338342E+05  0.28500840114309E+04 -0.76234935658689E+03 -0.24195122530351E+04 -0.16691853645876E+03 -0.20780347480691E+01 -0.97967014936251E+03  0.27197841039773E+03 -0.14970557373779E+04 -0.10745961577217E+04 -0.13952363650950E+05  0.00000000000000E+00  0.00000000000000E+00  0.00000000000000E+00 -0.23773988278781E+03 -0.16365466014575E+04  0.15350957765194E+04  0.00000000000000E+00  0.00000000000000E+00  0.00000000000000E+00  0.00000000000000E+00  0.00000000000000E+00  0.00000000000000E+00  0.00000000000000E+00  0.00000000000000E+00  0.00000000000000E+00  0.00000000000000E+00  0.00000000000000E+00  0.95898002992337E+05  0.00000000000000E+00  0.00000000000000E+00
  -0.60887818709057E+05  0.73958934546637E+04 -0.15753481927946E+04 -0.22739972574431E+05  0.26317354543806E+04 -0.45798244018580E+04 -0.29772362773465E+04 -0.18580619810942E+06  0.55934174631946E+05  0.35561089823224E+04 -0.93580732052550E+03  0.98902842177921E-10  0.27085973947930E-11 -0.51230483287411E-12 -0.11000186839912E+04  0.30479120625643E+03 -0.16616582029005E+04 -0.11943089932636E+04 -0.43565792923878E+05  0.41861667535876E+04  0.87378905158209E+03  0.26061632333263E+03 -0.24846780708349E+03 -0.16938450443404E+04  0.15638580806877E+04  0.00000000000000E+00  0.00000000000000E+00  0.00000000000000E+00  0.00000000000000E+00  0.00000000000000E+00  0.00000000000000E+00  0.00000000000000E+00  0.00000000000000E+00  0.00000000000000E+00  0.00000000000000E+00  0.00000000000000E+00  0.00000000000000E+00  0.10034258142525E+06  0.00000000000000E+00
   0.17866537519513E+05 -0.23163883272386E+04  0.53555969665951E+03 -0.16894789879572E+05  0.26179590852833E+04 -0.26227395145015E+04 -0.26400425228834E+04 -0.83457710937427E+04  0.14501892851898E+04  0.40009969035206E+03 -0.53233847927921E+02  0.21284901779023E+03  0.46033965191442E+02  0.89703787325814E-05  0.21304888529346E+03 -0.38740693404092E+02  0.21355280520815E+03  0.15411597883075E+03 -0.30240547194515E+05 -0.16460337373882E+04 -0.51542333185723E+03 -0.16821814759553E+03 -0.23623864007737E+02 -0.45382486168765E+02 -0.92682281999690E+02  0.00000000000000E+00  0.00000000000000E+00  0.00000000000000E+00  0.00000000000000E+00  0.00000000000000E+00  0.00000000000000E+00  0.00000000000000E+00  0.00000000000000E+00  0.00000000000000E+00  0.00000000000000E+00  0.00000000000000E+00  0.00000000000000E+00  0.00000000000000E+00  0.40236111178825E+05

 # Covariance matrix (Bevington epsilon)
   0.72861453159376E-03 -0.71626314741128E-05 -0.22799312914581E-01  0.11063126223311E-03 -0.30234181855266E-03  0.48778766358025E-03 -0.11907946200644E-02  0.58708451135079E-04  0.39753652353847E-04 -0.15453117323462E-02 -0.20837519274038E-01 -0.77461309888531E-03 -0.26176799998298E-02 -0.28446154009137E-01  0.13858106470019E-03  0.38555688841434E-02 -0.89748491709550E-04  0.54540110394471E-03 -0.45270021120030E-05 -0.62555573917482E-03  0.34268510266741E-02 -0.38154116774458E-02  0.10771818462146E-02 -0.58024968801793E-03  0.34083736673629E-04  0.43092008458001E-04  0.42064655238849E-04  0.36791541698607E-04  0.47030433198217E-04  0.45817016386855E-04 -0.26510737705366E-03 -0.13467017082894E-03  0.49751371783240E-04 -0.46871131252995E-04 -0.48460216258260E-04  0.75596463694373E-04  0.45993170835697E-04  0.42979898111816E-04  0.53185246907687E-05
  -0.71626314741167E-05  0.11417469056491E-03  0.13761500839979E-02  0.13669270061511E-03  0.64043274365589E-03 -0.16715404781645E-03 -0.10117386122210E-04  0.14978130865616E-05  0.53812822148104E-06  0.52369915787129E-03  0.72821811689312E-03  0.22728821540341E-03 -0.10192263545663E-02  0.33496743058536E-01  0.31149112545747E-04  0.16749203743419E-02  0.41214345737569E-05  0.31151871428210E-03  0.29989469680038E-05 -0.16821346277679E-03  0.47049118261612E-03 -0.43862789256244E-03 -0.21613453500091E-02  0.38382846146144E-03  0.91383404108958E-04  0.13479214751865E-04  0.10792690178565E-04  0.81946276964898E-05  0.78521998566352E-05  0.92274928184548E-05  0.76091857277980E-05 -0.20329483524208E-04  0.90412617540193E-05 -0.18852734881914E-04 -0.14026148205390E-04  0.64611118219189E-05  0.10589040789262E-04  0.98950605999138E-05 -0.92132014293858E-05
