# fitpack15: fit parameters                                                                         
# CJ15 AV18 final data choices                                                                      
# Created on 03/26/2020 at 11:06:56                                                                 

 # QCD setup
  INS                           0
  NVL                          11
  IORD                          1
  Q02                   1.6899999999999999     
  IPARAMC                      -7
  FLAVOR                4.0000000000000000     
  xmc                   1.3000000000000000     
  xmb                   4.5000000000000000     
  ncb                          12
  ihq                           1
  ias                           0

 # Theory corrections
  inuke                     10114
  itmc                          1
  iht                           2

 # fit parameters
 LAMBDA       0.22680        0.0000    
 a0uv          1.3554        0.0000    
 a1uv         0.49771       0.30888E-01
 a2uv          3.6464       0.12909E-01
 a3uv          0.0000        0.0000    
 a4uv          7.5753        1.2948    
 a5uv          0.0000        0.0000    
 a0dv          17.429        0.0000    
 a1dv          1.0760       0.38108E-01
 a2dv          6.3242       0.21671    
 a3dv         -3.4224       0.13227    
 a4dv          4.8403       0.19333    
 a5dv          0.0000        0.0000    
 a0ud         0.13559       0.47063E-02
 a1ud        -0.21523       0.38024E-02
 a2ud          9.0938       0.18528    
 a3ud          0.0000        0.0000    
 a4ud          19.254        1.4554    
 a5ud          0.0000        0.0000    
 a0du          35712.        0.0000    
 a1du          4.2411       0.14009    
 a2du          20.871        1.3800    
 a3du          17.000        0.0000    
 a4du          64.705        18.772    
 a0g           43.250        0.0000    
 a1g          0.59172       0.28491E-01
 a2g           5.8902       0.82185    
 a3g          -3.3339       0.12218    
 a4g           3.1593       0.26885    
 a5g           0.0000        0.0000    
 kappa        0.40000        0.0000    
 a6dv         0.21843E-02   0.14127E-02
 a7dv          2.0000        0.0000    
 off1        -0.82242E-01   0.12672    
 off2        -0.23009       0.86451    
 off3         0.98472E-01    1.3889    
 ht1          -5.0576        1.1775    
 ht2           2.3750       0.19458    
 ht3          -2.0182       0.30448E-01
 ht4           2.6051       0.13829    
 ht1n         -8.6805        7.2547    
 ht2n          2.8080       0.60516    
 ht3n         -2.2185       0.69074E-01
 ht4n          3.4432       0.58244    
 dummy45       0.0000        0.0000    
 dummy46       0.0000        0.0000    
 dummy47       0.0000        0.0000    
 dummy48       0.0000        0.0000    
 dummy49       0.0000        0.0000    
 bcdmsh2      0.97077       0.37640E-02
 bcdmsd2      0.99134       0.47047E-02
 ccfr          1.0000        0.0000    
 nutev         1.0000        0.0000    
 zeus         0.97998        0.0000    
 h1            1.0162        0.0000    
 e605          1.0319        0.0000    
 NmcH2         1.0058       0.63616E-02
 ntv_nu        1.0000        0.0000    
 ntv_nuba      1.0000        0.0000    
 cdf_jet      0.98910        0.0000    
 d0_jet       0.83504        0.0000    
 slac_p       0.99436       0.29339E-02
 slac_d       0.99958       0.28922E-02
 e866pp        1.0053       0.18948E-01
 e866pd       0.96349       0.16016E-01
 d0_gamje      1.0372       0.16510E-01
 h1b          0.97608        0.0000    
 jlab_p       0.98038       0.45472E-02
 jlab_d       0.97454       0.41796E-02
 blank         1.0000        0.0000    
 d0run2       0.94442       0.14411E-01
 cdfrun2      0.93280       0.17136E-01
 HERA_el       1.0000        0.0000    
 HERA_ps       1.0000        0.0000    
 CDF_Z        0.94462       0.50917E-02
 NmcRat        1.0000        0.0000    
 BNS_F2nd     0.97638       0.11850E-01
 HERMES_F     0.98911        0.0000    
 HERMES_F     0.97441        0.0000    
 e03103_p     0.98634       0.38121E-02
 e03103_d     0.97674       0.35202E-02
 e06009_d_c   0.96199       0.73775E-02
 e94110_p     0.99675       0.44889E-02
 jlcee96_p     1.0077       0.46356E-02
 jlcee96_d     1.0212       0.43362E-02
 END 0. 0.

 # Hessian matrix (Bevington alpha)
   0.78424339478645E+07 -0.17998793436929E+07  0.18031892217522E+06  0.88889496368495E+06 -0.22699573777459E+06  0.13865408927864E+05  0.10883268824705E+06  0.13542589467576E+07 -0.23780131809922E+06 -0.66394234212826E+05  0.80672303865606E+04  0.12380252416170E+05  0.13684360755959E+04 -0.90893191127117E+02  0.32103481915646E+03  0.94498520798502E+02  0.54346817794440E+04  0.15849894279725E+04  0.71841414422540E+07 -0.96518526355914E+05 -0.40891637747567E+05 -0.18753092881357E+05 -0.14767554840666E+05 -0.32745687500549E+04 -0.44959337301076E+06 -0.10681013717398E+06 -0.43043759262934E+04 -0.12541872460284E+05 -0.10809653022894E+06 -0.40668984748013E+05 -0.13956845505060E+06 -0.58897017044047E+05 -0.64541878151491E+04 -0.89586004630062E+06 -0.11436403254296E+07 -0.21573231027759E+05 -0.49818650652002E+05 -0.33955546334562E+04 -0.19670472455792E+06 -0.21414152959911E+06 -0.91889613288835E+04 -0.32618051463656E+04 -0.23900222744270E+05  0.19169363970666E+05 -0.32411508850492E+06 -0.53227874641988E+06 -0.19881112367192E+05 -0.35091532959750E+06 -0.23672533261672E+06 -0.17963202706435E+06
  -0.17998793436929E+07  0.49199977142708E+06 -0.41361521834033E+05 -0.20436430963513E+06  0.55001329238866E+05  0.58592688295790E+03 -0.22221075873211E+05 -0.16562507484621E+06  0.31718971757421E+05  0.93416785909013E+04 -0.94793652853459E+03 -0.87477342188955E+03 -0.10171934751338E+03  0.10389202028205E+02  0.28130404470142E+04 -0.60082111149328E+03  0.18595898675516E+04  0.17547856947632E+04 -0.20926034179454E+07  0.22146567270030E+05  0.10445671798173E+05  0.52045899360605E+04  0.70061761110500E+04  0.11055611956510E+05  0.11667205710845E+06  0.42165984008351E+05  0.14956817675000E+04  0.51722702149036E+04  0.27240910762958E+05  0.13683779332918E+05  0.17085979419616E+05  0.83634078480897E+04 -0.12517498468308E+03  0.20196734030498E+06  0.25125390894102E+06  0.56409889190126E+04  0.13232422949553E+05  0.42155509811140E+03  0.58886715594895E+05  0.63498776244154E+05  0.23014729579498E+04  0.73390950607526E+03 -0.19096379548776E+04 -0.24223921494069E+04  0.77282572801901E+05  0.12627242632334E+06  0.15589995586521E+04  0.76066421704795E+05  0.43532104472471E+05  0.33116554653271E+05
   0.18031892217522E+06 -0.41361521834033E+05  0.41575807152364E+04  0.19901251961531E+05 -0.51871064198382E+04  0.15717008354350E+03  0.24349918915965E+04  0.26254558814034E+05 -0.44734822925433E+04 -0.14392491795033E+04  0.15829334307593E+03  0.24459066794246E+03  0.29347913176074E+02 -0.22901589747370E+01 -0.38213278678519E+03  0.42935386580388E+02 -0.23528726229786E+03 -0.15462166566247E+03  0.16400137465436E+06 -0.22048134606830E+04 -0.93469637548713E+03 -0.42832547292831E+03 -0.33602890924763E+03 -0.99283970059181E+02 -0.10309150869360E+05 -0.24129914586055E+04 -0.98502115237898E+02 -0.29257501039451E+03 -0.24797496109747E+04 -0.92561454084654E+03 -0.31679116714954E+04 -0.13284540192326E+04 -0.20597938492222E+02 -0.20186128429201E+05 -0.25900157828218E+05 -0.49578968283287E+03 -0.11470721473656E+04 -0.70039745830763E+02 -0.44917580727451E+04 -0.48919818073560E+04 -0.20984684788685E+03 -0.74623792196853E+02 -0.19684993185659E+03  0.44332586567063E+03 -0.74536536613491E+04 -0.12256967916295E+05 -0.46318812685665E+03 -0.81124590294208E+04 -0.54862610215780E+04 -0.41595316703054E+04
   0.88889496368495E+06 -0.20436430963513E+06  0.19901251961531E+05  0.51330621525188E+06 -0.86463747719516E+05  0.77474699153275E+05  0.72770645352051E+05  0.45129861347550E+06 -0.40073152133858E+05 -0.21473629197133E+05  0.31302940704313E+04 -0.13317024164274E+04 -0.12179733942926E+03  0.46172230092812E+02  0.29381267241700E+05 -0.34461617264662E+04  0.28745773363544E+05  0.15541528838236E+05  0.19473557573366E+07 -0.28009932945952E+05 -0.11070352706945E+05 -0.46629846792179E+04 -0.70048600126335E+03  0.36815585359320E+04 -0.61958918089040E+05 -0.86835845259054E+04 -0.68360523567920E+03 -0.67028370514800E+03 -0.31433437510278E+05 -0.74388035563431E+04 -0.13024506543576E+05 -0.21643305527272E+05 -0.14974341787523E+03 -0.66516187068393E+05 -0.34200204896728E+06 -0.12094374837390E+04 -0.24473245791502E+04 -0.67909491247861E+02 -0.10769451850015E+05 -0.47165241181518E+05 -0.23778245977477E+04 -0.93190023924768E+03 -0.10741285577382E+05 -0.17038093544099E+05 -0.23129904712797E+05 -0.15108573459447E+06 -0.90774399332741E+04 -0.27292906119622E+05 -0.20626759971939E+05 -0.61329466821102E+05
  -0.22699573777459E+06  0.55001329238866E+05 -0.51871064198382E+04 -0.86463747719516E+05  0.17428863423269E+05 -0.86605372575847E+04 -0.11538362042021E+05 -0.44777800528203E+05  0.19607159016482E+04  0.29116280428344E+04 -0.32721409867172E+03  0.44419797916497E+01  0.38875935444809E+01 -0.40041100996841E+01 -0.21829739741084E+04  0.22771525932555E+03 -0.20998439565886E+04 -0.10627639773988E+04 -0.46854217900712E+06  0.56679288085833E+04  0.24657913465437E+04  0.11126409616621E+04  0.45682049076980E+03  0.31674969111483E+03  0.14642928899781E+05  0.30537352692561E+04  0.25033070738021E+03  0.78633192213974E+03  0.71722216112706E+04  0.22805883074198E+04  0.20275037548991E+04  0.34657623216224E+04 -0.53690994618549E+02  0.12543789851313E+05  0.65624945078593E+05  0.31795962826763E+03  0.62287479703620E+03  0.87083864153322E+01  0.29974021982730E+04  0.12946909875136E+05  0.48820177242616E+03  0.17895366146267E+03  0.37256451361496E+03  0.26796021668887E+04  0.52271417609474E+04  0.35011461102426E+05  0.13026089308244E+04  0.61191512204749E+04  0.41297365794300E+04  0.12260391764147E+05
   0.13865408927864E+05  0.58592688295790E+03  0.15717008354350E+03  0.77474699153275E+05 -0.86605372575847E+04  0.18781215179998E+05  0.12252815507392E+05  0.10860884262288E+06 -0.10896089138909E+05 -0.42741835303120E+04  0.74778888972897E+03 -0.51251892141217E+03 -0.43815130993081E+02  0.12980817324444E+02  0.79764138900641E+04 -0.10091335004977E+04  0.79358453637378E+04  0.44779465973770E+04  0.84544667633806E+05 -0.26567311400735E+04 -0.73776266968067E+03 -0.20276099544060E+03  0.37792182902308E+03  0.19371099615925E+04 -0.27676500624351E+04  0.93822268906903E+03  0.99276462023939E+02  0.95119866279902E+03 -0.17720417709231E+04  0.37546751739725E+03 -0.22959643864785E+04 -0.35919926187772E+04  0.89647967130881E+02 -0.82019461711133E+04 -0.39646788434856E+05 -0.89855146512960E+01 -0.49434327114385E+02 -0.15110786547388E+02  0.61773142452347E+02  0.89999807633273E+02 -0.23205404102554E+03 -0.11262261885052E+03 -0.27825010271543E+04 -0.29613468156340E+04 -0.13724297566747E+04 -0.73872215292952E+04 -0.15261270600958E+04 -0.15121215936927E+04 -0.18142995843430E+04 -0.54768882130233E+04
   0.10883268824705E+06 -0.22221075873211E+05  0.24349918915965E+04  0.72770645352051E+05 -0.11538362042021E+05  0.12252815507392E+05  0.10811806712968E+05  0.64238037174474E+05 -0.45345934401911E+04 -0.32670007897622E+04  0.45748077875000E+03 -0.18137081389311E+03 -0.17774427779010E+02  0.68370347571094E+01  0.39033706306670E+04 -0.48042106347619E+03  0.37534034166537E+04  0.20846180175959E+04  0.22348985655903E+06 -0.36648327171623E+04 -0.13774314280328E+04 -0.54297009196327E+03  0.77677126038927E+02  0.10359178212443E+04 -0.73460299839947E+04 -0.43388589873421E+03 -0.32817155417682E+02  0.23287234118243E+03 -0.38922817233912E+04 -0.57979460826256E+03 -0.21186338130800E+04 -0.33780391577351E+04  0.10315844770736E+03 -0.92168592916647E+04 -0.47477551569020E+05 -0.13999225877119E+03 -0.27885452699966E+03 -0.10798542599891E+02 -0.10355130535063E+04 -0.46298543761523E+04 -0.32206314338160E+03 -0.13297244428877E+03 -0.11775529446599E+04 -0.28541755895421E+04 -0.29049818353249E+04 -0.18467701230478E+05 -0.15641523794816E+04 -0.34414622294192E+04 -0.28786033817841E+04 -0.85907199715584E+04
   0.13542589467576E+07 -0.16562507484621E+06  0.26254558814034E+05  0.45129861347550E+06 -0.44777800528203E+05  0.10860884262288E+06  0.64238037174474E+05  0.61795412884162E+07 -0.25993216525103E+07 -0.97410775345672E+05  0.25144203767198E+05  0.21348451190134E+05  0.14466202871131E+04  0.72406062691989E+02  0.95836865160537E+05 -0.12221942652691E+05  0.10816807475029E+06  0.57834536251911E+05  0.53509241220994E+06 -0.43575112690225E+05 -0.90647014661183E+04 -0.25104979923390E+04  0.56596523006965E+04  0.40468579897018E+05 -0.43908998189204E+05  0.73909064788145E+04  0.89075531768439E+03  0.11709493107527E+05 -0.16377447162182E+05  0.14170942532983E+04 -0.62306476846831E+05 -0.49769833381306E+05 -0.77222444335697E+05 -0.30932252025688E+06 -0.58463741848734E+06 -0.76119969407617E+05 -0.17470754074490E+06 -0.15676726103660E+04 -0.42407565946768E+04 -0.83837146761570E+04  0.91814820421126E+03  0.52973516646826E+03 -0.29533757311232E+06 -0.82313276304689E+04 -0.30216446093079E+05 -0.67781935934079E+05 -0.11390096564587E+05 -0.30479827424432E+05 -0.34147977007884E+05 -0.43276891443689E+05
  -0.23780131809922E+06  0.31718971757421E+05 -0.44734822925433E+04 -0.40073152133858E+05  0.19607159016482E+04 -0.10896089138909E+05 -0.45345934401911E+04 -0.25993216525103E+07  0.19424983401174E+07  0.20594493193116E+05 -0.60651829306190E+04 -0.44529311062084E+04 -0.24776593500421E+03 -0.95446796455721E+01  0.47097543737814E+05 -0.22624167738250E+04  0.16441979690995E+05  0.83909946633364E+04 -0.25287041019612E+03  0.10020963061922E+05  0.16722754905723E+04  0.40412434835627E+03 -0.11817389187886E+04 -0.90252880348977E+04  0.65449806517315E+04 -0.14423129349435E+04 -0.20382976047808E+03 -0.27029930104680E+04  0.24899406570731E+04 -0.37137993219139E+03  0.10990694526540E+05  0.10403742844389E+05  0.26231934844009E+05  0.68835739917365E+05  0.12587928418913E+06  0.22783886657312E+05  0.52334099070693E+05  0.22494411262895E+03  0.49918286630547E+03  0.99564360229297E+03 -0.14171182393310E+04 -0.75771278063672E+03  0.11709723470394E+06  0.14198273073640E+04  0.42863175781766E+04  0.94695363616914E+04  0.17894901260911E+04  0.42813187980224E+04  0.50750477381878E+04  0.65155926193554E+04
  -0.66394234212826E+05  0.93416785909013E+04 -0.14392491795033E+04 -0.21473629197133E+05  0.29116280428344E+04 -0.42741835303120E+04 -0.32670007897622E+04 -0.97410775345672E+05  0.20594493193116E+05  0.27395950921535E+04 -0.54800924229340E+03 -0.49321840536347E+03 -0.43770110369535E+02 -0.11932412156400E+01 -0.38562453428399E+04  0.48212308484301E+03 -0.38863642327409E+04 -0.21811755987901E+04 -0.44833316468530E+05  0.15082512785235E+04  0.42374824252659E+03  0.13964976501456E+03 -0.18791325645846E+03 -0.12600166389507E+04  0.26631499454430E+04 -0.23093381579211E+03 -0.21888584006314E+02 -0.32665047945559E+03  0.96764568680734E+03  0.68198086010872E+01  0.25371167546822E+04  0.17339537283553E+04  0.75305387481730E+03  0.10414900534364E+05  0.20906765927794E+05  0.13940188077559E+04  0.31664595280389E+04  0.43823421680778E+02  0.37047760732780E+03  0.70816291981550E+03  0.10420940478896E+03  0.47651826803895E+02  0.31349706626942E+04  0.38669866475002E+03  0.18725865816705E+04  0.44217997153689E+04  0.60697008961029E+03  0.20320930404763E+04  0.20497820362489E+04  0.25456065314803E+04
   0.80672303865606E+04 -0.94793652853459E+03  0.15829334307593E+03  0.31302940704313E+04 -0.32721409867172E+03  0.74778888972897E+03  0.45748077875000E+03  0.25144203767198E+05 -0.60651829306190E+04 -0.54800924229340E+03  0.13219767665926E+03  0.12221514111550E+03  0.88540974496915E+01  0.40318915859196E+00  0.10780842822895E+04 -0.12132332949752E+03  0.10313186891196E+04  0.55888892839554E+03  0.41223854319558E+04 -0.23361118474334E+03 -0.52247135212865E+02 -0.14915684353429E+02  0.31869031746582E+02  0.22220510358630E+03 -0.26445770698752E+03  0.42807126955289E+02  0.48875758074243E+01  0.63625174062780E+02 -0.98312232123070E+02  0.76259150548882E+01 -0.36965956520959E+03 -0.27881441279335E+03 -0.31341114394803E+03 -0.16917569078292E+04 -0.32324943679815E+04 -0.35662755928115E+03 -0.81865190494325E+03 -0.97210869999590E+01 -0.26039953200037E+02 -0.51559883186866E+02 -0.71902817529916E+01 -0.35904554151428E+01 -0.10294669720143E+04 -0.48547276607329E+02 -0.18380989295541E+03 -0.41187271622007E+03 -0.68213888667674E+02 -0.18440894848947E+03 -0.20559780487847E+03 -0.26018105527678E+03
   0.12380252416170E+05 -0.87477342188955E+03  0.24459066794246E+03 -0.13317024164274E+04  0.44419797916497E+01 -0.51251892141217E+03 -0.18137081389311E+03  0.21348451190134E+05 -0.44529311062084E+04 -0.49321840536347E+03  0.12221514111550E+03  0.84816705186207E+03  0.57984530315584E+02 -0.11477915804778E+01  0.97098814278017E+03 -0.14579327627047E+03  0.12495710924166E+04  0.72521041307018E+03  0.26913444223813E+04  0.18684494173579E+03  0.18480797287865E+02  0.10699310603797E+00  0.39729499230649E+02  0.33458187623703E+03 -0.64619289321684E+02  0.37112981598465E+02 -0.27835285604707E+01 -0.42309981732373E+02  0.31480081922084E+01 -0.37576975133018E+01 -0.79605418126638E+03 -0.51181627765497E-10 -0.46520857805572E+03 -0.37356843989452E+04 -0.16014934015647E-09 -0.15342674160295E+04 -0.42929982377694E+02 -0.55896052653758E+02 -0.83176186867926E-01 -0.27842529879745E-10 -0.12352737747069E+01 -0.53190167406900E+00  0.12886695813110E+03  0.21390194225494E+03 -0.43766808520349E+02 -0.17697752349886E-09 -0.28985037523112E-11 -0.14136371746441E+02 -0.38071307953481E+02 -0.43258443184107E-11
   0.13684360755959E+04 -0.10171934751338E+03  0.29347913176074E+02 -0.12179733942926E+03  0.38875935444809E+01 -0.43815130993081E+02 -0.17774427779010E+02  0.14466202871131E+04 -0.24776593500421E+03 -0.43770110369535E+02  0.88540974496915E+01  0.57984530315584E+02  0.52115937658959E+01 -0.10795094829678E+00  0.56944855377548E+02 -0.10155815753304E+02  0.79478064175063E+02  0.49512484869485E+02  0.13863358791021E+03  0.10226150234348E+02  0.13357117520706E+01  0.12077085299727E-01  0.51916626631632E+01  0.37562694427666E+02 -0.14610860889337E+02  0.64909992169577E+01 -0.41659369649120E+00 -0.50968093977748E+01  0.17465226268653E+01 -0.90777630494119E+00 -0.11312018468468E+03 -0.31198471483568E-11 -0.18901596384300E+02 -0.42707880414262E+03 -0.20295089757499E-10 -0.97264740751436E+02 -0.10837517626209E+02 -0.45387602459788E+01 -0.58509499202513E-01  0.24176171932599E-11 -0.12754284637087E+00 -0.50201919808729E-01  0.14832732553176E+02  0.46640953069447E+02 -0.14807780250953E+02 -0.16777920543182E-12  0.44649409020706E-11 -0.60876687793743E+01 -0.13812329351251E+02  0.45198126147119E-11
  -0.90893191127117E+02  0.10389202028205E+02 -0.22901589747370E+01  0.46172230092812E+02 -0.40041100996841E+01  0.12980817324444E+02  0.68370347571094E+01  0.72406062691989E+02 -0.95446796455721E+01 -0.11932412156400E+01  0.40318915859196E+00 -0.11477915804778E+01 -0.10795094829678E+00  0.27238219652417E-01  0.98494275074233E+01 -0.72934883117982E+00  0.64588129230067E+01  0.30431871102180E+01  0.42123982541733E+02  0.92119101602025E+00 -0.34118834211051E-01 -0.14155604785139E-01 -0.20986059476315E-01 -0.14177960524026E+00  0.52244996514528E-01 -0.17124514301680E-01  0.61839960900383E-02  0.97815861623135E-01 -0.34231774787110E-01 -0.17265005241451E-04  0.39779978387541E-01  0.90540308347479E-13 -0.35406696694728E+01 -0.23608063951871E+00  0.17653319628906E-11 -0.13037316238432E+01 -0.67471931628006E-06 -0.75337034300060E-01  0.00000000000000E+00  0.15494775857156E-13 -0.90243922168628E-03 -0.49901215217111E-03 -0.18200146514912E+01  0.88601315116439E-06  0.93721889239175E-09  0.19760528410364E-12  0.83433100214409E-13  0.13269582068565E-10  0.69195479066647E-10 -0.16938977491514E-12
   0.32103481915646E+03  0.28130404470142E+04 -0.38213278678519E+03  0.29381267241700E+05 -0.21829739741084E+04  0.79764138900641E+04  0.39033706306670E+04  0.95836865160537E+05  0.47097543737814E+05 -0.38562453428399E+04  0.10780842822895E+04  0.97098814278017E+03  0.56944855377548E+02  0.98494275074233E+01  0.51375761594928E+05 -0.49961872121956E+04  0.41952903146535E+05  0.22251360017292E+05  0.28684085429792E+05  0.27548279755759E+03  0.14562519787318E+03  0.61286178444794E+02 -0.42609187401103E+02 -0.28698882140384E+03  0.17695996953248E+04 -0.21078986675291E+01  0.20570271169926E+01 -0.36937108238583E+02  0.59534392541794E+03  0.58870344167192E+02 -0.29670006922120E+04 -0.19380563709325E+04 -0.25160691371645E+04  0.19639628822960E+04  0.43634718271129E+04 -0.14390467768824E+04 -0.30197220137774E+04 -0.74506039249907E+03  0.33357657964661E+03  0.57627872744944E+03 -0.31055176601210E+04 -0.16111230843232E+04 -0.21002626600529E+04  0.20627153845608E+03  0.90424360632138E+03  0.29145948905902E+04  0.42629045109942E+03  0.18483482480805E+04  0.16550371063480E+04  0.19898850233440E+04
   0.94498520798502E+02 -0.60082111149328E+03  0.42935386580388E+02 -0.34461617264662E+04  0.22771525932555E+03 -0.10091335004977E+04 -0.48042106347619E+03 -0.12221942652691E+05 -0.22624167738250E+04  0.48212308484301E+03 -0.12132332949752E+03 -0.14579327627047E+03 -0.10155815753304E+02 -0.72934883117982E+00 -0.49961872121956E+04  0.57257494007400E+03 -0.47079549060547E+04 -0.26006807716922E+04 -0.23058172824242E+04 -0.43398587312920E+02 -0.28448157966815E+02 -0.13285425656519E+02 -0.71123133313421E+00  0.71336192590968E+01 -0.40323302178184E+03 -0.23128543023153E+02 -0.24205182257063E+01 -0.90292040757656E+01 -0.13338364538040E+03 -0.22018853627731E+02  0.57958982502430E+03  0.36374023306343E+03  0.29709503343758E+03 -0.12742965324251E+03 -0.45851124222250E+03  0.15785627757735E+03  0.32824068459715E+03  0.86277003516666E+02 -0.92305864664346E+02 -0.15731062082696E+03  0.50821594674223E+03  0.24374000416628E+03 -0.40558546352083E+03 -0.36939854314725E+02 -0.20230431393048E+03 -0.69191619113833E+03 -0.82998668241798E+02 -0.43850879625378E+03 -0.36207881002571E+03 -0.43207496450209E+03
   0.54346817794440E+04  0.18595898675516E+04 -0.23528726229786E+03  0.28745773363544E+05 -0.20998439565886E+04  0.79358453637378E+04  0.37534034166537E+04  0.10816807475029E+06  0.16441979690995E+05 -0.38863642327409E+04  0.10313186891196E+04  0.12495710924166E+04  0.79478064175063E+02  0.64588129230067E+01  0.41952903146535E+05 -0.47079549060547E+04  0.39644115517672E+05  0.21643061048916E+05  0.31089744778062E+05  0.23886992685324E+03  0.14577193077234E+03  0.56526513127646E+02 -0.10947694762678E+03 -0.50804030095944E+03  0.15911615917737E+04 -0.22679504425598E+03 -0.13939445535158E+02 -0.13453862111996E+03  0.56884953826071E+03 -0.34509721559429E+02 -0.34710818653717E+04 -0.22106000944372E+04 -0.28396330865714E+04  0.25501519257620E+04  0.57529686668654E+04 -0.13443890075472E+04 -0.28314396457028E+04 -0.72367160082723E+03  0.13383338261475E+03  0.25325407127722E+03 -0.33011376529724E+04 -0.17385390041446E+04  0.22107029156452E+04  0.32373790253744E+03  0.91094618284160E+03  0.24037507836471E+04  0.57623868511397E+03  0.15031845990309E+04  0.17322164269222E+04  0.21286460997510E+04
   0.15849894279725E+04  0.17547856947632E+04 -0.15462166566247E+03  0.15541528838236E+05 -0.10627639773988E+04  0.44779465973770E+04  0.20846180175959E+04  0.57834536251911E+05  0.83909946633364E+04 -0.21811755987901E+04  0.55888892839554E+03  0.72521041307018E+03  0.49512484869485E+02  0.30431871102180E+01  0.22251360017292E+05 -0.26006807716922E+04  0.21643061048916E+05  0.11977913235787E+05  0.14529363831381E+05  0.16798330880584E+03  0.10777663712034E+03  0.45152258349224E+02 -0.52738411346697E+02 -0.23357532792387E+03  0.13341599995613E+04 -0.96130888752754E+02 -0.36916606652872E+01 -0.47058622265501E+02  0.46579978447306E+03  0.71997030248116E+01 -0.24201710670900E+04 -0.15092398145534E+04 -0.14313659245001E+04  0.11441048647342E+04  0.30777511448531E+04 -0.69250986543187E+03 -0.14555346572898E+04 -0.40251338235155E+03  0.17231976277344E+03  0.30952051472971E+03 -0.21507566328975E+04 -0.10856520828052E+04  0.20794671595391E+04  0.21725263791633E+03  0.73979659401073E+03  0.21387697734528E+04  0.42276134942575E+03  0.13584391249634E+04  0.13997179673734E+04  0.16983264273403E+04
   0.71841414422540E+07 -0.20926034179454E+07  0.16400137465436E+06  0.19473557573366E+07 -0.46854217900712E+06  0.84544667633806E+05  0.22348985655903E+06  0.53509241220994E+06 -0.25287041019612E+03 -0.44833316468530E+05  0.41223854319558E+04  0.26913444223813E+04  0.13863358791021E+03  0.42123982541733E+02  0.28684085429792E+05 -0.23058172824242E+04  0.31089744778062E+05  0.14529363831381E+05  0.17776890020479E+08 -0.16339007117437E+06 -0.80457039237796E+05 -0.40836760164394E+05 -0.32536590455944E+05 -0.56047242501965E+05 -0.48112815075209E+06 -0.19068841971159E+06 -0.12288057050558E+05 -0.43958178670972E+05 -0.21509157513385E+06 -0.11119260493685E+06 -0.24230459262607E+05 -0.53801351048326E+05  0.76412717981018E+03 -0.37909039725902E+06 -0.18474779903091E+07 -0.10953343562865E+05 -0.22158552502401E+05 -0.13547625063085E+03 -0.11928100062824E+06 -0.50775144220505E+06 -0.16384044370644E+05 -0.51789391658417E+04  0.12380670411622E+05 -0.32512538625299E+05 -0.14806888265180E+06 -0.95952331042905E+06 -0.46017452832056E+04 -0.14268251529133E+06 -0.76931820660379E+05 -0.23106443914703E+06
  -0.96518526355914E+05  0.22146567270030E+05 -0.22048134606830E+04 -0.28009932945952E+05  0.56679288085833E+04 -0.26567311400735E+04 -0.36648327171623E+04 -0.43575112690225E+05  0.10020963061922E+05  0.15082512785235E+04 -0.23361118474334E+03  0.18684494173579E+03  0.10226150234348E+02  0.92119101602025E+00  0.27548279755759E+03 -0.43398587312920E+02  0.23886992685324E+03  0.16798330880584E+03 -0.16339007117437E+06  0.38881359507879E+04  0.13624496829020E+04  0.58316407268131E+03  0.11281955095432E+03 -0.29980575476377E+03  0.51503029101460E+04  0.11488090205279E+04  0.10387100603620E+03  0.16400288229073E+03  0.31516791171271E+04  0.10950568581885E+04  0.00000000000000E+00  0.26028368427103E+04  0.00000000000000E+00  0.00000000000000E+00  0.41066842570590E+05  0.00000000000000E+00  0.00000000000000E+00  0.00000000000000E+00  0.00000000000000E+00  0.57763388069839E+04  0.00000000000000E+00  0.00000000000000E+00  0.00000000000000E+00 -0.16961114607658E+04  0.00000000000000E+00  0.15559531464338E+05  0.79782973392968E+03  0.00000000000000E+00  0.00000000000000E+00  0.57530938952526E+04
  -0.40891637747567E+05  0.10445671798173E+05 -0.93469637548713E+03 -0.11070352706945E+05  0.24657913465437E+04 -0.73776266968067E+03 -0.13774314280328E+04 -0.90647014661183E+04  0.16722754905723E+04  0.42374824252659E+03 -0.52247135212865E+02  0.18480797287865E+02  0.13357117520706E+01 -0.34118834211051E-01  0.14562519787318E+03 -0.28448157966815E+02  0.14577193077234E+03  0.10777663712034E+03 -0.80457039237796E+05  0.13624496829020E+04  0.57895817723111E+03  0.26961052851907E+03  0.98643206320785E+02  0.54443464088120E+02  0.23249413220337E+04  0.70014633662311E+03  0.62554630286954E+02  0.18088654295279E+03  0.14117600730316E+04  0.60076222385887E+03  0.00000000000000E+00  0.67575536859909E+03  0.00000000000000E+00  0.00000000000000E+00  0.15211806634960E+05  0.00000000000000E+00  0.00000000000000E+00  0.00000000000000E+00  0.00000000000000E+00  0.28931755748686E+04  0.00000000000000E+00  0.00000000000000E+00  0.00000000000000E+00 -0.52479702373647E+03  0.00000000000000E+00  0.67822338152099E+04  0.23264107346226E+03  0.00000000000000E+00  0.00000000000000E+00  0.22083074194374E+04
  -0.18753092881357E+05  0.52045899360605E+04 -0.42832547292831E+03 -0.46629846792179E+04  0.11126409616621E+04 -0.20276099544060E+03 -0.54297009196327E+03 -0.25104979923390E+04  0.40412434835627E+03  0.13964976501456E+03 -0.14915684353429E+02  0.10699310603797E+00  0.12077085299727E-01 -0.14155604785139E-01  0.61286178444794E+02 -0.13285425656519E+02  0.56526513127646E+02  0.45152258349224E+02 -0.40836760164394E+05  0.58316407268131E+03  0.26961052851907E+03  0.13286019559273E+03  0.64636037332025E+02  0.82306323230140E+02  0.11119498561173E+04  0.41417700770937E+03  0.35364290288998E+02  0.11594384324829E+03  0.66547387948704E+03  0.33142512025287E+03  0.00000000000000E+00  0.19754288649531E+03  0.00000000000000E+00  0.00000000000000E+00  0.65129450516356E+04  0.00000000000000E+00  0.00000000000000E+00  0.00000000000000E+00  0.00000000000000E+00  0.14865028312005E+04  0.00000000000000E+00  0.00000000000000E+00  0.00000000000000E+00 -0.16793825195015E+03  0.00000000000000E+00  0.30753334810861E+04  0.61475479146875E+02  0.00000000000000E+00  0.00000000000000E+00  0.87390744657610E+03
  -0.14767554840666E+05  0.70061761110500E+04 -0.33602890924763E+03 -0.70048600126335E+03  0.45682049076980E+03  0.37792182902308E+03  0.77677126038927E+02  0.56596523006965E+04 -0.11817389187886E+04 -0.18791325645846E+03  0.31869031746582E+02  0.39729499230649E+02  0.51916626631632E+01 -0.20986059476315E-01 -0.42609187401103E+02 -0.71123133313421E+00 -0.10947694762678E+03 -0.52738411346697E+02 -0.32536590455944E+05  0.11281955095432E+03  0.98643206320785E+02  0.64636037332025E+02  0.26340054502705E+03  0.70466510237073E+03  0.16606705206973E+04  0.12854385703206E+04  0.34337437212958E+02  0.14446540133483E+03  0.30565654075560E+03  0.29350192672626E+03 -0.75207474472451E+02 -0.22787540594282E+02  0.30324103851172E+01  0.53492514498651E+03  0.25687587876110E+03  0.00000000000000E+00  0.00000000000000E+00  0.00000000000000E+00  0.16042635152408E+04  0.12818838301887E+04  0.00000000000000E+00  0.00000000000000E+00  0.00000000000000E+00  0.24185128549409E+03  0.90768365368266E+03  0.14307346033447E+04 -0.19869773702506E+03  0.79882141407990E+03 -0.35116977396492E+03 -0.16472410630554E+03
  -0.32745687500549E+04  0.11055611956510E+05 -0.99283970059181E+02  0.36815585359320E+04  0.31674969111483E+03  0.19371099615925E+04  0.10359178212443E+04  0.40468579897018E+05 -0.90252880348977E+04 -0.12600166389507E+04  0.22220510358630E+03  0.33458187623703E+03  0.37562694427666E+02 -0.14177960524026E+00 -0.28698882140384E+03  0.71336192590968E+01 -0.50804030095944E+03 -0.23357532792387E+03 -0.56047242501965E+05 -0.29980575476377E+03  0.54443464088120E+02  0.82306323230140E+02  0.70466510237073E+03  0.26115347373472E+04  0.22633847740122E+04  0.26836493222363E+04  0.83130021180143E+02  0.44492256412601E+03  0.42521279659260E+03  0.61064967012642E+03 -0.29907596721582E+03 -0.10428442355672E+03 -0.40801411973820E+02 -0.86968878315738E+04 -0.79849564212100E+04  0.00000000000000E+00  0.00000000000000E+00  0.00000000000000E+00  0.33771790295192E+04  0.26314972323971E+04  0.00000000000000E+00  0.00000000000000E+00  0.00000000000000E+00  0.13111677843976E+04  0.79147427468401E+03  0.23668408682632E+04 -0.76598529291780E+03  0.14254442565335E+04 -0.20653248372578E+04 -0.11599953320756E+04
  -0.44959337301076E+06  0.11667205710845E+06 -0.10309150869360E+05 -0.61958918089040E+05  0.14642928899781E+05 -0.27676500624351E+04 -0.73460299839947E+04 -0.43908998189204E+05  0.65449806517315E+04  0.26631499454430E+04 -0.26445770698752E+03 -0.64619289321684E+02 -0.14610860889337E+02  0.52244996514528E-01  0.17695996953248E+04 -0.40323302178184E+03  0.15911615917737E+04  0.13341599995613E+04 -0.48112815075209E+06  0.51503029101460E+04  0.23249413220337E+04  0.11119498561173E+04  0.16606705206973E+04  0.22633847740122E+04  0.36110071865022E+05  0.10186344672431E+05  0.33420616396999E+03  0.11857363616973E+04  0.68112834337804E+04  0.29770744172387E+04  0.26904984488174E+03  0.10438807892400E+03  0.12174609764368E+01  0.49613657291726E+05  0.48557458037796E+05  0.00000000000000E+00  0.00000000000000E+00  0.00000000000000E+00  0.19306328465318E+05  0.15510091141387E+05  0.00000000000000E+00  0.00000000000000E+00  0.00000000000000E+00 -0.24205250320514E+04  0.24630379077327E+05  0.36035249665343E+05  0.10735901019247E+04  0.36158623578169E+05  0.22170925845378E+05  0.12840389373171E+05
  -0.10681013717398E+06  0.42165984008351E+05 -0.24129914586055E+04 -0.86835845259054E+04  0.30537352692561E+04  0.93822268906903E+03 -0.43388589873421E+03  0.73909064788145E+04 -0.14423129349435E+04 -0.23093381579211E+03  0.42807126955289E+02  0.37112981598465E+02  0.64909992169577E+01 -0.17124514301680E-01 -0.21078986675291E+01 -0.23128543023153E+02 -0.22679504425598E+03 -0.96130888752754E+02 -0.19068841971159E+06  0.11488090205279E+04  0.70014633662311E+03  0.41417700770937E+03  0.12854385703206E+04  0.26836493222363E+04  0.10186344672431E+05  0.71814699150365E+04  0.17346783260138E+03  0.62837166640116E+03  0.18550678955538E+04  0.16048315394154E+04 -0.28197828548637E+03 -0.77113226318017E+02  0.13033778956404E+02  0.12596319957960E+05  0.99485121441285E+04  0.00000000000000E+00  0.00000000000000E+00  0.00000000000000E+00  0.82726220809536E+04  0.67713110442640E+04  0.00000000000000E+00  0.00000000000000E+00  0.00000000000000E+00  0.46179105875051E+03  0.58472144564168E+04  0.79816736876809E+04 -0.62585647909309E+03  0.41419801849527E+04 -0.41003482643375E+03  0.46897168445748E+01
  -0.43043759262934E+04  0.14956817675000E+04 -0.98502115237898E+02 -0.68360523567920E+03  0.25033070738021E+03  0.99276462023939E+02 -0.32817155417682E+02  0.89075531768439E+03 -0.20382976047808E+03 -0.21888584006314E+02  0.48875758074243E+01 -0.27835285604707E+01 -0.41659369649120E+00  0.61839960900383E-02  0.20570271169926E+01 -0.24205182257063E+01 -0.13939445535158E+02 -0.36916606652872E+01 -0.12288057050558E+05  0.10387100603620E+03  0.62554630286954E+02  0.35364290288998E+02  0.34337437212958E+02  0.83130021180143E+02  0.33420616396999E+03  0.17346783260138E+03  0.17635629200356E+02  0.81670507982178E+02  0.18858523933691E+03  0.14051198962102E+03  0.00000000000000E+00 -0.64357612858964E+01  0.00000000000000E+00  0.00000000000000E+00  0.54977395310259E+03  0.00000000000000E+00  0.00000000000000E+00  0.00000000000000E+00  0.00000000000000E+00  0.64234633383483E+03  0.00000000000000E+00  0.00000000000000E+00  0.00000000000000E+00 -0.11183647886958E+03  0.00000000000000E+00  0.10107711816751E+04 -0.61816118627631E+02  0.00000000000000E+00  0.00000000000000E+00  0.12348521703525E+03
  -0.12541872460284E+05  0.51722702149036E+04 -0.29257501039451E+03 -0.67028370514800E+03  0.78633192213974E+03  0.95119866279902E+03  0.23287234118243E+03  0.11709493107527E+05 -0.27029930104680E+04 -0.32665047945559E+03  0.63625174062780E+02 -0.42309981732373E+02 -0.50968093977748E+01  0.97815861623135E-01 -0.36937108238583E+02 -0.90292040757656E+01 -0.13453862111996E+03 -0.47058622265501E+02 -0.43958178670972E+05  0.16400288229073E+03  0.18088654295279E+03  0.11594384324829E+03  0.14446540133483E+03  0.44492256412601E+03  0.11857363616973E+04  0.62837166640116E+03  0.81670507982178E+02  0.47937975097610E+03  0.61995803838802E+03  0.55284035375434E+03  0.00000000000000E+00 -0.55120455413783E+02  0.00000000000000E+00  0.00000000000000E+00 -0.24528743904975E+04  0.00000000000000E+00  0.00000000000000E+00  0.00000000000000E+00  0.00000000000000E+00  0.24077724889912E+04  0.00000000000000E+00  0.00000000000000E+00  0.00000000000000E+00 -0.11193756542186E+04  0.00000000000000E+00  0.39553673289876E+04 -0.37460887323240E+03  0.00000000000000E+00  0.00000000000000E+00  0.34897586901810E+03
  -0.10809653022894E+06  0.27240910762958E+05 -0.24797496109747E+04 -0.31433437510278E+05  0.71722216112706E+04 -0.17720417709231E+04 -0.38922817233912E+04 -0.16377447162182E+05  0.24899406570731E+04  0.96764568680734E+03 -0.98312232123070E+02  0.31480081922084E+01  0.17465226268653E+01 -0.34231774787110E-01  0.59534392541794E+03 -0.13338364538040E+03  0.56884953826071E+03  0.46579978447306E+03 -0.21509157513385E+06  0.31516791171271E+04  0.14117600730316E+04  0.66547387948704E+03  0.30565654075560E+03  0.42521279659260E+03  0.68112834337804E+04  0.18550678955538E+04  0.18858523933691E+03  0.61995803838802E+03  0.48521723624586E+04  0.17069401615362E+04  0.00000000000000E+00  0.90692185448974E+02  0.00000000000000E+00  0.00000000000000E+00  0.31454462886125E+05  0.00000000000000E+00  0.00000000000000E+00  0.00000000000000E+00  0.00000000000000E+00  0.93191361158082E+04  0.00000000000000E+00  0.00000000000000E+00  0.00000000000000E+00  0.30269159207113E+04  0.00000000000000E+00  0.23607646530005E+05  0.89104699139314E+03  0.00000000000000E+00  0.00000000000000E+00  0.90830449681728E+04
  -0.40668984748013E+05  0.13683779332918E+05 -0.92561454084654E+03 -0.74388035563431E+04  0.22805883074198E+04  0.37546751739725E+03 -0.57979460826256E+03  0.14170942532983E+04 -0.37137993219139E+03  0.68198086010872E+01  0.76259150548882E+01 -0.37576975133018E+01 -0.90777630494119E+00 -0.17265005241451E-04  0.58870344167192E+02 -0.22018853627731E+02 -0.34509721559429E+02  0.71997030248116E+01 -0.11119260493685E+06  0.10950568581885E+04  0.60076222385887E+03  0.33142512025287E+03  0.29350192672626E+03  0.61064967012642E+03  0.29770744172387E+04  0.16048315394154E+04  0.14051198962102E+03  0.55284035375434E+03  0.17069401615362E+04  0.12268606871514E+04  0.00000000000000E+00 -0.36096855062849E+02  0.00000000000000E+00  0.00000000000000E+00  0.89103297141194E+04  0.00000000000000E+00  0.00000000000000E+00  0.00000000000000E+00  0.00000000000000E+00  0.55739791629089E+04  0.00000000000000E+00  0.00000000000000E+00  0.00000000000000E+00 -0.31428493457028E+03  0.00000000000000E+00  0.83139921951123E+04 -0.37241253320190E+03  0.00000000000000E+00  0.00000000000000E+00  0.10834075904847E+04
  -0.13956845505060E+06  0.17085979419616E+05 -0.31679116714954E+04 -0.13024506543576E+05  0.20275037548991E+04 -0.22959643864785E+04 -0.21186338130800E+04 -0.62306476846831E+05  0.10990694526540E+05  0.25371167546822E+04 -0.36965956520959E+03 -0.79605418126638E+03 -0.11312018468468E+03  0.39779978387541E-01 -0.29670006922120E+04  0.57958982502430E+03 -0.34710818653717E+04 -0.24201710670900E+04 -0.24230459262607E+05  0.00000000000000E+00  0.00000000000000E+00  0.00000000000000E+00 -0.75207474472451E+02 -0.29907596721582E+03  0.26904984488174E+03 -0.28197828548637E+03  0.00000000000000E+00  0.00000000000000E+00  0.00000000000000E+00  0.00000000000000E+00  0.11678505792362E+06  0.00000000000000E+00  0.00000000000000E+00  0.00000000000000E+00  0.00000000000000E+00  0.00000000000000E+00  0.00000000000000E+00  0.00000000000000E+00  0.00000000000000E+00  0.00000000000000E+00  0.00000000000000E+00  0.00000000000000E+00  0.00000000000000E+00  0.00000000000000E+00  0.00000000000000E+00  0.00000000000000E+00  0.00000000000000E+00  0.00000000000000E+00  0.00000000000000E+00  0.00000000000000E+00
  -0.58897017044047E+05  0.83634078480897E+04 -0.13284540192326E+04 -0.21643305527272E+05  0.34657623216224E+04 -0.35919926187772E+04 -0.33780391577351E+04 -0.49769833381306E+05  0.10403742844389E+05  0.17339537283553E+04 -0.27881441279335E+03 -0.51181627765497E-10 -0.31198471483568E-11  0.90540308347479E-13 -0.19380563709325E+04  0.36374023306343E+03 -0.22106000944372E+04 -0.15092398145534E+04 -0.53801351048326E+05  0.26028368427103E+04  0.67575536859909E+03  0.19754288649531E+03 -0.22787540594282E+02 -0.10428442355672E+03  0.10438807892400E+03 -0.77113226318017E+02 -0.64357612858964E+01 -0.55120455413783E+02  0.90692185448974E+02 -0.36096855062849E+02  0.00000000000000E+00  0.64836329346157E+05  0.00000000000000E+00  0.00000000000000E+00  0.00000000000000E+00  0.00000000000000E+00  0.00000000000000E+00  0.00000000000000E+00  0.00000000000000E+00  0.00000000000000E+00  0.00000000000000E+00  0.00000000000000E+00  0.00000000000000E+00  0.00000000000000E+00  0.00000000000000E+00  0.00000000000000E+00  0.00000000000000E+00  0.00000000000000E+00  0.00000000000000E+00  0.00000000000000E+00
