# fitpack15: fit parameters                                                                         
# CJ15 AV18 final data choices                                                                      
# Created on 03/25/2020 at 10:16:05                                                                 

 # QCD setup
  INS                           0
  NVL                          11
  IORD                          1
  Q02                   1.6899999999999999     
  IPARAMC                      -7
  FLAVOR                5.0000000000000000     
  xmc                   1.3000000000000000     
  xmb                   4.5000000000000000     
  ncb                          12
  ihq                           1
  ias                           0

 # Theory corrections
  inuke                     10114
  itmc                          1
  iht                           2

 # fit parameters
 LAMBDA       0.22680        0.0000    
 a0uv          1.3369        0.0000    
 a1uv         0.49410       0.32535E-01
 a2uv          3.6409       0.13843E-01
 a3uv          0.0000        0.0000    
 a4uv          7.6250        1.3502    
 a5uv          0.0000        0.0000    
 a0dv          16.836        0.0000    
 a1dv          1.0656       0.41349E-01
 a2dv          6.3632       0.22724    
 a3dv         -3.4413       0.13969    
 a4dv          4.9371       0.20053    
 a5dv          0.0000        0.0000    
 a0ud         0.13598       0.48554E-02
 a1ud        -0.21475       0.38658E-02
 a2ud          9.0637       0.18443    
 a3ud          0.0000        0.0000    
 a4ud          19.228        1.4478    
 a5ud          0.0000        0.0000    
 a0du          35712.        0.0000    
 a1du          4.2048       0.13555    
 a2du          21.022        1.3534    
 a3du          17.000        0.0000    
 a4du          62.218        17.924    
 a0g           40.127        0.0000    
 a1g          0.57798       0.27992E-01
 a2g           5.4753       0.79809    
 a3g          -3.2897       0.11728    
 a4g           3.0308       0.24569    
 a5g           0.0000        0.0000    
 kappa        0.40000        0.0000    
 a6dv         0.29686E-02   0.13957E-02
 a7dv          2.0000        0.0000    
 off1        -0.60888E-01   0.12750    
 off2        -0.22092       0.87405    
 off3        -0.10654        1.4279    
 ht1          -6.6740        1.9287    
 ht2           2.6047       0.23671    
 ht3          -2.0598       0.35506E-01
 ht4           2.7664       0.16309    
 ht1n         -11.416        12.335    
 ht2n          2.9817       0.75696    
 ht3n         -2.2452       0.84013E-01
 ht4n          3.7053       0.76136    
 dummy45       0.0000        0.0000    
 dummy46       0.0000        0.0000    
 dummy47       0.0000        0.0000    
 dummy48       0.0000        0.0000    
 dummy49       0.0000        0.0000    
 bcdmsh2      0.96950       0.51648E-02
 bcdmsd2      0.99016       0.61583E-02
 ccfr          1.0000        0.0000    
 nutev         1.0000        0.0000    
 zeus         0.97998        0.0000    
 h1            1.0162        0.0000    
 e605          1.0319        0.0000    
 NmcH2         1.0057       0.73345E-02
 ntv_nu        1.0000        0.0000    
 ntv_nuba      1.0000        0.0000    
 cdf_jet      0.98910        0.0000    
 d0_jet       0.83504        0.0000    
 slac_p       0.99744       0.57153E-02
 slac_d        1.0013       0.58986E-02
 e866pp        1.0044       0.20817E-01
 e866pd       0.96623       0.18197E-01
 d0_gamje      1.0361       0.16540E-01
 h1b          0.97608        0.0000    
 blank         1.0000        0.0000    
 d0run2       0.94830       0.15490E-01
 cdfrun2      0.93539       0.17898E-01
 HERA_el       1.0000        0.0000    
 HERA_ps       1.0000        0.0000    
 CDF_Z        0.94388       0.69731E-02
 NmcRat        1.0000        0.0000    
 HERMES_F     0.99147       0.61358E-02
 HERMES_F     0.97685       0.62769E-02
 BNS_F2nd     0.97582       0.12845E-01
 END 0. 0.

 # Hessian matrix (Bevington alpha)
   0.45268219843026E+07 -0.10033359771903E+07  0.10311223875863E+06  0.36946378420442E+06 -0.10306860758328E+06 -0.15175252689347E+05  0.41791814547266E+05  0.10360524603857E+07 -0.19326235460077E+06 -0.45723955007283E+05  0.61623379143367E+04  0.12736406077265E+05  0.13570683269820E+04 -0.95209929237236E+02  0.17476204416912E+05 -0.39953684538383E+04  0.22712002526964E+05  0.16044016434136E+05  0.36057111409342E+07 -0.56641074129484E+05 -0.23207168777960E+05 -0.10584299911506E+05 -0.46631356705855E+04  0.64710131171609E+04 -0.16917042954927E+06 -0.54167680261791E+05 -0.11413542640022E+04 -0.23505982617041E+04 -0.43147094255769E+05 -0.16413978983485E+05 -0.14035512011807E+06 -0.59249277695467E+05 -0.65373786187185E+04 -0.89383945555573E+06 -0.11465798858706E+07 -0.21658754064877E+05 -0.49881535429289E+05 -0.34122486688305E+04 -0.91549605707504E+04 -0.32542379394279E+04 -0.24341160666206E+05 -0.81101022840085E+05 -0.63375009751203E+05  0.19103055546466E+05
  -0.10033359771903E+07  0.28527901888162E+06 -0.22867066116585E+05 -0.87914909319486E+05  0.25265421296297E+05  0.49232914460663E+04 -0.81142392841105E+04 -0.11050123789977E+06  0.24222871700770E+05  0.55281562172334E+04 -0.61560231370888E+03 -0.89339629126275E+03 -0.97716266083874E+02  0.10849563194249E+02 -0.37291486753690E+03  0.19217833824943E+03 -0.44154488080405E+03 -0.43410088127490E+03 -0.11284756746741E+07  0.12649689348429E+05  0.60215088198087E+04  0.30704395675671E+04  0.27825101245340E+04  0.48737274821106E+04  0.47370533665097E+05  0.24130561599312E+05  0.47077110141188E+03  0.18734407352743E+04  0.11029700222615E+05  0.61230449860690E+04  0.17108809473703E+05  0.83815715019252E+04 -0.12432070855458E+03  0.20091322687274E+06  0.25131006648080E+06  0.56424736474132E+04  0.13199106833309E+05  0.42182722218098E+03  0.22942746367000E+04  0.73229535105384E+03 -0.18958187027330E+04  0.88061444787528E+04  0.73493263473021E+04 -0.24031368142144E+04
   0.10311223875863E+06 -0.22867066116585E+05  0.23600303670238E+04  0.78387527979395E+04 -0.23124846395018E+04 -0.51181288324710E+03  0.87930762673603E+03  0.18718250494868E+05 -0.34108862012396E+04 -0.95242405150031E+03  0.11306664067541E+03  0.24849889227656E+03  0.28758609373630E+02 -0.23921104513167E+01  0.12261057416531E+02 -0.50629634975118E+02  0.13516361398655E+03  0.16287324955831E+03  0.81192436322668E+05 -0.12761542515956E+04 -0.52361735575975E+03 -0.23868232446390E+03 -0.10506068465920E+03  0.12479123375372E+03 -0.38262200117546E+04 -0.12046537844016E+04 -0.25940318620656E+02 -0.58408193846544E+02 -0.97813790363303E+03 -0.36872796401647E+03 -0.31591182096576E+04 -0.13251968537313E+04 -0.21448183719437E+02 -0.19967522295476E+05 -0.25744095970919E+05 -0.49336455588685E+03 -0.11384442369434E+04 -0.69796360374187E+02 -0.20733502043621E+03 -0.73842121798952E+02 -0.20198612473150E+03 -0.16063905912806E+04 -0.12739913259590E+04  0.43809111124863E+03
   0.36946378420442E+06 -0.87914909319486E+05  0.78387527979395E+04  0.39336015933258E+06 -0.58530558589886E+05  0.66687382206563E+05  0.54915532930047E+05  0.38187971337176E+06 -0.29946886567841E+05 -0.17109344438499E+05  0.27236034995845E+04 -0.13927801951012E+04 -0.13292365295823E+03  0.48747975335010E+02  0.33168839948295E+05 -0.43595735325910E+04  0.35109775431207E+05  0.20174849260029E+05  0.12090519176405E+07 -0.16695649848427E+05 -0.62740642387532E+04 -0.25444908204368E+04 -0.50671736577039E+02  0.32424064909356E+04 -0.23213349052765E+05 -0.36341576447979E+04 -0.88399036728416E+02  0.12426986263909E+04 -0.13683153003338E+05 -0.24603100525663E+04 -0.13090866466787E+05 -0.21760991233467E+05 -0.15990029672263E+03 -0.66411316268919E+05 -0.34241121627352E+06 -0.12259607122334E+04 -0.24519970711808E+04 -0.67283649235789E+02 -0.23619862408580E+04 -0.92748303584690E+03 -0.11001030883474E+05 -0.76598101657090E+04 -0.22589872592837E+05 -0.17077899965634E+05
  -0.10306860758328E+06  0.25265421296297E+05 -0.23124846395018E+04 -0.58530558589886E+05  0.10672392076511E+05 -0.67907656176535E+04 -0.77125809870320E+04 -0.31341030886540E+05  0.83370997038996E+02  0.20300169486366E+04 -0.24651241132645E+03  0.63497802773762E+01  0.50286974115333E+01 -0.42040695826807E+01 -0.28773985105135E+04  0.40114276934706E+03 -0.29128426951891E+04 -0.17252076209646E+04 -0.27287803250108E+06  0.30078532291056E+04  0.12902793027072E+04  0.57272558870442E+03  0.11918322329385E+03 -0.72671395378702E+02  0.52462365809296E+04  0.12621721193538E+04  0.56382516951864E+02  0.12446904599936E+03  0.29009021729358E+04  0.78763635618290E+03  0.20170517141424E+04  0.34397678106813E+04 -0.53274916343988E+02  0.12228015532064E+05  0.64263435505267E+05  0.31346563140306E+03  0.60593042631851E+03  0.85079198374516E+01  0.47375056919455E+03  0.17451155489120E+03  0.39749267887190E+03  0.85236495735053E+03  0.26214542938281E+04  0.26614479542084E+04
  -0.15175252689347E+05  0.49232914460663E+04 -0.51181288324710E+03  0.66687382206563E+05 -0.67907656176535E+04  0.16596320124102E+05  0.10216771335955E+05  0.98046571644523E+05 -0.96481889070774E+04 -0.36861774537645E+04  0.68263704051775E+03 -0.52769077949491E+03 -0.45742947233674E+02  0.13297885652450E+02  0.81112393085597E+04 -0.10652182422504E+04  0.89176684164404E+04  0.51283333270608E+04  0.55487497353415E+05 -0.18816190888858E+04 -0.47126247703369E+03 -0.11024310123194E+03  0.17180412533757E+03  0.12251148902388E+04 -0.95630912645329E+03  0.55682432565552E+03  0.56201211661269E+02  0.74042166822748E+03 -0.87312324062555E+03  0.26230916328529E+03 -0.21616602209501E+04 -0.33771639008675E+04  0.78545636643855E+02 -0.74970662358791E+04 -0.36154049708027E+05  0.19903524088841E+01 -0.28555085193881E+02 -0.14297519349411E+02 -0.20351460642127E+03 -0.10156324792550E+03 -0.27771934294651E+04 -0.16052242053664E+04 -0.45919106819201E+04 -0.27601552590804E+04
   0.41791814547266E+05 -0.81142392841105E+04  0.87930762673603E+03  0.54915532930047E+05 -0.77125809870320E+04  0.10216771335955E+05  0.80382366958377E+04  0.52259503852986E+05 -0.29783335109129E+04 -0.25377657701658E+04  0.38424113953168E+03 -0.18824710854862E+03 -0.19185775508204E+02  0.70246639887295E+01  0.43046586825317E+04 -0.58768682722256E+03  0.45627647084531E+04  0.26843018187919E+04  0.13170553414491E+06 -0.21338995552906E+04 -0.75454617994712E+03 -0.27869743866482E+03  0.61900032726857E+02  0.71294835514823E+03 -0.25609540607352E+04 -0.71952252333444E+02  0.11607837809977E+02  0.34939180161051E+03 -0.16608951934374E+04 -0.11736000119179E+03 -0.20311743171916E+04 -0.32342312257035E+04  0.98143919969983E+02 -0.86758050987235E+04 -0.44803870043293E+05 -0.13080863215776E+03 -0.25796678527225E+03 -0.10276362988381E+02 -0.29952292875190E+03 -0.12468530958014E+03 -0.11822531259204E+04 -0.10059194672120E+04 -0.29849905036173E+04 -0.27228886745800E+04
   0.10360524603857E+07 -0.11050123789977E+06  0.18718250494868E+05  0.38187971337176E+06 -0.31341030886540E+05  0.98046571644523E+05  0.52259503852986E+05  0.60754191586330E+07 -0.25782834453952E+07 -0.93120341498196E+05  0.24694707343719E+05  0.22303063087772E+05  0.14814814803131E+04  0.78415413560635E+02  0.98429345119636E+05 -0.12983984416337E+05  0.12023793154848E+06  0.65409742160636E+05  0.29546158770656E+06 -0.38047425420768E+05 -0.70689552604093E+04 -0.17638542752975E+04  0.30511416402046E+04  0.29986011348819E+05 -0.19847605715439E+05  0.48487538034105E+04  0.59472022988679E+03  0.10131242665955E+05 -0.89250597203107E+04  0.14316935447158E+04 -0.62766077238875E+05 -0.50114575503602E+05 -0.77078282842042E+05 -0.30858120790416E+06 -0.58619781134062E+06 -0.75909376948743E+05 -0.17378731861771E+06 -0.15586767367271E+04  0.10064784520798E+04  0.55863789406405E+03 -0.29603744136973E+06 -0.15847097002656E+06 -0.19038266642627E+06 -0.82769339946645E+04
  -0.19326235460077E+06  0.24222871700770E+05 -0.34108862012396E+04 -0.29946886567841E+05  0.83370997038996E+02 -0.96481889070774E+04 -0.29783335109129E+04 -0.25782834453952E+07  0.19362970147060E+07  0.19975098548974E+05 -0.60078339153947E+04 -0.46777498285741E+04 -0.25598982659150E+03 -0.10619296642273E+02  0.47560484544580E+05 -0.22679448856415E+04  0.17570437782424E+05  0.90176306017178E+04  0.29542175105222E+05  0.92480825069394E+04  0.13938661967082E+04  0.30221256012591E+03 -0.64947795874376E+03 -0.67804022841284E+04  0.31248264247429E+04 -0.95310245194641E+03 -0.13371924928160E+03 -0.23425135067598E+04  0.14339124369599E+04 -0.32659198972409E+03  0.11077330416882E+05  0.10485140181505E+05  0.26279401382503E+05  0.68737894760825E+05  0.12635181961245E+06  0.22757416948617E+05  0.52158191695769E+05  0.22194961941769E+03 -0.14489499915866E+04 -0.76901195806309E+03  0.11760156343949E+06  0.47812612721631E+05  0.56955448946340E+05  0.14284413134402E+04
  -0.45723955007283E+05  0.55281562172334E+04 -0.95242405150031E+03 -0.17109344438499E+05  0.20300169486366E+04 -0.36861774537645E+04 -0.25377657701658E+04 -0.93120341498196E+05  0.19975098548974E+05  0.25004962980819E+04 -0.52449075457299E+03 -0.51219349962673E+03 -0.44338945142113E+02 -0.12935374443610E+01 -0.40735453157832E+04  0.53469561566655E+03 -0.45098939302615E+04 -0.25928776925404E+04 -0.27312650847728E+05  0.11640618680699E+04  0.29398834530475E+03  0.88810060634471E+02 -0.98711732659535E+02 -0.90069639393368E+03  0.10913349207926E+04 -0.16054026262227E+03 -0.17013683755354E+02 -0.29088204003558E+03  0.48263848347518E+03 -0.29493462378454E+02  0.25696814436010E+04  0.17555355069697E+04  0.75312497840245E+03  0.10454573353158E+05  0.21083928185793E+05  0.14004734609923E+04  0.31693644462521E+04  0.43929666397932E+02  0.10302039609207E+03  0.47363150881156E+02  0.31612140099316E+04  0.28997128990412E+04  0.35672554244810E+04  0.39059300755062E+03
   0.61623379143367E+04 -0.61560231370888E+03  0.11306664067541E+03  0.27236034995845E+04 -0.24651241132645E+03  0.68263704051775E+03  0.38424113953168E+03  0.24694707343719E+05 -0.60078339153947E+04 -0.52449075457299E+03  0.13005026262662E+03  0.12801944170239E+03  0.90919134320260E+01  0.43851384310691E+00  0.11018733835200E+04 -0.12756102913087E+03  0.11447292627750E+04  0.62879925703809E+03  0.26456066206167E+04 -0.20098849192039E+03 -0.40322310048661E+02 -0.10423676228275E+02  0.17188481927524E+02  0.16506246589598E+03 -0.11949630859448E+03  0.28142688468290E+02  0.32877174739301E+01  0.55262650782575E+02 -0.53448757886862E+02  0.79672232091175E+01 -0.37410169995347E+03 -0.28204886904954E+03 -0.31368213443858E+03 -0.16954860219126E+04 -0.32558868768189E+04 -0.35726447621939E+03 -0.81792983172809E+03 -0.97262270391669E+01 -0.68182144909757E+01 -0.34746606461752E+01 -0.10369989132159E+04 -0.74501122803596E+03 -0.89999818236580E+03 -0.49042150387517E+02
   0.12736406077265E+05 -0.89339629126275E+03  0.24849889227656E+03 -0.13927801951012E+04  0.63497802773762E+01 -0.52769077949491E+03 -0.18824710854862E+03  0.22303063087772E+05 -0.46777498285741E+04 -0.51219349962673E+03  0.12801944170239E+03  0.93425191180679E+03  0.62809779695561E+02 -0.11883805946461E+01  0.10384690851239E+04 -0.15710311387777E+03  0.14595333448413E+04  0.84390142981020E+03  0.27426293475099E+04  0.19846413566632E+03  0.19421644372606E+02  0.12140140671941E+00  0.24833898001047E+02  0.27934271752109E+03 -0.48015295465967E+02  0.29278646602237E+02 -0.19312332218445E+01 -0.38727926758842E+02  0.23579346146727E+01 -0.34123337436623E+01 -0.81872857061444E+03  0.68732207889677E-11 -0.50016405569205E+03 -0.38432317065434E+04  0.18870152233467E-09 -0.16215897640885E+04 -0.42984347137968E+02 -0.58710411714454E+02 -0.12719955543250E+01 -0.55054027714843E+00  0.13786005564868E+03 -0.20718249099923E+04  0.26625393586020E-10  0.21560894623361E+03
   0.13570683269820E+04 -0.97716266083874E+02  0.28758609373630E+02 -0.13292365295823E+03  0.50286974115333E+01 -0.45742947233674E+02 -0.19185775508204E+02  0.14814814803131E+04 -0.25598982659150E+03 -0.44338945142113E+02  0.90919134320260E+01  0.62809779695561E+02  0.55586007678785E+01 -0.11704793294485E+00  0.60478149115971E+02 -0.10918522287486E+02  0.94525816425177E+02  0.58483151920363E+02  0.13003689429174E+03  0.10756833503179E+02  0.13983926886513E+01  0.15471299541833E-01  0.32060686417822E+01  0.31464754283849E+02 -0.10020359559440E+02  0.48987823424901E+01 -0.29827229793912E+00 -0.48080830681949E+01  0.16368739775303E+01 -0.85450595396314E+00 -0.11584357316992E+03 -0.79862798177805E-12 -0.19971513536157E+02 -0.43561324400414E+03  0.33949834223404E-10 -0.10167349122352E+03 -0.10806452531176E+02 -0.47060368771989E+01 -0.12984179637727E+00 -0.51339825251857E-01  0.15627155395151E+02 -0.14994373006750E+03  0.36759730712523E-11  0.46930227206691E+02
  -0.95209929237236E+02  0.10849563194249E+02 -0.23921104513167E+01  0.48747975335010E+02 -0.42040695826807E+01  0.13297885652450E+02  0.70246639887295E+01  0.78415413560635E+02 -0.10619296642273E+02 -0.12935374443610E+01  0.43851384310691E+00 -0.11883805946461E+01 -0.11704793294485E+00  0.30660213119876E-01  0.10574106341314E+02 -0.79397693651775E+00  0.73098378384846E+01  0.34764456054009E+01  0.43017056423989E+02  0.10069568217697E+01 -0.34187601508029E-01 -0.14949291076086E-01 -0.14966288713982E-01 -0.14563589056827E+00  0.50145884790904E-01 -0.13694394105008E-01  0.45978865040868E-02  0.96678719006920E-01 -0.33729944808721E-01 -0.26827307748191E-03  0.45371858193187E-01 -0.74411563149542E-13 -0.39408250191722E+01 -0.29760241709133E+00 -0.41189487473671E-12 -0.15322730774211E+01 -0.12733460271897E-05 -0.84726751855167E-01 -0.10031411378498E-02 -0.55586531220078E-03 -0.18813202603546E+01 -0.16152098574744E+01  0.62766017415234E-12  0.20914714296124E-05
   0.17476204416912E+05 -0.37291486753690E+03  0.12261057416531E+02  0.33168839948295E+05 -0.28773985105135E+04  0.81112393085597E+04  0.43046586825317E+04  0.98429345119636E+05  0.47560484544580E+05 -0.40735453157832E+04  0.11018733835200E+04  0.10384690851239E+04  0.60478149115971E+02  0.10574106341314E+02  0.51537594267443E+05 -0.50656701581685E+04  0.45124323701672E+05  0.24087101078770E+05  0.41603270612609E+05  0.12411731188950E+02  0.45477281270316E+02  0.21586497754369E+02 -0.15571447096444E+02 -0.14193092827049E+03  0.51247679391938E+03 -0.15799978148237E+00 -0.10282359584938E+01 -0.33822765673343E+02  0.22013996347181E+03  0.15294511104792E+02 -0.30526373866533E+04 -0.19935661529521E+04 -0.25082084850756E+04  0.18513549809903E+04  0.41619040733903E+04 -0.14524394756139E+04 -0.30225820786018E+04 -0.74906003536644E+03 -0.31693797293931E+04 -0.16329778011323E+04 -0.20334552862717E+04 -0.10088735737486E+04 -0.11335127483854E+04  0.19856460253962E+03
  -0.39953684538383E+04  0.19217833824943E+03 -0.50629634975118E+02 -0.43595735325910E+04  0.40114276934706E+03 -0.10652182422504E+04 -0.58768682722256E+03 -0.12983984416337E+05 -0.22679448856415E+04  0.53469561566655E+03 -0.12756102913087E+03 -0.15710311387777E+03 -0.10918522287486E+02 -0.79397693651775E+00 -0.50656701581685E+04  0.58824961057762E+03 -0.51726308512444E+04 -0.28698395881914E+04 -0.58746578456609E+04  0.18026814680955E+02 -0.45438044697145E+01 -0.35472113488280E+01 -0.15783532219654E+01 -0.10767747761653E+02 -0.10469906938271E+03 -0.12139620081027E+02 -0.69133159610489E+00 -0.53777197454359E+01 -0.44515424598636E+02 -0.73841208551424E+01  0.60852594555701E+03  0.38235926547869E+03  0.29777472943942E+03 -0.97217509773940E+02 -0.40314332244383E+03  0.16272595521866E+03  0.33535457979161E+03  0.87996777483676E+02  0.53323274120826E+03  0.25303628402610E+03 -0.43723516855475E+03  0.29519100598822E+03  0.33093823898572E+03 -0.35312443946956E+02
   0.22712002526964E+05 -0.44154488080405E+03  0.13516361398655E+03  0.35109775431207E+05 -0.29128426951891E+04  0.89176684164404E+04  0.45627647084531E+04  0.12023793154848E+06  0.17570437782424E+05 -0.45098939302615E+04  0.11447292627750E+04  0.14595333448413E+04  0.94525816425177E+02  0.73098378384846E+01  0.45124323701672E+05 -0.51726308512444E+04  0.46384412957616E+05  0.25510708702462E+05  0.42241078457589E+05 -0.94181887705017E+01  0.71020098727627E+02  0.31582882278715E+02 -0.43128193120458E+02 -0.26348350667969E+03  0.67849084296687E+03 -0.10794635920777E+03 -0.70699634394053E+01 -0.89719867715717E+02  0.31156473186672E+03 -0.21102922158076E+02 -0.41030584188797E+04 -0.25906631401193E+04 -0.29863822006042E+04  0.26043898080631E+04  0.62215927143433E+04 -0.14280962515997E+04 -0.29845528405200E+04 -0.79049708678668E+03 -0.37637577127419E+04 -0.19592258622055E+04  0.28621036331064E+04 -0.25169533333605E+04 -0.27844465610157E+04  0.37833856377422E+03
   0.16044016434136E+05 -0.43410088127490E+03  0.16287324955831E+03  0.20174849260029E+05 -0.17252076209646E+04  0.51283333270608E+04  0.26843018187919E+04  0.65409742160636E+05  0.90176306017178E+04 -0.25928776925404E+04  0.62879925703809E+03  0.84390142981020E+03  0.58483151920363E+02  0.34764456054009E+01  0.24087101078770E+05 -0.28698395881914E+04  0.25510708702462E+05  0.14203134174217E+05  0.24998391313093E+05 -0.42564884958893E+02  0.38740574840818E+02  0.20403564980536E+02 -0.15620324471000E+02 -0.73810805760656E+02  0.48941174083121E+03 -0.36216689593528E+02 -0.18724276083139E+01 -0.24455605991658E+02  0.22347058299499E+03  0.73545250123458E+00 -0.28294094287082E+04 -0.17560544014023E+04 -0.15077011286181E+04  0.11234793640205E+04  0.32677123146931E+04 -0.74307675931831E+03 -0.15487564523343E+04 -0.44169265793878E+03 -0.24591948557839E+04 -0.12269799423690E+04  0.25135485659705E+04 -0.16780025105814E+04 -0.18608570146812E+04  0.24694544019960E+03
   0.36057111409342E+07 -0.11284756746741E+07  0.81192436322668E+05  0.12090519176405E+07 -0.27287803250108E+06  0.55487497353415E+05  0.13170553414491E+06  0.29546158770656E+06  0.29542175105222E+05 -0.27312650847728E+05  0.26456066206167E+04  0.27426293475099E+04  0.13003689429174E+03  0.43017056423989E+02  0.41603270612609E+05 -0.58746578456609E+04  0.42241078457589E+05  0.24998391313093E+05  0.11034959494730E+08 -0.87932853569720E+05 -0.44671344999396E+05 -0.23310314806003E+05 -0.12552987947068E+05 -0.24987069118580E+05 -0.19790582121634E+06 -0.10506629245569E+06 -0.38102213406120E+04 -0.16414040554682E+05 -0.87004995568234E+05 -0.48377570398202E+05 -0.23393447999079E+05 -0.52019663172758E+05  0.74118286441207E+03 -0.36385576607847E+06 -0.17789393224314E+07 -0.10667947876927E+05 -0.21318561095992E+05 -0.12808235592909E+03 -0.15720265701023E+05 -0.49756245794922E+04  0.11788327827035E+05 -0.13948012694323E+05 -0.43273464743790E+05 -0.31292160672382E+05
  -0.56641074129484E+05  0.12649689348429E+05 -0.12761542515956E+04 -0.16695649848427E+05  0.30078532291056E+04 -0.18816190888858E+04 -0.21338995552906E+04 -0.38047425420768E+05  0.92480825069394E+04  0.11640618680699E+04 -0.20098849192039E+03  0.19846413566632E+03  0.10756833503179E+02  0.10069568217697E+01  0.12411731188950E+02  0.18026814680955E+02 -0.94181887705017E+01 -0.42564884958893E+02 -0.87932853569720E+05  0.26952214760977E+04  0.84485514158794E+03  0.34832271165520E+03  0.29338283879886E+02 -0.31718001546632E+03  0.23511606865621E+04  0.62355025266314E+03  0.23951447575125E+02 -0.75587458912489E+02  0.12592467139068E+04  0.44747288865769E+03  0.00000000000000E+00  0.26060032558332E+04  0.00000000000000E+00  0.00000000000000E+00  0.40856948488197E+05  0.00000000000000E+00  0.00000000000000E+00  0.00000000000000E+00  0.00000000000000E+00  0.00000000000000E+00  0.00000000000000E+00  0.00000000000000E+00  0.42369992380521E+04 -0.16881764531106E+04
  -0.23207168777960E+05  0.60215088198087E+04 -0.52361735575975E+03 -0.62740642387532E+04  0.12902793027072E+04 -0.47126247703369E+03 -0.75454617994712E+03 -0.70689552604093E+04  0.13938661967082E+04  0.29398834530475E+03 -0.40322310048661E+02  0.19421644372606E+02  0.13983926886513E+01 -0.34187601508029E-01  0.45477281270316E+02 -0.45438044697145E+01  0.71020098727627E+02  0.38740574840818E+02 -0.44671344999396E+05  0.84485514158794E+03  0.34706413805305E+03  0.16135035309404E+03  0.37204735299849E+02 -0.10763407914821E+02  0.10582376567907E+04  0.40221440740201E+03  0.18134560945866E+02  0.41663514203399E+02  0.56300936645078E+03  0.26192788174288E+03  0.00000000000000E+00  0.67631303552564E+03  0.00000000000000E+00  0.00000000000000E+00  0.15128062646802E+05  0.00000000000000E+00  0.00000000000000E+00  0.00000000000000E+00  0.00000000000000E+00  0.00000000000000E+00  0.00000000000000E+00  0.00000000000000E+00  0.87861936377725E+03 -0.52203823788953E+03
  -0.10584299911506E+05  0.30704395675671E+04 -0.23868232446390E+03 -0.25444908204368E+04  0.57272558870442E+03 -0.11024310123194E+03 -0.27869743866482E+03 -0.17638542752975E+04  0.30221256012591E+03  0.88810060634471E+02 -0.10423676228275E+02  0.12140140671941E+00  0.15471299541833E-01 -0.14949291076086E-01  0.21586497754369E+02 -0.35472113488280E+01  0.31582882278715E+02  0.20403564980536E+02 -0.23310314806003E+05  0.34832271165520E+03  0.16135035309404E+03  0.81045307132311E+02  0.26690981982365E+02  0.32142737861402E+02  0.51519452705129E+03  0.24883525519536E+03  0.11247838231127E+02  0.39996094352873E+02  0.26888957504758E+03  0.15204522377337E+03  0.00000000000000E+00  0.19766890123404E+03  0.00000000000000E+00  0.00000000000000E+00  0.64761644007265E+04  0.00000000000000E+00  0.00000000000000E+00  0.00000000000000E+00  0.00000000000000E+00  0.00000000000000E+00  0.00000000000000E+00  0.00000000000000E+00  0.25902223010957E+03 -0.16696421674223E+03
  -0.46631356705855E+04  0.27825101245340E+04 -0.10506068465920E+03 -0.50671736577039E+02  0.11918322329385E+03  0.17180412533757E+03  0.61900032726857E+02  0.30511416402046E+04 -0.64947795874376E+03 -0.98711732659535E+02  0.17188481927524E+02  0.24833898001047E+02  0.32060686417822E+01 -0.14966288713982E-01 -0.15571447096444E+02 -0.15783532219654E+01 -0.43128193120458E+02 -0.15620324471000E+02 -0.12552987947068E+05  0.29338283879886E+02  0.37204735299849E+02  0.26690981982365E+02  0.74257150152050E+02  0.25251528221347E+03  0.51761300631912E+03  0.51895980048357E+03  0.78112018203057E+01  0.43283592794858E+02  0.84446738677665E+02  0.92207546525452E+02 -0.53168227117648E+02 -0.15681639412614E+02  0.39369591172310E+01  0.81684193049145E+03  0.58080969734784E+03  0.00000000000000E+00  0.00000000000000E+00  0.00000000000000E+00  0.00000000000000E+00  0.00000000000000E+00  0.00000000000000E+00 -0.19967079488919E+03 -0.11048691191608E+03  0.16004701629621E+03
   0.64710131171609E+04  0.48737274821106E+04  0.12479123375372E+03  0.32424064909356E+04 -0.72671395378702E+02  0.12251148902388E+04  0.71294835514823E+03  0.29986011348819E+05 -0.67804022841284E+04 -0.90069639393368E+03  0.16506246589598E+03  0.27934271752109E+03  0.31464754283849E+02 -0.14563589056827E+00 -0.14193092827049E+03 -0.10767747761653E+02 -0.26348350667969E+03 -0.73810805760656E+02 -0.24987069118580E+05 -0.31718001546632E+03 -0.10763407914821E+02  0.32142737861402E+02  0.25251528221347E+03  0.13466976689703E+04  0.69850326957365E+03  0.12479678241000E+04  0.24690185890535E+02  0.19917988964212E+03  0.12191613300693E+03  0.22803190231112E+03 -0.27117226008382E+03 -0.91621835662777E+02 -0.30881633493789E+01 -0.63085618912572E+04 -0.58308578987284E+04  0.00000000000000E+00  0.00000000000000E+00  0.00000000000000E+00  0.00000000000000E+00  0.00000000000000E+00  0.00000000000000E+00 -0.22400291283756E+04 -0.12372339071207E+04  0.11627802170608E+04
  -0.16917042954927E+06  0.47370533665097E+05 -0.38262200117546E+04 -0.23213349052765E+05  0.52462365809296E+04 -0.95630912645329E+03 -0.25609540607352E+04 -0.19847605715439E+05  0.31248264247429E+04  0.10913349207926E+04 -0.11949630859448E+03 -0.48015295465967E+02 -0.10020359559440E+02  0.50145884790904E-01  0.51247679391938E+03 -0.10469906938271E+03  0.67849084296687E+03  0.48941174083121E+03 -0.19790582121634E+06  0.23511606865621E+04  0.10582376567907E+04  0.51519452705129E+03  0.51761300631912E+03  0.69850326957365E+03  0.11112341628999E+05  0.46498366918723E+04  0.83303866847802E+02  0.33999300673333E+03  0.21362956599711E+04  0.10553990044151E+04  0.26630063523146E+03  0.10321968856430E+03  0.33645446128187E+01  0.48947540437754E+05  0.48061049298409E+05  0.00000000000000E+00  0.00000000000000E+00  0.00000000000000E+00  0.00000000000000E+00  0.00000000000000E+00  0.00000000000000E+00  0.19835118786386E+04  0.12117084518628E+04 -0.23657258599210E+04
  -0.54167680261791E+05  0.24130561599312E+05 -0.12046537844016E+04 -0.36341576447979E+04  0.12621721193538E+04  0.55682432565552E+03 -0.71952252333444E+02  0.48487538034105E+04 -0.95310245194641E+03 -0.16054026262227E+03  0.28142688468290E+02  0.29278646602237E+02  0.48987823424901E+01 -0.13694394105008E-01 -0.15799978148237E+00 -0.12139620081027E+02 -0.10794635920777E+03 -0.36216689593528E+02 -0.10506629245569E+06  0.62355025266314E+03  0.40221440740201E+03  0.24883525519536E+03  0.51895980048357E+03  0.12479678241000E+04  0.46498366918723E+04  0.42477145409902E+04  0.55066874303874E+02  0.24012425170170E+03  0.73113274924577E+03  0.72440987443037E+03 -0.27512180350657E+03 -0.73848144691508E+02  0.12498385088953E+02  0.14297261802624E+05  0.11568428418069E+05  0.00000000000000E+00  0.00000000000000E+00  0.00000000000000E+00  0.00000000000000E+00  0.00000000000000E+00  0.00000000000000E+00 -0.16717787798512E+03 -0.86366832717780E+02  0.38927613516553E+03
  -0.11413542640022E+04  0.47077110141188E+03 -0.25940318620656E+02 -0.88399036728416E+02  0.56382516951864E+02  0.56201211661269E+02  0.11607837809977E+02  0.59472022988679E+03 -0.13371924928160E+03 -0.17013683755354E+02  0.32877174739301E+01 -0.19312332218445E+01 -0.29827229793912E+00  0.45978865040868E-02 -0.10282359584938E+01 -0.69133159610489E+00 -0.70699634394053E+01 -0.18724276083139E+01 -0.38102213406120E+04  0.23951447575125E+02  0.18134560945866E+02  0.11247838231127E+02  0.78112018203057E+01  0.24690185890535E+02  0.83303866847802E+02  0.55066874303874E+02  0.38250266189949E+01  0.26865460912049E+02  0.38726761401422E+02  0.38070024322808E+02  0.00000000000000E+00 -0.42730727857936E+01  0.00000000000000E+00  0.00000000000000E+00  0.42913545892596E+03  0.00000000000000E+00  0.00000000000000E+00  0.00000000000000E+00  0.00000000000000E+00  0.00000000000000E+00  0.00000000000000E+00  0.00000000000000E+00 -0.35948986739102E+02 -0.75827832516091E+02
  -0.23505982617041E+04  0.18734407352743E+04 -0.58408193846544E+02  0.12426986263909E+04  0.12446904599936E+03  0.74042166822748E+03  0.34939180161051E+03  0.10131242665955E+05 -0.23425135067598E+04 -0.29088204003558E+03  0.55262650782575E+02 -0.38727926758842E+02 -0.48080830681949E+01  0.96678719006920E-01 -0.33822765673343E+02 -0.53777197454359E+01 -0.89719867715717E+02 -0.24455605991658E+02 -0.16414040554682E+05 -0.75587458912489E+02  0.41663514203399E+02  0.39996094352873E+02  0.43283592794858E+02  0.19917988964212E+03  0.33999300673333E+03  0.24012425170170E+03  0.26865460912049E+02  0.25885806299911E+03  0.10852281291188E+03  0.20069046275834E+03  0.00000000000000E+00 -0.49663607142857E+02  0.00000000000000E+00  0.00000000000000E+00 -0.19258262297858E+04  0.00000000000000E+00  0.00000000000000E+00  0.00000000000000E+00  0.00000000000000E+00  0.00000000000000E+00  0.00000000000000E+00  0.00000000000000E+00 -0.76777210390247E+03 -0.10181997506675E+04
  -0.43147094255769E+05  0.11029700222615E+05 -0.97813790363303E+03 -0.13683153003338E+05  0.29009021729358E+04 -0.87312324062555E+03 -0.16608951934374E+04 -0.89250597203107E+04  0.14339124369599E+04  0.48263848347518E+03 -0.53448757886862E+02  0.23579346146727E+01  0.16368739775303E+01 -0.33729944808721E-01  0.22013996347181E+03 -0.44515424598636E+02  0.31156473186672E+03  0.22347058299499E+03 -0.87004995568234E+05  0.12592467139068E+04  0.56300936645078E+03  0.26888957504758E+03  0.84446738677665E+02  0.12191613300693E+03  0.21362956599711E+04  0.73113274924577E+03  0.38726761401422E+02  0.10852281291188E+03  0.17312878370488E+04  0.52638896374046E+03  0.00000000000000E+00  0.91156437980652E+02  0.00000000000000E+00  0.00000000000000E+00  0.29785181952115E+05  0.00000000000000E+00  0.00000000000000E+00  0.00000000000000E+00  0.00000000000000E+00  0.00000000000000E+00  0.00000000000000E+00  0.00000000000000E+00  0.83569820289998E+03  0.29444809919279E+04
  -0.16413978983485E+05  0.61230449860690E+04 -0.36872796401647E+03 -0.24603100525663E+04  0.78763635618290E+03  0.26230916328529E+03 -0.11736000119179E+03  0.14316935447158E+04 -0.32659198972409E+03 -0.29493462378454E+02  0.79672232091175E+01 -0.34123337436623E+01 -0.85450595396314E+00 -0.26827307748191E-03  0.15294511104792E+02 -0.73841208551424E+01 -0.21102922158076E+02  0.73545250123458E+00 -0.48377570398202E+05  0.44747288865769E+03  0.26192788174288E+03  0.15204522377337E+03  0.92207546525452E+02  0.22803190231112E+03  0.10553990044151E+04  0.72440987443037E+03  0.38070024322808E+02  0.20069046275834E+03  0.52638896374046E+03  0.44916387497071E+03  0.00000000000000E+00 -0.30591028826363E+02  0.00000000000000E+00  0.00000000000000E+00  0.85096423395190E+04  0.00000000000000E+00  0.00000000000000E+00  0.00000000000000E+00  0.00000000000000E+00  0.00000000000000E+00  0.00000000000000E+00  0.00000000000000E+00 -0.36880700441312E+01 -0.26625594982788E+03
  -0.14035512011807E+06  0.17108809473703E+05 -0.31591182096576E+04 -0.13090866466787E+05  0.20170517141424E+04 -0.21616602209501E+04 -0.20311743171916E+04 -0.62766077238875E+05  0.11077330416882E+05  0.25696814436010E+04 -0.37410169995347E+03 -0.81872857061444E+03 -0.11584357316992E+03  0.45371858193187E-01 -0.30526373866533E+04  0.60852594555701E+03 -0.41030584188797E+04 -0.28294094287082E+04 -0.23393447999079E+05  0.00000000000000E+00  0.00000000000000E+00  0.00000000000000E+00 -0.53168227117648E+02 -0.27117226008382E+03  0.26630063523146E+03 -0.27512180350657E+03  0.00000000000000E+00  0.00000000000000E+00  0.00000000000000E+00  0.00000000000000E+00  0.11708910979181E+06  0.00000000000000E+00  0.00000000000000E+00  0.00000000000000E+00  0.00000000000000E+00  0.00000000000000E+00  0.00000000000000E+00  0.00000000000000E+00  0.00000000000000E+00  0.00000000000000E+00  0.00000000000000E+00  0.00000000000000E+00  0.00000000000000E+00  0.00000000000000E+00
  -0.59249277695467E+05  0.83815715019252E+04 -0.13251968537313E+04 -0.21760991233467E+05  0.34397678106813E+04 -0.33771639008675E+04 -0.32342312257035E+04 -0.50114575503602E+05  0.10485140181505E+05  0.17555355069697E+04 -0.28204886904954E+03  0.68732207889677E-11 -0.79862798177805E-12 -0.74411563149542E-13 -0.19935661529521E+04  0.38235926547869E+03 -0.25906631401193E+04 -0.17560544014023E+04 -0.52019663172758E+05  0.26060032558332E+04  0.67631303552564E+03  0.19766890123404E+03 -0.15681639412614E+02 -0.91621835662777E+02  0.10321968856430E+03 -0.73848144691508E+02 -0.42730727857936E+01 -0.49663607142857E+02  0.91156437980652E+02 -0.30591028826363E+02  0.00000000000000E+00  0.64988005114790E+05  0.00000000000000E+00  0.00000000000000E+00  0.00000000000000E+00  0.00000000000000E+00  0.00000000000000E+00  0.00000000000000E+00  0.00000000000000E+00  0.00000000000000E+00  0.00000000000000E+00  0.00000000000000E+00  0.00000000000000E+00  0.00000000000000E+00
  -0.65373786187185E+04 -0.12432070855458E+03 -0.21448183719437E+02 -0.15990029672263E+03 -0.53274916343988E+02  0.78545636643855E+02  0.98143919969983E+02 -0.77078282842042E+05  0.26279401382503E+05  0.75312497840245E+03 -0.31368213443858E+03 -0.50016405569205E+03 -0.19971513536157E+02 -0.39408250191722E+01 -0.25082084850756E+04  0.29777472943942E+03 -0.29863822006042E+04 -0.15077011286181E+04  0.74118286441207E+03  0.00000000000000E+00  0.00000000000000E+00  0.00000000000000E+00  0.39369591172310E+01 -0.30881633493789E+01  0.33645446128187E+01  0.12498385088953E+02  0.00000000000000E+00  0.00000000000000E+00  0.00000000000000E+00  0.00000000000000E+00  0.00000000000000E+00  0.00000000000000E+00  0.30846048082025E+05  0.00000000000000E+00  0.00000000000000E+00  0.00000000000000E+00  0.00000000000000E+00  0.00000000000000E+00  0.00000000000000E+00  0.00000000000000E+00  0.00000000000000E+00  0.00000000000000E+00  0.00000000000000E+00  0.00000000000000E+00
  -0.89383945555573E+06  0.20091322687274E+06 -0.19967522295476E+05 -0.66411316268919E+05  0.12228015532064E+05 -0.74970662358791E+04 -0.86758050987235E+04 -0.30858120790416E+06  0.68737894760825E+05  0.10454573353158E+05 -0.16954860219126E+04 -0.38432317065434E+04 -0.43561324400414E+03 -0.29760241709133E+00  0.18513549809903E+04 -0.97217509773940E+02  0.26043898080631E+04  0.11234793640205E+04 -0.36385576607847E+06  0.00000000000000E+00  0.00000000000000E+00  0.00000000000000E+00  0.81684193049145E+03 -0.63085618912572E+04  0.48947540437754E+05  0.14297261802624E+05  0.00000000000000E+00  0.00000000000000E+00  0.00000000000000E+00  0.00000000000000E+00  0.00000000000000E+00  0.00000000000000E+00  0.00000000000000E+00  0.58604417301807E+06  0.00000000000000E+00  0.00000000000000E+00  0.00000000000000E+00  0.00000000000000E+00  0.00000000000000E+00  0.00000000000000E+00  0.00000000000000E+00  0.00000000000000E+00  0.00000000000000E+00  0.00000000000000E+00
  -0.11465798858706E+07  0.25131006648080E+06 -0.25744095970919E+05 -0.34241121627352E+06  0.64263435505267E+05 -0.36154049708027E+05 -0.44803870043293E+05 -0.58619781134062E+06  0.12635181961245E+06  0.21083928185793E+05 -0.32558868768189E+04  0.18870152233467E-09  0.33949834223404E-10 -0.41189487473671E-12  0.41619040733903E+04 -0.40314332244383E+03  0.62215927143433E+04  0.32677123146931E+04 -0.17789393224314E+07  0.40856948488197E+05  0.15128062646802E+05  0.64761644007265E+04  0.58080969734784E+03 -0.58308578987284E+04  0.48061049298409E+05  0.11568428418069E+05  0.42913545892596E+03 -0.19258262297858E+04  0.29785181952115E+05  0.85096423395190E+04  0.00000000000000E+00  0.00000000000000E+00  0.00000000000000E+00  0.00000000000000E+00  0.92353567578203E+06  0.00000000000000E+00  0.00000000000000E+00  0.00000000000000E+00  0.00000000000000E+00  0.00000000000000E+00  0.00000000000000E+00  0.00000000000000E+00  0.00000000000000E+00  0.00000000000000E+00
  -0.21658754064877E+05  0.56424736474132E+04 -0.49336455588685E+03 -0.12259607122334E+04  0.31346563140306E+03  0.19903524088841E+01 -0.13080863215776E+03 -0.75909376948743E+05  0.22757416948617E+05  0.14004734609923E+04 -0.35726447621939E+03 -0.16215897640885E+04 -0.10167349122352E+03 -0.15322730774211E+01 -0.14524394756139E+04  0.16272595521866E+03 -0.14280962515997E+04 -0.74307675931831E+03 -0.10667947876927E+05  0.00000000000000E+00  0.00000000000000E+00  0.00000000000000E+00  0.00000000000000E+00  0.00000000000000E+00  0.00000000000000E+00  0.00000000000000E+00  0.00000000000000E+00  0.00000000000000E+00  0.00000000000000E+00  0.00000000000000E+00  0.00000000000000E+00  0.00000000000000E+00  0.00000000000000E+00  0.00000000000000E+00  0.00000000000000E+00  0.13685050926413E+05  0.00000000000000E+00  0.00000000000000E+00  0.00000000000000E+00  0.00000000000000E+00  0.00000000000000E+00  0.00000000000000E+00  0.00000000000000E+00  0.00000000000000E+00
  -0.49881535429289E+05  0.13199106833309E+05 -0.11384442369434E+04 -0.24519970711808E+04  0.60593042631851E+03 -0.28555085193881E+02 -0.25796678527225E+03 -0.17378731861771E+06  0.52158191695769E+05  0.31693644462521E+04 -0.81792983172809E+03 -0.42984347137968E+02 -0.10806452531176E+02 -0.12733460271897E-05 -0.30225820786018E+04  0.33535457979161E+03 -0.29845528405200E+04 -0.15487564523343E+04 -0.21318561095992E+05  0.00000000000000E+00  0.00000000000000E+00  0.00000000000000E+00  0.00000000000000E+00  0.00000000000000E+00  0.00000000000000E+00  0.00000000000000E+00  0.00000000000000E+00  0.00000000000000E+00  0.00000000000000E+00  0.00000000000000E+00  0.00000000000000E+00  0.00000000000000E+00  0.00000000000000E+00  0.00000000000000E+00  0.00000000000000E+00  0.00000000000000E+00  0.31647904857655E+05  0.00000000000000E+00  0.00000000000000E+00  0.00000000000000E+00  0.00000000000000E+00  0.00000000000000E+00  0.00000000000000E+00  0.00000000000000E+00
