# fitpack15: fit parameters                                                                         
# CJ15 AV18 final data choices                                                                      
# Created on 03/25/2020 at 19:03:19                                                                 

 # QCD setup
  INS                           0
  NVL                          11
  IORD                          1
  Q02                   1.6899999999999999     
  IPARAMC                      -7
  FLAVOR                4.0000000000000000     
  xmc                   1.3000000000000000     
  xmb                   4.5000000000000000     
  ncb                          12
  ihq                           1
  ias                           0

 # Theory corrections
  inuke                     10114
  itmc                          1
  iht                           2

 # fit parameters
 LAMBDA       0.22680        0.0000    
 a0uv          1.4452        0.0000    
 a1uv         0.50933       0.30074E-01
 a2uv          3.6206       0.11226E-01
 a3uv          0.0000        0.0000    
 a4uv          6.9234        1.1456    
 a5uv          0.0000        0.0000    
 a0dv          17.240        0.0000    
 a1dv          1.0724       0.36310E-01
 a2dv          6.2765       0.18772    
 a3dv         -3.4363       0.11638    
 a4dv          4.8566       0.17198    
 a5dv          0.0000        0.0000    
 a0ud         0.13602       0.48362E-02
 a1ud        -0.21504       0.38622E-02
 a2ud          9.1078       0.18290    
 a3ud          0.0000        0.0000    
 a4ud          19.478        1.4672    
 a5ud          0.0000        0.0000    
 a0du          35712.        0.0000    
 a1du          4.1684       0.13059    
 a2du          22.063        1.3395    
 a3du          17.000        0.0000    
 a4du          58.829        15.485    
 a0g           44.767        0.0000    
 a1g          0.59701       0.28860E-01
 a2g           6.0476       0.84266    
 a3g          -3.3683       0.12335    
 a4g           3.2347       0.27593    
 a5g           0.0000        0.0000    
 kappa        0.40000        0.0000    
 a6dv         0.14041E-02   0.13664E-02
 a7dv          2.0000        0.0000    
 off1         0.32622E-01   0.12061    
 off2         -2.2949       0.74330    
 off3          4.4143        1.0675    
 ht1          -4.5097        1.0604    
 ht2           2.3307       0.19544    
 ht3          -2.0697       0.25703E-01
 ht4           2.6518       0.14265    
 dummy41       0.0000        0.0000    
 dummy42       0.0000        0.0000    
 dummy43       0.0000        0.0000    
 dummy44       0.0000        0.0000    
 dummy45       0.0000        0.0000    
 dummy46       0.0000        0.0000    
 dummy47       0.0000        0.0000    
 dummy48       0.0000        0.0000    
 dummy49       0.0000        0.0000    
 bcdmsh2      0.97161       0.45490E-02
 bcdmsd2      0.99593       0.55307E-02
 ccfr          1.0000        0.0000    
 nutev         1.0000        0.0000    
 zeus         0.97998        0.0000    
 h1            1.0162        0.0000    
 e605          1.0319        0.0000    
 NmcH2         1.0083       0.69496E-02
 ntv_nu        1.0000        0.0000    
 ntv_nuba      1.0000        0.0000    
 cdf_jet      0.98910        0.0000    
 d0_jet       0.83504        0.0000    
 slac_p       0.99996       0.41761E-02
 slac_d        1.0005       0.44511E-02
 e866pp        1.0139       0.20319E-01
 e866pd       0.97362       0.17001E-01
 d0_gamje      1.0376       0.16512E-01
 h1b          0.97608        0.0000    
 jlab_p       0.98465       0.50896E-02
 jlab_d       0.97659       0.51504E-02
 blank         1.0000        0.0000    
 d0run2       0.94503       0.14757E-01
 cdfrun2      0.93225       0.17429E-01
 HERA_el       1.0000        0.0000    
 HERA_ps       1.0000        0.0000    
 CDF_Z        0.94735       0.62347E-02
 NmcRat        1.0000        0.0000    
 BNS_F2nd     0.94908       0.71798E-02
 HERMES_F     0.99393       0.51022E-02
 HERMES_F     0.97782       0.52388E-02
 e03103_p     0.99208       0.46319E-02
 e03103_d     0.97727       0.46851E-02
 e06009_d_c   0.96001       0.77162E-02
 e94110_p      1.0048       0.47531E-02
 e99118_p      1.0109       0.17471E-01
 e99118_d      1.0184       0.17711E-01
 jlcee96_p     1.0169       0.48736E-02
 jlcee96_d     1.0200       0.52537E-02
 END 0. 0.

 # Hessian matrix (Bevington alpha)
   0.77072307112146E+07 -0.17783288790006E+07  0.19428661041004E+06  0.87981314299194E+06 -0.22921686832304E+06  0.16973189778611E+05  0.11077288737932E+06  0.13535044672574E+07 -0.24000151760421E+06 -0.66358067333704E+05  0.79962997649305E+04  0.11548686420138E+05  0.12059094757074E+04 -0.10091477038433E+03  0.25318947328132E+03  0.90322345834543E+02  0.56183599959297E+04  0.17892096591633E+04  0.69937560800680E+07 -0.95894784806632E+05 -0.40595989002026E+05 -0.18605078261167E+05 -0.25646925998967E+05 -0.18510335872164E+05 -0.53689536716259E+06 -0.15002191592498E+06 -0.13800826720062E+06 -0.58093311902151E+05 -0.62392473171729E+04 -0.88323589510293E+06 -0.11297169941444E+07 -0.21270840026437E+05 -0.49083736920751E+05 -0.33723893744774E+04 -0.19516916315785E+06 -0.21065297907014E+06 -0.91922000006353E+04 -0.32658351570195E+04 -0.23017221599678E+05  0.19117712468710E+05 -0.79501677999629E+05 -0.62270911727269E+05 -0.31939344032313E+06 -0.52664479928967E+06 -0.19882701584123E+05 -0.34369580638982E+06 -0.48258227982525E+04 -0.37216917219584E+04 -0.23102410676327E+06 -0.17868450757862E+06
  -0.17783288790006E+07  0.48884043978470E+06 -0.44947928656548E+05 -0.20228970722685E+06  0.55893471983735E+05 -0.29764262789926E+03 -0.22840708175245E+05 -0.16617834167930E+06  0.32096585157122E+05  0.93555482044996E+04 -0.94321436500850E+03 -0.82306428249352E+03 -0.88028625296458E+02  0.11559542943702E+02  0.26951528643674E+04 -0.57291324695470E+03  0.15873407995100E+04  0.15556300788853E+04 -0.20459257204592E+07  0.22086660961667E+05  0.10411319059460E+05  0.51849113636416E+04  0.10927336032021E+05  0.16696420296047E+05  0.13953463757658E+06  0.56701193288294E+05  0.17003797719920E+05  0.82942746410807E+04 -0.13450583424991E+03  0.20092014537787E+06  0.24895475341391E+06  0.56014987454099E+04  0.13149368336658E+05  0.42401707416094E+03  0.58717461111435E+05  0.62780425826373E+05  0.23223351850088E+04  0.74098825124771E+03 -0.19396518328023E+04 -0.24369061247365E+04  0.87643250215980E+04  0.72714605280015E+04  0.76613093347640E+05  0.12552856138794E+06  0.15894783853436E+04  0.74875420440523E+05  0.60963646272031E+03  0.48231479374780E+03  0.42702840776693E+05  0.33108516258120E+05
   0.19428661041004E+06 -0.44947928656548E+05  0.49122608629429E+04  0.21681502665287E+05 -0.57619042598953E+04  0.25703245790478E+03  0.27252757439425E+04  0.28415047792315E+05 -0.48855779150519E+04 -0.15642647272817E+04  0.16974453342146E+03  0.23838144215191E+03  0.27377685704779E+02 -0.27613667461761E+01 -0.42451922340632E+03  0.48410525341463E+02 -0.25508114886142E+03 -0.16672952104114E+03  0.17594263994755E+06 -0.24018843585353E+04 -0.10196147849301E+04 -0.46757222234049E+03 -0.65042583168672E+03 -0.52560655362010E+03 -0.13536265215102E+05 -0.37590038432959E+04 -0.34064013137009E+04 -0.14270062918473E+04 -0.15178464688667E+02 -0.21790446038767E+05 -0.28012645658334E+05 -0.53724578431061E+03 -0.12425232758565E+04 -0.75318528678803E+02 -0.49147878047108E+04 -0.53057902126237E+04 -0.23031696426888E+03 -0.81808062309279E+02 -0.18423642538455E+03  0.48032508678469E+03 -0.17125064863609E+04 -0.13626170411861E+04 -0.80695713303367E+04 -0.13327374036313E+05 -0.50309406059552E+03 -0.87247978447372E+04 -0.11929567754853E+03 -0.92085907607459E+02 -0.58648297890363E+04 -0.45316856145784E+04
   0.87981314299194E+06 -0.20228970722685E+06  0.21681502665287E+05  0.51703276230866E+06 -0.88150397949305E+05  0.79528138090016E+05  0.74425615071334E+05  0.45674235286256E+06 -0.40665827726798E+05 -0.21805267368354E+05  0.31482274077080E+04 -0.12528512792443E+04 -0.12071596589920E+03  0.52083515438621E+02  0.29347543389698E+05 -0.34149494690310E+04  0.28236368913117E+05  0.15201702080908E+05  0.19160380967548E+07 -0.28127850784152E+05 -0.11097678204316E+05 -0.46648412196570E+04 -0.17777863779845E+04  0.45779187246501E+04 -0.96310429923434E+05 -0.15670148749979E+05 -0.13049917438034E+05 -0.21653619224020E+05 -0.16391009244257E+03 -0.65965492498188E+05 -0.34202070710495E+06 -0.12077328929204E+04 -0.24262689829329E+04 -0.69541348605760E+02 -0.10727223571321E+05 -0.46735405507390E+05 -0.23902814471966E+04 -0.93949433937102E+03 -0.10798971039220E+05 -0.18553909984793E+05 -0.75953804408809E+04 -0.22517050524388E+05 -0.22996081827075E+05 -0.15140370879737E+06 -0.91995230735793E+04 -0.27057568309259E+05 -0.48995005091149E+03 -0.14605078014228E+04 -0.20401194440920E+05 -0.61915233687548E+05
  -0.22921686832304E+06  0.55893471983735E+05 -0.57619042598953E+04 -0.88150397949305E+05  0.18105678364255E+05 -0.90440447953817E+04 -0.11971859071815E+05 -0.45549066567476E+05  0.19875688044158E+04  0.29733436710555E+04 -0.33069577250343E+03 -0.80839929446207E+01  0.38584652109950E+01 -0.45572607437065E+01 -0.22048808264817E+04  0.22733507793630E+03 -0.21057027228865E+04 -0.10615299638423E+04 -0.47298834585049E+06  0.57918590178980E+04  0.25239798044385E+04  0.11408319623906E+04  0.10071708452113E+04  0.99615360836713E+03  0.22992443992333E+05  0.55724449523504E+04  0.20426003864203E+04  0.34931800947648E+04 -0.52265194125877E+02  0.12698469909033E+05  0.66668106067294E+05  0.32490511655606E+03  0.63278130136220E+03  0.90622095808734E+01  0.30766291445905E+04  0.13210505563195E+05  0.50197225859681E+03  0.18384739900296E+03  0.36887646331441E+03  0.29312695675554E+04  0.86763510893978E+03  0.26724691847072E+04  0.52948776841388E+04  0.35688935859646E+05  0.13165816905053E+04  0.61499792200872E+04  0.74507773055730E+02  0.22529880956575E+03  0.41223654862760E+04  0.12491644320244E+05
   0.16973189778611E+05 -0.29764262789926E+03  0.25703245790478E+03  0.79528138090016E+05 -0.90440447953817E+04  0.19264028299476E+05  0.12646376174228E+05  0.11099427328200E+06 -0.11136777729220E+05 -0.43983351894983E+04  0.75983116102811E+03 -0.49416114203310E+03 -0.43363143312978E+02  0.14803034443130E+02  0.80238398471711E+04 -0.10073904101705E+04  0.78082769967617E+04  0.43878388623812E+04  0.91990212499222E+05 -0.27649050398936E+04 -0.78249014746866E+03 -0.22301092332759E+03  0.66745748242151E+03  0.32123066940787E+04 -0.50332800144416E+04  0.13457211692038E+04 -0.23217190642797E+04 -0.36384938610689E+04  0.88181737649648E+02 -0.83416088140274E+04 -0.40927692078923E+05 -0.14034066013930E+02 -0.59222427767348E+02 -0.15516446613944E+02  0.15110005295144E+02 -0.11099434280674E+03 -0.24190904505872E+03 -0.11647736386899E+03 -0.28039740645994E+04 -0.32588128659699E+04 -0.16697584430593E+04 -0.48265567843621E+04 -0.14325163617667E+04 -0.78681273162001E+04 -0.15552050927233E+04 -0.15655506673552E+04 -0.89178583200430E+02 -0.25997639692436E+03 -0.18366226672868E+04 -0.56646425635560E+04
   0.11077288737932E+06 -0.22840708175245E+05  0.27252757439425E+04  0.74425615071334E+05 -0.11971859071815E+05  0.12646376174228E+05  0.11179226721317E+05  0.65681631201186E+05 -0.46531126215006E+04 -0.33539360975226E+04  0.46465750402882E+03 -0.16782046248346E+03 -0.17713711979322E+02  0.78032545134442E+01  0.39261286358990E+04 -0.47826256356592E+03  0.37038252596774E+04  0.20457791903114E+04  0.22729963949412E+06 -0.37567683462907E+04 -0.14163449271374E+04 -0.56044614863808E+03  0.62078085833492E+02  0.15054827076042E+04 -0.11884974023742E+05 -0.10156925490251E+04 -0.21376190100999E+04 -0.34138140382654E+04  0.10217747929870E+03 -0.93121971919784E+04 -0.48413386655495E+05 -0.14410852204033E+03 -0.28516042181228E+03 -0.11138011852766E+02 -0.10761183366513E+04 -0.47782074879515E+04 -0.33087507665636E+03 -0.13642281482859E+03 -0.11864437414409E+04 -0.31319242713370E+04 -0.10460222764308E+04 -0.31279164158159E+04 -0.29495601556450E+04 -0.18915379766349E+05 -0.15909519103643E+04 -0.34720717296992E+04 -0.80977913857085E+02 -0.24044817222698E+03 -0.28831256805535E+04 -0.87849659325491E+04
   0.13535044672574E+07 -0.16617834167930E+06  0.28415047792315E+05  0.45674235286256E+06 -0.45549066567476E+05  0.11099427328200E+06  0.65681631201186E+05  0.62124484978813E+07 -0.26100735759918E+07 -0.98876295342213E+05  0.25246262999231E+05  0.21738649212667E+05  0.14017075582327E+04  0.87984992211246E+02  0.96635628892408E+05 -0.12265175563638E+05  0.10721727186183E+06  0.57241364206650E+05  0.52983983253031E+06 -0.44025968207779E+05 -0.91493558316226E+04 -0.25299583450012E+04  0.86267456471968E+04  0.56093529966399E+05 -0.60635228785366E+05  0.94105477506243E+04 -0.63289985665521E+05 -0.49705367729054E+05 -0.77003807483318E+05 -0.30905620593746E+06 -0.58906353873504E+06 -0.75491349675219E+05 -0.17286274870339E+06 -0.15893058173930E+04 -0.41928996533682E+04 -0.82506810155329E+04  0.85756349999490E+03  0.50231967247279E+03 -0.29516651610362E+06 -0.91875500290001E+04 -0.15863878995999E+06 -0.19122808975235E+06 -0.30084444384995E+05 -0.67897876403731E+05 -0.11523882066880E+05 -0.30132890381797E+05 -0.23532201725410E+04 -0.29264361468324E+04 -0.33791328229308E+05 -0.43649267830320E+05
  -0.24000151760421E+06  0.32096585157122E+05 -0.48855779150519E+04 -0.40665827726798E+05  0.19875688044158E+04 -0.11136777729220E+05 -0.46531126215006E+04 -0.26100735759918E+07  0.19506366758589E+07  0.20932421749954E+05 -0.61009101179507E+04 -0.46390684605497E+04 -0.25081855326181E+03 -0.12223845285120E+02  0.46819725272343E+05 -0.22175591329532E+04  0.15865595736532E+05  0.80111498314977E+04  0.27439503884302E+03  0.10164591364090E+05  0.16948008072609E+04  0.40880757500324E+03 -0.18662241512474E+04 -0.12809606704448E+05  0.91715522229439E+04 -0.19615415385343E+04  0.11250690983508E+05  0.10410510540367E+05  0.26232137812672E+05  0.68943109495362E+05  0.12729259673359E+06  0.22640760431942E+05  0.51985218377532E+05  0.23042800046899E+03  0.49060195231444E+03  0.97344400712755E+03 -0.14006223500922E+04 -0.75183741335260E+03  0.11734495733125E+06  0.15944330834314E+04  0.47859238924292E+05  0.57249365922202E+05  0.42803012365893E+04  0.95061978897110E+04  0.18182427482664E+04  0.42395937070280E+04  0.45747185295532E+03  0.56877193618127E+03  0.50373331487760E+04  0.65935261216166E+04
  -0.66358067333704E+05  0.93555482044996E+04 -0.15642647272817E+04 -0.21805267368354E+05  0.29733436710555E+04 -0.43983351894983E+04 -0.33539360975226E+04 -0.98876295342213E+05  0.20932421749954E+05  0.27972665199411E+04 -0.55363451478538E+03 -0.48640314734485E+03 -0.40704007247500E+02 -0.14429867444576E+01 -0.38754728721150E+04  0.48169026703158E+03 -0.38235012685750E+04 -0.21401079491357E+04 -0.44446963096408E+05  0.15260807586941E+04  0.42816608650408E+03  0.14087871383221E+03 -0.26833663382166E+03 -0.16831870424866E+04  0.36362593211118E+04 -0.24261266518095E+03  0.25741522761647E+04  0.17402738769364E+04  0.75475617918902E+03  0.10442862397867E+05  0.21101110702226E+05  0.13912800346963E+04  0.31385921617809E+04  0.44704647837457E+02  0.36862600784367E+03  0.70121765756206E+03  0.10584149408567E+03  0.48508870138394E+02  0.31462367118396E+04  0.43262989154989E+03  0.29043299511513E+04  0.35780708545219E+04  0.18693209673493E+04  0.44400287105253E+04  0.61556251098129E+03  0.20156912008278E+04  0.93144744624197E+02  0.11590889975533E+03  0.20338562895610E+04  0.25735182454650E+04
   0.79962997649305E+04 -0.94321436500850E+03  0.16974453342146E+03  0.31482274077080E+04 -0.33069577250343E+03  0.75983116102811E+03  0.46465750402882E+03  0.25246262999231E+05 -0.61009101179507E+04 -0.55363451478538E+03  0.13218068807693E+03  0.12275913215236E+03  0.84308872105676E+01  0.48938146412050E+00  0.10753947635737E+04 -0.12044225482809E+03  0.10103138376165E+04  0.54604033687683E+03  0.40598994511616E+04 -0.23458113816940E+03 -0.52388775390879E+02 -0.14930900106887E+02  0.47793616424285E+02  0.30386532521714E+03 -0.36204462596750E+03  0.53333608794266E+02 -0.37263201494570E+03 -0.27689796026105E+03 -0.31173498811453E+03 -0.16808361705195E+04 -0.32370024240691E+04 -0.35232571341697E+03 -0.80580786083228E+03 -0.97903320916137E+01 -0.25601166343889E+02 -0.50465307352552E+02 -0.73613071792315E+01 -0.36766985929398E+01 -0.10260413931058E+04 -0.53782981831781E+02 -0.73969989203576E+03 -0.89606555972493E+03 -0.18175986048570E+03 -0.40985214194107E+03 -0.68530825147222E+02 -0.18110923956882E+03 -0.13429160574871E+02 -0.16700194428880E+02 -0.20206915868486E+03 -0.26063405021763E+03
   0.11548686420138E+05 -0.82306428249352E+03  0.23838144215191E+03 -0.12528512792443E+04 -0.80839929446207E+01 -0.49416114203310E+03 -0.16782046248346E+03  0.21738649212667E+05 -0.46390684605497E+04 -0.48640314734485E+03  0.12275913215236E+03  0.86058300092814E+03  0.55381245654065E+02 -0.10555893944893E+01  0.10091880323412E+04 -0.14694696699189E+03  0.12486287292164E+04  0.71706049752236E+03  0.28332484862292E+04  0.19482412758233E+03  0.18478814777098E+02  0.79988780689320E-01  0.31219276451996E+02  0.23726734707178E+03 -0.45961648437292E+02  0.25608194754154E+02 -0.71928712394925E+03  0.96312557877711E-11 -0.50458231465582E+03 -0.34684048748097E+04 -0.28621369683431E-09 -0.15509891817976E+04 -0.32303217065559E+02 -0.55588059235812E+02 -0.39849892889583E-01 -0.37594645938535E-11 -0.11909909168046E+01 -0.52087713775690E+00  0.12168612244799E+03  0.18200871486007E+03 -0.19740036277138E+04 -0.36047691145011E-11 -0.29392489356687E+02 -0.62251601666667E-10 -0.30916512203277E-10 -0.85202141199654E+01 -0.20048459688989E+02  0.18524249570580E-11 -0.24689686764481E+02 -0.60152408997645E-10
   0.12059094757074E+04 -0.88028625296458E+02  0.27377685704779E+02 -0.12071596589920E+03  0.38584652109950E+01 -0.43363143312978E+02 -0.17713711979322E+02  0.14017075582327E+04 -0.25081855326181E+03 -0.40704007247500E+02  0.84308872105676E+01  0.55381245654065E+02  0.46669412182418E+01 -0.11404942732111E+00  0.55140309220322E+02 -0.96120351721301E+01  0.74432560861022E+02  0.46009787023403E+02  0.13455773659208E+03  0.10264434405736E+02  0.13012215578439E+01  0.14177090094592E-01  0.36584984792104E+01  0.24574060504548E+02 -0.85891401009669E+01  0.37775696740501E+01 -0.97879897998459E+02 -0.74041482854477E-12 -0.19294560152781E+02 -0.37619640540627E+03 -0.15638234512225E-10 -0.93896616473062E+02 -0.78667261818579E+01 -0.42629035074259E+01 -0.27890606798244E-01 -0.46996429489928E-11 -0.11551008991519E+00 -0.46239153403098E-01  0.13687862782729E+02  0.38933423081160E+02 -0.13761962334281E+03  0.13931427799939E-11 -0.98332542395945E+01  0.20298225512432E-10 -0.24562889754853E-11 -0.36377979901500E+01 -0.34632137147945E+01  0.48216983272690E-12 -0.88687918931643E+01 -0.52787393995083E-11
  -0.10091477038433E+03  0.11559542943702E+02 -0.27613667461761E+01  0.52083515438621E+02 -0.45572607437065E+01  0.14803034443130E+02  0.78032545134442E+01  0.87984992211246E+02 -0.12223845285120E+02 -0.14429867444576E+01  0.48938146412050E+00 -0.10555893944893E+01 -0.11404942732111E+00  0.36367815864417E-01  0.11770706403189E+02 -0.88859202948250E+00  0.78682486630407E+01  0.37084457491262E+01  0.47487988950356E+02  0.11420813319193E+01 -0.34144841069464E-01 -0.16278551593327E-01 -0.42880965721043E-02  0.13623890625249E-01 -0.33791929559312E-02 -0.15374128243060E-01  0.53495862628696E-01 -0.80653763081586E-13 -0.45382347892130E+01 -0.41961625986573E+00 -0.11481384612669E-11 -0.19124980230060E+01 -0.31212573078541E-05 -0.99891635364406E-01  0.00000000000000E+00 -0.66625181584422E-13 -0.12053854134324E-02 -0.66616910819110E-03 -0.20407135028850E+01  0.69525631664768E-05 -0.20318879370219E+01  0.14552739226075E-12  0.67241095293702E-09  0.94598331009672E-12 -0.13160815868793E-12  0.32527153780333E-10 -0.91872204215561E-06  0.72874543618525E-13 -0.11238693170611E-08 -0.14517537772347E-12
   0.25318947328132E+03  0.26951528643674E+04 -0.42451922340632E+03  0.29347543389698E+05 -0.22048808264817E+04  0.80238398471711E+04  0.39261286358990E+04  0.96635628892408E+05  0.46819725272343E+05 -0.38754728721150E+04  0.10753947635737E+04  0.10091880323412E+04  0.55140309220322E+02  0.11770706403189E+02  0.51290489653276E+05 -0.49599384477122E+04  0.41179829989942E+05  0.21751696313238E+05  0.29195642191035E+05  0.27690789911901E+03  0.14415223267398E+03  0.60072237208987E+02 -0.50497049657296E+02 -0.34250815741007E+03  0.22941134032729E+04  0.34804565793607E+02 -0.29371976073539E+04 -0.19053897646061E+04 -0.25013867893149E+04  0.19707644019334E+04  0.43842515062897E+04 -0.14160228202199E+04 -0.29574710716480E+04 -0.74329877092620E+03  0.31640223954496E+03  0.53701105491818E+03 -0.30732154500517E+04 -0.16017349892008E+04 -0.21328036495075E+04  0.24141998115310E+03 -0.96220363901141E+03 -0.10837614573582E+04  0.88656062475195E+03  0.28385323893695E+04  0.43275314297571E+03  0.17960849635050E+04  0.54925389583464E+02  0.65867012764967E+02  0.16220010080849E+04  0.19836613384343E+04
   0.90322345834543E+02 -0.57291324695470E+03  0.48410525341463E+02 -0.34149494690310E+04  0.22733507793630E+03 -0.10073904101705E+04 -0.47826256356592E+03 -0.12265175563638E+05 -0.22175591329532E+04  0.48169026703158E+03 -0.12044225482809E+03 -0.14694696699189E+03 -0.96120351721301E+01 -0.88859202948250E+00 -0.49599384477122E+04  0.56463744603787E+03 -0.45782567305854E+04 -0.25194488235468E+04 -0.24099043565184E+04 -0.43310882846032E+02 -0.27916062594207E+02 -0.12902178875542E+02 -0.40383922966553E+01  0.59171582141599E+00 -0.51626083537877E+03 -0.39405431946722E+02  0.56941530515615E+03  0.35546381577913E+03  0.29525180249685E+03 -0.13519495161927E+03 -0.46381258141931E+03  0.15440250885293E+03  0.31904849349081E+03  0.85685205006346E+02 -0.87211516668151E+02 -0.14581182236320E+03  0.49873941855778E+03  0.24055295386026E+03 -0.39253124900058E+03 -0.43054043224085E+02  0.27877838771751E+03  0.31361614540603E+03 -0.19739718034018E+03 -0.66962896944220E+03 -0.84411880370766E+02 -0.42447377900738E+03 -0.86865831216911E+01 -0.10540894863128E+02 -0.35382485421110E+03 -0.42908859298182E+03
   0.56183599959297E+04  0.15873407995100E+04 -0.25508114886142E+03  0.28236368913117E+05 -0.21057027228865E+04  0.78082769967617E+04  0.37038252596774E+04  0.10721727186183E+06  0.15865595736532E+05 -0.38235012685750E+04  0.10103138376165E+04  0.12486287292164E+04  0.74432560861022E+02  0.78682486630407E+01  0.41179829989942E+05 -0.45782567305854E+04  0.38084311854229E+05  0.20691390345240E+05  0.31299791014107E+05  0.22853200415815E+03  0.13673552183081E+03  0.52131538334281E+02 -0.15097672288758E+03 -0.64445932277230E+03  0.19503811132778E+04 -0.26923624225019E+03 -0.32738805387180E+04 -0.20765814520915E+04 -0.28068735076361E+04  0.25331248439224E+04  0.56398021080197E+04 -0.13141116714724E+04 -0.27507426083753E+04 -0.70719055703353E+03  0.11084743563001E+03  0.20899327804887E+03 -0.31504146074649E+04 -0.16731032406885E+04  0.19740920465786E+04  0.35636159712178E+03 -0.20414434473612E+04 -0.22687358803998E+04  0.82442225148944E+03  0.21518949421964E+04  0.53720571651295E+03  0.13268807666503E+04  0.85426437668968E+02  0.10043087145026E+03  0.15572761984148E+04  0.19552270847671E+04
   0.17892096591633E+04  0.15556300788853E+04 -0.16672952104114E+03  0.15201702080908E+05 -0.10615299638423E+04  0.43878388623812E+04  0.20457791903114E+04  0.57241364206650E+05  0.80111498314977E+04 -0.21401079491357E+04  0.54604033687683E+03  0.71706049752236E+03  0.46009787023403E+02  0.37084457491262E+01  0.21751696313238E+05 -0.25194488235468E+04  0.20691390345240E+05  0.11399000226689E+05  0.14805583199035E+05  0.16028590804080E+03  0.10142028072396E+03  0.41941326794587E+02 -0.68743769660122E+02 -0.28398590390669E+03  0.16444916300271E+04 -0.10108200798666E+03 -0.22917118991458E+04 -0.14230616959421E+04 -0.14127135014050E+04  0.11523616176605E+04  0.30198784923686E+04 -0.67409028258002E+03 -0.14072490741389E+04 -0.39233214595081E+03  0.15131692838560E+03  0.26808700281515E+03 -0.20504068105605E+04 -0.10432730291201E+04  0.19269852176344E+04  0.24100349855937E+03 -0.13956607765078E+04 -0.15545490705413E+04  0.68093737353693E+03  0.19530190911399E+04  0.40066993219263E+03  0.12299044984652E+04  0.51605144977843E+02  0.61198773705791E+02  0.12823027204316E+04  0.15864179866107E+04
   0.69937560800680E+07 -0.20459257204592E+07  0.17594263994755E+06  0.19160380967548E+07 -0.47298834585049E+06  0.91990212499222E+05  0.22729963949412E+06  0.52983983253031E+06  0.27439503884302E+03 -0.44446963096408E+05  0.40598994511616E+04  0.28332484862292E+04  0.13455773659208E+03  0.47487988950356E+02  0.29195642191035E+05 -0.24099043565184E+04  0.31299791014107E+05  0.14805583199035E+05  0.17298029100448E+08 -0.16161387460659E+06 -0.79596985480417E+05 -0.40407279574713E+05 -0.61187058015317E+05 -0.99567910737423E+05 -0.71508093144679E+06 -0.31147559003762E+06 -0.23807674386056E+05 -0.52728222545682E+05  0.72962909334371E+03 -0.37366113505444E+06 -0.18162652383153E+07 -0.10858691477429E+05 -0.21847400660107E+05 -0.14077908564314E+03 -0.11779795482286E+06 -0.49889625980278E+06 -0.16427572734736E+05 -0.51929913757342E+04  0.12238229976627E+05 -0.34757556319912E+05 -0.14275407590176E+05 -0.43962857343410E+05 -0.14528660240939E+06 -0.94610513696793E+06 -0.46443650972076E+04 -0.13886723692926E+06 -0.92036998808456E+03 -0.28315583827799E+04 -0.74551947638357E+05 -0.22854218965134E+06
  -0.95894784806632E+05  0.22086660961667E+05 -0.24018843585353E+04 -0.28127850784152E+05  0.57918590178980E+04 -0.27649050398936E+04 -0.37567683462907E+04 -0.44025968207779E+05  0.10164591364090E+05  0.15260807586941E+04 -0.23458113816940E+03  0.19482412758233E+03  0.10264434405736E+02  0.11420813319193E+01  0.27690789911901E+03 -0.43310882846032E+02  0.22853200415815E+03  0.16028590804080E+03 -0.16161387460659E+06  0.39131569197286E+04  0.13738403642699E+04  0.58900080414024E+03  0.32505284439448E+03 -0.26053111509102E+03  0.88800591465437E+04  0.23747862865173E+04  0.00000000000000E+00  0.25820057788865E+04  0.00000000000000E+00  0.00000000000000E+00  0.41130075442709E+05  0.00000000000000E+00  0.00000000000000E+00  0.00000000000000E+00  0.00000000000000E+00  0.57874426132098E+04  0.00000000000000E+00  0.00000000000000E+00  0.00000000000000E+00 -0.17470577842054E+04  0.00000000000000E+00  0.42431676853117E+04  0.00000000000000E+00  0.15604449861869E+05  0.80040929735158E+03  0.00000000000000E+00  0.00000000000000E+00  0.15354941775141E+03  0.00000000000000E+00  0.57796411614437E+04
  -0.40595989002026E+05  0.10411319059460E+05 -0.10196147849301E+04 -0.11097678204316E+05  0.25239798044385E+04 -0.78249014746866E+03 -0.14163449271374E+04 -0.91493558316226E+04  0.16948008072609E+04  0.42816608650408E+03 -0.52388775390879E+02  0.18478814777098E+02  0.13012215578439E+01 -0.34144841069464E-01  0.14415223267398E+03 -0.27916062594207E+02  0.13673552183081E+03  0.10142028072396E+03 -0.79596985480417E+05  0.13738403642699E+04  0.58469524224671E+03  0.27268341203519E+03  0.23985491926441E+03  0.21576590535055E+03  0.40269080621245E+04  0.13947656918781E+04  0.00000000000000E+00  0.67027535168223E+03  0.00000000000000E+00  0.00000000000000E+00  0.15251559264650E+05  0.00000000000000E+00  0.00000000000000E+00  0.00000000000000E+00  0.00000000000000E+00  0.29006491143071E+04  0.00000000000000E+00  0.00000000000000E+00  0.00000000000000E+00 -0.54149620689231E+03  0.00000000000000E+00  0.88007865190841E+03  0.00000000000000E+00  0.68067479130397E+04  0.23347252586427E+03  0.00000000000000E+00  0.00000000000000E+00  0.46695928072716E+02  0.00000000000000E+00  0.22194317729419E+04
  -0.18605078261167E+05  0.51849113636416E+04 -0.46757222234049E+03 -0.46648412196570E+04  0.11408319623906E+04 -0.22301092332759E+03 -0.56044614863808E+03 -0.25299583450012E+04  0.40880757500324E+03  0.14087871383221E+03 -0.14930900106887E+02  0.79988780689320E-01  0.14177090094592E-01 -0.16278551593327E-01  0.60072237208987E+02 -0.12902178875542E+02  0.52131538334281E+02  0.41941326794587E+02 -0.40407279574713E+05  0.58900080414024E+03  0.27268341203519E+03  0.13455932079904E+03  0.14857738713068E+03  0.19908368933931E+03  0.19297543275844E+04  0.80781452186998E+03  0.00000000000000E+00  0.19558567323057E+03  0.00000000000000E+00  0.00000000000000E+00  0.65379838889825E+04  0.00000000000000E+00  0.00000000000000E+00  0.00000000000000E+00  0.00000000000000E+00  0.14913108453429E+04  0.00000000000000E+00  0.00000000000000E+00  0.00000000000000E+00 -0.17365698406787E+03  0.00000000000000E+00  0.25965287701285E+03  0.00000000000000E+00  0.30887474096267E+04  0.61736771926378E+02  0.00000000000000E+00  0.00000000000000E+00  0.15277861346167E+02  0.00000000000000E+00  0.87867278958584E+03
  -0.25646925998967E+05  0.10927336032021E+05 -0.65042583168672E+03 -0.17777863779845E+04  0.10071708452113E+04  0.66745748242151E+03  0.62078085833492E+02  0.86267456471968E+04 -0.18662241512474E+04 -0.26833663382166E+03  0.47793616424285E+02  0.31219276451996E+02  0.36584984792104E+01 -0.42880965721043E-02 -0.50497049657296E+02 -0.40383922966553E+01 -0.15097672288758E+03 -0.68743769660122E+02 -0.61187058015317E+05  0.32505284439448E+03  0.23985491926441E+03  0.14857738713068E+03  0.56188567567162E+03  0.13007518990854E+04  0.32877355732344E+04  0.24696976575813E+04 -0.72008021040014E+02 -0.43659394388234E+02  0.23220851786577E+01  0.80909638273915E+03  0.11441538655999E+04  0.00000000000000E+00  0.00000000000000E+00  0.00000000000000E+00  0.17293350785460E+04  0.27796652996795E+04  0.00000000000000E+00  0.00000000000000E+00  0.00000000000000E+00 -0.18083023454471E+03 -0.33009269141651E+03 -0.36520448755417E+03  0.10886802125412E+04  0.34755803372515E+04 -0.37659610850137E+03  0.11146346627412E+04 -0.32199582116390E+02 -0.34724779608638E+02 -0.14019150219925E+03 -0.88947979499375E+02
  -0.18510335872164E+05  0.16696420296047E+05 -0.52560655362010E+03  0.45779187246501E+04  0.99615360836713E+03  0.32123066940787E+04  0.15054827076042E+04  0.56093529966399E+05 -0.12809606704448E+05 -0.16831870424866E+04  0.30386532521714E+03  0.23726734707178E+03  0.24574060504548E+02  0.13623890625249E-01 -0.34250815741007E+03  0.59171582141599E+00 -0.64445932277230E+03 -0.28398590390669E+03 -0.99567910737423E+05 -0.26053111509102E+03  0.21576590535055E+03  0.19908368933931E+03  0.13007518990854E+04  0.40930595092883E+04  0.46031418139243E+04  0.46056152087352E+04 -0.25551196860728E+03 -0.18064414978743E+03 -0.49638346014334E+02 -0.70484474508795E+04 -0.12664285227866E+05  0.00000000000000E+00  0.00000000000000E+00  0.00000000000000E+00  0.32851784146703E+04  0.51642752842066E+04  0.00000000000000E+00  0.00000000000000E+00  0.00000000000000E+00 -0.83609472385456E+03 -0.25315171811892E+04 -0.27920743514276E+04  0.12065371078541E+04  0.58411373969456E+04 -0.12709832520890E+04  0.21743547998764E+04 -0.16576488936521E+03 -0.18178285071565E+03 -0.11635087585534E+04 -0.13200420785278E+04
  -0.53689536716259E+06  0.13953463757658E+06 -0.13536265215102E+05 -0.96310429923434E+05  0.22992443992333E+05 -0.50332800144416E+04 -0.11884974023742E+05 -0.60635228785366E+05  0.91715522229439E+04  0.36362593211118E+04 -0.36204462596750E+03 -0.45961648437292E+02 -0.85891401009669E+01 -0.33791929559312E-02  0.22941134032729E+04 -0.51626083537877E+03  0.19503811132778E+04  0.16444916300271E+04 -0.71508093144679E+06  0.88800591465437E+04  0.40269080621245E+04  0.19297543275844E+04  0.32877355732344E+04  0.46031418139243E+04  0.53185502124462E+05  0.17166983839753E+05  0.25575129355747E+03  0.19272411058820E+03  0.26181743917004E+00  0.43164828354097E+05  0.85487895913062E+05  0.00000000000000E+00  0.00000000000000E+00  0.00000000000000E+00  0.16612917319637E+05  0.26821111722378E+05  0.00000000000000E+00  0.00000000000000E+00  0.00000000000000E+00  0.17650052033005E+04  0.18400792573091E+04  0.22412221507051E+04  0.21386215242661E+05  0.63320992174086E+05  0.19990337250467E+04  0.31479609722562E+05  0.32976939865457E+03  0.39334457419956E+03  0.19441131217192E+05  0.22955209245211E+05
  -0.15002191592498E+06  0.56701193288294E+05 -0.37590038432959E+04 -0.15670148749979E+05  0.55724449523504E+04  0.13457211692038E+04 -0.10156925490251E+04  0.94105477506243E+04 -0.19615415385343E+04 -0.24261266518095E+03  0.53333608794266E+02  0.25608194754154E+02  0.37775696740501E+01 -0.15374128243060E-01  0.34804565793607E+02 -0.39405431946722E+02 -0.26923624225019E+03 -0.10108200798666E+03 -0.31147559003762E+06  0.23747862865173E+04  0.13947656918781E+04  0.80781452186998E+03  0.24696976575813E+04  0.46056152087352E+04  0.17166983839753E+05  0.12174730664338E+05 -0.24404114613621E+03 -0.13198428322553E+03  0.12536890938263E+02  0.12142717942774E+05  0.19954320909653E+05  0.00000000000000E+00  0.00000000000000E+00  0.00000000000000E+00  0.78889926007726E+04  0.12964824087049E+05  0.00000000000000E+00  0.00000000000000E+00  0.00000000000000E+00 -0.33575203671906E+03 -0.20043172425855E+03 -0.21225697873731E+03  0.58373384658167E+04  0.16410856600245E+05 -0.10841564971123E+04  0.47196480169814E+04 -0.53683609872847E+02 -0.55105015148063E+02  0.24424409807381E+03  0.72943627043174E+03
  -0.13800826720062E+06  0.17003797719920E+05 -0.34064013137009E+04 -0.13049917438034E+05  0.20426003864203E+04 -0.23217190642797E+04 -0.21376190100999E+04 -0.63289985665521E+05  0.11250690983508E+05  0.25741522761647E+04 -0.37263201494570E+03 -0.71928712394925E+03 -0.97879897998459E+02  0.53495862628696E-01 -0.29371976073539E+04  0.56941530515615E+03 -0.32738805387180E+04 -0.22917118991458E+04 -0.23807674386056E+05  0.00000000000000E+00  0.00000000000000E+00  0.00000000000000E+00 -0.72008021040014E+02 -0.25551196860728E+03  0.25575129355747E+03 -0.24404114613621E+03  0.11658723322158E+06  0.00000000000000E+00  0.00000000000000E+00  0.00000000000000E+00  0.00000000000000E+00  0.00000000000000E+00  0.00000000000000E+00  0.00000000000000E+00  0.00000000000000E+00  0.00000000000000E+00  0.00000000000000E+00  0.00000000000000E+00  0.00000000000000E+00  0.00000000000000E+00  0.00000000000000E+00  0.00000000000000E+00  0.00000000000000E+00  0.00000000000000E+00  0.00000000000000E+00  0.00000000000000E+00  0.00000000000000E+00  0.00000000000000E+00  0.00000000000000E+00  0.00000000000000E+00
  -0.58093311902151E+05  0.82942746410807E+04 -0.14270062918473E+04 -0.21653619224020E+05  0.34931800947648E+04 -0.36384938610689E+04 -0.34138140382654E+04 -0.49705367729054E+05  0.10410510540367E+05  0.17402738769364E+04 -0.27689796026105E+03  0.96312557877711E-11 -0.74041482854477E-12 -0.80653763081586E-13 -0.19053897646061E+04  0.35546381577913E+03 -0.20765814520915E+04 -0.14230616959421E+04 -0.52728222545682E+05  0.25820057788865E+04  0.67027535168223E+03  0.19558567323057E+03 -0.43659394388234E+02 -0.18064414978743E+03  0.19272411058820E+03 -0.13198428322553E+03  0.00000000000000E+00  0.64262405402869E+05  0.00000000000000E+00  0.00000000000000E+00  0.00000000000000E+00  0.00000000000000E+00  0.00000000000000E+00  0.00000000000000E+00  0.00000000000000E+00  0.00000000000000E+00  0.00000000000000E+00  0.00000000000000E+00  0.00000000000000E+00  0.00000000000000E+00  0.00000000000000E+00  0.00000000000000E+00  0.00000000000000E+00  0.00000000000000E+00  0.00000000000000E+00  0.00000000000000E+00  0.00000000000000E+00  0.00000000000000E+00  0.00000000000000E+00  0.00000000000000E+00
  -0.62392473171729E+04 -0.13450583424991E+03 -0.15178464688667E+02 -0.16391009244257E+03 -0.52265194125877E+02  0.88181737649648E+02  0.10217747929870E+03 -0.77003807483318E+05  0.26232137812672E+05  0.75475617918902E+03 -0.31173498811453E+03 -0.50458231465582E+03 -0.19294560152781E+02 -0.45382347892130E+01 -0.25013867893149E+04  0.29525180249685E+03 -0.28068735076361E+04 -0.14127135014050E+04  0.72962909334371E+03  0.00000000000000E+00  0.00000000000000E+00  0.00000000000000E+00  0.23220851786577E+01 -0.49638346014334E+02  0.26181743917004E+00  0.12536890938263E+02  0.00000000000000E+00  0.00000000000000E+00  0.30712376261157E+05  0.00000000000000E+00  0.00000000000000E+00  0.00000000000000E+00  0.00000000000000E+00  0.00000000000000E+00  0.00000000000000E+00  0.00000000000000E+00  0.00000000000000E+00  0.00000000000000E+00  0.00000000000000E+00  0.00000000000000E+00  0.00000000000000E+00  0.00000000000000E+00  0.00000000000000E+00  0.00000000000000E+00  0.00000000000000E+00  0.00000000000000E+00  0.00000000000000E+00  0.00000000000000E+00  0.00000000000000E+00  0.00000000000000E+00
  -0.88323589510293E+06  0.20092014537787E+06 -0.21790446038767E+05 -0.65965492498188E+05  0.12698469909033E+05 -0.83416088140274E+04 -0.93121971919784E+04 -0.30905620593746E+06  0.68943109495362E+05  0.10442862397867E+05 -0.16808361705195E+04 -0.34684048748097E+04 -0.37619640540627E+03 -0.41961625986573E+00  0.19707644019334E+04 -0.13519495161927E+03  0.25331248439224E+04  0.11523616176605E+04 -0.37366113505444E+06  0.00000000000000E+00  0.00000000000000E+00  0.00000000000000E+00  0.80909638273915E+03 -0.70484474508795E+04  0.43164828354097E+05  0.12142717942774E+05  0.00000000000000E+00  0.00000000000000E+00  0.00000000000000E+00  0.58311284361978E+06  0.00000000000000E+00  0.00000000000000E+00  0.00000000000000E+00  0.00000000000000E+00  0.00000000000000E+00  0.00000000000000E+00  0.00000000000000E+00  0.00000000000000E+00  0.00000000000000E+00  0.00000000000000E+00  0.00000000000000E+00  0.00000000000000E+00  0.00000000000000E+00  0.00000000000000E+00  0.00000000000000E+00  0.00000000000000E+00  0.00000000000000E+00  0.00000000000000E+00  0.00000000000000E+00  0.00000000000000E+00
  -0.11297169941444E+07  0.24895475341391E+06 -0.28012645658334E+05 -0.34202070710495E+06  0.66668106067294E+05 -0.40927692078923E+05 -0.48413386655495E+05 -0.58906353873504E+06  0.12729259673359E+06  0.21101110702226E+05 -0.32370024240691E+04 -0.28621369683431E-09 -0.15638234512225E-10 -0.11481384612669E-11  0.43842515062897E+04 -0.46381258141931E+03  0.56398021080197E+04  0.30198784923686E+04 -0.18162652383153E+07  0.41130075442709E+05  0.15251559264650E+05  0.65379838889825E+04  0.11441538655999E+04 -0.12664285227866E+05  0.85487895913062E+05  0.19954320909653E+05  0.00000000000000E+00  0.00000000000000E+00  0.00000000000000E+00  0.00000000000000E+00  0.92504904857434E+06  0.00000000000000E+00  0.00000000000000E+00  0.00000000000000E+00  0.00000000000000E+00  0.00000000000000E+00  0.00000000000000E+00  0.00000000000000E+00  0.00000000000000E+00  0.00000000000000E+00  0.00000000000000E+00  0.00000000000000E+00  0.00000000000000E+00  0.00000000000000E+00  0.00000000000000E+00  0.00000000000000E+00  0.00000000000000E+00  0.00000000000000E+00  0.00000000000000E+00  0.00000000000000E+00
  -0.21270840026437E+05  0.56014987454099E+04 -0.53724578431061E+03 -0.12077328929204E+04  0.32490511655606E+03 -0.14034066013930E+02 -0.14410852204033E+03 -0.75491349675219E+05  0.22640760431942E+05  0.13912800346963E+04 -0.35232571341697E+03 -0.15509891817976E+04 -0.93896616473062E+02 -0.19124980230060E+01 -0.14160228202199E+04  0.15440250885293E+03 -0.13141116714724E+04 -0.67409028258002E+03 -0.10858691477429E+05  0.00000000000000E+00  0.00000000000000E+00  0.00000000000000E+00  0.00000000000000E+00  0.00000000000000E+00  0.00000000000000E+00  0.00000000000000E+00  0.00000000000000E+00  0.00000000000000E+00  0.00000000000000E+00  0.00000000000000E+00  0.00000000000000E+00  0.13434854883683E+05  0.00000000000000E+00  0.00000000000000E+00  0.00000000000000E+00  0.00000000000000E+00  0.00000000000000E+00  0.00000000000000E+00  0.00000000000000E+00  0.00000000000000E+00  0.00000000000000E+00  0.00000000000000E+00  0.00000000000000E+00  0.00000000000000E+00  0.00000000000000E+00  0.00000000000000E+00  0.00000000000000E+00  0.00000000000000E+00  0.00000000000000E+00  0.00000000000000E+00
