# fitpack15: fit parameters                                                                         
# CJ15 AV18 final data choices                                                                      
# Created on 03/25/2020 at 03:09:12                                                                 

 # QCD setup
  INS                           0
  NVL                          11
  IORD                          1
  Q02                   1.6899999999999999     
  IPARAMC                      -7
  FLAVOR                5.0000000000000000     
  xmc                   1.3000000000000000     
  xmb                   4.5000000000000000     
  ncb                          12
  ihq                           1
  ias                           0

 # Theory corrections
  inuke                     10114
  itmc                          1
  iht                           2

 # fit parameters
 LAMBDA       0.22680        0.0000    
 a0uv          1.4324        0.0000    
 a1uv         0.50615       0.30535E-01
 a2uv          3.6134       0.11944E-01
 a3uv          0.0000        0.0000    
 a4uv          6.9032        1.1549    
 a5uv          0.0000        0.0000    
 a0dv          16.001        0.0000    
 a1dv          1.0532       0.38890E-01
 a2dv          6.2626       0.20069    
 a3dv         -3.4253       0.12734    
 a4dv          4.9138       0.18625    
 a5dv          0.0000        0.0000    
 a0ud         0.13611       0.49040E-02
 a1ud        -0.21473       0.38961E-02
 a2ud          9.0443       0.18382    
 a3ud          0.0000        0.0000    
 a4ud          19.145        1.4554    
 a5ud          0.0000        0.0000    
 a0du          35712.        0.0000    
 a1du          4.1537       0.12720    
 a2du          21.967        1.3065    
 a3du          17.000        0.0000    
 a4du          57.569        15.168    
 a0g           41.205        0.0000    
 a1g          0.58222       0.28370E-01
 a2g           5.6440       0.80871    
 a3g          -3.3194       0.12019    
 a4g           3.1088       0.25836    
 a5g           0.0000        0.0000    
 kappa        0.40000        0.0000    
 a6dv         0.19856E-02   0.14807E-02
 a7dv          2.0000        0.0000    
 off1         0.28605E-01   0.12061    
 off2         -1.9813       0.75323    
 off3          3.9236        1.0924    
 ht1          -5.2552        1.4693    
 ht2           2.4832       0.22947    
 ht3          -2.1111       0.30332E-01
 ht4           2.7609       0.16291    
 dummy41       0.0000        0.0000    
 dummy42       0.0000        0.0000    
 dummy43       0.0000        0.0000    
 dummy44       0.0000        0.0000    
 dummy45       0.0000        0.0000    
 dummy46       0.0000        0.0000    
 dummy47       0.0000        0.0000    
 dummy48       0.0000        0.0000    
 dummy49       0.0000        0.0000    
 bcdmsh2      0.96875       0.51449E-02
 bcdmsd2      0.99171       0.61311E-02
 ccfr          1.0000        0.0000    
 nutev         1.0000        0.0000    
 zeus         0.97998        0.0000    
 h1            1.0162        0.0000    
 e605          1.0319        0.0000    
 NmcH2         1.0060       0.73211E-02
 ntv_nu        1.0000        0.0000    
 ntv_nuba      1.0000        0.0000    
 cdf_jet      0.98910        0.0000    
 d0_jet       0.83504        0.0000    
 slac_p       0.99995       0.53838E-02
 slac_d       0.99960       0.58292E-02
 e866pp        1.0072       0.21022E-01
 e866pd       0.96962       0.17868E-01
 d0_gamje      1.0364       0.16517E-01
 h1b          0.97608        0.0000    
 blank         1.0000        0.0000    
 d0run2       0.95056       0.15428E-01
 cdfrun2      0.93683       0.17880E-01
 HERA_el       1.0000        0.0000    
 HERA_ps       1.0000        0.0000    
 CDF_Z        0.94392       0.69709E-02
 NmcRat        1.0000        0.0000    
 HERMES_F     0.99292       0.60006E-02
 HERMES_F     0.97598       0.62305E-02
 BNS_F2nd     0.95354       0.73029E-02
 END 0. 0.

 # Hessian matrix (Bevington alpha)
   0.44539034087035E+07 -0.99235591500388E+06  0.11203230702576E+06  0.36163414146399E+06 -0.10451211844020E+06 -0.11812108766191E+05  0.43260196969003E+05  0.10346879642553E+07 -0.19501059309031E+06 -0.45616159759895E+05  0.61655611864433E+04  0.11930476844843E+05  0.12227305269982E+04 -0.10308398150155E+03  0.16749707369870E+05 -0.38538747524118E+04  0.20414998758203E+05  0.14569448223733E+05  0.33547564405078E+07 -0.56121751547316E+05 -0.22971779140662E+05 -0.10468800726551E+05 -0.87136564139027E+04  0.27574457616593E+04 -0.20315487086145E+06 -0.71760177429202E+05 -0.13914278953122E+06 -0.58601700138111E+05 -0.63467020445086E+04 -0.88598904912540E+06 -0.11346872348792E+07 -0.21473833646467E+05 -0.49473784992267E+05 -0.33828034606032E+04 -0.90867809234217E+04 -0.32278009573958E+04 -0.23687702699318E+05 -0.80123489599771E+05 -0.62750892626079E+05  0.19050983055224E+05
  -0.99235591500388E+06  0.28366775926321E+06 -0.25106279930024E+05 -0.85976117482860E+05  0.25898267435988E+05  0.39598079697321E+04 -0.86232200118456E+04 -0.11145973191467E+06  0.24664835581069E+05  0.55497851404741E+04 -0.62160935583855E+03 -0.84719560517876E+03 -0.87753089327671E+02  0.11788331194641E+02 -0.32134522418519E+03  0.18076310489186E+03 -0.37219633471797E+03 -0.38168524835598E+03 -0.10543756101194E+07  0.12581793309480E+05  0.59847223927256E+04  0.30499339370116E+04  0.46261022598002E+04  0.69267133796309E+04  0.56338852355594E+05  0.30701907705642E+05  0.17067431046385E+05  0.83288377146925E+04 -0.13622857123762E+03  0.20074610893470E+06  0.24933383911556E+06  0.56335252927626E+04  0.13203338507467E+05  0.42286280806278E+03  0.22967437173038E+04  0.73247971792455E+03 -0.19141014322560E+04  0.87900527281938E+04  0.72920619410398E+04 -0.24195663302820E+04
   0.11203230702576E+06 -0.25106279930024E+05  0.28328576942024E+04  0.85511827029251E+04 -0.26070697106686E+04 -0.46981819830157E+03  0.10170178647086E+04  0.20325683136447E+05 -0.37480557572214E+04 -0.10384379220463E+04  0.12285114151256E+03  0.24581292224025E+03  0.27684858960855E+02 -0.28301316232009E+01 -0.12500028306535E+02 -0.50265303298338E+02  0.92107558331309E+02  0.14113083420179E+03  0.84149960731865E+05 -0.13968541939226E+04 -0.57451739995925E+03 -0.26223762292538E+03 -0.22281850539468E+03  0.18973722307862E+02 -0.51023171809439E+04 -0.17916012388636E+04 -0.34338431076369E+04 -0.14392430281817E+04 -0.15725385608902E+02 -0.21866287220394E+05 -0.28146158356679E+05 -0.54270737545787E+03 -0.12533028237345E+04 -0.75480717112191E+02 -0.22795861604980E+03 -0.80954357335375E+02 -0.19297517114300E+03 -0.17245416702585E+04 -0.13719801444992E+04  0.47853053129318E+03
   0.36163414146399E+06 -0.85976117482860E+05  0.85511827029251E+04  0.39726718686039E+06 -0.59880976525434E+05  0.68438758561852E+05  0.56051692392031E+05  0.38575307318086E+06 -0.30060673872914E+05 -0.17328778171899E+05  0.27658121537959E+04 -0.13329680891439E+04 -0.13093189346562E+03  0.53660935783861E+02  0.33385010901549E+05 -0.43650084976593E+04  0.33735743297620E+05  0.19331199913209E+05  0.11426134115520E+07 -0.16729477803519E+05 -0.62700574769402E+04 -0.25354406941015E+04 -0.12473751235034E+03  0.53268429007984E+04 -0.38022287955024E+05 -0.59667650237032E+04 -0.13155783023171E+05 -0.21867422472940E+05 -0.18015024247687E+03 -0.66360549843308E+05 -0.34375816870688E+06 -0.12234961629559E+04 -0.24419270813343E+04 -0.67120804583004E+02 -0.23598417966223E+04 -0.92776673667726E+03 -0.11226520940924E+05 -0.76895681943640E+04 -0.22794455337826E+05 -0.18379394957866E+05
  -0.10451211844020E+06  0.25898267435988E+05 -0.26070697106686E+04 -0.59880976525434E+05  0.11188353620563E+05 -0.71471975773964E+04 -0.80281823291129E+04 -0.31826102924120E+05  0.57602530400994E+02  0.20702568764187E+04 -0.25180027851297E+03 -0.31645427617233E+01  0.48201228100373E+01 -0.46690109665143E+01 -0.29140891361913E+04  0.40273374992041E+03 -0.28138173537854E+04 -0.16593408095991E+04 -0.26760651821576E+06  0.30844004118847E+04  0.13289218304646E+04  0.59267569597307E+03  0.29156765603021E+03  0.17217764443410E+02  0.86714007008094E+04  0.22534648637247E+04  0.20368336723532E+04  0.34824520913020E+04 -0.52383600188623E+02  0.12540090194615E+05  0.65860184426270E+05  0.32330343668771E+03  0.62427272275324E+03  0.85786301064448E+01  0.48788813729926E+03  0.17899943450765E+03  0.39974938547085E+03  0.86540545056252E+03  0.26644719076206E+04  0.28759527305708E+04
  -0.11812108766191E+05  0.39598079697321E+04 -0.46981819830157E+03  0.68438758561852E+05 -0.71471975773964E+04  0.16734491779740E+05  0.10416086056753E+05  0.98411723561223E+05 -0.94992488653625E+04 -0.37415611203395E+04  0.69020257472807E+03 -0.50333879425324E+03 -0.44415745851998E+02  0.14591158440880E+02  0.81492800081703E+04 -0.10674566945102E+04  0.85249898292715E+04  0.48963333305411E+04  0.62023618574949E+05 -0.19676829680988E+04 -0.51236769948856E+03 -0.13044319492035E+03  0.35734831114394E+03  0.21300478226039E+04 -0.21609563089997E+04  0.79358807382084E+03 -0.21963749114784E+04 -0.34498022884778E+04  0.75160394534798E+02 -0.77958064926561E+04 -0.38153516993163E+05 -0.78630184310834E+01 -0.47608248071563E+02 -0.14313035954674E+02 -0.21672210987283E+03 -0.10583687828444E+03 -0.27873689457699E+04 -0.16112716913378E+04 -0.46544896119065E+04 -0.30153153016473E+04
   0.43260196969003E+05 -0.86232200118456E+04  0.10170178647086E+04  0.56051692392031E+05 -0.80281823291129E+04  0.10416086056753E+05  0.82323843668497E+04  0.52588546423361E+05 -0.29195067913008E+04 -0.25743944137581E+04  0.38923924145306E+03 -0.17449661822118E+03 -0.18655980434130E+02  0.77267858330571E+01  0.43226242665410E+04 -0.58707496150426E+03  0.43530686096637E+04  0.25548449702016E+04  0.13077520052206E+06 -0.21863893421364E+04 -0.78024142869369E+03 -0.29150410857552E+03  0.11393798002077E+03  0.11680949673290E+04 -0.45231578606207E+04 -0.22675370340580E+03 -0.20478772885520E+04 -0.32740552962758E+04  0.96109099319080E+02 -0.88612354448639E+04 -0.46036511931007E+05 -0.13716401563363E+03 -0.26980240767352E+03 -0.10282703941821E+02 -0.30796479599684E+03 -0.12738796070972E+03 -0.11878214936805E+04 -0.10113358985658E+04 -0.30218781815961E+04 -0.29434305674180E+04
   0.10346879642553E+07 -0.11145973191467E+06  0.20325683136447E+05  0.38575307318086E+06 -0.31826102924120E+05  0.98411723561223E+05  0.52588546423361E+05  0.60739435108733E+07 -0.25778174997252E+07 -0.93595908923940E+05  0.24814276230768E+05  0.22198434324138E+05  0.14238601894616E+04  0.90813953578425E+02  0.98227268983145E+05 -0.12973447842238E+05  0.11556049027267E+06  0.62872879344049E+05  0.28308536951870E+06 -0.38261555603413E+05 -0.71093981136380E+04 -0.17746389582302E+04  0.55049829178993E+04  0.43119656366844E+05 -0.29047367986389E+05  0.66274142149308E+04 -0.63624452065938E+05 -0.50140128478103E+05 -0.76707740755205E+05 -0.30907708402893E+06 -0.59105175384177E+06 -0.75662087412017E+05 -0.17303899932202E+06 -0.15624321174147E+04  0.99628022382065E+03  0.55936603666455E+03 -0.29559813942453E+06 -0.15796730668548E+06 -0.19105606475832E+06 -0.91039565620541E+04
  -0.19501059309031E+06  0.24664835581069E+05 -0.37480557572214E+04 -0.30060673872914E+05  0.57602530400994E+02 -0.94992488653625E+04 -0.29195067913008E+04 -0.25778174997252E+07  0.19384247029171E+07  0.20049681134411E+05 -0.60298552547403E+04 -0.47308818285176E+04 -0.25432106436087E+03 -0.12616689808523E+02  0.47775381545240E+05 -0.22829891315617E+04  0.17094785623336E+05  0.86816373936782E+04  0.28096963718666E+05  0.93155523374503E+04  0.14036256709867E+04  0.30439685649471E+03 -0.12103167520244E+04 -0.99986493032066E+04  0.46482601846114E+04 -0.13723114358769E+04  0.11269580196253E+05  0.10479430178705E+05  0.26150371970527E+05  0.68814393350078E+05  0.12749341389601E+06  0.22672921323909E+05  0.52000016517154E+05  0.22125588652565E+03 -0.14441042696355E+04 -0.76929062912051E+03  0.11751865608249E+06  0.47644313280960E+05  0.57180876693852E+05  0.15777416762657E+04
  -0.45616159759895E+05  0.55497851404741E+04 -0.10384379220463E+04 -0.17328778171899E+05  0.20702568764187E+04 -0.37415611203395E+04 -0.25743944137581E+04 -0.93595908923940E+05  0.20049681134411E+05  0.25258690848225E+04 -0.52989086002604E+03 -0.49729162404838E+03 -0.41286183728889E+02 -0.14962065871156E+01 -0.40864673577168E+04  0.53528373114040E+03 -0.43119959699399E+04 -0.24777307674661E+04 -0.26095809859878E+05  0.11711331011969E+04  0.29589514656738E+03  0.89412590103050E+02 -0.16959815609148E+03 -0.12502573147995E+04  0.15769916834789E+04 -0.19826869689958E+03  0.26006834854001E+04  0.17626963769755E+04  0.75198583772423E+03  0.10505653671017E+05  0.21283316634667E+05  0.14032157522241E+04  0.31594292600491E+04  0.44354819409918E+02  0.10321069964756E+03  0.47400249951891E+02  0.31629953689658E+04  0.29034276233936E+04  0.35882899889517E+04  0.42970696248445E+03
   0.61655611864433E+04 -0.62160935583855E+03  0.12285114151256E+03  0.27658121537959E+04 -0.25180027851297E+03  0.69020257472807E+03  0.38923924145306E+03  0.24814276230768E+05 -0.60298552547403E+04 -0.52989086002604E+03  0.13136199017712E+03  0.12711844463870E+03  0.86951606128402E+01  0.51197981145945E+00  0.11073288371400E+04 -0.12816875727689E+03  0.11045731740415E+04  0.60618699167180E+03  0.25452757109540E+04 -0.20292302257224E+03 -0.40733398005956E+02 -0.10536230954243E+02  0.30791366462508E+02  0.23595767751243E+03 -0.17509390930404E+03  0.38060827701011E+02 -0.38069539096602E+03 -0.28365810297543E+03 -0.31350488846593E+03 -0.17066724581671E+04 -0.32978167306036E+04 -0.35784163183099E+03 -0.81738992509744E+03 -0.98071986006665E+01 -0.68781849460649E+01 -0.34864453722635E+01 -0.10393933451981E+04 -0.74626637824374E+03 -0.90713061626227E+03 -0.54139486663611E+02
   0.11930476844843E+05 -0.84719560517876E+03  0.24581292224025E+03 -0.13329680891439E+04 -0.31645427617233E+01 -0.50333879425324E+03 -0.17449661822118E+03  0.22198434324138E+05 -0.47308818285176E+04 -0.49729162404838E+03  0.12711844463870E+03  0.91727742589896E+03  0.58965912903066E+02 -0.10686790764130E+01  0.10552542270229E+04 -0.15617742687706E+03  0.13923861496656E+04  0.80064730546594E+03  0.26743188255956E+04  0.20133117895572E+03  0.19105356172512E+02  0.98610833147786E-01  0.22793368573277E+02  0.20352930612029E+03 -0.36635610948630E+02  0.21091299114798E+02 -0.74924822750864E+03 -0.36642735662582E-11 -0.52353770099499E+03 -0.35854836324221E+04  0.45964431191435E-09 -0.16170693056642E+04 -0.34247695176970E+02 -0.57540187042964E+02 -0.12130521838351E+01 -0.53116133381875E+00  0.12755519301569E+03 -0.20414884012378E+04 -0.11929076316568E-11  0.18845238573741E+03
   0.12227305269982E+04 -0.87753089327671E+02  0.27684858960855E+02 -0.13093189346562E+03  0.48201228100373E+01 -0.44415745851998E+02 -0.18655980434130E+02  0.14238601894616E+04 -0.25432106436087E+03 -0.41286183728889E+02  0.86951606128402E+01  0.58965912903066E+02  0.49714088069191E+01 -0.11974945468438E+00  0.58335844644106E+02 -0.10352884314760E+02  0.85459869350763E+02  0.52739602157089E+02  0.12071322487649E+03  0.10605185043121E+02  0.13480984090598E+01  0.16453161717413E-01  0.26134704498711E+01  0.20946035922228E+02 -0.60670665805883E+01  0.29225032545832E+01 -0.10242968933994E+03 -0.11915667415052E-13 -0.19994389360840E+02 -0.39051934105648E+03 -0.43660512422105E-10 -0.98001227723082E+02 -0.83712266047136E+01 -0.44183992934582E+01 -0.11807196963856E+00 -0.47291107805794E-01  0.14349556916355E+02 -0.14248939417241E+03 -0.51372236401564E-11  0.40401958980151E+02
  -0.10308398150155E+03  0.11788331194641E+02 -0.28301316232009E+01  0.53660935783861E+02 -0.46690109665143E+01  0.14591158440880E+02  0.77267858330571E+01  0.90813953578425E+02 -0.12616689808523E+02 -0.14962065871156E+01  0.51197981145945E+00 -0.10686790764130E+01 -0.11974945468438E+00  0.38399571633562E-01  0.12165593945299E+02 -0.93182192649367E+00  0.84129089105354E+01  0.40010189160813E+01  0.45441377103178E+02  0.11918261168524E+01 -0.33648700061388E-01 -0.16644811577607E-01 -0.42558975415554E-02  0.14417321316826E-02 -0.43111804518995E-02 -0.15370975173520E-01  0.56420821563198E-01 -0.11382573623640E-12 -0.47872680542987E+01 -0.46965949978412E+00 -0.11745141175176E-11 -0.20834823280146E+01 -0.42660797885886E-05 -0.10579796265904E+00 -0.12555196662440E-02 -0.69480032770281E-03 -0.20759467137729E+01 -0.21975441048337E+01  0.34930221376594E-13  0.10143436479999E-04
   0.16749707369870E+05 -0.32134522418519E+03 -0.12500028306535E+02  0.33385010901549E+05 -0.29140891361913E+04  0.81492800081703E+04  0.43226242665410E+04  0.98227268983145E+05  0.47775381545240E+05 -0.40864673577168E+04  0.11073288371400E+04  0.10552542270229E+04  0.58335844644106E+02  0.12165593945299E+02  0.51736925306638E+05 -0.50832205944638E+04  0.43683430443906E+05  0.23254231210925E+05  0.39741976954757E+05  0.13932219588930E+02  0.45809608780241E+02  0.21497268945286E+02 -0.24187183483446E+02 -0.17673562213852E+03  0.72733532502903E+03  0.48860366778757E+01 -0.30640001483346E+04 -0.19914628854831E+04 -0.25116652232253E+04  0.18850979861586E+04  0.42339867677612E+04 -0.14456906333431E+04 -0.30023363826508E+04 -0.75055346876387E+03 -0.31502125497275E+04 -0.16295523556534E+04 -0.20349413005795E+04 -0.10106174917833E+04 -0.11414928137001E+04  0.23248966992834E+03
  -0.38538747524118E+04  0.18076310489186E+03 -0.50265303298338E+02 -0.43650084976593E+04  0.40273374992041E+03 -0.10674566945102E+04 -0.58707496150426E+03 -0.12973447842238E+05 -0.22829891315617E+04  0.53528373114040E+03 -0.12816875727689E+03 -0.15617742687706E+03 -0.10352884314760E+02 -0.93182192649367E+00 -0.50832205944638E+04  0.58884151659688E+03 -0.49735941691209E+04 -0.27536112857162E+04 -0.55577264275893E+04  0.17454091292677E+02 -0.46294932412843E+01 -0.35108753332815E+01 -0.31161987529764E+01 -0.17105709209300E+02 -0.14721692553244E+03 -0.16983037904533E+02  0.60677842559855E+03  0.37995843612538E+03  0.29857268920871E+03 -0.10908791759345E+03 -0.41775031841355E+03  0.16123325079841E+03  0.33109315145975E+03  0.88070403164585E+02  0.52630436619145E+03  0.25115045565471E+03 -0.43114722147401E+03  0.29334272761000E+03  0.33085742964559E+03 -0.41312419782884E+02
   0.20414998758203E+05 -0.37219633471797E+03  0.92107558331309E+02  0.33735743297620E+05 -0.28138173537854E+04  0.85249898292715E+04  0.43530686096637E+04  0.11556049027267E+06  0.17094785623336E+05 -0.43119959699399E+04  0.11045731740415E+04  0.13923861496656E+04  0.85459869350763E+02  0.84129089105354E+01  0.43683430443906E+05 -0.49735941691209E+04  0.42915168706479E+05  0.23518061005626E+05  0.38572916999017E+05 -0.15634718791536E+01  0.67286247828538E+02  0.29125234908912E+02 -0.69362428027242E+02 -0.33934069903084E+03  0.89162153166344E+03 -0.13311634171219E+03 -0.37943259495307E+04 -0.23954846803029E+04 -0.29145018924351E+04  0.25785825782630E+04  0.60046448499462E+04 -0.13843716929126E+04 -0.28831226209290E+04 -0.75787263747926E+03 -0.35026392936610E+04 -0.18393125022061E+04  0.25119617600046E+04 -0.23272416381228E+04 -0.25914079048637E+04  0.40007068023926E+03
   0.14569448223733E+05 -0.38168524835598E+03  0.14113083420179E+03  0.19331199913209E+05 -0.16593408095991E+04  0.48963333305411E+04  0.25548449702016E+04  0.62872879344049E+05  0.86816373936782E+04 -0.24777307674661E+04  0.60618699167180E+03  0.80064730546594E+03  0.52739602157089E+02  0.40010189160813E+01  0.23254231210925E+05 -0.27536112857162E+04  0.23518061005626E+05  0.13053036439957E+05  0.22738212226165E+05 -0.36719798595996E+02  0.36756787340495E+02  0.18883246789470E+02 -0.24590941943077E+02 -0.93350886771783E+02  0.64875102031400E+03 -0.42439183451646E+02 -0.26366258809651E+04 -0.16348981692323E+04 -0.14705730883460E+04  0.11358852820902E+04  0.31642023277412E+04 -0.71747305242556E+03 -0.14893759243414E+04 -0.42301030092053E+03 -0.22923040465088E+04 -0.11529905154009E+04  0.22921425375073E+04 -0.15680272727606E+04 -0.17503137218228E+04  0.26425722592457E+03
   0.33547564405078E+07 -0.10543756101194E+07  0.84149960731865E+05  0.11426134115520E+07 -0.26760651821576E+06  0.62023618574949E+05  0.13077520052206E+06  0.28308536951870E+06  0.28096963718666E+05 -0.26095809859878E+05  0.25452757109540E+04  0.26743188255956E+04  0.12071322487649E+03  0.45441377103178E+02  0.39741976954757E+05 -0.55577264275893E+04  0.38572916999017E+05  0.22738212226165E+05  0.99061347663017E+07 -0.83469834691767E+05 -0.42418778266711E+05 -0.22142311621262E+05 -0.24374208799135E+05 -0.40614840600470E+05 -0.28300052089368E+06 -0.15686184228333E+06 -0.22124062322066E+05 -0.49107211085806E+05  0.69537087587541E+03 -0.34613807972019E+06 -0.16844063879822E+07 -0.10173737386169E+05 -0.20303942798600E+05 -0.12163950862914E+03 -0.15043987057124E+05 -0.47546249668906E+04  0.11075606017566E+05 -0.13279387544728E+05 -0.40906484730219E+05 -0.31815617426609E+05
  -0.56121751547316E+05  0.12581793309480E+05 -0.13968541939226E+04 -0.16729477803519E+05  0.30844004118847E+04 -0.19676829680988E+04 -0.21863893421364E+04 -0.38261555603413E+05  0.93155523374503E+04  0.11711331011969E+04 -0.20292302257224E+03  0.20133117895572E+03  0.10605185043121E+02  0.11918261168524E+01  0.13932219588930E+02  0.17454091292677E+02 -0.15634718791536E+01 -0.36719798595996E+02 -0.83469834691767E+05  0.27070583869874E+04  0.85153243004991E+03  0.35222897592793E+03  0.10401961711952E+03 -0.42635064067882E+03  0.38253395946183E+04  0.12283945485978E+04  0.00000000000000E+00  0.25952622180504E+04  0.00000000000000E+00  0.00000000000000E+00  0.41046824061498E+05  0.00000000000000E+00  0.00000000000000E+00  0.00000000000000E+00  0.00000000000000E+00  0.00000000000000E+00  0.00000000000000E+00  0.00000000000000E+00  0.42434024240974E+04 -0.17292276925045E+04
  -0.22971779140662E+05  0.59847223927256E+04 -0.57451739995925E+03 -0.62700574769402E+04  0.13289218304646E+04 -0.51236769948856E+03 -0.78024142869369E+03 -0.71093981136380E+04  0.14036256709867E+04  0.29589514656738E+03 -0.40733398005956E+02  0.19105356172512E+02  0.13480984090598E+01 -0.33648700061388E-01  0.45809608780241E+02 -0.46294932412843E+01  0.67286247828538E+02  0.36756787340495E+02 -0.42418778266711E+05  0.85153243004991E+03  0.35088335427537E+03  0.16358753757957E+03  0.98634918676369E+02  0.37285587007763E+02  0.17448011937493E+04  0.76307745959926E+03  0.00000000000000E+00  0.67323103542003E+03  0.00000000000000E+00  0.00000000000000E+00  0.15221818632964E+05  0.00000000000000E+00  0.00000000000000E+00  0.00000000000000E+00  0.00000000000000E+00  0.00000000000000E+00  0.00000000000000E+00  0.00000000000000E+00  0.88008722074547E+03 -0.53583551821022E+03
  -0.10468800726551E+05  0.30499339370116E+04 -0.26223762292538E+03 -0.25354406941015E+04  0.59267569597307E+03 -0.13044319492035E+03 -0.29150410857552E+03 -0.17746389582302E+04  0.30439685649471E+03  0.89412590103050E+02 -0.10536230954243E+02  0.98610833147786E-01  0.16453161717413E-01 -0.16644811577607E-01  0.21497268945286E+02 -0.35108753332815E+01  0.29125234908912E+02  0.18883246789470E+02 -0.22142311621262E+05  0.35222897592793E+03  0.16358753757957E+03  0.82365965873784E+02  0.66342868439349E+02  0.80699101363936E+02  0.85655116134478E+03  0.46292260769324E+03  0.00000000000000E+00  0.19638991901486E+03  0.00000000000000E+00  0.00000000000000E+00  0.65270238722882E+04  0.00000000000000E+00  0.00000000000000E+00  0.00000000000000E+00  0.00000000000000E+00  0.00000000000000E+00  0.00000000000000E+00  0.00000000000000E+00  0.25963347469631E+03 -0.17182267388322E+03
  -0.87136564139027E+04  0.46261022598002E+04 -0.22281850539468E+03 -0.12473751235034E+03  0.29156765603021E+03  0.35734831114394E+03  0.11393798002077E+03  0.55049829178993E+04 -0.12103167520244E+04 -0.16959815609148E+03  0.30791366462508E+02  0.22793368573277E+02  0.26134704498711E+01 -0.42558975415554E-02 -0.24187183483446E+02 -0.31161987529764E+01 -0.69362428027242E+02 -0.24590941943077E+02 -0.24374208799135E+05  0.10401961711952E+03  0.98634918676369E+02  0.66342868439349E+02  0.18826106976096E+03  0.50021213480370E+03  0.10519678744653E+04  0.10319266092483E+04 -0.56506998128759E+02 -0.33538313218948E+02  0.35262902092623E+01  0.10760740654046E+04  0.17360689926863E+04  0.00000000000000E+00  0.00000000000000E+00  0.00000000000000E+00  0.00000000000000E+00  0.00000000000000E+00  0.00000000000000E+00 -0.23194544698177E+03 -0.25601394315051E+03 -0.12989514839034E+03
   0.27574457616593E+04  0.69267133796309E+04  0.18973722307862E+02  0.53268429007984E+04  0.17217764443410E+02  0.21300478226039E+04  0.11680949673290E+04  0.43119656366844E+05 -0.99986493032066E+04 -0.12502573147995E+04  0.23595767751243E+03  0.20352930612029E+03  0.20946035922228E+02  0.14417321316826E-02 -0.17673562213852E+03 -0.17105709209300E+02 -0.33934069903084E+03 -0.93350886771783E+02 -0.40614840600470E+05 -0.42635064067882E+03  0.37285587007763E+02  0.80699101363936E+02  0.50021213480370E+03  0.20550140205886E+04  0.12835953929688E+04  0.19891460075897E+04 -0.22782812018531E+03 -0.15794074644894E+03 -0.20875480856436E+02 -0.51229395056828E+04 -0.90723586290785E+04  0.00000000000000E+00  0.00000000000000E+00  0.00000000000000E+00  0.00000000000000E+00  0.00000000000000E+00  0.00000000000000E+00 -0.21206117338535E+04 -0.23427260462773E+04 -0.70868412836507E+03
  -0.20315487086145E+06  0.56338852355594E+05 -0.51023171809439E+04 -0.38022287955024E+05  0.86714007008094E+04 -0.21609563089997E+04 -0.45231578606207E+04 -0.29047367986389E+05  0.46482601846114E+04  0.15769916834789E+04 -0.17509390930404E+03 -0.36635610948630E+02 -0.60670665805883E+01 -0.43111804518995E-02  0.72733532502903E+03 -0.14721692553244E+03  0.89162153166344E+03  0.64875102031400E+03 -0.28300052089368E+06  0.38253395946183E+04  0.17448011937493E+04  0.85655116134478E+03  0.10519678744653E+04  0.12835953929688E+04  0.16675660910182E+05  0.71601861698848E+04  0.24698459279408E+03  0.18638295130995E+03  0.15210458832937E+01  0.41541847272305E+05  0.82513038570195E+05  0.00000000000000E+00  0.00000000000000E+00  0.00000000000000E+00  0.00000000000000E+00  0.00000000000000E+00  0.00000000000000E+00  0.17479276279432E+04  0.21356459863637E+04  0.16505709210946E+04
  -0.71760177429202E+05  0.30701907705642E+05 -0.17916012388636E+04 -0.59667650237032E+04  0.22534648637247E+04  0.79358807382084E+03 -0.22675370340580E+03  0.66274142149308E+04 -0.13723114358769E+04 -0.19826869689958E+03  0.38060827701011E+02  0.21091299114798E+02  0.29225032545832E+01 -0.15370975173520E-01  0.48860366778757E+01 -0.16983037904533E+02 -0.13311634171219E+03 -0.42439183451646E+02 -0.15686184228333E+06  0.12283945485978E+04  0.76307745959926E+03  0.46292260769324E+03  0.10319266092483E+04  0.19891460075897E+04  0.71601861698848E+04  0.65403920773103E+04 -0.23260708905053E+03 -0.12372485444717E+03  0.12021897689851E+02  0.13191622264103E+05  0.22141647580227E+05  0.00000000000000E+00  0.00000000000000E+00  0.00000000000000E+00  0.00000000000000E+00  0.00000000000000E+00  0.00000000000000E+00 -0.12616984472188E+03 -0.12508670631537E+03 -0.27540972742126E+03
  -0.13914278953122E+06  0.17067431046385E+05 -0.34338431076369E+04 -0.13155783023171E+05  0.20368336723532E+04 -0.21963749114784E+04 -0.20478772885520E+04 -0.63624452065938E+05  0.11269580196253E+05  0.26006834854001E+04 -0.38069539096602E+03 -0.74924822750864E+03 -0.10242968933994E+03  0.56420821563198E-01 -0.30640001483346E+04  0.60677842559855E+03 -0.37943259495307E+04 -0.26366258809651E+04 -0.22124062322066E+05  0.00000000000000E+00  0.00000000000000E+00  0.00000000000000E+00 -0.56506998128759E+02 -0.22782812018531E+03  0.24698459279408E+03 -0.23260708905053E+03  0.11726774174223E+06  0.00000000000000E+00  0.00000000000000E+00  0.00000000000000E+00  0.00000000000000E+00  0.00000000000000E+00  0.00000000000000E+00  0.00000000000000E+00  0.00000000000000E+00  0.00000000000000E+00  0.00000000000000E+00  0.00000000000000E+00  0.00000000000000E+00  0.00000000000000E+00
  -0.58601700138111E+05  0.83288377146925E+04 -0.14392430281817E+04 -0.21867422472940E+05  0.34824520913020E+04 -0.34498022884778E+04 -0.32740552962758E+04 -0.50140128478103E+05  0.10479430178705E+05  0.17626963769755E+04 -0.28365810297543E+03 -0.36642735662582E-11 -0.11915667415052E-13 -0.11382573623640E-12 -0.19914628854831E+04  0.37995843612538E+03 -0.23954846803029E+04 -0.16348981692323E+04 -0.49107211085806E+05  0.25952622180504E+04  0.67323103542003E+03  0.19638991901486E+03 -0.33538313218948E+02 -0.15794074644894E+03  0.18638295130995E+03 -0.12372485444717E+03  0.00000000000000E+00  0.64792718211681E+05  0.00000000000000E+00  0.00000000000000E+00  0.00000000000000E+00  0.00000000000000E+00  0.00000000000000E+00  0.00000000000000E+00  0.00000000000000E+00  0.00000000000000E+00  0.00000000000000E+00  0.00000000000000E+00  0.00000000000000E+00  0.00000000000000E+00
  -0.63467020445086E+04 -0.13622857123762E+03 -0.15725385608902E+02 -0.18015024247687E+03 -0.52383600188623E+02  0.75160394534798E+02  0.96109099319080E+02 -0.76707740755205E+05  0.26150371970527E+05  0.75198583772423E+03 -0.31350488846593E+03 -0.52353770099499E+03 -0.19994389360840E+02 -0.47872680542987E+01 -0.25116652232253E+04  0.29857268920871E+03 -0.29145018924351E+04 -0.14705730883460E+04  0.69537087587541E+03  0.00000000000000E+00  0.00000000000000E+00  0.00000000000000E+00  0.35262902092623E+01 -0.20875480856436E+02  0.15210458832937E+01  0.12021897689851E+02  0.00000000000000E+00  0.00000000000000E+00  0.30829849351346E+05  0.00000000000000E+00  0.00000000000000E+00  0.00000000000000E+00  0.00000000000000E+00  0.00000000000000E+00  0.00000000000000E+00  0.00000000000000E+00  0.00000000000000E+00  0.00000000000000E+00  0.00000000000000E+00  0.00000000000000E+00
  -0.88598904912540E+06  0.20074610893470E+06 -0.21866287220394E+05 -0.66360549843308E+05  0.12540090194615E+05 -0.77958064926561E+04 -0.88612354448639E+04 -0.30907708402893E+06  0.68814393350078E+05  0.10505653671017E+05 -0.17066724581671E+04 -0.35854836324221E+04 -0.39051934105648E+03 -0.46965949978412E+00  0.18850979861586E+04 -0.10908791759345E+03  0.25785825782630E+04  0.11358852820902E+04 -0.34613807972019E+06  0.00000000000000E+00  0.00000000000000E+00  0.00000000000000E+00  0.10760740654046E+04 -0.51229395056828E+04  0.41541847272305E+05  0.13191622264103E+05  0.00000000000000E+00  0.00000000000000E+00  0.00000000000000E+00  0.58313793683918E+06  0.00000000000000E+00  0.00000000000000E+00  0.00000000000000E+00  0.00000000000000E+00  0.00000000000000E+00  0.00000000000000E+00  0.00000000000000E+00  0.00000000000000E+00  0.00000000000000E+00  0.00000000000000E+00
  -0.11346872348792E+07  0.24933383911556E+06 -0.28146158356679E+05 -0.34375816870688E+06  0.65860184426270E+05 -0.38153516993163E+05 -0.46036511931007E+05 -0.59105175384177E+06  0.12749341389601E+06  0.21283316634667E+05 -0.32978167306036E+04  0.45964431191435E-09 -0.43660512422105E-10 -0.11745141175176E-11  0.42339867677612E+04 -0.41775031841355E+03  0.60046448499462E+04  0.31642023277412E+04 -0.16844063879822E+07  0.41046824061498E+05  0.15221818632964E+05  0.65270238722882E+04  0.17360689926863E+04 -0.90723586290785E+04  0.82513038570195E+05  0.22141647580227E+05  0.00000000000000E+00  0.00000000000000E+00  0.00000000000000E+00  0.00000000000000E+00  0.92665532976452E+06  0.00000000000000E+00  0.00000000000000E+00  0.00000000000000E+00  0.00000000000000E+00  0.00000000000000E+00  0.00000000000000E+00  0.00000000000000E+00  0.00000000000000E+00  0.00000000000000E+00
  -0.21473833646467E+05  0.56335252927626E+04 -0.54270737545787E+03 -0.12234961629559E+04  0.32330343668771E+03 -0.78630184310834E+01 -0.13716401563363E+03 -0.75662087412017E+05  0.22672921323909E+05  0.14032157522241E+04 -0.35784163183099E+03 -0.16170693056642E+04 -0.98001227723082E+02 -0.20834823280146E+01 -0.14456906333431E+04  0.16123325079841E+03 -0.13843716929126E+04 -0.71747305242556E+03 -0.10173737386169E+05  0.00000000000000E+00  0.00000000000000E+00  0.00000000000000E+00  0.00000000000000E+00  0.00000000000000E+00  0.00000000000000E+00  0.00000000000000E+00  0.00000000000000E+00  0.00000000000000E+00  0.00000000000000E+00  0.00000000000000E+00  0.00000000000000E+00  0.13611545396206E+05  0.00000000000000E+00  0.00000000000000E+00  0.00000000000000E+00  0.00000000000000E+00  0.00000000000000E+00  0.00000000000000E+00  0.00000000000000E+00  0.00000000000000E+00
  -0.49473784992267E+05  0.13203338507467E+05 -0.12533028237345E+04 -0.24419270813343E+04  0.62427272275324E+03 -0.47608248071563E+02 -0.26980240767352E+03 -0.17303899932202E+06  0.52000016517154E+05  0.31594292600491E+04 -0.81738992509744E+03 -0.34247695176970E+02 -0.83712266047136E+01 -0.42660797885886E-05 -0.30023363826508E+04  0.33109315145975E+03 -0.28831226209290E+04 -0.14893759243414E+04 -0.20303942798600E+05  0.00000000000000E+00  0.00000000000000E+00  0.00000000000000E+00  0.00000000000000E+00  0.00000000000000E+00  0.00000000000000E+00  0.00000000000000E+00  0.00000000000000E+00  0.00000000000000E+00  0.00000000000000E+00  0.00000000000000E+00  0.00000000000000E+00  0.00000000000000E+00  0.31428062721541E+05  0.00000000000000E+00  0.00000000000000E+00  0.00000000000000E+00  0.00000000000000E+00  0.00000000000000E+00  0.00000000000000E+00  0.00000000000000E+00
  -0.33828034606032E+04  0.42286280806278E+03 -0.75480717112191E+02 -0.67120804583004E+02  0.85786301064448E+01 -0.14313035954674E+02 -0.10282703941821E+02 -0.15624321174147E+04  0.22125588652565E+03  0.44354819409918E+02 -0.98071986006665E+01 -0.57540187042964E+02 -0.44183992934582E+01 -0.10579796265904E+00 -0.75055346876387E+03  0.88070403164585E+02 -0.75787263747926E+03 -0.42301030092053E+03 -0.12163950862914E+03  0.00000000000000E+00  0.00000000000000E+00  0.00000000000000E+00  0.00000000000000E+00  0.00000000000000E+00  0.00000000000000E+00  0.00000000000000E+00  0.00000000000000E+00  0.00000000000000E+00  0.00000000000000E+00  0.00000000000000E+00  0.00000000000000E+00  0.00000000000000E+00  0.00000000000000E+00  0.37982891600815E+04  0.00000000000000E+00  0.00000000000000E+00  0.00000000000000E+00  0.00000000000000E+00  0.00000000000000E+00  0.00000000000000E+00
  -0.90867809234217E+04  0.22967437173038E+04 -0.22795861604980E+03 -0.23598417966223E+04  0.48788813729926E+03 -0.21672210987283E+03 -0.30796479599684E+03  0.99628022382065E+03 -0.14441042696355E+04  0.10321069964756E+03 -0.68781849460649E+01 -0.12130521838351E+01 -0.11807196963856E+00 -0.12555196662440E-02 -0.31502125497275E+04  0.52630436619145E+03 -0.35026392936610E+04 -0.22923040465088E+04 -0.15043987057124E+05  0.00000000000000E+00  0.00000000000000E+00  0.00000000000000E+00  0.00000000000000E+00  0.00000000000000E+00  0.00000000000000E+00  0.00000000000000E+00  0.00000000000000E+00  0.00000000000000E+00  0.00000000000000E+00  0.00000000000000E+00  0.00000000000000E+00  0.00000000000000E+00  0.00000000000000E+00  0.00000000000000E+00  0.81523142375801E+04  0.00000000000000E+00  0.00000000000000E+00  0.00000000000000E+00  0.00000000000000E+00  0.00000000000000E+00
  -0.32278009573958E+04  0.73247971792455E+03 -0.80954357335375E+02 -0.92776673667726E+03  0.17899943450765E+03 -0.10583687828444E+03 -0.12738796070972E+03  0.55936603666455E+03 -0.76929062912051E+03  0.47400249951891E+02 -0.34864453722635E+01 -0.53116133381875E+00 -0.47291107805794E-01 -0.69480032770281E-03 -0.16295523556534E+04  0.25115045565471E+03 -0.18393125022061E+04 -0.11529905154009E+04 -0.47546249668906E+04  0.00000000000000E+00  0.00000000000000E+00  0.00000000000000E+00  0.00000000000000E+00  0.00000000000000E+00  0.00000000000000E+00  0.00000000000000E+00  0.00000000000000E+00  0.00000000000000E+00  0.00000000000000E+00  0.00000000000000E+00  0.00000000000000E+00  0.00000000000000E+00  0.00000000000000E+00  0.00000000000000E+00  0.00000000000000E+00  0.41804935617372E+04  0.00000000000000E+00  0.00000000000000E+00  0.00000000000000E+00  0.00000000000000E+00
  -0.23687702699318E+05 -0.19141014322560E+04 -0.19297517114300E+03 -0.11226520940924E+05  0.39974938547085E+03 -0.27873689457699E+04 -0.11878214936805E+04 -0.29559813942453E+06  0.11751865608249E+06  0.31629953689658E+04 -0.10393933451981E+04  0.12755519301569E+03  0.14349556916355E+02 -0.20759467137729E+01 -0.20349413005795E+04 -0.43114722147401E+03  0.25119617600046E+04  0.22921425375073E+04  0.11075606017566E+05  0.00000000000000E+00  0.00000000000000E+00  0.00000000000000E+00  0.00000000000000E+00  0.00000000000000E+00  0.00000000000000E+00  0.00000000000000E+00  0.00000000000000E+00  0.00000000000000E+00  0.00000000000000E+00  0.00000000000000E+00  0.00000000000000E+00  0.00000000000000E+00  0.00000000000000E+00  0.00000000000000E+00  0.00000000000000E+00  0.00000000000000E+00  0.12960841060200E+06  0.00000000000000E+00  0.00000000000000E+00  0.00000000000000E+00
  -0.80123489599771E+05  0.87900527281938E+04 -0.17245416702585E+04 -0.76895681943640E+04  0.86540545056252E+03 -0.16112716913378E+04 -0.10113358985658E+04 -0.15796730668548E+06  0.47644313280960E+05  0.29034276233936E+04 -0.74626637824374E+03 -0.20414884012378E+04 -0.14248939417241E+03 -0.21975441048337E+01 -0.10106174917833E+04  0.29334272761000E+03 -0.23272416381228E+04 -0.15680272727606E+04 -0.13279387544728E+05  0.00000000000000E+00  0.00000000000000E+00  0.00000000000000E+00 -0.23194544698177E+03 -0.21206117338535E+04  0.17479276279432E+04 -0.12616984472188E+03  0.00000000000000E+00  0.00000000000000E+00  0.00000000000000E+00  0.00000000000000E+00  0.00000000000000E+00  0.00000000000000E+00  0.00000000000000E+00  0.00000000000000E+00  0.00000000000000E+00  0.00000000000000E+00  0.00000000000000E+00  0.95939469912262E+05  0.00000000000000E+00  0.00000000000000E+00
  -0.62750892626079E+05  0.72920619410398E+04 -0.13719801444992E+04 -0.22794455337826E+05  0.26644719076206E+04 -0.46544896119065E+04 -0.30218781815961E+04 -0.19105606475832E+06  0.57180876693852E+05  0.35882899889517E+04 -0.90713061626227E+03 -0.11929076316568E-11 -0.51372236401564E-11  0.34930221376594E-13 -0.11414928137001E+04  0.33085742964559E+03 -0.25914079048637E+04 -0.17503137218228E+04 -0.40906484730219E+05  0.42434024240974E+04  0.88008722074547E+03  0.25963347469631E+03 -0.25601394315051E+03 -0.23427260462773E+04  0.21356459863637E+04 -0.12508670631537E+03  0.00000000000000E+00  0.00000000000000E+00  0.00000000000000E+00  0.00000000000000E+00  0.00000000000000E+00  0.00000000000000E+00  0.00000000000000E+00  0.00000000000000E+00  0.00000000000000E+00  0.00000000000000E+00  0.00000000000000E+00  0.00000000000000E+00  0.10052089260691E+06  0.00000000000000E+00
   0.19050983055224E+05 -0.24195663302820E+04  0.47853053129318E+03 -0.18379394957866E+05  0.28759527305708E+04 -0.30153153016473E+04 -0.29434305674180E+04 -0.91039565620541E+04  0.15777416762657E+04  0.42970696248445E+03 -0.54139486663611E+02  0.18845238573741E+03  0.40401958980151E+02  0.10143436479999E-04  0.23248966992834E+03 -0.41312419782884E+02  0.40007068023926E+03  0.26425722592457E+03 -0.31815617426609E+05 -0.17292276925045E+04 -0.53583551821022E+03 -0.17182267388322E+03 -0.12989514839034E+03 -0.70868412836507E+03  0.16505709210946E+04 -0.27540972742126E+03  0.00000000000000E+00  0.00000000000000E+00  0.00000000000000E+00  0.00000000000000E+00  0.00000000000000E+00  0.00000000000000E+00  0.00000000000000E+00  0.00000000000000E+00  0.00000000000000E+00  0.00000000000000E+00  0.00000000000000E+00  0.00000000000000E+00  0.00000000000000E+00  0.41650891228727E+05

 # Covariance matrix (Bevington epsilon)
