# fitpack15: fit parameters                                                                         
# CJ15 AV18 final data choices                                                                      
# Created on 03/27/2020 at 18:19:42                                                                 

 # QCD setup
  INS                           0
  NVL                          11
  IORD                          1
  Q02                   1.6899999999999999     
  IPARAMC                      -7
  FLAVOR                4.0000000000000000     
  xmc                   1.3000000000000000     
  xmb                   4.5000000000000000     
  ncb                          12
  ihq                           1
  ias                           0

 # Theory corrections
  inuke                     10114
  itmc                          1
  iht                           1

 # fit parameters
 LAMBDA       0.22680        0.0000    
 a0uv          1.7663        0.0000    
 a1uv         0.54754       0.25287E-01
 a2uv          3.5707       0.99441E-02
 a3uv          0.0000        0.0000    
 a4uv          5.2399       0.75622    
 a5uv          0.0000        0.0000    
 a0dv          17.388        0.0000    
 a1dv          1.0658       0.32824E-01
 a2dv          6.3614       0.15636    
 a3dv         -3.5234       0.91595E-01
 a4dv          5.0168       0.15527    
 a5dv          0.0000        0.0000    
 a0ud         0.13789       0.48982E-02
 a1ud        -0.21370       0.38672E-02
 a2ud          8.7285       0.17762    
 a3ud          0.0000        0.0000    
 a4ud          17.550        1.3653    
 a5ud          0.0000        0.0000    
 a0du          35712.        0.0000    
 a1du          4.0542       0.96117E-01
 a2du          21.364        1.0219    
 a3du          17.000        0.0000    
 a4du          58.183        15.122    
 a0g           47.917        0.0000    
 a1g          0.60816       0.33091E-01
 a2g           7.0082       0.95940    
 a3g          -3.4400       0.15493    
 a4g           3.5700       0.40962    
 a5g           0.0000        0.0000    
 kappa        0.40000        0.0000    
 a6dv         0.30205E-02   0.11042E-02
 a7dv          2.0000        0.0000    
 off1        -0.10168       0.12139    
 off2         0.34402       0.73269    
 off3         -1.4904        1.0290    
 ht1          -3.5443       0.25489    
 ht2           2.0348       0.10052    
 ht3          -2.0588       0.24726E-01
 ht4           0.0000        0.0000    
 dummy41       0.0000        0.0000    
 dummy42       0.0000        0.0000    
 dummy43       0.0000        0.0000    
 dummy44       0.0000        0.0000    
 dummy45       0.0000        0.0000    
 dummy46       0.0000        0.0000    
 dummy47       0.0000        0.0000    
 dummy48       0.0000        0.0000    
 dummy49       0.0000        0.0000    
 bcdmsh2      0.96928       0.44861E-02
 bcdmsd2      0.99211       0.54526E-02
 ccfr          1.0000        0.0000    
 nutev         1.0000        0.0000    
 zeus         0.97998        0.0000    
 h1            1.0162        0.0000    
 e605          1.0319        0.0000    
 NmcH2         1.0067       0.68862E-02
 ntv_nu        1.0000        0.0000    
 ntv_nuba      1.0000        0.0000    
 cdf_jet      0.98910        0.0000    
 d0_jet       0.83504        0.0000    
 slac_p       0.99921       0.41008E-02
 slac_d        1.0019       0.44240E-02
 e866pp       0.99129       0.19658E-01
 e866pd       0.97213       0.16915E-01
 d0_gamje      1.0373       0.16496E-01
 h1b          0.97608        0.0000    
 jlab_p       0.99058       0.50759E-02
 jlab_d       0.97507       0.51144E-02
 blank         1.0000        0.0000    
 d0run2       0.94438       0.14137E-01
 cdfrun2      0.93284       0.17209E-01
 HERA_el       1.0000        0.0000    
 HERA_ps       1.0000        0.0000    
 CDF_Z        0.94707       0.60608E-02
 NmcRat        1.0000        0.0000    
 BNS_F2nd     0.97131       0.71556E-02
 HERMES_F     0.99368       0.50626E-02
 HERMES_F     0.97812       0.52241E-02
 e03103_p     0.99425       0.45763E-02
 e03103_d     0.97741       0.46513E-02
 e06009_d_c   0.96202       0.76911E-02
 e94110_p      1.0063       0.47594E-02
 e99118_p      1.0092       0.17425E-01
 e99118_d      1.0215       0.17732E-01
 jlcee96_p     1.0153       0.48531E-02
 jlcee96_d     1.0208       0.52113E-02
 END 0. 0.

 # Hessian matrix (Bevington alpha)
   0.79909014224823E+07 -0.19716574993563E+07  0.26496558192686E+06  0.93501914259530E+06 -0.23620755250903E+06 -0.87440781261784E+04  0.10020296973766E+06  0.13157407176483E+07 -0.23041395043202E+06 -0.69224077257212E+05  0.86523387200375E+04  0.14329244878805E+05  0.15352198751156E+04 -0.99835622344741E+02 -0.64538313246054E+03  0.30322024767798E+03  0.50718112741439E+04  0.19844468504378E+04  0.81240077114100E+07 -0.99974954142058E+05 -0.43804167841814E+05 -0.20744083673509E+05 -0.29090648087740E+05 -0.19818092233456E+05 -0.48160863650092E+06 -0.13441230843440E+06 -0.56785263589033E+05 -0.55937392949131E+04 -0.88322010326999E+06 -0.11368791061929E+07 -0.21145220617421E+05 -0.48146129507363E+05 -0.32592253297446E+04 -0.20699402071648E+06 -0.23173820361104E+06 -0.91630511633010E+04 -0.32259623630254E+04 -0.20512563450182E+05  0.17637681901912E+05 -0.76087645616961E+05 -0.59790036217066E+05 -0.32389726659572E+06 -0.54692513413406E+06 -0.17018827494281E+05 -0.34625092536543E+06 -0.45420080002645E+04 -0.34864631633950E+04 -0.22597586018921E+06 -0.17557808680899E+06
  -0.19716574993563E+07  0.57428945191549E+06 -0.66123553620228E+05 -0.23170378586766E+06  0.60661128763981E+05  0.54707976863061E+04 -0.21741306571165E+05 -0.17734970379003E+06  0.33231526696763E+05  0.10738794478504E+05 -0.11261742271238E+04 -0.10856176757712E+04 -0.11980958475364E+03  0.11538473313929E+02  0.24996291485444E+04 -0.53403553405404E+03  0.63795714671847E+03  0.83068425984872E+03 -0.25101114233660E+07  0.24635459880986E+05  0.11942665417607E+05  0.61072631602854E+04  0.12053221109344E+05  0.14799990617989E+05  0.12640651007923E+06  0.16851565255972E+05  0.83222654527331E+04 -0.17733405852454E+03  0.21102141204275E+06  0.26521012248981E+06  0.57176677437355E+04  0.13202564293320E+05  0.42182508366363E+03  0.63845905954364E+05  0.71083380635668E+05  0.23786777754972E+04  0.75166782890073E+03 -0.20981803815135E+04 -0.23072405613425E+04  0.87546698812040E+04  0.73584513533523E+04  0.80811784170733E+05  0.13536740822725E+06  0.11036412763918E+04  0.77743743886114E+05  0.59020339354985E+03  0.46740017706751E+03  0.43063044000697E+05  0.33687245498600E+05
   0.26496558192686E+06 -0.66123553620228E+05  0.88207542678512E+04  0.30738591857543E+05 -0.78845542120941E+04 -0.47815208813657E+03  0.32622743206597E+04  0.35491731161101E+05 -0.59989536300834E+04 -0.21141185265742E+04  0.23621751329493E+03  0.35327566699590E+03  0.42653877046059E+02 -0.33694758890520E+01 -0.58749443700275E+03  0.73535369947650E+02 -0.24488628313854E+03 -0.16031129732356E+03  0.27279851173209E+06 -0.32978674623539E+04 -0.14572077896917E+04 -0.69305839532335E+03 -0.10066173408396E+04 -0.79724059248797E+03 -0.16100100469501E+05 -0.42422498102107E+04 -0.17916479485595E+04  0.63961813051292E+01 -0.28549852504154E+05 -0.36949426317610E+05 -0.70662657522323E+03 -0.16143762284913E+04 -0.91874882485020E+02 -0.69709280572619E+04 -0.78008574663269E+04 -0.30226869804380E+03 -0.10572264486554E+03 -0.12687275028837E+03  0.56406123831525E+03 -0.20491303795912E+04 -0.16460615788193E+04 -0.10818032738801E+05 -0.18310877946094E+05 -0.54560181869779E+03 -0.11594478840470E+05 -0.14364855258807E+03 -0.11056043011108E+03 -0.75081173591559E+04 -0.58275942676961E+04
   0.93501914259530E+06 -0.23170378586766E+06  0.30738591857543E+05  0.53668845331709E+06 -0.90086775440692E+05  0.74539504599220E+05  0.72574068397646E+05  0.46504589596544E+06 -0.40872360207279E+05 -0.23165504126994E+05  0.35441706038031E+04 -0.15852115494343E+04 -0.15666422497684E+03  0.52635370850912E+02  0.29896846576871E+05 -0.33287008952421E+04  0.22682351625743E+05  0.12166622914740E+05  0.21476627483413E+07 -0.29361438208765E+05 -0.11933814786508E+05 -0.51819594668908E+04 -0.22525451279122E+04  0.27878577511938E+04 -0.83427239759442E+05 -0.13223723991521E+05 -0.21907034094528E+05 -0.19020317358284E+03 -0.67325911455125E+05 -0.34817655155517E+06 -0.13174729898522E+04 -0.24630417625306E+04 -0.68430341292616E+02 -0.11657203144473E+05 -0.52222020507049E+05 -0.24570605716632E+04 -0.95684874552199E+03 -0.11068985426384E+05 -0.16755045093579E+05 -0.76072307191393E+04 -0.22533836334177E+05 -0.23706284110300E+05 -0.15939177944002E+06 -0.85422381840475E+04 -0.27908179044603E+05 -0.47985534939903E+03 -0.14163577876943E+04 -0.20541004127760E+05 -0.62351951830301E+05
  -0.23620755250903E+06  0.60661128763981E+05 -0.78845542120941E+04 -0.90086775440692E+05  0.17926024166549E+05 -0.76930833067944E+04 -0.11231563500126E+05 -0.47815578402329E+05  0.23080768175844E+04  0.32120841617710E+04 -0.38187097644707E+03 -0.96544032409553E+01  0.51802273640791E+01 -0.45571796768818E+01 -0.22167889411306E+04  0.21516742451360E+03 -0.17410554457681E+04 -0.88071727692822E+03 -0.50473218366750E+06  0.59103672207439E+04  0.26252485550727E+04  0.12117492601803E+04  0.10111072886978E+04  0.79373737656683E+03  0.18928285911840E+05  0.20316671917612E+04  0.34562986995953E+04 -0.51080580256716E+02  0.12488317693889E+05  0.65785633986642E+05  0.33173896123069E+03  0.60139501295972E+03  0.86450199917838E+01  0.31239510269071E+04  0.13815845154904E+05  0.48702443562363E+03  0.17837032327007E+03  0.40187801307988E+03  0.26096103011594E+04  0.85170539093822E+03  0.26348491256453E+04  0.52620738988872E+04  0.36221848046870E+05  0.11824311345343E+04  0.61515779945227E+04  0.71907912485492E+02  0.21590681417623E+03  0.40585134573957E+04  0.12315393423594E+05
  -0.87440781261784E+04  0.54707976863061E+04 -0.47815208813657E+03  0.74539504599220E+05 -0.76930833067944E+04  0.19016962595042E+05  0.11890851779198E+05  0.10892810719837E+06 -0.10943737092542E+05 -0.43119375584997E+04  0.82353726884168E+03 -0.65548135652801E+03 -0.58102377140790E+02  0.15067628788857E+02  0.82338779950357E+04 -0.99835270736157E+03  0.61469029988436E+04  0.34479392056166E+04  0.52511518309198E+05 -0.22443180504413E+04 -0.56094369600590E+03 -0.12250005918260E+03  0.72386381322733E+03  0.24900465980040E+04 -0.28707534313222E+04 -0.22382690793917E+04 -0.34660025176026E+04  0.79089419566846E+02 -0.73635647273376E+04 -0.35393221662896E+05  0.73727813938056E+01 -0.18112082388622E+02 -0.15100699099379E+02  0.24797431206990E+03  0.91783706216078E+03 -0.21227898700378E+03 -0.10605695668735E+03 -0.29263327777477E+04 -0.27424823582340E+04 -0.16434582644385E+04 -0.47053650651957E+04 -0.10239013981220E+04 -0.53105170414994E+04 -0.14038875156908E+04 -0.11362337466908E+04 -0.82284892354624E+02 -0.23553299070822E+03 -0.15249699577179E+04 -0.46890114733068E+04
   0.10020296973766E+06 -0.21741306571165E+05  0.32622743206597E+04  0.72574068397646E+05 -0.11231563500126E+05  0.11890851779198E+05  0.10466374027321E+05  0.65920446075627E+05 -0.47543485454933E+04 -0.34191536646989E+04  0.51521434635785E+03 -0.22262798214086E+03 -0.23641577982522E+02  0.79157451685230E+01  0.40080631014695E+04 -0.46732240860219E+03  0.29689809615079E+04  0.16345223464233E+04  0.22021226840053E+06 -0.35443899924898E+04 -0.13470211785954E+04 -0.53904341571970E+03  0.78707473001495E+02  0.11616828218824E+04 -0.92713955987380E+04 -0.20983989374393E+04 -0.33213781456374E+04  0.10002138404866E+03 -0.87928592585726E+04 -0.45484891033344E+05 -0.13876812723760E+03 -0.25525122743515E+03 -0.10786051806043E+02 -0.98800424024769E+03 -0.45274701494309E+04 -0.31381508713629E+03 -0.13021949175415E+03 -0.12446984350749E+04 -0.27234141509576E+04 -0.10263140638648E+04 -0.30537090457712E+04 -0.27379110596275E+04 -0.17892849259724E+05 -0.14535863208237E+04 -0.32628444033822E+04 -0.76611643180934E+02 -0.22456932375097E+03 -0.27016451757750E+04 -0.82212607099583E+04
   0.13157407176483E+07 -0.17734970379003E+06  0.35491731161101E+05  0.46504589596544E+06 -0.47815578402329E+05  0.10892810719837E+06  0.65920446075627E+05  0.58575726538598E+07 -0.25130854523236E+07 -0.96505150850571E+05  0.25811572030056E+05  0.26112106150270E+05  0.16888935028573E+04  0.85520561633917E+02  0.91828974472792E+05 -0.11375208385412E+05  0.79505177508579E+05  0.42564530796848E+05  0.62277062500148E+06 -0.43441597026124E+05 -0.93396156676254E+04 -0.26934977050794E+04  0.82415202485299E+04  0.41406383764336E+05 -0.56280580469443E+05 -0.64084421244020E+05 -0.50781909081599E+05 -0.73799376897167E+05 -0.30220758632216E+06 -0.58440169743589E+06 -0.75428416606353E+05 -0.17055582664937E+06 -0.14788978388879E+04 -0.50045685108428E+04 -0.10032179035177E+05  0.51431808722521E+03  0.38324322466035E+03 -0.28792441784589E+06 -0.84718147896639E+04 -0.15091005936286E+06 -0.18451606228958E+06 -0.32032714703873E+05 -0.74385443635285E+05 -0.11666151219040E+05 -0.32778245996298E+05 -0.22893104048876E+04 -0.28545402518439E+04 -0.35624610427683E+05 -0.45750139500631E+05
  -0.23041395043202E+06  0.33231526696763E+05 -0.59989536300834E+04 -0.40872360207279E+05  0.23080768175844E+04 -0.10943737092542E+05 -0.47543485454933E+04 -0.25130854523236E+07  0.19333869269016E+07  0.20287850146231E+05 -0.62039186701347E+04 -0.55408231012373E+04 -0.29840161380947E+03 -0.11210184737031E+02  0.48142891354615E+05 -0.22977746475088E+04  0.13908938471088E+05  0.66942330484064E+04 -0.95256136069279E+04  0.10001731764644E+05  0.16969927651895E+04  0.42154635632341E+03 -0.17958036213818E+04 -0.93991760260479E+04  0.82403191365535E+04  0.11468563941283E+05  0.10713331455467E+05  0.25342083258911E+05  0.67369364055548E+05  0.12614017552244E+06  0.22790726773951E+05  0.51650658039486E+05  0.20039785094329E+03  0.52418916806521E+03  0.10833292662228E+04 -0.13150703287195E+04 -0.72388685787228E+03  0.11581793529286E+06  0.14786795001813E+04  0.46003677019856E+05  0.55767857100145E+05  0.44962133370185E+04  0.10126340243213E+05  0.18546590991293E+04  0.44435749865200E+04  0.44773590472883E+03  0.55790438295985E+03  0.52297545336394E+04  0.68156544452139E+04
  -0.69224077257212E+05  0.10738794478504E+05 -0.21141185265742E+04 -0.23165504126994E+05  0.32120841617710E+04 -0.43119375584997E+04 -0.34191536646989E+04 -0.96505150850571E+05  0.20287850146231E+05  0.28784107530790E+04 -0.59622673664030E+03 -0.60257553568166E+03 -0.51202121096218E+02 -0.14869663901173E+01 -0.38612078612350E+04  0.45940517502154E+03 -0.29027888070784E+04 -0.16200456982171E+04 -0.53109130886851E+05  0.15924807913093E+04  0.46706040693600E+03  0.16103921984595E+03 -0.25489747583910E+03 -0.12944185557688E+04  0.35867403917371E+04  0.26848715574135E+04  0.18309485576821E+04  0.74119326783734E+03  0.10703929895750E+05  0.21905843802473E+05  0.14510915465464E+04  0.32228216646620E+04  0.43788959869513E+02  0.46985245292986E+03  0.90637956548487E+03  0.11876778255269E+03  0.53082372411656E+02  0.31509085732537E+04  0.40767330655375E+03  0.28440840661309E+04  0.35572229899906E+04  0.20712608372462E+04  0.50970381686182E+04  0.63169123909366E+03  0.22962581117757E+04  0.93492917875551E+02  0.11655721206702E+03  0.22224787977447E+04  0.27980509566314E+04
   0.86523387200375E+04 -0.11261742271238E+04  0.23621751329493E+03  0.35441706038031E+04 -0.38187097644707E+03  0.82353726884168E+03  0.51521434635785E+03  0.25811572030056E+05 -0.62039186701347E+04 -0.59622673664030E+03  0.14869922501357E+03  0.16205426964637E+03  0.11241350705358E+02  0.52104761496173E+00  0.11388565114656E+04 -0.12423025214883E+03  0.82796677182714E+03  0.44712201756438E+03  0.51665609465602E+04 -0.25581437944479E+03 -0.59549747612943E+02 -0.17762912846152E+02  0.50444309096227E+02  0.24849073357606E+03 -0.37577818443184E+03 -0.41727517375391E+03 -0.31198642863911E+03 -0.32110463828961E+03 -0.18163539207946E+04 -0.35517904159782E+04 -0.38395410523285E+03 -0.86781373513112E+03 -0.10134815046443E+02 -0.34636042189856E+02 -0.69315174559635E+02 -0.10225387778007E+02 -0.48185101010055E+01 -0.10790883127717E+04 -0.54960065471396E+02 -0.76682214124645E+03 -0.94322205351691E+03 -0.21582938305792E+03 -0.50224806931620E+03 -0.77041479006024E+02 -0.22090282173702E+03 -0.14448159873955E+02 -0.18019387631117E+02 -0.23776724332560E+03 -0.30473321085259E+03
   0.14329244878805E+05 -0.10856176757712E+04  0.35327566699590E+03 -0.15852115494343E+04 -0.96544032409553E+01 -0.65548135652801E+03 -0.22262798214086E+03  0.26112106150270E+05 -0.55408231012373E+04 -0.60257553568166E+03  0.16205426964637E+03  0.13977343087888E+04  0.88628899479390E+02 -0.12575981527736E+01  0.13290312092025E+04 -0.18460420175039E+03  0.11900089855356E+04  0.69124548644393E+03  0.37597274455684E+04  0.25323515717270E+03  0.23667120444802E+02  0.15857216939908E+00  0.40347986655490E+02  0.23437459871304E+03 -0.51136313438707E+02 -0.93967336911386E+03  0.63122023488440E-11 -0.67797047031449E+03 -0.43694275681634E+04 -0.20255545986910E-09 -0.20908479697673E+04 -0.47509478369794E+02 -0.71768815836930E+02 -0.80938983470915E-01 -0.12964045137994E-11 -0.15382223150761E+01 -0.66719701898887E+00  0.15278008159214E+03  0.23128536388417E+03 -0.25063118435489E+04  0.68739121226989E-10 -0.45074236926593E+02  0.17721071197753E-09 -0.12771931849010E-11 -0.13949094806323E+02 -0.25551405730691E+02 -0.72507196852158E-11 -0.38062516896768E+02  0.90262499782649E-10
   0.15352198751156E+04 -0.11980958475364E+03  0.42653877046059E+02 -0.15666422497684E+03  0.51802273640791E+01 -0.58102377140790E+02 -0.23641577982522E+02  0.16888935028573E+04 -0.29840161380947E+03 -0.51202121096218E+02  0.11241350705358E+02  0.88628899479390E+02  0.75209924005252E+01 -0.14457287976755E+00  0.70755085688207E+02 -0.11830349578129E+02  0.65848194354754E+02  0.41952344884895E+02  0.17428058689220E+03  0.13181024711371E+02  0.16835139134829E+01  0.29303124633920E-01  0.53191113872408E+01  0.26801931790272E+02 -0.11397546369982E+02 -0.13170946859505E+03  0.55379492459295E-11 -0.25497884557858E+02 -0.48437565519078E+03  0.36089843056592E-11 -0.12642235416592E+03 -0.11884674853370E+02 -0.55308333342170E+01 -0.56982362880256E-01 -0.78151749622986E-12 -0.15207863353662E+00 -0.60059126774960E-01  0.17791989945231E+02  0.50300175739126E+02 -0.17406819131364E+03  0.10134199122440E-10 -0.15224891574584E+02 -0.59732683114384E-11 -0.35843261239342E-11 -0.60120536733037E+01 -0.44307686530066E+01  0.55460306221348E-13 -0.13811238626791E+02  0.14253804761158E-11
  -0.99835622344741E+02  0.11538473313929E+02 -0.33694758890520E+01  0.52635370850912E+02 -0.45571796768818E+01  0.15067628788857E+02  0.79157451685230E+01  0.85520561633917E+02 -0.11210184737031E+02 -0.14869663901173E+01  0.52104761496173E+00 -0.12575981527736E+01 -0.14457287976755E+00  0.36185872610092E-01  0.11756838181468E+02 -0.87938619716019E+00  0.66244784498989E+01  0.30808893617420E+01  0.49133737284745E+02  0.11393422714335E+01 -0.33781356116364E-01 -0.16370889865462E-01 -0.63672112859724E-02 -0.12999366543315E-01  0.11756212829879E-01  0.52549626970785E-01  0.16255055745105E-12 -0.45254959454180E+01 -0.40402486827776E+00 -0.36905824625359E-11 -0.19922927857673E+01 -0.34161834675912E-05 -0.98881300255488E-01  0.21283323654390E-13 -0.18479818466499E-13 -0.11926282688753E-02 -0.65532984926770E-03 -0.19635099254069E+01  0.74748966983282E-05 -0.19879265017766E+01  0.69763358138698E-12 -0.13188826101110E-08  0.50516482000066E-12 -0.17861049664355E-12  0.70468153397086E-11 -0.11319706295804E-05  0.34869976586014E-14 -0.19186471829400E-08  0.16467646416628E-12
  -0.64538313246054E+03  0.24996291485444E+04 -0.58749443700275E+03  0.29896846576871E+05 -0.22167889411306E+04  0.82338779950357E+04  0.40080631014695E+04  0.91828974472792E+05  0.48142891354615E+05 -0.38612078612350E+04  0.11388565114656E+04  0.13290312092025E+04  0.70755085688207E+02  0.11756838181468E+02  0.50988990675791E+05 -0.47921063099128E+04  0.32146550727040E+05  0.16792127169549E+05  0.30457369487196E+05  0.25365548528343E+03  0.13409786101450E+03  0.55410232452614E+02 -0.82519341139252E+02 -0.36061304608413E+03  0.18271887558613E+04 -0.27789186270404E+04 -0.18070828291524E+04 -0.25134537223058E+04  0.20644356867108E+04  0.45158458691143E+04 -0.14616167872299E+04 -0.29422968564985E+04 -0.73943205651980E+03  0.22548278855087E+03  0.41099403738990E+03 -0.29232524498264E+04 -0.15495162278102E+04 -0.23049542584763E+04  0.21170282879764E+03 -0.94127001614893E+03 -0.10540429074352E+04  0.78712144581715E+03  0.24570922789647E+04  0.41795821347010E+03  0.15202218523108E+04  0.55630132967898E+02  0.65640284373753E+02  0.14659388278462E+04  0.18071084495970E+04
   0.30322024767798E+03 -0.53403553405404E+03  0.73535369947650E+02 -0.33287008952421E+04  0.21516742451360E+03 -0.99835270736157E+03 -0.46732240860219E+03 -0.11375208385412E+05 -0.22977746475088E+04  0.45940517502154E+03 -0.12423025214883E+03 -0.18460420175039E+03 -0.11830349578129E+02 -0.87938619716019E+00 -0.47921063099128E+04  0.52542545123358E+03 -0.33818726130045E+04 -0.18480839123635E+04 -0.23580213527939E+04 -0.41637588530233E+02 -0.26182412891501E+02 -0.11896640384421E+02  0.45817737595415E+01  0.26364835760563E+02 -0.40842640585426E+03  0.51599612446978E+03  0.32121009935358E+03  0.29255253798089E+03 -0.17343962714799E+03 -0.53213632489335E+03  0.15250161566615E+03  0.30541616030916E+03  0.82692567448857E+02 -0.61947004328323E+02 -0.11112880890389E+03  0.44793071410584E+03  0.22138729398650E+03 -0.33238466814825E+03 -0.38478473509244E+02  0.26000162093775E+03  0.29056804048375E+03 -0.17330040575479E+03 -0.57525728033354E+03 -0.82913718269337E+02 -0.35791801210693E+03 -0.88313901806417E+01 -0.10551737829142E+02 -0.31966217059515E+03 -0.39069503180110E+03
   0.50718112741439E+04  0.63795714671847E+03 -0.24488628313854E+03  0.22682351625743E+05 -0.17410554457681E+04  0.61469029988436E+04  0.29689809615079E+04  0.79505177508579E+05  0.13908938471088E+05 -0.29027888070784E+04  0.82796677182714E+03  0.11900089855356E+04  0.65848194354754E+02  0.66244784498989E+01  0.32146550727040E+05 -0.33818726130045E+04  0.22537786535467E+05  0.12072237459029E+05  0.26695134265433E+05  0.12101815194987E+03  0.75621431552761E+02  0.27696401956644E+02 -0.11491693439879E+03 -0.40976960317943E+03  0.87059753209628E+03 -0.20304839268595E+04 -0.13257718787972E+04 -0.22688346900294E+04  0.19665898865686E+04  0.39501038375025E+04 -0.11036593739856E+04 -0.22254184526894E+04 -0.53339265814827E+03  0.35602786168685E+02  0.75158044144016E+02 -0.21234710352179E+04 -0.11597822300945E+04  0.71666942582241E+03  0.17521551227705E+03 -0.12585559935781E+04 -0.13946276629970E+04  0.40823322961033E+03  0.10068874916544E+04  0.27650678798711E+03  0.59021209028031E+03  0.55250269930623E+02  0.63689737933794E+02  0.75790116854888E+03  0.96587383616755E+03
   0.19844468504378E+04  0.83068425984872E+03 -0.16031129732356E+03  0.12166622914740E+05 -0.88071727692822E+03  0.34479392056166E+04  0.16345223464233E+04  0.42564530796848E+05  0.66942330484064E+04 -0.16200456982171E+04  0.44712201756438E+03  0.69124548644393E+03  0.41952344884895E+02  0.30808893617420E+01  0.16792127169549E+05 -0.18480839123635E+04  0.12072237459029E+05  0.65772042444199E+04  0.12844600954384E+05  0.92409048676136E+02  0.61505685418093E+02  0.25118818296729E+02 -0.61282585946599E+02 -0.21170568360892E+03  0.84824784579395E+03 -0.14952015374725E+04 -0.94205052073566E+03 -0.11479294797301E+04  0.93954912938937E+03  0.22072466599596E+04 -0.56078575254209E+03 -0.11310742205312E+04 -0.29571077542234E+03  0.71256198581996E+02  0.13527283070758E+03 -0.13964142672453E+04 -0.72934537756270E+03  0.10932687036204E+04  0.13162123320838E+03 -0.93378068568992E+03 -0.10355999117023E+04  0.38757763169524E+03  0.10870874593706E+04  0.23578130056924E+03  0.66264882434370E+03  0.35480904268692E+02  0.41303301035582E+02  0.72717445239358E+03  0.90806851686340E+03
   0.81240077114100E+07 -0.25101114233660E+07  0.27279851173209E+06  0.21476627483413E+07 -0.50473218366750E+06  0.52511518309198E+05  0.22021226840053E+06  0.62277062500148E+06 -0.95256136069279E+04 -0.53109130886851E+05  0.51665609465602E+04  0.37597274455684E+04  0.17428058689220E+03  0.49133737284745E+02  0.30457369487196E+05 -0.23580213527939E+04  0.26695134265433E+05  0.12844600954384E+05  0.20548357075990E+08 -0.18293493498996E+06 -0.92030557802600E+05 -0.47780587751959E+05 -0.62869490923106E+05 -0.81427150920538E+05 -0.60438960710881E+06 -0.23892131252440E+05 -0.53573016977908E+05  0.76677924775072E+03 -0.39779727307629E+06 -0.19529388171926E+07 -0.11692730645174E+05 -0.22033725929520E+05 -0.13533796807207E+03 -0.12904605623836E+06 -0.56555332238636E+06 -0.16831640963745E+05 -0.52770073192636E+04  0.12277333894072E+05 -0.31613907166362E+05 -0.14643103308971E+05 -0.45802930929078E+05 -0.15518900583403E+06 -0.10276000944271E+07 -0.13659756907916E+04 -0.14575571937757E+06 -0.90584101857103E+03 -0.27886503837438E+04 -0.76083071317568E+05 -0.23524180984788E+06
  -0.99974954142058E+05  0.24635459880986E+05 -0.32978674623539E+04 -0.29361438208765E+05  0.59103672207439E+04 -0.22443180504413E+04 -0.35443899924898E+04 -0.43441597026124E+05  0.10001731764644E+05  0.15924807913093E+04 -0.25581437944479E+03  0.25323515717270E+03  0.13181024711371E+02  0.11393422714335E+01  0.25365548528343E+03 -0.41637588530233E+02  0.12101815194987E+03  0.92409048676136E+02 -0.18293493498996E+06  0.39721308751276E+04  0.14369374127156E+04  0.63379762320777E+03  0.28503408534058E+03 -0.23571392017986E+03  0.70914574405534E+04  0.00000000000000E+00  0.25966541802961E+04  0.00000000000000E+00  0.00000000000000E+00  0.41045422309419E+05  0.00000000000000E+00  0.00000000000000E+00  0.00000000000000E+00  0.00000000000000E+00  0.61309384663048E+04  0.00000000000000E+00  0.00000000000000E+00  0.00000000000000E+00 -0.16425194604216E+04  0.00000000000000E+00  0.41795743780648E+04  0.00000000000000E+00  0.16016195813061E+05  0.75093157407538E+03  0.00000000000000E+00  0.00000000000000E+00  0.14804984147298E+03  0.00000000000000E+00  0.57640462463778E+04
  -0.43804167841814E+05  0.11942665417607E+05 -0.14572077896917E+04 -0.11933814786508E+05  0.26252485550727E+04 -0.56094369600590E+03 -0.13470211785954E+04 -0.93396156676254E+04  0.16969927651895E+04  0.46706040693600E+03 -0.59549747612943E+02  0.23667120444802E+02  0.16835139134829E+01 -0.33781356116364E-01  0.13409786101450E+03 -0.26182412891501E+02  0.75621431552761E+02  0.61505685418093E+02 -0.92030557802600E+05  0.14369374127156E+04  0.62787633747762E+03  0.30009032456927E+03  0.21585881276578E+03  0.14289389075741E+03  0.32000476261604E+04  0.00000000000000E+00  0.67546979858226E+03  0.00000000000000E+00  0.00000000000000E+00  0.15472624751931E+05  0.00000000000000E+00  0.00000000000000E+00  0.00000000000000E+00  0.00000000000000E+00  0.31102607126177E+04  0.00000000000000E+00  0.00000000000000E+00  0.00000000000000E+00 -0.51378600917085E+03  0.00000000000000E+00  0.87260358873592E+03  0.00000000000000E+00  0.70918556591581E+04  0.21681925438024E+03  0.00000000000000E+00  0.00000000000000E+00  0.45663234352880E+02  0.00000000000000E+00  0.22486624444117E+04
  -0.20744083673509E+05  0.61072631602854E+04 -0.69305839532335E+03 -0.51819594668908E+04  0.12117492601803E+04 -0.12250005918260E+03 -0.53904341571970E+03 -0.26934977050794E+04  0.42154635632341E+03  0.16103921984595E+03 -0.17762912846152E+02  0.15857216939908E+00  0.29303124633920E-01 -0.16370889865462E-01  0.55410232452614E+02 -0.11896640384421E+02  0.27696401956644E+02  0.25118818296729E+02 -0.47780587751959E+05  0.63379762320777E+03  0.30009032456927E+03  0.15121266143982E+03  0.13459875121844E+03  0.14111530667865E+03  0.15251405406904E+04  0.00000000000000E+00  0.19798492550843E+03  0.00000000000000E+00  0.00000000000000E+00  0.67487643537081E+04  0.00000000000000E+00  0.00000000000000E+00  0.00000000000000E+00  0.00000000000000E+00  0.16197863951855E+04  0.00000000000000E+00  0.00000000000000E+00  0.00000000000000E+00 -0.16738106840620E+03  0.00000000000000E+00  0.26027153111069E+03  0.00000000000000E+00  0.32720068731883E+04  0.55822342404927E+02  0.00000000000000E+00  0.00000000000000E+00  0.15238781460101E+02  0.00000000000000E+00  0.90751670570558E+03
  -0.29090648087740E+05  0.12053221109344E+05 -0.10066173408396E+04 -0.22525451279122E+04  0.10111072886978E+04  0.72386381322733E+03  0.78707473001495E+02  0.82415202485299E+04 -0.17958036213818E+04 -0.25489747583910E+03  0.50444309096227E+02  0.40347986655490E+02  0.53191113872408E+01 -0.63672112859724E-02 -0.82519341139252E+02  0.45817737595415E+01 -0.11491693439879E+03 -0.61282585946599E+02 -0.62869490923106E+05  0.28503408534058E+03  0.21585881276578E+03  0.13459875121844E+03  0.57864955860060E+03  0.11061509764556E+04  0.26802839117080E+04 -0.47623310890013E+02 -0.26985761840232E+02  0.39778345057290E+01  0.59381469262468E+03  0.34194897916765E+02  0.00000000000000E+00  0.00000000000000E+00  0.00000000000000E+00  0.21435699546298E+04  0.26476607379391E+04  0.00000000000000E+00  0.00000000000000E+00  0.00000000000000E+00 -0.25477095300267E+02 -0.33258765996217E+03 -0.34566540681142E+03  0.13633603349018E+04  0.34207872944576E+04 -0.41035415338403E+03  0.14536314600772E+04 -0.38656006125088E+02 -0.35660107207150E+02 -0.20461509281985E+03 -0.12898518653124E+03
  -0.19818092233456E+05  0.14799990617989E+05 -0.79724059248797E+03  0.27878577511938E+04  0.79373737656683E+03  0.24900465980040E+04  0.11616828218824E+04  0.41406383764336E+05 -0.93991760260479E+04 -0.12944185557688E+04  0.24849073357606E+03  0.23437459871304E+03  0.26801931790272E+02 -0.12999366543315E-01 -0.36061304608413E+03  0.26364835760563E+02 -0.40976960317943E+03 -0.21170568360892E+03 -0.81427150920538E+05 -0.23571392017986E+03  0.14289389075741E+03  0.14111530667865E+03  0.11061509764556E+04  0.27517362042443E+04  0.29168304942620E+04 -0.15773049198327E+03 -0.10420702418741E+03 -0.27633155347115E+02 -0.61834733370849E+04 -0.10958970093513E+05  0.00000000000000E+00  0.00000000000000E+00  0.00000000000000E+00  0.31883144380160E+04  0.38196995322259E+04  0.00000000000000E+00  0.00000000000000E+00  0.00000000000000E+00 -0.41893065566916E+02 -0.19396775607612E+04 -0.20025388699908E+04  0.12023501958287E+04  0.43023477273177E+04 -0.11025196720643E+04  0.21860953907385E+04 -0.15190282325964E+03 -0.14592691942660E+03 -0.12576090893010E+04 -0.12942537596238E+04
  -0.48160863650092E+06  0.12640651007923E+06 -0.16100100469501E+05 -0.83427239759442E+05  0.18928285911840E+05 -0.28707534313222E+04 -0.92713955987380E+04 -0.56280580469443E+05  0.82403191365535E+04  0.35867403917371E+04 -0.37577818443184E+03 -0.51136313438707E+02 -0.11397546369982E+02  0.11756212829879E-01  0.18271887558613E+04 -0.40842640585426E+03  0.87059753209628E+03  0.84824784579395E+03 -0.60438960710881E+06  0.70914574405534E+04  0.32000476261604E+04  0.15251405406904E+04  0.26802839117080E+04  0.29168304942620E+04  0.40588482456476E+05  0.24854805649884E+03  0.12909563886792E+03 -0.55063474706588E+01  0.38330351639422E+05  0.62049336432856E+05  0.00000000000000E+00  0.00000000000000E+00  0.00000000000000E+00  0.16529660307147E+05  0.20766696557755E+05  0.00000000000000E+00  0.00000000000000E+00  0.00000000000000E+00 -0.84935292694563E+02  0.15398314254294E+04  0.15725023718786E+04  0.21000873838648E+05  0.52061848637700E+05  0.17780330914152E+04  0.33684150752700E+05  0.33605629373765E+03  0.33962117908001E+03  0.20578315049185E+05  0.20033891956255E+05
  -0.13441230843440E+06  0.16851565255972E+05 -0.42422498102107E+04 -0.13223723991521E+05  0.20316671917612E+04 -0.22382690793917E+04 -0.20983989374393E+04 -0.64084421244020E+05  0.11468563941283E+05  0.26848715574135E+04 -0.41727517375391E+03 -0.93967336911386E+03 -0.13170946859505E+03  0.52549626970785E-01 -0.27789186270404E+04  0.51599612446978E+03 -0.20304839268595E+04 -0.14952015374725E+04 -0.23892131252440E+05  0.00000000000000E+00  0.00000000000000E+00  0.00000000000000E+00 -0.47623310890013E+02 -0.15773049198327E+03  0.24854805649884E+03  0.11713439109045E+06  0.00000000000000E+00  0.00000000000000E+00  0.00000000000000E+00  0.00000000000000E+00  0.00000000000000E+00  0.00000000000000E+00  0.00000000000000E+00  0.00000000000000E+00  0.00000000000000E+00  0.00000000000000E+00  0.00000000000000E+00  0.00000000000000E+00  0.00000000000000E+00  0.00000000000000E+00  0.00000000000000E+00  0.00000000000000E+00  0.00000000000000E+00  0.00000000000000E+00  0.00000000000000E+00  0.00000000000000E+00  0.00000000000000E+00  0.00000000000000E+00  0.00000000000000E+00
  -0.56785263589033E+05  0.83222654527331E+04 -0.17916479485595E+04 -0.21907034094528E+05  0.34562986995953E+04 -0.34660025176026E+04 -0.33213781456374E+04 -0.50781909081599E+05  0.10713331455467E+05  0.18309485576821E+04 -0.31198642863911E+03  0.63122023488440E-11  0.55379492459295E-11  0.16255055745105E-12 -0.18070828291524E+04  0.32121009935358E+03 -0.13257718787972E+04 -0.94205052073566E+03 -0.53573016977908E+05  0.25966541802961E+04  0.67546979858226E+03  0.19798492550843E+03 -0.26985761840232E+02 -0.10420702418741E+03  0.12909563886792E+03  0.00000000000000E+00  0.64734557869455E+05  0.00000000000000E+00  0.00000000000000E+00  0.00000000000000E+00  0.00000000000000E+00  0.00000000000000E+00  0.00000000000000E+00  0.00000000000000E+00  0.00000000000000E+00  0.00000000000000E+00  0.00000000000000E+00  0.00000000000000E+00  0.00000000000000E+00  0.00000000000000E+00  0.00000000000000E+00  0.00000000000000E+00  0.00000000000000E+00  0.00000000000000E+00  0.00000000000000E+00  0.00000000000000E+00  0.00000000000000E+00  0.00000000000000E+00  0.00000000000000E+00
  -0.55937392949131E+04 -0.17733405852454E+03  0.63961813051292E+01 -0.19020317358284E+03 -0.51080580256716E+02  0.79089419566846E+02  0.10002138404866E+03 -0.73799376897167E+05  0.25342083258911E+05  0.74119326783734E+03 -0.32110463828961E+03 -0.67797047031449E+03 -0.25497884557858E+02 -0.45254959454180E+01 -0.25134537223058E+04  0.29255253798089E+03 -0.22688346900294E+04 -0.11479294797301E+04  0.76677924775072E+03  0.00000000000000E+00  0.00000000000000E+00  0.00000000000000E+00  0.39778345057290E+01 -0.27633155347115E+02 -0.55063474706588E+01  0.00000000000000E+00  0.00000000000000E+00  0.30785303178694E+05  0.00000000000000E+00  0.00000000000000E+00  0.00000000000000E+00  0.00000000000000E+00  0.00000000000000E+00  0.00000000000000E+00  0.00000000000000E+00  0.00000000000000E+00  0.00000000000000E+00  0.00000000000000E+00  0.00000000000000E+00  0.00000000000000E+00  0.00000000000000E+00  0.00000000000000E+00  0.00000000000000E+00  0.00000000000000E+00  0.00000000000000E+00  0.00000000000000E+00  0.00000000000000E+00  0.00000000000000E+00  0.00000000000000E+00
  -0.88322010326999E+06  0.21102141204275E+06 -0.28549852504154E+05 -0.67325911455125E+05  0.12488317693889E+05 -0.73635647273376E+04 -0.87928592585726E+04 -0.30220758632216E+06  0.67369364055548E+05  0.10703929895750E+05 -0.18163539207946E+04 -0.43694275681634E+04 -0.48437565519078E+03 -0.40402486827776E+00  0.20644356867108E+04 -0.17343962714799E+03  0.19665898865686E+04  0.93954912938937E+03 -0.39779727307629E+06  0.00000000000000E+00  0.00000000000000E+00  0.00000000000000E+00  0.59381469262468E+03 -0.61834733370849E+04  0.38330351639422E+05  0.00000000000000E+00  0.00000000000000E+00  0.00000000000000E+00  0.58394390463243E+06  0.00000000000000E+00  0.00000000000000E+00  0.00000000000000E+00  0.00000000000000E+00  0.00000000000000E+00  0.00000000000000E+00  0.00000000000000E+00  0.00000000000000E+00  0.00000000000000E+00  0.00000000000000E+00  0.00000000000000E+00  0.00000000000000E+00  0.00000000000000E+00  0.00000000000000E+00  0.00000000000000E+00  0.00000000000000E+00  0.00000000000000E+00  0.00000000000000E+00  0.00000000000000E+00  0.00000000000000E+00
  -0.11368791061929E+07  0.26521012248981E+06 -0.36949426317610E+05 -0.34817655155517E+06  0.65785633986642E+05 -0.35393221662896E+05 -0.45484891033344E+05 -0.58440169743589E+06  0.12614017552244E+06  0.21905843802473E+05 -0.35517904159782E+04 -0.20255545986910E-09  0.36089843056592E-11 -0.36905824625359E-11  0.45158458691143E+04 -0.53213632489335E+03  0.39501038375025E+04  0.22072466599596E+04 -0.19529388171926E+07  0.41045422309419E+05  0.15472624751931E+05  0.67487643537081E+04  0.34194897916765E+02 -0.10958970093513E+05  0.62049336432856E+05  0.00000000000000E+00  0.00000000000000E+00  0.00000000000000E+00  0.00000000000000E+00  0.92236648531204E+06  0.00000000000000E+00  0.00000000000000E+00  0.00000000000000E+00  0.00000000000000E+00  0.00000000000000E+00  0.00000000000000E+00  0.00000000000000E+00  0.00000000000000E+00  0.00000000000000E+00  0.00000000000000E+00  0.00000000000000E+00  0.00000000000000E+00  0.00000000000000E+00  0.00000000000000E+00  0.00000000000000E+00  0.00000000000000E+00  0.00000000000000E+00  0.00000000000000E+00  0.00000000000000E+00
  -0.21145220617421E+05  0.57176677437355E+04 -0.70662657522323E+03 -0.13174729898522E+04  0.33173896123069E+03  0.73727813938056E+01 -0.13876812723760E+03 -0.75428416606353E+05  0.22790726773951E+05  0.14510915465464E+04 -0.38395410523285E+03 -0.20908479697673E+04 -0.12642235416592E+03 -0.19922927857673E+01 -0.14616167872299E+04  0.15250161566615E+03 -0.11036593739856E+04 -0.56078575254209E+03 -0.11692730645174E+05  0.00000000000000E+00  0.00000000000000E+00  0.00000000000000E+00  0.00000000000000E+00  0.00000000000000E+00  0.00000000000000E+00  0.00000000000000E+00  0.00000000000000E+00  0.00000000000000E+00  0.00000000000000E+00  0.00000000000000E+00  0.14027588993191E+05  0.00000000000000E+00  0.00000000000000E+00  0.00000000000000E+00  0.00000000000000E+00  0.00000000000000E+00  0.00000000000000E+00  0.00000000000000E+00  0.00000000000000E+00  0.00000000000000E+00  0.00000000000000E+00  0.00000000000000E+00  0.00000000000000E+00  0.00000000000000E+00  0.00000000000000E+00  0.00000000000000E+00  0.00000000000000E+00  0.00000000000000E+00  0.00000000000000E+00
  -0.48146129507363E+05  0.13202564293320E+05 -0.16143762284913E+04 -0.24630417625306E+04  0.60139501295972E+03 -0.18112082388622E+02 -0.25525122743515E+03 -0.17055582664937E+06  0.51650658039486E+05  0.32228216646620E+04 -0.86781373513112E+03 -0.47509478369794E+02 -0.11884674853370E+02 -0.34161834675912E-05 -0.29422968564985E+04  0.30541616030916E+03 -0.22254184526894E+04 -0.11310742205312E+04 -0.22033725929520E+05  0.00000000000000E+00  0.00000000000000E+00  0.00000000000000E+00  0.00000000000000E+00  0.00000000000000E+00  0.00000000000000E+00  0.00000000000000E+00  0.00000000000000E+00  0.00000000000000E+00  0.00000000000000E+00  0.00000000000000E+00  0.00000000000000E+00  0.31254260549605E+05  0.00000000000000E+00  0.00000000000000E+00  0.00000000000000E+00  0.00000000000000E+00  0.00000000000000E+00  0.00000000000000E+00  0.00000000000000E+00  0.00000000000000E+00  0.00000000000000E+00  0.00000000000000E+00  0.00000000000000E+00  0.00000000000000E+00  0.00000000000000E+00  0.00000000000000E+00  0.00000000000000E+00  0.00000000000000E+00  0.00000000000000E+00
