# fitpack15: fit parameters                                                                         
# CJ15 AV18 final data choices                                                                      
# Created on 03/24/2020 at 23:12:52                                                                 

 # QCD setup
  INS                           0
  NVL                          11
  IORD                          1
  Q02                   1.6899999999999999     
  IPARAMC                      -7
  FLAVOR                5.0000000000000000     
  xmc                   1.3000000000000000     
  xmb                   4.5000000000000000     
  ncb                          12
  ihq                           1
  ias                           0

 # Theory corrections
  inuke                     10114
  itmc                          1
  iht                           2

 # fit parameters
 LAMBDA       0.22680        0.0000    
 a0uv          1.3310        0.0000    
 a1uv         0.49326       0.32742E-01
 a2uv          3.6414       0.13963E-01
 a3uv          0.0000        0.0000    
 a4uv          7.6656        1.3667    
 a5uv          0.0000        0.0000    
 a0dv          16.693        0.0000    
 a1dv          1.0639       0.41706E-01
 a2dv          6.3594       0.22921    
 a3dv         -3.4341       0.14158    
 a4dv          4.9331       0.20242    
 a5dv          0.0000        0.0000    
 a0ud         0.13589       0.48556E-02
 a1ud        -0.21481       0.38684E-02
 a2ud          9.0673       0.18480    
 a3ud          0.0000        0.0000    
 a4ud          19.271        1.4530    
 a5ud          0.0000        0.0000    
 a0du          35712.        0.0000    
 a1du          4.2040       0.13572    
 a2du          20.975        1.3468    
 a3du          17.000        0.0000    
 a4du          61.824        17.823    
 a0g           40.081        0.0000    
 a1g          0.57783       0.27879E-01
 a2g           5.4440       0.78921    
 a3g          -3.2902       0.11644    
 a4g           3.0263       0.24301    
 a5g           0.0000        0.0000    
 kappa        0.40000        0.0000    
 a6dv         0.30415E-02   0.14138E-02
 a7dv          2.0000        0.0000    
 off1        -0.61361E-01   0.12804    
 off2        -0.15774       0.89004    
 off3        -0.19895        1.4875    
 ht1          -6.7193        1.9589    
 ht2           2.5976       0.23567    
 ht3          -2.0494       0.36490E-01
 ht4           2.7664       0.16458    
 ht1n         -10.713        12.202    
 ht2n          2.9604       0.80702    
 ht3n         -2.2887       0.10016    
 ht4n          3.6839       0.78509    
 dummy45       0.0000        0.0000    
 dummy46       0.0000        0.0000    
 dummy47       0.0000        0.0000    
 dummy48       0.0000        0.0000    
 dummy49       0.0000        0.0000    
 bcdmsh2      0.96943       0.51691E-02
 bcdmsd2      0.98982       0.61705E-02
 ccfr          1.0000        0.0000    
 nutev         1.0000        0.0000    
 zeus         0.97998        0.0000    
 h1            1.0162        0.0000    
 e605          1.0319        0.0000    
 NmcH2         1.0055       0.73391E-02
 ntv_nu        1.0000        0.0000    
 ntv_nuba      1.0000        0.0000    
 cdf_jet      0.98910        0.0000    
 d0_jet       0.83504        0.0000    
 slac_p       0.99647       0.57365E-02
 slac_d        1.0015       0.59043E-02
 e866pp        1.0041       0.20838E-01
 e866pd       0.96652       0.18253E-01
 d0_gamje      1.0360       0.16542E-01
 h1b          0.97608        0.0000    
 blank         1.0000        0.0000    
 d0run2       0.94874       0.15521E-01
 cdfrun2      0.93566       0.17912E-01
 HERA_el       1.0000        0.0000    
 HERA_ps       1.0000        0.0000    
 CDF_Z        0.94382       0.69910E-02
 NmcRat        1.0000        0.0000    
 HERMES_F     0.99089       0.61457E-02
 HERMES_F     0.97676       0.62820E-02
 END 0. 0.

 # Hessian matrix (Bevington alpha)
   0.45237751929698E+07 -0.10030451358612E+07  0.10247569411790E+06  0.37802818731966E+06 -0.10429090871646E+06 -0.13757127240871E+05  0.42973571776765E+05  0.10412132631580E+07 -0.19407693360888E+06 -0.45917416497743E+05  0.61765267113242E+04  0.12763856195833E+05  0.13518494333448E+04 -0.95928417971482E+02  0.17543019638171E+05 -0.40215325119915E+04  0.22928944894237E+05  0.16199213465153E+05  0.35930235894626E+07 -0.55816906602461E+05 -0.22944614652245E+05 -0.10497941181137E+05 -0.44686413999819E+04  0.71842579984675E+04 -0.17001828672349E+06 -0.53325032476585E+05 -0.13212376917981E+04 -0.29983837235772E+04 -0.43252655061842E+05 -0.17319393203641E+05 -0.14047332140377E+06 -0.59298085129138E+05 -0.65554259937281E+04 -0.89604798371286E+06 -0.11465929294638E+07 -0.21673044791728E+05 -0.49893439615092E+05 -0.34155712977595E+04 -0.91519650113901E+04 -0.32542908674569E+04 -0.24393630704692E+05 -0.81256334998900E+05 -0.63422554507943E+05
  -0.10030451358612E+07  0.28525167861928E+06 -0.22728648779828E+05 -0.89044044975238E+05  0.25416163334687E+05  0.47548076645878E+04 -0.82490413792064E+04 -0.11087325564855E+06  0.24272464067406E+05  0.55433495252898E+04 -0.61618646306732E+03 -0.89456126866886E+03 -0.97241909550829E+02  0.10924783140987E+02 -0.37630267194945E+03  0.19422456194592E+03 -0.43256087709829E+03 -0.43075463367107E+03 -0.11216684740721E+07  0.12540733399176E+05  0.59833127616617E+04  0.30565806434445E+04  0.27224545693866E+04  0.47278937059222E+04  0.47715918897639E+05  0.23883019903188E+05  0.52926215183304E+03  0.20374004812842E+04  0.10901549700696E+05  0.63738971286071E+04  0.17113704446886E+05  0.83832905673265E+04 -0.12343133230071E+03  0.20129752665624E+06  0.25119913174038E+06  0.56437371385612E+04  0.13195197351678E+05  0.42198882774393E+03  0.22930614521168E+04  0.73213106540375E+03 -0.18946214848031E+04  0.88160110693386E+04  0.73504618101764E+04
   0.10247569411790E+06 -0.22728648779828E+05  0.23325421076017E+04  0.79863950443327E+04 -0.23271080959315E+04 -0.47650265527636E+03  0.90139699008632E+03  0.18738780947819E+05 -0.34123334461387E+04 -0.95198735386971E+03  0.11287405609092E+03  0.24790037801999E+03  0.28510730870742E+02 -0.24008856180485E+01  0.13871027305337E+02 -0.50969729968084E+02  0.13651207447282E+03  0.16406918160443E+03  0.80439154037767E+05 -0.12503369484924E+04 -0.51463575718897E+03 -0.23532004299117E+03 -0.99998964408853E+02  0.14028301099114E+03 -0.38226389154890E+04 -0.11782200840031E+04 -0.29841576666529E+02 -0.72541399818071E+02 -0.97557610684248E+03 -0.38693667653114E+03 -0.31455474059888E+04 -0.13193595942963E+04 -0.21805178226032E+02 -0.19906603996579E+05 -0.25602487024539E+05 -0.49086245025043E+03 -0.11321697414181E+04 -0.69525826306731E+02 -0.20610492978817E+03 -0.73437476504195E+02 -0.20253875688921E+03 -0.16019405758613E+04 -0.12689093043189E+04
   0.37802818731966E+06 -0.89044044975238E+05  0.79863950443327E+04  0.38549076427044E+06 -0.57181582476124E+05  0.65168251079238E+05  0.53435053493172E+05  0.37888854943080E+06 -0.29390422097173E+05 -0.16943719916212E+05  0.26995878836093E+04 -0.13270942281947E+04 -0.11686966702225E+03  0.49148693556408E+02  0.33304810337830E+05 -0.43937844655957E+04  0.35643484510665E+05  0.20508031068611E+05  0.11830046431242E+07 -0.17414312158074E+05 -0.65029254505502E+04 -0.26196471740996E+04  0.54790718783068E+02  0.39366200519775E+04 -0.24604430032391E+05 -0.33167104341267E+04 -0.16746675235851E+03  0.49161785131669E+03 -0.11891682953800E+05 -0.28350042608153E+04 -0.13089293645146E+05 -0.21759676689053E+05 -0.16112108716537E+03 -0.66540850695726E+05 -0.34215995063434E+06 -0.12278209055035E+04 -0.24512089752536E+04 -0.67333116433183E+02 -0.23592966950572E+04 -0.92673347606509E+03 -0.11017296893048E+05 -0.76703926033208E+04 -0.22592707692090E+05
  -0.10429090871646E+06  0.25416163334687E+05 -0.23271080959315E+04 -0.57181582476124E+05  0.10419600788303E+05 -0.65928130468748E+04 -0.74810763585008E+04 -0.30890792794409E+05  0.85718951366842E+01  0.20044646953447E+04 -0.24320826791138E+03 -0.10899529493798E+01  0.32120887871288E+01 -0.42367140782954E+01 -0.28957619888930E+04  0.40600969983137E+03 -0.29653919217236E+04 -0.17606138867764E+04 -0.26693939103100E+06  0.31140039759834E+04  0.13253212580225E+04  0.58446745778365E+03  0.10228562652382E+03 -0.16926215178836E+03  0.54917201348269E+04  0.12057231453515E+04  0.70823312318547E+02  0.22673016464492E+03  0.25652085850715E+04  0.84824484832723E+03  0.20153435083330E+04  0.34362407505674E+04 -0.53184382355318E+02  0.12233992483968E+05  0.64130734193948E+05  0.31341495065952E+03  0.60473530235440E+03  0.85100401780190E+01  0.47261734601327E+03  0.17417170182567E+03  0.39837455181192E+03  0.85244658312922E+03  0.26186718913427E+04
  -0.13757127240871E+05  0.47548076645878E+04 -0.47650265527636E+03  0.65168251079238E+05 -0.65928130468748E+04  0.16179674045407E+05  0.99122528899283E+04  0.96859849864979E+05 -0.94683325612238E+04 -0.36340775960960E+04  0.67348891299595E+03 -0.50776217545976E+03 -0.41484647266561E+02  0.13328212049595E+02  0.80852268098705E+04 -0.10643475921792E+04  0.89895680473293E+04  0.51721754434803E+04  0.53335300253844E+05 -0.19896368557130E+04 -0.50283264534083E+03 -0.11973647107169E+03  0.18800821133093E+03  0.13515850939557E+04 -0.11072883193316E+04  0.60116457530189E+03  0.47054503314172E+02  0.59052307038596E+03 -0.67635036917053E+03  0.21012826922749E+03 -0.21500190418621E+04 -0.33598510402710E+04  0.77341135782409E+02 -0.74702732766814E+04 -0.35937814261013E+05  0.17345686126622E+01 -0.28711940212809E+02 -0.14216994281027E+02 -0.20198266561603E+03 -0.10087328247360E+03 -0.27651491420828E+04 -0.15983385844599E+04 -0.45665797637948E+04
   0.42973571776765E+05 -0.82490413792064E+04  0.90139699008632E+03  0.53435053493172E+05 -0.74810763585008E+04  0.99122528899283E+04  0.77667335773150E+04  0.51438119833395E+05 -0.28586659586258E+04 -0.24970264511812E+04  0.37812060184065E+03 -0.17452844806241E+03 -0.16109278654427E+02  0.70459582537004E+01  0.43028222007571E+04 -0.58961775457471E+03  0.46157790276316E+04  0.27186490973827E+04  0.12787683604864E+06 -0.22388616955552E+04 -0.78670894362573E+03 -0.28879263573964E+03  0.77999961802984E+02  0.82376415304707E+03 -0.27475115446849E+04 -0.23202850077542E+02  0.64436319902505E+00  0.22272514158835E+03 -0.14015835663167E+04 -0.17187372233082E+03 -0.20215212779253E+04 -0.32190380203670E+04  0.97385278903388E+02 -0.86517513234669E+04 -0.44567977907165E+05 -0.13057412045131E+03 -0.25696243247724E+03 -0.10229802505148E+02 -0.29777291105923E+03 -0.12399922962998E+03 -0.11772707323891E+04 -0.10021185875739E+04 -0.29702252194498E+04
   0.10412132631580E+07 -0.11087325564855E+06  0.18738780947819E+05  0.37888854943080E+06 -0.30890792794409E+05  0.96859849864979E+05  0.51438119833395E+05  0.60840802339687E+07 -0.25803824326777E+07 -0.93107906599568E+05  0.24673511063854E+05  0.22554357472693E+05  0.15102314074931E+04  0.79556628836100E+02  0.98635040568833E+05 -0.13029613486524E+05  0.12161240039313E+06  0.66161660012999E+05  0.28905194497491E+06 -0.38432375124048E+05 -0.71697560525979E+04 -0.17919942529896E+04  0.31646493034923E+04  0.31123651851922E+05 -0.20523578601956E+05  0.51487230335715E+04  0.55927904931805E+03  0.92359192618165E+04 -0.82066161322207E+04  0.11258053106139E+04 -0.62760427116219E+05 -0.50183470473951E+05 -0.77172687969384E+05 -0.30928350215900E+06 -0.58618915464934E+06 -0.75970114633587E+05 -0.17386777540245E+06 -0.15582715290754E+04  0.10192881921983E+04  0.56282989870791E+03 -0.29639654185812E+06 -0.15877072996757E+06 -0.19057237141540E+06
  -0.19407693360888E+06  0.24272464067406E+05 -0.34123334461387E+04 -0.29390422097173E+05  0.85718951366842E+01 -0.94683325612238E+04 -0.28586659586258E+04 -0.25803824326777E+07  0.19362407040576E+07  0.19967315632792E+05 -0.60013332611713E+04 -0.47257410987150E+04 -0.26091023843579E+03 -0.10813388787449E+02  0.47521053053261E+05 -0.22692876186741E+04  0.17668037798419E+05  0.90841130890705E+04  0.29944109265305E+05  0.93119904388361E+04  0.14101610208862E+04  0.30669254553252E+03 -0.67033595725416E+03 -0.70124111687280E+04  0.32334711028863E+04 -0.10033944275796E+04 -0.12907486293873E+03 -0.21727132849785E+04  0.13190648463873E+04 -0.27527813392521E+03  0.11065350257442E+05  0.10494158890768E+05  0.26296962544127E+05  0.68854741217871E+05  0.12626993435743E+06  0.22762650132419E+05  0.52149361343435E+05  0.22159427266693E+03 -0.14523326062232E+04 -0.77007197671594E+03  0.11765630257876E+06  0.47874828941606E+05  0.56974837906859E+05
  -0.45917416497743E+05  0.55433495252898E+04 -0.95198735386971E+03 -0.16943719916212E+05  0.20044646953447E+04 -0.36340775960960E+04 -0.24970264511812E+04 -0.93107906599568E+05  0.19967315632792E+05  0.24958198866120E+04 -0.52312600280251E+03 -0.51905035362213E+03 -0.45359302601206E+02 -0.13108778258457E+01 -0.40793612149100E+04  0.53666268067608E+03 -0.45625015895683E+04 -0.26238149462545E+04 -0.26839189267072E+05  0.11804149110145E+04  0.29861445951864E+03  0.90157274515217E+02 -0.10347058297659E+03 -0.94127653058359E+03  0.11257120310295E+04 -0.17486720320969E+03 -0.14768770688668E+02 -0.25336416484975E+03  0.44325553158930E+03 -0.14232379333979E+02  0.25681882310247E+04  0.17561112462573E+04  0.75339960043156E+03  0.10468906499079E+05  0.21065885383547E+05  0.14001821704633E+04  0.31680185812174E+04  0.43890397000191E+02  0.10270140112516E+03  0.47265737251616E+02  0.31631662514947E+04  0.29024714107863E+04  0.35679325810249E+04
   0.61765267113242E+04 -0.61618646306732E+03  0.11287405609092E+03  0.26995878836093E+04 -0.24320826791138E+03  0.67348891299595E+03  0.37812060184065E+03  0.24673511063854E+05 -0.60013332611713E+04 -0.52312600280251E+03  0.12961973145367E+03  0.12916913218809E+03  0.92419104206949E+01  0.44404331625741E+00  0.11010202222459E+04 -0.12767696626917E+03  0.11546436099245E+04  0.63436749564523E+03  0.25935414511621E+04 -0.20275127033766E+03 -0.40818128978936E+02 -0.10564302030740E+02  0.17803589825205E+02  0.17106257486047E+03 -0.12321379081719E+03  0.29852415610554E+02  0.30584267594688E+01  0.49939609376411E+02 -0.49008458310270E+02  0.61299237181362E+01 -0.37315788930706E+03 -0.28173133662308E+03 -0.31345150700826E+03 -0.16951495270771E+04 -0.32478241136961E+04 -0.35674253007219E+03 -0.81649820524005E+03 -0.97026386837753E+01 -0.67387195781019E+01 -0.34458575965451E+01 -0.10363095774792E+04 -0.74473320735111E+03 -0.89889395355115E+03
   0.12763856195833E+05 -0.89456126866886E+03  0.24790037801999E+03 -0.13270942281947E+04 -0.10899529493798E+01 -0.50776217545976E+03 -0.17452844806241E+03  0.22554357472693E+05 -0.47257410987150E+04 -0.51905035362213E+03  0.12916913218809E+03  0.94381213864278E+03  0.63138345718070E+02 -0.11979727926721E+01  0.10447995763758E+04 -0.15846708074863E+03  0.14831345374553E+04  0.85756776493465E+03  0.27661369759063E+04  0.20940635229531E+03  0.21933527549258E+02  0.71980583137915E+00  0.24201122206667E+02  0.27825723825385E+03 -0.42702935919694E+02  0.27441135868412E+02 -0.12411217350770E+01 -0.28041942699874E+02 -0.52659215935927E+01 -0.64455896200236E+00 -0.82632058797377E+03 -0.33292392515786E-11 -0.50305063624762E+03 -0.38831752971987E+04  0.40646531881013E-09 -0.16326944366540E+04 -0.43592673095659E+02 -0.59118314300531E+02 -0.12806039653131E+01 -0.55421881418986E+00  0.13994968409479E+03 -0.20881860005220E+04  0.71327402383074E-10
   0.13518494333448E+04 -0.97241909550829E+02  0.28510730870742E+02 -0.11686966702225E+03  0.32120887871288E+01 -0.41484647266561E+02 -0.16109278654427E+02  0.15102314074931E+04 -0.26091023843579E+03 -0.45359302601206E+02  0.92419104206949E+01  0.63138345718070E+02  0.55324104326730E+01 -0.11876310972042E+00  0.60811714192046E+02 -0.11015479662835E+02  0.95930232074760E+02  0.59363868878204E+02  0.13880678259252E+03  0.12923521713677E+02  0.19409396959423E+01  0.15396519676713E+00  0.30164370539902E+01  0.30362665917521E+02 -0.86742067964875E+01  0.44402213283469E+01 -0.13889338444076E+00 -0.25502168312617E+01 -0.26396779965508E+00 -0.21362225423145E+00 -0.11709083269581E+03  0.52720216299211E-12 -0.20108925971659E+02 -0.44081761755931E+03  0.57790686490373E-10 -0.10246763250174E+03 -0.10974779391981E+02 -0.47452466078688E+01 -0.13095947645938E+00 -0.51769706479868E-01  0.15831733649580E+02 -0.15128165821443E+03  0.24251763443331E-11
  -0.95928417971482E+02  0.10924783140987E+02 -0.24008856180485E+01  0.49148693556408E+02 -0.42367140782954E+01  0.13328212049595E+02  0.70459582537004E+01  0.79556628836100E+02 -0.10813388787449E+02 -0.13108778258457E+01  0.44404331625741E+00 -0.11979727926721E+01 -0.11876310972042E+00  0.31272264844680E-01  0.10700231520691E+02 -0.80538826173300E+00  0.74584977389054E+01  0.35499454022332E+01  0.43009401122814E+02  0.10215891173645E+01 -0.34257143355899E-01 -0.15104672514207E-01 -0.15336235097090E-01 -0.14902294218747E+00  0.51579187174448E-01 -0.14465840288111E-01  0.47142146443243E-02  0.93670876291978E-01 -0.33279217692372E-01 -0.97510387801421E-03  0.46334282169730E-01 -0.98260746100478E-13 -0.40091880866471E+01 -0.31004718459415E+00  0.12205365056914E-12 -0.15739586053523E+01 -0.14010740349599E-05 -0.86343441629096E-01 -0.10213508659196E-02 -0.56613013322300E-03 -0.18904060695477E+01 -0.16610051851788E+01  0.73991596991565E-12
   0.17543019638171E+05 -0.37630267194945E+03  0.13871027305337E+02  0.33304810337830E+05 -0.28957619888930E+04  0.80852268098705E+04  0.43028222007571E+04  0.98635040568833E+05  0.47521053053261E+05 -0.40793612149100E+04  0.11010202222459E+04  0.10447995763758E+04  0.60811714192046E+02  0.10700231520691E+02  0.51557877660879E+05 -0.50774644405853E+04  0.45539895720914E+05  0.24321738103336E+05  0.41512609198887E+05  0.19450093621345E+02  0.47768593177351E+02  0.22377258256700E+02 -0.16992561467613E+02 -0.15168023793697E+03  0.53283644127030E+03 -0.44899457799169E+01  0.22304364632745E+00 -0.20516749958624E+02  0.19805121140854E+03  0.22163988322311E+02 -0.30626987767302E+04 -0.20011845985989E+04 -0.25089302396987E+04  0.18416426469409E+04  0.41380853897152E+04 -0.14543105031312E+04 -0.30231648468792E+04 -0.74941028409740E+03 -0.31766850188222E+04 -0.16355532320972E+04 -0.20202058942486E+04 -0.10130872216819E+04 -0.11368136828390E+04
  -0.40215325119915E+04  0.19422456194592E+03 -0.50969729968084E+02 -0.43937844655957E+04  0.40600969983137E+03 -0.10643475921792E+04 -0.58961775457471E+03 -0.13029613486524E+05 -0.22692876186741E+04  0.53666268067608E+03 -0.12767696626917E+03 -0.15846708074863E+03 -0.11015479662835E+02 -0.80538826173300E+00 -0.50774644405853E+04  0.59097307543434E+03 -0.52338736446964E+04 -0.29051074888716E+04 -0.59007225463514E+04  0.16956153875998E+02 -0.49371000758555E+01 -0.36953099832220E+01 -0.14025412794441E+01 -0.10048604004768E+02 -0.10878499996860E+03 -0.11581346073224E+02 -0.95196684179972E+00 -0.73150245809323E+01 -0.40078362375919E+02 -0.86588901625934E+01  0.61186054011844E+03  0.38466958206011E+03  0.29812360752131E+03 -0.93789359614038E+02 -0.39713573104464E+03  0.16332620482585E+03  0.33623563752849E+03  0.88200798455123E+02  0.53609007770434E+03  0.25412445129871E+03 -0.44127013291434E+03  0.29678140293713E+03  0.33231166890519E+03
   0.22928944894237E+05 -0.43256087709829E+03  0.13651207447282E+03  0.35643484510665E+05 -0.29653919217236E+04  0.89895680473293E+04  0.46157790276316E+04  0.12161240039313E+06  0.17668037798419E+05 -0.45625015895683E+04  0.11546436099245E+04  0.14831345374553E+04  0.95930232074760E+02  0.74584977389054E+01  0.45539895720914E+05 -0.52338736446964E+04  0.47277031618304E+05  0.26015049291596E+05  0.42531651815470E+05  0.55099132021593E+01  0.76545211441696E+02  0.33463482317147E+02 -0.46648559764515E+02 -0.28651377442604E+03  0.72018795227960E+03 -0.11928240448043E+03 -0.50656488341503E+01 -0.63294360644844E+02  0.28204207597028E+03 -0.94251890084569E+01 -0.41669201484561E+04 -0.26312452817074E+04 -0.30103078526078E+04  0.26223037613945E+04  0.62785576724274E+04 -0.14400718869287E+04 -0.30067689282050E+04 -0.79848982878347E+03 -0.38121646527658E+04 -0.19832017145415E+04  0.29292230869369E+04 -0.25579346451019E+04 -0.28256945762989E+04
   0.16199213465153E+05 -0.43075463367107E+03  0.16406918160443E+03  0.20508031068611E+05 -0.17606138867764E+04  0.51721754434803E+04  0.27186490973827E+04  0.66161660012999E+05  0.90841130890705E+04 -0.26238149462545E+04  0.63436749564523E+03  0.85756776493465E+03  0.59363868878204E+02  0.35499454022332E+01  0.24321738103336E+05 -0.29051074888716E+04  0.26015049291596E+05  0.14490543057488E+05  0.25239046285371E+05 -0.33350377878486E+02  0.42256696813256E+02  0.21648176121257E+02 -0.17578839275858E+02 -0.85193761803165E+02  0.51811320281932E+03 -0.42745537628699E+02 -0.43216863215449E+00 -0.85215507413497E+01  0.20189904649267E+03  0.86406551702983E+01 -0.28711078096398E+04 -0.17823933043862E+04 -0.15196800485477E+04  0.11262594695701E+04  0.32915784352722E+04 -0.74974431484672E+03 -0.15611975174453E+04 -0.44625099583373E+03 -0.24913568454894E+04 -0.12421712895844E+04  0.25592836586455E+04 -0.17027180008715E+04 -0.18856531978582E+04
   0.35930235894626E+07 -0.11216684740721E+07  0.80439154037767E+05  0.11830046431242E+07 -0.26693939103100E+06  0.53335300253844E+05  0.12787683604864E+06  0.28905194497491E+06  0.29944109265305E+05 -0.26839189267072E+05  0.25935414511621E+04  0.27661369759063E+04  0.13880678259252E+03  0.43009401122814E+02  0.41512609198887E+05 -0.59007225463514E+04  0.42531651815470E+05  0.25239046285371E+05  0.10789559536813E+08 -0.88415734493667E+05 -0.44739869232662E+05 -0.23275897987310E+05 -0.12122186023446E+05 -0.23679689742286E+05 -0.20093605209290E+06 -0.10297118309807E+06 -0.42055960200483E+04 -0.17517263294127E+05 -0.80207979747102E+05 -0.49466854317798E+05 -0.23204269230836E+05 -0.51593803476212E+05  0.73280917437929E+03 -0.36143758124524E+06 -0.17627681475301E+07 -0.10592744930996E+05 -0.21131094279846E+05 -0.12725615590103E+03 -0.15575551630749E+05 -0.49315371568764E+04  0.11687288988900E+05 -0.13842753392792E+05 -0.42905449061569E+05
  -0.55816906602461E+05  0.12540733399176E+05 -0.12503369484924E+04 -0.17414312158074E+05  0.31140039759834E+04 -0.19896368557130E+04 -0.22388616955552E+04 -0.38432375124048E+05  0.93119904388361E+04  0.11804149110145E+04 -0.20275127033766E+03  0.20940635229531E+03  0.12923521713677E+02  0.10215891173645E+01  0.19450093621345E+02  0.16956153875998E+02  0.55099132021593E+01 -0.33350377878486E+02 -0.88415734493667E+05  0.26220887917667E+04  0.82217072973769E+03  0.34103423496751E+03  0.32437846950764E+02 -0.28649948184416E+03  0.22748357078760E+04  0.62517839947394E+03  0.26627243073985E+02 -0.80380277394140E+02  0.13398562208729E+04  0.46697978791113E+03  0.00000000000000E+00  0.26076722116816E+04  0.00000000000000E+00  0.00000000000000E+00  0.40839554407787E+05  0.00000000000000E+00  0.00000000000000E+00  0.00000000000000E+00  0.00000000000000E+00  0.00000000000000E+00  0.00000000000000E+00  0.00000000000000E+00  0.42379753176238E+04
  -0.22944614652245E+05  0.59833127616617E+04 -0.51463575718897E+03 -0.65029254505502E+04  0.13253212580225E+04 -0.50283264534083E+03 -0.78670894362573E+03 -0.71697560525979E+04  0.14101610208862E+04  0.29861445951864E+03 -0.40818128978936E+02  0.21933527549258E+02  0.19409396959423E+01 -0.34257143355899E-01  0.47768593177351E+02 -0.49371000758555E+01  0.76545211441696E+02  0.42256696813256E+02 -0.44739869232662E+05  0.82217072973769E+03  0.33974932682113E+03  0.15890441351115E+03  0.37468528780090E+02 -0.34895491771333E+01  0.10347730932440E+04  0.40003332915798E+03  0.20283832294800E+02  0.44290905235482E+02  0.58617396708742E+03  0.27319313014055E+03  0.00000000000000E+00  0.67664753376157E+03  0.00000000000000E+00  0.00000000000000E+00  0.15121086697339E+05  0.00000000000000E+00  0.00000000000000E+00  0.00000000000000E+00  0.00000000000000E+00  0.00000000000000E+00  0.00000000000000E+00  0.00000000000000E+00  0.87879970731484E+03
  -0.10497941181137E+05  0.30565806434445E+04 -0.23532004299117E+03 -0.26196471740996E+04  0.58446745778365E+03 -0.11973647107169E+03 -0.28879263573964E+03 -0.17919942529896E+04  0.30669254553252E+03  0.90157274515217E+02 -0.10564302030740E+02  0.71980583137915E+00  0.15396519676713E+00 -0.15104672514207E-01  0.22377258256700E+02 -0.36953099832220E+01  0.33463482317147E+02  0.21648176121257E+02 -0.23275897987310E+05  0.34103423496751E+03  0.15890441351115E+03  0.80193858878911E+02  0.26437267053040E+02  0.33476173024048E+02  0.50839688515613E+03  0.24678893483742E+03  0.12565611692004E+02  0.42513687134009E+02  0.27471359673149E+03  0.15814490183112E+03  0.00000000000000E+00  0.19775611442770E+03  0.00000000000000E+00  0.00000000000000E+00  0.64730071547011E+04  0.00000000000000E+00  0.00000000000000E+00  0.00000000000000E+00  0.00000000000000E+00  0.00000000000000E+00  0.00000000000000E+00  0.00000000000000E+00  0.25906567997209E+03
  -0.44686413999819E+04  0.27224545693866E+04 -0.99998964408853E+02  0.54790718783068E+02  0.10228562652382E+03  0.18800821133093E+03  0.77999961802984E+02  0.31646493034923E+04 -0.67033595725416E+03 -0.10347058297659E+03  0.17803589825205E+02  0.24201122206667E+02  0.30164370539902E+01 -0.15336235097090E-01 -0.16992561467613E+02 -0.14025412794441E+01 -0.46648559764515E+02 -0.17578839275858E+02 -0.12122186023446E+05  0.32437846950764E+02  0.37468528780090E+02  0.26437267053040E+02  0.72285472311290E+02  0.24835302425001E+03  0.51289870490503E+03  0.50847960456911E+03  0.88895830651565E+01  0.49062565594620E+02  0.70271443912353E+02  0.95254134793147E+02 -0.53908445679776E+02 -0.15951688798815E+02  0.39320061486946E+01  0.73377159254753E+03  0.49798372726097E+03  0.00000000000000E+00  0.00000000000000E+00  0.00000000000000E+00  0.00000000000000E+00  0.00000000000000E+00  0.00000000000000E+00 -0.20562853407246E+03 -0.11385706281625E+03
   0.71842579984675E+04  0.47278937059222E+04  0.14028301099114E+03  0.39366200519775E+04 -0.16926215178836E+03  0.13515850939557E+04  0.82376415304707E+03  0.31123651851922E+05 -0.70124111687280E+04 -0.94127653058359E+03  0.17106257486047E+03  0.27825723825385E+03  0.30362665917521E+02 -0.14902294218747E+00 -0.15168023793697E+03 -0.10048604004768E+02 -0.28651377442604E+03 -0.85193761803165E+02 -0.23679689742286E+05 -0.28649948184416E+03 -0.34895491771333E+01  0.33476173024048E+02  0.24835302425001E+03  0.13442047762584E+04  0.69681608716187E+03  0.12297664824401E+04  0.30023994461711E+02  0.24030487695981E+03  0.45309583536671E+02  0.24535926888377E+03 -0.27875894168418E+03 -0.94325237214335E+02 -0.39181817931665E+01 -0.67701455890941E+04 -0.62667486490022E+04  0.00000000000000E+00  0.00000000000000E+00  0.00000000000000E+00  0.00000000000000E+00  0.00000000000000E+00  0.00000000000000E+00 -0.23048679355376E+04 -0.12725772511829E+04
  -0.17001828672349E+06  0.47715918897639E+05 -0.38226389154890E+04 -0.24604430032391E+05  0.54917201348269E+04 -0.11072883193316E+04 -0.27475115446849E+04 -0.20523578601956E+05  0.32334711028863E+04  0.11257120310295E+04 -0.12321379081719E+03 -0.42702935919694E+02 -0.86742067964875E+01  0.51579187174448E-01  0.53283644127030E+03 -0.10878499996860E+03  0.72018795227960E+03  0.51811320281932E+03 -0.20093605209290E+06  0.22748357078760E+04  0.10347730932440E+04  0.50839688515613E+03  0.51289870490503E+03  0.69681608716187E+03  0.11178453026491E+05  0.46444798960923E+04  0.94161292536284E+02  0.35733666065996E+03  0.23089223819558E+04  0.11166000930579E+04  0.27050080504959E+03  0.10485681573420E+03  0.32376865793272E+01  0.49580585332976E+05  0.48593963983047E+05  0.00000000000000E+00  0.00000000000000E+00  0.00000000000000E+00  0.00000000000000E+00  0.00000000000000E+00  0.00000000000000E+00  0.20115359154003E+04  0.12278803572130E+04
  -0.53325032476585E+05  0.23883019903188E+05 -0.11782200840031E+04 -0.33167104341267E+04  0.12057231453515E+04  0.60116457530189E+03 -0.23202850077542E+02  0.51487230335715E+04 -0.10033944275796E+04 -0.17486720320969E+03  0.29852415610554E+02  0.27441135868412E+02  0.44402213283469E+01 -0.14465840288111E-01 -0.44899457799169E+01 -0.11581346073224E+02 -0.11928240448043E+03 -0.42745537628699E+02 -0.10297118309807E+06  0.62517839947394E+03  0.40003332915798E+03  0.24678893483742E+03  0.50847960456911E+03  0.12297664824401E+04  0.46444798960923E+04  0.41951799188407E+04  0.61109336106216E+02  0.25896985747058E+03  0.67660452924944E+03  0.74357371315158E+03 -0.27792195474818E+03 -0.74822032745956E+02  0.12621365526028E+02  0.13997571620159E+05  0.11240717064992E+05  0.00000000000000E+00  0.00000000000000E+00  0.00000000000000E+00  0.00000000000000E+00  0.00000000000000E+00  0.00000000000000E+00 -0.18411500408352E+03 -0.96436798120304E+02
  -0.13212376917981E+04  0.52926215183304E+03 -0.29841576666529E+02 -0.16746675235851E+03  0.70823312318547E+02  0.47054503314172E+02  0.64436319902505E+00  0.55927904931805E+03 -0.12907486293873E+03 -0.14768770688668E+02  0.30584267594688E+01 -0.12411217350770E+01 -0.13889338444076E+00  0.47142146443243E-02  0.22304364632745E+00 -0.95196684179972E+00 -0.50656488341503E+01 -0.43216863215449E+00 -0.42055960200483E+04  0.26627243073985E+02  0.20283832294800E+02  0.12565611692004E+02  0.88895830651565E+01  0.30023994461711E+02  0.94161292536284E+02  0.61109336106216E+02  0.39982549885084E+01  0.23614695411794E+02  0.46483647898409E+02  0.40139154682836E+02  0.00000000000000E+00 -0.40783052257157E+01  0.00000000000000E+00  0.00000000000000E+00  0.55907604808683E+03  0.00000000000000E+00  0.00000000000000E+00  0.00000000000000E+00  0.00000000000000E+00  0.00000000000000E+00  0.00000000000000E+00  0.00000000000000E+00 -0.34268183847769E+02
  -0.29983837235772E+04  0.20374004812842E+04 -0.72541399818071E+02  0.49161785131669E+03  0.22673016464492E+03  0.59052307038596E+03  0.22272514158835E+03  0.92359192618165E+04 -0.21727132849785E+04 -0.25336416484975E+03  0.49939609376411E+02 -0.28041942699874E+02 -0.25502168312617E+01  0.93670876291978E-01 -0.20516749958624E+02 -0.73150245809323E+01 -0.63294360644844E+02 -0.85215507413497E+01 -0.17517263294127E+05 -0.80380277394140E+02  0.44290905235482E+02  0.42513687134009E+02  0.49062565594620E+02  0.24030487695981E+03  0.35733666065996E+03  0.25896985747058E+03  0.23614695411794E+02  0.19458192434915E+03  0.17260104116075E+03  0.18504577932184E+03  0.00000000000000E+00 -0.44655105349037E+02  0.00000000000000E+00  0.00000000000000E+00 -0.10598779143515E+04  0.00000000000000E+00  0.00000000000000E+00  0.00000000000000E+00  0.00000000000000E+00  0.00000000000000E+00  0.00000000000000E+00  0.00000000000000E+00 -0.72177658268105E+03
  -0.43252655061842E+05  0.10901549700696E+05 -0.97557610684248E+03 -0.11891682953800E+05  0.25652085850715E+04 -0.67635036917053E+03 -0.14015835663167E+04 -0.82066161322207E+04  0.13190648463873E+04  0.44325553158930E+03 -0.49008458310270E+02 -0.52659215935927E+01 -0.26396779965508E+00 -0.33279217692372E-01  0.19805121140854E+03 -0.40078362375919E+02  0.28204207597028E+03  0.20189904649267E+03 -0.80207979747102E+05  0.13398562208729E+04  0.58617396708742E+03  0.27471359673149E+03  0.70271443912353E+02  0.45309583536671E+02  0.23089223819558E+04  0.67660452924944E+03  0.46483647898409E+02  0.17260104116075E+03  0.13587072928999E+04  0.54276226517596E+03  0.00000000000000E+00  0.88158687537276E+02  0.00000000000000E+00  0.00000000000000E+00  0.28834578770178E+05  0.00000000000000E+00  0.00000000000000E+00  0.00000000000000E+00  0.00000000000000E+00  0.00000000000000E+00  0.00000000000000E+00  0.00000000000000E+00  0.81001808448505E+03
  -0.17319393203641E+05  0.63738971286071E+04 -0.38693667653114E+03 -0.28350042608153E+04  0.84824484832723E+03  0.21012826922749E+03 -0.17187372233082E+03  0.11258053106139E+04 -0.27527813392521E+03 -0.14232379333979E+02  0.61299237181362E+01 -0.64455896200236E+00 -0.21362225423145E+00 -0.97510387801421E-03  0.22163988322311E+02 -0.86588901625934E+01 -0.94251890084569E+01  0.86406551702983E+01 -0.49466854317798E+05  0.46697978791113E+03  0.27319313014055E+03  0.15814490183112E+03  0.95254134793147E+02  0.24535926888377E+03  0.11166000930579E+04  0.74357371315158E+03  0.40139154682836E+02  0.18504577932184E+03  0.54276226517596E+03  0.45871701531250E+03  0.00000000000000E+00 -0.28402751411493E+02  0.00000000000000E+00  0.00000000000000E+00  0.91886764294674E+04  0.00000000000000E+00  0.00000000000000E+00  0.00000000000000E+00  0.00000000000000E+00  0.00000000000000E+00  0.00000000000000E+00  0.00000000000000E+00  0.15801100210872E+02
  -0.14047332140377E+06  0.17113704446886E+05 -0.31455474059888E+04 -0.13089293645146E+05  0.20153435083330E+04 -0.21500190418621E+04 -0.20215212779253E+04 -0.62760427116219E+05  0.11065350257442E+05  0.25681882310247E+04 -0.37315788930706E+03 -0.82632058797377E+03 -0.11709083269581E+03  0.46334282169730E-01 -0.30626987767302E+04  0.61186054011844E+03 -0.41669201484561E+04 -0.28711078096398E+04 -0.23204269230836E+05  0.00000000000000E+00  0.00000000000000E+00  0.00000000000000E+00 -0.53908445679776E+02 -0.27875894168418E+03  0.27050080504959E+03 -0.27792195474818E+03  0.00000000000000E+00  0.00000000000000E+00  0.00000000000000E+00  0.00000000000000E+00  0.11710585359450E+06  0.00000000000000E+00  0.00000000000000E+00  0.00000000000000E+00  0.00000000000000E+00  0.00000000000000E+00  0.00000000000000E+00  0.00000000000000E+00  0.00000000000000E+00  0.00000000000000E+00  0.00000000000000E+00  0.00000000000000E+00  0.00000000000000E+00
  -0.59298085129138E+05  0.83832905673265E+04 -0.13193595942963E+04 -0.21759676689053E+05  0.34362407505674E+04 -0.33598510402710E+04 -0.32190380203670E+04 -0.50183470473951E+05  0.10494158890768E+05  0.17561112462573E+04 -0.28173133662308E+03 -0.33292392515786E-11  0.52720216299211E-12 -0.98260746100478E-13 -0.20011845985989E+04  0.38466958206011E+03 -0.26312452817074E+04 -0.17823933043862E+04 -0.51593803476212E+05  0.26076722116816E+04  0.67664753376157E+03  0.19775611442770E+03 -0.15951688798815E+02 -0.94325237214335E+02  0.10485681573420E+03 -0.74822032745956E+02 -0.40783052257157E+01 -0.44655105349037E+02  0.88158687537276E+02 -0.28402751411493E+02  0.00000000000000E+00  0.65029833782161E+05  0.00000000000000E+00  0.00000000000000E+00  0.00000000000000E+00  0.00000000000000E+00  0.00000000000000E+00  0.00000000000000E+00  0.00000000000000E+00  0.00000000000000E+00  0.00000000000000E+00  0.00000000000000E+00  0.00000000000000E+00
  -0.65554259937281E+04 -0.12343133230071E+03 -0.21805178226032E+02 -0.16112108716537E+03 -0.53184382355318E+02  0.77341135782409E+02  0.97385278903388E+02 -0.77172687969384E+05  0.26296962544127E+05  0.75339960043156E+03 -0.31345150700826E+03 -0.50305063624762E+03 -0.20108925971659E+02 -0.40091880866471E+01 -0.25089302396987E+04  0.29812360752131E+03 -0.30103078526078E+04 -0.15196800485477E+04  0.73280917437929E+03  0.00000000000000E+00  0.00000000000000E+00  0.00000000000000E+00  0.39320061486946E+01 -0.39181817931665E+01  0.32376865793272E+01  0.12621365526028E+02  0.00000000000000E+00  0.00000000000000E+00  0.00000000000000E+00  0.00000000000000E+00  0.00000000000000E+00  0.00000000000000E+00  0.30854629822989E+05  0.00000000000000E+00  0.00000000000000E+00  0.00000000000000E+00  0.00000000000000E+00  0.00000000000000E+00  0.00000000000000E+00  0.00000000000000E+00  0.00000000000000E+00  0.00000000000000E+00  0.00000000000000E+00
  -0.89604798371286E+06  0.20129752665624E+06 -0.19906603996579E+05 -0.66540850695726E+05  0.12233992483968E+05 -0.74702732766814E+04 -0.86517513234669E+04 -0.30928350215900E+06  0.68854741217871E+05  0.10468906499079E+05 -0.16951495270771E+04 -0.38831752971987E+04 -0.44081761755931E+03 -0.31004718459415E+00  0.18416426469409E+04 -0.93789359614038E+02  0.26223037613945E+04  0.11262594695701E+04 -0.36143758124524E+06  0.00000000000000E+00  0.00000000000000E+00  0.00000000000000E+00  0.73377159254753E+03 -0.67701455890941E+04  0.49580585332976E+05  0.13997571620159E+05  0.00000000000000E+00  0.00000000000000E+00  0.00000000000000E+00  0.00000000000000E+00  0.00000000000000E+00  0.00000000000000E+00  0.00000000000000E+00  0.58717199449052E+06  0.00000000000000E+00  0.00000000000000E+00  0.00000000000000E+00  0.00000000000000E+00  0.00000000000000E+00  0.00000000000000E+00  0.00000000000000E+00  0.00000000000000E+00  0.00000000000000E+00
  -0.11465929294638E+07  0.25119913174038E+06 -0.25602487024539E+05 -0.34215995063434E+06  0.64130734193948E+05 -0.35937814261013E+05 -0.44567977907165E+05 -0.58618915464934E+06  0.12626993435743E+06  0.21065885383547E+05 -0.32478241136961E+04  0.40646531881013E-09  0.57790686490373E-10  0.12205365056914E-12  0.41380853897152E+04 -0.39713573104464E+03  0.62785576724274E+04  0.32915784352722E+04 -0.17627681475301E+07  0.40839554407787E+05  0.15121086697339E+05  0.64730071547011E+04  0.49798372726097E+03 -0.62667486490022E+04  0.48593963983047E+05  0.11240717064992E+05  0.55907604808683E+03 -0.10598779143515E+04  0.28834578770178E+05  0.91886764294674E+04  0.00000000000000E+00  0.00000000000000E+00  0.00000000000000E+00  0.00000000000000E+00  0.92322322836937E+06  0.00000000000000E+00  0.00000000000000E+00  0.00000000000000E+00  0.00000000000000E+00  0.00000000000000E+00  0.00000000000000E+00  0.00000000000000E+00  0.00000000000000E+00
  -0.21673044791728E+05  0.56437371385612E+04 -0.49086245025043E+03 -0.12278209055035E+04  0.31341495065952E+03  0.17345686126622E+01 -0.13057412045131E+03 -0.75970114633587E+05  0.22762650132419E+05  0.14001821704633E+04 -0.35674253007219E+03 -0.16326944366540E+04 -0.10246763250174E+03 -0.15739586053523E+01 -0.14543105031312E+04  0.16332620482585E+03 -0.14400718869287E+04 -0.74974431484672E+03 -0.10592744930996E+05  0.00000000000000E+00  0.00000000000000E+00  0.00000000000000E+00  0.00000000000000E+00  0.00000000000000E+00  0.00000000000000E+00  0.00000000000000E+00  0.00000000000000E+00  0.00000000000000E+00  0.00000000000000E+00  0.00000000000000E+00  0.00000000000000E+00  0.00000000000000E+00  0.00000000000000E+00  0.00000000000000E+00  0.00000000000000E+00  0.13691771516783E+05  0.00000000000000E+00  0.00000000000000E+00  0.00000000000000E+00  0.00000000000000E+00  0.00000000000000E+00  0.00000000000000E+00  0.00000000000000E+00
  -0.49893439615092E+05  0.13195197351678E+05 -0.11321697414181E+04 -0.24512089752536E+04  0.60473530235440E+03 -0.28711940212809E+02 -0.25696243247724E+03 -0.17386777540245E+06  0.52149361343435E+05  0.31680185812174E+04 -0.81649820524005E+03 -0.43592673095659E+02 -0.10974779391981E+02 -0.14010740349599E-05 -0.30231648468792E+04  0.33623563752849E+03 -0.30067689282050E+04 -0.15611975174453E+04 -0.21131094279846E+05  0.00000000000000E+00  0.00000000000000E+00  0.00000000000000E+00  0.00000000000000E+00  0.00000000000000E+00  0.00000000000000E+00  0.00000000000000E+00  0.00000000000000E+00  0.00000000000000E+00  0.00000000000000E+00  0.00000000000000E+00  0.00000000000000E+00  0.00000000000000E+00  0.00000000000000E+00  0.00000000000000E+00  0.00000000000000E+00  0.00000000000000E+00  0.31629596020354E+05  0.00000000000000E+00  0.00000000000000E+00  0.00000000000000E+00  0.00000000000000E+00  0.00000000000000E+00  0.00000000000000E+00
