# fitpack15: fit parameters                                                                         
# CJ15 AV18 final data choices                                                                      
# Created on 03/24/2020 at 17:32:16                                                                 

 # QCD setup
  INS                           0
  NVL                          11
  IORD                          1
  Q02                   1.6899999999999999     
  IPARAMC                      -7
  FLAVOR                5.0000000000000000     
  xmc                   1.3000000000000000     
  xmb                   4.5000000000000000     
  ncb                          12
  ihq                           1
  ias                           0

 # Theory corrections
  inuke                     10114
  itmc                          1
  iht                           2

 # fit parameters
 LAMBDA       0.22680        0.0000    
 a0uv          1.4461        0.0000    
 a1uv         0.50808       0.30444E-01
 a2uv          3.6152       0.12002E-01
 a3uv          0.0000        0.0000    
 a4uv          6.8378        1.1407    
 a5uv          0.0000        0.0000    
 a0dv          15.743        0.0000    
 a1dv          1.0504       0.39089E-01
 a2dv          6.2357       0.20333    
 a3dv         -3.4028       0.13054    
 a4dv          4.8756       0.19075    
 a5dv          0.0000        0.0000    
 a0ud         0.13632       0.49135E-02
 a1ud        -0.21458       0.38972E-02
 a2ud          9.0427       0.18472    
 a3ud          0.0000        0.0000    
 a4ud          19.030        1.4587    
 a5ud          0.0000        0.0000    
 a0du          35712.        0.0000    
 a1du          4.1581       0.12919    
 a2du          22.010        1.3404    
 a3du          17.000        0.0000    
 a4du          58.208        15.635    
 a0g           41.198        0.0000    
 a1g          0.58222       0.28245E-01
 a2g           5.6045       0.79384    
 a3g          -3.3222       0.11898    
 a4g           3.1079       0.25485    
 a5g           0.0000        0.0000    
 kappa        0.40000        0.0000    
 a6dv         0.19470E-02   0.15360E-02
 a7dv          2.0000        0.0000    
 off1         0.20696E-01   0.12319    
 off2         -2.0726       0.75977    
 off3          4.1432        1.0995    
 ht1          -5.1334        1.4250    
 ht2           2.4651       0.22766    
 ht3          -2.1140       0.30419E-01
 ht4           2.7444       0.16179    
 dummy41       0.0000        0.0000    
 dummy42       0.0000        0.0000    
 dummy43       0.0000        0.0000    
 dummy44       0.0000        0.0000    
 dummy45       0.0000        0.0000    
 dummy46       0.0000        0.0000    
 dummy47       0.0000        0.0000    
 dummy48       0.0000        0.0000    
 dummy49       0.0000        0.0000    
 bcdmsh2      0.96865       0.51472E-02
 bcdmsd2      0.99189       0.61356E-02
 ccfr          1.0000        0.0000    
 nutev         1.0000        0.0000    
 zeus         0.97998        0.0000    
 h1            1.0162        0.0000    
 e605          1.0319        0.0000    
 NmcH2         1.0059       0.73243E-02
 ntv_nu        1.0000        0.0000    
 ntv_nuba      1.0000        0.0000    
 cdf_jet      0.98910        0.0000    
 d0_jet       0.83504        0.0000    
 slac_p       0.99976       0.53906E-02
 slac_d       0.99962       0.58320E-02
 e866pp        1.0060       0.20970E-01
 e866pd       0.96736       0.17978E-01
 d0_gamje      1.0367       0.16526E-01
 h1b          0.97608        0.0000    
 blank         1.0000        0.0000    
 d0run2       0.95146       0.15468E-01
 cdfrun2      0.93751       0.17901E-01
 HERA_el       1.0000        0.0000    
 HERA_ps       1.0000        0.0000    
 CDF_Z        0.94355       0.69707E-02
 NmcRat        1.0000        0.0000    
 HERMES_F     0.99270       0.60043E-02
 HERMES_F     0.97594       0.62324E-02
 END 0. 0.

 # Hessian matrix (Bevington alpha)
   0.44291085921526E+07 -0.98822360925355E+06  0.11251217649874E+06  0.36921572239903E+06 -0.10596099844828E+06 -0.90237688813670E+04  0.45223259676603E+05  0.10321300953015E+07 -0.19481207029656E+06 -0.45609269883164E+05  0.61908962478997E+04  0.11669008146452E+05  0.11861791144887E+04 -0.10186789793169E+03  0.16640539481766E+05 -0.38695518274346E+04  0.20381378458404E+05  0.14594521084667E+05  0.33034985714633E+07 -0.55179036064509E+05 -0.22651232236309E+05 -0.10351976537474E+05 -0.89668883169417E+04  0.28408281419449E+04 -0.20400130017015E+06 -0.72195095914105E+05 -0.13890939047800E+06 -0.58496948661876E+05 -0.63043437231092E+04 -0.88458198918134E+06 -0.11324002590438E+07 -0.21469443991356E+05 -0.49503436222681E+05 -0.33743209734335E+04 -0.90450324695109E+04 -0.32142413527276E+04 -0.23605868988732E+05 -0.79971716826054E+05 -0.62638228256619E+05
  -0.98822360925355E+06  0.28278824276513E+06 -0.25261594193137E+05 -0.87096055730379E+05  0.26191056825003E+05  0.34788619679870E+04 -0.89712865364649E+04 -0.11139545014205E+06  0.24692050914922E+05  0.55545920863934E+04 -0.62527169854149E+03 -0.82962700896801E+03 -0.85149761536992E+02  0.11660913959605E+02 -0.30688901792401E+03  0.18157603043404E+03 -0.33754675632915E+03 -0.36479038950501E+03 -0.10364844264015E+07  0.12457250089210E+05  0.59368192082025E+04  0.30300298273494E+04  0.47718006829919E+04  0.69848270108033E+04  0.56551106015641E+05  0.30930066888763E+05  0.17064126113321E+05  0.83255576378456E+04 -0.13890272779278E+03  0.20065806468706E+06  0.24901797155627E+06  0.56383856308197E+04  0.13226852459281E+05  0.42239651453533E+03  0.22894718120389E+04  0.73047460429846E+03 -0.19138343136442E+04  0.87854681992197E+04  0.72867100221678E+04
   0.11251217649874E+06 -0.25261594193137E+05  0.28733345104765E+04  0.88398095965473E+04 -0.26718561962498E+04 -0.40084953183962E+03  0.10787912906100E+04  0.20462774263877E+05 -0.37792344097273E+04 -0.10479696514286E+04  0.12450609155144E+03  0.24180455823691E+03  0.27026890343356E+02 -0.28152974766839E+01 -0.15590176676659E+02 -0.50879437218190E+02  0.86846217417797E+02  0.14003701367702E+03  0.83763904486688E+05 -0.13868824109551E+04 -0.57226525844696E+03 -0.26200158930024E+03 -0.23210123194928E+03  0.18926091232914E+02 -0.51770133672831E+04 -0.18226079867592E+04 -0.34599034554119E+04 -0.14501843620266E+04 -0.14776089287303E+02 -0.22049045901788E+05 -0.28369316854608E+05 -0.54821522217401E+03 -0.12670998195118E+04 -0.75956842023659E+02 -0.22925185685287E+03 -0.81428812511303E+02 -0.19207538217375E+03 -0.17357879608791E+04 -0.13812473011732E+04
   0.36921572239903E+06 -0.87096055730379E+05  0.88398095965473E+04  0.38894039199138E+06 -0.58578405371750E+05  0.67398113664082E+05  0.54810014183582E+05  0.38048389478638E+06 -0.29238225754515E+05 -0.17102191621410E+05  0.27512313463766E+04 -0.12580278219815E+04 -0.11541852045241E+03  0.52993942812857E+02  0.33626020867822E+05 -0.44224554064475E+04  0.34370563298334E+05  0.19730337997117E+05  0.11089346935918E+07 -0.17493193167440E+05 -0.65148741275041E+04 -0.26167076717337E+04 -0.20608842718367E+03  0.49953748596091E+04 -0.37300646242828E+05 -0.62050901486542E+04 -0.13141006439631E+05 -0.21854021936091E+05 -0.18142122881972E+03 -0.66386954800744E+05 -0.34382209794517E+06 -0.12208685503609E+04 -0.24471023375370E+04 -0.66737387682459E+02 -0.23532755965783E+04 -0.92530098003597E+03 -0.11249305692407E+05 -0.76931514619329E+04 -0.22810837933924E+05
  -0.10596099844828E+06  0.26191056825003E+05 -0.26718561962498E+04 -0.58578405371750E+05  0.10986534101674E+05 -0.70530505206388E+04 -0.78656861023284E+04 -0.31191931221182E+05 -0.37413998375074E+02  0.20393504626243E+04 -0.24955851813784E+03 -0.92000890526325E+01  0.32658672475508E+01 -0.46072106711888E+01 -0.29464250642672E+04  0.41060691869070E+03 -0.28773245015872E+04 -0.17023097254027E+04 -0.26109112965637E+06  0.32089743823423E+04  0.13726475503401E+04  0.60872734223477E+03  0.31433867897155E+03  0.72178761814748E+02  0.85665466112324E+04  0.23168737477486E+04  0.20342973757210E+04  0.34814233669956E+04 -0.52442138246351E+02  0.12574615452011E+05  0.65995329072379E+05  0.32375416245893E+03  0.62757915303583E+03  0.85294997755477E+01  0.48812947710840E+03  0.17900370985140E+03  0.39942717083379E+03  0.86598473552469E+03  0.26666553759840E+04
  -0.90237688813670E+04  0.34788619679870E+04 -0.40084953183962E+03  0.67398113664082E+05 -0.70530505206388E+04  0.16407057937987E+05  0.10197904757068E+05  0.96707020891560E+05 -0.91905646421184E+04 -0.36945634563474E+04  0.68430990460462E+03 -0.47543106899193E+03 -0.39849893202989E+02  0.14326045012197E+02  0.81541972580664E+04 -0.10733642037432E+04  0.86268565653718E+04  0.49608656397885E+04  0.62107123500388E+05 -0.21191890221232E+04 -0.56182014490044E+03 -0.14741927450528E+03  0.35003108087560E+03  0.20615429334883E+04 -0.21579714545643E+04  0.74519035239091E+03 -0.22091049220743E+04 -0.34730212717386E+04  0.75068288841368E+02 -0.78910695498906E+04 -0.38714858413309E+05 -0.11291775938137E+02 -0.54213130660254E+02 -0.14241262603518E+02 -0.22011040764845E+03 -0.10691135857368E+03 -0.27713182410675E+04 -0.16080292026132E+04 -0.46499484715533E+04
   0.45223259676603E+05 -0.89712865364649E+04  0.10787912906100E+04  0.54810014183582E+05 -0.78656861023284E+04  0.10197904757068E+05  0.80309030673919E+04  0.51477123250811E+05 -0.27385443170625E+04 -0.25336394647104E+04  0.38492349745722E+03 -0.15894709236741E+03 -0.15689742045698E+02  0.75895808669792E+01  0.43402769001890E+04 -0.59320933517104E+03  0.44222341601057E+04  0.26005730744168E+04  0.12787861965074E+06 -0.23202086999631E+04 -0.82464534693510E+03 -0.30693467675076E+03  0.10144381841959E+03  0.11040946428655E+04 -0.44585749377032E+04 -0.27500431168898E+03 -0.20498615484573E+04 -0.32801137082411E+04  0.95671627532642E+02 -0.89070047941895E+04 -0.46293687707196E+05 -0.13876073727493E+03 -0.27388974321466E+03 -0.10219843841350E+02 -0.30913508793315E+03 -0.12769332854044E+03 -0.11808579491039E+04 -0.10098278098702E+04 -0.30197282467605E+04
   0.10321300953015E+07 -0.11139545014205E+06  0.20462774263877E+05  0.38048389478638E+06 -0.31191931221182E+05  0.96707020891560E+05  0.51477123250811E+05  0.60365106296964E+07 -0.25694151062798E+07 -0.92977927558365E+05  0.24772481384194E+05  0.21902768743261E+05  0.14135696459630E+04  0.88403177342291E+02  0.97764622109484E+05 -0.12960945683856E+05  0.11631146363010E+06  0.63294917322356E+05  0.27340119133212E+06 -0.38476569655702E+05 -0.71844208899182E+04 -0.17975967479202E+04  0.56144835626402E+04  0.43145998186243E+05 -0.28796248981069E+05  0.65361360649197E+04 -0.63381865047415E+05 -0.49915048254174E+05 -0.76501017295008E+05 -0.30803401317577E+06 -0.58872461222312E+06 -0.75609566483367E+05 -0.17305328752389E+06 -0.15564104245446E+04  0.10271585184382E+04  0.57174920218274E+03 -0.29476741990535E+06 -0.15751338212532E+06 -0.19038598984258E+06
  -0.19481207029656E+06  0.24692050914922E+05 -0.37792344097273E+04 -0.29238225754515E+05 -0.37413998375074E+02 -0.91905646421184E+04 -0.27385443170625E+04 -0.25694151062798E+07  0.19375305798382E+07  0.19947197534420E+05 -0.60273530992137E+04 -0.46742264529474E+04 -0.25317980821166E+03 -0.12160951722826E+02  0.47999273376508E+05 -0.23152218176757E+04  0.17431608286266E+05  0.88782273074189E+04  0.28335826225160E+05  0.93558742370477E+04  0.14177364051014E+04  0.30870623158687E+03 -0.12406810893543E+04 -0.10053536242292E+05  0.46217598031259E+04 -0.13610969724573E+04  0.11238880597425E+05  0.10444731213929E+05  0.26113772621302E+05  0.68691792977654E+05  0.12719066519069E+06  0.22691072527525E+05  0.52083547009027E+05  0.22026296278113E+03 -0.14525136877051E+04 -0.77262802767202E+03  0.11739460119462E+06  0.47580845421640E+05  0.57068939561459E+05
  -0.45609269883164E+05  0.55545920863934E+04 -0.10479696514286E+04 -0.17102191621410E+05  0.20393504626243E+04 -0.36945634563474E+04 -0.25336394647104E+04 -0.92977927558365E+05  0.19947197534420E+05  0.25104230199227E+04 -0.52953720295699E+03 -0.49233817637994E+03 -0.41158991400535E+02 -0.14610916638465E+01 -0.40910779235536E+04  0.53808783452873E+03 -0.43631652714437E+04 -0.25085899151466E+04 -0.25390504714216E+05  0.11855857991034E+04  0.30020630829509E+03  0.90700260022445E+02 -0.17195234776640E+03 -0.12447009285784E+04  0.15633996195955E+04 -0.19324596900122E+03  0.25945934862688E+04  0.17575573438240E+04  0.75110900698195E+03  0.10483553744397E+05  0.21228834163551E+05  0.14041255854443E+04  0.31639835059215E+04  0.44259223384685E+02  0.10220501643527E+03  0.46987863808624E+02  0.31568171066012E+04  0.28988591676168E+04  0.35804853351368E+04
   0.61908962478997E+04 -0.62527169854149E+03  0.12450609155144E+03  0.27512313463766E+04 -0.24955851813784E+03  0.68430990460462E+03  0.38492349745722E+03  0.24772481384194E+05 -0.60273530992137E+04 -0.52953720295699E+03  0.13190157493262E+03  0.12616293902638E+03  0.86809136034216E+01  0.50129063808594E+00  0.11118617294181E+04 -0.12917558490797E+03  0.11208887506565E+04  0.61546077662177E+03  0.24887664154890E+04 -0.20554934137762E+03 -0.41451359706218E+02 -0.10743490764277E+02  0.31562280047541E+02  0.23724240237234E+03 -0.17468281358402E+03  0.37738255093933E+02 -0.38175874757655E+03 -0.28419640135640E+03 -0.31416516122663E+03 -0.17114739594844E+04 -0.33054132885240E+04 -0.35958628776290E+03 -0.82198669273158E+03 -0.98315519713825E+01 -0.67654832259391E+01 -0.34442257979327E+01 -0.10412480339220E+04 -0.74826790886134E+03 -0.90899734996160E+03
   0.11669008146452E+05 -0.82962700896801E+03  0.24180455823691E+03 -0.12580278219815E+04 -0.92000890526325E+01 -0.47543106899193E+03 -0.15894709236741E+03  0.21902768743261E+05 -0.46742264529474E+04 -0.49233817637994E+03  0.12616293902638E+03  0.89019244010247E+03  0.56928677557431E+02 -0.10638224747733E+01  0.10411579287639E+04 -0.15459244863918E+03  0.13877628393673E+04  0.79790781397817E+03  0.26070540988652E+04  0.20638258138310E+03  0.20780480029800E+02  0.58528822233940E+00  0.24078426802587E+02  0.20808444301693E+03 -0.39268282079542E+02  0.22342499840475E+02 -0.73814763311744E+03 -0.13623758981158E-10 -0.51611770591538E+03 -0.35330671551036E+04 -0.42024331399552E-09 -0.15974590816691E+04 -0.33689397895133E+02 -0.56698361188541E+02 -0.11932160631175E+01 -0.52314418229666E+00  0.12334642632221E+03 -0.20131820086064E+04 -0.67276951216869E-10
   0.11861791144887E+04 -0.85149761536992E+02  0.27026890343356E+02 -0.11541852045241E+03  0.32658672475508E+01 -0.39849893202989E+02 -0.15689742045698E+02  0.14135696459630E+04 -0.25317980821166E+03 -0.41158991400535E+02  0.86809136034216E+01  0.56928677557431E+02  0.47475268544771E+01 -0.11698293087528E+00  0.57467545374175E+02 -0.10238994630583E+02  0.84964755096196E+02  0.52436371724220E+02  0.12280250782230E+03  0.12157241621062E+02  0.17577058596075E+01  0.12687063234396E+00  0.28308422459417E+01  0.21850931239444E+02 -0.67099031009286E+01  0.32019929631338E+01 -0.10076246088172E+03  0.24369305074997E-11 -0.19716889632759E+02 -0.38433520594335E+03 -0.13991681727975E-10 -0.96789358619123E+02 -0.82248007313553E+01 -0.43508920105704E+01 -0.11601404368211E+00 -0.46535500749249E-01  0.13984468998078E+02 -0.14045763761445E+03 -0.88192356817587E-11
  -0.10186789793169E+03  0.11660913959605E+02 -0.28152974766839E+01  0.52993942812857E+02 -0.46072106711888E+01  0.14326045012197E+02  0.75895808669792E+01  0.88403177342291E+02 -0.12160951722826E+02 -0.14610916638465E+01  0.50129063808594E+00 -0.10638224747733E+01 -0.11698293087528E+00  0.37143661542616E-01  0.11932000108507E+02 -0.91405699774647E+00  0.82977207714237E+01  0.39478304972225E+01  0.44056620206168E+02  0.11623435242413E+01 -0.33751354101651E-01 -0.16376819451885E-01 -0.43426407972598E-02  0.11936447885551E-02 -0.40575334286172E-02 -0.15228366978803E-01  0.54826140489076E-01  0.31213755372470E-12 -0.46539098732705E+01 -0.44054626474639E+00 -0.63925095418883E-12 -0.19969546718486E+01 -0.36560613028567E-05 -0.10239609166172E+00 -0.12123469554937E-02 -0.67172489312089E-03 -0.20664304759882E+01 -0.21023643559446E+01 -0.86306383706388E-12
   0.16640539481766E+05 -0.30688901792401E+03 -0.15590176676659E+02  0.33626020867822E+05 -0.29464250642672E+04  0.81541972580664E+04  0.43402769001890E+04  0.97764622109484E+05  0.47999273376508E+05 -0.40910779235536E+04  0.11118617294181E+04  0.10411579287639E+04  0.57467545374175E+02  0.11932000108507E+02  0.51877701768699E+05 -0.51178434775320E+04  0.44249992967406E+05  0.23576299137352E+05  0.39437073468058E+05  0.21540484769147E+02  0.48536043810837E+02  0.22473162877496E+02 -0.22666895508931E+02 -0.16618343617093E+03  0.72379157379740E+03  0.10845504646471E+02 -0.30882428633671E+04 -0.20059024434801E+04 -0.25142796741063E+04  0.18708369949959E+04  0.42145456621626E+04 -0.14517464804717E+04 -0.30205711653531E+04 -0.75167499552464E+03 -0.31658664868921E+04 -0.16356549187582E+04 -0.20099710658558E+04 -0.10195244665599E+04 -0.11515089068950E+04
  -0.38695518274346E+04  0.18157603043404E+03 -0.50879437218190E+02 -0.44224554064475E+04  0.41060691869070E+03 -0.10733642037432E+04 -0.59320933517104E+03 -0.12960945683856E+05 -0.23152218176757E+04  0.53808783452873E+03 -0.12917558490797E+03 -0.15459244863918E+03 -0.10238994630583E+02 -0.91405699774647E+00 -0.51178434775320E+04  0.59544002648698E+03 -0.50599806860856E+04 -0.28036829431355E+04 -0.55670336055966E+04  0.16362528034636E+02 -0.50862376333394E+01 -0.36919497198045E+01 -0.37088213491240E+01 -0.19762912529348E+02 -0.14657669105482E+03 -0.18489052848873E+02  0.61358661987326E+03  0.38413240611590E+03  0.29944993717210E+03 -0.10487461854474E+03 -0.41109588622692E+03  0.16262401235329E+03  0.33446546881127E+03  0.88515629196899E+02  0.53146912798630E+03  0.25322171568942E+03 -0.43826710120288E+03  0.29607679730017E+03  0.33400266117289E+03
   0.20381378458404E+05 -0.33754675632915E+03  0.86846217417797E+02  0.34370563298334E+05 -0.28773245015872E+04  0.86268565653718E+04  0.44222341601057E+04  0.11631146363010E+06  0.17431608286266E+05 -0.43631652714437E+04  0.11208887506565E+04  0.13877628393673E+04  0.84964755096196E+02  0.82977207714237E+01  0.44249992967406E+05 -0.50599806860856E+04  0.43944973307546E+05  0.24100356283119E+05  0.38588789322332E+05  0.14328936148198E+02  0.73219017714088E+02  0.31118731496550E+02 -0.69380764922767E+02 -0.32734714542007E+03  0.89821594321095E+03 -0.12989922831643E+03 -0.38648081116807E+04 -0.24375803234300E+04 -0.29441609075692E+04  0.26022081110123E+04  0.60843325199749E+04 -0.14016025341476E+04 -0.29246315299139E+04 -0.76695891455798E+03 -0.35533605654023E+04 -0.18649680389260E+04  0.25804812722184E+04 -0.23696017466114E+04 -0.26384507021941E+04
   0.14594521084667E+05 -0.36479038950501E+03  0.14003701367702E+03  0.19730337997117E+05 -0.17023097254027E+04  0.49608656397885E+04  0.26005730744168E+04  0.63294917322356E+05  0.88782273074189E+04 -0.25085899151466E+04  0.61546077662177E+03  0.79790781397817E+03  0.52436371724220E+02  0.39478304972225E+01  0.23576299137352E+05 -0.28036829431355E+04  0.24100356283119E+05  0.13385652152231E+05  0.22829111350093E+05 -0.26938177512203E+02  0.40548874636798E+02  0.20218280582431E+02 -0.23511092898345E+02 -0.82615662793683E+02  0.65214303273102E+03 -0.38677808667278E+02 -0.26845453253711E+04 -0.16635222633785E+04 -0.14854232263421E+04  0.11415518768084E+04  0.31984283082085E+04 -0.72704696558113E+03 -0.15119053252752E+04 -0.42826680617757E+03 -0.23273711382668E+04 -0.11697698558379E+04  0.23419549171533E+04 -0.15943336910833E+04 -0.17797533968509E+04
   0.33034985714633E+07 -0.10364844264015E+07  0.83763904486688E+05  0.11089346935918E+07 -0.26109112965637E+06  0.62107123500388E+05  0.12787861965074E+06  0.27340119133212E+06  0.28335826225160E+05 -0.25390504714216E+05  0.24887664154890E+04  0.26070540988652E+04  0.12280250782230E+03  0.44056620206168E+02  0.39437073468058E+05 -0.55670336055966E+04  0.38588789322332E+05  0.22829111350093E+05  0.95146108378645E+07 -0.83275443478606E+05 -0.42134131620643E+05 -0.21918554431411E+05 -0.24765623874591E+05 -0.40498390134756E+05 -0.27679819277995E+06 -0.15548685128737E+06 -0.21773223366770E+05 -0.48329122817604E+05  0.68520272505854E+03 -0.34045824088516E+06 -0.16557237977114E+07 -0.99906320170254E+04 -0.20005972625350E+05 -0.11873462540254E+03 -0.14761026917113E+05 -0.46672470770620E+04  0.10845920502976E+05 -0.13062706049666E+05 -0.40238706486564E+05
  -0.55179036064509E+05  0.12457250089210E+05 -0.13868824109551E+04 -0.17493193167440E+05  0.32089743823423E+04 -0.21191890221232E+04 -0.23202086999631E+04 -0.38476569655702E+05  0.93558742370477E+04  0.11855857991034E+04 -0.20554934137762E+03  0.20638258138310E+03  0.12157241621062E+02  0.11623435242413E+01  0.21540484769147E+02  0.16362528034636E+02  0.14328936148198E+02 -0.26938177512203E+02 -0.83275443478606E+05  0.26314684586094E+04  0.82818400125019E+03  0.34469434474638E+03  0.10297748547274E+03 -0.45478844086840E+03  0.39006727559214E+04  0.12306579265060E+04  0.00000000000000E+00  0.25929413392508E+04  0.00000000000000E+00  0.00000000000000E+00  0.41021069701002E+05  0.00000000000000E+00  0.00000000000000E+00  0.00000000000000E+00  0.00000000000000E+00  0.00000000000000E+00  0.00000000000000E+00  0.00000000000000E+00  0.42414529731151E+04
  -0.22651232236309E+05  0.59368192082025E+04 -0.57226525844696E+03 -0.65148741275041E+04  0.13726475503401E+04 -0.56182014490044E+03 -0.82464534693510E+03 -0.71844208899182E+04  0.14177364051014E+04  0.30020630829509E+03 -0.41451359706218E+02  0.20780480029800E+02  0.17577058596075E+01 -0.33751354101651E-01  0.48536043810837E+02 -0.50862376333394E+01  0.73219017714088E+02  0.40548874636798E+02 -0.42134131620643E+05  0.82818400125019E+03  0.34331460667474E+03  0.16102978997094E+03  0.10073960252034E+03  0.31410348381749E+02  0.17720869674304E+04  0.76774405436585E+03  0.00000000000000E+00  0.67256127593642E+03  0.00000000000000E+00  0.00000000000000E+00  0.15212240296063E+05  0.00000000000000E+00  0.00000000000000E+00  0.00000000000000E+00  0.00000000000000E+00  0.00000000000000E+00  0.00000000000000E+00  0.00000000000000E+00  0.87971092658184E+03
  -0.10351976537474E+05  0.30300298273494E+04 -0.26200158930024E+03 -0.26167076717337E+04  0.60872734223477E+03 -0.14741927450528E+03 -0.30693467675076E+03 -0.17975967479202E+04  0.30870623158687E+03  0.90700260022445E+02 -0.10743490764277E+02  0.58528822233940E+00  0.12687063234396E+00 -0.16376819451885E-01  0.22473162877496E+02 -0.36919497198045E+01  0.31118731496550E+02  0.20218280582431E+02 -0.21918554431411E+05  0.34469434474638E+03  0.16102978997094E+03  0.81458942065984E+02  0.68242358606496E+02  0.79858137220894E+02  0.86698034035241E+03  0.46660526576200E+03  0.00000000000000E+00  0.19617218100294E+03  0.00000000000000E+00  0.00000000000000E+00  0.65228542450668E+04  0.00000000000000E+00  0.00000000000000E+00  0.00000000000000E+00  0.00000000000000E+00  0.00000000000000E+00  0.00000000000000E+00  0.00000000000000E+00  0.25952992873746E+03
  -0.89668883169417E+04  0.47718006829919E+04 -0.23210123194928E+03 -0.20608842718367E+03  0.31433867897155E+03  0.35003108087560E+03  0.10144381841959E+03  0.56144835626402E+04 -0.12406810893543E+04 -0.17195234776640E+03  0.31562280047541E+02  0.24078426802587E+02  0.28308422459417E+01 -0.43426407972598E-02 -0.22666895508931E+02 -0.37088213491240E+01 -0.69380764922767E+02 -0.23511092898345E+02 -0.24765623874591E+05  0.10297748547274E+03  0.10073960252034E+03  0.68242358606496E+02  0.19952217952721E+03  0.51468750541347E+03  0.10967553268857E+04  0.10727452184700E+04 -0.57992313726353E+02 -0.34430302037761E+02  0.34546038676667E+01  0.11251273959967E+04  0.18223503243489E+04  0.00000000000000E+00  0.00000000000000E+00  0.00000000000000E+00  0.00000000000000E+00  0.00000000000000E+00  0.00000000000000E+00 -0.23961872517640E+03 -0.26421562927639E+03
   0.28408281419449E+04  0.69848270108033E+04  0.18926091232914E+02  0.49953748596091E+04  0.72178761814748E+02  0.20615429334883E+04  0.11040946428655E+04  0.43145998186243E+05 -0.10053536242292E+05 -0.12447009285784E+04  0.23724240237234E+03  0.20808444301693E+03  0.21850931239444E+02  0.11936447885551E-02 -0.16618343617093E+03 -0.19762912529348E+02 -0.32734714542007E+03 -0.82615662793683E+02 -0.40498390134756E+05 -0.45478844086840E+03  0.31410348381749E+02  0.79858137220894E+02  0.51468750541347E+03  0.20593196257626E+04  0.13288749324684E+04  0.20098956893095E+04 -0.22799564054902E+03 -0.15837132086614E+03 -0.23653676306545E+02 -0.51101942952583E+04 -0.90169271098195E+04  0.00000000000000E+00  0.00000000000000E+00  0.00000000000000E+00  0.00000000000000E+00  0.00000000000000E+00  0.00000000000000E+00 -0.21454015579359E+04 -0.23682157698575E+04
  -0.20400130017015E+06  0.56551106015641E+05 -0.51770133672831E+04 -0.37300646242828E+05  0.85665466112324E+04 -0.21579714545643E+04 -0.44585749377032E+04 -0.28796248981069E+05  0.46217598031259E+04  0.15633996195955E+04 -0.17468281358402E+03 -0.39268282079542E+02 -0.67099031009286E+01 -0.40575334286172E-02  0.72379157379740E+03 -0.14657669105482E+03  0.89821594321095E+03  0.65214303273102E+03 -0.27679819277995E+06  0.39006727559214E+04  0.17720869674304E+04  0.86698034035241E+03  0.10967553268857E+04  0.13288749324684E+04  0.16658280317165E+05  0.72694655038412E+04  0.24686349301005E+03  0.18631944959859E+03  0.13874989468766E+01  0.41659660707761E+05  0.82690394640770E+05  0.00000000000000E+00  0.00000000000000E+00  0.00000000000000E+00  0.00000000000000E+00  0.00000000000000E+00  0.00000000000000E+00  0.17540572083112E+04  0.21421375914715E+04
  -0.72195095914105E+05  0.30930066888763E+05 -0.18226079867592E+04 -0.62050901486542E+04  0.23168737477486E+04  0.74519035239091E+03 -0.27500431168898E+03  0.65361360649197E+04 -0.13610969724573E+04 -0.19324596900122E+03  0.37738255093933E+02  0.22342499840475E+02  0.32019929631338E+01 -0.15228366978803E-01  0.10845504646471E+02 -0.18489052848873E+02 -0.12989922831643E+03 -0.38677808667278E+02 -0.15548685128737E+06  0.12306579265060E+04  0.76774405436585E+03  0.46660526576200E+03  0.10727452184700E+04  0.20098956893095E+04  0.72694655038412E+04  0.66572613045941E+04 -0.23379125860646E+03 -0.12433553010527E+03  0.12106543750168E+02  0.13349725180675E+05  0.22411801466705E+05  0.00000000000000E+00  0.00000000000000E+00  0.00000000000000E+00  0.00000000000000E+00  0.00000000000000E+00  0.00000000000000E+00 -0.12571640079930E+03 -0.12404082783857E+03
  -0.13890939047800E+06  0.17064126113321E+05 -0.34599034554119E+04 -0.13141006439631E+05  0.20342973757210E+04 -0.22091049220743E+04 -0.20498615484573E+04 -0.63381865047415E+05  0.11238880597425E+05  0.25945934862688E+04 -0.38175874757655E+03 -0.73814763311744E+03 -0.10076246088172E+03  0.54826140489076E-01 -0.30882428633671E+04  0.61358661987326E+03 -0.38648081116807E+04 -0.26845453253711E+04 -0.21773223366770E+05  0.00000000000000E+00  0.00000000000000E+00  0.00000000000000E+00 -0.57992313726353E+02 -0.22799564054902E+03  0.24686349301005E+03 -0.23379125860646E+03  0.11729186309574E+06  0.00000000000000E+00  0.00000000000000E+00  0.00000000000000E+00  0.00000000000000E+00  0.00000000000000E+00  0.00000000000000E+00  0.00000000000000E+00  0.00000000000000E+00  0.00000000000000E+00  0.00000000000000E+00  0.00000000000000E+00  0.00000000000000E+00
  -0.58496948661876E+05  0.83255576378456E+04 -0.14501843620266E+04 -0.21854021936091E+05  0.34814233669956E+04 -0.34730212717386E+04 -0.32801137082411E+04 -0.49915048254174E+05  0.10444731213929E+05  0.17575573438240E+04 -0.28419640135640E+03 -0.13623758981158E-10  0.24369305074997E-11  0.31213755372470E-12 -0.20059024434801E+04  0.38413240611590E+03 -0.24375803234300E+04 -0.16635222633785E+04 -0.48329122817604E+05  0.25929413392508E+04  0.67256127593642E+03  0.19617218100294E+03 -0.34430302037761E+02 -0.15837132086614E+03  0.18631944959859E+03 -0.12433553010527E+03  0.00000000000000E+00  0.64770266279697E+05  0.00000000000000E+00  0.00000000000000E+00  0.00000000000000E+00  0.00000000000000E+00  0.00000000000000E+00  0.00000000000000E+00  0.00000000000000E+00  0.00000000000000E+00  0.00000000000000E+00  0.00000000000000E+00  0.00000000000000E+00
  -0.63043437231092E+04 -0.13890272779278E+03 -0.14776089287303E+02 -0.18142122881972E+03 -0.52442138246351E+02  0.75068288841368E+02  0.95671627532642E+02 -0.76501017295008E+05  0.26113772621302E+05  0.75110900698195E+03 -0.31416516122663E+03 -0.51611770591538E+03 -0.19716889632759E+02 -0.46539098732705E+01 -0.25142796741063E+04  0.29944993717210E+03 -0.29441609075692E+04 -0.14854232263421E+04  0.68520272505854E+03  0.00000000000000E+00  0.00000000000000E+00  0.00000000000000E+00  0.34546038676667E+01 -0.23653676306545E+02  0.13874989468766E+01  0.12106543750168E+02  0.00000000000000E+00  0.00000000000000E+00  0.30837869601743E+05  0.00000000000000E+00  0.00000000000000E+00  0.00000000000000E+00  0.00000000000000E+00  0.00000000000000E+00  0.00000000000000E+00  0.00000000000000E+00  0.00000000000000E+00  0.00000000000000E+00  0.00000000000000E+00
  -0.88458198918134E+06  0.20065806468706E+06 -0.22049045901788E+05 -0.66386954800744E+05  0.12574615452011E+05 -0.78910695498906E+04 -0.89070047941895E+04 -0.30803401317577E+06  0.68691792977654E+05  0.10483553744397E+05 -0.17114739594844E+04 -0.35330671551036E+04 -0.38433520594335E+03 -0.44054626474639E+00  0.18708369949959E+04 -0.10487461854474E+03  0.26022081110123E+04  0.11415518768084E+04 -0.34045824088516E+06  0.00000000000000E+00  0.00000000000000E+00  0.00000000000000E+00  0.11251273959967E+04 -0.51101942952583E+04  0.41659660707761E+05  0.13349725180675E+05  0.00000000000000E+00  0.00000000000000E+00  0.00000000000000E+00  0.58335181970888E+06  0.00000000000000E+00  0.00000000000000E+00  0.00000000000000E+00  0.00000000000000E+00  0.00000000000000E+00  0.00000000000000E+00  0.00000000000000E+00  0.00000000000000E+00  0.00000000000000E+00
  -0.11324002590438E+07  0.24901797155627E+06 -0.28369316854608E+05 -0.34382209794517E+06  0.65995329072379E+05 -0.38714858413309E+05 -0.46293687707196E+05 -0.58872461222312E+06  0.12719066519069E+06  0.21228834163551E+05 -0.33054132885240E+04 -0.42024331399552E-09 -0.13991681727975E-10 -0.63925095418883E-12  0.42145456621626E+04 -0.41109588622692E+03  0.60843325199749E+04  0.31984283082085E+04 -0.16557237977114E+07  0.41021069701002E+05  0.15212240296063E+05  0.65228542450668E+04  0.18223503243489E+04 -0.90169271098195E+04  0.82690394640770E+05  0.22411801466705E+05  0.00000000000000E+00  0.00000000000000E+00  0.00000000000000E+00  0.00000000000000E+00  0.92661268509453E+06  0.00000000000000E+00  0.00000000000000E+00  0.00000000000000E+00  0.00000000000000E+00  0.00000000000000E+00  0.00000000000000E+00  0.00000000000000E+00  0.00000000000000E+00
  -0.21469443991356E+05  0.56383856308197E+04 -0.54821522217401E+03 -0.12208685503609E+04  0.32375416245893E+03 -0.11291775938137E+02 -0.13876073727493E+03 -0.75609566483367E+05  0.22691072527525E+05  0.14041255854443E+04 -0.35958628776290E+03 -0.15974590816691E+04 -0.96789358619123E+02 -0.19969546718486E+01 -0.14517464804717E+04  0.16262401235329E+03 -0.14016025341476E+04 -0.72704696558113E+03 -0.99906320170254E+04  0.00000000000000E+00  0.00000000000000E+00  0.00000000000000E+00  0.00000000000000E+00  0.00000000000000E+00  0.00000000000000E+00  0.00000000000000E+00  0.00000000000000E+00  0.00000000000000E+00  0.00000000000000E+00  0.00000000000000E+00  0.00000000000000E+00  0.13644845308058E+05  0.00000000000000E+00  0.00000000000000E+00  0.00000000000000E+00  0.00000000000000E+00  0.00000000000000E+00  0.00000000000000E+00  0.00000000000000E+00
  -0.49503436222681E+05  0.13226852459281E+05 -0.12670998195118E+04 -0.24471023375370E+04  0.62757915303583E+03 -0.54213130660254E+02 -0.27388974321466E+03 -0.17305328752389E+06  0.52083547009027E+05  0.31639835059215E+04 -0.82198669273158E+03 -0.33689397895133E+02 -0.82248007313553E+01 -0.36560613028567E-05 -0.30205711653531E+04  0.33446546881127E+03 -0.29246315299139E+04 -0.15119053252752E+04 -0.20005972625350E+05  0.00000000000000E+00  0.00000000000000E+00  0.00000000000000E+00  0.00000000000000E+00  0.00000000000000E+00  0.00000000000000E+00  0.00000000000000E+00  0.00000000000000E+00  0.00000000000000E+00  0.00000000000000E+00  0.00000000000000E+00  0.00000000000000E+00  0.00000000000000E+00  0.31573206527916E+05  0.00000000000000E+00  0.00000000000000E+00  0.00000000000000E+00  0.00000000000000E+00  0.00000000000000E+00  0.00000000000000E+00
  -0.33743209734335E+04  0.42239651453533E+03 -0.75956842023659E+02 -0.66737387682459E+02  0.85294997755477E+01 -0.14241262603518E+02 -0.10219843841350E+02 -0.15564104245446E+04  0.22026296278113E+03  0.44259223384685E+02 -0.98315519713825E+01 -0.56698361188541E+02 -0.43508920105704E+01 -0.10239609166172E+00 -0.75167499552464E+03  0.88515629196899E+02 -0.76695891455798E+03 -0.42826680617757E+03 -0.11873462540254E+03  0.00000000000000E+00  0.00000000000000E+00  0.00000000000000E+00  0.00000000000000E+00  0.00000000000000E+00  0.00000000000000E+00  0.00000000000000E+00  0.00000000000000E+00  0.00000000000000E+00  0.00000000000000E+00  0.00000000000000E+00  0.00000000000000E+00  0.00000000000000E+00  0.00000000000000E+00  0.37968842848849E+04  0.00000000000000E+00  0.00000000000000E+00  0.00000000000000E+00  0.00000000000000E+00  0.00000000000000E+00
  -0.90450324695109E+04  0.22894718120389E+04 -0.22925185685287E+03 -0.23532755965783E+04  0.48812947710840E+03 -0.22011040764845E+03 -0.30913508793315E+03  0.10271585184382E+04 -0.14525136877051E+04  0.10220501643527E+03 -0.67654832259391E+01 -0.11932160631175E+01 -0.11601404368211E+00 -0.12123469554937E-02 -0.31658664868921E+04  0.53146912798630E+03 -0.35533605654023E+04 -0.23273711382668E+04 -0.14761026917113E+05  0.00000000000000E+00  0.00000000000000E+00  0.00000000000000E+00  0.00000000000000E+00  0.00000000000000E+00  0.00000000000000E+00  0.00000000000000E+00  0.00000000000000E+00  0.00000000000000E+00  0.00000000000000E+00  0.00000000000000E+00  0.00000000000000E+00  0.00000000000000E+00  0.00000000000000E+00  0.00000000000000E+00  0.81378441434158E+04  0.00000000000000E+00  0.00000000000000E+00  0.00000000000000E+00  0.00000000000000E+00
  -0.32142413527276E+04  0.73047460429846E+03 -0.81428812511303E+02 -0.92530098003597E+03  0.17900370985140E+03 -0.10691135857368E+03 -0.12769332854044E+03  0.57174920218274E+03 -0.77262802767202E+03  0.46987863808624E+02 -0.34442257979327E+01 -0.52314418229666E+00 -0.46535500749249E-01 -0.67172489312089E-03 -0.16356549187582E+04  0.25322171568942E+03 -0.18649680389260E+04 -0.11697698558379E+04 -0.46672470770620E+04  0.00000000000000E+00  0.00000000000000E+00  0.00000000000000E+00  0.00000000000000E+00  0.00000000000000E+00  0.00000000000000E+00  0.00000000000000E+00  0.00000000000000E+00  0.00000000000000E+00  0.00000000000000E+00  0.00000000000000E+00  0.00000000000000E+00  0.00000000000000E+00  0.00000000000000E+00  0.00000000000000E+00  0.00000000000000E+00  0.41752601487274E+04  0.00000000000000E+00  0.00000000000000E+00  0.00000000000000E+00
  -0.23605868988732E+05 -0.19138343136442E+04 -0.19207538217375E+03 -0.11249305692407E+05  0.39942717083379E+03 -0.27713182410675E+04 -0.11808579491039E+04 -0.29476741990535E+06  0.11739460119462E+06  0.31568171066012E+04 -0.10412480339220E+04  0.12334642632221E+03  0.13984468998078E+02 -0.20664304759882E+01 -0.20099710658558E+04 -0.43826710120288E+03  0.25804812722184E+04  0.23419549171533E+04  0.10845920502976E+05  0.00000000000000E+00  0.00000000000000E+00  0.00000000000000E+00  0.00000000000000E+00  0.00000000000000E+00  0.00000000000000E+00  0.00000000000000E+00  0.00000000000000E+00  0.00000000000000E+00  0.00000000000000E+00  0.00000000000000E+00  0.00000000000000E+00  0.00000000000000E+00  0.00000000000000E+00  0.00000000000000E+00  0.00000000000000E+00  0.00000000000000E+00  0.12971234499582E+06  0.00000000000000E+00  0.00000000000000E+00
  -0.79971716826054E+05  0.87854681992197E+04 -0.17357879608791E+04 -0.76931514619329E+04  0.86598473552469E+03 -0.16080292026132E+04 -0.10098278098702E+04 -0.15751338212532E+06  0.47580845421640E+05  0.28988591676168E+04 -0.74826790886134E+03 -0.20131820086064E+04 -0.14045763761445E+03 -0.21023643559446E+01 -0.10195244665599E+04  0.29607679730017E+03 -0.23696017466114E+04 -0.15943336910833E+04 -0.13062706049666E+05  0.00000000000000E+00  0.00000000000000E+00  0.00000000000000E+00 -0.23961872517640E+03 -0.21454015579359E+04  0.17540572083112E+04 -0.12571640079930E+03  0.00000000000000E+00  0.00000000000000E+00  0.00000000000000E+00  0.00000000000000E+00  0.00000000000000E+00  0.00000000000000E+00  0.00000000000000E+00  0.00000000000000E+00  0.00000000000000E+00  0.00000000000000E+00  0.00000000000000E+00  0.95981917476816E+05  0.00000000000000E+00
  -0.62638228256619E+05  0.72867100221678E+04 -0.13812473011732E+04 -0.22810837933924E+05  0.26666553759840E+04 -0.46499484715533E+04 -0.30197282467605E+04 -0.19038598984258E+06  0.57068939561459E+05  0.35804853351368E+04 -0.90899734996160E+03 -0.67276951216869E-10 -0.88192356817587E-11 -0.86306383706388E-12 -0.11515089068950E+04  0.33400266117289E+03 -0.26384507021941E+04 -0.17797533968509E+04 -0.40238706486564E+05  0.42414529731151E+04  0.87971092658184E+03  0.25952992873746E+03 -0.26421562927639E+03 -0.23682157698575E+04  0.21421375914715E+04 -0.12404082783857E+03  0.00000000000000E+00  0.00000000000000E+00  0.00000000000000E+00  0.00000000000000E+00  0.00000000000000E+00  0.00000000000000E+00  0.00000000000000E+00  0.00000000000000E+00  0.00000000000000E+00  0.00000000000000E+00  0.00000000000000E+00  0.00000000000000E+00  0.10052738803339E+06

 # Covariance matrix (Bevington epsilon)
   0.92682870601636E-03  0.80272782980649E-04 -0.34372950373634E-01  0.29642136769526E-04 -0.54180543516771E-03  0.57892400946318E-03 -0.10339061869684E-02  0.60532038233720E-04  0.40761487597855E-04 -0.15848538685940E-02 -0.23190385437382E-01 -0.13419256747994E-02  0.11038297266261E-02 -0.74714029999305E-01  0.12026553241496E-03  0.34450796554396E-02 -0.11575056717556E-03  0.45131842219731E-03 -0.43237123730584E-05 -0.70182206289648E-03  0.30913305193466E-02 -0.30344513592470E-02  0.34490085849553E-02 -0.74000558550559E-03  0.59544314499618E-04 -0.36395295260655E-03  0.48775512159593E-04  0.47920469546360E-04  0.45707551380566E-04  0.54144889792658E-04  0.50936796316886E-04 -0.31029588279039E-03 -0.15319970191812E-03  0.59214038689553E-04 -0.50751521817146E-04 -0.52030235153852E-04  0.87217089400366E-04  0.52593631391497E-04  0.47933296046390E-04
   0.80272782980649E-04  0.14404021855050E-03 -0.14629846948824E-02  0.97670370640605E-04  0.18361357834763E-03  0.16178421592782E-03 -0.51099098989690E-03  0.85153392560971E-05  0.55054557767924E-05  0.53883627410468E-03 -0.11745018513288E-02  0.18429460500356E-03 -0.82585117236842E-03  0.22124665203272E-01  0.21035149886519E-04  0.38868520087328E-03  0.22002562387932E-04 -0.63999798256353E-04  0.14068679926501E-05 -0.19129078038643E-03 -0.29913683831355E-03  0.15340703010848E-02  0.83460173296571E-03 -0.23091091889450E-03  0.73286374968787E-04 -0.40500154811538E-03  0.18647112039616E-04  0.16598612833821E-04  0.12517144188840E-04  0.10984826522449E-04  0.11728429218594E-04 -0.24604416190163E-04 -0.42672849282874E-04  0.15207416681294E-04 -0.21483911494684E-04 -0.18673209708212E-04  0.15609132402135E-04  0.13452168432344E-04  0.12468546907737E-04
