# fitpack15: fit parameters                                                                         
# CJ15 AV18 final data choices                                                                      
# Created on 03/26/2020 at 11:43:31                                                                 

 # QCD setup
  INS                           0
  NVL                          11
  IORD                          1
  Q02                   1.6899999999999999     
  IPARAMC                      -7
  FLAVOR                5.0000000000000000     
  xmc                   1.3000000000000000     
  xmb                   4.5000000000000000     
  ncb                          12
  ihq                           1
  ias                           0

 # Theory corrections
  inuke                     10114
  itmc                          1
  iht                           1

 # fit parameters
 LAMBDA       0.22680        0.0000    
 a0uv          1.5900        0.0000    
 a1uv         0.52513       0.27913E-01
 a2uv          3.5760       0.10573E-01
 a3uv          0.0000        0.0000    
 a4uv          5.9275       0.92425    
 a5uv          0.0000        0.0000    
 a0dv          16.337        0.0000    
 a1dv          1.0506       0.35463E-01
 a2dv          6.3815       0.17111    
 a3dv         -3.5210       0.10195    
 a4dv          5.1076       0.16902    
 a5dv          0.0000        0.0000    
 a0ud         0.13659       0.49263E-02
 a1ud        -0.21437       0.39046E-02
 a2ud          8.8269       0.17813    
 a3ud          0.0000        0.0000    
 a4ud          18.267        1.4014    
 a5ud          0.0000        0.0000    
 a0du          35712.        0.0000    
 a1du          4.0650       0.10080    
 a2du          21.565        1.0807    
 a3du          17.000        0.0000    
 a4du          54.977        14.138    
 a0g           42.812        0.0000    
 a1g          0.58824       0.31492E-01
 a2g           6.3399       0.93814    
 a3g          -3.3536       0.14036    
 a4g           3.3089       0.35197    
 a5g           0.0000        0.0000    
 kappa        0.40000        0.0000    
 a6dv         0.36924E-02   0.11950E-02
 a7dv          2.0000        0.0000    
 off1        -0.35525E-01   0.12225    
 off2        -0.11782       0.74107    
 off3        -0.72204        1.0476    
 ht1          -4.0614       0.35703    
 ht2           2.1741       0.12159    
 ht3          -2.0855       0.28094E-01
 ht4           0.0000        0.0000    
 dummy41       0.0000        0.0000    
 dummy42       0.0000        0.0000    
 dummy43       0.0000        0.0000    
 dummy44       0.0000        0.0000    
 dummy45       0.0000        0.0000    
 dummy46       0.0000        0.0000    
 dummy47       0.0000        0.0000    
 dummy48       0.0000        0.0000    
 dummy49       0.0000        0.0000    
 bcdmsh2      0.96718       0.50996E-02
 bcdmsd2      0.98952       0.60768E-02
 ccfr          1.0000        0.0000    
 nutev         1.0000        0.0000    
 zeus         0.97998        0.0000    
 h1            1.0162        0.0000    
 e605          1.0319        0.0000    
 NmcH2         1.0049       0.72805E-02
 ntv_nu        1.0000        0.0000    
 ntv_nuba      1.0000        0.0000    
 cdf_jet      0.98910        0.0000    
 d0_jet       0.83504        0.0000    
 slac_p       0.99965       0.53005E-02
 slac_d        1.0007       0.57629E-02
 e866pp       0.99527       0.20921E-01
 e866pd       0.97356       0.18001E-01
 d0_gamje      1.0356       0.16505E-01
 h1b          0.97608        0.0000    
 blank         1.0000        0.0000    
 d0run2       0.94909       0.14873E-01
 cdfrun2      0.93668       0.17682E-01
 HERA_el       1.0000        0.0000    
 HERA_ps       1.0000        0.0000    
 CDF_Z        0.94386       0.68774E-02
 NmcRat        1.0000        0.0000    
 HERMES_F     0.99258       0.59472E-02
 HERMES_F     0.97658       0.61927E-02
 END 0. 0.

 # Hessian matrix (Bevington alpha)
   0.46520236793576E+07 -0.11071887421229E+07  0.13572962675846E+06  0.39560731017025E+06 -0.10830418418422E+06 -0.25111503359761E+05  0.38072366243487E+05  0.10101542479140E+07 -0.18954657471942E+06 -0.46105181320148E+05  0.62921010566113E+04  0.13904143762120E+05  0.14272817468044E+04 -0.10641278561061E+03  0.14397674014094E+05 -0.31708244384356E+04  0.14287261463523E+05  0.10277946044092E+05  0.40397593618468E+07 -0.57764038474761E+05 -0.24615337527319E+05 -0.11657556673108E+05 -0.91954334121853E+04  0.24884866052477E+04 -0.18017869728534E+06 -0.13739811767901E+06 -0.58082991392708E+05 -0.60651465160203E+04 -0.90058712212062E+06 -0.11622886878608E+07 -0.21442344300552E+05 -0.48901412833444E+05 -0.33303020675491E+04 -0.91637240143472E+04 -0.32296269553531E+04 -0.22348480639378E+05 -0.78297556891191E+05 -0.61493670031280E+05
  -0.11071887421229E+07  0.33484798850690E+06 -0.32696886988454E+05 -0.10080659025548E+06  0.27857904723416E+05  0.71475243292312E+04 -0.77722230132120E+04 -0.11577952739363E+06  0.25274975647060E+05  0.59865857904664E+04 -0.67642390353278E+03 -0.10295699241921E+04 -0.10675574380362E+03  0.12204374748608E+02 -0.59966313440310E+02  0.96157465511124E+02 -0.26302216506225E+03 -0.23375834429470E+03 -0.13320104146768E+07  0.13914191645279E+05  0.68375864418821E+04  0.35899037003723E+04  0.48836986450509E+04  0.55635601134125E+04  0.49775048319341E+05  0.16947057600360E+05  0.83660659437075E+04 -0.15630053795468E+03  0.21237051006682E+06  0.26732725872861E+06  0.57070679886115E+04  0.13213053768500E+05  0.42247652820032E+03  0.23507529892451E+04  0.74354618031135E+03 -0.20180879871430E+04  0.88465021940969E+04  0.74261353103700E+04
   0.13572962675846E+06 -0.32696886988454E+05  0.39832689376140E+04  0.11088797391918E+05 -0.31650356739879E+04 -0.91530339583354E+03  0.10425766100491E+04  0.22601455799696E+05 -0.41504585868476E+04 -0.12048479719512E+04  0.14277422137851E+03  0.31507394352123E+03  0.36053734531038E+02 -0.33006323108918E+01 -0.90626356750081E+02 -0.36445752984695E+02  0.19323667486369E+01  0.75115542750174E+02  0.11896324876430E+06 -0.16711337808798E+04 -0.71852681217015E+03 -0.34168689806623E+03 -0.28185169452246E+03  0.43190007801152E+01 -0.52918945946587E+04 -0.38847366279287E+04 -0.16383613368155E+04 -0.59371539147960E+01 -0.25808667521145E+05 -0.33484356576572E+05 -0.63242372344094E+03 -0.14466138415499E+04 -0.84485285824075E+02 -0.26752895582913E+03 -0.93949351154850E+02 -0.16544756276563E+03 -0.19067373474659E+04 -0.15273984564981E+04
   0.39560731017025E+06 -0.10080659025548E+06  0.11088797391918E+05  0.39817002269840E+06 -0.58727580691701E+05  0.63731276408615E+05  0.53082928015799E+05  0.38588150013410E+06 -0.29167094429782E+05 -0.17632988386265E+05  0.28938173621447E+04 -0.14995018843832E+04 -0.14225424996404E+03  0.56491065704624E+02  0.33421235914075E+05 -0.41963257221547E+04  0.27623187450093E+05  0.15713138213952E+05  0.12494658637435E+07 -0.17895071707525E+05 -0.68588336497047E+04 -0.28486993483550E+04 -0.15270222658937E+03  0.41768616278697E+04 -0.32098913843518E+05 -0.13294128787816E+05 -0.22070380324763E+05 -0.20062143855023E+03 -0.67588612019641E+05 -0.35028332950795E+06 -0.13034200071167E+04 -0.24609017633071E+04 -0.66731621300986E+02 -0.24180430005116E+04 -0.94306675296823E+03 -0.11449365591910E+05 -0.76883515999791E+04 -0.22776935277187E+05
  -0.10830418418422E+06  0.27857904723416E+05 -0.31650356739879E+04 -0.58727580691701E+05  0.10570032341654E+05 -0.61081207092973E+04 -0.72601016492142E+04 -0.32247630695092E+05  0.15204010281654E+03  0.21116349873082E+04 -0.26528293004676E+03 -0.99833363662417E+01  0.43619567702533E+01 -0.48774932064267E+01 -0.28180459611248E+04  0.36702304252810E+03 -0.22512120393531E+04 -0.13090006223877E+04 -0.27635180324848E+06  0.32001841958192E+04  0.13891320127186E+04  0.62667483845518E+03  0.24999236687256E+03 -0.77842457829409E+02  0.69033044740011E+04  0.20237867096710E+04  0.34411785024232E+04 -0.51056626678869E+02  0.12302732455009E+05  0.64989154573392E+05  0.32245873198486E+03  0.58930246238249E+03  0.82999154674819E+01  0.47121016205358E+03  0.17316796691391E+03  0.43156184528429E+03  0.84844482740619E+03  0.26240261969068E+04
  -0.25111503359761E+05  0.71475243292312E+04 -0.91530339583354E+03  0.63731276408615E+05 -0.61081207092973E+04  0.16180902338509E+05  0.96550465545321E+04  0.96843151356280E+05 -0.93953303450454E+04 -0.36156331844677E+04  0.70790652280735E+03 -0.60144566604721E+03 -0.51010393245675E+02  0.15375415834114E+02  0.82031490358150E+04 -0.10392965417329E+04  0.69538965876647E+04  0.39751506778022E+04  0.36552032472378E+05 -0.17542326277748E+04 -0.40759779518576E+03 -0.78257113431549E+02  0.37860794866513E+03  0.16243106882024E+04 -0.12034053974028E+04 -0.20713063718757E+04 -0.32167084965871E+04  0.64643265443949E+02 -0.66725078610260E+04 -0.32060986705172E+05  0.16414753022121E+02 -0.16739248335665E+01 -0.13871089083931E+02 -0.18260445074026E+03 -0.93575756789836E+02 -0.28850237251973E+04 -0.15709381476565E+04 -0.44939824367388E+04
   0.38072366243487E+05 -0.77722230132120E+04  0.10425766100491E+04  0.53082928015799E+05 -0.72601016492142E+04  0.96550465545321E+04  0.75082165806698E+04  0.52037467292675E+05 -0.29180218501279E+04 -0.25306163200138E+04  0.40182305260834E+03 -0.20253733706116E+03 -0.20236510143190E+02  0.81342430622069E+01  0.42963945724730E+04 -0.55894012943453E+03  0.35254872745754E+04  0.20526629462321E+04  0.12166224643997E+06 -0.21398849056751E+04 -0.75696943089959E+03 -0.28089924719102E+03  0.13558886274282E+03  0.92965904516066E+03 -0.33971629256560E+04 -0.19845650556157E+04 -0.31475741145529E+04  0.93081794950791E+02 -0.82465299321034E+04 -0.42779783501772E+05 -0.12666043470931E+03 -0.23594826744810E+03 -0.99742179936810E+01 -0.28757810994656E+03 -0.11997718541463E+03 -0.12356112678650E+04 -0.98428766358710E+03 -0.29275221363000E+04
   0.10101542479140E+07 -0.11577952739363E+06  0.22601455799696E+05  0.38588150013410E+06 -0.32247630695092E+05  0.96843151356280E+05  0.52037467292675E+05  0.59132105737282E+07 -0.25308460760875E+07 -0.92156063796525E+05  0.24960488766832E+05  0.25804231052086E+05  0.16550464653036E+04  0.97182694322872E+02  0.96597872192789E+05 -0.12480051033040E+05  0.93104830444785E+05  0.50704764267687E+05  0.32267571444040E+06 -0.38039441983753E+05 -0.72134547031848E+04 -0.18532039752663E+04  0.55556559390094E+04  0.32872630229674E+05 -0.25605529379694E+05 -0.64654931043375E+05 -0.51192572766342E+05 -0.75280367685490E+05 -0.30512154431667E+06 -0.58971362819703E+06 -0.75836158497096E+05 -0.17178882298078E+06 -0.15028105130021E+04  0.74117744886612E+03  0.47372638792721E+03 -0.29364546688535E+06 -0.15396757313105E+06 -0.18776119365415E+06
  -0.18954657471942E+06  0.25274975647060E+05 -0.41504585868476E+04 -0.29167094429782E+05  0.15204010281654E+03 -0.93953303450454E+04 -0.29180218501279E+04 -0.25308460760875E+07  0.19268733932540E+07  0.19598774594589E+05 -0.60292544329275E+04 -0.54573047877609E+04 -0.29238880006818E+03 -0.13368781716313E+02  0.48211938076872E+05 -0.22781375214911E+04  0.14937054089676E+05  0.73123063487650E+04  0.24208892357505E+05  0.92279233770943E+04  0.14059635258300E+04  0.31175067915033E+03 -0.12060850936734E+04 -0.75075769618914E+04  0.40123570918506E+04  0.11448883813304E+05  0.10697981528866E+05  0.25675338566182E+05  0.67600228904886E+05  0.12652421948163E+06  0.22719813497202E+05  0.51607785900543E+05  0.20262111541081E+03 -0.13784522658994E+04 -0.74837828997252E+03  0.11692986557844E+06  0.46518662881227E+05  0.56259227082168E+05
  -0.46105181320148E+05  0.59865857904664E+04 -0.12048479719512E+04 -0.17632988386265E+05  0.21116349873082E+04 -0.36156331844677E+04 -0.25306163200138E+04 -0.92156063796525E+05  0.19598774594589E+05  0.25408195529520E+04 -0.54417302122138E+03 -0.58508185396270E+03 -0.49012692891441E+02 -0.16442943023407E+01 -0.40818094301384E+04  0.51706583252407E+03 -0.34600298623569E+04 -0.19842897713495E+04 -0.29216402606857E+05  0.11955733265126E+04  0.31095603170863E+03  0.97120221640316E+02 -0.17572696560886E+03 -0.98914177271789E+03  0.14428726707518E+04  0.26775210270660E+04  0.18233468556394E+04  0.74545570930886E+03  0.10623767093888E+05  0.21738804626631E+05  0.14364412732705E+04  0.31956564667974E+04  0.43871072752603E+02  0.11235701520222E+03  0.50607227152862E+02  0.31818711824479E+04  0.28643638934551E+04  0.35718451650630E+04
   0.62921010566113E+04 -0.67642390353278E+03  0.14277422137851E+03  0.28938173621447E+04 -0.26528293004676E+03  0.70790652280735E+03  0.40182305260834E+03  0.24960488766832E+05 -0.60292544329275E+04 -0.54417302122138E+03  0.13762531102343E+03  0.15385570979836E+03  0.10555399400571E+02  0.57026941580978E+00  0.11371612357817E+04 -0.12859230998702E+03  0.92657542473109E+03  0.50756494589604E+03  0.29371231583231E+04 -0.21032019057469E+03 -0.43264177285299E+02 -0.11537231213391E+02  0.32548617099411E+02  0.18854349789213E+03 -0.16188046556993E+03 -0.40375322617304E+03 -0.30191707705591E+03 -0.31710803619728E+03 -0.17587124399911E+04 -0.34360090068773E+04 -0.37215556657418E+03 -0.84230682596877E+03 -0.99038727058531E+01 -0.86432405012892E+01 -0.41561407803018E+01 -0.10666858622047E+04 -0.75419480197413E+03 -0.92492792350105E+03
   0.13904143762120E+05 -0.10295699241921E+04  0.31507394352123E+03 -0.14995018843832E+04 -0.99833363662417E+01 -0.60144566604721E+03 -0.20253733706116E+03  0.25804231052086E+05 -0.54573047877609E+04 -0.58508185396270E+03  0.15385570979836E+03  0.13113976945605E+04  0.82481023500003E+02 -0.11440647099187E+01  0.12958421508658E+04 -0.18436367676584E+03  0.13377075966030E+04  0.77366391258946E+03  0.33943118202404E+04  0.25468466714114E+03  0.25261393056470E+02  0.74335982206750E+00  0.28501516235225E+02  0.19241946945922E+03 -0.35388559031221E+02 -0.90284308901782E+03 -0.15179926675253E-10 -0.65522155000624E+03 -0.42110985333968E+04 -0.16991880625273E-09 -0.20048921779233E+04 -0.43690542669412E+02 -0.69542561950106E+02 -0.14641584046970E+01 -0.63694316762538E+00  0.15792758461294E+03 -0.24356909470138E+04  0.16729467581275E-09
   0.14272817468044E+04 -0.10675574380362E+03  0.36053734531038E+02 -0.14225424996404E+03  0.43619567702533E+01 -0.51010393245675E+02 -0.20236510143190E+02  0.16550464653036E+04 -0.29238880006818E+03 -0.49012692891441E+02  0.10555399400571E+02  0.82481023500003E+02  0.68686120960772E+01 -0.14599197468030E+00  0.69845055612408E+02 -0.11967939821001E+02  0.77401082207505E+02  0.48643341925879E+02  0.15572738039552E+03  0.14759152100302E+02  0.21353916575466E+01  0.16156295447602E+00  0.36146557386873E+01  0.21565354157187E+02 -0.68684014441998E+01 -0.12553060223299E+03  0.21189007965642E-11 -0.24633790924818E+02 -0.46258890129113E+03 -0.39329897664655E-10 -0.12084582008642E+03 -0.10843557770718E+02 -0.53298144759144E+01 -0.14352824374379E+00 -0.56910650839009E-01  0.17754483845107E+02 -0.16862588488819E+03  0.51949835528181E-11
  -0.10641278561061E+03  0.12204374748608E+02 -0.33006323108918E+01  0.56491065704624E+02 -0.48774932064267E+01  0.15375415834114E+02  0.81342430622069E+01  0.97182694322872E+02 -0.13368781716313E+02 -0.16442943023407E+01  0.57026941580978E+00 -0.11440647099187E+01 -0.14599197468030E+00  0.42857878731217E-01  0.13004603639510E+02 -0.99474414433596E+00  0.79274566518420E+01  0.37359139663300E+01  0.49763356086092E+02  0.12973084266225E+01 -0.32649528670743E-01 -0.17696761259038E-01 -0.57408960302458E-02 -0.16056490984767E-01  0.11539464402016E-01  0.60940166405789E-01 -0.12226570212680E-12 -0.52587198885080E+01 -0.56959671690006E+00 -0.51185309997581E-12 -0.24744667506480E+01 -0.77250539625893E-05 -0.11741885236214E+00 -0.14000119503295E-02 -0.76943367475617E-03 -0.20744518192735E+01 -0.25190482579831E+01 -0.49808045232966E-12
   0.14397674014094E+05 -0.59966313440310E+02 -0.90626356750081E+02  0.33421235914075E+05 -0.28180459611248E+04  0.82031490358150E+04  0.42963945724730E+04  0.96597872192789E+05  0.48211938076872E+05 -0.40818094301384E+04  0.11371612357817E+04  0.12958421508658E+04  0.69845055612408E+02  0.13004603639510E+02  0.51437869751710E+05 -0.49280397001266E+04  0.35976696706482E+05  0.18975837671713E+05  0.39245880118881E+05  0.34542607395996E+02  0.52898361998067E+02  0.23919251104057E+02 -0.36979332664287E+02 -0.18771499789091E+03  0.63984766730897E+03 -0.29308365798192E+04 -0.19033552465122E+04 -0.25180537770819E+04  0.19825089285838E+04  0.44329710753932E+04 -0.14609597800442E+04 -0.29508395770133E+04 -0.74752260566465E+03 -0.30212739182216E+04 -0.15850645854802E+04 -0.22002808839449E+04 -0.99096933417416E+03 -0.11122537961340E+04
  -0.31708244384356E+04  0.96157465511124E+02 -0.36445752984695E+02 -0.41963257221547E+04  0.36702304252810E+03 -0.10392965417329E+04 -0.55894012943453E+03 -0.12480051033040E+05 -0.22781375214911E+04  0.51706583252407E+03 -0.12859230998702E+03 -0.18436367676584E+03 -0.11967939821001E+02 -0.99474414433596E+00 -0.49280397001266E+04  0.55268839337400E+03 -0.39187161850953E+04 -0.21555438915398E+04 -0.50517717493817E+04  0.95766329150588E+01 -0.69151994019986E+01 -0.42404973140051E+01 -0.24975657399084E-01 -0.71924090360946E-01 -0.13171714437710E+03  0.56028274531106E+03  0.34926837590215E+03  0.29597155828734E+03 -0.15072542317159E+03 -0.50434228527702E+03  0.15669312421730E+03  0.31419791727627E+03  0.85494856481115E+02  0.48100103493152E+03  0.23424842084333E+03 -0.37623002120568E+03  0.27666804532569E+03  0.30985972196378E+03
   0.14287261463523E+05 -0.26302216506225E+03  0.19323667486369E+01  0.27623187450093E+05 -0.22512120393531E+04  0.69538965876647E+04  0.35254872745754E+04  0.93104830444785E+05  0.14937054089676E+05 -0.34600298623569E+04  0.92657542473109E+03  0.13377075966030E+04  0.77401082207505E+02  0.79274566518420E+01  0.35976696706482E+05 -0.39187161850953E+04  0.28474548438480E+05  0.15438809741020E+05  0.31902526957755E+05  0.16742626780148E+02  0.52246831424953E+02  0.21270779251596E+02 -0.66638420773876E+02 -0.27736312235143E+03  0.51740294777130E+03 -0.26625093644471E+04 -0.17067818513060E+04 -0.24755725296415E+04  0.21163531165245E+04  0.45751653564348E+04 -0.11946899818073E+04 -0.24195838905850E+04 -0.61015325080594E+03 -0.25945672179026E+04 -0.13905400758340E+04  0.13552463479835E+04 -0.16459432439244E+04 -0.18241923852310E+04
   0.10277946044092E+05 -0.23375834429470E+03  0.75115542750174E+02  0.15713138213952E+05 -0.13090006223877E+04  0.39751506778022E+04  0.20526629462321E+04  0.50704764267687E+05  0.73123063487650E+04 -0.19842897713495E+04  0.50756494589604E+03  0.77366391258946E+03  0.48643341925879E+02  0.37359139663300E+01  0.18975837671713E+05 -0.21555438915398E+04  0.15438809741020E+05  0.84945424860188E+04  0.18409737065811E+05 -0.13751876080969E+02  0.31051981419202E+02  0.14902628065846E+02 -0.29036690161524E+02 -0.10801240855853E+03  0.40803419270369E+03 -0.19090624810606E+04 -0.11916995802003E+04 -0.12527952703179E+04  0.97961358894328E+03  0.25135349885018E+04 -0.61272103139305E+03 -0.12396627378547E+04 -0.33999680862223E+03 -0.17052449907406E+04 -0.87485459897343E+03  0.15202276822889E+04 -0.11626079470678E+04 -0.12905695858508E+04
   0.40397593618468E+07 -0.13320104146768E+07  0.11896324876430E+06  0.12494658637435E+07 -0.27635180324848E+06  0.36552032472378E+05  0.12166224643997E+06  0.32267571444040E+06  0.24208892357505E+05 -0.29216402606857E+05  0.29371231583231E+04  0.33943118202404E+04  0.15572738039552E+03  0.49763356086092E+02  0.39245880118881E+05 -0.50517717493817E+04  0.31902526957755E+05  0.18409737065811E+05  0.11826200955425E+08 -0.96850867558222E+05 -0.50084415471792E+05 -0.26684241358151E+05 -0.24180924421408E+05 -0.30639654444744E+05 -0.23545390284813E+06 -0.22463174037344E+05 -0.50444597593009E+05  0.72469676375916E+03 -0.37566722438683E+06 -0.18440534902244E+07 -0.10900311228185E+05 -0.20702252238043E+05 -0.12069308597916E+03 -0.15585772008564E+05 -0.48916274827512E+04  0.11335946745253E+05 -0.13815818564058E+05 -0.43163660763209E+05
  -0.57764038474761E+05  0.13914191645279E+05 -0.16711337808798E+04 -0.17895071707525E+05  0.32001841958192E+04 -0.17542326277748E+04 -0.21398849056751E+04 -0.38039441983753E+05  0.92279233770943E+04  0.11955733265126E+04 -0.21032019057469E+03  0.25468466714114E+03  0.14759152100302E+02  0.12973084266225E+01  0.34542607395996E+02  0.95766329150588E+01  0.16742626780148E+02 -0.13751876080969E+02 -0.96850867558222E+05  0.26528598327522E+04  0.85917992188461E+03  0.36826169532624E+03  0.66293338704649E+02 -0.39524791862425E+03  0.30519211125000E+04  0.00000000000000E+00  0.26026912650702E+04  0.00000000000000E+00  0.00000000000000E+00  0.41117243820887E+05  0.00000000000000E+00  0.00000000000000E+00  0.00000000000000E+00  0.00000000000000E+00  0.00000000000000E+00  0.00000000000000E+00  0.00000000000000E+00  0.41892832583827E+04
  -0.24615337527319E+05  0.68375864418821E+04 -0.71852681217015E+03 -0.68588336497047E+04  0.13891320127186E+04 -0.40759779518576E+03 -0.75696943089959E+03 -0.72134547031848E+04  0.14059635258300E+04  0.31095603170863E+03 -0.43264177285299E+02  0.25261393056470E+02  0.21353916575466E+01 -0.32649528670743E-01  0.52898361998067E+02 -0.69151994019986E+01  0.52246831424953E+02  0.31051981419202E+02 -0.50084415471792E+05  0.85917992188461E+03  0.36604486547993E+03  0.17612016322697E+03  0.78850356880753E+02 -0.40389351006111E+01  0.13700847922570E+04  0.00000000000000E+00  0.67645989910466E+03  0.00000000000000E+00  0.00000000000000E+00  0.15506344905259E+05  0.00000000000000E+00  0.00000000000000E+00  0.00000000000000E+00  0.00000000000000E+00  0.00000000000000E+00  0.00000000000000E+00  0.00000000000000E+00  0.87397458325329E+03
  -0.11657556673108E+05  0.35899037003723E+04 -0.34168689806623E+03 -0.28486993483550E+04  0.62667483845518E+03 -0.78257113431549E+02 -0.28089924719102E+03 -0.18532039752663E+04  0.31175067915033E+03  0.97120221640316E+02 -0.11537231213391E+02  0.74335982206750E+00  0.16156295447602E+00 -0.17696761259038E-01  0.23919251104057E+02 -0.42404973140051E+01  0.21270779251596E+02  0.14902628065846E+02 -0.26684241358151E+05  0.36826169532624E+03  0.17612016322697E+03  0.91023666872408E+02  0.55493805669294E+02  0.46070162263679E+02  0.66239492893479E+03  0.00000000000000E+00  0.19800535853367E+03  0.00000000000000E+00  0.00000000000000E+00  0.67697794984478E+04  0.00000000000000E+00  0.00000000000000E+00  0.00000000000000E+00  0.00000000000000E+00  0.00000000000000E+00  0.00000000000000E+00  0.00000000000000E+00  0.26055933111265E+03
  -0.91954334121853E+04  0.48836986450509E+04 -0.28185169452246E+03 -0.15270222658937E+03  0.24999236687256E+03  0.37860794866513E+03  0.13558886274282E+03  0.55556559390094E+04 -0.12060850936734E+04 -0.17572696560886E+03  0.32548617099411E+02  0.28501516235225E+02  0.36146557386873E+01 -0.57408960302458E-02 -0.36979332664287E+02 -0.24975657399084E-01 -0.66638420773876E+02 -0.29036690161524E+02 -0.24180924421408E+05  0.66293338704649E+02  0.78850356880753E+02  0.55493805669294E+02  0.18507443580758E+03  0.41352182734326E+03  0.77496338042297E+03 -0.39878519479971E+02 -0.22188635353086E+02  0.49068930354346E+01  0.10984988492856E+04  0.85985263683884E+03  0.00000000000000E+00  0.00000000000000E+00  0.00000000000000E+00  0.00000000000000E+00  0.00000000000000E+00  0.00000000000000E+00 -0.24838101999325E+03 -0.25953480305093E+03
   0.24884866052477E+04  0.55635601134125E+04  0.43190007801152E+01  0.41768616278697E+04 -0.77842457829409E+02  0.16243106882024E+04  0.92965904516066E+03  0.32872630229674E+05 -0.75075769618914E+04 -0.98914177271789E+03  0.18854349789213E+03  0.19241946945922E+03  0.21565354157187E+02 -0.16056490984767E-01 -0.18771499789091E+03 -0.71924090360946E-01 -0.27736312235143E+03 -0.10801240855853E+03 -0.30639654444744E+05 -0.39524791862425E+03 -0.40389351006111E+01  0.46070162263679E+02  0.41352182734326E+03  0.13619151532928E+04  0.63645555763764E+03 -0.14790284458435E+03 -0.95763152434471E+02 -0.76542879703427E+01 -0.46634949600010E+04 -0.87169990776963E+04  0.00000000000000E+00  0.00000000000000E+00  0.00000000000000E+00  0.00000000000000E+00  0.00000000000000E+00  0.00000000000000E+00 -0.16895496446174E+04 -0.17485896151823E+04
  -0.18017869728534E+06  0.49775048319341E+05 -0.52918945946587E+04 -0.32098913843518E+05  0.69033044740011E+04 -0.12034053974028E+04 -0.33971629256560E+04 -0.25605529379694E+05  0.40123570918506E+04  0.14428726707518E+04 -0.16188046556993E+03 -0.35388559031221E+02 -0.68684014441998E+01  0.11539464402016E-01  0.63984766730897E+03 -0.13171714437710E+03  0.51740294777130E+03  0.40803419270369E+03 -0.23545390284813E+06  0.30519211125000E+04  0.13700847922570E+04  0.66239492893479E+03  0.77496338042297E+03  0.63645555763764E+03  0.12284162356403E+05  0.24809260163579E+03  0.12851039526588E+03 -0.39835714663805E+01  0.40044691916033E+05  0.64527122349154E+05  0.00000000000000E+00  0.00000000000000E+00  0.00000000000000E+00  0.00000000000000E+00  0.00000000000000E+00  0.00000000000000E+00  0.15507322857169E+04  0.15795815651147E+04
  -0.13739811767901E+06  0.16947057600360E+05 -0.38847366279287E+04 -0.13294128787816E+05  0.20237867096710E+04 -0.20713063718757E+04 -0.19845650556157E+04 -0.64654931043375E+05  0.11448883813304E+05  0.26775210270660E+04 -0.40375322617304E+03 -0.90284308901782E+03 -0.12553060223299E+03  0.60940166405789E-01 -0.29308365798192E+04  0.56028274531106E+03 -0.26625093644471E+04 -0.19090624810606E+04 -0.22463174037344E+05  0.00000000000000E+00  0.00000000000000E+00  0.00000000000000E+00 -0.39878519479971E+02 -0.14790284458435E+03  0.24809260163579E+03  0.11763355996966E+06  0.00000000000000E+00  0.00000000000000E+00  0.00000000000000E+00  0.00000000000000E+00  0.00000000000000E+00  0.00000000000000E+00  0.00000000000000E+00  0.00000000000000E+00  0.00000000000000E+00  0.00000000000000E+00  0.00000000000000E+00  0.00000000000000E+00
  -0.58082991392708E+05  0.83660659437075E+04 -0.16383613368155E+04 -0.22070380324763E+05  0.34411785024232E+04 -0.32167084965871E+04 -0.31475741145529E+04 -0.51192572766342E+05  0.10697981528866E+05  0.18233468556394E+04 -0.30191707705591E+03 -0.15179926675253E-10  0.21189007965642E-11 -0.12226570212680E-12 -0.19033552465122E+04  0.34926837590215E+03 -0.17067818513060E+04 -0.11916995802003E+04 -0.50444597593009E+05  0.26026912650702E+04  0.67645989910466E+03  0.19800535853367E+03 -0.22188635353086E+02 -0.95763152434471E+02  0.12851039526588E+03  0.00000000000000E+00  0.65064867350799E+05  0.00000000000000E+00  0.00000000000000E+00  0.00000000000000E+00  0.00000000000000E+00  0.00000000000000E+00  0.00000000000000E+00  0.00000000000000E+00  0.00000000000000E+00  0.00000000000000E+00  0.00000000000000E+00  0.00000000000000E+00
  -0.60651465160203E+04 -0.15630053795468E+03 -0.59371539147960E+01 -0.20062143855023E+03 -0.51056626678869E+02  0.64643265443949E+02  0.93081794950791E+02 -0.75280367685490E+05  0.25675338566182E+05  0.74545570930886E+03 -0.31710803619728E+03 -0.65522155000624E+03 -0.24633790924818E+02 -0.52587198885080E+01 -0.25180537770819E+04  0.29597155828734E+03 -0.24755725296415E+04 -0.12527952703179E+04  0.72469676375916E+03  0.00000000000000E+00  0.00000000000000E+00  0.00000000000000E+00  0.49068930354346E+01 -0.76542879703427E+01 -0.39835714663805E+01  0.00000000000000E+00  0.00000000000000E+00  0.30878309166201E+05  0.00000000000000E+00  0.00000000000000E+00  0.00000000000000E+00  0.00000000000000E+00  0.00000000000000E+00  0.00000000000000E+00  0.00000000000000E+00  0.00000000000000E+00  0.00000000000000E+00  0.00000000000000E+00
  -0.90058712212062E+06  0.21237051006682E+06 -0.25808667521145E+05 -0.67588612019641E+05  0.12302732455009E+05 -0.66725078610260E+04 -0.82465299321034E+04 -0.30512154431667E+06  0.67600228904886E+05  0.10623767093888E+05 -0.17587124399911E+04 -0.42110985333968E+04 -0.46258890129113E+03 -0.56959671690006E+00  0.19825089285838E+04 -0.15072542317159E+03  0.21163531165245E+04  0.97961358894328E+03 -0.37566722438683E+06  0.00000000000000E+00  0.00000000000000E+00  0.00000000000000E+00  0.10984988492856E+04 -0.46634949600010E+04  0.40044691916033E+05  0.00000000000000E+00  0.00000000000000E+00  0.00000000000000E+00  0.58343826476472E+06  0.00000000000000E+00  0.00000000000000E+00  0.00000000000000E+00  0.00000000000000E+00  0.00000000000000E+00  0.00000000000000E+00  0.00000000000000E+00  0.00000000000000E+00  0.00000000000000E+00
  -0.11622886878608E+07  0.26732725872861E+06 -0.33484356576572E+05 -0.35028332950795E+06  0.64989154573392E+05 -0.32060986705172E+05 -0.42779783501772E+05 -0.58971362819703E+06  0.12652421948163E+06  0.21738804626631E+05 -0.34360090068773E+04 -0.16991880625273E-09 -0.39329897664655E-10 -0.51185309997581E-12  0.44329710753932E+04 -0.50434228527702E+03  0.45751653564348E+04  0.25135349885018E+04 -0.18440534902244E+07  0.41117243820887E+05  0.15506344905259E+05  0.67697794984478E+04  0.85985263683884E+03 -0.87169990776963E+04  0.64527122349154E+05  0.00000000000000E+00  0.00000000000000E+00  0.00000000000000E+00  0.00000000000000E+00  0.92451527587086E+06  0.00000000000000E+00  0.00000000000000E+00  0.00000000000000E+00  0.00000000000000E+00  0.00000000000000E+00  0.00000000000000E+00  0.00000000000000E+00  0.00000000000000E+00
  -0.21442344300552E+05  0.57070679886115E+04 -0.63242372344094E+03 -0.13034200071167E+04  0.32245873198486E+03  0.16414753022121E+02 -0.12666043470931E+03 -0.75836158497096E+05  0.22719813497202E+05  0.14364412732705E+04 -0.37215556657418E+03 -0.20048921779233E+04 -0.12084582008642E+03 -0.24744667506480E+01 -0.14609597800442E+04  0.15669312421730E+03 -0.11946899818073E+04 -0.61272103139305E+03 -0.10900311228185E+05  0.00000000000000E+00  0.00000000000000E+00  0.00000000000000E+00  0.00000000000000E+00  0.00000000000000E+00  0.00000000000000E+00  0.00000000000000E+00  0.00000000000000E+00  0.00000000000000E+00  0.00000000000000E+00  0.00000000000000E+00  0.13917934606863E+05  0.00000000000000E+00  0.00000000000000E+00  0.00000000000000E+00  0.00000000000000E+00  0.00000000000000E+00  0.00000000000000E+00  0.00000000000000E+00
  -0.48901412833444E+05  0.13213053768500E+05 -0.14466138415499E+04 -0.24609017633071E+04  0.58930246238249E+03 -0.16739248335665E+01 -0.23594826744810E+03 -0.17178882298078E+06  0.51607785900543E+05  0.31956564667974E+04 -0.84230682596877E+03 -0.43690542669412E+02 -0.10843557770718E+02 -0.77250539625893E-05 -0.29508395770133E+04  0.31419791727627E+03 -0.24195838905850E+04 -0.12396627378547E+04 -0.20702252238043E+05  0.00000000000000E+00  0.00000000000000E+00  0.00000000000000E+00  0.00000000000000E+00  0.00000000000000E+00  0.00000000000000E+00  0.00000000000000E+00  0.00000000000000E+00  0.00000000000000E+00  0.00000000000000E+00  0.00000000000000E+00  0.00000000000000E+00  0.31165748661909E+05  0.00000000000000E+00  0.00000000000000E+00  0.00000000000000E+00  0.00000000000000E+00  0.00000000000000E+00  0.00000000000000E+00
  -0.33303020675491E+04  0.42247652820032E+03 -0.84485285824075E+02 -0.66731621300986E+02  0.82999154674819E+01 -0.13871089083931E+02 -0.99742179936810E+01 -0.15028105130021E+04  0.20262111541081E+03  0.43871072752603E+02 -0.99038727058531E+01 -0.69542561950106E+02 -0.53298144759144E+01 -0.11741885236214E+00 -0.74752260566465E+03  0.85494856481115E+02 -0.61015325080594E+03 -0.33999680862223E+03 -0.12069308597916E+03  0.00000000000000E+00  0.00000000000000E+00  0.00000000000000E+00  0.00000000000000E+00  0.00000000000000E+00  0.00000000000000E+00  0.00000000000000E+00  0.00000000000000E+00  0.00000000000000E+00  0.00000000000000E+00  0.00000000000000E+00  0.00000000000000E+00  0.00000000000000E+00  0.38013902940523E+04  0.00000000000000E+00  0.00000000000000E+00  0.00000000000000E+00  0.00000000000000E+00  0.00000000000000E+00
  -0.91637240143472E+04  0.23507529892451E+04 -0.26752895582913E+03 -0.24180430005116E+04  0.47121016205358E+03 -0.18260445074026E+03 -0.28757810994656E+03  0.74117744886612E+03 -0.13784522658994E+04  0.11235701520222E+03 -0.86432405012892E+01 -0.14641584046970E+01 -0.14352824374379E+00 -0.14000119503295E-02 -0.30212739182216E+04  0.48100103493152E+03 -0.25945672179026E+04 -0.17052449907406E+04 -0.15585772008564E+05  0.00000000000000E+00  0.00000000000000E+00  0.00000000000000E+00  0.00000000000000E+00  0.00000000000000E+00  0.00000000000000E+00  0.00000000000000E+00  0.00000000000000E+00  0.00000000000000E+00  0.00000000000000E+00  0.00000000000000E+00  0.00000000000000E+00  0.00000000000000E+00  0.00000000000000E+00  0.81738533634482E+04  0.00000000000000E+00  0.00000000000000E+00  0.00000000000000E+00  0.00000000000000E+00
  -0.32296269553531E+04  0.74354618031135E+03 -0.93949351154850E+02 -0.94306675296823E+03  0.17316796691391E+03 -0.93575756789836E+02 -0.11997718541463E+03  0.47372638792721E+03 -0.74837828997252E+03  0.50607227152862E+02 -0.41561407803018E+01 -0.63694316762538E+00 -0.56910650839009E-01 -0.76943367475617E-03 -0.15850645854802E+04  0.23424842084333E+03 -0.13905400758340E+04 -0.87485459897343E+03 -0.48916274827512E+04  0.00000000000000E+00  0.00000000000000E+00  0.00000000000000E+00  0.00000000000000E+00  0.00000000000000E+00  0.00000000000000E+00  0.00000000000000E+00  0.00000000000000E+00  0.00000000000000E+00  0.00000000000000E+00  0.00000000000000E+00  0.00000000000000E+00  0.00000000000000E+00  0.00000000000000E+00  0.00000000000000E+00  0.41807182468432E+04  0.00000000000000E+00  0.00000000000000E+00  0.00000000000000E+00
  -0.22348480639378E+05 -0.20180879871430E+04 -0.16544756276563E+03 -0.11449365591910E+05  0.43156184528429E+03 -0.28850237251973E+04 -0.12356112678650E+04 -0.29364546688535E+06  0.11692986557844E+06  0.31818711824479E+04 -0.10666858622047E+04  0.15792758461294E+03  0.17754483845107E+02 -0.20744518192735E+01 -0.22002808839449E+04 -0.37623002120568E+03  0.13552463479835E+04  0.15202276822889E+04  0.11335946745253E+05  0.00000000000000E+00  0.00000000000000E+00  0.00000000000000E+00  0.00000000000000E+00  0.00000000000000E+00  0.00000000000000E+00  0.00000000000000E+00  0.00000000000000E+00  0.00000000000000E+00  0.00000000000000E+00  0.00000000000000E+00  0.00000000000000E+00  0.00000000000000E+00  0.00000000000000E+00  0.00000000000000E+00  0.00000000000000E+00  0.12963345665932E+06  0.00000000000000E+00  0.00000000000000E+00
  -0.78297556891191E+05  0.88465021940969E+04 -0.19067373474659E+04 -0.76883515999791E+04  0.84844482740619E+03 -0.15709381476565E+04 -0.98428766358710E+03 -0.15396757313105E+06  0.46518662881227E+05  0.28643638934551E+04 -0.75419480197413E+03 -0.24356909470138E+04 -0.16862588488819E+03 -0.25190482579831E+01 -0.99096933417416E+03  0.27666804532569E+03 -0.16459432439244E+04 -0.11626079470678E+04 -0.13815818564058E+05  0.00000000000000E+00  0.00000000000000E+00  0.00000000000000E+00 -0.24838101999325E+03 -0.16895496446174E+04  0.15507322857169E+04  0.00000000000000E+00  0.00000000000000E+00  0.00000000000000E+00  0.00000000000000E+00  0.00000000000000E+00  0.00000000000000E+00  0.00000000000000E+00  0.00000000000000E+00  0.00000000000000E+00  0.00000000000000E+00  0.00000000000000E+00  0.95993355322757E+05  0.00000000000000E+00
  -0.61493670031280E+05  0.74261353103700E+04 -0.15273984564981E+04 -0.22776935277187E+05  0.26240261969068E+04 -0.44939824367388E+04 -0.29275221363000E+04 -0.18776119365415E+06  0.56259227082168E+05  0.35718451650630E+04 -0.92492792350105E+03  0.16729467581275E-09  0.51949835528181E-11 -0.49808045232966E-12 -0.11122537961340E+04  0.30985972196378E+03 -0.18241923852310E+04 -0.12905695858508E+04 -0.43163660763209E+05  0.41892832583827E+04  0.87397458325329E+03  0.26055933111265E+03 -0.25953480305093E+03 -0.17485896151823E+04  0.15795815651147E+04  0.00000000000000E+00  0.00000000000000E+00  0.00000000000000E+00  0.00000000000000E+00  0.00000000000000E+00  0.00000000000000E+00  0.00000000000000E+00  0.00000000000000E+00  0.00000000000000E+00  0.00000000000000E+00  0.00000000000000E+00  0.00000000000000E+00  0.10039794905463E+06

 # Covariance matrix (Bevington epsilon)
   0.77915831583323E-03  0.89101607641647E-05 -0.25507598579839E-01  0.82113204967295E-04 -0.40560999661770E-03  0.53318300877128E-03 -0.11603100356652E-02  0.59902980806872E-04  0.40681635845634E-04 -0.15683885784885E-02 -0.21750366412365E-01 -0.89079242112534E-03 -0.18367408603606E-02 -0.43403058250526E-01  0.13301494883343E-03  0.38499571462442E-02 -0.65323042243690E-04  0.49418742207365E-03 -0.44324957708002E-05 -0.61706026741595E-03  0.33250063072380E-02 -0.36001968418065E-02  0.10264104223084E-02 -0.53135574238795E-03  0.37620522021317E-04  0.44002669683131E-04  0.42802566007054E-04  0.37951538803347E-04  0.48890989918216E-04  0.47286066022075E-04 -0.28483111509225E-03 -0.14046389451414E-03  0.51815390549628E-04 -0.48832943761183E-04 -0.50025959409171E-04  0.79187838268280E-04  0.47541566628553E-04  0.44236974245883E-04
   0.89101607641682E-05  0.11178973813403E-03  0.88678176677531E-03  0.14115585858040E-03  0.63643102602403E-03 -0.15430971320163E-03 -0.56245110117038E-04  0.30750100195315E-05  0.16579581929822E-05  0.47889301429505E-03  0.16235051000423E-03  0.20326466644018E-03 -0.10334114855240E-02  0.29821576428106E-01  0.31660363445022E-04  0.16169254023521E-02  0.19603646067161E-04  0.24907196950084E-03  0.27169105094965E-05 -0.17820561477864E-03  0.51246908658938E-03 -0.47946699211873E-03 -0.20699801972908E-02  0.36449981227728E-03  0.90739269496749E-04  0.14209219294689E-04  0.11600807711551E-04  0.88678915793734E-05  0.86771531914698E-05  0.10107105111006E-04  0.79581996487614E-06 -0.24230865594333E-04  0.10052762503219E-04 -0.19963910551191E-04 -0.15097792146956E-04  0.80753949922879E-05  0.11401241881337E-04  0.10677266947240E-04
  -0.25507598579839E-01  0.88678176677543E-03  0.85423431637095E+00 -0.57615815698832E-03  0.22007450163348E-01 -0.20026326273783E-01  0.38073133172931E-01 -0.19088986758420E-02 -0.13118363103912E-02  0.58171238391590E-01  0.74133378176584E+00  0.31657894148974E-01  0.58367082357482E-01  0.18159067254049E+01 -0.36246775187617E-02 -0.88901414289042E-01  0.35360635126350E-02 -0.13394259587476E-01  0.16826590058295E-03  0.18529313166385E-01 -0.99559158927502E-01  0.10776772160167E+00 -0.55161606426687E-01  0.21191441414851E-01  0.30561956614361E-03 -0.10264141711546E-02 -0.10317521635848E-02 -0.90158225341308E-03 -0.11648923311709E-02 -0.11242598472149E-02  0.10376181042331E-01  0.52696262515961E-02 -0.15372340616502E-02  0.10441260607088E-02  0.11341013869124E-02 -0.22005217305764E-02 -0.11144524153828E-02 -0.10259218152208E-02
   0.82113204967329E-04  0.14115585858040E-03 -0.57615815698941E-03  0.12576040690329E-02  0.50524430426146E-02 -0.24074938598478E-02 -0.65068948246546E-03  0.12025821846778E-04  0.42064375186736E-05 -0.53679382694469E-03 -0.68860219063653E-02  0.12608713128626E-02 -0.73089279365471E-02  0.14496558452719E+00  0.35974796649282E-03  0.88665176557330E-02 -0.12827040118273E-02  0.34719477965209E-02  0.33189105118487E-05 -0.75449195415566E-03  0.22682020597714E-02 -0.28814355185918E-03 -0.35497950734969E-02  0.73092135412083E-03  0.23263621064169E-03  0.48870974354439E-04  0.43700425199204E-04  0.37009511792474E-04  0.49153359882305E-04  0.41615813353187E-04  0.97237799452210E-04 -0.46155973683579E-04  0.30162233000280E-04 -0.28762813003348E-04 -0.30227596527069E-04  0.36078034186559E-04  0.53258985515701E-04  0.45150204143800E-04
