# fitpack15: fit parameters                                                                         
# CJ15 AV18 final data choices                                                                      
# Created on 03/26/2020 at 12:31:53                                                                 

 # QCD setup
  INS                           0
  NVL                          11
  IORD                          1
  Q02                   1.6899999999999999     
  IPARAMC                      -7
  FLAVOR                5.0000000000000000     
  xmc                   1.3000000000000000     
  xmb                   4.5000000000000000     
  ncb                          12
  ihq                           1
  ias                           0

 # Theory corrections
  inuke                     10114
  itmc                          1
  iht                           1

 # fit parameters
 LAMBDA       0.22680        0.0000    
 a0uv          1.5189        0.0000    
 a1uv         0.51607       0.29129E-01
 a2uv          3.5806       0.11442E-01
 a3uv          0.0000        0.0000    
 a4uv          6.2755        1.0181    
 a5uv          0.0000        0.0000    
 a0dv          15.544        0.0000    
 a1dv          1.0399       0.37489E-01
 a2dv          6.3577       0.18160    
 a3dv         -3.4967       0.11155    
 a4dv          5.1170       0.17985    
 a5dv          0.0000        0.0000    
 a0ud         0.13555       0.49174E-02
 a1ud        -0.21506       0.39231E-02
 a2ud          8.8611       0.17948    
 a3ud          0.0000        0.0000    
 a4ud          18.784        1.4689    
 a5ud          0.0000        0.0000    
 a0du          35712.        0.0000    
 a1du          4.0592       0.98494E-01
 a2du          21.134        1.0364    
 a3du          17.000        0.0000    
 a4du          53.572        13.923    
 a0g           42.486        0.0000    
 a1g          0.58681       0.31062E-01
 a2g           6.2428       0.92091    
 a3g          -3.3530       0.13741    
 a4g           3.2883       0.33914    
 a5g           0.0000        0.0000    
 kappa        0.40000        0.0000    
 a6dv         0.41025E-02   0.12975E-02
 a7dv          2.0000        0.0000    
 off1        -0.38533E-01   0.12331    
 off2         0.29729       0.78650    
 off3         -1.3900        1.2100    
 ht1          -4.4484       0.43912    
 ht2           2.2296       0.12991    
 ht3          -2.0323       0.34023E-01
 ht4           0.0000        0.0000    
 ht1n         -2.6854       0.99006    
 ht2n          1.7985       0.40370    
 ht3n         -2.3225       0.12798    
 ht4n          0.0000        0.0000    
 dummy45       0.0000        0.0000    
 dummy46       0.0000        0.0000    
 dummy47       0.0000        0.0000    
 dummy48       0.0000        0.0000    
 dummy49       0.0000        0.0000    
 bcdmsh2      0.96706       0.51090E-02
 bcdmsd2      0.98792       0.61117E-02
 ccfr          1.0000        0.0000    
 nutev         1.0000        0.0000    
 zeus         0.97998        0.0000    
 h1            1.0162        0.0000    
 e605          1.0319        0.0000    
 NmcH2         1.0044       0.72994E-02
 ntv_nu        1.0000        0.0000    
 ntv_nuba      1.0000        0.0000    
 cdf_jet      0.98910        0.0000    
 d0_jet       0.83504        0.0000    
 slac_p       0.99671       0.56007E-02
 slac_d        1.0004       0.58232E-02
 e866pp       0.99515       0.21162E-01
 e866pd       0.97890       0.18694E-01
 d0_gamje      1.0345       0.16517E-01
 h1b          0.97608        0.0000    
 blank         1.0000        0.0000    
 d0run2       0.95020       0.14952E-01
 cdfrun2      0.93742       0.17718E-01
 HERA_el       1.0000        0.0000    
 HERA_ps       1.0000        0.0000    
 CDF_Z        0.94396       0.69997E-02
 NmcRat        1.0000        0.0000    
 HERMES_F     0.99131       0.60735E-02
 HERMES_F     0.97533       0.62307E-02
 END 0. 0.

 # Hessian matrix (Bevington alpha)
   0.47004417490579E+07 -0.11128196037183E+07  0.12965502744088E+06  0.40386519064693E+06 -0.10915399593288E+06 -0.24508996520928E+05  0.37817433890650E+05  0.10277345286602E+07 -0.19111346080005E+06 -0.46428493963402E+05  0.62058903790440E+04  0.15016810253279E+05  0.15616979940179E+04 -0.10932777810453E+03  0.15202499503746E+05 -0.33048343307974E+04  0.15403640726426E+05  0.10982019894755E+05  0.38770794895117E+07 -0.58143078771520E+05 -0.24773871837515E+05 -0.11728531044358E+05 -0.63084713161493E+04  0.44205338218777E+04 -0.15700874275449E+06 -0.32322085830988E+04 -0.14951228442075E+04 -0.27859856743212E+05 -0.13849874522113E+06 -0.58514341786906E+05 -0.62560951684548E+04 -0.90867384037607E+06 -0.11686503762123E+07 -0.21553104352842E+05 -0.48934236297035E+05 -0.33643420072188E+04 -0.91962717988054E+04 -0.32441412083229E+04 -0.22890564705257E+05 -0.79061596679828E+05 -0.62074725835998E+05
  -0.11128196037183E+07  0.33502024674701E+06 -0.30979956617851E+05 -0.10215452849675E+06  0.27884487930445E+05  0.70261906947306E+04 -0.76612119444412E+04 -0.11643173118946E+06  0.25188103650231E+05  0.59724484188415E+04 -0.65967327257594E+03 -0.11042630970356E+04 -0.11659507599767E+03  0.12486788927152E+02 -0.11075786968069E+03  0.10460918287396E+03 -0.30580433897003E+03 -0.26105572382919E+03 -0.12698898848157E+07  0.13931382374699E+05  0.68448551149987E+04  0.35928581645605E+04  0.36277558002578E+04  0.42012591709640E+04  0.44134941457497E+05  0.13310068335210E+04  0.12526328827240E+04  0.68250260385320E+04  0.16983239310272E+05  0.83750437237201E+04 -0.14503143183107E+03  0.21309360963006E+06  0.26737718821285E+06  0.57080128834297E+04  0.13140242928031E+05  0.42380307283673E+03  0.23469706367168E+04  0.74301758036695E+03 -0.19979692098810E+04  0.88525129821982E+04  0.74505380635920E+04
   0.12965502744088E+06 -0.30979956617851E+05  0.35959055512540E+04  0.10639006284903E+05 -0.30045279067894E+04 -0.85285541571565E+03  0.97411132766457E+03  0.21894233284207E+05 -0.39812169658837E+04 -0.11528620096814E+04  0.13402956191929E+03  0.32903687821109E+03  0.37988338947252E+02 -0.32566693306201E+01 -0.64681734831339E+02 -0.38619726574574E+02  0.24212480467414E+02  0.87093085118275E+02  0.10742637789303E+06 -0.15897556351714E+04 -0.68216324982669E+03 -0.32391614870743E+03 -0.18072256569023E+03  0.77630029689135E+02 -0.43492464808860E+04 -0.92801446938814E+02 -0.52519250355504E+02 -0.77033879263694E+03 -0.37195772392933E+04 -0.15659897178963E+04 -0.11045129476488E+02 -0.24612522263040E+05 -0.31825078860159E+05 -0.59965556525359E+03 -0.13651417135908E+04 -0.81276531498386E+02 -0.25350804891016E+03 -0.89226539048844E+02 -0.17595325834512E+03 -0.18362510229107E+04 -0.14698285538615E+04
   0.40386519064693E+06 -0.10215452849675E+06  0.10639006284903E+05  0.40166642984908E+06 -0.59077313241921E+05  0.61729297725014E+05  0.51938335780062E+05  0.39389953567047E+06 -0.30238824680570E+05 -0.17796765224303E+05  0.28584170227501E+04 -0.15707098760146E+04 -0.14849135887683E+03  0.58232736997083E+02  0.33524048132164E+05 -0.42292864967223E+04  0.28438050442664E+05  0.16180747265408E+05  0.12028869567372E+07 -0.18093800740802E+05 -0.69388021806143E+04 -0.28839892914266E+04 -0.10925409187857E+02  0.32649409270505E+04 -0.24271416388016E+05 -0.40136614445161E+03  0.45121048089350E+03 -0.82165947553316E+04 -0.13318915984944E+05 -0.22115109848516E+05 -0.21317772812069E+03 -0.67970022894147E+05 -0.35380249003887E+06 -0.13302099845964E+04 -0.24631393774148E+04 -0.67522111476597E+02 -0.24185343946195E+04 -0.94358499574818E+03 -0.11573016627876E+05 -0.77263028582806E+04 -0.22939029126487E+05
  -0.10915399593288E+06  0.27884487930445E+05 -0.30045279067894E+04 -0.59077313241921E+05  0.10574554744272E+05 -0.58922922947671E+04 -0.70907400833342E+04 -0.32785220116116E+05  0.21803885361762E+03  0.21212120885541E+04 -0.26054771972575E+03 -0.10641577626489E+02  0.44245427683809E+01 -0.50226771286649E+01 -0.28172796214899E+04  0.36914066113867E+03 -0.23088061652805E+04 -0.13430966731618E+04 -0.26364676023553E+06  0.32161502121708E+04  0.13946642869845E+04  0.62865225050016E+03  0.14122215785573E+03 -0.14405817870685E+03  0.52496721767986E+04  0.18102799911882E+03  0.14783688051592E+03  0.16696778539536E+04  0.20186858695212E+04  0.34297234139023E+04 -0.50070854424789E+02  0.12276519480596E+05  0.65263505993874E+05  0.32567693646752E+03  0.58448662969292E+03  0.83774233394118E+01  0.46809575992439E+03  0.17218486601563E+03  0.43561587936629E+03  0.84600962732290E+03  0.26365232707197E+04
  -0.24508996520928E+05  0.70261906947306E+04 -0.85285541571565E+03  0.61729297725014E+05 -0.58922922947671E+04  0.15147515018872E+05  0.90734278913009E+04  0.95563604858296E+05 -0.93837959940079E+04 -0.35221495504606E+04  0.67618083469910E+03 -0.61402100103237E+03 -0.51919720803266E+02  0.15336779817676E+02  0.79655554885938E+04 -0.10128825653421E+04  0.69401418675321E+04  0.39656439697487E+04  0.32914941692231E+05 -0.16976254634016E+04 -0.39224681247810E+03 -0.74111038846708E+02  0.24280531571436E+03  0.10823259810530E+04 -0.74026267651701E+03  0.15291816940682E+03  0.44553449634815E+03 -0.43863848865977E+03 -0.19992911701128E+04 -0.31088760556686E+04  0.56799958528492E+02 -0.64477121458730E+04 -0.30941043575693E+05  0.15628049363414E+02 -0.12079980273790E+01 -0.13500371042281E+02 -0.17404262051245E+03 -0.89654911330969E+02 -0.28278686270450E+04 -0.15294352191617E+04 -0.43634003214361E+04
   0.37817433890650E+05 -0.76612119444412E+04  0.97411132766457E+03  0.51938335780062E+05 -0.70907400833342E+04  0.90734278913009E+04  0.71216753814728E+04  0.51517344688592E+05 -0.29551309673790E+04 -0.24776169993440E+04  0.38479943889873E+03 -0.20702753942846E+03 -0.20528380307269E+02  0.81525423765012E+01  0.41882236273248E+04 -0.54749444476175E+03  0.35311499272842E+04  0.20558959031130E+04  0.11372318368744E+06 -0.20991545088064E+04 -0.74316959805274E+03 -0.27606874328861E+03  0.98856110388457E+02  0.67328961289870E+03 -0.24372060711800E+04  0.14394346463297E+02  0.16250789736335E+03 -0.91007798197298E+03 -0.19299508784220E+04 -0.30608965486153E+04  0.88380586865021E+02 -0.80436807803290E+04 -0.41920181602173E+05 -0.12615930183117E+03 -0.23017332436044E+03 -0.97802519987972E+01 -0.27889779649269E+03 -0.11643458138348E+03 -0.12110985184791E+04 -0.96025260355804E+03 -0.28619438246918E+04
   0.10277345286602E+07 -0.11643173118946E+06  0.21894233284207E+05  0.39389953567047E+06 -0.32785220116116E+05  0.95563604858296E+05  0.51517344688592E+05  0.60511161219583E+07 -0.25621857693595E+07 -0.93622528490239E+05  0.24925575076538E+05  0.27576312153962E+05  0.17824285065450E+04  0.10441702361603E+03  0.98897756656354E+05 -0.12772243272070E+05  0.97523581959270E+05  0.53048286613851E+05  0.31225661311050E+06 -0.38607772760550E+05 -0.73161685116970E+04 -0.18777337837210E+04  0.39174478708099E+04  0.24520998397747E+05 -0.19617005231348E+05  0.23161974481067E+04  0.88625213655077E+04 -0.68045867390467E+04 -0.64928249033448E+05 -0.52044327615656E+05 -0.76330988633613E+05 -0.30911007839403E+06 -0.59652686748169E+06 -0.76432500854586E+05 -0.17249020308844E+06 -0.15090958248223E+04  0.77251753679200E+03  0.48357817481259E+03 -0.29781453749308E+06 -0.15604277117138E+06 -0.19045686402450E+06
  -0.19111346080005E+06  0.25188103650231E+05 -0.39812169658837E+04 -0.30238824680570E+05  0.21803885361762E+03 -0.93837959940079E+04 -0.29551309673790E+04 -0.25621857693595E+07  0.19280414626276E+07  0.19801921179384E+05 -0.59938408443342E+04 -0.57736291030693E+04 -0.30973100161746E+03 -0.14751337029727E+02  0.47615052814533E+05 -0.22367602041736E+04  0.14807930540493E+05  0.72864004660987E+04  0.22645146092776E+05  0.92960143145775E+04  0.14155992551772E+04  0.31369878336371E+03 -0.81590405402628E+03 -0.54034214606106E+04  0.30032891314662E+04 -0.56908022213798E+03 -0.22217904231221E+04  0.11362867341261E+04  0.11388224696061E+05  0.10813015723376E+05  0.25872638031807E+05  0.68047006033221E+05  0.12699383681833E+06  0.22747928140775E+05  0.51439381868796E+05  0.20169590474473E+03 -0.13871160552212E+04 -0.75078591644653E+03  0.11758777099651E+06  0.46820583319671E+05  0.56633409523287E+05
  -0.46428493963402E+05  0.59724484188415E+04 -0.11528620096814E+04 -0.17796765224303E+05  0.21212120885541E+04 -0.35221495504606E+04 -0.24776169993440E+04 -0.93622528490239E+05  0.19801921179384E+05  0.25560112589180E+04 -0.53698184367299E+03 -0.62382220825758E+03 -0.52889539894521E+02 -0.17463193794916E+01 -0.41053159242518E+04  0.52231830501567E+03 -0.35767918466264E+04 -0.20508961461546E+04 -0.27950082969761E+05  0.12033546799836E+04  0.31267233751198E+03  0.97522231294357E+02 -0.13040669038634E+03 -0.76708825148343E+03  0.11160882170038E+04 -0.55171805512102E+02 -0.21702954916483E+03  0.35016366964295E+03  0.26726276398713E+04  0.18340811945585E+04  0.74869419055795E+03  0.10654486451544E+05  0.21820555259334E+05  0.14327897748788E+04  0.31797069107562E+04  0.43692933443535E+02  0.11190091023480E+03  0.50549926117517E+02  0.32072166843589E+04  0.28747393607451E+04  0.35942278623964E+04
   0.62058903790440E+04 -0.65967327257594E+03  0.13402956191929E+03  0.28584170227501E+04 -0.26054771972575E+03  0.67618083469910E+03  0.38479943889873E+03  0.24925575076538E+05 -0.59938408443342E+04 -0.53698184367299E+03  0.13355261883964E+03  0.16009061602668E+03  0.11066201603699E+02  0.59634260141763E+00  0.11221243802892E+04 -0.12716672253247E+03  0.93768852195562E+03  0.51336527775310E+03  0.27436581970651E+04 -0.20736921390557E+03 -0.42564957115511E+02 -0.11329962749173E+02  0.22538111078898E+02  0.13809054882850E+03 -0.12054476221542E+03  0.12518405639327E+02  0.47287774873666E+02 -0.41072483411759E+02 -0.39341443755432E+03 -0.29776461823774E+03 -0.31410701265353E+03 -0.17290476258904E+04 -0.33738627690769E+04 -0.36504541211230E+03 -0.82360324912812E+03 -0.96723320921317E+01 -0.82421732726161E+01 -0.39922854898048E+01 -0.10577904556591E+04 -0.74396755578559E+03 -0.91352536973233E+03
   0.15016810253279E+05 -0.11042630970356E+04  0.32903687821109E+03 -0.15707098760146E+04 -0.10641577626489E+02 -0.61402100103237E+03 -0.20702753942846E+03  0.27576312153962E+05 -0.57736291030693E+04 -0.62382220825758E+03  0.16009061602668E+03  0.14642590554079E+04  0.92998668359334E+02 -0.11816562286817E+01  0.13698508026090E+04 -0.19663534024037E+03  0.14597698307511E+04  0.84480282624205E+03  0.34184145183266E+04  0.26885503770962E+03  0.26933733136962E+02  0.84556508592655E+00  0.31692693355634E+02  0.23671988823630E+03 -0.36005305710451E+02 -0.92587477889169E+01 -0.42554550684185E+02 -0.14524326407172E+01 -0.97772429325049E+03 -0.53574638417119E-01 -0.68731381667931E+03 -0.45570245444425E+04 -0.69163424324759E+01 -0.21179045201353E+04 -0.49479634438531E+02 -0.73879001994801E+02 -0.15588494340677E+01 -0.67557774796293E+00  0.18051904728282E+03 -0.25877947412650E+04 -0.55029001681720E+01
   0.15616979940179E+04 -0.11659507599767E+03  0.37988338947252E+02 -0.14849135887683E+03  0.44245427683809E+01 -0.51919720803266E+02 -0.20528380307269E+02  0.17824285065450E+04 -0.30973100161746E+03 -0.52889539894521E+02  0.11066201603699E+02  0.92998668359334E+02  0.78567197682283E+01 -0.15871696042115E+00  0.74953442312171E+02 -0.12947211023862E+02  0.85794888924226E+02  0.53901867816664E+02  0.15902473552649E+03  0.15800911128460E+02  0.23217567732722E+01  0.18582660602838E+00  0.40567780409189E+01  0.26361626410499E+02 -0.77425071061361E+01 -0.73876817605938E+00 -0.29012923260659E+01  0.96416953437225E-01 -0.13796627617452E+03 -0.17925594112344E-02 -0.26072187940923E+02 -0.50792748330887E+03  0.52513871605923E+00 -0.12874422964205E+03 -0.12442253607497E+02 -0.57354548029434E+01 -0.15541747040142E+00 -0.61304477624049E-01  0.19870118150969E+02 -0.18084246769520E+03 -0.26814818045120E+00
  -0.10932777810453E+03  0.12486788927152E+02 -0.32566693306201E+01  0.58232736997083E+02 -0.50226771286649E+01  0.15336779817676E+02  0.81525423765012E+01  0.10441702361603E+03 -0.14751337029727E+02 -0.17463193794916E+01  0.59634260141763E+00 -0.11816562286817E+01 -0.15871696042115E+00  0.46346708222469E-01  0.13607378656382E+02 -0.10490840452749E+01  0.85043187646744E+01  0.40173391452110E+01  0.49041506253763E+02  0.13725041235343E+01 -0.32323268654546E-01 -0.18393787290069E-01 -0.18284667534346E-01 -0.10054827190122E+00  0.43194498692529E-01  0.18433122233368E-01  0.47727763607601E-01 -0.32964920670017E-01  0.64564319034231E-01 -0.46583713064052E-04 -0.56134511044580E+01 -0.65850160689687E+00 -0.29368562920335E-02 -0.27281166315822E+01 -0.10526928996048E-04 -0.12644001407427E+00 -0.15019791203859E-02 -0.82524437739832E-03 -0.20599488272236E+01 -0.27891572730192E+01 -0.66444589469530E-02
   0.15202499503746E+05 -0.11075786968069E+03 -0.64681734831339E+02  0.33524048132164E+05 -0.28172796214899E+04  0.79655554885938E+04  0.41882236273248E+04  0.98897756656354E+05  0.47615052814533E+05 -0.41053159242518E+04  0.11221243802892E+04  0.13698508026090E+04  0.74953442312171E+02  0.13607378656382E+02  0.51473962636883E+05 -0.49522820491263E+04  0.36881006868605E+05  0.19476065521481E+05  0.37379537869412E+05  0.34429069597033E+02  0.53266141784154E+02  0.24289249673274E+02 -0.30245840893069E+02 -0.16053371435651E+03  0.50828978847749E+03 -0.14315278896164E+01 -0.13962797120883E+02  0.14736238796638E+03 -0.29535647037010E+04 -0.19257022517489E+04 -0.25173620584937E+04  0.19519938082894E+04  0.44308277431330E+04 -0.14621470006406E+04 -0.29224165918393E+04 -0.74900004345621E+03 -0.30366855231723E+04 -0.15903424754632E+04 -0.21724167571556E+04 -0.10010980413703E+04 -0.11195025982938E+04
  -0.33048343307974E+04  0.10460918287396E+03 -0.38619726574574E+02 -0.42292864967223E+04  0.36914066113867E+03 -0.10128825653421E+04 -0.54749444476175E+03 -0.12772243272070E+05 -0.22367602041736E+04  0.52231830501567E+03 -0.12716672253247E+03 -0.19663534024037E+03 -0.12947211023862E+02 -0.10490840452749E+01 -0.49522820491263E+04  0.55829833448960E+03 -0.40427977696459E+04 -0.22257543462710E+04 -0.48394989421760E+04  0.97303635455273E+01 -0.70023157863931E+01 -0.43332588016345E+01  0.76276912009528E+00  0.32475503037420E+01 -0.10587436737703E+03 -0.27204687420135E+01 -0.64979604602947E+01 -0.29202204389308E+02  0.56777745170584E+03  0.35506551658035E+03  0.29668077774309E+03 -0.14160332765654E+03 -0.50565604212596E+03  0.15757585148729E+03  0.31302639961338E+03  0.86051099145830E+02  0.48694005810339E+03  0.23653649816709E+03 -0.38542572634362E+03  0.28027820632924E+03  0.31252618293505E+03
   0.15403640726426E+05 -0.30580433897003E+03  0.24212480467414E+02  0.28438050442664E+05 -0.23088061652805E+04  0.69401418675321E+04  0.35311499272842E+04  0.97523581959270E+05  0.14807930540493E+05 -0.35767918466264E+04  0.93768852195562E+03  0.14597698307511E+04  0.85794888924226E+02  0.85043187646744E+01  0.36881006868605E+05 -0.40427977696459E+04  0.29994600068990E+05  0.16284208011562E+05  0.31176920132257E+05  0.16506827825465E+02  0.54450716083464E+02  0.22375502448507E+02 -0.53187198161318E+02 -0.23907914464055E+03  0.42021082676602E+03 -0.12864610043519E+02 -0.31531498048399E+02  0.13325673924002E+03 -0.27807763702723E+04 -0.17885320475793E+04 -0.25324868825671E+04  0.21530383438769E+04  0.47249632538287E+04 -0.12207627659691E+04 -0.24486295856026E+04 -0.62817648527920E+03 -0.26893466078216E+04 -0.14384968391751E+04  0.14794003253732E+04 -0.17280899272539E+04 -0.19066312110427E+04
   0.10982019894755E+05 -0.26105572382919E+03  0.87093085118275E+02  0.16180747265408E+05 -0.13430966731618E+04  0.39656439697487E+04  0.20558959031130E+04  0.53048286613851E+05  0.72864004660987E+04 -0.20508961461546E+04  0.51336527775310E+03  0.84480282624205E+03  0.53901867816664E+02  0.40173391452110E+01  0.19476065521481E+05 -0.22257543462710E+04  0.16284208011562E+05  0.89692174584056E+04  0.17988836582930E+05 -0.14224027934379E+02  0.32408696968318E+02  0.15662711752963E+02 -0.24529134017467E+02 -0.99759757158214E+02  0.33231100109190E+03 -0.11399428704846E+01  0.72878931058677E-01  0.10062050777036E+03 -0.19876632433441E+04 -0.12447917071390E+04 -0.12809166616476E+04  0.98344594512024E+03  0.25991214895640E+04 -0.62642613490607E+03 -0.12559043829093E+04 -0.35014719262818E+03 -0.17672679918149E+04 -0.90483108311545E+03  0.16065090000340E+04 -0.12123709290010E+04 -0.13395449214032E+04
   0.38770794895117E+07 -0.12698898848157E+07  0.10742637789303E+06  0.12028869567372E+07 -0.26364676023553E+06  0.32914941692231E+05  0.11372318368744E+06  0.31225661311050E+06  0.22645146092776E+05 -0.27950082969761E+05  0.27436581970651E+04  0.34184145183266E+04  0.15902473552649E+03  0.49041506253763E+02  0.37379537869412E+05 -0.48394989421760E+04  0.31176920132257E+05  0.17988836582930E+05  0.10721983985717E+08 -0.92643164520951E+05 -0.47835915399574E+05 -0.25451665753417E+05 -0.15440887936301E+05 -0.19885397120780E+05 -0.17872458737344E+06 -0.98993188947814E+04 -0.10356237736932E+05 -0.46343423252635E+05 -0.21422199343436E+05 -0.48099266249594E+05  0.67349378098224E+03 -0.35847243909828E+06 -0.17643423662579E+07 -0.10501275617206E+05 -0.19596206652142E+05 -0.11687594042781E+03 -0.14788232638144E+05 -0.46462226468209E+04  0.10771811242435E+05 -0.13130565043433E+05 -0.41517961594874E+05
  -0.58143078771520E+05  0.13931382374699E+05 -0.15897556351714E+04 -0.18093800740802E+05  0.32161502121708E+04 -0.16976254634016E+04 -0.20991545088064E+04 -0.38607772760550E+05  0.92960143145775E+04  0.12033546799836E+04 -0.20736921390557E+03  0.26885503770962E+03  0.15800911128460E+02  0.13725041235343E+01  0.34429069597033E+02  0.97303635455273E+01  0.16506827825465E+02 -0.14224027934379E+02 -0.92643164520951E+05  0.26614541880886E+04  0.86191786648504E+03  0.36926637252621E+03  0.43876445341613E+02 -0.23706794065061E+03  0.21549586971224E+04  0.45408995388885E+02 -0.11408910297159E+03  0.87676636026164E+03  0.00000000000000E+00  0.26125942706177E+04  0.00000000000000E+00  0.00000000000000E+00  0.41202797877290E+05  0.00000000000000E+00  0.00000000000000E+00  0.00000000000000E+00  0.00000000000000E+00  0.00000000000000E+00  0.00000000000000E+00  0.00000000000000E+00  0.42014707792479E+04
  -0.24773871837515E+05  0.68448551149987E+04 -0.68216324982669E+03 -0.69388021806143E+04  0.13946642869845E+04 -0.39224681247810E+03 -0.74316959805274E+03 -0.73161685116970E+04  0.14155992551772E+04  0.31267233751198E+03 -0.42564957115511E+02  0.26933733136962E+02  0.23217567732722E+01 -0.32323268654546E-01  0.53266141784154E+02 -0.70023157863931E+01  0.54450716083464E+02  0.32408696968318E+02 -0.47835915399574E+05  0.86191786648504E+03  0.36705362164208E+03  0.17650869730540E+03  0.49407580129743E+02 -0.23180646804229E+01  0.98386084814301E+03  0.46282890673656E+02  0.17740795088373E+02  0.37255636862269E+03  0.00000000000000E+00  0.67848365999650E+03  0.00000000000000E+00  0.00000000000000E+00  0.15539599000354E+05  0.00000000000000E+00  0.00000000000000E+00  0.00000000000000E+00  0.00000000000000E+00  0.00000000000000E+00  0.00000000000000E+00  0.00000000000000E+00  0.87698636886939E+03
  -0.11728531044358E+05  0.35928581645605E+04 -0.32391614870743E+03 -0.28839892914266E+04  0.62865225050016E+03 -0.74111038846708E+02 -0.27606874328861E+03 -0.18777337837210E+04  0.31369878336371E+03  0.97522231294357E+02 -0.11329962749173E+02  0.84556508592655E+00  0.18582660602838E+00 -0.18393787290069E-01  0.24289249673274E+02 -0.43332588016345E+01  0.22375502448507E+02  0.15662711752963E+02 -0.25451665753417E+05  0.36926637252621E+03  0.17650869730540E+03  0.91174956721359E+02  0.34876979517105E+02  0.29234750534538E+02  0.48356832374269E+03  0.29922435257102E+02  0.24133863877910E+02  0.17100766435004E+03  0.00000000000000E+00  0.19856784789129E+03  0.00000000000000E+00  0.00000000000000E+00  0.67825721167538E+04  0.00000000000000E+00  0.00000000000000E+00  0.00000000000000E+00  0.00000000000000E+00  0.00000000000000E+00  0.00000000000000E+00  0.00000000000000E+00  0.26154261410989E+03
  -0.63084713161493E+04  0.36277558002578E+04 -0.18072256569023E+03 -0.10925409187857E+02  0.14122215785573E+03  0.24280531571436E+03  0.98856110388457E+02  0.39174478708099E+04 -0.81590405402628E+03 -0.13040669038634E+03  0.22538111078898E+02  0.31692693355634E+02  0.40567780409189E+01 -0.18284667534346E-01 -0.30245840893069E+02  0.76276912009528E+00 -0.53187198161318E+02 -0.24529134017467E+02 -0.15440887936301E+05  0.43876445341613E+02  0.49407580129743E+02  0.34876979517105E+02  0.11044133958463E+03  0.26354071703143E+03  0.51393805547048E+03  0.29001426601694E+02  0.42712761499465E+02  0.41377010556172E+02 -0.40927370414872E+02 -0.14194063178488E+02  0.51241937414287E+01  0.66194012226298E+03  0.50792817202755E+03  0.00000000000000E+00  0.00000000000000E+00  0.00000000000000E+00  0.00000000000000E+00  0.00000000000000E+00  0.00000000000000E+00 -0.24402741126122E+03 -0.14222694026572E+03
   0.44205338218777E+04  0.42012591709640E+04  0.77630029689135E+02  0.32649409270505E+04 -0.14405817870685E+03  0.10823259810530E+04  0.67328961289870E+03  0.24520998397747E+05 -0.54034214606106E+04 -0.76708825148343E+03  0.13809054882850E+03  0.23671988823630E+03  0.26361626410499E+02 -0.10054827190122E+00 -0.16053371435651E+03  0.32475503037420E+01 -0.23907914464055E+03 -0.99759757158214E+02 -0.19885397120780E+05 -0.23706794065061E+03 -0.23180646804229E+01  0.29234750534538E+02  0.26354071703143E+03  0.93172801608650E+03  0.42616742828746E+03  0.72233701153163E+02  0.15086814695889E+03 -0.28469770733841E+02 -0.16402178016166E+03 -0.62669283909496E+02  0.25709556711331E+00 -0.57999064603893E+04 -0.56916097216297E+04  0.00000000000000E+00  0.00000000000000E+00  0.00000000000000E+00  0.00000000000000E+00  0.00000000000000E+00  0.00000000000000E+00 -0.17264022524690E+04 -0.10060744579921E+04
  -0.15700874275449E+06  0.44134941457497E+05 -0.43492464808860E+04 -0.24271416388016E+05  0.52496721767986E+04 -0.74026267651701E+03 -0.24372060711800E+04 -0.19617005231348E+05  0.30032891314662E+04  0.11160882170038E+04 -0.12054476221542E+03 -0.36005305710451E+02 -0.77425071061361E+01  0.43194498692529E-01  0.50828978847749E+03 -0.10587436737703E+03  0.42021082676602E+03  0.33231100109190E+03 -0.17872458737344E+06  0.21549586971224E+04  0.98386084814301E+03  0.48356832374269E+03  0.51393805547048E+03  0.42616742828746E+03  0.92448053677255E+04  0.21662101277215E+03  0.20733125167845E+03  0.14422095659422E+04  0.25690379694769E+03  0.83262675507312E+02 -0.35664720206561E+01  0.42533428559565E+05  0.45277674688790E+05  0.00000000000000E+00  0.00000000000000E+00  0.00000000000000E+00  0.00000000000000E+00  0.00000000000000E+00  0.00000000000000E+00  0.16175103651552E+04  0.10530862087495E+04
  -0.32322085830988E+04  0.13310068335210E+04 -0.92801446938814E+02 -0.40136614445161E+03  0.18102799911882E+03  0.15291816940682E+03  0.14394346463297E+02  0.23161974481067E+04 -0.56908022213798E+03 -0.55171805512102E+02  0.12518405639327E+02 -0.92587477889169E+01 -0.73876817605938E+00  0.18433122233368E-01 -0.14315278896164E+01 -0.27204687420135E+01 -0.12864610043519E+02 -0.11399428704846E+01 -0.98993188947814E+04  0.45408995388885E+02  0.46282890673656E+02  0.29922435257102E+02  0.29001426601694E+02  0.72233701153163E+02  0.21662101277215E+03  0.27655528101874E+02  0.48854199838945E+02  0.63839453603069E+02  0.00000000000000E+00 -0.90425624152202E+01  0.00000000000000E+00  0.00000000000000E+00  0.93451352786307E+03  0.00000000000000E+00  0.00000000000000E+00  0.00000000000000E+00  0.00000000000000E+00  0.00000000000000E+00  0.00000000000000E+00  0.00000000000000E+00 -0.18098481109554E+03
  -0.14951228442075E+04  0.12526328827240E+04 -0.52519250355504E+02  0.45121048089350E+03  0.14783688051592E+03  0.44553449634815E+03  0.16250789736335E+03  0.88625213655077E+04 -0.22217904231221E+04 -0.21702954916483E+03  0.47287774873666E+02 -0.42554550684185E+02 -0.29012923260659E+01  0.47727763607601E-01 -0.13962797120883E+02 -0.64979604602947E+01 -0.31531498048399E+02  0.72878931058677E-01 -0.10356237736932E+05 -0.11408910297159E+03  0.17740795088373E+02  0.24133863877910E+02  0.42712761499465E+02  0.15086814695889E+03  0.20733125167845E+03  0.48854199838945E+02  0.11785267545792E+03  0.48330056369866E+02  0.00000000000000E+00 -0.28920705197568E+02  0.00000000000000E+00  0.00000000000000E+00 -0.17861800840520E+04  0.00000000000000E+00  0.00000000000000E+00  0.00000000000000E+00  0.00000000000000E+00  0.00000000000000E+00  0.00000000000000E+00  0.00000000000000E+00 -0.78220458797934E+03
  -0.27859856743212E+05  0.68250260385320E+04 -0.77033879263694E+03 -0.82165947553316E+04  0.16696778539536E+04 -0.43863848865977E+03 -0.91007798197298E+03 -0.68045867390467E+04  0.11362867341261E+04  0.35016366964295E+03 -0.41072483411759E+02 -0.14524326407172E+01  0.96416953437225E-01 -0.32964920670017E-01  0.14736238796638E+03 -0.29202204389308E+02  0.13325673924002E+03  0.10062050777036E+03 -0.46343423252635E+05  0.87676636026164E+03  0.37255636862269E+03  0.17100766435004E+03  0.41377010556172E+02 -0.28469770733841E+02  0.14422095659422E+04  0.63839453603069E+02  0.48330056369866E+02  0.59129587543350E+03  0.00000000000000E+00  0.46210612013676E+02  0.00000000000000E+00  0.00000000000000E+00  0.18752157222087E+05  0.00000000000000E+00  0.00000000000000E+00  0.00000000000000E+00  0.00000000000000E+00  0.00000000000000E+00  0.00000000000000E+00  0.00000000000000E+00  0.54938535590643E+03
  -0.13849874522113E+06  0.16983239310272E+05 -0.37195772392933E+04 -0.13318915984944E+05  0.20186858695212E+04 -0.19992911701128E+04 -0.19299508784220E+04 -0.64928249033448E+05  0.11388224696061E+05  0.26726276398713E+04 -0.39341443755432E+03 -0.97772429325049E+03 -0.13796627617452E+03  0.64564319034231E-01 -0.29535647037010E+04  0.56777745170584E+03 -0.27807763702723E+04 -0.19876632433441E+04 -0.21422199343436E+05  0.00000000000000E+00  0.00000000000000E+00  0.00000000000000E+00 -0.40927370414872E+02 -0.16402178016166E+03  0.25690379694769E+03  0.00000000000000E+00  0.00000000000000E+00  0.00000000000000E+00  0.11766513152600E+06  0.00000000000000E+00  0.00000000000000E+00  0.00000000000000E+00  0.00000000000000E+00  0.00000000000000E+00  0.00000000000000E+00  0.00000000000000E+00  0.00000000000000E+00  0.00000000000000E+00  0.00000000000000E+00  0.00000000000000E+00  0.00000000000000E+00
  -0.58514341786906E+05  0.83750437237201E+04 -0.15659897178963E+04 -0.22115109848516E+05  0.34297234139023E+04 -0.31088760556686E+04 -0.30608965486153E+04 -0.52044327615656E+05  0.10813015723376E+05  0.18340811945585E+04 -0.29776461823774E+03 -0.53574638417119E-01 -0.17925594112344E-02 -0.46583713064052E-04 -0.19257022517489E+04  0.35506551658035E+03 -0.17885320475793E+04 -0.12447917071390E+04 -0.48099266249594E+05  0.26125942706177E+04  0.67848365999650E+03  0.19856784789129E+03 -0.14194063178488E+02 -0.62669283909496E+02  0.83262675507312E+02 -0.90425624152202E+01 -0.28920705197568E+02  0.46210612013676E+02  0.00000000000000E+00  0.65267241845231E+05  0.00000000000000E+00  0.00000000000000E+00  0.00000000000000E+00  0.00000000000000E+00  0.00000000000000E+00  0.00000000000000E+00  0.00000000000000E+00  0.00000000000000E+00  0.00000000000000E+00  0.00000000000000E+00  0.00000000000000E+00
  -0.62560951684548E+04 -0.14503143183107E+03 -0.11045129476488E+02 -0.21317772812069E+03 -0.50070854424789E+02  0.56799958528492E+02  0.88380586865021E+02 -0.76330988633613E+05  0.25872638031807E+05  0.74869419055795E+03 -0.31410701265353E+03 -0.68731381667931E+03 -0.26072187940923E+02 -0.56134511044580E+01 -0.25173620584937E+04  0.29668077774309E+03 -0.25324868825671E+04 -0.12809166616476E+04  0.67349378098224E+03  0.00000000000000E+00  0.00000000000000E+00  0.00000000000000E+00  0.51241937414287E+01  0.25709556711331E+00 -0.35664720206561E+01  0.00000000000000E+00  0.00000000000000E+00  0.00000000000000E+00  0.00000000000000E+00  0.00000000000000E+00  0.30903092875988E+05  0.00000000000000E+00  0.00000000000000E+00  0.00000000000000E+00  0.00000000000000E+00  0.00000000000000E+00  0.00000000000000E+00  0.00000000000000E+00  0.00000000000000E+00  0.00000000000000E+00  0.00000000000000E+00
  -0.90867384037607E+06  0.21309360963006E+06 -0.24612522263040E+05 -0.67970022894147E+05  0.12276519480596E+05 -0.64477121458730E+04 -0.80436807803290E+04 -0.30911007839403E+06  0.68047006033221E+05  0.10654486451544E+05 -0.17290476258904E+04 -0.45570245444425E+04 -0.50792748330887E+03 -0.65850160689687E+00  0.19519938082894E+04 -0.14160332765654E+03  0.21530383438769E+04  0.98344594512024E+03 -0.35847243909828E+06  0.00000000000000E+00  0.00000000000000E+00  0.00000000000000E+00  0.66194012226298E+03 -0.57999064603893E+04  0.42533428559565E+05  0.00000000000000E+00  0.00000000000000E+00  0.00000000000000E+00  0.00000000000000E+00  0.00000000000000E+00  0.00000000000000E+00  0.58686859118299E+06  0.00000000000000E+00  0.00000000000000E+00  0.00000000000000E+00  0.00000000000000E+00  0.00000000000000E+00  0.00000000000000E+00  0.00000000000000E+00  0.00000000000000E+00  0.00000000000000E+00
  -0.11686503762123E+07  0.26737718821285E+06 -0.31825078860159E+05 -0.35380249003887E+06  0.65263505993874E+05 -0.30941043575693E+05 -0.41920181602173E+05 -0.59652686748169E+06  0.12699383681833E+06  0.21820555259334E+05 -0.33738627690769E+04 -0.69163424324759E+01  0.52513871605923E+00 -0.29368562920335E-02  0.44308277431330E+04 -0.50565604212596E+03  0.47249632538287E+04  0.25991214895640E+04 -0.17643423662579E+07  0.41202797877290E+05  0.15539599000354E+05  0.67825721167538E+04  0.50792817202755E+03 -0.56916097216297E+04  0.45277674688790E+05  0.93451352786307E+03 -0.17861800840520E+04  0.18752157222087E+05  0.00000000000000E+00  0.00000000000000E+00  0.00000000000000E+00  0.00000000000000E+00  0.92512242006028E+06  0.00000000000000E+00  0.00000000000000E+00  0.00000000000000E+00  0.00000000000000E+00  0.00000000000000E+00  0.00000000000000E+00  0.00000000000000E+00  0.00000000000000E+00
  -0.21553104352842E+05  0.57080128834297E+04 -0.59965556525359E+03 -0.13302099845964E+04  0.32567693646752E+03  0.15628049363414E+02 -0.12615930183117E+03 -0.76432500854586E+05  0.22747928140775E+05  0.14327897748788E+04 -0.36504541211230E+03 -0.21179045201353E+04 -0.12874422964205E+03 -0.27281166315822E+01 -0.14621470006406E+04  0.15757585148729E+03 -0.12207627659691E+04 -0.62642613490607E+03 -0.10501275617206E+05  0.00000000000000E+00  0.00000000000000E+00  0.00000000000000E+00  0.00000000000000E+00  0.00000000000000E+00  0.00000000000000E+00  0.00000000000000E+00  0.00000000000000E+00  0.00000000000000E+00  0.00000000000000E+00  0.00000000000000E+00  0.00000000000000E+00  0.00000000000000E+00  0.00000000000000E+00  0.13922689810158E+05  0.00000000000000E+00  0.00000000000000E+00  0.00000000000000E+00  0.00000000000000E+00  0.00000000000000E+00  0.00000000000000E+00  0.00000000000000E+00
  -0.48934236297035E+05  0.13140242928031E+05 -0.13651417135908E+04 -0.24631393774148E+04  0.58448662969292E+03 -0.12079980273790E+01 -0.23017332436044E+03 -0.17249020308844E+06  0.51439381868796E+05  0.31797069107562E+04 -0.82360324912812E+03 -0.49479634438531E+02 -0.12442253607497E+02 -0.10526928996048E-04 -0.29224165918393E+04  0.31302639961338E+03 -0.24486295856026E+04 -0.12559043829093E+04 -0.19596206652142E+05  0.00000000000000E+00  0.00000000000000E+00  0.00000000000000E+00  0.00000000000000E+00  0.00000000000000E+00  0.00000000000000E+00  0.00000000000000E+00  0.00000000000000E+00  0.00000000000000E+00  0.00000000000000E+00  0.00000000000000E+00  0.00000000000000E+00  0.00000000000000E+00  0.00000000000000E+00  0.00000000000000E+00  0.30831094821093E+05  0.00000000000000E+00  0.00000000000000E+00  0.00000000000000E+00  0.00000000000000E+00  0.00000000000000E+00  0.00000000000000E+00
  -0.33643420072188E+04  0.42380307283673E+03 -0.81276531498386E+02 -0.67522111476597E+02  0.83774233394118E+01 -0.13500371042281E+02 -0.97802519987972E+01 -0.15090958248223E+04  0.20169590474473E+03  0.43692933443535E+02 -0.96723320921317E+01 -0.73879001994801E+02 -0.57354548029434E+01 -0.12644001407427E+00 -0.74900004345621E+03  0.86051099145830E+02 -0.62817648527920E+03 -0.35014719262818E+03 -0.11687594042781E+03  0.00000000000000E+00  0.00000000000000E+00  0.00000000000000E+00  0.00000000000000E+00  0.00000000000000E+00  0.00000000000000E+00  0.00000000000000E+00  0.00000000000000E+00  0.00000000000000E+00  0.00000000000000E+00  0.00000000000000E+00  0.00000000000000E+00  0.00000000000000E+00  0.00000000000000E+00  0.00000000000000E+00  0.00000000000000E+00  0.38063930515695E+04  0.00000000000000E+00  0.00000000000000E+00  0.00000000000000E+00  0.00000000000000E+00  0.00000000000000E+00
  -0.91962717988054E+04  0.23469706367168E+04 -0.25350804891016E+03 -0.24185343946195E+04  0.46809575992439E+03 -0.17404262051245E+03 -0.27889779649269E+03  0.77251753679200E+03 -0.13871160552212E+04  0.11190091023480E+03 -0.82421732726161E+01 -0.15588494340677E+01 -0.15541747040142E+00 -0.15019791203859E-02 -0.30366855231723E+04  0.48694005810339E+03 -0.26893466078216E+04 -0.17672679918149E+04 -0.14788232638144E+05  0.00000000000000E+00  0.00000000000000E+00  0.00000000000000E+00  0.00000000000000E+00  0.00000000000000E+00  0.00000000000000E+00  0.00000000000000E+00  0.00000000000000E+00  0.00000000000000E+00  0.00000000000000E+00  0.00000000000000E+00  0.00000000000000E+00  0.00000000000000E+00  0.00000000000000E+00  0.00000000000000E+00  0.00000000000000E+00  0.00000000000000E+00  0.81556262052601E+04  0.00000000000000E+00  0.00000000000000E+00  0.00000000000000E+00  0.00000000000000E+00
  -0.32441412083229E+04  0.74301758036695E+03 -0.89226539048844E+02 -0.94358499574818E+03  0.17218486601563E+03 -0.89654911330969E+02 -0.11643458138348E+03  0.48357817481259E+03 -0.75078591644653E+03  0.50549926117517E+02 -0.39922854898048E+01 -0.67557774796293E+00 -0.61304477624049E-01 -0.82524437739832E-03 -0.15903424754632E+04  0.23653649816709E+03 -0.14384968391751E+04 -0.90483108311545E+03 -0.46462226468209E+04  0.00000000000000E+00  0.00000000000000E+00  0.00000000000000E+00  0.00000000000000E+00  0.00000000000000E+00  0.00000000000000E+00  0.00000000000000E+00  0.00000000000000E+00  0.00000000000000E+00  0.00000000000000E+00  0.00000000000000E+00  0.00000000000000E+00  0.00000000000000E+00  0.00000000000000E+00  0.00000000000000E+00  0.00000000000000E+00  0.00000000000000E+00  0.00000000000000E+00  0.41747380325467E+04  0.00000000000000E+00  0.00000000000000E+00  0.00000000000000E+00
  -0.22890564705257E+05 -0.19979692098810E+04 -0.17595325834512E+03 -0.11573016627876E+05  0.43561587936629E+03 -0.28278686270450E+04 -0.12110985184791E+04 -0.29781453749308E+06  0.11758777099651E+06  0.32072166843589E+04 -0.10577904556591E+04  0.18051904728282E+03  0.19870118150969E+02 -0.20599488272236E+01 -0.21724167571556E+04 -0.38542572634362E+03  0.14794003253732E+04  0.16065090000340E+04  0.10771811242435E+05  0.00000000000000E+00  0.00000000000000E+00  0.00000000000000E+00  0.00000000000000E+00  0.00000000000000E+00  0.00000000000000E+00  0.00000000000000E+00  0.00000000000000E+00  0.00000000000000E+00  0.00000000000000E+00  0.00000000000000E+00  0.00000000000000E+00  0.00000000000000E+00  0.00000000000000E+00  0.00000000000000E+00  0.00000000000000E+00  0.00000000000000E+00  0.00000000000000E+00  0.00000000000000E+00  0.12960736228077E+06  0.00000000000000E+00  0.00000000000000E+00
