# fitpack15: fit parameters                                                                         
# CJ15 AV18 final data choices                                                                      
# Created on 02/10/2020 at 18:36:21                                                                 

 # QCD setup
  INS                           0
  NVL                          11
  IORD                          1
  Q02                   1.6899999999999999     
  IPARAMC                       7
  FLAVOR                4.0000000000000000     
  xmc                   1.3000000000000000     
  xmb                   4.5000000000000000     
  ncb                          12
  ihq                           1
  ias                           0

 # Theory corrections
  inuke                     10114
  itmc                          1
  iht                           2

 # fit parameters
 LAMBDA       0.22680        0.0000    
 a0uv          2.0392        0.0000    
 a1uv         0.58102       0.32777E-01
 a2uv          3.6013       0.16735E-01
 a3uv          0.0000        0.0000    
 a4uv          4.5613       0.92076    
 a5uv          0.0000        0.0000    
 a0dv          19.550        0.0000    
 a1dv          1.1005       0.46803E-01
 a2dv          6.3456       0.27157    
 a3dv         -3.4416       0.14611    
 a4dv          4.7228       0.22091    
 a5dv          0.0000        0.0000    
 a0ud         0.14335       0.54695E-02
 a1ud        -0.20995       0.40873E-02
 a2ud          8.8266       0.22661    
 a3ud          0.0000        0.0000    
 a4ud          16.452        1.6201    
 a5ud          0.0000        0.0000    
 a0du          35712.        0.0000    
 a1du          4.1197       0.12300    
 a2du          21.113        1.3004    
 a3du          17.000        0.0000    
 a4du          52.135        14.020    
 a0g           45.320        0.0000    
 a1g          0.60143       0.29244E-01
 a2g           5.7814       0.76290    
 a3g          -3.3761       0.11725    
 a4g           3.1977       0.25250    
 a5g           0.0000        0.0000    
 kappa        0.40000        0.0000    
 a6dv         0.82473E-05   0.33132E-02
 a7dv          2.0000        0.0000    
 off1         0.10439E-01   0.12248    
 off2         -1.9819       0.89389    
 off3          3.4167        1.6502    
 ht1          -4.7233        1.6138    
 ht2           2.3783       0.28472    
 ht3          -2.1173       0.31443E-01
 ht4           2.7401       0.21550    
 dummy41       0.0000        0.0000    
 dummy42       0.0000        0.0000    
 dummy43       0.0000        0.0000    
 dummy44       0.0000        0.0000    
 dummy45       0.0000        0.0000    
 dummy46       0.0000        0.0000    
 dummy47       0.0000        0.0000    
 dummy48       0.0000        0.0000    
 dummy49       0.0000        0.0000    
 bcdmsh2      0.97227       0.49315E-02
 bcdmsd2      0.99503       0.59213E-02
 ccfr          1.0000        0.0000    
 nutev         1.0000        0.0000    
 zeus         0.97998        0.0000    
 h1            1.0162        0.0000    
 e605          1.0319        0.0000    
 NmcH2         1.0086       0.71758E-02
 ntv_nu        1.0000        0.0000    
 ntv_nuba      1.0000        0.0000    
 cdf_jet      0.98910        0.0000    
 d0_jet       0.83504        0.0000    
 slac_p        1.0033       0.49724E-02
 slac_d        1.0031       0.53951E-02
 e866pp       0.97641       0.23536E-01
 e866pd       0.95153       0.19180E-01
 d0_gamje      1.0424       0.16606E-01
 h1b          0.97608        0.0000    
 jlab_p       0.98701       0.58896E-02
 jlab_d       0.97835       0.60947E-02
 blank         1.0000        0.0000    
 d0run2       0.94813       0.15356E-01
 cdfrun2      0.93441       0.17762E-01
 HERA_el       1.0000        0.0000    
 HERA_ps       1.0000        0.0000    
 CDF_Z        0.95110       0.68910E-02
 NmcRat        1.0000        0.0000    
 BNS_F2nd     0.94650       0.88417E-02
 HERMES_F     0.99636       0.56858E-02
 HERMES_F     0.97925       0.58999E-02
 END 0. 0.

 # Hessian matrix (Bevington alpha)
   0.45288341323726E+07 -0.11262845750271E+07  0.16624608793797E+06  0.51505452802253E+06 -0.13838328341105E+06  0.22580212721782E+05  0.76397499308589E+05  0.92324587227392E+06 -0.17317858768674E+06 -0.45491812660252E+05  0.67179795618678E+04  0.11379942678178E+05  0.12067026842632E+04 -0.79976693958068E+02  0.14732888029754E+05 -0.36874724682638E+04  0.21310502739496E+05  0.15142319355480E+05  0.54550187371745E+07 -0.61621265606946E+05 -0.26090378779151E+05 -0.12180355881928E+05 -0.16242819776553E+05 -0.12589465066441E+05 -0.25401559607164E+06 -0.96656749780863E+05 -0.12965772799104E+06 -0.54736892937733E+05 -0.46377892334591E+04 -0.83507455543009E+06 -0.10698501422323E+07 -0.20896660958174E+05 -0.47834504789990E+05 -0.31292381144160E+04 -0.18699645947134E+06 -0.20206907677558E+06 -0.87178438229017E+04 -0.30925571874285E+04 -0.17132463315079E+05  0.17823335777493E+05 -0.72817411393366E+05 -0.57332787156531E+05
  -0.11262845750271E+07  0.34254546117442E+06 -0.42194430999131E+05 -0.12073279960999E+06  0.35735541630539E+05 -0.10584705895404E+04 -0.15706358594933E+05 -0.11375497583197E+06  0.24746115863395E+05  0.63053512211345E+04 -0.77693750339543E+03 -0.89498896624765E+03 -0.94345956427611E+02  0.99915594930134E+01 -0.13251534615280E+03  0.12247195412051E+03 -0.56357408229032E+03 -0.41041563972070E+03 -0.17478577668428E+07  0.15129578616378E+05  0.72870982256944E+04  0.37314734535188E+04  0.73451737583259E+04  0.11088478808907E+05  0.74911657247561E+05  0.39184451147516E+05  0.16793102015606E+05  0.82193135558807E+04 -0.21256389774061E+03  0.19895373630843E+06  0.24695137424055E+06  0.57586514259288E+04  0.13378260875615E+05  0.41809908501619E+03  0.58285269987035E+05  0.62391707577070E+05  0.22919947479952E+04  0.73195900212799E+03 -0.21585145804366E+04 -0.24115902287247E+04  0.85397355676124E+04  0.71231556372322E+04
   0.16624608793797E+06 -0.42194430999131E+05  0.61458609079466E+04  0.18461286970500E+05 -0.51219542920115E+04  0.57963723959643E+03  0.27142170040766E+04  0.25527150647858E+05 -0.46302861382240E+04 -0.14688614634737E+04  0.18904094357937E+03  0.30080274619127E+03  0.35871691999340E+02 -0.30604244766452E+01 -0.54726151898041E+02 -0.61443152658857E+02  0.12241671816882E+03  0.18232105423299E+03  0.20463152887912E+06 -0.22406848072159E+04 -0.96373051491146E+03 -0.45358012508495E+03 -0.63753126256745E+03 -0.62842899436240E+03 -0.94702352316113E+04 -0.36726742591634E+04 -0.45140907525937E+04 -0.19079414610809E+04  0.25993370587111E+02 -0.29962390455668E+05 -0.38578696667347E+05 -0.77909893051902E+03 -0.17899739656732E+04 -0.97258529425279E+02 -0.70511011582567E+04 -0.76139621940898E+04 -0.32099399653278E+03 -0.11275587160367E+03 -0.55556520837933E+02  0.62503424884001E+03 -0.21487444988963E+04 -0.17296669393044E+04
   0.51505452802253E+06 -0.12073279960999E+06  0.18461286970500E+05  0.29615123166817E+06 -0.47778019514712E+05  0.55951391382484E+05  0.47311799575962E+05  0.32586418020726E+06 -0.28389650718275E+05 -0.15494097347240E+05  0.27511623245212E+04 -0.86063710451704E+03 -0.74552845424542E+02  0.34661416807331E+02  0.28854193316908E+05 -0.36418196005838E+04  0.29852836709767E+05  0.16984654702031E+05  0.11719075284011E+07 -0.17873880737210E+05 -0.68880953201943E+04 -0.28568397511112E+04 -0.92926359667728E+03  0.31026405072975E+04 -0.44982371868122E+05 -0.90017703432405E+04 -0.12767888425149E+05 -0.21215819865591E+05 -0.12854446856851E+03 -0.63230165794785E+05 -0.32983040982546E+06 -0.12173155566308E+04 -0.23222373406495E+04 -0.67014680628146E+02 -0.10083580017997E+05 -0.44284468285093E+05 -0.22710072520008E+04 -0.89990977001944E+03 -0.10353452133585E+05 -0.18135767270523E+05 -0.73818312651610E+04 -0.21957967802868E+05
  -0.13838328341105E+06  0.35735541630539E+05 -0.51219542920115E+04 -0.47778019514712E+05  0.97068380100946E+04 -0.62321480602728E+04 -0.73412470514826E+04 -0.28793813035220E+05  0.76630538014734E+03  0.19568518199019E+04 -0.26393472274143E+03 -0.31579807851216E+02 -0.24943222783514E-01 -0.27303748763348E+01 -0.24027676609004E+04  0.30570631252515E+03 -0.23923603169778E+04 -0.13643658620841E+04 -0.29993625497701E+06  0.35799397636658E+04  0.15778333545070E+04  0.72028783906674E+03  0.59794003701626E+03  0.59500172372237E+03  0.11126708525584E+05  0.33758082150758E+04  0.20113042223183E+04  0.34460749340915E+04 -0.54264591478117E+02  0.12302071213733E+05  0.64989907172640E+05  0.33386294852580E+03  0.61832361136677E+03  0.87324873918138E+01  0.29511385088346E+04  0.12765255138086E+05  0.48338311893993E+03  0.17803740153412E+03  0.37414762982183E+03  0.29202238828167E+04  0.85068163865542E+03  0.26317392992552E+04
   0.22580212721782E+05 -0.10584705895404E+04  0.57963723959643E+03  0.55951391382484E+05 -0.62321480602728E+04  0.14892402039764E+05  0.95578681842252E+04  0.90606619261493E+05 -0.87767800367657E+04 -0.37346469148782E+04  0.75704519700170E+03 -0.35558537125845E+03 -0.29136252540185E+02  0.10650764255797E+02  0.79633874717908E+04 -0.10341783963987E+04  0.83945029885883E+04  0.48643000599272E+04  0.76100778495874E+05 -0.24043512283471E+04 -0.67959488725583E+03 -0.19740729094947E+03  0.41014469587615E+03  0.21923247678681E+04 -0.31940845029684E+04  0.62690818211939E+03 -0.25542666790663E+04 -0.40278320707423E+04  0.11255556629596E+03 -0.94506735569607E+04 -0.46666359111643E+05 -0.34550781202895E+02 -0.95422545259380E+02 -0.16443636039714E+02 -0.14738105371102E+03 -0.82242378253729E+03 -0.28079740106376E+03 -0.13200993756071E+03 -0.28335629188308E+04 -0.35998061239068E+04 -0.17647149878981E+04 -0.51274002442337E+04
   0.76397499308589E+05 -0.15706358594933E+05  0.27142170040766E+04  0.47311799575962E+05 -0.73412470514826E+04  0.95578681842252E+04  0.78940739554728E+04  0.49492306127425E+05 -0.30332901739760E+04 -0.26077929798336E+04  0.43422925831011E+03 -0.10396247314136E+03 -0.10182586284843E+02  0.53513290871090E+01  0.41082674498453E+04 -0.54248812199830E+03  0.41548981297637E+04  0.24334743459550E+04  0.15877425752926E+06 -0.26960248574082E+04 -0.10011507034615E+04 -0.39105269710524E+03  0.28250838966943E+02  0.98569721475481E+03 -0.62437452836921E+04 -0.76139747832441E+03 -0.22971442862637E+04 -0.36830493187188E+04  0.11511532625037E+03 -0.10014892227703E+05 -0.52261309915844E+05 -0.16660546945132E+03 -0.31154755114487E+03 -0.11702728873622E+02 -0.11760143585018E+04 -0.52525832923557E+04 -0.35547435808668E+03 -0.14647714084015E+03 -0.12082858119904E+04 -0.33699383933766E+04 -0.11051869029558E+04 -0.33199637910619E+04
   0.92324587227392E+06 -0.11375497583197E+06  0.25527150647858E+05  0.32586418020726E+06 -0.28793813035220E+05  0.90606619261493E+05  0.49492306127425E+05  0.52371466911746E+07 -0.23893953637997E+07 -0.84007184243622E+05  0.24537567926439E+05  0.21976427406404E+05  0.14718978641925E+04  0.87409880652559E+02  0.84132339953819E+05 -0.11359248321302E+05  0.10533576577893E+06  0.58051430310907E+05  0.36156587161208E+06 -0.36206672912474E+05 -0.68846214026638E+04 -0.17752450574018E+04  0.58043163022530E+04  0.37816603827434E+05 -0.30169422811203E+05  0.55265585483452E+04 -0.58348626545952E+05 -0.46641485001782E+05 -0.69885897265932E+05 -0.28337517736640E+06 -0.55131271045315E+06 -0.73379950955603E+05 -0.16666850898691E+06 -0.13722485578601E+04 -0.44397329703121E+04 -0.87285868679376E+04  0.88085460950566E+03  0.50495052911973E+03 -0.27229416192028E+06 -0.92094311524935E+04 -0.14337038157836E+06 -0.17566072556856E+06
  -0.17317858768674E+06  0.24746115863395E+05 -0.46302861382240E+04 -0.28389650718275E+05  0.76630538014734E+03 -0.87767800367657E+04 -0.30332901739760E+04 -0.23893953637997E+07  0.19339570099887E+07  0.18844706449380E+05 -0.62002274255029E+04 -0.47911179093129E+04 -0.26672192227113E+03 -0.13123446767197E+02  0.50771797815005E+05 -0.26294173606070E+04  0.20927333021407E+05  0.10802733831652E+05  0.70256548087319E+04  0.92126705995767E+04  0.14060380791067E+04  0.31246396219829E+03 -0.13788434242733E+04 -0.93165247809420E+04  0.49877020769247E+04 -0.12946592054952E+04  0.10798644908855E+05  0.10205081864141E+05  0.24859469840497E+05  0.66015184952924E+05  0.12438698240875E+06  0.23105248923345E+05  0.52624002502758E+05  0.18717513929349E+03  0.54793967731162E+03  0.10858237065155E+04 -0.14277054380798E+04 -0.76251422722552E+03  0.11417357237268E+06  0.16810233150613E+04  0.45514004833924E+05  0.55282458456592E+05
  -0.45491812660252E+05  0.63053512211345E+04 -0.14688614634737E+04 -0.15494097347240E+05  0.19568518199019E+04 -0.37346469148782E+04 -0.26077929798336E+04 -0.84007184243622E+05  0.18844706449380E+05  0.23998592557153E+04 -0.56026903306163E+03 -0.53411837894418E+03 -0.46046322604989E+02 -0.12949240867037E+01 -0.39334007961911E+04  0.51935592876223E+03 -0.43142942933007E+04 -0.25042157866279E+04 -0.32659730687178E+05  0.11905973776763E+04  0.31110231584953E+03  0.97821871143319E+02 -0.17239061779928E+03 -0.11157161647991E+04  0.17806576288878E+04 -0.11909607325950E+03  0.25186487677534E+04  0.17315894343059E+04  0.72768931356126E+03  0.10220788738515E+05  0.21035194665966E+05  0.14415434723408E+04  0.32181787891303E+04  0.41980276994361E+02  0.40574872970587E+03  0.77227278353331E+03  0.10474044118497E+03  0.47899705675858E+02  0.30480669318226E+04  0.45378670371563E+03  0.27763607021519E+04  0.34814972562258E+04
   0.67179795618678E+04 -0.77693750339543E+03  0.18904094357937E+03  0.27511623245212E+04 -0.26393472274143E+03  0.75704519700170E+03  0.43422925831011E+03  0.24537567926439E+05 -0.62002274255029E+04 -0.56026903306163E+03  0.15271048681520E+03  0.14954599909360E+03  0.10769280700809E+02  0.54848555161935E+00  0.11807675972712E+04 -0.13868871876599E+03  0.12359993802260E+04  0.68802579328874E+03  0.35351179995810E+04 -0.22725711011513E+03 -0.47142634183002E+02 -0.12656027603216E+02  0.38140794354704E+02  0.24380113831094E+03 -0.21822806571055E+03  0.37059547530543E+02 -0.41701811549866E+03 -0.31356452074678E+03 -0.32741366512607E+03 -0.18576474217594E+04 -0.36567957736358E+04 -0.40449969217819E+03 -0.91783993283746E+03 -0.10301526220329E+02 -0.33167826551339E+02 -0.65309190130482E+02 -0.87680770768726E+01 -0.43875771734363E+01 -0.10953024961360E+04 -0.65295228552121E+02 -0.78926865853929E+03 -0.97318907259489E+03
   0.11379942678178E+05 -0.89498896624765E+03  0.30080274619127E+03 -0.86063710451704E+03 -0.31579807851216E+02 -0.35558537125845E+03 -0.10396247314136E+03  0.21976427406404E+05 -0.47911179093129E+04 -0.53411837894418E+03  0.14954599909360E+03  0.10331547629050E+04  0.68995156582960E+02 -0.71533685005813E+00  0.11569119014024E+04 -0.17475135874979E+03  0.16090517465593E+04  0.93887832863806E+03  0.33791643983678E+04  0.21108040469941E+03  0.20259729455300E+02  0.10214662458277E+00  0.30616933008466E+02  0.21662952653635E+03 -0.45402642089858E+02  0.25580347570408E+02 -0.84527180292061E+03  0.21044389126859E-11 -0.54725596492972E+03 -0.39449244482829E+04 -0.39913475168567E-09 -0.18390868079413E+04 -0.45785312710224E+02 -0.61481797240558E+02 -0.82182144269272E-01  0.95726958599743E-10 -0.13666112377996E+01 -0.59350519155668E+00  0.13060724807642E+03  0.23651470249432E+03 -0.21689955676645E+04 -0.65090779714090E-10
   0.12067026842632E+04 -0.94345956427611E+02  0.35871691999340E+02 -0.74552845424542E+02 -0.24943222783514E-01 -0.29136252540185E+02 -0.10182586284843E+02  0.14718978641925E+04 -0.26672192227113E+03 -0.46046322604989E+02  0.10769280700809E+02  0.68995156582960E+02  0.59992231474840E+01 -0.10638757925587E+00  0.68429513107687E+02 -0.12324437884116E+02  0.10384781384575E+03  0.64871458383029E+02  0.19777206064345E+03  0.11408462935380E+02  0.14524978589441E+01  0.13284043830750E-01  0.35165291426875E+01  0.22622347051127E+02 -0.75070313195301E+01  0.35590983893138E+01 -0.11762683222947E+03 -0.17467450279381E-12 -0.21992022923282E+02 -0.44229592292872E+03 -0.53201497191466E-11 -0.11538756415860E+03 -0.11068080611227E+02 -0.48879782666720E+01 -0.51656468586169E-01  0.50151004788350E-12 -0.13770836332150E+00 -0.54722990018172E-01  0.15584999756783E+02  0.50002189834814E+02 -0.15639930764817E+03 -0.50237236089639E-11
  -0.79976693958068E+02  0.99915594930134E+01 -0.30604244766452E+01  0.34661416807331E+02 -0.27303748763348E+01  0.10650764255797E+02  0.53513290871090E+01  0.87409880652559E+02 -0.13123446767197E+02 -0.12949240867037E+01  0.54848555161935E+00 -0.71533685005813E+00 -0.10638757925587E+00  0.38828263334304E-01  0.12857744993673E+02 -0.91600173582346E+00  0.88537031252414E+01  0.41273960023956E+01  0.27354239625798E+02  0.13955221016584E+01 -0.32422869578172E-01 -0.18383376556275E-01 -0.30782994231968E-02  0.21264309743201E-01 -0.43603223574800E-02 -0.16472128449498E-01  0.64761260058154E-01 -0.53811045696726E-13 -0.56710264712515E+01 -0.71205958859552E+00 -0.31482376095530E-12 -0.29808799714958E+01 -0.14193990229878E-04 -0.12934467323919E+00 -0.22915753272300E-12 -0.31570253446021E-13 -0.15983465303317E-02 -0.88104727387423E-03 -0.23141905082016E+01  0.44506934116629E-04 -0.29034482341761E+01 -0.36601320548151E-12
   0.14732888029754E+05 -0.13251534615280E+03 -0.54726151898041E+02  0.28854193316908E+05 -0.24027676609004E+04  0.79633874717908E+04  0.41082674498453E+04  0.84132339953819E+05  0.50771797815005E+05 -0.39334007961911E+04  0.11807675972712E+04  0.11569119014024E+04  0.68429513107687E+02  0.12857744993673E+02  0.51258827049006E+05 -0.50953374197587E+04  0.45491781893704E+05  0.24541164284683E+05  0.38153738504813E+05  0.41604086552561E+02  0.59054554646151E+02  0.28106719173601E+02 -0.10642200722024E+02 -0.12698042381469E+03  0.88618583499899E+03  0.70933432152497E+02 -0.30360739729394E+04 -0.19752500970068E+04 -0.25042020813351E+04  0.18720792036841E+04  0.42515726753704E+04 -0.15374717262110E+04 -0.31190203580801E+04 -0.74156961919716E+03  0.36421653073421E+03  0.62149050743194E+03 -0.31488438133109E+04 -0.16292915049290E+04 -0.20041489914044E+04  0.23844854611519E+03 -0.99123782436054E+03 -0.11209295137253E+04
  -0.36874724682638E+04  0.12247195412051E+03 -0.61443152658857E+02 -0.36418196005838E+04  0.30570631252515E+03 -0.10341783963987E+04 -0.54248812199830E+03 -0.11359248321302E+05 -0.26294173606070E+04  0.51935592876223E+03 -0.13868871876599E+03 -0.17475135874979E+03 -0.12324437884116E+02 -0.91600173582346E+00 -0.50953374197587E+04  0.60007327394805E+03 -0.52344288381183E+04 -0.29384211006059E+04 -0.44609144189846E+04  0.10692317158629E+02 -0.84225679916608E+01 -0.55055061733823E+01 -0.92257057175090E+01 -0.30301581718793E+02 -0.19705762422293E+03 -0.38771882464064E+02  0.61941929302836E+03  0.38807245370483E+03  0.29950241865902E+03 -0.10256365623645E+03 -0.42100520487147E+03  0.17321394524994E+03  0.34762091389664E+03  0.88432358060610E+02 -0.10654554371212E+03 -0.17902542043006E+03  0.54228411010347E+03  0.25793384041135E+03 -0.44676222164214E+03 -0.43006219247204E+02  0.29834350610664E+03  0.33699083933585E+03
   0.21310502739496E+05 -0.56357408229032E+03  0.12241671816882E+03  0.29852836709767E+05 -0.23923603169778E+04  0.83945029885883E+04  0.41548981297637E+04  0.10533576577893E+06  0.20927333021407E+05 -0.43142942933007E+04  0.12359993802260E+04  0.16090517465593E+04  0.10384781384575E+03  0.88537031252414E+01  0.45491781893704E+05 -0.52344288381183E+04  0.46876761133534E+05  0.26002976089329E+05  0.41000891741788E+05  0.16349318120682E+02  0.76065633873954E+02  0.32520971043976E+02 -0.78039855602335E+02 -0.33314450401081E+03  0.96403247377700E+03 -0.12449465343906E+03 -0.38376830594675E+04 -0.24312013408424E+04 -0.30812568354316E+04  0.27569093262705E+04  0.63373046204241E+04 -0.15542318408411E+04 -0.31672982528575E+04 -0.78515746664137E+03  0.14410564496429E+03  0.27291783766780E+03 -0.36068718649104E+04 -0.19046921339026E+04  0.24623591583496E+04  0.42083667412270E+03 -0.23865794763567E+04 -0.26584697211284E+04
   0.15142319355480E+05 -0.41041563972070E+03  0.18232105423299E+03  0.16984654702031E+05 -0.13643658620841E+04  0.48643000599272E+04  0.24334743459550E+04  0.58051430310907E+05  0.10802733831652E+05 -0.25042157866279E+04  0.68802579328874E+03  0.93887832863806E+03  0.64871458383029E+02  0.41273960023956E+01  0.24541164284683E+05 -0.29384211006059E+04  0.26002976089329E+05  0.14605897898747E+05  0.22460070879892E+05 -0.19622752814015E+02  0.46537597315311E+02  0.23276150124530E+02 -0.22167862641944E+02 -0.81732233699749E+02  0.75213715834803E+03 -0.17248926731261E+02 -0.27162455084777E+04 -0.16882419438121E+04 -0.15777310150600E+04  0.12490378792439E+04  0.34173932630210E+04 -0.81459345578626E+03 -0.16559125130390E+04 -0.44414298586644E+03  0.19485131176767E+03  0.34753223640389E+03 -0.23903315628434E+04 -0.12087508963507E+04  0.23063063249854E+04  0.28372732082897E+03 -0.16356154780082E+04 -0.18265830283731E+04
   0.54550187371745E+07 -0.17478577668428E+07  0.20463152887912E+06  0.11719075284011E+07 -0.29993625497701E+06  0.76100778495874E+05  0.15877425752926E+06  0.36156587161208E+06  0.70256548087319E+04 -0.32659730687178E+05  0.35351179995810E+04  0.33791643983678E+04  0.19777206064345E+03  0.27354239625798E+02  0.38153738504813E+05 -0.44609144189846E+04  0.41000891741788E+05  0.22460070879892E+05  0.13825226658010E+08 -0.12694871034296E+06 -0.64614002091772E+05 -0.33760988826445E+05 -0.47364605546627E+05 -0.75510825985999E+05 -0.46597352398957E+06 -0.24816551661731E+06 -0.26946845052885E+05 -0.60060472041971E+05  0.87707267274450E+03 -0.42315105360375E+06 -0.20715550352927E+07 -0.13139645773065E+05 -0.25233686265144E+05 -0.15800479289618E+03 -0.13341854424070E+06 -0.56892250119287E+06 -0.18637546575515E+05 -0.58939539935593E+04  0.14219961598003E+05 -0.39541105256183E+05 -0.16144006452211E+05 -0.50056836797055E+05
  -0.61621265606946E+05  0.15129578616378E+05 -0.22406848072159E+04 -0.17873880737210E+05  0.35799397636658E+04 -0.24043512283471E+04 -0.26960248574082E+04 -0.36206672912474E+05  0.92126705995767E+04  0.11905973776763E+04 -0.22725711011513E+03  0.21108040469941E+03  0.11408462935380E+02  0.13955221016584E+01  0.41604086552561E+02  0.10692317158629E+02  0.16349318120682E+02 -0.19622752814015E+02 -0.12694871034296E+06  0.29371159226697E+04  0.96742187765099E+03  0.41205942953537E+03  0.21871593260764E+03 -0.18366450908621E+03  0.47777052051114E+04  0.16435180607544E+04  0.00000000000000E+00  0.25818194181156E+04  0.00000000000000E+00  0.00000000000000E+00  0.40774915266390E+05  0.00000000000000E+00  0.00000000000000E+00  0.00000000000000E+00  0.00000000000000E+00  0.57305907767006E+04  0.00000000000000E+00  0.00000000000000E+00  0.00000000000000E+00 -0.17392715862059E+04  0.00000000000000E+00  0.42256864627022E+04
  -0.26090378779151E+05  0.72870982256944E+04 -0.96373051491146E+03 -0.68880953201943E+04  0.15778333545070E+04 -0.67959488725583E+03 -0.10011507034615E+04 -0.68846214026638E+04  0.14060380791067E+04  0.31110231584953E+03 -0.47142634183002E+02  0.20259729455300E+02  0.14524978589441E+01 -0.32422869578172E-01  0.59054554646151E+02 -0.84225679916608E+01  0.76065633873954E+02  0.46537597315311E+02 -0.64614002091772E+05  0.96742187765099E+03  0.40952534953030E+03  0.19398439161280E+03  0.16398952384979E+03  0.14914199217656E+03  0.22228990419441E+04  0.97239065344907E+03  0.00000000000000E+00  0.66965497418049E+03  0.00000000000000E+00  0.00000000000000E+00  0.15105851767201E+05  0.00000000000000E+00  0.00000000000000E+00  0.00000000000000E+00  0.00000000000000E+00  0.28713332488968E+04  0.00000000000000E+00  0.00000000000000E+00  0.00000000000000E+00 -0.53721639227028E+03  0.00000000000000E+00  0.87553259705119E+03
  -0.12180355881928E+05  0.37314734535188E+04 -0.45358012508495E+03 -0.28568397511112E+04  0.72028783906674E+03 -0.19740729094947E+03 -0.39105269710524E+03 -0.17752450574018E+04  0.31246396219829E+03  0.97821871143319E+02 -0.12656027603216E+02  0.10214662458277E+00  0.13284043830750E-01 -0.18383376556275E-01  0.28106719173601E+02 -0.55055061733823E+01  0.32520971043976E+02  0.23276150124530E+02 -0.33760988826445E+05  0.41205942953537E+03  0.19398439161280E+03  0.98185792645812E+02  0.10244795580690E+03  0.13588015465470E+03  0.11028345768658E+04  0.57002435735870E+03  0.00000000000000E+00  0.19536832129519E+03  0.00000000000000E+00  0.00000000000000E+00  0.64716104099367E+04  0.00000000000000E+00  0.00000000000000E+00  0.00000000000000E+00  0.00000000000000E+00  0.14758377721074E+04  0.00000000000000E+00  0.00000000000000E+00  0.00000000000000E+00 -0.17287688800090E+03  0.00000000000000E+00  0.25802442319141E+03
  -0.16242819776553E+05  0.73451737583259E+04 -0.63753126256745E+03 -0.92926359667728E+03  0.59794003701626E+03  0.41014469587615E+03  0.28250838966943E+02  0.58043163022530E+04 -0.13788434242733E+04 -0.17239061779928E+03  0.38140794354704E+02  0.30616933008466E+02  0.35165291426875E+01 -0.30782994231968E-02 -0.10642200722024E+02 -0.92257057175090E+01 -0.78039855602335E+02 -0.22167862641944E+02 -0.47364605546627E+05  0.21871593260764E+03  0.16398952384979E+03  0.10244795580690E+03  0.31980808506449E+03  0.70301165475824E+03  0.18671676337917E+04  0.14838309914874E+04 -0.61852607774393E+02 -0.37217425477566E+02  0.26002692286165E+01  0.10468515646929E+04  0.16928524909080E+04  0.00000000000000E+00  0.00000000000000E+00  0.00000000000000E+00  0.16901998815954E+04  0.27163649616005E+04  0.00000000000000E+00  0.00000000000000E+00  0.00000000000000E+00 -0.14593146532142E+03 -0.27971181573331E+03 -0.30842070133886E+03
  -0.12589465066441E+05  0.11088478808907E+05 -0.62842899436240E+03  0.31026405072975E+04  0.59500172372237E+03  0.21923247678681E+04  0.98569721475481E+03  0.37816603827434E+05 -0.93165247809420E+04 -0.11157161647991E+04  0.24380113831094E+03  0.21662952653635E+03  0.22622347051127E+02  0.21264309743201E-01 -0.12698042381469E+03 -0.30301581718793E+02 -0.33314450401081E+03 -0.81732233699749E+02 -0.75510825985999E+05 -0.18366450908621E+03  0.14914199217656E+03  0.13588015465470E+03  0.70301165475824E+03  0.21844765389025E+04  0.26358850980804E+04  0.25894935958432E+04 -0.21322664689579E+03 -0.14897902153723E+03 -0.27443014984181E+02 -0.48596684025331E+04 -0.85314577092040E+04  0.00000000000000E+00  0.00000000000000E+00  0.00000000000000E+00  0.32947748360407E+04  0.51958770632965E+04  0.00000000000000E+00  0.00000000000000E+00  0.00000000000000E+00 -0.67792439545867E+03 -0.20467544190893E+04 -0.22591514687379E+04
  -0.25401559607164E+06  0.74911657247561E+05 -0.94702352316113E+04 -0.44982371868122E+05  0.11126708525584E+05 -0.31940845029684E+04 -0.62437452836921E+04 -0.30169422811203E+05  0.49877020769247E+04  0.17806576288878E+04 -0.21822806571055E+03 -0.45402642089858E+02 -0.75070313195301E+01 -0.43603223574800E-02  0.88618583499899E+03 -0.19705762422293E+03  0.96403247377700E+03  0.75213715834803E+03 -0.46597352398957E+06  0.47777052051114E+04  0.22228990419441E+04  0.11028345768658E+04  0.18671676337917E+04  0.26358850980804E+04  0.22739185883679E+05  0.99726633939660E+04  0.25209860522327E+03  0.18856921383349E+03  0.39738527217918E+00  0.40341651099947E+05  0.80215826698702E+05  0.00000000000000E+00  0.00000000000000E+00  0.00000000000000E+00  0.15490787446068E+05  0.25022150049381E+05  0.00000000000000E+00  0.00000000000000E+00  0.00000000000000E+00  0.16846631112132E+04  0.17412263998677E+04  0.21250149410525E+04
  -0.96656749780863E+05  0.39184451147516E+05 -0.36726742591634E+04 -0.90017703432405E+04  0.33758082150758E+04  0.62690818211939E+03 -0.76139747832441E+03  0.55265585483452E+04 -0.12946592054952E+04 -0.11909607325950E+03  0.37059547530543E+02  0.25580347570408E+02  0.35590983893138E+01 -0.16472128449498E-01  0.70933432152497E+02 -0.38771882464064E+02 -0.12449465343906E+03 -0.17248926731261E+02 -0.24816551661731E+06  0.16435180607544E+04  0.97239065344907E+03  0.57002435735870E+03  0.14838309914874E+04  0.25894935958432E+04  0.99726633939660E+04  0.76734088696271E+04 -0.21385488493035E+03 -0.11431119762580E+03  0.12169469821772E+02  0.11834209498037E+05  0.19879217844023E+05  0.00000000000000E+00  0.00000000000000E+00  0.00000000000000E+00  0.76900468327428E+04  0.12592105116619E+05  0.00000000000000E+00  0.00000000000000E+00  0.00000000000000E+00 -0.27529046155609E+03 -0.14947730460040E+03 -0.15244577595648E+03
  -0.12965772799104E+06  0.16793102015606E+05 -0.45140907525937E+04 -0.12767888425149E+05  0.20113042223183E+04 -0.25542666790663E+04 -0.22971442862637E+04 -0.58348626545952E+05  0.10798644908855E+05  0.25186487677534E+04 -0.41701811549866E+03 -0.84527180292061E+03 -0.11762683222947E+03  0.64761260058154E-01 -0.30360739729394E+04  0.61941929302836E+03 -0.38376830594675E+04 -0.27162455084777E+04 -0.26946845052885E+05  0.00000000000000E+00  0.00000000000000E+00  0.00000000000000E+00 -0.61852607774393E+02 -0.21322664689579E+03  0.25209860522327E+03 -0.21385488493035E+03  0.11643367724027E+06  0.00000000000000E+00  0.00000000000000E+00  0.00000000000000E+00  0.00000000000000E+00  0.00000000000000E+00  0.00000000000000E+00  0.00000000000000E+00  0.00000000000000E+00  0.00000000000000E+00  0.00000000000000E+00  0.00000000000000E+00  0.00000000000000E+00  0.00000000000000E+00  0.00000000000000E+00  0.00000000000000E+00
  -0.54736892937733E+05  0.82193135558807E+04 -0.19079414610809E+04 -0.21215819865591E+05  0.34460749340915E+04 -0.40278320707423E+04 -0.36830493187188E+04 -0.46641485001782E+05  0.10205081864141E+05  0.17315894343059E+04 -0.31356452074678E+03  0.21044389126859E-11 -0.17467450279381E-12 -0.53811045696726E-13 -0.19752500970068E+04  0.38807245370483E+03 -0.24312013408424E+04 -0.16882419438121E+04 -0.60060472041971E+05  0.25818194181156E+04  0.66965497418049E+03  0.19536832129519E+03 -0.37217425477566E+02 -0.14897902153723E+03  0.18856921383349E+03 -0.11431119762580E+03  0.00000000000000E+00  0.64377322948757E+05  0.00000000000000E+00  0.00000000000000E+00  0.00000000000000E+00  0.00000000000000E+00  0.00000000000000E+00  0.00000000000000E+00  0.00000000000000E+00  0.00000000000000E+00  0.00000000000000E+00  0.00000000000000E+00  0.00000000000000E+00  0.00000000000000E+00  0.00000000000000E+00  0.00000000000000E+00
  -0.46377892334591E+04 -0.21256389774061E+03  0.25993370587111E+02 -0.12854446856851E+03 -0.54264591478117E+02  0.11255556629596E+03  0.11511532625037E+03 -0.69885897265932E+05  0.24859469840497E+05  0.72768931356126E+03 -0.32741366512607E+03 -0.54725596492972E+03 -0.21992022923282E+02 -0.56710264712515E+01 -0.25042020813351E+04  0.29950241865902E+03 -0.30812568354316E+04 -0.15777310150600E+04  0.87707267274450E+03  0.00000000000000E+00  0.00000000000000E+00  0.00000000000000E+00  0.26002692286165E+01 -0.27443014984181E+02  0.39738527217918E+00  0.12169469821772E+02  0.00000000000000E+00  0.00000000000000E+00  0.30698500841408E+05  0.00000000000000E+00  0.00000000000000E+00  0.00000000000000E+00  0.00000000000000E+00  0.00000000000000E+00  0.00000000000000E+00  0.00000000000000E+00  0.00000000000000E+00  0.00000000000000E+00  0.00000000000000E+00  0.00000000000000E+00  0.00000000000000E+00  0.00000000000000E+00
  -0.83507455543009E+06  0.19895373630843E+06 -0.29962390455668E+05 -0.63230165794785E+05  0.12302071213733E+05 -0.94506735569607E+04 -0.10014892227703E+05 -0.28337517736640E+06  0.66015184952924E+05  0.10220788738515E+05 -0.18576474217594E+04 -0.39449244482829E+04 -0.44229592292872E+03 -0.71205958859552E+00  0.18720792036841E+04 -0.10256365623645E+03  0.27569093262705E+04  0.12490378792439E+04 -0.42315105360375E+06  0.00000000000000E+00  0.00000000000000E+00  0.00000000000000E+00  0.10468515646929E+04 -0.48596684025331E+04  0.40341651099947E+05  0.11834209498037E+05  0.00000000000000E+00  0.00000000000000E+00  0.00000000000000E+00  0.57926675725291E+06  0.00000000000000E+00  0.00000000000000E+00  0.00000000000000E+00  0.00000000000000E+00  0.00000000000000E+00  0.00000000000000E+00  0.00000000000000E+00  0.00000000000000E+00  0.00000000000000E+00  0.00000000000000E+00  0.00000000000000E+00  0.00000000000000E+00
  -0.10698501422323E+07  0.24695137424055E+06 -0.38578696667347E+05 -0.32983040982546E+06  0.64989907172640E+05 -0.46666359111643E+05 -0.52261309915844E+05 -0.55131271045315E+06  0.12438698240875E+06  0.21035194665966E+05 -0.36567957736358E+04 -0.39913475168567E-09 -0.53201497191466E-11 -0.31482376095530E-12  0.42515726753704E+04 -0.42100520487147E+03  0.63373046204241E+04  0.34173932630210E+04 -0.20715550352927E+07  0.40774915266390E+05  0.15105851767201E+05  0.64716104099367E+04  0.16928524909080E+04 -0.85314577092040E+04  0.80215826698702E+05  0.19879217844023E+05  0.00000000000000E+00  0.00000000000000E+00  0.00000000000000E+00  0.00000000000000E+00  0.92020654809059E+06  0.00000000000000E+00  0.00000000000000E+00  0.00000000000000E+00  0.00000000000000E+00  0.00000000000000E+00  0.00000000000000E+00  0.00000000000000E+00  0.00000000000000E+00  0.00000000000000E+00  0.00000000000000E+00  0.00000000000000E+00
  -0.20896660958174E+05  0.57586514259288E+04 -0.77909893051902E+03 -0.12173155566308E+04  0.33386294852580E+03 -0.34550781202895E+02 -0.16660546945132E+03 -0.73379950955603E+05  0.23105248923345E+05  0.14415434723408E+04 -0.40449969217819E+03 -0.18390868079413E+04 -0.11538756415860E+03 -0.29808799714958E+01 -0.15374717262110E+04  0.17321394524994E+03 -0.15542318408411E+04 -0.81459345578626E+03 -0.13139645773065E+05  0.00000000000000E+00  0.00000000000000E+00  0.00000000000000E+00  0.00000000000000E+00  0.00000000000000E+00  0.00000000000000E+00  0.00000000000000E+00  0.00000000000000E+00  0.00000000000000E+00  0.00000000000000E+00  0.00000000000000E+00  0.00000000000000E+00  0.14455955618538E+05  0.00000000000000E+00  0.00000000000000E+00  0.00000000000000E+00  0.00000000000000E+00  0.00000000000000E+00  0.00000000000000E+00  0.00000000000000E+00  0.00000000000000E+00  0.00000000000000E+00  0.00000000000000E+00
  -0.47834504789990E+05  0.13378260875615E+05 -0.17899739656732E+04 -0.23222373406495E+04  0.61832361136677E+03 -0.95422545259380E+02 -0.31154755114487E+03 -0.16666850898691E+06  0.52624002502758E+05  0.32181787891303E+04 -0.91783993283746E+03 -0.45785312710224E+02 -0.11068080611227E+02 -0.14193990229878E-04 -0.31190203580801E+04  0.34762091389664E+03 -0.31672982528575E+04 -0.16559125130390E+04 -0.25233686265144E+05  0.00000000000000E+00  0.00000000000000E+00  0.00000000000000E+00  0.00000000000000E+00  0.00000000000000E+00  0.00000000000000E+00  0.00000000000000E+00  0.00000000000000E+00  0.00000000000000E+00  0.00000000000000E+00  0.00000000000000E+00  0.00000000000000E+00  0.00000000000000E+00  0.32609311844918E+05  0.00000000000000E+00  0.00000000000000E+00  0.00000000000000E+00  0.00000000000000E+00  0.00000000000000E+00  0.00000000000000E+00  0.00000000000000E+00  0.00000000000000E+00  0.00000000000000E+00
  -0.31292381144160E+04  0.41809908501619E+03 -0.97258529425279E+02 -0.67014680628146E+02  0.87324873918138E+01 -0.16443636039714E+02 -0.11702728873622E+02 -0.13722485578601E+04  0.18717513929349E+03  0.41980276994361E+02 -0.10301526220329E+02 -0.61481797240558E+02 -0.48879782666720E+01 -0.12934467323919E+00 -0.74156961919716E+03  0.88432358060610E+02 -0.78515746664137E+03 -0.44414298586644E+03 -0.15800479289618E+03  0.00000000000000E+00  0.00000000000000E+00  0.00000000000000E+00  0.00000000000000E+00  0.00000000000000E+00  0.00000000000000E+00  0.00000000000000E+00  0.00000000000000E+00  0.00000000000000E+00  0.00000000000000E+00  0.00000000000000E+00  0.00000000000000E+00  0.00000000000000E+00  0.00000000000000E+00  0.37690396992367E+04  0.00000000000000E+00  0.00000000000000E+00  0.00000000000000E+00  0.00000000000000E+00  0.00000000000000E+00  0.00000000000000E+00  0.00000000000000E+00  0.00000000000000E+00
  -0.18699645947134E+06  0.58285269987035E+05 -0.70511011582567E+04 -0.10083580017997E+05  0.29511385088346E+04 -0.14738105371102E+03 -0.11760143585018E+04 -0.44397329703121E+04  0.54793967731162E+03  0.40574872970587E+03 -0.33167826551339E+02 -0.82182144269272E-01 -0.51656468586169E-01 -0.22915753272300E-12  0.36421653073421E+03 -0.10654554371212E+03  0.14410564496429E+03  0.19485131176767E+03 -0.13341854424070E+06  0.00000000000000E+00  0.00000000000000E+00  0.00000000000000E+00  0.16901998815954E+04  0.32947748360407E+04  0.15490787446068E+05  0.76900468327428E+04  0.00000000000000E+00  0.00000000000000E+00  0.00000000000000E+00  0.00000000000000E+00  0.00000000000000E+00  0.00000000000000E+00  0.00000000000000E+00  0.00000000000000E+00  0.10700691993751E+06  0.00000000000000E+00  0.00000000000000E+00  0.00000000000000E+00  0.00000000000000E+00  0.00000000000000E+00  0.00000000000000E+00  0.00000000000000E+00
  -0.20206907677558E+06  0.62391707577070E+05 -0.76139621940898E+04 -0.44284468285093E+05  0.12765255138086E+05 -0.82242378253729E+03 -0.52525832923557E+04 -0.87285868679376E+04  0.10858237065155E+04  0.77227278353331E+03 -0.65309190130482E+02  0.95726958599743E-10  0.50151004788350E-12 -0.31570253446021E-13  0.62149050743194E+03 -0.17902542043006E+03  0.27291783766780E+03  0.34753223640389E+03 -0.56892250119287E+06  0.57305907767006E+04  0.28713332488968E+04  0.14758377721074E+04  0.27163649616005E+04  0.51958770632965E+04  0.25022150049381E+05  0.12592105116619E+05  0.00000000000000E+00  0.00000000000000E+00  0.00000000000000E+00  0.00000000000000E+00  0.00000000000000E+00  0.00000000000000E+00  0.00000000000000E+00  0.00000000000000E+00  0.00000000000000E+00  0.13804960432528E+06  0.00000000000000E+00  0.00000000000000E+00  0.00000000000000E+00  0.00000000000000E+00  0.00000000000000E+00  0.00000000000000E+00
  -0.87178438229017E+04  0.22919947479952E+04 -0.32099399653278E+03 -0.22710072520008E+04  0.48338311893993E+03 -0.28079740106376E+03 -0.35547435808668E+03  0.88085460950566E+03 -0.14277054380798E+04  0.10474044118497E+03 -0.87680770768726E+01 -0.13666112377996E+01 -0.13770836332150E+00 -0.15983465303317E-02 -0.31488438133109E+04  0.54228411010347E+03 -0.36068718649104E+04 -0.23903315628434E+04 -0.18637546575515E+05  0.00000000000000E+00  0.00000000000000E+00  0.00000000000000E+00  0.00000000000000E+00  0.00000000000000E+00  0.00000000000000E+00  0.00000000000000E+00  0.00000000000000E+00  0.00000000000000E+00  0.00000000000000E+00  0.00000000000000E+00  0.00000000000000E+00  0.00000000000000E+00  0.00000000000000E+00  0.00000000000000E+00  0.00000000000000E+00  0.00000000000000E+00  0.81896666131420E+04  0.00000000000000E+00  0.00000000000000E+00  0.00000000000000E+00  0.00000000000000E+00  0.00000000000000E+00
  -0.30925571874285E+04  0.73195900212799E+03 -0.11275587160367E+03 -0.89990977001944E+03  0.17803740153412E+03 -0.13200993756071E+03 -0.14647714084015E+03  0.50495052911973E+03 -0.76251422722552E+03  0.47899705675858E+02 -0.43875771734363E+01 -0.59350519155668E+00 -0.54722990018172E-01 -0.88104727387423E-03 -0.16292915049290E+04  0.25793384041135E+03 -0.19046921339026E+04 -0.12087508963507E+04 -0.58939539935593E+04  0.00000000000000E+00  0.00000000000000E+00  0.00000000000000E+00  0.00000000000000E+00  0.00000000000000E+00  0.00000000000000E+00  0.00000000000000E+00  0.00000000000000E+00  0.00000000000000E+00  0.00000000000000E+00  0.00000000000000E+00  0.00000000000000E+00  0.00000000000000E+00  0.00000000000000E+00  0.00000000000000E+00  0.00000000000000E+00  0.00000000000000E+00  0.00000000000000E+00  0.41987151269198E+04  0.00000000000000E+00  0.00000000000000E+00  0.00000000000000E+00  0.00000000000000E+00
