# fitpack15: fit parameters                                                                         
# CJ15 AV18 final data choices                                                                      
# Created on 02/10/2020 at 18:18:43                                                                 

 # QCD setup
  INS                           0
  NVL                          11
  IORD                          1
  Q02                   1.6899999999999999     
  IPARAMC                      -7
  FLAVOR                4.0000000000000000     
  xmc                   1.3000000000000000     
  xmb                   4.5000000000000000     
  ncb                          12
  ihq                           1
  ias                           0

 # Theory corrections
  inuke                     10114
  itmc                          1
  iht                           2

 # fit parameters
 LAMBDA       0.22680        0.0000    
 a0uv          2.0686        0.0000    
 a1uv         0.58388       0.32362E-01
 a2uv          3.5948       0.17065E-01
 a3uv          0.0000        0.0000    
 a4uv          4.4531       0.89788    
 a5uv          0.0000        0.0000    
 a0dv          18.484        0.0000    
 a1dv          1.0865       0.47749E-01
 a2dv          6.3009       0.26943    
 a3dv         -3.4516       0.14795    
 a4dv          4.8052       0.22400    
 a5dv          0.0000        0.0000    
 a0ud         0.14154       0.54460E-02
 a1ud        -0.21124       0.41197E-02
 a2ud          8.9081       0.22049    
 a3ud          0.0000        0.0000    
 a4ud          17.143        1.6414    
 a5ud          0.0000        0.0000    
 a0du          35712.        0.0000    
 a1du          4.0677       0.11189    
 a2du          21.393        1.2642    
 a3du          17.000        0.0000    
 a4du          49.494        12.849    
 a0g           45.646        0.0000    
 a1g          0.60153       0.28889E-01
 a2g           5.7351       0.73340    
 a3g          -3.3941       0.11487    
 a4g           3.2184       0.24703    
 a5g           0.0000        0.0000    
 kappa        0.40000        0.0000    
 a6dv        -0.16601E-02   0.37570E-02
 a7dv          2.0000        0.0000    
 off1         0.29199E-01   0.12122    
 off2         -1.8846       0.89026    
 off3          2.8847        1.6658    
 ht1          -4.6154        1.5528    
 ht2           2.3490       0.27829    
 ht3          -2.1187       0.31254E-01
 ht4           2.7306       0.21278    
 dummy41       0.0000        0.0000    
 dummy42       0.0000        0.0000    
 dummy43       0.0000        0.0000    
 dummy44       0.0000        0.0000    
 dummy45       0.0000        0.0000    
 dummy46       0.0000        0.0000    
 dummy47       0.0000        0.0000    
 dummy48       0.0000        0.0000    
 dummy49       0.0000        0.0000    
 bcdmsh2      0.97208       0.49302E-02
 bcdmsd2      0.99532       0.59240E-02
 ccfr          1.0000        0.0000    
 nutev         1.0000        0.0000    
 zeus         0.97998        0.0000    
 h1            1.0162        0.0000    
 e605          1.0319        0.0000    
 NmcH2         1.0091       0.71814E-02
 ntv_nu        1.0000        0.0000    
 ntv_nuba      1.0000        0.0000    
 cdf_jet      0.98910        0.0000    
 d0_jet       0.83504        0.0000    
 slac_p        1.0028       0.49719E-02
 slac_d        1.0033       0.53987E-02
 e866pp       0.97379       0.23597E-01
 e866pd       0.95475       0.19194E-01
 d0_gamje      1.0419       0.16598E-01
 h1b          0.97608        0.0000    
 jlab_p       0.98668       0.58882E-02
 jlab_d       0.97839       0.60969E-02
 blank         1.0000        0.0000    
 d0run2       0.94803       0.15396E-01
 cdfrun2      0.93434       0.17780E-01
 HERA_el       1.0000        0.0000    
 HERA_ps       1.0000        0.0000    
 CDF_Z        0.95186       0.69379E-02
 NmcRat        1.0000        0.0000    
 BNS_F2nd     0.94743       0.89063E-02
 HERMES_F     0.99617       0.56868E-02
 HERMES_F     0.97951       0.59034E-02
 END 0. 0.

 # Hessian matrix (Bevington alpha)
   0.44969256122423E+07 -0.11191370708900E+07  0.16803747212427E+06  0.50142887211564E+06 -0.14215147469351E+06  0.24054487671795E+05  0.75807427376456E+05  0.92484143145767E+06 -0.17211314902715E+06 -0.44830538478314E+05  0.64155603687227E+04  0.11764457234049E+05  0.12255241520513E+04 -0.83557022925483E+02  0.14869603106385E+05 -0.37597552394593E+04  0.21772978636426E+05  0.15485583318640E+05  0.51527461340014E+07 -0.61184769485421E+05 -0.25875107569805E+05 -0.12069723886572E+05 -0.16532334888660E+05 -0.12224605573836E+05 -0.25351647138128E+06 -0.96542684720888E+05 -0.12930126833291E+06 -0.54426729190808E+05 -0.45965043686997E+04 -0.83370932209749E+06 -0.10638865920797E+07 -0.20851251959450E+05 -0.47641049382912E+05 -0.31259221786861E+04 -0.18668894375996E+06 -0.20080663221149E+06 -0.86409306744289E+04 -0.30685659931831E+04 -0.16934112431870E+05  0.17868852634573E+05 -0.72575900303442E+05 -0.57034000567885E+05
  -0.11191370708900E+07  0.34059024615415E+06 -0.42724489918809E+05 -0.11603135074442E+06  0.36957305224928E+05 -0.20797637899755E+04 -0.15916276168636E+05 -0.11374856163583E+06  0.24641876381203E+05  0.61812669583445E+04 -0.73913236178341E+03 -0.92817352276271E+03 -0.95461317426847E+02  0.10433708412695E+02 -0.12801012010538E+03  0.12430788730393E+03 -0.55923036770557E+03 -0.40843586795037E+03 -0.16545129415298E+07  0.15014981755523E+05  0.72235524302973E+04  0.36958169117660E+04  0.75012340022040E+04  0.11064894709021E+05  0.74725804698207E+05  0.39174496318088E+05  0.16767492251853E+05  0.81824210516476E+04 -0.21275517517688E+03  0.19893186295814E+06  0.24572161037498E+06  0.57549503112928E+04  0.13338984424026E+05  0.41886375570890E+03  0.58243900396130E+05  0.62033703602243E+05  0.22701569148009E+04  0.72585546398682E+03 -0.21460944413661E+04 -0.24167503874940E+04  0.85251923593469E+04  0.70977125422679E+04
   0.16803747212427E+06 -0.42724489918809E+05  0.63252996862215E+04  0.18282947133749E+05 -0.53624736577738E+04  0.65675111561110E+03  0.27460488579705E+04  0.25844746752443E+05 -0.46491245387104E+04 -0.14668792983261E+04  0.18216450138563E+03  0.31070971419306E+03  0.36613635694512E+02 -0.32666906221041E+01 -0.51574309436414E+02 -0.64137723987170E+02  0.12236159519835E+03  0.18654643371833E+03  0.19706897599290E+06 -0.22646183933229E+04 -0.97358721757220E+03 -0.45804787412133E+03 -0.66364528830685E+03 -0.63616113098425E+03 -0.96306552706153E+04 -0.37445381529256E+04 -0.45723222160397E+04 -0.19277017595846E+04  0.27555742898563E+02 -0.30446177203234E+05 -0.39042998991677E+05 -0.79193832652861E+03 -0.18161199143009E+04 -0.98658277440032E+02 -0.71777733595091E+04 -0.77142697554676E+04 -0.32410910026750E+03 -0.11388644627261E+03 -0.48469165667516E+02  0.63559706691246E+03 -0.21717468281275E+04 -0.17455073514403E+04
   0.50142887211564E+06 -0.11603135074442E+06  0.18282947133749E+05  0.29496296371101E+06 -0.48434199875833E+05  0.54855674205516E+05  0.46421172694174E+05  0.33189768465917E+06 -0.29005969096312E+05 -0.15468240575023E+05  0.26737463227234E+04 -0.88483539253388E+03 -0.78543837477644E+02  0.36799515823650E+02  0.29151369292808E+05 -0.37082722594445E+04  0.30780021971902E+05  0.17515993005338E+05  0.10815090781813E+07 -0.17669063123005E+05 -0.67547091020965E+04 -0.27770005614740E+04 -0.79140020485830E+03  0.34788461365106E+04 -0.44221328601910E+05 -0.82964879097845E+04 -0.12834044284952E+05 -0.21268908095090E+05 -0.15389054028320E+03 -0.62566557481251E+05 -0.32708528813188E+06 -0.12168915974856E+04 -0.22673084629573E+04 -0.67923963669879E+02 -0.97741295286540E+04 -0.43091099105109E+05 -0.22295674097503E+04 -0.88922854626349E+03 -0.10602942208387E+05 -0.18166328575108E+05 -0.74090279460049E+04 -0.22026860712003E+05
  -0.14215147469351E+06  0.36957305224928E+05 -0.53624736577738E+04 -0.48434199875833E+05  0.10249774909866E+05 -0.62421042976222E+04 -0.73988574416038E+04 -0.29280881658697E+05  0.74989306408562E+03  0.19658927969939E+04 -0.25626623449189E+03 -0.42055951237498E+02 -0.28525845785690E+00 -0.29554305803639E+01 -0.24603148074994E+04  0.31523872989468E+03 -0.25011359247395E+04 -0.14250926393387E+04 -0.29532442079906E+06  0.36832448190723E+04  0.16284397133043E+04  0.74582497938080E+03  0.64959888094199E+03  0.65054809149054E+03  0.11545912444516E+05  0.35739921993293E+04  0.20400930039530E+04  0.35050377953989E+04 -0.52490415078298E+02  0.12643843155117E+05  0.66783687085067E+05  0.35139009851021E+03  0.63831101946249E+03  0.90138197031884E+01  0.30602155774351E+04  0.13263661887985E+05  0.49676605938463E+03  0.18251379380862E+03  0.37482594432529E+03  0.29511217920654E+04  0.86627860558254E+03  0.26824311712783E+04
   0.24054487671795E+05 -0.20797637899755E+04  0.65675111561110E+03  0.54855674205516E+05 -0.62421042976222E+04  0.14003420660095E+05  0.90660406336067E+04  0.89834836835812E+05 -0.87663628471385E+04 -0.36248346761447E+04  0.71600695031786E+03 -0.35774991075039E+03 -0.29704705276170E+02  0.10994797923619E+02  0.78509116759251E+04 -0.10252910324921E+04  0.84660970514670E+04  0.49006441227086E+04  0.77960002371436E+05 -0.23984464369289E+04 -0.69560750092994E+03 -0.21280156385605E+03  0.37126900245312E+03  0.20911545232903E+04 -0.33994384218660E+04  0.41073679172133E+03 -0.24554573410740E+04 -0.38865114745199E+04  0.98813470225485E+02 -0.93604783632877E+04 -0.46044065874724E+05 -0.42365507058678E+02 -0.10711423498381E+03 -0.16096695558933E+02 -0.23289403793615E+03 -0.11784557983436E+04 -0.28036119135069E+03 -0.12997888056178E+03 -0.27861923753935E+04 -0.34430956169077E+04 -0.17275442724774E+04 -0.50102151289778E+04
   0.75807427376456E+05 -0.15916276168636E+05  0.27460488579705E+04  0.46421172694174E+05 -0.73988574416038E+04  0.90660406336067E+04  0.75660044129865E+04  0.49009791796576E+05 -0.30168019532258E+04 -0.25352595276865E+04  0.41011906111570E+03 -0.10041820257603E+03 -0.10352771935247E+02  0.55745364412113E+01  0.40706814387510E+04 -0.54118822070197E+03  0.42064318307929E+04  0.24616382046289E+04  0.15179895588667E+06 -0.26722386503742E+04 -0.99920900269061E+03 -0.39409648846088E+03  0.73188894127052E+01  0.93911540635974E+03 -0.62963907838674E+04 -0.85736121703415E+03 -0.22349763641405E+04 -0.35916863399678E+04  0.10781707189268E+03 -0.98979716442551E+04 -0.51573790299309E+05 -0.17103266456259E+03 -0.31323469193913E+03 -0.11564130524170E+02 -0.12024255491650E+04 -0.53707629903072E+04 -0.35174825948742E+03 -0.14425553367533E+03 -0.11908335627750E+04 -0.32648393905505E+04 -0.10857742151954E+04 -0.32589962692824E+04
   0.92484143145767E+06 -0.11374856163583E+06  0.25844746752443E+05  0.33189768465917E+06 -0.29280881658697E+05  0.89834836835812E+05  0.49009791796576E+05  0.53957130834135E+07 -0.24266588475269E+07 -0.85312225329497E+05  0.24332092774169E+05  0.23790032905019E+05  0.15558769703454E+04  0.99481198217119E+02  0.86810760811582E+05 -0.11748790812389E+05  0.11098970700121E+06  0.61115482816866E+05  0.34129769428035E+06 -0.36753903751106E+05 -0.69424570322022E+04 -0.17803116706706E+04  0.61827367492182E+04  0.39534389967119E+05 -0.30569648307470E+05  0.57618863622544E+04 -0.58855353325236E+05 -0.47097107648232E+05 -0.70813241557606E+05 -0.28627334818866E+06 -0.55680429407252E+06 -0.74356350411805E+05 -0.16849795586007E+06 -0.13834873697411E+04 -0.43753839569024E+04 -0.86454350546791E+04  0.94441215268409E+03  0.52666169910545E+03 -0.27671989417473E+06 -0.91930841860481E+04 -0.14529642731091E+06 -0.17851345525158E+06
  -0.17211314902715E+06  0.24641876381203E+05 -0.46491245387104E+04 -0.29005969096312E+05  0.74989306408562E+03 -0.87663628471385E+04 -0.30168019532258E+04 -0.24266588475269E+07  0.19343096699460E+07  0.18952256903672E+05 -0.60953465593769E+04 -0.51618776104584E+04 -0.28227977185671E+03 -0.15401041356341E+02  0.50342447996173E+05 -0.25943014978681E+04  0.20789755917889E+05  0.10753907627166E+05  0.67474614452036E+04  0.92668573431920E+04  0.14056141990955E+04  0.31081697602232E+03 -0.14530405442175E+04 -0.96530828285792E+04  0.50280030921641E+04 -0.13244637651320E+04  0.10753068922677E+05  0.10188137996904E+05  0.24873983194315E+05  0.65952447420011E+05  0.12432722723347E+06  0.23129720775572E+05  0.52592427089767E+05  0.18578278801652E+03  0.54428833403030E+03  0.10815398564623E+04 -0.14423758779549E+04 -0.76617719978941E+03  0.11448025938166E+06  0.16586558781808E+04  0.45561011943509E+05  0.55507725119720E+05
  -0.44830538478314E+05  0.61812669583445E+04 -0.14668792983261E+04 -0.15468240575023E+05  0.19658927969939E+04 -0.36248346761447E+04 -0.25352595276865E+04 -0.85312225329497E+05  0.18952256903672E+05  0.23951426252958E+04 -0.54480884941766E+03 -0.56232207437991E+03 -0.47342843102697E+02 -0.14609313598541E+01 -0.39645903165561E+04  0.52718801888516E+03 -0.44445728983345E+04 -0.25796771109678E+04 -0.30316722108003E+05  0.11855543898261E+04  0.30797496879013E+03  0.96355149149229E+02 -0.18155523529355E+03 -0.11462875985881E+04  0.17679473205697E+04 -0.12800295771718E+03  0.25070774833795E+04  0.17228329059060E+04  0.72775107131888E+03  0.10162966723758E+05  0.20896055533376E+05  0.14391671378414E+04  0.31993271423186E+04  0.41846911492425E+02  0.39210295650631E+03  0.75028447569898E+03  0.10300071851638E+03  0.47326978290809E+02  0.30598329699390E+04  0.44704214297464E+03  0.27741145320164E+04  0.34851330872697E+04
   0.64155603687227E+04 -0.73913236178341E+03  0.18216450138563E+03  0.26737463227234E+04 -0.25626623449189E+03  0.71600695031786E+03  0.41011906111570E+03  0.24332092774169E+05 -0.60953465593769E+04 -0.54480884941766E+03  0.14510082102221E+03  0.15466675194864E+03  0.10846595400464E+02  0.60335573760348E+00  0.11584529804446E+04 -0.13657084661345E+03  0.12389599792756E+04  0.68908077021931E+03  0.31830830454798E+04 -0.22053552574377E+03 -0.45365501165730E+02 -0.12099376256471E+02  0.38834675313515E+02  0.24356161802139E+03 -0.21058350044502E+03  0.37014967153585E+02 -0.40177301590569E+03 -0.30266876622502E+03 -0.32089052912649E+03 -0.17942620065768E+04 -0.35289719195339E+04 -0.39386177317270E+03 -0.89128332403913E+03 -0.99665820147013E+01 -0.31016507419880E+02 -0.61409095283668E+02 -0.80421284562973E+01 -0.40814004334417E+01 -0.10754397486548E+04 -0.62197546872322E+02 -0.76847704961520E+03 -0.94984591748904E+03
   0.11764457234049E+05 -0.92817352276271E+03  0.31070971419306E+03 -0.88483539253388E+03 -0.42055951237498E+02 -0.35774991075039E+03 -0.10041820257603E+03  0.23790032905019E+05 -0.51618776104584E+04 -0.56232207437991E+03  0.15466675194864E+03  0.11755460180234E+04  0.76234778450460E+02 -0.52055086858413E+00  0.12603670591406E+04 -0.18920406915971E+03  0.17807799875721E+04  0.10338435589775E+04  0.35009378405256E+04  0.22957915849330E+03  0.21571596515436E+02  0.93267905855008E-01  0.33466521126970E+02  0.23371513312127E+03 -0.46945902117678E+02  0.26881415404962E+02 -0.86055577383002E+03 -0.27929158067625E-10 -0.60584181740659E+03 -0.40846982937440E+04 -0.62221430021463E-10 -0.19837537340792E+04 -0.44147625093281E+02 -0.65194208737267E+02 -0.68957871438906E-01 -0.65085708078949E-10 -0.14314401670140E+01 -0.62373060206188E+00  0.13904384192984E+03  0.23248980202206E+03 -0.23121759634031E+04 -0.13428148382200E-10
   0.12255241520513E+04 -0.95461317426847E+02  0.36613635694512E+02 -0.78543837477644E+02 -0.28525845785690E+00 -0.29704705276170E+02 -0.10352771935247E+02  0.15558769703454E+04 -0.28227977185671E+03 -0.47342843102697E+02  0.10846595400464E+02  0.76234778450460E+02  0.64511850080099E+01 -0.11057659039902E+00  0.72310671549096E+02 -0.13009721324129E+02  0.11208570462155E+03  0.69705145838319E+02  0.19872241341059E+03  0.12172498320684E+02  0.15304624200071E+01  0.16080941802894E-01  0.37599277715803E+01  0.23852316123645E+02 -0.76027499769602E+01  0.36698724370150E+01 -0.11829048473134E+03 -0.13227072735344E-11 -0.23660460217598E+02 -0.44939590744643E+03  0.15153953995145E-11 -0.12183666336054E+03 -0.10553284852878E+02 -0.50585684319487E+01 -0.43173662224635E-01 -0.27571413425098E-11 -0.14080507161091E+00 -0.56117533492107E-01  0.16307042057666E+02  0.48838563388601E+02 -0.16313863388381E+03 -0.15866890236509E-11
  -0.83557022925483E+02  0.10433708412695E+02 -0.32666906221041E+01  0.36799515823650E+02 -0.29554305803639E+01  0.10994797923619E+02  0.55745364412113E+01  0.99481198217119E+02 -0.15401041356341E+02 -0.14609313598541E+01  0.60335573760348E+00 -0.52055086858413E+00 -0.11057659039902E+00  0.45524343639082E-01  0.14149014449594E+02 -0.10292622801319E+01  0.10146035775331E+02  0.47571788256647E+01  0.28753537889176E+02  0.15604078877214E+01 -0.30783662915190E-01 -0.19691903048293E-01 -0.16385427504435E-02  0.41630632572337E-01 -0.52537296177485E-02 -0.17649196497956E-01  0.69107979661057E-01 -0.68410620039300E-13 -0.64066240384187E+01 -0.93891054502425E+00 -0.79384657428129E-13 -0.36250300504581E+01 -0.28020555632861E-04 -0.14948526675831E+00 -0.74052584942148E-16 -0.65201415332154E-14 -0.18620615018940E-02 -0.10222011694093E-02 -0.23959601471503E+01  0.99701937367011E-04 -0.35187095114773E+01 -0.18114960802277E-12
   0.14869603106385E+05 -0.12801012010538E+03 -0.51574309436414E+02  0.29151369292808E+05 -0.24603148074994E+04  0.78509116759251E+04  0.40706814387510E+04  0.86810760811582E+05  0.50342447996173E+05 -0.39645903165561E+04  0.11584529804446E+04  0.12603670591406E+04  0.72310671549096E+02  0.14149014449594E+02  0.51697448168192E+05 -0.51708360133202E+04  0.46904240009072E+05  0.25317840635149E+05  0.36496485339598E+05  0.40735870011651E+02  0.59487139447468E+02  0.28602770726827E+02 -0.79873165229812E+01 -0.11648297444616E+03  0.90977381489806E+03  0.80570431424506E+02 -0.30770580326937E+04 -0.19976284474972E+04 -0.25020097581352E+04  0.18474429728367E+04  0.42292238023509E+04 -0.15502282919299E+04 -0.31090772789196E+04 -0.74486906503023E+03  0.37995330097779E+03  0.65143364446245E+03 -0.31844559988816E+04 -0.16429470836107E+04 -0.19942419657352E+04  0.23668140709972E+03 -0.99913530178293E+03 -0.11290992862598E+04
  -0.37597552394593E+04  0.12430788730393E+03 -0.64137723987170E+02 -0.37082722594445E+04  0.31523872989468E+03 -0.10252910324921E+04 -0.54118822070197E+03 -0.11748790812389E+05 -0.25943014978681E+04  0.52718801888516E+03 -0.13657084661345E+03 -0.18920406915971E+03 -0.13009721324129E+02 -0.10292622801319E+01 -0.51708360133202E+04  0.61382010341661E+03 -0.54334068271850E+04 -0.30520967577802E+04 -0.42819760246964E+04  0.11251044513290E+02 -0.85233141289246E+01 -0.56479655953084E+01 -0.10562465792708E+02 -0.34794103051854E+02 -0.20323762192579E+03 -0.42181088763601E+02  0.63265545540894E+03  0.39586609431380E+03  0.30093669812062E+03 -0.94528448589433E+02 -0.41311581841416E+03  0.17615637812840E+03  0.34937051063462E+03  0.89449043873317E+02 -0.11167631772065E+03 -0.18858368163401E+03  0.55408840225374E+03  0.26257435228964E+03 -0.45865908644853E+03 -0.42632801391504E+02  0.30290748994403E+03  0.34182431944470E+03
   0.21772978636426E+05 -0.55923036770557E+03  0.12236159519835E+03  0.30780021971902E+05 -0.25011359247395E+04  0.84660970514670E+04  0.42064318307929E+04  0.11098970700121E+06  0.20789755917889E+05 -0.44445728983345E+04  0.12389599792756E+04  0.17807799875721E+04  0.11208570462155E+03  0.10146035775331E+02  0.46904240009072E+05 -0.54334068271850E+04  0.49471523759984E+05  0.27447560686372E+05  0.40182665179427E+05  0.17652242673675E+02  0.78478091996173E+02  0.33521425510980E+02 -0.82701839288859E+02 -0.34058683482793E+03  0.10009824255973E+04 -0.13071283928269E+03 -0.39491344950726E+04 -0.24962632182323E+04 -0.31619844024919E+04  0.28380742633315E+04  0.65293895253995E+04 -0.16024511706118E+04 -0.32287848573920E+04 -0.80698080241964E+03  0.14616374735778E+03  0.27923562852130E+03 -0.37072296830275E+04 -0.19573782476333E+04  0.25334438897352E+04  0.43045378738116E+03 -0.24576019992187E+04 -0.27331198485340E+04
   0.15485583318640E+05 -0.40843586795037E+03  0.18654643371833E+03  0.17515993005338E+05 -0.14250926393387E+04  0.49006441227086E+04  0.24616382046289E+04  0.61115482816866E+05  0.10753907627166E+05 -0.25796771109678E+04  0.68908077021931E+03  0.10338435589775E+04  0.69705145838319E+02  0.47571788256647E+01  0.25317840635149E+05 -0.30520967577802E+04  0.27447560686372E+05  0.15419474330743E+05  0.21973971416312E+05 -0.19787978637296E+02  0.48033942037790E+02  0.24034073684482E+02 -0.22638349701749E+02 -0.78040982571513E+02  0.78093877627101E+03 -0.16862904721896E+02 -0.27962235947139E+04 -0.17347066921007E+04 -0.16186722757284E+04  0.12809573087608E+04  0.35165876467715E+04 -0.84039997681391E+03 -0.16888836520867E+04 -0.45656114361332E+03  0.20148650948631E+03  0.36147465996832E+03 -0.24594061232378E+04 -0.12428748710705E+04  0.23699761423638E+04  0.28947842205639E+03 -0.16820735780418E+04 -0.18755580024893E+04
   0.51527461340014E+07 -0.16545129415298E+07  0.19706897599290E+06  0.10815090781813E+07 -0.29532442079906E+06  0.77960002371436E+05  0.15179895588667E+06  0.34129769428035E+06  0.67474614452036E+04 -0.30316722108003E+05  0.31830830454798E+04  0.35009378405256E+04  0.19872241341059E+03  0.28753537889176E+02  0.36496485339598E+05 -0.42819760246964E+04  0.40182665179427E+05  0.21973971416312E+05  0.12519038219004E+08 -0.12032586997841E+06 -0.61259078229620E+05 -0.32017412035659E+05 -0.46300467332648E+05 -0.72221975196754E+05 -0.44332978951450E+06 -0.23744178359109E+06 -0.25319155603419E+05 -0.56578936146693E+05  0.78959556673918E+03 -0.40122965730808E+06 -0.19671943486785E+07 -0.12675890341369E+05 -0.23891914533062E+05 -0.15286011288817E+03 -0.12652640985559E+06 -0.54084407265829E+06 -0.17637644994234E+05 -0.55769160787970E+04  0.13404607909203E+05 -0.37036836699922E+05 -0.15285535154075E+05 -0.47488891355745E+05
  -0.61184769485421E+05  0.15014981755523E+05 -0.22646183933229E+04 -0.17669063123005E+05  0.36832448190723E+04 -0.23984464369289E+04 -0.26722386503742E+04 -0.36753903751106E+05  0.92668573431920E+04  0.11855543898261E+04 -0.22053552574377E+03  0.22957915849330E+03  0.12172498320684E+02  0.15604078877214E+01  0.40735870011651E+02  0.11251044513290E+02  0.17652242673675E+02 -0.19787978637296E+02 -0.12032586997841E+06  0.29329568397240E+04  0.96378372235658E+03  0.40978378009061E+03  0.22035030836737E+03 -0.20269921674374E+03  0.47803855226304E+04  0.16389126732271E+04  0.00000000000000E+00  0.25815502164435E+04  0.00000000000000E+00  0.00000000000000E+00  0.40727713743800E+05  0.00000000000000E+00  0.00000000000000E+00  0.00000000000000E+00  0.00000000000000E+00  0.57156304072501E+04  0.00000000000000E+00  0.00000000000000E+00  0.00000000000000E+00 -0.17385453690600E+04  0.00000000000000E+00  0.42276036322024E+04
  -0.25875107569805E+05  0.72235524302973E+04 -0.97358721757220E+03 -0.67547091020965E+04  0.16284397133043E+04 -0.69560750092994E+03 -0.99920900269061E+03 -0.69424570322022E+04  0.14056141990955E+04  0.30797496879013E+03 -0.45365501165730E+02  0.21571596515436E+02  0.15304624200071E+01 -0.30783662915190E-01  0.59487139447468E+02 -0.85233141289246E+01  0.78478091996173E+02  0.48033942037790E+02 -0.61259078229620E+05  0.96378372235658E+03  0.40729235159971E+03  0.19264443998523E+03  0.16677617381182E+03  0.14529722492568E+03  0.22203195079637E+04  0.97030938449132E+03  0.00000000000000E+00  0.66954958280225E+03  0.00000000000000E+00  0.00000000000000E+00  0.15074779255225E+05  0.00000000000000E+00  0.00000000000000E+00  0.00000000000000E+00  0.00000000000000E+00  0.28628737498532E+04  0.00000000000000E+00  0.00000000000000E+00  0.00000000000000E+00 -0.53663419655219E+03  0.00000000000000E+00  0.87520733313422E+03
  -0.12069723886572E+05  0.36958169117660E+04 -0.45804787412133E+03 -0.27770005614740E+04  0.74582497938080E+03 -0.21280156385605E+03 -0.39409648846088E+03 -0.17803116706706E+04  0.31081697602232E+03  0.96355149149229E+02 -0.12099376256471E+02  0.93267905855008E-01  0.16080941802894E-01 -0.19691903048293E-01  0.28602770726827E+02 -0.56479655953084E+01  0.33521425510980E+02  0.24034073684482E+02 -0.32017412035659E+05  0.40978378009061E+03  0.19264443998523E+03  0.97384409360829E+02  0.10437155851285E+03  0.13483410305776E+03  0.11000475652737E+04  0.56872951314779E+03  0.00000000000000E+00  0.19534455934488E+03  0.00000000000000E+00  0.00000000000000E+00  0.64526577376210E+04  0.00000000000000E+00  0.00000000000000E+00  0.00000000000000E+00  0.00000000000000E+00  0.14709983433764E+04  0.00000000000000E+00  0.00000000000000E+00  0.00000000000000E+00 -0.17257284391185E+03  0.00000000000000E+00  0.25771323460998E+03
  -0.16532334888660E+05  0.75012340022040E+04 -0.66364528830685E+03 -0.79140020485830E+03  0.64959888094199E+03  0.37126900245312E+03  0.73188894127052E+01  0.61827367492182E+04 -0.14530405442175E+04 -0.18155523529355E+03  0.38834675313515E+02  0.33466521126970E+02  0.37599277715803E+01 -0.16385427504435E-02 -0.79873165229812E+01 -0.10562465792708E+02 -0.82701839288859E+02 -0.22638349701749E+02 -0.46300467332648E+05  0.22035030836737E+03  0.16677617381182E+03  0.10437155851285E+03  0.33763791142133E+03  0.73201799832463E+03  0.19099458802854E+04  0.15275147294533E+04 -0.63780301619995E+02 -0.38524452933650E+02  0.22542923392494E+01  0.10486988903523E+04  0.16924728932625E+04  0.00000000000000E+00  0.00000000000000E+00  0.00000000000000E+00  0.17352924215664E+04  0.27862876806314E+04  0.00000000000000E+00  0.00000000000000E+00  0.00000000000000E+00 -0.14984206388799E+03 -0.29568081045161E+03 -0.32566416976013E+03
  -0.12224605573836E+05  0.11064894709021E+05 -0.63616113098425E+03  0.34788461365106E+04  0.65054809149054E+03  0.20911545232903E+04  0.93911540635974E+03  0.39534389967119E+05 -0.96530828285792E+04 -0.11462875985881E+04  0.24356161802139E+03  0.23371513312127E+03  0.23852316123645E+02  0.41630632572337E-01 -0.11648297444616E+03 -0.34794103051854E+02 -0.34058683482793E+03 -0.78040982571513E+02 -0.72221975196754E+05 -0.20269921674374E+03  0.14529722492568E+03  0.13483410305776E+03  0.73201799832463E+03  0.22533342271197E+04  0.26201963225996E+04  0.26151426129325E+04 -0.21620577906129E+03 -0.15188370496168E+03 -0.33162312733639E+02 -0.50536242478243E+04 -0.88342047968087E+04  0.00000000000000E+00  0.00000000000000E+00  0.00000000000000E+00  0.33089360051416E+04  0.52141170685929E+04  0.00000000000000E+00  0.00000000000000E+00  0.00000000000000E+00 -0.68236846971926E+03 -0.21211019546140E+04 -0.23380077708896E+04
  -0.25351647138128E+06  0.74725804698207E+05 -0.96306552706153E+04 -0.44221328601910E+05  0.11545912444516E+05 -0.33994384218660E+04 -0.62963907838674E+04 -0.30569648307470E+05  0.50280030921641E+04  0.17679473205697E+04 -0.21058350044502E+03 -0.46945902117678E+02 -0.76027499769602E+01 -0.52537296177485E-02  0.90977381489806E+03 -0.20323762192579E+03  0.10009824255973E+04  0.78093877627101E+03 -0.44332978951450E+06  0.47803855226304E+04  0.22203195079637E+04  0.11000475652737E+04  0.19099458802854E+04  0.26201963225996E+04  0.22810829420518E+05  0.99973544724701E+04  0.25578422622557E+03  0.19081252882477E+03  0.92620082471569E-01  0.40536423169283E+05  0.80513168144736E+05  0.00000000000000E+00  0.00000000000000E+00  0.00000000000000E+00  0.15505111386685E+05  0.25027560968512E+05  0.00000000000000E+00  0.00000000000000E+00  0.00000000000000E+00  0.16915888571400E+04  0.17590792982667E+04  0.21443411847715E+04
  -0.96542684720888E+05  0.39174496318088E+05 -0.37445381529256E+04 -0.82964879097845E+04  0.35739921993293E+04  0.41073679172133E+03 -0.85736121703415E+03  0.57618863622544E+04 -0.13244637651320E+04 -0.12800295771718E+03  0.37014967153585E+02  0.26881415404962E+02  0.36698724370150E+01 -0.17649196497956E-01  0.80570431424506E+02 -0.42181088763601E+02 -0.13071283928269E+03 -0.16862904721896E+02 -0.23744178359109E+06  0.16389126732271E+04  0.97030938449132E+03  0.56872951314779E+03  0.15275147294533E+04  0.26151426129325E+04  0.99973544724701E+04  0.77231056780744E+04 -0.21470695808253E+03 -0.11495188724698E+03  0.12363620611301E+02  0.11866267905996E+05  0.19900310957523E+05  0.00000000000000E+00  0.00000000000000E+00  0.00000000000000E+00  0.77240852108154E+04  0.12635689289193E+05  0.00000000000000E+00  0.00000000000000E+00  0.00000000000000E+00 -0.27603266417094E+03 -0.15613986827172E+03 -0.15971705763589E+03
  -0.12930126833291E+06  0.16767492251853E+05 -0.45723222160397E+04 -0.12834044284952E+05  0.20400930039530E+04 -0.24554573410740E+04 -0.22349763641405E+04 -0.58855353325236E+05  0.10753068922677E+05  0.25070774833795E+04 -0.40177301590569E+03 -0.86055577383002E+03 -0.11829048473134E+03  0.69107979661057E-01 -0.30770580326937E+04  0.63265545540894E+03 -0.39491344950726E+04 -0.27962235947139E+04 -0.25319155603419E+05  0.00000000000000E+00  0.00000000000000E+00  0.00000000000000E+00 -0.63780301619995E+02 -0.21620577906129E+03  0.25578422622557E+03 -0.21470695808253E+03  0.11648012879951E+06  0.00000000000000E+00  0.00000000000000E+00  0.00000000000000E+00  0.00000000000000E+00  0.00000000000000E+00  0.00000000000000E+00  0.00000000000000E+00  0.00000000000000E+00  0.00000000000000E+00  0.00000000000000E+00  0.00000000000000E+00  0.00000000000000E+00  0.00000000000000E+00  0.00000000000000E+00  0.00000000000000E+00
  -0.54426729190808E+05  0.81824210516476E+04 -0.19277017595846E+04 -0.21268908095090E+05  0.35050377953989E+04 -0.38865114745199E+04 -0.35916863399678E+04 -0.47097107648232E+05  0.10188137996904E+05  0.17228329059060E+04 -0.30266876622502E+03 -0.27929158067625E-10 -0.13227072735344E-11 -0.68410620039300E-13 -0.19976284474972E+04  0.39586609431380E+03 -0.24962632182323E+04 -0.17347066921007E+04 -0.56578936146693E+05  0.25815502164435E+04  0.66954958280225E+03  0.19534455934488E+03 -0.38524452933650E+02 -0.15188370496168E+03  0.19081252882477E+03 -0.11495188724698E+03  0.00000000000000E+00  0.64340341976670E+05  0.00000000000000E+00  0.00000000000000E+00  0.00000000000000E+00  0.00000000000000E+00  0.00000000000000E+00  0.00000000000000E+00  0.00000000000000E+00  0.00000000000000E+00  0.00000000000000E+00  0.00000000000000E+00  0.00000000000000E+00  0.00000000000000E+00  0.00000000000000E+00  0.00000000000000E+00
  -0.45965043686997E+04 -0.21275517517688E+03  0.27555742898563E+02 -0.15389054028320E+03 -0.52490415078298E+02  0.98813470225485E+02  0.10781707189268E+03 -0.70813241557606E+05  0.24873983194315E+05  0.72775107131888E+03 -0.32089052912649E+03 -0.60584181740659E+03 -0.23660460217598E+02 -0.64066240384187E+01 -0.25020097581352E+04  0.30093669812062E+03 -0.31619844024919E+04 -0.16186722757284E+04  0.78959556673918E+03  0.00000000000000E+00  0.00000000000000E+00  0.00000000000000E+00  0.22542923392494E+01 -0.33162312733639E+02  0.92620082471569E-01  0.12363620611301E+02  0.00000000000000E+00  0.00000000000000E+00  0.30654199540198E+05  0.00000000000000E+00  0.00000000000000E+00  0.00000000000000E+00  0.00000000000000E+00  0.00000000000000E+00  0.00000000000000E+00  0.00000000000000E+00  0.00000000000000E+00  0.00000000000000E+00  0.00000000000000E+00  0.00000000000000E+00  0.00000000000000E+00  0.00000000000000E+00
  -0.83370932209749E+06  0.19893186295814E+06 -0.30446177203234E+05 -0.62566557481251E+05  0.12643843155117E+05 -0.93604783632877E+04 -0.98979716442551E+04 -0.28627334818866E+06  0.65952447420011E+05  0.10162966723758E+05 -0.17942620065768E+04 -0.40846982937440E+04 -0.44939590744643E+03 -0.93891054502425E+00  0.18474429728367E+04 -0.94528448589433E+02  0.28380742633315E+04  0.12809573087608E+04 -0.40122965730808E+06  0.00000000000000E+00  0.00000000000000E+00  0.00000000000000E+00  0.10486988903523E+04 -0.50536242478243E+04  0.40536423169283E+05  0.11866267905996E+05  0.00000000000000E+00  0.00000000000000E+00  0.00000000000000E+00  0.57979403498838E+06  0.00000000000000E+00  0.00000000000000E+00  0.00000000000000E+00  0.00000000000000E+00  0.00000000000000E+00  0.00000000000000E+00  0.00000000000000E+00  0.00000000000000E+00  0.00000000000000E+00  0.00000000000000E+00  0.00000000000000E+00  0.00000000000000E+00
  -0.10638865920797E+07  0.24572161037498E+06 -0.39042998991677E+05 -0.32708528813188E+06  0.66783687085067E+05 -0.46044065874724E+05 -0.51573790299309E+05 -0.55680429407252E+06  0.12432722723347E+06  0.20896055533376E+05 -0.35289719195339E+04 -0.62221430021463E-10  0.15153953995145E-11 -0.79384657428129E-13  0.42292238023509E+04 -0.41311581841416E+03  0.65293895253995E+04  0.35165876467715E+04 -0.19671943486785E+07  0.40727713743800E+05  0.15074779255225E+05  0.64526577376210E+04  0.16924728932625E+04 -0.88342047968087E+04  0.80513168144736E+05  0.19900310957523E+05  0.00000000000000E+00  0.00000000000000E+00  0.00000000000000E+00  0.00000000000000E+00  0.91986548664702E+06  0.00000000000000E+00  0.00000000000000E+00  0.00000000000000E+00  0.00000000000000E+00  0.00000000000000E+00  0.00000000000000E+00  0.00000000000000E+00  0.00000000000000E+00  0.00000000000000E+00  0.00000000000000E+00  0.00000000000000E+00
  -0.20851251959450E+05  0.57549503112928E+04 -0.79193832652861E+03 -0.12168915974856E+04  0.35139009851021E+03 -0.42365507058678E+02 -0.17103266456259E+03 -0.74356350411805E+05  0.23129720775572E+05  0.14391671378414E+04 -0.39386177317270E+03 -0.19837537340792E+04 -0.12183666336054E+03 -0.36250300504581E+01 -0.15502282919299E+04  0.17615637812840E+03 -0.16024511706118E+04 -0.84039997681391E+03 -0.12675890341369E+05  0.00000000000000E+00  0.00000000000000E+00  0.00000000000000E+00  0.00000000000000E+00  0.00000000000000E+00  0.00000000000000E+00  0.00000000000000E+00  0.00000000000000E+00  0.00000000000000E+00  0.00000000000000E+00  0.00000000000000E+00  0.00000000000000E+00  0.14511175717973E+05  0.00000000000000E+00  0.00000000000000E+00  0.00000000000000E+00  0.00000000000000E+00  0.00000000000000E+00  0.00000000000000E+00  0.00000000000000E+00  0.00000000000000E+00  0.00000000000000E+00  0.00000000000000E+00
  -0.47641049382912E+05  0.13338984424026E+05 -0.18161199143009E+04 -0.22673084629573E+04  0.63831101946249E+03 -0.10711423498381E+03 -0.31323469193913E+03 -0.16849795586007E+06  0.52592427089767E+05  0.31993271423186E+04 -0.89128332403913E+03 -0.44147625093281E+02 -0.10553284852878E+02 -0.28020555632861E-04 -0.31090772789196E+04  0.34937051063462E+03 -0.32287848573920E+04 -0.16888836520867E+04 -0.23891914533062E+05  0.00000000000000E+00  0.00000000000000E+00  0.00000000000000E+00  0.00000000000000E+00  0.00000000000000E+00  0.00000000000000E+00  0.00000000000000E+00  0.00000000000000E+00  0.00000000000000E+00  0.00000000000000E+00  0.00000000000000E+00  0.00000000000000E+00  0.00000000000000E+00  0.32394052523721E+05  0.00000000000000E+00  0.00000000000000E+00  0.00000000000000E+00  0.00000000000000E+00  0.00000000000000E+00  0.00000000000000E+00  0.00000000000000E+00  0.00000000000000E+00  0.00000000000000E+00
  -0.31259221786861E+04  0.41886375570890E+03 -0.98658277440032E+02 -0.67923963669879E+02  0.90138197031884E+01 -0.16096695558933E+02 -0.11564130524170E+02 -0.13834873697411E+04  0.18578278801652E+03  0.41846911492425E+02 -0.99665820147013E+01 -0.65194208737267E+02 -0.50585684319487E+01 -0.14948526675831E+00 -0.74486906503023E+03  0.89449043873317E+02 -0.80698080241964E+03 -0.45656114361332E+03 -0.15286011288817E+03  0.00000000000000E+00  0.00000000000000E+00  0.00000000000000E+00  0.00000000000000E+00  0.00000000000000E+00  0.00000000000000E+00  0.00000000000000E+00  0.00000000000000E+00  0.00000000000000E+00  0.00000000000000E+00  0.00000000000000E+00  0.00000000000000E+00  0.00000000000000E+00  0.00000000000000E+00  0.37703073404753E+04  0.00000000000000E+00  0.00000000000000E+00  0.00000000000000E+00  0.00000000000000E+00  0.00000000000000E+00  0.00000000000000E+00  0.00000000000000E+00  0.00000000000000E+00
  -0.18668894375996E+06  0.58243900396130E+05 -0.71777733595091E+04 -0.97741295286540E+04  0.30602155774351E+04 -0.23289403793615E+03 -0.12024255491650E+04 -0.43753839569024E+04  0.54428833403030E+03  0.39210295650631E+03 -0.31016507419880E+02 -0.68957871438906E-01 -0.43173662224635E-01 -0.74052584942148E-16  0.37995330097779E+03 -0.11167631772065E+03  0.14616374735778E+03  0.20148650948631E+03 -0.12652640985559E+06  0.00000000000000E+00  0.00000000000000E+00  0.00000000000000E+00  0.17352924215664E+04  0.33089360051416E+04  0.15505111386685E+05  0.77240852108154E+04  0.00000000000000E+00  0.00000000000000E+00  0.00000000000000E+00  0.00000000000000E+00  0.00000000000000E+00  0.00000000000000E+00  0.00000000000000E+00  0.00000000000000E+00  0.10708509603356E+06  0.00000000000000E+00  0.00000000000000E+00  0.00000000000000E+00  0.00000000000000E+00  0.00000000000000E+00  0.00000000000000E+00  0.00000000000000E+00
  -0.20080663221149E+06  0.62033703602243E+05 -0.77142697554676E+04 -0.43091099105109E+05  0.13263661887985E+05 -0.11784557983436E+04 -0.53707629903072E+04 -0.86454350546791E+04  0.10815398564623E+04  0.75028447569898E+03 -0.61409095283668E+02 -0.65085708078949E-10 -0.27571413425098E-11 -0.65201415332154E-14  0.65143364446245E+03 -0.18858368163401E+03  0.27923562852130E+03  0.36147465996832E+03 -0.54084407265829E+06  0.57156304072501E+04  0.28628737498532E+04  0.14709983433764E+04  0.27862876806314E+04  0.52141170685929E+04  0.25027560968512E+05  0.12635689289193E+05  0.00000000000000E+00  0.00000000000000E+00  0.00000000000000E+00  0.00000000000000E+00  0.00000000000000E+00  0.00000000000000E+00  0.00000000000000E+00  0.00000000000000E+00  0.00000000000000E+00  0.13805842756903E+06  0.00000000000000E+00  0.00000000000000E+00  0.00000000000000E+00  0.00000000000000E+00  0.00000000000000E+00  0.00000000000000E+00
  -0.86409306744289E+04  0.22701569148009E+04 -0.32410910026750E+03 -0.22295674097503E+04  0.49676605938463E+03 -0.28036119135069E+03 -0.35174825948742E+03  0.94441215268409E+03 -0.14423758779549E+04  0.10300071851638E+03 -0.80421284562973E+01 -0.14314401670140E+01 -0.14080507161091E+00 -0.18620615018940E-02 -0.31844559988816E+04  0.55408840225374E+03 -0.37072296830275E+04 -0.24594061232378E+04 -0.17637644994234E+05  0.00000000000000E+00  0.00000000000000E+00  0.00000000000000E+00  0.00000000000000E+00  0.00000000000000E+00  0.00000000000000E+00  0.00000000000000E+00  0.00000000000000E+00  0.00000000000000E+00  0.00000000000000E+00  0.00000000000000E+00  0.00000000000000E+00  0.00000000000000E+00  0.00000000000000E+00  0.00000000000000E+00  0.00000000000000E+00  0.00000000000000E+00  0.81903328374274E+04  0.00000000000000E+00  0.00000000000000E+00  0.00000000000000E+00  0.00000000000000E+00  0.00000000000000E+00
  -0.30685659931831E+04  0.72585546398682E+03 -0.11388644627261E+03 -0.88922854626349E+03  0.18251379380862E+03 -0.12997888056178E+03 -0.14425553367533E+03  0.52666169910545E+03 -0.76617719978941E+03  0.47326978290809E+02 -0.40814004334417E+01 -0.62373060206188E+00 -0.56117533492107E-01 -0.10222011694093E-02 -0.16429470836107E+04  0.26257435228964E+03 -0.19573782476333E+04 -0.12428748710705E+04 -0.55769160787970E+04  0.00000000000000E+00  0.00000000000000E+00  0.00000000000000E+00  0.00000000000000E+00  0.00000000000000E+00  0.00000000000000E+00  0.00000000000000E+00  0.00000000000000E+00  0.00000000000000E+00  0.00000000000000E+00  0.00000000000000E+00  0.00000000000000E+00  0.00000000000000E+00  0.00000000000000E+00  0.00000000000000E+00  0.00000000000000E+00  0.00000000000000E+00  0.00000000000000E+00  0.41982335430983E+04  0.00000000000000E+00  0.00000000000000E+00  0.00000000000000E+00  0.00000000000000E+00
