 Correlated errors added in quadrature with statistical errors
 jl00106F2p DIS data with   1.69< Q2 < 0.500D+03 and 0.000 < xB < 1.000 and   3.00< W2 < 0.100D+04 and 0.000 < y < 1.000
   GP TMC applied
   HT corrections, additive C=C(xB)
 Correlated errors added in quadrature with statistical errors
 jl00106F2d DIS data with   1.69< Q2 < 0.500D+03 and 0.000 < xB < 1.000 and   3.00< W2 < 0.100D+04 and 0.000 < y < 1.000
   WBArel smearing  (AV18) - freepar off-shell nuke corrections
   GP TMC applied
   HT corrections, additive C=C(xB)
 Correlated errors added in quadrature with statistical errors
 HerF2pCut  DIS data with   1.69< Q2 < 0.500D+03 and 0.000 < xB < 1.000 and   3.00< W2 < 0.100D+04 and 0.000 < y < 1.000
   GP TMC applied
   HT corrections, additive C=C(xB)
 Correlated errors added in quadrature with statistical errors
 HerF2dCut  DIS data with   1.69< Q2 < 0.500D+03 and 0.000 < xB < 1.000 and   3.00< W2 < 0.100D+04 and 0.000 < y < 1.000
   WBArel smearing  (AV18) - freepar off-shell nuke corrections
   GP TMC applied
   HT corrections, additive C=C(xB)
 Correlated errors added in quadrature with statistical errors
 slac_p     DIS data with   1.69< Q2 < 0.500D+03 and 0.000 < xB < 1.000 and   3.00< W2 < 0.100D+04 and 0.000 < y < 1.000
   GP TMC applied
   HT corrections, additive C=C(xB)
 Correlated errors added in quadrature with statistical errors
 slac_d     DIS data with   1.69< Q2 < 0.500D+03 and 0.000 < xB < 1.000 and   3.00< W2 < 0.100D+04 and 0.000 < y < 1.000
   WBArel smearing  (AV18) - freepar off-shell nuke corrections
   GP TMC applied
   HT corrections, additive C=C(xB)
 Correlated errors treated separately from statistical errors
 BcdF2pCor  DIS data with   1.69< Q2 < 0.500D+03 and 0.000 < xB < 1.000 and   3.00< W2 < 0.100D+04 and 0.000 < y < 1.000
   GP TMC applied
   HT corrections, additive C=C(xB)
 Correlated errors treated separately from statistical errors
 BcdF2dCor  DIS data with   1.69< Q2 < 0.500D+03 and 0.000 < xB < 1.000 and   3.00< W2 < 0.100D+04 and 0.000 < y < 1.000
   WBArel smearing  (AV18) - freepar off-shell nuke corrections
   GP TMC applied
   HT corrections, additive C=C(xB)
 Correlated errors treated separately from statistical errors
 NmcF2pCor  DIS data with   1.69< Q2 < 0.500D+03 and 0.000 < xB < 1.000 and   3.00< W2 < 0.100D+04 and 0.000 < y < 1.000
   GP TMC applied
   HT corrections, additive C=C(xB)
 Correlated errors treated separately from statistical errors
 NmcRatCor  DIS data with   1.69< Q2 < 0.500D+03 and 0.000 < xB < 1.000 and   3.00< W2 < 0.100D+04 and 0.000 < y < 1.000
   WBArel smearing  (AV18) - freepar off-shell nuke corrections
   GP TMC applied
   HT corrections, additive C=C(xB)
 Correlated errors treated separately from statistical errors
 H2_NC_em   DIS data with   1.69< Q2 < 0.100D+06 and 0.000 < xB < 1.000 and   3.00< W2 < 0.100D+08 and 0.000 < y < 1.000
   GP TMC applied
   HT corrections, additive C=C(xB)
 Correlated errors treated separately from statistical errors
 H2_NC_ep_1 DIS data with   1.69< Q2 < 0.100D+06 and 0.000 < xB < 1.000 and   3.00< W2 < 0.100D+08 and 0.000 < y < 1.000
   GP TMC applied
   HT corrections, additive C=C(xB)
 Correlated errors treated separately from statistical errors
 H2_NC_ep_2 DIS data with   1.69< Q2 < 0.100D+06 and 0.000 < xB < 1.000 and   3.00< W2 < 0.100D+08 and 0.000 < y < 1.000
   GP TMC applied
   HT corrections, additive C=C(xB)
 Correlated errors treated separately from statistical errors
 H2_NC_ep_3 DIS data with   1.69< Q2 < 0.100D+06 and 0.000 < xB < 1.000 and   3.00< W2 < 0.100D+08 and 0.000 < y < 1.000
   GP TMC applied
   HT corrections, additive C=C(xB)
 Correlated errors treated separately from statistical errors
 H2_NC_ep_4 DIS data with   1.69< Q2 < 0.100D+06 and 0.000 < xB < 1.000 and   3.00< W2 < 0.100D+08 and 0.000 < y < 1.000
   GP TMC applied
   HT corrections, additive C=C(xB)
 Correlated errors treated separately from statistical errors
 H2_CC_em   DIS data with   1.69< Q2 < 0.100D+06 and 0.000 < xB < 1.000 and   3.00< W2 < 0.100D+08 and 0.000 < y < 1.000
   GP TMC applied
   HT corrections, additive C=C(xB)
 Correlated errors treated separately from statistical errors
 H2_CC_ep   DIS data with   1.69< Q2 < 0.100D+06 and 0.000 < xB < 1.000 and   3.00< W2 < 0.100D+08 and 0.000 < y < 1.000
   GP TMC applied
   HT corrections, additive C=C(xB)
 Correlated errors added in quadrature with statistical errors
 BNS_F2nd   DIS data with   1.69< Q2 < 0.100D+06 and 0.000 < xB < 1.000 and   3.00< W2 < 0.100D+08 and 0.000 < y < 1.000
   WBArel smearing  (AV18) - freepar off-shell nuke corrections
   GP TMC applied
   HT corrections, additive C=C(xB)
 Correlated errors added in quadrature with statistical errors
 e866pp06xf vector boson data with Q2 >=  36.00
 Correlated errors added in quadrature with statistical errors
 e866pd06xf vector boson data with Q2 >=  36.00
 Correlated errors added in quadrature with statistical errors
 cdfLasy05  vector boson data with Q2 >=   0.00
 Correlated errors added in quadrature with statistical errors
 d0Lasy_e15 vector boson data with Q2 >=   0.00
 Correlated errors added in quadrature with statistical errors
 d0Lasy13   vector boson data with Q2 >=   0.00
 Correlated errors added in quadrature with statistical errors
 CDF_Wasy   vector boson data with Q2 >=   0.00
 Correlated errors added in quadrature with statistical errors
 D0_Wasy    vector boson data with Q2 >=   0.00
 Correlated errors added in quadrature with statistical errors
 CDF_Z      vector boson data with Q2 >=   0.00
 Correlated errors added in quadrature with statistical errors
 D0_Z       vector boson data with Q2 >=   0.00
 Correlated errors added in quadrature with statistical errors
 d0run2coneJet data - errors added in quadrature
 Correlated errors added in quadrature with statistical errors
 CDFrun2jetJet data - errors added in quadrature
 Correlated errors added in quadrature with statistical errors
 d0_gamjet1 Photon data -- cuts to be written yet ...
 Correlated errors added in quadrature with statistical errors
 d0_gamjet2 Photon data -- cuts to be written yet ...
 Correlated errors added in quadrature with statistical errors
 d0_gamjet3 Photon data -- cuts to be written yet ...
 Correlated errors added in quadrature with statistical errors
 d0_gamjet4 Photon data -- cuts to be written yet ...

# fitpack15: fit output
# CJ15 AV18 final data choices                                                 

Parametrization   7 used here

 S-ACOT scheme used  for NC DIS

 charm mass =     1.30 GeV     bottom mass =     4.50 GeV



 THIS IS A NEXT TO LEADING ORDER FIT

 Q02=    1.69
         1  LAMBDA      VALUE=   0.22680      WEIGHT=    0.0000    
         2  a0uv        VALUE=    1.8055      WEIGHT=    0.0000    
         3  a1uv        VALUE=   0.55340      WEIGHT=   0.25513E-01
         4  a2uv        VALUE=    3.6036      WEIGHT=   0.12117E-01
         5  a3uv        VALUE=    0.0000      WEIGHT=    0.0000    
         6  a4uv        VALUE=    5.2440      WEIGHT=   0.75956    
         7  a5uv        VALUE=    0.0000      WEIGHT=    0.0000    
         8  a0dv        VALUE=    25.124      WEIGHT=    0.0000    
         9  a1dv        VALUE=    1.1647      WEIGHT=   0.34426E-01
        10  a2dv        VALUE=    6.5607      WEIGHT=   0.18042    
        11  a3dv        VALUE=   -3.4822      WEIGHT=   0.98087E-01
        12  a4dv        VALUE=    4.6200      WEIGHT=   0.15051    
        13  a5dv        VALUE=    0.0000      WEIGHT=    0.0000    
        14  a0ud        VALUE=   0.14154      WEIGHT=   0.49852E-02
        15  a1ud        VALUE=  -0.21115      WEIGHT=   0.38220E-02
        16  a2ud        VALUE=    8.7153      WEIGHT=   0.19772    
        17  a3ud        VALUE=    0.0000      WEIGHT=    0.0000    
        18  a4ud        VALUE=    16.467      WEIGHT=    1.3753    
        19  a5ud        VALUE=    0.0000      WEIGHT=    0.0000    
        20  a0du        VALUE=    35712.      WEIGHT=    0.0000    
        21  a1du        VALUE=    4.2253      WEIGHT=   0.12580    
        22  a2du        VALUE=    20.963      WEIGHT=    1.2689    
        23  a3du        VALUE=    17.000      WEIGHT=    0.0000    
        24  a4du        VALUE=    59.979      WEIGHT=    14.885    
        25  a0g         VALUE=    45.160      WEIGHT=    0.0000    
        26  a1g         VALUE=   0.60099      WEIGHT=   0.28225E-01
        27  a2g         VALUE=    5.6848      WEIGHT=   0.75304    
        28  a3g         VALUE=   -3.3755      WEIGHT=   0.11564    
        29  a4g         VALUE=    3.1771      WEIGHT=   0.24133    
        30  a5g         VALUE=    0.0000      WEIGHT=    0.0000    
        31  kappa       VALUE=   0.40000      WEIGHT=    0.0000    
        32  a6dv        VALUE=  -0.32800E-02  WEIGHT=   0.72346E-03
        33  a7dv        VALUE=    2.0000      WEIGHT=    0.0000    
        34  off1        VALUE=  -0.34627E-01  WEIGHT=   0.12044    
        35  off2        VALUE=   -1.6390      WEIGHT=   0.75571    
        36  off3        VALUE=    3.7599      WEIGHT=    1.0847    
        37  ht1         VALUE=   -4.3718      WEIGHT=    1.1983    
        38  ht2         VALUE=    2.3245      WEIGHT=   0.21992    
        39  ht3         VALUE=   -2.1264      WEIGHT=   0.31816E-01
        40  ht4         VALUE=    2.7170      WEIGHT=   0.16329    
        41  dummy41     VALUE=    0.0000      WEIGHT=    0.0000    
        42  dummy42     VALUE=    0.0000      WEIGHT=    0.0000    
        43  dummy43     VALUE=    0.0000      WEIGHT=    0.0000    
        44  dummy44     VALUE=    0.0000      WEIGHT=    0.0000    
        45  dummy45     VALUE=    0.0000      WEIGHT=    0.0000    
        46  dummy46     VALUE=    0.0000      WEIGHT=    0.0000    
        47  dummy47     VALUE=    0.0000      WEIGHT=    0.0000    
        48  dummy48     VALUE=    0.0000      WEIGHT=    0.0000    
        49  dummy49     VALUE=    0.0000      WEIGHT=    0.0000    
        50  bcdmsh2     VALUE=   0.97059      WEIGHT=   0.49112E-02
        51  bcdmsd2     VALUE=   0.99402      WEIGHT=   0.59135E-02
        52  ccfr        VALUE=    1.0000      WEIGHT=    0.0000    
        53  nutev       VALUE=    1.0000      WEIGHT=    0.0000    
        54  zeus        VALUE=   0.97998      WEIGHT=    0.0000    
        55  h1          VALUE=    1.0162      WEIGHT=    0.0000    
        56  e605        VALUE=    1.0319      WEIGHT=    0.0000    
        57  NmcH2       VALUE=    1.0074      WEIGHT=   0.71637E-02
        58  ntv_nu      VALUE=    1.0000      WEIGHT=    0.0000    
        59  ntv_nuba    VALUE=    1.0000      WEIGHT=    0.0000    
        60  cdf_jet     VALUE=   0.98910      WEIGHT=    0.0000    
        61  d0_jet      VALUE=   0.83504      WEIGHT=    0.0000    
        62  slac_p      VALUE=    1.0020      WEIGHT=   0.49608E-02
        63  slac_d      VALUE=    1.0019      WEIGHT=   0.53802E-02
        64  e866pp      VALUE=   0.99389      WEIGHT=   0.20008E-01
        65  e866pd      VALUE=   0.95381      WEIGHT=   0.17358E-01
        66  d0_gamje    VALUE=    1.0388      WEIGHT=   0.16513E-01
        67  h1b         VALUE=   0.97608      WEIGHT=    0.0000    
        68  jlab_p      VALUE=   0.98523      WEIGHT=   0.58416E-02
        69  jlab_d      VALUE=   0.97622      WEIGHT=   0.60443E-02
        70  blank       VALUE=    1.0000      WEIGHT=    0.0000    
        71  d0run2      VALUE=   0.95359      WEIGHT=   0.15381E-01
        72  cdfrun2     VALUE=   0.93734      WEIGHT=   0.17805E-01
        73  HERA_el     VALUE=    1.0000      WEIGHT=    0.0000    
        74  HERA_ps     VALUE=    1.0000      WEIGHT=    0.0000    
        75  CDF_Z       VALUE=   0.95569      WEIGHT=   0.67294E-02
        76  NmcRat      VALUE=    1.0000      WEIGHT=    0.0000    
        77  BNS_F2nd    VALUE=   0.95667      WEIGHT=   0.73768E-02
        78  HERMES_F    VALUE=   0.99503      WEIGHT=   0.56727E-02
        79  HERMES_F    VALUE=   0.97824      WEIGHT=   0.58879E-02
0THE TOLERANCE IS    0.1000
 THE MAXIMUM NUMBER OF STEPS IS 100
0THE INITIAL CHI SQUARED IS  4.78263E+03
0  STEP  CHI SQUARED    PARAMETER      VALUE         ERROR
 ------------------------------------------------------------
     1    4.71205E+03
                       1  LAMBDA     2.2680E-01       FIX 
                       2  a0uv       1.7844E+00       FIX 
                       3  a1uv       5.5299E-01           
                       4  a2uv       3.6122E+00           
                       5  a3uv       0.0000E+00       FIX 
                       6  a4uv       5.4250E+00           
                       7  a5uv       0.0000E+00       FIX 
                       8  a0dv       1.9325E+01       FIX 
                       9  a1dv       1.0991E+00           
                      10  a2dv       6.3685E+00           
                      11  a3dv      -3.4566E+00           
                      12  a4dv       4.7847E+00           
                      13  a5dv       0.0000E+00       FIX 
                      14  a0ud       1.4108E-01           
                      15  a1ud      -2.1158E-01           
                      16  a2ud       8.9297E+00           
                      17  a3ud       0.0000E+00       FIX 
                      18  a4ud       1.7596E+01           
                      19  a5ud       0.0000E+00       FIX 
                      20  a0du       3.5712E+04       FIX 
                      21  a1du       4.1371E+00           
                      22  a2du       2.1690E+01           
                      23  a3du       1.7000E+01       FIX 
                      24  a4du       5.6868E+01           
                      25  a0g        4.5426E+01       FIX 
                      26  a1g        6.0131E-01           
                      27  a2g        6.0328E+00           
                      28  a3g       -3.3636E+00           
                      29  a4g        3.2112E+00           
                      30  a5g        0.0000E+00       FIX 
                      31  kappa      4.0000E-01       FIX 
                      32  a6dv      -2.6478E-03           
                      33  a7dv       2.0000E+00       FIX 
                      34  off1      -1.6070E-02           
                      35  off2      -1.8028E+00           
                      36  off3       3.6905E+00           
                      37  ht1       -4.4126E+00           
                      38  ht2        2.3451E+00           
                      39  ht3       -2.1078E+00           
                      40  ht4        2.6834E+00           
                      41  dummy41    0.0000E+00       FIX 
                      42  dummy42    0.0000E+00       FIX 
                      43  dummy43    0.0000E+00       FIX 
                      44  dummy44    0.0000E+00       FIX 
                      45  dummy45    0.0000E+00       FIX 
                      46  dummy46    0.0000E+00       FIX 
                      47  dummy47    0.0000E+00       FIX 
                      48  dummy48    0.0000E+00       FIX 
                      49  dummy49    0.0000E+00       FIX 
                      50  bcdmsh2    9.7399E-01           
                      51  bcdmsd2    9.9703E-01           
                      52  ccfr       1.0000E+00       FIX 
                      53  nutev      1.0000E+00       FIX 
                      54  zeus       9.7998E-01       FIX 
                      55  h1         1.0162E+00       FIX 
                      56  e605       1.0319E+00       FIX 
                      57  NmcH2      1.0106E+00           
                      58  ntv_nu     1.0000E+00       FIX 
                      59  ntv_nuba   1.0000E+00       FIX 
                      60  cdf_jet    9.8910E-01       FIX 
                      61  d0_jet     8.3504E-01       FIX 
                      62  slac_p     1.0054E+00           
                      63  slac_d     1.0051E+00           
                      64  e866pp     1.0008E+00           
                      65  e866pd     9.6605E-01           
                      66  d0_gamje   1.0404E+00           
                      67  h1b        9.7608E-01       FIX 
                      68  jlab_p     9.8890E-01           
                      69  jlab_d     9.7987E-01           
                      70  blank      1.0000E+00       FIX 
                      71  d0run2     9.4633E-01           
                      72  cdfrun2    9.3206E-01           
                      73  HERA_el    1.0000E+00       FIX 
                      74  HERA_ps    1.0000E+00       FIX 
                      75  CDF_Z      9.5207E-01           
                      76  NmcRat     1.0000E+00       FIX 
                      77  BNS_F2nd   9.5264E-01           
                      78  HERMES_F   9.9843E-01           
                      79  HERMES_F   9.8130E-01           
 ------------------------------------------------------------
     2    4.70409E+03
                       1  LAMBDA     2.2680E-01       FIX 
                       2  a0uv       1.6353E+00       FIX 
                       3  a1uv       5.3407E-01           
                       4  a2uv       3.6117E+00           
                       5  a3uv       0.0000E+00       FIX 
                       6  a4uv       5.9761E+00           
                       7  a5uv       0.0000E+00       FIX 
                       8  a0dv       1.6158E+01       FIX 
                       9  a1dv       1.0585E+00           
                      10  a2dv       6.2301E+00           
                      11  a3dv      -3.3977E+00           
                      12  a4dv       4.8385E+00           
                      13  a5dv       0.0000E+00       FIX 
                      14  a0ud       1.3801E-01           
                      15  a1ud      -2.1364E-01           
                      16  a2ud       9.0351E+00           
                      17  a3ud       0.0000E+00       FIX 
                      18  a4ud       1.8758E+01           
                      19  a5ud       0.0000E+00       FIX 
                      20  a0du       3.5712E+04       FIX 
                      21  a1du       4.1253E+00           
                      22  a2du       2.1933E+01           
                      23  a3du       1.7000E+01       FIX 
                      24  a4du       5.6060E+01           
                      25  a0g        4.4134E+01       FIX 
                      26  a1g        5.9274E-01           
                      27  a2g        5.8241E+00           
                      28  a3g       -3.3746E+00           
                      29  a4g        3.2041E+00           
                      30  a5g        0.0000E+00       FIX 
                      31  kappa      4.0000E-01       FIX 
                      32  a6dv      -2.0591E-03           
                      33  a7dv       2.0000E+00       FIX 
                      34  off1       8.1517E-03           
                      35  off2      -1.8997E+00           
                      36  off3       3.7669E+00           
                      37  ht1       -3.8392E+00           
                      38  ht2        2.2519E+00           
                      39  ht3       -2.1157E+00           
                      40  ht4        2.6096E+00           
                      41  dummy41    0.0000E+00       FIX 
                      42  dummy42    0.0000E+00       FIX 
                      43  dummy43    0.0000E+00       FIX 
                      44  dummy44    0.0000E+00       FIX 
                      45  dummy45    0.0000E+00       FIX 
                      46  dummy46    0.0000E+00       FIX 
                      47  dummy47    0.0000E+00       FIX 
                      48  dummy48    0.0000E+00       FIX 
                      49  dummy49    0.0000E+00       FIX 
                      50  bcdmsh2    9.7234E-01           
                      51  bcdmsd2    9.9568E-01           
                      52  ccfr       1.0000E+00       FIX 
                      53  nutev      1.0000E+00       FIX 
                      54  zeus       9.7998E-01       FIX 
                      55  h1         1.0162E+00       FIX 
                      56  e605       1.0319E+00       FIX 
                      57  NmcH2      1.0099E+00           
                      58  ntv_nu     1.0000E+00       FIX 
                      59  ntv_nuba   1.0000E+00       FIX 
                      60  cdf_jet    9.8910E-01       FIX 
                      61  d0_jet     8.3504E-01       FIX 
                      62  slac_p     1.0036E+00           
                      63  slac_d     1.0037E+00           
                      64  e866pp     1.0058E+00           
                      65  e866pd     9.7242E-01           
                      66  d0_gamje   1.0386E+00           
                      67  h1b        9.7608E-01       FIX 
                      68  jlab_p     9.8699E-01           
                      69  jlab_d     9.7877E-01           
                      70  blank      1.0000E+00       FIX 
                      71  d0run2     9.4714E-01           
                      72  cdfrun2    9.3297E-01           
                      73  HERA_el    1.0000E+00       FIX 
                      74  HERA_ps    1.0000E+00       FIX 
                      75  CDF_Z      9.4994E-01           
                      76  NmcRat     1.0000E+00       FIX 
                      77  BNS_F2nd   9.5323E-01           
                      78  HERMES_F   9.9667E-01           
                      79  HERMES_F   9.7994E-01           
 ------------------------------------------------------------
     3    4.69945E+03
                       1  LAMBDA     2.2680E-01       FIX 
                       2  a0uv       1.5197E+00       FIX 
                       3  a1uv       5.1883E-01           
                       4  a2uv       3.6123E+00           
                       5  a3uv       0.0000E+00       FIX 
                       6  a4uv       6.4900E+00           
                       7  a5uv       0.0000E+00       FIX 
                       8  a0dv       1.5945E+01       FIX 
                       9  a1dv       1.0544E+00           
                      10  a2dv       6.2357E+00           
                      11  a3dv      -3.4061E+00           
                      12  a4dv       4.8750E+00           
                      13  a5dv       0.0000E+00       FIX 
                      14  a0ud       1.3660E-01           
                      15  a1ud      -2.1460E-01           
                      16  a2ud       9.0683E+00           
                      17  a3ud       0.0000E+00       FIX 
                      18  a4ud       1.9304E+01           
                      19  a5ud       0.0000E+00       FIX 
                      20  a0du       3.5712E+04       FIX 
                      21  a1du       4.1446E+00           
                      22  a2du       2.1961E+01           
                      23  a3du       1.7000E+01       FIX 
                      24  a4du       5.7474E+01           
                      25  a0g        4.3814E+01       FIX 
                      26  a1g        5.9278E-01           
                      27  a2g        5.8666E+00           
                      28  a3g       -3.3663E+00           
                      29  a4g        3.2053E+00           
                      30  a5g        0.0000E+00       FIX 
                      31  kappa      4.0000E-01       FIX 
                      32  a6dv      -1.8326E-03           
                      33  a7dv       2.0000E+00       FIX 
                      34  off1       1.6298E-02           
                      35  off2      -1.9282E+00           
                      36  off3       3.8035E+00           
                      37  ht1       -4.0239E+00           
                      38  ht2        2.3018E+00           
                      39  ht3       -2.1164E+00           
                      40  ht4        2.6369E+00           
                      41  dummy41    0.0000E+00       FIX 
                      42  dummy42    0.0000E+00       FIX 
                      43  dummy43    0.0000E+00       FIX 
                      44  dummy44    0.0000E+00       FIX 
                      45  dummy45    0.0000E+00       FIX 
                      46  dummy46    0.0000E+00       FIX 
                      47  dummy47    0.0000E+00       FIX 
                      48  dummy48    0.0000E+00       FIX 
                      49  dummy49    0.0000E+00       FIX 
                      50  bcdmsh2    9.7151E-01           
                      51  bcdmsd2    9.9487E-01           
                      52  ccfr       1.0000E+00       FIX 
                      53  nutev      1.0000E+00       FIX 
                      54  zeus       9.7998E-01       FIX 
                      55  h1         1.0162E+00       FIX 
                      56  e605       1.0319E+00       FIX 
                      57  NmcH2      1.0092E+00           
                      58  ntv_nu     1.0000E+00       FIX 
                      59  ntv_nuba   1.0000E+00       FIX 
                      60  cdf_jet    9.8910E-01       FIX 
                      61  d0_jet     8.3504E-01       FIX 
                      62  slac_p     1.0027E+00           
                      63  slac_d     1.0029E+00           
                      64  e866pp     1.0118E+00           
                      65  e866pd     9.7587E-01           
                      66  d0_gamje   1.0377E+00           
                      67  h1b        9.7608E-01       FIX 
                      68  jlab_p     9.8619E-01           
                      69  jlab_d     9.7807E-01           
                      70  blank      1.0000E+00       FIX 
                      71  d0run2     9.4849E-01           
                      72  cdfrun2    9.3427E-01           
                      73  HERA_el    1.0000E+00       FIX 
                      74  HERA_ps    1.0000E+00       FIX 
                      75  CDF_Z      9.4817E-01           
                      76  NmcRat     1.0000E+00       FIX 
                      77  BNS_F2nd   9.5344E-01           
                      78  HERMES_F   9.9581E-01           
                      79  HERMES_F   9.7916E-01           
 ------------------------------------------------------------
     4    4.69941E+03
                       1  LAMBDA     2.2680E-01    0.0000E+00
                       2  a0uv       1.5169E+00    0.0000E+00
                       3  a1uv       5.1844E-01    3.0190E-02
                       4  a2uv       3.6126E+00    1.1688E-02
                       5  a3uv       0.0000E+00    0.0000E+00
                       6  a4uv       6.5037E+00    1.1005E+00
                       7  a5uv       0.0000E+00    0.0000E+00
                       8  a0dv       1.5942E+01    0.0000E+00
                       9  a1dv       1.0543E+00    3.8776E-02
                      10  a2dv       6.2369E+00    2.0057E-01
                      11  a3dv      -3.4061E+00    1.2864E-01
                      12  a4dv       4.8763E+00    1.8672E-01
                      13  a5dv       0.0000E+00    0.0000E+00
                      14  a0ud       1.3664E-01    4.9318E-03
                      15  a1ud      -2.1455E-01    3.9051E-03
                      16  a2ud       9.0692E+00    1.8369E-01
                      17  a3ud       0.0000E+00    0.0000E+00
                      18  a4ud       1.9330E+01    1.4747E+00
                      19  a5ud       0.0000E+00    0.0000E+00
                      20  a0du       3.5712E+04    0.0000E+00
                      21  a1du       4.1378E+00    1.2746E-01
                      22  a2du       2.2013E+01    1.3244E+00
                      23  a3du       1.7000E+01    0.0000E+00
                      24  a4du       5.6462E+01    1.4448E+01
                      25  a0g        4.3889E+01    0.0000E+00
                      26  a1g        5.9275E-01    2.8352E-02
                      27  a2g        5.8574E+00    7.8721E-01
                      28  a3g       -3.3673E+00    1.2037E-01
                      29  a4g        3.2031E+00    2.6072E-01
                      30  a5g        0.0000E+00    0.0000E+00
                      31  kappa      4.0000E-01    0.0000E+00
                      32  a6dv      -1.8361E-03    1.4807E-03
                      33  a7dv       2.0000E+00    0.0000E+00
                      34  off1       2.2975E-02    1.1996E-01
                      35  off2      -1.9494E+00    7.4839E-01
                      36  off3       3.8187E+00    1.0828E+00
                      37  ht1       -3.9777E+00    1.2293E+00
                      38  ht2        2.2871E+00    2.6351E-01
                      39  ht3       -2.1164E+00    3.1863E-02
                      40  ht4        2.6264E+00    1.8706E-01
                      41  dummy41    0.0000E+00    0.0000E+00
                      42  dummy42    0.0000E+00    0.0000E+00
                      43  dummy43    0.0000E+00    0.0000E+00
                      44  dummy44    0.0000E+00    0.0000E+00
                      45  dummy45    0.0000E+00    0.0000E+00
                      46  dummy46    0.0000E+00    0.0000E+00
                      47  dummy47    0.0000E+00    0.0000E+00
                      48  dummy48    0.0000E+00    0.0000E+00
                      49  dummy49    0.0000E+00    0.0000E+00
                      50  bcdmsh2    9.7141E-01    4.9436E-03
                      51  bcdmsd2    9.9473E-01    5.9337E-03
                      52  ccfr       1.0000E+00    0.0000E+00
                      53  nutev      1.0000E+00    0.0000E+00
                      54  zeus       9.7998E-01    0.0000E+00
                      55  h1         1.0162E+00    0.0000E+00
                      56  e605       1.0319E+00    0.0000E+00
                      57  NmcH2      1.0090E+00    7.2043E-03
                      58  ntv_nu     1.0000E+00    0.0000E+00
                      59  ntv_nuba   1.0000E+00    0.0000E+00
                      60  cdf_jet    9.8910E-01    0.0000E+00
                      61  d0_jet     8.3504E-01    0.0000E+00
                      62  slac_p     1.0026E+00    4.9963E-03
                      63  slac_d     1.0028E+00    5.4046E-03
                      64  e866pp     1.0120E+00    2.0891E-02
                      65  e866pd     9.7629E-01    1.7700E-02
                      66  d0_gamje   1.0375E+00    1.6517E-02
                      67  h1b        9.7608E-01    0.0000E+00
                      68  jlab_p     9.8615E-01    5.8756E-03
                      69  jlab_d     9.7801E-01    6.0732E-03
                      70  blank      1.0000E+00    0.0000E+00
                      71  d0run2     9.4824E-01    1.5217E-02
                      72  cdfrun2    9.3412E-01    1.7703E-02
                      73  HERA_el    1.0000E+00    0.0000E+00
                      74  HERA_ps    1.0000E+00    0.0000E+00
                      75  CDF_Z      9.4809E-01    6.7510E-03
                      76  NmcRat     1.0000E+00    0.0000E+00
                      77  BNS_F2nd   9.5364E-01    7.2677E-03
                      78  HERMES_F   9.9573E-01    5.7062E-03
                      79  HERMES_F   9.7907E-01    5.9119E-03
0 MINIMIZATION TERMINATED WITH STEP  4
  TOLERANCE CRITERION      SATISFIED
0 CHI SQUARED PER DEGREE OF FREEDOM IS  1.044E+00
   1.000  0.177 -0.990  0.047 -0.071  0.135 -0.178  0.416  0.356 -0.270 -0.522 -0.335 -0.011 -0.167  0.153  0.140 -0.047  0.067  0.088 -0.166  0.138 -0.106  0.069 -0.099  0.072 -0.059  0.290  0.236  0.179  0.309  0.268 -0.513 -0.297  0.110  0.229  0.212 -0.102 -0.089  0.409 -0.021  0.265  0.231
   0.177  1.000 -0.064  0.207  0.089  0.094 -0.204  0.118  0.095  0.274 -0.029  0.122 -0.050  0.112  0.069  0.045 -0.000 -0.004 -0.092 -0.107 -0.038  0.111  0.062 -0.093  0.202 -0.201  0.287  0.205  0.126  0.141  0.138 -0.084 -0.188  0.069  0.160  0.210 -0.105 -0.078  0.168 -0.236  0.164  0.142
  -0.990 -0.064  1.000 -0.001  0.098 -0.138  0.161 -0.401 -0.347  0.309  0.537  0.356  0.010  0.189 -0.133 -0.111  0.059 -0.070 -0.103  0.154 -0.134  0.110 -0.073  0.099 -0.021  0.045 -0.208 -0.175 -0.135 -0.230 -0.200  0.552  0.324 -0.100 -0.160 -0.150  0.065  0.061 -0.350  0.002 -0.194 -0.167
   0.047  0.207 -0.001  1.000  0.842 -0.749  0.110  0.090  0.058 -0.210 -0.218  0.350 -0.252  0.284  0.268  0.320 -0.108  0.219 -0.388 -0.171  0.127 -0.067 -0.442  0.414  0.276  0.394  0.219  0.159  0.090  0.263  0.202  0.094 -0.091  0.040  0.254  0.151 -0.105 -0.069  0.097 -0.037  0.246  0.198
  -0.071  0.089  0.098  0.842  1.000 -0.915  0.583 -0.076 -0.081 -0.007  0.020  0.171 -0.067  0.258  0.141  0.205 -0.099  0.171 -0.715 -0.087  0.067 -0.028 -0.461  0.379  0.129  0.481  0.106  0.075  0.084  0.122  0.080  0.107 -0.015  0.011  0.160  0.021 -0.047 -0.033  0.030  0.004  0.130  0.099
   0.135  0.094 -0.138 -0.749 -0.915  1.000 -0.698  0.182  0.173  0.089 -0.090 -0.107  0.101 -0.320 -0.103 -0.254  0.069 -0.186  0.526  0.120 -0.192  0.182  0.513 -0.452 -0.155 -0.529 -0.047 -0.032 -0.093 -0.089 -0.060 -0.137 -0.080  0.013 -0.123 -0.006  0.063  0.034  0.006 -0.141 -0.108 -0.088
  -0.178 -0.204  0.161  0.110  0.583 -0.698  1.000 -0.307 -0.272  0.258  0.407 -0.281  0.223  0.055 -0.109  0.031  0.029  0.009 -0.542  0.082  0.068 -0.120 -0.292  0.196 -0.035  0.370 -0.049 -0.036  0.094 -0.044 -0.042  0.101  0.236 -0.046  0.013 -0.089 -0.028 -0.020  0.019  0.222 -0.013 -0.005
   0.416  0.118 -0.401  0.090 -0.076  0.182 -0.307  1.000  0.969 -0.372 -0.796 -0.007 -0.088 -0.162 -0.072  0.009  0.187 -0.124  0.085 -0.018 -0.000  0.013 -0.060  0.061  0.106  0.036  0.224  0.180  0.151  0.238  0.211 -0.137 -0.095  0.093  0.185  0.188 -0.001  0.006  0.314 -0.025  0.214  0.184
   0.356  0.095 -0.347  0.058 -0.081  0.173 -0.272  0.969  1.000 -0.329 -0.747 -0.010 -0.071 -0.145 -0.178 -0.056  0.223 -0.172  0.080 -0.016 -0.004  0.015 -0.063  0.064  0.082  0.043  0.170  0.137  0.126  0.178  0.157 -0.137 -0.103  0.080  0.139  0.144  0.021  0.021  0.245 -0.026  0.161  0.136
  -0.270  0.274  0.309 -0.210 -0.007  0.089  0.258 -0.372 -0.329  1.000  0.712 -0.267  0.436 -0.173 -0.046 -0.196 -0.252  0.098 -0.152  0.292 -0.340  0.304  0.279 -0.254 -0.222 -0.276 -0.088 -0.056  0.006 -0.128 -0.087  0.006  0.043 -0.026 -0.093 -0.076  0.175  0.101 -0.082 -0.095 -0.079 -0.043
  -0.522 -0.029  0.537 -0.218  0.020 -0.090  0.407 -0.796 -0.747  0.712  1.000 -0.195  0.285 -0.105 -0.031 -0.160 -0.150  0.002 -0.113  0.335 -0.224  0.145  0.232 -0.257 -0.161 -0.203 -0.046 -0.030  0.041 -0.060 -0.030  0.349  0.452 -0.104 -0.043 -0.040 -0.005 -0.039 -0.012  0.090 -0.030  0.012
  -0.335  0.122  0.356  0.350  0.171 -0.107 -0.281 -0.007 -0.010 -0.267 -0.195  1.000 -0.673  0.494  0.098  0.051 -0.080  0.095 -0.031 -0.447  0.246 -0.132 -0.121  0.156  0.051  0.075 -0.038 -0.003 -0.047 -0.032 -0.028  0.341 -0.161  0.021 -0.004 -0.011  0.069  0.062 -0.302 -0.149 -0.001 -0.042
  -0.011 -0.050  0.010 -0.252 -0.067  0.101  0.223 -0.088 -0.071  0.436  0.285 -0.673  1.000 -0.097 -0.183 -0.183  0.097 -0.164 -0.099  0.169 -0.265  0.260  0.153 -0.187 -0.087 -0.118  0.033  0.028  0.038  0.000  0.001  0.011  0.078  0.002 -0.011 -0.008 -0.001 -0.018  0.049 -0.160 -0.010  0.002
  -0.167  0.112  0.189  0.284  0.258 -0.320  0.055 -0.162 -0.145 -0.173 -0.105  0.494 -0.097  1.000 -0.006  0.162 -0.085  0.187 -0.109 -0.738  0.448 -0.278 -0.184  0.217  0.059  0.150  0.033  0.038  0.085  0.039  0.013  0.234 -0.228  0.061  0.050  0.011  0.062  0.066 -0.352 -0.241  0.052  0.019
   0.153  0.069 -0.133  0.268  0.141 -0.103 -0.109 -0.072 -0.178 -0.046 -0.031  0.098 -0.183 -0.006  1.000  0.679 -0.694  0.793 -0.034 -0.012  0.021 -0.011  0.053 -0.010  0.043 -0.065  0.132  0.103 -0.028  0.175  0.154 -0.063 -0.056  0.034  0.125  0.107 -0.038 -0.007  0.127  0.017  0.156  0.143
   0.140  0.045 -0.111  0.320  0.205 -0.254  0.031  0.009 -0.056 -0.196 -0.160  0.051 -0.183  0.162  0.679  1.000 -0.236  0.679 -0.039 -0.122  0.167 -0.145 -0.247  0.329  0.340  0.184  0.147  0.105  0.024  0.265  0.228 -0.071 -0.050  0.045  0.201  0.164 -0.301 -0.141  0.103  0.092  0.228  0.211
  -0.047 -0.000  0.059 -0.108 -0.099  0.069  0.029  0.187  0.223 -0.252 -0.150 -0.080  0.097 -0.085 -0.694 -0.236  1.000 -0.856  0.073  0.028  0.059 -0.075 -0.302  0.252  0.376  0.250  0.086  0.045  0.094  0.119  0.085  0.152  0.201 -0.020  0.115  0.098 -0.387 -0.264  0.165  0.082  0.065  0.046
   0.067 -0.004 -0.070  0.219  0.171 -0.186  0.009 -0.124 -0.172  0.098  0.002  0.095 -0.164  0.187  0.793  0.679 -0.856  1.000 -0.075 -0.107  0.045 -0.016  0.074  0.024 -0.135 -0.066 -0.073 -0.045 -0.103 -0.040 -0.023 -0.202 -0.251  0.039 -0.053 -0.052  0.189  0.176 -0.178 -0.028 -0.007  0.005
   0.088 -0.092 -0.103 -0.388 -0.715  0.526 -0.542  0.085  0.080 -0.152 -0.113 -0.031 -0.099 -0.109 -0.034 -0.039  0.073 -0.075  1.000 -0.037  0.153 -0.240  0.173 -0.088  0.083 -0.251 -0.008 -0.008 -0.034  0.004  0.029 -0.067  0.009 -0.002 -0.035  0.083 -0.033 -0.013  0.021  0.077 -0.002  0.008
  -0.166 -0.107  0.154 -0.171 -0.087  0.120  0.082 -0.018 -0.016  0.292  0.335 -0.447  0.169 -0.738 -0.012 -0.122  0.028 -0.107 -0.037  1.000 -0.721  0.534  0.124 -0.147 -0.034 -0.111 -0.055 -0.072 -0.042 -0.064 -0.049 -0.010  0.383 -0.085 -0.062 -0.037 -0.037 -0.043  0.259  0.173 -0.049 -0.054
   0.138 -0.038 -0.134  0.127  0.067 -0.192  0.068 -0.000 -0.004 -0.340 -0.224  0.246 -0.265  0.448  0.021  0.167  0.059  0.045  0.153 -0.721  1.000 -0.942 -0.182  0.194  0.068  0.190  0.115 -0.110  0.067  0.162 -0.083  0.028 -0.103  0.039  0.118 -0.075 -0.068 -0.035 -0.055  0.310  0.116 -0.041
  -0.106  0.111  0.110 -0.067 -0.028  0.182 -0.120  0.013  0.015  0.304  0.145 -0.132  0.260 -0.278 -0.011 -0.145 -0.075 -0.016 -0.240  0.534 -0.942  1.000  0.199 -0.204 -0.076 -0.226 -0.104  0.113 -0.065 -0.141  0.043 -0.025 -0.011 -0.015 -0.072  0.041  0.090  0.053 -0.018 -0.382 -0.118  0.022
   0.069  0.062 -0.073 -0.442 -0.461  0.513 -0.292 -0.060 -0.063  0.279  0.232 -0.121  0.153 -0.184  0.053 -0.247 -0.302  0.074  0.173  0.124 -0.182  0.199  1.000 -0.962 -0.339 -0.970  0.017  0.014  0.052 -0.101 -0.104  0.047  0.106 -0.005 -0.195 -0.178  0.161  0.072  0.100 -0.096 -0.091 -0.084
  -0.099 -0.093  0.099  0.414  0.379 -0.452  0.196  0.061  0.064 -0.254 -0.257  0.156 -0.187  0.217 -0.010  0.329  0.252  0.024 -0.088 -0.147  0.194 -0.204 -0.962  1.000  0.286  0.912 -0.080 -0.067 -0.103  0.095  0.102 -0.100 -0.184  0.011  0.161  0.161 -0.122 -0.030 -0.194  0.113  0.073  0.068
   0.072  0.202 -0.021  0.276  0.129 -0.155 -0.035  0.106  0.082 -0.222 -0.161  0.051 -0.087  0.059  0.043  0.340  0.376 -0.135  0.083 -0.034  0.068 -0.076 -0.339  0.286  1.000  0.203  0.252  0.209  0.088  0.104  0.065  0.087  0.096  0.023  0.039  0.001 -0.371 -0.238  0.218 -0.080  0.141  0.126
  -0.059 -0.201  0.045  0.394  0.481 -0.529  0.370  0.036  0.043 -0.276 -0.203  0.075 -0.118  0.150 -0.065  0.184  0.250 -0.066 -0.251 -0.111  0.190 -0.226 -0.970  0.912  0.203  1.000 -0.057 -0.046 -0.059  0.068  0.079 -0.051 -0.085 -0.003  0.160  0.138 -0.106 -0.042 -0.112  0.120  0.061  0.057
   0.290  0.287 -0.208  0.219  0.106 -0.047 -0.049  0.224  0.170 -0.088 -0.046 -0.038  0.033  0.033  0.132  0.147  0.086 -0.073 -0.008 -0.055  0.115 -0.104  0.017 -0.080  0.252 -0.057  1.000  0.500  0.403  0.698  0.598  0.328  0.397  0.067  0.566  0.496 -0.263 -0.227  0.603  0.038  0.607  0.550
   0.236  0.205 -0.175  0.159  0.075 -0.032 -0.036  0.180  0.137 -0.056 -0.030 -0.003  0.028  0.038  0.103  0.105  0.045 -0.045 -0.008 -0.072 -0.110  0.113  0.014 -0.067  0.209 -0.046  0.500  1.000  0.338  0.532  0.656  0.279  0.311  0.055  0.430  0.541 -0.194 -0.171  0.475 -0.144  0.486  0.579
