# fitpack15: fit parameters                                                                         
# CJ15 AV18 final data choices                                                                      
# Created on 02/10/2020 at 18:09:13                                                                 

 # QCD setup
  INS                           0
  NVL                          11
  IORD                          1
  Q02                   1.6899999999999999     
  IPARAMC                       7
  FLAVOR                4.0000000000000000     
  xmc                   1.3000000000000000     
  xmb                   4.5000000000000000     
  ncb                          12
  ihq                           1
  ias                           0

 # Theory corrections
  inuke                     10114
  itmc                          1
  iht                           2

 # fit parameters
 LAMBDA       0.22680        0.0000    
 a0uv          1.5169        0.0000    
 a1uv         0.51844       0.30190E-01
 a2uv          3.6126       0.11688E-01
 a3uv          0.0000        0.0000    
 a4uv          6.5037        1.1005    
 a5uv          0.0000        0.0000    
 a0dv          15.942        0.0000    
 a1dv          1.0543       0.38776E-01
 a2dv          6.2369       0.20057    
 a3dv         -3.4061       0.12864    
 a4dv          4.8763       0.18672    
 a5dv          0.0000        0.0000    
 a0ud         0.13664       0.49318E-02
 a1ud        -0.21455       0.39051E-02
 a2ud          9.0692       0.18369    
 a3ud          0.0000        0.0000    
 a4ud          19.330        1.4747    
 a5ud          0.0000        0.0000    
 a0du          35712.        0.0000    
 a1du          4.1378       0.12746    
 a2du          22.013        1.3244    
 a3du          17.000        0.0000    
 a4du          56.462        14.448    
 a0g           43.889        0.0000    
 a1g          0.59275       0.28352E-01
 a2g           5.8574       0.78721    
 a3g          -3.3673       0.12037    
 a4g           3.2031       0.26072    
 a5g           0.0000        0.0000    
 kappa        0.40000        0.0000    
 a6dv        -0.18361E-02   0.14807E-02
 a7dv          2.0000        0.0000    
 off1         0.22975E-01   0.11996    
 off2         -1.9494       0.74839    
 off3          3.8187        1.0828    
 ht1          -3.9777        1.2293    
 ht2           2.2871       0.26351    
 ht3          -2.1164       0.31863E-01
 ht4           2.6264       0.18706    
 dummy41       0.0000        0.0000    
 dummy42       0.0000        0.0000    
 dummy43       0.0000        0.0000    
 dummy44       0.0000        0.0000    
 dummy45       0.0000        0.0000    
 dummy46       0.0000        0.0000    
 dummy47       0.0000        0.0000    
 dummy48       0.0000        0.0000    
 dummy49       0.0000        0.0000    
 bcdmsh2      0.97141       0.49436E-02
 bcdmsd2      0.99473       0.59337E-02
 ccfr          1.0000        0.0000    
 nutev         1.0000        0.0000    
 zeus         0.97998        0.0000    
 h1            1.0162        0.0000    
 e605          1.0319        0.0000    
 NmcH2         1.0090       0.72043E-02
 ntv_nu        1.0000        0.0000    
 ntv_nuba      1.0000        0.0000    
 cdf_jet      0.98910        0.0000    
 d0_jet       0.83504        0.0000    
 slac_p        1.0026       0.49963E-02
 slac_d        1.0028       0.54046E-02
 e866pp        1.0120       0.20891E-01
 e866pd       0.97629       0.17700E-01
 d0_gamje      1.0375       0.16517E-01
 h1b          0.97608        0.0000    
 jlab_p       0.98615       0.58756E-02
 jlab_d       0.97801       0.60732E-02
 blank         1.0000        0.0000    
 d0run2       0.94824       0.15217E-01
 cdfrun2      0.93412       0.17703E-01
 HERA_el       1.0000        0.0000    
 HERA_ps       1.0000        0.0000    
 CDF_Z        0.94809       0.67510E-02
 NmcRat        1.0000        0.0000    
 BNS_F2nd     0.95364       0.72677E-02
 HERMES_F     0.99573       0.57062E-02
 HERMES_F     0.97907       0.59119E-02
 END 0. 0.

 # Hessian matrix (Bevington alpha)
   0.50524537688043E+07 -0.11923235108165E+07  0.13282766501846E+06  0.45089016889318E+06 -0.12976922913555E+06 -0.10390888146494E+05  0.52706552562218E+05  0.10270400164600E+07 -0.19283595167521E+06 -0.46482283687138E+05  0.61083705473058E+04  0.11617819962984E+05  0.11879452094411E+04 -0.10479592172426E+03  0.14270645687464E+05 -0.33144885625990E+04  0.18621384624671E+05  0.13149594752994E+05 -0.42598439813481E+07 -0.64514878850536E+05 -0.27285518051239E+05 -0.12722648167557E+05 -0.19763729897476E+05 -0.12195314385072E+05 -0.26019969798235E+06 -0.10091012639176E+06 -0.13673842526156E+06 -0.57597524640900E+05 -0.59650151679282E+04 -0.87362801017930E+06 -0.11179317401093E+07 -0.21155036502774E+05 -0.48702053957826E+05 -0.33415272320264E+04 -0.19418222827443E+06 -0.20977975976249E+06 -0.91227689341427E+04 -0.32430905644506E+04 -0.21929155197348E+05  0.18669810341650E+05 -0.78220225115644E+05 -0.61296720616527E+05
  -0.11923235108165E+07  0.34832267725517E+06 -0.31543329851856E+05 -0.11313771353924E+06  0.33674547465285E+05  0.37071780900666E+04 -0.11428569315516E+05 -0.11596011430090E+06  0.25223581982217E+05  0.59898836547810E+04 -0.64759478945091E+03 -0.83797479807618E+03 -0.86165730783588E+02  0.12052376791233E+02  0.10897001886527E+03  0.54028711523118E+02 -0.24833152358276E+03 -0.16893501927168E+03  0.13423345822377E+07  0.15282577326548E+05  0.73641043402563E+04  0.37720283485883E+04  0.87537461546025E+04  0.11090785174570E+05  0.74551227894492E+05  0.39928311698992E+05  0.16969264801669E+05  0.82864848230682E+04 -0.14311316373587E+03  0.20001917955301E+06  0.24820173619262E+06  0.56034987700797E+04  0.13116585306362E+05  0.42433675250764E+03  0.58605057632180E+05  0.62746499072363E+05  0.23199535154279E+04  0.74120961655651E+03 -0.19636752776269E+04 -0.24109594221419E+04  0.87205903216756E+04  0.72382538522145E+04
   0.13282766501846E+06 -0.31543329851856E+05  0.35079758824887E+04  0.11383403755121E+05 -0.34030861561982E+04 -0.43453242029180E+03  0.13234213223823E+04  0.21070341128857E+05 -0.38514266057676E+04 -0.11066040588307E+04  0.12708626016700E+03  0.24643828130684E+03  0.27713770956724E+02 -0.29738503596270E+01 -0.66303977070305E+02 -0.38840505680082E+02  0.52601853789550E+02  0.10777386584889E+03 -0.11214468632613E+06 -0.16816601842458E+04 -0.71508913474543E+03 -0.33408003705601E+03 -0.52834553078728E+03 -0.37992481242641E+03 -0.68467720243985E+04 -0.26501653959681E+04 -0.35174308384580E+04 -0.14753013391431E+04 -0.10450955187820E+02 -0.22535907737429E+05 -0.28984961141003E+05 -0.55933570650391E+03 -0.12908654646861E+04 -0.77703404341986E+02 -0.51295604508509E+04 -0.55421196421931E+04 -0.23946675316736E+03 -0.84988865121658E+02 -0.16550283916630E+03  0.48687512033152E+03 -0.17502469515327E+04 -0.13942050131814E+04
   0.45089016889318E+06 -0.11313771353924E+06  0.11383403755121E+05  0.41293231545204E+06 -0.64708224154602E+05  0.68065748414755E+05  0.57884923802033E+05  0.38762275681691E+06 -0.30328472760840E+05 -0.17601558476119E+05  0.27663578313644E+04 -0.13084750350401E+04 -0.12943969954375E+03  0.54959490396555E+02  0.32928451692329E+05 -0.42827638387843E+04  0.33558325778099E+05  0.19347473645166E+05 -0.13078065891332E+07 -0.18698379643402E+05 -0.72569277387839E+04 -0.30385014626942E+04 -0.13347076261284E+04  0.28819315861456E+04 -0.46374790356875E+05 -0.10194878734258E+05 -0.13089737963841E+05 -0.21737550780619E+05 -0.18530083420026E+03 -0.66062310103345E+05 -0.34204835854612E+06 -0.12316623322357E+04 -0.24373211894699E+04 -0.70047003832432E+02 -0.10799632989425E+05 -0.46991782765323E+05 -0.23883625419251E+04 -0.94030379009331E+03 -0.11015041869811E+05 -0.18271190138095E+05 -0.76307958190776E+04 -0.22608090049708E+05
  -0.12976922913555E+06  0.33674547465285E+05 -0.34030861561982E+04 -0.64708224154602E+05  0.12579800554234E+05 -0.71911585817304E+04 -0.85772524738748E+04 -0.32667980808553E+05  0.14827494801540E+03  0.21483637286311E+04 -0.25598196955840E+03 -0.52909496956060E+01  0.46005203376351E+01 -0.47987842717781E+01 -0.28376114454389E+04  0.38330932836026E+03 -0.27895264322912E+04 -0.16371785608910E+04  0.31593439510369E+06  0.36470220393282E+04  0.16111573094751E+04  0.73747083032402E+03  0.72971516197112E+03  0.62797410031272E+03  0.11111469981501E+05  0.34968498327191E+04  0.20297608964741E+04  0.34697246653880E+04 -0.50408942521218E+02  0.12531084879697E+05  0.65759069217593E+05  0.32536662607890E+03  0.62401527037483E+03  0.90583192875299E+01  0.30346435307423E+04  0.13024461283936E+05  0.49463132648727E+03  0.18169926279624E+03  0.38805129972284E+03  0.28674425892555E+04  0.86236096872457E+03  0.26536224314251E+04
  -0.10390888146494E+05  0.37071780900666E+04 -0.43453242029180E+03  0.68065748414755E+05 -0.71911585817304E+04  0.16469468570748E+05  0.10383263857343E+05  0.97464538370732E+05 -0.93605130771854E+04 -0.37350394053162E+04  0.68166982496143E+03 -0.49105528514177E+03 -0.43677530315764E+02  0.14845057592731E+02  0.80430002066220E+04 -0.10587911149802E+04  0.84217624006202E+04  0.48932920664298E+04 -0.63329076037767E+05 -0.19806441547026E+04 -0.52052429391359E+03 -0.13388360139578E+03  0.48116596063740E+03  0.20075122317504E+04 -0.21635043250706E+04  0.80398783007619E+03 -0.21939470281085E+04 -0.34427440605887E+04  0.73868547448088E+02 -0.78283667329646E+04 -0.38356062494102E+05 -0.12892282703543E+02 -0.55198797154989E+02 -0.14724005442588E+02  0.23041986897375E+02 -0.61841130763860E+02 -0.22396436333282E+03 -0.10870972128043E+03 -0.27202788839340E+04 -0.30169755741326E+04 -0.15915926267810E+04 -0.45970216625491E+04
   0.52706552562218E+05 -0.11428569315516E+05  0.13234213223823E+04  0.57884923802033E+05 -0.85772524738748E+04  0.10383263857343E+05  0.84631840402590E+04  0.52768468354442E+05 -0.29101054170338E+04 -0.26120460478429E+04  0.38903770293707E+03 -0.16992313479373E+03 -0.18359353066727E+02  0.79237813368672E+01  0.42751333979248E+04 -0.57972736959659E+03  0.43191204033057E+04  0.25528209939002E+04 -0.14846949802274E+06 -0.23995563839727E+04 -0.88545996036918E+03 -0.34416662980226E+03  0.38045834771080E+02  0.88855351745494E+03 -0.53650391007034E+04 -0.63938771549450E+03 -0.20515730991242E+04 -0.32783412756099E+04  0.94301917287144E+02 -0.89121827238532E+04 -0.46289697281433E+05 -0.14094705177501E+03 -0.27458648124256E+03 -0.10722796172649E+02 -0.10395500545615E+04 -0.46070986815224E+04 -0.31543636834371E+03 -0.13040316995932E+03 -0.11651017606924E+04 -0.29512652217082E+04 -0.10077389097250E+04 -0.30104864910292E+04
   0.10270400164600E+07 -0.11596011430090E+06  0.21070341128857E+05  0.38762275681691E+06 -0.32667980808553E+05  0.97464538370732E+05  0.52768468354442E+05  0.60730130546957E+07 -0.25834389145355E+07 -0.93943438836903E+05  0.24775089447775E+05  0.22080933443906E+05  0.14264066170450E+04  0.95274168579568E+02  0.99448950922691E+05 -0.13105002223856E+05  0.11776932784964E+06  0.64885074711567E+05 -0.30997000563395E+06 -0.38628631917080E+05 -0.72612082767757E+04 -0.18485163242374E+04  0.75490439422883E+04  0.41982332814962E+05 -0.30598318824044E+05  0.61279795902548E+04 -0.63352028488376E+05 -0.49974684233196E+05 -0.76466058014335E+05 -0.30729744916056E+06 -0.58749396525687E+06 -0.75225165114524E+05 -0.17180710962895E+06 -0.15727508990079E+04 -0.43111564509024E+04 -0.84396962184406E+04  0.89092213795322E+03  0.50928668514072E+03 -0.29428820134085E+06 -0.90627619690590E+04 -0.15724795437048E+06 -0.19036579938643E+06
  -0.19283595167521E+06  0.25223581982217E+05 -0.38514266057676E+04 -0.30328472760840E+05  0.14827494801540E+03 -0.93605130771854E+04 -0.29101054170338E+04 -0.25834389145355E+07  0.19472946472864E+07  0.20200701085801E+05 -0.60458840647857E+04 -0.47304916868829E+04 -0.25768129554400E+03 -0.13448944397955E+02  0.47111769767509E+05 -0.22090654418841E+04  0.16491302705648E+05  0.84095224040674E+04 -0.25046247844911E+05  0.94108749147871E+04  0.14276189774656E+04  0.31420668395117E+03 -0.17208740604578E+04 -0.99679925949626E+04  0.48948167013509E+04 -0.13543809908680E+04  0.11289391028364E+05  0.10507982068688E+05  0.26160176902903E+05  0.68707318026000E+05  0.12729345873371E+06  0.22641685673491E+05  0.51862504814430E+05  0.22677057317790E+03  0.51444498965669E+03  0.10122269898625E+04 -0.14141225744971E+04 -0.75603402787541E+03  0.11745814362684E+06  0.15776746006234E+04  0.47620747980170E+05  0.57209421728162E+05
  -0.46482283687138E+05  0.59898836547810E+04 -0.11066040588307E+04 -0.17601558476119E+05  0.21483637286311E+04 -0.37350394053162E+04 -0.26120460478429E+04 -0.93943438836903E+05  0.20200701085801E+05  0.25426810436211E+04 -0.53018522890866E+03 -0.49562572926112E+03 -0.41138060262981E+02 -0.15765788684060E+01 -0.40941163400351E+04  0.53736329149834E+03 -0.43303152201425E+04 -0.25155330318982E+04  0.28449747661256E+05  0.12013964448864E+04  0.30967635136994E+03  0.96124563559770E+02 -0.21488388460981E+03 -0.11691710562154E+04  0.17030757624571E+04 -0.13928050442028E+03  0.25913873801786E+04  0.17569845550098E+04  0.75338017850525E+03  0.10461471015475E+05  0.21179820319988E+05  0.13971865061873E+04  0.31405533370219E+04  0.44649318655844E+02  0.37747500801654E+03  0.71576967245350E+03  0.10550178154824E+03  0.48557388443713E+02  0.31573834163229E+04  0.42846822172826E+03  0.28971469720568E+04  0.35830290877740E+04
   0.61083705473058E+04 -0.64759478945091E+03  0.12708626016700E+03  0.27663578313644E+04 -0.25598196955840E+03  0.68166982496143E+03  0.38903770293707E+03  0.24775089447775E+05 -0.60458840647857E+04 -0.53018522890866E+03  0.13076640371224E+03  0.12601644447910E+03  0.86621632739755E+01  0.53622404223124E+00  0.11061466797731E+04 -0.12811173344588E+03  0.11105551268042E+04  0.61671704891112E+03 -0.27002604661546E+04 -0.20432733703805E+03 -0.41502524678918E+02 -0.10948471436347E+02  0.41618465373302E+02  0.22712205377020E+03 -0.18355396031273E+03  0.34580189059849E+02 -0.37728309724732E+03 -0.28143985409640E+03 -0.31228139604012E+03 -0.16903610049111E+04 -0.32649359887439E+04 -0.35475408395397E+03 -0.80920635233890E+03 -0.98086973335759E+01 -0.26558789952010E+02 -0.52105661129784E+02 -0.72795787783296E+01 -0.36829953600621E+01 -0.10334749431706E+04 -0.53615684473224E+02 -0.74075048177158E+03 -0.90122561827228E+03
   0.11617819962984E+05 -0.83797479807618E+03  0.24643828130684E+03 -0.13084750350401E+04 -0.52909496956060E+01 -0.49105528514177E+03 -0.16992313479373E+03  0.22080933443906E+05 -0.47304916868829E+04 -0.49562572926112E+03  0.12601644447910E+03  0.90885596931733E+03  0.59057130894539E+02 -0.10520384737232E+01  0.10431258462616E+04 -0.15536848946162E+03  0.13827408011909E+04  0.80673373192508E+03 -0.26955176039815E+04  0.20065011620570E+03  0.19048457376467E+02  0.10134326311817E+00  0.33349051960585E+02  0.20339746732166E+03 -0.38900755448804E+02  0.22845343916401E+02 -0.74191454366496E+03 -0.20738395193450E-10 -0.51984742741861E+03 -0.35502964573174E+04  0.25183051034613E-09 -0.16023507582398E+04 -0.33448167841120E+02 -0.57215902111112E+02 -0.42452088951663E-01  0.14837045683961E-10 -0.12187529909737E+01 -0.53445331350586E+00  0.12424925170749E+03  0.18573137488528E+03 -0.20239517406153E+04 -0.74364045368018E-10
   0.11879452094411E+04 -0.86165730783588E+02  0.27713770956724E+02 -0.12943969954375E+03  0.46005203376351E+01 -0.43677530315764E+02 -0.18359353066727E+02  0.14264066170450E+04 -0.25768129554400E+03 -0.41138060262981E+02  0.86621632739755E+01  0.59057130894539E+02  0.49627041552837E+01 -0.12202725671856E+00  0.58038310204508E+02 -0.10378246270690E+02  0.84518120416485E+02  0.52926975299780E+02 -0.12469714458027E+03  0.10739252596501E+02  0.13594505039739E+01  0.17703444716482E-01  0.36672687729535E+01  0.20347441237938E+02 -0.61567956938437E+01  0.30363567097875E+01 -0.10028906201120E+03 -0.42137494042189E-12 -0.20253063230921E+02 -0.38443267723671E+03  0.19637184985954E-10 -0.98045733705223E+02 -0.79330039676545E+01 -0.44069596168298E+01 -0.27417629295959E-01  0.16894282599282E-13 -0.11817325586389E+00 -0.47515847255315E-01  0.14103787510090E+02  0.38940403667357E+02 -0.14214763622616E+03  0.26374851485094E-11
  -0.10479592172426E+03  0.12052376791233E+02 -0.29738503596270E+01  0.54959490396555E+02 -0.47987842717781E+01  0.14845057592731E+02  0.79237813368672E+01  0.95274168579568E+02 -0.13448944397955E+02 -0.15765788684060E+01  0.53622404223124E+00 -0.10520384737232E+01 -0.12202725671856E+00  0.41099026447690E-01  0.12708009027326E+02 -0.97382901385266E+00  0.90155563792957E+01  0.43451181786648E+01 -0.46801083764975E+02  0.12486928645588E+01 -0.33827332418462E-01 -0.17252988943268E-01 -0.36527424873606E-02  0.18843713590455E-01 -0.33534460642848E-02 -0.15382285967412E-01  0.59237641904642E-01 -0.13700332129133E-12 -0.50266259933452E+01 -0.52608986767942E+00 -0.22382034426048E-11 -0.22521063000526E+01 -0.56353160983007E-05 -0.11232672755909E+00  0.10970978984582E-13 -0.85165469831774E-13 -0.13485406771854E-02 -0.74660625432573E-03 -0.21200281025378E+01  0.14407631613812E-04 -0.23765779371929E+01  0.19475462825375E-12
   0.14270645687464E+05  0.10897001886527E+03 -0.66303977070305E+02  0.32928451692329E+05 -0.28376114454389E+04  0.80430002066220E+04  0.42751333979248E+04  0.99448950922691E+05  0.47111769767509E+05 -0.40941163400351E+04  0.11061466797731E+04  0.10431258462616E+04  0.58038310204508E+02  0.12708009027326E+02  0.51608082905095E+05 -0.50610703997173E+04  0.43871171989451E+05  0.23606211395098E+05 -0.37498687923805E+05  0.44412543707796E+02  0.58706611975322E+02  0.27538393086244E+02 -0.15926176384447E+02 -0.13199957102821E+03  0.84215310049204E+03  0.59574962158789E+02 -0.29943443741699E+04 -0.19463357798631E+04 -0.24941478481963E+04  0.19116876295173E+04  0.42757024362066E+04 -0.14291756561511E+04 -0.29575916355389E+04 -0.74633497064259E+03  0.34467653948603E+03  0.58223088712968E+03 -0.31084710993273E+04 -0.16155559516218E+04 -0.20991237451358E+04  0.23234391090325E+03 -0.97031213501042E+03 -0.10950060629614E+04
  -0.33144885625990E+04  0.54028711523118E+02 -0.38840505680082E+02 -0.42827638387843E+04  0.38330932836026E+03 -0.10587911149802E+04 -0.57972736959659E+03 -0.13105002223856E+05 -0.22090654418841E+04  0.53736329149834E+03 -0.12811173344588E+03 -0.15536848946162E+03 -0.10378246270690E+02 -0.97382901385266E+00 -0.50610703997173E+04  0.58839401014135E+03 -0.49804295050797E+04 -0.27903556566796E+04  0.49190083654332E+04  0.97691630545461E+01 -0.83196549717785E+01 -0.53302405950725E+01 -0.97493327499101E+01 -0.28446122055462E+02 -0.18523493228588E+03 -0.34900093160965E+02  0.60338004214127E+03  0.37728622329747E+03  0.29720520370880E+03 -0.11369189521062E+03 -0.43057194424427E+03  0.15934055693860E+03  0.32598546401405E+03  0.87970422250402E+02 -0.10006135477703E+03 -0.16642556713188E+03  0.52700610929076E+03  0.25205665994537E+03 -0.43256633586953E+03 -0.41894667216995E+02  0.29126485582446E+03  0.32826351006134E+03
   0.18621384624671E+05 -0.24833152358276E+03  0.52601853789550E+02  0.33558325778099E+05 -0.27895264322912E+04  0.84217624006202E+04  0.43191204033057E+04  0.11776932784964E+06  0.16491302705648E+05 -0.43303152201425E+04  0.11105551268042E+04  0.13827408011909E+04  0.84518120416485E+02  0.90155563792957E+01  0.43871171989451E+05 -0.49804295050797E+04  0.43246044087703E+05  0.23937991038600E+05 -0.37981690320998E+05  0.18594979156250E+02  0.71921264877245E+02  0.30473031177482E+02 -0.85666192448992E+02 -0.30357321249089E+03  0.87436769296700E+03 -0.11682060918884E+03 -0.36138595225170E+04 -0.22910303896833E+04 -0.29620476403484E+04  0.26589224464441E+04  0.60122681615275E+04 -0.13968803823112E+04 -0.28989475502127E+04 -0.75676527376334E+03  0.13281367038785E+03  0.24812850390324E+03 -0.34123575741898E+04 -0.18076355916475E+04  0.22753595762621E+04  0.38283751897010E+03 -0.22360221452844E+04 -0.24872713534911E+04
   0.13149594752994E+05 -0.16893501927168E+03  0.10777386584889E+03  0.19347473645166E+05 -0.16371785608910E+04  0.48932920664298E+04  0.25528209939002E+04  0.64885074711567E+05  0.84095224040674E+04 -0.25155330318982E+04  0.61671704891112E+03  0.80673373192508E+03  0.52926975299780E+02  0.43451181786648E+01  0.23606211395098E+05 -0.27903556566796E+04  0.23937991038600E+05  0.13421224897888E+05 -0.21888574693435E+05 -0.17020288716158E+02  0.43991086182375E+02  0.21813748044167E+02 -0.24457877853469E+02 -0.70362747870267E+02  0.68330604654402E+03 -0.18102408008520E+02 -0.25622932600041E+04 -0.15919900652778E+04 -0.15166275554644E+04  0.12147021743147E+04  0.32492725835808E+04 -0.73130282703564E+03 -0.15133745791000E+04 -0.42750983542863E+03  0.17966905381081E+03  0.31665368833256E+03 -0.22590102741686E+04 -0.11461516765003E+04  0.21721761850592E+04  0.25994652361633E+03 -0.15415543052809E+04 -0.17188185552327E+04
  -0.42598439813481E+07  0.13423345822377E+07 -0.11214468632613E+06 -0.13078065891332E+07  0.31593439510369E+06 -0.63329076037767E+05 -0.14846949802274E+06 -0.30997000563395E+06 -0.25046247844911E+05  0.28449747661256E+05 -0.27002604661546E+04 -0.26955176039815E+04 -0.12469714458027E+03 -0.46801083764975E+02 -0.37498687923805E+05  0.49190083654332E+04 -0.37981690320998E+05 -0.21888574693435E+05  0.11715443416878E+08  0.10338852734376E+06  0.52612254995883E+05  0.27485396613922E+05  0.45488147350841E+05  0.61010182355702E+05  0.37406544615994E+06  0.20362462407489E+06  0.22032954396165E+05  0.48891878297953E+05 -0.65303588382633E+03  0.34480357925229E+06  0.16773351499000E+07  0.10190198455250E+05  0.20204722095963E+05  0.13190161267102E+03  0.10895256959340E+06  0.46148629636480E+06  0.15181582683657E+05  0.48085373757014E+04 -0.11125652585708E+05  0.31720194418134E+05  0.13217475423561E+05  0.40699584668092E+05
  -0.64514878850536E+05  0.15282577326548E+05 -0.16816601842458E+04 -0.18698379643402E+05  0.36470220393282E+04 -0.19806441547026E+04 -0.23995563839727E+04 -0.38628631917080E+05  0.94108749147871E+04  0.12013964448864E+04 -0.20432733703805E+03  0.20065011620570E+03  0.10739252596501E+02  0.12486928645588E+01  0.44412543707796E+02  0.97691630545461E+01  0.18594979156250E+02 -0.17020288716158E+02  0.10338852734376E+06  0.29580740860905E+04  0.97687129290064E+03  0.41688605671197E+03  0.26312811065464E+03 -0.18791193651137E+03  0.47393912961500E+04  0.16857777463875E+04  0.00000000000000E+00  0.25879405967633E+04  0.00000000000000E+00  0.00000000000000E+00  0.40939471422746E+05  0.00000000000000E+00  0.00000000000000E+00  0.00000000000000E+00  0.00000000000000E+00  0.57703634518472E+04  0.00000000000000E+00  0.00000000000000E+00  0.00000000000000E+00 -0.17292549680723E+04  0.00000000000000E+00  0.42347267348585E+04
  -0.27285518051239E+05  0.73641043402563E+04 -0.71508913474543E+03 -0.72569277387839E+04  0.16111573094751E+04 -0.52052429391359E+03 -0.88545996036918E+03 -0.72612082767757E+04  0.14276189774656E+04  0.30967635136994E+03 -0.41502524678918E+02  0.19048457376467E+02  0.13594505039739E+01 -0.33827332418462E-01  0.58706611975322E+02 -0.83196549717785E+01  0.71921264877245E+02  0.43991086182375E+02  0.52612254995883E+05  0.97687129290064E+03  0.41428724346379E+03  0.19654222025427E+03  0.19697138732958E+03  0.15015777484759E+03  0.22124569681947E+04  0.99812737092295E+03  0.00000000000000E+00  0.67134066278512E+03  0.00000000000000E+00  0.00000000000000E+00  0.15182926325617E+05  0.00000000000000E+00  0.00000000000000E+00  0.00000000000000E+00  0.00000000000000E+00  0.28925070216621E+04  0.00000000000000E+00  0.00000000000000E+00  0.00000000000000E+00 -0.53352032625563E+03  0.00000000000000E+00  0.87799239019905E+03
  -0.12722648167557E+05  0.37720283485883E+04 -0.33408003705601E+03 -0.30385014626942E+04  0.73747083032402E+03 -0.13388360139578E+03 -0.34416662980226E+03 -0.18485163242374E+04  0.31420668395117E+03  0.96124563559770E+02 -0.10948471436347E+02  0.10134326311817E+00  0.17703444716482E-01 -0.17252988943268E-01  0.27538393086244E+02 -0.53302405950725E+01  0.30473031177482E+02  0.21813748044167E+02  0.27485396613922E+05  0.41688605671197E+03  0.19654222025427E+03  0.99603016727922E+02  0.12309864767416E+03  0.13690468060655E+03  0.11014976971428E+04  0.58607696423616E+03  0.00000000000000E+00  0.19590863491655E+03  0.00000000000000E+00  0.00000000000000E+00  0.65110810526800E+04  0.00000000000000E+00  0.00000000000000E+00  0.00000000000000E+00  0.00000000000000E+00  0.14873410591681E+04  0.00000000000000E+00  0.00000000000000E+00  0.00000000000000E+00 -0.17174008310164E+03  0.00000000000000E+00  0.25898435431073E+03
  -0.19763729897476E+05  0.87537461546025E+04 -0.52834553078728E+03 -0.13347076261284E+04  0.72971516197112E+03  0.48116596063740E+03  0.38045834771080E+02  0.75490439422883E+04 -0.17208740604578E+04 -0.21488388460981E+03  0.41618465373302E+02  0.33349051960585E+02  0.36672687729535E+01 -0.36527424873606E-02 -0.15926176384447E+02 -0.97493327499101E+01 -0.85666192448992E+02 -0.24457877853469E+02  0.45488147350841E+05  0.26312811065464E+03  0.19697138732958E+03  0.12309864767416E+03  0.44988426833743E+03  0.82725765970484E+03  0.22114299095303E+04  0.17952585895625E+04 -0.73353513645611E+02 -0.44226599910346E+02  0.16445933981922E+01  0.12630023356027E+04  0.20447342975532E+04  0.00000000000000E+00  0.00000000000000E+00  0.00000000000000E+00  0.19838212124766E+04  0.31918296892856E+04  0.00000000000000E+00  0.00000000000000E+00  0.00000000000000E+00 -0.16419372712315E+03 -0.33803245157451E+03 -0.37197593451466E+03
  -0.12195314385072E+05  0.11090785174570E+05 -0.37992481242641E+03  0.28819315861456E+04  0.62797410031272E+03  0.20075122317504E+04  0.88855351745494E+03  0.41982332814962E+05 -0.99679925949626E+04 -0.11691710562154E+04  0.22712205377020E+03  0.20339746732166E+03  0.20347441237938E+02  0.18843713590455E-01 -0.13199957102821E+03 -0.28446122055462E+02 -0.30357321249089E+03 -0.70362747870267E+02  0.61010182355702E+05 -0.18791193651137E+03  0.15015777484759E+03  0.13690468060655E+03  0.82725765970484E+03  0.21781437530921E+04  0.26168402072889E+04  0.26054926907905E+04 -0.21178440480311E+03 -0.14943131116729E+03 -0.41432032725092E+02 -0.49027555592872E+04 -0.85699805236251E+04  0.00000000000000E+00  0.00000000000000E+00  0.00000000000000E+00  0.32596926430467E+04  0.51405887618228E+04  0.00000000000000E+00  0.00000000000000E+00  0.00000000000000E+00 -0.64627221332167E+03 -0.21138322261366E+04 -0.23285879124364E+04
  -0.26019969798235E+06  0.74551227894492E+05 -0.68467720243985E+04 -0.46374790356875E+05  0.11111469981501E+05 -0.21635043250706E+04 -0.53650391007034E+04 -0.30598318824044E+05  0.48948167013509E+04  0.17030757624571E+04 -0.18355396031273E+03 -0.38900755448804E+02 -0.61567956938437E+01 -0.33534460642848E-02  0.84215310049204E+03 -0.18523493228588E+03  0.87436769296700E+03  0.68330604654402E+03  0.37406544615994E+06  0.47393912961500E+04  0.22124569681947E+04  0.11014976971428E+04  0.22114299095303E+04  0.26168402072889E+04  0.22173125460957E+05  0.10112632064207E+05  0.23903354898998E+03  0.18017698903096E+03  0.84579171388611E-01  0.39805361130996E+05  0.78900623381264E+05  0.00000000000000E+00  0.00000000000000E+00  0.00000000000000E+00  0.15295650937454E+05  0.24703935742303E+05  0.00000000000000E+00  0.00000000000000E+00  0.00000000000000E+00  0.15809910684751E+04  0.17107701262634E+04  0.20844622642199E+04
  -0.10091012639176E+06  0.39928311698992E+05 -0.26501653959681E+04 -0.10194878734258E+05  0.34968498327191E+04  0.80398783007619E+03 -0.63938771549450E+03  0.61279795902548E+04 -0.13543809908680E+04 -0.13928050442028E+03  0.34580189059849E+02  0.22845343916401E+02  0.30363567097875E+01 -0.15382285967412E-01  0.59574962158789E+02 -0.34900093160965E+02 -0.11682060918884E+03 -0.18102408008520E+02  0.20362462407489E+06  0.16857777463875E+04  0.99812737092295E+03  0.58607696423616E+03  0.17952585895625E+04  0.26054926907905E+04  0.10112632064207E+05  0.79929310117389E+04 -0.21846981403665E+03 -0.11680910927718E+03  0.11910828374342E+02  0.12100139048779E+05  0.20301112135579E+05  0.00000000000000E+00  0.00000000000000E+00  0.00000000000000E+00  0.76839723290500E+04  0.12611888999256E+05  0.00000000000000E+00  0.00000000000000E+00  0.00000000000000E+00 -0.26313178657325E+03 -0.15172684373802E+03 -0.15400947966080E+03
  -0.13673842526156E+06  0.16969264801669E+05 -0.35174308384580E+04 -0.13089737963841E+05  0.20297608964741E+04 -0.21939470281085E+04 -0.20515730991242E+04 -0.63352028488376E+05  0.11289391028364E+05  0.25913873801786E+04 -0.37728309724732E+03 -0.74191454366496E+03 -0.10028906201120E+03  0.59237641904642E-01 -0.29943443741699E+04  0.60338004214127E+03 -0.36138595225170E+04 -0.25622932600041E+04  0.22032954396165E+05  0.00000000000000E+00  0.00000000000000E+00  0.00000000000000E+00 -0.73353513645611E+02 -0.21178440480311E+03  0.23903354898998E+03 -0.21846981403665E+03  0.11663146582749E+06  0.00000000000000E+00  0.00000000000000E+00  0.00000000000000E+00  0.00000000000000E+00  0.00000000000000E+00  0.00000000000000E+00  0.00000000000000E+00  0.00000000000000E+00  0.00000000000000E+00  0.00000000000000E+00  0.00000000000000E+00  0.00000000000000E+00  0.00000000000000E+00  0.00000000000000E+00  0.00000000000000E+00
  -0.57597524640900E+05  0.82864848230682E+04 -0.14753013391431E+04 -0.21737550780619E+05  0.34697246653880E+04 -0.34427440605887E+04 -0.32783412756099E+04 -0.49974684233196E+05  0.10507982068688E+05  0.17569845550098E+04 -0.28143985409640E+03 -0.20738395193450E-10 -0.42137494042189E-12 -0.13700332129133E-12 -0.19463357798631E+04  0.37728622329747E+03 -0.22910303896833E+04 -0.15919900652778E+04  0.48891878297953E+05  0.25879405967633E+04  0.67134066278512E+03  0.19590863491655E+03 -0.44226599910346E+02 -0.14943131116729E+03  0.18017698903096E+03 -0.11680910927718E+03  0.00000000000000E+00  0.64410002474370E+05  0.00000000000000E+00  0.00000000000000E+00  0.00000000000000E+00  0.00000000000000E+00  0.00000000000000E+00  0.00000000000000E+00  0.00000000000000E+00  0.00000000000000E+00  0.00000000000000E+00  0.00000000000000E+00  0.00000000000000E+00  0.00000000000000E+00  0.00000000000000E+00  0.00000000000000E+00
  -0.59650151679282E+04 -0.14311316373587E+03 -0.10450955187820E+02 -0.18530083420026E+03 -0.50408942521218E+02  0.73868547448088E+02  0.94301917287144E+02 -0.76466058014335E+05  0.26160176902903E+05  0.75338017850525E+03 -0.31228139604012E+03 -0.51984742741861E+03 -0.20253063230921E+02 -0.50266259933452E+01 -0.24941478481963E+04  0.29720520370880E+03 -0.29620476403484E+04 -0.15166275554644E+04 -0.65303588382633E+03  0.00000000000000E+00  0.00000000000000E+00  0.00000000000000E+00  0.16445933981922E+01 -0.41432032725092E+02  0.84579171388611E-01  0.11910828374342E+02  0.00000000000000E+00  0.00000000000000E+00  0.30670900790647E+05  0.00000000000000E+00  0.00000000000000E+00  0.00000000000000E+00  0.00000000000000E+00  0.00000000000000E+00  0.00000000000000E+00  0.00000000000000E+00  0.00000000000000E+00  0.00000000000000E+00  0.00000000000000E+00  0.00000000000000E+00  0.00000000000000E+00  0.00000000000000E+00
  -0.87362801017930E+06  0.20001917955301E+06 -0.22535907737429E+05 -0.66062310103345E+05  0.12531084879697E+05 -0.78283667329646E+04 -0.89121827238532E+04 -0.30729744916056E+06  0.68707318026000E+05  0.10461471015475E+05 -0.16903610049111E+04 -0.35502964573174E+04 -0.38443267723671E+03 -0.52608986767942E+00  0.19116876295173E+04 -0.11369189521062E+03  0.26589224464441E+04  0.12147021743147E+04  0.34480357925229E+06  0.00000000000000E+00  0.00000000000000E+00  0.00000000000000E+00  0.12630023356027E+04 -0.49027555592872E+04  0.39805361130996E+05  0.12100139048779E+05  0.00000000000000E+00  0.00000000000000E+00  0.00000000000000E+00  0.58001617414572E+06  0.00000000000000E+00  0.00000000000000E+00  0.00000000000000E+00  0.00000000000000E+00  0.00000000000000E+00  0.00000000000000E+00  0.00000000000000E+00  0.00000000000000E+00  0.00000000000000E+00  0.00000000000000E+00  0.00000000000000E+00  0.00000000000000E+00
  -0.11179317401093E+07  0.24820173619262E+06 -0.28984961141003E+05 -0.34204835854612E+06  0.65759069217593E+05 -0.38356062494102E+05 -0.46289697281433E+05 -0.58749396525687E+06  0.12729345873371E+06  0.21179820319988E+05 -0.32649359887439E+04  0.25183051034613E-09  0.19637184985954E-10 -0.22382034426048E-11  0.42757024362066E+04 -0.43057194424427E+03  0.60122681615275E+04  0.32492725835808E+04  0.16773351499000E+07  0.40939471422746E+05  0.15182926325617E+05  0.65110810526800E+04  0.20447342975532E+04 -0.85699805236251E+04  0.78900623381264E+05  0.20301112135579E+05  0.00000000000000E+00  0.00000000000000E+00  0.00000000000000E+00  0.00000000000000E+00  0.92069692717273E+06  0.00000000000000E+00  0.00000000000000E+00  0.00000000000000E+00  0.00000000000000E+00  0.00000000000000E+00  0.00000000000000E+00  0.00000000000000E+00  0.00000000000000E+00  0.00000000000000E+00  0.00000000000000E+00  0.00000000000000E+00
  -0.21155036502774E+05  0.56034987700797E+04 -0.55933570650391E+03 -0.12316623322357E+04  0.32536662607890E+03 -0.12892282703543E+02 -0.14094705177501E+03 -0.75225165114524E+05  0.22641685673491E+05  0.13971865061873E+04 -0.35475408395397E+03 -0.16023507582398E+04 -0.98045733705223E+02 -0.22521063000526E+01 -0.14291756561511E+04  0.15934055693860E+03 -0.13968803823112E+04 -0.73130282703564E+03  0.10190198455250E+05  0.00000000000000E+00  0.00000000000000E+00  0.00000000000000E+00  0.00000000000000E+00  0.00000000000000E+00  0.00000000000000E+00  0.00000000000000E+00  0.00000000000000E+00  0.00000000000000E+00  0.00000000000000E+00  0.00000000000000E+00  0.00000000000000E+00  0.13478704155298E+05  0.00000000000000E+00  0.00000000000000E+00  0.00000000000000E+00  0.00000000000000E+00  0.00000000000000E+00  0.00000000000000E+00  0.00000000000000E+00  0.00000000000000E+00  0.00000000000000E+00  0.00000000000000E+00
  -0.48702053957826E+05  0.13116585306362E+05 -0.12908654646861E+04 -0.24373211894699E+04  0.62401527037483E+03 -0.55198797154989E+02 -0.27458648124256E+03 -0.17180710962895E+06  0.51862504814430E+05  0.31405533370219E+04 -0.80920635233890E+03 -0.33448167841120E+02 -0.79330039676545E+01 -0.56353160983007E-05 -0.29575916355389E+04  0.32598546401405E+03 -0.28989475502127E+04 -0.15133745791000E+04  0.20204722095963E+05  0.00000000000000E+00  0.00000000000000E+00  0.00000000000000E+00  0.00000000000000E+00  0.00000000000000E+00  0.00000000000000E+00  0.00000000000000E+00  0.00000000000000E+00  0.00000000000000E+00  0.00000000000000E+00  0.00000000000000E+00  0.00000000000000E+00  0.00000000000000E+00  0.31001394177996E+05  0.00000000000000E+00  0.00000000000000E+00  0.00000000000000E+00  0.00000000000000E+00  0.00000000000000E+00  0.00000000000000E+00  0.00000000000000E+00  0.00000000000000E+00  0.00000000000000E+00
  -0.33415272320264E+04  0.42433675250764E+03 -0.77703404341986E+02 -0.70047003832432E+02  0.90583192875299E+01 -0.14724005442588E+02 -0.10722796172649E+02 -0.15727508990079E+04  0.22677057317790E+03  0.44649318655844E+02 -0.98086973335759E+01 -0.57215902111112E+02 -0.44069596168298E+01 -0.11232672755909E+00 -0.74633497064259E+03  0.87970422250402E+02 -0.75676527376334E+03 -0.42750983542863E+03  0.13190161267102E+03  0.00000000000000E+00  0.00000000000000E+00  0.00000000000000E+00  0.00000000000000E+00  0.00000000000000E+00  0.00000000000000E+00  0.00000000000000E+00  0.00000000000000E+00  0.00000000000000E+00  0.00000000000000E+00  0.00000000000000E+00  0.00000000000000E+00  0.00000000000000E+00  0.00000000000000E+00  0.37918177335835E+04  0.00000000000000E+00  0.00000000000000E+00  0.00000000000000E+00  0.00000000000000E+00  0.00000000000000E+00  0.00000000000000E+00  0.00000000000000E+00  0.00000000000000E+00
  -0.19418222827443E+06  0.58605057632180E+05 -0.51295604508509E+04 -0.10799632989425E+05  0.30346435307423E+04  0.23041986897375E+02 -0.10395500545615E+04 -0.43111564509024E+04  0.51444498965669E+03  0.37747500801654E+03 -0.26558789952010E+02 -0.42452088951663E-01 -0.27417629295959E-01  0.10970978984582E-13  0.34467653948603E+03 -0.10006135477703E+03  0.13281367038785E+03  0.17966905381081E+03  0.10895256959340E+06  0.00000000000000E+00  0.00000000000000E+00  0.00000000000000E+00  0.19838212124766E+04  0.32596926430467E+04  0.15295650937454E+05  0.76839723290500E+04  0.00000000000000E+00  0.00000000000000E+00  0.00000000000000E+00  0.00000000000000E+00  0.00000000000000E+00  0.00000000000000E+00  0.00000000000000E+00  0.00000000000000E+00  0.10720913804242E+06  0.00000000000000E+00  0.00000000000000E+00  0.00000000000000E+00  0.00000000000000E+00  0.00000000000000E+00  0.00000000000000E+00  0.00000000000000E+00
  -0.20977975976249E+06  0.62746499072363E+05 -0.55421196421931E+04 -0.46991782765323E+05  0.13024461283936E+05 -0.61841130763860E+02 -0.46070986815224E+04 -0.84396962184406E+04  0.10122269898625E+04  0.71576967245350E+03 -0.52105661129784E+02  0.14837045683961E-10  0.16894282599282E-13 -0.85165469831774E-13  0.58223088712968E+03 -0.16642556713188E+03  0.24812850390324E+03  0.31665368833256E+03  0.46148629636480E+06  0.57703634518472E+04  0.28925070216621E+04  0.14873410591681E+04  0.31918296892856E+04  0.51405887618228E+04  0.24703935742303E+05  0.12611888999256E+05  0.00000000000000E+00  0.00000000000000E+00  0.00000000000000E+00  0.00000000000000E+00  0.00000000000000E+00  0.00000000000000E+00  0.00000000000000E+00  0.00000000000000E+00  0.00000000000000E+00  0.13817535165131E+06  0.00000000000000E+00  0.00000000000000E+00  0.00000000000000E+00  0.00000000000000E+00  0.00000000000000E+00  0.00000000000000E+00
  -0.91227689341427E+04  0.23199535154279E+04 -0.23946675316736E+03 -0.23883625419251E+04  0.49463132648727E+03 -0.22396436333282E+03 -0.31543636834371E+03  0.89092213795322E+03 -0.14141225744971E+04  0.10550178154824E+03 -0.72795787783296E+01 -0.12187529909737E+01 -0.11817325586389E+00 -0.13485406771854E-02 -0.31084710993273E+04  0.52700610929076E+03 -0.34123575741898E+04 -0.22590102741686E+04  0.15181582683657E+05  0.00000000000000E+00  0.00000000000000E+00  0.00000000000000E+00  0.00000000000000E+00  0.00000000000000E+00  0.00000000000000E+00  0.00000000000000E+00  0.00000000000000E+00  0.00000000000000E+00  0.00000000000000E+00  0.00000000000000E+00  0.00000000000000E+00  0.00000000000000E+00  0.00000000000000E+00  0.00000000000000E+00  0.00000000000000E+00  0.00000000000000E+00  0.81868923792157E+04  0.00000000000000E+00  0.00000000000000E+00  0.00000000000000E+00  0.00000000000000E+00  0.00000000000000E+00
  -0.32430905644506E+04  0.74120961655651E+03 -0.84988865121658E+02 -0.94030379009331E+03  0.18169926279624E+03 -0.10870972128043E+03 -0.13040316995932E+03  0.50928668514072E+03 -0.75603402787541E+03  0.48557388443713E+02 -0.36829953600621E+01 -0.53445331350586E+00 -0.47515847255315E-01 -0.74660625432573E-03 -0.16155559516218E+04  0.25205665994537E+03 -0.18076355916475E+04 -0.11461516765003E+04  0.48085373757014E+04  0.00000000000000E+00  0.00000000000000E+00  0.00000000000000E+00  0.00000000000000E+00  0.00000000000000E+00  0.00000000000000E+00  0.00000000000000E+00  0.00000000000000E+00  0.00000000000000E+00  0.00000000000000E+00  0.00000000000000E+00  0.00000000000000E+00  0.00000000000000E+00  0.00000000000000E+00  0.00000000000000E+00  0.00000000000000E+00  0.00000000000000E+00  0.00000000000000E+00  0.42003913291564E+04  0.00000000000000E+00  0.00000000000000E+00  0.00000000000000E+00  0.00000000000000E+00
