# fitpack15: fit parameters                                                                         
# CJ15 AV18 final data choices                                                                      
# Created on 04/12/2019 at 15:30:16                                                                 

 # QCD setup
  INS                           0
  NVL                          11
  IORD                          1
  Q02                   1.6899999999999999     
  IPARAMC                       7
  FLAVOR                5.0000000000000000     
  xmc                   1.3000000000000000     
  xmb                   4.5000000000000000     
  ncb                          12
  ihq                           1
  ias                           0

 # Theory corrections
  inuke                     10814
  itmc                          1
  iht                           1

 # fit parameters
 LAMBDA       0.22680        0.0000    
 a0uv          2.4063        0.0000    
 a1uv         0.60899       0.25481E-01
 a2uv          3.5316       0.14810E-01
 a3uv          0.0000        0.0000    
 a4uv          3.2387       0.53862    
 a5uv          0.0000        0.0000    
 a0dv          25.126        0.0000    
 a1dv          1.1961       0.73273E-01
 a2dv          6.8798       0.17261    
 a3dv         -3.4351       0.11019    
 a4dv          5.0099       0.38650    
 a5dv          0.0000        0.0000    
 a0ud         0.14621       0.57040E-02
 a1ud        -0.20824       0.41940E-02
 a2ud          8.1157       0.24308    
 a3ud          0.0000        0.0000    
 a4ud          15.190        1.7911    
 a5ud          0.0000        0.0000    
 a0du          35712.        0.0000    
 a1du          4.0306       0.86392E-01
 a2du          19.533       0.89605    
 a3du          17.000        0.0000    
 a4du          31.103        7.1413    
 a0g           52.486        0.0000    
 a1g          0.64041       0.43776E-01
 a2g           9.6324        1.9400    
 a3g          -2.9351       0.30991    
 a4g           3.1098       0.87360    
 a5g           0.0000        0.0000    
 kappa        0.40000        0.0000    
 a6dv        -0.29072E-03   0.12048E-01
 a7dv          2.0000        0.0000    
 off1         -14.999        3.4918    
 off2         0.38666E-01   0.11733E-01
 ht1          -3.1054       0.13945    
 ht2           1.9286       0.73146E-01
 ht3          -2.3280       0.92824E-02
 ht4           0.0000        0.0000    
 dummy40       0.0000        0.0000    
 dummy41       0.0000        0.0000    
 dummy42       0.0000        0.0000    
 dummy43       0.0000        0.0000    
 dummy44       0.0000        0.0000    
 dummy45       0.0000        0.0000    
 dummy46       0.0000        0.0000    
 dummy47       0.0000        0.0000    
 dummy48       0.0000        0.0000    
 dummy49       0.0000        0.0000    
 bcdmsh2      0.96441       0.49217E-02
 bcdmsd2      0.99442       0.60131E-02
 ccfr          1.0000        0.0000    
 nutev         1.0000        0.0000    
 zeus         0.97998        0.0000    
 h1            1.0162        0.0000    
 e605          1.0319        0.0000    
 NmcH2         1.0078       0.72743E-02
 ntv_nu        1.0000        0.0000    
 ntv_nubar     1.0000        0.0000    
 cdf_jet      0.98910        0.0000    
 d0_jet       0.83504        0.0000    
 slac_p        1.0059       0.49352E-02
 slac_d        1.0185       0.55067E-02
 e866pp       0.95399       0.23271E-01
 e866pd       0.97106       0.19396E-01
 d0_gamjet     1.0186       0.16474E-01
 h1b          0.97608        0.0000    
 jlab_p       0.99439        0.0000    
 jlab_d       0.97560        0.0000    
 blank         1.0000        0.0000    
 d0run2       0.87634       0.12165E-01
 cdfrun2      0.87741       0.15935E-01
 HERA_el       1.0000        0.0000    
 HERA_ps       1.0000        0.0000    
 CDF_Z        0.98932       0.72110E-02
 NmcRat        1.0000        0.0000    
 BNS_F2nd     0.98244        0.0000    
 HERMES_F2p    1.0017       0.57248E-02
 HERMES_F2d   0.99481       0.60845E-02
 clas6_p_c     1.0702       0.70693E-02
 clas6_d_c     1.1380       0.72154E-02
 END 0. 0.

 # Hessian matrix (Bevington alpha)
   0.47310757386912E+07 -0.13604074180538E+07  0.24910993619116E+06  0.67962830777715E+06 -0.22425795785260E+06 -0.66292974537336E+05  0.55716808590731E+05 -0.43442323233279E+06  0.20621858748172E+06 -0.15830549257516E+05 -0.18074114689462E+04  0.12642475114081E+05  0.14624603224080E+04 -0.95409371123681E+01  0.66907557932183E+05 -0.77110061276988E+04  0.37170583616028E+05  0.21890643217417E+05  0.15080614396503E+07 -0.38845475548098E+04 -0.13742504321199E+07  0.18964652916769E+06  0.49844562895955E+06  0.27267120545724E+07 -0.12862650302228E+06 -0.53394498049707E+05 -0.47175060244997E+04 -0.83871110612331E+06 -0.10638079802718E+07 -0.20886286587189E+05 -0.46633999660311E+05 -0.31289973164593E+04 -0.10113867425475E+05 -0.35591949129786E+04 -0.14609996127526E+05 -0.71335786969989E+05 -0.55212658446754E+05 -0.85245914555617E+05  0.14945172096905E+06
  -0.13604074180538E+07  0.53734459357973E+06 -0.78151178896665E+05 -0.75666430935517E+05  0.68883138271115E+05  0.69965225833613E+05  0.13690295125912E+05  0.83138019248274E+06 -0.19476409487785E+06 -0.23924327823020E+05  0.60331122806355E+04 -0.61785861473244E+03 -0.50981093026767E+02  0.19783399037903E+00 -0.20638860106799E+05  0.26514481797064E+04 -0.12010600582670E+05 -0.75904097144763E+04 -0.68683746891536E+06  0.19857340820481E+04  0.41590703741727E+06 -0.21589131944836E+05 -0.64904541460344E+05 -0.61625934944156E+06  0.16493523721532E+05  0.78552815067668E+04 -0.24211577191162E+03  0.20527381975109E+06  0.25208223102043E+06  0.57419929777474E+04  0.13007729136672E+05  0.41731345371045E+03  0.26220380768267E+04  0.82674748934567E+03 -0.23053041058482E+04  0.84522616041286E+04  0.68875309362623E+04  0.16336574142933E+05 -0.22885414492182E+06
   0.24910993619116E+06 -0.78151178896665E+05  0.13568961039375E+05  0.31411277662910E+05 -0.12790208187017E+05 -0.68413587096012E+04  0.14923356987782E+04 -0.79562334459208E+05  0.23068437381122E+05  0.10205472041265E+04 -0.51975984514936E+03  0.33370243145612E+03  0.47158240056228E+02 -0.14653897517171E+01  0.32834409643918E+04 -0.40112766901185E+03  0.19365789819300E+04  0.11752435336446E+04  0.91870271802940E+05 -0.25471127959034E+03 -0.75916634972655E+05  0.83515585920703E+04  0.21827509740522E+05  0.13622425203333E+06 -0.58154977624355E+04 -0.24236528920314E+04  0.51068313046000E+02 -0.40859394098188E+05 -0.51858867730853E+05 -0.10678186865646E+04 -0.23965938363881E+04 -0.12438319203233E+03 -0.50346858299372E+03 -0.17365129551115E+03  0.77672943939935E+02 -0.26738613951178E+04 -0.21232226885739E+04 -0.43053738987697E+04  0.18188025696426E+05
   0.67962830777715E+06 -0.75666430935517E+05  0.31411277662910E+05  0.28868718072750E+06 -0.47287085622828E+05  0.37023798387698E+05  0.45696492057957E+05  0.38795285489274E+06 -0.45744009310078E+05 -0.25428671161923E+05  0.33776785585010E+04  0.10519754503924E+04  0.11754251073693E+03  0.89320030662656E+01  0.50407533617728E+04 -0.18508550157182E+03  0.28382226019480E+04  0.10183714508719E+04  0.41200269587944E+05  0.52951007602659E+02 -0.36149314854154E+06  0.92549497806080E+05  0.22672657464751E+06  0.95380230622198E+06 -0.12798377715346E+05 -0.20332716398109E+05  0.65241004114552E+02 -0.59126930528914E+05 -0.30563744532759E+06 -0.13788220600213E+04 -0.22253079836105E+04 -0.83963460520058E+02 -0.25715435598849E+04 -0.10165586733670E+04 -0.75608888162013E+04 -0.66854872958525E+04 -0.19367507387862E+05 -0.77281376058548E+04 -0.18236959650966E+06
  -0.22425795785260E+06  0.68883138271115E+05 -0.12790208187017E+05 -0.47287085622828E+05  0.18906089644764E+05  0.11398768480831E+05 -0.23482319889088E+04  0.18094853854619E+06 -0.48798986106346E+05 -0.33839199853716E+04  0.12354865954135E+04 -0.20430761414330E+03 -0.15097568157467E+02 -0.16830208330486E+01 -0.42988651451206E+04  0.49804763139298E+03 -0.26529862492888E+04 -0.15796051818181E+04 -0.10313837737141E+06  0.34229618864876E+03  0.11626242685220E+06 -0.13316486706164E+05 -0.31401179700030E+05 -0.20109186544075E+06  0.21156296179627E+04  0.34367035503828E+04 -0.63549994798697E+02  0.12069403486497E+05  0.63193085925961E+05  0.37849966436061E+03  0.59158411198179E+03  0.11368805265728E+02  0.54995276779021E+03  0.20273968338758E+03  0.13847460460583E+03  0.81357586138478E+03  0.24402900053449E+04  0.17853803562775E+04 -0.22749251619793E+05
  -0.66292974537336E+05  0.69965225833613E+05 -0.68413587096012E+04  0.37023798387698E+05  0.11398768480831E+05  0.33315505783656E+05  0.13994392902752E+05  0.45738126007206E+06 -0.99714849312949E+05 -0.15698477144686E+05  0.34222222310471E+04  0.16964129938847E+03  0.27505244748843E+02  0.21956949374748E+01 -0.53644337724259E+04  0.74748558229646E+03 -0.34370399411982E+04 -0.22572163505666E+04 -0.13198365493451E+06  0.53617918205114E+03  0.37130792025030E+05  0.16070442661155E+05  0.42923397844016E+05  0.71924284300510E+05 -0.20272573981739E+04 -0.30835846918036E+04  0.11064645472753E+03 -0.66210349008197E+04 -0.31789700750124E+05 -0.15549851643248E+02 -0.56082469791263E+02 -0.17132152960811E+02 -0.25065643912687E+03 -0.11937172468048E+03 -0.20460402197617E+04 -0.13939683754178E+04 -0.39257792437455E+04 -0.28358300585701E+03 -0.10522109022651E+06
   0.55716808590731E+05  0.13690295125912E+05  0.14923356987782E+04  0.45696492057957E+05 -0.23482319889088E+04  0.13994392902752E+05  0.97171947388329E+04  0.16455380230147E+06 -0.30075634779413E+05 -0.73973483000190E+04  0.13017433290351E+04  0.18165709521065E+03  0.21270440832655E+02  0.17833577683253E+01 -0.13317629335889E+04  0.24247702850793E+03 -0.81645542420141E+03 -0.63623861307758E+03 -0.37357112457526E+05  0.16937176138296E+03 -0.31622829400087E+05  0.15512369195770E+05  0.38601203163467E+05  0.13013486515679E+06 -0.20117453899920E+04 -0.30925030389779E+04  0.11176654908147E+03 -0.81534364484402E+04 -0.41851143642713E+05 -0.16257051728804E+03 -0.25658971922621E+03 -0.12744998392707E+02 -0.35221912155143E+03 -0.14473710853779E+03 -0.80424931869807E+03 -0.90694179521119E+03 -0.26417133327146E+04 -0.97037505846092E+03 -0.53365231572665E+05
  -0.43442323233279E+06  0.83138019248274E+06 -0.79562334459208E+05  0.38795285489274E+06  0.18094853854619E+06  0.45738126007206E+06  0.16455380230147E+06  0.10984696591016E+08 -0.37342927924877E+07 -0.27139945732272E+06  0.68672979957140E+05  0.33547351045097E+05  0.26326519365526E+04  0.20834282221377E+03 -0.32279336806315E+05  0.52374622609917E+04 -0.26000898255154E+05 -0.19073608864932E+05 -0.16820957570451E+07  0.72048922115492E+04  0.75845377309865E+06  0.20493649608661E+06  0.58040719336131E+06  0.88438301684801E+06 -0.69997592816707E+05 -0.54561514919387E+05 -0.67758028307190E+05 -0.30748990082734E+06 -0.60587151768144E+06 -0.75082700296131E+05 -0.16519027381934E+06 -0.14949056328053E+04 -0.16007031191611E+04 -0.55264088154514E+03 -0.26269238091153E+06 -0.14252481150803E+06 -0.17576766645950E+06 -0.10515085094672E+05 -0.13676740767431E+07
   0.20621858748172E+06 -0.19476409487785E+06  0.23068437381122E+05 -0.45744009310078E+05 -0.48798986106346E+05 -0.99714849312949E+05 -0.30075634779413E+05 -0.37342927924877E+07  0.22664887983496E+07  0.61421565111965E+05 -0.16648217039482E+05 -0.66271821729093E+04 -0.43375454508035E+03 -0.49777782044394E+02  0.63717550127915E+05 -0.41873158814651E+04  0.21366969236272E+05  0.11638345252061E+05  0.38483641690810E+06 -0.16416972782828E+04 -0.22623136162705E+06 -0.39239665903910E+05 -0.11655377879122E+06 -0.13045138013584E+06  0.13615992643649E+05  0.12165643966073E+05  0.24338797351028E+05  0.70591794531001E+05  0.13409883420753E+06  0.23491190428798E+05  0.52116028780065E+05  0.22043670643074E+03 -0.78051863807633E+03 -0.48396167734654E+03  0.11070066711007E+06  0.45615610150036E+05  0.55667108070509E+05  0.99941889163828E+03  0.29458132819630E+06
  -0.15830549257516E+05 -0.23924327823020E+05  0.10205472041265E+04 -0.25428671161923E+05 -0.33839199853716E+04 -0.15698477144686E+05 -0.73973483000190E+04 -0.27139945732272E+06  0.61421565111965E+05  0.89520797618464E+04 -0.19850129610347E+04 -0.92339376928111E+03 -0.91534981861761E+02 -0.27539055760421E+01  0.32024182330859E+02 -0.10855468844692E+03  0.45385471700967E+03  0.42278910250763E+03  0.53273276349511E+05 -0.23020013715125E+03 -0.81777666410375E+04 -0.96850964406994E+04 -0.25607064469221E+05 -0.59215342737177E+05  0.31120731733028E+04  0.21344945070327E+04  0.75088504620564E+03  0.12262061715819E+05  0.25558540922196E+05  0.16662545465240E+04  0.35363582993843E+04  0.48006186939930E+02  0.19778578288787E+03  0.85801906575323E+02  0.31478373134517E+04  0.29618981787202E+04  0.37464146808556E+04  0.97227794625040E+03  0.50323396736901E+05
  -0.18074114689462E+04  0.60331122806355E+04 -0.51975984514936E+03  0.33776785585010E+04  0.12354865954135E+04  0.34222222310471E+04  0.13017433290351E+04  0.68672979957140E+05 -0.16648217039482E+05 -0.19850129610347E+04  0.48513273632124E+03  0.25661410977229E+03  0.21463252705630E+02  0.12606048598375E+01  0.24573219160343E+03  0.30697176060191E+01 -0.20567043358946E+02 -0.51383555795959E+02 -0.12290070197076E+05  0.52863131605652E+02  0.49480379938562E+04  0.15752486113861E+04  0.44032667248419E+04  0.71550642387829E+04 -0.53789153936651E+03 -0.39765476347288E+03 -0.34014664348743E+03 -0.22123345737355E+04 -0.44187710086340E+04 -0.45234508801181E+03 -0.99076477335915E+03 -0.11965898963815E+02 -0.26261626700743E+02 -0.11854619255247E+02 -0.11471628376611E+04 -0.84986284284392E+03 -0.10564412497263E+04 -0.90300976408173E+02 -0.10212347177692E+05
   0.12642475114081E+05 -0.61785861473244E+03  0.33370243145612E+03  0.10519754503924E+04 -0.20430761414330E+03  0.16964129938847E+03  0.18165709521065E+03  0.33547351045097E+05 -0.66271821729093E+04 -0.92339376928111E+03  0.25661410977229E+03  0.19787142972589E+04  0.13612464470953E+03  0.65737317542571E+01  0.17770932481514E+04 -0.20533614049932E+03  0.92097447104652E+03  0.53349694946552E+03  0.10348990183224E+04 -0.60922928722809E+01 -0.44919489099923E+03 -0.29030456457960E+03 -0.55511153617728E+03 -0.44259774047221E+04 -0.14357744120833E+04  0.73763861133665E-12 -0.78094337318682E+03 -0.59661783325487E+04  0.52532700382590E-09 -0.26679357570264E+04 -0.10009037129713E+03 -0.91139005961371E+02 -0.21909499669293E+01 -0.87876086655146E+00  0.40819949423867E+03 -0.30449725997444E+04  0.80979727553776E-10  0.77731625946744E+02  0.32948996376427E-09
   0.14624603224080E+04 -0.50981093026767E+02  0.47158240056228E+02  0.11754251073693E+03 -0.15097568157467E+02  0.27505244748843E+02  0.21270440832655E+02  0.26326519365526E+04 -0.43375454508035E+03 -0.91534981861761E+02  0.21463252705630E+02  0.13612464470953E+03  0.13272013154194E+02  0.87472965819073E-01  0.10443836459529E+03 -0.13387948375489E+02  0.55569540598856E+02  0.33936497716677E+02  0.52817033775100E+02 -0.48073816091269E+00  0.82045115457939E+02 -0.22706496002953E+02 -0.38567194981730E+02 -0.44464348182840E+03 -0.21661278793376E+03  0.15999343111468E-11 -0.31922862411765E+02 -0.73516288046391E+03 -0.27519627155822E-10 -0.17414521816408E+03 -0.27106763544036E+02 -0.76229883487982E+01 -0.24109399645616E+00 -0.87337370355440E-01  0.37903645843671E+02 -0.22753553430003E+03  0.20274506745276E-10  0.14037426551888E+02  0.99326091173348E-10
  -0.95409371123681E+01  0.19783399037903E+00 -0.14653897517171E+01  0.89320030662656E+01 -0.16830208330486E+01  0.21956949374748E+01  0.17833577683253E+01  0.20834282221377E+03 -0.49777782044394E+02 -0.27539055760421E+01  0.12606048598375E+01  0.65737317542571E+01  0.87472965819073E-01  0.17720134994091E+00  0.20160058605431E+02 -0.13361912439929E+01  0.73549034010405E+01  0.33425547971052E+01  0.77923909725142E+01 -0.87775986687714E-03 -0.48443713442895E+02  0.14774295191991E+01  0.40511603851901E+01  0.16551218425490E+02 -0.50974508141441E+00 -0.15560442094917E-15 -0.16923536880891E+02 -0.89852041793758E+01  0.69309444567555E-12 -0.17108773235151E+02 -0.57550622407489E-02 -0.54967242990364E+00 -0.79330987151981E-02 -0.39398679388455E-02  0.31843987295871E-01 -0.16584349010139E+02  0.60076834456979E-12  0.39399170346412E-02  0.11364176065503E-10
   0.66907557932183E+05 -0.20638860106799E+05  0.32834409643918E+04  0.50407533617728E+04 -0.42988651451206E+04 -0.53644337724259E+04 -0.13317629335889E+04 -0.32279336806315E+05  0.63717550127915E+05  0.32024182330859E+02  0.24573219160343E+03  0.17770932481514E+04  0.10443836459529E+03  0.20160058605431E+02  0.39531807228767E+05 -0.31010097859616E+04  0.15278933446083E+05  0.78232721456508E+04  0.33017693640733E+05 -0.11163137211223E+03 -0.11241527493933E+05 -0.25185531207717E+04 -0.73997512930889E+04 -0.46345243006932E+04 -0.17048231419843E+04 -0.11440314622138E+04 -0.24073599460594E+04  0.22201317682742E+04  0.40342082301780E+04 -0.14430996874646E+04 -0.26862766751007E+04 -0.66359828616550E+03 -0.23310046618867E+04 -0.12841375746977E+04 -0.33141796454693E+04 -0.41745877176440E+03 -0.45544704945260E+03  0.17542893117595E+03  0.23912433319605E+05
  -0.77110061276988E+04  0.26514481797064E+04 -0.40112766901185E+03 -0.18508550157182E+03  0.49804763139298E+03  0.74748558229646E+03  0.24247702850793E+03  0.52374622609917E+04 -0.41873158814651E+04 -0.10855468844692E+03  0.30697176060191E+01 -0.20533614049932E+03 -0.13387948375489E+02 -0.13361912439929E+01 -0.31010097859616E+04  0.28564957274303E+03 -0.13529948472110E+04 -0.73247733759451E+03 -0.43895969566925E+04  0.14906343580241E+02  0.11470823733893E+04  0.41331703249737E+03  0.11430798629083E+04  0.12904091550847E+04  0.26424417608788E+03  0.16651921247852E+03  0.24952745649697E+03 -0.21253037622960E+03 -0.45177329984692E+03  0.13052759942117E+03  0.24264850664726E+03  0.61458070336594E+02  0.28135778936629E+03  0.14714997524193E+03 -0.70992260049317E+02  0.14471675799204E+03  0.15625214101367E+03 -0.44015511032874E+02 -0.34998690121486E+04
   0.37170583616028E+05 -0.12010600582670E+05  0.19365789819300E+04  0.28382226019480E+04 -0.26529862492888E+04 -0.34370399411982E+04 -0.81645542420141E+03 -0.26000898255154E+05  0.21366969236272E+05  0.45385471700967E+03 -0.20567043358946E+02  0.92097447104652E+03  0.55569540598856E+02  0.73549034010405E+01  0.15278933446083E+05 -0.13529948472110E+04  0.65546020795792E+04  0.34846234358954E+04  0.19341909210898E+05 -0.68523280759891E+02 -0.81696057084969E+04 -0.12753960243500E+04 -0.39242167906504E+04 -0.32780860250539E+03 -0.87052335444294E+03 -0.57796257009143E+03 -0.12732135101490E+04  0.11125373203554E+04  0.20024894274209E+04 -0.66347451188232E+03 -0.12316268115204E+04 -0.28871343397041E+03 -0.11139132088785E+04 -0.61171540270134E+03 -0.19904253830198E+03 -0.46435740490452E+03 -0.50113563721031E+03  0.42920984327669E+02  0.13884138882848E+05
   0.21890643217417E+05 -0.75904097144763E+04  0.11752435336446E+04  0.10183714508719E+04 -0.15796051818181E+04 -0.22572163505666E+04 -0.63623861307758E+03 -0.19073608864932E+05  0.11638345252061E+05  0.42278910250763E+03 -0.51383555795959E+02  0.53349694946552E+03  0.33936497716677E+02  0.33425547971052E+01  0.78232721456508E+04 -0.73247733759451E+03  0.34846234358954E+04  0.18949083199659E+04  0.12498441070490E+05 -0.44151214141602E+02 -0.45883816411660E+04 -0.97015251715506E+03 -0.28287511292657E+04 -0.15100117211851E+04 -0.62026107283359E+03 -0.39503042040475E+03 -0.66096853939610E+03  0.58578823606558E+03  0.11624475182580E+04 -0.34070673728692E+03 -0.63322907504765E+03 -0.15665218885786E+03 -0.69556548103827E+03 -0.37041880188660E+03  0.23577421812701E+03 -0.38524308987297E+03 -0.41466445196171E+03  0.61290727604537E+02  0.94751355649869E+04
   0.15080614396503E+07 -0.68683746891536E+06  0.91870271802940E+05  0.41200269587944E+05 -0.10313837737141E+06 -0.13198365493451E+06 -0.37357112457526E+05 -0.16820957570451E+07  0.38483641690810E+06  0.53273276349511E+05 -0.12290070197076E+05  0.10348990183224E+04  0.52817033775100E+02  0.77923909725142E+01  0.33017693640733E+05 -0.43895969566925E+04  0.19341909210898E+05  0.12498441070490E+05  0.11146803588411E+07 -0.35459477111711E+04 -0.67928141136311E+06  0.27310308115072E+05  0.80444051456574E+05  0.93773704879726E+06 -0.44908842120786E+04 -0.96290956462424E+04  0.14920032032731E+03 -0.77250471394227E+05 -0.37351493289920E+06 -0.26577181488254E+04 -0.43860024936689E+04 -0.35983877480586E+02 -0.37524030264525E+04 -0.11653185846307E+04  0.33592104431022E+04 -0.27163207643211E+04 -0.80454466097614E+04 -0.55897477161991E+04  0.44764739822697E+06
  -0.38845475548098E+04  0.19857340820481E+04 -0.25471127959034E+03  0.52951007602659E+02  0.34229618864876E+03  0.53617918205114E+03  0.16937176138296E+03  0.72048922115492E+04 -0.16416972782828E+04 -0.23020013715125E+03  0.52863131605652E+02 -0.60922928722809E+01 -0.48073816091269E+00 -0.87775986687714E-03 -0.11163137211223E+03  0.14906343580241E+02 -0.68523280759891E+02 -0.44151214141602E+02 -0.35459477111711E+04  0.12472001508821E+02  0.20986025366317E+04 -0.36955040300762E+01 -0.10656151118033E+02 -0.22175292430588E+04  0.00000000000000E+00 -0.80921201928386E+01  0.00000000000000E+00  0.00000000000000E+00  0.76998986418350E+03  0.00000000000000E+00 -0.10969729207307E+02  0.00000000000000E+00  0.00000000000000E+00  0.00000000000000E+00  0.00000000000000E+00  0.00000000000000E+00 -0.12376045347866E+02  0.00000000000000E+00 -0.16713445636089E+04
  -0.13742504321199E+07  0.41590703741727E+06 -0.75916634972655E+05 -0.36149314854154E+06  0.11626242685220E+06  0.37130792025030E+05 -0.31622829400087E+05  0.75845377309865E+06 -0.22623136162705E+06 -0.81777666410375E+04  0.49480379938562E+04 -0.44919489099923E+03  0.82045115457939E+02 -0.48443713442895E+02 -0.11241527493933E+05  0.11470823733893E+04 -0.81696057084969E+04 -0.45883816411660E+04 -0.67928141136311E+06  0.20986025366317E+04  0.91599579609237E+06 -0.13803095725850E+06 -0.34260944508246E+06 -0.18101669334414E+07  0.00000000000000E+00  0.25720992112261E+05  0.00000000000000E+00  0.00000000000000E+00  0.58844336577434E+06  0.00000000000000E+00 -0.60015183742771E+04  0.00000000000000E+00  0.00000000000000E+00  0.00000000000000E+00  0.00000000000000E+00  0.00000000000000E+00  0.20775178014826E+05  0.00000000000000E+00 -0.28203697897898E+05
   0.18964652916769E+06 -0.21589131944836E+05  0.83515585920703E+04  0.92549497806080E+05 -0.13316486706164E+05  0.16070442661155E+05  0.15512369195770E+05  0.20493649608661E+06 -0.39239665903910E+05 -0.96850964406994E+04  0.15752486113861E+04 -0.29030456457960E+03 -0.22706496002953E+02  0.14774295191991E+01 -0.25185531207717E+04  0.41331703249737E+03 -0.12753960243500E+04 -0.97015251715506E+03  0.27310308115072E+05 -0.36955040300762E+01 -0.13803095725850E+06  0.38414687031523E+05  0.96672257759891E+05  0.39716255630041E+06 -0.32638614630020E+02 -0.74745939840906E+04  0.13828307087124E+01  0.31885348988465E+04 -0.13701686760817E+06  0.00000000000000E+00 -0.95095320939693E+03  0.00000000000000E+00  0.00000000000000E+00  0.00000000000000E+00  0.00000000000000E+00 -0.28124988398202E+03 -0.91406483585392E+04  0.88292772706598E+03 -0.68899213398764E+05
   0.49844562895955E+06 -0.64904541460344E+05  0.21827509740522E+05  0.22672657464751E+06 -0.31401179700030E+05  0.42923397844016E+05  0.38601203163467E+05  0.58040719336131E+06 -0.11655377879122E+06 -0.25607064469221E+05  0.44032667248419E+04 -0.55511153617728E+03 -0.38567194981730E+02  0.40511603851901E+01 -0.73997512930889E+04  0.11430798629083E+04 -0.39242167906504E+04 -0.28287511292657E+04  0.80444051456574E+05 -0.10656151118033E+02 -0.34260944508246E+06  0.96672257759891E+05  0.24640318663167E+06  0.10040576544293E+07 -0.98554071133048E+02 -0.18681545767301E+05 -0.52771473459659E+02 -0.99777556022737E+03 -0.35489941535529E+06  0.00000000000000E+00 -0.23733343315275E+04  0.00000000000000E+00  0.00000000000000E+00  0.00000000000000E+00  0.00000000000000E+00 -0.17175003548777E+04 -0.23872493439514E+05  0.20882048799148E+04 -0.17711412147699E+06
   0.27267120545724E+07 -0.61625934944156E+06  0.13622425203333E+06  0.95380230622198E+06 -0.20109186544075E+06  0.71924284300510E+05  0.13013486515679E+06  0.88438301684801E+06 -0.13045138013584E+06 -0.59215342737177E+05  0.71550642387829E+04 -0.44259774047221E+04 -0.44464348182840E+03  0.16551218425490E+02 -0.46345243006932E+04  0.12904091550847E+04 -0.32780860250539E+03 -0.15100117211851E+04  0.93773704879726E+06 -0.22175292430588E+04 -0.18101669334414E+07  0.39716255630041E+06  0.10040576544293E+07  0.45536067145378E+07  0.23594226506701E+03 -0.86975808514157E+05 -0.66804717423295E+01  0.34824030509651E+05 -0.15935079728650E+07  0.00000000000000E+00 -0.11112786540937E+05  0.00000000000000E+00  0.00000000000000E+00  0.00000000000000E+00  0.00000000000000E+00  0.14412620489086E+04 -0.10178469059524E+06  0.10508046022231E+05 -0.39564730782864E+06
  -0.12862650302228E+06  0.16493523721532E+05 -0.58154977624355E+04 -0.12798377715346E+05  0.21156296179627E+04 -0.20272573981739E+04 -0.20117453899920E+04 -0.69997592816707E+05  0.13615992643649E+05  0.31120731733028E+04 -0.53789153936651E+03 -0.14357744120833E+04 -0.21661278793376E+03 -0.50974508141441E+00 -0.17048231419843E+04  0.26424417608788E+03 -0.87052335444294E+03 -0.62026107283359E+03 -0.44908842120786E+04  0.00000000000000E+00  0.00000000000000E+00 -0.32638614630020E+02 -0.98554071133048E+02  0.23594226506701E+03  0.11817877627153E+06  0.00000000000000E+00  0.00000000000000E+00  0.00000000000000E+00  0.00000000000000E+00  0.00000000000000E+00  0.00000000000000E+00  0.00000000000000E+00  0.00000000000000E+00  0.00000000000000E+00  0.00000000000000E+00  0.00000000000000E+00  0.00000000000000E+00  0.00000000000000E+00  0.00000000000000E+00
  -0.53394498049707E+05  0.78552815067668E+04 -0.24236528920314E+04 -0.20332716398109E+05  0.34367035503828E+04 -0.30835846918036E+04 -0.30925030389779E+04 -0.54561514919387E+05  0.12165643966073E+05  0.21344945070327E+04 -0.39765476347288E+03  0.73763861133665E-12  0.15999343111468E-11 -0.15560442094917E-15 -0.11440314622138E+04  0.16651921247852E+03 -0.57796257009143E+03 -0.39503042040475E+03 -0.96290956462424E+04 -0.80921201928386E+01  0.25720992112261E+05 -0.74745939840906E+04 -0.18681545767301E+05 -0.86975808514157E+05  0.00000000000000E+00  0.64895557501902E+05  0.00000000000000E+00  0.00000000000000E+00  0.00000000000000E+00  0.00000000000000E+00  0.00000000000000E+00  0.00000000000000E+00  0.00000000000000E+00  0.00000000000000E+00  0.00000000000000E+00  0.00000000000000E+00  0.00000000000000E+00  0.00000000000000E+00  0.00000000000000E+00
  -0.47175060244997E+04 -0.24211577191162E+03  0.51068313046000E+02  0.65241004114552E+02 -0.63549994798697E+02  0.11064645472753E+03  0.11176654908147E+03 -0.67758028307190E+05  0.24338797351028E+05  0.75088504620564E+03 -0.34014664348743E+03 -0.78094337318682E+03 -0.31922862411765E+02 -0.16923536880891E+02 -0.24073599460594E+04  0.24952745649697E+03 -0.12732135101490E+04 -0.66096853939610E+03  0.14920032032731E+03  0.00000000000000E+00  0.00000000000000E+00  0.13828307087124E+01 -0.52771473459659E+02 -0.66804717423295E+01  0.00000000000000E+00  0.00000000000000E+00  0.30747354097637E+05  0.00000000000000E+00  0.00000000000000E+00  0.00000000000000E+00  0.00000000000000E+00  0.00000000000000E+00  0.00000000000000E+00  0.00000000000000E+00  0.00000000000000E+00  0.00000000000000E+00  0.00000000000000E+00  0.00000000000000E+00  0.00000000000000E+00
  -0.83871110612331E+06  0.20527381975109E+06 -0.40859394098188E+05 -0.59126930528914E+05  0.12069403486497E+05 -0.66210349008197E+04 -0.81534364484402E+04 -0.30748990082734E+06  0.70591794531001E+05  0.12262061715819E+05 -0.22123345737355E+04 -0.59661783325487E+04 -0.73516288046391E+03 -0.89852041793758E+01  0.22201317682742E+04 -0.21253037622960E+03  0.11125373203554E+04  0.58578823606558E+03 -0.77250471394227E+05  0.00000000000000E+00  0.00000000000000E+00  0.31885348988465E+04 -0.99777556022737E+03  0.34824030509651E+05  0.00000000000000E+00  0.00000000000000E+00  0.00000000000000E+00  0.57528907488407E+06  0.00000000000000E+00  0.00000000000000E+00  0.00000000000000E+00  0.00000000000000E+00  0.00000000000000E+00  0.00000000000000E+00  0.00000000000000E+00  0.00000000000000E+00  0.00000000000000E+00  0.00000000000000E+00  0.00000000000000E+00
  -0.10638079802718E+07  0.25208223102043E+06 -0.51858867730853E+05 -0.30563744532759E+06  0.63193085925961E+05 -0.31789700750124E+05 -0.41851143642713E+05 -0.60587151768144E+06  0.13409883420753E+06  0.25558540922196E+05 -0.44187710086340E+04  0.52532700382590E-09 -0.27519627155822E-10  0.69309444567555E-12  0.40342082301780E+04 -0.45177329984692E+03  0.20024894274209E+04  0.11624475182580E+04 -0.37351493289920E+06  0.76998986418350E+03  0.58844336577434E+06 -0.13701686760817E+06 -0.35489941535529E+06 -0.15935079728650E+07  0.00000000000000E+00  0.00000000000000E+00  0.00000000000000E+00  0.00000000000000E+00  0.90045064955978E+06  0.00000000000000E+00  0.00000000000000E+00  0.00000000000000E+00  0.00000000000000E+00  0.00000000000000E+00  0.00000000000000E+00  0.00000000000000E+00  0.00000000000000E+00  0.00000000000000E+00  0.00000000000000E+00
  -0.20886286587189E+05  0.57419929777474E+04 -0.10678186865646E+04 -0.13788220600213E+04  0.37849966436061E+03 -0.15549851643248E+02 -0.16257051728804E+03 -0.75082700296131E+05  0.23491190428798E+05  0.16662545465240E+04 -0.45234508801181E+03 -0.26679357570264E+04 -0.17414521816408E+03 -0.17108773235151E+02 -0.14430996874646E+04  0.13052759942117E+03 -0.66347451188232E+03 -0.34070673728692E+03 -0.26577181488254E+04  0.00000000000000E+00  0.00000000000000E+00  0.00000000000000E+00  0.00000000000000E+00  0.00000000000000E+00  0.00000000000000E+00  0.00000000000000E+00  0.00000000000000E+00  0.00000000000000E+00  0.00000000000000E+00  0.15156358368243E+05  0.00000000000000E+00  0.00000000000000E+00  0.00000000000000E+00  0.00000000000000E+00  0.00000000000000E+00  0.00000000000000E+00  0.00000000000000E+00  0.00000000000000E+00  0.00000000000000E+00
  -0.46633999660311E+05  0.13007729136672E+05 -0.23965938363881E+04 -0.22253079836105E+04  0.59158411198179E+03 -0.56082469791263E+02 -0.25658971922621E+03 -0.16519027381934E+06  0.52116028780065E+05  0.35363582993843E+04 -0.99076477335915E+03 -0.10009037129713E+03 -0.27106763544036E+02 -0.57550622407489E-02 -0.26862766751007E+04  0.24264850664726E+03 -0.12316268115204E+04 -0.63322907504765E+03 -0.43860024936689E+04 -0.10969729207307E+02 -0.60015183742771E+04 -0.95095320939693E+03 -0.23733343315275E+04 -0.11112786540937E+05  0.00000000000000E+00  0.00000000000000E+00  0.00000000000000E+00  0.00000000000000E+00  0.00000000000000E+00  0.00000000000000E+00  0.31368191404534E+05  0.00000000000000E+00  0.00000000000000E+00  0.00000000000000E+00  0.00000000000000E+00  0.00000000000000E+00  0.00000000000000E+00  0.00000000000000E+00  0.00000000000000E+00
  -0.31289973164593E+04  0.41731345371045E+03 -0.12438319203233E+03 -0.83963460520058E+02  0.11368805265728E+02 -0.17132152960811E+02 -0.12744998392707E+02 -0.14949056328053E+04  0.22043670643074E+03  0.48006186939930E+02 -0.11965898963815E+02 -0.91139005961371E+02 -0.76229883487982E+01 -0.54967242990364E+00 -0.66359828616550E+03  0.61458070336594E+02 -0.28871343397041E+03 -0.15665218885786E+03 -0.35983877480586E+02  0.00000000000000E+00  0.00000000000000E+00  0.00000000000000E+00  0.00000000000000E+00  0.00000000000000E+00  0.00000000000000E+00  0.00000000000000E+00  0.00000000000000E+00  0.00000000000000E+00  0.00000000000000E+00  0.00000000000000E+00  0.00000000000000E+00  0.38907229939676E+04  0.00000000000000E+00  0.00000000000000E+00  0.00000000000000E+00  0.00000000000000E+00  0.00000000000000E+00  0.00000000000000E+00  0.00000000000000E+00
  -0.10113867425475E+05  0.26220380768267E+04 -0.50346858299372E+03 -0.25715435598849E+04  0.54995276779021E+03 -0.25065643912687E+03 -0.35221912155143E+03 -0.16007031191611E+04 -0.78051863807633E+03  0.19778578288787E+03 -0.26261626700743E+02 -0.21909499669293E+01 -0.24109399645616E+00 -0.79330987151981E-02 -0.23310046618867E+04  0.28135778936629E+03 -0.11139132088785E+04 -0.69556548103827E+03 -0.37524030264525E+04  0.00000000000000E+00  0.00000000000000E+00  0.00000000000000E+00  0.00000000000000E+00  0.00000000000000E+00  0.00000000000000E+00  0.00000000000000E+00  0.00000000000000E+00  0.00000000000000E+00  0.00000000000000E+00  0.00000000000000E+00  0.00000000000000E+00  0.00000000000000E+00  0.94568995343314E+04  0.00000000000000E+00  0.00000000000000E+00  0.00000000000000E+00  0.00000000000000E+00  0.00000000000000E+00  0.00000000000000E+00
  -0.35591949129786E+04  0.82674748934567E+03 -0.17365129551115E+03 -0.10165586733670E+04  0.20273968338758E+03 -0.11937172468048E+03 -0.14473710853779E+03 -0.55264088154514E+03 -0.48396167734654E+03  0.85801906575323E+02 -0.11854619255247E+02 -0.87876086655146E+00 -0.87337370355440E-01 -0.39398679388455E-02 -0.12841375746977E+04  0.14714997524193E+03 -0.61171540270134E+03 -0.37041880188660E+03 -0.11653185846307E+04  0.00000000000000E+00  0.00000000000000E+00  0.00000000000000E+00  0.00000000000000E+00  0.00000000000000E+00  0.00000000000000E+00  0.00000000000000E+00  0.00000000000000E+00  0.00000000000000E+00  0.00000000000000E+00  0.00000000000000E+00  0.00000000000000E+00  0.00000000000000E+00  0.00000000000000E+00  0.46711124090526E+04  0.00000000000000E+00  0.00000000000000E+00  0.00000000000000E+00  0.00000000000000E+00  0.00000000000000E+00
  -0.14609996127526E+05 -0.23053041058482E+04  0.77672943939935E+02 -0.75608888162013E+04  0.13847460460583E+03 -0.20460402197617E+04 -0.80424931869807E+03 -0.26269238091153E+06  0.11070066711007E+06  0.31478373134517E+04 -0.11471628376611E+04  0.40819949423867E+03  0.37903645843671E+02  0.31843987295871E-01 -0.33141796454693E+04 -0.70992260049317E+02 -0.19904253830198E+03  0.23577421812701E+03  0.33592104431022E+04  0.00000000000000E+00  0.00000000000000E+00  0.00000000000000E+00  0.00000000000000E+00  0.00000000000000E+00  0.00000000000000E+00  0.00000000000000E+00  0.00000000000000E+00  0.00000000000000E+00  0.00000000000000E+00  0.00000000000000E+00  0.00000000000000E+00  0.00000000000000E+00  0.00000000000000E+00  0.00000000000000E+00  0.11800573767244E+06  0.00000000000000E+00  0.00000000000000E+00  0.00000000000000E+00  0.00000000000000E+00
  -0.71335786969989E+05  0.84522616041286E+04 -0.26738613951178E+04 -0.66854872958525E+04  0.81357586138478E+03 -0.13939683754178E+04 -0.90694179521119E+03 -0.14252481150803E+06  0.45615610150036E+05  0.29618981787202E+04 -0.84986284284392E+03 -0.30449725997444E+04 -0.22753553430003E+03 -0.16584349010139E+02 -0.41745877176440E+03  0.14471675799204E+03 -0.46435740490452E+03 -0.38524308987297E+03 -0.27163207643211E+04  0.00000000000000E+00  0.00000000000000E+00 -0.28124988398202E+03 -0.17175003548777E+04  0.14412620489086E+04  0.00000000000000E+00  0.00000000000000E+00  0.00000000000000E+00  0.00000000000000E+00  0.00000000000000E+00  0.00000000000000E+00  0.00000000000000E+00  0.00000000000000E+00  0.00000000000000E+00  0.00000000000000E+00  0.00000000000000E+00  0.94235237482558E+05  0.00000000000000E+00  0.00000000000000E+00  0.00000000000000E+00
  -0.55212658446754E+05  0.68875309362623E+04 -0.21232226885739E+04 -0.19367507387862E+05  0.24402900053449E+04 -0.39257792437455E+04 -0.26417133327146E+04 -0.17576766645950E+06  0.55667108070509E+05  0.37464146808556E+04 -0.10564412497263E+04  0.80979727553776E-10  0.20274506745276E-10  0.60076834456979E-12 -0.45544704945260E+03  0.15625214101367E+03 -0.50113563721031E+03 -0.41466445196171E+03 -0.80454466097614E+04 -0.12376045347866E+02  0.20775178014826E+05 -0.91406483585392E+04 -0.23872493439514E+05 -0.10178469059524E+06  0.00000000000000E+00  0.00000000000000E+00  0.00000000000000E+00  0.00000000000000E+00  0.00000000000000E+00  0.00000000000000E+00  0.00000000000000E+00  0.00000000000000E+00  0.00000000000000E+00  0.00000000000000E+00  0.00000000000000E+00  0.00000000000000E+00  0.97325434629068E+05  0.00000000000000E+00  0.00000000000000E+00
  -0.85245914555617E+05  0.16336574142933E+05 -0.43053738987697E+04 -0.77281376058548E+04  0.17853803562775E+04 -0.28358300585701E+03 -0.97037505846092E+03 -0.10515085094672E+05  0.99941889163828E+03  0.97227794625040E+03 -0.90300976408173E+02  0.77731625946744E+02  0.14037426551888E+02  0.39399170346412E-02  0.17542893117595E+03 -0.44015511032874E+02  0.42920984327669E+02  0.61290727604537E+02 -0.55897477161991E+04  0.00000000000000E+00  0.00000000000000E+00  0.88292772706598E+03  0.20882048799148E+04  0.10508046022231E+05  0.00000000000000E+00  0.00000000000000E+00  0.00000000000000E+00  0.00000000000000E+00  0.00000000000000E+00  0.00000000000000E+00  0.00000000000000E+00  0.00000000000000E+00  0.00000000000000E+00  0.00000000000000E+00  0.00000000000000E+00  0.00000000000000E+00  0.00000000000000E+00  0.49545351748053E+05  0.00000000000000E+00
   0.14945172096905E+06 -0.22885414492182E+06  0.18188025696426E+05 -0.18236959650966E+06 -0.22749251619793E+05 -0.10522109022651E+06 -0.53365231572665E+05 -0.13676740767431E+07  0.29458132819630E+06  0.50323396736901E+05 -0.10212347177692E+05  0.32948996376427E-09  0.99326091173348E-10  0.11364176065503E-10  0.23912433319605E+05 -0.34998690121486E+04  0.13884138882848E+05  0.94751355649869E+04  0.44764739822697E+06 -0.16713445636089E+04 -0.28203697897898E+05 -0.68899213398764E+05 -0.17711412147699E+06 -0.39564730782864E+06  0.00000000000000E+00  0.00000000000000E+00  0.00000000000000E+00  0.00000000000000E+00  0.00000000000000E+00  0.00000000000000E+00  0.00000000000000E+00  0.00000000000000E+00  0.00000000000000E+00  0.00000000000000E+00  0.00000000000000E+00  0.00000000000000E+00  0.00000000000000E+00  0.00000000000000E+00  0.53683093763227E+06

 # Covariance matrix (Bevington epsilon)
   0.64929466231674E-03 -0.17034355161311E-03 -0.13465986290585E-01 -0.12173418054675E-03 -0.75718208672674E-03 -0.10551792303268E-03 -0.33251088266907E-03  0.59451122073315E-04  0.38349434499038E-04 -0.13039309706386E-02 -0.15251938792130E-01 -0.69121836968495E-03 -0.89725145190168E-02 -0.55203975172523E-01  0.22025438540383E-03  0.11192701789040E-01  0.24438409200350E-03  0.25398447878588E-02  0.66139580149411E-04  0.32814878404579E-01 -0.57534348177805E-04  0.16652482931099E-03 -0.36809534291123E-03  0.47145798794653E-04  0.26789607898690E-04  0.31164108166264E-04  0.17622464796274E-04  0.29828483589838E-04  0.29808741032534E-04 -0.34515301612234E-03 -0.88743314611118E-04  0.38036657193150E-04 -0.18688695997678E-04 -0.28572538187880E-04  0.69461959658704E-04  0.29263734966907E-04  0.29898199611381E-04  0.33422677235121E-04  0.28857951220311E-04
  -0.17034355161310E-03  0.21932716153011E-03  0.46386893897725E-02  0.21326852933359E-03  0.11668635240594E-02 -0.32880235048019E-03 -0.19867774712579E-03 -0.12439923376159E-04 -0.89173059379354E-05  0.95757517789453E-03  0.38943446899467E-02  0.31934608583259E-03  0.41772748182420E-02  0.35975977453504E-01  0.24821265948843E-04 -0.18300549255989E-02 -0.65138208100432E-03  0.52311262967665E-03  0.57889158230479E-04  0.11985873121618E-01  0.28731050036880E-04 -0.54120190058293E-03  0.27957154813898E-03  0.12276239528750E-04  0.79542872933050E-05  0.58646130738653E-05  0.46357857575838E-05  0.23872796233232E-05  0.33437974507775E-05  0.11626003020725E-03 -0.17459214363919E-05  0.99082433602837E-05  0.11429508120513E-04  0.10203575991627E-04 -0.28282726344388E-04  0.53506083528560E-05  0.43020638671511E-05  0.72809526134358E-05 -0.40598089663421E-05
