# fitpack15: fit parameters                                                                         
# CJ15 AV18 final data choices                                                                      
# Created on 04/11/2019 at 16:56:15                                                                 

 # QCD setup
  INS                           0
  NVL                          11
  IORD                          1
  Q02                   1.6899999999999999     
  IPARAMC                       7
  FLAVOR                5.0000000000000000     
  xmc                   1.3000000000000000     
  xmb                   4.5000000000000000     
  ncb                          12
  ihq                           1
  ias                           0

 # Theory corrections
  inuke                     10814
  itmc                          1
  iht                           1

 # fit parameters
 LAMBDA       0.22680        0.0000    
 a0uv          2.0637        0.0000    
 a1uv         0.58139       0.32323E-01
 a2uv          3.5687       0.15847E-01
 a3uv          0.0000        0.0000    
 a4uv          4.3293       0.85404    
 a5uv          0.0000        0.0000    
 a0dv          18.397        0.0000    
 a1dv          1.0705       0.68282E-01
 a2dv          6.5668       0.21804    
 a3dv         -3.6497       0.13050    
 a4dv          5.2755       0.39357    
 a5dv          0.0000        0.0000    
 a0ud         0.13860       0.58595E-02
 a1ud        -0.21320       0.44792E-02
 a2ud          8.7975       0.25551    
 a3ud          0.0000        0.0000    
 a4ud          17.733        2.0982    
 a5ud          0.0000        0.0000    
 a0du          35712.        0.0000    
 a1du          3.9594       0.97455E-01
 a2du          20.759       0.99454    
 a3du          17.000        0.0000    
 a4du          43.490        11.027    
 a0g           47.405        0.0000    
 a1g          0.60683       0.34355E-01
 a2g           6.8739       0.98936    
 a3g          -3.4170       0.15963    
 a4g           3.4888       0.40946    
 a5g           0.0000        0.0000    
 kappa        0.40000        0.0000    
 a6dv        -0.51734E-02   0.30578E-02
 a7dv          2.0000        0.0000    
 off1         -3.5665        2.7545    
 off2        -0.14263       0.25093    
 ht1          -3.8716       0.34278    
 ht2           2.1256       0.12638    
 ht3          -2.0764       0.20960E-01
 ht4           0.0000        0.0000    
 dummy40       0.0000        0.0000    
 dummy41       0.0000        0.0000    
 dummy42       0.0000        0.0000    
 dummy43       0.0000        0.0000    
 dummy44       0.0000        0.0000    
 dummy45       0.0000        0.0000    
 dummy46       0.0000        0.0000    
 dummy47       0.0000        0.0000    
 dummy48       0.0000        0.0000    
 dummy49       0.0000        0.0000    
 bcdmsh2      0.96900       0.50988E-02
 bcdmsd2      0.99063       0.60705E-02
 ccfr          1.0000        0.0000    
 nutev         1.0000        0.0000    
 zeus         0.97998        0.0000    
 h1            1.0162        0.0000    
 e605          1.0319        0.0000    
 NmcH2         1.0070       0.73694E-02
 ntv_nu        1.0000        0.0000    
 ntv_nubar     1.0000        0.0000    
 cdf_jet      0.98910        0.0000    
 d0_jet       0.83504        0.0000    
 slac_p        1.0017       0.52547E-02
 slac_d        1.0024       0.57813E-02
 e866pp       0.96247       0.24941E-01
 e866pd       0.96965       0.20895E-01
 d0_gamjet     1.0372       0.16655E-01
 h1b          0.97608        0.0000    
 jlab_p       0.99439        0.0000    
 jlab_d       0.97560        0.0000    
 blank         1.0000        0.0000    
 d0run2       0.94278       0.14373E-01
 cdfrun2      0.93075       0.17443E-01
 HERA_el       1.0000        0.0000    
 HERA_ps       1.0000        0.0000    
 CDF_Z        0.95826       0.75737E-02
 NmcRat        1.0000        0.0000    
 BNS_F2nd     0.98244        0.0000    
 HERMES_F2p   0.99503       0.59142E-02
 HERMES_F2d   0.97840       0.62077E-02
 e06009_d_c   0.95541       0.96031E-02
 END 0. 0.

 # Hessian matrix (Bevington alpha)
   0.39007396727297E+07 -0.10111033940727E+07  0.15362289909191E+06  0.68318123131739E+06 -0.12910042981321E+06  0.33658600898165E+05  0.72817045511624E+05  0.10953267374910E+07 -0.15594102781642E+06 -0.50882518478079E+05  0.77141122593932E+04  0.11906962372492E+05  0.13116737706691E+04 -0.20170104698399E+02  0.50249441091326E+05 -0.69126261130494E+04  0.40328929360654E+05  0.24053182245989E+05 -0.49119490318905E+07 -0.29729286449320E+04 -0.42738724036699E+04  0.22268252129975E+05  0.80869123409617E+05  0.18765116418348E+06 -0.13106418157416E+06 -0.55357456282218E+05 -0.49139088153121E+04 -0.86293444799948E+06 -0.11135337460852E+07 -0.21195567226066E+05 -0.47296201944503E+05 -0.31611848010267E+04 -0.90984620629838E+04 -0.32032231854309E+04 -0.17237231551189E+05 -0.73343616192400E+05 -0.57413622628943E+05 -0.16792138832040E+05
  -0.10111033940727E+07  0.32722541232863E+06 -0.40955497859885E+05 -0.14769788772065E+06  0.31158496674339E+05  0.15991833094320E+04 -0.11917825300973E+05 -0.13204595542934E+06  0.21249879674424E+05  0.68077914180025E+04 -0.89318684378717E+03 -0.76688738843451E+03 -0.86215928914972E+02  0.12448317467151E+01 -0.53893469961924E+04  0.67333824445051E+03 -0.42480609792015E+04 -0.24050623576072E+04  0.16275300059974E+07  0.88476507015830E+03 -0.98993408782068E+03 -0.23312000384213E+04 -0.12829119251253E+05 -0.36885851183907E+05  0.16787513512294E+05  0.82996787127291E+04 -0.21516404363460E+03  0.21140155774285E+06  0.26652397632637E+06  0.58755047518004E+04  0.13259492937116E+05  0.42034289897080E+03  0.24199608450004E+04  0.76444622875657E+03 -0.22527710310271E+04  0.86618057889797E+04  0.72522721300770E+04  0.10740363456207E+04
   0.15362289909191E+06 -0.40955497859885E+05  0.61087970533762E+04  0.26496396922055E+05 -0.51293707907533E+04  0.10358434554429E+04  0.27549838851423E+04  0.33407995875926E+05 -0.42087347984346E+04 -0.17712774219865E+04  0.24217865470024E+03  0.27834018851796E+03  0.38407843666032E+02 -0.10817210737919E+01  0.13300311371427E+04 -0.19601432751870E+03  0.10817044231321E+04  0.66212434473787E+03 -0.19929261492295E+06 -0.11967400392133E+03 -0.14596630168706E+03  0.81966248427258E+03  0.29936230092110E+04  0.71456688863564E+04 -0.48568579909131E+04 -0.20591819153916E+04  0.28807957543778E+02 -0.33336802269333E+05 -0.43269673018114E+05 -0.85275509517796E+03 -0.19098187721273E+04 -0.10397455270437E+03 -0.35997084487380E+03 -0.12531490273570E+03 -0.42332290057389E+02 -0.22885911553949E+04 -0.18381268227423E+04 -0.62655898509774E+03
   0.68318123131739E+06 -0.14769788772065E+06  0.26496396922055E+05  0.20231249253296E+06 -0.35321975703632E+05  0.17844226678377E+05  0.25041763717260E+05  0.27686438905766E+06 -0.40725880176845E+05 -0.13325541377628E+05  0.19402812702520E+04  0.99985740342943E+03  0.98285226040872E+02  0.49956646296431E+01  0.10487162505947E+05 -0.14103920111992E+04  0.77624732538452E+04  0.46776385381288E+04 -0.98021192216668E+06 -0.84482564461453E+03 -0.40404440645653E+04  0.10505317895693E+05  0.30928512072394E+05  0.88431561294539E+05 -0.13331281966802E+05 -0.22032522317997E+05 -0.21165640978995E+03 -0.68281936868624E+05 -0.35157327556198E+06 -0.14896574613239E+04 -0.24795892743867E+04 -0.70798095321122E+02 -0.25191229309252E+04 -0.97911855020071E+03 -0.11677429672720E+05 -0.76818722547036E+04 -0.22575050839691E+05 -0.88008519990681E+04
  -0.12910042981321E+06  0.31158496674339E+05 -0.51293707907533E+04 -0.35321975703632E+05  0.68282012466227E+04 -0.16742007178744E+04 -0.39445359055733E+04 -0.24349985967948E+05  0.17098499331514E+04  0.17047504732087E+04 -0.19120694557346E+03 -0.19779051304001E+03 -0.15027432854372E+02 -0.76253759633430E+00 -0.10088723850173E+04  0.13456111982538E+03 -0.72078862288675E+03 -0.43045359570022E+03  0.21298352018644E+06  0.17397860105419E+03  0.57055774744553E+03 -0.15765237908380E+04 -0.46171565460952E+04 -0.13996345348909E+05  0.20017378656192E+04  0.33689374654029E+04 -0.48420344546670E+02  0.11764486968861E+05  0.62073941941436E+05  0.34189130197542E+03  0.55689680442294E+03  0.87180601953695E+01  0.46057827753810E+03  0.17058232257571E+03  0.49090404317943E+03  0.83122008432375E+03  0.25462781241586E+04  0.12316541010065E+04
   0.33658600898165E+05  0.15991833094320E+04  0.10358434554429E+04  0.17844226678377E+05 -0.16742007178744E+04  0.50608030121456E+04  0.33420224242269E+04  0.69016127618643E+05 -0.12397694772407E+05 -0.25156608212341E+04  0.46176660254186E+03  0.92009917825995E+02  0.14551481082079E+02  0.15199980692457E+01  0.21028214080418E+04 -0.32009843454444E+03  0.16096032301685E+04  0.10489419845265E+04  0.23324835384694E+05 -0.84201423271876E+01 -0.77544530054158E+03  0.14707039319338E+04  0.43129232850210E+04  0.10370021693716E+05 -0.20457359501328E+04 -0.31221042958177E+04  0.64950924614931E+02 -0.60060265419869E+04 -0.28059504628248E+05  0.48918468015431E+02  0.59905646236730E+02 -0.14795515515640E+02 -0.15678658112212E+03 -0.87147963947757E+02 -0.31346666909923E+04 -0.16196828411354E+04 -0.45788327995571E+04 -0.12722884271298E+04
   0.72817045511624E+05 -0.11917825300973E+05  0.27549838851423E+04  0.25041763717260E+05 -0.39445359055733E+04  0.33420224242269E+04  0.35890331387932E+04  0.38941618347227E+05 -0.49503051010941E+04 -0.19757100850746E+04  0.28247986104729E+03  0.14913918731099E+03  0.14566619996348E+02  0.10365276382830E+01  0.11843649416278E+04 -0.18006194519660E+03  0.83025264717933E+03  0.54684046456288E+03 -0.74153283171713E+05 -0.79663232795929E+02 -0.69977044959833E+03  0.14766773048072E+04  0.42671662309596E+04  0.11247901285285E+05 -0.20033845276663E+04 -0.31384180759443E+04  0.95809957048509E+02 -0.79704294114721E+04 -0.41008194437809E+05 -0.12666094675289E+03 -0.20483053967748E+03 -0.10722252068688E+02 -0.28158719498042E+03 -0.11966001033506E+03 -0.13666152791685E+04 -0.10084398554592E+04 -0.29641177849711E+04 -0.14167204720997E+04
   0.10953267374910E+07 -0.13204595542934E+06  0.33407995875926E+05  0.27686438905766E+06 -0.24349985967948E+05  0.69016127618643E+05  0.38941618347227E+05  0.55519767496001E+07 -0.24785040107889E+07 -0.85982932719222E+05  0.23652307144689E+05  0.33253532978242E+05  0.21666551216250E+04  0.10776209732421E+03  0.71349222449453E+05 -0.92912367149724E+04  0.65492173450383E+05  0.35938609402705E+05 -0.29214654873522E+06 -0.73914962755812E+02 -0.61718054884025E+04  0.28350950558705E+05  0.89363613758069E+05  0.23079538275255E+06 -0.61865137924580E+05 -0.50139873278980E+05 -0.72092552260348E+05 -0.29152709767861E+06 -0.57579250444673E+06 -0.76504853323335E+05 -0.17013433337007E+06 -0.13677053594117E+04  0.52771247797090E+03  0.38320748419218E+03 -0.28419601678399E+06 -0.14667806012644E+06 -0.18296319770972E+06 -0.11690016933310E+05
  -0.15594102781642E+06  0.21249879674424E+05 -0.42087347984346E+04 -0.40725880176845E+05  0.17098499331514E+04 -0.12397694772407E+05 -0.49503051010941E+04 -0.24785040107889E+07  0.19281470531906E+07  0.19482811390932E+05 -0.60477391351480E+04 -0.63493606148897E+04 -0.32713390906604E+03 -0.27361743243503E+02  0.46914080330269E+05 -0.21235596942747E+04  0.13395468094043E+05  0.64157747725880E+04  0.62989655923245E+03 -0.61068110335559E+02  0.84004361141494E+03 -0.66791562087533E+04 -0.21166294530581E+05 -0.57785169947162E+05  0.11080579163009E+05  0.10639993785822E+05  0.24789670148560E+05  0.65374695235750E+05  0.12520913699528E+06  0.23252872789304E+05  0.51874362961989E+05  0.16933775661764E+03 -0.13178144103752E+04 -0.72452825753932E+03  0.11427739339876E+06  0.45006292560921E+05  0.55630346889639E+05  0.18685546579292E+04
  -0.50882518478079E+05  0.68077914180025E+04 -0.17712774219865E+04 -0.13325541377628E+05  0.17047504732087E+04 -0.25156608212341E+04 -0.19757100850746E+04 -0.85982932719222E+05  0.19482811390932E+05  0.23916013931801E+04 -0.51549125954210E+03 -0.80493233203937E+03 -0.68170154530356E+02 -0.81019154808848E+00 -0.32539982018586E+04  0.40347576905229E+03 -0.25036549646968E+04 -0.14521600753817E+04  0.27143500826518E+05  0.22487103387755E+02  0.31451413341294E+03 -0.93498751350176E+03 -0.28765082052262E+04 -0.69334815466369E+04  0.26155440569515E+04  0.18149350605597E+04  0.72907817594080E+03  0.10376466038216E+05  0.21607611055011E+05  0.14782343366791E+04  0.32139465472878E+04  0.41704032224339E+02  0.11758249186183E+03  0.52820395163369E+02  0.31553803259725E+04  0.27716427242380E+04  0.35361732990013E+04  0.63693334262134E+03
   0.77141122593932E+04 -0.89318684378717E+03  0.24217865470024E+03  0.19402812702520E+04 -0.19120694557346E+03  0.46176660254186E+03  0.28247986104729E+03  0.23652307144689E+05 -0.60477391351480E+04 -0.51549125954210E+03  0.13201830688851E+03  0.21442357140815E+03  0.15041484340332E+02  0.48970771238505E+00  0.94357032882421E+03 -0.10348117540393E+03  0.69924425828231E+03  0.38536244714532E+03 -0.25462069648300E+04 -0.12329957404015E+01 -0.43037304416792E+02  0.16616901818557E+03  0.52338400421596E+03  0.13152968920187E+04 -0.40194268383926E+03 -0.30702196054371E+03 -0.31451050490704E+03 -0.17462500212473E+04 -0.34859998460358E+04 -0.38840659306590E+03 -0.86312556112671E+03 -0.95253160646939E+01 -0.10003341539994E+02 -0.47531925253670E+01 -0.10714083906813E+04 -0.74314234705575E+03 -0.93297133125156E+03 -0.76897324492351E+02
   0.11906962372492E+05 -0.76688738843451E+03  0.27834018851796E+03  0.99985740342943E+03 -0.19779051304001E+03  0.92009917825995E+02  0.14913918731099E+03  0.33253532978242E+05 -0.63493606148897E+04 -0.80493233203937E+03  0.21442357140815E+03  0.20103857469423E+04  0.12170318064826E+03  0.18118471152337E+01  0.21589424264508E+04 -0.28217130070178E+03  0.19307354859579E+04  0.11046779674786E+04 -0.58678810378586E+04 -0.57158097260090E+01  0.25356343743688E+02 -0.10643689805028E+03 -0.11148732378044E+03 -0.17534307393220E+04 -0.11406111640210E+04  0.94779404150990E-11 -0.86636248185822E+03 -0.52813168794219E+04  0.17252702521023E-09 -0.27228728131642E+04 -0.62009327876277E+02 -0.87722809623390E+02 -0.18745075798114E+01 -0.81359404218616E+00  0.33357662720704E+03 -0.30676738762545E+04  0.89508200730783E-10 -0.26679785314017E-10
   0.13116737706691E+04 -0.86215928914972E+02  0.38407843666032E+02  0.98285226040872E+02 -0.15027432854372E+02  0.14551481082079E+02  0.14566619996348E+02  0.21666551216250E+04 -0.32713390906604E+03 -0.68170154530356E+02  0.15041484340332E+02  0.12170318064826E+03  0.10120238282997E+02 -0.50808080700692E-01  0.12916889365526E+03 -0.19100026386706E+02  0.11800119417927E+03  0.72040807256956E+02 -0.37508471836685E+03 -0.18265566165988E+00  0.45931841857081E+01 -0.40814685335765E+01  0.56460853204468E+01 -0.11668533784844E+03 -0.16312479627965E+03 -0.48948101231885E-12 -0.31547370939621E+02 -0.59241946000318E+03  0.13738394970637E-10 -0.16200683510108E+03 -0.15894975616582E+02 -0.66992059477381E+01 -0.18626403569156E+00 -0.73206404318148E-01  0.31736818021572E+02 -0.21021596496723E+03  0.21286644979656E-11 -0.26523829895808E-11
  -0.20170104698399E+02  0.12448317467151E+01 -0.10817210737919E+01  0.49956646296431E+01 -0.76253759633430E+00  0.15199980692457E+01  0.10365276382830E+01  0.10776209732421E+03 -0.27361743243503E+02 -0.81019154808848E+00  0.48970771238505E+00  0.18118471152337E+01 -0.50808080700692E-01  0.60414200838516E-01  0.10162646782944E+02 -0.48852510779402E+00  0.45027768432919E+01  0.16640780800788E+01 -0.17747798683766E+02 -0.62461396381981E-01 -0.76985691344512E+00 -0.68985458088880E+00 -0.16661672289528E+01 -0.80297774340779E+01  0.59619584501739E-01  0.71689554485570E-13 -0.95403025760266E+01 -0.21752546598194E+01  0.22948694821512E-11 -0.67261976501017E+01 -0.18881626051333E-03 -0.24101998894910E+00 -0.30162185481797E-02 -0.16329762374711E-02 -0.18171746538950E+01 -0.64250313512604E+01  0.96295635024760E-12 -0.33702187804527E-12
   0.50249441091326E+05 -0.53893469961924E+04  0.13300311371427E+04  0.10487162505947E+05 -0.10088723850173E+04  0.21028214080418E+04  0.11843649416278E+04  0.71349222449453E+05  0.46914080330269E+05 -0.32539982018586E+04  0.94357032882421E+03  0.21589424264508E+04  0.12916889365526E+03  0.10162646782944E+02  0.45964702347105E+05 -0.42229767358718E+04  0.29217262882489E+05  0.15373694835319E+05 -0.28370673638329E+05  0.11718466972695E+02  0.70490099774856E+02 -0.71556620579859E+02 -0.27857182148320E+03  0.54760593748300E+03 -0.27712979847009E+04 -0.18026587875019E+04 -0.25027739533775E+04  0.20387349669257E+04  0.44648565357623E+04 -0.15432905471751E+04 -0.29399767491189E+04 -0.73553657850853E+03 -0.29235773972198E+04 -0.15490382216660E+04 -0.24759614962149E+04 -0.92777563505810E+03 -0.10391114220391E+04  0.42215883830747E+03
  -0.69126261130494E+04  0.67333824445051E+03 -0.19601432751870E+03 -0.14103920111992E+04  0.13456111982538E+03 -0.32009843454444E+03 -0.18006194519660E+03 -0.92912367149724E+04 -0.21235596942747E+04  0.40347576905229E+03 -0.10348117540393E+03 -0.28217130070178E+03 -0.19100026386706E+02 -0.48852510779402E+00 -0.42229767358718E+04  0.45756066809111E+03 -0.30552559504621E+04 -0.16850919237206E+04  0.34395188948578E+04 -0.19663901045223E+01 -0.63080233911706E+01  0.25410980975606E+01  0.80770515505344E+01 -0.15920965865429E+03  0.50872959816271E+03  0.31710736303301E+03  0.29076230625219E+03 -0.17115432964387E+03 -0.52199981676781E+03  0.16039887715034E+03  0.30462164005486E+03  0.81764105141742E+02  0.44339487707227E+03  0.21924626907313E+03 -0.29743018850801E+03  0.25481285858596E+03  0.28431568594965E+03 -0.82401406093941E+02
   0.40328929360654E+05 -0.42480609792015E+04  0.10817044231321E+04  0.77624732538452E+04 -0.72078862288675E+03  0.16096032301685E+04  0.83025264717933E+03  0.65492173450383E+05  0.13395468094043E+05 -0.25036549646968E+04  0.69924425828231E+03  0.19307354859579E+04  0.11800119417927E+03  0.45027768432919E+01  0.29217262882489E+05 -0.30552559504621E+04  0.20991724775513E+05  0.11376548837892E+05 -0.22232914593543E+05  0.10058044289915E+02  0.81152261177489E+02 -0.91419105853248E+02 -0.33668536964836E+03  0.29900334671718E+03 -0.21665438247056E+04 -0.14061409845791E+04 -0.23097122863518E+04  0.19932629153006E+04  0.40809909305133E+04 -0.11881633915803E+04 -0.22700221116547E+04 -0.54881679052514E+03 -0.22352732693266E+04 -0.12159158432373E+04  0.71861920165350E+03 -0.13445643546842E+04 -0.14869422748418E+04  0.31017629899249E+03
   0.24053182245989E+05 -0.24050623576072E+04  0.66212434473787E+03  0.46776385381288E+04 -0.43045359570022E+03  0.10489419845265E+04  0.54684046456288E+03  0.35938609402705E+05  0.64157747725880E+04 -0.14521600753817E+04  0.38536244714532E+03  0.11046779674786E+04  0.72040807256956E+02  0.16640780800788E+01  0.15373694835319E+05 -0.16850919237206E+04  0.11376548837892E+05  0.62724954365004E+04 -0.12650929071809E+05  0.68592196823183E+01  0.42030807381814E+02 -0.43906022763886E+02 -0.14805240143474E+03  0.33676911048720E+03 -0.15901827242194E+04 -0.99895579658714E+03 -0.11782818457534E+04  0.95573064051777E+03  0.22909950309403E+04 -0.60898311508737E+03 -0.11647967698201E+04 -0.30672252724620E+03 -0.14758035455733E+04 -0.76841111492442E+03  0.10995071266956E+04 -0.98782838218009E+03 -0.10933260193256E+04  0.25917749629616E+03
  -0.49119490318905E+07  0.16275300059974E+07 -0.19929261492295E+06 -0.98021192216668E+06  0.21298352018644E+06  0.23324835384694E+05 -0.74153283171713E+05 -0.29214654873522E+06  0.62989655923245E+03  0.27143500826518E+05 -0.25462069648300E+04 -0.58678810378586E+04 -0.37508471836685E+03 -0.17747798683766E+02 -0.28370673638329E+05  0.34395188948578E+04 -0.22232914593543E+05 -0.12650929071809E+05  0.11402967004084E+08  0.74735053931104E+04 -0.91716662541328E+04 -0.27574507793847E+05 -0.10430456657534E+06 -0.39497565683079E+06  0.25447618077779E+05  0.56794330108908E+05 -0.78743107981929E+03  0.42239966280372E+06  0.20618685267429E+07  0.13634762804968E+05  0.23364915294479E+05  0.15062068437590E+03  0.17928604844887E+05  0.56323531858217E+04 -0.11844018692284E+05  0.15634352913922E+05  0.48275415313767E+05  0.13170263828494E+04
  -0.29729286449320E+04  0.88476507015830E+03 -0.11967400392133E+03 -0.84482564461453E+03  0.17397860105419E+03 -0.84201423271876E+01 -0.79663232795929E+02 -0.73914962755812E+02 -0.61068110335559E+02  0.22487103387755E+02 -0.12329957404015E+01 -0.57158097260090E+01 -0.18265566165988E+00 -0.62461396381981E-01  0.11718466972695E+02 -0.19663901045223E+01  0.10058044289915E+02  0.68592196823183E+01  0.74735053931104E+04  0.61008927066906E+01  0.47011651739322E+01 -0.35249159919685E+02 -0.10891348470736E+03 -0.37852130483991E+03  0.00000000000000E+00  0.56203639742636E+02  0.00000000000000E+00  0.00000000000000E+00  0.17959514085154E+04  0.00000000000000E+00 -0.20777148710387E+02  0.00000000000000E+00  0.00000000000000E+00  0.00000000000000E+00  0.00000000000000E+00  0.00000000000000E+00  0.39720502344408E+02  0.23148775819247E+02
  -0.42738724036699E+04 -0.98993408782068E+03 -0.14596630168706E+03 -0.40404440645653E+04  0.57055774744553E+03 -0.77544530054158E+03 -0.69977044959833E+03 -0.61718054884025E+04  0.84004361141494E+03  0.31451413341294E+03 -0.43037304416792E+02  0.25356343743688E+02  0.45931841857081E+01 -0.76985691344512E+00  0.70490099774856E+02 -0.63080233911706E+01  0.81152261177489E+02  0.42030807381814E+02 -0.91716662541328E+04  0.47011651739322E+01  0.26170956999160E+03 -0.29422399930277E+03 -0.75432828026317E+03 -0.19191703522075E+04  0.00000000000000E+00  0.75670119266467E+03  0.00000000000000E+00  0.00000000000000E+00  0.58267530539900E+04  0.00000000000000E+00 -0.51580110068385E+02  0.00000000000000E+00  0.00000000000000E+00  0.00000000000000E+00  0.00000000000000E+00  0.00000000000000E+00  0.61167041182868E+03  0.34740202170267E+03
   0.22268252129975E+05 -0.23312000384213E+04  0.81966248427258E+03  0.10505317895693E+05 -0.15765237908380E+04  0.14707039319338E+04  0.14766773048072E+04  0.28350950558705E+05 -0.66791562087533E+04 -0.93498751350176E+03  0.16616901818557E+03 -0.10643689805028E+03 -0.40814685335765E+01 -0.68985458088880E+00 -0.71556620579859E+02  0.25410980975606E+01 -0.91419105853248E+02 -0.43906022763886E+02 -0.27574507793847E+05 -0.35249159919685E+02 -0.29422399930277E+03  0.94660490676778E+03  0.26025433746065E+04  0.75943969516184E+04 -0.42546509090652E+02 -0.14598976995451E+04  0.46424007969165E+01  0.94201172670212E+03 -0.21600187031939E+05  0.00000000000000E+00 -0.53714266223379E+03  0.00000000000000E+00  0.00000000000000E+00  0.00000000000000E+00  0.00000000000000E+00 -0.27483339742082E+03 -0.23719184288425E+04 -0.84850672110394E+03
   0.80869123409617E+05 -0.12829119251253E+05  0.29936230092110E+04  0.30928512072394E+05 -0.46171565460952E+04  0.43129232850210E+04  0.42671662309596E+04  0.89363613758069E+05 -0.21166294530581E+05 -0.28765082052262E+04  0.52338400421596E+03 -0.11148732378044E+03  0.56460853204468E+01 -0.16661672289528E+01 -0.27857182148320E+03  0.80770515505344E+01 -0.33668536964836E+03 -0.14805240143474E+03 -0.10430456657534E+06 -0.10891348470736E+03 -0.75432828026317E+03  0.26025433746065E+04  0.75647013357842E+04  0.21025112972434E+05 -0.15172071183806E+03 -0.36829965877272E+04 -0.13951651788689E+02 -0.51690639354097E+04 -0.64913805399233E+05  0.00000000000000E+00 -0.13405697657995E+04  0.00000000000000E+00  0.00000000000000E+00  0.00000000000000E+00  0.00000000000000E+00 -0.17669017824517E+04 -0.70374132536971E+04 -0.22714054715491E+04
   0.18765116418348E+06 -0.36885851183907E+05  0.71456688863564E+04  0.88431561294539E+05 -0.13996345348909E+05  0.10370021693716E+05  0.11247901285285E+05  0.23079538275255E+06 -0.57785169947162E+05 -0.69334815466369E+04  0.13152968920187E+04 -0.17534307393220E+04 -0.11668533784844E+03 -0.80297774340779E+01  0.54760593748300E+03 -0.15920965865429E+03  0.29900334671718E+03  0.33676911048720E+03 -0.39497565683079E+06 -0.37852130483991E+03 -0.19191703522075E+04  0.75943969516184E+04  0.21025112972434E+05  0.73502143903859E+05  0.24696070110451E+03 -0.16651055254318E+05 -0.44110550126804E+01  0.39341840740491E+05 -0.19538090673526E+06  0.00000000000000E+00 -0.62770194037415E+04  0.00000000000000E+00  0.00000000000000E+00  0.00000000000000E+00  0.00000000000000E+00  0.15412783744095E+04 -0.22765346475043E+05 -0.36245094231636E+04
  -0.13106418157416E+06  0.16787513512294E+05 -0.48568579909131E+04 -0.13331281966802E+05  0.20017378656192E+04 -0.20457359501328E+04 -0.20033845276663E+04 -0.61865137924580E+05  0.11080579163009E+05  0.26155440569515E+04 -0.40194268383926E+03 -0.11406111640210E+04 -0.16312479627965E+03  0.59619584501739E-01 -0.27712979847009E+04  0.50872959816271E+03 -0.21665438247056E+04 -0.15901827242194E+04  0.25447618077779E+05  0.00000000000000E+00  0.00000000000000E+00 -0.42546509090652E+02 -0.15172071183806E+03  0.24696070110451E+03  0.11720837125323E+06  0.00000000000000E+00  0.00000000000000E+00  0.00000000000000E+00  0.00000000000000E+00  0.00000000000000E+00  0.00000000000000E+00  0.00000000000000E+00  0.00000000000000E+00  0.00000000000000E+00  0.00000000000000E+00  0.00000000000000E+00  0.00000000000000E+00  0.00000000000000E+00
  -0.55357456282218E+05  0.82996787127291E+04 -0.20591819153916E+04 -0.22032522317997E+05  0.33689374654029E+04 -0.31221042958177E+04 -0.31384180759443E+04 -0.50139873278980E+05  0.10639993785822E+05  0.18149350605597E+04 -0.30702196054371E+03  0.94779404150990E-11 -0.48948101231885E-12  0.71689554485570E-13 -0.18026587875019E+04  0.31710736303301E+03 -0.14061409845791E+04 -0.99895579658714E+03  0.56794330108908E+05  0.56203639742636E+02  0.75670119266467E+03 -0.14598976995451E+04 -0.36829965877272E+04 -0.16651055254318E+05  0.00000000000000E+00  0.64875454350029E+05  0.00000000000000E+00  0.00000000000000E+00  0.00000000000000E+00  0.00000000000000E+00  0.00000000000000E+00  0.00000000000000E+00  0.00000000000000E+00  0.00000000000000E+00  0.00000000000000E+00  0.00000000000000E+00  0.00000000000000E+00  0.00000000000000E+00
  -0.49139088153121E+04 -0.21516404363460E+03  0.28807957543778E+02 -0.21165640978995E+03 -0.48420344546670E+02  0.64950924614931E+02  0.95809957048509E+02 -0.72092552260348E+05  0.24789670148560E+05  0.72907817594080E+03 -0.31451050490704E+03 -0.86636248185822E+03 -0.31547370939621E+02 -0.95403025760266E+01 -0.25027739533775E+04  0.29076230625219E+03 -0.23097122863518E+04 -0.11782818457534E+04 -0.78743107981929E+03  0.00000000000000E+00  0.00000000000000E+00  0.46424007969165E+01 -0.13951651788689E+02 -0.44110550126804E+01  0.00000000000000E+00  0.00000000000000E+00  0.30777601550783E+05  0.00000000000000E+00  0.00000000000000E+00  0.00000000000000E+00  0.00000000000000E+00  0.00000000000000E+00  0.00000000000000E+00  0.00000000000000E+00  0.00000000000000E+00  0.00000000000000E+00  0.00000000000000E+00  0.00000000000000E+00
  -0.86293444799948E+06  0.21140155774285E+06 -0.33336802269333E+05 -0.68281936868624E+05  0.11764486968861E+05 -0.60060265419869E+04 -0.79704294114721E+04 -0.29152709767861E+06  0.65374695235750E+05  0.10376466038216E+05 -0.17462500212473E+04 -0.52813168794219E+04 -0.59241946000318E+03 -0.21752546598194E+01  0.20387349669257E+04 -0.17115432964387E+03  0.19932629153006E+04  0.95573064051777E+03  0.42239966280372E+06  0.00000000000000E+00  0.00000000000000E+00  0.94201172670212E+03 -0.51690639354097E+04  0.39341840740491E+05  0.00000000000000E+00  0.00000000000000E+00  0.00000000000000E+00  0.58112297580963E+06  0.00000000000000E+00  0.00000000000000E+00  0.00000000000000E+00  0.00000000000000E+00  0.00000000000000E+00  0.00000000000000E+00  0.00000000000000E+00  0.00000000000000E+00  0.00000000000000E+00  0.00000000000000E+00
  -0.11135337460852E+07  0.26652397632637E+06 -0.43269673018114E+05 -0.35157327556198E+06  0.62073941941436E+05 -0.28059504628248E+05 -0.41008194437809E+05 -0.57579250444673E+06  0.12520913699528E+06  0.21607611055011E+05 -0.34859998460358E+04  0.17252702521023E-09  0.13738394970637E-10  0.22948694821512E-11  0.44648565357623E+04 -0.52199981676781E+03  0.40809909305133E+04  0.22909950309403E+04  0.20618685267429E+07  0.17959514085154E+04  0.58267530539900E+04 -0.21600187031939E+05 -0.64913805399233E+05 -0.19538090673526E+06  0.00000000000000E+00  0.00000000000000E+00  0.00000000000000E+00  0.00000000000000E+00  0.92062441784900E+06  0.00000000000000E+00  0.00000000000000E+00  0.00000000000000E+00  0.00000000000000E+00  0.00000000000000E+00  0.00000000000000E+00  0.00000000000000E+00  0.00000000000000E+00  0.00000000000000E+00
  -0.21195567226066E+05  0.58755047518004E+04 -0.85275509517796E+03 -0.14896574613239E+04  0.34189130197542E+03  0.48918468015431E+02 -0.12666094675289E+03 -0.76504853323335E+05  0.23252872789304E+05  0.14782343366791E+04 -0.38840659306590E+03 -0.27228728131642E+04 -0.16200683510108E+03 -0.67261976501017E+01 -0.15432905471751E+04  0.16039887715034E+03 -0.11881633915803E+04 -0.60898311508737E+03  0.13634762804968E+05  0.00000000000000E+00  0.00000000000000E+00  0.00000000000000E+00  0.00000000000000E+00  0.00000000000000E+00  0.00000000000000E+00  0.00000000000000E+00  0.00000000000000E+00  0.00000000000000E+00  0.00000000000000E+00  0.14861974473521E+05  0.00000000000000E+00  0.00000000000000E+00  0.00000000000000E+00  0.00000000000000E+00  0.00000000000000E+00  0.00000000000000E+00  0.00000000000000E+00  0.00000000000000E+00
  -0.47296201944503E+05  0.13259492937116E+05 -0.19098187721273E+04 -0.24795892743867E+04  0.55689680442294E+03  0.59905646236730E+02 -0.20483053967748E+03 -0.17013433337007E+06  0.51874362961989E+05  0.32139465472878E+04 -0.86312556112671E+03 -0.62009327876277E+02 -0.15894975616582E+02 -0.18881626051333E-03 -0.29399767491189E+04  0.30462164005486E+03 -0.22700221116547E+04 -0.11647967698201E+04  0.23364915294479E+05 -0.20777148710387E+02 -0.51580110068385E+02 -0.53714266223379E+03 -0.13405697657995E+04 -0.62770194037415E+04  0.00000000000000E+00  0.00000000000000E+00  0.00000000000000E+00  0.00000000000000E+00  0.00000000000000E+00  0.00000000000000E+00  0.31398990780964E+05  0.00000000000000E+00  0.00000000000000E+00  0.00000000000000E+00  0.00000000000000E+00  0.00000000000000E+00  0.00000000000000E+00  0.00000000000000E+00
  -0.31611848010267E+04  0.42034289897080E+03 -0.10397455270437E+03 -0.70798095321122E+02  0.87180601953695E+01 -0.14795515515640E+02 -0.10722252068688E+02 -0.13677053594117E+04  0.16933775661764E+03  0.41704032224339E+02 -0.95253160646939E+01 -0.87722809623390E+02 -0.66992059477381E+01 -0.24101998894910E+00 -0.73553657850853E+03  0.81764105141742E+02 -0.54881679052514E+03 -0.30672252724620E+03  0.15062068437590E+03  0.00000000000000E+00  0.00000000000000E+00  0.00000000000000E+00  0.00000000000000E+00  0.00000000000000E+00  0.00000000000000E+00  0.00000000000000E+00  0.00000000000000E+00  0.00000000000000E+00  0.00000000000000E+00  0.00000000000000E+00  0.00000000000000E+00  0.37941107423224E+04  0.00000000000000E+00  0.00000000000000E+00  0.00000000000000E+00  0.00000000000000E+00  0.00000000000000E+00  0.00000000000000E+00
  -0.90984620629838E+04  0.24199608450004E+04 -0.35997084487380E+03 -0.25191229309252E+04  0.46057827753810E+03 -0.15678658112212E+03 -0.28158719498042E+03  0.52771247797090E+03 -0.13178144103752E+04  0.11758249186183E+03 -0.10003341539994E+02 -0.18745075798114E+01 -0.18626403569156E+00 -0.30162185481797E-02 -0.29235773972198E+04  0.44339487707227E+03 -0.22352732693266E+04 -0.14758035455733E+04  0.17928604844887E+05  0.00000000000000E+00  0.00000000000000E+00  0.00000000000000E+00  0.00000000000000E+00  0.00000000000000E+00  0.00000000000000E+00  0.00000000000000E+00  0.00000000000000E+00  0.00000000000000E+00  0.00000000000000E+00  0.00000000000000E+00  0.00000000000000E+00  0.00000000000000E+00  0.82785099984617E+04  0.00000000000000E+00  0.00000000000000E+00  0.00000000000000E+00  0.00000000000000E+00  0.00000000000000E+00
  -0.32032231854309E+04  0.76444622875657E+03 -0.12531490273570E+03 -0.97911855020071E+03  0.17058232257571E+03 -0.87147963947757E+02 -0.11966001033506E+03  0.38320748419218E+03 -0.72452825753932E+03  0.52820395163369E+02 -0.47531925253670E+01 -0.81359404218616E+00 -0.73206404318148E-01 -0.16329762374711E-02 -0.15490382216660E+04  0.21924626907313E+03 -0.12159158432373E+04 -0.76841111492442E+03  0.56323531858217E+04  0.00000000000000E+00  0.00000000000000E+00  0.00000000000000E+00  0.00000000000000E+00  0.00000000000000E+00  0.00000000000000E+00  0.00000000000000E+00  0.00000000000000E+00  0.00000000000000E+00  0.00000000000000E+00  0.00000000000000E+00  0.00000000000000E+00  0.00000000000000E+00  0.00000000000000E+00  0.42284750339423E+04  0.00000000000000E+00  0.00000000000000E+00  0.00000000000000E+00  0.00000000000000E+00
  -0.17237231551189E+05 -0.22527710310271E+04 -0.42332290057389E+02 -0.11677429672720E+05  0.49090404317943E+03 -0.31346666909923E+04 -0.13666152791685E+04 -0.28419601678399E+06  0.11427739339876E+06  0.31553803259725E+04 -0.10714083906813E+04  0.33357662720704E+03  0.31736818021572E+02 -0.18171746538950E+01 -0.24759614962149E+04 -0.29743018850801E+03  0.71861920165350E+03  0.10995071266956E+04 -0.11844018692284E+05  0.00000000000000E+00  0.00000000000000E+00  0.00000000000000E+00  0.00000000000000E+00  0.00000000000000E+00  0.00000000000000E+00  0.00000000000000E+00  0.00000000000000E+00  0.00000000000000E+00  0.00000000000000E+00  0.00000000000000E+00  0.00000000000000E+00  0.00000000000000E+00  0.00000000000000E+00  0.00000000000000E+00  0.12578038529706E+06  0.00000000000000E+00  0.00000000000000E+00  0.00000000000000E+00
  -0.73343616192400E+05  0.86618057889797E+04 -0.22885911553949E+04 -0.76818722547036E+04  0.83122008432375E+03 -0.16196828411354E+04 -0.10084398554592E+04 -0.14667806012644E+06  0.45006292560921E+05  0.27716427242380E+04 -0.74314234705575E+03 -0.30676738762545E+04 -0.21021596496723E+03 -0.64250313512604E+01 -0.92777563505810E+03  0.25481285858596E+03 -0.13445643546842E+04 -0.98782838218009E+03  0.15634352913922E+05  0.00000000000000E+00  0.00000000000000E+00 -0.27483339742082E+03 -0.17669017824517E+04  0.15412783744095E+04  0.00000000000000E+00  0.00000000000000E+00  0.00000000000000E+00  0.00000000000000E+00  0.00000000000000E+00  0.00000000000000E+00  0.00000000000000E+00  0.00000000000000E+00  0.00000000000000E+00  0.00000000000000E+00  0.00000000000000E+00  0.95530517651005E+05  0.00000000000000E+00  0.00000000000000E+00
  -0.57413622628943E+05  0.72522721300770E+04 -0.18381268227423E+04 -0.22575050839691E+05  0.25462781241586E+04 -0.45788327995571E+04 -0.29641177849711E+04 -0.18296319770972E+06  0.55630346889639E+05  0.35361732990013E+04 -0.93297133125156E+03  0.89508200730783E-10  0.21286644979656E-11  0.96295635024760E-12 -0.10391114220391E+04  0.28431568594965E+03 -0.14869422748418E+04 -0.10933260193256E+04  0.48275415313767E+05  0.39720502344408E+02  0.61167041182868E+03 -0.23719184288425E+04 -0.70374132536971E+04 -0.22765346475043E+05  0.00000000000000E+00  0.00000000000000E+00  0.00000000000000E+00  0.00000000000000E+00  0.00000000000000E+00  0.00000000000000E+00  0.00000000000000E+00  0.00000000000000E+00  0.00000000000000E+00  0.00000000000000E+00  0.00000000000000E+00  0.00000000000000E+00  0.99958059499250E+05  0.00000000000000E+00
  -0.16792138832040E+05  0.10740363456207E+04 -0.62655898509774E+03 -0.88008519990681E+04  0.12316541010065E+04 -0.12722884271298E+04 -0.14167204720997E+04 -0.11690016933310E+05  0.18685546579292E+04  0.63693334262134E+03 -0.76897324492351E+02 -0.26679785314017E-10 -0.26523829895808E-11 -0.33702187804527E-12  0.42215883830747E+03 -0.82401406093941E+02  0.31017629899249E+03  0.25917749629616E+03  0.13170263828494E+04  0.23148775819247E+02  0.34740202170267E+03 -0.84850672110394E+03 -0.22714054715491E+04 -0.36245094231636E+04  0.00000000000000E+00  0.00000000000000E+00  0.00000000000000E+00  0.00000000000000E+00  0.00000000000000E+00  0.00000000000000E+00  0.00000000000000E+00  0.00000000000000E+00  0.00000000000000E+00  0.00000000000000E+00  0.00000000000000E+00  0.00000000000000E+00  0.00000000000000E+00  0.19381068266420E+05

 # Covariance matrix (Bevington epsilon)
   0.10447470382706E-02 -0.16700568574309E-03 -0.27233187974412E-01  0.37332932986602E-03 -0.55180682097438E-04  0.56377914193765E-04 -0.20218978680329E-02  0.92903879765446E-04  0.63980375273186E-04 -0.29490064851088E-02 -0.32241167346020E-01 -0.94344739131418E-03 -0.13230995335539E-01 -0.89879981382764E-01  0.23987860069286E-03  0.43243030305576E-02  0.99465023808644E-04 -0.30752359651992E-04 -0.57551090228514E-05  0.18021420417988E-01 -0.53071879116555E-03  0.16550460592087E-02 -0.10860384612247E-02  0.62212409513977E-05  0.32955091489390E-04  0.34235183404581E-04  0.22328381075498E-04  0.32057941718124E-04  0.32116141636599E-04 -0.52400660722502E-03 -0.20525590663624E-03  0.40927319354145E-04 -0.44569027720202E-04 -0.55805087981082E-04  0.11510871424811E-03  0.34136973978151E-04  0.32025286368119E-04  0.28538340274076E-04
  -0.16700568574308E-03  0.25111242008658E-03  0.60344400415081E-02  0.10642014602435E-03  0.16700756826315E-02 -0.59780300782710E-03  0.85192861100223E-03 -0.13564002085311E-04 -0.10773383472968E-04  0.12232763594013E-02  0.62460883601129E-02  0.28104856087378E-03  0.27874450856319E-02  0.40248143225370E-01  0.70738079325645E-04  0.44400181175781E-02 -0.25293965410230E-03  0.14997377219935E-02 -0.25258481098426E-04  0.10778475966272E-01 -0.18451422053964E-02 -0.22605015845081E-02  0.62281093448150E-03  0.11094666433777E-03  0.12932570784838E-04  0.10522351229581E-04  0.86450132035660E-05  0.74236183582762E-05  0.58148875742330E-05  0.10279028942190E-03  0.21567213884896E-04  0.12116619694654E-04 -0.70333831709594E-05 -0.36290859918238E-05 -0.19999377917532E-04  0.98260094174590E-05  0.78169616794120E-05 -0.28466169234650E-05
  -0.27233187974412E-01  0.60344400415085E-02  0.72938582276936E+00 -0.91174244729068E-02  0.13037977524034E-01 -0.53180071781253E-02  0.58143992072122E-01 -0.24014426359196E-02 -0.16750757265533E-02  0.86159445381304E-01  0.87777453180827E+00  0.25736661588900E-01  0.36377656164653E+00  0.26803314171339E+01 -0.51729794282418E-02 -0.66091114195912E-01 -0.48086168065177E-02  0.13031831759799E-01  0.45622027889358E-04 -0.46230469680780E+00  0.11813910559937E-02 -0.57891112387845E-01  0.31686613328785E-01  0.10387532451840E-02 -0.45733723909425E-03 -0.52755576978434E-03 -0.25322045345375E-03 -0.42191454585517E-03 -0.44578931265529E-03  0.14732297111283E-01  0.60580648665535E-02 -0.77607861848288E-03  0.77559924239690E-03  0.11034169462292E-02 -0.28268162498295E-02 -0.47863602339023E-03 -0.44312770284344E-03 -0.41768276304299E-03
   0.37332932986604E-03  0.10642014602435E-03 -0.91174244729073E-02  0.46624445382668E-02  0.10012320641280E-01  0.11500237642196E-02 -0.20172683257799E-01  0.17143629075606E-03  0.11857240946791E-03 -0.92824362378601E-02 -0.91975911102151E-01  0.39274345868111E-02 -0.12424354922875E-01  0.37279109956580E+00  0.60031805496161E-03  0.76381664631504E-02 -0.41210269202948E-03  0.12411761812368E-02  0.36483310123753E-04  0.86371334239381E-01  0.23094523644171E-02 -0.49597795503471E-02  0.10473257447530E-02  0.45925966712034E-03  0.31670534981356E-04  0.17515248503675E-04 -0.28019490809609E-04  0.18687267732293E-04 -0.14889183115722E-04 -0.37784850247202E-04 -0.74018685443131E-03  0.72108267504786E-04  0.43378394530470E-04  0.22264902156971E-04  0.52192435198310E-05  0.22152031254075E-04 -0.42743321808177E-05 -0.94143040424669E-05
