# fitpack15: fit parameters                                                                         
# CJ15 AV18 final data choices                                                                      
# Created on 04/11/2019 at 16:47:33                                                                 

 # QCD setup
  INS                           0
  NVL                          11
  IORD                          1
  Q02                   1.6899999999999999     
  IPARAMC                       7
  FLAVOR                5.0000000000000000     
  xmc                   1.3000000000000000     
  xmb                   4.5000000000000000     
  ncb                          12
  ihq                           1
  ias                           0

 # Theory corrections
  inuke                     10814
  itmc                          1
  iht                           1

 # fit parameters
 LAMBDA       0.22680        0.0000    
 a0uv          2.1803        0.0000    
 a1uv         0.59283       0.30347E-01
 a2uv          3.5645       0.16001E-01
 a3uv          0.0000        0.0000    
 a4uv          3.9988       0.75031    
 a5uv          0.0000        0.0000    
 a0dv          18.848        0.0000    
 a1dv          1.0786       0.69169E-01
 a2dv          6.5092       0.20907    
 a3dv         -3.6233       0.12662    
 a4dv          5.1645       0.36649    
 a5dv          0.0000        0.0000    
 a0ud         0.14015       0.57908E-02
 a1ud        -0.21210       0.43953E-02
 a2ud          8.6773       0.25826    
 a3ud          0.0000        0.0000    
 a4ud          16.834        1.9800    
 a5ud          0.0000        0.0000    
 a0du          35712.        0.0000    
 a1du          3.9606       0.94223E-01
 a2du          20.317       0.95283    
 a3du          17.000        0.0000    
 a4du          43.804        10.498    
 a0g           48.332        0.0000    
 a1g          0.61117       0.34808E-01
 a2g           6.9925        1.0062    
 a3g          -3.4333       0.16322    
 a4g           3.5438       0.42776    
 a5g           0.0000        0.0000    
 kappa        0.40000        0.0000    
 a6dv        -0.48000E-02   0.29223E-02
 a7dv          2.0000        0.0000    
 off1         -3.0767        3.5874    
 off2        -0.30415E-01   0.18137    
 ht1          -3.9183       0.34278    
 ht2           2.1688       0.13013    
 ht3          -2.0869       0.22705E-01
 ht4           0.0000        0.0000    
 dummy40       0.0000        0.0000    
 dummy41       0.0000        0.0000    
 dummy42       0.0000        0.0000    
 dummy43       0.0000        0.0000    
 dummy44       0.0000        0.0000    
 dummy45       0.0000        0.0000    
 dummy46       0.0000        0.0000    
 dummy47       0.0000        0.0000    
 dummy48       0.0000        0.0000    
 dummy49       0.0000        0.0000    
 bcdmsh2      0.96789       0.49849E-02
 bcdmsd2      0.98939       0.59880E-02
 ccfr          1.0000        0.0000    
 nutev         1.0000        0.0000    
 zeus         0.97998        0.0000    
 h1            1.0162        0.0000    
 e605          1.0319        0.0000    
 NmcH2         1.0058       0.72919E-02
 ntv_nu        1.0000        0.0000    
 ntv_nubar     1.0000        0.0000    
 cdf_jet      0.98910        0.0000    
 d0_jet       0.83504        0.0000    
 slac_p        1.0012       0.50688E-02
 slac_d        1.0023       0.56323E-02
 e866pp       0.95095       0.24036E-01
 e866pd       0.96199       0.20053E-01
 d0_gamjet     1.0370       0.16627E-01
 h1b          0.97608        0.0000    
 jlab_p       0.99439        0.0000    
 jlab_d       0.97560        0.0000    
 blank         1.0000        0.0000    
 d0run2       0.94363       0.14239E-01
 cdfrun2      0.93186       0.17350E-01
 HERA_el       1.0000        0.0000    
 HERA_ps       1.0000        0.0000    
 CDF_Z        0.95822       0.72017E-02
 NmcRat        1.0000        0.0000    
 BNS_F2nd     0.98244        0.0000    
 HERMES_F2p   0.99452       0.57756E-02
 HERMES_F2d   0.97785       0.60898E-02
 e94110_p      1.0092       0.57855E-02
 END 0. 0.

 # Hessian matrix (Bevington alpha)
   0.44019587898583E+07 -0.11336466594064E+07  0.18647060753386E+06  0.72137741210763E+06 -0.13976619274445E+06  0.39339913710804E+05  0.81054385911775E+05  0.11226341380489E+07 -0.16032513531419E+06 -0.54515193535239E+05  0.83343040736461E+04  0.12360382628811E+05  0.14127400124708E+04 -0.20783335529505E+02  0.47119947898405E+05 -0.62605872286954E+04  0.37626405091186E+05  0.21994214487552E+05 -0.52151052301607E+07 -0.25710590792241E+04 -0.39767413906062E+05  0.21477284547770E+05  0.79994884168594E+05  0.16732920526680E+06 -0.13019121744718E+06 -0.54912721262673E+05 -0.47205458988870E+04 -0.85691989479960E+06 -0.11031666062058E+07 -0.21223107586662E+05 -0.47339952879708E+05 -0.31256044010899E+04 -0.89932855558574E+04 -0.31637033314620E+04 -0.16642780453750E+05 -0.72658896726723E+05 -0.56928851745581E+05 -0.33602560509536E+06
  -0.11336466594064E+07  0.35734137990198E+06 -0.49385058216252E+05 -0.15891798321695E+06  0.34164831427394E+05  0.20941250009237E+03 -0.14102984026069E+05 -0.14392697749071E+06  0.23025461568331E+05  0.78152049465223E+04 -0.10267837783109E+04 -0.80456394613716E+03 -0.96887452955017E+02  0.13128749475931E+01 -0.47653120326963E+04  0.53411043924067E+03 -0.38656860640990E+04 -0.20646354924223E+04  0.17081757990971E+07  0.83828864677018E+03  0.98555005984160E+04 -0.28223200034626E+04 -0.14449101003429E+05 -0.39273309840157E+05  0.16781335312708E+05  0.82710850481728E+04 -0.22941821920842E+03  0.21103557409142E+06  0.26530452535223E+06  0.59200593136435E+04  0.13333434630115E+05  0.41814017500192E+03  0.24040270473492E+04  0.75891943378470E+03 -0.22708407792183E+04  0.86314102876433E+04  0.72208463616098E+04  0.77506699489924E+05
   0.18647060753386E+06 -0.49385058216252E+05  0.79749560141768E+04  0.30034460111538E+05 -0.59641525335881E+04  0.13205665547912E+04  0.32927907274685E+04  0.36927214596177E+05 -0.47101600466435E+04 -0.20420420929194E+04  0.28149172166267E+03  0.30340426326763E+03  0.43895538177419E+02 -0.11335469418850E+01  0.12750208885999E+04 -0.17873741768712E+03  0.10440712914822E+04  0.61930926029007E+03 -0.22765949381175E+06 -0.11229375242625E+03 -0.16854710536809E+04  0.84747868251450E+03  0.31836373631927E+04  0.68496473275729E+04 -0.51276544132642E+04 -0.21731272193646E+04  0.37966397079344E+02 -0.35459321251086E+05 -0.45898596942254E+05 -0.91738899676882E+03 -0.20537001511693E+04 -0.10896653072664E+03 -0.38178684926473E+03 -0.13254129799413E+03 -0.16169545991384E+02 -0.23966337390618E+04 -0.19281762624148E+04 -0.14486124817950E+05
   0.72137741210763E+06 -0.15891798321695E+06  0.30034460111538E+05  0.20349834458657E+06 -0.36360857818114E+05  0.19052313228403E+05  0.26228687178439E+05  0.27340676656248E+06 -0.40268543848709E+05 -0.13505211686807E+05  0.20259985175544E+04  0.10463184266529E+04  0.10752064448738E+03  0.48922505090578E+01  0.10315441595632E+05 -0.13746082861622E+04  0.74681703261826E+04  0.44887643221760E+04 -0.10301956223206E+07 -0.65597130247599E+03 -0.14321920524327E+05  0.10601888150534E+05  0.31120818323713E+05  0.92475971011621E+05 -0.13346224992117E+05 -0.22052527749767E+05 -0.19397952931105E+03 -0.68609368572671E+05 -0.35276213302569E+06 -0.15341839536995E+04 -0.25431092901499E+04 -0.70290789038664E+02 -0.25246565627436E+04 -0.97894974374618E+03 -0.11414168224699E+05 -0.76598346939621E+04 -0.22550196992275E+05 -0.28325102575217E+05
  -0.13976619274445E+06  0.34164831427394E+05 -0.59641525335881E+04 -0.36360857818114E+05  0.71719677526122E+04 -0.19285772269472E+04 -0.42590135152603E+04 -0.25117291936490E+05  0.18287643940614E+04  0.17917712582078E+04 -0.20792630262938E+03 -0.20851815866040E+03 -0.16557821699730E+02 -0.74656710362073E+00 -0.98262549114073E+03  0.12699173543840E+03 -0.69642733802618E+03 -0.40859130975716E+03  0.22706053375415E+06  0.14613571457276E+03  0.26676996709671E+04 -0.17119280249267E+04 -0.49831714243593E+04 -0.15765607740460E+05  0.20180794225424E+04  0.33997855995509E+04 -0.49979788686554E+02  0.12032393455670E+05  0.63246714284252E+05  0.35761975446559E+03  0.57868080061217E+03  0.86983843076708E+01  0.47001263656806E+03  0.17330008544611E+03  0.46523985966531E+03  0.83861201321042E+03  0.25705273971744E+04  0.59896654751501E+04
   0.39339913710804E+05  0.20941250009237E+03  0.13205665547912E+04  0.19052313228403E+05 -0.19285772269472E+04  0.53495310378601E+04  0.35948909436137E+04  0.68888584646964E+05 -0.12268391550023E+05 -0.25902018978124E+04  0.48899739008429E+03  0.11036824297816E+03  0.17236803989899E+02  0.15646688882951E+01  0.21735213732978E+04 -0.33264252068666E+03  0.15910354158214E+04  0.10481338122661E+04  0.13844879487594E+05  0.11995112421716E+02 -0.11202681359369E+04  0.13638916450443E+04  0.40422297450496E+04  0.96521470339566E+04 -0.21910490633903E+04 -0.33496635151285E+04  0.78372728342030E+02 -0.65862643361771E+04 -0.31102690790714E+05  0.38671651758900E+02  0.39246996296078E+02 -0.15457615061909E+02 -0.17751873890874E+03 -0.95531535023036E+02 -0.31485378582120E+04 -0.16718137466777E+04 -0.47473360266644E+04 -0.68059314392184E+03
   0.81054385911775E+05 -0.14102984026069E+05  0.32927907274685E+04  0.26228687178439E+05 -0.42590135152603E+04  0.35948909436137E+04  0.38696133896446E+04  0.39222917470205E+05 -0.49169886042297E+04 -0.20525957086619E+04  0.30213691330264E+03  0.16467643369957E+03  0.16783650440903E+02  0.10464091854901E+01  0.12173589296719E+04 -0.18433174889457E+03  0.82617674828627E+03  0.54625868312473E+03 -0.86359080283384E+05 -0.56310577290559E+02 -0.17851038124039E+04  0.14806522252061E+04  0.42872027357350E+04  0.11718014376485E+05 -0.21002891693314E+04 -0.32903655101087E+04  0.10230447313352E+03 -0.84379419381927E+04 -0.43400541765996E+05 -0.14097307921357E+03 -0.22751327161645E+03 -0.11074760518465E+02 -0.29861465147761E+03 -0.12604246144247E+03 -0.13654241222525E+04 -0.10403258526091E+04 -0.30669436381565E+04 -0.30444900990854E+04
   0.11226341380489E+07 -0.14392697749071E+06  0.36927214596177E+05  0.27340676656248E+06 -0.25117291936490E+05  0.68888584646964E+05  0.39222917470205E+05  0.53653574984344E+07 -0.24327180846301E+07 -0.84316980857166E+05  0.23844102764555E+05  0.33272982574180E+05  0.22082940924444E+04  0.10227416029334E+03  0.68329208301585E+05 -0.89332855487744E+04  0.61404969418067E+05  0.33741768407290E+05 -0.34586669710798E+06  0.12325406267180E+03 -0.89433216135691E+04  0.22911544455182E+05  0.74481307810433E+05  0.17563248633374E+06 -0.61027576834528E+05 -0.49771596706568E+05 -0.70540061936877E+05 -0.28762635669751E+06 -0.57120495288859E+06 -0.76304310785515E+05 -0.16939287403254E+06 -0.13167758892913E+04  0.48421791203817E+03  0.36840064564622E+03 -0.27894370707112E+06 -0.14348913478383E+06 -0.17987409056774E+06 -0.32333705409813E+05
  -0.16032513531419E+06  0.23025461568331E+05 -0.47101600466435E+04 -0.40268543848709E+05  0.18287643940614E+04 -0.12268391550023E+05 -0.49169886042297E+04 -0.24327180846301E+07  0.19243922507907E+07  0.19239443767688E+05 -0.61357057568020E+04 -0.63361516518508E+04 -0.33065566948300E+03 -0.25959914446151E+02  0.47563692287885E+05 -0.21987474501059E+04  0.13681864007831E+05  0.65395638080983E+04  0.80760897228030E+04 -0.83608161434667E+02  0.54538386506051E+03 -0.51568802546134E+04 -0.17056653101241E+05 -0.41648971813487E+05  0.11010848113464E+05  0.10656300481440E+05  0.24468560105086E+05  0.64962884467417E+05  0.12511142705714E+06  0.23415944258658E+05  0.52124589529698E+05  0.15812196298329E+03 -0.13093470743922E+04 -0.72197995974236E+03  0.11348210942734E+06  0.44489578565448E+05  0.55239816437197E+05  0.44449393718662E+04
  -0.54515193535239E+05  0.78152049465223E+04 -0.20420420929194E+04 -0.13505211686807E+05  0.17917712582078E+04 -0.25902018978124E+04 -0.20525957086619E+04 -0.84316980857166E+05  0.19239443767688E+05  0.23989708344093E+04 -0.53170501618868E+03 -0.82690758635439E+03 -0.71597104353745E+02 -0.77171256774809E+00 -0.32268470556506E+04  0.39832508212682E+03 -0.24102254662892E+04 -0.13973817946186E+04  0.31156210142890E+05  0.11416673896424E+02  0.64010888303387E+03 -0.82484101703235E+03 -0.25812219033885E+04 -0.58694413857007E+04  0.26242379990942E+04  0.18300154977018E+04  0.72368482068323E+03  0.10448739732952E+05  0.21849941130286E+05  0.15025681696295E+04  0.32609070246314E+04  0.41064586148684E+02  0.11964518153626E+03  0.53445270167445E+02  0.31355664489608E+04  0.27526116541513E+04  0.35314233128260E+04  0.23096916350453E+04
   0.83343040736461E+04 -0.10267837783109E+04  0.28149172166267E+03  0.20259985175544E+04 -0.20792630262938E+03  0.48899739008429E+03  0.30213691330264E+03  0.23844102764555E+05 -0.61357057568020E+04 -0.53170501618868E+03  0.13981146840734E+03  0.22610970099792E+03  0.16200273380789E+02  0.48002432168310E+00  0.96564135005530E+03 -0.10603513816695E+03  0.69711895214997E+03  0.38463683126247E+03 -0.30838022099528E+04  0.18698289294215E+00 -0.73428446212992E+02  0.14483033885144E+03  0.46814969223249E+03  0.10856454362680E+04 -0.41871570686149E+03 -0.32120451475289E+03 -0.32007482907656E+03 -0.18163870244850E+04 -0.36472487648277E+04 -0.40570575042181E+03 -0.90039083061387E+03 -0.96963299394762E+01 -0.10848639137280E+02 -0.51099302655299E+01 -0.10940122907339E+04 -0.76126626051520E+03 -0.96102346701223E+03 -0.22972708283597E+03
   0.12360382628811E+05 -0.80456394613716E+03  0.30340426326763E+03  0.10463184266529E+04 -0.20851815866040E+03  0.11036824297816E+03  0.16467643369957E+03  0.33272982574180E+05 -0.63361516518508E+04 -0.82690758635439E+03  0.22610970099792E+03  0.21124737670042E+04  0.12962716984713E+03  0.16750502155638E+01  0.22160674414187E+04 -0.28989642091202E+03  0.19192993214754E+04  0.11013863355994E+04 -0.61624691300615E+04 -0.64225661427222E+01 -0.10894508863627E+02 -0.65408691813055E+02 -0.12672220763778E+02 -0.12691429952799E+04 -0.12110029201073E+04 -0.91101609130155E-11 -0.88183855879885E+03 -0.55347240504761E+04 -0.18123455864322E-09 -0.28399059043622E+04 -0.71611431863484E+02 -0.90295195942618E+02 -0.19289243320140E+01 -0.83324621411162E+00  0.34274270471541E+03 -0.31532117249981E+04 -0.69408335866297E-10 -0.25235384489741E+02
   0.14127400124708E+04 -0.96887452955017E+02  0.43895538177419E+02  0.10752064448738E+03 -0.16557821699730E+02  0.17236803989899E+02  0.16783650440903E+02  0.22082940924444E+04 -0.33065566948300E+03 -0.71597104353745E+02  0.16200273380789E+02  0.12962716984713E+03  0.11007122214371E+02 -0.57515091344896E-01  0.13419326921619E+03 -0.19846782424750E+02  0.11783655361416E+03  0.72255290810622E+02 -0.40532046400390E+03 -0.33790922988952E+00  0.54446928606703E+01 -0.24921290080741E+01  0.97351736505512E+01 -0.10153206769751E+03 -0.17650363563466E+03 -0.31007495807105E-12 -0.32497627186298E+02 -0.63466525633097E+03 -0.61747715140228E-10 -0.17121317210615E+03 -0.18689026270063E+02 -0.70155743626603E+01 -0.19618626216280E+00 -0.76600060838142E-01  0.33141469459016E+02 -0.21897952213811E+03 -0.13962007736344E-10 -0.11099865726963E+02
  -0.20783335529505E+02  0.13128749475931E+01 -0.11335469418850E+01  0.48922505090578E+01 -0.74656710362073E+00  0.15646688882951E+01  0.10464091854901E+01  0.10227416029334E+03 -0.25959914446151E+02 -0.77171256774809E+00  0.48002432168310E+00  0.16750502155638E+01 -0.57515091344896E-01  0.58128698401683E-01  0.98420011561446E+01 -0.46214884820962E+00  0.42865412058772E+01  0.15643776672714E+01 -0.17446424591028E+02 -0.31285177336329E-01 -0.16998070640201E+01 -0.19202459547056E+00 -0.43655405815128E+00 -0.22003727909135E+01  0.64251740258385E-01 -0.39628188299387E-13 -0.93178474983800E+01 -0.20489489120728E+01 -0.44387330385330E-11 -0.65921805480419E+01 -0.16914653942967E-03 -0.23325107757531E+00 -0.28815169468659E-02 -0.15603111588559E-02 -0.17751462464424E+01 -0.61747383900407E+01 -0.91065075674965E-12 -0.27931244426561E-06
   0.47119947898405E+05 -0.47653120326963E+04  0.12750208885999E+04  0.10315441595632E+05 -0.98262549114073E+03  0.21735213732978E+04  0.12173589296719E+04  0.68329208301585E+05  0.47563692287885E+05 -0.32268470556506E+04  0.96564135005530E+03  0.22160674414187E+04  0.13419326921619E+03  0.98420011561446E+01  0.45790414969873E+05 -0.42101969028753E+04  0.28440549543896E+05  0.14952901334591E+05 -0.26968158659350E+05  0.89319081023655E+01  0.19502833164226E+03 -0.82499127544402E+02 -0.30929931067776E+03  0.35543631314400E+03 -0.27677280719030E+04 -0.18012856201214E+04 -0.25101500513209E+04  0.20632082639185E+04  0.44875999008584E+04 -0.15747605856987E+04 -0.29805902572300E+04 -0.73501378171720E+03 -0.29096929711524E+04 -0.15430536994365E+04 -0.24387312890085E+04 -0.93167164022292E+03 -0.10436326753898E+04  0.15122941762700E+04
  -0.62605872286954E+04  0.53411043924067E+03 -0.17873741768712E+03 -0.13746082861622E+04  0.12699173543840E+03 -0.33264252068666E+03 -0.18433174889457E+03 -0.89332855487744E+04 -0.21987474501059E+04  0.39832508212682E+03 -0.10603513816695E+03 -0.28989642091202E+03 -0.19846782424750E+02 -0.46214884820962E+00 -0.42101969028753E+04  0.45597308054589E+03 -0.29631807657790E+04 -0.16341630851320E+04  0.30971857790960E+04 -0.16828188712981E+01 -0.25057414037463E+02  0.38465402386920E+01  0.13260569076128E+02 -0.14201650679298E+03  0.50658904427657E+03  0.31564635965696E+03  0.29140187817027E+03 -0.17604585121255E+03 -0.52780335519053E+03  0.16325967395622E+03  0.30833712376323E+03  0.81618051830888E+02  0.43962891594185E+03  0.21774595913211E+03 -0.29718052355787E+03  0.25457078472374E+03  0.28407117884942E+03 -0.34835812597744E+03
   0.37626405091186E+05 -0.38656860640990E+04  0.10440712914822E+04  0.74681703261826E+04 -0.69642733802618E+03  0.15910354158214E+04  0.82617674828627E+03  0.61404969418067E+05  0.13681864007831E+05 -0.24102254662892E+04  0.69711895214997E+03  0.19192993214754E+04  0.11783655361416E+03  0.42865412058772E+01  0.28440549543896E+05 -0.29631807657790E+04  0.19867795220578E+05  0.10750613410296E+05 -0.20954276562193E+05  0.66218181868432E+01  0.18611844117761E+03 -0.10356522184660E+03 -0.36573739996117E+03 -0.91933927258501E+01 -0.20545795089511E+04 -0.13404353187397E+04 -0.22656479285863E+04  0.19658337546377E+04  0.39531472096930E+04 -0.11878077101790E+04 -0.22545643792502E+04 -0.53276547753023E+03 -0.21376006478696E+04 -0.11664379888076E+04  0.62876892881801E+03 -0.12730871237742E+04 -0.14091571478743E+04  0.60567330218059E+03
   0.21994214487552E+05 -0.20646354924223E+04  0.61930926029007E+03  0.44887643221760E+04 -0.40859130975716E+03  0.10481338122661E+04  0.54625868312473E+03  0.33741768407290E+05  0.65395638080983E+04 -0.13973817946186E+04  0.38463683126247E+03  0.11013863355994E+04  0.72255290810622E+02  0.15643776672714E+01  0.14952901334591E+05 -0.16341630851320E+04  0.10750613410296E+05  0.59215115074672E+04 -0.11558770495699E+05  0.50109606054626E+01  0.10866590960207E+03 -0.49576354549658E+02 -0.16490313476530E+03  0.18080926031482E+03 -0.15199199677981E+04 -0.95730990701137E+03 -0.11564162540345E+04  0.94853174677865E+03  0.22268344065240E+04 -0.60822440041614E+03 -0.11563895310309E+04 -0.29779627407763E+03 -0.14145473186768E+04 -0.73846672168738E+03  0.10382972409116E+04 -0.94698837577648E+03 -0.10487034685598E+04  0.67567521168078E+03
  -0.52151052301607E+07  0.17081757990971E+07 -0.22765949381175E+06 -0.10301956223206E+07  0.22706053375415E+06  0.13844879487594E+05 -0.86359080283384E+05 -0.34586669710798E+06  0.80760897228030E+04  0.31156210142890E+05 -0.30838022099528E+04 -0.61624691300615E+04 -0.40532046400390E+03 -0.17446424591028E+02 -0.26968158659350E+05  0.30971857790960E+04 -0.20954276562193E+05 -0.11558770495699E+05  0.11860699107498E+08  0.72823903327721E+04  0.84237712277241E+05 -0.40471517297552E+05 -0.13777480875537E+06 -0.53258213472561E+06  0.25961376963319E+05  0.57820558807123E+05 -0.83419020723591E+03  0.43140052634353E+06  0.21013425634369E+07  0.14156630951229E+05  0.24032536525513E+05  0.15061982065902E+03  0.18250706142293E+05  0.57271948278371E+04 -0.12265598495972E+05  0.15919430019822E+05  0.49127249159310E+05  0.15766490976098E+06
  -0.25710590792241E+04  0.83828864677018E+03 -0.11229375242625E+03 -0.65597130247599E+03  0.14613571457276E+03  0.11995112421716E+02 -0.56310577290559E+02  0.12325406267180E+03 -0.83608161434667E+02  0.11416673896424E+02  0.18698289294215E+00 -0.64225661427222E+01 -0.33790922988952E+00 -0.31285177336329E-01  0.89319081023655E+01 -0.16828188712981E+01  0.66218181868432E+01  0.50109606054626E+01  0.72823903327721E+04  0.51889245484110E+01  0.62984242517170E+02 -0.33811036415677E+02 -0.10269497858536E+03 -0.41071227283153E+03  0.00000000000000E+00  0.27577713305876E+02  0.00000000000000E+00  0.00000000000000E+00  0.14791403976019E+04  0.00000000000000E+00 -0.17950518666170E+02  0.00000000000000E+00  0.00000000000000E+00  0.00000000000000E+00  0.00000000000000E+00  0.00000000000000E+00  0.16501265518406E+02  0.00000000000000E+00
  -0.39767413906062E+05  0.98555005984160E+04 -0.16854710536809E+04 -0.14321920524327E+05  0.26676996709671E+04 -0.11202681359369E+04 -0.17851038124039E+04 -0.89433216135691E+04  0.54538386506051E+03  0.64010888303387E+03 -0.73428446212992E+02 -0.10894508863627E+02  0.54446928606703E+01 -0.16998070640201E+01  0.19502833164226E+03 -0.25057414037463E+02  0.18611844117761E+03  0.10866590960207E+03  0.84237712277241E+05  0.62984242517170E+02  0.12910916099043E+04 -0.83977772043659E+03 -0.23918338384985E+04 -0.81813287740676E+04  0.00000000000000E+00  0.15264675076601E+04  0.00000000000000E+00  0.00000000000000E+00  0.28299260055021E+05  0.00000000000000E+00 -0.27228025256083E+03  0.00000000000000E+00  0.00000000000000E+00  0.00000000000000E+00  0.00000000000000E+00  0.00000000000000E+00  0.12560689149576E+04  0.00000000000000E+00
   0.21477284547770E+05 -0.28223200034626E+04  0.84747868251450E+03  0.10601888150534E+05 -0.17119280249267E+04  0.13638916450443E+04  0.14806522252061E+04  0.22911544455182E+05 -0.51568802546134E+04 -0.82484101703235E+03  0.14483033885144E+03 -0.65408691813055E+02 -0.24921290080741E+01 -0.19202459547056E+00 -0.82499127544402E+02  0.38465402386920E+01 -0.10356522184660E+03 -0.49576354549658E+02 -0.40471517297552E+05 -0.33811036415677E+02 -0.83977772043659E+03  0.90255806594104E+03  0.24672848127227E+04  0.77700720973415E+04 -0.40230106439711E+02 -0.13845447197421E+04  0.48116618301572E+01  0.11007346389568E+04 -0.22926141935549E+05  0.00000000000000E+00 -0.34382294856330E+03  0.00000000000000E+00  0.00000000000000E+00  0.00000000000000E+00  0.00000000000000E+00 -0.25001161620193E+03 -0.20709116358831E+04  0.16015464765051E+04
   0.79994884168594E+05 -0.14449101003429E+05  0.31836373631927E+04  0.31120818323713E+05 -0.49831714243593E+04  0.40422297450496E+04  0.42872027357350E+04  0.74481307810433E+05 -0.17056653101241E+05 -0.25812219033885E+04  0.46814969223249E+03 -0.12672220763778E+02  0.97351736505512E+01 -0.43655405815128E+00 -0.30929931067776E+03  0.13260569076128E+02 -0.36573739996117E+03 -0.16490313476530E+03 -0.13777480875537E+06 -0.10269497858536E+03 -0.23918338384985E+04  0.24672848127227E+04  0.71449676470081E+04  0.21344386046164E+05 -0.14399179363218E+03 -0.34927963440052E+04 -0.83843914684915E+01 -0.45280192694688E+04 -0.67857974208679E+05  0.00000000000000E+00 -0.85809354206796E+03  0.00000000000000E+00  0.00000000000000E+00  0.00000000000000E+00  0.00000000000000E+00 -0.16393781517278E+04 -0.62175136264337E+04  0.28647354388178E+04
   0.16732920526680E+06 -0.39273309840157E+05  0.68496473275729E+04  0.92475971011621E+05 -0.15765607740460E+05  0.96521470339566E+04  0.11718014376485E+05  0.17563248633374E+06 -0.41648971813487E+05 -0.58694413857007E+04  0.10856454362680E+04 -0.12691429952799E+04 -0.10153206769751E+03 -0.22003727909135E+01  0.35543631314400E+03 -0.14201650679298E+03 -0.91933927258501E+01  0.18080926031482E+03 -0.53258213472561E+06 -0.41071227283153E+03 -0.81813287740676E+04  0.77700720973415E+04  0.21344386046164E+05  0.81690417339259E+05  0.23942896801241E+03 -0.15792010786299E+05 -0.37471622080399E+01  0.38707983669154E+05 -0.21539360920799E+06  0.00000000000000E+00 -0.40178959358922E+04  0.00000000000000E+00  0.00000000000000E+00  0.00000000000000E+00  0.00000000000000E+00  0.14986147949878E+04 -0.19598614657309E+05  0.33903865560614E+05
  -0.13019121744718E+06  0.16781335312708E+05 -0.51276544132642E+04 -0.13346224992117E+05  0.20180794225424E+04 -0.21910490633903E+04 -0.21002891693314E+04 -0.61027576834528E+05  0.11010848113464E+05  0.26242379990942E+04 -0.41871570686149E+03 -0.12110029201073E+04 -0.17650363563466E+03  0.64251740258385E-01 -0.27677280719030E+04  0.50658904427657E+03 -0.20545795089511E+04 -0.15199199677981E+04  0.25961376963319E+05  0.00000000000000E+00  0.00000000000000E+00 -0.40230106439711E+02 -0.14399179363218E+03  0.23942896801241E+03  0.11748733439128E+06  0.00000000000000E+00  0.00000000000000E+00  0.00000000000000E+00  0.00000000000000E+00  0.00000000000000E+00  0.00000000000000E+00  0.00000000000000E+00  0.00000000000000E+00  0.00000000000000E+00  0.00000000000000E+00  0.00000000000000E+00  0.00000000000000E+00  0.00000000000000E+00
  -0.54912721262673E+05  0.82710850481728E+04 -0.21731272193646E+04 -0.22052527749767E+05  0.33997855995509E+04 -0.33496635151285E+04 -0.32903655101087E+04 -0.49771596706568E+05  0.10656300481440E+05  0.18300154977018E+04 -0.32120451475289E+03 -0.91101609130155E-11 -0.31007495807105E-12 -0.39628188299387E-13 -0.18012856201214E+04  0.31564635965696E+03 -0.13404353187397E+04 -0.95730990701137E+03  0.57820558807123E+05  0.27577713305876E+02  0.15264675076601E+04 -0.13845447197421E+04 -0.34927963440052E+04 -0.15792010786299E+05  0.00000000000000E+00  0.65034012242073E+05  0.00000000000000E+00  0.00000000000000E+00  0.00000000000000E+00  0.00000000000000E+00  0.00000000000000E+00  0.00000000000000E+00  0.00000000000000E+00  0.00000000000000E+00  0.00000000000000E+00  0.00000000000000E+00  0.00000000000000E+00  0.00000000000000E+00
  -0.47205458988870E+04 -0.22941821920842E+03  0.37966397079344E+02 -0.19397952931105E+03 -0.49979788686554E+02  0.78372728342030E+02  0.10230447313352E+03 -0.70540061936877E+05  0.24468560105086E+05  0.72368482068323E+03 -0.32007482907656E+03 -0.88183855879885E+03 -0.32497627186298E+02 -0.93178474983800E+01 -0.25101500513209E+04  0.29140187817027E+03 -0.22656479285863E+04 -0.11564162540345E+04 -0.83419020723591E+03  0.00000000000000E+00  0.00000000000000E+00  0.48116618301572E+01 -0.83843914684915E+01 -0.37471622080399E+01  0.00000000000000E+00  0.00000000000000E+00  0.30835319887434E+05  0.00000000000000E+00  0.00000000000000E+00  0.00000000000000E+00  0.00000000000000E+00  0.00000000000000E+00  0.00000000000000E+00  0.00000000000000E+00  0.00000000000000E+00  0.00000000000000E+00  0.00000000000000E+00  0.00000000000000E+00
  -0.85691989479960E+06  0.21103557409142E+06 -0.35459321251086E+05 -0.68609368572671E+05  0.12032393455670E+05 -0.65862643361771E+04 -0.84379419381927E+04 -0.28762635669751E+06  0.64962884467417E+05  0.10448739732952E+05 -0.18163870244850E+04 -0.55347240504761E+04 -0.63466525633097E+03 -0.20489489120728E+01  0.20632082639185E+04 -0.17604585121255E+03  0.19658337546377E+04  0.94853174677865E+03  0.43140052634353E+06  0.00000000000000E+00  0.00000000000000E+00  0.11007346389568E+04 -0.45280192694688E+04  0.38707983669154E+05  0.00000000000000E+00  0.00000000000000E+00  0.00000000000000E+00  0.58177498520679E+06  0.00000000000000E+00  0.00000000000000E+00  0.00000000000000E+00  0.00000000000000E+00  0.00000000000000E+00  0.00000000000000E+00  0.00000000000000E+00  0.00000000000000E+00  0.00000000000000E+00  0.00000000000000E+00
  -0.11031666062058E+07  0.26530452535223E+06 -0.45898596942254E+05 -0.35276213302569E+06  0.63246714284252E+05 -0.31102690790714E+05 -0.43400541765996E+05 -0.57120495288859E+06  0.12511142705714E+06  0.21849941130286E+05 -0.36472487648277E+04 -0.18123455864322E-09 -0.61747715140228E-10 -0.44387330385330E-11  0.44875999008584E+04 -0.52780335519053E+03  0.39531472096930E+04  0.22268344065240E+04  0.21013425634369E+07  0.14791403976019E+04  0.28299260055021E+05 -0.22926141935549E+05 -0.67857974208679E+05 -0.21539360920799E+06  0.00000000000000E+00  0.00000000000000E+00  0.00000000000000E+00  0.00000000000000E+00  0.92066999892951E+06  0.00000000000000E+00  0.00000000000000E+00  0.00000000000000E+00  0.00000000000000E+00  0.00000000000000E+00  0.00000000000000E+00  0.00000000000000E+00  0.00000000000000E+00  0.00000000000000E+00
  -0.21223107586662E+05  0.59200593136435E+04 -0.91738899676882E+03 -0.15341839536995E+04  0.35761975446559E+03  0.38671651758900E+02 -0.14097307921357E+03 -0.76304310785515E+05  0.23415944258658E+05  0.15025681696295E+04 -0.40570575042181E+03 -0.28399059043622E+04 -0.17121317210615E+03 -0.65921805480419E+01 -0.15747605856987E+04  0.16325967395622E+03 -0.11878077101790E+04 -0.60822440041614E+03  0.14156630951229E+05  0.00000000000000E+00  0.00000000000000E+00  0.00000000000000E+00  0.00000000000000E+00  0.00000000000000E+00  0.00000000000000E+00  0.00000000000000E+00  0.00000000000000E+00  0.00000000000000E+00  0.00000000000000E+00  0.15218038128364E+05  0.00000000000000E+00  0.00000000000000E+00  0.00000000000000E+00  0.00000000000000E+00  0.00000000000000E+00  0.00000000000000E+00  0.00000000000000E+00  0.00000000000000E+00
  -0.47339952879708E+05  0.13333434630115E+05 -0.20537001511693E+04 -0.25431092901499E+04  0.57868080061217E+03  0.39246996296078E+02 -0.22751327161645E+03 -0.16939287403254E+06  0.52124589529698E+05  0.32609070246314E+04 -0.90039083061387E+03 -0.71611431863484E+02 -0.18689026270063E+02 -0.16914653942967E-03 -0.29805902572300E+04  0.30833712376323E+03 -0.22545643792502E+04 -0.11563895310309E+04  0.24032536525513E+05 -0.17950518666170E+02 -0.27228025256083E+03 -0.34382294856330E+03 -0.85809354206796E+03 -0.40178959358922E+04  0.00000000000000E+00  0.00000000000000E+00  0.00000000000000E+00  0.00000000000000E+00  0.00000000000000E+00  0.00000000000000E+00  0.31915997953060E+05  0.00000000000000E+00  0.00000000000000E+00  0.00000000000000E+00  0.00000000000000E+00  0.00000000000000E+00  0.00000000000000E+00  0.00000000000000E+00
  -0.31256044010899E+04  0.41814017500192E+03 -0.10896653072664E+03 -0.70290789038664E+02  0.86983843076708E+01 -0.15457615061909E+02 -0.11074760518465E+02 -0.13167758892913E+04  0.15812196298329E+03  0.41064586148684E+02 -0.96963299394762E+01 -0.90295195942618E+02 -0.70155743626603E+01 -0.23325107757531E+00 -0.73501378171720E+03  0.81618051830888E+02 -0.53276547753023E+03 -0.29779627407763E+03  0.15061982065902E+03  0.00000000000000E+00  0.00000000000000E+00  0.00000000000000E+00  0.00000000000000E+00  0.00000000000000E+00  0.00000000000000E+00  0.00000000000000E+00  0.00000000000000E+00  0.00000000000000E+00  0.00000000000000E+00  0.00000000000000E+00  0.00000000000000E+00  0.37957466478834E+04  0.00000000000000E+00  0.00000000000000E+00  0.00000000000000E+00  0.00000000000000E+00  0.00000000000000E+00  0.00000000000000E+00
  -0.89932855558574E+04  0.24040270473492E+04 -0.38178684926473E+03 -0.25246565627436E+04  0.47001263656806E+03 -0.17751873890874E+03 -0.29861465147761E+03  0.48421791203817E+03 -0.13093470743922E+04  0.11964518153626E+03 -0.10848639137280E+02 -0.19289243320140E+01 -0.19618626216280E+00 -0.28815169468659E-02 -0.29096929711524E+04  0.43962891594185E+03 -0.21376006478696E+04 -0.14145473186768E+04  0.18250706142293E+05  0.00000000000000E+00  0.00000000000000E+00  0.00000000000000E+00  0.00000000000000E+00  0.00000000000000E+00  0.00000000000000E+00  0.00000000000000E+00  0.00000000000000E+00  0.00000000000000E+00  0.00000000000000E+00  0.00000000000000E+00  0.00000000000000E+00  0.00000000000000E+00  0.82663292229954E+04  0.00000000000000E+00  0.00000000000000E+00  0.00000000000000E+00  0.00000000000000E+00  0.00000000000000E+00
  -0.31637033314620E+04  0.75891943378470E+03 -0.13254129799413E+03 -0.97894974374618E+03  0.17330008544611E+03 -0.95531535023036E+02 -0.12604246144247E+03  0.36840064564622E+03 -0.72197995974236E+03  0.53445270167445E+02 -0.51099302655299E+01 -0.83324621411162E+00 -0.76600060838142E-01 -0.15603111588559E-02 -0.15430536994365E+04  0.21774595913211E+03 -0.11664379888076E+04 -0.73846672168738E+03  0.57271948278371E+04  0.00000000000000E+00  0.00000000000000E+00  0.00000000000000E+00  0.00000000000000E+00  0.00000000000000E+00  0.00000000000000E+00  0.00000000000000E+00  0.00000000000000E+00  0.00000000000000E+00  0.00000000000000E+00  0.00000000000000E+00  0.00000000000000E+00  0.00000000000000E+00  0.00000000000000E+00  0.42202272004094E+04  0.00000000000000E+00  0.00000000000000E+00  0.00000000000000E+00  0.00000000000000E+00
  -0.16642780453750E+05 -0.22708407792183E+04 -0.16169545991384E+02 -0.11414168224699E+05  0.46523985966531E+03 -0.31485378582120E+04 -0.13654241222525E+04 -0.27894370707112E+06  0.11348210942734E+06  0.31355664489608E+04 -0.10940122907339E+04  0.34274270471541E+03  0.33141469459016E+02 -0.17751462464424E+01 -0.24387312890085E+04 -0.29718052355787E+03  0.62876892881801E+03  0.10382972409116E+04 -0.12265598495972E+05  0.00000000000000E+00  0.00000000000000E+00  0.00000000000000E+00  0.00000000000000E+00  0.00000000000000E+00  0.00000000000000E+00  0.00000000000000E+00  0.00000000000000E+00  0.00000000000000E+00  0.00000000000000E+00  0.00000000000000E+00  0.00000000000000E+00  0.00000000000000E+00  0.00000000000000E+00  0.00000000000000E+00  0.12578145175535E+06  0.00000000000000E+00  0.00000000000000E+00  0.00000000000000E+00
  -0.72658896726723E+05  0.86314102876433E+04 -0.23966337390618E+04 -0.76598346939621E+04  0.83861201321042E+03 -0.16718137466777E+04 -0.10403258526091E+04 -0.14348913478383E+06  0.44489578565448E+05  0.27526116541513E+04 -0.76126626051520E+03 -0.31532117249981E+04 -0.21897952213811E+03 -0.61747383900407E+01 -0.93167164022292E+03  0.25457078472374E+03 -0.12730871237742E+04 -0.94698837577648E+03  0.15919430019822E+05  0.00000000000000E+00  0.00000000000000E+00 -0.25001161620193E+03 -0.16393781517278E+04  0.14986147949878E+04  0.00000000000000E+00  0.00000000000000E+00  0.00000000000000E+00  0.00000000000000E+00  0.00000000000000E+00  0.00000000000000E+00  0.00000000000000E+00  0.00000000000000E+00  0.00000000000000E+00  0.00000000000000E+00  0.00000000000000E+00  0.95633521925537E+05  0.00000000000000E+00  0.00000000000000E+00
  -0.56928851745581E+05  0.72208463616098E+04 -0.19281762624148E+04 -0.22550196992275E+05  0.25705273971744E+04 -0.47473360266644E+04 -0.30669436381565E+04 -0.17987409056774E+06  0.55239816437197E+05  0.35314233128260E+04 -0.96102346701223E+03 -0.69408335866297E-10 -0.13962007736344E-10 -0.91065075674965E-12 -0.10436326753898E+04  0.28407117884942E+03 -0.14091571478743E+04 -0.10487034685598E+04  0.49127249159310E+05  0.16501265518406E+02  0.12560689149576E+04 -0.20709116358831E+04 -0.62175136264337E+04 -0.19598614657309E+05  0.00000000000000E+00  0.00000000000000E+00  0.00000000000000E+00  0.00000000000000E+00  0.00000000000000E+00  0.00000000000000E+00  0.00000000000000E+00  0.00000000000000E+00  0.00000000000000E+00  0.00000000000000E+00  0.00000000000000E+00  0.00000000000000E+00  0.10008507283754E+06  0.00000000000000E+00
  -0.33602560509536E+06  0.77506699489924E+05 -0.14486124817950E+05 -0.28325102575217E+05  0.59896654751501E+04 -0.68059314392184E+03 -0.30444900990854E+04 -0.32333705409813E+05  0.44449393718662E+04  0.23096916350453E+04 -0.22972708283597E+03 -0.25235384489741E+02 -0.11099865726963E+02 -0.27931244426561E-06  0.15122941762700E+04 -0.34835812597744E+03  0.60567330218059E+03  0.67567521168078E+03  0.15766490976098E+06  0.00000000000000E+00  0.00000000000000E+00  0.16015464765051E+04  0.28647354388178E+04  0.33903865560614E+05  0.00000000000000E+00  0.00000000000000E+00  0.00000000000000E+00  0.00000000000000E+00  0.00000000000000E+00  0.00000000000000E+00  0.00000000000000E+00  0.00000000000000E+00  0.00000000000000E+00  0.00000000000000E+00  0.00000000000000E+00  0.00000000000000E+00  0.00000000000000E+00  0.19743768726624E+06

 # Covariance matrix (Bevington epsilon)
   0.92096663169399E-03 -0.16262622001455E-03 -0.22428845878747E-01  0.27319448751214E-03  0.12952933321837E-04 -0.13046492247471E-03 -0.14537796198909E-02  0.83742635069029E-04  0.56950713733447E-04 -0.26350276479216E-02 -0.27546649748362E-01 -0.89887545814226E-03 -0.11352123945236E-01 -0.79176250114805E-01  0.22784936332357E-03  0.40097297943745E-02  0.31990737531938E-04  0.98813768551628E-04 -0.10013249179386E-04  0.22478634023854E-01 -0.66849267718210E-03  0.14266434615509E-02 -0.10735541669886E-02  0.19520593923734E-04  0.31107266741142E-04  0.34873465455316E-04  0.20908068866423E-04  0.28221594854872E-04  0.29769981296380E-04 -0.46571484804403E-03 -0.17121239591788E-03  0.40792591207551E-04 -0.39421200212021E-04 -0.50105783013176E-04  0.98424489451070E-04  0.30601376431717E-04  0.30237189577051E-04  0.25573617169584E-04
  -0.16262622001456E-03  0.25603749654461E-03  0.55308468962892E-02  0.33777871106798E-04  0.12402774219879E-02 -0.53575657047504E-03  0.90459608679248E-03 -0.15042161643972E-04 -0.11640058257074E-04  0.13320974391327E-02  0.67310985268801E-02  0.24648357952816E-03  0.29771155088609E-02  0.32380518796759E-01  0.64209727711304E-04  0.44118314627849E-02 -0.27262400328796E-03  0.15884253087086E-02 -0.23656131120360E-04  0.25426956997843E-01 -0.83916598941476E-03 -0.23341501833595E-02  0.70599903017378E-03  0.10566954855591E-03  0.11177454325576E-04  0.78378734376570E-05  0.71878479021119E-05  0.65995361555361E-05  0.37867720982070E-05  0.98469879274000E-04  0.24045860388830E-04  0.11166184964905E-04 -0.47331580395840E-05 -0.11985041045899E-05 -0.22203507004926E-04  0.86277496227061E-05  0.58202852491769E-05  0.10207864330593E-04
  -0.22428845878747E-01  0.55308468962890E-02  0.56297249216587E+00 -0.67853346542525E-02  0.70675862596104E-02 -0.21448325102490E-03  0.41503588381807E-01 -0.20369360734995E-02 -0.14046931027094E-02  0.73990657335706E-01  0.71202504528684E+00  0.22572913033894E-01  0.29570420673734E+00  0.21741938102780E+01 -0.45739177842815E-02 -0.53512825644185E-01 -0.31731787722760E-02  0.10301078702188E-01  0.15137041067687E-03 -0.41478308546634E+00  0.92606564125996E-02 -0.48816765751459E-01  0.29877964912050E-01  0.65887504971959E-03 -0.40767002338571E-03 -0.53679327189572E-03 -0.22407054641361E-03 -0.32443600761729E-03 -0.38943193933070E-03  0.12271535331454E-01  0.48397185379273E-02 -0.72920307090460E-03  0.62939863506136E-03  0.92484154850967E-03 -0.22718613291522E-02 -0.38519506397037E-03 -0.39845721981051E-03 -0.26255480620869E-03
   0.27319448751212E-03  0.33777871106799E-04 -0.67853346542520E-02  0.47843130652112E-02  0.10360851674932E-01  0.10687177441561E-02 -0.18735957135776E-01  0.16450181068824E-03  0.11335151938931E-03 -0.95408010752858E-02 -0.86375883609936E-01  0.39458296755131E-02 -0.14909894820946E-01  0.36413085326447E+00  0.51304857534137E-03  0.51490494940715E-02  0.94896468438637E-04 -0.26710772764140E-03  0.37976999915238E-04  0.25091151262661E-01  0.53404250825895E-02 -0.46318540326319E-02  0.73147744108920E-03  0.45784819150436E-03  0.28520275262937E-04  0.59692856705894E-05 -0.30309933118174E-04  0.15458985907207E-04 -0.20234150036777E-04 -0.33323433136368E-05 -0.70722693437981E-03  0.44075754983521E-04  0.27710123093847E-04  0.63671488569579E-05  0.30057231906634E-04  0.19128530317167E-04 -0.10288004033546E-04 -0.36059671984451E-06
