# fitpack15: fit parameters                                                                         
# CJ15 AV18 final data choices                                                                      
# Created on 04/15/2019 at 01:19:11                                                                 

 # QCD setup
  INS                           0
  NVL                          11
  IORD                          1
  Q02                   1.6899999999999999     
  IPARAMC                       7
  FLAVOR                5.0000000000000000     
  xmc                   1.3000000000000000     
  xmb                   4.5000000000000000     
  ncb                          12
  ihq                           1
  ias                           0

 # Theory corrections
  inuke                     10814
  itmc                          1
  iht                           1

 # fit parameters
 LAMBDA       0.22680        0.0000    
 a0uv          1.8316        0.0000    
 a1uv         0.55582       0.37366E-01
 a2uv          3.5749       0.14707E-01
 a3uv          0.0000        0.0000    
 a4uv          5.0496        1.1131    
 a5uv          0.0000        0.0000    
 a0dv          16.129        0.0000    
 a1dv          1.0399       0.70815E-01
 a2dv          6.4038       0.20910    
 a3dv         -3.6042       0.13745    
 a4dv          5.2720       0.42421    
 a5dv          0.0000        0.0000    
 a0ud         0.13681       0.59418E-02
 a1ud        -0.21440       0.45858E-02
 a2ud          8.8529       0.25894    
 a3ud          0.0000        0.0000    
 a4ud          18.396        2.2183    
 a5ud          0.0000        0.0000    
 a0du          35712.        0.0000    
 a1du          3.9729       0.10315    
 a2du          20.745       0.99221    
 a3du          17.000        0.0000    
 a4du          44.645        11.799    
 a0g           47.109        0.0000    
 a1g          0.60512       0.35903E-01
 a2g           7.1920        1.0494    
 a3g          -3.4298       0.17986    
 a4g           3.6142       0.47297    
 a5g           0.0000        0.0000    
 kappa        0.40000        0.0000    
 a6dv        -0.34953E-02   0.34663E-02
 a7dv          2.0000        0.0000    
 off1         -4.6415        3.1130    
 off2        -0.83167E-01   0.17496    
 ht1          -4.5037       0.41231    
 ht2           2.3570       0.13052    
 ht3          -2.0432       0.21559E-01
 ht4           0.0000        0.0000    
 dummy40       0.0000        0.0000    
 dummy41       0.0000        0.0000    
 dummy42       0.0000        0.0000    
 dummy43       0.0000        0.0000    
 dummy44       0.0000        0.0000    
 dummy45       0.0000        0.0000    
 dummy46       0.0000        0.0000    
 dummy47       0.0000        0.0000    
 dummy48       0.0000        0.0000    
 dummy49       0.0000        0.0000    
 bcdmsh2      0.96824       0.50871E-02
 bcdmsd2      0.98966       0.60543E-02
 ccfr          1.0000        0.0000    
 nutev         1.0000        0.0000    
 zeus         0.97998        0.0000    
 h1            1.0162        0.0000    
 e605          1.0319        0.0000    
 NmcH2         1.0057       0.73512E-02
 ntv_nu        1.0000        0.0000    
 ntv_nubar     1.0000        0.0000    
 cdf_jet      0.98910        0.0000    
 d0_jet       0.83504        0.0000    
 slac_p        1.0014       0.52417E-02
 slac_d        1.0026       0.57577E-02
 e866pp       0.97073       0.26502E-01
 e866pd       0.97473       0.21614E-01
 d0_gamjet     1.0364       0.16681E-01
 h1b          0.97608        0.0000    
 jlab_p       0.99439        0.0000    
 jlab_d       0.97560        0.0000    
 blank         1.0000        0.0000    
 d0run2       0.94112       0.14350E-01
 cdfrun2      0.93105       0.17440E-01
 HERA_el       1.0000        0.0000    
 HERA_ps       1.0000        0.0000    
 CDF_Z        0.95480       0.77263E-02
 NmcRat        1.0000        0.0000    
 BNS_F2nd     0.98244        0.0000    
 HERMES_F2p   0.99489       0.59188E-02
 HERMES_F2d   0.97838       0.62001E-02
 jlcee96_sp    1.5550       0.57741E-01
 jlcee96_sd    1.1213       0.73377E-02
 END 0. 0.

 # Hessian matrix (Bevington alpha)
   0.44124516265148E+07 -0.10962502096162E+07  0.15064764157768E+06  0.83449853379658E+06 -0.16568293115186E+06  0.49519632575923E+05  0.93975521353276E+05  0.12465617556413E+07 -0.17746949046687E+06 -0.58225054870501E+05  0.83431465453851E+04  0.12142256032799E+05  0.13304597584712E+04 -0.19832435699872E+02  0.46742610333343E+05 -0.59561970928616E+04  0.34117070492181E+05  0.19612958469793E+05 -0.48555695066399E+07 -0.35474877085145E+04 -0.36723810273349E+05  0.50231392785832E+05  0.14925143602881E+06  0.44204486074965E+06 -0.13395539344165E+06 -0.56362251766617E+05 -0.53920190856927E+04 -0.87713295981740E+06 -0.11252866672296E+07 -0.21363964401762E+05 -0.47769011136225E+05 -0.32313305289636E+04 -0.91560480382645E+04 -0.32132906306911E+04 -0.19019185515286E+05 -0.75334180070777E+05 -0.58745355057585E+05 -0.83919543945094E+03 -0.29992041102670E+06
  -0.10962502096162E+07  0.33954025888540E+06 -0.38175586566712E+05 -0.17186518416754E+06  0.38548665632002E+05 -0.24234910257265E+04 -0.16309975688054E+05 -0.15204624602733E+06  0.23957590201239E+05  0.79229047665159E+04 -0.98223818812016E+03 -0.75453912402701E+03 -0.83581116574967E+02  0.12727836117227E+01 -0.45454318718175E+04  0.48259497588601E+03 -0.34257640564963E+04 -0.17837810729690E+04  0.15171570266188E+07  0.10086888300131E+04  0.67581673318779E+04 -0.90205101730652E+04 -0.28174843800662E+05 -0.94803266442340E+05  0.16903139703575E+05  0.83105795589832E+04 -0.18991854406070E+03  0.21130424491655E+06  0.26456885464614E+06  0.58304949584750E+04  0.13185662920545E+05  0.42079163911542E+03  0.23881144183154E+04  0.75232011177342E+03 -0.21512895642774E+04  0.87065628443378E+04  0.72485613115329E+04  0.17537044783500E+03  0.54823082984721E+05
   0.15064764157768E+06 -0.38175586566712E+05  0.51794067812053E+04  0.28243278405866E+05 -0.57084203311298E+04  0.15001059073522E+04  0.31471442353762E+04  0.34481192572874E+05 -0.44091157152381E+04 -0.18124281814130E+04  0.23677315014689E+03  0.26335974171768E+03  0.35449638286803E+02 -0.96317545317181E+00  0.10584509895659E+04 -0.14287667828515E+03  0.80046846552198E+03  0.46629249494880E+03 -0.16909730568687E+06 -0.12313960341713E+03 -0.12481729147316E+04  0.16881579464106E+04  0.49893560467668E+04  0.14945060285677E+05 -0.43746943111180E+04 -0.18413816863018E+04  0.12110584304761E+02 -0.29420727081021E+05 -0.37955865044693E+05 -0.74238960189837E+03 -0.16651046244967E+04 -0.94093307777721E+02 -0.31357030066691E+03 -0.10924400268905E+03 -0.98403842734070E+02 -0.20921234382428E+04 -0.16681140236176E+04 -0.29365425684905E+02 -0.10308294288938E+05
   0.83449853379658E+06 -0.17186518416754E+06  0.28243278405866E+05  0.25575343696971E+06 -0.46791013523592E+05  0.22198517058658E+05  0.31709390781122E+05  0.32490468845830E+06 -0.48082614425695E+05 -0.15787668543293E+05  0.21562895615585E+04  0.96813560719038E+03  0.97159425734459E+02  0.46694561240877E+01  0.87873016027091E+04 -0.10248294224002E+04  0.60670092091875E+04  0.33705638711344E+04 -0.10240795546785E+07 -0.99423873567761E+03 -0.15014907879564E+05  0.19446225830450E+05  0.53795984501571E+05  0.17305727914873E+06 -0.13449441803696E+05 -0.22174157708764E+05 -0.24333526318912E+03 -0.67800422858408E+05 -0.34918350368037E+06 -0.14422231770477E+04 -0.24222960283802E+04 -0.68532810677192E+02 -0.24857415780627E+04 -0.96618342578128E+03 -0.12275291820016E+05 -0.77766057852722E+04 -0.22834344113114E+05 -0.73897092155312E+02 -0.11190341736681E+06
  -0.16568293115186E+06  0.38548665632002E+05 -0.57084203311298E+04 -0.46791013523592E+05  0.94235915309378E+04 -0.25392459227128E+04 -0.53738848556675E+04 -0.32288317672396E+05  0.28193363899389E+04  0.21767325278277E+04 -0.23362254622862E+03 -0.20029565733652E+03 -0.15172095252199E+02 -0.73434851041737E+00 -0.71373550372578E+03  0.66090581345069E+02 -0.51956229436449E+03 -0.25223884781743E+03  0.23569839347252E+06  0.21883299591844E+03  0.26954620921143E+04 -0.33635385537275E+04 -0.91811404778892E+04 -0.30626697491756E+05  0.20355175402493E+04  0.34422101781531E+04 -0.48175400952256E+02  0.12280035622597E+05  0.64561944181267E+05  0.35444428632491E+03  0.58419336965585E+03  0.85179155340603E+01  0.48143274342173E+03  0.17628854741083E+03  0.50261156020041E+03  0.85271075422534E+03  0.26112389312608E+04  0.15952010709485E+02  0.21157436857254E+05
   0.49519632575923E+05 -0.24234910257265E+04  0.15001059073522E+04  0.22198517058658E+05 -0.25392459227128E+04  0.48399725124381E+04  0.35961564132891E+04  0.71169006311965E+05 -0.12605691566343E+05 -0.26297440404561E+04  0.45528078249819E+03  0.92142979177656E+02  0.14471986137433E+02  0.13977749181328E+01  0.19353007703551E+04 -0.28176548117035E+03  0.12946750453207E+04  0.83182617618112E+03 -0.50772388690676E+04 -0.20604501901656E+02 -0.14275248678410E+04  0.19753917233539E+04  0.57107657504696E+04  0.16576640338030E+05 -0.20113684932271E+04 -0.30979301513812E+04  0.52537777061769E+02 -0.64173467962204E+04 -0.30144271331584E+05  0.25916839794690E+02  0.22129687066191E+02 -0.14026128592915E+02 -0.17711790686540E+03 -0.91569780885638E+02 -0.30774762538700E+04 -0.15895338353311E+04 -0.44993252431684E+04 -0.11422153724060E+01 -0.72902849085273E+04
   0.93975521353276E+05 -0.16309975688054E+05  0.31471442353762E+04  0.31709390781122E+05 -0.53738848556675E+04  0.35961564132891E+04  0.42754413652885E+04  0.43348679215653E+05 -0.55902733387050E+04 -0.22211958573030E+04  0.29741476015181E+03  0.14514596907562E+03  0.14242626683990E+02  0.95566384830653E+00  0.94329730454622E+03 -0.12680524992372E+03  0.60821792557810E+03  0.37022779595703E+03 -0.94024417335281E+05 -0.10061917551679E+03 -0.19450644292803E+04  0.24673719901944E+04  0.68735449210775E+04  0.21193666526300E+05 -0.19635897482641E+04 -0.30909440987096E+04  0.88836853669935E+02 -0.80904856405480E+04 -0.41536461758810E+05 -0.13415536480841E+03 -0.22017666251761E+03 -0.10141670034911E+02 -0.28810041324955E+03 -0.12005286690336E+03 -0.13446088905798E+04 -0.99214837180845E+03 -0.29177087798482E+04 -0.76734940607116E+01 -0.13660903997116E+05
   0.12465617556413E+07 -0.15204624602733E+06  0.34481192572874E+05  0.32490468845830E+06 -0.32288317672396E+05  0.71169006311965E+05  0.43348679215653E+05  0.57875479234410E+07 -0.25303308463116E+07 -0.89860694371732E+05  0.23888808499087E+05  0.33646367499761E+05  0.21970117721512E+04  0.10444739507989E+03  0.72142883454383E+05 -0.91902065401010E+04  0.59010231531127E+05  0.32296309017972E+05 -0.38191281854267E+06 -0.13176055134443E+03 -0.12910360784728E+05  0.36487981442726E+05  0.10909467532406E+06  0.33067405400923E+06 -0.62874100621684E+05 -0.50972949128148E+05 -0.73854499927755E+05 -0.29808819244773E+06 -0.58614131184075E+06 -0.76899513797822E+05 -0.17137390503556E+06 -0.13973179745143E+04  0.55148262342565E+03  0.40708868660818E+03 -0.29071493917121E+06 -0.15023826404424E+06 -0.18675659712216E+06 -0.46912469378538E+02 -0.84677069586748E+05
  -0.17746949046687E+06  0.23957590201239E+05 -0.44091157152381E+04 -0.48082614425695E+05  0.28193363899389E+04 -0.12605691566343E+05 -0.55902733387050E+04 -0.25303308463116E+07  0.19296720691775E+07  0.20019123941030E+05 -0.60315064846595E+04 -0.63697313420821E+04 -0.32868651118534E+03 -0.26632380207573E+02  0.46559357074840E+05 -0.21039440000796E+04  0.12150784159085E+05  0.57454749546650E+04  0.18396366191149E+05 -0.51427583524001E+02  0.14176228217467E+04 -0.80350156488552E+04 -0.24101647588221E+05 -0.76241746971185E+05  0.11126685637109E+05  0.10695157219987E+05  0.25146208221244E+05  0.66159967194021E+05  0.12610849905387E+06  0.23099337073471E+05  0.51615852416853E+05  0.17258441597365E+03 -0.13261378551653E+04 -0.73083544115110E+03  0.11531300481442E+06  0.45515865233343E+05  0.56062645482645E+05  0.33163066579459E+01  0.12575058343460E+05
  -0.58225054870501E+05  0.79229047665159E+04 -0.18124281814130E+04 -0.15787668543293E+05  0.21767325278277E+04 -0.26297440404561E+04 -0.22211958573030E+04 -0.89860694371732E+05  0.20019123941030E+05  0.25163799033511E+04 -0.51811776044017E+03 -0.80177269743541E+03 -0.68124829434647E+02 -0.73044059839345E+00 -0.31660146517859E+04  0.38202976421040E+03 -0.21623068793653E+04 -0.12461006911788E+04  0.31442214814784E+05  0.27161430265593E+02  0.77086504035099E+03 -0.13301102114076E+04 -0.39005374622930E+04 -0.11268240598991E+05  0.26205474564136E+04  0.18169143808606E+04  0.73357503791137E+03  0.10414254040942E+05  0.21613793487816E+05  0.14591872062668E+04  0.31846895651243E+04  0.41843334138565E+02  0.11722903527514E+03  0.52327673258409E+02  0.31890206698146E+04  0.27965845145806E+04  0.35571859932082E+04  0.49338285743015E+01  0.51044081637525E+04
   0.83431465453851E+04 -0.98223818812016E+03  0.23677315014689E+03  0.21562895615585E+04 -0.23362254622862E+03  0.45528078249819E+03  0.29741476015181E+03  0.23888808499087E+05 -0.60315064846595E+04 -0.51811776044017E+03  0.12826882102203E+03  0.20837745488121E+03  0.14624586190441E+02  0.45343185161108E+00  0.91562063673850E+03 -0.98660104328435E+02  0.60422510541358E+03  0.33211932163885E+03 -0.29358388926875E+04 -0.15066752984756E+01 -0.88618668240431E+02  0.20917510510111E+03  0.62559470666333E+03  0.18616100838618E+04 -0.39116510224247E+03 -0.29914849884464E+03 -0.31125381531551E+03 -0.17111854966459E+04 -0.34003800212884E+04 -0.37580729039711E+03 -0.83713714419930E+03 -0.93364921384901E+01 -0.95418609035372E+01 -0.44689043957305E+01 -0.10604777849991E+04 -0.73299080051402E+03 -0.91693080699150E+03 -0.31830679727105E+00 -0.53683550649429E+03
   0.12142256032799E+05 -0.75453912402701E+03  0.26335974171768E+03  0.96813560719038E+03 -0.20029565733652E+03  0.92142979177656E+02  0.14514596907562E+03  0.33646367499761E+05 -0.63697313420821E+04 -0.80177269743541E+03  0.20837745488121E+03  0.19703863704653E+04  0.11984306903127E+03  0.15047355888781E+01  0.21303039062078E+04 -0.27710073551901E+03  0.16748613862070E+04  0.96761653690715E+03 -0.50433685261041E+04 -0.60518684235783E+01  0.15196764553318E+02 -0.14557261441720E+03 -0.23607917873374E+03 -0.20484335116846E+04 -0.11313025950147E+04  0.17192055005676E-10 -0.84988155877420E+03 -0.52760876397201E+04 -0.28143851527538E-09 -0.26509894588460E+04 -0.60554433531780E+02 -0.87016366679636E+02 -0.18714305384102E+01 -0.80682153171113E+00  0.33646144629284E+03 -0.30456340621740E+04 -0.85067751441993E-11  0.39030742417363E+00  0.11410133267138E-10
   0.13304597584712E+04 -0.83581116574967E+02  0.35449638286803E+02  0.97159425734459E+02 -0.15172095252199E+02  0.14471986137433E+02  0.14242626683990E+02  0.21970117721512E+04 -0.32868651118534E+03 -0.68124829434647E+02  0.14624586190441E+02  0.11984306903127E+03  0.99964640814858E+01 -0.57272022610328E-01  0.12750976585877E+03 -0.18720006318944E+02  0.10081499722547E+03  0.62351565931361E+02 -0.32108598329938E+03 -0.25691086697857E+00  0.65175991904935E+01 -0.77625479731526E+01 -0.50173567251946E+01 -0.14188031693324E+03 -0.16181930869334E+03 -0.54595076616349E-11 -0.31055897574637E+02 -0.59188380528444E+03 -0.52149685702456E-10 -0.15801439244570E+03 -0.15513142806161E+02 -0.66624732409558E+01 -0.18602571412519E+00 -0.72662657395678E-01  0.31887738945099E+02 -0.20931410763996E+03  0.58349881275977E-11  0.11178341989032E+00 -0.43107963648578E-11
  -0.19832435699872E+02  0.12727836117227E+01 -0.96317545317181E+00  0.46694561240877E+01 -0.73434851041737E+00  0.13977749181328E+01  0.95566384830653E+00  0.10444739507989E+03 -0.26632380207573E+02 -0.73044059839345E+00  0.45343185161108E+00  0.15047355888781E+01 -0.57272022610328E-01  0.56144048320016E-01  0.96540393842740E+01 -0.44899819408073E+00  0.40298701285851E+01  0.14692617349651E+01 -0.14511724639248E+02 -0.47579602656444E-01 -0.15259559700459E+01 -0.60629991300689E+00 -0.14989888649845E+01 -0.70252178394522E+01  0.67352188029368E-01  0.44062798684347E-13 -0.91606245142213E+01 -0.19641299382206E+01 -0.64819050764316E-11 -0.61759841639068E+01 -0.13968170171343E-03 -0.22816128909794E+00 -0.28638981566552E-02 -0.15436817340083E-02 -0.17938701771668E+01 -0.59968744850404E+01  0.56968726158478E-12  0.22406783037260E-07  0.34421131656634E-12
   0.46742610333343E+05 -0.45454318718175E+04  0.10584509895659E+04  0.87873016027091E+04 -0.71373550372578E+03  0.19353007703551E+04  0.94329730454622E+03  0.72142883454383E+05  0.46559357074840E+05 -0.31660146517859E+04  0.91562063673850E+03  0.21303039062078E+04  0.12750976585877E+03  0.96540393842740E+01  0.46093139086122E+05 -0.42119433111356E+04  0.26369178354707E+05  0.13864091340879E+05 -0.19280257166997E+05  0.17317518967915E+02  0.28198232879070E+03 -0.23590531179836E+03 -0.75456212328283E+03 -0.84547468819572E+03 -0.27290030647041E+04 -0.17768646088672E+04 -0.25137087440111E+04  0.21022664177837E+04  0.45611867080919E+04 -0.15137870110755E+04 -0.29028116622849E+04 -0.73705828126937E+03 -0.28989950424376E+04 -0.15389345816199E+04 -0.25504556440938E+04 -0.93111180278059E+03 -0.10406172228573E+04  0.37170400003339E+01  0.34678472340312E+04
  -0.59561970928616E+04  0.48259497588601E+03 -0.14287667828515E+03 -0.10248294224002E+04  0.66090581345069E+02 -0.28176548117035E+03 -0.12680524992372E+03 -0.91902065401010E+04 -0.21039440000796E+04  0.38202976421040E+03 -0.98660104328435E+02 -0.27710073551901E+03 -0.18720006318944E+02 -0.44899819408073E+00 -0.42119433111356E+04  0.45321125491719E+03 -0.27106178060241E+04 -0.14987211392230E+04  0.17833115877991E+04 -0.33205251620719E+01 -0.44014300888548E+02  0.36789839470027E+02  0.10777195717158E+03  0.10287224257139E+03  0.49516611582084E+03  0.30853068669538E+03  0.29072632736126E+03 -0.18238498638086E+03 -0.54034017306353E+03  0.15556766277555E+03  0.29762612213204E+03  0.81303639641604E+02  0.43260957335706E+03  0.21482998252941E+03 -0.28303905937309E+03  0.25204595616221E+03  0.28068344843647E+03 -0.99088975310389E+00 -0.73819132631166E+03
   0.34117070492181E+05 -0.34257640564963E+04  0.80046846552198E+03  0.60670092091875E+04 -0.51956229436449E+03  0.12946750453207E+04  0.60821792557810E+03  0.59010231531127E+05  0.12150784159085E+05 -0.21623068793653E+04  0.60422510541358E+03  0.16748613862070E+04  0.10081499722547E+03  0.40298701285851E+01  0.26369178354707E+05 -0.27106178060241E+04  0.16808388699733E+05  0.90880875155824E+04 -0.14864365071635E+05  0.10203036912756E+02  0.20238935567197E+03 -0.15805866751095E+03 -0.54208138512320E+03 -0.54841673690046E+03 -0.17873415140253E+04 -0.11738578138312E+04 -0.20945240972350E+04  0.18258599824720E+04  0.36112575920557E+04 -0.10581116297779E+04 -0.20322447339021E+04 -0.48764531319409E+03 -0.19155276936036E+04 -0.10484271032289E+04  0.36849192929597E+03 -0.10956588806706E+04 -0.12110101608000E+04  0.11480620044955E+00  0.15967473595228E+04
   0.19612958469793E+05 -0.17837810729690E+04  0.46629249494880E+03  0.33705638711344E+04 -0.25223884781743E+03  0.83182617618112E+03  0.37022779595703E+03  0.32296309017972E+05  0.57454749546650E+04 -0.12461006911788E+04  0.33211932163885E+03  0.96761653690715E+03  0.62351565931361E+02  0.14692617349651E+01  0.13864091340879E+05 -0.14987211392230E+04  0.90880875155824E+04  0.50106895995012E+04 -0.74308118032707E+04  0.82878847436190E+01  0.13692578667781E+03 -0.11279084968437E+03 -0.35883632706872E+03 -0.35534099450149E+03 -0.13459479544378E+04 -0.85060214870201E+03 -0.10735362976294E+04  0.88931597801177E+03  0.20537748726725E+04 -0.54262437968644E+03 -0.10438162763717E+04 -0.27336036569699E+03 -0.12760047254285E+04 -0.66771638090308E+03  0.86526197157168E+03 -0.84155193864350E+03 -0.93045547198442E+03  0.10126535430572E+01  0.15797229002829E+04
  -0.48555695066399E+07  0.15171570266188E+07 -0.16909730568687E+06 -0.10240795546785E+07  0.23569839347252E+06 -0.50772388690676E+04 -0.94024417335281E+05 -0.38191281854267E+06  0.18396366191149E+05  0.31442214814784E+05 -0.29358388926875E+04 -0.50433685261041E+04 -0.32108598329938E+03 -0.14511724639248E+02 -0.19280257166997E+05  0.17833115877991E+04 -0.14864365071635E+05 -0.74308118032707E+04  0.94523588955755E+07  0.74640671243826E+04  0.47308360992564E+05 -0.69827663189118E+05 -0.19977677564030E+06 -0.75988674287759E+06  0.22459807324024E+05  0.50013718759779E+05 -0.69799931279097E+03  0.37150175933843E+06  0.18152892160911E+07  0.11815325390289E+05  0.20417363053993E+05  0.12415112985701E+03  0.15708894821366E+05  0.49147604048092E+04 -0.10128606488226E+05  0.13750465231650E+05  0.42463817582217E+05  0.29593097997957E+03  0.34844714152917E+06
  -0.35474877085145E+04  0.10086888300131E+04 -0.12313960341713E+03 -0.99423873567761E+03  0.21883299591844E+03 -0.20604501901656E+02 -0.10061917551679E+03 -0.13176055134443E+03 -0.51427583524001E+02  0.27161430265593E+02 -0.15066752984756E+01 -0.60518684235783E+01 -0.25691086697857E+00 -0.47579602656444E-01  0.17317518967915E+02 -0.33205251620719E+01  0.10203036912756E+02  0.82878847436190E+01  0.74640671243826E+04  0.69658797142543E+01  0.57704781896016E+02 -0.76064963398920E+02 -0.20929014123239E+03 -0.76282923767899E+03  0.00000000000000E+00  0.43823009725071E+02  0.00000000000000E+00  0.00000000000000E+00  0.16938141842860E+04  0.00000000000000E+00 -0.19789940793938E+02  0.00000000000000E+00  0.00000000000000E+00  0.00000000000000E+00  0.00000000000000E+00  0.00000000000000E+00  0.29552077568539E+02  0.00000000000000E+00  0.45828359024108E+03
  -0.36723810273349E+05  0.67581673318779E+04 -0.12481729147316E+04 -0.15014907879564E+05  0.26954620921143E+04 -0.14275248678410E+04 -0.19450644292803E+04 -0.12910360784728E+05  0.14176228217467E+04  0.77086504035099E+03 -0.88618668240431E+02  0.15196764553318E+02  0.65175991904935E+01 -0.15259559700459E+01  0.28198232879070E+03 -0.44014300888548E+02  0.20238935567197E+03  0.13692578667781E+03  0.47308360992564E+05  0.57704781896016E+02  0.10994987172643E+04 -0.12072304011269E+04 -0.32693625009119E+04 -0.10654273914654E+05  0.00000000000000E+00  0.14666136704582E+04  0.00000000000000E+00  0.00000000000000E+00  0.20711486538747E+05  0.00000000000000E+00 -0.18739127288422E+03  0.00000000000000E+00  0.00000000000000E+00  0.00000000000000E+00  0.00000000000000E+00  0.00000000000000E+00  0.12057030477225E+04  0.00000000000000E+00  0.73059030430361E+04
   0.50231392785832E+05 -0.90205101730652E+04  0.16881579464106E+04  0.19446225830450E+05 -0.33635385537275E+04  0.19753917233539E+04  0.24673719901944E+04  0.36487981442726E+05 -0.80350156488552E+04 -0.13301102114076E+04  0.20917510510111E+03 -0.14557261441720E+03 -0.77625479731526E+01 -0.60629991300689E+00 -0.23590531179836E+03  0.36789839470027E+02 -0.15805866751095E+03 -0.11279084968437E+03 -0.69827663189118E+05 -0.76064963398920E+02 -0.12072304011269E+04  0.19203647327048E+04  0.52462178395854E+04  0.17482060889706E+05 -0.35806705260812E+02 -0.19750323065644E+04  0.50006723160609E+01  0.92053386638681E+03 -0.31438816111785E+05  0.00000000000000E+00 -0.61581485190180E+03  0.00000000000000E+00  0.00000000000000E+00  0.00000000000000E+00  0.00000000000000E+00 -0.19019327272501E+03 -0.29251008696533E+04  0.13330589839927E+01 -0.90609028969008E+04
   0.14925143602881E+06 -0.28174843800662E+05  0.49893560467668E+04  0.53795984501571E+05 -0.91811404778892E+04  0.57107657504696E+04  0.68735449210775E+04  0.10909467532406E+06 -0.24101647588221E+05 -0.39005374622930E+04  0.62559470666333E+03 -0.23607917873374E+03 -0.50173567251946E+01 -0.14989888649845E+01 -0.75456212328283E+03  0.10777195717158E+03 -0.54208138512320E+03 -0.35883632706872E+03 -0.19977677564030E+06 -0.20929014123239E+03 -0.32693625009119E+04  0.52462178395854E+04  0.14632212384505E+05  0.47490131075163E+05 -0.14275967127302E+03 -0.49692123092134E+04  0.94408853390198E+01 -0.42923230776748E+04 -0.88390916387180E+05  0.00000000000000E+00 -0.15369152924043E+04  0.00000000000000E+00  0.00000000000000E+00  0.00000000000000E+00  0.00000000000000E+00 -0.13894925297322E+04 -0.82487589557249E+04  0.60222464920557E+01 -0.24505483951007E+05
   0.44204486074965E+06 -0.94803266442340E+05  0.14945060285677E+05  0.17305727914873E+06 -0.30626697491756E+05  0.16576640338030E+05  0.21193666526300E+05  0.33067405400923E+06 -0.76241746971185E+05 -0.11268240598991E+05  0.18616100838618E+04 -0.20484335116846E+04 -0.14188031693324E+03 -0.70252178394522E+01 -0.84547468819572E+03  0.10287224257139E+03 -0.54841673690046E+03 -0.35534099450149E+03 -0.75988674287759E+06 -0.76282923767899E+03 -0.10654273914654E+05  0.17482060889706E+05  0.47490131075163E+05  0.17246464647111E+06  0.22830736812406E+03 -0.22733536805049E+05 -0.14785679036126E+01  0.39574838244982E+05 -0.31085215876293E+06  0.00000000000000E+00 -0.71963782553123E+04  0.00000000000000E+00  0.00000000000000E+00  0.00000000000000E+00  0.00000000000000E+00  0.14575808651919E+04 -0.30343725668688E+05  0.96702636747172E+02 -0.62805264368071E+05
  -0.13395539344165E+06  0.16903139703575E+05 -0.43746943111180E+04 -0.13449441803696E+05  0.20355175402493E+04 -0.20113684932271E+04 -0.19635897482641E+04 -0.62874100621684E+05  0.11126685637109E+05  0.26205474564136E+04 -0.39116510224247E+03 -0.11313025950147E+04 -0.16181930869334E+03  0.67352188029368E-01 -0.27290030647041E+04  0.49516611582084E+03 -0.17873415140253E+04 -0.13459479544378E+04  0.22459807324024E+05  0.00000000000000E+00  0.00000000000000E+00 -0.35806705260812E+02 -0.14275967127302E+03  0.22830736812406E+03  0.11739152988097E+06  0.00000000000000E+00  0.00000000000000E+00  0.00000000000000E+00  0.00000000000000E+00  0.00000000000000E+00  0.00000000000000E+00  0.00000000000000E+00  0.00000000000000E+00  0.00000000000000E+00  0.00000000000000E+00  0.00000000000000E+00  0.00000000000000E+00  0.00000000000000E+00  0.00000000000000E+00
  -0.56362251766617E+05  0.83105795589832E+04 -0.18413816863018E+04 -0.22174157708764E+05  0.34422101781531E+04 -0.30979301513812E+04 -0.30909440987096E+04 -0.50972949128148E+05  0.10695157219987E+05  0.18169143808606E+04 -0.29914849884464E+03  0.17192055005676E-10 -0.54595076616349E-11  0.44062798684347E-13 -0.17768646088672E+04  0.30853068669538E+03 -0.11738578138312E+04 -0.85060214870201E+03  0.50013718759779E+05  0.43823009725071E+02  0.14666136704582E+04 -0.19750323065644E+04 -0.49692123092134E+04 -0.22733536805049E+05  0.00000000000000E+00  0.64972344748124E+05  0.00000000000000E+00  0.00000000000000E+00  0.00000000000000E+00  0.00000000000000E+00  0.00000000000000E+00  0.00000000000000E+00  0.00000000000000E+00  0.00000000000000E+00  0.00000000000000E+00  0.00000000000000E+00  0.00000000000000E+00  0.00000000000000E+00  0.00000000000000E+00
  -0.53920190856927E+04 -0.18991854406070E+03  0.12110584304761E+02 -0.24333526318912E+03 -0.48175400952256E+02  0.52537777061769E+02  0.88836853669935E+02 -0.73854499927755E+05  0.25146208221244E+05  0.73357503791137E+03 -0.31125381531551E+03 -0.84988155877420E+03 -0.31055897574637E+02 -0.91606245142213E+01 -0.25137087440111E+04  0.29072632736126E+03 -0.20945240972350E+04 -0.10735362976294E+04 -0.69799931279097E+03  0.00000000000000E+00  0.00000000000000E+00  0.50006723160609E+01  0.94408853390198E+01 -0.14785679036126E+01  0.00000000000000E+00  0.00000000000000E+00  0.30844284819355E+05  0.00000000000000E+00  0.00000000000000E+00  0.00000000000000E+00  0.00000000000000E+00  0.00000000000000E+00  0.00000000000000E+00  0.00000000000000E+00  0.00000000000000E+00  0.00000000000000E+00  0.00000000000000E+00  0.00000000000000E+00  0.00000000000000E+00
  -0.87713295981740E+06  0.21130424491655E+06 -0.29420727081021E+05 -0.67800422858408E+05  0.12280035622597E+05 -0.64173467962204E+04 -0.80904856405480E+04 -0.29808819244773E+06  0.66159967194021E+05  0.10414254040942E+05 -0.17111854966459E+04 -0.52760876397201E+04 -0.59188380528444E+03 -0.19641299382206E+01  0.21022664177837E+04 -0.18238498638086E+03  0.18258599824720E+04  0.88931597801177E+03  0.37150175933843E+06  0.00000000000000E+00  0.00000000000000E+00  0.92053386638681E+03 -0.42923230776748E+04  0.39574838244982E+05  0.00000000000000E+00  0.00000000000000E+00  0.00000000000000E+00  0.58147706754683E+06  0.00000000000000E+00  0.00000000000000E+00  0.00000000000000E+00  0.00000000000000E+00  0.00000000000000E+00  0.00000000000000E+00  0.00000000000000E+00  0.00000000000000E+00  0.00000000000000E+00  0.00000000000000E+00  0.00000000000000E+00
  -0.11252866672296E+07  0.26456885464614E+06 -0.37955865044693E+05 -0.34918350368037E+06  0.64561944181267E+05 -0.30144271331584E+05 -0.41536461758810E+05 -0.58614131184075E+06  0.12610849905387E+06  0.21613793487816E+05 -0.34003800212884E+04 -0.28143851527538E-09 -0.52149685702456E-10 -0.64819050764316E-11  0.45611867080919E+04 -0.54034017306353E+03  0.36112575920557E+04  0.20537748726725E+04  0.18152892160911E+07  0.16938141842860E+04  0.20711486538747E+05 -0.31438816111785E+05 -0.88390916387180E+05 -0.31085215876293E+06  0.00000000000000E+00  0.00000000000000E+00  0.00000000000000E+00  0.00000000000000E+00  0.91983344848336E+06  0.00000000000000E+00  0.00000000000000E+00  0.00000000000000E+00  0.00000000000000E+00  0.00000000000000E+00  0.00000000000000E+00  0.00000000000000E+00  0.00000000000000E+00  0.00000000000000E+00  0.00000000000000E+00
  -0.21363964401762E+05  0.58304949584750E+04 -0.74238960189837E+03 -0.14422231770477E+04  0.35444428632491E+03  0.25916839794690E+02 -0.13415536480841E+03 -0.76899513797822E+05  0.23099337073471E+05  0.14591872062668E+04 -0.37580729039711E+03 -0.26509894588460E+04 -0.15801439244570E+03 -0.61759841639068E+01 -0.15137870110755E+04  0.15556766277555E+03 -0.10581116297779E+04 -0.54262437968644E+03  0.11815325390289E+05  0.00000000000000E+00  0.00000000000000E+00  0.00000000000000E+00  0.00000000000000E+00  0.00000000000000E+00  0.00000000000000E+00  0.00000000000000E+00  0.00000000000000E+00  0.00000000000000E+00  0.00000000000000E+00  0.14619493143997E+05  0.00000000000000E+00  0.00000000000000E+00  0.00000000000000E+00  0.00000000000000E+00  0.00000000000000E+00  0.00000000000000E+00  0.00000000000000E+00  0.00000000000000E+00  0.00000000000000E+00
  -0.47769011136225E+05  0.13185662920545E+05 -0.16651046244967E+04 -0.24222960283802E+04  0.58419336965585E+03  0.22129687066191E+02 -0.22017666251761E+03 -0.17137390503556E+06  0.51615852416853E+05  0.31846895651243E+04 -0.83713714419930E+03 -0.60554433531780E+02 -0.15513142806161E+02 -0.13968170171343E-03 -0.29028116622849E+04  0.29762612213204E+03 -0.20322447339021E+04 -0.10438162763717E+04  0.20417363053993E+05 -0.19789940793938E+02 -0.18739127288422E+03 -0.61581485190180E+03 -0.15369152924043E+04 -0.71963782553123E+04  0.00000000000000E+00  0.00000000000000E+00  0.00000000000000E+00  0.00000000000000E+00  0.00000000000000E+00  0.00000000000000E+00  0.31080826432056E+05  0.00000000000000E+00  0.00000000000000E+00  0.00000000000000E+00  0.00000000000000E+00  0.00000000000000E+00  0.00000000000000E+00  0.00000000000000E+00  0.00000000000000E+00
  -0.32313305289636E+04  0.42079163911542E+03 -0.94093307777721E+02 -0.68532810677192E+02  0.85179155340603E+01 -0.14026128592915E+02 -0.10141670034911E+02 -0.13973179745143E+04  0.17258441597365E+03  0.41843334138565E+02 -0.93364921384901E+01 -0.87016366679636E+02 -0.66624732409558E+01 -0.22816128909794E+00 -0.73705828126937E+03  0.81303639641604E+02 -0.48764531319409E+03 -0.27336036569699E+03  0.12415112985701E+03  0.00000000000000E+00  0.00000000000000E+00  0.00000000000000E+00  0.00000000000000E+00  0.00000000000000E+00  0.00000000000000E+00  0.00000000000000E+00  0.00000000000000E+00  0.00000000000000E+00  0.00000000000000E+00  0.00000000000000E+00  0.00000000000000E+00  0.37982103997087E+04  0.00000000000000E+00  0.00000000000000E+00  0.00000000000000E+00  0.00000000000000E+00  0.00000000000000E+00  0.00000000000000E+00  0.00000000000000E+00
  -0.91560480382645E+04  0.23881144183154E+04 -0.31357030066691E+03 -0.24857415780627E+04  0.48143274342173E+03 -0.17711790686540E+03 -0.28810041324955E+03  0.55148262342565E+03 -0.13261378551653E+04  0.11722903527514E+03 -0.95418609035372E+01 -0.18714305384102E+01 -0.18602571412519E+00 -0.28638981566552E-02 -0.28989950424376E+04  0.43260957335706E+03 -0.19155276936036E+04 -0.12760047254285E+04  0.15708894821366E+05  0.00000000000000E+00  0.00000000000000E+00  0.00000000000000E+00  0.00000000000000E+00  0.00000000000000E+00  0.00000000000000E+00  0.00000000000000E+00  0.00000000000000E+00  0.00000000000000E+00  0.00000000000000E+00  0.00000000000000E+00  0.00000000000000E+00  0.00000000000000E+00  0.83062016909795E+04  0.00000000000000E+00  0.00000000000000E+00  0.00000000000000E+00  0.00000000000000E+00  0.00000000000000E+00  0.00000000000000E+00
  -0.32132906306911E+04  0.75232011177342E+03 -0.10924400268905E+03 -0.96618342578128E+03  0.17628854741083E+03 -0.91569780885638E+02 -0.12005286690336E+03  0.40708868660818E+03 -0.73083544115110E+03  0.52327673258409E+02 -0.44689043957305E+01 -0.80682153171113E+00 -0.72662657395678E-01 -0.15436817340083E-02 -0.15389345816199E+04  0.21482998252941E+03 -0.10484271032289E+04 -0.66771638090308E+03  0.49147604048092E+04  0.00000000000000E+00  0.00000000000000E+00  0.00000000000000E+00  0.00000000000000E+00  0.00000000000000E+00  0.00000000000000E+00  0.00000000000000E+00  0.00000000000000E+00  0.00000000000000E+00  0.00000000000000E+00  0.00000000000000E+00  0.00000000000000E+00  0.00000000000000E+00  0.00000000000000E+00  0.42258038460487E+04  0.00000000000000E+00  0.00000000000000E+00  0.00000000000000E+00  0.00000000000000E+00  0.00000000000000E+00
  -0.19019185515286E+05 -0.21512895642774E+04 -0.98403842734070E+02 -0.12275291820016E+05  0.50261156020041E+03 -0.30774762538700E+04 -0.13446088905798E+04 -0.29071493917121E+06  0.11531300481442E+06  0.31890206698146E+04 -0.10604777849991E+04  0.33646144629284E+03  0.31887738945099E+02 -0.17938701771668E+01 -0.25504556440938E+04 -0.28303905937309E+03  0.36849192929597E+03  0.86526197157168E+03 -0.10128606488226E+05  0.00000000000000E+00  0.00000000000000E+00  0.00000000000000E+00  0.00000000000000E+00  0.00000000000000E+00  0.00000000000000E+00  0.00000000000000E+00  0.00000000000000E+00  0.00000000000000E+00  0.00000000000000E+00  0.00000000000000E+00  0.00000000000000E+00  0.00000000000000E+00  0.00000000000000E+00  0.00000000000000E+00  0.12668604135736E+06  0.00000000000000E+00  0.00000000000000E+00  0.00000000000000E+00  0.00000000000000E+00
  -0.75334180070777E+05  0.87065628443378E+04 -0.20921234382428E+04 -0.77766057852722E+04  0.85271075422534E+03 -0.15895338353311E+04 -0.99214837180845E+03 -0.15023826404424E+06  0.45515865233343E+05  0.27965845145806E+04 -0.73299080051402E+03 -0.30456340621740E+04 -0.20931410763996E+03 -0.59968744850404E+01 -0.93111180278059E+03  0.25204595616221E+03 -0.10956588806706E+04 -0.84155193864350E+03  0.13750465231650E+05  0.00000000000000E+00  0.00000000000000E+00 -0.19019327272501E+03 -0.13894925297322E+04  0.14575808651919E+04  0.00000000000000E+00  0.00000000000000E+00  0.00000000000000E+00  0.00000000000000E+00  0.00000000000000E+00  0.00000000000000E+00  0.00000000000000E+00  0.00000000000000E+00  0.00000000000000E+00  0.00000000000000E+00  0.00000000000000E+00  0.95560531500235E+05  0.00000000000000E+00  0.00000000000000E+00  0.00000000000000E+00
  -0.58745355057585E+05  0.72485613115329E+04 -0.16681140236176E+04 -0.22834344113114E+05  0.26112389312608E+04 -0.44993252431684E+04 -0.29177087798482E+04 -0.18675659712216E+06  0.56062645482645E+05  0.35571859932082E+04 -0.91693080699150E+03 -0.85067751441993E-11  0.58349881275977E-11  0.56968726158478E-12 -0.10406172228573E+04  0.28068344843647E+03 -0.12110101608000E+04 -0.93045547198442E+03  0.42463817582217E+05  0.29552077568539E+02  0.12057030477225E+04 -0.29251008696533E+04 -0.82487589557249E+04 -0.30343725668688E+05  0.00000000000000E+00  0.00000000000000E+00  0.00000000000000E+00  0.00000000000000E+00  0.00000000000000E+00  0.00000000000000E+00  0.00000000000000E+00  0.00000000000000E+00  0.00000000000000E+00  0.00000000000000E+00  0.00000000000000E+00  0.00000000000000E+00  0.99937091406099E+05  0.00000000000000E+00  0.00000000000000E+00
  -0.83919543945094E+03  0.17537044783500E+03 -0.29365425684905E+02 -0.73897092155312E+02  0.15952010709485E+02 -0.11422153724060E+01 -0.76734940607116E+01 -0.46912469378538E+02  0.33163066579459E+01  0.49338285743015E+01 -0.31830679727105E+00  0.39030742417363E+00  0.11178341989032E+00  0.22406783037260E-07  0.37170400003339E+01 -0.99088975310389E+00  0.11480620044955E+00  0.10126535430572E+01  0.29593097997957E+03  0.00000000000000E+00  0.00000000000000E+00  0.13330589839927E+01  0.60222464920557E+01  0.96702636747172E+02  0.00000000000000E+00  0.00000000000000E+00  0.00000000000000E+00  0.00000000000000E+00  0.00000000000000E+00  0.00000000000000E+00  0.00000000000000E+00  0.00000000000000E+00  0.00000000000000E+00  0.00000000000000E+00  0.00000000000000E+00  0.00000000000000E+00  0.00000000000000E+00  0.30775200931191E+03  0.00000000000000E+00
  -0.29992041102670E+06  0.54823082984721E+05 -0.10308294288938E+05 -0.11190341736681E+06  0.21157436857254E+05 -0.72902849085273E+04 -0.13660903997116E+05 -0.84677069586748E+05  0.12575058343460E+05  0.51044081637525E+04 -0.53683550649429E+03  0.11410133267138E-10 -0.43107963648578E-11  0.34421131656634E-12  0.34678472340312E+04 -0.73819132631166E+03  0.15967473595228E+04  0.15797229002829E+04  0.34844714152917E+06  0.45828359024108E+03  0.73059030430361E+04 -0.90609028969008E+04 -0.24505483951007E+05 -0.62805264368071E+05  0.00000000000000E+00  0.00000000000000E+00  0.00000000000000E+00  0.00000000000000E+00  0.00000000000000E+00  0.00000000000000E+00  0.00000000000000E+00  0.00000000000000E+00  0.00000000000000E+00  0.00000000000000E+00  0.00000000000000E+00  0.00000000000000E+00  0.00000000000000E+00  0.00000000000000E+00  0.21286277005369E+06

 # Covariance matrix (Bevington epsilon)
   0.13962413755070E-02 -0.10581381808335E-03 -0.41190194213623E-01  0.53764719100766E-03  0.42862551381955E-03 -0.49643542147106E-04 -0.25571620894132E-02  0.11422524970030E-03  0.79433158254043E-04 -0.39228555331138E-02 -0.44040729270777E-01 -0.12905372058111E-02 -0.13660019151100E-01 -0.13148184924882E+00  0.29108477847175E-03  0.62016677105691E-02 -0.58846494873026E-06  0.54350172600113E-03 -0.14048148058471E-04  0.23452906021672E-01 -0.26997133448187E-03  0.26024045516511E-02 -0.13267557266451E-02 -0.92494179428945E-05  0.36035600962206E-04  0.38706864804076E-04  0.25035007344683E-04  0.37919532266538E-04  0.36988300619507E-04 -0.69663599180198E-03 -0.30343430361409E-03  0.56078231341900E-04 -0.41416681687856E-04 -0.55970244432287E-04  0.13766412721748E-03  0.39868016910221E-04  0.36900468118060E-04  0.66514750349903E-04  0.47607584787108E-04
  -0.10581381808333E-03  0.21630062950837E-03  0.48770486975214E-02  0.31329200673847E-04  0.11708397647071E-02 -0.53987302314954E-03  0.84600961974437E-03 -0.92064129240330E-05 -0.78484368140593E-05  0.11758929856738E-02  0.55976640695013E-02  0.15135253132383E-03  0.17785258326444E-02  0.24325944603807E-01  0.90768524857834E-04  0.47605592322328E-02 -0.38205574037834E-03  0.18664519679819E-02 -0.30063842988470E-04  0.20000071300676E-01 -0.11808325771101E-02 -0.23884926102902E-02  0.53670426291651E-03  0.11286330251797E-03  0.13227609464056E-04  0.10537542922706E-04  0.86305756826932E-05  0.69148846435219E-05  0.49286175357019E-05  0.62299003212181E-04  0.18740604592797E-04  0.12835317659012E-04 -0.68811347683620E-05 -0.51435428070403E-05 -0.12976744022471E-04  0.96281207462793E-05  0.72661571312860E-05  0.57933863457361E-05 -0.58535870217429E-05
