# fitpack15: fit parameters                                                                         
# CJ15 AV18 final data choices                                                                      
# Created on 07/02/2020 at 16:06:58                                                                 

 # QCD setup
  INS                           0
  NVL                          11
  IORD                          1
  Q02                   1.6899999999999999     
  IPARAMC                       7
  FLAVOR                4.0000000000000000     
  xmc                   1.3000000000000000     
  xmb                   4.5000000000000000     
  ncb                          12
  ihq                           1
  ias                           0

 # Theory corrections
  inuke                     10814
  itmc                          1
  iht                           1

 # fit parameters
 LAMBDA       0.22680        0.0000    
 a0uv          2.3947        0.0000    
 a1uv         0.61424       0.19918E-01
 a2uv          3.5403       0.12377E-01
 a3uv          0.0000        0.0000    
 a4uv          3.4778       0.43174    
 a5uv          0.0000        0.0000    
 a0dv          24.718        0.0000    
 a1dv          1.1597       0.33405E-01
 a2dv          6.5458       0.15914    
 a3dv         -3.5036       0.85948E-01
 a4dv          4.6743       0.14207    
 a5dv          0.0000        0.0000    
 a0ud         0.14662       0.50367E-02
 a1ud        -0.20770       0.37562E-02
 a2ud          8.3177       0.19130    
 a3ud          0.0000        0.0000    
 a4ud          14.581        1.2199    
 a5ud          0.0000        0.0000    
 a0du          35712.        0.0000    
 a1du          4.0237       0.74069E-01
 a2du          19.997       0.85975    
 a3du          17.000        0.0000    
 a4du          50.676        10.474    
 a0g           45.563        0.0000    
 a1g          0.60325       0.31560E-01
 a2g           6.5885       0.96867    
 a3g          -3.3053       0.13898    
 a4g           3.1940       0.32931    
 a5g           0.0000        0.0000    
 kappa        0.40000        0.0000    
 a6dv        -0.36062E-02   0.65999E-03
 a7dv          2.0000        0.0000    
 off1         -5.2439        1.5424    
 off2         0.49455E-01   0.18083E-01
 off3          0.33954      0.00000
 ht1          -3.2698       0.26015    
 ht2           1.9543       0.10498    
 ht3          -2.0550       0.17636E-01
 ht4           0.0000        0.0000    
 dummy40       0.0000        0.0000    
 dummy41       0.0000        0.0000    
 dummy42       0.0000        0.0000    
 dummy43       0.0000        0.0000    
 dummy44       0.0000        0.0000    
 dummy45       0.0000        0.0000    
 dummy46       0.0000        0.0000    
 dummy47       0.0000        0.0000    
 dummy48       0.0000        0.0000    
 dummy49       0.0000        0.0000    
 bcdmsh2      0.97298       0.48318E-02
 bcdmsd2      0.99258       0.58336E-02
 ccfr          1.0000        0.0000    
 nutev         1.0000        0.0000    
 zeus         0.97998        0.0000    
 h1            1.0162        0.0000    
 e605          1.0319        0.0000    
 NmcH2         1.0092       0.71232E-02
 ntv_nu        1.0000        0.0000    
 ntv_nubar     1.0000        0.0000    
 cdf_jet      0.98910        0.0000    
 d0_jet       0.83504        0.0000    
 slac_p        1.0049       0.48137E-02
 slac_d        1.0040       0.52767E-02
 e866pp       0.96518       0.19282E-01
 e866pd       0.96449       0.15911E-01
 d0_gamjet     1.0388       0.16480E-01
 h1b          0.97608        0.0000    
 jlab_p       0.99262       0.57662E-02
 jlab_d       0.97445       0.58987E-02
 blank         1.0000        0.0000    
 d0run2       0.94113       0.14152E-01
 cdfrun2      0.92679       0.17249E-01
 HERA_el       1.0000        0.0000    
 HERA_ps       1.0000        0.0000    
 CDF_Z        0.96573       0.65976E-02
 NmcRat        1.0000        0.0000    
 BNS_F2nd     0.98399       0.70628E-02
 HERMES_F2p   0.99843       0.55701E-02
 HERMES_F2d   0.98034       0.58218E-02
 END 0. 0.

 # Hessian matrix (Bevington alpha)
   0.48834397891175E+07 -0.12865321170085E+07  0.23320496394973E+06  0.47933083682101E+06 -0.12594840604599E+06 -0.22659416085123E+05  0.55226023244959E+05  0.89967334332705E+06 -0.17313986738846E+06 -0.48302260986663E+05  0.73409653121681E+04  0.15863018520172E+05  0.18043173415237E+04 -0.11326611856899E+03  0.74021271946586E+04 -0.18719996468953E+04  0.10219722192850E+05  0.74483858405686E+04 -0.74219545964926E+07 -0.17233546826686E+04 -0.66241320240122E+06  0.79207396649182E+05  0.23487269220328E+06  0.89655242054992E+06 -0.12698858557855E+06 -0.53872183187884E+05 -0.43704009954154E+04 -0.83735194565019E+06 -0.10828965865457E+07 -0.20576738376113E+05 -0.46325018261230E+05 -0.30796524169869E+04 -0.19865886038167E+06 -0.22375779722237E+06 -0.91119822883474E+04 -0.32277178717344E+04 -0.14861823511268E+05  0.16572641060113E+05 -0.70526355254642E+05 -0.55649362936959E+05
  -0.12865321170085E+07  0.41293417532829E+06 -0.63521437132493E+05 -0.13497895957885E+06  0.35173407519434E+05  0.86834286619995E+04 -0.12280454440772E+05 -0.12109124839407E+06  0.26396721781098E+05  0.74764104871169E+04 -0.93308650686385E+03 -0.12847409428640E+04 -0.15120996035606E+03  0.13645638498279E+02  0.66116148819073E+03 -0.52097633597091E+02  0.17052317700436E+03  0.95705262225374E+02  0.25479854769619E+07  0.65654123271705E+03  0.19228902965220E+06 -0.18746454448056E+05 -0.58635699189109E+05 -0.24654638510246E+06  0.16585623247355E+05  0.82083417661349E+04 -0.23995061866529E+03  0.20905747663072E+06  0.26304999114581E+06  0.58117996664728E+04  0.13224901451684E+05  0.42138110630925E+03  0.63515688132366E+05  0.71049139675375E+05  0.24704211186393E+04  0.78470725154034E+03 -0.23748260032123E+04 -0.22356896477985E+04  0.85320800325161E+04  0.71560209486968E+04
   0.23320496394973E+06 -0.63521437132493E+05  0.11260450668227E+05  0.23134725411847E+05 -0.61712536855302E+04 -0.13209092873124E+04  0.25822244809515E+04  0.31471604421117E+05 -0.59082626075375E+04 -0.19951418911388E+04  0.26073847276182E+03  0.49632982370865E+03  0.65513628855341E+02 -0.51318403090779E+01 -0.39481998105173E+03  0.11758224364207E+01 -0.18446361284296E+03 -0.28050293195429E+02 -0.37030452296527E+06 -0.87582675473394E+02 -0.32206961119077E+05  0.37172589970364E+04  0.11028617205713E+05  0.43025709838243E+05 -0.55475196963152E+04 -0.23676680769034E+04  0.51173498134700E+02 -0.38987883521981E+05 -0.50590985474910E+05 -0.10046844058550E+04 -0.22714436924186E+04 -0.11885855337472E+03 -0.99328559449071E+04 -0.11153343556389E+05 -0.43605119817721E+03 -0.15183347464587E+03  0.55521534810593E+02  0.72504885742086E+03 -0.25625886125737E+04 -0.20777087787507E+04
   0.47933083682101E+06 -0.13497895957885E+06  0.23134725411847E+05  0.39481558035334E+06 -0.62375689581269E+05  0.75821281710220E+05  0.64800210864692E+05  0.34510221888104E+06 -0.25197627908191E+05 -0.18313938051818E+05  0.33594060326518E+04 -0.13866243535461E+04 -0.15853272526160E+03  0.59499680944648E+02  0.30485698416470E+05 -0.36656462106558E+04  0.26530082027057E+05  0.15029595145415E+05 -0.22120287868421E+07 -0.30757513085247E+03 -0.19045639305039E+06  0.26772843629114E+05  0.72694911128726E+05  0.28475251294134E+06 -0.12782828949012E+05 -0.21148911630535E+05 -0.64983619131417E+02 -0.65735620863403E+05 -0.34022448880792E+06 -0.14236941026667E+04 -0.24880267883079E+04 -0.73987009107016E+02 -0.11768059181417E+05 -0.52573064746784E+05 -0.25147710298590E+04 -0.98154568098385E+03 -0.94635117849212E+04 -0.15661597393551E+05 -0.71895647625245E+04 -0.21270789160753E+05
  -0.12594840604599E+06  0.35173407519434E+05 -0.61712536855302E+04 -0.62375689581269E+05  0.11713813352517E+05 -0.79015873669190E+04 -0.94570980975259E+04 -0.32243149697635E+05  0.33089045162864E+03  0.23977677494502E+04 -0.34156442361843E+03 -0.43200899081248E+02  0.45769124840270E+01 -0.53437732144174E+01 -0.25951243397191E+04  0.31676165517508E+03 -0.22064204094969E+04 -0.12666189071687E+04  0.48849927477923E+06  0.87414353534688E+02  0.39971500178070E+05 -0.51113112802060E+04 -0.13861602252201E+05 -0.56799858165736E+05  0.20013194520569E+04  0.33719491883848E+04 -0.56356292417682E+02  0.11963970133185E+05  0.63002464699671E+05  0.34178846086355E+03  0.57779377716823E+03  0.95640737751181E+01  0.29894759031510E+04  0.13143591860396E+05  0.48349738463116E+03  0.17933337832384E+03  0.33116785847577E+03  0.24899517190500E+04  0.81913377338290E+03  0.25143042768012E+04
  -0.22659416085123E+05  0.86834286619995E+04 -0.13209092873124E+04  0.75821281710220E+05 -0.79015873669190E+04  0.24421987922493E+05  0.14838561731105E+05  0.10503666367421E+06 -0.93233638363068E+04 -0.46275725675705E+04  0.10047112804431E+04 -0.72117342129798E+03 -0.70666136430055E+02  0.20197896056403E+02  0.92934413725911E+04 -0.11472228520534E+04  0.82203105767329E+04  0.47224358299864E+04 -0.67697487169835E+05  0.45352988902203E+02 -0.13222502052534E+05  0.31031370788179E+04  0.83621810897439E+04  0.26149623925290E+05 -0.28260312196525E+04 -0.43275863391744E+04  0.15483986366441E+03 -0.88974172708783E+04 -0.43915173888845E+05 -0.33762699609536E+01 -0.35045891900733E+02 -0.19625079641649E+02  0.33819276503162E+03  0.11507104299788E+04 -0.27446042637431E+03 -0.13825415211301E+03 -0.30364735698494E+04 -0.33871593109003E+04 -0.18539146291325E+04 -0.53451856058693E+04
   0.55226023244959E+05 -0.12280454440772E+05  0.25822244809515E+04  0.64800210864692E+05 -0.94570980975259E+04  0.14838561731105E+05  0.11634369479978E+05  0.58261000932180E+05 -0.29494315882595E+04 -0.33015070417110E+04  0.58761722566081E+03 -0.21838581434800E+03 -0.27874625130715E+02  0.10624077079639E+02  0.47988698235851E+04 -0.60033459293653E+03  0.41386368779243E+04  0.24072022952302E+04 -0.25073300158290E+06 -0.14923456716208E+02 -0.25739199663396E+05  0.40460115957560E+04  0.10835611822175E+05  0.40001699851592E+05 -0.25056810533515E+04 -0.39234385954601E+04  0.13675771906893E+03 -0.10120146799077E+05 -0.52699552111233E+05 -0.17306181319937E+03 -0.29254235931593E+03 -0.13799312864123E+02 -0.10795694138135E+04 -0.49698120555195E+04 -0.37615087543983E+03 -0.15843660495580E+03 -0.12739528728266E+04 -0.31666316794752E+04 -0.11509629921491E+04 -0.34274105258851E+04
   0.89967334332705E+06 -0.12109124839407E+06  0.31471604421117E+05  0.34510221888104E+06 -0.32243149697635E+05  0.10503666367421E+06  0.58261000932180E+05  0.49591527270955E+07 -0.23078406738918E+07 -0.85102117881411E+05  0.25832783306460E+05  0.27675203838094E+05  0.18484783903153E+04  0.10718438317597E+03  0.82086568103259E+05 -0.10371229604811E+05  0.82049554756845E+05  0.44833242467794E+05 -0.56830098655440E+06  0.32807606551160E+03 -0.80344884143086E+05  0.35896001082589E+05  0.10706338382978E+06  0.30575456536497E+06 -0.60318113221534E+05 -0.48569864939027E+05 -0.66731220716656E+05 -0.28050284966864E+06 -0.55634023257157E+06 -0.72525023510225E+05 -0.16204300979287E+06 -0.13208356536521E+04 -0.57139314477903E+04 -0.11155715932408E+05  0.58752486057520E+02  0.16473263569972E+03 -0.26192528340152E+06 -0.87266849233080E+04 -0.13654926854613E+06 -0.16993189500287E+06
  -0.17313986738846E+06  0.26396721781098E+05 -0.59082626075375E+04 -0.25197627908191E+05  0.33089045162864E+03 -0.93233638363068E+04 -0.29494315882595E+04 -0.23078406738918E+07  0.19275457935081E+07  0.18959081620530E+05 -0.65088755591300E+04 -0.59535016111228E+04 -0.32581826911548E+03 -0.14960219728839E+02  0.49952899996343E+05 -0.23521815798278E+04  0.16779208487133E+05  0.82309640160216E+04 -0.27363092365229E+05 -0.90614652165631E+02  0.10134165527539E+04 -0.73220273846429E+04 -0.22844033654249E+05 -0.60524034585060E+05  0.11405313809870E+05  0.10822027851577E+05  0.24093670310653E+05  0.65446353502336E+05  0.12562263353730E+06  0.23163750088312E+05  0.51856597985296E+05  0.17690402422144E+03  0.61542120307597E+03  0.12371719150915E+04 -0.11946030530538E+04 -0.66976391806797E+03  0.11163503751048E+06  0.16106467334435E+04  0.44131988866489E+05  0.54356980584278E+05
  -0.48302260986663E+05  0.74764104871169E+04 -0.19951418911388E+04 -0.18313938051818E+05  0.23977677494502E+04 -0.46275725675705E+04 -0.33015070417110E+04 -0.85102117881411E+05  0.18959081620530E+05  0.26441790132471E+04 -0.64026310640858E+03 -0.71333229365713E+03 -0.62739998795200E+02 -0.20373996312468E+01 -0.39693743615807E+04  0.47777464149531E+03 -0.34848557712694E+04 -0.19876589204213E+04  0.56971677217891E+05 -0.48861700302945E+01  0.74346817759156E+04 -0.16508108039903E+04 -0.46573801007373E+04 -0.14785383470383E+05  0.27337815144445E+04  0.18954481998261E+04  0.72696806677519E+03  0.10942678486612E+05  0.22888449078276E+05  0.15292297887990E+04  0.33454944491603E+04  0.42949659723342E+02  0.58012765905091E+03  0.10945828755236E+04  0.13551235467646E+03  0.60490032212103E+02  0.30884714153375E+04  0.44569490855029E+03  0.27818222101258E+04  0.35492581285541E+04
   0.73409653121681E+04 -0.93308650686385E+03  0.26073847276182E+03  0.33594060326518E+04 -0.34156442361843E+03  0.10047112804431E+04  0.58761722566081E+03  0.25832783306460E+05 -0.65088755591300E+04 -0.64026310640858E+03  0.18076101671760E+03  0.21120218614563E+03  0.15304953382435E+02  0.78270035248917E+00  0.12616017357222E+04 -0.13825015178239E+03  0.10607061554561E+04  0.58304748718819E+03 -0.64613187883476E+04  0.22938763590743E+01 -0.83546057706844E+03  0.27979288572955E+03  0.82127475326060E+03  0.24040020362605E+04 -0.48513887030841E+03 -0.36665059546800E+03 -0.34116702889960E+03 -0.20768753071829E+04 -0.41721685387036E+04 -0.44372585937109E+03 -0.99167063470692E+03 -0.11113179254049E+02 -0.49775992117166E+02 -0.96976962813552E+02 -0.15409849952390E+02 -0.72634540802389E+01 -0.11593466890603E+04 -0.70165747896502E+02 -0.83348673049487E+03 -0.10458168966941E+04
   0.15863018520172E+05 -0.12847409428640E+04  0.49632982370865E+03 -0.13866243535461E+04 -0.43200899081248E+02 -0.72117342129798E+03 -0.21838581434800E+03  0.27675203838094E+05 -0.59535016111228E+04 -0.71333229365713E+03  0.21120218614563E+03  0.18920392847126E+04  0.12312123326666E+03 -0.93505154325456E+00  0.15210125731864E+04 -0.20786492825247E+03  0.16213653455722E+04  0.93801857816319E+03 -0.69671329500786E+04 -0.53866584457404E+01 -0.42577007554970E+03 -0.42985970073379E+02  0.52028676877802E+02 -0.12172306213466E+04 -0.11975413038367E+04 -0.29685397322435E-10 -0.78390019981293E+03 -0.53365435720109E+04  0.36993614653412E-09 -0.25751312529665E+04 -0.77408696454081E+02 -0.84742103991491E+02 -0.24221507730853E+00  0.10612999144127E-09 -0.18741082671829E+01 -0.80608302859838E+00  0.30873809830773E+03  0.33312138992844E+03 -0.29177680508902E+04  0.41838137199207E-10
   0.18043173415237E+04 -0.15120996035606E+03  0.65513628855341E+02 -0.15853272526160E+03  0.45769124840270E+01 -0.70666136430055E+02 -0.27874625130715E+02  0.18484783903153E+04 -0.32581826911548E+03 -0.62739998795200E+02  0.15304953382435E+02  0.12312123326666E+03  0.11053085604037E+02 -0.18794698045936E+00  0.82187296674540E+02 -0.13592811940486E+02  0.96133218174539E+02  0.60365581576244E+02 -0.33010986208479E+03 -0.43051575401853E+00  0.15462335312663E+02 -0.14686249332094E+01  0.12089224020668E+02 -0.11402551386381E+03 -0.17784792135585E+03 -0.48076660022133E-11 -0.30134113525549E+02 -0.63043769577233E+03 -0.17576414516854E-10 -0.16002969621079E+03 -0.20555132984831E+02 -0.68110929139343E+01 -0.17543147920349E+00 -0.24191410523710E-11 -0.19796933729354E+00 -0.76938954184733E-01  0.30711000610990E+02  0.75018773544421E+02 -0.20881936943581E+03  0.37391772669584E-11
  -0.11326611856899E+03  0.13645638498279E+02 -0.51318403090779E+01  0.59499680944648E+02 -0.53437732144174E+01  0.20197896056403E+02  0.10624077079639E+02  0.10718438317597E+03 -0.14960219728839E+02 -0.20373996312468E+01  0.78270035248917E+00 -0.93505154325456E+00 -0.18794698045936E+00  0.59624039735091E-01  0.15796881898811E+02 -0.12253124665579E+01  0.10012968330003E+02  0.48061473270469E+01 -0.86411581787783E+02  0.19326628360656E-01 -0.14323211024759E+02  0.65307365210513E+00  0.16688992854911E+01  0.76948345717261E+01  0.74140330461837E-01 -0.41328737055615E-12 -0.67984519420105E+01 -0.10027381244657E+01 -0.45444074955231E-11 -0.40142494878315E+01 -0.30272533736391E-04 -0.15977097009707E+00  0.57097799999214E-12 -0.48742572617537E-12 -0.19561006328730E-02 -0.10739857756150E-02 -0.16381940896774E+01  0.97125729112885E-04 -0.37599955073331E+01  0.41372148729783E-12
   0.74021271946586E+04  0.66116148819073E+03 -0.39481998105173E+03  0.30485698416470E+05 -0.25951243397191E+04  0.92934413725911E+04  0.47988698235851E+04  0.82086568103259E+05  0.49952899996343E+05 -0.39693743615807E+04  0.12616017357222E+04  0.15210125731864E+04  0.82187296674540E+02  0.15796881898811E+02  0.48621181114901E+05 -0.44463558593299E+04  0.34505597145193E+05  0.18178703944312E+05 -0.54637937338454E+05  0.33153009674517E+01  0.23250827138955E+04 -0.24429800069437E+03 -0.69312818772409E+03 -0.16597231450312E+04 -0.25853679706237E+04 -0.16972505347348E+04 -0.24511085386497E+04  0.19756079708079E+04  0.42129321150880E+04 -0.15231049802967E+04 -0.29519554827012E+04 -0.71395136065471E+03  0.23242433711103E+03  0.41562896385887E+03 -0.28049445358507E+04 -0.14965092697823E+04 -0.24717379569761E+04  0.18025280607360E+03 -0.83174867327982E+03 -0.93292008873963E+03
  -0.18719996468953E+04 -0.52097633597091E+02  0.11758224364207E+01 -0.36656462106558E+04  0.31676165517508E+03 -0.11472228520534E+04 -0.60033459293653E+03 -0.10371229604811E+05 -0.23521815798278E+04  0.47777464149531E+03 -0.13825015178239E+03 -0.20786492825247E+03 -0.13592811940486E+02 -0.12253124665579E+01 -0.44463558593299E+04  0.47353110268101E+03 -0.36156117049071E+04 -0.19801906701759E+04  0.63489754011971E+04 -0.10139986472335E+01 -0.34721759846428E+03  0.26123314730565E+02  0.66197349607647E+02  0.17809033704622E+03  0.47270380541983E+03  0.29605460323775E+03  0.28054991073266E+03 -0.16149739430732E+03 -0.47726042999408E+03  0.15603693243873E+03  0.30158491905738E+03  0.77902002391557E+02 -0.61559733112133E+02 -0.10869625123117E+03  0.42174806229283E+03  0.20940475031405E+03 -0.28074752559000E+03 -0.32070580259008E+02  0.23694423177450E+03  0.26483411693289E+03
   0.10219722192850E+05  0.17052317700436E+03 -0.18446361284296E+03  0.26530082027057E+05 -0.22064204094969E+04  0.82203105767329E+04  0.41386368779243E+04  0.82049554756845E+05  0.16779208487133E+05 -0.34848557712694E+04  0.10607061554561E+04  0.16213653455722E+04  0.96133218174539E+02  0.10012968330003E+02  0.34505597145193E+05 -0.36156117049071E+04  0.28025318180182E+05  0.15207953855002E+05 -0.47697182961017E+05  0.22790829074221E+01  0.24283785036330E+04 -0.28094171135990E+03 -0.75869824106352E+03 -0.17706227757984E+04 -0.26020101879874E+04 -0.16720869484898E+04 -0.24269198659825E+04  0.20526500364144E+04  0.43961803992205E+04 -0.12587096353556E+04 -0.24497615250240E+04 -0.59814219851527E+03  0.81981734366664E+02  0.15899917821670E+03 -0.25940323609794E+04 -0.13951777474659E+04  0.12870470031913E+04  0.22051827737660E+03 -0.16166514877910E+04 -0.17909516166641E+04
   0.74483858405686E+04  0.95705262225374E+02 -0.28050293195429E+02  0.15029595145415E+05 -0.12666189071687E+04  0.47224358299864E+04  0.24072022952302E+04  0.44833242467794E+05  0.82309640160216E+04 -0.19876589204213E+04  0.58304748718819E+03  0.93801857816319E+03  0.60365581576244E+02  0.48061473270469E+01  0.18178703944312E+05 -0.19801906701759E+04  0.15207953855002E+05  0.83610917738716E+04 -0.26827498552510E+05  0.26774155653829E+01  0.15028954557498E+04 -0.15268390795366E+03 -0.39045255348462E+03 -0.95089179793106E+03 -0.18333611237863E+04 -0.11466835409450E+04 -0.12352758168562E+04  0.96932671415421E+03  0.24313840810953E+04 -0.64532975340727E+03 -0.12573107221502E+04 -0.33271114138613E+03  0.10882025750018E+03  0.20112515565808E+03 -0.16808732837731E+04 -0.86886048028937E+03  0.14073791989952E+04  0.15459526058414E+03 -0.11284976308411E+04 -0.12516423793924E+04
  -0.74219545964926E+07  0.25479854769619E+07 -0.37030452296527E+06 -0.22120287868421E+07  0.48849927477923E+06 -0.67697487169835E+05 -0.25073300158290E+06 -0.56830098655440E+06 -0.27363092365229E+05  0.56971677217891E+05 -0.64613187883476E+04 -0.69671329500786E+04 -0.33010986208479E+03 -0.86411581787783E+02 -0.54637937338454E+05  0.63489754011971E+04 -0.47697182961017E+05 -0.26827498552510E+05  0.32577679064263E+08  0.74996342471777E+04  0.21401737363162E+07 -0.23037706562848E+06 -0.65859521581423E+06 -0.29132125305349E+07  0.33769441114072E+05  0.75146703372819E+05 -0.11702140757162E+04  0.56046562613095E+06  0.27322626740106E+07  0.17694181992944E+05  0.31283931083635E+05  0.22923332534360E+03  0.18249362311418E+06  0.79635837107583E+06  0.24620328474636E+05  0.77729750188755E+04 -0.18716133706427E+05  0.43802131052293E+05  0.20429408957124E+05  0.62851761343122E+05
  -0.17233546826686E+04  0.65654123271705E+03 -0.87582675473394E+02 -0.30757513085247E+03  0.87414353534688E+02  0.45352988902203E+02 -0.14923456716208E+02  0.32807606551160E+03 -0.90614652165631E+02 -0.48861700302945E+01  0.22938763590743E+01 -0.53866584457404E+01 -0.43051575401853E+00  0.19326628360656E-01  0.33153009674517E+01 -0.10139986472335E+01  0.22790829074221E+01  0.26774155653829E+01  0.74996342471777E+04  0.28560786805092E+01  0.59398458633150E+03 -0.56527481153605E+02 -0.16028235629178E+03 -0.76806994971709E+03  0.00000000000000E+00 -0.17398265608504E+02  0.00000000000000E+00  0.00000000000000E+00  0.59459216477787E+03  0.00000000000000E+00 -0.90593934070794E+01  0.00000000000000E+00  0.00000000000000E+00  0.25324882139656E+03  0.00000000000000E+00  0.00000000000000E+00  0.00000000000000E+00  0.50067800697959E+01  0.00000000000000E+00 -0.20280096607415E+02
  -0.66241320240122E+06  0.19228902965220E+06 -0.32206961119077E+05 -0.19045639305039E+06  0.39971500178070E+05 -0.13222502052534E+05 -0.25739199663396E+05 -0.80344884143086E+05  0.10134165527539E+04  0.74346817759156E+04 -0.83546057706844E+03 -0.42577007554970E+03  0.15462335312663E+02 -0.14323211024759E+02  0.23250827138955E+04 -0.34721759846428E+03  0.24283785036330E+04  0.15028954557498E+04  0.21401737363162E+07  0.59398458633150E+03  0.25738000772325E+06 -0.31856041283855E+05 -0.85983597336009E+05 -0.36595196802337E+06  0.00000000000000E+00  0.15018148203254E+05  0.00000000000000E+00  0.00000000000000E+00  0.35723023401805E+06  0.00000000000000E+00 -0.35806485152726E+04  0.00000000000000E+00  0.00000000000000E+00  0.73110330465362E+05  0.00000000000000E+00  0.00000000000000E+00  0.00000000000000E+00 -0.12864611894783E+05  0.00000000000000E+00  0.12342292755891E+05
   0.79207396649182E+05 -0.18746454448056E+05  0.37172589970364E+04  0.26772843629114E+05 -0.51113112802060E+04  0.31031370788179E+04  0.40460115957560E+04  0.35896001082589E+05 -0.73220273846429E+04 -0.16508108039903E+04  0.27979288572955E+03 -0.42985970073379E+02 -0.14686249332094E+01  0.65307365210513E+00 -0.24429800069437E+03  0.26123314730565E+02 -0.28094171135990E+03 -0.15268390795366E+03 -0.23037706562848E+06 -0.56527481153605E+02 -0.31856041283855E+05  0.47117560612278E+04  0.12486967534266E+05  0.50396805723114E+05 -0.52220145512595E+02 -0.27805759372581E+04  0.27047581442821E+01  0.39320830268336E+03 -0.54621603753734E+05  0.00000000000000E+00 -0.27117734983677E+03  0.00000000000000E+00  0.22067688454659E+04 -0.71368811590259E+04  0.00000000000000E+00  0.00000000000000E+00  0.00000000000000E+00  0.19737676948940E+04 -0.38581632627676E+03 -0.36318715502137E+04
   0.23487269220328E+06 -0.58635699189109E+05  0.11028617205713E+05  0.72694911128726E+05 -0.13861602252201E+05  0.83621810897439E+04  0.10835611822175E+05  0.10706338382978E+06 -0.22844033654249E+05 -0.46573801007373E+04  0.82127475326060E+03  0.52028676877802E+02  0.12089224020668E+02  0.16688992854911E+01 -0.69312818772409E+03  0.66197349607647E+02 -0.75869824106352E+03 -0.39045255348462E+03 -0.65859521581423E+06 -0.16028235629178E+03 -0.85983597336009E+05  0.12486967534266E+05  0.33690131066413E+05  0.13478122792503E+06 -0.16111452883735E+03 -0.69732130959795E+04 -0.43191215254070E+02 -0.67194949790817E+04 -0.14746477026347E+06  0.00000000000000E+00 -0.67678883455097E+03  0.00000000000000E+00  0.30273792288365E+04 -0.21064060223870E+05  0.00000000000000E+00  0.00000000000000E+00  0.00000000000000E+00  0.49516701745471E+04 -0.20723112793704E+04 -0.10215166459828E+05
   0.89655242054992E+06 -0.24654638510246E+06  0.43025709838243E+05  0.28475251294134E+06 -0.56799858165736E+05  0.26149623925290E+05  0.40001699851592E+05  0.30575456536497E+06 -0.60524034585060E+05 -0.14785383470383E+05  0.24040020362605E+04 -0.12172306213466E+04 -0.11402551386381E+03  0.76948345717261E+01 -0.16597231450312E+04  0.17809033704622E+03 -0.17706227757984E+04 -0.95089179793106E+03 -0.29132125305349E+07 -0.76806994971709E+03 -0.36595196802337E+06  0.50396805723114E+05  0.13478122792503E+06  0.56781356986906E+06  0.24625994817023E+03 -0.32010423800354E+05 -0.60637169587331E+01  0.37105422878771E+05 -0.57365806665991E+06  0.00000000000000E+00 -0.31689634923091E+04  0.00000000000000E+00  0.15863004670462E+05 -0.95582575682197E+05  0.00000000000000E+00  0.00000000000000E+00  0.00000000000000E+00  0.23305264563307E+05  0.15270986957985E+04 -0.36129615354201E+05
  -0.12698858557855E+06  0.16585623247355E+05 -0.55475196963152E+04 -0.12782828949012E+05  0.20013194520569E+04 -0.28260312196525E+04 -0.25056810533515E+04 -0.60318113221534E+05  0.11405313809870E+05  0.27337815144445E+04 -0.48513887030841E+03 -0.11975413038367E+04 -0.17784792135585E+03  0.74140330461837E-01 -0.25853679706237E+04  0.47270380541983E+03 -0.26020101879874E+04 -0.18333611237863E+04  0.33769441114072E+05  0.00000000000000E+00  0.00000000000000E+00 -0.52220145512595E+02 -0.16111452883735E+03  0.24625994817023E+03  0.11627004732466E+06  0.00000000000000E+00  0.00000000000000E+00  0.00000000000000E+00  0.00000000000000E+00  0.00000000000000E+00  0.00000000000000E+00  0.00000000000000E+00  0.00000000000000E+00  0.00000000000000E+00  0.00000000000000E+00  0.00000000000000E+00  0.00000000000000E+00  0.00000000000000E+00  0.00000000000000E+00  0.00000000000000E+00
  -0.53872183187884E+05  0.82083417661349E+04 -0.23676680769034E+04 -0.21148911630535E+05  0.33719491883848E+04 -0.43275863391744E+04 -0.39234385954601E+04 -0.48569864939027E+05  0.10822027851577E+05  0.18954481998261E+04 -0.36665059546800E+03 -0.29685397322435E-10 -0.48076660022133E-11 -0.41328737055615E-12 -0.16972505347348E+04  0.29605460323775E+03 -0.16720869484898E+04 -0.11466835409450E+04  0.75146703372819E+05 -0.17398265608504E+02  0.15018148203254E+05 -0.27805759372581E+04 -0.69732130959795E+04 -0.32010423800354E+05  0.00000000000000E+00  0.64588999309220E+05  0.00000000000000E+00  0.00000000000000E+00  0.00000000000000E+00  0.00000000000000E+00  0.00000000000000E+00  0.00000000000000E+00  0.00000000000000E+00  0.00000000000000E+00  0.00000000000000E+00  0.00000000000000E+00  0.00000000000000E+00  0.00000000000000E+00  0.00000000000000E+00  0.00000000000000E+00
  -0.43704009954154E+04 -0.23995061866529E+03  0.51173498134700E+02 -0.64983619131417E+02 -0.56356292417682E+02  0.15483986366441E+03  0.13675771906893E+03 -0.66731220716656E+05  0.24093670310653E+05  0.72696806677519E+03 -0.34116702889960E+03 -0.78390019981293E+03 -0.30134113525549E+02 -0.67984519420105E+01 -0.24511085386497E+04  0.28054991073266E+03 -0.24269198659825E+04 -0.12352758168562E+04 -0.11702140757162E+04  0.00000000000000E+00  0.00000000000000E+00  0.27047581442821E+01 -0.43191215254070E+02 -0.60637169587331E+01  0.00000000000000E+00  0.00000000000000E+00  0.30665003167194E+05  0.00000000000000E+00  0.00000000000000E+00  0.00000000000000E+00  0.00000000000000E+00  0.00000000000000E+00  0.00000000000000E+00  0.00000000000000E+00  0.00000000000000E+00  0.00000000000000E+00  0.00000000000000E+00  0.00000000000000E+00  0.00000000000000E+00  0.00000000000000E+00
  -0.83735194565019E+06  0.20905747663072E+06 -0.38987883521981E+05 -0.65735620863403E+05  0.11963970133185E+05 -0.88974172708783E+04 -0.10120146799077E+05 -0.28050284966864E+06  0.65446353502336E+05  0.10942678486612E+05 -0.20768753071829E+04 -0.53365435720109E+04 -0.63043769577233E+03 -0.10027381244657E+01  0.19756079708079E+04 -0.16149739430732E+03  0.20526500364144E+04  0.96932671415421E+03  0.56046562613095E+06  0.00000000000000E+00  0.00000000000000E+00  0.39320830268336E+03 -0.67194949790817E+04  0.37105422878771E+05  0.00000000000000E+00  0.00000000000000E+00  0.00000000000000E+00  0.57740005421255E+06  0.00000000000000E+00  0.00000000000000E+00  0.00000000000000E+00  0.00000000000000E+00  0.00000000000000E+00  0.00000000000000E+00  0.00000000000000E+00  0.00000000000000E+00  0.00000000000000E+00  0.00000000000000E+00  0.00000000000000E+00  0.00000000000000E+00
  -0.10828965865457E+07  0.26304999114581E+06 -0.50590985474910E+05 -0.34022448880792E+06  0.63002464699671E+05 -0.43915173888845E+05 -0.52699552111233E+05 -0.55634023257157E+06  0.12562263353730E+06  0.22888449078276E+05 -0.41721685387036E+04  0.36993614653412E-09 -0.17576414516854E-10 -0.45444074955231E-11  0.42129321150880E+04 -0.47726042999408E+03  0.43961803992205E+04  0.24313840810953E+04  0.27322626740106E+07  0.59459216477787E+03  0.35723023401805E+06 -0.54621603753734E+05 -0.14746477026347E+06 -0.57365806665991E+06  0.00000000000000E+00  0.00000000000000E+00  0.00000000000000E+00  0.00000000000000E+00  0.91672575499489E+06  0.00000000000000E+00  0.00000000000000E+00  0.00000000000000E+00  0.00000000000000E+00  0.00000000000000E+00  0.00000000000000E+00  0.00000000000000E+00  0.00000000000000E+00  0.00000000000000E+00  0.00000000000000E+00  0.00000000000000E+00
  -0.20576738376113E+05  0.58117996664728E+04 -0.10046844058550E+04 -0.14236941026667E+04  0.34178846086355E+03 -0.33762699609536E+01 -0.17306181319937E+03 -0.72525023510225E+05  0.23163750088312E+05  0.15292297887990E+04 -0.44372585937109E+03 -0.25751312529665E+04 -0.16002969621079E+03 -0.40142494878315E+01 -0.15231049802967E+04  0.15603693243873E+03 -0.12587096353556E+04 -0.64532975340727E+03  0.17694181992944E+05  0.00000000000000E+00  0.00000000000000E+00  0.00000000000000E+00  0.00000000000000E+00  0.00000000000000E+00  0.00000000000000E+00  0.00000000000000E+00  0.00000000000000E+00  0.00000000000000E+00  0.00000000000000E+00  0.14782466571248E+05  0.00000000000000E+00  0.00000000000000E+00  0.00000000000000E+00  0.00000000000000E+00  0.00000000000000E+00  0.00000000000000E+00  0.00000000000000E+00  0.00000000000000E+00  0.00000000000000E+00  0.00000000000000E+00
  -0.46325018261230E+05  0.13224901451684E+05 -0.22714436924186E+04 -0.24880267883079E+04  0.57779377716823E+03 -0.35045891900733E+02 -0.29254235931593E+03 -0.16204300979287E+06  0.51856597985296E+05  0.33454944491603E+04 -0.99167063470692E+03 -0.77408696454081E+02 -0.20555132984831E+02 -0.30272533736391E-04 -0.29519554827012E+04  0.30158491905738E+03 -0.24497615250240E+04 -0.12573107221502E+04  0.31283931083635E+05 -0.90593934070794E+01 -0.35806485152726E+04 -0.27117734983677E+03 -0.67678883455097E+03 -0.31689634923091E+04  0.00000000000000E+00  0.00000000000000E+00  0.00000000000000E+00  0.00000000000000E+00  0.00000000000000E+00  0.00000000000000E+00  0.31736320078469E+05  0.00000000000000E+00  0.00000000000000E+00  0.00000000000000E+00  0.00000000000000E+00  0.00000000000000E+00  0.00000000000000E+00  0.00000000000000E+00  0.00000000000000E+00  0.00000000000000E+00
  -0.30796524169869E+04  0.42138110630925E+03 -0.11885855337472E+03 -0.73987009107016E+02  0.95640737751181E+01 -0.19625079641649E+02 -0.13799312864123E+02 -0.13208356536521E+04  0.17690402422144E+03  0.42949659723342E+02 -0.11113179254049E+02 -0.84742103991491E+02 -0.68110929139343E+01 -0.15977097009707E+00 -0.71395136065471E+03  0.77902002391557E+02 -0.59814219851527E+03 -0.33271114138613E+03  0.22923332534360E+03  0.00000000000000E+00  0.00000000000000E+00  0.00000000000000E+00  0.00000000000000E+00  0.00000000000000E+00  0.00000000000000E+00  0.00000000000000E+00  0.00000000000000E+00  0.00000000000000E+00  0.00000000000000E+00  0.00000000000000E+00  0.00000000000000E+00  0.37866468438325E+04  0.00000000000000E+00  0.00000000000000E+00  0.00000000000000E+00  0.00000000000000E+00  0.00000000000000E+00  0.00000000000000E+00  0.00000000000000E+00  0.00000000000000E+00
  -0.19865886038167E+06  0.63515688132366E+05 -0.99328559449071E+04 -0.11768059181417E+05  0.29894759031510E+04  0.33819276503162E+03 -0.10795694138135E+04 -0.57139314477903E+04  0.61542120307597E+03  0.58012765905091E+03 -0.49775992117166E+02 -0.24221507730853E+00 -0.17543147920349E+00  0.57097799999214E-12  0.23242433711103E+03 -0.61559733112133E+02  0.81981734366664E+02  0.10882025750018E+03  0.18249362311418E+06  0.00000000000000E+00  0.00000000000000E+00  0.22067688454659E+04  0.30273792288365E+04  0.15863004670462E+05  0.00000000000000E+00  0.00000000000000E+00  0.00000000000000E+00  0.00000000000000E+00  0.00000000000000E+00  0.00000000000000E+00  0.00000000000000E+00  0.00000000000000E+00  0.10587073679280E+06  0.00000000000000E+00  0.00000000000000E+00  0.00000000000000E+00  0.00000000000000E+00  0.00000000000000E+00  0.00000000000000E+00  0.00000000000000E+00
  -0.22375779722237E+06  0.71049139675375E+05 -0.11153343556389E+05 -0.52573064746784E+05  0.13143591860396E+05  0.11507104299788E+04 -0.49698120555195E+04 -0.11155715932408E+05  0.12371719150915E+04  0.10945828755236E+04 -0.96976962813552E+02  0.10612999144127E-09 -0.24191410523710E-11 -0.48742572617537E-12  0.41562896385887E+03 -0.10869625123117E+03  0.15899917821670E+03  0.20112515565808E+03  0.79635837107583E+06  0.25324882139656E+03  0.73110330465362E+05 -0.71368811590259E+04 -0.21064060223870E+05 -0.95582575682197E+05  0.00000000000000E+00  0.00000000000000E+00  0.00000000000000E+00  0.00000000000000E+00  0.00000000000000E+00  0.00000000000000E+00  0.00000000000000E+00  0.00000000000000E+00  0.00000000000000E+00  0.13876848637510E+06  0.00000000000000E+00  0.00000000000000E+00  0.00000000000000E+00  0.00000000000000E+00  0.00000000000000E+00  0.00000000000000E+00
  -0.91119822883474E+04  0.24704211186393E+04 -0.43605119817721E+03 -0.25147710298590E+04  0.48349738463116E+03 -0.27446042637431E+03 -0.37615087543983E+03  0.58752486057520E+02 -0.11946030530538E+04  0.13551235467646E+03 -0.15409849952390E+02 -0.18741082671829E+01 -0.19796933729354E+00 -0.19561006328730E-02 -0.28049445358507E+04  0.42174806229283E+03 -0.25940323609794E+04 -0.16808732837731E+04  0.24620328474636E+05  0.00000000000000E+00  0.00000000000000E+00  0.00000000000000E+00  0.00000000000000E+00  0.00000000000000E+00  0.00000000000000E+00  0.00000000000000E+00  0.00000000000000E+00  0.00000000000000E+00  0.00000000000000E+00  0.00000000000000E+00  0.00000000000000E+00  0.00000000000000E+00  0.00000000000000E+00  0.00000000000000E+00  0.83037298842065E+04  0.00000000000000E+00  0.00000000000000E+00  0.00000000000000E+00  0.00000000000000E+00  0.00000000000000E+00
  -0.32277178717344E+04  0.78470725154034E+03 -0.15183347464587E+03 -0.98154568098385E+03  0.17933337832384E+03 -0.13825415211301E+03 -0.15843660495580E+03  0.16473263569972E+03 -0.66976391806797E+03  0.60490032212103E+02 -0.72634540802389E+01 -0.80608302859838E+00 -0.76938954184733E-01 -0.10739857756150E-02 -0.14965092697823E+04  0.20940475031405E+03 -0.13951777474659E+04 -0.86886048028937E+03  0.77729750188755E+04  0.00000000000000E+00  0.00000000000000E+00  0.00000000000000E+00  0.00000000000000E+00  0.00000000000000E+00  0.00000000000000E+00  0.00000000000000E+00  0.00000000000000E+00  0.00000000000000E+00  0.00000000000000E+00  0.00000000000000E+00  0.00000000000000E+00  0.00000000000000E+00  0.00000000000000E+00  0.00000000000000E+00  0.00000000000000E+00  0.42602247425259E+04  0.00000000000000E+00  0.00000000000000E+00  0.00000000000000E+00  0.00000000000000E+00
  -0.14861823511268E+05 -0.23748260032123E+04  0.55521534810593E+02 -0.94635117849212E+04  0.33116785847577E+03 -0.30364735698494E+04 -0.12739528728266E+04 -0.26192528340152E+06  0.11163503751048E+06  0.30884714153375E+04 -0.11593466890603E+04  0.30873809830773E+03  0.30711000610990E+02 -0.16381940896774E+01 -0.24717379569761E+04 -0.28074752559000E+03  0.12870470031913E+04  0.14073791989952E+04 -0.18716133706427E+05  0.00000000000000E+00  0.00000000000000E+00  0.00000000000000E+00  0.00000000000000E+00  0.00000000000000E+00  0.00000000000000E+00  0.00000000000000E+00  0.00000000000000E+00  0.00000000000000E+00  0.00000000000000E+00  0.00000000000000E+00  0.00000000000000E+00  0.00000000000000E+00  0.00000000000000E+00  0.00000000000000E+00  0.00000000000000E+00  0.00000000000000E+00  0.12385187406470E+06  0.00000000000000E+00  0.00000000000000E+00  0.00000000000000E+00
   0.16572641060113E+05 -0.22356896477985E+04  0.72504885742086E+03 -0.15661597393551E+05  0.24899517190500E+04 -0.33871593109003E+04 -0.31666316794752E+04 -0.87266849233080E+04  0.16106467334435E+04  0.44569490855029E+03 -0.70165747896502E+02  0.33312138992844E+03  0.75018773544421E+02  0.97125729112885E-04  0.18025280607360E+03 -0.32070580259008E+02  0.22051827737660E+03  0.15459526058414E+03  0.43802131052293E+05  0.50067800697959E+01 -0.12864611894783E+05  0.19737676948940E+04  0.49516701745471E+04  0.23305264563307E+05  0.00000000000000E+00  0.00000000000000E+00  0.00000000000000E+00  0.00000000000000E+00  0.00000000000000E+00  0.00000000000000E+00  0.00000000000000E+00  0.00000000000000E+00  0.00000000000000E+00  0.00000000000000E+00  0.00000000000000E+00  0.00000000000000E+00  0.00000000000000E+00  0.39235614690407E+05  0.00000000000000E+00  0.00000000000000E+00
  -0.70526355254642E+05  0.85320800325161E+04 -0.25625886125737E+04 -0.71895647625245E+04  0.81913377338290E+03 -0.18539146291325E+04 -0.11509629921491E+04 -0.13654926854613E+06  0.44131988866489E+05  0.27818222101258E+04 -0.83348673049487E+03 -0.29177680508902E+04 -0.20881936943581E+03 -0.37599955073331E+01 -0.83174867327982E+03  0.23694423177450E+03 -0.16166514877910E+04 -0.11284976308411E+04  0.20429408957124E+05  0.00000000000000E+00  0.00000000000000E+00 -0.38581632627676E+03 -0.20723112793704E+04  0.15270986957985E+04  0.00000000000000E+00  0.00000000000000E+00  0.00000000000000E+00  0.00000000000000E+00  0.00000000000000E+00  0.00000000000000E+00  0.00000000000000E+00  0.00000000000000E+00  0.00000000000000E+00  0.00000000000000E+00  0.00000000000000E+00  0.00000000000000E+00  0.00000000000000E+00  0.00000000000000E+00  0.94884738275274E+05  0.00000000000000E+00
  -0.55649362936959E+05  0.71560209486968E+04 -0.20777087787507E+04 -0.21270789160753E+05  0.25143042768012E+04 -0.53451856058693E+04 -0.34274105258851E+04 -0.16993189500287E+06  0.54356980584278E+05  0.35492581285541E+04 -0.10458168966941E+04  0.41838137199207E-10  0.37391772669584E-11  0.41372148729783E-12 -0.93292008873963E+03  0.26483411693289E+03 -0.17909516166641E+04 -0.12516423793924E+04  0.62851761343122E+05 -0.20280096607415E+02  0.12342292755891E+05 -0.36318715502137E+04 -0.10215166459828E+05 -0.36129615354201E+05  0.00000000000000E+00  0.00000000000000E+00  0.00000000000000E+00  0.00000000000000E+00  0.00000000000000E+00  0.00000000000000E+00  0.00000000000000E+00  0.00000000000000E+00  0.00000000000000E+00  0.00000000000000E+00  0.00000000000000E+00  0.00000000000000E+00  0.00000000000000E+00  0.00000000000000E+00  0.00000000000000E+00  0.99534638288896E+05

 # Covariance matrix (Bevington epsilon)
