# fitpack15: fit parameters                                                                         
# CJ15 AV18 final data choices                                                                      
# Created on 02/21/2019 at 20:57:02                                                                 

 # QCD setup
  INS                           0
  NVL                          11
  IORD                          1
  Q02                   1.6899999999999999     
  IPARAMC                       7
  FLAVOR                4.0000000000000000     
  xmc                   1.3000000000000000     
  xmb                   4.5000000000000000     
  ncb                          12
  ihq                           1
  ias                           0

 # Theory corrections
  inuke                     10814
  itmc                          1
  iht                           1

 # fit parameters
 LAMBDA       0.22680        0.0000    
 a0uv          2.3190        0.0000    
 a1uv         0.60673       0.27465E-01
 a2uv          3.5690       0.16382E-01
 a3uv          0.0000        0.0000    
 a4uv          3.6967       0.63824    
 a5uv          0.0000        0.0000    
 a0dv          20.349        0.0000    
 a1dv          1.0978       0.66595E-01
 a2dv          6.5771       0.21952    
 a3dv         -3.6476       0.11992    
 a4dv          5.1506       0.32741    
 a5dv          0.0000        0.0000    
 a0ud         0.14132       0.56836E-02
 a1ud        -0.21131       0.43007E-02
 a2ud          8.6675       0.24815    
 a3ud          0.0000        0.0000    
 a4ud          16.474        1.8052    
 a5ud          0.0000        0.0000    
 a0du          35712.        0.0000    
 a1du          3.9501       0.86055E-01
 a2du          20.589       0.96590    
 a3du          17.000        0.0000    
 a4du          44.278        8.1126    
 a0g           47.956        0.0000    
 a1g          0.61001       0.33657E-01
 a2g           6.8132        1.0475    
 a3g          -3.4038       0.15146    
 a4g           3.4319       0.38798    
 a5g           0.0000        0.0000    
 kappa        0.40000        0.0000    
 a6dv        -0.69349E-02   0.26338E-02
 a7dv          2.0000        0.0000    
 off1         0.47327        1.9474    
 off2         0.49022       0.70720    
 ht1          -3.8862       0.35205    
 ht2           2.0817       0.12432    
 ht3          -2.0866       0.27350E-01
 ht4           0.0000        0.0000    
 dummy40       0.0000        0.0000    
 dummy41       0.0000        0.0000    
 dummy42       0.0000        0.0000    
 dummy43       0.0000        0.0000    
 dummy44       0.0000        0.0000    
 dummy45       0.0000        0.0000    
 dummy46       0.0000        0.0000    
 dummy47       0.0000        0.0000    
 dummy48       0.0000        0.0000    
 dummy49       0.0000        0.0000    
 bcdmsh2      0.96877       0.50963E-02
 bcdmsd2      0.99063       0.60210E-02
 ccfr          1.0000        0.0000    
 nutev         1.0000        0.0000    
 zeus         0.97998        0.0000    
 h1            1.0162        0.0000    
 e605          1.0319        0.0000    
 NmcH2         1.0068       0.73638E-02
 ntv_nu        1.0000        0.0000    
 ntv_nubar     1.0000        0.0000    
 cdf_jet      0.98910        0.0000    
 d0_jet       0.83504        0.0000    
 slac_p        1.0011       0.52596E-02
 slac_d        1.0014       0.57575E-02
 e866pp       0.94789       0.22882E-01
 e866pd       0.95862       0.19474E-01
 d0_gamjet     1.0372       0.16509E-01
 h1b          0.97608        0.0000    
 jlab_p       0.99439        0.0000    
 jlab_d       0.97560        0.0000    
 blank         1.0000        0.0000    
 d0run2       0.94458       0.14533E-01
 cdfrun2      0.93100       0.17431E-01
 HERA_el       1.0000        0.0000    
 HERA_ps       1.0000        0.0000    
 CDF_Z        0.96016       0.66323E-02
 NmcRat        1.0000        0.0000    
 BNS_F2nd     0.98096       0.11231E-01
 HERMES_F2p   0.99455       0.59184E-02
 HERMES_F2d   0.97764       0.61972E-02
 END 0. 0.

 # Hessian matrix (Bevington alpha)
   0.37779369481243E+07 -0.99506314164881E+06  0.17101649850930E+06  0.68703328096394E+06 -0.12392250863638E+06  0.29550452690466E+05  0.72169357847721E+05  0.10377168770650E+07 -0.14873506474746E+06 -0.49778395508839E+05  0.79409747811925E+04  0.11906220846737E+05  0.13463041183902E+04 -0.21252312388918E+02  0.49078151760261E+05 -0.68010912850864E+04  0.41440358790951E+05  0.24729827393465E+05 -0.52240913233480E+07  0.39247946999677E+03  0.90886256544858E+04 -0.80698393082559E+04  0.55374241042972E+04 -0.16309854706211E+06 -0.12867654554563E+06 -0.54529702208477E+05 -0.44742629584502E+04 -0.84956893500290E+06 -0.10993300652587E+07 -0.21118269993500E+05 -0.47111731939769E+05 -0.30901828065865E+04 -0.90470031505198E+04 -0.31922129361732E+04 -0.15716207003251E+05  0.16549932875495E+05 -0.71602270492436E+05 -0.56362336276835E+05
  -0.99506314164881E+06  0.32590400411408E+06 -0.46646888274491E+05 -0.15658924354208E+06  0.30461089480974E+05  0.32596206286765E+04 -0.11877043644155E+05 -0.13151034417658E+06  0.21460758017500E+05  0.69835824531478E+04 -0.96363687986712E+03 -0.77896998853072E+03 -0.91288057565030E+02  0.13842434657910E+01 -0.53288834703088E+04  0.66521279175909E+03 -0.43712152974112E+04 -0.24644290523873E+04  0.17486818093213E+07  0.15601012153191E+03 -0.25797660427595E+04  0.49982939760563E+04  0.53060378731888E+04  0.49060210888280E+05  0.16723839269918E+05  0.82941262204228E+04 -0.24116450433194E+03  0.21127669328926E+06  0.26706394789903E+06  0.59383367081642E+04  0.13380759540948E+05  0.41783668287292E+03  0.24462462288854E+04  0.77437821621807E+03 -0.23246080462006E+04 -0.22741762477957E+04  0.86051283898812E+04  0.72497066260772E+04
   0.17101649850930E+06 -0.46646888274491E+05  0.78361941764841E+04  0.30613118524733E+05 -0.56591396419119E+04  0.92204569280053E+03  0.30978761235733E+04  0.35614778946014E+05 -0.45292643588056E+04 -0.19577204750827E+04  0.28037358133216E+03  0.30022540343809E+03  0.43365123689808E+02 -0.11786146377240E+01  0.14469087310822E+04 -0.21376356764117E+03  0.12326411931711E+04  0.75343946804287E+03 -0.24546996700802E+06  0.12901464963582E+02  0.41808261400074E+03 -0.43830898065707E+03  0.49797635556337E+01 -0.76118746540698E+04 -0.53810562801341E+04 -0.22965560298468E+04  0.47331456759305E+02 -0.37635814589818E+05 -0.48974454989716E+05 -0.97966366301900E+03 -0.21943259160051E+04 -0.11421036196707E+03 -0.41174414763983E+03 -0.14307176436573E+03  0.19533066732916E+02  0.69803651062778E+03 -0.24975861964521E+04 -0.20234905250145E+04
   0.68703328096394E+06 -0.15658924354208E+06  0.30613118524733E+05  0.21626386302207E+06 -0.36953775217870E+05  0.18348725533826E+05  0.27004868069191E+05  0.26507114375832E+06 -0.38738626548468E+05 -0.13261438284576E+05  0.20262222086995E+04  0.96167990018175E+03  0.80541751911479E+02  0.49078241631189E+01  0.10575050444609E+05 -0.14314155572807E+04  0.82297960659381E+04  0.49686317863138E+04 -0.11631797925662E+07  0.42296259395949E+03  0.28790383568299E+04  0.17260000500820E+02  0.50618334259668E+04 -0.30969320364437E+05 -0.13378051960168E+05 -0.22203593879845E+05 -0.17252277432540E+03 -0.70750684596232E+05 -0.36285633696419E+06 -0.16141494214639E+04 -0.26948424965879E+04 -0.73386785453762E+02 -0.26408854213756E+04 -0.10188148154663E+04 -0.10910506369214E+05 -0.16594230975583E+05 -0.76560213948263E+04 -0.22569272914309E+05
  -0.12392250863638E+06  0.30461089480974E+05 -0.56591396419119E+04 -0.36953775217870E+05  0.68551786319698E+04 -0.17330290959983E+04 -0.41991789404626E+04 -0.23820976132833E+05  0.16937822743412E+04  0.17079530387098E+04 -0.20372325415323E+03 -0.19096935579635E+03 -0.12905778275221E+02 -0.70904841077703E+00 -0.10097148063036E+04  0.13557232320328E+03 -0.75385942059498E+03 -0.45115872805538E+03  0.23087635702828E+06 -0.55583948543238E+02 -0.52854606111047E+03  0.17257506344739E+03 -0.25321003750987E+03  0.62438470743632E+04  0.19948730782413E+04  0.33527988126181E+04 -0.49445589246420E+02  0.11728176725708E+05  0.61672182362519E+05  0.34765225258988E+03  0.56587231427423E+03  0.89410882277650E+01  0.46016795594012E+03  0.17096129098041E+03  0.45602905222292E+03  0.25111322673817E+04  0.82467122528833E+03  0.25284696241075E+04
   0.29550452690466E+05  0.32596206286765E+04  0.92204569280053E+03  0.18348725533826E+05 -0.17330290959983E+04  0.59844007938469E+04  0.38588805688335E+04  0.69221065565427E+05 -0.12400333366444E+05 -0.26100238608364E+04  0.50460057337562E+03  0.75020160928017E+02  0.10053324246917E+02  0.15914592335304E+01  0.21724802302604E+04 -0.33636126491664E+03  0.17515026722411E+04  0.11509846635866E+04  0.34677540756924E+05  0.11204508266470E+03  0.10051801270156E+03  0.64158951726087E+03  0.22816413518367E+04  0.50386824604837E+03 -0.22165933915902E+04 -0.33520985823092E+04  0.87323470176407E+02 -0.60006404909920E+04 -0.28388959741553E+05  0.65807617830972E+02  0.86083150940010E+02 -0.16134875803500E+02 -0.15233349769536E+03 -0.89561777719965E+02 -0.31830932624532E+04 -0.25998815469539E+04 -0.16830432763462E+04 -0.47779987890055E+04
   0.72169357847721E+05 -0.11877043644155E+05  0.30978761235733E+04  0.27004868069191E+05 -0.41991789404626E+04  0.38588805688335E+04  0.40792096448461E+04  0.39122669673412E+05 -0.49156086913965E+04 -0.20523955542976E+04  0.31011508240818E+03  0.14230112560277E+03  0.11486511192363E+02  0.10456398977632E+01  0.12491090441010E+04 -0.19258894799420E+03  0.92135295480973E+03  0.61187127792830E+03 -0.84596306271400E+05  0.87263278695737E+02  0.29798476194029E+03  0.27957284474642E+03  0.13143803083408E+04 -0.26785567207626E+04 -0.21349283571405E+04 -0.33302134206694E+04  0.10675287297463E+03 -0.82888597732522E+04 -0.42790025064717E+05 -0.13200633347505E+03 -0.21345428246936E+03 -0.11623167097195E+02 -0.29323249183613E+03 -0.12592977944838E+03 -0.13792126528431E+04 -0.26972178458935E+04 -0.10501666549532E+04 -0.30972645947632E+04
   0.10377168770650E+07 -0.13151034417658E+06  0.35614778946014E+05  0.26507114375832E+06 -0.23820976132833E+05  0.69221065565427E+05  0.39122669673412E+05  0.52388501759459E+07 -0.24036833924260E+07 -0.82505774796034E+05  0.23744599383193E+05  0.32370469135118E+05  0.21088848986719E+04  0.97620142861898E+02  0.67280579040290E+05 -0.88448609971944E+04  0.64851162361579E+05  0.35606364101646E+05 -0.34990827439842E+06  0.86325688576372E+03  0.11490739403455E+04  0.88379978562821E+04  0.41392014205575E+05  0.64259821701555E+04 -0.60372864666510E+05 -0.48997886493197E+05 -0.69529917990890E+05 -0.28325977405723E+06 -0.56207940466946E+06 -0.76002207353171E+05 -0.16861610573663E+06 -0.13154819368165E+04  0.42114319165734E+03  0.33193439667652E+03 -0.27444618433197E+06 -0.84602080493668E+04 -0.14151542045722E+06 -0.17752093959304E+06
  -0.14873506474746E+06  0.21460758017500E+05 -0.45292643588056E+04 -0.38738626548468E+05  0.16937822743412E+04 -0.12400333366444E+05 -0.49156086913965E+04 -0.24036833924260E+07  0.19237703349690E+07  0.19004646894496E+05 -0.61551075920988E+04 -0.62269439027956E+04 -0.31948305439468E+03 -0.24833052397008E+02  0.47802275306980E+05 -0.21930574042848E+04  0.14445834017539E+05  0.69538359119781E+04  0.65721507674738E+04 -0.13400955668875E+03  0.10032313982146E+02 -0.21924276874819E+04 -0.10269365665174E+05 -0.53635182683706E+04  0.11001925713705E+05  0.10583530443158E+05  0.24277185729924E+05  0.64487556732076E+05  0.12420041874018E+06  0.23509616254274E+05  0.52324608105260E+05  0.16168815562891E+03 -0.12817733127163E+04 -0.70854182267163E+03  0.11276381119467E+06  0.15146166501831E+04  0.44248589493283E+05  0.55006456309272E+05
  -0.49778395508839E+05  0.69835824531478E+04 -0.19577204750827E+04 -0.13261438284576E+05  0.17079530387098E+04 -0.26100238608364E+04 -0.20523955542976E+04 -0.82505774796034E+05  0.19004646894496E+05  0.23480042222056E+04 -0.53271766464729E+03 -0.80531139454497E+03 -0.68147516668749E+02 -0.72514531393170E+00 -0.32361900000005E+04  0.40143455245567E+03 -0.26059112217478E+04 -0.15101474719932E+04  0.31794710921979E+05 -0.40456305153750E+02 -0.10360006209735E+03 -0.25910837160178E+03 -0.12150787905156E+04  0.78518471010310E+03  0.26141214537639E+04  0.18154480374792E+04  0.72138853420510E+03  0.10382292481567E+05  0.21661702882139E+05  0.15106019116881E+04  0.32729825878472E+04  0.41270993321885E+02  0.12003438379819E+03  0.53915788033365E+02  0.31003274978599E+04  0.41504764851049E+03  0.27378463270833E+04  0.35097309974581E+04
   0.79409747811925E+04 -0.96363687986712E+03  0.28037358133216E+03  0.20262222086995E+04 -0.20372325415323E+03  0.50460057337562E+03  0.31011508240818E+03  0.23744599383193E+05 -0.61551075920988E+04 -0.53271766464729E+03  0.14254097693706E+03  0.22496045707670E+03  0.15846582094816E+02  0.46408184990926E+00  0.97653581429436E+03 -0.10742857047693E+03  0.75551280048386E+03  0.41667876406360E+03 -0.32390520003313E+04  0.63874089047853E+01  0.10616595560612E+02  0.55385285338493E+02  0.25949028768185E+03 -0.23087649022077E+01 -0.42484904240240E+03 -0.32417897902116E+03 -0.32205170580927E+03 -0.18342571325500E+04 -0.36796506957429E+04 -0.41335342116218E+03 -0.91644294947731E+03 -0.98918508386602E+01 -0.11328148969223E+02 -0.53828324785208E+01 -0.10961027980054E+04 -0.59279551627997E+02 -0.76780968076516E+03 -0.96968069866859E+03
   0.11906220846737E+05 -0.77896998853072E+03  0.30022540343809E+03  0.96167990018175E+03 -0.19096935579635E+03  0.75020160928017E+02  0.14230112560277E+03  0.32370469135118E+05 -0.62269439027956E+04 -0.80531139454497E+03  0.22496045707670E+03  0.20662512474243E+04  0.12597864496125E+03  0.16002641235852E+01  0.21853390455182E+04 -0.28449625555708E+03  0.20429912172910E+04  0.11639325200183E+04 -0.64549823839552E+04 -0.53371113461941E+01  0.85836527127816E+01  0.17670622708817E+02  0.21491860453413E+03 -0.35613678812074E+03 -0.11682403489774E+04  0.13986326156459E-11 -0.88356098131791E+03 -0.53698390865005E+04  0.84863134926272E-09 -0.28171749791103E+04 -0.67334570571821E+02 -0.88826095862061E+02 -0.18592548705764E+01 -0.81255620332865E+00  0.32412822600678E+03  0.30043968618293E+03 -0.31078556367843E+04  0.11305761390122E-09
   0.13463041183902E+04 -0.91288057565030E+02  0.43365123689808E+02  0.80541751911479E+02 -0.12905778275221E+02  0.10053324246917E+02  0.11486511192363E+02  0.21088848986719E+04 -0.31948305439468E+03 -0.68147516668749E+02  0.15846582094816E+02  0.12597864496125E+03  0.10672539843581E+02 -0.56483327510554E-01  0.13104748711669E+03 -0.19333552983745E+02  0.12618956273367E+03  0.76628963262988E+02 -0.40201149658208E+03 -0.68349937061568E+00 -0.22583642860500E+00  0.44713133429265E+01  0.28589780618190E+02 -0.23649522763179E+02 -0.16862941543836E+03  0.60623367561223E-12 -0.32239927215439E+02 -0.60797221170284E+03  0.19022215404923E-10 -0.16830886895338E+03 -0.17407630857092E+02 -0.68152365147014E+01 -0.18652501990741E+00 -0.73722908886633E-01  0.31444335195903E+02  0.66691454520884E+02 -0.21359927862548E+03  0.37015326321236E-11
  -0.21252312388918E+02  0.13842434657910E+01 -0.11786146377240E+01  0.49078241631189E+01 -0.70904841077703E+00  0.15914592335304E+01  0.10456398977632E+01  0.97620142861898E+02 -0.24833052397008E+02 -0.72514531393170E+00  0.46408184990926E+00  0.16002641235852E+01 -0.56483327510554E-01  0.55643223802641E-01  0.95722085198077E+01 -0.43632541541499E+00  0.41139030425582E+01  0.14681545057513E+01 -0.17789827798263E+02  0.10827394635847E+00  0.28740006266313E+00 -0.23692721858829E+00 -0.53321316952518E+00 -0.27333086687487E+01  0.65626319953886E-01  0.42859874120564E-12 -0.90570029018879E+01 -0.19360335063568E+01  0.68444983231383E-11 -0.63360199314653E+01 -0.15341321213749E-03 -0.22571080035362E+00 -0.27411901253952E-02 -0.14968086105914E-02 -0.18211987434714E+01  0.61587658009000E-03 -0.59232420570384E+01  0.61273685110100E-12
   0.49078151760261E+05 -0.53288834703088E+04  0.14469087310822E+04  0.10575050444609E+05 -0.10097148063036E+04  0.21724802302604E+04  0.12491090441010E+04  0.67280579040290E+05  0.47802275306980E+05 -0.32361900000005E+04  0.97653581429436E+03  0.21853390455182E+04  0.13104748711669E+03  0.95722085198077E+01  0.45472587976092E+05 -0.41598678705440E+04  0.29950533922110E+05  0.15742250086094E+05 -0.30087816652711E+05 -0.59775261830659E+01 -0.35809786894823E+02 -0.29641623900181E+02 -0.17193123970918E+03  0.81472038731233E+03 -0.27434445701830E+04 -0.17870288680900E+04 -0.24952584165137E+04  0.20232282523313E+04  0.43741166180563E+04 -0.15840815999970E+04 -0.30027100990201E+04 -0.73054464521009E+03 -0.28898281946343E+04 -0.15349511921348E+04 -0.24131388198195E+04  0.19768149698672E+03 -0.90716643201597E+03 -0.10185254935957E+04
  -0.68010912850864E+04  0.66521279175909E+03 -0.21376356764117E+03 -0.14314155572807E+04  0.13557232320328E+03 -0.33636126491664E+03 -0.19258894799420E+03 -0.88448609971944E+04 -0.21930574042848E+04  0.40143455245567E+03 -0.10742857047693E+03 -0.28449625555708E+03 -0.19333552983745E+02 -0.43632541541499E+00 -0.41598678705440E+04  0.44904786229123E+03 -0.31344100757699E+04 -0.17247551160246E+04  0.35945601399794E+04  0.11545280772113E+00  0.50037922402945E+01 -0.13444534415780E+01 -0.32031456903668E+01 -0.15702473584388E+03  0.50356400620907E+03  0.31405941793148E+03  0.28916624356719E+03 -0.16892876292497E+03 -0.50368683816283E+03  0.16438670207244E+03  0.31067785922403E+03  0.80945366085504E+02  0.43819920935117E+03  0.21703218949634E+03 -0.29926101534250E+03 -0.35430637931693E+02  0.25157862695083E+03  0.28141263321012E+03
   0.41440358790951E+05 -0.43712152974112E+04  0.12326411931711E+04  0.82297960659381E+04 -0.75385942059498E+03  0.17515026722411E+04  0.92135295480973E+03  0.64851162361579E+05  0.14445834017539E+05 -0.26059112217478E+04  0.75551280048386E+03  0.20429912172910E+04  0.12618956273367E+03  0.41139030425582E+01  0.29950533922110E+05 -0.31344100757699E+04  0.22441475493016E+05  0.12158505441941E+05 -0.24539164041991E+05 -0.84027812674422E+01 -0.35708624028866E+02 -0.54401971840116E+02 -0.24278718424508E+03  0.64517939735348E+03 -0.23041776801280E+04 -0.14915588106224E+04 -0.23789976537616E+04  0.20439359051727E+04  0.42033293195636E+04 -0.12591114688700E+04 -0.23951706013413E+04 -0.56857891981761E+03 -0.23397356789902E+04 -0.12716433014267E+04  0.90112352121727E+03  0.19460894142887E+03 -0.14341544603132E+04 -0.15906643156572E+04
   0.24729827393465E+05 -0.24644290523873E+04  0.75343946804287E+03  0.49686317863138E+04 -0.45115872805538E+03  0.11509846635866E+04  0.61187127792830E+03  0.35606364101646E+05  0.69538359119781E+04 -0.15101474719932E+04  0.41667876406360E+03  0.11639325200183E+04  0.76628963262988E+02  0.14681545057513E+01  0.15742250086094E+05 -0.17247551160246E+04  0.12158505441941E+05  0.66957263386568E+04 -0.13761003276454E+05 -0.34033210914872E+01 -0.21554473592824E+02 -0.21628791329270E+02 -0.87605650600252E+02  0.49098745909455E+03 -0.16715349593349E+04 -0.10487764020069E+04 -0.12115304999238E+04  0.97618986996941E+03  0.23391352749064E+04 -0.64476231484865E+03 -0.12279114526492E+04 -0.31701564105469E+03 -0.15359822516622E+04 -0.79978283249016E+03  0.12023922014980E+04  0.14234577218152E+03 -0.10372058428172E+04 -0.11512160481019E+04
  -0.52240913233480E+07  0.17486818093213E+07 -0.24546996700802E+06 -0.11631797925662E+07  0.23087635702828E+06  0.34677540756924E+05 -0.84596306271400E+05 -0.34990827439842E+06  0.65721507674738E+04  0.31794710921979E+05 -0.32390520003313E+04 -0.64549823839552E+04 -0.40201149658208E+03 -0.17789827798263E+02 -0.30087816652711E+05  0.35945601399794E+04 -0.24539164041991E+05 -0.13761003276454E+05  0.13300276113368E+08  0.15930317622303E+04 -0.23072289618753E+05  0.30667657402653E+05  0.37323356394513E+05  0.29071079760807E+06  0.27841840144302E+05  0.62038961690043E+05 -0.88366932633227E+03  0.46241325276046E+06  0.22409220142189E+07  0.15157209472792E+05  0.25900709935174E+05  0.17128326693690E+03  0.19663962071253E+05  0.61961534940635E+04 -0.13132358010817E+05  0.36253233970391E+05  0.17072558178764E+05  0.52654392526661E+05
   0.39247946999677E+03  0.15601012153191E+03  0.12901464963582E+02  0.42296259395949E+03 -0.55583948543238E+02  0.11204508266470E+03  0.87263278695737E+02  0.86325688576372E+03 -0.13400955668875E+03 -0.40456305153750E+02  0.63874089047853E+01 -0.53371113461941E+01 -0.68349937061568E+00  0.10827394635847E+00 -0.59775261830659E+01  0.11545280772113E+00 -0.84027812674422E+01 -0.34033210914872E+01  0.15930317622303E+04  0.43606071455722E+01  0.41695442573652E+01  0.15179276259889E+02  0.41913859855790E+02  0.54993064419466E+00  0.00000000000000E+00 -0.10010101396140E+03  0.00000000000000E+00  0.00000000000000E+00 -0.68730449658466E+03  0.00000000000000E+00  0.32843990066077E+01  0.00000000000000E+00  0.00000000000000E+00  0.00000000000000E+00  0.00000000000000E+00  0.67968842049499E+02  0.00000000000000E+00 -0.87638585790083E+02
   0.90886256544858E+04 -0.25797660427595E+04  0.41808261400074E+03  0.28790383568299E+04 -0.52854606111047E+03  0.10051801270156E+03  0.29798476194029E+03  0.11490739403455E+04  0.10032313982146E+02 -0.10360006209735E+03  0.10616595560612E+02  0.85836527127816E+01 -0.22583642860500E+00  0.28740006266313E+00 -0.35809786894823E+02  0.50037922402945E+01 -0.35708624028866E+02 -0.21554473592824E+02 -0.23072289618753E+05  0.41695442573652E+01  0.59928889513385E+02 -0.28552297719574E+02  0.19633192279575E+01 -0.54582375364028E+03  0.00000000000000E+00 -0.24894840657608E+03  0.00000000000000E+00  0.00000000000000E+00 -0.59522482519550E+04  0.00000000000000E+00  0.58547516813509E+02  0.00000000000000E+00  0.00000000000000E+00  0.00000000000000E+00  0.00000000000000E+00  0.20930010933167E+03  0.00000000000000E+00 -0.20630045753212E+03
  -0.80698393082559E+04  0.49982939760563E+04 -0.43830898065707E+03  0.17260000500820E+02  0.17257506344739E+03  0.64158951726087E+03  0.27957284474642E+03  0.88379978562821E+04 -0.21924276874819E+04 -0.25910837160178E+03  0.55385285338493E+02  0.17670622708817E+02  0.44713133429265E+01 -0.23692721858829E+00 -0.29641623900181E+02 -0.13444534415780E+01 -0.54401971840116E+02 -0.21628791329270E+02  0.30667657402653E+05  0.15179276259889E+02 -0.28552297719574E+02  0.23294988131878E+03  0.54647297539992E+03  0.93012474368934E+03 -0.43745307549703E+02 -0.13739085754603E+03  0.43144961175240E+01  0.97276123916178E+03 -0.27021031262235E+03  0.00000000000000E+00 -0.11192578049966E+03  0.00000000000000E+00  0.00000000000000E+00  0.00000000000000E+00  0.00000000000000E+00  0.28975201800733E+02 -0.29448197324210E+03 -0.54300434370888E+03
   0.55374241042972E+04  0.53060378731888E+04  0.49797635556337E+01  0.50618334259668E+04 -0.25321003750987E+03  0.22816413518367E+04  0.13143803083408E+04  0.41392014205575E+05 -0.10269365665174E+05 -0.12150787905156E+04  0.25949028768185E+03  0.21491860453413E+03  0.28589780618190E+02 -0.53321316952518E+00 -0.17193123970918E+03 -0.32031456903668E+01 -0.24278718424508E+03 -0.87605650600252E+02  0.37323356394513E+05  0.41913859855790E+02  0.19633192279575E+01  0.54647297539992E+03  0.17878615558777E+04  0.10994745232419E+04 -0.15789441139822E+03 -0.38509928955003E+03 -0.21534761763914E+02 -0.54667828235564E+04 -0.12182875775458E+05  0.00000000000000E+00 -0.27933792621754E+03  0.00000000000000E+00  0.00000000000000E+00  0.00000000000000E+00  0.00000000000000E+00  0.88423062109555E+02 -0.19124432408797E+04 -0.25674035687919E+04
  -0.16309854706211E+06  0.49060210888280E+05 -0.76118746540698E+04 -0.30969320364437E+05  0.62438470743632E+04  0.50386824604837E+03 -0.26785567207626E+04  0.64259821701555E+04 -0.53635182683706E+04  0.78518471010310E+03 -0.23087649022077E+01 -0.35613678812074E+03 -0.23649522763179E+02 -0.27333086687487E+01  0.81472038731233E+03 -0.15702473584388E+03  0.64517939735348E+03  0.49098745909455E+03  0.29071079760807E+06  0.54993064419466E+00 -0.54582375364028E+03  0.93012474368934E+03  0.10994745232419E+04  0.12842690650777E+05  0.25888804300521E+03 -0.11817351309436E+04 -0.52094302602326E+01  0.40614171986119E+05  0.55130849811785E+05  0.00000000000000E+00 -0.13079584724355E+04  0.00000000000000E+00  0.00000000000000E+00  0.00000000000000E+00  0.00000000000000E+00  0.52941889173676E+03  0.16107248360253E+04 -0.11091330630098E+04
  -0.12867654554563E+06  0.16723839269918E+05 -0.53810562801341E+04 -0.13378051960168E+05  0.19948730782413E+04 -0.22165933915902E+04 -0.21349283571405E+04 -0.60372864666510E+05  0.11001925713705E+05  0.26141214537639E+04 -0.42484904240240E+03 -0.11682403489774E+04 -0.16862941543836E+03  0.65626319953886E-01 -0.27434445701830E+04  0.50356400620907E+03 -0.23041776801280E+04 -0.16715349593349E+04  0.27841840144302E+05  0.00000000000000E+00  0.00000000000000E+00 -0.43745307549703E+02 -0.15789441139822E+03  0.25888804300521E+03  0.11729487255321E+06  0.00000000000000E+00  0.00000000000000E+00  0.00000000000000E+00  0.00000000000000E+00  0.00000000000000E+00  0.00000000000000E+00  0.00000000000000E+00  0.00000000000000E+00  0.00000000000000E+00  0.00000000000000E+00  0.00000000000000E+00  0.00000000000000E+00  0.00000000000000E+00
  -0.54529702208477E+05  0.82941262204228E+04 -0.22965560298468E+04 -0.22203593879845E+05  0.33527988126181E+04 -0.33520985823092E+04 -0.33302134206694E+04 -0.48997886493197E+05  0.10583530443158E+05  0.18154480374792E+04 -0.32417897902116E+03  0.13986326156459E-11  0.60623367561223E-12  0.42859874120564E-12 -0.17870288680900E+04  0.31405941793148E+03 -0.14915588106224E+04 -0.10487764020069E+04  0.62038961690043E+05 -0.10010101396140E+03 -0.24894840657608E+03 -0.13739085754603E+03 -0.38509928955003E+03 -0.11817351309436E+04  0.00000000000000E+00  0.64917377676240E+05  0.00000000000000E+00  0.00000000000000E+00  0.00000000000000E+00  0.00000000000000E+00  0.00000000000000E+00  0.00000000000000E+00  0.00000000000000E+00  0.00000000000000E+00  0.00000000000000E+00  0.00000000000000E+00  0.00000000000000E+00  0.00000000000000E+00
  -0.44742629584502E+04 -0.24116450433194E+03  0.47331456759305E+02 -0.17252277432540E+03 -0.49445589246420E+02  0.87323470176407E+02  0.10675287297463E+03 -0.69529917990890E+05  0.24277185729924E+05  0.72138853420510E+03 -0.32205170580927E+03 -0.88356098131791E+03 -0.32239927215439E+02 -0.90570029018879E+01 -0.24952584165137E+04  0.28916624356719E+03 -0.23789976537616E+04 -0.12115304999238E+04 -0.88366932633227E+03  0.00000000000000E+00  0.00000000000000E+00  0.43144961175240E+01 -0.21534761763914E+02 -0.52094302602326E+01  0.00000000000000E+00  0.00000000000000E+00  0.30777421978028E+05  0.00000000000000E+00  0.00000000000000E+00  0.00000000000000E+00  0.00000000000000E+00  0.00000000000000E+00  0.00000000000000E+00  0.00000000000000E+00  0.00000000000000E+00  0.00000000000000E+00  0.00000000000000E+00  0.00000000000000E+00
  -0.84956893500290E+06  0.21127669328926E+06 -0.37635814589818E+05 -0.70750684596232E+05  0.11728176725708E+05 -0.60006404909920E+04 -0.82888597732522E+04 -0.28325977405723E+06  0.64487556732076E+05  0.10382292481567E+05 -0.18342571325500E+04 -0.53698390865005E+04 -0.60797221170284E+03 -0.19360335063568E+01  0.20232282523313E+04 -0.16892876292497E+03  0.20439359051727E+04  0.97618986996941E+03  0.46241325276046E+06  0.00000000000000E+00  0.00000000000000E+00  0.97276123916178E+03 -0.54667828235564E+04  0.40614171986119E+05  0.00000000000000E+00  0.00000000000000E+00  0.00000000000000E+00  0.58192562644639E+06  0.00000000000000E+00  0.00000000000000E+00  0.00000000000000E+00  0.00000000000000E+00  0.00000000000000E+00  0.00000000000000E+00  0.00000000000000E+00  0.00000000000000E+00  0.00000000000000E+00  0.00000000000000E+00
  -0.10993300652587E+07  0.26706394789903E+06 -0.48974454989716E+05 -0.36285633696419E+06  0.61672182362519E+05 -0.28388959741553E+05 -0.42790025064717E+05 -0.56207940466946E+06  0.12420041874018E+06  0.21661702882139E+05 -0.36796506957429E+04  0.84863134926272E-09  0.19022215404923E-10  0.68444983231383E-11  0.43741166180563E+04 -0.50368683816283E+03  0.42033293195636E+04  0.23391352749064E+04  0.22409220142189E+07 -0.68730449658466E+03 -0.59522482519550E+04 -0.27021031262235E+03 -0.12182875775458E+05  0.55130849811785E+05  0.00000000000000E+00  0.00000000000000E+00  0.00000000000000E+00  0.00000000000000E+00  0.92257110151390E+06  0.00000000000000E+00  0.00000000000000E+00  0.00000000000000E+00  0.00000000000000E+00  0.00000000000000E+00  0.00000000000000E+00  0.00000000000000E+00  0.00000000000000E+00  0.00000000000000E+00
  -0.21118269993500E+05  0.59383367081642E+04 -0.97966366301900E+03 -0.16141494214639E+04  0.34765225258988E+03  0.65807617830972E+02 -0.13200633347505E+03 -0.76002207353171E+05  0.23509616254274E+05  0.15106019116881E+04 -0.41335342116218E+03 -0.28171749791103E+04 -0.16830886895338E+03 -0.63360199314653E+01 -0.15840815999970E+04  0.16438670207244E+03 -0.12591114688700E+04 -0.64476231484865E+03  0.15157209472792E+05  0.00000000000000E+00  0.00000000000000E+00  0.00000000000000E+00  0.00000000000000E+00  0.00000000000000E+00  0.00000000000000E+00  0.00000000000000E+00  0.00000000000000E+00  0.00000000000000E+00  0.00000000000000E+00  0.15316384629095E+05  0.00000000000000E+00  0.00000000000000E+00  0.00000000000000E+00  0.00000000000000E+00  0.00000000000000E+00  0.00000000000000E+00  0.00000000000000E+00  0.00000000000000E+00
  -0.47111731939769E+05  0.13380759540948E+05 -0.21943259160051E+04 -0.26948424965879E+04  0.56587231427423E+03  0.86083150940010E+02 -0.21345428246936E+03 -0.16861610573663E+06  0.52324608105260E+05  0.32729825878472E+04 -0.91644294947731E+03 -0.67334570571821E+02 -0.17407630857092E+02 -0.15341321213749E-03 -0.30027100990201E+04  0.31067785922403E+03 -0.23951706013413E+04 -0.12279114526492E+04  0.25900709935174E+05  0.32843990066077E+01  0.58547516813509E+02 -0.11192578049966E+03 -0.27933792621754E+03 -0.13079584724355E+04  0.00000000000000E+00  0.00000000000000E+00  0.00000000000000E+00  0.00000000000000E+00  0.00000000000000E+00  0.00000000000000E+00  0.32136647422636E+05  0.00000000000000E+00  0.00000000000000E+00  0.00000000000000E+00  0.00000000000000E+00  0.00000000000000E+00  0.00000000000000E+00  0.00000000000000E+00
  -0.30901828065865E+04  0.41783668287292E+03 -0.11421036196707E+03 -0.73386785453762E+02  0.89410882277650E+01 -0.16134875803500E+02 -0.11623167097195E+02 -0.13154819368165E+04  0.16168815562891E+03  0.41270993321885E+02 -0.98918508386602E+01 -0.88826095862061E+02 -0.68152365147014E+01 -0.22571080035362E+00 -0.73054464521009E+03  0.80945366085504E+02 -0.56857891981761E+03 -0.31701564105469E+03  0.17128326693690E+03  0.00000000000000E+00  0.00000000000000E+00  0.00000000000000E+00  0.00000000000000E+00  0.00000000000000E+00  0.00000000000000E+00  0.00000000000000E+00  0.00000000000000E+00  0.00000000000000E+00  0.00000000000000E+00  0.00000000000000E+00  0.00000000000000E+00  0.37931699194217E+04  0.00000000000000E+00  0.00000000000000E+00  0.00000000000000E+00  0.00000000000000E+00  0.00000000000000E+00  0.00000000000000E+00
  -0.90470031505198E+04  0.24462462288854E+04 -0.41174414763983E+03 -0.26408854213756E+04  0.46016795594012E+03 -0.15233349769536E+03 -0.29323249183613E+03  0.42114319165734E+03 -0.12817733127163E+04  0.12003438379819E+03 -0.11328148969223E+02 -0.18592548705764E+01 -0.18652501990741E+00 -0.27411901253952E-02 -0.28898281946343E+04  0.43819920935117E+03 -0.23397356789902E+04 -0.15359822516622E+04  0.19663962071253E+05  0.00000000000000E+00  0.00000000000000E+00  0.00000000000000E+00  0.00000000000000E+00  0.00000000000000E+00  0.00000000000000E+00  0.00000000000000E+00  0.00000000000000E+00  0.00000000000000E+00  0.00000000000000E+00  0.00000000000000E+00  0.00000000000000E+00  0.00000000000000E+00  0.82545313444432E+04  0.00000000000000E+00  0.00000000000000E+00  0.00000000000000E+00  0.00000000000000E+00  0.00000000000000E+00
  -0.31922129361732E+04  0.77437821621807E+03 -0.14307176436573E+03 -0.10188148154663E+04  0.17096129098041E+03 -0.89561777719965E+02 -0.12592977944838E+03  0.33193439667652E+03 -0.70854182267163E+03  0.53915788033365E+02 -0.53828324785208E+01 -0.81255620332865E+00 -0.73722908886633E-01 -0.14968086105914E-02 -0.15349511921348E+04  0.21703218949634E+03 -0.12716433014267E+04 -0.79978283249016E+03  0.61961534940635E+04  0.00000000000000E+00  0.00000000000000E+00  0.00000000000000E+00  0.00000000000000E+00  0.00000000000000E+00  0.00000000000000E+00  0.00000000000000E+00  0.00000000000000E+00  0.00000000000000E+00  0.00000000000000E+00  0.00000000000000E+00  0.00000000000000E+00  0.00000000000000E+00  0.00000000000000E+00  0.42276482922574E+04  0.00000000000000E+00  0.00000000000000E+00  0.00000000000000E+00  0.00000000000000E+00
  -0.15716207003251E+05 -0.23246080462006E+04  0.19533066732916E+02 -0.10910506369214E+05  0.45602905222292E+03 -0.31830932624532E+04 -0.13792126528431E+04 -0.27444618433197E+06  0.11276381119467E+06  0.31003274978599E+04 -0.10961027980054E+04  0.32412822600678E+03  0.31444335195903E+02 -0.18211987434714E+01 -0.24131388198195E+04 -0.29926101534250E+03  0.90112352121727E+03  0.12023922014980E+04 -0.13132358010817E+05  0.00000000000000E+00  0.00000000000000E+00  0.00000000000000E+00  0.00000000000000E+00  0.00000000000000E+00  0.00000000000000E+00  0.00000000000000E+00  0.00000000000000E+00  0.00000000000000E+00  0.00000000000000E+00  0.00000000000000E+00  0.00000000000000E+00  0.00000000000000E+00  0.00000000000000E+00  0.00000000000000E+00  0.12524882821405E+06  0.00000000000000E+00  0.00000000000000E+00  0.00000000000000E+00
   0.16549932875495E+05 -0.22741762477957E+04  0.69803651062778E+03 -0.16594230975583E+05  0.25111322673817E+04 -0.25998815469539E+04 -0.26972178458935E+04 -0.84602080493668E+04  0.15146166501831E+04  0.41504764851049E+03 -0.59279551627997E+02  0.30043968618293E+03  0.66691454520884E+02  0.61587658009000E-03  0.19768149698672E+03 -0.35430637931693E+02  0.19460894142887E+03  0.14234577218152E+03  0.36253233970391E+05  0.67968842049499E+02  0.20930010933167E+03  0.28975201800733E+02  0.88423062109555E+02  0.52941889173676E+03  0.00000000000000E+00  0.00000000000000E+00  0.00000000000000E+00  0.00000000000000E+00  0.00000000000000E+00  0.00000000000000E+00  0.00000000000000E+00  0.00000000000000E+00  0.00000000000000E+00  0.00000000000000E+00  0.00000000000000E+00  0.39422899939560E+05  0.00000000000000E+00  0.00000000000000E+00
  -0.71602270492436E+05  0.86051283898812E+04 -0.24975861964521E+04 -0.76560213948263E+04  0.82467122528833E+03 -0.16830432763462E+04 -0.10501666549532E+04 -0.14151542045722E+06  0.44248589493283E+05  0.27378463270833E+04 -0.76780968076516E+03 -0.31078556367843E+04 -0.21359927862548E+03 -0.59232420570384E+01 -0.90716643201597E+03  0.25157862695083E+03 -0.14341544603132E+04 -0.10372058428172E+04  0.17072558178764E+05  0.00000000000000E+00  0.00000000000000E+00 -0.29448197324210E+03 -0.19124432408797E+04  0.16107248360253E+04  0.00000000000000E+00  0.00000000000000E+00  0.00000000000000E+00  0.00000000000000E+00  0.00000000000000E+00  0.00000000000000E+00  0.00000000000000E+00  0.00000000000000E+00  0.00000000000000E+00  0.00000000000000E+00  0.00000000000000E+00  0.00000000000000E+00  0.95630436913766E+05  0.00000000000000E+00
  -0.56362336276835E+05  0.72497066260772E+04 -0.20234905250145E+04 -0.22569272914309E+05  0.25284696241075E+04 -0.47779987890055E+04 -0.30972645947632E+04 -0.17752093959304E+06  0.55006456309272E+05  0.35097309974581E+04 -0.96968069866859E+03  0.11305761390122E-09  0.37015326321236E-11  0.61273685110100E-12 -0.10185254935957E+04  0.28141263321012E+03 -0.15906643156572E+04 -0.11512160481019E+04  0.52654392526661E+05 -0.87638585790083E+02 -0.20630045753212E+03 -0.54300434370888E+03 -0.25674035687919E+04 -0.11091330630098E+04  0.00000000000000E+00  0.00000000000000E+00  0.00000000000000E+00  0.00000000000000E+00  0.00000000000000E+00  0.00000000000000E+00  0.00000000000000E+00  0.00000000000000E+00  0.00000000000000E+00  0.00000000000000E+00  0.00000000000000E+00  0.00000000000000E+00  0.00000000000000E+00  0.10016147980685E+06

 # Covariance matrix (Bevington epsilon)
   0.75434374960956E-03 -0.18383762483835E-03 -0.17209042172063E-01  0.18383607495142E-03 -0.14190330556430E-03  0.39061709289487E-04 -0.13489767968517E-02  0.72079209687453E-04  0.48648370723420E-04 -0.20593705353071E-02 -0.22155552853048E-01 -0.64266537175099E-03 -0.10867146750188E-01 -0.52005747820021E-01  0.18359237332760E-03  0.15712991367007E-02 -0.85782311594960E-04 -0.16381862214939E-03  0.30437899868718E-05  0.64271170850732E-02 -0.14864794653185E-02  0.15205098708056E-02 -0.95148251864377E-03 -0.22129436491761E-04  0.32162096120659E-04  0.36082210018903E-04  0.22065689187593E-04  0.28626003831879E-04  0.34128688858037E-04 -0.36434985263887E-03 -0.12909720812489E-03  0.41584910760148E-04 -0.35811742670063E-04 -0.43482923497221E-04  0.81257016043295E-04 -0.37894124656229E-05  0.30590530967969E-04  0.32760447584344E-04
  -0.18383762483835E-03  0.26835562848329E-03  0.56952357430921E-02  0.37641016166953E-04  0.14481716554386E-02 -0.58423404439724E-03  0.12904388296535E-02 -0.19031910703236E-04 -0.14185923247290E-04  0.15564336849296E-02  0.91034210002127E-02  0.18603343996052E-03  0.30845211886011E-02  0.17182174375770E-01  0.35035375822953E-04  0.38212452661760E-02 -0.62946101420284E-04  0.10066952812668E-02 -0.21222552174556E-04  0.12921245284537E-01 -0.22165447787243E-02 -0.22524323863798E-02  0.58166385440775E-03  0.94172150487310E-04  0.11843085213134E-04  0.61620672858791E-05  0.87667587538086E-05  0.75342931036417E-05  0.34606834137867E-05  0.10703226081484E-03  0.42790390746549E-04  0.35282510887247E-05 -0.12365616005143E-04 -0.85369647424504E-05 -0.12034698082942E-04 -0.39672302784396E-04  0.94465174476913E-05  0.56252180876129E-05
  -0.17209042172063E-01  0.56952357430919E-02  0.40734556554101E+00 -0.43992981593011E-02  0.10790991118042E-01 -0.48283892604643E-02  0.40154032829227E-01 -0.16617734337840E-02 -0.11402588615139E-02  0.57969050293991E-01  0.56396830490500E+00  0.14303084620592E-01  0.26512146372739E+00  0.12540577779011E+01 -0.33974032681662E-02  0.74979849294755E-02  0.16594987394267E-02  0.11752713305525E-01 -0.16341766479954E-03 -0.67274437975000E-01  0.37727429373790E-01 -0.47820625108893E-01  0.24463226158944E-01  0.15389347206671E-02 -0.38486611902329E-03 -0.52991917697353E-03 -0.20683329459664E-03 -0.28228313796505E-03 -0.44933188806994E-03  0.92079647899373E-02  0.37865434714686E-02 -0.76789412064562E-03  0.40560155592686E-03  0.61477047645681E-03 -0.16091614032921E-02 -0.40384791309548E-03 -0.33095276745335E-03 -0.41406152463763E-03
   0.18383607495145E-03  0.37641016166952E-04 -0.43992981593018E-02  0.44348412908287E-02  0.10571346902978E-01  0.78815675327519E-03 -0.15483676692476E-01  0.14527456345880E-03  0.99576517676151E-04 -0.81938959692776E-02 -0.71786417474762E-01  0.35866561448089E-02 -0.16755244793450E-01  0.26709512618657E+00  0.41647269302150E-03  0.10259485264171E-02  0.23253983134469E-03 -0.14297259060237E-02  0.68143088857366E-04 -0.16546811948406E-01 -0.20665782111974E-01 -0.29186900692486E-02  0.10114752220493E-03  0.26120373811254E-03  0.24925003417247E-04 -0.66451401334095E-05 -0.30049561102490E-04  0.13868834094835E-04 -0.25661493432629E-04 -0.34676070713029E-05 -0.60238970156177E-03  0.18418944798180E-04  0.23003065854090E-04 -0.32180671047419E-05  0.53563418336568E-04  0.27241890264660E-03  0.15589601052815E-04 -0.16572974849994E-04
