 Correlated errors added in quadrature with statistical errors
 HerF2pCut  DIS data with   1.69< Q2 < 0.500D+03 and 0.000 < xB < 1.000 and   3.00< W2 < 0.100D+04 and 0.000 < y < 1.000
   GP TMC applied
   HT corrections, multiplicative C=C(xB)
 Correlated errors added in quadrature with statistical errors
 HerF2dCut  DIS data with   1.69< Q2 < 0.500D+03 and 0.000 < xB < 1.000 and   3.00< W2 < 0.100D+04 and 0.000 < y < 1.000
   WBArel smearing  (AV18) - KP free floating0 nuke corrections
   GP TMC applied
   HT corrections, multiplicative C=C(xB)
 Correlated errors added in quadrature with statistical errors
 slac_p     DIS data with   1.69< Q2 < 0.500D+03 and 0.000 < xB < 1.000 and   3.00< W2 < 0.100D+04 and 0.000 < y < 1.000
   GP TMC applied
   HT corrections, multiplicative C=C(xB)
 Correlated errors added in quadrature with statistical errors
 slac_d     DIS data with   1.69< Q2 < 0.500D+03 and 0.000 < xB < 1.000 and   3.00< W2 < 0.100D+04 and 0.000 < y < 1.000
   WBArel smearing  (AV18) - KP free floating0 nuke corrections
   GP TMC applied
   HT corrections, multiplicative C=C(xB)
 Correlated errors treated separately from statistical errors
 BcdF2pCor  DIS data with   1.69< Q2 < 0.500D+03 and 0.000 < xB < 1.000 and   3.00< W2 < 0.100D+04 and 0.000 < y < 1.000
   GP TMC applied
   HT corrections, multiplicative C=C(xB)
 Correlated errors treated separately from statistical errors
 BcdF2dCor  DIS data with   1.69< Q2 < 0.500D+03 and 0.000 < xB < 1.000 and   3.00< W2 < 0.100D+04 and 0.000 < y < 1.000
   WBArel smearing  (AV18) - KP free floating0 nuke corrections
   GP TMC applied
   HT corrections, multiplicative C=C(xB)
 Correlated errors treated separately from statistical errors
 NmcF2pCor  DIS data with   1.69< Q2 < 0.500D+03 and 0.000 < xB < 1.000 and   3.00< W2 < 0.100D+04 and 0.000 < y < 1.000
   GP TMC applied
   HT corrections, multiplicative C=C(xB)
 Correlated errors treated separately from statistical errors
 NmcRatCor  DIS data with   1.69< Q2 < 0.500D+03 and 0.000 < xB < 1.000 and   3.00< W2 < 0.100D+04 and 0.000 < y < 1.000
   WBArel smearing  (AV18) - KP free floating0 nuke corrections
   GP TMC applied
   HT corrections, multiplicative C=C(xB)
 Correlated errors treated separately from statistical errors
 H2_NC_em   DIS data with   1.69< Q2 < 0.100D+06 and 0.000 < xB < 1.000 and   3.00< W2 < 0.100D+08 and 0.000 < y < 1.000
   GP TMC applied
   HT corrections, multiplicative C=C(xB)
 Correlated errors treated separately from statistical errors
 H2_NC_ep_1 DIS data with   1.69< Q2 < 0.100D+06 and 0.000 < xB < 1.000 and   3.00< W2 < 0.100D+08 and 0.000 < y < 1.000
   GP TMC applied
   HT corrections, multiplicative C=C(xB)
 Correlated errors treated separately from statistical errors
 H2_NC_ep_2 DIS data with   1.69< Q2 < 0.100D+06 and 0.000 < xB < 1.000 and   3.00< W2 < 0.100D+08 and 0.000 < y < 1.000
   GP TMC applied
   HT corrections, multiplicative C=C(xB)
 Correlated errors treated separately from statistical errors
 H2_NC_ep_3 DIS data with   1.69< Q2 < 0.100D+06 and 0.000 < xB < 1.000 and   3.00< W2 < 0.100D+08 and 0.000 < y < 1.000
   GP TMC applied
   HT corrections, multiplicative C=C(xB)
 Correlated errors treated separately from statistical errors
 H2_NC_ep_4 DIS data with   1.69< Q2 < 0.100D+06 and 0.000 < xB < 1.000 and   3.00< W2 < 0.100D+08 and 0.000 < y < 1.000
   GP TMC applied
   HT corrections, multiplicative C=C(xB)
 Correlated errors treated separately from statistical errors
 H2_CC_em   DIS data with   1.69< Q2 < 0.100D+06 and 0.000 < xB < 1.000 and   3.00< W2 < 0.100D+08 and 0.000 < y < 1.000
   GP TMC applied
   HT corrections, multiplicative C=C(xB)
 Correlated errors treated separately from statistical errors
 H2_CC_ep   DIS data with   1.69< Q2 < 0.100D+06 and 0.000 < xB < 1.000 and   3.00< W2 < 0.100D+08 and 0.000 < y < 1.000
   GP TMC applied
   HT corrections, multiplicative C=C(xB)
 Correlated errors added in quadrature with statistical errors
 BNS_F2nd   DIS data with   1.69< Q2 < 0.100D+06 and 0.000 < xB < 1.000 and   3.00< W2 < 0.100D+08 and 0.000 < y < 1.000
   WBArel smearing  (AV18) - KP free floating0 nuke corrections
   GP TMC applied
   HT corrections, multiplicative C=C(xB)
 Correlated errors added in quadrature with statistical errors
 e866pp06xf vector boson data with Q2 >=  36.00
 Correlated errors added in quadrature with statistical errors
 e866pd06xf vector boson data with Q2 >=  36.00
 Correlated errors added in quadrature with statistical errors
 CDF_Z      vector boson data with Q2 >=   0.00
 Correlated errors added in quadrature with statistical errors
 D0_Z       vector boson data with Q2 >=   0.00
 Correlated errors added in quadrature with statistical errors
 d0run2coneJet data - errors added in quadrature
 Correlated errors added in quadrature with statistical errors
 CDFrun2jetJet data - errors added in quadrature
 Correlated errors added in quadrature with statistical errors
 d0_gamjet1 Photon data -- cuts to be written yet ...
 Correlated errors added in quadrature with statistical errors
 d0_gamjet2 Photon data -- cuts to be written yet ...
 Correlated errors added in quadrature with statistical errors
 d0_gamjet3 Photon data -- cuts to be written yet ...
 Correlated errors added in quadrature with statistical errors
 d0_gamjet4 Photon data -- cuts to be written yet ...

# fitpack15: fit output
# CJ15 AV18 final data choices                                                 

Parametrization   7 used here

 S-ACOT scheme used  for NC DIS

 charm mass =     1.30 GeV     bottom mass =     4.50 GeV



 THIS IS A NEXT TO LEADING ORDER FIT

 Q02=    1.69
         1  LAMBDA      VALUE=   0.22680      WEIGHT=    0.0000    
         2  a0uv        VALUE=    2.4169      WEIGHT=    0.0000    
         3  a1uv        VALUE=   0.61635      WEIGHT=   0.20395E-01
         4  a2uv        VALUE=    3.5428      WEIGHT=   0.12297E-01
         5  a3uv        VALUE=    0.0000      WEIGHT=    0.0000    
         6  a4uv        VALUE=    3.4395      WEIGHT=   0.43683    
         7  a5uv        VALUE=    0.0000      WEIGHT=    0.0000    
         8  a0dv        VALUE=    24.544      WEIGHT=    0.0000    
         9  a1dv        VALUE=    1.1585      WEIGHT=   0.33842E-01
        10  a2dv        VALUE=    6.5538      WEIGHT=   0.15967    
        11  a3dv        VALUE=   -3.5001      WEIGHT=   0.87255E-01
        12  a4dv        VALUE=    4.6830      WEIGHT=   0.14394    
        13  a5dv        VALUE=    0.0000      WEIGHT=    0.0000    
        14  a0ud        VALUE=   0.14662      WEIGHT=   0.50263E-02
        15  a1ud        VALUE=  -0.20771      WEIGHT=   0.37519E-02
        16  a2ud        VALUE=    8.3632      WEIGHT=   0.18523    
        17  a3ud        VALUE=    0.0000      WEIGHT=    0.0000    
        18  a4ud        VALUE=    14.678      WEIGHT=    1.2107    
        19  a5ud        VALUE=    0.0000      WEIGHT=    0.0000    
        20  a0du        VALUE=    35712.      WEIGHT=    0.0000    
        21  a1du        VALUE=    4.0198      WEIGHT=   0.71322E-01
        22  a2du        VALUE=    20.251      WEIGHT=   0.86082    
        23  a3du        VALUE=    17.000      WEIGHT=    0.0000    
        24  a4du        VALUE=    50.601      WEIGHT=    9.0827    
        25  a0g         VALUE=    45.217      WEIGHT=    0.0000    
        26  a1g         VALUE=   0.60182      WEIGHT=   0.31731E-01
        27  a2g         VALUE=    6.4148      WEIGHT=    1.0043    
        28  a3g         VALUE=   -3.3037      WEIGHT=   0.13891    
        29  a4g         VALUE=    3.1575      WEIGHT=   0.30059    
        30  a5g         VALUE=    0.0000      WEIGHT=    0.0000    
        31  kappa       VALUE=   0.40000      WEIGHT=    0.0000    
        32  a6dv        VALUE=  -0.36574E-02  WEIGHT=   0.67517E-03
        33  a7dv        VALUE=    2.0000      WEIGHT=    0.0000    
        34  off1        VALUE=   -3.5009      WEIGHT=    1.4769    
        35  off2        VALUE=   0.56166E-01  WEIGHT=   0.58667E-01
        36  ht1         VALUE=   -3.2479      WEIGHT=   0.26672    
        37  ht2         VALUE=    1.9154      WEIGHT=   0.10687    
        38  ht3         VALUE=   -2.0748      WEIGHT=   0.22824E-01
        39  ht4         VALUE=    0.0000      WEIGHT=    0.0000    
        40  dummy40     VALUE=    0.0000      WEIGHT=    0.0000    
        41  dummy41     VALUE=    0.0000      WEIGHT=    0.0000    
        42  dummy42     VALUE=    0.0000      WEIGHT=    0.0000    
        43  dummy43     VALUE=    0.0000      WEIGHT=    0.0000    
        44  dummy44     VALUE=    0.0000      WEIGHT=    0.0000    
        45  dummy45     VALUE=    0.0000      WEIGHT=    0.0000    
        46  dummy46     VALUE=    0.0000      WEIGHT=    0.0000    
        47  dummy47     VALUE=    0.0000      WEIGHT=    0.0000    
        48  dummy48     VALUE=    0.0000      WEIGHT=    0.0000    
        49  dummy49     VALUE=    0.0000      WEIGHT=    0.0000    
        50  bcdmsh2     VALUE=   0.97285      WEIGHT=   0.48427E-02
        51  bcdmsd2     VALUE=   0.99317      WEIGHT=   0.57972E-02
        52  ccfr        VALUE=    1.0000      WEIGHT=    0.0000    
        53  nutev       VALUE=    1.0000      WEIGHT=    0.0000    
        54  zeus        VALUE=   0.97998      WEIGHT=    0.0000    
        55  h1          VALUE=    1.0162      WEIGHT=    0.0000    
        56  e605        VALUE=    1.0319      WEIGHT=    0.0000    
        57  NmcH2       VALUE=    1.0095      WEIGHT=   0.71200E-02
        58  ntv_nu      VALUE=    1.0000      WEIGHT=    0.0000    
        59  ntv_nubar   VALUE=    1.0000      WEIGHT=    0.0000    
        60  cdf_jet     VALUE=   0.98910      WEIGHT=    0.0000    
        61  d0_jet      VALUE=   0.83504      WEIGHT=    0.0000    
        62  slac_p      VALUE=    1.0048      WEIGHT=   0.48232E-02
        63  slac_d      VALUE=    1.0042      WEIGHT=   0.52625E-02
        64  e866pp      VALUE=   0.96438      WEIGHT=   0.19188E-01
        65  e866pd      VALUE=   0.96857      WEIGHT=   0.16516E-01
        66  d0_gamjet   VALUE=    1.0391      WEIGHT=   0.16482E-01
        67  h1b         VALUE=   0.97608      WEIGHT=    0.0000    
        68  jlab_p      VALUE=   0.99439      WEIGHT=    0.0000    
        69  jlab_d      VALUE=   0.97560      WEIGHT=    0.0000    
        70  blank       VALUE=    1.0000      WEIGHT=    0.0000    
        71  d0run2      VALUE=   0.94153      WEIGHT=   0.14203E-01
        72  cdfrun2     VALUE=   0.92693      WEIGHT=   0.17236E-01
        73  HERA_el     VALUE=    1.0000      WEIGHT=    0.0000    
        74  HERA_ps     VALUE=    1.0000      WEIGHT=    0.0000    
        75  CDF_Z       VALUE=   0.96573      WEIGHT=   0.64152E-02
        76  NmcRat      VALUE=    1.0000      WEIGHT=    0.0000    
        77  BNS_F2nd    VALUE=   0.98244      WEIGHT=   0.67043E-02
        78  HERMES_F2p  VALUE=   0.99812      WEIGHT=   0.55759E-02
        79  HERMES_F2d  VALUE=   0.98034      WEIGHT=   0.58160E-02
0THE TOLERANCE IS    0.1000
 THE MAXIMUM NUMBER OF STEPS IS 100
0THE INITIAL CHI SQUARED IS  4.32894E+03
0  STEP  CHI SQUARED    PARAMETER      VALUE         ERROR
 ------------------------------------------------------------
     1    4.32088E+03
                       1  LAMBDA     2.2680E-01       FIX 
                       2  a0uv       2.4190E+00       FIX 
                       3  a1uv       6.1578E-01           
                       4  a2uv       3.5575E+00           
                       5  a3uv       0.0000E+00       FIX 
                       6  a4uv       3.4461E+00           
                       7  a5uv       0.0000E+00       FIX 
                       8  a0dv       2.2424E+01       FIX 
                       9  a1dv       1.1317E+00           
                      10  a2dv       6.5451E+00           
                      11  a3dv      -3.5698E+00           
                      12  a4dv       4.9127E+00           
                      13  a5dv       0.0000E+00       FIX 
                      14  a0ud       1.4491E-01           
                      15  a1ud      -2.0883E-01           
                      16  a2ud       8.5069E+00           
                      17  a3ud       0.0000E+00       FIX 
                      18  a4ud       1.5278E+01           
                      19  a5ud       0.0000E+00       FIX 
                      20  a0du       3.5712E+04       FIX 
                      21  a1du       3.9548E+00           
                      22  a2du       2.0393E+01           
                      23  a3du       1.7000E+01       FIX 
                      24  a4du       4.0252E+01           
                      25  a0g        4.6107E+01       FIX 
                      26  a1g        6.0795E-01           
                      27  a2g        6.8164E+00           
                      28  a3g       -3.3012E+00           
                      29  a4g        3.2466E+00           
                      30  a5g        0.0000E+00       FIX 
                      31  kappa      4.0000E-01       FIX 
                      32  a6dv      -5.5656E-03           
                      33  a7dv       2.0000E+00       FIX 
                      34  off1      -1.0095E+00           
                      35  off2       5.0262E-02           
                      36  ht1       -3.7943E+00           
                      37  ht2        2.0607E+00           
                      38  ht3       -2.0685E+00           
                      39  ht4        0.0000E+00       FIX 
                      40  dummy40    0.0000E+00       FIX 
                      41  dummy41    0.0000E+00       FIX 
                      42  dummy42    0.0000E+00       FIX 
                      43  dummy43    0.0000E+00       FIX 
                      44  dummy44    0.0000E+00       FIX 
                      45  dummy45    0.0000E+00       FIX 
                      46  dummy46    0.0000E+00       FIX 
                      47  dummy47    0.0000E+00       FIX 
                      48  dummy48    0.0000E+00       FIX 
                      49  dummy49    0.0000E+00       FIX 
                      50  bcdmsh2    9.6937E-01           
                      51  bcdmsd2    9.9076E-01           
                      52  ccfr       1.0000E+00       FIX 
                      53  nutev      1.0000E+00       FIX 
                      54  zeus       9.7998E-01       FIX 
                      55  h1         1.0162E+00       FIX 
                      56  e605       1.0319E+00       FIX 
                      57  NmcH2      1.0064E+00           
                      58  ntv_nu     1.0000E+00       FIX 
                      59  ntv_nuba   1.0000E+00       FIX 
                      60  cdf_jet    9.8910E-01       FIX 
                      61  d0_jet     8.3504E-01       FIX 
                      62  slac_p     1.0011E+00           
                      63  slac_d     1.0011E+00           
                      64  e866pp     9.4560E-01           
                      65  e866pd     9.5450E-01           
                      66  d0_gamje   1.0368E+00           
                      67  h1b        9.7608E-01       FIX 
                      68  jlab_p     9.9439E-01       FIX 
                      69  jlab_d     9.7560E-01       FIX 
                      70  blank      1.0000E+00       FIX 
                      71  d0run2     9.4288E-01           
                      72  cdfrun2    9.2912E-01           
                      73  HERA_el    1.0000E+00       FIX 
                      74  HERA_ps    1.0000E+00       FIX 
                      75  CDF_Z      9.6360E-01           
                      76  NmcRat     1.0000E+00       FIX 
                      77  BNS_F2nd   9.8887E-01           
                      78  HERMES_F   9.9463E-01           
                      79  HERMES_F   9.7743E-01           
 ------------------------------------------------------------
     2    4.31191E+03
                       1  LAMBDA     2.2680E-01       FIX 
                       2  a0uv       2.3678E+00       FIX 
                       3  a1uv       6.1140E-01           
                       4  a2uv       3.5660E+00           
                       5  a3uv       0.0000E+00       FIX 
                       6  a4uv       3.5847E+00           
                       7  a5uv       0.0000E+00       FIX 
                       8  a0dv       2.0155E+01       FIX 
                       9  a1dv       1.0970E+00           
                      10  a2dv       6.5461E+00           
                      11  a3dv      -3.6369E+00           
                      12  a4dv       5.1354E+00           
                      13  a5dv       0.0000E+00       FIX 
                      14  a0ud       1.4189E-01           
                      15  a1ud      -2.1094E-01           
                      16  a2ud       8.6473E+00           
                      17  a3ud       0.0000E+00       FIX 
                      18  a4ud       1.6305E+01           
                      19  a5ud       0.0000E+00       FIX 
                      20  a0du       3.5712E+04       FIX 
                      21  a1du       3.9441E+00           
                      22  a2du       2.0447E+01           
                      23  a3du       1.7000E+01       FIX 
                      24  a4du       4.3473E+01           
                      25  a0g        4.7989E+01       FIX 
                      26  a1g        6.1050E-01           
                      27  a2g        6.9335E+00           
                      28  a3g       -3.3952E+00           
                      29  a4g        3.4417E+00           
                      30  a5g        0.0000E+00       FIX 
                      31  kappa      4.0000E-01       FIX 
                      32  a6dv      -6.7195E-03           
                      33  a7dv       2.0000E+00       FIX 
                      34  off1       9.5331E-02           
                      35  off2       2.4276E-02           
                      36  ht1       -3.8990E+00           
                      37  ht2        2.0828E+00           
                      38  ht3       -2.0807E+00           
                      39  ht4        0.0000E+00       FIX 
                      40  dummy40    0.0000E+00       FIX 
                      41  dummy41    0.0000E+00       FIX 
                      42  dummy42    0.0000E+00       FIX 
                      43  dummy43    0.0000E+00       FIX 
                      44  dummy44    0.0000E+00       FIX 
                      45  dummy45    0.0000E+00       FIX 
                      46  dummy46    0.0000E+00       FIX 
                      47  dummy47    0.0000E+00       FIX 
                      48  dummy48    0.0000E+00       FIX 
                      49  dummy49    0.0000E+00       FIX 
                      50  bcdmsh2    9.6902E-01           
                      51  bcdmsd2    9.9068E-01           
                      52  ccfr       1.0000E+00       FIX 
                      53  nutev      1.0000E+00       FIX 
                      54  zeus       9.7998E-01       FIX 
                      55  h1         1.0162E+00       FIX 
                      56  e605       1.0319E+00       FIX 
                      57  NmcH2      1.0069E+00           
                      58  ntv_nu     1.0000E+00       FIX 
                      59  ntv_nuba   1.0000E+00       FIX 
                      60  cdf_jet    9.8910E-01       FIX 
                      61  d0_jet     8.3504E-01       FIX 
                      62  slac_p     1.0013E+00           
                      63  slac_d     1.0014E+00           
                      64  e866pp     9.4541E-01           
                      65  e866pd     9.5862E-01           
                      66  d0_gamje   1.0370E+00           
                      67  h1b        9.7608E-01       FIX 
                      68  jlab_p     9.9439E-01       FIX 
                      69  jlab_d     9.7560E-01       FIX 
                      70  blank      1.0000E+00       FIX 
                      71  d0run2     9.4365E-01           
                      72  cdfrun2    9.3018E-01           
                      73  HERA_el    1.0000E+00       FIX 
                      74  HERA_ps    1.0000E+00       FIX 
                      75  CDF_Z      9.6155E-01           
                      76  NmcRat     1.0000E+00       FIX 
                      77  BNS_F2nd   9.8400E-01           
                      78  HERMES_F   9.9476E-01           
                      79  HERMES_F   9.7772E-01           
 ------------------------------------------------------------
     3    4.31188E+03
                       1  LAMBDA     2.2680E-01    0.0000E+00
                       2  a0uv       2.3190E+00    0.0000E+00
                       3  a1uv       6.0673E-01    2.7465E-02
                       4  a2uv       3.5690E+00    1.6382E-02
                       5  a3uv       0.0000E+00    0.0000E+00
                       6  a4uv       3.6967E+00    6.3824E-01
                       7  a5uv       0.0000E+00    0.0000E+00
                       8  a0dv       2.0349E+01    0.0000E+00
                       9  a1dv       1.0978E+00    6.6595E-02
                      10  a2dv       6.5771E+00    2.1952E-01
                      11  a3dv      -3.6476E+00    1.1992E-01
                      12  a4dv       5.1506E+00    3.2741E-01
                      13  a5dv       0.0000E+00    0.0000E+00
                      14  a0ud       1.4132E-01    5.6836E-03
                      15  a1ud      -2.1131E-01    4.3007E-03
                      16  a2ud       8.6675E+00    2.4815E-01
                      17  a3ud       0.0000E+00    0.0000E+00
                      18  a4ud       1.6474E+01    1.8052E+00
                      19  a5ud       0.0000E+00    0.0000E+00
                      20  a0du       3.5712E+04    0.0000E+00
                      21  a1du       3.9501E+00    8.6055E-02
                      22  a2du       2.0589E+01    9.6590E-01
                      23  a3du       1.7000E+01    0.0000E+00
                      24  a4du       4.4278E+01    8.1126E+00
                      25  a0g        4.7956E+01    0.0000E+00
                      26  a1g        6.1001E-01    3.3657E-02
                      27  a2g        6.8132E+00    1.0475E+00
                      28  a3g       -3.4038E+00    1.5146E-01
                      29  a4g        3.4319E+00    3.8798E-01
                      30  a5g        0.0000E+00    0.0000E+00
                      31  kappa      4.0000E-01    0.0000E+00
                      32  a6dv      -6.9349E-03    2.6338E-03
                      33  a7dv       2.0000E+00    0.0000E+00
                      34  off1       4.7327E-01    1.9474E+00
                      35  off2       4.9022E-01    7.0720E-01
                      36  ht1       -3.8862E+00    3.5205E-01
                      37  ht2        2.0817E+00    1.2432E-01
                      38  ht3       -2.0866E+00    2.7350E-02
                      39  ht4        0.0000E+00    0.0000E+00
                      40  dummy40    0.0000E+00    0.0000E+00
                      41  dummy41    0.0000E+00    0.0000E+00
                      42  dummy42    0.0000E+00    0.0000E+00
                      43  dummy43    0.0000E+00    0.0000E+00
                      44  dummy44    0.0000E+00    0.0000E+00
                      45  dummy45    0.0000E+00    0.0000E+00
                      46  dummy46    0.0000E+00    0.0000E+00
                      47  dummy47    0.0000E+00    0.0000E+00
                      48  dummy48    0.0000E+00    0.0000E+00
                      49  dummy49    0.0000E+00    0.0000E+00
                      50  bcdmsh2    9.6877E-01    5.0963E-03
                      51  bcdmsd2    9.9063E-01    6.0210E-03
                      52  ccfr       1.0000E+00    0.0000E+00
                      53  nutev      1.0000E+00    0.0000E+00
                      54  zeus       9.7998E-01    0.0000E+00
                      55  h1         1.0162E+00    0.0000E+00
                      56  e605       1.0319E+00    0.0000E+00
                      57  NmcH2      1.0068E+00    7.3638E-03
                      58  ntv_nu     1.0000E+00    0.0000E+00
                      59  ntv_nuba   1.0000E+00    0.0000E+00
                      60  cdf_jet    9.8910E-01    0.0000E+00
                      61  d0_jet     8.3504E-01    0.0000E+00
                      62  slac_p     1.0011E+00    5.2596E-03
                      63  slac_d     1.0014E+00    5.7575E-03
                      64  e866pp     9.4789E-01    2.2882E-02
                      65  e866pd     9.5862E-01    1.9474E-02
                      66  d0_gamje   1.0372E+00    1.6509E-02
                      67  h1b        9.7608E-01    0.0000E+00
                      68  jlab_p     9.9439E-01    0.0000E+00
                      69  jlab_d     9.7560E-01    0.0000E+00
                      70  blank      1.0000E+00    0.0000E+00
                      71  d0run2     9.4458E-01    1.4533E-02
                      72  cdfrun2    9.3100E-01    1.7431E-02
                      73  HERA_el    1.0000E+00    0.0000E+00
                      74  HERA_ps    1.0000E+00    0.0000E+00
                      75  CDF_Z      9.6016E-01    6.6323E-03
                      76  NmcRat     1.0000E+00    0.0000E+00
                      77  BNS_F2nd   9.8096E-01    1.1231E-02
                      78  HERMES_F   9.9455E-01    5.9184E-03
                      79  HERMES_F   9.7764E-01    6.1972E-03
0 MINIMIZATION TERMINATED WITH STEP  3
  TOLERANCE CRITERION      SATISFIED
0 CHI SQUARED PER DEGREE OF FREEDOM IS  1.034E+00
   1.000 -0.409 -0.982  0.101 -0.024  0.012 -0.150  0.462  0.412 -0.302 -0.447 -0.272 -0.410 -0.233  0.199  0.055 -0.021 -0.015  0.042  0.120 -0.077  0.157 -0.279 -0.029  0.230  0.218  0.109  0.198  0.216 -0.580 -0.241  0.092 -0.090 -0.091  0.446 -0.012  0.188  0.192
  -0.409  1.000  0.545  0.035  0.403 -0.297  0.241 -0.204 -0.201  0.383  0.308  0.132  0.195  0.129  0.064  0.223 -0.025  0.158 -0.492  0.405 -0.191 -0.391  0.286  0.210  0.142  0.062  0.073  0.087  0.037  0.286  0.134  0.013 -0.052 -0.030 -0.111 -0.216  0.097  0.055
  -0.982  0.545  1.000 -0.104  0.077 -0.063  0.192 -0.458 -0.415  0.366  0.489  0.260  0.430  0.242 -0.158  0.011  0.017  0.047 -0.097 -0.054  0.084 -0.213  0.308  0.088 -0.118 -0.138 -0.044 -0.084 -0.122  0.630  0.305 -0.073  0.044  0.055 -0.380 -0.056 -0.088 -0.105
   0.101  0.035 -0.104  1.000  0.723  0.099 -0.710  0.384  0.348 -0.496 -0.597  0.626 -0.260  0.494  0.186  0.015  0.023 -0.055  0.389 -0.128 -0.439 -0.124  0.012  0.143  0.073 -0.017 -0.061  0.040 -0.067 -0.002 -0.464  0.017  0.024 -0.003  0.121  0.364  0.040 -0.040
  -0.024  0.403  0.077  0.723  1.000 -0.510 -0.089  0.076  0.055 -0.068 -0.154  0.329 -0.033  0.332  0.202  0.097 -0.144  0.117 -0.136  0.300 -0.445 -0.002 -0.120  0.033  0.096  0.016  0.042  0.031 -0.084  0.079 -0.205  0.020  0.053  0.011  0.046  0.066  0.048 -0.030
   0.012 -0.297 -0.063  0.099 -0.510  1.000 -0.709  0.368  0.358 -0.342 -0.455  0.337 -0.110  0.042 -0.144 -0.188  0.313 -0.310  0.407 -0.413  0.073 -0.002  0.053  0.027 -0.081 -0.110 -0.198 -0.054 -0.066 -0.070 -0.324  0.000 -0.026 -0.004 -0.022  0.212 -0.096 -0.106
  -0.150  0.241  0.192 -0.710 -0.089 -0.709  1.000 -0.530 -0.496  0.693  0.781 -0.645  0.366 -0.354 -0.057  0.120 -0.169  0.207 -0.560  0.279  0.200  0.103 -0.103 -0.112  0.025  0.117  0.188  0.022  0.120  0.104  0.537 -0.024 -0.028 -0.019 -0.020 -0.253  0.049  0.122
   0.462 -0.204 -0.458  0.384  0.076  0.368 -0.530  1.000  0.974 -0.539 -0.832  0.255 -0.315  0.016 -0.034 -0.084  0.211 -0.193  0.210 -0.025 -0.150 -0.010 -0.059  0.049  0.177  0.121  0.063  0.154  0.108 -0.191 -0.296  0.088  0.033  0.016  0.322  0.102  0.139  0.097
   0.412 -0.201 -0.415  0.348  0.055  0.358 -0.496  0.974  1.000 -0.497 -0.790  0.236 -0.287  0.007 -0.135 -0.144  0.249 -0.239  0.196 -0.033 -0.139 -0.000 -0.060  0.028  0.131  0.085  0.046  0.105  0.065 -0.192 -0.294  0.076  0.050  0.029  0.265  0.102  0.094  0.058
  -0.302  0.383  0.366 -0.496 -0.068 -0.342  0.693 -0.539 -0.497  1.000  0.834 -0.473  0.546 -0.298 -0.081 -0.016 -0.203  0.149 -0.358  0.152  0.270  0.059  0.011 -0.149 -0.013  0.068  0.106  0.013  0.100  0.102  0.291 -0.018  0.054  0.035 -0.101 -0.231  0.039  0.107
  -0.447  0.308  0.489 -0.597 -0.154 -0.455  0.781 -0.832 -0.790  0.834  1.000 -0.462  0.493 -0.223 -0.079  0.035 -0.155  0.130 -0.340  0.089  0.299  0.069 -0.019 -0.109  0.034  0.116  0.163  0.086  0.183  0.339  0.589 -0.064 -0.065 -0.055 -0.069 -0.198  0.099  0.180
  -0.272  0.132  0.260  0.626  0.329  0.337 -0.645  0.255  0.236 -0.473 -0.462  1.000 -0.492  0.354  0.067 -0.067  0.078 -0.108  0.302 -0.165 -0.274 -0.160  0.163  0.134 -0.042 -0.128 -0.121 -0.029 -0.155  0.269 -0.293 -0.006  0.058  0.037 -0.116  0.241 -0.022 -0.145
  -0.410  0.195  0.430 -0.260 -0.033 -0.110  0.366 -0.315 -0.287  0.546  0.493 -0.492  1.000  0.082 -0.185 -0.000  0.109 -0.043 -0.190  0.065  0.099  0.077 -0.062 -0.008  0.059  0.027  0.086  0.065  0.032  0.328  0.275 -0.018 -0.067 -0.044 -0.078 -0.117  0.044  0.030
  -0.233  0.129  0.242  0.494  0.332  0.042 -0.354  0.016  0.007 -0.298 -0.223  0.354  0.082  1.000  0.120  0.224 -0.045  0.157  0.266 -0.234 -0.328 -0.232  0.233  0.281  0.108 -0.097  0.086  0.109 -0.117  0.301 -0.119  0.017 -0.017 -0.001 -0.100  0.247  0.101 -0.074
   0.199  0.064 -0.158  0.186  0.202 -0.144 -0.057 -0.034 -0.135 -0.081 -0.079  0.067 -0.185  0.120  1.000  0.713 -0.727  0.797  0.020  0.089 -0.079 -0.113  0.146  0.129  0.138  0.108 -0.016  0.170  0.146 -0.094 -0.079  0.052 -0.033 -0.002  0.100 -0.036  0.161  0.143
   0.055  0.223  0.011  0.015  0.097 -0.188  0.120 -0.084 -0.144 -0.016  0.035 -0.067 -0.000  0.224  0.713  1.000 -0.366  0.792 -0.097  0.082 -0.088 -0.354  0.363  0.400  0.189  0.172  0.095  0.261  0.262  0.061  0.120  0.044 -0.277 -0.137  0.107 -0.007  0.235  0.240
  -0.021 -0.025  0.017  0.023 -0.144  0.313 -0.169  0.211  0.249 -0.203 -0.155  0.078  0.109 -0.045 -0.727 -0.366  1.000 -0.839  0.048 -0.143 -0.076 -0.075 -0.103  0.194  0.105  0.095  0.103  0.104  0.117  0.195  0.122 -0.031 -0.321 -0.242  0.238  0.204  0.053  0.065
  -0.015  0.158  0.047 -0.055  0.117 -0.310  0.207 -0.193 -0.239  0.149  0.130 -0.108 -0.043  0.157  0.797  0.792 -0.839  1.000 -0.108  0.150  0.017 -0.174  0.324  0.096 -0.034 -0.027 -0.047  0.004 -0.001 -0.116 -0.040  0.044  0.089  0.117 -0.189 -0.164  0.029  0.028
   0.042 -0.492 -0.097  0.389 -0.136  0.407 -0.560  0.210  0.196 -0.358 -0.340  0.302 -0.190  0.266  0.020 -0.097  0.048 -0.108  1.000 -0.773  0.416 -0.236  0.197  0.218  0.050 -0.026 -0.042  0.056  0.027  0.009 -0.197  0.006 -0.067 -0.028  0.100  0.223  0.048  0.016
   0.120  0.405 -0.054 -0.128  0.300 -0.413  0.279 -0.025 -0.033  0.152  0.089 -0.165  0.065 -0.234  0.089  0.082 -0.143  0.150 -0.773  1.000 -0.331  0.131 -0.084 -0.148 -0.007  0.053  0.018  0.007 -0.029 -0.093  0.033  0.045  0.106  0.053 -0.114 -0.497 -0.007 -0.004
  -0.077 -0.191  0.084 -0.439 -0.445  0.073  0.200 -0.150 -0.139  0.270  0.299 -0.274  0.099 -0.328 -0.079 -0.088 -0.076  0.017  0.416 -0.331  1.000 -0.054  0.115  0.093  0.042  0.108  0.048  0.023  0.205  0.028  0.243  0.015 -0.073 -0.022  0.004 -0.448  0.051  0.143
   0.157 -0.391 -0.213 -0.124 -0.002 -0.002  0.103 -0.010 -0.000  0.059  0.069 -0.160  0.077 -0.232 -0.113 -0.354 -0.075 -0.174 -0.236  0.131 -0.054  1.000 -0.844 -0.601 -0.070 -0.047  0.010 -0.096 -0.099 -0.055  0.052 -0.014  0.165  0.068  0.059 -0.038 -0.089 -0.085
  -0.279  0.286  0.308  0.012 -0.120  0.053 -0.103 -0.059 -0.060  0.011 -0.019  0.163 -0.062  0.233  0.146  0.363 -0.103  0.324  0.197 -0.084  0.115 -0.844  1.000  0.348 -0.076 -0.079 -0.092  0.072  0.065  0.033 -0.088  0.016 -0.010  0.053 -0.279 -0.080  0.038  0.028
  -0.029  0.210  0.088  0.143  0.033  0.027 -0.112  0.049  0.028 -0.149 -0.109  0.134 -0.008  0.281  0.129  0.400  0.194  0.096  0.218 -0.148  0.093 -0.601  0.348  1.000  0.215  0.201  0.078  0.063  0.102  0.154  0.063  0.029 -0.293 -0.174  0.107  0.022  0.113  0.135
   0.230  0.142 -0.118  0.073  0.096 -0.081  0.025  0.177  0.131 -0.013  0.034 -0.042  0.059  0.108  0.138  0.189  0.105 -0.034  0.050 -0.007  0.042 -0.070 -0.076  0.215  1.000  0.532  0.423  0.728  0.648  0.374  0.455  0.072 -0.273 -0.233  0.596 -0.040  0.641  0.593
   0.218  0.062 -0.138 -0.017  0.016 -0.110  0.117  0.121  0.085  0.068  0.116 -0.128  0.027 -0.097  0.108  0.172  0.095 -0.027 -0.026  0.053  0.108 -0.047 -0.079  0.201  0.532  1.000  0.373  0.585  0.694  0.280  0.460  0.038 -0.238 -0.206  0.580  0.003  0.539  0.617
   0.109  0.073 -0.044 -0.061  0.042 -0.198  0.188  0.063  0.046  0.106  0.163 -0.121  0.086  0.086 -0.016  0.095  0.103 -0.047 -0.042  0.018  0.048  0.010 -0.092  0.078  0.423  0.373  1.000  0.479  0.463  0.328  0.449  0.035 -0.185 -0.160  0.441 -0.021  0.462  0.448
   0.198  0.087 -0.084  0.040  0.031 -0.054  0.022  0.154  0.105  0.013  0.086 -0.029  0.065  0.109  0.170  0.261  0.104  0.004  0.056  0.007  0.023 -0.096  0.072  0.063  0.728  0.585  0.479  1.000  0.827  0.469  0.560  0.072 -0.309 -0.261  0.647 -0.032  0.782  0.726
   0.216  0.037 -0.122 -0.067 -0.084 -0.066  0.120  0.108  0.065  0.100  0.183 -0.155  0.032 -0.117  0.146  0.262  0.117 -0.001  0.027 -0.029  0.205 -0.099  0.065  0.102  0.648  0.694  0.463  0.827  1.000  0.383  0.607  0.039 -0.324 -0.268  0.707  0.015  0.729  0.820
  -0.580  0.286  0.630 -0.002  0.079 -0.070  0.104 -0.191 -0.192  0.102  0.339  0.269  0.328  0.301 -0.094  0.061  0.195 -0.116  0.009 -0.093  0.028 -0.055  0.033  0.154  0.374  0.280  0.328  0.469  0.383  1.000  0.643 -0.026 -0.198 -0.164  0.213  0.037  0.424  0.361
  -0.241  0.134  0.305 -0.464 -0.205 -0.324  0.537 -0.296 -0.294  0.291  0.589 -0.293  0.275 -0.119 -0.079  0.120  0.122 -0.040 -0.197  0.033  0.243  0.052 -0.088  0.063  0.455  0.460  0.449  0.560  0.607  0.643  1.000 -0.019 -0.261 -0.214  0.417 -0.126  0.509  0.569
   0.092  0.013 -0.073  0.017  0.020  0.000 -0.024  0.088  0.076 -0.018 -0.064 -0.006 -0.018  0.017  0.052  0.044 -0.031  0.044  0.006  0.045  0.015 -0.014  0.016  0.029  0.072  0.038  0.035  0.072  0.039 -0.026 -0.019  1.000  0.005  0.005  0.037 -0.073  0.063  0.037
  -0.090 -0.052  0.044  0.024  0.053 -0.026 -0.028  0.033  0.050  0.054 -0.065  0.058 -0.067 -0.017 -0.033 -0.277 -0.321  0.089 -0.067  0.106 -0.073  0.165 -0.010 -0.293 -0.273 -0.238 -0.185 -0.309 -0.324 -0.198 -0.261  0.005  1.000  0.298 -0.342 -0.055 -0.267 -0.278
  -0.091 -0.030  0.055 -0.003  0.011 -0.004 -0.019  0.016  0.029  0.035 -0.055  0.037 -0.044 -0.001 -0.002 -0.137 -0.242  0.117 -0.028  0.053 -0.022  0.068  0.053 -0.174 -0.233 -0.206 -0.160 -0.261 -0.268 -0.164 -0.214  0.005  0.298  1.000 -0.293 -0.050 -0.228 -0.234
   0.446 -0.111 -0.380  0.121  0.046 -0.022 -0.020  0.322  0.265 -0.101 -0.069 -0.116 -0.078 -0.100  0.100  0.107  0.238 -0.189  0.100 -0.114  0.004  0.059 -0.279  0.107  0.596  0.580  0.441  0.647  0.707  0.213  0.417  0.037 -0.342 -0.293  1.000  0.191  0.601  0.652
  -0.012 -0.216 -0.056  0.364  0.066  0.212 -0.253  0.102  0.102 -0.231 -0.198  0.241 -0.117  0.247 -0.036 -0.007  0.204 -0.164  0.223 -0.497 -0.448 -0.038 -0.080  0.022 -0.040  0.003 -0.021 -0.032  0.015  0.037 -0.126 -0.073 -0.055 -0.050  0.191  1.000 -0.022  0.008
   0.188  0.097 -0.088  0.040  0.048 -0.096  0.049  0.139  0.094  0.039  0.099 -0.022  0.044  0.101  0.161  0.235  0.053  0.029  0.048 -0.007  0.051 -0.089  0.038  0.113  0.641  0.539  0.462  0.782  0.729  0.424  0.509  0.063 -0.267 -0.228  0.601 -0.022  1.000  0.663
   0.192  0.055 -0.105 -0.040 -0.030 -0.106  0.122  0.097  0.058  0.107  0.180 -0.145  0.030 -0.074  0.143  0.240  0.065  0.028  0.016 -0.004  0.143 -0.085  0.028  0.135  0.593  0.617  0.448  0.726  0.820  0.361  0.569  0.037 -0.278 -0.234  0.652  0.008  0.663  1.000

0                ***   ***   ***  ***   ***   ***



     X        Q2         W2       THEORY        error         DATA           ERROR        chi^2     _w    ITYPE
.2642E+00     1.749  0.575E+01   0.31932E+00   0.15386E-02   0.35200E+00    0.15967E-01   -4.19         HerF2pCut 
.3477E+00     2.672  0.589E+01   0.27248E+00   0.10870E-02   0.26900E+00    0.21553E-01    0.03         HerF2pCut 
.4605E+00     4.224  0.583E+01   0.18758E+00   0.71153E-03   0.17900E+00    0.82719E-02    1.08         HerF2pCut 
.6346E+00     8.688  0.588E+01   0.67391E-01   0.27046E-03   0.64000E-01    0.20197E-02    2.82         HerF2pCut 
.1661E+00     1.811  0.997E+01   0.34834E+00   0.13936E-02   0.37300E+00    0.15868E-01   -2.41         HerF2pCut 
.2104E+00     2.050  0.858E+01   0.34047E+00   0.13991E-02   0.35200E+00    0.11255E-01   -1.05         HerF2pCut 
.2722E+00     2.471  0.749E+01   0.31627E+00   0.12545E-02   0.32900E+00    0.13356E-01   -0.91         HerF2pCut 
.3620E+00     3.790  0.756E+01   0.25677E+00   0.95883E-03   0.26800E+00    0.65400E-02   -2.95         HerF2pCut 
.4900E+00     6.026  0.715E+01   0.15721E+00   0.58975E-03   0.15600E+00    0.20614E-02    0.34         HerF2pCut 
.6641E+00    12.778  0.734E+01   0.47407E-01   0.19919E-03   0.47000E-01    0.11510E-02    0.13         HerF2pCut 
.8850E-01     1.691  0.183E+02   0.34500E+00   0.14532E-02   0.35100E+00    0.65471E-02   -0.84         HerF2pCut 
.1082E+00     2.013  0.175E+02   0.35298E+00   0.13554E-02   0.36700E+00    0.10616E-01   -1.74         HerF2pCut 
.1334E+00     2.158  0.149E+02   0.35457E+00   0.12952E-02   0.35900E+00    0.87699E-02   -0.26         HerF2pCut 
.1662E+00     2.458  0.132E+02   0.35268E+00   0.12677E-02   0.36300E+00    0.56496E-02   -3.34         HerF2pCut 
.2105E+00     2.851  0.116E+02   0.34200E+00   0.12668E-02   0.35500E+00    0.89858E-02   -2.09         HerF2pCut 
.2724E+00     3.479  0.102E+02   0.31361E+00   0.11444E-02   0.31600E+00    0.59698E-02   -0.16         HerF2pCut 
.3622E+00     5.125  0.991E+01   0.24979E+00   0.91456E-03   0.25000E+00    0.48737E-02   -0.00         HerF2pCut 
.4957E+00     8.280  0.931E+01   0.14421E+00   0.54211E-03   0.14700E+00    0.34361E-02   -0.66         HerF2pCut 
.4960E-01     1.927  0.378E+02   0.33660E+00   0.16842E-02   0.32300E+00    0.10291E-01    1.75         HerF2pCut 
.7260E-01     1.928  0.255E+02   0.34581E+00   0.14615E-02   0.35200E+00    0.92339E-02   -0.45         HerF2pCut 
.8850E-01     2.080  0.223E+02   0.35225E+00   0.13792E-02   0.35400E+00    0.56414E-02   -0.10         HerF2pCut 
.1083E+00     2.490  0.214E+02   0.35881E+00   0.13115E-02   0.36400E+00    0.66975E-02   -0.60         HerF2pCut 
.1334E+00     2.795  0.190E+02   0.35921E+00   0.12586E-02   0.37200E+00    0.10462E-01   -1.49         HerF2pCut 
.1663E+00     3.195  0.169E+02   0.35477E+00   0.12446E-02   0.35800E+00    0.75972E-02   -0.18         HerF2pCut 
.2106E+00     3.709  0.148E+02   0.34151E+00   0.12357E-02   0.34300E+00    0.66523E-02   -0.05         HerF2pCut 
.2726E+00     4.527  0.130E+02   0.31017E+00   0.11119E-02   0.31500E+00    0.72683E-02   -0.44         HerF2pCut 
.3624E+00     6.797  0.128E+02   0.24288E+00   0.88739E-03   0.24200E+00    0.41919E-02    0.04         HerF2pCut 
.5038E+00    11.344  0.121E+02   0.13067E+00   0.49721E-03   0.13200E+00    0.25253E-02   -0.28         HerF2pCut 
.5970E-01     1.906  0.309E+02   0.34069E+00   0.15686E-02   0.33300E+00    0.51038E-02    2.27         HerF2pCut 
.7260E-01     2.276  0.300E+02   0.35314E+00   0.14256E-02   0.34600E+00    0.66232E-02    1.16         HerF2pCut 
.8850E-01     2.587  0.275E+02   0.35978E+00   0.13482E-02   0.35100E+00    0.55374E-02    2.51         HerF2pCut 
.1083E+00     3.071  0.262E+02   0.36355E+00   0.13050E-02   0.35500E+00    0.58272E-02    2.15         HerF2pCut 
.1335E+00     3.538  0.238E+02   0.36225E+00   0.12643E-02   0.35600E+00    0.44821E-02    1.94         HerF2pCut 
