# fitpack15: fit parameters                                                                         
# CJ15 AV18 final data choices                                                                      
# Created on 03/01/2019 at 10:26:34                                                                 

 # QCD setup
  INS                           0
  NVL                          11
  IORD                          1
  Q02                   1.6899999999999999     
  IPARAMC                       7
  FLAVOR                5.0000000000000000     
  xmc                   1.3000000000000000     
  xmb                   4.5000000000000000     
  ncb                          12
  ihq                           1
  ias                           0

 # Theory corrections
  inuke                     10814
  itmc                          1
  iht                           1

 # fit parameters
 LAMBDA       0.22680        0.0000    
 a0uv          2.1574        0.0000    
 a1uv         0.59130       0.30665E-01
 a2uv          3.5603       0.15444E-01
 a3uv          0.0000        0.0000    
 a4uv          4.0712       0.76575    
 a5uv          0.0000        0.0000    
 a0dv          19.515        0.0000    
 a1dv          1.0899       0.71012E-01
 a2dv          6.5619       0.20876    
 a3dv         -3.6235       0.12594    
 a4dv          5.1824       0.37493    
 a5dv          0.0000        0.0000    
 a0ud         0.13977       0.58025E-02
 a1ud        -0.21251       0.44105E-02
 a2ud          8.7424       0.25464    
 a3ud          0.0000        0.0000    
 a4ud          17.431        2.0393    
 a5ud          0.0000        0.0000    
 a0du          35712.        0.0000    
 a1du          3.9653       0.99765E-01
 a2du          20.619       0.98683    
 a3du          17.000        0.0000    
 a4du          44.578        11.597    
 a0g           49.078        0.0000    
 a1g          0.61374       0.34029E-01
 a2g           6.9275       0.98334    
 a3g          -3.4263       0.15470    
 a4g           3.4847       0.39736    
 a5g           0.0000        0.0000    
 kappa        0.40000        0.0000    
 a6dv        -0.41575E-02   0.27185E-02
 a7dv          2.0000        0.0000    
 off1         -4.2867        3.8394    
 off2        -0.23097E-02   0.92665E-01
 ht1          -3.4686       0.28232    
 ht2           1.9941       0.11504    
 ht3          -2.0754       0.20044E-01
 ht4           0.0000        0.0000    
 dummy40       0.0000        0.0000    
 dummy41       0.0000        0.0000    
 dummy42       0.0000        0.0000    
 dummy43       0.0000        0.0000    
 dummy44       0.0000        0.0000    
 dummy45       0.0000        0.0000    
 dummy46       0.0000        0.0000    
 dummy47       0.0000        0.0000    
 dummy48       0.0000        0.0000    
 dummy49       0.0000        0.0000    
 bcdmsh2      0.97101       0.49006E-02
 bcdmsd2      0.99271       0.58917E-02
 ccfr          1.0000        0.0000    
 nutev         1.0000        0.0000    
 zeus         0.97998        0.0000    
 h1            1.0162        0.0000    
 e605          1.0319        0.0000    
 NmcH2         1.0089       0.72502E-02
 ntv_nu        1.0000        0.0000    
 ntv_nubar     1.0000        0.0000    
 cdf_jet      0.98910        0.0000    
 d0_jet       0.83504        0.0000    
 slac_p        1.0026       0.48943E-02
 slac_d        1.0042       0.53773E-02
 e866pp       0.96579       0.24201E-01
 e866pd       0.97313       0.20207E-01
 d0_gamjet     1.0374       0.16685E-01
 h1b          0.97608        0.0000    
 jlab_p       0.99393       0.58712E-02
 jlab_d       0.97664       0.60546E-02
 blank         1.0000        0.0000    
 d0run2       0.94082       0.14145E-01
 cdfrun2      0.92823       0.17274E-01
 HERA_el       1.0000        0.0000    
 HERA_ps       1.0000        0.0000    
 CDF_Z        0.96242       0.74126E-02
 NmcRat        1.0000        0.0000    
 BNS_F2nd     0.98244        0.0000    
 HERMES_F2p   0.99663       0.56311E-02
 HERMES_F2d   0.98026       0.59014E-02
 END 0. 0.

 # Hessian matrix (Bevington alpha)
   0.45900079989060E+07 -0.12431892538089E+07  0.19228077653930E+06  0.76770842058694E+06 -0.15582776026942E+06  0.33229518108043E+05  0.82655385498254E+05  0.11015791336972E+07 -0.15691376245194E+06 -0.52942759838139E+05  0.79379025982881E+04  0.11902159409643E+05  0.13265906521195E+04 -0.20885363876279E+02  0.48524572406616E+05 -0.65080568929640E+04  0.40973655937420E+05  0.24087510454460E+05 -0.64963785078783E+07 -0.29289565348738E+04 -0.11090416253032E+06  0.43437660726424E+05  0.14539820571170E+06  0.48293689323319E+06 -0.12957812364591E+06 -0.54602207732353E+05 -0.47516830883606E+04 -0.85439374418248E+06 -0.10983380557045E+07 -0.20971900252637E+05 -0.46861337234471E+05 -0.31423439968844E+04 -0.20152559061065E+06 -0.22638146732618E+06 -0.91163054830703E+04 -0.32180741446036E+04 -0.16386418086602E+05 -0.72309491493615E+05 -0.56601078300577E+05
  -0.12431892538089E+07  0.40423649194944E+06 -0.53438486166703E+05 -0.17730607454388E+06  0.39910337838321E+05  0.17301182968175E+04 -0.15119277787825E+05 -0.14077891454647E+06  0.22429390395295E+05  0.76477956397604E+04 -0.97463820817284E+03 -0.77319437122978E+03 -0.88529867523771E+02  0.13378574120759E+01 -0.49974404988463E+04  0.57120416231962E+03 -0.42602114566465E+04 -0.23128652943587E+04  0.21505759767614E+07  0.97813279264828E+03  0.30281574109599E+05 -0.83467620427197E+04 -0.32234767211667E+05 -0.12521613678895E+06  0.16697954484423E+05  0.82152105918772E+04 -0.21894688318301E+03  0.21043046442697E+06  0.26400692043612E+06  0.58482673069348E+04  0.13206112151420E+05  0.42201572692105E+03  0.63729348709545E+05  0.71231303121845E+05  0.24356393876209E+04  0.77135539130007E+03 -0.22858776287579E+04  0.86104356647154E+04  0.71834980717351E+04
   0.19228077653930E+06 -0.53438486166703E+05  0.81269900635696E+04  0.31655638238828E+05 -0.65764397375113E+04  0.10538430697015E+04  0.33247734224784E+04  0.35478700080998E+05 -0.44776270148677E+04 -0.19499714492237E+04  0.26280819729506E+03  0.28754291859719E+03  0.40393669332943E+02 -0.11114607331024E+01  0.13245140875516E+04 -0.18830935256286E+03  0.11434391468174E+04  0.68530597747686E+03 -0.27962000392849E+06 -0.12645692797051E+03 -0.46788706066266E+04  0.17511404650855E+04  0.58804477760054E+04  0.20081126554397E+05 -0.50390626015682E+04 -0.21319716593693E+04  0.34385142090307E+02 -0.34848859848429E+05 -0.45027409271939E+05 -0.89265353186894E+03 -0.20017403152238E+04 -0.10833620135981E+03 -0.87233580884625E+04 -0.97875612560357E+04 -0.38106960330027E+03 -0.13278858218420E+03 -0.14481112299719E+02 -0.23596038102061E+04 -0.18949479039171E+04
   0.76770842058694E+06 -0.17730607454388E+06  0.31655638238828E+05  0.21511730571151E+06 -0.40145874125921E+05  0.17743150002649E+05  0.26814363376654E+05  0.27035184079645E+06 -0.39276851482348E+05 -0.13419575339692E+05  0.19468460874844E+04  0.10095175013248E+04  0.10011330747926E+03  0.47518270754990E+01  0.10266856361420E+05 -0.13597679678859E+04  0.79700192706220E+04  0.47674773733819E+04 -0.12683980220055E+07 -0.67599580515435E+03 -0.35031322236505E+05  0.17542458765139E+05  0.49734398261556E+05  0.17712462681845E+06 -0.13207233756885E+05 -0.21750624185776E+05 -0.18129255707798E+03 -0.67205143125823E+05 -0.34581701727406E+06 -0.14696570680757E+04 -0.24689408844013E+04 -0.73536660904603E+02 -0.11626929194753E+05 -0.51923297856435E+05 -0.25142320807164E+04 -0.98146302751123E+03 -0.11045549631261E+05 -0.75295273762889E+04 -0.22137238594704E+05
  -0.15582776026942E+06  0.39910337838321E+05 -0.65764397375113E+04 -0.40145874125921E+05  0.82667061324723E+04 -0.16817382392861E+04 -0.45100637180297E+04 -0.25054498429979E+05  0.17258461606505E+04  0.18139849441915E+04 -0.20153242762161E+03 -0.20352167994246E+03 -0.15612945052855E+02 -0.71805170382421E+00 -0.99291969611467E+03  0.12616106557498E+03 -0.75869963120076E+03 -0.44197032397284E+03  0.29216646552300E+06  0.16121478101804E+03  0.70148350576471E+04 -0.30879349584055E+04 -0.87761989696813E+04 -0.33254152195489E+05  0.20166289013854E+04  0.33863241686851E+04 -0.49177936834705E+02  0.11952685050692E+05  0.62841575099142E+05  0.34853015346528E+03  0.57074264757841E+03  0.92772949563080E+01  0.29210004365633E+04  0.12891563498818E+05  0.47443766303858E+03  0.17576473028367E+03  0.44126256492833E+03  0.83320195590434E+03  0.25491365071243E+04
   0.33229518108043E+05  0.17301182968175E+04  0.10538430697015E+04  0.17743150002649E+05 -0.16817382392861E+04  0.51967696747335E+04  0.34238114680044E+04  0.67848267708528E+05 -0.12041196806085E+05 -0.25289669853387E+04  0.46759682698485E+03  0.10680259190535E+03  0.16001981075171E+02  0.15253439853019E+01  0.21595098073165E+04 -0.32957159915838E+03  0.17060070496117E+04  0.11139494586981E+04  0.25338824203145E+05  0.26422053041167E+02 -0.18571448920693E+04  0.17782178516731E+04  0.49641470078663E+04  0.13227880400210E+05 -0.21431864475697E+04 -0.32765151707448E+04  0.78890147311740E+02 -0.64791986274022E+04 -0.30559941592869E+05  0.36514041247701E+02  0.34745735536366E+02 -0.15794783308491E+02  0.50628802186837E+03  0.20646156070379E+04 -0.17930069826498E+03 -0.96348879426675E+02 -0.30479630419227E+04 -0.16374449510585E+04 -0.46445028815769E+04
   0.82655385498254E+05 -0.15119277787825E+05  0.33247734224784E+04  0.26814363376654E+05 -0.45100637180297E+04  0.34238114680044E+04  0.38596767934706E+04  0.38564817841631E+05 -0.47536942721319E+04 -0.20213382616982E+04  0.28857522755945E+03  0.15929584346367E+03  0.15619298557361E+02  0.10108354021248E+01  0.12264110655184E+04 -0.18466331057311E+03  0.90000684124772E+03  0.58991853162728E+03 -0.10325762786387E+06 -0.52131826917249E+02 -0.39967766365920E+04  0.22730910567472E+04  0.63168130754100E+04  0.20810022198316E+05 -0.20719043204005E+04 -0.32414048043220E+04  0.10127398923341E+03 -0.83256290100363E+04 -0.42794681737191E+05 -0.13668945739020E+03 -0.22427545429159E+03 -0.11479508829107E+02 -0.81853965074153E+03 -0.37590312533632E+04 -0.30008307281281E+03 -0.12707993918626E+03 -0.13172936819953E+04 -0.10229065451987E+04 -0.30113430928738E+04
   0.11015791336972E+07 -0.14077891454647E+06  0.35478700080998E+05  0.27035184079645E+06 -0.25054498429979E+05  0.67848267708528E+05  0.38564817841631E+05  0.54636105403025E+07 -0.24612208924152E+07 -0.85358454215666E+05  0.23734240235708E+05  0.33260017750093E+05  0.21825739415909E+04  0.10028531916665E+03  0.71488100382701E+05 -0.92458388744570E+04  0.67397730471654E+05  0.36902384344508E+05 -0.37604591390381E+06  0.17610282918160E+03 -0.17311320542900E+05  0.31478220751208E+05  0.97629915464369E+05  0.25756702980434E+06 -0.61746566527804E+05 -0.49971127909846E+05 -0.71414577892255E+05 -0.29015574971626E+06 -0.57165555178013E+06 -0.75925769762974E+05 -0.16867322972648E+06 -0.13775407595980E+04 -0.48986465409548E+04 -0.98014283434562E+04  0.38419775845568E+03  0.31345164489727E+03 -0.28063768603192E+06 -0.14527418932557E+06 -0.18099523046357E+06
  -0.15691376245194E+06  0.22429390395295E+05 -0.44776270148677E+04 -0.39276851482348E+05  0.17258461606505E+04 -0.12041196806085E+05 -0.47536942721319E+04 -0.24612208924152E+07  0.19331852730164E+07  0.19477905986264E+05 -0.61093663765143E+04 -0.63953050518907E+04 -0.33157238069890E+03 -0.25663436080907E+02  0.46264349649769E+05 -0.20505585938421E+04  0.13305967856039E+05  0.63359612965419E+04  0.87033813636269E+04 -0.87191142028259E+02  0.67806200777939E+03 -0.68642834934277E+04 -0.21880338671322E+05 -0.56949299949064E+05  0.11167976093059E+05  0.10701479073911E+05  0.24733615544443E+05  0.65461629470216E+05  0.12504734528669E+06  0.23259100384916E+05  0.51827686435218E+05  0.17605793206603E+03  0.52177136397700E+03  0.10744416511626E+04 -0.12793060113917E+04 -0.70649969057408E+03  0.11384626507419E+06  0.44933482335802E+05  0.55473492179061E+05
  -0.52942759838139E+05  0.76477956397604E+04 -0.19499714492237E+04 -0.13419575339692E+05  0.18139849441915E+04 -0.25289669853387E+04 -0.20213382616982E+04 -0.85358454215666E+05  0.19477905986264E+05  0.23989324997508E+04 -0.52297889202543E+03 -0.81578117255892E+03 -0.69608445853728E+02 -0.72116236306568E+00 -0.32690941549554E+04  0.40276723764336E+03 -0.25977634813114E+04 -0.15014241670825E+04  0.34505700359099E+05  0.85156361784602E+01  0.13562559272172E+04 -0.11875167539604E+04 -0.35149208905024E+04 -0.97397651530192E+04  0.26346129152425E+04  0.18253919452536E+04  0.73124212148535E+03  0.10466493092030E+05  0.21737734737025E+05  0.14847061805542E+04  0.32250066901102E+04  0.42232496864367E+02  0.46644755491346E+03  0.89893287997269E+03  0.12215008893259E+03  0.54942158731776E+02  0.31424497484843E+04  0.27747070761584E+04  0.35355339392523E+04
   0.79379025982881E+04 -0.97463820817284E+03  0.26280819729506E+03  0.19468460874844E+04 -0.20153242762161E+03  0.46759682698485E+03  0.28857522755945E+03  0.23734240235708E+05 -0.61093663765143E+04 -0.52297889202543E+03  0.13533045674435E+03  0.21904661025523E+03  0.15488879996645E+02  0.45738292918225E+00  0.95493256146375E+03 -0.10423765897498E+03  0.72914020815592E+03  0.40082586974317E+03 -0.32285488687062E+04  0.61685616253676E+00 -0.14095401501151E+03  0.19520798300582E+03  0.59968251073023E+03  0.15859647566917E+04 -0.41008341120998E+03 -0.31265978644412E+03 -0.31736982815074E+03 -0.17778080904277E+04 -0.35406580632466E+04 -0.39329355376743E+03 -0.87318670398133E+03 -0.97518186484543E+01 -0.34556620347402E+02 -0.69039119622510E+02 -0.10971392053081E+02 -0.52218972899481E+01 -0.10767717735006E+04 -0.75101177368589E+03 -0.94179487153053E+03
   0.11902159409643E+05 -0.77319437122978E+03  0.28754291859719E+03  0.10095175013248E+04 -0.20352167994246E+03  0.10680259190535E+03  0.15929584346367E+03  0.33260017750093E+05 -0.63953050518907E+04 -0.81578117255892E+03  0.21904661025523E+03  0.20245804560623E+04  0.12335396368298E+03  0.15206008815404E+01  0.21480072880476E+04 -0.27943513088624E+03  0.19842121641604E+04  0.11308461022500E+04 -0.62819341345051E+04 -0.62903771813033E+01 -0.49589867670715E+02 -0.77276901246679E+02 -0.26521975609667E+02 -0.15547743504248E+04 -0.11603554592436E+04  0.36699496331689E-10 -0.86491456898328E+03 -0.53389889557205E+04 -0.46039054825522E-09 -0.27245963942057E+04 -0.64616247543857E+02 -0.88331334205830E+02 -0.14110261996070E+00  0.15332814733832E-09 -0.19051542623799E+01 -0.82484847010479E+00  0.33342596637969E+03 -0.30732885685596E+04  0.22899681746857E-10
   0.13265906521195E+04 -0.88529867523771E+02  0.40393669332943E+02  0.10011330747926E+03 -0.15612945052855E+02  0.16001981075171E+02  0.15619298557361E+02  0.21825739415909E+04 -0.33157238069890E+03 -0.69608445853728E+02  0.15488879996645E+02  0.12335396368298E+03  0.10344041371181E+02 -0.58210302552972E-01  0.12890700612075E+03 -0.18969816914795E+02  0.12191678166571E+03  0.74064862861336E+02 -0.40489671290336E+03 -0.37736557220643E+00  0.86740447860033E+01 -0.37132599909884E+01  0.70151492261276E+01 -0.12899502131335E+03 -0.16692150990545E+03  0.30591903005257E-11 -0.31720791340670E+02 -0.60369935635243E+03 -0.34228319614164E-10 -0.16298457197645E+03 -0.16661665838283E+02 -0.67943186497176E+01 -0.10162529396923E+00 -0.21985630836902E-11 -0.19108318609805E+00 -0.74877143243202E-01  0.31815496663817E+02 -0.21178897101191E+03 -0.88789929698629E-11
  -0.20885363876279E+02  0.13378574120759E+01 -0.11114607331024E+01  0.47518270754990E+01 -0.71805170382421E+00  0.15253439853019E+01  0.10108354021248E+01  0.10028531916665E+03 -0.25663436080907E+02 -0.72116236306568E+00  0.45738292918225E+00  0.15206008815404E+01 -0.58210302552972E-01  0.55771100800919E-01  0.96012511017639E+01 -0.43936712884047E+00  0.41689002933705E+01  0.14956782875410E+01 -0.17299224935462E+02 -0.17758604436801E-01 -0.34273562280816E+01 -0.34290505459671E-01 -0.11001817152326E-01 -0.38863389388928E+00  0.66303367763332E-01  0.26273763265882E-12 -0.90576231652468E+01 -0.19298421300816E+01 -0.57992910645355E-11 -0.62119321055027E+01 -0.14186397674960E-03 -0.22649395079211E+00 -0.44159630869851E-11  0.40203994235039E-12 -0.28346624442026E-02 -0.15372936338721E-02 -0.17408580342369E+01 -0.59156978191264E+01  0.50447854398721E-13
   0.48524572406616E+05 -0.49974404988463E+04  0.13245140875516E+04  0.10266856361420E+05 -0.99291969611467E+03  0.21595098073165E+04  0.12264110655184E+04  0.71488100382701E+05  0.46264349649769E+05 -0.32690941549554E+04  0.95493256146375E+03  0.21480072880476E+04  0.12890700612075E+03  0.96012511017639E+01  0.45320132224383E+05 -0.41265048139866E+04  0.29535346587589E+05  0.15480174910730E+05 -0.27442675819093E+05  0.83693896330487E+01  0.44483845892832E+03 -0.14100630611129E+03 -0.44219924674979E+03 -0.44754148032156E+03 -0.27018498620637E+04 -0.17599188117832E+04 -0.24822386444863E+04  0.20230006033573E+04  0.43827942607002E+04 -0.15283532743759E+04 -0.29112029651058E+04 -0.72894602878735E+03  0.22668588280738E+03  0.41106553889430E+03 -0.28847437599395E+04 -0.15327937280913E+04 -0.24688417966762E+04 -0.88996606025864E+03 -0.99693376153001E+03
  -0.65080568929640E+04  0.57120416231962E+03 -0.18830935256286E+03 -0.13597679678859E+04  0.12616106557498E+03 -0.32957159915838E+03 -0.18466331057311E+03 -0.92458388744570E+04 -0.20505585938421E+04  0.40276723764336E+03 -0.10423765897498E+03 -0.27943513088624E+03 -0.18969816914795E+02 -0.43936712884047E+00 -0.41265048139866E+04  0.44312564498137E+03 -0.30694586515761E+04 -0.16847759605164E+04  0.29623367271695E+04 -0.17438725425783E+01 -0.64002986859842E+02  0.11400079264921E+02  0.29671360993676E+02 -0.10378995654999E+01  0.49349645306130E+03  0.30759821226698E+03  0.28734957226825E+03 -0.17078539875951E+03 -0.51138489504361E+03  0.15790045143561E+03  0.29979361161406E+03  0.80460003946701E+02 -0.60105972483441E+02 -0.10740874933955E+03  0.43454078249958E+03  0.21546570348217E+03 -0.28880912922032E+03  0.24702905849884E+03  0.27542848183321E+03
   0.40973655937420E+05 -0.42602114566465E+04  0.11434391468174E+04  0.79700192706220E+04 -0.75869963120076E+03  0.17060070496117E+04  0.90000684124772E+03  0.67397730471654E+05  0.13305967856039E+05 -0.25977634813114E+04  0.72914020815592E+03  0.19842121641604E+04  0.12191678166571E+03  0.41689002933705E+01  0.29535346587589E+05 -0.30694586515761E+04  0.21839831398079E+05  0.11794040050226E+05 -0.23388831977188E+05  0.58764698096203E+01  0.41831806795521E+03 -0.16154007337994E+03 -0.48638091179810E+03 -0.54620945749335E+03 -0.22011487550693E+04 -0.14293239903848E+04 -0.23546395334354E+04  0.20274628717560E+04  0.41217036135440E+04 -0.12089232466926E+04 -0.23090718174828E+04 -0.55999877315990E+03  0.44716858900564E+02  0.92257700713751E+02 -0.22872735411997E+04 -0.12458384381406E+04  0.77918020936588E+03 -0.13717156085565E+04 -0.15166133439251E+04
   0.24087510454460E+05 -0.23128652943587E+04  0.68530597747686E+03  0.47674773733819E+04 -0.44197032397284E+03  0.11139494586981E+04  0.58991853162728E+03  0.36902384344508E+05  0.63359612965419E+04 -0.15014241670825E+04  0.40082586974317E+03  0.11308461022500E+04  0.74064862861336E+02  0.14956782875410E+01  0.15480174910730E+05 -0.16847759605164E+04  0.11794040050226E+05  0.64754350348506E+04 -0.12613757533686E+05  0.48334422569535E+01  0.25594103080242E+03 -0.82421361725718E+02 -0.22933476951309E+03 -0.20477653332958E+03 -0.16024329603661E+04 -0.10067945668756E+04 -0.11981493465683E+04  0.97256290789213E+03  0.23077332353557E+04 -0.61760487113436E+03 -0.11809092683094E+04 -0.31171236395164E+03  0.79372659136046E+02  0.14990910373390E+03 -0.14998602943772E+04 -0.78257827587602E+03  0.11261945485815E+04 -0.99918867488861E+03 -0.11052461427087E+04
  -0.64963785078783E+07  0.21505759767614E+07 -0.27962000392849E+06 -0.12683980220055E+07  0.29216646552300E+06  0.25338824203145E+05 -0.10325762786387E+06 -0.37604591390381E+06  0.87033813636269E+04  0.34505700359099E+05 -0.32285488687062E+04 -0.62819341345051E+04 -0.40489671290336E+03 -0.17299224935462E+02 -0.27442675819093E+05  0.29623367271695E+04 -0.23388831977188E+05 -0.12613757533686E+05  0.16052656112132E+08  0.88340745007401E+04  0.26990093181195E+06 -0.94107292146706E+05 -0.29827254896569E+06 -0.12749214119599E+07  0.26745594895133E+05  0.59460300773914E+05 -0.81605523033938E+03  0.44627516834074E+06  0.21738896115533E+07  0.14418493157776E+05  0.24767785164709E+05  0.17208003599713E+03  0.14490561738617E+06  0.63319687519074E+06  0.19223877394530E+05  0.60493575216578E+04 -0.13308602955517E+05  0.16431818883621E+05  0.50526252967998E+05
  -0.29289565348738E+04  0.97813279264828E+03 -0.12645692797051E+03 -0.67599580515435E+03  0.16121478101804E+03  0.26422053041167E+02 -0.52131826917249E+02  0.17610282918160E+03 -0.87191142028259E+02  0.85156361784602E+01  0.61685616253676E+00 -0.62903771813033E+01 -0.37736557220643E+00 -0.17758604436801E-01  0.83693896330487E+01 -0.17438725425783E+01  0.58764698096203E+01  0.48334422569535E+01  0.88340745007401E+04  0.54848343401968E+01  0.16480004428359E+03 -0.59465276699374E+02 -0.17686975445448E+03 -0.77423842751397E+03  0.00000000000000E+00  0.15728560657249E+02  0.00000000000000E+00  0.00000000000000E+00  0.12688844264471E+04  0.00000000000000E+00 -0.15848419951219E+02  0.00000000000000E+00  0.00000000000000E+00  0.37672557646106E+03  0.00000000000000E+00  0.00000000000000E+00  0.00000000000000E+00  0.00000000000000E+00  0.66962268100289E+01
  -0.11090416253032E+06  0.30281574109599E+05 -0.46788706066266E+04 -0.35031322236505E+05  0.70148350576471E+04 -0.18571448920693E+04 -0.39967766365920E+04 -0.17311320542900E+05  0.67806200777939E+03  0.13562559272172E+04 -0.14095401501151E+03 -0.49589867670715E+02  0.86740447860033E+01 -0.34273562280816E+01  0.44483845892832E+03 -0.64002986859842E+02  0.41831806795521E+03  0.25594103080242E+03  0.26990093181195E+06  0.16480004428359E+03  0.73389786396498E+04 -0.31880006627730E+04 -0.89697514567006E+04 -0.35104436394535E+05  0.00000000000000E+00  0.30397294630299E+04  0.00000000000000E+00  0.00000000000000E+00  0.62672536114422E+05  0.00000000000000E+00 -0.60962471124987E+03  0.00000000000000E+00  0.00000000000000E+00  0.11681939819814E+05  0.00000000000000E+00  0.00000000000000E+00  0.00000000000000E+00  0.00000000000000E+00  0.25003890354806E+04
   0.43437660726424E+05 -0.83467620427197E+04  0.17511404650855E+04  0.17542458765139E+05 -0.30879349584055E+04  0.17782178516731E+04  0.22730910567472E+04  0.31478220751208E+05 -0.68642834934277E+04 -0.11875167539604E+04  0.19520798300582E+03 -0.77276901246679E+02 -0.37132599909884E+01 -0.34290505459671E-01 -0.14100630611129E+03  0.11400079264921E+02 -0.16154007337994E+03 -0.82421361725718E+02 -0.94107292146706E+05 -0.59465276699374E+02 -0.31880006627730E+04  0.19945223519258E+04  0.53693844362145E+04  0.19245219711087E+05 -0.48537013688340E+02 -0.19919508853382E+04  0.33843002313354E+01  0.69874982473486E+03 -0.35469134315390E+05  0.00000000000000E+00 -0.40545836319765E+03  0.00000000000000E+00  0.22505264172393E+04 -0.32726291743139E+04  0.00000000000000E+00  0.00000000000000E+00  0.00000000000000E+00 -0.35011145365135E+03 -0.28884077379721E+04
   0.14539820571170E+06 -0.32234767211667E+05  0.58804477760054E+04  0.49734398261556E+05 -0.87761989696813E+04  0.49641470078663E+04  0.63168130754100E+04  0.97629915464369E+05 -0.21880338671322E+05 -0.35149208905024E+04  0.59968251073023E+03 -0.26521975609667E+02  0.70151492261276E+01 -0.11001817152326E-01 -0.44219924674979E+03  0.29671360993676E+02 -0.48638091179810E+03 -0.22933476951309E+03 -0.29827254896569E+06 -0.17686975445448E+03 -0.89697514567006E+04  0.53693844362145E+04  0.15069715865926E+05  0.52914734277804E+05 -0.15820394748417E+03 -0.50083028023262E+04 -0.35987378045357E+02 -0.61312545288870E+04 -0.99891573800560E+05  0.00000000000000E+00 -0.10119196653137E+04  0.00000000000000E+00  0.32846121718078E+04 -0.11184603876039E+05  0.00000000000000E+00  0.00000000000000E+00  0.00000000000000E+00 -0.20168063306343E+04 -0.83897104019242E+04
   0.48293689323319E+06 -0.12521613678895E+06  0.20081126554397E+05  0.17712462681845E+06 -0.33254152195489E+05  0.13227880400210E+05  0.20810022198316E+05  0.25756702980434E+06 -0.56949299949064E+05 -0.97397651530192E+04  0.15859647566917E+04 -0.15547743504248E+04 -0.12899502131335E+03 -0.38863389388928E+00 -0.44754148032156E+03 -0.10378995654999E+01 -0.54620945749335E+03 -0.20477653332958E+03 -0.12749214119599E+07 -0.77423842751397E+03 -0.35104436394535E+05  0.19245219711087E+05  0.52914734277804E+05  0.20816466644399E+06  0.25200049347502E+03 -0.22818833997412E+05 -0.59559782621205E+01  0.38380497741296E+05 -0.35382642030091E+06  0.00000000000000E+00 -0.47381639779214E+04  0.00000000000000E+00  0.16405271943853E+05 -0.50152814706706E+05  0.00000000000000E+00  0.00000000000000E+00  0.00000000000000E+00  0.15592643741378E+04 -0.27866014779044E+05
  -0.12957812364591E+06  0.16697954484423E+05 -0.50390626015682E+04 -0.13207233756885E+05  0.20166289013854E+04 -0.21431864475697E+04 -0.20719043204005E+04 -0.61746566527804E+05  0.11167976093059E+05  0.26346129152425E+04 -0.41008341120998E+03 -0.11603554592436E+04 -0.16692150990545E+03  0.66303367763332E-01 -0.27018498620637E+04  0.49349645306130E+03 -0.22011487550693E+04 -0.16024329603661E+04  0.26745594895133E+05  0.00000000000000E+00  0.00000000000000E+00 -0.48537013688340E+02 -0.15820394748417E+03  0.25200049347502E+03  0.11675358847310E+06  0.00000000000000E+00  0.00000000000000E+00  0.00000000000000E+00  0.00000000000000E+00  0.00000000000000E+00  0.00000000000000E+00  0.00000000000000E+00  0.00000000000000E+00  0.00000000000000E+00  0.00000000000000E+00  0.00000000000000E+00  0.00000000000000E+00  0.00000000000000E+00  0.00000000000000E+00
  -0.54602207732353E+05  0.82152105918772E+04 -0.21319716593693E+04 -0.21750624185776E+05  0.33863241686851E+04 -0.32765151707448E+04 -0.32414048043220E+04 -0.49971127909846E+05  0.10701479073911E+05  0.18253919452536E+04 -0.31265978644412E+03  0.36699496331689E-10  0.30591903005257E-11  0.26273763265882E-12 -0.17599188117832E+04  0.30759821226698E+03 -0.14293239903848E+04 -0.10067945668756E+04  0.59460300773914E+05  0.15728560657249E+02  0.30397294630299E+04 -0.19919508853382E+04 -0.50083028023262E+04 -0.22818833997412E+05  0.00000000000000E+00  0.64576930936138E+05  0.00000000000000E+00  0.00000000000000E+00  0.00000000000000E+00  0.00000000000000E+00  0.00000000000000E+00  0.00000000000000E+00  0.00000000000000E+00  0.00000000000000E+00  0.00000000000000E+00  0.00000000000000E+00  0.00000000000000E+00  0.00000000000000E+00  0.00000000000000E+00
  -0.47516830883606E+04 -0.21894688318301E+03  0.34385142090307E+02 -0.18129255707798E+03 -0.49177936834705E+02  0.78890147311740E+02  0.10127398923341E+03 -0.71414577892255E+05  0.24733615544443E+05  0.73124212148535E+03 -0.31736982815074E+03 -0.86491456898328E+03 -0.31720791340670E+02 -0.90576231652468E+01 -0.24822386444863E+04  0.28734957226825E+03 -0.23546395334354E+04 -0.11981493465683E+04 -0.81605523033938E+03  0.00000000000000E+00  0.00000000000000E+00  0.33843002313354E+01 -0.35987378045357E+02 -0.59559782621205E+01  0.00000000000000E+00  0.00000000000000E+00  0.30684309435364E+05  0.00000000000000E+00  0.00000000000000E+00  0.00000000000000E+00  0.00000000000000E+00  0.00000000000000E+00  0.00000000000000E+00  0.00000000000000E+00  0.00000000000000E+00  0.00000000000000E+00  0.00000000000000E+00  0.00000000000000E+00  0.00000000000000E+00
  -0.85439374418248E+06  0.21043046442697E+06 -0.34848859848429E+05 -0.67205143125823E+05  0.11952685050692E+05 -0.64791986274022E+04 -0.83256290100363E+04 -0.29015574971626E+06  0.65461629470216E+05  0.10466493092030E+05 -0.17778080904277E+04 -0.53389889557205E+04 -0.60369935635243E+03 -0.19298421300816E+01  0.20230006033573E+04 -0.17078539875951E+03  0.20274628717560E+04  0.97256290789213E+03  0.44627516834074E+06  0.00000000000000E+00  0.00000000000000E+00  0.69874982473486E+03 -0.61312545288870E+04  0.38380497741296E+05  0.00000000000000E+00  0.00000000000000E+00  0.00000000000000E+00  0.58023607377039E+06  0.00000000000000E+00  0.00000000000000E+00  0.00000000000000E+00  0.00000000000000E+00  0.00000000000000E+00  0.00000000000000E+00  0.00000000000000E+00  0.00000000000000E+00  0.00000000000000E+00  0.00000000000000E+00  0.00000000000000E+00
  -0.10983380557045E+07  0.26400692043612E+06 -0.45027409271939E+05 -0.34581701727406E+06  0.62841575099142E+05 -0.30559941592869E+05 -0.42794681737191E+05 -0.57165555178013E+06  0.12504734528669E+06  0.21737734737025E+05 -0.35406580632466E+04 -0.46039054825522E-09 -0.34228319614164E-10 -0.57992910645355E-11  0.43827942607002E+04 -0.51138489504361E+03  0.41217036135440E+04  0.23077332353557E+04  0.21738896115533E+07  0.12688844264471E+04  0.62672536114422E+05 -0.35469134315390E+05 -0.99891573800560E+05 -0.35382642030091E+06  0.00000000000000E+00  0.00000000000000E+00  0.00000000000000E+00  0.00000000000000E+00  0.91662108283604E+06  0.00000000000000E+00  0.00000000000000E+00  0.00000000000000E+00  0.00000000000000E+00  0.00000000000000E+00  0.00000000000000E+00  0.00000000000000E+00  0.00000000000000E+00  0.00000000000000E+00  0.00000000000000E+00
  -0.20971900252637E+05  0.58482673069348E+04 -0.89265353186894E+03 -0.14696570680757E+04  0.34853015346528E+03  0.36514041247701E+02 -0.13668945739020E+03 -0.75925769762974E+05  0.23259100384916E+05  0.14847061805542E+04 -0.39329355376743E+03 -0.27245963942057E+04 -0.16298457197645E+03 -0.62119321055027E+01 -0.15283532743759E+04  0.15790045143561E+03 -0.12089232466926E+04 -0.61760487113436E+03  0.14418493157776E+05  0.00000000000000E+00  0.00000000000000E+00  0.00000000000000E+00  0.00000000000000E+00  0.00000000000000E+00  0.00000000000000E+00  0.00000000000000E+00  0.00000000000000E+00  0.00000000000000E+00  0.00000000000000E+00  0.14772435316242E+05  0.00000000000000E+00  0.00000000000000E+00  0.00000000000000E+00  0.00000000000000E+00  0.00000000000000E+00  0.00000000000000E+00  0.00000000000000E+00  0.00000000000000E+00  0.00000000000000E+00
  -0.46861337234471E+05  0.13206112151420E+05 -0.20017403152238E+04 -0.24689408844013E+04  0.57074264757841E+03  0.34745735536366E+02 -0.22427545429159E+03 -0.16867322972648E+06  0.51827686435218E+05  0.32250066901102E+04 -0.87318670398133E+03 -0.64616247543857E+02 -0.16661665838283E+02 -0.14186397674960E-03 -0.29112029651058E+04  0.29979361161406E+03 -0.23090718174828E+04 -0.11809092683094E+04  0.24767785164709E+05 -0.15848419951219E+02 -0.60962471124987E+03 -0.40545836319765E+03 -0.10119196653137E+04 -0.47381639779214E+04  0.00000000000000E+00  0.00000000000000E+00  0.00000000000000E+00  0.00000000000000E+00  0.00000000000000E+00  0.00000000000000E+00  0.31192713002821E+05  0.00000000000000E+00  0.00000000000000E+00  0.00000000000000E+00  0.00000000000000E+00  0.00000000000000E+00  0.00000000000000E+00  0.00000000000000E+00  0.00000000000000E+00
  -0.31423439968844E+04  0.42201572692105E+03 -0.10833620135981E+03 -0.73536660904603E+02  0.92772949563080E+01 -0.15794783308491E+02 -0.11479508829107E+02 -0.13775407595980E+04  0.17605793206603E+03  0.42232496864367E+02 -0.97518186484543E+01 -0.88331334205830E+02 -0.67943186497176E+01 -0.22649395079211E+00 -0.72894602878735E+03  0.80460003946701E+02 -0.55999877315990E+03 -0.31171236395164E+03  0.17208003599713E+03  0.00000000000000E+00  0.00000000000000E+00  0.00000000000000E+00  0.00000000000000E+00  0.00000000000000E+00  0.00000000000000E+00  0.00000000000000E+00  0.00000000000000E+00  0.00000000000000E+00  0.00000000000000E+00  0.00000000000000E+00  0.00000000000000E+00  0.37942573011424E+04  0.00000000000000E+00  0.00000000000000E+00  0.00000000000000E+00  0.00000000000000E+00  0.00000000000000E+00  0.00000000000000E+00  0.00000000000000E+00
  -0.20152559061065E+06  0.63729348709545E+05 -0.87233580884625E+04 -0.11626929194753E+05  0.29210004365633E+04  0.50628802186837E+03 -0.81853965074153E+03 -0.48986465409548E+04  0.52177136397700E+03  0.46644755491346E+03 -0.34556620347402E+02 -0.14110261996070E+00 -0.10162529396923E+00 -0.44159630869851E-11  0.22668588280738E+03 -0.60105972483441E+02  0.44716858900564E+02  0.79372659136046E+02  0.14490561738617E+06  0.00000000000000E+00  0.00000000000000E+00  0.22505264172393E+04  0.32846121718078E+04  0.16405271943853E+05  0.00000000000000E+00  0.00000000000000E+00  0.00000000000000E+00  0.00000000000000E+00  0.00000000000000E+00  0.00000000000000E+00  0.00000000000000E+00  0.00000000000000E+00  0.10565618604063E+06  0.00000000000000E+00  0.00000000000000E+00  0.00000000000000E+00  0.00000000000000E+00  0.00000000000000E+00  0.00000000000000E+00
  -0.22638146732618E+06  0.71231303121845E+05 -0.97875612560357E+04 -0.51923297856435E+05  0.12891563498818E+05  0.20646156070379E+04 -0.37590312533632E+04 -0.98014283434562E+04  0.10744416511626E+04  0.89893287997269E+03 -0.69039119622510E+02  0.15332814733832E-09 -0.21985630836902E-11  0.40203994235039E-12  0.41106553889430E+03 -0.10740874933955E+03  0.92257700713751E+02  0.14990910373390E+03  0.63319687519074E+06  0.37672557646106E+03  0.11681939819814E+05 -0.32726291743139E+04 -0.11184603876039E+05 -0.50152814706706E+05  0.00000000000000E+00  0.00000000000000E+00  0.00000000000000E+00  0.00000000000000E+00  0.00000000000000E+00  0.00000000000000E+00  0.00000000000000E+00  0.00000000000000E+00  0.00000000000000E+00  0.13822487298537E+06  0.00000000000000E+00  0.00000000000000E+00  0.00000000000000E+00  0.00000000000000E+00  0.00000000000000E+00
  -0.91163054830703E+04  0.24356393876209E+04 -0.38106960330027E+03 -0.25142320807164E+04  0.47443766303858E+03 -0.17930069826498E+03 -0.30008307281281E+03  0.38419775845568E+03 -0.12793060113917E+04  0.12215008893259E+03 -0.10971392053081E+02 -0.19051542623799E+01 -0.19108318609805E+00 -0.28346624442026E-02 -0.28847437599395E+04  0.43454078249958E+03 -0.22872735411997E+04 -0.14998602943772E+04  0.19223877394530E+05  0.00000000000000E+00  0.00000000000000E+00  0.00000000000000E+00  0.00000000000000E+00  0.00000000000000E+00  0.00000000000000E+00  0.00000000000000E+00  0.00000000000000E+00  0.00000000000000E+00  0.00000000000000E+00  0.00000000000000E+00  0.00000000000000E+00  0.00000000000000E+00  0.00000000000000E+00  0.00000000000000E+00  0.83130792316862E+04  0.00000000000000E+00  0.00000000000000E+00  0.00000000000000E+00  0.00000000000000E+00
  -0.32180741446036E+04  0.77135539130007E+03 -0.13278858218420E+03 -0.98146302751123E+03  0.17576473028367E+03 -0.96348879426675E+02 -0.12707993918626E+03  0.31345164489727E+03 -0.70649969057408E+03  0.54942158731776E+02 -0.52218972899481E+01 -0.82484847010479E+00 -0.74877143243202E-01 -0.15372936338721E-02 -0.15327937280913E+04  0.21546570348217E+03 -0.12458384381406E+04 -0.78257827587602E+03  0.60493575216578E+04  0.00000000000000E+00  0.00000000000000E+00  0.00000000000000E+00  0.00000000000000E+00  0.00000000000000E+00  0.00000000000000E+00  0.00000000000000E+00  0.00000000000000E+00  0.00000000000000E+00  0.00000000000000E+00  0.00000000000000E+00  0.00000000000000E+00  0.00000000000000E+00  0.00000000000000E+00  0.00000000000000E+00  0.00000000000000E+00  0.42499762168479E+04  0.00000000000000E+00  0.00000000000000E+00  0.00000000000000E+00
  -0.16386418086602E+05 -0.22858776287579E+04 -0.14481112299719E+02 -0.11045549631261E+05  0.44126256492833E+03 -0.30479630419227E+04 -0.13172936819953E+04 -0.28063768603192E+06  0.11384626507419E+06  0.31424497484843E+04 -0.10767717735006E+04  0.33342596637969E+03  0.31815496663817E+02 -0.17408580342369E+01 -0.24688417966762E+04 -0.28880912922032E+03  0.77918020936588E+03  0.11261945485815E+04 -0.13308602955517E+05  0.00000000000000E+00  0.00000000000000E+00  0.00000000000000E+00  0.00000000000000E+00  0.00000000000000E+00  0.00000000000000E+00  0.00000000000000E+00  0.00000000000000E+00  0.00000000000000E+00  0.00000000000000E+00  0.00000000000000E+00  0.00000000000000E+00  0.00000000000000E+00  0.00000000000000E+00  0.00000000000000E+00  0.00000000000000E+00  0.00000000000000E+00  0.12469051010826E+06  0.00000000000000E+00  0.00000000000000E+00
  -0.72309491493615E+05  0.86104356647154E+04 -0.23596038102061E+04 -0.75295273762889E+04  0.83320195590434E+03 -0.16374449510585E+04 -0.10229065451987E+04 -0.14527418932557E+06  0.44933482335802E+05  0.27747070761584E+04 -0.75101177368589E+03 -0.30732885685596E+04 -0.21178897101191E+03 -0.59156978191264E+01 -0.88996606025864E+03  0.24702905849884E+03 -0.13717156085565E+04 -0.99918867488861E+03  0.16431818883621E+05  0.00000000000000E+00  0.00000000000000E+00 -0.35011145365135E+03 -0.20168063306343E+04  0.15592643741378E+04  0.00000000000000E+00  0.00000000000000E+00  0.00000000000000E+00  0.00000000000000E+00  0.00000000000000E+00  0.00000000000000E+00  0.00000000000000E+00  0.00000000000000E+00  0.00000000000000E+00  0.00000000000000E+00  0.00000000000000E+00  0.00000000000000E+00  0.00000000000000E+00  0.95235417758473E+05  0.00000000000000E+00
  -0.56601078300577E+05  0.71834980717351E+04 -0.18949479039171E+04 -0.22137238594704E+05  0.25491365071243E+04 -0.46445028815769E+04 -0.30113430928738E+04 -0.18099523046357E+06  0.55473492179061E+05  0.35355339392523E+04 -0.94179487153053E+03  0.22899681746857E-10 -0.88789929698629E-11  0.50447854398721E-13 -0.99693376153001E+03  0.27542848183321E+03 -0.15166133439251E+04 -0.11052461427087E+04  0.50526252967998E+05  0.66962268100289E+01  0.25003890354806E+04 -0.28884077379721E+04 -0.83897104019242E+04 -0.27866014779044E+05  0.00000000000000E+00  0.00000000000000E+00  0.00000000000000E+00  0.00000000000000E+00  0.00000000000000E+00  0.00000000000000E+00  0.00000000000000E+00  0.00000000000000E+00  0.00000000000000E+00  0.00000000000000E+00  0.00000000000000E+00  0.00000000000000E+00  0.00000000000000E+00  0.00000000000000E+00  0.99540028858182E+05

 # Covariance matrix (Bevington epsilon)
   0.94036554319762E-03 -0.14900580465295E-03 -0.23146430790014E-01  0.24522524712926E-03 -0.37674977554724E-04 -0.15617519515394E-03 -0.13747243943096E-02  0.83408707899819E-04  0.56747512572857E-04 -0.24037438964393E-02 -0.27353946464551E-01 -0.94033763478199E-03 -0.11820250462634E-01 -0.87695096622572E-01  0.24309945150472E-03  0.45266357650620E-02 -0.57859678709311E-04  0.35436607621714E-03 -0.12012764112622E-04  0.25942397803406E-01 -0.38055107015073E-03  0.11790323795371E-02 -0.89293034716889E-03  0.16986248920347E-04  0.30014579898678E-04  0.33277296893997E-04  0.20134693354495E-04  0.27228062867987E-04  0.28208902678085E-04 -0.48119775738416E-03 -0.17537267540786E-03  0.42150966946002E-04  0.14109973421932E-04  0.26703438396309E-04 -0.35702914521458E-04 -0.46671837311291E-04  0.97434500201518E-04  0.29581705865293E-04  0.28645232851833E-04
  -0.14900580465296E-03  0.23851998809758E-03  0.51960447380998E-02  0.61152923573147E-04  0.12188282376606E-02 -0.49241439528577E-03  0.68675830969245E-03 -0.12649121388876E-04 -0.98712532453817E-05  0.11413034368407E-02  0.52891391833638E-02  0.27781180740417E-03  0.33126143711778E-02  0.40261024330539E-01  0.52652347785685E-04  0.38356838090357E-02 -0.17022087937731E-03  0.12255986119863E-02 -0.19955929763438E-04  0.26770537808838E-01 -0.22449375738008E-03 -0.18460286366765E-02  0.57134021948803E-03  0.96241233108239E-04  0.11328373097612E-04  0.88785773861651E-05  0.67786171024002E-05  0.57641370686489E-05  0.31491098624991E-05  0.95505490438775E-04  0.13110200983884E-04  0.13465675316501E-04  0.13001698651631E-04  0.71795150601300E-05 -0.43567452328444E-05 -0.80656399283208E-06 -0.24063091531409E-04  0.79025671998863E-05  0.55965967156873E-05
