# fitpack15: fit parameters                                                                         
# CJ15 AV18 final data choices                                                                      
# Created on 02/21/2019 at 20:59:02                                                                 

 # QCD setup
  INS                           0
  NVL                          11
  IORD                          1
  Q02                   1.6899999999999999     
  IPARAMC                       7
  FLAVOR                4.0000000000000000     
  xmc                   1.3000000000000000     
  xmb                   4.5000000000000000     
  ncb                          12
  ihq                           1
  ias                           0

 # Theory corrections
  inuke                     10814
  itmc                          1
  iht                           1

 # fit parameters
 LAMBDA       0.22680        0.0000    
 a0uv          2.4026        0.0000    
 a1uv         0.61484       0.26282E-01
 a2uv          3.5593       0.15806E-01
 a3uv          0.0000        0.0000    
 a4uv          3.5020       0.58505    
 a5uv          0.0000        0.0000    
 a0dv          21.467        0.0000    
 a1dv          1.1118       0.65099E-01
 a2dv          6.6183       0.20549    
 a3dv         -3.6532       0.11557    
 a4dv          5.1259       0.31449    
 a5dv          0.0000        0.0000    
 a0ud         0.14205       0.56563E-02
 a1ud        -0.21092       0.42666E-02
 a2ud          8.6461       0.24338    
 a3ud          0.0000        0.0000    
 a4ud          16.449        1.7628    
 a5ud          0.0000        0.0000    
 a0du          35712.        0.0000    
 a1du          3.9492       0.83170E-01
 a2du          20.501       0.95098    
 a3du          17.000        0.0000    
 a4du          44.217        7.6293    
 a0g           49.808        0.0000    
 a1g          0.61676       0.33182E-01
 a2g           6.8474        1.0407    
 a3g          -3.4283       0.14693    
 a4g           3.4548       0.37029    
 a5g           0.0000        0.0000    
 kappa        0.40000        0.0000    
 a6dv        -0.68505E-02   0.23496E-02
 a7dv          2.0000        0.0000    
 off1        -0.93805E-01    2.9554    
 off2        -0.99526E-02    4.1848    
 ht1          -3.3459       0.28564    
 ht2           1.9385       0.11592    
 ht3          -2.0952       0.29132E-01
 ht4           0.0000        0.0000    
 dummy40       0.0000        0.0000    
 dummy41       0.0000        0.0000    
 dummy42       0.0000        0.0000    
 dummy43       0.0000        0.0000    
 dummy44       0.0000        0.0000    
 dummy45       0.0000        0.0000    
 dummy46       0.0000        0.0000    
 dummy47       0.0000        0.0000    
 dummy48       0.0000        0.0000    
 dummy49       0.0000        0.0000    
 bcdmsh2      0.97039       0.49007E-02
 bcdmsd2      0.99255       0.58168E-02
 ccfr          1.0000        0.0000    
 nutev         1.0000        0.0000    
 zeus         0.97998        0.0000    
 h1            1.0162        0.0000    
 e605          1.0319        0.0000    
 NmcH2         1.0087       0.72465E-02
 ntv_nu        1.0000        0.0000    
 ntv_nubar     1.0000        0.0000    
 cdf_jet      0.98910        0.0000    
 d0_jet       0.83504        0.0000    
 slac_p        1.0023       0.49001E-02
 slac_d        1.0033       0.53499E-02
 e866pp       0.95222       0.22198E-01
 e866pd       0.96419       0.18893E-01
 d0_gamjet     1.0375       0.16500E-01
 h1b          0.97608        0.0000    
 jlab_p       0.99410       0.59086E-02
 jlab_d       0.97646       0.60533E-02
 blank         1.0000        0.0000    
 d0run2       0.94409       0.14466E-01
 cdfrun2      0.92946       0.17331E-01
 HERA_el       1.0000        0.0000    
 HERA_ps       1.0000        0.0000    
 CDF_Z        0.96358       0.63302E-02
 NmcRat        1.0000        0.0000    
 BNS_F2nd     0.98284       0.11094E-01
 HERMES_F2p   0.99619       0.56455E-02
 HERMES_F2d   0.97954       0.58888E-02
 END 0. 0.

 # Hessian matrix (Bevington alpha)
   0.45033106778410E+07 -0.12369647464803E+07  0.21522289846215E+06  0.79950352147438E+06 -0.14806864011098E+06  0.21312004700831E+05  0.78836488433879E+05  0.10557435731546E+07 -0.15095917959239E+06 -0.52254121243947E+05  0.81316154851721E+04  0.11987236487639E+05  0.13651474379794E+04 -0.21538919004901E+02  0.47558867730811E+05 -0.64334411970725E+04  0.42259881621770E+05  0.24836624376074E+05 -0.69502725180079E+07 -0.30602027466042E+04 -0.20864662581507E+04 -0.17809874772732E+05 -0.55780731458760E+04 -0.21293982793140E+06 -0.12750886512646E+06 -0.54015322245356E+05 -0.43408500789512E+04 -0.84261475525955E+06 -0.10900723950086E+07 -0.20915508000333E+05 -0.46673164333206E+05 -0.30768733240131E+04 -0.19907165183067E+06 -0.22505393670376E+06 -0.90886777921952E+04 -0.32141906001579E+04 -0.15034582720380E+05  0.16407758389849E+05 -0.70771169416150E+05 -0.55737422876906E+05
  -0.12369647464803E+07  0.40729844659943E+06 -0.61006203819660E+05 -0.19345309679324E+06  0.38201624158839E+05  0.62364019735155E+04 -0.13757674513640E+05 -0.13895723979195E+06  0.22341630026625E+05  0.77516379510939E+04 -0.10264810114758E+04 -0.79272875472477E+03 -0.93694153484297E+02  0.13918927845591E+01 -0.50296094879266E+04  0.57916728575011E+03 -0.44740013473902E+04 -0.24318626108637E+04  0.23287025995524E+07  0.10268300041700E+04  0.56905831785199E+03  0.84383732895504E+04  0.87016727633313E+04  0.63593578121652E+05  0.16647970831532E+05  0.82592685993405E+04 -0.24405305922710E+03  0.21034921162412E+06  0.26610409533070E+06  0.59124238806240E+04  0.13319477393534E+05  0.41962392780565E+03  0.63680714585493E+05  0.71714419914248E+05  0.24724909684541E+04  0.78422117679241E+03 -0.23639938956877E+04 -0.22633423741539E+04  0.85646541572177E+04  0.72187980975269E+04
   0.21522289846215E+06 -0.61006203819660E+05  0.10400282520072E+05  0.37615149828026E+05 -0.71232136235614E+04  0.52296120891792E+03  0.35544320514416E+04  0.37989347698130E+05 -0.48263115449128E+04 -0.21581304340805E+04  0.30050588014219E+03  0.31023706254173E+03  0.45352334486745E+02 -0.12181324442690E+01  0.14340840559815E+04 -0.20428536216664E+03  0.12975210309372E+04  0.77534338619001E+03 -0.34355154210077E+06 -0.15163886736363E+03 -0.10037943097685E+03 -0.95662957674099E+03 -0.56654826939752E+03 -0.10404729884990E+05 -0.55458454766255E+04 -0.23687426579217E+04  0.52563007342293E+02 -0.39044258602004E+05 -0.50797154345433E+05 -0.10167052594366E+04 -0.22778354406928E+04 -0.11822557439257E+03 -0.98988697503244E+04 -0.11179662692481E+05 -0.43309347107029E+03 -0.15060442616983E+03  0.47684819851207E+02  0.71893063296249E+03 -0.25615749239574E+04 -0.20781764168767E+04
   0.79950352147438E+06 -0.19345309679324E+06  0.37615149828026E+05  0.24013132204580E+06 -0.42177595422812E+05  0.16902326846875E+05  0.28727688048434E+05  0.26821468523523E+06 -0.38913161200451E+05 -0.13771892151317E+05  0.20664841706065E+04  0.98644319464164E+03  0.82793807232712E+02  0.49403216780173E+01  0.10338291957151E+05 -0.13670816202812E+04  0.84333176817427E+04  0.50146437878520E+04 -0.15218025755312E+07 -0.77296724444738E+03 -0.67896036417971E+03 -0.12909517602074E+04  0.34174243557655E+04 -0.38623539822940E+05 -0.13292829257177E+05 -0.22025031931119E+05 -0.16185800205127E+03 -0.70416223582552E+05 -0.36060043224475E+06 -0.16174414618568E+04 -0.26997705909217E+04 -0.75939961811439E+02 -0.12809056938415E+05 -0.56603968338410E+05 -0.26576572479382E+04 -0.10275005490560E+04 -0.10565780348816E+05 -0.16431119148516E+05 -0.75746149108731E+04 -0.22319836045659E+05
  -0.14806864011098E+06  0.38201624158839E+05 -0.71232136235614E+04 -0.42177595422812E+05  0.79826538234324E+04 -0.14157033631639E+04 -0.45605728264294E+04 -0.24921204527939E+05  0.18095733482811E+04  0.18220713892150E+04 -0.21349727904943E+03 -0.19396351787564E+03 -0.13193290671307E+02 -0.70987403840714E+00 -0.96811922919255E+03  0.12351110824819E+03 -0.77101406628305E+03 -0.44791216985691E+03  0.30536855944861E+06  0.15958962828460E+03  0.12501394955157E+03  0.45703202041901E+03  0.67913178719191E+02  0.76371904037442E+04  0.19876091313341E+04  0.33306714069406E+04 -0.48878116547993E+02  0.11619729929053E+05  0.61058984414247E+05  0.34491442467067E+03  0.55974398999384E+03  0.93173369231878E+01  0.28206908498235E+04  0.12355891392739E+05  0.45998131018091E+03  0.17159132666199E+03  0.43763999575821E+03  0.24935667354543E+04  0.81835707876893E+03  0.25069071984129E+04
   0.21312004700831E+05  0.62364019735155E+04  0.52296120891792E+03  0.16902326846875E+05 -0.14157033631639E+04  0.63625915710830E+04  0.39385790941658E+04  0.69885140590033E+05 -0.12514664305126E+05 -0.26494005791997E+04  0.51373901973142E+03  0.80906039063435E+02  0.10689533635102E+02  0.16328895528057E+01  0.22034158582948E+04 -0.34160706009029E+03  0.18260436981101E+04  0.11974689585977E+04  0.60643328635821E+05  0.44860375681382E+02 -0.26950990174862E+02  0.79786302467293E+03  0.23764981899715E+04  0.34824266169613E+03 -0.22591988246095E+04 -0.34032819468259E+04  0.94687389876864E+02 -0.60456857579425E+04 -0.28522503653426E+05  0.67792154498140E+02  0.86403060986503E+02 -0.16849731701037E+02  0.83583803354638E+03  0.34730401056911E+04 -0.15408056031510E+03 -0.91681159143569E+02 -0.31742768445632E+04 -0.26392688792076E+04 -0.16966030750221E+04 -0.48148388428645E+04
   0.78836488433879E+05 -0.13757674513640E+05  0.35544320514416E+04  0.28727688048434E+05 -0.45605728264294E+04  0.39385790941658E+04  0.43139131952238E+04  0.40058008609943E+05 -0.50113225560397E+04 -0.21337957856018E+04  0.31993304130099E+03  0.14829350796272E+03  0.12056365243819E+02  0.10668896709028E+01  0.12550851499936E+04 -0.19115213510307E+03  0.96129052060694E+03  0.63159034708169E+03 -0.10411054699518E+06 -0.49100388013463E+02 -0.72637636985700E+02  0.25212561937073E+03  0.12385637579704E+04 -0.32902647473415E+04 -0.21678940499291E+04 -0.33704245045673E+04  0.10981581288541E+03 -0.83663009536260E+04 -0.43115054345364E+05 -0.13288448641285E+03 -0.21519114248530E+03 -0.12194340290426E+02 -0.71925245633106E+03 -0.33105805870858E+04 -0.29816635062953E+03 -0.12874528101474E+03 -0.13701578897696E+04 -0.27298714820820E+04 -0.10589752050134E+04 -0.31212644521979E+04
   0.10557435731546E+07 -0.13895723979195E+06  0.37989347698130E+05  0.26821468523523E+06 -0.24921204527939E+05  0.69885140590033E+05  0.40058008609943E+05  0.52182372413511E+07 -0.24016257991934E+07 -0.82990201041112E+05  0.23837710784268E+05  0.32716782269664E+05  0.21391849658804E+04  0.97696607119993E+02  0.67943370931323E+05 -0.88588263811279E+04  0.67423321403238E+05  0.36850200227978E+05 -0.42031866244925E+06  0.14958013813479E+03 -0.32452243974254E+03  0.78482387214832E+04  0.38525366078796E+05 -0.21968423523755E+05 -0.60446625588779E+05 -0.49051315274888E+05 -0.69254587381090E+05 -0.28287602311619E+06 -0.56093045298926E+06 -0.75510624479222E+05 -0.16740244335043E+06 -0.13268753149873E+04 -0.50117833589869E+04 -0.98339835790156E+04  0.32913759198661E+03  0.28422999026816E+03 -0.27303742188470E+06 -0.84696595325004E+04 -0.14085187061154E+06 -0.17675322364099E+06
  -0.15095917959239E+06  0.22341630026625E+05 -0.48263115449128E+04 -0.38913161200451E+05  0.18095733482811E+04 -0.12514664305126E+05 -0.50113225560397E+04 -0.24016257991934E+07  0.19297504781390E+07  0.19171915321761E+05 -0.62022639352665E+04 -0.63203406489758E+04 -0.32518464699033E+03 -0.24939201898730E+02  0.47200033596390E+05 -0.21370675468677E+04  0.14409759529616E+05  0.69222966353481E+04  0.12242781627181E+05 -0.85345776922613E+02  0.12560330952528E+02 -0.18420462131436E+04 -0.94421648268516E+04  0.31477855991212E+04  0.11086672830575E+05  0.10660050409990E+05  0.24291004784929E+05  0.64627126264133E+05  0.12438495993286E+06  0.23473337780315E+05  0.52202894302872E+05  0.16745997080597E+03  0.54127136460144E+03  0.10898649080053E+04 -0.12563209237371E+04 -0.69623308832832E+03  0.11273619893191E+06  0.15225429494944E+04  0.44253230628066E+05  0.55031211255862E+05
  -0.52254121243947E+05  0.77516379510939E+04 -0.21581304340805E+04 -0.13771892151317E+05  0.18220713892150E+04 -0.26494005791997E+04 -0.21337957856018E+04 -0.82990201041112E+05  0.19171915321761E+05  0.23880413878152E+04 -0.53968161839019E+03 -0.82022497270715E+03 -0.69697592561497E+02 -0.73104434790228E+00 -0.32483115545248E+04  0.40060706219405E+03 -0.27034872424067E+04 -0.15584286755340E+04  0.38653267408489E+05  0.10248707128835E+02  0.25860496247540E+02 -0.23726448994671E+03 -0.11409159999017E+04  0.14605225970324E+04  0.26302797428356E+04  0.18260804234701E+04  0.72416853020745E+03  0.10452544948455E+05  0.21787722419321E+05  0.15112730982534E+04  0.32715272793081E+04  0.41732589518255E+02  0.48592095648108E+03  0.92067866855339E+03  0.12306382265976E+03  0.55457904756668E+02  0.31032604186231E+04  0.41781110113304E+03  0.27430687329938E+04  0.35174773864556E+04
   0.81316154851721E+04 -0.10264810114758E+04  0.30050588014219E+03  0.20664841706065E+04 -0.21349727904943E+03  0.51373901973142E+03  0.31993304130099E+03  0.23837710784268E+05 -0.62022639352665E+04 -0.53968161839019E+03  0.14410163345631E+03  0.22884140618385E+03  0.16180488005915E+02  0.46754619447123E+00  0.98088443021486E+03 -0.10747343328215E+03  0.78358922185995E+03  0.43050593084480E+03 -0.38298656756967E+04  0.42794190497792E+00 -0.28382282424975E+01  0.51106666552123E+02  0.24538517216043E+03 -0.16202712858981E+03 -0.42786739526422E+03 -0.32643711517013E+03 -0.32290974576261E+03 -0.18443493425304E+04 -0.36972828325419E+04 -0.41321838908461E+03 -0.91552501275714E+03 -0.10000206657045E+02 -0.37841722446759E+02 -0.74154089103864E+02 -0.11872255082433E+02 -0.56699876245224E+01 -0.10973483835958E+04 -0.59739946706728E+02 -0.76903640344840E+03 -0.97160656510564E+03
   0.11987236487639E+05 -0.79272875472477E+03  0.31023706254173E+03  0.98644319464164E+03 -0.19396351787564E+03  0.80906039063435E+02  0.14829350796272E+03  0.32716782269664E+05 -0.63203406489758E+04 -0.82022497270715E+03  0.22884140618385E+03  0.21130643283535E+04  0.12920953502047E+03  0.16199427587575E+01  0.22002850072755E+04 -0.28583386273236E+03  0.21295451776976E+04  0.12086617546388E+04 -0.69460036456774E+04 -0.64560231931182E+01 -0.12355638281423E+01  0.54635152857201E+02  0.31238446904833E+03 -0.92595164163363E+02 -0.11911751578427E+04  0.70670962184020E-11 -0.89221525961117E+03 -0.54445666574919E+04  0.80654148860514E-09 -0.28351462956837E+04 -0.69173064348989E+02 -0.90025619265331E+02 -0.15894600165812E+00 -0.11720922418559E-09 -0.18946721558715E+01 -0.82851386507092E+00  0.33009764730967E+03  0.30796437172450E+03 -0.31363114480981E+04 -0.23047565033567E-09
   0.13651474379794E+04 -0.93694153484297E+02  0.45352334486745E+02  0.82793807232712E+02 -0.13193290671307E+02  0.10689533635102E+02  0.12056365243819E+02  0.21391849658804E+04 -0.32518464699033E+03 -0.69697592561497E+02  0.16180488005915E+02  0.12920953502047E+03  0.10999020624544E+02 -0.57842983354045E-01  0.13212047377093E+03 -0.19453830516564E+02  0.13174414172443E+03  0.79661618431577E+02 -0.43409979430033E+03 -0.38007427988063E+00  0.10929851902146E+00  0.69169896607165E+01  0.34112620081552E+02 -0.13925931184723E+02 -0.17243618926468E+03 -0.81608412496894E-12 -0.32645936249837E+02 -0.61955831689692E+03  0.45298183120701E-10 -0.16983399843253E+03 -0.17948295654709E+02 -0.69333258967375E+01 -0.11459095956871E+00 -0.81436446995633E-11 -0.19112762664210E+00 -0.75550613776620E-01  0.31991242006584E+02  0.68521442138923E+02 -0.21616527392076E+03 -0.17079380740923E-12
  -0.21538919004901E+02  0.13918927845591E+01 -0.12181324442690E+01  0.49403216780173E+01 -0.70987403840714E+00  0.16328895528057E+01  0.10668896709028E+01  0.97696607119993E+02 -0.24939201898730E+02 -0.73104434790228E+00  0.46754619447123E+00  0.16199427587575E+01 -0.57842983354045E-01  0.56136043098828E-01  0.96406949398029E+01 -0.44045329455683E+00  0.42448788332105E+01  0.15181415515323E+01 -0.18928559901704E+02 -0.21679904360113E-01 -0.66699521905145E-01  0.37709411078815E-04  0.90490460397213E-01 -0.82803967820338E-02  0.65067941178725E-01  0.16563600996418E-12 -0.90722499881570E+01 -0.19422225515925E+01  0.46024220476130E-11 -0.63434019711662E+01 -0.15431531456262E-03 -0.22682826515523E+00 -0.68401901866872E-11  0.29095278743240E-12 -0.27613088294587E-02 -0.15108293004576E-02 -0.17831931864442E+01  0.62280345325934E-03 -0.59363975894703E+01 -0.41415364487669E-12
   0.47558867730811E+05 -0.50296094879266E+04  0.14340840559815E+04  0.10338291957151E+05 -0.96811922919255E+03  0.22034158582948E+04  0.12550851499936E+04  0.67943370931323E+05  0.47200033596390E+05 -0.32483115545248E+04  0.98088443021486E+03  0.22002850072755E+04  0.13212047377093E+03  0.96406949398029E+01  0.45173707418257E+05 -0.41148806510751E+04  0.30630498508960E+05  0.16050334422482E+05 -0.29927647337174E+05  0.87241658515199E+01  0.81676991859804E+01 -0.43835038457504E+02 -0.19227796945707E+03  0.65992900006954E+03 -0.27084796667512E+04 -0.17646192883529E+04 -0.24786060693657E+04  0.20070754746208E+04  0.43229225905120E+04 -0.15683762718883E+04 -0.29667108553796E+04 -0.72666361717250E+03  0.23601557818120E+03  0.41809249070110E+03 -0.28680989718575E+04 -0.15268950914722E+04 -0.24100380118963E+04  0.19318634720295E+03 -0.88110397412448E+03 -0.98950413670203E+03
  -0.64334411970725E+04  0.57916728575011E+03 -0.20428536216664E+03 -0.13670816202812E+04  0.12351110824819E+03 -0.34160706009029E+03 -0.19115213510307E+03 -0.88588263811279E+04 -0.21370675468677E+04  0.40060706219405E+03 -0.10747343328215E+03 -0.28583386273236E+03 -0.19453830516564E+02 -0.44045329455683E+00 -0.41148806510751E+04  0.44242499094942E+03 -0.31970000643982E+04 -0.17527810323088E+04  0.32425319055060E+04 -0.17854284283086E+01 -0.11461924547381E+01 -0.14758837983649E+01 -0.37480439516809E+01 -0.13668765221328E+03  0.49601098853548E+03  0.30921346085966E+03  0.28706937365215E+03 -0.16808299163520E+03 -0.49779220510490E+03  0.16240372687455E+03  0.30627959752171E+03  0.80270795367326E+02 -0.62526238157355E+02 -0.10924914382908E+03  0.43386477387456E+03  0.21533820787085E+03 -0.29455067163954E+03 -0.34551013335555E+02  0.24658772595543E+03  0.27573698810246E+03
   0.42259881621770E+05 -0.44740013473902E+04  0.12975210309372E+04  0.84333176817427E+04 -0.77101406628305E+03  0.18260436981101E+04  0.96129052060694E+03  0.67423321403238E+05  0.14409759529616E+05 -0.27034872424067E+04  0.78358922185995E+03  0.21295451776976E+04  0.13174414172443E+03  0.42448788332105E+01  0.30630498508960E+05 -0.31970000643982E+04  0.23696833811937E+05  0.12798083521539E+05 -0.26607205907851E+05  0.67020069534800E+01  0.82194033341038E+01 -0.83750722279648E+02 -0.28008448611713E+03  0.45385274621540E+03 -0.23496493496497E+04 -0.15215908990158E+04 -0.24448382805189E+04  0.21025273444528E+04  0.42982878296379E+04 -0.12873544653299E+04 -0.24438789032954E+04 -0.58389466688766E+03  0.50595936903262E+02  0.10106160873294E+03 -0.23975883679734E+04 -0.13069572359374E+04  0.94140980538075E+03  0.19683650752109E+03 -0.14667902907539E+04 -0.16263726535142E+04
   0.24836624376074E+05 -0.24318626108637E+04  0.77534338619001E+03  0.50146437878520E+04 -0.44791216985691E+03  0.11974689585977E+04  0.63159034708169E+03  0.36850200227978E+05  0.69222966353481E+04 -0.15584286755340E+04  0.43050593084480E+03  0.12086617546388E+04  0.79661618431577E+02  0.15181415515323E+01  0.16050334422482E+05 -0.17527810323088E+04  0.12798083521539E+05  0.70230096041895E+04 -0.14328601787205E+05  0.53251834824320E+01  0.49255146385881E+01 -0.34557160544891E+02 -0.10110015820309E+03  0.37937578206135E+03 -0.16960405099180E+04 -0.10640970467428E+04 -0.12417811703702E+04  0.10048248505348E+04  0.23877332669249E+04 -0.65719224726601E+03 -0.12490833395908E+04 -0.32446065316976E+03  0.86518268986375E+02  0.15943255522642E+03 -0.15668212567051E+04 -0.81843062519596E+03  0.12274188859008E+04  0.14343702767499E+03 -0.10544913440256E+04 -0.11698590633085E+04
  -0.69502725180079E+07  0.23287025995524E+07 -0.34355154210077E+06 -0.15218025755312E+07  0.30536855944861E+06  0.60643328635821E+05 -0.10411054699518E+06 -0.42031866244925E+06  0.12242781627181E+05  0.38653267408489E+05 -0.38298656756967E+04 -0.69460036456774E+04 -0.43409979430033E+03 -0.18928559901704E+02 -0.29927647337174E+05  0.32425319055060E+04 -0.26607205907851E+05 -0.14328601787205E+05  0.18674831111782E+08  0.98171423077133E+04  0.53491436265533E+04  0.51831115537877E+05  0.55526853808514E+05  0.37445670039150E+06  0.29249272276425E+05  0.65140462865509E+05 -0.90274205332881E+03  0.48533572517451E+06  0.23516399880715E+07  0.15986815641908E+05  0.27229925689858E+05  0.19300965709986E+03  0.15740292069702E+06  0.68235856157134E+06  0.20929260344270E+05  0.66092178720918E+04 -0.14225708175730E+05  0.37934166472576E+05  0.17931511389429E+05  0.55234277138902E+05
  -0.30602027466042E+04  0.10268300041700E+04 -0.15163886736363E+03 -0.77296724444738E+03  0.15958962828460E+03  0.44860375681382E+02 -0.49100388013463E+02  0.14958013813479E+03 -0.85345776922613E+02  0.10248707128835E+02  0.42794190497792E+00 -0.64560231931182E+01 -0.38007427988063E+00 -0.21679904360113E-01  0.87241658515199E+01 -0.17854284283086E+01  0.67020069534800E+01  0.53251834824320E+01  0.98171423077133E+04  0.59442954788314E+01  0.32599343662880E+01  0.23665955300597E+02  0.26779798560769E+02  0.17696655802008E+03  0.00000000000000E+00  0.19176850414342E+02  0.00000000000000E+00  0.00000000000000E+00  0.13464496526350E+04  0.00000000000000E+00 -0.16585511525302E+02  0.00000000000000E+00  0.00000000000000E+00  0.39135219171447E+03  0.00000000000000E+00  0.00000000000000E+00  0.00000000000000E+00 -0.25136561879805E+02  0.00000000000000E+00  0.98076278188812E+01
  -0.20864662581507E+04  0.56905831785199E+03 -0.10037943097685E+03 -0.67896036417971E+03  0.12501394955157E+03 -0.26950990174862E+02 -0.72637636985700E+02 -0.32452243974254E+03  0.12560330952528E+02  0.25860496247540E+02 -0.28382282424975E+01 -0.12355638281423E+01  0.10929851902146E+00 -0.66699521905145E-01  0.81676991859804E+01 -0.11461924547381E+01  0.82194033341038E+01  0.49255146385881E+01  0.53491436265533E+04  0.32599343662880E+01  0.26812824874831E+01  0.67857102907013E+01 -0.28550242625507E+01  0.11365480166791E+03  0.00000000000000E+00  0.58860960487250E+02  0.00000000000000E+00  0.00000000000000E+00  0.11881117130644E+04  0.00000000000000E+00 -0.11742873443573E+02  0.00000000000000E+00  0.00000000000000E+00  0.21770248140524E+03  0.00000000000000E+00  0.00000000000000E+00  0.00000000000000E+00 -0.47699424980783E+02  0.00000000000000E+00  0.48270464711523E+02
  -0.17809874772732E+05  0.84383732895504E+04 -0.95662957674099E+03 -0.12909517602074E+04  0.45703202041901E+03  0.79786302467293E+03  0.25212561937073E+03  0.78482387214832E+04 -0.18420462131436E+04 -0.23726448994671E+03  0.51106666552123E+02  0.54635152857201E+02  0.69169896607165E+01  0.37709411078815E-04 -0.43835038457504E+02 -0.14758837983649E+01 -0.83750722279648E+02 -0.34557160544891E+02  0.51831115537877E+05  0.23665955300597E+02  0.67857102907013E+01  0.39249505007469E+03  0.71813102316881E+03  0.14876076696328E+04 -0.49830801405832E+02 -0.71508567899227E+02  0.24146831135570E+01  0.80558788282942E+03 -0.42441574767286E+03  0.00000000000000E+00 -0.93899755773325E+01  0.00000000000000E+00  0.23947242420310E+04  0.28379429871276E+04  0.00000000000000E+00  0.00000000000000E+00  0.00000000000000E+00  0.45746150078534E+01 -0.37907962585244E+03 -0.44985270706642E+03
  -0.55780731458760E+04  0.87016727633313E+04 -0.56654826939752E+03  0.34174243557655E+04  0.67913178719191E+02  0.23764981899715E+04  0.12385637579704E+04  0.38525366078796E+05 -0.94421648268516E+04 -0.11409159999017E+04  0.24538517216043E+03  0.31238446904833E+03  0.34112620081552E+02  0.90490460397213E-01 -0.19227796945707E+03 -0.37480439516809E+01 -0.28008448611713E+03 -0.10110015820309E+03  0.55526853808514E+05  0.26779798560769E+02 -0.28550242625507E+01  0.71813102316881E+03  0.19072289853875E+04  0.13765877732795E+04 -0.15808018915652E+03 -0.21424092513724E+03 -0.48836796299339E+02 -0.61447466754730E+04 -0.12679546001270E+05  0.00000000000000E+00 -0.23434961036644E+02  0.00000000000000E+00  0.33846840398583E+04  0.37617396878307E+04  0.00000000000000E+00  0.00000000000000E+00  0.00000000000000E+00  0.36213219110033E+02 -0.21326320095915E+04 -0.23420703549755E+04
  -0.21293982793140E+06  0.63593578121652E+05 -0.10404729884990E+05 -0.38623539822940E+05  0.76371904037442E+04  0.34824266169613E+03 -0.32902647473415E+04 -0.21968423523755E+05  0.31477855991212E+04  0.14605225970324E+04 -0.16202712858981E+03 -0.92595164163363E+02 -0.13925931184723E+02 -0.82803967820338E-02  0.65992900006954E+03 -0.13668765221328E+03  0.45385274621540E+03  0.37937578206135E+03  0.37445670039150E+06  0.17696655802008E+03  0.11365480166791E+03  0.14876076696328E+04  0.13765877732795E+04  0.15111845451823E+05  0.25649976291189E+03 -0.36451337304118E+03 -0.67384877017391E+01  0.38358105346416E+05  0.53291548156916E+05  0.00000000000000E+00 -0.10973073457703E+03  0.00000000000000E+00  0.16193354210564E+05  0.18868438368494E+05  0.00000000000000E+00  0.00000000000000E+00  0.00000000000000E+00  0.27524240641845E+03  0.15842499868789E+04  0.97020143825980E+03
  -0.12750886512646E+06  0.16647970831532E+05 -0.55458454766255E+04 -0.13292829257177E+05  0.19876091313341E+04 -0.22591988246095E+04 -0.21678940499291E+04 -0.60446625588779E+05  0.11086672830575E+05  0.26302797428356E+04 -0.42786739526422E+03 -0.11911751578427E+04 -0.17243618926468E+03  0.65067941178725E-01 -0.27084796667512E+04  0.49601098853548E+03 -0.23496493496497E+04 -0.16960405099180E+04  0.29249272276425E+05  0.00000000000000E+00  0.00000000000000E+00 -0.49830801405832E+02 -0.15808018915652E+03  0.25649976291189E+03  0.11689627441785E+06  0.00000000000000E+00  0.00000000000000E+00  0.00000000000000E+00  0.00000000000000E+00  0.00000000000000E+00  0.00000000000000E+00  0.00000000000000E+00  0.00000000000000E+00  0.00000000000000E+00  0.00000000000000E+00  0.00000000000000E+00  0.00000000000000E+00  0.00000000000000E+00  0.00000000000000E+00  0.00000000000000E+00
  -0.54015322245356E+05  0.82592685993405E+04 -0.23687426579217E+04 -0.22025031931119E+05  0.33306714069406E+04 -0.34032819468259E+04 -0.33704245045673E+04 -0.49051315274888E+05  0.10660050409990E+05  0.18260804234701E+04 -0.32643711517013E+03  0.70670962184020E-11 -0.81608412496894E-12  0.16563600996418E-12 -0.17646192883529E+04  0.30921346085966E+03 -0.15215908990158E+04 -0.10640970467428E+04  0.65140462865509E+05  0.19176850414342E+02  0.58860960487250E+02 -0.71508567899227E+02 -0.21424092513724E+03 -0.36451337304118E+03  0.00000000000000E+00  0.64644345830869E+05  0.00000000000000E+00  0.00000000000000E+00  0.00000000000000E+00  0.00000000000000E+00  0.00000000000000E+00  0.00000000000000E+00  0.00000000000000E+00  0.00000000000000E+00  0.00000000000000E+00  0.00000000000000E+00  0.00000000000000E+00  0.00000000000000E+00  0.00000000000000E+00  0.00000000000000E+00
  -0.43408500789512E+04 -0.24405305922710E+03  0.52563007342293E+02 -0.16185800205127E+03 -0.48878116547993E+02  0.94687389876864E+02  0.10981581288541E+03 -0.69254587381090E+05  0.24291004784929E+05  0.72416853020745E+03 -0.32290974576261E+03 -0.89221525961117E+03 -0.32645936249837E+02 -0.90722499881570E+01 -0.24786060693657E+04  0.28706937365215E+03 -0.24448382805189E+04 -0.12417811703702E+04 -0.90274205332881E+03  0.00000000000000E+00  0.00000000000000E+00  0.24146831135570E+01 -0.48836796299339E+02 -0.67384877017391E+01  0.00000000000000E+00  0.00000000000000E+00  0.30680221050587E+05  0.00000000000000E+00  0.00000000000000E+00  0.00000000000000E+00  0.00000000000000E+00  0.00000000000000E+00  0.00000000000000E+00  0.00000000000000E+00  0.00000000000000E+00  0.00000000000000E+00  0.00000000000000E+00  0.00000000000000E+00  0.00000000000000E+00  0.00000000000000E+00
  -0.84261475525955E+06  0.21034921162412E+06 -0.39044258602004E+05 -0.70416223582552E+05  0.11619729929053E+05 -0.60456857579425E+04 -0.83663009536260E+04 -0.28287602311619E+06  0.64627126264133E+05  0.10452544948455E+05 -0.18443493425304E+04 -0.54445666574919E+04 -0.61955831689692E+03 -0.19422225515925E+01  0.20070754746208E+04 -0.16808299163520E+03  0.21025273444528E+04  0.10048248505348E+04  0.48533572517451E+06  0.00000000000000E+00  0.00000000000000E+00  0.80558788282942E+03 -0.61447466754730E+04  0.38358105346416E+05  0.00000000000000E+00  0.00000000000000E+00  0.00000000000000E+00  0.58044308100011E+06  0.00000000000000E+00  0.00000000000000E+00  0.00000000000000E+00  0.00000000000000E+00  0.00000000000000E+00  0.00000000000000E+00  0.00000000000000E+00  0.00000000000000E+00  0.00000000000000E+00  0.00000000000000E+00  0.00000000000000E+00  0.00000000000000E+00
  -0.10900723950086E+07  0.26610409533070E+06 -0.50797154345433E+05 -0.36060043224475E+06  0.61058984414247E+05 -0.28522503653426E+05 -0.43115054345364E+05 -0.56093045298926E+06  0.12438495993286E+06  0.21787722419321E+05 -0.36972828325419E+04  0.80654148860514E-09  0.45298183120701E-10  0.46024220476130E-11  0.43229225905120E+04 -0.49779220510490E+03  0.42982878296379E+04  0.23877332669249E+04  0.23516399880715E+07  0.13464496526350E+04  0.11881117130644E+04 -0.42441574767286E+03 -0.12679546001270E+05  0.53291548156916E+05  0.00000000000000E+00  0.00000000000000E+00  0.00000000000000E+00  0.00000000000000E+00  0.91863892101347E+06  0.00000000000000E+00  0.00000000000000E+00  0.00000000000000E+00  0.00000000000000E+00  0.00000000000000E+00  0.00000000000000E+00  0.00000000000000E+00  0.00000000000000E+00  0.00000000000000E+00  0.00000000000000E+00  0.00000000000000E+00
  -0.20915508000333E+05  0.59124238806240E+04 -0.10167052594366E+04 -0.16174414618568E+04  0.34491442467067E+03  0.67792154498140E+02 -0.13288448641285E+03 -0.75510624479222E+05  0.23473337780315E+05  0.15112730982534E+04 -0.41321838908461E+03 -0.28351462956837E+04 -0.16983399843253E+03 -0.63434019711662E+01 -0.15683762718883E+04  0.16240372687455E+03 -0.12873544653299E+04 -0.65719224726601E+03  0.15986815641908E+05  0.00000000000000E+00  0.00000000000000E+00  0.00000000000000E+00  0.00000000000000E+00  0.00000000000000E+00  0.00000000000000E+00  0.00000000000000E+00  0.00000000000000E+00  0.00000000000000E+00  0.00000000000000E+00  0.15176602291389E+05  0.00000000000000E+00  0.00000000000000E+00  0.00000000000000E+00  0.00000000000000E+00  0.00000000000000E+00  0.00000000000000E+00  0.00000000000000E+00  0.00000000000000E+00  0.00000000000000E+00  0.00000000000000E+00
  -0.46673164333206E+05  0.13319477393534E+05 -0.22778354406928E+04 -0.26997705909217E+04  0.55974398999384E+03  0.86403060986503E+02 -0.21519114248530E+03 -0.16740244335043E+06  0.52202894302872E+05  0.32715272793081E+04 -0.91552501275714E+03 -0.69173064348989E+02 -0.17948295654709E+02 -0.15431531456262E-03 -0.29667108553796E+04  0.30627959752171E+03 -0.24438789032954E+04 -0.12490833395908E+04  0.27229925689858E+05 -0.16585511525302E+02 -0.11742873443573E+02 -0.93899755773325E+01 -0.23434961036644E+02 -0.10973073457703E+03  0.00000000000000E+00  0.00000000000000E+00  0.00000000000000E+00  0.00000000000000E+00  0.00000000000000E+00  0.00000000000000E+00  0.31780602746530E+05  0.00000000000000E+00  0.00000000000000E+00  0.00000000000000E+00  0.00000000000000E+00  0.00000000000000E+00  0.00000000000000E+00  0.00000000000000E+00  0.00000000000000E+00  0.00000000000000E+00
  -0.30768733240131E+04  0.41962392780565E+03 -0.11822557439257E+03 -0.75939961811439E+02  0.93173369231878E+01 -0.16849731701037E+02 -0.12194340290426E+02 -0.13268753149873E+04  0.16745997080597E+03  0.41732589518255E+02 -0.10000206657045E+02 -0.90025619265331E+02 -0.69333258967375E+01 -0.22682826515523E+00 -0.72666361717250E+03  0.80270795367326E+02 -0.58389466688766E+03 -0.32446065316976E+03  0.19300965709986E+03  0.00000000000000E+00  0.00000000000000E+00  0.00000000000000E+00  0.00000000000000E+00  0.00000000000000E+00  0.00000000000000E+00  0.00000000000000E+00  0.00000000000000E+00  0.00000000000000E+00  0.00000000000000E+00  0.00000000000000E+00  0.00000000000000E+00  0.37912830767103E+04  0.00000000000000E+00  0.00000000000000E+00  0.00000000000000E+00  0.00000000000000E+00  0.00000000000000E+00  0.00000000000000E+00  0.00000000000000E+00  0.00000000000000E+00
  -0.19907165183067E+06  0.63680714585493E+05 -0.98988697503244E+04 -0.12809056938415E+05  0.28206908498235E+04  0.83583803354638E+03 -0.71925245633106E+03 -0.50117833589869E+04  0.54127136460144E+03  0.48592095648108E+03 -0.37841722446759E+02 -0.15894600165812E+00 -0.11459095956871E+00 -0.68401901866872E-11  0.23601557818120E+03 -0.62526238157355E+02  0.50595936903262E+02  0.86518268986375E+02  0.15740292069702E+06  0.00000000000000E+00  0.00000000000000E+00  0.23947242420310E+04  0.33846840398583E+04  0.16193354210564E+05  0.00000000000000E+00  0.00000000000000E+00  0.00000000000000E+00  0.00000000000000E+00  0.00000000000000E+00  0.00000000000000E+00  0.00000000000000E+00  0.00000000000000E+00  0.10557921285596E+06  0.00000000000000E+00  0.00000000000000E+00  0.00000000000000E+00  0.00000000000000E+00  0.00000000000000E+00  0.00000000000000E+00  0.00000000000000E+00
  -0.22505393670376E+06  0.71714419914248E+05 -0.11179662692481E+05 -0.56603968338410E+05  0.12355891392739E+05  0.34730401056911E+04 -0.33105805870858E+04 -0.98339835790156E+04  0.10898649080053E+04  0.92067866855339E+03 -0.74154089103864E+02 -0.11720922418559E-09 -0.81436446995633E-11  0.29095278743240E-12  0.41809249070110E+03 -0.10924914382908E+03  0.10106160873294E+03  0.15943255522642E+03  0.68235856157134E+06  0.39135219171447E+03  0.21770248140524E+03  0.28379429871276E+04  0.37617396878307E+04  0.18868438368494E+05  0.00000000000000E+00  0.00000000000000E+00  0.00000000000000E+00  0.00000000000000E+00  0.00000000000000E+00  0.00000000000000E+00  0.00000000000000E+00  0.00000000000000E+00  0.00000000000000E+00  0.13828524142765E+06  0.00000000000000E+00  0.00000000000000E+00  0.00000000000000E+00  0.00000000000000E+00  0.00000000000000E+00  0.00000000000000E+00
  -0.90886777921952E+04  0.24724909684541E+04 -0.43309347107029E+03 -0.26576572479382E+04  0.45998131018091E+03 -0.15408056031510E+03 -0.29816635062953E+03  0.32913759198661E+03 -0.12563209237371E+04  0.12306382265976E+03 -0.11872255082433E+02 -0.18946721558715E+01 -0.19112762664210E+00 -0.27613088294587E-02 -0.28680989718575E+04  0.43386477387456E+03 -0.23975883679734E+04 -0.15668212567051E+04  0.20929260344270E+05  0.00000000000000E+00  0.00000000000000E+00  0.00000000000000E+00  0.00000000000000E+00  0.00000000000000E+00  0.00000000000000E+00  0.00000000000000E+00  0.00000000000000E+00  0.00000000000000E+00  0.00000000000000E+00  0.00000000000000E+00  0.00000000000000E+00  0.00000000000000E+00  0.00000000000000E+00  0.00000000000000E+00  0.82622604522292E+04  0.00000000000000E+00  0.00000000000000E+00  0.00000000000000E+00  0.00000000000000E+00  0.00000000000000E+00
  -0.32141906001579E+04  0.78422117679241E+03 -0.15060442616983E+03 -0.10275005490560E+04  0.17159132666199E+03 -0.91681159143569E+02 -0.12874528101474E+03  0.28422999026816E+03 -0.69623308832832E+03  0.55457904756668E+02 -0.56699876245224E+01 -0.82851386507092E+00 -0.75550613776620E-01 -0.15108293004576E-02 -0.15268950914722E+04  0.21533820787085E+03 -0.13069572359374E+04 -0.81843062519596E+03  0.66092178720918E+04  0.00000000000000E+00  0.00000000000000E+00  0.00000000000000E+00  0.00000000000000E+00  0.00000000000000E+00  0.00000000000000E+00  0.00000000000000E+00  0.00000000000000E+00  0.00000000000000E+00  0.00000000000000E+00  0.00000000000000E+00  0.00000000000000E+00  0.00000000000000E+00  0.00000000000000E+00  0.00000000000000E+00  0.00000000000000E+00  0.42398645437188E+04  0.00000000000000E+00  0.00000000000000E+00  0.00000000000000E+00  0.00000000000000E+00
  -0.15034582720380E+05 -0.23639938956877E+04  0.47684819851207E+02 -0.10565780348816E+05  0.43763999575821E+03 -0.31742768445632E+04 -0.13701578897696E+04 -0.27303742188470E+06  0.11273619893191E+06  0.31032604186231E+04 -0.10973483835958E+04  0.33009764730967E+03  0.31991242006584E+02 -0.17831931864442E+01 -0.24100380118963E+04 -0.29455067163954E+03  0.94140980538075E+03  0.12274188859008E+04 -0.14225708175730E+05  0.00000000000000E+00  0.00000000000000E+00  0.00000000000000E+00  0.00000000000000E+00  0.00000000000000E+00  0.00000000000000E+00  0.00000000000000E+00  0.00000000000000E+00  0.00000000000000E+00  0.00000000000000E+00  0.00000000000000E+00  0.00000000000000E+00  0.00000000000000E+00  0.00000000000000E+00  0.00000000000000E+00  0.00000000000000E+00  0.00000000000000E+00  0.12436948478418E+06  0.00000000000000E+00  0.00000000000000E+00  0.00000000000000E+00
   0.16407758389849E+05 -0.22633423741539E+04  0.71893063296249E+03 -0.16431119148516E+05  0.24935667354543E+04 -0.26392688792076E+04 -0.27298714820820E+04 -0.84696595325004E+04  0.15225429494944E+04  0.41781110113304E+03 -0.59739946706728E+02  0.30796437172450E+03  0.68521442138923E+02  0.62280345325934E-03  0.19318634720295E+03 -0.34551013335555E+02  0.19683650752109E+03  0.14343702767499E+03  0.37934166472576E+05 -0.25136561879805E+02 -0.47699424980783E+02  0.45746150078534E+01  0.36213219110033E+02  0.27524240641845E+03  0.00000000000000E+00  0.00000000000000E+00  0.00000000000000E+00  0.00000000000000E+00  0.00000000000000E+00  0.00000000000000E+00  0.00000000000000E+00  0.00000000000000E+00  0.00000000000000E+00  0.00000000000000E+00  0.00000000000000E+00  0.00000000000000E+00  0.00000000000000E+00  0.39301109237145E+05  0.00000000000000E+00  0.00000000000000E+00
  -0.70771169416150E+05  0.85646541572177E+04 -0.25615749239574E+04 -0.75746149108731E+04  0.81835707876893E+03 -0.16966030750221E+04 -0.10589752050134E+04 -0.14085187061154E+06  0.44253230628066E+05  0.27430687329938E+04 -0.76903640344840E+03 -0.31363114480981E+04 -0.21616527392076E+03 -0.59363975894703E+01 -0.88110397412448E+03  0.24658772595543E+03 -0.14667902907539E+04 -0.10544913440256E+04  0.17931511389429E+05  0.00000000000000E+00  0.00000000000000E+00 -0.37907962585244E+03 -0.21326320095915E+04  0.15842499868789E+04  0.00000000000000E+00  0.00000000000000E+00  0.00000000000000E+00  0.00000000000000E+00  0.00000000000000E+00  0.00000000000000E+00  0.00000000000000E+00  0.00000000000000E+00  0.00000000000000E+00  0.00000000000000E+00  0.00000000000000E+00  0.00000000000000E+00  0.00000000000000E+00  0.00000000000000E+00  0.95308944560764E+05  0.00000000000000E+00
  -0.55737422876906E+05  0.72187980975269E+04 -0.20781764168767E+04 -0.22319836045659E+05  0.25069071984129E+04 -0.48148388428645E+04 -0.31212644521979E+04 -0.17675322364099E+06  0.55031211255862E+05  0.35174773864556E+04 -0.97160656510564E+03 -0.23047565033567E-09 -0.17079380740923E-12 -0.41415364487669E-12 -0.98950413670203E+03  0.27573698810246E+03 -0.16263726535142E+04 -0.11698590633085E+04  0.55234277138902E+05  0.98076278188812E+01  0.48270464711523E+02 -0.44985270706642E+03 -0.23420703549755E+04  0.97020143825980E+03  0.00000000000000E+00  0.00000000000000E+00  0.00000000000000E+00  0.00000000000000E+00  0.00000000000000E+00  0.00000000000000E+00  0.00000000000000E+00  0.00000000000000E+00  0.00000000000000E+00  0.00000000000000E+00  0.00000000000000E+00  0.00000000000000E+00  0.00000000000000E+00  0.00000000000000E+00  0.00000000000000E+00  0.99764323613517E+05

 # Covariance matrix (Bevington epsilon)
