# fitpack15: fit parameters                                                                         
# CJ15 AV18 final data choices                                                                      
# Created on 03/01/2019 at 09:35:09                                                                 

 # QCD setup
  INS                           0
  NVL                          11
  IORD                          1
  Q02                   1.6899999999999999     
  IPARAMC                       7
  FLAVOR                5.0000000000000000     
  xmc                   1.3000000000000000     
  xmb                   4.5000000000000000     
  ncb                          12
  ihq                           1
  ias                           0

 # Theory corrections
  inuke                     10814
  itmc                          1
  iht                           1

 # fit parameters
 LAMBDA       0.22680        0.0000    
 a0uv          2.0516        0.0000    
 a1uv         0.58008       0.32688E-01
 a2uv          3.5696       0.15613E-01
 a3uv          0.0000        0.0000    
 a4uv          4.3633       0.86364    
 a5uv          0.0000        0.0000    
 a0dv          18.035        0.0000    
 a1dv          1.0689       0.70805E-01
 a2dv          6.5144       0.21060    
 a3dv         -3.6225       0.13215    
 a4dv          5.2423       0.39570    
 a5dv          0.0000        0.0000    
 a0ud         0.13860       0.58502E-02
 a1ud        -0.21320       0.44721E-02
 a2ud          8.7905       0.25634    
 a3ud          0.0000        0.0000    
 a4ud          17.715        2.0884    
 a5ud          0.0000        0.0000    
 a0du          35712.        0.0000    
 a1du          3.9631       0.98602E-01
 a2du          20.730       0.99821    
 a3du          17.000        0.0000    
 a4du          43.902        11.080    
 a0g           47.094        0.0000    
 a1g          0.60592       0.34249E-01
 a2g           6.8340        1.0055    
 a3g          -3.4056       0.15792    
 a4g           3.4579       0.40605    
 a5g           0.0000        0.0000    
 kappa        0.40000        0.0000    
 a6dv        -0.42617E-02   0.30416E-02
 a7dv          2.0000        0.0000    
 off1         -3.7593        3.5306    
 off2        -0.42249E-01   0.16660    
 ht1          -3.9886       0.36033    
 ht2           2.1295       0.12606    
 ht3          -2.0696       0.21602E-01
 ht4           0.0000        0.0000    
 dummy40       0.0000        0.0000    
 dummy41       0.0000        0.0000    
 dummy42       0.0000        0.0000    
 dummy43       0.0000        0.0000    
 dummy44       0.0000        0.0000    
 dummy45       0.0000        0.0000    
 dummy46       0.0000        0.0000    
 dummy47       0.0000        0.0000    
 dummy48       0.0000        0.0000    
 dummy49       0.0000        0.0000    
 bcdmsh2      0.96920       0.51039E-02
 bcdmsd2      0.99059       0.60748E-02
 ccfr          1.0000        0.0000    
 nutev         1.0000        0.0000    
 zeus         0.97998        0.0000    
 h1            1.0162        0.0000    
 e605          1.0319        0.0000    
 NmcH2         1.0069       0.73698E-02
 ntv_nu        1.0000        0.0000    
 ntv_nubar     1.0000        0.0000    
 cdf_jet      0.98910        0.0000    
 d0_jet       0.83504        0.0000    
 slac_p        1.0012       0.52639E-02
 slac_d        1.0020       0.57842E-02
 e866pp       0.96285       0.25042E-01
 e866pd       0.96942       0.20840E-01
 d0_gamjet     1.0368       0.16661E-01
 h1b          0.97608        0.0000    
 jlab_p       0.99439        0.0000    
 jlab_d       0.97560        0.0000    
 blank         1.0000        0.0000    
 d0run2       0.94194       0.14409E-01
 cdfrun2      0.93021       0.17453E-01
 HERA_el       1.0000        0.0000    
 HERA_ps       1.0000        0.0000    
 CDF_Z        0.95871       0.75729E-02
 NmcRat        1.0000        0.0000    
 BNS_F2nd     0.98244        0.0000    
 HERMES_F2p   0.99478       0.59196E-02
 HERMES_F2d   0.97814       0.62116E-02
 END 0. 0.

 # Hessian matrix (Bevington alpha)
   0.38695173972041E+07 -0.10025959631336E+07  0.15126554180783E+06  0.66803561018784E+06 -0.13044929647268E+06  0.36815700266956E+05  0.73733413701830E+05  0.10922494347567E+07 -0.15575043790185E+06 -0.50607282975879E+05  0.76976907974905E+04  0.11906320734930E+05  0.13144006798133E+04 -0.20371116541318E+02  0.50465950246579E+05 -0.69554293652660E+04  0.41052677739052E+05  0.24509353057235E+05 -0.47749147784243E+07 -0.26644918565249E+04 -0.40384250089774E+05  0.31833484161099E+05  0.10455559911505E+06  0.29324502274498E+06 -0.13112148657539E+06 -0.55247516811819E+05 -0.49522269260691E+04 -0.86357128437602E+06 -0.11104537766606E+07 -0.21184624056267E+05 -0.47359830718232E+05 -0.31664680261083E+04 -0.90802074317007E+04 -0.31986601550667E+04 -0.17321390236832E+05 -0.73431737937147E+05 -0.57429623290790E+05
  -0.10025959631336E+07  0.32366403773041E+06 -0.40290199449910E+05 -0.14454456439282E+06  0.31791802298694E+05  0.12346809690332E+03 -0.12632296422431E+05 -0.13383261632318E+06  0.21580266732820E+05  0.68873828041172E+04 -0.90529479365214E+03 -0.76353521963010E+03 -0.86321116820975E+02  0.12859157460825E+01 -0.53131616418550E+04  0.66055642852891E+03 -0.42327012783533E+04 -0.23841214781288E+04  0.15765411093693E+07  0.85353902289475E+03  0.95812599358055E+04 -0.54247188202127E+04 -0.20288638511625E+05 -0.69118231908584E+05  0.16781270916459E+05  0.82581457322155E+04 -0.21216763984967E+03  0.21139721002288E+06  0.26529276184431E+06  0.58638309513525E+04  0.13253276107223E+05  0.42057700736661E+03  0.24077820120562E+04  0.76114827046461E+03 -0.22341610971884E+04  0.86615881618672E+04  0.72264999304818E+04
   0.15126554180783E+06 -0.40290199449910E+05  0.59701584693429E+04  0.25725301792857E+05 -0.51483823935278E+04  0.11685941049287E+04  0.27808408241433E+04  0.33112531281418E+05 -0.41774513496367E+04 -0.17514798616377E+04  0.24025089649976E+03  0.27749022044614E+03  0.38340607810600E+02 -0.10743933510415E+01  0.13296907327307E+04 -0.19644501657174E+03  0.10969015159421E+04  0.67217490453192E+03 -0.19212641877322E+06 -0.10712015057295E+03 -0.15804238331467E+04  0.11992211426315E+04  0.39224366173827E+04  0.11313682649018E+05 -0.48286364703913E+04 -0.20406159171711E+04  0.27420400679277E+02 -0.33127586956646E+05 -0.42829517188107E+05 -0.84604707304505E+03 -0.18979901659532E+04 -0.10351760962315E+03 -0.35660670292937E+03 -0.12423578008975E+03 -0.46248236012028E+02 -0.22779044241736E+04 -0.18260806882480E+04
   0.66803561018784E+06 -0.14454456439282E+06  0.25725301792857E+05  0.19592575644326E+06 -0.35133803188796E+05  0.17952557775714E+05  0.24651965440994E+05  0.27039573295301E+06 -0.39631568716416E+05 -0.12992955505252E+05  0.18998849897152E+04  0.99050765075437E+03  0.97983632413088E+02  0.48616115781170E+01  0.10621752706219E+05 -0.14425224818813E+04  0.79762020632365E+04  0.48424032199608E+04 -0.94553499278065E+06 -0.67290168704369E+03 -0.14745322834674E+05  0.12981236364460E+05  0.37123435737147E+05  0.11875971243859E+06 -0.13324479093561E+05 -0.21975504748625E+05 -0.20619936864386E+03 -0.67746983326207E+05 -0.34887837015058E+06 -0.14726094738879E+04 -0.24712494379640E+04 -0.71189944692674E+02 -0.25001091150716E+04 -0.97395109301111E+03 -0.11571686681017E+05 -0.76506153590694E+04 -0.22491144651281E+05
  -0.13044929647268E+06  0.31791802298694E+05 -0.51483823935278E+04 -0.35133803188796E+05  0.70087475316107E+04 -0.17910843269757E+04 -0.40138234363413E+04 -0.24005065810839E+05  0.16211676287282E+04  0.16940640076907E+04 -0.18956247311194E+03 -0.20090781079622E+03 -0.15272328895212E+02 -0.75018685052773E+00 -0.10430985047770E+04  0.14024150130479E+03 -0.75560075708005E+03 -0.45401889260398E+03  0.21399557618769E+06  0.15210444987557E+03  0.27470279602279E+04 -0.21628121246718E+04 -0.60971247271906E+04 -0.20784192168819E+05  0.20210070509051E+04  0.34032964659682E+04 -0.48815341370665E+02  0.12038430755754E+05  0.63353502282915E+05  0.35066764575987E+03  0.57489476154459E+03  0.88833005715791E+01  0.47246857152282E+03  0.17441731502812E+03  0.47224692821664E+03  0.84008673682689E+03  0.25720494552439E+04
   0.36815700266956E+05  0.12346809690332E+03  0.11685941049287E+04  0.17952557775714E+05 -0.17910843269757E+04  0.47849908635403E+04  0.32217712780243E+04  0.66894471527796E+05 -0.11936970849129E+05 -0.24456005422884E+04  0.44926088962038E+03  0.96039353649079E+02  0.14790350170291E+02  0.14879559316311E+01  0.21331288842447E+04 -0.32599401839237E+03  0.16634889407495E+04  0.10874618616832E+04  0.11899793970712E+05  0.77749352292110E+01 -0.11795959997700E+04  0.14832780941895E+04  0.44020571613535E+04  0.11331754478690E+05 -0.20586359954652E+04 -0.31558130724668E+04  0.65762485405303E+02 -0.62647107360902E+04 -0.29459121844906E+05  0.37031076736790E+02  0.37378413169315E+02 -0.14850000048853E+02 -0.16993760049108E+03 -0.91165271312207E+02 -0.30605866112212E+04 -0.16080250288054E+04 -0.45566810401596E+04
   0.73733413701830E+05 -0.12632296422431E+05  0.27808408241433E+04  0.24651965440994E+05 -0.40138234363413E+04  0.32217712780243E+04  0.35065168927545E+04  0.37462754939224E+05 -0.46662771061229E+04 -0.19146161759874E+04  0.27341049935282E+03  0.15064449919994E+03  0.14678125923244E+02  0.10097713013884E+01  0.12229813957360E+04 -0.18720684013640E+03  0.87604280339512E+03  0.58049746615492E+03 -0.78573265821438E+05 -0.58873885665762E+02 -0.18210341676580E+04  0.17047869811133E+04  0.48665700032845E+04  0.14463126291045E+05 -0.20092505514156E+04 -0.31520601439270E+04  0.95286780424435E+02 -0.81177784997213E+04 -0.41745341947337E+05 -0.13320107288363E+03 -0.21836181420321E+03 -0.10781542783412E+02 -0.28911724433732E+03 -0.12195409598207E+03 -0.13309553337275E+04 -0.10047501115979E+04 -0.29569837429320E+04
   0.10922494347567E+07 -0.13383261632318E+06  0.33112531281418E+05  0.27039573295301E+06 -0.24005065810839E+05  0.66894471527796E+05  0.37462754939224E+05  0.55435355808914E+07 -0.24773675007682E+07 -0.85485427840244E+05  0.23612767040184E+05  0.33231384395774E+05  0.21692452513456E+04  0.10518811106633E+03  0.71787666358338E+05 -0.93671520978668E+04  0.66584239249336E+05  0.36609118722497E+05 -0.30490972916117E+06  0.10767015824185E+03 -0.98521708154812E+04  0.27707264136066E+05  0.88580278462062E+05  0.22875947530361E+06 -0.61924024890717E+05 -0.50176588954380E+05 -0.72143524396695E+05 -0.29192579121981E+06 -0.57557032663486E+06 -0.76549462474814E+05 -0.17030740506651E+06 -0.13736369144462E+04  0.50910313584967E+03  0.37353889272738E+03 -0.28396943201891E+06 -0.14684363068157E+06 -0.18302625951104E+06
  -0.15575043790185E+06  0.21580266732820E+05 -0.41774513496367E+04 -0.39631568716416E+05  0.16211676287282E+04 -0.11936970849129E+05 -0.46662771061229E+04 -0.24773675007682E+07  0.19280491343592E+07  0.19405472650554E+05 -0.60440847133755E+04 -0.63508082510906E+04 -0.32790147024973E+03 -0.26724356886693E+02  0.46761099953494E+05 -0.20994709580560E+04  0.13382142146528E+05  0.64021097301458E+04  0.36806378119668E+04 -0.82910773551584E+02  0.65613032920790E+03 -0.62373274584951E+04 -0.20255885116019E+05 -0.53554997257204E+05  0.11092278700917E+05  0.10653843200415E+05  0.24810206771150E+05  0.65456282160635E+05  0.12515416399855E+06  0.23264279889856E+05  0.51924364820782E+05  0.17120615710475E+03 -0.13138945331589E+04 -0.72202192749407E+03  0.11421728464879E+06  0.45059004262540E+05  0.55659172762669E+05
  -0.50607282975879E+05  0.68873828041172E+04 -0.17514798616377E+04 -0.12992955505252E+05  0.16940640076907E+04 -0.24456005422884E+04 -0.19146161759874E+04 -0.85485427840244E+05  0.19405472650554E+05  0.23645398840868E+04 -0.51263171861360E+03 -0.80485902561027E+03 -0.68284399755140E+02 -0.77513585479925E+00 -0.32732212751623E+04  0.40707336022631E+03 -0.25534333105723E+04 -0.14841370675219E+04  0.27547613132838E+05  0.12492960873642E+02  0.67738365288566E+03 -0.97796588750950E+03 -0.30084024028304E+04 -0.77060812164990E+04  0.26189487115853E+04  0.18155157848872E+04  0.72993837320663E+03  0.10395511770392E+05  0.21607813274756E+05  0.14799513244838E+04  0.32190435633122E+04  0.41825516628483E+02  0.11831711822803E+03  0.53131112752105E+02  0.31520269985735E+04  0.27753265026412E+04  0.35369662852416E+04
   0.76976907974905E+04 -0.90529479365214E+03  0.24025089649976E+03  0.18998849897152E+04 -0.18956247311194E+03  0.44926088962038E+03  0.27341049935282E+03  0.23612767040184E+05 -0.60440847133755E+04 -0.51263171861360E+03  0.13183769095797E+03  0.21440129030036E+03  0.15067882490203E+02  0.47609491186228E+00  0.94615693395663E+03 -0.10392287281877E+03  0.70948557982364E+03  0.39150205349532E+03 -0.26194828436790E+04  0.62563476250265E-01 -0.75782251528807E+02  0.16566464827926E+03  0.52711628203853E+03  0.13445099868199E+04 -0.40267596041870E+03 -0.30745446869060E+03 -0.31491152557530E+03 -0.17502543704347E+04 -0.34877986558254E+04 -0.38896356885036E+03 -0.86470319250423E+03 -0.95624043696844E+01 -0.10128891008548E+02 -0.48128823119916E+01 -0.10709184866452E+04 -0.74454447728046E+03 -0.93391568110416E+03
   0.11906320734930E+05 -0.76353521963010E+03  0.27749022044614E+03  0.99050765075437E+03 -0.20090781079622E+03  0.96039353649079E+02  0.15064449919994E+03  0.33231384395774E+05 -0.63508082510906E+04 -0.80485902561027E+03  0.21440129030036E+03  0.19995099296569E+04  0.12129183992728E+03  0.16941379803817E+01  0.21477704187165E+04 -0.28078439643772E+03  0.19465903926207E+04  0.11131810948173E+04 -0.57272387181792E+04 -0.62691250786327E+01 -0.73796827426623E+01 -0.88445865776483E+02 -0.59886606857558E+02 -0.15427248993023E+04 -0.11408169304032E+04 -0.33113664230903E-10 -0.86197420821512E+03 -0.52831649342910E+04 -0.16878930607317E-09 -0.27127209505666E+04 -0.62435673762287E+02 -0.87565533742954E+02 -0.18740924264995E+01 -0.81157118562162E+00  0.33229637823806E+03 -0.30612068972415E+04 -0.50366447342030E-10
   0.13144006798133E+04 -0.86321116820975E+02  0.38340607810600E+02  0.97983632413088E+02 -0.15272328895212E+02  0.14790350170291E+02  0.14678125923244E+02  0.21692452513456E+04 -0.32790147024973E+03 -0.68284399755140E+02  0.15067882490203E+02  0.12129183992728E+03  0.10106560296616E+02 -0.53338575596031E-01  0.12867888320207E+03 -0.19031772784474E+02  0.11947689243316E+03  0.72852434754927E+02 -0.36698746245363E+03 -0.31469814886707E+00  0.58648664817406E+01 -0.40084522284117E+01  0.66449804788615E+01 -0.11609309510302E+03 -0.16340887161385E+03 -0.20466865789379E-11 -0.31476002211391E+02 -0.59345766297874E+03  0.53955862633721E-12 -0.16165374304600E+03 -0.16022485186054E+02 -0.66997124810350E+01 -0.18660348166687E+00 -0.73174803522437E-01  0.31611108571272E+02 -0.21009655446068E+03 -0.44458900685848E-11
  -0.20371116541318E+02  0.12859157460825E+01 -0.10743933510415E+01  0.48616115781170E+01 -0.75018685052773E+00  0.14879559316311E+01  0.10097713013884E+01  0.10518811106633E+03 -0.26724356886693E+02 -0.77513585479925E+00  0.47609491186228E+00  0.16941379803817E+01 -0.53338575596031E-01  0.58649945680368E-01  0.99438827395014E+01 -0.46954349649355E+00  0.43448662597437E+01  0.15873189712632E+01 -0.16803321345344E+02 -0.36048051003000E-01 -0.18309174037451E+01 -0.30573809505373E+00 -0.71009458237462E+00 -0.35357185131042E+01  0.62692541174929E-01 -0.63449730831719E-13 -0.93686367529008E+01 -0.20864835771663E+01  0.87701456968732E-13 -0.65324183099105E+01 -0.17002901555892E-03 -0.23565191605376E+00 -0.29459547754904E-02 -0.15933719705889E-02 -0.17819352997795E+01 -0.62446517176221E+01 -0.15824546398858E-12
   0.50465950246579E+05 -0.53131616418550E+04  0.13296907327307E+04  0.10621752706219E+05 -0.10430985047770E+04  0.21331288842447E+04  0.12229813957360E+04  0.71787666358338E+05  0.46761099953494E+05 -0.32732212751623E+04  0.94615693395663E+03  0.21477704187165E+04  0.12867888320207E+03  0.99438827395014E+01  0.45814987992695E+05 -0.42026901601438E+04  0.29389650115628E+05  0.15464934907929E+05 -0.27001473501912E+05  0.93712957009996E+01  0.20127366481980E+03 -0.87856467391152E+02 -0.32242057763681E+03  0.14137798067152E+03 -0.27615492589759E+04 -0.17978540496088E+04 -0.24996454937452E+04  0.20304087204653E+04  0.44321954465037E+04 -0.15410407273743E+04 -0.29396114407459E+04 -0.73462575236450E+03 -0.29227303698644E+04 -0.15473741527172E+04 -0.24652901064202E+04 -0.92303215278000E+03 -0.10343957232137E+04
  -0.69554293652660E+04  0.66055642852891E+03 -0.19644501657174E+03 -0.14425224818813E+04  0.14024150130479E+03 -0.32599401839237E+03 -0.18720684013640E+03 -0.93671520978668E+04 -0.20994709580560E+04  0.40707336022631E+03 -0.10392287281877E+03 -0.28078439643772E+03 -0.19031772784474E+02 -0.46954349649355E+00 -0.42026901601438E+04  0.45479127605249E+03 -0.30749359193860E+04 -0.16952280506047E+04  0.32241763901230E+04 -0.17357484441226E+01 -0.25026338757220E+02  0.39735301381005E+01  0.11380861108796E+02 -0.10202979669002E+03  0.50722309470675E+03  0.31626545191785E+03  0.29016430157829E+03 -0.16945048825276E+03 -0.51623114862066E+03  0.16015910730524E+03  0.30445663115854E+03  0.81598243003077E+02  0.44338302501820E+03  0.21900795029288E+03 -0.29828628232018E+03  0.25417291273138E+03  0.28365334282024E+03
   0.41052677739052E+05 -0.42327012783533E+04  0.10969015159421E+04  0.79762020632365E+04 -0.75560075708005E+03  0.16634889407495E+04  0.87604280339512E+03  0.66584239249336E+05  0.13382142146528E+05 -0.25534333105723E+04  0.70948557982364E+03  0.19465903926207E+04  0.11947689243316E+03  0.43448662597437E+01  0.29389650115628E+05 -0.30749359193860E+04  0.21360458587298E+05  0.11581375152558E+05 -0.21396478680527E+05  0.76594173095994E+01  0.20605329670965E+03 -0.11121718124576E+03 -0.39080193607887E+03 -0.80237482856092E+02 -0.22133257468911E+04 -0.14354087758337E+04 -0.23240595242583E+04  0.20000641831920E+04  0.41063352902945E+04 -0.11952999037110E+04 -0.22865812043054E+04 -0.55468249791156E+03 -0.22769927500214E+04 -0.12355810894682E+04  0.78221702914669E+03 -0.13758617598538E+04 -0.15222284702630E+04
   0.24509353057235E+05 -0.23841214781288E+04  0.67217490453192E+03  0.48424032199608E+04 -0.45401889260398E+03  0.10874618616832E+04  0.58049746615492E+03  0.36609118722497E+05  0.64021097301458E+04 -0.14841370675219E+04  0.39150205349532E+03  0.11131810948173E+04  0.72852434754927E+02  0.15873189712632E+01  0.15464934907929E+05 -0.16952280506047E+04  0.11581375152558E+05  0.63858863111656E+04 -0.12018804308246E+05  0.56226144001440E+01  0.11809407562610E+03 -0.52234447620203E+02 -0.16973207827896E+03  0.11316623282191E+03 -0.16178765003048E+04 -0.10160317283594E+04 -0.11853953554838E+04  0.95638144595031E+03  0.23002752775115E+04 -0.61286489994943E+03 -0.11734608911140E+04 -0.30991406374370E+03 -0.15008410102493E+04 -0.77984520505336E+03  0.11356927014421E+04 -0.10049347564714E+04 -0.11125820325714E+04
  -0.47749147784243E+07  0.15765411093693E+07 -0.19212641877322E+06 -0.94553499278065E+06  0.21399557618769E+06  0.11899793970712E+05 -0.78573265821438E+05 -0.30490972916117E+06  0.36806378119668E+04  0.27547613132838E+05 -0.26194828436790E+04 -0.57272387181792E+04 -0.36698746245363E+03 -0.16803321345344E+02 -0.27001473501912E+05  0.32241763901230E+04 -0.21396478680527E+05 -0.12018804308246E+05  0.10864516624199E+08  0.71400298196722E+04  0.78611918057525E+05 -0.53198264747132E+05 -0.16620865445600E+06 -0.66537568486677E+06  0.24836311958037E+05  0.55301299018330E+05 -0.76635725939028E+03  0.41453244006469E+06  0.20215539418097E+07  0.13338728088349E+05  0.22939318316557E+05  0.14881874963804E+03  0.17584285790036E+05  0.55228495338430E+04 -0.11809093208837E+05  0.15283495607551E+05  0.47093140394186E+05
  -0.26644918565249E+04  0.85353902289475E+03 -0.10712015057295E+03 -0.67290168704369E+03  0.15210444987557E+03  0.77749352292110E+01 -0.58873885665762E+02  0.10767015824185E+03 -0.82910773551584E+02  0.12492960873642E+02  0.62563476250265E-01 -0.62691250786327E+01 -0.31469814886707E+00 -0.36048051003000E-01  0.93712957009996E+01 -0.17357484441226E+01  0.76594173095994E+01  0.56226144001440E+01  0.71400298196722E+04  0.54030209899706E+01  0.64644051123553E+02 -0.44698686657227E+02 -0.12997210312099E+03 -0.51978321897798E+03  0.00000000000000E+00  0.31577994729501E+02  0.00000000000000E+00  0.00000000000000E+00  0.15394020626761E+04  0.00000000000000E+00 -0.18451149631838E+02  0.00000000000000E+00  0.00000000000000E+00  0.00000000000000E+00  0.00000000000000E+00  0.00000000000000E+00  0.19699556023249E+02
  -0.40384250089774E+05  0.95812599358055E+04 -0.15804238331467E+04 -0.14745322834674E+05  0.27470279602279E+04 -0.11795959997700E+04 -0.18210341676580E+04 -0.98521708154812E+04  0.65613032920790E+03  0.67738365288566E+03 -0.75782251528807E+02 -0.73796827426623E+01  0.58648664817406E+01 -0.18309174037451E+01  0.20127366481980E+03 -0.25026338757220E+02  0.20605329670965E+03  0.11809407562610E+03  0.78611918057525E+05  0.64644051123553E+02  0.13877141823146E+04 -0.10566387250852E+04 -0.29484202011807E+04 -0.10232619521216E+05  0.00000000000000E+00  0.16506088381682E+04  0.00000000000000E+00  0.00000000000000E+00  0.29093336500485E+05  0.00000000000000E+00 -0.27731675094403E+03  0.00000000000000E+00  0.00000000000000E+00  0.00000000000000E+00  0.00000000000000E+00  0.00000000000000E+00  0.13567307447039E+04
   0.31833484161099E+05 -0.54247188202127E+04  0.11992211426315E+04  0.12981236364460E+05 -0.21628121246718E+04  0.14832780941895E+04  0.17047869811133E+04  0.27707264136066E+05 -0.62373274584951E+04 -0.97796588750950E+03  0.16566464827926E+03 -0.88445865776483E+02 -0.40084522284117E+01 -0.30573809505373E+00 -0.87856467391152E+02  0.39735301381005E+01 -0.11121718124576E+03 -0.52234447620203E+02 -0.53198264747132E+05 -0.44698686657227E+02 -0.10566387250852E+04  0.12040088479811E+04  0.33363892363389E+04  0.10867299712491E+05 -0.42791993107529E+02 -0.16659404825440E+04  0.46779278795722E+01  0.87637546551524E+03 -0.27799561959916E+05  0.00000000000000E+00 -0.43883092780943E+03  0.00000000000000E+00  0.00000000000000E+00  0.00000000000000E+00  0.00000000000000E+00 -0.27584516659940E+03 -0.24981913883102E+04
   0.10455559911505E+06 -0.20288638511625E+05  0.39224366173827E+04  0.37123435737147E+05 -0.60971247271906E+04  0.44020571613535E+04  0.48665700032845E+04  0.88580278462062E+05 -0.20255885116019E+05 -0.30084024028304E+04  0.52711628203853E+03 -0.59886606857558E+02  0.66449804788615E+01 -0.71009458237462E+00 -0.32242057763681E+03  0.11380861108796E+02 -0.39080193607887E+03 -0.16973207827896E+03 -0.16620865445600E+06 -0.12997210312099E+03 -0.29484202011807E+04  0.33363892363389E+04  0.96345287002430E+04  0.30082078591140E+05 -0.15722795785197E+03 -0.42002813480316E+04 -0.13626098184894E+02 -0.54587088979572E+04 -0.80651518240053E+05  0.00000000000000E+00 -0.10952089928449E+04  0.00000000000000E+00  0.00000000000000E+00  0.00000000000000E+00  0.00000000000000E+00 -0.18180528156714E+04 -0.74031891259750E+04
   0.29324502274498E+06 -0.69118231908584E+05  0.11313682649018E+05  0.11875971243859E+06 -0.20784192168819E+05  0.11331754478690E+05  0.14463126291045E+05  0.22875947530361E+06 -0.53554997257204E+05 -0.77060812164990E+04  0.13445099868199E+04 -0.15427248993023E+04 -0.11609309510302E+03 -0.35357185131042E+01  0.14137798067152E+03 -0.10202979669002E+03 -0.80237482856092E+02  0.11316623282191E+03 -0.66537568486677E+06 -0.51978321897798E+03 -0.10232619521216E+05  0.10867299712491E+05  0.30082078591140E+05  0.11116832976889E+06  0.25369867890063E+03 -0.19054103210803E+05 -0.45132293903015E+01  0.40456966098720E+05 -0.26481262701937E+06  0.00000000000000E+00 -0.51281539197920E+04  0.00000000000000E+00  0.00000000000000E+00  0.00000000000000E+00  0.00000000000000E+00  0.15830617455773E+04 -0.24186496736467E+05
  -0.13112148657539E+06  0.16781270916459E+05 -0.48286364703913E+04 -0.13324479093561E+05  0.20210070509051E+04 -0.20586359954652E+04 -0.20092505514156E+04 -0.61924024890717E+05  0.11092278700917E+05  0.26189487115853E+04 -0.40267596041870E+03 -0.11408169304032E+04 -0.16340887161385E+03  0.62692541174929E-01 -0.27615492589759E+04  0.50722309470675E+03 -0.22133257468911E+04 -0.16178765003048E+04  0.24836311958037E+05  0.00000000000000E+00  0.00000000000000E+00 -0.42791993107529E+02 -0.15722795785197E+03  0.25369867890063E+03  0.11717956845442E+06  0.00000000000000E+00  0.00000000000000E+00  0.00000000000000E+00  0.00000000000000E+00  0.00000000000000E+00  0.00000000000000E+00  0.00000000000000E+00  0.00000000000000E+00  0.00000000000000E+00  0.00000000000000E+00  0.00000000000000E+00  0.00000000000000E+00
  -0.55247516811819E+05  0.82581457322155E+04 -0.20406159171711E+04 -0.21975504748625E+05  0.34032964659682E+04 -0.31558130724668E+04 -0.31520601439270E+04 -0.50176588954380E+05  0.10653843200415E+05  0.18155157848872E+04 -0.30745446869060E+03 -0.33113664230903E-10 -0.20466865789379E-11 -0.63449730831719E-13 -0.17978540496088E+04  0.31626545191785E+03 -0.14354087758337E+04 -0.10160317283594E+04  0.55301299018330E+05  0.31577994729501E+02  0.16506088381682E+04 -0.16659404825440E+04 -0.42002813480316E+04 -0.19054103210803E+05  0.00000000000000E+00  0.64857033636800E+05  0.00000000000000E+00  0.00000000000000E+00  0.00000000000000E+00  0.00000000000000E+00  0.00000000000000E+00  0.00000000000000E+00  0.00000000000000E+00  0.00000000000000E+00  0.00000000000000E+00  0.00000000000000E+00  0.00000000000000E+00
  -0.49522269260691E+04 -0.21216763984967E+03  0.27420400679277E+02 -0.20619936864386E+03 -0.48815341370665E+02  0.65762485405303E+02  0.95286780424435E+02 -0.72143524396695E+05  0.24810206771150E+05  0.72993837320663E+03 -0.31491152557530E+03 -0.86197420821512E+03 -0.31476002211391E+02 -0.93686367529008E+01 -0.24996454937452E+04  0.29016430157829E+03 -0.23240595242583E+04 -0.11853953554838E+04 -0.76635725939028E+03  0.00000000000000E+00  0.00000000000000E+00  0.46779278795722E+01 -0.13626098184894E+02 -0.45132293903015E+01  0.00000000000000E+00  0.00000000000000E+00  0.30780577226344E+05  0.00000000000000E+00  0.00000000000000E+00  0.00000000000000E+00  0.00000000000000E+00  0.00000000000000E+00  0.00000000000000E+00  0.00000000000000E+00  0.00000000000000E+00  0.00000000000000E+00  0.00000000000000E+00
  -0.86357128437602E+06  0.21139721002288E+06 -0.33127586956646E+05 -0.67746983326207E+05  0.12038430755754E+05 -0.62647107360902E+04 -0.81177784997213E+04 -0.29192579121981E+06  0.65456282160635E+05  0.10395511770392E+05 -0.17502543704347E+04 -0.52831649342910E+04 -0.59345766297874E+03 -0.20864835771663E+01  0.20304087204653E+04 -0.16945048825276E+03  0.20000641831920E+04  0.95638144595031E+03  0.41453244006469E+06  0.00000000000000E+00  0.00000000000000E+00  0.87637546551524E+03 -0.54587088979572E+04  0.40456966098720E+05  0.00000000000000E+00  0.00000000000000E+00  0.00000000000000E+00  0.58178101442821E+06  0.00000000000000E+00  0.00000000000000E+00  0.00000000000000E+00  0.00000000000000E+00  0.00000000000000E+00  0.00000000000000E+00  0.00000000000000E+00  0.00000000000000E+00  0.00000000000000E+00
  -0.11104537766606E+07  0.26529276184431E+06 -0.42829517188107E+05 -0.34887837015058E+06  0.63353502282915E+05 -0.29459121844906E+05 -0.41745341947337E+05 -0.57557032663486E+06  0.12515416399855E+06  0.21607813274756E+05 -0.34877986558254E+04 -0.16878930607317E-09  0.53955862633721E-12  0.87701456968732E-13  0.44321954465037E+04 -0.51623114862066E+03  0.41063352902945E+04  0.23002752775115E+04  0.20215539418097E+07  0.15394020626761E+04  0.29093336500485E+05 -0.27799561959916E+05 -0.80651518240053E+05 -0.26481262701937E+06  0.00000000000000E+00  0.00000000000000E+00  0.00000000000000E+00  0.00000000000000E+00  0.92067382422319E+06  0.00000000000000E+00  0.00000000000000E+00  0.00000000000000E+00  0.00000000000000E+00  0.00000000000000E+00  0.00000000000000E+00  0.00000000000000E+00  0.00000000000000E+00
  -0.21184624056267E+05  0.58638309513525E+04 -0.84604707304505E+03 -0.14726094738879E+04  0.35066764575987E+03  0.37031076736790E+02 -0.13320107288363E+03 -0.76549462474814E+05  0.23264279889856E+05  0.14799513244838E+04 -0.38896356885036E+03 -0.27127209505666E+04 -0.16165374304600E+03 -0.65324183099105E+01 -0.15410407273743E+04  0.16015910730524E+03 -0.11952999037110E+04 -0.61286489994943E+03  0.13338728088349E+05  0.00000000000000E+00  0.00000000000000E+00  0.00000000000000E+00  0.00000000000000E+00  0.00000000000000E+00  0.00000000000000E+00  0.00000000000000E+00  0.00000000000000E+00  0.00000000000000E+00  0.00000000000000E+00  0.14855649715039E+05  0.00000000000000E+00  0.00000000000000E+00  0.00000000000000E+00  0.00000000000000E+00  0.00000000000000E+00  0.00000000000000E+00  0.00000000000000E+00
  -0.47359830718232E+05  0.13253276107223E+05 -0.18979901659532E+04 -0.24712494379640E+04  0.57489476154459E+03  0.37378413169315E+02 -0.21836181420321E+03 -0.17030740506651E+06  0.51924364820782E+05  0.32190435633122E+04 -0.86470319250423E+03 -0.62435673762287E+02 -0.16022485186054E+02 -0.17002901555892E-03 -0.29396114407459E+04  0.30445663115854E+03 -0.22865812043054E+04 -0.11734608911140E+04  0.22939318316557E+05 -0.18451149631838E+02 -0.27731675094403E+03 -0.43883092780943E+03 -0.10952089928449E+04 -0.51281539197920E+04  0.00000000000000E+00  0.00000000000000E+00  0.00000000000000E+00  0.00000000000000E+00  0.00000000000000E+00  0.00000000000000E+00  0.31430911296267E+05  0.00000000000000E+00  0.00000000000000E+00  0.00000000000000E+00  0.00000000000000E+00  0.00000000000000E+00  0.00000000000000E+00
  -0.31664680261083E+04  0.42057700736661E+03 -0.10351760962315E+03 -0.71189944692674E+02  0.88833005715791E+01 -0.14850000048853E+02 -0.10781542783412E+02 -0.13736369144462E+04  0.17120615710475E+03  0.41825516628483E+02 -0.95624043696844E+01 -0.87565533742954E+02 -0.66997124810350E+01 -0.23565191605376E+00 -0.73462575236450E+03  0.81598243003077E+02 -0.55468249791156E+03 -0.30991406374370E+03  0.14881874963804E+03  0.00000000000000E+00  0.00000000000000E+00  0.00000000000000E+00  0.00000000000000E+00  0.00000000000000E+00  0.00000000000000E+00  0.00000000000000E+00  0.00000000000000E+00  0.00000000000000E+00  0.00000000000000E+00  0.00000000000000E+00  0.00000000000000E+00  0.37963159586708E+04  0.00000000000000E+00  0.00000000000000E+00  0.00000000000000E+00  0.00000000000000E+00  0.00000000000000E+00
  -0.90802074317007E+04  0.24077820120562E+04 -0.35660670292937E+03 -0.25001091150716E+04  0.47246857152282E+03 -0.16993760049108E+03 -0.28911724433732E+03  0.50910313584967E+03 -0.13138945331589E+04  0.11831711822803E+03 -0.10128891008548E+02 -0.18740924264995E+01 -0.18660348166687E+00 -0.29459547754904E-02 -0.29227303698644E+04  0.44338302501820E+03 -0.22769927500214E+04 -0.15008410102493E+04  0.17584285790036E+05  0.00000000000000E+00  0.00000000000000E+00  0.00000000000000E+00  0.00000000000000E+00  0.00000000000000E+00  0.00000000000000E+00  0.00000000000000E+00  0.00000000000000E+00  0.00000000000000E+00  0.00000000000000E+00  0.00000000000000E+00  0.00000000000000E+00  0.00000000000000E+00  0.82945174764208E+04  0.00000000000000E+00  0.00000000000000E+00  0.00000000000000E+00  0.00000000000000E+00
  -0.31986601550667E+04  0.76114827046461E+03 -0.12423578008975E+03 -0.97395109301111E+03  0.17441731502812E+03 -0.91165271312207E+02 -0.12195409598207E+03  0.37353889272738E+03 -0.72202192749407E+03  0.53131112752105E+02 -0.48128823119916E+01 -0.81157118562162E+00 -0.73174803522437E-01 -0.15933719705889E-02 -0.15473741527172E+04  0.21900795029288E+03 -0.12355810894682E+04 -0.77984520505336E+03  0.55228495338430E+04  0.00000000000000E+00  0.00000000000000E+00  0.00000000000000E+00  0.00000000000000E+00  0.00000000000000E+00  0.00000000000000E+00  0.00000000000000E+00  0.00000000000000E+00  0.00000000000000E+00  0.00000000000000E+00  0.00000000000000E+00  0.00000000000000E+00  0.00000000000000E+00  0.00000000000000E+00  0.42335323046041E+04  0.00000000000000E+00  0.00000000000000E+00  0.00000000000000E+00
  -0.17321390236832E+05 -0.22341610971884E+04 -0.46248236012028E+02 -0.11571686681017E+05  0.47224692821664E+03 -0.30605866112212E+04 -0.13309553337275E+04 -0.28396943201891E+06  0.11421728464879E+06  0.31520269985735E+04 -0.10709184866452E+04  0.33229637823806E+03  0.31611108571272E+02 -0.17819352997795E+01 -0.24652901064202E+04 -0.29828628232018E+03  0.78221702914669E+03  0.11356927014421E+04 -0.11809093208837E+05  0.00000000000000E+00  0.00000000000000E+00  0.00000000000000E+00  0.00000000000000E+00  0.00000000000000E+00  0.00000000000000E+00  0.00000000000000E+00  0.00000000000000E+00  0.00000000000000E+00  0.00000000000000E+00  0.00000000000000E+00  0.00000000000000E+00  0.00000000000000E+00  0.00000000000000E+00  0.00000000000000E+00  0.12564927707805E+06  0.00000000000000E+00  0.00000000000000E+00
  -0.73431737937147E+05  0.86615881618672E+04 -0.22779044241736E+04 -0.76506153590694E+04  0.84008673682689E+03 -0.16080250288054E+04 -0.10047501115979E+04 -0.14684363068157E+06  0.45059004262540E+05  0.27753265026412E+04 -0.74454447728046E+03 -0.30612068972415E+04 -0.21009655446068E+03 -0.62446517176221E+01 -0.92303215278000E+03  0.25417291273138E+03 -0.13758617598538E+04 -0.10049347564714E+04  0.15283495607551E+05  0.00000000000000E+00  0.00000000000000E+00 -0.27584516659940E+03 -0.18180528156714E+04  0.15830617455773E+04  0.00000000000000E+00  0.00000000000000E+00  0.00000000000000E+00  0.00000000000000E+00  0.00000000000000E+00  0.00000000000000E+00  0.00000000000000E+00  0.00000000000000E+00  0.00000000000000E+00  0.00000000000000E+00  0.00000000000000E+00  0.95585247758084E+05  0.00000000000000E+00
  -0.57429623290790E+05  0.72264999304818E+04 -0.18260806882480E+04 -0.22491144651281E+05  0.25720494552439E+04 -0.45566810401596E+04 -0.29569837429320E+04 -0.18302625951104E+06  0.55659172762669E+05  0.35369662852416E+04 -0.93391568110416E+03 -0.50366447342030E-10 -0.44458900685848E-11 -0.15824546398858E-12 -0.10343957232137E+04  0.28365334282024E+03 -0.15222284702630E+04 -0.11125820325714E+04  0.47093140394186E+05  0.19699556023249E+02  0.13567307447039E+04 -0.24981913883102E+04 -0.74031891259750E+04 -0.24186496736467E+05  0.00000000000000E+00  0.00000000000000E+00  0.00000000000000E+00  0.00000000000000E+00  0.00000000000000E+00  0.00000000000000E+00  0.00000000000000E+00  0.00000000000000E+00  0.00000000000000E+00  0.00000000000000E+00  0.00000000000000E+00  0.00000000000000E+00  0.99988850697669E+05

 # Covariance matrix (Bevington epsilon)
   0.10685048192372E-02 -0.14597416115838E-03 -0.27856457520405E-01  0.34146983367226E-03  0.95110717351019E-04 -0.96774118156310E-04 -0.18042457951908E-02  0.93189845616660E-04  0.64004245667419E-04 -0.28833078792048E-02 -0.32195984669978E-01 -0.10127400025641E-02 -0.12784873136386E-01 -0.96259660276648E-01  0.25071397162362E-03  0.44842556109346E-02 -0.25741702404300E-05  0.18849440737626E-03 -0.11931417026071E-04  0.22995756027001E-01 -0.55514397143712E-03  0.17966032292658E-02 -0.10778645369540E-02 -0.29142600204943E-05  0.33356334231354E-04  0.36875490342536E-04  0.23133333070756E-04  0.32120789764782E-04  0.33277751119865E-04 -0.53566281781381E-03 -0.20643965325787E-03  0.45706138033039E-04 -0.39893711840088E-04 -0.52307888995674E-04  0.11170764830783E-03  0.34320585880683E-04  0.33272212914610E-04
  -0.14597416115838E-03  0.24377275091625E-03  0.54851576434582E-02  0.45443337441863E-04  0.12535077826844E-02 -0.56611604064701E-03  0.88599236646059E-03 -0.12547198519434E-04 -0.10023376091477E-04  0.12412956937076E-02  0.62209313092000E-02  0.22256557332910E-03  0.28408153556353E-02  0.32229851893661E-01  0.65064828907039E-04  0.46091907435912E-02 -0.16695934577708E-03  0.13861573027180E-02 -0.24777667722586E-04  0.25003385036558E-01 -0.86414879909545E-03 -0.24446172372001E-02  0.65478376962212E-03  0.11331210519454E-03  0.13192462500819E-04  0.10207910053942E-04  0.85662018082427E-05  0.81120719110310E-05  0.54306126636452E-05  0.91318968573602E-04  0.23790462975046E-04  0.12337965270508E-04 -0.99092857526496E-05 -0.57401287015454E-05 -0.18509392594275E-04  0.10264410384813E-04  0.76629769955000E-05
  -0.27856457520405E-01  0.54851576434581E-02  0.74587380254449E+00 -0.89160417500197E-02  0.59229566864844E-02 -0.12948378800548E-02  0.53538944195647E-01 -0.24190103740949E-02 -0.16827160311060E-02  0.85347978831980E-01  0.88328973038352E+00  0.27166011606715E-01  0.35589172705673E+00  0.27941968716934E+01 -0.55196186559906E-02 -0.68582453628566E-01 -0.16341064660452E-02  0.69471577933649E-02  0.20840686894701E-03 -0.46670629883755E+00  0.72107004086657E-02 -0.63086429276540E-01  0.32001230679256E-01  0.12853222212497E-02 -0.46887442841754E-03 -0.59991260483067E-03 -0.27550759816101E-03 -0.42000022669261E-03 -0.48065932880185E-03  0.15040390981893E-01  0.61551982851787E-02 -0.89858100288522E-03  0.64083214693691E-03  0.10073829113390E-02 -0.27518601458681E-02 -0.48242195478565E-03 -0.47816070726721E-03
   0.34146983367229E-03  0.45443337441854E-04 -0.89160417500204E-02  0.50133284288919E-02  0.10611884474347E-01  0.12589094005765E-02 -0.21187169599333E-01  0.17491372476776E-03  0.12146708513158E-03 -0.98491181973671E-02 -0.94425162941290E-01  0.41793214513071E-02 -0.15094040798675E-01  0.39419805188922E+00  0.58297955490627E-03  0.70152914656378E-02 -0.15638383294098E-03  0.54812251254256E-03  0.28588555168516E-04  0.39559875369884E-01  0.47303163569892E-02 -0.46063090085851E-02  0.83911208340250E-03  0.44002701683802E-03  0.30477763691331E-04  0.97377138744371E-05 -0.29978791015702E-04  0.18260772010307E-04 -0.17561210917814E-04 -0.23993057541986E-04 -0.75652330503074E-03  0.56105586598647E-04  0.31710907528428E-04  0.11538472825890E-04  0.24962551389782E-04  0.21831238634066E-04 -0.75909345048737E-05
   0.95110717350998E-04  0.12535077826844E-02  0.59229566864849E-02  0.10611884474347E-01  0.44351803628752E-01 -0.13725514503817E-01 -0.12510415593637E-01  0.11892676491118E-03  0.68271617290885E-04 -0.51329158966438E-02 -0.79830035532748E-01  0.60101292232260E-02 -0.34798483432980E-03  0.70831894365225E+00  0.17780048662932E-02  0.39074553149660E-01 -0.54455591492145E-02  0.15081274829319E-01 -0.19008470917663E-03  0.25345979043278E+00 -0.21231606705058E-02 -0.43757158869557E-02 -0.13212666358297E-02  0.84693248669318E-03  0.12471112085744E-03  0.64305115398272E-04  0.81537669802862E-04  0.48741246062367E-04 -0.68592017236710E-04  0.35532006800106E-03 -0.94766830717828E-03  0.13252469495521E-03  0.10544251051720E-03  0.19867052074773E-04  0.38032069356500E-04  0.85560248229146E-04 -0.29495205956191E-05
  -0.96774118156222E-04 -0.56611604064702E-03 -0.12948378800571E-02  0.12589094005765E-02 -0.13725514503818E-01  0.17464340317630E-01 -0.35500215273997E-01  0.27926771008011E-03  0.20819986256867E-03 -0.11402928819399E-01 -0.12216842801697E+00  0.51452854694641E-02 -0.13846319566194E-01  0.22932895316600E+00 -0.55613266021280E-03 -0.26834845302438E-01  0.55450881221130E-02 -0.14879845861986E-01  0.18989760827234E-03 -0.13242086398060E+00  0.94217258587029E-02 -0.12879132955469E-02  0.15478094677346E-02  0.18480496136012E-03 -0.45722510024716E-04 -0.68645183947992E-04 -0.19300374169018E-03 -0.34176929421600E-04 -0.35396729248439E-04 -0.67954844569548E-04 -0.93471212768274E-03  0.45157183480868E-04 -0.19630338826432E-04  0.29731698867883E-04 -0.83971956126878E-04 -0.70518953494052E-04 -0.73307750546656E-04
