# fitpack15: fit parameters                                                                         
# CJ15 AV18 final data choices                                                                      
# Created on 06/27/2019 at 12:35:31                                                                 

 # QCD setup
  INS                           0
  NVL                          11
  IORD                          1
  Q02                   1.6899999999999999     
  IPARAMC                       7
  FLAVOR                4.0000000000000000     
  xmc                   1.3000000000000000     
  xmb                   4.5000000000000000     
  ncb                          12
  ihq                           1
  ias                           0

 # Theory corrections
  inuke                     10114
  itmc                          1
  iht                           1

 # fit parameters
 LAMBDA       0.22680        0.0000    
 a0uv          2.4065        0.0000    
 a1uv         0.61519       0.25759E-01
 a2uv          3.5452       0.16961E-01
 a3uv          0.0000        0.0000    
 a4uv          3.4604       0.57946    
 a5uv          0.0000        0.0000    
 a0dv          24.838        0.0000    
 a1dv          1.1585       0.41137E-01
 a2dv          6.5750       0.25113    
 a3dv         -3.5056       0.10606    
 a4dv          4.6707       0.19828    
 a5dv          0.0000        0.0000    
 a0ud         0.14611       0.54773E-02
 a1ud        -0.20806       0.40367E-02
 a2ud          8.3151       0.22100    
 a3ud          0.0000        0.0000    
 a4ud          14.486        1.5037    
 a5ud          0.0000        0.0000    
 a0du          35712.        0.0000    
 a1du          4.0341       0.87511E-01
 a2du          20.284       0.98233    
 a3du          17.000        0.0000    
 a4du          52.876        13.124    
 a0g           45.479        0.0000    
 a1g          0.60304       0.31758E-01
 a2g           6.4215        1.0315    
 a3g          -3.3114       0.14044    
 a4g           3.1792       0.32146    
 a5g           0.0000        0.0000    
 kappa        0.40000        0.0000    
 a6dv        -0.32088E-02   0.22328E-02
 a7dv          2.0000        0.0000    
 off1          4.6183        6.4068    
 off2         0.12834       0.40817    
 off3         0.19238       0.44193    
 off4         0.95715       0.56132    
 ht1          -3.3200       0.28268    
 ht2           1.9235       0.11640    
 ht3          -2.0921       0.28878E-01
 ht4           0.0000        0.0000    
 dummy42       0.0000        0.0000    
 dummy43       0.0000        0.0000    
 dummy44       0.0000        0.0000    
 dummy45       0.0000        0.0000    
 dummy46       0.0000        0.0000    
 dummy47       0.0000        0.0000    
 dummy48       0.0000        0.0000    
 dummy49       0.0000        0.0000    
 bcdmsh2      0.97195       0.48820E-02
 bcdmsd2      0.99299       0.58617E-02
 ccfr          1.0000        0.0000    
 nutev         1.0000        0.0000    
 zeus         0.97998        0.0000    
 h1            1.0162        0.0000    
 e605          1.0319        0.0000    
 NmcH2         1.0090       0.71667E-02
 ntv_nu        1.0000        0.0000    
 ntv_nuba      1.0000        0.0000    
 cdf_jet      0.98910        0.0000    
 d0_jet       0.83504        0.0000    
 slac_p        1.0041       0.48887E-02
 slac_d        1.0044       0.53491E-02
 e866pp       0.96380       0.21998E-01
 e866pd       0.95896       0.19425E-01
 d0_gamje      1.0397       0.16576E-01
 h1b          0.97608        0.0000    
 jlab_p       0.99561       0.58948E-02
 jlab_d       0.97725       0.60316E-02
 blank         1.0000        0.0000    
 d0run2       0.94007       0.14724E-01
 cdfrun2      0.92672       0.17452E-01
 HERA_el       1.0000        0.0000    
 HERA_ps       1.0000        0.0000    
 CDF_Z        0.96389       0.69009E-02
 NmcRat        1.0000        0.0000    
 BNS_F2nd     0.97596       0.89452E-02
 HERMES_F     0.99728       0.56273E-02
 HERMES_F     0.98034       0.58679E-02
 END 0. 0.

 # Hessian matrix (Bevington alpha)
   0.47624489862673E+07 -0.12727770730421E+07  0.22953056999072E+06  0.57613172787691E+06 -0.14065196143036E+06  0.57661430351554E+04  0.75296024188909E+05  0.93285549999548E+06 -0.16876165923480E+06 -0.50327915996917E+05  0.77713949051789E+04  0.14246432594503E+05  0.15844713713112E+04 -0.78699572739274E+02  0.11543575174004E+05 -0.26178137630569E+04  0.15394074103817E+05  0.10613089383635E+05 -0.79965443920845E+07  0.25781121587136E+04 -0.32825385078723E+05 -0.42829365468030E+05  0.28958258188722E+05 -0.18841461247269E+05 -0.80449834769576E+04 -0.22764050290967E+06 -0.12697553622382E+06 -0.53813687126710E+05 -0.43506733857908E+04 -0.83898738776876E+06 -0.10849431137769E+07 -0.20631139612556E+05 -0.46541053818053E+05 -0.30675652457960E+04 -0.19830549696977E+06 -0.22373947766490E+06 -0.90312506530089E+04 -0.31950736032310E+04 -0.15069287584623E+05  0.16572672515305E+05 -0.70627632762284E+05 -0.55686059115194E+05
  -0.12727770730421E+07  0.41138538611806E+06 -0.63321798227455E+05 -0.14752858309684E+06  0.37798358334122E+05  0.54165979838928E+04 -0.15099552727867E+05 -0.12481112794358E+06  0.25626019536042E+05  0.77607823550813E+04 -0.98423603846851E+03 -0.11820628155753E+04 -0.13302353698298E+03  0.10188039439160E+02  0.29395809388537E+03  0.14902813979764E+02 -0.21615213027179E+03 -0.15897705628280E+03  0.27012902050306E+07 -0.83915361909841E+03  0.99818624766220E+04  0.12335135965246E+05 -0.10085158562776E+05  0.87242451592166E+04  0.94041946624869E+04  0.67462224664108E+05  0.16571891478336E+05  0.82350490607868E+04 -0.24555099113482E+03  0.20962164153446E+06  0.26452795210631E+06  0.58170041835064E+04  0.13277893888746E+05  0.41897220196017E+03  0.63444712872178E+05  0.71217367677179E+05  0.24468120461455E+04  0.77623316071754E+03 -0.23625669639136E+04 -0.22661006004961E+04  0.85504693780092E+04  0.72177573001394E+04
   0.22953056999072E+06 -0.63321798227455E+05  0.11181709209037E+05  0.27319281798655E+05 -0.68593437106647E+04 -0.17529436603366E+03  0.34454239996076E+04  0.32940962442595E+05 -0.57388835161880E+04 -0.20904861630810E+04  0.27941577363493E+03  0.44343719153012E+03  0.57374168321083E+02 -0.37354562496628E+01 -0.23813674756188E+03 -0.27261656240174E+02 -0.14664798540913E+02  0.83558331350557E+02 -0.39992437593538E+06  0.12815451839179E+03 -0.16274524467703E+04 -0.20955886731736E+04  0.14478483823227E+04 -0.10188926953520E+04 -0.69901339779574E+03 -0.11219950532991E+05 -0.55677126425807E+04 -0.23794137325070E+04  0.52964921742024E+02 -0.39257988648671E+05 -0.51042402373839E+05 -0.10120582831431E+04 -0.22937404703082E+04 -0.11879224430331E+03 -0.99678188555340E+04 -0.11232786942712E+05 -0.43443580538708E+03 -0.15105332478261E+03  0.52683721075283E+02  0.73124754695822E+03 -0.25758717373256E+04 -0.20925717147454E+04
   0.57613172787691E+06 -0.14752858309684E+06  0.27319281798655E+05  0.29552217626345E+06 -0.47643286591763E+05  0.54934992438576E+05  0.48362333967881E+05  0.32269943887575E+06 -0.29584303129971E+05 -0.16490693416698E+05  0.30561430278371E+04 -0.76811492847986E+03 -0.71293191502476E+02  0.32981976367567E+02  0.27506581684337E+05 -0.32091177046586E+04  0.24361464376189E+05  0.13417486424337E+05 -0.17209761727179E+07  0.58882583189867E+03 -0.90968919382801E+04 -0.12188085275310E+05  0.61801992618166E+04 -0.12733500770010E+04  0.28598407573036E+04 -0.39839038065874E+05 -0.12707657764967E+05 -0.21010044613140E+05 -0.71755684762054E+02 -0.64958636410461E+05 -0.33648359082257E+06 -0.13709522139577E+04 -0.24418416512034E+04 -0.71289539275713E+02 -0.11432589224342E+05 -0.51276333470685E+05 -0.24572792210521E+04 -0.96058639265567E+03 -0.96996661619271E+04 -0.15925647111992E+05 -0.71898342331419E+04 -0.21247418615370E+05
  -0.14065196143036E+06  0.37798358334122E+05 -0.68593437106647E+04 -0.47643286591763E+05  0.92418916731498E+04 -0.56292293976934E+04 -0.72308844508766E+04 -0.30204223083349E+05  0.11505140453783E+04  0.21719339593577E+04 -0.30881035772987E+03 -0.65398201814463E+02 -0.19817834787251E+01 -0.25934627360301E+01 -0.22248015832728E+04  0.25613220309080E+03 -0.19221642936712E+04 -0.10571013638388E+04  0.39394334490622E+06 -0.13867760898700E+03  0.20389859918303E+04  0.25803228724860E+04 -0.14732782168984E+04  0.57813941132905E+03  0.29626759465721E+03  0.88606905493097E+04  0.19888855675246E+04  0.33612404844263E+04 -0.56926197354746E+02  0.11890336493076E+05  0.62926011552748E+05  0.33349206653171E+03  0.57437817905278E+03  0.91785206628556E+01  0.29432945662342E+04  0.13049847494775E+05  0.47615366646028E+03  0.17649990469727E+03  0.34894362898347E+03  0.25284321473399E+04  0.81756606233400E+03  0.25207231170890E+04
   0.57661430351554E+04  0.54165979838928E+04 -0.17529436603366E+03  0.54934992438576E+05 -0.56292293976934E+04  0.17633200422061E+05  0.10727479560932E+05  0.97527906297786E+05 -0.99448946052475E+04 -0.41638737631572E+04  0.91346996954903E+03 -0.42419567838947E+03 -0.35698781151763E+02  0.11451651012418E+02  0.84709741670609E+04 -0.10269648077262E+04  0.75772651537773E+04  0.42667329740279E+04 -0.42424622478773E+05  0.18219703136508E+01 -0.46993766910365E+03 -0.93113609910465E+03 -0.63560020909426E+02  0.70804789309553E+03  0.24498263986423E+04 -0.18765441137420E+04 -0.28560680911785E+04 -0.43674680367918E+04  0.15528821153538E+03 -0.91230811617059E+04 -0.44595401768591E+05 -0.73182224973008E+01 -0.43230663848367E+02 -0.19321162525728E+02  0.28073471221878E+03  0.10126296901144E+04 -0.28142530518980E+03 -0.14027850521290E+03 -0.30961526615984E+04 -0.34991560131160E+04 -0.18779573403836E+04 -0.53883145290573E+04
   0.75296024188909E+05 -0.15099552727867E+05  0.34454239996076E+04  0.48362333967881E+05 -0.72308844508766E+04  0.10727479560932E+05  0.86887035528968E+04  0.54097393981740E+05 -0.36806570146576E+04 -0.29857442343400E+04  0.53238743554742E+03 -0.99099348086373E+02 -0.10682189990731E+02  0.56567607337239E+01  0.42580499635126E+04 -0.51711719489545E+03  0.36970364841162E+04  0.20953315024239E+04 -0.19723737116779E+06  0.63551221395266E+02 -0.12328484132080E+04 -0.17090503119474E+04  0.60991229954307E+03  0.15535484313270E+03  0.11729605582149E+04 -0.51006553312740E+04 -0.25137418593417E+04 -0.39416174549650E+04  0.13785925648189E+03 -0.10190843031298E+05 -0.53065978234703E+05 -0.17103192610045E+03 -0.29526078549914E+03 -0.13466015994835E+02 -0.10861688131159E+04 -0.50087985388839E+04 -0.37600800404088E+03 -0.15805147936271E+03 -0.13048244037970E+04 -0.32433643597598E+04 -0.11600577371352E+04 -0.34508375180947E+04
   0.93285549999548E+06 -0.12481112794358E+06  0.32940962442595E+05  0.32269943887575E+06 -0.30204223083349E+05  0.97527906297786E+05  0.54097393981740E+05  0.49594625152878E+07 -0.23087037764575E+07 -0.84368086514844E+05  0.25761312019858E+05  0.26976333910133E+05  0.18088144885234E+04  0.86479652773594E+02  0.81112995540918E+05 -0.10359493819009E+05  0.84613107352602E+05  0.45598318561630E+05 -0.55970236878591E+06  0.29872051283606E+03  0.16584333185872E+04 -0.64604107413451E+04  0.24931450566255E+04  0.73144422335762E+04  0.37091986192685E+05 -0.29607928475217E+05 -0.60681330541780E+05 -0.48663528350381E+05 -0.66813228112895E+05 -0.28131446019979E+06 -0.55767665156781E+06 -0.72847124921753E+05 -0.16321791227581E+06 -0.13280380982287E+04 -0.57273268234354E+04 -0.11333677321305E+05  0.16261258658074E+03  0.20943680740828E+03 -0.26214775498493E+06 -0.86798665957287E+04 -0.13705156653358E+06 -0.17004081055689E+06
  -0.16876165923480E+06  0.25626019536042E+05 -0.57388835161880E+04 -0.29584303129971E+05  0.11505140453783E+04 -0.99448946052475E+04 -0.36806570146576E+04 -0.23087037764575E+07  0.19242831348025E+07  0.18911608815514E+05 -0.65031184349020E+04 -0.57378012873842E+04 -0.31239461412360E+03 -0.13181510934682E+02  0.50153728661468E+05 -0.23870698877493E+04  0.17478337129784E+05  0.85169655758686E+04  0.35948364082685E+04 -0.60292016882000E+02 -0.17182911520056E+04  0.46088683163307E+03 -0.44885593691385E+03 -0.17781320186173E+04 -0.93707707169414E+04  0.47884217829835E+04  0.11435606814645E+05  0.10795610019441E+05  0.24021301281732E+05  0.65406703025536E+05  0.12545762396657E+06  0.23164357928770E+05  0.52003462375447E+05  0.17767222537370E+03  0.62399173649574E+03  0.12701711827620E+04 -0.12314271258494E+04 -0.68418190655151E+03  0.11129434747789E+06  0.15916907148346E+04  0.44130085858129E+05  0.54213732921526E+05
  -0.50327915996917E+05  0.77607823550813E+04 -0.20904861630810E+04 -0.16490693416698E+05  0.21719339593577E+04 -0.41638737631572E+04 -0.29857442343400E+04 -0.84368086514844E+05  0.18911608815514E+05  0.25931315642932E+04 -0.63265405568333E+03 -0.69476618743450E+03 -0.61239446137531E+02 -0.13256189464833E+01 -0.39182961515138E+04  0.47645691980551E+03 -0.35815126971285E+04 -0.20164537946036E+04  0.52619305600292E+05 -0.18466794417537E+02  0.24851752208595E+03  0.50764683066564E+03 -0.16862380864032E+03 -0.21711104428594E+03 -0.11135475052423E+04  0.18901890556800E+04  0.27335645019613E+04  0.18906722943350E+04  0.72547601963656E+03  0.10922206510675E+05  0.22852244313336E+05  0.15317639461826E+04  0.33621065309315E+04  0.42938939399456E+02  0.57557617932430E+03  0.10994155926810E+04  0.13273562673033E+03  0.59191790801230E+02  0.30798602508670E+04  0.44387356061482E+03  0.27809870640579E+04  0.35359702531519E+04
   0.77713949051789E+04 -0.98423603846851E+03  0.27941577363493E+03  0.30561430278371E+04 -0.30881035772987E+03  0.91346996954903E+03  0.53238743554742E+03  0.25761312019858E+05 -0.65031184349020E+04 -0.63265405568333E+03  0.17984560885968E+03  0.20697156052072E+03  0.15092215995246E+02  0.59008003468967E+00  0.12563874525582E+04 -0.13895547720008E+03  0.10993726866584E+04  0.59662050418369E+03 -0.59737912987212E+04  0.22773424377048E+01 -0.59591741487582E+01 -0.61943483559115E+02  0.19731139310447E+02  0.53801694135988E+02  0.26662174113243E+03 -0.24476100689711E+03 -0.48888105909309E+03 -0.36802502749546E+03 -0.34166736883018E+03 -0.20858442192464E+04 -0.41885728631588E+04 -0.44631138185386E+03 -0.10001678893082E+04 -0.11179849906057E+02 -0.49888920932000E+02 -0.98534669087919E+02 -0.14916284888672E+02 -0.70407858211934E+01 -0.11608117568727E+04 -0.69955318298405E+02 -0.83722904627924E+03 -0.10469571156826E+04
   0.14246432594503E+05 -0.11820628155753E+04  0.44343719153012E+03 -0.76811492847986E+03 -0.65398201814463E+02 -0.42419567838947E+03 -0.99099348086373E+02  0.26976333910133E+05 -0.57378012873842E+04 -0.69476618743450E+03  0.20697156052072E+03  0.17050420015297E+04  0.11020167115536E+03 -0.63777622058809E+00  0.15090218052486E+04 -0.20867189466876E+03  0.16900948657781E+04  0.96240461562292E+03 -0.61452733700477E+04  0.10511283255592E+01 -0.98946428133692E+02 -0.27444895462972E+02  0.63662524893082E+01  0.55319881199525E+02  0.30249917692407E+03 -0.60328939250256E+02 -0.11347380036033E+04  0.39795004371951E-10 -0.74991039278886E+03 -0.50513245827481E+04 -0.65178027482137E-09 -0.24660299933195E+04 -0.71367264713125E+02 -0.80786093449663E+02 -0.19652588795695E+00 -0.38061736207398E-10 -0.17966372339371E+01 -0.77365668739782E+00  0.28465443982182E+03  0.31066583547909E+03 -0.27873061097273E+04  0.32522773190653E-10
   0.15844713713112E+04 -0.13302353698298E+03  0.57374168321083E+02 -0.71293191502476E+02 -0.19817834787251E+01 -0.35698781151763E+02 -0.10682189990731E+02  0.18088144885234E+04 -0.31239461412360E+03 -0.61239446137531E+02  0.15092215995246E+02  0.11020167115536E+03  0.97834391579154E+01 -0.13183447563218E+00  0.84271900075708E+02 -0.14017778860771E+02  0.10359545420047E+03  0.63732513968253E+02 -0.36038588549649E+03  0.16163619383647E+00 -0.24890998328217E+01  0.10660385701974E+01  0.10080784532457E+01  0.69674396927716E+01  0.33405305927327E+02 -0.11936055081450E+02 -0.16644172352157E+03  0.80796269145490E-12 -0.28780445660351E+02 -0.58981292356678E+03 -0.24345806475038E-10 -0.15269358485548E+03 -0.18716581801936E+02 -0.64460606033797E+01 -0.14151396001353E+00 -0.79803389439671E-11 -0.18749372606842E+00 -0.73069441454524E-01  0.28522856316338E+02  0.69438486119263E+02 -0.19853945187018E+03 -0.36702268265150E-11
  -0.78699572739274E+02  0.10188039439160E+02 -0.37354562496628E+01  0.32981976367567E+02 -0.25934627360301E+01  0.11451651012418E+02  0.56567607337239E+01  0.86479652773594E+02 -0.13181510934682E+02 -0.13256189464833E+01  0.59008003468967E+00 -0.63777622058809E+00 -0.13183447563218E+00  0.41330208145322E-01  0.13279293547433E+02 -0.93894201402264E+00  0.79933058188265E+01  0.36394632708389E+01 -0.34973594425602E+02 -0.27545258165450E-01 -0.13375436385383E+01 -0.91016199289264E+00 -0.12626010732251E+00 -0.49399686584543E-02  0.21385688621781E-01  0.15113520016712E-01  0.69125561114124E-01  0.33473051989520E-12 -0.60214697905851E+01 -0.76872364567149E+00  0.32117935769079E-11 -0.33356206747526E+01 -0.16687642873417E-04 -0.13861404804792E+00  0.20778118428076E-12  0.12087716949983E-12 -0.17066961020185E-02 -0.93763605332211E-03 -0.16740337386359E+01  0.47980072820269E-04 -0.31204730626680E+01  0.18947285582683E-12
   0.11543575174004E+05  0.29395809388537E+03 -0.23813674756188E+03  0.27506581684337E+05 -0.22248015832728E+04  0.84709741670609E+04  0.42580499635126E+04  0.81112995540918E+05  0.50153728661468E+05 -0.39182961515138E+04  0.12563874525582E+04  0.15090218052486E+04  0.84271900075708E+02  0.13279293547433E+02  0.49083189139150E+05 -0.45446457772655E+04  0.36286318702208E+05  0.18918935739445E+05 -0.46459230652996E+05 -0.41131201115148E+01  0.14122371307024E+03  0.13890781340178E+03 -0.41762533330004E+02 -0.37943456697804E+02 -0.17974418248620E+03  0.68783002189300E+03 -0.26734621556363E+04 -0.17529439626297E+04 -0.24658679203031E+04  0.19586059869397E+04  0.42387997663377E+04 -0.15356177312246E+04 -0.30046432319550E+04 -0.71966918262860E+03  0.25754993133528E+03  0.46233263595706E+03 -0.28774884224081E+04 -0.15249098491733E+04 -0.24502131893174E+04  0.18780684766903E+03 -0.86460025182810E+03 -0.97326822025612E+03
  -0.26178137630569E+04  0.14902813979764E+02 -0.27261656240174E+02 -0.32091177046586E+04  0.25613220309080E+03 -0.10269648077262E+04 -0.51711719489545E+03 -0.10359493819009E+05 -0.23870698877493E+04  0.47645691980551E+03 -0.13895547720008E+03 -0.20867189466876E+03 -0.14017778860771E+02 -0.93894201402264E+00 -0.45446457772655E+04  0.49089219128849E+03 -0.38574217830818E+04 -0.20903455778126E+04  0.48752555784627E+04  0.95756756002678E+00 -0.25949086837631E+02 -0.22377642982476E+02  0.98688620697285E+01 -0.31334255563615E+01 -0.76555703541761E+01 -0.14280735037155E+03  0.49716604567442E+03  0.31144357223978E+03  0.28415004879706E+03 -0.15561481348649E+03 -0.47801568480181E+03  0.15978148998530E+03  0.31164707947858E+03  0.79607287946190E+02 -0.69362673055803E+02 -0.12284480239786E+03  0.44187086283245E+03  0.21752453670695E+03 -0.29912794831646E+03 -0.33718454411837E+02  0.24696627358443E+03  0.27676753446245E+03
   0.15394074103817E+05 -0.21615213027179E+03 -0.14664798540913E+02  0.24361464376189E+05 -0.19221642936712E+04  0.75772651537773E+04  0.36970364841162E+04  0.84613107352602E+05  0.17478337129784E+05 -0.35815126971285E+04  0.10993726866584E+04  0.16900948657781E+04  0.10359545420047E+03  0.79933058188265E+01  0.36286318702208E+05 -0.38574217830818E+04  0.30792361857343E+05  0.16534074819031E+05 -0.42847222761196E+05 -0.30094101264220E+01  0.17686396442647E+03  0.16297749945395E+03 -0.27963135315811E+02 -0.81883605790878E+02 -0.25919732585798E+03  0.61462303391036E+03 -0.28301056226878E+04 -0.18130604790335E+04 -0.25372966249603E+04  0.21380356262768E+04  0.46773580284325E+04 -0.13171847164589E+04 -0.25901117791530E+04 -0.63012408949904E+03  0.94655549126020E+02  0.18524163163653E+03 -0.27849470767926E+04 -0.14889981727600E+04  0.14427195359117E+04  0.24551443765934E+03 -0.17549035784490E+04 -0.19484861372041E+04
   0.10613089383635E+05 -0.15897705628280E+03  0.83558331350557E+02  0.13417486424337E+05 -0.10571013638388E+04  0.42667329740279E+04  0.20953315024239E+04  0.45598318561630E+05  0.85169655758686E+04 -0.20164537946036E+04  0.59662050418369E+03  0.96240461562292E+03  0.63732513968253E+02  0.36394632708389E+01  0.18918935739445E+05 -0.20903455778126E+04  0.16534074819031E+05  0.89928684176131E+04 -0.22680315493695E+05 -0.27767779824536E+01  0.11543551475585E+03  0.10155316475568E+03 -0.26345733075512E+02 -0.29702340109548E+02 -0.78638002311306E+02  0.47757341226106E+03 -0.19634623381647E+04 -0.12263897986918E+04 -0.12739717260789E+04  0.98887666180684E+03  0.25458898710237E+04 -0.66857584394557E+03 -0.13157868885607E+04 -0.34660796544750E+03  0.12323634335715E+03  0.22926988229584E+03 -0.17867265998806E+04 -0.91776142564753E+03  0.15159325143223E+04  0.16891212682556E+03 -0.11994770847780E+04 -0.13331402261158E+04
  -0.79965443920845E+07  0.27012902050306E+07 -0.39992437593538E+06 -0.17209761727179E+07  0.39394334490622E+06 -0.42424622478773E+05 -0.19723737116779E+06 -0.55970236878591E+06  0.35948364082685E+04  0.52619305600292E+05 -0.59737912987212E+04 -0.61452733700477E+04 -0.36038588549649E+03 -0.34973594425602E+02 -0.46459230652996E+05  0.48752555784627E+04 -0.42847222761196E+05 -0.22680315493695E+05  0.26481560332792E+08 -0.94074392745477E+04  0.11411756905808E+06  0.13772410935608E+06 -0.11375218009149E+06  0.64929907202140E+05  0.74359382154783E+05  0.48635653525552E+06  0.34051339567352E+05  0.76287819939227E+05 -0.12034477913029E+04  0.56676728608128E+06  0.27786997568617E+07  0.17601513706614E+05  0.31670080216775E+05  0.21974316027917E+03  0.18372107460201E+06  0.80641581697424E+06  0.24628481485822E+05  0.77665748671224E+04 -0.18579241292910E+05  0.44924434916187E+05  0.20679871893333E+05  0.64356649140277E+05
   0.25781121587136E+04 -0.83915361909841E+03  0.12815451839179E+03  0.58882583189867E+03 -0.13867760898700E+03  0.18219703136508E+01  0.63551221395266E+02  0.29872051283606E+03 -0.60292016882000E+02 -0.18466794417537E+02  0.22773424377048E+01  0.10511283255592E+01  0.16163619383647E+00 -0.27545258165450E-01 -0.41131201115148E+01  0.95756756002678E+00 -0.30094101264220E+01 -0.27767779824536E+01 -0.94074392745477E+04  0.39265904728213E+01 -0.43647632588359E+02 -0.55590540521974E+02  0.46354152238222E+02 -0.19541590165800E+02 -0.20334291151009E+02 -0.16474152556208E+03  0.00000000000000E+00 -0.29429514471126E+02  0.00000000000000E+00  0.00000000000000E+00 -0.12011169716475E+04  0.00000000000000E+00  0.00000000000000E+00  0.00000000000000E+00  0.00000000000000E+00 -0.31927765117234E+03  0.00000000000000E+00  0.00000000000000E+00  0.00000000000000E+00  0.25235169501905E+02  0.00000000000000E+00 -0.44596333712444E+02
  -0.32825385078723E+05  0.99818624766220E+04 -0.16274524467703E+04 -0.90968919382801E+04  0.20389859918303E+04 -0.46993766910365E+03 -0.12328484132080E+04  0.16584333185872E+04 -0.17182911520056E+04  0.24851752208595E+03 -0.59591741487582E+01 -0.98946428133692E+02 -0.24890998328217E+01 -0.13375436385383E+01  0.14122371307024E+03 -0.25949086837631E+02  0.17686396442647E+03  0.11543551475585E+03  0.11411756905808E+06 -0.43647632588359E+02  0.79579256642544E+03  0.87666041782174E+03 -0.51778961682112E+03  0.20405349916711E+03  0.21177786962903E+03  0.21234981202420E+04  0.00000000000000E+00  0.46110105397005E+03  0.00000000000000E+00  0.00000000000000E+00  0.16078066141185E+05  0.00000000000000E+00  0.00000000000000E+00  0.00000000000000E+00  0.00000000000000E+00  0.38216351234176E+04  0.00000000000000E+00  0.00000000000000E+00  0.00000000000000E+00 -0.52996441074666E+03  0.00000000000000E+00 -0.12540155503653E+03
  -0.42829365468030E+05  0.12335135965246E+05 -0.20955886731736E+04 -0.12188085275310E+05  0.25803228724860E+04 -0.93113609910465E+03 -0.17090503119474E+04 -0.64604107413451E+04  0.46088683163307E+03  0.50764683066564E+03 -0.61943483559115E+02 -0.27444895462972E+02  0.10660385701974E+01 -0.91016199289264E+00  0.13890781340178E+03 -0.22377642982476E+02  0.16297749945395E+03  0.10155316475568E+03  0.13772410935608E+06 -0.55590540521974E+02  0.87666041782174E+03  0.10662358337998E+04 -0.63880452857635E+03  0.20882131069796E+03  0.97805309036940E+02  0.26979702388862E+04  0.00000000000000E+00  0.99855836445275E+03  0.00000000000000E+00  0.00000000000000E+00  0.23128460250966E+05  0.00000000000000E+00  0.00000000000000E+00  0.00000000000000E+00  0.00000000000000E+00  0.46380998605290E+04  0.00000000000000E+00  0.00000000000000E+00  0.00000000000000E+00 -0.84404558725225E+03  0.00000000000000E+00  0.80099991575922E+03
   0.28958258188722E+05 -0.10085158562776E+05  0.14478483823227E+04  0.61801992618166E+04 -0.14732782168984E+04 -0.63560020909426E+02  0.60991229954307E+03  0.24931450566255E+04 -0.44885593691385E+03 -0.16862380864032E+03  0.19731139310447E+02  0.63662524893082E+01  0.10080784532457E+01 -0.12626010732251E+00 -0.41762533330004E+02  0.98688620697285E+01 -0.27963135315811E+02 -0.26345733075512E+02 -0.11375218009149E+06  0.46354152238222E+02 -0.51778961682112E+03 -0.63880452857635E+03  0.57428972247010E+03 -0.25025356940823E+03 -0.26905239056391E+03 -0.18363374204523E+04  0.00000000000000E+00 -0.20963037405478E+03  0.00000000000000E+00  0.00000000000000E+00 -0.12952566567807E+05  0.00000000000000E+00  0.00000000000000E+00  0.00000000000000E+00  0.00000000000000E+00 -0.35772726410433E+04  0.00000000000000E+00  0.00000000000000E+00  0.00000000000000E+00  0.20455995873159E+03  0.00000000000000E+00 -0.38577972230787E+03
  -0.18841461247269E+05  0.87242451592166E+04 -0.10188926953520E+04 -0.12733500770010E+04  0.57813941132905E+03  0.70804789309553E+03  0.15535484313270E+03  0.73144422335762E+04 -0.17781320186173E+04 -0.21711104428594E+03  0.53801694135988E+02  0.55319881199525E+02  0.69674396927716E+01 -0.49399686584543E-02 -0.37943456697804E+02 -0.31334255563615E+01 -0.81883605790878E+02 -0.29702340109548E+02  0.64929907202140E+05 -0.19541590165800E+02  0.20405349916711E+03  0.20882131069796E+03 -0.25025356940823E+03  0.40395298989996E+03  0.73470317759106E+03  0.15943598279873E+04 -0.50787106186469E+02 -0.29426906199362E+02  0.20789262737562E+01  0.74134654826477E+03  0.22641874088173E+03  0.00000000000000E+00  0.00000000000000E+00  0.00000000000000E+00  0.23927980811607E+04  0.29623769870404E+04  0.00000000000000E+00  0.00000000000000E+00  0.00000000000000E+00 -0.26897434581810E+02 -0.39115561230615E+03 -0.40700758370828E+03
  -0.80449834769576E+04  0.94041946624869E+04 -0.69901339779574E+03  0.28598407573036E+04  0.29626759465721E+03  0.24498263986423E+04  0.11729605582149E+04  0.37091986192685E+05 -0.93707707169414E+04 -0.11135475052423E+04  0.26662174113243E+03  0.30249917692407E+03  0.33405305927327E+02  0.21385688621781E-01 -0.17974418248620E+03 -0.76555703541761E+01 -0.25919732585798E+03 -0.78638002311306E+02  0.74359382154783E+05 -0.20334291151009E+02  0.21177786962903E+03  0.97805309036940E+02 -0.26905239056391E+03  0.73470317759106E+03  0.19295072463929E+04  0.14641333639043E+04 -0.16024105490215E+03 -0.10966502644132E+03 -0.52934926348070E+02 -0.63575062737083E+04 -0.11121829811987E+05  0.00000000000000E+00  0.00000000000000E+00  0.00000000000000E+00  0.33559789499442E+04  0.40468351179003E+04  0.00000000000000E+00  0.00000000000000E+00  0.00000000000000E+00 -0.40579311767166E+02 -0.21828145432447E+04 -0.22565372964728E+04
  -0.22764050290967E+06  0.67462224664108E+05 -0.11219950532991E+05 -0.39839038065874E+05  0.88606905493097E+04 -0.18765441137420E+04 -0.51006553312740E+04 -0.29607928475217E+05  0.47884217829835E+04  0.18901890556800E+04 -0.24476100689711E+03 -0.60328939250256E+02 -0.11936055081450E+02  0.15113520016712E-01  0.68783002189300E+03 -0.14280735037155E+03  0.61462303391036E+03  0.47757341226106E+03  0.48635653525552E+06 -0.16474152556208E+03  0.21234981202420E+04  0.26979702388862E+04 -0.18363374204523E+04  0.15943598279873E+04  0.14641333639043E+04  0.16860747131224E+05  0.25774571658563E+03  0.13448166953081E+03 -0.68973869714114E+01  0.38381977433052E+05  0.62435502160254E+05  0.00000000000000E+00  0.00000000000000E+00  0.00000000000000E+00  0.16163406378448E+05  0.20370506861989E+05  0.00000000000000E+00  0.00000000000000E+00  0.00000000000000E+00 -0.79672068762157E+02  0.15952450290490E+04  0.16294457463030E+04
  -0.12697553622382E+06  0.16571891478336E+05 -0.55677126425807E+04 -0.12707657764967E+05  0.19888855675246E+04 -0.28560680911785E+04 -0.25137418593417E+04 -0.60681330541780E+05  0.11435606814645E+05  0.27335645019613E+04 -0.48888105909309E+03 -0.11347380036033E+04 -0.16644172352157E+03  0.69125561114124E-01 -0.26734621556363E+04  0.49716604567442E+03 -0.28301056226878E+04 -0.19634623381647E+04  0.34051339567352E+05  0.00000000000000E+00  0.00000000000000E+00  0.00000000000000E+00  0.00000000000000E+00 -0.50787106186469E+02 -0.16024105490215E+03  0.25774571658563E+03  0.11651345115428E+06  0.00000000000000E+00  0.00000000000000E+00  0.00000000000000E+00  0.00000000000000E+00  0.00000000000000E+00  0.00000000000000E+00  0.00000000000000E+00  0.00000000000000E+00  0.00000000000000E+00  0.00000000000000E+00  0.00000000000000E+00  0.00000000000000E+00  0.00000000000000E+00  0.00000000000000E+00  0.00000000000000E+00
  -0.53813687126710E+05  0.82350490607868E+04 -0.23794137325070E+04 -0.21010044613140E+05  0.33612404844263E+04 -0.43674680367918E+04 -0.39416174549650E+04 -0.48663528350381E+05  0.10795610019441E+05  0.18906722943350E+04 -0.36802502749546E+03  0.39795004371951E-10  0.80796269145490E-12  0.33473051989520E-12 -0.17529439626297E+04  0.31144357223978E+03 -0.18130604790335E+04 -0.12263897986918E+04  0.76287819939227E+05 -0.29429514471126E+02  0.46110105397005E+03  0.99855836445275E+03 -0.20963037405478E+03 -0.29426906199362E+02 -0.10966502644132E+03  0.13448166953081E+03  0.00000000000000E+00  0.64625153717329E+05  0.00000000000000E+00  0.00000000000000E+00  0.00000000000000E+00  0.00000000000000E+00  0.00000000000000E+00  0.00000000000000E+00  0.00000000000000E+00  0.00000000000000E+00  0.00000000000000E+00  0.00000000000000E+00  0.00000000000000E+00  0.00000000000000E+00  0.00000000000000E+00  0.00000000000000E+00
  -0.43506733857908E+04 -0.24555099113482E+03  0.52964921742024E+02 -0.71755684762054E+02 -0.56926197354746E+02  0.15528821153538E+03  0.13785925648189E+03 -0.66813228112895E+05  0.24021301281732E+05  0.72547601963656E+03 -0.34166736883018E+03 -0.74991039278886E+03 -0.28780445660351E+02 -0.60214697905851E+01 -0.24658679203031E+04  0.28415004879706E+03 -0.25372966249603E+04 -0.12739717260789E+04 -0.12034477913029E+04  0.00000000000000E+00  0.00000000000000E+00  0.00000000000000E+00  0.00000000000000E+00  0.20789262737562E+01 -0.52934926348070E+02 -0.68973869714114E+01  0.00000000000000E+00  0.00000000000000E+00  0.30676457006494E+05  0.00000000000000E+00  0.00000000000000E+00  0.00000000000000E+00  0.00000000000000E+00  0.00000000000000E+00  0.00000000000000E+00  0.00000000000000E+00  0.00000000000000E+00  0.00000000000000E+00  0.00000000000000E+00  0.00000000000000E+00  0.00000000000000E+00  0.00000000000000E+00
  -0.83898738776876E+06  0.20962164153446E+06 -0.39257988648671E+05 -0.64958636410461E+05  0.11890336493076E+05 -0.91230811617059E+04 -0.10190843031298E+05 -0.28131446019979E+06  0.65406703025536E+05  0.10922206510675E+05 -0.20858442192464E+04 -0.50513245827481E+04 -0.58981292356678E+03 -0.76872364567149E+00  0.19586059869397E+04 -0.15561481348649E+03  0.21380356262768E+04  0.98887666180684E+03  0.56676728608128E+06  0.00000000000000E+00  0.00000000000000E+00  0.00000000000000E+00  0.00000000000000E+00  0.74134654826477E+03 -0.63575062737083E+04  0.38381977433052E+05  0.00000000000000E+00  0.00000000000000E+00  0.00000000000000E+00  0.57826511069385E+06  0.00000000000000E+00  0.00000000000000E+00  0.00000000000000E+00  0.00000000000000E+00  0.00000000000000E+00  0.00000000000000E+00  0.00000000000000E+00  0.00000000000000E+00  0.00000000000000E+00  0.00000000000000E+00  0.00000000000000E+00  0.00000000000000E+00
  -0.10849431137769E+07  0.26452795210631E+06 -0.51042402373839E+05 -0.33648359082257E+06  0.62926011552748E+05 -0.44595401768591E+05 -0.53065978234703E+05 -0.55767665156781E+06  0.12545762396657E+06  0.22852244313336E+05 -0.41885728631588E+04 -0.65178027482137E-09 -0.24345806475038E-10  0.32117935769079E-11  0.42387997663377E+04 -0.47801568480181E+03  0.46773580284325E+04  0.25458898710237E+04  0.27786997568617E+07 -0.12011169716475E+04  0.16078066141185E+05  0.23128460250966E+05 -0.12952566567807E+05  0.22641874088173E+03 -0.11121829811987E+05  0.62435502160254E+05  0.00000000000000E+00  0.00000000000000E+00  0.00000000000000E+00  0.00000000000000E+00  0.91778923944750E+06  0.00000000000000E+00  0.00000000000000E+00  0.00000000000000E+00  0.00000000000000E+00  0.00000000000000E+00  0.00000000000000E+00  0.00000000000000E+00  0.00000000000000E+00  0.00000000000000E+00  0.00000000000000E+00  0.00000000000000E+00
  -0.20631139612556E+05  0.58170041835064E+04 -0.10120582831431E+04 -0.13709522139577E+04  0.33349206653171E+03 -0.73182224973008E+01 -0.17103192610045E+03 -0.72847124921753E+05  0.23164357928770E+05  0.15317639461826E+04 -0.44631138185386E+03 -0.24660299933195E+04 -0.15269358485548E+03 -0.33356206747526E+01 -0.15356177312246E+04  0.15978148998530E+03 -0.13171847164589E+04 -0.66857584394557E+03  0.17601513706614E+05  0.00000000000000E+00  0.00000000000000E+00  0.00000000000000E+00  0.00000000000000E+00  0.00000000000000E+00  0.00000000000000E+00  0.00000000000000E+00  0.00000000000000E+00  0.00000000000000E+00  0.00000000000000E+00  0.00000000000000E+00  0.00000000000000E+00  0.14822169213740E+05  0.00000000000000E+00  0.00000000000000E+00  0.00000000000000E+00  0.00000000000000E+00  0.00000000000000E+00  0.00000000000000E+00  0.00000000000000E+00  0.00000000000000E+00  0.00000000000000E+00  0.00000000000000E+00
  -0.46541053818053E+05  0.13277893888746E+05 -0.22937404703082E+04 -0.24418416512034E+04  0.57437817905278E+03 -0.43230663848367E+02 -0.29526078549914E+03 -0.16321791227581E+06  0.52003462375447E+05  0.33621065309315E+04 -0.10001678893082E+04 -0.71367264713125E+02 -0.18716581801936E+02 -0.16687642873417E-04 -0.30046432319550E+04  0.31164707947858E+03 -0.25901117791530E+04 -0.13157868885607E+04  0.31670080216775E+05  0.00000000000000E+00  0.00000000000000E+00  0.00000000000000E+00  0.00000000000000E+00  0.00000000000000E+00  0.00000000000000E+00  0.00000000000000E+00  0.00000000000000E+00  0.00000000000000E+00  0.00000000000000E+00  0.00000000000000E+00  0.00000000000000E+00  0.00000000000000E+00  0.32096056718100E+05  0.00000000000000E+00  0.00000000000000E+00  0.00000000000000E+00  0.00000000000000E+00  0.00000000000000E+00  0.00000000000000E+00  0.00000000000000E+00  0.00000000000000E+00  0.00000000000000E+00
  -0.30675652457960E+04  0.41897220196017E+03 -0.11879224430331E+03 -0.71289539275713E+02  0.91785206628556E+01 -0.19321162525728E+02 -0.13466015994835E+02 -0.13280380982287E+04  0.17767222537370E+03  0.42938939399456E+02 -0.11179849906057E+02 -0.80786093449663E+02 -0.64460606033797E+01 -0.13861404804792E+00 -0.71966918262860E+03  0.79607287946190E+02 -0.63012408949904E+03 -0.34660796544750E+03  0.21974316027917E+03  0.00000000000000E+00  0.00000000000000E+00  0.00000000000000E+00  0.00000000000000E+00  0.00000000000000E+00  0.00000000000000E+00  0.00000000000000E+00  0.00000000000000E+00  0.00000000000000E+00  0.00000000000000E+00  0.00000000000000E+00  0.00000000000000E+00  0.00000000000000E+00  0.00000000000000E+00  0.37828608798191E+04  0.00000000000000E+00  0.00000000000000E+00  0.00000000000000E+00  0.00000000000000E+00  0.00000000000000E+00  0.00000000000000E+00  0.00000000000000E+00  0.00000000000000E+00
  -0.19830549696977E+06  0.63444712872178E+05 -0.99678188555340E+04 -0.11432589224342E+05  0.29432945662342E+04  0.28073471221878E+03 -0.10861688131159E+04 -0.57273268234354E+04  0.62399173649574E+03  0.57557617932430E+03 -0.49888920932000E+02 -0.19652588795695E+00 -0.14151396001353E+00  0.20778118428076E-12  0.25754993133528E+03 -0.69362673055803E+02  0.94655549126020E+02  0.12323634335715E+03  0.18372107460201E+06  0.00000000000000E+00  0.00000000000000E+00  0.00000000000000E+00  0.00000000000000E+00  0.23927980811607E+04  0.33559789499442E+04  0.16163406378448E+05  0.00000000000000E+00  0.00000000000000E+00  0.00000000000000E+00  0.00000000000000E+00  0.00000000000000E+00  0.00000000000000E+00  0.00000000000000E+00  0.00000000000000E+00  0.10526720872154E+06  0.00000000000000E+00  0.00000000000000E+00  0.00000000000000E+00  0.00000000000000E+00  0.00000000000000E+00  0.00000000000000E+00  0.00000000000000E+00
  -0.22373947766490E+06  0.71217367677179E+05 -0.11232786942712E+05 -0.51276333470685E+05  0.13049847494775E+05  0.10126296901144E+04 -0.50087985388839E+04 -0.11333677321305E+05  0.12701711827620E+04  0.10994155926810E+04 -0.98534669087919E+02 -0.38061736207398E-10 -0.79803389439671E-11  0.12087716949983E-12  0.46233263595706E+03 -0.12284480239786E+03  0.18524163163653E+03  0.22926988229584E+03  0.80641581697424E+06 -0.31927765117234E+03  0.38216351234176E+04  0.46380998605290E+04 -0.35772726410433E+04  0.29623769870404E+04  0.40468351179003E+04  0.20370506861989E+05  0.00000000000000E+00  0.00000000000000E+00  0.00000000000000E+00  0.00000000000000E+00  0.00000000000000E+00  0.00000000000000E+00  0.00000000000000E+00  0.00000000000000E+00  0.00000000000000E+00  0.13833197877107E+06  0.00000000000000E+00  0.00000000000000E+00  0.00000000000000E+00  0.00000000000000E+00  0.00000000000000E+00  0.00000000000000E+00
  -0.90312506530089E+04  0.24468120461455E+04 -0.43443580538708E+03 -0.24572792210521E+04  0.47615366646028E+03 -0.28142530518980E+03 -0.37600800404088E+03  0.16261258658074E+03 -0.12314271258494E+04  0.13273562673033E+03 -0.14916284888672E+02 -0.17966372339371E+01 -0.18749372606842E+00 -0.17066961020185E-02 -0.28774884224081E+04  0.44187086283245E+03 -0.27849470767926E+04 -0.17867265998806E+04  0.24628481485822E+05  0.00000000000000E+00  0.00000000000000E+00  0.00000000000000E+00  0.00000000000000E+00  0.00000000000000E+00  0.00000000000000E+00  0.00000000000000E+00  0.00000000000000E+00  0.00000000000000E+00  0.00000000000000E+00  0.00000000000000E+00  0.00000000000000E+00  0.00000000000000E+00  0.00000000000000E+00  0.00000000000000E+00  0.00000000000000E+00  0.00000000000000E+00  0.83239132546179E+04  0.00000000000000E+00  0.00000000000000E+00  0.00000000000000E+00  0.00000000000000E+00  0.00000000000000E+00
  -0.31950736032310E+04  0.77623316071754E+03 -0.15105332478261E+03 -0.96058639265567E+03  0.17649990469727E+03 -0.14027850521290E+03 -0.15805147936271E+03  0.20943680740828E+03 -0.68418190655151E+03  0.59191790801230E+02 -0.70407858211934E+01 -0.77365668739782E+00 -0.73069441454524E-01 -0.93763605332211E-03 -0.15249098491733E+04  0.21752453670695E+03 -0.14889981727600E+04 -0.91776142564753E+03  0.77665748671224E+04  0.00000000000000E+00  0.00000000000000E+00  0.00000000000000E+00  0.00000000000000E+00  0.00000000000000E+00  0.00000000000000E+00  0.00000000000000E+00  0.00000000000000E+00  0.00000000000000E+00  0.00000000000000E+00  0.00000000000000E+00  0.00000000000000E+00  0.00000000000000E+00  0.00000000000000E+00  0.00000000000000E+00  0.00000000000000E+00  0.00000000000000E+00  0.00000000000000E+00  0.42613229687703E+04  0.00000000000000E+00  0.00000000000000E+00  0.00000000000000E+00  0.00000000000000E+00
