# fitpack15: fit parameters                                                                         
# CJ15 AV18 final data choices                                                                      
# Created on 09/08/2019 at 16:17:28                                                                 

 # QCD setup
  INS                           0
  NVL                          11
  IORD                          1
  Q02                   1.6899999999999999     
  IPARAMC                       7
  FLAVOR                5.0000000000000000     
  xmc                   1.3000000000000000     
  xmb                   4.5000000000000000     
  ncb                          12
  ihq                           1
  ias                           0

 # Theory corrections
  inuke                     10114
  itmc                          1
  iht                           1

 # fit parameters
 LAMBDA       0.22680        0.0000    
 a0uv          1.9231        0.0000    
 a1uv         0.56430       0.24324E-01
 a2uv          3.5658       0.11247E-01
 a3uv          0.0000        0.0000    
 a4uv          4.6597       0.65577    
 a5uv          0.0000        0.0000    
 a0dv          24.640        0.0000    
 a1dv          1.1495       0.39242E-01
 a2dv          6.7594       0.20299    
 a3dv         -3.5920       0.10513    
 a4dv          4.9200       0.16947    
 a5dv          0.0000        0.0000    
 a0ud         0.14008       0.51453E-02
 a1ud        -0.21196       0.39591E-02
 a2ud          8.4829       0.19145    
 a3ud          0.0000        0.0000    
 a4ud          16.111        1.4658    
 a5ud          0.0000        0.0000    
 a0du          35712.        0.0000    
 a1du          4.0940       0.11100    
 a2du          20.159       0.99460    
 a3du          17.000        0.0000    
 a4du          58.090        16.294    
 a0g           44.588        0.0000    
 a1g          0.59692       0.29735E-01
 a2g           6.0075       0.82437    
 a3g          -3.3839       0.12290    
 a4g           3.2659       0.28710    
 a5g           0.0000        0.0000    
 kappa        0.40000        0.0000    
 a6dv        -0.49712E-02   0.86443E-03
 a7dv          2.0000        0.0000    
 off1        -0.18204       0.13186    
 off2          2.8140        2.9174    
 off3         -9.9259        19.031    
 off4          2.7507        42.270    
 off5          8.8970        30.071    
 ht1          -3.8330       0.33861    
 ht2           2.0868       0.12133    
 ht3          -2.0944       0.28259E-01
 ht4           0.0000        0.0000    
 dummy43       0.0000        0.0000    
 dummy44       0.0000        0.0000    
 dummy45       0.0000        0.0000    
 dummy46       0.0000        0.0000    
 dummy47       0.0000        0.0000    
 dummy48       0.0000        0.0000    
 dummy49       0.0000        0.0000    
 bcdmsh2      0.96725       0.50896E-02
 bcdmsd2      0.98991       0.60692E-02
 ccfr          1.0000        0.0000    
 nutev         1.0000        0.0000    
 zeus         0.97998        0.0000    
 h1            1.0162        0.0000    
 e605          1.0319        0.0000    
 NmcH2         1.0054       0.72768E-02
 ntv_nu        1.0000        0.0000    
 ntv_nuba      1.0000        0.0000    
 cdf_jet      0.98910        0.0000    
 d0_jet       0.83504        0.0000    
 slac_p       0.99935       0.52727E-02
 slac_d        1.0013       0.57702E-02
 e866pp       0.97518       0.20081E-01
 e866pd       0.96065       0.19606E-01
 d0_gamje      1.0357       0.16558E-01
 h1b          0.97608        0.0000    
 blank         1.0000        0.0000    
 d0run2       0.95398       0.15162E-01
 cdfrun2      0.93854       0.17799E-01
 HERA_el       1.0000        0.0000    
 HERA_ps       1.0000        0.0000    
 CDF_Z        0.95517       0.70931E-02
 NmcRat        1.0000        0.0000    
 HERMES_F     0.99288       0.59294E-02
 HERMES_F     0.97708       0.61881E-02
 END 0. 0.

 # Hessian matrix (Bevington alpha)
   0.44579747006607E+07 -0.10956269109486E+07  0.16350773717952E+06  0.40325750964183E+06 -0.96810468634375E+05 -0.33540070066190E+05  0.37953044290233E+05  0.97083912283970E+06 -0.17951416258792E+06 -0.47316660237974E+05  0.69624678235357E+04  0.15023512520738E+05  0.16692173416753E+04 -0.94311300483945E+02  0.12697345083318E+05 -0.30497269120585E+04  0.14780829881819E+05  0.10831968292909E+05 -0.60387856418809E+07 -0.56840692639024E+05 -0.24314533188022E+05 -0.11550505164210E+05 -0.59207367738676E+04 -0.32279006866713E+04 -0.95363613161390E+04  0.25745091412291E+04 -0.17611616808865E+06 -0.13316824820005E+06 -0.56534920469003E+05 -0.53464138723742E+04 -0.87873838627614E+06 -0.11411763717777E+07 -0.21271693878109E+05 -0.48217972816964E+05 -0.32193667210535E+04 -0.90147489624491E+04 -0.31896917441831E+04 -0.18862499562016E+05 -0.75165537568640E+05 -0.59260173530054E+05
  -0.10956269109486E+07  0.33978052922331E+06 -0.41145616571178E+05 -0.10575735303947E+06  0.24636446821760E+05  0.11256170847478E+05 -0.67974909804262E+04 -0.11839807707624E+06  0.25362099168827E+05  0.65706149145873E+04 -0.79796263436303E+03 -0.11724588215715E+04 -0.13435389659510E+03  0.11313924879897E+02  0.25783724200483E+03  0.64029242538125E+02  0.11159723106560E+03 -0.46402406095731E+02  0.20299085682700E+07  0.14070278902299E+05  0.69301831651558E+04  0.36447250913138E+04  0.20210323110214E+04  0.11722300800052E+04  0.51783006870942E+04  0.56218189735743E+04  0.49424414703500E+05  0.16821964552442E+05  0.83892859428889E+04 -0.19430910519589E+03  0.21273282066289E+06  0.26980002545387E+06  0.58014651931310E+04  0.13319148821626E+05  0.42174268437059E+03  0.23863162033785E+04  0.75730204209218E+03 -0.21731229519244E+04  0.87501190365223E+04  0.74161065733036E+04
   0.16350773717952E+06 -0.41145616571178E+05  0.60463665140688E+04  0.14526370403160E+05 -0.35929934268004E+04 -0.14791119985302E+04  0.13064411104948E+04  0.26719342801534E+05 -0.48015894562983E+04 -0.15297016869516E+04  0.19491944084125E+03  0.40272119645873E+03  0.50581191206092E+02 -0.34847596652890E+01 -0.18030817565723E+03 -0.35127163099152E+02 -0.87316478994392E+02  0.49608281588039E+02 -0.22769810040984E+06 -0.20686418467797E+04 -0.89976752639813E+03 -0.43120849297380E+03 -0.22211256992205E+03 -0.12142452931688E+03 -0.38815955684142E+03 -0.46849345450011E+02 -0.65602101460276E+04 -0.46289782317272E+04 -0.19701130252837E+04  0.17076314539229E+02 -0.31635104014025E+05 -0.41324452801246E+05 -0.79446381523502E+03 -0.18079193621662E+04 -0.99513093479067E+02 -0.33245732169687E+03 -0.11651761301815E+03 -0.84917754956747E+02 -0.22101094155171E+04 -0.17877110524665E+04
   0.40325750964183E+06 -0.10575735303947E+06  0.14526370403160E+05  0.37508927977156E+06 -0.54109341483697E+05  0.68541557288811E+05  0.57006767143867E+05  0.36045295885577E+06 -0.27669699890953E+05 -0.17566765739963E+05  0.30702722696269E+04 -0.13447335860372E+04 -0.13171998540079E+03  0.48289978067896E+02  0.32862873952178E+05 -0.42977269640537E+04  0.31697192875827E+05  0.18087237860818E+05 -0.19077478273456E+07 -0.17623774566495E+05 -0.68515322857270E+04 -0.28808738012744E+04 -0.13280845701487E+04 -0.66145212873341E+03 -0.25161952838991E+03  0.40176198876477E+04 -0.32088661999150E+05 -0.12870236375294E+05 -0.21359780308460E+05 -0.82193761319038E+02 -0.66833474720573E+05 -0.34517158907383E+06 -0.13564154585701E+04 -0.25078265469641E+04 -0.68565892388300E+02 -0.23981986135374E+04 -0.93518542345408E+03 -0.10224531712204E+05 -0.73335275654971E+04 -0.21710923384893E+05
  -0.96810468634375E+05  0.24636446821760E+05 -0.35929934268004E+04 -0.54109341483697E+05  0.91539385398239E+04 -0.65391992603435E+04 -0.75744856928621E+04 -0.31543784402785E+05  0.37916341873776E+03  0.21523851957864E+04 -0.29328248555320E+03 -0.16431420811133E+02  0.33485073204768E+01 -0.42070190784323E+01 -0.27693676999436E+04  0.37944634290965E+03 -0.25550825906827E+04 -0.14978170927366E+04  0.36982166855650E+06  0.29335744856624E+04  0.12539565141688E+04  0.55506592130122E+03  0.26177195385041E+03  0.13109334068369E+03  0.19141133770385E+03 -0.17253606296779E+03  0.62468905386992E+04  0.19621383652746E+04  0.32973885994836E+04 -0.56463997932505E+02  0.11276538407036E+05  0.59912934187556E+05  0.30060740986586E+03  0.53412360764360E+03  0.84499019849956E+01  0.42825110733212E+03  0.16050097032333E+03  0.42149829313925E+03  0.79835442999170E+03  0.24715697275545E+04
  -0.33540070066190E+05  0.11256170847478E+05 -0.14791119985302E+04  0.68541557288811E+05 -0.65391992603435E+04  0.22146638225469E+05  0.12883344330429E+05  0.10725522943272E+06 -0.10513169199412E+05 -0.42342249031010E+04  0.89004896218488E+03 -0.68411956898892E+03 -0.59806498380942E+02  0.15744998015947E+02  0.95910179492401E+04 -0.12637956180301E+04  0.95411422014344E+04  0.54731716629360E+04 -0.23234276207407E+05 -0.18896508263760E+04 -0.38713316579876E+03 -0.37971698712973E+02  0.25751456452723E+02  0.29259975795777E+02  0.56145984257525E+03  0.21314454425212E+04 -0.10369546285910E+04 -0.24999536946927E+04 -0.37917075535628E+04  0.13385578958154E+03 -0.72795268782724E+04 -0.34808047918561E+05  0.39477135967932E+02  0.34043048534335E+02 -0.17117911027751E+02 -0.18843637185491E+03 -0.10426163031313E+03 -0.31794921053499E+04 -0.17856265859665E+04 -0.50871213323465E+04
   0.37953044290233E+05 -0.67974909804262E+04  0.13064411104948E+04  0.57006767143867E+05 -0.75744856928621E+04  0.12883344330429E+05  0.96590903941357E+04  0.58046914443203E+05 -0.34061432586284E+04 -0.29707567858987E+04  0.50895739923432E+03 -0.22062372010502E+03 -0.22363067610636E+02  0.82245869134715E+01  0.49800083635619E+04 -0.67691913628019E+03  0.47734993575410E+04  0.27943443302326E+04 -0.18016554264992E+06 -0.23163384108517E+04 -0.79329732909833E+03 -0.27975449893792E+03 -0.10650728530335E+03 -0.43436294864519E+02  0.22690404789031E+03  0.12031633541140E+04 -0.35592239371076E+04 -0.22992729885178E+04 -0.35889099961518E+04  0.12964935435560E+03 -0.89665142327515E+04 -0.46532509450856E+05 -0.13099884359341E+03 -0.23716968367572E+03 -0.12002463105121E+02 -0.30676066964721E+03 -0.13203724434123E+03 -0.13618906734780E+04 -0.10972917340044E+04 -0.32550745151983E+04
   0.97083912283970E+06 -0.11839807707624E+06  0.26719342801534E+05  0.36045295885577E+06 -0.31543784402785E+05  0.10725522943272E+06  0.58046914443203E+05  0.55004354348697E+07 -0.24299260200697E+07 -0.89446594899807E+05  0.25786372183233E+05  0.26222470295181E+05  0.17879287531070E+04  0.78957469588196E+02  0.92022068926487E+05 -0.12198386870516E+05  0.10319204738942E+06  0.56018650071759E+05 -0.51487053359090E+06 -0.37556883026655E+05 -0.72925861353460E+04 -0.19153967950953E+04 -0.63066184746044E+03 -0.24347951869776E+03  0.61179224153442E+04  0.34296393937087E+05 -0.27410270188554E+05 -0.63301529279614E+05 -0.50529744234492E+05 -0.71622449049146E+05 -0.29786381664607E+06 -0.58424589500264E+06 -0.75376495418758E+05 -0.16995291326710E+06 -0.14215189173791E+04  0.61825943758003E+03  0.40150427636875E+03 -0.27874554453176E+06 -0.14684481562056E+06 -0.18016532039573E+06
  -0.17951416258792E+06  0.25362099168827E+05 -0.48015894562983E+04 -0.27669699890953E+05  0.37916341873776E+03 -0.10513169199412E+05 -0.34061432586284E+04 -0.24299260200697E+07  0.19185795036516E+07  0.19302087040791E+05 -0.63031165086774E+04 -0.54340826303336E+04 -0.30193270932803E+03 -0.10427080362882E+02  0.49092002392344E+05 -0.24122171288366E+04  0.17559910450293E+05  0.87761509422785E+04 -0.32196608008591E+05  0.92273622330917E+04  0.14312646069849E+04  0.32360898173207E+03  0.98726625355698E+02  0.37101532808874E+02 -0.13738387281301E+04 -0.80913631041837E+04  0.43668377553314E+04  0.11379894992178E+05  0.10728580673264E+05  0.24873124815483E+05  0.66835348514514E+05  0.12672260066802E+06  0.23052090091438E+05  0.52008407850601E+05  0.18981689472771E+03 -0.13563744487880E+04 -0.73391246404886E+03  0.11329732568636E+06  0.45393489085455E+05  0.55137715603774E+05
  -0.47316660237974E+05  0.65706149145873E+04 -0.15297016869516E+04 -0.17566765739963E+05  0.21523851957864E+04 -0.42342249031010E+04 -0.29707567858987E+04 -0.89446594899807E+05  0.19302087040791E+05  0.26011676230975E+04 -0.59583327047393E+03 -0.64503317381884E+03 -0.57854518436542E+02 -0.13928433750553E+01 -0.41506029768956E+04  0.53803130826393E+03 -0.40866237600715E+04 -0.23356853794132E+04  0.48603385489649E+05  0.12453818256118E+04  0.33200667254075E+03  0.10596176725808E+03  0.38960098443305E+02  0.15984965236288E+02 -0.19390775207107E+03 -0.10433527803477E+04  0.16034112424074E+04  0.27315579555879E+04  0.18788106994182E+04  0.73721884086782E+03  0.10932645417612E+05  0.22704933711733E+05  0.14988034247933E+04  0.33272397436865E+04  0.43314425390098E+02  0.11898797138470E+03  0.53648054895473E+02  0.31479326667250E+04  0.28356023547228E+04  0.35707370285770E+04
   0.69624678235357E+04 -0.79796263436303E+03  0.19491944084125E+03  0.30702722696269E+04 -0.29328248555320E+03  0.89004896218488E+03  0.50895739923432E+03  0.25786372183233E+05 -0.63031165086774E+04 -0.59583327047393E+03  0.16003775207942E+03  0.17839780266619E+03  0.13130151913770E+02  0.50974813378390E+00  0.12313702501052E+04 -0.14309755258086E+03  0.11657590448512E+04  0.63875231769017E+03 -0.52626073185615E+04 -0.23527275171743E+03 -0.49884694237375E+02 -0.13639532512496E+02 -0.45562806136257E+01 -0.17634032223596E+01  0.40403451340913E+02  0.22127932486864E+03 -0.19793184897154E+03 -0.45010835587860E+03 -0.33812174607104E+03 -0.33165717314482E+03 -0.19488939979285E+04 -0.38702427498159E+04 -0.41305308244838E+03 -0.93224785320390E+03 -0.10575671725502E+02 -0.10715733589005E+02 -0.52053017766142E+01 -0.11200626548137E+04 -0.80278887930862E+03 -0.99228322321873E+03
   0.15023512520738E+05 -0.11724588215715E+04  0.40272119645873E+03 -0.13447335860372E+04 -0.16431420811133E+02 -0.68411956898892E+03 -0.22062372010502E+03  0.26222470295181E+05 -0.54340826303336E+04 -0.64503317381884E+03  0.17839780266619E+03  0.14870720383823E+04  0.99056222539419E+02 -0.13086084852252E+01  0.13680458856130E+04 -0.20149036111888E+03  0.16691262058489E+04  0.96411930523560E+03 -0.57430619622599E+04  0.26882380305683E+03  0.27972896092115E+02  0.10496326131428E+01 -0.57131175215800E+00 -0.29314263755643E+00  0.39511788281021E+02  0.24450550074081E+03 -0.51572656672991E+02 -0.10934730069443E+04  0.58530694612756E-12 -0.66550018238827E+03 -0.48585456657356E+04  0.52728293321659E-09 -0.22051200136469E+04 -0.68164426406321E+02 -0.75505152479589E+02 -0.16260344345935E+01 -0.70054221739507E+00  0.27453874922017E+03 -0.26118195478193E+04  0.47874380295023E-10
   0.16692173416753E+04 -0.13435389659510E+03  0.50581191206092E+02 -0.13171998540079E+03  0.33485073204768E+01 -0.59806498380942E+02 -0.22363067610636E+02  0.17879287531070E+04 -0.30193270932803E+03 -0.57854518436542E+02  0.13130151913770E+02  0.99056222539419E+02  0.88748583598761E+01 -0.15054808181916E+00  0.78720045756830E+02 -0.13930818041662E+02  0.10316866148897E+03  0.64543109230108E+02 -0.28880574174895E+03  0.16517645652825E+02  0.25261526825108E+01  0.22411994359981E+00 -0.24572951712273E-01 -0.25993681588218E-01  0.52153059252444E+01  0.28427077727987E+02 -0.10511646849659E+02 -0.16094132766638E+03  0.14433054474782E-11 -0.26391168246416E+02 -0.57182329033277E+03 -0.18888996489867E-10 -0.13978576196859E+03 -0.17817904053848E+02 -0.61618837242991E+01 -0.17245942524132E+00 -0.67424350653985E-01  0.27609417146835E+02 -0.19015776085572E+03 -0.18285849586955E-12
  -0.94311300483945E+02  0.11313924879897E+02 -0.34847596652890E+01  0.48289978067896E+02 -0.42070190784323E+01  0.15744998015947E+02  0.82245869134715E+01  0.78957469588196E+02 -0.10427080362882E+02 -0.13928433750553E+01  0.50974813378390E+00 -0.13086084852252E+01 -0.15054808181916E+00  0.34369928283185E-01  0.11583907327393E+02 -0.89980641151164E+00  0.78781396667161E+01  0.37405565393849E+01 -0.67545991386870E+02  0.11295812041685E+01 -0.34184093411443E-01 -0.16362553192130E-01 -0.56648284073787E-02 -0.25493470021915E-02 -0.60638820126036E-02 -0.16612626833104E-01  0.11773033938408E-01  0.52586805738571E-01 -0.11395502011874E-12 -0.44926454191133E+01 -0.39793967366516E+00  0.26347837582327E-11 -0.20293846775534E+01 -0.33220049642760E-05 -0.98247263451160E-01 -0.11441296014705E-02 -0.63509196592040E-03 -0.14793566897984E+01 -0.19739199354829E+01 -0.79404953348406E-13
   0.12697345083318E+05  0.25783724200483E+03 -0.18030817565723E+03  0.32862873952178E+05 -0.27693676999436E+04  0.95910179492401E+04  0.49800083635619E+04  0.92022068926487E+05  0.49092002392344E+05 -0.41506029768956E+04  0.12313702501052E+04  0.13680458856130E+04  0.78720045756830E+02  0.11583907327393E+02  0.51738418585507E+05 -0.50706233234206E+04  0.41633899878326E+05  0.22019277051572E+05 -0.60248704158263E+05  0.24608096869291E+02  0.51481528805078E+02  0.24251187271684E+02  0.10670961454963E+02  0.48953943165239E+01 -0.31353710172158E+02 -0.15779276154550E+03  0.67394971182471E+03 -0.30236613807032E+04 -0.19575656086242E+04 -0.25111421381908E+04  0.18789825856005E+04  0.42633445182010E+04 -0.15293721987208E+04 -0.30487808687598E+04 -0.74785955988166E+03 -0.30772492758583E+04 -0.16065563324143E+04 -0.21685634149719E+04 -0.10033511893735E+04 -0.11282385059411E+04
  -0.30497269120585E+04  0.64029242538125E+02 -0.35127163099152E+02 -0.42977269640537E+04  0.37944634290965E+03 -0.12637956180301E+04 -0.67691913628019E+03 -0.12198386870516E+05 -0.24122171288366E+04  0.53803130826393E+03 -0.14309755258086E+03 -0.20149036111888E+03 -0.13930818041662E+02 -0.89980641151164E+00 -0.50706233234206E+04  0.58277124282534E+03 -0.46736454971241E+04 -0.25715773806067E+04  0.81704221632675E+04  0.12369327380948E+02 -0.65311959834533E+01 -0.43200083706882E+01 -0.22031918075468E+01 -0.11058128707217E+01 -0.24415619486013E+01 -0.94870321130360E+01 -0.13913362715866E+03  0.59078295893883E+03  0.36754252097536E+03  0.29844938853837E+03 -0.12688358260592E+03 -0.46716047334578E+03  0.16798963003573E+03  0.33329040088418E+03  0.87094759461372E+02  0.50510486149779E+03  0.24396609464214E+03 -0.39198299789271E+03  0.28577721910197E+03  0.32007005940553E+03
   0.14780829881819E+05  0.11159723106560E+03 -0.87316478994392E+02  0.31697192875827E+05 -0.25550825906827E+04  0.95411422014344E+04  0.47734993575410E+04  0.10319204738942E+06  0.17559910450293E+05 -0.40866237600715E+04  0.11657590448512E+04  0.16691262058489E+04  0.10316866148897E+03  0.78781396667161E+01  0.41633899878326E+05 -0.46736454971241E+04  0.38409501287390E+05  0.20872138347167E+05 -0.55998634591404E+05  0.93045794062175E+01  0.62204678765732E+02  0.26203261791669E+02  0.97627710446091E+01  0.37256758612741E+01 -0.81233500212963E+02 -0.30180438447056E+03  0.66931328931862E+03 -0.32848752135318E+04 -0.20841125846838E+04 -0.28190478627812E+04  0.23877154244952E+04  0.53269566484049E+04 -0.14143451857679E+04 -0.28369478330013E+04 -0.70798187469397E+03 -0.30968689730813E+04 -0.16541431255685E+04  0.18307435861282E+04 -0.20457542892746E+04 -0.22643759253992E+04
   0.10831968292909E+05 -0.46402406095731E+02  0.49608281588039E+02  0.18087237860818E+05 -0.14978170927366E+04  0.54731716629360E+04  0.27943443302326E+04  0.56018650071759E+05  0.87761509422785E+04 -0.23356853794132E+04  0.63875231769017E+03  0.96411930523560E+03  0.64543109230108E+02  0.37405565393849E+01  0.22019277051572E+05 -0.25715773806067E+04  0.20872138347167E+05  0.11493340089493E+05 -0.32590222325138E+05 -0.22082392304619E+02  0.36310283864626E+02  0.17996300466106E+02  0.75381338378458E+01  0.31952889653351E+01 -0.32164802626624E+02 -0.10204454349254E+03  0.51035260925927E+03 -0.23143796455263E+04 -0.14343449342464E+04 -0.14195849299703E+04  0.10762659916999E+04  0.28804199343325E+04 -0.72583329530868E+03 -0.14562829527263E+04 -0.39353403802678E+03 -0.20263202895626E+04 -0.10357764396735E+04  0.18575501477009E+04 -0.13999418859250E+04 -0.15518973409246E+04
  -0.60387856418809E+07  0.20299085682700E+07 -0.22769810040984E+06 -0.19077478273456E+07  0.36982166855650E+06 -0.23234276207407E+05 -0.18016554264992E+06 -0.51487053359090E+06 -0.32196608008591E+05  0.48603385489649E+05 -0.52626073185615E+04 -0.57430619622599E+04 -0.28880574174895E+03 -0.67545991386870E+02 -0.60248704158263E+05  0.81704221632675E+04 -0.55998634591404E+05 -0.32590222325138E+05  0.27178923998235E+08  0.14526255242411E+06  0.75127848475765E+05  0.40006452577726E+05  0.22274468058981E+05  0.12928398793342E+05  0.37957350242901E+05  0.45903541627139E+05  0.34825333619402E+06  0.33808486037143E+05  0.76383303159492E+05 -0.11865756735940E+04  0.56633463132315E+06  0.27670844865275E+07  0.16890970819676E+05  0.31357650286318E+05  0.19819176274086E+03  0.23461563678317E+05  0.74083675189194E+04 -0.17625509830140E+05  0.20536681837360E+05  0.64384270316424E+05
  -0.56840692639024E+05  0.14070278902299E+05 -0.20686418467797E+04 -0.17623774566495E+05  0.29335744856624E+04 -0.18896508263760E+04 -0.23163384108517E+04 -0.37556883026655E+05  0.92273622330917E+04  0.12453818256118E+04 -0.23527275171743E+03  0.26882380305683E+03  0.16517645652825E+02  0.11295812041685E+01  0.24608096869291E+02  0.12369327380948E+02  0.93045794062175E+01 -0.22082392304619E+02  0.14526255242411E+06  0.26607224701183E+04  0.86207817480211E+03  0.36974245359144E+03  0.18177664948692E+03  0.97486762781716E+02  0.62368867443448E+02 -0.42955164567407E+03  0.30486512858113E+04  0.00000000000000E+00  0.26069879898310E+04  0.00000000000000E+00  0.00000000000000E+00  0.41147813116637E+05  0.00000000000000E+00  0.00000000000000E+00  0.00000000000000E+00  0.00000000000000E+00  0.00000000000000E+00  0.00000000000000E+00  0.00000000000000E+00  0.41960619292544E+04
  -0.24314533188022E+05  0.69301831651558E+04 -0.89976752639813E+03 -0.68515322857270E+04  0.12539565141688E+04 -0.38713316579876E+03 -0.79329732909833E+03 -0.72925861353460E+04  0.14312646069849E+04  0.33200667254075E+03 -0.49884694237375E+02  0.27972896092115E+02  0.25261526825108E+01 -0.34184093411443E-01  0.51481528805078E+02 -0.65311959834533E+01  0.62204678765732E+02  0.36310283864626E+02  0.75127848475765E+05  0.86207817480211E+03  0.36751289442422E+03  0.17703452044831E+03  0.93093687927494E+02  0.52243282122109E+02  0.81497759194243E+02 -0.10076281982525E+02  0.13608311984621E+04  0.00000000000000E+00  0.67722773533391E+03  0.00000000000000E+00  0.00000000000000E+00  0.15517637016899E+05  0.00000000000000E+00  0.00000000000000E+00  0.00000000000000E+00  0.00000000000000E+00  0.00000000000000E+00  0.00000000000000E+00  0.00000000000000E+00  0.87498692341000E+03
  -0.11550505164210E+05  0.36447250913138E+04 -0.43120849297380E+03 -0.28808738012744E+04  0.55506592130122E+03 -0.37971698712973E+02 -0.27975449893792E+03 -0.19153967950953E+04  0.32360898173207E+03  0.10596176725808E+03 -0.13639532512496E+02  0.10496326131428E+01  0.22411994359981E+00 -0.16362553192130E-01  0.24251187271684E+02 -0.43200083706882E+01  0.26203261791669E+02  0.17996300466106E+02  0.40006452577726E+05  0.36974245359144E+03  0.17703452044831E+03  0.91637798331226E+02  0.50583317488787E+02  0.29391496252692E+02  0.58005073120246E+02  0.44727918192319E+02  0.65508387440191E+03  0.00000000000000E+00  0.19811110592938E+03  0.00000000000000E+00  0.00000000000000E+00  0.67762109515338E+04  0.00000000000000E+00  0.00000000000000E+00  0.00000000000000E+00  0.00000000000000E+00  0.00000000000000E+00  0.00000000000000E+00  0.00000000000000E+00  0.26078972521089E+03
  -0.59207367738676E+04  0.20210323110214E+04 -0.22211256992205E+03 -0.13280845701487E+04  0.26177195385041E+03  0.25751456452723E+02 -0.10650728530335E+03 -0.63066184746044E+03  0.98726625355698E+02  0.38960098443305E+02 -0.45562806136257E+01 -0.57131175215800E+00 -0.24572951712273E-01 -0.56648284073787E-02  0.10670961454963E+02 -0.22031918075468E+01  0.97627710446091E+01  0.75381338378458E+01  0.22274468058981E+05  0.18177664948692E+03  0.93093687927494E+02  0.50583317488787E+02  0.28926769588122E+02  0.17258862128684E+02  0.37149245710018E+02  0.38470138307357E+02  0.33623742206579E+03  0.00000000000000E+00  0.60726020528442E+02  0.00000000000000E+00  0.00000000000000E+00  0.32811334988553E+04  0.00000000000000E+00  0.00000000000000E+00  0.00000000000000E+00  0.00000000000000E+00  0.00000000000000E+00  0.00000000000000E+00  0.00000000000000E+00  0.97518845813301E+02
  -0.32279006866713E+04  0.11722300800052E+04 -0.12142452931688E+03 -0.66145212873341E+03  0.13109334068369E+03  0.29259975795777E+02 -0.43436294864519E+02 -0.24347951869776E+03  0.37101532808874E+02  0.15984965236288E+02 -0.17634032223596E+01 -0.29314263755643E+00 -0.25993681588218E-01 -0.25493470021915E-02  0.48953943165239E+01 -0.11058128707217E+01  0.37256758612741E+01  0.31952889653351E+01  0.12928398793342E+05  0.97486762781716E+02  0.52243282122109E+02  0.29391496252692E+02  0.17258862128684E+02  0.10510090925926E+02  0.23287938617794E+02  0.26189385454305E+02  0.18233868375517E+03  0.00000000000000E+00  0.17763100450568E+02  0.00000000000000E+00  0.00000000000000E+00  0.17164979240096E+04  0.00000000000000E+00  0.00000000000000E+00  0.00000000000000E+00  0.00000000000000E+00  0.00000000000000E+00  0.00000000000000E+00  0.00000000000000E+00  0.41804813503241E+02
  -0.95363613161390E+04  0.51783006870942E+04 -0.38815955684142E+03 -0.25161952838991E+03  0.19141133770385E+03  0.56145984257525E+03  0.22690404789031E+03  0.61179224153442E+04 -0.13738387281301E+04 -0.19390775207107E+03  0.40403451340913E+02  0.39511788281021E+02  0.52153059252444E+01 -0.60638820126036E-02 -0.31353710172158E+02 -0.24415619486013E+01 -0.81233500212963E+02 -0.32164802626624E+02  0.37957350242901E+05  0.62368867443448E+02  0.81497759194243E+02  0.58005073120246E+02  0.37149245710018E+02  0.23287938617794E+02  0.20893541086059E+03  0.45714074263510E+03  0.78379816138644E+03 -0.43107194385391E+02 -0.24215352776743E+02  0.43903531858498E+01  0.10680929364202E+04  0.77330684970986E+03  0.00000000000000E+00  0.00000000000000E+00  0.00000000000000E+00  0.00000000000000E+00  0.00000000000000E+00  0.00000000000000E+00 -0.28864916689603E+03 -0.30077554956662E+03
   0.25745091412291E+04  0.56218189735743E+04 -0.46849345450011E+02  0.40176198876477E+04 -0.17253606296779E+03  0.21314454425212E+04  0.12031633541140E+04  0.34296393937087E+05 -0.80913631041837E+04 -0.10433527803477E+04  0.22127932486864E+03  0.24450550074081E+03  0.28427077727987E+02 -0.16612626833104E-01 -0.15779276154550E+03 -0.94870321130360E+01 -0.30180438447056E+03 -0.10204454349254E+03  0.45903541627139E+05 -0.42955164567407E+03 -0.10076281982525E+02  0.44727918192319E+02  0.38470138307357E+02  0.26189385454305E+02  0.45714074263510E+03  0.14712133185486E+04  0.56349063502223E+03 -0.15242088029278E+03 -0.10004062299392E+03 -0.19834658776385E+02 -0.51064702706218E+04 -0.92894217193525E+04  0.00000000000000E+00  0.00000000000000E+00  0.00000000000000E+00  0.00000000000000E+00  0.00000000000000E+00  0.00000000000000E+00 -0.18497140742754E+04 -0.19103428836769E+04
  -0.17611616808865E+06  0.49424414703500E+05 -0.65602101460276E+04 -0.32088661999150E+05  0.62468905386992E+04 -0.10369546285910E+04 -0.35592239371076E+04 -0.27410270188554E+05  0.43668377553314E+04  0.16034112424074E+04 -0.19793184897154E+03 -0.51572656672991E+02 -0.10511646849659E+02  0.11773033938408E-01  0.67394971182471E+03 -0.13913362715866E+03  0.66931328931862E+03  0.51035260925927E+03  0.34825333619402E+06  0.30486512858113E+04  0.13608311984621E+04  0.65508387440191E+03  0.33623742206579E+03  0.18233868375517E+03  0.78379816138644E+03  0.56349063502223E+03  0.12098443845869E+05  0.25388961413769E+03  0.13243749569122E+03 -0.51183240796112E+01  0.39953040364887E+05  0.64515623072753E+05  0.00000000000000E+00  0.00000000000000E+00  0.00000000000000E+00  0.00000000000000E+00  0.00000000000000E+00  0.00000000000000E+00  0.15814498013217E+04  0.16147689290294E+04
  -0.13316824820005E+06  0.16821964552442E+05 -0.46289782317272E+04 -0.12870236375294E+05  0.19621383652746E+04 -0.24999536946927E+04 -0.22992729885178E+04 -0.63301529279614E+05  0.11379894992178E+05  0.27315579555879E+04 -0.45010835587860E+03 -0.10934730069443E+04 -0.16094132766638E+03  0.52586805738571E-01 -0.30236613807032E+04  0.59078295893883E+03 -0.32848752135318E+04 -0.23143796455263E+04  0.33808486037143E+05  0.00000000000000E+00  0.00000000000000E+00  0.00000000000000E+00  0.00000000000000E+00  0.00000000000000E+00 -0.43107194385391E+02 -0.15242088029278E+03  0.25388961413769E+03  0.11764578439591E+06  0.00000000000000E+00  0.00000000000000E+00  0.00000000000000E+00  0.00000000000000E+00  0.00000000000000E+00  0.00000000000000E+00  0.00000000000000E+00  0.00000000000000E+00  0.00000000000000E+00  0.00000000000000E+00  0.00000000000000E+00  0.00000000000000E+00
  -0.56534920469003E+05  0.83892859428889E+04 -0.19701130252837E+04 -0.21359780308460E+05  0.32973885994836E+04 -0.37917075535628E+04 -0.35889099961518E+04 -0.50529744234492E+05  0.10728580673264E+05  0.18788106994182E+04 -0.33812174607104E+03  0.58530694612756E-12  0.14433054474782E-11 -0.11395502011874E-12 -0.19575656086242E+04  0.36754252097536E+03 -0.20841125846838E+04 -0.14343449342464E+04  0.76383303159492E+05  0.26069879898310E+04  0.67722773533391E+03  0.19811110592938E+03  0.60726020528442E+02  0.17763100450568E+02 -0.24215352776743E+02 -0.10004062299392E+03  0.13243749569122E+03  0.00000000000000E+00  0.65020940557091E+05  0.00000000000000E+00  0.00000000000000E+00  0.00000000000000E+00  0.00000000000000E+00  0.00000000000000E+00  0.00000000000000E+00  0.00000000000000E+00  0.00000000000000E+00  0.00000000000000E+00  0.00000000000000E+00  0.00000000000000E+00
  -0.53464138723742E+04 -0.19430910519589E+03  0.17076314539229E+02 -0.82193761319038E+02 -0.56463997932505E+02  0.13385578958154E+03  0.12964935435560E+03 -0.71622449049146E+05  0.24873124815483E+05  0.73721884086782E+03 -0.33165717314482E+03 -0.66550018238827E+03 -0.26391168246416E+02 -0.44926454191133E+01 -0.25111421381908E+04  0.29844938853837E+03 -0.28190478627812E+04 -0.14195849299703E+04 -0.11865756735940E+04  0.00000000000000E+00  0.00000000000000E+00  0.00000000000000E+00  0.00000000000000E+00  0.00000000000000E+00  0.43903531858498E+01 -0.19834658776385E+02 -0.51183240796112E+01  0.00000000000000E+00  0.00000000000000E+00  0.30863770317819E+05  0.00000000000000E+00  0.00000000000000E+00  0.00000000000000E+00  0.00000000000000E+00  0.00000000000000E+00  0.00000000000000E+00  0.00000000000000E+00  0.00000000000000E+00  0.00000000000000E+00  0.00000000000000E+00
  -0.87873838627614E+06  0.21273282066289E+06 -0.31635104014025E+05 -0.66833474720573E+05  0.11276538407036E+05 -0.72795268782724E+04 -0.89665142327515E+04 -0.29786381664607E+06  0.66835348514514E+05  0.10932645417612E+05 -0.19488939979285E+04 -0.48585456657356E+04 -0.57182329033277E+03 -0.39793967366516E+00  0.18789825856005E+04 -0.12688358260592E+03  0.23877154244952E+04  0.10762659916999E+04  0.56633463132315E+06  0.00000000000000E+00  0.00000000000000E+00  0.00000000000000E+00  0.00000000000000E+00  0.00000000000000E+00  0.10680929364202E+04 -0.51064702706218E+04  0.39953040364887E+05  0.00000000000000E+00  0.00000000000000E+00  0.00000000000000E+00  0.58393721728330E+06  0.00000000000000E+00  0.00000000000000E+00  0.00000000000000E+00  0.00000000000000E+00  0.00000000000000E+00  0.00000000000000E+00  0.00000000000000E+00  0.00000000000000E+00  0.00000000000000E+00
  -0.11411763717777E+07  0.26980002545387E+06 -0.41324452801246E+05 -0.34517158907383E+06  0.59912934187556E+05 -0.34808047918561E+05 -0.46532509450856E+05 -0.58424589500264E+06  0.12672260066802E+06  0.22704933711733E+05 -0.38702427498159E+04  0.52728293321659E-09 -0.18888996489867E-10  0.26347837582327E-11  0.42633445182010E+04 -0.46716047334578E+03  0.53269566484049E+04  0.28804199343325E+04  0.27670844865275E+07  0.41147813116637E+05  0.15517637016899E+05  0.67762109515338E+04  0.32811334988553E+04  0.17164979240096E+04  0.77330684970986E+03 -0.92894217193525E+04  0.64515623072753E+05  0.00000000000000E+00  0.00000000000000E+00  0.00000000000000E+00  0.00000000000000E+00  0.92365442950585E+06  0.00000000000000E+00  0.00000000000000E+00  0.00000000000000E+00  0.00000000000000E+00  0.00000000000000E+00  0.00000000000000E+00  0.00000000000000E+00  0.00000000000000E+00
  -0.21271693878109E+05  0.58014651931310E+04 -0.79446381523502E+03 -0.13564154585701E+04  0.30060740986586E+03  0.39477135967932E+02 -0.13099884359341E+03 -0.75376495418758E+05  0.23052090091438E+05  0.14988034247933E+04 -0.41305308244838E+03 -0.22051200136469E+04 -0.13978576196859E+03 -0.20293846775534E+01 -0.15293721987208E+04  0.16798963003573E+03 -0.14143451857679E+04 -0.72583329530868E+03  0.16890970819676E+05  0.00000000000000E+00  0.00000000000000E+00  0.00000000000000E+00  0.00000000000000E+00  0.00000000000000E+00  0.00000000000000E+00  0.00000000000000E+00  0.00000000000000E+00  0.00000000000000E+00  0.00000000000000E+00  0.00000000000000E+00  0.00000000000000E+00  0.00000000000000E+00  0.14496476326693E+05  0.00000000000000E+00  0.00000000000000E+00  0.00000000000000E+00  0.00000000000000E+00  0.00000000000000E+00  0.00000000000000E+00  0.00000000000000E+00
  -0.48217972816964E+05  0.13319148821626E+05 -0.18079193621662E+04 -0.25078265469641E+04  0.53412360764360E+03  0.34043048534335E+02 -0.23716968367572E+03 -0.16995291326710E+06  0.52008407850601E+05  0.33272397436865E+04 -0.93224785320390E+03 -0.68164426406321E+02 -0.17817904053848E+02 -0.33220049642760E-05 -0.30487808687598E+04  0.33329040088418E+03 -0.28369478330013E+04 -0.14562829527263E+04  0.31357650286318E+05  0.00000000000000E+00  0.00000000000000E+00  0.00000000000000E+00  0.00000000000000E+00  0.00000000000000E+00  0.00000000000000E+00  0.00000000000000E+00  0.00000000000000E+00  0.00000000000000E+00  0.00000000000000E+00  0.00000000000000E+00  0.00000000000000E+00  0.00000000000000E+00  0.00000000000000E+00  0.32003055100207E+05  0.00000000000000E+00  0.00000000000000E+00  0.00000000000000E+00  0.00000000000000E+00  0.00000000000000E+00  0.00000000000000E+00
  -0.32193667210535E+04  0.42174268437059E+03 -0.99513093479067E+02 -0.68565892388300E+02  0.84499019849956E+01 -0.17117911027751E+02 -0.12002463105121E+02 -0.14215189173791E+04  0.18981689472771E+03  0.43314425390098E+02 -0.10575671725502E+02 -0.75505152479589E+02 -0.61618837242991E+01 -0.98247263451160E-01 -0.74785955988166E+03  0.87094759461372E+02 -0.70798187469397E+03 -0.39353403802678E+03  0.19819176274086E+03  0.00000000000000E+00  0.00000000000000E+00  0.00000000000000E+00  0.00000000000000E+00  0.00000000000000E+00  0.00000000000000E+00  0.00000000000000E+00  0.00000000000000E+00  0.00000000000000E+00  0.00000000000000E+00  0.00000000000000E+00  0.00000000000000E+00  0.00000000000000E+00  0.00000000000000E+00  0.00000000000000E+00  0.38026443244421E+04  0.00000000000000E+00  0.00000000000000E+00  0.00000000000000E+00  0.00000000000000E+00  0.00000000000000E+00
  -0.90147489624491E+04  0.23863162033785E+04 -0.33245732169687E+03 -0.23981986135374E+04  0.42825110733212E+03 -0.18843637185491E+03 -0.30676066964721E+03  0.61825943758003E+03 -0.13563744487880E+04  0.11898797138470E+03 -0.10715733589005E+02 -0.16260344345935E+01 -0.17245942524132E+00 -0.11441296014705E-02 -0.30772492758583E+04  0.50510486149779E+03 -0.30968689730813E+04 -0.20263202895626E+04  0.23461563678317E+05  0.00000000000000E+00  0.00000000000000E+00  0.00000000000000E+00  0.00000000000000E+00  0.00000000000000E+00  0.00000000000000E+00  0.00000000000000E+00  0.00000000000000E+00  0.00000000000000E+00  0.00000000000000E+00  0.00000000000000E+00  0.00000000000000E+00  0.00000000000000E+00  0.00000000000000E+00  0.00000000000000E+00  0.00000000000000E+00  0.81000679771780E+04  0.00000000000000E+00  0.00000000000000E+00  0.00000000000000E+00  0.00000000000000E+00
  -0.31896917441831E+04  0.75730204209218E+03 -0.11651761301815E+03 -0.93518542345408E+03  0.16050097032333E+03 -0.10426163031313E+03 -0.13203724434123E+03  0.40150427636875E+03 -0.73391246404886E+03  0.53648054895473E+02 -0.52053017766142E+01 -0.70054221739507E+00 -0.67424350653985E-01 -0.63509196592040E-03 -0.16065563324143E+04  0.24396609464214E+03 -0.16541431255685E+04 -0.10357764396735E+04  0.74083675189194E+04  0.00000000000000E+00  0.00000000000000E+00  0.00000000000000E+00  0.00000000000000E+00  0.00000000000000E+00  0.00000000000000E+00  0.00000000000000E+00  0.00000000000000E+00  0.00000000000000E+00  0.00000000000000E+00  0.00000000000000E+00  0.00000000000000E+00  0.00000000000000E+00  0.00000000000000E+00  0.00000000000000E+00  0.00000000000000E+00  0.00000000000000E+00  0.41690565426347E+04  0.00000000000000E+00  0.00000000000000E+00  0.00000000000000E+00
  -0.18862499562016E+05 -0.21731229519244E+04 -0.84917754956747E+02 -0.10224531712204E+05  0.42149829313925E+03 -0.31794921053499E+04 -0.13618906734780E+04 -0.27874554453176E+06  0.11329732568636E+06  0.31479326667250E+04 -0.11200626548137E+04  0.27453874922017E+03  0.27609417146835E+02 -0.14793566897984E+01 -0.21685634149719E+04 -0.39198299789271E+03  0.18307435861282E+04  0.18575501477009E+04 -0.17625509830140E+05  0.00000000000000E+00  0.00000000000000E+00  0.00000000000000E+00  0.00000000000000E+00  0.00000000000000E+00  0.00000000000000E+00  0.00000000000000E+00  0.00000000000000E+00  0.00000000000000E+00  0.00000000000000E+00  0.00000000000000E+00  0.00000000000000E+00  0.00000000000000E+00  0.00000000000000E+00  0.00000000000000E+00  0.00000000000000E+00  0.00000000000000E+00  0.00000000000000E+00  0.12657959902563E+06  0.00000000000000E+00  0.00000000000000E+00
  -0.75165537568640E+05  0.87501190365223E+04 -0.22101094155171E+04 -0.73335275654971E+04  0.79835442999170E+03 -0.17856265859665E+04 -0.10972917340044E+04 -0.14684481562056E+06  0.45393489085455E+05  0.28356023547228E+04 -0.80278887930862E+03 -0.26118195478193E+04 -0.19015776085572E+03 -0.19739199354829E+01 -0.10033511893735E+04  0.28577721910197E+03 -0.20457542892746E+04 -0.13999418859250E+04  0.20536681837360E+05  0.00000000000000E+00  0.00000000000000E+00  0.00000000000000E+00  0.00000000000000E+00  0.00000000000000E+00 -0.28864916689603E+03 -0.18497140742754E+04  0.15814498013217E+04  0.00000000000000E+00  0.00000000000000E+00  0.00000000000000E+00  0.00000000000000E+00  0.00000000000000E+00  0.00000000000000E+00  0.00000000000000E+00  0.00000000000000E+00  0.00000000000000E+00  0.00000000000000E+00  0.00000000000000E+00  0.95952743827655E+05  0.00000000000000E+00
  -0.59260173530054E+05  0.74161065733036E+04 -0.17877110524665E+04 -0.21710923384893E+05  0.24715697275545E+04 -0.50871213323465E+04 -0.32550745151983E+04 -0.18016532039573E+06  0.55137715603774E+05  0.35707370285770E+04 -0.99228322321873E+03  0.47874380295023E-10 -0.18285849586955E-12 -0.79404953348406E-13 -0.11282385059411E+04  0.32007005940553E+03 -0.22643759253992E+04 -0.15518973409246E+04  0.64384270316424E+05  0.41960619292544E+04  0.87498692341000E+03  0.26078972521089E+03  0.97518845813301E+02  0.41804813503241E+02 -0.30077554956662E+03 -0.19103428836769E+04  0.16147689290294E+04  0.00000000000000E+00  0.00000000000000E+00  0.00000000000000E+00  0.00000000000000E+00  0.00000000000000E+00  0.00000000000000E+00  0.00000000000000E+00  0.00000000000000E+00  0.00000000000000E+00  0.00000000000000E+00  0.00000000000000E+00  0.00000000000000E+00  0.10029967914274E+06

 # Covariance matrix (Bevington epsilon)
