# fitpack15: fit parameters                                                                         
# CJ15 AV18 final data choices                                                                      
# Created on 09/06/2019 at 15:08:58                                                                 

 # QCD setup
  INS                           0
  NVL                          11
  IORD                          1
  Q02                   1.6899999999999999     
  IPARAMC                       7
  FLAVOR                4.0000000000000000     
  xmc                   1.3000000000000000     
  xmb                   4.5000000000000000     
  ncb                          12
  ihq                           1
  ias                           0

 # Theory corrections
  inuke                     10114
  itmc                          1
  iht                           1

 # fit parameters
 LAMBDA       0.22680        0.0000    
 a0uv          2.1433        0.0000    
 a1uv         0.58849       0.21847E-01
 a2uv          3.5552       0.11495E-01
 a3uv          0.0000        0.0000    
 a4uv          4.0474       0.52830    
 a5uv          0.0000        0.0000    
 a0dv          25.220        0.0000    
 a1dv          1.1612       0.32252E-01
 a2dv          6.6002       0.15830    
 a3dv         -3.5208       0.83583E-01
 a4dv          4.6883       0.13757    
 a5dv          0.0000        0.0000    
 a0ud         0.14397       0.49806E-02
 a1ud        -0.20946       0.37690E-02
 a2ud          8.4052       0.18945    
 a3ud          0.0000        0.0000    
 a4ud          14.837        1.2487    
 a5ud          0.0000        0.0000    
 a0du          35712.        0.0000    
 a1du          4.1176       0.10289    
 a2du          20.722        1.0829    
 a3du          17.000        0.0000    
 a4du          61.756        17.037    
 a0g           46.612        0.0000    
 a1g          0.60619       0.30299E-01
 a2g           6.2451       0.86024    
 a3g          -3.3925       0.12478    
 a4g           3.3069       0.29612    
 a5g           0.0000        0.0000    
 kappa        0.40000        0.0000    
 a6dv        -0.38833E-02   0.69592E-03
 a7dv          2.0000        0.0000    
 off1        -0.15805       0.12263    
 off2         0.45820       0.74883    
 off3        -0.98925        1.0430    
 ht1          -3.3093       0.27579    
 ht2           1.9501       0.11414    
 ht3          -2.1061       0.29531E-01
 ht4           0.0000        0.0000    
 dummy41       0.0000        0.0000    
 dummy42       0.0000        0.0000    
 dummy43       0.0000        0.0000    
 dummy44       0.0000        0.0000    
 dummy45       0.0000        0.0000    
 dummy46       0.0000        0.0000    
 dummy47       0.0000        0.0000    
 dummy48       0.0000        0.0000    
 dummy49       0.0000        0.0000    
 bcdmsh2      0.96972       0.48671E-02
 bcdmsd2      0.99260       0.58583E-02
 ccfr          1.0000        0.0000    
 nutev         1.0000        0.0000    
 zeus         0.97998        0.0000    
 h1            1.0162        0.0000    
 e605          1.0319        0.0000    
 NmcH2         1.0067       0.71126E-02
 ntv_nu        1.0000        0.0000    
 ntv_nuba      1.0000        0.0000    
 cdf_jet      0.98910        0.0000    
 d0_jet       0.83504        0.0000    
 slac_p        1.0018       0.48736E-02
 slac_d        1.0030       0.53132E-02
 e866pp       0.97539       0.19338E-01
 e866pd       0.95075       0.17269E-01
 d0_gamje      1.0395       0.16514E-01
 h1b          0.97608        0.0000    
 jlab_p       0.99424       0.58420E-02
 jlab_d       0.97581       0.59568E-02
 blank         1.0000        0.0000    
 d0run2       0.95205       0.14877E-01
 cdfrun2      0.93661       0.17607E-01
 HERA_el       1.0000        0.0000    
 HERA_ps       1.0000        0.0000    
 CDF_Z        0.95641       0.65942E-02
 NmcRat        1.0000        0.0000    
 BNS_F2nd     0.97318       0.72400E-02
 HERMES_F     0.99501       0.56129E-02
 HERMES_F     0.97898       0.58485E-02
 END 0. 0.

 # Hessian matrix (Bevington alpha)
   0.50789933934324E+07 -0.13185608889662E+07  0.21272379476040E+06  0.49034207412811E+06 -0.12594096518162E+06 -0.26464049420416E+05  0.54721284744911E+05  0.93344734173452E+06 -0.17585037660042E+06 -0.48387933107647E+05  0.73776200775927E+04  0.13065938580082E+05  0.14397330903761E+04 -0.87899910416612E+02  0.91676534065291E+04 -0.22876664776966E+04  0.12082922952293E+05  0.87289165554533E+04 -0.77624383319290E+07 -0.66737406175073E+05 -0.29331652874603E+05 -0.14162432044692E+05 -0.20037239051969E+05 -0.10149145663728E+05 -0.22777435774173E+06 -0.12999190361740E+06 -0.55049313617701E+05 -0.48685695292560E+04 -0.85861723065896E+06 -0.11108717483420E+07 -0.20895114216086E+05 -0.47795730683818E+05 -0.31384158925346E+04 -0.20215970565309E+06 -0.22856324683749E+06 -0.89270913018160E+04 -0.31605115395206E+04 -0.17312846968084E+05  0.16964686001382E+05 -0.72944382355622E+05 -0.57482028222504E+05
  -0.13185608889662E+07  0.41711716645963E+06 -0.56714095859334E+05 -0.13627189185896E+06  0.34549342112381E+05  0.98614891099121E+04 -0.11787783005397E+05 -0.12182701674237E+06  0.26195307448269E+05  0.72706285500318E+04 -0.90820964356351E+03 -0.10306002521539E+04 -0.11641920360832E+03  0.10657008405828E+02  0.81716538132046E+03 -0.80724202263916E+02  0.29642582253578E+03  0.18497357244504E+03  0.26273337666868E+07  0.17360613470189E+05  0.86169898079763E+04  0.45332872330084E+04  0.89546295815167E+04  0.97645038187008E+04  0.66590773653591E+05  0.16691632684014E+05  0.82686957793870E+04 -0.21881173324825E+03  0.21082123646322E+06  0.26627076420591E+06  0.57862120683958E+04  0.13430703300899E+05  0.41962823054573E+03  0.63704496416452E+05  0.71673935361226E+05  0.23926471739359E+04  0.75987095363822E+03 -0.22329920046921E+04 -0.22892489382248E+04  0.86602620342773E+04  0.72896275582604E+04
   0.21272379476040E+06 -0.56714095859334E+05  0.89878271955913E+04  0.20545651467120E+05 -0.53778913362496E+04 -0.13526976267094E+04  0.22249974546311E+04  0.29022485003320E+05 -0.53191548470905E+04 -0.17716488022648E+04  0.23347196451415E+03  0.37804836992904E+03  0.47435419146923E+02 -0.35400538313466E+01 -0.32686457193012E+03 -0.87687124705568E+01 -0.17303293522012E+03 -0.14620887896027E+02 -0.33632475393924E+06 -0.27775688859207E+04 -0.12440114999678E+04 -0.60671099561649E+03 -0.91788319959489E+03 -0.64904898500647E+03 -0.97330670214035E+04 -0.50591469959283E+04 -0.21527499596425E+04  0.33124642298834E+02 -0.35085969305306E+05 -0.45641678406145E+05 -0.89022773231496E+03 -0.20456274263596E+04 -0.10823076978605E+03 -0.87721304985143E+04 -0.99090988017276E+04 -0.37454955941897E+03 -0.13087642806296E+03 -0.33064893087387E+02  0.66630995675415E+03 -0.23816982366686E+04 -0.19270671558676E+04
   0.49034207412811E+06 -0.13627189185896E+06  0.20545651467120E+05  0.39885110585059E+06 -0.61977790265908E+05  0.77005341449419E+05  0.65318388337572E+05  0.34661161297337E+06 -0.25957588919677E+05 -0.17816335503923E+05  0.32523244660364E+04 -0.12938661142464E+04 -0.13829414073594E+03  0.44532784618494E+02  0.31943267404317E+05 -0.40643743162831E+04  0.29954562541947E+05  0.16927654671101E+05 -0.22798619809281E+07 -0.19181245803260E+05 -0.77753853414053E+04 -0.33989553808440E+04 -0.15636151176131E+04  0.22207667809393E+04 -0.39772492911548E+05 -0.12743592992954E+05 -0.21144684331010E+05 -0.63822588152641E+02 -0.66157396542237E+05 -0.34188300831465E+06 -0.13085115226619E+04 -0.25071216830397E+04 -0.68312525991664E+02 -0.11762509769305E+05 -0.52578668925412E+05 -0.24118107468948E+04 -0.94076185462045E+03 -0.98497424384782E+04 -0.16155604215908E+05 -0.72282360127680E+04 -0.21422268642198E+05
  -0.12594096518162E+06  0.34549342112381E+05 -0.53778913362496E+04 -0.61977790265908E+05  0.11401242524966E+05 -0.78862543938724E+04 -0.93623705064981E+04 -0.31893692428166E+05  0.40070028605677E+03  0.22998650004202E+04 -0.32591019536886E+03 -0.11942301360625E+02  0.50176405434568E+01 -0.39171625946659E+01 -0.26919807390642E+04  0.35094378913124E+03 -0.24458568190116E+04 -0.14046218100739E+04  0.49015981125437E+06  0.35471411409401E+04  0.15844785805612E+04  0.73348516374916E+03  0.59395493655138E+03  0.35274384122784E+03  0.85601936575059E+04  0.19798746089751E+04  0.33435298966418E+04 -0.57722698171225E+02  0.11803523116436E+05  0.62352927253449E+05  0.30979427023643E+03  0.57097602957423E+03  0.86527622225492E+01  0.29019845512685E+04  0.12836898557550E+05  0.45604978824690E+03  0.16951321830466E+03  0.37979501793181E+03  0.25468952263884E+04  0.81258722266756E+03  0.25083563816024E+04
  -0.26464049420416E+05  0.98614891099121E+04 -0.13526976267094E+04  0.77005341449419E+05 -0.78862543938724E+04  0.25371051408751E+05  0.15226283675376E+05  0.10702548775096E+06 -0.97045032400745E+04 -0.45627058882711E+04  0.98632544194417E+03 -0.64329723501298E+03 -0.60880251665751E+02  0.15225225977136E+02  0.98949609295514E+04 -0.12905756682830E+04  0.94324677744287E+04  0.54060858044449E+04 -0.59876733615352E+05 -0.20841245456038E+04 -0.47260068801590E+03 -0.72426428873178E+02  0.72142638588076E+03  0.23926058012201E+04 -0.15354990940672E+04 -0.28410799927046E+04 -0.43488700946001E+04  0.15881167439047E+03 -0.88771390708526E+04 -0.43417282583395E+05  0.84969940470903E+01 -0.21224362460932E+02 -0.18627171829170E+02  0.38867347164144E+03  0.14911095623482E+04 -0.25466569433098E+03 -0.13036896714931E+03 -0.31700753227302E+04 -0.35110156045290E+04 -0.18821722352744E+04 -0.54189081590531E+04
   0.54721284744911E+05 -0.11787783005397E+05  0.22249974546311E+04  0.65318388337572E+05 -0.93623705064981E+04  0.15226283675376E+05  0.11783168706500E+05  0.58750024108000E+05 -0.30993159456435E+04 -0.32250583514082E+04  0.57118848296639E+03 -0.21177312252642E+03 -0.24717966562196E+02  0.79215709370081E+01  0.50914428114175E+04 -0.67746790553707E+03  0.47014231649456E+04  0.27347103804739E+04 -0.25180325512630E+06 -0.26876687070474E+04 -0.98143772638292E+03 -0.37376420752870E+03  0.14506224277007E+03  0.11048575747050E+04 -0.48458044546651E+04 -0.25051613143258E+04 -0.39324318290272E+04  0.14016117093246E+03 -0.10092472847776E+05 -0.52537336955896E+05 -0.15365233225361E+03 -0.28688772689801E+03 -0.12910875795341E+02 -0.10360960203780E+04 -0.47725778889459E+04 -0.35609029349262E+03 -0.15070745752606E+03 -0.13466476437436E+04 -0.32625312141992E+04 -0.11589546975319E+04 -0.34572232067124E+04
   0.93344734173452E+06 -0.12182701674237E+06  0.29022485003320E+05  0.34661161297337E+06 -0.31893692428166E+05  0.10702548775096E+06  0.58750024108000E+05  0.51074668775754E+07 -0.23412096358163E+07 -0.85078989072470E+05  0.25760512921376E+05  0.22676870276629E+05  0.15208602639699E+04  0.66087399605748E+02  0.85416845874165E+05 -0.11249883424065E+05  0.93228345925823E+05  0.50502234967648E+05 -0.57363015491165E+06 -0.35924827341413E+05 -0.71058962534758E+04 -0.19240834644708E+04  0.69557360198257E+04  0.35348467164770E+05 -0.28437317006481E+05 -0.61227813103281E+05 -0.48382042962247E+05 -0.68674331596148E+05 -0.28621748146602E+06 -0.55869527994172E+06 -0.73252863802115E+05 -0.16639140270918E+06 -0.13829283710688E+04 -0.55790926375748E+04 -0.11018882310040E+05  0.50798124293586E+03  0.35929528399355E+03 -0.26691471592002E+06 -0.83372461253345E+04 -0.14065969809624E+06 -0.17201887219810E+06
  -0.17585037660042E+06  0.26195307448269E+05 -0.53191548470905E+04 -0.25957588919677E+05  0.40070028605677E+03 -0.97045032400745E+04 -0.30993159456435E+04 -0.23412096358163E+07  0.19207638456886E+07  0.18743365180515E+05 -0.64146040892951E+04 -0.48302817258262E+04 -0.26585159879859E+03 -0.80410744518352E+01  0.50268952106745E+05 -0.25154767957579E+04  0.18242093632184E+05  0.90526842637388E+04 -0.26448120149610E+05  0.90172682310931E+04  0.14115942228228E+04  0.32603465916084E+03 -0.16692870750875E+04 -0.88031252450473E+04  0.45789359880891E+04  0.11354428939672E+05  0.10558826748791E+05  0.24418893240504E+05  0.65914369124577E+05  0.12443923090744E+06  0.23002465567097E+05  0.52339409645212E+05  0.18942278596901E+03  0.62697725814695E+03  0.12658240675906E+04 -0.13197370356305E+04 -0.72152656987163E+03  0.11185519440474E+06  0.15106249500286E+04  0.44660615783847E+05  0.54116753623896E+05
  -0.48387933107647E+05  0.72706285500318E+04 -0.17716488022648E+04 -0.17816335503923E+05  0.22998650004202E+04 -0.45627058882711E+04 -0.32250583514082E+04 -0.85078989072470E+05  0.18743365180515E+05  0.25636177865749E+04 -0.61899569724381E+03 -0.57001938557022E+03 -0.49868938175625E+02 -0.12132217130666E+01 -0.40616764637035E+04  0.51738349471296E+03 -0.38609323460162E+04 -0.21964540564175E+04  0.56016502443472E+05  0.12530708375155E+04  0.34495307922320E+03  0.11458809190975E+03 -0.20129697367071E+03 -0.10408857344187E+04  0.17748752775160E+04  0.27078352053274E+04  0.18490909601504E+04  0.73033386834577E+03  0.10829750087789E+05  0.22367051582309E+05  0.15010013993173E+04  0.33514270626161E+04  0.43382032751873E+02  0.54396300739756E+03  0.10384098705004E+04  0.12038521423607E+03  0.54052290192002E+02  0.30766907343385E+04  0.42077270236463E+03  0.27980473744008E+04  0.35056375841257E+04
   0.73776200775927E+04 -0.90820964356351E+03  0.23347196451415E+03  0.32523244660364E+04 -0.32591019536886E+03  0.98632544194417E+03  0.57118848296639E+03  0.25760512921376E+05 -0.64146040892951E+04 -0.61899569724381E+03  0.17434527887357E+03  0.16774851692514E+03  0.12186474083235E+02  0.46206164426277E+00  0.12737352499326E+04 -0.14653084162760E+03  0.11673274225637E+04  0.63823074854755E+03 -0.63029874237220E+04 -0.24626732055639E+03 -0.53521904615523E+02 -0.15136148855522E+02  0.49512848093837E+02  0.24609202382433E+03 -0.22654027998521E+03 -0.47729620086590E+03 -0.35434374211923E+03 -0.34111392199687E+03 -0.20498719332191E+04 -0.40531497701569E+04 -0.43509596090786E+03 -0.98832773477373E+03 -0.11200381488755E+02 -0.46560137033698E+02 -0.91861085586153E+02 -0.12226732794626E+02 -0.58652188847183E+01 -0.11471949897770E+04 -0.64873398853241E+02 -0.83360390461888E+03 -0.10267774673673E+04
   0.13065938580082E+05 -0.10306002521539E+04  0.37804836992904E+03 -0.12938661142464E+04 -0.11942301360625E+02 -0.64329723501298E+03 -0.21177312252642E+03  0.22676870276629E+05 -0.48302817258262E+04 -0.57001938557022E+03  0.16774851692514E+03  0.12046663583734E+04  0.80119540352867E+02 -0.11980554076195E+01  0.12175267337124E+04 -0.17629466561816E+03  0.14263619745745E+04  0.82209891162186E+03 -0.52153383151178E+04  0.22910938911235E+03  0.22087728224517E+02  0.18573904618097E+00  0.44104324677463E+02  0.24061214006427E+03 -0.47286146433467E+02 -0.95587727599979E+03 -0.32630390702305E-11 -0.59973261378318E+03 -0.42623987824272E+04 -0.31353094083930E-09 -0.19840037608947E+04 -0.56799603789998E+02 -0.67229713790926E+02 -0.13117774027622E+00  0.44812691446135E-10 -0.14583439825973E+01 -0.63261263381198E+00  0.22276096927279E+03  0.25178626647412E+03 -0.23264083237678E+04  0.10120161676379E-09
   0.14397330903761E+04 -0.11641920360832E+03  0.47435419146923E+02 -0.13829414073594E+03  0.50176405434568E+01 -0.60880251665751E+02 -0.24717966562196E+02  0.15208602639699E+04 -0.26585159879859E+03 -0.49868938175625E+02  0.12186474083235E+02  0.80119540352867E+02  0.71448705756838E+01 -0.12635274612395E+00  0.68949670746275E+02 -0.11993964123107E+02  0.86776698877631E+02  0.54206146291669E+02 -0.24508191289019E+03  0.12258636574866E+02  0.15990981372139E+01  0.25522571650887E-01  0.55120892027197E+01  0.26530129458616E+02 -0.91687103933850E+01 -0.13774804613338E+03 -0.50009606836519E-11 -0.23683777047049E+02 -0.49207750494158E+03 -0.56094433192779E-11 -0.12458278257101E+03 -0.14581934132292E+02 -0.54117938674089E+01 -0.92792870945306E-01  0.51013056614577E-11 -0.15156955561450E+00 -0.59806213347235E-01  0.22874625833365E+02  0.55572753687397E+02 -0.16778726552963E+03  0.50548976923907E-11
  -0.87899910416612E+02  0.10657008405828E+02 -0.35400538313466E+01  0.44532784618494E+02 -0.39171625946659E+01  0.15225225977136E+02  0.79215709370081E+01  0.66087399605748E+02 -0.80410744518352E+01 -0.12132217130666E+01  0.46206164426277E+00 -0.11980554076195E+01 -0.12635274612395E+00  0.28561038275739E-01  0.10353586220283E+02 -0.78860355355981E+00  0.67809400717587E+01  0.32024948121988E+01 -0.63197791736440E+02  0.98266703450901E+00 -0.34027030649998E-01 -0.14926209449832E-01 -0.65531420878493E-02 -0.12402724175873E-01  0.11625054692857E-01  0.43430244167340E-01  0.47529428248750E-13 -0.37972751011191E+01 -0.27561934145157E+00 -0.27530458621107E-12 -0.15889552354472E+01 -0.14062274384968E-05 -0.81667330621193E-01  0.00000000000000E+00 -0.63166255131774E-13 -0.96309074689232E-03 -0.53584526893931E-03 -0.15156294668464E+01  0.23285466413122E-05 -0.15236396118931E+01  0.37477776845343E-12
   0.91676534065291E+04  0.81716538132046E+03 -0.32686457193012E+03  0.31943267404317E+05 -0.26919807390642E+04  0.98949609295514E+04  0.50914428114175E+04  0.85416845874165E+05  0.50268952106745E+05 -0.40616764637035E+04  0.12737352499326E+04  0.12175267337124E+04  0.68949670746275E+02  0.10353586220283E+02  0.51095217877289E+05 -0.49418409062443E+04  0.39819471872484E+05  0.20959493085600E+05 -0.56830295655822E+05  0.46290625958714E+02  0.61228173346663E+02  0.29019799406219E+02 -0.23617098081412E+02 -0.13806146015002E+03  0.75287510450449E+03 -0.29198213721939E+04 -0.18967738985438E+04 -0.25031692078125E+04  0.19192424804499E+04  0.42932555705796E+04 -0.15223643177628E+04 -0.30968698995453E+04 -0.73794875468452E+03  0.31636271880677E+03  0.56254054915859E+03 -0.30046819770496E+04 -0.15790776699993E+04 -0.22073146106208E+04  0.20346526604035E+03 -0.96439650938683E+03 -0.10858578745788E+04
  -0.22876664776966E+04 -0.80724202263916E+02 -0.87687124705568E+01 -0.40643743162831E+04  0.35094378913124E+03 -0.12905756682830E+04 -0.67746790553707E+03 -0.11249883424065E+05 -0.25154767957579E+04  0.51738349471296E+03 -0.14653084162760E+03 -0.17629466561816E+03 -0.11993964123107E+02 -0.78860355355981E+00 -0.49418409062443E+04  0.55918168916209E+03 -0.43969750457622E+04 -0.24081752430820E+04  0.69768867345038E+04  0.52177744819757E+01 -0.95318758877364E+01 -0.57492344531445E+01 -0.68401052189551E+01 -0.17030344344141E+02 -0.16190885954318E+03  0.56232055406819E+03  0.35058064190545E+03  0.29505675638201E+03 -0.14077894129177E+03 -0.47906824096905E+03  0.16451721720383E+03  0.33247336959282E+03  0.84806672231779E+02 -0.87668614434245E+02 -0.15385100936979E+03  0.48378793469685E+03  0.23559471579185E+03 -0.36723889302856E+03 -0.36812160274562E+02  0.27414751520846E+03  0.30795050932505E+03
   0.12082922952293E+05  0.29642582253578E+03 -0.17303293522012E+03  0.29954562541947E+05 -0.24458568190116E+04  0.94324677744287E+04  0.47014231649456E+04  0.93228345925823E+05  0.18242093632184E+05 -0.38609323460162E+04  0.11673274225637E+04  0.14263619745745E+04  0.86776698877631E+02  0.67809400717587E+01  0.39819471872484E+05 -0.43969750457622E+04  0.35416866485925E+05  0.19152772208592E+05 -0.53589247016280E+05  0.96626583521291E+01  0.58960481221956E+02  0.24937250559055E+02 -0.85276923842571E+02 -0.27198436056128E+03  0.63213379888135E+03 -0.30261886040852E+04 -0.19328318607824E+04 -0.27281749195815E+04  0.23214982021636E+04  0.50676329071792E+04 -0.13738104487100E+04 -0.28071209729702E+04 -0.67370925226833E+03  0.91821959754534E+02  0.18120952353310E+03 -0.29077171376401E+04 -0.15622227298967E+04  0.16064575468534E+04  0.26808627111518E+03 -0.18875525351093E+04 -0.20971822165030E+04
   0.87289165554533E+04  0.18497357244504E+03 -0.14620887896027E+02  0.16927654671101E+05 -0.14046218100739E+04  0.54060858044449E+04  0.27347103804739E+04  0.50502234967648E+05  0.90526842637388E+04 -0.21964540564175E+04  0.63823074854755E+03  0.82209891162186E+03  0.54206146291669E+02  0.32024948121988E+01  0.20959493085600E+05 -0.24081752430820E+04  0.19152772208592E+05  0.10497485603185E+05 -0.29995828272725E+05 -0.14351509233311E+02  0.37376091397187E+02  0.18576351122856E+02 -0.28506169050247E+02 -0.77614487557901E+02  0.50664850709813E+03 -0.21353862495831E+04 -0.13299775733946E+04 -0.13728217306797E+04  0.10646536682934E+04  0.27517018949541E+04 -0.70168625970709E+03 -0.14330198094852E+04 -0.37332086597789E+03  0.13707552264308E+03  0.25338758374424E+03 -0.18948305031955E+04 -0.97485985253863E+03  0.16892990453257E+04  0.18565727058800E+03 -0.13014791184802E+04 -0.14482688705757E+04
  -0.77624383319290E+07  0.26273337666868E+07 -0.33632475393924E+06 -0.22798619809281E+07  0.49015981125437E+06 -0.59876733615352E+05 -0.25180325512630E+06 -0.57363015491165E+06 -0.26448120149610E+05  0.56016502443472E+05 -0.63029874237220E+04 -0.52153383151178E+04 -0.24508191289019E+03 -0.63197791736440E+02 -0.56830295655822E+05  0.69768867345038E+04 -0.53589247016280E+05 -0.29995828272725E+05  0.34174505717335E+08  0.18447094090477E+06  0.95750160482898E+05  0.51089434792639E+05  0.67094075806117E+05  0.77419818106896E+05  0.48408063134502E+06  0.34450765147398E+05  0.77187841709107E+05 -0.12393369215305E+04  0.57584908194427E+06  0.28146939378887E+07  0.16864457917201E+05  0.32365012559153E+05  0.20581664904920E+03  0.18658094278238E+06  0.81712946429091E+06  0.24264228334087E+05  0.76618736525027E+04 -0.18199372168072E+05  0.46074150766751E+05  0.20913767386805E+05  0.65049477360839E+05
  -0.66737406175073E+05  0.17360613470189E+05 -0.27775688859207E+04 -0.19181245803260E+05  0.35471411409401E+04 -0.20841245456038E+04 -0.26876687070474E+04 -0.35924827341413E+05  0.90172682310931E+04  0.12530708375155E+04 -0.24626732055639E+03  0.22910938911235E+03  0.12258636574866E+02  0.98266703450901E+00  0.46290625958714E+02  0.52177744819757E+01  0.96626583521291E+01 -0.14351509233311E+02  0.18447094090477E+06  0.30080082017051E+04  0.10283953823617E+04  0.45269791618368E+03  0.19713179555923E+03 -0.27789583131570E+03  0.38140315238817E+04  0.00000000000000E+00  0.25965110128994E+04  0.00000000000000E+00  0.00000000000000E+00  0.41102571493133E+05  0.00000000000000E+00  0.00000000000000E+00  0.00000000000000E+00  0.00000000000000E+00  0.61558710532657E+04  0.00000000000000E+00  0.00000000000000E+00  0.00000000000000E+00 -0.16413469334126E+04  0.00000000000000E+00  0.41758015145955E+04
  -0.29331652874603E+05  0.86169898079763E+04 -0.12440114999678E+04 -0.77753853414053E+04  0.15844785805612E+04 -0.47260068801590E+03 -0.98143772638292E+03 -0.71058962534758E+04  0.14115942228228E+04  0.34495307922320E+03 -0.53521904615523E+02  0.22087728224517E+02  0.15990981372139E+01 -0.34027030649998E-01  0.61228173346663E+02 -0.95318758877364E+01  0.58960481221956E+02  0.37376091397187E+02  0.95750160482898E+05  0.10283953823617E+04  0.44902574200613E+03  0.21857481949871E+03  0.16029529015056E+03  0.78155362162675E+02  0.17514373971190E+04  0.00000000000000E+00  0.67481232007890E+03  0.00000000000000E+00  0.00000000000000E+00  0.15509132719557E+05  0.00000000000000E+00  0.00000000000000E+00  0.00000000000000E+00  0.00000000000000E+00  0.31237511997828E+04  0.00000000000000E+00  0.00000000000000E+00  0.00000000000000E+00 -0.51426442228824E+03  0.00000000000000E+00  0.87249953727900E+03
  -0.14162432044692E+05  0.45332872330084E+04 -0.60671099561649E+03 -0.33989553808440E+04  0.73348516374916E+03 -0.72426428873178E+02 -0.37376420752870E+03 -0.19240834644708E+04  0.32603465916084E+03  0.11458809190975E+03 -0.15136148855522E+02  0.18573904618097E+00  0.25522571650887E-01 -0.14926209449832E-01  0.29019799406219E+02 -0.57492344531445E+01  0.24937250559055E+02  0.18576351122856E+02  0.51089434792639E+05  0.45269791618368E+03  0.21857481949871E+03  0.11315623406540E+03  0.10210265272952E+03  0.92262014995513E+02  0.85939101872658E+03  0.00000000000000E+00  0.19755767746124E+03  0.00000000000000E+00  0.00000000000000E+00  0.67715039980124E+04  0.00000000000000E+00  0.00000000000000E+00  0.00000000000000E+00  0.00000000000000E+00  0.16271998173160E+04  0.00000000000000E+00  0.00000000000000E+00  0.00000000000000E+00 -0.16780487669077E+03  0.00000000000000E+00  0.26041677248451E+03
  -0.20037239051969E+05  0.89546295815167E+04 -0.91788319959489E+03 -0.15636151176131E+04  0.59395493655138E+03  0.72142638588076E+03  0.14506224277007E+03  0.69557360198257E+04 -0.16692870750875E+04 -0.20129697367071E+03  0.49512848093837E+02  0.44104324677463E+02  0.55120892027197E+01 -0.65531420878493E-02 -0.23617098081412E+02 -0.68401052189551E+01 -0.85276923842571E+02 -0.28506169050247E+02  0.67094075806117E+05  0.19713179555923E+03  0.16029529015056E+03  0.10210265272952E+03  0.40501804591814E+03  0.71231767404316E+03  0.16331522780695E+04 -0.48300584450924E+02 -0.28001036455306E+02  0.26184027162310E+01  0.96210753961775E+03  0.58736258408437E+03  0.00000000000000E+00  0.00000000000000E+00  0.00000000000000E+00  0.24334071386067E+04  0.30188061023100E+04  0.00000000000000E+00  0.00000000000000E+00  0.00000000000000E+00 -0.26544204291574E+02 -0.36592467365684E+03 -0.38103242254013E+03
  -0.10149145663728E+05  0.97645038187008E+04 -0.64904898500647E+03  0.22207667809393E+04  0.35274384122784E+03  0.23926058012201E+04  0.11048575747050E+04  0.35348467164770E+05 -0.88031252450473E+04 -0.10408857344187E+04  0.24609202382433E+03  0.24061214006427E+03  0.26530129458616E+02 -0.12402724175873E-01 -0.13806146015002E+03 -0.17030344344141E+02 -0.27198436056128E+03 -0.77614487557901E+02  0.77419818106896E+05 -0.27789583131570E+03  0.78155362162675E+02  0.92262014995513E+02  0.71231767404316E+03  0.18003629012423E+04  0.15796880988965E+04 -0.15117190526639E+03 -0.10356614963378E+03 -0.45664227042223E+02 -0.56623070921593E+04 -0.99950117939826E+04  0.00000000000000E+00  0.00000000000000E+00  0.00000000000000E+00  0.34076494973463E+04  0.41191121137735E+04  0.00000000000000E+00  0.00000000000000E+00  0.00000000000000E+00 -0.39119506089415E+02 -0.20530329360528E+04 -0.21216680716940E+04
  -0.22777435774173E+06  0.66590773653591E+05 -0.97330670214035E+04 -0.39772492911548E+05  0.85601936575059E+04 -0.15354990940672E+04 -0.48458044546651E+04 -0.28437317006481E+05  0.45789359880891E+04  0.17748752775160E+04 -0.22654027998521E+03 -0.47286146433467E+02 -0.91687103933850E+01  0.11625054692857E-01  0.75287510450449E+03 -0.16190885954318E+03  0.63213379888135E+03  0.50664850709813E+03  0.48408063134502E+06  0.38140315238817E+04  0.17514373971190E+04  0.85939101872658E+03  0.16331522780695E+04  0.15796880988965E+04  0.16229380022686E+05  0.25090803258952E+03  0.13027195236909E+03 -0.65223841897647E+01  0.37648602871999E+05  0.61096352430604E+05  0.00000000000000E+00  0.00000000000000E+00  0.00000000000000E+00  0.15916712295052E+05  0.20069200428363E+05  0.00000000000000E+00  0.00000000000000E+00  0.00000000000000E+00 -0.76346512760405E+02  0.15522201411278E+04  0.15831704833282E+04
  -0.12999190361740E+06  0.16691632684014E+05 -0.50591469959283E+04 -0.12743592992954E+05  0.19798746089751E+04 -0.28410799927046E+04 -0.25051613143258E+04 -0.61227813103281E+05  0.11354428939672E+05  0.27078352053274E+04 -0.47729620086590E+03 -0.95587727599979E+03 -0.13774804613338E+03  0.43430244167340E-01 -0.29198213721939E+04  0.56232055406819E+03 -0.30261886040852E+04 -0.21353862495831E+04  0.34450765147398E+05  0.00000000000000E+00  0.00000000000000E+00  0.00000000000000E+00 -0.48300584450924E+02 -0.15117190526639E+03  0.25090803258952E+03  0.11703227418935E+06  0.00000000000000E+00  0.00000000000000E+00  0.00000000000000E+00  0.00000000000000E+00  0.00000000000000E+00  0.00000000000000E+00  0.00000000000000E+00  0.00000000000000E+00  0.00000000000000E+00  0.00000000000000E+00  0.00000000000000E+00  0.00000000000000E+00  0.00000000000000E+00  0.00000000000000E+00  0.00000000000000E+00
  -0.55049313617701E+05  0.82686957793870E+04 -0.21527499596425E+04 -0.21144684331010E+05  0.33435298966418E+04 -0.43488700946001E+04 -0.39324318290272E+04 -0.48382042962247E+05  0.10558826748791E+05  0.18490909601504E+04 -0.35434374211923E+03 -0.32630390702305E-11 -0.50009606836519E-11  0.47529428248750E-13 -0.18967738985438E+04  0.35058064190545E+03 -0.19328318607824E+04 -0.13299775733946E+04  0.77187841709107E+05  0.25965110128994E+04  0.67481232007890E+03  0.19755767746124E+03 -0.28001036455306E+02 -0.10356614963378E+03  0.13027195236909E+03  0.00000000000000E+00  0.64675588481023E+05  0.00000000000000E+00  0.00000000000000E+00  0.00000000000000E+00  0.00000000000000E+00  0.00000000000000E+00  0.00000000000000E+00  0.00000000000000E+00  0.00000000000000E+00  0.00000000000000E+00  0.00000000000000E+00  0.00000000000000E+00  0.00000000000000E+00  0.00000000000000E+00  0.00000000000000E+00
  -0.48685695292560E+04 -0.21881173324825E+03  0.33124642298834E+02 -0.63822588152641E+02 -0.57722698171225E+02  0.15881167439047E+03  0.14016117093246E+03 -0.68674331596148E+05  0.24418893240504E+05  0.73033386834577E+03 -0.34111392199687E+03 -0.59973261378318E+03 -0.23683777047049E+02 -0.37972751011191E+01 -0.25031692078125E+04  0.29505675638201E+03 -0.27281749195815E+04 -0.13728217306797E+04 -0.12393369215305E+04  0.00000000000000E+00  0.00000000000000E+00  0.00000000000000E+00  0.26184027162310E+01 -0.45664227042223E+02 -0.65223841897647E+01  0.00000000000000E+00  0.00000000000000E+00  0.30788611441581E+05  0.00000000000000E+00  0.00000000000000E+00  0.00000000000000E+00  0.00000000000000E+00  0.00000000000000E+00  0.00000000000000E+00  0.00000000000000E+00  0.00000000000000E+00  0.00000000000000E+00  0.00000000000000E+00  0.00000000000000E+00  0.00000000000000E+00  0.00000000000000E+00
  -0.85861723065896E+06  0.21082123646322E+06 -0.35085969305306E+05 -0.66157396542237E+05  0.11803523116436E+05 -0.88771390708526E+04 -0.10092472847776E+05 -0.28621748146602E+06  0.65914369124577E+05  0.10829750087789E+05 -0.20498719332191E+04 -0.42623987824272E+04 -0.49207750494158E+03 -0.27561934145157E+00  0.19192424804499E+04 -0.14077894129177E+03  0.23214982021636E+04  0.10646536682934E+04  0.57584908194427E+06  0.00000000000000E+00  0.00000000000000E+00  0.00000000000000E+00  0.96210753961775E+03 -0.56623070921593E+04  0.37648602871999E+05  0.00000000000000E+00  0.00000000000000E+00  0.00000000000000E+00  0.58091967194088E+06  0.00000000000000E+00  0.00000000000000E+00  0.00000000000000E+00  0.00000000000000E+00  0.00000000000000E+00  0.00000000000000E+00  0.00000000000000E+00  0.00000000000000E+00  0.00000000000000E+00  0.00000000000000E+00  0.00000000000000E+00  0.00000000000000E+00
  -0.11108717483420E+07  0.26627076420591E+06 -0.45641678406145E+05 -0.34188300831465E+06  0.62352927253449E+05 -0.43417282583395E+05 -0.52537336955896E+05 -0.55869527994172E+06  0.12443923090744E+06  0.22367051582309E+05 -0.40531497701569E+04 -0.31353094083930E-09 -0.56094433192779E-11 -0.27530458621107E-12  0.42932555705796E+04 -0.47906824096905E+03  0.50676329071792E+04  0.27517018949541E+04  0.28146939378887E+07  0.41102571493133E+05  0.15509132719557E+05  0.67715039980124E+04  0.58736258408437E+03 -0.99950117939826E+04  0.61096352430604E+05  0.00000000000000E+00  0.00000000000000E+00  0.00000000000000E+00  0.00000000000000E+00  0.92032557862193E+06  0.00000000000000E+00  0.00000000000000E+00  0.00000000000000E+00  0.00000000000000E+00  0.00000000000000E+00  0.00000000000000E+00  0.00000000000000E+00  0.00000000000000E+00  0.00000000000000E+00  0.00000000000000E+00  0.00000000000000E+00
  -0.20895114216086E+05  0.57862120683958E+04 -0.89022773231496E+03 -0.13085115226619E+04  0.30979427023643E+03  0.84969940470903E+01 -0.15365233225361E+03 -0.73252863802115E+05  0.23002465567097E+05  0.15010013993173E+04 -0.43509596090786E+03 -0.19840037608947E+04 -0.12458278257101E+03 -0.15889552354472E+01 -0.15223643177628E+04  0.16451721720383E+03 -0.13738104487100E+04 -0.70168625970709E+03  0.16864457917201E+05  0.00000000000000E+00  0.00000000000000E+00  0.00000000000000E+00  0.00000000000000E+00  0.00000000000000E+00  0.00000000000000E+00  0.00000000000000E+00  0.00000000000000E+00  0.00000000000000E+00  0.00000000000000E+00  0.00000000000000E+00  0.14477906365857E+05  0.00000000000000E+00  0.00000000000000E+00  0.00000000000000E+00  0.00000000000000E+00  0.00000000000000E+00  0.00000000000000E+00  0.00000000000000E+00  0.00000000000000E+00  0.00000000000000E+00  0.00000000000000E+00
  -0.47795730683818E+05  0.13430703300899E+05 -0.20456274263596E+04 -0.25071216830397E+04  0.57097602957423E+03 -0.21224362460932E+02 -0.28688772689801E+03 -0.16639140270918E+06  0.52339409645212E+05  0.33514270626161E+04 -0.98832773477373E+03 -0.56799603789998E+02 -0.14581934132292E+02 -0.14062274384968E-05 -0.30968698995453E+04  0.33247336959282E+03 -0.28071209729702E+04 -0.14330198094852E+04  0.32365012559153E+05  0.00000000000000E+00  0.00000000000000E+00  0.00000000000000E+00  0.00000000000000E+00  0.00000000000000E+00  0.00000000000000E+00  0.00000000000000E+00  0.00000000000000E+00  0.00000000000000E+00  0.00000000000000E+00  0.00000000000000E+00  0.00000000000000E+00  0.32651717101503E+05  0.00000000000000E+00  0.00000000000000E+00  0.00000000000000E+00  0.00000000000000E+00  0.00000000000000E+00  0.00000000000000E+00  0.00000000000000E+00  0.00000000000000E+00  0.00000000000000E+00
  -0.31384158925346E+04  0.41962823054573E+03 -0.10823076978605E+03 -0.68312525991664E+02  0.86527622225492E+01 -0.18627171829170E+02 -0.12910875795341E+02 -0.13829283710688E+04  0.18942278596901E+03  0.43382032751873E+02 -0.11200381488755E+02 -0.67229713790926E+02 -0.54117938674089E+01 -0.81667330621193E-01 -0.73794875468452E+03  0.84806672231779E+02 -0.67370925226833E+03 -0.37332086597789E+03  0.20581664904920E+03  0.00000000000000E+00  0.00000000000000E+00  0.00000000000000E+00  0.00000000000000E+00  0.00000000000000E+00  0.00000000000000E+00  0.00000000000000E+00  0.00000000000000E+00  0.00000000000000E+00  0.00000000000000E+00  0.00000000000000E+00  0.00000000000000E+00  0.00000000000000E+00  0.37827879932961E+04  0.00000000000000E+00  0.00000000000000E+00  0.00000000000000E+00  0.00000000000000E+00  0.00000000000000E+00  0.00000000000000E+00  0.00000000000000E+00  0.00000000000000E+00
  -0.20215970565309E+06  0.63704496416452E+05 -0.87721304985143E+04 -0.11762509769305E+05  0.29019845512685E+04  0.38867347164144E+03 -0.10360960203780E+04 -0.55790926375748E+04  0.62697725814695E+03  0.54396300739756E+03 -0.46560137033698E+02 -0.13117774027622E+00 -0.92792870945306E-01  0.00000000000000E+00  0.31636271880677E+03 -0.87668614434245E+02  0.91821959754534E+02  0.13707552264308E+03  0.18658094278238E+06  0.00000000000000E+00  0.00000000000000E+00  0.00000000000000E+00  0.24334071386067E+04  0.34076494973463E+04  0.15916712295052E+05  0.00000000000000E+00  0.00000000000000E+00  0.00000000000000E+00  0.00000000000000E+00  0.00000000000000E+00  0.00000000000000E+00  0.00000000000000E+00  0.00000000000000E+00  0.10554258173374E+06  0.00000000000000E+00  0.00000000000000E+00  0.00000000000000E+00  0.00000000000000E+00  0.00000000000000E+00  0.00000000000000E+00  0.00000000000000E+00
  -0.22856324683749E+06  0.71673935361226E+05 -0.99090988017276E+04 -0.52578668925412E+05  0.12836898557550E+05  0.14911095623482E+04 -0.47725778889459E+04 -0.11018882310040E+05  0.12658240675906E+04  0.10384098705004E+04 -0.91861085586153E+02  0.44812691446135E-10  0.51013056614577E-11 -0.63166255131774E-13  0.56254054915859E+03 -0.15385100936979E+03  0.18120952353310E+03  0.25338758374424E+03  0.81712946429091E+06  0.61558710532657E+04  0.31237511997828E+04  0.16271998173160E+04  0.30188061023100E+04  0.41191121137735E+04  0.20069200428363E+05  0.00000000000000E+00  0.00000000000000E+00  0.00000000000000E+00  0.00000000000000E+00  0.00000000000000E+00  0.00000000000000E+00  0.00000000000000E+00  0.00000000000000E+00  0.00000000000000E+00  0.13873726893852E+06  0.00000000000000E+00  0.00000000000000E+00  0.00000000000000E+00  0.00000000000000E+00  0.00000000000000E+00  0.00000000000000E+00
  -0.89270913018160E+04  0.23926471739359E+04 -0.37454955941897E+03 -0.24118107468948E+04  0.45604978824690E+03 -0.25466569433098E+03 -0.35609029349262E+03  0.50798124293586E+03 -0.13197370356305E+04  0.12038521423607E+03 -0.12226732794626E+02 -0.14583439825973E+01 -0.15156955561450E+00 -0.96309074689232E-03 -0.30046819770496E+04  0.48378793469685E+03 -0.29077171376401E+04 -0.18948305031955E+04  0.24264228334087E+05  0.00000000000000E+00  0.00000000000000E+00  0.00000000000000E+00  0.00000000000000E+00  0.00000000000000E+00  0.00000000000000E+00  0.00000000000000E+00  0.00000000000000E+00  0.00000000000000E+00  0.00000000000000E+00  0.00000000000000E+00  0.00000000000000E+00  0.00000000000000E+00  0.00000000000000E+00  0.00000000000000E+00  0.00000000000000E+00  0.81261085073436E+04  0.00000000000000E+00  0.00000000000000E+00  0.00000000000000E+00  0.00000000000000E+00  0.00000000000000E+00
  -0.31605115395206E+04  0.75987095363822E+03 -0.13087642806296E+03 -0.94076185462045E+03  0.16951321830466E+03 -0.13036896714931E+03 -0.15070745752606E+03  0.35929528399355E+03 -0.72152656987163E+03  0.54052290192002E+02 -0.58652188847183E+01 -0.63261263381198E+00 -0.59806213347235E-01 -0.53584526893931E-03 -0.15790776699993E+04  0.23559471579185E+03 -0.15622227298967E+04 -0.97485985253863E+03  0.76618736525027E+04  0.00000000000000E+00  0.00000000000000E+00  0.00000000000000E+00  0.00000000000000E+00  0.00000000000000E+00  0.00000000000000E+00  0.00000000000000E+00  0.00000000000000E+00  0.00000000000000E+00  0.00000000000000E+00  0.00000000000000E+00  0.00000000000000E+00  0.00000000000000E+00  0.00000000000000E+00  0.00000000000000E+00  0.00000000000000E+00  0.00000000000000E+00  0.41820513770988E+04  0.00000000000000E+00  0.00000000000000E+00  0.00000000000000E+00  0.00000000000000E+00
  -0.17312846968084E+05 -0.22329920046921E+04 -0.33064893087387E+02 -0.98497424384782E+04  0.37979501793181E+03 -0.31700753227302E+04 -0.13466476437436E+04 -0.26691471592002E+06  0.11185519440474E+06  0.30766907343385E+04 -0.11471949897770E+04  0.22276096927279E+03  0.22874625833365E+02 -0.15156294668464E+01 -0.22073146106208E+04 -0.36723889302856E+03  0.16064575468534E+04  0.16892990453257E+04 -0.18199372168072E+05  0.00000000000000E+00  0.00000000000000E+00  0.00000000000000E+00  0.00000000000000E+00  0.00000000000000E+00  0.00000000000000E+00  0.00000000000000E+00  0.00000000000000E+00  0.00000000000000E+00  0.00000000000000E+00  0.00000000000000E+00  0.00000000000000E+00  0.00000000000000E+00  0.00000000000000E+00  0.00000000000000E+00  0.00000000000000E+00  0.00000000000000E+00  0.00000000000000E+00  0.12626270109053E+06  0.00000000000000E+00  0.00000000000000E+00  0.00000000000000E+00
   0.16964686001382E+05 -0.22892489382248E+04  0.66630995675415E+03 -0.16155604215908E+05  0.25468952263884E+04 -0.35110156045290E+04 -0.32625312141992E+04 -0.83372461253345E+04  0.15106249500286E+04  0.42077270236463E+03 -0.64873398853241E+02  0.25178626647412E+03  0.55572753687397E+02  0.23285466413122E-05  0.20346526604035E+03 -0.36812160274562E+02  0.26808627111518E+03  0.18565727058800E+03  0.46074150766751E+05 -0.16413469334126E+04 -0.51426442228824E+03 -0.16780487669077E+03 -0.26544204291574E+02 -0.39119506089415E+02 -0.76346512760405E+02  0.00000000000000E+00  0.00000000000000E+00  0.00000000000000E+00  0.00000000000000E+00  0.00000000000000E+00  0.00000000000000E+00  0.00000000000000E+00  0.00000000000000E+00  0.00000000000000E+00  0.00000000000000E+00  0.00000000000000E+00  0.00000000000000E+00  0.00000000000000E+00  0.40026163740264E+05  0.00000000000000E+00  0.00000000000000E+00
