# fitpack15: fit parameters                                                                         
# CJ15 AV18 final data choices                                                                      
# Created on 09/08/2019 at 17:01:42                                                                 

 # QCD setup
  INS                           0
  NVL                          11
  IORD                          1
  Q02                   1.6899999999999999     
  IPARAMC                       7
  FLAVOR                4.0000000000000000     
  xmc                   1.3000000000000000     
  xmb                   4.5000000000000000     
  ncb                          12
  ihq                           1
  ias                           0

 # Theory corrections
  inuke                     10114
  itmc                          1
  iht                           1

 # fit parameters
 LAMBDA       0.22680        0.0000    
 a0uv          1.9758        0.0000    
 a1uv         0.57039       0.23952E-01
 a2uv          3.5565       0.11033E-01
 a3uv          0.0000        0.0000    
 a4uv          4.4881       0.62731    
 a5uv          0.0000        0.0000    
 a0dv          26.018        0.0000    
 a1dv          1.1640       0.37308E-01
 a2dv          6.6780       0.19499    
 a3dv         -3.5827       0.96789E-01
 a4dv          4.8017       0.15481    
 a5dv          0.0000        0.0000    
 a0ud         0.14011       0.52294E-02
 a1ud        -0.21215       0.40253E-02
 a2ud          8.5423       0.19877    
 a3ud          0.0000        0.0000    
 a4ud          16.436        1.5688    
 a5ud          0.0000        0.0000    
 a0du          35712.        0.0000    
 a1du          4.0348       0.11896    
 a2du          21.084        1.0723    
 a3du          17.000        0.0000    
 a4du          58.578        16.290    
 a0g           48.538        0.0000    
 a1g          0.61140       0.31005E-01
 a2g           6.4480       0.86759    
 a3g          -3.4512       0.13276    
 a4g           3.4405       0.32545    
 a5g           0.0000        0.0000    
 kappa        0.40000        0.0000    
 a6dv        -0.40218E-02   0.76586E-03
 a7dv          2.0000        0.0000    
 off1        -0.27333       0.14049    
 off2          7.8061        4.7785    
 off3         -69.657        44.018    
 off4          247.22        155.37    
 off5         -386.07        234.61    
 off6          217.21        126.93    
 ht1          -3.2394       0.28195    
 ht2           1.9454       0.11729    
 ht3          -2.1071       0.30218E-01
 ht4           0.0000        0.0000    
 dummy44       0.0000        0.0000    
 dummy45       0.0000        0.0000    
 dummy46       0.0000        0.0000    
 dummy47       0.0000        0.0000    
 dummy48       0.0000        0.0000    
 dummy49       0.0000        0.0000    
 bcdmsh2      0.96918       0.48792E-02
 bcdmsd2      0.99233       0.58689E-02
 ccfr          1.0000        0.0000    
 nutev         1.0000        0.0000    
 zeus         0.97998        0.0000    
 h1            1.0162        0.0000    
 e605          1.0319        0.0000    
 NmcH2         1.0076       0.71655E-02
 ntv_nu        1.0000        0.0000    
 ntv_nuba      1.0000        0.0000    
 cdf_jet      0.98910        0.0000    
 d0_jet       0.83504        0.0000    
 slac_p        1.0014       0.48803E-02
 slac_d        1.0036       0.53549E-02
 e866pp       0.98077       0.19843E-01
 e866pd       0.96713       0.19886E-01
 d0_gamje      1.0365       0.16567E-01
 h1b          0.97608        0.0000    
 jlab_p       0.99312       0.58542E-02
 jlab_d       0.97706       0.60406E-02
 blank         1.0000        0.0000    
 d0run2       0.95116       0.14770E-01
 cdfrun2      0.93585       0.17565E-01
 HERA_el       1.0000        0.0000    
 HERA_ps       1.0000        0.0000    
 CDF_Z        0.95813       0.69067E-02
 NmcRat        1.0000        0.0000    
 BNS_F2nd     0.97412       0.73235E-02
 HERMES_F     0.99505       0.56327E-02
 HERMES_F     0.97945       0.58778E-02
 END 0. 0.

 # Hessian matrix (Bevington alpha)
   0.52097370222734E+07 -0.13380457563691E+07  0.19873368005642E+06  0.50249485385555E+06 -0.12593352171728E+06 -0.33371405785070E+05  0.51757028231381E+05  0.98501088011326E+06 -0.18057912071121E+06 -0.49093297485406E+05  0.69619523738919E+04  0.14315187471399E+05  0.15444324478282E+04 -0.93488723809751E+02  0.10579359618918E+05 -0.24167101491981E+04  0.12258424615718E+05  0.87435934807955E+04 -0.81313826926884E+07 -0.67589838571557E+05 -0.29698150081855E+05 -0.14333384157667E+05 -0.73995927857048E+04 -0.40324174758493E+04 -0.22979084124671E+04 -0.20380030683095E+05 -0.10169721998024E+05 -0.22671283508496E+06 -0.13201377110334E+06 -0.55945940573163E+05 -0.52249905741873E+04 -0.87051112996677E+06 -0.11264841166568E+07 -0.21043043912061E+05 -0.47713398813055E+05 -0.32072379127945E+04 -0.20482854348110E+06 -0.23164857488070E+06 -0.90620806427473E+04 -0.32076068659913E+04 -0.18285739428361E+05  0.17167872561731E+05 -0.74337418153061E+05 -0.58495780216178E+05
  -0.13380457563691E+07  0.41873070040681E+06 -0.52175625005858E+05 -0.13751245589860E+06  0.33969528241917E+05  0.11713938872621E+05 -0.10711479835409E+05 -0.12471309395123E+06  0.26087273641521E+05  0.71799040348021E+04 -0.83162920573901E+03 -0.11171742408989E+04 -0.12256791808105E+03  0.11248124719924E+02  0.70049997802785E+03 -0.68870898951116E+02  0.16639545687210E+03  0.11165973521364E+03  0.27203274812304E+07  0.17382988973177E+05  0.86236670455999E+04  0.45346600892967E+04  0.25002784164084E+04  0.14358750547031E+04  0.85427514419822E+03  0.90118083202301E+04  0.96343198557212E+04  0.65552826848695E+05  0.16751484236805E+05  0.83197959372873E+04 -0.19578597406268E+03  0.21125256013112E+06  0.26698206634183E+06  0.57640281209117E+04  0.13245625190148E+05  0.42318587915782E+03  0.63882605485912E+05  0.71931030111500E+05  0.24035664404226E+04  0.76309920473499E+03 -0.21887604449386E+04 -0.22873867908538E+04  0.87074920365351E+04  0.73441828996848E+04
   0.19873368005642E+06 -0.52175625005858E+05  0.76374567742293E+04  0.19007001070950E+05 -0.48706221602050E+04 -0.15277295945068E+04  0.18930501057204E+04  0.28119891324151E+05 -0.49930976038283E+04 -0.16481133431679E+04  0.20193120446998E+03  0.38415861963268E+03  0.47337924866454E+02 -0.35387970522746E+01 -0.26334172912291E+03 -0.12868501574941E+02 -0.13719280574619E+03 -0.10360156237667E+01 -0.31849691115311E+06 -0.25612595596242E+04 -0.11432169345138E+04 -0.55629810405522E+03 -0.28850160453091E+03 -0.15763353274297E+03 -0.89971321431274E+02 -0.83756362501055E+03 -0.56406977744309E+03 -0.87875855790289E+04 -0.47311097383769E+04 -0.20111689008122E+04  0.20367100636038E+02 -0.32428327199851E+05 -0.42202067430155E+05 -0.81433699989836E+03 -0.18540092178544E+04 -0.10215432595595E+03 -0.80413022859173E+04 -0.90880696818523E+04 -0.34587394439945E+03 -0.12114574407671E+03 -0.69088469831792E+02  0.62189356611503E+03 -0.22492962468427E+04 -0.18160487046129E+04
   0.50249485385555E+06 -0.13751245589860E+06  0.19007001070950E+05  0.40093397777464E+06 -0.61692500189573E+05  0.75419056733007E+05  0.64538999448024E+05  0.36509086432335E+06 -0.28441648614911E+05 -0.18000430151568E+05  0.30543789110853E+04 -0.12829800470471E+04 -0.14743282873436E+03  0.47573847489620E+02  0.32007182029461E+05 -0.40515518533447E+04  0.28827952956279E+05  0.16235094102202E+05 -0.23632739167150E+07 -0.19238179716950E+05 -0.77955134001219E+04 -0.34064832006235E+04 -0.16165116669422E+04 -0.82002018498318E+03 -0.43917379471337E+03 -0.15732176059622E+04  0.21663004469912E+04 -0.39192836675542E+05 -0.12811347046813E+05 -0.21254725179966E+05 -0.74797325772302E+02 -0.66453130044772E+05 -0.34307635444195E+06 -0.13630945876451E+04 -0.25066292384599E+04 -0.70426423875088E+02 -0.11768162127917E+05 -0.52541548372402E+05 -0.24255925103145E+04 -0.94595329457156E+03 -0.99310798081817E+04 -0.16192503752262E+05 -0.72549163858406E+04 -0.21476605199457E+05
  -0.12593352171728E+06  0.33969528241917E+05 -0.48706221602050E+04 -0.61692500189573E+05  0.11176044583604E+05 -0.74639793279062E+04 -0.90758242225956E+04 -0.33107965212725E+05  0.52756560530895E+03  0.22905720532664E+04 -0.30060497054311E+03 -0.29071217936065E+02  0.50990791521466E+01 -0.41920645503496E+01 -0.26898905884640E+04  0.34791254050496E+03 -0.23454015512593E+04 -0.13408601167588E+04  0.49678487257905E+06  0.34989428481912E+04  0.15579873455225E+04  0.71878484203753E+03  0.35091117320254E+03  0.18041366773693E+03  0.97015482780689E+02  0.57575201095066E+03  0.32370220752834E+03  0.82818917162387E+04  0.19814642153383E+04  0.33410953737315E+04 -0.56431580348299E+02  0.11671138706066E+05  0.61724929487966E+05  0.31482011388970E+03  0.55838967210460E+03  0.88962074046239E+01  0.28422821250248E+04  0.12561167128202E+05  0.45092614591567E+03  0.16803013930366E+03  0.38689225207177E+03  0.25405919861870E+04  0.80973130229450E+03  0.25026620590245E+04
  -0.33371405785070E+05  0.11713938872621E+05 -0.15277295945068E+04  0.75419056733007E+05 -0.74639793279062E+04  0.25579213527865E+05  0.15092518269164E+05  0.11438066666085E+06 -0.10945201925690E+05 -0.46158487604659E+04  0.93801749442281E+03 -0.68763007588426E+03 -0.67069168591401E+02  0.16467341488889E+02  0.10017044655637E+05 -0.13005044155119E+04  0.91509696693628E+04  0.52294614920970E+04 -0.38919040728736E+05 -0.19487611571431E+04 -0.40369738173913E+03 -0.38865701196273E+02  0.28096856295800E+02  0.31541965206519E+02  0.24001059681193E+02  0.75741738079169E+03  0.23866934406745E+04 -0.11237884374335E+04 -0.27775330155211E+04 -0.42356367189579E+04  0.15688693927832E+03 -0.84497932546069E+04 -0.40851192970662E+05  0.20080147939557E+02  0.61910152030982E+00 -0.18975519784472E+02  0.51695853800975E+03  0.20651176597752E+04 -0.23561189066569E+03 -0.12391058513991E+03 -0.32533611667499E+04 -0.33945318541195E+04 -0.18916193655886E+04 -0.54167310205507E+04
   0.51757028231381E+05 -0.10711479835409E+05  0.18930501057204E+04  0.64538999448024E+05 -0.90758242225956E+04  0.15092518269164E+05  0.11583287780241E+05  0.62270216209642E+05 -0.36111773697333E+04 -0.32461998009613E+04  0.53749422190165E+03 -0.21536141486781E+03 -0.27025802934373E+02  0.85622949117802E+01  0.51417682863942E+04 -0.68011452220097E+03  0.45418731935705E+04  0.26330073966390E+04 -0.24584657236387E+06 -0.26067066100210E+04 -0.93947788497269E+03 -0.35262335606254E+03 -0.14379074066633E+03 -0.63084815108545E+02 -0.29377074851803E+02  0.16996494990201E+03  0.11154232500797E+04 -0.45289904595434E+04 -0.24811857418152E+04 -0.38864678402537E+04  0.14019437357722E+03 -0.98557102060196E+04 -0.51141670349020E+05 -0.15133183500402E+03 -0.27150023162312E+03 -0.13213996350545E+02 -0.94915500459183E+03 -0.43790293268741E+04 -0.34580841020659E+03 -0.14736602660484E+03 -0.13808325187076E+04 -0.32126880770558E+04 -0.11606081665499E+04 -0.34531002197474E+04
   0.98501088011326E+06 -0.12471309395123E+06  0.28119891324151E+05  0.36509086432335E+06 -0.33107965212725E+05  0.11438066666085E+06  0.62270216209642E+05  0.55332224828614E+07 -0.24417035925125E+07 -0.90081002179622E+05  0.25639977181721E+05  0.26744724042518E+05  0.17265742925370E+04  0.77939645492167E+02  0.93432404809022E+05 -0.12134656417883E+05  0.97547396349809E+05  0.52692151628568E+05 -0.60492962681389E+06 -0.37582940443721E+05 -0.73694096704336E+04 -0.19770054776455E+04 -0.66880953356796E+03 -0.26525145350827E+03 -0.11731673664450E+03  0.73526460738877E+04  0.36263535542135E+05 -0.28691552950310E+05 -0.63715061435671E+05 -0.50389253142471E+05 -0.71708612677731E+05 -0.29799759924593E+06 -0.58112424985103E+06 -0.75122531981633E+05 -0.16919736862766E+06 -0.14450124067522E+04 -0.55190455067816E+04 -0.10916713870227E+05  0.51721167887514E+03  0.36170613007993E+03 -0.27880069134739E+06 -0.86021060729936E+04 -0.14679779941037E+06 -0.17990192958205E+06
  -0.18057912071121E+06  0.26087273641521E+05 -0.49930976038283E+04 -0.28441648614911E+05  0.52756560530895E+03 -0.10945201925690E+05 -0.36111773697333E+04 -0.24417035925125E+07  0.19263043280797E+07  0.19437340128204E+05 -0.62727526363293E+04 -0.56166798775889E+04 -0.29916766406379E+03 -0.10305694522150E+02  0.47991696883735E+05 -0.22957428668863E+04  0.15945881367150E+05  0.77951704620847E+04 -0.26836311793954E+05  0.92200015459726E+04  0.14336823009744E+04  0.32840183656740E+03  0.10219585981687E+03  0.39175151000428E+02  0.17110058576087E+02 -0.17151180677624E+04 -0.87901174957299E+04  0.45275907669677E+04  0.11512063277918E+05  0.10718832041791E+05  0.24906414937724E+05  0.66944239487498E+05  0.12635630381049E+06  0.22976227351429E+05  0.51858626674398E+05  0.19624801757758E+03  0.60580326653674E+03  0.12259968121168E+04 -0.13224783423995E+04 -0.72154638640638E+03  0.11336730888574E+06  0.15208611798963E+04  0.45372011933039E+05  0.55091398957594E+05
  -0.49093297485406E+05  0.71799040348021E+04 -0.16481133431679E+04 -0.18000430151568E+05  0.22905720532664E+04 -0.46158487604659E+04 -0.32461998009613E+04 -0.90081002179622E+05  0.19437340128204E+05  0.26223100936173E+04 -0.59171053034454E+03 -0.63872550375247E+03 -0.53921906055895E+02 -0.13693450333148E+01 -0.41333386534196E+04  0.52450974381703E+03 -0.37654177620441E+04 -0.21378417037329E+04  0.56902752086953E+05  0.12623282542774E+04  0.34420419945170E+03  0.11331930183803E+03  0.43106279659481E+02  0.18271281857877E+02  0.84177294620317E+01 -0.20922232573900E+03 -0.10406907226857E+04  0.17263000583046E+04  0.27357537783973E+04  0.18683403184894E+04  0.73871642768467E+03  0.10903176521083E+05  0.22478970053247E+05  0.14921878544944E+04  0.32979492131713E+04  0.43972987276050E+02  0.52201422227201E+03  0.99739198373635E+03  0.12075526233812E+03  0.54430826836980E+02  0.31414025022353E+04  0.42147985807529E+03  0.28352962982643E+04  0.35585330913414E+04
   0.69619523738919E+04 -0.83162920573901E+03  0.20193120446998E+03  0.30543789110853E+04 -0.30060497054311E+03  0.93801749442281E+03  0.53749422190165E+03  0.25639977181721E+05 -0.62727526363293E+04 -0.59171053034454E+03  0.15696298359360E+03  0.17831020281970E+03  0.12400663173583E+02  0.49686048867379E+00  0.12180161423151E+04 -0.13910654969419E+03  0.10747638960403E+04  0.58513825146356E+03 -0.59147019390557E+04 -0.23203391471427E+03 -0.49707542494671E+02 -0.13887387259955E+02 -0.47689840465179E+01 -0.18979925421033E+01 -0.83939173276541E+00  0.47188346741905E+02  0.22783855276828E+03 -0.20392830613051E+03 -0.44526282668188E+03 -0.33187660152877E+03 -0.32891293459542E+03 -0.19198267053582E+04 -0.37879972622350E+04 -0.40649317100588E+03 -0.91539264499136E+03 -0.10569180345157E+02 -0.40941001488826E+02 -0.80904506468510E+02 -0.10991890953993E+02 -0.53036653350297E+01 -0.11078841014405E+04 -0.59895935843502E+02 -0.79246413141313E+03 -0.97776028235680E+03
   0.14315187471399E+05 -0.11171742408989E+04  0.38415861963268E+03 -0.12829800470471E+04 -0.29071217936065E+02 -0.68763007588426E+03 -0.21536141486781E+03  0.26744724042518E+05 -0.56166798775889E+04 -0.63872550375247E+03  0.17831020281970E+03  0.15291394934934E+04  0.97375508867151E+02 -0.11922062267548E+01  0.14269517580251E+04 -0.20248179921685E+03  0.15836614041405E+04  0.90734716885519E+03 -0.64068432172938E+04  0.26775697122428E+03  0.24985538095984E+02  0.18481994981937E+00 -0.78977746231676E+00 -0.35167667249236E+00 -0.12318348520237E+00  0.47727784109658E+02  0.25611271034760E+03 -0.47936577327229E+02 -0.10092246718786E+04  0.45633675007179E-10 -0.71661370932363E+03 -0.46161454934769E+04 -0.62973213537849E-09 -0.22397845300957E+04 -0.54743600618269E+02 -0.75610560886685E+02 -0.10698257250764E+00 -0.55554407516834E-11 -0.15965180844014E+01 -0.69620003598127E+00  0.26774407151335E+03  0.25486088802467E+03 -0.26294751982233E+04  0.81459495739832E-10
   0.15444324478282E+04 -0.12256791808105E+03  0.47337924866454E+02 -0.14743282873436E+03  0.50990791521466E+01 -0.67069168591401E+02 -0.27025802934373E+02  0.17265742925370E+04 -0.29916766406379E+03 -0.53921906055895E+02  0.12400663173583E+02  0.97375508867151E+02  0.83681520251645E+01 -0.14385535581569E+00  0.76935118709877E+02 -0.13176999702386E+02  0.90827127557398E+02  0.56686968092114E+02 -0.29031597311243E+03  0.13903359297658E+02  0.17794698022666E+01  0.31644843168603E-01 -0.75026974001561E-01 -0.40071619811614E-01 -0.16783752683824E-01  0.58298491615372E+01  0.27582944680649E+02 -0.91153439644779E+01 -0.14336876405063E+03 -0.68518020205332E-12 -0.27002995619990E+02 -0.51954124948669E+03 -0.56000718373624E-10 -0.13638918016216E+03 -0.13864909060588E+02 -0.58798136143523E+01 -0.75465564204749E-01 -0.59165189421673E-11 -0.16039377770177E+00 -0.63549373625990E-01  0.25979267671252E+02  0.55848878746728E+02 -0.18379334368550E+03  0.83527307887826E-11
  -0.93488723809751E+02  0.11248124719924E+02 -0.35387970522746E+01  0.47573847489620E+02 -0.41920645503496E+01  0.16467341488889E+02  0.85622949117802E+01  0.77939645492167E+02 -0.10305694522150E+02 -0.13693450333148E+01  0.49686048867379E+00 -0.11922062267548E+01 -0.14385535581569E+00  0.33631304159508E-01  0.11436649699328E+02 -0.87940017407464E+00  0.74853977063805E+01  0.35212829439288E+01 -0.70619035902198E+02  0.11098535483954E+01 -0.34457028841726E-01 -0.16218632083532E-01 -0.56146611088067E-02 -0.25291850719646E-02 -0.13489309508909E-02 -0.63855018699239E-02 -0.63907463086391E-02  0.12200319066155E-01  0.50687175507735E-01  0.29320178966061E-13 -0.43812208622569E+01 -0.37475830161191E+00  0.29777192194423E-12 -0.19405594917110E+01 -0.30692951947389E-05 -0.95666409272699E-01 -0.10583720367165E-13  0.93581070459888E-13 -0.11258288767271E-02 -0.62498804949390E-03 -0.14765499605373E+01  0.64985459582033E-05 -0.18901258011275E+01  0.56326477640755E-12
   0.10579359618918E+05  0.70049997802785E+03 -0.26334172912291E+03  0.32007182029461E+05 -0.26898905884640E+04  0.10017044655637E+05  0.51417682863942E+04  0.93432404809022E+05  0.47991696883735E+05 -0.41333386534196E+04  0.12180161423151E+04  0.14269517580251E+04  0.76935118709877E+02  0.11436649699328E+02  0.51448440904187E+05 -0.49661328301574E+04  0.38922713635932E+05  0.20402577540867E+05 -0.59271048134987E+05  0.48203023669749E+02  0.61568860489741E+02  0.28957129999947E+02  0.12990761211902E+02  0.60788973509361E+01  0.30117061787962E+01 -0.26518245164477E+02 -0.14037256507782E+03  0.73862379812256E+03 -0.29264656298641E+04 -0.18940623852363E+04 -0.25027832588862E+04  0.19451820131071E+04  0.43595431851360E+04 -0.15048388948551E+04 -0.29944889156274E+04 -0.74345157607008E+03  0.30228848622702E+03  0.53998333111368E+03 -0.30069332786426E+04 -0.15828341643789E+04 -0.22622543388101E+04  0.20681891471544E+03 -0.96488348156620E+03 -0.10824139914479E+04
  -0.24167101491981E+04 -0.68870898951116E+02 -0.12868501574941E+02 -0.40515518533447E+04  0.34791254050496E+03 -0.13005044155119E+04 -0.68011452220097E+03 -0.12134656417883E+05 -0.22957428668863E+04  0.52450974381703E+03 -0.13910654969419E+03 -0.20248179921685E+03 -0.13176999702386E+02 -0.87940017407464E+00 -0.49661328301574E+04  0.56008535839536E+03 -0.42613564918128E+04 -0.23262740230021E+04  0.72127596682575E+04  0.46911704687354E+01 -0.95999877516444E+01 -0.57076285127700E+01 -0.28764018122829E+01 -0.14463305938421E+01 -0.74984827764068E+00 -0.60833060952099E+01 -0.15055071733418E+02 -0.15788920418589E+03  0.56009372847360E+03  0.34820177303250E+03  0.29594113527007E+03 -0.14804254236355E+03 -0.49798195700910E+03  0.16224343955561E+03  0.32110690961968E+03  0.85314594091108E+02 -0.83469111449168E+02 -0.14707981720961E+03  0.48063386563464E+03  0.23482796035178E+03 -0.35851177984712E+03 -0.37444940305470E+02  0.27286365287839E+03  0.30499188806529E+03
   0.12258424615718E+05  0.16639545687210E+03 -0.13719280574619E+03  0.28827952956279E+05 -0.23454015512593E+04  0.91509696693628E+04  0.45418731935705E+04  0.97547396349809E+05  0.15945881367150E+05 -0.37654177620441E+04  0.10747638960403E+04  0.15836614041405E+04  0.90827127557398E+02  0.74853977063805E+01  0.38922713635932E+05 -0.42613564918128E+04  0.33350667208798E+05  0.17937628994340E+05 -0.53887152729830E+05  0.16795103364052E+02  0.55473293045344E+02  0.22564877914280E+02  0.82338987388398E+01  0.31017274113549E+01  0.12599036964239E+01 -0.87601695273262E+02 -0.27892375884483E+03  0.54988711299575E+03 -0.27650955682304E+04 -0.17724730531345E+04 -0.26908799530823E+04  0.23170547190655E+04  0.48986279660431E+04 -0.13374678002509E+04 -0.26722640402815E+04 -0.65368326240318E+03  0.66011342955454E+02  0.13389611670263E+03 -0.27220800984554E+04 -0.14754167105163E+04  0.12794122943731E+04  0.24193716147046E+03 -0.17335831872571E+04 -0.19161539726379E+04
   0.87435934807955E+04  0.11165973521364E+03 -0.10360156237667E+01  0.16235094102202E+05 -0.13408601167588E+04  0.52294614920970E+04  0.26330073966390E+04  0.52692151628568E+05  0.77951704620847E+04 -0.21378417037329E+04  0.58513825146356E+03  0.90734716885519E+03  0.56686968092114E+02  0.35212829439288E+01  0.20402577540867E+05 -0.23262740230021E+04  0.17937628994340E+05  0.97845344932538E+04 -0.30039672450552E+05 -0.10026627150721E+02  0.35288368059385E+02  0.17033895775522E+02  0.71590064155445E+01  0.30771125702677E+01  0.14037890833848E+01 -0.31466462811762E+02 -0.87569369531039E+02  0.45131104775445E+03 -0.19764264291251E+04 -0.12321260830413E+04 -0.13521999414830E+04  0.10747900289939E+04  0.26798373483673E+04 -0.68045599847760E+03 -0.13597654324674E+04 -0.36151766708259E+03  0.11455479647926E+03  0.21327659375144E+03 -0.17778748776118E+04 -0.92163361366010E+03  0.14976630521259E+04  0.17130788345637E+03 -0.12157879708222E+04 -0.13456724508271E+04
  -0.81313826926884E+07  0.27203274812304E+07 -0.31849691115311E+06 -0.23632739167150E+07  0.49678487257905E+06 -0.38919040728736E+05 -0.24584657236387E+06 -0.60492962681389E+06 -0.26836311793954E+05  0.56902752086953E+05 -0.59147019390557E+04 -0.64068432172938E+04 -0.29031597311243E+03 -0.70619035902198E+02 -0.59271048134987E+05  0.72127596682575E+04 -0.53887152729830E+05 -0.30039672450552E+05  0.36417174365000E+08  0.19006820103400E+06  0.98609145039355E+05  0.52589026696735E+05  0.29179215565245E+05  0.16804454960729E+05  0.10005752476200E+05  0.69521141854873E+05  0.78726594187300E+05  0.49078452659953E+06  0.35576131082396E+05  0.79970999250367E+05 -0.12390177781875E+04  0.59445997282615E+06  0.29043380907419E+07  0.17836492486999E+05  0.33016721575546E+05  0.22126490233544E+03  0.19287609940538E+06  0.84403726674971E+06  0.25080931582062E+05  0.79185168603074E+04 -0.18907096900209E+05  0.47258710705189E+05  0.21597003376023E+05  0.67432641373310E+05
  -0.67589838571557E+05  0.17382988973177E+05 -0.25612595596242E+04 -0.19238179716950E+05  0.34989428481912E+04 -0.19487611571431E+04 -0.26067066100210E+04 -0.37582940443721E+05  0.92200015459726E+04  0.12623282542774E+04 -0.23203391471427E+03  0.26775697122428E+03  0.13903359297658E+02  0.11098535483954E+01  0.48203023669749E+02  0.46911704687354E+01  0.16795103364052E+02 -0.10026627150721E+02  0.19006820103400E+06  0.30100419091535E+04  0.10266029292960E+04  0.45145630544977E+03  0.22410940458384E+03  0.12013974308542E+03  0.68137755724438E+02  0.19687583249371E+03 -0.27109045420311E+03  0.37403875153599E+04  0.00000000000000E+00  0.26000218099628E+04  0.00000000000000E+00  0.00000000000000E+00  0.41066567050491E+05  0.00000000000000E+00  0.00000000000000E+00  0.00000000000000E+00  0.00000000000000E+00  0.61325014985849E+04  0.00000000000000E+00  0.00000000000000E+00  0.00000000000000E+00 -0.16392686656268E+04  0.00000000000000E+00  0.41855500848366E+04
  -0.29698150081855E+05  0.86236670455999E+04 -0.11432169345138E+04 -0.77955134001219E+04  0.15579873455225E+04 -0.40369738173913E+03 -0.93947788497269E+03 -0.73694096704336E+04  0.14336823009744E+04  0.34420419945170E+03 -0.49707542494671E+02  0.24985538095984E+02  0.17794698022666E+01 -0.34457028841726E-01  0.61568860489741E+02 -0.95999877516444E+01  0.55473293045344E+02  0.35288368059385E+02  0.98609145039355E+05  0.10266029292960E+04  0.44783537336164E+03  0.21789230231026E+03  0.11460861787491E+03  0.63891985593473E+02  0.37299791147439E+02  0.16033932846427E+03  0.77264166473337E+02  0.17165669657990E+04  0.00000000000000E+00  0.67592560669898E+03  0.00000000000000E+00  0.00000000000000E+00  0.15485850318599E+05  0.00000000000000E+00  0.00000000000000E+00  0.00000000000000E+00  0.00000000000000E+00  0.31115939308636E+04  0.00000000000000E+00  0.00000000000000E+00  0.00000000000000E+00 -0.51318585812619E+03  0.00000000000000E+00  0.87295575615960E+03
  -0.14333384157667E+05  0.45346600892967E+04 -0.55629810405522E+03 -0.34064832006235E+04  0.71878484203753E+03 -0.38865701196273E+02 -0.35262335606254E+03 -0.19770054776455E+04  0.32840183656740E+03  0.11331930183803E+03 -0.13887387259955E+02  0.18481994981937E+00  0.31644843168603E-01 -0.16218632083532E-01  0.28957129999947E+02 -0.57076285127700E+01  0.22564877914280E+02  0.17033895775522E+02  0.52589026696735E+05  0.45145630544977E+03  0.21789230231026E+03  0.11277744384659E+03  0.61850882039209E+02  0.35547485280859E+02  0.21243635859097E+02  0.10211035778389E+03  0.90704258534998E+02  0.84182496447354E+03  0.00000000000000E+00  0.19791381876186E+03  0.00000000000000E+00  0.00000000000000E+00  0.67583334331800E+04  0.00000000000000E+00  0.00000000000000E+00  0.00000000000000E+00  0.00000000000000E+00  0.16207075402436E+04  0.00000000000000E+00  0.00000000000000E+00  0.00000000000000E+00 -0.16729736220248E+03  0.00000000000000E+00  0.26029306473013E+03
  -0.73995927857048E+04  0.25002784164084E+04 -0.28850160453091E+03 -0.16165116669422E+04  0.35091117320254E+03  0.28096856295800E+02 -0.14379074066633E+03 -0.66880953356796E+03  0.10219585981687E+03  0.43106279659481E+02 -0.47689840465179E+01 -0.78977746231676E+00 -0.75026974001561E-01 -0.56146611088067E-02  0.12990761211902E+02 -0.28764018122829E+01  0.82338987388398E+01  0.71590064155445E+01  0.29179215565245E+05  0.22410940458384E+03  0.11460861787491E+03  0.61850882039209E+02  0.34986914115191E+02  0.20592948025525E+02  0.12542387920557E+02  0.61816583362731E+02  0.62906425212630E+02  0.43600005360128E+03  0.00000000000000E+00  0.60767805862751E+02  0.00000000000000E+00  0.00000000000000E+00  0.32692248811218E+04  0.00000000000000E+00  0.00000000000000E+00  0.00000000000000E+00  0.00000000000000E+00  0.86487337736707E+03  0.00000000000000E+00  0.00000000000000E+00  0.00000000000000E+00 -0.58205746884405E+02  0.00000000000000E+00  0.97342056333570E+02
  -0.40324174758493E+04  0.14358750547031E+04 -0.15763353274297E+03 -0.82002018498318E+03  0.18041366773693E+03  0.31541965206519E+02 -0.63084815108545E+02 -0.26525145350827E+03  0.39175151000428E+02  0.18271281857877E+02 -0.18979925421033E+01 -0.35167667249236E+00 -0.40071619811614E-01 -0.25291850719646E-02  0.60788973509361E+01 -0.14463305938421E+01  0.31017274113549E+01  0.30771125702677E+01  0.16804454960729E+05  0.12013974308542E+03  0.63891985593473E+02  0.35547485280859E+02  0.20592948025525E+02  0.12354473130688E+02  0.76434329432758E+01  0.37252467054041E+02  0.39415411947302E+02  0.23644957690056E+03  0.00000000000000E+00  0.17843374663524E+02  0.00000000000000E+00  0.00000000000000E+00  0.17081233748718E+04  0.00000000000000E+00  0.00000000000000E+00  0.00000000000000E+00  0.00000000000000E+00  0.47190534071998E+03  0.00000000000000E+00  0.00000000000000E+00  0.00000000000000E+00 -0.21540460910819E+02  0.00000000000000E+00  0.41712897154929E+02
  -0.22979084124671E+04  0.85427514419822E+03 -0.89971321431274E+02 -0.43917379471337E+03  0.97015482780689E+02  0.24001059681193E+02 -0.29377074851803E+02 -0.11731673664450E+03  0.17110058576087E+02  0.84177294620317E+01 -0.83939173276541E+00 -0.12318348520237E+00 -0.16783752683824E-01 -0.13489309508909E-02  0.30117061787962E+01 -0.74984827764068E+00  0.12599036964239E+01  0.14037890833848E+01  0.10005752476200E+05  0.68137755724438E+02  0.37299791147439E+02  0.21243635859097E+02  0.12542387920557E+02  0.76434329432758E+01  0.47914587446003E+01  0.22689811258211E+02  0.24122153190275E+02  0.13339533164207E+03  0.00000000000000E+00  0.38949982123364E+01  0.00000000000000E+00  0.00000000000000E+00  0.94816915787631E+03  0.00000000000000E+00  0.00000000000000E+00  0.00000000000000E+00  0.00000000000000E+00  0.26275524082063E+03  0.00000000000000E+00  0.00000000000000E+00  0.00000000000000E+00 -0.84746487270927E+01  0.00000000000000E+00  0.19545258856537E+02
  -0.20380030683095E+05  0.90118083202301E+04 -0.83756362501055E+03 -0.15732176059622E+04  0.57575201095066E+03  0.75741738079169E+03  0.16996494990201E+03  0.73526460738877E+04 -0.17151180677624E+04 -0.20922232573900E+03  0.47188346741905E+02  0.47727784109658E+02  0.58298491615372E+01 -0.63855018699239E-02 -0.26518245164477E+02 -0.60833060952099E+01 -0.87601695273262E+02 -0.31466462811762E+02  0.69521141854873E+05  0.19687583249371E+03  0.16033932846427E+03  0.10211035778389E+03  0.61816583362731E+02  0.37252467054041E+02  0.22689811258211E+02  0.40842126539596E+03  0.70203916180819E+03  0.16123023007867E+04 -0.48537737711389E+02 -0.28129618836466E+02  0.25645856847268E+01  0.96674817645339E+03  0.59455548118429E+03  0.00000000000000E+00  0.00000000000000E+00  0.00000000000000E+00  0.24490251753244E+04  0.30324527570326E+04  0.00000000000000E+00  0.00000000000000E+00  0.00000000000000E+00 -0.27135452248249E+02 -0.36824136191034E+03 -0.38306377716324E+03
  -0.10169721998024E+05  0.96343198557212E+04 -0.56406977744309E+03  0.21663004469912E+04  0.32370220752834E+03  0.23866934406745E+04  0.11154232500797E+04  0.36263535542135E+05 -0.87901174957299E+04 -0.10406907226857E+04  0.22783855276828E+03  0.25611271034760E+03  0.27582944680649E+02 -0.63907463086391E-02 -0.14037256507782E+03 -0.15055071733418E+02 -0.27892375884483E+03 -0.87569369531039E+02  0.78726594187300E+05 -0.27109045420311E+03  0.77264166473337E+02  0.90704258534998E+02  0.62906425212630E+02  0.39415411947302E+02  0.24122153190275E+02  0.70203916180819E+03  0.17289554548189E+04  0.15303471610527E+04 -0.14809782032544E+03 -0.10151600478081E+03 -0.44909224739480E+02 -0.55287905839400E+04 -0.97278164020652E+04  0.00000000000000E+00  0.00000000000000E+00  0.00000000000000E+00  0.33521693046262E+04  0.40479902307660E+04  0.00000000000000E+00  0.00000000000000E+00  0.00000000000000E+00 -0.38723101023828E+02 -0.20103298465686E+04 -0.20760273211885E+04
  -0.22671283508496E+06  0.65552826848695E+05 -0.87875855790289E+04 -0.39192836675542E+05  0.82818917162387E+04 -0.11237884374335E+04 -0.45289904595434E+04 -0.28691552950310E+05  0.45275907669677E+04  0.17263000583046E+04 -0.20392830613051E+03 -0.47936577327229E+02 -0.91153439644779E+01  0.12200319066155E-01  0.73862379812256E+03 -0.15788920418589E+03  0.54988711299575E+03  0.45131104775445E+03  0.49078452659953E+06  0.37403875153599E+04  0.17165669657990E+04  0.84182496447354E+03  0.43600005360128E+03  0.23644957690056E+03  0.13339533164207E+03  0.16123023007867E+04  0.15303471610527E+04  0.15657357852330E+05  0.24704024717086E+03  0.12857654618675E+03 -0.64324192058869E+01  0.36989018719297E+05  0.59988030948178E+05  0.00000000000000E+00  0.00000000000000E+00  0.00000000000000E+00  0.15654110854989E+05  0.19695181875560E+05  0.00000000000000E+00  0.00000000000000E+00  0.00000000000000E+00 -0.76709424760218E+02  0.15250402317606E+04  0.15563305428489E+04
  -0.13201377110334E+06  0.16751484236805E+05 -0.47311097383769E+04 -0.12811347046813E+05  0.19814642153383E+04 -0.27775330155211E+04 -0.24811857418152E+04 -0.63715061435671E+05  0.11512063277918E+05  0.27357537783973E+04 -0.44526282668188E+03 -0.10092246718786E+04 -0.14336876405063E+03  0.50687175507735E-01 -0.29264656298641E+04  0.56009372847360E+03 -0.27650955682304E+04 -0.19764264291251E+04  0.35576131082396E+05  0.00000000000000E+00  0.00000000000000E+00  0.00000000000000E+00  0.00000000000000E+00  0.00000000000000E+00  0.00000000000000E+00 -0.48537737711389E+02 -0.14809782032544E+03  0.24704024717086E+03  0.11716849917674E+06  0.00000000000000E+00  0.00000000000000E+00  0.00000000000000E+00  0.00000000000000E+00  0.00000000000000E+00  0.00000000000000E+00  0.00000000000000E+00  0.00000000000000E+00  0.00000000000000E+00  0.00000000000000E+00  0.00000000000000E+00  0.00000000000000E+00  0.00000000000000E+00  0.00000000000000E+00  0.00000000000000E+00
  -0.55945940573163E+05  0.83197959372873E+04 -0.20111689008122E+04 -0.21254725179966E+05  0.33410953737315E+04 -0.42356367189579E+04 -0.38864678402537E+04 -0.50389253142471E+05  0.10718832041791E+05  0.18683403184894E+04 -0.33187660152877E+03  0.45633675007179E-10 -0.68518020205332E-12  0.29320178966061E-13 -0.18940623852363E+04  0.34820177303250E+03 -0.17724730531345E+04 -0.12321260830413E+04  0.79970999250367E+05  0.26000218099628E+04  0.67592560669898E+03  0.19791381876186E+03  0.60767805862751E+02  0.17843374663524E+02  0.38949982123364E+01 -0.28129618836466E+02 -0.10151600478081E+03  0.12857654618675E+03  0.00000000000000E+00  0.64709828221632E+05  0.00000000000000E+00  0.00000000000000E+00  0.00000000000000E+00  0.00000000000000E+00  0.00000000000000E+00  0.00000000000000E+00  0.00000000000000E+00  0.00000000000000E+00  0.00000000000000E+00  0.00000000000000E+00  0.00000000000000E+00  0.00000000000000E+00  0.00000000000000E+00  0.00000000000000E+00
  -0.52249905741873E+04 -0.19578597406268E+03  0.20367100636038E+02 -0.74797325772302E+02 -0.56431580348299E+02  0.15688693927832E+03  0.14019437357722E+03 -0.71708612677731E+05  0.24906414937724E+05  0.73871642768467E+03 -0.32891293459542E+03 -0.71661370932363E+03 -0.27002995619990E+02 -0.43812208622569E+01 -0.25027832588862E+04  0.29594113527007E+03 -0.26908799530823E+04 -0.13521999414830E+04 -0.12390177781875E+04  0.00000000000000E+00  0.00000000000000E+00  0.00000000000000E+00  0.00000000000000E+00  0.00000000000000E+00  0.00000000000000E+00  0.25645856847268E+01 -0.44909224739480E+02 -0.64324192058869E+01  0.00000000000000E+00  0.00000000000000E+00  0.30749756699784E+05  0.00000000000000E+00  0.00000000000000E+00  0.00000000000000E+00  0.00000000000000E+00  0.00000000000000E+00  0.00000000000000E+00  0.00000000000000E+00  0.00000000000000E+00  0.00000000000000E+00  0.00000000000000E+00  0.00000000000000E+00  0.00000000000000E+00  0.00000000000000E+00
  -0.87051112996677E+06  0.21125256013112E+06 -0.32428327199851E+05 -0.66453130044772E+05  0.11671138706066E+05 -0.84497932546069E+04 -0.98557102060196E+04 -0.29799759924593E+06  0.66944239487498E+05  0.10903176521083E+05 -0.19198267053582E+04 -0.46161454934769E+04 -0.51954124948669E+03 -0.37475830161191E+00  0.19451820131071E+04 -0.14804254236355E+03  0.23170547190655E+04  0.10747900289939E+04  0.59445997282615E+06  0.00000000000000E+00  0.00000000000000E+00  0.00000000000000E+00  0.00000000000000E+00  0.00000000000000E+00  0.00000000000000E+00  0.96674817645339E+03 -0.55287905839400E+04  0.36989018719297E+05  0.00000000000000E+00  0.00000000000000E+00  0.00000000000000E+00  0.58141102956975E+06  0.00000000000000E+00  0.00000000000000E+00  0.00000000000000E+00  0.00000000000000E+00  0.00000000000000E+00  0.00000000000000E+00  0.00000000000000E+00  0.00000000000000E+00  0.00000000000000E+00  0.00000000000000E+00  0.00000000000000E+00  0.00000000000000E+00
  -0.11264841166568E+07  0.26698206634183E+06 -0.42202067430155E+05 -0.34307635444195E+06  0.61724929487966E+05 -0.40851192970662E+05 -0.51141670349020E+05 -0.58112424985103E+06  0.12635630381049E+06  0.22478970053247E+05 -0.37879972622350E+04 -0.62973213537849E-09 -0.56000718373624E-10  0.29777192194423E-12  0.43595431851360E+04 -0.49798195700910E+03  0.48986279660431E+04  0.26798373483673E+04  0.29043380907419E+07  0.41066567050491E+05  0.15485850318599E+05  0.67583334331800E+04  0.32692248811218E+04  0.17081233748718E+04  0.94816915787631E+03  0.59455548118429E+03 -0.97278164020652E+04  0.59988030948178E+05  0.00000000000000E+00  0.00000000000000E+00  0.00000000000000E+00  0.00000000000000E+00  0.91933382411604E+06  0.00000000000000E+00  0.00000000000000E+00  0.00000000000000E+00  0.00000000000000E+00  0.00000000000000E+00  0.00000000000000E+00  0.00000000000000E+00  0.00000000000000E+00  0.00000000000000E+00  0.00000000000000E+00  0.00000000000000E+00
  -0.21043043912061E+05  0.57640281209117E+04 -0.81433699989836E+03 -0.13630945876451E+04  0.31482011388970E+03  0.20080147939557E+02 -0.15133183500402E+03 -0.75122531981633E+05  0.22976227351429E+05  0.14921878544944E+04 -0.40649317100588E+03 -0.22397845300957E+04 -0.13638918016216E+03 -0.19405594917110E+01 -0.15048388948551E+04  0.16224343955561E+03 -0.13374678002509E+04 -0.68045599847760E+03  0.17836492486999E+05  0.00000000000000E+00  0.00000000000000E+00  0.00000000000000E+00  0.00000000000000E+00  0.00000000000000E+00  0.00000000000000E+00  0.00000000000000E+00  0.00000000000000E+00  0.00000000000000E+00  0.00000000000000E+00  0.00000000000000E+00  0.00000000000000E+00  0.00000000000000E+00  0.00000000000000E+00  0.14328409047309E+05  0.00000000000000E+00  0.00000000000000E+00  0.00000000000000E+00  0.00000000000000E+00  0.00000000000000E+00  0.00000000000000E+00  0.00000000000000E+00  0.00000000000000E+00  0.00000000000000E+00  0.00000000000000E+00
  -0.47713398813055E+05  0.13245625190148E+05 -0.18540092178544E+04 -0.25066292384599E+04  0.55838967210460E+03  0.61910152030982E+00 -0.27150023162312E+03 -0.16919736862766E+06  0.51858626674398E+05  0.32979492131713E+04 -0.91539264499136E+03 -0.54743600618269E+02 -0.13864909060588E+02 -0.30692951947389E-05 -0.29944889156274E+04  0.32110690961968E+03 -0.26722640402815E+04 -0.13597654324674E+04  0.33016721575546E+05  0.00000000000000E+00  0.00000000000000E+00  0.00000000000000E+00  0.00000000000000E+00  0.00000000000000E+00  0.00000000000000E+00  0.00000000000000E+00  0.00000000000000E+00  0.00000000000000E+00  0.00000000000000E+00  0.00000000000000E+00  0.00000000000000E+00  0.00000000000000E+00  0.00000000000000E+00  0.00000000000000E+00  0.31573403395795E+05  0.00000000000000E+00  0.00000000000000E+00  0.00000000000000E+00  0.00000000000000E+00  0.00000000000000E+00  0.00000000000000E+00  0.00000000000000E+00  0.00000000000000E+00  0.00000000000000E+00
  -0.32072379127945E+04  0.42318587915782E+03 -0.10215432595595E+03 -0.70426423875088E+02  0.88962074046239E+01 -0.18975519784472E+02 -0.13213996350545E+02 -0.14450124067522E+04  0.19624801757758E+03  0.43972987276050E+02 -0.10569180345157E+02 -0.75610560886685E+02 -0.58798136143523E+01 -0.95666409272699E-01 -0.74345157607008E+03  0.85314594091108E+02 -0.65368326240318E+03 -0.36151766708259E+03  0.22126490233544E+03  0.00000000000000E+00  0.00000000000000E+00  0.00000000000000E+00  0.00000000000000E+00  0.00000000000000E+00  0.00000000000000E+00  0.00000000000000E+00  0.00000000000000E+00  0.00000000000000E+00  0.00000000000000E+00  0.00000000000000E+00  0.00000000000000E+00  0.00000000000000E+00  0.00000000000000E+00  0.00000000000000E+00  0.00000000000000E+00  0.37979879655234E+04  0.00000000000000E+00  0.00000000000000E+00  0.00000000000000E+00  0.00000000000000E+00  0.00000000000000E+00  0.00000000000000E+00  0.00000000000000E+00  0.00000000000000E+00
  -0.20482854348110E+06  0.63882605485912E+05 -0.80413022859173E+04 -0.11768162127917E+05  0.28422821250248E+04  0.51695853800975E+03 -0.94915500459183E+03 -0.55190455067816E+04  0.60580326653674E+03  0.52201422227201E+03 -0.40941001488826E+02 -0.10698257250764E+00 -0.75465564204749E-01 -0.10583720367165E-13  0.30228848622702E+03 -0.83469111449168E+02  0.66011342955454E+02  0.11455479647926E+03  0.19287609940538E+06  0.00000000000000E+00  0.00000000000000E+00  0.00000000000000E+00  0.00000000000000E+00  0.00000000000000E+00  0.00000000000000E+00  0.24490251753244E+04  0.33521693046262E+04  0.15654110854989E+05  0.00000000000000E+00  0.00000000000000E+00  0.00000000000000E+00  0.00000000000000E+00  0.00000000000000E+00  0.00000000000000E+00  0.00000000000000E+00  0.00000000000000E+00  0.10577753063563E+06  0.00000000000000E+00  0.00000000000000E+00  0.00000000000000E+00  0.00000000000000E+00  0.00000000000000E+00  0.00000000000000E+00  0.00000000000000E+00
