# fitpack15: fit parameters                                                                         
# CJ15 AV18 final data choices                                                                      
# Created on 09/06/2019 at 13:52:55                                                                 

 # QCD setup
  INS                           0
  NVL                          11
  IORD                          1
  Q02                   1.6899999999999999     
  IPARAMC                       7
  FLAVOR                4.0000000000000000     
  xmc                   1.3000000000000000     
  xmb                   4.5000000000000000     
  ncb                          12
  ihq                           1
  ias                           0

 # Theory corrections
  inuke                     10114
  itmc                          1
  iht                           1

 # fit parameters
 LAMBDA       0.22680        0.0000    
 a0uv          2.0532        0.0000    
 a1uv         0.57887       0.22540E-01
 a2uv          3.5567       0.11246E-01
 a3uv          0.0000        0.0000    
 a4uv          4.2773       0.56890    
 a5uv          0.0000        0.0000    
 a0dv          24.945        0.0000    
 a1dv          1.1558       0.32445E-01
 a2dv          6.6665       0.16542    
 a3dv         -3.5534       0.86788E-01
 a4dv          4.7902       0.15303    
 a5dv          0.0000        0.0000    
 a0ud         0.14189       0.50180E-02
 a1ud        -0.21088       0.38412E-02
 a2ud          8.4453       0.18509    
 a3ud          0.0000        0.0000    
 a4ud          15.568        1.3008    
 a5ud          0.0000        0.0000    
 a0du          35712.        0.0000    
 a1du          4.0920       0.98234E-01
 a2du          20.597        1.0266    
 a3du          17.000        0.0000    
 a4du          60.645        16.463    
 a0g           47.002        0.0000    
 a1g          0.60688       0.30421E-01
 a2g           6.2916       0.85887    
 a3g          -3.4094       0.12664    
 a4g           3.3435       0.30334    
 a5g           0.0000        0.0000    
 kappa        0.40000        0.0000    
 a6dv        -0.44351E-02   0.77103E-03
 a7dv          2.0000        0.0000    
 off1        -0.19426       0.13027    
 off2          2.1181        1.4585    
 off3         -8.2882        5.2752    
 off4          7.5910        5.2540    
 ht1          -3.3402       0.28034    
 ht2           1.9685       0.11585    
 ht3          -2.1031       0.29635E-01
 ht4           0.0000        0.0000    
 dummy42       0.0000        0.0000    
 dummy43       0.0000        0.0000    
 dummy44       0.0000        0.0000    
 dummy45       0.0000        0.0000    
 dummy46       0.0000        0.0000    
 dummy47       0.0000        0.0000    
 dummy48       0.0000        0.0000    
 dummy49       0.0000        0.0000    
 bcdmsh2      0.96925       0.48712E-02
 bcdmsd2      0.99213       0.58616E-02
 ccfr          1.0000        0.0000    
 nutev         1.0000        0.0000    
 zeus         0.97998        0.0000    
 h1            1.0162        0.0000    
 e605          1.0319        0.0000    
 NmcH2         1.0070       0.71492E-02
 ntv_nu        1.0000        0.0000    
 ntv_nuba      1.0000        0.0000    
 cdf_jet      0.98910        0.0000    
 d0_jet       0.83504        0.0000    
 slac_p        1.0014       0.48805E-02
 slac_d        1.0033       0.53493E-02
 e866pp       0.97827       0.19549E-01
 e866pd       0.95914       0.17755E-01
 d0_gamje      1.0378       0.16506E-01
 h1b          0.97608        0.0000    
 jlab_p       0.99335       0.58514E-02
 jlab_d       0.97641       0.60116E-02
 blank         1.0000        0.0000    
 d0run2       0.95167       0.14849E-01
 cdfrun2      0.93626       0.17597E-01
 HERA_el       1.0000        0.0000    
 HERA_ps       1.0000        0.0000    
 CDF_Z        0.95699       0.66921E-02
 NmcRat        1.0000        0.0000    
 BNS_F2nd     0.97430       0.73175E-02
 HERMES_F     0.99494       0.56318E-02
 HERMES_F     0.97909       0.58721E-02
 END 0. 0.

 # Hessian matrix (Bevington alpha)
   0.51610865808578E+07 -0.13329874875020E+07  0.20573103741559E+06  0.49993242692411E+06 -0.12376607563575E+06 -0.33348165440624E+05  0.49881052128842E+05  0.96530180583933E+06 -0.17864069528456E+06 -0.49196406463887E+05  0.72322245694536E+04  0.14017155254495E+05  0.15474718173771E+04 -0.89767285757981E+02  0.99244636283635E+04 -0.23665048428996E+04  0.12470713827085E+05  0.89198177130310E+04 -0.77643348071355E+07 -0.67314940040580E+05 -0.29591371104893E+05 -0.14288676399463E+05 -0.73800139106966E+04 -0.19942012994106E+05 -0.10323133204606E+05 -0.22956739808923E+06 -0.13113505066981E+06 -0.55614480744892E+05 -0.50585655400127E+04 -0.86563162572329E+06 -0.11216196728287E+07 -0.20986049561748E+05 -0.47773976551059E+05 -0.31745814377568E+04 -0.20388033209992E+06 -0.23096750645428E+06 -0.90137298254044E+04 -0.31903153954354E+04 -0.17829241380760E+05  0.17021108256538E+05 -0.73710515143866E+05 -0.58100649509897E+05
  -0.13329874875020E+07  0.41939785951674E+06 -0.54429616690050E+05 -0.13805688390066E+06  0.33511163478662E+05  0.11628713716140E+05 -0.10394048005092E+05 -0.12438816752062E+06  0.26191334576261E+05  0.73251083287681E+04 -0.88024988100771E+03 -0.11014846022998E+04 -0.12473717176954E+03  0.10839024182663E+02  0.75325440209925E+03 -0.73970115275956E+02  0.23000662566883E+03  0.14880309564113E+03  0.26107415581571E+07  0.17411185066142E+05  0.86424072395952E+04  0.45467973641118E+04  0.25083177991641E+04  0.88612342340507E+04  0.97317793136785E+04  0.66824282372674E+05  0.16730050289234E+05  0.83210629397371E+04 -0.20712988940790E+03  0.21129393960694E+06  0.26735299572573E+06  0.57781801310110E+04  0.13335158811671E+05  0.42142105420397E+03  0.63905282505475E+05  0.72020085040266E+05  0.24044385591234E+04  0.76330377558306E+03 -0.22177111246694E+04 -0.22774433252019E+04  0.86870486232638E+04  0.73378254884575E+04
   0.20573103741559E+06 -0.54429616690050E+05  0.82666514862271E+04  0.19841753070017E+05 -0.50131141653906E+04 -0.15767289140175E+04  0.19129635267225E+04  0.28728790060296E+05 -0.51537438737981E+04 -0.17225537477019E+04  0.21897365644623E+03  0.39281612722566E+03  0.49321978396441E+02 -0.34955421692605E+01 -0.29146781365372E+03 -0.11429646187013E+02 -0.14859168002609E+03 -0.38144018965571E+01 -0.31887007418708E+06 -0.26658459063484E+04 -0.11921943024546E+04 -0.58089337558618E+03 -0.30157811208932E+03 -0.86181959089285E+03 -0.60685869191394E+03 -0.93168161461473E+04 -0.48858435194777E+04 -0.20804583965174E+04  0.26248500169616E+02 -0.33679453523811E+05 -0.43888156806976E+05 -0.84962299875188E+03 -0.19424372671338E+04 -0.10496049620041E+03 -0.83893072760028E+04 -0.94964426484342E+04 -0.35970097803374E+03 -0.12582983599614E+03 -0.52403265651358E+02  0.64030775789346E+03 -0.23114898620674E+04 -0.18706689323585E+04
   0.49993242692411E+06 -0.13805688390066E+06  0.19841753070017E+05  0.40188866802978E+06 -0.61258771898900E+05  0.73153504164907E+05  0.62863028356981E+05  0.35985566681908E+06 -0.27875563559298E+05 -0.18087680854252E+05  0.31878583414230E+04 -0.13457207342578E+04 -0.14569062284777E+03  0.45658554370298E+02  0.32093389850400E+05 -0.40783926472061E+04  0.29797200635568E+05  0.16820828644145E+05 -0.22711044555490E+07 -0.19269824911153E+05 -0.78113982316426E+04 -0.34168013091230E+04 -0.16234801744125E+04 -0.15505341894423E+04  0.21845161329553E+04 -0.39837286564628E+05 -0.12800635629598E+05 -0.21237768240221E+05 -0.76268045576213E+02 -0.66521457726604E+05 -0.34348839552105E+06 -0.13369087418899E+04 -0.25110668462607E+04 -0.69375346881781E+02 -0.11784586644838E+05 -0.52680157143597E+05 -0.24251475819517E+04 -0.94548521006015E+03 -0.99804327719361E+04 -0.16169558675976E+05 -0.72698275354613E+04 -0.21529300639798E+05
  -0.12376607563575E+06  0.33511163478662E+05 -0.50131141653906E+04 -0.61258771898900E+05  0.10970934274880E+05 -0.72066496114068E+04 -0.87844106857396E+04 -0.32778037857873E+05  0.53830182067666E+03  0.23035014804544E+04 -0.31529971634699E+03 -0.13070019809631E+02  0.53438613155609E+01 -0.39970517353725E+01 -0.26809589849579E+04  0.34909148165259E+03 -0.24097857513077E+04 -0.13823935408516E+04  0.46982385734461E+06  0.34629113681536E+04  0.15397637289699E+04  0.70947838875961E+03  0.34599916005214E+03  0.54966324141340E+03  0.30437325436095E+03  0.83155088945110E+04  0.19707334669865E+04  0.33209308983673E+04 -0.56473778518626E+02  0.11555578026118E+05  0.61175076781544E+05  0.30607991574310E+03  0.55299258573432E+03  0.86947089092917E+01  0.28015922253561E+04  0.12398704298476E+05  0.44575556359233E+03  0.16631515242201E+03  0.39562261378657E+03  0.25266051902832E+04  0.80551193660519E+03  0.24896039397323E+04
  -0.33348165440624E+05  0.11628713716140E+05 -0.15767289140175E+04  0.73153504164907E+05 -0.72066496114068E+04  0.24055639114328E+05  0.14219531815385E+05  0.10850508730122E+06 -0.10348711489476E+05 -0.44472930508337E+04  0.94159699911376E+03 -0.67627694166984E+03 -0.63882215172348E+02  0.15294462675124E+02  0.97337778699385E+04 -0.12666621242898E+04  0.91973941418049E+04  0.52617936509928E+04 -0.33409150545890E+05 -0.18743906766315E+04 -0.38277692710230E+03 -0.32947063879001E+02  0.30026703580086E+02  0.72253242404469E+03  0.23234040884852E+04 -0.10494884318260E+04 -0.26870555229029E+04 -0.40903540479308E+04  0.14679094895555E+03 -0.81281260951094E+04 -0.39354886273588E+05  0.22516543741237E+02  0.45566882743376E+01 -0.18126961263599E+02  0.51383529850260E+03  0.20486801918977E+04 -0.22519375291426E+03 -0.11903403087604E+03 -0.31716976782344E+04 -0.32841639211387E+04 -0.18366435666579E+04 -0.52598370315709E+04
   0.49881052128842E+05 -0.10394048005092E+05  0.19129635267225E+04  0.62863028356981E+05 -0.87844106857396E+04  0.14219531815385E+05  0.10962631741539E+05  0.59548616040309E+05 -0.34262498245885E+04 -0.31598137285786E+04  0.54469980040907E+03 -0.22292208484391E+03 -0.25968391934592E+02  0.79696449955134E+01  0.50083131382746E+04 -0.66504774262823E+03  0.45802704639145E+04  0.26599627545731E+04 -0.22902058350681E+06 -0.25346616230148E+04 -0.91296180876273E+03 -0.34241789909031E+03 -0.13944318161637E+03  0.16321167760734E+03  0.10921877150842E+04 -0.44630975595087E+04 -0.24121475052866E+04 -0.37740872331423E+04  0.13473740040593E+03 -0.95720405286931E+04 -0.49738215722984E+05 -0.14376994190789E+03 -0.26362204217778E+03 -0.12654597488091E+02 -0.92311847445368E+03 -0.42723768418101E+04 -0.33530449169318E+03 -0.14298613595089E+03 -0.13511889504384E+04 -0.31225084024316E+04 -0.11303466700650E+04 -0.33622005366343E+04
   0.96530180583933E+06 -0.12438816752062E+06  0.28728790060296E+05  0.35985566681908E+06 -0.32778037857873E+05  0.10850508730122E+06  0.59548616040309E+05  0.53329552215981E+07 -0.23937712032203E+07 -0.87975284808747E+05  0.25838997864170E+05  0.24700844507647E+05  0.16501750111675E+04  0.70782344780285E+02  0.89562842545358E+05 -0.11728078865077E+05  0.96463640830765E+05  0.52211165622986E+05 -0.58488516336652E+06 -0.36929605687504E+05 -0.72925116156004E+04 -0.19702483172141E+04 -0.67035748514004E+03  0.69454230723447E+04  0.35287469147861E+05 -0.28845622226269E+05 -0.62658985615330E+05 -0.49651794083200E+05 -0.70259547555296E+05 -0.29316905505098E+06 -0.57283474752551E+06 -0.74269451671863E+05 -0.16798805896146E+06 -0.14150637764157E+04 -0.56589716121725E+04 -0.11210012844342E+05  0.49594513319392E+03  0.35260963439865E+03 -0.27313376378318E+06 -0.86163269676427E+04 -0.14397837944869E+06 -0.17637101341133E+06
  -0.17864069528456E+06  0.26191334576261E+05 -0.51537438737981E+04 -0.27875563559298E+05  0.53830182067666E+03 -0.10348711489476E+05 -0.34262498245885E+04 -0.23937712032203E+07  0.19228329532350E+07  0.19152990787431E+05 -0.63684760419852E+04 -0.51973339288148E+04 -0.28432839415017E+03 -0.89705153323216E+01  0.49087098975136E+05 -0.23971481737755E+04  0.17134335967212E+05  0.84565508255210E+04 -0.24525079713377E+05  0.91411224203407E+04  0.14294843843517E+04  0.32947912169929E+03  0.10304084723459E+03 -0.16374295508719E+04 -0.86305066586007E+04  0.45737908712623E+04  0.11449097712225E+05  0.10688812100631E+05  0.24666722477107E+05  0.66555464817824E+05  0.12576199137126E+06  0.22990286930515E+05  0.52072111782633E+05  0.19308073671220E+03  0.62724689921013E+03  0.12707612833290E+04 -0.13183081183061E+04 -0.71994183857897E+03  0.11260536711478E+06  0.15398537972529E+04  0.45053222462942E+05  0.54671931026013E+05
  -0.49196406463887E+05  0.73251083287681E+04 -0.17225537477019E+04 -0.18087680854252E+05  0.23035014804544E+04 -0.44472930508337E+04 -0.31598137285786E+04 -0.87975284808747E+05  0.19152990787431E+05  0.26094767136247E+04 -0.60920726712294E+03 -0.61012612343198E+03 -0.53338375853755E+02 -0.12726833858435E+01 -0.41027523309612E+04  0.52227425566582E+03 -0.38597394632137E+04 -0.21945432621326E+04  0.55827602167370E+05  0.12668692454257E+04  0.34800561590469E+03  0.11535330392247E+03  0.44135142827581E+02 -0.19950689098985E+03 -0.10305037925203E+04  0.17755291212930E+04  0.27321005105543E+04  0.18688293738666E+04  0.73510875797742E+03  0.10921767028252E+05  0.22583954684417E+05  0.14991812358334E+04  0.33340009580241E+04  0.43670040399286E+02  0.54330850195071E+03  0.10394568926516E+04  0.12165670866973E+03  0.54697733356664E+02  0.31150509435363E+04  0.42791638918117E+03  0.28219049438288E+04  0.35427915229493E+04
   0.72322245694536E+04 -0.88024988100771E+03  0.21897365644623E+03  0.31878583414230E+04 -0.31529971634699E+03  0.94159699911376E+03  0.54469980040907E+03  0.25838997864170E+05 -0.63684760419852E+04 -0.60920726712294E+03  0.16659525539099E+03  0.17407002383908E+03  0.12571885489875E+02  0.47284132586900E+00  0.12486297131744E+04 -0.14329939190650E+03  0.11335876488508E+04  0.61890285075661E+03 -0.60454500811497E+04 -0.24078193491381E+03 -0.52095139475364E+02 -0.14679198307284E+02 -0.50734432728146E+01  0.47080691162823E+02  0.23416609882325E+03 -0.21762649620004E+03 -0.46337022625360E+03 -0.34537497354120E+03 -0.33566210374395E+03 -0.19952604666530E+04 -0.39475459432834E+04 -0.42162602232148E+03 -0.95402828151455E+03 -0.10903313519899E+02 -0.44616563671723E+02 -0.88296586728000E+02 -0.11766223528564E+02 -0.56580978724207E+01 -0.11303981045938E+04 -0.63547238060825E+02 -0.81551596804563E+03 -0.10061175772129E+04
   0.14017155254495E+05 -0.11014846022998E+04  0.39281612722566E+03 -0.13457207342578E+04 -0.13070019809631E+02 -0.67627694166984E+03 -0.22292208484391E+03  0.24700844507647E+05 -0.51973339288148E+04 -0.61012612343198E+03  0.17407002383908E+03  0.13681197785459E+04  0.90486452050029E+02 -0.12514030353720E+01  0.13091718832159E+04 -0.18907937590769E+03  0.15150512573233E+04  0.87269886481212E+03 -0.55700762356193E+04  0.24643343500155E+03  0.23628283136478E+02  0.19728089233416E+00 -0.76243852448281E+00  0.45456099305552E+02  0.24834810002251E+03 -0.49606465255121E+02 -0.10164931495424E+04 -0.43281026369719E-10 -0.64629054755284E+03 -0.45448206980029E+04 -0.12554212596658E-09 -0.21097855930783E+04 -0.60292074663320E+02 -0.71896190545224E+02 -0.14566463871478E+00  0.22003498489941E-10 -0.15518809569257E+01 -0.67231853760854E+00  0.24716617912304E+03  0.27033783820328E+03 -0.24867322708891E+04  0.19836884841660E-10
   0.15474718173771E+04 -0.12473717176954E+03  0.49321978396441E+02 -0.14569062284777E+03  0.53438613155609E+01 -0.63882215172348E+02 -0.25968391934592E+02  0.16501750111675E+04 -0.28432839415017E+03 -0.53338375853755E+02  0.12571885489875E+02  0.90486452050029E+02  0.80626608383910E+01 -0.13659052060617E+00  0.73741896628862E+02 -0.12806911743094E+02  0.91260962437770E+02  0.57063551144055E+02 -0.26086855210247E+03  0.13107170780862E+02  0.17048879795330E+01  0.27225137339902E-01 -0.75570204609757E-01  0.57218948115729E+01  0.27575422337962E+02 -0.97050336972595E+01 -0.14714931914172E+03 -0.12216064036479E-10 -0.25320742190031E+02 -0.52581256658373E+03 -0.49713267210917E-10 -0.13211802775565E+03 -0.15535253434572E+02 -0.57768176416333E+01 -0.10307682853401E+00  0.27879782645609E-11 -0.16140205554384E+00 -0.63534911755330E-01  0.24988661620260E+02  0.59790079939263E+02 -0.17885705381927E+03  0.26931399041606E-11
  -0.89767285757981E+02  0.10839024182663E+02 -0.34955421692605E+01  0.45658554370298E+02 -0.39970517353725E+01  0.15294462675124E+02  0.79696449955134E+01  0.70782344780285E+02 -0.89705153323216E+01 -0.12726833858435E+01  0.47284132586900E+00 -0.12514030353720E+01 -0.13659052060617E+00  0.30219660020403E-01  0.10709531227545E+02 -0.81807069236626E+00  0.70248988335583E+01  0.33134297393161E+01 -0.64344109467076E+02  0.10257681400281E+01 -0.34290160331880E-01 -0.15386178073331E-01 -0.53188773506567E-02 -0.64777133657124E-02 -0.12161676800092E-01  0.11689693556364E-01  0.46082406106009E-01 -0.47855439806095E-12 -0.39995175729087E+01 -0.30720511575369E+00  0.12349473182898E-11 -0.17035819346693E+01 -0.18162055520223E-05 -0.86471408587098E-01  0.31717322488885E-13  0.89868417129554E-14 -0.10170327816532E-02 -0.56541123931727E-03 -0.14834256270146E+01  0.33228938290085E-05 -0.16467228334178E+01  0.76794080969859E-13
   0.99244636283635E+04  0.75325440209925E+03 -0.29146781365372E+03  0.32093389850400E+05 -0.26809589849579E+04  0.97337778699385E+04  0.50083131382746E+04  0.89562842545358E+05  0.49087098975136E+05 -0.41027523309612E+04  0.12486297131744E+04  0.13091718832159E+04  0.73741896628862E+02  0.10709531227545E+02  0.51211660500797E+05 -0.49508924785874E+04  0.39630695912842E+05  0.20836855413782E+05 -0.56537557522524E+05  0.47027050504402E+02  0.61427580713501E+02  0.29067201902540E+02  0.13122245489882E+02 -0.23990881361445E+02 -0.13905789539132E+03  0.75119480699509E+03 -0.29258886814779E+04 -0.18976107951164E+04 -0.25020000512446E+04  0.19253041518418E+04  0.43127486834856E+04 -0.15129964868153E+04 -0.30444571648099E+04 -0.74058161661628E+03  0.31426394785563E+03  0.55914421078398E+03 -0.30088569270011E+04 -0.15816429886734E+04 -0.22241828030868E+04  0.20264426595104E+03 -0.96511179528740E+03 -0.10855738137591E+04
  -0.23665048428996E+04 -0.73970115275956E+02 -0.11429646187013E+02 -0.40783926472061E+04  0.34909148165259E+03 -0.12666621242898E+04 -0.66504774262823E+03 -0.11728078865077E+05 -0.23971481737755E+04  0.52227425566582E+03 -0.14329939190650E+03 -0.18907937590769E+03 -0.12806911743094E+02 -0.81807069236626E+00 -0.49508924785874E+04  0.55989137456859E+03 -0.43671863477152E+04 -0.23898081000497E+04  0.69268583340602E+04  0.50797765892773E+01 -0.95667775716784E+01 -0.57485494735173E+01 -0.29187783118650E+01 -0.64215806858783E+01 -0.15641813523562E+02 -0.16158594057390E+03  0.56282619145680E+03  0.35027752204743E+03  0.29533774140342E+03 -0.14212512468752E+03 -0.48515892440930E+03  0.16347944214994E+03  0.32716118988375E+03  0.85102960790489E+02 -0.86999724406685E+02 -0.15264504885386E+03  0.48377130148920E+03  0.23573760671056E+03 -0.36580500254674E+03 -0.36668667163234E+02  0.27413090004333E+03  0.30731931221472E+03
   0.12470713827085E+05  0.23000662566883E+03 -0.14859168002609E+03  0.29797200635568E+05 -0.24097857513077E+04  0.91973941418049E+04  0.45802704639145E+04  0.96463640830765E+05  0.17134335967212E+05 -0.38597394632137E+04  0.11335876488508E+04  0.15150512573233E+04  0.91260962437770E+02  0.70248988335583E+01  0.39630695912842E+05 -0.43671863477152E+04  0.34935720301364E+05  0.18864989020737E+05 -0.52847078517017E+05  0.12075951849279E+02  0.58237838965484E+02  0.24378622620971E+02  0.91189069755510E+01 -0.84948042214713E+02 -0.27645370248629E+03  0.60913034079128E+03 -0.29600435351509E+04 -0.18910416030318E+04 -0.27222382539131E+04  0.23267684604859E+04  0.50322260460161E+04 -0.13615019121606E+04 -0.27527023499477E+04 -0.67015773843104E+03  0.84636898142040E+02  0.16882265643081E+03 -0.28623388170643E+04 -0.15414929740860E+04  0.15206273349369E+04  0.25906115685711E+03 -0.18493665613180E+04 -0.20510143806285E+04
   0.89198177130310E+04  0.14880309564113E+03 -0.38144018965571E+01  0.16820828644145E+05 -0.13823935408516E+04  0.52617936509928E+04  0.26599627545731E+04  0.52211165622986E+05  0.84565508255210E+04 -0.21945432621326E+04  0.61890285075661E+03  0.87269886481212E+03  0.57063551144055E+02  0.33134297393161E+01  0.20836855413782E+05 -0.23898081000497E+04  0.18864989020737E+05  0.10326429264460E+05 -0.29536290375220E+05 -0.12930851442743E+02  0.36961617308697E+02  0.18220472079699E+02  0.77757349643308E+01 -0.29351610540056E+02 -0.83569976370254E+02  0.49231211233032E+03 -0.20960518607139E+04 -0.13044532996367E+04 -0.13692362714171E+04  0.10696449573332E+04  0.27408332728675E+04 -0.69466218152609E+03 -0.14045668917085E+04 -0.37114951364139E+03  0.13124671290746E+03  0.24336164494259E+03 -0.18664774914256E+04 -0.96220045209208E+03  0.16404535095594E+04  0.18042238466607E+03 -0.12805828416310E+04 -0.14220461252108E+04
  -0.77643348071355E+07  0.26107415581571E+07 -0.31887007418708E+06 -0.22711044555490E+07  0.46982385734461E+06 -0.33409150545890E+05 -0.22902058350681E+06 -0.58488516336652E+06 -0.24525079713377E+05  0.55827602167370E+05 -0.60454500811497E+04 -0.55700762356193E+04 -0.26086855210247E+03 -0.64344109467076E+02 -0.56537557522524E+05  0.69268583340602E+04 -0.52847078517017E+05 -0.29536290375220E+05  0.33395384104230E+08  0.18225666816181E+06  0.94565566281294E+05  0.50441505037251E+05  0.27994810000860E+05  0.65366744259704E+05  0.75979282581773E+05  0.47910666586951E+06  0.34134210436989E+05  0.76790276803672E+05 -0.11962187538100E+04  0.57009092249979E+06  0.27849164314697E+07  0.16877392127243E+05  0.31804637505420E+05  0.20708511269920E+03  0.18496121784808E+06  0.80888490631266E+06  0.24018306313483E+05  0.75843637048013E+04 -0.17987226727693E+05  0.45282110900210E+05  0.20717726590672E+05  0.64669832270441E+05
  -0.67314940040580E+05  0.17411185066142E+05 -0.26658459063484E+04 -0.19269824911153E+05  0.34629113681536E+04 -0.18743906766315E+04 -0.25346616230148E+04 -0.36929605687504E+05  0.91411224203407E+04  0.12668692454257E+04 -0.24078193491381E+03  0.24643343500155E+03  0.13107170780862E+02  0.10257681400281E+01  0.47027050504402E+02  0.50797765892773E+01  0.12075951849279E+02 -0.12930851442743E+02  0.18225666816181E+06  0.30083058764391E+04  0.10270706758174E+04  0.45187997524898E+03  0.22441391549573E+03  0.19412222429927E+03 -0.26940796325166E+03  0.38012229187071E+04  0.00000000000000E+00  0.26000376168186E+04  0.00000000000000E+00  0.00000000000000E+00  0.41085935420502E+05  0.00000000000000E+00  0.00000000000000E+00  0.00000000000000E+00  0.00000000000000E+00  0.61400842399119E+04  0.00000000000000E+00  0.00000000000000E+00  0.00000000000000E+00 -0.16398282467087E+04  0.00000000000000E+00  0.41816623339257E+04
  -0.29591371104893E+05  0.86424072395952E+04 -0.11921943024546E+04 -0.78113982316426E+04  0.15397637289699E+04 -0.38277692710230E+03 -0.91296180876273E+03 -0.72925116156004E+04  0.14294843843517E+04  0.34800561590469E+03 -0.52095139475364E+02  0.23628283136478E+02  0.17048879795330E+01 -0.34290160331880E-01  0.61427580713501E+02 -0.95667775716784E+01  0.58237838965484E+02  0.36961617308697E+02  0.94565566281294E+05  0.10270706758174E+04  0.44822996594966E+03  0.21817196411123E+03  0.11480485857043E+03  0.15761968543216E+03  0.78196952277040E+02  0.17469492263838E+04  0.00000000000000E+00  0.67569769967564E+03  0.00000000000000E+00  0.00000000000000E+00  0.15496701937827E+05  0.00000000000000E+00  0.00000000000000E+00  0.00000000000000E+00  0.00000000000000E+00  0.31158626632156E+04  0.00000000000000E+00  0.00000000000000E+00  0.00000000000000E+00 -0.51294524843682E+03  0.00000000000000E+00  0.87295299728451E+03
  -0.14288676399463E+05  0.45467973641118E+04 -0.58089337558618E+03 -0.34168013091230E+04  0.70947838875961E+03 -0.32947063879001E+02 -0.34241789909031E+03 -0.19702483172141E+04  0.32947912169929E+03  0.11535330392247E+03 -0.14679198307284E+02  0.19728089233416E+00  0.27225137339902E-01 -0.15386178073331E-01  0.29067201902540E+02 -0.57485494735173E+01  0.24378622620971E+02  0.18220472079699E+02  0.50441505037251E+05  0.45187997524898E+03  0.21817196411123E+03  0.11296752361196E+03  0.61981675562324E+02  0.10043916366707E+03  0.91553222966074E+02  0.85774507920506E+03  0.00000000000000E+00  0.19781540746737E+03  0.00000000000000E+00  0.00000000000000E+00  0.67647489657231E+04  0.00000000000000E+00  0.00000000000000E+00  0.00000000000000E+00  0.00000000000000E+00  0.16231997015788E+04  0.00000000000000E+00  0.00000000000000E+00  0.00000000000000E+00 -0.16711095304503E+03  0.00000000000000E+00  0.26039462110636E+03
  -0.73800139106966E+04  0.25083177991641E+04 -0.30157811208932E+03 -0.16234801744125E+04  0.34599916005214E+03  0.30026703580086E+02 -0.13944318161637E+03 -0.67035748514004E+03  0.10304084723459E+03  0.44135142827581E+02 -0.50734432728146E+01 -0.76243852448281E+00 -0.75570204609757E-01 -0.53188773506567E-02  0.13122245489882E+02 -0.29187783118650E+01  0.91189069755510E+01  0.77757349643308E+01  0.27994810000860E+05  0.22441391549573E+03  0.11480485857043E+03  0.61981675562324E+02  0.35075560948187E+02  0.60872597225474E+02  0.63557197983925E+02  0.44472428550954E+03  0.00000000000000E+00  0.60708227109300E+02  0.00000000000000E+00  0.00000000000000E+00  0.32733606750249E+04  0.00000000000000E+00  0.00000000000000E+00  0.00000000000000E+00  0.00000000000000E+00  0.86637250615833E+03  0.00000000000000E+00  0.00000000000000E+00  0.00000000000000E+00 -0.58120280331867E+02  0.00000000000000E+00  0.97393448510726E+02
  -0.19942012994106E+05  0.88612342340507E+04 -0.86181959089285E+03 -0.15505341894423E+04  0.54966324141340E+03  0.72253242404469E+03  0.16321167760734E+03  0.69454230723447E+04 -0.16374295508719E+04 -0.19950689098985E+03  0.47080691162823E+02  0.45456099305552E+02  0.57218948115729E+01 -0.64777133657124E-02 -0.23990881361445E+02 -0.64215806858783E+01 -0.84948042214713E+02 -0.29351610540056E+02  0.65366744259704E+05  0.19412222429927E+03  0.15761968543216E+03  0.10043916366707E+03  0.60872597225474E+02  0.39333145902839E+03  0.69207932929543E+03  0.16139030627110E+04 -0.47737641049751E+02 -0.27494875297397E+02  0.29505971465079E+01  0.96382533796880E+03  0.58934250668152E+03  0.00000000000000E+00  0.00000000000000E+00  0.00000000000000E+00  0.24037334247588E+04  0.29712207095308E+04  0.00000000000000E+00  0.00000000000000E+00  0.00000000000000E+00 -0.26404564912331E+02 -0.35478113218889E+03 -0.36913425407986E+03
  -0.10323133204606E+05  0.97317793136785E+04 -0.60685869191394E+03  0.21845161329553E+04  0.30437325436095E+03  0.23234040884852E+04  0.10921877150842E+04  0.35287469147861E+05 -0.86305066586007E+04 -0.10305037925203E+04  0.23416609882325E+03  0.24834810002251E+03  0.27575422337962E+02 -0.12161676800092E-01 -0.13905789539132E+03 -0.15641813523562E+02 -0.27645370248629E+03 -0.83569976370254E+02  0.75979282581773E+05 -0.26940796325166E+03  0.78196952277040E+02  0.91553222966074E+02  0.63557197983925E+02  0.69207932929543E+03  0.17427494734659E+04  0.15808169995267E+04 -0.14973071064779E+03 -0.10160842973759E+03 -0.40461318230322E+02 -0.55253363856067E+04 -0.97714488787303E+04  0.00000000000000E+00  0.00000000000000E+00  0.00000000000000E+00  0.33890318097593E+04  0.40842638967214E+04  0.00000000000000E+00  0.00000000000000E+00  0.00000000000000E+00 -0.40085133586330E+02 -0.19917639433135E+04 -0.20566228011896E+04
  -0.22956739808923E+06  0.66824282372674E+05 -0.93168161461473E+04 -0.39837286564628E+05  0.83155088945110E+04 -0.10494884318260E+04 -0.44630975595087E+04 -0.28845622226269E+05  0.45737908712623E+04  0.17755291212930E+04 -0.21762649620004E+03 -0.49606465255121E+02 -0.97050336972595E+01  0.11689693556364E-01  0.75119480699509E+03 -0.16158594057390E+03  0.60913034079128E+03  0.49231211233032E+03  0.47910666586951E+06  0.38012229187071E+04  0.17469492263838E+04  0.85774507920506E+03  0.44472428550954E+03  0.16139030627110E+04  0.15808169995267E+04  0.16204822759895E+05  0.24864049471063E+03  0.12949964792737E+03 -0.62433967941982E+01  0.37562908316385E+05  0.60900134798829E+05  0.00000000000000E+00  0.00000000000000E+00  0.00000000000000E+00  0.15953619279105E+05  0.20065485428313E+05  0.00000000000000E+00  0.00000000000000E+00  0.00000000000000E+00 -0.78992964906619E+02  0.15386480238170E+04  0.15708271871487E+04
  -0.13113505066981E+06  0.16730050289234E+05 -0.48858435194777E+04 -0.12800635629598E+05  0.19707334669865E+04 -0.26870555229029E+04 -0.24121475052866E+04 -0.62658985615330E+05  0.11449097712225E+05  0.27321005105543E+04 -0.46337022625360E+03 -0.10164931495424E+04 -0.14714931914172E+03  0.46082406106009E-01 -0.29258886814779E+04  0.56282619145680E+03 -0.29600435351509E+04 -0.20960518607139E+04  0.34134210436989E+05  0.00000000000000E+00  0.00000000000000E+00  0.00000000000000E+00  0.00000000000000E+00 -0.47737641049751E+02 -0.14973071064779E+03  0.24864049471063E+03  0.11716265600491E+06  0.00000000000000E+00  0.00000000000000E+00  0.00000000000000E+00  0.00000000000000E+00  0.00000000000000E+00  0.00000000000000E+00  0.00000000000000E+00  0.00000000000000E+00  0.00000000000000E+00  0.00000000000000E+00  0.00000000000000E+00  0.00000000000000E+00  0.00000000000000E+00  0.00000000000000E+00  0.00000000000000E+00
  -0.55614480744892E+05  0.83210629397371E+04 -0.20804583965174E+04 -0.21237768240221E+05  0.33209308983673E+04 -0.40903540479308E+04 -0.37740872331423E+04 -0.49651794083200E+05  0.10688812100631E+05  0.18688293738666E+04 -0.34537497354120E+03 -0.43281026369719E-10 -0.12216064036479E-10 -0.47855439806095E-12 -0.18976107951164E+04  0.35027752204743E+03 -0.18910416030318E+04 -0.13044532996367E+04  0.76790276803672E+05  0.26000376168186E+04  0.67569769967564E+03  0.19781540746737E+03  0.60708227109300E+02 -0.27494875297397E+02 -0.10160842973759E+03  0.12949964792737E+03  0.00000000000000E+00  0.64738309148045E+05  0.00000000000000E+00  0.00000000000000E+00  0.00000000000000E+00  0.00000000000000E+00  0.00000000000000E+00  0.00000000000000E+00  0.00000000000000E+00  0.00000000000000E+00  0.00000000000000E+00  0.00000000000000E+00  0.00000000000000E+00  0.00000000000000E+00  0.00000000000000E+00  0.00000000000000E+00
  -0.50585655400127E+04 -0.20712988940790E+03  0.26248500169616E+02 -0.76268045576213E+02 -0.56473778518626E+02  0.14679094895555E+03  0.13473740040593E+03 -0.70259547555296E+05  0.24666722477107E+05  0.73510875797742E+03 -0.33566210374395E+03 -0.64629054755284E+03 -0.25320742190031E+02 -0.39995175729087E+01 -0.25020000512446E+04  0.29533774140342E+03 -0.27222382539131E+04 -0.13692362714171E+04 -0.11962187538100E+04  0.00000000000000E+00  0.00000000000000E+00  0.00000000000000E+00  0.00000000000000E+00  0.29505971465079E+01 -0.40461318230322E+02 -0.62433967941982E+01  0.00000000000000E+00  0.00000000000000E+00  0.30776559913288E+05  0.00000000000000E+00  0.00000000000000E+00  0.00000000000000E+00  0.00000000000000E+00  0.00000000000000E+00  0.00000000000000E+00  0.00000000000000E+00  0.00000000000000E+00  0.00000000000000E+00  0.00000000000000E+00  0.00000000000000E+00  0.00000000000000E+00  0.00000000000000E+00
  -0.86563162572329E+06  0.21129393960694E+06 -0.33679453523811E+05 -0.66521457726604E+05  0.11555578026118E+05 -0.81281260951094E+04 -0.95720405286931E+04 -0.29316905505098E+06  0.66555464817824E+05  0.10921767028252E+05 -0.19952604666530E+04 -0.45448206980029E+04 -0.52581256658373E+03 -0.30720511575369E+00  0.19253041518418E+04 -0.14212512468752E+03  0.23267684604859E+04  0.10696449573332E+04  0.57009092249979E+06  0.00000000000000E+00  0.00000000000000E+00  0.00000000000000E+00  0.00000000000000E+00  0.96382533796880E+03 -0.55253363856067E+04  0.37562908316385E+05  0.00000000000000E+00  0.00000000000000E+00  0.00000000000000E+00  0.58150350554533E+06  0.00000000000000E+00  0.00000000000000E+00  0.00000000000000E+00  0.00000000000000E+00  0.00000000000000E+00  0.00000000000000E+00  0.00000000000000E+00  0.00000000000000E+00  0.00000000000000E+00  0.00000000000000E+00  0.00000000000000E+00  0.00000000000000E+00
  -0.11216196728287E+07  0.26735299572573E+06 -0.43888156806976E+05 -0.34348839552105E+06  0.61175076781544E+05 -0.39354886273588E+05 -0.49738215722984E+05 -0.57283474752551E+06  0.12576199137126E+06  0.22583954684417E+05 -0.39475459432834E+04 -0.12554212596658E-09 -0.49713267210917E-10  0.12349473182898E-11  0.43127486834856E+04 -0.48515892440930E+03  0.50322260460161E+04  0.27408332728675E+04  0.27849164314697E+07  0.41085935420502E+05  0.15496701937827E+05  0.67647489657231E+04  0.32733606750249E+04  0.58934250668152E+03 -0.97714488787303E+04  0.60900134798829E+05  0.00000000000000E+00  0.00000000000000E+00  0.00000000000000E+00  0.00000000000000E+00  0.92007839199341E+06  0.00000000000000E+00  0.00000000000000E+00  0.00000000000000E+00  0.00000000000000E+00  0.00000000000000E+00  0.00000000000000E+00  0.00000000000000E+00  0.00000000000000E+00  0.00000000000000E+00  0.00000000000000E+00  0.00000000000000E+00
  -0.20986049561748E+05  0.57781801310110E+04 -0.84962299875188E+03 -0.13369087418899E+04  0.30607991574310E+03  0.22516543741237E+02 -0.14376994190789E+03 -0.74269451671863E+05  0.22990286930515E+05  0.14991812358334E+04 -0.42162602232148E+03 -0.21097855930783E+04 -0.13211802775565E+03 -0.17035819346693E+01 -0.15129964868153E+04  0.16347944214994E+03 -0.13615019121606E+04 -0.69466218152609E+03  0.16877392127243E+05  0.00000000000000E+00  0.00000000000000E+00  0.00000000000000E+00  0.00000000000000E+00  0.00000000000000E+00  0.00000000000000E+00  0.00000000000000E+00  0.00000000000000E+00  0.00000000000000E+00  0.00000000000000E+00  0.00000000000000E+00  0.00000000000000E+00  0.14401045401243E+05  0.00000000000000E+00  0.00000000000000E+00  0.00000000000000E+00  0.00000000000000E+00  0.00000000000000E+00  0.00000000000000E+00  0.00000000000000E+00  0.00000000000000E+00  0.00000000000000E+00  0.00000000000000E+00
  -0.47773976551059E+05  0.13335158811671E+05 -0.19424372671338E+04 -0.25110668462607E+04  0.55299258573432E+03  0.45566882743376E+01 -0.26362204217778E+03 -0.16798805896146E+06  0.52072111782633E+05  0.33340009580241E+04 -0.95402828151455E+03 -0.60292074663320E+02 -0.15535253434572E+02 -0.18162055520223E-05 -0.30444571648099E+04  0.32716118988375E+03 -0.27527023499477E+04 -0.14045668917085E+04  0.31804637505420E+05  0.00000000000000E+00  0.00000000000000E+00  0.00000000000000E+00  0.00000000000000E+00  0.00000000000000E+00  0.00000000000000E+00  0.00000000000000E+00  0.00000000000000E+00  0.00000000000000E+00  0.00000000000000E+00  0.00000000000000E+00  0.00000000000000E+00  0.00000000000000E+00  0.32098779470727E+05  0.00000000000000E+00  0.00000000000000E+00  0.00000000000000E+00  0.00000000000000E+00  0.00000000000000E+00  0.00000000000000E+00  0.00000000000000E+00  0.00000000000000E+00  0.00000000000000E+00
  -0.31745814377568E+04  0.42142105420397E+03 -0.10496049620041E+03 -0.69375346881781E+02  0.86947089092917E+01 -0.18126961263599E+02 -0.12654597488091E+02 -0.14150637764157E+04  0.19308073671220E+03  0.43670040399286E+02 -0.10903313519899E+02 -0.71896190545224E+02 -0.57768176416333E+01 -0.86471408587098E-01 -0.74058161661628E+03  0.85102960790489E+02 -0.67015773843104E+03 -0.37114951364139E+03  0.20708511269920E+03  0.00000000000000E+00  0.00000000000000E+00  0.00000000000000E+00  0.00000000000000E+00  0.00000000000000E+00  0.00000000000000E+00  0.00000000000000E+00  0.00000000000000E+00  0.00000000000000E+00  0.00000000000000E+00  0.00000000000000E+00  0.00000000000000E+00  0.00000000000000E+00  0.00000000000000E+00  0.37919949156524E+04  0.00000000000000E+00  0.00000000000000E+00  0.00000000000000E+00  0.00000000000000E+00  0.00000000000000E+00  0.00000000000000E+00  0.00000000000000E+00  0.00000000000000E+00
  -0.20388033209992E+06  0.63905282505475E+05 -0.83893072760028E+04 -0.11784586644838E+05  0.28015922253561E+04  0.51383529850260E+03 -0.92311847445368E+03 -0.56589716121725E+04  0.62724689921013E+03  0.54330850195071E+03 -0.44616563671723E+02 -0.14566463871478E+00 -0.10307682853401E+00  0.31717322488885E-13  0.31426394785563E+03 -0.86999724406685E+02  0.84636898142040E+02  0.13124671290746E+03  0.18496121784808E+06  0.00000000000000E+00  0.00000000000000E+00  0.00000000000000E+00  0.00000000000000E+00  0.24037334247588E+04  0.33890318097593E+04  0.15953619279105E+05  0.00000000000000E+00  0.00000000000000E+00  0.00000000000000E+00  0.00000000000000E+00  0.00000000000000E+00  0.00000000000000E+00  0.00000000000000E+00  0.00000000000000E+00  0.10575428942965E+06  0.00000000000000E+00  0.00000000000000E+00  0.00000000000000E+00  0.00000000000000E+00  0.00000000000000E+00  0.00000000000000E+00  0.00000000000000E+00
  -0.23096750645428E+06  0.72020085040266E+05 -0.94964426484342E+04 -0.52680157143597E+05  0.12398704298476E+05  0.20486801918977E+04 -0.42723768418101E+04 -0.11210012844342E+05  0.12707612833290E+04  0.10394568926516E+04 -0.88296586728000E+02  0.22003498489941E-10  0.27879782645609E-11  0.89868417129554E-14  0.55914421078398E+03 -0.15264504885386E+03  0.16882265643081E+03  0.24336164494259E+03  0.80888490631266E+06  0.61400842399119E+04  0.31158626632156E+04  0.16231997015788E+04  0.86637250615833E+03  0.29712207095308E+04  0.40842638967214E+04  0.20065485428313E+05  0.00000000000000E+00  0.00000000000000E+00  0.00000000000000E+00  0.00000000000000E+00  0.00000000000000E+00  0.00000000000000E+00  0.00000000000000E+00  0.00000000000000E+00  0.00000000000000E+00  0.13861246761435E+06  0.00000000000000E+00  0.00000000000000E+00  0.00000000000000E+00  0.00000000000000E+00  0.00000000000000E+00  0.00000000000000E+00
  -0.90137298254044E+04  0.24044385591234E+04 -0.35970097803374E+03 -0.24251475819517E+04  0.44575556359233E+03 -0.22519375291426E+03 -0.33530449169318E+03  0.49594513319392E+03 -0.13183081183061E+04  0.12165670866973E+03 -0.11766223528564E+02 -0.15518809569257E+01 -0.16140205554384E+00 -0.10170327816532E-02 -0.30088569270011E+04  0.48377130148920E+03 -0.28623388170643E+04 -0.18664774914256E+04  0.24018306313483E+05  0.00000000000000E+00  0.00000000000000E+00  0.00000000000000E+00  0.00000000000000E+00  0.00000000000000E+00  0.00000000000000E+00  0.00000000000000E+00  0.00000000000000E+00  0.00000000000000E+00  0.00000000000000E+00  0.00000000000000E+00  0.00000000000000E+00  0.00000000000000E+00  0.00000000000000E+00  0.00000000000000E+00  0.00000000000000E+00  0.00000000000000E+00  0.81344698795313E+04  0.00000000000000E+00  0.00000000000000E+00  0.00000000000000E+00  0.00000000000000E+00  0.00000000000000E+00
  -0.31903153954354E+04  0.76330377558306E+03 -0.12582983599614E+03 -0.94548521006015E+03  0.16631515242201E+03 -0.11903403087604E+03 -0.14298613595089E+03  0.35260963439865E+03 -0.71994183857897E+03  0.54697733356664E+02 -0.56580978724207E+01 -0.67231853760854E+00 -0.63534911755330E-01 -0.56541123931727E-03 -0.15816429886734E+04  0.23573760671056E+03 -0.15414929740860E+04 -0.96220045209208E+03  0.75843637048013E+04  0.00000000000000E+00  0.00000000000000E+00  0.00000000000000E+00  0.00000000000000E+00  0.00000000000000E+00  0.00000000000000E+00  0.00000000000000E+00  0.00000000000000E+00  0.00000000000000E+00  0.00000000000000E+00  0.00000000000000E+00  0.00000000000000E+00  0.00000000000000E+00  0.00000000000000E+00  0.00000000000000E+00  0.00000000000000E+00  0.00000000000000E+00  0.00000000000000E+00  0.41860664767545E+04  0.00000000000000E+00  0.00000000000000E+00  0.00000000000000E+00  0.00000000000000E+00
