# fitpack15: fit parameters                                                                         
# CJ15 AV18 final data choices                                                                      
# Created on 06/27/2019 at 17:51:14                                                                 

 # QCD setup
  INS                           0
  NVL                          11
  IORD                          1
  Q02                   1.6899999999999999     
  IPARAMC                       7
  FLAVOR                4.0000000000000000     
  xmc                   1.3000000000000000     
  xmb                   4.5000000000000000     
  ncb                          12
  ihq                           1
  ias                           0

 # Theory corrections
  inuke                     10114
  itmc                          1
  iht                           1

 # fit parameters
 LAMBDA       0.22680        0.0000    
 a0uv          2.3244        0.0000    
 a1uv         0.60665       0.26336E-01
 a2uv          3.5370       0.13488E-01
 a3uv          0.0000        0.0000    
 a4uv          3.5892       0.60442    
 a5uv          0.0000        0.0000    
 a0dv          23.445        0.0000    
 a1dv          1.1459       0.35080E-01
 a2dv          6.4353       0.13822    
 a3dv         -3.4589       0.88892E-01
 a4dv          4.5912       0.17848    
 a5dv          0.0000        0.0000    
 a0ud         0.14545       0.54692E-02
 a1ud        -0.20849       0.40391E-02
 a2ud          8.3577       0.22442    
 a3ud          0.0000        0.0000    
 a4ud          14.433        1.5191    
 a5ud          0.0000        0.0000    
 a0du          35712.        0.0000    
 a1du          4.0591       0.92769E-01
 a2du          20.311        1.0190    
 a3du          17.000        0.0000    
 a4du          55.607        14.159    
 a0g           47.128        0.0000    
 a1g          0.60937       0.30350E-01
 a2g           6.1560       0.84293    
 a3g          -3.3993       0.12357    
 a4g           3.2993       0.28955    
 a5g           0.0000        0.0000    
 kappa        0.40000        0.0000    
 a6dv          0.0000        0.0000    
 a7dv          0.0000        0.0000    
 off1          5.6035        5.8777    
 off2         0.14025       0.57745    
 off3         0.17031       0.59370    
 off4          1.1614       0.51269    
 ht1          -3.4047       0.28693    
 ht2           1.9820       0.11768    
 ht3          -2.0983       0.29424E-01
 ht4           0.0000        0.0000    
 dummy42       0.0000        0.0000    
 dummy43       0.0000        0.0000    
 dummy44       0.0000        0.0000    
 dummy45       0.0000        0.0000    
 dummy46       0.0000        0.0000    
 dummy47       0.0000        0.0000    
 dummy48       0.0000        0.0000    
 dummy49       0.0000        0.0000    
 bcdmsh2      0.96991       0.48848E-02
 bcdmsd2      0.99132       0.58549E-02
 ccfr          1.0000        0.0000    
 nutev         1.0000        0.0000    
 zeus         0.97998        0.0000    
 h1            1.0162        0.0000    
 e605          1.0319        0.0000    
 NmcH2         1.0063       0.71505E-02
 ntv_nu        1.0000        0.0000    
 ntv_nuba      1.0000        0.0000    
 cdf_jet      0.98910        0.0000    
 d0_jet       0.83504        0.0000    
 slac_p        1.0018       0.49075E-02
 slac_d        1.0028       0.53651E-02
 e866pp       0.95927       0.22034E-01
 e866pd       0.94923       0.19359E-01
 d0_gamje      1.0406       0.16589E-01
 h1b          0.97608        0.0000    
 jlab_p       0.99376       0.58965E-02
 jlab_d       0.97632       0.60342E-02
 blank         1.0000        0.0000    
 d0run2       0.94891       0.14911E-01
 cdfrun2      0.93528       0.17629E-01
 HERA_el       1.0000        0.0000    
 HERA_ps       1.0000        0.0000    
 CDF_Z        0.95863       0.68620E-02
 NmcRat        1.0000        0.0000    
 BNS_F2nd     0.97087       0.87531E-02
 HERMES_F     0.99512       0.56398E-02
 HERMES_F     0.97853       0.58781E-02
 END 0. 0.

 # Hessian matrix (Bevington alpha)
   0.47773903779645E+07 -0.12659232421357E+07  0.22281114937912E+06  0.53299188599132E+06 -0.15238667232679E+06  0.28563854384626E+05  0.87958325584457E+05  0.93098722612690E+06 -0.16894452657134E+06 -0.49557748861315E+05  0.77254817977647E+04  0.13780060940309E+05  0.15271549911284E+04 -0.75295045434898E+02  0.12471222221632E+05 -0.29183621150180E+04  0.16492964468603E+05  0.11515933735327E+05  0.39601735461778E+04 -0.63358988953254E+05 -0.71257664312662E+05  0.35882924280578E+05 -0.18980618451173E+05 -0.96913947669648E+04 -0.22564767520302E+06 -0.12798924532589E+06 -0.53970504167663E+05 -0.45480369755661E+04 -0.84616779833065E+06 -0.10865248073703E+07 -0.20838491238164E+05 -0.47215763770480E+05 -0.30853040656810E+04 -0.19950631935536E+06 -0.22270724931123E+06 -0.86561098447404E+04 -0.30637924329184E+04 -0.16176281040314E+05  0.17004968082068E+05 -0.71502374010974E+05 -0.56222167496080E+05
  -0.12659232421357E+07  0.40611320821187E+06 -0.60870963090111E+05 -0.13120391761668E+06  0.41432361458748E+05 -0.16958404176899E+04 -0.18928439950488E+05 -0.12366990885378E+06  0.25723841497311E+05  0.75537384301927E+04 -0.96786255555734E+03 -0.11323615149424E+04 -0.12694794476267E+03  0.97362360303473E+01  0.48485725672426E+03 -0.12192254834604E+02 -0.60138932779815E+02 -0.60275288776006E+02 -0.12994506235606E+04  0.19111802685938E+05  0.21013830503339E+05 -0.12322511318853E+05  0.85799545653600E+04  0.95637348908532E+04  0.66687889772997E+05  0.16605116339366E+05  0.82049688171902E+04 -0.23677174389793E+03  0.21001561250375E+06  0.26252171419679E+06  0.58399032997300E+04  0.13401517661198E+05  0.41843662468499E+03  0.63482129049969E+05  0.70416619145967E+05  0.23275308413664E+04  0.73915790997311E+03 -0.22538554888147E+04 -0.22957455321811E+04  0.85771814103948E+04  0.72184594047708E+04
   0.22281114937912E+06 -0.60870963090111E+05  0.10499264872610E+05  0.24313029647226E+05 -0.72014446445458E+04  0.92778567775076E+03  0.39460852252434E+04  0.31878672824240E+05 -0.55914299229969E+04 -0.19954521694578E+04  0.26936384778532E+03  0.42097206298612E+03  0.54061002051297E+02 -0.34676459156083E+01 -0.22280187299264E+03 -0.33067107956374E+02 -0.37720381688201E+02  0.80713368891895E+02  0.19036521558822E+03 -0.30250757682269E+04 -0.33849331663859E+04  0.17314517341392E+04 -0.98285122212786E+03 -0.72898863881827E+03 -0.10758143900121E+05 -0.54556680524339E+04 -0.23174856615060E+04  0.47165143931913E+02 -0.38338831396799E+05 -0.49483127661086E+05 -0.98895728737785E+03 -0.22513477564196E+04 -0.11620791162203E+03 -0.96877742050712E+04 -0.10800163525408E+05 -0.40349783966107E+03 -0.14050819811196E+03  0.14613628397478E+02  0.72964562264251E+03 -0.25372478687459E+04 -0.20538604232452E+04
   0.53299188599132E+06 -0.13120391761668E+06  0.24313029647226E+05  0.28268713920526E+06 -0.48399341186981E+05  0.60013342366015E+05  0.50463363451230E+05  0.31770897627082E+06 -0.28987659669516E+05 -0.16015600333429E+05  0.30035144999276E+04 -0.81369327235900E+03 -0.73594931750620E+02  0.31190471653532E+02  0.28182257433662E+05 -0.34306210887553E+04  0.26385956638568E+05  0.14603180518097E+05  0.82057125813705E+03 -0.16152669396690E+05 -0.18463493167154E+05  0.70034272888354E+04 -0.10226025796096E+04  0.28295080659324E+04 -0.36901338719639E+05 -0.12608453675878E+05 -0.20816809703498E+05 -0.86694616226894E+02 -0.62155437916364E+05 -0.32452609045112E+06 -0.12540107521978E+04 -0.22761367509694E+04 -0.66582081267387E+02 -0.10473569783937E+05 -0.47405978604357E+05 -0.22354583597065E+04 -0.88555071977692E+03 -0.10154860035886E+05 -0.16023920918105E+05 -0.71386650441683E+04 -0.21168391301293E+05
  -0.15238667232679E+06  0.41432361458748E+05 -0.72014446445458E+04 -0.48399341186981E+05  0.10556794122125E+05 -0.69787612426097E+04 -0.82781163557686E+04 -0.30429936590732E+05  0.10960244287626E+04  0.21988896433284E+04 -0.31150517128920E+03 -0.65878016279718E+02 -0.20124432463248E+01 -0.24687881839376E+01 -0.23294530595807E+04  0.27885682274625E+03 -0.21297623594747E+04 -0.11737122927398E+04 -0.23403171035296E+03  0.41533985918109E+04  0.46132689564931E+04 -0.20589127136986E+04  0.68657234819837E+03  0.47990912104406E+03  0.95185008816588E+04  0.20361057860576E+04  0.34852681579021E+04 -0.58236741191336E+02  0.12705605379720E+05  0.67356264917793E+05  0.35437152524636E+03  0.62348933862286E+03  0.89108462239649E+01  0.32298608726697E+04  0.14403203047024E+05  0.49316691887812E+03  0.18096910694707E+03  0.34542348599017E+03  0.26216502504625E+04  0.84614866243766E+03  0.26303134956603E+04
   0.28563854384626E+05 -0.16958404176899E+04  0.92778567775076E+03  0.60013342366015E+05 -0.69787612426097E+04  0.18138849967639E+05  0.11561405332612E+05  0.97180854099028E+05 -0.94594909337703E+04 -0.42507270726411E+04  0.91414913884780E+03 -0.39362621239471E+03 -0.33423895782202E+02  0.10798692069016E+02  0.88083811859168E+04 -0.11126510614938E+04  0.82981151330164E+04  0.46971026219089E+04  0.41874961175638E+02 -0.15521819460920E+04 -0.19456104257585E+04  0.30935613517496E+03  0.50488083123971E+03  0.21355037255834E+04 -0.31556648593037E+04 -0.29953138178228E+04 -0.46563779182188E+04  0.15771455085099E+03 -0.10768245783563E+05 -0.53020823719701E+05 -0.55025240418716E+02 -0.13025256122412E+03 -0.19001993217539E+02 -0.20420070725458E+03 -0.11384564727062E+04 -0.33514119510542E+03 -0.15601012470762E+03 -0.30860174017008E+04 -0.37665063058156E+04 -0.19319844195891E+04 -0.55764417312197E+04
   0.87958325584457E+05 -0.18928439950488E+05  0.39460852252434E+04  0.50463363451230E+05 -0.82781163557686E+04  0.11561405332612E+05  0.94729179038308E+04  0.53783087165393E+05 -0.34443981839360E+04 -0.30133541743142E+04  0.53117647706872E+03 -0.90339749456043E+02 -0.10008194309397E+02  0.53212678927803E+01  0.44340479036639E+04 -0.56270464791925E+03  0.40387255336743E+04  0.23026180157824E+04  0.11822506825144E+03 -0.26500619039066E+04 -0.30458160978368E+04  0.98396914304624E+03  0.35686677012288E+02  0.97019788524084E+03 -0.57843521654854E+04 -0.25859451147026E+04 -0.41031546221477E+04  0.13851655423465E+03 -0.11086292596069E+05 -0.57851379196218E+05 -0.19566332489439E+03 -0.34548381160050E+03 -0.13104622847921E+02 -0.13661106994898E+04 -0.62897531501200E+04 -0.39822255671760E+03 -0.16398372600386E+03 -0.13034593065585E+04 -0.33941217924743E+04 -0.11895485377023E+04 -0.35628291817908E+04
   0.93098722612690E+06 -0.12366990885378E+06  0.31878672824240E+05  0.31770897627082E+06 -0.30429936590732E+05  0.97180854099028E+05  0.53783087165393E+05  0.49461518384207E+07 -0.23060910522177E+07 -0.82847362677794E+05  0.25494947787948E+05  0.25778565657091E+05  0.17254477382088E+04  0.77805675132122E+02  0.81321417495372E+05 -0.10727911981046E+05  0.90668598785238E+05  0.48820130609734E+05  0.44033718908939E+03 -0.24432207113129E+04 -0.82440894008103E+04  0.32298055042394E+04  0.65070423358709E+04  0.33925468398780E+05 -0.28373715690934E+05 -0.59719200436335E+05 -0.47855872307770E+05 -0.67223175865842E+05 -0.28025075107932E+06 -0.55319131297642E+06 -0.73259101449291E+05 -0.16485885845085E+06 -0.13052283820924E+04 -0.56626166055626E+04 -0.11323417161412E+05  0.54863260786117E+03  0.37370852264093E+03 -0.26346061452573E+06 -0.86783866037725E+04 -0.13725250183359E+06 -0.16943633523346E+06
  -0.16894452657134E+06  0.25723841497311E+05 -0.55914299229969E+04 -0.28987659669516E+05  0.10960244287626E+04 -0.94594909337703E+04 -0.34443981839360E+04 -0.23060910522177E+07  0.19205858590351E+07  0.18537279323310E+05 -0.64235404913857E+04 -0.54646392098300E+04 -0.29591566337191E+03 -0.11521831024868E+02  0.50934278173472E+05 -0.26141891568252E+04  0.19349745181942E+05  0.96332696574078E+04 -0.85806927732955E+02 -0.13059244036247E+04  0.22905843693842E+03 -0.58266323527156E+03 -0.15701513532668E+04 -0.84838879172383E+04  0.45891713095233E+04  0.11123450813689E+05  0.10530472423468E+05  0.24092424622929E+05  0.65044357746784E+05  0.12414951459202E+06  0.23227566214672E+05  0.52355293813445E+05  0.16909422797412E+03  0.64661934318516E+03  0.13232314569180E+04 -0.13480001517589E+04 -0.73168953479516E+03  0.11144016928029E+06  0.15903597994342E+04  0.44032136656217E+05  0.53819847029409E+05
  -0.49557748861315E+05  0.75537384301927E+04 -0.19954521694578E+04 -0.16015600333429E+05  0.21988896433284E+04 -0.42507270726411E+04 -0.30133541743142E+04 -0.82847362677794E+05  0.18537279323310E+05  0.25188520037894E+04 -0.61917183759644E+03 -0.66000342921089E+03 -0.58097076257505E+02 -0.11714034568233E+01 -0.39850024363106E+04  0.50556170332037E+03 -0.38534223176566E+04 -0.21796727639732E+04 -0.27263542513521E+02  0.55140600104221E+03  0.73951416816367E+03 -0.21315074586442E+03 -0.19079786650267E+03 -0.10186612427614E+04  0.18037731425413E+04  0.26839468095031E+04  0.18535452820416E+04  0.72377837649858E+03  0.10770941713695E+05  0.22489493837965E+05  0.15232214171770E+04  0.33635672398636E+04  0.42090694345909E+02  0.55673601176703E+03  0.10749319019130E+04  0.12087430007358E+03  0.54094409966519E+02  0.30733296139513E+04  0.44087060264620E+03  0.27617262899588E+04  0.34968387087167E+04
   0.77254817977647E+04 -0.96786255555734E+03  0.26936384778532E+03  0.30035144999276E+04 -0.31150517128920E+03  0.91414913884780E+03  0.53117647706872E+03  0.25494947787948E+05 -0.64235404913857E+04 -0.61917183759644E+03  0.17729628091369E+03  0.19737144004966E+03  0.14383938449438E+02  0.52667482493588E+00  0.12740056441115E+04 -0.14640069338929E+03  0.11883788455178E+04  0.64665528709353E+03  0.33949106474103E+01 -0.43585093690390E+02 -0.83711328325693E+02  0.25517264045414E+02  0.47871825977307E+02  0.24418647011612E+03 -0.23388070655651E+03 -0.48150845768136E+03 -0.36180484552216E+03 -0.34230205131026E+03 -0.20720586613544E+04 -0.41442961647833E+04 -0.44730632164877E+03 -0.10069691280779E+04 -0.11020891650069E+02 -0.48861302196094E+02 -0.97582640129789E+02 -0.12500942603225E+02 -0.59921189454707E+01 -0.11621191768774E+04 -0.69752413339485E+02 -0.83604690392280E+03 -0.10402731805743E+04
   0.13780060940309E+05 -0.11323615149424E+04  0.42097206298612E+03 -0.81369327235900E+03 -0.65878016279718E+02 -0.39362621239471E+03 -0.90339749456043E+02  0.25778565657091E+05 -0.54646392098300E+04 -0.66000342921089E+03  0.19737144004966E+03  0.15576879011430E+04  0.10129461448594E+03 -0.78071918173765E+00  0.14766411129585E+04 -0.21198763203496E+03  0.17641199712128E+04  0.10065674980614E+04  0.12331699030881E+01 -0.10726526376618E+03 -0.59545304259486E+02  0.72661511950024E+01  0.47583416257004E+02  0.26611841869367E+03 -0.54031973572340E+02 -0.10883395762734E+04  0.75279806335872E-10 -0.70799130984694E+03 -0.48604350050070E+04 -0.21631026126018E-09 -0.23690694526589E+04 -0.68706102377749E+02 -0.76889041441057E+02 -0.18359174368470E+00  0.84553269817242E-11 -0.17078133868799E+01 -0.73271613561175E+00  0.26708519644468E+03  0.30077665598179E+03 -0.26665679574078E+04 -0.38471849941753E-10
   0.15271549911284E+04 -0.12694794476267E+03  0.54061002051297E+02 -0.73594931750620E+02 -0.20124432463248E+01 -0.33423895782202E+02 -0.10008194309397E+02  0.17254477382088E+04 -0.29591566337191E+03 -0.58097076257505E+02  0.14383938449438E+02  0.10129461448594E+03  0.90079541559877E+01 -0.12376694320022E+00  0.84881021060834E+02 -0.14591245751254E+02  0.10908916317833E+03  0.67335817023222E+02  0.18840271353462E+00 -0.20655843703455E+01  0.33767007165948E+00  0.11323489644875E+01  0.60592913955280E+01  0.29768038100700E+02 -0.10784692942326E+02 -0.15926028338874E+03  0.31438770092448E-11 -0.27340834052043E+02 -0.56667726616033E+03  0.33581351354819E-10 -0.14703629465377E+03 -0.17976365801113E+02 -0.61550407108596E+01 -0.13216800704393E+00  0.55651593200215E-11 -0.17838220836888E+00 -0.69343137467837E-01  0.26989884834309E+02  0.67092275599324E+02 -0.19053360814830E+03 -0.34312501418703E-11
  -0.75295045434898E+02  0.97362360303473E+01 -0.34676459156083E+01  0.31190471653532E+02 -0.24687881839376E+01  0.10798692069016E+02  0.53212678927803E+01  0.77805675132122E+02 -0.11521831024868E+02 -0.11714034568233E+01  0.52667482493588E+00 -0.78071918173765E+00 -0.12376694320022E+00  0.35432649014856E-01  0.12180271822311E+02 -0.87082532771553E+00  0.77546006757208E+01  0.35224276035088E+01 -0.29317949505231E-01 -0.16192231131020E+01 -0.13539987465705E+01 -0.13440270221123E+00 -0.60011771511651E-02  0.13352827650051E-02  0.13454841932252E-01  0.63363926520321E-01  0.21116344681056E-12 -0.53674773435538E+01 -0.59016081809958E+00 -0.13416704361150E-11 -0.28130736733341E+01 -0.85591717121655E-05 -0.12041572570192E+00  0.71921974411909E-13 -0.36514425450593E-13 -0.14706220746911E-02 -0.80793916391955E-03 -0.16618909646314E+01  0.21547172092008E-04 -0.25987085218516E+01 -0.12687794221135E-13
   0.12471222221632E+05  0.48485725672426E+03 -0.22280187299264E+03  0.28182257433662E+05 -0.23294530595807E+04  0.88083811859168E+04  0.44340479036639E+04  0.81321417495372E+05  0.50934278173472E+05 -0.39850024363106E+04  0.12740056441115E+04  0.14766411129585E+04  0.84881021060834E+02  0.12180271822311E+02  0.50866155952463E+05 -0.49422275448613E+04  0.40460737993145E+05  0.21243842476251E+05 -0.76781382204855E+01  0.24689753189291E+03  0.24541154788610E+03 -0.65426632660182E+02 -0.19547047274431E+02 -0.13124604800658E+03  0.78099222642070E+03 -0.29600559749385E+04 -0.19238162313225E+04 -0.25079378051291E+04  0.18909871155713E+04  0.42983139837631E+04 -0.15752654704331E+04 -0.31128750413473E+04 -0.73775467272844E+03  0.33513044141238E+03  0.60670746642982E+03 -0.30573758166133E+04 -0.15961660827168E+04 -0.21721662350352E+04  0.20419361767004E+03 -0.98126122940660E+03 -0.11050413454686E+04
  -0.29183621150180E+04 -0.12192254834604E+02 -0.33067107956374E+02 -0.34306210887553E+04  0.27885682274625E+03 -0.11126510614938E+04 -0.56270464791925E+03 -0.10727911981046E+05 -0.26141891568252E+04  0.50556170332037E+03 -0.14640069338929E+03 -0.21198763203496E+03 -0.14591245751254E+02 -0.87082532771553E+00 -0.49422275448613E+04  0.56037616715723E+03 -0.44876640551998E+04 -0.24495947979515E+04  0.17902188463786E+01 -0.45568711566124E+02 -0.42908400159348E+02  0.15546358380357E+02 -0.71488643378271E+01 -0.17295556000024E+02 -0.16764229098129E+03  0.56875292840973E+03  0.35499665463952E+03  0.29626370305718E+03 -0.13563416605333E+03 -0.48276736517028E+03  0.17092804424214E+03  0.33612182270726E+03  0.85062680930858E+02 -0.91325814323946E+02 -0.16325480860978E+03  0.49216600834053E+03  0.23830052118951E+03 -0.36778990226516E+03 -0.36726925111522E+02  0.27642122991586E+03  0.31010954186023E+03
   0.16492964468603E+05 -0.60138932779815E+02 -0.37720381688201E+02  0.26385956638568E+05 -0.21297623594747E+04  0.82981151330164E+04  0.40387255336743E+04  0.90668598785238E+05  0.19349745181942E+05 -0.38534223176566E+04  0.11883788455178E+04  0.17641199712128E+04  0.10908916317833E+03  0.77546006757208E+01  0.40460737993145E+05 -0.44876640551998E+04  0.36789392647838E+05  0.19841036225477E+05 -0.52199638901826E+01  0.30129198965833E+03  0.29263260977368E+03 -0.40986083198303E+02 -0.85032920785276E+02 -0.28050040822437E+03  0.66531540884344E+03 -0.31455779527745E+04 -0.20070874063709E+04 -0.27824229441099E+04  0.23638041090870E+04  0.52230069306259E+04 -0.14438652475146E+04 -0.28700975907230E+04 -0.68904868264292E+03  0.98303916409980E+02  0.19821267782708E+03 -0.30277729893103E+04 -0.16175991573175E+04  0.16987733775671E+04  0.28060456308097E+03 -0.19689114802483E+04 -0.21835927170665E+04
   0.11515933735327E+05 -0.60275288776006E+02  0.80713368891895E+02  0.14603180518097E+05 -0.11737122927398E+04  0.46971026219089E+04  0.23026180157824E+04  0.48820130609734E+05  0.96332696574078E+04 -0.21796727639732E+04  0.64665528709353E+03  0.10065674980614E+04  0.67335817023222E+02  0.35224276035088E+01  0.21243842476251E+05 -0.24495947979515E+04  0.19841036225477E+05  0.10842791906016E+05 -0.48685370041946E+01  0.19783494922486E+03  0.18831969628193E+03 -0.39377785953273E+02 -0.27969214655723E+02 -0.80728408313656E+02  0.53252958234995E+03 -0.22069320156941E+04 -0.13738964044205E+04 -0.13939669457720E+04  0.10714685540481E+04  0.28289137359368E+04 -0.73501664526012E+03 -0.14613611904414E+04 -0.38067126777885E+03  0.14588677747226E+03  0.27500197159021E+03 -0.19673877039024E+04 -0.10063041750048E+04  0.17515781413285E+04  0.19228619627171E+03 -0.13444174693067E+04 -0.14932270068439E+04
   0.39601735461778E+04 -0.12994506235606E+04  0.19036521558822E+03  0.82057125813705E+03 -0.23403171035296E+03  0.41874961175638E+02  0.11822506825144E+03  0.44033718908939E+03 -0.85806927732955E+02 -0.27263542513521E+02  0.33949106474103E+01  0.12331699030881E+01  0.18840271353462E+00 -0.29317949505231E-01 -0.76781382204855E+01  0.17902188463786E+01 -0.52199638901826E+01 -0.48685370041946E+01  0.95730072955539E+01 -0.13521181159131E+03 -0.14974759335357E+03  0.90619652743345E+02 -0.30690762823313E+02 -0.33052464115131E+02 -0.25163758831378E+03  0.00000000000000E+00 -0.42773093907935E+02  0.00000000000000E+00  0.00000000000000E+00 -0.18472680584424E+04  0.00000000000000E+00  0.00000000000000E+00  0.00000000000000E+00  0.00000000000000E+00 -0.49002157745206E+03  0.00000000000000E+00  0.00000000000000E+00  0.00000000000000E+00  0.37300176645141E+02  0.00000000000000E+00 -0.65923290357544E+02
  -0.63358988953254E+05  0.19111802685938E+05 -0.30250757682269E+04 -0.16152669396690E+05  0.41533985918109E+04 -0.15521819460920E+04 -0.26500619039066E+04 -0.24432207113129E+04 -0.13059244036247E+04  0.55140600104221E+03 -0.43585093690390E+02 -0.10726526376618E+03 -0.20655843703455E+01 -0.16192231131020E+01  0.24689753189291E+03 -0.45568711566124E+02  0.30129198965833E+03  0.19783494922486E+03 -0.13521181159131E+03  0.25390916600720E+04  0.27216804569291E+04 -0.12658351616536E+04  0.38465135867700E+03  0.35862514443257E+03  0.40271249931209E+04  0.00000000000000E+00  0.10506659170629E+04  0.00000000000000E+00  0.00000000000000E+00  0.31976421966301E+05  0.00000000000000E+00  0.00000000000000E+00  0.00000000000000E+00  0.00000000000000E+00  0.72848765235452E+04  0.00000000000000E+00  0.00000000000000E+00  0.00000000000000E+00 -0.10357447045637E+04  0.00000000000000E+00  0.41597374699644E+03
  -0.71257664312662E+05  0.21013830503339E+05 -0.33849331663859E+04 -0.18463493167154E+05  0.46132689564931E+04 -0.19456104257585E+04 -0.30458160978368E+04 -0.82440894008103E+04  0.22905843693842E+03  0.73951416816367E+03 -0.83711328325693E+02 -0.59545304259486E+02  0.33767007165948E+00 -0.13539987465705E+01  0.24541154788610E+03 -0.42908400159348E+02  0.29263260977368E+03  0.18831969628193E+03 -0.14974759335357E+03  0.27216804569291E+04  0.29642385998271E+04 -0.13903054573302E+04  0.39532542334288E+03  0.29106712344871E+03  0.44784790686560E+04  0.00000000000000E+00  0.14456759727147E+04  0.00000000000000E+00  0.00000000000000E+00  0.37387918614747E+05  0.00000000000000E+00  0.00000000000000E+00  0.00000000000000E+00  0.00000000000000E+00  0.79560167329869E+04  0.00000000000000E+00  0.00000000000000E+00  0.00000000000000E+00 -0.12735741103602E+04  0.00000000000000E+00  0.10872794775152E+04
   0.35882924280578E+05 -0.12322511318853E+05  0.17314517341392E+04  0.70034272888354E+04 -0.20589127136986E+04  0.30935613517496E+03  0.98396914304624E+03  0.32298055042394E+04 -0.58266323527156E+03 -0.21315074586442E+03  0.25517264045414E+02  0.72661511950024E+01  0.11323489644875E+01 -0.13440270221123E+00 -0.65426632660182E+02  0.15546358380357E+02 -0.40986083198303E+02 -0.39377785953273E+02  0.90619652743345E+02 -0.12658351616536E+04 -0.13903054573302E+04  0.87548846534419E+03 -0.30384054632307E+03 -0.33513879429471E+03 -0.22731247565989E+04  0.00000000000000E+00 -0.28144686552730E+03  0.00000000000000E+00  0.00000000000000E+00 -0.16258407426897E+05  0.00000000000000E+00  0.00000000000000E+00  0.00000000000000E+00  0.00000000000000E+00 -0.44465301989077E+04  0.00000000000000E+00  0.00000000000000E+00  0.00000000000000E+00  0.26857155753438E+03  0.00000000000000E+00 -0.49715266639548E+03
  -0.18980618451173E+05  0.85799545653600E+04 -0.98285122212786E+03 -0.10226025796096E+04  0.68657234819837E+03  0.50488083123971E+03  0.35686677012288E+02  0.65070423358709E+04 -0.15701513532668E+04 -0.19079786650267E+03  0.47871825977307E+02  0.47583416257004E+02  0.60592913955280E+01 -0.60011771511651E-02 -0.19547047274431E+02 -0.71488643378271E+01 -0.85032920785276E+02 -0.27969214655723E+02 -0.30690762823313E+02  0.38465135867700E+03  0.39532542334288E+03 -0.30384054632307E+03  0.38144936605764E+03  0.68594986190508E+03  0.16030400153122E+04 -0.47434968251042E+02 -0.27141455412956E+02  0.31317277333093E+01  0.93328861513974E+03  0.54180320145330E+03  0.00000000000000E+00  0.00000000000000E+00  0.00000000000000E+00  0.23647551282384E+04  0.29187417913337E+04  0.00000000000000E+00  0.00000000000000E+00  0.00000000000000E+00 -0.27762861603062E+02 -0.34837038056096E+03 -0.36215840541101E+03
  -0.96913947669648E+04  0.95637348908532E+04 -0.72898863881827E+03  0.28295080659324E+04  0.47990912104406E+03  0.21355037255834E+04  0.97019788524084E+03  0.33925468398780E+05 -0.84838879172383E+04 -0.10186612427614E+04  0.24418647011612E+03  0.26611841869367E+03  0.29768038100700E+02  0.13352827650051E-02 -0.13124604800658E+03 -0.17295556000024E+02 -0.28050040822437E+03 -0.80728408313656E+02 -0.33052464115131E+02  0.35862514443257E+03  0.29106712344871E+03 -0.33513879429471E+03  0.68594986190508E+03  0.17684920432025E+04  0.15917583062727E+04 -0.15202836503362E+03 -0.10263036259819E+03 -0.38917849846817E+02 -0.56322111416289E+04 -0.99695155508783E+04  0.00000000000000E+00  0.00000000000000E+00  0.00000000000000E+00  0.34010242867689E+04  0.40888443158405E+04  0.00000000000000E+00  0.00000000000000E+00  0.00000000000000E+00 -0.43029846468175E+02 -0.20007316658846E+04 -0.20657671029477E+04
  -0.22564767520302E+06  0.66687889772997E+05 -0.10758143900121E+05 -0.36901338719639E+05  0.95185008816588E+04 -0.31556648593037E+04 -0.57843521654854E+04 -0.28373715690934E+05  0.45891713095233E+04  0.18037731425413E+04 -0.23388070655651E+03 -0.54031973572340E+02 -0.10784692942326E+02  0.13454841932252E-01  0.78099222642070E+03 -0.16764229098129E+03  0.66531540884344E+03  0.53252958234995E+03 -0.25163758831378E+03  0.40271249931209E+04  0.44784790686560E+04 -0.22731247565989E+04  0.16030400153122E+04  0.15917583062727E+04  0.16571323232529E+05  0.24965168880844E+03  0.13062042847905E+03 -0.61057778410480E+01  0.37923860552471E+05  0.61506438984944E+05  0.00000000000000E+00  0.00000000000000E+00  0.00000000000000E+00  0.16143054561270E+05  0.20290521004218E+05  0.00000000000000E+00  0.00000000000000E+00  0.00000000000000E+00 -0.86110634074156E+02  0.15486474275612E+04  0.15830650874955E+04
  -0.12798924532589E+06  0.16605116339366E+05 -0.54556680524339E+04 -0.12608453675878E+05  0.20361057860576E+04 -0.29953138178228E+04 -0.25859451147026E+04 -0.59719200436335E+05  0.11123450813689E+05  0.26839468095031E+04 -0.48150845768136E+03 -0.10883395762734E+04 -0.15926028338874E+03  0.63363926520321E-01 -0.29600559749385E+04  0.56875292840973E+03 -0.31455779527745E+04 -0.22069320156941E+04  0.00000000000000E+00  0.00000000000000E+00  0.00000000000000E+00  0.00000000000000E+00 -0.47434968251042E+02 -0.15202836503362E+03  0.24965168880844E+03  0.11699358729170E+06  0.00000000000000E+00  0.00000000000000E+00  0.00000000000000E+00  0.00000000000000E+00  0.00000000000000E+00  0.00000000000000E+00  0.00000000000000E+00  0.00000000000000E+00  0.00000000000000E+00  0.00000000000000E+00  0.00000000000000E+00  0.00000000000000E+00  0.00000000000000E+00  0.00000000000000E+00  0.00000000000000E+00
  -0.53970504167663E+05  0.82049688171902E+04 -0.23174856615060E+04 -0.20816809703498E+05  0.34852681579021E+04 -0.46563779182188E+04 -0.41031546221477E+04 -0.47855872307770E+05  0.10530472423468E+05  0.18535452820416E+04 -0.36180484552216E+03  0.75279806335872E-10  0.31438770092448E-11  0.21116344681056E-12 -0.19238162313225E+04  0.35499665463952E+03 -0.20070874063709E+04 -0.13738964044205E+04 -0.42773093907935E+02  0.10506659170629E+04  0.14456759727147E+04 -0.28144686552730E+03 -0.27141455412956E+02 -0.10263036259819E+03  0.13062042847905E+03  0.00000000000000E+00  0.64805647026143E+05  0.00000000000000E+00  0.00000000000000E+00  0.00000000000000E+00  0.00000000000000E+00  0.00000000000000E+00  0.00000000000000E+00  0.00000000000000E+00  0.00000000000000E+00  0.00000000000000E+00  0.00000000000000E+00  0.00000000000000E+00  0.00000000000000E+00  0.00000000000000E+00  0.00000000000000E+00
  -0.45480369755661E+04 -0.23677174389793E+03  0.47165143931913E+02 -0.86694616226894E+02 -0.58236741191336E+02  0.15771455085099E+03  0.13851655423465E+03 -0.67223175865842E+05  0.24092424622929E+05  0.72377837649858E+03 -0.34230205131026E+03 -0.70799130984694E+03 -0.27340834052043E+02 -0.53674773435538E+01 -0.25079378051291E+04  0.29626370305718E+03 -0.27824229441099E+04 -0.13939669457720E+04  0.00000000000000E+00  0.00000000000000E+00  0.00000000000000E+00  0.00000000000000E+00  0.31317277333093E+01 -0.38917849846817E+02 -0.61057778410480E+01  0.00000000000000E+00  0.00000000000000E+00  0.30816310283551E+05  0.00000000000000E+00  0.00000000000000E+00  0.00000000000000E+00  0.00000000000000E+00  0.00000000000000E+00  0.00000000000000E+00  0.00000000000000E+00  0.00000000000000E+00  0.00000000000000E+00  0.00000000000000E+00  0.00000000000000E+00  0.00000000000000E+00  0.00000000000000E+00
  -0.84616779833065E+06  0.21001561250375E+06 -0.38338831396799E+05 -0.62155437916364E+05  0.12705605379720E+05 -0.10768245783563E+05 -0.11086292596069E+05 -0.28025075107932E+06  0.65044357746784E+05  0.10770941713695E+05 -0.20720586613544E+04 -0.48604350050070E+04 -0.56667726616033E+03 -0.59016081809958E+00  0.18909871155713E+04 -0.13563416605333E+03  0.23638041090870E+04  0.10714685540481E+04  0.00000000000000E+00  0.00000000000000E+00  0.00000000000000E+00  0.00000000000000E+00  0.93328861513974E+03 -0.56322111416289E+04  0.37923860552471E+05  0.00000000000000E+00  0.00000000000000E+00  0.00000000000000E+00  0.58096104677965E+06  0.00000000000000E+00  0.00000000000000E+00  0.00000000000000E+00  0.00000000000000E+00  0.00000000000000E+00  0.00000000000000E+00  0.00000000000000E+00  0.00000000000000E+00  0.00000000000000E+00  0.00000000000000E+00  0.00000000000000E+00  0.00000000000000E+00
  -0.10865248073703E+07  0.26252171419679E+06 -0.49483127661086E+05 -0.32452609045112E+06  0.67356264917793E+05 -0.53020823719701E+05 -0.57851379196218E+05 -0.55319131297642E+06  0.12414951459202E+06  0.22489493837965E+05 -0.41442961647833E+04 -0.21631026126018E-09  0.33581351354819E-10 -0.13416704361150E-11  0.42983139837631E+04 -0.48276736517028E+03  0.52230069306259E+04  0.28289137359368E+04 -0.18472680584424E+04  0.31976421966301E+05  0.37387918614747E+05 -0.16258407426897E+05  0.54180320145330E+03 -0.99695155508783E+04  0.61506438984944E+05  0.00000000000000E+00  0.00000000000000E+00  0.00000000000000E+00  0.00000000000000E+00  0.92029084412624E+06  0.00000000000000E+00  0.00000000000000E+00  0.00000000000000E+00  0.00000000000000E+00  0.00000000000000E+00  0.00000000000000E+00  0.00000000000000E+00  0.00000000000000E+00  0.00000000000000E+00  0.00000000000000E+00  0.00000000000000E+00
  -0.20838491238164E+05  0.58399032997300E+04 -0.98895728737785E+03 -0.12540107521978E+04  0.35437152524636E+03 -0.55025240418716E+02 -0.19566332489439E+03 -0.73259101449291E+05  0.23227566214672E+05  0.15232214171770E+04 -0.44730632164877E+03 -0.23690694526589E+04 -0.14703629465377E+03 -0.28130736733341E+01 -0.15752654704331E+04  0.17092804424214E+03 -0.14438652475146E+04 -0.73501664526012E+03  0.00000000000000E+00  0.00000000000000E+00  0.00000000000000E+00  0.00000000000000E+00  0.00000000000000E+00  0.00000000000000E+00  0.00000000000000E+00  0.00000000000000E+00  0.00000000000000E+00  0.00000000000000E+00  0.00000000000000E+00  0.00000000000000E+00  0.14960152748206E+05  0.00000000000000E+00  0.00000000000000E+00  0.00000000000000E+00  0.00000000000000E+00  0.00000000000000E+00  0.00000000000000E+00  0.00000000000000E+00  0.00000000000000E+00  0.00000000000000E+00  0.00000000000000E+00
  -0.47215763770480E+05  0.13401517661198E+05 -0.22513477564196E+04 -0.22761367509694E+04  0.62348933862286E+03 -0.13025256122412E+03 -0.34548381160050E+03 -0.16485885845085E+06  0.52355293813445E+05  0.33635672398636E+04 -0.10069691280779E+04 -0.68706102377749E+02 -0.17976365801113E+02 -0.85591717121655E-05 -0.31128750413473E+04  0.33612182270726E+03 -0.28700975907230E+04 -0.14613611904414E+04  0.00000000000000E+00  0.00000000000000E+00  0.00000000000000E+00  0.00000000000000E+00  0.00000000000000E+00  0.00000000000000E+00  0.00000000000000E+00  0.00000000000000E+00  0.00000000000000E+00  0.00000000000000E+00  0.00000000000000E+00  0.00000000000000E+00  0.00000000000000E+00  0.32756230345528E+05  0.00000000000000E+00  0.00000000000000E+00  0.00000000000000E+00  0.00000000000000E+00  0.00000000000000E+00  0.00000000000000E+00  0.00000000000000E+00  0.00000000000000E+00  0.00000000000000E+00
  -0.30853040656810E+04  0.41843662468499E+03 -0.11620791162203E+03 -0.66582081267387E+02  0.89108462239649E+01 -0.19001993217539E+02 -0.13104622847921E+02 -0.13052283820924E+04  0.16909422797412E+03  0.42090694345909E+02 -0.11020891650069E+02 -0.76889041441057E+02 -0.61550407108596E+01 -0.12041572570192E+00 -0.73775467272844E+03  0.85062680930858E+02 -0.68904868264292E+03 -0.38067126777885E+03  0.00000000000000E+00  0.00000000000000E+00  0.00000000000000E+00  0.00000000000000E+00  0.00000000000000E+00  0.00000000000000E+00  0.00000000000000E+00  0.00000000000000E+00  0.00000000000000E+00  0.00000000000000E+00  0.00000000000000E+00  0.00000000000000E+00  0.00000000000000E+00  0.00000000000000E+00  0.37781791362477E+04  0.00000000000000E+00  0.00000000000000E+00  0.00000000000000E+00  0.00000000000000E+00  0.00000000000000E+00  0.00000000000000E+00  0.00000000000000E+00  0.00000000000000E+00
  -0.19950631935536E+06  0.63482129049969E+05 -0.96877742050712E+04 -0.10473569783937E+05  0.32298608726697E+04 -0.20420070725458E+03 -0.13661106994898E+04 -0.56626166055626E+04  0.64661934318516E+03  0.55673601176703E+03 -0.48861302196094E+02 -0.18359174368470E+00 -0.13216800704393E+00  0.71921974411909E-13  0.33513044141238E+03 -0.91325814323946E+02  0.98303916409980E+02  0.14588677747226E+03  0.00000000000000E+00  0.00000000000000E+00  0.00000000000000E+00  0.00000000000000E+00  0.23647551282384E+04  0.34010242867689E+04  0.16143054561270E+05  0.00000000000000E+00  0.00000000000000E+00  0.00000000000000E+00  0.00000000000000E+00  0.00000000000000E+00  0.00000000000000E+00  0.00000000000000E+00  0.00000000000000E+00  0.10563972426033E+06  0.00000000000000E+00  0.00000000000000E+00  0.00000000000000E+00  0.00000000000000E+00  0.00000000000000E+00  0.00000000000000E+00  0.00000000000000E+00
  -0.22270724931123E+06  0.70416619145967E+05 -0.10800163525408E+05 -0.47405978604357E+05  0.14403203047024E+05 -0.11384564727062E+04 -0.62897531501200E+04 -0.11323417161412E+05  0.13232314569180E+04  0.10749319019130E+04 -0.97582640129789E+02  0.84553269817242E-11  0.55651593200215E-11 -0.36514425450593E-13  0.60670746642982E+03 -0.16325480860978E+03  0.19821267782708E+03  0.27500197159021E+03 -0.49002157745206E+03  0.72848765235452E+04  0.79560167329869E+04 -0.44465301989077E+04  0.29187417913337E+04  0.40888443158405E+04  0.20290521004218E+05  0.00000000000000E+00  0.00000000000000E+00  0.00000000000000E+00  0.00000000000000E+00  0.00000000000000E+00  0.00000000000000E+00  0.00000000000000E+00  0.00000000000000E+00  0.00000000000000E+00  0.13854233705646E+06  0.00000000000000E+00  0.00000000000000E+00  0.00000000000000E+00  0.00000000000000E+00  0.00000000000000E+00  0.00000000000000E+00
  -0.86561098447404E+04  0.23275308413664E+04 -0.40349783966107E+03 -0.22354583597065E+04  0.49316691887812E+03 -0.33514119510542E+03 -0.39822255671760E+03  0.54863260786117E+03 -0.13480001517589E+04  0.12087430007358E+03 -0.12500942603225E+02 -0.17078133868799E+01 -0.17838220836888E+00 -0.14706220746911E-02 -0.30573758166133E+04  0.49216600834053E+03 -0.30277729893103E+04 -0.19673877039024E+04  0.00000000000000E+00  0.00000000000000E+00  0.00000000000000E+00  0.00000000000000E+00  0.00000000000000E+00  0.00000000000000E+00  0.00000000000000E+00  0.00000000000000E+00  0.00000000000000E+00  0.00000000000000E+00  0.00000000000000E+00  0.00000000000000E+00  0.00000000000000E+00  0.00000000000000E+00  0.00000000000000E+00  0.00000000000000E+00  0.00000000000000E+00  0.81775531323377E+04  0.00000000000000E+00  0.00000000000000E+00  0.00000000000000E+00  0.00000000000000E+00  0.00000000000000E+00
  -0.30637924329184E+04  0.73915790997311E+03 -0.14050819811196E+03 -0.88555071977692E+03  0.18096910694707E+03 -0.15601012470762E+03 -0.16398372600386E+03  0.37370852264093E+03 -0.73168953479516E+03  0.54094409966519E+02 -0.59921189454707E+01 -0.73271613561175E+00 -0.69343137467837E-01 -0.80793916391955E-03 -0.15961660827168E+04  0.23830052118951E+03 -0.16175991573175E+04 -0.10063041750048E+04  0.00000000000000E+00  0.00000000000000E+00  0.00000000000000E+00  0.00000000000000E+00  0.00000000000000E+00  0.00000000000000E+00  0.00000000000000E+00  0.00000000000000E+00  0.00000000000000E+00  0.00000000000000E+00  0.00000000000000E+00  0.00000000000000E+00  0.00000000000000E+00  0.00000000000000E+00  0.00000000000000E+00  0.00000000000000E+00  0.00000000000000E+00  0.00000000000000E+00  0.41923881583177E+04  0.00000000000000E+00  0.00000000000000E+00  0.00000000000000E+00  0.00000000000000E+00
  -0.16176281040314E+05 -0.22538554888147E+04  0.14613628397478E+02 -0.10154860035886E+05  0.34542348599017E+03 -0.30860174017008E+04 -0.13034593065585E+04 -0.26346061452573E+06  0.11144016928029E+06  0.30733296139513E+04 -0.11621191768774E+04  0.26708519644468E+03  0.26989884834309E+02 -0.16618909646314E+01 -0.21721662350352E+04 -0.36778990226516E+03  0.16987733775671E+04  0.17515781413285E+04  0.00000000000000E+00  0.00000000000000E+00  0.00000000000000E+00  0.00000000000000E+00  0.00000000000000E+00  0.00000000000000E+00  0.00000000000000E+00  0.00000000000000E+00  0.00000000000000E+00  0.00000000000000E+00  0.00000000000000E+00  0.00000000000000E+00  0.00000000000000E+00  0.00000000000000E+00  0.00000000000000E+00  0.00000000000000E+00  0.00000000000000E+00  0.00000000000000E+00  0.00000000000000E+00  0.12568694935614E+06  0.00000000000000E+00  0.00000000000000E+00  0.00000000000000E+00
   0.17004968082068E+05 -0.22957455321811E+04  0.72964562264251E+03 -0.16023920918105E+05  0.26216502504625E+04 -0.37665063058156E+04 -0.33941217924743E+04 -0.86783866037725E+04  0.15903597994342E+04  0.44087060264620E+03 -0.69752413339485E+02  0.30077665598179E+03  0.67092275599324E+02  0.21547172092008E-04  0.20419361767004E+03 -0.36726925111522E+02  0.28060456308097E+03  0.19228619627171E+03  0.37300176645141E+02 -0.10357447045637E+04 -0.12735741103602E+04  0.26857155753438E+03 -0.27762861603062E+02 -0.43029846468175E+02 -0.86110634074156E+02  0.00000000000000E+00  0.00000000000000E+00  0.00000000000000E+00  0.00000000000000E+00  0.00000000000000E+00  0.00000000000000E+00  0.00000000000000E+00  0.00000000000000E+00  0.00000000000000E+00  0.00000000000000E+00  0.00000000000000E+00  0.00000000000000E+00  0.00000000000000E+00  0.40225064084318E+05  0.00000000000000E+00  0.00000000000000E+00
