# fitpack15: fit parameters                                                                         
# CJ15 AV18 final data choices                                                                      
# Created on 07/13/2019 at 05:12:37                                                                 

 # QCD setup
  INS                           0
  NVL                          11
  IORD                          1
  Q02                   1.6899999999999999     
  IPARAMC                       7
  FLAVOR                4.0000000000000000     
  xmc                   1.3000000000000000     
  xmb                   4.5000000000000000     
  ncb                          12
  ihq                           1
  ias                           0

 # Theory corrections
  inuke                     10114
  itmc                          1
  iht                           1

 # fit parameters
 LAMBDA       0.22680        0.0000    
 a0uv          2.3583        0.0000    
 a1uv         0.61026       0.20370E-01
 a2uv          3.5472       0.12283E-01
 a3uv          0.0000        0.0000    
 a4uv          3.5532       0.44812    
 a5uv          0.0000        0.0000    
 a0dv          24.904        0.0000    
 a1dv          1.1593       0.33146E-01
 a2dv          6.6165       0.16667    
 a3dv         -3.5152       0.88423E-01
 a4dv          4.7073       0.15427    
 a5dv          0.0000        0.0000    
 a0ud         0.14578       0.50606E-02
 a1ud        -0.20825       0.37844E-02
 a2ud          8.3222       0.18976    
 a3ud          0.0000        0.0000    
 a4ud          14.490        1.2479    
 a5ud          0.0000        0.0000    
 a0du          35712.        0.0000    
 a1du          4.0618       0.88100E-01
 a2du          20.234       0.94625    
 a3du          17.000        0.0000    
 a4du          59.846        15.050    
 a0g           46.313        0.0000    
 a1g          0.60481       0.30270E-01
 a2g           6.2498       0.90795    
 a3g          -3.3664       0.12722    
 a4g           3.2450       0.29251    
 a5g           0.0000        0.0000    
 kappa        0.40000        0.0000    
 a6dv        -0.41389E-02   0.77794E-03
 a7dv          2.0000        0.0000    
 off1          8.2851        5.2739    
 off2         0.20480       0.39590    
 off3         0.15685       0.37412    
 off4         0.77609       0.11280    
 ht1          -3.2849       0.27327    
 ht2           1.9227       0.11284    
 ht3          -2.0996       0.29046E-01
 ht4           0.0000        0.0000    
 dummy42       0.0000        0.0000    
 dummy43       0.0000        0.0000    
 dummy44       0.0000        0.0000    
 dummy45       0.0000        0.0000    
 dummy46       0.0000        0.0000    
 dummy47       0.0000        0.0000    
 dummy48       0.0000        0.0000    
 dummy49       0.0000        0.0000    
 bcdmsh2      0.97156       0.48614E-02
 bcdmsd2      0.99377       0.58578E-02
 ccfr          1.0000        0.0000    
 nutev         1.0000        0.0000    
 zeus         0.97998        0.0000    
 h1            1.0162        0.0000    
 e605          1.0319        0.0000    
 NmcH2         1.0090       0.71416E-02
 ntv_nu        1.0000        0.0000    
 ntv_nuba      1.0000        0.0000    
 cdf_jet      0.98910        0.0000    
 d0_jet       0.83504        0.0000    
 slac_p        1.0037       0.48583E-02
 slac_d        1.0050       0.53349E-02
 e866pp       0.96705       0.19176E-01
 e866pd       0.95602       0.17669E-01
 d0_gamje      1.0396       0.16513E-01
 h1b          0.97608        0.0000    
 jlab_p       0.99508       0.58350E-02
 jlab_d       0.97805       0.60059E-02
 blank         1.0000        0.0000    
 d0run2       0.94743       0.14830E-01
 cdfrun2      0.93197       0.17550E-01
 HERA_el       1.0000        0.0000    
 HERA_ps       1.0000        0.0000    
 CDF_Z        0.96181       0.67127E-02
 NmcRat        1.0000        0.0000    
 BNS_F2nd     0.97668       0.73637E-02
 HERMES_F     0.99710       0.56156E-02
 HERMES_F     0.98065       0.58612E-02
 END 0. 0.

 # Hessian matrix (Bevington alpha)
   0.49386413382782E+07 -0.12998227686181E+07  0.23193057390274E+06  0.48196938099644E+06 -0.12289060829507E+06 -0.28493704759361E+05  0.51706587800275E+05  0.90533716008631E+06 -0.17147030730725E+06 -0.48353454473301E+05  0.74067202051310E+04  0.14777492363614E+05  0.16615423666045E+04 -0.94770849983170E+02  0.82140323507642E+04 -0.21040786238569E+04  0.11834700978063E+05  0.84866489267075E+04 -0.75621596178907E+07  0.12711043236578E+04 -0.41442643953583E+05 -0.32658215290302E+05  0.46612814970139E+05 -0.19464626591232E+05 -0.89518857587393E+04 -0.22649341905667E+06 -0.12751492233186E+06 -0.54024606323834E+05 -0.44483787403717E+04 -0.84323934095960E+06 -0.10907738887228E+07 -0.20691633201262E+05 -0.46860278224130E+05 -0.30853995154743E+04 -0.19935221844209E+06 -0.22517340849643E+06 -0.89602329142038E+04 -0.31771314700221E+04 -0.15631311750986E+05  0.16600178946678E+05 -0.71038234547468E+05 -0.56006790136077E+05
  -0.12998227686181E+07  0.41641556307596E+06 -0.63053141029120E+05 -0.13632216896596E+06  0.34113058774591E+05  0.10262921108108E+05 -0.11294741635468E+05 -0.12198565069860E+06  0.26224271579284E+05  0.74864338189357E+04 -0.94249129710741E+03 -0.11886466810509E+04 -0.13791661619810E+03  0.11481965912319E+02  0.75222361110770E+03 -0.69557301030813E+02  0.24999357510886E+03  0.15440156889551E+03  0.25904207441054E+07 -0.39393278351878E+03  0.11516603349568E+05  0.95911739856204E+04 -0.16344013703854E+05  0.89005966411069E+04  0.95737920080069E+04  0.66926794116163E+05  0.16584314075242E+05  0.82466406998670E+04 -0.23874352152706E+03  0.21001760934229E+06  0.26521499747108E+06  0.58158516721135E+04  0.13328641522465E+05  0.41998699774553E+03  0.63588302238967E+05  0.71462666541506E+05  0.24308524846284E+04  0.77287564486733E+03 -0.23282648931750E+04 -0.22656594640213E+04  0.85664884364593E+04  0.72382704594315E+04
   0.23193057390274E+06 -0.63053141029120E+05  0.11009455913044E+05  0.22881254393974E+05 -0.59182521660616E+04 -0.15778809316626E+04  0.23717241750908E+04  0.31189910980442E+05 -0.57414063159637E+04 -0.19679506206653E+04  0.25952162146953E+03  0.45804203707926E+03  0.59455923408498E+02 -0.41596859766613E+01 -0.37630597379171E+03 -0.39500456351840E+01 -0.19630851391040E+03 -0.24868125096042E+02 -0.37075306442062E+06  0.61459536411267E+02 -0.19817199415085E+04 -0.15838509797821E+04  0.22762771685076E+04 -0.10226072579686E+04 -0.71630523421486E+03 -0.10903152091437E+05 -0.54827576011593E+04 -0.23416675690353E+04  0.49186872908678E+02 -0.38583856467770E+05 -0.50189813023096E+05 -0.99161379048811E+03 -0.22561438902532E+04 -0.11724233892216E+03 -0.97799347798450E+04 -0.11034213569207E+05 -0.42173414688180E+03 -0.14707488093356E+03  0.31322414205829E+02  0.71855624840609E+03 -0.25435085086677E+04 -0.20659410111940E+04
   0.48196938099644E+06 -0.13632216896596E+06  0.22881254393974E+05  0.39686744250561E+06 -0.61392465658158E+05  0.74385660280347E+05  0.63717953900104E+05  0.34759767145499E+06 -0.26296199768682E+05 -0.18179945798705E+05  0.33642609864466E+04 -0.13807503722251E+04 -0.15316491610423E+03  0.48576467164080E+02  0.31576500412010E+05 -0.39456492266163E+04  0.30108988323736E+05  0.16900494761698E+05 -0.22464406316857E+07  0.29902425002329E+03 -0.12593373672112E+05 -0.97744098726226E+04  0.99645973760198E+04 -0.14667789887999E+04  0.25261943048621E+04 -0.40126478112016E+05 -0.12728357817291E+05 -0.21062805861604E+05 -0.69398207602357E+02 -0.65920298419192E+05 -0.34024585236986E+06 -0.13714686094343E+04 -0.25008394196440E+04 -0.71569014518148E+02 -0.11730953480233E+05 -0.52362621397813E+05 -0.24548460891167E+04 -0.95904942489371E+03 -0.96693850439872E+04 -0.15969814785234E+05 -0.72033150430262E+04 -0.21290381994655E+05
  -0.12289060829507E+06  0.34113058774591E+05 -0.59182521660616E+04 -0.61392465658158E+05  0.11216264510532E+05 -0.75397762060479E+04 -0.90842809860872E+04 -0.32287535639124E+05  0.47601129548043E+03  0.23559813593357E+04 -0.33968080099344E+03 -0.25039055213328E+02  0.51691010030646E+01 -0.42715235084835E+01 -0.26629419174199E+04  0.34026025937810E+03 -0.24654498250160E+04 -0.14057169323492E+04  0.47749515397907E+06 -0.67222051438251E+02  0.25729367907442E+04  0.21122308468769E+04 -0.22418072956179E+04  0.56781277718745E+03  0.29508016414247E+03  0.85535033724919E+04  0.19736224632537E+04  0.33256883500031E+04 -0.56137816088195E+02  0.11674609705844E+05  0.61708044873176E+05  0.32020270902330E+03  0.56280921302760E+03  0.91056108988690E+01  0.28639485958157E+04  0.12651517076353E+05  0.45958348852395E+03  0.17133565955474E+03  0.36473928331437E+03  0.25123716831523E+04  0.80759574321172E+03  0.24905832586480E+04
  -0.28493704759361E+05  0.10262921108108E+05 -0.15778809316626E+04  0.74385660280347E+05 -0.75397762060479E+04  0.24203100233632E+05  0.14524498621185E+05  0.10470246057818E+06 -0.96403349298804E+04 -0.45089069370345E+04  0.99445865054344E+03 -0.69927592046752E+03 -0.67310769520524E+02  0.16349497727486E+02  0.95871556518164E+04 -0.12274041795551E+04  0.93154974004691E+04  0.52981618487549E+04 -0.49978018840456E+05 -0.31776395140853E+01 -0.89429269576287E+03 -0.45487098111422E+03 -0.29579899701802E+03  0.73976507038391E+03  0.24240551694079E+04 -0.14176102206479E+04 -0.27614107453396E+04 -0.41995190716507E+04  0.15088064239028E+03 -0.85026822854760E+04 -0.41360183003341E+05  0.95963975589440E+01 -0.15918749689038E+02 -0.18824933858730E+02  0.42244329924352E+03  0.16386324135729E+04 -0.24848457171260E+03 -0.12834560034741E+03 -0.30846650654349E+04 -0.33722831970837E+04 -0.18381997656462E+04 -0.52637305543727E+04
   0.51706587800275E+05 -0.11294741635468E+05  0.23717241750908E+04  0.63717953900104E+05 -0.90842809860872E+04  0.14524498621185E+05  0.11300924488795E+05  0.58082881083709E+05 -0.31511759409801E+04 -0.32263476638219E+04  0.58197004940335E+03 -0.22228663306266E+03 -0.27051680935804E+02  0.85432282764411E+01  0.49570525281249E+04 -0.64645839532099E+03  0.46747500774428E+04  0.26973768395792E+04 -0.24045468107530E+06  0.29505939430944E+02 -0.17349091405718E+04 -0.13060748442556E+04  0.83685754556393E+03  0.16745825115134E+03  0.11491713681477E+04 -0.47680211278514E+04 -0.24574505944080E+04 -0.38407737942285E+04  0.13544610340025E+03 -0.98270120654717E+04 -0.51074868099668E+05 -0.15734734534500E+03 -0.27853479328700E+03 -0.13205190405496E+02 -0.99645635950656E+03 -0.45905075949897E+04 -0.35369397407154E+03 -0.15020754299554E+03 -0.13087664093981E+04 -0.31692334893166E+04 -0.11373187372745E+04 -0.33798269306899E+04
   0.90533716008631E+06 -0.12198565069860E+06  0.31189910980442E+05  0.34759767145499E+06 -0.32287535639124E+05  0.10470246057818E+06  0.58082881083709E+05  0.49912424214487E+07 -0.23135426410514E+07 -0.84827970737442E+05  0.25910389895556E+05  0.25678802543206E+05  0.17137343999758E+04  0.75653320530625E+02  0.83962792716533E+05 -0.10893853462412E+05  0.92454193482869E+05  0.49789813547552E+05 -0.58558901002299E+06  0.20757857673621E+03 -0.28688753431095E+04  0.53957480176055E+04  0.42625616851062E+04  0.72441811787937E+04  0.36507046011001E+05 -0.29290597467869E+05 -0.60559383165954E+05 -0.48326051949579E+05 -0.67368928344171E+05 -0.28202213329135E+06 -0.55608567007801E+06 -0.72914441334169E+05 -0.16408149748347E+06 -0.13444083661866E+04 -0.57670278888767E+04 -0.11358775757623E+05  0.30768825723515E+03  0.26563390783111E+03 -0.26297769740041E+06 -0.86063904234061E+04 -0.13766042640038E+06 -0.16985262847447E+06
  -0.17147030730725E+06  0.26224271579284E+05 -0.57414063159637E+04 -0.26296199768682E+05  0.47601129548043E+03 -0.96403349298804E+04 -0.31511759409801E+04 -0.23135426410514E+07  0.19233430536667E+07  0.18823651973259E+05 -0.64993205848323E+04 -0.54962131600357E+04 -0.29959784806905E+03 -0.96205110444561E+01  0.50338516773495E+05 -0.24697363116967E+04  0.18391240562217E+05  0.90804926992068E+04 -0.23925383377960E+05 -0.52689266248738E+02 -0.88748865009288E+03 -0.31350016666420E+04 -0.88314701141632E+03 -0.17607935917196E+04 -0.92155624843520E+04  0.47467945106959E+04  0.11352915913637E+05  0.10672935367379E+05  0.24217588129162E+05  0.65470167771839E+05  0.12485695982949E+06  0.23159340601924E+05  0.52170358637249E+05  0.18298039471390E+03  0.64357107264088E+03  0.12984627841027E+04 -0.12692430690802E+04 -0.69861595277296E+03  0.11151074100158E+06  0.15762291425754E+04  0.44241627715736E+05  0.54043417046049E+05
  -0.48353454473301E+05  0.74864338189357E+04 -0.19679506206653E+04 -0.18179945798705E+05  0.23559813593357E+04 -0.45089069370345E+04 -0.32263476638219E+04 -0.84827970737442E+05  0.18823651973259E+05  0.26121499184112E+04 -0.63671727096368E+03 -0.65760939883219E+03 -0.57686986465819E+02 -0.14237409176121E+01 -0.40521208055378E+04  0.50609061304466E+03 -0.39105632434011E+04 -0.22077037103778E+04  0.57523453737749E+05 -0.10121201482396E+02  0.46888981969317E+03  0.21497490260570E+03 -0.25928699354230E+03 -0.21257346522757E+03 -0.10881849532039E+04  0.18606599337510E+04  0.27249680361176E+04  0.18765306489461E+04  0.72765532133825E+03  0.10907087871671E+05  0.22721367769947E+05  0.15244542009399E+04  0.33695733076341E+04  0.43090267011641E+02  0.57327531151854E+03  0.10910345298554E+04  0.12785593536496E+03  0.57358102122256E+02  0.30786707761268E+04  0.43902893924576E+03  0.27827170825667E+04  0.35212139716135E+04
   0.74067202051310E+04 -0.94249129710741E+03  0.25952162146953E+03  0.33642609864466E+04 -0.33968080099344E+03  0.99445865054344E+03  0.58197004940335E+03  0.25910389895556E+05 -0.64993205848323E+04 -0.63671727096368E+03  0.18084887058498E+03  0.19575916929185E+03  0.14190602430731E+02  0.54614700452808E+00  0.12871477045891E+04 -0.14570628639208E+03  0.11926643229820E+04  0.64823187924164E+03 -0.65948203641973E+04  0.14313127697371E+01 -0.42533167363766E+02  0.13865613207602E+02  0.32057187208888E+02  0.53116452140487E+02  0.26161372278817E+03 -0.24128275934954E+03 -0.48719128650409E+03 -0.36490341745984E+03 -0.34302448376462E+03 -0.20854134539788E+04 -0.41659218236770E+04 -0.44528344870907E+03 -0.10028982645938E+04 -0.11244191981698E+02 -0.49906217672290E+02 -0.98160028596627E+02 -0.13902144727536E+02 -0.66473471226288E+01 -0.11600959837704E+04 -0.69170962947310E+02 -0.83867948943248E+03 -0.10430742986127E+04
   0.14777492363614E+05 -0.11886466810509E+04  0.45804203707926E+03 -0.13807503722251E+04 -0.25039055213328E+02 -0.69927592046752E+03 -0.22228663306266E+03  0.25678802543206E+05 -0.54962131600357E+04 -0.65760939883219E+03  0.19575916929185E+03  0.16064152527808E+04  0.10529642685440E+03 -0.13111394939242E+01  0.14167206194708E+04 -0.20029688569692E+03  0.16774733437569E+04  0.95715698324884E+03 -0.62219468065939E+04  0.24455132172223E+00 -0.75007773396814E+02 -0.14757010811339E+03  0.34760918849770E+01  0.53875903468086E+02  0.29096862950717E+03 -0.58626157470078E+02 -0.11087592218396E+04 -0.10159344331068E-09 -0.71150958908247E+03 -0.49217749380641E+04 -0.56716534924562E-09 -0.23503342528426E+04 -0.70563481318929E+02 -0.77968730399057E+02 -0.19820810262426E+00 -0.33343049081958E-10 -0.17086202838646E+01 -0.73905216006964E+00  0.26252008900058E+03  0.30462485091120E+03 -0.26884942581886E+04 -0.42363747966462E-10
   0.16615423666045E+04 -0.13791661619810E+03  0.59455923408498E+02 -0.15316491610423E+03  0.51691010030646E+01 -0.67310769520524E+02 -0.27051680935804E+02  0.17137343999758E+04 -0.29959784806905E+03 -0.57686986465819E+02  0.14190602430731E+02  0.10529642685440E+03  0.94368885123095E+01 -0.15515621533912E+00  0.78385731660527E+02 -0.13388256480182E+02  0.10124353077316E+03  0.62606839726883E+02 -0.29080735639296E+03  0.10869163153156E+00 -0.25306141308866E+00 -0.38531289978627E+01  0.15207726389428E+01  0.67938769667464E+01  0.32202193372279E+02 -0.11611182163037E+02 -0.16296182016155E+03 -0.80843607267052E-11 -0.27538866943912E+02 -0.57686923984899E+03 -0.74366750473071E-10 -0.14653203792967E+03 -0.18522811803926E+02 -0.62682520103418E+01 -0.14277742594252E+00  0.66738999441715E-12 -0.17956574330169E+00 -0.70343207740359E-01  0.26839822394693E+02  0.68118793905955E+02 -0.19276452923150E+03 -0.12869697939331E-10
  -0.94770849983170E+02  0.11481965912319E+02 -0.41596859766613E+01  0.48576467164080E+02 -0.42715235084835E+01  0.16349497727486E+02  0.85432282764411E+01  0.75653320530625E+02 -0.96205110444561E+01 -0.14237409176121E+01  0.54614700452808E+00 -0.13111394939242E+01 -0.15515621533912E+00  0.35260897158436E-01  0.11688075557165E+02 -0.89295078044878E+00  0.77580280602576E+01  0.36602213169700E+01 -0.68508135229282E+02 -0.26029755690477E-01 -0.12736693559491E+01 -0.16361622500206E+01 -0.26855981068635E+00 -0.65705201652767E-02 -0.40528338624526E-02  0.13148815796093E-01  0.52825572572342E-01  0.18107673180208E-12 -0.44768038003888E+01 -0.38515911024788E+00 -0.38320599579627E-11 -0.20766271220175E+01 -0.29543612792477E-05 -0.98002929433468E-01  0.77824072066849E-13 -0.14875667967842E-12 -0.11694399977806E-02 -0.64942904799277E-03 -0.15429916454229E+01  0.58516011652377E-05 -0.19450233307248E+01 -0.50389071202840E-12
   0.82140323507642E+04  0.75222361110770E+03 -0.37630597379171E+03  0.31576500412010E+05 -0.26629419174199E+04  0.95871556518164E+04  0.49570525281249E+04  0.83962792716533E+05  0.50338516773495E+05 -0.40521208055378E+04  0.12871477045891E+04  0.14167206194708E+04  0.78385731660527E+02  0.11688075557165E+02  0.50252353615479E+05 -0.47650392511175E+04  0.39326536212267E+05  0.20568988192451E+05 -0.56202095675598E+05 -0.17747201618448E+01  0.18110261150809E+03  0.18998334954107E+03 -0.65598153199277E+02 -0.28230913536833E+02 -0.15047043229866E+03  0.73103497458820E+03 -0.28089446542069E+04 -0.18287604414888E+04 -0.24750834077263E+04  0.19116766851320E+04  0.42115283577630E+04 -0.15389058888245E+04 -0.30486965349583E+04 -0.72893933610188E+03  0.30014787232672E+03  0.53281635083552E+03 -0.29502645356282E+04 -0.15560058660573E+04 -0.22945308007286E+04  0.19175452513074E+03 -0.90981299870110E+03 -0.10237758292108E+04
  -0.21040786238569E+04 -0.69557301030813E+02 -0.39500456351840E+01 -0.39456492266163E+04  0.34026025937810E+03 -0.12274041795551E+04 -0.64645839532099E+03 -0.10893853462412E+05 -0.24697363116967E+04  0.50609061304466E+03 -0.14570628639208E+03 -0.20029688569692E+03 -0.13388256480182E+02 -0.89295078044878E+00 -0.47650392511175E+04  0.52800136070755E+03 -0.42783715064045E+04 -0.23258157386522E+04  0.67808951677801E+04  0.46310538290238E+00 -0.30106330860867E+02 -0.35132155494856E+02  0.16384974180453E+02 -0.56329340183510E+01 -0.14193148489533E+02 -0.15383577860503E+03  0.53139639605966E+03  0.33148804556542E+03  0.28898746198175E+03 -0.14373032586353E+03 -0.46934269630689E+03  0.16360185330792E+03  0.32287801790419E+03  0.82278697492491E+02 -0.81158137315503E+02 -0.14218999819116E+03  0.46467596519760E+03  0.22730946852338E+03 -0.33632553994386E+03 -0.34384994520477E+02  0.25965011657018E+03  0.29096367195787E+03
   0.11834700978063E+05  0.24999357510886E+03 -0.19630851391040E+03  0.30108988323736E+05 -0.24654498250160E+04  0.93154974004691E+04  0.46747500774428E+04  0.92454193482869E+05  0.18391240562217E+05 -0.39105632434011E+04  0.11926643229820E+04  0.16774733437569E+04  0.10124353077316E+03  0.77580280602576E+01  0.39326536212267E+05 -0.42783715064045E+04  0.35359179714088E+05  0.19022341745454E+05 -0.53782765798882E+05 -0.82524532042077E+00  0.24060666789960E+03  0.26181273115971E+03 -0.34410083151052E+02 -0.86511209275162E+02 -0.26863392951206E+03  0.65694746612966E+03 -0.30550740008590E+04 -0.19469340803409E+04 -0.27038585415732E+04  0.22869432117104E+04  0.50171635567279E+04 -0.13921180784861E+04 -0.27741598267085E+04 -0.67378150872647E+03  0.10014076053200E+03  0.19598759884909E+03 -0.29556037158908E+04 -0.15843917059021E+04  0.16633494929550E+04  0.26535752878482E+03 -0.19012839603865E+04 -0.21083719402527E+04
   0.84866489267075E+04  0.15440156889551E+03 -0.24868125096042E+02  0.16900494761698E+05 -0.14057169323492E+04  0.52981618487549E+04  0.26973768395792E+04  0.49789813547552E+05  0.90804926992068E+04 -0.22077037103778E+04  0.64823187924164E+03  0.95715698324884E+03  0.62606839726883E+02  0.36602213169700E+01  0.20568988192451E+05 -0.23258157386522E+04  0.19022341745454E+05  0.10366113931062E+05 -0.29921178346220E+05 -0.11198896454748E+01  0.14890720434768E+03  0.16827767918641E+03 -0.38319692710010E+02 -0.29220423761210E+02 -0.75183199381135E+02  0.51444261073976E+03 -0.21255070009515E+04 -0.13216538044101E+04 -0.13545279097621E+04  0.10451015656628E+04  0.27130404233947E+04 -0.70717403348213E+03 -0.14101501837244E+04 -0.37100168963935E+03  0.13830904301534E+03  0.25529080880829E+03 -0.19055873359427E+04 -0.97964672425712E+03  0.16905192093696E+04  0.18145996499887E+03 -0.12938955536492E+04 -0.14365966114051E+04
  -0.75621596178907E+07  0.25904207441054E+07 -0.37075306442062E+06 -0.22464406316857E+07  0.47749515397907E+06 -0.49978018840456E+05 -0.24045468107530E+06 -0.58558901002299E+06 -0.23925383377960E+05  0.57523453737749E+05 -0.65948203641973E+04 -0.62219468065939E+04 -0.29080735639296E+03 -0.68508135229282E+02 -0.56202095675598E+05  0.67808951677801E+04 -0.53782765798882E+05 -0.29921178346220E+05  0.33183752865436E+08 -0.43468443813311E+04  0.12893957655122E+06  0.11037569916329E+06 -0.18271906077535E+06  0.65781114719096E+05  0.75075449099313E+05  0.48006446326450E+06  0.33953678479162E+05  0.76225698651392E+05 -0.11757310739183E+04  0.56692681261121E+06  0.27683730197929E+07  0.17300996394952E+05  0.31758628643826E+05  0.21993810024399E+03  0.18398060645092E+06  0.80387327636351E+06  0.24318240756222E+05  0.76897597827722E+04 -0.18304786897040E+05  0.44853108285414E+05  0.20616768233065E+05  0.64194056077000E+05
   0.12711043236578E+04 -0.39393278351878E+03  0.61459536411267E+02  0.29902425002329E+03 -0.67222051438251E+02 -0.31776395140853E+01  0.29505939430944E+02  0.20757857673621E+03 -0.52689266248738E+02 -0.10121201482396E+02  0.14313127697371E+01  0.24455132172223E+00  0.10869163153156E+00 -0.26029755690477E-01 -0.17747201618448E+01  0.46310538290238E+00 -0.82524532042077E+00 -0.11198896454748E+01 -0.43468443813311E+04  0.95785683480308E+00 -0.22454224527120E+02 -0.16517560662378E+02  0.34526252097474E+02 -0.89975869261795E+01 -0.92055753011506E+01 -0.80212003096841E+02  0.00000000000000E+00 -0.17805126528235E+02  0.00000000000000E+00  0.00000000000000E+00 -0.59965906291718E+03  0.00000000000000E+00  0.00000000000000E+00  0.00000000000000E+00  0.00000000000000E+00 -0.15870375675011E+03  0.00000000000000E+00  0.00000000000000E+00  0.00000000000000E+00  0.13632676194318E+02  0.00000000000000E+00 -0.30018233827101E+02
  -0.41442643953583E+05  0.11516603349568E+05 -0.19817199415085E+04 -0.12593373672112E+05  0.25729367907442E+04 -0.89429269576287E+03 -0.17349091405718E+04 -0.28688753431095E+04 -0.88748865009288E+03  0.46888981969317E+03 -0.42533167363766E+02 -0.75007773396814E+02 -0.25306141308866E+00 -0.12736693559491E+01  0.18110261150809E+03 -0.30106330860867E+02  0.24060666789960E+03  0.14890720434768E+03  0.12893957655122E+06 -0.22454224527120E+02  0.11897158421761E+04  0.10782484148709E+04 -0.89101443312105E+03  0.18935225255523E+03  0.10647465359844E+03  0.25938455602232E+04  0.00000000000000E+00  0.96079921701652E+03  0.00000000000000E+00  0.00000000000000E+00  0.22282264916886E+05  0.00000000000000E+00  0.00000000000000E+00  0.00000000000000E+00  0.00000000000000E+00  0.44392986163002E+04  0.00000000000000E+00  0.00000000000000E+00  0.00000000000000E+00 -0.88779182036175E+03  0.00000000000000E+00  0.37406927695534E+03
  -0.32658215290302E+05  0.95911739856204E+04 -0.15838509797821E+04 -0.97744098726226E+04  0.21122308468769E+04 -0.45487098111422E+03 -0.13060748442556E+04  0.53957480176055E+04 -0.31350016666420E+04  0.21497490260570E+03  0.13865613207602E+02 -0.14757010811339E+03 -0.38531289978627E+01 -0.16361622500206E+01  0.18998334954107E+03 -0.35132155494856E+02  0.26181273115971E+03  0.16827767918641E+03  0.11037569916329E+06 -0.16517560662378E+02  0.10782484148709E+04  0.10720744937314E+04 -0.73144161358233E+03  0.19450195373891E+03  0.23117844700108E+03  0.21076562743494E+04  0.00000000000000E+00  0.42765874257492E+03  0.00000000000000E+00  0.00000000000000E+00  0.15776554199015E+05  0.00000000000000E+00  0.00000000000000E+00  0.00000000000000E+00  0.00000000000000E+00  0.37845914886502E+04  0.00000000000000E+00  0.00000000000000E+00  0.00000000000000E+00 -0.58510496198075E+03  0.00000000000000E+00 -0.56731412416199E+03
   0.46612814970139E+05 -0.16344013703854E+05  0.22762771685076E+04  0.99645973760198E+04 -0.22418072956179E+04 -0.29579899701802E+03  0.83685754556393E+03  0.42625616851062E+04 -0.88314701141632E+03 -0.25928699354230E+03  0.32057187208888E+02  0.34760918849770E+01  0.15207726389428E+01 -0.26855981068635E+00 -0.65598153199277E+02  0.16384974180453E+02 -0.34410083151052E+02 -0.38319692710010E+02 -0.18271906077535E+06  0.34526252097474E+02 -0.89101443312105E+03 -0.73144161358233E+03  0.15167417382476E+04 -0.41533977450404E+03 -0.44728474877346E+03 -0.29012174708322E+04  0.00000000000000E+00 -0.30625974761266E+03  0.00000000000000E+00  0.00000000000000E+00 -0.20525888147300E+05  0.00000000000000E+00  0.00000000000000E+00  0.00000000000000E+00  0.00000000000000E+00 -0.57389280010048E+04  0.00000000000000E+00  0.00000000000000E+00  0.00000000000000E+00  0.29605195175346E+03  0.00000000000000E+00 -0.65389844758710E+03
  -0.19464626591232E+05  0.89005966411069E+04 -0.10226072579686E+04 -0.14667789887999E+04  0.56781277718745E+03  0.73976507038391E+03  0.16745825115134E+03  0.72441811787937E+04 -0.17607935917196E+04 -0.21257346522757E+03  0.53116452140487E+02  0.53875903468086E+02  0.67938769667464E+01 -0.65705201652767E-02 -0.28230913536833E+02 -0.56329340183510E+01 -0.86511209275162E+02 -0.29220423761210E+02  0.65781114719096E+05 -0.89975869261795E+01  0.18935225255523E+03  0.19450195373891E+03 -0.41533977450404E+03  0.41112221041240E+03  0.73382254957971E+03  0.16143293174330E+04 -0.50269524856677E+02 -0.29131993956428E+02  0.20836038395721E+01  0.82731734240824E+03  0.36509898530012E+03  0.00000000000000E+00  0.00000000000000E+00  0.00000000000000E+00  0.24306132930139E+04  0.30031752014409E+04  0.00000000000000E+00  0.00000000000000E+00  0.00000000000000E+00 -0.26833138875395E+02 -0.38809816045960E+03 -0.40323312787687E+03
  -0.89518857587393E+04  0.95737920080069E+04 -0.71630523421486E+03  0.25261943048621E+04  0.29508016414247E+03  0.24240551694079E+04  0.11491713681477E+04  0.36507046011001E+05 -0.92155624843520E+04 -0.10881849532039E+04  0.26161372278817E+03  0.29096862950717E+03  0.32202193372279E+02 -0.40528338624526E-02 -0.15047043229866E+03 -0.14193148489533E+02 -0.26863392951206E+03 -0.75183199381135E+02  0.75075449099313E+05 -0.92055753011506E+01  0.10647465359844E+03  0.23117844700108E+03 -0.44728474877346E+03  0.73382254957971E+03  0.18895798888231E+04  0.14989827280719E+04 -0.15689797684653E+03 -0.10746790428628E+03 -0.52611430480917E+02 -0.61230114115111E+04 -0.10685762973126E+05  0.00000000000000E+00  0.00000000000000E+00  0.00000000000000E+00  0.33764909161069E+04  0.40676794014646E+04  0.00000000000000E+00  0.00000000000000E+00  0.00000000000000E+00 -0.40083266521804E+02 -0.21525087705863E+04 -0.22210754550053E+04
  -0.22649341905667E+06  0.66926794116163E+05 -0.10903152091437E+05 -0.40126478112016E+05  0.85535033724919E+04 -0.14176102206479E+04 -0.47680211278514E+04 -0.29290597467869E+05  0.47467945106959E+04  0.18606599337510E+04 -0.24128275934954E+03 -0.58626157470078E+02 -0.11611182163037E+02  0.13148815796093E-01  0.73103497458820E+03 -0.15383577860503E+03  0.65694746612966E+03  0.51444261073976E+03  0.48006446326450E+06 -0.80212003096841E+02  0.25938455602232E+04  0.21076562743494E+04 -0.29012174708322E+04  0.16143293174330E+04  0.14989827280719E+04  0.16494071783214E+05  0.25506088435055E+03  0.13308197134376E+03 -0.68997513451033E+01  0.37986143951517E+05  0.61696251787882E+05  0.00000000000000E+00  0.00000000000000E+00  0.00000000000000E+00  0.16001388709706E+05  0.20127157677934E+05  0.00000000000000E+00  0.00000000000000E+00  0.00000000000000E+00 -0.78298254561017E+02  0.15779618170170E+04  0.16116494402870E+04
  -0.12751492233186E+06  0.16584314075242E+05 -0.54827576011593E+04 -0.12728357817291E+05  0.19736224632537E+04 -0.27614107453396E+04 -0.24574505944080E+04 -0.60559383165954E+05  0.11352915913637E+05  0.27249680361176E+04 -0.48719128650409E+03 -0.11087592218396E+04 -0.16296182016155E+03  0.52825572572342E-01 -0.28089446542069E+04  0.53139639605966E+03 -0.30550740008590E+04 -0.21255070009515E+04  0.33953678479162E+05  0.00000000000000E+00  0.00000000000000E+00  0.00000000000000E+00  0.00000000000000E+00 -0.50269524856677E+02 -0.15689797684653E+03  0.25506088435055E+03  0.11661045162345E+06  0.00000000000000E+00  0.00000000000000E+00  0.00000000000000E+00  0.00000000000000E+00  0.00000000000000E+00  0.00000000000000E+00  0.00000000000000E+00  0.00000000000000E+00  0.00000000000000E+00  0.00000000000000E+00  0.00000000000000E+00  0.00000000000000E+00  0.00000000000000E+00  0.00000000000000E+00  0.00000000000000E+00
  -0.54024606323834E+05  0.82466406998670E+04 -0.23416675690353E+04 -0.21062805861604E+05  0.33256883500031E+04 -0.41995190716507E+04 -0.38407737942285E+04 -0.48326051949579E+05  0.10672935367379E+05  0.18765306489461E+04 -0.36490341745984E+03 -0.10159344331068E-09 -0.80843607267052E-11  0.18107673180208E-12 -0.18287604414888E+04  0.33148804556542E+03 -0.19469340803409E+04 -0.13216538044101E+04  0.76225698651392E+05 -0.17805126528235E+02  0.96079921701652E+03  0.42765874257492E+03 -0.30625974761266E+03 -0.29131993956428E+02 -0.10746790428628E+03  0.13308197134376E+03  0.00000000000000E+00  0.64477245352586E+05  0.00000000000000E+00  0.00000000000000E+00  0.00000000000000E+00  0.00000000000000E+00  0.00000000000000E+00  0.00000000000000E+00  0.00000000000000E+00  0.00000000000000E+00  0.00000000000000E+00  0.00000000000000E+00  0.00000000000000E+00  0.00000000000000E+00  0.00000000000000E+00  0.00000000000000E+00
  -0.44483787403717E+04 -0.23874352152706E+03  0.49186872908678E+02 -0.69398207602357E+02 -0.56137816088195E+02  0.15088064239028E+03  0.13544610340025E+03 -0.67368928344171E+05  0.24217588129162E+05  0.72765532133825E+03 -0.34302448376462E+03 -0.71150958908247E+03 -0.27538866943912E+02 -0.44768038003888E+01 -0.24750834077263E+04  0.28898746198175E+03 -0.27038585415732E+04 -0.13545279097621E+04 -0.11757310739183E+04  0.00000000000000E+00  0.00000000000000E+00  0.00000000000000E+00  0.00000000000000E+00  0.20836038395721E+01 -0.52611430480917E+02 -0.68997513451033E+01  0.00000000000000E+00  0.00000000000000E+00  0.30676589992178E+05  0.00000000000000E+00  0.00000000000000E+00  0.00000000000000E+00  0.00000000000000E+00  0.00000000000000E+00  0.00000000000000E+00  0.00000000000000E+00  0.00000000000000E+00  0.00000000000000E+00  0.00000000000000E+00  0.00000000000000E+00  0.00000000000000E+00  0.00000000000000E+00
  -0.84323934095960E+06  0.21001760934229E+06 -0.38583856467770E+05 -0.65920298419192E+05  0.11674609705844E+05 -0.85026822854760E+04 -0.98270120654717E+04 -0.28202213329135E+06  0.65470167771839E+05  0.10907087871671E+05 -0.20854134539788E+04 -0.49217749380641E+04 -0.57686923984899E+03 -0.38515911024788E+00  0.19116766851320E+04 -0.14373032586353E+03  0.22869432117104E+04  0.10451015656628E+04  0.56692681261121E+06  0.00000000000000E+00  0.00000000000000E+00  0.00000000000000E+00  0.00000000000000E+00  0.82731734240824E+03 -0.61230114115111E+04  0.37986143951517E+05  0.00000000000000E+00  0.00000000000000E+00  0.00000000000000E+00  0.57877185011459E+06  0.00000000000000E+00  0.00000000000000E+00  0.00000000000000E+00  0.00000000000000E+00  0.00000000000000E+00  0.00000000000000E+00  0.00000000000000E+00  0.00000000000000E+00  0.00000000000000E+00  0.00000000000000E+00  0.00000000000000E+00  0.00000000000000E+00
  -0.10907738887228E+07  0.26521499747108E+06 -0.50189813023096E+05 -0.34024585236986E+06  0.61708044873176E+05 -0.41360183003341E+05 -0.51074868099668E+05 -0.55608567007801E+06  0.12485695982949E+06  0.22721367769947E+05 -0.41659218236770E+04 -0.56716534924562E-09 -0.74366750473071E-10 -0.38320599579627E-11  0.42115283577630E+04 -0.46934269630689E+03  0.50171635567279E+04  0.27130404233947E+04  0.27683730197929E+07 -0.59965906291718E+03  0.22282264916886E+05  0.15776554199015E+05 -0.20525888147300E+05  0.36509898530012E+03 -0.10685762973126E+05  0.61696251787882E+05  0.00000000000000E+00  0.00000000000000E+00  0.00000000000000E+00  0.00000000000000E+00  0.91618711772520E+06  0.00000000000000E+00  0.00000000000000E+00  0.00000000000000E+00  0.00000000000000E+00  0.00000000000000E+00  0.00000000000000E+00  0.00000000000000E+00  0.00000000000000E+00  0.00000000000000E+00  0.00000000000000E+00  0.00000000000000E+00
  -0.20691633201262E+05  0.58158516721135E+04 -0.99161379048811E+03 -0.13714686094343E+04  0.32020270902330E+03  0.95963975589440E+01 -0.15734734534500E+03 -0.72914441334169E+05  0.23159340601924E+05  0.15244542009399E+04 -0.44528344870907E+03 -0.23503342528426E+04 -0.14653203792967E+03 -0.20766271220175E+01 -0.15389058888245E+04  0.16360185330792E+03 -0.13921180784861E+04 -0.70717403348213E+03  0.17300996394952E+05  0.00000000000000E+00  0.00000000000000E+00  0.00000000000000E+00  0.00000000000000E+00  0.00000000000000E+00  0.00000000000000E+00  0.00000000000000E+00  0.00000000000000E+00  0.00000000000000E+00  0.00000000000000E+00  0.00000000000000E+00  0.00000000000000E+00  0.14726757703599E+05  0.00000000000000E+00  0.00000000000000E+00  0.00000000000000E+00  0.00000000000000E+00  0.00000000000000E+00  0.00000000000000E+00  0.00000000000000E+00  0.00000000000000E+00  0.00000000000000E+00  0.00000000000000E+00
  -0.46860278224130E+05  0.13328641522465E+05 -0.22561438902532E+04 -0.25008394196440E+04  0.56280921302760E+03 -0.15918749689038E+02 -0.27853479328700E+03 -0.16408149748347E+06  0.52170358637249E+05  0.33695733076341E+04 -0.10028982645938E+04 -0.70563481318929E+02 -0.18522811803926E+02 -0.29543612792477E-05 -0.30486965349583E+04  0.32287801790419E+03 -0.27741598267085E+04 -0.14101501837244E+04  0.31758628643826E+05  0.00000000000000E+00  0.00000000000000E+00  0.00000000000000E+00  0.00000000000000E+00  0.00000000000000E+00  0.00000000000000E+00  0.00000000000000E+00  0.00000000000000E+00  0.00000000000000E+00  0.00000000000000E+00  0.00000000000000E+00  0.00000000000000E+00  0.00000000000000E+00  0.32297992701767E+05  0.00000000000000E+00  0.00000000000000E+00  0.00000000000000E+00  0.00000000000000E+00  0.00000000000000E+00  0.00000000000000E+00  0.00000000000000E+00  0.00000000000000E+00  0.00000000000000E+00
  -0.30853995154743E+04  0.41998699774553E+03 -0.11724233892216E+03 -0.71569014518148E+02  0.91056108988690E+01 -0.18824933858730E+02 -0.13205190405496E+02 -0.13444083661866E+04  0.18298039471390E+03  0.43090267011641E+02 -0.11244191981698E+02 -0.77968730399057E+02 -0.62682520103418E+01 -0.98002929433468E-01 -0.72893933610188E+03  0.82278697492491E+02 -0.67378150872647E+03 -0.37100168963935E+03  0.21993810024399E+03  0.00000000000000E+00  0.00000000000000E+00  0.00000000000000E+00  0.00000000000000E+00  0.00000000000000E+00  0.00000000000000E+00  0.00000000000000E+00  0.00000000000000E+00  0.00000000000000E+00  0.00000000000000E+00  0.00000000000000E+00  0.00000000000000E+00  0.00000000000000E+00  0.00000000000000E+00  0.37830924605950E+04  0.00000000000000E+00  0.00000000000000E+00  0.00000000000000E+00  0.00000000000000E+00  0.00000000000000E+00  0.00000000000000E+00  0.00000000000000E+00  0.00000000000000E+00
  -0.19935221844209E+06  0.63588302238967E+05 -0.97799347798450E+04 -0.11730953480233E+05  0.28639485958157E+04  0.42244329924352E+03 -0.99645635950656E+03 -0.57670278888767E+04  0.64357107264088E+03  0.57327531151854E+03 -0.49906217672290E+02 -0.19820810262426E+00 -0.14277742594252E+00  0.77824072066849E-13  0.30014787232672E+03 -0.81158137315503E+02  0.10014076053200E+03  0.13830904301534E+03  0.18398060645092E+06  0.00000000000000E+00  0.00000000000000E+00  0.00000000000000E+00  0.00000000000000E+00  0.24306132930139E+04  0.33764909161069E+04  0.16001388709706E+05  0.00000000000000E+00  0.00000000000000E+00  0.00000000000000E+00  0.00000000000000E+00  0.00000000000000E+00  0.00000000000000E+00  0.00000000000000E+00  0.00000000000000E+00  0.10538449769894E+06  0.00000000000000E+00  0.00000000000000E+00  0.00000000000000E+00  0.00000000000000E+00  0.00000000000000E+00  0.00000000000000E+00  0.00000000000000E+00
  -0.22517340849643E+06  0.71462666541506E+05 -0.11034213569207E+05 -0.52362621397813E+05  0.12651517076353E+05  0.16386324135729E+04 -0.45905075949897E+04 -0.11358775757623E+05  0.12984627841027E+04  0.10910345298554E+04 -0.98160028596627E+02 -0.33343049081958E-10  0.66738999441715E-12 -0.14875667967842E-12  0.53281635083552E+03 -0.14218999819116E+03  0.19598759884909E+03  0.25529080880829E+03  0.80387327636351E+06 -0.15870375675011E+03  0.44392986163002E+04  0.37845914886502E+04 -0.57389280010048E+04  0.30031752014409E+04  0.40676794014646E+04  0.20127157677934E+05  0.00000000000000E+00  0.00000000000000E+00  0.00000000000000E+00  0.00000000000000E+00  0.00000000000000E+00  0.00000000000000E+00  0.00000000000000E+00  0.00000000000000E+00  0.00000000000000E+00  0.13807273912610E+06  0.00000000000000E+00  0.00000000000000E+00  0.00000000000000E+00  0.00000000000000E+00  0.00000000000000E+00  0.00000000000000E+00
  -0.89602329142038E+04  0.24308524846284E+04 -0.42173414688180E+03 -0.24548460891167E+04  0.45958348852395E+03 -0.24848457171260E+03 -0.35369397407154E+03  0.30768825723515E+03 -0.12692430690802E+04  0.12785593536496E+03 -0.13902144727536E+02 -0.17086202838646E+01 -0.17956574330169E+00 -0.11694399977806E-02 -0.29502645356282E+04  0.46467596519760E+03 -0.29556037158908E+04 -0.19055873359427E+04  0.24318240756222E+05  0.00000000000000E+00  0.00000000000000E+00  0.00000000000000E+00  0.00000000000000E+00  0.00000000000000E+00  0.00000000000000E+00  0.00000000000000E+00  0.00000000000000E+00  0.00000000000000E+00  0.00000000000000E+00  0.00000000000000E+00  0.00000000000000E+00  0.00000000000000E+00  0.00000000000000E+00  0.00000000000000E+00  0.00000000000000E+00  0.00000000000000E+00  0.82024589828666E+04  0.00000000000000E+00  0.00000000000000E+00  0.00000000000000E+00  0.00000000000000E+00  0.00000000000000E+00
  -0.31771314700221E+04  0.77287564486733E+03 -0.14707488093356E+03 -0.95904942489371E+03  0.17133565955474E+03 -0.12834560034741E+03 -0.15020754299554E+03  0.26563390783111E+03 -0.69861595277296E+03  0.57358102122256E+02 -0.66473471226288E+01 -0.73905216006964E+00 -0.70343207740359E-01 -0.64942904799277E-03 -0.15560058660573E+04  0.22730946852338E+03 -0.15843917059021E+04 -0.97964672425712E+03  0.76897597827722E+04  0.00000000000000E+00  0.00000000000000E+00  0.00000000000000E+00  0.00000000000000E+00  0.00000000000000E+00  0.00000000000000E+00  0.00000000000000E+00  0.00000000000000E+00  0.00000000000000E+00  0.00000000000000E+00  0.00000000000000E+00  0.00000000000000E+00  0.00000000000000E+00  0.00000000000000E+00  0.00000000000000E+00  0.00000000000000E+00  0.00000000000000E+00  0.00000000000000E+00  0.42194108549692E+04  0.00000000000000E+00  0.00000000000000E+00  0.00000000000000E+00  0.00000000000000E+00
