# fitpack15: fit parameters                                                                         
# CJ15 AV18 final data choices                                                                      
# Created on 09/06/2019 at 14:28:16                                                                 

 # QCD setup
  INS                           0
  NVL                          11
  IORD                          1
  Q02                   1.6899999999999999     
  IPARAMC                       7
  FLAVOR                5.0000000000000000     
  xmc                   1.3000000000000000     
  xmb                   4.5000000000000000     
  ncb                          12
  ihq                           1
  ias                           0

 # Theory corrections
  inuke                     10114
  itmc                          1
  iht                           1

 # fit parameters
 LAMBDA       0.22680        0.0000    
 a0uv          1.9116        0.0000    
 a1uv         0.56298       0.24024E-01
 a2uv          3.5661       0.11209E-01
 a3uv          0.0000        0.0000    
 a4uv          4.6941       0.65224    
 a5uv          0.0000        0.0000    
 a0dv          23.993        0.0000    
 a1dv          1.1437       0.33564E-01
 a2dv          6.7293       0.17166    
 a3dv         -3.5777       0.91101E-01
 a4dv          4.9080       0.16470    
 a5dv          0.0000        0.0000    
 a0ud         0.13975       0.50327E-02
 a1ud        -0.21219       0.38959E-02
 a2ud          8.4970       0.18354    
 a3ud          0.0000        0.0000    
 a4ud          16.279        1.3582    
 a5ud          0.0000        0.0000    
 a0du          35712.        0.0000    
 a1du          4.0803       0.93341E-01
 a2du          20.186       0.96473    
 a3du          17.000        0.0000    
 a4du          57.100        15.116    
 a0g           44.638        0.0000    
 a1g          0.59693       0.29741E-01
 a2g           6.0138       0.82372    
 a3g          -3.3872       0.12245    
 a4g           3.2726       0.28716    
 a5g           0.0000        0.0000    
 kappa        0.40000        0.0000    
 a6dv        -0.50387E-02   0.84065E-03
 a7dv          2.0000        0.0000    
 off1        -0.19194       0.12816    
 off2          3.5517        1.5197    
 off3         -15.259        5.7363    
 off4          15.087        5.7589    
 ht1          -3.8406       0.33869    
 ht2           2.0885       0.12127    
 ht3          -2.0944       0.28237E-01
 ht4           0.0000        0.0000    
 dummy42       0.0000        0.0000    
 dummy43       0.0000        0.0000    
 dummy44       0.0000        0.0000    
 dummy45       0.0000        0.0000    
 dummy46       0.0000        0.0000    
 dummy47       0.0000        0.0000    
 dummy48       0.0000        0.0000    
 dummy49       0.0000        0.0000    
 bcdmsh2      0.96713       0.50762E-02
 bcdmsd2      0.98982       0.60638E-02
 ccfr          1.0000        0.0000    
 nutev         1.0000        0.0000    
 zeus         0.97998        0.0000    
 h1            1.0162        0.0000    
 e605          1.0319        0.0000    
 NmcH2         1.0054       0.72776E-02
 ntv_nu        1.0000        0.0000    
 ntv_nuba      1.0000        0.0000    
 cdf_jet      0.98910        0.0000    
 d0_jet       0.83504        0.0000    
 slac_p       0.99926       0.52650E-02
 slac_d        1.0013       0.57688E-02
 e866pp       0.97479       0.20072E-01
 e866pd       0.96250       0.18557E-01
 d0_gamje      1.0353       0.16507E-01
 h1b          0.97608        0.0000    
 blank         1.0000        0.0000    
 d0run2       0.95394       0.15161E-01
 cdfrun2      0.93850       0.17800E-01
 HERA_el       1.0000        0.0000    
 HERA_ps       1.0000        0.0000    
 CDF_Z        0.95540       0.70463E-02
 NmcRat        1.0000        0.0000    
 HERMES_F     0.99280       0.59240E-02
 HERMES_F     0.97704       0.61880E-02
 END 0. 0.

 # Hessian matrix (Bevington alpha)
   0.44637416611584E+07 -0.10959368626552E+07  0.16260865106313E+06  0.40416624219404E+06 -0.97331462544910E+05 -0.32230157206566E+05  0.38384832769772E+05  0.97527583278361E+06 -0.18002691212500E+06 -0.47365947438460E+05  0.69163271013859E+04  0.15268246977009E+05  0.16929490250499E+04 -0.96082104018995E+02  0.12816968783803E+05 -0.30630360870914E+04  0.14828268950171E+05  0.10854735000172E+05 -0.58795782960802E+07 -0.56872789349359E+05 -0.24326193413250E+05 -0.11555368097226E+05 -0.59230056597036E+04 -0.95336819145850E+04  0.25785315744518E+04 -0.17638778544081E+06 -0.13333530167051E+06 -0.56600725597792E+05 -0.53749186594461E+04 -0.87963440096107E+06 -0.11418382088142E+07 -0.21285480557738E+05 -0.48176295225202E+05 -0.32248621882280E+04 -0.90186859399740E+04 -0.31913800472977E+04 -0.18927746651249E+05 -0.75279701645104E+05 -0.59326331222377E+05
  -0.10959368626552E+07  0.33959467383151E+06 -0.40863313851967E+05 -0.10585339445368E+06  0.24790335254152E+05  0.10902158319652E+05 -0.69329212147018E+04 -0.11864610515850E+06  0.25369508905898E+05  0.65622976167437E+04 -0.79070231754845E+03 -0.11903527199216E+04 -0.13603594616385E+03  0.11513962444747E+02  0.25007982775087E+03  0.64779105879036E+02  0.10558077360886E+03 -0.49441151495678E+02  0.19749120736998E+07  0.14066725271424E+05  0.69282198286731E+04  0.36437386771301E+04  0.20205420473856E+04  0.51733918964173E+04  0.56246377481065E+04  0.49466877484741E+05  0.16829086285279E+05  0.83912000804819E+04 -0.19244588269661E+03  0.21275868048763E+06  0.26969427281076E+06  0.58007438562372E+04  0.13293683300755E+05  0.42202302213474E+03  0.23850032664065E+04  0.75695481612544E+03 -0.21682782107537E+04  0.87540606442299E+04  0.74172131735253E+04
   0.16260865106313E+06 -0.40863313851967E+05  0.59718139202486E+04  0.14448253896861E+05 -0.35865650249282E+04 -0.14196088798184E+04  0.13138295756066E+04  0.26675229808784E+05 -0.47850374436933E+04 -0.15215763986254E+04  0.19236290767081E+03  0.40658395578225E+03  0.51007320795266E+02 -0.35386913070919E+01 -0.17594742538552E+03 -0.35366686902460E+02 -0.84895634636542E+02  0.50436411725014E+02 -0.22005638408902E+06 -0.20557240783687E+04 -0.89384361281344E+03 -0.42828100440569E+03 -0.22057300348001E+03 -0.38477951292278E+03 -0.44881820665474E+02 -0.65238803217044E+04 -0.46064950205494E+04 -0.19601813151477E+04  0.16162169286662E+02 -0.31452428911799E+05 -0.41067331771960E+05 -0.78938414452250E+03 -0.17935619238003E+04 -0.99098332648920E+02 -0.33029355238494E+03 -0.11579049834065E+03 -0.87138746038145E+02 -0.22010016465152E+04 -0.17795538142208E+04
   0.40416624219404E+06 -0.10585339445368E+06  0.14448253896861E+05  0.37578777484522E+06 -0.54284118107861E+05  0.68172171838937E+05  0.56748653960907E+05  0.36282205093917E+06 -0.27949174412088E+05 -0.17611327124747E+05  0.30559846306574E+04 -0.13481468939640E+04 -0.13348968408619E+03  0.49338866900910E+02  0.32912785610626E+05 -0.43034470681826E+04  0.31700603902872E+05  0.18085069270826E+05 -0.18594825599353E+07 -0.17648778138350E+05 -0.68604236874496E+04 -0.28847816067331E+04 -0.13299800636520E+04 -0.25452959266911E+03  0.40181936208660E+04 -0.32155918388498E+05 -0.12884655909562E+05 -0.21389805476660E+05 -0.88589618140140E+02 -0.66932738297992E+05 -0.34561242223621E+06 -0.13686609898535E+04 -0.25100691541416E+04 -0.68843596353180E+02 -0.24007939304347E+04 -0.93616475783861E+03 -0.10282754627534E+05 -0.73498810180395E+04 -0.21753208524259E+05
  -0.97331462544910E+05  0.24790335254152E+05 -0.35865650249282E+04 -0.54284118107861E+05  0.92040422486000E+04 -0.65286599509299E+04 -0.75603212048150E+04 -0.31700341233332E+05  0.38630215233785E+03  0.21559740705696E+04 -0.29139921719892E+03 -0.19880573800463E+02  0.33111537834881E+01 -0.43024711794386E+01 -0.27747620612290E+04  0.38007563382376E+03 -0.25563009047244E+04 -0.14980733340021E+04  0.36214024753392E+06  0.29443598994419E+04  0.12597738223908E+04  0.55830063130149E+03  0.26362438137100E+03  0.19502540278544E+03 -0.16725675331674E+03  0.62791174025711E+04  0.19631524937722E+04  0.33024119640551E+04 -0.56054020372771E+02  0.11322004236747E+05  0.60114727255426E+05  0.30403318827353E+03  0.53625944612735E+03  0.84891208467428E+01  0.42999372348409E+03  0.16102393128808E+03  0.42149523701099E+03  0.80006784387874E+03  0.24769273169645E+04
  -0.32230157206566E+05  0.10902158319652E+05 -0.14196088798184E+04  0.68172171838937E+05 -0.65286599509299E+04  0.21682892225175E+05  0.12659285807358E+05  0.10677716597176E+06 -0.10458031080064E+05 -0.42093399820222E+04  0.87673425954067E+03 -0.68162034404184E+03 -0.59920138304153E+02  0.15907279028441E+02  0.94974059834917E+04 -0.12513188493977E+04  0.94316376591157E+04  0.54092474618243E+04 -0.25354593166475E+05 -0.18919625286352E+04 -0.39293377306303E+03 -0.42117000973973E+02  0.23295788809809E+02  0.55236304303967E+03  0.21065308628867E+04 -0.10771472491226E+04 -0.24859097510771E+04 -0.37727592702084E+04  0.13007279172716E+03 -0.72832411283616E+04 -0.34887004647721E+05  0.35986606327408E+02  0.28541134304619E+02 -0.17010040110371E+02 -0.18962748345138E+03 -0.10427711157420E+03 -0.31563601536056E+04 -0.17718847843800E+04 -0.50474553942789E+04
   0.38384832769772E+05 -0.69329212147018E+04  0.13138295756066E+04  0.56748653960907E+05 -0.75603212048150E+04  0.12659285807358E+05  0.95253464518832E+04  0.57824873006645E+05 -0.33902798752791E+04 -0.29540988628563E+04  0.50150641139601E+03 -0.21752168606399E+03 -0.22368251429226E+02  0.83241954115081E+01  0.49385961182457E+04 -0.67118208699995E+03  0.47250044988006E+04  0.27652811360207E+04 -0.17631144281738E+06 -0.23117201854978E+04 -0.79397088710561E+03 -0.28106429151698E+03 -0.10749023240194E+03  0.22149605220428E+03  0.11879052757036E+04 -0.35702195913174E+04 -0.22853191387564E+04 -0.35700814568398E+04  0.12736133857335E+03 -0.89472989298878E+04 -0.46444203994946E+05 -0.13322200230855E+03 -0.23897618915018E+03 -0.11945779903901E+02 -0.30646088999105E+03 -0.13167137656176E+03 -0.13512888100308E+04 -0.10902684355928E+04 -0.32346689299306E+04
   0.97527583278361E+06 -0.11864610515850E+06  0.26675229808784E+05  0.36282205093917E+06 -0.31700341233332E+05  0.10677716597176E+06  0.57824873006645E+05  0.55407772746977E+07 -0.24393190182076E+07 -0.89929887841292E+05  0.25759856936922E+05  0.26870087430981E+05  0.18228049151341E+04  0.82131583934858E+02  0.92724877255293E+05 -0.12278999911584E+05  0.10378840860785E+06  0.56328869470900E+05 -0.50252997516523E+06 -0.37749737747537E+05 -0.73223582072096E+04 -0.19213576381235E+04 -0.63216544461612E+03  0.61295720065031E+04  0.34416066532837E+05 -0.27494772791347E+05 -0.63504907467313E+05 -0.50726176022441E+05 -0.71882489353172E+05 -0.29882325141652E+06 -0.58661992010330E+06 -0.75574765797475E+05 -0.17014942869271E+06 -0.14235447172824E+04  0.62082361924270E+03  0.40206557953122E+03 -0.27997025544450E+06 -0.14735303347781E+06 -0.18096217016803E+06
  -0.18002691212500E+06  0.25369508905898E+05 -0.47850374436933E+04 -0.27949174412088E+05  0.38630215233785E+03 -0.10458031080064E+05 -0.33902798752791E+04 -0.24393190182076E+07  0.19191286010725E+07  0.19369127502183E+05 -0.62869792064156E+04 -0.55630636145439E+04 -0.30777909759427E+03 -0.10970495511025E+02  0.48926201754986E+05 -0.23961430334630E+04  0.17401139623375E+05  0.86915900665065E+04 -0.31388632233836E+05  0.92582231274596E+04  0.14345631961888E+04  0.32404748333082E+03  0.98798727721332E+02 -0.13727097738333E+04 -0.80981615988303E+04  0.43717480507724E+04  0.11388311034845E+05  0.10745186675098E+05  0.24912588322881E+05  0.66900803749893E+05  0.12696861103408E+06  0.23059061293041E+05  0.51951307422017E+05  0.18929839277597E+03 -0.13573273540562E+04 -0.73410334726592E+03  0.11348488174546E+06  0.45443901646002E+05  0.55249754011723E+05
  -0.47365947438460E+05  0.65622976167437E+04 -0.15215763986254E+04 -0.17611327124747E+05  0.21559740705696E+04 -0.42093399820222E+04 -0.29540988628563E+04 -0.89929887841292E+05  0.19369127502183E+05  0.26076501220595E+04 -0.59310650990967E+03 -0.65746190489161E+03 -0.58700655148666E+02 -0.14442724230985E+01 -0.41579005651842E+04  0.53893696406831E+03 -0.40879026491253E+04 -0.23361018924342E+04  0.47277626881208E+05  0.12472791164311E+04  0.33219274271136E+03  0.10592500331033E+03  0.38915862453532E+02 -0.19399064314169E+03 -0.10450395428687E+04  0.16035721618573E+04  0.27337166235383E+04  0.18813958726820E+04  0.73783228807081E+03  0.10936995371249E+05  0.22727567975301E+05  0.14988842673548E+04  0.33212911214677E+04  0.43305931666929E+02  0.11901706253171E+03  0.53689383711318E+02  0.31559126247003E+04  0.28381421050765E+04  0.35773113390635E+04
   0.69163271013859E+04 -0.79070231754845E+03  0.19236290767081E+03  0.30559846306574E+04 -0.29139921719892E+03  0.87673425954067E+03  0.50150641139601E+03  0.25759856936922E+05 -0.62869792064156E+04 -0.59310650990967E+03  0.15831386470889E+03  0.18091451926048E+03  0.13240391568246E+02  0.52602332771930E+00  0.12254652495764E+04 -0.14233448373905E+03  0.11586313799775E+04  0.63463260782288E+03 -0.50784042125111E+04 -0.23404424478308E+03 -0.49549240468151E+02 -0.13531209478754E+02 -0.45162304637712E+01  0.40069822204530E+02  0.21983207841279E+03 -0.19633962848637E+03 -0.44674655872985E+03 -0.33592331005641E+03 -0.33028844761725E+03 -0.19349874320020E+04 -0.38453597503142E+04 -0.41037408156895E+03 -0.92481103550723E+03 -0.10492910277265E+02 -0.10591257792309E+02 -0.51502058067888E+01 -0.11164782392523E+04 -0.79822054368387E+03 -0.98756682174412E+03
   0.15268246977009E+05 -0.11903527199216E+04  0.40658395578225E+03 -0.13481468939640E+04 -0.19880573800463E+02 -0.68162034404184E+03 -0.21752168606399E+03  0.26870087430981E+05 -0.55630636145439E+04 -0.65746190489161E+03  0.18091451926048E+03  0.15502777946771E+04  0.10263020711698E+03 -0.13008495378384E+01  0.14048469377549E+04 -0.20636381127029E+03  0.17088001191166E+04  0.98602915063398E+03 -0.57600151550708E+04  0.27573504455289E+03  0.28537244825573E+02  0.10581578601207E+01 -0.58372757606357E+00  0.39954596369764E+02  0.24804573134722E+03 -0.52047026601403E+02 -0.11073845126966E+04  0.36710311034625E-11 -0.68574390459530E+03 -0.49344562233126E+04  0.44651132706027E-10 -0.22568256901042E+04 -0.68443094704642E+02 -0.77060811417971E+02 -0.16528628643368E+01 -0.71260726841682E+00  0.28283194840756E+03 -0.26682503042060E+04  0.32417717607879E-10
   0.16929490250499E+04 -0.13603594616385E+03  0.51007320795266E+02 -0.13348968408619E+03  0.33111537834881E+01 -0.59920138304153E+02 -0.22368251429226E+02  0.18228049151341E+04 -0.30777909759427E+03 -0.58700655148666E+02  0.13240391568246E+02  0.10263020711698E+03  0.91519494584521E+01 -0.15516241032926E+00  0.80291027005712E+02 -0.14184704909590E+02  0.10494798515927E+03  0.65614222076005E+02 -0.28792712893057E+03  0.16842732973821E+02  0.25665037072282E+01  0.22657935406383E+00 -0.25191588272519E-01  0.52649317221666E+01  0.28780403664091E+02 -0.10598045299446E+02 -0.16279600075445E+03 -0.12399435504177E-11 -0.27019076799633E+02 -0.57917530217886E+03  0.13074892236390E-10 -0.14244710403614E+03 -0.17873588608695E+02 -0.62604914019679E+01 -0.17461175467510E+00 -0.68291947196389E-01  0.28244268688356E+02 -0.19344074457078E+03  0.19030471747722E-11
  -0.96082104018995E+02  0.11513962444747E+02 -0.35386913070919E+01  0.49338866900910E+02 -0.43024711794386E+01  0.15907279028441E+02  0.83241954115081E+01  0.82131583934858E+02 -0.10970495511025E+02 -0.14442724230985E+01  0.52602332771930E+00 -0.13008495378384E+01 -0.15516241032926E+00  0.36186067142179E-01  0.11945766617387E+02 -0.93134973561526E+00  0.81584608558180E+01  0.38752237561801E+01 -0.67362900732822E+02  0.11722555893619E+01 -0.34141857923970E-01 -0.16771790002943E-01 -0.58120017616812E-02 -0.60493659017620E-02 -0.15281714788283E-01  0.11982154208006E-01  0.54987849547247E-01 -0.64400156036349E-13 -0.46888279803261E+01 -0.43766654745889E+00 -0.16162911463781E-11 -0.21666328361191E+01 -0.42309084735933E-05 -0.10310401645375E+00 -0.12006014537934E-02 -0.66603774176125E-03 -0.14816548410507E+01 -0.21088582895849E+01 -0.20307006272561E-12
   0.12816968783803E+05  0.25007982775087E+03 -0.17594742538552E+03  0.32912785610626E+05 -0.27747620612290E+04  0.94974059834917E+04  0.49385961182457E+04  0.92724877255293E+05  0.48926201754986E+05 -0.41579005651842E+04  0.12254652495764E+04  0.14048469377549E+04  0.80291027005712E+02  0.11945766617387E+02  0.51765758082517E+05 -0.50731923202653E+04  0.41621516613697E+05  0.22008262756324E+05 -0.58722443911425E+05  0.24692287867723E+02  0.51494029814530E+02  0.24258948155188E+02  0.10674406793359E+02 -0.31322456205422E+02 -0.15789445591142E+03  0.67487874036771E+03 -0.30257629735532E+04 -0.19579040262631E+04 -0.25106939229606E+04  0.18792548538667E+04  0.42647738913041E+04 -0.15302777530149E+04 -0.30371547359524E+04 -0.74834099316361E+03 -0.30782483128957E+04 -0.16070144393473E+04 -0.21737788831319E+04 -0.10035324596930E+04 -0.11279884779305E+04
  -0.30630360870914E+04  0.64779105879036E+02 -0.35366686902460E+02 -0.43034470681826E+04  0.38007563382376E+03 -0.12513188493977E+04 -0.67118208699995E+03 -0.12278999911584E+05 -0.23961430334630E+04  0.53893696406831E+03 -0.14233448373905E+03 -0.20636381127029E+03 -0.14184704909590E+02 -0.93134973561526E+00 -0.50731923202653E+04  0.58306661856630E+03 -0.46709818273640E+04 -0.25697043682008E+04  0.79607724378429E+04  0.12362516001915E+02 -0.65350811983290E+01 -0.43214484249056E+01 -0.22037120220062E+01 -0.24246913160455E+01 -0.94260560775753E+01 -0.13932040330715E+03  0.59111545957649E+03  0.36762646035741E+03  0.29850709477785E+03 -0.12702273591173E+03 -0.46765300990217E+03  0.16810278860488E+03  0.33211935128184E+03  0.87160287227124E+02  0.50522094100252E+03  0.24402703245465E+03 -0.39161023828641E+03  0.28582488029536E+03  0.31992973782083E+03
   0.14828268950171E+05  0.10558077360886E+03 -0.84895634636542E+02  0.31700603902872E+05 -0.25563009047244E+04  0.94316376591157E+04  0.47250044988006E+04  0.10378840860785E+06  0.17401139623375E+05 -0.40879026491253E+04  0.11586313799775E+04  0.17088001191166E+04  0.10494798515927E+03  0.81584608558180E+01  0.41621516613697E+05 -0.46709818273640E+04  0.38355270424161E+05  0.20837070825189E+05 -0.54501349928406E+05  0.98110109724490E+01  0.62122278235025E+02  0.26120673303262E+02  0.97186995809958E+01 -0.81257188652338E+02 -0.30297824885078E+03  0.66675830372308E+03 -0.32744828953991E+04 -0.20767729523305E+04 -0.28193932112068E+04  0.23898650520818E+04  0.53249684713140E+04 -0.14151114685763E+04 -0.28261206170252E+04 -0.70768749512938E+03 -0.30895341469332E+04 -0.16508990869828E+04  0.18131864279980E+04 -0.20398130674759E+04 -0.22562067405092E+04
   0.10854735000172E+05 -0.49441151495678E+02  0.50436411725014E+02  0.18085069270826E+05 -0.14980733340021E+04  0.54092474618243E+04  0.27652811360207E+04  0.56328869470900E+05  0.86915900665065E+04 -0.23361018924342E+04  0.63463260782288E+03  0.98602915063398E+03  0.65614222076005E+02  0.38752237561801E+01  0.22008262756324E+05 -0.25697043682008E+04  0.20837070825189E+05  0.11471260258618E+05 -0.31709668319741E+05 -0.21808789040739E+02  0.36264303921822E+02  0.17946287963342E+02  0.75102580409068E+01 -0.32255959974410E+02 -0.10290468785877E+03  0.50892987222804E+03 -0.23083510212239E+04 -0.14300881499550E+04 -0.14196287495043E+04  0.10777295677181E+04  0.28800167309962E+04 -0.72607250975363E+03 -0.14505708496158E+04 -0.39332966838499E+03 -0.20217790839181E+04 -0.10337957641734E+04  0.18479509276679E+04 -0.13967575862126E+04 -0.15472732779626E+04
  -0.58795782960802E+07  0.19749120736998E+07 -0.22005638408902E+06 -0.18594825599353E+07  0.36214024753392E+06 -0.25354593166475E+05 -0.17631144281738E+06 -0.50252997516523E+06 -0.31388632233836E+05  0.47277626881208E+05 -0.50784042125111E+04 -0.57600151550708E+04 -0.28792712893057E+03 -0.67362900732822E+02 -0.58722443911425E+05  0.79607724378429E+04 -0.54501349928406E+05 -0.31709668319741E+05  0.25752694911487E+08  0.14145229010920E+06  0.73158558574978E+05  0.38959736117026E+05  0.21693002105178E+05  0.36933168910955E+05  0.44716859613651E+05  0.33943225100147E+06  0.32931535783904E+05  0.74394879676986E+05 -0.11453501594074E+04  0.55149842112777E+06  0.26939670519282E+07  0.16540931430473E+05  0.30483764039377E+05  0.19391369806235E+03  0.22840973923291E+05  0.72126108260699E+04 -0.17125937565523E+05  0.20004681984050E+05  0.62715043143460E+05
  -0.56872789349359E+05  0.14066725271424E+05 -0.20557240783687E+04 -0.17648778138350E+05  0.29443598994419E+04 -0.18919625286352E+04 -0.23117201854978E+04 -0.37749737747537E+05  0.92582231274596E+04  0.12472791164311E+04 -0.23404424478308E+03  0.27573504455289E+03  0.16842732973821E+02  0.11722555893619E+01  0.24692287867723E+02  0.12362516001915E+02  0.98110109724490E+01 -0.21808789040739E+02  0.14145229010920E+06  0.26619329160202E+04  0.86229763602983E+03  0.36983125185473E+03  0.18182740581626E+03  0.62582354972177E+02 -0.42926214819297E+03  0.30516235784290E+04  0.00000000000000E+00  0.26075482986441E+04  0.00000000000000E+00  0.00000000000000E+00  0.41155344414029E+05  0.00000000000000E+00  0.00000000000000E+00  0.00000000000000E+00  0.00000000000000E+00  0.00000000000000E+00  0.00000000000000E+00  0.00000000000000E+00  0.41980979966629E+04
  -0.24326193413250E+05  0.69282198286731E+04 -0.89384361281344E+03 -0.68604236874496E+04  0.12597738223908E+04 -0.39293377306303E+03 -0.79397088710561E+03 -0.73223582072096E+04  0.14345631961888E+04  0.33219274271136E+03 -0.49549240468151E+02  0.28537244825573E+02  0.25665037072282E+01 -0.34141857923970E-01  0.51494029814530E+02 -0.65350811983290E+01  0.62122278235025E+02  0.36264303921822E+02  0.73158558574978E+05  0.86229763602983E+03  0.36760235218288E+03  0.17708368779244E+03  0.93122872041900E+02  0.81542095794524E+02 -0.99116379865745E+01  0.13623956666549E+04  0.00000000000000E+00  0.67740348478836E+03  0.00000000000000E+00  0.00000000000000E+00  0.15520083823287E+05  0.00000000000000E+00  0.00000000000000E+00  0.00000000000000E+00  0.00000000000000E+00  0.00000000000000E+00  0.00000000000000E+00  0.00000000000000E+00  0.87522106479293E+03
  -0.11555368097226E+05  0.36437386771301E+04 -0.42828100440569E+03 -0.28847816067331E+04  0.55830063130149E+03 -0.42117000973973E+02 -0.28106429151698E+03 -0.19213576381235E+04  0.32404748333082E+03  0.10592500331033E+03 -0.13531209478754E+02  0.10581578601207E+01  0.22657935406383E+00 -0.16771790002943E-01  0.24258948155188E+02 -0.43214484249056E+01  0.26120673303262E+02  0.17946287963342E+02  0.38959736117026E+05  0.36983125185473E+03  0.17708368779244E+03  0.91666466500830E+02  0.50600215292333E+02  0.58017439007831E+02  0.44832583441585E+02  0.65594435187824E+03  0.00000000000000E+00  0.19815790186315E+03  0.00000000000000E+00  0.00000000000000E+00  0.67774157012942E+04  0.00000000000000E+00  0.00000000000000E+00  0.00000000000000E+00  0.00000000000000E+00  0.00000000000000E+00  0.00000000000000E+00  0.00000000000000E+00  0.26082615767976E+03
  -0.59230056597036E+04  0.20205420473856E+04 -0.22057300348001E+03 -0.13299800636520E+04  0.26362438137100E+03  0.23295788809809E+02 -0.10749023240194E+03 -0.63216544461612E+03  0.98798727721332E+02  0.38915862453532E+02 -0.45162304637712E+01 -0.58372757606357E+00 -0.25191588272519E-01 -0.58120017616812E-02  0.10674406793359E+02 -0.22037120220062E+01  0.97186995809958E+01  0.75102580409068E+01  0.21693002105178E+05  0.18182740581626E+03  0.93122872041900E+02  0.50600215292333E+02  0.28936572140244E+02  0.37155181091551E+02  0.38536544216004E+02  0.33672961881148E+03  0.00000000000000E+00  0.60733775718195E+02  0.00000000000000E+00  0.00000000000000E+00  0.32818354363881E+04  0.00000000000000E+00  0.00000000000000E+00  0.00000000000000E+00  0.00000000000000E+00  0.00000000000000E+00  0.00000000000000E+00  0.00000000000000E+00  0.97528211462891E+02
  -0.95336819145850E+04  0.51733918964173E+04 -0.38477951292278E+03 -0.25452959266911E+03  0.19502540278544E+03  0.55236304303967E+03  0.22149605220428E+03  0.61295720065031E+04 -0.13727097738333E+04 -0.19399064314169E+03  0.40069822204530E+02  0.39954596369764E+02  0.52649317221666E+01 -0.60493659017620E-02 -0.31322456205422E+02 -0.24246913160455E+01 -0.81257188652338E+02 -0.32255959974410E+02  0.36933168910955E+05  0.62582354972177E+02  0.81542095794524E+02  0.58017439007831E+02  0.37155181091551E+02  0.20854234820395E+03  0.45668767626919E+03  0.78464861218569E+03 -0.43037873506663E+02 -0.24195351309431E+02  0.44052934611160E+01  0.10705504983530E+04  0.77620138645149E+03  0.00000000000000E+00  0.00000000000000E+00  0.00000000000000E+00  0.00000000000000E+00  0.00000000000000E+00  0.00000000000000E+00 -0.28779034805871E+03 -0.29993689022516E+03
   0.25785315744518E+04  0.56246377481065E+04 -0.44881820665474E+02  0.40181936208660E+04 -0.16725675331674E+03  0.21065308628867E+04  0.11879052757036E+04  0.34416066532837E+05 -0.80981615988303E+04 -0.10450395428687E+04  0.21983207841279E+03  0.24804573134722E+03  0.28780403664091E+02 -0.15281714788283E-01 -0.15789445591142E+03 -0.94260560775753E+01 -0.30297824885078E+03 -0.10290468785877E+03  0.44716859613651E+05 -0.42926214819297E+03 -0.99116379865745E+01  0.44832583441585E+02  0.38536544216004E+02  0.45668767626919E+03  0.14713129730048E+04  0.56623908771317E+03 -0.15244634285343E+03 -0.10006033216134E+03 -0.19577567911641E+02 -0.50983729612342E+04 -0.92855234488839E+04  0.00000000000000E+00  0.00000000000000E+00  0.00000000000000E+00  0.00000000000000E+00  0.00000000000000E+00  0.00000000000000E+00 -0.18478749574365E+04 -0.19085673647045E+04
  -0.17638778544081E+06  0.49466877484741E+05 -0.65238803217044E+04 -0.32155918388498E+05  0.62791174025711E+04 -0.10771472491226E+04 -0.35702195913174E+04 -0.27494772791347E+05  0.43717480507724E+04  0.16035721618573E+04 -0.19633962848637E+03 -0.52047026601403E+02 -0.10598045299446E+02  0.11982154208006E-01  0.67487874036771E+03 -0.13932040330715E+03  0.66675830372308E+03  0.50892987222804E+03  0.33943225100147E+06  0.30516235784290E+04  0.13623956666549E+04  0.65594435187824E+03  0.33672961881148E+03  0.78464861218569E+03  0.56623908771317E+03  0.12122097818697E+05  0.25406158647219E+03  0.13252341097148E+03 -0.51009867232394E+01  0.39994429229912E+05  0.64572214122194E+05  0.00000000000000E+00  0.00000000000000E+00  0.00000000000000E+00  0.00000000000000E+00  0.00000000000000E+00  0.00000000000000E+00  0.15822543981435E+04  0.16154966936728E+04
  -0.13333530167051E+06  0.16829086285279E+05 -0.46064950205494E+04 -0.12884655909562E+05  0.19631524937722E+04 -0.24859097510771E+04 -0.22853191387564E+04 -0.63504907467313E+05  0.11388311034845E+05  0.27337166235383E+04 -0.44674655872985E+03 -0.11073845126966E+04 -0.16279600075445E+03  0.54987849547247E-01 -0.30257629735532E+04  0.59111545957649E+03 -0.32744828953991E+04 -0.23083510212239E+04  0.32931535783904E+05  0.00000000000000E+00  0.00000000000000E+00  0.00000000000000E+00  0.00000000000000E+00 -0.43037873506663E+02 -0.15244634285343E+03  0.25406158647219E+03  0.11767274425025E+06  0.00000000000000E+00  0.00000000000000E+00  0.00000000000000E+00  0.00000000000000E+00  0.00000000000000E+00  0.00000000000000E+00  0.00000000000000E+00  0.00000000000000E+00  0.00000000000000E+00  0.00000000000000E+00  0.00000000000000E+00  0.00000000000000E+00
  -0.56600725597792E+05  0.83912000804819E+04 -0.19601813151477E+04 -0.21389805476660E+05  0.33024119640551E+04 -0.37727592702084E+04 -0.35700814568398E+04 -0.50726176022441E+05  0.10745186675098E+05  0.18813958726820E+04 -0.33592331005641E+03  0.36710311034625E-11 -0.12399435504177E-11 -0.64400156036349E-13 -0.19579040262631E+04  0.36762646035741E+03 -0.20767729523305E+04 -0.14300881499550E+04  0.74394879676986E+05  0.26075482986441E+04  0.67740348478836E+03  0.19815790186315E+03  0.60733775718195E+02 -0.24195351309431E+02 -0.10006033216134E+03  0.13252341097148E+03  0.00000000000000E+00  0.65031784471972E+05  0.00000000000000E+00  0.00000000000000E+00  0.00000000000000E+00  0.00000000000000E+00  0.00000000000000E+00  0.00000000000000E+00  0.00000000000000E+00  0.00000000000000E+00  0.00000000000000E+00  0.00000000000000E+00  0.00000000000000E+00
  -0.53749186594461E+04 -0.19244588269661E+03  0.16162169286662E+02 -0.88589618140140E+02 -0.56054020372771E+02  0.13007279172716E+03  0.12736133857335E+03 -0.71882489353172E+05  0.24912588322881E+05  0.73783228807081E+03 -0.33028844761725E+03 -0.68574390459530E+03 -0.27019076799633E+02 -0.46888279803261E+01 -0.25106939229606E+04  0.29850709477785E+03 -0.28193932112068E+04 -0.14196287495043E+04 -0.11453501594074E+04  0.00000000000000E+00  0.00000000000000E+00  0.00000000000000E+00  0.00000000000000E+00  0.44052934611160E+01 -0.19577567911641E+02 -0.51009867232394E+01  0.00000000000000E+00  0.00000000000000E+00  0.30862273429279E+05  0.00000000000000E+00  0.00000000000000E+00  0.00000000000000E+00  0.00000000000000E+00  0.00000000000000E+00  0.00000000000000E+00  0.00000000000000E+00  0.00000000000000E+00  0.00000000000000E+00  0.00000000000000E+00
  -0.87963440096107E+06  0.21275868048763E+06 -0.31452428911799E+05 -0.66932738297992E+05  0.11322004236747E+05 -0.72832411283616E+04 -0.89472989298878E+04 -0.29882325141652E+06  0.66900803749893E+05  0.10936995371249E+05 -0.19349874320020E+04 -0.49344562233126E+04 -0.57917530217886E+03 -0.43766654745889E+00  0.18792548538667E+04 -0.12702273591173E+03  0.23898650520818E+04  0.10777295677181E+04  0.55149842112777E+06  0.00000000000000E+00  0.00000000000000E+00  0.00000000000000E+00  0.00000000000000E+00  0.10705504983530E+04 -0.50983729612342E+04  0.39994429229912E+05  0.00000000000000E+00  0.00000000000000E+00  0.00000000000000E+00  0.58404493262212E+06  0.00000000000000E+00  0.00000000000000E+00  0.00000000000000E+00  0.00000000000000E+00  0.00000000000000E+00  0.00000000000000E+00  0.00000000000000E+00  0.00000000000000E+00  0.00000000000000E+00
  -0.11418382088142E+07  0.26969427281076E+06 -0.41067331771960E+05 -0.34561242223621E+06  0.60114727255426E+05 -0.34887004647721E+05 -0.46444203994946E+05 -0.58661992010330E+06  0.12696861103408E+06  0.22727567975301E+05 -0.38453597503142E+04  0.44651132706027E-10  0.13074892236390E-10 -0.16162911463781E-11  0.42647738913041E+04 -0.46765300990217E+03  0.53249684713140E+04  0.28800167309962E+04  0.26939670519282E+07  0.41155344414029E+05  0.15520083823287E+05  0.67774157012942E+04  0.32818354363881E+04  0.77620138645149E+03 -0.92855234488839E+04  0.64572214122194E+05  0.00000000000000E+00  0.00000000000000E+00  0.00000000000000E+00  0.00000000000000E+00  0.92375575447554E+06  0.00000000000000E+00  0.00000000000000E+00  0.00000000000000E+00  0.00000000000000E+00  0.00000000000000E+00  0.00000000000000E+00  0.00000000000000E+00  0.00000000000000E+00
  -0.21285480557738E+05  0.58007438562372E+04 -0.78938414452250E+03 -0.13686609898535E+04  0.30403318827353E+03  0.35986606327408E+02 -0.13322200230855E+03 -0.75574765797475E+05  0.23059061293041E+05  0.14988842673548E+04 -0.41037408156895E+03 -0.22568256901042E+04 -0.14244710403614E+03 -0.21666328361191E+01 -0.15302777530149E+04  0.16810278860488E+03 -0.14151114685763E+04 -0.72607250975363E+03  0.16540931430473E+05  0.00000000000000E+00  0.00000000000000E+00  0.00000000000000E+00  0.00000000000000E+00  0.00000000000000E+00  0.00000000000000E+00  0.00000000000000E+00  0.00000000000000E+00  0.00000000000000E+00  0.00000000000000E+00  0.00000000000000E+00  0.00000000000000E+00  0.14506438632957E+05  0.00000000000000E+00  0.00000000000000E+00  0.00000000000000E+00  0.00000000000000E+00  0.00000000000000E+00  0.00000000000000E+00  0.00000000000000E+00
  -0.48176295225202E+05  0.13293683300755E+05 -0.17935619238003E+04 -0.25100691541416E+04  0.53625944612735E+03  0.28541134304619E+02 -0.23897618915018E+03 -0.17014942869271E+06  0.51951307422017E+05  0.33212911214677E+04 -0.92481103550723E+03 -0.68443094704642E+02 -0.17873588608695E+02 -0.42309084735933E-05 -0.30371547359524E+04  0.33211935128184E+03 -0.28261206170252E+04 -0.14505708496158E+04  0.30483764039377E+05  0.00000000000000E+00  0.00000000000000E+00  0.00000000000000E+00  0.00000000000000E+00  0.00000000000000E+00  0.00000000000000E+00  0.00000000000000E+00  0.00000000000000E+00  0.00000000000000E+00  0.00000000000000E+00  0.00000000000000E+00  0.00000000000000E+00  0.00000000000000E+00  0.31880894770457E+05  0.00000000000000E+00  0.00000000000000E+00  0.00000000000000E+00  0.00000000000000E+00  0.00000000000000E+00  0.00000000000000E+00
  -0.32248621882280E+04  0.42202302213474E+03 -0.99098332648920E+02 -0.68843596353180E+02  0.84891208467428E+01 -0.17010040110371E+02 -0.11945779903901E+02 -0.14235447172824E+04  0.18929839277597E+03  0.43305931666929E+02 -0.10492910277265E+02 -0.77060811417971E+02 -0.62604914019679E+01 -0.10310401645375E+00 -0.74834099316361E+03  0.87160287227124E+02 -0.70768749512938E+03 -0.39332966838499E+03  0.19391369806235E+03  0.00000000000000E+00  0.00000000000000E+00  0.00000000000000E+00  0.00000000000000E+00  0.00000000000000E+00  0.00000000000000E+00  0.00000000000000E+00  0.00000000000000E+00  0.00000000000000E+00  0.00000000000000E+00  0.00000000000000E+00  0.00000000000000E+00  0.00000000000000E+00  0.00000000000000E+00  0.38042066329242E+04  0.00000000000000E+00  0.00000000000000E+00  0.00000000000000E+00  0.00000000000000E+00  0.00000000000000E+00
  -0.90186859399740E+04  0.23850032664065E+04 -0.33029355238494E+03 -0.24007939304347E+04  0.42999372348409E+03 -0.18962748345138E+03 -0.30646088999105E+03  0.62082361924270E+03 -0.13573273540562E+04  0.11901706253171E+03 -0.10591257792309E+02 -0.16528628643368E+01 -0.17461175467510E+00 -0.12006014537934E-02 -0.30782483128957E+04  0.50522094100252E+03 -0.30895341469332E+04 -0.20217790839181E+04  0.22840973923291E+05  0.00000000000000E+00  0.00000000000000E+00  0.00000000000000E+00  0.00000000000000E+00  0.00000000000000E+00  0.00000000000000E+00  0.00000000000000E+00  0.00000000000000E+00  0.00000000000000E+00  0.00000000000000E+00  0.00000000000000E+00  0.00000000000000E+00  0.00000000000000E+00  0.00000000000000E+00  0.00000000000000E+00  0.81004655235108E+04  0.00000000000000E+00  0.00000000000000E+00  0.00000000000000E+00  0.00000000000000E+00
  -0.31913800472977E+04  0.75695481612544E+03 -0.11579049834065E+03 -0.93616475783861E+03  0.16102393128808E+03 -0.10427711157420E+03 -0.13167137656176E+03  0.40206557953122E+03 -0.73410334726592E+03  0.53689383711318E+02 -0.51502058067888E+01 -0.71260726841682E+00 -0.68291947196389E-01 -0.66603774176125E-03 -0.16070144393473E+04  0.24402703245465E+03 -0.16508990869828E+04 -0.10337957641734E+04  0.72126108260699E+04  0.00000000000000E+00  0.00000000000000E+00  0.00000000000000E+00  0.00000000000000E+00  0.00000000000000E+00  0.00000000000000E+00  0.00000000000000E+00  0.00000000000000E+00  0.00000000000000E+00  0.00000000000000E+00  0.00000000000000E+00  0.00000000000000E+00  0.00000000000000E+00  0.00000000000000E+00  0.00000000000000E+00  0.00000000000000E+00  0.41691361238310E+04  0.00000000000000E+00  0.00000000000000E+00  0.00000000000000E+00
  -0.18927746651249E+05 -0.21682782107537E+04 -0.87138746038145E+02 -0.10282754627534E+05  0.42149523701099E+03 -0.31563601536056E+04 -0.13512888100308E+04 -0.27997025544450E+06  0.11348488174546E+06  0.31559126247003E+04 -0.11164782392523E+04  0.28283194840756E+03  0.28244268688356E+02 -0.14816548410507E+01 -0.21737788831319E+04 -0.39161023828641E+03  0.18131864279980E+04  0.18479509276679E+04 -0.17125937565523E+05  0.00000000000000E+00  0.00000000000000E+00  0.00000000000000E+00  0.00000000000000E+00  0.00000000000000E+00  0.00000000000000E+00  0.00000000000000E+00  0.00000000000000E+00  0.00000000000000E+00  0.00000000000000E+00  0.00000000000000E+00  0.00000000000000E+00  0.00000000000000E+00  0.00000000000000E+00  0.00000000000000E+00  0.00000000000000E+00  0.00000000000000E+00  0.12651866471734E+06  0.00000000000000E+00  0.00000000000000E+00
  -0.75279701645104E+05  0.87540606442299E+04 -0.22010016465152E+04 -0.73498810180395E+04  0.80006784387874E+03 -0.17718847843800E+04 -0.10902684355928E+04 -0.14735303347781E+06  0.45443901646002E+05  0.28381421050765E+04 -0.79822054368387E+03 -0.26682503042060E+04 -0.19344074457078E+03 -0.21088582895849E+01 -0.10035324596930E+04  0.28582488029536E+03 -0.20398130674759E+04 -0.13967575862126E+04  0.20004681984050E+05  0.00000000000000E+00  0.00000000000000E+00  0.00000000000000E+00  0.00000000000000E+00 -0.28779034805871E+03 -0.18478749574365E+04  0.15822543981435E+04  0.00000000000000E+00  0.00000000000000E+00  0.00000000000000E+00  0.00000000000000E+00  0.00000000000000E+00  0.00000000000000E+00  0.00000000000000E+00  0.00000000000000E+00  0.00000000000000E+00  0.00000000000000E+00  0.00000000000000E+00  0.95966076768462E+05  0.00000000000000E+00
  -0.59326331222377E+05  0.74172131735253E+04 -0.17795538142208E+04 -0.21753208524259E+05  0.24769273169645E+04 -0.50474553942789E+04 -0.32346689299306E+04 -0.18096217016803E+06  0.55249754011723E+05  0.35773113390635E+04 -0.98756682174412E+03  0.32417717607879E-10  0.19030471747722E-11 -0.20307006272561E-12 -0.11279884779305E+04  0.31992973782083E+03 -0.22562067405092E+04 -0.15472732779626E+04  0.62715043143460E+05  0.41980979966629E+04  0.87522106479293E+03  0.26082615767976E+03  0.97528211462891E+02 -0.29993689022516E+03 -0.19085673647045E+04  0.16154966936728E+04  0.00000000000000E+00  0.00000000000000E+00  0.00000000000000E+00  0.00000000000000E+00  0.00000000000000E+00  0.00000000000000E+00  0.00000000000000E+00  0.00000000000000E+00  0.00000000000000E+00  0.00000000000000E+00  0.00000000000000E+00  0.00000000000000E+00  0.10030728787396E+06

 # Covariance matrix (Bevington epsilon)
   0.57712968949828E-03 -0.58599395719286E-04 -0.15420710332938E-01  0.15417382439692E-03 -0.21708406401164E-03  0.37542170116056E-03 -0.11532046747873E-02  0.54320215614882E-04  0.36537370973202E-04 -0.14504284298818E-02 -0.17562676323549E-01 -0.48036347749205E-03 -0.29998353455580E-02  0.36641505033671E-02  0.11867443971006E-03  0.24860585085442E-02  0.37891924135103E-05  0.77567842689688E-04  0.43010451026766E-05 -0.56951560041245E-03  0.24155270961207E-02  0.81164168366568E-03 -0.48141643424335E-02  0.93565255654462E-03 -0.59041189837491E-03  0.31462664037755E-04  0.39317429652266E-04  0.38337913586515E-04  0.31629049979520E-04  0.41477153011861E-04  0.39910046119247E-04 -0.20393423269699E-03 -0.10972147368845E-03  0.42267475898946E-04 -0.47728578899445E-04 -0.48320614894531E-04  0.64560734351222E-04  0.40504784830638E-04  0.37666562348126E-04
  -0.58599395719290E-04  0.12564827897664E-03  0.26039720534734E-02  0.12459942986918E-03  0.63570016454295E-03 -0.18840984726248E-03  0.12317799551455E-03 -0.28492783003158E-05 -0.23018555605670E-05  0.64222275795062E-03  0.22017108322235E-02  0.27682296097357E-03 -0.86336410426940E-03  0.31478338648497E-01  0.86999387562890E-05  0.97721887250377E-03  0.74343111420701E-04  0.45734122586562E-04 -0.20374936032506E-06 -0.10090569329069E-03 -0.28681671665353E-03  0.21558177179317E-02 -0.26539228039112E-02 -0.21746516974791E-02  0.47856866144256E-03  0.92517974735922E-04  0.10500169361321E-04  0.77895554898185E-05  0.53932492237174E-05  0.50924960072900E-05  0.64189169576324E-05  0.28900791427030E-04 -0.91088939565393E-05  0.53398877293245E-05 -0.16607504242439E-04 -0.11101527232653E-04  0.32911253304924E-06  0.77770160128091E-05  0.72628987532350E-05
