# fitpack15: fit parameters                                                                         
# CJ15 AV18 final data choices                                                                      
# Created on 09/10/2019 at 11:07:44                                                                 

 # QCD setup
  INS                           0
  NVL                          11
  IORD                          1
  Q02                   1.6899999999999999     
  IPARAMC                       7
  FLAVOR                4.0000000000000000     
  xmc                   1.3000000000000000     
  xmb                   4.5000000000000000     
  ncb                          12
  ihq                           1
  ias                           0

 # Theory corrections
  inuke                     10114
  itmc                          1
  iht                           1

 # fit parameters
 LAMBDA       0.22680        0.0000    
 a0uv          2.3606        0.0000    
 a1uv         0.61109       0.25881E-01
 a2uv          3.5591       0.15067E-01
 a3uv          0.0000        0.0000    
 a4uv          3.5956       0.59565    
 a5uv          0.0000        0.0000    
 a0dv          29.283        0.0000    
 a1dv          1.1952       0.37952E-01
 a2dv          6.7765       0.23328    
 a3dv         -3.5489       0.94304E-01
 a4dv          4.6429       0.17700    
 a5dv          0.0000        0.0000    
 a0ud         0.14584       0.54073E-02
 a1ud        -0.20837       0.40007E-02
 a2ud          8.2926       0.22798    
 a3ud          0.0000        0.0000    
 a4ud          13.889        1.4731    
 a5ud          0.0000        0.0000    
 a0du          35712.        0.0000    
 a1du          4.1065       0.10149    
 a2du          19.793        1.0402    
 a3du          17.000        0.0000    
 a4du          62.216        18.862    
 a0g           50.897        0.0000    
 a1g          0.62377       0.31525E-01
 a2g           6.5665       0.84840    
 a3g          -3.4520       0.13151    
 a4g           3.4525       0.32531    
 a5g           0.0000        0.0000    
 kappa        0.40000        0.0000    
 a6dv        -0.39015E-02   0.15892E-02
 a7dv          2.0000        0.0000    
 off1        -0.21550       0.13627    
 off2          2.3484        1.5869    
 off3         -10.635        5.9473    
 off4          10.531        6.1316    
 ht1          -3.3767       0.24482    
 ht2           1.9259       0.10349    
 ht3          -2.0699       0.24907E-01
 ht4           0.0000        0.0000    
 dummy42       0.0000        0.0000    
 dummy43       0.0000        0.0000    
 dummy44       0.0000        0.0000    
 dummy45       0.0000        0.0000    
 dummy46       0.0000        0.0000    
 dummy47       0.0000        0.0000    
 dummy48       0.0000        0.0000    
 dummy49       0.0000        0.0000    
 bcdmsh2      0.96997       0.44903E-02
 bcdmsd2      0.99296       0.54558E-02
 ccfr          1.0000        0.0000    
 nutev         1.0000        0.0000    
 zeus         0.97998        0.0000    
 h1            1.0162        0.0000    
 e605          1.0319        0.0000    
 NmcH2         1.0059       0.69142E-02
 ntv_nu        1.0000        0.0000    
 ntv_nuba      1.0000        0.0000    
 cdf_jet      0.98910        0.0000    
 d0_jet       0.83504        0.0000    
 slac_p       0.99866       0.41097E-02
 slac_d        1.0016       0.44462E-02
 e866pp       0.95424       0.20649E-01
 e866pd       0.93961       0.18254E-01
 d0_gamje      1.0413       0.16581E-01
 h1b          0.97608        0.0000    
 jlab_p       0.98914       0.50904E-02
 jlab_d       0.97450       0.51535E-02
 blank         1.0000        0.0000    
 d0run2       0.94861       0.14519E-01
 cdfrun2      0.93470       0.17349E-01
 HERA_el       1.0000        0.0000    
 HERA_ps       1.0000        0.0000    
 CDF_Z        0.95813       0.62654E-02
 NmcRat        1.0000        0.0000    
 BNS_F2nd     0.96617       0.85474E-02
 HERMES_F     0.99341       0.50584E-02
 HERMES_F     0.97797       0.52295E-02
 e03103_p     0.99311       0.45905E-02
 e03103_d     0.97725       0.46983E-02
 e06009_d_c   0.96213       0.77047E-02
 e94110_p      1.0056       0.47723E-02
 e99118_p      1.0080       0.17408E-01
 e99118_d      1.0206       0.17729E-01
 jlcee96_p     1.0147       0.48662E-02
 jlcee96_d     1.0210       0.52483E-02
 END 0. 0.

 # Hessian matrix (Bevington alpha)
   0.73576295027330E+07 -0.19098188895648E+07  0.34236029758193E+06  0.10097276263372E+07 -0.21954327432905E+06  0.19737954586082E+05  0.13174363446994E+06  0.12341765972874E+07 -0.21117701411317E+06 -0.71805093066582E+05  0.10663767619424E+05  0.13692649911959E+05  0.16275104919974E+04 -0.62817305839243E+02 -0.91566966742201E+03  0.19458222024059E+03  0.66442734293896E+04  0.27753265750467E+04 -0.14035100937401E+08 -0.97099666033612E+05 -0.42693556133617E+05 -0.20276434738110E+05 -0.10214783835017E+05 -0.30678761360460E+05 -0.20364429398844E+05 -0.47417805583735E+06 -0.12765862573628E+06 -0.54365486405294E+05 -0.43697328450001E+04 -0.84844839529242E+06 -0.11025552583910E+07 -0.21000794622588E+05 -0.47662123124813E+05 -0.30623939252664E+04 -0.20098473229558E+06 -0.22788849164892E+06 -0.88799882463828E+04 -0.31311212125906E+04 -0.15324018199866E+05  0.16592637130382E+05 -0.71065727019473E+05 -0.56291393103642E+05 -0.31270668161473E+06 -0.53403892153742E+06 -0.16147812193167E+05 -0.33388416351460E+06 -0.43321126053063E+04 -0.33443547287877E+04 -0.21708221087515E+06 -0.17017931154496E+06
  -0.19098188895648E+07  0.57888247444865E+06 -0.90838060212556E+05 -0.24915039891646E+06  0.55769322867819E+05  0.62451553161211E+04 -0.25937879038723E+05 -0.18194028746745E+06  0.33520105501069E+05  0.12056233466714E+05 -0.15174442813276E+04 -0.11522981021918E+04 -0.14301585887673E+03  0.81669516415315E+01  0.29095044424491E+04 -0.61656584304760E+03  0.10839077999206E+04  0.11779517426971E+04  0.44290539040406E+07  0.24875127136085E+05  0.12081462372226E+05  0.61874023238256E+04  0.33161517582423E+04  0.13029373230699E+05  0.15420088593918E+05  0.12809959120261E+06  0.16650893645790E+05  0.83273278247411E+04 -0.24293182206277E+03  0.21109892118072E+06  0.26798880303261E+06  0.59085327592054E+04  0.13564153904000E+05  0.41644170836511E+03  0.64037658087896E+05  0.72202081597137E+05  0.24047520983686E+04  0.76145573617398E+03 -0.23432563631406E+04 -0.22773523700299E+04  0.85943020357126E+04  0.73121497795317E+04  0.80882371786412E+05  0.13701305646758E+06  0.10653592145167E+04  0.77742752648868E+05  0.58861204710820E+03  0.46870127964463E+03  0.43001767858703E+05  0.33947676613389E+05
   0.34236029758193E+06 -0.90838060212556E+05  0.16038269091129E+05  0.46479770038520E+05 -0.10270305034379E+05  0.38320657756518E+03  0.58934675245563E+04  0.45802495093194E+05 -0.75335490467058E+04 -0.30104228349739E+04  0.40150873472146E+03  0.42774667481348E+03  0.58696784580855E+02 -0.28063207608587E+01 -0.81474317354993E+03  0.10779915253082E+03 -0.40409312029899E+03 -0.26983525403831E+03 -0.67032124871884E+06 -0.44833100964799E+04 -0.20043357103426E+04 -0.96114928805197E+03 -0.48728769543471E+03 -0.15600004802451E+04 -0.13134900969949E+04 -0.22343304789228E+05 -0.54124191641966E+04 -0.23231203883950E+04  0.48900150324745E+02 -0.38164855548611E+05 -0.49882450429350E+05 -0.98878506495124E+03 -0.22539842552382E+04 -0.11482691611362E+03 -0.96720916816028E+04 -0.10954432179915E+05 -0.41084298533112E+03 -0.14259577167407E+03  0.33820375336160E+02  0.70781707086027E+03 -0.25142117830299E+04 -0.20528320507516E+04 -0.14691461446556E+05 -0.25171523940165E+05 -0.68277010501821E+03 -0.15665378650018E+05 -0.18416123643161E+03 -0.14289897563642E+03 -0.99937434146104E+04 -0.78269700610677E+04
   0.10097276263372E+07 -0.24915039891646E+06  0.46479770038520E+05  0.40003798013777E+06 -0.66809482783721E+05  0.64399381761640E+05  0.65325789543616E+05  0.38613277467236E+06 -0.38971546837048E+05 -0.20984089482091E+05  0.36979429101810E+04 -0.75087919630068E+03 -0.58705560011698E+02  0.25157022676671E+02  0.25016357716812E+05 -0.27189558523762E+04  0.22575085160562E+05  0.11659322441651E+05 -0.30407507264462E+07 -0.28434377477000E+05 -0.11677008680783E+05 -0.51116024430541E+04 -0.23954134221506E+04 -0.25556803832609E+04  0.25400530674422E+04 -0.83210778304711E+05 -0.12534165382622E+05 -0.20847075314758E+05 -0.31236933078540E+02 -0.65344478082505E+05 -0.33797852704234E+06 -0.13406209784817E+04 -0.24785592142258E+04 -0.67173330215149E+02 -0.11565540489341E+05 -0.51775438639757E+05 -0.23884631643388E+04 -0.92881998895216E+03 -0.94210831566632E+04 -0.16134058462198E+05 -0.71076133661655E+04 -0.21112656704377E+05 -0.23067906646440E+05 -0.15517639823017E+06 -0.81167293164582E+04 -0.27010400169851E+05 -0.45711764808915E+03 -0.13534695742082E+04 -0.19755846096989E+05 -0.60066262381206E+05
  -0.21954327432905E+06  0.55769322867819E+05 -0.10270305034379E+05 -0.66809482783721E+05  0.12665268222422E+05 -0.68698856725737E+04 -0.10106458872615E+05 -0.42254132223505E+05  0.30426887362483E+04  0.29946944586924E+04 -0.42168803588940E+03 -0.44411094233257E+02 -0.25391312935419E+01 -0.18922844924544E+01 -0.16660744734095E+04  0.13877322822152E+03 -0.15607627417183E+04 -0.72364434759485E+03  0.64053611517792E+06  0.52956702795591E+04  0.23229790744216E+04  0.10570182798981E+04  0.50562316630363E+03  0.86835664240696E+03  0.53952045704174E+03  0.17207071201896E+05  0.19343315189720E+04  0.32606858179350E+04 -0.59271888073676E+02  0.11209017634807E+05  0.59559853950731E+05  0.30242423405901E+03  0.53771349550180E+03  0.83656981442316E+01  0.26841226394958E+04  0.11898489671818E+05  0.43191953110174E+03  0.16137927051996E+03  0.37814768852317E+03  0.25388825860078E+04  0.78692052675026E+03  0.24434417756260E+04  0.47329213093613E+04  0.32733106476923E+05  0.11879621893493E+04  0.56497528639541E+04  0.69087087748301E+02  0.20777745830959E+03  0.38014407406083E+04  0.11537570875945E+05
   0.19737954586082E+05  0.62451553161211E+04  0.38320657756518E+03  0.64399381761640E+05 -0.68698856725737E+04  0.22009809760476E+05  0.13750491068247E+05  0.11194398545626E+06 -0.11837755033378E+05 -0.49158114320566E+04  0.10712997259599E+04 -0.43676993274412E+03 -0.34474012435064E+02  0.93969848019699E+01  0.89149947560153E+04 -0.10987534513888E+04  0.77729251971318E+04  0.42870001064639E+04 -0.36637862015696E+05 -0.27700468701978E+04 -0.65843017578925E+03 -0.11233944390841E+03  0.99909033326985E+01  0.11779131810099E+04  0.37048286453750E+04 -0.36762687105398E+04 -0.30363273583985E+04 -0.46225079252779E+04  0.18722827914166E+03 -0.93238736428093E+04 -0.45428709781512E+05  0.15724696062153E+02 -0.65422589338802E+01 -0.19745372452741E+02  0.49411351459150E+03  0.19160466253370E+04 -0.26675656727315E+03 -0.13773771421737E+03 -0.32927035774858E+04 -0.38126281628231E+04 -0.19854714743037E+04 -0.57092274216252E+04 -0.12794830260290E+04 -0.65078822031982E+04 -0.19768818377289E+04 -0.14811347293701E+04 -0.11123846625171E+03 -0.31930726066680E+03 -0.20836434625686E+04 -0.64107748018840E+04
   0.13174363446994E+06 -0.25937879038723E+05  0.58934675245563E+04  0.65325789543616E+05 -0.10106458872615E+05  0.13750491068247E+05  0.12082097555602E+05  0.69205599787595E+05 -0.57978229686032E+04 -0.39176462820532E+04  0.68324456554928E+03 -0.11187892753972E+03 -0.92462960377201E+01  0.45246143748427E+01  0.40980646362699E+04 -0.47334156921452E+03  0.35175839610026E+04  0.18771093084262E+04 -0.33750588516799E+06 -0.41200243198821E+04 -0.15308209366810E+04 -0.59211332805710E+03 -0.24485924981107E+03  0.26237802689047E+03  0.17726351020438E+04 -0.10903031831155E+05 -0.26339163165749E+04 -0.41218084500271E+04  0.15550953812172E+03 -0.10406850216609E+05 -0.54208681821680E+05 -0.15848221513067E+03 -0.28368776714097E+03 -0.13498982304189E+02 -0.98099998076359E+03 -0.45661346907392E+04 -0.36617696804773E+03 -0.15589135499741E+03 -0.13928410703117E+04 -0.34887167044109E+04 -0.12086745821739E+04 -0.36112279982811E+04 -0.31697397251180E+04 -0.20606804848003E+05 -0.18847178768649E+04 -0.38296756162678E+04 -0.96415744742089E+02 -0.28299039564861E+03 -0.32880102807218E+04 -0.10019151297691E+05
   0.12341765972874E+07 -0.18194028746745E+06  0.45802495093194E+05  0.38613277467236E+06 -0.42254132223505E+05  0.11194398545626E+06  0.69205599787595E+05  0.49554143594684E+07 -0.23005054544815E+07 -0.86727908576712E+05  0.26427839895759E+05  0.24095835699161E+05  0.17037628555815E+04  0.54352060479148E+02  0.76939013826113E+05 -0.98521394250198E+04  0.80978341157646E+05  0.42456650870016E+05 -0.10658611975145E+07 -0.41050364422723E+05 -0.91299912999363E+04 -0.27123786949906E+04 -0.97085663323895E+03  0.86515730823471E+04  0.42528881862011E+05 -0.60032435602669E+05 -0.58936549314737E+05 -0.47346481898731E+05 -0.66634925313736E+05 -0.27809136990384E+06 -0.54937673701606E+06 -0.73417630126125E+05 -0.16577923578995E+06 -0.12918413404046E+04 -0.57211861866998E+04 -0.11354019770307E+05  0.46395507379353E+03  0.34683021159869E+03 -0.26034599983226E+06 -0.89171892918594E+04 -0.13593428362181E+06 -0.16749014365154E+06 -0.32412453044347E+05 -0.77314474145674E+05 -0.11449037768553E+05 -0.34133814548521E+05 -0.21068699723238E+04 -0.26863454884993E+04 -0.35832374180048E+05 -0.46217198418502E+05
  -0.21117701411317E+06  0.33520105501069E+05 -0.75335490467058E+04 -0.38971546837048E+05  0.30426887362483E+04 -0.11837755033378E+05 -0.57978229686032E+04 -0.23005054544815E+07  0.19205543863117E+07  0.19086585306504E+05 -0.65888620004000E+04 -0.50480554144577E+04 -0.28715615850037E+03 -0.71722329010693E+01  0.51000526995955E+05 -0.26989025071097E+04  0.18796584540638E+05  0.92833852732180E+04  0.59496767345227E+05  0.98092446742232E+04  0.17123552744531E+04  0.43816651386821E+03  0.14495470901555E+03 -0.20346505088257E+04 -0.10359151003550E+05  0.92235195180510E+04  0.10998290464251E+05  0.10429528970726E+05  0.23896411421207E+05  0.64662108944066E+05  0.12340317655852E+06  0.23351686813026E+05  0.52735399330639E+05  0.16803682599953E+03  0.63390094367134E+03  0.12934574699028E+04 -0.13138662193513E+04 -0.72057248767798E+03  0.11048936484223E+06  0.16398474903630E+04  0.43744848603187E+05  0.53322218597918E+05  0.47574337972812E+04  0.11024928548549E+05  0.19208596949036E+04  0.48677591203819E+04  0.43125655015251E+03  0.54985509036086E+03  0.55271076522650E+04  0.72283885176029E+04
  -0.71805093066582E+05  0.12056233466714E+05 -0.30104228349739E+04 -0.20984089482091E+05  0.29946944586924E+04 -0.49158114320566E+04 -0.39176462820532E+04 -0.86727908576712E+05  0.19086585306504E+05  0.28130296008336E+04 -0.67231937502988E+03 -0.63238376227087E+03 -0.58991928532297E+02 -0.80863432713759E+00 -0.37337040145542E+04  0.45316818330637E+03 -0.33702014719866E+04 -0.18426176008066E+04  0.93905761682898E+05  0.16427408458723E+04  0.49617429769452E+03  0.17529649166882E+03  0.69276746629043E+02 -0.26395597462448E+03 -0.13548368570891E+04  0.40515306099697E+04  0.26444325974416E+04  0.18336388648408E+04  0.71941065704391E+03  0.10680408901882E+05  0.22326856781855E+05  0.15228451687108E+04  0.33867728397156E+04  0.41488889336229E+02  0.56298042206955E+03  0.10773991171199E+04  0.12143048938162E+03  0.54124682759968E+02  0.30311362026701E+04  0.45152116668913E+03  0.27307217201223E+04  0.34587386193449E+04  0.22305380241249E+04  0.56184589247869E+04  0.64967788356825E+03  0.25218789660507E+04  0.92161413291118E+02  0.11719679048842E+03  0.23610624672607E+04  0.29879958909483E+04
   0.10663767619424E+05 -0.15174442813276E+04  0.40150873472146E+03  0.36979429101810E+04 -0.42168803588940E+03  0.10712997259599E+04  0.68324456554928E+03  0.26427839895759E+05 -0.65888620004000E+04 -0.67231937502988E+03  0.19026402088953E+03  0.19120130465847E+03  0.14735604221166E+02  0.37159430467271E+00  0.12664487466463E+04 -0.14249744733265E+03  0.11054354482709E+04  0.58918831699194E+03 -0.10851005239705E+05 -0.30730175339866E+03 -0.74846016496080E+02 -0.23106344060486E+02 -0.83934501572985E+01  0.66467583911158E+02  0.31962677215674E+03 -0.51726755133181E+03 -0.49109061510563E+03 -0.36959050511933E+03 -0.34686100937236E+03 -0.21217664821125E+04 -0.42504866598917E+04 -0.46006836523636E+03 -0.10405071798933E+04 -0.11215317910301E+02 -0.51451158889298E+02 -0.10190982592674E+03 -0.13458606397133E+02 -0.63724875448648E+01 -0.11732424833558E+04 -0.74017333169871E+02 -0.84988380119695E+03 -0.10564173012680E+04 -0.28236511013551E+03 -0.67541709553159E+03 -0.97318082300414E+02 -0.29759948957181E+03 -0.16987041718166E+02 -0.21660882995191E+02 -0.30879315611006E+03 -0.39736509226215E+03
   0.13692649911959E+05 -0.11522981021918E+04  0.42774667481348E+03 -0.75087919630068E+03 -0.44411094233257E+02 -0.43676993274412E+03 -0.11187892753972E+03  0.24095835699161E+05 -0.50480554144577E+04 -0.63238376227087E+03  0.19120130465847E+03  0.13896837007958E+04  0.95207457732161E+02 -0.10138921650252E+01  0.13595096114105E+04 -0.19740072756084E+03  0.15056319055805E+04  0.86028241095991E+03 -0.63565985052566E+04  0.24456312919619E+03  0.23813248809373E+02  0.19696943199017E+00 -0.79042875097573E+00  0.56025772919152E+02  0.30117982183841E+03 -0.79951204847481E+02 -0.10940451872947E+04  0.27380357335126E-10 -0.63839745495158E+03 -0.48000661626460E+04 -0.21437419865153E-10 -0.22322864266656E+04 -0.75906401543749E+02 -0.73089113572346E+02 -0.25268749295941E+00 -0.62118128969579E-10 -0.16429848006609E+01 -0.70441655400273E+00  0.24862630661670E+03  0.31960730175176E+03 -0.25221528684353E+04  0.56099357656160E-10 -0.80542194597857E+02 -0.26609356688312E-09  0.59881146986654E-11 -0.29661940399731E+02 -0.31131448128079E+02 -0.61941464990918E-11 -0.71322657676013E+02 -0.30451894887799E-10
   0.16275104919974E+04 -0.14301585887673E+03  0.58696784580855E+02 -0.58705560011698E+02 -0.25391312935419E+01 -0.34474012435064E+02 -0.92462960377201E+01  0.17037628555815E+04 -0.28715615850037E+03 -0.58991928532297E+02  0.14735604221166E+02  0.95207457732161E+02  0.88514631116034E+01 -0.10612476434378E+00  0.81327277230313E+02 -0.14042463670328E+02  0.93997412687338E+02  0.58217824333517E+02 -0.41902917525818E+03  0.13192254285546E+02  0.17289251074235E+01  0.20170061754480E-01 -0.82257072411383E-01  0.78323069857765E+01  0.36284391125805E+02 -0.19293049111386E+02 -0.16307514586032E+03 -0.95122949003778E-12 -0.26064514531620E+02 -0.57607301840910E+03 -0.56819071866571E-11 -0.14421541993612E+03 -0.19970943352227E+02 -0.60870805659748E+01 -0.17477847765854E+00 -0.54779888388407E-11 -0.17803527786063E+00 -0.69238026084130E-01  0.26186546073186E+02  0.71459567323747E+02 -0.18694272309958E+03  0.20462324082571E-11 -0.27439942581289E+02 -0.50015754438106E-12 -0.14723621481915E-11 -0.12770784899026E+02 -0.54321757290051E+01 -0.15195739651829E-12 -0.26019485210949E+02 -0.11845361173925E-11
  -0.62817305839243E+02  0.81669516415315E+01 -0.28063207608587E+01  0.25157022676671E+02 -0.18922844924544E+01  0.93969848019699E+01  0.45246143748427E+01  0.54352060479148E+02 -0.71722329010693E+01 -0.80863432713759E+00  0.37159430467271E+00 -0.10138921650252E+01 -0.10612476434378E+00  0.21197463411443E-01  0.89467927820594E+01 -0.60538413731772E+00  0.52715530128050E+01  0.23265032319383E+01 -0.27249281652465E+02  0.92686977340878E+00 -0.33933294093103E-01 -0.14342410352809E-01 -0.49477440788159E-02 -0.67384763762201E-02 -0.14151820818316E-01  0.11949751534635E-01  0.39550947227815E-01  0.34087334098731E-12 -0.35253878366246E+01 -0.23436783678455E+00 -0.13017608857022E-12 -0.14931704932690E+01 -0.10166601353788E-05 -0.75200815422489E-01  0.00000000000000E+00  0.52445129899420E-15 -0.90296073406499E-03 -0.50100811754235E-03 -0.14628311899965E+01  0.16470858734003E-05 -0.13632643767307E+01 -0.18677600632083E-12  0.68612272173778E-09 -0.15984171697411E-11 -0.66357432403245E-13  0.16136210258942E-10 -0.17526109529267E-06 -0.62623038834420E-14 -0.12209681234070E-09 -0.14115021958982E-12
  -0.91566966742201E+03  0.29095044424491E+04 -0.81474317354993E+03  0.25016357716812E+05 -0.16660744734095E+04  0.89149947560153E+04  0.40980646362699E+04  0.76939013826113E+05  0.51000526995955E+05 -0.37337040145542E+04  0.12664487466463E+04  0.13595096114105E+04  0.81327277230313E+02  0.89467927820594E+01  0.50787017664083E+05 -0.49293544733155E+04  0.38122796778039E+05  0.19778480534800E+05 -0.36411943712373E+05  0.26769686352794E+03  0.14452575323002E+03  0.61403581099448E+02  0.26182848296336E+02 -0.66491227715217E+02 -0.31379372780772E+03  0.20989954049173E+04 -0.28970758729194E+04 -0.18785018511653E+04 -0.25197880229793E+04  0.19573980481738E+04  0.43938404757689E+04 -0.15810398826199E+04 -0.31588248592590E+04 -0.73522632876489E+03  0.28982375129409E+03  0.52004742651642E+03 -0.29954807611130E+04 -0.15764488462472E+04 -0.22122462468625E+04  0.21289361399478E+03 -0.97105538996169E+03 -0.10906912839782E+04  0.85984453989223E+03  0.27917984382285E+04  0.42494646840511E+03  0.17225292046197E+04  0.54328053224612E+02  0.64492455618472E+02  0.15783316087982E+04  0.19430423271852E+04
   0.19458222024059E+03 -0.61656584304760E+03  0.10779915253082E+03 -0.27189558523762E+04  0.13877322822152E+03 -0.10987534513888E+04 -0.47334156921452E+03 -0.98521394250198E+04 -0.26989025071097E+04  0.45316818330637E+03 -0.14249744733265E+03 -0.19740072756084E+03 -0.14042463670328E+02 -0.60538413731772E+00 -0.49293544733155E+04  0.55883742074974E+03 -0.41806334947877E+04 -0.22612350818952E+04  0.12713984415300E+04 -0.45471215825207E+02 -0.29127756125853E+02 -0.13594956508636E+02 -0.61875683543414E+01 -0.21732473396499E+01  0.83073609249730E+01 -0.47757311140631E+03  0.55635222075836E+03  0.34599880278480E+03  0.29703606877847E+03 -0.14976717869447E+03 -0.50627575665849E+03  0.16973696849304E+03  0.33796089633701E+03  0.84475762494267E+02 -0.81076873582435E+02 -0.14320552539445E+03  0.47937439151655E+03  0.23418286589826E+03 -0.35718277510402E+03 -0.38801709150616E+02  0.27422670278711E+03  0.30711709465747E+03 -0.19346672537386E+03 -0.66675013318861E+03 -0.83980403827430E+02 -0.41186644408773E+03 -0.87284708983136E+01 -0.10512313756809E+02 -0.34844658855294E+03 -0.42575909341262E+03
   0.66442734293896E+04  0.10839077999206E+04 -0.40409312029899E+03  0.22575085160562E+05 -0.15607627417183E+04  0.77729251971318E+04  0.35175839610026E+04  0.80978341157646E+05  0.18796584540638E+05 -0.33702014719866E+04  0.11054354482709E+04  0.15056319055805E+04  0.93997412687338E+02  0.52715530128050E+01  0.38122796778039E+05 -0.41806334947877E+04  0.32288081801110E+05  0.17178405135131E+05 -0.43032790739007E+05  0.15754437533329E+03  0.10245035178373E+03  0.38795832300024E+02  0.13984588569531E+02 -0.15625906041187E+03 -0.50864642905969E+03  0.13225702005897E+04 -0.26926152084558E+04 -0.17319518072597E+04 -0.26693436182662E+04  0.22894768522032E+04  0.48264369267461E+04 -0.13901614511092E+04 -0.27919253179616E+04 -0.63877169510768E+03  0.61389069472411E+02  0.12697948363871E+03 -0.26783030867279E+04 -0.14504734491552E+04  0.12305803263759E+04  0.24219265809676E+03 -0.17060728626972E+04 -0.18907670966367E+04  0.59013200337785E+03  0.15094976302136E+04  0.39342132527408E+03  0.89674555066279E+03  0.70869389455793E+02  0.81968716992587E+02  0.11048194312495E+04  0.14016299512989E+04
   0.27753265750467E+04  0.11779517426971E+04 -0.26983525403831E+03  0.11659322441651E+05 -0.72364434759485E+03  0.42870001064639E+04  0.18771093084262E+04  0.42456650870016E+05  0.92833852732180E+04 -0.18426176008066E+04  0.58918831699194E+03  0.86028241095991E+03  0.58217824333517E+02  0.23265032319383E+01  0.19778480534800E+05 -0.22612350818952E+04  0.17178405135131E+05  0.92758225786947E+04 -0.17844706088644E+05  0.11919482880031E+03  0.80455418555415E+02  0.33590073179783E+02  0.13461773970951E+02 -0.74592990584879E+02 -0.23656107490979E+03  0.11947016324577E+04 -0.19060757492827E+04 -0.11905521072321E+04 -0.13268997293460E+04  0.10515710048621E+04  0.26195473833984E+04 -0.69774939853993E+03 -0.14031568037650E+04 -0.34938172303362E+03  0.10700943461946E+03  0.20101920738815E+03 -0.17295925283540E+04 -0.89624061208552E+03  0.14428859586046E+04  0.17055876345417E+03 -0.11858562588606E+04 -0.13157880651895E+04  0.52094028347386E+03  0.15012718194585E+04  0.30911499038563E+03  0.91765682956264E+03  0.43521670339791E+02  0.50875025747965E+02  0.97641770082979E+03  0.12175385467418E+04
  -0.14035100937401E+08  0.44290539040406E+07 -0.67032124871884E+06 -0.30407507264462E+07  0.64053611517792E+06 -0.36637862015696E+05 -0.33750588516799E+06 -0.10658611975145E+07  0.59496767345227E+05  0.93905761682898E+05 -0.10851005239705E+05 -0.63565985052566E+04 -0.41902917525818E+03 -0.27249281652465E+02 -0.36411943712373E+05  0.12713984415300E+04 -0.43032790739007E+05 -0.17844706088644E+05  0.49745823822939E+08  0.30891953398896E+06  0.15537093947536E+06  0.80609703108626E+05  0.43501466548746E+05  0.11329124920706E+06  0.14121421151081E+06  0.10290660945247E+07  0.40593555972801E+05  0.91490094276333E+05 -0.15080552690020E+04  0.67437847150214E+06  0.33036305636872E+07  0.20524263038225E+05  0.38145190064608E+05  0.23900845928747E+03  0.21902195238034E+06  0.95748251172769E+06  0.28360575739643E+05  0.89442643621998E+04 -0.21850730357990E+05  0.55169801328886E+05  0.24411791702838E+05  0.76739501475027E+05  0.26360693179082E+06  0.17452945476850E+07  0.27276495376261E+04  0.24803523231351E+06  0.15528311743379E+04  0.48007711908393E+04  0.12970627324080E+06  0.40161600430943E+06
  -0.97099666033612E+05  0.24875127136085E+05 -0.44833100964799E+04 -0.28434377477000E+05  0.52956702795591E+04 -0.27700468701978E+04 -0.41200243198821E+04 -0.41050364422723E+05  0.98092446742232E+04  0.16427408458723E+04 -0.30730175339866E+03  0.24456312919619E+03  0.13192254285546E+02  0.92686977340878E+00  0.26769686352794E+03 -0.45471215825207E+02  0.15754437533329E+03  0.11919482880031E+03  0.30891953398896E+06  0.39596269198212E+04  0.14327736494188E+04  0.63249840838180E+03  0.30809228397904E+03  0.29427183860470E+03 -0.29172977087412E+03  0.71987304123897E+04  0.00000000000000E+00  0.25906049988282E+04  0.00000000000000E+00  0.00000000000000E+00  0.41001782335689E+05  0.00000000000000E+00  0.00000000000000E+00  0.00000000000000E+00  0.00000000000000E+00  0.61243608830001E+04  0.00000000000000E+00  0.00000000000000E+00  0.00000000000000E+00 -0.16492976414059E+04  0.00000000000000E+00  0.41769213393483E+04  0.00000000000000E+00  0.15976099501156E+05  0.74848980310665E+03  0.00000000000000E+00  0.00000000000000E+00  0.14786951284912E+03  0.00000000000000E+00  0.57446320989952E+04
  -0.42693556133617E+05  0.12081462372226E+05 -0.20043357103426E+04 -0.11677008680783E+05  0.23229790744216E+04 -0.65843017578925E+03 -0.15308209366810E+04 -0.91299912999363E+04  0.17123552744531E+04  0.49617429769452E+03 -0.74846016496080E+02  0.23813248809373E+02  0.17289251074235E+01 -0.33933294093103E-01  0.14452575323002E+03 -0.29127756125853E+02  0.10245035178373E+03  0.80455418555415E+02  0.15537093947536E+06  0.14327736494188E+04  0.62652731583646E+03  0.29980639637335E+03  0.15358771907823E+03  0.22869751466684E+03  0.13836963852921E+03  0.32323318717810E+04  0.00000000000000E+00  0.67314571535044E+03  0.00000000000000E+00  0.00000000000000E+00  0.15462163864320E+05  0.00000000000000E+00  0.00000000000000E+00  0.00000000000000E+00  0.00000000000000E+00  0.31073886271435E+04  0.00000000000000E+00  0.00000000000000E+00  0.00000000000000E+00 -0.51398861286756E+03  0.00000000000000E+00  0.87164414646832E+03  0.00000000000000E+00  0.70737042336946E+04  0.21611148642022E+03  0.00000000000000E+00  0.00000000000000E+00  0.45633664854003E+02  0.00000000000000E+00  0.22410229532600E+04
  -0.20276434738110E+05  0.61874023238256E+04 -0.96114928805197E+03 -0.51116024430541E+04  0.10570182798981E+04 -0.11233944390841E+03 -0.59211332805710E+03 -0.27123786949906E+04  0.43816651386821E+03  0.17529649166882E+03 -0.23106344060486E+02  0.19696943199017E+00  0.20170061754480E-01 -0.14342410352809E-01  0.61403581099448E+02 -0.13594956508636E+02  0.38795832300024E+02  0.33590073179783E+02  0.80609703108626E+05  0.63249840838180E+03  0.29980639637335E+03  0.15128733480126E+03  0.80589846734777E+02  0.14322312380490E+03  0.14296374535385E+03  0.15345205114582E+04  0.00000000000000E+00  0.19702020590558E+03  0.00000000000000E+00  0.00000000000000E+00  0.67489407946522E+04  0.00000000000000E+00  0.00000000000000E+00  0.00000000000000E+00  0.00000000000000E+00  0.16185354599125E+04  0.00000000000000E+00  0.00000000000000E+00  0.00000000000000E+00 -0.16803179673484E+03  0.00000000000000E+00  0.25991713857065E+03  0.00000000000000E+00  0.32633755403850E+04  0.55623861653393E+02  0.00000000000000E+00  0.00000000000000E+00  0.15234773717732E+02  0.00000000000000E+00  0.90429640739884E+03
  -0.10214783835017E+05  0.33161517582423E+04 -0.48728769543471E+03 -0.23954134221506E+04  0.50562316630363E+03  0.99909033326985E+01 -0.24485924981107E+03 -0.97085663323895E+03  0.14495470901555E+03  0.69276746629043E+02 -0.83934501572985E+01 -0.79042875097573E+00 -0.82257072411383E-01 -0.49477440788159E-02  0.26182848296336E+02 -0.61875683543414E+01  0.13984588569531E+02  0.13461773970951E+02  0.43501466548746E+05  0.30809228397904E+03  0.15358771907823E+03  0.80589846734777E+02  0.44285445211553E+02  0.85211171532821E+02  0.96663189058330E+02  0.76490917936729E+03  0.00000000000000E+00  0.60443306878484E+02  0.00000000000000E+00  0.00000000000000E+00  0.32653982854341E+04  0.00000000000000E+00  0.00000000000000E+00  0.00000000000000E+00  0.00000000000000E+00  0.86375366103843E+03  0.00000000000000E+00  0.00000000000000E+00  0.00000000000000E+00 -0.58216967528119E+02  0.00000000000000E+00  0.97185790398205E+02  0.00000000000000E+00  0.15627524358061E+04  0.98359807100265E+01  0.00000000000000E+00  0.00000000000000E+00  0.54264804451837E+01  0.00000000000000E+00  0.37652211958316E+03
  -0.30678761360460E+05  0.13029373230699E+05 -0.15600004802451E+04 -0.25556803832609E+04  0.86835664240696E+03  0.11779131810099E+04  0.26237802689047E+03  0.86515730823471E+04 -0.20346505088257E+04 -0.26395597462448E+03  0.66467583911158E+02  0.56025772919152E+02  0.78323069857765E+01 -0.67384763762201E-02 -0.66491227715217E+02 -0.21732473396499E+01 -0.15625906041187E+03 -0.74592990584879E+02  0.11329124920706E+06  0.29427183860470E+03  0.22869751466684E+03  0.14322312380490E+03  0.85211171532821E+02  0.67136530230025E+03  0.12610073523664E+04  0.28393975266293E+04 -0.52441751418873E+02 -0.30271916290382E+02  0.22214221342987E+01  0.48441693808433E+03 -0.18985776195997E+03  0.00000000000000E+00  0.00000000000000E+00  0.00000000000000E+00  0.23011747563348E+04  0.28263499589396E+04  0.00000000000000E+00  0.00000000000000E+00  0.00000000000000E+00 -0.26922790266475E+02 -0.40184770076213E+03 -0.41702165384543E+03  0.14650044193901E+04  0.36994454773248E+04 -0.44085657192557E+03  0.16289102735955E+04 -0.43009471763323E+02 -0.39792117458880E+02 -0.18282296357277E+03 -0.11325371614884E+03
  -0.20364429398844E+05  0.15420088593918E+05 -0.13134900969949E+04  0.25400530674422E+04  0.53952045704174E+03  0.37048286453750E+04  0.17726351020438E+04  0.42528881862011E+05 -0.10359151003550E+05 -0.13548368570891E+04  0.31962677215674E+03  0.30117982183841E+03  0.36284391125805E+02 -0.14151820818316E-01 -0.31379372780772E+03  0.83073609249730E+01 -0.50864642905969E+03 -0.23656107490979E+03  0.14121421151081E+06 -0.29172977087412E+03  0.13836963852921E+03  0.14296374535385E+03  0.96663189058330E+02  0.12610073523664E+04  0.31120919149328E+04  0.28797454169019E+04 -0.16827624823830E+03 -0.11409854989485E+03 -0.53009895523994E+02 -0.70466807995164E+04 -0.12232325668953E+05  0.00000000000000E+00  0.00000000000000E+00  0.00000000000000E+00  0.32725673027526E+04  0.39097686145634E+04  0.00000000000000E+00  0.00000000000000E+00  0.00000000000000E+00 -0.42111541359982E+02 -0.22552900577994E+04 -0.23255794470169E+04  0.12306792782123E+04  0.44940926474258E+04 -0.11312627729830E+04  0.23828211591918E+04 -0.16335079074232E+03 -0.15701315255086E+03 -0.12133031221799E+04 -0.12723181099259E+04
  -0.47417805583735E+06  0.12809959120261E+06 -0.22343304789228E+05 -0.83210778304711E+05  0.17207071201896E+05 -0.36762687105398E+04 -0.10903031831155E+05 -0.60032435602669E+05  0.92235195180510E+04  0.40515306099697E+04 -0.51726755133181E+03 -0.79951204847481E+02 -0.19293049111386E+02  0.11949751534635E-01  0.20989954049173E+04 -0.47757311140631E+03  0.13225702005897E+04  0.11947016324577E+04  0.10290660945247E+07  0.71987304123897E+04  0.32323318717810E+04  0.15345205114582E+04  0.76490917936729E+03  0.28393975266293E+04  0.28797454169019E+04  0.41692742615585E+05  0.26195049010817E+03  0.13677087727367E+03 -0.71530319393650E+01  0.39206416430983E+05  0.63622468335996E+05  0.00000000000000E+00  0.00000000000000E+00  0.00000000000000E+00  0.16564607295754E+05  0.20768042812857E+05  0.00000000000000E+00  0.00000000000000E+00  0.00000000000000E+00 -0.82918823131427E+02  0.16242452720245E+04  0.16607428475649E+04  0.21317142646975E+05  0.52742317247708E+05  0.19164021333406E+04  0.34352847027703E+05  0.35348072376626E+03  0.35639563638120E+03  0.21214204902392E+05  0.20609274186508E+05
  -0.12765862573628E+06  0.16650893645790E+05 -0.54124191641966E+04 -0.12534165382622E+05  0.19343315189720E+04 -0.30363273583985E+04 -0.26339163165749E+04 -0.58936549314737E+05  0.10998290464251E+05  0.26444325974416E+04 -0.49109061510563E+03 -0.10940451872947E+04 -0.16307514586032E+03  0.39550947227815E-01 -0.28970758729194E+04  0.55635222075836E+03 -0.26926152084558E+04 -0.19060757492827E+04  0.40593555972801E+05  0.00000000000000E+00  0.00000000000000E+00  0.00000000000000E+00  0.00000000000000E+00 -0.52441751418873E+02 -0.16827624823830E+03  0.26195049010817E+03  0.11699730615221E+06  0.00000000000000E+00  0.00000000000000E+00  0.00000000000000E+00  0.00000000000000E+00  0.00000000000000E+00  0.00000000000000E+00  0.00000000000000E+00  0.00000000000000E+00  0.00000000000000E+00  0.00000000000000E+00  0.00000000000000E+00  0.00000000000000E+00  0.00000000000000E+00  0.00000000000000E+00  0.00000000000000E+00  0.00000000000000E+00  0.00000000000000E+00  0.00000000000000E+00  0.00000000000000E+00  0.00000000000000E+00  0.00000000000000E+00  0.00000000000000E+00  0.00000000000000E+00
  -0.54365486405294E+05  0.83273278247411E+04 -0.23231203883950E+04 -0.20847075314758E+05  0.32606858179350E+04 -0.46225079252779E+04 -0.41218084500271E+04 -0.47346481898731E+05  0.10429528970726E+05  0.18336388648408E+04 -0.36959050511933E+03  0.27380357335126E-10 -0.95122949003778E-12  0.34087334098731E-12 -0.18785018511653E+04  0.34599880278480E+03 -0.17319518072597E+04 -0.11905521072321E+04  0.91490094276333E+05  0.25906049988282E+04  0.67314571535044E+03  0.19702020590558E+03  0.60443306878484E+02 -0.30271916290382E+02 -0.11409854989485E+03  0.13677087727367E+03  0.00000000000000E+00  0.64637842876054E+05  0.00000000000000E+00  0.00000000000000E+00  0.00000000000000E+00  0.00000000000000E+00  0.00000000000000E+00  0.00000000000000E+00  0.00000000000000E+00  0.00000000000000E+00  0.00000000000000E+00  0.00000000000000E+00  0.00000000000000E+00  0.00000000000000E+00  0.00000000000000E+00  0.00000000000000E+00  0.00000000000000E+00  0.00000000000000E+00  0.00000000000000E+00  0.00000000000000E+00  0.00000000000000E+00  0.00000000000000E+00  0.00000000000000E+00  0.00000000000000E+00
  -0.43697328450001E+04 -0.24293182206277E+03  0.48900150324745E+02 -0.31236933078540E+02 -0.59271888073676E+02  0.18722827914166E+03  0.15550953812172E+03 -0.66634925313736E+05  0.23896411421207E+05  0.71941065704391E+03 -0.34686100937236E+03 -0.63839745495158E+03 -0.26064514531620E+02 -0.35253878366246E+01 -0.25197880229793E+04  0.29703606877847E+03 -0.26693436182662E+04 -0.13268997293460E+04 -0.15080552690020E+04  0.00000000000000E+00  0.00000000000000E+00  0.00000000000000E+00  0.00000000000000E+00  0.22214221342987E+01 -0.53009895523994E+02 -0.71530319393650E+01  0.00000000000000E+00  0.00000000000000E+00  0.30835840850789E+05  0.00000000000000E+00  0.00000000000000E+00  0.00000000000000E+00  0.00000000000000E+00  0.00000000000000E+00  0.00000000000000E+00  0.00000000000000E+00  0.00000000000000E+00  0.00000000000000E+00  0.00000000000000E+00  0.00000000000000E+00  0.00000000000000E+00  0.00000000000000E+00  0.00000000000000E+00  0.00000000000000E+00  0.00000000000000E+00  0.00000000000000E+00  0.00000000000000E+00  0.00000000000000E+00  0.00000000000000E+00  0.00000000000000E+00
  -0.84844839529242E+06  0.21109892118072E+06 -0.38164855548611E+05 -0.65344478082505E+05  0.11209017634807E+05 -0.93238736428093E+04 -0.10406850216609E+05 -0.27809136990384E+06  0.64662108944066E+05  0.10680408901882E+05 -0.21217664821125E+04 -0.48000661626460E+04 -0.57607301840910E+03 -0.23436783678455E+00  0.19573980481738E+04 -0.14976717869447E+03  0.22894768522032E+04  0.10515710048621E+04  0.67437847150214E+06  0.00000000000000E+00  0.00000000000000E+00  0.00000000000000E+00  0.00000000000000E+00  0.48441693808433E+03 -0.70466807995164E+04  0.39206416430983E+05  0.00000000000000E+00  0.00000000000000E+00  0.00000000000000E+00  0.58470434346613E+06  0.00000000000000E+00  0.00000000000000E+00  0.00000000000000E+00  0.00000000000000E+00  0.00000000000000E+00  0.00000000000000E+00  0.00000000000000E+00  0.00000000000000E+00  0.00000000000000E+00  0.00000000000000E+00  0.00000000000000E+00  0.00000000000000E+00  0.00000000000000E+00  0.00000000000000E+00  0.00000000000000E+00  0.00000000000000E+00  0.00000000000000E+00  0.00000000000000E+00  0.00000000000000E+00  0.00000000000000E+00
  -0.11025552583910E+07  0.26798880303261E+06 -0.49882450429350E+05 -0.33797852704234E+06  0.59559853950731E+05 -0.45428709781512E+05 -0.54208681821680E+05 -0.54937673701606E+06  0.12340317655852E+06  0.22326856781855E+05 -0.42504866598917E+04 -0.21437419865153E-10 -0.56819071866571E-11 -0.13017608857022E-12  0.43938404757689E+04 -0.50627575665849E+03  0.48264369267461E+04  0.26195473833984E+04  0.33036305636872E+07  0.41001782335689E+05  0.15462163864320E+05  0.67489407946522E+04  0.32653982854341E+04 -0.18985776195997E+03 -0.12232325668953E+05  0.63622468335996E+05  0.00000000000000E+00  0.00000000000000E+00  0.00000000000000E+00  0.00000000000000E+00  0.92304221223208E+06  0.00000000000000E+00  0.00000000000000E+00  0.00000000000000E+00  0.00000000000000E+00  0.00000000000000E+00  0.00000000000000E+00  0.00000000000000E+00  0.00000000000000E+00  0.00000000000000E+00  0.00000000000000E+00  0.00000000000000E+00  0.00000000000000E+00  0.00000000000000E+00  0.00000000000000E+00  0.00000000000000E+00  0.00000000000000E+00  0.00000000000000E+00  0.00000000000000E+00  0.00000000000000E+00
  -0.21000794622588E+05  0.59085327592054E+04 -0.98878506495124E+03 -0.13406209784817E+04  0.30242423405901E+03  0.15724696062153E+02 -0.15848221513067E+03 -0.73417630126125E+05  0.23351686813026E+05  0.15228451687108E+04 -0.46006836523636E+03 -0.22322864266656E+04 -0.14421541993612E+03 -0.14931704932690E+01 -0.15810398826199E+04  0.16973696849304E+03 -0.13901614511092E+04 -0.69774939853993E+03  0.20524263038225E+05  0.00000000000000E+00  0.00000000000000E+00  0.00000000000000E+00  0.00000000000000E+00  0.00000000000000E+00  0.00000000000000E+00  0.00000000000000E+00  0.00000000000000E+00  0.00000000000000E+00  0.00000000000000E+00  0.00000000000000E+00  0.00000000000000E+00  0.15118662925611E+05  0.00000000000000E+00  0.00000000000000E+00  0.00000000000000E+00  0.00000000000000E+00  0.00000000000000E+00  0.00000000000000E+00  0.00000000000000E+00  0.00000000000000E+00  0.00000000000000E+00  0.00000000000000E+00  0.00000000000000E+00  0.00000000000000E+00  0.00000000000000E+00  0.00000000000000E+00  0.00000000000000E+00  0.00000000000000E+00  0.00000000000000E+00  0.00000000000000E+00
