# fitpack15: fit parameters                                                                         
# CJ15 AV18 final data choices                                                                      
# Created on 09/10/2019 at 12:03:24                                                                 

 # QCD setup
  INS                           0
  NVL                          11
  IORD                          1
  Q02                   1.6899999999999999     
  IPARAMC                       7
  FLAVOR                4.0000000000000000     
  xmc                   1.3000000000000000     
  xmb                   4.5000000000000000     
  ncb                          12
  ihq                           1
  ias                           0

 # Theory corrections
  inuke                     10114
  itmc                          1
  iht                           1

 # fit parameters
 LAMBDA       0.22680        0.0000    
 a0uv          2.3963        0.0000    
 a1uv         0.61388       0.25290E-01
 a2uv          3.5405       0.12839E-01
 a3uv          0.0000        0.0000    
 a4uv          3.4593       0.56891    
 a5uv          0.0000        0.0000    
 a0dv          25.133        0.0000    
 a1dv          1.1624       0.32826E-01
 a2dv          6.4414       0.12664    
 a3dv         -3.4680       0.80295E-01
 a4dv          4.5276       0.16183    
 a5dv          0.0000        0.0000    
 a0ud         0.14627       0.54128E-02
 a1ud        -0.20802       0.39944E-02
 a2ud          8.2654       0.22901    
 a3ud          0.0000        0.0000    
 a4ud          13.727        1.4714    
 a5ud          0.0000        0.0000    
 a0du          35712.        0.0000    
 a1du          4.0867       0.98555E-01
 a2du          19.949        1.0239    
 a3du          17.000        0.0000    
 a4du          60.210        17.757    
 a0g           49.175        0.0000    
 a1g          0.61776       0.31156E-01
 a2g           6.5156       0.86063    
 a3g          -3.4213       0.13154    
 a4g           3.4023       0.32708    
 a5g           0.0000        0.0000    
 kappa        0.40000        0.0000    
 a6dv          0.0000        0.0000    
 a7dv          0.0000        0.0000    
 off1        -0.20896       0.13581    
 off2          1.9982        1.5963    
 off3         -7.3833        5.9665    
 off4          4.6965        5.8426    
 ht1          -3.4785       0.25115    
 ht2           1.9827       0.10202    
 ht3          -2.0628       0.24836E-01
 ht4           0.0000        0.0000    
 dummy42       0.0000        0.0000    
 dummy43       0.0000        0.0000    
 dummy44       0.0000        0.0000    
 dummy45       0.0000        0.0000    
 dummy46       0.0000        0.0000    
 dummy47       0.0000        0.0000    
 dummy48       0.0000        0.0000    
 dummy49       0.0000        0.0000    
 bcdmsh2      0.96978       0.44867E-02
 bcdmsd2      0.99247       0.54420E-02
 ccfr          1.0000        0.0000    
 nutev         1.0000        0.0000    
 zeus         0.97998        0.0000    
 h1            1.0162        0.0000    
 e605          1.0319        0.0000    
 NmcH2         1.0054       0.68983E-02
 ntv_nu        1.0000        0.0000    
 ntv_nuba      1.0000        0.0000    
 cdf_jet      0.98910        0.0000    
 d0_jet       0.83504        0.0000    
 slac_p       0.99911       0.41117E-02
 slac_d        1.0020       0.44462E-02
 e866pp       0.95264       0.20557E-01
 e866pd       0.94004       0.18294E-01
 d0_gamje      1.0416       0.16585E-01
 h1b          0.97608        0.0000    
 jlab_p       0.98949       0.50919E-02
 jlab_d       0.97499       0.51542E-02
 blank         1.0000        0.0000    
 d0run2       0.94622       0.14448E-01
 cdfrun2      0.93404       0.17345E-01
 HERA_el       1.0000        0.0000    
 HERA_ps       1.0000        0.0000    
 CDF_Z        0.95761       0.62724E-02
 NmcRat        1.0000        0.0000    
 BNS_F2nd     0.96861       0.85539E-02
 HERMES_F     0.99361       0.50606E-02
 HERMES_F     0.97812       0.52307E-02
 e03103_p     0.99336       0.45941E-02
 e03103_d     0.97803       0.46913E-02
 e06009_d_c   0.96199       0.77004E-02
 e94110_p      1.0053       0.47717E-02
 e99118_p      1.0086       0.17416E-01
 e99118_d      1.0215       0.17738E-01
 jlcee96_p     1.0144       0.48659E-02
 jlcee96_d     1.0217       0.52434E-02
 END 0. 0.

 # Hessian matrix (Bevington alpha)
   0.71762438897350E+07 -0.18593216287128E+07  0.34426361668783E+06  0.93140585902650E+06 -0.25326100881056E+06  0.72087065281421E+05  0.16076832387393E+06  0.12278101957691E+07 -0.21172627470841E+06 -0.71573807998777E+05  0.10725914471436E+05  0.13726980405764E+05  0.16181557206104E+04 -0.65381838938873E+02 -0.13207436214505E+04  0.22088957026463E+03  0.59787763690163E+04  0.24514748754952E+04 -0.94890745274680E+05 -0.41577448663150E+05 -0.19694867397387E+05 -0.98994704415645E+04 -0.28856842931618E+05 -0.19363970473072E+05 -0.46591120000679E+06 -0.12723102847650E+06 -0.53648726615312E+05 -0.43344960942892E+04 -0.84370759773500E+06 -0.10817197410382E+07 -0.20868348978989E+05 -0.47377655577644E+05 -0.30534522918319E+04 -0.19950950021093E+06 -0.22176596532443E+06 -0.86679589608798E+04 -0.30565949617679E+04 -0.15423278668204E+05  0.16858083143379E+05 -0.70831579419422E+05 -0.55752544974469E+05 -0.31068857886056E+06 -0.52136386496200E+06 -0.16097896985884E+05 -0.33184574967239E+06 -0.43096427368101E+04 -0.33016879215778E+04 -0.21588547455455E+06 -0.16693653291183E+06
  -0.18593216287128E+07  0.56345116055324E+06 -0.91333820906301E+05 -0.22362744519340E+06  0.66533909913706E+05 -0.93202902393571E+04 -0.34809027971141E+05 -0.18143881436826E+06  0.33708725893515E+05  0.12042027484065E+05 -0.15292890676608E+04 -0.11483332353250E+04 -0.14122667774650E+03  0.84942642673050E+01  0.30037883968024E+04 -0.62348166753715E+03  0.12443621708416E+04  0.12575194055327E+04  0.24232430065588E+05  0.11735161831385E+05  0.59961993087150E+04  0.32070444053559E+04  0.12313646577338E+05  0.14880916350911E+05  0.12634987624838E+06  0.16612775002682E+05  0.82047104726280E+04 -0.24654586905027E+03  0.21009481585668E+06  0.26234503434760E+06  0.58759853741082E+04  0.13500467166926E+05  0.41613342193069E+03  0.63646115173745E+05  0.70295312067623E+05  0.23306884149225E+04  0.73827353729797E+03 -0.22766111104357E+04 -0.23023572541246E+04  0.85573559436136E+04  0.72096887754807E+04  0.80431002067545E+05  0.13377393522264E+06  0.11098110296342E+04  0.77332899680357E+05  0.58528935887819E+03  0.46345211126301E+03  0.42791201454994E+05  0.33338070528619E+05
   0.34426361668783E+06 -0.91333820906301E+05  0.16637081585622E+05  0.44079315319424E+05 -0.12267836456514E+05  0.29659977185673E+04  0.75093363940602E+04  0.46798364324257E+05 -0.77704845944783E+04 -0.30846450162897E+04  0.41462592629424E+03  0.43377185132209E+03  0.59338700361380E+02 -0.29985471778226E+01 -0.85694563436641E+03  0.11283738626611E+03 -0.44055066006720E+03 -0.29090497177997E+03 -0.45156367394042E+04 -0.20141146557031E+04 -0.96405776268658E+03 -0.48794519084299E+03 -0.15212729723653E+04 -0.13079287089924E+04 -0.22669761294482E+05 -0.55366154184184E+04 -0.23531586841056E+04  0.52488694024655E+02 -0.39110577519309E+05 -0.50402280040135E+05 -0.10141827542744E+04 -0.23131809675067E+04 -0.11738798197265E+03 -0.99273551806584E+04 -0.11019740284590E+05 -0.41334933496550E+03 -0.14332049955275E+03  0.36710449876704E+02  0.73786243673795E+03 -0.25644278468785E+04 -0.20789906215190E+04 -0.15063147941594E+05 -0.25356559302343E+05 -0.69804691324763E+03 -0.16059286676300E+05 -0.18796090492235E+03 -0.14476115769825E+03 -0.10236847660628E+05 -0.79072446693151E+04
   0.93140585902650E+06 -0.22362744519340E+06  0.44079315319424E+05  0.38204265642414E+06 -0.72283923014984E+05  0.75618841538741E+05  0.70743285100440E+05  0.38622212629545E+06 -0.39401786764875E+05 -0.20906141894151E+05  0.37378596419631E+04 -0.79442933780458E+03 -0.62782093905742E+02  0.26385914790264E+02  0.25099198902535E+05 -0.27310207497087E+04  0.22264561940962E+05  0.11516914114355E+05 -0.27199711425665E+05 -0.10987509708245E+05 -0.47259893291998E+04 -0.21737231611439E+04 -0.19041838381699E+04  0.31895804277201E+04 -0.78732176917214E+05 -0.12565773217658E+05 -0.20743318787537E+05 -0.70091787800804E+02 -0.62295182945564E+05 -0.32457406521740E+06 -0.12523418336099E+04 -0.22941840926814E+04 -0.65392820361465E+02 -0.10586334977576E+05 -0.47733240962969E+05 -0.22506759221209E+04 -0.88753723843648E+03 -0.99629675286496E+04 -0.16000503460240E+05 -0.71095654509153E+04 -0.21098475123039E+05 -0.22087520506681E+05 -0.14930302777316E+06 -0.81771561341554E+04 -0.26367041716896E+05 -0.45568792062749E+03 -0.13465139692851E+04 -0.19498171664443E+05 -0.59126367021047E+05
  -0.25326100881056E+06  0.66533909913706E+05 -0.12267836456514E+05 -0.72283923014984E+05  0.16632827237962E+05 -0.98310261879564E+04 -0.12768605629250E+05 -0.44855778484548E+05  0.31955419356572E+04  0.32547098272219E+04 -0.45368280013393E+03 -0.65368625915752E+02 -0.36913249279208E+01 -0.20331488623676E+01 -0.17309922853862E+04  0.13677790183527E+03 -0.16198352652729E+04 -0.74046867397173E+03  0.61288530300838E+04  0.27402135327532E+04  0.12715746217856E+04  0.61980786650532E+03  0.11443221065492E+04  0.95164696224869E+03  0.20044463180623E+05  0.20459361790668E+04  0.35062180390240E+04 -0.60167460772995E+02  0.12907271987283E+05  0.68254393139404E+05  0.35933320102502E+03  0.63805112527768E+03  0.88003921124226E+01  0.33156953453148E+04  0.14721605003775E+05  0.50287413425424E+03  0.18354068116623E+03  0.32110133259563E+03  0.26258874463244E+04  0.85026477430287E+03  0.26462637777249E+04  0.54780542713002E+04  0.37816414434445E+05  0.11589983983425E+04  0.63803159631378E+04  0.72457407526502E+02  0.21819874132189E+03  0.41609785001623E+04  0.12634813589068E+05
   0.72087065281421E+05 -0.93202902393571E+04  0.29659977185673E+04  0.75618841538741E+05 -0.98310261879564E+04  0.22559818310029E+05  0.15340119442260E+05  0.11377721071233E+06 -0.11691861664572E+05 -0.52714820313024E+04  0.11064330203623E+04 -0.39847486469460E+03 -0.31878887255423E+02  0.96071170222183E+01  0.87354518927606E+04 -0.10602735883683E+04  0.75505032800030E+04  0.41388400639549E+04 -0.39155478748882E+04 -0.12219043951479E+04 -0.39583323388148E+03 -0.13813986946855E+03  0.77496660429022E+03  0.31527990596707E+04 -0.74818878363783E+04 -0.32321865295841E+04 -0.50165109484516E+04  0.18080066499245E+03 -0.11669028801596E+05 -0.57481054421333E+05 -0.62880315899971E+02 -0.14571883641015E+03 -0.20057817519258E+02 -0.24676035896081E+03 -0.13538949734016E+04 -0.36841698872378E+03 -0.16992666447360E+03 -0.31863210213887E+04 -0.40918297795457E+04 -0.20388194974510E+04 -0.58966590263204E+04 -0.23155555131841E+04 -0.13514713677421E+05 -0.20929819488605E+04 -0.25823577159843E+04 -0.11883628155626E+03 -0.34241340983655E+03 -0.27444339573799E+04 -0.84053441474150E+04
   0.16076832387393E+06 -0.34809027971141E+05  0.75093363940602E+04  0.70743285100440E+05 -0.12768605629250E+05  0.15340119442260E+05  0.13762933074977E+05  0.70297204626685E+05 -0.57702367187719E+04 -0.41179188689364E+04  0.70403821462397E+03 -0.89184099670032E+02 -0.78780966719864E+01  0.46362672875769E+01  0.40145162751655E+04 -0.45302810042212E+03  0.34224588090746E+04  0.18085092764209E+04 -0.47950256624574E+04 -0.18657109595202E+04 -0.76157818744153E+03 -0.33348286761473E+03  0.23054618785310E+02  0.14154121938746E+04 -0.13176216612089E+05 -0.27296956366583E+04 -0.43266204242063E+04  0.15005276167916E+03 -0.11727182759709E+05 -0.61100378229235E+05 -0.20607001343143E+03 -0.36640918780932E+03 -0.13598253446736E+02 -0.14499388519989E+04 -0.66558629749217E+04 -0.42374429573141E+03 -0.17371159174317E+03 -0.13277299505992E+04 -0.35919074231472E+04 -0.12420421827423E+04 -0.37261674283998E+04 -0.37921161320009E+04 -0.24910867670293E+05 -0.19130697369476E+04 -0.45043500220407E+04 -0.99806726032431E+02 -0.29337840249213E+03 -0.36661933520780E+04 -0.11149870476787E+05
   0.12278101957691E+07 -0.18143881436826E+06  0.46798364324257E+05  0.38622212629545E+06 -0.44855778484548E+05  0.11377721071233E+06  0.70297204626685E+05  0.49162895050809E+07 -0.22896585282896E+07 -0.86502592115509E+05  0.26486745838666E+05  0.24457570439619E+05  0.17121205647397E+04  0.57835282749264E+02  0.75599116114154E+05 -0.97080551660544E+04  0.78639034586180E+05  0.41284229476083E+05 -0.41062553018765E+05 -0.91415666495460E+04 -0.27191163542136E+04 -0.97431489774141E+03  0.79779033985890E+04  0.40156283932018E+05 -0.59060358002484E+05 -0.58918632482190E+05 -0.47286695898128E+05 -0.66232518881574E+05 -0.27776840537955E+06 -0.54869192325136E+06 -0.73169543104012E+05 -0.16504475708376E+06 -0.12764937414292E+04 -0.57666603115788E+04 -0.11488695038170E+05  0.46508772439843E+03  0.34962035923865E+03 -0.25950999939794E+06 -0.88023666762427E+04 -0.13528083926330E+06 -0.16692103751818E+06 -0.32529027425543E+05 -0.77481617696677E+05 -0.11431519171152E+05 -0.34277422426644E+05 -0.21100400489296E+04 -0.26824240572066E+04 -0.35961680107446E+05 -0.46211602335673E+05
  -0.21172627470841E+06  0.33708725893515E+05 -0.77704845944783E+04 -0.39401786764875E+05  0.31955419356572E+04 -0.11691861664572E+05 -0.57702367187719E+04 -0.22896585282896E+07  0.19185853187235E+07  0.19056781752346E+05 -0.66101741614483E+04 -0.51525597631092E+04 -0.29124109808237E+03 -0.76971009886520E+01  0.51670730271148E+05 -0.27452297450173E+04  0.19039365764554E+05  0.94082568590111E+04  0.98359697123561E+04  0.17170429701394E+04  0.43965567057574E+03  0.14554590749964E+03 -0.18677713313295E+04 -0.97143232504965E+04  0.90430685270453E+04  0.11022350923782E+05  0.10442160152307E+05  0.23814795466236E+05  0.64707868821730E+05  0.12351119116028E+06  0.23317371431157E+05  0.52632249598732E+05  0.16335376996067E+03  0.63861128410087E+03  0.13097016569594E+04 -0.13223383328696E+04 -0.72377882059969E+03  0.11046010107813E+06  0.16229452189406E+04  0.43637245108527E+05  0.53278801246860E+05  0.47817496447277E+04  0.11058095773608E+05  0.19215650546163E+04  0.48906476753350E+04  0.43317985681524E+03  0.55058125661594E+03  0.55538664103601E+04  0.72363403103227E+04
  -0.71573807998777E+05  0.12042027484065E+05 -0.30846450162897E+04 -0.20906141894151E+05  0.32547098272219E+04 -0.52714820313024E+04 -0.41179188689364E+04 -0.86502592115509E+05  0.19056781752346E+05  0.28246818502787E+04 -0.67858285321711E+03 -0.64076032932584E+03 -0.59171367496027E+02 -0.86949304735194E+00 -0.37218180302811E+04  0.45120978189387E+03 -0.33179716837550E+04 -0.18157982800488E+04  0.16517449273854E+04  0.49967680118664E+03  0.17679154854925E+03  0.69958720384459E+02 -0.24601942653225E+03 -0.13028985492427E+04  0.40289215726498E+04  0.26554844705443E+04  0.18393391502347E+04  0.71742988494366E+03  0.10726507103822E+05  0.22416924932022E+05  0.15278897648526E+04  0.33888197487734E+04  0.41380217913568E+02  0.57050537164174E+03  0.10960697046311E+04  0.12244935422112E+03  0.54316588147698E+02  0.30326234182147E+04  0.44730300166211E+03  0.27316881761927E+04  0.34622708390271E+04  0.22491620744412E+04  0.56617279446023E+04  0.65119480335143E+03  0.25450361498466E+04  0.92603152200608E+02  0.11745246536282E+03  0.23801589948700E+04  0.30021234740623E+04
   0.10725914471436E+05 -0.15292890676608E+04  0.41462592629424E+03  0.37378596419631E+04 -0.45368280013393E+03  0.11064330203623E+04  0.70403821462397E+03  0.26486745838666E+05 -0.66101741614483E+04 -0.67858285321711E+03  0.19291928128913E+03  0.19584091636375E+03  0.14949561806969E+02  0.40110615452612E+00  0.12704467733245E+04 -0.14286536497769E+03  0.10943217100510E+04  0.58393417772518E+03 -0.31103992686501E+03 -0.75896366398730E+02 -0.23467597293710E+02 -0.85353016715479E+01  0.62231386732528E+02  0.30676759722343E+03 -0.51603989215778E+03 -0.49697463271146E+03 -0.37353778008336E+03 -0.34765780170099E+03 -0.21451053382743E+04 -0.42967146560927E+04 -0.46355455226594E+03 -0.10468387559418E+04 -0.11244936216833E+02 -0.52575259963618E+02 -0.10451426292318E+03 -0.13721316359922E+02 -0.64569103580648E+01 -0.11800742853820E+04 -0.73972678844445E+02 -0.85488956184342E+03 -0.10640057671083E+04 -0.28711306426172E+03 -0.68589449866746E+03 -0.98429002042279E+02 -0.30288213414144E+03 -0.17219450605306E+02 -0.21893130191098E+02 -0.31401261913920E+03 -0.40256019003223E+03
   0.13726980405764E+05 -0.11483332353250E+04  0.43377185132209E+03 -0.79442933780458E+03 -0.65368625915752E+02 -0.39847486469460E+03 -0.89184099670032E+02  0.24457570439619E+05 -0.51525597631092E+04 -0.64076032932584E+03  0.19584091636375E+03  0.14443116292186E+04  0.97482780515313E+02 -0.99017248824170E+00  0.13958914911667E+04 -0.20125102643549E+03  0.15231153834631E+04  0.86868945525555E+03  0.25113075888317E+03  0.24234836209663E+02  0.19075393205551E+00 -0.80054146953767E+00  0.50934643112065E+02  0.28243420571121E+03 -0.74871262496019E+02 -0.10928347394241E+04  0.22858369758950E-10 -0.66128084900816E+03 -0.48300048122045E+04  0.37628276050983E-10 -0.22929199996789E+04 -0.74314222915377E+02 -0.74268175056438E+02 -0.23363342882522E+00  0.45923230187878E-10 -0.16838036494852E+01 -0.71729415029932E+00  0.25045869253423E+03  0.31416945443386E+03 -0.25698329784035E+04  0.16152712909070E-09 -0.77960993301531E+02  0.23152767634546E-09 -0.27855021722842E-10 -0.28321077832637E+02 -0.31085576408265E+02 -0.35190725576220E-11 -0.68862612138878E+02  0.15244650971385E-10
   0.16181557206104E+04 -0.14122667774650E+03  0.59338700361380E+02 -0.62782093905742E+02 -0.36913249279208E+01 -0.31878887255423E+02 -0.78780966719864E+01  0.17121205647397E+04 -0.29124109808237E+03 -0.59171367496027E+02  0.14949561806969E+02  0.97482780515313E+02  0.89505920754032E+01 -0.11030296044991E+00  0.82140338699365E+02 -0.14123512527917E+02  0.94285852601800E+02  0.58289987687056E+02  0.13418955223588E+02  0.17517217685388E+01  0.21897877624821E-01 -0.82095218963679E-01  0.71839177146200E+01  0.34305742583282E+02 -0.18165488083253E+02 -0.16203921727133E+03  0.27108048659227E-11 -0.26577337354837E+02 -0.57493079464421E+03  0.26322967211315E-10 -0.14640706072240E+03 -0.19494553179261E+02 -0.61139591021321E+01 -0.16247481977517E+00  0.26478989365380E-11 -0.18045747064518E+00 -0.69715058927288E-01  0.26258292977602E+02  0.70132383945788E+02 -0.18849618103480E+03  0.99633637818615E-11 -0.26576581124793E+02  0.32635504397401E-10 -0.34123707203224E-12 -0.12219667966479E+02 -0.54193418559543E+01 -0.51525415889237E-13 -0.25146718129587E+02  0.58355149406039E-11
  -0.65381838938873E+02  0.84942642673050E+01 -0.29985471778226E+01  0.26385914790264E+02 -0.20331488623676E+01  0.96071170222183E+01  0.46362672875769E+01  0.57835282749264E+02 -0.76971009886520E+01 -0.86949304735194E+00  0.40110615452612E+00 -0.99017248824170E+00 -0.11030296044991E+00  0.23494463385089E-01  0.95229856294559E+01 -0.65034079576711E+00  0.55696636816050E+01  0.24661893320219E+01  0.99650595007691E+00 -0.34074461687803E-01 -0.15002791131745E-01 -0.51701992757330E-02 -0.65982968994030E-02 -0.15228740186126E-01  0.11760180918241E-01  0.44115957719924E-01  0.13562564321905E-12 -0.38518474208533E+01 -0.28631627945406E+00  0.81785424142190E-12 -0.17241899487644E+01 -0.17221020696779E-05 -0.82786520043559E-01  0.00000000000000E+00  0.20368537442453E-13 -0.10119313027877E-02 -0.55634160291117E-03 -0.15087374212354E+01  0.32017706266599E-05 -0.15616226003205E+01  0.54086705279460E-12  0.17564883567440E-09  0.75216434245127E-12 -0.11632592290929E-12  0.15095882337365E-10 -0.42542762284277E-06  0.34742522454545E-13 -0.58423329857150E-09 -0.29734472492042E-12
  -0.13207436214505E+04  0.30037883968024E+04 -0.85694563436641E+03  0.25099198902535E+05 -0.17309922853862E+04  0.87354518927606E+04  0.40145162751655E+04  0.75599116114154E+05  0.51670730271148E+05 -0.37218180302811E+04  0.12704467733245E+04  0.13958914911667E+04  0.82140338699365E+02  0.95229856294559E+01  0.50733139639900E+05 -0.49140694615426E+04  0.37556957948161E+05  0.19499443356694E+05  0.26758435938819E+03  0.14447458577581E+03  0.61406221430025E+02  0.26206259794890E+02 -0.64092383212258E+02 -0.31539300616700E+03  0.20637606303650E+04 -0.28883992491882E+04 -0.18749680483453E+04 -0.25199766331814E+04  0.19621031789388E+04  0.44029093889987E+04 -0.15869143127635E+04 -0.31571450868753E+04 -0.73457442027638E+03  0.28836335335893E+03  0.52464670535577E+03 -0.30050185884912E+04 -0.15769558569130E+04 -0.22265659070229E+04  0.20973169676347E+03 -0.97169798681734E+03 -0.10911465190570E+04  0.85352061990413E+03  0.27804868126253E+04  0.42053438501746E+03  0.17083960623258E+04  0.54345437721903E+02  0.64384796629052E+02  0.15660050485116E+04  0.19272038261324E+04
   0.22088957026463E+03 -0.62348166753715E+03  0.11283738626611E+03 -0.27310207497087E+04  0.13677790183527E+03 -0.10602735883683E+04 -0.45302810042212E+03 -0.97080551660544E+04 -0.27452297450173E+04  0.45120978189387E+03 -0.14286536497769E+03 -0.20125102643549E+03 -0.14123512527917E+02 -0.65034079576711E+00 -0.49140694615426E+04  0.55615661489637E+03 -0.41168044481386E+04 -0.22284759889088E+04 -0.45459855638587E+02 -0.29137001190108E+02 -0.13610505448257E+02 -0.62020010286599E+01 -0.16362883720935E+01  0.11161653865784E+02 -0.47108126236358E+03  0.55421515312159E+03  0.34490727414374E+03  0.29638755223418E+03 -0.14957781715022E+03 -0.50799713849888E+03  0.17002548920799E+03  0.33705980374802E+03  0.84245762195581E+02 -0.80631697809218E+02 -0.14455914605860E+03  0.47999120923349E+03  0.23381820845260E+03 -0.35537234148444E+03 -0.38217138064219E+02  0.27390291298259E+03  0.30673122474942E+03 -0.19202933091075E+03 -0.66471178241730E+03 -0.83096568305979E+02 -0.40844164249611E+03 -0.87103854490540E+01 -0.10473830665113E+02 -0.34566460089465E+03 -0.42245730968044E+03
   0.59787763690163E+04  0.12443621708416E+04 -0.44055066006720E+03  0.22264561940962E+05 -0.16198352652729E+04  0.75505032800030E+04  0.34224588090746E+04  0.78639034586180E+05  0.19039365764554E+05 -0.33179716837550E+04  0.10943217100510E+04  0.15231153834631E+04  0.94285852601800E+02  0.55696636816050E+01  0.37556957948161E+05 -0.41168044481386E+04  0.31401425236585E+05  0.16729567441029E+05  0.15977454449066E+03  0.10371215814188E+03  0.39567247292381E+02  0.14394523681597E+02 -0.14688835976721E+03 -0.49792178003996E+03  0.13258387002754E+04 -0.26979950023293E+04 -0.17337502684743E+04 -0.26194719476990E+04  0.22430620346658E+04  0.47624549929588E+04 -0.13709113799456E+04 -0.27414715135914E+04 -0.63047218980844E+03  0.67468808927646E+02  0.13897175998375E+03 -0.26813005001604E+04 -0.14434786508514E+04  0.12594335147637E+04  0.24040496389811E+03 -0.17015218481262E+04 -0.18857681688119E+04  0.60212746068662E+03  0.15564345105716E+04  0.39720942057188E+03  0.92811391940845E+03  0.70446435724787E+02  0.81365193194625E+02  0.11291100954116E+04  0.14267983034037E+04
   0.24514748754952E+04  0.12575194055327E+04 -0.29090497177997E+03  0.11516914114355E+05 -0.74046867397173E+03  0.41388400639549E+04  0.18085092764209E+04  0.41284229476083E+05  0.94082568590111E+04 -0.18157982800488E+04  0.58393417772518E+03  0.86868945525555E+03  0.58289987687056E+02  0.24661893320219E+01  0.19499443356694E+05 -0.22284759889088E+04  0.16729567441029E+05  0.90457007181929E+04  0.12044447289120E+03  0.81109483605799E+02  0.34010817269908E+02  0.13698852258823E+02 -0.70591488980376E+02 -0.23579169683087E+03  0.11896393145772E+04 -0.19043776200442E+04 -0.11891559941315E+04 -0.13027581050010E+04  0.10273145424842E+04  0.25856891207207E+04 -0.68879991970843E+03 -0.13789913809045E+04 -0.34505501503869E+03  0.11035675909795E+03  0.20936485649567E+03 -0.17305863977052E+04 -0.89186442453377E+03  0.14504101701278E+04  0.16845131302318E+03 -0.11799170994679E+04 -0.13093045790526E+04  0.52539986273152E+03  0.15242753836197E+04  0.30943767067392E+03  0.93133879130745E+03  0.43164552852335E+02  0.50398435878062E+02  0.98548464678057E+03  0.12260363100390E+04
  -0.94890745274680E+05  0.24232430065588E+05 -0.45156367394042E+04 -0.27199711425665E+05  0.61288530300838E+04 -0.39155478748882E+04 -0.47950256624574E+04 -0.41062553018765E+05  0.98359697123561E+04  0.16517449273854E+04 -0.31103992686501E+03  0.25113075888317E+03  0.13418955223588E+02  0.99650595007691E+00  0.26758435938819E+03 -0.45459855638587E+02  0.15977454449066E+03  0.12044447289120E+03  0.39448715092177E+04  0.14232260186577E+04  0.62642755682317E+03  0.30423069296635E+03  0.28358208186931E+03 -0.27365984831105E+03  0.71477730755530E+04  0.00000000000000E+00  0.25943691493139E+04  0.00000000000000E+00  0.00000000000000E+00  0.40912422010426E+05  0.00000000000000E+00  0.00000000000000E+00  0.00000000000000E+00  0.00000000000000E+00  0.60961086331777E+04  0.00000000000000E+00  0.00000000000000E+00  0.00000000000000E+00 -0.16466135651589E+04  0.00000000000000E+00  0.41762782696289E+04  0.00000000000000E+00  0.15934610256689E+05  0.75053767159096E+03  0.00000000000000E+00  0.00000000000000E+00  0.14784101777792E+03  0.00000000000000E+00  0.57410099055668E+04
  -0.41577448663150E+05  0.11735161831385E+05 -0.20141146557031E+04 -0.10987509708245E+05  0.27402135327532E+04 -0.12219043951479E+04 -0.18657109595202E+04 -0.91415666495460E+04  0.17170429701394E+04  0.49967680118664E+03 -0.75896366398730E+02  0.24234836209663E+02  0.17517217685388E+01 -0.34074461687803E-01  0.14447458577581E+03 -0.29137001190108E+02  0.10371215814188E+03  0.81109483605799E+02  0.14232260186577E+04  0.62055507421979E+03  0.29606014507498E+03  0.15120835271074E+03  0.21849154939510E+03  0.13626831252432E+03  0.32140476942208E+04  0.00000000000000E+00  0.67459536989176E+03  0.00000000000000E+00  0.00000000000000E+00  0.15401497357176E+05  0.00000000000000E+00  0.00000000000000E+00  0.00000000000000E+00  0.00000000000000E+00  0.30905186133989E+04  0.00000000000000E+00  0.00000000000000E+00  0.00000000000000E+00 -0.51210828510221E+03  0.00000000000000E+00  0.87139484264418E+03  0.00000000000000E+00  0.70511894017472E+04  0.21706475470902E+03  0.00000000000000E+00  0.00000000000000E+00  0.45603240454566E+02  0.00000000000000E+00  0.22392693603025E+04
  -0.19694867397387E+05  0.59961993087150E+04 -0.96405776268658E+03 -0.47259893291998E+04  0.12715746217856E+04 -0.39583323388148E+03 -0.76157818744153E+03 -0.27191163542136E+04  0.43965567057574E+03  0.17679154854925E+03 -0.23467597293710E+02  0.19075393205551E+00  0.21897877624821E-01 -0.15002791131745E-01  0.61406221430025E+02 -0.13610505448257E+02  0.39567247292381E+02  0.34010817269908E+02  0.62642755682317E+03  0.29606014507498E+03  0.14894283535554E+03  0.79096327947557E+02  0.13663323510846E+03  0.13988263001035E+03  0.15270275460509E+04  0.00000000000000E+00  0.19773989456487E+03  0.00000000000000E+00  0.00000000000000E+00  0.67088208750303E+04  0.00000000000000E+00  0.00000000000000E+00  0.00000000000000E+00  0.00000000000000E+00  0.16084087933840E+04  0.00000000000000E+00  0.00000000000000E+00  0.00000000000000E+00 -0.16716842485716E+03  0.00000000000000E+00  0.25963578336901E+03  0.00000000000000E+00  0.32509194255396E+04  0.56088986430512E+02  0.00000000000000E+00  0.00000000000000E+00  0.15218602331070E+02  0.00000000000000E+00  0.90348130918175E+03
  -0.98994704415645E+04  0.32070444053559E+04 -0.48794519084299E+03 -0.21737231611439E+04  0.61980786650532E+03 -0.13813986946855E+03 -0.33348286761473E+03 -0.97431489774141E+03  0.14554590749964E+03  0.69958720384459E+02 -0.85353016715479E+01 -0.80054146953767E+00 -0.82095218963679E-01 -0.51701992757330E-02  0.26206259794890E+02 -0.62020010286599E+01  0.14394523681597E+02  0.13698852258823E+02  0.30423069296635E+03  0.15120835271074E+03  0.79096327947557E+02  0.43329211731213E+02  0.81254450362300E+02  0.94605309458630E+02  0.76139708147767E+03  0.00000000000000E+00  0.60860909829762E+02  0.00000000000000E+00  0.00000000000000E+00  0.32388817345216E+04  0.00000000000000E+00  0.00000000000000E+00  0.00000000000000E+00  0.00000000000000E+00  0.85763913149465E+03  0.00000000000000E+00  0.00000000000000E+00  0.00000000000000E+00 -0.58036515485767E+02  0.00000000000000E+00  0.96966188971900E+02  0.00000000000000E+00  0.15557555617181E+04  0.10069869494615E+02  0.00000000000000E+00  0.00000000000000E+00  0.54192028812029E+01  0.00000000000000E+00  0.37615979510742E+03
  -0.28856842931618E+05  0.12313646577338E+05 -0.15212729723653E+04 -0.19041838381699E+04  0.11443221065492E+04  0.77496660429022E+03  0.23054618785310E+02  0.79779033985890E+04 -0.18677713313295E+04 -0.24601942653225E+03  0.62231386732528E+02  0.50934643112065E+02  0.71839177146200E+01 -0.65982968994030E-02 -0.64092383212258E+02 -0.16362883720935E+01 -0.14688835976721E+03 -0.70591488980376E+02  0.28358208186931E+03  0.21849154939510E+03  0.13663323510846E+03  0.81254450362300E+02  0.61821284845030E+03  0.11797517577176E+04  0.27516640255981E+04 -0.50040813856707E+02 -0.28484117493709E+02  0.32150386857012E+01  0.53431991705942E+03 -0.91146559072154E+02  0.00000000000000E+00  0.00000000000000E+00  0.00000000000000E+00  0.22133203931894E+04  0.27203250141728E+04  0.00000000000000E+00  0.00000000000000E+00  0.00000000000000E+00 -0.27206063739868E+02 -0.36487333066584E+03 -0.37852300861916E+03  0.14038522029152E+04  0.35350764169651E+04 -0.42391193857608E+03  0.15236998724546E+04 -0.40833857993030E+02 -0.37580444351605E+02 -0.20342866989889E+03 -0.12222432145308E+03
  -0.19363970473072E+05  0.14880916350911E+05 -0.13079287089924E+04  0.31895804277201E+04  0.95164696224869E+03  0.31527990596707E+04  0.14154121938746E+04  0.40156283932018E+05 -0.97143232504965E+04 -0.13028985492427E+04  0.30676759722343E+03  0.28243420571121E+03  0.34305742583282E+02 -0.15228740186126E-01 -0.31539300616700E+03  0.11161653865784E+02 -0.49792178003996E+03 -0.23579169683087E+03 -0.27365984831105E+03  0.13626831252432E+03  0.13988263001035E+03  0.94605309458630E+02  0.11797517577176E+04  0.29460156251881E+04  0.28940998363066E+04 -0.16417772564099E+03 -0.10945504908686E+03 -0.39363199555380E+02 -0.66610396705529E+04 -0.11669970730781E+05  0.00000000000000E+00  0.00000000000000E+00  0.00000000000000E+00  0.32370344199936E+04  0.38630427145530E+04  0.00000000000000E+00  0.00000000000000E+00  0.00000000000000E+00 -0.43775892763843E+02 -0.21010565574561E+04 -0.21666729023688E+04  0.12050720973358E+04  0.43766842742525E+04 -0.11215196665184E+04  0.22641360007445E+04 -0.15872122244740E+03 -0.15214771475337E+03 -0.12663038896478E+04 -0.12985913319393E+04
  -0.46591120000679E+06  0.12634987624838E+06 -0.22669761294482E+05 -0.78732176917214E+05  0.20044463180623E+05 -0.74818878363783E+04 -0.13176216612089E+05 -0.59060358002484E+05  0.90430685270453E+04  0.40289215726498E+04 -0.51603989215778E+03 -0.74871262496019E+02 -0.18165488083253E+02  0.11760180918241E-01  0.20637606303650E+04 -0.47108126236358E+03  0.13258387002754E+04  0.11896393145772E+04  0.71477730755530E+04  0.32140476942208E+04  0.15270275460509E+04  0.76139708147767E+03  0.27516640255981E+04  0.28940998363066E+04  0.41474201928952E+05  0.25527399856500E+03  0.13360280623396E+03 -0.62631613731111E+01  0.38905284577846E+05  0.63067885448521E+05  0.00000000000000E+00  0.00000000000000E+00  0.00000000000000E+00  0.16628232453731E+05  0.20844185466654E+05  0.00000000000000E+00  0.00000000000000E+00  0.00000000000000E+00 -0.88631789033927E+02  0.15858373118856E+04  0.16227663303164E+04  0.21251757089229E+05  0.52600789343503E+05  0.18567729873710E+04  0.34180173638873E+05  0.34569006280596E+03  0.34941410151127E+03  0.20985382476726E+05  0.20405726555646E+05
  -0.12723102847650E+06  0.16612775002682E+05 -0.55366154184184E+04 -0.12565773217658E+05  0.20459361790668E+04 -0.32321865295841E+04 -0.27296956366583E+04 -0.58918632482190E+05  0.11022350923782E+05  0.26554844705443E+04 -0.49697463271146E+03 -0.10928347394241E+04 -0.16203921727133E+03  0.44115957719924E-01 -0.28883992491882E+04  0.55421515312159E+03 -0.26979950023293E+04 -0.19043776200442E+04  0.00000000000000E+00  0.00000000000000E+00  0.00000000000000E+00  0.00000000000000E+00 -0.50040813856707E+02 -0.16417772564099E+03  0.25527399856500E+03  0.11704783877781E+06  0.00000000000000E+00  0.00000000000000E+00  0.00000000000000E+00  0.00000000000000E+00  0.00000000000000E+00  0.00000000000000E+00  0.00000000000000E+00  0.00000000000000E+00  0.00000000000000E+00  0.00000000000000E+00  0.00000000000000E+00  0.00000000000000E+00  0.00000000000000E+00  0.00000000000000E+00  0.00000000000000E+00  0.00000000000000E+00  0.00000000000000E+00  0.00000000000000E+00  0.00000000000000E+00  0.00000000000000E+00  0.00000000000000E+00  0.00000000000000E+00  0.00000000000000E+00
  -0.53648726615312E+05  0.82047104726280E+04 -0.23531586841056E+04 -0.20743318787537E+05  0.35062180390240E+04 -0.50165109484516E+04 -0.43266204242063E+04 -0.47286695898128E+05  0.10442160152307E+05  0.18393391502347E+04 -0.37353778008336E+03  0.22858369758950E-10  0.27108048659227E-11  0.13562564321905E-12 -0.18749680483453E+04  0.34490727414374E+03 -0.17337502684743E+04 -0.11891559941315E+04  0.25943691493139E+04  0.67459536989176E+03  0.19773989456487E+03  0.60860909829762E+02 -0.28484117493709E+02 -0.10945504908686E+03  0.13360280623396E+03  0.00000000000000E+00  0.64702450252622E+05  0.00000000000000E+00  0.00000000000000E+00  0.00000000000000E+00  0.00000000000000E+00  0.00000000000000E+00  0.00000000000000E+00  0.00000000000000E+00  0.00000000000000E+00  0.00000000000000E+00  0.00000000000000E+00  0.00000000000000E+00  0.00000000000000E+00  0.00000000000000E+00  0.00000000000000E+00  0.00000000000000E+00  0.00000000000000E+00  0.00000000000000E+00  0.00000000000000E+00  0.00000000000000E+00  0.00000000000000E+00  0.00000000000000E+00  0.00000000000000E+00
  -0.43344960942892E+04 -0.24654586905027E+03  0.52488694024655E+02 -0.70091787800804E+02 -0.60167460772995E+02  0.18080066499245E+03  0.15005276167916E+03 -0.66232518881574E+05  0.23814795466236E+05  0.71742988494366E+03 -0.34765780170099E+03 -0.66128084900816E+03 -0.26577337354837E+02 -0.38518474208533E+01 -0.25199766331814E+04  0.29638755223418E+03 -0.26194719476990E+04 -0.13027581050010E+04  0.00000000000000E+00  0.00000000000000E+00  0.00000000000000E+00  0.00000000000000E+00  0.32150386857012E+01 -0.39363199555380E+02 -0.62631613731111E+01  0.00000000000000E+00  0.00000000000000E+00  0.30856576201927E+05  0.00000000000000E+00  0.00000000000000E+00  0.00000000000000E+00  0.00000000000000E+00  0.00000000000000E+00  0.00000000000000E+00  0.00000000000000E+00  0.00000000000000E+00  0.00000000000000E+00  0.00000000000000E+00  0.00000000000000E+00  0.00000000000000E+00  0.00000000000000E+00  0.00000000000000E+00  0.00000000000000E+00  0.00000000000000E+00  0.00000000000000E+00  0.00000000000000E+00  0.00000000000000E+00  0.00000000000000E+00  0.00000000000000E+00
  -0.84370759773500E+06  0.21009481585668E+06 -0.39110577519309E+05 -0.62295182945564E+05  0.12907271987283E+05 -0.11669028801596E+05 -0.11727182759709E+05 -0.27776840537955E+06  0.64707868821730E+05  0.10726507103822E+05 -0.21451053382743E+04 -0.48300048122045E+04 -0.57493079464421E+03 -0.28631627945406E+00  0.19621031789388E+04 -0.14957781715022E+03  0.22430620346658E+04  0.10273145424842E+04  0.00000000000000E+00  0.00000000000000E+00  0.00000000000000E+00  0.00000000000000E+00  0.53431991705942E+03 -0.66610396705529E+04  0.38905284577846E+05  0.00000000000000E+00  0.00000000000000E+00  0.00000000000000E+00  0.58423595550612E+06  0.00000000000000E+00  0.00000000000000E+00  0.00000000000000E+00  0.00000000000000E+00  0.00000000000000E+00  0.00000000000000E+00  0.00000000000000E+00  0.00000000000000E+00  0.00000000000000E+00  0.00000000000000E+00  0.00000000000000E+00  0.00000000000000E+00  0.00000000000000E+00  0.00000000000000E+00  0.00000000000000E+00  0.00000000000000E+00  0.00000000000000E+00  0.00000000000000E+00  0.00000000000000E+00  0.00000000000000E+00
  -0.10817197410382E+07  0.26234503434760E+06 -0.50402280040135E+05 -0.32457406521740E+06  0.68254393139404E+05 -0.57481054421333E+05 -0.61100378229235E+05 -0.54869192325136E+06  0.12351119116028E+06  0.22416924932022E+05 -0.42967146560927E+04  0.37628276050983E-10  0.26322967211315E-10  0.81785424142190E-12  0.44029093889987E+04 -0.50799713849888E+03  0.47624549929588E+04  0.25856891207207E+04  0.40912422010426E+05  0.15401497357176E+05  0.67088208750303E+04  0.32388817345216E+04 -0.91146559072154E+02 -0.11669970730781E+05  0.63067885448521E+05  0.00000000000000E+00  0.00000000000000E+00  0.00000000000000E+00  0.00000000000000E+00  0.92237688584614E+06  0.00000000000000E+00  0.00000000000000E+00  0.00000000000000E+00  0.00000000000000E+00  0.00000000000000E+00  0.00000000000000E+00  0.00000000000000E+00  0.00000000000000E+00  0.00000000000000E+00  0.00000000000000E+00  0.00000000000000E+00  0.00000000000000E+00  0.00000000000000E+00  0.00000000000000E+00  0.00000000000000E+00  0.00000000000000E+00  0.00000000000000E+00  0.00000000000000E+00  0.00000000000000E+00
  -0.20868348978989E+05  0.58759853741082E+04 -0.10141827542744E+04 -0.12523418336099E+04  0.35933320102502E+03 -0.62880315899971E+02 -0.20607001343143E+03 -0.73169543104012E+05  0.23317371431157E+05  0.15278897648526E+04 -0.46355455226594E+03 -0.22929199996789E+04 -0.14640706072240E+03 -0.17241899487644E+01 -0.15869143127635E+04  0.17002548920799E+03 -0.13709113799456E+04 -0.68879991970843E+03  0.00000000000000E+00  0.00000000000000E+00  0.00000000000000E+00  0.00000000000000E+00  0.00000000000000E+00  0.00000000000000E+00  0.00000000000000E+00  0.00000000000000E+00  0.00000000000000E+00  0.00000000000000E+00  0.00000000000000E+00  0.00000000000000E+00  0.15165593383178E+05  0.00000000000000E+00  0.00000000000000E+00  0.00000000000000E+00  0.00000000000000E+00  0.00000000000000E+00  0.00000000000000E+00  0.00000000000000E+00  0.00000000000000E+00  0.00000000000000E+00  0.00000000000000E+00  0.00000000000000E+00  0.00000000000000E+00  0.00000000000000E+00  0.00000000000000E+00  0.00000000000000E+00  0.00000000000000E+00  0.00000000000000E+00  0.00000000000000E+00
  -0.47377655577644E+05  0.13500467166926E+05 -0.23131809675067E+04 -0.22941840926814E+04  0.63805112527768E+03 -0.14571883641015E+03 -0.36640918780932E+03 -0.16504475708376E+06  0.52632249598732E+05  0.33888197487734E+04 -0.10468387559418E+04 -0.74314222915377E+02 -0.19494553179261E+02 -0.17221020696779E-05 -0.31571450868753E+04  0.33705980374802E+03 -0.27414715135914E+04 -0.13789913809045E+04  0.00000000000000E+00  0.00000000000000E+00  0.00000000000000E+00  0.00000000000000E+00  0.00000000000000E+00  0.00000000000000E+00  0.00000000000000E+00  0.00000000000000E+00  0.00000000000000E+00  0.00000000000000E+00  0.00000000000000E+00  0.00000000000000E+00  0.00000000000000E+00  0.33396944811950E+05  0.00000000000000E+00  0.00000000000000E+00  0.00000000000000E+00  0.00000000000000E+00  0.00000000000000E+00  0.00000000000000E+00  0.00000000000000E+00  0.00000000000000E+00  0.00000000000000E+00  0.00000000000000E+00  0.00000000000000E+00  0.00000000000000E+00  0.00000000000000E+00  0.00000000000000E+00  0.00000000000000E+00  0.00000000000000E+00  0.00000000000000E+00
