# fitpack15: fit parameters                                                                         
# CJ15 AV18 final data choices                                                                      
# Created on 09/09/2019 at 23:31:10                                                                 

 # QCD setup
  INS                           0
  NVL                          11
  IORD                          1
  Q02                   1.6899999999999999     
  IPARAMC                       7
  FLAVOR                4.0000000000000000     
  xmc                   1.3000000000000000     
  xmb                   4.5000000000000000     
  ncb                          12
  ihq                           1
  ias                           0

 # Theory corrections
  inuke                     10114
  itmc                          1
  iht                           1

 # fit parameters
 LAMBDA       0.22680        0.0000    
 a0uv          2.0672        0.0000    
 a1uv         0.58038       0.22796E-01
 a2uv          3.5562       0.11321E-01
 a3uv          0.0000        0.0000    
 a4uv          4.2394       0.57128    
 a5uv          0.0000        0.0000    
 a0dv          25.724        0.0000    
 a1dv          1.1625       0.37109E-01
 a2dv          6.7034       0.19377    
 a3dv         -3.5705       0.98759E-01
 a4dv          4.8072       0.15893    
 a5dv          0.0000        0.0000    
 a0ud         0.14231       0.51214E-02
 a1ud        -0.21059       0.38961E-02
 a2ud          8.4277       0.19286    
 a3ud          0.0000        0.0000    
 a4ud          15.377        1.3892    
 a5ud          0.0000        0.0000    
 a0du          35712.        0.0000    
 a1du          4.1090       0.11506    
 a2du          20.549        1.0671    
 a3du          17.000        0.0000    
 a4du          61.399        17.314    
 a0g           46.929        0.0000    
 a1g          0.60682       0.30392E-01
 a2g           6.2786       0.85968    
 a3g          -3.4047       0.12687    
 a4g           3.3328       0.30250    
 a5g           0.0000        0.0000    
 kappa        0.40000        0.0000    
 a6dv        -0.43816E-02   0.76426E-03
 a7dv          2.0000        0.0000    
 off1        -0.17874       0.13449    
 off2          1.2116        2.7510    
 off3         -1.7474        17.835    
 off4         -7.6409        39.983    
 off5          11.061        28.693    
 ht1          -3.3302       0.28046    
 ht2           1.9659       0.11599    
 ht3          -2.1032       0.29668E-01
 ht4           0.0000        0.0000    
 dummy43       0.0000        0.0000    
 dummy44       0.0000        0.0000    
 dummy45       0.0000        0.0000    
 dummy46       0.0000        0.0000    
 dummy47       0.0000        0.0000    
 dummy48       0.0000        0.0000    
 dummy49       0.0000        0.0000    
 bcdmsh2      0.96936       0.48800E-02
 bcdmsd2      0.99221       0.58649E-02
 ccfr          1.0000        0.0000    
 nutev         1.0000        0.0000    
 zeus         0.97998        0.0000    
 h1            1.0162        0.0000    
 e605          1.0319        0.0000    
 NmcH2         1.0070       0.71481E-02
 ntv_nu        1.0000        0.0000    
 ntv_nuba      1.0000        0.0000    
 cdf_jet      0.98910        0.0000    
 d0_jet       0.83504        0.0000    
 slac_p        1.0015       0.48849E-02
 slac_d        1.0033       0.53502E-02
 e866pp       0.97861       0.19537E-01
 e866pd       0.95716       0.18576E-01
 d0_gamje      1.0381       0.16543E-01
 h1b          0.97608        0.0000    
 jlab_p       0.99324       0.58552E-02
 jlab_d       0.97659       0.60302E-02
 blank         1.0000        0.0000    
 d0run2       0.95166       0.14855E-01
 cdfrun2      0.93625       0.17598E-01
 HERA_el       1.0000        0.0000    
 HERA_ps       1.0000        0.0000    
 CDF_Z        0.95679       0.67203E-02
 NmcRat        1.0000        0.0000    
 BNS_F2nd     0.97462       0.73415E-02
 HERMES_F     0.99501       0.56345E-02
 HERMES_F     0.97912       0.58720E-02
 END 0. 0.

 # Hessian matrix (Bevington alpha)
   0.51546057225013E+07 -0.13327769053299E+07  0.20713583652775E+06  0.49861275363686E+06 -0.12288161266208E+06 -0.35339155764681E+05  0.49085293504933E+05  0.96081485680349E+06 -0.17823980286793E+06 -0.49181074705035E+05  0.72948784712222E+04  0.13767535770100E+05  0.15245635588770E+04 -0.88476386239773E+02  0.98052333719289E+04 -0.23543859800963E+04  0.12470718770722E+05  0.89248709433173E+04 -0.80091695468003E+07 -0.67274159876705E+05 -0.29575618521661E+05 -0.14281716002688E+05 -0.73765929806451E+04 -0.40218593220240E+04 -0.19956279655019E+05 -0.10293414913542E+05 -0.22910424732658E+06 -0.13095432540422E+06 -0.55540395046307E+05 -0.50294351595283E+04 -0.86464868251757E+06 -0.11208681389836E+07 -0.20971970120230E+05 -0.47815739749218E+05 -0.31685667143083E+04 -0.20375015117508E+06 -0.23092705667546E+06 -0.90104482963340E+04 -0.31889323162088E+04 -0.17753976955089E+05  0.16992896959157E+05 -0.73589714750769E+05 -0.58028289872204E+05
  -0.13327769053299E+07  0.41970716456296E+06 -0.54882560540064E+05 -0.13786610285580E+06  0.33241293232322E+05  0.12180782840043E+05 -0.10150994793321E+05 -0.12417980338483E+06  0.26204328912442E+05  0.73444455196053E+04 -0.89066445967075E+03 -0.10832281576681E+04 -0.12317426919807E+03  0.10693818481408E+02  0.76063662555547E+03 -0.74746534008169E+02  0.23693777947295E+03  0.15300505107163E+03  0.26952051100859E+07  0.17416005511480E+05  0.86448933991457E+04  0.45479821400270E+04  0.25088679831391E+04  0.14415757234557E+04  0.88748757149138E+04  0.97220448865900E+04  0.66736545429169E+05  0.16721689511760E+05  0.83186510052393E+04 -0.20905755915699E+03  0.21125874543345E+06  0.26745704943925E+06  0.57789645965748E+04  0.13362026601090E+05  0.42110975129636E+03  0.63917371665025E+05  0.72073072716306E+05  0.24061955153884E+04  0.76379864727936E+03 -0.22233499394512E+04 -0.22762659674183E+04  0.86827706764574E+04  0.73366036061880E+04
   0.20713583652775E+06 -0.54882560540064E+05  0.83913879855056E+04  0.19965639491555E+05 -0.50192250058454E+04 -0.16716706508819E+04  0.18956202825762E+04  0.28810688099544E+05 -0.51820323499177E+04 -0.17351325204820E+04  0.22261220037219E+03  0.38897785551292E+03  0.48928243919081E+02 -0.34613780167575E+01 -0.29685784723750E+03 -0.11056024758886E+02 -0.15117065722231E+03 -0.47549358510822E+01 -0.33179553475728E+06 -0.26858283193556E+04 -0.12015443173614E+04 -0.58556723728907E+03 -0.30404534632895E+03 -0.16629529857346E+03 -0.87061456635617E+03 -0.61294494495632E+03 -0.93762131552146E+04 -0.49137744367777E+04 -0.20927071936179E+04  0.27310024260595E+02 -0.33909778913480E+05 -0.44209552525185E+05 -0.85608667423351E+03 -0.19603624063825E+04 -0.10547899565262E+03 -0.84564275923184E+04 -0.95767487068329E+04 -0.36250885387034E+03 -0.12677479794312E+03 -0.49364542314630E+02  0.64370186157997E+03 -0.23228581795666E+04 -0.18807097201111E+04
   0.49861275363686E+06 -0.13786610285580E+06  0.19965639491555E+05  0.40092142818398E+06 -0.60974978545994E+05  0.73430098365858E+05  0.63069355813420E+05  0.35718478877908E+06 -0.27527990997270E+05 -0.18046677561831E+05  0.32072290837514E+04 -0.13420508726646E+04 -0.14348177883345E+03  0.44913564675744E+02  0.32035251258386E+05 -0.40721048603449E+04  0.29853562006949E+05  0.16856374491663E+05 -0.23386594735401E+07 -0.19232846145798E+05 -0.77965922944825E+04 -0.34097962787640E+04 -0.16199156390436E+04 -0.82284288881324E+03 -0.15429326246212E+04  0.21951045644525E+04 -0.39711364993556E+05 -0.12785503101994E+05 -0.21202887075381E+05 -0.69452269489651E+02 -0.66405167816404E+05 -0.34294898785604E+06 -0.13241028702761E+04 -0.25081919556604E+04 -0.69130324337712E+02 -0.11748432284807E+05 -0.52523040655382E+05 -0.24221547908827E+04 -0.94442367119060E+03 -0.99182010631665E+04 -0.16150216016522E+05 -0.72520674679231E+04 -0.21480938536986E+05
  -0.12288161266208E+06  0.33241293232322E+05 -0.50192250058454E+04 -0.60974978545994E+05  0.10882105833077E+05 -0.71885615914354E+04 -0.87770506498593E+04 -0.32594330585322E+05  0.52718463314261E+03  0.23001259768566E+04 -0.31785488202396E+03 -0.90407820188379E+01  0.53676996906374E+01 -0.39292602966821E+01 -0.26746482400556E+04  0.34847505104736E+03 -0.24127592288091E+04 -0.13846191473093E+04  0.48090303634171E+06  0.34436154189590E+04  0.15294246585287E+04  0.70378196264467E+03  0.34277100494248E+03  0.17584904235373E+03  0.54175899774350E+03  0.29275883476465E+03  0.82518686399907E+04  0.19695149607547E+04  0.33143886109689E+04 -0.56885638930712E+02  0.11495904665116E+05  0.60905791249851E+05  0.30214439093560E+03  0.55004851999728E+03  0.86570470936110E+01  0.27775487289868E+04  0.12295062899261E+05  0.44343704964986E+03  0.16562726830772E+03  0.39619746861363E+03  0.25250871752317E+04  0.80341319402202E+03  0.24827856651351E+04
  -0.35339155764681E+05  0.12180782840043E+05 -0.16716706508819E+04  0.73430098365858E+05 -0.71885615914354E+04  0.24597553720274E+05  0.14469707672026E+05  0.10895387558891E+06 -0.10395983893779E+05 -0.44726116622507E+04  0.95764003235860E+03 -0.67952273529682E+03 -0.63717483498715E+02  0.15231082184013E+02  0.98375114237391E+04 -0.12804469282367E+04  0.93348722145203E+04  0.53415217053289E+04 -0.29397432048184E+05 -0.18597888867196E+04 -0.37052325010489E+03 -0.25446483673455E+02  0.34250904157781E+02  0.34674838972937E+02  0.73972221296562E+03  0.23588311076569E+04 -0.97019152466629E+03 -0.27006911271639E+04 -0.41073718532766E+04  0.15102990951873E+03 -0.81076442772944E+04 -0.39173670638690E+05  0.27009034161152E+02  0.11656651437864E+02 -0.18251950870050E+02  0.54927933562541E+03  0.22056491562269E+04 -0.22320060070208E+03 -0.11880493266093E+03 -0.31984051312317E+04 -0.32944444081081E+04 -0.18515405289893E+04 -0.53020409384156E+04
   0.49085293504933E+05 -0.10150994793321E+05  0.18956202825762E+04  0.63069355813420E+05 -0.87770506498593E+04  0.14469707672026E+05  0.11106193348991E+05  0.59761712435849E+05 -0.34377967274568E+04 -0.31781147022521E+04  0.55389026620360E+03 -0.22686295991082E+03 -0.25954651324004E+02  0.79231739259561E+01  0.50539080543654E+04 -0.67137132910326E+03  0.46418328732428E+04  0.26965347507438E+04 -0.23405756662657E+06 -0.25322288466425E+04 -0.90855053032469E+03 -0.33912021360345E+03 -0.13738716115002E+03 -0.59821483805048E+02  0.17322840255259E+03  0.11138347225903E+04 -0.44279945010127E+04 -0.24267235820997E+04 -0.37925788372687E+04  0.13730366694749E+03 -0.95821702581350E+04 -0.49773136879453E+05 -0.14090572192972E+03 -0.26088990014513E+03 -0.12723312993647E+02 -0.90433183606144E+03 -0.41907331980304E+04 -0.33519806926176E+03 -0.14326143625560E+03 -0.13636611869069E+04 -0.31396046219115E+04 -0.11378759895094E+04 -0.33834961299270E+04
   0.96081485680349E+06 -0.12417980338483E+06  0.28810688099544E+05  0.35718478877908E+06 -0.32594330585322E+05  0.10895387558891E+06  0.59761712435849E+05  0.52871201563256E+07 -0.23829202550767E+07 -0.87449909592807E+05  0.25875455166785E+05  0.23987956837441E+05  0.16136721932293E+04  0.68604199063773E+02  0.88761978347803E+05 -0.11638099750208E+05  0.96010438229103E+05  0.51978197045105E+05 -0.60210662464762E+06 -0.36724313224637E+05 -0.72617096259492E+04 -0.19644403529119E+04 -0.66903128324537E+03 -0.26666388619878E+03  0.69374543543474E+04  0.35165562232179E+05 -0.28760851151096E+05 -0.62427718399956E+05 -0.49438681647946E+05 -0.69947832120716E+05 -0.29207767729400E+06 -0.57022285665942E+06 -0.74036063121706E+05 -0.16770773070489E+06 -0.14122105770350E+04 -0.56717265563030E+04 -0.11224952819643E+05  0.49090895834700E+03  0.35062167023820E+03 -0.27174811464631E+06 -0.85611627572580E+04 -0.14338861890229E+06 -0.17547350118109E+06
  -0.17823980286793E+06  0.26204328912442E+05 -0.51820323499177E+04 -0.27527990997270E+05  0.52718463314261E+03 -0.10395983893779E+05 -0.34377967274568E+04 -0.23829202550767E+07  0.19222668814636E+07  0.19083095077956E+05 -0.63895203231719E+04 -0.50531524256196E+04 -0.27805902779865E+03 -0.85991276107920E+01  0.49285104945689E+05 -0.24152118520559E+04  0.17336829697780E+05  0.85645843014213E+04 -0.25249374313985E+05  0.91104525846915E+04  0.14264024816604E+04  0.32916079691864E+03  0.10302590542131E+03  0.39640575509492E+02 -0.16414209616877E+04 -0.86300072787812E+04  0.45710364031903E+04  0.11441742932848E+05  0.10674013168096E+05  0.24619305064606E+05  0.66489285410027E+05  0.12551291239571E+06  0.22983424815066E+05  0.52130537799105E+05  0.19359007394121E+03  0.62975243764106E+03  0.12747249717811E+04 -0.13166226424243E+04 -0.71931960141807E+03  0.11240680980240E+06  0.15338702943294E+04  0.44999263651376E+05  0.54554191615695E+05
  -0.49181074705035E+05  0.73444455196053E+04 -0.17351325204820E+04 -0.18046677561831E+05  0.23001259768566E+04 -0.44726116622507E+04 -0.31781147022521E+04 -0.87449909592807E+05  0.19083095077956E+05  0.26036630876318E+04 -0.61283697519502E+03 -0.59662794869077E+03 -0.52492387869034E+02 -0.12384466458014E+01 -0.40953338478287E+04  0.52138581017936E+03 -0.38678977538685E+04 -0.21993465332375E+04  0.57713323024907E+05  0.12656258792765E+04  0.34812021634187E+03  0.11553035651500E+03  0.44247674640864E+02  0.18862203237002E+02 -0.19947674442058E+03 -0.10290204003167E+04  0.17771047030423E+04  0.27303966950494E+04  0.18666618675947E+04  0.73449660613234E+03  0.10920464124089E+05  0.22568245805958E+05  0.14995183945153E+04  0.33409070115454E+04  0.43680730753965E+02  0.54649686026638E+03  0.10447667960553E+04  0.12172400556152E+03  0.54698738418621E+02  0.31069751907073E+04  0.42665744259051E+03  0.28194884649861E+04  0.35363063380782E+04
   0.72948784712222E+04 -0.89066445967075E+03  0.22261220037219E+03  0.32072290837514E+04 -0.31785488202396E+03  0.95764003235860E+03  0.55389026620360E+03  0.25875455166785E+05 -0.63895203231719E+04 -0.61283697519502E+03  0.16879985230815E+03  0.17116419666244E+03  0.12456122548203E+02  0.46281323978222E+00  0.12558312129227E+04 -0.14421814858241E+03  0.11442613636232E+04  0.62495175268789E+03 -0.63079708092145E+04 -0.24242904095964E+03 -0.52553985030458E+02 -0.14832342832452E+02 -0.51322126181344E+01 -0.20537055891568E+01  0.47591208455262E+02  0.23613028270209E+03 -0.21990807664258E+03 -0.46758875971203E+03 -0.34818338325882E+03 -0.33728965510078E+03 -0.20126411720122E+04 -0.39792118950946E+04 -0.42491522658743E+03 -0.96290652666204E+03 -0.11003203768269E+02 -0.45347008370109E+02 -0.89655492211674E+02 -0.11940172595893E+02 -0.57366487286103E+01 -0.11349624201631E+04 -0.63971303018194E+02 -0.82109956252872E+03 -0.10120163662495E+04
   0.13767535770100E+05 -0.10832281576681E+04  0.38897785551292E+03 -0.13420508726646E+04 -0.90407820188379E+01 -0.67952273529682E+03 -0.22686295991082E+03  0.23987956837441E+05 -0.50531524256196E+04 -0.59662794869077E+03  0.17116419666244E+03  0.13020193536074E+04  0.86827500326343E+02 -0.12448842493721E+01  0.12673965755613E+04 -0.18371586630665E+03  0.14759000707284E+04  0.85119546826991E+03 -0.55434370987955E+04  0.23878403720113E+03  0.23041539720471E+02  0.19744109599945E+00 -0.74674566244540E+00 -0.33817850856352E+00  0.44953615534274E+02  0.24442593632656E+03 -0.49212666727382E+02 -0.10029621326266E+04  0.10116762378385E-10 -0.62305005319823E+03 -0.44662887726148E+04  0.37932526236015E-09 -0.20523575178497E+04 -0.60223592106977E+02 -0.70178257503450E+02 -0.14915002416878E+00  0.18269887064180E-09 -0.15226855889241E+01 -0.65890328777613E+00  0.23951193874434E+03  0.26804855987526E+03 -0.24243385447082E+04 -0.11960053678354E-09
   0.15245635588770E+04 -0.12317426919807E+03  0.48928243919081E+02 -0.14348177883345E+03  0.53676996906374E+01 -0.63717483498715E+02 -0.25954651324004E+02  0.16136721932293E+04 -0.27805902779865E+03 -0.52492387869034E+02  0.12456122548203E+02  0.86827500326343E+02  0.77879208750502E+01 -0.13255300107205E+00  0.72043568081575E+02 -0.12542799241925E+02  0.89704535308223E+02  0.56125472611379E+02 -0.26146487325682E+03  0.12775864871719E+02  0.16681937511676E+01  0.26270620302800E-01 -0.74525125377388E-01 -0.40103680024837E-01  0.56738395915018E+01  0.27223745709339E+02 -0.96463279304998E+01 -0.14548868040365E+03  0.28790198506262E-11 -0.24620378412997E+02 -0.51883638935936E+03  0.44914384550304E-10 -0.12926670051087E+03 -0.15544866252675E+02 -0.56738529043965E+01 -0.10558529107964E+00  0.15834934162755E-10 -0.15926949927109E+00 -0.62643783854661E-01  0.24406180993495E+02  0.59340866801251E+02 -0.17537482834981E+03 -0.35031872440011E-11
  -0.88476386239773E+02  0.10693818481408E+02 -0.34613780167575E+01  0.44913564675744E+02 -0.39292602966821E+01  0.15231082184013E+02  0.79231739259561E+01  0.68604199063773E+02 -0.85991276107920E+01 -0.12384466458014E+01  0.46281323978222E+00 -0.12448842493721E+01 -0.13255300107205E+00  0.29095329031635E-01  0.10467944602044E+02 -0.79744654534491E+00  0.68548921809341E+01  0.32330426072316E+01 -0.65193991810814E+02  0.99826694122917E+00 -0.34164981812349E-01 -0.15097147603827E-01 -0.52163231267790E-02 -0.23571873957009E-02 -0.64899197989216E-02 -0.13006753925782E-01  0.11541354944077E-01  0.44395015497955E-01  0.19281949131555E-12 -0.38717616996300E+01 -0.28636393272347E+00  0.37077387910437E-11 -0.16226130900085E+01 -0.15098345847376E-05 -0.83450994689345E-01  0.10607777038297E-13  0.59624193616020E-14 -0.98214054474592E-03 -0.54617410365789E-03 -0.14828921011752E+01  0.26045041926135E-05 -0.15677446200021E+01 -0.33395321596063E-12
   0.98052333719289E+04  0.76063662555547E+03 -0.29685784723750E+03  0.32035251258386E+05 -0.26746482400556E+04  0.98375114237391E+04  0.50539080543654E+04  0.88761978347803E+05  0.49285104945689E+05 -0.40953338478287E+04  0.12558312129227E+04  0.12673965755613E+04  0.72043568081575E+02  0.10467944602044E+02  0.51175723773923E+05 -0.49471156349937E+04  0.39711878296226E+05  0.20884604800999E+05 -0.58230088820757E+05  0.46988356368499E+02  0.61416816281631E+02  0.29069682316757E+02  0.13128527042982E+02  0.61859521486902E+01 -0.23888913402422E+02 -0.13858392883506E+03  0.75022340825412E+03 -0.29233649402032E+04 -0.18971962224857E+04 -0.25023468678194E+04  0.19239785585910E+04  0.43082571195207E+04 -0.15123159033855E+04 -0.30569072607130E+04 -0.73995500814805E+03  0.31497932717616E+03  0.56050039207643E+03 -0.30076475069958E+04 -0.15809343503836E+04 -0.22193681224988E+04  0.20199327770051E+03 -0.96426707467995E+03 -0.10851177296484E+04
  -0.23543859800963E+04 -0.74746534008169E+02 -0.11056024758886E+02 -0.40721048603449E+04  0.34847505104736E+03 -0.12804469282367E+04 -0.67137132910326E+03 -0.11638099750208E+05 -0.24152118520559E+04  0.52138581017936E+03 -0.14421814858241E+03 -0.18371586630665E+03 -0.12542799241925E+02 -0.79744654534491E+00 -0.49471156349937E+04  0.55946156280075E+03 -0.43782286431479E+04 -0.23962212816301E+04  0.71362530542087E+04  0.50860372140125E+01 -0.95651019675916E+01 -0.57508114200806E+01 -0.29212694516606E+01 -0.14794237237600E+01 -0.64936132508684E+01 -0.15815033176594E+02 -0.16140427174449E+03  0.56251722495811E+03  0.35022890346224E+03  0.29524693611093E+03 -0.14171031519401E+03 -0.48396880225060E+03  0.16340983942126E+03  0.32842506320105E+03  0.85018411235937E+02 -0.87212925197112E+02 -0.15304563139007E+03  0.48372019607114E+03  0.23567392118962E+03 -0.36621668882909E+03 -0.36543104682110E+02  0.27404499852698E+03  0.30742465831009E+03
   0.12470718770722E+05  0.23693777947295E+03 -0.15117065722231E+03  0.29853562006949E+05 -0.24127592288091E+04  0.93348722145203E+04  0.46418328732428E+04  0.96010438229103E+05  0.17336829697780E+05 -0.38678977538685E+04  0.11442613636232E+04  0.14759000707284E+04  0.89704535308223E+02  0.68548921809341E+01  0.39711878296226E+05 -0.43782286431479E+04  0.35126634938013E+05  0.18974727074425E+05 -0.54627408045854E+05  0.11493767423200E+02  0.58534032630062E+02  0.24579537855096E+02  0.92179564197895E+01  0.35664965169044E+01 -0.84976159557866E+02 -0.27496579106832E+03  0.61479268554001E+03 -0.29814306619935E+04 -0.19051392036810E+04 -0.27262604215330E+04  0.23280542747797E+04  0.50452284141570E+04 -0.13631230850354E+04 -0.27683900888228E+04 -0.67185809841822E+03  0.86800885428298E+02  0.17284151493825E+03 -0.28783291422176E+04 -0.15490282826285E+04  0.15490173417179E+04  0.26088092831041E+03 -0.18622390287951E+04 -0.20668335971592E+04
   0.89248709433173E+04  0.15300505107163E+03 -0.47549358510822E+01  0.16856374491663E+05 -0.13846191473093E+04  0.53415217053289E+04  0.26965347507438E+04  0.51978197045105E+05  0.85645843014213E+04 -0.21993465332375E+04  0.62495175268789E+03  0.85119546826991E+03  0.56125472611379E+02  0.32330426072316E+01  0.20884604800999E+05 -0.23962212816301E+04  0.18974727074425E+05  0.10389519673956E+05 -0.30536290946736E+05 -0.13243456778578E+02  0.37145007143247E+02  0.18351748611849E+02  0.78438920251332E+01  0.34192947994590E+01 -0.29158023458913E+02 -0.82246074125085E+02  0.49578527523420E+03 -0.21087455092670E+04 -0.13127761821847E+04 -0.13713416057300E+04  0.10693975590689E+04  0.27464817192289E+04 -0.69567567931696E+03 -0.14127785573805E+04 -0.37211268065897E+03  0.13303674178000E+03  0.24666099473317E+03 -0.18762547267115E+04 -0.96669163248295E+03  0.16566639345020E+04  0.18134567762132E+03 -0.12876412992657E+04 -0.14309595173224E+04
  -0.80091695468003E+07  0.26952051100859E+07 -0.33179553475728E+06 -0.23386594735401E+07  0.48090303634171E+06 -0.29397432048184E+05 -0.23405756662657E+06 -0.60210662464762E+06 -0.25249374313985E+05  0.57713323024907E+05 -0.63079708092145E+04 -0.55434370987955E+04 -0.26146487325682E+03 -0.65193991810814E+02 -0.58230088820757E+05  0.71362530542087E+04 -0.54627408045854E+05 -0.30536290946736E+05  0.35542434121536E+08  0.18792737016910E+06  0.97504101749343E+05  0.52005361422325E+05  0.28860470430620E+05  0.16625048425022E+05  0.67496693263215E+05  0.78280486489989E+05  0.49335358227776E+06  0.35185207437184E+05  0.79161847920631E+05 -0.12443655693399E+04  0.58781697447598E+06  0.28720522758040E+07  0.17302104403632E+05  0.32855143410007E+05  0.21276403084652E+03  0.19080602449374E+06  0.83448426717844E+06  0.24774323861029E+05  0.78230628016174E+04 -0.18591800650327E+05  0.46641661033108E+05  0.21356657109281E+05  0.66660031058350E+05
  -0.67274159876705E+05  0.17416005511480E+05 -0.26858283193556E+04 -0.19232846145798E+05  0.34436154189590E+04 -0.18597888867196E+04 -0.25322288466425E+04 -0.36724313224637E+05  0.91104525846915E+04  0.12656258792765E+04 -0.24242904095964E+03  0.23878403720113E+03  0.12775864871719E+02  0.99826694122917E+00  0.46988356368499E+02  0.50860372140125E+01  0.11493767423200E+02 -0.13243456778578E+02  0.18792737016910E+06  0.30067031428270E+04  0.10266153134283E+04  0.45165253942254E+03  0.22428165813084E+03  0.12027771366626E+03  0.19377382515359E+03 -0.27054090221038E+03  0.37950511071901E+04  0.00000000000000E+00  0.25994558971923E+04  0.00000000000000E+00  0.00000000000000E+00  0.41074878770899E+05  0.00000000000000E+00  0.00000000000000E+00  0.00000000000000E+00  0.00000000000000E+00  0.61354435173420E+04  0.00000000000000E+00  0.00000000000000E+00  0.00000000000000E+00 -0.16395936892873E+04  0.00000000000000E+00  0.41795035862667E+04
  -0.29575618521661E+05  0.86448933991457E+04 -0.12015443173614E+04 -0.77965922944825E+04  0.15294246585287E+04 -0.37052325010489E+03 -0.90855053032469E+03 -0.72617096259492E+04  0.14264024816604E+04  0.34812021634187E+03 -0.52553985030458E+02  0.23041539720471E+02  0.16681937511676E+01 -0.34164981812349E-01  0.61416816281631E+02 -0.95651019675916E+01  0.58534032630062E+02  0.37145007143247E+02  0.97504101749343E+05  0.10266153134283E+04  0.44800513473857E+03  0.21804448515842E+03  0.11473009966002E+03  0.63985815393319E+02  0.15757784351758E+03  0.77692128013994E+02  0.17436711918405E+04  0.00000000000000E+00  0.67549025179901E+03  0.00000000000000E+00  0.00000000000000E+00  0.15492326693639E+05  0.00000000000000E+00  0.00000000000000E+00  0.00000000000000E+00  0.00000000000000E+00  0.31133505702514E+04  0.00000000000000E+00  0.00000000000000E+00  0.00000000000000E+00 -0.51290487526130E+03  0.00000000000000E+00  0.87268398452178E+03
  -0.14281716002688E+05  0.45479821400270E+04 -0.58556723728907E+03 -0.34097962787640E+04  0.70378196264467E+03 -0.25446483673455E+02 -0.33912021360345E+03 -0.19644403529119E+04  0.32916079691864E+03  0.11553035651500E+03 -0.14832342832452E+02  0.19744109599945E+00  0.26270620302800E-01 -0.15097147603827E-01  0.29069682316757E+02 -0.57508114200806E+01  0.24579537855096E+02  0.18351748611849E+02  0.52005361422325E+05  0.45165253942254E+03  0.21804448515842E+03  0.11289408289022E+03  0.61938880956333E+02  0.35613106793069E+02  0.10044003414565E+03  0.91276270643725E+02  0.85594880422510E+03  0.00000000000000E+00  0.19775641557397E+03  0.00000000000000E+00  0.00000000000000E+00  0.67624497414319E+04  0.00000000000000E+00  0.00000000000000E+00  0.00000000000000E+00  0.00000000000000E+00  0.16218125348095E+04  0.00000000000000E+00  0.00000000000000E+00  0.00000000000000E+00 -0.16709438642059E+03  0.00000000000000E+00  0.26034167138481E+03
  -0.73765929806451E+04  0.25088679831391E+04 -0.30404534632895E+03 -0.16199156390436E+04  0.34277100494248E+03  0.34250904157781E+02 -0.13738716115002E+03 -0.66903128324537E+03  0.10302590542131E+03  0.44247674640864E+02 -0.51322126181344E+01 -0.74674566244540E+00 -0.74525125377388E-01 -0.52163231267790E-02  0.13128527042982E+02 -0.29212694516606E+01  0.92179564197895E+01  0.78438920251332E+01  0.28860470430620E+05  0.22428165813084E+03  0.11473009966002E+03  0.61938880956333E+02  0.35050818394107E+02  0.20639358938375E+02  0.60875049972519E+02  0.63395322123375E+02  0.44370900378634E+03  0.00000000000000E+00  0.60697134475036E+02  0.00000000000000E+00  0.00000000000000E+00  0.32720233930531E+04  0.00000000000000E+00  0.00000000000000E+00  0.00000000000000E+00  0.00000000000000E+00  0.86559203855729E+03  0.00000000000000E+00  0.00000000000000E+00  0.00000000000000E+00 -0.58108247316373E+02  0.00000000000000E+00  0.97375414162184E+02
  -0.40218593220240E+04  0.14415757234557E+04 -0.16629529857346E+03 -0.82284288881324E+03  0.17584904235373E+03  0.34674838972937E+02 -0.59821483805048E+02 -0.26666388619878E+03  0.39640575509492E+02  0.18862203237002E+02 -0.20537055891568E+01 -0.33817850856352E+00 -0.40103680024837E-01 -0.23571873957009E-02  0.61859521486902E+01 -0.14794237237600E+01  0.35664965169044E+01  0.34192947994590E+01  0.16625048425022E+05  0.12027771366626E+03  0.63985815393319E+02  0.35613106793069E+02  0.20639358938375E+02  0.12387552401641E+02  0.36727691360474E+02  0.39772820090205E+02  0.24083593579749E+03  0.00000000000000E+00  0.17798636106312E+02  0.00000000000000E+00  0.00000000000000E+00  0.17101358284167E+04  0.00000000000000E+00  0.00000000000000E+00  0.00000000000000E+00  0.00000000000000E+00  0.47238274271321E+03  0.00000000000000E+00  0.00000000000000E+00  0.00000000000000E+00 -0.21501818161299E+02  0.00000000000000E+00  0.41730218814770E+02
  -0.19956279655019E+05  0.88748757149138E+04 -0.87061456635617E+03 -0.15429326246212E+04  0.54175899774350E+03  0.73972221296562E+03  0.17322840255259E+03  0.69374543543474E+04 -0.16414209616877E+04 -0.19947674442058E+03  0.47591208455262E+02  0.44953615534274E+02  0.56738395915018E+01 -0.64899197989216E-02 -0.23888913402422E+02 -0.64936132508684E+01 -0.84976159557866E+02 -0.29158023458913E+02  0.67496693263215E+05  0.19377382515359E+03  0.15757784351758E+03  0.10044003414565E+03  0.60875049972519E+02  0.36727691360474E+02  0.39449255658917E+03  0.69305287969300E+03  0.16120297262539E+04 -0.47866406111831E+02 -0.27546483627469E+02  0.29018527137038E+01  0.95884218130802E+03  0.58233878216682E+03  0.00000000000000E+00  0.00000000000000E+00  0.00000000000000E+00  0.24071639170302E+04  0.29741625306348E+04  0.00000000000000E+00  0.00000000000000E+00  0.00000000000000E+00 -0.26583929378255E+02 -0.35653804612256E+03 -0.37087731256361E+03
  -0.10293414913542E+05  0.97220448865900E+04 -0.61294494495632E+03  0.21951045644525E+04  0.29275883476465E+03  0.23588311076569E+04  0.11138347225903E+04  0.35165562232179E+05 -0.86300072787812E+04 -0.10290204003167E+04  0.23613028270209E+03  0.24442593632656E+03  0.27223745709339E+02 -0.13006753925782E-01 -0.13858392883506E+03 -0.15815033176594E+02 -0.27496579106832E+03 -0.82246074125085E+02  0.78280486489989E+05 -0.27054090221038E+03  0.77692128013994E+02  0.91276270643725E+02  0.63395322123375E+02  0.39772820090205E+02  0.69305287969300E+03  0.17427917594097E+04  0.15729168101437E+04 -0.14973093843414E+03 -0.10162876487985E+03 -0.41006584812700E+02 -0.55398568646987E+04 -0.97831393062912E+04  0.00000000000000E+00  0.00000000000000E+00  0.00000000000000E+00  0.33839282564693E+04  0.40773932996180E+04  0.00000000000000E+00  0.00000000000000E+00  0.00000000000000E+00 -0.40224951442172E+02 -0.19956485312901E+04 -0.20604528045782E+04
  -0.22910424732658E+06  0.66736545429169E+05 -0.93762131552146E+04 -0.39711364993556E+05  0.82518686399907E+04 -0.97019152466629E+03 -0.44279945010127E+04 -0.28760851151096E+05  0.45710364031903E+04  0.17771047030423E+04 -0.21990807664258E+03 -0.49212666727382E+02 -0.96463279304998E+01  0.11541354944077E-01  0.75022340825412E+03 -0.16140427174449E+03  0.61479268554001E+03  0.49578527523420E+03  0.49335358227776E+06  0.37950511071901E+04  0.17436711918405E+04  0.85594880422510E+03  0.44370900378634E+03  0.24083593579749E+03  0.16120297262539E+04  0.15729168101437E+04  0.16155107436500E+05  0.24844391651797E+03  0.12939967604889E+03 -0.62686272643993E+01  0.37508907978829E+05  0.60820671907253E+05  0.00000000000000E+00  0.00000000000000E+00  0.00000000000000E+00  0.15927317746502E+05  0.20024960045565E+05  0.00000000000000E+00  0.00000000000000E+00  0.00000000000000E+00 -0.79175060613373E+02  0.15377974600322E+04  0.15699866853293E+04
  -0.13095432540422E+06  0.16721689511760E+05 -0.49137744367777E+04 -0.12785503101994E+05  0.19695149607547E+04 -0.27006911271639E+04 -0.24267235820997E+04 -0.62427718399956E+05  0.11441742932848E+05  0.27303966950494E+04 -0.46758875971203E+03 -0.10029621326266E+04 -0.14548868040365E+03  0.44395015497955E-01 -0.29233649402032E+04  0.56251722495811E+03 -0.29814306619935E+04 -0.21087455092670E+04  0.35185207437184E+05  0.00000000000000E+00  0.00000000000000E+00  0.00000000000000E+00  0.00000000000000E+00  0.00000000000000E+00 -0.47866406111831E+02 -0.14973093843414E+03  0.24844391651797E+03  0.11713317061301E+06  0.00000000000000E+00  0.00000000000000E+00  0.00000000000000E+00  0.00000000000000E+00  0.00000000000000E+00  0.00000000000000E+00  0.00000000000000E+00  0.00000000000000E+00  0.00000000000000E+00  0.00000000000000E+00  0.00000000000000E+00  0.00000000000000E+00  0.00000000000000E+00  0.00000000000000E+00  0.00000000000000E+00
  -0.55540395046307E+05  0.83186510052393E+04 -0.20927071936179E+04 -0.21202887075381E+05  0.33143886109689E+04 -0.41073718532766E+04 -0.37925788372687E+04 -0.49438681647946E+05  0.10674013168096E+05  0.18666618675947E+04 -0.34818338325882E+03  0.10116762378385E-10  0.28790198506262E-11  0.19281949131555E-12 -0.18971962224857E+04  0.35022890346224E+03 -0.19051392036810E+04 -0.13127761821847E+04  0.79161847920631E+05  0.25994558971923E+04  0.67549025179901E+03  0.19775641557397E+03  0.60697134475036E+02  0.17798636106312E+02 -0.27546483627469E+02 -0.10162876487985E+03  0.12939967604889E+03  0.00000000000000E+00  0.64724598065459E+05  0.00000000000000E+00  0.00000000000000E+00  0.00000000000000E+00  0.00000000000000E+00  0.00000000000000E+00  0.00000000000000E+00  0.00000000000000E+00  0.00000000000000E+00  0.00000000000000E+00  0.00000000000000E+00  0.00000000000000E+00  0.00000000000000E+00  0.00000000000000E+00  0.00000000000000E+00
  -0.50294351595283E+04 -0.20905755915699E+03  0.27310024260595E+02 -0.69452269489651E+02 -0.56885638930712E+02  0.15102990951873E+03  0.13730366694749E+03 -0.69947832120716E+05  0.24619305064606E+05  0.73449660613234E+03 -0.33728965510078E+03 -0.62305005319823E+03 -0.24620378412997E+02 -0.38717616996300E+01 -0.25023468678194E+04  0.29524693611093E+03 -0.27262604215330E+04 -0.13713416057300E+04 -0.12443655693399E+04  0.00000000000000E+00  0.00000000000000E+00  0.00000000000000E+00  0.00000000000000E+00  0.00000000000000E+00  0.29018527137038E+01 -0.41006584812700E+02 -0.62686272643993E+01  0.00000000000000E+00  0.00000000000000E+00  0.30779098262558E+05  0.00000000000000E+00  0.00000000000000E+00  0.00000000000000E+00  0.00000000000000E+00  0.00000000000000E+00  0.00000000000000E+00  0.00000000000000E+00  0.00000000000000E+00  0.00000000000000E+00  0.00000000000000E+00  0.00000000000000E+00  0.00000000000000E+00  0.00000000000000E+00
  -0.86464868251757E+06  0.21125874543345E+06 -0.33909778913480E+05 -0.66405167816404E+05  0.11495904665116E+05 -0.81076442772944E+04 -0.95821702581350E+04 -0.29207767729400E+06  0.66489285410027E+05  0.10920464124089E+05 -0.20126411720122E+04 -0.44662887726148E+04 -0.51883638935936E+03 -0.28636393272347E+00  0.19239785585910E+04 -0.14171031519401E+03  0.23280542747797E+04  0.10693975590689E+04  0.58781697447598E+06  0.00000000000000E+00  0.00000000000000E+00  0.00000000000000E+00  0.00000000000000E+00  0.00000000000000E+00  0.95884218130802E+03 -0.55398568646987E+04  0.37508907978829E+05  0.00000000000000E+00  0.00000000000000E+00  0.00000000000000E+00  0.58137599711973E+06  0.00000000000000E+00  0.00000000000000E+00  0.00000000000000E+00  0.00000000000000E+00  0.00000000000000E+00  0.00000000000000E+00  0.00000000000000E+00  0.00000000000000E+00  0.00000000000000E+00  0.00000000000000E+00  0.00000000000000E+00  0.00000000000000E+00
  -0.11208681389836E+07  0.26745704943925E+06 -0.44209552525185E+05 -0.34294898785604E+06  0.60905791249851E+05 -0.39173670638690E+05 -0.49773136879453E+05 -0.57022285665942E+06  0.12551291239571E+06  0.22568245805958E+05 -0.39792118950946E+04  0.37932526236015E-09  0.44914384550304E-10  0.37077387910437E-11  0.43082571195207E+04 -0.48396880225060E+03  0.50452284141570E+04  0.27464817192289E+04  0.28720522758040E+07  0.41074878770899E+05  0.15492326693639E+05  0.67624497414319E+04  0.32720233930531E+04  0.17101358284167E+04  0.58233878216682E+03 -0.97831393062912E+04  0.60820671907253E+05  0.00000000000000E+00  0.00000000000000E+00  0.00000000000000E+00  0.00000000000000E+00  0.91988997869774E+06  0.00000000000000E+00  0.00000000000000E+00  0.00000000000000E+00  0.00000000000000E+00  0.00000000000000E+00  0.00000000000000E+00  0.00000000000000E+00  0.00000000000000E+00  0.00000000000000E+00  0.00000000000000E+00  0.00000000000000E+00
  -0.20971970120230E+05  0.57789645965748E+04 -0.85608667423351E+03 -0.13241028702761E+04  0.30214439093560E+03  0.27009034161152E+02 -0.14090572192972E+03 -0.74036063121706E+05  0.22983424815066E+05  0.14995183945153E+04 -0.42491522658743E+03 -0.20523575178497E+04 -0.12926670051087E+03 -0.16226130900085E+01 -0.15123159033855E+04  0.16340983942126E+03 -0.13631230850354E+04 -0.69567567931696E+03  0.17302104403632E+05  0.00000000000000E+00  0.00000000000000E+00  0.00000000000000E+00  0.00000000000000E+00  0.00000000000000E+00  0.00000000000000E+00  0.00000000000000E+00  0.00000000000000E+00  0.00000000000000E+00  0.00000000000000E+00  0.00000000000000E+00  0.00000000000000E+00  0.00000000000000E+00  0.14392369869241E+05  0.00000000000000E+00  0.00000000000000E+00  0.00000000000000E+00  0.00000000000000E+00  0.00000000000000E+00  0.00000000000000E+00  0.00000000000000E+00  0.00000000000000E+00  0.00000000000000E+00  0.00000000000000E+00
  -0.47815739749218E+05  0.13362026601090E+05 -0.19603624063825E+04 -0.25081919556604E+04  0.55004851999728E+03  0.11656651437864E+02 -0.26088990014513E+03 -0.16770773070489E+06  0.52130537799105E+05  0.33409070115454E+04 -0.96290652666204E+03 -0.60223592106977E+02 -0.15544866252675E+02 -0.15098345847376E-05 -0.30569072607130E+04  0.32842506320105E+03 -0.27683900888228E+04 -0.14127785573805E+04  0.32855143410007E+05  0.00000000000000E+00  0.00000000000000E+00  0.00000000000000E+00  0.00000000000000E+00  0.00000000000000E+00  0.00000000000000E+00  0.00000000000000E+00  0.00000000000000E+00  0.00000000000000E+00  0.00000000000000E+00  0.00000000000000E+00  0.00000000000000E+00  0.00000000000000E+00  0.00000000000000E+00  0.32228742183771E+05  0.00000000000000E+00  0.00000000000000E+00  0.00000000000000E+00  0.00000000000000E+00  0.00000000000000E+00  0.00000000000000E+00  0.00000000000000E+00  0.00000000000000E+00  0.00000000000000E+00
  -0.31685667143083E+04  0.42110975129636E+03 -0.10547899565262E+03 -0.69130324337712E+02  0.86570470936110E+01 -0.18251950870050E+02 -0.12723312993647E+02 -0.14122105770350E+04  0.19359007394121E+03  0.43680730753965E+02 -0.11003203768269E+02 -0.70178257503450E+02 -0.56738529043965E+01 -0.83450994689345E-01 -0.73995500814805E+03  0.85018411235937E+02 -0.67185809841822E+03 -0.37211268065897E+03  0.21276403084652E+03  0.00000000000000E+00  0.00000000000000E+00  0.00000000000000E+00  0.00000000000000E+00  0.00000000000000E+00  0.00000000000000E+00  0.00000000000000E+00  0.00000000000000E+00  0.00000000000000E+00  0.00000000000000E+00  0.00000000000000E+00  0.00000000000000E+00  0.00000000000000E+00  0.00000000000000E+00  0.00000000000000E+00  0.37901343320141E+04  0.00000000000000E+00  0.00000000000000E+00  0.00000000000000E+00  0.00000000000000E+00  0.00000000000000E+00  0.00000000000000E+00  0.00000000000000E+00  0.00000000000000E+00
  -0.20375015117508E+06  0.63917371665025E+05 -0.84564275923184E+04 -0.11748432284807E+05  0.27775487289868E+04  0.54927933562541E+03 -0.90433183606144E+03 -0.56717265563030E+04  0.62975243764106E+03  0.54649686026638E+03 -0.45347008370109E+02 -0.14915002416878E+00 -0.10558529107964E+00  0.10607777038297E-13  0.31497932717616E+03 -0.87212925197112E+02  0.86800885428298E+02  0.13303674178000E+03  0.19080602449374E+06  0.00000000000000E+00  0.00000000000000E+00  0.00000000000000E+00  0.00000000000000E+00  0.00000000000000E+00  0.24071639170302E+04  0.33839282564693E+04  0.15927317746502E+05  0.00000000000000E+00  0.00000000000000E+00  0.00000000000000E+00  0.00000000000000E+00  0.00000000000000E+00  0.00000000000000E+00  0.00000000000000E+00  0.00000000000000E+00  0.10576699452528E+06  0.00000000000000E+00  0.00000000000000E+00  0.00000000000000E+00  0.00000000000000E+00  0.00000000000000E+00  0.00000000000000E+00  0.00000000000000E+00
  -0.23092705667546E+06  0.72073072716306E+05 -0.95767487068329E+04 -0.52523040655382E+05  0.12295062899261E+05  0.22056491562269E+04 -0.41907331980304E+04 -0.11224952819643E+05  0.12747249717811E+04  0.10447667960553E+04 -0.89655492211674E+02  0.18269887064180E-09  0.15834934162755E-10  0.59624193616020E-14  0.56050039207643E+03 -0.15304563139007E+03  0.17284151493825E+03  0.24666099473317E+03  0.83448426717844E+06  0.61354435173420E+04  0.31133505702514E+04  0.16218125348095E+04  0.86559203855729E+03  0.47238274271321E+03  0.29741625306348E+04  0.40773932996180E+04  0.20024960045565E+05  0.00000000000000E+00  0.00000000000000E+00  0.00000000000000E+00  0.00000000000000E+00  0.00000000000000E+00  0.00000000000000E+00  0.00000000000000E+00  0.00000000000000E+00  0.00000000000000E+00  0.13853759070612E+06  0.00000000000000E+00  0.00000000000000E+00  0.00000000000000E+00  0.00000000000000E+00  0.00000000000000E+00  0.00000000000000E+00
