# fitpack15: fit parameters                                                                         
# CJ15 AV18 final data choices                                                                      
# Created on 09/10/2019 at 09:18:33                                                                 

 # QCD setup
  INS                           0
  NVL                          11
  IORD                          1
  Q02                   1.6899999999999999     
  IPARAMC                       7
  FLAVOR                4.0000000000000000     
  xmc                   1.3000000000000000     
  xmb                   4.5000000000000000     
  ncb                          12
  ihq                           1
  ias                           0

 # Theory corrections
  inuke                     10114
  itmc                          1
  iht                           1

 # fit parameters
 LAMBDA       0.22680        0.0000    
 a0uv          2.0675        0.0000    
 a1uv         0.58039       0.23559E-01
 a2uv          3.5563       0.11304E-01
 a3uv          0.0000        0.0000    
 a4uv          4.2384       0.59515    
 a5uv          0.0000        0.0000    
 a0dv          25.778        0.0000    
 a1dv          1.1629       0.37164E-01
 a2dv          6.7077       0.19542    
 a3dv         -3.5728       0.99627E-01
 a4dv          4.8113       0.15987    
 a5dv          0.0000        0.0000    
 a0ud         0.14229       0.52472E-02
 a1ud        -0.21061       0.39866E-02
 a2ud          8.4267       0.20515    
 a3ud          0.0000        0.0000    
 a4ud          15.382        1.5022    
 a5ud          0.0000        0.0000    
 a0du          35712.        0.0000    
 a1du          4.1094       0.13237    
 a2du          20.533        1.1762    
 a3du          17.000        0.0000    
 a4du          61.751        18.308    
 a0g           46.921        0.0000    
 a1g          0.60666       0.30629E-01
 a2g           6.2789       0.86312    
 a3g          -3.4052       0.13033    
 a4g           3.3335       0.31440    
 a5g           0.0000        0.0000    
 kappa        0.40000        0.0000    
 a6dv        -0.43912E-02   0.79495E-03
 a7dv          2.0000        0.0000    
 off1        -0.17993       0.14386    
 off2          1.2224        4.6450    
 off3         -1.6944        42.787    
 off4         -7.7114        151.73    
 off5          10.421        230.05    
 off6         0.89582        124.85    
 ht1          -3.3311       0.28650    
 ht2           1.9665       0.11730    
 ht3          -2.1030       0.29749E-01
 ht4           0.0000        0.0000    
 dummy44       0.0000        0.0000    
 dummy45       0.0000        0.0000    
 dummy46       0.0000        0.0000    
 dummy47       0.0000        0.0000    
 dummy48       0.0000        0.0000    
 dummy49       0.0000        0.0000    
 bcdmsh2      0.96937       0.48803E-02
 bcdmsd2      0.99219       0.58681E-02
 ccfr          1.0000        0.0000    
 nutev         1.0000        0.0000    
 zeus         0.97998        0.0000    
 h1            1.0162        0.0000    
 e605          1.0319        0.0000    
 NmcH2         1.0070       0.71587E-02
 ntv_nu        1.0000        0.0000    
 ntv_nuba      1.0000        0.0000    
 cdf_jet      0.98910        0.0000    
 d0_jet       0.83504        0.0000    
 slac_p        1.0015       0.48867E-02
 slac_d        1.0033       0.53603E-02
 e866pp       0.97869       0.19521E-01
 e866pd       0.95727       0.19377E-01
 d0_gamje      1.0381       0.16567E-01
 h1b          0.97608        0.0000    
 jlab_p       0.99322       0.58563E-02
 jlab_d       0.97663       0.60428E-02
 blank         1.0000        0.0000    
 d0run2       0.95158       0.14876E-01
 cdfrun2      0.93619       0.17609E-01
 HERA_el       1.0000        0.0000    
 HERA_ps       1.0000        0.0000    
 CDF_Z        0.95681       0.67853E-02
 NmcRat        1.0000        0.0000    
 BNS_F2nd     0.97476       0.73565E-02
 HERMES_F     0.99503       0.56372E-02
 HERMES_F     0.97913       0.58815E-02
 END 0. 0.

 # Hessian matrix (Bevington alpha)
   0.51554994145102E+07 -0.13337923332966E+07  0.20529875155011E+06  0.50092299630728E+06 -0.12183860155839E+06 -0.35372359774784E+05  0.48884037925160E+05  0.95908562369792E+06 -0.17762567561305E+06 -0.49120686129230E+05  0.72844821435325E+04  0.13537725916206E+05  0.15100117428996E+04 -0.86017109636453E+02  0.97505746884952E+04 -0.23684581825467E+04  0.12425128603288E+05  0.88394545147338E+04 -0.80329727890447E+07 -0.67284660120208E+05 -0.29589360949700E+05 -0.14289671281113E+05 -0.73813576305467E+04 -0.40247361429131E+04 -0.22948039332570E+04 -0.19968847573253E+05 -0.10369266852047E+05 -0.22916854075385E+06 -0.13084177027519E+06 -0.55504389842653E+05 -0.49850796033300E+04 -0.86447806514547E+06 -0.11208392409840E+07 -0.20968169789730E+05 -0.47804807498105E+05 -0.31662148749496E+04 -0.20385775722145E+06 -0.23108392984253E+06 -0.90208663437556E+04 -0.31910295106416E+04 -0.17553166175654E+05  0.16935713602601E+05 -0.73454316544994E+05 -0.57934696256941E+05
  -0.13337923332966E+07  0.41997186515313E+06 -0.54404899200757E+05 -0.13839306659588E+06  0.32895062972504E+05  0.12180874587085E+05 -0.10087655705753E+05 -0.12423254286873E+06  0.26185412571169E+05  0.73430836703090E+04 -0.89118420169131E+03 -0.10677901142198E+04 -0.12215299319874E+03  0.10418929442536E+02  0.75723239035893E+03 -0.74805065654493E+02  0.23403972265986E+03  0.15057813699039E+03  0.27015948476322E+07  0.17419984802041E+05  0.86473979918444E+04  0.45492265857819E+04  0.25095598000818E+04  0.14419792037480E+04  0.85840011040597E+03  0.88711597928891E+04  0.97154817824253E+04  0.66745619451733E+05  0.16718568633619E+05  0.83194159110451E+04 -0.20919584621171E+03  0.21127016027834E+06  0.26751692614991E+06  0.57794493934073E+04  0.13360799626041E+05  0.42115510160789E+03  0.63925004930696E+05  0.72094244051380E+05  0.24075935551657E+04  0.76415902387220E+03 -0.22243259598235E+04 -0.22753096321269E+04  0.86821706462473E+04  0.73373895878179E+04
   0.20529875155011E+06 -0.54404899200757E+05  0.82405269553853E+04  0.19891275972437E+05 -0.49319663198515E+04 -0.16522263923857E+04  0.18731207157068E+04  0.28555843290814E+05 -0.51218227577543E+04 -0.17195592152039E+04  0.22079314247692E+03  0.38068783980152E+03  0.48084681450656E+02 -0.33292960575778E+01 -0.29050433757900E+03 -0.11974008865108E+02 -0.14668044478887E+03 -0.29020436347835E+01 -0.32967991857314E+06 -0.26621111595295E+04 -0.11910209453496E+04 -0.58040343696785E+03 -0.30135718402757E+03 -0.16482261479818E+03 -0.94158963406221E+02 -0.86217917099682E+03 -0.60748173998942E+03 -0.92918080554746E+04 -0.48698006089466E+04 -0.20741854905523E+04  0.27136356226411E+02 -0.33604161451353E+05 -0.43818261121896E+05 -0.84781344092737E+03 -0.19412944110205E+04 -0.10465397413056E+03 -0.83805337925798E+04 -0.94923771368212E+04 -0.35986917419468E+03 -0.12577455043930E+03 -0.44770310982321E+02  0.63494961104980E+03 -0.23020106106683E+04 -0.18639867863917E+04
   0.50092299630728E+06 -0.13839306659588E+06  0.19891275972437E+05  0.40095813533538E+06 -0.60738016060680E+05  0.72714963527554E+05  0.62920562343227E+05  0.35681734048631E+06 -0.27464230338482E+05 -0.18035956085218E+05  0.32020336370701E+04 -0.13290105747649E+04 -0.14224356063149E+03  0.43523624070569E+02  0.31977768163475E+05 -0.40833342601204E+04  0.29817963385944E+05  0.16727411985396E+05 -0.23474013527479E+07 -0.19253992061622E+05 -0.78076641927822E+04 -0.34165330231786E+04 -0.16235923750920E+04 -0.82488102305017E+03 -0.44249759828408E+03 -0.15501876569175E+04  0.21709205171959E+04 -0.39779512672890E+05 -0.12791500306276E+05 -0.21213315312663E+05 -0.64239539617949E+02 -0.66470198012030E+05 -0.34333808775503E+06 -0.13273365058070E+04 -0.25132362920671E+04 -0.69328258901858E+02 -0.11774716665347E+05 -0.52642696492816E+05 -0.24273075954582E+04 -0.94600814723781E+03 -0.98404568464547E+04 -0.16129028097751E+05 -0.72426153988457E+04 -0.21456597061749E+05
  -0.12183860155839E+06  0.32895062972504E+05 -0.49319663198515E+04 -0.60738016060680E+05  0.10756962403277E+05 -0.71234846405386E+04 -0.87279963127992E+04 -0.32589603334811E+05  0.54357516765333E+03  0.22931775201506E+04 -0.31738576949583E+03 -0.57994242602681E+01  0.54041349964447E+01 -0.38115771925104E+01 -0.26720769395488E+04  0.35003991786255E+03 -0.24115748611035E+04 -0.13751165810388E+04  0.47753552377823E+06  0.34181909229277E+04  0.15160817075451E+04  0.69700494074133E+03  0.33915552085336E+03  0.17384559730148E+03  0.93226455955799E+02  0.53221408219531E+03  0.28097536837011E+03  0.81807782590605E+04  0.19637661069047E+04  0.33023502819465E+04 -0.56840177782496E+02  0.11418417187965E+05  0.60517764685985E+05  0.29968824575752E+03  0.54542306478949E+03  0.86295827144764E+01  0.27480265590412E+04  0.12167769610552E+05  0.44020992529066E+03  0.16459816500378E+03  0.40224656728148E+03  0.25232378827198E+04  0.80079974438263E+03  0.24744228548538E+04
  -0.35372359774784E+05  0.12180874587085E+05 -0.16522263923857E+04  0.72714963527554E+05 -0.71234846405386E+04  0.24253089847160E+05  0.14340391242700E+05  0.10830022535494E+06 -0.10362420285803E+05 -0.44388984197601E+04  0.95075464878659E+03 -0.66866819533482E+03 -0.62961182383979E+02  0.14674625296181E+02  0.97731933805410E+04 -0.12775908763110E+04  0.92805493564479E+04  0.52754292421883E+04 -0.28154028840084E+05 -0.18402912419077E+04 -0.36438253329079E+03 -0.23674995664045E+02  0.34800093582096E+02  0.34845640704098E+02  0.25776048449011E+02  0.73556472114300E+03  0.23385691559985E+04 -0.94458596697791E+03 -0.26787896673909E+04 -0.40733319973239E+04  0.15006519097146E+03 -0.80299974813528E+04 -0.38781409584799E+05  0.27463266329744E+02  0.12664338216901E+02 -0.18153696650324E+02  0.55122090274912E+03  0.22162302767227E+04 -0.22082544972087E+03 -0.11770665144538E+03 -0.31724272966316E+04 -0.32626101834864E+04 -0.18385442204694E+04 -0.52640530484473E+04
   0.48884037925160E+05 -0.10087655705753E+05  0.18731207157068E+04  0.62920562343227E+05 -0.87279963127992E+04  0.14340391242700E+05  0.11067670614920E+05  0.59752776117182E+05 -0.34542371261315E+04 -0.31728293874684E+04  0.55317422019484E+03 -0.22636611589858E+03 -0.25810181002591E+02  0.76777564796105E+01  0.50502815033300E+04 -0.67421711893471E+03  0.46416244574063E+04  0.26786776634319E+04 -0.23353702026548E+06 -0.25249263388640E+04 -0.90495876203107E+03 -0.33761854126530E+03 -0.13667750760755E+03 -0.59461877920908E+02 -0.27420386420869E+02  0.17420069704187E+03  0.11113554433385E+04 -0.44098737096629E+04 -0.24223039711720E+04 -0.37851663615063E+04  0.13722067436495E+03 -0.95571237117239E+04 -0.49641444427293E+05 -0.14031630185194E+03 -0.25980400410841E+03 -0.12719680770156E+02 -0.89890230901660E+03 -0.41667738269133E+04 -0.33434081580464E+03 -0.14293902338054E+03 -0.13618412973740E+04 -0.31316521648148E+04 -0.11362580070035E+04 -0.33783538751208E+04
   0.95908562369792E+06 -0.12423254286873E+06  0.28555843290814E+05  0.35681734048631E+06 -0.32589603334811E+05  0.10830022535494E+06  0.59752776117182E+05  0.52903828395753E+07 -0.23829093583046E+07 -0.87471434471027E+05  0.25885509697980E+05  0.23488592960186E+05  0.16043192434482E+04  0.65588217426804E+02  0.88870490333941E+05 -0.11683406684973E+05  0.96170746393258E+05  0.51716884182368E+05 -0.60409751775936E+06 -0.36739869411803E+05 -0.72649655634369E+04 -0.19656121163522E+04 -0.66947964215684E+03 -0.26685576615192E+03 -0.11847556898346E+03  0.69333714628919E+04  0.35058534702681E+05 -0.28766770702652E+05 -0.62445738877738E+05 -0.49465717489374E+05 -0.69986708679351E+05 -0.29216616453549E+06 -0.57048226653877E+06 -0.74041172623446E+05 -0.16770300089931E+06 -0.14130657460276E+04 -0.56766774489827E+04 -0.11235074944034E+05  0.48824288193215E+03  0.34922039996545E+03 -0.27183176196844E+06 -0.85674601047021E+04 -0.14343326846303E+06 -0.17553476460276E+06
  -0.17762567561305E+06  0.26185412571169E+05 -0.51218227577543E+04 -0.27464230338482E+05  0.54357516765333E+03 -0.10362420285803E+05 -0.34542371261315E+04 -0.23829093583046E+07  0.19205426828735E+07  0.19083688493625E+05 -0.63909038292620E+04 -0.49398806953469E+04 -0.27651888579300E+03 -0.80978587119630E+01  0.49238962178899E+05 -0.24168475905494E+04  0.17314929136926E+05  0.84988176735183E+04 -0.25154774391209E+05  0.91108198560282E+04  0.14265720253932E+04  0.32924120194253E+03  0.10305566110847E+03  0.39652817926218E+02  0.17361285657228E+02 -0.16397940188385E+04 -0.85985969459602E+04  0.45699762314434E+04  0.11441957922410E+05  0.10677141542984E+05  0.24627514661481E+05  0.66487357441215E+05  0.12552688827047E+06  0.22977740337287E+05  0.52109643450698E+05  0.19393816952769E+03  0.63001733660638E+03  0.12753306021484E+04 -0.13155209569229E+04 -0.71865763757774E+03  0.11238889165418E+06  0.15346685130435E+04  0.44999114776711E+05  0.54554672289018E+05
  -0.49120686129230E+05  0.73430836703090E+04 -0.17195592152039E+04 -0.18035956085218E+05  0.22931775201506E+04 -0.44388984197601E+04 -0.31728293874684E+04 -0.87471434471027E+05  0.19083688493625E+05  0.26026742109781E+04 -0.61273678257057E+03 -0.58551926245223E+03 -0.52113596039842E+02 -0.11860793788769E+01 -0.40959260655843E+04  0.52362234308831E+03 -0.38706757876901E+04 -0.21863436715818E+04  0.57817283293140E+05  0.12654107693428E+04  0.34799708725162E+03  0.11549515079002E+03  0.44234150738312E+02  0.18856366088604E+02  0.87289505566232E+01 -0.19931320926523E+03 -0.10258038588202E+04  0.17760248346024E+04  0.27293600954369E+04  0.18663710722396E+04  0.73453540591041E+03  0.10916532828561E+05  0.22563262349294E+05  0.14987512383092E+04  0.33392897435924E+04  0.43670893576060E+02  0.54625650147261E+03  0.10443811009057E+04  0.12174331672665E+03  0.54708437135695E+02  0.31067915044170E+04  0.42670258748960E+03  0.28189116177047E+04  0.35358930400969E+04
   0.72844821435325E+04 -0.89118420169131E+03  0.22079314247692E+03  0.32020336370701E+04 -0.31738576949583E+03  0.95075464878659E+03  0.55317422019484E+03  0.25885509697980E+05 -0.63909038292620E+04 -0.61273678257057E+03  0.16879434349104E+03  0.16772636504685E+03  0.12382029124619E+02  0.44183560153062E+00  0.12559852013270E+04 -0.14469028740768E+03  0.11450696460648E+04  0.62125233876951E+03 -0.63229096433536E+04 -0.24243358267308E+03 -0.52555272197316E+02 -0.14835240592717E+02 -0.51336536003506E+01 -0.20543925216846E+01 -0.91227684637016E+00  0.47546663336513E+02  0.23535452761238E+03 -0.21986759633211E+03 -0.46753063089829E+03 -0.34822871528436E+03 -0.33733870614253E+03 -0.20124658629772E+04 -0.39794803476875E+04 -0.42485703739438E+03 -0.96272098214928E+03 -0.11002339791008E+02 -0.45368058688453E+02 -0.89699405160044E+02 -0.11955374580468E+02 -0.57440138959414E+01 -0.11353773065690E+04 -0.63936197970980E+02 -0.82104327470668E+03 -0.10120054582755E+04
   0.13537725916206E+05 -0.10677901142198E+04  0.38068783980152E+03 -0.13290105747649E+04 -0.57994242602681E+01 -0.66866819533482E+03 -0.22636611589858E+03  0.23488592960186E+05 -0.49398806953469E+04 -0.58551926245223E+03  0.16772636504685E+03  0.12516898019968E+04  0.85011265230422E+02 -0.12312534393680E+01  0.12363181632384E+04 -0.18044827479093E+03  0.14431672041172E+04  0.82772027814870E+03 -0.54063667422211E+04  0.23299999185793E+03  0.22570217715833E+02  0.19809840995057E+00 -0.73352279440446E+00 -0.33289076428596E+00 -0.11840821503195E+00  0.44288234479705E+02  0.23990210216358E+03 -0.48666227515929E+02 -0.99075886011824E+03 -0.43688628648488E-12 -0.60530433550911E+03 -0.44014292765031E+04 -0.12941472168616E-09 -0.20083400001867E+04 -0.59673388999160E+02 -0.68859623320768E+02 -0.14933311481450E+00  0.20633506699067E-11 -0.14987069212146E+01 -0.64804985695459E+00  0.23396956380977E+03  0.26536917835826E+03 -0.23762924211671E+04 -0.12703454110974E-10
   0.15100117428996E+04 -0.12215299319874E+03  0.48084681450656E+02 -0.14224356063149E+03  0.54041349964447E+01 -0.62961182383979E+02 -0.25810181002591E+02  0.16043192434482E+04 -0.27651888579300E+03 -0.52113596039842E+02  0.12382029124619E+02  0.85011265230422E+02  0.76966843914638E+01 -0.12841760218175E+00  0.71642986814493E+02 -0.12538988439053E+02  0.89268072025183E+02  0.55474959041538E+02 -0.26063528731596E+03  0.12715330097574E+02  0.16544961288165E+01  0.25889064563121E-01 -0.74006755506676E-01 -0.39791775725385E-01 -0.16892365479482E-01  0.56238589918632E+01  0.26941467330373E+02 -0.95350506737213E+01 -0.14425192488103E+03  0.30147680813989E-11 -0.24498591164101E+02 -0.51484850521328E+03  0.28899074743357E-10 -0.12852925703298E+03 -0.15336434007308E+02 -0.56387179195353E+01 -0.10298216651104E+00  0.15252852706753E-11 -0.15813027308623E+00 -0.62228166981515E-01  0.24193163214481E+02  0.58666118735598E+02 -0.17438190446074E+03 -0.23197923528370E-11
  -0.86017109636453E+02  0.10418929442536E+02 -0.33292960575778E+01  0.43523624070569E+02 -0.38115771925104E+01  0.14674625296181E+02  0.76777564796105E+01  0.65588217426804E+02 -0.80978587119630E+01 -0.11860793788769E+01  0.44183560153062E+00 -0.12312534393680E+01 -0.12841760218175E+00  0.27145041272969E-01  0.10044770230754E+02 -0.76197776885691E+00  0.65484174711764E+01  0.30657025152259E+01 -0.63344833698038E+02  0.95108526808949E+00 -0.33940055134035E-01 -0.14601660963732E-01 -0.50393410446616E-02 -0.22797776112249E-02 -0.12180168824137E-02 -0.64474764088253E-02 -0.14540050958602E-01  0.11214929340515E-01  0.41231419339313E-01  0.11170159206039E-13 -0.36574984996273E+01 -0.25437344060272E+00 -0.20162172323796E-11 -0.14908311588641E+01 -0.12096396944922E-05 -0.78423153190924E-01 -0.10802292794295E-13 -0.54853796043445E-13 -0.92279303792712E-03 -0.51329123298864E-03 -0.14489609924668E+01  0.20213383657679E-05 -0.14390184194849E+01 -0.40025359796385E-12
   0.97505746884952E+04  0.75723239035893E+03 -0.29050433757900E+03  0.31977768163475E+05 -0.26720769395488E+04  0.97731933805410E+04  0.50502815033300E+04  0.88870490333941E+05  0.49238962178899E+05 -0.40959260655843E+04  0.12559852013270E+04  0.12363181632384E+04  0.71642986814493E+02  0.10044770230754E+02  0.51196780316645E+05 -0.49614586135116E+04  0.39751070957619E+05  0.20767876580355E+05 -0.58380886109616E+05  0.46978669709668E+02  0.61396799247825E+02  0.29068913190441E+02  0.13129035480175E+02  0.61863122611030E+01  0.30850076490834E+01 -0.23897931391712E+02 -0.13845416432531E+03  0.75006240413033E+03 -0.29232466038550E+04 -0.18973087666971E+04 -0.25025927960856E+04  0.19239534273716E+04  0.43083788157047E+04 -0.15120504109105E+04 -0.30561263831275E+04 -0.74002269061540E+03  0.31496390550032E+03  0.56054013853387E+03 -0.30081845459710E+04 -0.15811163882609E+04 -0.22214192506695E+04  0.20185279655553E+03 -0.96395754739701E+03 -0.10847718982002E+04
  -0.23684581825467E+04 -0.74805065654493E+02 -0.11974008865108E+02 -0.40833342601204E+04  0.35003991786255E+03 -0.12775908763110E+04 -0.67421711893471E+03 -0.11683406684973E+05 -0.24168475905494E+04  0.52362234308831E+03 -0.14469028740768E+03 -0.18044827479093E+03 -0.12538988439053E+02 -0.76197776885691E+00 -0.49614586135116E+04  0.56338459992707E+03 -0.43953946287747E+04 -0.23905315348385E+04  0.71865993986845E+04  0.52334950281511E+01 -0.96148883727742E+01 -0.58016493728954E+01 -0.29528319728774E+01 -0.14974705390530E+01 -0.78220718069403E+00 -0.67151349228822E+01 -0.16370736877844E+02 -0.16292179994260E+03  0.56692613856583E+03  0.35291903159611E+03  0.29562191760355E+03 -0.14019295582348E+03 -0.48332554177654E+03  0.16381722154515E+03  0.32919968254736E+03  0.85338223982064E+02 -0.88525778334905E+02 -0.15530695561442E+03  0.48759096203685E+03  0.23729703711379E+03 -0.37189182373182E+03 -0.36689991299701E+02  0.27608218163772E+03  0.30972931329848E+03
   0.12425128603288E+05  0.23403972265986E+03 -0.14668044478887E+03  0.29817963385944E+05 -0.24115748611035E+04  0.92805493564479E+04  0.46416244574063E+04  0.96170746393258E+05  0.17314929136926E+05 -0.38706757876901E+04  0.11450696460648E+04  0.14431672041172E+04  0.89268072025183E+02  0.65484174711764E+01  0.39751070957619E+05 -0.43953946287747E+04  0.35181452169525E+05  0.18879523089592E+05 -0.54801079741900E+05  0.11519942092631E+02  0.58539108757161E+02  0.24586806191962E+02  0.92202370868104E+01  0.35670974101416E+01  0.14844241016413E+01 -0.85026265647137E+02 -0.27503428554960E+03  0.61471759140715E+03 -0.29824315707133E+04 -0.19060721949565E+04 -0.27286694512558E+04  0.23299293148342E+04  0.50482850687501E+04 -0.13638431472077E+04 -0.27697312563750E+04 -0.67231437106243E+03  0.86748063085882E+02  0.17278517341690E+03 -0.28801080017034E+04 -0.15499448888436E+04  0.15478059164882E+04  0.26079020003488E+03 -0.18628961927646E+04 -0.20675581802642E+04
   0.88394545147338E+04  0.15057813699039E+03 -0.29020436347835E+01  0.16727411985396E+05 -0.13751165810388E+04  0.52754292421883E+04  0.26786776634319E+04  0.51716884182368E+05  0.84988176735183E+04 -0.21863436715818E+04  0.62125233876951E+03  0.82772027814870E+03  0.55474959041538E+02  0.30657025152259E+01  0.20767876580355E+05 -0.23905315348385E+04  0.18879523089592E+05  0.10269606501976E+05 -0.30436083162502E+05 -0.13150747723820E+02  0.36899813449894E+02  0.18236251362660E+02  0.77944928975326E+01  0.33976329585781E+01  0.15675470528776E+01 -0.29012809627650E+02 -0.81971176934566E+02  0.49252966459053E+03 -0.20956204527759E+04 -0.13047568847284E+04 -0.13635196630313E+04  0.10632457135071E+04  0.27301336156900E+04 -0.69148880469092E+03 -0.14042554459527E+04 -0.36998770205873E+03  0.13214859025842E+03  0.24505598204009E+03 -0.18660024596035E+04 -0.96139548608436E+03  0.16480451943872E+04  0.18012891917564E+03 -0.12797006138585E+04 -0.14221287794571E+04
  -0.80329727890447E+07  0.27015948476322E+07 -0.32967991857314E+06 -0.23474013527479E+07  0.47753552377823E+06 -0.28154028840084E+05 -0.23353702026548E+06 -0.60409751775936E+06 -0.25154774391209E+05  0.57817283293140E+05 -0.63229096433536E+04 -0.54063667422211E+04 -0.26063528731596E+03 -0.63344833698038E+02 -0.58380886109616E+05  0.71865993986845E+04 -0.54801079741900E+05 -0.30436083162502E+05  0.35679571682747E+08  0.18826977796576E+06  0.97671512669122E+05  0.52096757909558E+05  0.28911085047718E+05  0.16653985964707E+05  0.99191373396651E+04  0.67571326381362E+05  0.78340545749303E+05  0.49424727836057E+06  0.35251346017566E+05  0.79324431403175E+05 -0.12461856116499E+04  0.58885579222924E+06  0.28774374442735E+07  0.17333742703726E+05  0.32911005702323E+05  0.21348083838435E+03  0.19115925631717E+06  0.83607659994618E+06  0.24826309593248E+05  0.78392606503293E+04 -0.18627146770324E+05  0.46710783998957E+05  0.21396080948279E+05  0.66791878869941E+05
  -0.67284660120208E+05  0.17419984802041E+05 -0.26621111595295E+04 -0.19253992061622E+05  0.34181909229277E+04 -0.18402912419077E+04 -0.25249263388640E+04 -0.36739869411803E+05  0.91108198560282E+04  0.12654107693428E+04 -0.24243358267308E+03  0.23299999185793E+03  0.12715330097574E+02  0.95108526808949E+00  0.46978669709668E+02  0.52334950281511E+01  0.11519942092631E+02 -0.13150747723820E+02  0.18826977796576E+06  0.30066896594987E+04  0.10267394373970E+04  0.45161238080648E+03  0.22424377707893E+03  0.12025272537102E+03  0.68229808136669E+02  0.19350470072184E+03 -0.26927576604889E+03  0.37939256386678E+04  0.00000000000000E+00  0.25995452902768E+04  0.00000000000000E+00  0.00000000000000E+00  0.41071502892431E+05  0.00000000000000E+00  0.00000000000000E+00  0.00000000000000E+00  0.00000000000000E+00  0.61338468477522E+04  0.00000000000000E+00  0.00000000000000E+00  0.00000000000000E+00 -0.16418226624392E+04  0.00000000000000E+00  0.41795586350806E+04
  -0.29589360949700E+05  0.86473979918444E+04 -0.11910209453496E+04 -0.78076641927822E+04  0.15160817075451E+04 -0.36438253329079E+03 -0.90495876203107E+03 -0.72649655634369E+04  0.14265720253932E+04  0.34799708725162E+03 -0.52555272197316E+02  0.22570217715833E+02  0.16544961288165E+01 -0.33940055134035E-01  0.61396799247825E+02 -0.96148883727742E+01  0.58539108757161E+02  0.36899813449894E+02  0.97671512669122E+05  0.10267394373970E+04  0.44808054551655E+03  0.21803745302641E+03  0.11471642873160E+03  0.63975141148823E+02  0.37363803751992E+02  0.15740226849949E+03  0.77746197346611E+02  0.17431738655689E+04  0.00000000000000E+00  0.67549532627379E+03  0.00000000000000E+00  0.00000000000000E+00  0.15490388564056E+05  0.00000000000000E+00  0.00000000000000E+00  0.00000000000000E+00  0.00000000000000E+00  0.31125174952570E+04  0.00000000000000E+00  0.00000000000000E+00  0.00000000000000E+00 -0.51823760476454E+03  0.00000000000000E+00  0.87265973131644E+03
  -0.14289671281113E+05  0.45492265857819E+04 -0.58040343696785E+03 -0.34165330231786E+04  0.69700494074133E+03 -0.23674995664045E+02 -0.33761854126530E+03 -0.19656121163522E+04  0.32924120194253E+03  0.11549515079002E+03 -0.14835240592717E+02  0.19809840995057E+00  0.25889064563121E-01 -0.14601660963732E-01  0.29068913190441E+02 -0.58016493728954E+01  0.24586806191962E+02  0.18236251362660E+02  0.52096757909558E+05  0.45161238080648E+03  0.21803745302641E+03  0.11287696684851E+03  0.61926836779495E+02  0.35605484734259E+02  0.21287542616446E+02  0.10033540709160E+03  0.91187650717172E+02  0.85570318727537E+03  0.00000000000000E+00  0.19775581549245E+03  0.00000000000000E+00  0.00000000000000E+00  0.67613692526751E+04  0.00000000000000E+00  0.00000000000000E+00  0.00000000000000E+00  0.00000000000000E+00  0.16213686796343E+04  0.00000000000000E+00  0.00000000000000E+00  0.00000000000000E+00 -0.16776920565287E+03  0.00000000000000E+00  0.26032397840313E+03
  -0.73813576305467E+04  0.25095598000818E+04 -0.30135718402757E+03 -0.16235923750920E+04  0.33915552085336E+03  0.34800093582096E+02 -0.13667750760755E+03 -0.66947964215684E+03  0.10305566110847E+03  0.44234150738312E+02 -0.51336536003506E+01 -0.73352279440446E+00 -0.74006755506676E-01 -0.50393410446616E-02  0.13129035480175E+02 -0.29528319728774E+01  0.92202370868104E+01  0.77944928975326E+01  0.28911085047718E+05  0.22424377707893E+03  0.11471642873160E+03  0.61926836779495E+02  0.35043189936637E+02  0.20634703708766E+02  0.12573318159192E+02  0.60814369245386E+02  0.63321100935817E+02  0.44358146957855E+03  0.00000000000000E+00  0.60697003015612E+02  0.00000000000000E+00  0.00000000000000E+00  0.32714123880033E+04  0.00000000000000E+00  0.00000000000000E+00  0.00000000000000E+00  0.00000000000000E+00  0.86535095260478E+03  0.00000000000000E+00  0.00000000000000E+00  0.00000000000000E+00 -0.58211756973165E+02  0.00000000000000E+00  0.97365843341193E+02
  -0.40247361429131E+04  0.14419792037480E+04 -0.16482261479818E+03 -0.82488102305017E+03  0.17384559730148E+03  0.34845640704098E+02 -0.59461877920908E+02 -0.26685576615192E+03  0.39652817926218E+02  0.18856366088604E+02 -0.20543925216846E+01 -0.33289076428596E+00 -0.39791775725385E-01 -0.22797776112249E-02  0.61863122611030E+01 -0.14974705390530E+01  0.35670974101416E+01  0.33976329585781E+01  0.16653985964707E+05  0.12025272537102E+03  0.63975141148823E+02  0.35605484734259E+02  0.20634703708766E+02  0.12384743767479E+02  0.76654807381864E+01  0.36692128654948E+02  0.39724910918813E+02  0.24076655405074E+03  0.00000000000000E+00  0.17798802467963E+02  0.00000000000000E+00  0.00000000000000E+00  0.17097810723509E+04  0.00000000000000E+00  0.00000000000000E+00  0.00000000000000E+00  0.00000000000000E+00  0.47224945537770E+03  0.00000000000000E+00  0.00000000000000E+00  0.00000000000000E+00 -0.21509006856840E+02  0.00000000000000E+00  0.41725257202567E+02
  -0.22948039332570E+04  0.85840011040597E+03 -0.94158963406221E+02 -0.44249759828408E+03  0.93226455955799E+02  0.25776048449011E+02 -0.27420386420869E+02 -0.11847556898346E+03  0.17361285657228E+02  0.87289505566232E+01 -0.91227684637016E+00 -0.11840821503195E+00 -0.16892365479482E-01 -0.12180168824137E-02  0.30850076490834E+01 -0.78220718069403E+00  0.14844241016413E+01  0.15675470528776E+01  0.99191373396651E+04  0.68229808136669E+02  0.37363803751992E+02  0.21287542616446E+02  0.12573318159192E+02  0.76654807381864E+01  0.48073220978874E+01  0.22374438462904E+02  0.24339368303086E+02  0.13594557524062E+03  0.00000000000000E+00  0.38623116388490E+01  0.00000000000000E+00  0.00000000000000E+00  0.94944537221096E+03  0.00000000000000E+00  0.00000000000000E+00  0.00000000000000E+00  0.00000000000000E+00  0.26300197275211E+03  0.00000000000000E+00  0.00000000000000E+00  0.00000000000000E+00 -0.84595331310634E+01  0.00000000000000E+00  0.19552650967833E+02
  -0.19968847573253E+05  0.88711597928891E+04 -0.86217917099682E+03 -0.15501876569175E+04  0.53221408219531E+03  0.73556472114300E+03  0.17420069704187E+03  0.69333714628919E+04 -0.16397940188385E+04 -0.19931320926523E+03  0.47546663336513E+02  0.44288234479705E+02  0.56238589918632E+01 -0.64474764088253E-02 -0.23897931391712E+02 -0.67151349228822E+01 -0.85026265647137E+02 -0.29012809627650E+02  0.67571326381362E+05  0.19350470072184E+03  0.15740226849949E+03  0.10033540709160E+03  0.60814369245386E+02  0.36692128654948E+02  0.22374438462904E+02  0.39391875693707E+03  0.69133006215719E+03  0.16104442948607E+04 -0.47847356213927E+02 -0.27527550069600E+02  0.29159704999892E+01  0.95692714307610E+03  0.58016087792807E+03  0.00000000000000E+00  0.00000000000000E+00  0.00000000000000E+00  0.24050136581100E+04  0.29714987119501E+04  0.00000000000000E+00  0.00000000000000E+00  0.00000000000000E+00 -0.26584375235370E+02 -0.35618757698500E+03 -0.37050366256091E+03
  -0.10369266852047E+05  0.97154817824253E+04 -0.60748173998942E+03  0.21709205171959E+04  0.28097536837011E+03  0.23385691559985E+04  0.11113554433385E+04  0.35058534702681E+05 -0.85985969459602E+04 -0.10258038588202E+04  0.23535452761238E+03  0.23990210216358E+03  0.26941467330373E+02 -0.14540050958602E-01 -0.13845416432531E+03 -0.16370736877844E+02 -0.27503428554960E+03 -0.81971176934566E+02  0.78340545749303E+05 -0.26927576604889E+03  0.77746197346611E+02  0.91187650717172E+02  0.63321100935817E+02  0.39724910918813E+02  0.24339368303086E+02  0.69133006215719E+03  0.17349385288390E+04  0.15715172011153E+04 -0.14943145481171E+03 -0.10135696853753E+03 -0.40493065863573E+02 -0.55208610450364E+04 -0.97524686004459E+04  0.00000000000000E+00  0.00000000000000E+00  0.00000000000000E+00  0.33792780961243E+04  0.40719324354362E+04  0.00000000000000E+00  0.00000000000000E+00  0.00000000000000E+00 -0.40236155463048E+02 -0.19882904974329E+04 -0.20528523594569E+04
  -0.22916854075385E+06  0.66745619451733E+05 -0.92918080554746E+04 -0.39779512672890E+05  0.81807782590605E+04 -0.94458596697791E+03 -0.44098737096629E+04 -0.28766770702652E+05  0.45699762314434E+04  0.17760248346024E+04 -0.21986759633211E+03 -0.48666227515929E+02 -0.95350506737213E+01  0.11214929340515E-01  0.75006240413033E+03 -0.16292179994260E+03  0.61471759140715E+03  0.49252966459053E+03  0.49424727836057E+06  0.37939256386678E+04  0.17431738655689E+04  0.85570318727537E+03  0.44358146957855E+03  0.24076655405074E+03  0.13594557524062E+03  0.16104442948607E+04  0.15715172011153E+04  0.16149279921283E+05  0.24829300469133E+03  0.12934656487326E+03 -0.62637514336917E+01  0.37493695458572E+05  0.60802094511609E+05  0.00000000000000E+00  0.00000000000000E+00  0.00000000000000E+00  0.15923337581977E+05  0.20020398652444E+05  0.00000000000000E+00  0.00000000000000E+00  0.00000000000000E+00 -0.79282127173553E+02  0.15369766355175E+04  0.15692879734335E+04
  -0.13084177027519E+06  0.16718568633619E+05 -0.48698006089466E+04 -0.12791500306276E+05  0.19637661069047E+04 -0.26787896673909E+04 -0.24223039711720E+04 -0.62445738877738E+05  0.11441957922410E+05  0.27293600954369E+04 -0.46753063089829E+03 -0.99075886011824E+03 -0.14425192488103E+03  0.41231419339313E-01 -0.29232466038550E+04  0.56692613856583E+03 -0.29824315707133E+04 -0.20956204527759E+04  0.35251346017566E+05  0.00000000000000E+00  0.00000000000000E+00  0.00000000000000E+00  0.00000000000000E+00  0.00000000000000E+00  0.00000000000000E+00 -0.47847356213927E+02 -0.14943145481171E+03  0.24829300469133E+03  0.11711930389926E+06  0.00000000000000E+00  0.00000000000000E+00  0.00000000000000E+00  0.00000000000000E+00  0.00000000000000E+00  0.00000000000000E+00  0.00000000000000E+00  0.00000000000000E+00  0.00000000000000E+00  0.00000000000000E+00  0.00000000000000E+00  0.00000000000000E+00  0.00000000000000E+00  0.00000000000000E+00  0.00000000000000E+00
  -0.55504389842653E+05  0.83194159110451E+04 -0.20741854905523E+04 -0.21213315312663E+05  0.33023502819465E+04 -0.40733319973239E+04 -0.37851663615063E+04 -0.49465717489374E+05  0.10677141542984E+05  0.18663710722396E+04 -0.34822871528436E+03 -0.43688628648488E-12  0.30147680813989E-11  0.11170159206039E-13 -0.18973087666971E+04  0.35291903159611E+03 -0.19060721949565E+04 -0.13047568847284E+04  0.79324431403175E+05  0.25995452902768E+04  0.67549532627379E+03  0.19775581549245E+03  0.60697003015612E+02  0.17798802467963E+02  0.38623116388490E+01 -0.27527550069600E+02 -0.10135696853753E+03  0.12934656487326E+03  0.00000000000000E+00  0.64724713294880E+05  0.00000000000000E+00  0.00000000000000E+00  0.00000000000000E+00  0.00000000000000E+00  0.00000000000000E+00  0.00000000000000E+00  0.00000000000000E+00  0.00000000000000E+00  0.00000000000000E+00  0.00000000000000E+00  0.00000000000000E+00  0.00000000000000E+00  0.00000000000000E+00  0.00000000000000E+00
  -0.49850796033300E+04 -0.20919584621171E+03  0.27136356226411E+02 -0.64239539617949E+02 -0.56840177782496E+02  0.15006519097146E+03  0.13722067436495E+03 -0.69986708679351E+05  0.24627514661481E+05  0.73453540591041E+03 -0.33733870614253E+03 -0.60530433550911E+03 -0.24498591164101E+02 -0.36574984996273E+01 -0.25025927960856E+04  0.29562191760355E+03 -0.27286694512558E+04 -0.13635196630313E+04 -0.12461856116499E+04  0.00000000000000E+00  0.00000000000000E+00  0.00000000000000E+00  0.00000000000000E+00  0.00000000000000E+00  0.00000000000000E+00  0.29159704999892E+01 -0.40493065863573E+02 -0.62637514336917E+01  0.00000000000000E+00  0.00000000000000E+00  0.30781344441952E+05  0.00000000000000E+00  0.00000000000000E+00  0.00000000000000E+00  0.00000000000000E+00  0.00000000000000E+00  0.00000000000000E+00  0.00000000000000E+00  0.00000000000000E+00  0.00000000000000E+00  0.00000000000000E+00  0.00000000000000E+00  0.00000000000000E+00  0.00000000000000E+00
  -0.86447806514547E+06  0.21127016027834E+06 -0.33604161451353E+05 -0.66470198012030E+05  0.11418417187965E+05 -0.80299974813528E+04 -0.95571237117239E+04 -0.29216616453549E+06  0.66487357441215E+05  0.10916532828561E+05 -0.20124658629772E+04 -0.44014292765031E+04 -0.51484850521328E+03 -0.25437344060272E+00  0.19239534273716E+04 -0.14019295582348E+03  0.23299293148342E+04  0.10632457135071E+04  0.58885579222924E+06  0.00000000000000E+00  0.00000000000000E+00  0.00000000000000E+00  0.00000000000000E+00  0.00000000000000E+00  0.00000000000000E+00  0.95692714307610E+03 -0.55208610450364E+04  0.37493695458572E+05  0.00000000000000E+00  0.00000000000000E+00  0.00000000000000E+00  0.58126681397014E+06  0.00000000000000E+00  0.00000000000000E+00  0.00000000000000E+00  0.00000000000000E+00  0.00000000000000E+00  0.00000000000000E+00  0.00000000000000E+00  0.00000000000000E+00  0.00000000000000E+00  0.00000000000000E+00  0.00000000000000E+00  0.00000000000000E+00
  -0.11208392409840E+07  0.26751692614991E+06 -0.43818261121896E+05 -0.34333808775503E+06  0.60517764685985E+05 -0.38781409584799E+05 -0.49641444427293E+05 -0.57048226653877E+06  0.12552688827047E+06  0.22563262349294E+05 -0.39794803476875E+04 -0.12941472168616E-09  0.28899074743357E-10 -0.20162172323796E-11  0.43083788157047E+04 -0.48332554177654E+03  0.50482850687501E+04  0.27301336156900E+04  0.28774374442735E+07  0.41071502892431E+05  0.15490388564056E+05  0.67613692526751E+04  0.32714123880033E+04  0.17097810723509E+04  0.94944537221096E+03  0.58016087792807E+03 -0.97524686004459E+04  0.60802094511609E+05  0.00000000000000E+00  0.00000000000000E+00  0.00000000000000E+00  0.00000000000000E+00  0.91980321871282E+06  0.00000000000000E+00  0.00000000000000E+00  0.00000000000000E+00  0.00000000000000E+00  0.00000000000000E+00  0.00000000000000E+00  0.00000000000000E+00  0.00000000000000E+00  0.00000000000000E+00  0.00000000000000E+00  0.00000000000000E+00
  -0.20968169789730E+05  0.57794493934073E+04 -0.84781344092737E+03 -0.13273365058070E+04  0.29968824575752E+03  0.27463266329744E+02 -0.14031630185194E+03 -0.74041172623446E+05  0.22977740337287E+05  0.14987512383092E+04 -0.42485703739438E+03 -0.20083400001867E+04 -0.12852925703298E+03 -0.14908311588641E+01 -0.15120504109105E+04  0.16381722154515E+03 -0.13638431472077E+04 -0.69148880469092E+03  0.17333742703726E+05  0.00000000000000E+00  0.00000000000000E+00  0.00000000000000E+00  0.00000000000000E+00  0.00000000000000E+00  0.00000000000000E+00  0.00000000000000E+00  0.00000000000000E+00  0.00000000000000E+00  0.00000000000000E+00  0.00000000000000E+00  0.00000000000000E+00  0.00000000000000E+00  0.00000000000000E+00  0.14388108616272E+05  0.00000000000000E+00  0.00000000000000E+00  0.00000000000000E+00  0.00000000000000E+00  0.00000000000000E+00  0.00000000000000E+00  0.00000000000000E+00  0.00000000000000E+00  0.00000000000000E+00  0.00000000000000E+00
  -0.47804807498105E+05  0.13360799626041E+05 -0.19412944110205E+04 -0.25132362920671E+04  0.54542306478949E+03  0.12664338216901E+02 -0.25980400410841E+03 -0.16770300089931E+06  0.52109643450698E+05  0.33392897435924E+04 -0.96272098214928E+03 -0.59673388999160E+02 -0.15336434007308E+02 -0.12096396944922E-05 -0.30561263831275E+04  0.32919968254736E+03 -0.27697312563750E+04 -0.14042554459527E+04  0.32911005702323E+05  0.00000000000000E+00  0.00000000000000E+00  0.00000000000000E+00  0.00000000000000E+00  0.00000000000000E+00  0.00000000000000E+00  0.00000000000000E+00  0.00000000000000E+00  0.00000000000000E+00  0.00000000000000E+00  0.00000000000000E+00  0.00000000000000E+00  0.00000000000000E+00  0.00000000000000E+00  0.00000000000000E+00  0.32214406673148E+05  0.00000000000000E+00  0.00000000000000E+00  0.00000000000000E+00  0.00000000000000E+00  0.00000000000000E+00  0.00000000000000E+00  0.00000000000000E+00  0.00000000000000E+00  0.00000000000000E+00
  -0.31662148749496E+04  0.42115510160789E+03 -0.10465397413056E+03 -0.69328258901858E+02  0.86295827144764E+01 -0.18153696650324E+02 -0.12719680770156E+02 -0.14130657460276E+04  0.19393816952769E+03  0.43670893576060E+02 -0.11002339791008E+02 -0.68859623320768E+02 -0.56387179195353E+01 -0.78423153190924E-01 -0.74002269061540E+03  0.85338223982064E+02 -0.67231437106243E+03 -0.36998770205873E+03  0.21348083838435E+03  0.00000000000000E+00  0.00000000000000E+00  0.00000000000000E+00  0.00000000000000E+00  0.00000000000000E+00  0.00000000000000E+00  0.00000000000000E+00  0.00000000000000E+00  0.00000000000000E+00  0.00000000000000E+00  0.00000000000000E+00  0.00000000000000E+00  0.00000000000000E+00  0.00000000000000E+00  0.00000000000000E+00  0.00000000000000E+00  0.37898998725015E+04  0.00000000000000E+00  0.00000000000000E+00  0.00000000000000E+00  0.00000000000000E+00  0.00000000000000E+00  0.00000000000000E+00  0.00000000000000E+00  0.00000000000000E+00
  -0.20385775722145E+06  0.63925004930696E+05 -0.83805337925798E+04 -0.11774716665347E+05  0.27480265590412E+04  0.55122090274912E+03 -0.89890230901660E+03 -0.56766774489827E+04  0.63001733660638E+03  0.54625650147261E+03 -0.45368058688453E+02 -0.14933311481450E+00 -0.10298216651104E+00 -0.10802292794295E-13  0.31496390550032E+03 -0.88525778334905E+02  0.86748063085882E+02  0.13214859025842E+03  0.19115925631717E+06  0.00000000000000E+00  0.00000000000000E+00  0.00000000000000E+00  0.00000000000000E+00  0.00000000000000E+00  0.00000000000000E+00  0.24050136581100E+04  0.33792780961243E+04  0.15923337581977E+05  0.00000000000000E+00  0.00000000000000E+00  0.00000000000000E+00  0.00000000000000E+00  0.00000000000000E+00  0.00000000000000E+00  0.00000000000000E+00  0.00000000000000E+00  0.10574578241545E+06  0.00000000000000E+00  0.00000000000000E+00  0.00000000000000E+00  0.00000000000000E+00  0.00000000000000E+00  0.00000000000000E+00  0.00000000000000E+00
