# fitpack15: fit parameters                                                                         
# CJ15 AV18 final data choices                                                                      
# Created on 09/10/2019 at 08:27:42                                                                 

 # QCD setup
  INS                           0
  NVL                          11
  IORD                          1
  Q02                   1.6899999999999999     
  IPARAMC                       7
  FLAVOR                4.0000000000000000     
  xmc                   1.3000000000000000     
  xmb                   4.5000000000000000     
  ncb                          12
  ihq                           1
  ias                           0

 # Theory corrections
  inuke                     10114
  itmc                          1
  iht                           1

 # fit parameters
 LAMBDA       0.22680        0.0000    
 a0uv          2.4393        0.0000    
 a1uv         0.61803       0.24361E-01
 a2uv          3.5520       0.15401E-01
 a3uv          0.0000        0.0000    
 a4uv          3.4042       0.53660    
 a5uv          0.0000        0.0000    
 a0dv          28.912        0.0000    
 a1dv          1.1944       0.37055E-01
 a2dv          6.6116       0.19952    
 a3dv         -3.5136       0.86491E-01
 a4dv          4.5188       0.14757    
 a5dv          0.0000        0.0000    
 a0ud         0.14779       0.52729E-02
 a1ud        -0.20702       0.38664E-02
 a2ud          8.2072       0.22625    
 a3ud          0.0000        0.0000    
 a4ud          13.160        1.3775    
 a5ud          0.0000        0.0000    
 a0du          35712.        0.0000    
 a1du          4.1218       0.10320    
 a2du          19.864        1.0591    
 a3du          17.000        0.0000    
 a4du          59.915        17.133    
 a0g           49.859        0.0000    
 a1g          0.62141       0.31326E-01
 a2g           6.5017       0.86666    
 a3g          -3.4200       0.12843    
 a4g           3.3896       0.31343    
 a5g           0.0000        0.0000    
 kappa        0.40000        0.0000    
 a6dv        -0.26580E-02   0.16620E-02
 a7dv          2.0000        0.0000    
 off1        -0.14001       0.12531    
 off2         0.19320       0.88837    
 off3        -0.93418        1.5741    
 ht1          -3.4095       0.24699    
 ht2           1.9434       0.10391    
 ht3          -2.0702       0.24987E-01
 ht4           0.0000        0.0000    
 dummy41       0.0000        0.0000    
 dummy42       0.0000        0.0000    
 dummy43       0.0000        0.0000    
 dummy44       0.0000        0.0000    
 dummy45       0.0000        0.0000    
 dummy46       0.0000        0.0000    
 dummy47       0.0000        0.0000    
 dummy48       0.0000        0.0000    
 dummy49       0.0000        0.0000    
 bcdmsh2      0.96965       0.44804E-02
 bcdmsd2      0.99265       0.54489E-02
 ccfr          1.0000        0.0000    
 nutev         1.0000        0.0000    
 zeus         0.97998        0.0000    
 h1            1.0162        0.0000    
 e605          1.0319        0.0000    
 NmcH2         1.0049       0.68699E-02
 ntv_nu        1.0000        0.0000    
 ntv_nuba      1.0000        0.0000    
 cdf_jet      0.98910        0.0000    
 d0_jet       0.83504        0.0000    
 slac_p       0.99862       0.41094E-02
 slac_d        1.0011       0.44295E-02
 e866pp       0.95107       0.20326E-01
 e866pd       0.93321       0.17828E-01
 d0_gamje      1.0421       0.16583E-01
 h1b          0.97608        0.0000    
 jlab_p       0.98940       0.50914E-02
 jlab_d       0.97371       0.51300E-02
 blank         1.0000        0.0000    
 d0run2       0.94876       0.14540E-01
 cdfrun2      0.93519       0.17363E-01
 HERA_el       1.0000        0.0000    
 HERA_ps       1.0000        0.0000    
 CDF_Z        0.95718       0.62404E-02
 NmcRat        1.0000        0.0000    
 BNS_F2nd     0.96753       0.85949E-02
 HERMES_F     0.99303       0.50478E-02
 HERMES_F     0.97747       0.52168E-02
 e03103_p     0.99329       0.45919E-02
 e03103_d     0.97664       0.46826E-02
 e06009_d_c   0.96144       0.76883E-02
 e94110_p      1.0059       0.47727E-02
 e99118_p      1.0081       0.17415E-01
 e99118_d      1.0202       0.17723E-01
 jlcee96_p     1.0149       0.48671E-02
 jlcee96_d     1.0204       0.52346E-02
 END 0. 0.

 # Hessian matrix (Bevington alpha)
   0.72111439461784E+07 -0.18764391562944E+07  0.35350298754059E+06  0.98662044041818E+06 -0.23367246386620E+06  0.47174994695702E+05  0.15121097183144E+06  0.12181951717680E+07 -0.21198120360380E+06 -0.72593234872025E+05  0.11129902698042E+05  0.13309909007265E+05  0.15847302609555E+04 -0.66813262929512E+02 -0.12482225919648E+04  0.19163077520999E+03  0.61770447283900E+04  0.25901768552933E+04 -0.13590310837981E+08 -0.95923721420315E+05 -0.42118969236429E+05 -0.19984908109671E+05 -0.30163492093184E+05 -0.20358678020643E+05 -0.46824383396938E+06 -0.12710029884540E+06 -0.53851347327341E+05 -0.43207930669624E+04 -0.84281318756261E+06 -0.10888554015033E+07 -0.20888565747706E+05 -0.47588485204304E+05 -0.30395833081091E+04 -0.19913090513187E+06 -0.22387468369762E+06 -0.87403609459485E+04 -0.30854910705361E+04 -0.15427441514835E+05  0.16726578465760E+05 -0.70837849535618E+05 -0.55928908063049E+05 -0.31019375777690E+06 -0.52566268575822E+06 -0.16100096386908E+05 -0.33113986160571E+06 -0.43104224670968E+04 -0.33182210931541E+04 -0.21550638174679E+06 -0.16798595338903E+06
  -0.18764391562944E+07  0.57142262127798E+06 -0.94278806537139E+05 -0.24336328032030E+06  0.60642498360289E+05 -0.74519510394568E+03 -0.31194797012042E+05 -0.18080459373865E+06  0.33793935696296E+05  0.12309746399910E+05 -0.15964150330250E+04 -0.11145178426109E+04 -0.13925086878175E+03  0.86815505180911E+01  0.29592868543003E+04 -0.61211830620306E+03  0.12381732813474E+04  0.12763766074797E+04  0.43192785762515E+07  0.24658411432451E+05  0.11968861709423E+05  0.61270048518293E+04  0.12866408704252E+05  0.15363061059416E+05  0.12720131081919E+06  0.16620505903153E+05  0.82443552014421E+04 -0.25310275880717E+03  0.21045634736290E+06  0.26540706788455E+06  0.58951591445740E+04  0.13603158008587E+05  0.41454037074137E+03  0.63761832388666E+05  0.71303211108694E+05  0.23740613084713E+04  0.75203453099272E+03 -0.23301835854387E+04 -0.22977006896928E+04  0.85706162812434E+04  0.72401502933214E+04  0.80574460281977E+05  0.13540840905096E+06  0.10843530590080E+04  0.77421361339126E+05  0.58713931459289E+03  0.46593371547411E+03  0.42849214231354E+05  0.33626145908727E+05
   0.35350298754059E+06 -0.94278806537139E+05  0.17462883359502E+05  0.47860714673188E+05 -0.11550241356553E+05  0.17286654386110E+04  0.71613079550630E+04  0.47369009884813E+05 -0.79429002182695E+04 -0.31944855589125E+04  0.43932045846405E+03  0.42866244449844E+03  0.59211899844926E+02 -0.31210069094636E+01 -0.87301622456026E+03  0.11425707676407E+03 -0.45754894801822E+03 -0.30561726410665E+03 -0.68632956352658E+06 -0.46655905420976E+04 -0.20865777458676E+04 -0.10008055199918E+04 -0.16301853497184E+04 -0.14092709031076E+04 -0.23284300052578E+05 -0.56316429586640E+04 -0.24066781030964E+04  0.55917285524521E+02 -0.39895009125537E+05 -0.51819442679606E+05 -0.10375228659934E+04 -0.23751959570385E+04 -0.11883962607340E+03 -0.10139296383423E+05 -0.11384736516715E+05 -0.42615255787022E+03 -0.14782685492761E+03  0.46585777103570E+02  0.74552801489392E+03 -0.26063421013362E+04 -0.21206078726139E+04 -0.15370498917074E+05 -0.26133687338550E+05 -0.70929019422406E+03 -0.16372834442755E+05 -0.19149906243765E+03 -0.14818437780207E+03 -0.10431707565684E+05 -0.81229587770119E+04
   0.98662044041818E+06 -0.24336328032030E+06  0.47860714673188E+05  0.39691077346000E+06 -0.70083053673505E+05  0.73094684607110E+05  0.71191466647756E+05  0.37874493392827E+06 -0.37991201236114E+05 -0.21162610489892E+05  0.38428375498842E+04 -0.75228000771268E+03 -0.58223651943052E+02  0.26905092550269E+02  0.24920657015941E+05 -0.27031467768867E+04  0.22530456109197E+05  0.11779366562706E+05 -0.29468173431697E+07 -0.28270874022554E+05 -0.11583490512091E+05 -0.50566288696719E+04 -0.25222259735143E+04  0.24137048609888E+04 -0.82569496350190E+05 -0.12532586161394E+05 -0.20802138890893E+05 -0.32931831182941E+02 -0.64758405792016E+05 -0.33526113582763E+06 -0.13151397771150E+04 -0.24601859441936E+04 -0.65711047310572E+02 -0.11483660632552E+05 -0.51334232357241E+05 -0.23577169013544E+04 -0.91910921254178E+03 -0.94899083409150E+04 -0.16069049184157E+05 -0.71048789316659E+04 -0.21092465094453E+05 -0.22990970673926E+05 -0.15475532091696E+06 -0.80759007469259E+04 -0.27056493754171E+05 -0.45571977801591E+03 -0.13491318532627E+04 -0.19762971558505E+05 -0.59984255862102E+05
  -0.23367246386620E+06  0.60642498360289E+05 -0.11550241356553E+05 -0.70083053673505E+05  0.14329785111368E+05 -0.85317079260619E+04 -0.11726731475995E+05 -0.42793490225063E+05  0.30604440969585E+04  0.31480225670019E+04 -0.45330800258325E+03 -0.49922618693166E+02 -0.29319598121442E+01 -0.20526181545107E+01 -0.16843047900417E+04  0.13759241621085E+03 -0.15826715530223E+04 -0.73746064943078E+03  0.68857070758332E+06  0.56781114494922E+04  0.25160621752661E+04  0.11568709636472E+04  0.10218535218355E+04  0.77272086080219E+03  0.18494010789016E+05  0.19798059292896E+04  0.33587926540446E+04 -0.60960732272774E+02  0.11983730557700E+05  0.63327593818908E+05  0.32540990893819E+03  0.58665003218277E+03  0.84377207930188E+01  0.29863474269016E+04  0.13194855283693E+05  0.46342475091298E+03  0.17121589833298E+03  0.34502120914223E+03  0.25727082741305E+04  0.81444366056435E+03  0.25236270199800E+04  0.50797998056831E+04  0.35035846516997E+05  0.11635308386892E+04  0.59877512979465E+04  0.70369968964152E+02  0.21168215530775E+03  0.39597705408105E+04  0.12009732618018E+05
   0.47174994695702E+05 -0.74519510394568E+03  0.17286654386110E+04  0.73094684607110E+05 -0.85317079260619E+04  0.24416345530596E+05  0.15880719756238E+05  0.11510674447408E+06 -0.11736211663585E+05 -0.53586457485048E+04  0.11714565956608E+04 -0.42058110634605E+03 -0.33053125470143E+02  0.10309495729060E+02  0.90832137040345E+04 -0.11093157271277E+04  0.79652991148630E+04  0.44360252967892E+04 -0.11425084003099E+06 -0.34646201504463E+04 -0.95927660529955E+03 -0.24825126894666E+03  0.10782809893389E+04  0.36856092009084E+04 -0.57449657842766E+04 -0.33268955067409E+04 -0.51066737891293E+04  0.20511074186656E+03 -0.10926825474085E+05 -0.53809604967222E+05 -0.20188855460053E+02 -0.71854904762919E+02 -0.20767652379234E+02  0.19380786269966E+03  0.58022175070197E+03 -0.32944249426647E+03 -0.16090109992345E+03 -0.33232373998900E+04 -0.42093600029988E+04 -0.20870201062109E+04 -0.60363893947820E+04 -0.18665761153341E+04 -0.10366590656968E+05 -0.21902269704717E+04 -0.21414243566595E+04 -0.12203285257172E+03 -0.35191401937471E+03 -0.25741064273319E+04 -0.79001280088726E+04
   0.15121097183144E+06 -0.31194797012042E+05  0.71613079550630E+04  0.71191466647756E+05 -0.11726731475995E+05  0.15880719756238E+05  0.14017529658866E+05  0.71310399557147E+05 -0.58169769877646E+04 -0.42246264710212E+04  0.74808812714529E+03 -0.10277342566537E+03 -0.84734238110295E+01  0.49708019782400E+01  0.41710466356364E+04 -0.47576554631647E+03  0.35962272540062E+04  0.19341215301402E+04 -0.39216522512196E+06 -0.46296281492021E+04 -0.17584667317726E+04 -0.69748095821169E+03  0.16345376957333E+03  0.16853453671243E+04 -0.12492713185311E+05 -0.28126866695401E+04 -0.44235703292805E+04  0.16383032442794E+03 -0.11506920530188E+05 -0.59960778740824E+05 -0.18584940309289E+03 -0.33606315948565E+03 -0.14030369759505E+02 -0.12396259869516E+04 -0.57007687245954E+04 -0.40970372438215E+03 -0.17151230893627E+03 -0.13949656744166E+04 -0.37197003941490E+04 -0.12706691012675E+04 -0.38068169660594E+04 -0.36206911907674E+04 -0.23630387745751E+05 -0.20040194476352E+04 -0.43480351396185E+04 -0.10289397866335E+03 -0.30254909151676E+03 -0.36423769069533E+04 -0.11083259700173E+05
   0.12181951717680E+07 -0.18080459373865E+06  0.47369009884813E+05  0.37874493392827E+06 -0.42793490225063E+05  0.11510674447408E+06  0.71310399557147E+05  0.47759521679872E+07 -0.22561904571242E+07 -0.85257311149185E+05  0.26618097867108E+05  0.22965625234785E+05  0.16288519229258E+04  0.58889873129930E+02  0.73158444311322E+05 -0.94217329888814E+04  0.77829172513560E+05  0.41336873390794E+05 -0.10429894098599E+07 -0.40427176684658E+05 -0.90387061837649E+04 -0.26981227678389E+04  0.82350277626541E+04  0.40892412459889E+05 -0.59379109084225E+05 -0.58217754540548E+05 -0.46608375857446E+05 -0.65206237282906E+05 -0.27414760652001E+06 -0.54152079736585E+06 -0.72473446162476E+05 -0.16409837076542E+06 -0.12627327504952E+04 -0.58089260908986E+04 -0.11449709876167E+05  0.44568429576268E+03  0.34123777647716E+03 -0.25525160107239E+06 -0.87079830554235E+04 -0.13333903636134E+06 -0.16425158720406E+06 -0.32307562760002E+05 -0.77040953147336E+05 -0.11318927978070E+05 -0.34102219037287E+05 -0.20788780443017E+04 -0.26475572820260E+04 -0.35644151300603E+05 -0.45859485573066E+05
  -0.21198120360380E+06  0.33793935696296E+05 -0.79429002182695E+04 -0.37991201236114E+05  0.30604440969585E+04 -0.11736211663585E+05 -0.58169769877646E+04 -0.22561904571242E+07  0.19191750384026E+07  0.18918301400505E+05 -0.66834641265964E+04 -0.48630921179684E+04 -0.27785801337313E+03 -0.78068498653981E+01  0.52216106146599E+05 -0.27963809643911E+04  0.19802428257527E+05  0.99145440899368E+04  0.58552998415488E+05  0.97598292688509E+04  0.17104619417632E+04  0.43952835022775E+03 -0.19648465746747E+04 -0.10072216225259E+05  0.91926602300204E+04  0.11007977401355E+05  0.10387909180827E+05  0.23650642111210E+05  0.64461269090885E+05  0.12303795641455E+06  0.23320505676414E+05  0.52847737220774E+05  0.16291620274122E+03  0.64782256867913E+03  0.13125666134753E+04 -0.13105933219988E+04 -0.72000955055600E+03  0.10992664221374E+06  0.16206223095697E+04  0.43454571372865E+05  0.52967073381297E+05  0.47893570860491E+04  0.11087192044180E+05  0.19217706304556E+04  0.49065728235045E+04  0.43071575598866E+03  0.54870159930595E+03  0.55536669973076E+04  0.72460165467563E+04
  -0.72593234872025E+05  0.12309746399910E+05 -0.31944855589125E+04 -0.21162610489892E+05  0.31480225670019E+04 -0.53586457485048E+04 -0.42246264710212E+04 -0.85257311149185E+05  0.18918301400505E+05  0.28417166855908E+04 -0.69673665178020E+03 -0.61579438227044E+03 -0.57645090957948E+02 -0.90052595166831E+00 -0.37117562216940E+04  0.44907153905435E+03 -0.33723329936584E+04 -0.18662007150344E+04  0.94626723050303E+05  0.16628746496267E+04  0.50558970537968E+03  0.17961256487913E+03 -0.25170117588049E+03 -0.13262097226896E+04  0.41272308692972E+04  0.26677944513012E+04  0.18455980441470E+04  0.71703565541554E+03  0.10794950416755E+05  0.22550827841316E+05  0.15404493921819E+04  0.34296824956346E+04  0.41547907153534E+02  0.58939311721680E+03  0.11211724589032E+04  0.12321815408962E+03  0.54670303997276E+02  0.30176229146957E+04  0.44996892157717E+03  0.27335581300213E+04  0.34594956283501E+04  0.22833815296422E+04  0.57537645141703E+04  0.65586715099854E+03  0.25877429681163E+04  0.92943679494092E+02  0.11800179588871E+03  0.24077651699866E+04  0.30392380978181E+04
   0.11129902698042E+05 -0.15964150330250E+04  0.43932045846405E+03  0.38428375498842E+04 -0.45330800258325E+03  0.11714565956608E+04  0.74808812714529E+03  0.26618097867108E+05 -0.66834641265964E+04 -0.69673665178020E+03  0.20179684950407E+03  0.19155561832556E+03  0.14849343655652E+02  0.42305471885373E+00  0.12939731345736E+04 -0.14554020099565E+03  0.11363282264740E+04  0.61368578199460E+03 -0.11270582875788E+05 -0.31953625215116E+03 -0.78462908041022E+02 -0.24371318203918E+02  0.66706957613995E+02  0.32424133409848E+03 -0.54284720107381E+03 -0.51263819512777E+03 -0.38404020247787E+03 -0.35304334478696E+03 -0.22077938361767E+04 -0.44239318804431E+04 -0.47626530399115E+03 -0.10794496818094E+04 -0.11563559301920E+02 -0.55537541186462E+02 -0.10923572160056E+03 -0.14330569119917E+02 -0.67459436438962E+01 -0.11964230068342E+04 -0.76522723691001E+02 -0.87389904359265E+03 -0.10861079500833E+04 -0.29857139707388E+03 -0.71426223756805E+03 -0.10194649346081E+03 -0.31562015327378E+03 -0.17717782187972E+02 -0.22563218768016E+02 -0.32582093722917E+03 -0.41816232530495E+03
   0.13309909007265E+05 -0.11145178426109E+04  0.42866244449844E+03 -0.75228000771268E+03 -0.49922618693166E+02 -0.42058110634605E+03 -0.10277342566537E+03  0.22965625234785E+05 -0.48630921179684E+04 -0.61579438227044E+03  0.19155561832556E+03  0.13128237543750E+04  0.89840591896639E+02 -0.97015347254964E+00  0.13134151802976E+04 -0.19022548161058E+03  0.14690688718109E+04  0.84894155241452E+03 -0.60242411754069E+04  0.23651959608190E+03  0.23081477427951E+02  0.18666161329344E+00  0.52859723305821E+02  0.28622189298793E+03 -0.76546414857864E+02 -0.10669139100665E+04  0.10153233935529E-10 -0.61846297991610E+03 -0.46711131093384E+04 -0.57600433869208E-09 -0.21746305397978E+04 -0.74556959135148E+02 -0.70899875318776E+02 -0.24495082897722E+00  0.36208583288307E-10 -0.15944868870853E+01 -0.68318481106351E+00  0.23904908982919E+03  0.30907120858795E+03 -0.24501149293827E+04 -0.58127815996062E-10 -0.78049909661817E+02 -0.41353982890395E-10  0.14205638508548E-11 -0.28713720915695E+02 -0.30345993589477E+02 -0.10583590969992E-10 -0.69108078705192E+02 -0.68239494876243E-10
   0.15847302609555E+04 -0.13925086878175E+03  0.59211899844926E+02 -0.58223651943052E+02 -0.29319598121442E+01 -0.33053125470143E+02 -0.84734238110295E+01  0.16288519229258E+04 -0.27785801337313E+03 -0.57645090957948E+02  0.14849343655652E+02  0.89840591896639E+02  0.83739301137039E+01 -0.10876834291880E+00  0.78398175339518E+02 -0.13506698687088E+02  0.92211430940356E+02  0.57704371307731E+02 -0.39707822457165E+03  0.12712332895592E+02  0.16712953934151E+01  0.19139275722873E-01  0.74429547988794E+01  0.34705323806011E+02 -0.18700380759872E+02 -0.15917579571745E+03  0.83530222174421E-12 -0.25163851020607E+02 -0.56142436302001E+03 -0.48386501170667E-10 -0.14029700639469E+03 -0.19786693111072E+02 -0.59031975340253E+01 -0.17429644599160E+00  0.11951695256574E-11 -0.17303970788121E+00 -0.67226409884088E-01  0.25315716584507E+02  0.69540610195511E+02 -0.18142270607785E+03  0.11064017656618E-10 -0.26939987801084E+02 -0.32543851200711E-10  0.27377165411061E-11 -0.12587694060735E+02 -0.53066210169550E+01  0.30965541178931E-12 -0.25578697795193E+02  0.82021305184318E-12
  -0.66813262929512E+02  0.86815505180911E+01 -0.31210069094636E+01  0.26905092550269E+02 -0.20526181545107E+01  0.10309495729060E+02  0.49708019782400E+01  0.58889873129930E+02 -0.78068498653981E+01 -0.90052595166831E+00  0.42305471885373E+00 -0.97015347254964E+00 -0.10876834291880E+00  0.24834634038224E-01  0.98528570773353E+01 -0.67696146584306E+00  0.58665880734024E+01  0.26344136009829E+01 -0.29482857371625E+02  0.10367983248685E+01 -0.34007927440370E-01 -0.15423621513848E-01 -0.66948509546845E-02 -0.10873289851810E-01  0.12496456424143E-01  0.46897213400070E-01 -0.24858412285376E-13 -0.40255582327284E+01 -0.31824120580518E+00 -0.10333215487037E-11 -0.18385258806515E+01 -0.20977471205206E-05 -0.87021188125550E-01 -0.10623724375316E-13  0.46729526097409E-13 -0.10453206409814E-02 -0.57864298575852E-03 -0.15788809274928E+01  0.39076437899299E-05 -0.16793518520599E+01 -0.26208134345997E-12 -0.21709499683250E-10 -0.84912189901906E-12  0.11157737103033E-12  0.14110027019478E-10 -0.53101180481277E-06 -0.23016046355153E-13 -0.78873119454430E-09  0.11800159464098E-12
  -0.12482225919648E+04  0.29592868543003E+04 -0.87301622456026E+03  0.24920657015941E+05 -0.16843047900417E+04  0.90832137040345E+04  0.41710466356364E+04  0.73158444311322E+05  0.52216106146599E+05 -0.37117562216940E+04  0.12939731345736E+04  0.13134151802976E+04  0.78398175339518E+02  0.98528570773353E+01  0.50551653473439E+05 -0.48895215808520E+04  0.38079321654372E+05  0.20001812852917E+05 -0.35575730529970E+05  0.26562548626530E+03  0.14357253586493E+03  0.61064422547565E+02 -0.63244307419720E+02 -0.30841286847658E+03  0.20733335691809E+04 -0.28854586316171E+04 -0.18742389736026E+04 -0.25234488886008E+04  0.19573093321924E+04  0.43708451782058E+04 -0.15896670080225E+04 -0.31961232239659E+04 -0.73257843782883E+03  0.29049056875230E+03  0.52056374824192E+03 -0.29844274339251E+04 -0.15698536186542E+04 -0.22047961570905E+04  0.21134243678829E+03 -0.96927550004866E+03 -0.10892737531210E+04  0.85286545237745E+03  0.27664092993156E+04  0.41852638791278E+03  0.17086299110022E+04  0.54100632425312E+02  0.64197052974935E+02  0.15621308120590E+04  0.19193610654453E+04
   0.19163077520999E+03 -0.61211830620306E+03  0.11425707676407E+03 -0.27031467768867E+04  0.13759241621085E+03 -0.11093157271277E+04 -0.47576554631647E+03 -0.94217329888814E+04 -0.27963809643911E+04  0.44907153905435E+03 -0.14554020099565E+03 -0.19022548161058E+03 -0.13506698687088E+02 -0.67696146584306E+00 -0.48895215808520E+04  0.55203749654375E+03 -0.41721221607656E+04 -0.22835489411797E+04  0.12818344367049E+04 -0.44763893318345E+02 -0.28755003866198E+02 -0.13437508050242E+02 -0.23593608767540E+01  0.83906801935232E+01 -0.46917720309041E+03  0.55118258830960E+03  0.34334369025287E+03  0.29632898165071E+03 -0.14982219286631E+03 -0.49911535635434E+03  0.17018456580426E+03  0.34068625040820E+03  0.83800685638901E+02 -0.80405219558994E+02 -0.14205830144128E+03  0.47493930035215E+03  0.23197602589338E+03 -0.35311657633539E+03 -0.38369779933265E+02  0.27249316617561E+03  0.30559050962786E+03 -0.19080388402628E+03 -0.65640257744393E+03 -0.82351024124738E+02 -0.40571729062984E+03 -0.86639033742977E+01 -0.10417545796470E+02 -0.34294086541361E+03 -0.41826158532189E+03
   0.61770447283900E+04  0.12381732813474E+04 -0.45754894801822E+03  0.22530456109197E+05 -0.15826715530223E+04  0.79652991148630E+04  0.35962272540062E+04  0.77829172513560E+05  0.19802428257527E+05 -0.33723329936584E+04  0.11363282264740E+04  0.14690688718109E+04  0.92211430940356E+02  0.58665880734024E+01  0.38079321654372E+05 -0.41721221607656E+04  0.32452927391278E+05  0.17494080423050E+05 -0.41548265038022E+05  0.16244748472684E+03  0.10603218220685E+03  0.40552847527139E+02 -0.15324241261498E+03 -0.50389963170147E+03  0.13822710309734E+04 -0.27688179629422E+04 -0.17781897603445E+04 -0.26628838767111E+04  0.22739675277679E+04  0.48460508951502E+04 -0.13949228448945E+04 -0.28186447795515E+04 -0.64061149671963E+03  0.70566415693897E+02  0.14267893080303E+03 -0.27234744308010E+04 -0.14686266655272E+04  0.13338617207319E+04  0.25018192178218E+03 -0.17496393407337E+04 -0.19416526903822E+04  0.62053744454499E+03  0.16025875975115E+04  0.40885943781345E+03  0.95915146594139E+03  0.71949026471034E+02  0.83365887031869E+02  0.11630589490146E+04  0.14693820641944E+04
   0.25901768552933E+04  0.12763766074797E+04 -0.30561726410665E+03  0.11779366562706E+05 -0.73746064943078E+03  0.44360252967892E+04  0.19341215301402E+04  0.41336873390794E+05  0.99145440899368E+04 -0.18662007150344E+04  0.61368578199460E+03  0.84894155241452E+03  0.57704371307731E+02  0.26344136009829E+01  0.20001812852917E+05 -0.22835489411797E+04  0.17494080423050E+05  0.95686788397984E+04 -0.17325895048571E+05  0.12350798455640E+03  0.83506169293783E+02  0.35062645346576E+02 -0.73143624895673E+02 -0.23589216892688E+03  0.12429099737814E+04 -0.19708953942590E+04 -0.12308540918353E+04 -0.13392631864573E+04  0.10526634204913E+04  0.26495586939514E+04 -0.70910099292625E+03 -0.14339196443625E+04 -0.35438791264198E+03  0.11504358842993E+03  0.21486955274956E+03 -0.17745368656322E+04 -0.91618889884220E+03  0.15102356955449E+04  0.17652787714326E+03 -0.12219374594097E+04 -0.13580017128502E+04  0.54472505388852E+03  0.15747210775019E+04  0.32047993522071E+03  0.96634933552860E+03  0.44516588194727E+02  0.52092058396863E+02  0.10208506258455E+04  0.12690686886027E+04
  -0.13590310837981E+08  0.43192785762515E+07 -0.68632956352658E+06 -0.29468173431697E+07  0.68857070758332E+06 -0.11425084003099E+06 -0.39216522512196E+06 -0.10429894098599E+07  0.58552998415488E+05  0.94626723050303E+05 -0.11270582875788E+05 -0.60242411754069E+04 -0.39707822457165E+03 -0.29482857371625E+02 -0.35575730529970E+05  0.12818344367049E+04 -0.41548265038022E+05 -0.17325895048571E+05  0.48223631305604E+08  0.30422313430746E+06  0.15309721456881E+06  0.79480446656261E+05  0.11110690097570E+06  0.13953774414823E+06  0.10112723470437E+07  0.39794825645038E+05  0.89205001531249E+05 -0.15322453893506E+04  0.66317154435197E+06  0.32511359867879E+07  0.20029918686065E+05  0.37628029163034E+05  0.22795279959334E+03  0.21501377092595E+06  0.94072007035452E+06  0.27876356095042E+05  0.87807643301963E+04 -0.21448879309850E+05  0.54070946797489E+05  0.23998999076936E+05  0.75090848814252E+05  0.25864667211946E+06  0.17098682420360E+07  0.26638590967924E+04  0.24289899014354E+06  0.15227216385455E+04  0.46972590444104E+04  0.12699226343227E+06  0.39257765051473E+06
  -0.95923721420315E+05  0.24658411432451E+05 -0.46655905420976E+04 -0.28270874022554E+05  0.56781114494922E+04 -0.34646201504463E+04 -0.46296281492021E+04 -0.40427176684658E+05  0.97598292688509E+04  0.16628746496267E+04 -0.31953625215116E+03  0.23651959608190E+03  0.12712332895592E+02  0.10367983248685E+01  0.26562548626530E+03 -0.44763893318345E+02  0.16244748472684E+03  0.12350798455640E+03  0.30422313430746E+06  0.39660683361334E+04  0.14363759725635E+04  0.63405001097063E+03  0.29920737754028E+03 -0.27060465873199E+03  0.72032577742276E+04  0.00000000000000E+00  0.25905002628097E+04  0.00000000000000E+00  0.00000000000000E+00  0.41041662513626E+05  0.00000000000000E+00  0.00000000000000E+00  0.00000000000000E+00  0.00000000000000E+00  0.61405390739569E+04  0.00000000000000E+00  0.00000000000000E+00  0.00000000000000E+00 -0.16468514435466E+04  0.00000000000000E+00  0.41750574776928E+04  0.00000000000000E+00  0.16016286945797E+05  0.74935106940433E+03  0.00000000000000E+00  0.00000000000000E+00  0.14797908358360E+03  0.00000000000000E+00  0.57576445287098E+04
  -0.42118969236429E+05  0.11968861709423E+05 -0.20865777458676E+04 -0.11583490512091E+05  0.25160621752661E+04 -0.95927660529955E+03 -0.17584667317726E+04 -0.90387061837649E+04  0.17104619417632E+04  0.50558970537968E+03 -0.78462908041022E+02  0.23081477427951E+02  0.16712953934151E+01 -0.34007927440370E-01  0.14357253586493E+03 -0.28755003866198E+02  0.10603218220685E+03  0.83506169293783E+02  0.15309721456881E+06  0.14363759725635E+04  0.62810320825268E+03  0.30040747188888E+03  0.22947748070961E+03  0.14427712944228E+03  0.32373648335085E+04  0.00000000000000E+00  0.67337435723816E+03  0.00000000000000E+00  0.00000000000000E+00  0.15478861254961E+05  0.00000000000000E+00  0.00000000000000E+00  0.00000000000000E+00  0.00000000000000E+00  0.31150417351016E+04  0.00000000000000E+00  0.00000000000000E+00  0.00000000000000E+00 -0.51572567085465E+03  0.00000000000000E+00  0.87196966810035E+03  0.00000000000000E+00  0.70919143805486E+04  0.21635184060820E+03  0.00000000000000E+00  0.00000000000000E+00  0.45685311107451E+02  0.00000000000000E+00  0.22466829148233E+04
  -0.19984908109671E+05  0.61270048518293E+04 -0.10008055199918E+04 -0.50566288696719E+04  0.11568709636472E+04 -0.24825126894666E+03 -0.69748095821169E+03 -0.26981227678389E+04  0.43952835022775E+03  0.17961256487913E+03 -0.24371318203918E+02  0.18666161329344E+00  0.19139275722873E-01 -0.15423621513848E-01  0.61064422547565E+02 -0.13437508050242E+02  0.40552847527139E+02  0.35062645346576E+02  0.79480446656261E+05  0.63405001097063E+03  0.30040747188888E+03  0.15147424956244E+03  0.14317735334991E+03  0.14505481304376E+03  0.15378800708925E+04  0.00000000000000E+00  0.19720228574461E+03  0.00000000000000E+00  0.00000000000000E+00  0.67550116616426E+04  0.00000000000000E+00  0.00000000000000E+00  0.00000000000000E+00  0.00000000000000E+00  0.16221890506206E+04  0.00000000000000E+00  0.00000000000000E+00  0.00000000000000E+00 -0.16821522638849E+03  0.00000000000000E+00  0.26015583256438E+03  0.00000000000000E+00  0.32717751338090E+04  0.55671037971894E+02  0.00000000000000E+00  0.00000000000000E+00  0.15257698160770E+02  0.00000000000000E+00  0.90680912401981E+03
  -0.30163492093184E+05  0.12866408704252E+05 -0.16301853497184E+04 -0.25222259735143E+04  0.10218535218355E+04  0.10782809893389E+04  0.16345376957333E+03  0.82350277626541E+04 -0.19648465746747E+04 -0.25170117588049E+03  0.66706957613995E+02  0.52859723305821E+02  0.74429547988794E+01 -0.66948509546845E-02 -0.63244307419720E+02 -0.23593608767540E+01 -0.15324241261498E+03 -0.73143624895673E+02  0.11110690097570E+06  0.29920737754028E+03  0.22947748070961E+03  0.14317735334991E+03  0.65901712924807E+03  0.12394888263725E+04  0.28440167035935E+04 -0.51423911547826E+02 -0.29621495590826E+02  0.25511712363337E+01  0.52492950521660E+03 -0.10644669120518E+03  0.00000000000000E+00  0.00000000000000E+00  0.00000000000000E+00  0.22811801569324E+04  0.28141974527508E+04  0.00000000000000E+00  0.00000000000000E+00  0.00000000000000E+00 -0.26603567495158E+02 -0.38902038684910E+03 -0.40390972539396E+03  0.14585646485395E+04  0.36911427880794E+04 -0.43489771246530E+03  0.16178204471465E+04 -0.42031850086181E+02 -0.38893382718450E+02 -0.17345944865988E+03 -0.10226980517210E+03
  -0.20358678020643E+05  0.15363061059416E+05 -0.14092709031076E+04  0.24137048609888E+04  0.77272086080219E+03  0.36856092009084E+04  0.16853453671243E+04  0.40892412459889E+05 -0.10072216225259E+05 -0.13262097226896E+04  0.32424133409848E+03  0.28622189298793E+03  0.34705323806011E+02 -0.10873289851810E-01 -0.30841286847658E+03  0.83906801935232E+01 -0.50389963170147E+03 -0.23589216892688E+03  0.13953774414823E+06 -0.27060465873199E+03  0.14427712944228E+03  0.14505481304376E+03  0.12394888263725E+04  0.30574207663438E+04  0.29461838166049E+04 -0.16605629274494E+03 -0.11226408489656E+03 -0.48432058304721E+02 -0.68567619044217E+04 -0.11951411393475E+05  0.00000000000000E+00  0.00000000000000E+00  0.00000000000000E+00  0.32742989692445E+04  0.39245602318948E+04  0.00000000000000E+00  0.00000000000000E+00  0.00000000000000E+00 -0.41139129384886E+02 -0.22010481416127E+04 -0.22711337055847E+04  0.12510201751690E+04  0.45370492333973E+04 -0.11243781062667E+04  0.23946528019079E+04 -0.16092020005362E+03 -0.15482591136112E+03 -0.11895641758174E+04 -0.12463389372357E+04
  -0.46824383396938E+06  0.12720131081919E+06 -0.23284300052578E+05 -0.82569496350190E+05  0.18494010789016E+05 -0.57449657842766E+04 -0.12492713185311E+05 -0.59379109084225E+05  0.91926602300204E+04  0.41272308692972E+04 -0.54284720107381E+03 -0.76546414857864E+02 -0.18700380759872E+02  0.12496456424143E-01  0.20733335691809E+04 -0.46917720309041E+03  0.13822710309734E+04  0.12429099737814E+04  0.10112723470437E+07  0.72032577742276E+04  0.32373648335085E+04  0.15378800708925E+04  0.28440167035935E+04  0.29461838166049E+04  0.41611443889803E+05  0.25999958495389E+03  0.13540688120819E+03 -0.69106940334751E+01  0.39097369052241E+05  0.63463061478273E+05  0.00000000000000E+00  0.00000000000000E+00  0.00000000000000E+00  0.16561446395551E+05  0.20812176712002E+05  0.00000000000000E+00  0.00000000000000E+00  0.00000000000000E+00 -0.81402150534196E+02  0.16133266409337E+04  0.16482250113873E+04  0.21275551856075E+05  0.52720301035894E+05  0.18950093723128E+04  0.34254748478676E+05  0.35103416034475E+03  0.35406108935443E+03  0.21123100532938E+05  0.20541650102125E+05
  -0.12710029884540E+06  0.16620505903153E+05 -0.56316429586640E+04 -0.12532586161394E+05  0.19798059292896E+04 -0.33268955067409E+04 -0.28126866695401E+04 -0.58217754540548E+05  0.11007977401355E+05  0.26677944513012E+04 -0.51263819512777E+03 -0.10669139100665E+04 -0.15917579571745E+03  0.46897213400070E-01 -0.28854586316171E+04  0.55118258830960E+03 -0.27688179629422E+04 -0.19708953942590E+04  0.39794825645038E+05  0.00000000000000E+00  0.00000000000000E+00  0.00000000000000E+00 -0.51423911547826E+02 -0.16605629274494E+03  0.25999958495389E+03  0.11701895446240E+06  0.00000000000000E+00  0.00000000000000E+00  0.00000000000000E+00  0.00000000000000E+00  0.00000000000000E+00  0.00000000000000E+00  0.00000000000000E+00  0.00000000000000E+00  0.00000000000000E+00  0.00000000000000E+00  0.00000000000000E+00  0.00000000000000E+00  0.00000000000000E+00  0.00000000000000E+00  0.00000000000000E+00  0.00000000000000E+00  0.00000000000000E+00  0.00000000000000E+00  0.00000000000000E+00  0.00000000000000E+00  0.00000000000000E+00  0.00000000000000E+00  0.00000000000000E+00
  -0.53851347327341E+05  0.82443552014421E+04 -0.24066781030964E+04 -0.20802138890893E+05  0.33587926540446E+04 -0.51066737891293E+04 -0.44235703292805E+04 -0.46608375857446E+05  0.10387909180827E+05  0.18455980441470E+04 -0.38404020247787E+03  0.10153233935529E-10  0.83530222174421E-12 -0.24858412285376E-13 -0.18742389736026E+04  0.34334369025287E+03 -0.17781897603445E+04 -0.12308540918353E+04  0.89205001531249E+05  0.25905002628097E+04  0.67337435723816E+03  0.19720228574461E+03 -0.29621495590826E+02 -0.11226408489656E+03  0.13540688120819E+03  0.00000000000000E+00  0.64650424335393E+05  0.00000000000000E+00  0.00000000000000E+00  0.00000000000000E+00  0.00000000000000E+00  0.00000000000000E+00  0.00000000000000E+00  0.00000000000000E+00  0.00000000000000E+00  0.00000000000000E+00  0.00000000000000E+00  0.00000000000000E+00  0.00000000000000E+00  0.00000000000000E+00  0.00000000000000E+00  0.00000000000000E+00  0.00000000000000E+00  0.00000000000000E+00  0.00000000000000E+00  0.00000000000000E+00  0.00000000000000E+00  0.00000000000000E+00  0.00000000000000E+00
  -0.43207930669624E+04 -0.25310275880717E+03  0.55917285524521E+02 -0.32931831182941E+02 -0.60960732272774E+02  0.20511074186656E+03  0.16383032442794E+03 -0.65206237282906E+05  0.23650642111210E+05  0.71703565541554E+03 -0.35304334478696E+03 -0.61846297991610E+03 -0.25163851020607E+02 -0.40255582327284E+01 -0.25234488886008E+04  0.29632898165071E+03 -0.26628838767111E+04 -0.13392631864573E+04 -0.15322453893506E+04  0.00000000000000E+00  0.00000000000000E+00  0.00000000000000E+00  0.25511712363337E+01 -0.48432058304721E+02 -0.69106940334751E+01  0.00000000000000E+00  0.00000000000000E+00  0.30886210050920E+05  0.00000000000000E+00  0.00000000000000E+00  0.00000000000000E+00  0.00000000000000E+00  0.00000000000000E+00  0.00000000000000E+00  0.00000000000000E+00  0.00000000000000E+00  0.00000000000000E+00  0.00000000000000E+00  0.00000000000000E+00  0.00000000000000E+00  0.00000000000000E+00  0.00000000000000E+00  0.00000000000000E+00  0.00000000000000E+00  0.00000000000000E+00  0.00000000000000E+00  0.00000000000000E+00  0.00000000000000E+00  0.00000000000000E+00
  -0.84281318756261E+06  0.21045634736290E+06 -0.39895009125537E+05 -0.64758405792016E+05  0.11983730557700E+05 -0.10926825474085E+05 -0.11506920530188E+05 -0.27414760652001E+06  0.64461269090885E+05  0.10794950416755E+05 -0.22077938361767E+04 -0.46711131093384E+04 -0.56142436302001E+03 -0.31824120580518E+00  0.19573093321924E+04 -0.14982219286631E+03  0.22739675277679E+04  0.10526634204913E+04  0.66317154435197E+06  0.00000000000000E+00  0.00000000000000E+00  0.00000000000000E+00  0.52492950521660E+03 -0.68567619044217E+04  0.39097369052241E+05  0.00000000000000E+00  0.00000000000000E+00  0.00000000000000E+00  0.58434619559993E+06  0.00000000000000E+00  0.00000000000000E+00  0.00000000000000E+00  0.00000000000000E+00  0.00000000000000E+00  0.00000000000000E+00  0.00000000000000E+00  0.00000000000000E+00  0.00000000000000E+00  0.00000000000000E+00  0.00000000000000E+00  0.00000000000000E+00  0.00000000000000E+00  0.00000000000000E+00  0.00000000000000E+00  0.00000000000000E+00  0.00000000000000E+00  0.00000000000000E+00  0.00000000000000E+00  0.00000000000000E+00
  -0.10888554015033E+07  0.26540706788455E+06 -0.51819442679606E+05 -0.33526113582763E+06  0.63327593818908E+05 -0.53809604967222E+05 -0.59960778740824E+05 -0.54152079736585E+06  0.12303795641455E+06  0.22550827841316E+05 -0.44239318804431E+04 -0.57600433869208E-09 -0.48386501170667E-10 -0.10333215487037E-11  0.43708451782058E+04 -0.49911535635434E+03  0.48460508951502E+04  0.26495586939514E+04  0.32511359867879E+07  0.41041662513626E+05  0.15478861254961E+05  0.67550116616426E+04 -0.10644669120518E+03 -0.11951411393475E+05  0.63463061478273E+05  0.00000000000000E+00  0.00000000000000E+00  0.00000000000000E+00  0.00000000000000E+00  0.92348015340773E+06  0.00000000000000E+00  0.00000000000000E+00  0.00000000000000E+00  0.00000000000000E+00  0.00000000000000E+00  0.00000000000000E+00  0.00000000000000E+00  0.00000000000000E+00  0.00000000000000E+00  0.00000000000000E+00  0.00000000000000E+00  0.00000000000000E+00  0.00000000000000E+00  0.00000000000000E+00  0.00000000000000E+00  0.00000000000000E+00  0.00000000000000E+00  0.00000000000000E+00  0.00000000000000E+00
  -0.20888565747706E+05  0.58951591445740E+04 -0.10375228659934E+04 -0.13151397771150E+04  0.32540990893819E+03 -0.20188855460053E+02 -0.18584940309289E+03 -0.72473446162476E+05  0.23320505676414E+05  0.15404493921819E+04 -0.47626530399115E+03 -0.21746305397978E+04 -0.14029700639469E+03 -0.18385258806515E+01 -0.15896670080225E+04  0.17018456580426E+03 -0.13949228448945E+04 -0.70910099292625E+03  0.20029918686065E+05  0.00000000000000E+00  0.00000000000000E+00  0.00000000000000E+00  0.00000000000000E+00  0.00000000000000E+00  0.00000000000000E+00  0.00000000000000E+00  0.00000000000000E+00  0.00000000000000E+00  0.00000000000000E+00  0.00000000000000E+00  0.15200954128754E+05  0.00000000000000E+00  0.00000000000000E+00  0.00000000000000E+00  0.00000000000000E+00  0.00000000000000E+00  0.00000000000000E+00  0.00000000000000E+00  0.00000000000000E+00  0.00000000000000E+00  0.00000000000000E+00  0.00000000000000E+00  0.00000000000000E+00  0.00000000000000E+00  0.00000000000000E+00  0.00000000000000E+00  0.00000000000000E+00  0.00000000000000E+00  0.00000000000000E+00
  -0.47588485204304E+05  0.13603158008587E+05 -0.23751959570385E+04 -0.24601859441936E+04  0.58665003218277E+03 -0.71854904762919E+02 -0.33606315948565E+03 -0.16409837076542E+06  0.52847737220774E+05  0.34296824956346E+04 -0.10794496818094E+04 -0.74556959135148E+02 -0.19786693111072E+02 -0.20977471205206E-05 -0.31961232239659E+04  0.34068625040820E+03 -0.28186447795515E+04 -0.14339196443625E+04  0.37628029163034E+05  0.00000000000000E+00  0.00000000000000E+00  0.00000000000000E+00  0.00000000000000E+00  0.00000000000000E+00  0.00000000000000E+00  0.00000000000000E+00  0.00000000000000E+00  0.00000000000000E+00  0.00000000000000E+00  0.00000000000000E+00  0.00000000000000E+00  0.33852819366539E+05  0.00000000000000E+00  0.00000000000000E+00  0.00000000000000E+00  0.00000000000000E+00  0.00000000000000E+00  0.00000000000000E+00  0.00000000000000E+00  0.00000000000000E+00  0.00000000000000E+00  0.00000000000000E+00  0.00000000000000E+00  0.00000000000000E+00  0.00000000000000E+00  0.00000000000000E+00  0.00000000000000E+00  0.00000000000000E+00  0.00000000000000E+00
