 Correlated errors added in quadrature with statistical errors
 jl00106F2p           DIS data with   1.69< Q2 < 0.500D+03 and 0.000 < xB < 1.000 and   3.00< W2 < 0.100D+04 and 0.000 < y < 1.000
   GP TMC applied
   HT corrections, multiplicative C=C(xB)
 Correlated errors added in quadrature with statistical errors
 jl00106F2d           DIS data with   1.69< Q2 < 0.500D+03 and 0.000 < xB < 1.000 and   3.00< W2 < 0.100D+04 and 0.000 < y < 1.000
   WBArel smearing  (AV18) - KP-like (free x1)0 nuke corrections
   GP TMC applied
   HT corrections, multiplicative C=C(xB)
 Correlated errors added in quadrature with statistical errors
 HerF2pCut            DIS data with   1.69< Q2 < 0.500D+03 and 0.000 < xB < 1.000 and   3.00< W2 < 0.100D+04 and 0.000 < y < 1.000
   GP TMC applied
   HT corrections, multiplicative C=C(xB)
 Correlated errors added in quadrature with statistical errors
 HerF2dCut            DIS data with   1.69< Q2 < 0.500D+03 and 0.000 < xB < 1.000 and   3.00< W2 < 0.100D+04 and 0.000 < y < 1.000
   WBArel smearing  (AV18) - KP-like (free x1)0 nuke corrections
   GP TMC applied
   HT corrections, multiplicative C=C(xB)
 Correlated errors added in quadrature with statistical errors
 slac_p               DIS data with   1.69< Q2 < 0.500D+03 and 0.000 < xB < 1.000 and   3.00< W2 < 0.100D+04 and 0.000 < y < 1.000
   GP TMC applied
   HT corrections, multiplicative C=C(xB)
 Correlated errors added in quadrature with statistical errors
 slac_d               DIS data with   1.69< Q2 < 0.500D+03 and 0.000 < xB < 1.000 and   3.00< W2 < 0.100D+04 and 0.000 < y < 1.000
   WBArel smearing  (AV18) - KP-like (free x1)0 nuke corrections
   GP TMC applied
   HT corrections, multiplicative C=C(xB)
 Correlated errors treated separately from statistical errors
 BcdF2pCor            DIS data with   1.69< Q2 < 0.500D+03 and 0.000 < xB < 1.000 and   3.00< W2 < 0.100D+04 and 0.000 < y < 1.000
   GP TMC applied
   HT corrections, multiplicative C=C(xB)
 Correlated errors treated separately from statistical errors
 BcdF2dCor            DIS data with   1.69< Q2 < 0.500D+03 and 0.000 < xB < 1.000 and   3.00< W2 < 0.100D+04 and 0.000 < y < 1.000
   WBArel smearing  (AV18) - KP-like (free x1)0 nuke corrections
   GP TMC applied
   HT corrections, multiplicative C=C(xB)
 Correlated errors treated separately from statistical errors
 NmcF2pCor            DIS data with   1.69< Q2 < 0.500D+03 and 0.000 < xB < 1.000 and   3.00< W2 < 0.100D+04 and 0.000 < y < 1.000
   GP TMC applied
   HT corrections, multiplicative C=C(xB)
 Correlated errors treated separately from statistical errors
 NmcRatCor            DIS data with   1.69< Q2 < 0.500D+03 and 0.000 < xB < 1.000 and   3.00< W2 < 0.100D+04 and 0.000 < y < 1.000
   WBArel smearing  (AV18) - KP-like (free x1)0 nuke corrections
   GP TMC applied
   HT corrections, multiplicative C=C(xB)
 Correlated errors treated separately from statistical errors
 H2_NC_em             DIS data with   1.69< Q2 < 0.100D+06 and 0.000 < xB < 1.000 and   3.00< W2 < 0.100D+08 and 0.000 < y < 1.000
   GP TMC applied
   HT corrections, multiplicative C=C(xB)
 Correlated errors treated separately from statistical errors
 H2_NC_ep_1           DIS data with   1.69< Q2 < 0.100D+06 and 0.000 < xB < 1.000 and   3.00< W2 < 0.100D+08 and 0.000 < y < 1.000
   GP TMC applied
   HT corrections, multiplicative C=C(xB)
 Correlated errors treated separately from statistical errors
 H2_NC_ep_2           DIS data with   1.69< Q2 < 0.100D+06 and 0.000 < xB < 1.000 and   3.00< W2 < 0.100D+08 and 0.000 < y < 1.000
   GP TMC applied
   HT corrections, multiplicative C=C(xB)
 Correlated errors treated separately from statistical errors
 H2_NC_ep_3           DIS data with   1.69< Q2 < 0.100D+06 and 0.000 < xB < 1.000 and   3.00< W2 < 0.100D+08 and 0.000 < y < 1.000
   GP TMC applied
   HT corrections, multiplicative C=C(xB)
 Correlated errors treated separately from statistical errors
 H2_NC_ep_4           DIS data with   1.69< Q2 < 0.100D+06 and 0.000 < xB < 1.000 and   3.00< W2 < 0.100D+08 and 0.000 < y < 1.000
   GP TMC applied
   HT corrections, multiplicative C=C(xB)
 Correlated errors treated separately from statistical errors
 H2_CC_em             DIS data with   1.69< Q2 < 0.100D+06 and 0.000 < xB < 1.000 and   3.00< W2 < 0.100D+08 and 0.000 < y < 1.000
   GP TMC applied
   HT corrections, multiplicative C=C(xB)
 Correlated errors treated separately from statistical errors
 H2_CC_ep             DIS data with   1.69< Q2 < 0.100D+06 and 0.000 < xB < 1.000 and   3.00< W2 < 0.100D+08 and 0.000 < y < 1.000
   GP TMC applied
   HT corrections, multiplicative C=C(xB)
 Correlated errors added in quadrature with statistical errors
 BNS_F2nd             DIS data with   1.69< Q2 < 0.100D+06 and 0.000 < xB < 1.000 and   3.00< W2 < 0.100D+08 and 0.000 < y < 1.000
   WBArel smearing  (AV18) - KP-like (free x1)0 nuke corrections
   GP TMC applied
   HT corrections, multiplicative C=C(xB)
 Correlated errors added in quadrature with statistical errors
 e866pp06xf           vector boson data with Q2 >=  36.00
 Correlated errors added in quadrature with statistical errors
 e866pd06xf           vector boson data with Q2 >=  36.00
 Correlated errors added in quadrature with statistical errors
 cdfLasy05            vector boson data with Q2 >=   0.00
 Correlated errors added in quadrature with statistical errors
 d0Lasy_e15           vector boson data with Q2 >=   0.00
 Correlated errors added in quadrature with statistical errors
 d0Lasy13             vector boson data with Q2 >=   0.00
 Correlated errors added in quadrature with statistical errors
 CDF_Wasy             vector boson data with Q2 >=   0.00
 Correlated errors added in quadrature with statistical errors
 D0_Wasy              vector boson data with Q2 >=   0.00
 Correlated errors added in quadrature with statistical errors
 CDF_Z                vector boson data with Q2 >=   0.00
 Correlated errors added in quadrature with statistical errors
 D0_Z                 vector boson data with Q2 >=   0.00
 Correlated errors added in quadrature with statistical errors
 d0run2cone          Jet data - errors added in quadrature
 Correlated errors added in quadrature with statistical errors
 CDFrun2jet          Jet data - errors added in quadrature
 Correlated errors added in quadrature with statistical errors
 d0_gamjet1           Photon data -- cuts to be written yet ...
 Correlated errors added in quadrature with statistical errors
 d0_gamjet2           Photon data -- cuts to be written yet ...
 Correlated errors added in quadrature with statistical errors
 d0_gamjet3           Photon data -- cuts to be written yet ...
 Correlated errors added in quadrature with statistical errors
 d0_gamjet4           Photon data -- cuts to be written yet ...

# fitpack15: fit output
# CJ15 AV18 final data choices                                                 

Parametrization   7 used here

 S-ACOT scheme used  for NC DIS

 charm mass =     1.30 GeV     bottom mass =     4.50 GeV



 THIS IS A NEXT TO LEADING ORDER FIT

 Q02=    1.69
         1  LAMBDA      VALUE=   0.22680      WEIGHT=    0.0000    
         2  a0uv        VALUE=    2.0003      WEIGHT=    0.0000    
         3  a1uv        VALUE=   0.57314      WEIGHT=   0.22878E-01
         4  a2uv        VALUE=    3.5565      WEIGHT=   0.11790E-01
         5  a3uv        VALUE=    0.0000      WEIGHT=    0.0000    
         6  a4uv        VALUE=    4.4208      WEIGHT=   0.59726    
         7  a5uv        VALUE=    0.0000      WEIGHT=    0.0000    
         8  a0dv        VALUE=    23.911      WEIGHT=    0.0000    
         9  a1dv        VALUE=    1.1467      WEIGHT=   0.33057E-01
        10  a2dv        VALUE=    6.6269      WEIGHT=   0.16308    
        11  a3dv        VALUE=   -3.5338      WEIGHT=   0.88872E-01
        12  a4dv        VALUE=    4.7856      WEIGHT=   0.14371    
        13  a5dv        VALUE=    0.0000      WEIGHT=    0.0000    
        14  a0ud        VALUE=   0.14168      WEIGHT=   0.49853E-02
        15  a1ud        VALUE=  -0.21097      WEIGHT=   0.38243E-02
        16  a2ud        VALUE=    8.4663      WEIGHT=   0.18613    
        17  a3ud        VALUE=    0.0000      WEIGHT=    0.0000    
        18  a4ud        VALUE=    15.939      WEIGHT=    1.2745    
        19  a5ud        VALUE=    0.0000      WEIGHT=    0.0000    
        20  a0du        VALUE=    35712.      WEIGHT=    0.0000    
        21  a1du        VALUE=    4.0846      WEIGHT=   0.82567E-01
        22  a2du        VALUE=    20.253      WEIGHT=   0.96894    
        23  a3du        VALUE=    17.000      WEIGHT=    0.0000    
        24  a4du        VALUE=    53.564      WEIGHT=    10.319    
        25  a0g         VALUE=    45.875      WEIGHT=    0.0000    
        26  a1g         VALUE=   0.60306      WEIGHT=   0.29489E-01
        27  a2g         VALUE=    6.0131      WEIGHT=   0.80189    
        28  a3g         VALUE=   -3.3947      WEIGHT=   0.11977    
        29  a4g         VALUE=    3.2663      WEIGHT=   0.27356    
        30  a5g         VALUE=    0.0000      WEIGHT=    0.0000    
        31  kappa       VALUE=   0.40000      WEIGHT=    0.0000    
        32  a6dv        VALUE=  -0.44506E-02  WEIGHT=   0.72739E-03
        33  a7dv        VALUE=    2.0000      WEIGHT=    0.0000    
        34  off1        VALUE=   -1.6473      WEIGHT=    1.0860    
        35  off2        VALUE=   0.33167      WEIGHT=   0.15679    
        36  off3        VALUE=   0.41990E-01  WEIGHT=   0.10000    
        37  ht1         VALUE=   -3.3587      WEIGHT=   0.32004    
        38  ht2         VALUE=    1.9476      WEIGHT=   0.12038    
        39  ht3         VALUE=   -2.0616      WEIGHT=   0.35408E-01
        40  ht4         VALUE=    0.0000      WEIGHT=    0.0000    
        41  ht1n        VALUE=   -3.0362      WEIGHT=   0.71973    
        42  ht2n        VALUE=    1.8020      WEIGHT=   0.25367    
        43  ht3n        VALUE=   -2.3272      WEIGHT=   0.80050E-01
        44  ht4n        VALUE=    0.0000      WEIGHT=    0.0000    
        45  dummy45     VALUE=    0.0000      WEIGHT=    0.0000    
        46  dummy46     VALUE=    0.0000      WEIGHT=    0.0000    
        47  dummy47     VALUE=    0.0000      WEIGHT=    0.0000    
        48  dummy48     VALUE=    0.0000      WEIGHT=    0.0000    
        49  dummy49     VALUE=    0.0000      WEIGHT=    0.0000    
        50  bcdmsh2     VALUE=   0.96933      WEIGHT=   0.48728E-02
        51  bcdmsd2     VALUE=   0.98934      WEIGHT=   0.56947E-02
        52  ccfr        VALUE=    1.0000      WEIGHT=    0.0000    
        53  nutev       VALUE=    1.0000      WEIGHT=    0.0000    
        54  zeus        VALUE=   0.97998      WEIGHT=    0.0000    
        55  h1          VALUE=    1.0162      WEIGHT=    0.0000    
        56  e605        VALUE=    1.0319      WEIGHT=    0.0000    
        57  NmcH2       VALUE=    1.0065      WEIGHT=   0.71361E-02
        58  ntv_nu      VALUE=    1.0000      WEIGHT=    0.0000    
        59  ntv_nubar   VALUE=    1.0000      WEIGHT=    0.0000    
        60  cdf_jet     VALUE=   0.98910      WEIGHT=    0.0000    
        61  d0_jet      VALUE=   0.83504      WEIGHT=    0.0000    
        62  slac_p      VALUE=   0.99899      WEIGHT=   0.51264E-02
        63  slac_d      VALUE=    1.0017      WEIGHT=   0.53339E-02
        64  e866pp      VALUE=   0.97968      WEIGHT=   0.19802E-01
        65  e866pd      VALUE=   0.96769      WEIGHT=   0.16357E-01
        66  d0_gamjet   VALUE=    1.0364      WEIGHT=   0.16441E-01
        67  h1b         VALUE=   0.97608      WEIGHT=    0.0000    
        68  jlab_p      VALUE=   0.98877      WEIGHT=   0.63013E-02
        69  jlab_d      VALUE=   0.97661      WEIGHT=   0.61188E-02
        70  blank       VALUE=    1.0000      WEIGHT=    0.0000    
        71  d0run2      VALUE=   0.95396      WEIGHT=   0.15045E-01
        72  cdfrun2     VALUE=   0.93735      WEIGHT=   0.17686E-01
        73  HERA_el     VALUE=    1.0000      WEIGHT=    0.0000    
        74  HERA_ps     VALUE=    1.0000      WEIGHT=    0.0000    
        75  CDF_Z       VALUE=   0.95830      WEIGHT=   0.66302E-02
        76  NmcRat      VALUE=    1.0000      WEIGHT=    0.0000    
        77  BNS_F2nd    VALUE=   0.99412      WEIGHT=   0.97726E-02
        78  HERMES_F2p  VALUE=   0.99374      WEIGHT=   0.57273E-02
        79  HERMES_F2d  VALUE=   0.97683      WEIGHT=   0.58069E-02
0THE TOLERANCE IS    0.1000
 THE MAXIMUM NUMBER OF STEPS IS 100
0THE INITIAL CHI SQUARED IS  4.69846E+03
0  STEP  CHI SQUARED    PARAMETER      VALUE         ERROR
 ------------------------------------------------------------
     1    4.69591E+03
                       1  LAMBDA     2.2680E-01       FIX 
                       2  a0uv       2.0003E+00       FIX 
                       3  a1uv       5.7315E-01           
                       4  a2uv       3.5565E+00           
                       5  a3uv       0.0000E+00       FIX 
                       6  a4uv       4.4213E+00           
                       7  a5uv       0.0000E+00       FIX 
                       8  a0dv       2.3926E+01       FIX 
                       9  a1dv       1.1468E+00           
                      10  a2dv       6.6257E+00           
                      11  a3dv      -3.5345E+00           
                      12  a4dv       4.7853E+00           
                      13  a5dv       0.0000E+00       FIX 
                      14  a0ud       1.4161E-01           
                      15  a1ud      -2.1100E-01           
                      16  a2ud       8.4691E+00           
                      17  a3ud       0.0000E+00       FIX 
                      18  a4ud       1.5923E+01           
                      19  a5ud       0.0000E+00       FIX 
                      20  a0du       3.5712E+04       FIX 
                      21  a1du       4.0888E+00           
                      22  a2du       2.0304E+01           
                      23  a3du       1.7000E+01       FIX 
                      24  a4du       5.4751E+01           
                      25  a0g        4.5915E+01       FIX 
                      26  a1g        6.0318E-01           
                      27  a2g        6.0190E+00           
                      28  a3g       -3.3942E+00           
                      29  a4g        3.2663E+00           
                      30  a5g        0.0000E+00       FIX 
                      31  kappa      4.0000E-01       FIX 
                      32  a6dv      -4.4377E-03           
                      33  a7dv       2.0000E+00       FIX 
                      34  off1      -1.7086E+00           
                      35  off2       3.0150E-01           
                      36  off3       1.3720E-01           
                      37  ht1       -3.3571E+00           
                      38  ht2        1.9495E+00           
                      39  ht3       -2.0616E+00           
                      40  ht4        0.0000E+00       FIX 
                      41  ht1n      -3.0444E+00           
                      42  ht2n       1.8046E+00           
                      43  ht3n      -2.3006E+00           
                      44  ht4n       0.0000E+00       FIX 
                      45  dummy45    0.0000E+00       FIX 
                      46  dummy46    0.0000E+00       FIX 
                      47  dummy47    0.0000E+00       FIX 
                      48  dummy48    0.0000E+00       FIX 
                      49  dummy49    0.0000E+00       FIX 
                      50  bcdmsh2    9.6937E-01           
                      51  bcdmsd2    9.8988E-01           
                      52  ccfr       1.0000E+00       FIX 
                      53  nutev      1.0000E+00       FIX 
                      54  zeus       9.7998E-01       FIX 
                      55  h1         1.0162E+00       FIX 
                      56  e605       1.0319E+00       FIX 
                      57  NmcH2      1.0065E+00           
                      58  ntv_nu     1.0000E+00       FIX 
                      59  ntv_nuba   1.0000E+00       FIX 
                      60  cdf_jet    9.8910E-01       FIX 
                      61  d0_jet     8.3504E-01       FIX 
                      62  slac_p     9.9903E-01           
                      63  slac_d     1.0017E+00           
                      64  e866pp     9.8031E-01           
                      65  e866pd     9.6762E-01           
                      66  d0_gamje   1.0367E+00           
                      67  h1b        9.7608E-01       FIX 
                      68  jlab_p     9.8877E-01           
                      69  jlab_d     9.7621E-01           
                      70  blank      1.0000E+00       FIX 
                      71  d0run2     9.5447E-01           
                      72  cdfrun2    9.3773E-01           
                      73  HERA_el    1.0000E+00       FIX 
                      74  HERA_ps    1.0000E+00       FIX 
                      75  CDF_Z      9.5793E-01           
                      76  NmcRat     1.0000E+00       FIX 
                      77  BNS_F2nd   9.9181E-01           
                      78  HERMES_F   9.9378E-01           
                      79  HERMES_F   9.7710E-01           
 ------------------------------------------------------------
     2    4.69541E+03
                       1  LAMBDA     2.2680E-01       FIX 
                       2  a0uv       2.0004E+00       FIX 
                       3  a1uv       5.7318E-01           
                       4  a2uv       3.5566E+00           
                       5  a3uv       0.0000E+00       FIX 
                       6  a4uv       4.4222E+00           
                       7  a5uv       0.0000E+00       FIX 
                       8  a0dv       2.3935E+01       FIX 
                       9  a1dv       1.1468E+00           
                      10  a2dv       6.6248E+00           
                      11  a3dv      -3.5350E+00           
                      12  a4dv       4.7854E+00           
                      13  a5dv       0.0000E+00       FIX 
                      14  a0ud       1.4154E-01           
                      15  a1ud      -2.1105E-01           
                      16  a2ud       8.4692E+00           
                      17  a3ud       0.0000E+00       FIX 
                      18  a4ud       1.5908E+01           
                      19  a5ud       0.0000E+00       FIX 
                      20  a0du       3.5712E+04       FIX 
                      21  a1du       4.0924E+00           
                      22  a2du       2.0331E+01           
                      23  a3du       1.7000E+01       FIX 
                      24  a4du       5.5852E+01           
                      25  a0g        4.5899E+01       FIX 
                      26  a1g        6.0305E-01           
                      27  a2g        6.0243E+00           
                      28  a3g       -3.3936E+00           
                      29  a4g        3.2666E+00           
                      30  a5g        0.0000E+00       FIX 
                      31  kappa      4.0000E-01       FIX 
                      32  a6dv      -4.4145E-03           
                      33  a7dv       2.0000E+00       FIX 
                      34  off1      -1.8489E+00           
                      35  off2       2.6945E-01           
                      36  off3       1.8171E-01           
                      37  ht1       -3.3556E+00           
                      38  ht2        1.9513E+00           
                      39  ht3       -2.0627E+00           
                      40  ht4        0.0000E+00       FIX 
                      41  ht1n      -3.0643E+00           
                      42  ht2n       1.8069E+00           
                      43  ht3n      -2.2878E+00           
                      44  ht4n       0.0000E+00       FIX 
                      45  dummy45    0.0000E+00       FIX 
                      46  dummy46    0.0000E+00       FIX 
                      47  dummy47    0.0000E+00       FIX 
                      48  dummy48    0.0000E+00       FIX 
                      49  dummy49    0.0000E+00       FIX 
                      50  bcdmsh2    9.6940E-01           
                      51  bcdmsd2    9.9004E-01           
                      52  ccfr       1.0000E+00       FIX 
                      53  nutev      1.0000E+00       FIX 
                      54  zeus       9.7998E-01       FIX 
                      55  h1         1.0162E+00       FIX 
                      56  e605       1.0319E+00       FIX 
                      57  NmcH2      1.0066E+00           
                      58  ntv_nu     1.0000E+00       FIX 
                      59  ntv_nuba   1.0000E+00       FIX 
                      60  cdf_jet    9.8910E-01       FIX 
                      61  d0_jet     8.3504E-01       FIX 
                      62  slac_p     9.9915E-01           
                      63  slac_d     1.0016E+00           
                      64  e866pp     9.8081E-01           
                      65  e866pd     9.6745E-01           
                      66  d0_gamje   1.0368E+00           
                      67  h1b        9.7608E-01       FIX 
                      68  jlab_p     9.8890E-01           
                      69  jlab_d     9.7604E-01           
                      70  blank      1.0000E+00       FIX 
                      71  d0run2     9.5445E-01           
                      72  cdfrun2    9.3773E-01           
                      73  HERA_el    1.0000E+00       FIX 
                      74  HERA_ps    1.0000E+00       FIX 
                      75  CDF_Z      9.5767E-01           
                      76  NmcRat     1.0000E+00       FIX 
                      77  BNS_F2nd   9.9049E-01           
                      78  HERMES_F   9.9387E-01           
                      79  HERMES_F   9.7716E-01           
 ------------------------------------------------------------
     3    4.69520E+03
                       1  LAMBDA     2.2680E-01       FIX 
                       2  a0uv       2.0004E+00       FIX 
                       3  a1uv       5.7319E-01           
                       4  a2uv       3.5567E+00           
                       5  a3uv       0.0000E+00       FIX 
                       6  a4uv       4.4227E+00           
                       7  a5uv       0.0000E+00       FIX 
                       8  a0dv       2.3944E+01       FIX 
                       9  a1dv       1.1469E+00           
                      10  a2dv       6.6242E+00           
                      11  a3dv      -3.5353E+00           
                      12  a4dv       4.7854E+00           
                      13  a5dv       0.0000E+00       FIX 
                      14  a0ud       1.4149E-01           
                      15  a1ud      -2.1108E-01           
                      16  a2ud       8.4681E+00           
                      17  a3ud       0.0000E+00       FIX 
                      18  a4ud       1.5898E+01           
                      19  a5ud       0.0000E+00       FIX 
                      20  a0du       3.5712E+04       FIX 
                      21  a1du       4.0941E+00           
                      22  a2du       2.0340E+01           
                      23  a3du       1.7000E+01       FIX 
                      24  a4du       5.6387E+01           
                      25  a0g        4.5875E+01       FIX 
                      26  a1g        6.0290E-01           
                      27  a2g        6.0296E+00           
                      28  a3g       -3.3930E+00           
                      29  a4g        3.2669E+00           
                      30  a5g        0.0000E+00       FIX 
                      31  kappa      4.0000E-01       FIX 
                      32  a6dv      -4.3931E-03           
                      33  a7dv       2.0000E+00       FIX 
                      34  off1      -1.9643E+00           
                      35  off2       2.4512E-01           
                      36  off3       2.0745E-01           
                      37  ht1       -3.3556E+00           
                      38  ht2        1.9530E+00           
                      39  ht3       -2.0637E+00           
                      40  ht4        0.0000E+00       FIX 
                      41  ht1n      -3.0827E+00           
                      42  ht2n       1.8115E+00           
                      43  ht3n      -2.2802E+00           
                      44  ht4n       0.0000E+00       FIX 
                      45  dummy45    0.0000E+00       FIX 
                      46  dummy46    0.0000E+00       FIX 
                      47  dummy47    0.0000E+00       FIX 
                      48  dummy48    0.0000E+00       FIX 
                      49  dummy49    0.0000E+00       FIX 
                      50  bcdmsh2    9.6943E-01           
                      51  bcdmsd2    9.9008E-01           
                      52  ccfr       1.0000E+00       FIX 
                      53  nutev      1.0000E+00       FIX 
                      54  zeus       9.7998E-01       FIX 
                      55  h1         1.0162E+00       FIX 
                      56  e605       1.0319E+00       FIX 
                      57  NmcH2      1.0066E+00           
                      58  ntv_nu     1.0000E+00       FIX 
                      59  ntv_nuba   1.0000E+00       FIX 
                      60  cdf_jet    9.8910E-01       FIX 
                      61  d0_jet     8.3504E-01       FIX 
                      62  slac_p     9.9925E-01           
                      63  slac_d     1.0016E+00           
                      64  e866pp     9.8104E-01           
                      65  e866pd     9.6726E-01           
                      66  d0_gamje   1.0369E+00           
                      67  h1b        9.7608E-01       FIX 
                      68  jlab_p     9.8903E-01           
                      69  jlab_d     9.7598E-01           
                      70  blank      1.0000E+00       FIX 
                      71  d0run2     9.5437E-01           
                      72  cdfrun2    9.3770E-01           
                      73  HERA_el    1.0000E+00       FIX 
                      74  HERA_ps    1.0000E+00       FIX 
                      75  CDF_Z      9.5752E-01           
                      76  NmcRat     1.0000E+00       FIX 
                      77  BNS_F2nd   9.8974E-01           
                      78  HERMES_F   9.9393E-01           
                      79  HERMES_F   9.7715E-01           
 ------------------------------------------------------------
     4    4.69510E+03
                       1  LAMBDA     2.2680E-01    0.0000E+00
                       2  a0uv       2.0004E+00    0.0000E+00
                       3  a1uv       5.7320E-01    2.3388E-02
                       4  a2uv       3.5568E+00    1.1882E-02
                       5  a3uv       0.0000E+00    0.0000E+00
                       6  a4uv       4.4231E+00    6.1693E-01
                       7  a5uv       0.0000E+00    0.0000E+00
                       8  a0dv       2.3953E+01    0.0000E+00
                       9  a1dv       1.1470E+00    3.3921E-02
                      10  a2dv       6.6238E+00    1.7193E-01
                      11  a3dv      -3.5356E+00    9.2032E-02
                      12  a4dv       4.7853E+00    1.5018E-01
                      13  a5dv       0.0000E+00    0.0000E+00
                      14  a0ud       1.4145E-01    5.0132E-03
                      15  a1ud      -2.1111E-01    3.8448E-03
                      16  a2ud       8.4664E+00    1.9026E-01
                      17  a3ud       0.0000E+00    0.0000E+00
                      18  a4ud       1.5890E+01    1.3198E+00
                      19  a5ud       0.0000E+00    0.0000E+00
                      20  a0du       3.5712E+04    0.0000E+00
                      21  a1du       4.0951E+00    9.0151E-02
                      22  a2du       2.0339E+01    9.8407E-01
                      23  a3du       1.7000E+01    0.0000E+00
                      24  a4du       5.6666E+01    1.3433E+01
                      25  a0g        4.5856E+01    0.0000E+00
                      26  a1g        6.0279E-01    2.9357E-02
                      27  a2g        6.0350E+00    8.0519E-01
                      28  a3g       -3.3925E+00    1.2036E-01
                      29  a4g        3.2672E+00    2.7871E-01
                      30  a5g        0.0000E+00    0.0000E+00
                      31  kappa      4.0000E-01    0.0000E+00
                      32  a6dv      -4.3756E-03    8.0308E-04
                      33  a7dv       2.0000E+00    0.0000E+00
                      34  off1      -2.0528E+00    4.0906E+00
                      35  off2       2.2973E-01    1.7729E+00
                      36  off3       2.2264E-01    1.9148E+00
                      37  ht1       -3.3569E+00    3.2326E-01
                      38  ht2        1.9546E+00    1.2449E-01
                      39  ht3       -2.0645E+00    3.5072E-02
                      40  ht4        0.0000E+00    0.0000E+00
                      41  ht1n      -3.0980E+00    8.6892E-01
                      42  ht2n       1.8160E+00    3.2485E-01
                      43  ht3n      -2.2754E+00    9.6964E-02
                      44  ht4n       0.0000E+00    0.0000E+00
                      45  dummy45    0.0000E+00    0.0000E+00
                      46  dummy46    0.0000E+00    0.0000E+00
                      47  dummy47    0.0000E+00    0.0000E+00
                      48  dummy48    0.0000E+00    0.0000E+00
                      49  dummy49    0.0000E+00    0.0000E+00
                      50  bcdmsh2    9.6944E-01    4.8548E-03
                      51  bcdmsd2    9.9007E-01    5.7814E-03
                      52  ccfr       1.0000E+00    0.0000E+00
                      53  nutev      1.0000E+00    0.0000E+00
                      54  zeus       9.7998E-01    0.0000E+00
                      55  h1         1.0162E+00    0.0000E+00
                      56  e605       1.0319E+00    0.0000E+00
                      57  NmcH2      1.0066E+00    7.1324E-03
                      58  ntv_nu     1.0000E+00    0.0000E+00
                      59  ntv_nuba   1.0000E+00    0.0000E+00
                      60  cdf_jet    9.8910E-01    0.0000E+00
                      61  d0_jet     8.3504E-01    0.0000E+00
                      62  slac_p     9.9931E-01    5.1473E-03
                      63  slac_d     1.0016E+00    5.3960E-03
                      64  e866pp     9.8110E-01    1.9833E-02
                      65  e866pd     9.6712E-01    1.6047E-02
                      66  d0_gamje   1.0369E+00    1.6468E-02
                      67  h1b        9.7608E-01    0.0000E+00
                      68  jlab_p     9.8912E-01    6.3550E-03
                      69  jlab_d     9.7596E-01    6.2017E-03
                      70  blank      1.0000E+00    0.0000E+00
                      71  d0run2     9.5427E-01    1.4976E-02
                      72  cdfrun2    9.3765E-01    1.7609E-02
                      73  HERA_el    1.0000E+00    0.0000E+00
                      74  HERA_ps    1.0000E+00    0.0000E+00
                      75  CDF_Z      9.5744E-01    6.4403E-03
                      76  NmcRat     1.0000E+00    0.0000E+00
                      77  BNS_F2nd   9.8933E-01    1.0508E-02
                      78  HERMES_F   9.9396E-01    5.7245E-03
                      79  HERMES_F   9.7714E-01    5.8953E-03
0 MINIMIZATION TERMINATED WITH STEP  4
  TOLERANCE CRITERION      SATISFIED
0 CHI SQUARED PER DEGREE OF FREEDOM IS  1.044E+00
   1.000 -0.280 -0.984  0.229 -0.019  0.129 -0.300  0.455  0.396 -0.327 -0.555 -0.200 -0.144  0.021  0.170  0.121 -0.005  0.014  0.236 -0.031 -0.005  0.021  0.150 -0.246  0.016 -0.073  0.055  0.077  0.300  0.253  0.158  0.279  0.285 -0.434 -0.277  0.102  0.185  0.231 -0.127 -0.107  0.388  0.035  0.244  0.246
  -0.280  1.000  0.416  0.198  0.214 -0.079  0.038 -0.094 -0.091  0.329  0.220  0.180 -0.071  0.096  0.016  0.071  0.034  0.009 -0.134  0.067  0.126 -0.132 -0.621  0.373  0.258  0.207 -0.148 -0.078  0.157  0.048  0.045  0.025  0.045  0.110  0.017  0.008  0.165  0.065 -0.083 -0.046  0.013  0.092  0.077  0.049
  -0.984  0.416  1.000 -0.160  0.070 -0.147  0.297 -0.436 -0.385  0.374  0.577  0.223  0.135  0.001 -0.143 -0.079  0.020 -0.014 -0.231  0.047  0.027 -0.042 -0.229  0.289  0.045  0.086 -0.069 -0.070 -0.198 -0.180 -0.104 -0.182 -0.196  0.482  0.324 -0.090 -0.096 -0.157  0.081  0.072 -0.311 -0.021 -0.154 -0.165
   0.229  0.198 -0.160  1.000  0.802 -0.665  0.067  0.130  0.085 -0.131 -0.210  0.331 -0.206  0.227  0.344  0.304 -0.212  0.261  0.339 -0.048 -0.065  0.083 -0.131  0.076  0.171 -0.280  0.273  0.167  0.291  0.207  0.128  0.281  0.235  0.068 -0.085  0.058  0.202  0.177 -0.095 -0.075  0.185 -0.018  0.263  0.235
  -0.019  0.214  0.070  0.802  1.000 -0.889  0.594 -0.109 -0.119  0.146  0.113  0.186 -0.022  0.257  0.203  0.183 -0.239  0.245 -0.127 -0.274 -0.322  0.333  0.019 -0.055  0.049 -0.300  0.210  0.167  0.145  0.155  0.121  0.113  0.114  0.128  0.010  0.024  0.058  0.072 -0.010 -0.017  0.060 -0.138  0.132  0.137
   0.129 -0.079 -0.147 -0.665 -0.889  1.000 -0.743  0.255  0.248 -0.124 -0.225 -0.118 -0.004 -0.351 -0.159 -0.234  0.232 -0.285 -0.019  0.209  0.232 -0.245 -0.005 -0.008 -0.030  0.344 -0.274 -0.218 -0.065 -0.114 -0.132 -0.064 -0.080 -0.178 -0.105 -0.001 -0.014 -0.043  0.009  0.004  0.013  0.108 -0.091 -0.120
  -0.300  0.038  0.297  0.067  0.594 -0.743  1.000 -0.389 -0.350  0.446  0.533 -0.202  0.274  0.146 -0.079  0.025 -0.094  0.102 -0.406 -0.262 -0.302  0.299  0.152 -0.127 -0.091 -0.218  0.085  0.156 -0.064  0.062  0.109 -0.069 -0.009  0.175  0.230 -0.037 -0.084 -0.025  0.029  0.019 -0.049 -0.153 -0.027  0.030
   0.455 -0.094 -0.436  0.130 -0.109  0.255 -0.389  1.000  0.968 -0.400 -0.784  0.018 -0.113 -0.155 -0.064 -0.013  0.195 -0.142  0.168  0.105  0.095 -0.093 -0.015 -0.030  0.062 -0.047  0.055  0.033  0.240  0.169  0.151  0.224  0.194 -0.109 -0.084  0.087  0.160  0.165 -0.009 -0.005  0.342  0.050  0.204  0.174
   0.396 -0.091 -0.385  0.085 -0.119  0.248 -0.350  0.968  1.000 -0.355 -0.734  0.005 -0.094 -0.147 -0.170 -0.079  0.231 -0.189  0.137  0.095  0.085 -0.083 -0.011 -0.028  0.045 -0.040  0.047  0.020  0.187  0.128  0.128  0.167  0.141 -0.116 -0.094  0.076  0.118  0.122  0.013  0.010  0.276  0.044  0.153  0.127
  -0.327  0.329  0.374 -0.131  0.146 -0.124  0.446 -0.400 -0.355  1.000  0.769 -0.365  0.435 -0.267 -0.077 -0.180 -0.184  0.048 -0.308  0.021 -0.035  0.004  0.050  0.003 -0.151  0.137 -0.165 -0.076 -0.085 -0.055  0.016 -0.056 -0.063  0.004  0.071 -0.039 -0.000 -0.061  0.136  0.074 -0.033 -0.089 -0.018 -0.020
  -0.555  0.220  0.577 -0.210  0.113 -0.225  0.533 -0.784 -0.734  0.769  1.000 -0.259  0.335 -0.145 -0.064 -0.135 -0.118 -0.003 -0.297 -0.009 -0.044  0.016  0.060 -0.035 -0.117  0.153 -0.228 -0.031 -0.055  0.021  0.050 -0.002  0.025  0.310  0.415 -0.096  0.031  0.005 -0.003 -0.032 -0.011 -0.080  0.026  0.055
  -0.200  0.180  0.223  0.331  0.186 -0.118 -0.202  0.018  0.005 -0.365 -0.259  1.000 -0.665  0.409  0.129  0.096 -0.090  0.112  0.172 -0.069 -0.011  0.047 -0.149  0.166  0.122 -0.151  0.216 -0.024  0.017 -0.046 -0.009  0.012 -0.032  0.311 -0.077  0.030  0.007 -0.004  0.039  0.036 -0.228  0.075  0.039 -0.042
  -0.144 -0.071  0.135 -0.206 -0.022 -0.004  0.274 -0.113 -0.094  0.435  0.335 -0.665  1.000 -0.126 -0.205 -0.166  0.165 -0.198 -0.201  0.004 -0.053  0.037  0.226 -0.258 -0.125 -0.022  0.028  0.028  0.027 -0.031  0.030  0.009 -0.034  0.101  0.124 -0.013  0.015 -0.033 -0.035 -0.038  0.042 -0.074 -0.020 -0.020
   0.021  0.096  0.001  0.227  0.257 -0.351  0.146 -0.155 -0.147 -0.267 -0.145  0.409 -0.126  1.000  0.057  0.221 -0.151  0.248  0.071 -0.328 -0.214  0.267 -0.091  0.102  0.074 -0.152  0.248  0.025  0.096  0.018  0.144  0.067  0.032  0.177 -0.078  0.067  0.044  0.035  0.029  0.038 -0.263 -0.024  0.078  0.043
   0.170  0.016 -0.143  0.344  0.203 -0.159 -0.079 -0.064 -0.170 -0.077 -0.064  0.129 -0.205  0.057  1.000  0.705 -0.710  0.792  0.167 -0.015 -0.011  0.016 -0.043  0.109  0.056 -0.016  0.060  0.038  0.124  0.112 -0.038  0.168  0.169 -0.073 -0.081  0.037  0.119  0.121 -0.040 -0.004  0.103 -0.002  0.153  0.155
   0.121  0.071 -0.079  0.304  0.183 -0.234  0.025 -0.013 -0.079 -0.180 -0.135  0.096 -0.166  0.221  0.705  1.000 -0.317  0.726  0.178 -0.021 -0.007  0.020 -0.241  0.349  0.258 -0.140  0.224  0.168  0.140  0.127  0.029  0.232  0.233 -0.024 -0.024  0.045  0.150  0.173 -0.281 -0.126  0.078  0.007  0.201  0.216
  -0.005  0.034  0.020 -0.212 -0.239  0.232 -0.094  0.195  0.231 -0.184 -0.118 -0.090  0.165 -0.151 -0.710 -0.317  1.000 -0.864 -0.018  0.153  0.140 -0.140 -0.134 -0.004  0.232 -0.099  0.052  0.116  0.107  0.060  0.116  0.101  0.083  0.182  0.216 -0.017  0.078  0.087 -0.364 -0.260  0.210  0.082  0.051  0.042
   0.014  0.009 -0.014  0.261  0.245 -0.285  0.102 -0.142 -0.189  0.048 -0.003  0.112 -0.198  0.248  0.792  0.726 -0.864  1.000  0.080 -0.136 -0.118  0.126 -0.043  0.226 -0.047 -0.007  0.100 -0.010 -0.085 -0.047 -0.107 -0.037 -0.022 -0.188 -0.229  0.035 -0.045 -0.040  0.167  0.167 -0.211 -0.063 -0.008  0.008
   0.236 -0.134 -0.231  0.339 -0.127 -0.019 -0.406  0.168  0.137 -0.308 -0.297  0.172 -0.201  0.071  0.167  0.178 -0.018  0.080  1.000  0.288  0.380 -0.375 -0.210  0.199  0.153 -0.146  0.226  0.105  0.146  0.055  0.031  0.173  0.124 -0.032 -0.081  0.033  0.143  0.115 -0.101 -0.061  0.106  0.131  0.144  0.118
  -0.031  0.067  0.047 -0.048 -0.274  0.209 -0.262  0.105  0.095  0.021 -0.009 -0.069  0.004 -0.328 -0.015 -0.021  0.153 -0.136  0.288  1.000  0.961 -0.961 -0.088  0.039  0.069  0.216 -0.250 -0.135  0.063 -0.186 -0.035  0.072 -0.232  0.010  0.048 -0.016  0.108 -0.240 -0.074 -0.054  0.131  0.306  0.025 -0.172
  -0.005  0.126  0.027 -0.065 -0.322  0.232 -0.302  0.095  0.085 -0.035 -0.044 -0.011 -0.053 -0.214 -0.011 -0.007  0.140 -0.118  0.380  0.961  1.000 -0.997 -0.154  0.070  0.094  0.313 -0.290 -0.186  0.079 -0.175 -0.021  0.061 -0.191  0.007  0.034 -0.008  0.112 -0.220 -0.079 -0.054  0.108  0.363  0.029 -0.147
   0.021 -0.132 -0.042  0.083  0.333 -0.245  0.299 -0.093 -0.083  0.004  0.016  0.047  0.037  0.267  0.016  0.020 -0.140  0.126 -0.375 -0.961 -0.997  1.000  0.156 -0.070 -0.087 -0.332  0.308  0.186 -0.071  0.171  0.024 -0.054  0.182 -0.002 -0.046  0.014 -0.108  0.214  0.078  0.054 -0.123 -0.356 -0.026  0.143
   0.150 -0.621 -0.229 -0.131  0.019 -0.005  0.152 -0.015 -0.011  0.050  0.060 -0.149  0.226 -0.091 -0.043 -0.241 -0.134 -0.043 -0.210 -0.088 -0.154  0.156  1.000 -0.812 -0.479 -0.220  0.115  0.076 -0.050 -0.009  0.031 -0.023 -0.046  0.037  0.057 -0.004 -0.161 -0.067  0.146  0.062  0.039 -0.164 -0.050 -0.030
  -0.246  0.373  0.289  0.076 -0.055 -0.008 -0.127 -0.030 -0.028  0.003 -0.035  0.166 -0.258  0.102  0.109  0.349 -0.004  0.226  0.199  0.039  0.070 -0.070 -0.812  1.000  0.200  0.092 -0.011  0.064 -0.083 -0.078 -0.101  0.102  0.013 -0.081 -0.112  0.001  0.125  0.022 -0.038  0.029 -0.193 -0.093  0.069 -0.009
   0.016  0.258  0.045  0.171  0.049 -0.030 -0.091  0.062  0.045 -0.151 -0.117  0.122 -0.125  0.074  0.056  0.258  0.232 -0.047  0.153  0.069  0.094 -0.087 -0.479  0.200  1.000 -0.034  0.113 -0.277  0.165  0.122  0.035 -0.135  0.128  0.071  0.056  0.019 -0.229  0.095 -0.240 -0.147  0.107  0.498 -0.004  0.108
