# fitpack15: fit parameters                                                                         
# CJ15 AV18 final data choices                                                                      
# Created on 02/13/2020 at 09:36:37                                                                 

 # QCD setup
  INS                           0
  NVL                          11
  IORD                          1
  Q02                   1.6899999999999999     
  IPARAMC                      -7
  FLAVOR                4.0000000000000000     
  xmc                   1.3000000000000000     
  xmb                   4.5000000000000000     
  ncb                          12
  ihq                           1
  ias                           0

 # Theory corrections
  inuke                     10114
  itmc                          1
  iht                           1

 # fit parameters
 LAMBDA       0.22680        0.0000    
 a0uv          2.5358        0.0000    
 a1uv         0.62728       0.23890E-01
 a2uv          3.5514       0.16731E-01
 a3uv          0.0000        0.0000    
 a4uv          3.2315       0.51015    
 a5uv          0.0000        0.0000    
 a0dv          22.966        0.0000    
 a1dv          1.1286       0.41181E-01
 a2dv          6.6140       0.22326    
 a3dv         -3.5845       0.10074    
 a4dv          4.8787       0.18135    
 a5dv          0.0000        0.0000    
 a0ud         0.14570       0.53451E-02
 a1ud        -0.20841       0.39572E-02
 a2ud          8.4756       0.21705    
 a3ud          0.0000        0.0000    
 a4ud          14.730        1.4479    
 a5ud          0.0000        0.0000    
 a0du          35712.        0.0000    
 a1du          4.0036       0.81189E-01
 a2du          20.333       0.98926    
 a3du          17.000        0.0000    
 a4du          50.320        11.987    
 a0g           49.101        0.0000    
 a1g          0.61638       0.31477E-01
 a2g           6.3736       0.87404    
 a3g          -3.4337       0.12886    
 a4g           3.3902       0.31121    
 a5g           0.0000        0.0000    
 kappa        0.40000        0.0000    
 a6dv         0.48913E-02   0.20790E-02
 a7dv          2.0000        0.0000    
 off1        -0.30853E-01   0.12093    
 off2        -0.69479       0.85732    
 off3         0.62164        1.5540    
 ht1          -3.2665       0.27545    
 ht2           1.9021       0.11554    
 ht3          -2.1098       0.29460E-01
 ht4           0.0000        0.0000    
 dummy41       0.0000        0.0000    
 dummy42       0.0000        0.0000    
 dummy43       0.0000        0.0000    
 dummy44       0.0000        0.0000    
 dummy45       0.0000        0.0000    
 dummy46       0.0000        0.0000    
 dummy47       0.0000        0.0000    
 dummy48       0.0000        0.0000    
 dummy49       0.0000        0.0000    
 bcdmsh2      0.96995       0.48747E-02
 bcdmsd2      0.99308       0.58650E-02
 ccfr          1.0000        0.0000    
 nutev         1.0000        0.0000    
 zeus         0.97998        0.0000    
 h1            1.0162        0.0000    
 e605          1.0319        0.0000    
 NmcH2         1.0073       0.71379E-02
 ntv_nu        1.0000        0.0000    
 ntv_nuba      1.0000        0.0000    
 cdf_jet      0.98910        0.0000    
 d0_jet       0.83504        0.0000    
 slac_p        1.0009       0.48854E-02
 slac_d        1.0028       0.53288E-02
 e866pp       0.94563       0.21298E-01
 e866pd       0.94601       0.18806E-01
 d0_gamje      1.0418       0.16580E-01
 h1b          0.97608        0.0000    
 jlab_p       0.99318       0.58913E-02
 jlab_d       0.97578       0.60051E-02
 blank         1.0000        0.0000    
 d0run2       0.95061       0.14898E-01
 cdfrun2      0.93549       0.17596E-01
 HERA_el       1.0000        0.0000    
 HERA_ps       1.0000        0.0000    
 CDF_Z        0.95332       0.67347E-02
 NmcRat        1.0000        0.0000    
 BNS_F2nd     0.96681       0.88955E-02
 HERMES_F     0.99467       0.56167E-02
 HERMES_F     0.97884       0.58556E-02
 END 0. 0.

 # Hessian matrix (Bevington alpha)
   0.47480086113175E+07 -0.12742804727003E+07  0.24207933187639E+06  0.59194970015671E+06 -0.13470204393334E+06 -0.12887480643547E+05  0.63138229999539E+05  0.88117268010524E+06 -0.16501001154075E+06 -0.46993053952700E+05  0.71706277377027E+04  0.14627861356314E+05  0.15947130287976E+04 -0.85622830080524E+02  0.12209041991179E+05 -0.29075739598696E+04  0.15652045691864E+05  0.10970587822009E+05  0.73228852314936E+07 -0.65271915291119E+05 -0.28693943133817E+05 -0.13868850412865E+05 -0.20033204118088E+05 -0.97068263069350E+04 -0.22598211273580E+06 -0.12622374813331E+06 -0.53662703719458E+05 -0.41035072057952E+04 -0.83771064929668E+06 -0.10868999917586E+07 -0.20913492842226E+05 -0.47015636917666E+05 -0.30235562018594E+04 -0.19799884795064E+06 -0.22435203538720E+06 -0.87487053003011E+04 -0.30937954955290E+04 -0.15123855683743E+05  0.16534203338628E+05 -0.70045525800111E+05 -0.55437228955734E+05
  -0.12742804727003E+07  0.41417092678456E+06 -0.67294592817922E+05 -0.15646316902250E+06  0.36293781254979E+05  0.95457498192564E+04 -0.12370284660347E+05 -0.11953098422915E+06  0.25533332114225E+05  0.72287803405059E+04 -0.91652903256538E+03 -0.12168052513966E+04 -0.13324693836919E+03  0.10661405547352E+02  0.47063525583444E+02  0.47589765003790E+02 -0.51361220230238E+03 -0.31280485745400E+03 -0.24874843730422E+07  0.17368935644937E+05  0.86220399490471E+04  0.45378736939649E+04  0.91700123807191E+04  0.98915310428628E+04  0.67278699552185E+05  0.16583270246664E+05  0.82639021297409E+04 -0.26330844332074E+03  0.21066383995437E+06  0.26677219361721E+06  0.59509634630549E+04  0.13521200498444E+05  0.41567388868556E+03  0.63743638497565E+05  0.71859027382302E+05  0.24001511125822E+04  0.76128781975259E+03 -0.24047290395942E+04 -0.22871996580061E+04  0.85435180821739E+04  0.72399129095904E+04
   0.24207933187639E+06 -0.67294592817922E+05  0.12490187466739E+05  0.29966871197753E+05 -0.69693907502818E+04 -0.10986033340795E+04  0.30408092913129E+04  0.32459535356936E+05 -0.59093465268786E+04 -0.20441394053741E+04  0.26825178177873E+03  0.46992155845383E+03  0.59659625016345E+02 -0.42046356102334E+01 -0.19865441522056E+03 -0.39866714829279E+02 -0.42707419635196E+01  0.99916398794089E+02  0.38938358998119E+06 -0.33008563092447E+04 -0.14885569386668E+04 -0.72964871741011E+03 -0.11540696997743E+04 -0.85153018776681E+03 -0.11816745579883E+05 -0.58129697871386E+04 -0.24967888640942E+04  0.64370136766795E+02 -0.41466290626180E+05 -0.54089386925357E+05 -0.10887387168596E+04 -0.24585814014501E+04 -0.12283271553874E+03 -0.10580326065978E+05 -0.11972659325693E+05 -0.44664614127551E+03 -0.15499145931399E+03  0.73878504817501E+02  0.76555760799628E+03 -0.26734101713005E+04 -0.21839121438480E+04
   0.59194970015671E+06 -0.15646316902250E+06  0.29966871197753E+05  0.31950091516326E+06 -0.48669090435343E+05  0.53196290811333E+05  0.47391173243292E+05  0.32510029340946E+06 -0.27249583626699E+05 -0.16374631422461E+05  0.30597293047722E+04 -0.10252689356722E+04 -0.91358665028742E+02  0.38234875577943E+02  0.29148183603213E+05 -0.34790629092477E+04  0.26035406319728E+05  0.14330459786175E+05  0.16692696627550E+07 -0.19535348999796E+05 -0.79381068194053E+04 -0.34756388498175E+04 -0.16171716855441E+04  0.24734909405857E+04 -0.41319415685231E+05 -0.12912939254121E+05 -0.21523728564703E+05 -0.13940235336354E+03 -0.67551548964488E+05 -0.34905204389457E+06 -0.14646241291301E+04 -0.25577136817854E+04 -0.68777817481144E+02 -0.12021946130714E+05 -0.53718857611352E+05 -0.24591796897809E+04 -0.95726331776996E+03 -0.10170340649484E+05 -0.16658612575081E+05 -0.74310885325793E+04 -0.22048153963727E+05
  -0.13470204393334E+06  0.36293781254979E+05 -0.69693907502818E+04 -0.48669090435343E+05  0.87979341487516E+04 -0.48816964203538E+04 -0.65848432723186E+04 -0.29023737811806E+05  0.89909907931148E+03  0.20443710739087E+04 -0.29451296222158E+03 -0.44989831730907E+02 -0.18571809296288E+00 -0.29696222538146E+01 -0.22950078427360E+04  0.27166038928941E+03 -0.19999599807717E+04 -0.10998350547321E+04 -0.34763531763006E+06  0.34717260442390E+04  0.15482407816916E+04  0.71432783997409E+03  0.57972292436163E+03  0.30884931119046E+03  0.85073527408468E+04  0.19607135558205E+04  0.33186913939594E+04 -0.52529571215088E+02  0.11610710430951E+05  0.61440017960310E+05  0.33214837544083E+03  0.56136221126684E+03  0.85446369593365E+01  0.28274105394233E+04  0.12506601930434E+05  0.44745233441829E+03  0.16666811193945E+03  0.38479389906509E+03  0.25693700872667E+04  0.81359520455119E+03  0.25169197679953E+04
  -0.12887480643547E+05  0.95457498192564E+04 -0.10986033340795E+04  0.53196290811333E+05 -0.48816964203538E+04  0.17292230793050E+05  0.10041937252040E+05  0.94912439626007E+05 -0.91352378247059E+04 -0.38989206641244E+04  0.88027321476185E+03 -0.53181261299906E+03 -0.43306605082567E+02  0.12859124477468E+02  0.87073423729760E+04 -0.10802460221262E+04  0.78190308402048E+04  0.44039387104522E+04  0.54988960199859E+04 -0.17940292251344E+04 -0.35303540786893E+03 -0.21238208009605E+02  0.76844475762501E+03  0.24471241581255E+04 -0.10020429079595E+04 -0.26044885439348E+04 -0.39879907775496E+04  0.12407095693170E+03 -0.78278420329874E+04 -0.37909011368276E+05  0.31370054831282E+02  0.23558897038733E+02 -0.17490351387395E+02  0.54109388646516E+03  0.21747201301305E+04 -0.21327192652391E+03 -0.11400876001816E+03 -0.31967460450129E+04 -0.32269274902962E+04 -0.18353032039117E+04 -0.52680645464748E+04
   0.63138229999539E+05 -0.12370284660347E+05  0.30408092913129E+04  0.47391173243292E+05 -0.65848432723186E+04  0.10041937252040E+05  0.79295925559467E+04  0.51851220364057E+05 -0.32227986645250E+04 -0.27684509261853E+04  0.50537116807296E+03 -0.15083915257878E+03 -0.14616433468385E+02  0.63564842100877E+01  0.43634770196001E+04 -0.54453686908624E+03  0.37890340032892E+04  0.21510243662248E+04  0.15788527571784E+06 -0.24728854150262E+04 -0.89052213210964E+03 -0.33325682914457E+03  0.17910799258901E+03  0.11535272545916E+04 -0.44736769887862E+04 -0.23556782145054E+04 -0.37038717174567E+04  0.12453281146235E+03 -0.93714734263968E+04 -0.48729451975143E+05 -0.14992401601560E+03 -0.25426910880295E+03 -0.12246271097148E+02 -0.89984719280432E+03 -0.41637201547180E+04 -0.32702804062454E+03 -0.13957881946522E+03 -0.13539317950997E+04 -0.31081088564799E+04 -0.11286665750353E+04 -0.33636541309837E+04
   0.88117268010524E+06 -0.11953098422915E+06  0.32459535356936E+05  0.32510029340946E+06 -0.29023737811806E+05  0.94912439626007E+05  0.51851220364057E+05  0.48983091035351E+07 -0.22982398383924E+07 -0.81192235919368E+05  0.24870765142452E+05  0.27366586025586E+05  0.17918539512031E+04  0.98800721194256E+02  0.79466779993509E+05 -0.10392845454682E+05  0.85400132530760E+05  0.45854627191061E+05  0.49418291139058E+06 -0.35298326283018E+05 -0.69103686641156E+04 -0.18540043712195E+04  0.72996581069584E+04  0.36724307141406E+05 -0.28310183763495E+05 -0.58153464484084E+05 -0.47075430747284E+05 -0.66618105431322E+05 -0.27357807909021E+06 -0.54408390427523E+06 -0.73795532378256E+05 -0.16496080266259E+06 -0.12555333422644E+04 -0.52716756011805E+04 -0.10459926358581E+05  0.57862636292404E+03  0.39068781417509E+03 -0.26414267864991E+06 -0.86836714135934E+04 -0.13535336614081E+06 -0.16884780619594E+06
  -0.16501001154075E+06  0.25533332114225E+05 -0.59093465268786E+04 -0.27249583626699E+05  0.89909907931148E+03 -0.91352378247059E+04 -0.32227986645250E+04 -0.22982398383924E+07  0.19243324616394E+07  0.18190454120858E+05 -0.62763110710445E+04 -0.59235301946658E+04 -0.31673832310246E+03 -0.14711152534823E+02  0.51562174590711E+05 -0.26840929826505E+04  0.19410266204818E+05  0.96103114927858E+04 -0.12997031659548E+04  0.90355302017039E+04  0.13987802073438E+04  0.31955385528859E+03 -0.17809902600364E+04 -0.93226435489479E+04  0.46594027986745E+04  0.10850746508988E+05  0.10400268069832E+05  0.23895293996259E+05  0.63848957079880E+05  0.12301620916406E+06  0.23496216306304E+05  0.52641130644494E+05  0.15527328571255E+03  0.60395339248757E+03  0.12251959643710E+04 -0.13423092428531E+04 -0.73265170120781E+03  0.11252120410422E+06  0.15997735434027E+04  0.43588689124790E+05  0.53829695009616E+05
  -0.46993053952700E+05  0.72287803405059E+04 -0.20441394053741E+04 -0.16374631422461E+05  0.20443710739087E+04 -0.38989206641244E+04 -0.27684509261853E+04 -0.81192235919368E+05  0.18190454120858E+05  0.24474647462702E+04 -0.59919218513496E+03 -0.68905869183899E+03 -0.59558638690735E+02 -0.15671368420154E+01 -0.39352634759753E+04  0.49387617776785E+03 -0.36368431344027E+04 -0.20518265758703E+04 -0.45339901120257E+05  0.12293766090088E+04  0.33614661288425E+03  0.11093900457820E+03 -0.21400658419316E+03 -0.10837120255092E+04  0.17666613966017E+04  0.26111595357771E+04  0.18163384536783E+04  0.71650801763062E+03  0.10456523888732E+05  0.21919137448953E+05  0.15238863205058E+04  0.33343576465182E+04  0.40857297398475E+02  0.51830068320292E+03  0.99286671620936E+03  0.11698556935834E+03  0.52623019358972E+02  0.30451781897960E+04  0.44015391331141E+03  0.27115833913898E+04  0.34675511816899E+04
   0.71706277377027E+04 -0.91652903256538E+03  0.26825178177873E+03  0.30597293047722E+04 -0.29451296222158E+03  0.88027321476185E+03  0.50537116807296E+03  0.24870765142452E+05 -0.62763110710445E+04 -0.59919218513496E+03  0.17084770569501E+03  0.20529170576724E+03  0.14621178267382E+02  0.68047667074618E+00  0.12490413196802E+04 -0.14193835252005E+03  0.11173629996701E+04  0.60588394064268E+03  0.52204101626132E+04 -0.24525832183166E+03 -0.52864716493863E+02 -0.14831883208539E+02  0.52732628190376E+02  0.25911012903408E+03 -0.22913900546188E+03 -0.46230005612489E+03 -0.35083799342461E+03 -0.33675350732042E+03 -0.19925902611387E+04 -0.40123070165967E+04 -0.44480741078810E+03 -0.99432062588713E+03 -0.10563975278909E+02 -0.44756912307479E+02 -0.88713918092913E+02 -0.11832281277970E+02 -0.56907973908001E+01 -0.11469186973840E+04 -0.68718079718677E+02 -0.81408427016386E+03 -0.10237052910807E+04
   0.14627861356314E+05 -0.12168052513966E+04  0.46992155845383E+03 -0.10252689356722E+04 -0.44989831730907E+02 -0.53181261299906E+03 -0.15083915257878E+03  0.27366586025586E+05 -0.59235301946658E+04 -0.68905869183899E+03  0.20529170576724E+03  0.18257567077148E+04  0.11569757203497E+03 -0.47336697672696E+00  0.16115636108510E+04 -0.22782932512816E+03  0.18313943643775E+04  0.10411899956945E+04  0.55885113826366E+04  0.28926200915396E+03  0.26973515212082E+02  0.15877650616304E+00  0.57570753980364E+02  0.31194093980192E+03 -0.60606956922473E+02 -0.11357339211428E+04  0.10349814092989E-10 -0.79258650989657E+03 -0.51168114053347E+04  0.30317984225394E-09 -0.26300490293112E+04 -0.70508769109752E+02 -0.82553974006303E+02 -0.17817630773837E+00  0.66822307930185E-11 -0.17829045935521E+01 -0.77760623925040E+00  0.17778074090338E+03  0.30997759738237E+03 -0.28768754432349E+04  0.91700941196473E-10
   0.15947130287976E+04 -0.13324693836919E+03  0.59659625016345E+02 -0.91358665028742E+02 -0.18571809296288E+00 -0.43306605082567E+02 -0.14616433468385E+02  0.17918539512031E+04 -0.31673832310246E+03 -0.59558638690735E+02  0.14621178267382E+02  0.11569757203497E+03  0.10070724968365E+02 -0.13984310405249E+00  0.90499702640722E+02 -0.15391046945307E+02  0.10991492946839E+03  0.67866503256962E+02  0.31369770170820E+03  0.14615361463728E+02  0.19024080574749E+01  0.26354600802730E-01  0.71203446267776E+01  0.33806048417860E+02 -0.11847712952323E+02 -0.16562500973937E+03 -0.11331065885255E-11 -0.29811877313567E+02 -0.59077755787543E+03  0.28044295640342E-10 -0.16049911042149E+03 -0.18414128992413E+02 -0.64901629939275E+01 -0.12814562729409E+00  0.16259059551883E-13 -0.18343260341908E+00 -0.72378945201953E-01  0.21414256493336E+02  0.69159626398103E+02 -0.20197154332218E+03  0.15521727075795E-11
  -0.85622830080524E+02  0.10661405547352E+02 -0.42046356102334E+01  0.38234875577943E+02 -0.29696222538146E+01  0.12859124477468E+02  0.63564842100877E+01  0.98800721194256E+02 -0.14711152534823E+02 -0.15671368420154E+01  0.68047667074618E+00 -0.47336697672696E+00 -0.13984310405249E+00  0.48967124308079E-01  0.14634621042436E+02 -0.10632675340148E+01  0.93730223122698E+01  0.42640178581300E+01  0.38339089069737E+02  0.16310279881383E+01 -0.30410178354201E-01 -0.20642098240667E-01 -0.33500932409023E-02  0.40769799857396E-01  0.15954649528489E-01  0.72930244844466E-01  0.80003962722903E-12 -0.67104652830848E+01 -0.97928306904968E+00  0.16783696210962E-11 -0.40510123534898E+01 -0.30802130477830E-04 -0.15635211046410E+00  0.56264005507383E-13  0.11184791295179E-12 -0.18919791295065E-02 -0.10453162739685E-02 -0.23823896700089E+01  0.98949913998414E-04 -0.36929993743462E+01  0.30911639539957E-12
   0.12209041991179E+05  0.47063525583444E+02 -0.19865441522056E+03  0.29148183603213E+05 -0.22950078427360E+04  0.87073423729760E+04  0.43634770196001E+04  0.79466779993509E+05  0.51562174590711E+05 -0.39352634759753E+04  0.12490413196802E+04  0.16115636108510E+04  0.90499702640722E+02  0.14634621042436E+02  0.50546499701665E+05 -0.48724209083831E+04  0.38785667430077E+05  0.20280197802527E+05  0.44228796674623E+05  0.46691188746333E+02  0.61349759039964E+02  0.29046602564063E+02 -0.26200762500677E+02 -0.14102726785563E+03  0.77512316072127E+03 -0.29331660721945E+04 -0.19012053851328E+04 -0.25080797097141E+04  0.19265257695090E+04  0.43383515286878E+04 -0.16126120347698E+04 -0.31193376120429E+04 -0.73588196325114E+03  0.31190581575543E+03  0.55498293779534E+03 -0.30153301848548E+04 -0.15844644799925E+04 -0.20575394177333E+04  0.21185147127126E+03 -0.97335654528496E+03 -0.10936215013598E+04
  -0.29075739598696E+04  0.47589765003790E+02 -0.39866714829279E+02 -0.34790629092477E+04  0.27166038928941E+03 -0.10802460221262E+04 -0.54453686908624E+03 -0.10392845454682E+05 -0.26840929826505E+04  0.49387617776785E+03 -0.14193835252005E+03 -0.22782932512816E+03 -0.15391046945307E+02 -0.10632675340148E+01 -0.48724209083831E+04  0.54755900006099E+03 -0.42478024492973E+04 -0.23112869976636E+04 -0.47219871636839E+04  0.49165782503063E+01 -0.95225190853229E+01 -0.56872342865986E+01 -0.66398696969629E+01 -0.17847425535638E+02 -0.16368514590873E+03  0.55843046175012E+03  0.34785212247924E+03  0.29582947032239E+03 -0.14596435938450E+03 -0.49214481126349E+03  0.17347025916551E+03  0.33396289028445E+03  0.84384655076514E+02 -0.84719483937559E+02 -0.14871454923179E+03  0.48006113624321E+03  0.23429559762829E+03 -0.37261834303076E+03 -0.38130898725815E+02  0.27247859715850E+03  0.30545478703920E+03
   0.15652045691864E+05 -0.51361220230238E+03 -0.42707419635196E+01  0.26035406319728E+05 -0.19999599807717E+04  0.78190308402048E+04  0.37890340032892E+04  0.85400132530760E+05  0.19410266204818E+05 -0.36368431344027E+04  0.11173629996701E+04  0.18313943643775E+04  0.10991492946839E+03  0.93730223122698E+01  0.38785667430077E+05 -0.42478024492973E+04  0.33806395286322E+05  0.18147506106371E+05  0.42171463275289E+05  0.12507917824928E+02  0.56980719796399E+02  0.23590580739038E+02 -0.91075441660749E+02 -0.28429192992710E+03  0.61165733210489E+03 -0.28872281306876E+04 -0.18477086434887E+04 -0.27160462617027E+04  0.23244020391151E+04  0.50040250540573E+04 -0.14436505513680E+04 -0.28081374514136E+04 -0.66015728497574E+03  0.75448903635355E+02  0.15198736923508E+03 -0.28149595150615E+04 -0.15195686768677E+04  0.15474018301046E+04  0.26208926997102E+03 -0.18152217268060E+04 -0.20115768937756E+04
   0.10970587822009E+05 -0.31280485745400E+03  0.99916398794089E+02  0.14330459786175E+05 -0.10998350547321E+04  0.44039387104522E+04  0.21510243662248E+04  0.45854627191061E+05  0.96103114927858E+04 -0.20518265758703E+04  0.60588394064268E+03  0.10411899956945E+04  0.67866503256962E+02  0.42640178581300E+01  0.20280197802527E+05 -0.23112869976636E+04  0.18147506106371E+05  0.98772882458458E+04  0.22245439943332E+05 -0.12630558381607E+02  0.36064734222268E+02  0.17639668997201E+02 -0.31235143751778E+02 -0.81124465359844E+02  0.49231978639241E+03 -0.20432406400936E+04 -0.12735195076367E+04 -0.13598390213764E+04  0.10685700033254E+04  0.27182834390796E+04 -0.73171018437423E+03 -0.14238520772589E+04 -0.36405759860736E+03  0.12325306562607E+03  0.22888145949203E+03 -0.18300690258686E+04 -0.94532334648697E+03  0.16443959266832E+04  0.18288757441624E+03 -0.12557263924428E+04 -0.13940512524807E+04
   0.73228852314936E+07 -0.24874843730422E+07  0.38938358998119E+06  0.16692696627550E+07 -0.34763531763006E+06  0.54988960199859E+04  0.15788527571784E+06  0.49418291139058E+06 -0.12997031659548E+04 -0.45339901120257E+05  0.52204101626132E+04  0.55885113826366E+04  0.31369770170820E+03  0.38339089069737E+02  0.44228796674623E+05 -0.47219871636839E+04  0.42171463275289E+05  0.22245439943332E+05  0.22215344874165E+08 -0.16718322774541E+06 -0.86736208780725E+05 -0.46246255928841E+05 -0.62093221135374E+05 -0.70708391043978E+05 -0.44329198080377E+06 -0.31488638847881E+05 -0.70731113052966E+05  0.10662267052706E+04 -0.52395196988724E+06 -0.25599545486466E+07 -0.16736330765142E+05 -0.29605403262892E+05 -0.18765654754354E+03 -0.16950845874231E+06 -0.74126812943870E+06 -0.22067638847695E+05 -0.69668947617787E+04  0.16553885430513E+05 -0.42815077410596E+05 -0.19285112149703E+05 -0.60134237401322E+05
  -0.65271915291119E+05  0.17368935644937E+05 -0.33008563092447E+04 -0.19535348999796E+05  0.34717260442390E+04 -0.17940292251344E+04 -0.24728854150262E+04 -0.35298326283018E+05  0.90355302017039E+04  0.12293766090088E+04 -0.24525832183166E+03  0.28926200915396E+03  0.14615361463728E+02  0.16310279881383E+01  0.46691188746333E+02  0.49165782503063E+01  0.12507917824928E+02 -0.12630558381607E+02 -0.16718322774541E+06  0.30089908300116E+04  0.10257925000789E+04  0.45166624073039E+03  0.19501087232928E+03 -0.31119004176667E+03  0.38662948379764E+04  0.00000000000000E+00  0.25903043838547E+04  0.00000000000000E+00  0.00000000000000E+00  0.41029648650740E+05  0.00000000000000E+00  0.00000000000000E+00  0.00000000000000E+00  0.00000000000000E+00  0.61433843079618E+04  0.00000000000000E+00  0.00000000000000E+00  0.00000000000000E+00 -0.17500530603900E+04  0.00000000000000E+00  0.41741415848653E+04
  -0.28693943133817E+05  0.86220399490471E+04 -0.14885569386668E+04 -0.79381068194053E+04  0.15482407816916E+04 -0.35303540786893E+03 -0.89052213210964E+03 -0.69103686641156E+04  0.13987802073438E+04  0.33614661288425E+03 -0.52864716493863E+02  0.26973515212082E+02  0.19024080574749E+01 -0.30410178354201E-01  0.61349759039964E+02 -0.95225190853229E+01  0.56980719796399E+02  0.36064734222268E+02 -0.86736208780725E+05  0.10257925000789E+04  0.44743790391926E+03  0.21797752531339E+03  0.16254209556299E+03  0.73427131162235E+02  0.17704721697576E+04  0.00000000000000E+00  0.67280516617929E+03  0.00000000000000E+00  0.00000000000000E+00  0.15483405372891E+05  0.00000000000000E+00  0.00000000000000E+00  0.00000000000000E+00  0.00000000000000E+00  0.31180263095503E+04  0.00000000000000E+00  0.00000000000000E+00  0.00000000000000E+00 -0.50944554309993E+03  0.00000000000000E+00  0.87119127624680E+03
  -0.13868850412865E+05  0.45378736939649E+04 -0.72964871741011E+03 -0.34756388498175E+04  0.71432783997409E+03 -0.21238208009605E+02 -0.33325682914457E+03 -0.18540043712195E+04  0.31955385528859E+03  0.11093900457820E+03 -0.14831883208539E+02  0.15877650616304E+00  0.26354600802730E-01 -0.20642098240667E-01  0.29046602564063E+02 -0.56872342865986E+01  0.23590580739038E+02  0.17639668997201E+02 -0.46246255928841E+05  0.45166624073039E+03  0.21797752531339E+03  0.11293454421405E+03  0.10405044114506E+03  0.92050238066869E+02  0.86705098408237E+03  0.00000000000000E+00  0.19676704846985E+03  0.00000000000000E+00  0.00000000000000E+00  0.67622058452229E+04  0.00000000000000E+00  0.00000000000000E+00  0.00000000000000E+00  0.00000000000000E+00  0.16245340103863E+04  0.00000000000000E+00  0.00000000000000E+00  0.00000000000000E+00 -0.16764161702838E+03  0.00000000000000E+00  0.25988759164538E+03
  -0.20033204118088E+05  0.91700123807191E+04 -0.11540696997743E+04 -0.16171716855441E+04  0.57972292436163E+03  0.76844475762501E+03  0.17910799258901E+03  0.72996581069584E+04 -0.17809902600364E+04 -0.21400658419316E+03  0.52732628190376E+02  0.57570753980364E+02  0.71203446267776E+01 -0.33500932409023E-02 -0.26200762500677E+02 -0.66398696969629E+01 -0.91075441660749E+02 -0.31235143751778E+02 -0.62093221135374E+05  0.19501087232928E+03  0.16254209556299E+03  0.10405044114506E+03  0.43033256259371E+03  0.76428917272135E+03  0.16699730552506E+04 -0.50475335711574E+02 -0.29577634591083E+02  0.16359884938573E+01  0.89969489254033E+03  0.47220460773018E+03  0.00000000000000E+00  0.00000000000000E+00  0.00000000000000E+00  0.25019779386317E+04  0.30947014913096E+04  0.00000000000000E+00  0.00000000000000E+00  0.00000000000000E+00 -0.27292719703184E+02 -0.39950058096968E+03 -0.41559452097450E+03
  -0.97068263069350E+04  0.98915310428628E+04 -0.85153018776681E+03  0.24734909405857E+04  0.30884931119046E+03  0.24471241581255E+04  0.11535272545916E+04  0.36724307141406E+05 -0.93226435489479E+04 -0.10837120255092E+04  0.25911012903408E+03  0.31194093980192E+03  0.33806048417860E+02  0.40769799857396E-01 -0.14102726785563E+03 -0.17847425535638E+02 -0.28429192992710E+03 -0.81124465359844E+02 -0.70708391043978E+05 -0.31119004176667E+03  0.73427131162235E+02  0.92050238066869E+02  0.76428917272135E+03  0.19600351746441E+04  0.15599964007985E+04 -0.15731494712963E+03 -0.10915566339070E+03 -0.58636092356498E+02 -0.61308788296536E+04 -0.10693784445154E+05  0.00000000000000E+00  0.00000000000000E+00  0.00000000000000E+00  0.34626917384581E+04  0.41763771045413E+04  0.00000000000000E+00  0.00000000000000E+00  0.00000000000000E+00 -0.39334427045991E+02 -0.22168196478945E+04 -0.22892589701917E+04
  -0.22598211273580E+06  0.67278699552185E+05 -0.11816745579883E+05 -0.41319415685231E+05  0.85073527408468E+04 -0.10020429079595E+04 -0.44736769887862E+04 -0.28310183763495E+05  0.46594027986745E+04  0.17666613966017E+04 -0.22913900546188E+03 -0.60606956922473E+02 -0.11847712952323E+02  0.15954649528489E-01  0.77512316072127E+03 -0.16368514590873E+03  0.61165733210489E+03  0.49231978639241E+03 -0.44329198080377E+06  0.38662948379764E+04  0.17704721697576E+04  0.86705098408237E+03  0.16699730552506E+04  0.15599964007985E+04  0.16636367891216E+05  0.25895874740524E+03  0.13482585508576E+03 -0.73870833359105E+01  0.38363996065450E+05  0.62307110758959E+05  0.00000000000000E+00  0.00000000000000E+00  0.00000000000000E+00  0.16062548112632E+05  0.20222161194055E+05  0.00000000000000E+00  0.00000000000000E+00  0.00000000000000E+00 -0.75545630274721E+02  0.16025431615721E+04  0.16363850026508E+04
  -0.12622374813331E+06  0.16583270246664E+05 -0.58129697871386E+04 -0.12912939254121E+05  0.19607135558205E+04 -0.26044885439348E+04 -0.23556782145054E+04 -0.58153464484084E+05  0.10850746508988E+05  0.26111595357771E+04 -0.46230005612489E+03 -0.11357339211428E+04 -0.16562500973937E+03  0.72930244844466E-01 -0.29331660721945E+04  0.55843046175012E+03 -0.28872281306876E+04 -0.20432406400936E+04 -0.31488638847881E+05  0.00000000000000E+00  0.00000000000000E+00  0.00000000000000E+00 -0.50475335711574E+02 -0.15731494712963E+03  0.25895874740524E+03  0.11698780746037E+06  0.00000000000000E+00  0.00000000000000E+00  0.00000000000000E+00  0.00000000000000E+00  0.00000000000000E+00  0.00000000000000E+00  0.00000000000000E+00  0.00000000000000E+00  0.00000000000000E+00  0.00000000000000E+00  0.00000000000000E+00  0.00000000000000E+00  0.00000000000000E+00  0.00000000000000E+00  0.00000000000000E+00
  -0.53662703719458E+05  0.82639021297409E+04 -0.24967888640942E+04 -0.21523728564703E+05  0.33186913939594E+04 -0.39879907775496E+04 -0.37038717174567E+04 -0.47075430747284E+05  0.10400268069832E+05  0.18163384536783E+04 -0.35083799342461E+03  0.10349814092989E-10 -0.11331065885255E-11  0.80003962722903E-12 -0.19012053851328E+04  0.34785212247924E+03 -0.18477086434887E+04 -0.12735195076367E+04 -0.70731113052966E+05  0.25903043838547E+04  0.67280516617929E+03  0.19676704846985E+03 -0.29577634591083E+02 -0.10915566339070E+03  0.13482585508576E+03  0.00000000000000E+00  0.64618263402433E+05  0.00000000000000E+00  0.00000000000000E+00  0.00000000000000E+00  0.00000000000000E+00  0.00000000000000E+00  0.00000000000000E+00  0.00000000000000E+00  0.00000000000000E+00  0.00000000000000E+00  0.00000000000000E+00  0.00000000000000E+00  0.00000000000000E+00  0.00000000000000E+00  0.00000000000000E+00
  -0.41035072057952E+04 -0.26330844332074E+03  0.64370136766795E+02 -0.13940235336354E+03 -0.52529571215088E+02  0.12407095693170E+03  0.12453281146235E+03 -0.66618105431322E+05  0.23895293996259E+05  0.71650801763062E+03 -0.33675350732042E+03 -0.79258650989657E+03 -0.29811877313567E+02 -0.67104652830848E+01 -0.25080797097141E+04  0.29582947032239E+03 -0.27160462617027E+04 -0.13598390213764E+04  0.10662267052706E+04  0.00000000000000E+00  0.00000000000000E+00  0.00000000000000E+00  0.16359884938573E+01 -0.58636092356498E+02 -0.73870833359105E+01  0.00000000000000E+00  0.00000000000000E+00  0.30765674054645E+05  0.00000000000000E+00  0.00000000000000E+00  0.00000000000000E+00  0.00000000000000E+00  0.00000000000000E+00  0.00000000000000E+00  0.00000000000000E+00  0.00000000000000E+00  0.00000000000000E+00  0.00000000000000E+00  0.00000000000000E+00  0.00000000000000E+00  0.00000000000000E+00
  -0.83771064929668E+06  0.21066383995437E+06 -0.41466290626180E+05 -0.67551548964488E+05  0.11610710430951E+05 -0.78278420329874E+04 -0.93714734263968E+04 -0.27357807909021E+06  0.63848957079880E+05  0.10456523888732E+05 -0.19925902611387E+04 -0.51168114053347E+04 -0.59077755787543E+03 -0.97928306904968E+00  0.19265257695090E+04 -0.14596435938450E+03  0.23244020391151E+04  0.10685700033254E+04 -0.52395196988724E+06  0.00000000000000E+00  0.00000000000000E+00  0.00000000000000E+00  0.89969489254033E+03 -0.61308788296536E+04  0.38363996065450E+05  0.00000000000000E+00  0.00000000000000E+00  0.00000000000000E+00  0.58196423127150E+06  0.00000000000000E+00  0.00000000000000E+00  0.00000000000000E+00  0.00000000000000E+00  0.00000000000000E+00  0.00000000000000E+00  0.00000000000000E+00  0.00000000000000E+00  0.00000000000000E+00  0.00000000000000E+00  0.00000000000000E+00  0.00000000000000E+00
  -0.10868999917586E+07  0.26677219361721E+06 -0.54089386925357E+05 -0.34905204389457E+06  0.61440017960310E+05 -0.37909011368276E+05 -0.48729451975143E+05 -0.54408390427523E+06  0.12301620916406E+06  0.21919137448953E+05 -0.40123070165967E+04  0.30317984225394E-09  0.28044295640342E-10  0.16783696210962E-11  0.43383515286878E+04 -0.49214481126349E+03  0.50040250540573E+04  0.27182834390796E+04 -0.25599545486466E+07  0.41029648650740E+05  0.15483405372891E+05  0.67622058452229E+04  0.47220460773018E+03 -0.10693784445154E+05  0.62307110758959E+05  0.00000000000000E+00  0.00000000000000E+00  0.00000000000000E+00  0.00000000000000E+00  0.92076946392486E+06  0.00000000000000E+00  0.00000000000000E+00  0.00000000000000E+00  0.00000000000000E+00  0.00000000000000E+00  0.00000000000000E+00  0.00000000000000E+00  0.00000000000000E+00  0.00000000000000E+00  0.00000000000000E+00  0.00000000000000E+00
  -0.20913492842226E+05  0.59509634630549E+04 -0.10887387168596E+04 -0.14646241291301E+04  0.33214837544083E+03  0.31370054831282E+02 -0.14992401601560E+03 -0.73795532378256E+05  0.23496216306304E+05  0.15238863205058E+04 -0.44480741078810E+03 -0.26300490293112E+04 -0.16049911042149E+03 -0.40510123534898E+01 -0.16126120347698E+04  0.17347025916551E+03 -0.14436505513680E+04 -0.73171018437423E+03 -0.16736330765142E+05  0.00000000000000E+00  0.00000000000000E+00  0.00000000000000E+00  0.00000000000000E+00  0.00000000000000E+00  0.00000000000000E+00  0.00000000000000E+00  0.00000000000000E+00  0.00000000000000E+00  0.00000000000000E+00  0.00000000000000E+00  0.15384498353420E+05  0.00000000000000E+00  0.00000000000000E+00  0.00000000000000E+00  0.00000000000000E+00  0.00000000000000E+00  0.00000000000000E+00  0.00000000000000E+00  0.00000000000000E+00  0.00000000000000E+00  0.00000000000000E+00
  -0.47015636917666E+05  0.13521200498444E+05 -0.24585814014501E+04 -0.25577136817854E+04  0.56136221126684E+03  0.23558897038733E+02 -0.25426910880295E+03 -0.16496080266259E+06  0.52641130644494E+05  0.33343576465182E+04 -0.99432062588713E+03 -0.70508769109752E+02 -0.18414128992413E+02 -0.30802130477830E-04 -0.31193376120429E+04  0.33396289028445E+03 -0.28081374514136E+04 -0.14238520772589E+04 -0.29605403262892E+05  0.00000000000000E+00  0.00000000000000E+00  0.00000000000000E+00  0.00000000000000E+00  0.00000000000000E+00  0.00000000000000E+00  0.00000000000000E+00  0.00000000000000E+00  0.00000000000000E+00  0.00000000000000E+00  0.00000000000000E+00  0.00000000000000E+00  0.32976575767346E+05  0.00000000000000E+00  0.00000000000000E+00  0.00000000000000E+00  0.00000000000000E+00  0.00000000000000E+00  0.00000000000000E+00  0.00000000000000E+00  0.00000000000000E+00  0.00000000000000E+00
  -0.30235562018594E+04  0.41567388868556E+03 -0.12283271553874E+03 -0.68777817481144E+02  0.85446369593365E+01 -0.17490351387395E+02 -0.12246271097148E+02 -0.12555333422644E+04  0.15527328571255E+03  0.40857297398475E+02 -0.10563975278909E+02 -0.82553974006303E+02 -0.64901629939275E+01 -0.15635211046410E+00 -0.73588196325114E+03  0.84384655076514E+02 -0.66015728497574E+03 -0.36405759860736E+03 -0.18765654754354E+03  0.00000000000000E+00  0.00000000000000E+00  0.00000000000000E+00  0.00000000000000E+00  0.00000000000000E+00  0.00000000000000E+00  0.00000000000000E+00  0.00000000000000E+00  0.00000000000000E+00  0.00000000000000E+00  0.00000000000000E+00  0.00000000000000E+00  0.00000000000000E+00  0.37720900473328E+04  0.00000000000000E+00  0.00000000000000E+00  0.00000000000000E+00  0.00000000000000E+00  0.00000000000000E+00  0.00000000000000E+00  0.00000000000000E+00  0.00000000000000E+00
  -0.19799884795064E+06  0.63743638497565E+05 -0.10580326065978E+05 -0.12021946130714E+05  0.28274105394233E+04  0.54109388646516E+03 -0.89984719280432E+03 -0.52716756011805E+04  0.60395339248757E+03  0.51830068320292E+03 -0.44756912307479E+02 -0.17817630773837E+00 -0.12814562729409E+00  0.56264005507383E-13  0.31190581575543E+03 -0.84719483937559E+02  0.75448903635355E+02  0.12325306562607E+03 -0.16950845874231E+06  0.00000000000000E+00  0.00000000000000E+00  0.00000000000000E+00  0.25019779386317E+04  0.34626917384581E+04  0.16062548112632E+05  0.00000000000000E+00  0.00000000000000E+00  0.00000000000000E+00  0.00000000000000E+00  0.00000000000000E+00  0.00000000000000E+00  0.00000000000000E+00  0.00000000000000E+00  0.10575084352116E+06  0.00000000000000E+00  0.00000000000000E+00  0.00000000000000E+00  0.00000000000000E+00  0.00000000000000E+00  0.00000000000000E+00  0.00000000000000E+00
  -0.22435203538720E+06  0.71859027382302E+05 -0.11972659325693E+05 -0.53718857611352E+05  0.12506601930434E+05  0.21747201301305E+04 -0.41637201547180E+04 -0.10459926358581E+05  0.12251959643710E+04  0.99286671620936E+03 -0.88713918092913E+02  0.66822307930185E-11  0.16259059551883E-13  0.11184791295179E-12  0.55498293779534E+03 -0.14871454923179E+03  0.15198736923508E+03  0.22888145949203E+03 -0.74126812943870E+06  0.61433843079618E+04  0.31180263095503E+04  0.16245340103863E+04  0.30947014913096E+04  0.41763771045413E+04  0.20222161194055E+05  0.00000000000000E+00  0.00000000000000E+00  0.00000000000000E+00  0.00000000000000E+00  0.00000000000000E+00  0.00000000000000E+00  0.00000000000000E+00  0.00000000000000E+00  0.00000000000000E+00  0.13873944517619E+06  0.00000000000000E+00  0.00000000000000E+00  0.00000000000000E+00  0.00000000000000E+00  0.00000000000000E+00  0.00000000000000E+00
  -0.87487053003011E+04  0.24001511125822E+04 -0.44664614127551E+03 -0.24591796897809E+04  0.44745233441829E+03 -0.21327192652391E+03 -0.32702804062454E+03  0.57862636292404E+03 -0.13423092428531E+04  0.11698556935834E+03 -0.11832281277970E+02 -0.17829045935521E+01 -0.18343260341908E+00 -0.18919791295065E-02 -0.30153301848548E+04  0.48006113624321E+03 -0.28149595150615E+04 -0.18300690258686E+04 -0.22067638847695E+05  0.00000000000000E+00  0.00000000000000E+00  0.00000000000000E+00  0.00000000000000E+00  0.00000000000000E+00  0.00000000000000E+00  0.00000000000000E+00  0.00000000000000E+00  0.00000000000000E+00  0.00000000000000E+00  0.00000000000000E+00  0.00000000000000E+00  0.00000000000000E+00  0.00000000000000E+00  0.00000000000000E+00  0.00000000000000E+00  0.81508188989756E+04  0.00000000000000E+00  0.00000000000000E+00  0.00000000000000E+00  0.00000000000000E+00  0.00000000000000E+00
  -0.30937954955290E+04  0.76128781975259E+03 -0.15499145931399E+03 -0.95726331776996E+03  0.16666811193945E+03 -0.11400876001816E+03 -0.13957881946522E+03  0.39068781417509E+03 -0.73265170120781E+03  0.52623019358972E+02 -0.56907973908001E+01 -0.77760623925040E+00 -0.72378945201953E-01 -0.10453162739685E-02 -0.15844644799925E+04  0.23429559762829E+03 -0.15195686768677E+04 -0.94532334648697E+03 -0.69668947617787E+04  0.00000000000000E+00  0.00000000000000E+00  0.00000000000000E+00  0.00000000000000E+00  0.00000000000000E+00  0.00000000000000E+00  0.00000000000000E+00  0.00000000000000E+00  0.00000000000000E+00  0.00000000000000E+00  0.00000000000000E+00  0.00000000000000E+00  0.00000000000000E+00  0.00000000000000E+00  0.00000000000000E+00  0.00000000000000E+00  0.00000000000000E+00  0.41912420970377E+04  0.00000000000000E+00  0.00000000000000E+00  0.00000000000000E+00  0.00000000000000E+00
  -0.15123855683743E+05 -0.24047290395942E+04  0.73878504817501E+02 -0.10170340649484E+05  0.38479389906509E+03 -0.31967460450129E+04 -0.13539317950997E+04 -0.26414267864991E+06  0.11252120410422E+06  0.30451781897960E+04 -0.11469186973840E+04  0.17778074090338E+03  0.21414256493336E+02 -0.23823896700089E+01 -0.20575394177333E+04 -0.37261834303076E+03  0.15474018301046E+04  0.16443959266832E+04  0.16553885430513E+05  0.00000000000000E+00  0.00000000000000E+00  0.00000000000000E+00  0.00000000000000E+00  0.00000000000000E+00  0.00000000000000E+00  0.00000000000000E+00  0.00000000000000E+00  0.00000000000000E+00  0.00000000000000E+00  0.00000000000000E+00  0.00000000000000E+00  0.00000000000000E+00  0.00000000000000E+00  0.00000000000000E+00  0.00000000000000E+00  0.00000000000000E+00  0.00000000000000E+00  0.12708295573488E+06  0.00000000000000E+00  0.00000000000000E+00  0.00000000000000E+00
   0.16534203338628E+05 -0.22871996580061E+04  0.76555760799628E+03 -0.16658612575081E+05  0.25693700872667E+04 -0.32269274902962E+04 -0.31081088564799E+04 -0.86836714135934E+04  0.15997735434027E+04  0.44015391331141E+03 -0.68718079718677E+02  0.30997759738237E+03  0.69159626398103E+02  0.98949913998414E-04  0.21185147127126E+03 -0.38130898725815E+02  0.26208926997102E+03  0.18288757441624E+03 -0.42815077410596E+05 -0.17500530603900E+04 -0.50944554309993E+03 -0.16764161702838E+03 -0.27292719703184E+02 -0.39334427045991E+02 -0.75545630274721E+02  0.00000000000000E+00  0.00000000000000E+00  0.00000000000000E+00  0.00000000000000E+00  0.00000000000000E+00  0.00000000000000E+00  0.00000000000000E+00  0.00000000000000E+00  0.00000000000000E+00  0.00000000000000E+00  0.00000000000000E+00  0.00000000000000E+00  0.00000000000000E+00  0.40542201113575E+05  0.00000000000000E+00  0.00000000000000E+00
