# fitpack15: fit parameters                                                                         
# CJ15 AV18 final data choices                                                                      
# Created on 02/03/2020 at 19:37:37                                                                 

 # QCD setup
  INS                           0
  NVL                          11
  IORD                          1
  Q02                   1.6899999999999999     
  IPARAMC                       7
  FLAVOR                4.0000000000000000     
  xmc                   1.3000000000000000     
  xmb                   4.5000000000000000     
  ncb                          12
  ihq                           1
  ias                           0

 # Theory corrections
  inuke                     10914
  itmc                          1
  iht                           2

 # fit parameters
 LAMBDA       0.22680        0.0000    
 a0uv          1.8471        0.0000    
 a1uv         0.55825       0.25054E-01
 a2uv          3.6002       0.12208E-01
 a3uv          0.0000        0.0000    
 a4uv          5.0927       0.72931    
 a5uv          0.0000        0.0000    
 a0dv          25.389        0.0000    
 a1dv          1.1677       0.34358E-01
 a2dv          6.5272       0.17923    
 a3dv         -3.4851       0.97530E-01
 a4dv          4.6049       0.15124    
 a5dv          0.0000        0.0000    
 a0ud         0.14244       0.50115E-02
 a1ud        -0.21053       0.38198E-02
 a2ud          8.6769       0.20422    
 a3ud          0.0000        0.0000    
 a4ud          16.107        1.3734    
 a5ud          0.0000        0.0000    
 a0du          35712.        0.0000    
 a1du          4.2318       0.12764    
 a2du          20.917        1.2966    
 a3du          17.000        0.0000    
 a4du          59.486        14.547    
 a0g           44.614        0.0000    
 a1g          0.59940       0.28530E-01
 a2g           5.7147       0.79453    
 a3g          -3.3522       0.11870    
 a4g           3.1421       0.24156    
 a5g           0.0000        0.0000    
 kappa        0.40000        0.0000    
 a6dv        -0.26578E-02   0.70239E-03
 a7dv          2.0000        0.0000    
 off1          5.9370        1.6144    
 off2        -0.42303E-02   0.47898E-01
 off3         0.41016       0.55933E-01
 ht1          -4.7695        1.3478    
 ht2           2.3831       0.22643    
 ht3          -2.1265       0.31948E-01
 ht4           2.7849       0.16868    
 dummy41       0.0000        0.0000    
 dummy42       0.0000        0.0000    
 dummy43       0.0000        0.0000    
 dummy44       0.0000        0.0000    
 dummy45       0.0000        0.0000    
 dummy46       0.0000        0.0000    
 dummy47       0.0000        0.0000    
 dummy48       0.0000        0.0000    
 dummy49       0.0000        0.0000    
 bcdmsh2      0.97096       0.49105E-02
 bcdmsd2      0.99325       0.58967E-02
 ccfr          1.0000        0.0000    
 nutev         1.0000        0.0000    
 zeus         0.97998        0.0000    
 h1            1.0162        0.0000    
 e605          1.0319        0.0000    
 NmcH2         1.0073       0.71658E-02
 ntv_nu        1.0000        0.0000    
 ntv_nubar     1.0000        0.0000    
 cdf_jet      0.98910        0.0000    
 d0_jet       0.83504        0.0000    
 slac_p        1.0026       0.49551E-02
 slac_d        1.0017       0.53768E-02
 e866pp       0.99244       0.19961E-01
 e866pd       0.95804       0.16325E-01
 d0_gamjet     1.0392       0.16517E-01
 h1b          0.97608        0.0000    
 jlab_p       0.98564       0.58426E-02
 jlab_d       0.97568       0.60467E-02
 blank         1.0000        0.0000    
 d0run2       0.95172       0.15312E-01
 cdfrun2      0.93605       0.17768E-01
 HERA_el       1.0000        0.0000    
 HERA_ps       1.0000        0.0000    
 CDF_Z        0.95598       0.67622E-02
 NmcRat        1.0000        0.0000    
 BNS_F2nd     0.95971       0.73702E-02
 HERMES_F2p   0.99555       0.56742E-02
 HERMES_F2d   0.97803       0.58819E-02
 END 0. 0.

 # Hessian matrix (Bevington alpha)
   0.48319490276892E+07 -0.11758510580803E+07  0.16439041098512E+06  0.44758406716688E+06 -0.12219260458481E+06 -0.95803186148052E+04  0.61649545855240E+05  0.97268883639277E+06 -0.18507199127962E+06 -0.47550513649152E+05  0.70699139963455E+04  0.11431614150531E+05  0.12528745120293E+04 -0.98350127125583E+02  0.11448602261007E+05 -0.27883148435888E+04  0.16179256720619E+05  0.11709472392768E+05 -0.66842780308653E+07 -0.34019091746800E+03 -0.16333855604422E+05  0.86252085585386E+05 -0.16023487301648E+05 -0.11502711561577E+05 -0.25054533182648E+06 -0.10097247929364E+06 -0.13291858819459E+06 -0.56041546806556E+05 -0.53525719250634E+04 -0.85201905880520E+06 -0.10950584554131E+07 -0.20978961420553E+05 -0.48177024556255E+05 -0.32193202288731E+04 -0.19016588682472E+06 -0.20709192938486E+06 -0.89345200904371E+04 -0.31812997933199E+04 -0.19162084981921E+05  0.18067397143997E+05 -0.75563217275389E+05 -0.59308161844184E+05
  -0.11758510580803E+07  0.35320437067021E+06 -0.40737000753105E+05 -0.11523911485399E+06  0.32086732588378E+05  0.55899464866115E+04 -0.12758307549519E+05 -0.11633761846093E+06  0.25566478925216E+05  0.65358817978446E+04 -0.79507956701493E+03 -0.85898207617467E+03 -0.96962433859284E+02  0.11823620806746E+02  0.59410254444534E+03 -0.13740824884052E+02  0.33864625428215E+03  0.15550829704255E+03  0.21649445309885E+07  0.26243538626637E+03  0.31240305195009E+04 -0.21852491113766E+05  0.71830272759855E+04  0.11253492637178E+05  0.72913437928682E+05  0.40549995401482E+05  0.16880569379064E+05  0.82444839414487E+04 -0.18656949461312E+03  0.20005614529455E+06  0.25018839250069E+06  0.56874924110387E+04  0.13281126678004E+05  0.42083575339177E+03  0.58673575234361E+05  0.63419078161828E+05  0.23417683705328E+04  0.74849360704590E+03 -0.20983407582808E+04 -0.23894715030058E+04  0.86462694765021E+04  0.71843469923211E+04
   0.16439041098512E+06 -0.40737000753105E+05  0.56301252759387E+04  0.14909435364048E+05 -0.41972319935547E+04 -0.56095573638313E+03  0.20206678367861E+04  0.25105793517664E+05 -0.46499816850981E+04 -0.14345451303491E+04  0.18570270413880E+03  0.29292128321315E+03  0.35857905131698E+02 -0.34367686616004E+01 -0.19742425473995E+03 -0.26376616899884E+02 -0.72317258209788E+02  0.52357852037961E+02 -0.23191248569038E+06 -0.13551432647360E+02 -0.52116203018198E+03  0.29312365545650E+04 -0.57752327303810E+03 -0.54395712071739E+03 -0.86349620112406E+04 -0.35312845711400E+04 -0.43198503251090E+04 -0.18205351953691E+04  0.11574806681861E+02 -0.28362850506275E+05 -0.36645070702457E+05 -0.72379970076119E+03 -0.16683488498698E+04 -0.93398336016609E+02 -0.66190704907542E+04 -0.72048281841183E+04 -0.30451799394805E+03 -0.10762683832056E+03 -0.10672286335479E+03  0.59516411384897E+03 -0.20890317390465E+04 -0.16731453181651E+04
   0.44758406716688E+06 -0.11523911485399E+06  0.14909435364048E+05  0.38634138681166E+06 -0.61403742990830E+05  0.81812678619296E+05  0.67712223259525E+05  0.34473000504096E+06 -0.26056587914084E+05 -0.17204776413394E+05  0.29978899354300E+04 -0.11304386694046E+04 -0.11535793188070E+03  0.49651166469317E+02  0.31704435551792E+05 -0.41241511770478E+04  0.33631011243259E+05  0.19385685555984E+05 -0.20715319016474E+07  0.64813697705504E+02 -0.31786015886108E+04  0.24898527159064E+05 -0.12334156553332E+04  0.27845942432761E+04 -0.45706481615284E+05 -0.10910905877985E+05 -0.12682362839223E+05 -0.21038513398472E+05 -0.41213288721898E+02 -0.64876938743030E+05 -0.33524820141672E+06 -0.12226965773649E+04 -0.24595363255165E+04 -0.68357614303779E+02 -0.10856658486775E+05 -0.47119554914327E+05 -0.23602945179664E+04 -0.92672832181112E+03 -0.97026507202678E+04 -0.17459053488591E+05 -0.72451909017101E+04 -0.21465709672183E+05
  -0.12219260458481E+06  0.32086732588378E+05 -0.41972319935547E+04 -0.61403742990830E+05  0.11767594013461E+05 -0.89199852286705E+04 -0.10068707856097E+05 -0.30924193046662E+05  0.16197853791238E+03  0.22035469155672E+04 -0.29521156522830E+03 -0.71411493068512E+01  0.41115662374045E+01 -0.44406590464096E+01 -0.27646548414626E+04  0.37385659820144E+03 -0.28109731175910E+04 -0.16566868819613E+04  0.47757478344490E+06  0.18385112943856E+02  0.20803517646832E+03 -0.50243279667219E+04  0.55191602176936E+03  0.54219327346521E+03  0.10470515934442E+05  0.32761818013913E+04  0.20077188450504E+04  0.34016727034227E+04 -0.59611923686296E+02  0.12072565777938E+05  0.63466398264837E+05  0.31024851537513E+03  0.60065406677430E+03  0.88886091726724E+01  0.28919387407589E+04  0.12409799224976E+05  0.47433018338435E+03  0.17569566868451E+03  0.35290437038644E+03  0.27866051769046E+04  0.83201213115172E+03  0.25536918775328E+04
  -0.95803186148052E+04  0.55899464866115E+04 -0.56095573638313E+03  0.81812678619296E+05 -0.89199852286705E+04  0.26433869617215E+05  0.16342189793618E+05  0.11099083360286E+06 -0.10058185690402E+05 -0.47330530864372E+04  0.94888076771023E+03 -0.54486566924832E+03 -0.50407907832153E+02  0.17238032404021E+02  0.98953221996055E+04 -0.13099243851284E+04  0.10778463242823E+05  0.62830970450219E+04 -0.10927951842126E+06  0.80254002745685E+02 -0.10217543205512E+04  0.29645737445887E+04  0.57365906274811E+03  0.29191451796553E+04 -0.26229361770130E+04  0.13261609747082E+04 -0.29623748808445E+04 -0.45913404954517E+04  0.17125287760059E+03 -0.10093883794737E+05 -0.49806985338251E+05 -0.11921094894939E+02 -0.62445615713331E+02 -0.19190252717556E+02  0.14839795829771E+03  0.42041933164780E+03 -0.28895976623717E+03 -0.14270767557199E+03 -0.31236469013910E+04 -0.40561731360080E+04 -0.19513030269623E+04 -0.56613279147769E+04
   0.61649545855240E+05 -0.12758307549519E+05  0.20206678367861E+04  0.67712223259525E+05 -0.10068707856097E+05  0.16342189793618E+05  0.12739468887443E+05  0.60019316399406E+05 -0.30802005556908E+04 -0.32666763365077E+04  0.54129086996482E+03 -0.18310804730770E+03 -0.20628419661120E+02  0.90105198835266E+01  0.51520948989522E+04 -0.70054611052827E+03  0.54066848713134E+04  0.32087227360680E+04 -0.26925647675350E+06  0.33635032433549E+02 -0.46079315299162E+03  0.38897145902298E+04  0.93559673965889E+02  0.13165454895401E+04 -0.62324950263985E+04 -0.55039278933213E+03 -0.25880543583449E+04 -0.40932922256299E+04  0.14587327145439E+03 -0.10808810607972E+05 -0.56238408507369E+05 -0.16214128632939E+03 -0.31918167870012E+03 -0.13312984739176E+02 -0.11392668573260E+04 -0.50709414197194E+04 -0.37946330544717E+03 -0.15924373171889E+03 -0.13259455538104E+04 -0.36882446818825E+04 -0.12036064943713E+04 -0.35997190848201E+04
   0.97268883639277E+06 -0.11633761846093E+06  0.25105793517664E+05  0.34473000504096E+06 -0.30924193046662E+05  0.11099083360286E+06  0.60019316399406E+05  0.53653614805015E+07 -0.24137523555436E+07 -0.87634550519376E+05  0.25522955373717E+05  0.19820371996976E+05  0.13427361807896E+04  0.81392115221605E+02  0.88263015559726E+05 -0.11740092626832E+05  0.10879520796417E+06  0.59758203780575E+05 -0.49682622447877E+06  0.11028326189453E+04 -0.49062752241923E+05  0.34992921388015E+05  0.57683997105375E+04  0.42461100428157E+05 -0.30946280765662E+05  0.54558113098828E+04 -0.60912567629249E+05 -0.48033224496929E+05 -0.70878306722643E+05 -0.29335727283195E+06 -0.56565509386563E+06 -0.73247608913833E+05 -0.16700517938537E+06 -0.14586003383009E+04 -0.48590281770904E+04 -0.93454082766136E+04  0.73104552675048E+03  0.43841819010335E+03 -0.27201314306469E+06 -0.89808751783549E+04 -0.14663686432241E+06 -0.17779721624165E+06
  -0.18507199127962E+06  0.25566478925216E+05 -0.46499816850981E+04 -0.26056587914084E+05  0.16197853791238E+03 -0.10058185690402E+05 -0.30802005556908E+04 -0.24137523555436E+07  0.19348716187591E+07  0.19380578212668E+05 -0.63758726954552E+04 -0.42348053512009E+04 -0.23570395689205E+03 -0.11052466080478E+02  0.49158051980143E+05 -0.24267848842078E+04  0.19122188009434E+05  0.98013021850949E+04 -0.37716397267049E+05 -0.28973311691585E+03  0.15345385463673E+05 -0.76916925599965E+04 -0.13665257512210E+04 -0.10479153301383E+05  0.50446913665325E+04 -0.12956619047687E+04  0.11243867783644E+05  0.10433549970387E+05  0.25052933032523E+05  0.67613585956209E+05  0.12616560714281E+06  0.22859368254019E+05  0.52202999455652E+05  0.20998728914140E+03  0.58188009779157E+03  0.11287756755744E+04 -0.13777205536167E+04 -0.74073279970586E+03  0.11292423054661E+06  0.16207178885407E+04  0.46159677518205E+05  0.55500566069150E+05
  -0.47550513649152E+05  0.65358817978446E+04 -0.14345451303491E+04 -0.17204776413394E+05  0.22035469155672E+04 -0.47330530864372E+04 -0.32666763365077E+04 -0.87634550519376E+05  0.19380578212668E+05  0.25496828340649E+04 -0.59194759219261E+03 -0.49077502712283E+03 -0.43164838539229E+02 -0.14203363958276E+01 -0.40522585398584E+04  0.52495451211493E+03 -0.44237791686767E+04 -0.25568012749092E+04  0.49195294030352E+05 -0.29666094683792E+02  0.97430776951268E+03 -0.14106745882487E+04 -0.16832931720406E+03 -0.12336082385963E+04  0.18529489740830E+04 -0.99557195551525E+02  0.26358103914184E+04  0.17938302750881E+04  0.73911151335362E+03  0.10699154370533E+05  0.21848150516266E+05  0.14534140743784E+04  0.32693751951254E+04  0.44062523810936E+02  0.45416259360869E+03  0.84725078108042E+03  0.11136120229392E+03  0.50798552130469E+02  0.30774840623147E+04  0.44515600082072E+03  0.28560296595848E+04  0.35436979911601E+04
   0.70699139963455E+04 -0.79507956701493E+03  0.18570270413880E+03  0.29978899354300E+04 -0.29521156522830E+03  0.94888076771023E+03  0.54129086996482E+03  0.25522955373717E+05 -0.63758726954552E+04 -0.59194759219261E+03  0.16070705961070E+03  0.13667129631417E+03  0.99767114038951E+01  0.53258121703319E+00  0.12142378124679E+04 -0.14095396166380E+03  0.12620319604957E+04  0.70001889990309E+03 -0.52451726262141E+04  0.69046189077628E+01 -0.27457468112983E+03  0.23551193390711E+03  0.38234501577003E+02  0.27529985520506E+03 -0.22679631863311E+03  0.36752989927553E+02 -0.43941854220130E+03 -0.32623883887463E+03 -0.33366198645882E+03 -0.19453294078424E+04 -0.37967540064683E+04 -0.40744031841068E+03 -0.92872140744928E+03 -0.10905153823677E+02 -0.36895628109431E+02 -0.71045719663827E+02 -0.98301145561022E+01 -0.48820345364742E+01 -0.11049055864905E+04 -0.64584323266629E+02 -0.81467453025182E+03 -0.99389076468392E+03
   0.11431614150531E+05 -0.85898207617467E+03  0.29292128321315E+03 -0.11304386694046E+04 -0.71411493068512E+01 -0.54486566924832E+03 -0.18310804730770E+03  0.19820371996976E+05 -0.42348053512009E+04 -0.49077502712283E+03  0.13667129631417E+03  0.84215078704814E+03  0.57347846009926E+02 -0.10644933266880E+01  0.97501992800820E+03 -0.14572650154010E+03  0.13518315458710E+04  0.78925094288551E+03 -0.41861855669517E+04 -0.68898567760322E+01  0.27098069575288E+03 -0.11121672923599E+03  0.28225811654802E+02  0.22506773151650E+03 -0.43772657980124E+02  0.24430044543084E+02 -0.81042069358861E+03 -0.23048322531037E-10 -0.46823508828207E+03 -0.36945624517547E+04 -0.57908563613828E-09 -0.15759009282021E+04 -0.45959323261804E+02 -0.55806372335102E+02 -0.95708081507959E-01  0.84249837243343E-10 -0.12225912798443E+01 -0.53008841360370E+00  0.19255827465659E+03  0.22663997396857E+03 -0.19542218525711E+04  0.26347164098549E-10
   0.12528745120293E+04 -0.96962433859284E+02  0.35857905131698E+02 -0.11535793188070E+03  0.41115662374045E+01 -0.50407907832153E+02 -0.20628419661120E+02  0.13427361807896E+04 -0.23570395689205E+03 -0.43164838539229E+02  0.99767114038951E+01  0.57347846009926E+02  0.51786325153424E+01 -0.11823964325071E+00  0.56912625381123E+02 -0.10127519490052E+02  0.86544891575718E+02  0.54251036233652E+02 -0.20216625295510E+03 -0.45520746118609E+00  0.10539498837576E+02 -0.76612529932265E+01  0.33105771270494E+01  0.23609554939342E+02 -0.75275455613261E+01  0.34991957124353E+01 -0.11534242565006E+03 -0.39823689888833E-11 -0.18824583629619E+02 -0.42508641267978E+03 -0.25710516092276E-10 -0.99724202391110E+02 -0.11719292975283E+02 -0.45293165819114E+01 -0.68755053541921E-01  0.80695869904869E-11 -0.12708913707301E+00 -0.50285085003684E-01  0.19446762009031E+02  0.49707565281489E+02 -0.14270828886009E+03  0.66855364916892E-11
  -0.98350127125583E+02  0.11823620806746E+02 -0.34367686616004E+01  0.49651166469317E+02 -0.44406590464096E+01  0.17238032404021E+02  0.90105198835266E+01  0.81392115221605E+02 -0.11052466080478E+02 -0.14203363958276E+01  0.53258121703319E+00 -0.10644933266880E+01 -0.11823964325071E+00  0.37905344985024E-01  0.12235372982641E+02 -0.95599642925399E+00  0.88455581691102E+01  0.42806233548407E+01 -0.70858290392304E+02 -0.62844337815327E-02  0.32534789993887E+01  0.70620910508128E-01 -0.39007935760307E-02  0.13951325303742E-01 -0.27421242444183E-02 -0.15216351110101E-01  0.58056772273726E-01 -0.20355050907791E-12 -0.48141018855978E+01 -0.47896017583137E+00 -0.27728925796312E-11 -0.21982469938325E+01 -0.40015423629323E-05 -0.10699758171586E+00 -0.17860499408113E-13  0.13711060524794E-12 -0.12663928103236E-02 -0.70454109660785E-03 -0.17040710292194E+01  0.83953093551754E-05 -0.22325962067260E+01  0.23453179905044E-12
   0.11448602261007E+05  0.59410254444534E+03 -0.19742425473995E+03  0.31704435551792E+05 -0.27646548414626E+04  0.98953221996055E+04  0.51520948989522E+04  0.88263015559726E+05  0.49158051980143E+05 -0.40522585398584E+04  0.12142378124679E+04  0.97501992800820E+03  0.56912625381123E+02  0.12235372982641E+02  0.50993503145944E+05 -0.49923419460646E+04  0.44615704941116E+05  0.23947674524767E+05 -0.58725351993667E+05  0.61104341809572E+01 -0.42308973764616E+03 -0.11451514122044E+03 -0.94170689716393E+01 -0.12941876916059E+03  0.84411296049312E+03  0.76945765498964E+02 -0.30021552120133E+04 -0.19584359291720E+04 -0.24982626440503E+04  0.18611186742707E+04  0.41461824832724E+04 -0.14832801032333E+04 -0.30855946948887E+04 -0.73915222824342E+03  0.36455703340197E+03  0.61281307814371E+03 -0.30988600700290E+04 -0.16092551857820E+04 -0.20881093000119E+04  0.22218049803966E+03 -0.97519139479259E+03 -0.11048376178507E+04
  -0.27883148435888E+04 -0.13740824884052E+02 -0.26376616899884E+02 -0.41241511770478E+04  0.37385659820144E+03 -0.13099243851284E+04 -0.70054611052827E+03 -0.11740092626832E+05 -0.24267848842078E+04  0.52495451211493E+03 -0.14095396166380E+03 -0.14572650154010E+03 -0.10127519490052E+02 -0.95599642925399E+00 -0.49923419460646E+04  0.57270635631699E+03 -0.50515413739576E+04 -0.28144757333956E+04  0.77173808492549E+04 -0.17371842328374E+01  0.73367604503615E+02  0.85223350745386E+01 -0.77958119720354E+01 -0.28736500618772E+02 -0.17725461984142E+03 -0.35588372917787E+02  0.58348063353697E+03  0.36632862024772E+03  0.29559045289883E+03 -0.11345380653453E+03 -0.41188019196253E+03  0.16395308887600E+03  0.33806152643627E+03  0.85782517866307E+02 -0.97873236420242E+02 -0.16259307804641E+03  0.50795370106978E+03  0.24385120285493E+03 -0.39192137424431E+03 -0.39080658858100E+02  0.28147490807289E+03  0.31828183094081E+03
   0.16179256720619E+05  0.33864625428215E+03 -0.72317258209788E+02  0.33631011243259E+05 -0.28109731175910E+04  0.10778463242823E+05  0.54066848713134E+04  0.10879520796417E+06  0.19122188009434E+05 -0.44237791686767E+04  0.12620319604957E+04  0.13518315458710E+04  0.86544891575718E+02  0.88455581691102E+01  0.44615704941116E+05 -0.50515413739576E+04  0.45493065798162E+05  0.25117087604612E+05 -0.60951643817362E+05  0.64641859355367E+01 -0.60970113748828E+03 -0.17625663245244E+03 -0.69976681332710E+02 -0.30632412086218E+03  0.94729715741052E+03 -0.11103791263399E+03 -0.38434725583028E+04 -0.24351654850913E+04 -0.29926323914991E+04  0.26565766974558E+04  0.61141952804553E+04 -0.14649044102914E+04 -0.30624635309818E+04 -0.77164870312303E+03  0.15646290890627E+03  0.28739858761719E+03 -0.35607972530610E+04 -0.18801183296558E+04  0.24758660759094E+04  0.40067788336704E+03 -0.23790711939569E+04 -0.26567911400714E+04
   0.11709472392768E+05  0.15550829704255E+03  0.52357852037961E+02  0.19385685555984E+05 -0.16566868819613E+04  0.62830970450219E+04  0.32087227360680E+04  0.59758203780575E+05  0.98013021850949E+04 -0.25568012749092E+04  0.70001889990309E+03  0.78925094288551E+03  0.54251036233652E+02  0.42806233548407E+01  0.23947674524767E+05 -0.28144757333956E+04  0.25117087604612E+05  0.14036661513335E+05 -0.35310844349274E+05  0.59949356658374E+01 -0.38228741771913E+03 -0.90063008463221E+02 -0.18027009881198E+02 -0.57538703831665E+02  0.72377050430326E+03 -0.84420010589240E+01 -0.26838776531879E+04 -0.16688177612068E+04 -0.15225313996264E+04  0.11891171085956E+04  0.32484406679792E+04 -0.76434945165127E+03 -0.15947148266563E+04 -0.43357940701146E+03  0.19957713225944E+03  0.34896790960777E+03 -0.23415254840810E+04 -0.11845011849757E+04  0.22737721029224E+04  0.26624289963165E+03 -0.16084519730299E+04 -0.18002167747508E+04
  -0.66842780308653E+07  0.21649445309885E+07 -0.23191248569038E+06 -0.20715319016474E+07  0.47757478344490E+06 -0.10927951842126E+06 -0.26925647675350E+06 -0.49682622447877E+06 -0.37716397267049E+05  0.49195294030352E+05 -0.52451726262141E+04 -0.41861855669517E+04 -0.20216625295510E+03 -0.70858290392304E+02 -0.58725351993667E+05  0.77173808492549E+04 -0.60951643817362E+05 -0.35310844349274E+05  0.30199443489010E+08  0.35440698733075E+04  0.12725779145614E+05 -0.23848853721972E+06  0.58815325719400E+05  0.97890990367146E+05  0.57714121506766E+06  0.32571202722294E+06  0.34936363555284E+05  0.77134018245832E+05 -0.12384333722466E+04  0.54737858229114E+06  0.26639978629976E+07  0.16125550334568E+05  0.32298385229336E+05  0.20911307244887E+03  0.17314422247124E+06  0.73371005020314E+06  0.24117417966546E+05  0.76520787240756E+04 -0.18331731233506E+05  0.49696099584486E+05  0.20679145427585E+05  0.63378271761470E+05
  -0.34019091746800E+03  0.26243538626637E+03 -0.13551432647360E+02  0.64813697705504E+02  0.18385112943856E+02  0.80254002745685E+02  0.33635032433549E+02  0.11028326189453E+04 -0.28973311691585E+03 -0.29666094683792E+02  0.69046189077628E+01 -0.68898567760322E+01 -0.45520746118609E+00 -0.62844337815327E-02  0.61104341809572E+01 -0.17371842328374E+01  0.64641859355367E+01  0.59949356658374E+01  0.35440698733075E+04  0.20826523059384E+01 -0.34486522446694E+02  0.21857726587326E+01  0.15114716708817E+02  0.43248471737340E+02  0.63645787032786E+02  0.68740105402562E+02  0.00000000000000E+00 -0.60159548304929E+02  0.00000000000000E+00  0.00000000000000E+00 -0.14865526930661E+03  0.00000000000000E+00 -0.32321438474865E+02  0.00000000000000E+00  0.00000000000000E+00  0.12868133750653E+03  0.00000000000000E+00  0.00000000000000E+00  0.00000000000000E+00  0.33844135426129E+02  0.00000000000000E+00 -0.93350481308501E+02
  -0.16333855604422E+05  0.31240305195009E+04 -0.52116203018198E+03 -0.31786015886108E+04  0.20803517646832E+03 -0.10217543205512E+04 -0.46079315299162E+03 -0.49062752241923E+05  0.15345385463673E+05  0.97430776951268E+03 -0.27457468112983E+03  0.27098069575288E+03  0.10539498837576E+02  0.32534789993887E+01 -0.42308973764616E+03  0.73367604503615E+02 -0.60970113748828E+03 -0.38228741771913E+03  0.12725779145614E+05 -0.34486522446694E+02  0.26367640121509E+04 -0.10544880727208E+04 -0.44605412533592E+02 -0.56915773649217E+03  0.61418736729011E+03  0.18389856100329E+03  0.00000000000000E+00  0.14952606421741E+04  0.00000000000000E+00  0.00000000000000E+00  0.13443187447131E+05  0.00000000000000E+00  0.22735928997359E+04  0.00000000000000E+00  0.00000000000000E+00  0.29800833031117E+03  0.00000000000000E+00  0.00000000000000E+00  0.00000000000000E+00 -0.55979100092617E+03  0.00000000000000E+00  0.41555500485334E+04
   0.86252085585386E+05 -0.21852491113766E+05  0.29312365545650E+04  0.24898527159064E+05 -0.50243279667219E+04  0.29645737445887E+04  0.38897145902298E+04  0.34992921388015E+05 -0.76916925599965E+04 -0.14106745882487E+04  0.23551193390711E+03 -0.11121672923599E+03 -0.76612529932265E+01  0.70620910508128E-01 -0.11451514122044E+03  0.85223350745386E+01 -0.17625663245244E+03 -0.90063008463221E+02 -0.23848853721972E+06  0.21857726587326E+01 -0.10544880727208E+04  0.43366610479303E+04 -0.35684722352268E+03 -0.28548699325254E+02 -0.65183789706140E+04 -0.24741643510346E+04  0.00000000000000E+00 -0.28643678291309E+04  0.00000000000000E+00  0.00000000000000E+00 -0.51995156377878E+05  0.00000000000000E+00 -0.60707293796911E+03  0.00000000000000E+00  0.00000000000000E+00 -0.84055881472302E+04  0.00000000000000E+00  0.00000000000000E+00  0.00000000000000E+00  0.21188691138456E+04  0.00000000000000E+00 -0.37454562880905E+04
  -0.16023487301648E+05  0.71830272759855E+04 -0.57752327303810E+03 -0.12334156553332E+04  0.55191602176936E+03  0.57365906274811E+03  0.93559673965889E+02  0.57683997105375E+04 -0.13665257512210E+04 -0.16832931720406E+03  0.38234501577003E+02  0.28225811654802E+02  0.33105771270494E+01 -0.39007935760307E-02 -0.94170689716393E+01 -0.77958119720354E+01 -0.69976681332710E+02 -0.18027009881198E+02  0.58815325719400E+05  0.15114716708817E+02 -0.44605412533592E+02 -0.35684722352268E+03  0.29593075102200E+03  0.69764299537658E+03  0.17261211769261E+04  0.14440355823071E+04 -0.59095089959779E+02 -0.35484972190150E+02  0.25233088467135E+01  0.10019961981039E+04  0.16538092880108E+04  0.00000000000000E+00  0.00000000000000E+00  0.00000000000000E+00  0.16406120488935E+04  0.26424242170677E+04  0.00000000000000E+00  0.00000000000000E+00  0.00000000000000E+00 -0.13466167800562E+03 -0.27292659929790E+03 -0.30097309558236E+03
  -0.11502711561577E+05  0.11253492637178E+05 -0.54395712071739E+03  0.27845942432761E+04  0.54219327346521E+03  0.29191451796553E+04  0.13165454895401E+04  0.42461100428157E+05 -0.10479153301383E+05 -0.12336082385963E+04  0.27529985520506E+03  0.22506773151650E+03  0.23609554939342E+02  0.13951325303742E-01 -0.12941876916059E+03 -0.28736500618772E+02 -0.30632412086218E+03 -0.57538703831665E+02  0.97890990367146E+05  0.43248471737340E+02 -0.56915773649217E+03 -0.28548699325254E+02  0.69764299537658E+03  0.24161333227184E+04  0.24960645895628E+04  0.26423511106422E+04 -0.22221338606017E+03 -0.15790322188784E+03 -0.41272469588641E+02 -0.55216463939580E+04 -0.95748693656714E+04  0.00000000000000E+00  0.00000000000000E+00  0.00000000000000E+00  0.33349827577386E+04  0.52730436013330E+04  0.00000000000000E+00  0.00000000000000E+00  0.00000000000000E+00 -0.67193817909243E+03 -0.22769263268738E+04 -0.25126073950234E+04
  -0.25054533182648E+06  0.72913437928682E+05 -0.86349620112406E+04 -0.45706481615284E+05  0.10470515934442E+05 -0.26229361770130E+04 -0.62324950263985E+04 -0.30946280765662E+05  0.50446913665325E+04  0.18529489740830E+04 -0.22679631863311E+03 -0.43772657980124E+02 -0.75275455613261E+01 -0.27421242444183E-02  0.84411296049312E+03 -0.17725461984142E+03  0.94729715741052E+03  0.72377050430326E+03  0.57714121506766E+06  0.63645787032786E+02  0.61418736729011E+03 -0.65183789706140E+04  0.17261211769261E+04  0.24960645895628E+04  0.21203622922530E+05  0.97344855721778E+04  0.25358197420422E+03  0.18815703239066E+03  0.16176957274558E+00  0.39106228964448E+05  0.78019829361086E+05  0.00000000000000E+00  0.00000000000000E+00  0.00000000000000E+00  0.14956102428296E+05  0.24217878379908E+05  0.00000000000000E+00  0.00000000000000E+00  0.00000000000000E+00  0.15637313388136E+04  0.17083040648616E+04  0.20841973700763E+04
  -0.10097247929364E+06  0.40549995401482E+05 -0.35312845711400E+04 -0.10910905877985E+05  0.32761818013913E+04  0.13261609747082E+04 -0.55039278933213E+03  0.54558113098828E+04 -0.12956619047687E+04 -0.99557195551525E+02  0.36752989927553E+02  0.24430044543084E+02  0.34991957124353E+01 -0.15216351110101E-01  0.76945765498964E+02 -0.35588372917787E+02 -0.11103791263399E+03 -0.84420010589240E+01  0.32571202722294E+06  0.68740105402562E+02  0.18389856100329E+03 -0.24741643510346E+04  0.14440355823071E+04  0.26423511106422E+04  0.97344855721778E+04  0.79125993493073E+04 -0.21481235443115E+03 -0.11375288915313E+03  0.12293871551033E+02  0.12129397782690E+05  0.20548623334134E+05  0.00000000000000E+00  0.00000000000000E+00  0.00000000000000E+00  0.78530480578861E+04  0.12896537435808E+05  0.00000000000000E+00  0.00000000000000E+00  0.00000000000000E+00 -0.25604963641569E+03 -0.14075294836345E+03 -0.14158177724226E+03
  -0.13291858819459E+06  0.16880569379064E+05 -0.43198503251090E+04 -0.12682362839223E+05  0.20077188450504E+04 -0.29623748808445E+04 -0.25880543583449E+04 -0.60912567629249E+05  0.11243867783644E+05  0.26358103914184E+04 -0.43941854220130E+03 -0.81042069358861E+03 -0.11534242565006E+03  0.58056772273726E-01 -0.30021552120133E+04  0.58348063353697E+03 -0.38434725583028E+04 -0.26838776531879E+04  0.34936363555284E+05  0.00000000000000E+00  0.00000000000000E+00  0.00000000000000E+00 -0.59095089959779E+02 -0.22221338606017E+03  0.25358197420422E+03 -0.21481235443115E+03  0.11673990691564E+06  0.00000000000000E+00  0.00000000000000E+00  0.00000000000000E+00  0.00000000000000E+00  0.00000000000000E+00  0.00000000000000E+00  0.00000000000000E+00  0.00000000000000E+00  0.00000000000000E+00  0.00000000000000E+00  0.00000000000000E+00  0.00000000000000E+00  0.00000000000000E+00  0.00000000000000E+00  0.00000000000000E+00
  -0.56041546806556E+05  0.82444839414487E+04 -0.18205351953691E+04 -0.21038513398472E+05  0.34016727034227E+04 -0.45913404954517E+04 -0.40932922256299E+04 -0.48033224496929E+05  0.10433549970387E+05  0.17938302750881E+04 -0.32623883887463E+03 -0.23048322531037E-10 -0.39823689888833E-11 -0.20355050907791E-12 -0.19584359291720E+04  0.36632862024772E+03 -0.24351654850913E+04 -0.16688177612068E+04  0.77134018245832E+05 -0.60159548304929E+02  0.14952606421741E+04 -0.28643678291309E+04 -0.35484972190150E+02 -0.15790322188784E+03  0.18815703239066E+03 -0.11375288915313E+03  0.00000000000000E+00  0.64600963157400E+05  0.00000000000000E+00  0.00000000000000E+00  0.00000000000000E+00  0.00000000000000E+00  0.00000000000000E+00  0.00000000000000E+00  0.00000000000000E+00  0.00000000000000E+00  0.00000000000000E+00  0.00000000000000E+00  0.00000000000000E+00  0.00000000000000E+00  0.00000000000000E+00  0.00000000000000E+00
  -0.53525719250634E+04 -0.18656949461312E+03  0.11574806681861E+02 -0.41213288721898E+02 -0.59611923686296E+02  0.17125287760059E+03  0.14587327145439E+03 -0.70878306722643E+05  0.25052933032523E+05  0.73911151335362E+03 -0.33366198645882E+03 -0.46823508828207E+03 -0.18824583629619E+02 -0.48141018855978E+01 -0.24982626440503E+04  0.29559045289883E+03 -0.29926323914991E+04 -0.15225313996264E+04 -0.12384333722466E+04  0.00000000000000E+00  0.00000000000000E+00  0.00000000000000E+00  0.25233088467135E+01 -0.41272469588641E+02  0.16176957274558E+00  0.12293871551033E+02  0.00000000000000E+00  0.00000000000000E+00  0.30764863445567E+05  0.00000000000000E+00  0.00000000000000E+00  0.00000000000000E+00  0.00000000000000E+00  0.00000000000000E+00  0.00000000000000E+00  0.00000000000000E+00  0.00000000000000E+00  0.00000000000000E+00  0.00000000000000E+00  0.00000000000000E+00  0.00000000000000E+00  0.00000000000000E+00
  -0.85201905880520E+06  0.20005614529455E+06 -0.28362850506275E+05 -0.64876938743030E+05  0.12072565777938E+05 -0.10093883794737E+05 -0.10808810607972E+05 -0.29335727283195E+06  0.67613585956209E+05  0.10699154370533E+05 -0.19453294078424E+04 -0.36945624517547E+04 -0.42508641267978E+03 -0.47896017583137E+00  0.18611186742707E+04 -0.11345380653453E+03  0.26565766974558E+04  0.11891171085956E+04  0.54737858229114E+06  0.00000000000000E+00  0.00000000000000E+00  0.00000000000000E+00  0.10019961981039E+04 -0.55216463939580E+04  0.39106228964448E+05  0.12129397782690E+05  0.00000000000000E+00  0.00000000000000E+00  0.00000000000000E+00  0.58000771161723E+06  0.00000000000000E+00  0.00000000000000E+00  0.00000000000000E+00  0.00000000000000E+00  0.00000000000000E+00  0.00000000000000E+00  0.00000000000000E+00  0.00000000000000E+00  0.00000000000000E+00  0.00000000000000E+00  0.00000000000000E+00  0.00000000000000E+00
  -0.10950584554131E+07  0.25018839250069E+06 -0.36645070702457E+05 -0.33524820141672E+06  0.63466398264837E+05 -0.49806985338251E+05 -0.56238408507369E+05 -0.56565509386563E+06  0.12616560714281E+06  0.21848150516266E+05 -0.37967540064683E+04 -0.57908563613828E-09 -0.25710516092276E-10 -0.27728925796312E-11  0.41461824832724E+04 -0.41188019196253E+03  0.61141952804553E+04  0.32484406679792E+04  0.26639978629976E+07 -0.14865526930661E+03  0.13443187447131E+05 -0.51995156377878E+05  0.16538092880108E+04 -0.95748693656714E+04  0.78019829361086E+05  0.20548623334134E+05  0.00000000000000E+00  0.00000000000000E+00  0.00000000000000E+00  0.00000000000000E+00  0.92283819468456E+06  0.00000000000000E+00  0.00000000000000E+00  0.00000000000000E+00  0.00000000000000E+00  0.00000000000000E+00  0.00000000000000E+00  0.00000000000000E+00  0.00000000000000E+00  0.00000000000000E+00  0.00000000000000E+00  0.00000000000000E+00
  -0.20978961420553E+05  0.56874924110387E+04 -0.72379970076119E+03 -0.12226965773649E+04  0.31024851537513E+03 -0.11921094894939E+02 -0.16214128632939E+03 -0.73247608913833E+05  0.22859368254019E+05  0.14534140743784E+04 -0.40744031841068E+03 -0.15759009282021E+04 -0.99724202391110E+02 -0.21982469938325E+01 -0.14832801032333E+04  0.16395308887600E+03 -0.14649044102914E+04 -0.76434945165127E+03  0.16125550334568E+05  0.00000000000000E+00  0.00000000000000E+00  0.00000000000000E+00  0.00000000000000E+00  0.00000000000000E+00  0.00000000000000E+00  0.00000000000000E+00  0.00000000000000E+00  0.00000000000000E+00  0.00000000000000E+00  0.00000000000000E+00  0.00000000000000E+00  0.14005552477963E+05  0.00000000000000E+00  0.00000000000000E+00  0.00000000000000E+00  0.00000000000000E+00  0.00000000000000E+00  0.00000000000000E+00  0.00000000000000E+00  0.00000000000000E+00  0.00000000000000E+00  0.00000000000000E+00
  -0.48177024556255E+05  0.13281126678004E+05 -0.16683488498698E+04 -0.24595363255165E+04  0.60065406677430E+03 -0.62445615713331E+02 -0.31918167870012E+03 -0.16700517938537E+06  0.52202999455652E+05  0.32693751951254E+04 -0.92872140744928E+03 -0.45959323261804E+02 -0.11719292975283E+02 -0.40015423629323E-05 -0.30855946948887E+04  0.33806152643627E+03 -0.30624635309818E+04 -0.15947148266563E+04  0.32298385229336E+05 -0.32321438474865E+02  0.22735928997359E+04 -0.60707293796911E+03  0.00000000000000E+00  0.00000000000000E+00  0.00000000000000E+00  0.00000000000000E+00  0.00000000000000E+00  0.00000000000000E+00  0.00000000000000E+00  0.00000000000000E+00  0.00000000000000E+00  0.00000000000000E+00  0.32176131505732E+05  0.00000000000000E+00  0.00000000000000E+00  0.00000000000000E+00  0.00000000000000E+00  0.00000000000000E+00  0.00000000000000E+00  0.00000000000000E+00  0.00000000000000E+00  0.00000000000000E+00
  -0.32193202288731E+04  0.42083575339177E+03 -0.93398336016609E+02 -0.68357614303779E+02  0.88886091726724E+01 -0.19190252717556E+02 -0.13312984739176E+02 -0.14586003383009E+04  0.20998728914140E+03  0.44062523810936E+02 -0.10905153823677E+02 -0.55806372335102E+02 -0.45293165819114E+01 -0.10699758171586E+00 -0.73915222824342E+03  0.85782517866307E+02 -0.77164870312303E+03 -0.43357940701146E+03  0.20911307244887E+03  0.00000000000000E+00  0.00000000000000E+00  0.00000000000000E+00  0.00000000000000E+00  0.00000000000000E+00  0.00000000000000E+00  0.00000000000000E+00  0.00000000000000E+00  0.00000000000000E+00  0.00000000000000E+00  0.00000000000000E+00  0.00000000000000E+00  0.00000000000000E+00  0.00000000000000E+00  0.37847381183467E+04  0.00000000000000E+00  0.00000000000000E+00  0.00000000000000E+00  0.00000000000000E+00  0.00000000000000E+00  0.00000000000000E+00  0.00000000000000E+00  0.00000000000000E+00
  -0.19016588682472E+06  0.58673575234361E+05 -0.66190704907542E+04 -0.10856658486775E+05  0.28919387407589E+04  0.14839795829771E+03 -0.11392668573260E+04 -0.48590281770904E+04  0.58188009779157E+03  0.45416259360869E+03 -0.36895628109431E+02 -0.95708081507959E-01 -0.68755053541921E-01 -0.17860499408113E-13  0.36455703340197E+03 -0.97873236420242E+02  0.15646290890627E+03  0.19957713225944E+03  0.17314422247124E+06  0.00000000000000E+00  0.00000000000000E+00  0.00000000000000E+00  0.16406120488935E+04  0.33349827577386E+04  0.14956102428296E+05  0.78530480578861E+04  0.00000000000000E+00  0.00000000000000E+00  0.00000000000000E+00  0.00000000000000E+00  0.00000000000000E+00  0.00000000000000E+00  0.00000000000000E+00  0.00000000000000E+00  0.10728970956818E+06  0.00000000000000E+00  0.00000000000000E+00  0.00000000000000E+00  0.00000000000000E+00  0.00000000000000E+00  0.00000000000000E+00  0.00000000000000E+00
  -0.20709192938486E+06  0.63419078161828E+05 -0.72048281841183E+04 -0.47119554914327E+05  0.12409799224976E+05  0.42041933164780E+03 -0.50709414197194E+04 -0.93454082766136E+04  0.11287756755744E+04  0.84725078108042E+03 -0.71045719663827E+02  0.84249837243343E-10  0.80695869904869E-11  0.13711060524794E-12  0.61281307814371E+03 -0.16259307804641E+03  0.28739858761719E+03  0.34896790960777E+03  0.73371005020314E+06  0.12868133750653E+03  0.29800833031117E+03 -0.84055881472302E+04  0.26424242170677E+04  0.52730436013330E+04  0.24217878379908E+05  0.12896537435808E+05  0.00000000000000E+00  0.00000000000000E+00  0.00000000000000E+00  0.00000000000000E+00  0.00000000000000E+00  0.00000000000000E+00  0.00000000000000E+00  0.00000000000000E+00  0.00000000000000E+00  0.13876818403820E+06  0.00000000000000E+00  0.00000000000000E+00  0.00000000000000E+00  0.00000000000000E+00  0.00000000000000E+00  0.00000000000000E+00
  -0.89345200904371E+04  0.23417683705328E+04 -0.30451799394805E+03 -0.23602945179664E+04  0.47433018338435E+03 -0.28895976623717E+03 -0.37946330544717E+03  0.73104552675048E+03 -0.13777205536167E+04  0.11136120229392E+03 -0.98301145561022E+01 -0.12225912798443E+01 -0.12708913707301E+00 -0.12663928103236E-02 -0.30988600700290E+04  0.50795370106978E+03 -0.35607972530610E+04 -0.23415254840810E+04  0.24117417966546E+05  0.00000000000000E+00  0.00000000000000E+00  0.00000000000000E+00  0.00000000000000E+00  0.00000000000000E+00  0.00000000000000E+00  0.00000000000000E+00  0.00000000000000E+00  0.00000000000000E+00  0.00000000000000E+00  0.00000000000000E+00  0.00000000000000E+00  0.00000000000000E+00  0.00000000000000E+00  0.00000000000000E+00  0.00000000000000E+00  0.00000000000000E+00  0.81316386455906E+04  0.00000000000000E+00  0.00000000000000E+00  0.00000000000000E+00  0.00000000000000E+00  0.00000000000000E+00
  -0.31812997933199E+04  0.74849360704590E+03 -0.10762683832056E+03 -0.92672832181112E+03  0.17569566868451E+03 -0.14270767557199E+03 -0.15924373171889E+03  0.43841819010335E+03 -0.74073279970586E+03  0.50798552130469E+02 -0.48820345364742E+01 -0.53008841360370E+00 -0.50285085003684E-01 -0.70454109660785E-03 -0.16092551857820E+04  0.24385120285493E+03 -0.18801183296558E+04 -0.11845011849757E+04  0.76520787240756E+04  0.00000000000000E+00  0.00000000000000E+00  0.00000000000000E+00  0.00000000000000E+00  0.00000000000000E+00  0.00000000000000E+00  0.00000000000000E+00  0.00000000000000E+00  0.00000000000000E+00  0.00000000000000E+00  0.00000000000000E+00  0.00000000000000E+00  0.00000000000000E+00  0.00000000000000E+00  0.00000000000000E+00  0.00000000000000E+00  0.00000000000000E+00  0.00000000000000E+00  0.41862879637341E+04  0.00000000000000E+00  0.00000000000000E+00  0.00000000000000E+00  0.00000000000000E+00
