# fitpack15: fit parameters                                                                         
# CJ15 AV18 final data choices                                                                      
# Created on 05/26/2020 at 11:44:34                                                                 

 # QCD setup
  INS                           0
  NVL                          11
  IORD                          1
  Q02                   1.6899999999999999     
  IPARAMC                       7
  FLAVOR                4.0000000000000000     
  xmc                   1.3000000000000000     
  xmb                   4.5000000000000000     
  ncb                          12
  ihq                           1
  ias                           0

 # Theory corrections
  inuke                     10114
  itmc                          1
  iht                           1

 # fit parameters
 LAMBDA       0.22680        0.0000    
 a0uv          1.9977        0.0000    
 a1uv         0.57292       0.23451E-01
 a2uv          3.5568       0.11867E-01
 a3uv          0.0000        0.0000    
 a4uv          4.4314       0.61870    
 a5uv          0.0000        0.0000    
 a0dv          24.504        0.0000    
 a1dv          1.1535       0.34079E-01
 a2dv          6.6265       0.16667    
 a3dv         -3.5269       0.89727E-01
 a4dv          4.7449       0.14426    
 a5dv          0.0000        0.0000    
 a0ud         0.14228       0.49918E-02
 a1ud        -0.21057       0.38129E-02
 a2ud          8.4608       0.18770    
 a3ud          0.0000        0.0000    
 a4ud          15.555        1.3214    
 a5ud          0.0000        0.0000    
 a0du          35712.        0.0000    
 a1du          4.1060       0.97408E-01
 a2du          20.577        1.0441    
 a3du          17.000        0.0000    
 a4du          54.157        12.887    
 a0g           46.222        0.0000    
 a1g          0.60471       0.29868E-01
 a2g           6.1488       0.83641    
 a3g          -3.3869       0.12354    
 a4g           3.2780       0.29024    
 a5g           0.0000        0.0000    
 kappa        0.40000        0.0000    
 a6dv        -0.43086E-02   0.75168E-03
 a7dv          2.0000        0.0000    
 off1        -0.10878       0.12122    
 off2         0.34426       0.76320    
 off3         -1.1102        1.1427    
 ht1          -3.3655       0.32655    
 ht2           1.9735       0.12620    
 ht3          -2.0672       0.36061E-01
 ht4           0.0000        0.0000    
 ht1n         -3.2795       0.88775    
 ht2n          1.8235       0.30897    
 ht3n         -2.2324       0.89574E-01
 ht4n          0.0000        0.0000    
 dummy45       0.0000        0.0000    
 dummy46       0.0000        0.0000    
 dummy47       0.0000        0.0000    
 dummy48       0.0000        0.0000    
 dummy49       0.0000        0.0000    
 bcdmsh2      0.96905       0.48726E-02
 bcdmsd2      0.99106       0.58894E-02
 ccfr          1.0000        0.0000    
 nutev         1.0000        0.0000    
 zeus         0.97998        0.0000    
 h1            1.0162        0.0000    
 e605          1.0319        0.0000    
 NmcH2         1.0059       0.71322E-02
 ntv_nu        1.0000        0.0000    
 ntv_nubar     1.0000        0.0000    
 cdf_jet      0.98910        0.0000    
 d0_jet       0.83504        0.0000    
 slac_p       0.99945       0.51568E-02
 slac_d        1.0022       0.53739E-02
 e866pp       0.98090       0.19866E-01
 e866pd       0.95972       0.18006E-01
 d0_gamjet     1.0376       0.16517E-01
 h1b          0.97608        0.0000    
 jlab_p       0.98935       0.63286E-02
 jlab_d       0.97670       0.61344E-02
 blank         1.0000        0.0000    
 d0run2       0.95303       0.15012E-01
 cdfrun2      0.93717       0.17672E-01
 HERA_el       1.0000        0.0000    
 HERA_ps       1.0000        0.0000    
 CDF_Z        0.95628       0.67584E-02
 NmcRat        1.0000        0.0000    
 BNS_F2nd     0.98199       0.11784E-01
 HERMES_F2p   0.99382       0.57362E-02
 HERMES_F2d   0.97774       0.58835E-02
 END 0. 0.

 # Hessian matrix (Bevington alpha)
   0.51904496251513E+07 -0.13369635761188E+07  0.19817461294507E+06  0.50434284701770E+06 -0.12649680212031E+06 -0.29958407271019E+05  0.52450163114080E+05  0.96716565859787E+06 -0.18106024250584E+06 -0.49161757172393E+05  0.72488967152489E+04  0.13872273472587E+05  0.15247301091014E+04 -0.10564708724061E+03  0.10166602847380E+05 -0.24760977935986E+04  0.13709200020978E+05  0.97152444729507E+04 -0.77329729877007E+07 -0.67508900285817E+05 -0.29684086340457E+05 -0.14345667222454E+05 -0.15172460593126E+05 -0.61636489512179E+04 -0.19148928250860E+06 -0.45918333843961E+04 -0.34961650697267E+04 -0.42876579094641E+05 -0.13171353878795E+06 -0.55842504522596E+05 -0.51657406269148E+04 -0.87015081344541E+06 -0.11258556221523E+07 -0.20919091163156E+05 -0.47894919685569E+05 -0.31879214466136E+04 -0.20534976318421E+06 -0.23117204464170E+06 -0.90253376227213E+04 -0.31960229330202E+04 -0.17966998266762E+05  0.16916925781521E+05 -0.74113168296486E+05 -0.58447448148747E+05
  -0.13369635761188E+07  0.41951392042506E+06 -0.52187489078844E+05 -0.13867153992122E+06  0.34249880204308E+05  0.10797028262987E+05 -0.11019198217672E+05 -0.12390635005932E+06  0.26412431175496E+05  0.72771058224500E+04 -0.87675064413323E+03 -0.10865111547974E+04 -0.12252506875504E+03  0.12692419206332E+02  0.75917840711259E+03 -0.75977674220420E+02  0.23719501175970E+03  0.15793974262430E+03  0.25944277180904E+07  0.17419769600844E+05  0.86505519565544E+04  0.45546711283283E+04  0.69841044882276E+04  0.74810970696868E+04  0.56176262664930E+05  0.18320522921209E+04  0.21117520488319E+04  0.11717778150998E+05  0.16764966376432E+05  0.83211751636454E+04 -0.19703482361644E+03  0.21155204603796E+06  0.26787827445227E+06  0.57393026339576E+04  0.13332961129422E+05  0.42195076102343E+03  0.64114992667130E+05  0.71954407723836E+05  0.23980724179264E+04  0.76196990238942E+03 -0.21992743677217E+04 -0.22838181139799E+04  0.87074963113057E+04  0.73644083098170E+04
   0.19817461294507E+06 -0.52187489078844E+05  0.76228197525468E+04  0.19137166073756E+05 -0.49024679755047E+04 -0.13782945736594E+04  0.19321525812123E+04  0.27764356525037E+05 -0.50521462874779E+04 -0.16556298634789E+04  0.21164367873299E+03  0.37847494436483E+03  0.47119871461579E+02 -0.40415777528368E+01 -0.26703780046257E+03 -0.15407734451184E+02 -0.12007640844207E+03  0.13397977989025E+02 -0.30338300080970E+06 -0.25609823834287E+04 -0.11440974155568E+04 -0.55747883739898E+03 -0.62692915290666E+03 -0.37990668558090E+03 -0.74369631899481E+04 -0.18768271998145E+03 -0.16687840085550E+03 -0.16575318617906E+04 -0.47239295863075E+04 -0.20086011198809E+04  0.20488414992971E+02 -0.32445999815466E+05 -0.42226935848577E+05 -0.81012506045355E+03 -0.18626572980244E+04 -0.10168725436074E+03 -0.80717452958334E+04 -0.90807606365375E+04 -0.34517719035362E+03 -0.12089222257635E+03 -0.59246447483725E+02  0.61199166987345E+03 -0.22440870372131E+04 -0.18157360774061E+04
   0.50434284701770E+06 -0.13867153992122E+06  0.19137166073756E+05  0.40214208587563E+06 -0.61935408010674E+05  0.73452276244856E+05  0.63413628560581E+05  0.35474036956441E+06 -0.26435352758540E+05 -0.17999960068864E+05  0.31681830992777E+04 -0.13296006798666E+04 -0.14164670639684E+03  0.54923858936809E+02  0.31957055770204E+05 -0.41170141465167E+04  0.31111597424931E+05  0.17607365867625E+05 -0.22533846074904E+07 -0.19310344653131E+05 -0.78552385626008E+04 -0.34400029854190E+04 -0.11682305773835E+04  0.11961552171348E+04 -0.27842114301496E+05 -0.58089916241546E+03  0.58785607729486E+03 -0.13448477259860E+05 -0.12792749767299E+05 -0.21230794525196E+05 -0.77480510628779E+02 -0.66490520718062E+05 -0.34486775469128E+06 -0.13220065768783E+04 -0.24981787101505E+04 -0.69385990303136E+02 -0.11811988519491E+05 -0.53233552272847E+05 -0.24123806071480E+04 -0.94168158641575E+03 -0.10009924874667E+05 -0.15977127535634E+05 -0.72708393122982E+04 -0.21565345151136E+05
  -0.12649680212031E+06  0.34249880204308E+05 -0.49024679755047E+04 -0.61935408010674E+05  0.11237608653014E+05 -0.73528022149449E+04 -0.89794626270327E+04 -0.32369516677452E+05  0.40271148941212E+03  0.23031829716755E+04 -0.31416649649323E+03 -0.12566503503525E+02  0.51246925075446E+01 -0.48590479153470E+01 -0.26764645848798E+04  0.35442524782420E+03 -0.25244111005251E+04 -0.14520093709344E+04  0.47434087694646E+06  0.35176780992761E+04  0.15714820133569E+04  0.72629233918959E+03  0.39724976330872E+03  0.23014285158147E+03  0.59743039068080E+04  0.22060101268604E+03  0.18601293655922E+03  0.27395085054673E+04  0.19766594549664E+04  0.33332416663189E+04 -0.56347890972156E+02  0.11668342449594E+05  0.62127725411463E+05  0.30677681621255E+03  0.55798079251759E+03  0.87411290104486E+01  0.28517150896969E+04  0.12727691656925E+05  0.44875869398245E+03  0.16730843120280E+03  0.39318556746907E+03  0.25100545416203E+04  0.80906565675646E+03  0.25114989561701E+04
  -0.29958407271019E+05  0.10797028262987E+05 -0.13782945736594E+04  0.73452276244856E+05 -0.73528022149449E+04  0.23769875644679E+05  0.14221246774243E+05  0.10634672145649E+06 -0.97267626220112E+04 -0.44317500747018E+04  0.93184242588637E+03 -0.65622044692028E+03 -0.61353854150413E+02  0.18330549260797E+02  0.96352306008330E+04 -0.12710474777300E+04  0.95591983430967E+04  0.54822399146211E+04 -0.40907495770249E+05 -0.19189706336774E+04 -0.41128494975746E+03 -0.47103624672831E+02  0.45674532825629E+03  0.14309389339629E+04 -0.55083207907485E+03  0.27050231146983E+03  0.86759848655117E+03 -0.77932323575327E+03 -0.27086808543126E+04 -0.41406845477102E+04  0.14569653696199E+03 -0.83460495582459E+04 -0.40311152926879E+05  0.15521229522019E+02 -0.66880350436569E+01 -0.18121761696269E+02  0.45212469859997E+03  0.18275325961866E+04 -0.23272164583121E+03 -0.12148551019173E+03 -0.31480717429299E+04 -0.32723019402537E+04 -0.18338541661024E+04 -0.52538576042806E+04
   0.52450163114080E+05 -0.11019198217672E+05  0.19321525812123E+04  0.63413628560581E+05 -0.89794626270327E+04  0.14221246774243E+05  0.11085506516930E+05  0.58602965631987E+05 -0.31236800261898E+04 -0.31584341009109E+04  0.54126065180583E+03 -0.21729849244297E+03 -0.25008173227659E+02  0.96300087490851E+01  0.49827998498848E+04 -0.67240540480298E+03  0.47879875816854E+04  0.27881748235268E+04 -0.23360884157251E+06 -0.25785693731696E+04 -0.93890172440113E+03 -0.35525519864489E+03  0.88404168942341E+02  0.67154887164296E+03 -0.30497856208775E+04  0.47363363427349E+02  0.35339221290600E+03 -0.17328449199950E+04 -0.24286259362516E+04 -0.38085552287745E+04  0.13386298849413E+03 -0.97258234196596E+04 -0.50632174646530E+05 -0.14698627893942E+03 -0.27077437313328E+03 -0.12684650726431E+02 -0.97096639471550E+03 -0.44960827877495E+04 -0.33985885787733E+03 -0.14456051764819E+03 -0.13477069145088E+04 -0.31099777203366E+04 -0.11338271114029E+04 -0.33796395461612E+04
   0.96716565859787E+06 -0.12390635005932E+06  0.27764356525037E+05  0.35474036956441E+06 -0.32369516677452E+05  0.10634672145649E+06  0.58602965631987E+05  0.52927823929206E+07 -0.23843169613574E+07 -0.87420575713794E+05  0.25710163819159E+05  0.24271295785735E+05  0.16243471551094E+04  0.95511867249354E+02  0.88382653898061E+05 -0.11715132954127E+05  0.99873798576926E+05  0.54177576610760E+05 -0.56632642841297E+06 -0.36630642684506E+05 -0.72293201991740E+04 -0.19535497624844E+04  0.50309140048409E+04  0.25435209350428E+05 -0.20771264270156E+05  0.22612812485332E+04  0.10411981408607E+05 -0.90146494398792E+04 -0.62333445396379E+05 -0.49475157656087E+05 -0.69901197834654E+05 -0.29293902798240E+06 -0.56871301930117E+06 -0.73544143109212E+05 -0.16722073945240E+06 -0.14084831670955E+04 -0.56304198159365E+04 -0.11060739295458E+05  0.51616470492632E+03  0.35804391413927E+03 -0.27270713448488E+06 -0.84410130289793E+04 -0.14382900141281E+06 -0.17581562772048E+06
  -0.18106024250584E+06  0.26412431175496E+05 -0.50521462874779E+04 -0.26435352758540E+05  0.40271148941212E+03 -0.97267626220112E+04 -0.31236800261898E+04 -0.23843169613574E+07  0.19215908666079E+07  0.19077410301785E+05 -0.63522159648968E+04 -0.51377300776711E+04 -0.28241288198110E+03 -0.13187273693780E+02  0.49460753953198E+05 -0.24442392210335E+04  0.18032737608624E+05  0.89761842178677E+04 -0.26078353818704E+05  0.90963499942822E+04  0.14209899493913E+04  0.32774436023412E+03 -0.11661618286964E+04 -0.61531605184945E+04  0.32562942858610E+04 -0.57198968061231E+03 -0.26767796735953E+04  0.15141377659976E+04  0.11423792481807E+05  0.10680184337602E+05  0.24592996572847E+05  0.66754267857723E+05  0.12520640876639E+06  0.22828283002843E+05  0.52008734955616E+05  0.19182645404490E+03  0.63247996050714E+03  0.12687715521420E+04 -0.13201891240343E+04 -0.71980625671082E+03  0.11274962500012E+06  0.15133868887377E+04  0.45129077069690E+05  0.54638598036726E+05
  -0.49161757172393E+05  0.72771058224500E+04 -0.16556298634789E+04 -0.17999960068864E+05  0.23031829716755E+04 -0.44317500747018E+04 -0.31584341009109E+04 -0.87420575713794E+05  0.19077410301785E+05  0.25984464839203E+04 -0.60748717871188E+03 -0.60117077388500E+03 -0.52542849215380E+02 -0.17091120309114E+01 -0.40923643724793E+04  0.52821977874493E+03 -0.40473865260785E+04 -0.23063302516128E+04  0.54707579021804E+05  0.12596617461652E+04  0.34618665722100E+03  0.11475324595680E+03 -0.15024520211779E+03 -0.76164999103199E+03  0.13045972655784E+04 -0.57125882067617E+02 -0.27953330647797E+03  0.52124341528223E+03  0.27255128531466E+04  0.18667931795067E+04  0.73485438828195E+03  0.10924570475290E+05  0.22492398117996E+05  0.14872891660815E+04  0.33221036259200E+04  0.43638015245294E+02  0.54067536386777E+03  0.10277129494805E+04  0.12048269806361E+03  0.54291267574545E+02  0.31178515035509E+04  0.42019498178643E+03  0.28260435530423E+04  0.35422931727674E+04
   0.72488967152489E+04 -0.87675064413323E+03  0.21164367873299E+03  0.31681830992777E+04 -0.31416649649323E+03  0.93184242588637E+03  0.54126065180583E+03  0.25710163819159E+05 -0.63522159648968E+04 -0.60748717871188E+03  0.16633727467861E+03  0.17145489469164E+03  0.12395081771251E+02  0.64303668163185E+00  0.12450974269087E+04 -0.14437913086839E+03  0.11835931229689E+04  0.64781336222043E+03 -0.59039259332927E+04 -0.23955547980537E+03 -0.51817634455567E+02 -0.14602424964458E+02  0.34508644894636E+02  0.17044841410287E+03 -0.15770849765273E+03  0.14901313266169E+02  0.67738240173623E+02 -0.67424496706177E+02 -0.46248586689516E+03 -0.34531307630242E+03 -0.33522559896298E+03 -0.19995782627349E+04 -0.39321483523018E+04 -0.41890074596288E+03 -0.95232045119505E+03 -0.10900537406790E+02 -0.44469609615523E+02 -0.87280603150075E+02 -0.11595090801724E+02 -0.56011504877502E+01 -0.11321623139090E+04 -0.62440548281740E+02 -0.81732266746493E+03 -0.10063528946713E+04
   0.13872273472587E+05 -0.10865111547974E+04  0.37847494436483E+03 -0.13296006798666E+04 -0.12566503503525E+02 -0.65622044692028E+03 -0.21729849244297E+03  0.24271295785735E+05 -0.51377300776711E+04 -0.60117077388500E+03  0.17145489469164E+03  0.13188954026292E+04  0.87350347998609E+02 -0.10924039220004E+01  0.12743790547248E+04 -0.18735255248719E+03  0.15605347010863E+04  0.90015550815440E+03 -0.53427153173739E+04  0.23946080994087E+03  0.23209461098647E+02  0.20324711603495E+00  0.54023142368500E+02  0.29800560106273E+03 -0.54761548110525E+02 -0.11488313652535E+02 -0.57976460434393E+02  0.71911265265411E+01 -0.10042993118707E+04 -0.78706544398089E-01 -0.62708571075715E+03 -0.45037374225869E+04 -0.15745851449419E+02 -0.20524984472819E+04 -0.59467340920482E+02 -0.70493443677124E+02 -0.14578219264051E+00  0.58730662103776E-02 -0.15222788151065E+01 -0.65890835406533E+00  0.25399991238990E+03  0.26099846242749E+03 -0.24431987519053E+04 -0.55264532811197E+01
   0.15247301091014E+04 -0.12252506875504E+03  0.47119871461579E+02 -0.14164670639684E+03  0.51246925075446E+01 -0.61353854150413E+02 -0.25008173227659E+02  0.16243471551094E+04 -0.28241288198110E+03 -0.52542849215380E+02  0.12395081771251E+02  0.87350347998609E+02  0.77771123007715E+01 -0.15322477489269E+00  0.72034600687856E+02 -0.12770204605820E+02  0.95193815864496E+02  0.59428955573308E+02 -0.25121317553370E+03  0.12661873454623E+02  0.16800778221564E+01  0.29001373583870E-01  0.68764805262243E+01  0.32881951281783E+02 -0.11487020126156E+02 -0.13498623581884E+01 -0.55753522960848E+01  0.22804798051101E+01 -0.14470411195557E+03 -0.84865655657136E-02 -0.24683256877103E+02 -0.51920787406599E+03 -0.13168496922259E+01 -0.12840071252514E+03 -0.15234394290515E+02 -0.56613264926611E+01 -0.10226269242388E+00  0.34498161112364E-02 -0.15810166537629E+00 -0.62212133571220E-01  0.25248264580726E+02  0.57487455038402E+02 -0.17563341826094E+03 -0.37948046881770E+00
  -0.10564708724061E+03  0.12692419206332E+02 -0.40415777528368E+01  0.54923858936809E+02 -0.48590479153470E+01  0.18330549260797E+02  0.96300087490851E+01  0.95511867249354E+02 -0.13187273693780E+02 -0.17091120309114E+01  0.64303668163185E+00 -0.10924039220004E+01 -0.15322477489269E+00  0.47756847391855E-01  0.14057254594168E+02 -0.11102652442884E+01  0.98556837415000E+01  0.46974585703483E+01 -0.77687104249980E+02  0.14271307207736E+01 -0.32216934138994E-01 -0.18988290846131E-01 -0.23584466323114E-01 -0.64647263432111E-01  0.47831543447890E-01  0.19445518168177E-01  0.63246867274960E-01 -0.40673272560057E-01  0.67433546613859E-01 -0.38987757561516E-04 -0.58001494954105E+01 -0.72325277687594E+00 -0.27281487694842E-02 -0.30183078146498E+01 -0.12755874334414E-04 -0.13262950326749E+00  0.52647640913178E-13  0.25732274984143E-12 -0.15698699658649E-02 -0.86913564639543E-03 -0.16775982466735E+01  0.33457639651943E-04 -0.29722385744645E+01 -0.54925433645418E-02
   0.10166602847380E+05  0.75917840711259E+03 -0.26703780046257E+03  0.31957055770204E+05 -0.26764645848798E+04  0.96352306008330E+04  0.49827998498848E+04  0.88382653898061E+05  0.49460753953198E+05 -0.40923643724793E+04  0.12450974269087E+04  0.12743790547248E+04  0.72034600687856E+02  0.14057254594168E+02  0.51073178678867E+05 -0.49770932336276E+04  0.41182901145675E+05  0.21731492252014E+05 -0.54947983885902E+05  0.47938986052287E+02  0.62131665881925E+02  0.29640219704386E+02 -0.18244687634807E+02 -0.10513481151425E+03  0.56637887777110E+03 -0.13972553913153E+01 -0.23102499778144E+02  0.21676925054667E+03 -0.29333577194721E+04 -0.19063998450395E+04 -0.24991096794067E+04  0.18964496887304E+04  0.42860885175778E+04 -0.15047208053790E+04 -0.30432596028952E+04 -0.73893514479749E+03  0.32990783635390E+03  0.58803078073928E+03 -0.30101299998889E+04 -0.15798343045541E+04 -0.22037069875567E+04  0.19823165837005E+03 -0.96643971939859E+03 -0.10825100581458E+04
  -0.24760977935986E+04 -0.75977674220420E+02 -0.15407734451184E+02 -0.41170141465167E+04  0.35442524782420E+03 -0.12710474777300E+04 -0.67240540480298E+03 -0.11715132954127E+05 -0.24442392210335E+04  0.52821977874493E+03 -0.14437913086839E+03 -0.18735255248719E+03 -0.12770204605820E+02 -0.11102652442884E+01 -0.49770932336276E+04  0.57042476935301E+03 -0.46012233796827E+04 -0.25272518953824E+04  0.68068232721380E+04  0.53571982044326E+01 -0.99247609162240E+01 -0.60508856584359E+01 -0.53566051487685E+01 -0.13084033637753E+02 -0.12645274496189E+03 -0.32829953622463E+01 -0.77870788112695E+01 -0.46199560029491E+02  0.57805946326709E+03  0.36041656965099E+03  0.29579008421370E+03 -0.12942071773154E+03 -0.47824439892161E+03  0.16425510357384E+03  0.33000388557848E+03  0.85870629610334E+02 -0.94632066207639E+02 -0.16666498530359E+03  0.49649943936202E+03  0.24066102280519E+03 -0.38707408529183E+03 -0.36199279648218E+02  0.28111955642019E+03  0.31435971995316E+03
   0.13709200020978E+05  0.23719501175970E+03 -0.12007640844207E+03  0.31111597424931E+05 -0.25244111005251E+04  0.95591983430967E+04  0.47879875816854E+04  0.99873798576926E+05  0.18032737608624E+05 -0.40473865260785E+04  0.11835931229689E+04  0.15605347010863E+04  0.95193815864496E+02  0.98556837415000E+01  0.41182901145675E+05 -0.46012233796827E+04  0.38061262677184E+05  0.20640055548234E+05 -0.53964119839362E+05  0.83856214973896E+01  0.62278233240678E+02  0.26630464487331E+02 -0.66527465336675E+02 -0.21155715868028E+03  0.48747536727333E+03 -0.19638001161050E+02 -0.59851311924191E+02  0.20924580321320E+03 -0.32031408478444E+04 -0.20425206649727E+04 -0.28143692422370E+04  0.23915069624101E+04  0.52812016582673E+04 -0.14006876365405E+04 -0.28460228133455E+04 -0.70081131100124E+03  0.10368485592002E+03  0.20270894129138E+03 -0.30458041209861E+04 -0.16326247967958E+04  0.17649379694953E+04  0.27916556670101E+03 -0.20016835589505E+04 -0.22126113520650E+04
   0.97152444729507E+04  0.15793974262430E+03  0.13397977989025E+02  0.17607365867625E+05 -0.14520093709344E+04  0.54822399146211E+04  0.27881748235268E+04  0.54177576610760E+05  0.89761842178677E+04 -0.23063302516128E+04  0.64781336222043E+03  0.90015550815440E+03  0.59428955573308E+02  0.46974585703483E+01  0.21731492252014E+05 -0.25272518953824E+04  0.20640055548234E+05  0.11341092605908E+05 -0.30175005758732E+05 -0.15356937054992E+02  0.39702501736408E+02  0.19876846463471E+02 -0.22747392803716E+02 -0.62203868809766E+02  0.39331200846047E+03 -0.40009683132268E+01 -0.10322508023555E+02  0.16184486078952E+03 -0.22545933129991E+04 -0.14032343673211E+04 -0.14179939151274E+04  0.10869416431450E+04  0.28762818724861E+04 -0.71720513289577E+03 -0.14566256271560E+04 -0.38896470124066E+03  0.15054229677815E+03  0.27792283954593E+03 -0.19858247955032E+04 -0.10194609912273E+04  0.18026467963771E+04  0.19188896647884E+03 -0.13728285526793E+04 -0.15202859783199E+04
  -0.77329729877007E+07  0.25944277180904E+07 -0.30338300080970E+06 -0.22533846074904E+07  0.47434087694646E+06 -0.40907495770249E+05 -0.23360884157251E+06 -0.56632642841297E+06 -0.26078353818704E+05  0.54707579021804E+05 -0.59039259332927E+04 -0.53427153173739E+04 -0.25121317553370E+03 -0.77687104249980E+02 -0.54947983885902E+05  0.68068232721380E+04 -0.53964119839362E+05 -0.30175005758732E+05  0.32881055147468E+08  0.18128321718071E+06  0.94205252491395E+05  0.50297720743339E+05  0.46372684049880E+05  0.52565226278417E+05  0.35346601505253E+06  0.21319662157003E+05  0.26391497951361E+05  0.13299308465281E+06  0.33575775747541E+05  0.75383208835311E+05 -0.11710800321071E+04  0.56047491214613E+06  0.27724847165898E+07  0.16470115462436E+05  0.31231401801528E+05  0.20444616027457E+03  0.18226872150633E+06  0.80910104026834E+06  0.23558367239238E+05  0.74442267384352E+04 -0.17690188578744E+05  0.44305571232121E+05  0.20342976399896E+05  0.64127810513844E+05
  -0.67508900285817E+05  0.17419769600844E+05 -0.25609823834287E+04 -0.19310344653131E+05  0.35176780992761E+04 -0.19189706336774E+04 -0.25785693731696E+04 -0.36630642684506E+05  0.90963499942822E+04  0.12596617461652E+04 -0.23955547980537E+03  0.23946080994087E+03  0.12661873454623E+02  0.14271307207736E+01  0.47938986052287E+02  0.53571982044326E+01  0.83856214973896E+01 -0.15356937054992E+02  0.18128321718071E+06  0.30113713106930E+04  0.10276532166384E+04  0.45244770439739E+03  0.12205569198974E+03 -0.17922974363134E+03  0.26561103018451E+04  0.87565567157296E+02 -0.74258118842496E+02  0.12534000095119E+04  0.00000000000000E+00  0.26015595910188E+04  0.00000000000000E+00  0.00000000000000E+00  0.41100617159850E+05  0.00000000000000E+00  0.00000000000000E+00  0.00000000000000E+00  0.00000000000000E+00  0.61381192050388E+04  0.00000000000000E+00  0.00000000000000E+00  0.00000000000000E+00 -0.16966209929810E+04  0.00000000000000E+00  0.41814407912466E+04
  -0.29684086340457E+05  0.86505519565544E+04 -0.11440974155568E+04 -0.78552385626008E+04  0.15714820133569E+04 -0.41128494975746E+03 -0.93890172440113E+03 -0.72293201991740E+04  0.14209899493913E+04  0.34618665722100E+03 -0.51817634455567E+02  0.23209461098647E+02  0.16800778221564E+01 -0.32216934138994E-01  0.62131665881925E+02 -0.99247609162240E+01  0.62278233240678E+02  0.39702501736408E+02  0.94205252491395E+05  0.10276532166384E+04  0.44835633798816E+03  0.21837288169789E+03  0.10167464675973E+03  0.43325153671812E+02  0.12225355660321E+04  0.66985622861171E+02  0.48552161475570E+02  0.57086397451962E+03  0.00000000000000E+00  0.67636983941976E+03  0.00000000000000E+00  0.00000000000000E+00  0.15524111849667E+05  0.00000000000000E+00  0.00000000000000E+00  0.00000000000000E+00  0.00000000000000E+00  0.31183331599586E+04  0.00000000000000E+00  0.00000000000000E+00  0.00000000000000E+00 -0.50519732929652E+03  0.00000000000000E+00  0.87424038817825E+03
  -0.14345667222454E+05  0.45546711283283E+04 -0.55747883739898E+03 -0.34400029854190E+04  0.72629233918959E+03 -0.47103624672831E+02 -0.35525519864489E+03 -0.19535497624844E+04  0.32774436023412E+03  0.11475324595680E+03 -0.14602424964458E+02  0.20324711603495E+00  0.29001373583870E-01 -0.18988290846131E-01  0.29640219704386E+02 -0.60508856584359E+01  0.26630464487331E+02  0.19876846463471E+02  0.50297720743339E+05  0.45244770439739E+03  0.21837288169789E+03  0.11311548048857E+03  0.65726856789187E+02  0.55993796150123E+02  0.60308553335578E+03  0.41000377910944E+02  0.43009380452073E+02  0.27629926156726E+03  0.00000000000000E+00  0.19813147802658E+03  0.00000000000000E+00  0.00000000000000E+00  0.67840166649394E+04  0.00000000000000E+00  0.00000000000000E+00  0.00000000000000E+00  0.00000000000000E+00  0.16262277337793E+04  0.00000000000000E+00  0.00000000000000E+00  0.00000000000000E+00 -0.16665747895281E+03  0.00000000000000E+00  0.26113955689520E+03
  -0.15172460593126E+05  0.69841044882276E+04 -0.62692915290666E+03 -0.11682305773835E+04  0.39724976330872E+03  0.45674532825629E+03  0.88404168942341E+02  0.50309140048409E+04 -0.11661618286964E+04 -0.15024520211779E+03  0.34508644894636E+02  0.54023142368500E+02  0.68764805262243E+01 -0.23584466323114E-01 -0.18244687634807E+02 -0.53566051487685E+01 -0.66527465336675E+02 -0.22747392803716E+02  0.46372684049880E+05  0.12205569198974E+03  0.10167464675973E+03  0.65726856789187E+02  0.25940450297418E+03  0.46001309475860E+03  0.10751286575295E+04  0.50551915567179E+02  0.80989491581435E+02  0.17524465052387E+03 -0.50219468065310E+02 -0.17939427755660E+02  0.30679434066025E+01  0.57259878978972E+03  0.47425583702482E+03  0.00000000000000E+00  0.00000000000000E+00  0.00000000000000E+00  0.22463452423246E+04  0.19328773743530E+04  0.00000000000000E+00  0.00000000000000E+00  0.00000000000000E+00  0.29450314197836E+03 -0.36831384554829E+03 -0.21371095212605E+03
  -0.61636489512179E+04  0.74810970696868E+04 -0.37990668558090E+03  0.11961552171348E+04  0.23014285158147E+03  0.14309389339629E+04  0.67154887164296E+03  0.25435209350428E+05 -0.61531605184945E+04 -0.76164999103199E+03  0.17044841410287E+03  0.29800560106273E+03  0.32881951281783E+02 -0.64647263432111E-01 -0.10513481151425E+03 -0.13084033637753E+02 -0.21155715868028E+03 -0.62203868809766E+02  0.52565226278417E+05 -0.17922974363134E+03  0.43325153671812E+02  0.55993796150123E+02  0.46001309475860E+03  0.11734931308728E+04  0.10153160777002E+04  0.85207172258874E+02  0.18881880841695E+03  0.15775519272457E+03 -0.15789708420282E+03 -0.63708707096433E+02 -0.38163495451937E+02 -0.63280838232793E+04 -0.59281155543740E+04  0.00000000000000E+00  0.00000000000000E+00  0.00000000000000E+00  0.31680894015920E+04  0.26262893147588E+04  0.00000000000000E+00  0.00000000000000E+00  0.00000000000000E+00  0.10850941943669E+04 -0.20253520922068E+04 -0.11746800880200E+04
  -0.19148928250860E+06  0.56176262664930E+05 -0.74369631899481E+04 -0.27842114301496E+05  0.59743039068080E+04 -0.55083207907485E+03 -0.30497856208775E+04 -0.20771264270156E+05  0.32562942858610E+04  0.13045972655784E+04 -0.15770849765273E+03 -0.54761548110525E+02 -0.11487020126156E+02  0.47831543447890E-01  0.56637887777110E+03 -0.12645274496189E+03  0.48747536727333E+03  0.39331200846047E+03  0.35346601505253E+06  0.26561103018451E+04  0.12225355660321E+04  0.60308553335578E+03  0.10751286575295E+04  0.10153160777002E+04  0.11340252159933E+05  0.28003317784964E+03  0.33016931777332E+03  0.20581343010402E+04  0.24938130418504E+03  0.81463387458723E+02 -0.61465678386126E+01  0.37852007353920E+05  0.40462285556270E+05  0.00000000000000E+00  0.00000000000000E+00  0.00000000000000E+00  0.16175988327133E+05  0.13914562526768E+05  0.00000000000000E+00  0.00000000000000E+00  0.00000000000000E+00 -0.23143531955063E+04  0.15463748376584E+04  0.10016472441236E+04
  -0.45918333843961E+04  0.18320522921209E+04 -0.18768271998145E+03 -0.58089916241546E+03  0.22060101268604E+03  0.27050231146983E+03  0.47363363427349E+02  0.22612812485332E+04 -0.57198968061231E+03 -0.57125882067617E+02  0.14901313266169E+02 -0.11488313652535E+02 -0.13498623581884E+01  0.19445518168177E-01 -0.13972553913153E+01 -0.32829953622463E+01 -0.19638001161050E+02 -0.40009683132268E+01  0.21319662157003E+05  0.87565567157296E+02  0.66985622861171E+02  0.41000377910944E+02  0.50551915567179E+02  0.85207172258874E+02  0.28003317784964E+03  0.39695342383486E+02  0.82238925172490E+02  0.10766890674425E+03  0.00000000000000E+00 -0.10271588163142E+02  0.00000000000000E+00  0.00000000000000E+00  0.37911638579066E+03  0.00000000000000E+00  0.00000000000000E+00  0.00000000000000E+00  0.00000000000000E+00  0.12136538867366E+04  0.00000000000000E+00  0.00000000000000E+00  0.00000000000000E+00 -0.25553532651719E+03  0.00000000000000E+00 -0.18947637618060E+03
  -0.34961650697267E+04  0.21117520488319E+04 -0.16687840085550E+03  0.58785607729486E+03  0.18601293655922E+03  0.86759848655117E+03  0.35339221290600E+03  0.10411981408607E+05 -0.26767796735953E+04 -0.27953330647797E+03  0.67738240173623E+02 -0.57976460434393E+02 -0.55753522960848E+01  0.63246867274960E-01 -0.23102499778144E+02 -0.77870788112695E+01 -0.59851311924191E+02 -0.10322508023555E+02  0.26391497951361E+05 -0.74258118842496E+02  0.48552161475570E+02  0.43009380452073E+02  0.80989491581435E+02  0.18881880841695E+03  0.33016931777332E+03  0.82238925172490E+02  0.22892028002779E+03  0.77611293056053E+02  0.00000000000000E+00 -0.38261098651139E+02  0.00000000000000E+00  0.00000000000000E+00 -0.33077939797217E+04  0.00000000000000E+00  0.00000000000000E+00  0.00000000000000E+00  0.00000000000000E+00  0.16467686170987E+04  0.00000000000000E+00  0.00000000000000E+00  0.00000000000000E+00 -0.87649205930166E+03  0.00000000000000E+00 -0.96019564017179E+03
  -0.42876579094641E+05  0.11717778150998E+05 -0.16575318617906E+04 -0.13448477259860E+05  0.27395085054673E+04 -0.77932323575327E+03 -0.17328449199950E+04 -0.90146494398792E+04  0.15141377659976E+04  0.52124341528223E+03 -0.67424496706177E+02  0.71911265265411E+01  0.22804798051101E+01 -0.40673272560057E-01  0.21676925054667E+03 -0.46199560029491E+02  0.20924580321320E+03  0.16184486078952E+03  0.13299308465281E+06  0.12534000095119E+04  0.57086397451962E+03  0.27629926156726E+03  0.17524465052387E+03  0.15775519272457E+03  0.20581343010402E+04  0.10766890674425E+03  0.77611293056053E+02  0.13813224132541E+04  0.00000000000000E+00  0.54920077250245E+02  0.00000000000000E+00  0.00000000000000E+00  0.22683768091185E+05  0.00000000000000E+00  0.00000000000000E+00  0.00000000000000E+00  0.00000000000000E+00  0.65353276375908E+04  0.00000000000000E+00  0.00000000000000E+00  0.00000000000000E+00  0.24525469329864E+04  0.00000000000000E+00  0.65690076666838E+03
  -0.13171353878795E+06  0.16764966376432E+05 -0.47239295863075E+04 -0.12792749767299E+05  0.19766594549664E+04 -0.27086808543126E+04 -0.24286259362516E+04 -0.62333445396379E+05  0.11423792481807E+05  0.27255128531466E+04 -0.46248586689516E+03 -0.10042993118707E+04 -0.14470411195557E+03  0.67433546613859E-01 -0.29333577194721E+04  0.57805946326709E+03 -0.32031408478444E+04 -0.22545933129991E+04  0.33575775747541E+05  0.00000000000000E+00  0.00000000000000E+00  0.00000000000000E+00 -0.50219468065310E+02 -0.15789708420282E+03  0.24938130418504E+03  0.00000000000000E+00  0.00000000000000E+00  0.00000000000000E+00  0.11717831456667E+06  0.00000000000000E+00  0.00000000000000E+00  0.00000000000000E+00  0.00000000000000E+00  0.00000000000000E+00  0.00000000000000E+00  0.00000000000000E+00  0.00000000000000E+00  0.00000000000000E+00  0.00000000000000E+00  0.00000000000000E+00  0.00000000000000E+00  0.00000000000000E+00  0.00000000000000E+00  0.00000000000000E+00
  -0.55842504522596E+05  0.83211751636454E+04 -0.20086011198809E+04 -0.21230794525196E+05  0.33332416663189E+04 -0.41406845477102E+04 -0.38085552287745E+04 -0.49475157656087E+05  0.10680184337602E+05  0.18667931795067E+04 -0.34531307630242E+03 -0.78706544398089E-01 -0.84865655657136E-02 -0.38987757561516E-04 -0.19063998450395E+04  0.36041656965099E+03 -0.20425206649727E+04 -0.14032343673211E+04  0.75383208835311E+05  0.26015595910188E+04  0.67636983941976E+03  0.19813147802658E+03 -0.17939427755660E+02 -0.63708707096433E+02  0.81463387458723E+02 -0.10271588163142E+02 -0.38261098651139E+02  0.54920077250245E+02  0.00000000000000E+00  0.64864026409630E+05  0.00000000000000E+00  0.00000000000000E+00  0.00000000000000E+00  0.00000000000000E+00  0.00000000000000E+00  0.00000000000000E+00  0.00000000000000E+00  0.00000000000000E+00  0.00000000000000E+00  0.00000000000000E+00  0.00000000000000E+00  0.00000000000000E+00  0.00000000000000E+00  0.00000000000000E+00
  -0.51657406269148E+04 -0.19703482361644E+03  0.20488414992971E+02 -0.77480510628779E+02 -0.56347890972156E+02  0.14569653696199E+03  0.13386298849413E+03 -0.69901197834654E+05  0.24592996572847E+05  0.73485438828195E+03 -0.33522559896298E+03 -0.62708571075715E+03 -0.24683256877103E+02 -0.58001494954105E+01 -0.24991096794067E+04  0.29579008421370E+03 -0.28143692422370E+04 -0.14179939151274E+04 -0.11710800321071E+04  0.00000000000000E+00  0.00000000000000E+00  0.00000000000000E+00  0.30679434066025E+01 -0.38163495451937E+02 -0.61465678386126E+01  0.00000000000000E+00  0.00000000000000E+00  0.00000000000000E+00  0.00000000000000E+00  0.00000000000000E+00  0.30775459794582E+05  0.00000000000000E+00  0.00000000000000E+00  0.00000000000000E+00  0.00000000000000E+00  0.00000000000000E+00  0.00000000000000E+00  0.00000000000000E+00  0.00000000000000E+00  0.00000000000000E+00  0.00000000000000E+00  0.00000000000000E+00  0.00000000000000E+00  0.00000000000000E+00
  -0.87015081344541E+06  0.21155204603796E+06 -0.32445999815466E+05 -0.66490520718062E+05  0.11668342449594E+05 -0.83460495582459E+04 -0.97258234196596E+04 -0.29293902798240E+06  0.66754267857723E+05  0.10924570475290E+05 -0.19995782627349E+04 -0.45037374225869E+04 -0.51920787406599E+03 -0.72325277687594E+00  0.18964496887304E+04 -0.12942071773154E+03  0.23915069624101E+04  0.10869416431450E+04  0.56047491214613E+06  0.00000000000000E+00  0.00000000000000E+00  0.00000000000000E+00  0.57259878978972E+03 -0.63280838232793E+04  0.37852007353920E+05  0.00000000000000E+00  0.00000000000000E+00  0.00000000000000E+00  0.00000000000000E+00  0.00000000000000E+00  0.00000000000000E+00  0.58366474333459E+06  0.00000000000000E+00  0.00000000000000E+00  0.00000000000000E+00  0.00000000000000E+00  0.00000000000000E+00  0.00000000000000E+00  0.00000000000000E+00  0.00000000000000E+00  0.00000000000000E+00  0.00000000000000E+00  0.00000000000000E+00  0.00000000000000E+00
  -0.11258556221523E+07  0.26787827445227E+06 -0.42226935848577E+05 -0.34486775469128E+06  0.62127725411463E+05 -0.40311152926879E+05 -0.50632174646530E+05 -0.56871301930117E+06  0.12520640876639E+06  0.22492398117996E+05 -0.39321483523018E+04 -0.15745851449419E+02 -0.13168496922259E+01 -0.27281487694842E-02  0.42860885175778E+04 -0.47824439892161E+03  0.52812016582673E+04  0.28762818724861E+04  0.27724847165898E+07  0.41100617159850E+05  0.15524111849667E+05  0.67840166649394E+04  0.47425583702482E+03 -0.59281155543740E+04  0.40462285556270E+05  0.37911638579066E+03 -0.33077939797217E+04  0.22683768091185E+05  0.00000000000000E+00  0.00000000000000E+00  0.00000000000000E+00  0.00000000000000E+00  0.92163357039265E+06  0.00000000000000E+00  0.00000000000000E+00  0.00000000000000E+00  0.00000000000000E+00  0.00000000000000E+00  0.00000000000000E+00  0.00000000000000E+00  0.00000000000000E+00  0.00000000000000E+00  0.00000000000000E+00  0.00000000000000E+00
  -0.20919091163156E+05  0.57393026339576E+04 -0.81012506045355E+03 -0.13220065768783E+04  0.30677681621255E+03  0.15521229522019E+02 -0.14698627893942E+03 -0.73544143109212E+05  0.22828283002843E+05  0.14872891660815E+04 -0.41890074596288E+03 -0.20524984472819E+04 -0.12840071252514E+03 -0.30183078146498E+01 -0.15047208053790E+04  0.16425510357384E+03 -0.14006876365405E+04 -0.71720513289577E+03  0.16470115462436E+05  0.00000000000000E+00  0.00000000000000E+00  0.00000000000000E+00  0.00000000000000E+00  0.00000000000000E+00  0.00000000000000E+00  0.00000000000000E+00  0.00000000000000E+00  0.00000000000000E+00  0.00000000000000E+00  0.00000000000000E+00  0.00000000000000E+00  0.00000000000000E+00  0.00000000000000E+00  0.14269649464334E+05  0.00000000000000E+00  0.00000000000000E+00  0.00000000000000E+00  0.00000000000000E+00  0.00000000000000E+00  0.00000000000000E+00  0.00000000000000E+00  0.00000000000000E+00  0.00000000000000E+00  0.00000000000000E+00
  -0.47894919685569E+05  0.13332961129422E+05 -0.18626572980244E+04 -0.24981787101505E+04  0.55798079251759E+03 -0.66880350436569E+01 -0.27077437313328E+03 -0.16722073945240E+06  0.52008734955616E+05  0.33221036259200E+04 -0.95232045119505E+03 -0.59467340920482E+02 -0.15234394290515E+02 -0.12755874334414E-04 -0.30432596028952E+04  0.33000388557848E+03 -0.28460228133455E+04 -0.14566256271560E+04  0.31231401801528E+05  0.00000000000000E+00  0.00000000000000E+00  0.00000000000000E+00  0.00000000000000E+00  0.00000000000000E+00  0.00000000000000E+00  0.00000000000000E+00  0.00000000000000E+00  0.00000000000000E+00  0.00000000000000E+00  0.00000000000000E+00  0.00000000000000E+00  0.00000000000000E+00  0.00000000000000E+00  0.00000000000000E+00  0.32041877942756E+05  0.00000000000000E+00  0.00000000000000E+00  0.00000000000000E+00  0.00000000000000E+00  0.00000000000000E+00  0.00000000000000E+00  0.00000000000000E+00  0.00000000000000E+00  0.00000000000000E+00
  -0.31879214466136E+04  0.42195076102343E+03 -0.10168725436074E+03 -0.69385990303136E+02  0.87411290104486E+01 -0.18121761696269E+02 -0.12684650726431E+02 -0.14084831670955E+04  0.19182645404490E+03  0.43638015245294E+02 -0.10900537406790E+02 -0.70493443677124E+02 -0.56613264926611E+01 -0.13262950326749E+00 -0.73893514479749E+03  0.85870629610334E+02 -0.70081131100124E+03 -0.38896470124066E+03  0.20444616027457E+03  0.00000000000000E+00  0.00000000000000E+00  0.00000000000000E+00  0.00000000000000E+00  0.00000000000000E+00  0.00000000000000E+00  0.00000000000000E+00  0.00000000000000E+00  0.00000000000000E+00  0.00000000000000E+00  0.00000000000000E+00  0.00000000000000E+00  0.00000000000000E+00  0.00000000000000E+00  0.00000000000000E+00  0.00000000000000E+00  0.37882544286392E+04  0.00000000000000E+00  0.00000000000000E+00  0.00000000000000E+00  0.00000000000000E+00  0.00000000000000E+00  0.00000000000000E+00  0.00000000000000E+00  0.00000000000000E+00
  -0.20534976318421E+06  0.64114992667130E+05 -0.80717452958334E+04 -0.11811988519491E+05  0.28517150896969E+04  0.45212469859997E+03 -0.97096639471550E+03 -0.56304198159365E+04  0.63247996050714E+03  0.54067536386777E+03 -0.44469609615523E+02 -0.14578219264051E+00 -0.10226269242388E+00  0.52647640913178E-13  0.32990783635390E+03 -0.94632066207639E+02  0.10368485592002E+03  0.15054229677815E+03  0.18226872150633E+06  0.00000000000000E+00  0.00000000000000E+00  0.00000000000000E+00  0.22463452423246E+04  0.31680894015920E+04  0.16175988327133E+05  0.00000000000000E+00  0.00000000000000E+00  0.00000000000000E+00  0.00000000000000E+00  0.00000000000000E+00  0.00000000000000E+00  0.00000000000000E+00  0.00000000000000E+00  0.00000000000000E+00  0.00000000000000E+00  0.00000000000000E+00  0.10652811647710E+06  0.00000000000000E+00  0.00000000000000E+00  0.00000000000000E+00  0.00000000000000E+00  0.00000000000000E+00  0.00000000000000E+00  0.00000000000000E+00
