# fitpack15: fit parameters                                                                         
# CJ15 AV18 final data choices                                                                      
# Created on 05/26/2020 at 17:24:35                                                                 

 # QCD setup
  INS                           0
  NVL                          11
  IORD                          1
  Q02                   1.6899999999999999     
  IPARAMC                       7
  FLAVOR                4.0000000000000000     
  xmc                   1.3000000000000000     
  xmb                   4.5000000000000000     
  ncb                          12
  ihq                           1
  ias                           0

 # Theory corrections
  inuke                     10114
  itmc                          1
  iht                           2

 # fit parameters
 LAMBDA       0.22680        0.0000    
 a0uv          1.7484        0.0000    
 a1uv         0.54794       0.26933E-01
 a2uv          3.6302       0.13658E-01
 a3uv          0.0000        0.0000    
 a4uv          5.5799       0.84581    
 a5uv          0.0000        0.0000    
 a0dv          25.389        0.0000    
 a1dv          1.1684       0.36413E-01
 a2dv          6.6049       0.20199    
 a3dv         -3.4755       0.10880    
 a4dv          4.6203       0.16622    
 a5dv          0.0000        0.0000    
 a0ud         0.14139       0.49875E-02
 a1ud        -0.21121       0.38249E-02
 a2ud          8.7249       0.19861    
 a3ud          0.0000        0.0000    
 a4ud          16.486        1.3902    
 a5ud          0.0000        0.0000    
 a0du          35712.        0.0000    
 a1du          4.2594       0.13367    
 a2du          20.301        1.2971    
 a3du          17.000        0.0000    
 a4du          63.381        16.964    
 a0g           44.001        0.0000    
 a1g          0.59663       0.28053E-01
 a2g           5.5490       0.75010    
 a3g          -3.3472       0.11418    
 a4g           3.1083       0.23377    
 a5g           0.0000        0.0000    
 kappa        0.40000        0.0000    
 a6dv        -0.36595E-02   0.75162E-03
 a7dv          2.0000        0.0000    
 off1        -0.11684       0.12680    
 off2        -0.87297E-01   0.87020    
 off3        -0.14244        1.4050    
 ht1          -5.1772        1.4430    
 ht2           2.4024       0.22353    
 ht3          -2.0798       0.38157E-01
 ht4           2.6954       0.16111    
 ht1n         -7.4609        7.0478    
 ht2n          2.6868       0.65844    
 ht3n         -2.2329       0.84402E-01
 ht4n          3.4188       0.65654    
 dummy45       0.0000        0.0000    
 dummy46       0.0000        0.0000    
 dummy47       0.0000        0.0000    
 dummy48       0.0000        0.0000    
 dummy49       0.0000        0.0000    
 bcdmsh2      0.97130       0.49274E-02
 bcdmsd2      0.99260       0.59371E-02
 ccfr          1.0000        0.0000    
 nutev         1.0000        0.0000    
 zeus         0.97998        0.0000    
 h1            1.0162        0.0000    
 e605          1.0319        0.0000    
 NmcH2         1.0072       0.71666E-02
 ntv_nu        1.0000        0.0000    
 ntv_nubar     1.0000        0.0000    
 cdf_jet      0.98910        0.0000    
 d0_jet       0.83504        0.0000    
 slac_p       0.99973       0.52696E-02
 slac_d        1.0035       0.54465E-02
 e866pp       0.99023       0.19934E-01
 e866pd       0.95017       0.17851E-01
 d0_gamjet     1.0387       0.16537E-01
 h1b          0.97608        0.0000    
 jlab_p       0.98574       0.64281E-02
 jlab_d       0.97612       0.61827E-02
 blank         1.0000        0.0000    
 d0run2       0.95120       0.15423E-01
 cdfrun2      0.93580       0.17814E-01
 HERA_el       1.0000        0.0000    
 HERA_ps       1.0000        0.0000    
 CDF_Z        0.95578       0.67537E-02
 NmcRat        1.0000        0.0000    
 BNS_F2nd     0.97508       0.12773E-01
 HERMES_F2p   0.99364       0.57961E-02
 HERMES_F2d   0.97921       0.59293E-02
 END 0. 0.

 # Hessian matrix (Bevington alpha)
   0.49069538455265E+07 -0.11883668174144E+07  0.15352841313074E+06  0.46045982815476E+06 -0.11905128957027E+06 -0.14933373688791E+05  0.57817718325764E+05  0.98061742817524E+06 -0.18380872841367E+06 -0.47533897474118E+05  0.69569102236535E+04  0.12101429435130E+05  0.13620037040033E+04 -0.90712443783614E+02  0.12242168475655E+05 -0.29659229718675E+04  0.18059002952275E+05  0.12715237112025E+05 -0.68017143725537E+07 -0.63904572717736E+05 -0.27107280613603E+05 -0.12685553563551E+05 -0.10739188907315E+05 -0.49317888533853E+04 -0.20739413267430E+06 -0.77535558248894E+05 -0.27925367361638E+04 -0.54989901386248E+04 -0.55379576239602E+05 -0.24558510320113E+05 -0.13393994367305E+06 -0.56743739843147E+05 -0.55185775487694E+04 -0.85937643484823E+06 -0.11068805242955E+07 -0.21137268344236E+05 -0.48818614169399E+05 -0.32438900524917E+04 -0.19009069995731E+06 -0.21051509907346E+06 -0.89615292771435E+04 -0.31949350778455E+04 -0.19747486325641E+05  0.18174279846695E+05 -0.76448099468463E+05 -0.59974813877251E+05
  -0.11883668174144E+07  0.35503271034095E+06 -0.37697444594537E+05 -0.11892048870087E+06  0.30920653463954E+05  0.71207601131893E+04 -0.11647772394453E+05 -0.11619402542143E+06  0.25174547501213E+05  0.64878922229969E+04 -0.77541058114052E+03 -0.90098328096521E+03 -0.10566347266441E+03  0.10880056694968E+02  0.57200137680940E+03 -0.10658672811132E+02  0.34901295543112E+03  0.16482082484158E+03  0.21905369210625E+07  0.15512003982485E+05  0.74966545976368E+04  0.38512521336841E+04  0.51196716779832E+04  0.83174777944698E+04  0.60914658189919E+05  0.32046848468025E+05  0.10872340383177E+04  0.29646138505933E+04  0.15322774422494E+05  0.90318171593321E+04  0.16924186281619E+05  0.83468755489489E+04 -0.17591908460834E+03  0.20046726335542E+06  0.25233410386541E+06  0.56932948311239E+04  0.13360453396887E+05  0.42005740086956E+03  0.58455558075546E+05  0.64269991663158E+05  0.23350541099539E+04  0.74734011467903E+03 -0.20797553203207E+04 -0.23889861863190E+04  0.86711830267654E+04  0.72759482822371E+04
   0.15352841313074E+06 -0.37697444594537E+05  0.48312993803039E+04  0.14019847405225E+05 -0.37414511771831E+04 -0.68997880142124E+03  0.17303843110420E+04  0.23556892426163E+05 -0.42852413502975E+04 -0.13307371735697E+04  0.17021486747161E+03  0.29650091138102E+03  0.36971721493348E+02 -0.29487419337907E+01 -0.15703252304511E+03 -0.30650197897963E+02 -0.30134246854171E+02  0.74896126964454E+02 -0.21552423701505E+06 -0.19823789380656E+04 -0.84975098857177E+03 -0.39964517320787E+03 -0.35225616447448E+03 -0.25194212954696E+03 -0.65452445694579E+04 -0.24676688122123E+04 -0.90392553509851E+02 -0.19387641456441E+03 -0.17468441008324E+04 -0.78176521518969E+03 -0.40378147909604E+04 -0.17079767481175E+04  0.44045065727591E+01 -0.26323744170671E+05 -0.34100230003459E+05 -0.66851297738053E+03 -0.15490942979554E+04 -0.87605896048616E+02 -0.60438765702175E+04 -0.66914009827236E+04 -0.28047078860535E+03 -0.99464622313484E+02 -0.12583303524734E+03  0.55587561291667E+03 -0.19737193077974E+04 -0.15808136495578E+04
   0.46045982815476E+06 -0.11892048870087E+06  0.14019847405225E+05  0.38687455984501E+06 -0.59920517205865E+05  0.77605882318999E+05  0.64928826728174E+05  0.34656060836792E+06 -0.26562310297123E+05 -0.17061929270204E+05  0.29302194034503E+04 -0.11731008103010E+04 -0.11743583827247E+03  0.45248699020066E+02  0.31883789466101E+05 -0.42079497009003E+04  0.35585584427991E+05  0.20228511232977E+05 -0.21037417866059E+07 -0.18329784577216E+05 -0.72442569898990E+04 -0.30712612534275E+04 -0.72408926333824E+03  0.16572253618961E+04 -0.28522967058309E+05 -0.69368144065950E+04 -0.36755821201909E+03  0.55041310217586E+03 -0.16498499098229E+05 -0.42655908882366E+04 -0.12635119987146E+05 -0.21014438255392E+05 -0.36738930344607E+02 -0.65330013250449E+05 -0.33594717934276E+06 -0.12365711609201E+04 -0.24997251061716E+04 -0.68555570121730E+02 -0.10865814356488E+05 -0.47662412235035E+05 -0.23634638158173E+04 -0.92660954584181E+03 -0.96584664161352E+04 -0.16545138218842E+05 -0.72619074014299E+04 -0.21438764808059E+05
  -0.11905128957027E+06  0.30920653463954E+05 -0.37414511771831E+04 -0.59920517205865E+05  0.11034539502414E+05 -0.81959346942875E+04 -0.93786104134752E+04 -0.30657270669804E+05  0.22348760437001E+03  0.21462028700258E+04 -0.28405819161924E+03 -0.25186820157608E+00  0.43099974744412E+01 -0.39915273060716E+01 -0.27466423002409E+04  0.37868335921687E+03 -0.29313624657697E+04 -0.17065036547203E+04  0.45722219815157E+06  0.33664111735259E+04  0.14767541739066E+04  0.66796419052743E+03  0.27872275896484E+03  0.23772547357566E+03  0.63076980145578E+04  0.18608980614140E+04  0.13386338474977E+03  0.27419375100694E+03  0.35022700150654E+04  0.11463571181514E+04  0.19750856408544E+04  0.33474788369219E+04 -0.59318325240032E+02  0.11684161330001E+05  0.61476124320749E+05  0.29857119048199E+03  0.58051011395953E+03  0.87559627323126E+01  0.27257705446554E+04  0.11833005954552E+05  0.45456283954295E+03  0.16928674150527E+03  0.36347272830594E+03  0.26088562423211E+04  0.81630875159182E+03  0.25102738901186E+04
  -0.14933373688791E+05  0.71207601131893E+04 -0.68997880142124E+03  0.77605882318999E+05 -0.81959346942875E+04  0.24859771710406E+05  0.15216091731474E+05  0.10880818665516E+06 -0.10118073755620E+05 -0.45364461991549E+04  0.90276620680823E+03 -0.55730503745584E+03 -0.50747427000185E+02  0.15292979950609E+02  0.96928726941415E+04 -0.12988961780081E+04  0.11150359590284E+05  0.64015559398626E+04 -0.83711677159302E+05 -0.22783453593008E+04 -0.56007897655790E+03 -0.11424079353624E+03  0.32572119797319E+03  0.16744485775608E+04 -0.97311822388129E+03  0.94261131640199E+03  0.13278850014096E+03  0.10605287502649E+04 -0.10557119204683E+04  0.47725997248627E+03 -0.28365782273526E+04 -0.43650060715075E+04  0.16377547771256E+03 -0.94147277240980E+04 -0.45838691819539E+05  0.79121833887030E+00 -0.35930211240300E+02 -0.18573598937273E+02  0.27099110487883E+03  0.95907099687181E+03 -0.26028801395844E+03 -0.13194480055614E+03 -0.30740600611320E+04 -0.36863429132877E+04 -0.18981765051582E+04 -0.54567784174606E+04
   0.57817718325764E+05 -0.11647772394453E+05  0.17303843110420E+04  0.64928826728174E+05 -0.93786104134752E+04  0.15216091731474E+05  0.11839202646228E+05  0.58763829350850E+05 -0.31365024286879E+04 -0.31381427698756E+04  0.51445279488868E+03 -0.19157402285984E+03 -0.20748687192990E+02  0.79955846093176E+01  0.50611953047648E+04 -0.69894761350261E+03  0.56040596270326E+04  0.32792945071485E+04 -0.25030877549957E+06 -0.27094861367751E+04 -0.98007081964014E+03 -0.36693524924194E+03  0.65402125775522E+02  0.79222696326746E+03 -0.34295465783460E+04 -0.22881734266231E+03  0.14213757423622E+02  0.42533857893384E+03 -0.22416803483159E+04 -0.21709701364139E+03 -0.25007818239457E+04 -0.39426827978146E+04  0.14191908802814E+03 -0.10315875794673E+05 -0.53386125123715E+05 -0.15130079190678E+03 -0.29901237024936E+03 -0.12937150039474E+02 -0.10207062433848E+04 -0.46111614596792E+04 -0.35727959501259E+03 -0.15111498366780E+03 -0.13068694948670E+04 -0.33873790776401E+04 -0.11705240183817E+04 -0.34833592485590E+04
   0.98061742817524E+06 -0.11619402542143E+06  0.23556892426163E+05  0.34656060836792E+06 -0.30657270669804E+05  0.10880818665516E+06  0.58763829350850E+05  0.54526109455630E+07 -0.24338082604675E+07 -0.87994824445718E+05  0.25358132192194E+05  0.20351522598841E+05  0.14109741305673E+04  0.70974781658198E+02  0.90175615871692E+05 -0.12052038801388E+05  0.11636165957860E+06  0.62828950991491E+05 -0.49891858741093E+06 -0.36840074633023E+05 -0.70983359302776E+04 -0.18496584980019E+04  0.38836667827987E+04  0.30916880578637E+05 -0.21368596458956E+05  0.41302549896557E+04  0.93979867307363E+03  0.10881250936387E+05 -0.97138179058329E+04  0.12416005272875E+04 -0.60669926025594E+05 -0.48163122451608E+05 -0.71813492331339E+05 -0.29543705048951E+06 -0.56471500503932E+06 -0.73950694259323E+05 -0.16969983574690E+06 -0.14683618421536E+04 -0.48201921716048E+04 -0.94118104313599E+04  0.79920306780706E+03  0.46081429651854E+03 -0.27482715170113E+06 -0.84803325613415E+04 -0.14851037825449E+06 -0.17855622845912E+06
  -0.18380872841367E+06  0.25174547501213E+05 -0.42852413502975E+04 -0.26562310297123E+05  0.22348760437001E+03 -0.10118073755620E+05 -0.31365024286879E+04 -0.24338082604675E+07  0.19331291068319E+07  0.19380443076984E+05 -0.63110735238026E+04 -0.42806858537287E+04 -0.24115918605887E+03 -0.93848485341171E+01  0.48776814642038E+05 -0.24105269054538E+04  0.19554486851821E+05  0.99629563992755E+04 -0.36970474494561E+05  0.91675203547400E+04  0.14181417709792E+04  0.31881077065801E+03 -0.89338267562166E+03 -0.74839405633026E+04  0.34281288138512E+04 -0.91890007757307E+03 -0.22734754501722E+03 -0.26747335159566E+04  0.15946996480622E+04 -0.33122212130029E+03  0.11090112285350E+05  0.10394136827402E+05  0.25236369196933E+05  0.67725108477014E+05  0.12507523806451E+06  0.22938539939905E+05  0.52677494366122E+05  0.21167011586585E+03  0.58603346630562E+03  0.11540397558336E+04 -0.13982883753778E+04 -0.74648581990407E+03  0.11320978210640E+06  0.15191068476760E+04  0.46461991821956E+05  0.55337803525553E+05
  -0.47533897474118E+05  0.64878922229969E+04 -0.13307371735697E+04 -0.17061929270204E+05  0.21462028700258E+04 -0.45364461991549E+04 -0.31381427698756E+04 -0.87994824445718E+05  0.19380443076984E+05  0.25255943225654E+04 -0.57945419634044E+03 -0.50686728194596E+03 -0.45813255902167E+02 -0.12270744039607E+01 -0.40695372476383E+04  0.53343230163769E+03 -0.46837390460077E+04 -0.26652353274992E+04  0.48830513770933E+05  0.12216436291203E+04  0.32334924597687E+03  0.10269747578077E+03 -0.11758815170971E+03 -0.90870201703196E+03  0.12796617642436E+04 -0.94849946544087E+02 -0.24818807905434E+02 -0.30833661608421E+03  0.56714688269909E+03 -0.51976390368380E+01  0.26064332550440E+04  0.17811451320531E+04  0.74096265812419E+03  0.10643776037497E+05  0.21609515060888E+05  0.14488569281869E+04  0.32868264966321E+04  0.43721732268386E+02  0.44227289723061E+03  0.83682962944074E+03  0.10943712706603E+03  0.50126092155885E+02  0.30842546787915E+04  0.41567340116315E+03  0.28584878549904E+04  0.35266129947833E+04
   0.69569102236535E+04 -0.77541058114052E+03  0.17021486747161E+03  0.29302194034503E+04 -0.28405819161924E+03  0.90276620680823E+03  0.51445279488868E+03  0.25358132192194E+05 -0.63110735238026E+04 -0.57945419634044E+03  0.15570700069270E+03  0.13757414392989E+03  0.10282026626321E+02  0.45195917948339E+00  0.12022400041173E+04 -0.14066796283464E+03  0.13121889124523E+04  0.71635714395184E+03 -0.51131452448492E+04 -0.22866967893587E+03 -0.47985448223320E+02 -0.13004150661030E+02  0.25335881676181E+02  0.19667991214923E+03 -0.15275772145132E+03  0.27683805908196E+02  0.60115600289214E+01  0.68762676496657E+02 -0.69059689166009E+02  0.78108658294938E+01 -0.42670752715528E+03 -0.31881374803253E+03 -0.33128739038138E+03 -0.19089147705307E+04 -0.36948494741407E+04 -0.40186013533634E+03 -0.92254264821463E+03 -0.10697107068533E+02 -0.35459051903849E+02 -0.69324813675097E+02 -0.92363727714389E+01 -0.46452234660060E+01 -0.10945609481665E+04 -0.59408442831838E+02 -0.80593117778566E+03 -0.97562883387252E+03
   0.12101429435130E+05 -0.90098328096521E+03  0.29650091138102E+03 -0.11731008103010E+04 -0.25186820157608E+00 -0.55730503745584E+03 -0.19157402285984E+03  0.20351522598841E+05 -0.42806858537287E+04 -0.50686728194596E+03  0.13757414392989E+03  0.87555874883858E+03  0.61417370999333E+02 -0.11404797598946E+01  0.98443426663159E+03 -0.15054382063663E+03  0.14560240905368E+04  0.83868970762320E+03 -0.41801849713504E+04  0.18675146176845E+03  0.18911471541018E+02  0.13614782333483E+00  0.37526772547925E+02  0.32345475888285E+03 -0.59655739899939E+02  0.35322852033213E+02 -0.38046115650478E+01 -0.48596966185833E+02  0.52426922127267E+01 -0.47710345441060E+01 -0.86664625983140E+03 -0.70071133819248E-10 -0.46154364772033E+03 -0.39171692383293E+04 -0.93109849984933E-10 -0.15992266166759E+04 -0.53770698203209E+02 -0.57284705711256E+02 -0.13768655709084E+00 -0.63337655992580E-10 -0.12721050178116E+01 -0.54829873424498E+00  0.20168820172544E+03  0.24820458845128E+03 -0.20021234570540E+04 -0.50472101441250E-10
   0.13620037040033E+04 -0.10566347266441E+03  0.36971721493348E+02 -0.11743583827247E+03  0.43099974744412E+01 -0.50747427000185E+02 -0.20748687192990E+02  0.14109741305673E+04 -0.24115918605887E+03 -0.45813255902167E+02  0.10282026626321E+02  0.61417370999333E+02  0.57247758850283E+01 -0.11451059007898E+00  0.59649106359990E+02 -0.10834152856617E+02  0.96647966501744E+02  0.59651053051111E+02 -0.20877780207128E+03  0.10132093586972E+02  0.13749547332014E+01  0.11548257068277E-01  0.47749848459860E+01  0.35846636870468E+02 -0.12275012480860E+02  0.58333378899375E+01 -0.55601870797619E+00 -0.57423142933100E+01  0.22329145605269E+01 -0.10792584708990E+01 -0.12623531265642E+03 -0.26736552688976E-11 -0.19145544366207E+02 -0.46268657597498E+03  0.20512956722920E-10 -0.10369521004412E+03 -0.13958422420265E+02 -0.47812891748371E+01 -0.98788067832850E-01  0.40207692549671E-11 -0.13638750102812E+00 -0.53600623522028E-01  0.20705411262566E+02  0.54962051130302E+02 -0.14973285667053E+03  0.19524696749665E-11
  -0.90712443783614E+02  0.10880056694968E+02 -0.29487419337907E+01  0.45248699020066E+02 -0.39915273060716E+01  0.15292979950609E+02  0.79955846093176E+01  0.70974781658198E+02 -0.93848485341171E+01 -0.12270744039607E+01  0.45195917948339E+00 -0.11404797598946E+01 -0.11451059007898E+00  0.30363884823242E-01  0.10703221846238E+02 -0.82489082900424E+00  0.78591576642245E+01  0.37414067393058E+01 -0.63967720756798E+02  0.10231742501797E+01 -0.34711728966042E-01 -0.15263343882947E-01 -0.20213364340426E-01 -0.13533088644241E+00  0.53260354557402E-01 -0.16984943403389E-01  0.83253259474109E-02  0.10741153382888E+00 -0.37449762027457E-01  0.18546598672766E-02  0.47171112347881E-01 -0.38921472104372E-12 -0.39978671081077E+01 -0.31197558946593E+00 -0.13999416246174E-12 -0.16375033034979E+01 -0.13293996141628E-05 -0.86599563011884E-01  0.00000000000000E+00  0.87872619128739E-14 -0.10182303284917E-02 -0.56819221575684E-03 -0.15663895037561E+01  0.20093136746487E-05 -0.16683221130103E+01  0.81520693435824E-12
   0.12242168475655E+05  0.57200137680940E+03 -0.15703252304511E+03  0.31883789466101E+05 -0.27466423002409E+04  0.96928726941415E+04  0.50611953047648E+04  0.90175615871692E+05  0.48776814642038E+05 -0.40695372476383E+04  0.12022400041173E+04  0.98443426663159E+03  0.59649106359990E+02  0.10703221846238E+02  0.51276040853120E+05 -0.50676433045240E+04  0.47004559026390E+05  0.24894491427460E+05 -0.58723862624481E+05  0.38530599761776E+02  0.59002118886849E+02  0.28537214929681E+02 -0.62655400541139E+01 -0.93950006650277E+02  0.61998974165036E+03  0.59405219772521E+02  0.15909229568734E+01 -0.21865400183766E+02  0.26108854123157E+03  0.37977281555031E+02 -0.30444627182312E+04 -0.19822778562967E+04 -0.24990933901527E+04  0.18129803396962E+04  0.40992667919116E+04 -0.14939088877005E+04 -0.31252538250779E+04 -0.74197253089270E+03  0.39139097287931E+03  0.67295679632957E+03 -0.31482587760296E+04 -0.16262133939786E+04 -0.20621742924246E+04  0.19694547821257E+03 -0.99042727136456E+03 -0.11102401334355E+04
  -0.29659229718675E+04 -0.10658672811132E+02 -0.30650197897963E+02 -0.42079497009003E+04  0.37868335921687E+03 -0.12988961780081E+04 -0.69894761350261E+03 -0.12052038801388E+05 -0.24105269054538E+04  0.53343230163769E+03 -0.14066796283464E+03 -0.15054382063663E+03 -0.10834152856617E+02 -0.82489082900424E+00 -0.50676433045240E+04  0.58899928871722E+03 -0.53969236718799E+04 -0.29667119131420E+04  0.78489779854220E+04  0.10259872535330E+02 -0.83106963113733E+01 -0.54389770755347E+01 -0.57733803469247E+01 -0.23785223234351E+02 -0.13332621139854E+03 -0.28237948815623E+02 -0.19941842148850E+01 -0.95311432536555E+01 -0.54999496904615E+02 -0.13677790317732E+02  0.60170200450992E+03  0.37720145753187E+03  0.29713686512381E+03 -0.96406783039391E+02 -0.39992437421658E+03  0.16749576111542E+03  0.34716346036904E+03  0.87025691876370E+02 -0.10653262653091E+03 -0.18112863371240E+03  0.52637725268409E+03  0.25075665423538E+03 -0.41267911217914E+03 -0.34596736841266E+02  0.28981846599411E+03  0.32473295954091E+03
   0.18059002952275E+05  0.34901295543112E+03 -0.30134246854171E+02  0.35585584427991E+05 -0.29313624657697E+04  0.11150359590284E+05  0.56040596270326E+04  0.11636165957860E+06  0.19554486851821E+05 -0.46837390460077E+04  0.13121889124523E+04  0.14560240905368E+04  0.96647966501744E+02  0.78591576642245E+01  0.47004559026390E+05 -0.53969236718799E+04  0.50539644999430E+05  0.27536634173475E+05 -0.63922304389235E+05  0.71907289181559E+01  0.80871632217074E+02  0.35679661486403E+02 -0.50292702748073E+02 -0.22554002734288E+03  0.72379526725789E+03 -0.90997884650501E+02 -0.10804083231191E+02 -0.89399296798622E+02  0.33541276282427E+03 -0.17687746246455E+02 -0.41754583199904E+04 -0.26304854430930E+04 -0.31221640299967E+04  0.27532409392777E+04  0.64858081292610E+04 -0.15341748408316E+04 -0.32269889697968E+04 -0.81580645414249E+03  0.18356184590702E+03  0.34392210326432E+03 -0.38363497402822E+04 -0.20142390063038E+04  0.27935013202803E+04  0.39352726775509E+03 -0.25898644996973E+04 -0.28611327393477E+04
   0.12715237112025E+05  0.16482082484158E+03  0.74896126964454E+02  0.20228511232977E+05 -0.17065036547203E+04  0.64015559398626E+04  0.32792945071485E+04  0.62828950991491E+05  0.99629563992755E+04 -0.26652353274992E+04  0.71635714395184E+03  0.83868970762320E+03  0.59651053051111E+02  0.37414067393058E+01  0.24894491427460E+05 -0.29667119131420E+04  0.27536634173475E+05  0.15182679844212E+05 -0.36495081942559E+05 -0.24910008133031E+02  0.48267863877988E+02  0.24772655380597E+02 -0.12294163482659E+02 -0.33642792995271E+02  0.54467056689881E+03 -0.80394023042966E+01 -0.15791012058020E+01 -0.17095939311231E+02  0.24796805742373E+03  0.99594205690406E+01 -0.28564092511456E+04 -0.17682488643573E+04 -0.15629281821874E+04  0.11900050801103E+04  0.33877682250051E+04 -0.79065457619564E+03 -0.16592825124523E+04 -0.45175681761963E+03  0.22422174731794E+03  0.40092141635774E+03 -0.24868297530028E+04 -0.12507672381142E+04  0.24641893564906E+04  0.25417850101908E+03 -0.17090456267766E+04 -0.18934729184343E+04
  -0.68017143725537E+07  0.21905369210625E+07 -0.21552423701505E+06 -0.21037417866059E+07  0.45722219815157E+06 -0.83711677159302E+05 -0.25030877549957E+06 -0.49891858741093E+06 -0.36970474494561E+05  0.48830513770933E+05 -0.51131452448492E+04 -0.41801849713504E+04 -0.20877780207128E+03 -0.63967720756798E+02 -0.58723862624481E+05  0.78489779854220E+04 -0.63922304389235E+05 -0.36495081942559E+05  0.30166226198722E+08  0.16379322249582E+06  0.83524483633026E+05  0.43661868711495E+05  0.33949912789735E+05  0.58832814132791E+05  0.38329425505464E+06  0.20808890094225E+06  0.12893284047273E+05  0.37138661347229E+05  0.17903287614998E+06  0.10529840124579E+06  0.35132193003078E+05  0.78251727352414E+05 -0.12264216151363E+04  0.54723015647440E+06  0.26702571706726E+07  0.16105313322050E+05  0.32435172677573E+05  0.20911546018449E+03  0.17215684243486E+06  0.73748396049775E+06  0.23858914099905E+05  0.75873233100077E+04 -0.18285573868247E+05  0.47210904205855E+05  0.20673209660125E+05  0.64105961366542E+05
  -0.63904572717736E+05  0.15512003982485E+05 -0.19823789380656E+04 -0.18329784577216E+05  0.33664111735259E+04 -0.22783453593008E+04 -0.27094861367751E+04 -0.36840074633023E+05  0.91675203547400E+04  0.12216436291203E+04 -0.22866967893587E+03  0.18675146176845E+03  0.10132093586972E+02  0.10231742501797E+01  0.38530599761776E+02  0.10259872535330E+02  0.71907289181559E+01 -0.24910008133031E+02  0.16379322249582E+06  0.29513599245794E+04  0.97129890862506E+03  0.41388854482904E+03  0.89297723236779E+02 -0.21079781214288E+03  0.28148717809839E+04  0.89368470368902E+03  0.64449112662579E+02 -0.11828215222106E+02  0.16232633957933E+04  0.67779274060359E+03  0.00000000000000E+00  0.25981063235769E+04  0.00000000000000E+00  0.00000000000000E+00  0.40784467917322E+05  0.00000000000000E+00  0.00000000000000E+00  0.00000000000000E+00  0.00000000000000E+00  0.57554645168011E+04  0.00000000000000E+00  0.00000000000000E+00  0.00000000000000E+00 -0.18005526346469E+04  0.00000000000000E+00  0.42284387790474E+04
  -0.27107280613603E+05  0.74966545976368E+04 -0.84975098857177E+03 -0.72442569898990E+04  0.14767541739066E+04 -0.56007897655790E+03 -0.98007081964014E+03 -0.70983359302776E+04  0.14181417709792E+04  0.32334924597687E+03 -0.47985448223320E+02  0.18911471541018E+02  0.13749547332014E+01 -0.34711728966042E-01  0.59002118886849E+02 -0.83106963113733E+01  0.80871632217074E+02  0.48267863877988E+02  0.83524483633026E+05  0.97129890862506E+03  0.41078311591749E+03  0.19476064470018E+03  0.74792123153416E+02  0.48465381067346E+02  0.12911018239479E+04  0.54097247367595E+03  0.42971935017524E+02  0.83964940011808E+02  0.75230160090546E+03  0.38438911473573E+03  0.00000000000000E+00  0.67486623155810E+03  0.00000000000000E+00  0.00000000000000E+00  0.15121969474253E+05  0.00000000000000E+00  0.00000000000000E+00  0.00000000000000E+00  0.00000000000000E+00  0.28858998837923E+04  0.00000000000000E+00  0.00000000000000E+00  0.00000000000000E+00 -0.51558816759702E+03  0.00000000000000E+00  0.87753509254453E+03
  -0.12685553563551E+05  0.38512521336841E+04 -0.39964517320787E+03 -0.30712612534275E+04  0.66796419052743E+03 -0.11424079353624E+03 -0.36693524924194E+03 -0.18496584980019E+04  0.31881077065801E+03  0.10269747578077E+03 -0.13004150661030E+02  0.13614782333483E+00  0.11548257068277E-01 -0.15263343882947E-01  0.28537214929681E+02 -0.54389770755347E+01  0.35679661486403E+02  0.24772655380597E+02  0.43661868711495E+05  0.41388854482904E+03  0.19476064470018E+03  0.98676253643824E+02  0.48336309198767E+02  0.62818286721124E+02  0.63667261115925E+03  0.32130424258684E+03  0.25531447985089E+02  0.64156684575349E+02  0.36760340975985E+03  0.21866963081684E+03  0.00000000000000E+00  0.19747438191268E+03  0.00000000000000E+00  0.00000000000000E+00  0.64836119312829E+04  0.00000000000000E+00  0.00000000000000E+00  0.00000000000000E+00  0.00000000000000E+00  0.14844085742963E+04  0.00000000000000E+00  0.00000000000000E+00  0.00000000000000E+00 -0.16672925581682E+03  0.00000000000000E+00  0.25896104636442E+03
  -0.10739188907315E+05  0.51196716779832E+04 -0.35225616447448E+03 -0.72408926333824E+03  0.27872275896484E+03  0.32572119797319E+03  0.65402125775522E+02  0.38836667827987E+04 -0.89338267562166E+03 -0.11758815170971E+03  0.25335881676181E+02  0.37526772547925E+02  0.47749848459860E+01 -0.20213364340426E-01 -0.62655400541139E+01 -0.57733803469247E+01 -0.50292702748073E+02 -0.12294163482659E+02  0.33949912789735E+05  0.89297723236779E+02  0.74792123153416E+02  0.48336309198767E+02  0.15899170866295E+03  0.40946942857777E+03  0.10086027278373E+04  0.84839000469966E+03  0.22914457091456E+02  0.79866737304777E+02  0.19336166030356E+03  0.17660878413176E+03 -0.65084186343156E+02 -0.19426099597849E+02  0.29934368331802E+01  0.89759896267383E+03  0.66106304743910E+03  0.00000000000000E+00  0.00000000000000E+00  0.00000000000000E+00  0.16327267012285E+04  0.13147152947622E+04  0.00000000000000E+00  0.00000000000000E+00  0.00000000000000E+00  0.19704816955580E+03 -0.28375311997396E+03 -0.15611850638149E+03
  -0.49317888533853E+04  0.83174777944698E+04 -0.25194212954696E+03  0.16572253618961E+04  0.23772547357566E+03  0.16744485775608E+04  0.79222696326746E+03  0.30916880578637E+05 -0.74839405633026E+04 -0.90870201703196E+03  0.19667991214923E+03  0.32345475888285E+03  0.35846636870468E+02 -0.13533088644241E+00 -0.93950006650277E+02 -0.23785223234351E+02 -0.22554002734288E+03 -0.33642792995271E+02  0.58832814132791E+05 -0.21079781214288E+03  0.48465381067346E+02  0.62818286721124E+02  0.40946942857777E+03  0.15918482259703E+04  0.14870390557240E+04  0.16472264426080E+04  0.54405116754001E+02  0.26218964973592E+03  0.30405346464622E+03  0.34720693049496E+03 -0.26315853491860E+03 -0.91628326008713E+02 -0.37356367491793E+02 -0.67726409015423E+04 -0.60346247597210E+04  0.00000000000000E+00  0.00000000000000E+00  0.00000000000000E+00  0.35657667928293E+04  0.28074294736972E+04  0.00000000000000E+00  0.00000000000000E+00  0.00000000000000E+00  0.11229299380875E+04 -0.25078755180759E+04 -0.13784756657634E+04
  -0.20739413267430E+06  0.60914658189919E+05 -0.65452445694579E+04 -0.28522967058309E+05  0.63076980145578E+04 -0.97311822388129E+03 -0.34295465783460E+04 -0.21368596458956E+05  0.34281288138512E+04  0.12796617642436E+04 -0.15275772145132E+03 -0.59655739899939E+02 -0.12275012480860E+02  0.53260354557402E-01  0.61998974165036E+03 -0.13332621139854E+03  0.72379526725789E+03  0.54467056689881E+03  0.38329425505464E+06  0.28148717809839E+04  0.12911018239479E+04  0.63667261115925E+03  0.10086027278373E+04  0.14870390557240E+04  0.14073614810411E+05  0.63415532415450E+04  0.19225536561102E+03  0.53552360286238E+03  0.28947868836389E+04  0.15570728843447E+04  0.26769364504201E+03  0.10246617434760E+03  0.10020824850714E+01  0.45626419236041E+05  0.44853902021240E+05  0.00000000000000E+00  0.00000000000000E+00  0.00000000000000E+00  0.17615869460927E+05  0.14224381701924E+05  0.00000000000000E+00  0.00000000000000E+00  0.00000000000000E+00 -0.22903898229007E+04  0.19245270112215E+04  0.11724038408301E+04
  -0.77535558248894E+05  0.32046848468025E+05 -0.24676688122123E+04 -0.69368144065950E+04  0.18608980614140E+04  0.94261131640199E+03 -0.22881734266231E+03  0.41302549896557E+04 -0.91890007757307E+03 -0.94849946544087E+02  0.27683805908196E+02  0.35322852033213E+02  0.58333378899375E+01 -0.16984943403389E-01  0.59405219772521E+02 -0.28237948815623E+02 -0.90997884650501E+02 -0.80394023042966E+01  0.20808890094225E+06  0.89368470368902E+03  0.54097247367595E+03  0.32130424258684E+03  0.84839000469966E+03  0.16472264426080E+04  0.63415532415450E+04  0.51510653421913E+04  0.12450942670907E+03  0.36054942511855E+03  0.11805626272718E+04  0.10434248338422E+04 -0.25594509572225E+03 -0.68468052749499E+02  0.13014649582400E+02  0.13359962240816E+05  0.10932891807542E+05  0.00000000000000E+00  0.00000000000000E+00  0.00000000000000E+00  0.85429783907031E+04  0.70351510642791E+04  0.00000000000000E+00  0.00000000000000E+00  0.00000000000000E+00  0.36425767519859E+03 -0.18566649965539E+03 -0.95251435351684E+02
  -0.27925367361638E+04  0.10872340383177E+04 -0.90392553509851E+02 -0.36755821201909E+03  0.13386338474977E+03  0.13278850014096E+03  0.14213757423622E+02  0.93979867307363E+03 -0.22734754501722E+03 -0.24818807905434E+02  0.60115600289214E+01 -0.38046115650478E+01 -0.55601870797619E+00  0.83253259474109E-02  0.15909229568734E+01 -0.19941842148850E+01 -0.10804083231191E+02 -0.15791012058020E+01  0.12893284047273E+05  0.64449112662579E+02  0.42971935017524E+02  0.25531447985089E+02  0.22914457091456E+02  0.54405116754001E+02  0.19225536561102E+03  0.12450942670907E+03  0.13343584867517E+02  0.56289868335036E+02  0.10317520858201E+03  0.91307830499336E+02  0.00000000000000E+00 -0.71914153104296E+01  0.00000000000000E+00  0.00000000000000E+00  0.58480446127446E+03  0.00000000000000E+00  0.00000000000000E+00  0.00000000000000E+00  0.00000000000000E+00  0.70953990710737E+03  0.00000000000000E+00  0.00000000000000E+00  0.00000000000000E+00 -0.12496833495593E+03  0.00000000000000E+00 -0.66951103534178E+02
  -0.54989901386248E+04  0.29646138505933E+04 -0.19387641456441E+03  0.55041310217586E+03  0.27419375100694E+03  0.10605287502649E+04  0.42533857893384E+03  0.10881250936387E+05 -0.26747335159566E+04 -0.30833661608421E+03  0.68762676496657E+02 -0.48596966185833E+02 -0.57423142933100E+01  0.10741153382888E+00 -0.21865400183766E+02 -0.95311432536555E+01 -0.89399296798622E+02 -0.17095939311231E+02  0.37138661347229E+05 -0.11828215222106E+02  0.83964940011808E+02  0.64156684575349E+02  0.79866737304777E+02  0.26218964973592E+03  0.53552360286238E+03  0.36054942511855E+03  0.56289868335036E+02  0.32857697564541E+03  0.23431620151127E+03  0.30051181311719E+03  0.00000000000000E+00 -0.54858485261996E+02  0.00000000000000E+00  0.00000000000000E+00 -0.25944611170322E+04  0.00000000000000E+00  0.00000000000000E+00  0.00000000000000E+00  0.00000000000000E+00  0.22898702450837E+04  0.00000000000000E+00  0.00000000000000E+00  0.00000000000000E+00 -0.10845742151758E+04  0.00000000000000E+00 -0.91886586001768E+03
  -0.55379576239602E+05  0.15322774422494E+05 -0.17468441008324E+04 -0.16498499098229E+05  0.35022700150654E+04 -0.10557119204683E+04 -0.22416803483159E+04 -0.97138179058329E+04  0.15946996480622E+04  0.56714688269909E+03 -0.69059689166009E+02  0.52426922127267E+01  0.22329145605269E+01 -0.37449762027457E-01  0.26108854123157E+03 -0.54999496904615E+02  0.33541276282427E+03  0.24796805742373E+03  0.17903287614998E+06  0.16232633957933E+04  0.75230160090546E+03  0.36760340975985E+03  0.19336166030356E+03  0.30405346464622E+03  0.28947868836389E+04  0.11805626272718E+04  0.10317520858201E+03  0.23431620151127E+03  0.22645125388407E+04  0.87514108323134E+03  0.00000000000000E+00  0.89240265305374E+02  0.00000000000000E+00  0.00000000000000E+00  0.29684246018943E+05  0.00000000000000E+00  0.00000000000000E+00  0.00000000000000E+00  0.00000000000000E+00  0.86434333843532E+04  0.00000000000000E+00  0.00000000000000E+00  0.00000000000000E+00  0.29313112149972E+04  0.00000000000000E+00  0.84524314556801E+03
  -0.24558510320113E+05  0.90318171593321E+04 -0.78176521518969E+03 -0.42655908882366E+04  0.11463571181514E+04  0.47725997248627E+03 -0.21709701364139E+03  0.12416005272875E+04 -0.33122212130029E+03 -0.51976390368380E+01  0.78108658294938E+01 -0.47710345441060E+01 -0.10792584708990E+01  0.18546598672766E-02  0.37977281555031E+02 -0.13677790317732E+02 -0.17687746246455E+02  0.99594205690406E+01  0.10529840124579E+06  0.67779274060359E+03  0.38438911473573E+03  0.21866963081684E+03  0.17660878413176E+03  0.34720693049496E+03  0.15570728843447E+04  0.10434248338422E+04  0.91307830499336E+02  0.30051181311719E+03  0.87514108323134E+03  0.71262474498536E+03  0.00000000000000E+00 -0.33284826073866E+02  0.00000000000000E+00  0.00000000000000E+00  0.83919693124828E+04  0.00000000000000E+00  0.00000000000000E+00  0.00000000000000E+00  0.00000000000000E+00  0.52864004640651E+04  0.00000000000000E+00  0.00000000000000E+00  0.00000000000000E+00 -0.29635884689864E+03  0.00000000000000E+00 -0.22214482076587E+02
  -0.13393994367305E+06  0.16924186281619E+05 -0.40378147909604E+04 -0.12635119987146E+05  0.19750856408544E+04 -0.28365782273526E+04 -0.25007818239457E+04 -0.60669926025594E+05  0.11090112285350E+05  0.26064332550440E+04 -0.42670752715528E+03 -0.86664625983140E+03 -0.12623531265642E+03  0.47171112347881E-01 -0.30444627182312E+04  0.60170200450992E+03 -0.41754583199904E+04 -0.28564092511456E+04  0.35132193003078E+05  0.00000000000000E+00  0.00000000000000E+00  0.00000000000000E+00 -0.65084186343156E+02 -0.26315853491860E+03  0.26769364504201E+03 -0.25594509572225E+03  0.00000000000000E+00  0.00000000000000E+00  0.00000000000000E+00  0.00000000000000E+00  0.11666222045524E+06  0.00000000000000E+00  0.00000000000000E+00  0.00000000000000E+00  0.00000000000000E+00  0.00000000000000E+00  0.00000000000000E+00  0.00000000000000E+00  0.00000000000000E+00  0.00000000000000E+00  0.00000000000000E+00  0.00000000000000E+00  0.00000000000000E+00  0.00000000000000E+00  0.00000000000000E+00  0.00000000000000E+00
  -0.56743739843147E+05  0.83468755489489E+04 -0.17079767481175E+04 -0.21014438255392E+05  0.33474788369219E+04 -0.43650060715075E+04 -0.39426827978146E+04 -0.48163122451608E+05  0.10394136827402E+05  0.17811451320531E+04 -0.31881374803253E+03 -0.70071133819248E-10 -0.26736552688976E-11 -0.38921472104372E-12 -0.19822778562967E+04  0.37720145753187E+03 -0.26304854430930E+04 -0.17682488643573E+04  0.78251727352414E+05  0.25981063235769E+04  0.67486623155810E+03  0.19747438191268E+03 -0.19426099597849E+02 -0.91628326008713E+02  0.10246617434760E+03 -0.68468052749499E+02 -0.71914153104296E+01 -0.54858485261996E+02  0.89240265305374E+02 -0.33284826073866E+02  0.00000000000000E+00  0.64679802100303E+05  0.00000000000000E+00  0.00000000000000E+00  0.00000000000000E+00  0.00000000000000E+00  0.00000000000000E+00  0.00000000000000E+00  0.00000000000000E+00  0.00000000000000E+00  0.00000000000000E+00  0.00000000000000E+00  0.00000000000000E+00  0.00000000000000E+00  0.00000000000000E+00  0.00000000000000E+00
  -0.55185775487694E+04 -0.17591908460834E+03  0.44045065727591E+01 -0.36738930344607E+02 -0.59318325240032E+02  0.16377547771256E+03  0.14191908802814E+03 -0.71813492331339E+05  0.25236369196933E+05  0.74096265812419E+03 -0.33128739038138E+03 -0.46154364772033E+03 -0.19145544366207E+02 -0.39978671081077E+01 -0.24990933901527E+04  0.29713686512381E+03 -0.31221640299967E+04 -0.15629281821874E+04 -0.12264216151363E+04  0.00000000000000E+00  0.00000000000000E+00  0.00000000000000E+00  0.29934368331802E+01 -0.37356367491793E+02  0.10020824850714E+01  0.13014649582400E+02  0.00000000000000E+00  0.00000000000000E+00  0.00000000000000E+00  0.00000000000000E+00  0.00000000000000E+00  0.00000000000000E+00  0.30770458104673E+05  0.00000000000000E+00  0.00000000000000E+00  0.00000000000000E+00  0.00000000000000E+00  0.00000000000000E+00  0.00000000000000E+00  0.00000000000000E+00  0.00000000000000E+00  0.00000000000000E+00  0.00000000000000E+00  0.00000000000000E+00  0.00000000000000E+00  0.00000000000000E+00
  -0.85937643484823E+06  0.20046726335542E+06 -0.26323744170671E+05 -0.65330013250449E+05  0.11684161330001E+05 -0.94147277240980E+04 -0.10315875794673E+05 -0.29543705048951E+06  0.67725108477014E+05  0.10643776037497E+05 -0.19089147705307E+04 -0.39171692383293E+04 -0.46268657597498E+03 -0.31197558946593E+00  0.18129803396962E+04 -0.96406783039391E+02  0.27532409392777E+04  0.11900050801103E+04  0.54723015647440E+06  0.00000000000000E+00  0.00000000000000E+00  0.00000000000000E+00  0.89759896267383E+03 -0.67726409015423E+04  0.45626419236041E+05  0.13359962240816E+05  0.00000000000000E+00  0.00000000000000E+00  0.00000000000000E+00  0.00000000000000E+00  0.00000000000000E+00  0.00000000000000E+00  0.00000000000000E+00  0.58335185306529E+06  0.00000000000000E+00  0.00000000000000E+00  0.00000000000000E+00  0.00000000000000E+00  0.00000000000000E+00  0.00000000000000E+00  0.00000000000000E+00  0.00000000000000E+00  0.00000000000000E+00  0.00000000000000E+00  0.00000000000000E+00  0.00000000000000E+00
  -0.11068805242955E+07  0.25233410386541E+06 -0.34100230003459E+05 -0.33594717934276E+06  0.61476124320749E+05 -0.45838691819539E+05 -0.53386125123715E+05 -0.56471500503932E+06  0.12507523806451E+06  0.21609515060888E+05 -0.36948494741407E+04 -0.93109849984933E-10  0.20512956722920E-10 -0.13999416246174E-12  0.40992667919116E+04 -0.39992437421658E+03  0.64858081292610E+04  0.33877682250051E+04  0.26702571706726E+07  0.40784467917322E+05  0.15121969474253E+05  0.64836119312829E+04  0.66106304743910E+03 -0.60346247597210E+04  0.44853902021240E+05  0.10932891807542E+05  0.58480446127446E+03 -0.25944611170322E+04  0.29684246018943E+05  0.83919693124828E+04  0.00000000000000E+00  0.00000000000000E+00  0.00000000000000E+00  0.00000000000000E+00  0.91944366793315E+06  0.00000000000000E+00  0.00000000000000E+00  0.00000000000000E+00  0.00000000000000E+00  0.00000000000000E+00  0.00000000000000E+00  0.00000000000000E+00  0.00000000000000E+00  0.00000000000000E+00  0.00000000000000E+00  0.00000000000000E+00
